{"tonal": {"thpcp": [1, 0.548684477806, 0.13662327826, 0.0832924246788, 0.0865322872996, 0.131859600544, 0.146470785141, 0.107266567647, 0.124556772411, 0.16385564208, 0.123564891517, 0.0869364216924, 0.0923618897796, 0.102838419378, 0.154627144337, 0.187461897731, 0.146727591753, 0.125370442867, 0.128669545054, 0.143639028072, 0.259841114283, 0.309719234705, 0.180663540959, 0.0950986519456, 0.108794786036, 0.157504335046, 0.197675645351, 0.176411375403, 0.146086037159, 0.234446913004, 0.360315322876, 0.297282099724, 0.169826433063, 0.145528376102, 0.223723828793, 0.689863681793], "hpcp": {"dmean2": [0.112827889621, 0.112522259355, 0.122537560761, 0.104072935879, 0.101350754499, 0.11023259908, 0.115751869977, 0.106653742492, 0.0913531854749, 0.0915960669518, 0.103622384369, 0.118182204664, 0.120706170797, 0.125597774982, 0.125308558345, 0.129798293114, 0.149111762643, 0.218562558293, 0.21672667563, 0.155035033822, 0.127342551947, 0.131813898683, 0.16719545424, 0.180402994156, 0.173589810729, 0.155505239964, 0.16930359602, 0.18708191812, 0.21246868372, 0.186730697751, 0.170239463449, 0.240948453546, 0.345497190952, 0.298101454973, 0.294309943914, 0.166411101818], "median": [0.00248351320624, 0.00281234667636, 0.00410545291379, 0.00509360898286, 0.00459604896605, 0.00499855354428, 0.00495726894587, 0.00516346050426, 0.00732536520809, 0.00799601152539, 0.00740049686283, 0.00916702114046, 0.0108775533736, 0.0106154941022, 0.00733118923381, 0.00638595176861, 0.00767469592392, 0.0260967314243, 0.037594422698, 0.0199961364269, 0.00415506120771, 0.00357995880768, 0.00418442953378, 0.00465528387576, 0.00444314070046, 0.00620686169714, 0.0106525551528, 0.010188350454, 0.00756890978664, 0.00487564830109, 0.00345622980967, 0.0116270240396, 0.170888155699, 0.236857160926, 0.0940533876419, 0.00681581767276], "min": [0, 0, 0, 0, 0, 0, 0, 0, 0, 0, 0, 0, 0, 0, 0, 0, 0, 0, 0, 0, 0, 0, 0, 0, 0, 0, 0, 0, 0, 0, 0, 0, 0, 0, 0, 0], "dvar2": [0.0747086405754, 0.0764256715775, 0.0813096836209, 0.0620021559298, 0.0576244145632, 0.0613597631454, 0.0637173652649, 0.058491460979, 0.0504092760384, 0.0473296903074, 0.0562903955579, 0.0614117607474, 0.0662480443716, 0.068845026195, 0.0759261101484, 0.0852262452245, 0.0863851383328, 0.147328153253, 0.128065362573, 0.0863494798541, 0.0820119455457, 0.077763915062, 0.102257952094, 0.118145994842, 0.108634881675, 0.0904499441385, 0.0913087055087, 0.108804143965, 0.130215063691, 0.121680058539, 0.113782912493, 0.138821661472, 0.170136019588, 0.173674240708, 0.139461636543, 0.0999188870192], "dvar": [0.0261883605272, 0.026896474883, 0.0303592141718, 0.0258027799428, 0.0206544119865, 0.022599009797, 0.0279164649546, 0.0221762191504, 0.0181483998895, 0.0176388211548, 0.0203388985246, 0.0242033842951, 0.0274084638804, 0.0253622364253, 0.0276121813804, 0.0304600559175, 0.0305693373084, 0.0510764792562, 0.0476818569005, 0.03022634238, 0.0277394019067, 0.0283313300461, 0.0366720482707, 0.042428445071, 0.0382149741054, 0.0325725488365, 0.0355576910079, 0.0481248423457, 0.0515009053051, 0.0457157529891, 0.0425406135619, 0.050435051322, 0.0647618770599, 0.0725258588791, 0.0510708615184, 0.0353814773262], "dmean": [0.0594276301563, 0.0596652105451, 0.0671990737319, 0.0583942346275, 0.0557560585439, 0.0616764053702, 0.0659422725439, 0.0597724579275, 0.0499344319105, 0.0504871495068, 0.0575309023261, 0.0667714625597, 0.0690300986171, 0.0702927112579, 0.0683544278145, 0.0704553946853, 0.0816724598408, 0.122234612703, 0.123439446092, 0.0873823240399, 0.0672482177615, 0.0709383934736, 0.0904736965895, 0.0977189987898, 0.0935809016228, 0.0848621577024, 0.0965393483639, 0.107915446162, 0.120924159884, 0.102786540985, 0.0911338925362, 0.131976991892, 0.197388425469, 0.168571740389, 0.167368471622, 0.0895187109709], "max": [1, 1, 1, 1, 1, 1, 1, 1, 1, 1, 1, 1, 1, 1, 1, 1, 1, 1, 1, 1, 1, 1, 1, 1, 1, 1, 1, 1, 1, 1, 1, 1, 1, 1, 1, 1], "var": [0.0160811897367, 0.0169271938503, 0.0306832622737, 0.0395538061857, 0.0195744615048, 0.0232393480837, 0.0419447086751, 0.0235397722572, 0.0131440665573, 0.0140067413449, 0.0163215175271, 0.0309240892529, 0.0445968061686, 0.0256222579628, 0.0261926092207, 0.0284729208797, 0.0259121395648, 0.0502642206848, 0.0585489161313, 0.0262751951814, 0.0173849593848, 0.0216114632785, 0.0328435525298, 0.0487184412777, 0.0374447628856, 0.0278708171099, 0.0460273064673, 0.100097693503, 0.0676902905107, 0.0372299328446, 0.0348161719739, 0.0428349524736, 0.109835475683, 0.196993410587, 0.0829206109047, 0.0241523645818], "mean": [0.0374750569463, 0.0389327406883, 0.0593264736235, 0.065900363028, 0.0482615418732, 0.0560407750309, 0.0737221837044, 0.0555945076048, 0.0391145683825, 0.0415556058288, 0.0462692193687, 0.0695700868964, 0.0843431502581, 0.0660159066319, 0.0564068630338, 0.0578912012279, 0.0646262913942, 0.116908110678, 0.139349356294, 0.0812844187021, 0.0427869334817, 0.0489491187036, 0.0708645954728, 0.0889385342598, 0.0793712809682, 0.0657272562385, 0.105482719839, 0.162113621831, 0.133753627539, 0.076408572495, 0.0654763504863, 0.100658170879, 0.31038454175, 0.449921548367, 0.246864974499, 0.0614697597921]}, "tuning_equal_tempered_deviation": 0.0319207683206, "chords_changes_rate": 0.0763872489333, "key_key": "C#", "tuning_diatonic_strength": 0.545390188694, "key_scale": "major", "chords_number_rate": 0.00165289256256, "tuning_frequency": 456.306610107, "tuning_nontempered_energy_ratio": 0.728033483028, "chords_histogram": [5.73789834976, 2.33766222, 32.6446266174, 0.661157011986, 0.0826446264982, 1.16883111, 0.118063755333, 0, 0.271546632051, 0.484061390162, 2.34946870804, 3.22314047813, 4.49822902679, 7.19008255005, 0, 0.0708382502198, 0, 1.92443919182, 1.39315235615, 22.7744979858, 5.06493520737, 1.45218420029, 6.31641101837, 0.236127510667], "key_strength": 0.604440808296, "chords_key": "G#", "chords_strength": {"dmean2": 0.0118779893965, "median": 0.503056168556, "min": 0.229756504297, "dvar2": 0.000125164078781, "dvar": 9.7018048109e-05, "dmean": 0.0113514512777, "max": 0.767256081104, "var": 0.00871535483748, "mean": 0.498071193695}, "chords_scale": "major", "hpcp_entropy": {"dmean2": 1.14619839191, "median": 1.89194178581, "min": 0, "dvar2": 0.83368909359, "dvar": 0.317230075598, "dmean": 0.686185896397, "max": 4.46053552628, "var": 0.646825969219, "mean": 1.94189977646}}, "metadata": {"audio_properties": {"equal_loudness": 0, "codec": "mp3", "downmix": "mix", "sample_rate": 44100, "analysis_sample_rate": 44100, "bit_rate": 160000, "md5_encoded": "88f9e232c5f7479e7e9072fbee3d99e9", "length": 393.299591064, "replay_gain": -5.30006790161, "lossless": false}, "version": {"essentia_build_sha": "2d9f1f26377add8aeb1075a9c2973f962c4f09fd", "essentia": "2.1-beta2", "extractor": "music 1.0", "essentia_git_sha": "v2.1_beta2-1-ge3940c0"}, "tags": {"title": ["Eloy"], "acoustid_fingerprint": ["AQADtCGTJImkQyOf4sqJhH2J_8eDH0dO6MN15MKPHG_QndByHn_w48JFpfCS9IByMD_WH9p543PxE1pWhOhZok-Od1eCB1NPND_4h4iuQ3NUCVO-Jsi1nXiOP7iUBLdE9CmY8BPez3iyK8hGJRpR5Sk0kviyIPLRNH1QO1XwC2eCBykd3F5w_EQ-tAmD_PCh492D7vjx5XA1DSeUg8cLGdmjH7WP-fiFF80TfDySI8-lwCtOfG_wXML2J8ejIUci98WXC9-R__CJR3lwKOaO5g-uB8oePMd3eD6Y7riKK0_wRB-Ow_I6KCZzXDryCE9wouweNHyD68gDLU06hA_2o2zMgL9Azyuu6MeN78KP5laIXIKehUZ-nHng5XjxGXzOwFeQVwmRxHl-3A-eHFdOXAysR8dMZKYN5TTxiiipCnZCCO7hkxPC45LwkbAoJch16Mhf_HgY1JqGi-h1VCLjBMnyC5eOHA1Xo1Zy3Ed0H3z0BIp2BQmPXcI5KqCiHz-aHJeQcVluJH_wsAIV4TyeB98HR8yPXERygSP14tGHH-EtMNFzHPtH6ArOVHih7XgKh3sS9DmOh4djHYeOHF8ovKglBT7x5HjTBOF16MJ1hM-CMBXxCrsh_Qp25tDyIxIXCidDND_6I5xZNJV06FmOHGX4oRl4PviiE4flC7k2JI8_nPXAB18UB0dzolp08HmDXFdwQdGnFCbR7PiOH_4Ra_jZw2WMG8fDE6eOUotSIL3wB3qeB2Xb4DgaMSHK48VO3OoC5j3ysATv44kefCRyJFx49D-eJWtwXcFveFnwDP8Rc5cCSU2eBLmPB3uVB3-DK_iNJpoRHsqzC_kV8LhwYl4l5IGWXwnChQ-Oh2Hg7zjp4cdb5EObcIUYusgDX2jHHM2aBz2Oh0g3KVBODyeY6E9wnkhPgxGjX_jxmugXOOjjFXn2BcnP4NnhndiZB99x5nCoXMGpJDz0fziPG0_y4TB_PEe-D2oz9A--4Ts0shtqWwjzBw-OZw3ScQ5-6Ed-9PhRB3c1HOEJLd_x4KoF-MOFfRp4aLlYKNMRvXjygNWHvIcOXwjNhXiWeMNzPIdX7HyQ50Q3elCUz0eeKsN__Cme9LhuhNmJtlbBH7sOXXoQNpTgP8jFwTmeD550hD-mHH1F_BdeSQITTT2mj8RxhHyOhEc_PB-a5DmqP_iFp3jQHn_QfBmeSEf8DWcxHa7DQWc6Ic3fgJlxSsfxg1meFFM4UsOloD8SIrzRw6Hyoco1_MmNK25w4zm0HleOJmYYPDjuG8k-RMonouKRMIklpgjL5QR_4UIPKn-SYEwXos-QE8mOZj8etGSLJomM88Tf4D6aK0c_5Okhp8fpAD-mwKGYKgiV9GjOCgwl6fhW0DfKP9iSUNsSfNmME4V-9PAzB321Dk-O_3jc4IuGHj_yHY41VDl-6MKOPDsYxctx0iJOfDbxC3ycYFPp40M_aEfD57iMnlqIJovxHDeO_vCFHPV1qNsSPBF_HJjODpVuBXGUd6h_NGOm48cx5laKytrwDIc44Xj2oHnm4seDJzYe1BZy6PgWNEkX_NCTFzdKLqGgKc8Rn8SlhB_-o23hr3AyTYbzyOgBoXmOXnJw5YVFCj8-HTdqByl3HBWHpzyC9wKmjDQS5ojjo9R20NuOH_9APlOEySJ8hCSS2Ufz4EmOJhRR5cqH429w-QgfiMfJHdULNRNxH0d_wWeOhHmMSRkVnOnx6_jxB9NepWgqEg8ShPTQ_HgOX9NxHH-DWhTSQ59wDlXCQr0b_EYu9EEcJpyRRGpjA9fGg-5xcMk3BaOZJvjQHNrxn2gqCY9ONL2Oj_iNHz3hFzd-VCYR58eFQ1GeB7k6OOOO7gTn4RsD5hR2W3gPn8iJhMfRJw3RdEf3HD-uN7iMhqGQ4xcql1DzQ8ePXJjIJ_h2tMd55Ogh5hNhrvgaHP5x3DTuwzquoEd42Brmn_iO9zhlPEf348fpFU_P4BJ9nAmNJpaIPkfyBMd43G0SRDwl4TxyEc8S4_yR50EfNkRT5cKPK_txJVSDZ6HwE35zPMvxY_qDME168IMOP_jx7UTWYwp_Ce-FF_fhkkcfG7jCbYfXK8JxrccjhUZ6Ejo-jGmOnEySYIq3kUie7EGY44qEZy6eJRnSHyeSKvnxHu9kPKsi-KuIHz-a86jxPEf4lYIWPYiAMryCbX8k_IQt1NWHXzjO434Sw_lxDY_EI1m65QipHc-wP3h6IXaiQnuiINJzXDmeNLhGcUgPXSNi8seXxXj141kYCn_g5xLOH2uCp4TD1KnADzkD8Yfi41RyQs-Hujjxw13x4xCPCzl-GD_gF0eP_NCPp8fMB_qH9MuNJxuF58FhXdmRK4PODzk_tMtIvHiN3_g3PBrCXEfyLMeT46qX4EZfNO_x4ciP6x7a7PAD1Yd_5DlwMriS4w_MCBePHz9-vMdR4zORS0kOpS_yHlOWJ_BpfDaa5seH_AGvE_qDlMeVHB_SSya-BN9BUfyRK3kSHI4ZGWd03HuG_IfYLRcAopQBABDAkAXfOOMQIBYKQIUAjgBNECEEEMCJUUCIAoADQgkFpEAOMAWIQIAYBxggFDgMABPKE0ERIsgow4EgBjtpiQJcECcIIoAIKBBihAgElBFMCAMFQgYZQSQyCFgmkDHQCoIIIEwQQ4BBFlAoDFGICMQQIBIAAIhBFDFIhEEAEGIEAgwgpoQAghCDBCAAGOEQoIQ4YJBBhjiAGALCOEcQA44awYQyyBFKgMJMCYbJU4ABRggxRghuiAHIOQQVYsQoYIAASCjAkABqOYKUcMA54BQwAADmDBLGOAEAQAwiQAQAwBhJqTBEIESIo4IoQASVADCFCBMAAYgckgIoowQDRkumCDAYUWEIIAoAgSQlxgAiiBEGICQMIEAAhRBTzAvCBDEGIGMEUtwZRgxTCmFhmCCCKCU4ochYxgiZCAyCEDAMGEGEQE4hJIgxQhqhBHBISSZEQYQoQRgUBglmjBIGOcYAEwIoyRUyAggJnSBAAmEAAQAxpwACQBShgSIEECsAUYoQEBwDDBEmhAOMYKUcZgIAQoAHAgggDDOKGQOIByYroYAzEjCBhAIEEgA2VgowAwAAahADlOJCE0bRAgAIoJhSEHiBECGGAKUAAgIRgYjCBjHDgTIMSCegI4gIg5gAhjSAiAJGIEiIMgARggwSRFNgmEHMACFIA0o4I4VASDgtEFCEECYAEAwYIgB0QgBUEjCISiiEEIrDRAiDBgGkHCAAFYYSUowZ44yTiIhkDIEiE-GEQggyKAg0AiCgBDVMCmOBIkQQRQAgEBiBEAfAEEYcIQxIAoUAFAgiwGLIAAIgMgoYQJQiyjAqgFKCGIQUU4YIhRAwgAiAhBGaGiKIMEgZIwhBwCChjJJKGgGMEAIhowBRgAKFlAPGCGaUU1AIbiSRyptnICHUICMAEc4BwwgQhjBBAIAAIEAgoBQwx5wBAlggjAQCISMVQJoQIS2hyggiEAOIAQgEEQBKohBgSABigDcCACcIAA"], "date": ["1971"], "genre": ["Prog Rock"], "musicbrainz album type": ["Album"], "musicip_puid": ["00bfc19d-8009-63a2-8142-849240b4820d"], "musicbrainz_recordingid": ["1a53140e-07aa-4eed-b9da-0ac295da0abc"], "musicbrainz_albumartistid": ["bc154a90-890b-409e-b850-53ca299ab0d6"], "musicbrainz_albumid": ["b9e223a1-d9fb-474c-b96b-a7b1085730c0"], "artist": ["Eloy"], "tracknumber": ["03"], "bpm": ["113.42"], "album": ["Eloy"], "musicbrainz album release country": ["Germany"], "acoustid_id": ["d984ddb1-e7b8-42e6-9849-18cf2d5ea7f0"], "musicbrainz_artistid": ["bc154a90-890b-409e-b850-53ca299ab0d6"], "file_name": "Eloy - Eloy.mp3"}}, "rhythm": {"bpm_histogram_first_peak_bpm": {"dmean2": 0, "median": 144, "min": 144, "dvar2": 0, "dvar": 0, "dmean": 0, "max": 144, "var": 0, "mean": 144}, "bpm": 144.399978638, "bpm_histogram_second_peak_spread": {"dmean2": 0, "median": 0, "min": 0, "dvar2": 0, "dvar": 0, "dmean": 0, "max": 0, "var": 0, "mean": 0}, "bpm_histogram_first_peak_weight": {"dmean2": 0, "median": 0.391073316336, "min": 0.391073316336, "dvar2": 0, "dvar": 0, "dmean": 0, "max": 0.391073316336, "var": 0, "mean": 0.391073316336}, "onset_rate": 4.82569503784, "beats_position": [0.429569154978, 0.870748281479, 1.30031740665, 1.71827661991, 2.13623571396, 2.56580495834, 2.9837641716, 3.40172338486, 3.8196823597, 4.23764181137, 4.6439909935, 5.0387301445, 5.44507932663, 5.85142850876, 6.25777769089, 6.66412687302, 7.07047605515, 7.47682523727, 7.8831744194, 8.28952407837, 8.70748329163, 9.10222244263, 9.50857162476, 9.91492080688, 10.3096599579, 10.7043991089, 11.0991382599, 11.4938774109, 11.8886165619, 12.294965744, 12.7013149261, 13.1076641083, 13.5140132904, 13.9087524414, 14.3151016235, 14.7214508057, 15.1277999878, 15.5341491699, 15.9404983521, 16.3468475342, 16.7648067474, 17.1827659607, 17.5775051117, 17.9838542938, 18.3785934448, 18.784942627, 19.179681778, 19.5860309601, 19.9807701111, 20.3871192932, 20.7934684753, 21.2230377197, 21.640996933, 22.0473461151, 22.4536952972, 22.8600444794, 23.2663936615, 23.6611328125, 24.0674819946, 24.4738311768, 24.8685703278, 25.2749195099, 25.681268692, 26.076007843, 26.4823570251, 26.8770961761, 27.2834453583, 27.6897945404, 28.0961437225, 28.5024929047, 28.9088420868, 29.3151912689, 29.7215423584, 30.1278915405, 30.5342407227, 30.9521980286, 31.358549118, 31.7648983002, 32.1828575134, 32.6008148193, 33.0071640015, 33.4135131836, 33.8082542419, 34.2262115479, 34.6441726685, 35.0389099121, 35.4452590942, 35.8516082764, 36.269569397, 36.6759185791, 37.093875885, 37.5002250671, 37.8949661255, 38.2897033691, 38.7076644897, 39.1140136719, 39.520362854, 39.9383201599, 40.3562812805, 40.7742385864, 41.1805877686, 41.5985488892, 42.0165061951, 42.4228553772, 42.8175964355, 43.2239456177, 43.6302947998, 44.0482521057, 44.4546012878, 44.8725624084, 45.2905197144, 45.6968688965, 46.1148300171, 46.532787323, 46.9507484436, 47.3687057495, 47.7866668701, 48.204624176, 48.6225852966, 49.0289344788, 49.4352836609, 49.8532409668, 50.2595901489, 50.6659393311, 51.0722885132, 51.4786376953, 51.8965988159, 52.3145561218, 52.7441253662, 53.1853065491, 53.5916557312, 53.9863929749, 54.4043540955, 54.8223114014, 55.240272522, 55.6582298279, 56.0761909485, 56.4941482544, 56.912109375, 57.3300666809, 57.7480278015, 58.1659851074, 58.583946228, 59.0019035339, 59.4198646545, 59.8262138367, 60.2325630188, 60.6505203247, 61.0684814453, 61.4748306274, 61.8811798096, 62.2991371155, 62.7170982361, 63.135055542, 63.5530128479, 63.95936203, 64.3657150269, 64.7836685181, 65.2016296387, 65.6195907593, 66.0375518799, 66.4555053711, 66.8734664917, 67.2798156738, 67.686164856, 68.1041259766, 68.5220870972, 68.9400405884, 69.358001709, 69.7759628296, 70.1939239502, 70.6002731323, 71.0066223145, 71.4129714966, 71.8193206787, 72.2372741699, 72.6552352905, 73.0731964111, 73.4911575317, 73.9091110229, 74.3270721436, 74.7334213257, 75.1397705078, 75.5577316284, 75.975692749, 76.3936462402, 76.8116073608, 77.2295684814, 77.6475296021, 78.0654830933, 78.4834442139, 78.9014053345, 79.3193664551, 79.7257156372, 80.1436691284, 80.5500183105, 80.9679794312, 81.3743286133, 81.7806777954, 82.2102508545, 82.6398162842, 83.0461654663, 83.4525146484, 83.870475769, 84.2768249512, 84.6947860718, 85.1011352539, 85.5190887451, 85.9254379272, 86.3317871094, 86.74974823, 87.1677093506, 87.5856704712, 87.9920196533, 88.3983688354, 88.8163223267, 89.2226715088, 89.6290206909, 90.0469818115, 90.4649429321, 90.8829040527, 91.3124694824, 91.7188186646, 92.1367797852, 92.5315170288, 92.9378662109, 93.3442153931, 93.7621765137, 94.1685256958, 94.5864868164, 95.0044403076, 95.4224014282, 95.8287506104, 96.246711731, 96.6646728516, 97.0826263428, 97.5005874634, 97.918548584, 98.3365097046, 98.7544631958, 99.1724243164, 99.5787734985, 99.9851226807, 100.403083801, 100.809432983, 101.215782166, 101.633743286, 102.040092468, 102.44644165, 102.864395142, 103.282356262, 103.700317383, 104.095054626, 104.513015747, 104.919364929, 105.325714111, 105.743675232, 106.161628723, 106.591201782, 107.020767212, 107.46194458, 107.891517639, 108.332695007, 108.773872375, 109.215057373, 109.644622803, 110.062583923, 110.480545044, 110.910110474, 111.36289978, 111.804077148, 112.222038269, 112.628387451, 113.034736633, 113.464309692, 113.870658875, 114.288612366, 114.706573486, 115.124534607, 115.542495728, 115.960449219, 116.413238525, 116.842811584, 117.283988953, 117.748390198, 118.189567566, 118.607528687, 119.025482178, 119.443443298, 119.838180542, 120.232925415, 120.627662659, 121.045623779, 121.451972961, 121.858322144, 122.264671326, 122.682624817, 123.112197876, 123.530158997, 123.971336365, 124.389297485, 124.807250977, 125.225212097, 125.643173218, 126.061134338, 126.467483521, 126.862220764, 127.268569946, 127.698135376, 128.243804932, 128.76625061, 129.288711548, 129.799545288, 130.28717041, 130.809616089, 131.320449829, 131.81968689, 132.33052063, 132.84135437, 133.387023926, 133.839813232, 134.292602539, 134.745391846, 135.186569214, 135.55809021, 135.883178711, 136.196640015, 136.510116577, 136.835189819, 137.148666382, 137.485351563, 137.810424805, 138.158721924, 138.495422363, 138.855331421, 139.20362854, 139.551925659, 139.865386963, 140.190475464, 140.515548706, 140.852249146, 141.165710449, 141.50239563, 141.839096069, 142.17578125, 142.524078369, 142.849151611, 143.185852051, 143.545761108, 143.894058228, 144.242355347, 144.579040527, 144.89251709, 145.217590332, 145.647155762, 146.07673645, 146.529525757, 146.970703125, 147.469924927, 147.957550049, 148.433563232, 148.897949219, 149.350738525, 149.803527832, 150.279541016, 150.743942261, 151.219955444, 151.812057495, 152.380950928, 152.94984436, 153.530334473, 154.110839844, 154.691329956, 155.260223389, 155.852325439, 156.3515625, 156.827575684, 157.315185547, 157.744766235, 158.174331665, 158.603897095, 159.010253906, 159.428207397, 159.846160889, 160.287338257, 160.705307007, 161.134872437, 161.552825928, 161.994003296, 162.411972046, 162.841537476, 163.282714844, 163.73550415, 164.1534729, 164.58303833, 165.035827637, 165.465393066, 165.883346558, 166.301315308, 166.730880737, 167.160446167, 167.578414917, 167.996368408, 168.425933838, 168.855514526, 169.285079956, 169.761077881, 170.202270508, 170.666656494, 171.131057739, 171.607070923, 172.106307983, 172.55909729, 173.011871338, 173.453063965, 173.894241333, 174.323806763, 174.741760254, 175.171340942, 175.589294434, 176.007247925, 176.425216675, 176.843170166, 177.272735596, 177.690704346, 178.143493652, 178.561447144, 178.991012573, 179.408981323, 179.826934814, 180.256500244, 180.674468994, 181.080810547, 181.487167358, 181.90512085, 182.323074341, 182.741043091, 183.182220459, 183.60017395, 184.041351318, 184.470932007, 184.888885498, 185.318450928, 185.771240234, 186.224029541, 186.676818848, 187.106384277, 187.524353027, 187.93069458, 188.34866333, 188.801452637, 189.231018066, 189.648971558, 190.078552246, 190.531341553, 190.984130859, 191.436920166, 191.878097534, 192.307662964, 192.737228394, 193.178405762, 193.61958313, 194.03755188, 194.478729248, 194.908294678, 195.326248169, 195.744216919, 196.16217041, 196.556915283, 196.963256836, 197.369613647, 197.787567139, 198.19392395, 198.62348938, 199.018234253, 199.424575806, 199.819320679, 200.248886108, 200.643630981, 201.049972534, 201.444717407, 201.839447021, 202.234191895, 202.640533447, 203.03527832, 203.430023193, 203.847976685, 204.277542114, 204.695510864, 205.113464355, 205.531417847, 205.937774658, 206.355728149, 206.762084961, 207.168426514, 207.586395264, 208.004348755, 208.399093628, 208.805435181, 209.211791992, 209.606521606, 210.012878418, 210.419219971, 210.825576782, 211.231918335, 211.626663208, 212.021408081, 212.416137695, 212.822494507, 213.22883606, 213.64680481, 214.064758301, 214.471099854, 214.889068604, 215.295410156, 215.690155029, 216.108108521, 216.526077271, 216.932418823, 217.338775635, 217.756729126, 218.174682617, 218.581039429, 218.987380981, 219.405349731, 219.823303223, 220.218048096, 220.624389648, 221.053970337, 221.471923828, 221.878265381, 222.284622192, 222.679367065, 223.085708618, 223.480453491, 223.886795044, 224.281539917, 224.699493408, 225.094238281, 225.512191772, 225.906936646, 226.313278198, 226.71963501, 227.125976563, 227.543945313, 227.950286865, 228.368255615, 228.809432983, 229.227386475, 229.656951904, 230.063308716, 230.469650269, 230.87600708, 231.282348633, 231.677093506, 232.083435059, 232.48979187, 232.896133423, 233.290878296, 233.697235107, 234.126800537, 234.544754028, 234.962722778, 235.38067627, 235.798629761, 236.216598511, 236.634552002, 237.064117432, 237.470474243, 237.888427734, 238.283172607, 238.68951416, 239.095870972, 239.502212524, 239.908569336, 240.314910889, 240.732879639, 241.15083313, 241.557189941, 241.963531494, 242.369888306, 242.787841797, 243.19418335, 243.600540161, 244.006881714, 244.413238525, 244.807983398, 245.214324951, 245.620681763, 246.027023315, 246.421768188, 246.828109741, 247.246078491, 247.652420044, 248.058776855, 248.465118408, 248.87147522, 249.289428711, 249.707382202, 250.125350952, 250.543304443, 250.961257935, 251.367614746, 251.773956299, 252.191925049, 252.60987854, 253.004623413, 253.410964966, 253.828933716, 254.258499146, 254.676452637, 255.106033325, 255.523986816, 255.941940308, 256.348297119, 256.766265869, 257.172607422, 257.590576172, 257.996917725, 258.403259277, 258.80960083, 259.204345703, 259.599090576, 260.005432129, 260.423400879, 260.829742432, 261.247711182, 261.665649414, 262.083618164, 262.501586914, 262.919555664, 263.325897217, 263.73223877, 264.15020752, 264.556549072, 264.962890625, 265.380859375, 265.787200928, 266.19354248, 266.599914551, 267.006256104, 267.401000977, 267.818939209, 268.248535156, 268.678100586, 269.096038818, 269.514007568, 269.931976318, 270.349914551, 270.767883301, 271.174224854, 271.592193604, 272.021759033, 272.439727783, 272.857696533, 273.264038086, 273.693603516, 274.111572266, 274.529510498, 274.959075928, 275.388671875, 275.806610107, 276.224578857, 276.654144287, 277.083709717, 277.513275146, 277.931243896, 278.349212646, 278.767150879, 279.196716309, 279.614685059, 280.032653809, 280.450592041, 280.880187988, 281.309753418, 281.739318848, 282.168884277, 282.586853027, 283.00479126, 283.42276001, 283.84072876, 284.258666992, 284.676635742, 285.094604492, 285.512542725, 285.918914795, 286.336853027, 286.754821777, 287.172790527, 287.602355957, 288.020324707, 288.449890137, 288.879455566, 289.309020996, 289.738586426, 290.168151855, 290.597717285, 291.015686035, 291.433654785, 291.851593018, 292.269561768, 292.687530518, 293.09387207, 293.500213623, 293.918182373, 294.347747803, 294.754089355, 295.183654785, 295.613250732, 296.042816162, 296.472381592, 296.901947021, 297.331512451, 297.749481201, 298.167419434, 298.585388184, 299.003356934, 299.421295166, 299.839263916, 300.257232666, 300.675201416, 301.093139648, 301.511108398, 301.929077148, 302.358642578, 302.788208008, 303.206176758, 303.635742188, 304.065307617, 304.494873047, 304.912841797, 305.31918335, 305.7371521, 306.155090332, 306.561431885, 306.967803955, 307.385742188, 307.826934814, 308.256500244, 308.686065674, 309.104034424, 309.522003174, 309.939941406, 310.369506836, 310.799072266, 311.217041016, 311.635009766, 312.052978516, 312.470916748, 312.888885498, 313.306854248, 313.72479248, 314.119537354, 314.537506104, 314.967071533, 315.396636963, 315.826202393, 316.255767822, 316.673736572, 317.091705322, 317.509643555, 317.927612305, 318.345581055, 318.763519287, 319.181488037, 319.611053467, 320.029022217, 320.458587646, 320.899780273, 321.317718506, 321.735687256, 322.165252686, 322.594818115, 323.036010742, 323.453948975, 323.871917725, 324.301483154, 324.731048584, 325.149017334, 325.578582764, 325.996551514, 326.402893066, 326.820861816, 327.250427246, 327.691589355, 328.121185303, 328.550750732, 328.980316162, 329.398284912, 329.816223145, 330.234191895, 330.663757324, 331.093322754, 331.511291504, 331.929260254, 332.347198486, 332.765167236, 333.183135986, 333.601074219, 334.019042969, 334.460235596, 334.901397705, 335.330963135, 335.760528564, 336.178497314, 336.596466064, 337.014404297, 337.432373047, 337.850341797, 338.268280029, 338.663024902, 339.080993652, 339.498962402, 339.905303955, 340.323272705, 340.741210938, 341.159179688, 341.56552124, 341.971862793, 342.389831543, 342.807800293, 343.225738525, 343.632110596, 344.050048828, 344.468017578, 344.874359131, 345.280731201, 345.698669434, 346.105041504, 346.511383057, 346.929321289, 347.347290039, 347.765258789, 348.171600342, 348.589569092, 348.995910645, 349.413879395, 349.831817627, 350.249786377, 350.64453125, 351.0625, 351.480438232, 351.898406982, 352.304748535, 352.711090088, 353.129058838, 353.547027588, 353.964996338, 354.38293457, 354.80090332, 355.21887207, 355.636810303, 356.054779053, 356.449523926, 356.867462158, 357.273834229, 357.691772461, 358.098144531, 358.516082764, 358.934051514, 359.352020264, 359.769958496, 360.187927246, 360.582672119, 361.000640869, 361.418579102, 361.836547852, 362.231292725, 362.637634277, 363.04397583, 363.46194458, 363.868286133, 364.274627686, 364.692596436, 365.110565186, 365.516906738, 365.923248291, 366.329620361, 366.735961914, 367.153930664, 367.571868896, 367.96661377, 368.372955322, 368.767700195, 369.174041748, 369.568786621, 369.975128174, 370.369873047, 370.799438477, 371.217407227, 371.6121521, 372.018493652, 372.424835205, 372.819580078, 373.225921631, 373.632293701, 374.027008057, 374.42175293, 374.828125, 375.234466553, 375.652404785, 376.070373535, 376.476715088, 376.883087158, 377.301025391, 377.695770264, 378.102111816, 378.508483887, 378.938049316, 379.344390869, 379.739135742, 380.145477295, 380.551818848, 380.969787598, 381.364532471, 381.770874023, 382.177215576, 382.583587646, 382.989929199, 383.407897949, 383.825836182, 384.220581055, 384.615325928, 384.963623047, 385.323516846, 385.695037842, 386.054962158, 386.461303711, 386.867645264, 387.274017334, 387.680358887, 388.133148193, 388.5859375, 389.027099609, 389.468292236, 389.909484863, 390.36227417, 390.815063477, 391.267852783, 391.72064209, 392.173431396, 392.626220703], "beats_loudness": {"dmean2": 0.0318676568568, "median": 0.0415399670601, "min": 1.696869667e-08, "dvar2": 0.00080343184527, "dvar": 0.0002857723739, "dmean": 0.0183908659965, "max": 0.141923770308, "var": 0.000709745276254, "mean": 0.0398624911904}, "danceability": 1.07814586163, "bpm_histogram_second_peak_weight": {"dmean2": 0, "median": 0.0818278416991, "min": 0.0818278416991, "dvar2": 0, "dvar": 0, "dmean": 0, "max": 0.0818278416991, "var": 0, "mean": 0.0818278416991}, "beats_count": 942, "bpm_histogram_second_peak_bpm": {"dmean2": 0, "median": 152, "min": 152, "dvar2": 0, "dvar": 0, "dmean": 0, "max": 152, "var": 0, "mean": 152}, "bpm_histogram_first_peak_spread": {"dmean2": 0, "median": 0.497953623533, "min": 0.497953623533, "dvar2": 0, "dvar": 0, "dmean": 0, "max": 0.497953623533, "var": 0, "mean": 0.497953623533}, "beats_loudness_band_ratio": {"dmean2": [0.333570986986, 0.378740489483, 0.103977039456, 0.0401452891529, 0.0551978461444, 0.148840904236], "median": [0.61803227663, 0.254303097725, 0.0384594090283, 0.0103045385331, 0.0202837884426, 0.021060205996], "min": [0.000671474379487, 0.00120912457351, 0.000300154235447, 2.78896986856e-05, 8.56780934555e-06, 2.91122687486e-05], "dvar2": [0.0778038799763, 0.101381093264, 0.0172649268061, 0.00506003946066, 0.00518546206877, 0.100282438099], "dvar": [0.0302470251918, 0.0399204343557, 0.00631990423426, 0.0016897454625, 0.001807472785, 0.0353602468967], "dmean": [0.199033498764, 0.22054181993, 0.0585713386536, 0.0227566249669, 0.0309527292848, 0.0789287909865], "max": [0.995954632759, 0.992374539375, 0.754979014397, 0.445591807365, 0.35848864913, 0.985629141331], "var": [0.0639089792967, 0.0640361011028, 0.0102723427117, 0.0014292425476, 0.00202325847931, 0.0207178164274], "mean": [0.583651185036, 0.324396371841, 0.0716446563601, 0.0224069878459, 0.0357340984046, 0.056618604809]}}, "lowlevel": {"barkbands_spread": {"dmean2": 9.69535160065, "median": 10.3566408157, "min": 0.0279176533222, "dvar2": 215.615432739, "dvar": 88.8427810669, "dmean": 6.01474475861, "max": 116.501991272, "var": 201.531234741, "mean": 14.0400724411}, "melbands_spread": {"dmean2": 9.83414936066, "median": 6.98452806473, "min": 0.161795198917, "dvar2": 569.659484863, "dvar": 254.128799438, "dmean": 6.12731266022, "max": 301.773620605, "var": 563.897583008, "mean": 12.4337568283}, "hfc": {"dmean2": 5.79048252106, "median": 12.5437688828, "min": 1.24059780647e-16, "dvar2": 70.0625762939, "dvar": 30.8645248413, "dmean": 3.93614387512, "max": 100.133468628, "var": 131.45690918, "mean": 13.7405796051}, "barkbands_kurtosis": {"dmean2": 32.3874359131, "median": 10.953701973, "min": -1.95651519299, "dvar2": 23702.8339844, "dvar": 10891.3300781, "dmean": 20.3736057281, "max": 5361.25439453, "var": 14777.8955078, "mean": 28.3362369537}, "gfcc": {"mean": [-61.7010650635, 100.521888733, -78.8924026489, 51.0443305969, -49.653377533, -3.05878734589, -43.9256362915, -1.38791823387, -30.0306034088, 6.80605220795, -25.9097957611, -4.01278829575, -12.2731981277], "icov": [[0.000143254350405, -0.000212201077375, 0.000258023501374, -0.000134737638291, 5.3590596508e-05, -0.000448719831184, 0.000209417077713, -0.000257117528236, 0.000313049647957, -0.000291429430945, 0.000693112437148, -0.000270920980256, 0.000276791950455], [-0.000212201077375, 0.0030980783049, -0.000231848942349, 0.00185797142331, -0.00183484505396, 0.00221896101721, -0.00269968458451, 0.00188175786752, -0.00224229088053, 0.00171262980439, -0.00308909756131, 0.00280839088373, -0.0030530905351], [0.000258023501374, -0.000231848942349, 0.00148690992501, -0.000595536257606, 0.000232418562518, -0.000950730289333, -5.77908213018e-05, -0.000138227158459, 0.000304315617541, -0.000470886559924, 0.000983436708339, -0.000981998280622, 0.000510008423589], [-0.000134737638291, 0.00185797142331, -0.000595536257606, 0.00458001112565, -0.000523268245161, 9.18872174225e-05, -0.00163257855456, 0.00175865914207, -0.00157572503667, 0.000415957125369, -0.00305494642816, 0.00279804551974, -0.00363530102186], [5.3590596508e-05, -0.00183484505396, 0.000232418562518, -0.000523268245161, 0.00387747050263, -0.00134371733293, 0.000813284423202, -0.00136809691321, -0.00031174288597, -0.000271570723271, 0.00310174888, -0.00170891056769, 0.00149094394874], [-0.000448719831184, 0.00221896101721, -0.000950730289333, 9.18872174225e-05, -0.00134371733293, 0.00727321533486, -0.0031484386418, -0.00199546245858, -0.000221862763283, 0.0023882209789, -0.00200250954367, 0.00244440999813, -0.00253667565994], [0.000209417077713, -0.00269968458451, -5.77908213018e-05, -0.00163257855456, 0.000813284423202, -0.0031484386418, 0.00723302690312, -0.00175045384094, 0.00212335097603, -0.00107336498331, 8.75173282111e-05, -0.000980005599558, 0.00253516784869], [-0.000257117528236, 0.00188175786752, -0.000138227158459, 0.00175865914207, -0.00136809691321, -0.00199546245858, -0.00175045384094, 0.012725266628, -0.00619285926223, 0.000558809028007, -0.0003454881371, -0.00277190702036, 0.00104121339973], [0.000313049647957, -0.00224229088053, 0.000304315617541, -0.00157572503667, -0.00031174288597, -0.000221862763283, 0.00212335097603, -0.00619285926223, 0.0134060857818, -0.00458110589534, 0.000361817219527, 0.00323125277646, -0.00191538594663], [-0.000291429430945, 0.00171262980439, -0.000470886559924, 0.000415957125369, -0.000271570723271, 0.0023882209789, -0.00107336498331, 0.000558809028007, -0.00458110589534, 0.0119352620095, -0.00436155218631, -0.00247652432881, 0.00214957888238], [0.000693112437148, -0.00308909756131, 0.000983436708339, -0.00305494642816, 0.00310174888, -0.00200250954367, 8.75173282111e-05, -0.0003454881371, 0.000361817219527, -0.00436155218631, 0.0160453189164, -0.00642381748185, 0.00377619033679], [-0.000270920980256, 0.00280839088373, -0.000981998280622, 0.00279804551974, -0.00170891056769, 0.00244440999813, -0.000980005599558, -0.00277190702036, 0.00323125277646, -0.00247652432881, -0.00642381748185, 0.0204531215131, -0.00567856105044], [0.000276791950455, -0.0030530905351, 0.000510008423589, -0.00363530102186, 0.00149094394874, -0.00253667565994, 0.00253516784869, 0.00104121339973, -0.00191538594663, 0.00214957888238, 0.00377619033679, -0.00567856105044, 0.0196941737086]], "cov": [[19784.3828125, -207.993759155, -2627.92993164, -718.932312012, 1085.40087891, 930.046325684, -312.507141113, 608.60925293, -206.079193115, -198.481506348, -975.399108887, -29.3765258789, -149.106216431], [-207.993759155, 1642.72851563, -269.607849121, -231.5131073, 438.097442627, -244.001480103, 253.267822266, -120.79032135, 177.430999756, -114.093444824, 61.840171814, -140.386260986, 108.397659302], [-2627.92993164, -269.607849121, 1253.40917969, 268.681945801, -204.251235962, 88.5020599365, 113.032371521, -22.934129715, -8.04425525665, 50.3792304993, 115.475067139, 46.9677810669, 10.9192810059], [-718.932312012, -231.5131073, 268.681945801, 438.12121582, -133.562942505, 83.2637252808, 62.2400093079, -28.7630081177, 12.5313358307, 23.1642112732, 81.1365280151, -8.50814628601, 43.1524658203], [1085.40087891, 438.097442627, -204.251235962, -133.562942505, 547.585205078, 56.7129936218, 43.1028251648, 71.8508911133, 69.4692764282, -60.8243331909, -108.309768677, -35.0449714661, 13.8573122025], [930.046325684, -244.001480103, 88.5020599365, 83.2637252808, 56.7129936218, 346.708190918, 74.1546020508, 105.227531433, -21.9436759949, -33.859375, -49.7923622131, 3.39346766472, -0.478117793798], [-312.507141113, 253.267822266, 113.032371521, 62.2400093079, 43.1028251648, 74.1546020508, 272.908935547, 8.88553142548, 18.2578029633, -9.9485578537, 54.396320343, -17.0990066528, 10.4056472778], [608.60925293, -120.79032135, -22.934129715, -28.7630081177, 71.8508911133, 105.227531433, 8.88553142548, 161.111190796, 37.3465690613, 16.4286251068, -33.5345420837, 23.5975608826, -18.4689655304], [-206.079193115, 177.430999756, -8.04425525665, 12.5313358307, 69.4692764282, -21.9436759949, 18.2578029633, 37.3465690613, 144.036575317, 29.6872119904, 21.8345584869, -21.3168525696, 20.9488735199], [-198.481506348, -114.093444824, 50.3792304993, 23.1642112732, -60.8243331909, -33.859375, -9.9485578537, 16.4286251068, 29.6872119904, 143.218429565, 54.2016601563, 36.0050888062, -24.0268535614], [-975.399108887, 61.840171814, 115.475067139, 81.1365280151, -108.309768677, -49.7923622131, 54.396320343, -33.5345420837, 21.8345584869, 54.2016601563, 160.878112793, 22.6749515533, 3.73733949661], [-29.3765258789, -140.386260986, 46.9677810669, -8.50814628601, -35.0449714661, 3.39346766472, -17.0990066528, 23.5975608826, -21.3168525696, 36.0050888062, 22.6749515533, 83.3090744019, -6.42334461212], [-149.106216431, 108.397659302, 10.9192810059, 43.1524658203, 13.8573122025, -0.478117793798, 10.4056472778, -18.4689655304, 20.9488735199, -24.0268535614, 3.73733949661, -6.42334461212, 77.9765548706]]}, "spectral_energyband_middle_low": {"dmean2": 0.0120835509151, "median": 0.0139557998627, "min": 2.41336077895e-22, "dvar2": 0.000315871700877, "dvar": 0.000120761513244, "dmean": 0.00746727362275, "max": 0.156417056918, "var": 0.000318867212627, "mean": 0.018213422969}, "melbands_crest": {"dmean2": 5.8358874321, "median": 18.3278961182, "min": 2.13279891014, "dvar2": 26.8389568329, "dvar": 10.6399030685, "dmean": 3.58947277069, "max": 34.5776290894, "var": 32.5136833191, "mean": 18.9602622986}, "spectral_kurtosis": {"dmean2": 3.91804599762, "median": 4.04346036911, "min": -1.17726767063, "dvar2": 43.9783439636, "dvar": 17.5560588837, "dmean": 2.39255332947, "max": 76.3961257935, "var": 42.2131767273, "mean": 5.41426992416}, "spectral_rms": {"dmean2": 0.0014396494953, "median": 0.0057416036725, "min": 3.27528737638e-12, "dvar2": 2.53428061114e-06, "dvar": 1.04547234514e-06, "dmean": 0.000933113100473, "max": 0.0142456339672, "var": 7.53615404392e-06, "mean": 0.00526327406988}, "zerocrossingrate": {"dmean2": 0.0115673094988, "median": 0.03125, "min": 0.0029296875, "dvar2": 0.000281662854832, "dvar": 0.000237523650867, "dmean": 0.00970851723105, "max": 0.5048828125, "var": 0.0019155376358, "mean": 0.0409294068813}, "silence_rate_60dB": {"dmean2": 0.0710869729519, "median": 0, "min": 0, "dvar2": 0.0788819491863, "dvar": 0.0342861674726, "dmean": 0.0355413854122, "max": 1, "var": 0.131780609488, "mean": 0.156148537993}, "erbbands_kurtosis": {"dmean2": 7.37694263458, "median": -0.41201800108, "min": -1.94424211979, "dvar2": 541.991394043, "dvar": 233.50932312, "dmean": 4.65240192413, "max": 322.297973633, "var": 326.349517822, "mean": 4.33920669556}, "erbbands": {"dmean2": [0.0543324053288, 1.26991569996, 7.15082788467, 13.3747901917, 26.3185520172, 20.5220661163, 10.8159742355, 10.8089094162, 18.9350738525, 11.0547876358, 11.3734531403, 12.175491333, 12.0321969986, 7.81560611725, 4.44629049301, 5.79109954834, 6.86708402634, 11.4723520279, 12.8867349625, 11.6565151215, 14.4915571213, 14.7715330124, 9.54683017731, 5.0020442009, 4.81131410599, 4.99164390564, 7.11549901962, 6.27179574966, 2.65088605881, 1.28297531605, 1.74672317505, 0.630907297134, 1.25593233109, 0.450417906046, 0.213763669133, 0.172731563449, 0.0906362608075, 0.0138620110229, 0.000297723221593, 2.39913060796e-05], "median": [0.0173455830663, 0.793851256371, 6.295566082, 5.62510728836, 14.4313306808, 14.7067394257, 7.25126600266, 7.03715324402, 8.28488922119, 4.2280831337, 2.68479061127, 3.15708756447, 2.43226480484, 1.73876428604, 1.19846260548, 1.78921198845, 2.55599188805, 4.55586147308, 4.76920986176, 4.58988571167, 7.9771399498, 7.32645940781, 3.52235460281, 2.70919036865, 2.84672021866, 2.93166399002, 3.1550283432, 2.33175802231, 0.987772643566, 0.439779400826, 0.342649757862, 0.217919453979, 0.193967372179, 0.136653274298, 0.0791318640113, 0.0396184846759, 0.0114470049739, 0.000955667463131, 4.32788583566e-05, 4.36680602434e-05], "min": [9.14888313697e-23, 7.72708063108e-22, 2.69774273714e-21, 2.66276596232e-20, 6.27081227979e-20, 1.99543958642e-19, 1.39860318356e-19, 1.76802992919e-19, 5.22777992037e-19, 7.43939049368e-19, 1.40738701448e-18, 1.48040534908e-18, 1.04193861986e-18, 1.9807760006e-18, 2.57263675698e-18, 2.09068927886e-18, 4.28300679495e-18, 1.12239227419e-17, 5.12493314269e-18, 4.0139245281e-18, 8.64218617097e-18, 1.08468838925e-17, 1.45468942053e-17, 1.32239619178e-17, 1.5093329718e-17, 2.07709816372e-17, 2.36486073307e-17, 1.42805701722e-17, 2.05072781123e-17, 1.31234652636e-17, 1.8594437835e-17, 1.89829132836e-17, 1.61822368938e-17, 1.18201942321e-17, 1.12346620278e-17, 5.6736318215e-18, 3.2116666606e-18, 1.70054602743e-18, 3.48098513922e-19, 3.63316659714e-20], "dvar2": [0.0154694858938, 4.88706922531, 132.156555176, 572.228942871, 2081.11743164, 993.65057373, 343.919036865, 280.866790771, 2810.48266602, 665.583740234, 1920.59960938, 2205.95874023, 1737.50695801, 735.038269043, 138.695922852, 246.180603027, 351.164825439, 669.96887207, 795.238952637, 1136.83459473, 913.026367188, 1278.55175781, 770.189453125, 182.949874878, 204.564086914, 150.190887451, 176.935256958, 132.979171753, 27.6921615601, 9.4981098175, 107.067222595, 4.57022237778, 76.7838897705, 4.27275753021, 0.356654703617, 0.194668963552, 0.0527217313647, 0.00127516163047, 6.14755151673e-07, 1.00190833408e-09], "dvar": [0.00610581412911, 1.80471730232, 56.6287727356, 236.525482178, 776.05279541, 398.74331665, 150.095947266, 112.809059143, 1127.80761719, 267.546234131, 875.768249512, 951.155822754, 819.34765625, 292.370330811, 71.1906738281, 116.916465759, 164.964569092, 283.629974365, 334.349761963, 506.59588623, 384.112792969, 558.913513184, 331.22366333, 76.6099243164, 90.0722732544, 65.7162628174, 74.6015472412, 55.0406074524, 12.3919858932, 4.16894674301, 42.1156387329, 2.0169532299, 30.0993785858, 1.72721683979, 0.161009073257, 0.0879654586315, 0.025436822325, 0.000626081135124, 2.89710101242e-07, 4.63497240588e-10], "dmean": [0.032598555088, 0.761766731739, 4.57732725143, 8.18091869354, 15.8358812332, 12.918296814, 6.87621450424, 6.69332313538, 12.1902856827, 6.81965684891, 7.24562215805, 7.84738111496, 8.017619133, 4.88533735275, 2.9320294857, 3.77467393875, 4.42320537567, 7.34528541565, 8.17409992218, 7.51647949219, 9.23029327393, 9.58898830414, 6.12994003296, 3.17793607712, 3.05367302895, 3.12100625038, 4.46965456009, 3.89252901077, 1.68932116032, 0.83522605896, 1.10882520676, 0.418638467789, 0.800381779671, 0.298024922609, 0.149341210723, 0.121016606688, 0.0639268383384, 0.00976107735187, 0.000206328782951, 