{"tonal": {"thpcp": [1, 0.72410607338, 0.554919540882, 0.547272861004, 0.469024330378, 0.371942579746, 0.427696675062, 0.51626932621, 0.472186297178, 0.414399713278, 0.419576376677, 0.405256003141, 0.408985197544, 0.429547578096, 0.424003958702, 0.448690056801, 0.458036541939, 0.396968722343, 0.350088894367, 0.348442643881, 0.4764790833, 0.63021504879, 0.575919687748, 0.403010576963, 0.283789634705, 0.229579538107, 0.203840389848, 0.250924617052, 0.299087941647, 0.261398285627, 0.256078869104, 0.281061351299, 0.279888540506, 0.289336770773, 0.420592039824, 0.831775903702], "hpcp": {"dmean2": [0.240873128176, 0.291053593159, 0.267880350351, 0.264381468296, 0.28141567111, 0.290992617607, 0.281035453081, 0.303393125534, 0.296837508678, 0.27676102519, 0.265881359577, 0.234544053674, 0.215242356062, 0.224555939436, 0.249771311879, 0.259114146233, 0.283630222082, 0.246009945869, 0.19508638978, 0.172869175673, 0.155480891466, 0.182929709554, 0.220478892326, 0.181134462357, 0.163095384836, 0.174662083387, 0.176189631224, 0.189923480153, 0.254584640265, 0.315044552088, 0.332290232182, 0.353987216949, 0.299918800592, 0.268294602633, 0.267053633928, 0.23308776319], "median": [0.0544193834066, 0.0555058158934, 0.0495672859251, 0.043640255928, 0.0482668839395, 0.0486933961511, 0.0547406636178, 0.0585172884166, 0.0594979636371, 0.0690327435732, 0.0687495991588, 0.0545359626412, 0.0430584400892, 0.0462084040046, 0.0672038570046, 0.0961551815271, 0.102050542831, 0.0621328875422, 0.0338118858635, 0.0239189881831, 0.0194552596658, 0.0267248004675, 0.0297791864723, 0.0307187344879, 0.0267426129431, 0.0292340628803, 0.0313049629331, 0.0380342528224, 0.0712129101157, 0.113293297589, 0.165179699659, 0.160676464438, 0.104520872235, 0.0735380724072, 0.06108276546, 0.0498893149197], "min": [0, 0, 0, 0, 0, 0, 0, 0, 0, 0, 0, 0, 0, 0, 0, 0, 0, 0, 0, 0, 0, 0, 0, 0, 0, 0, 0, 0, 0, 0, 0, 0, 0, 0, 0, 0], "dvar2": [0.104949168861, 0.151957497001, 0.126376226544, 0.131346642971, 0.138409763575, 0.150338277221, 0.144161820412, 0.157350465655, 0.156155839562, 0.132456973195, 0.125803217292, 0.10543025285, 0.0999972745776, 0.108028054237, 0.112541668117, 0.113804474473, 0.120333254337, 0.112019114196, 0.0986606031656, 0.0930347442627, 0.0797480493784, 0.0836949720979, 0.114324219525, 0.077362947166, 0.0765196457505, 0.0843376368284, 0.0787988454103, 0.0819593295455, 0.102849267423, 0.123718596995, 0.135041490197, 0.144092217088, 0.125821217895, 0.119778744876, 0.118111290038, 0.106141008437], "dvar": [0.0404540710151, 0.0590051524341, 0.0526740290225, 0.0501964688301, 0.0518421009183, 0.0557576604187, 0.0533358417451, 0.0567134842277, 0.0579949133098, 0.0504681617022, 0.0470889732242, 0.0387999154627, 0.0368547327816, 0.039339736104, 0.0414072349668, 0.0468990169466, 0.0466320253909, 0.04157852754, 0.0366365015507, 0.0340737961233, 0.0288701802492, 0.0306087434292, 0.0419010967016, 0.0278217028826, 0.0285665132105, 0.031451150775, 0.0295327603817, 0.0310853794217, 0.0388332381845, 0.0558244399726, 0.0626903623343, 0.0555666685104, 0.0469338484108, 0.0502611361444, 0.045577056706, 0.0396978110075], "dmean": [0.138922512531, 0.167477414012, 0.156122580171, 0.152190387249, 0.160287469625, 0.163272157311, 0.158926859498, 0.169882521033, 0.16528365016, 0.157591938972, 0.152497857809, 0.133911088109, 0.123279981315, 0.127700418234, 0.144707649946, 0.151167824864, 0.165555492043, 0.140863493085, 0.11034334451, 0.096942782402, 0.0867788270116, 0.101812519133, 0.121942169964, 0.101390697062, 0.0934658497572, 0.100107476115, 0.101217724383, 0.108379922807, 0.14509382844, 0.185847207904, 0.195341795683, 0.20369617641, 0.171688854694, 0.153879672289, 0.153744310141, 0.133118540049], "max": [1, 1, 1, 1, 1, 1, 1, 1, 1, 1, 1, 1, 1, 1, 1, 1, 1, 1, 1, 1, 1, 1, 1, 1, 1, 1, 1, 1, 1, 1, 1, 1, 1, 1, 1, 1], "var": [0.0503215566278, 0.0763882994652, 0.0638678222895, 0.0536751486361, 0.0520564503968, 0.0502267591655, 0.049261033535, 0.0510847643018, 0.0508388578892, 0.0506956279278, 0.0533910058439, 0.0413421615958, 0.0384300500154, 0.0382890626788, 0.0537801496685, 0.0887034460902, 0.0624560303986, 0.0426473282278, 0.0319759696722, 0.0271340534091, 0.0223532374948, 0.0261248219758, 0.0377958640456, 0.0251837912947, 0.0292063914239, 0.0337616838515, 0.0303965043277, 0.0303484853357, 0.0398496873677, 0.123221762478, 0.145363882184, 0.0747088566422, 0.0557359717786, 0.0808389037848, 0.0566120482981, 0.0420905202627], "mean": [0.152938887477, 0.184611335397, 0.168847814202, 0.14818406105, 0.150035172701, 0.144914388657, 0.146247908473, 0.153600752354, 0.151618421078, 0.160445854068, 0.163788035512, 0.141950964928, 0.125187337399, 0.124598659575, 0.170382857323, 0.22535687685, 0.205941557884, 0.144111454487, 0.101479560137, 0.0820947214961, 0.0728907287121, 0.0897274464369, 0.106950044632, 0.0934726968408, 0.0915705487132, 0.100503966212, 0.100084580481, 0.103463150561, 0.150398358703, 0.297432482243, 0.357587277889, 0.258931130171, 0.198432162404, 0.195697814226, 0.167717128992, 0.133001938462]}, "tuning_equal_tempered_deviation": 0.227052569389, "chords_changes_rate": 0.0913571566343, "key_key": "G", "tuning_diatonic_strength": 0.717727124691, "key_scale": "major", "chords_number_rate": 0.00158422812819, "tuning_frequency": 451.586883545, "tuning_nontempered_energy_ratio": 0.908237934113, "chords_histogram": [24.6787528992, 0.792114078999, 8.76606273651, 2.04189395905, 0.72170394659, 0.193627879024, 0.193627879024, 0, 0, 0, 0.193627879024, 0.0176025349647, 0.0704101398587, 2.00668907166, 0.492870986462, 11.3888397217, 1.65463829041, 28.5161056519, 0.897729277611, 0.668896317482, 1.51381802559, 0.176025345922, 14.6981163025, 0.316845625639], "key_strength": 0.674107551575, "chords_key": "G", "chords_strength": {"dmean2": 0.0163268428296, "median": 0.515307724476, "min": -1, "dvar2": 0.000793082988821, "dvar": 0.000446629186627, "dmean": 0.0135706029832, "max": 0.822842121124, "var": 0.0206957012415, "mean": 0.506882846355}, "chords_scale": "minor", "hpcp_entropy": {"dmean2": 1.20981824398, "median": 2.32436943054, "min": 0, "dvar2": 0.905036747456, "dvar": 0.337694823742, "dmean": 0.728687405586, "max": 4.52792024612, "var": 0.674472570419, "mean": 2.34152388573}}, "metadata": {"audio_properties": {"equal_loudness": 0, "codec": "flac", "downmix": "mix", "sample_rate": 44100, "analysis_sample_rate": 44100, "bit_rate": 0, "md5_encoded": "9b8ea9f1354bbb4f474d48408706c356", "length": 263.733337402, "replay_gain": -10.7557373047, "lossless": true}, "version": {"essentia_build_sha": "70f2e5ece6736b2c40cc944ad0e695b16b925413", "essentia": "2.1-beta2", "extractor": "music 1.0", "essentia_git_sha": "v2.1_beta2"}, "tags": {"title": ["Gunz 'N Onez (Iz U Wit Me) (feat. Method Man)"], "barcode": ["049925114324"], "media": ["CD"], "albumartist": ["Wu-Tang Clan"], "tracktotal": ["16"], "performer": ["Method Man"], "releasetype": ["album", "compilation"], "musicbrainz_recordingid": ["1a5455ee-1301-4809-b93e-c73afb66b832"], "musicbrainz_albumartistid": ["0febdcf7-4e1f-4661-9493-b40427de2c13"], "musicbrainz_releasetrackid": ["9477e48f-ed14-3f12-8ddb-e8f35fc7c02f"], "album": ["Wu-Chronicles"], "catalognumber": ["P2 51143"], "releasecountry": ["US"], "originaldate": ["1999"], "albumartistsort": ["Wu-Tang Clan"], "date": ["1999-03-23"], "file_name": "08 - Heltah Skeltah - Gunz 'N Onez (Iz U Wit Me) (feat. Method Man).flac", "musicbrainz_releasegroupid": ["5c2ed092-7e24-4c7a-863a-7b61aa4aaae4"], "musicbrainz_artistid": ["c9f667d8-2da2-4aea-81cd-a42f3affc560", "94dbfe2e-ca48-4e08-a5a8-e1e74136c63d"], "asin": ["B00000I9AT"], "musicbrainz_albumid": ["ee1f80aa-f918-45ec-8de8-d382c7a7cd5c"], "artist": ["Heltah Skeltah"], "artistsort": ["Heltah Skeltah feat. Method Man"], "tracknumber": ["8"], "label": ["Wu-Tang Records"], "totaltracks": ["16"], "acoustid_id": ["bb9ba0ea-3a9b-4dd9-aa50-ba3af9c6dc99"], "script": ["Latn"], "releasestatus": ["official"]}}, "rhythm": {"bpm_histogram_first_peak_bpm": {"dmean2": 0, "median": 86, "min": 86, "dvar2": 0, "dvar": 0, "dmean": 0, "max": 86, "var": 0, "mean": 86}, "bpm": 86.8271789551, "bpm_histogram_second_peak_spread": {"dmean2": 0, "median": 0, "min": 0, "dvar2": 0, "dvar": 0, "dmean": 0, "max": 0, "var": 0, "mean": 0}, "bpm_histogram_first_peak_weight": {"dmean2": 0, "median": 0.509234845638, "min": 0.509234845638, "dvar2": 0, "dvar": 0, "dmean": 0, "max": 0.509234845638, "var": 0, "mean": 0.509234845638}, "onset_rate": 5.00463581085, "beats_position": [0.650158703327, 1.31192743778, 1.99691605568, 2.68190479279, 3.36689329147, 4.05188179016, 4.74848079681, 5.4334692955, 6.11845779419, 6.80344676971, 7.50004529953, 8.19664382935, 8.88163280487, 9.56662082672, 10.2632198334, 10.95981884, 11.656416893, 12.3297958374, 13.0263938904, 13.722992897, 14.4195919037, 15.1045799255, 15.7895689011, 16.4861679077, 17.1711559296, 17.8561439514, 18.5527439117, 19.2493419647, 19.9343299866, 20.6193199158, 21.3159179688, 22.0125160217, 22.7091159821, 23.3941040039, 24.0907020569, 24.7756919861, 25.4722900391, 26.168888092, 26.865486145, 27.5504760742, 28.2354640961, 28.9204521179, 29.6170520782, 30.3020401001, 30.9986381531, 31.6836280823, 32.3686180115, 33.0652160645, 33.7618141174, 34.4468002319, 35.1434020996, 35.8283882141, 36.5249862671, 37.2099761963, 37.8949661255, 38.5915641785, 39.2881622314, 39.9731521606, 40.6581382751, 41.3547401428, 42.0513381958, 42.7363243103, 43.4213142395, 44.1179122925, 44.8261222839, 45.5111083984, 46.2077102661, 46.8926963806, 47.5776863098, 48.2742843628, 48.9708824158, 49.655872345, 50.3524703979, 51.0374603271, 51.7340583801, 52.4190483093, 53.1156463623, 53.8006324768, 54.485622406, 55.1706123352, 55.8672103882, 56.5638084412, 57.2487983704, 57.9337844849, 58.6303825378, 59.3269844055, 60.01197052, 60.6969604492, 61.3935585022, 62.0901565552, 62.7751464844, 63.4601364136, 64.1567306519, 64.8533325195, 65.5499343872, 66.234916687, 66.9315185547, 67.6165084839, 68.3131027222, 68.9980926514, 69.694694519, 70.3796844482, 71.064666748, 71.7496566772, 72.4462585449, 73.1428527832, 73.8394546509, 74.5244445801, 75.2094345093, 75.9060287476, 76.5910186768, 77.276008606, 77.9726028442, 78.6692047119, 79.3658065796, 80.0624008179, 80.7473907471, 81.4323806763, 82.1173706055, 82.8023605347, 83.4989547729, 84.1955566406, 84.8805389404, 85.5655288696, 86.2621307373, 86.9587249756, 87.6553268433, 88.3403167725, 89.0369110107, 89.7219009399, 90.4185028076, 91.1034927368, 91.8000869751, 92.4850769043, 93.181678772, 93.8782730103, 94.5632629395, 95.2482528687, 95.9448471069, 96.6414489746, 97.3264389038, 98.011428833, 98.7080230713, 99.3930130005, 100.07800293, 100.774604797, 101.471199036, 102.156188965, 102.852790833, 103.537773132, 104.234375, 104.930976868, 105.615959167, 106.300949097, 106.997550964, 107.694145203, 108.379135132, 109.064125061, 109.760726929, 110.457321167, 111.142311096, 111.827301025, 112.523895264, 113.220497131, 113.905487061, 114.59047699, 115.287071228, 115.983673096, 116.680267334, 117.365257263, 118.050247192, 118.74684906, 119.443443298, 120.128433228, 120.825035095, 121.510017395, 122.206619263, 122.891609192, 123.58820343, 124.273193359, 124.969795227, 125.654785156, 126.339767456, 127.036369324, 127.721359253, 128.406341553, 129.10295105, 129.799545288, 130.496139526, 131.192733765, 131.877731323, 132.562713623, 133.25932312, 133.955917358, 134.640899658, 135.325897217, 136.022491455, 136.719085693, 137.404083252, 138.089065552, 138.78565979, 139.482269287, 140.178863525, 140.863845825, 141.560455322, 142.245437622, 142.930435181, 143.61541748, 144.312011719, 145.008621216, 145.693603516, 146.378585815, 147.075195312, 147.771789551, 148.456771851, 149.141769409, 149.838363647, 150.534957886, 151.231567383, 151.916549683, 152.613143921, 153.298141479, 153.994735718, 154.679718018, 155.364715576, 156.061309814, 156.757904053, 157.45451355, 158.13949585, 158.824493408, 159.521087646, 160.217681885, 160.902679443, 161.587661743, 162.284255981, 162.980865479, 163.677459717, 164.362442017, 165.047439575, 165.744033813, 166.440628052, 167.12562561, 167.81060791, 168.507202148, 169.192199707, 169.877182007, 170.573776245, 171.270385742, 171.955368042, 172.640365601, 173.336959839, 174.033554077, 174.730148315, 175.415145874, 176.100128174, 176.796737671, 177.493331909, 178.178314209, 178.863311768, 179.559906006, 180.256500244, 180.953109741, 181.638092041, 182.323074341, 183.019683838, 183.716278076, 184.401260376, 185.086257935, 185.782852173, 186.479446411, 187.16444397, 187.84942627, 188.546035767, 189.242630005, 189.927612305, 190.612609863, 191.309204102, 192.00579834, 192.690795898, 193.375778198, 194.072372437, 194.768981934, 195.465576172, 196.150558472, 196.83555603, 197.532150269, 198.228744507, 198.925354004, 199.610336304, 200.295318604, 200.991928101, 201.688522339, 202.373504639, 203.058502197, 203.755096436, 204.451690674, 205.136688232, 205.821670532, 206.518280029, 207.214874268, 207.911468506, 208.596466064, 209.281448364, 209.978042603, 210.663040161, 211.348022461, 212.044616699, 212.741226196, 213.437820435, 214.134414673, 214.831008911, 215.51600647, 216.20098877, 216.885986328, 217.570968628, 218.267562866, 218.964172363, 219.660766602, 220.345748901, 221.03074646, 221.727340698, 222.423934937, 223.108932495, 223.793914795, 224.490524292, 225.18711853, 225.87210083, 226.557098389, 227.253692627, 227.950286865, 228.646896362, 229.343490601, 230.0284729, 230.713470459, 231.398452759, 232.083435059, 232.780044556, 233.476638794, 234.173233032, 234.869842529, 235.554824829, 236.239807129, 236.936416626, 237.633010864, 238.317993164, 239.002990723, 239.699584961, 240.396179199, 241.081176758, 241.766159058, 242.462768555, 243.159362793, 243.844345093, 244.529342651, 245.22593689, 245.922531128, 246.607528687, 247.292510986, 247.989105225, 248.685714722, 249.38230896, 250.06729126, 250.752288818, 251.448883057, 252.145477295, 252.830474854, 253.515457153, 254.212051392, 254.908660889, 255.593643188, 256.278625488, 256.975219727, 257.671844482, 258.368438721, 259.088256836, 259.808074951, 260.5859375, 261.363800049, 262.153289795, 262.942749023], "beats_loudness": {"dmean2": 0.0627545714378, "median": 0.0420114845037, "min": 0, "dvar2": 0.0011823202949, "dvar": 0.000340805447195, "dmean": 0.0331212356687, "max": 0.105141445994, "var": 0.000632950221188, "mean": 0.0483455322683}, "danceability": 1.6298289299, "bpm_histogram_second_peak_weight": {"dmean2": 0, "median": 0.0105540901423, "min": 0.0105540901423, "dvar2": 0, "dvar": 0, "dmean": 0, "max": 0.0105540901423, "var": 0, "mean": 0.0105540901423}, "beats_count": 380, "bpm_histogram_second_peak_bpm": {"dmean2": 0, "median": 76, "min": 76, "dvar2": 0, "dvar": 0, "dmean": 0, "max": 76, "var": 0, "mean": 76}, "bpm_histogram_first_peak_spread": {"dmean2": 0, "median": 0.483957231045, "min": 0.483957231045, "dvar2": 0, "dvar": 0, "dmean": 0, "max": 0.483957231045, "var": 0, "mean": 0.483957231045}, "beats_loudness_band_ratio": {"dmean2": [1.50755667686, 0.301080524921, 0.0770918056369, 0.119106382132, 0.410838216543, 0.692575514317], "median": [0.214856952429, 0.0748947113752, 0.0305973924696, 0.0411194190383, 0.190557137132, 0.237787246704], "min": [0, 0, 0, 0, 0, 0], "dvar2": [0.262678742409, 0.0156937725842, 0.00356876826845, 0.00651717511937, 0.0279660392553, 0.069227181375], "dvar": [0.0812629982829, 0.00460013980046, 0.00121035985649, 0.00237905187532, 0.0082390466705, 0.0213912893087], "dmean": [0.754940450191, 0.151824057102, 0.0407594926655, 0.063269816339, 0.209985107183, 0.34951838851], "max": [0.9975887537, 0.373587340117, 0.315207690001, 0.433643311262, 0.632863879204, 0.783283650875], "var": [0.184040307999, 0.00811229273677, 0.00119145924691, 0.00259220344014, 0.0173977650702, 0.044660333544], "mean": [0.446592777967, 0.0957256406546, 0.0302535891533, 0.0447008572519, 0.157832950354, 0.234718859196]}}, "lowlevel": {"barkbands_spread": {"dmean2": 18.3526000977, "median": 33.1797637939, "min": 0.504321813583, "dvar2": 412.359802246, "dvar": 180.928573608, "dmean": 11.7550506592, "max": 119.938240051, "var": 410.410827637, "mean": 33.8599014282}, "melbands_spread": {"dmean2": 30.9501152039, "median": 45.6802825928, "min": 0.388192385435, "dvar2": 1342.15075684, "dvar": 585.34576416, "dmean": 19.8909549713, "max": 262.303955078, "var": 1294.69775391, "mean": 49.9458312988}, "hfc": {"dmean2": 14.2355566025, "median": 15.5287847519, "min": 1.07804602967e-16, "dvar2": 498.597076416, "dvar": 284.847595215, "dmean": 10.1693572998, "max": 280.589752197, "var": 621.93371582, "mean": 21.9458141327}, "barkbands_kurtosis": {"dmean2": 11.8127155304, "median": -0.279407382011, "min": -1.96945762634, "dvar2": 1081.17297363, "dvar": 493.574310303, "dmean": 7.65326070786, "max": 556.058349609, "var": 550.361999512, "mean": 6.15776634216}, "gfcc": {"mean": [-47.4984817505, 36.9964027405, -127.263381958, 61.5155487061, -41.7797164917, 18.8358802795, -36.4808006287, 3.66547679901, -13.0526819229, -2.71808028221, -19.258140564, -7.37297582626, -16.0038108826], "icov": [[0.000389201042708, -0.000734829402063, 0.000814444269054, -0.000932792725507, 0.000745929195546, -0.00088835938368, 0.000857000646647, -0.000781500362791, 0.000816951040179, -0.000751711893827, 0.00103058340028, -0.000642997503746, 0.000581858388614], [-0.000734829402063, 0.00220792158507, -0.00155141507275, 0.00177951692604, -0.00175628834404, 0.00176159315743, -0.00195956835523, 0.00160737289116, -0.00205488549545, 0.00218624412082, -0.00248531997204, 0.00170421088114, -0.000848751689773], [0.000814444269054, -0.00155141507275, 0.00264774053358, -0.0023946382571, 0.00130134739447, -0.0022033569403, 0.00162005040329, -0.00161564373411, 0.00200764695182, -0.00207573664375, 0.00268898694776, -0.00194864021614, 0.00101472635288], [-0.000932792725507, 0.00177951692604, -0.0023946382571, 0.00369139784016, -0.00199359981343, 0.00186315155588, -0.00173764640931, 0.00183819653466, -0.00233569717966, 0.00196143542416, -0.00244816625491, 0.00188030500431, -0.00190066592768], [0.000745929195546, -0.00175628834404, 0.00130134739447, -0.00199359981343, 0.0036179209128, -0.00242629437707, 0.00160628522281, -0.00154961249791, 0.000669427739922, -0.00161589833442, 0.0012929943623, -0.000983715173788, 0.000584180641454], [-0.00088835938368, 0.00176159315743, -0.0022033569403, 0.00186315155588, -0.00242629437707, 0.00577090680599, -0.00339708128013, 0.00115750858095, -0.00119208090473, 0.000766354380175, -0.00148057378829, 0.00146758044139, -0.000514666957315], [0.000857000646647, -0.00195956835523, 0.00162005040329, -0.00173764640931, 0.00160628522281, -0.00339708128013, 0.0055840536952, -0.00316604063846, 0.00205251341686, -0.000876924546901, 0.000956987321842, -0.000881784537341, 0.000749325030483], [-0.000781500362791, 0.00160737289116, -0.00161564373411, 0.00183819653466, -0.00154961249791, 0.00115750858095, -0.00316604063846, 0.00762292230502, -0.00387778063305, 0.00188737548888, -0.00108543469105, -0.000104381317215, -0.000415633548982], [0.000816951040179, -0.00205488549545, 0.00200764695182, -0.00233569717966, 0.000669427739922, -0.00119208090473, 0.00205251341686, -0.00387778063305, 0.00861983001232, -0.00359320268035, 0.00110581004992, -0.00069300213363, 0.00090127607109], [-0.000751711893827, 0.00218624412082, -0.00207573664375, 0.00196143542416, -0.00161589833442, 0.000766354380175, -0.000876924546901, 0.00188737548888, -0.00359320268035, 0.0100747682154, -0.00498879048973, 0.00367827177979, -0.00157854356803], [0.00103058340028, -0.00248531997204, 0.00268898694776, -0.00244816625491, 0.0012929943623, -0.00148057378829, 0.000956987321842, -0.00108543469105, 0.00110581004992, -0.00498879048973, 0.0146356550977, -0.00684529636055, 0.00412909174338], [-0.000642997503746, 0.00170421088114, -0.00194864021614, 0.00188030500431, -0.000983715173788, 0.00146758044139, -0.000881784537341, -0.000104381317215, -0.00069300213363, 0.00367827177979, -0.00684529636055, 0.0141790248454, -0.00562584400177], [0.000581858388614, -0.000848751689773, 0.00101472635288, -0.00190066592768, 0.000584180641454, -0.000514666957315, 0.000749325030483, -0.000415633548982, 0.00090127607109, -0.00157854356803, 0.00412909174338, -0.00562584400177, 0.0127114709467]], "cov": [[16894.3574219, 1556.7409668, -2041.02929688, 955.067993164, -925.979919434, 209.729141235, -563.905883789, 166.667907715, -181.823425293, -105.598503113, -261.521881104, -158.579040527, -259.363800049], [1556.7409668, 1823.13842773, 80.5499191284, 78.7963027954, 462.179473877, 126.273750305, 300.359680176, 107.223327637, 206.636184692, -69.1345291138, 112.073310852, -49.5560684204, -56.0764541626], [-2041.02929688, 80.5499191284, 1788.9798584, 653.192871094, 450.822570801, 402.196838379, 206.205413818, 103.962593079, 32.9206314087, 100.550987244, -34.4302330017, 52.9665794373, 85.2509689331], [955.067993164, 78.7963027954, 653.192871094, 992.167297363, 299.408569336, 202.912277222, 43.8388214111, 59.2752990723, 83.4755477905, 50.9637527466, -17.378742218, 0.363355129957, 57.7791671753], [-925.979919434, 462.179473877, 450.822570801, 299.408569336, 809.698913574, 271.533752441, 198.7293396, 117.926368713, 171.819137573, 67.7029571533, 65.1653671265, -3.11626315117, 21.6284503937], [209.729141235, 126.273750305, 402.196838379, 202.912277222, 271.533752441, 487.058227539, 237.261581421, 115.228485107, 34.2585411072, 50.125869751, -2.79943823814, -7.80003404617, -4.65935516357], [-563.905883789, 300.359680176, 206.205413818, 43.8388214111, 198.7293396, 237.261581421, 467.627075195, 145.038970947, 51.903755188, -8.24507808685, 43.0027198792, 4.43925333023, -3.09658718109], [166.667907715, 107.223327637, 103.962593079, 59.2752990723, 117.926368713, 115.228485107, 145.038970947, 244.0284729, 86.458190918, 6.32640075684, 10.5169038773, 14.3943099976, -3.62069964409], [-181.823425293, 206.636184692, 32.9206314087, 83.4755477905, 171.819137573, 34.2585411072, 51.903755188, 86.458190918, 231.273330688, 52.714553833, 43.9171028137, -9.8438949585, -3.24230027199], [-105.598503113, -69.1345291138, 100.550987244, 50.9637527466, 67.7029571533, 50.125869751, -8.24507808685, 6.32640075684, 52.714553833, 161.462921143, 29.8356113434, -15.6282615662, -0.872953593731], [-261.521881104, 112.073310852, -34.4302330017, -17.378742218, 65.1653671265, -2.79943823814, 43.0027198792, 10.5169038773, 43.9171028137, 29.8356113434, 125.465988159, 29.7475414276, -12.6935720444], [-158.579040527, -49.5560684204, 52.9665794373, 0.363355129957, -3.11626315117, -7.80003404617, 4.43925333023, 14.3943099976, -9.8438949585, -15.6282615662, 29.7475414276, 110.418830872, 37.7758865356], [-259.363800049, -56.0764541626, 85.2509689331, 57.7791671753, 21.6284503937, -4.65935516357, -3.09658718109, -3.62069964409, -3.24230027199, -0.872953593731, -12.6935720444, 37.7758865356, 108.476150513]]}, "spectral_energyband_middle_low": {"dmean2": 0.00786962732673, "median": 0.00146388926078, "min": 1.64194001062e-22, "dvar2": 0.000310013332637, "dvar": 0.000111457906314, "dmean": 0.00436968496069, "max": 0.0623952187598, "var": 7.25673671695e-05, "mean": 0.00395770231262}, "melbands_crest": {"dmean2": 5.76349544525, "median": 15.0862016678, "min": 1.65866315365, "dvar2": 26.8298416138, "dvar": 12.0603609085, "dmean": 3.58877801895, "max": 30.5024394989, "var": 43.4892997742, "mean": 15.3769187927}, "spectral_kurtosis": {"dmean2": 2.18172287941, "median": 2.72026705742, "min": -1.2527500391, "dvar2": 5.55484771729, "dvar": 2.26746916771, "dmean": 1.38161540031, "max": 26.5170860291, "var": 6.59280920029, "mean": 3.3060541153}, "spectral_rms": {"dmean2": 0.00144543452188, "median": 0.00338434544392, "min": 3.11989583474e-12, "dvar2": 4.26931092079e-06, "dvar": 2.06050981433e-06, "dmean": 0.0010623249691, "max": 0.0115048261359, "var": 5.33735510544e-06, "mean": 0.00383835332468}, "zerocrossingrate": {"dmean2": 0.025755610317, "median": 0.091796875, "min": 0.00439453125, "dvar2": 0.000684729428031, "dvar": 0.000538408989087, "dmean": 0.0229196008295, "max": 0.529296875, "var": 0.00608099810779, "mean": 0.107445299625}, "silence_rate_60dB": {"dmean2": 0.113400243223, "median": 0, "min": 0, "dvar2": 0.116028606892, "dvar": 0.0534814484417, "dmean": 0.0566951334476, "max": 1, "var": 0.110880881548, "mean": 0.127024650574}, "erbbands_kurtosis": {"dmean2": 3.17357611656, "median": 1.11818218231, "min": -1.89675700665, "dvar2": 20.4449863434, "dvar": 8.98365116119, "dmean": 2.03977274895, "max": 55.782043457, "var": 17.2197875977, "mean": 2.3012304306}, "erbbands": {"dmean2": [0.128960594535, 1.8654602766, 8.61826324463, 15.3611183167, 8.23865604401, 11.4440202713, 6.55213308334, 3.45252680779, 4.65493774414, 5.57122850418, 6.99036931992, 6.53094244003, 8.59773159027, 8.80700302124, 7.88645887375, 13.0317726135, 15.8782024384, 22.6441669464, 36.6793899536, 35.2279663086, 39.5944786072, 24.6017913818, 24.6787071228, 30.3790969849, 28.5813465118, 20.0379123688, 15.8700170517, 18.0720710754, 15.1063280106, 12.7974710464, 7.33850574493, 4.01615381241, 2.35356497765, 1.11702418327, 0.389626592398, 0.122193604708, 0.0253573618829, 0.00365971913561, 0.00019348137721, 2.58590825979e-05], "median": [0.0301891416311, 0.420559406281, 1.522179842, 1.04613757133, 0.662663936615, 0.342523634434, 0.404035568237, 0.528946876526, 0.607832670212, 0.672476649284, 1.15467000008, 0.850250840187, 1.12151765823, 0.921567559242, 1.04797744751, 1.92260742188, 2.9318652153, 6.30472660065, 10.4290714264, 12.8508739471, 20.5560588837, 11.6218090057, 8.18855476379, 15.5168838501, 12.157541275, 6.29865264893, 3.91585755348, 4.15807056427, 5.66474437714, 4.35717010498, 2.44660615921, 1.20453023911, 0.537073850632, 0.214807987213, 0.0626930966973, 0.0176563560963, 0.0037626279518, 0.000734435976483, 0.000141118158353, 2.99100847769e-05], "min": [1.09665524534e-22, 3.32154465847e-22, 1.86696300035e-21, 4.83932121903e-21, 1.08072302175e-20, 1.63369318046e-20, 3.72707583048e-20, 6.70191748931e-20, 9.37012491065e-20, 1.42580488876e-19, 2.91506642122e-19, 4.32497251086e-19, 3.63950499784e-19, 4.38164549806e-19, 1.07420310984e-18, 1.15267732097e-18, 1.66146050271e-18, 1.95918327789e-18, 2.17901355671e-18, 3.39947181483e-18, 3.53010782858e-18, 4.17134278893e-18, 3.90381314009e-18, 6.01122242746e-18, 7.40233507698e-18, 8.30779923552e-18, 8.65699270393e-18, 8.5626130504e-18, 9.4381233446e-18, 1.24905595984e-17, 1.27872378513e-17, 8.41240780451e-18, 9.02724867228e-18, 8.3123272222e-18, 5.84621685246e-18, 3.94742416993e-18, 2.30268801843e-18, 8.8216030934e-19, 2.56302714131e-19, 2.66803083767e-20], "dvar2": [0.0950005352497, 19.8519287109, 510.568725586, 1791.24182129, 396.533630371, 2306.23120117, 687.637268066, 48.1909408569, 112.68711853, 158.086456299, 241.108154297, 222.757568359, 577.345825195, 570.75213623, 421.957336426, 1041.37414551, 1156.6640625, 2368.76586914, 5042.21191406, 4714.88720703, 3758.65893555, 1608.35571289, 2752.98217773, 2733.67016602, 2690.20996094, 2019.80151367, 1469.6751709, 1597.32299805, 1024.58007812, 598.942321777, 254.648864746, 103.018745422, 28.502286911, 5.64406776428, 0.743780612946, 0.0727218389511, 0.00367495929822, 9.36027208809e-05, 2.56810551491e-07, 1.74477987613e-09], "dvar": [0.050584603101, 9.87024784088, 188.811233521, 640.35357666, 139.872329712, 857.616149902, 238.847869873, 20.3976173401, 43.9698600769, 63.3099746704, 104.681373596, 95.0858230591, 254.866973877, 222.065475464, 168.302947998, 424.585998535, 522.476867676, 1026.0480957, 2372.00878906, 2220.0300293, 1626.19018555, 743.936950684, 1261.54736328, 1279.66699219, 1246.2409668, 1048.39855957, 783.410583496, 801.769592285, 544.191467285, 292.896789551, 124.219223022, 52.9023513794, 13.596159935, 2.59103989601, 0.347505956888, 0.0340196862817, 0.00180443329737, 4.48018727184e-05, 1.2069202171e-07, 8.12808764739e-10], "dmean": [0.0924796834588, 1.31825375557, 4.95040225983, 8.39685535431, 4.5012588501, 6.55472040176, 3.602237463, 2.10805344582, 2.83425021172, 3.43370938301, 4.54645681381, 4.22384357452, 5.53303670883, 5.4587893486, 4.98348855972, 8.26174354553, 10.4438333511, 14.7715301514, 24.5499706268, 23.5823078156, 26.0769519806, 16.3439655304, 16.8108654022, 20.7952976227, 19.1653862, 14.0390167236, 11.2611837387, 12.4138345718, 10.3264408112, 8.58050346375, 4.94723033905, 2.72395944595, 1.58488118649, 0.752176463604, 0.258371472359, 0.083326227963, 0.0174117553979, 0.00245940010063, 0.000130692438688, 1.83675856533e-05], "max": [2.05436635017, 22.6561775208, 85.0839004517, 156.012039185, 79.6597137451, 284.33493042, 176.995239258, 123.81602478, 143.236526489, 137.2681427, 177.245620728, 202.171798706, 492.006774902, 285.582702637, 256.882110596, 630.769104004, 374.480377197, 633.800048828, 1020.38787842, 991.603088379, 568.009765625, 501.246643066, 565.392333984, 744.144897461, 660.063171387, 713.54498291, 428.212371826, 611.00982666, 584.621765137, 409.447814941, 265.588043213, 176.109085083, 90.7507019043, 42.508190155, 19.7793998718, 3.7404756546, 0.954608738422, 0.151144072413, 0.0126869250089, 0.000483023060951], "var": [0.0709564834833, 12.4041471481, 141.357406616, 396.947723389, 86.6478729248, 583.508361816, 139.284912109, 22.8623104095, 42.710723877, 64.2729797363, 141.619766235, 139.661605835, 359.170257568, 239.715423584, 216.492141724, 508.603485107, 858.469787598, 1765.49230957, 5289.17871094, 4958.98535156, 3689.42333984, 1530.19140625, 2016.91003418, 2451.87475586, 2225.10571289, 1901.86218262, 1410.3671875, 1445.3170166, 1090.53259277, 597.883300781, 226.130264282, 88.1144104004, 19.9124603271, 3.61892199516, 0.497131615877, 0.0493464656174, 0.00277207791805, 6.24874737696e-05, 1.7401960406e-07, 1.43936629282e-09], "mean": [0.113756611943, 1.49065566063, 4.93312597275, 6.35215997696, 3.63397169113, 4.82043504715, 2.67614340782, 2.19141173363, 2.85351037979, 3.52859067917, 5.64994192123, 5.53395462036, 6.74467849731, 6.18179416656, 6.07819986343, 10.2069292068, 14.3220596313, 21.3846988678, 38.4744606018, 39.8750534058, 45.1927108765, 26.8758945465, 25.2528781891, 34.2942886353, 29.7845077515, 19.9320678711, 15.379199028, 16.1720104218, 15.0132894516, 12.4122867584, 7.06052207947, 3.81235527992, 1.9766561985, 0.900471925735, 0.296503275633, 0.0980935618281, 0.0212004426867, 0.00304986955598, 0.00024960906012, 4.23649762524e-05]}, "spectral_strongpeak": {"dmean2": 0.908343613148, "median": 0.347628235817, "min": 0, "dvar2": 1.95828711987, "dvar": 0.759573042393, "dmean": 0.535770237446, "max": 9.44756889343, "var": 1.08717656136, "mean": 0.796676874161}, "spectral_energy": {"dmean2": 0.0167949460447, "median": 0.0117401387542, "min": 9.97709388827e-21, "dvar2": 0.000915928801987, "dvar": 0.000415252638049, "dmean": 0.0117913028225, "max": 0.13567006588, "var": 0.00065011245897, "mean": 0.0205720532686}, "average_loudness": 0.95016336441, "spectral_rolloff": {"dmean2": 1751.38562012, "median": 2993.11523438, "min": 64.599609375, "dvar2": 4589698, "dvar": 2204061.5, "dmean": 1064.31237793, "max": 19638.28125, "var": 9931791, "mean": 3412.33129883}, "spectral_centroid": {"dmean2": 743.160827637, "median": 2432.65185547, "min": 138.090682983, "dvar2": 686777.4375, "dvar": 330621.40625, "dmean": 490.145050049, "max": 12151.6328125, "var": 1431345.125, "mean": 2461.43896484}, "pitch_salience": {"dmean2": 0.135028928518, "median": 0.54703861475, "min": 0.0716994032264, "dvar2": 0.0146657666191, "dvar": 0.00771112833172, "dmean": 0.0898766070604, "max": 0.904805660248, "var": 0.0292918439955, "mean": 0.533341288567}, "spectral_energyband_middle_high": {"dmean2": 0.00320977531374, "median": 0.00292708165944, "min": 1.17791781405e-21, "dvar2": 2.19435933104e-05, "dvar": 1.12568086479e-05, "dmean": 0.00230150157586, "max": 0.035054769367, "var": 2.91893502435e-05, "mean": 0.00485708750784}, "spectral_contrast_coeffs": {"dmean2": [0.0978315025568, 0.0881861746311, 0.0665607377887, 0.0626596137881, 0.0506347194314, 0.0398409031332], "median": [-0.622009336948, -0.757783174515, -0.808080971241, -0.748747229576, -0.773776650429, -0.740918695927], "min": [-0.986512005329, -0.980453133583, -0.974817812443, -0.969627380371, -0.966694533825, -0.964539885521], "dvar2": [0.00852377992123, 0.00534677971154, 0.00290725845844, 0.00270200171508, 0.00177268486004, 0.00116523227189], "dvar": [0.00363338924944, 0.00249327183701, 0.00130120024551, 0.00119976641145, 0.000842475914396, 0.000568260322325], "dmean": [0.0636211708188, 0.0570411160588, 0.0427233278751, 0.0404625460505, 0.0331109501421, 0.026732839644], "max": [-0.236811935902, -0.412305802107, -0.514532804489, -0.499089509249, -0.563934326172, -0.499250739813], "var": [0.0105887297541, 0.00830982998013, 0.00495958747342, 0.00493422476575, 0.00354910874739, 0.00327808852307], "mean": [-0.618460416794, -0.746676445007, -0.797557413578, -0.744392871857, -0.76780050993, -0.738338172436]}, "melbands_skewness": {"dmean2": 2.17385601997, "median": 1.6390402317, "min": -4.27987337112, "dvar2": 9.35508537292, "dvar": 4.86754846573, "dmean": 1.53695321083, "max": 23.0105075836, "var": 12.9333324432, "mean": 2.73212361336}, "spectral_spread": {"dmean2": 1046658.375, "median": 4120433.5, "min": 1394168.875, "dvar2": 1227487182850.0, "dvar": 682159177728, "dmean": 757634.25, "max": 42622944, "var": 14024832974800.0, "mean": 4827007.5}, "dissonance": {"dmean2": 0.0174714662135, "median": 0.488065958023, "min": 0.317368507385, "dvar2": 0.000483222393086, "dvar": 0.000192324645468, "dmean": 0.0107049355283, "max": 0.500000059605, "var": 0.000370105466573, "mean": 0.481932997704}, "spectral_skewness": {"dmean2": 0.361797958612, "median": 1.09604644775, "min": -0.426234960556, "dvar2": 0.106546886265, "dvar": 0.0476234033704, "dmean": 0.233053430915, "max": 3.40202450752, "var": 0.195170015097, "mean": 1.11208355427}, "spectral_flux": {"dmean2": 0.0496723428369, "median": 0.070927977562, "min": 6.39334210573e-11, "dvar2": 0.0035319365561, "dvar": 0.00204798555933, "dmean": 0.0325162187219, "max": 0.351066321135, "var": 0.00486636161804, "mean": 0.090066999197}, "spectral_contrast_valleys": {"dmean2": [0.776541233063, 0.895808339119, 0.7251765728, 0.635102808475, 0.502811729908, 0.596155405045], "median": [-8.01285839081, -8.10557842255, -8.37685585022, -7.85190105438, -7.37357139587, -9.94448280334], "min": [-28.2798938751, -28.1238365173, -27.6895675659, -27.9495582581, -27.5726928711, -27.380525589], "dvar2": [0.447070449591, 0.653585970402, 0.406473070383, 0.329640269279, 0.233359381557, 0.368822664022], "dvar": [0.23660813272, 0.297266513109, 0.196708142757, 0.169798925519, 0.130981370807, 0.193448916078], "dmean": [0.517064213753, 0.586543619633, 0.488217681646, 0.441979825497, 0.361360996962, 0.447820097208], "max": [-5.73778152466, -5.12447214127, -5.76550531387, -5.36936187744, -5.27896022797, -7.47798919678], "var": [4.93898820877, 4.28337430954, 4.22617673874, 4.32248210907, 4.27388811111, 3.40523791313], "mean": [-8.63990879059, -8.320520401, -8.59398365021, -8.12738895416, -7.61973762512, -10.0740251541]}, "erbbands_flatness_db": {"dmean2": 0.0339342392981, "median": 0.17136272788, "min": 0.0449763908982, "dvar2": 0.000967156316619, "dvar": 0.000495506566949, "dmean": 0.0233690682799, "max": 0.436325877905, "var": 0.00232117739506, "mean": 0.176567390561}, "spectral_energyband_high": {"dmean2": 0.0013909280533, "median": 0.000573868281208, "min": 6.93658475168e-21, "dvar2": 6.24173753749e-06, "dvar": 3.6602327782e-06, "dmean": 0.000977019779384, "max": 0.0375227145851, "var": 7.89360183262e-06, "mean": 0.00150823104195}, "spectral_entropy": {"dmean2": 0.321834683418, "median": 7.78218173981, "min": 6.2293009758, "dvar2": 0.124436423182, "dvar": 0.0541751198471, "dmean": 0.210345342755, "max": 9.82501888275, "var": 0.174711346626, "mean": 7.80765104294}, "silence_rate_20dB": {"dmean2": 0, "median": 1, "min": 1, "dvar2": 0, "dvar": 0, "dmean": 0, "max": 1, "var": 0, "mean": 1}, "melbands_flatness_db": {"dmean2": 0.0560032427311, "median": 0.154724746943, "min": 0.00305686146021, "dvar2": 0.00375323346816, "dvar": 0.00217963778414, "dmean": 0.040174677968, "max": 0.591006398201, "var": 0.00850807875395, "mean": 0.173595741391}, "barkbands": {"dmean2": [2.85651294689e-05, 0.00707334838808, 0.00994365941733, 0.00459218304604, 0.00265108211897, 0.000441369425971, 0.000344672938809, 0.000317087600706, 0.000303111795802, 0.000298733444652, 0.000236783002038, 0.000320082966937, 0.00036837492371, 0.00061327725416, 0.000747413898353, 0.000787955475971, 0.000451763189631, 0.000512816302944, 0.000634107796941, 0.000428548170021, 0.000438201270299, 0.000406097591622, 0.000288922543405, 0.000164831697475, 7.14114430593e-05, 1.81782670552e-05, 1.12877842184e-06], "median": [9.36957258091e-06, 0.00155506958254, 0.00113070569932, 0.000221665366553, 0.000120851953398, 6.77030766383e-05, 3.43402134604e-05, 3.59829573426e-05, 3.43621613865e-05, 3.56339223799e-05, 1.89417023648e-05, 4.34972025687e-05, 4.9458569265e-05, 0.000133699271828, 0.000169925537193, 0.000347164284904, 0.000172547152033, 0.000152753404109, 0.000323277665302, 0.000119468502817, 9.73388523562e-05, 0.000155178975547, 9.96494782157e-05, 4.26650512964e-05, 1.44971272675e-05, 2.74001649814e-06, 8.35936759813e-07], "min": [6.14836069466e-25, 3.12555111739e-24, 1.13420192421e-24, 1.3420870859e-24, 3.64355367257e-24, 1.05947198681e-23, 9.35832081637e-24, 1.08054814138e-23, 1.79307121346e-23, 1.86350481716e-23, 1.44701734032e-23, 1.76344680435e-23, 2.39269874479e-23, 2.86055794818e-23, 5.029423722e-23, 5.45600246531e-23, 6.57411308644e-23, 4.541576361e-23, 1.32449960557e-22, 1.62625531012e-22, 2.311007528e-22, 3.29612970581e-22, 4.12311240894e-22, 5.4707652714e-22, 8.12594031679e-22, 1.34544521313e-21, 2.00142044152e-21], "dvar2": [3.59755136792e-09, 0.000298845407087, 0.000708942476194, 0.000170762898051, 8.76687336131e-05, 8.20164984816e-07, 5.58534338779e-07, 4.59920840967e-07, 4.4138741373e-07, 6.81517519752e-07, 4.30646423411e-07, 5.96417294219e-07, 6.39203165065e-07, 1.49213474288e-06, 2.15058912545e-06, 1.63055619851e-06, 5.52702260848e-07, 1.11730480512e-06, 1.02957551462e-06, 8.79834146872e-07, 9.74872477855e-07, 7.10382266789e-07, 3.44449546219e-07, 1.50603881366e-07, 2.33878854061e-08, 1.73723369024e-09, 1.14700800941e-11], "dvar": [1.85597781588e-09, 0.000146892140037, 0.000251481425948, 5.97860234848e-05, 3.25872242684e-05, 3.18614610251e-07, 2.19571958837e-07, 1.95093278421e-07, 1.89906131709e-07, 2.86069251842e-07, 1.64213631137e-07, 2.39628320742e-07, 2.80079859749e-07, 6.36070978999e-07, 1.02534045254e-06, 7.07018955381e-07, 2.51622481073e-07, 5.0489518344e-07, 4.87550096295e-07, 4.65719296017e-07, 4.96559778185e-07, 3.73816135379e-07, 1.71502762214e-07, 7.44880424008e-08, 1.12904290361e-08, 8.36601565801e-10, 5.24672579688e-12], "dmean": [2.22548078455e-05, 0.00502544781193, 0.00539974495769, 0.00246811565012, 0.00150499364827, 0.000263172230916, 0.000210386395338, 0.000201260918402, 0.000196486900677, 0.000185134471394, 0.00014377538173, 0.000198714711587, 0.000237266765907, 0.000393338967115, 0.000491589948069, 0.00051377445925, 0.000295935868053, 0.00034295002115, 0.000420797354309, 0.000296374317259, 0.000303019362036, 0.000275718804915, 0.000195099186385, 0.000111917695904, 4.90648126288e-05, 1.24756143123e-05, 7.44894407489e-07], "max": [0.00060355651658, 0.0900053009391, 0.0908800363541, 0.0506826266646, 0.0555119290948, 0.0108105791733, 0.00857702922076, 0.00751254195347, 0.00913949683309, 0.0174268819392, 0.00814407505095, 0.0141919404268, 0.0101942364126, 0.0133076822385, 0.0179210864007, 0.0134549364448, 0.00789202749729, 0.0112660024315, 0.0119459619746, 0.0130266901106, 0.0126102110371, 0.0149720245972, 0.00943644996732, 0.00622556777671, 0.00312716094777, 0.000554620113689, 9.54933566391e-05], "var": [5.5197753035e-09, 0.000184445161722, 0.000159425748279, 3.47367895301e-05, 2.23135466513e-05, 3.03451713535e-07, 2.2380858411e-07, 2.41528624656e-07, 2.87486955131e-07, 3.58196103889e-07, 1.61583116665e-07, 2.84743265411e-07, 4.49805611424e-07, 1.06769095964e-06, 2