{"tonal": {"thpcp": [1, 0.598161399364, 0.196619525552, 0.202595233917, 0.160740032792, 0.286537885666, 0.473733633757, 0.32590046525, 0.331140726805, 0.58319580555, 0.455355674028, 0.380053043365, 0.481688648462, 0.280865818262, 0.391576498747, 0.768402934074, 0.520486116409, 0.241985231638, 0.302256554365, 0.215848401189, 0.462038755417, 0.752919256687, 0.422390729189, 0.183715105057, 0.247654542327, 0.173675581813, 0.28081035614, 0.575493097305, 0.442247629166, 0.386926829815, 0.618548929691, 0.387458980083, 0.152493357658, 0.196705639362, 0.18687838316, 0.586223244667], "hpcp": {"dmean2": [0.152447655797, 0.132370859385, 0.143245488405, 0.170367881656, 0.160943180323, 0.120029829443, 0.0998007208109, 0.111851513386, 0.152578920126, 0.176627352834, 0.144553080201, 0.089929535985, 0.0799302011728, 0.0864950865507, 0.119300819933, 0.163858175278, 0.157232478261, 0.133168011904, 0.147189229727, 0.119244039059, 0.0745019540191, 0.0707742571831, 0.0973374471068, 0.199355974793, 0.240474849939, 0.180911824107, 0.10064072907, 0.0840835794806, 0.087310127914, 0.116360351443, 0.133170306683, 0.139416918159, 0.152501240373, 0.182379871607, 0.169328421354, 0.152544677258], "median": [0.00856959540397, 0.00779713643715, 0.0151636544615, 0.0172852091491, 0.0151026360691, 0.0044067716226, 0.00212559569627, 0.00391502259299, 0.0208212137222, 0.0276217311621, 0.02066905424, 0.00278172735125, 0.00172837951686, 0.00219173287041, 0.00949740409851, 0.0131964897737, 0.0125068416819, 0.0167420152575, 0.0102487541735, 0.00855240039527, 0.00293099810369, 0.0020394907333, 0.00491549260914, 0.0468201637268, 0.0830941870809, 0.0469227135181, 0.00507714040577, 0.00230725412257, 0.00276584364474, 0.00601994572207, 0.00811067037284, 0.0092310924083, 0.0084677124396, 0.0082136048004, 0.0112538021058, 0.0139321535826], "min": [0, 0, 0, 0, 0, 0, 0, 0, 0, 0, 0, 0, 0, 0, 0, 0, 0, 0, 0, 0, 0, 0, 0, 0, 0, 0, 0, 0, 0, 0, 0, 0, 0, 0, 0, 0], "dvar2": [0.0815540030599, 0.0658442899585, 0.0636109188199, 0.0865807235241, 0.0734268352389, 0.0622874610126, 0.0564164035022, 0.0603868924081, 0.0666979551315, 0.0844611898065, 0.0596899874508, 0.0477351732552, 0.0440024286509, 0.0462247915566, 0.0513822585344, 0.0835316777229, 0.0735030993819, 0.0543014891446, 0.0749766975641, 0.0530332252383, 0.0351660810411, 0.0354095138609, 0.042541153729, 0.0901060402393, 0.116742163897, 0.0731781795621, 0.0467950366437, 0.0438699387014, 0.0469120256603, 0.0555321462452, 0.0717435851693, 0.0693627893925, 0.0761490985751, 0.0990052372217, 0.0798075571656, 0.0721643343568], "dvar": [0.0344556570053, 0.0240364316851, 0.0238734092563, 0.0413465276361, 0.0297918189317, 0.022667421028, 0.023183953017, 0.0216260123998, 0.0250641237944, 0.0397083126009, 0.0238239038736, 0.0173610765487, 0.0186220444739, 0.016937687993, 0.0192964673042, 0.0382960438728, 0.0297587942332, 0.0206327531487, 0.0344849079847, 0.0221337322146, 0.0128556769341, 0.0142487436533, 0.0155590986833, 0.0345151387155, 0.0527137704194, 0.0315260067582, 0.0172488223761, 0.0175471287221, 0.0168270580471, 0.0205910559744, 0.0307582039386, 0.0262689534575, 0.0291225332767, 0.0463844202459, 0.032770190388, 0.0269919726998], "dmean": [0.0881106778979, 0.075196839869, 0.0835736244917, 0.102407701313, 0.0949303656816, 0.0674843490124, 0.0567898005247, 0.0628798827529, 0.0892221108079, 0.105401471257, 0.0849638059735, 0.0503984726965, 0.0459745638072, 0.0487190634012, 0.0692896917462, 0.098083101213, 0.0927286073565, 0.0772258266807, 0.0880174189806, 0.0710541307926, 0.0417303852737, 0.0400324389338, 0.0545075722039, 0.114858590066, 0.140849471092, 0.107078336179, 0.0566125102341, 0.0476802699268, 0.048670899123, 0.066737562418, 0.0769407972693, 0.0791150331497, 0.0880759879947, 0.107414647937, 0.0989037007093, 0.0875817015767], "max": [1, 1, 1, 1, 1, 1, 1, 1, 1, 1, 1, 1, 1, 1, 1, 1, 1, 1, 1, 1, 1, 1, 1, 1, 1, 1, 1, 1, 1, 1, 1, 1, 1, 1, 1, 1], "var": [0.0734656304121, 0.0275004766881, 0.0342597849667, 0.12185510993, 0.0621835812926, 0.0287303738296, 0.0540865771472, 0.0236422400922, 0.0466549992561, 0.109518386424, 0.0385493934155, 0.0232356917113, 0.0463157147169, 0.020610999316, 0.0245008505881, 0.0899086743593, 0.0542511418462, 0.0360019803047, 0.101542949677, 0.0428774133325, 0.0157612860203, 0.0323233827949, 0.0188492331654, 0.0590083524585, 0.133845865726, 0.0616983994842, 0.0186374187469, 0.0296362452209, 0.0184709057212, 0.0314976871014, 0.0785712003708, 0.0380187630653, 0.0345947407186, 0.0958765372634, 0.0592132024467, 0.0416585542262], "mean": [0.139142647386, 0.081132106483, 0.113112464547, 0.221964165568, 0.150349855423, 0.0699008926749, 0.0873111262918, 0.0623508952558, 0.133466497064, 0.217491477728, 0.12201359868, 0.0530687309802, 0.0715385526419, 0.0501686744392, 0.0811160802841, 0.166239395738, 0.127749547362, 0.111769340932, 0.178676694632, 0.111923061311, 0.044049885124, 0.0568212345243, 0.053982488811, 0.169338956475, 0.288864284754, 0.172787472606, 0.0567963607609, 0.0585225261748, 0.0464320555329, 0.0827705636621, 0.136844724417, 0.0941410064697, 0.095654733479, 0.168464437127, 0.131535992026, 0.109783753753]}, "tuning_equal_tempered_deviation": 0.0192792378366, "chords_changes_rate": 0.0813485607505, "key_key": "A#", "tuning_diatonic_strength": 0.433731466532, "key_scale": "major", "chords_number_rate": 0.00141381181311, "tuning_frequency": 438.731048584, "tuning_nontempered_energy_ratio": 0.629696011543, "chords_histogram": [20.489397049, 10.6905927658, 12.7678089142, 0.402392596006, 2.18597054482, 0.217509523034, 0.989668309689, 0.0978792831302, 0.467645466328, 0.29363784194, 0.685154974461, 0.0217509511858, 0, 1.7944535017, 0.804785192013, 1.3050570488, 0.0435019023716, 2.03371405602, 2.89287662506, 20.5655250549, 11.5715065002, 4.88308858871, 2.38172912598, 2.41435551643], "key_strength": 0.704895019531, "chords_key": "F", "chords_strength": {"dmean2": 0.0100272996351, "median": 0.426970899105, "min": -1, "dvar2": 0.000832434161566, "dvar": 0.000458132009953, "dmean": 0.0106547446921, "max": 0.718531847, "var": 0.0191310346127, "mean": 0.42177143693}, "chords_scale": "minor", "hpcp_entropy": {"dmean2": 0.8875618577, "median": 1.67529416084, "min": 0, "dvar2": 0.651500105858, "dvar": 0.25209531188, "dmean": 0.524536371231, "max": 4.22625732422, "var": 0.473377853632, "mean": 1.68189966679}}, "metadata": {"audio_properties": {"equal_loudness": 0, "codec": "flac", "downmix": "mix", "sample_rate": 44100, "analysis_sample_rate": 44100, "bit_rate": 0, "md5_encoded": "1b4465107586bafea467a3db3c548b9b", "length": 426.946655273, "replay_gain": -10.1109523773, "lossless": true}, "version": {"essentia_build_sha": "2d9f1f26377add8aeb1075a9c2973f962c4f09fd", "essentia": "2.1-beta2", "extractor": "music 1.0", "essentia_git_sha": "v2.1_beta2-1-ge3940c0"}, "tags": {"title": ["Groove's Groove"], "barcode": ["888072300149"], "media": ["CD"], "albumartist": ["Richard \"Groove\" Holmes"], "tracktotal": ["6"], "musicbrainz_releasegroupid": ["3ddb1904-c66c-3831-ada4-8588c95764e2"], "performer": ["Jimmie Smith (drums)", "Gene Edwards (guitar)", "Richard \"Groove\" Holmes (organ)"], "releasetype": ["album"], "musicbrainz_recordingid": ["1a5cd595-52ce-47a8-a793-7726f49b1938"], "composer": ["Richard \"Groove\" Holmes"], "musicbrainz_albumartistid": ["726cfe69-c905-4161-a10c-accb13d9ec26"], "producer": ["Cal Lampley"], "discnumber": ["1"], "composersort": ["Holmes, Richard \"Groove\""], "catalognumber": ["0888072300149"], "releasecountry": ["XE"], "file_name": "01 Groove's Groove.flac", "work": ["Groove's Groove"], "date": ["2006"], "genre": ["Jazz"], "musicbrainz_albumid": ["3509dd4b-5d0f-47bb-b888-f024b2fa5c03"], "disctotal": ["1"], "musicbrainz_artistid": ["726cfe69-c905-4161-a10c-accb13d9ec26"], "originaldate": ["1965"], "musicbrainz_workid": ["9b3089b7-ac37-438a-acf2-d1e5ee74f92a"], "musicbrainz_releasetrackid": ["58f65639-ae1f-4fcd-9afb-fea4a6be1e4e"], "artist": ["Richard \"Groove\" Holmes"], "tracknumber": ["1"], "artistsort": ["Holmes, Richard \"Groove\""], "album": ["Soul Message"], "label": ["Prestige"], "albumartistsort": ["Holmes, Richard \"Groove\""], "acoustid_id": ["b9070e03-3f1e-4ca9-8957-fa6c4eb9e835"], "script": ["Latn"], "releasestatus": ["official"]}}, "rhythm": {"bpm_histogram_first_peak_bpm": {"dmean2": 0, "median": 115, "min": 115, "dvar2": 0, "dvar": 0, "dmean": 0, "max": 115, "var": 0, "mean": 115}, "bpm": 114.624008179, "bpm_histogram_second_peak_spread": {"dmean2": 0, "median": 0.40000000596, "min": 0.40000000596, "dvar2": 0, "dvar": 0, "dmean": 0, "max": 0.40000000596, "var": 0, "mean": 0.40000000596}, "bpm_histogram_first_peak_weight": {"dmean2": 0, "median": 0.399267405272, "min": 0.399267405272, "dvar2": 0, "dvar": 0, "dmean": 0, "max": 0.399267405272, "var": 0, "mean": 0.399267405272}, "onset_rate": 3.79653286934, "beats_position": [0.53405892849, 1.07972788811, 1.59056687355, 2.08979582787, 2.60063481331, 3.11147379875, 3.62231278419, 4.12154197693, 4.62077093124, 5.11999988556, 5.61922883987, 6.10684776306, 6.59446716309, 7.08208608627, 7.56970500946, 8.04571437836, 8.52172279358, 9.0093421936, 9.49696159363, 9.99619007111, 10.4954195023, 10.9830379486, 11.4706573486, 11.9582767487, 12.445895195, 12.9451246262, 13.4443531036, 13.9319725037, 14.4195919037, 14.90721035, 15.3948297501, 15.8824491501, 16.3584575653, 16.8576869965, 17.3453063965, 17.8329238892, 18.3205432892, 18.8081626892, 19.2957820892, 19.7834014893, 20.2594108582, 20.758638382, 21.2346477509, 21.7106571198, 22.1750564575, 22.6510658264, 23.1270751953, 23.5914726257, 24.0674819946, 24.5434913635, 25.0311107635, 25.5187301636, 26.0179595947, 26.5171871185, 27.0048065186, 27.5040359497, 28.0032653809, 28.5024929047, 29.0017223358, 29.500951767, 30.0001811981, 30.4994106293, 30.9986381531, 31.4862575531, 31.9854869843, 32.4847145081, 32.9723358154, 33.4599533081, 33.9591827393, 34.4584121704, 34.9576416016, 35.4568710327, 35.9444885254, 36.455329895, 36.96616745, 37.4770050049, 37.976234436, 38.4754638672, 38.9746932983, 39.4739227295, 39.9731521606, 40.4723815918, 40.9599990845, 41.4708366394, 41.981678009, 42.492515564, 43.0033569336, 43.4909744263, 43.9785919189, 44.4894332886, 44.9654426575, 45.4530601501, 45.9522895813, 46.4631271362, 46.9623565674, 47.473197937, 47.9956436157, 48.5064849854, 49.0057144165, 49.5165519714, 50.0157814026, 50.5266189575, 51.0258483887, 51.5366897583, 52.0475273132, 52.5583648682, 53.0575942993, 53.5684356689, 54.0792732239, 54.5901107788, 55.1009521484, 55.6001815796, 56.0994110107, 56.6102485657, 57.1094779968, 57.608707428, 58.1195449829, 58.6303825378, 59.129611969, 59.6288414001, 60.1396827698, 60.6505203247, 61.1613578796, 61.6721992493, 62.1830368042, 62.6938781738, 63.2047157288, 63.7155532837, 64.2263946533, 64.7372360229, 65.2480697632, 65.7589111328, 66.2813568115, 66.7921981812, 67.3146438599, 67.8254852295, 68.3363265991, 68.8471679688, 69.3696136475, 69.8804550171, 70.3912887573, 70.8905181885, 71.4013595581, 71.9238052368, 72.4462585449, 72.9570999146, 73.4679336548, 73.9787750244, 74.5012207031, 75.0236740112, 75.5345077515, 76.0453491211, 76.5678024292, 77.0902481079, 77.6010894775, 78.1119232178, 78.6343765259, 79.1568222046, 79.6676635742, 80.1785049438, 80.7009506226, 81.2233963013, 81.7342376709, 82.2450790405, 82.7559204102, 83.2667541504, 83.77759552, 84.2884368896, 84.7992706299, 85.3101119995, 85.8209533691, 86.3317871094, 86.8542404175, 87.3650741577, 87.8759155273, 88.3983688354, 88.9208145142, 89.4548721313, 89.965713501, 90.4881591797, 91.0222167969, 91.544670105, 92.0671157837, 92.5779571533, 93.100402832, 93.6228561401, 94.1336975098, 94.64453125, 95.1669845581, 95.6894302368, 96.2002716064, 96.7343292236, 97.2683868408, 97.7792282104, 98.3016738892, 98.8125152588, 99.3349609375, 99.8574142456, 100.379859924, 100.913917542, 101.43637085, 101.958816528, 102.469657898, 103.003715515, 103.526168823, 104.048614502, 104.559455872, 105.070289612, 105.581130981, 106.091972351, 106.61441803, 107.136871338, 107.659317017, 108.181770325, 108.704216003, 109.226661682, 109.737503052, 110.248344421, 110.7707901, 111.293243408, 111.815689087, 112.338134766, 112.848976135, 113.371429443, 113.893875122, 114.416320801, 114.938774109, 115.461219788, 115.995285034, 116.517730713, 117.05178833, 117.585845947, 118.108299255, 118.642356873, 119.164802551, 119.687255859, 120.209701538, 120.732154846, 121.254600525, 121.777046204, 122.299499512, 122.833557129, 123.344398499, 123.855232239, 124.366073608, 124.900131226, 125.422584534, 125.945030212, 126.47908783, 127.001541138, 127.523986816, 128.046432495, 128.580490112, 129.091339111, 129.61378479, 130.12461853, 130.635467529, 131.157913208, 131.680358887, 132.191192627, 132.725265503, 133.236099243, 133.77015686, 134.280990601, 134.803451538, 135.325897217, 135.859954834, 136.394012451, 136.91645813, 137.438903809, 137.961364746, 138.483810425, 139.017868042, 139.528701782, 140.051147461, 140.56199646, 141.084442139, 141.606887817, 142.129333496, 142.640182495, 143.162628174, 143.685073853, 144.195922852, 144.706756592, 145.217590332, 145.728439331, 146.239273071, 146.750106812, 147.260955811, 147.771789551, 148.282623291, 148.79347229, 149.30430603, 149.815139771, 150.337600708, 150.848434448, 151.359268188, 151.870117188, 152.369338989, 152.880172729, 153.391021729, 153.901855469, 154.412689209, 154.923538208, 155.434371948, 155.956817627, 156.479278564, 157.001724243, 157.524169922, 158.035003662, 158.569061279, 159.103118896, 159.637191772, 160.17124939, 160.705307007, 161.227752686, 161.750198364, 162.284255981, 162.818313599, 163.352371216, 163.886444092, 164.408889771, 164.931335449, 165.465393066, 165.999450684, 166.533508301, 167.067565918, 167.590026855, 168.135681152, 168.669754028, 169.203811646, 169.737869263, 170.27192688, 170.805984497, 171.340042114, 171.874099731, 172.408157349, 172.942214966, 173.476272583, 174.0103302, 174.555999756, 175.090057373, 175.635726929, 176.158187866, 176.692245483, 177.214691162, 177.748748779, 178.271194458, 178.805252075, 179.327713013, 179.86177063, 180.395828247, 180.918273926, 181.440719604, 181.963165283, 182.4972229, 183.042892456, 183.576965332, 184.099411011, 184.621856689, 185.155914307, 185.689971924, 186.224029541, 186.758087158, 187.292144775, 187.826202393, 188.34866333, 188.871109009, 189.405166626, 189.927612305, 190.47328186, 191.007339478, 191.541397095, 192.075454712, 192.597915649, 193.120361328, 193.666030884, 194.188476563, 194.710922241, 195.23336792, 195.767440796, 196.301498413, 196.823944092, 197.346389771, 197.880447388, 198.391296387, 198.913742065, 199.436187744, 199.958633423, 200.481079102, 200.991928101, 201.514373779, 202.036819458, 202.559265137, 203.081726074, 203.592559814, 204.126617432, 204.660675049, 205.171508789, 205.682357788, 206.216415405, 206.750473022, 207.261306763, 207.7837677, 208.306213379, 208.828659058, 209.351104736, 209.885162354, 210.407608032, 210.93006897, 211.44090271, 211.963348389, 212.485794067, 212.996643066, 213.519088745, 214.041534424, 214.575592041, 215.098052979, 215.620498657, 216.142944336, 216.653778076, 217.176239014, 217.698684692, 218.23274231, 218.766799927, 219.289245605, 219.823303223, 220.35736084, 220.891418457, 221.425476074, 221.947937012, 222.47038269, 223.004440308, 223.538497925, 224.072555542, 224.595001221, 225.129058838, 225.663131714, 226.185577393, 226.708023071, 227.23046875, 227.764526367, 228.286987305, 228.809432983, 229.343490601, 229.877548218, 230.411605835, 230.945663452, 231.468109131, 231.990570068, 232.501403809, 233.035461426, 233.557907104, 234.080352783, 234.602813721, 235.125259399, 235.659317017, 236.181762695, 236.704208374, 237.238265991, 237.772338867, 238.294784546, 238.817230225, 239.351287842, 239.885345459, 240.407791138, 240.941848755, 241.464309692, 241.986755371, 242.520812988, 243.054870605, 243.577316284, 244.111373901, 244.633834839, 245.156280518, 245.667114258, 246.177947998, 246.700408936, 247.222854614, 247.745300293, 248.267745972, 248.801803589, 249.335861206, 249.869934082, 250.403991699, 250.938049316, 251.472106934, 251.994552612, 252.528610229, 253.051055908, 253.585113525, 254.107574463, 254.630020142, 255.164077759, 255.698135376, 256.232208252, 256.766265869, 257.300323486, 257.834381104, 258.368438721, 258.902496338, 259.436553955, 259.970611572, 260.493041992, 261.027130127, 261.549560547, 262.072021484, 262.606079102, 263.128509521, 263.662567139, 264.185028076, 264.707489014, 265.229919434, 265.752380371, 266.263214111, 266.774047852, 267.296508789, 267.818939209, 268.329803467, 268.840637207, 269.374694824, 269.897125244, 270.431182861, 270.953643799, 271.487701416, 272.021759033, 272.55581665, 273.089874268, 273.623931885, 274.157989502, 274.692047119, 275.226104736, 275.760162354, 276.294250488, 276.828308105, 277.362365723, 277.89642334, 278.430480957, 278.964538574, 279.498596191, 280.032653809, 280.566711426, 281.100769043, 281.63482666, 282.168884277, 282.679718018, 283.190551758, 283.701385498, 284.235473633, 284.76953125, 285.303588867, 285.837646484, 286.360076904, 286.882537842, 287.416595459, 287.939056396, 288.461486816, 288.983947754, 289.518005371, 290.040435791, 290.562896729, 291.085357666, 291.619415283, 292.1534729, 292.687530518, 293.209960938, 293.744018555, 294.266479492, 294.800537109, 295.322998047, 295.845428467, 296.356262207, 296.867126465, 297.377960205, 297.900390625, 298.422851563, 298.9453125, 299.46774292, 299.990203857, 300.512634277, 301.035095215, 301.557556152, 302.079986572, 302.614044189, 303.136505127, 303.670562744, 304.193023682, 304.727081299, 305.261138916, 305.783569336, 306.306030273, 306.828460693, 307.362548828, 307.896606445, 308.419036865, 308.941497803, 309.463928223, 309.97479248, 310.485626221, 311.008056641, 311.530517578, 312.064575195, 312.598632813, 313.12109375, 313.64352417, 314.165985107, 314.688415527, 315.210876465, 315.733337402, 316.255767822, 316.77822876, 317.300689697, 317.834747314, 318.357177734, 318.879638672, 319.390472412, 319.91293335, 320.43536377, 320.957824707, 321.480255127, 322.002716064, 322.525177002, 323.047607422, 323.570068359, 324.092498779, 324.603363037, 325.125793457, 325.648254395, 326.170684814, 326.704742432, 327.227203369, 327.749664307, 328.283721924, 328.794555664, 329.305389404, 329.839447021, 330.350280762, 330.872741699, 331.395172119, 331.917633057, 332.440093994, 332.950927734, 333.473358154, 333.995819092, 334.518280029, 335.040710449, 335.551544189, 336.074005127, 336.596466064, 337.107299805, 337.629730225, 338.152191162, 338.6746521, 339.19708252, 339.731140137, 340.253601074, 340.776062012, 341.286895752, 341.809326172, 342.320159912, 342.83102417, 343.34185791, 343.86428833, 344.398345947, 344.920806885, 345.443267822, 345.977325439, 346.499755859, 347.033813477, 347.556274414, 348.090332031, 348.612792969, 349.135223389, 349.669281006, 350.203338623, 350.73739624, 351.271453857, 351.805511475, 352.339599609, 352.85043335, 353.37286377, 353.906921387, 354.440979004, 354.963439941, 355.497497559, 356.019958496, 356.542388916, 357.053222656, 357.575683594, 358.098144531, 358.608978271, 359.131408691, 359.653869629, 360.176330566, 360.698760986, 361.209594727, 361.743652344, 362.277740479, 362.811798096, 363.334228516, 363.856689453, 364.379119873, 364.901580811, 365.412414551, 365.934875488, 366.457305908, 366.968170166, 367.479003906, 368.001434326, 368.523895264, 369.057952881, 369.568786621, 370.102844238, 370.613677979, 371.147735596, 371.658599854, 372.181030273, 372.703491211, 373.237548828, 373.759979248, 374.282440186, 374.793273926, 375.315734863, 375.86138916, 376.395446777, 376.917907715, 377.451965332, 377.97442627, 378.508483887, 379.042541504, 379.576599121, 380.099029541, 380.633087158, 381.155548096, 381.678009033, 382.200439453, 382.722900391, 383.245330811, 383.767791748, 384.290252686, 384.824310303, 385.35836792, 385.892425537, 386.414855957, 386.948913574, 387.471374512, 388.005432129, 388.539489746, 389.073547363, 389.60760498, 390.141662598, 390.664123535, 391.186553955, 391.72064209, 392.24307251, 392.765533447, 393.299591064, 393.833648682, 394.356079102, 394.878540039, 395.401000977, 395.923431396, 396.422668457, 396.945129395, 397.479187012, 398.001617432, 398.524078369, 399.034912109, 399.54574585, 400.079803467, 400.602264404, 401.124694824, 401.647155762, 402.169616699, 402.703674316, 403.237731934, 403.771789551, 404.305847168, 404.839904785, 405.373962402, 405.90802002, 406.442077637, 406.964538574, 407.486968994, 408.021026611, 408.555084229, 409.089141846, 409.623199463, 410.15725708, 410.679718018, 411.202178955, 411.724609375, 412.247070313, 412.78112793, 413.303588867, 413.826019287, 414.360076904, 414.882537842, 415.404968262, 415.91583252, 416.438262939, 416.960723877, 417.483154297, 418.005615234, 418.528076172, 419.050506592, 419.572967529, 420.095397949, 420.606262207, 421.117095947, 421.627929688, 422.173583984, 422.719268799, 423.264923096, 423.787384033, 424.309844971, 424.832275391, 425.354736328, 425.877166748, 426.399627686], "beats_loudness": {"dmean2": 0.0302031636238, "median": 0.0482468493283, "min": 0, "dvar2": 0.00062100897776, "dvar": 0.00021975004347, "dmean": 0.0176814068109, "max": 0.121273681521, "var": 0.00034375739051, "mean": 0.0471473373473}, "danceability": 1.2070941925, "bpm_histogram_second_peak_weight": {"dmean2": 0, "median": 0.05860805884, "min": 0.05860805884, "dvar2": 0, "dvar": 0, "dmean": 0, "max": 0.05860805884, "var": 0, "mean": 0.05860805884}, "beats_count": 820, "bpm_histogram_second_peak_bpm": {"dmean2": 0, "median": 120, "min": 120, "dvar2": 0, "dvar": 0, "dmean": 0, "max": 120, "var": 0, "mean": 120}, "bpm_histogram_first_peak_spread": {"dmean2": 0, "median": 0.542657315731, "min": 0.542657315731, "dvar2": 0, "dvar": 0, "dmean": 0, "max": 0.542657315731, "var": 0, "mean": 0.542657315731}, "beats_loudness_band_ratio": {"dmean2": [0.426931023598, 0.294645398855, 0.291437447071, 0.133311763406, 0.0452749319375, 0.0149398306385], "median": [0.41542366147, 0.183096170425, 0.196705937386, 0.0434181466699, 0.00416690576822, 0.0020175408572], "min": [0, 0, 0, 0, 0, 0], "dvar2": [0.110795117915, 0.0606742985547, 0.0675584003329, 0.022220864892, 0.00487207993865, 0.000877397542354], "dvar": [0.0435634031892, 0.0241044405848, 0.0266462527215, 0.00934620667249, 0.00186572782695, 0.000295071367873], "dmean": [0.252418130636, 0.168645277619, 0.171073004603, 0.0779898613691, 0.0254274513572, 0.00790889933705], "max": [0.998532235622, 0.950872719288, 0.984082102776, 0.816163599491, 0.327323198318, 0.219786643982], "var": [0.0803786367178, 0.034507997334, 0.0423563010991, 0.0141599746421, 0.0021666388493, 0.000203966963454], "mean": [0.458364576101, 0.224374130368, 0.240566939116, 0.0965708196163, 0.0254347100854, 0.00641119433567]}}, "lowlevel": {"barkbands_spread": {"dmean2": 3.62975120544, "median": 6.13569259644, "min": 0.126880601048, "dvar2": 37.5129585266, "dvar": 15.7971639633, "dmean": 2.30463647842, "max": 78.8560943604, "var": 52.7367591858, "mean": 8.67092037201}, "melbands_spread": {"dmean2": 4.33441877365, "median": 7.31190633774, "min": 0.240759283304, "dvar2": 44.3378372192, "dvar": 19.9045219421, "dmean": 2.77875161171, "max": 174.625930786, "var": 233.861160278, "mean": 11.8877658844}, "hfc": {"dmean2": 5.28403329849, "median": 11.0766925812, "min": 1.07574759253e-16, "dvar2": 56.7392349243, "dvar": 33.3295516968, "dmean": 3.86731147766, "max": 119.359771729, "var": 177.68862915, "mean": 15.1171865463}, "barkbands_kurtosis": {"dmean2": 12.3870668411, "median": 4.24696159363, "min": -1.83667528629, "dvar2": 891.507995605, "dvar": 423.142456055, "dmean": 7.95359325409, "max": 715.467834473, "var": 1819.62695313, "mean": 15.7356061935}, "gfcc": {"mean": [-73.7863922119, 144.359985352, -82.2924194336, 7.99133205414, -47.7607383728, 3.57420539856, -28.3549747467, 0.597896039486, -16.4147415161, -0.694963812828, -8.91189670563, -8.53279495239, -12.8062734604], "icov": [[0.000158729002578, -0.000282235618215, 0.000277053943137, -0.000345329201082, 0.00039528432535, -0.000425330799771, 0.00033743592212, -0.000336782657541, 0.000393616588553, -0.000465505581815, 0.000496369088069, -0.000313726370223, 0.000286040245555], [-0.000282235618215, 0.00187855330296, -0.000224591451115, 0.00082625169307, -0.000108184060082, 0.000382779078791, -0.000553486170247, 0.00119216192979, -0.00186956336256, 0.00310956314206, -0.00327964825556, 0.00265611056238, -0.00167486257851], [0.000277053943137, -0.000224591451115, 0.00176464591641, -0.00182127929293, 0.00163337227423, -0.00172685051803, 0.00111665215809, -0.000643027306069, -0.000130763335619, 0.00105403957423, -0.00102942367084, 0.000578225473873, -0.000378655851819], [-0.000345329201082, 0.00082625169307, -0.00182127929293, 0.00404099468142, -0.00258223013952, 0.00272389012389, -0.00149651267566, -0.000326441542711, 0.00129260274116, -0.000771747203544, 0.00267897616141, -0.00105120590888, 0.000550856871996], [0.00039528432535, -0.000108184060082, 0.00163337227423, -0.00258223013952, 0.00614723190665, -0.00498102093115, 0.0011211723322, 0.00036452425411, -0.00308318645693, 0.00404058583081, -0.0039705527015, 0.00374463945627, -0.00136266218033], [-0.000425330799771, 0.000382779078791, -0.00172685051803, 0.00272389012389, -0.00498102093115, 0.00813626311719, -0.00303010107018, 0.000285186659312, 0.00274248351343, -0.00443680444732, 0.00494132936001, -0.00358196906745, 0.00314307399094], [0.00033743592212, -0.000553486170247, 0.00111665215809, -0.00149651267566, 0.0011211723322, -0.00303010107018, 0.00749197695404, -0.0020366217941, 0.00159624614753, -0.0013047013199, -0.000283206201857, 0.000325923901983, -0.00219398061745], [-0.000336782657541, 0.00119216192979, -0.000643027306069, -0.000326441542711, 0.00036452425411, 0.000285186659312, -0.0020366217941, 0.0100167086348, -0.00628564506769, 0.00668967096135, -0.00618349155411, 0.00305008748546, -0.000757458328735], [0.000393616588553, -0.00186956336256, -0.000130763335619, 0.00129260274116, -0.00308318645693, 0.00274248351343, 0.00159624614753, -0.00628564506769, 0.0160769019276, -0.0114616081119, 0.0106735676527, -0.00544213317335, 0.00264296773821], [-0.000465505581815, 0.00310956314206, 0.00105403957423, -0.000771747203544, 0.00404058583081, -0.00443680444732, -0.0013047013199, 0.00668967096135, -0.0114616081119, 0.0205814260989, -0.0156754776835, 0.0104289259762, -0.00492542982101], [0.000496369088069, -0.00327964825556, -0.00102942367084, 0.00267897616141, -0.0039705527015, 0.00494132936001, -0.000283206201857, -0.00618349155411, 0.0106735676527, -0.0156754776835, 0.024031445384, -0.014246406965, 0.00982931163162], [-0.000313726370223, 0.00265611056238, 0.000578225473873, -0.00105120590888, 0.00374463945627, -0.00358196906745, 0.000325923901983, 0.00305008748546, -0.00544213317335, 0.0104289259762, -0.014246406965, 0.0179227273911, -0.0105955861509], [0.000286040245555, -0.00167486257851, -0.000378655851819, 0.000550856871996, -0.00136266218033, 0.00314307399094, -0.00219398061745, -0.000757458328735, 0.00264296773821, -0.00492542982101, 0.00982931163162, -0.0105955861509, 0.0162986777723]], "cov": [[15483.0400391, 1271.42797852, -1886.38024902, -303.698364258, -644.965820313, 316.276824951, -165.042175293, -128.990463257, -143.745605469, 296.960479736, -101.420448303, -54.1847457886, -178.769683838], [1271.42797852, 1227.00891113, -388.461364746, -400.801635742, -64.1749420166, -108.508842468, -33.5095367432, -20.0118274689, 30.6219844818, -27.9283809662, 104.363357544, -67.3173294067, -1.69158804417], [-1886.38024902, -388.461364746, 1702.49108887, 725.752746582, -39.9133453369, -43.7514915466, -37.5721054077, 147.200424194, -71.7919692993, -206.777496338, -69.4480895996, 55.8095397949, 42.4121894836], [-303.698364258, -400.801635742, 725.752746582, 809.235168457, 108.25856781, -22.700094223, 26.3928089142, 86.969291687, -50.4822463989, -133.036361694, -133.103179932, 8.98736476898, 28.773475647], [-644.965820313, -64.1749420166, -39.9133453369, 108.25856781, 464.378448486, 200.589996338, 46.6094284058, 14.1377906799, 42.8432922363, -17.6421966553, -30.9118747711, -77.3145294189, -36.6860961914], [316.276824951, -108.508842468, -43.7514915466, -22.700094223, 200.589996338, 350.861968994, 81.6437759399, -33.8159446716, -4.96938419342, 58.3796615601, -25.7537651062, -26.3463001251, -41.5702095032], [-165.042175293, -33.5095367432, -37.5721054077, 26.3928089142, 46.6094284058, 81.6437759399, 190.993835449, 13.9939804077, -11.0826034546, 17.8654937744, 2.74003624916, 7.25812339783, 22.4628047943], [-128.990463257, -20.0118274689, 147.200424194, 86.969291687, 14.1377906799, -33.8159446716, 13.9939804077, 167.963867188, 30.1222801208, -47.3219718933, 8.92356967926, 3.97927522659, -3.89932155609], [-143.745605469, 30.6219844818, -71.7919692993, -50.4822463989, 42.8432922363, -4.96938419342, -11.0826034546, 30.1222801208, 130.081008911, 46.3145141602, -14.8973808289, -23.9437427521, -3.52285575867], [296.960479736, -27.9283809662, -206.777496338, -133.036361694, -17.6421966553, 58.3796615601, 17.8654937744, -47.3219718933, 46.3145141602, 174.479751587, 58.0969238281, -26.5453014374, -27.9929447174], [-101.420448303, 104.363357544, -69.4480895996, -133.103179932, -30.9118747711, -25.7537651062, 2.74003624916, 8.92356967926, -14.8973808289, 58.0969238281, 154.788986206, 47.4840278625, -23.9528369904], [-54.1847457886, -67.3173294067, 55.8095397949, 8.98736476898, -77.3145294189, -26.3463001251, 7.25812339783, 3.97927522659, -23.9437427521, -26.5453014374, 47.4840278625, 157.713043213, 64.5567169189], [-178.769683838, -1.69158804417, 42.4121894836, 28.773475647, -36.6860961914, -41.5702095032, 22.4628047943, -3.89932155609, -3.52285575867, -27.9929447174, -23.9528369904, 64.5567169189, 120.647720337]]}, "spectral_energyband_middle_low": {"dmean2": 0.00847162026912, "median": 0.0155043974519, "min": 1.2551047108e-22, "dvar2": 0.000122908240883, "dvar": 6.57475029584e-05, "dmean": 0.00591532187536, "max": 0.14355482161, "var": 0.000227515920415, "mean": 0.0187700726092}, "melbands_crest": {"dmean2": 4.64281892776, "median": 14.0785045624, "min": 1.52326023579, "dvar2": 20.985912323, "dvar": 9.03704071045, "dmean": 2.9123404026, "max": 37.2907218933, "var": 38.8492774963, "mean": 15.2081947327}, "spectral_kurtosis": {"dmean2": 10.0589075089, "median": 14.821726799, "min": -1.2709569931, "dvar2": 122.024406433, "dvar": 47.0729942322, "dmean": 6.19496250153, "max": 101.178977966, "var": 133.353057861, "mean": 17.1273345947}, "spectral_rms": {"dmean2": 0.000932092661969, "median": 0.00575936259702, "min": 3.09909693394e-12, "dvar2": 1.14004251373e-06, "dvar": 6.36103493434e-07, "dmean": 0.000672158785164, "max": 0.0124486759305, "var": 3.39469829669e-06, "mean": 0.00559748522937}, "zerocrossingrate": {"dmean2": 0.00604991288856, "median": 0.0224609375, "min": 0.001953125, "dvar2": 8.82196836756e-05, "dvar": 5.77073951717e-05, "dmean": 0.00476159201935, "max": 0.52685546875, "var": 0.00239180470817, "mean": 0.0308658331633}, "silence_rate_60dB": {"dmean2": 0.0232773162425, "median": 0, "min": 0, "dvar2": 0.0290509685874, "dvar": 0.0115043157712, "dmean": 0.0116380248219, "max": 1, "var": 0.0336951501667, "mean": 0.0349121764302}, "erbbands_kurtosis": {"dmean2": 3.87861871719, "median": 1.90418815613, "min": -1.87748682499, "dvar2": 52.8490753174, "dvar": 25.0273323059, "dmean": 2.5027782917, "max": 170.786804199, "var": 119.104682922, "mean": 5.00552749634}, "erbbands": {"dmean2": [0.117044389248, 0.976523756981, 3.77280473709, 6.23101091385, 9.57896709442, 8.81020832062, 15.2940969467, 29.0331611633, 40.5347137451, 33.8285903931, 30.0079803467, 28.0946388245, 15.063747406, 16.9448394775, 21.9498062134, 23.5075416565, 21.5938529968, 15.428188324, 12.1668453217, 9.15023994446, 4.58486890793, 2.37048387527, 2.84312105179, 2.02963113785, 1.47380828857, 1.15439367294, 0.977957844734, 0.911541283131, 0.991232872009, 0.464615106583, 0.346663475037, 0.241300672293, 0.157352000475, 0.0873702019453, 0.0439396314323, 0.0226029753685, 0.0102735497057, 0.00455676671118, 0.0010800100863, 0.000138568342663], "median": [0.0303192958236, 0.871021270752, 3.47958230972, 5.83923435211, 4.67926597595, 4.37968111038, 6.8562836647, 11.5407590866, 19.2360458374, 14.6335353851, 11.8783969879, 12.308011055, 6.53124904633, 5.13262796402, 4.16653871536, 4.13513469696, 3.153632164, 2.40004324913, 1.26750051975, 0.954638957977, 0.740034401417, 0.516702950001, 0.47572401166, 0.437526762486, 0.359669417143, 0.180105045438, 0.122219920158, 0.0924112275243, 0.0623979270458, 0.0582156740129, 0.0405645892024, 0.0382198169827, 0.0309850480407, 0.0146380858496, 0.0070965574123, 0.00307344133034, 0.000908916990738, 0.000300503248582, 8.6106294475e-05, 4.64247023046e-05], "min": [2.66759657542e-23, 4.72062696055e-22, 1.28809823125e-21, 4.11780283231e-21, 9.61950306323e-21, 1.74462585542e-20, 2.67290619496e-20, 5.47129181144e-20, 9.12918464656e-20, 2.2907642616e-19, 3.17867001238e-19, 2.52448827958e-19, 4.44750096554e-19, 8.9993910904e-19, 7.94553920857e-19, 1.06898173902e-18, 1.25418913253e-18, 1.95008243e-18, 1.94776797864e-18, 2.84430706517e-18, 3.33911182515e-18, 4.69076961381e-18, 4.80889927709e-18, 6.94558165916e-18, 6.69180430159e-18, 7.1235388146e-18, 6.94490337106e-18, 9.68308874711e-18, 7.37608119152e-18, 1.12985774465e-17, 1.09718990072e-17, 9.72775401865e-18, 9.87044019277e-18, 8.11551862059e-18, 5.23674107814e-18, 3.76051857462e-18, 2.11795811493e-18, 9.11146268967e-19, 2.37015576432e-19, 2.5760055405e-20], "dvar2": [0.0942429304123, 3.36361265182, 39.9211273193, 118.046012878, 297.877044678, 287.743713379, 1168.77819824, 4286.1796875, 8253.76660156, 6466.74316406, 4949.06054688, 8820.62109375, 1886.9564209, 4030.54296875, 3666.9128418, 4069.77319336, 3068.15698242, 2335.75537109, 1691.02294922, 947.28338623, 265.76739502, 134.632827759, 277.4659729, 90.2288513184, 36.8013954163, 32.9825897217, 20.7740116119, 9.34054088593, 20.2076816559, 2.10018277168, 1.33623552322, 0.634990572929, 0.292875945568, 0.0899224579334, 0.023016244173, 0.00669788243249, 0.00163507694378, 0.000325728702592, 1.77189649548e-05, 2.97724596976e-07], "dvar": [0.039748519659, 1.32503664494, 18.0399475098, 45.7463226318, 125.659965515, 132.355895996, 557.702148438, 2201.4362793, 4102.98291016, 3573.71655273, 2736.54125977, 4907.38623047, 987.838256836, 2393.46240234, 2002.73486328, 2081.13623047, 1538.28662109, 1185.25158691, 863.898742676, 498.673309326, 121.036750793, 67.3710250854, 155.545257568, 44.3256072998, 17.7364864349, 14.6722383499, 10.6245269775, 4.03287124634, 9.70794582367, 0.876336991787, 0.55909371376, 0.259990930557, 0.121116258204, 0.0369807220995, 0.00958138890564, 0.00277696363628, 0.000676673080307, 0.000134125220939, 7.16849763194e-06, 1.2036581154e-07], "dmean": [0.0735040009022, 0.607929170132, 2.46427702904, 3.90663838387, 5.8679599762, 5.57363986969, 10.1204748154, 19.2532444, 26.8127613068, 23.1623649597, 20.7846336365, 19.5993747711, 10.2856645584, 11.2027215958, 14.6063480377, 15.6376543045, 14.583899498, 10.5986423492, 8.11004066467, 6.21893644333, 3.00711297989, 1.57716464996, 1.92347872257, 1.3773869276, 0.995360553265, 0.756689965725, 0.636683881283, 0.581189274788, 0.652131140232, 0.299283057451, 0.223004505038, 0.153235763311, 0.100711934268, 0.0553806275129, 0.0279064364731, 0.014466445893, 0.00655742827803, 0.00284489896148, 0.000656301155686, 8.54792669998e-05], "max": [3.35229420662, 22.9714679718, 97.0654144287, 164.860336304, 253.197891235, 275.105194092, 775.962646484, 1207.38781738, 1580.76208496, 1945.44458008, 1648.35510254, 3911.82836914, 1587.65234375, 3636.10864258, 1603.08898926, 2055.00756836, 1255.65075684, 873.961547852, 872.754394531, 713.244567871, 364.349212646, 404.491577148, 694.128601074, 415.17477417, 134.49647522, 150.63923645, 179.649475098, 83.69090271, 123.949607849, 14.5329751968, 13.8263187408, 9.18433570862, 8.16283798218, 3.69282269478, 2.02999806404, 1.05865430832, 0.528428375721, 0.209265112877, 0.0479920953512, 0.00563607132062], "var": [0.0602199882269, 2.92964410782, 82.708946228, 121.911277771, 404.166412354, 320.772979736, 1290.73046875, 5918.42138672, 13271.0849609, 11053.7285156, 8408.75878906, 11398.2314453, 2311.8762207, 6392.76806641, 6332.37890625, 12289.140625, 8530.26660156, 4006.21337891, 3536.2565918, 3259.45556641, 900.540893555, 147.654251099, 433.875183105, 173.789840698, 33.3935623169, 24.7382488251, 34.3784675598, 9.12918949127, 23.3054866791, 0.882302165031, 0.532170593739, 0.241131275892, 0.114376664162, 0.0341978818178, 0.00895692314953, 0.00257187569514, 0.000601922918577, 0.000115108698083, 5.88257216805e-06, 9.96782958396e-08], "mean": [0.120965205133, 1.39840352535, 6.61052703857, 9.40029716492, 11.8029108047, 10.7653045654, 20.0856742859, 39.256652832, 60.849861145, 50.5326461792, 44.4502639771, 43.4718055725, 20.6944770813, 24.3254470825, 35.0161857605, 45.3299560547, 44.0928268433, 26.8864383698, 22.5629520416, 21.5292434692, 9.47646999359, 2.73864459991, 3.52362394333, 3.1730761528, 1.79888319969, 1.27880048752, 1.14928114414, 0.924163460732, 1.16355788708, 0.333439946175, 0.231250807643, 0.167633354664, 0.118451908231, 0.0618654713035, 0.0310089271516, 0.015551622957, 0.00633665034547, 0.00251151248813, 0.000567217473872, 0.000103771570139]}, "spectral_strongpeak": {"dmean2": 0.841267824173, "median": 0.697589218616, "min": 0, "dvar2": 1.72462546825, "dvar": 0.764252483845, "dmean": 0.502561807632, "max": 12.25020504, "var": 1.70285367966, "mean": 1.16229987144}, "spectral_energy": {"dmean2": 0.0108785498887, "median": 0.0339995138347, "min": 9.84451153792e-21, "dvar2": 0.000166484664078, "dvar": 8.71629017638e-05, "dmean": 0.00779616739601, "max": 0.158843770623, "var": 0.000395906652557, "mean": 0.0355946235359}, "average_loudness": 0.926711976528, "spectral_rolloff": {"dmean2": 248.520233154, "median": 516.796875, "min": 43.06640625, "dvar2": 371266.78125, "dvar": 154937.59375, "dmean": 143.634414673, "max": 19681.3476563, "var": 3405039.25, "mean": 848.23614502}, "spectral_centroid": {"dmean2": 153.728118896, "median": 476.995513916, "min": 111.647636414, "dvar2": 83107.7578125, "dvar": 37932.53125, "dmean": 99.7329483032, "max": 11670.4755859, "var": 1152252.5, "mean": 674.843139648}, "pitch_salience": {"dmean2": 0.106034271419, "median": 0.490571349859, "min": 0.0687231048942, "dvar2": 0.0114676728845, "dvar": 0.00481677148491, "dmean": 0.0658513754606, "max": 0.946102559566, "var": 0.0173488799483, "mean": 0.485519975424}, "spectral_energyband_middle_high": {"dmean2": 0.00203776312992, "median": 0.00111271487549, "min": 1.1115290978e-21, "dvar2": 1.90206701518e-05, "dvar": 1.05841108962e-05, "dmean": 0.00142919935752, "max": 0.102619692683, "var": 5.75892299821e-05, "mean": 0.00464518833905}, "spectral_contrast_coeffs": {"dmean2": [0.0817466005683, 0.0878601297736, 0.0670947059989, 0.0489172749221, 0.0303699150681, 0.0240625347942], "median": [-0.606954038143, -0.666727364063, -0.73251748085, -0.791695952415, -0.832980215549, -0.816539824009], "min": [-0.97883105278, -0.9764585495, -0.983403563499, -0.983319878578, -0.981304347515, -0.980696856976], "dvar2": [0.00448143994436, 0.00547000300139, 0.00325054116547, 0.00179994397331, 0.000737976806704, 0.000638737692498], "dvar": [0.00175862340257, 0.00252390420064, 0.0015293675242, 0.000851626566146, 0.000345912878402, 0.000297530554235], "dmean": [0.0501611120999, 0.0559177957475, 0.042727869004, 0.031087776646, 0.0191124621779, 0.0152203831822], "max": [-0.308543294668, -0.303705453873, -0.355571329594, -0.423838764429, -0.591756880283, -0.543280005455], "var": [0.00889959931374, 0.0103692244738, 0.00814556702971, 0.00970652606338, 0.00221639778465, 0.00176131457556], "mean": [-0.607495486736, -0.668337583542, -0.729700982571, -0.76307207346, -0.821193039417, -0.808215975761]}, "melbands_skewness": {"dmean2": 1.27346873283, "median": 1.55741810799, "min": -2.19383955002, "dvar2": 3.20273685455, "dvar": 1.50721228