{"tonal": {"thpcp": [1, 0.612774670124, 0.171017840505, 0.128231018782, 0.157695859671, 0.295309960842, 0.335857868195, 0.228445336223, 0.386004090309, 0.449796169996, 0.204564124346, 0.109762385488, 0.142007857561, 0.187063962221, 0.567134201527, 0.92785513401, 0.552308261395, 0.126098483801, 0.0797182917595, 0.105995535851, 0.360955804586, 0.544421672821, 0.420674145222, 0.45338049531, 0.371957421303, 0.141894698143, 0.185166358948, 0.249441176653, 0.246527329087, 0.498719125986, 0.736481964588, 0.495144695044, 0.195011749864, 0.133746787906, 0.212551951408, 0.637553930283], "hpcp": {"dmean2": [0.219663381577, 0.199870884418, 0.121978893876, 0.0952508300543, 0.0990131869912, 0.111055150628, 0.115333743393, 0.113312385976, 0.116373889148, 0.104939237237, 0.0782387033105, 0.0636395290494, 0.0856172218919, 0.111181236804, 0.175395041704, 0.220870137215, 0.161347538233, 0.0791432708502, 0.05497610569, 0.0679421871901, 0.111767955124, 0.136318936944, 0.145807534456, 0.213488489389, 0.164321646094, 0.0744850710034, 0.0832060426474, 0.0988474413753, 0.109800070524, 0.169762015343, 0.197268694639, 0.168087005615, 0.115452311933, 0.0932543501258, 0.139103055, 0.20392267406], "median": [0.0706799924374, 0.0385078340769, 0.00247662281618, 0.000814996659756, 0.00162580353208, 0.00644481275231, 0.00929748080671, 0.0101912394166, 0.00557114649564, 0.00359459267929, 0.00236525014043, 0.00225742300972, 0.00164909940213, 0.00241174874827, 0.0617871284485, 0.11686912179, 0.065042257309, 0.0029405024834, 0.000977664953098, 0.00248638540506, 0.0211117900908, 0.0365659445524, 0.0467712655663, 0.0116915367544, 0.00660289917141, 0.00363122695126, 0.00751952826977, 0.0101649016142, 0.0107550863177, 0.0301240421832, 0.0443242788315, 0.0229607839137, 0.00350832589902, 0.00222916575149, 0.00306776445359, 0.0410384610295], "min": [0, 0, 0, 0, 0, 0, 0, 0, 0, 0, 0, 0, 0, 0, 0, 0, 0, 0, 0, 0, 0, 0, 0, 0, 0, 0, 0, 0, 0, 0, 0, 0, 0, 0, 0, 0], "dvar2": [0.121588081121, 0.111457787454, 0.0744571015239, 0.0665570497513, 0.066069945693, 0.0658267661929, 0.070299692452, 0.0644251853228, 0.0719147399068, 0.0644154250622, 0.0426764898002, 0.0367542728782, 0.0538741238415, 0.0697634145617, 0.0839189141989, 0.102072745562, 0.0689943507314, 0.0457483045757, 0.0340369455516, 0.0355922058225, 0.0505479462445, 0.0641488134861, 0.0513648837805, 0.138611167669, 0.08561334759, 0.037627723068, 0.0431184545159, 0.0521331764758, 0.0523964315653, 0.0850417241454, 0.112233690917, 0.0921303555369, 0.0678383857012, 0.056107647717, 0.0923577398062, 0.114562466741], "dvar": [0.0526254661381, 0.0428231656551, 0.0261439681053, 0.0232069939375, 0.0237526148558, 0.0262408778071, 0.0276281516999, 0.0230497103184, 0.0276311542839, 0.0271330345422, 0.0152467554435, 0.0133941937238, 0.0196149330586, 0.0257346965373, 0.0331725887954, 0.0467711314559, 0.0276397429407, 0.0165190696716, 0.0117075359449, 0.0125916581601, 0.0204082187265, 0.0288902018219, 0.0203858371824, 0.0590988248587, 0.0372169837356, 0.0137691795826, 0.0158375613391, 0.020882871002, 0.0200903750956, 0.0346880704165, 0.0449139550328, 0.0357136204839, 0.0251364074647, 0.0201023947448, 0.0323641300201, 0.0420116521418], "dmean": [0.128740787506, 0.116429656744, 0.0658903941512, 0.0505935549736, 0.0547865964472, 0.0644731372595, 0.0663898661733, 0.0633189231157, 0.066250257194, 0.0605728588998, 0.0442345626652, 0.0349911786616, 0.0470094829798, 0.0612605847418, 0.10330709815, 0.13338175416, 0.0968444123864, 0.0440844520926, 0.0292939171195, 0.037138402462, 0.0659880489111, 0.0802135244012, 0.0844724401832, 0.118079997599, 0.0917593836784, 0.0419021472335, 0.0471851862967, 0.0571347773075, 0.0635964870453, 0.100148625672, 0.115364119411, 0.0981327220798, 0.0645699128509, 0.050484534353, 0.0759636238217, 0.116365477443], "max": [1, 1, 1, 1, 1, 1, 1, 1, 1, 1, 1, 1, 1, 1, 1, 1, 1, 1, 1, 1, 1, 1, 1, 1, 1, 1, 1, 1, 1, 1, 1, 1, 1, 1, 1, 1], "var": [0.151061981916, 0.0713205933571, 0.0227325223386, 0.0191480629146, 0.0221969913691, 0.0465098693967, 0.0544060096145, 0.023905839771, 0.0629497766495, 0.0904896259308, 0.0212539006025, 0.0128306904808, 0.0184301063418, 0.0271498095244, 0.0565260350704, 0.118128977716, 0.0495273843408, 0.015969293192, 0.00995736848563, 0.0108052445576, 0.0372839830816, 0.0746429488063, 0.0336367189884, 0.0792421326041, 0.0583395771682, 0.0153153641149, 0.0190888307989, 0.0337013937533, 0.028258677572, 0.0650877505541, 0.111483573914, 0.0710488036275, 0.0252050049603, 0.0170630607754, 0.0294573456049, 0.0758134126663], "mean": [0.308077961206, 0.18878236413, 0.0526868291199, 0.0395051501691, 0.0485826209188, 0.0909784883261, 0.103470407426, 0.0703789740801, 0.118919350207, 0.13857229054, 0.063021697104, 0.0338153727353, 0.0437494926155, 0.0576302818954, 0.174721553922, 0.285851716995, 0.170154005289, 0.0388481616974, 0.0245594494045, 0.0326548889279, 0.111202530563, 0.167724311352, 0.129600435495, 0.13967654109, 0.114591881633, 0.0437146313488, 0.0570456758142, 0.0768473297358, 0.075949639082, 0.153644368052, 0.226893857121, 0.15254317224, 0.0600788220763, 0.0412044376135, 0.0654825717211, 0.196416318417]}, "tuning_equal_tempered_deviation": 0.0244461968541, "chords_changes_rate": 0.0599122568965, "key_key": "G", "tuning_diatonic_strength": 0.610879302025, "key_scale": "major", "chords_number_rate": 0.00137098983396, "tuning_frequency": 440.508636475, "tuning_nontempered_energy_ratio": 0.646202027798, "chords_histogram": [16.9591445923, 1.97422540188, 24.4721679688, 0.603235542774, 2.12503433228, 1.46695911884, 0.740334510803, 0, 0, 0, 0.72662460804, 0.466136544943, 0.054839592427, 0.246778175235, 0.0137098981068, 0.603235542774, 0.425006866455, 9.37757015228, 0.246778175235, 15.2728271484, 0.370167255402, 5.99122571945, 15.6841239929, 2.17987394333], "key_strength": 0.714993059635, "chords_key": "D", "chords_strength": {"dmean2": 0.00790589302778, "median": 0.521114945412, "min": -1, "dvar2": 0.000477593130199, "dvar": 0.000295774254482, "dmean": 0.00900962110609, "max": 0.847376585007, "var": 0.044381916523, "mean": 0.49252602458}, "chords_scale": "major", "hpcp_entropy": {"dmean2": 0.86924213171, "median": 1.54352259636, "min": 0, "dvar2": 0.713628947735, "dvar": 0.290824472904, "dmean": 0.514547526836, "max": 4.60073280334, "var": 0.737668037415, "mean": 1.49635386467}}, "metadata": {"audio_properties": {"equal_loudness": 0, "codec": "mp3", "downmix": "mix", "sample_rate": 44100, "analysis_sample_rate": 44100, "bit_rate": 192000, "md5_encoded": "e9dae5397fc26fae4e7688db0820fd01", "length": 338.651428223, "replay_gain": -8.84219551086, "lossless": false}, "version": {"essentia_build_sha": "26c37b627ab5a2028d412893e0969599b764ad4d", "essentia": "2.1-beta2", "extractor": "music 1.0", "essentia_git_sha": "v2.1_beta2"}, "tags": {"title": ["The Son of a Father (live)"], "albumartist": ["Xavier Rudd"], "musicbrainz_recordingid": ["1a5eb7bf-8bb4-4826-bd52-3dff0cb8966d"], "mood": ["Mellow; Chill; Relaxed; Uplifting"], "originalyear": ["2001"], "discnumber": ["1/1"], "contentgroup": ["Folk"], "musicbrainz album type": ["album"], "musicbrainz album status": ["official"], "file_name": "06 The Son of a Father (live).mp3", "musicbrainz_albumartistid": ["6689a626-4de7-41d5-9ec3-5a289472a9e2"], "date": ["2001"], "genre": ["Folk; Acoustic; Roots"], "musicbrainz_releasegroupid": ["3bcbaa94-1d9e-3522-b016-54a87f4e9310"], "script": ["Latn"], "originaldate": ["2001"], "musicbrainz_albumid": ["4f740d23-68f8-4e6b-9d51-27381b1bd051"], "artist": ["Xavier Rudd"], "tracknumber": ["6/13"], "artistsort": ["Rudd, Xavier"], "album": ["Live in Canada"], "musicbrainz album release country": ["AU"], "albumartistsort": ["Rudd, Xavier"], "musicbrainz_artistid": ["6689a626-4de7-41d5-9ec3-5a289472a9e2"]}}, "rhythm": {"bpm_histogram_first_peak_bpm": {"dmean2": 0, "median": 117, "min": 117, "dvar2": 0, "dvar": 0, "dmean": 0, "max": 117, "var": 0, "mean": 117}, "bpm": 117.994789124, "bpm_histogram_second_peak_spread": {"dmean2": 0, "median": 0.205298006535, "min": 0.205298006535, "dvar2": 0, "dvar": 0, "dmean": 0, "max": 0.205298006535, "var": 0, "mean": 0.205298006535}, "bpm_histogram_first_peak_weight": {"dmean2": 0, "median": 0.225266367197, "min": 0.225266367197, "dvar2": 0, "dvar": 0, "dmean": 0, "max": 0.225266367197, "var": 0, "mean": 0.225266367197}, "onset_rate": 3.37208342552, "beats_position": [0.568888902664, 1.13777780533, 1.70666658878, 2.28716540337, 2.85605430603, 3.41333317757, 3.98222208023, 4.53950119019, 5.0967798233, 5.66566896439, 6.2229475975, 6.78022670746, 7.33750534058, 7.89478445053, 8.45206356049, 9.04417228699, 9.63628101349, 10.2399997711, 10.8321084976, 11.4009971619, 11.9582767487, 12.5155553818, 13.0612239838, 13.5952835083, 14.1409521103, 14.6982307434, 15.2322902679, 15.7663488388, 16.3004074097, 16.8344669342, 17.3801364899, 17.9258041382, 18.4482536316, 18.9823131561, 19.5279808044, 20.062040329, 20.5844898224, 21.0953292847, 21.6177768707, 22.1518363953, 22.7091159821, 23.2663936615, 23.8120632172, 24.3577327728, 24.89179039, 25.4258499146, 25.9366893768, 26.4591369629, 26.9699764252, 27.4924259186, 28.0380954742, 28.5605430603, 29.0829925537, 29.6054420471, 30.1162815094, 30.6387290955, 31.1495685577, 31.6836280823, 32.2060775757, 32.7401351929, 33.2625846863, 33.7966423035, 34.3307037354, 34.8647613525, 35.3755989075, 35.8980484009, 36.4321098328, 36.96616745, 37.4886169434, 38.0110664368, 38.5219039917, 39.0327415466, 39.55519104, 40.0776405334, 40.6000900269, 41.134147644, 41.6565971375, 42.1906585693, 42.713104248, 43.2355537415, 43.7463951111, 44.2804527283, 44.7912902832, 45.3021316528, 45.801361084, 46.3005905151, 46.8114280701, 47.322265625, 47.8447151184, 48.3671646118, 48.901222229, 49.4352836609, 49.9577331543, 50.480178833, 50.9910202026, 51.5018577576, 52.0126991272, 52.5235366821, 53.0343742371, 53.5452156067, 54.0328330994, 54.5204544067, 55.0312919617, 55.5421295166, 56.0529708862, 56.5638084412, 57.0746459961, 57.5970954895, 58.1195449829, 58.6303825378, 59.1528320312, 59.6636734009, 60.162902832, 60.6853485107, 61.2194099426, 61.7534675598, 62.2991371155, 62.8564147949, 63.4020843506, 63.9477539062, 64.4934234619, 65.0390930176, 65.5963668823, 66.1304321289, 66.6644897461, 67.1869354248, 67.7093887329, 68.2086181641, 68.7310638428, 69.2419052124, 69.7527389526, 70.2635803223, 70.7628097534, 71.2620391846, 71.7728805542, 72.2721099854, 72.7713394165, 73.2937850952, 73.8162307739, 74.338684082, 74.8611297607, 75.3951950073, 75.9060287476, 76.4052581787, 76.9160995483, 77.4385452271, 77.9493865967, 78.4486160278, 78.947845459, 79.4354629517, 79.9230804443, 80.4455337524, 80.9563674927, 81.4788208008, 82.012878418, 82.5469360352, 83.0809936523, 83.6150588989, 84.1491165161, 84.6599502563, 85.170791626, 85.6932373047, 86.1924667358, 86.691696167, 87.1909255981, 87.6901550293, 88.177772522, 88.665397644, 89.1530151367, 89.6522445679, 90.1630859375, 90.6739196777, 91.1847610474, 91.695602417, 92.2064361572, 92.6824493408, 93.181678772, 93.7041244507, 94.2033538818, 94.6909713745, 95.1902008057, 95.6778182983, 96.1770477295, 96.6762771606, 97.1755065918, 97.6747360229, 98.1855773926, 98.6964187622, 99.1956481934, 99.7064819336, 100.217323303, 100.728164673, 101.238998413, 101.738227844, 102.237457275, 102.725074768, 103.235916138, 103.746757507, 104.257591248, 104.756820679, 105.25605011, 105.766891479, 106.277732849, 106.77696228, 107.276191711, 107.787025452, 108.297866821, 108.808708191, 109.319541931, 109.830383301, 110.34122467, 110.863670349, 111.386123657, 111.896957397, 112.396186829, 112.89541626, 113.406257629, 113.917098999, 114.427932739, 114.92716217, 115.426391602, 115.937232971, 116.448066711, 116.958908081, 117.469749451, 117.968978882, 118.468208313, 118.979042053, 119.478271484, 119.977500916, 120.488342285, 120.999183655, 121.510017395, 122.020858765, 122.531700134, 123.042533875, 123.553375244, 124.052604675, 124.551834106, 125.051063538, 125.561904907, 126.072738647, 126.583580017, 127.094421387, 127.593650818, 128.081268311, 128.592102051, 129.10295105, 129.602172852, 130.089797974, 130.589019775, 131.099868774, 131.610702515, 132.121536255, 132.667205811, 133.212875366, 133.758544922, 134.315826416, 134.861495972, 135.395553589, 135.929611206, 136.463668823, 136.986114502, 137.520172119, 138.054244995, 138.553466797, 139.064300537, 139.586761475, 140.120819092, 140.654876709, 141.177322388, 141.676544189, 142.199005127, 142.744674683, 143.2787323, 143.801177979, 144.335235596, 144.857681274, 145.391738892, 145.937408447, 146.471466064, 147.005523682, 147.551193237, 148.085250854, 148.607711792, 149.141769409, 149.675827026, 150.175048828, 150.685897827, 151.208343506, 151.719177246, 152.230026245, 152.752471924, 153.286529541, 153.820587158, 154.343032837, 154.865478516, 155.387939453, 155.92199707, 156.444442749, 156.955276489, 157.466125488, 157.96534729, 158.464584351, 158.975418091, 159.474639893, 159.962265015, 160.438278198, 160.914276123, 161.378677368, 161.854690552, 162.37713623, 162.887985229, 163.410430908, 163.932876587, 164.443710327, 164.966171265, 165.488616943, 166.011062622, 166.487075806, 166.974685669, 167.473922729, 167.98475647, 168.472381592, 168.959991455, 169.447616577, 169.946838379, 170.434463501, 170.933700562, 171.421310425, 171.920547485, 172.431381226, 172.942214966, 173.453063965, 173.952285767, 174.439910889, 174.93913269, 175.438369751, 175.949203491, 176.436828613, 176.936050415, 177.435287476, 177.934509277, 178.433731079, 178.956192017, 179.478637695, 179.989471436, 180.511917114, 181.022766113, 181.510375977, 182.009613037, 182.508834839, 183.019683838, 183.51890564, 184.029754639, 184.505752563, 184.993377686, 185.480987549, 185.968612671, 186.456237793, 186.943847656, 187.443084717, 187.919082642, 188.418319702, 188.917541504, 189.416778564, 189.916000366, 190.39201355, 190.89125061, 191.390472412, 191.889694214, 192.365707397, 192.85333252, 193.329345703, 193.816955566, 194.304580688, 194.80380249, 195.303039551, 195.790649414, 196.278274536, 196.765899658, 197.253509521, 197.741134644, 198.228744507, 198.739593506, 199.238815308, 199.714828491, 200.202438354, 200.678451538, 201.154464722, 201.642089844, 202.129699707, 202.617324829, 203.128158569, 203.63899231, 204.126617432, 204.614242554, 205.101852417, 205.601089478, 206.088699341, 206.587936401, 207.075546265, 207.563171387, 208.03918457, 208.515182495, 209.002807617, 209.490432739, 209.978042603, 210.465667725, 210.953277588, 211.44090271, 211.928527832, 212.416137695, 212.903762817, 213.391372681, 213.878997803, 214.366622925, 214.865844727, 215.353469849, 215.841079712, 216.317092896, 216.793106079, 217.292327881, 217.779953003, 218.279174805, 218.755187988, 219.24281311, 219.742034912, 220.241271973, 220.728881836, 221.20489502, 221.680908203, 222.168518066, 222.656143188, 223.132156372, 223.596542358, 224.060943604, 224.560180664, 225.071014404, 225.581848145, 226.092697144, 226.603530884, 227.114364624, 227.625213623, 228.136047363, 228.646896362, 229.157730103, 229.668563843, 230.156188965, 230.643798828, 231.143035889, 231.64225769, 232.141494751, 232.640716553, 233.139953613, 233.639175415, 234.126800537, 234.6144104, 235.102035522, 235.612869263, 236.100494385, 236.599716187, 237.098953247, 237.609786987, 238.120635986, 238.619857788, 239.119094849, 239.629928589, 240.140762329, 240.63999939, 241.139221191, 241.65007019, 242.160903931, 242.660125732, 243.159362793, 243.658584595, 244.157821655, 244.645431519, 245.144668579, 245.643890381, 246.15473938, 246.66557312, 247.164810181, 247.675643921, 248.174865723, 248.662490845, 249.173324585, 249.684173584, 250.183395386, 250.694229126, 251.193466187, 251.692687988, 252.18031311, 252.679534912, 253.167160034, 253.666397095, 254.165618896, 254.664840698, 255.164077759, 255.651702881, 256.139312744, 256.626922607, 257.126159668, 257.625396729, 258.124633789, 258.623840332, 259.111480713, 259.610687256, 260.109924316, 260.59753418, 261.085174561, 261.596008301, 262.083618164, 262.582855225, 263.082092285, 263.569702148, 264.057312012, 264.544952393, 265.032562256, 265.520172119, 266.007781982, 266.507019043, 267.006256104, 267.517089844, 268.016326904, 268.515563965, 268.991546631, 269.479187012, 269.978393555, 270.466033936, 270.930419922, 271.418029785, 271.905670166, 272.393280029, 272.880889893, 273.368530273, 273.867736816, 274.366973877, 274.85458374, 275.342224121, 275.829833984, 276.317443848, 276.816680908, 277.292694092, 277.780303955, 278.267944336, 278.743927002, 279.243164062, 279.730773926, 280.218414307, 280.717651367, 281.21685791, 281.704498291, 282.192108154, 282.679718018, 283.155731201, 283.631744385, 284.119354248, 284.606964111, 285.094604492, 285.582214355, 286.069824219, 286.545837402, 287.033477783, 287.521087646, 288.020324707, 288.496307373, 288.972320557, 289.459960938, 289.947570801, 290.435180664, 290.922821045, 291.433654785, 291.944488525, 292.455322266, 292.966156006, 293.500213623, 294.03427124, 294.54510498, 295.055969238, 295.555175781, 296.042816162, 296.542022705, 297.052886963, 297.552093506, 298.051330566, 298.562164307, 299.072998047, 299.595458984, 300.106292725, 300.593902588, 301.093139648, 301.603973389, 302.126434326, 302.648895264, 303.159729004, 303.670562744, 304.169799805, 304.692230225, 305.214691162, 305.7371521, 306.24798584, 306.747192383, 307.258056641, 307.722442627, 308.198455811, 308.674468994, 309.173675537, 309.672912598, 310.172149658, 310.682983398, 311.193817139, 311.716278076, 312.250335693, 312.784393311, 313.318450928, 313.840911865, 314.363342285, 314.885803223, 315.396636963, 315.884246826, 316.383483887, 316.882720947, 317.393554688, 317.927612305, 318.461669922, 318.995727539, 319.529785156, 320.075469971, 320.621124268, 321.259674072, 321.875, 322.490325928, 323.105651855, 323.720977783, 324.336334229, 324.940032959, 325.555358887, 326.147491455, 326.751190186, 327.343292236, 327.935424805, 328.515899658, 329.096405029, 329.68850708, 330.280639648, 330.861114502, 331.46484375, 332.068572998, 332.672271729, 333.32244873, 333.972595215, 334.634368896, 335.296142578, 335.95791626, 336.619689941, 337.281433105, 337.954833984], "beats_loudness": {"dmean2": 0.0189594570547, "median": 0.00867581833154, "min": 0, "dvar2": 0.000582685519475, "dvar": 0.000236104868236, "dmean": 0.0114057529718, "max": 0.198857828975, "var": 0.00268063461408, "mean": 0.0388048067689}, "danceability": 1.00610458851, "bpm_histogram_second_peak_weight": {"dmean2": 0, "median": 0.182648405433, "min": 0.182648405433, "dvar2": 0, "dvar": 0, "dmean": 0, "max": 0.182648405433, "var": 0, "mean": 0.182648405433}, "beats_count": 658, "bpm_histogram_second_peak_bpm": {"dmean2": 0, "median": 123, "min": 123, "dvar2": 0, "dvar": 0, "dmean": 0, "max": 123, "var": 0, "mean": 123}, "bpm_histogram_first_peak_spread": {"dmean2": 0, "median": 0.594520568848, "min": 0.594520568848, "dvar2": 0, "dvar": 0, "dmean": 0, "max": 0.594520568848, "var": 0, "mean": 0.594520568848}, "beats_loudness_band_ratio": {"dmean2": [0.452160358429, 0.251218616962, 0.29201182723, 0.0814756453037, 0.04343521595, 0.0323930718005], "median": [0.711562633514, 0.111835896969, 0.0993444994092, 0.0181922987103, 0.00646715797484, 0.000829738564789], "min": [0, 0, 0, 0, 0, 0], "dvar2": [0.198922291398, 0.0684087201953, 0.0882706493139, 0.0141261322424, 0.0089753055945, 0.0217459667474], "dvar": [0.0665069743991, 0.0232135560364, 0.0294814202935, 0.00542555190623, 0.0034283362329, 0.00726065551862], "dmean": [0.250844091177, 0.143018990755, 0.15946701169, 0.0463095232844, 0.0246828235686, 0.0169804114848], "max": [0.99988257885, 0.956790268421, 0.985615611076, 0.67178851366, 0.615111470222, 0.912012696266], "var": [0.10133112222, 0.0287194438279, 0.0337140150368, 0.00723750982434, 0.00539095513523, 0.00383942830376], "mean": [0.610379457474, 0.163635149598, 0.173217177391, 0.0469722561538, 0.0278923511505, 0.0114074712619]}}, "lowlevel": {"barkbands_spread": {"dmean2": 3.76086163521, "median": 5.72753190994, "min": 0.10308213532, "dvar2": 44.5668106079, "dvar": 20.4100189209, "dmean": 2.4661655426, "max": 98.2045440674, "var": 84.4452285767, "mean": 8.7786655426}, "melbands_spread": {"dmean2": 5.05386018753, "median": 6.70446252823, "min": 0.0202947333455, "dvar2": 110.305976868, "dvar": 51.6028022766, "dmean": 3.3197042942, "max": 208.205688477, "var": 371.116210938, "mean": 12.5902280807}, "hfc": {"dmean2": 3.11654257774, "median": 1.45703458786, "min": 1.07610526543e-16, "dvar2": 42.4542350769, "dvar": 19.3856983185, "dmean": 2.11926484108, "max": 112.947380066, "var": 218.587997437, "mean": 9.76986885071}, "barkbands_kurtosis": {"dmean2": 10.8373422623, "median": 3.78524780273, "min": -1.94142639637, "dvar2": 924.372741699, "dvar": 365.531494141, "dmean": 6.75468444824, "max": 674.044555664, "var": 829.92376709, "mean": 11.8409881592}, "gfcc": {"mean": [-200.237731934, 153.688262939, -98.247795105, 9.7700920105, -50.1192932129, -3.92157053947, -36.8593559265, 5.56995725632, -12.0196504593, -6.75212097168, -6.84776210785, -7.88059234619, -8.19237518311], "icov": [[6.70413865009e-05, -0.000144256177009, 0.00014519438264, -6.54604591546e-05, 0.000112367823021, -0.000125032282085, 0.000164453318575, -0.000266442453722, 3.43060637533e-05, -0.000218880406464, 0.000123749807244, -0.000289790070383, 0.000305076391669], [-0.000144256177009, 0.00109324860387, -0.000532641191967, 0.000528339762241, -0.000216738349991, 0.000523771101143, -0.000202116527362, 0.000824859191198, -0.000539943983313, 0.00151307496708, -0.000917116878554, 0.00161218491849, -0.00105628406163], [0.00014519438264, -0.000532641191967, 0.00110923231114, -0.000699095777236, 0.00010504959937, -0.000255750026554, -0.000285525777144, 0.000199894726393, 0.000151833810378, -0.000667771499138, 0.00028637048672, -0.00058897951385, 0.000424365833169], [-6.54604591546e-05, 0.000528339762241, -0.000699095777236, 0.00182675069664, -0.000701656041201, -0.000180986186024, 0.000699482101481, -0.000544407463167, 0.000148537990754, 0.000533570244443, -0.000389503664337, 0.000735581328627, -0.00090726360213], [0.000112367823021, -0.000216738349991, 0.00010504959937, -0.000701656041201, 0.00401728413999, -0.00146569206845, -0.000573152734432, -0.000545018701814, -0.00191631005146, 0.000158220922458, -0.00019668112509, 0.000541606976185, 0.00135364220478], [-0.000125032282085, 0.000523771101143, -0.000255750026554, -0.000180986186024, -0.00146569206845, 0.00525465421379, -0.00229556905106, -0.000211529026274, 0.00109334453009, -0.00132352660876, 0.000417666888097, -0.000584242574405, -0.000381566671422], [0.000164453318575, -0.000202116527362, -0.000285525777144, 0.000699482101481, -0.000573152734432, -0.00229556905106, 0.00782169960439, -0.00171200407203, -6.37000484858e-05, 0.000782454153523, -0.00109696295112, -0.000121714452689, -0.00204567448236], [-0.000266442453722, 0.000824859191198, 0.000199894726393, -0.000544407463167, -0.000545018701814, -0.000211529026274, -0.00171200407203, 0.0100698219612, -0.00180004886352, -0.000537394953426, -9.55682698986e-05, -0.00129282101989, 0.000964918755926], [3.43060637533e-05, -0.000539943983313, 0.000151833810378, 0.000148537990754, -0.00191631005146, 0.00109334453009, -6.37000484858e-05, -0.00180004886352, 0.00996032636613, -0.00193351169582, -0.00122811563779, -4.08707310271e-05, -0.00311936764047], [-0.000218880406464, 0.00151307496708, -0.000667771499138, 0.000533570244443, 0.000158220922458, -0.00132352660876, 0.000782454153523, -0.000537394953426, -0.00193351169582, 0.0105744730681, -0.00279687624425, -0.000429921637988, -0.000970349588897], [0.000123749807244, -0.000917116878554, 0.00028637048672, -0.000389503664337, -0.00019668112509, 0.000417666888097, -0.00109696295112, -9.55682698986e-05, -0.00122811563779, -0.00279687624425, 0.0105158295482, -0.00299117527902, -0.000757251866162], [-0.000289790070383, 0.00161218491849, -0.00058897951385, 0.000735581328627, 0.000541606976185, -0.000584242574405, -0.000121714452689, -0.00129282101989, -4.08707310271e-05, -0.000429921637988, -0.00299117527902, 0.0145732397214, -0.00526372762397], [0.000305076391669, -0.00105628406163, 0.000424365833169, -0.00090726360213, 0.00135364220478, -0.000381566671422, -0.00204567448236, 0.000964918755926, -0.00311936764047, -0.000970349588897, -0.000757251866162, -0.00526372762397, 0.0168682541698]], "cov": [[44462.9648438, -1961.78918457, -6168.22265625, -736.890014648, -1144.40515137, 541.135986328, -1078.47387695, 1349.80114746, -267.158325195, 920.108764648, -310.452026367, 780.272460938, -682.30682373], [-1961.78918457, 3573.94360352, 944.402648926, -614.352600098, -79.8099212646, -611.445800781, 12.5199155807, -483.335906982, 89.8834686279, -536.273193359, 66.5933303833, -399.529663086, 88.3067703247], [-6168.22265625, 944.402648926, 2324.26367188, 508.629302979, 259.938140869, -13.1615447998, 213.022964478, -233.482849121, 61.3274612427, -136.907043457, 78.3441390991, -131.10383606, 123.683708191], [-736.890014648, -614.352600098, 508.629302979, 992.54284668, 236.000274658, 213.496994019, 34.273639679, 109.845336914, 17.40924263, 94.0116577148, 21.3954601288, 49.564994812, 24.2634868622], [-1144.40515137, -79.8099212646, 259.938140869, 236.000274658, 420.394165039, 152.959579468, 102.842681885, 40.7572174072, 79.2035980225, 25.162065506, 36.7328033447, -5.42976093292, 17.7675304413], [541.135986328, -611.445800781, -13.1615447998, 213.496994019, 152.959579468, 410.749359131, 104.834785461, 131.580856323, 3.22365236282, 144.404052734, 15.0351657867, 100.235786438, 6.79864692688], [-1078.47387695, 12.5199155807, 213.022964478, 34.273639679, 102.842681885, 104.834785461, 216.580352783, 17.0341320038, 35.9059333801, 7.37549114227, 43.800907135, 15.0894498825, 49.9220809937], [1349.80114746, -483.335906982, -233.482849121, 109.845336914, 40.7572174072, 131.580856323, 17.0341320038, 215.555618286, 21.3529815674, 110.33506012, 7.29152536392, 87.5650787354, -15.507900238], [-267.158325195, 89.8834686279, 61.3274612427, 17.40924263, 79.2035980225, 3.22365236282, 35.9059333801, 21.3529815674, 147.302337646, 25.3414230347, 45.2411384583, 10.9214143753, 40.8404312134], [920.108764648, -536.273193359, -136.907043457, 94.0116577148, 25.162065506, 144.404052734, 7.37549114227, 110.33506012, 25.3414230347, 217.759277344, 34.7500152588, 96.7895584106, 3.08477735519], [-310.452026367, 66.5933303833, 78.3441390991, 21.3954601288, 36.7328033447, 15.0351657867, 43.800907135, 7.29152536392, 45.2411384583, 34.7500152588, 133.940216064, 30.902381897, 37.2729682922], [780.272460938, -399.529663086, -131.10383606, 49.564994812, -5.42976093292, 100.235786438, 15.0894498825, 87.5650787354, 10.9214143753, 96.7895584106, 30.902381897, 149.8565979, 22.0953102112], [-682.30682373, 88.3067703247, 123.683708191, 24.2634868622, 17.7675304413, 6.79864692688, 49.9220809937, -15.507900238, 40.8404312134, 3.08477735519, 37.2729682922, 22.0953102112, 97.3134918213]]}, "spectral_energyband_middle_low": {"dmean2": 0.00350096332841, "median": 0.00252940272912, "min": 1.49444271131e-22, "dvar2": 5.11305879627e-05, "dvar": 2.5546474717e-05, "dmean": 0.00247510918416, "max": 0.124693490565, "var": 0.000212336948607, "mean": 0.00921050366014}, "melbands_crest": {"dmean2": 4.6984577179, "median": 16.4565696716, "min": 1.13146531582, "dvar2": 25.6432304382, "dvar": 11.4698476791, "dmean": 3.09743976593, "max": 39.4191513062, "var": 47.9715919495, "mean": 17.1037387848}, "spectral_kurtosis": {"dmean2": 17.74360466, "median": 13.3087816238, "min": -1.27556669712, "dvar2": 661.846191406, "dvar": 290.689208984, "dmean": 10.965968132, "max": 277.166473389, "var": 1628.43603516, "mean": 31.1539554596}, "spectral_rms": {"dmean2": 0.000870945281349, "median": 0.00221631024033, "min": 3.12157656494e-12, "dvar2": 2.86199701804e-06, "dvar": 1.29412171646e-06, "dmean": 0.00060654792469, "max": 0.0175931192935, "var": 8.28161046229e-06, "mean": 0.00321818003431}, "zerocrossingrate": {"dmean2": 0.00553514854982, "median": 0.02099609375, "min": 0.0009765625, "dvar2": 7.77786699473e-05, "dvar": 6.10151037108e-05, "dmean": 0.00459319166839, "max": 0.53466796875, "var": 0.00468012876809, "mean": 0.0363559648395}, "silence_rate_60dB": {"dmean2": 0.0973669812083, "median": 0, "min": 0, "dvar2": 0.0966747477651, "dvar": 0.0463179387152, "dmean": 0.0486801490188, "max": 1, "var": 0.24354596436, "mean": 0.419443309307}, "erbbands_kurtosis": {"dmean2": 2.85695171356, "median": 1.0769276619, "min": -1.85826301575, "dvar2": 55.0242004395, "dvar": 24.0919857025, "dmean": 1.81475865841, "max": 184.64414978, "var": 74.1201553345, "mean": 3.18039178848}, "erbbands": {"dmean2": [0.266854554415, 1.60168612003, 2.79628777504, 2.36366462708, 1.65044391155, 1.02890908718, 2.40163397789, 11.3680553436, 27.8938770294, 8.12558364868, 18.3348388672, 6.79695463181, 16.7739620209, 16.6751041412, 4.50546169281, 15.8903264999, 6.58307647705, 12.7038049698, 12.4204893112, 6.14744663239, 8.25622558594, 7.93565368652, 6.17016553879, 4.87081432343, 2.24806022644, 1.35646438599, 0.522939741611, 0.753731369972, 0.619665324688, 0.398673832417, 0.247245937586, 0.399890631437, 0.246123537421, 0.126367211342, 0.0768136978149, 0.0242098756135, 0.00615327944979, 0.00179075903725, 0.000446166086476, 3.14764474751e-05], "median": [0.00260905968025, 0.0380910411477, 0.347184568644, 0.891065359116, 0.816415190697, 0.887297689915, 1.73593115807, 2.73885250092, 4.07187843323, 2.2635269165, 3.50114583969, 2.22658252716, 1.4263228178, 1.05204343796, 0.484961301088, 0.543667435646, 0.30337163806, 0.347418159246, 0.209779858589, 0.139819711447, 0.18560731411, 0.194435924292, 0.131646350026, 0.0826407149434, 0.0408719852567, 0.019615041092, 0.00805848278105, 0.012916315347, 0.0083601474762, 0.00465694488958, 0.00209905160591, 0.0019266041927, 0.00204458972439, 0.000879071420059, 0.000342322804499, 0.000133121429826, 3.02934786305e-05, 2.71369162874e-06, 2.87255352305e-06, 5.77471564611e-06], "min": [1.21793333251e-22, 8.22789093313e-22, 1.98566180267e-21, 2.88109228785e-21, 1.12398553714e-20, 2.69952945534e-20, 3.80617885396e-20, 6.50423295513e-20, 1.05538016264e-19, 1.05072830567e-19, 2.8917376015e-19, 4.28522596544e-19, 3.53091815539e-19, 8.25289574275e-19, 7.90635411199e-19, 9.43716091996e-19, 8.86779596073e-19, 2.17840599255e-18, 2.30082024461e-18, 2.98590549679e-18, 4.08708369019e-18, 3.42009280712e-18, 5.15610503049e-18, 6.66699301912e-18, 7.08176619367e-18, 8.06433599301e-18, 9.63548450286e-18, 1.0130614138e-17, 9.97438701726e-18, 1.05587355261e-17, 1.14622715266e-17, 1.20196729727e-17, 8.24924477432e-18, 8.25903776559e-18, 6.42940854922e-18, 3.72172049517e-18, 2.27146546583e-18, 9.66377635455e-19, 2.56594295297e-19, 2.64772145337e-20], "dvar2": [1.1370228529, 51.3534355164, 107.556045532, 36.8043251038, 15.7199392319, 11.6912727356, 43.9687538147, 1025.07543945, 5814.69335938, 704.976745605, 5635.53027344, 401.601379395, 5400.97021484, 5827.33837891, 208.609176636, 3768.5690918, 651.621276855, 1391.859375, 2087.62207031, 333.280822754, 465.931274414, 488.594360352, 340.167541504, 171.389541626, 115.134368896, 46.1828575134, 5.18359899521, 7.78793764114, 5.64761447906, 2.19811010361, 1.26251292229, 5.07376480103, 0.910189688206, 0.288776040077, 0.0802644267678, 0.00834165047854, 0.000595648656599, 5.62796667509e-05, 4.19853768108e-06, 1.18585194997e-08], "dvar": [0.530749320984, 19.4197616577, 36.9765739441, 13.1704759598, 5.97308015823, 4.53025579453, 18.0943908691, 473.355285645, 3133.22680664, 367.873657227, 3047.43310547, 186.76890564, 2357.69506836, 2521.84326172, 100.963470459, 1454.77490234, 265.438262939, 585.307312012, 883.070068359, 147.981140137, 189.704879761, 225.061691284, 148.003341675, 72.6301193237, 46.9363174438, 18.3778362274, 2.03531193733, 3.62097716331, 2.62833762169, 0.90276068449, 0.507887244225, 1.99530911446, 0.402068763971, 0.122671253979, 0.0356531962752, 0.00364282843657, 0.000255532271694, 2.47998505074e-05, 1.84700240879e-06, 5.05765607173e-09], "dmean": [0.187110885978, 0.980163633823, 1.52719283104, 1.42564201355, 1.02185714245, 0.664774537086, 1.58938252926, 7.67810773849, 20.7918777466, 5.70023679733, 13.1927146912, 4.74658584595, 11.0799474716, 11.0090322495, 2.96407675743, 10.3654346466, 4.24570274353, 8.12722682953, 8.02742290497, 3.82918381691, 5.2252831459, 5.25696134567, 3.99334645271, 3.069242239, 1.42050170898, 0.853859305382, 0.326065301895, 0.496759206057, 0.413182377815, 0.260079741478, 0.164578378201, 0.264483898878, 0.162989392877, 0.0816755443811, 0.0508841089904, 0.0160544086248, 0.00404440471902, 0.00118590774946, 0.000286055612378, 2.05872875085e-05], "max": [9.24073219299, 53.4317016602, 79.3774795532, 81.6076278687, 51.9283866882, 128.27456665, 149.655105591, 666.97857666, 1653.08972168, 869.480529785, 2539.94140625, 666.370849609, 2248.41894531, 2362.54296875, 857.110656738, 1862.35217285, 742.575500488, 839.564941406, 1142.8458252, 878.086608887, 561.51373291, 679.293945312, 444.264312744, 367.54107666, 423.647003174, 279.511627197, 63.6600418091, 96.4159011841, 74.7847290039, 21.2133274078, 25.909570694, 77.4622421265, 23.2743625641, 13.2277545929, 7.49713373184, 1.63780283928, 0.403612226248, 0.141332432628, 0.0366680398583, 0.00157078600023], "var": [0.683637320995, 17.9115276337, 24.2117042542, 15.6661758423, 13.7306585312, 12.700756073, 56.6522293091, 2857.66479492, 20787.7675781, 2406.53881836, 20791.8320312, 1282.88244629, 8533.62011719, 8971.57226562, 550.26776123, 4635.62548828, 679.693969727, 2546.84985352, 4109.05273438, 608.83026123, 1166.4420166, 1472.85144043, 673.506835938, 297.110931396, 91.7062988281, 27.1977748871, 3.81342959404, 12.7303314209, 6.43849134445, 1.24172401428, 0.619528949261, 2.15264415741, 0.596734344959, 0.168892860413, 0.0582198277116, 0.00486190523952, 0.000306098052533, 2.83879035123e-05, 1.86693534943e-06, 6.62606192137e-09], "mean": [0.197581961751, 0.970790624619, 1.6194614172, 2.2692489624, 2.09795308113, 1.8530548811, 4.61965608597, 20.9878845215, 60.4237480164, 16.5658779144, 39.0304870605, 16.666349411, 25.284860611, 24.0799674988, 7.72984790802, 20.7592582703, 10.2901124954, 19.2426528931, 19.5948429108, 9.56547737122, 13.2251462936, 14.5549240112, 10.4652309418, 7.2398481369, 2.88490867615, 1.5691280365, 0.621240198612, 0.962154328823, 0.705666422844, 0.386197954416, 0.236797004938, 0.358233273029, 0.240107312799, 0.105231322348, 0.073625177145, 0.020853523165, 0.00500007672235, 0.00133290246595, 0.000268587871687, 3.42768034898e-05]}, "spectral_strongpeak": {"dmean2": 0.472635477781, "median": 0.293887525797, "min": 0, "dvar2": 0.851036548615, "dvar": 0.370050519705, "dmean": 0.293831467628, "max": 11.2296390533, "var": 1.55884492397, "mean": 0.864082932472}, "spectral_energy": {"dmean2": 0.0114829083905, "median": 0.00503483228385, "min": 9.98784642844e-21, "dvar2": 0.00125372735783, "dvar": 0.000520939996932, "dmean": 0.00769940856844, "max": 0.317255795002, "var": 0.00108345760964, "mean": 0.0191042460501}, "average_loudness": 0.0976157486439, "spectral_rolloff": {"dmean2": 287.990386963, "median": 495.263671875, "min": 21.533203125, "dvar2": 433683.71875, "dvar": 198470.25, "dmean": 174.649200439, "max": 19745.9472656, "var": 6174382, "mean": 1045.45788574}, "spectral_centroid": {"dmean2": 177.65612793, "median": 517.591125488, "min": 53.2738876343, "dvar2": 152053.421875, "dvar": 71377.5859375, "dmean": 115.524673462, "max": 12023.1894531, "var": 1087846.5, "mean": 796.693237305}, "pitch_salience": {"dmean2": 0.101560793817, "median": 0.511876881123, "min": 0.0297061000019, "dvar2": 0.0118722710758, "dvar": 0.00502873631194, "dmean": 0.0655350163579, "max": 0.995896816254, "var": 0.0244471486658, "mean": 0.497312664986}, "spectral_energyband_middle_high": {"dmean2": 0.00121203332674, "median": 0.000141138676554, "min": 1.12212038218e-21, "dvar2": 1.14163276521e-05, "dvar": 5.01340673509e-06, "dmean": 0.000813379068859, "max": 0.071954511106, "var": 3.73227412638e-05, "mean": 0.00305080018006}, "spectral_contrast_coeffs": {"dmean2": [0.0697676613927, 0.0635508298874, 0.0542954877019, 0.0447604060173, 0.0349105782807, 0.0280988607556], "median": [-0.636616170406, -0.677117466927, -0.742227077484, -0.785814166069, -0.773458480835, -0.805472493172], "min": [-0.9757604599, -0.988057911396, -0.994474112988, -0.997611165047, -0.983407795429, -0.965337574482], "dvar2": [0.00343829463236, 0.00355121353641, 0.00263286312111, 0.00163797615096, 0.000973569578491, 0.000641800113954], "dvar": [0.00150454277173, 0.00158929021563, 0.00126926670782, 0.000794438121375, 0.000486175325932, 0.000312256772304], "dmean": [0.0442302189767, 0.040448192507, 0.0352966599166, 0.0289572700858, 0.0233613215387, 0.0188957247883], "max": [-0.319775462151, -0.305070608854, -0.40015873313, -0.458070844412, -0.395731717348, -0.552092015743], "var": [0.0117002734914, 0.01190053951, 0.00988447200507, 0.00777115719393, 0.007966440171, 0.00342444004491], "mean": [-0.63640666008, -0.676172375679, -0.742378771305, -0.781819820404, -0.769693791866, -0.803390145302]}, "melbands_skewness": {"dmean2": 1.20703971386, "median": 1.84734630585, "min": -3.39071369171, "dvar2": 4.53720426559, "dvar": 1.92673206329, "dmean": 0.794454932213, "max": 45.4898147583, "var": 5.70855998993, "mean": 2.38802480698}, "spectral_spread": {"dmean2": 750242.375, "median": 2525684, "min": 313366.15625, "dvar2": 1941168979970.0, "dvar": 833230602240, "dmean": 497912.4375, "max": 42676092, "var": 11073682931700.0, "mean": 2874928.75}, "dissonance": {"dmean2": 0.0461952164769, "median": 0.421357929707, "min": 0, "dvar2": 0.00237222318538, "dvar": 0.000939717108849, "dmean": 0.0280844774097, "max": 0.500000119209, "var": 0.00435670185834, "mean": 0.406336724758}, "spectral_skewness": {"dmean2": 1.11516201496, "median": 2.71149778366, "min": -0.234462231398, "dvar2": 1.71188735962, "dvar": 0.781467556953, "dmean": 0.700437307358, "max": 13.3939437866, "var": 5.82711791992, "mean": 3.67952060699}, "spectral_flux": {"dmean2": 0.0314359590411, "median": 0.025779440999, "min": 6.38768343775e-11, "dvar2": 0.00348200998269, "dvar": 0.00156096706633, "dmean": 0.0201100874692, "max": 0.48676237464, "var": 0.00333261792548, "mean": 0.0457652248442}, "spectral_contrast_valleys": {"dmean2": [0.702095925808, 0.592352807522, 0.616708278656, 0.586712181568, 0.52448797226, 0.587271630764], "median": [-8.48018836975, -7.75597476959, -9.15340995789, -10.0305309296, -10.5031824112, -13.1701498032], "min": [-28.4559059143, -28.0352859497, -27.8748607635, -27.7120056152, -27.6127490997, -27.4417896271], "dvar2": [0.393133729696, 0.390541672707, 0.475504368544, 0.417132675648, 0.385279238224, 0.458191096783], "dvar": [0.20361803472, 0.199507951736, 0.240425080061, 0.217777147889, 0.207871243358, 0.256955057383], "dmean": [0.466838657856, 0.380934476852, 0.404093563557, 0.39240565896, 0.365049093962, 0.425571203232], "max": [-5.06989812851, -5.10626459122, -5.52965211868, -5.46037721634, -5.7474193573, -8.3711605072], "var": [5.95452404022, 5.93795490265, 6.15202760696, 5.88225030899, 5.62180376053, 4.70428562164], "mean": [-8.82873249054, -8.21806907654, -9.28994750977, -9.94085502625, -10.3881731033, -12.9397964478]}, "erbbands_flatness_db": {"dmean2": 0.0328932590783, "median": 0.241384863853, "min": 0.0538792572916, "dvar2": 0.00147393194493, "dvar": 0.000830937351566, "dmean": 0.0239850636572, "max": 0.493478089571, "var": 0.00642081955448, "mean": 0.248865634203}, "spectral_energyband_high": {"dmean2": 7.31934269425e-05, "median": 1.22165488392e-06, "min": 7.14546885898e-21, "dvar2": 6.73522535521e-08, "dvar": 3.12342613995e-08, "dmean": 5.08662087668e-05, "max": 0.00457693077624, "var": 6.82315715039e-08, "mean": 9.15332857403e-05}, "spectral_entropy": {"dmean2": 0.33872422576, "median": 6.43544483185, "min": 3.83465480804, "dvar2": 0.193560749292, "dvar": 0.0973993763328, "dmean": 0.236734062433, "max": 9.8205909729, "var": 0.955860674381, "mean": 6.39454078674}, "silence_rate_20dB": {"dmean2": 0, "median": 1, "min": 1, "dvar2": 0, "d