{"metadata": {"tags": {"musicbrainz_recordingid": ["1a612f5f-fed3-4897-81ed-ce30b7ca89c7"], "musicbrainz_artistid": ["e229170f-0340-44a9-a39f-f319c64bde75"], "genre": ["Irish"], "bpm": ["0"], "musicbrainz_albumid": ["064ad321-96dc-4dd7-9c94-e71dd83a4e09"], "artistsort": ["Simpson, Martin"], "albumartistsort": ["Various Artists"], "title": ["Lowlands of Holland"], "tracknumber": ["3/22"], "artist": ["Martin Simpson"], "musicbrainz_albumartistid": ["89ad4ac3-39f7-470e-963a-56509c546377"], "album": ["Ramble to Cashel (Celtic Fingerstyle Guitar, Vol. 1)"], "compilation": ["1"], "script": ["Latin"], "encodedby": ["iTunes 10.7"], "discnumber": ["1/1"], "date": ["2011"], "file_name": "03 Lowlands of Holland.m4a", "musicbrainz_releasegroupid": ["0d422f52-f190-3aa4-a07e-9255a6dce0d4"], "language": ["English"]}, "audio_properties": {"sample_rate": 44100, "downmix": "mix", "lossless": true, "analysis_sample_rate": 44100, "md5_encoded": "afa8086736af480b95ae9493c652146a", "equal_loudness": 0, "replay_gain": -7.93310928345, "codec": "alac", "bit_rate": 786444, "length": 175.36000061}, "version": {"extractor": "music 1.0", "essentia_build_sha": "c0e182ba78c2de26e491b7b7a4a2c98c1ed34208", "essentia_git_sha": "v2.1_beta2-2-gbb40004", "essentia": "2.1-beta2"}}, "rhythm": {"beats_loudness_band_ratio": {"dvar2": [0.110893920064, 0.070711992681, 0.0504693798721, 0.00685867946595, 0.000328766909661, 0.00228783721104], "var": [0.050712171942, 0.0354825221002, 0.0264891404659, 0.00245400331914, 0.000112820722279, 0.00565887056291], "min": [0.00112124404404, 0.0032098593656, 0.00476884609088, 0.000332555151545, 2.86170125037e-05, 3.91690009565e-05], "dmean": [0.192550688982, 0.189478352666, 0.155690908432, 0.0293399635702, 0.009033809416, 0.0087544573471], "mean": [0.253893822432, 0.566666841507, 0.218555867672, 0.0333532206714, 0.00871848594397, 0.0113918296993], "max": [0.819531619549, 0.902742385864, 0.789880394936, 0.38043820858, 0.0624123290181, 0.955227792263], "dmean2": [0.340583235025, 0.327364236116, 0.269052177668, 0.0521811880171, 0.0163061339408, 0.0143751828], "median": [0.166685521603, 0.606932103634, 0.17871928215, 0.0169349033386, 0.00466485600919, 0.00139352877159], "dvar": [0.041947580874, 0.0233874488622, 0.01690656133, 0.00236678635702, 0.00011396103946, 0.00161556864623]}, "bpm_histogram_first_peak_weight": {"dvar2": 0, "var": 0, "min": 0.168674692512, "dmean": 0, "mean": 0.168674692512, "max": 0.168674692512, "dmean2": 0, "median": 0.168674692512, "dvar": 0}, "bpm": 120.051605225, "beats_count": 333, "bpm_histogram_first_peak_spread": {"dvar2": 0, "var": 0, "min": 0.613793134689, "dmean": 0, "mean": 0.613793134689, "max": 0.613793134689, "dmean2": 0, "median": 0.613793134689, "dvar": 0}, "danceability": 0.965079069138, "bpm_histogram_first_peak_bpm": {"dvar2": 0, "var": 0, "min": 120, "dmean": 0, "mean": 120, "max": 120, "dmean2": 0, "median": 120, "dvar": 0}, "beats_position": [0.545668900013, 1.10294783115, 1.66022670269, 2.24072551727, 2.83283448219, 3.43655323982, 4.02866220474, 4.62077093124, 5.22448968887, 5.81659841537, 6.39709758759, 6.96598625183, 7.59292507172, 8.2198638916, 8.84680271149, 9.4853515625, 10.1239004135, 10.6811790466, 11.2384576797, 11.7957363129, 12.3530158997, 12.9102945328, 13.4675731659, 14.0248527527, 14.5821313858, 15.1394100189, 15.696688652, 16.2655773163, 16.7764167786, 17.2872562408, 17.786485672, 18.2624931335, 18.7617225647, 19.2609519958, 19.760181427, 20.2594108582, 20.7818584442, 21.3855781555, 21.9776859283, 22.5697956085, 23.1735134125, 23.7656230927, 24.3577327728, 24.9498405457, 25.5419502258, 26.1456680298, 26.73777771, 27.2718353271, 27.7826747894, 28.3051242828, 28.804353714, 29.3151912689, 29.8144207001, 30.3020401001, 30.7896595001, 31.265668869, 31.7648983002, 32.2757377625, 32.8214035034, 33.3902931213, 33.9475746155, 34.4932403564, 35.0389099121, 35.5845794678, 36.1302490234, 36.6643066406, 37.2099761963, 37.7788658142, 38.3593635559, 38.8818130493, 39.4042625427, 39.9499320984, 40.4956016541, 41.006439209, 41.5172767639, 42.0048980713, 42.5157356262, 43.0265769958, 43.560634613, 44.0946922302, 44.6287536621, 45.1628112793, 45.6736488342, 46.1612701416, 46.6488876343, 47.1248970032, 47.6125144958, 48.111743927, 48.6109733582, 49.1102027893, 49.6094322205, 50.1202697754, 50.6194992065, 51.1419487, 51.6876182556, 52.2332878113, 52.7325172424, 53.2317466736, 53.7425842285, 54.2418136597, 54.7294311523, 55.2634925842, 55.8207702637, 56.3548278809, 56.912109375, 57.4461669922, 57.9802246094, 58.491065979, 59.0251235962, 59.5243530273, 60.0351905823, 60.5344200134, 61.0336494446, 61.5328788757, 62.0437164307, 62.531337738, 63.0189552307, 63.5065765381, 64.0174102783, 64.5050354004, 64.9926528931, 65.4802703857, 66.0027160645, 66.5135574341, 67.0592269897, 67.5932846069, 68.1273422241, 68.6265716553, 69.1258010864, 69.6250305176, 70.1242599487, 70.6118774414, 71.1111068726, 71.6103363037, 72.0979614258, 72.5855789185, 73.0731964111, 73.5608139038, 74.060043335, 74.5708847046, 75.0933303833, 75.6273880005, 76.1730575562, 76.7071151733, 77.2411804199, 77.7752380371, 78.2976837158, 78.831741333, 79.3658065796, 79.9114761353, 80.46875, 81.0144195557, 81.5717010498, 82.0941467285, 82.6166000366, 83.1158294678, 83.6150588989, 84.1026763916, 84.6135101318, 85.1359634399, 85.6584091187, 86.1808624268, 86.7033081055, 87.2489776611, 87.7598190308, 88.2822647095, 88.7931060791, 89.3155517578, 89.814781189, 90.3140106201, 90.8132400513, 91.3124694824, 91.8116989136, 92.2993164062, 92.8101577759, 93.3209991455, 93.8202285767, 94.2962341309, 94.8070755005, 95.2946929932, 95.7939224243, 96.2931518555, 96.8504257202, 97.3960952759, 97.9417648315, 98.5222625732, 99.1027679443, 99.6600418091, 100.194099426, 100.739768982, 101.285438538, 101.85433197, 102.411605835, 102.945663452, 103.46811676, 103.967346191, 104.466575623, 104.954193115, 105.441810608, 105.929428101, 106.417053223, 106.904670715, 107.403900146, 107.903129578, 108.413963318, 108.948028564, 109.482086182, 110.027755737, 110.585029602, 111.130699158, 111.653152466, 112.175598145, 112.686439514, 113.208885193, 113.731338501, 114.242172241, 114.764625549, 115.26385498, 115.774688721, 116.273918152, 116.773147583, 117.260765076, 117.748390198, 118.23600769, 118.723625183, 119.234466553, 119.76852417, 120.302581787, 120.848251343, 121.405532837, 121.927978516, 122.462036133, 122.99609375, 123.553375244, 124.087432861, 124.598274231, 125.097503662, 125.585121155, 126.095962524, 126.618408203, 127.15246582, 127.616867065, 128.104492188, 128.615325928, 129.10295105, 129.602172852, 130.12461853, 130.658676147, 131.204345703, 131.73840332, 132.284072876, 132.818145752, 133.328979492, 133.863037109, 134.397094727, 134.954376221, 135.511657715, 136.045715332, 136.579772949, 137.078994751, 137.58984375, 138.10067749, 138.599899292, 139.087524414, 139.575149536, 140.062759399, 140.56199646, 141.061218262, 141.572067261, 142.106124878, 142.640182495, 143.174240112, 143.708297729, 144.242355347, 144.753189087, 145.240814209, 145.716827393, 146.192825317, 146.668838501, 147.179672241, 147.702133179, 148.247802734, 148.79347229, 149.327529907, 149.849975586, 150.395645142, 150.929702759, 151.486984253, 152.02104187, 152.566711426, 153.077545166, 153.623214722, 154.134063721, 154.644897461, 155.132507324, 155.620132446, 156.107757568, 156.60697937, 157.106216431, 157.617050171, 158.13949585, 158.673553467, 159.219223022, 159.764892578, 160.310562134, 160.821395874, 161.332244873, 161.854690552, 162.365524292, 162.864761353, 163.363983154, 163.863220215, 164.362442017, 164.873291016, 165.395736694, 165.929794312, 166.510284424, 167.079177856, 167.648071289, 168.124084473, 168.600082397, 169.064483643, 169.528884888, 170.004898071, 170.480911255, 170.991744995, 171.502578735, 172.013427734, 172.535873413, 173.058319092, 173.580764771, 174.103210449, 174.625671387], "beats_loudness": {"dvar2": 0.00192225538194, "var": 0.000756951340009, "min": 2.53783244419e-10, "dmean": 0.0261979307979, "mean": 0.0313096940517, "max": 0.169828563929, "dmean2": 0.0482299588621, "median": 0.0221600085497, "dvar": 0.000676153518725}, "bpm_histogram_second_peak_weight": {"dvar2": 0, "var": 0, "min": 0.138554215431, "dmean": 0, "mean": 0.138554215431, "max": 0.138554215431, "dmean2": 0, "median": 0.138554215431, "dvar": 0}, "bpm_histogram_second_peak_spread": {"dvar2": 0, "var": 0, "min": 0.669064760208, "dmean": 0, "mean": 0.669064760208, "max": 0.669064760208, "dmean2": 0, "median": 0.669064760208, "dvar": 0}, "bpm_histogram_second_peak_bpm": {"dvar2": 0, "var": 0, "min": 112, "dmean": 0, "mean": 112, "max": 112, "dmean2": 0, "median": 112, "dvar": 0}, "onset_rate": 3.98562407494}, "lowlevel": {"spectral_energyband_high": {"dvar2": 5.33885213372e-07, "var": 1.21717988577e-07, "min": 7.66145184663e-21, "dmean": 5.63957873965e-05, "mean": 7.04362682882e-05, "max": 0.0168310962617, "dmean2": 9.52541959123e-05, "median": 1.0137056961e-05, "dvar": 1.82588706821e-07}, "spectral_energyband_middle_low": {"dvar2": 0.000260394794168, "var": 0.000359258847311, "min": 2.79050899306e-22, "dmean": 0.0048511326313, "mean": 0.0194202102721, "max": 0.18716005981, "dmean2": 0.00750209204853, "median": 0.01391800493, "dvar": 0.000108897285827}, "spectral_energy": {"dvar2": 0.000276714708889, "var": 0.000389857974369, "min": 1.08507315167e-20, "dmean": 0.00510561279953, "mean": 0.021379718557, "max": 0.197041615844, "dmean2": 0.00789499934763, "median": 0.0158393960446, "dvar": 0.00011635611736}, "spectral_spread": {"dvar2": 982522068992, "var": 2638799175680.0, "min": 612241.3125, "dmean": 497596.1875, "mean": 2550144.25, "max": 41199060, "dmean2": 779544.6875, "median": 2182214.25, "dvar": 500473167872}, "spectral_energyband_low": {"dvar2": 4.2464703256e-06, "var": 3.88759190173e-06, "min": 4.13111152163e-23, "dmean": 0.000625535787549, "mean": 0.0018634959124, "max": 0.0188539139926, "dmean2": 0.00107042200398, "median": 0.00118984014262, "dvar": 1.51764766088e-06}, "spectral_rolloff": {"dvar2": 829742.5625, "var": 4470085, "min": 43.06640625, "dmean": 90.5087585449, "mean": 725.427246094, "max": 21404.0039062, "dmean2": 164.489959717, "median": 473.73046875, "dvar": 281682.03125}, "barkbands": {"dvar2": [8.75797281918e-11, 7.18951582712e-08, 1.47869332068e-06, 1.41831878864e-05, 0.000190143691725, 1.60303334269e-05, 2.43430531555e-06, 2.24260634241e-06, 8.97152403923e-07, 1.52253858232e-06, 1.2369891067e-07, 8.05176370022e-08, 8.99299745782e-09, 5.53696075656e-08, 8.03384807568e-08, 2.0610771756e-08, 4.47015358063e-09, 2.0823950897e-10, 1.7470382474e-08, 4.23138466488e-08, 3.0966884168e-08, 1.96182114109e-07, 1.00871702102e-08, 1.21800891595e-09, 4.3602888411e-08, 1.2767086055e-08, 6.30023724163e-12], "var": [4.08281915221e-11, 2.91714847833e-08, 1.95407210413e-06, 8.76841750141e-06, 0.0001806345972, 3.81742793252e-05, 8.90791216079e-06, 9.45691044762e-06, 2.17920910472e-06, 5.4267457017e-06, 2.22162015007e-07, 1.20292440897e-07, 1.91868991806e-08, 7.33692147037e-08, 4.31149267399e-08, 4.0837075943e-09, 1.38306095465e-08, 3.32752492227e-10, 9.40823774442e-09, 1.21902701267e-08, 1.0641029391e-08, 3.5771428486e-08, 2.61087440556e-09, 2.63865096439e-10, 7.65315544271e-09, 2.23643614738e-09, 1.47556901593e-12], "min": [1.52150304639e-24, 1.77521345361e-23, 1.54287009342e-23, 9.06416405114e-24, 3.71452606827e-23, 1.7476885189e-23, 4.33526903944e-23, 6.525059191e-23, 6.19136408612e-23, 7.69504025655e-23, 1.96894582746e-22, 2.8454601602e-22, 3.84523937363e-23, 1.36601135967e-22, 2.44587349183e-23, 1.25904371418e-22, 1.85930362797e-22, 2.96920479454e-22, 4.01050194674e-22, 1.75184146136e-22, 4.27585329824e-22, 6.43050228394e-22, 5.54481469794e-22, 6.35866621177e-22, 1.24065601019e-21, 1.73185649705e-21, 2.64308984778e-21], "dmean": [2.93361154036e-06, 8.17496256786e-05, 0.00032984430436, 0.000779232999776, 0.00320193520747, 0.00108425517101, 0.000400198186981, 0.000282229419099, 0.000198677225853, 0.000175693261554, 5.99158338446e-05, 6.87419305905e-05, 1.64628654602e-05, 4.33699642599e-05, 2.89759791485e-05, 8.7182097559e-06, 1.23664895e-05, 2.9084524158e-06, 1.26903432829e-05, 1.33778448799e-05, 1.61903699336e-05, 1.82337371371e-05, 8.15465955384e-06, 2.00902877623e-06, 5.057710041e-06, 2.74663011623e-06, 3.33293741051e-07], "mean": [3.13089253723e-06, 0.000117294111988, 0.00104957225267, 0.00163183687255, 0.00849918369204, 0.00470008468255, 0.00205018487759, 0.00118367373943, 0.00078497081995, 0.000626269029453, 0.000148997074575, 0.000176963265403, 4.47190104751e-05, 0.000125196485897, 7.61583869462e-05, 1.12554180305e-05, 3.77907963411e-05, 7.62956096878e-06, 2.03681429412e-05, 2.50530629273e-05, 2.35065072047e-05, 1.7296129954e-05, 1.03549609776e-05, 2.42909231929e-06, 3.45323519468e-06, 1.71824035533e-06, 5.94982395796e-07], "max": [0.000133139983518, 0.00284779095091, 0.0157472696155, 0.0413698107004, 0.173273339868, 0.0547680482268, 0.0271604750305, 0.0287746619433, 0.0270006544888, 0.0363829657435, 0.0125753786415, 0.00635198317468, 0.00203243736178, 0.00513547053561, 0.0070480518043, 0.00346754863858, 0.00243570143357, 0.000276475009741, 0.00271317455918, 0.00669139018282, 0.00555934756994, 0.012615040876, 0.00196817563847, 0.00115916272625, 0.00685304449871, 0.00381141761318, 3.85641687899e-05], "dmean2": [4.87387524117e-06, 0.000141919066664, 0.00056546763517, 0.00132939382456, 0.00497292820364, 0.0016314748209, 0.000600971048698, 0.00039956686669, 0.000269213342108, 0.000226436008234, 8.07994147181e-05, 0.000100672790722, 2.47473180934e-05, 6.12131552771e-05, 4.31385960837e-05, 1.51092499436e-05, 1.66611334862e-05, 4.04188267566e-06, 1.96674209292e-05, 2.15269083128e-05, 2.62545108853e-05, 3.1966210372e-05, 1.32812810989e-05, 3.25173073179e-06, 9.30692385737e-06, 5.15581859872e-06, 5.82454504183e-07], "median": [1.12718794298e-06, 6.50328292977e-05, 0.000376441457774, 0.000445653102361, 0.00368669442832, 0.00243504997343, 0.000846995855682, 0.000159636634635, 0.000232043588767, 2.89491290459e-05, 2.87927759928e-05, 5.30922407052e-05, 6.36839467916e-06, 2.86945942207e-05, 1.71323044924e-05, 1.99300302484e-06, 5.49882997802e-06, 1.74463707481e-06, 2.39526889345e-06, 3.66771200788e-06, 3.34325250151e-06, 1.45487263126e-06, 6.57690634398e-07, 1.62830104955e-07, 7.80502489306e-08, 6.22391382876e-08, 3.94327514641e-07], "dvar": [3.27601418215e-11, 2.55285002027e-08, 5.29504347924e-07, 4.69691804028e-06, 7.92922583059e-05, 6.02671298111e-06, 1.16834530672e-06, 1.34694619192e-06, 4.48138194997e-07, 9.36922617711e-07, 6.92227430932e-08, 3.76621898113e-08, 4.42703695924e-09, 2.50874521157e-08, 3.06537266681e-08, 7.03316560546e-09, 2.66106980895e-09, 1.0203077272e-10, 7.10753367272e-09, 1.4539806692e-08, 1.1153438173e-08, 6.58839311996e-08, 3.49756645868e-09, 4.1809702922e-10, 1.47065861711e-08, 4.30732871592e-09, 2.23824843208e-12]}, "melbands_skewness": {"dvar2": 0.948859930038, "var": 1.74558889866, "min": -0.713222920895, "dmean": 0.457184195518, "mean": 2.43008446693, "max": 15.380408287, "dmean2": 0.711383223534, "median": 2.22222089767, "dvar": 0.392234921455}, "barkbands_skewness": {"dvar2": 1.25327944756, "var": 2.16284513474, "min": -3.80162978172, "dmean": 0.488401919603, "mean": 2.53351593018, "max": 16.4362182617, "dmean2": 0.768071472645, "median": 2.4120194912, "dvar": 0.493851929903}, "erbbands": {"dvar2": [2.88951446237e-06, 0.0107017839327, 1.54565107822, 36.0781059265, 1198.75012207, 2957.20214844, 1445.97705078, 636.826660156, 581.015319824, 728.715576172, 583.66973877, 600.351074219, 2227.49975586, 121.033927917, 34.0767974854, 201.034759521, 16.72240448, 58.7935447693, 471.546386719, 69.0326004028, 14.371219635, 10.8661241531, 1.26896226406, 2.39242339134, 80.9991455078, 137.144607544, 28.3564472198, 77.7931900024, 193.783477783, 142.175613403, 6.48986959457, 1.95368373394, 0.0540356934071, 3.22088861465, 3.38705730438, 0.827809453011, 0.00827811006457, 1.60768940987e-05, 2.41918797883e-07, 7.75599973135e-10], "var": [1.59550302214e-06, 0.0055614891462, 1.64721131325, 25.0989398956, 1091.56506348, 4015.23999023, 1060.48937988, 4129.60498047, 2789.88110352, 3063.73364258, 1855.35583496, 1502.52636719, 8192.95605469, 266.166412354, 70.059173584, 314.104888916, 43.8362007141, 90.3335647583, 186.451156616, 44.365447998, 11.4075260162, 28.6422576904, 2.24220180511, 1.94568550587, 45.0389595032, 32.2830429077, 14.8747529984, 22.9114933014, 35.7168617249, 26.8282737732, 1.80457770824, 0.380563437939, 0.0211621969938, 0.566358685493, 0.593560218811, 0.145071178675, 0.00147115229629, 3.59492446478e-06, 5.78381182947e-08, 5.92444371339e-10], "min": [1.47963257357e-22, 5.02037320288e-21, 1.47124476324e-20, 3.61861274201e-20, 7.32941023964e-20, 1.42329310313e-19, 9.90654895295e-20, 1.72510300356e-19, 5.31688846885e-19, 1.11488974603e-18, 1.04023080209e-18, 1.49875428302e-18, 2.75770539094e-18, 2.14654030702e-18, 1.37784682317e-17, 7.97417330624e-18, 2.66006912734e-18, 5.63134386705e-18, 2.93519601652e-18, 4.17767444293e-18, 6.83524403725e-18, 1.08252746262e-17, 1.77255391955e-17, 2.32652752912e-17, 1.36427510542e-17, 7.90885747072e-18, 1.52951386264e-17, 1.6131318964e-17, 2.09009813423e-17, 1.98653975375e-17, 1.68243259181e-17, 1.1491611623e-17, 1.33248076422e-17, 1.41173128434e-17, 7.23534385492e-18, 5.58634855045e-18, 3.43341455088e-18, 1.37686808239e-18, 3.59263074047e-19, 4.17492207699e-20], "dmean": [0.000624683510978, 0.0299102459103, 0.334780484438, 1.41074943542, 7.77298593521, 12.4906082153, 7.96152448654, 7.88122987747, 5.45445489883, 6.48788547516, 4.99046278, 5.09027957916, 7.33685541153, 2.11777234077, 1.33040487766, 3.43664216995, 0.826262295246, 1.66509902477, 1.98992085457, 0.972692489624, 0.460525542498, 0.570379912853, 0.216721445322, 0.23204870522, 0.8897164464, 0.663989245892, 0.620070874691, 0.67088085413, 0.609351992607, 0.549340844154, 0.178531214595, 0.0676648169756, 0.0242633689195, 0.0460669323802, 0.0424454621971, 0.019046863541, 0.00302632316016, 0.000425241829362, 6.34354582871e-05, 7.31160616851e-06], "mean": [0.00116321095265, 0.0555645488203, 0.974029481411, 3.59472060204, 13.8384666443, 40.6681213379, 25.437128067, 41.8799514771, 29.0482654572, 33.9154243469, 20.7817115784, 21.1475124359, 27.4571037292, 6.51275968552, 3.95376992226, 8.93562412262, 2.59330272675, 4.89260005951, 5.18603754044, 2.58328461647, 1.1148223877, 1.75653886795, 0.61825042963, 0.505376696587, 1.51048946381, 1.10286259651, 0.934841692448, 0.94988912344, 0.558604478836, 0.626315712929, 0.214684098959, 0.0787787735462, 0.029744759202, 0.0321152471006, 0.0280232280493, 0.0117717776448, 0.00206627626903, 0.000561927619856, 8.8754153694e-05, 2.94407018373e-05], "max": [0.0160678233951, 1.20736086369, 15.9023351669, 56.3402709961, 562.184631348, 773.201721191, 333.760986328, 635.990966797, 585.301025391, 530.039367676, 466.981384277, 713.631103516, 1383.47607422, 384.725402832, 145.233856201, 326.123199463, 89.8974304199, 114.280387878, 563.771240234, 209.485641479, 71.5910797119, 75.079208374, 24.2851524353, 25.643573761, 183.318817139, 378.787506104, 104.413925171, 274.749664307, 296.286590576, 380.197387695, 52.6246986389, 47.3472442627, 4.80238676071, 54.4046134949, 62.7408332825, 31.7015514374, 2.37750577927, 0.0600973889232, 0.00699314149097, 0.000479400885524], "dmean2": [0.00108583271503, 0.0518450923264, 0.577416419983, 2.36491560936, 11.9192743301, 19.4034194946, 13.5061798096, 10.77339077, 7.74923372269, 9.7027425766, 6.90241479874, 6.85520601273, 9.44592094421, 2.74017763138, 1.89848911762, 5.00394678116, 1.21082031727, 2.4349052906, 2.94054675102, 1.48070049286, 0.69138777256, 0.768641471863, 0.293471157551, 0.358258903027, 1.36807358265, 1.10177433491, 1.00959730148, 1.09236645699, 1.07523524761, 0.911067306995, 0.299462586641, 0.111872650683, 0.0382055751979, 0.0844838544726, 0.0789299681783, 0.0359244085848, 0.00555978063494, 0.000746906851418, 0.000111794674012, 1.16884048111e-05], "median": [0.000784588744864, 0.0271732918918, 0.379068225622, 1.8466180563, 4.8976316452, 16.10364151, 13.0552024841, 18.2733058929, 10.4996051788, 13.5407838821, 5.73647499084, 7.21212673187, 2.90054869652, 1.68409633636, 1.25708401203, 2.63641691208, 0.719280600548, 1.36014533043, 1.22584915161, 0.630529522896, 0.223977208138, 0.26799672842, 0.143370762467, 0.100895553827, 0.183480799198, 0.153392314911, 0.114036306739, 0.14405143261, 0.0584952309728, 0.0391063913703, 0.0136905331165, 0.00602192012593, 0.0016656764783, 0.000868800969329, 0.000586922629736, 0.000321912055369, 0.000150994645082, 0.000297567807138, 4.92368490086e-05, 2.23372353503e-05], "dvar": [1.04165781067e-06, 0.00378851452842, 0.54546803236, 12.2100381851, 573.855407715, 1215.50512695, 448.127502441, 364.213897705, 321.817230225, 428.031860352, 318.620178223, 299.443359375, 1366.40661621, 71.5764007568, 16.8322238922, 94.9914474487, 8.62007808685, 26.4916610718, 176.318832397, 25.3218669891, 5.78923225403, 5.92386674881, 0.631922125816, 0.986374080181, 33.1254882812, 46.5845947266, 10.6885843277, 27.7149906158, 64.80027771, 47.9461860657, 2.25848150253, 0.662976562977, 0.0204613618553, 1.08668577671, 1.14231228828, 0.279343545437, 0.00279984157532, 5.68148652746e-06, 8.64417728508e-08, 2.95837493391e-10]}, "silence_rate_30dB": {"dvar2": 0.0133948037401, "var": 0.00395552674308, "min": 0, "dmean": 0.00529590900987, "mean": 0.996028602123, "max": 1, "dmean2": 0.0105932205915, "median": 1, "dvar": 0.00526752136648}, "melbands_spread": {"dvar2": 51.0891571045, "var": 321.973907471, "min": 0.494802325964, "dmean": 1.32169854641, "mean": 7.10227870941, "max": 200.734054565, "dmean2": 2.12792277336, "median": 4.49639034271, "dvar": 19.3981227875}, "melbands_crest": {"dvar2": 19.0228176117, "var": 25.32954216, "min": 2.33627557755, "dmean": 2.14163446426, "mean": 16.6952342987, "max": 32.6046447754, "dmean2": 3.50629234314, "median": 16.1272220612, "dvar": 6.79519796371}, "zerocrossingrate": {"dvar2": 4.76596796943e-05, "var": 0.00342001998797, "min": 0.0048828125, "dmean": 0.00338525720872, "mean": 0.028223419562, "max": 0.59912109375, "dmean2": 0.00441257003695, "median": 0.01953125, "dvar": 3.26657027472e-05}, "barkbands_kurtosis": {"dvar2": 422.391571045, "var": 314.359954834, "min": -1.86922812462, "dmean": 5.34296703339, "mean": 15.9282493591, "max": 393.839477539, "dmean2": 8.42429447174, "median": 11.7274703979, "dvar": 158.395492554}, "spectral_flux": {"dvar2": 0.00270774355158, "var": 0.0014504105784, "min": 1.04166841819e-10, "dmean": 0.0206479169428, "mean": 0.0360154025257, "max": 0.407174736261, "dmean2": 0.0323493853211, "median": 0.0229777432978, "dvar": 0.00107589934487}, "barkbands_crest": {"dvar2": 10.6292219162, "var": 18.0589389801, "min": 3.9706838131, "dmean": 1.72110116482, "mean": 13.7534885406, "max": 26.740146637, "dmean2": 2.73914051056, "median": 13.0357046127, "dvar": 4.09783506393}, "barkbands_flatness_db": {"dvar2": 0.00134300009813, "var": 0.00312617630698, "min": 0.0593601278961, "dmean": 0.0214416589588, "mean": 0.27324911952, "max": 0.450977057219, "dmean2": 0.0317926481366, "median": 0.276843845844, "dvar": 0.000592994270846}, "spectral_entropy": {"dvar2": 0.200580731034, "var": 0.365554749966, "min": 4.36840200424, "dmean": 0.225504919887, "mean": 5.85539722443, "max": 9.80976009369, "dmean2": 0.348932474852, "median": 5.75993967056, "dvar": 0.0839999094605}, "pitch_salience": {"dvar2": 0.00735308462754, "var": 0.0136468978599, "min": 0.0556298047304, "dmean": 0.044640596956, "mean": 0.520106613636, "max": 0.95370388031, "dmean2": 0.0712701752782, "median": 0.524894952774, "dvar": 0.00287161953747}, "erbbands_spread": {"dvar2": 106.048904419, "var": 118.903045654, "min": 1.97213041782, "dmean": 3.17081665993, "mean": 15.9308109283, "max": 151.179718018, "dmean2": 4.83673477173, "median": 13.0027284622, "dvar": 42.8817481995}, "dynamic_complexity": 3.75122570992, "spectral_contrast_valleys": {"dvar2": [0.376570373774, 0.338885903358, 0.349152714014, 0.421793341637, 0.483685433865, 0.558605134487], "var": [1.66806221008, 1.72839522362, 1.61786460876, 1.66730284691, 1.21143054962, 0.868395328522], "min": [-27.5455818176, -27.2018566132, -27.3619327545, -27.0528297424, -27.3048248291, -27.276342392], "dmean": [0.42226216197, 0.315476775169, 0.343961387873, 0.385950386524, 0.39035448432, 0.408775866032], "mean": [-8.65948390961, -7.56162071228, -8.9803352356, -10.010351181, -10.4665851593, -12.8677530289], "max": [-6.53792715073, -4.90960264206, -6.35826063156, -6.91256093979, -7.0166349411, -8.96154499054], "dmean2": [0.698960065842, 0.512278676033, 0.548655688763, 0.607715845108, 0.60924488306, 0.640019178391], "median": [-8.52728652954, -7.43625068665, -8.81493377686, -9.92015075684, -10.4796485901, -13.0495300293], "dvar": [0.154970660806, 0.145794615149, 0.150052174926, 0.185779422522, 0.213599786162, 0.241985574365]}, "hfc": {"dvar2": 57.3324165344, "var": 67.3212585449, "min": 1.21225608406e-16, "dmean": 1.83715820312, "mean": 8.03776168823, "max": 134.464889526, "dmean2": 2.80286502838, "median": 5.41551494598, "dvar": 21.915435791}, "spectral_kurtosis": {"dvar2": 267.351013184, "var": 479.965545654, "min": -1.23067474365, "dmean": 9.74870491028, "mean": 27.7415504456, "max": 147.675765991, "dmean2": 16.1832695007, "median": 21.4690208435, "dvar": 111.189369202}, "mfcc": {"mean": [-781.255310059, 193.542510986, 18.0837745667, 19.3824195862, -19.234960556, 1.08759391308, -18.1464271545, -20.9619445801, -12.0553588867, -6.94374275208, -8.45635700226, -9.5785446167, -7.8613743782], "cov": [[7506.03173828, -12.3263120651, -1269.64880371, 289.361572266, -765.753723145, 127.787437439, -414.324951172, -42.8035888672, -81.7752685547, -99.9968490601, -301.539001465, -239.044647217, -163.390090942], [-12.3263120651, 1850.41015625, 47.4881210327, -103.513420105, 175.82711792, -83.5198287964, 76.8303756714, -156.539321899, -59.8126983643, -7.03139448166, 90.2847595215, -42.484916687, -65.6867218018], [-1269.64880371, 47.4881210327, 919.143859863, -29.2203235626, 174.37336731, 45.7356872559, 81.6858062744, 58.729549408, 14.7757282257, 43.9887390137, 62.7549209595, 88.4382247925, 45.4760322571], [289.361572266, -103.513420105, -29.2203235626, 273.36831665, -13.521894455, 30.7436523438, -20.0865116119, 10.0549373627, 31.1715583801, 2.76807236671, -16.4134197235, -20.1897277832, -21.4519023895], [-765.753723145, 175.82711792, 174.37336731, -13.521894455, 264.739898682, 17.0973434448, 73.4958114624, -8.9191493988, 4.405210495, 27.8603153229, 54.2671012878, 31.0201778412, 0.723066329956], [127.787437439, -83.5198287964, 45.7356872559, 30.7436523438, 17.0973434448, 156.216537476, 27.4810028076, 16.7246189117, 3.26400709152, 0.309807032347, 15.2862453461, 13.470240593, 5.51598072052], [-414.324951172, 76.8303756714, 81.6858062744, -20.0865116119, 73.4958114624, 27.4810028076, 164.742507935, 14.8069753647, -10.5593824387, 8.32961463928, 31.4585056305, 21.4119510651, 16.9654350281], [-42.8035888672, -156.539321899, 58.729549408, 10.0549373627, -8.9191493988, 16.7246189117, 14.8069753647, 129.290649414, 19.6701526642, 1.60050559044, 5.44968271255, -0.72138941288, 10.4953241348], [-81.7752685547, -59.8126983643, 14.7757282257, 31.1715583801, 4.405210495, 3.26400709152, -10.5593824387, 19.6701526642, 113.128608704, 11.9747152328, -13.1435403824, 15.4448890686, -4.584441185], [-99.9968490601, -7.03139448166, 43.9887390137, 2.76807236671, 27.8603153229, 0.309807032347, 8.32961463928, 1.60050559044, 11.9747152328, 86.7607498169, 22.5790328979, -0.676067888737, 0.442121148109], [-301.539001465, 90.2847595215, 62.7549209595, -16.4134197235, 54.2671012878, 15.2862453461, 31.4585056305, 5.44968271255, -13.1435403824, 22.5790328979, 126.658172607, 28.8407707214, -5.67499876022], [-239.044647217, -42.484916687, 88.4382247925, -20.1897277832, 31.0201778412, 13.470240593, 21.4119510651, -0.72138941288, 15.4448890686, -0.676067888737, 28.8407707214, 128.577697754, 34.9750289917], [-163.390090942, -65.6867218018, 45.4760322571, -21.4519023895, 0.723066329956, 5.51598072052, 16.9654350281, 10.4953241348, -4.584441185, 0.442121148109, -5.67499876022, 34.9750289917, 116.185188293]], "icov": [[0.000304845510982, -0.000140899821417, 0.00027311037411, -0.00021123336046, 0.000622200430371, -0.000538734777365, 0.000429742445704, -0.000200821086764, 0.000328933849232, -0.000194330801605, 0.000460688024759, -7.61704941397e-05, 0.000239386761677], [-0.000140899821417, 0.000794164545368, -0.000177896450623, 0.000274943682598, -0.000634477648418, 0.000614384480286, -0.000480391143356, 0.000938111334108, -0.000116764989798, 0.000411469693063, -0.000686703890096, 0.000469255319331, 0.000150450636283], [0.00027311037411, -0.000177896450623, 0.00164173229132, -0.000127444480313, -0.000176961460966, -0.000689778127708, 0.000296780955978, -0.000879158673342, 0.000345589214703, -0.000635791046079, 0.000389988505049, -0.000758595357183, -4.92317776661e-05], [-0.00021123336046, 0.000274943682598, -0.000127444480313, 0.00421353429556, -0.00050660566194, -0.000475442182506, 1.03395668702e-05, 0.000178920599865, -0.00124126905575, 6.94351547281e-05, -9.99945405056e-05, 0.000671475718264, 0.000438031100202], [0.000622200430371, -0.000634477648418, -0.000176961460966, -0.00050660566194, 0.00661480240524, -0.00127286429051, -0.000776626926381, 0.000195911416085, 0.00017584428133, -0.00127461610828, -0.000134363363031, -0.000552233308554, 0.000778445508331], [-0.000538734777365, 0.000614384480286, -0.000689778127708, -0.000475442182506, -0.00127286429051, 0.00810631737113, -0.00186807732098, 0.000163335964317, -0.000513866660185, 0.000843935762532, -0.00162006879691, -8.39710555738e-05, -0.000424315192504], [0.000429742445704, -0.000480391143356, 0.000296780955978, 1.03395668702e-05, -0.000776626926381, -0.00186807732098, 0.00822956766933, -0.00147845828906, 0.00123927544337, -0.000402622448746, 0.000109276908915, -0.00059138413053, -0.000522325921338], [-0.000200821086764, 0.000938111334108, -0.000879158673342, 0.000178920599865, 0.000195911416085, 0.000163335964317, -0.00147845828906, 0.00977000128478, -0.00195741117932, 0.000885037647095, -0.0015990374377, 0.00159177021123, -0.000688407977577], [0.000328933849232, -0.000116764989798, 0.000345589214703, -0.00124126905575, 0.00017584428133, -0.000513866660185, 0.00123927544337, -0.00195741117932, 0.01060893666, -0.0019933746662, 0.00231334473938, -0.00221099937335, 0.00125603377819], [-0.000194330801605, 0.000411469693063, -0.000635791046079, 6.94351547281e-05, -0.00127461610828, 0.000843935762532, -0.000402622448746, 0.000885037647095, -0.0019933746662, 0.0131214112043, -0.00286856945604, 0.0016265201848, -0.000590599724092], [0.000460688024759, -0.000686703890096, 0.000389988505049, -9.99945405056e-05, -0.000134363363031, -0.00162006879691, 0.000109276908915, -0.0015990374377, 0.00231334473938, -0.00286856945604, 0.0110198240727, -0.00272139743902, 0.00175442604814], [-7.61704941397e-05, 0.000469255319331, -0.000758595357183, 0.000671475718264, -0.000552233308554, -8.39710555738e-05, -0.00059138413053, 0.00159177021123, -0.00221099937335, 0.0016265201848, -0.00272139743902, 0.0103142941371, -0.00280218035914], [0.000239386761677, 0.000150450636283, -4.92317776661e-05, 0.000438031100202, 0.000778445508331, -0.000424315192504, -0.000522325921338, -0.000688407977577, 0.00125603377819, -0.000590599724092, 0.00175442604814, -0.00280218035914, 0.0102635947987]]}, "silence_rate_20dB": {"dvar2": 0, "var": 0, "min": 1, "dmean": 0, "mean": 1, "max": 1, "dmean2": 0, "median": 1, "dvar": 0}, "melbands_kurtosis": {"dvar2": 256.118804932, "var": 306.875488281, "min": -1.66303169727, "dmean": 5.32413196564, "mean": 15.5364074707, "max": 397.686798096, "dmean2": 8.22280311584, "median": 11.5013523102, "dvar": 106.309577942}, "barkbands_spread": {"dvar2": 33.895652771, "var": 44.5835227966, "min": 0.269363641739, "dmean": 1.17994642258, "mean": 4.69818973541, "max": 132.37840271, "dmean2": 1.87669062614, "median": 3.44585514069, "dvar": 13.6097707748}, "erbbands_skewness": {"dvar2": 0.370495229959, "var": 0.705445766449, "min": -1.82008135319, "dmean": 0.282850623131, "mean": 1.54835963249, "max": 7.78714513779, "dmean2": 0.431610196829, "median": 1.48245692253, "dvar": 0.152355507016}, "average_loudness": 0.723387181759, "spectral_centroid": {"dvar2": 60589.4335938, "var": 210276.234375, "min": 211.159057617, "dmean": 52.6246643066, "mean": 467.717559814, "max": 11436.1992188, "dmean2": 82.4596328735, "median": 380.621276855, "dvar": 27665.578125}, "dissonance": {"dvar2": 0.0030534924008, "var": 0.00368411513045, "min": 0.113610059023, "dmean": 0.0349991358817, "mean": 0.369093626738, "max": 0.499286442995, "dmean2": 0.0592603050172, "median": 0.375325679779, "dvar": 0.00114486645907}, "erbbands_flatness_db": {"dvar2": 0.0011398314964, "var": 0.00248508271761, "min": 0.027756486088, "dmean": 0.0189709272236, "mean": 0.260216325521, "max": 0.397806704044, "dmean2": 0.0270430110395, "median": 0.266872644424, "dvar": 0.000514770916197}, "spectral_strongpeak": {"dvar2": 0.309987217188, "var": 0.418931186199, "min": 0, "dmean": 0.240877464414, "mean": 0.920467376709, "max": 5.95886564255, "dmean2": 0.402091234922, "median": 0.789747655392, "dvar": 0.129710733891}, "spectral_rms": {"dvar2": 1.55703742166e-06, "var": 3.77992068934e-06, "min": 3.2536256675e-12, "dmean": 0.000495690386742, "mean": 0.00413258420303, "max": 0.0138649092987, "dmean2": 0.000757236324716, "median": 0.00393103901297, "dvar": 6.80452785673e-07}, "silence_rate_60dB": {"dvar2": 0.0476803220809, "var": 0.0732290744781, "min": 0, "dmean": 0.0198596585542, "mean": 0.079560495913, "max": 1, "dmean2": 0.0397245772183, "median": 0, "dvar": 0.0194663312286}, "melbands": {"dvar2": [1.51889345545e-09, 2.12060072613e-07, 2.41029601966e-06, 1.31194401547e-05, 1.26311749682e-06, 3.32620714971e-07, 1.25558585751e-07, 1.02257374124e-07, 3.62487675432e-08, 2.78419491906e-08, 5.53395231861e-08, 1.55808832503e-09, 9.13229547539e-10, 1.01101482741e-09, 2.84404333417e-10, 1.12051104506e-10, 2.46522358083e-10, 1.4216419153e-09, 1.74944655984e-10, 1.8204350527e-10, 1.33597213153e-11, 1.7278496342e-11, 2.59944648272e-12, 6.24487440926e-13, 9.48694790261e-13, 5.35073686747e-11, 1.86363164484e-11, 9.12218495186e-11, 9.26621800124e-12, 1.34218166095e-11, 3.57135918061e-11, 7.48435757814e-11, 8.57653184583e-11, 2.41530302703e-11, 2.75211147274e-12, 1.33726525946e-12, 6.16966167825e-13, 2.94217504093e-14, 1.43490481405e-14, 4.58002646225e-12], "var": [6.43749442641e-10, 2.18072742086e-07, 2.21554068958e-06, 1.17812878671e-05, 1.34450726819e-06, 1.85533679087e-06, 5.90297645431e-07, 4.38536062575e-07, 1.08637351559e-07, 7.06945399997e-08, 2.02660018545e-07, 3.22502891059e-09, 1.59786095466e-09, 1.45769418758e-09, 5.99576277516e-10, 1.57085636165e-10, 4.17949924669e-10, 6.38273600639e-10, 2.68716271457e-10, 3.77014981734e-11, 2.57731613829e-11, 5.14367472226e-11, 3.0519237311e-12, 1.0366581725e-12, 8.99099371343e-13, 2.88989544101e-11, 1.4198704712e-11, 1.90665191968e-11, 4.8552000094e-12, 5.51099790802e-12, 9.61189721566e-12, 1.38832339722e-11, 1.5276868312e-11, 4.94642304547e-12, 8.06341863939e-13, 2.63412311711e-13, 1.25998332861e-13, 1.56231212185e-14, 4.30396710499e-15, 8.05455908134e-13], "min": [3.21216252275e-24, 8.35778013129e-24, 5.73504994096e-24, 1.00808487747e-23, 3.18684344036e-24, 4.06692151534e-24, 8.18383314624e-24, 1.39477802455e-23, 7.40854774834e-24, 1.00045446259e-23, 1.34235853294e-23, 6.30657335591e-24, 3.57193504203e-23, 3.84945062868e-23, 1.08482857954e-23, 3.59112124365e-24, 1.26403040373e-23, 6.43173836587e-24, 2.27614316554e-24, 8.79851435245e-24, 7.72797251722e-24, 1.02900176103e-23, 1.43200231962e-23, 1.49110866958e-23, 2.03546008619e-23, 1.09993140046e-23, 8.25362761483e-24, 4.12182741763e-24, 8.65503475329e-24, 1.11572329137e-23, 8.35534728425e-24, 1.05385016957e-23, 1.42027826885e-23, 9.72748957621e-24, 1.06875861515e-23, 7.3472027689e-24, 7.03185562204e-24, 8.25953302757e-24, 1.36711803685e-23, 1.06572221064e-23], "dmean": [1.25717224364e-05, 0.000122262572404, 0.000383983860957, 0.000811708858237, 0.00029685581103, 0.000181983836228, 8.65954571054e-05, 7.05206839484e-05, 3.8977672375e-05, 3.33204734488e-05, 3.59893019777e-05, 7.39925690141e-06, 5.61101569474e-06, 7.77351488068e-06, 4.51497226095e-06, 1.70040129888e-06, 3.61074808097e-06, 3.61653656e-06, 2.05847982215e-06, 8.46125317366e-07, 5.58883812118e-07, 7.3614194207e-07, 2.45016110512e-07, 1.52656056684e-07, 1.52494607164e-07, 6.65110292175e-07, 5.10506424689e-07, 4.67859081255e-07, 3.48628134361e-07, 3.90615383594e-07, 4.03383609182e-07, 3.72916218794e-07, 3.33188722834e-07, 2.71696023901e-07, 1.13502778731e-07, 5.73651028901e-08, 3.56370364329e-08, 1.8142729985e-08, 1.04055253303e-08, 5.16955438457e-08], "mean": [1.86645629583e-05, 0.000344659085386, 0.000816207146272, 0.00207102880813, 0.00105695985258, 0.000922449515201, 0.00046247857972, 0.000354550546035, 0.000151528336573, 0.000135644077091, 0.000132664950797, 2.16391508729e-05, 1.42835378938e-05, 2.0249035515e-05, 1.31502392833e-05, 4.55350573247e-06, 1.04881128209e-05, 9.12545056053e-06, 6.14958662482e-06, 1.29367083446e-06, 1.41040834478e-06, 2.28261387747e-06, 6.6007356736e-07, 3.98392103307e-07, 3.33594101676e-07, 9.92875925476e-07, 1.04650325738e-06, 6.80890650528e-07, 5.29268106675e-07, 5.60510784453e-07, 5.48568664271e-07, 3.24348320646e-07, 3.07323830384e-07, 3.30456884967e-07, 1.31805194314e-07, 6.0031737803e-08, 4.43303989073e-08, 2.289460177e-08, 1.09162092699e-08, 3.42663888375e-08], "max": [0.000398904783651, 0.00591759895906, 0.019929882139, 0.0461094155908, 0.00918640289456, 0.0131605481729, 0.00812866352499, 0.00667816866189, 0.00356006459333, 0.0050291493535, 0.00691466405988, 0.00141486094799, 0.00100203673355, 0.000680443481542, 0.000383441190934, 0.000264560047071, 0.00024915029644, 0.0010311815422, 0.000302260305034, 0.000339619931765, 0.000128681916976, 0.000120758595585, 4.55977387901e-05, 1.92905245058e-05, 2.03047293326e-05, 0.000158713373821, 8.08173790574e-05, 0.000312843185384, 6.13092197455e-05, 9.74051654339e-05, 0.000191352562979, 0.000174140746822, 0.000279126921669, 0.000152388747665, 3.65934756701e-05, 3.68861183233e-05, 2.70139807981e-05, 5.48198067918e-06, 3.09166057377e-06, 6.47015476716e-05], "dmean2": [2.17957876885e-05, 0.000210770609556, 0.000604116823524, 0.00126486853696, 0.000492266903166, 0.000254519225564, 0.00012408697512, 0.000104616148747, 5.33427737537e-05, 4.48053069704e-05, 4.63972755824e-05, 9.69640586845e-06, 7.7929262261e-06, 1.14391896204e-05, 6.53680626783e-06, 2.5721012662e-06, 5.19101877217e-06, 5.2737873375e-06, 2.95691165775e-06, 1.43629097238e-06, 7.96834569883e-07, 9.82674237093e-07, 3.438397016e-07, 2.13081818856e-07, 2.39186618956e-07, 1.03259105799e-06, 7.87876444974e-07, 7.90138642515e-07, 5.69619885482e-07, 6.32779858734e-07, 6.61318210859e-07, 6.6257933895e-07, 5.85667805808e-07, 4.42222869879e-07, 1.9325271694e-07, 9.73037970198e-08, 5.81305990011e-08, 2.78903868889e-08, 1.73220975341e-08, 9.56387538054e-08], "median": [1.09391730803e-05, 0.000122207857203, 0.000327436573571, 0.000868582748808, 0.00062469439581, 0.000436693197116, 0.000168141821632, 0.000140280695632, 3.34361029672e-05, 4.11250803154e-05, 1.1545268535e-05, 5.41037843504e-06, 3.11789517582e-06, 6.23754340268e-06, 3.94949665861e-06, 7.29414864509e-07, 2.7461260288e-06, 1.74170702394e-06, 1.35984191729e-06, 2.66736378762e-07, 2.03022864298e-07, 3.0989303923e-07, 1.34201087576e-07, 9.18048215226e-08, 6.24834726182e-08, 8.51905994637e-08, 1.41628603956e-07, 7.62620118167e-08, 6.01423977287e-08, 6.88884256306e-08, 8.06527111763e-08, 2.6620995186e-08, 2.04804884163e-08, 1.87568112153e-08, 6.70178890161e-09, 3.85668785796e-09, 2.71397948559e-09, 1.04546460378e-09, 5.4472548694e-10, 6.41759756448e-10], "dvar": [5.38029010233e-10, 7.50229105506e-08, 1.00993941032e-06, 5.38873246114e-06, 4.25905994916e-07, 1.73306517581e-07, 6.71894042625e-08, 6.23621119189e-08, 1.98813197017e-08, 1.40276936733e-08, 3.398