{"metadata": {"tags": {"album": ["Blood Ballads"], "albumartist": ["Tragedy Khadafi"], "genre": ["Rap"], "artist": ["Tragedy Khadafi"], "date": ["2006"], "tracknumber": ["3"], "title": ["Halfway Thug (Ft Havoc)"], "file_name": "244660.mp3", "musicbrainz_recordingid": ["1a684c7a-6d3f-4bce-9fe7-180c9fe6380a"]}, "audio_properties": {"sample_rate": 44100, "downmix": "mix", "lossless": false, "analysis_sample_rate": 44100, "md5_encoded": "22041bda2279defb45f6ccadf79ff083", "equal_loudness": 0, "replay_gain": -3.58941650391, "codec": "mp3", "bit_rate": 192000, "length": 135.235916138}, "version": {"extractor": "music 1.0", "essentia_build_sha": "70f2e5ece6736b2c40cc944ad0e695b16b925413", "essentia_git_sha": "v2.1_beta2", "essentia": "2.1-beta2"}}, "rhythm": {"beats_loudness_band_ratio": {"dvar2": [0.127344563603, 0.0684058517218, 0.0504964888096, 0.0506842508912, 0.0125563638285, 0.0179372485727], "var": [0.0892143920064, 0.0429467819631, 0.0231062304229, 0.0139438873157, 0.00630182446912, 0.00344905210659], "min": [0, 0, 0, 0, 0, 0], "dmean": [0.436858594418, 0.346812784672, 0.187871679664, 0.0777753666043, 0.105650037527, 0.028486918658], "mean": [0.603721857071, 0.195448473096, 0.157966971397, 0.0603665113449, 0.0709701254964, 0.0223829839379], "max": [0.986678600311, 0.880021870136, 0.817928254604, 0.913909614086, 0.525141596794, 0.820603013039], "dmean2": [0.850675940514, 0.687445521355, 0.35793864727, 0.148029625416, 0.204178929329, 0.0550002381206], "median": [0.540466189384, 0.0545293651521, 0.12176078558, 0.0213084816933, 0.0664807260036, 0.0143802519888], "dvar": [0.0395483225584, 0.0229669213295, 0.0179771222174, 0.0178238712251, 0.00456266989931, 0.00612618215382]}, "bpm_histogram_first_peak_weight": {"dvar2": 0, "var": 0, "min": 0.493023276329, "dmean": 0, "mean": 0.493023276329, "max": 0.493023276329, "dmean2": 0, "median": 0.493023276329, "dvar": 0}, "bpm": 96.6815338135, "beats_count": 216, "bpm_histogram_first_peak_spread": {"dvar2": 0, "var": 0, "min": 0.480392158031, "dmean": 0, "mean": 0.480392158031, "max": 0.480392158031, "dmean2": 0, "median": 0.480392158031, "dvar": 0}, "danceability": 1.51064348221, "bpm_histogram_first_peak_bpm": {"dvar2": 0, "var": 0, "min": 98, "dmean": 0, "mean": 98, "max": 98, "dmean2": 0, "median": 98, "dvar": 0}, "beats_position": [0.615328788757, 1.25387752056, 1.90403628349, 2.56580495834, 3.22757363319, 3.90095233917, 4.5627207756, 5.23609972, 5.87464857101, 6.5015873909, 7.12852573395, 7.75546455383, 8.38240337372, 9.0093421936, 9.63628101349, 10.2516098022, 10.866938591, 11.4938774109, 12.1208162308, 12.7477550507, 13.3746938705, 13.9900226593, 14.6053514481, 15.2322902679, 15.8592290878, 16.4861679077, 17.1014957428, 17.7168254852, 18.3321533203, 18.9474830627, 19.5976409912, 20.2361907959, 20.8399085999, 21.4668483734, 22.0821762085, 22.6975059509, 23.312833786, 23.9281635284, 24.5434913635, 25.1704311371, 25.7973690033, 26.4126987457, 27.0280265808, 27.6549663544, 28.2819042206, 28.9088420868, 29.5241718292, 30.1394996643, 30.7664394379, 31.3817672729, 31.9970970154, 32.6008148193, 33.2161445618, 33.8546943665, 34.4816322327, 35.1085700989, 35.7355079651, 36.362449646, 36.9893875122, 37.6047172546, 38.2200431824, 38.8469848633, 39.4739227295, 40.1008605957, 40.7161903381, 41.3315200806, 41.9584579468, 42.585395813, 43.2123336792, 43.8276634216, 44.4429931641, 45.0699310303, 45.6968688965, 46.3121986389, 46.9275283813, 47.5544662476, 48.1814041138, 48.80834198, 49.4352836609, 50.0506095886, 50.6659393311, 51.2928771973, 51.9198188782, 52.5467567444, 53.1736946106, 53.7774124146, 54.4043540955, 55.0312919617, 55.6582298279, 56.2735595703, 56.9004974365, 57.515827179, 58.1427650452, 58.7697029114, 59.3966445923, 60.0235824585, 60.6505203247, 61.2658500671, 61.8811798096, 62.5081176758, 63.135055542, 63.7619934082, 64.3889312744, 65.0042648315, 65.6195907593, 66.2465286255, 66.8734664917, 67.5004043579, 68.1273422241, 68.7426757812, 69.358001709, 69.9849395752, 70.6118774414, 71.2272109985, 71.8425369263, 72.4346466064, 73.0731964111, 73.7233581543, 74.338684082, 74.9540100098, 75.5693435669, 76.1962814331, 76.8232192993, 77.4385452271, 78.0654830933, 78.6808166504, 79.2961425781, 79.9230804443, 80.5500183105, 81.1653518677, 81.7806777954, 82.4076156616, 83.0345535278, 83.649887085, 84.2768249512, 84.8921508789, 85.5190887451, 86.1460266113, 86.7729721069, 87.3999099731, 88.0152359009, 88.6305618286, 89.2575073242, 89.872833252, 90.4881591797, 91.1150970459, 91.7420425415, 92.3689804077, 92.9959182739, 93.6112442017, 94.2265777588, 94.853515625, 95.4804534912, 96.1073913574, 96.7111129761, 97.3264389038, 97.9417648315, 98.5687026978, 99.1840362549, 99.7993621826, 100.41469574, 101.030021667, 101.645347595, 102.260681152, 102.887619019, 103.502944946, 104.118278503, 104.733604431, 105.348930359, 105.964263916, 106.579589844, 107.20652771, 107.833465576, 108.448799133, 109.064125061, 109.66784668, 110.294784546, 110.921722412, 111.525436401, 112.140769958, 112.756095886, 113.371429443, 113.986755371, 114.602081299, 115.217414856, 115.832740784, 116.45967865, 117.075012207, 117.701950073, 118.317276001, 118.932601929, 119.547935486, 120.163261414, 120.778594971, 121.393920898, 122.009246826, 122.624580383, 123.25151825, 123.866844177, 124.482177734, 125.109115601, 125.724441528, 126.339767456, 126.955101013, 127.570426941, 128.185760498, 128.801086426, 129.416412354, 130.031738281, 130.647079468, 131.262405396, 131.889343262, 132.516281128, 133.166442871, 133.828201294, 134.489974976], "beats_loudness": {"dvar2": 0.00136235053651, "var": 0.000518980959896, "min": 0, "dmean": 0.0238473936915, "mean": 0.0485211312771, "max": 0.213444709778, "dmean2": 0.0423126369715, "median": 0.0466789156199, "dvar": 0.000462074327515}, "bpm_histogram_second_peak_weight": {"dvar2": 0, "var": 0, "min": 0.0418604649603, "dmean": 0, "mean": 0.0418604649603, "max": 0.0418604649603, "dmean2": 0, "median": 0.0418604649603, "dvar": 0}, "bpm_histogram_second_peak_spread": {"dvar2": 0, "var": 0, "min": 0.181818187237, "dmean": 0, "mean": 0.181818187237, "max": 0.181818187237, "dmean2": 0, "median": 0.181818187237, "dvar": 0}, "bpm_histogram_second_peak_bpm": {"dvar2": 0, "var": 0, "min": 91, "dmean": 0, "mean": 91, "max": 91, "dmean2": 0, "median": 91, "dvar": 0}, "onset_rate": 4.56910514832}, "lowlevel": {"spectral_energyband_high": {"dvar2": 1.42675020243e-07, "var": 1.29787053993e-07, "min": 7.10636599579e-21, "dmean": 0.000144975347212, "mean": 0.000184939810424, "max": 0.00549442321062, "dmean2": 0.000196696229978, "median": 3.28481401084e-05, "dvar": 7.18214536732e-08}, "spectral_energyband_middle_low": {"dvar2": 0.000270770629868, "var": 0.000188624078874, "min": 2.07209652212e-22, "dmean": 0.00654825847596, "mean": 0.0084128016606, "max": 0.115545541048, "dmean2": 0.00980111770332, "median": 0.00252027343959, "dvar": 0.000119780481327}, "spectral_energy": {"dvar2": 0.00110518070869, "var": 0.00183086993638, "min": 1.00002767558e-20, "dmean": 0.0180907696486, "mean": 0.0394542403519, "max": 0.281882911921, "dmean2": 0.0251491628587, "median": 0.0289068482816, "dvar": 0.000552374694962}, "spectral_spread": {"dvar2": 2653043032060.0, "var": 15283761709100.0, "min": 915603.5, "dmean": 947753.3125, "mean": 4138620.5, "max": 42014048, "dmean2": 1255570.75, "median": 3039173.25, "dvar": 1703877279740.0}, "spectral_energyband_low": {"dvar2": 0.00102610769682, "var": 0.00165181269404, "min": 2.05679814259e-23, "dmean": 0.0123978024349, "mean": 0.0268788784742, "max": 0.260842502117, "dmean2": 0.0175345409662, "median": 0.0102698542178, "dvar": 0.000523366150446}, "spectral_rolloff": {"dvar2": 4117085.25, "var": 6202983, "min": 21.533203125, "dmean": 607.325683594, "mean": 1456.2689209, "max": 19401.4160156, "dmean2": 1025.37902832, "median": 732.12890625, "dvar": 2003722.125}, "barkbands": {"dvar2": [9.29865791477e-07, 0.000972173060291, 0.000118569514598, 8.71713928063e-06, 1.11316103357e-05, 9.55956602411e-06, 0.000103093792859, 8.94337717909e-05, 2.74005815299e-05, 2.85270325548e-05, 1.07818959805e-05, 6.39923337076e-06, 6.52604194329e-06, 1.17445251817e-05, 1.21028551803e-05, 3.26816666529e-06, 4.64679430934e-07, 4.01383772441e-07, 4.57392488329e-08, 8.51223180831e-09, 1.03085762149e-09, 2.83718737393e-09, 1.46853889049e-08, 4.75987746995e-08, 3.42406325515e-09, 2.28693175508e-11, 2.31343671433e-15], "var": [1.33507683131e-06, 0.00146985799074, 3.27922825818e-05, 2.58125169239e-06, 1.05815215647e-05, 4.22118637289e-06, 5.0012677093e-05, 3.64501756849e-05, 1.25466831378e-05, 1.48678755068e-05, 7.13139615982e-06, 3.09994288727e-06, 3.40939504895e-06, 4.54106566394e-06, 5.22907293998e-06, 1.85510509709e-06, 3.89211123775e-07, 3.46680593566e-07, 3.34732384033e-08, 4.07076328202e-09, 4.60332910679e-10, 2.26657359548e-09, 1.19528538178e-08, 3.31247278496e-08, 3.01253000323e-09, 1.27972823311e-11, 6.49912763258e-16], "min": [6.2367993977e-25, 6.87978138332e-24, 6.73472988019e-25, 1.81205175905e-24, 7.6812624853e-24, 1.36607042957e-23, 3.51043418368e-24, 1.2818155095e-23, 2.08637285347e-23, 1.46673491865e-23, 1.38175266882e-23, 3.29710789333e-23, 3.57039770989e-23, 3.78770900999e-23, 3.7354703253e-23, 6.30355399079e-23, 6.92037821654e-23, 7.49135321538e-23, 1.72763491739e-22, 1.18729700418e-22, 2.49629038114e-22, 3.4786630316e-22, 3.3702477948e-22, 6.45015943552e-22, 8.41090312905e-22, 1.34845545586e-21, 1.98871970521e-21], "dmean": [0.000356324686436, 0.0117175318301, 0.00228294078261, 0.000718076422345, 0.000992484972812, 0.000737956201192, 0.00236789579503, 0.00204201880842, 0.00112595967948, 0.00115247711074, 0.000575859623495, 0.000393694936065, 0.000350111164153, 0.000493515690323, 0.000568347924855, 0.000352445436874, 0.000205972552067, 0.000208537152503, 7.11792163202e-05, 2.14783703996e-05, 6.20296395937e-06, 1.36290991577e-05, 3.10156647174e-05, 7.57398083806e-05, 2.12469731196e-05, 7.84953499533e-07, 8.78000694371e-09], "mean": [0.000613400829025, 0.0234521720558, 0.00248864805326, 0.000671031710226, 0.00131904194131, 0.000692412955686, 0.00221681315452, 0.00183642050251, 0.00122442119755, 0.00126372033264, 0.000576103979256, 0.00039051217027, 0.000360500998795, 0.000510948710144, 0.000569611031096, 0.000396831164835, 0.000286750728264, 0.000273284706054, 0.000105331630039, 3.16743862641e-05, 9.13165058591e-06, 1.79009639396e-05, 3.83628612326e-05, 8.44271635287e-05, 2.38884931605e-05, 9.28380018195e-07, 6.50770637378e-09], "max": [0.00909914914519, 0.253906369209, 0.0703799277544, 0.0227209050208, 0.0336602069438, 0.0325729548931, 0.102930106223, 0.0812739953399, 0.0606561638415, 0.0586560219526, 0.0489049069583, 0.0441900901496, 0.0432407706976, 0.0587500594556, 0.0489346459508, 0.0235059224069, 0.0120962578803, 0.00800203159451, 0.00219366070814, 0.00147176941391, 0.000692150148097, 0.00197912217118, 0.00224090088159, 0.00243193446659, 0.000795986445155, 0.000132548739202, 6.35195476661e-07], "dmean2": [0.000447250466095, 0.0162477791309, 0.00404286384583, 0.00121290085372, 0.00151417904999, 0.00118804222438, 0.00376501050778, 0.00331209180877, 0.0017608323833, 0.00180900935084, 0.000893795804586, 0.000636652053799, 0.000558037718292, 0.000790819292888, 0.000927135406528, 0.000538379943464, 0.000307718320983, 0.000294881057926, 0.000111297376861, 3.39433536283e-05, 9.60740271694e-06, 1.99624009838e-05, 4.49724248028e-05, 0.000105960396468, 2.93711636914e-05, 1.14557087727e-06, 1.57165711556e-08], "median": [0.000148430815898, 0.0080656465143, 0.000353126786649, 6.29457135801e-05, 0.000285258342046, 4.11343862652e-05, 9.65644940152e-05, 8.70047515491e-05, 0.000114684815344, 0.000116320574307, 4.0669903683e-05, 3.97510957555e-05, 2.3277978471e-05, 5.90260096942e-05, 4.40121802967e-05, 4.68718280899e-05, 6.55829717289e-05, 5.00341629959e-05, 3.26229419443e-05, 1.2351555597e-05, 3.33069601766e-06, 4.60778755951e-06, 5.06331889483e-06, 5.35437175131e-06, 1.48944741341e-06, 1.00295366678e-07, 9.44823219662e-10], "dvar": [5.74568957745e-07, 0.00051003752742, 4.20673350163e-05, 3.20405888488e-06, 6.35680407868e-06, 4.00781482313e-06, 4.45510995633e-05, 3.68628498109e-05, 1.15224765977e-05, 1.24691623569e-05, 5.15161036674e-06, 2.72518673228e-06, 2.74774947684e-06, 4.66686287837e-06, 4.95149424751e-06, 1.46122863498e-06, 2.13326643461e-07, 1.99650571631e-07, 1.91016749085e-08, 3.32518101942e-09, 4.00901117859e-10, 1.39367717367e-09, 6.91546109266e-09, 2.21393356981e-08, 1.91206006583e-09, 9.80413319973e-12, 8.41672816885e-16]}, "melbands_skewness": {"dvar2": 12.1678819656, "var": 19.8739185333, "min": -1.41015326977, "dmean": 1.91877603531, "mean": 4.40357494354, "max": 36.6593704224, "dmean2": 2.90021085739, "median": 2.68138337135, "dvar": 5.78305244446}, "barkbands_skewness": {"dvar2": 8.84484195709, "var": 18.0837955475, "min": -3.55372023582, "dmean": 1.66823887825, "mean": 3.32295918465, "max": 38.3154907227, "dmean2": 2.41133260727, "median": 1.73636960983, "dvar": 4.47467374802}, "erbbands": {"dvar2": [1.02506303787, 47.3742523193, 114.512870789, 129.939682007, 174.195770264, 89.4136428833, 143.726028442, 1027.49951172, 10380.1992188, 57569.09375, 29330.4863281, 13211.5615234, 23093.1816406, 21666.5976562, 11011.2353516, 6596.57470703, 10231.8613281, 24848.0019531, 25988.609375, 20047.6328125, 3748.40063477, 1092.16589355, 1129.0378418, 297.176177979, 68.6854400635, 18.7698497772, 1.78361058235, 2.31231880188, 3.60851979256, 4.6819229126, 16.621011734, 27.3171443939, 9.50498962402, 0.962209701538, 0.0715410411358, 0.00151173234917, 1.50504884004e-05, 1.1489064633e-07, 3.28289367912e-10, 1.32779731654e-09], "var": [2.48807668686, 47.8433761597, 38.0481872559, 35.4978294373, 154.148971558, 57.4271430969, 102.970626831, 411.095977783, 5237.32177734, 22457.9121094, 12684.1386719, 5988.61035156, 11960.1621094, 14763.2626953, 7940.20947266, 3935.43603516, 6554.61230469, 11168.2998047, 12913.3447266, 10360.9716797, 2916.05639648, 1178.18823242, 1018.484375, 257.920623779, 68.5687789917, 9.0145740509, 0.914689660072, 1.16826319695, 2.85469460487, 3.77085638046, 12.8249855042, 16.4810352325, 7.58311653137, 0.848002195358, 0.0526894070208, 0.00109231425449, 1.09903567136e-05, 7.3770713982e-08, 4.88539875221e-10, 2.18610929359e-09], "min": [1.66448035414e-22, 1.20971105423e-21, 2.04124203904e-21, 1.26162217106e-20, 8.68082432022e-21, 1.88925176162e-20, 4.70580950218e-20, 1.14210197193e-19, 7.42276855776e-20, 2.28797356101e-19, 3.4357559373e-19, 4.98721460174e-19, 5.09215487015e-19, 7.01095126143e-19, 7.80816518834e-19, 2.02044799637e-18, 1.83790040212e-18, 2.20625985211e-18, 2.48559295471e-18, 2.94862301902e-18, 4.09847975749e-18, 3.63776828044e-18, 4.83009495311e-18, 7.55244354274e-18, 7.92564261971e-18, 6.40929606621e-18, 1.10093992403e-17, 1.0627662005e-17, 1.06130647487e-17, 1.19883327536e-17, 9.85467495747e-18, 1.23221141929e-17, 1.14067495096e-17, 8.92219342576e-18, 6.30722446017e-18, 4.574437414e-18, 2.43654341913e-18, 1.01861326396e-18, 2.6364810382e-19, 2.67629133469e-20], "dmean": [0.435854524374, 2.44175887108, 2.49491715431, 2.46626091003, 3.53473973274, 2.87990379333, 3.17752075195, 7.15886259079, 23.7434139252, 50.6036109924, 35.5115356445, 23.8463554382, 34.1582603455, 29.5633296967, 20.3669128418, 13.4501285553, 15.3572330475, 22.9400691986, 26.9465713501, 25.0430583954, 15.1474580765, 11.4051914215, 11.1868572235, 5.56679868698, 3.05097603798, 0.939592123032, 0.297738999128, 0.287804275751, 0.462643712759, 0.597687363625, 1.01254355907, 1.62578129768, 1.15565145016, 0.370060145855, 0.0843901187181, 0.00865365564823, 0.000801847781986, 7.40926334402e-05, 1.0731853763e-05, 2.03805466299e-05], "mean": [0.941238284111, 4.24154233932, 3.30042552948, 2.59455299377, 4.23693275452, 3.59683322906, 3.83598875999, 6.45534229279, 22.4669723511, 45.7061195374, 33.6902961731, 25.5297355652, 41.0789337158, 33.7082061768, 22.8644485474, 14.4176445007, 16.6502761841, 25.8468952179, 27.7805252075, 27.9400577545, 19.4678916931, 16.7383708954, 15.397860527, 7.77753067017, 4.97714567184, 1.51118886471, 0.480158746243, 0.411900281906, 0.604912102222, 0.764457166195, 1.23211526871, 1.74818193913, 1.31572341919, 0.42263674736, 0.0907552093267, 0.0105978809297, 0.000943090242799, 7.83532086643e-05, 2.30323512369e-05, 4.49219842267e-05], "max": [11.1693878174, 47.2184524536, 73.0170974731, 89.2229995728, 151.124816895, 101.166000366, 206.006408691, 406.577453613, 1413.0267334, 2299.49365234, 1800.56799316, 1641.91772461, 2320.80371094, 2011.91516113, 1545.30236816, 1784.6998291, 2002.44799805, 2773.39257812, 2679.27026367, 2052.67822266, 858.363464355, 629.424377441, 429.754119873, 198.738937378, 110.305389404, 76.80519104, 25.2774810791, 34.0794715881, 66.4371261597, 57.5403251648, 82.1063690186, 75.8614044189, 26.5287666321, 12.5880327225, 4.23740148544, 0.945558309555, 0.078694678843, 0.00592016289011, 0.000166221449035, 0.000304631394101], "dmean2": [0.519980251789, 3.60027575493, 4.34540987015, 4.19923019409, 5.54351329803, 4.5925412178, 4.77812290192, 11.7110090256, 38.0950737, 81.7002792358, 56.5179786682, 37.0705337524, 52.7255859375, 44.3571395874, 30.7701511383, 21.5227794647, 23.4634723663, 34.8656082153, 42.3821907043, 38.1535606384, 21.9511566162, 16.3306407928, 15.6978530884, 7.7424082756, 4.71285438538, 1.45030593872, 0.456005811691, 0.432648032904, 0.671194255352, 0.884781122208, 1.48517417908, 2.45762276649, 1.55893218517, 0.505261659622, 0.116771742702, 0.0118968943134, 0.00119791598991, 0.000116263785458, 1.5169958715e-05, 2.83770477836e-05], "median": [0.29498565197, 1.32400274277, 0.857536017895, 0.648777604103, 0.510956764221, 0.853340148926, 0.583910882473, 0.448811143637, 1.09457659721, 2.88228797913, 2.77960348129, 3.02332925797, 3.93454837799, 3.01519536972, 2.20520687103, 1.39683640003, 1.28076076508, 3.19366407394, 2.19109940529, 2.641289711, 2.94935321808, 3.9857711792, 2.82523536682, 2.21314716339, 1.52020859718, 0.609688878059, 0.198838680983, 0.137658923864, 0.150661528111, 0.163335010409, 0.148143216968, 0.117259226739, 0.081674054265, 0.0262383967638, 0.0064606401138, 0.00118559761904, 0.00011815893231, 9.84741382126e-06, 1.81928153324e-05, 3.33156858687e-05], "dvar": [0.690602004528, 21.4641170502, 40.9816055298, 47.3670425415, 102.859893799, 38.2912979126, 69.7537155151, 420.34777832, 4495.80761719, 23834.0097656, 12285.4589844, 5610.26416016, 9834.5859375, 10590.4511719, 5291.10107422, 2993.38378906, 4604.08789062, 10204.6865234, 11519.2626953, 8528.203125, 1813.18347168, 551.505187988, 557.961120605, 150.654190063, 29.1036586761, 7.27461719513, 0.698973476887, 0.945862829685, 1.76507294178, 2.19955801964, 7.67044448853, 11.8777999878, 4.81572580338, 0.532306551933, 0.0361957140267, 0.000715612375643, 6.97935274729e-06, 5.11815372306e-08, 1.60420662865e-10, 6.59240328993e-10]}, "silence_rate_30dB": {"dvar2": 0.0969482138753, "var": 0.0652698352933, "min": 0, "dmean": 0.0487553663552, "mean": 0.92979747057, "max": 1, "dmean2": 0.097527474165, "median": 1, "dvar": 0.0463806241751}, "melbands_spread": {"dvar2": 751.725952148, "var": 886.63079834, "min": 0.197076201439, "dmean": 10.3374605179, "mean": 20.9130058289, "max": 242.792800903, "dmean2": 15.5375709534, "median": 11.3212585449, "dvar": 357.991027832}, "melbands_crest": {"dvar2": 38.9528236389, "var": 68.583442688, "min": 1.71477746964, "dmean": 4.39071130753, "mean": 19.5792541504, "max": 39.8194885254, "dmean2": 6.84199094772, "median": 19.8044185638, "dvar": 16.545715332}, "zerocrossingrate": {"dvar2": 0.000635844829958, "var": 0.00432560453191, "min": 0, "dmean": 0.0151236420497, "mean": 0.0511707179248, "max": 0.5166015625, "dmean2": 0.0165064055473, "median": 0.0341796875, "dvar": 0.000565602851566}, "barkbands_kurtosis": {"dvar2": 12405.6650391, "var": 10623.6376953, "min": -1.86053061485, "dmean": 27.7703990936, "mean": 38.7007637024, "max": 1561.37646484, "dmean2": 41.5786705017, "median": 3.66124176979, "dvar": 5476.58349609}, "spectral_flux": {"dvar2": 0.00325125851668, "var": 0.00457616522908, "min": 6.31611984936e-11, "dmean": 0.0391471721232, "mean": 0.0985783115029, "max": 0.32820084691, "dmean2": 0.0588180609047, "median": 0.0907380133867, "dvar": 0.00143786729313}, "barkbands_crest": {"dvar2": 27.9337844849, "var": 46.2748451233, "min": 2.24580764771, "dmean": 3.72010469437, "mean": 15.0486240387, "max": 26.8017482758, "dmean2": 5.84616327286, "median": 14.0300064087, "dvar": 12.2567272186}, "barkbands_flatness_db": {"dvar2": 0.00346745178103, "var": 0.0107213640586, "min": 0.0279536768794, "dmean": 0.0434553995728, "mean": 0.23960866034, "max": 0.619231283665, "dmean2": 0.0606028027833, "median": 0.229713782668, "dvar": 0.00188800669275}, "spectral_entropy": {"dvar2": 0.163441538811, "var": 0.471964657307, "min": 4.53983449936, "dmean": 0.300481677055, "mean": 7.20670557022, "max": 9.82457923889, "dmean2": 0.40870013833, "median": 7.23869276047, "dvar": 0.100678399205}, "pitch_salience": {"dvar2": 0.0226637404412, "var": 0.040180478245, "min": 0.0153515934944, "dmean": 0.102600991726, "mean": 0.421194046736, "max": 0.931261956692, "dmean2": 0.160950899124, "median": 0.432646930218, "dvar": 0.00986261013895}, "erbbands_spread": {"dvar2": 596.774658203, "var": 776.653381348, "min": 1.61800479889, "dmean": 13.8253536224, "mean": 37.4849205017, "max": 182.615966797, "dmean2": 20.5823097229, "median": 31.8621788025, "dvar": 296.253723145}, "dynamic_complexity": 4.27110671997, "spectral_contrast_valleys": {"dvar2": [0.406250596046, 0.84608912468, 0.594083786011, 0.531556904316, 0.349149167538, 0.548282384872], "var": [4.82619333267, 4.42372703552, 4.03167724609, 3.97409510612, 3.86774563789, 4.07225179672], "min": [-28.4858646393, -28.261631012, -27.9980773926, -27.5816478729, -27.4531326294, -27.3636550903], "dmean": [0.511344611645, 0.615747928619, 0.503380417824, 0.497130334377, 0.409432172775, 0.619845032692], "mean": [-8.22499275208, -7.87204837799, -8.10535621643, -8.45252990723, -8.73814678192, -11.2074432373], "max": [-5.33044147491, -4.85448646545, -5.37160396576, -5.81735754013, -5.90970373154, -8.15794372559], "dmean2": [0.76095110178, 0.959634065628, 0.755799949169, 0.73756724596, 0.561759233475, 0.696476340294], "median": [-8.02419471741, -7.79531049728, -8.01463127136, -8.26909446716, -8.4157409668, -11.0864553452], "dvar": [0.213175877929, 0.387639701366, 0.287112593651, 0.265632301569, 0.210520654917, 0.391586780548]}, "hfc": {"dvar2": 186.306869507, "var": 275.166168213, "min": 1.08453231681e-16, "dmean": 7.28812885284, "mean": 13.8654546738, "max": 141.727813721, "dmean2": 10.1427755356, "median": 7.43610429764, "dvar": 99.2728881836}, "spectral_kurtosis": {"dvar2": 73.3383178711, "var": 79.5130844116, "min": -1.25766825676, "dmean": 4.62060976028, "mean": 9.1033000946, "max": 68.9940261841, "dmean2": 7.25110721588, "median": 6.8537735939, "dvar": 30.5355224609}, "mfcc": {"mean": [-732.500915527, 136.826065063, -7.43417835236, 10.9037752151, 21.3299503326, -2.99593853951, 3.43250465393, 21.9408416748, 5.0113940239, 14.6010847092, 5.30146455765, 1.8977278471, -0.0401965416968], "cov": [[9995.62402344, -374.774383545, -159.436477661, -174.623718262, 136.662704468, -821.190124512, -702.849914551, -119.816848755, -433.826812744, -31.2564697266, -126.901161194, -68.6799240112, -57.0649833679], [-374.774383545, 2561.15771484, -154.591705322, 141.243301392, 68.7261505127, 139.512863159, 155.229644775, 136.368972778, 211.698303223, 62.1889648438, 184.277618408, 108.26260376, 59.5502204895], [-159.436477661, -154.591705322, 1574.12243652, 263.714935303, 454.666320801, 308.246551514, 261.483978271, 184.049179077, 121.17036438, 100.882453918, 45.2917060852, 129.68397522, 46.2566413879], [-174.623718262, 141.243301392, 263.714935303, 800.270141602, 336.513031006, 178.22795105, 109.493797302, 52.3012275696, 70.2245101929, 48.9877853394, 14.3607320786, 95.189163208, 127.440422058], [136.662704468, 68.7261505127, 454.666320801, 336.513031006, 565.349853516, 235.906311035, 120.973205566, 99.5541534424, 135.143325806, 111.901771545, 33.2023658752, 79.206199646, 65.9490661621], [-821.190124512, 139.512863159, 308.246551514, 178.22795105, 235.906311035, 549.266723633, 381.390045166, 231.491912842, 222.19593811, 138.863235474, 109.716758728, 63.5620002747, 42.0314178467], [-702.849914551, 155.229644775, 261.483978271, 109.493797302, 120.973205566, 381.390045166, 507.069580078, 254.630157471, 197.572494507, 120.821113586, 81.9162063599, 54.2127342224, 38.2449874878], [-119.816848755, 136.368972778, 184.049179077, 52.3012275696, 99.5541534424, 231.491912842, 254.630157471, 298.664367676, 178.314331055, 104.780044556, 85.1566696167, 37.0916023254, 30.7573623657], [-433.826812744, 211.698303223, 121.17036438, 70.2245101929, 135.143325806, 222.19593811, 197.572494507, 178.314331055, 282.023468018, 148.408737183, 85.542175293, 49.1968307495, 37.5301589966], [-31.2564697266, 62.1889648438, 100.882453918, 48.9877853394, 111.901771545, 138.863235474, 120.821113586, 104.780044556, 148.408737183, 198.021240234, 93.2273406982, 44.6350784302, 38.8196029663], [-126.901161194, 184.277618408, 45.2917060852, 14.3607320786, 33.2023658752, 109.716758728, 81.9162063599, 85.1566696167, 85.542175293, 93.2273406982, 150.842041016, 67.3610916138, 29.3213176727], [-68.6799240112, 108.26260376, 129.68397522, 95.189163208, 79.206199646, 63.5620002747, 54.2127342224, 37.0916023254, 49.1968307495, 44.6350784302, 67.3610916138, 128.075576782, 69.0074691772], [-57.0649833679, 59.5502204895, 46.2566413879, 127.440422058, 65.9490661621, 42.0314178467, 38.2449874878, 30.7573623657, 37.5301589966, 38.8196029663, 29.3213176727, 69.0074691772, 119.944923401]], "icov": [[0.000141030759551, -4.44808028988e-06, 1.92167390196e-05, 2.70741475106e-05, -0.000163631993928, 0.000219747555093, 0.000135393638629, -0.000318362814141, 0.000324941182043, -0.000251958728768, 7.80494665378e-05, -5.16802938364e-05, 7.50858307583e-05], [-4.44808028988e-06, 0.000474114960525, 9.54709466896e-05, -7.565614942e-05, -6.46319167572e-05, 0.000133845489472, -0.000120846510981, 5.2444076573e-05, -0.000440346775576, 0.000461826130049, -0.000648268614896, -9.69819375314e-05, 2.23634469876e-05], [1.92167390196e-05, 9.54709466896e-05, 0.00096300378209, 2.34380222537e-05, -0.000684779894073, -4.95403219247e-05, -0.000212475453736, -0.000385648338124, 0.000326720270095, -3.54122748831e-05, 0.000292062031804, -0.000957200012635, 0.000514508108608], [2.70741475106e-05, -7.565614942e-05, 2.34380222537e-05, 0.00197431631386, -0.00100875156932, -0.000250959943514, -9.65576837189e-05, 0.00013046147069, 0.00026419115602, 0.00022251275368, 0.00041846052045, -0.000229932033108, -0.00154106295668], [-0.000163631993928, -6.46319167572e-05, -0.000684779894073, -0.00100875156932, 0.00372396362945, -0.00136601098347, 0.00079249771079, 0.000288896437269, -0.000842235982418, -0.000980494893156, 0.00116953684483, -0.000604007393122, 3.69466361008e-05], [0.000219747555093, 0.000133845489472, -4.95403219247e-05, -0.000250959943514, -0.00136601098347, 0.00544664543122, -0.00268468051217, -0.000568151765037, -0.000791088677943, 0.000221549285925, -0.00189709058031, 0.000685957551468, 0.000412930763559], [0.000135393638629, -0.000120846510981, -0.000212475453736, -9.65576837189e-05, 0.00079249771079, -0.00268468051217, 0.00553440582007, -0.00276262173429, 0.000215006846702, -0.000996815157123, 0.00150973070413, -0.000834860722534, 0.000124320373288], [-0.000318362814141, 5.2444076573e-05, -0.000385648338124, 0.00013046147069, 0.000288896437269, -0.000568151765037, -0.00276262173429, 0.00836071744561, -0.00347006972879, 0.00114669115283, -0.00238859839737, 0.00169388263021, -0.00106617785059], [0.000324941182043, -0.000440346775576, 0.000326720270095, 0.00026419115602, -0.000842235982418, -0.000791088677943, 0.000215006846702, -0.00347006972879, 0.00956964865327, -0.00493447855115, 0.00128187041264, -0.000993250287138, 0.000388895336073], [-0.000251958728768, 0.000461826130049, -3.54122748831e-05, 0.00022251275368, -0.000980494893156, 0.000221549285925, -0.000996815157123, 0.00114669115283, -0.00493447855115, 0.0115359378979, -0.00559330452234, 0.00179398921318, -0.00194104597904], [7.80494665378e-05, -0.000648268614896, 0.000292062031804, 0.00041846052045, 0.00116953684483, -0.00189709058031, 0.00150973070413, -0.00238859839737, 0.00128187041264, -0.00559330452234, 0.0144527498633, -0.00684283487499, 0.00176755164284], [-5.16802938364e-05, -9.69819375314e-05, -0.000957200012635, -0.000229932033108, -0.000604007393122, 0.000685957551468, -0.000834860722534, 0.00169388263021, -0.000993250287138, 0.00179398921318, -0.00684283487499, 0.0162251312286, -0.00737123284489], [7.50858307583e-05, 2.23634469876e-05, 0.000514508108608, -0.00154106295668, 3.69466361008e-05, 0.000412930763559, 0.000124320373288, -0.00106617785059, 0.000388895336073, -0.00194104597904, 0.00176755164284, -0.00737123284489, 0.014184772037]]}, "silence_rate_20dB": {"dvar2": 0, "var": 0, "min": 1, "dmean": 0, "mean": 1, "max": 1, "dmean2": 0, "median": 1, "dvar": 0}, "melbands_kurtosis": {"dvar2": 14489.5224609, "var": 13382.6484375, "min": -1.79822850227, "dmean": 40.7283859253, "mean": 60.9699745178, "max": 1530.25769043, "dmean2": 62.2740592957, "median": 9.68176937103, "dvar": 6531.46435547}, "barkbands_spread": {"dvar2": 231.901504517, "var": 227.121612549, "min": 0.0349840410054, "dmean": 7.11089944839, "mean": 14.9067182541, "max": 118.398292542, "dmean2": 10.8087596893, "median": 10.7218837738, "dvar": 107.956375122}, "erbbands_skewness": {"dvar2": 0.778560161591, "var": 1.13420832157, "min": -3.98853754997, "dmean": 0.632241129875, "mean": 0.275978177786, "max": 7.42472314835, "dmean2": 0.956475138664, "median": 0.211494281888, "dvar": 0.365837663412}, "average_loudness": 0.905700027943, "spectral_centroid": {"dvar2": 296756.46875, "var": 1368709.375, "min": 71.1744689941, "dmean": 324.209594727, "mean": 1259.49401855, "max": 11706.0195312, "dmean2": 475.209899902, "median": 1026.30249023, "dvar": 159757.53125}, "dissonance": {"dvar2": 0.00260519934818, "var": 0.00246968655847, "min": 0.16382008791, "dmean": 0.0323051400483, "mean": 0.442002773285, "max": 0.499997645617, "dmean2": 0.0524916425347, "median": 0.455247819424, "dvar": 0.00105669652112}, "erbbands_flatness_db": {"dvar2": 0.00139995710924, "var": 0.00435722945258, "min": 0.0365106984973, "dmean": 0.0312731713057, "mean": 0.21251873672, "max": 0.446628540754, "dmean2": 0.0420925877988, "median": 0.20544090867, "dvar": 0.000885765068233}, "spectral_strongpeak": {"dvar2": 1.90856409073, "var": 1.21011435986, "min": 0, "dmean": 0.491756051779, "mean": 0.827897846699, "max": 11.4165039062, "dmean2": 0.774584591389, "median": 0.477946341038, "dvar": 0.790890872478}, "spectral_rms": {"dvar2": 3.60364788321e-06, "var": 1.11865119834e-05, "min": 3.12351837103e-12, "dmean": 0.00136728282087, "mean": 0.00522545538843, "max": 0.0165833570063, "dmean2": 0.00181009189691, "median": 0.00531053356826, "dvar": 1.90913488041e-06}, "silence_rate_60dB": {"dvar2": 0.146277278662, "var": 0.16203391552, "min": 0, "dmean": 0.0786266103387, "mean": 0.203398555517, "max": 1, "dmean2": 0.157280221581, "median": 0, "dvar": 0.0724485963583}, "melbands": {"dvar2": [8.32065416034e-05, 2.68564854196e-05, 3.01931231661e-06, 6.97510301961e-07, 1.33428372351e-07, 5.76399258989e-07, 2.6940524549e-06, 6.2062276811e-06, 1.68460178429e-06, 5.54421262677e-07, 6.16009970145e-07, 4.14655659142e-07, 1.51200282517e-07, 9.3159449932e-08, 4.26660591302e-08, 8.71119425483e-08, 1.21430332456e-07, 7.74541035753e-08, 6.80492462379e-08, 2.94799971101e-08, 4.64568961078e-09, 1.7712493694e-09, 1.02816788417e-09, 1.4658134706e-09, 2.06376402079e-10, 5.35793839851e-11, 2.74326984739e-11, 7.72165404533e-12, 9.59250582612e-13, 6.377247363e-13, 1.18476127346e-12, 1.15969950656e-12, 1.64529165032e-12, 1.83868133392e-12, 6.97194862606e-12, 5.47751817861e-12, 1.60837818758e-11, 6.59638966713e-12, 1.49321885152e-12, 6.12932664693e-13], "var": [0.000150341395056, 1.91817398445e-05, 1.05183607957e-06, 5.60161595331e-07, 9.90023920622e-08, 2.27997404068e-07, 1.4080484334e-06, 2.45138971877e-06, 7.263940347e-07, 2.52139074064e-07, 3.13574673783e-07, 2.68310799356e-07, 1.17382242593e-07, 5.18464560173e-08, 2.09816661823e-08, 4.1926945471e-08, 4.59669919906e-08, 3.56819072067e-08, 2.92421589165e-08, 1.4613656063e-08, 3.28641780456e-09, 1.59111379627e-09, 8.76598127419e-10, 9.55316825646e-10, 1.38123887328e-10, 4.08865614976e-11, 2.11146395507e-11, 2.94837678577e-12, 4.47744489054e-13, 2.82372676673e-13, 5.24449678563e-13, 1.02693461373e-12, 9.36221477947e-13, 1.38413531938e-12, 4.76476930827e-12, 4.26045396879e-12, 8.09541322866e-12, 4.94529894465e-12, 1.37451475982e-12, 4.47981360124e-13], "min": [2.88465271846e-24, 1.82725626413e-24, 1.73894387744e-24, 1.26148985747e-24, 1.43185255438e-24, 3.00152108106e-24, 1.11875790123e-24, 2.68237497729e-24, 2.1518228284e-24, 2.64345593289e-24, 2.10101269192e-24, 2.42873509423e-24, 2.01536823281e-24, 3.20846020131e-24, 3.07701171703e-24, 3.57176496361e-24, 3.8598064791e-24, 2.89023844531e-24, 2.85969177891e-24, 4.79493797337e-24, 4.1332962719e-24, 3.85807808486e-24, 3.88651060404e-24, 3.16473817728e-24, 5.45778071556e-24, 5.47156211558e-24, 4.87801567631e-24, 3.34516072429e-24, 5.5371850877e-24, 4.06071002457e-24, 5.11689143588e-24, 5.39691299698e-24, 5.61498610005e-24, 6.43660563765e-24, 4.92633104017e-24, 7.35443977885e-24, 6.25062891823e-24, 6.09298966025e-24, 6.13827382608e-24, 5.90968757373e-24], "dmean": [0.00355313369073, 0.00174227182288, 0.000465888704639, 0.000228500168305, 0.000107086561911, 0.000171823485289, 0.000394521834096, 0.000548678915948, 0.000263254944002, 0.000155686793732, 0.000176253161044, 0.000128294661408, 7.43012860767e-05, 4.88536461489e-05, 3.05815774482e-05, 3.85974199162e-05, 4.56480011053e-05, 4.43204226031e-05, 4.22603588959e-05, 2.95367663057e-05, 1.67331090779e-05, 1.28384563141e-05, 1.08584517875e-05, 1.03761931314e-05, 4.23533356297e-06, 2.37845711126e-06, 1.70296436863e-06, 4.89775004553e-07, 2.14570661683e-07, 1.54976333988e-07, 1.8345642161e-07, 2.67542873189e-07, 2.81912235778e-07, 3.59239805903e-07, 5.75725493945e-07, 6.70238307521e-07, 1.19306389479e-06, 9.35962816584e-07, 4.79409834497e-07, 2.66850349817e-07], "mean": [0.0074121565558, 0.00296064186841, 0.000515716848895, 0.000293447490549, 0.000135658803629, 0.000153236527694, 0.000374138122424, 0.000495851272717, 0.000246657145908, 0.00016648984456, 0.000205092015676, 0.000139057461638, 7.88732650108e-05, 5.04411145812e-05, 2.99919811368e-05, 4.014858132e-05, 4.8354278988e-05, 4.26674305345e-05, 4.27312734246e-05, 3.1791809306e-05, 2.07093253266e-05, 1.78665195563e-05, 1.46974989548e-05, 1.28245528686e-05, 5.54672260478e-06, 3.47795298694e-06, 2.69891711469e-06, 6.72477085573e-07, 3.16335928119e-07, 2.26904745659e-07, 2.35728435882e-07, 3.34749188369e-07, 3.66648748695e-07, 4.37958277644e-07, 6.88255056502e-07, 7.87345641129e-07, 1.21896016481e-06, 1.04362186448e-06, 5.64643130474e-07, 2.86857385845e-07], "max": [0.0818067118526, 0.0350545309484, 0.0130591606721, 0.00785166304559, 0.00551966577768, 0.00796998012811, 0.0225114151835, 0.0218610670418, 0.0125920353457, 0.00916527491063, 0.0115164332092, 0.00815800018609, 0.00734138162807, 0.00660496996716, 0.00302998838015, 0.0058676591143, 0.00644778972492, 0.00431732693687, 0.00409952923656, 0.00240008835681, 0.0010219841497, 0.00080862431787, 0.000361150974641, 0.000543148198631, 0.000146397884237, 0.000136962014949, 5.91616117163e-05, 5.20527828485e-05, 2.00164176931e-05, 2.17568140215e-05, 2.67014202109e-05, 3.28407695633e-05, 4.47466300102e-05, 2.71698081633e-05, 5.08426746819e-05, 4.65594603156e-05, 4.77952889923e-05, 2.32027177844e-05, 1.32261538965e-05, 1.02686653918e-05], "dmean2": [0.00471985107288, 0.00274475221522, 0.000767094432376, 0.000355184311047, 0.000159140457981, 0.000280449952697, 0.000627405126579, 0.000884568027686, 0.000421491538873, 0.000241326823016, 0.000273228419246, 0.000193440340809, 0.000113440299174, 7.52630512579e-05, 4.98567205796e-05, 6.05532368354e-05, 7.16319846106e-05, 7.09588421159e-05, 6.75499250065e-05, 4.59071343357e-05, 2.46777453867e-05, 1.91440922208e-05, 1.58749371622e-05, 1.48206700032e-05, 6.21129356659e-06, 3.69121698895e-06, 2.71425642495e-06, 7.74195768827e-07, 3.37561459673e-07, 2.46909252155e-07, 2.73760548453e-07, 3.92987828945e-07, 4.25660658721e-07, 5.40357405043e-07, 8.70998235314e-07, 9.65315393842e-07, 1.88468538909e-06, 1.28274905364e-06, 6.47154479338e-07, 3.76013218784e-07], "median": [0.00252654217184, 0.000876481411979, 0.000145574376802, 5.56002705707e-05, 2.58729560301e-05, 7.97863140178e-06, 1.61657317221e-05, 2.96962170978e-05, 1.69901431946e-05, 1.63853401318e-05, 1.74504730239e-05, 1.09247839646e-05, 6.18448075329e-06, 5.2064879128e-06, 2.7791620596e-06, 2.6969398732e-06, 6.0196675804e-06, 2.6722552775e-06, 3.47177137883e-06, 3.32126228386e-06, 3.14128533319e-06, 3.94623839384e-06, 2.58034515355e-06, 2.19016783376e-06, 1.53598989527e-06, 1.0017082559e-06, 7.95135406406e-07, 2.45656281095e-07, 1.23458718804e-07, 7.81919879955e-08, 6.43008490897e-08, 7.26356859104e-08, 1.01956359799e-07, 7.99564716658e-08, 8.21019767727e-08, 7.31668450271e-08, 6.84733407752e-08, 6.27141929499e-08, 3.60910412667e-08, 1.53290073968e-08], "dvar": [4.78242181998e-05, 1.06009920273e-05, 1.17665172183e-06, 3.61037621133e-07, 6.46674678251e-08, 2.35115138025e-07, 1.18000411931e-06, 2.57104875345e-06, 7.05058766926e-07, 2.35689029182e-07, 2.62193395884e-07, 2.00613655466e-07, 7.54571374273e-08, 4.22223145335e-08, 1.7994210566e-08, 3.68759209834e-08, 4.82004800517e-08, 3.39703980501e-08, 2.74727351979e-08, 1.26264643185e-08, 2.17829110305e-09, 8.45133241167e-10, 4.80981143802e-10, 6.7043953722e-10, 9.38395749994e-11, 2.26335165887e-11, 1.08275445901e-11, 2.90973039933e-12, 3.68213109742e-13, 2.46299210411e-13, 4.75069311147e-13, 6.05386183891e-13, 6.97456415538e-13, 8.45012644926e-13, 3.09727200484e-12, 2.52784685545e-12, 6.66977540906e-12, 3.26130572201e-12, 8.31427320654e-13, 3.15446724731e-13]}, "spectral_skewness": {"dvar2": 0.488674283028, "var": 0.889250993729, "min": -0.0681764185429, "dmean": 0.482190519571, "mean": 2.00808405876, "max": 6.69374370575, "dmean2": 0.725574433804, "median": 1.89010894299, "dvar": 0.228129550815}, "melbands_flatness_db": {"dvar2": 0.00462792767212, "var": 0.0198873654008, "min": 0.00399592518806, "dmean": 0.0512954965234, "mean": 0.299227595329, "max": 0.763558089733, "dmean2": 0.068815305829, "median": 0.286112844944, "dvar": 0.00260950694792}, "spectral_decrease": {"dvar2": 7.5301513561e-17, "var": 1.24981934829e-16, "min": -7.41485308708e-08, "dmean": 4.65273553019e-09, "mean": -1.01203516678e-08, "max": 1.39038070659e-28, "dmean2": 6.47769970996e-09, "median": -7.36432248516e-09, "dvar": 3.77350762634e-17}, "erbbands_crest": {"dvar2": 27.5428256989, "var": 25.0675144196, "min": 2.39625430107, "dmean": 3.67562770844, "mean": 11.2334432602, "max": 30.5448551178, "dmean2": 5.90422439575, "median": 10.2213001251, "dvar": 11.3981580734}, "gfcc": {"mean": [-103.144393921, 117.398651123, -127.234237671, 31.6994857788, -44.2914733887, 24.9427223206, -31.5446357727, 24.1847705841, -2.77403879166, -11.8672771454, 0.352560222149, -11.3539142609, -1.43578410149], "cov": [[18272.9804688, 859.54675293, -1508.91674805, 662.687438965, -1377.10900879, 188.093536377, -1288.77941895, 484.096191406, 112.099235535, -341.833190918, 264.328735352, -241.808364868, 40.4250526428], [859.54675293, 2205.70336914, 326.575500488, -296.838165283, 671.715393066, -230.922729492, 479.264251709, -68.3601379395, 295.443725586, -30.9843902588, 134.323287964, -66.6921234131, 76.0601959229], [-1508.91674805, 326.575500488, 2145.85229492, 664.503234863, 666.41003418, 571.58996582, 392.88583374, 131.405822754, 184.842315674, 84.1279678345, 82.6604003906, 11.9170751572, 14.4682683945], [662.687438965, -296.838165283, 664.503234863, 995.665771484, 285.916809082, 253.083297729, 3.59298419952, 106.196365356, 38.381752