{"tonal": {"thpcp": [1, 0.653235912323, 0.30417367816, 0.28256431222, 0.242802932858, 0.223170384765, 0.246274322271, 0.292112141848, 0.331372380257, 0.365905493498, 0.410240411758, 0.439032614231, 0.390320539474, 0.301561444998, 0.224295541644, 0.183305978775, 0.187695473433, 0.216856613755, 0.290540128946, 0.354848891497, 0.334246665239, 0.286820352077, 0.242931544781, 0.209338366985, 0.214859440923, 0.232422068715, 0.229685425758, 0.216139227152, 0.190289780498, 0.15742470324, 0.154818996787, 0.202061191201, 0.244631752372, 0.233457580209, 0.223532646894, 0.612454652786], "hpcp": {"dmean2": [0.311768472195, 0.267519980669, 0.217978090048, 0.177924975753, 0.159037053585, 0.178747683764, 0.206839174032, 0.216824904084, 0.253698796034, 0.25109577179, 0.225443199277, 0.202253714204, 0.186110720038, 0.181488215923, 0.173031195998, 0.164548903704, 0.152456760406, 0.135308161378, 0.135056942701, 0.137725159526, 0.157694384456, 0.15569613874, 0.161368593574, 0.271104991436, 0.384029835463, 0.288020581007, 0.225349724293, 0.211281687021, 0.18974712491, 0.202077955008, 0.228295341134, 0.249066993594, 0.27979066968, 0.306175768375, 0.326657921076, 0.319946557283], "median": [0.0416339710355, 0.0284802373499, 0.0192872453481, 0.013657300733, 0.0148383239284, 0.0196555331349, 0.036459621042, 0.0469570532441, 0.0461751371622, 0.0352107435465, 0.0254317224026, 0.0195133741945, 0.0235194303095, 0.0291394777596, 0.0310178864747, 0.028845898807, 0.0236302614212, 0.0155455395579, 0.0140427118167, 0.0203677993268, 0.0279843639582, 0.0316315218806, 0.0298914350569, 0.198094770312, 0.258408606052, 0.22815041244, 0.0461543537676, 0.0396948754787, 0.0308405458927, 0.0214211754501, 0.0189462304115, 0.0262550730258, 0.0406411141157, 0.052484460175, 0.0532263591886, 0.0476245209575], "min": [0, 0, 0, 0, 0, 0, 0, 0, 0, 0, 0, 0, 0, 0, 0, 0, 0, 0, 0, 0, 0, 0, 0, 0, 0, 0, 0, 0, 0, 0, 0, 0, 0, 0, 0, 0], "dvar2": [0.184778898954, 0.163250401616, 0.142113640904, 0.1134564206, 0.0912274867296, 0.103394679725, 0.10648727417, 0.104479715228, 0.134525641799, 0.14037463069, 0.126331746578, 0.109956264496, 0.0920692235231, 0.0809321179986, 0.0788633599877, 0.0759451910853, 0.0749276578426, 0.064959667623, 0.0708735883236, 0.06527133286, 0.0740544274449, 0.0658879876137, 0.0710761994123, 0.102385878563, 0.234380125999, 0.105356372893, 0.0991712883115, 0.0953870564699, 0.0853501707315, 0.100874863565, 0.127756357193, 0.142440497875, 0.162178084254, 0.162089928985, 0.175440236926, 0.179034262896], "dvar": [0.0656761452556, 0.0572686381638, 0.0497167333961, 0.0395312793553, 0.0328999906778, 0.0380067080259, 0.0382925421, 0.0384986288846, 0.046750176698, 0.0480300448835, 0.0435251519084, 0.0379995070398, 0.0326788574457, 0.0293917823583, 0.0284675993025, 0.0272574350238, 0.0265648271888, 0.023182451725, 0.0256297755986, 0.0239311829209, 0.0268668271601, 0.0242351815104, 0.02600800246, 0.0373827964067, 0.0883184298873, 0.0392566546798, 0.0366262830794, 0.0354032218456, 0.0307596232742, 0.0363552570343, 0.0460917875171, 0.0506740324199, 0.0560801438987, 0.0578382015228, 0.0638231039047, 0.0657436922193], "dmean": [0.172340169549, 0.147927954793, 0.119218997657, 0.0975353270769, 0.0885744765401, 0.100322127342, 0.118149891496, 0.124670319259, 0.141567438841, 0.138259962201, 0.12442804873, 0.110821396112, 0.103563658893, 0.102182082832, 0.0984982997179, 0.0939810052514, 0.0858222693205, 0.0761131048203, 0.0754200667143, 0.0789689868689, 0.0904391407967, 0.0896847471595, 0.091599971056, 0.151311397552, 0.211340457201, 0.163366258144, 0.128529310226, 0.120137646794, 0.106090292335, 0.112252764404, 0.125782862306, 0.137312948704, 0.154708787799, 0.169574201107, 0.181782588363, 0.179398402572], "max": [1, 1, 1, 1, 1, 1, 1, 1, 1, 1, 1, 1, 1, 1, 1, 1, 1, 1, 1, 1, 1, 1, 1, 1, 1, 1, 1, 1, 1, 1, 1, 1, 1, 1, 1, 1], "var": [0.0754311159253, 0.0558879859746, 0.0408086813986, 0.0337048992515, 0.0329902581871, 0.0395639687777, 0.0477745197713, 0.0626638308167, 0.0543267913163, 0.0467179901898, 0.0393604151905, 0.0343232899904, 0.0335716865957, 0.0343273021281, 0.032556861639, 0.0300094056875, 0.0264306180179, 0.0213515479118, 0.024054845795, 0.0321478024125, 0.0410093739629, 0.0335150323808, 0.0310221295804, 0.0621705800295, 0.180844560266, 0.0677702799439, 0.0461093373597, 0.0429552793503, 0.0340761058033, 0.0344973914325, 0.0438548587263, 0.0545938052237, 0.058480001986, 0.060467209667, 0.0735630616546, 0.0868518203497], "mean": [0.174221023917, 0.134603083134, 0.100115150213, 0.0818193107843, 0.0837785750628, 0.0967947617173, 0.129683673382, 0.158388122916, 0.149192243814, 0.128023341298, 0.108433403075, 0.0934389606118, 0.0959033146501, 0.103742457926, 0.102520950139, 0.0964745506644, 0.0849365517497, 0.0702671036124, 0.0691040381789, 0.0901907682419, 0.109192296863, 0.104204662144, 0.0997746288776, 0.273371428251, 0.44635373354, 0.291574299335, 0.135769054294, 0.126123636961, 0.108375996351, 0.0996129363775, 0.109925463796, 0.13038533926, 0.147909298539, 0.163323283195, 0.183112338185, 0.195963844657]}, "tuning_equal_tempered_deviation": 0.274052530527, "chords_changes_rate": 0.0850733369589, "key_key": "F", "tuning_diatonic_strength": 0.495229125023, "key_scale": "major", "chords_number_rate": 0.00293356343172, "tuning_frequency": 434.193115234, "tuning_nontempered_energy_ratio": 0.820350646973, "chords_histogram": [10.3192405701, 1.38050043583, 0.396893888712, 9.76704025269, 2.08800697327, 2.72648835182, 1.53580677509, 0.621225178242, 2.19154453278, 4.22778272629, 14.9956855774, 3.64106988907, 2.55392575264, 0.776531517506, 0.207075059414, 4.07247638702, 8.11044025421, 9.68075942993, 1.43226921558, 0.310612589121, 0.707506477833, 0.189818814397, 2.62295079231, 15.4443483353], "key_strength": 0.47242167592, "chords_key": "D", "chords_strength": {"dmean2": 0.0133201256394, "median": 0.503533840179, "min": -1, "dvar2": 0.000850914802868, "dvar": 0.000458758120658, "dmean": 0.0117267649621, "max": 0.813837826252, "var": 0.0187014881521, "mean": 0.504254341125}, "chords_scale": "minor", "hpcp_entropy": {"dmean2": 1.08559536934, "median": 2.37641429901, "min": 0, "dvar2": 0.739242076874, "dvar": 0.267278641462, "dmean": 0.638832271099, "max": 4.53904914856, "var": 0.566047251225, "mean": 2.33401918411}}, "metadata": {"audio_properties": {"equal_loudness": 0, "codec": "mp3", "downmix": "mix", "analysis_sample_rate": 44100, "bit_rate": 192000, "md5_encoded": "434f7542c135c0c4ac1f02ae44d6b782", "length": 269.061218262, "replay_gain": -3.29892730713, "lossless": false}, "version": {"essentia_build_sha": "12879b851c9f4b0d899e1af4e221aa110f283a84", "essentia": "2.1-beta1", "extractor": "music 1.0", "essentia_git_sha": "v2.1_beta1-7-ge0e83e8-dirty"}, "tags": {"title": ["Brother Can You Share a Dime"], "language": ["eng"], "media": ["CD"], "albumartist": ["George Michael"], "length": ["269106"], "musicbrainz_recordingid": ["1a69ea36-4fff-49a2-9c0e-d5370fbfb0d9"], "composer": ["E.Y. \"Yip\" Harburg/Jay Gorney"], "musicbrainz_albumartistid": ["ccb8f30e-4d71-40c4-8b1d-846dafe73e2c"], "discnumber": ["1/1"], "album": ["Songs From the Last Century"], "musicbrainz album release country": ["GB"], "musicbrainz album type": ["album"], "musicbrainz album status": ["official"], "file_name": "01. Brother Can You Share a Dime.mp3", "date": ["1999"], "genre": ["Other"], "script": ["Latn"], "originaldate": ["1999"], "musicbrainz_albumid": ["c93fb7e2-e13d-47f1-b710-e0b62cf3aa16"], "artist": ["George Michael"], "artistsort": ["Michael, George"], "tracknumber": ["1/11"], "label": ["Virgin"], "albumartistsort": ["Michael, George"], "musicbrainz_artistid": ["ccb8f30e-4d71-40c4-8b1d-846dafe73e2c"]}}, "rhythm": {"bpm_histogram_first_peak_bpm": {"dmean2": 0, "median": 94, "min": 94, "dvar2": 0, "dvar": 0, "dmean": 0, "max": 94, "var": 0, "mean": 94}, "bpm": 94.2871246338, "bpm_histogram_second_peak_spread": {"dmean2": 0, "median": 0.507352948189, "min": 0.507352948189, "dvar2": 0, "dvar": 0, "dmean": 0, "max": 0.507352948189, "var": 0, "mean": 0.507352948189}, "bpm_histogram_first_peak_weight": {"dmean2": 0, "median": 0.207509875298, "min": 0.207509875298, "dvar2": 0, "dvar": 0, "dmean": 0, "max": 0.207509875298, "var": 0, "mean": 0.207509875298}, "onset_rate": 1.49030280113, "beats_position": [0.476009070873, 0.96362811327, 1.43963718414, 1.91564619541, 2.39165520668, 2.87927436829, 3.35528349876, 3.83129239082, 4.31891155243, 4.79492044449, 5.27092981339, 5.75854873657, 6.24616765976, 6.73378658295, 7.22140598297, 7.69741487503, 8.16181373596, 8.62621307373, 9.10222244263, 9.57823085785, 10.0542402267, 10.5186395645, 10.9946479797, 11.4706573486, 11.9350566864, 12.4110651016, 12.8754644394, 13.3398637772, 13.8042631149, 14.268661499, 14.7446708679, 15.2322902679, 15.7199087143, 16.2075271606, 16.6835365295, 17.1595458984, 17.6355552673, 18.1115646362, 18.5875740051, 19.0635814667, 19.5395908356, 20.0156002045, 20.4916095734, 20.9676189423, 21.4436283112, 21.9312477112, 22.4072551727, 22.8832645416, 23.3592739105, 23.8236732483, 24.2880725861, 24.764081955, 25.2400894165, 25.7160987854, 26.1804981232, 26.6565074921, 27.132516861, 27.6085262299, 28.0845336914, 28.5605430603, 29.0365524292, 29.5125617981, 30.0001811981, 30.4878005981, 30.9754180908, 31.4514274597, 31.9274368286, 32.4150543213, 32.8910636902, 33.3670730591, 33.8314743042, 34.3074836731, 34.783493042, 35.2478904724, 35.7122879028, 36.1766891479, 36.6410865784, 37.1170959473, 37.5931053162, 38.0691146851, 38.545124054, 39.0327415466, 39.520362854, 40.0079803467, 40.4956016541, 40.9832191467, 41.4708366394, 41.9584579468, 42.4460754395, 42.9336967468, 43.4097061157, 43.8857116699, 44.3733329773, 44.86095047, 45.3485717773, 45.83618927, 46.3238105774, 46.8114280701, 47.3106575012, 47.8098869324, 48.3091163635, 48.80834198, 49.3424034119, 49.8764610291, 50.4105224609, 50.9445800781, 51.4786376953, 52.1171875, 52.7557373047, 53.3942832947, 54.0560531616, 54.7062110901, 55.3447608948, 55.9833106995, 56.6334686279, 57.2836265564, 57.9221763611, 58.5607261658, 59.187664032, 59.8262138367, 60.4763717651, 61.1265296936, 61.7766876221, 62.4152374268, 63.042175293, 63.6807250977, 64.3076629639, 64.9229888916, 65.5731506348, 66.2233123779, 66.8734664917, 67.5120162964, 68.1505661011, 68.7775039673, 69.4044418335, 70.0313796997, 70.6583175659, 71.2852630615, 71.9005889893, 72.515914917, 73.1544647217, 73.7930145264, 74.4315643311, 75.0701141357, 75.7086639404, 76.3472061157, 76.9857559204, 77.6243057251, 78.2628555298, 78.889793396, 79.5283432007, 80.1668930054, 80.8054428101, 81.4323806763, 82.0593185425, 82.6978683472, 83.3364181519, 83.9749679565, 84.6135101318, 85.2520599365, 85.8906097412, 86.5175476074, 87.1444854736, 87.7830352783, 88.421585083, 89.0601348877, 89.6986846924, 90.3372344971, 90.9757843018, 91.6143264771, 92.2412643433, 92.8682098389, 93.5067520142, 94.1336975098, 94.760635376, 95.3875732422, 96.0261230469, 96.6646728516, 97.3032150269, 97.9417648315, 98.5803146362, 99.2188644409, 99.8458023071, 100.484352112, 101.111289978, 101.738227844, 102.376777649, 103.015327454, 103.653877258, 104.280815125, 104.907752991, 105.534690857, 106.161628723, 106.788566589, 107.415504456, 108.05405426, 108.692604065, 109.33115387, 109.981315613, 110.631469727, 111.28163147, 111.920181274, 112.570335388, 113.208885193, 113.847434998, 114.474372864, 115.10131073, 115.728248596, 116.366798401, 116.993736267, 117.632286072, 118.270835876, 118.909385681, 119.547935486, 120.174873352, 120.813423157, 121.440361023, 122.078910828, 122.717460632, 123.367614746, 124.029388428, 124.69115448, 125.329704285, 125.968254089, 126.606803894, 127.256958008, 127.907119751, 128.545669556, 129.172607422, 129.799545288, 130.438095093, 131.065032959, 131.703582764, 132.365356445, 133.01550293, 133.677276611, 134.339050293, 135.000808716, 135.650970459, 136.301132202, 136.939682007, 137.578231812, 138.239990234, 138.901763916, 139.563537598, 140.202087402, 140.829025269, 141.455963135, 142.059677124, 142.68661499, 143.313552856, 143.952102661, 144.579040527, 145.217590332, 145.867752075, 146.517913818, 147.156463623, 147.795013428, 148.433563232, 149.072113037, 149.699050903, 150.32598877, 150.941314697, 151.579864502, 152.206802368, 152.833740234, 153.460678101, 154.087615967, 154.73777771, 155.376327515, 156.014877319, 156.641815186, 157.28036499, 157.907302856, 158.545852661, 159.172790527, 159.799728394, 160.42666626, 161.065216064, 161.703765869, 162.330703735, 162.957641602, 163.584579468, 164.211517334, 164.8384552, 165.465393066, 166.092330933, 166.719268799, 167.346206665, 167.973144531, 168.600082397, 169.238632202, 169.865570068, 170.492507935, 171.131057739, 171.757995605, 172.39654541, 173.046707153, 173.685256958, 174.312194824, 174.985580444, 175.647338867, 176.285888672, 176.936050415, 177.586212158, 178.236373901, 178.886520386, 179.536682129, 180.175231934, 180.825393677, 181.463943481, 182.102493286, 182.741043091, 183.367980957, 183.983306885, 184.598632812, 185.225570679, 185.852508545, 186.49105835, 187.129608154, 187.779769897, 188.429931641, 189.068481445, 189.695419312, 190.333969116, 190.960906982, 191.599456787, 192.238006592, 192.864944458, 193.503494263, 194.130432129, 194.757369995, 195.384307861, 196.011245728, 196.649795532, 197.288345337, 197.915283203, 198.553833008, 199.180770874, 199.80770874, 200.434646606, 201.061584473, 201.688522339, 202.315460205, 202.95401001, 203.580947876, 204.219497681, 204.846435547, 205.32244873, 205.798446655, 206.274459839, 206.738861084, 207.203262329, 207.667663574, 208.132064819, 208.596466064, 209.072463989, 209.536865234, 210.001266479, 210.465667725, 210.93006897, 211.406066895, 211.882080078, 212.358093262, 212.834106445, 213.31010437, 213.786117554, 214.273742676, 214.761352539, 215.248977661, 215.643707275, 216.038452148, 216.433197021, 216.827926636, 217.21105957, 217.594192505, 217.977325439, 218.360443115, 218.74357605, 219.126708984, 219.49822998, 219.869750977, 220.229660034, 220.60118103, 220.972686768, 221.344207764, 221.692520142, 222.040817261, 222.38911438, 222.725799561, 223.07409668, 223.422393799, 223.759094238, 224.095779419, 224.444076538, 224.792373657, 225.140670776, 225.477371216, 225.825668335, 226.150741577, 226.46421814, 226.789291382, 227.114364624, 227.451065063, 227.787750244, 228.124435425, 228.461135864, 228.809432983, 229.157730103, 229.506027222, 229.854324341, 230.191009521, 230.527709961, 230.852783203, 231.166259766, 231.479721069, 231.80480957, 232.118270874, 232.431747437, 232.756820679, 233.081893921, 233.395370483, 233.720443726, 234.033920288, 234.35899353, 234.684082031, 235.136871338, 235.589660645, 236.05406189, 236.506851196, 236.971237183, 237.424026489, 237.888427734, 238.352828979, 238.817230225, 239.258407593, 239.699584961, 240.129150391, 240.558731079, 241.034729004, 241.522354126, 241.99836731, 242.485977173, 242.973602295, 243.461227417, 243.890792847, 244.320358276, 244.738311768, 245.167892456, 245.56262207, 245.957366943, 246.352111816, 246.828109741, 247.315734863, 247.803344727, 248.27935791, 248.755371094, 249.231384277, 249.660949707, 250.078903198, 250.496871948, 250.914825439, 251.332778931, 251.762359619, 252.191925049, 252.621490479, 253.051055908, 253.469024658, 253.886978149, 254.316543579, 254.757720947, 255.187301636, 255.605255127, 256.023223877, 256.441162109, 256.859130859, 257.277099609, 257.695037842, 258.124633789, 258.554199219, 258.914093018, 259.274017334, 259.633911133, 259.993835449, 260.342132568, 260.690429688, 261.038726807, 261.387023926, 261.723724365, 262.060394287, 262.408691406, 262.756988525, 263.128509521, 263.488433838, 263.859954834, 264.23147583, 264.579772949, 264.928070068, 265.276367188, 265.624664307, 266.007781982, 266.379302979, 266.750823975, 267.122344971, 267.517089844, 267.911834717, 268.30657959], "beats_loudness": {"dmean2": 0.0402068831027, "median": 0.0414249077439, "min": 0, "dvar2": 0.0016204129206, "dvar": 0.000584118650295, "dmean": 0.0234242901206, "max": 0.220545887947, "var": 0.00199509575032, "mean": 0.0526883974671}, "danceability": 0.932908415794, "bpm_histogram_second_peak_weight": {"dmean2": 0, "median": 0.132411062717, "min": 0.132411062717, "dvar2": 0, "dvar": 0, "dmean": 0, "max": 0.132411062717, "var": 0, "mean": 0.132411062717}, "beats_count": 507, "bpm_histogram_second_peak_bpm": {"dmean2": 0, "median": 126, "min": 126, "dvar2": 0, "dvar": 0, "dmean": 0, "max": 126, "var": 0, "mean": 126}, "bpm_histogram_first_peak_spread": {"dmean2": 0, "median": 0.56066942215, "min": 0.56066942215, "dvar2": 0, "dvar": 0, "dmean": 0, "max": 0.56066942215, "var": 0, "mean": 0.56066942215}, "beats_loudness_band_ratio": {"dmean2": [0.305263221264, 0.171392157674, 0.122465662658, 0.0738113075495, 0.030692955479, 0.140205726027], "median": [0.525020360947, 0.0691298246384, 0.0454065464437, 0.0309786349535, 0.0108120627701, 0.136591210961], "min": [0, 0, 0, 0, 0, 0], "dvar2": [0.063498288393, 0.0386071614921, 0.0234038755298, 0.0101186884567, 0.00223496393301, 0.0245039593428], "dvar": [0.0221151765436, 0.0133839892223, 0.00865274295211, 0.00379825383425, 0.000820725574158, 0.00871338136494], "dmean": [0.175739243627, 0.0960665121675, 0.069450892508, 0.0428370647132, 0.0174225252122, 0.0805041640997], "max": [0.954941093922, 0.713344752789, 0.737519800663, 0.486649543047, 0.310043483973, 0.783072531223], "var": [0.0661116763949, 0.0128887630999, 0.0218419414014, 0.00515625393018, 0.000852618541103, 0.0107369367033], "mean": [0.507416665554, 0.107122562826, 0.106273777783, 0.0564551725984, 0.0211067646742, 0.154851824045]}}, "lowlevel": {"barkbands_spread": {"dmean2": 6.51110696793, "median": 12.6947507858, "min": 0.307999402285, "dvar2": 57.704662323, "dvar": 27.2620391846, "dmean": 4.17207479477, "max": 100.292037964, "var": 244.514480591, "mean": 17.6102828979}, "melbands_spread": {"dmean2": 6.04397726059, "median": 9.025639534, "min": 0.240999251604, "dvar2": 71.4467315674, "dvar": 32.6933403015, "dmean": 3.84551239014, "max": 165.696624756, "var": 281.746582031, "mean": 13.6209974289}, "hfc": {"dmean2": 115.504592896, "median": 159.430923462, "min": 1.06709746708e-16, "dvar2": 33205.3554688, "dvar": 12654.2988281, "dmean": 71.1341171265, "max": 1923.49719238, "var": 54586.5585938, "mean": 233.743423462}, "barkbands_kurtosis": {"dmean2": 14.9142589569, "median": 10.1998758316, "min": -1.74630820751, "dvar2": 683.123901367, "dvar": 266.079223633, "dmean": 9.10380172729, "max": 325.118286133, "var": 798.058349609, "mean": 20.3564949036}, "gfcc": {"mean": [-48.4043273926, 109.156196594, -76.734046936, 0.0515454337001, -13.5195026398, -15.3838281631, 7.12492465973, -16.3955116272, -1.64617407322, -3.1725153923, -0.341717362404, -4.64841032028, -5.72803878784], "icov": [[0.00011646636267, -0.000359971716534, 0.000680121476762, -0.000589760544244, 0.000313592579914, -0.000261368462816, 0.000127414095914, -7.23460325389e-05, 0.000113343689009, -0.00032940247911, 0.000260439701378, -0.000283272878733, 0.000113570480607], [-0.000359971716534, 0.00376786920242, -0.00393246067688, 0.0032680479344, -0.00143780268263, 0.000870216055773, -0.00148936011828, 0.0023621073924, -0.00186823029071, 0.00278385053389, -0.00351634994149, 0.00448843091726, -0.00207031774335], [0.000680121476762, -0.00393246067688, 0.00859068706632, -0.00653455406427, 0.00256620673463, -0.00355876819231, 0.00299138505943, -0.00307574379258, 0.00134063453879, -0.00160692597274, 0.00134823692497, -0.000845490896609, -0.000342542945873], [-0.000589760544244, 0.0032680479344, -0.00653455406427, 0.0091548692435, -0.00642826594412, 0.003583985148, -0.00193459540606, -0.000501454691403, 0.00150700553786, -0.000551425735466, 0.00291725178249, -0.00324907666072, 0.00325875869021], [0.000313592579914, -0.00143780268263, 0.00256620673463, -0.00642826594412, 0.0116429459304, -0.00405569002032, -0.00304615101777, 0.00324651645496, -0.0031515150331, 0.00401523383334, -0.00617704866454, 0.00573711795732, -0.00464552966878], [-0.000261368462816, 0.000870216055773, -0.00355876819231, 0.003583985148, -0.00405569002032, 0.00755764823407, 5.94910416112e-05, -0.00263186939992, 0.00390745326877, -0.00341725209728, 0.00430954806507, -0.00508617609739, 0.00224339519627], [0.000127414095914, -0.00148936011828, 0.00299138505943, -0.00193459540606, -0.00304615101777, 5.94910416112e-05, 0.00987270195037, -0.000155318091856, -0.00207738368772, 0.000273380457656, 0.000434253684944, -0.00184000458103, 0.00116100278683], [-7.23460325389e-05, 0.0023621073924, -0.00307574379258, -0.000501454691403, 0.00324651645496, -0.00263186939992, -0.000155318091856, 0.01333941333, -0.00738602923229, 0.00324702286161, -0.0048075853847, 0.00912217050791, -0.00661673070863], [0.000113343689009, -0.00186823029071, 0.00134063453879, 0.00150700553786, -0.0031515150331, 0.00390745326877, -0.00207738368772, -0.00738602923229, 0.0165398009121, -0.0122575638816, 0.0122841252014, -0.0135857751593, 0.00929341651499], [-0.00032940247911, 0.00278385053389, -0.00160692597274, -0.000551425735466, 0.00401523383334, -0.00341725209728, 0.000273380457656, 0.00324702286161, -0.0122575638816, 0.0299829822034, -0.0233477987349, 0.0159204602242, -0.0065426165238], [0.000260439701378, -0.00351634994149, 0.00134823692497, 0.00291725178249, -0.00617704866454, 0.00430954806507, 0.000434253684944, -0.0048075853847, 0.0122841252014, -0.0233477987349, 0.0352649092674, -0.0176332779229, 0.00558991730213], [-0.000283272878733, 0.00448843091726, -0.000845490896609, -0.00324907666072, 0.00573711795732, -0.00508617609739, -0.00184000458103, 0.00912217050791, -0.0135857751593, 0.0159204602242, -0.0176332779229, 0.0312359072268, -0.0135953901336], [0.000113570480607, -0.00207031774335, -0.000342542945873, 0.00325875869021, -0.00464552966878, 0.00224339519627, 0.00116100278683, -0.00661673070863, 0.00929341651499, -0.0065426165238, 0.00558991730213, -0.0135953901336, 0.0237544756383]], "cov": [[21064.0117188, -330.06048584, -2137.02685547, 458.905883789, 47.4669036865, -480.625640869, 612.00402832, -597.711181641, 401.091003418, 3.37679409981, -83.2797775269, 345.547943115, -303.596832275], [-330.06048584, 941.874450684, 314.807006836, -196.670150757, 64.1136245728, 59.5404014587, -24.9691791534, -13.7377309799, -93.3981628418, 30.1677417755, 79.1198196411, -130.135467529, 71.2458496094], [-2137.02685547, 314.807006836, 844.182250977, 249.22996521, 81.3962860107, 273.843017578, -154.507949829, 184.827789307, -126.789352417, 0.962294459343, -1.67439043522, -74.3285751343, 72.4498672485], [458.905883789, -196.670150757, 249.22996521, 587.260070801, 221.579803467, 48.1492996216, 95.1760253906, 23.4625854492, 21.8122653961, -50.0095405579, -53.2847976685, 56.7053527832, -32.9489822388], [47.4669036865, 64.1136245728, 81.3962860107, 221.579803467, 259.468902588, 44.831451416, 109.014129639, -32.33335495, 1.73792815208, -21.1130771637, 8.84057712555, 11.1458492279, 6.11541032791], [-480.625640869, 59.5404014587, 273.843017578, 48.1492996216, 44.831451416, 291.808685303, -65.5143966675, 79.537651062, -70.5636291504, 4.76726150513, -2.65812659264, -6.79394721985, 37.0529594421], [612.00402832, -24.9691791534, -154.507949829, 95.1760253906, 109.014129639, -65.5143966675, 215.154769897, -59.4032249451, 74.1839675903, -15.380188942, -4.55957317352, 38.6597595215, -30.0025749207], [-597.711181641, -13.7377309799, 184.827789307, 23.4625854492, -32.33335495, 79.537651062, -59.4032249451, 172.122360229, 12.9452409744, 22.154127121, -5.3826956749, -29.278219223, 23.6666374207], [401.091003418, -93.3981628418, -126.789352417, 21.8122653961, 1.73792815208, -70.5636291504, 74.1839675903, 12.9452409744, 175.340118408, 22.9717655182, -18.4441699982, 40.1752090454, -42.8314590454], [3.37679409981, 30.1677417755, 0.962294459343, -50.0095405579, -21.1130771637, 4.76726150513, -15.380188942, 22.154127121, 22.9717655182, 86.2664871216, 45.0856208801, -18.3328609467, 5.50191354752], [-83.2797775269, 79.1198196411, -1.67439043522, -53.2847976685, 8.84057712555, -2.65812659264, -4.55957317352, -5.3826956749, -18.4441699982, 45.0856208801, 76.7972488403, 1.62233734131, 17.7732219696], [345.547943115, -130.135467529, -74.3285751343, 56.7053527832, 11.1458492279, -6.79394721985, 38.6597595215, -29.278219223, 40.1752090454, -18.3328609467, 1.62233734131, 94.933921814, 4.11624526978], [-303.596832275, 71.2458496094, 72.4498672485, -32.9489822388, 6.11541032791, 37.0529594421, -30.0025749207, 23.6666374207, -42.8314590454, 5.50191354752, 17.7732219696, 4.11624526978, 77.5240631104]]}, "spectral_energyband_middle_low": {"dmean2": 0.00641449773684, "median": 0.00645857304335, "min": 1.30755739768e-22, "dvar2": 0.000129017425934, "dvar": 5.52834062546e-05, "dmean": 0.00404534395784, "max": 0.172309622169, "var": 0.000189393686014, "mean": 0.0106680262834}, "melbands_crest": {"dmean2": 6.93095731735, "median": 18.299785614, "min": 1.61662518978, "dvar2": 36.1544799805, "dvar": 13.0857686996, "dmean": 4.16053152084, "max": 37.7251091003, "var": 48.5585365295, "mean": 18.7796630859}, "spectral_kurtosis": {"dmean2": 7.97494363785, "median": 16.0392894745, "min": -1.24790215492, "dvar2": 110.449035645, "dvar": 42.2644348145, "dmean": 4.95546388626, "max": 96.7455444336, "var": 101.993057251, "mean": 18.8214664459}, "spectral_rms": {"dmean2": 0.00135992316063, "median": 0.00605552271008, "min": 3.13422421697e-12, "dvar2": 2.07812809094e-06, "dvar": 8.40578820771e-07, "dmean": 0.000848550465889, "max": 0.0178528875113, "var": 9.40260724747e-06, "mean": 0.00605894811451}, "zerocrossingrate": {"dmean2": 0.0548286698759, "median": 0.2841796875, "min": 0.017578125, "dvar2": 0.00222178129479, "dvar": 0.00120256608352, "dmean": 0.0402505472302, "max": 0.8701171875, "var": 0.00962733197957, "mean": 0.28616964817}, "silence_rate_60dB": {"dmean2": 0.0265815146267, "median": 0, "min": 0, "dvar2": 0.0300133340061, "dvar": 0.0131176970899, "dmean": 0.013289609924, "max": 1, "var": 0.0645707324147, "mean": 0.0693761333823}, "erbbands_kurtosis": {"dmean2": 1.82144892216, "median": 0.368047475815, "min": -1.89267933369, "dvar2": 7.21720933914, "dvar": 2.98363280296, "dmean": 1.13945841789, "max": 54.8701782227, "var": 8.35164451599, "mean": 1.23835146427}, "erbbands": {"dmean2": [0.603501737118, 2.04445099831, 4.34664297104, 5.2617316246, 7.25554561615, 7.74633407593, 12.9447889328, 23.1540393829, 19.9570674896, 29.3248920441, 19.8581123352, 29.0437374115, 23.3628826141, 28.4059886932, 23.3787708282, 26.2174282074, 26.8078479767, 17.4003620148, 18.7189006805, 13.5891075134, 7.98428344727, 7.38538217545, 6.83148050308, 6.70642471313, 7.37730312347, 6.37028551102, 3.85607886314, 2.1830291748, 1.38033986092, 0.982399821281, 0.532696247101, 0.162657827139, 0.0617901347578, 0.0420996360481, 0.0270916502923, 0.0160670205951, 0.0166059471667, 0.0183808207512, 0.0142242256552, 0.00580057734624], "median": [0.310752570629, 1.04358005524, 1.82823216915, 2.35542678833, 2.96545672417, 3.0597512722, 4.7266907692, 5.44412994385, 5.50256347656, 6.96279287338, 5.24367570877, 7.34711074829, 6.66699266434, 6.82560825348, 6.84800004959, 7.71204185486, 8.8020734787, 6.24957752228, 5.61766052246, 2.84085154533, 1.44111919403, 1.23307573795, 1.34165525436, 1.73632609844, 1.76500856876, 1.48768937588, 0.680246055126, 0.432405889034, 0.271050453186, 0.12715600431, 0.0658427253366, 0.0322857536376, 0.0145052475855, 0.00864686630666, 0.00583748472854, 0.00437396019697, 0.00480570876971, 0.00634498428553, 0.00865545589477, 0.00897250045091], "min": [4.7159512242e-23, 4.0849797563e-22, 1.26842270237e-21, 4.29358355924e-21, 1.59782375336e-20, 2.54566901465e-20, 7.09760515144e-20, 5.597569333e-20, 1.58418554838e-19, 1.61111803214e-19, 1.78649014477e-19, 2.50522350161e-19, 5.27018326652e-19, 8.68543572289e-19, 6.78008670343e-19, 1.19598818765e-18, 1.89691022625e-18, 1.68200963368e-18, 2.34157874211e-18, 2.2817448393e-18, 3.86888585231e-18, 4.8226755566e-18, 4.73835607368e-18, 6.3835521376e-18, 9.28060830364e-18, 6.47076757985e-18, 9.19578506773e-18, 8.27565251538e-18, 1.15615125206e-17, 1.1522553141e-17, 1.10015501234e-17, 1.10853120866e-17, 9.28143548425e-18, 8.34937498747e-18, 5.78204004463e-18, 4.12136453632e-18, 2.41883989287e-18, 9.50503936103e-19, 2.47417734527e-19, 2.81147962708e-20], "dvar2": [0.955136120319, 12.2454214096, 60.1781692505, 91.6250610352, 159.992767334, 345.048431396, 1112.61413574, 8761.83007812, 2905.97094727, 6202.37353516, 2281.94189453, 5022.71435547, 4948.56835938, 7711.94140625, 3267.8984375, 5627.63085938, 3617.82543945, 1498.2442627, 1957.171875, 1388.29296875, 426.79989624, 423.01550293, 290.934936523, 478.198669434, 1035.36999512, 709.872802734, 259.197631836, 52.0572128296, 13.3208312988, 8.22208595276, 2.61499810219, 0.119461633265, 0.0125554027036, 0.00572343310341, 0.00228481064551, 0.000761260278523, 0.00116253388114, 0.00195099750999, 0.00156164215878, 8.77991260495e-05], "dvar": [0.346924573183, 4.42116594315, 21.1102638245, 33.8698348999, 60.8191108704, 149.227966309, 480.919647217, 3514.4831543, 1484.34997559, 2473.40112305, 871.867126465, 1943.71008301, 1945.00878906, 3077.30932617, 1253.53137207, 2172.78100586, 1350.07165527, 549.492126465, 725.211242676, 524.847961426, 161.690170288, 155.866317749, 125.730819702, 247.04536438, 509.011352539, 360.526916504, 126.212150574, 24.375415802, 5.86049127579, 3.44510293007, 1.04579043388, 0.0479725115001, 0.00499010505155, 0.00227450300008, 0.000908310117666, 0.000303667824483, 0.000501841481309, 0.000960965699051, 0.000933370145503, 3.63176077371e-05], "dmean": [0.361043691635, 1.23287272453, 2.57828640938, 3.14149546623, 4.27920866013, 4.81180143356, 8.32429122925, 14.4538621902, 12.9983186722, 18.0562572479, 12.0664358139, 17.8382949829, 14.2678890228, 17.2653827667, 14.3668003082, 16.0858631134, 16.2679901123, 10.5720129013, 11.4009399414, 8.27007865906, 4.86121511459, 4.54494428635, 4.32890415192, 4.3898768425, 4.89025974274, 4.25664424896, 2.57369351387, 1.44057059288, 0.908960580826, 0.640498101711, 0.347642719746, 0.102553553879, 0.0372369922698, 0.0252938810736, 0.0163466669619, 0.00974612589926, 0.0107859540731, 0.0127410292625, 0.0100324861705, 0.00367296859622], "max": [9.17639827728, 42.4571838379, 103.884063721, 136.491195679, 185.760787964, 417.307128906, 687.719970703, 1695.25354004, 1235.1048584, 1525.32092285, 847.63671875, 1524.38916016, 1508.68286133, 1818.57629395, 1085.30065918, 1346.55969238, 818.195373535, 871.522705078, 584.849304199, 875.78894043, 308.174163818, 452.412017822, 368.079956055, 829.496032715, 1354.04541016, 1232.39611816, 797.270202637, 275.358612061, 122.297042847, 55.653842926, 30.59308815, 5.8261141777, 1.19841396809, 0.733668684959, 0.448263078928, 0.255969911814, 0.643417060375, 1.27492654324, 2.04014468193, 0.186366081238], "var": [0.811642169952, 7.52842950821, 33.533706665, 61.207118988, 109.882644653, 252.590835571, 959.021850586, 6435.92382812, 4587.34228516, 5244.66357422, 1803.56176758, 3709.15185547, 3274.86791992, 5528.32519531, 2938.82568359, 5128.40234375, 2867.87304688, 1429.43041992, 1696.2532959, 1322.890625, 445.091033936, 472.780578613, 470.191101074, 895.868347168, 1499.62634277, 1135.88952637, 396.390625, 104.500984192, 34.7922477722, 17.4514904022, 5.74705553055, 0.22183188796, 0.00604040222242, 0.00255318358541, 0.00104699411895, 0.00038921131636, 0.00332963909023, 0.00961522106081, 0.0076154069975, 0.000582447159104], "mean": [0.671952307224, 2.07242202759, 3.8433432579, 4.79237270355, 6.34359645844, 7.41692972183, 13.4197893143, 22.9599170685, 22.9910011292, 30.1335906982, 20.6884460449, 28.8372764587, 23.6661777496, 28.5552330017, 25.9531269073, 29.2374591827, 29.6182880402, 21.9105300903, 22.0408401489, 16.1411247253, 10.3420190811, 10.2829189301, 10.0842599869, 10.1313209534, 10.6370019913, 9.33439159393, 6.08598661423, 3.80033254623, 2.56898617744, 1.74570477009, 0.936780512333, 0.215258717537, 0.0427300632, 0.0265191756189, 0.0174398832023, 0.011556928046, 0.0282267294824, 0.0478551350534, 0.0412696450949, 0.0194251295179]}, "spectral_strongpeak": {"dmean2": 10.3449611664, "median": 0.219185769558, "min": 0, "dvar2": 1073.37426758, "dvar": 374.571746826, "dmean": 5.41442775726, "max": 183.926589966, "var": 280.269744873, "mean": 4.05678701401}, "spectral_energy": {"dmean2": 0.0206996854395, "median": 0.0375860854983, "min": 1.00689456714e-20, "dvar2": 0.000786262040492, "dvar": 0.000312952877721, "dmean": 0.0128180133179, "max": 0.32669377327, "var": 0.00168910261709, "mean": 0.0472662337124}, "average_loudness": 0.660817980766, "spectral_rolloff": {"dmean2": 8660.52929688, "median": 21533.203125, "min": 21.533203125, "dvar2": 165596784, "dvar": 63877144, "dmean": 4426.21044922, "max": 22050, "var": 93531920, "mean": 14872.15625}, "spectral_centroid": {"dmean2": 226.695175171, "median": 712.352172852, "min": 105.243103027, "dvar2": 73851.2890625, "dvar": 45411.7265625, "dmean": 150.636047363, "max": 11554.3955078, "var": 1125948.625, "mean": 964.267150879}, "pitch_salience": {"dmean2": 0.118956565857, "median": 0.49920630455, "min": 0.0787534713745, "dvar2": 0.0104447612539, "dvar": 0.0038939921651, "dmean": 0.0725303217769, "max": 0.84893476963, "var": 0.0154674546793, "mean": 0.497237235308}, "spectral_energyband_middle_high": {"dmean2": 0.00197427836247, "median": 0.00161082565319, "min": 1.12795426732e-21, "dvar2": 1.42885182868e-05, "dvar": 5.75407648284e-06, "dmean": 0.00126443174668, "max": 0.057161372155, "var": 3.40401493304e-05, "mean": 0.00426890933886}, "spectral_contrast_coeffs": {"dmean2": [0.0844896733761, 0.079012721777, 0.0633042231202, 0.0481919050217, 0.0346242599189, 0.0613299123943], "median": [-0.718779563904, -0.771622002125, -0.803039550781, -0.80984711647, -0.830767512321, -0.777913928032], "min": [-0.983574688435, -0.973871529102, -0.980948746204, -0.972599685192, -0.969429731369, -0.964046180248], "dvar2": [0.00441284896806, 0.0038606072776, 0.00254106498323, 0.00145711703226, 0.000811134057585, 0.00322120031342], "dvar": [0.00158537225798, 0.00145205412991, 0.000919829995837, 0.000558116997126, 0.000322362728184, 0.0013119878713], "dmean": [0.0504811517894, 0.0478004068136, 0.0379524938762, 0.0294880922884, 0.02112547867, 0.0385050103068], "max": [-0.372198790312, -0.405316740274, -0.555614352226, -0.535813629627, -0.606892704964, -0.406157255173], "var": [0.00529944477603, 0.00538484426215, 0.00389347341843, 0.0035423443187, 0.0025076684542, 0.0089574707672], "mean": [-0.713846802711, -0.764845132828, -0.797269940376, -0.80822455883, -0.831120491028, -0.75993001461]}, "melbands_skewness": {"dmean2": 1.39889323711, "median": 2.82158136368, "min": -1.14267325401, "dvar2": 2.01124787331, "dvar": 0.784752130508, "dmean": 0.867497861385, "max": 17.8189907074, "var": 4.28826713562, "mean": 3.24401974678}, "spectral_spread": {"dmean2": 832697.875, "median": 3931149.5, "min": 1436624.75, "dvar2": 881172742144, "dvar": 412900720640, "dmean": 520916.625, "max": 42742160, "var": 10332967796700.0, "mean": 4170800}, "dissonance": {"dmean2": 0.0394579172134, "median": 0.466158688068, "min": 0.224333405495, "dvar2": 0.00136962428223, "dvar": 0.000490140053444, "dmean": 0.0232626032084, "max": 0.500000119209, "var": 0.00106903992128, "mean": 0.457904487848}, "spectral_skewness": {"dmean2": 0.595441997051, "median": 2.77462267876, "min": -0.0667783990502, "dvar2": 0.517641246319, "dvar": 0.204460948706, "dmean": 0.37715062499, "max": 7.51594686508, "var": 0.834987878799, "mean": 2.96711397171}, "spectral_flux": {"dmean2": 0.0338859967887, "median": 0.094027325511, "min": 6.44959641249e-11, "dvar2": 0.00137386191636, "dvar": 0.000567152921576, "dmean": 0.0208062734455, "max": 0.386113733053, "var": 0.00339411967434, "mean": 0.099413625896}, "spectral_contrast_valleys": {"dmean2": [0.605214297771, 0.590096712112, 0.500141441822, 0.458110123873, 0.453253477812, 1.08782684803], "median": [-6.62010478973, -6.59063768387, -7.14765930176, -7.80958080292, -8.02374649048, -11.2688140869], "min": [-28.3578662872, -28.0139293671, -27.8013305664, -27.6479434967, -27.4829807281, -27.3777389526], "dvar2": [0.232305750251, 0.227660804987, 0.178013727069, 0.186262518167, 0.259466648102, 0.820815682411], "dvar": [0.0909316390753, 0.0943127050996, 0.077517516911, 0.0849431678653, 0.119244031608, 0.332864433527], "dmean": [0.361711978912, 0.356726944447, 0.306721121073, 0.285818129778, 0.29095068574, 0.665426433086], "max": [-4.8357334137, -4.60155153275, -5.37184238434, -5.71612024307, -5.27229261398, -8.95918464661], "var": [4.30458259583, 4.02390146255, 3.90929603577, 3.92786574364, 4.12746334076, 2.89772391319], "mean": [-6.99332094193, -6.87157821655, -7.47336244583, -8.06663894653, -8.26616382599, -11.4927425385]}, "erbbands_flatness_db": {"dmean2": 0.0346945635974, "median": 0.140361785889, "min": 0.0585244037211, "dvar2": 0.000953122798819, "dvar": 0.000383785984013, "dmean": 0.0220948792994, "max": 0.352217614651, "var": 0.00212820456363, "mean": 0.149281173944}, "spectral_energyband_high": {"dmean2": 0.000212156606722, "median": 0.000124111931655, "min": 7.1469980122e-21, "dvar2": 4.20172398208e-07, "dvar": 2.45479554906e-07, "dmean": 0.000156780850375, "max": 0.0339350663126, "var": 2.09215568248e-06, "mean": 0.000697309558745}, "spectral_entropy": {"dmean2": 0.313077896833, "median": 7.34228992462, "min": 4.56218624115, "dvar2": 0.110077567399, "dvar": 0.0445142686367, "dmean": 0.199186116457, "max": 9.82263183594, "var": 0.253450363874, "mean": 7.29277563095}, "silence_rate_20dB": {"dmean2": 0, "median": 1, "min": 1, "dvar2": 0, "dvar": 0, "dmean": 0, "max": 1, "var": 0, "mean": 1}, "melbands_flatness_db": {"dmean2": 0.0545406527817, "median": 0.295292496681, "min": 0.00342623493634, "dvar2": 0.00234132399783, "dvar": 0.000914758013096, "dmean": 0.0341634564102, "max": 0.715114831924, "var": 0.0080703664571, "mean": 0.298585414886}, "barkbands": {"dmean2": [0.00534130772576, 0.012164985761, 0.00398773467168, 0.00188915780745, 0.00232650339603, 0.00247135851532, 0.00160476204474, 0.00102375529241, 0.00125139637385, 0.000865794194397, 0.000661152531393, 0.00061282311799, 0.000559776846785, 0.000412789988331, 0.00030052557122, 0.000174888467882, 0.000167082456755, 0.000129276886582, 0.000150034757098, 0.000129129330162, 7.24792480469e-05, 3.75697782147e-05, 2.20879137487e-05, 5.0605767683e-06, 3.78405525225e-06, 9.31726026465e-06, 0.000201144663151], "median": [0.00241492269561, 0.00700169010088, 0.00145446346141, 0.000660018238705, 0.00110742391553, 0.000696390285157, 0.000452443258837, 0.000216451735469, 0.000307762820739, 0.000180669769179, 0.000138556119055, 0.00015415668895, 0.000166922603967, 0.000110984292405, 7.45885481592e-05, 2.62143348664e-05, 2.11553669942e-05, 2.49341210292e-05, 3.51718845195e-05, 3.11507210426e-05, 1.24955695355e-05, 7.10114727553e-06, 2.55778104474e-06, 1.13379815048e-06, 7.78113303568e-07, 2.46970512308e-06, 0.00014678867592], "min": [5.27456954526e-25, 2.686373516e-24, 1.09977672456e-24, 5.77435828822e-25, 9.39087473935e-24, 7.24264714453e-24, 7.73646066056e-24, 7.5400737382e-24, 1.01972381015e-23, 2.1288497e-23, 1.40816767623e-23, 2.53634132262e-23, 3.90665598163e-23, 2.40766091181e-23, 5.0765966575e-23, 5.57355157543e-23, 8.43454181939e-23, 9.64802004417e-23, 1.38548562174e-22, 1.61931813043e-22, 2.1569905773e-22, 2.94986470194e-22, 3.82619778599e-22, 4.97763405694e-22, 7.93308869036e-22, 1.32813409602e-21, 1.97746976616e-21], "dvar2": [8.236393478e-05, 0.000387799344026, 5.04610325152e-05, 1.33240400828e-05, 2.10825328395e-05, 6.9008252467e-05, 1.3530772776e-05, 6.38741494186e-06, 8.27702660899e-06, 6.71427778798e-06, 2.81936740976e-06, 3.04840659737e-06, 1.461407237e-06, 8.02882368589e-07, 5.182056384e-07, 1.92591215864e-07, 2.13137823835e-07, 1.08153713541e-07, 3.5481795635e-07, 3.02473353031e-07, 8.33086843954e-08, 9.74449143598e-09, 4.70244554407e-09, 9.05015090646e-11, 4.53347914764e-11, 3.99661692629e-10, 1.70879744132e-07], "dvar": [3.2034702599e-05, 0.000141036056448, 1.78719510586e-05, 4.93098377774e-06, 8.82036147232e