{"tonal": {"thpcp": [1, 0.587087333202, 0.289530724287, 0.317879468203, 0.305281579494, 0.477731257677, 0.664442718029, 0.508900463581, 0.418270230293, 0.500153541565, 0.503724575043, 0.549264073372, 0.597034692764, 0.514743924141, 0.58400863409, 0.773111045361, 0.616350948811, 0.43183657527, 0.485481321812, 0.485891520977, 0.662739336491, 0.845452964306, 0.577130913734, 0.343464851379, 0.358010023832, 0.304125010967, 0.365256249905, 0.518528282642, 0.446683466434, 0.403587162495, 0.457653939724, 0.359458237886, 0.348652839661, 0.426706016064, 0.442846179008, 0.775177419186], "hpcp": {"dmean2": [0.314840942621, 0.29746696353, 0.289454847574, 0.278138965368, 0.268598645926, 0.243181765079, 0.245613992214, 0.265594899654, 0.279664129019, 0.276752889156, 0.239544168115, 0.180478140712, 0.163420006633, 0.152822211385, 0.168922692537, 0.192583739758, 0.201513841748, 0.193475872278, 0.178438365459, 0.166260153055, 0.174542173743, 0.186635151505, 0.210987567902, 0.286254495382, 0.276534289122, 0.199924364686, 0.139397516847, 0.133328184485, 0.155039519072, 0.203204289079, 0.216761946678, 0.228252977133, 0.23119994998, 0.243537664413, 0.27136054635, 0.311694473028], "median": [0.0517425239086, 0.0391954034567, 0.045570358634, 0.0480530373752, 0.0396123155951, 0.0298397727311, 0.0210979394615, 0.0316030792892, 0.0732413083315, 0.0895150303841, 0.0606403388083, 0.0247662235051, 0.016731262207, 0.0176790095866, 0.0248953774571, 0.0267134681344, 0.0270409956574, 0.0269440487027, 0.0211121421307, 0.0209775082767, 0.0229967739433, 0.0248700492084, 0.0361763611436, 0.0906164646149, 0.111695215106, 0.0518615022302, 0.0202650055289, 0.0140009447932, 0.0161966308951, 0.0285754874349, 0.0408396050334, 0.0369823761284, 0.0241531729698, 0.0227418914437, 0.0261748023331, 0.0427194833755], "min": [0, 0, 0, 0, 0, 0, 0, 0, 0, 0, 0, 0, 0, 0, 0, 0, 0, 0, 0, 0, 0, 0, 0, 0, 0, 0, 0, 0, 0, 0, 0, 0, 0, 0, 0, 0], "dvar2": [0.186162695289, 0.172553926706, 0.158045724034, 0.146571993828, 0.139976397157, 0.134381696582, 0.144809186459, 0.147621899843, 0.13259691, 0.124482490122, 0.11379532516, 0.0945922657847, 0.0923693180084, 0.086177252233, 0.0924879238009, 0.106725752354, 0.112517505884, 0.109551727772, 0.0949903652072, 0.0815777033567, 0.0892864540219, 0.0939861387014, 0.0924360007048, 0.122817322612, 0.110721297562, 0.0851725414395, 0.0618870072067, 0.0638304650784, 0.0848648771644, 0.110293827951, 0.117620795965, 0.131821289659, 0.137671709061, 0.146826848388, 0.160355940461, 0.183240428567], "dvar": [0.0657810345292, 0.0622964315116, 0.0571707002819, 0.056572612375, 0.0514429360628, 0.0473211295903, 0.0522304289043, 0.0528397522867, 0.0483606904745, 0.0491817370057, 0.0415236912668, 0.0340497083962, 0.0345573872328, 0.0311459042132, 0.0330080650747, 0.0404634065926, 0.040979783982, 0.0394994094968, 0.0352121628821, 0.0294580999762, 0.0323522947729, 0.0355083160102, 0.0342700667679, 0.0462037622929, 0.0459245964885, 0.0322799049318, 0.0223948583007, 0.0240783188492, 0.0307207088917, 0.0397586524487, 0.0438644103706, 0.0467998273671, 0.0479143299162, 0.0529539585114, 0.0584345087409, 0.0642472058535], "dmean": [0.175311252475, 0.164148181677, 0.160177886486, 0.156455308199, 0.149915009737, 0.132841393352, 0.135289162397, 0.146742552519, 0.157933801413, 0.160403177142, 0.136358559132, 0.100494965911, 0.0915869623423, 0.0848003551364, 0.0953164845705, 0.108860559762, 0.113457210362, 0.108387097716, 0.101364292204, 0.093036711216, 0.0977256670594, 0.104700185359, 0.119285650551, 0.164058178663, 0.161030724645, 0.117087431252, 0.078431636095, 0.0755002051592, 0.086773507297, 0.113861225545, 0.122416689992, 0.127719253302, 0.127466470003, 0.136236086488, 0.149876639247, 0.171129390597], "max": [1, 1, 1, 1, 1, 1, 1, 1, 1, 1, 1, 1, 1, 1, 1, 1, 1, 1, 1, 1, 1, 1, 1, 1, 1, 1, 1, 1, 1, 1, 1, 1, 1, 1, 1, 1], "var": [0.0654070079327, 0.0563927479088, 0.0604652017355, 0.0993181839585, 0.0694236829877, 0.0425754375756, 0.060547478497, 0.0532361157238, 0.0602078922093, 0.0908395573497, 0.0505497828126, 0.0314593985677, 0.0424835830927, 0.0308745261282, 0.0341231003404, 0.0656301900744, 0.0484268404543, 0.0400332920253, 0.0561549514532, 0.0350123345852, 0.0337132140994, 0.0511620230973, 0.0411920584738, 0.0724748373032, 0.113346725702, 0.053830422461, 0.024236632511, 0.0363926775753, 0.0310661140829, 0.0517552010715, 0.0880845710635, 0.0538668297231, 0.0440255999565, 0.0621757432818, 0.0607279501855, 0.0606210716069], "mean": [0.165837109089, 0.142979368567, 0.162218883634, 0.214745476842, 0.171202540398, 0.11995036155, 0.134851157665, 0.134965091944, 0.184087753296, 0.234839737415, 0.160308480263, 0.0954035297036, 0.0994437113404, 0.0844761803746, 0.101456485689, 0.144030541182, 0.124074354768, 0.112103581429, 0.127121597528, 0.099845983088, 0.0968445837498, 0.118525259197, 0.123008482158, 0.21531945467, 0.277767956257, 0.163074046373, 0.0804223567247, 0.0882967337966, 0.0847974419594, 0.132698431611, 0.184560894966, 0.141356244683, 0.1161820665, 0.138926625252, 0.139918550849, 0.152567952871]}, "tuning_equal_tempered_deviation": 0.00750893633813, "chords_changes_rate": 0.0614181421697, "key_key": "A#", "tuning_diatonic_strength": 0.492394119501, "key_scale": "major", "chords_number_rate": 0.0023983316496, "tuning_frequency": 440.254241943, "tuning_nontempered_energy_ratio": 0.738431334496, "chords_histogram": [10.3545360565, 3.31595420837, 13.4098014832, 6.42335748672, 10.7924919128, 4.25443172455, 3.70177268982, 1.09489047527, 0, 1.59541189671, 1.58498430252, 2.69030237198, 4.69238805771, 3.75391030312, 2.1063606739, 2.95099067688, 2.42961406708, 7.00729942322, 1.28258597851, 3.40980195999, 2.59645462036, 2.80500531197, 3.63920760155, 4.10844612122], "key_strength": 0.756783664227, "chords_key": "F", "chords_strength": {"dmean2": 0.010563342832, "median": 0.517965316772, "min": -1, "dvar2": 0.000485859112814, "dvar": 0.000263981230091, "dmean": 0.00988056603819, "max": 0.83083820343, "var": 0.0192247591913, "mean": 0.514756441116}, "chords_scale": "major", "hpcp_entropy": {"dmean2": 0.963245272636, "median": 2.10545134544, "min": 0, "dvar2": 0.612014055252, "dvar": 0.22193787992, "dmean": 0.571600079536, "max": 4.32114076614, "var": 0.487686693668, "mean": 2.0875275135}}, "metadata": {"audio_properties": {"equal_loudness": 0, "codec": "flac", "downmix": "mix", "sample_rate": 44100, "analysis_sample_rate": 44100, "bit_rate": 0, "md5_encoded": "3a88aabc7670dcfbd6bffed9aaa9a111", "length": 445.293334961, "replay_gain": -11.0466365814, "lossless": true}, "version": {"essentia_build_sha": "70f2e5ece6736b2c40cc944ad0e695b16b925413", "essentia": "2.1-beta2", "extractor": "music 1.0", "essentia_git_sha": "v2.1_beta2"}, "tags": {"title": ["A Crack in the Ice"], "barcode": ["5029282100128"], "media": ["CD"], "albumartist": ["Arena"], "tracktotal": ["14"], "albumartistsort": ["Arena"], "performer": ["Clive Nolan (synthesizer)", "Mick Pointer (drums)", "Clive Nolan (keyboard)", "Paul Wrightson (vocals)", "John Jowitt (electric bass guitar)", "John Mitchell (guitars)"], "releasetype": ["album"], "musicbrainz_recordingid": ["1a6c2242-1f1a-4e7f-90de-321f58c6e529"], "mood": ["Unknown"], "mixer": ["Simon Hanhart"], "musicbrainz_albumartistid": ["c0b6a3ee-ec0e-4d15-95b4-4d45c2bb3d89"], "originalyear": ["1998"], "musicbrainz_releasegroupid": ["b89a3c16-97c9-3fe5-8163-b8fb719ffffc"], "discnumber": ["1"], "catalognumber": ["VGCD012"], "releasecountry": ["GB"], "file_name": "01 A Crack in the Ice.flac", "website": ["http://www.verglas.com/ArenaWorld/"], "originaldate": ["1998-04-20"], "producer": ["Clive Nolan", "Simon Hanhart"], "date": ["1998-04-20"], "genre": ["Rock", "Symphonic Rock", "Classic Rock", "Progressive"], "musicbrainz_albumid": ["69bea7ed-228e-4bd4-ac67-0b6b84231e2a"], "disctotal": ["1"], "releasestatus": ["official"], "musicbrainz_artistid": ["c0b6a3ee-ec0e-4d15-95b4-4d45c2bb3d89"], "asin": ["B000024Z49"], "grouping": ["Progressive Rock"], "musicbrainz_releasetrackid": ["55bd9cee-0fc1-3a4d-ba2c-de04bbadf461"], "artist": ["Arena"], "tracknumber": ["1"], "artistsort": ["Arena"], "album": ["The Visitor"], "label": ["Verglas Music"], "totaltracks": ["14"], "totaldiscs": ["1"], "script": ["Latn"], "acoustid_id": ["8c7400bd-322e-45ed-929e-fffa6f13f908"]}}, "rhythm": {"bpm_histogram_first_peak_bpm": {"dmean2": 0, "median": 110, "min": 110, "dvar2": 0, "dvar": 0, "dmean": 0, "max": 110, "var": 0, "mean": 110}, "bpm": 109.858306885, "bpm_histogram_second_peak_spread": {"dmean2": 0, "median": 0.507936477661, "min": 0.507936477661, "dvar2": 0, "dvar": 0, "dmean": 0, "max": 0.507936477661, "var": 0, "mean": 0.507936477661}, "bpm_histogram_first_peak_weight": {"dmean2": 0, "median": 0.531059682369, "min": 0.531059682369, "dvar2": 0, "dvar": 0, "dmean": 0, "max": 0.531059682369, "var": 0, "mean": 0.531059682369}, "onset_rate": 2.5263171196, "beats_position": [0.557278871536, 1.11455774307, 1.67183673382, 2.22911548615, 2.7863945961, 3.33206343651, 3.88934230804, 4.446621418, 4.99229001999, 5.52634906769, 6.04879808426, 6.5596370697, 7.08208608627, 7.61614513397, 8.15020370483, 8.6958732605, 9.24154186249, 9.78721046448, 10.3328800201, 10.8785486221, 11.4242172241, 11.9698867798, 12.5155553818, 13.0612239838, 13.6068935394, 14.1525621414, 14.6982307434, 15.2439002991, 15.7895689011, 16.3236274719, 16.8692970276, 17.4149665833, 17.9606342316, 18.5063037872, 19.0519733429, 19.5976409912, 20.1433105469, 20.6889801025, 21.2346477509, 21.7803173065, 22.3259868622, 22.8716545105, 23.4289340973, 23.974603653, 24.5202713013, 25.0543308258, 25.6000003815, 26.1456680298, 26.6913375854, 27.2370071411, 27.7826747894, 28.3283443451, 28.8856239319, 29.4429016113, 29.988571167, 30.5458488464, 31.1031284332, 31.66040802, 32.2176856995, 32.7749671936, 33.332244873, 33.901134491, 34.4584121704, 35.0156898499, 35.572971344, 36.118637085, 36.6759185791, 37.244808197, 37.8020858765, 38.3709754944, 38.9282531738, 39.4855308533, 40.0312004089, 40.5768699646, 41.1225395203, 41.6682090759, 42.2138786316, 42.7479362488, 43.2936058044, 43.8392753601, 44.3965530396, 44.9306106567, 45.4762802124, 46.0219497681, 46.5676193237, 47.1132888794, 47.6589546204, 48.204624176, 48.7619056702, 49.3075714111, 49.8532409668, 50.3989105225, 50.9445800781, 51.4902496338, 52.0359191895, 52.5815849304, 53.1156463623, 53.661315918, 54.2069816589, 54.7526512146, 55.2867126465, 55.8323783875, 56.3780479431, 56.9237174988, 57.4693870544, 58.0150566101, 58.5607261658, 59.1180038452, 59.6636734009, 60.2093429565, 60.7550086975, 61.3006782532, 61.8463478088, 62.3920173645, 62.9376869202, 63.4833564758, 64.0406341553, 64.5863037109, 65.1319732666, 65.6660308838, 66.2117004395, 66.7573699951, 67.3030395508, 67.8487091064, 68.3943786621, 68.9400405884, 69.474105835, 70.0197753906, 70.5654373169, 71.1111068726, 71.6567764282, 72.2024459839, 72.7481155396, 73.2937850952, 73.8394546509, 74.3851242065, 74.9307937622, 75.4648513794, 76.0105209351, 76.5561904907, 77.1018600464, 77.6475296021, 78.1815872192, 78.7272567749, 79.2729263306, 79.8302001953, 80.375869751, 80.9215393066, 81.4788208008, 82.0244903564, 82.5701599121, 83.1158294678, 83.661491394, 84.1955566406, 84.7412261963, 85.2868881226, 85.8325576782, 86.3782272339, 86.9238967896, 87.4695663452, 88.0036239624, 88.5492935181, 89.0949630737, 89.6406326294, 90.1863021851, 90.7319717407, 91.2776412964, 91.8349151611, 92.3805847168, 92.9262542725, 93.4719238281, 94.0175933838, 94.5632629395, 95.1089324951, 95.6546020508, 96.2002716064, 96.7459411621, 97.2916107178, 97.825668335, 98.3829498291, 98.9286117554, 99.474281311, 100.019950867, 100.565620422, 101.111289978, 101.656959534, 102.202629089, 102.748298645, 103.282356262, 103.828025818, 104.373695374, 104.919364929, 105.465034485, 106.010704041, 106.556373596, 107.090431213, 107.636100769, 108.181770325, 108.727432251, 109.273101807, 109.818771362, 110.364440918, 110.898498535, 111.432563782, 111.989837646, 112.547119141, 113.092788696, 113.638458252, 114.195732117, 114.741401672, 115.287071228, 115.821128845, 116.366798401, 116.912467957, 117.458137512, 118.003807068, 118.549476624, 119.095146179, 119.640815735, 120.174873352, 120.720542908, 121.266212463, 121.811882019, 122.357551575, 122.90322113, 123.448883057, 123.994552612, 124.540222168, 125.085891724, 125.631561279, 126.177230835, 126.722900391, 127.268569946, 127.82585144, 128.371520996, 128.917190552, 129.462860107, 129.996917725, 130.54258728, 131.088256836, 131.633926392, 132.179595947, 132.725265503, 133.2709198, 133.816589355, 134.37387085, 134.907928467, 135.441986084, 135.999267578, 136.544937134, 137.090606689, 137.636276245, 138.181945801, 138.727615356, 139.273284912, 139.818954468, 140.364624023, 140.910293579, 141.455963135, 142.00163269, 142.547302246, 143.081359863, 143.627029419, 144.161087036, 144.706756592, 145.264038086, 145.798095703, 146.343765259, 146.889434814, 147.423492432, 147.969161987, 148.514831543, 149.072113037, 149.617782593, 150.16343689, 150.720718384, 151.266387939, 151.812057495, 152.346115112, 152.891784668, 153.437454224, 153.983123779, 154.528793335, 155.074462891, 155.620132446, 156.165802002, 156.711471558, 157.257141113, 157.79119873, 158.348480225, 158.89414978, 159.439819336, 159.985488892, 160.531158447, 161.065216064, 161.61088562, 162.156555176, 162.702224731, 163.259490967, 163.805160522, 164.350830078, 164.896499634, 165.442169189, 165.976226807, 166.521896362, 167.067565918, 167.613235474, 168.158905029, 168.704574585, 169.250244141, 169.795913696, 170.341583252, 170.887252808, 171.432922363, 171.978591919, 172.512649536, 173.058319092, 173.615600586, 174.17288208, 174.718551636, 175.264221191, 175.798278809, 176.355545044, 176.9012146, 177.446884155, 177.992553711, 178.538223267, 179.072280884, 179.617950439, 180.163619995, 180.697677612, 181.254959106, 181.789016724, 182.334686279, 182.880355835, 183.426025391, 183.971694946, 184.517364502, 185.063034058, 185.608703613, 186.154373169, 186.700042725, 187.234100342, 187.779769897, 188.337051392, 188.882720947, 189.428390503, 189.974060059, 190.508117676, 191.06539917, 191.611068726, 192.156738281, 192.702392578, 193.259674072, 193.805343628, 194.339401245, 194.885070801, 195.430740356, 195.976409912, 196.510467529, 197.044525146, 197.601806641, 198.147476196, 198.693145752, 199.238815308, 199.784484863, 200.330154419, 200.875823975, 201.433105469, 201.978775024, 202.52444458, 203.070114136, 203.615783691, 204.149841309, 204.695510864, 205.24118042, 205.775238037, 206.320907593, 206.866577148, 207.412246704, 207.95791626, 208.503585815, 209.049255371, 209.594909668, 210.140579224, 210.686248779, 211.231918335, 211.777587891, 212.323257446, 212.868927002, 213.414596558, 213.960266113, 214.505935669, 215.063217163, 215.608886719, 216.154556274, 216.688613892, 217.269119263, 217.849609375, 218.418502808, 218.99899292, 219.591110229, 220.171600342, 220.763717651, 221.355819702, 221.878265381, 222.400726318, 222.946395874, 223.49206543, 224.037734985, 224.583404541, 225.129058838, 225.674728394, 226.220397949, 226.766067505, 227.323348999, 227.869018555, 228.41468811, 229.030014038, 229.645339966, 230.37677002, 231.108200073, 231.828018188, 232.536224365, 233.256057739, 233.871383667, 234.498321533, 235.136871338, 235.763809204, 236.379135132, 236.99446106, 237.609786987, 238.236724854, 238.85206604, 239.374511719, 239.908569336, 240.442626953, 240.999908447, 241.545578003, 242.091247559, 242.613693237, 243.136138916, 243.646972656, 244.157821655, 244.657043457, 245.156280518, 245.655502319, 246.166351318, 246.677185059, 247.199630737, 247.722076416, 248.290969849, 248.848251343, 249.405532837, 249.951202393, 250.496871948, 251.042541504, 251.58821106, 252.133865356, 252.679534912, 253.225204468, 253.770874023, 254.316543579, 254.862213135, 255.40788269, 255.953552246, 256.487609863, 257.033294678, 257.578948975, 258.124633789, 258.670288086, 259.2159729, 259.761627197, 260.307312012, 260.852966309, 261.398620605, 261.94430542, 262.489959717, 263.035644531, 263.581298828, 264.126983643, 264.672637939, 265.218322754, 265.763977051, 266.309661865, 266.855316162, 267.401000977, 267.935058594, 268.469116211, 269.026397705, 269.583679199, 270.129333496, 270.675018311, 271.220672607, 271.766357422, 272.300415039, 272.846069336, 273.39175415, 273.949005127, 274.506286621, 275.040344238, 275.586029053, 276.13168335, 276.665740967, 277.211425781, 277.745483398, 278.291137695, 278.825195312, 279.382476807, 279.939758301, 280.485443115, 281.031097412, 281.576782227, 282.134063721, 282.679718018, 283.225402832, 283.771057129, 284.316741943, 284.86239624, 285.408081055, 285.953735352, 286.499420166, 287.045074463, 287.59072876, 288.136413574, 288.682067871, 289.227752686, 289.761810303, 290.29586792, 290.841522217, 291.387207031, 291.932861328, 292.478546143, 293.01260376, 293.558258057, 294.103942871, 294.661224365, 295.206878662, 295.752563477, 296.298217773, 296.843902588, 297.377960205, 297.923614502, 298.469299316, 299.003356934, 299.537414551, 300.094696045, 300.640350342, 301.186035156, 301.74331665, 302.277374268, 302.823028564, 303.368713379, 303.914367676, 304.46005249, 305.005706787, 305.551391602, 306.097045898, 306.642730713, 307.18838501, 307.734039307, 308.291320801, 308.837005615, 309.382659912, 309.916717529, 310.462402344, 311.008056641, 311.553741455, 312.099395752, 312.645080566, 313.190734863, 313.736419678, 314.282073975, 314.827758789, 315.373413086, 315.9190979, 316.464752197, 317.010437012, 317.556091309, 318.113372803, 318.64743042, 319.181488037, 319.738769531, 320.284423828, 320.830108643, 321.387390137, 321.944671631, 322.513549805, 323.082427979, 323.66293335, 324.266662598, 324.870391846, 325.497314453, 326.124267578, 326.739593506, 327.354919434, 327.970245361, 328.573974609, 329.189300537, 329.804626465, 330.419952393, 331.03527832, 331.662200928, 332.289154053, 332.916107178, 333.543029785, 334.16998291, 334.69241333, 335.226470947, 335.760528564, 336.259765625, 336.759002686, 337.269836426, 337.780670166, 338.291503906, 338.802337646, 339.289978027, 339.777587891, 340.265197754, 340.752838135, 341.240447998, 341.728057861, 342.204071045, 342.680084229, 343.156097412, 343.632110596, 344.108123779, 344.584106445, 345.048522949, 345.512908936, 345.977325439, 346.453338623, 346.917724609, 347.382110596, 347.881347656, 348.368988037, 348.8565979, 349.367431641, 349.866668701, 350.377502441, 350.876739502, 351.375946045, 351.875183105, 352.362792969, 352.85043335, 353.338043213, 353.906921387, 354.475830078, 355.044708252, 355.613586426, 356.182495117, 356.751373291, 357.331878662, 357.912384033, 358.492858887, 359.073364258, 359.642272949, 360.211151123, 360.780029297, 361.348937988, 361.917816162, 362.486694336, 363.067199707, 363.647705078, 364.228210449, 364.80871582, 365.389190674, 365.969696045, 366.550201416, 367.130706787, 367.711181641, 368.291687012, 368.825744629, 369.371429443, 369.905487061, 370.451141357, 370.996826172, 371.554107666, 372.099761963, 372.645446777, 373.191101074, 373.736785889, 374.282440186, 374.816497803, 375.362182617, 375.907836914, 376.441894531, 376.987579346, 377.533233643, 378.078918457, 378.624572754, 379.181854248, 379.727508545, 380.273193359, 380.85369873, 381.434173584, 382.003082275, 382.583587646, 383.15246582, 383.732971191, 384.301849365, 384.870727539, 385.323516846, 385.78793335, 386.252319336, 386.705108643, 387.169525146, 387.622314453, 388.063476562, 388.504669189, 388.945831299, 389.398620605, 389.851409912, 390.304199219, 390.88470459, 391.465209961, 392.045715332, 392.626220703, 393.206695557, 393.787200928, 394.367706299, 394.94821167, 395.586761475, 396.225311279, 396.887054443, 397.548828125, 398.199005127, 398.860778809, 399.510925293, 400.079803467, 400.648712158, 401.217590332, 401.728424072, 402.239257812, 402.750091553, 403.249328613, 403.748565674, 404.247802734, 404.747009277, 405.246246338, 405.803527832, 406.349212646, 406.906463623, 407.463745117, 408.021026611, 408.578308105, 409.12399292, 409.669647217, 410.15725708, 410.644897461, 411.132507324, 411.620117188, 412.096130371, 412.572143555, 413.048156738, 413.535766602, 414.011779785, 414.499389648, 415.010253906, 415.521087646, 416.031921387, 416.531158447, 417.03036499, 417.529602051, 418.017211914, 418.504852295, 418.992462158, 419.538146973, 420.08380127, 420.629455566, 421.175140381, 421.720794678, 422.278076172, 422.835357666, 423.39263916, 423.938323975, 424.483978271, 425.018035889, 425.552093506, 426.09777832, 426.631835938, 427.165893555, 427.711547852, 428.245605469, 428.779663086, 429.313720703, 429.859405518, 430.405059814, 430.950744629, 431.345489502, 431.751831055, 432.158172607, 432.56451416, 432.97088623, 433.377227783, 433.783569336, 434.189910889, 434.596282959, 435.002624512, 435.408966064, 435.815307617, 436.221679688, 436.62802124, 437.034362793, 437.440704346, 437.847076416, 438.253417969, 438.659759521, 439.066101074, 439.472473145, 439.878814697, 440.28515625, 440.691497803, 441.097869873, 441.515808105, 441.945373535, 442.363342285, 442.781311035, 443.210876465, 443.640441895, 444.070007324, 444.487976074], "beats_loudness": {"dmean2": 0.0259187351912, "median": 0.0243948101997, "min": 4.24101670449e-10, "dvar2": 0.000970079330727, "dvar": 0.000324492051732, "dmean": 0.0143524417654, "max": 0.129931554198, "var": 0.000643259845674, "mean": 0.0286728329957}, "danceability": 1.13407349586, "bpm_histogram_second_peak_weight": {"dmean2": 0, "median": 0.0377588309348, "min": 0.0377588309348, "dvar2": 0, "dvar": 0, "dmean": 0, "max": 0.0377588309348, "var": 0, "mean": 0.0377588309348}, "beats_count": 822, "bpm_histogram_second_peak_bpm": {"dmean2": 0, "median": 103, "min": 103, "dvar2": 0, "dvar": 0, "dmean": 0, "max": 103, "var": 0, "mean": 103}, "bpm_histogram_first_peak_spread": {"dmean2": 0, "median": 0.267226934433, "min": 0.267226934433, "dvar2": 0, "dvar": 0, "dmean": 0, "max": 0.267226934433, "var": 0, "mean": 0.267226934433}, "beats_loudness_band_ratio": {"dmean2": [0.451778829098, 0.277281999588, 0.116712518036, 0.0895248576999, 0.0686367824674, 0.139815703034], "median": [0.613116502762, 0.135842010379, 0.0561186298728, 0.0382520332932, 0.0315875001252, 0.0409767180681], "min": [0.00663334550336, 1.88657232197e-11, 2.20719774922e-12, 2.6836245357e-13, 3.46412555217e-14, 3.70312470738e-14], "dvar2": [0.138043984771, 0.053428709507, 0.0188130401075, 0.0154883200303, 0.00737788155675, 0.0423839986324], "dvar": [0.0445496328175, 0.0182679537684, 0.00695912539959, 0.00558585347608, 0.00246722740121, 0.0150852501392], "dmean": [0.246427804232, 0.153918817639, 0.0681963339448, 0.0522566214204, 0.0377682521939, 0.0766098201275], "max": [1, 0.751753389835, 0.907578527927, 0.685445189476, 0.400108784437, 0.930087208748], "var": [0.0860072076321, 0.0215134005994, 0.00986743997782, 0.00775010185316, 0.00346025940962, 0.0150213111192], "mean": [0.557001829147, 0.176415294409, 0.0906715244055, 0.0704113543034, 0.0525612421334, 0.0888866633177]}}, "lowlevel": {"barkbands_spread": {"dmean2": 7.98973703384, "median": 22.9868488312, "min": 0.00306498166174, "dvar2": 109.560577393, "dvar": 48.4038124084, "dmean": 5.01950502396, "max": 130.350036621, "var": 369.238006592, "mean": 24.1430854797}, "melbands_spread": {"dmean2": 11.0627708435, "median": 19.4675140381, "min": 1.14402709528e-08, "dvar2": 292.677490234, "dvar": 137.415115356, "dmean": 7.02663707733, "max": 248.762802124, "var": 662.447692871, "mean": 25.3265972137}, "hfc": {"dmean2": 10.0932378769, "median": 10.5156536102, "min": 1.14244098157e-16, "dvar2": 617.379516602, "dvar": 290.470214844, "dmean": 6.67304229736, "max": 414.710296631, "var": 1014.97875977, "mean": 23.0040931702}, "barkbands_kurtosis": {"dmean2": 11.2238998413, "median": 1.90547227859, "min": -1.91607487202, "dvar2": 35340.8671875, "dvar": 11816.4951172, "dmean": 6.58007526398, "max": 10743.4316406, "var": 6769.33105469, "mean": 11.2252349854}, "gfcc": {"mean": [-57.34948349, 92.2607116699, -94.8731231689, 34.2999305725, -45.6925582886, 5.17757081985, -26.7333393097, 3.09896469116, -21.0701351166, -2.5192284584, -15.3160133362, -1.67950487137, -11.4982461929], "icov": [[0.000115864881082, -0.000120079668704, 0.000310155242914, -0.000197583183763, 0.000179268201464, -0.000297287188005, 0.000342968036421, -0.000287872098852, 0.000241105997702, -0.000125101549202, 0.000241765024839, -0.000169377613929, 0.000212511789869], [-0.000120079668704, 0.00131688616239, -0.000310538132908, 0.000536424864549, -0.00107772555202, 0.00113985361531, -0.00136727385689, 0.00137797638308, -0.00180141220335, 0.00134840945248, -0.00173417257611, 0.00156247476116, -0.00077289150795], [0.000310155242914, -0.000310538132908, 0.00205793930218, -0.000533870887011, 4.28709681728e-05, -0.00124058895744, 0.00108489720151, -0.00054829538567, -0.000614558754023, -0.000545227143448, 0.000848053838126, -0.00159962452017, 0.00144061166793], [-0.000197583183763, 0.000536424864549, -0.000533870887011, 0.00374619383365, -0.000701719953213, -0.000578509119805, -0.000280391424894, -0.000390471774153, -0.000508470402565, 0.000753561907914, -0.00157090555876, 0.00149853248149, -0.000655673444271], [0.000179268201464, -0.00107772555202, 4.28709681728e-05, -0.000701719953213, 0.00433612382039, -0.000838518841192, -0.000373877090169, -0.000720072363038, -0.000905636348762, -0.00025584094692, 0.000446465797722, -0.000866719346959, -3.87423606298e-05], [-0.000297287188005, 0.00113985361531, -0.00124058895744, -0.000578509119805, -0.000838518841192, 0.00647142715752, -0.00256827590056, 9.31072572712e-05, 0.000256930536125, 0.000474669563118, -0.00115582800936, 0.00155244523194, -0.00213217898272], [0.000342968036421, -0.00136727385689, 0.00108489720151, -0.000280391424894, -0.000373877090169, -0.00256827590056, 0.00823325943202, -0.00260407640599, 0.00227687321603, -0.00157413363922, 0.00162505882327, -0.00161061121617, 0.00219966680743], [-0.000287872098852, 0.00137797638308, -0.00054829538567, -0.000390471774153, -0.000720072363038, 9.31072572712e-05, -0.00260407640599, 0.00935157109052, -0.00350420200266, 0.00174384505954, -0.00128472968936, 0.00250720442273, -0.00158868182916], [0.000241105997702, -0.00180141220335, -0.000614558754023, -0.000508470402565, -0.000905636348762, 0.000256930536125, 0.00227687321603, -0.00350420200266, 0.0126774823293, -0.00495744962245, 0.00121640018187, -0.000565957219806, -0.00173654023092], [-0.000125101549202, 0.00134840945248, -0.000545227143448, 0.000753561907914, -0.00025584094692, 0.000474669563118, -0.00157413363922, 0.00174384505954, -0.00495744962245, 0.0172950923443, -0.00622150208801, 0.00423344224691, -0.00111265468877], [0.000241765024839, -0.00173417257611, 0.000848053838126, -0.00157090555876, 0.000446465797722, -0.00115582800936, 0.00162505882327, -0.00128472968936, 0.00121640018187, -0.00622150208801, 0.0149716120213, -0.00923991762102, 0.00472085271031], [-0.000169377613929, 0.00156247476116, -0.00159962452017, 0.00149853248149, -0.000866719346959, 0.00155244523194, -0.00161061121617, 0.00250720442273, -0.000565957219806, 0.00423344224691, -0.00923991762102, 0.0215284731239, -0.00734830461442], [0.000212511789869, -0.00077289150795, 0.00144061166793, -0.000655673444271, -3.87423606298e-05, -0.00213217898272, 0.00219966680743, -0.00158868182916, -0.00173654023092, -0.00111265468877, 0.00472085271031, -0.00734830461442, 0.018192416057]], "cov": [[30110.4707031, -4811.53173828, -4316.34765625, 1128.53027344, -2311.44067383, 963.579650879, -662.059387207, 586.096862793, -1415.0526123, -322.26385498, -636.904724121, -365.046264648, -71.3864135742], [-4811.53173828, 3414.76025391, 728.977661133, -357.381835938, 986.424743652, -445.582580566, 294.539215088, -230.383880615, 566.420288086, 68.2531814575, 280.347290039, 45.6714897156, 28.7587108612], [-4316.34765625, 728.977661133, 1291.25500488, -36.8912773132, 402.69442749, -20.7740077972, 61.5570907593, -33.3617095947, 275.586456299, 68.5933380127, 108.295188904, 78.0087051392, -0.215208396316], [1128.53027344, -357.381835938, -36.8912773132, 393.833312988, -44.0896148682, 136.970870972, -14.0484781265, 83.817489624, -40.3717803955, -5.83859348297, -8.23354721069, -20.0343036652, 3.56059718132], [-2311.44067383, 986.424743652, 402.69442749, -44.0896148682, 599.229614258, -72.9891662598, 127.910652161, -26.2932777405, 226.548965454, 38.8252601624, 94.8193283081, 32.0010643005, 22.7109031677], [963.579650879, -445.582580566, -20.7740077972, 136.970870972, -72.9891662598, 287.724334717, 22.2429885864, 72.8423843384, -71.1227874756, -7.20126914978, -31.1763877869, -12.2376565933, 9.5511007309], [-662.059387207, 294.539215088, 61.5570907593, -14.0484781265, 127.910652161, 22.2429885864, 196.905410767, 16.9222316742, 35.8623352051, 9.6076259613, 21.7395782471, 1.77998697758, -5.49638652802], [586.096862793, -230.383880615, -33.3617095947, 83.817489624, -26.2932777405, 72.8423843384, 16.9222316742, 165.436843872, -1.76731574535, -3.42346262932, -20.9682197571, -16.8827457428, 8.15458869934], [-1415.0526123, 566.420288086, 275.586456299, -40.3717803955, 226.548965454, -71.1227874756, 35.8623352051, -1.76731574535, 225.361709595, 47.2741699219, 57.2156066895, 16.6177787781, 21.2399635315], [-322.26385498, 68.2531814575, 68.5933380127, -5.83859348297, 38.8252601624, -7.20126914978, 9.6076259613, -3.42346262932, 47.2741699219, 80.791229248, 36.7915649414, 2.22564935684, -0.394479840994], [-636.904724121, 280.347290039, 108.295188904, -8.23354721069, 94.8193283081, -31.1763877869, 21.7395782471, -20.9682197571, 57.2156066895, 36.7915649414, 131.846603394, 41.853515625, -7.03019666672], [-365.046264648, 45.6714897156, 78.0087051392, -20.0343036652, 32.0010643005, -12.2376565933, 1.77998697758, -16.8827457428, 16.6177787781, 2.22564935684, 41.853515625, 75.7281112671, 17.6992740631], [-71.3864135742, 28.7587108612, -0.215208396316, 3.56059718132, 22.7109031677, 9.5511007309, -5.49638652802, 8.15458869934, 21.2399635315, -0.394479840994, -7.03019666672, 17.6992740631, 70.6902008057]]}, "spectral_energyband_middle_low": {"dmean2": 0.00416593905538, "median": 0.00441204663366, "min": 5.16474631008e-22, "dvar2": 4.49495237262e-05, "dvar": 1.71410683834e-05, "dmean": 0.00254947529174, "max": 0.0712881311774, "var": 4.70724553452e-05, "mean": 0.00671506207436}, "melbands_crest": {"dmean2": 5.62160253525, "median": 15.0268955231, "min": 3.06295609474, "dvar2": 24.0342769623, "dvar": 9.31213188171, "dmean": 3.42805957794, "max": 40, "var": 31.4484558105, "mean": 15.5183992386}, "spectral_kurtosis": {"dmean2": 4.252576828, "median": 3.5145907402, "min": -1.22985339165, "dvar2": 81.2803955078, "dvar": 30.306098938, "dmean": 2.49408817291, "max": 157.460021973, "var": 161.468765259, "mean": 7.72957992554}, "spectral_rms": {"dmean2": 0.00111353409011, "median": 0.00398314371705, "min": 3.21445604509e-12, "dvar2": 1.88310696103e-06, "dvar": 7.94580444108e-07, "dmean": 0.000705568294507, "max": 0.0133049311116, "var": 4.49030630989e-06, "mean": 0.00397531734779}, "zerocrossingrate": {"dmean2": 0.0110755842179, "median": 0.05908203125, "min": 0, "dvar2": 0.00020713788399, "dvar": 0.000193737287191, "dmean": 0.00947863422334, "max": 0.494140625, "var": 0.00269157555886, "mean": 0.0646370649338}, "silence_rate_60dB": {"dmean2": 0.0876049399376, "median": 0, "min": 0, "dvar2": 0.0993331596255, "dvar": 0.0418779477477, "dmean": 0.0438001863658, "max": 1, "var": 0.12268280983, "mean": 0.143177434802}, "erbbands_kurtosis": {"dmean2": 1.68010687828, "median": -0.194087982178, "min": -1.87988102436, "dvar2": 23.6324901581, "dvar": 13.9019298553, "dmean": 1.03907895088, "max": 319.897033691, "var": 368.542999268, "mean": 1.86541616917}, "erbbands": {"dmean2": [0.12771512568, 1.24070167542, 4.53759431839, 5.425157547, 5.32241392136, 9.22142219543, 5.88057088852, 7.56112384796, 5.85603475571, 6.96265697479, 8.49714374542, 22.2978057861, 19.5313987732, 15.8285627365, 19.7688045502, 18.7804431915, 17.6893482208, 14.0504980087, 13.4127292633, 11.8859062195, 17.5886001587, 15.9237909317, 19.5165901184, 16.1750926971, 15.933142662, 20.8841552734, 13.7913827896, 10.9318666458, 11.755232811, 10.1752176285, 7.015604496, 5.13319730759, 2.3467464447, 1.15033876896, 0.432291060686, 0.152775242925, 0.0483208112419, 0.0120397387072, 0.00190489599481, 0.000114581787784], "median": [0.0269361697137, 0.497882187366, 1.99698674679, 1.88978755474, 2.63551545143, 3.09425830841, 3.32267570496, 4.12769126892, 3.05734276772, 3.33939266205, 3.73485016823, 5.27777242661, 4.725730896, 4.3610625267, 4.29368019104, 3.92680215836, 3.7336807251, 3.17998719215, 4.16539430618, 4.20477056503, 6.46543264389, 6.3246178627, 7.19415616989, 8.38730621338, 8.35144519806, 6.98215913773, 4.57978105545, 3.43406414986, 2.48249530792, 1.19202852249, 0.838810920715, 0.608864367008, 0.362616539001, 0.187583655119, 0.0883777737617, 0.0311264935881, 0.00788078084588, 0.00359431141987, 0.000234692561207, 3.59063924407e-05], "min": [2.54117194708e-21, 3.37675199714e-21, 2.64805636458e-20, 1.64214299198e-19, 3.22369138517e-19, 1.0613772867e-19, 2.9764589908e-19, 9.84529390215e-19, 2.58177131248e-18, 8.54330282919e-19, 4.55306937423e-19, 1.60329419601e-18, 2.2688468188e-18, 3.19279908442e-18, 1.81793639803e-18, 3.05164340123e-18, 7.34384017278e-18, 7.46939460924e-18, 1.06605076928e-17, 5.13930375147e-18, 5.54337817198e-18, 7.16387544999e-18, 8.89844010729e-18, 1.03586024856e-17, 1.15678379708e-17, 1.68468252308e-17, 1.98454194714e-17, 1.33337610451e-17, 2.30703733409e-17, 2.61796344213e-17, 2.1038293324e-17, 1.57307468262e-17, 1.08300979163e-17, 1.09961006576e-17, 8.68497705124e-18, 6.23664403363e-18, 2.59518549368e-18, 1.28416222882e-18, 3.52940570734e-19, 3.23540678296e-20], "dvar2": [0.0826670005918, 6.26532649994, 114.417282104, 139.450698853, 73.318977356, 533.282165527, 147.846542358, 233.058639526, 296.673126221, 450.926879883, 711.372253418, 3728.03759766, 3166.53540039, 2140.26220703, 3285.2109375, 2753.82568359, 2222.04296875, 1260.87365723, 1270.76940918, 814.500183105, 1445.69689941, 1243.11340332, 1879.67529297, 1303.31994629, 1012.29736328, 2484.72387695, 1124.7409668, 729.167297363, 1973.95629883, 1422.31347656, 654.939819336, 480.587982178, 88.7487411499, 15.025598526, 1.68293821812, 0.329493641853, 0.0976970344782, 0.00644714990631, 0.000171538238646, 2.47987429702e-07], "dvar": [0.0324658192694, 2.4246301651, 41.3621253967, 50.0322341919, 28.1348838806, 189.669662476, 55.5164070129, 91.1203689575, 113.376724243, 178.355575562, 300.478881836, 1522.07678223, 1309.68505859, 911.928222656, 1360.18530273, 1177.54138184, 858.454040527, 510.074035645, 502.152557373, 322.371917725, 581.254333496, 464.070251465, 733.64465332, 534.766479492, 404.925048828, 980.803649902, 444.586914062, 319.631835938, 950.223144531, 662.915100098, 324.160369873, 224.67199707, 43.2729415894, 7.24635219574, 0.774123728275, 0.143140628934, 0.0410336963832, 0.00244732177816, 6.48891218589e-05, 1.00020471905e-07], "dmean": [0.0778872221708, 0.742146253586, 2.6638686657, 3.21795248985, 3.22801589966, 5.39581298828, 3.55938529968, 4.55548048019, 3.6333360672, 4.4099187851, 5.43365573883, 14.3540201187, 12.6981143951, 10.136929512, 12.7101573944, 12.1226034164, 10.9666528702, 8.66293334961, 8.29810333252, 7.35011291504, 10.8798093796, 9.77770328522, 11.8716135025, 9.89084243774, 9.80411529541, 12.69490242, 8.40350055695, 6.71223735809, 7.3765912056, 6.28790903091, 4.48262119293, 3.2722094059, 1.55647826195, 0.758882343769, 0.287013500929, 0.10116764158, 0.0325942710042, 0.0078031080775, 0.0012665115064, 7.82343267929e-05], "max": [2.27936124802, 21.9557971954, 93.2806167603, 94.8548049927, 114.671592712, 235.861816406, 259.230621338, 252.579376221, 325.967987061, 473.8309021, 822.000915527, 893.346313477, 915.016906738, 1055.75537109, 1295.40087891, 1084.96105957, 986.256469727, 780.492675781, 869.458374023, 584.050720215, 687.367370605, 449.676696777, 644.504577637, 871.032897949, 505.883605957, 1225.35803223, 647.442932129, 671.103820801, 1650.14501953, 1172.91882324, 960.683959961, 530.813049316, 229.048980713, 81.5613632202, 30.2425136566, 23.1451969147, 16.0202522278, 3.74149036407, 0.56755810976, 0.0168894957751], "var": [0.0403940752149, 2.97217202187, 36.5152587891, 62.2443618774, 55.4565811157, 207.967071533, 95.561958313, 128.636932373, 137.508865356, 248.338577271, 519.49786377, 4225.46826172, 3492.72045898, 2386.74755859, 3416.45605469, 3363.10400391, 1849.85095215, 1129.56066895, 1168.40429688, 738.784301758, 1669.74328613, 1327.84106445, 1876.54101562, 1469.90185547, 1216.32141113, 3215.63964844, 1059.3503418, 659.692626953, 1772.63989258, 1220.98278809, 902.817260742, 551.922912598, 113.428581238, 18.0707015991, 1.77327799797, 0.225450754166, 0.0433771498501, 0.00220766384155, 5.88881703152e-05, 1.35985885663e-07], "mean": [0.0975795313716, 1.0550160408, 3.73925423622, 5.17754602432, 5.46626663208, 7.65424728394, 6.26324510574, 7.24203300476, 6.1528801918, 7.59991884232, 9.82825374603, 28.3184833527, 26.4183712006, 20.1720409393, 24.3420829773, 23.9913425446, 20.2861213684, 15.91472435, 15.5711240768, 14.1846857071, 22.3641357422, 21.3984413147, 24.190322876, 21.4061737061, 22.5583152771, 27.3593616486, 17.9808940887, 13.6240215302, 12.9640874863, 10.1251277924, 8.13429546356, 6.19893884659, 3.42469191551, 1.64383041859, 0.627611458302, 0.207511931658, 0.0594721473753, 0.0143331699073, 0.00212389370427, 0.000158125316375]}, "spectral_strongpeak": {"dmean2": 0.813035130501, "median": 0.256459563971, "min": 0, "dvar2": 2.96182656288, "dvar": 1.13510656357, "dmean": 0.465224176645, "max": 18.6731433868, "var": 1.67442762852, "mean": 0.690775513649}, "spectral_energy": {"dmean2": 0.0117553509772, "median": 0.0162620693445, "min": 1.05910460797e-20, "dvar2": 0.000394105300074, "dvar": 0.000160482217325, "dmean": 0.00731870345771, "max": 0.181446731091, "var": 0.000387600244721, "mean": 0.0208006687462}, "average_loudness": 0.627112030983, "spectral_rolloff": {"dmean2": 875.577514648, "median": 1055.12695312, "min": 21.533203125, "dvar2": 2486387.5, "dvar": 1107344.875, "dmean": 527.385375977, "max": 18583.1542969, "var": 4016474, "mean": 1759.9119873}, "spectral_centroid": {"dmean2": 350.37902832, "median": 1501.60510254, "min": 113.56262207, "dvar2": 179265.859375, "dvar": 83279.7890625, "dmean": 221.920684814, "max": 10783.7539062, "var": 923013.8125, "mean": 1437.67663574}, "pitch_salience": {"dmean2": 0.129765361547, "median": 0.509022772312, "min": 1.64271841641e-05, "dvar2": 0.0134753379971, "dvar": 0.00500823929906, "dmean": 0.0792166739702, "max": 0.912727057934, "var": 0.0140319662169, "mean": 0.502278625965}, "spectral_energyband_middle_high": {"dmean2": 0.00185082224198, "median": 0.00172777299304, "min": 1.39792443098e-21, "dvar2": 1.06725692604e-05, "dvar": 4.66301389679e-06, "dmean": 0.00120062171482, "max": 0.0470753498375, "var": 3.25898836309e-05, "mean": 0.00455644447356}, "spectral_contrast_coeffs": {"dmean2": [0.0834168419242, 0.0738317593932, 0.0581524856389, 0.0468036569655, 0.0324605032802, 0.0248988009989], "median": [-0.664764523506, -0.751908004284, -0.76555031538, -0.788225650787, -0.788355827332, -0.760228931904], "min": [-0.969276547432, -0.991728305817, -0.980765104294, -0.994795322418, -0.987998723984, -0.963854670525], "dvar2": [0.00464092334732, 0.00360811688006, 0.00227567786351, 0.00143927196041, 0.000717380084097, 0.000551279401407], "dvar": [0.00171218439937, 0.00129667727742, 0.000894134864211, 0.000579287996516, 0.000282568245893, 0.000235545492615], "dmean": [0.0501787811518, 0.0442434884608, 0.0359647870064, 0.0285126119852, 0.019846111536, 0.0153966341168], "max": [-0.295964688063, -0.424349009991, -0.490053832531, -0.550635755062, -0.583858966827, -0.5292750597], "var": [0.00782736949623, 0.00448410212994, 0.00695150718093, 0.00417033256963, 0.00300569203682, 0.00278112036176], "mean": [-0.661002218723, -0.749529719353, -0.762090325356, -0.785380363464, -0.790030479431, -0.764974832535]}, "melbands_skewness": {"dmean