{"tonal": {"thpcp": [1, 0.991031110287, 0.833851993084, 0.706701099873, 0.48182785511, 0.418677479029, 0.427514404058, 0.361585348845, 0.37709993124, 0.440508633852, 0.480089724064, 0.61150765419, 0.723873317242, 0.656652092934, 0.581501424313, 0.566668868065, 0.738505601883, 0.883559942245, 0.612727999687, 0.381819844246, 0.378140181303, 0.378880649805, 0.348590552807, 0.363121896982, 0.401463985443, 0.362718850374, 0.410701960325, 0.569333672523, 0.688417971134, 0.771046519279, 0.763283848763, 0.701094865799, 0.775094926357, 0.77478826046, 0.612977206707, 0.695974051952], "hpcp": {"dmean2": [0.318981617689, 0.297795981169, 0.308414340019, 0.334417879581, 0.338255375624, 0.310759037733, 0.29264497757, 0.298229247332, 0.344660907984, 0.335213601589, 0.286644726992, 0.241318196058, 0.214562118053, 0.200036838651, 0.191722869873, 0.195397958159, 0.220335364342, 0.244178339839, 0.25157931447, 0.268970280886, 0.275426387787, 0.250372797251, 0.227914974093, 0.285592645407, 0.343748837709, 0.252977579832, 0.191965356469, 0.1716696769, 0.172380968928, 0.173292577267, 0.188591390848, 0.188184812665, 0.189496204257, 0.217750445008, 0.259925067425, 0.306180477142], "median": [0.0353713035583, 0.03137909621, 0.0425329208374, 0.0436285436153, 0.0328028313816, 0.0196083392948, 0.0464550927281, 0.0634142905474, 0.0636959522963, 0.0397941842675, 0.0162125006318, 0.00989234633744, 0.00967649836093, 0.0102657973766, 0.0120024094358, 0.014109108597, 0.0194296315312, 0.0185600444674, 0.0256604272872, 0.0400267578661, 0.0460365600884, 0.0358835496008, 0.0281136408448, 0.0480006709695, 0.0446841046214, 0.030559990555, 0.0130502283573, 0.0181316956878, 0.017394952476, 0.0137256821617, 0.0112661616877, 0.00940582249314, 0.00882109440863, 0.0131895141676, 0.0246042832732, 0.0306304935366], "min": [0, 0, 0, 0, 0, 0, 0, 0, 0, 0, 0, 0, 0, 0, 0, 0, 0, 0, 0, 0, 0, 0, 0, 0, 0, 0, 0, 0, 0, 0, 0, 0, 0, 0, 0, 0], "dvar2": [0.168894216418, 0.154742658138, 0.154162615538, 0.179491817951, 0.188533335924, 0.178910210729, 0.150434032083, 0.1372756809, 0.177619457245, 0.164784520864, 0.153115436435, 0.13732226193, 0.124405689538, 0.119202271104, 0.107648767531, 0.105388991535, 0.113148547709, 0.127834707499, 0.125231862068, 0.126587510109, 0.123083025217, 0.118037134409, 0.115821093321, 0.136544674635, 0.19288213551, 0.125064641237, 0.11115141958, 0.0879628285766, 0.0930070355535, 0.101027563214, 0.111513607204, 0.115015156567, 0.113123193383, 0.133690014482, 0.151058331132, 0.16100859642], "dvar": [0.0638848990202, 0.0588807314634, 0.0576051399112, 0.0647771582007, 0.0687742829323, 0.0638801828027, 0.0530473403633, 0.0526256039739, 0.0630489513278, 0.0605143047869, 0.0566163137555, 0.0485757403076, 0.0442366488278, 0.0426108241081, 0.0378103032708, 0.0374499373138, 0.040790438652, 0.0465503558517, 0.0458297990263, 0.0468676313758, 0.0457429364324, 0.0421109199524, 0.0410703010857, 0.048211928457, 0.0685468912125, 0.0438936986029, 0.0376424975693, 0.0307255517691, 0.0326451398432, 0.0357033647597, 0.0387178882957, 0.0407660119236, 0.0398280769587, 0.0465795099735, 0.0547557771206, 0.0608881004155], "dmean": [0.178011402488, 0.166250988841, 0.17339541018, 0.184867545962, 0.186281964183, 0.169708445668, 0.1637506634, 0.169195085764, 0.192472815514, 0.186923921108, 0.15942324698, 0.133281707764, 0.117241181433, 0.110536761582, 0.104789726436, 0.106800466776, 0.12088214606, 0.135542929173, 0.14030982554, 0.15110746026, 0.156327977777, 0.139400079846, 0.126178309321, 0.158242195845, 0.188834995031, 0.139736309648, 0.104188755155, 0.094642944634, 0.0958608984947, 0.0951663255692, 0.102417871356, 0.102184742689, 0.102734513581, 0.118410997093, 0.143623664975, 0.172032102942], "max": [1, 1, 1, 1, 1, 1, 1, 1, 1, 1, 1, 1, 1, 1, 1, 1, 1, 1, 1, 1, 1, 1, 1, 1, 1, 1, 1, 1, 1, 1, 1, 1, 1, 1, 1, 1], "var": [0.0782965645194, 0.0805577486753, 0.0610878393054, 0.0740527883172, 0.0791319981217, 0.0611394159496, 0.0590600259602, 0.0984534174204, 0.0956295505166, 0.0807864293456, 0.0750326067209, 0.0448779538274, 0.039917089045, 0.04362744838, 0.0316758342087, 0.0313469544053, 0.0375158973038, 0.0418295934796, 0.0558327659965, 0.0646281093359, 0.0511713474989, 0.0487968698144, 0.0519071482122, 0.0579726025462, 0.0935849398375, 0.049716707319, 0.035032581538, 0.0313709974289, 0.0317348502576, 0.0308532100171, 0.0313576981425, 0.041380289942, 0.0336579941213, 0.0385164916515, 0.0540755689144, 0.0653034597635], "mean": [0.175755605102, 0.173986151814, 0.159810528159, 0.176678419113, 0.176608502865, 0.139724612236, 0.158643260598, 0.227944225073, 0.225899815559, 0.190071746707, 0.161088436842, 0.109829880297, 0.0954351127148, 0.0974494367838, 0.0824212953448, 0.0859577506781, 0.100411400199, 0.109433680773, 0.139389634132, 0.16500274837, 0.149680048227, 0.132549896836, 0.129168897867, 0.168338090181, 0.201402381063, 0.13966780901, 0.0870336294174, 0.0861948728561, 0.086363658309, 0.0794592052698, 0.0827715396881, 0.0915113985538, 0.0826796665788, 0.0936171412468, 0.129776328802, 0.15692089498]}, "tuning_equal_tempered_deviation": 0.308051168919, "chords_changes_rate": 0.0676698684692, "key_key": "A", "tuning_diatonic_strength": 0.357628464699, "key_scale": "minor", "chords_number_rate": 0.00184638111386, "tuning_frequency": 434.193115234, "tuning_nontempered_energy_ratio": 0.92076176405, "chords_histogram": [7.41321992874, 5.97304296494, 3.96048736572, 2.29874444008, 2.67725253105, 2.04948306084, 8.17023658752, 6.5454211235, 0.97858196497, 1.68020677567, 14.4294681549, 10.4689807892, 3.11115217209, 1.20014774799, 0.97858196497, 0.932422459126, 3.54505181313, 3.85893654823, 2.87112259865, 1.04320526123, 0.932422459126, 9.9704580307, 3.15731167793, 1.75406205654], "key_strength": 0.587451934814, "chords_key": "G#", "chords_strength": {"dmean2": 0.0116405319422, "median": 0.497137486935, "min": -1, "dvar2": 0.000823328504339, "dvar": 0.000418248208007, "dmean": 0.00937431305647, "max": 0.870725750923, "var": 0.0382815115154, "mean": 0.511663734913}, "chords_scale": "minor", "hpcp_entropy": {"dmean2": 1.00900936127, "median": 2.21306753159, "min": 0, "dvar2": 0.641138017178, "dvar": 0.218739762902, "dmean": 0.588257610798, "max": 4.05302715302, "var": 0.430364608765, "mean": 2.16928458214}}, "metadata": {"audio_properties": {"equal_loudness": 0, "codec": "flac", "downmix": "mix", "sample_rate": 44100, "analysis_sample_rate": 44100, "bit_rate": 0, "md5_encoded": "9ce50c80c76ffb7fe8f7527a9871ae88", "length": 502.982818604, "replay_gain": -4.99098777771, "lossless": true}, "version": {"essentia_build_sha": "70f2e5ece6736b2c40cc944ad0e695b16b925413", "essentia": "2.1-beta2", "extractor": "music 1.0", "essentia_git_sha": "v2.1_beta2"}, "tags": {"title": ["Cultus"], "media": ["Digital Media"], "albumartist": ["Metatron Omega"], "tracktotal": ["6"], "musicbrainz_releasegroupid": ["382849ab-4147-4df9-a690-779a31d2ec6f"], "releasetype": ["album"], "musicbrainz_recordingid": ["1a6cf428-c2f9-430e-b52e-0a177983dba4"], "originalyear": ["2016"], "musicbrainz_releasetrackid": ["cccad8de-37be-4b99-aa30-b7da4550e746"], "discnumber": ["1"], "album": ["Sanctum"], "releasecountry": ["XW"], "musicbrainz_albumartistid": ["49979c71-eb9f-485e-b908-f522bde32ca7"], "albumartistsort": ["Metatron Omega"], "date": ["2016-08-16"], "file_name": "03_Cultus.flac", "disctotal": ["1"], "acoustid_id": ["23b104fb-4143-4ec4-ba72-f1a541b892d5"], "musicbrainz_artistid": ["49979c71-eb9f-485e-b908-f522bde32ca7"], "originaldate": ["2016-08-16"], "musicbrainz_albumid": ["93630443-2f78-43e4-bcb9-b10a17136cde"], "tracknumber": ["3"], "artistsort": ["Metatron Omega"], "artist": ["Metatron Omega"], "label": ["Cryo Chamber"], "totaltracks": ["6"], "totaldiscs": ["1"], "script": ["Latn"], "releasestatus": ["official"]}}, "rhythm": {"bpm_histogram_first_peak_bpm": {"dmean2": 0, "median": 112, "min": 112, "dvar2": 0, "dvar": 0, "dmean": 0, "max": 112, "var": 0, "mean": 112}, "bpm": 111.511428833, "bpm_histogram_second_peak_spread": {"dmean2": 0, "median": 0.434426248074, "min": 0.434426248074, "dvar2": 0, "dvar": 0, "dmean": 0, "max": 0.434426248074, "var": 0, "mean": 0.434426248074}, "bpm_histogram_first_peak_weight": {"dmean2": 0, "median": 0.070493452251, "min": 0.070493452251, "dvar2": 0, "dvar": 0, "dmean": 0, "max": 0.070493452251, "var": 0, "mean": 0.070493452251}, "onset_rate": 0.900592386723, "beats_position": [0.359909296036, 0.719818592072, 1.09133780003, 1.46285712719, 1.82276642323, 2.18267560005, 2.55419492722, 2.91410422325, 3.27401351929, 3.62231278419, 3.98222208023, 4.34213161469, 4.73687076569, 5.13160991669, 5.52634906769, 5.92108821869, 6.28099775314, 6.64090681076, 7.00081634521, 7.36072540283, 7.72063493729, 8.08054447174, 8.45206356049, 8.8119726181, 9.17188167572, 9.53179073334, 9.89170074463, 10.2399997711, 10.5999088287, 10.95981884, 11.3197278976, 11.6912469864, 12.0859861374, 12.4807252884, 12.8870744705, 13.2934236526, 13.6997728348, 14.1061220169, 14.512471199, 14.90721035, 15.301949501, 15.696688652, 16.1030387878, 16.4861679077, 16.8692970276, 17.2408161163, 17.6239452362, 18.0186843872, 18.4018135071, 18.7965526581, 19.179681778, 19.5512008667, 19.9343299866, 20.3174591064, 20.7005901337, 21.0837192535, 21.4668483734, 21.8615875244, 22.2563266754, 22.6278457642, 22.9993648529, 23.3708839417, 23.7307929993, 24.102312088, 24.4738311768, 24.8453502655, 25.2168693542, 25.6232185364, 26.0179595947, 26.4126987457, 26.865486145, 27.3298854828, 27.7826747894, 28.2354640961, 28.6882534027, 29.1410427094, 29.5822219849, 30.0234012604, 30.476190567, 30.9289798737, 31.4398174286, 31.962266922, 32.4847145081, 33.0071640015, 33.5063934326, 34.028842926, 34.5512924194, 35.0853500366, 35.6890678406, 36.2927894592, 36.8965072632, 37.5002250671, 38.1039466858, 38.7076644897, 39.3113822937, 39.9151000977, 40.4956016541, 41.099319458, 41.6101570129, 42.1093864441, 42.6086158752, 43.0962333679, 43.5838546753, 44.0598640442, 44.5358734131, 44.9886627197, 45.4414520264, 45.9058494568, 46.4282989502, 46.9623565674, 47.4848060608, 48.0072555542, 48.5297050476, 49.0637626648, 49.5978240967, 50.1202697754, 50.6543312073, 51.2000007629, 51.7456665039, 52.2913360596, 52.8370056152, 53.3826751709, 53.9399528503, 54.4972343445, 55.0429000854, 55.5885696411, 56.1342391968, 56.6566886902, 57.1907463074, 57.7248077393, 58.2704734802, 58.8045349121, 59.3502044678, 59.884262085, 60.4067115784, 60.9291610718, 61.4516105652, 61.9740562439, 62.4965057373, 63.0189552307, 63.5530128479, 64.1567306519, 64.7604522705, 65.3525619507, 65.9446716309, 66.5483856201, 67.1404953003, 67.7326049805, 68.3595428467, 68.9864807129, 69.6134262085, 70.2403640747, 70.8789138794, 71.5406799316, 72.1908340454, 72.8526077271, 73.5143737793, 74.1645355225, 74.8146896362, 75.4648513794, 76.068572998, 76.6722869873, 77.276008606, 77.8681182861, 78.4602279663, 79.0523376465, 79.6444396973, 80.2249450684, 80.8054428101, 81.3859405518, 81.954826355, 82.5353240967, 83.1158294678, 83.661491394, 84.1955566406, 84.7296142578, 85.263671875, 85.8093414307, 86.3550109863, 86.900680542, 87.4463500977, 88.0036239624, 88.5609054565, 89.1181869507, 89.6522445679, 90.1746902466, 90.7087478638, 91.2428131104, 91.7768707275, 92.3109283447, 92.8333740234, 93.36743927, 93.9131011963, 94.4471664429, 94.9812240601, 95.5268936157, 96.0725631714, 96.6878890991, 97.2916107178, 97.918548584, 98.5222625732, 99.1259841919, 99.7413101196, 100.356643677, 100.971969604, 101.587303162, 102.191017151, 102.79473877, 103.398452759, 104.002174377, 104.605895996, 105.209609985, 105.813331604, 106.417053223, 107.020767212, 107.612876892, 108.204986572, 108.797096252, 109.377593994, 109.958091736, 110.561813354, 111.177139282, 111.711196899, 112.245262146, 112.767707825, 113.31337738, 113.82421875, 114.358276367, 114.915550232, 115.461219788, 116.006889343, 116.54094696, 117.075012207, 117.609069824, 118.131515503, 118.642356873, 119.188026428, 119.733695984, 120.27936554, 120.836639404, 121.393920898, 121.951202393, 122.508476257, 123.065757751, 123.564987183, 124.064216614, 124.575057983, 125.085891724, 125.596733093, 126.107574463, 126.56036377, 127.013153076, 127.465942383, 127.91872406, 128.359909058, 128.801086426, 129.242263794, 129.764709473, 130.28717041, 130.809616089, 131.343673706, 131.877731323, 132.423400879, 132.957458496, 133.503128052, 134.048797607, 134.594467163, 135.140136719, 135.697418213, 136.243087769, 136.800354004, 137.34602356, 137.903305054, 138.518630981, 139.133972168, 139.737686157, 140.341400146, 140.945129395, 141.548843384, 142.140945435, 142.733062744, 143.336776733, 143.940490723, 144.544219971, 145.14793396, 145.751647949, 146.343765259, 146.93586731, 147.574417114, 148.212966919, 148.816680908, 149.420410156, 150.024124146, 150.627838135, 151.231567383, 151.765625, 152.299682617, 152.845352173, 153.367797852, 153.901855469, 154.435913086, 154.969970703, 155.50402832, 156.038085938, 156.583755493, 157.129425049, 157.675094604, 158.209152222, 158.754821777, 159.300491333, 159.83454895, 160.368606567, 160.914276123, 161.448348999, 161.994003296, 162.539672852, 163.096954346, 163.642623901, 164.176681519, 164.710739136, 165.198364258, 165.69758606, 166.19682312, 166.730880737, 167.253326416, 167.775772095, 168.298233032, 168.832290649, 169.366348267, 169.888793945, 170.411239624, 171.03817749, 171.676727295, 172.3152771, 172.965438843, 173.592376709, 174.242538452, 174.892700195, 175.566070557, 176.239456177, 176.843170166, 177.446884155, 178.039001465, 178.631103516, 179.223220825, 179.815322876, 180.395828247, 180.976318359, 181.498779297, 182.021224976, 182.543670654, 183.066116333, 183.588562012, 184.111022949, 184.645080566, 185.190750122, 185.736419678, 186.328521729, 186.9090271, 187.454696655, 187.988754272, 188.52281189, 189.03364563, 189.54447937, 190.055328369, 190.566162109, 191.07699585, 191.587844849, 192.029022217, 192.470199585, 192.922988892, 193.410614014, 193.898223877, 194.385848999, 194.885070801, 195.384307861, 195.883529663, 196.41758728, 196.951644897, 197.485717773, 197.996551514, 198.507385254, 199.018234253, 199.563903809, 200.109558105, 200.690063477, 201.258956909, 201.827835083, 202.385116577, 202.965621948, 203.511291504, 204.080184937, 204.64906311, 205.264389038, 205.868118286, 206.587936401, 207.307754517, 208.027572632, 208.747390747, 209.455596924, 210.140579224, 210.837188721, 211.533782959, 212.218765259, 212.903762817, 213.600357056, 214.180862427, 214.749740601, 215.330245972, 215.875915527, 216.421585083, 216.967254639, 217.501312256, 218.046981812, 218.56942749, 219.091873169, 219.614334106, 220.171600342, 220.717269897, 221.274551392, 221.843444824, 222.423934937, 223.004440308, 223.57333374, 224.142211914, 224.699493408, 225.256774902, 225.825668335, 226.440994263, 227.044708252, 227.66003418, 228.275375366, 228.913925171, 229.552474976, 230.191009521, 230.713470459, 231.235916138, 231.758361816, 232.269195557, 232.780044556, 233.290878296, 233.801712036, 234.300949097, 234.800170898, 235.311019897, 235.821853638, 236.39074707, 236.971237183, 237.540130615, 238.167068481, 238.794006348, 239.444168091, 240.094329834, 240.756088257, 241.417861938, 242.068023682, 242.718185425, 243.356735229, 243.995285034, 244.633834839, 245.3072052, 245.98059082, 246.642349243, 247.257675171, 247.873016357, 248.465118408, 249.068832397, 249.660949707, 250.253051758, 250.845169067, 251.437271118, 252.029388428, 252.621490479, 253.120727539, 253.608337402, 254.095962524, 254.537139893, 254.989929199, 255.442718506, 255.895507812, 256.336669922, 256.789459229, 257.253875732, 257.718261719, 258.171051025, 258.623840332, 259.088256836, 259.552642822, 260.017059326, 260.365356445, 260.713653564, 261.061950684, 261.410247803, 261.770141602, 262.118438721, 262.466766357, 262.815063477, 263.163360596, 263.511657715, 263.859954834, 264.196624756, 264.544952393, 264.893249512, 265.241546631, 265.58984375, 265.938140869, 266.263214111, 266.588287354, 266.913360596, 267.250061035, 267.575134277, 267.911834717, 268.236907959, 268.561981201, 268.887084961, 269.212158203, 269.548828125, 269.885528564, 270.222229004, 270.628570557, 271.02331543, 271.418029785, 271.824401855, 272.242340088, 272.660308838, 273.078277588, 273.49621582, 273.91418457, 274.33215332, 274.75012207, 275.156463623, 275.574401855, 275.980773926, 276.387115479, 276.805084229, 277.223022461, 277.640991211, 278.070556641, 278.50012207, 278.91809082, 279.34765625, 279.77722168, 280.206787109, 280.624755859, 281.031097412, 281.437469482, 281.843811035, 282.261749268, 282.668121338, 283.074462891, 283.480804443, 283.887145996, 284.305114746, 284.723083496, 285.141052246, 285.558990479, 285.976959229, 286.394927979, 286.812866211, 287.230834961, 287.648803711, 288.066741943, 288.484710693, 288.902679443, 289.320617676, 289.738586426, 290.156555176, 290.574493408, 290.980865479, 291.526519775, 292.060577393, 292.59463501, 293.163543701, 293.744018555, 294.359344482, 294.974700928, 295.590026855, 296.205352783, 296.820678711, 297.424407959, 298.028106689, 298.643432617, 299.212341309, 299.769622803, 300.326873779, 300.884155273, 301.441436768, 302.021942139, 302.60244751, 303.194549561, 303.786651611, 304.37878418, 304.97088623, 305.574584961, 306.131866455, 306.665924072, 307.199981689, 307.734039307, 308.268127441, 308.802185059, 309.336242676, 309.870300293, 310.40435791, 310.91519165, 311.43762207, 311.960083008, 312.528961182, 313.086242676, 313.655151367, 314.224029541, 314.792907715, 315.373413086, 315.953918457, 316.534423828, 317.114929199, 317.695404053, 318.287536621, 318.879638672, 319.471740723, 320.063842773, 320.644348145, 321.27130127, 321.886627197, 322.501953125, 323.128875732, 323.755828857, 324.220214844, 324.696228027, 325.172241211, 325.659851074, 326.135864258, 326.611877441, 327.087890625, 327.563903809, 328.028289795, 328.492706299, 328.980316162, 329.456329346, 329.932342529, 330.408325195, 330.884338379, 331.360351562, 331.813140869, 332.277557373, 332.73034668, 333.183135986, 333.635925293, 334.0887146, 334.529876709, 334.971069336, 335.423858643, 335.876647949, 336.341033936, 336.793823242, 337.235015869, 337.780670166, 338.314727783, 338.906829834, 339.498962402, 340.091064453, 340.729614258, 341.379760742, 341.960266113, 342.540771484, 343.109649658, 343.678527832, 344.247436523, 344.816314697, 345.385223389, 345.954101562, 346.511383057, 347.057037354, 347.602722168, 348.160003662, 348.705657959, 349.251342773, 349.79699707, 350.342681885, 350.795471191, 351.259857178, 351.724243164, 352.200256348, 352.664672852, 353.129058838, 353.593475342, 354.057861328, 354.510650635, 354.963439941, 355.393005371, 355.834197998, 356.263763428, 356.693328857, 357.122894287, 357.564086914, 357.993652344, 358.44644165, 358.88760376, 359.340393066, 359.874450684, 360.408508301, 360.942565918, 361.441802979, 361.941040039, 362.4402771, 362.939483643, 363.4503479, 363.949554443, 364.448791504, 364.948028564, 365.435638428, 365.934875488, 366.434112549, 366.933319092, 367.397735596, 367.862121582, 368.338134766, 368.802520752, 369.278533936, 369.742950439, 370.218963623, 370.694946289, 371.170959473, 371.646972656, 372.13458252, 372.610595703, 373.028564453, 373.446533203, 373.864471436, 374.282440186, 374.688781738, 375.095153809, 375.489868164, 375.896240234, 376.302581787, 376.70892334, 377.115264893, 377.602905273, 378.090515137, 378.56652832, 379.030914307, 379.495330811, 379.959716797, 380.424133301, 380.7840271, 381.143951416, 381.503845215, 381.875366211, 382.246887207, 382.630004883, 383.001525879, 383.384674072, 383.814239502, 384.243804932, 384.661773682, 385.079711914, 385.497680664, 385.915649414, 386.333587646, 386.751556396, 387.169525146, 387.587463379, 388.005432129, 388.423400879, 388.841339111, 389.363800049, 389.886260986, 390.408691406, 390.907928467, 391.407165527, 391.906402588, 392.405609131, 392.904846191, 393.392456055, 393.880096436, 394.367706299, 394.855316162, 395.342926025, 395.842163086, 396.329803467, 396.875457764, 397.421112061, 397.966796875, 398.582122803, 399.19744873, 399.894042969, 400.590637207, 401.287261963, 401.972229004, 402.657226562, 403.307373047, 403.957550049, 404.596099854, 405.246246338, 405.89642334, 406.534973145, 407.173492432, 407.812042236, 408.462219238, 408.973052979, 409.483886719, 409.983123779, 410.48236084, 410.981567383, 411.480804443, 411.956817627, 412.432830811, 412.920440674, 413.408050537, 413.895690918, 414.383300781, 414.882537842, 415.381774902, 415.892608643, 416.333770752, 416.774963379, 417.227752686, 417.668914795, 418.110107422, 418.551300049, 419.004058838, 419.468475342, 419.932861328, 420.408874512, 420.884887695, 421.349304199, 421.813690186, 422.278076172, 422.742492676, 423.206878662, 423.682891846, 424.158905029, 424.646514893, 425.157348633, 425.668212891, 426.179046631, 426.794372559, 427.421295166, 428.048248291, 428.675170898, 429.302124023, 429.929077148, 430.555999756, 431.194549561, 431.833099365, 432.46005249, 433.086975098, 433.713928223, 434.32925415, 434.956176758, 435.548278809, 436.12878418, 436.709289551, 437.278167725, 437.858673096, 438.42755127, 438.996459961, 439.565338135, 440.111022949, 440.668304443, 441.22555542, 441.713195801, 442.200805664, 442.676818848, 443.152832031, 443.628845215, 444.104858398, 444.592468262, 445.080078125, 445.567687988, 446.124969482, 446.670654297, 447.216308594, 447.785217285, 448.365692139, 448.93460083, 449.515106201, 450.095581055, 450.676086426, 451.268188477, 451.860321045, 452.440795898, 453.02130127, 453.636627197, 454.251953125, 454.87890625, 455.505828857, 456.144378662, 456.771331787, 457.398254395, 457.909118652, 458.419952393, 458.930786133, 459.395172119, 459.859588623, 460.323974609, 460.799987793, 461.264404297, 461.728790283, 462.19317627, 462.657592773, 463.12197876, 463.586395264, 463.992736816, 464.410705566, 464.828643799, 465.246612549, 465.664581299, 466.082519531, 466.500488281, 466.918457031, 467.324798584, 467.742767334, 468.172332764, 468.601898193, 469.031463623, 469.461029053, 469.890594482, 470.331787109, 470.761352539, 471.179321289, 471.597259521, 472.015228271, 472.433197021, 472.816314697, 473.199432373, 473.582580566, 473.965698242, 474.337219238, 474.708740234, 475.08026123, 475.451782227, 475.823303223, 476.194824219, 476.566345215, 476.937866211, 477.29776001, 477.657684326, 478.017578125, 478.377502441, 478.783843994, 479.190185547, 479.608154297, 480.026123047, 480.444061279, 480.862030029, 481.279998779, 481.697937012, 482.115905762, 482.533874512, 482.951812744, 483.369781494, 483.787750244, 484.205718994, 484.728149414, 485.238983154, 485.761444092, 486.295501709, 486.829559326, 487.363616943, 487.874450684, 488.385284424, 488.896148682, 489.395355225, 489.894592285, 490.393829346, 490.823394775, 491.252960205, 491.682525635, 492.077270508, 492.460388184, 492.855133057, 493.24987793, 493.621398926, 494.004516602, 494.387664795, 494.770782471, 495.165527344, 495.560272217, 495.95501709, 496.419403076, 496.883789062, 497.359802246, 497.82421875, 498.25378418, 498.683349609, 499.124511719, 499.507659912, 499.890777588, 500.273925781, 500.657043457, 501.040161133, 501.411682129, 501.794830322, 502.177947998], "beats_loudness": {"dmean2": 0.0478088222444, "median": 0.0151238413528, "min": 2.19136842006e-09, "dvar2": 0.0121848545969, "dvar": 0.0049867965281, "dmean": 0.0274295378476, "max": 0.73539596796, "var": 0.00710348132998, "mean": 0.0476417243481}, "danceability": 0.993265271187, "bpm_histogram_second_peak_weight": {"dmean2": 0, "median": 0.0694864019752, "min": 0.0694864019752, "dvar2": 0, "dvar": 0, "dmean": 0, "max": 0.0694864019752, "var": 0, "mean": 0.0694864019752}, "beats_count": 994, "bpm_histogram_second_peak_bpm": {"dmean2": 0, "median": 144, "min": 144, "dvar2": 0, "dvar": 0, "dmean": 0, "max": 144, "var": 0, "mean": 144}, "bpm_histogram_first_peak_spread": {"dmean2": 0, "median": 0.675925970078, "min": 0.675925970078, "dvar2": 0, "dvar": 0, "dmean": 0, "max": 0.675925970078, "var": 0, "mean": 0.675925970078}, "beats_loudness_band_ratio": {"dmean2": [0.233344420791, 0.179999426007, 0.125608816743, 0.0168388206512, 0.00387127092108, 0.00132848299108], "median": [0.762531280518, 0.123763725162, 0.0778156965971, 0.0061144977808, 0.000606337562203, 1.07273099275e-05], "min": [0.0297253243625, 0.00192847626749, 0.000835450657178, 0.000252245867159, 4.36925802205e-06, 8.29989161844e-08], "dvar2": [0.0410131365061, 0.0298251453787, 0.0203256290406, 0.000858231156599, 0.000409878004575, 0.000274020072538], "dvar": [0.0152766993269, 0.0102225197479, 0.00818145927042, 0.00032504243427, 0.000281960179564, 0.000147850907524], "dmean": [0.135159760714, 0.103503040969, 0.0726280659437, 0.00980989634991, 0.0024001263082, 0.000758153793868], "max": [0.9945281744, 0.684381008148, 0.852965116501, 0.22924041748, 0.496291100979, 0.311084747314], "var": [0.0356809236109, 0.0179411899298, 0.0180567819625, 0.000478115369333, 0.000539466331247, 0.00103065976873], "mean": [0.72378474474, 0.161796584725, 0.124454297125, 0.0141791924834, 0.00324806803837, 0.00373782147653]}}, "lowlevel": {"barkbands_spread": {"dmean2": 2.26514291763, "median": 3.42960858345, "min": 0.316309481859, "dvar2": 6.40338468552, "dvar": 2.63300037384, "dmean": 1.31048190594, "max": 120.781845093, "var": 133.895126343, "mean": 5.29708194733}, "melbands_spread": {"dmean2": 2.79770088196, "median": 3.65563726425, "min": 0.313923329115, "dvar2": 10.2004795074, "dvar": 4.00106811523, "dmean": 1.62439000607, "max": 141.15852356, "var": 166.458724976, "mean": 5.97237682343}, "hfc": {"dmean2": 4.16837930679, "median": 3.3008813858, "min": 1.09420159495e-16, "dvar2": 44.9820594788, "dvar": 14.1603307724, "dmean": 2.38099503517, "max": 50.2089805603, "var": 59.0784797668, "mean": 6.94344568253}, "barkbands_kurtosis": {"dmean2": 6.92465209961, "median": 3.31537628174, "min": -1.87359166145, "dvar2": 89.0294647217, "dvar": 30.9404983521, "dmean": 3.96477198601, "max": 164.805908203, "var": 57.9080352783, "mean": 5.49657487869}, "gfcc": {"mean": [-244.889678955, 270.243438721, -59.3640022278, -38.2250976562, -5.20835399628, -17.482629776, -17.1748695374, 4.24605941772, -1.9522010088, -14.2938232422, -5.01007604599, -15.017039299, -1.17463362217], "icov": [[0.000359131430741, -0.000244639872108, 0.000472663639812, -0.00053498003399, -5.57863786526e-05, -0.000298939819913, -0.000345672713593, 0.00118657224812, -0.00210195640102, 0.00281460629776, -0.00244080252014, 0.00257895863615, -0.00133666186593], [-0.000244639872108, 0.00341061642393, -0.00149628776126, 0.00309576326981, -0.00133649655618, 0.00470257503912, -0.00405238661915, 0.00623518275097, -0.00517542567104, 0.00777394417673, -0.00523299118504, 0.00378677551635, -0.00157913030125], [0.000472663639812, -0.00149628776126, 0.00338618410751, -0.00250464957207, 0.00147522427142, -0.00439176568761, 0.000462367752334, 0.000708565465175, -0.00351106980816, 0.00426598405465, -0.00262237689458, 0.00213183602318, -0.00124230666552], [-0.00053498003399, 0.00309576326981, -0.00250464957207, 0.00703647406772, -0.00244740024209, 0.00622727815062, -0.00270441570319, 0.000900851562619, 0.00302802841179, -0.000652062590234, 0.00221383292228, -0.0019853876438, -3.4446544305e-05], [-5.57863786526e-05, -0.00133649655618, 0.00147522427142, -0.00244740024209, 0.00586275476962, -0.00284935114905, 0.00324728898704, -0.00158558145631, -0.00077251525363, 0.00271656597033, -0.00134968198836, 0.00169854413252, -0.000311317824526], [-0.000298939819913, 0.00470257503912, -0.00439176568761, 0.00622727815062, -0.00284935114905, 0.0130719887093, -0.0064511699602, 0.0100939879194, -0.0063592591323, 0.00797728728503, -0.00492944894359, 0.00435565132648, -0.00129614456091], [-0.000345672713593, -0.00405238661915, 0.000462367752334, -0.00270441570319, 0.00324728898704, -0.0064511699602, 0.0157415419817, -0.0162759497762, 0.0176530480385, -0.0216511618346, 0.0144354533404, -0.00806268397719, 0.00401082541794], [0.00118657224812, 0.00623518275097, 0.000708565465175, 0.000900851562619, -0.00158558145631, 0.0100939879194, -0.0162759497762, 0.0390467979014, -0.0352270081639, 0.0438518859446, -0.0360276028514, 0.0259042046964, -0.011012644507], [-0.00210195640102, -0.00517542567104, -0.00351106980816, 0.00302802841179, -0.00077251525363, -0.0063592591323, 0.0176530480385, -0.0352270081639, 0.053549952805, -0.06065075472, 0.0458391271532, -0.0323049463332, 0.0124280741438], [0.00281460629776, 0.00777394417673, 0.00426598405465, -0.000652062590234, 0.00271656597033, 0.00797728728503, -0.0216511618346, 0.0438518859446, -0.06065075472, 0.0863004773855, -0.0624294392765, 0.0459215342999, -0.0228043813258], [-0.00244080252014, -0.00523299118504, -0.00262237689458, 0.00221383292228, -0.00134968198836, -0.00492944894359, 0.0144354533404, -0.0360276028514, 0.0458391271532, -0.0624294392765, 0.0598381385207, -0.0427752919495, 0.0232345946133], [0.00257895863615, 0.00378677551635, 0.00213183602318, -0.0019853876438, 0.00169854413252, 0.00435565132648, -0.00806268397719, 0.0259042046964, -0.0323049463332, 0.0459215342999, -0.0427752919495, 0.0492258667946, -0.0212254617363], [-0.00133666186593, -0.00157913030125, -0.00124230666552, -3.4446544305e-05, -0.000311317824526, -0.00129614456091, 0.00401082541794, -0.011012644507, 0.0124280741438, -0.0228043813258, 0.0232345946133, -0.0212254617363, 0.0270146727562]], "cov": [[11390.4667969, 2666.63671875, -510.038909912, -15.9990348816, 1116.64343262, -342.630523682, -160.427276611, 76.12525177, 0.382153570652, -468.334136963, -92.0242385864, -471.873291016, 60.1491737366], [2666.63671875, 1759.14147949, 276.295715332, -407.366760254, 275.655822754, -22.7307891846, -17.7121047974, -79.0689926147, 44.5499458313, -175.120376587, -60.3218536377, -132.516647339, -1.11800062656], [-510.038909912, 276.295715332, 1104.85803223, -237.919326782, -105.260978699, 484.306793213, -7.88380050659, -126.459510803, 120.197929382, -36.777130127, -122.121932983, -7.83502578735, 25.5974407196], [-15.9990348816, -407.366760254, -237.919326782, 543.303039551, 75.4197540283, -256.773132324, 28.9277935028, 76.5633392334, -132.822540283, -46.9755172729, 24.7101612091, 28.4505615234, 3.16520833969], [1116.64343262, 275.655822754, -105.260978699, 75.4197540283, 379.477111816, -64.5965499878, -89.5907974243, 20.1441020966, -32.1464614868, -107.765663147, -16.4278812408, -42.0494308472, -5.68383407593], [-342.630523682, -22.7307891846, 484.306793213, -256.773132324, -64.5965499878, 435.375640869, 0.786837637424, -101.458763123, 92.0426559448, 23.7844486237, -72.2435913086, -14.2087516785, 11.0344152451], [-160.427276611, -17.7121047974, -7.88380050659, 28.9277935028, -89.5907974243, 0.786837637424, 173.282699585, 35.2163162231, -29.093547821, 34.8001403809, 19.5584411621, -12.9626693726, -5.90998411179], [76.12525177, -79.0689926147, -126.459510803, 76.5633392334, 20.1441020966, -101.458763123, 35.2163162231, 117.778457642, -0.978038489819, -0.548515617847, 43.394115448, -3.29005074501, -8.34471988678], [0.382153570652, 44.5499458313, 120.197929382, -132.822540283, -32.1464614868, 92.0426559448, -29.093547821, -0.978038489819, 158.5675354, 72.2267532349, -34.0260810852, -5.82182455063, 28.6595420837], [-468.334136963, -175.120376587, -36.777130127, -46.9755172729, -107.765663147, 23.7844486237, 34.8001403809, -0.548515617847, 72.2267532349, 135.654632568, 47.066280365, 10.7733602524, 8.61738872528], [-92.0242385864, -60.3218536377, -122.121932983, 24.7101612091, -16.4278812408, -72.2435913086, 19.5584411621, 43.394115448, -34.0260810852, 47.066280365, 129.091583252, 36.1873207092, -29.7445430756], [-471.873291016, -132.516647339, -7.83502578735, 28.4505615234, -42.0494308472, -14.2087516785, -12.9626693726, -3.29005074501, -5.82182455063, 10.7733602524, 36.1873207092, 82.3715438843, 13.3672571182], [60.1491737366, -1.11800062656, 25.5974407196, 3.16520833969, -5.68383407593, 11.0344152451, -5.90998411179, -8.34471988678, 28.6595420837, 8.61738872528, -29.7445430756, 13.3672571182, 69.2231826782]]}, "spectral_energyband_middle_low": {"dmean2": 0.00835034716874, "median": 0.00583865586668, "min": 2.67711951494e-22, "dvar2": 0.000168958169525, "dvar": 6.48560380796e-05, "dmean": 0.00511953188106, "max": 0.137189790606, "var": 0.000282738881651, "mean": 0.0138631118461}, "melbands_crest": {"dmean2": 7.57252073288, "median": 16.5689296722, "min": 1.99319970608, "dvar2": 35.5870437622, "dvar": 11.7836751938, "dmean": 4.31798696518, "max": 38.8024215698, "var": 29.1779384613, "mean": 17.198431015}, "spectral_kurtosis": {"dmean2": 86.0930938721, "median": 136.63583374, "min": -1.19143533707, "dvar2": 7366.99267578, "dvar": 2435.54956055, "dmean": 49.2405815125, "max": 732.731262207, "var": 10493.8583984, "mean": 159.925186157}, "spectral_rms": {"dmean2": 0.00229696882889, "median": 0.00416325917467, "min": 3.16179027404e-12, "dvar2": 7.77834793553e-06, "dvar": 2.54010410572e-06, "dmean": 0.00130694231484, "max": 0.029407305643, "var": 1.68534443219e-05, "mean": 0.00556716369465}, "zerocrossingrate": {"dmean2": 0.00277793500572, "median": 0.0107421875, "min": 0.00048828125, "dvar2": 1.78659065568e-05, "dvar": 1.03302827483e-05, "dmean": 0.00195765565149, "max": 0.4921875, "var": 0.00080390489893, "mean": 0.0143739469349}, "silence_rate_60dB": {"dmean2": 0.0467199124396, "median": 0, "min": 0, "dvar2": 0.057569257915, "dvar": 0.022816715762, "dmean": 0.0233588777483, "max": 1, "var": 0.128414139152, "mean": 0.15131790936}, "erbbands_kurtosis": {"dmean2": 2.26461005211, "median": 0.692933559418, "min": -1.79164612293, "dvar2": 7.39416027069, "dvar": 2.71407556534, "dmean": 1.34954404831, "max": 34.9421882629, "var": 6.8516740799, "mean": 1.41730618477}, "erbbands": {"dmean2": [0.485946029425, 3.60116076469, 21.1871795654, 23.4382839203, 10.810292244, 15.5221290588, 8.45533847809, 8.36009788513, 14.0998439789, 18.0811252594, 12.3959321976, 19.6396923065, 15.3602542877, 3.55016875267, 3.01811480522, 1.14639878273, 0.527750551701, 0.649257838726, 0.633391559124, 0.627226293087, 0.252423107624, 0.132926717401, 0.0576270446181, 0.0727882683277, 0.0191758964211, 0.0108625814319, 0.00183341209777, 0.000536579580512, 0.000292937183985, 0.000215144711547, 0.000138600298669, 9.39507808653e-05, 0.000118365605886, 0.000122602999909, 2.89827858069e-05, 1.90385089809e-05, 1.09686761789e-05, 2.50084690379e-06, 1.77311812877e-05, 4.35766596638e-05], "median": [0.0868150815368, 0.9550370574, 3.6963891983, 4.97822093964, 3.3885679245, 3.03986930847, 3.88309144974, 5.34992456436, 6.53093481064, 9.11763000488, 7.30851602554, 6.61536931992, 4.18175697327, 2.40102887154, 1.31244397163, 0.571701467037, 0.264703005552, 0.235426932573, 0.23785854876, 0.154254123569, 0.100944459438, 0.0440232418478, 0.0206358600408, 0.0076844105497, 0.00252946815453, 0.000717085262295, 0.0002113274968, 9.89191685221e-05, 5.97224316152e-05, 3.9455586375e-05, 2.8925604056e-05, 2.54433889495e-05, 2.33152113651e-05, 1.90965365618e-05, 1.44422419908e-05, 1.05812860056e-05, 6.26392511549e-06, 9.67191795098e-07, 8.42180270411e-06, 1.94881795323e-05], "min": [2.18909216743e-23, 2.26666218553e-22, 5.91542301534e-21, 1.83845366316e-20, 1.71523848702e-20, 2.63108623733e-20, 4.80827391562e-20, 5.1477589849e-19, 8.27030789465e-19, 8.31848702942e-19, 1.65907253568e-18, 1.22361674389e-18, 2.56287354421e-18, 2.18999479293e-18, 4.52753461891e-18, 6.02892781488e-18, 2.51049088435e-18, 3.85150223815e-18, 6.55163689243e-18, 9.28270603367e-18, 1.23443943027e-17, 1.04947249816e-17, 1.62792370555e-17, 1.55791775595e-17, 1.71648000757e-17, 1.51423467867e-17, 2.01111297364e-17, 1.48511213084e-17, 1.70079153463e-17, 1.99074960676e-17, 1.75397362319e-17, 1.88081283658e-17, 1.44630180912e-17, 1.05149900794e-17, 9.86571947301e-18, 7.26380796698e-18, 2.4860627933e-18, 1.30365660112e-18, 3.01988132007e-19, 2.74385761201e-20], "dvar2": [2.0546207428, 36.966796875, 1586.54064941, 1838.52880859, 373.133178711, 976.887878418, 185.938262939, 148.97177124, 666.708068848, 805.467407227, 459.287384033, 1621.77404785, 1816.50048828, 42.2418746948, 53.770111084, 7.04765462875, 1.65526032448, 2.50983548164, 2.25361514091, 2.99817085266, 0.577141404152, 0.331999868155, 0.0473644025624, 0.14083006978, 0.00598513660952, 0.0263229720294, 0.000562385132071, 2.24082123168e-05, 6.90909610057e-06, 2.45694604928e-06, 2.86525079218e-07, 1.32265427055e-07, 6.00160944941e-07, 8.07673245617e-07, 3.16406367773e-09, 1.04808828283e-09, 3.35037914079e-10, 7.40519590092e-11, 9.95666771253e-10, 6.10504358178e-09], "dvar": [0.669720172882, 11.5577049255, 464.265533447, 633.836791992, 138.517837524, 446.070770264, 79.3612365723, 53.9154624939, 250.028182983, 295.798370361, 182.330535889, 576.806274414, 624.578918457, 16.2696647644, 22.8043613434, 2.54085898399, 0.912704885006, 1.58955824375, 1.78816914558, 1.15015828609, 0.242983371019, 0.143986046314, 0.0284019671381, 0.0630319491029, 0.00242628715932, 0.0154845388606, 0.000324866501614, 8.73587941896e-06, 3.0694338875e-06, 9.82825099527e-07, 1.49493985191e-07, 6.46710489605e-08, 2.89756485472e-07, 5.03717842548e-07, 1.39908107322e-09, 4.05054184638e-10, 1.27586871623e-10, 3.20771395557e-11, 3.40239975083e-10, 2.05272621123e-09], "dmean": [0.273221164942, 2.00234436989, 11.5721664429, 13.4889001846, 6.49966812134, 10.4571075439, 5.37866544724, 5.01361274719, 8.47582149506, 10.7572698593, 7.49698638916, 11.5705480576, 8.96614837646, 2.14764237404, 1.84355807304, 0.680964410305, 0.331996738911, 0.424899578094, 0.406347364187, 0.373546510935, 0.160001844168, 0.0859457924962, 0.0383950844407, 0.0475452765822, 0.0119748236611, 0.0077895289287, 0.00128349405713, 0.000326431385474, 0.000174409724423, 0.000127148727188, 8.30318385852e-05, 5.51396733499e-05, 7.61596311349e-05, 8.5352374299e-05, 1.73559037648e-05, 1.12077977974e-05, 6.53087590763e-06, 1.44573334637e-06, 1.01372543213e-05, 2.47047046287e-05], "max": [21.5548686981, 50.4015617371, 234.927322388, 305.356872559, 167.897994995, 358.196258545, 155.042678833, 154.997344971, 385.125579834, 353.860443115, 383.266052246, 384.557373047, 564.77947998, 101.688591003, 202.503234863, 56.6165275574, 110.862297058, 274.856964111, 344.816070557, 42.3900299072, 29.2952785492, 36.2754592896, 22.0936069489, 12.0722875595, 1.95428848267, 10.9604501724, 1.5154389143, 0.195296138525, 0.117098070681, 0.0624031312764, 0.0194254107773, 0.0138374697417, 0.0339351333678, 0.0426956750453, 0.0014794038143, 0.000525378505699, 0.000237228028709, 0.000328287307639, 0.000386713334592, 0.000952540896833], "var": [0.862508058548, 16.5265026093, 678.598754883, 1057.48632812, 340.594024658, 1704.70898438, 357.573242188, 112.62588501, 516.454345703, 613.371520996, 484.613891602, 914.523925781, 846.304382324, 38.7772941589, 57.8136672974, 6.57541751862, 12.1427116394, 78.8691482544, 118.144706726, 3.50518774986, 1.7117869854, 1.10311639309, 0.245844259858, 0.201611354947, 0.00632559740916, 0.043230663985, 0.000874647521414, 9.62328067544e-06, 3.34787296197e-06, 9.0803087005e-07, 3.41604646792e-07, 3.11478743242e-07, 2.2475046535e-06, 3.67454254047e-06, 7.02273039721e-09, 1.49804657568e-09, 4.7636744549e-10, 9.26971693849e-11, 9.72355973516e-10, 5.63293456324e-09], "mean": [0.355945646763, 2.69980740547, 14.9338493347, 19.2117214203, 12.3514232635, 22.0692272186, 12.6523752213, 8.88210773468, 13.7310199738, 17.6787834167, 13.4686450958, 17.8710479736, 13.3115177155, 4.38351106644, 3.34692907333, 1.39535522461, 0.875422298908, 1.2462002039, 1.36599206924, 0.821957826614, 0.474993944168, 0.22586363554, 0.108880892396, 0.112807586789, 0.0280680581927, 0.0161403734237, 0.00258744019084, 0.000504263036419, 0.000216444095713, 0.000149556813994, 0.000115927228762, 9.69866232481e-05, 0.000195272776182, 0.000222868315177, 4.06417093473e-05, 2.73745790764e-05, 1.60960807989e-05, 2.7702474199e-06, 2.24345749302e-05, 5.33237143827e-05]}, "spectral_strongpeak": {"dmean2": 0.476924151182, "median": 0.233051598072, "min": 0, "dvar2": 0.432148814201, "dvar": 0.145274445415, "dmean": 0.268810987473, "max": 7.48442