{"tonal": {"thpcp": [1, 0.923059761524, 0.472221106291, 0.291528195143, 0.280647039413, 0.267822653055, 0.293236941099, 0.299263626337, 0.219917416573, 0.17041516304, 0.175683990121, 0.430397897959, 0.812064766884, 0.732267618179, 0.442902177572, 0.331126958132, 0.256613612175, 0.227136254311, 0.265650719404, 0.322152674198, 0.378840774298, 0.635597407818, 0.824322581291, 0.584989547729, 0.340339392424, 0.278321683407, 0.259699821472, 0.287303060293, 0.31552863121, 0.263202309608, 0.199428185821, 0.180445596576, 0.207604244351, 0.368144482374, 0.497668147087, 0.649196982384], "hpcp": {"dmean2": [0.247950360179, 0.188312500715, 0.1627805233, 0.156077563763, 0.158783346415, 0.139193445444, 0.126299619675, 0.126842334867, 0.146423444152, 0.202955946326, 0.2483651191, 0.301115214825, 0.37077075243, 0.351088434458, 0.254842013121, 0.213519737124, 0.217168837786, 0.205471247435, 0.192293792963, 0.168662488461, 0.120508879423, 0.103579610586, 0.111020460725, 0.247597292066, 0.42325335741, 0.310188263655, 0.173766806722, 0.147625997663, 0.122297123075, 0.116562604904, 0.161296099424, 0.216755151749, 0.253503322601, 0.32130497694, 0.376573324203, 0.318870425224], "median": [0.0258514992893, 0.0237322356552, 0.0231719892472, 0.028421683237, 0.0294835977256, 0.0249892286956, 0.0176996774971, 0.0138311227784, 0.0162436924875, 0.0304769556969, 0.0464911945164, 0.0839144438505, 0.130925700068, 0.14562626183, 0.0583750493824, 0.022312682122, 0.0211690980941, 0.0217090379447, 0.028064167127, 0.0307847950608, 0.0214083846658, 0.0158262215555, 0.0148002663627, 0.0362837873399, 0.086135327816, 0.112720683217, 0.0447035878897, 0.0261134114116, 0.0210133884102, 0.0209865700454, 0.020767647773, 0.020760320127, 0.0285419635475, 0.0872194394469, 0.119093537331, 0.0679177343845], "min": [0, 0, 0, 0, 0, 0, 0, 0, 0, 0, 0, 0, 0, 0, 0, 0, 0, 0, 0, 0, 0, 0, 0, 0, 0, 0, 0, 0, 0, 0, 0, 0, 0, 0, 0, 0], "dvar2": [0.167956709862, 0.116068556905, 0.0957176834345, 0.0805399790406, 0.0791112706065, 0.0756391063333, 0.0763814970851, 0.0813845619559, 0.099850602448, 0.118962205946, 0.13236014545, 0.141677394509, 0.201882243156, 0.155691832304, 0.126310542226, 0.136218309402, 0.14121247828, 0.129638493061, 0.114659316838, 0.086396060884, 0.04807876423, 0.0471841841936, 0.0495937429368, 0.0918239951134, 0.258444577456, 0.101192593575, 0.0671007633209, 0.0607313923538, 0.0440634191036, 0.0404216982424, 0.0852716565132, 0.152921438217, 0.1736471802, 0.165501907468, 0.188015952706, 0.180589914322], "dvar": [0.0589306913316, 0.0411473549902, 0.0341242589056, 0.0295697022229, 0.0290786996484, 0.0265522059053, 0.0265173949301, 0.0284799970686, 0.0345087312162, 0.0423794910312, 0.0504035204649, 0.0545417033136, 0.0832164287567, 0.0608908236027, 0.0472312122583, 0.0488112941384, 0.0507462471724, 0.0460144467652, 0.040554702282, 0.0311094094068, 0.0177710969001, 0.0168812908232, 0.0180747918785, 0.0352495312691, 0.0993039235473, 0.0401355400681, 0.0263117179275, 0.022988319397, 0.0171412248164, 0.0160490777344, 0.0308285038918, 0.0552280656993, 0.0634672418237, 0.0612471885979, 0.0717398747802, 0.0648326277733], "dmean": [0.134913623333, 0.103590093553, 0.0905707031488, 0.0882303714752, 0.090053960681, 0.0782520025969, 0.069959320128, 0.0697752758861, 0.0796744599938, 0.113196007907, 0.141365408897, 0.175020068884, 0.208760693669, 0.201378896832, 0.143109440804, 0.115792989731, 0.117199108005, 0.110341161489, 0.104585051537, 0.094431117177, 0.0683215036988, 0.0583538301289, 0.0626780167222, 0.137174114585, 0.231691792607, 0.175409495831, 0.10409257561, 0.086160980165, 0.0704475715756, 0.0680557563901, 0.0900379195809, 0.118427716196, 0.139104828238, 0.180991008878, 0.212916836143, 0.176403775811], "max": [1, 1, 1, 1, 1, 1, 1, 1, 1, 1, 1, 1, 1, 1, 1, 1, 1, 1, 1, 1, 1, 1, 1, 1, 1, 1, 1, 1, 1, 1, 1, 1, 1, 1, 1, 1], "var": [0.0463102385402, 0.031911060214, 0.0287173949182, 0.0298745147884, 0.0370242036879, 0.0275036506355, 0.0205343458802, 0.0203131120652, 0.0240258648992, 0.0433747060597, 0.0637641251087, 0.0709852576256, 0.135701864958, 0.107809752226, 0.0484855398536, 0.0354167819023, 0.0346670970321, 0.0314853265882, 0.0313252806664, 0.0315350219607, 0.0196841545403, 0.0144203230739, 0.0155140962452, 0.0399493165314, 0.115310691297, 0.0719598308206, 0.0500239431858, 0.0394520536065, 0.0255433823913, 0.0204669330269, 0.0309920366853, 0.0488110780716, 0.0559670627117, 0.0683280676603, 0.0998303741217, 0.0701473578811], "mean": [0.110231034458, 0.0901443883777, 0.0841130390763, 0.0930533334613, 0.102195188403, 0.0852474421263, 0.0645919218659, 0.0584437325597, 0.0672400295734, 0.119236707687, 0.161187559366, 0.210265561938, 0.32388561964, 0.298965781927, 0.152945622802, 0.0944217890501, 0.0908975377679, 0.0867439061403, 0.094975233078, 0.0969271883368, 0.0712280869484, 0.0551950186491, 0.0569015182555, 0.139399692416, 0.263016104698, 0.237170949578, 0.143449649215, 0.107247263193, 0.0831134617329, 0.0735661685467, 0.0860404521227, 0.104340620339, 0.122701078653, 0.205860853195, 0.266986221075, 0.189469695091]}, "tuning_equal_tempered_deviation": 0.242004364729, "chords_changes_rate": 0.0481083616614, "key_key": "C#", "tuning_diatonic_strength": 0.722030103207, "key_scale": "major", "chords_number_rate": 0.00186828582082, "tuning_frequency": 434.193115234, "tuning_nontempered_energy_ratio": 0.89964312315, "chords_histogram": [65.8570785522, 5.60485744476, 2.42877149582, 0.1167678684, 0.233535736799, 0.210182160139, 0.490425020456, 0.0233535729349, 2.3820643425, 0, 0, 0, 0, 0, 0, 0.490425020456, 1.93834662437, 2.94255018234, 0, 0.163475006819, 0, 0.163475006819, 5.72162532806, 11.2330684662], "key_strength": 0.786460340023, "chords_key": "C#", "chords_strength": {"dmean2": 0.0114356447011, "median": 0.605344831944, "min": -1, "dvar2": 0.000960077275522, "dvar": 0.00050394324353, "dmean": 0.00995857361704, "max": 0.835378050804, "var": 0.0292078889906, "mean": 0.587406516075}, "chords_scale": "major", "hpcp_entropy": {"dmean2": 1.08970570564, "median": 2.04209947586, "min": 0, "dvar2": 0.760422289371, "dvar": 0.281775861979, "dmean": 0.636641263962, "max": 4.53381729126, "var": 0.537090659142, "mean": 2.03847265244}}, "metadata": {"audio_properties": {"equal_loudness": 0, "codec": "flac", "downmix": "mix", "sample_rate": 44100, "analysis_sample_rate": 44100, "bit_rate": 0, "md5_encoded": "a5873a19f71515dc8c7c8aa77028b53e", "length": 198.78666687, "replay_gain": -14.2184562683, "lossless": true}, "version": {"essentia_build_sha": "2d9f1f26377add8aeb1075a9c2973f962c4f09fd", "essentia": "2.1-beta2", "extractor": "music 1.0", "essentia_git_sha": "v2.1_beta2-1-ge3940c0"}, "tags": {"title": ["Read My Mind (Steve Bays remix)"], "barcode": ["617465156526"], "media": ["CD"], "albumartist": ["David Waxman"], "tracktotal": ["12"], "musicbrainz_releasegroupid": ["85ff43c6-3260-3f68-9bb4-2c360818be76"], "releasetype": ["album", "compilation", "dj-mix"], "musicbrainz_recordingid": ["1a77c909-2dc1-4802-93e4-45ed7b9d5529"], "musicbrainz_albumartistid": ["c2ee87b2-f0de-4d8e-bbf8-f1cc0c193231"], "originalyear": ["2007"], "musicbrainz_releasetrackid": ["646f0ab7-b091-3842-a467-0e23d4344934"], "discnumber": ["1"], "album": ["David Waxman Presents: Ultra Electro 2"], "catalognumber": ["UL 1565-2"], "releasecountry": ["US"], "originaldate": ["2007-08-21"], "albumartistsort": ["Waxman, David"], "date": ["2007-08-21"], "file_name": "def9030f4912b701509a39a25d64.flac", "disctotal": ["2"], "acoustid_id": ["038bdef9-030f-4912-b701-509a39a25d64"], "musicbrainz_artistid": ["95e1ead9-4d31-4808-a7ac-32c3614c116b"], "asin": ["B0010QEQVW"], "musicbrainz_albumid": ["3eb2d309-f234-4d9e-9539-4e9092861fc2"], "tracknumber": ["12"], "artistsort": ["Killers, The"], "artist": ["The Killers"], "label": ["Ultra Records"], "releasestatus": ["official"], "totaldiscs": ["2"], "script": ["Latn"], "totaltracks": ["12"]}}, "rhythm": {"bpm_histogram_first_peak_bpm": {"dmean2": 0, "median": 136, "min": 136, "dvar2": 0, "dvar": 0, "dmean": 0, "max": 136, "var": 0, "mean": 136}, "bpm": 135.024642944, "bpm_histogram_second_peak_spread": {"dmean2": 0, "median": 0, "min": 0, "dvar2": 0, "dvar": 0, "dmean": 0, "max": 0, "var": 0, "mean": 0}, "bpm_histogram_first_peak_weight": {"dmean2": 0, "median": 0.680180191994, "min": 0.680180191994, "dvar2": 0, "dvar": 0, "dmean": 0, "max": 0.680180191994, "var": 0, "mean": 0.680180191994}, "onset_rate": 4.58731174469, "beats_position": [0.417959183455, 0.859138309956, 1.31192743778, 1.764716506, 2.20589566231, 2.6470746994, 3.08825397491, 3.52943301201, 3.97061228752, 4.43501138687, 4.87619018555, 5.31736946106, 5.75854873657, 6.21133756638, 6.66412687302, 7.10530614853, 7.5464849472, 7.98766422272, 8.42884349823, 8.88163280487, 9.32281208038, 9.77560043335, 10.2167797089, 10.6579589844, 11.0991382599, 11.5519275665, 12.0047159195, 12.445895195, 12.8870744705, 13.328253746, 13.7810430527, 14.2338323593, 14.6750106812, 15.1161899567, 15.5573692322, 15.9985485077, 16.4397277832, 16.8925170898, 17.3336963654, 17.786485672, 18.2276649475, 18.6688423157, 19.1100215912, 19.5628108978, 20.0039901733, 20.45677948, 20.8979587555, 21.339138031, 21.7803173065, 22.2447166443, 22.6858959198, 23.1270751953, 23.5682544708, 24.009431839, 24.4506111145, 24.9034004211, 25.3445796967, 25.7973690033, 26.2385482788, 26.6797275543, 27.1209068298, 27.5736961365, 28.014875412, 28.4676647186, 28.9088420868, 29.3500213623, 29.7912006378, 30.2439899445, 30.68516922, 31.1379585266, 31.5791378021, 32.0203170776, 32.4614944458, 32.9142837524, 33.3554649353, 33.8082542419, 34.2494316101, 34.690612793, 35.1317901611, 35.5845794678, 36.0373687744, 36.4785499573, 36.9197273254, 37.3609046936, 37.8136940002, 38.2664833069, 38.7076644897, 39.1488418579, 39.5900230408, 40.0312004089, 40.4723815918, 40.9367790222, 41.3779602051, 41.8191375732, 42.2603149414, 42.7014961243, 43.1426734924, 43.5838546753, 44.0366439819, 44.4894332886, 44.9306106567, 45.3717918396, 45.8245811462, 46.2773704529, 46.718547821, 47.1597251892, 47.6009063721, 48.0420837402, 48.4948730469, 48.9476623535, 49.3888435364, 49.8300209045, 50.2712020874, 50.7123794556, 51.1651687622, 51.6179580688, 52.0591392517, 52.5003166199, 52.941493988, 53.3942832947, 53.8354644775, 54.2882537842, 54.7294311523, 55.1706123352, 55.6117897034, 56.0529708862, 56.5057601929, 56.9585494995, 57.3997268677, 57.8409042358, 58.2820854187, 58.7232627869, 59.1644439697, 59.6288414001, 60.070022583, 60.5111999512, 60.952381134, 61.3935585022, 61.8347396851, 62.2875289917, 62.7403144836, 63.1814956665, 63.6226730347, 64.0638504028, 64.5050354004, 64.957824707, 65.4106140137, 65.8517913818, 66.29296875, 66.7341461182, 67.1869354248, 67.6397247314, 68.0809020996, 68.5220870972, 68.9632644653, 69.4044418335, 69.8572311401, 70.3100204468, 70.7511978149, 71.1923828125, 71.6335601807, 72.0747375488, 72.515914917, 72.9803161621, 73.4214935303, 73.8626708984, 74.303855896, 74.7450332642, 75.1978225708, 75.6506118774, 76.0917892456, 76.5329666138, 76.9741516113, 77.4153289795, 77.8565063477, 78.3092956543, 78.7620849609, 79.2032623291, 79.6444396973, 80.1088409424, 80.5500183105, 80.9912033081, 81.4323806763, 81.8735580444, 82.3147354126, 82.7791366577, 83.2203140259, 83.661491394, 84.1026763916, 84.5438537598, 84.9966430664, 85.449432373, 85.8906097412, 86.3317871094, 86.7729721069, 87.2141494751, 87.6553268433, 88.1081161499, 88.5609054565, 89.0020828247, 89.4432601929, 89.8844451904, 90.3256225586, 90.7900238037, 91.2312011719, 91.67237854, 92.1135559082, 92.5663452148, 93.0075302124, 93.460319519, 93.9014968872, 94.3426742554, 94.7838516235, 95.2250289917, 95.6662139893, 96.130607605, 96.5717926025, 97.0129699707, 97.4541473389, 97.9069366455, 98.3481140137, 98.8009033203, 99.2420806885, 99.683265686, 100.124443054, 100.565620422, 101.006797791, 101.471199036, 101.912376404, 102.353561401, 102.79473877, 103.235916138, 103.688705444, 104.141494751, 104.582672119, 105.023849487, 105.465034485, 105.906211853, 106.347389221, 106.788566589, 107.241355896, 107.694145203, 108.1353302, 108.576507568, 109.017684937, 109.470474243, 109.911651611, 110.364440918, 110.805618286, 111.246803284, 111.687980652, 112.152381897, 112.593559265, 113.034736633, 113.475914001, 113.917098999, 114.358276367, 114.822669983, 115.26385498, 115.705032349, 116.146209717, 116.587387085, 117.028572083, 117.481361389, 117.934150696, 118.375328064, 118.816505432, 119.2576828, 119.698867798, 120.140045166, 120.581222534, 121.034011841, 121.486801147, 121.927978516, 122.380767822, 122.833557129, 123.274734497, 123.715919495, 124.157096863, 124.598274231, 125.039451599, 125.503852844, 125.945030212, 126.386207581, 126.827392578, 127.280181885, 127.721359253, 128.17414856, 128.615325928, 129.056503296, 129.497680664, 129.938858032, 130.391647339, 130.844436646, 131.285614014, 131.726806641, 132.167984009, 132.609161377, 133.061950684, 133.51473999, 133.955917358, 134.397094727, 134.838272095, 135.291061401, 135.73223877, 136.185028076, 136.626205444, 137.067382813, 137.508575439, 137.949752808, 138.390930176, 138.832107544, 139.273284912, 139.71446228, 140.155639648, 140.620040894, 141.0728302, 141.525619507, 141.966796875, 142.407974243, 142.849151611, 143.301940918, 143.743133545, 144.195922852, 144.63710022, 145.078277588, 145.519454956, 145.972244263, 146.413421631, 146.866210938, 147.307388306, 147.748565674, 148.189743042, 148.63092041, 149.072113037, 149.524902344, 149.97769165, 150.430480957, 150.883255005, 151.324447632, 151.765625, 152.206802368, 152.647979736, 153.089157104, 153.541946411, 153.994735718, 154.435913086, 154.877090454, 155.318267822, 155.759460449, 156.200637817, 156.641815186, 157.094604492, 157.547393799, 158.000183105, 158.452972412, 158.882537842, 159.335327148, 159.776504517, 160.217681885, 160.658859253, 161.100036621, 161.541213989, 161.994003296, 162.435195923, 162.887985229, 163.329162598, 163.770339966, 164.211517334, 164.664306641, 165.105484009, 165.558273315, 165.999450684, 166.440628052, 166.893417358, 167.346206665, 167.787384033, 168.228561401, 168.669754028, 169.110931396, 169.552108765, 170.004898071, 170.457687378, 170.898864746, 171.340042114, 171.781219482, 172.234008789, 172.686798096, 173.127975464, 173.569152832, 174.0103302, 174.451522827, 174.904312134, 175.35710144, 175.798278809, 176.239456177, 176.680633545, 177.121810913, 177.57460022, 178.027389526, 178.468566895, 178.909744263, 179.350921631, 179.792098999, 180.244888306, 180.697677612, 181.138870239, 181.580047607, 182.021224976, 182.462402344, 182.91519165, 183.367980957, 183.809158325, 184.250335693, 184.691513062, 185.13269043, 185.585479736, 186.038269043, 186.479446411, 186.920639038, 187.361816406, 187.802993774, 188.255783081, 188.708572388, 189.149749756, 189.590927124, 190.032104492, 190.47328186, 190.926071167, 191.378860474, 191.820037842, 192.26121521, 192.702392578, 193.143585205, 193.584762573, 194.025939941, 194.46711731, 194.931518555, 195.3959198, 195.860321045, 196.324707031, 196.789108276, 197.276733398, 197.764343262, 198.251968384], "beats_loudness": {"dmean2": 0.0602724812925, "median": 0.0691508874297, "min": 0, "dvar2": 0.00228368327953, "dvar": 0.000714177615009, "dmean": 0.0341035462916, "max": 0.169147416949, "var": 0.0010746687185, "mean": 0.0721979439259}, "danceability": 1.31106138229, "bpm_histogram_second_peak_weight": {"dmean2": 0, "median": 0.0427927933633, "min": 0.0427927933633, "dvar2": 0, "dvar": 0, "dmean": 0, "max": 0.0427927933633, "var": 0, "mean": 0.0427927933633}, "beats_count": 445, "bpm_histogram_second_peak_bpm": {"dmean2": 0, "median": 129, "min": 129, "dvar2": 0, "dvar": 0, "dmean": 0, "max": 129, "var": 0, "mean": 129}, "bpm_histogram_first_peak_spread": {"dmean2": 0, "median": 0.284360200167, "min": 0.284360200167, "dvar2": 0, "dvar": 0, "dmean": 0, "max": 0.284360200167, "var": 0, "mean": 0.284360200167}, "beats_loudness_band_ratio": {"dmean2": [0.667276620865, 0.0573598220944, 0.0828355103731, 0.188807696104, 0.197500765324, 0.307014375925], "median": [0.647292613983, 0.0197128150612, 0.0341785624623, 0.0963858962059, 0.0932573005557, 0.0480002686381], "min": [0, 0, 0, 0, 0, 0], "dvar2": [0.143353626132, 0.00481820572168, 0.00715137459338, 0.0261610671878, 0.0176463555545, 0.026438312605], "dvar": [0.0460413098335, 0.00156694161706, 0.00251007988118, 0.0088751912117, 0.00537827285007, 0.00783014763147], "dmean": [0.337418526411, 0.030992006883, 0.0463617108762, 0.105342186987, 0.104786671698, 0.154078871012], "max": [0.992685735226, 0.378913193941, 0.328297406435, 0.867476582527, 0.442249596119, 0.544979333878], "var": [0.0675259232521, 0.00140778336208, 0.00257777119987, 0.0154994539917, 0.00714159570634, 0.0101873902604], "mean": [0.586826205254, 0.0315081141889, 0.0499121546745, 0.129883393645, 0.108311139047, 0.0993108600378]}}, "lowlevel": {"barkbands_spread": {"dmean2": 14.2057504654, "median": 30.8613815308, "min": 0.201716437936, "dvar2": 200.800827026, "dvar": 85.0592727661, "dmean": 8.86980819702, "max": 121.480010986, "var": 272.058685303, "mean": 31.2732696533}, "melbands_spread": {"dmean2": 19.0394515991, "median": 31.3595733643, "min": 0.19480022788, "dvar2": 356.435241699, "dvar": 149.133346558, "dmean": 11.8190793991, "max": 159.181732178, "var": 572.389587402, "mean": 35.1925125122}, "hfc": {"dmean2": 19.2898788452, "median": 32.8187980652, "min": 1.08380638311e-16, "dvar2": 561.061218262, "dvar": 284.360137939, "dmean": 12.9974851608, "max": 174.906829834, "var": 744.466369629, "mean": 38.5056533813}, "barkbands_kurtosis": {"dmean2": 9.8100566864, "median": 0.137292206287, "min": -1.91034817696, "dvar2": 1386.51867676, "dvar": 493.661987305, "dmean": 5.65580701828, "max": 610.231567383, "var": 807.130737305, "mean": 6.18355226517}, "gfcc": {"mean": [23.3254165649, 49.3316612244, -125.44733429, 23.4122638702, -32.7662963867, 26.5505161285, -21.8329639435, 17.1400165558, -15.3911619186, 8.08194255829, -7.75741910934, 2.92765188217, -6.86503744125], "icov": [[9.03009058675e-05, -4.73000181955e-05, 8.37524494273e-05, -0.000114454218419, 5.76551865379e-05, -0.000289261573926, 0.000290576397674, -0.000423031946411, 0.000402073463192, -0.0003699552326, 0.000411117216572, -0.000335238495609, 0.000278665858787], [-4.73000181955e-05, 0.00112943374552, 0.000138454081025, -0.000546573777683, -0.000566949136555, 0.000475893059047, -0.000651034933981, 6.46519547445e-05, -0.000467626086902, 0.000941275211517, -0.00173401820939, 0.00175588438287, -0.000518145971], [8.37524494273e-05, 0.000138454081025, 0.00121933582705, -0.000722037977539, -0.000663584738504, 0.000265422917437, -0.000732101034373, 0.000389119697502, -0.000515021325555, -0.00012510731176, 0.000581669795793, -0.0011094751535, 0.00145121116657], [-0.000114454218419, -0.000546573777683, -0.000722037977539, 0.00320019153878, -0.00048479475663, -0.00108036526944, 0.00100736459717, -0.000549973279703, 0.000191915460164, -0.000585062021855, 0.000588653318118, 0.000199364149012, -0.00211560353637], [5.76551865379e-05, -0.000566949136555, -0.000663584738504, -0.00048479475663, 0.00466364389285, -0.000671502843034, -0.00074740377022, -0.00019083287043, -0.00154507171828, -0.000642681261525, 0.000541190442163, 6.627044786e-05, -0.00129254790954], [-0.000289261573926, 0.000475893059047, 0.000265422917437, -0.00108036526944, -0.000671502843034, 0.00736751873046, -0.00397766754031, 0.00161433836911, -0.00193124625366, 0.000252156285569, -0.00188812345732, -0.000613811600488, 0.00090442301007], [0.000290576397674, -0.000651034933981, -0.000732101034373, 0.00100736459717, -0.00074740377022, -0.00397766754031, 0.00944218691438, -0.00610126694664, 0.00460305763409, -0.00186260626651, -0.000494611624163, 0.000337616947945, 0.000515065039508], [-0.000423031946411, 6.46519547445e-05, 0.000389119697502, -0.000549973279703, -0.00019083287043, 0.00161433836911, -0.00610126694664, 0.0151846576482, -0.00892637111247, 0.00276920059696, -0.00168190349359, 0.000444085657364, -0.00113955268171], [0.000402073463192, -0.000467626086902, -0.000515021325555, 0.000191915460164, -0.00154507171828, -0.00193124625366, 0.00460305763409, -0.00892637111247, 0.0166071783751, -0.00752731785178, 0.00217353575863, 0.00020443048561, -0.00149340054486], [-0.0003699552326, 0.000941275211517, -0.00012510731176, -0.000585062021855, -0.000642681261525, 0.000252156285569, -0.00186260626651, 0.00276920059696, -0.00752731785178, 0.0167900901288, -0.00680403178558, 0.00266168033704, -0.00114010134712], [0.000411117216572, -0.00173401820939, 0.000581669795793, 0.000588653318118, 0.000541190442163, -0.00188812345732, -0.000494611624163, -0.00168190349359, 0.00217353575863, -0.00680403178558, 0.0171040352434, -0.008798497729, 0.00258956197649], [-0.000335238495609, 0.00175588438287, -0.0011094751535, 0.000199364149012, 6.627044786e-05, -0.000613811600488, 0.000337616947945, 0.000444085657364, 0.00020443048561, 0.00266168033704, -0.008798497729, 0.0204636156559, -0.00894009321928], [0.000278665858787, -0.000518145971, 0.00145121116657, -0.00211560353637, -0.00129254790954, 0.00090442301007, 0.000515065039508, -0.00113955268171, -0.00149340054486, -0.00114010134712, 0.00258956197649, -0.00894009321928, 0.0196789521724]], "cov": [[21187.8730469, 37.8818893433, -1302.33483887, 836.45111084, -306.513793945, 673.07623291, -278.391723633, 307.080108643, -158.178146362, 202.732208252, -196.067687988, 156.598876953, -42.3855209351], [37.8818893433, 1724.421875, 218.420761108, 443.583465576, 427.774719238, 144.10194397, 253.473724365, 205.394195557, 170.70715332, 81.3402328491, 148.901306152, -61.8234786987, 73.1687164307], [-1302.33483887, 218.420761108, 1495.13720703, 381.671081543, 413.917724609, 123.076339722, 219.431930542, 100.678192139, 160.229507446, 87.5731735229, 40.9915161133, 41.6560745239, 7.34718513489], [836.45111084, 443.583465576, 381.671081543, 647.888000488, 279.258575439, 162.686294556, 88.4526443481, 123.596748352, 125.61403656, 87.9577484131, 34.0359230042, 26.3893737793, 79.1862030029], [-306.513793945, 427.774719238, 413.917724609, 279.258575439, 480.83291626, 135.103378296, 162.924240112, 129.791915894, 151.823669434, 88.5586090088, 57.6032562256, 12.2049674988, 58.3428344727], [673.07623291, 144.10194397, 123.076339722, 162.686294556, 135.103378296, 273.872070313, 144.85218811, 82.0247192383, 60.2169837952, 63.5066413879, 57.4143676758, 29.2568302155, 13.9072322845], [-278.391723633, 253.473724365, 219.431930542, 88.4526443481, 162.924240112, 144.85218811, 275.404083252, 115.359535217, 51.8693237305, 50.1385993958, 67.8989715576, 7.47743463516, 8.76242828369], [307.080108643, 205.394195557, 100.678192139, 123.596748352, 129.791915894, 82.0247192383, 115.359535217, 171.744400024, 102.24571228, 50.4183197021, 38.5941696167, 9.55687999725, 28.5468635559], [-158.178146362, 170.70715332, 160.229507446, 125.61403656, 151.823669434, 60.2169837952, 51.8693237305, 102.24571228, 167.349258423, 75.4450149536, 31.1647834778, 6.07106733322, 35.9183731079], [202.732208252, 81.3402328491, 87.5731735229, 87.9577484131, 88.5586090088, 63.5066413879, 50.1385993958, 50.4183197021, 75.4450149536, 115.424133301, 48.2064208984, 13.1004657745, 18.7945919037], [-196.067687988, 148.901306152, 40.9915161133, 34.0359230042, 57.6032562256, 57.4143676758, 67.8989715576, 38.5941696167, 31.1647834778, 48.2064208984, 117.40940094, 35.9154510498, 14.9599018097], [156.598876953, -61.8234786987, 41.6560745239, 26.3893737793, 12.2049674988, 29.2568302155, 7.47743463516, 9.55687999725, 6.07106733322, 13.1004657745, 35.9154510498, 86.7446212769, 31.6359100342], [-42.3855209351, 73.1687164307, 7.34718513489, 79.1862030029, 58.3428344727, 13.9072322845, 8.76242828369, 28.5468635559, 35.9183731079, 18.7945919037, 14.9599018097, 31.6359100342, 82.1484146118]]}, "spectral_energyband_middle_low": {"dmean2": 0.00520269526169, "median": 0.00341112422757, "min": 1.73805217274e-22, "dvar2": 9.94819638436e-05, "dvar": 3.54728472303e-05, "dmean": 0.00300855492242, "max": 0.0589559040964, "var": 3.00131978292e-05, "mean": 0.0048337043263}, "melbands_crest": {"dmean2": 7.06423807144, "median": 20.2635593414, "min": 1.65413022041, "dvar2": 44.2603569031, "dvar": 17.7058506012, "dmean": 4.36716365814, "max": 36.5181884766, "var": 64.6824188232, "mean": 19.6888103485}, "spectral_kurtosis": {"dmean2": 2.37019109726, "median": 4.58763313293, "min": -1.28099048138, "dvar2": 9.83594036102, "dvar": 4.0141787529, "dmean": 1.50312912464, "max": 78.4711227417, "var": 9.8725976944, "mean": 5.0077829361}, "spectral_rms": {"dmean2": 0.00223879003897, "median": 0.00631066504866, "min": 3.11083277194e-12, "dvar2": 6.41768792775e-06, "dvar": 2.37144581661e-06, "dmean": 0.00138506887015, "max": 0.0151927676052, "var": 6.38341680315e-06, "mean": 0.00656937947497}, "zerocrossingrate": {"dmean2": 0.018298426643, "median": 0.06591796875, "min": 0.001953125, "dvar2": 0.000295108475257, "dvar": 0.000231924845139, "dmean": 0.0150618972257, "max": 0.52294921875, "var": 0.00349015579559, "mean": 0.0760650187731}, "silence_rate_60dB": {"dmean2": 0.00350426346995, "median": 0, "min": 0, "dvar2": 0.00419217394665, "dvar": 0.00174869259354, "dmean": 0.00175192707684, "max": 1, "var": 0.0241448841989, "mean": 0.0247576776892}, "erbbands_kurtosis": {"dmean2": 2.01465249062, "median": 0.806112885475, "min": -1.70985889435, "dvar2": 6.59898376465, "dvar": 2.71858167648, "dmean": 1.2582859993, "max": 35.0970458984, "var": 6.16536855698, "mean": 1.47872698307}, "erbbands": {"dmean2": [1.22757792473, 5.34716367722, 4.03057718277, 4.74249315262, 5.93823003769, 4.49904870987, 4.56527090073, 5.77177000046, 6.79363584518, 7.75726938248, 13.0986204147, 31.573764801, 27.6750717163, 28.0992584229, 59.2944564819, 54.7463302612, 75.9685897827, 82.83568573, 74.0438461304, 44.7858123779, 56.6353225708, 40.0188751221, 25.7487888336, 24.9486064911, 21.1149997711, 16.8914546967, 10.913236618, 9.95769405365, 9.03163433075, 9.89029693604, 12.5825157166, 7.38472032547, 4.11526584625, 2.03260993958, 1.29158651829, 0.678090035915, 0.306787878275, 0.0908019542694, 0.0168193038553, 0.000903406995349], "median": [0.496502816677, 3.19774079323, 1.15680003166, 0.438168913126, 0.916362345219, 1.13298153877, 1.80202150345, 1.9900496006, 2.04504799843, 3.63554000854, 6.53671503067, 14.663392067, 16.3633155823, 13.9328126907, 34.1780090332, 30.9590091705, 35.8087768555, 41.8432540894, 59.4763183594, 34.2385215759, 38.9704666138, 32.829334259, 24.0792789459, 26.1303577423, 23.3532390594, 15.5249462128, 9.97870349884, 5.52170276642, 4.56499195099, 3.14933824539, 2.84802269936, 1.86701703072, 1.46599650383, 0.696071326733, 0.329728871584, 0.134437248111, 0.0436006486416, 0.008789495565, 0.00107005587779, 0.000132525747176], "min": [8.33073971495e-23, 3.8148207709e-22, 1.52840742682e-21, 8.23931989944e-21, 1.47882299781e-20, 1.88988329463e-20, 3.89397179752e-20, 3.68737794654e-20, 1.24517462162e-19, 1.47488616739e-19, 2.79464520915e-19, 3.09500844824e-19, 4.64380643453e-19, 3.0226787415e-19, 7.00981233712e-19, 1.36413942712e-18, 1.45036907687e-18, 1.97461577978e-18, 2.25122187469e-18, 2.96564081255e-18, 3.10175689787e-18, 4.91207434207e-18, 4.88072212891e-18, 5.78686126683e-18, 6.28251822963e-18, 6.74769069173e-18, 9.56748281188e-18, 8.91620960121e-18, 1.15964981246e-17, 1.05831803676e-17, 1.10463783495e-17, 1.06421384929e-17, 8.15905561778e-18, 8.84266331859e-18, 6.94029597505e-18, 4.14736695887e-18, 2.48822090752e-18, 1.07171153844e-18, 2.38792877376e-19, 2.807029977e-20], "dvar2": [3.52975034714, 75.6583938599, 85.5249710083, 162.044128418, 247.69241333, 111.666152954, 83.944190979, 110.845939636, 246.980117798, 251.417236328, 598.799194336, 3562.35009766, 2238.14355469, 7724.37011719, 10623.2324219, 12847.1933594, 19773.2871094, 31773.9707031, 13387.2724609, 5221.05712891, 9891.82128906, 4110.69433594, 1339.2355957, 1233.89782715, 797.91192627, 603.76739502, 249.979705811, 247.589065552, 201.486312866, 325.419799805, 817.047119141, 242.317626953, 57.9066314697, 11.3335618973, 5.90929079056, 1.83523714542, 0.539954423904, 0.0661436095834, 0.00278159533627, 6.84718997945e-06], "dvar": [1.21931862831, 26.6362533569, 31.4100208282, 56.776714325, 86.4668655396, 41.5881195068, 30.5675010681, 41.6915206909, 89.5838012695, 106.232208252, 238.446502686, 1535.67126465, 909.24017334, 2496.79931641, 4049.84960938, 4889.60253906, 7740.98193359, 12203.1357422, 5623.60595703, 2185.58886719, 3864.95947266, 1732.14697266, 591.081665039, 576.389648438, 373.949157715, 299.755401611, 137.762069702, 132.322799683, 96.2048721313, 138.924835205, 298.15625, 91.4365921021, 24.2769012451, 5.70816898346, 3.12342119217, 0.934330463409, 0.255533128977, 0.029906667769, 0.00118237442803, 2.85377791442e-06], "dmean": [0.722665190697, 3.13761544228, 2.33160877228, 2.55946564674, 3.28914213181, 2.60489797592, 2.69299006462, 3.43088912964, 3.99103927612, 4.89818906784, 8.24860477448, 20.196685791, 17.3445281982, 16.8198490143, 36.109752655, 33.4441375732, 47.451385498, 51.4734916687, 46.8336830139, 28.2754364014, 34.9093589783, 24.8335227966, 16.3785381317, 16.175945282, 13.9490556717, 11.3834600449, 7.41801309586, 6.81421041489, 5.9824795723, 6.33685922623, 7.5546836853, 4.56660223007, 2.68061804771, 1.40897154808, 0.922490000725, 0.465322971344, 0.211609467864, 0.0608599409461, 0.0110380789265, 0.000575897924136], "max": [9.6143989563, 48.1463546753, 120.854019165, 88.0969161987, 104.910636902, 80.0605773926, 86.6482391357, 103.970626831, 130.467758179, 262.027984619, 278.105834961, 905.600646973, 780.022949219, 2077.14575195, 1156.23779297, 1428.58447266, 1780.99169922, 2131.2668457, 1230.33911133, 1268.49682617, 1364.82275391, 1081.89233398, 476.721221924, 416.127655029, 262.16494751, 295.939880371, 232.067108154, 133.770706177, 116.47467041, 123.395362854, 219.513793945, 93.4920425415, 62.0445861816, 33.8727760315, 26.7781105042, 15.0251789093, 6.1437869072, 2.26238274574, 0.464289367199, 0.0239279586822], "var": [2.07459926605, 33.2766113281, 25.0571937561, 34.1682052612, 53.88646698, 32.2295341492, 31.8310642242, 53.2333526611, 97.3871765137, 195.835617065, 482.619049072, 3247.57519531, 2008.30529785, 3528.13110352, 8471.84570313, 7040.33447266, 14325.9921875, 22719.6894531, 13035.3271484, 6218.2109375, 10695.5117188, 5016.36083984, 1294.37182617, 1178.47619629, 905.889831543, 768.114807129, 335.03237915, 251.510650635, 174.163894653, 176.05090332, 245.805038452, 91.4594421387, 38.6369590759, 12.5385036469, 6.50249147415, 1.74116039276, 0.382301777601, 0.0369181148708, 0.00126427423675, 3.0706914913e-06], "mean": [1.0969979763, 4.56134462357, 2.54108834267, 1.9636015892, 2.86121630669, 2.77528572083, 3.6276717186, 4.46751403809, 5.20418453217, 7.95017004013, 14.3016471863, 33.5723152161, 31.1590633392, 27.4170284271, 64.6912765503, 55.2381477356, 78.856628418, 88.7382583618, 90.8960266113, 57.9431152344, 70.5355606079, 51.9444198608, 34.0278244019, 33.7756843567, 30.7503509521, 24.3611221313, 15.400724411, 10.8581781387, 9.29116535187, 8.36481189728, 8.57932090759, 5.64508628845, 3.97703886032, 2.09739470482, 1.2690372467, 0.621091425419, 0.266329675913, 0.0708049535751, 0.0120142921805, 0.000671918154694]}, "spectral_strongpeak": {"dmean2": 1.12747061253, "median": 0.413771033287, "min": 0, "dvar2": 4.33148765564, "dvar": 1.69039690495, "dmean": 0.63650316, "max": 13.431927681, "var": 2.0585064888, "mean": 0.882953047752}, "spectral_energy": {"dmean2": 0.0357399508357, "median": 0.0408201031387, "min": 9.91921305582e-21, "dvar2": 0.00217837980017, "dvar": 0.00077260035323, "dmean": 0.0216194652021, "max": 0.236590698361, "var": 0.00134918303229, "mean": 0.0507786013186}, "average_loudness": 0.951469898224, "spectral_rolloff": {"dmean2": 1325.87194824, "median": 1679.58984375, "min": 21.533203125, "dvar2": 3957795, "dvar": 1611590.375, "dmean": 785.223632813, "max": 19616.7480469, "var": 5580234.5, "mean": 2079.50585938}, "spectral_centroid": {"dmean2": 395.524047852, "median": 2083.95800781, "min": 115.185783386, "dvar2": 178543.46875, "dvar": 84874.859375, "dmean": 256.954284668, "max": 11751.9990234, "var": 1139448.875, "mean": 2121.92431641}, "pitch_salience": {"dmean2": 0.148095831275, "median": 0.427098184824, "min": 0.0353401936591, "dvar2": 0.0196618810296, "dvar": 0.00744028482586, "dmean": 0.0901579409838, "max": 0.852334678173, "var": 0.0259091854095, "mean": 0.430875897408}, "spectral_energyband_middle_high": {"dmean2": 0.00555356498808, "median": 0.0106372386217, "min": 1.0552802103e-21, "dvar2": 4.25112848461e-05, "dvar": 1.78166555997e-05, "dmean": 0.00359915266745, "max": 0.0680842623115, "var": 7.39780371077e-05, "mean": 0.0121107120067}, "spectral_contrast_coeffs": {"dmean2": [0.0816642045975, 0.0783976465464, 0.070111900568, 0.0579104013741, 0.0391585938632, 0.0320444628596], "median": [-0.715662181377, -0.753465533257, -0.743041038513, -0.738491296768, -0.761437535286, -0.766398727894], "min": [-0.980024635792, -0.980118453503, -0.984403967857, -0.983883261681, -0.981666684151, -0.980335891247], "dvar2": [0.00448533240706, 0.00387220922858, 0.00310136866756, 0.00211558584124, 0.00101444288157, 0.000826833304018], "dvar": [0.00171108846553, 0.0015121436445, 0.00119748583529, 0.000869974610396, 0.000414161215303, 0.000342745624948], "dmean": [0.0499084815383, 0.0482396967709, 0.0430812127888, 0.0359339304268, 0.0240823142231, 0.0203385930508], "max": [-0.292912811041, -0.390472412109, -0.454483777285, -0.501784920692, -0.543560624123, -0.636801183224], "var": [0.00822344888002, 0.00651255995035, 0.00609413580969, 0.00433266861364, 0.00219824840315, 0.00162405194715], "mean": [-0.703145682812, -0.744563937187, -0.738822102547, -0.738008856773, -0.761674046516, -0.773186385632]}, "melbands_skewness": {"dmean2": 1.80506622791, "median": 1.95587038994, "min": -2.12879753113, "dvar2": 4.76908826828, "dvar": 1.8527841568, "dmean": 1.12896573544, "max": 25.132642746, "var": 6.91631174088, "mean": 2.62352848053}, "spectral_spread": {"dmean2": 1201027.25, "median": 4275326, "min": 1155960.5, "dvar2": 2428897329150.0, "dvar": 1171868745730.0, "dmean": 826559, "max": 42896052, "var": 15739487518700.0, "mean": 5019236.5}, "dissonance": {"dmean2": 0.0261152759194, "median": 0.482810020447, "min": 0.175845742226, "dvar2": 0.000764072057791, "dvar": 0.000278546416666, "dmean": 0.0153408451006, "max": 0.500000059605, "var": 0.000583619228564, "mean": 0.475578606129}, "spectral_skewness": {"dmean2": 0.306513279676, "median": 1.57395541668, "min": -0.0711782053113, "dvar2": 0.102888785303, "dvar": 0.044036872685, "dmean": 0.196192875504, "max": 7.0758433342, "var": 0.176026627421, "mean": 1.59812307358}, "spectral_flux": {"dmean2": 0.0597126074135, "median": 0.105872534215, "min": 6.34309757497e-11, "dvar2": 0.00397842517123, "dvar": 0.00173936376814, "dmean": 0.0379040949047, "max": 0.408820539713, "var": 0.00371981668286, "mean": 0.118259914219}, "spectral_contrast_valleys": {"dmean2": [0.768142938614, 0.68798828125, 0.537285506725, 0.459620505571, 0.368158519268, 0.576647102833], "median": [-7.0940322876, -7.10108661652, -6.94453907013, -7.0386095047, -6.95225954056, -9.55771160126], "min": [-28.0749492645, -28.1953983307, -27.8125572205, -27.8432216644, -27.546459198, -27.4386844635], "dvar2": [0.539248347282, 0.400477647781, 0.211458384991, 0.175250902772, 0.147051557899, 0.487423211336], "dvar": [0.25694590807, 0.16145837307, 0.0953383073211, 0.0888557508588, 0.0887116715312, 0.24719119072], "dmean": [0.483132213354, 0.417774409056, 0.339401125908, 0.297890335321, 0.254746645689, 0.426261484623], "max": [-4.94962120056, -5.04823255539, -5.45354413986, -5.47412967682, -5.39924478531, -7.61736631393], "var": [6.25334453583, 4.9896402359, 4.9438867569, 4.91514253616, 4.99104166031, 4.33727550507], "mean": [-7.69072437286, -7.43285036087, -7.28275585175, -7.38686084747, -7.32307767868, -9.80569076538]}, "erbbands_flatness_db": {"dmean2": 0.0346012786031, "median": 0.149135544896, "min": 0.0305743906647, "dvar2": 0.00107482937165, "dvar": 0.000510194338858, "dmean": 0.0230846051127, "max": 0.431559920311, "var": 0.00236981501803, "mean": 0.152771309018}, "spectral_energyband_high": {"dmean2": 0.00149123265874, "median": 0.000873626966495, "min": 7.14451404699e-21, "dvar2": 5.76193542656e-06, "dvar": 2.74933722721e-06, "dmean": 0.00102301954757, "max": 0.0162091907114, "var": 5.10804238729e-06, "mean": 0.00174042442814}, "spectral_entropy": {"dmean2": 0.254586100578, "median": 7.80551433563, "min": 5.30379486084, "dvar2": 0.0760867744684, "dvar": 0.0376360751688, "dmean": 0.173271805048, "max": 9.82715320587, "var": 0.193166583776, "mean": 7.79994440079}, "silence_rate_20dB": {"dmean2": 0, "median": 1, "min": 1, "dvar2": 0, "dvar": 0, "dmean": 0, "max": 1, "var": 0, "mean": 1}, "melbands_flatness_db": {"dmean2": 0.0579608567059, "median": 0.181427434087, "min": 0.00275171920657, "dvar2": 0.0032536033541, "dvar": 0.0013833277626, "dmean": 0.037231579423, "max": 0.661043286324, "var": 0.00842476263642, "mean": 0.192347228527}, "barkbands": {"dmean2": [0.00474870111793, 0.0290566906333, 0.00247252290137, 0.00196203100495, 0.00145431782585, 0.000632446201053, 0.000482398958411, 0.000552572368179, 0.00143274012953, 0.000761348637752, 0.00109076348599, 0.00182543450501, 0.00211195927113, 0.00161064229906, 0.00123752036598, 0.0010604163399, 0.000733436958399, 0.000436747999629, 0.000521280569956, 0.000374668190489, 0.000250989192864, 0.000244943745201, 0.000399519922212, 0.000302586471662, 0.000171283289092, 0.000161751260748, 9.35499629122e-05], "median": [0.0027191019617, 0.0175408683717, 0.000236673135078, 0.000138292569318, 0.000426538375905, 0.000226149422815, 0.000127663413878, 0.00023340973712, 0.000688531319611, 0.000366706721252, 0.000395985844079, 0.000844831287395, 0.000803595117759, 0.000921597064007, 0.000603292603046, 0.000668546417728, 0.000525994575582, 0.000360897131031, 0.000558767467737, 0.000323596759699, 0.000183247990208, 0.000116310897283, 9.88876272459e-05, 9.368355677e-05, 5.29665485374e-05, 2.64751397481e-05, 5.87295699006e-06], "min": [7.02289781064e-25, 1.63980299432e-24, 1.22400969535e-24, 2.26461337176e-24, 6.57897097079e-24, 3.46697662527e-24, 8.53028981176e-24, 1.18962977632e-23, 1.38342110964e-23, 1.41849370771e-23, 1.23446208263e-23, 2.2452794165e-23, 2.08768031153e-23, 2.4265954668e-23, 5.24326687401e-23, 4.56399989e-23, 6.66723969403e-23, 6.84704192026e-23, 1.35404806316e-22, 1.60328241838e-22, 2.27723241679e-22, 3.28652554517e-22, 4.54858207692e-22, 4.64348721875e-22, 9.40702568819e-22, 1.30348679968e-21, 1.97849970295e-21], "dvar2": [5.21680776728e-05, 0.00192570919171, 4.6791315981e-05, 2.85464739136e-05, 1.15544471555e-05, 1.24955181491e-06, 1.09072891519e-06, 1.09989184693e-06, 6.89875741955e-06, 2.06052368412e-06, 6.11241739534e-06, 1.30685129989e-05, 1.87527748494e-05, 7.75171702116e-06, 5.17191710969e-06, 3.05312300952e-06, 1.2469123476e-06, 3.84672887321e-07, 4.59658593854e-07, 2.8796179663e-07, 1.30418712274e-07, 1.50464543935e-07, 7.7972759982e-07, 3.75090451143e-07, 8.85612152501e-08, 1.20274521009e-07, 8.38907254774e-08], "dvar": [1.70475232153e-05, 0.000663585786242, 1.65683577507e-05, 9.85644328466e-06, 4.22459925176e-06, 4.65360358248e-07, 4.15191891534e-07, 4.40893757059e-07, 2.97998030874e-06, 7.95796779585e-07, 2.12909367292e-06, 5.01012027598e-06, 7.69677171775e-06, 2.96818211609e-06, 2.17524711843e-06, 1.23600750612e-06, 5.08932430421e-07, 1.78645507276e-07, 2.02010170369e-07, 1.37921418286e-07, 7.23681949921e-08, 7.3844802273e-08, 2.9184073469e-07, 1.4589750208e-07, 4.76881467648e-08, 5.97377507461e-08, 3.61788039527e-08], "dmean": [0.00282310741022, 0.0170639436692, 0.00137624284253, 0.0010465196101, 0.000840059365146, 0.000374080846086, 0.000288736599032, 0.000347246561432, 0.000919163983781, 0.000467058300273, 0.00065701524727, 0.00112043577246, 0.00131330045406, 0.000997687107883, 0.000786359654739, 0.000649568275549, 0.000451167084975, 0.000280854932498, 0.000335229880875, 0.000250948680332, 0.000169395745615, 0.000164307537489, 0.