{"tonal": {"thpcp": [1, 0.455785959959, 0.138686642051, 0.111003257334, 0.129054382443, 0.18724270165, 0.214925572276, 0.174909248948, 0.155608922243, 0.175919413567, 0.183532178402, 0.24943703413, 0.304624944925, 0.276903510094, 0.355634093285, 0.363257497549, 0.18490716815, 0.0864065885544, 0.0939438790083, 0.17421169579, 0.371238648891, 0.412347823381, 0.218556627631, 0.10203076154, 0.0913043469191, 0.108477547765, 0.150675818324, 0.153201505542, 0.122892230749, 0.159032925963, 0.200919136405, 0.246275946498, 0.57099121809, 0.884351611137, 0.780877113342, 0.947578191757], "hpcp": {"dmean2": [0.22786796093, 0.314928114414, 0.254574775696, 0.219512045383, 0.197710797191, 0.114312693477, 0.0929227992892, 0.0996253564954, 0.114377580583, 0.114916846156, 0.113714709878, 0.0987982600927, 0.096486248076, 0.108966015279, 0.134664952755, 0.14183229208, 0.143270596862, 0.134476184845, 0.124614350498, 0.0928334444761, 0.0689717009664, 0.073804654181, 0.113487534225, 0.156649500132, 0.151734426618, 0.119910873473, 0.0802142545581, 0.0677113160491, 0.0736291855574, 0.0819986537099, 0.0841373577714, 0.0812568366528, 0.0878208130598, 0.102649286389, 0.171572849154, 0.259319007397], "median": [0.083794310689, 0.18466553092, 0.192774862051, 0.184871077538, 0.0789013504982, 0.00316479988396, 0.000795139756519, 0.00107410328928, 0.00522196479142, 0.00778339104727, 0.00478605413809, 0.00144546781667, 0.00111786462367, 0.00356588885188, 0.0134905064479, 0.0167786590755, 0.0156191317365, 0.0183535218239, 0.0159060247242, 0.00791204627603, 0.00110753520858, 0.00121964642312, 0.00740113202482, 0.036064684391, 0.0463811978698, 0.0197221431881, 0.00302153313532, 0.00143608392682, 0.00138782395516, 0.00443799234927, 0.00577210588381, 0.00464298157021, 0.00185768678784, 0.00132929824758, 0.0037155712489, 0.0436797402799], "min": [5.69083658775e-06, 1.21523862617e-05, 8.21729099698e-06, 8.50981905387e-06, 9.23063544178e-06, 4.23232478397e-07, 3.81593167731e-07, 3.94090619693e-07, 1.82243559266e-06, 1.57045644755e-06, 1.12235215965e-06, 8.23160689833e-07, 8.26120412967e-07, 1.50785922415e-06, 1.32625191327e-05, 4.66098390461e-06, 3.95777942686e-06, 6.55387225379e-07, 1.48177650772e-06, 1.85087458249e-06, 1.04722732885e-06, 2.70863040441e-07, 7.79093113579e-07, 1.64676043823e-06, 6.16514853391e-06, 3.20708313666e-05, 3.022656756e-07, 1.21133530229e-06, 1.05574315512e-06, 2.4184682843e-06, 9.18465730138e-07, 7.32894613975e-06, 6.47049148483e-07, 5.61590070447e-07, 3.79348193746e-07, 4.87309625896e-06], "dvar2": [0.116976976395, 0.135962724686, 0.0963978245854, 0.0868091806769, 0.0800971612334, 0.0617591775954, 0.0601589642465, 0.0624157860875, 0.0718881562352, 0.0640806630254, 0.071097843349, 0.0587119162083, 0.0586560703814, 0.0658820569515, 0.077085852623, 0.0732020065188, 0.0717403963208, 0.0636530742049, 0.0589607916772, 0.039797976613, 0.0361851379275, 0.0418137423694, 0.0565363019705, 0.0773228853941, 0.0692108646035, 0.0544617250562, 0.0427123010159, 0.0341249108315, 0.0408927686512, 0.0424852855504, 0.0431891828775, 0.0421878919005, 0.0477522276342, 0.0572910867631, 0.101432144642, 0.147503420711], "dvar": [0.0502190478146, 0.0502118989825, 0.0392652153969, 0.0370513387024, 0.0304335858673, 0.0224510412663, 0.0214413069189, 0.0227173846215, 0.0267760716379, 0.0253820121288, 0.0264571346343, 0.0214621312916, 0.0220741294324, 0.0248194541782, 0.02980408445, 0.0289010088891, 0.0277411676943, 0.0250085815787, 0.0238748341799, 0.015125230886, 0.0130579266697, 0.0150626562536, 0.0205448232591, 0.0289492812008, 0.0268768426031, 0.0199513118714, 0.0150395240635, 0.012411701493, 0.0150139722973, 0.0161388721317, 0.0163535065949, 0.0152183175087, 0.017102362588, 0.0215148702264, 0.0365640111268, 0.0545871034265], "dmean": [0.136286944151, 0.188211485744, 0.149716421962, 0.131926566362, 0.11617782712, 0.0634418800473, 0.051062207669, 0.0553698688745, 0.0652912855148, 0.0674626901746, 0.0647801607847, 0.0559035688639, 0.0542355999351, 0.06211386621, 0.0792189911008, 0.084725856781, 0.0841951817274, 0.0798754021525, 0.075888581574, 0.0552227385342, 0.0384335182607, 0.0408167876303, 0.0645299777389, 0.0913163498044, 0.0904572084546, 0.0689861550927, 0.0448070727289, 0.0381588563323, 0.0418575517833, 0.0470406226814, 0.0496201626956, 0.0456096604466, 0.0500197708607, 0.0580528378487, 0.0977236032486, 0.151228174567], "max": [1, 1, 1, 1, 1, 1, 1, 1, 1, 1, 1, 1, 1, 1, 1, 1, 1, 1, 1, 1, 1, 1, 1, 1, 1, 1, 1, 1, 1, 1, 1, 1, 1, 1, 1, 1], "var": [0.161883696914, 0.0922562927008, 0.130807816982, 0.150451928377, 0.0458603315055, 0.019467048347, 0.0184705629945, 0.0213841423392, 0.0323199555278, 0.0368650890887, 0.0293099470437, 0.0276955459267, 0.0373587235808, 0.0340251512825, 0.038333311677, 0.0475684553385, 0.0409600175917, 0.0607495307922, 0.0619157552719, 0.0208059772849, 0.0116343600675, 0.0136980246753, 0.0236186683178, 0.0576866045594, 0.0649294033647, 0.0257884040475, 0.0133116580546, 0.0121908849105, 0.0170402508229, 0.025222023949, 0.0227239876986, 0.0157364178449, 0.0254482738674, 0.0390409752727, 0.0389437563717, 0.0915820598602], "mean": [0.332419157028, 0.293524086475, 0.356185406446, 0.375890254974, 0.17132550478, 0.052130959928, 0.0417250432074, 0.048510286957, 0.070382706821, 0.0807884261012, 0.0657466799021, 0.0584918782115, 0.0661263912916, 0.0689879581332, 0.0937609523535, 0.114505551755, 0.104085326195, 0.133679389954, 0.136544957757, 0.0695048049092, 0.0324793942273, 0.035312589258, 0.0654844790697, 0.139544993639, 0.154997527599, 0.0821533054113, 0.0383523702621, 0.0343204140663, 0.0407756529748, 0.056637570262, 0.0575869530439, 0.0461939908564, 0.0597789287567, 0.0755235478282, 0.0925727263093, 0.214630037546]}, "tuning_equal_tempered_deviation": 0.0491815954447, "chords_changes_rate": 0.0554310455918, "key_key": "A#", "tuning_diatonic_strength": 0.618354022503, "key_scale": "major", "chords_number_rate": 0.00224114744924, "tuning_frequency": 441.527557373, "tuning_nontempered_energy_ratio": 0.691658496857, "chords_histogram": [26.8340053558, 30.8083076477, 11.0413866043, 1.80785894394, 2.62961292267, 0.687285244465, 1.25504255295, 0.836695075035, 1.85268187523, 0.164350807667, 2.25608849525, 1.24010157585, 0.224114745855, 0.104586884379, 0, 0.209173768759, 0.687285244465, 0.926340937614, 2.4802031517, 2.25608849525, 4.5719408989, 1.0010458231, 5.10981607437, 1.01598680019], "key_strength": 0.65410721302, "chords_key": "D", "chords_strength": {"dmean2": 0.00877565424889, "median": 0.522670149803, "min": 0.228355407715, "dvar2": 9.28682202357e-05, "dvar": 8.34431266412e-05, "dmean": 0.00980367232114, "max": 0.849688410759, "var": 0.00971151888371, "mean": 0.522238194942}, "chords_scale": "minor", "hpcp_entropy": {"dmean2": 0.864589214325, "median": 1.74976933002, "min": 0.0368782393634, "dvar2": 0.620085000992, "dvar": 0.229793682694, "dmean": 0.513510763645, "max": 4.41079425812, "var": 0.515865147114, "mean": 1.76742899418}}, "metadata": {"audio_properties": {"equal_loudness": 0, "codec": "flac", "downmix": "mix", "analysis_sample_rate": 44100, "bit_rate": 0, "md5_encoded": "3215f4c08a0289290a6cc7c38f87e1b9", "length": 310.773345947, "replay_gain": -11.6636371613, "lossless": true}, "version": {"essentia_build_sha": "7598a69e7b456135ce4c070efb04a3d0ebb71fdd", "essentia": "2.1-beta1", "extractor": "music 1.0", "essentia_git_sha": "v2.1_beta1-6-g5578087"}, "tags": {"title": ["In Our Dreams"], "barcode": ["600753231609"], "media": ["CD"], "albumartist": ["Emily Loizeau"], "tracktotal": ["21"], "musicbrainz_releasegroupid": ["9c09166e-3bbb-36e7-947e-51cdca039c04"], "releasetype": ["album"], "musicbrainz_recordingid": ["1a7e3178-215f-44c7-91d9-ca9e9ce2377f"], "musicbrainz_albumartistid": ["51a77a0b-69be-41c4-88f4-22f25a9a63e5"], "musicbrainz_releasetrackid": ["67dc84dd-d898-3dd0-955a-e7303fb5ef3f"], "discnumber": ["1"], "album": ["Pays sauvage"], "catalognumber": ["532316-0"], "releasecountry": ["FR"], "isrc": ["FRUM70802742"], "originaldate": ["2009-02-02"], "albumartistsort": ["Loizeau, Emily"], "date": ["2009-11-09"], "file_name": "11 In Our Dreams.flac", "disctotal": ["1"], "musicbrainz_artistid": ["51a77a0b-69be-41c4-88f4-22f25a9a63e5"], "asin": ["B002SBV0WQ"], "musicbrainz_albumid": ["8b040d39-e00f-49df-b437-963726bba897"], "tracknumber": ["11"], "artistsort": ["Loizeau, Emily"], "artist": ["Emily Loizeau"], "label": ["Polydor"], "releasestatus": ["official"], "totaldiscs": ["1"], "script": ["Latn"], "totaltracks": ["21"]}}, "rhythm": {"bpm_histogram_first_peak_bpm": {"dmean2": 0, "median": 103, "min": 103, "dvar2": 0, "dvar": 0, "dmean": 0, "max": 103, "var": 0, "mean": 103}, "bpm": 103.233810425, "bpm_histogram_second_peak_spread": {"dmean2": 0, "median": 0.291666686535, "min": 0.291666686535, "dvar2": 0, "dvar": 0, "dmean": 0, "max": 0.291666686535, "var": 0, "mean": 0.291666686535}, "bpm_histogram_first_peak_weight": {"dmean2": 0, "median": 0.310786098242, "min": 0.310786098242, "dvar2": 0, "dvar": 0, "dmean": 0, "max": 0.310786098242, "var": 0, "mean": 0.310786098242}, "onset_rate": 2.6963763237, "beats_position": [0.53405892849, 1.09133780003, 1.64861679077, 2.19428563118, 2.75156450272, 3.28562355042, 3.80807256699, 4.33052158356, 4.8994102478, 5.47990942001, 6.06040811539, 6.64090681076, 7.22140598297, 7.92961454391, 8.66104316711, 9.38086128235, 10.1006803513, 10.8437185287, 11.5867567062, 12.3181858063, 13.0612239838, 13.8158731461, 14.5589113235, 15.3135595322, 16.0798187256, 16.8460769653, 17.6239452362, 18.4134235382, 19.2029018402, 19.9575500488, 20.7121982574, 21.3507480621, 21.9892959595, 22.6394557953, 23.2896137238, 23.9165534973, 24.5434913635, 25.1472110748, 25.7973690033, 26.4475269318, 27.0396366119, 27.6317462921, 28.2354640961, 28.8275737762, 29.4196815491, 30.0234012604, 30.6271190643, 31.2308387756, 31.8345565796, 32.4266662598, 32.8562355042, 33.2974128723, 33.7269821167, 34.1565513611, 34.5745124817, 34.9924697876, 35.422039032, 35.8632202148, 36.304397583, 36.7339668274, 37.1635360718, 37.5931053162, 38.034286499, 38.4638557434, 38.9398651123, 39.4158706665, 39.8918800354, 40.3795013428, 40.8671188354, 41.3315200806, 41.795917511, 42.2487068176, 42.7014961243, 43.2703857422, 43.8392753601, 44.4081611633, 44.9770507812, 45.5575485229, 46.1496582031, 46.7417678833, 47.3338775635, 47.9143753052, 48.4948730469, 49.0637626648, 49.6442604065, 50.2247619629, 50.8052597046, 51.3857574463, 51.9662590027, 52.5467567444, 53.1272544861, 53.696144104, 54.2650337219, 54.8455314636, 55.4260292053, 56.0065307617, 56.5870285034, 57.1675262451, 57.736415863, 58.3169136047, 58.8858032227, 59.4546928406, 60.0351905823, 60.6040802002, 61.1845779419, 61.7650794983, 62.34557724, 62.9260749817, 63.5065765381, 64.0870742798, 64.6675720215, 65.2364578247, 65.8053512573, 66.3742370605, 66.9547348022, 67.5352401733, 68.1273422241, 68.7310638428, 69.3347854614, 69.9152832031, 70.5073928833, 71.0995025635, 71.6800003052, 72.2604980469, 72.8293838501, 73.4098815918, 73.9903869629, 74.5708847046, 75.1513824463, 75.7434921265, 76.3239898682, 76.9044876099, 77.49659729, 78.0887069702, 78.6692047119, 79.2729263306, 79.8650360107, 80.4571380615, 81.0376434326, 81.6181411743, 82.198638916, 82.7791366577, 83.3596343994, 83.9401321411, 84.5206298828, 85.1011352539, 85.6816329956, 86.2737426758, 86.865852356, 87.4579544067, 88.0500640869, 88.6305618286, 89.2226715088, 89.814781189, 90.3952789307, 90.9990005493, 91.579498291, 92.1599960327, 92.7404937744, 93.3209991455, 93.9014968872, 94.4936065674, 95.0857162476, 95.6778182983, 96.2699279785, 96.8620376587, 97.4541473389, 98.046257019, 98.6267547607, 99.2188644409, 99.7993621826, 100.368255615, 100.937141418, 101.51763916, 102.098136902, 102.690246582, 103.259140015, 103.851242065, 104.431747437, 105.00063324, 105.581130981, 106.150024414, 106.718910217, 107.287796021, 107.856689453, 108.425575256, 108.994468689, 109.563354492, 110.132240295, 110.68952179, 111.246803284, 111.827301025, 112.407798767, 112.988296509, 113.56879425, 114.149291992, 114.729797363, 115.310295105, 115.890792847, 116.45967865, 117.040176392, 117.609069824, 118.177955627, 118.74684906, 119.327346802, 119.907844543, 120.488342285, 121.068840027, 121.637733459, 122.218231201, 122.787117004, 123.356010437, 123.92489624, 124.505393982, 125.085891724, 125.643173218, 126.223670959, 126.792556763, 127.361450195, 127.941947937, 128.522445679, 129.10295105, 129.706665039, 130.321990967, 130.937316895, 131.552658081, 132.260864258, 132.957458496, 133.654052734, 134.37387085, 135.070480347, 135.743850708, 136.428848267, 137.090606689, 137.752380371, 138.414154053, 139.075912476, 139.691238403, 140.283355713, 140.875457764, 141.455963135, 142.036453247, 142.616958618, 143.197463989, 143.777954102, 144.358459473, 144.950561523, 145.542678833, 146.123168945, 146.703674316, 147.284164429, 147.876281738, 148.468383789, 149.060501099, 149.652603149, 150.233108521, 150.813598633, 151.394104004, 151.974594116, 152.543487549, 153.135604858, 153.727706909, 154.31980896, 154.888702393, 155.469207764, 156.038085938, 156.618591309, 157.19909668, 157.779586792, 158.360092163, 158.940582275, 159.521087646, 160.089981079, 160.670471191, 161.250976562, 161.843078613, 162.435195923, 163.015686035, 163.596191406, 164.188293457, 164.780410767, 165.360900879, 165.953018188, 166.533508301, 167.114013672, 167.706115723, 168.298233032, 168.878723145, 169.470840454, 170.062942505, 170.655059814, 171.235549927, 171.827667236, 172.419769287, 172.98866272, 173.569152832, 174.149658203, 174.730148315, 175.310653687, 175.879547119, 176.448425293, 177.028930664, 177.609436035, 178.213150024, 178.793640137, 179.374145508, 179.954650879, 180.523529053, 181.092422485, 181.672927856, 182.253417969, 182.83392334, 183.414413452, 184.006530762, 184.610244751, 185.21395874, 185.875732422, 186.549118042, 187.222488403, 187.895874023, 188.569244385, 189.242630005, 189.916000366, 190.600997925, 191.285980225, 191.901306152, 192.516647339, 193.120361328, 193.70085144, 194.281356812, 194.861862183, 195.430740356, 195.999633789, 196.568527222, 197.137405396, 197.717910767, 198.298416138, 198.87890625, 199.447799683, 200.028289795, 200.597183228, 201.154464722, 201.711746216, 202.327072144, 202.95401001, 203.569335938, 204.184661865, 204.800003052, 205.403717041, 205.995819092, 206.587936401, 207.180038452, 207.760543823, 208.352645874, 208.933151245, 209.525253296, 210.117370605, 210.721084595, 211.313186646, 211.905303955, 212.485794067, 212.996643066, 213.507476807, 214.029922485, 214.552383423, 215.063217163, 215.562438965, 216.084899902, 216.595733643, 217.118179321, 217.640625, 218.174682617, 218.755187988, 219.335693359, 219.916183472, 220.496688843, 221.077178955, 221.669296265, 222.261398315, 222.853515625, 223.445617676, 224.026123047, 224.606613159, 225.18711853, 225.756011963, 226.324890137, 226.893783569, 227.47428894, 228.043167114, 228.623672485, 229.192550659, 229.761444092, 230.330337524, 230.87600708, 231.433288574, 231.990570068, 232.547836304, 233.093505859, 233.685623169, 234.266113281, 234.858230591, 235.450332642, 236.030838013, 236.611328125, 237.191833496, 237.760726929, 238.329605103, 238.910110474, 239.490600586, 240.082717896, 240.651611328, 241.208877563, 241.777770996, 242.346664429, 242.927154541, 243.507659912, 244.099761963, 244.668655396, 245.249160767, 245.829650879, 246.41015625, 246.990646362, 247.559539795, 248.140045166, 248.732147217, 249.312652588, 249.904754639, 250.496871948, 251.077362061, 251.657867432, 252.238357544, 252.830474854, 253.422576904, 254.003082275, 254.583572388, 255.164077759, 255.74458313, 256.325073242, 256.917175293, 257.509277344, 258.089782715, 258.670288086, 259.250793457, 259.831298828, 260.307312012, 260.771697998, 261.236083984, 261.712097168, 262.188110352, 262.664123535, 263.186584473, 263.709014893, 264.23147583, 264.74230957, 265.253143311, 265.775604248, 266.286437988, 266.797271729, 267.319732666, 267.79574585, 268.283355713, 268.759368896, 269.142486572, 269.525604248, 269.908752441, 270.291870117, 270.675018311, 271.058135986, 271.441253662, 271.824401855, 272.207519531, 272.579040527, 272.950561523, 273.333679199, 273.728424072, 274.123168945, 274.517913818, 274.901031494, 275.27255249, 275.644073486, 276.015594482, 276.387115479, 276.758636475, 277.130157471, 277.501678467, 277.873199463, 278.221496582, 278.581390381, 278.941314697, 279.301208496, 279.672729492, 280.055877686, 280.427398682, 280.798919678, 281.170440674, 281.541931152, 281.913452148, 282.284973145, 282.679718018, 283.074462891, 283.469207764, 283.945220947, 284.421234131, 284.885620117, 285.338409424, 285.79119873, 286.255584717, 286.720001221, 287.230834961, 287.741668701, 288.240905762, 288.740142822, 289.239349365, 289.738586426, 290.237823486, 290.737060547, 291.23626709, 291.74710083, 292.269561768, 292.873291016, 293.476989746, 294.069122314, 294.707672119, 295.357818604, 296.007965088, 296.65814209, 297.319915771, 297.981658936, 298.701477051, 299.409698486, 300.117919922, 300.73324585, 301.348571777, 301.963897705, 302.579223633, 303.194549561, 303.809875488, 304.436828613, 305.040527344, 305.655853271, 306.224761963, 306.793640137, 307.362548828, 307.861755371, 308.372589111, 308.871826172, 309.382659912, 309.881896973], "beats_loudness": {"dmean2": 0.0510986037552, "median": 0.0272002071142, "min": 5.38221320312e-06, "dvar2": 0.00284495856613, "dvar": 0.000892170530278, "dmean": 0.0280002914369, "max": 0.152054160833, "var": 0.00156989868265, "mean": 0.041558265686}, "danceability": 1.07759726048, "bpm_histogram_second_peak_weight": {"dmean2": 0, "median": 0.0310786105692, "min": 0.0310786105692, "dvar2": 0, "dvar": 0, "dmean": 0, "max": 0.0310786105692, "var": 0, "mean": 0.0310786105692}, "beats_count": 548, "bpm_histogram_second_peak_bpm": {"dmean2": 0, "median": 98, "min": 98, "dvar2": 0, "dvar": 0, "dmean": 0, "max": 98, "var": 0, "mean": 98}, "bpm_histogram_first_peak_spread": {"dmean2": 0, "median": 0.501466274261, "min": 0.501466274261, "dvar2": 0, "dvar": 0, "dmean": 0, "max": 0.501466274261, "var": 0, "mean": 0.501466274261}, "beats_loudness_band_ratio": {"dmean2": [0.434791773558, 0.331610053778, 0.244154542685, 0.0951920449734, 0.035679910332, 0.026870386675], "median": [0.485312521458, 0.207371920347, 0.0824917107821, 0.016645828262, 0.00527308927849, 0.00178710906766], "min": [0.0071527780965, 0.0031045707874, 0.000973063753918, 0.000182800387847, 1.9421295292e-05, 2.34522735809e-06], "dvar2": [0.13008967042, 0.0913273692131, 0.0645385161042, 0.0251568444073, 0.00336700165644, 0.00501626171172], "dvar": [0.0458999536932, 0.031126273796, 0.0221610628068, 0.00961815752089, 0.00122633064166, 0.00166641280521], "dmean": [0.246689736843, 0.186329141259, 0.135015636683, 0.0538608729839, 0.0200196001679, 0.0145742613822], "max": [0.992342710495, 0.931628644466, 0.880385100842, 0.780955433846, 0.351744651794, 0.371210724115], "var": [0.0946224182844, 0.0492848232388, 0.0305218864232, 0.00996410381049, 0.00149765762035, 0.00109694630373], "mean": [0.514970064163, 0.271810948849, 0.151887655258, 0.0525810867548, 0.0216486603022, 0.011954927817]}}, "lowlevel": {"barkbands_spread": {"dmean2": 3.64436721802, "median": 5.68518352509, "min": 0.279841482639, "dvar2": 63.2145729065, "dvar": 32.2957992554, "dmean": 2.44439101219, "max": 116.284141541, "var": 128.927947998, "mean": 8.8999710083}, "melbands_spread": {"dmean2": 3.60231518745, "median": 5.75685024261, "min": 0.350859284401, "dvar2": 62.2447967529, "dvar": 25.4430522919, "dmean": 2.33664274216, "max": 127.969787598, "var": 79.0942764282, "mean": 8.67140007019}, "hfc": {"dmean2": 2.91632175446, "median": 4.41673994064, "min": 0.00192731665447, "dvar2": 38.8045883179, "dvar": 19.0918426514, "dmean": 2.0225110054, "max": 128.556854248, "var": 146.403945923, "mean": 8.97131156921}, "barkbands_kurtosis": {"dmean2": 7.88374996185, "median": 6.9036989212, "min": -1.93388152122, "dvar2": 251.234008789, "dvar": 102.455993652, "dmean": 5.04682350159, "max": 539.195739746, "var": 598.688598633, "mean": 13.3577356339}, "gfcc": {"mean": [-132.247116089, 155.93447876, -78.8207244873, 13.2582902908, -39.3175849915, 2.02472352982, -32.9856338501, 8.04188156128, -15.8911466599, 1.17745745182, -3.49731111526, -3.8761382103, -1.11350619793], "icov": [[0.000228636534302, -0.000502672395669, 0.000306775211357, -0.000571998592932, 0.000380071956897, -0.000697652576491, 0.000607600144576, -0.000722038908862, 0.00020669506921, -0.000614959804807, 7.80849804869e-05, -0.000193793777726, -6.76557374391e-06], [-0.000502672395669, 0.0028828419745, -0.0013850054238, 0.00230500637554, -0.00206776661798, 0.00276815495454, -0.00181823316962, 0.00228323671035, -0.00149996939581, 0.00267727184109, -0.0023426762782, 0.00234282366, -0.00178665132262], [0.000306775211357, -0.0013850054238, 0.00207663350739, -0.00167480099481, 0.000699426222127, -0.00220042443834, 0.00142912776209, -0.000427102320828, 0.000326746609062, -0.00160476285964, 0.00134192826226, -0.00188856536988, 0.000626351800747], [-0.000571998592932, 0.00230500637554, -0.00167480099481, 0.00517265778035, -0.000976714421995, 0.00280698458664, -0.00169813807588, 0.00112681731116, -0.00144813512452, 0.00293225119822, -0.00208652112633, 0.00143354001921, -0.00203797314316], [0.000380071956897, -0.00206776661798, 0.000699426222127, -0.000976714421995, 0.00451641669497, -0.00136089406442, -6.72599417157e-05, -0.000411427608924, -0.000755357905291, -0.000698909745552, 0.00132234219927, -0.00147082039621, -0.000663917744532], [-0.000697652576491, 0.00276815495454, -0.00220042443834, 0.00280698458664, -0.00136089406442, 0.00738352490589, -0.00336983730085, 0.00202389294282, -0.000996125047095, 0.00134670035914, -0.00202485383488, 0.00318995444104, -0.000868500792421], [0.000607600144576, -0.00181823316962, 0.00142912776209, -0.00169813807588, -6.72599417157e-05, -0.00336983730085, 0.00795506406575, -0.00142300617881, 0.000271774595603, -0.00124128453899, -0.000653614813928, -0.000606175628491, 0.000656317861285], [-0.000722038908862, 0.00228323671035, -0.000427102320828, 0.00112681731116, -0.000411427608924, 0.00202389294282, -0.00142300617881, 0.00919379387051, -0.003163988702, 0.00176407722756, -0.000821288034786, 0.000828035292216, -0.000649590569083], [0.00020669506921, -0.00149996939581, 0.000326746609062, -0.00144813512452, -0.000755357905291, -0.000996125047095, 0.000271774595603, -0.003163988702, 0.00938302837312, -0.00241418043151, -0.000358365155989, -0.000737985421438, 0.00172302557621], [-0.000614959804807, 0.00267727184109, -0.00160476285964, 0.00293225119822, -0.000698909745552, 0.00134670035914, -0.00124128453899, 0.00176407722756, -0.00241418043151, 0.0129088172689, -0.00282668112777, 0.00100574805401, -0.00175971200224], [7.80849804869e-05, -0.0023426762782, 0.00134192826226, -0.00208652112633, 0.00132234219927, -0.00202485383488, -0.000653614813928, -0.000821288034786, -0.000358365155989, -0.00282668112777, 0.0106167970225, -0.000985869322903, 0.00171158881858], [-0.000193793777726, 0.00234282366, -0.00188856536988, 0.00143354001921, -0.00147082039621, 0.00318995444104, -0.000606175628491, 0.000828035292216, -0.000737985421438, 0.00100574805401, -0.000985869322903, 0.0127328913659, -0.00426844600588], [-6.76557374391e-06, -0.00178665132262, 0.000626351800747, -0.00203797314316, -0.000663917744532, -0.000868500792421, 0.000656317861285, -0.000649590569083, 0.00172302557621, -0.00175971200224, 0.00171158881858, -0.00426844600588, 0.0142845986411]], "cov": [[13837.9521484, -417.550689697, -412.217987061, 823.346740723, -945.37701416, 525.084289551, -470.448181152, 867.477233887, 135.654998779, 362.608306885, 350.131347656, -152.955154419, 79.5679168701], [-417.550689697, 3270.6105957, 262.079589844, -354.719329834, 1205.68579102, -262.940979004, 434.212768555, -409.859863281, 290.320037842, -231.404983521, 318.386535645, -149.414260864, 201.91633606], [-412.217987061, 262.079589844, 974.172668457, 96.2169723511, 97.4723892212, 104.824996948, -31.3682289124, -91.2826385498, 24.9851112366, 25.1162376404, -36.0704040527, 78.5733184814, 39.6710624695], [823.346740723, -354.719329834, 96.2169723511, 408.202209473, -138.484283447, -1.36879336834, -56.78465271, 92.794090271, 8.13142299652, 9.87094116211, 6.98865413666, 28.0291690826, 18.1247463226], [-945.37701416, 1205.68579102, 97.4723892212, -138.484283447, 755.395996094, -96.2688217163, 210.69934082, -185.380889893, 129.636810303, -98.6986618042, 80.7454147339, -19.6005439758, 94.1400680542], [525.084289551, -262.940979004, 104.824996948, -1.36879336834, -96.2688217163, 301.066101074, 23.3783416748, 34.2636947632, -5.25244283676, 54.5782089233, 14.025560379, -27.7417221069, -25.7291736603], [-470.448181152, 434.212768555, -31.3682289124, -56.78465271, 210.69934082, 23.3783416748, 249.853179932, -61.8143157959, 52.1426620483, -32.5082359314, 68.2786178589, -34.8835105896, 15.3849887848], [867.477233887, -409.859863281, -91.2826385498, 92.794090271, -185.380889893, 34.2636947632, -61.8143157959, 232.724227905, 16.3084430695, 40.5097923279, -7.91790437698, 6.73561477661, -20.7360801697], [135.654998779, 290.320037842, 24.9851112366, 8.13142299652, 129.636810303, -5.25244283676, 52.1426620483, 16.3084430695, 163.807571411, 2.41750884056, 51.9898834229, -13.9582462311, 10.6312303543], [362.608306885, -231.404983521, 25.1162376404, 9.87094116211, -98.6986618042, 54.5782089233, -32.5082359314, 40.5097923279, 2.41750884056, 123.296691895, 4.1192650795, 9.06147193909, -9.28612422943], [350.131347656, 318.386535645, -36.0704040527, 6.98865413666, 80.7454147339, 14.025560379, 68.2786178589, -7.91790437698, 51.9898834229, 4.1192650795, 162.481185913, -31.5176277161, 9.02512073517], [-152.955154419, -149.414260864, 78.5733184814, 28.0291690826, -19.6005439758, -27.7417221069, -34.8835105896, 6.73561477661, -13.9582462311, 9.06147193909, -31.5176277161, 118.56880188, 23.1109790802], [79.5679168701, 201.91633606, 39.6710624695, 18.1247463226, 94.1400680542, -25.7291736603, 15.3849887848, -20.7360801697, 10.6312303543, -9.28612422943, 9.02512073517, 23.1109790802, 100.703704834]]}, "spectral_energyband_middle_low": {"dmean2": 0.00492698233575, "median": 0.00590341351926, "min": 1.27050998344e-06, "dvar2": 7.38089511287e-05, "dvar": 3.39019607054e-05, "dmean": 0.00327799050137, "max": 0.149563208222, "var": 0.000223101626034, "mean": 0.0121019342914}, "melbands_crest": {"dmean2": 4.11196517944, "median": 16.1031913757, "min": 3.17000436783, "dvar2": 15.3966398239, "dvar": 6.21665906906, "dmean": 2.5783188343, "max": 33.7261924744, "var": 42.5498695374, "mean": 17.3265304565}, "spectral_kurtosis": {"dmean2": 13.4578733444, "median": 11.7684173584, "min": -1.67086982727, "dvar2": 389.57723999, "dvar": 141.168533325, "dmean": 7.9996843338, "max": 173.596862793, "var": 694.00213623, "mean": 23.5907363892}, "spectral_rms": {"dmean2": 0.000746915349737, "median": 0.00448197638616, "min": 4.90150196129e-05, "dvar2": 9.05372360194e-07, "dvar": 4.55861567161e-07, "dmean": 0.000512095808517, "max": 0.0128067918122, "var": 8.35862920212e-06, "mean": 0.00463045714423}, "zerocrossingrate": {"dmean2": 0.0058467509225, "median": 0.01806640625, "min": 0.00244140625, "dvar2": 8.6371350335e-05, "dvar": 8.53857927723e-05, "dmean": 0.00494133029133, "max": 0.2861328125, "var": 0.000788071134593, "mean": 0.0268929693848}, "silence_rate_60dB": {"dmean2": 0.0179331991822, "median": 0, "min": 0, "dvar2": 0.0225471481681, "dvar": 0.00888662226498, "dmean": 0.00896592903882, "max": 1, "var": 0.150392249227, "mean": 0.184385508299}, "erbbands_kurtosis": {"dmean2": 2.67394757271, "median": 1.49535608292, "min": -1.89903914928, "dvar2": 24.0276145935, "dvar": 11.6872663498, "dmean": 1.74480319023, "max": 111.737968445, "var": 36.5237121582, "mean": 3.18369102478}, "erbbands": {"dmean2": [0.166511043906, 1.23002529144, 2.00138568878, 2.41855454445, 3.79146671295, 8.17212486267, 13.9685020447, 12.5689811707, 15.5910835266, 19.9226112366, 19.2504711151, 14.1391792297, 6.03905105591, 9.92872524261, 6.00042104721, 6.30274772644, 4.71443033218, 4.1867723465, 6.67187023163, 3.97105169296, 3.41393852234, 2.56054759026, 1.62441468239, 2.32388043404, 1.39938509464, 0.79823076725, 0.611997067928, 0.519482314587, 0.51253169775, 0.277739226818, 0.303200721741, 0.433737039566, 0.489691585302, 0.487415760756, 0.139947786927, 0.0372189022601, 0.0120136355981, 0.000869799230713, 6.74106049701e-05, 1.22892752188e-05], "median": [0.0854220986366, 0.814680457115, 1.72279107571, 1.7830491066, 2.46204948425, 6.7508058548, 7.36358451843, 6.04395771027, 4.0250082016, 4.55212688446, 3.77301883698, 2.08386015892, 0.985890746117, 2.09341669083, 1.50739812851, 0.975268781185, 0.672851264477, 1.07573366165, 0.763266801834, 0.451371729374, 0.431299507618, 0.540209114552, 0.261168539524, 0.158028125763, 0.084205545485, 0.0722590088844, 0.0429853834212, 0.019277529791, 0.00835632998496, 0.00494202598929, 0.00446081953123, 0.00553594902158, 0.00599696068093, 0.00339472014457, 0.00106391962618, 0.000404682185035, 0.000128925967147, 2.94160108751e-05, 1.72093459696e-05, 2.51304627454e-05], "min": [4.27691531968e-07, 2.54807901001e-06, 4.30991894973e-05, 5.43136629858e-05, 0.000187971600099, 0.000190219463548, 0.000219723413466, 0.000370312714949, 0.000743593438528, 0.00113980658352, 0.00174209813122, 0.00130695605185, 0.00125110091176, 0.00108117924538, 0.000673294533044, 0.00055383722065, 0.000666285515763, 0.000461417599581, 0.00042267414392, 0.000631849572528, 0.000515169114806, 0.000386433268432, 0.000295199657558, 0.000320976017974, 0.000306559610181, 0.000306141417241, 0.000188128353329, 0.000119237185572, 0.000117718736874, 7.26722719264e-05, 5.79513289267e-05, 5.20803696418e-05, 3.68457876903e-05, 2.9657052437e-05, 1.52029215315e-05, 5.87343220104e-06, 2.74441435977e-06, 2.0399972982e-06, 5.16180193699e-07, 4.46292069967e-08], "dvar2": [0.139273583889, 6.2628569603, 11.1090841293, 17.5573253632, 69.0625839233, 311.568695068, 1305.59667969, 1094.19970703, 2909.36791992, 4223.93017578, 6412.99511719, 3195.35766602, 674.45123291, 3379.38305664, 866.732421875, 968.417297363, 371.442382812, 334.393218994, 2238.40600586, 445.751037598, 347.522613525, 100.690742493, 31.4403038025, 86.2246704102, 37.7455482483, 11.9904336929, 6.7881937027, 10.74634552, 19.7435359955, 5.28965187073, 6.87230920792, 4.65671253204, 6.60321569443, 7.75110292435, 2.02762579918, 0.0504663996398, 0.00494760787115, 2.15338677663e-05, 1.1890053031e-07, 5.1497778264e-10], "dvar": [0.0852253139019, 2.37682962418, 3.94433808327, 6.36265182495, 27.6136283875, 148.975738525, 572.839904785, 603.576965332, 1247.77709961, 1989.9654541, 2856.07299805, 1461.81542969, 359.893341064, 1651.25866699, 506.389221191, 475.416473389, 163.977081299, 162.245529175, 967.562133789, 226.796554565, 166.746673584, 49.6434516907, 15.2484407425, 42.0695381165, 21.262430191, 6.09422874451, 3.68133282661, 5.44092655182, 7.85000705719, 2.08298778534, 2.65213251114, 2.29473423958, 3.32737731934, 3.57955861092, 0.806307375431, 0.0251049473882, 0.00243722531013, 1.30235703182e-05, 7.21543855775e-08, 2.40815700714e-10], "dmean": [0.132974222302, 0.802895784378, 1.19308924675, 1.43634974957, 2.32376122475, 5.44389772415, 8.99318885803, 8.52697277069, 10.5452384949, 13.6839742661, 13.3796033859, 9.67869377136, 4.31547498703, 6.98995876312, 4.33392715454, 4.28069114685, 3.09404540062, 2.8369038105, 4.43568992615, 2.82296490669, 2.30968546867, 1.73449659348, 1.0835493803, 1.58841586113, 0.97830593586, 0.550619244576, 0.421045035124, 0.364030301571, 0.331531077623, 0.187862858176, 0.206421211362, 0.301010012627, 0.336492717266, 0.329628378153, 0.0972638651729, 0.026026327163, 0.00836014281958, 0.000653387978673, 5.02036200487e-05, 8.42723056849e-06], "max": [5.14895057678, 21.5344047546, 34.3589630127, 46.0905723572, 117.780067444, 344.128753662, 870.290710449, 932.171081543, 1024.48413086, 1361.95812988, 2643.08032227, 1460.52392578, 869.504394531, 2558.36157227, 1373.69042969, 1002.0355835, 595.028747559, 712.33215332, 1901.89807129, 677.328674316, 652.953613281, 318.075408936, 224.091125488, 252.210113525, 304.582061768, 138.853149414, 84.1371994019, 180.743591309, 182.00567627, 80.3860321045, 103.144348145, 56.9027023315, 59.3438034058, 70.4825286865, 70.4231185913, 8.35446453094, 2.53178143501, 0.176406428218, 0.0124809285626, 0.000612140982412], "var": [0.908327460289, 13.4527444839, 12.4950037003, 13.2523765564, 68.9199523926, 764.526123047, 2633.73095703, 3854.39257812, 5461.15429688, 8423.82421875, 8982.55175781, 4628.13232422, 1141.88635254, 7483.02050781, 2582.9074707, 1575.37121582, 560.626525879, 515.456726074, 1526.22192383, 624.749389648, 412.853820801, 215.352005005, 54.7925300598, 204.184738159, 66.7577667236, 16.9008026123, 10.7412672043, 16.8578262329, 8.57116508484, 2.59252262115, 3.52846360207, 7.03747606277, 10.1558008194, 9.76467704773, 1.22500813007, 0.0659576952457, 0.00559025304392, 4.19558600697e-05, 2.51321409905e-07, 1.51410206595e-09], "mean": [0.571754515171, 2.49341273308, 2.8558306694, 2.90996479988, 4.74490833282, 15.3178033829, 22.6309185028, 23.8076248169, 26.8435440063, 33.9467582703, 33.9699630737, 22.1016159058, 9.44841766357, 18.3674736023, 10.9678277969, 8.70849609375, 6.45461320877, 5.91880559921, 7.70687150955, 5.46667909622, 4.76846885681, 3.99065065384, 2.37914299965, 3.60154914856, 2.09072232246, 1.1886895895, 0.813535511494, 0.667686760426, 0.497379392385, 0.311891376972, 0.386241704226, 0.584228515625, 0.650901257992, 0.612048387527, 0.170085176826, 0.0472135990858, 0.0149462930858, 0.00127042527311, 0.00010918683256, 3.77798714908e-05]}, "spectral_strongpeak": {"dmean2": 0.399974703789, "median": 0.409154862165, "min": 0.00102748943027, "dvar2": 0.56003767252, "dvar": 0.235301852226, "dmean": 0.241163849831, "max": 8.93243312836, "var": 0.853804826736, "mean": 0.713246881962}, "spectral_energy": {"dmean2": 0.00936386734247, "median": 0.0205903165042, "min": 2.46253398473e-06, "dvar2": 0.000207866294659, "dvar": 9.73636997514e-05, "dmean": 0.00637791026384, "max": 0.16811427474, "var": 0.000885627581738, "mean": 0.0305447038263}, "average_loudness": 0.685327589512, "spectral_rolloff": {"dmean2": 325.093475342, "median": 344.53125, "min": 64.599609375, "dvar2": 1519080.875, "dvar": 619578.875, "dmean": 185.988739014, "max": 16817.4316406, "var": 1162296, "mean": 605.30267334}, "spectral_centroid": {"dmean2": 145.353439331, "median": 450.05291748, "min": 139.023757935, "dvar2": 73696.453125, "dvar": 34348.3671875, "dmean": 96.218208313, "max": 4504.48095703, "var": 153205.5, "mean": 576.536254883}, "pitch_salience": {"dmean2": 0.0984181910753, "median": 0.491137325764, "min": 0.0655860677361, "dvar2": 0.00800226908177, "dvar": 0.00307376962155, "dmean": 0.0606033392251, "max": 0.878720521927, "var": 0.0200272686779, "mean": 0.482784926891}, "spectral_energyband_middle_high": {"dmean2": 0.000661503174342, "median": 0.000309289200231, "min": 2.53689734109e-07, "dvar2": 4.8589445214e-06, "dvar": 2.54192741522e-06, "dmean": 0.000474090105854, "max": 0.0709713101387, "var": 1.507709203e-05, "mean": 0.0015340896789}, "spectral_contrast_coeffs": {"dmean2": [0.0667300000787, 0.0662174448371, 0.0523395091295, 0.0424162559211, 0.03159429878, 0.0237249303609], "median": [-0.69796526432, -0.692511498928, -0.755194187164, -0.768833577633, -0.790237486362, -0.831651508808], "min": [-0.892296969891, -0.936864674091, -0.942707180977, -0.933376431465, -0.927666962147, -0.931983351707], "dvar2": [0.00294037652202, 0.00313352560624, 0.00194225821178, 0.00134788174182, 0.000793247658294, 0.000478476256831], "dvar": [0.00107941532042, 0.00123523443472, 0.000828093732707, 0.000565842201468, 0.000368496228475, 0.000217012871872], "dmean": [0.0401184931397, 0.0405747517943, 0.032645329833, 0.0264901444316, 0.020110797137, 0.0150552680716], "max": [-0.333998680115, -0.379124194384, -0.418585479259, -0.472559422255, -0.543072402477, -0.593536376953], "var": [0.00564234005287, 0.00972360372543, 0.00759422313422, 0.0055721658282, 0.00450318306684, 0.00151765951887], "mean": [-0.688746869564, -0.688003778458, -0.746267080307, -0.769508481026, -0.789672315121, -0.823683440685]}, "melbands_skewness": {"dmean2": 0.977540314198, "median": 2.35484147072, "min": -1.91363322735, "dvar2": 1.30707073212, "dvar": 0.585902750492, "dmean": 0.6286008358, "max": 23.0304222107, "var": 3.37581753731, "mean": 2.72009134293}, "spectral_spread": {"dmean2": 746915.3125, "median": 3015247.5, "min": 524440.5625, "dvar2": 1235650347010.0, "dvar": 715389337600, "dmean": 508139.125, "max": 18711774, "var": 5387749687300.0, "mean": 3373899.5}, "dissonance": {"dmean2": 0.0512287169695, "median": 0.420323848724, "min": 0.192367047071, "dvar2": 0.00204162159935, "dvar": 0.000754181353841, "dmean": 0.0306538064033, "max": 0.499999910593, "var": 0.00277319224551, "mean": 0.413053512573}, "spectral_skewness": {"dmean2": 0.93280762434, "median": 2.7811653614, "min": -0.169346660376, "dvar2": 1.27234005928, "dvar": 0.474755108356, "dmean": 0.569185376167, "max": 11.0505056381, "var": 3.02939176559, "mean": 3.32741546631}, "spectral_flux": {"dmean2": 0.025352569297, "median": 0.0427305698395, "min": 0.000927033775952, "dvar2": 0.00117953796871, "dvar": 0.000465957913548, "dmean": 0.0157540552318, "max": 0.362042725086, "var": 0.00150960695464, "mean": 0.0493752509356}, "spectral_contrast_valleys": {"dmean2": [0.547048866749, 0.513665735722, 0.49165007472, 0.432060688734, 0.358919739723, 0.34107208252], "median": [-6.81281852722, -7.16279649734, -8.52693462372, -9.37878131866, -9.77001190186, -12.3614749908], "min": [-12.5472240448, -10.7124490738, -11.6781129837, -12.0205059052, -11.9733514786, -14.6942501068], "dvar2": [0.201440230012, 0.191742658615, 0.175005033612, 0.1485491395, 0.137150555849, 0.185079008341], "dvar": [0.0732963010669, 0.0731351748109, 0.0697412341833, 0.0620332248509, 0.0676994100213, 0.106209464371], "dmean": [0.323477834463, 0.312345564365, 0.303083062172, 0.266801744699, 0.237870573997, 0.243573844433], "max": [-5.07961320877, -4.51368141174, -5.41694355011, -6.51612710953, -5.80305242538, -7.84487771988], "var": [2.09402036667, 1.13860440254, 0.795216560364, 0.807322800159, 1.11423385143, 2.1698551178], "mean": [-7.2705078125, -7.38995790482, -8.65405750275, -9.41309356689, -9.71390533447, -12.1321229935]}, "erbbands_flatness_db": {"dmean2": 0.0242356490344, "median": 0.218700587749, "min": 0.037559337914, "dvar2": 0.000643990235403, "dvar": 0.00032673086389, "dmean": 0.0162553545088, "max": 0.427923291922, "var": 0.00366990291514, "mean": 0.215046435595}, "spectral_energyband_high": {"dmean2": 8.36065737531e-05, "median": 3.57220324076e-06, "min": 3.14933039647e-08, "dvar2": 1.69477672785e-07, "dvar": 8.73490080266e-08, "dmean": 6.11366704106e-05, "max": 0.00989358406514, "var": 2.73379868077e-07, "mean": 0.000136981121614}, "spectral_entropy": {"dmean2": 0.257951647043, "median": 6.44789123535, "min": 4.46208620071, "dvar2": 0.0781805664301, "dvar": 0.0429815202951, "dmean": 0.174083843827, "max": 8.94816398621, "var": 0.556512475014, "mean": 6.52144098282}, "silence_rate_20dB": {"dmean2": 0, "median": 1, "min": 1, "dvar2": 0, "dvar": 0, "dmean": 0, "max": 1, "var": 0, "mean": 1}, "melbands_flatness_db": {"dmean2": 0.0324785597622, "median": 0.356452167034, "min": 0.0400122068822, "dvar2": 0.00109051098116, "dvar": 0.000603970256634, "dmean": 0.022767322138, "max": 0.704005777836, "var": 0.0156387705356, "mean": 0.360327631235}, "barkbands": {"dmean2": [0.000143447687151, 0.0053824884817, 0.00188175879885, 0.000790625228547, 0.00198509683833, 0.00173643382732, 0.00138548482209, 0.000920880760532, 0.000575019977987, 0.000210409969441, 0.00022663717391, 0.000146889942698, 0.000106832609163, 8.27589392429e-05, 0.000135165784741, 6.35246979073e-05, 5.93437980569e-05, 3.2402746001e-05, 3.94796006731e-05, 1.95229640667e-05, 1.39644980663e-05, 1.23198042274e-05, 1.03321435745e-05, 2.46419604082e-05, 3.06240290229e-05, 6.2680951487e-