{"tonal": {"thpcp": [1, 0.507580161095, 0.161295101047, 0.101170994341, 0.0744109973311, 0.122263237834, 0.189002871513, 0.148442193866, 0.12533429265, 0.16385217011, 0.121605761349, 0.0937369018793, 0.0986330211163, 0.0806452035904, 0.119284689426, 0.161266952753, 0.116898387671, 0.0747880712152, 0.0887356251478, 0.198580756783, 0.453108996153, 0.473180532455, 0.234850242734, 0.231079414487, 0.328520387411, 0.213464930654, 0.0998288393021, 0.107114642859, 0.114190481603, 0.273734480143, 0.540416002274, 0.450224488974, 0.230674892664, 0.194824427366, 0.264007389545, 0.764847576618], "hpcp": {"dmean2": [0.0962744876742, 0.0814109221101, 0.070562697947, 0.0964749678969, 0.159233301878, 0.15920586884, 0.188226938248, 0.162991985679, 0.144346550107, 0.105608940125, 0.106960557401, 0.0946216061711, 0.0958862155676, 0.110695891082, 0.160108759999, 0.163315162063, 0.196196451783, 0.194030493498, 0.183289602399, 0.240344911814, 0.292002379894, 0.241038888693, 0.271104723215, 0.163635239005, 0.106217727065, 0.0719739720225, 0.0772103816271, 0.100586906075, 0.087413340807, 0.0791993066669, 0.0872448161244, 0.0740777850151, 0.0640803202987, 0.0646947845817, 0.0668803676963, 0.084752060473], "median": [0.036378249526, 0.0234080553055, 0.0119146332145, 0.0112661132589, 0.0183874070644, 0.055014513433, 0.0895810872316, 0.046933081001, 0.0150919575244, 0.0121596697718, 0.0118772163987, 0.0148163083941, 0.0151373296976, 0.0145619679242, 0.0321396887302, 0.0476415231824, 0.035584308207, 0.0250341966748, 0.0183419585228, 0.0394583418965, 0.258743315935, 0.356618285179, 0.127195715904, 0.019251216203, 0.0130123198032, 0.00993716530502, 0.0245833117515, 0.0390710905194, 0.0278512537479, 0.0247198864818, 0.0304117091, 0.022867936641, 0.0174211859703, 0.0167040638626, 0.0136604271829, 0.0258117318153], "min": [0, 0, 0, 0, 0, 0, 0, 0, 0, 0, 0, 0, 0, 0, 0, 0, 0, 0, 0, 0, 0, 0, 0, 0, 0, 0, 0, 0, 0, 0, 0, 0, 0, 0, 0, 0], "dvar2": [0.0406560376287, 0.0370528139174, 0.0354043059051, 0.0588271729648, 0.0910074859858, 0.0751806050539, 0.0850279703736, 0.0866137370467, 0.0823117345572, 0.0641143769026, 0.0551730841398, 0.0517267361283, 0.052302531898, 0.0630366131663, 0.0813853889704, 0.091960541904, 0.105768993497, 0.113643087447, 0.109524734318, 0.130738034844, 0.129057079554, 0.114426128566, 0.122501417994, 0.0941846817732, 0.0675359666348, 0.0401092506945, 0.029302354902, 0.03628661111, 0.0324477776885, 0.03151736781, 0.0324383452535, 0.03033224307, 0.0254938490689, 0.0212557837367, 0.0289289318025, 0.0379764586687], "dvar": [0.0147117786109, 0.0131235662848, 0.0125784687698, 0.0204586014152, 0.0311640333384, 0.029444411397, 0.0312063321471, 0.0297673121095, 0.0285856556147, 0.0238516591489, 0.0187766533345, 0.0180893614888, 0.0185084026307, 0.0223642513156, 0.0293743871152, 0.037864420563, 0.0400782562792, 0.0412505529821, 0.0400019139051, 0.0470428057015, 0.0480787754059, 0.0487501546741, 0.0422334857285, 0.0332336723804, 0.0229236092418, 0.0139150545001, 0.0108849043027, 0.0139985578135, 0.0125950640067, 0.0117982262745, 0.0123226027936, 0.0109741017222, 0.0093030128628, 0.00784125551581, 0.0101102925837, 0.0135972062126], "dmean": [0.055237442255, 0.0461560711265, 0.0388214401901, 0.0522653348744, 0.0881152078509, 0.0936441719532, 0.111113548279, 0.0917911380529, 0.0807581916451, 0.0584156177938, 0.0601462125778, 0.0525238625705, 0.0531319864094, 0.0605725497007, 0.0920716747642, 0.0942302942276, 0.112150400877, 0.109700948, 0.100761726499, 0.133045390248, 0.169092178345, 0.140427261591, 0.154609173536, 0.0900093838573, 0.0577620714903, 0.0397376194596, 0.0444251857698, 0.0595273002982, 0.0517981871963, 0.0461032912135, 0.0513426065445, 0.0428804047406, 0.0369029343128, 0.0377364009619, 0.0376347340643, 0.0476914420724], "max": [1, 1, 1, 1, 1, 1, 1, 1, 1, 1, 1, 1, 1, 1, 1, 1, 1, 1, 1, 1, 1, 1, 1, 1, 1, 1, 1, 1, 1, 1, 1, 1, 1, 1, 1, 1], "var": [0.0159596502781, 0.0109520135447, 0.0088822087273, 0.0132425744087, 0.0298643372953, 0.0959612727165, 0.0815327614546, 0.0306616257876, 0.0434940345585, 0.102798111737, 0.0428526476026, 0.0124438786879, 0.013151361607, 0.016007097438, 0.0422400981188, 0.139157727361, 0.100816227496, 0.0396205633879, 0.0339540690184, 0.040422052145, 0.119089499116, 0.176898851991, 0.0674534961581, 0.0256317388266, 0.0148971155286, 0.00995925720781, 0.0126247480512, 0.0216629635543, 0.0171586181968, 0.0134120546281, 0.0199126154184, 0.0119826886803, 0.00850372295827, 0.00860198773444, 0.00745287444443, 0.0112346932292], "mean": [0.0758534744382, 0.0549842901528, 0.0351772941649, 0.0417376607656, 0.0934043824673, 0.213124200702, 0.222565039992, 0.110464088619, 0.108690440655, 0.154522746801, 0.100405298173, 0.0469554625452, 0.0503824092448, 0.0537105984986, 0.128753662109, 0.254189908504, 0.211767449975, 0.108500167727, 0.0916375592351, 0.124178431928, 0.359753459692, 0.470359683037, 0.238745242357, 0.0758667141199, 0.0475867576897, 0.0349999330938, 0.0575076974928, 0.0888993293047, 0.0698212236166, 0.0589521974325, 0.0770694538951, 0.057198446244, 0.0440900586545, 0.0463929958642, 0.0379322506487, 0.0561067089438]}, "tuning_equal_tempered_deviation": 0.0266402680427, "chords_changes_rate": 0.0317919068038, "key_key": "E", "tuning_diatonic_strength": 0.494040876627, "key_scale": "minor", "chords_number_rate": 0.00118234369438, "tuning_frequency": 437.971466064, "tuning_nontempered_energy_ratio": 0.674932718277, "chords_histogram": [36.6789283752, 0.604308962822, 1.81292700768, 14.7136096954, 0, 5.62270116806, 0.446663171053, 19.9684715271, 0.249605879188, 1.103520751, 1.4844981432, 0, 0.0525486059487, 0, 0.341565936804, 0, 0.302154481411, 0, 0.0788229107857, 0, 0.302154481411, 0, 1.39253807068, 14.8449811935], "key_strength": 0.581045031548, "chords_key": "E", "chords_strength": {"dmean2": 0.00664691906422, "median": 0.523451447487, "min": -1, "dvar2": 0.000542655063327, "dvar": 0.000306508038193, "dmean": 0.00729142036289, "max": 0.809790253639, "var": 0.0219883080572, "mean": 0.50978320837}, "chords_scale": "minor", "hpcp_entropy": {"dmean2": 1.00319075584, "median": 1.9221881628, "min": 0, "dvar2": 0.743678510189, "dvar": 0.287377417088, "dmean": 0.600286781788, "max": 4.42140579224, "var": 0.604250490665, "mean": 1.87310576439}}, "metadata": {"audio_properties": {"equal_loudness": 0, "codec": "mp3", "downmix": "mix", "sample_rate": 44100, "analysis_sample_rate": 44100, "bit_rate": 217924, "md5_encoded": "1bf3179359a29df7cbbb26480bd94b3c", "length": 353.436737061, "replay_gain": -11.2697906494, "lossless": false}, "version": {"essentia_build_sha": "2d9f1f26377add8aeb1075a9c2973f962c4f09fd", "essentia": "2.1-beta2", "extractor": "music 1.0", "essentia_git_sha": "v2.1_beta2-1-ge3940c0"}, "tags": {"title": ["Who's Gonna Win the War"], "media": ["12\" Vinyl"], "albumartist": ["Various Artists"], "musicbrainz_recordingid": ["1a7f9ec9-948e-4248-be88-6e7007a76bec"], "originalyear": ["1982"], "discnumber": ["1/1"], "album": ["Hawkwind, Friends & Relations"], "catalognumber": ["SHARP 101"], "contentgroup": ["Rock"], "musicbrainz album type": ["album", "compilation"], "musicbrainz album status": ["official"], "file_name": "01 - Hawklords - Who's Gonna Win the War.mp3", "musicbrainz_albumartistid": ["89ad4ac3-39f7-470e-963a-56509c546377"], "date": ["1982-03"], "genre": ["Rock", "Space Rock", "Psychedelic Rock", "Progressive Rock", "Psychedelic", "Hard Rock"], "musicbrainz album release country": ["GB"], "musicbrainz_releasegroupid": ["2a0e559f-95f5-4406-8810-5bfb0b39b028"], "script": ["Latn"], "originaldate": ["1982-03"], "musicbrainz_albumid": ["7a3fcf4d-fae9-4bc4-8f27-a6501f074744"], "artist": ["Hawklords"], "artistsort": ["Hawklords"], "tracknumber": ["1/8"], "label": ["Flicknife Records"], "albumartistsort": ["Various Artists"], "acoustid_id": ["9520fec4-1715-4b37-8bf4-2b451dc0fa9c"], "musicbrainz_artistid": ["86f127d7-67c0-4860-a9da-33fc70cb26d0"]}}, "rhythm": {"bpm_histogram_first_peak_bpm": {"dmean2": 0, "median": 148, "min": 148, "dvar2": 0, "dvar": 0, "dmean": 0, "max": 148, "var": 0, "mean": 148}, "bpm": 147.842697144, "bpm_histogram_second_peak_spread": {"dmean2": 0, "median": 0, "min": 0, "dvar2": 0, "dvar": 0, "dmean": 0, "max": 0, "var": 0, "mean": 0}, "bpm_histogram_first_peak_weight": {"dmean2": 0, "median": 0.519585251808, "min": 0.519585251808, "dvar2": 0, "dvar": 0, "dmean": 0, "max": 0.519585251808, "var": 0, "mean": 0.519585251808}, "onset_rate": 2.68210172653, "beats_position": [0.441179126501, 0.882358253002, 1.30031740665, 1.70666658878, 2.11301589012, 2.50775504112, 2.90249419212, 3.29723358154, 3.69197273254, 4.08671188354, 4.48145103455, 4.88780021667, 5.2941493988, 5.6888885498, 6.08362817764, 6.47836732864, 6.87310647964, 7.26784563065, 7.66258478165, 8.05732440948, 8.45206356049, 8.84680271149, 9.24154186249, 9.63628101349, 10.0310201645, 10.4257593155, 10.8321084976, 11.2152376175, 11.6331968307, 12.0279359818, 12.4226751328, 12.8290243149, 13.235373497, 13.6533327103, 14.0712919235, 14.4892511368, 14.8956003189, 15.301949501, 15.7082986832, 16.1262588501, 16.5326080322, 16.9273471832, 17.3453063965, 17.7516555786, 18.1580047607, 18.5643539429, 18.970703125, 19.365442276, 19.7717914581, 20.1781406403, 20.5960998535, 21.0024490356, 21.4087982178, 21.8151473999, 22.221496582, 22.616235733, 23.010974884, 23.4173240662, 23.8236732483, 24.2300224304, 24.6363716125, 25.0311107635, 25.4374599457, 25.8321990967, 26.2269382477, 26.6332874298, 27.0512466431, 27.4575958252, 27.8755550385, 28.2819042206, 28.6998634338, 29.106212616, 29.5125617981, 29.9305210114, 30.3484802246, 30.7548294067, 31.17278862, 31.5791378021, 31.9854869843, 32.391834259, 32.8097953796, 33.204536438, 33.6224937439, 34.0404510498, 34.4468002319, 34.8531494141, 35.2711105347, 35.6890678406, 36.0954170227, 36.5017662048, 36.9197273254, 37.3376846313, 37.7440338135, 38.1503829956, 38.5567321777, 38.9746932983, 39.3810424805, 39.7989997864, 40.216960907, 40.6349182129, 41.041267395, 41.4476165771, 41.8423576355, 42.2603149414, 42.6666641235, 43.0846252441, 43.4909744263, 43.9089317322, 44.3152809143, 44.7216300964, 45.139591217, 45.5575485229, 45.9755096436, 46.3934669495, 46.8114280701, 47.2177772522, 47.6241264343, 48.018863678, 48.4368247986, 48.8547821045, 49.2611312866, 49.6674804688, 50.0854415894, 50.5033988953, 50.9097480774, 51.3160972595, 51.7224464417, 52.1287956238, 52.5467567444, 52.9531059265, 53.3710632324, 53.7774124146, 54.1953735352, 54.6017227173, 55.0080718994, 55.4144210815, 55.8207702637, 56.2387275696, 56.6566886902, 57.0630378723, 57.4693870544, 57.8757362366, 58.2820854187, 58.6884346008, 59.094783783, 59.5011329651, 59.919090271, 60.3254394531, 60.7434005737, 61.1613578796, 61.5793190002, 61.9972763062, 62.4036254883, 62.8099746704, 63.227935791, 63.6458930969, 64.0522460938, 64.4469833374, 64.8533325195, 65.2480697632, 65.6428070068, 66.049156189, 66.4555053711, 66.8734664917, 67.2798156738, 67.686164856, 68.0809020996, 68.4872512817, 68.8936004639, 69.2883453369, 69.7062988281, 70.1126480103, 70.5073928833, 70.9137420654, 71.3084793091, 71.7032165527, 72.1095657349, 72.5043106079, 72.91065979, 73.3170089722, 73.7233581543, 74.1297073364, 74.5360565186, 74.9540100098, 75.3603591919, 75.7783203125, 76.1846694946, 76.5910186768, 76.9973678589, 77.3921051025, 77.7984542847, 78.1931991577, 78.5879364014, 78.9942855835, 79.4122467041, 79.8069839478, 80.2249450684, 80.619682312, 81.0376434326, 81.4323806763, 81.8503417969, 82.2682952881, 82.6862564087, 83.1042175293, 83.5221786499, 83.9401321411, 84.3464813232, 84.7644424438, 85.1824035645, 85.6119689941, 86.0299301147, 86.4478912354, 86.8542404175, 87.2722015381, 87.6785507202, 88.0965042114, 88.5028533936, 88.9324264526, 89.3387756348, 89.7451248169, 90.1398620605, 90.5345993042, 90.9525604248, 91.3589096069, 91.7768707275, 92.1948318481, 92.6011810303, 92.9959182739, 93.3906555176, 93.8086166382, 94.2265777588, 94.6329269409, 95.039276123, 95.4340133667, 95.8519744873, 96.246711731, 96.6414489746, 97.0361862183, 97.4309310913, 97.825668335, 98.2204055786, 98.6267547607, 99.0447158813, 99.4510650635, 99.8690261841, 100.286979675, 100.681724548, 101.09967804, 101.51763916, 101.935600281, 102.330337524, 102.748298645, 103.166259766, 103.584213257, 103.97895813, 104.396911621, 104.803260803, 105.209609985, 105.627571106, 106.033920288, 106.44026947, 106.858230591, 107.276191711, 107.682540894, 108.088890076, 108.506843567, 108.924804688, 109.33115387, 109.737503052, 110.155464172, 110.561813354, 110.968162537, 111.374511719, 111.780860901, 112.198822021, 112.605171204, 113.011520386, 113.429473877, 113.835823059, 114.242172241, 114.648521423, 115.054870605, 115.472831726, 115.879180908, 116.28553009, 116.680267334, 117.086616516, 117.492965698, 117.887710571, 118.294059753, 118.700408936, 119.118362427, 119.536323547, 119.931060791, 120.314193726, 120.720542908, 121.138504028, 121.55645752, 121.97441864, 122.380767822, 122.787117004, 123.193466187, 123.611427307, 124.017776489, 124.43573761, 124.842086792, 125.248435974, 125.654785156, 126.072738647, 126.47908783, 126.873832703, 127.256958008, 127.651695251, 128.058044434, 128.476013184, 128.882354736, 129.288711548, 129.683441162, 130.089797974, 130.484527588, 130.879272461, 131.285614014, 131.691970825, 132.098312378, 132.504669189, 132.899414063, 133.294143677, 133.68888855, 134.083618164, 134.489974976, 134.896316528, 135.291061401, 135.697418213, 136.103759766, 136.510116577, 136.904846191, 137.311203003, 137.705932617, 138.112289429, 138.518630981, 138.924987793, 139.319732666, 139.71446228, 140.120819092, 140.527160645, 140.933517456, 141.32824707, 141.734603882, 142.152557373, 142.570526123, 142.988479614, 143.406433105, 143.801177979, 144.207519531, 144.613876343, 145.008621216, 145.40335083, 145.82131958, 146.239273071, 146.645614624, 147.063583374, 147.469924927, 147.887893677, 148.305847168, 148.712203979, 149.118545532, 149.524902344, 149.931243896, 150.349197388, 150.767166138, 151.185119629, 151.59147644, 151.997817993, 152.392562866, 152.798904419, 153.20526123, 153.623214722, 154.029571533, 154.447525024, 154.853881836, 155.24861145, 155.643356323, 156.049697876, 156.456054688, 156.850784302, 157.257141113, 157.663482666, 158.058227539, 158.441360474, 158.836090088, 159.230834961, 159.613967896, 159.99710083, 160.391830444, 160.798187256, 161.204528809, 161.622497559, 162.04045105, 162.446792603, 162.864761353, 163.282714844, 163.689071655, 164.095413208, 164.50177002, 164.908111572, 165.314468384, 165.720809937, 166.127166748, 166.533508301, 166.939865112, 167.346206665, 167.752563477, 168.158905029, 168.565261841, 168.971603394, 169.377960205, 169.784301758, 170.202270508, 170.620223999, 171.026565552, 171.432922363, 171.839263916, 172.245620728, 172.65196228, 173.058319092, 173.476272583, 173.882629395, 174.288970947, 174.695327759, 175.101669312, 175.519638062, 175.925979614, 176.332336426, 176.750289917, 177.14503479, 177.551376343, 177.957733154, 178.364074707, 178.770431519, 179.165161133, 179.571517944, 179.977859497, 180.384216309, 180.790557861, 181.196914673, 181.603256226, 181.998001099, 182.40435791, 182.810699463, 183.217056274, 183.623397827, 184.041351318, 184.44770813, 184.854049683, 185.272018433, 185.678359985, 186.084716797, 186.479446411, 186.897415161, 187.315368652, 187.721725464, 188.128067017, 188.546035767, 188.952377319, 189.358734131, 189.765075684, 190.171432495, 190.577774048, 190.984130859, 191.390472412, 191.796829224, 192.203170776, 192.609527588, 193.027481079, 193.44543457, 193.851791382, 194.258132935, 194.664489746, 195.070831299, 195.47718811, 195.883529663, 196.289886475, 196.696228027, 197.102584839, 197.508926392, 197.926895142, 198.344848633, 198.762802124, 199.169158936, 199.587112427, 199.993469238, 200.399810791, 200.806167603, 201.224121094, 201.642089844, 202.048431396, 202.454788208, 202.861129761, 203.267486572, 203.673828125, 204.080184937, 204.474914551, 204.869659424, 205.287612915, 205.693969727, 206.100311279, 206.506668091, 206.913009644, 207.319366455, 207.725708008, 208.120452881, 208.526794434, 208.933151245, 209.327880859, 209.745849609, 210.152191162, 210.558547974, 210.953277588, 211.359634399, 211.765975952, 212.160720825, 212.567077637, 212.973419189, 213.379776001, 213.786117554, 214.192474365, 214.598815918, 215.005172729, 215.411514282, 215.806259155, 216.20098877, 216.595733643, 216.990478516, 217.396820068, 217.80317688, 218.221130371, 218.615875244, 219.022216797, 219.428573608, 219.834915161, 220.241271973, 220.636001587, 221.042358398, 221.448699951, 221.855056763, 222.261398315, 222.679367065, 223.085708618, 223.49206543, 223.898406982, 224.304763794, 224.711105347, 225.117462158, 225.523803711, 225.930160522, 226.336502075, 226.742858887, 227.137588501, 227.532333374, 227.927078247, 228.321807861, 228.728164673, 229.134506226, 229.552474976, 229.958816528, 230.36517334, 230.771514893, 231.177871704, 231.584213257, 232.002166748, 232.40852356, 232.814865112, 233.221221924, 233.627563477, 234.033920288, 234.440261841, 234.835006714, 235.241363525, 235.63609314, 236.030838013, 236.437179565, 236.831924438, 237.238265991, 237.644622803, 238.050964355, 238.457321167, 238.86366272, 239.270019531, 239.676361084, 240.071105957, 240.46585083, 240.860580444, 241.255325317, 241.65007019, 242.068023682, 242.485977173, 242.892333984, 243.298675537, 243.705032349, 244.111373901, 244.517730713, 244.924072266, 245.330429077, 245.73677063, 246.131515503, 246.526260376, 246.932601929, 247.327346802, 247.722076416, 248.128433228, 248.523162842, 248.929519653, 249.335861206, 249.730606079, 250.113739014, 250.508468628, 250.914825439, 251.321166992, 251.715911865, 252.122268677, 252.516998291, 252.923355103, 253.329696655, 253.736053467, 254.119186401, 254.513916016, 254.908660889, 255.303390503, 255.698135376, 256.09286499, 256.476013184, 256.870758057, 257.277099609, 257.683441162, 258.089782715, 258.484527588, 258.890869141, 259.285614014, 259.691955566, 260.086700439, 260.504669189, 260.911010742, 261.317352295, 261.723724365, 262.130065918, 262.524810791, 262.919555664, 263.31427002, 263.72064209, 264.126983643, 264.544952393, 264.951293945, 265.357635498, 265.775604248, 266.170349121, 266.588287354, 266.994628906, 267.401000977, 267.79574585, 268.190460205, 268.585205078, 268.979949951, 269.374694824, 269.781036377, 270.18737793, 270.60534668, 271.02331543, 271.441253662, 271.847625732, 272.253967285, 272.671936035, 273.089874268, 273.49621582, 273.902587891, 274.308929443, 274.715270996, 275.121612549, 275.516357422, 275.922729492, 276.317443848, 276.723815918, 277.130157471, 277.524902344, 277.931243896, 278.337585449, 278.732330322, 279.127075195, 279.521820068, 279.916534424, 280.311279297, 280.717651367, 281.12399292, 281.541931152, 281.925079346, 282.319824219, 282.726165771, 283.132507324, 283.538848877, 283.93359375, 284.328338623, 284.723083496, 285.117828369, 285.512542725, 285.907287598, 286.313659668, 286.708374023, 287.114746094, 287.509460449, 287.904205322, 288.298950195, 288.693695068, 289.088439941, 289.483154297, 289.87789917, 290.272644043, 290.678985596, 291.085357666, 291.480072021, 291.874816895, 292.269561768, 292.664306641, 293.070648193, 293.476989746, 293.871734619, 294.266479492, 294.661224365, 295.055969238, 295.462310791, 295.868652344, 296.263397217, 296.65814209, 297.064483643, 297.470825195, 297.888793945, 298.295135498, 298.701477051, 299.096221924, 299.514190674, 299.932159424, 300.350097656, 300.756469727, 301.162811279, 301.569152832, 301.975494385, 302.370239258, 302.788208008, 303.206176758, 303.612518311, 304.018859863, 304.425201416, 304.831573486, 305.226287842, 305.621032715, 306.015777588, 306.422119141, 306.828460693, 307.223205566, 307.629577637, 308.035919189, 308.442260742, 308.848602295, 309.266571045, 309.684539795, 310.090881348, 310.4972229, 310.903564453, 311.309936523, 311.693054199, 312.099395752, 312.494140625, 312.900482178, 313.306854248, 313.713195801, 314.119537354, 314.537506104, 314.955444336, 315.373413086, 315.791381836, 316.209350586, 316.615692139, 317.010437012, 317.416778564, 317.834747314, 318.252685547, 318.670654297, 319.088623047, 319.506561279, 319.901306152, 320.296051025, 320.690795898, 321.097137451, 321.503479004, 321.898223877, 322.30456543, 322.7109375, 323.117279053, 323.500396729, 323.906738281, 324.313110352, 324.719451904, 325.125793457, 325.543762207, 325.961730957, 326.36807251, 326.774414063, 327.192382813, 327.610321045, 328.028289795, 328.434631348, 328.841003418, 329.25894165, 329.653686523, 330.060028076, 330.466400146, 330.872741699, 331.267486572, 331.662200928, 332.056945801, 332.463317871, 332.869659424, 333.264404297, 333.67074585, 334.065490723, 334.460235596, 334.866577148, 335.272918701, 335.667663574, 336.074005127, 336.48034668, 336.88671875, 337.293060303, 337.711029053, 338.117370605, 338.523712158, 338.918457031, 339.324798584, 339.731140137, 340.12588501, 340.520629883, 340.926971436, 341.333312988, 341.739685059, 342.146026611, 342.552368164, 342.958709717, 343.365081787, 343.77142334, 344.166168213, 344.572509766, 344.978851318, 345.373596191, 345.768341064, 346.163085938, 346.557830811, 346.952545166, 347.347290039, 347.753631592, 348.171600342, 348.589569092, 349.019134521, 349.448699951, 349.878265381, 350.307830811, 350.749023438, 351.178588867, 351.608154297, 352.049346924, 352.490509033, 352.93170166], "beats_loudness": {"dmean2": 0.0235414430499, "median": 0.0521264784038, "min": 0, "dvar2": 0.000343166931998, "dvar": 0.000122196142911, "dmean": 0.0138028562069, "max": 0.111441247165, "var": 0.000255913881119, "mean": 0.0522709488869}, "danceability": 1.06114315987, "bpm_histogram_second_peak_weight": {"dmean2": 0, "median": 0.0138248847798, "min": 0.0138248847798, "dvar2": 0, "dvar": 0, "dmean": 0, "max": 0.0138248847798, "var": 0, "mean": 0.0138248847798}, "beats_count": 869, "bpm_histogram_second_peak_bpm": {"dmean2": 0, "median": 157, "min": 157, "dvar2": 0, "dvar": 0, "dmean": 0, "max": 157, "var": 0, "mean": 157}, "bpm_histogram_first_peak_spread": {"dmean2": 0, "median": 0.465005934238, "min": 0.465005934238, "dvar2": 0, "dvar": 0, "dmean": 0, "max": 0.465005934238, "var": 0, "mean": 0.465005934238}, "beats_loudness_band_ratio": {"dmean2": [0.343572348356, 0.0709929391742, 0.112759523094, 0.208701714873, 0.0900224149227, 0.053559217602], "median": [0.581926107407, 0.0451765656471, 0.0602146573365, 0.164271533489, 0.0672254040837, 0.034830648452], "min": [0, 0, 0, 0, 0, 0], "dvar2": [0.0677463412285, 0.00408685160801, 0.0173832885921, 0.0309160780162, 0.0075250742957, 0.00196239165962], "dvar": [0.0239851865917, 0.00147602939978, 0.00617264397442, 0.0108156576753, 0.00275449617766, 0.000709407147951], "dmean": [0.194775015116, 0.0395399741828, 0.0640895217657, 0.118257291615, 0.051508910954, 0.0295954514295], "max": [0.988746166229, 0.310028702021, 0.628305912018, 0.846399068832, 0.472670346498, 0.293099611998], "var": [0.0467605404556, 0.00180175667629, 0.00739822629839, 0.0172237176448, 0.00347430654801, 0.000906845729332], "mean": [0.552884221077, 0.0568551123142, 0.0850735455751, 0.193028330803, 0.081485144794, 0.0422722697258]}}, "lowlevel": {"barkbands_spread": {"dmean2": 5.49434614182, "median": 22.7385177612, "min": 0.439704656601, "dvar2": 32.0465736389, "dvar": 12.8729019165, "dmean": 3.50108170509, "max": 114.176757813, "var": 69.5045547485, "mean": 22.308807373}, "melbands_spread": {"dmean2": 8.07036304474, "median": 22.2545261383, "min": 0.470616787672, "dvar2": 72.7143249512, "dvar": 28.9528617859, "dmean": 5.07301235199, "max": 155.168548584, "var": 261.245056152, "mean": 24.3351688385}, "hfc": {"dmean2": 8.62087726593, "median": 26.8295993805, "min": 1.06014868671e-16, "dvar2": 117.734870911, "dvar": 53.911907196, "dmean": 5.58293914795, "max": 143.227203369, "var": 274.411254883, "mean": 29.8277492523}, "barkbands_kurtosis": {"dmean2": 2.57217311859, "median": 0.637795805931, "min": -1.80252182484, "dvar2": 18.7599411011, "dvar": 7.69592809677, "dmean": 1.58537471294, "max": 133.872833252, "var": 34.7322044373, "mean": 2.45652341843}, "gfcc": {"mean": [6.04189491272, 135.9974823, -151.930541992, 55.6577148438, -44.9727172852, 31.3296661377, -15.699016571, -11.1718931198, -11.419585228, -8.59671974182, -8.42266082764, -17.9828262329, -7.53741359711], "icov": [[0.000713186571375, -0.00213972246274, 0.00161663047038, -0.00183932378422, 0.00181604956742, -0.00234549865127, 0.00142035877798, -0.00109188887291, 0.00117192300968, -0.00133059208747, 0.00092126004165, -0.000540947832633, 0.00070870044874], [-0.00213972246274, 0.00926420371979, -0.00399672659114, 0.00577833363786, -0.00602113315836, 0.00880659557879, -0.00481260335073, 0.00444044265896, -0.00460486719385, 0.00633566919714, -0.00490788510069, 0.00455744192004, -0.00384866399691], [0.00161663047038, -0.00399672659114, 0.00610737176612, -0.00405877502635, 0.00335408607498, -0.00360524794087, 0.00257186498493, -0.00262550497428, 0.00296775670722, -0.00312782102264, 0.00204761209898, -0.00146056222729, 0.00105564855039], [-0.00183932378422, 0.00577833363786, -0.00405877502635, 0.0116066141054, -0.00410557258874, 0.00370923453011, -0.00286932708696, 0.00530121661723, -0.00355022260919, 0.0046682972461, -0.00307801668532, 0.00368750095367, -0.00315800402313], [0.00181604956742, -0.00602113315836, 0.00335408607498, -0.00410557258874, 0.010520318523, -0.00566360913217, 0.00154753529932, -0.0026832530275, 0.00209832005203, -0.00297779054381, 0.00119784520939, -0.000954912567977, 0.000526748131961], [-0.00234549865127, 0.00880659557879, -0.00360524794087, 0.00370923453011, -0.00566360913217, 0.0198523197323, -0.0063951946795, 0.00213618087582, -0.00176201108843, 0.00404542312026, -0.00105746637564, 0.000562936125789, -0.0002792122541], [0.00142035877798, -0.00481260335073, 0.00257186498493, -0.00286932708696, 0.00154753529932, -0.0063951946795, 0.0157102365047, -0.00348144001327, 0.000973479822278, 0.000404540798627, -0.000446216436103, 0.0029930328019, 0.000132870700327], [-0.00109188887291, 0.00444044265896, -0.00262550497428, 0.00530121661723, -0.0026832530275, 0.00213618087582, -0.00348144001327, 0.0166457779706, -0.00464767077938, 0.00225930544548, 7.83818613854e-05, 0.00170516874641, -0.000252134021139], [0.00117192300968, -0.00460486719385, 0.00296775670722, -0.00355022260919, 0.00209832005203, -0.00176201108843, 0.000973479822278, -0.00464767077938, 0.017072904855, -0.00518128462136, 0.00347428931855, -0.00266760354862, 0.00112840963993], [-0.00133059208747, 0.00633566919714, -0.00312782102264, 0.0046682972461, -0.00297779054381, 0.00404542312026, 0.000404540798627, 0.00225930544548, -0.00518128462136, 0.0228161923587, -0.00927109643817, 0.00426108343527, -0.000704159669112], [0.00092126004165, -0.00490788510069, 0.00204761209898, -0.00307801668532, 0.00119784520939, -0.00105746637564, -0.000446216436103, 7.83818613854e-05, 0.00347428931855, -0.00927109643817, 0.0238179508597, -0.00751081900671, 0.00338809145615], [-0.000540947832633, 0.00455744192004, -0.00146056222729, 0.00368750095367, -0.000954912567977, 0.000562936125789, 0.0029930328019, 0.00170516874641, -0.00266760354862, 0.00426108343527, -0.00751081900671, 0.0229168906808, -0.00753334257752], [0.00070870044874, -0.00384866399691, 0.00105564855039, -0.00315800402313, 0.000526748131961, -0.0002792122541, 0.000132870700327, -0.000252134021139, 0.00112840963993, -0.000704159669112, 0.00338809145615, -0.00753334257752, 0.0259587708861]], "cov": [[16093.5371094, 1097.47485352, -2113.60620117, 720.947753906, -855.328613281, 555.462463379, -311.385040283, -94.7659606934, -149.938919067, -41.8613853455, -90.4749069214, -166.133789063, -110.015968323], [1097.47485352, 751.237548828, -117.658164978, -15.2239904404, 133.276062012, -127.3073349, 84.7341918945, -54.7958183289, 50.2187728882, -68.073677063, 44.7422027588, -78.328086853, 46.7094497681], [-2113.60620117, -117.658164978, 536.05645752, -46.4874763489, 76.6482162476, -66.0845565796, 23.1147708893, 14.4333238602, 1.28018772602, 12.3537139893, 8.1905412674, 21.6941452026, 16.0665378571], [720.947753906, -15.2239904404, -46.4874763489, 178.558868408, -32.4417457581, 40.2293777466, -12.9881792068, -26.3594226837, -9.62475013733, -7.55126619339, -6.01939249039, -11.989282608, 0.0945760384202], [-855.328613281, 133.276062012, 76.6482162476, -32.4417457581, 233.244873047, -47.5553970337, 58.5390586853, -2.76933026314, 24.7833023071, -14.5408163071, 20.2968978882, -13.5274581909, 22.4296684265], [555.462463379, -127.3073349, -66.0845565796, 40.2293777466, -47.5553970337, 129.838302612, -11.3019485474, 12.7771205902, -21.3273696899, 5.79754495621, -18.6275596619, 7.43668174744, -18.2406291962], [-311.385040283, 84.7341918945, 23.1147708893, -12.9881792068, 58.5390586853, -11.3019485474, 106.719650269, 6.70124101639, 13.8588619232, -18.3644294739, 6.98502969742, -22.3246669769, 8.26224899292], [-94.7659606934, -54.7958183289, 14.4333238602, -26.3594226837, -2.76933026314, 12.7771205902, 6.70124101639, 80.7812194824, 11.0353078842, 4.18389081955, -10.2662782669, 1.3393021822, -7.02420949936], [-149.938919067, 50.2187728882, 1.28018772602, -9.62475013733, 24.7833023071, -21.3273696899, 13.8588619232, 11.0353078842, 77.2943572998, 3.93026375771, 1.54391169548, -2.40025496483, 5.46855783463], [-41.8613853455, -68.073677063, 12.3537139893, -7.55126619339, -14.5408163071, 5.79754495621, -18.3644294739, 4.18389081955, 3.93026375771, 65.8459777832, 14.3422851563, 6.05122327805, -8.37930488586], [-90.4749069214, 44.7422027588, 8.1905412674, -6.01939249039, 20.2968978882, -18.6275596619, 6.98502969742, -10.2662782669, 1.54391169548, 14.3422851563, 59.5181694031, 9.48526573181, 2.59690976143], [-166.133789063, -78.328086853, 21.6941452026, -11.989282608, -13.5274581909, 7.43668174744, -22.3246669769, 1.3393021822, -2.40025496483, 6.05122327805, 9.48526573181, 65.3554382324, 9.06053829193], [-110.015968323, 46.7094497681, 16.0665378571, 0.0945760384202, 22.4296684265, -18.2406291962, 8.26224899292, -7.02420949936, 5.46855783463, -8.37930488586, 2.59690976143, 9.06053829193, 48.873085022]]}, "spectral_energyband_middle_low": {"dmean2": 0.00677110999823, "median": 0.0145262256265, "min": 1.39717565683e-22, "dvar2": 6.57149357721e-05, "dvar": 2.32319216593e-05, "dmean": 0.00403797905892, "max": 0.0713472217321, "var": 7.01465251041e-05, "mean": 0.0155069157481}, "melbands_crest": {"dmean2": 3.91996598244, "median": 15.2996845245, "min": 1.51712095737, "dvar2": 16.6663856506, "dvar": 5.87641429901, "dmean": 2.37183713913, "max": 29.1574802399, "var": 18.4447593689, "mean": 15.369811058}, "spectral_kurtosis": {"dmean2": 3.37191176414, "median": 2.73165822029, "min": -1.26320707798, "dvar2": 15.4102659225, "dvar": 5.44794559479, "dmean": 1.92947900295, "max": 65.9103393555, "var": 12.2278394699, "mean": 3.58080053329}, "spectral_rms": {"dmean2": 0.000991852022707, "median": 0.00696345884353, "min": 3.11933920534e-12, "dvar2": 1.2147409052e-06, "dvar": 4.31450587257e-07, "dmean": 0.00059895409504, "max": 0.0112511767074, "var": 1.99753753805e-06, "mean": 0.00682861311361}, "zerocrossingrate": {"dmean2": 0.00685935560614, "median": 0.04443359375, "min": 0.00390625, "dvar2": 6.91024542903e-05, "dvar": 4.33221248386e-05, "dmean": 0.0054556815885, "max": 0.5263671875, "var": 0.00220332830213, "mean": 0.0493632368743}, "silence_rate_60dB": {"dmean2": 0.00105117924977, "median": 0, "min": 0, "dvar2": 0.00131293805316, "dvar": 0.000525259238202, "dmean": 0.000525555107743, "max": 1, "var": 0.0193818043917, "mean": 0.0197727121413}, "erbbands_kurtosis": {"dmean2": 1.1724922657, "median": 0.478651106358, "min": -1.87074553967, "dvar2": 2.88358616829, "dvar": 1.2240664959, "dmean": 0.729327976704, "max": 33.8110733032, "var": 4.40691995621, "mean": 0.872576355934}, "erbbands": {"dmean2": [0.0789081528783, 1.69284939766, 6.7881193161, 13.912976265, 9.09847450256, 5.45133638382, 5.57116556168, 7.9945306778, 9.73677635193, 10.6424360275, 16.1011009216, 25.1305351257, 27.6702404022, 28.6535396576, 39.2240943909, 62.0315093994, 105.528038025, 94.868560791, 57.5136566162, 44.8562011719, 24.6270942688, 15.4677696228, 10.1054677963, 9.2368478775, 9.71288967133, 10.5729904175, 7.93832731247, 6.95379161835, 5.60983896255, 4.24471139908, 1.94410061836, 0.633358240128, 0.197785928845, 0.0704582333565, 0.0144159384072, 0.00238941493444, 0.000503517687321, 7.30426618247e-05, 8.10343499325e-06, 1.62643627846e-05], "median": [0.126946672797, 2.48115968704, 7.6661400795, 23.604845047, 10.2152147293, 3.40804696083, 3.32855367661, 6.11813879013, 6.48747014999, 7.28983879089, 9.54910945892, 15.0970554352, 23.4045314789, 25.7139225006, 34.946685791, 56.1218566895, 82.068031311, 74.6985397339, 54.6458740234, 40.2291145325, 26.8986244202, 18.6098461151, 13.4158430099, 11.7037887573, 12.1317920685, 13.0915603638, 9.41362857819, 6.59144306183, 4.61580324173, 2.85077261925, 1.29720973969, 0.479754507542, 0.162194877863, 0.0496643967927, 0.0116962948814, 0.00199905806221, 0.000220094792894, 2.7117679565e-05, 2.77873004961e-05, 5.81235653954e-05], "min": [6.80330684058e-23, 7.75638283785e-22, 1.91366558542e-21, 4.41712912296e-21, 8.45079298513e-21, 1.52093052995e-20, 3.79014932154e-20, 8.89833275476e-20, 1.07497981951e-19, 1.27536141485e-19, 2.65242313505e-19, 2.02226712163e-19, 3.34061439873e-19, 6.32395501524e-19, 9.71426228926e-19, 9.72038859568e-19, 1.56504515769e-18, 1.59812907347e-18, 1.97913673542e-18, 3.28607010914e-18, 2.69046387895e-18, 3.14884353385e-18, 5.03606623435e-18, 5.31482403283e-18, 5.87133791407e-18, 6.40968814982e-18, 7.95719459699e-18, 9.95785002246e-18, 1.13871263039e-17, 9.27502400732e-18, 9.93619195248e-18, 1.06024826272e-17, 8.11378567721e-18, 8.25010917806e-18, 6.52885757913e-18, 3.99111005962e-18, 2.31925355097e-18, 9.38521397749e-19, 2.53503560787e-19, 2.52117299785e-20], "dvar2": [0.0135142914951, 5.84971141815, 103.883613586, 323.893554688, 189.208221436, 73.1407775879, 109.843002319, 177.210876465, 286.132537842, 588.539672852, 2688.87597656, 4325.34326172, 3771.24804688, 2391.54321289, 5955.68261719, 14196.5253906, 48089.3007813, 39998.8203125, 6092.65917969, 4666.16845703, 1353.68505859, 371.23034668, 161.043457031, 140.956436157, 164.441543579, 173.118789673, 117.208602905, 175.317977905, 118.817581177, 64.4339752197, 16.4158611298, 1.98488330841, 0.183543235064, 0.0239162575454, 0.0010342161404, 2.79814903479e-05, 2.43290787694e-06, 8.41912850547e-08, 1.29356386713e-10, 3.44428735533e-10], "dvar": [0.00503277499229, 2.13349246979, 36.0626182556, 110.17010498, 63.689666748, 25.6836490631, 41.5958633423, 70.9842071533, 110.179977417, 224.601211548, 1173.92407227, 1918.95849609, 1733.6776123, 1042.26977539, 2295.08129883, 6687.93847656, 20938.2773438, 17252.6796875, 2478.40063477, 2011.40820313, 512.287963867, 143.582626343, 63.8039474487, 54.8728370667, 64.5305023193, 68.7910919189, 48.2038497925, 71.8464508057, 55.1624412537, 30.7812995911, 8.33066082001, 0.931420564651, 0.0907130241394, 0.0110494606197, 0.000474297004985, 1.32382219817e-05, 1.00856686913e-06, 3.07745899875e-08, 4.98849746233e-11, 1.2331595467e-10], "dmean": [0.0486848950386, 1.04017233849, 4.06855297089, 8.3110294342, 5.2627158165, 3.16852688789, 3.39763474464, 4.9036154747, 5.80743789673, 6.62353515625, 10.3120346069, 16.3572673798, 18.2041110992, 18.2544841766, 24.8801307678, 39.5704154968, 65.9620361328, 59.1541671753, 35.0170326233, 27.7662067413, 15.0506010056, 9.33613777161, 6.15754032135, 5.65207004547, 5.92816877365, 6.53119516373, 4.96193695068, 4.48489999771, 3.77104520798, 2.88956594467, 1.34182357788, 0.435015410185, 0.138032659888, 0.0497820973396, 0.0101215913892, 0.00168103864416, 0.000338851707056, 4.59158945887e-05, 5.04308945892e-06, 9.80732602329e-06], "max": [1.59096705914, 25.1895561218, 78.8037490845, 122.128456116, 135.889480591, 100.969726563, 139.253250122, 203.589126587, 341.657196045, 776.853881836, 1634.32861328, 1255.65576172, 1364.27111816, 1318.63513184, 1736.17419434, 3528.14160156, 4910.11767578, 3959.53759766, 1621.96813965, 1653.20605469, 686.419677734, 240.859100342, 440.305389404, 184.307250977, 248.431243896, 157.996994019, 169.114822388, 255.629760742, 236.638900757, 135.605880737, 121.253311157, 42.7517089844, 12.807762146, 3.38897752762, 0.747146129608, 0.0873665511608, 0.0311930570751, 0.00783344171941, 0.000245912378887, 0.000143015946378], "var": [0.0118205463514, 5.93013143539, 73.6494674683, 312.522979736, 127.679367065, 38.6996612549, 104.130210876, 162.065475464, 162.362457275, 368.997131348, 2437.36157227, 5985.98876953, 5310.78515625, 2355.0793457, 4974.03564453, 22377.7773438, 53810.2226563, 48448.6953125, 6744.42578125, 7369.70703125, 1826.34997559, 433.027587891, 247.886459351, 177.074661255, 200.135879517, 223.277755737, 173.937210083, 171.937820435, 125.401016235, 76.1815185547, 20.6700401306, 2.13205456734, 0.224948450923, 0.0254871491343, 0.00111998128705, 2.93642278848e-05, 1.20551692362e-06, 2.36328698833e-08, 1.10347848914e-10, 3.48469253453e-10], "mean": [0.147296369076, 3.0679936409, 10.179444313, 26.8057689667, 13.275510788, 5.39382123947, 6.56072044373, 9.85999107361, 10.2024688721, 12.7998552322, 20.5388832092, 34.7577133179, 41.6486740112, 39.1699142456, 53.1386260986, 90.7709503174, 136.053787231, 122.277069092, 76.0902862549, 59.040977478, 37.3635025024, 23.2674503326, 16.4499416351, 14.5375347137, 15.4605541229, 16.5817089081, 12.915350914, 10.4903640747, 8.24123668671, 5.9469294548, 2.80716180801, 0.937916100025, 0.301930546761, 0.106134384871, 0.0230481158942, 0.00373643706553, 0.000534220831469, 6.4384417783e-05, 2.86586364382e-05, 5.82387365284e-05]}, "spectral_strongpeak": {"dmean2": 0.791448116302, "median": 0.556082844734, "min": 0, "dvar2": 3.10436844826, "dvar": 1.28874969482, "dmean": 0.462314516306, "max": 20.3405208588, "var": 3.06685566902, "mean": 1.02447926998}, "spectral_energy": {"dmean2": 0.0145139778033, "median": 0.0497019998729, "min": 9.97353313423e-21, "dvar2": 0.000283796282019, "dvar": 9.98692630674e-05, "dmean": 0.00871413666755, "max": 0.129753708839, "var": 0.00026750357938, "mean": 0.0498428195715}, "average_loudness": 0.969933390617, "spectral_rolloff": {"dmean2": 389.642486572, "median": 1313.52539063, "min": 107.666015625, "dvar2": 269291.65625, "dvar": 119229.695313, "dmean": 232.634185791, "max": 19616.7480469, "var": 3198439.25, "mean": 1317.39538574}, "spectral_centroid": {"dmean2": 270.496612549, "median": 1285.5916748, "min": 133.42527771, "dvar2": 82351.140625, "dvar": 36557.6601563, "dmean": 172.363983154, "max": 11773.8876953, "var": 1036782.8125, "mean": 1356.37365723}, "pitch_salience": {"dmean2": 0.092392757535, "median": 0.51048463583, "min": 0.159199744463, "dvar2": 0.0088205486536, "dvar": 0.00321642425843, "dmean": 0.0557424873114, "max": 0.985197484493, "var": 0.0107179749757, "mean": 0.505810678005}, "spectral_energyband_middle_high": {"dmean2": 0.0049140448682, "median": 0.0104425437748, "min": 1.1711808157e-21, "dvar2": 4.69292062917e-05, "dvar": 2.0235822376e-05, "dmean": 0.00311182858422, "max": 0.101323612034, "var": 9.28516528802e-05, "mean": 0.0122766532004}, "spectral_contrast_coeffs": {"dmean2": [0.0761436745524, 0.0675495713949, 0.0583831965923, 0.0491333678365, 0.0312405545264, 0.0237560234964], "median": [-0.594909548759, -0.764258384705, -0.765329003334, -0.763655483723, -0.797874033451, -0.672002732754], "min": [-0.979487776756, -0.979760468006, -0.985430955887, -0.984527647495, -0.968245685101, -0.966626226902], "dvar2": [0.00409981654957, 0.00295008951798, 0.00218002381735, 0.0014807441039, 0.000683034246322, 0.000414524722146], "dvar": [0.00140396447387, 0.00108661421109, 0.000856558734085, 0.000560434127692, 0.000259111518972, 0.000165934528923], "dmean": [0.044658601284, 0.0407098866999, 0.035865239799, 0.0298030357808, 0.0188120361418, 0.0145779391751], "max": [-0.39798232913, -0.487234860659, -0.491395354271, -0.556183874607, -0.600863814354, -0.524185359478], "var": [0.00441813142