{"metadata": {"tags": {"label": ["Lowtemp"], "genre": ["Electronic"], "originalartist": ["Gramatik"], "album": ["Street Bangerz Vol. 4"], "date": ["2013"], "musicbrainz album type": ["Album", "Mixtape/Street"], "script": ["Latin"], "albumartistsort": ["Gramatik"], "musicbrainz album release country": ["XW"], "acoustid_id": ["ce90ed33-2690-4c9a-8814-24694e5f8425"], "musicbrainz_artistid": ["9b62a8a3-fcd5-4b51-a970-0f08a440ed6d"], "musicbrainz_releasegroupid": ["a7eb4546-4069-4c5d-a76f-a36c9d2b3842"], "musicbrainz_recordingid": ["1a84d570-2962-4294-841a-7dbc332454a9"], "albumartist": ["Gramatik"], "contentgroup": ["Blues,Electronic Music,Funk,Jazz,Soul"], "originaldate": ["2013"], "musicbrainz album status": ["Official"], "artist": ["Gramatik"], "musicbrainz_albumid": ["2629f46e-d510-4293-a6fb-958282318fbe"], "artistsort": ["Gramatik"], "title": ["Slap Stutter"], "tracknumber": ["12/22"], "musicbrainz_albumartistid": ["9b62a8a3-fcd5-4b51-a970-0f08a440ed6d"], "language": ["eng"], "discnumber": ["01/01"], "originalalbum": ["Street Bangerz Vol. 4"], "acoustid_fingerprint": ["AQADtErzJElS4Qr6F82WUPhxHz7etCliv9CYGB5biNaOK4V39Dwe3Dl-_PhBXRty5fgCV1kc4jTQTNyIOnxxLfnAHc0rtMdFRC8Px6GLJ_iJS8d55DDj41Sd48zhJjfu4Ajzo8tjfMwLPcQlovdxw3WOHpdyqDrOVsIV_GhutM-P_egDLc-PIycs_fhxNIyyVDiP5sWPU9kVfDdy6Hh2PDsqyRfCXMGPps5RLtm24EL1obnx-EWOMnEDb8mSoxlqBQ2-4zHu4Q9e_KDeIaZiolyIplvE4Dg8cQrxhS-4MR9yw2fxYxf6f2he_EmI93iPj8Rhvrik8PixPRfuEjdcF9cinNKDH-Kz4HCP_Whso88H9UOuWPhxw3wuPOSOS5kJf0Ls4NchRrhyUciPKVTCCeVy_CKaH7018Mlx7cU-73hy3GHRTCIiMZIOlcg_OCKeKPhxc0L1oBHiH__QBnZ07AqeHzfRaziVMvih6IIWKjlOPXhupJMYfMvxYB6PvjkiJfRxKYfcf2jloinaBWK1oyNz41py_OCOWjfCNCJ-HK6u4EyyB08R6PBl5F6KH0x8hJaEXjHE6rBY1FryTLgP7kfo5GiqkMc3HK4e4UoSJQ7-I4cYIX-NX8FBRQzx_HgFH7uOfJp25MnwGG-xLfGRT4JKI9wVNBGDJ8Jf3CyqB42O-Lg-NItw6tij9DiqhviEOwemmCKqZceDP0hDEV-O78F-hE5zTIl-6PtxnUfjpji-HGK1o1t6vMwDXvjhJjfyET8qNJoSVQmeMMdnxNCKME9xz8L5gGqiIx_6GLqOjj0-LfmEg-MRxjnqSTyOw1XWCFciJQ5-5BCjI3cm4w_6DEyiDv_RF82FPcmH_BryJMN_7GKQLsc1CTqFVA-uRMF5_MKPJuh6xGLwHM2GkjqmRulxVA3xKSJO5cGgxYbW7MEffA7SNFnxHfMfHGEaY5IOfTmu57BrnGgziOJz1Fq64E8F7rhe2OGRK1FwNNkudFv0BE-WxPiL-BCJHPeD58hUSUcPPzrEHt3SHO9iZQJ3_EidH88kAvXROFmj4JKUGHEOVfBz5Hbwg4qO48_R_OgRPQk_PC_yCPdRykGkLMcZCfIVIn1xhbiOf8IPB0-PnBnxOGiMPTk-H0cfnCeuB3sCu8WXPXiOZjpCjccxjw_eI0wdTBJP6MqPS83hG7WgR9FhkUetJQ9-C9xxPbDDHLmy4nB8fEmiHI-P-PggHnmLT8mDH5kq6ehnuBpE8ai15BnuWQb34zpShz8eRQmBpnrQKwoXXKJsxJBzpD1-BU90wVWPJ7hDUD9xPDpxF7-RjY0HbUsYhMmIo-FzlEoyXELxlIfzRSjxJDl-eC--44xx5h4aTeiRH4-Yo1saGX90MD-JorFxow9uCVSyKTnaZMV5PGiGScuPZ7qCw_mOR_hxH7l1WM2240e8i4HdHR80Hxc1NImT4hVxKzi0jEXDKMS14w_84cafH3HS49LQMIpeoj9-B_aPaxGeI5TRfNB55Cv2HR5LPBfh53g3gU-MXDuij9rxBD-LbfIRK5KgG-GuoIkYPBH-4mZRPWh0xMf1oYzgUceu9HhwE70m3HlwTDFFtDzOBz_SUAy-HPMe_AjfHFNCH7qUH9d-NHZRo10gVvvRsccn5gEv_GiqG6EjEsdhTVkVPJHy4DNi6Eif4o4s_AHV7MiJXjHE6mjE4lryTPjB8Qifo-kkHsfhio1wJYkSBz9yiBHy1_gV9ASTqAv-o6_QHHty5Kt25EmGH28RbYmPaxJ0I4yuoFIWXMKv4c5QHY2O-Hjyodlw6tij9Diqhvgm4lQePNjcEF92PPgcpHGG78G8B-cR-pgSHfqOSz38FLXwKIeoow6T46UVcMcPNzfyET8qH4226AmeMMdnxNCKMC_uC88eZKqkox_8HWKPbmFyvPwE7viROj8-iTh6NE2yRsElJsaDGN5z6KeCH0zsoT8eo7mDST-ekEPj_Aif4Qw6_Bnm9Thj5I6DxGLgLeg9PMa0oxnCi4XZw0ePKzlCpOehj_jRr6gcHGLTGKeRN8d_eLKRpzEaHjqaleiiF4eW7_hy_DiP-vgx-UZjHXnE4EJToXO44dkT5Bz0IT3O4MoeWLyD6JLxHHoQ_kJO1LfwC9PRhPzxJsMfNBXCdyuuPbhz5AwPLT9CHc-WYsrkw_3R48edkEHOH8-RR8LdopQRKYuSQ6WG_Ap84ouC4-WEO3AQpzlOZniMxjn24PNx9MF5Bteh6Am0OCy-KA-eI52Oj8cxjw_eI1ro4DyhKz86yUfTox3EKkfHH9cSLvgN7qh1o3FC5NIBh_pwJlEePM0R6PCPvGFxHY2RxZKOXjHEChaPWtMz4b7A_ch1uAnz44tSHK4ePIlyXBbiHJqEMP3xDwcVMcTz44UvHNEVaRyeDHmKUy2m7EfISIJK5B8cSXgW_LgvVA8aIf7x5CiHZj72oc2Pm-g1nEoZ_JhyoZWO83iONJIYfDn-YOfRN0ekhD4u5YfcH61cNEW7QKz2oyNzXEsO8vjRVDdCR8SPw1VWBWekPHiKQIdv5I5S_KC8IxfRK4ZYHY1YXEueCT-4I3RyAIIEQgoYJYhCQggIgICQGKaMIcwIIJFABEHBGLFAIgCIQMASAYABBShrCJJSQCARAAAZBQwASgkARGHAEQCUAIAQBQBxBiGpALLGKAcENIYpEIQBHhghABEAAKEUgeYBwDAQgAhgqAAMIEscdMBAABQgQACDAHHEAUABMQQAAAQwABBFkQGSECGMMAAApJAARgggQABMECAEEEgIiBUEgAhgBAEIKmKBIEApY0QhwDhggCJcEWGpQQIIwIgARClkPCCACGCQA4aAQYwgiAEmBAFCAIQMgUIADLAyECAAkECGMESsEAJEZYwoQARhFFLKCEYJEgIAQIQEhAAilUKAGiAMQoAIIIUxAMBJnAAOGSGIRUwYTwACSlCBEAMKAA2ERVABwwhIyChEnDJAAUsAAQAYCQACxCqCAKDCGGEMAEAgwwARDggQlBMECOGQABAIYpFiBhIhDCCAKmEUAwQDARBiAhgDiAaKAKMUQgIhQQxiQCCgAKGIEcMIEIQRIQAgAjgLADEgMAHAcAxYAYQTlAjlGGCUBCQgAQAYABgQDAEkCCACGC0IA0gpIhQAAABCAFEKGQ8IEMIYAAABBShBjEASACYAEEIgIIQAGGAFAQJAIIEcUcQiICAEyhhRgAgGKKKUEYwaJAAAgBFAAFEKGQ8IIAIYhACRgIBhCFIQSAIFRIaAICxjzEBAAAJACYIMIABoIIhEUAFkMAGCCYAUoV5RwYgQzCjAhKIQECOMAYwAShADggBjmHgKQEMUYwRQ4gSBShgBGALASIcAUoACDQgwgAiFHGAAiSMEEEgBAAwBACgAAGALSWIMMgYAIJBBgAgHgABBOSIIEE4RQ5AgWBlABDBAEAEQAwQDQQAyDAAjihIEBKQIV0RYyggBQBAAiKIIGCAJEEIYAABSRgAmhBHEEQCYIEAIBIRAAgKsIAACGIEAgsQQi4CAWAE"], "media": ["Digital Media"], "file_name": "01-12 Slap Stutter.mp3", "composer": ["Denis Jasarevic"]}, "audio_properties": {"sample_rate": 44100, "downmix": "mix", "lossless": false, "analysis_sample_rate": 44100, "md5_encoded": "5599594c88ae80b3f447e3f39a2cbaa2", "equal_loudness": 0, "replay_gain": -14.5186977386, "codec": "mp3", "bit_rate": 320000, "length": 122.749389648}, "version": {"extractor": "music 1.0", "essentia_build_sha": "2d9f1f26377add8aeb1075a9c2973f962c4f09fd", "essentia_git_sha": "v2.1_beta2-1-ge3940c0", "essentia": "2.1-beta2"}}, "rhythm": {"beats_loudness_band_ratio": {"dvar2": [0.317207306623, 0.0868938937783, 0.00353364623152, 0.00176458421629, 0.0132712395862, 0.170226246119], "var": [0.177886530757, 0.0256939716637, 0.00151508848649, 0.000938560930081, 0.00532139837742, 0.0864116698503], "min": [0.000995666137896, 0.000133538502268, 1.06771358332e-05, 3.08292328555e-06, 2.62427988673e-06, 1.23867921502e-05], "dmean": [0.69375628233, 0.23142439127, 0.025409637019, 0.0313283577561, 0.116215340793, 0.367353588343], "mean": [0.445679038763, 0.124577187002, 0.0166512038559, 0.0182941872627, 0.0616136938334, 0.341311335564], "max": [0.999825716019, 0.459411501884, 0.338619917631, 0.232375785708, 0.308054983616, 0.991285681725], "dmean2": [1.37160146236, 0.462286323309, 0.046830996871, 0.0599301606417, 0.231031507254, 0.678622484207], "median": [0.355445891619, 0.018952652812, 0.00476075010374, 0.00364074180834, 0.0065755750984, 0.429736256599], "dvar": [0.100809037685, 0.0252411998808, 0.00146573607344, 0.00070775533095, 0.00385681469925, 0.0551203861833]}, "bpm_histogram_first_peak_weight": {"dvar2": 0, "var": 0, "min": 0.757731974125, "dmean": 0, "mean": 0.757731974125, "max": 0.757731974125, "dmean2": 0, "median": 0.757731974125, "dvar": 0}, "bpm": 95.9984283447, "beats_count": 195, "bpm_histogram_first_peak_spread": {"dvar2": 0, "var": 0, "min": 0.205405369401, "dmean": 0, "mean": 0.205405369401, "max": 0.205405369401, "dmean2": 0, "median": 0.205405369401, "dvar": 0}, "danceability": 1.61480009556, "bpm_histogram_first_peak_bpm": {"dvar2": 0, "var": 0, "min": 96, "dmean": 0, "mean": 96, "max": 96, "dmean2": 0, "median": 96, "dvar": 0}, "beats_position": [0.592108845711, 1.18421769142, 1.77632653713, 2.36843538284, 2.97215414047, 3.58748292923, 4.20281171799, 4.82975053787, 5.44507932663, 6.08362817764, 6.72217655182, 7.38394546509, 8.05732440948, 8.73070240021, 9.4040813446, 10.0890703201, 10.7508392334, 11.3777770996, 12.0047159195, 12.6316547394, 13.2585935593, 13.8855323792, 14.512471199, 15.1394100189, 15.7663488388, 16.3932876587, 17.0202255249, 17.6355552673, 18.2508831024, 18.877822876, 19.5047607422, 20.1317005157, 20.758638382, 21.3855781555, 22.0125160217, 22.6394557953, 23.2663936615, 23.8933334351, 24.5202713013, 25.1356010437, 25.7625389099, 26.3778686523, 27.0048065186, 27.6317462921, 28.2586841583, 28.8856239319, 29.5125617981, 30.1394996643, 30.7664394379, 31.3933773041, 32.0203170776, 32.6472549438, 33.2625846863, 33.8779144287, 34.5048522949, 35.1317901611, 35.7587280273, 36.3856697083, 37.0126075745, 37.6395454407, 38.2664833069, 38.8934249878, 39.520362854, 40.1473007202, 40.7742385864, 41.4127883911, 42.0165061951, 42.6318359375, 43.2587738037, 43.8857116699, 44.5126533508, 45.139591217, 45.7665290833, 46.3934669495, 47.0204086304, 47.6357345581, 48.262676239, 48.8780021667, 49.5049438477, 50.1318817139, 50.7588195801, 51.3857574463, 52.0126991272, 52.6396369934, 53.2665748596, 53.8935127258, 54.5204544067, 55.1357803345, 55.7627182007, 56.3780479431, 57.0049858093, 57.6319274902, 58.2588653564, 58.8858032227, 59.5127410889, 60.1396827698, 60.766620636, 61.3935585022, 62.0204963684, 62.6474380493, 63.2627639771, 63.8780937195, 64.5050354004, 65.1319732666, 65.7589111328, 66.385848999, 67.0127868652, 67.6397247314, 68.2666625977, 68.8936004639, 69.5205459595, 70.1358718872, 70.7511978149, 71.3781356812, 72.0050811768, 72.632019043, 73.2589569092, 73.8858947754, 74.5128326416, 75.1397705078, 75.766708374, 76.3936462402, 77.0205917358, 77.6359176636, 78.2628555298, 78.8781814575, 79.5051269531, 80.1320648193, 80.7590026855, 81.3859405518, 82.012878418, 82.6398162842, 83.2667541504, 83.8936920166, 84.5206298828, 85.1359634399, 85.7512893677, 86.3782272339, 87.0051651001, 87.6321105957, 88.2590484619, 88.8859863281, 89.5129241943, 90.1398620605, 90.7667999268, 91.393737793, 92.0206756592, 92.6476211548, 93.2629470825, 93.8782730103, 94.5052108765, 95.1321487427, 95.7590942383, 96.3860321045, 97.0129699707, 97.6399078369, 98.2668457031, 98.8937835693, 99.5207214355, 100.136054993, 100.75138092, 101.378318787, 102.005256653, 102.632194519, 103.259140015, 103.886077881, 104.513015747, 105.139953613, 105.766891479, 106.393829346, 107.020767212, 107.636100769, 108.263038635, 108.878364563, 109.505302429, 110.132240295, 110.759178162, 111.397727966, 112.013061523, 112.63999939, 113.266937256, 113.893875122, 114.520812988, 115.136146545, 115.751472473, 116.378410339, 117.005348206, 117.632286072, 118.259223938, 118.886169434, 119.5131073, 120.140045166, 120.766983032, 121.393920898, 122.032470703], "beats_loudness": {"dvar2": 0.0050818733871, "var": 0.00272206612863, "min": 4.4022107204e-07, "dmean": 0.0557468682528, "mean": 0.073280274868, "max": 0.20589184761, "dmean2": 0.0922473445535, "median": 0.0836477652192, "dvar": 0.00168780121021}, "bpm_histogram_second_peak_weight": {"dvar2": 0, "var": 0, "min": 0.0206185560673, "dmean": 0, "mean": 0.0206185560673, "max": 0.0206185560673, "dmean2": 0, "median": 0.0206185560673, "dvar": 0}, "bpm_histogram_second_peak_spread": {"dvar2": 0, "var": 0, "min": 0.333333313465, "dmean": 0, "mean": 0.333333313465, "max": 0.333333313465, "dmean2": 0, "median": 0.333333313465, "dvar": 0}, "bpm_histogram_second_peak_bpm": {"dvar2": 0, "var": 0, "min": 89, "dmean": 0, "mean": 89, "max": 89, "dmean2": 0, "median": 89, "dvar": 0}, "onset_rate": 4.3905415535}, "lowlevel": {"spectral_energyband_high": {"dvar2": 0.000108522930532, "var": 4.81808820041e-05, "min": 7.39844395475e-21, "dmean": 0.0028202959802, "mean": 0.00242904759943, "max": 0.0508781038225, "dmean2": 0.00439105043188, "median": 2.72049510386e-05, "dvar": 4.78193578601e-05}, "spectral_energyband_middle_low": {"dvar2": 0.00197432795539, "var": 0.000465863849968, "min": 1.17774105872e-22, "dmean": 0.00925449468195, "mean": 0.0066104051657, "max": 0.165621042252, "dmean2": 0.0167984757572, "median": 0.00044733035611, "dvar": 0.000723543809727}, "spectral_energy": {"dvar2": 0.0045852814801, "var": 0.00427878135815, "min": 1.03730177492e-20, "dmean": 0.0244427733123, "mean": 0.0467293262482, "max": 0.296665757895, "dmean2": 0.0399639680982, "median": 0.00825623981655, "dvar": 0.00198726612143}, "spectral_spread": {"dvar2": 5455061450750.0, "var": 9046958538750.0, "min": 1371614.375, "dmean": 1515423.25, "mean": 7737533, "max": 42506000, "dmean2": 2269835.75, "median": 8210059, "dvar": 2808002904060.0}, "spectral_energyband_low": {"dvar2": 0.00325244967826, "var": 0.00356027227826, "min": 3.85487641399e-23, "dmean": 0.0189495012164, "mean": 0.0377372838557, "max": 0.258467853069, "dmean2": 0.0308950152248, "median": 0.00101178465411, "dvar": 0.00148937501945}, "spectral_rolloff": {"dvar2": 20615080, "var": 12527893, "min": 21.533203125, "dmean": 1452.87304688, "mean": 1914.16186523, "max": 19078.4179688, "dmean2": 2499.58105469, "median": 107.666015625, "dvar": 8833037}, "barkbands": {"dvar2": [3.98535630666e-05, 0.00188137765508, 0.00137159810401, 0.000467066682177, 0.000571143871639, 2.98681261484e-05, 3.67373604604e-06, 4.08451711564e-07, 9.50226933583e-07, 2.75398406302e-07, 9.27293910991e-07, 8.79243700069e-08, 2.04741027687e-07, 5.14333606816e-08, 5.67715296995e-08, 1.87657974493e-07, 3.9641693661e-07, 3.93364899764e-07, 8.97519157661e-07, 1.3659519027e-06, 2.19833896153e-06, 6.53949746265e-06, 1.1049467048e-06, 6.6460047492e-06, 8.13790666143e-06, 8.73469844009e-07, 7.88890446302e-08], "var": [4.95787062391e-05, 0.00245142658241, 0.000287925795419, 8.8006570877e-05, 0.000156506823259, 8.08860659163e-06, 7.85718725638e-07, 1.1549219181e-07, 1.94670519704e-07, 6.98685411749e-08, 2.28835119742e-07, 2.96782989295e-08, 5.48411591694e-08, 3.87633605214e-08, 3.21859374708e-08, 4.70872727476e-08, 1.38520050541e-07, 4.17199657932e-07, 6.21192441486e-07, 8.60668080804e-07, 1.25912640669e-06, 1.80795655069e-06, 6.22161110186e-07, 2.58046588897e-06, 2.65795506493e-06, 3.10181121677e-07, 2.70641660194e-08], "min": [6.08690596495e-25, 8.71803318518e-24, 4.84920844821e-24, 1.00897976128e-23, 1.66011990971e-23, 9.0316882254e-24, 1.98696912189e-23, 1.02669994379e-23, 2.14285450542e-23, 1.76891266379e-23, 2.47901243405e-23, 4.33967372319e-23, 5.95048383099e-23, 6.54840758053e-23, 6.54033343139e-23, 6.12954705232e-23, 1.10439390771e-22, 1.32265215644e-22, 2.0376214073e-22, 2.14564410691e-22, 3.09682027468e-22, 4.38910797581e-22, 6.08449653131e-22, 7.23606785525e-22, 1.04757769669e-21, 1.43068146986e-21, 2.09076241002e-21], "dmean": [0.00178247282747, 0.0152407465503, 0.00660131499171, 0.00334626110271, 0.00425375858322, 0.00113440037239, 0.000358187069651, 0.000150099906023, 0.000193944069906, 0.000123826597701, 0.000139332114486, 5.30628531124e-05, 6.63716346025e-05, 5.64191686863e-05, 5.79677434871e-05, 7.55386063247e-05, 9.57370430115e-05, 0.00014227128122, 0.000201947317692, 0.000248800351983, 0.000349160458427, 0.000519998720847, 0.000286721508019, 0.000673230737448, 0.000669408822432, 0.000235763276578, 6.92476460245e-05], "mean": [0.00293611874804, 0.028345618397, 0.00537136662751, 0.00229186262004, 0.00296332826838, 0.000788731209468, 0.000245676608756, 0.00013532070443, 0.000144109682878, 0.000102460769995, 0.000103570542706, 4.70799604955e-05, 5.70214506297e-05, 6.5572487074e-05, 6.44758329145e-05, 6.78575961501e-05, 0.000102615907963, 0.000164317913004, 0.000213678838918, 0.000235176397837, 0.000320060527883, 0.000405844883062, 0.000262196088443, 0.000544392853044, 0.000515185354743, 0.000182971445611, 5.2792205679e-05], "max": [0.0408899150789, 0.247043862939, 0.156759768724, 0.104173533618, 0.13067124784, 0.029098149389, 0.011669526808, 0.00280064158142, 0.00382305681705, 0.00210261740722, 0.00946992449462, 0.00402190815657, 0.00284674810246, 0.00228182948194, 0.00134305318352, 0.00351885519922, 0.00786873791367, 0.00864969193935, 0.00664647016674, 0.00778601039201, 0.00982961803675, 0.0143384421244, 0.00619896035641, 0.0119968317449, 0.01359212026, 0.00444090459496, 0.00159517815337], "dmean2": [0.0030060489662, 0.0228835232556, 0.0120052378625, 0.00636664731428, 0.00757858110592, 0.00199867109768, 0.000658678647596, 0.000271160883131, 0.000355519761797, 0.000222706745262, 0.000244060182013, 8.65517940838e-05, 0.000112415429612, 8.28791162348e-05, 9.08333749976e-05, 0.000136509785079, 0.00017137931718, 0.000177258523763, 0.00027011486236, 0.000354464660631, 0.000502772454638, 0.00088615558343, 0.000428204220952, 0.00108612061013, 0.00109511206392, 0.000381734891562, 0.000112887049909], "median": [0.000221228721784, 0.00026327354135, 0.000106154460809, 8.32280566101e-05, 8.13160586404e-05, 1.80570241355e-05, 6.06787716606e-06, 2.42361556957e-06, 2.76265927823e-06, 2.01406101041e-06, 1.7901290903e-06, 1.79773201125e-06, 1.57656450028e-06, 1.83874635695e-06, 3.28113128489e-06, 2.61548143499e-06, 2.97156680062e-06, 3.09375332108e-06, 5.11762391397e-06, 3.75685226572e-06, 4.40645499111e-06, 2.9097298011e-06, 1.96292853616e-06, 2.81637471744e-06, 2.51934579865e-06, 2.57358533418e-06, 1.17565309665e-06], "dvar": [1.57250542543e-05, 0.000962727819569, 0.000479587935843, 0.000160974828759, 0.000219265697524, 1.13225823952e-05, 1.30133719267e-06, 1.44771277633e-07, 3.31836531586e-07, 9.96323379354e-08, 3.41751189126e-07, 3.53194202773e-08, 7.55046585255e-08, 2.54043275305e-08, 2.63401389589e-08, 6.17715443241e-08, 1.45724882827e-07, 2.39977879346e-07, 4.54597568478e-07, 6.83614644004e-07, 1.03674608454e-06, 2.43936574407e-06, 5.19660147802e-07, 2.84880024992e-06, 3.2669936445e-06, 3.62024962897e-07, 3.24643139038e-08]}, "melbands_skewness": {"dvar2": 41.3119163513, "var": 32.8667106628, "min": -3.22227072716, "dmean": 3.58694148064, "mean": 7.93054008484, "max": 63.4019622803, "dmean2": 5.43547868729, "median": 7.21193408966, "dvar": 15.9479942322}, "barkbands_skewness": {"dvar2": 28.8243923187, "var": 27.7275371552, "min": -5.66960573196, "dmean": 3.16672825813, "mean": 5.34168195724, "max": 32.4645423889, "dmean2": 4.91607570648, "median": 4.10423660278, "dvar": 12.1569442749}, "erbbands": {"dvar2": [4.42611122131, 82.2895889282, 1203.30908203, 4228.00341797, 2522.53295898, 14578.1220703, 7217.74414063, 1161.46569824, 1394.52514648, 110.41696167, 307.896850586, 438.726165771, 476.234436035, 481.190551758, 971.350280762, 123.303421021, 277.801239014, 211.876937866, 212.287033081, 80.0734100342, 856.474853516, 1321.98718262, 688.410766602, 4007.15820313, 1207.32739258, 2837.04296875, 6055.93798828, 1851.7487793, 15911.3964844, 1641.16101074, 904.231262207, 1821.06945801, 2184.23388672, 1759.59387207, 231.82131958, 22.0367679596, 4.18721485138, 0.014192994684, 0.000505280389916, 5.31437835889e-05], "var": [4.19724559784, 89.5447769165, 302.046905518, 812.530944824, 509.014038086, 3845.57592773, 2016.58410645, 349.075805664, 296.630737305, 34.6657676697, 72.2940444946, 89.8593139648, 103.77016449, 145.126174927, 240.07484436, 42.9568557739, 85.8663864136, 126.959365845, 118.664627075, 49.2993431091, 220.785385132, 484.401153564, 859.090270996, 2252.63818359, 1115.37768555, 1958.46801758, 2690.49365234, 1467.53295898, 3676.22705078, 841.255004883, 493.523132324, 753.533691406, 825.681518555, 566.230834961, 72.1232910156, 8.27211952209, 1.28655445576, 0.00505693908781, 0.000183147247299, 1.64916909853e-05], "min": [7.43467198162e-23, 2.31036412042e-21, 3.62337379651e-21, 2.42269682281e-20, 4.17600258166e-20, 4.67715447942e-20, 4.10490349996e-20, 1.00778186375e-19, 1.87372125175e-19, 2.16833674881e-19, 3.13380632089e-19, 4.47629202073e-19, 6.84546861001e-19, 8.39218572008e-19, 1.64229876043e-18, 2.22067099275e-18, 2.73038299492e-18, 3.85744718521e-18, 3.53185731558e-18, 3.99709884726e-18, 4.55491926027e-18, 5.46344481426e-18, 7.24198363369e-18, 7.03126350855e-18, 1.1583648701e-17, 1.08546502913e-17, 1.08370950371e-17, 1.33837301987e-17, 1.46836403955e-17, 1.49676247346e-17, 1.62804480479e-17, 1.39058623178e-17, 1.34251322427e-17, 9.77578756964e-18, 8.08979495791e-18, 5.09099144062e-18, 2.60368249973e-18, 1.15944841467e-18, 2.79347061268e-19, 3.16005579903e-20], "dmean": [0.648135304451, 3.04234671593, 6.91578912735, 10.2658853531, 9.59884262085, 18.3241577148, 13.5772638321, 7.76004076004, 6.85944604874, 2.61764979362, 3.69318389893, 4.09805822372, 4.89279794693, 4.66130590439, 4.20833396912, 2.19128537178, 2.75875091553, 3.37054514885, 3.30771684647, 2.18742728233, 5.00162315369, 5.54172849655, 6.51556587219, 11.3241481781, 8.94822406769, 11.8657274246, 15.6000881195, 11.7106342316, 22.9288425446, 10.9209451675, 8.2367515564, 11.397687912, 12.1150388718, 9.91973114014, 3.43528461456, 1.19779896736, 0.484431415796, 0.0326200053096, 0.00600956380367, 0.00167186290491], "mean": [1.06672811508, 5.3366317749, 7.07671546936, 7.33780193329, 6.67545127869, 12.4891605377, 9.33971691132, 5.75881719589, 4.72057008743, 2.47937703133, 2.86219620705, 3.18358230591, 3.59754943848, 4.03577041626, 3.08752536774, 1.99646914005, 2.56771373749, 3.58471465111, 3.68175649643, 2.66944336891, 4.81756734848, 5.87092828751, 7.85652303696, 10.988451004, 10.0685806274, 11.6410608292, 13.6179943085, 11.6265268326, 16.6939201355, 9.61470031738, 7.54781532288, 9.42633628845, 9.62267208099, 7.49838066101, 2.65075397491, 0.956372439861, 0.354461729527, 0.0256024673581, 0.00482481205836, 0.00122634298168], "max": [9.65132522583, 51.2096099854, 147.814468384, 295.471862793, 206.032775879, 664.654602051, 529.5625, 204.085098267, 226.276107788, 54.2559661865, 69.4243621826, 86.3167495728, 91.1986999512, 159.638946533, 360.356933594, 111.095932007, 107.111564636, 126.129074097, 101.937858582, 60.9566841125, 284.546112061, 438.623413086, 327.980041504, 446.43862915, 253.905288696, 386.427703857, 492.749298096, 279.773498535, 723.20916748, 214.69203186, 162.703338623, 196.950408936, 213.147903442, 196.536804199, 73.8896560669, 22.6440219879, 9.69515800476, 0.511016726494, 0.115542717278, 0.0403361283243], "dmean2": [1.01172375679, 4.69542837143, 12.1254777908, 19.3971099854, 17.810842514, 32.7616729736, 23.4178276062, 13.578909874, 12.7375822067, 4.59029817581, 6.84046506882, 7.49254798889, 8.93429088593, 7.9940495491, 7.48550319672, 3.52185535431, 4.61426544189, 5.06075763702, 4.96874761581, 3.50835680962, 8.90661144257, 9.91144180298, 7.97435760498, 15.964345932, 12.0283889771, 16.790063858, 23.289396286, 17.0804615021, 40.423122406, 16.4212055206, 12.5274896622, 18.09516716, 19.4220695496, 16.2645282745, 5.69668340683, 1.91369318962, 0.811941623688, 0.0528865717351, 0.00962369982153, 0.00279533513822], "median": [0.00836470443755, 0.0450682416558, 0.194067358971, 0.371916413307, 0.551444530487, 0.266127407551, 0.195988893509, 0.12483009696, 0.0995354801416, 0.0773926898837, 0.0710024908185, 0.0602879300714, 0.0766382664442, 0.0745479464531, 0.0701149702072, 0.0912125632167, 0.0879911035299, 0.106663823128, 0.139462292194, 0.139418169856, 0.173210084438, 0.169992148876, 0.16580966115, 0.22198304534, 0.245027810335, 0.208724424243, 0.209226131439, 0.138597741723, 0.113313779235, 0.0741757750511, 0.0612647309899, 0.0648300945759, 0.0386285670102, 0.0286142639816, 0.0170805975795, 0.0106080425903, 0.00477878935635, 0.00108964112587, 0.000224664981943, 4.47227794211e-05], "dvar": [1.93490350246, 39.8965110779, 429.439758301, 1465.68737793, 885.597473145, 5531.63330078, 2778.98803711, 453.338226318, 492.30078125, 41.1183853149, 106.630470276, 152.600646973, 168.083343506, 184.686584473, 359.414611816, 49.4451828003, 106.187072754, 97.6446228027, 96.3260116577, 35.6114997864, 282.432159424, 487.935211182, 444.374786377, 1908.14868164, 694.907104492, 1469.95690918, 2606.62768555, 994.926208496, 5688.02929688, 739.950134277, 423.647674561, 790.857788086, 927.0859375, 703.218811035, 91.308807373, 9.29622650146, 1.65603721142, 0.00582392560318, 0.000207841425436, 2.117960139e-05]}, "silence_rate_30dB": {"dvar2": 0.163227155805, "var": 0.163304835558, "min": 0, "dmean": 0.0888972952962, "mean": 0.79444026947, "max": 1, "dmean2": 0.177828222513, "median": 1, "dvar": 0.0809955373406}, "melbands_spread": {"dvar2": 3567.83349609, "var": 2154.1809082, "min": 0.0878945663571, "dmean": 19.0850353241, "mean": 26.0681991577, "max": 290.103851318, "dmean2": 30.1701641083, "median": 6.98221683502, "dvar": 1422.52368164}, "melbands_crest": {"dvar2": 68.4466934204, "var": 76.9681625366, "min": 1.60941553116, "dmean": 5.51527166367, "mean": 24.2290725708, "max": 39.8697624207, "dmean2": 8.92500495911, "median": 25.9705696106, "dvar": 29.0189800262}, "zerocrossingrate": {"dvar2": 0.00122899410781, "var": 0.00637053744867, "min": 0.0009765625, "dmean": 0.0279552321881, "mean": 0.0717890709639, "max": 0.7236328125, "dmean2": 0.0314084179699, "median": 0.0439453125, "dvar": 0.00124774849974}, "barkbands_kurtosis": {"dvar2": 85080.8125, "var": 40955.2695313, "min": -1.9672755003, "dmean": 83.6313400269, "mean": 91.6304779053, "max": 2159.9597168, "dmean2": 136.13041687, "median": 19.4769954681, "dvar": 36112.84375}, "spectral_flux": {"dvar2": 0.0164713636041, "var": 0.0140752997249, "min": 6.73415836983e-11, "dmean": 0.0601991526783, "mean": 0.0967848673463, "max": 0.543110907078, "dmean2": 0.0925705730915, "median": 0.0470736958086, "dvar": 0.00826512742788}, "barkbands_crest": {"dvar2": 43.4832382202, "var": 47.6763343811, "min": 2.84832763672, "dmean": 4.5595703125, "mean": 16.2426300049, "max": 26.5592002869, "dmean2": 7.44345474243, "median": 16.5414276123, "dvar": 18.8989715576}, "barkbands_flatness_db": {"dvar2": 0.00850951392204, "var": 0.0154184726998, "min": 0.0271060634404, "dmean": 0.0655710622668, "mean": 0.225592166185, "max": 0.694007992744, "dmean2": 0.0948085784912, "median": 0.206187099218, "dvar": 0.00431033968925}, "spectral_entropy": {"dvar2": 0.373990267515, "var": 0.822421967983, "min": 4.06459951401, "dmean": 0.360321760178, "mean": 7.8204331398, "max": 9.81629085541, "dmean2": 0.502488493919, "median": 8.22136878967, "dvar": 0.233666107059}, "pitch_salience": {"dvar2": 0.0498419255018, "var": 0.0518671758473, "min": 0.0212619006634, "dmean": 0.150918751955, "mean": 0.385955244303, "max": 0.951808214188, "dmean2": 0.240303218365, "median": 0.32953286171, "dvar": 0.0208279769868}, "erbbands_spread": {"dvar2": 1732.57055664, "var": 1580.71203613, "min": 1.23979330063, "dmean": 26.6730213165, "mean": 69.9613647461, "max": 215.945922852, "dmean2": 42.0281982422, "median": 67.7739562988, "dvar": 811.567626953}, "dynamic_complexity": 8.28450202942, "spectral_contrast_valleys": {"dvar2": [0.919756174088, 2.02752375603, 1.89673173428, 1.32105672359, 1.07732963562, 1.32116472721], "var": [2.88127279282, 3.42644834518, 3.3938574791, 2.80292153358, 2.56152224541, 2.91918039322], "min": [-27.7731323242, -27.5769844055, -27.9808044434, -27.3706798553, -27.5435237885, -27.3893489838], "dmean": [0.636093854904, 0.784488677979, 0.789006710052, 0.709253251553, 0.669476389885, 0.782269775867], "mean": [-8.20732212067, -8.81303215027, -9.48246765137, -9.71597671509, -9.02079772949, -10.6488580704], "max": [-4.98772335052, -4.94649457932, -5.65053701401, -5.96561813354, -5.46275568008, -6.78246259689], "dmean2": [0.915147781372, 1.15687644482, 1.15635979176, 1.0223544836, 0.903064966202, 0.989567935467], "median": [-8.11919593811, -8.56144142151, -9.27445030212, -9.56928253174, -9.08222389221, -11.130859375], "dvar": [0.523371875286, 1.05823731422, 0.973124563694, 0.728515744209, 0.605246305466, 0.755327224731]}, "hfc": {"dvar2": 8884.97167969, "var": 4131.55224609, "min": 1.11371359446e-16, "dmean": 27.6542663574, "mean": 26.3598232269, "max": 447.799438477, "dmean2": 43.0332794189, "median": 4.79004573822, "dvar": 3965.80224609}, "spectral_kurtosis": {"dvar2": 49.5192489624, "var": 36.2860984802, "min": -1.22586548328, "dmean": 2.2629070282, "mean": 3.62549972534, "max": 94.4967575073, "dmean2": 3.29822802544, "median": 1.85288393497, "dvar": 23.148065567}, "mfcc": {"mean": [-815.751708984, 77.3439483643, 49.211101532, 47.7752723694, 23.4621276855, 15.9775209427, 14.921998024, 7.98557472229, 8.349152565, 5.24832296371, 0.420673549175, 0.815678358078, 0.0375660136342], "cov": [[25204.1113281, 1295.85119629, -1296.14575195, -876.606872559, -789.536865234, -536.173034668, -514.52734375, -135.803466797, -146.332427979, -236.477355957, -321.862365723, -233.879440308, -225.532089233], [1295.85119629, 3556.84399414, -475.378051758, 15.3704471588, 129.152587891, 64.7711868286, 111.008796692, 151.095352173, 197.592178345, 208.257217407, -9.33588123322, 37.1030273438, 46.9969863892], [-1296.14575195, -475.378051758, 968.521911621, 129.702636719, 208.733261108, 187.12147522, 126.247940063, 82.0073013306, 98.4941253662, 57.07447052, 105.543960571, 40.9608840942, 26.6396083832], [-876.606872559, 15.3704471588, 129.702636719, 333.802001953, 130.188171387, 118.756156921, 114.904624939, 51.8054733276, 35.4520645142, 21.1176624298, 15.0988302231, 35.5247001648, 46.9977493286], [-789.536865234, 129.152587891, 208.733261108, 130.188171387, 234.03855896, 138.899887085, 119.385902405, 95.3279647827, 90.2321395874, 84.972618103, 63.5841789246, 65.8490905762, 36.2489051819], [-536.173034668, 64.7711868286, 187.12147522, 118.756156921, 138.899887085, 169.948455811, 111.468521118, 77.1171188354, 61.840461731, 53.843006134, 50.0326728821, 44.5695266724, 19.8983974457], [-514.52734375, 111.008796692, 126.247940063, 114.904624939, 119.385902405, 111.468521118, 158.475723267, 88.9374313354, 79.4324188232, 59.8975486755, 29.5964946747, 47.1911430359, 31.9388618469], [-135.803466797, 151.095352173, 82.0073013306, 51.8054733276, 95.3279647827, 77.1171188354, 88.9374313354, 123.748832703, 95.7766952515, 75.6225738525, 38.2404937744, 37.1838951111, 24.5966529846], [-146.332427979, 197.592178345, 98.4941253662, 35.4520645142, 90.2321395874, 61.840461731, 79.4324188232, 95.7766952515, 131.646575928, 92.0733337402, 51.2378845215, 42.7465171814, 30.2663021088], [-236.477355957, 208.257217407, 57.07447052, 21.1176624298, 84.972618103, 53.843006134, 59.8975486755, 75.6225738525, 92.0733337402, 119.15612793, 69.1303863525, 46.1614456177, 25.8821544647], [-321.862365723, -9.33588123322, 105.543960571, 15.0988302231, 63.5841789246, 50.0326728821, 29.5964946747, 38.2404937744, 51.2378845215, 69.1303863525, 87.5708618164, 44.2583427429, 18.9459667206], [-233.879440308, 37.1030273438, 40.9608840942, 35.5247001648, 65.8490905762, 44.5695266724, 47.1911430359, 37.1838951111, 42.7465171814, 46.1614456177, 44.2583427429, 57.0071983337, 24.0497989655], [-225.532089233, 46.9969863892, 26.6396083832, 46.9977493286, 36.2489051819, 19.8983974457, 31.9388618469, 24.5966529846, 30.2663021088, 25.8821544647, 18.9459667206, 24.0497989655, 49.4536705017]], "icov": [[5.03444462083e-05, -1.82350941031e-05, 1.80075949174e-05, 6.27562694717e-05, 0.000127362960484, -3.228208152e-05, 0.000115714268759, -0.000129526713863, -8.22683578008e-05, 7.43324562791e-05, 0.000107960266178, -9.2066162324e-05, 0.00010176665819], [-1.82350941031e-05, 0.000405128957937, 0.000266583345365, 4.71644816571e-05, -0.000260433240328, -0.000303771259496, 3.67699722119e-05, 0.000263970927335, -0.000449021317763, -0.000917939527426, 0.000719102856237, 0.00038486928679, -0.000205942458706], [1.80075949174e-05, 0.000266583345365, 0.00184977077879, 0.000153763379785, -0.00119387102313, -0.00104666803963, -0.000479038455524, 0.000651708047371, -0.00153144204523, 0.00134248693939, -0.00220360117964, 0.00248454860412, -0.000161692485563], [6.27562694717e-05, 4.71644816571e-05, 0.000153763379785, 0.00522296549752, -0.00139525544364, -0.00214111385867, -0.00188868795522, 0.00051735463785, 0.00070531811798, 0.000990077620372, 0.000978214433417, 0.000840595457703, -0.00369174545631], [0.000127362960484, -0.000260433240328, -0.00119387102313, -0.00139525544364, 0.0123901665211, -0.00448282482103, 3.50368027284e-05, -0.00203286879696, 7.81025446486e-05, -0.00269433949143, 0.00189491920173, -0.00658497586846, 0.000346458225977], [-3.228208152e-05, -0.000303771259496, -0.00104666803963, -0.00214111385867, -0.00448282482103, 0.0176570303738, -0.0066947103478, -0.00348840537481, 0.00257885153405, 0.00281018251553, -0.00635142903775, 0.000280464533716, 0.00422788457945], [0.000115714268759, 3.67699722119e-05, -0.000479038455524, -0.00188868795522, 3.50368027284e-05, -0.0066947103478, 0.0189680662006, -0.00483053084463, -0.00287753227167, -0.00215303828008, 0.00817648973316, -0.00726476078853, -0.00134555983823], [-0.000129526713863, 0.000263970927335, 0.000651708047371, 0.00051735463785, -0.00203286879696, -0.00348840537481, -0.00483053084463, 0.0244306754321, -0.0113694025204, -0.00445766886696, 0.00225971918553, 0.00222804304212, -0.000479943584651], [-8.22683578008e-05, -0.000449021317763, -0.00153144204523, 0.00070531811798, 7.81025446486e-05, 0.00257885153405, -0.00287753227167, -0.0113694025204, 0.0264820475131, -0.0104854479432, 0.000198403373361, -0.00182939285878, -0.00328155141324], [7.43324562791e-05, -0.000917939527426, 0.00134248693939, 0.000990077620372, -0.00269433949143, 0.00281018251553, -0.00215303828008, -0.00445766886696, -0.0104854479432, 0.0323195569217, -0.0184391513467, 0.000873793789651, 0.000140676871524], [0.000107960266178, 0.000719102856237, -0.00220360117964, 0.000978214433417, 0.00189491920173, -0.00635142903775, 0.00817648973316, 0.00225971918553, 0.000198403373361, -0.0184391513467, 0.0364338941872, -0.017576424405, -0.00105307856575], [-9.2066162324e-05, 0.00038486928679, 0.00248454860412, 0.000840595457703, -0.00658497586846, 0.000280464533716, -0.00726476078853, 0.00222804304212, -0.00182939285878, 0.000873793789651, -0.017576424405, 0.0446308627725, -0.0089338067919], [0.00010176665819, -0.000205942458706, -0.000161692485563, -0.00369174545631, 0.000346458225977, 0.00422788457945, -0.00134555983823, -0.000479943584651, -0.00328155141324, 0.000140676871524, -0.00105307856575, -0.0089338067919, 0.0303116533905]]}, "silence_rate_20dB": {"dvar2": 0, "var": 0, "min": 1, "dmean": 0, "mean": 1, "max": 1, "dmean2": 0, "median": 1, "dvar": 0}, "melbands_kurtosis": {"dvar2": 149500.234375, "var": 55010.8554688, "min": -1.9013607502, "dmean": 118.997505188, "mean": 150.496643066, "max": 5370.98779297, "dmean2": 191.781005859, "median": 73.9929962158, "dvar": 55010.5234375}, "barkbands_spread": {"dvar2": 1128.80371094, "var": 927.670593262, "min": 0.0322882980108, "dmean": 17.3906860352, "mean": 26.4699878693, "max": 140.892456055, "dmean2": 28.1736011505, "median": 14.4849071503, "dvar": 472.243530273}, "erbbands_skewness": {"dvar2": 3.91849017143, "var": 4.9930524826, "min": -4.02451038361, "dmean": 1.01869034767, "mean": 0.104455657303, "max": 12.3209142685, "dmean2": 1.5122064352, "median": -0.383561372757, "dvar": 2.11056351662}, "average_loudness": 0.921110630035, "spectral_centroid": {"dvar2": 1130443.625, "var": 1943557, "min": 68.1728897095, "dmean": 643.145935059, "mean": 1778.29748535, "max": 11418.4013672, "dmean2": 957.762573242, "median": 1600.41503906, "dvar": 567982.1875}, "dissonance": {"dvar2": 0.00206014327705, "var": 0.000730937812477, "min": 0.262073725462, "dmean": 0.0169317908585, "mean": 0.475813627243, "max": 0.500000059605, "dmean2": 0.0294075235724, "median": 0.485180824995, "dvar": 0.000742713513318}, "erbbands_flatness_db": {"dvar2": 0.00211917050183, "var": 0.00389796658419, "min": 0.0255891121924, "dmean": 0.0300196427852, "mean": 0.110827542841, "max": 0.399684220552, "dmean2": 0.0415530726314, "median": 0.0993088707328, "dvar": 0.0012010273058}, "spectral_strongpeak": {"dvar2": 0.74243503809, "var": 0.317457169294, "min": 0, "dmean": 0.196750625968, "mean": 0.356269001961, "max": 8.42806434631, "dmean2": 0.310488671064, "median": 0.176170289516, "dvar": 0.294360250235}, "spectral_rms": {"dvar2": 1.24386360767e-05, "var": 2.28604149015e-05, "min": 3.18119749293e-12, "dmean": 0.00163932947908, "mean": 0.00476750312373, "max": 0.0170126426965, "dmean2": 0.00243425322697, "median": 0.00283810985275, "dvar": 6.56267638988e-06}, "silence_rate_60dB": {"dvar2": 0.158028557897, "var": 0.242732614279, "min": 0, "dmean": 0.0983544513583, "mean": 0.414712548256, "max": 1, "dmean2": 0.196746125817, "median": 0, "dvar": 0.0886807888746}, "melbands": {"dvar2": [0.000205844116863, 0.000183920477866, 0.000116953910037, 2.91452561214e-05, 1.27222101582e-05, 6.68633163059e-07, 2.59129620872e-07, 1.00273842563e-08, 2.23095906193e-08, 1.82284747297e-08, 1.17927942966e-08, 6.74649935917e-09, 1.46002561152e-08, 1.67860303435e-09, 9.56149381892e-10, 1.55857382556e-09, 6.9354216814e-10, 6.93521406969e-10, 1.85590709467e-10, 3.28453070297e-10, 1.41926514985e-09, 1.97102001387e-09, 5.55314738637e-10, 8.26656687547e-10, 3.56938678614e-09, 6.09147177144e-10, 1.05013375773e-09, 1.27668831063e-09, 3.40998984605e-09, 1.23100918348e-09, 4.77846096025e-10, 4.48895232097e-09, 2.72155542547e-09, 3.33415850484e-10, 2.41380915256e-10, 4.84591533567e-10, 8.19198375801e-10, 1.06025188629e-09, 1.13242615285e-09, 1.58910296033e-09], "var": [0.000251021614531, 8.03573857411e-05, 2.27939945034e-05, 7.10224776412e-06, 3.7726786104e-06, 1.90513077314e-07, 5.48722880467e-08, 3.64344265869e-09, 5.0849155997e-09, 3.70824992935e-09, 2.54319809656e-09, 2.09427586384e-09, 3.53736018255e-09, 4.81675088704e-10, 3.96431582006e-10, 4.39883185432e-10, 4.87310414243e-10, 3.35220573522e-10, 1.08625164419e-10, 1.08631097173e-10, 3.63191726693e-10, 5.31679089644e-10, 6.14876705107e-10, 9.31294041884e-10, 1.72220149253e-09, 6.03273653255e-10, 6.14456929782e-10, 9.40302502528e-10, 1.33949062953e-09, 6.67732535931e-10, 4.28006213804e-10, 1.04212127816e-09, 7.49334094774e-10, 1.97119695566e-10, 1.43458397939e-10, 2.04537470294e-10, 3.30639821078e-10, 4.09950823288e-10, 4.20641160792e-10, 4.56543969296e-10], "min": [1.48381689297e-24, 2.06730032671e-24, 5.41245355681e-24, 3.41957160689e-24, 1.82669932833e-24, 2.03282276641e-24, 3.05950748519e-24, 2.03473279588e-24, 2.65554621233e-24, 2.76037399373e-24, 3.39440970503e-24, 3.21066565919e-24, 5.41151086803e-24, 4.21480808595e-24, 2.62918307253e-24, 5.55250673863e-24, 6.55623442177e-24, 5.66857144919e-24, 4.97220409067e-24, 4.06103976843e-24, 5.2598342152e-24, 5.47800553145e-24, 5.52954141996e-24, 5.93491968421e-24, 5.46893284218e-24, 8.16134114411e-24, 5.43937895723e-24, 7.49798169802e-24, 6.14287525174e-24, 5.89042398485e-24, 7.28085483361e-24, 8.7323936091e-24, 6.7941718313e-24, 8.06292680188e-24, 7.46954405125e-24, 9.87906525485e-24, 7.61732530893e-24, 9.35290291967e-24, 8.542561332e-24, 6.84734657834e-24], "dmean": [0.00487493723631, 0.00345959933475, 0.00174145656638, 0.000987258157693, 0.000558316765819, 0.000184023316251, 9.32256007218e-05, 2.62836310867e-05, 3.07767659251e-05, 2.63739220827e-05, 2.4135086278e-05, 1.79938215297e-05, 1.67295256688e-05, 6.26286282568e-06, 6.12790381638e-06, 5.92905507801e-06, 6.28078305454e-06, 5.5066625464e-06, 3.54138160219e-06, 3.49302513314e-06, 6.3137736106e-06, 6.51346954328e-06, 5.95878736931e-06, 6.32747378404e-06, 9.97838924377e-06, 6.35863079879e-06, 6.92226785759e-06, 8.2544174802e-06, 9.91730485111e-06, 9.19224112295e-06, 5.70426936974e-06, 1.21666398627e-05, 1.09794018499e-05, 4.9650047913e-06, 4.32782644566e-06, 5.67855659028e-06, 7.6425521911e-06, 8.56126644067e-06, 8.58982093632e-06, 8.85317604116e-06], "mean": [0.0087768509984, 0.00489415042102, 0.00125345936976, 0.000672072696034, 0.000392421614379, 0.000133276058477, 6.45815234748e-05, 2.63438632828e-05, 2.35713705479e-05, 2.01066559384e-05, 1.74843462446e-05, 1.56868136401e-05, 1.20681188491e-05, 5.33258526048e-06, 5.99715076532e-06, 5.18235128766e-06, 6.861944712e-06, 5.89946830587e-06, 3.90951481677e-06, 3.50279469785e-06, 6.15545604887e-06, 5.79142715651e-06, 6.82721019984e-06, 7.6687301771e-06, 9.22001891013e-06, 7.21672995496e-06, 6.77016851114e-06, 8.02436716185e-06, 8.50338165037e-06, 8.30272074381e-06, 5.95499614064e-06, 8.93739070307e-06, 8.22180481919e-06, 4.52005997431e-06, 4.06564731747e-06, 4.79924528918e-06, 6.2174726736e-06, 6.82960489939e-06, 6.77521666148e-06, 6.42751001578e-06], "max": [0.0782802328467, 0.0637287423015, 0.0490371920168, 0.0270461477339, 0.0220973193645, 0.0045592202805, 0.0031013279222, 0.000450489373179, 0.0005972009385, 0.000547424308024, 0.000456185836811, 0.000572440447286, 0.00124338269234, 0.000618799182121, 0.000214718631469, 0.000255293503869, 0.000288181210635, 0.000190383128938, 8.42923109303e-05, 0.000137485039886, 0.000384209706681, 0.000511442136485, 0.000253326288657, 0.000404176855227, 0.000404654128943, 0.000215152278543, 0.000234895822359, 0.000248556025326, 0.000362074759323, 0.000212555853068, 0.000158845083206, 0.000381054909667, 0.000286125839921, 0.000120538104966, 7.65713120927e-05, 0.000118816678878, 0.000129217747599, 0.000146291189594, 0.000154165434651, 0.000189465354197], "dmean2": [0.00738105084747, 0.00567158777267, 0.00327509874478, 0.00179795338772, 0.000959956087172, 0.000322624546243, 0.000173541920958, 4.60509727418e-05, 5.698465