{"tonal": {"thpcp": [1, 0.511636137962, 0.220071837306, 0.166416972876, 0.200726032257, 0.425808101892, 0.474484801292, 0.273198902607, 0.173723593354, 0.141349688172, 0.176619425416, 0.387819737196, 0.47584438324, 0.440778434277, 0.863031744957, 0.91502982378, 0.36985334754, 0.152620896697, 0.144893780351, 0.269102990627, 0.566981971264, 0.551025569439, 0.267042726278, 0.152522817254, 0.126986131072, 0.212066143751, 0.520708978176, 0.540446102619, 0.277063906193, 0.331623673439, 0.413197785616, 0.299583464861, 0.262748032808, 0.292234927416, 0.350464224815, 0.821176946163], "hpcp": {"dmean2": [0.21665237844, 0.249814465642, 0.262729585171, 0.310548007488, 0.29780459404, 0.264538377523, 0.181319132447, 0.131055265665, 0.129676789045, 0.162196531892, 0.171266168356, 0.146270975471, 0.111638568342, 0.0998306795955, 0.123605273664, 0.176697000861, 0.19712421298, 0.219060570002, 0.250942081213, 0.240418791771, 0.169883862138, 0.111932590604, 0.115878671408, 0.189047127962, 0.299173295498, 0.251640081406, 0.179505184293, 0.13386964798, 0.108239002526, 0.139625832438, 0.199760332704, 0.205895841122, 0.160962581635, 0.169551029801, 0.176050528884, 0.189097225666], "median": [0.0266222506762, 0.0305920280516, 0.0519883856177, 0.166710689664, 0.204857617617, 0.0996684059501, 0.0208187736571, 0.0167093575001, 0.0249120909721, 0.0564977154136, 0.0671200826764, 0.0447799824178, 0.0266571864486, 0.0195833183825, 0.0248653348535, 0.0546745285392, 0.0711500942707, 0.0826138854027, 0.167236000299, 0.186246931553, 0.0796078294516, 0.0184069424868, 0.0150984097272, 0.030163411051, 0.0754252076149, 0.0818560868502, 0.0350454077125, 0.0147678796202, 0.0130244661123, 0.0294342115521, 0.0765412524343, 0.0808158963919, 0.0507318004966, 0.0333602875471, 0.0267962869257, 0.0248327814043], "min": [0, 0, 0, 0, 0, 0, 0, 0, 0, 0, 0, 0, 0, 0, 0, 0, 0, 0, 0, 0, 0, 0, 0, 0, 0, 0, 0, 0, 0, 0, 0, 0, 0, 0, 0, 0], "dvar2": [0.137708500028, 0.168226331472, 0.145560696721, 0.136114493012, 0.136822789907, 0.13086719811, 0.115432232618, 0.0713792517781, 0.061332385987, 0.0664089471102, 0.0643570944667, 0.0563889406621, 0.0474298074841, 0.0472921691835, 0.0629337280989, 0.0813136026263, 0.0811762139201, 0.0911191627383, 0.0966507792473, 0.0885063782334, 0.058793682605, 0.052800193429, 0.0647774264216, 0.0845402628183, 0.168061614037, 0.106463938951, 0.106337219477, 0.0854130089283, 0.0655667409301, 0.0655036121607, 0.0876759141684, 0.0872592106462, 0.0707112327218, 0.0855676904321, 0.103125169873, 0.111207477748], "dvar": [0.0484601035714, 0.058203548193, 0.0516958869994, 0.0508639402688, 0.0540896877646, 0.0448279194534, 0.0400356128812, 0.025223352015, 0.0223650727421, 0.0268159154803, 0.0275525711477, 0.0209337640554, 0.0177798625082, 0.0172531157732, 0.0227058641613, 0.0312764123082, 0.0337329283357, 0.0347416847944, 0.0397944003344, 0.0397055260837, 0.0219563283026, 0.0190080851316, 0.0232852175832, 0.0335035249591, 0.0696768760681, 0.0429192520678, 0.0383978635073, 0.0307765230536, 0.023670822382, 0.0237232632935, 0.0358212925494, 0.0358459204435, 0.0259415786713, 0.0305280201137, 0.0379227101803, 0.038474522531], "dmean": [0.118364073336, 0.135470882058, 0.144867420197, 0.181239694357, 0.173063546419, 0.149307355285, 0.0992959067225, 0.0722156018019, 0.0740097016096, 0.0991088598967, 0.1046320647, 0.0855905562639, 0.0646203830838, 0.0567291341722, 0.070049315691, 0.104755699635, 0.117479577661, 0.12790004909, 0.151898875833, 0.149743422866, 0.0998680517077, 0.0628165528178, 0.0638295412064, 0.107696518302, 0.16981446743, 0.147316709161, 0.100557766855, 0.073326677084, 0.0594507306814, 0.0792244672775, 0.120731785893, 0.124007590115, 0.0928570181131, 0.0961980521679, 0.09876768291, 0.104832179844], "max": [1, 1, 1, 1, 1, 1, 1, 1, 1, 1, 1, 1, 1, 1, 1, 1, 1, 1, 1, 1, 1, 1, 1, 1, 1, 1, 1, 1, 1, 1, 1, 1, 1, 1, 1, 1], "var": [0.0373335853219, 0.0427244715393, 0.0419275090098, 0.0957357287407, 0.135055169463, 0.0483318753541, 0.0302538201213, 0.0198293365538, 0.0206606984138, 0.0573418177664, 0.0668024793267, 0.0224338527769, 0.0154513288289, 0.0125241484493, 0.0169526934624, 0.0466865859926, 0.0650221407413, 0.0439723059535, 0.11359719187, 0.124069817364, 0.0261707659811, 0.0150642171502, 0.017079371959, 0.0304451175034, 0.0850946754217, 0.0696262866259, 0.0305732265115, 0.0208013765514, 0.0161545686424, 0.0195095688105, 0.0722651705146, 0.0731663033366, 0.0245321653783, 0.043130710721, 0.0790793821216, 0.0415779985487], "mean": [0.0988522395492, 0.10994592309, 0.131853207946, 0.308946847916, 0.376224458218, 0.192490026355, 0.0827964097261, 0.0626101344824, 0.0755180418491, 0.160199418664, 0.178512781858, 0.102784104645, 0.0653590634465, 0.0531792081892, 0.066448546946, 0.145907267928, 0.179024294019, 0.165831625462, 0.324693650007, 0.344256609678, 0.139147877693, 0.0574197135866, 0.0545125827193, 0.101243123412, 0.213312476873, 0.207309305668, 0.10046800226, 0.0573828145862, 0.0477752909064, 0.0797844678164, 0.195903450251, 0.2033290416, 0.104238219559, 0.124764941633, 0.155455112457, 0.112710624933]}, "tuning_equal_tempered_deviation": 0.203866943717, "chords_changes_rate": 0.0500389412045, "key_key": "D#", "tuning_diatonic_strength": 0.670379340649, "key_scale": "major", "chords_number_rate": 0.00155763234943, "tuning_frequency": 434.193115234, "tuning_nontempered_energy_ratio": 0.962989270687, "chords_histogram": [29.9649524689, 2.45327091217, 24.9610595703, 0, 2.4922118187, 0, 0.0584112145007, 0, 0, 0, 0, 0, 0, 0, 0, 0.0194704048336, 0, 0.0778816193342, 0, 1.44080996513, 0, 1.03193151951, 21.7484416962, 15.7515573502], "key_strength": 0.889454126358, "chords_key": "D#", "chords_strength": {"dmean2": 0.00893617980182, "median": 0.524181246758, "min": 0.298634499311, "dvar2": 6.7361004767e-05, "dvar": 6.58758435748e-05, "dmean": 0.00996382627636, "max": 0.740568518639, "var": 0.00734794838354, "mean": 0.523010313511}, "chords_scale": "major", "hpcp_entropy": {"dmean2": 1.01945066452, "median": 2.04042482376, "min": 0, "dvar2": 0.691534698009, "dvar": 0.263522863388, "dmean": 0.608675599098, "max": 4.43219566345, "var": 0.511008560658, "mean": 2.02947235107}}, "metadata": {"audio_properties": {"equal_loudness": 0, "codec": "mp3", "downmix": "mix", "sample_rate": 44100, "analysis_sample_rate": 44100, "bit_rate": 320035, "md5_encoded": "2864e63819f700d2cec5b159953d0a5c", "length": 238.445709229, "replay_gain": -15.5319242477, "lossless": false}, "version": {"essentia_build_sha": "2d9f1f26377add8aeb1075a9c2973f962c4f09fd", "essentia": "2.1-beta2", "extractor": "music 1.0", "essentia_git_sha": "v2.1_beta2-1-ge3940c0"}, "tags": {"title": ["Superheroes"], "barcode": ["888750190727"], "media": ["CD"], "albumartist": ["Various Artists"], "musicbrainz_recordingid": ["1a88c270-b798-482d-81c2-b3d9158e7c62"], "mood": ["unknown"], "musicbrainz_albumartistid": ["89ad4ac3-39f7-470e-963a-56509c546377"], "originalyear": ["2014"], "discnumber": ["1/2"], "album": ["Now That's What I Call Music! 89"], "catalognumber": ["0888750190727", "CDNOW89"], "contentgroup": ["rock"], "musicbrainz album type": ["album", "compilation"], "musicbrainz album status": ["official"], "file_name": "01.11 - The Script - Superheroes.mp3", "originaldate": ["2014-11-24"], "date": ["2014-11-24"], "genre": ["ballad", "pop rock"], "musicbrainz album release country": ["GB"], "musicbrainz_releasegroupid": ["6b8b81b3-8b7a-41d7-ba29-a53b422951df"], "musicbrainz_artistid": ["4c98aa1b-34eb-4336-987f-5e50aa059c00"], "asin": ["B00O5QR7Q0"], "musicbrainz_albumid": ["7b720bbf-112e-435b-a030-992af28b9db9"], "artist": ["The Script"], "artistsort": ["Script, The"], "tracknumber": ["11/23"], "label": ["Universal", "NOW"], "albumartistsort": ["Various Artists"], "script": ["Latn"]}}, "rhythm": {"bpm_histogram_first_peak_bpm": {"dmean2": 0, "median": 167, "min": 167, "dvar2": 0, "dvar": 0, "dmean": 0, "max": 167, "var": 0, "mean": 167}, "bpm": 166.361053467, "bpm_histogram_second_peak_spread": {"dmean2": 0, "median": 0, "min": 0, "dvar2": 0, "dvar": 0, "dmean": 0, "max": 0, "var": 0, "mean": 0}, "bpm_histogram_first_peak_weight": {"dmean2": 0, "median": 0.719734668732, "min": 0.719734668732, "dvar2": 0, "dvar": 0, "dmean": 0, "max": 0.719734668732, "var": 0, "mean": 0.719734668732}, "onset_rate": 3.96297335625, "beats_position": [0.696598649025, 1.4164172411, 2.14784574509, 2.87927436829, 3.61070299149, 4.34213161469, 5.07355976105, 5.80498838425, 6.53641700745, 7.25623559952, 7.98766422272, 8.71909236908, 9.45052146912, 10.1819496155, 10.9017686844, 11.6331968307, 12.3530158997, 13.0728340149, 13.7926530838, 14.512471199, 15.2206802368, 15.9288883209, 16.6487064362, 17.3685264587, 18.088344574, 18.8081626892, 19.5279808044, 20.247800827, 20.9676189423, 21.6874370575, 22.4072551727, 23.1270751953, 23.8468933105, 24.5667114258, 25.286529541, 25.9947395325, 26.7029476166, 27.4111557007, 28.1193637848, 28.8391838074, 29.5590019226, 30.290430069, 31.0102481842, 31.7300682068, 32.449886322, 33.0768241882, 33.7153739929, 34.2610435486, 34.7951011658, 35.329158783, 35.7006797791, 36.0605888367, 36.4204978943, 36.7804069519, 37.1403160095, 37.5002250671, 37.8601341248, 38.2200431824, 38.5683441162, 38.91664505, 39.2765541077, 39.6480712891, 40.0079803467, 40.3678894043, 40.7277984619, 41.0877075195, 41.4476165771, 41.8075294495, 42.1674385071, 42.5273475647, 42.8872566223, 43.2471656799, 43.6070747375, 43.9553718567, 44.3152809143, 44.6751937866, 45.046710968, 45.3950119019, 45.7549209595, 46.1148300171, 46.4747390747, 46.8346481323, 47.1945571899, 47.5544662476, 47.9143753052, 48.2742843628, 48.6341934204, 48.994102478, 49.3540115356, 49.7139205933, 50.0738296509, 50.4337387085, 50.7936515808, 51.1535606384, 51.5018577576, 51.8617668152, 52.2216758728, 52.5815849304, 52.941493988, 53.3014030457, 53.661315918, 54.0212249756, 54.3811340332, 54.7410430908, 55.1009521484, 55.4608612061, 55.8207702637, 56.1690673828, 56.5289802551, 56.8888893127, 57.2604064941, 57.6203155518, 57.9802246094, 58.3285255432, 58.6884346008, 59.0483436584, 59.4198646545, 59.7797737122, 60.1396827698, 60.4879798889, 60.8478889465, 61.2077980042, 61.5677070618, 61.9276161194, 62.2875289917, 62.6474380493, 63.0073471069, 63.3672561646, 63.7271652222, 64.0870742798, 64.4469833374, 64.806892395, 65.1668014526, 65.5267105103, 65.8866195679, 66.2465286255, 66.5948257446, 66.9547348022, 67.3146438599, 67.6745529175, 68.0344696045, 68.3943786621, 68.7542877197, 69.1141967773, 69.474105835, 69.8340148926, 70.1939239502, 70.5422210693, 70.9137420654, 71.273651123, 71.6335601807, 71.9818572998, 72.3417663574, 72.701675415, 73.0615844727, 73.4214935303, 73.7814025879, 74.1413116455, 74.5012207031, 74.8611297607, 75.2210388184, 75.580947876, 75.9408569336, 76.3007659912, 76.6606826782, 77.0205917358, 77.3805007935, 77.7404098511, 78.1003189087, 78.4602279663, 78.8201370239, 79.1800460815, 79.5399551392, 79.8998641968, 80.2597732544, 80.619682312, 80.9679794312, 81.3278884888, 81.6877975464, 82.047706604, 82.4076156616, 82.7559204102, 83.1158294678, 83.4757385254, 83.835647583, 84.1955566406, 84.5670700073, 84.9269790649, 85.2868881226, 85.6351928711, 85.9951019287, 86.3550109863, 86.7149200439, 87.0748291016, 87.4347381592, 87.7946472168, 88.1545562744, 88.514465332, 88.8743743896, 89.2342834473, 89.5941925049, 89.9541015625, 90.3140106201, 90.6739196777, 91.0222167969, 91.3821334839, 91.7420425415, 92.1019515991, 92.4618606567, 92.8217697144, 93.181678772, 93.5415878296, 93.9014968872, 94.2614059448, 94.6213150024, 94.9812240601, 95.3411331177, 95.6894302368, 96.0609512329, 96.4208602905, 96.7807693481, 97.1406784058, 97.5005874634, 97.8488845825, 98.2087936401, 98.5687026978, 98.9286117554, 99.288520813, 99.6484298706, 100.008346558, 100.368255615, 100.728164673, 101.08807373, 101.447982788, 101.807891846, 102.167800903, 102.516098022, 102.87600708, 103.247528076, 103.607437134, 103.967346191, 104.327255249, 104.687164307, 105.047073364, 105.406982422, 105.766891479, 106.126800537, 106.486709595, 106.835006714, 107.194915771, 107.554824829, 107.914733887, 108.274642944, 108.634559631, 108.994468689, 109.342765808, 109.714286804, 110.062583923, 110.422492981, 110.782402039, 111.153923035, 111.513832092, 111.87374115, 112.222038269, 112.581947327, 112.941856384, 113.301765442, 113.6616745, 114.033195496, 114.393104553, 114.753013611, 115.10131073, 115.461219788, 115.821128845, 116.181037903, 116.54094696, 116.900856018, 117.260765076, 117.620681763, 117.98059082, 118.340499878, 118.700408936, 119.048706055, 119.408615112, 119.76852417, 120.128433228, 120.488342285, 120.836639404, 121.2081604, 121.568069458, 121.927978516, 122.287887573, 122.647796631, 123.007705688, 123.367614746, 123.715919495, 124.075828552, 124.43573761, 124.795646667, 125.155555725, 125.515464783, 125.87537384, 126.235282898, 126.595191956, 126.955101013, 127.315010071, 127.674919128, 128.034820557, 128.394729614, 128.754638672, 129.114562988, 129.474472046, 129.834381104, 130.194290161, 130.554199219, 130.914108276, 131.262405396, 131.622314453, 131.982223511, 132.342132568, 132.702041626, 133.061950684, 133.421859741, 133.793380737, 134.141677856, 134.501586914, 134.861495972, 135.221405029, 135.581314087, 135.941223145, 136.301132202, 136.66104126, 137.020950317, 137.380859375, 137.740768433, 138.089065552, 138.448974609, 138.808883667, 139.168792725, 139.528701782, 139.88861084, 140.248519897, 140.608428955, 140.968338013, 141.32824707, 141.688156128, 142.048065186, 142.407974243, 142.767883301, 143.127792358, 143.487701416, 143.847610474, 144.207519531, 144.567428589, 144.927337646, 145.287246704, 145.635559082, 145.99546814, 146.355377197, 146.715286255, 147.075195313, 147.43510437, 147.795013428, 148.154922485, 148.514831543, 148.874740601, 149.234649658, 149.594558716, 149.954467773, 150.314376831, 150.674285889, 151.034194946, 151.394104004, 151.765625, 152.125534058, 152.485443115, 152.845352173, 153.20526123, 153.565170288, 153.925079346, 154.284988403, 154.644897461, 154.99319458, 155.341491699, 155.689788818, 156.038085938, 156.397994995, 156.757904053, 157.129425049, 157.500946045, 157.860855103, 158.22076416, 158.580673218, 158.940582275, 159.300491333, 159.660400391, 160.020309448, 160.380218506, 160.740127563, 161.100036621, 161.459945679, 161.819854736, 162.168167114, 162.528076172, 162.887985229, 163.247894287, 163.607803345, 163.956100464, 164.316009521, 164.664306641, 165.024215698, 165.384124756, 165.744033813, 166.103942871, 166.463851929, 166.823760986, 167.183670044, 167.543579102, 167.903488159, 168.263397217, 168.623306274, 168.983215332, 169.34312439, 169.703033447, 170.062942505, 170.422851563, 170.78276062, 171.142669678, 171.502578735, 171.862487793, 172.222396851, 172.582305908, 172.942214966, 173.302124023, 173.662033081, 174.021942139, 174.381851196, 174.741760254, 175.101669312, 175.461578369, 175.821487427, 176.169799805, 176.529708862, 176.88961792, 177.261123657, 177.621032715, 177.980941772, 178.32925415, 178.689163208, 179.049072266, 179.408981323, 179.768890381, 180.128799438, 180.488708496, 180.848617554, 181.208526611, 181.568435669, 181.928344727, 182.288253784, 182.648162842, 183.008071899, 183.367980957, 183.727890015, 184.087799072, 184.44770813, 184.807617188, 185.155914307, 185.515823364, 185.875732422, 186.247253418, 186.607162476, 186.967071533, 187.315368652, 187.663665771, 188.023574829, 188.383483887, 188.755004883, 189.11491394, 189.474822998, 189.823120117, 190.194641113, 190.542938232, 190.90284729, 191.262756348, 191.622665405, 191.982574463, 192.342483521, 192.702392578, 193.062316895, 193.422225952, 193.78213501, 194.142044067, 194.501953125, 194.861862183, 195.22177124, 195.581680298, 195.941589355, 196.301498413, 196.661407471, 197.021316528, 197.381225586, 197.741134644, 198.101043701, 198.460952759, 198.820861816, 199.180770874, 199.529067993, 199.888977051, 200.248886108, 200.608795166, 200.968704224, 201.328613281, 201.688522339, 202.048431396, 202.408340454, 202.756637573, 203.128158569, 203.488067627, 203.847976685, 204.196273804, 204.5677948, 204.916091919, 205.276000977, 205.635910034, 206.00743103, 206.367340088, 206.727249146, 207.075546265, 207.447067261, 207.79536438, 208.155273438, 208.515182495, 208.875091553, 209.23500061, 209.594909668, 209.954818726, 210.314727783, 210.6746521, 211.034561157, 211.394470215, 211.742767334, 212.11428833, 212.474197388, 212.834106445, 213.182403564, 213.542312622, 213.90222168, 214.250518799, 214.622039795, 214.981948853, 215.34185791, 215.690155029, 216.050064087, 216.409973145, 216.769882202, 217.12979126, 217.501312256, 217.861221313, 218.221130371, 218.56942749, 218.929336548, 219.289245605, 219.649154663, 220.009063721, 220.380584717, 220.740493774, 221.100402832, 221.483535767, 221.855056763, 222.226577759, 222.609695435, 222.958007813, 223.306304932, 223.642990112, 223.979675293, 224.316360474, 224.664672852, 225.012969971, 225.372879028, 225.883712769, 226.371337891, 226.870559692, 227.369796753, 227.857406616, 228.345031738, 228.84425354, 229.331878662, 229.819503784, 230.295501709, 230.736679077, 231.177871704, 231.619049072, 232.048614502, 232.478179932, 232.896133423, 233.41859436, 233.941040039, 234.463485718, 234.985931396, 235.508392334, 236.030838013, 236.56489563, 237.087341309, 237.609786987], "beats_loudness": {"dmean2": 0.0343607403338, "median": 0.0293014291674, "min": 5.7918919083e-06, "dvar2": 0.000912126619369, "dvar": 0.000315527548082, "dmean": 0.0191780980676, "max": 0.115734636784, "var": 0.000628692272585, "mean": 0.0348444320261}, "danceability": 0.977674126625, "bpm_histogram_second_peak_weight": {"dmean2": 0, "median": 0.0978441163898, "min": 0.0978441163898, "dvar2": 0, "dvar": 0, "dmean": 0, "max": 0.0978441163898, "var": 0, "mean": 0.0978441163898}, "beats_count": 604, "bpm_histogram_second_peak_bpm": {"dmean2": 0, "median": 172, "min": 172, "dvar2": 0, "dvar": 0, "dmean": 0, "max": 172, "var": 0, "mean": 172}, "bpm_histogram_first_peak_spread": {"dmean2": 0, "median": 0, "min": 0, "dvar2": 0, "dvar": 0, "dmean": 0, "max": 0, "var": 0, "mean": 0}, "beats_loudness_band_ratio": {"dmean2": [0.395151406527, 0.187657684088, 0.192338764668, 0.189404159784, 0.157789111137, 0.157587736845], "median": [0.316758573055, 0.097406104207, 0.109517104924, 0.0775447785854, 0.105897545815, 0.0788626819849], "min": [7.66597149777e-05, 0.00407124822959, 0.00870516523719, 0.00328839640133, 0.000450004648883, 0.00110435590614], "dvar2": [0.0855260267854, 0.0463613420725, 0.0325312651694, 0.0486040897667, 0.0249269455671, 0.0391168445349], "dvar": [0.0308234654367, 0.0150909032673, 0.0114783225581, 0.0193430893123, 0.0082792006433, 0.0135043300688], "dmean": [0.225711122155, 0.107275009155, 0.109458088875, 0.107559494674, 0.0915230438113, 0.093740798533], "max": [0.938449859619, 0.783368289471, 0.835436224937, 0.842170476913, 0.65492016077, 0.929365158081], "var": [0.0504681244493, 0.0227315556258, 0.0174812525511, 0.0231713671237, 0.010252003558, 0.0133929634467], "mean": [0.350630313158, 0.151623144746, 0.15367038548, 0.13378366828, 0.131491005421, 0.115459881723]}}, "lowlevel": {"barkbands_spread": {"dmean2": 10.2260255814, "median": 28.987071991, "min": 0.671196699142, "dvar2": 149.212188721, "dvar": 70.631439209, "dmean": 6.81530714035, "max": 117.643745422, "var": 339.854827881, "mean": 31.0963611603}, "melbands_spread": {"dmean2": 13.7134695053, "median": 28.3622779846, "min": 0.538241147995, "dvar2": 304.594726563, "dvar": 150.180297852, "dmean": 8.91526699066, "max": 269.483734131, "var": 579.976074219, "mean": 33.1624755859}, "hfc": {"dmean2": 14.0825443268, "median": 21.4296951294, "min": 1.24446623241e-16, "dvar2": 586.5625, "dvar": 260.774291992, "dmean": 9.62552547455, "max": 255.411956787, "var": 855.610778809, "mean": 29.44805336}, "barkbands_kurtosis": {"dmean2": 3.24545359612, "median": 0.141246795654, "min": -1.93183171749, "dvar2": 76.989906311, "dvar": 33.3655738831, "dmean": 2.06828093529, "max": 302.116546631, "var": 75.996131897, "mean": 2.46664714813}, "gfcc": {"mean": [-0.415862351656, 75.5075912476, -117.526580811, 27.7772312164, -52.8423576355, 14.6228065491, -43.0455703735, 9.62872409821, -19.4153022766, 0.0134998997673, -17.6863040924, 0.135949999094, -12.6056623459], "icov": [[0.000227162774536, 0.000112108369649, 0.000361026119208, -0.000360785721568, -7.12024630047e-05, -0.000371127040125, 0.000128552812384, -0.000509707140736, 0.000289897347102, -0.000398443051381, 0.000443751225248, -0.000567017239518, 0.000526854768395], [0.000112108369649, 0.00158298888709, 0.000151738480781, 0.00023352575954, -0.00101571367122, 0.000438235874753, -0.000537063984666, 0.000404181657359, -0.00124698656145, 0.00203448766842, -0.00179365102667, 0.00187368819024, -0.000872077187523], [0.000361026119208, 0.000151738480781, 0.0023223250173, -0.00111783400644, -0.000207432880416, -0.000947049527895, 0.000820877146907, -0.00208323867992, 0.00111235212535, -0.00110636488535, 0.00143469276372, -0.00136756303255, 0.00167524255812], [-0.000360785721568, 0.00023352575954, -0.00111783400644, 0.00345871085301, -0.000527360476553, 0.000267034716671, -0.000508113356773, 0.000867328315508, -0.00173829763662, 0.000499878078699, -0.000626382417977, 0.000965725979768, -0.00131524552125], [-7.12024630047e-05, -0.00101571367122, -0.000207432880416, -0.000527360476553, 0.0046550068073, -0.000138879186125, -0.00122054689564, -0.000459194270661, 0.00017938108067, -0.00233274884522, 0.0017952201888, -0.00116711843293, -0.000788704259321], [-0.000371127040125, 0.000438235874753, -0.000947049527895, 0.000267034716671, -0.000138879186125, 0.00478135189041, -0.000952175061684, -0.000919032492675, 4.79434747831e-05, 0.00137929839548, -0.0015760618262, 0.000645970168989, -0.00025046285009], [0.000128552812384, -0.000537063984666, 0.000820877146907, -0.000508113356773, -0.00122054689564, -0.000952175061684, 0.00507775042206, -0.00154242210556, 0.00152480090037, -0.00224019493908, 0.000213736959267, -0.0018234186573, 0.000750090461224], [-0.000509707140736, 0.000404181657359, -0.00208323867992, 0.000867328315508, -0.000459194270661, -0.000919032492675, -0.00154242210556, 0.0116704320535, -0.00492029869929, 4.98070858157e-06, -0.00208113016561, 0.00102425727528, -0.00171046575997], [0.000289897347102, -0.00124698656145, 0.00111235212535, -0.00173829763662, 0.00017938108067, 4.79434747831e-05, 0.00152480090037, -0.00492029869929, 0.0142625458539, -0.00586791429669, 0.00122243515216, -0.000109858199721, -0.000490044127218], [-0.000398443051381, 0.00203448766842, -0.00110636488535, 0.000499878078699, -0.00233274884522, 0.00137929839548, -0.00224019493908, 4.98070858157e-06, -0.00586791429669, 0.0167753733695, -0.00572495302185, 0.0006857989938, -0.000456084555481], [0.000443751225248, -0.00179365102667, 0.00143469276372, -0.000626382417977, 0.0017952201888, -0.0015760618262, 0.000213736959267, -0.00208113016561, 0.00122243515216, -0.00572495302185, 0.0189785193652, -0.00655565131456, 0.00133353972342], [-0.000567017239518, 0.00187368819024, -0.00136756303255, 0.000965725979768, -0.00116711843293, 0.000645970168989, -0.0018234186573, 0.00102425727528, -0.000109858199721, 0.0006857989938, -0.00655565131456, 0.0195222068578, -0.00673720659688], [0.000526854768395, -0.000872077187523, 0.00167524255812, -0.00131524552125, -0.000788704259321, -0.00025046285009, 0.000750090461224, -0.00171046575997, -0.000490044127218, -0.000456084555481, 0.00133353972342, -0.00673720659688, 0.0199765972793]], "cov": [[14906.0078125, -3249.06396484, 794.743774414, 1546.81677246, 548.218383789, 1510.76782227, 569.642578125, 974.559448242, 127.653778076, 783.829406738, -39.5553703308, 610.912475586, -167.425888062], [-3249.06396484, 1908.52307129, -561.690307617, -385.059173584, 70.325630188, -444.682922363, -17.7506351471, -255.512435913, 39.6814842224, -244.788925171, 60.3682441711, -207.692672729, 88.0566711426], [794.743774414, -561.690307617, 957.190551758, 319.859527588, 94.6580429077, 276.11529541, 29.0921821594, 222.818572998, 25.7503890991, 130.850601196, -24.1041965485, 87.8125686646, -44.6630439758], [1546.81677246, -385.059173584, 319.859527588, 560.012817383, 147.019836426, 194.65335083, 106.105934143, 154.856872559, 71.1431884766, 128.320968628, 0.459869265556, 76.963470459, 0.563357174397], [548.218383789, 70.325630188, 94.6580429077, 147.019836426, 372.741912842, 79.1525878906, 165.036972046, 95.4054946899, 55.6197891235, 95.9044418335, 11.7715024948, 48.9246292114, 27.3023109436], [1510.76782227, -444.682922363, 276.11529541, 194.65335083, 79.1525878906, 430.43270874, 110.25680542, 165.606384277, 14.5583992004, 97.62159729, 11.5274925232, 81.3814086914, -21.7719955444], [569.642578125, -17.7506351471, 29.0921821594, 106.105934143, 165.036972046, 110.25680542, 324.935821533, 95.3163986206, 28.6199188232, 90.3722305298, 31.3999328613, 58.6401176453, 13.0525121689], [974.559448242, -255.512435913, 222.818572998, 154.856872559, 95.4054946899, 165.606384277, 95.3163986206, 219.207427979, 64.0301818848, 102.104187012, 16.6313667297, 60.3594970703, -1.16540241241], [127.653778076, 39.6814842224, 25.7503890991, 71.1431884766, 55.6197891235, 14.5583992004, 28.6199188232, 64.0301818848, 117.547218323, 54.2814407349, 14.6816768646, 8.78153800964, 13.7808971405], [783.829406738, -244.788925171, 130.850601196, 128.320968628, 95.9044418335, 97.62159729, 90.3722305298, 102.104187012, 54.2814407349, 155.368545532, 25.4833316803, 57.7737007141, -0.861557900906], [-39.5553703308, 60.3682441711, -24.1041965485, 0.459869265556, 11.7715024948, 11.5274925232, 31.3999328613, 16.6313667297, 14.6816768646, 25.4833316803, 76.0715103149, 21.8488998413, 9.81700515747], [610.912475586, -207.692672729, 87.8125686646, 76.963470459, 48.9246292114, 81.3814086914, 58.6401176453, 60.3594970703, 8.78153800964, 57.7737007141, 21.8488998413, 103.814125061, 13.5305194855], [-167.425888062, 88.0566711426, -44.6630439758, 0.563357174397, 27.3023109436, -21.7719955444, 13.0525121689, -1.16540241241, 13.7808971405, -0.861557900906, 9.81700515747, 13.5305194855, 66.5422134399]]}, "spectral_energyband_middle_low": {"dmean2": 0.00480526825413, "median": 0.00535606686026, "min": 2.69992176029e-22, "dvar2": 6.83760881657e-05, "dvar": 2.65243652393e-05, "dmean": 0.0029171584174, "max": 0.0631822794676, "var": 3.95505303459e-05, "mean": 0.00686442479491}, "melbands_crest": {"dmean2": 4.77195978165, "median": 12.6784610748, "min": 2.46875548363, "dvar2": 20.2674179077, "dvar": 8.27583885193, "dmean": 2.99678397179, "max": 34.4580001831, "var": 33.8977890015, "mean": 13.9986686707}, "spectral_kurtosis": {"dmean2": 2.47528886795, "median": 3.6428527832, "min": -1.30306398869, "dvar2": 14.3923082352, "dvar": 5.01311206818, "dmean": 1.53748202324, "max": 35.5990905762, "var": 15.9411678314, "mean": 4.74751710892}, "spectral_rms": {"dmean2": 0.000974573020358, "median": 0.00458433758467, "min": 3.28263653239e-12, "dvar2": 1.47577702592e-06, "dvar": 6.71729480928e-07, "dmean": 0.00063370220596, "max": 0.0113833397627, "var": 5.31909154233e-06, "mean": 0.0045493170619}, "zerocrossingrate": {"dmean2": 0.0149456951767, "median": 0.06884765625, "min": 0.005859375, "dvar2": 0.000323182961438, "dvar": 0.000318791018799, "dmean": 0.0140096163377, "max": 0.7666015625, "var": 0.00277493125759, "mean": 0.0799981579185}, "silence_rate_60dB": {"dmean2": 0.0440202578902, "median": 0, "min": 0, "dvar2": 0.0473367795348, "dvar": 0.0215234141797, "dmean": 0.0220079850405, "max": 1, "var": 0.12423375994, "mean": 0.145374879241}, "erbbands_kurtosis": {"dmean2": 1.35283482075, "median": -0.0121633633971, "min": -1.75911581516, "dvar2": 3.63567566872, "dvar": 1.6633528471, "dmean": 0.877608418465, "max": 34.3545379639, "var": 6.49679040909, "mean": 0.71278989315}, "erbbands": {"dmean2": [0.238884225488, 1.62733280659, 2.87326788902, 5.62268209457, 5.5125746727, 4.78371191025, 7.26741981506, 7.45031499863, 9.40742397308, 17.5081424713, 18.2674846649, 14.8718194962, 17.8354892731, 26.3478412628, 19.3012886047, 29.7514247894, 29.8268642426, 48.5347099304, 29.5335788727, 33.2954521179, 44.720375061, 35.2992477417, 22.2650966644, 19.0808925629, 15.0103645325, 13.3980236053, 10.6652765274, 9.04351997375, 7.86494922638, 8.7599401474, 9.69921588898, 4.42439460754, 2.6734495163, 1.86468982697, 2.01070213318, 1.12792372704, 0.142085149884, 0.0273633338511, 0.00827458780259, 0.00035918696085], "median": [0.0647091716528, 0.643996477127, 1.66197633743, 1.82707512379, 2.82531285286, 3.16021347046, 4.50182437897, 4.88584136963, 4.93159008026, 6.0036406517, 11.6113128662, 9.18859195709, 7.75793170929, 8.22145271301, 7.62001848221, 11.9517345428, 11.2633323669, 13.5012521744, 14.4375572205, 17.1293869019, 26.2994861603, 24.7294387817, 15.7847099304, 11.956401825, 11.8213825226, 8.45350837708, 5.12977313995, 4.8710360527, 4.06051826477, 3.90027093887, 3.466360569, 2.0024023056, 1.13852620125, 0.751587152481, 0.429065346718, 0.174973428249, 0.0315089225769, 0.00407819543034, 0.00047647889005, 5.98947044637e-05], "min": [6.53360299637e-22, 3.48820650675e-21, 1.7352137679e-20, 3.09984512838e-20, 1.75658717789e-20, 7.03993709181e-20, 4.71203952929e-20, 1.24182027498e-19, 5.25407754301e-19, 8.33862939433e-19, 1.76043493775e-18, 1.13118965019e-18, 4.56067188784e-18, 2.29209080081e-18, 1.55456798466e-18, 3.91511739034e-18, 3.82848428324e-18, 1.2232894492e-17, 1.43896256642e-17, 8.16209633371e-18, 7.94739085237e-18, 1.8728325289e-17, 8.58230077616e-18, 1.20392589552e-17, 1.45398697875e-17, 1.06961666218e-17, 1.71370250051e-17, 1.24751897555e-17, 1.95120127449e-17, 2.47511249363e-17, 1.48937773583e-17, 1.30085665678e-17, 1.17428851048e-17, 1.1379817336e-17, 8.51496744712e-18, 7.04655559653e-18, 3.57510438596e-18, 1.69537118552e-18, 4.15799214554e-19, 3.73061073513e-20], "dvar2": [0.260779380798, 12.776301384, 59.9494171143, 265.46786499, 108.229278564, 62.8715858459, 250.834564209, 200.590148926, 323.282867432, 1143.93200684, 1383.60510254, 1002.12176514, 2102.609375, 7287.27685547, 2429.03027344, 6828.49609375, 5886.58935547, 17564.8359375, 5959.55029297, 5071.56933594, 9791.4453125, 3569.84814453, 1552.87805176, 1276.78149414, 672.002502441, 559.532592773, 582.128295898, 282.044586182, 241.980453491, 205.590011597, 275.988372803, 101.14994812, 51.1677742004, 27.7159442902, 27.8374595642, 8.24334526062, 0.159578621387, 0.0115048848093, 0.00216938904487, 3.58243369192e-06], "dvar": [0.109007038176, 4.91142940521, 25.0133609772, 93.9855804443, 41.7624969482, 23.4470481873, 89.4776306152, 84.4955673218, 136.855895996, 453.393218994, 550.493835449, 427.120788574, 956.945068359, 4061.70678711, 1023.16760254, 3400.77197266, 2373.56079102, 8206.328125, 2450.56396484, 2207.12988281, 3736.72412109, 1401.35290527, 586.732177734, 502.982757568, 286.055786133, 236.236099243, 222.096313477, 122.034828186, 97.5122299194, 92.2719116211, 130.318710327, 56.5542488098, 28.4264144897, 14.1944904327, 11.1935787201, 3.14879441261, 0.063993088901, 0.00404004147276, 0.000739744922612, 1.23728307244e-06], "dmean": [0.154932051897, 0.968108832836, 1.74759149551, 3.1561384201, 3.22917723656, 2.83905696869, 4.37078428268, 4.69616603851, 5.87387180328, 10.7184295654, 11.5951404572, 9.63600540161, 11.5475788116, 18.8357067108, 12.5835609436, 19.4920043945, 18.8507499695, 31.9575996399, 18.9009056091, 21.2625331879, 27.5307598114, 21.3530216217, 13.4766893387, 11.8192367554, 9.70446395874, 8.59817695618, 6.73403549194, 5.87059259415, 5.07831859589, 5.8501958847, 6.71681308746, 3.07729005814, 1.86333358288, 1.26687180996, 1.29161965847, 0.716258883476, 0.0919847115874, 0.0162646658719, 0.00462148012593, 0.000203380914172], "max": [3.86570310593, 23.8612136841, 61.6432571411, 96.1259078979, 79.6158905029, 133.454147339, 230.198547363, 218.732879639, 250.193634033, 357.389862061, 716.686767578, 567.492431641, 1124.85424805, 3501.67797852, 811.450073242, 2113.54589844, 1362.73339844, 2537.73754883, 1499.41577148, 1329.12060547, 1212.73583984, 984.648986816, 287.701812744, 352.464202881, 423.103668213, 218.116943359, 191.561523438, 293.088134766, 191.882858276, 162.693984985, 267.75668335, 293.946411133, 163.570037842, 86.6445007324, 56.3940162659, 21.747051239, 3.71959900856, 0.913752198219, 0.498259335756, 0.0189952421933], "var": [0.28278234601, 8.20321655273, 26.4480438232, 62.9938850403, 46.2633056641, 36.9526863098, 158.551101685, 157.713104248, 213.550094604, 1022.86096191, 1535.87890625, 961.328308105, 2214.25366211, 31048.9824219, 3509.3527832, 7275.734375, 4643.65185547, 22054.734375, 5659.00341797, 4830.02392578, 7493.04833984, 3044.6953125, 951.211303711, 791.451538086, 585.682617188, 539.008239746, 291.214630127, 340.687744141, 215.671005249, 232.103485107, 310.425842285, 174.897476196, 81.642829895, 31.1256999969, 15.0196685791, 3.34587812424, 0.0787446200848, 0.00352801894769, 0.000441942713223, 7.58509429488e-07], "mean": [0.268803626299, 1.64916491508, 2.83572220802, 3.6404800415, 4.81852722168, 4.98939990997, 7.99763965607, 8.80419921875, 9.61952495575, 16.6707859039, 22.3339653015, 18.1313114166, 20.9677124023, 44.2338142395, 25.3229408264, 33.8205223083, 32.5075569153, 55.1329116821, 34.7975158691, 39.2643699646, 51.8063774109, 41.5538520813, 24.8702888489, 20.76902771, 19.2739048004, 16.593793869, 11.0521402359, 11.4219369888, 9.87959575653, 10.693104744, 11.1267681122, 6.01676368713, 3.68236708641, 2.30586767197, 1.82545626163, 0.877574145794, 0.130966320634, 0.0216794293374, 0.00433922652155, 0.000211564474739]}, "spectral_strongpeak": {"dmean2": 0.897748053074, "median": 0.313940674067, "min": 0, "dvar2": 3.29465317726, "dvar": 1.27745401859, "dmean": 0.519717752934, "max": 14.4395523071, "var": 2.30162882805, "mean": 0.84353864193}, "spectral_energy": {"dmean2": 0.0120505960658, "median": 0.0215415507555, "min": 1.10450947268e-20, "dvar2": 0.000348078261595, "dvar": 0.000147892336827, "dmean": 0.00768523337319, "max": 0.132819935679, "var": 0.000547589967027, "mean": 0.0266657583416}, "average_loudness": 0.669169962406, "spectral_rolloff": {"dmean2": 1094.26135254, "median": 1679.58984375, "min": 64.599609375, "dvar2": 2873419.25, "dvar": 1391982, "dmean": 677.15826416, "max": 19681.3476563, "var": 3759937, "mean": 2148.92529297}, "spectral_centroid": {"dmean2": 361.040039063, "median": 1675.40649414, "min": 223.862518311, "dvar2": 180833.9375, "dvar": 91125.765625, "dmean": 241.510299683, "max": 10613.0283203, "var": 515185.875, "mean": 1639.38757324}, "pitch_salience": {"dmean2": 0.107920512557, "median": 0.574205756187, "min": 0.110386133194, "dvar2": 0.00986466370523, "dvar": 0.00412811851129, "dmean": 0.0671333819628, "max": 0.911744236946, "var": 0.014646133408, "mean": 0.559587717056}, "spectral_energyband_middle_high": {"dmean2": 0.00336221046746, "median": 0.00487853679806, "min": 1.76594498168e-21, "dvar2": 2.4684051823e-05, "dvar": 1.12121924758e-05, "dmean": 0.00222682114691, "max": 0.104296706617, "var": 8.62677843543e-05, "mean": 0.00745351566002}, "spectral_contrast_coeffs": {"dmean2": [0.0807422921062, 0.0713025704026, 0.0564715601504, 0.0505463778973, 0.0340934433043, 0.0281065255404], "median": [-0.672582626343, -0.739945650101, -0.784800648689, -0.772287368774, -0.789052426815, -0.767017245293], "min": [-0.971163094044, -0.966202616692, -0.954985558987, -0.965970754623, -0.954602599144, -0.96106171608], "dvar2": [0.00435643643141, 0.00348982540891, 0.00212555588223, 0.00169288658071, 0.000739162496757, 0.000609780894592], "dvar": [0.00168821378611, 0.00139183446299, 0.00087907386478, 0.000685943989083, 0.000292321317829, 0.00028489268152], "dmean": [0.0488450713456, 0.0437824800611, 0.0353817418218, 0.0312883555889, 0.0210134871304, 0.0182970035821], "max": [-0.331562638283, -0.415262699127, -0.460037648678, -0.467346191406, -0.628404378891, -0.632442712784], "var": [0.00842110812664, 0.00466950470582, 0.0041904617101, 0.00294538447633, 0.00113721867092, 0.00181280414108], "mean": [-0.654848814011, -0.73448240757, -0.772612154484, -0.765651106834, -0.787774980068, -0.772016525269]}, "melbands_skewness": {"dmean2": 1.01192736626, "median": 2.061835289, "min": -1.54331374168, "dvar2": 1.44751620293, "dvar": 0.621387958527, "dmean": 0.655508160591, "max": 16.5710010529, "var": 2.7659676075, "mean": 2.35250258446}, "spectral_spread": {"dmean2": 846848.375, "median": 4841075, "min": 1493546.125, "dvar2": 1165611630590.0, "dvar": 652480413696, "dmean": 602373.4375, "max": 40833040, "var": 3572214267900.0, "mean": 4949132}, "dissonance": {"dmean2": 0.0249465275556, "median": 0.47843515873, "min": 0.175357192755, "dvar2": 0.000852029304951, "dvar": 0.000311141251586, "dmean": 0.0148895541206, "max": 0.5, "var": 0.000823415874038, "mean": 0.469249308109}, "spectral_skewness": {"dmean2": 0.316557705402, "median": 1.48523902893, "min": -0.17897978425, "dvar2": 0.123994536698, "dvar": 0.0531492270529, "dmean": 0.209116011858, "max": 4.64381551743, "var": 0.31831613183, "mean": 1.58345973492}, "spectral_flux": {"dmean2": 0.0314823240042, "median": 0.0740237683058, "min": 1.05095647462e-10, "dvar2": 0.00157675822265, "dvar": 0.000733561872039, "dmean": 0.0204415451735, "max": 0.313356101513, "var": 0.00269265682437, "mean": 0.0784819051623}, "spectral_contrast_valleys": {"dmean2": [0.633015036583, 0.56788623333, 0.482443451881, 0.416636496782, 0.377031266689, 0.392175167799], "median": [-6.96601724625, -6.68398094177, -7.24179935455, -7.23824930191, -7.02541399002, -9.44857025146], "min": [-27.0017261505, -27.0495948792, -27.6551761627, -26.9833812714, -27.2161064148, -27.2530975342], "dvar2": [0.293941736221, 0.255731910467, 0.188343629241, 0.150473102927, 0.170663878322, 0.232709497213], "dvar": [0.125551536679, 0.119085654616, 0.0909224450588, 0.0768928825855, 0.0976705998182, 0.136480629444], "dmean": [0.382304668427, 0.358257442713, 0.306210905313, 0.26973220706, 0.268780499697, 0.301697045565], "max": [-5.36914539337, -4.87774753571, -5.3584985733, -5.57557153702, -5.29923248291, -7.15494441986], "var": [2.34331560135, 0.911718666553, 1.12799286842, 1.4117910862, 2.00866317749, 2.70883226395], "mean": [-7.57542085648, -6.84060001373, -7.47979640961, -7.57428264618, -7.53789567947, -9.97827148438]}, "erbbands_flatness_db": {"dmean2": 0.0223341584206, "median": 0.132225930691, "min": 0.0450551733375, "dvar2": 0.000460164708784, "dvar": 0.000244963506702, "dmean": 0.0157066136599, "max": 0.402845472097, "var": 0.00310087529942, "mean": 0.146037191153}, "spectral_energyband_high": {"dmean2": 0.00116382224951, "median": 0.000730381987523, "min": 8.07050396865e-21, "dvar2": 4.83675648866e-06, "dvar": 2.2169613203e-06, "dmean": 0.000815307779703, "max": 0.0244605410844, "var": 5.9205863181e-06, "mean": 0.00172399298754}, "spectral_entropy": {"dmean2": 0.189744785428, "median": 7.88932704926, "min": 5.5143494606, "dvar2": 0.0451762229204, "dvar": 0.0259991586208, "dmean": 0.138393566012, "max": 9.79824256897, "var": 0.282214134932, "mean": 7.74910068512}, "silence_rate_20dB": {"dmean2": 0, "median": 1, "min": 1, "dvar2": 0, "dvar": 0, "dmean": 0, "max": 1, "var": 0, "mean": 1}, "melbands_flatness_db": {"dmean2": 0.0363101325929, "median": 0.165748551488, "min": 0.0108952140436, "dvar2": 0.0014128210023, "dvar": 0.000686263316311, "dmean": 0.0247789043933, "max": 0.473248034716, "var": 0.00490783667192, "mean": 0.174681305885}, "barkbands": {"dmean2": [0.00071560224751, 0.00719274161384, 0.00239104731008, 0.00227068294771, 0.00130784243811, 0.00101509620436, 0.000843872490805, 0.000885385088623, 0.000698710500728, 0.000622743857093, 0.000710639287718, 0.000703239871655, 0.000635550415609, 0.000934840296395, 0.00068777485285, 0.000873523415066, 0.000652180227917, 0.000417845410993, 0.000309053139063, 0.000302154483506, 0.000230937483138, 0.000217658103793, 0.000340024009347, 0.000173439038917, 0.000234952982282, 0.000147534447024, 3.78139666282e-05], "median": [1.81700015673e-05, 0.00286767631769, 0.00109053857159, 0.000506766955368, 0.000991865526885, 0.000732746324502, 0.000341709674103, 0.000367249595001, 0.0