{"metadata": {"tags": {"album": ["Fabric 65"], "albumartist": ["Matthias Tanzmann"], "tracknumber": ["11"], "musicbrainz_recordingid": ["1a9e92cf-a5d3-4457-906c-f52656eb7535"], "artist": ["Alexis Cabrera"], "date": ["2012"], "discnumber": ["1"], "title": ["Everything(Mindshake)"], "file_name": "2129626.mp3"}, "audio_properties": {"sample_rate": 44100, "downmix": "mix", "lossless": false, "analysis_sample_rate": 44100, "md5_encoded": "ef5d7b8706142efd5129b3eaa621f1da", "equal_loudness": 0, "replay_gain": -13.3359184265, "codec": "mp3", "bit_rate": 320000, "length": 311.066131592}, "version": {"extractor": "music 1.0", "essentia_build_sha": "70f2e5ece6736b2c40cc944ad0e695b16b925413", "essentia_git_sha": "v2.1_beta2", "essentia": "2.1-beta2"}}, "rhythm": {"beats_loudness_band_ratio": {"dvar2": [0.079648271203, 0.0599248223007, 0.0221692118794, 0.0257770400494, 0.0250137001276, 0.0167723055929], "var": [0.0467563718557, 0.0231066606939, 0.00945574603975, 0.0109822759405, 0.00454495334998, 0.0110752927139], "min": [8.30465214676e-05, 0.000465238874312, 0.000357902084943, 0.000180363596883, 0.000122916171676, 0.000103363119706], "dmean": [0.18008865416, 0.153551504016, 0.0717255100608, 0.0576320774853, 0.0403182320297, 0.0940585881472], "mean": [0.519588053226, 0.159859538078, 0.0772816315293, 0.0579037480056, 0.0356255546212, 0.181300953031], "max": [0.996610224247, 0.933656513691, 0.626647591591, 0.885424315929, 0.432905942202, 0.722279667854], "dmean2": [0.319636315107, 0.276949316263, 0.127414405346, 0.108137376606, 0.0768379122019, 0.167398780584], "median": [0.544429421425, 0.116041667759, 0.0456735193729, 0.0170709788799, 0.0140710454434, 0.186769872904], "dvar": [0.0249161534011, 0.0190398935229, 0.00824710167944, 0.00752692762762, 0.00664911232889, 0.00564297568053]}, "bpm_histogram_first_peak_weight": {"dvar2": 0, "var": 0, "min": 0.812206566334, "dmean": 0, "mean": 0.812206566334, "max": 0.812206566334, "dmean2": 0, "median": 0.812206566334, "dvar": 0}, "bpm": 123.423477173, "beats_count": 640, "bpm_histogram_first_peak_spread": {"dvar2": 0, "var": 0, "min": 0.160194158554, "dmean": 0, "mean": 0.160194158554, "max": 0.160194158554, "dmean2": 0, "median": 0.160194158554, "dvar": 0}, "danceability": 1.56933796406, "bpm_histogram_first_peak_bpm": {"dvar2": 0, "var": 0, "min": 123, "dmean": 0, "mean": 123, "max": 123, "dmean2": 0, "median": 123, "dvar": 0}, "beats_position": [0.417959183455, 0.859138309956, 1.28870749474, 1.74149656296, 2.20589566231, 2.69351458549, 3.1811337471, 3.66875267029, 4.15637159348, 4.6439909935, 5.13160991669, 5.61922883987, 6.10684776306, 6.59446716309, 7.07047605515, 7.5464849472, 8.03410434723, 8.52172279358, 9.0093421936, 9.49696159363, 9.98458003998, 10.47219944, 10.95981884, 11.4474372864, 11.9350566864, 12.4226751328, 12.9102945328, 13.3979139328, 13.8855323792, 14.361541748, 14.8375511169, 15.3251695633, 15.8127889633, 16.3004074097, 16.7880268097, 17.2756462097, 17.7632656097, 18.2508831024, 18.7385025024, 19.2261219025, 19.7137413025, 20.2013607025, 20.6889801025, 21.1765975952, 21.6642169952, 22.1402263641, 22.616235733, 23.1038551331, 23.5914726257, 24.0790920258, 24.5667114258, 25.0543308258, 25.5419502258, 26.0295696259, 26.5171871185, 27.0048065186, 27.4924259186, 27.9800453186, 28.4560546875, 28.932062149, 29.4196815491, 29.9073009491, 30.3949203491, 30.8825397491, 31.3701572418, 31.8577766418, 32.3453979492, 32.8330154419, 33.3206329346, 33.8082542419, 34.2958717346, 34.783493042, 35.2594985962, 35.7355079651, 36.2231292725, 36.7107467651, 37.1983680725, 37.6859855652, 38.1736030579, 38.6612243652, 39.1488418579, 39.6364631653, 40.124080658, 40.6116981506, 41.099319458, 41.5869369507, 42.0629463196, 42.550567627, 43.0265769958, 43.5141944885, 44.0018119812, 44.4894332886, 44.9770507812, 45.4646720886, 45.9522895813, 46.439907074, 46.9275283813, 47.415145874, 47.9027671814, 48.3903846741, 48.866394043, 49.3424034119, 49.8300209045, 50.3176422119, 50.8052597046, 51.2928771973, 51.7804985046, 52.2681159973, 52.7557373047, 53.2433547974, 53.73097229, 54.2185935974, 54.7062110901, 55.1938323975, 55.6814498901, 56.1690673828, 56.6566886902, 57.1443061829, 57.6319274902, 58.1079368591, 58.5955543518, 59.0715637207, 59.5591812134, 60.0468025208, 60.5344200134, 61.0220413208, 61.5096588135, 61.9972763062, 62.473285675, 62.9492950439, 63.4369163513, 63.924533844, 64.4121551514, 64.899772644, 65.3873901367, 65.8750076294, 66.3626327515, 66.8502502441, 67.3378677368, 67.8254852295, 68.3131027222, 68.7891159058, 69.26512146, 69.7527389526, 70.2403640747, 70.7279815674, 71.2155990601, 71.7032165527, 72.1908340454, 72.6784591675, 73.1660766602, 73.6536941528, 74.1413116455, 74.6289291382, 75.1165542603, 75.6041717529, 76.0801773071, 76.5561904907, 77.0438079834, 77.5314254761, 78.0190429688, 78.5066680908, 78.9942855835, 79.4819030762, 79.9695205688, 80.4571380615, 80.9447631836, 81.4323806763, 81.9199981689, 82.4076156616, 82.8952331543, 83.3828582764, 83.8588638306, 84.3348770142, 84.8224945068, 85.3101119995, 85.7977294922, 86.2853469849, 86.7729721069, 87.2605895996, 87.7482070923, 88.235824585, 88.7234420776, 89.2110671997, 89.6870727539, 90.1630859375, 90.6507034302, 91.1383209229, 91.6259384155, 92.1135559082, 92.6011810303, 93.100402832, 93.6228561401, 94.1569137573, 94.6793670654, 95.2134246826, 95.7590942383, 96.246711731, 96.7343292236, 97.2219467163, 97.709564209, 98.1971893311, 98.6848068237, 99.1724243164, 99.6600418091, 100.147659302, 100.635284424, 101.111289978, 101.587303162, 102.074920654, 102.562538147, 103.05015564, 103.537773132, 104.025398254, 104.513015747, 105.00063324, 105.488250732, 105.975868225, 106.463493347, 106.95111084, 107.438728333, 107.914733887, 108.402359009, 108.90158844, 109.389205933, 109.876823425, 110.352828979, 110.840454102, 111.316459656, 111.804077148, 112.291702271, 112.779319763, 113.266937256, 113.754554749, 114.230567932, 114.706573486, 115.194190979, 115.681808472, 116.169433594, 116.657051086, 117.144668579, 117.632286072, 118.119903564, 118.607528687, 119.095146179, 119.582763672, 120.070381165, 120.557998657, 121.045623779, 121.533241272, 122.009246826, 122.48526001, 122.972877502, 123.460494995, 123.948112488, 124.43573761, 124.923355103, 125.410972595, 125.898590088, 126.386207581, 126.873832703, 127.361450195, 127.849067688, 128.325073242, 128.801086426, 129.277099609, 129.695053101, 130.101409912, 130.507751465, 130.914108276, 131.308837891, 131.703582764, 132.098312378, 132.5859375, 133.073562622, 133.561172485, 134.060409546, 134.559631348, 135.070480347, 135.569702148, 136.068939209, 136.556549072, 137.044174194, 137.543395996, 138.042633057, 138.53024292, 139.017868042, 139.505477905, 139.993103027, 140.480728149, 140.968338013, 141.444351196, 141.92036438, 142.407974243, 142.895599365, 143.383224487, 143.870834351, 144.358459473, 144.846069336, 145.333694458, 145.82131958, 146.308929443, 146.796554565, 147.284164429, 147.760177612, 148.247802734, 148.723800659, 149.211425781, 149.699050903, 150.186660767, 150.674285889, 151.161895752, 151.649520874, 152.137145996, 152.624755859, 153.112380981, 153.611602783, 154.1456604, 154.691329956, 155.236999512, 155.759460449, 156.258682251, 156.757904053, 157.245529175, 157.733154297, 158.22076416, 158.708389282, 159.184402466, 159.660400391, 160.148025513, 160.635650635, 161.123260498, 161.61088562, 162.098495483, 162.586120605, 163.073745728, 163.561355591, 164.048980713, 164.536590576, 165.024215698, 165.51184082, 165.987838745, 166.463851929, 166.951477051, 167.439086914, 167.926712036, 168.414321899, 168.901947021, 169.389572144, 169.877182007, 170.364807129, 170.852416992, 171.340042114, 171.827667236, 172.3152771, 172.791290283, 173.267303467, 173.75491333, 174.242538452, 174.730148315, 175.217773438, 175.70539856, 176.193008423, 176.680633545, 177.168243408, 177.65586853, 178.143493652, 178.631103516, 179.107116699, 179.583129883, 180.070739746, 180.558364868, 181.04598999, 181.533599854, 182.021224976, 182.508834839, 182.996459961, 183.484085083, 183.971694946, 184.459320068, 184.946929932, 185.434555054, 185.922180176, 186.398178101, 186.874191284, 187.361816406, 187.84942627, 188.337051392, 188.824661255, 189.312286377, 189.799911499, 190.287521362, 190.775146484, 191.262756348, 191.75038147, 192.238006592, 192.714004517, 193.1900177, 193.677642822, 194.165252686, 194.652877808, 195.140487671, 195.628112793, 196.115737915, 196.603347778, 197.0909729, 197.578598022, 198.066207886, 198.553833008, 199.041442871, 199.529067993, 200.005081177, 200.481079102, 200.968704224, 201.456329346, 201.943939209, 202.431564331, 202.919174194, 203.406799316, 203.894424438, 204.382034302, 204.869659424, 205.357269287, 205.844894409, 206.332519531, 206.820129395, 207.296142578, 207.772155762, 208.259765625, 208.747390747, 209.23500061, 209.722625732, 210.210250854, 210.697860718, 211.18548584, 211.673095703, 212.160720825, 212.648345947, 213.135955811, 213.611968994, 214.087982178, 214.575592041, 215.063217163, 215.550842285, 216.038452148, 216.526077271, 217.013687134, 217.501312256, 217.988937378, 218.476547241, 218.964172363, 219.451782227, 219.939407349, 220.415420532, 220.891418457, 221.379043579, 221.866668701, 222.354278564, 222.841903687, 223.32951355, 223.817138672, 224.304763794, 224.792373657, 225.279998779, 225.767608643, 226.255233765, 226.731246948, 227.207244873, 227.694869995, 228.182495117, 228.67010498, 229.157730103, 229.645339966, 230.132965088, 230.62059021, 231.108200073, 231.595825195, 232.083435059, 232.571060181, 233.058685303, 233.534683228, 234.010696411, 234.498321533, 234.985931396, 235.473556519, 235.961181641, 236.448791504, 236.936416626, 237.424026489, 237.911651611, 238.399276733, 238.886886597, 239.374511719, 239.862121582, 240.349746704, 240.837371826, 241.313369751, 241.789382935, 242.277008057, 242.76461792, 243.252243042, 243.739852905, 244.227478027, 244.715103149, 245.202713013, 245.690338135, 246.177947998, 246.66557312, 247.153198242, 247.640808105, 248.128433228, 248.604446411, 249.080444336, 249.568069458, 250.05569458, 250.543304443, 251.030929565, 251.518539429, 252.006164551, 252.493789673, 252.981399536, 253.469024658, 253.956634521, 254.444259644, 254.920272827, 255.396270752, 255.883895874, 256.371520996, 256.859130859, 257.346740723, 257.834381104, 258.321990967, 258.80960083, 259.297241211, 259.784851074, 260.272460938, 260.760070801, 261.247711182, 261.723724365, 262.211334229, 262.687347412, 263.174957275, 263.662567139, 264.15020752, 264.637817383, 265.125427246, 265.613067627, 266.10067749, 266.588287354, 267.075927734, 267.5519104, 268.027923584, 268.515563965, 269.003173828, 269.490783691, 269.978393555, 270.466033936, 270.953643799, 271.441253662, 271.928894043, 272.416503906, 272.90411377, 273.39175415, 273.879364014, 274.355377197, 274.831390381, 275.319000244, 275.806610107, 276.294250488, 276.781860352, 277.269470215, 277.757080078, 278.244720459, 278.732330322, 279.219940186, 279.707580566, 280.183563232, 280.659576416, 281.147216797, 281.63482666, 282.122436523, 282.610076904, 283.097686768, 283.585296631, 284.072906494, 284.560546875, 285.048156738, 285.535766602, 286.023406982, 286.511016846, 286.987030029, 287.463043213, 287.950653076, 288.438262939, 288.92590332, 289.413513184, 289.901123047, 290.38873291, 290.876373291, 291.363983154, 291.851593018, 292.339233398, 292.826843262, 293.314453125, 293.802093506, 294.278076172, 294.754089355, 295.241729736, 295.7293396, 296.216949463, 296.704589844, 297.192199707, 297.67980957, 298.167419434, 298.655059814, 299.142669678, 299.630279541, 300.117919922, 300.605529785, 301.093139648, 301.569152832, 302.045166016, 302.532775879, 303.02041626, 303.508026123, 303.995635986, 304.48324585, 304.97088623, 305.458496094, 305.946105957, 306.433746338, 306.921356201, 307.408966064, 307.884979248, 308.360992432, 308.848602295, 309.336242676, 309.823852539, 310.311462402, 310.799072266], "beats_loudness": {"dvar2": 0.000864686153363, "var": 0.000621146813501, "min": 0.00479501485825, "dmean": 0.0198928397149, "mean": 0.0510508604348, "max": 0.152040198445, "dmean2": 0.0338781550527, "median": 0.04648655653, "dvar": 0.000300894433167}, "bpm_histogram_second_peak_weight": {"dvar2": 0, "var": 0, "min": 0.00469483574852, "dmean": 0, "mean": 0.00469483574852, "max": 0.00469483574852, "dmean2": 0, "median": 0.00469483574852, "dvar": 0}, "bpm_histogram_second_peak_spread": {"dvar2": 0, "var": 0, "min": 0.5, "dmean": 0, "mean": 0.5, "max": 0.5, "dmean2": 0, "median": 0.5, "dvar": 0}, "bpm_histogram_second_peak_bpm": {"dvar2": 0, "var": 0, "min": 110, "dmean": 0, "mean": 110, "max": 110, "dmean2": 0, "median": 110, "dvar": 0}, "onset_rate": 5.50344753265}, "lowlevel": {"spectral_energyband_high": {"dvar2": 3.55422671419e-05, "var": 2.05741016543e-05, "min": 5.08201944069e-12, "dmean": 0.0020604794845, "mean": 0.00244504562579, "max": 0.0391418077052, "dmean2": 0.00304195401259, "median": 0.000368123612134, "dvar": 1.56014648383e-05}, "spectral_energyband_middle_low": {"dvar2": 0.000528504373506, "var": 0.00019594153855, "min": 1.10953204957e-10, "dmean": 0.00742760486901, "mean": 0.0111542278901, "max": 0.167517051101, "dmean2": 0.0127687556669, "median": 0.00720548629761, "dvar": 0.000192116756807}, "spectral_energy": {"dvar2": 0.00235409825109, "var": 0.00133351120166, "min": 1.32660948893e-09, "dmean": 0.0222679246217, "mean": 0.046386577189, "max": 0.247318521142, "dmean2": 0.0366394370794, "median": 0.0381829291582, "dvar": 0.000933717587031}, "spectral_spread": {"dvar2": 4473528254460.0, "var": 7163517337600.0, "min": 420537.15625, "dmean": 1363455.375, "mean": 6178593, "max": 14794114, "dmean2": 2082296.5, "median": 5602021, "dvar": 2229431435260.0}, "spectral_energyband_low": {"dvar2": 0.0019856649451, "var": 0.00103696156293, "min": 8.25227775003e-10, "dmean": 0.0161526370794, "mean": 0.0296048745513, "max": 0.228459313512, "dmean2": 0.0279187615961, "median": 0.0217963736504, "dvar": 0.000737001770176}, "spectral_rolloff": {"dvar2": 7948501, "var": 5693728, "min": 21.533203125, "dmean": 1047.86120605, "mean": 1561.29150391, "max": 12015.5273438, "dmean2": 1811.54968262, "median": 430.6640625, "dvar": 3550936.25}, "barkbands": {"dvar2": [9.5794587196e-07, 0.00126631627791, 0.000362630002201, 0.00011414536857, 8.17915206426e-05, 2.91423748422e-05, 1.01734431155e-05, 9.70805649558e-06, 7.47023250369e-06, 9.18950900086e-06, 3.13653367812e-06, 2.17877777686e-06, 1.8253114149e-06, 2.49584581979e-06, 1.19523770081e-06, 9.67657229012e-07, 4.45231364665e-07, 7.69101632159e-07, 3.32945234049e-07, 4.81159361243e-07, 1.57126839895e-06, 2.69976476375e-06, 2.05832952815e-06, 9.78931780082e-07, 1.540747121e-06, 2.15247496271e-07, 6.9266872238e-09], "var": [5.8303953665e-06, 0.000722756434698, 0.000124690021039, 2.28690187214e-05, 4.4448839617e-05, 1.53982473421e-05, 4.92916888106e-06, 5.03856381329e-06, 4.75366960018e-06, 3.50661775883e-06, 1.23422455545e-06, 1.21550340282e-06, 9.59284875535e-07, 1.2180446447e-06, 7.13419922249e-07, 6.36652487174e-07, 2.83138319901e-07, 3.81107582825e-07, 1.58637661229e-07, 2.69631613037e-07, 5.18353715506e-07, 1.10400480935e-06, 9.85974338619e-07, 6.16723525582e-07, 9.46995157847e-07, 1.27457553845e-07, 5.52623635741e-09], "min": [8.06514577345e-11, 4.0757491826e-10, 6.29710728006e-11, 2.88825612732e-11, 3.85405457548e-11, 1.81233830027e-11, 9.9225749145e-12, 6.241874205e-12, 6.16096756945e-12, 4.25388717307e-12, 2.74041444918e-12, 2.91919483378e-12, 1.9728949377e-12, 2.02847482735e-12, 1.55003722531e-12, 1.31562078939e-12, 1.06344707346e-12, 1.0524906684e-12, 9.30779650403e-13, 8.60296100851e-13, 7.35970204051e-13, 6.06853163641e-13, 6.027305933e-13, 5.61457401838e-13, 6.96283742468e-13, 7.37615589268e-13, 7.01605874093e-13], "dmean": [0.000529974990059, 0.0126249231398, 0.00454919412732, 0.00202432274818, 0.00303010316566, 0.00165923964232, 0.000991850160062, 0.000720145006198, 0.000620530045126, 0.000618783291429, 0.000477490364574, 0.000450874969829, 0.000429959909525, 0.000403470767196, 0.000319356069667, 0.000312381394906, 0.000208584882785, 0.000235094077652, 0.000180973744136, 0.000245621311478, 0.000307900743792, 0.000395768729504, 0.00041472283192, 0.00035955948988, 0.000412233290263, 0.000164718454471, 3.62104910892e-05], "mean": [0.00151708442718, 0.0210580676794, 0.00615416141227, 0.00161198165733, 0.00458143791184, 0.00202903850004, 0.00106245756615, 0.000860207888763, 0.000822174537461, 0.000664437073283, 0.000518832937814, 0.000510610057972, 0.000508821569383, 0.000475324777653, 0.000389432854718, 0.000372354581486, 0.000237846412347, 0.000245173781877, 0.000186503399163, 0.000275687110843, 0.000313763099257, 0.000435683206888, 0.000440799427452, 0.000411252403865, 0.000480954651721, 0.00018359736714, 3.87976942875e-05], "max": [0.0135283861309, 0.186226427555, 0.0982720926404, 0.0989551246166, 0.086767308414, 0.0710292160511, 0.0337034985423, 0.0608380660415, 0.0496171079576, 0.0383562967181, 0.0154224466532, 0.0236538760364, 0.011935015209, 0.0154114803299, 0.0124926157296, 0.00997076649219, 0.00546648493037, 0.00722942315042, 0.0045789279975, 0.00498607661575, 0.00941569171846, 0.0125801544636, 0.00974745582789, 0.005173841957, 0.00856080558151, 0.00410562194884, 0.000497588596772], "dmean2": [0.000596157158725, 0.0217663161457, 0.0082127507776, 0.00375862559304, 0.00511044310406, 0.00275633996353, 0.00166451872792, 0.00121546827722, 0.0010450410191, 0.00107717316132, 0.000816158950329, 0.000754133565351, 0.000728931510821, 0.000664799998049, 0.000520465779118, 0.000479227222968, 0.000327397079673, 0.000364385836292, 0.000284155074041, 0.000383124977816, 0.000484040647279, 0.000621683313511, 0.000633375602774, 0.000536816427484, 0.000619949540123, 0.000241466172156, 5.05101706949e-05], "median": [0.000187983503565, 0.0102574955672, 0.000865418580361, 0.000487797951791, 0.00216484069824, 0.000716367503628, 0.000325658707879, 0.000168344733538, 0.000182260453585, 0.000125766149722, 0.00012064310431, 9.56581498031e-05, 0.00012736604549, 0.000103920901893, 8.69127179612e-05, 7.68936297391e-05, 4.84591728309e-05, 3.979804751e-05, 3.41868289979e-05, 6.03870066698e-05, 4.46344820375e-05, 7.0024652814e-05, 5.8267309214e-05, 5.09977253387e-05, 3.65615705959e-05, 2.18020795728e-05, 2.28351314036e-06], "dvar": [9.20387662973e-07, 0.000469113641884, 0.000128030806081, 3.95451170334e-05, 3.05874054902e-05, 1.16192495625e-05, 4.1643570512e-06, 3.75410945708e-06, 2.78136008092e-06, 3.38867835126e-06, 1.16786918625e-06, 8.8482170213e-07, 7.29500868601e-07, 1.0250281548e-06, 5.35622916686e-07, 4.63641612214e-07, 2.14667508658e-07, 3.4097945445e-07, 1.41980564194e-07, 2.08800315704e-07, 5.94508946961e-07, 1.09189033992e-06, 8.95252526334e-07, 4.4529130605e-07, 6.86142982431e-07, 9.86998429653e-08, 3.70457486909e-09]}, "melbands_skewness": {"dvar2": 18.7214221954, "var": 20.5194625854, "min": -1.94118213654, "dmean": 2.13807463646, "mean": 5.16912794113, "max": 44.9772720337, "dmean2": 3.38077068329, "median": 4.05032062531, "dvar": 8.01266860962}, "barkbands_skewness": {"dvar2": 10.3159980774, "var": 9.91532421112, "min": -3.53579187393, "dmean": 1.59548544884, "mean": 3.21593999863, "max": 35.7561187744, "dmean2": 2.49073672295, "median": 2.33022975922, "dvar": 4.46097135544}, "erbbands": {"dvar2": [1.28343701363, 82.5385742188, 520.790588379, 808.946655273, 757.161315918, 1254.8425293, 2359.53417969, 2349.38061523, 2321.67871094, 1890.60083008, 5232.65234375, 4969.58203125, 7204.67822266, 7209.08398438, 4227.35644531, 3863.43725586, 4034.93481445, 5058.15576172, 4831.34619141, 2477.44311523, 3060.44970703, 1438.69995117, 2317.4309082, 776.442565918, 1121.18994141, 1160.15185547, 711.861022949, 3924.66381836, 2123.62060547, 5561.36914062, 1524.41113281, 373.332183838, 314.238250732, 181.05418396, 95.555557251, 10.1678256989, 0.522268891335, 0.0106166210026, 0.000188078600331, 4.01406310857e-07], "var": [1.42079246044, 27.6619243622, 146.455093384, 194.164047241, 229.575378418, 1009.08746338, 773.815429688, 1393.62084961, 913.640014648, 1116.6295166, 2646.88549805, 3379.88989258, 2425.19702148, 3243.85131836, 1890.71276855, 2270.25, 2137.75268555, 2623.94750977, 2631.42749023, 1656.72058105, 1845.46813965, 949.096801758, 1175.80566406, 372.504882812, 568.199157715, 602.79699707, 514.785461426, 1207.86462402, 863.817138672, 2052.65917969, 800.327880859, 230.399673462, 192.254959106, 123.506950378, 51.3965187073, 5.33791255951, 0.319468706846, 0.0086905490607, 0.000160087482072, 4.63015624064e-07], "min": [2.28096013188e-08, 5.53456658281e-08, 7.68888028801e-08, 9.49161176322e-08, 1.13563082493e-07, 1.26606124695e-07, 1.41856702385e-07, 1.42303520079e-07, 1.43714913747e-07, 1.43039628142e-07, 1.3875728655e-07, 1.36600107226e-07, 1.38499189006e-07, 1.29033409735e-07, 1.15036179693e-07, 1.14837845899e-07, 9.36313853117e-08, 9.8239652857e-08, 9.13483688691e-08, 8.22992234362e-08, 6.70095445798e-08, 5.9530858465e-08, 5.5935686305e-08, 5.0491763659e-08, 4.81132857999e-08, 3.90030194808e-08, 3.25792335332e-08, 2.84651449078e-08, 2.18652083106e-08, 1.85251884943e-08, 1.83426731581e-08, 1.30191510905e-08, 9.17110209997e-09, 5.806148895e-09, 5.64969315775e-09, 2.60276955544e-09, 1.52893531169e-09, 3.74786840451e-10, 9.11593023289e-11, 1.42191562344e-11], "dmean": [0.44195073843, 2.80187630653, 5.30411052704, 6.10741758347, 7.21784448624, 12.3513383865, 12.351313591, 14.1810703278, 14.1987771988, 13.6055545807, 15.0359249115, 14.7869920731, 17.0209636688, 20.096282959, 18.3689517975, 18.6609725952, 20.0922546387, 20.2743835449, 18.5976810455, 15.4788351059, 16.6908187866, 12.1054868698, 12.899643898, 8.74545001984, 10.866645813, 11.4525747299, 9.94854068756, 13.9689426422, 12.4882688522, 15.8483314514, 11.8648166656, 6.96518039703, 6.05214738846, 4.52441930771, 3.09244394302, 1.03097975254, 0.259491443634, 0.0455291941762, 0.00608774507418, 0.000323187559843], "mean": [0.899424314499, 3.59119820595, 6.61752319336, 6.7670750618, 9.36445999146, 19.0266056061, 13.5066928864, 17.8898200989, 15.9787254333, 15.3572626114, 19.4523735046, 19.8605613708, 20.3617572784, 22.2589263916, 20.5674571991, 21.7345848083, 23.9419174194, 24.6307106018, 22.7297401428, 19.4686546326, 18.9378585815, 13.9338884354, 13.7156152725, 9.24288654327, 11.5374383926, 12.5987691879, 11.9908323288, 13.2225837708, 13.6798057556, 16.359670639, 12.848534584, 7.96350908279, 7.05853796005, 5.52541303635, 3.38868927956, 1.11062407494, 0.286469310522, 0.0500536933541, 0.00662001501769, 0.000431325344834], "max": [6.0549454689, 45.4659347534, 107.188148499, 250.950180054, 221.449584961, 319.108306885, 676.906188965, 706.731140137, 519.815490723, 568.192749023, 1433.19555664, 1518.93408203, 1036.03930664, 1327.2277832, 522.403503418, 1134.84753418, 510.389190674, 547.417663574, 654.96105957, 462.500976562, 489.01940918, 311.892242432, 390.097076416, 214.049179077, 289.554962158, 269.303924561, 248.37399292, 482.551391602, 350.892272949, 581.80456543, 249.965789795, 119.478462219, 130.546539307, 86.9288787842, 79.4121551514, 25.5737724304, 7.04594326019, 0.670104324818, 0.0752675458789, 0.00402142852545], "dmean2": [0.726147532463, 4.93213796616, 9.69635772705, 11.057803154, 12.5816450119, 20.5572605133, 21.5678119659, 23.3604030609, 23.7128925323, 23.0778846741, 25.2685871124, 24.9766559601, 29.0528488159, 35.0955200195, 30.9754104614, 30.8682422638, 33.8954849243, 33.492351532, 30.3117218018, 24.9814586639, 25.5409870148, 18.7958660126, 19.9824542999, 13.8030872345, 16.8401241302, 17.7679691315, 15.0933694839, 22.1422252655, 19.589220047, 24.9862327576, 17.9639530182, 10.4546041489, 9.14375019073, 6.84589242935, 4.69504117966, 1.54318201542, 0.381348252296, 0.0652595609426, 0.00846746005118, 0.000455752422567], "median": [0.31675440073, 1.90030407906, 1.62469255924, 2.0547940731, 4.49428939819, 7.06648349762, 4.20448732376, 6.55449390411, 5.43992424011, 5.05615091324, 4.29583120346, 4.54612493515, 4.73784017563, 4.92243146896, 4.78474712372, 4.52793693542, 6.01953697205, 6.19644117355, 5.27725601196, 4.49668693542, 3.95822906494, 2.90440797806, 2.39072680473, 1.77110207081, 2.0715379715, 2.80408000946, 2.11699676514, 1.5887567997, 2.36065196991, 2.44092512131, 1.60036325455, 1.0794223547, 0.772826910019, 0.457150578499, 0.248029142618, 0.108464464545, 0.0371809005737, 0.00461732922122, 0.000442630669568, 8.46897455631e-05], "dvar": [0.497044533491, 30.3651199341, 182.210357666, 284.835906982, 268.037017822, 504.494812012, 872.333007812, 955.67199707, 918.885375977, 762.821533203, 1962.1328125, 1851.54443359, 2590.11010742, 2686.78051758, 1672.82507324, 1570.12915039, 1621.18395996, 2074.59106445, 2063.21044922, 1165.63708496, 1450.75390625, 705.08795166, 1035.35192871, 325.681304932, 492.227172852, 498.030456543, 318.975341797, 1494.08569336, 858.518493652, 2242.28808594, 669.28515625, 174.160049438, 139.058181763, 80.8606338501, 41.5034370422, 4.44750452042, 0.243132859468, 0.00577775621787, 0.000104119688331, 2.55031494589e-07]}, "silence_rate_30dB": {"dvar2": 0.124601639807, "var": 0.0581175684929, "min": 0, "dmean": 0.0649399086833, "mean": 0.938050448895, "max": 1, "dmean2": 0.129814863205, "median": 1, "dvar": 0.0607183985412}, "melbands_spread": {"dvar2": 702.148986816, "var": 496.306030273, "min": 0.105802483857, "dmean": 10.4868545532, "mean": 17.6725559235, "max": 234.090270996, "dmean2": 16.9939155579, "median": 10.1057853699, "dvar": 281.386383057}, "melbands_crest": {"dvar2": 40.2195510864, "var": 72.208656311, "min": 2.42601299286, "dmean": 4.25340747833, "mean": 20.6599121094, "max": 39.6745300293, "dmean2": 6.67833757401, "median": 20.2472724915, "dvar": 17.0941085815}, "zerocrossingrate": {"dvar2": 0.000669133500196, "var": 0.0029649422504, "min": 0.00048828125, "dmean": 0.0201618932188, "mean": 0.058133456856, "max": 0.3564453125, "dmean2": 0.0226400513202, "median": 0.041015625, "dvar": 0.000552486861125}, "barkbands_kurtosis": {"dvar2": 9118.85351562, "var": 4720.15234375, "min": -1.94943058491, "dmean": 23.829158783, "mean": 28.6141643524, "max": 1366.52331543, "dmean2": 38.6993560791, "median": 6.41754961014, "dvar": 3696.36376953}, "spectral_flux": {"dvar2": 0.00588241871446, "var": 0.00640026386827, "min": 0.000540615525097, "dmean": 0.0488484315574, "mean": 0.110838711262, "max": 0.441429078579, "dmean2": 0.0725370123982, "median": 0.0898066163063, "dvar": 0.00362610281445}, "barkbands_crest": {"dvar2": 36.2785835266, "var": 38.762676239, "min": 1.8589669466, "dmean": 3.83354210854, "mean": 14.5760145187, "max": 26.8385162354, "dmean2": 6.32418441772, "median": 14.6624927521, "dvar": 14.569478035}, "barkbands_flatness_db": {"dvar2": 0.00738364178687, "var": 0.0113386530429, "min": 0.0159607566893, "dmean": 0.0531790144742, "mean": 0.188081458211, "max": 0.680047333241, "dmean2": 0.0813741460443, "median": 0.165712893009, "dvar": 0.00330523937009}, "spectral_entropy": {"dvar2": 0.388316988945, "var": 0.56099820137, "min": 3.97260594368, "dmean": 0.36939266324, "mean": 7.61192321777, "max": 8.92704963684, "dmean2": 0.564357280731, "median": 7.7522816658, "dvar": 0.177045986056}, "pitch_salience": {"dvar2": 0.0336001627147, "var": 0.0388520024717, "min": 0.0137831997126, "dmean": 0.110989816487, "mean": 0.457014083862, "max": 0.881926715374, "dmean2": 0.183031275868, "median": 0.481907010078, "dvar": 0.0135412346572}, "erbbands_spread": {"dvar2": 992.368225098, "var": 1148.78613281, "min": 1.12723064423, "dmean": 19.1530609131, "mean": 50.7540359497, "max": 206.89112854, "dmean2": 29.8861713409, "median": 41.4223556519, "dvar": 441.752716064}, "dynamic_complexity": 2.55610799789, "spectral_contrast_valleys": {"dvar2": [0.695294737816, 0.91114795208, 0.802909195423, 0.889669120312, 0.846844851971, 1.52040302753], "var": [1.52144813538, 0.895587265491, 1.01971232891, 1.28491437435, 1.37971055508, 2.05003929138], "min": [-18.742307663, -19.9663658142, -18.5834159851, -18.8846073151, -18.361333847, -19.5568790436], "dmean": [0.559850275517, 0.616829931736, 0.576082408428, 0.579898178577, 0.634366452694, 0.824799418449], "mean": [-7.16791629791, -7.00579166412, -7.44539260864, -7.758228302, -7.89856147766, -9.77947711945], "max": [-4.66164684296, -4.28651428223, -4.3576335907, -5.04253816605, -5.21963071823, -7.2296962738], "dmean2": [0.892080783844, 0.970773816109, 0.876800060272, 0.86008644104, 0.877243995667, 1.19213581085], "median": [-6.9304599762, -6.95047664642, -7.36127710342, -7.66952610016, -7.82879543304, -9.66263866425], "dvar": [0.316029787064, 0.390656590462, 0.359045594931, 0.423591792583, 0.42680683732, 0.754544198513]}, "hfc": {"dvar2": 2700.69335938, "var": 1800.83728027, "min": 1.53465336439e-07, "dmean": 23.0641670227, "mean": 32.1336784363, "max": 281.25894165, "dmean2": 34.0564994812, "median": 13.5211877823, "dvar": 1255.32995605}, "spectral_kurtosis": {"dvar2": 280.563293457, "var": 98.731628418, "min": -0.883075475693, "dmean": 3.72789764404, "mean": 5.65244579315, "max": 222.048812866, "dmean2": 6.27547264099, "median": 3.48170280457, "dvar": 96.8663406372}, "mfcc": {"mean": [-662.903442383, 113.021362305, 30.0348510742, 19.3813858032, 11.4152698517, 16.9282875061, 3.43791913986, 4.13899803162, 2.57147336006, 4.82491779327, 1.01453542709, 0.465956479311, 2.72661113739], "cov": [[9332.81347656, -2615.11572266, -1029.54919434, -460.864898682, -434.291931152, -291.039123535, -303.179534912, -300.018859863, -284.14743042, -261.698516846, -216.52571106, -111.773460388, -59.3007545471], [-2615.11572266, 2872.09643555, -192.927200317, -86.9112091064, 76.7305297852, -51.5474090576, -66.4479751587, 9.34058856964, 11.0447568893, 58.0647850037, -28.9298286438, -11.4407377243, -15.0381336212], [-1029.54919434, -192.927200317, 1971.11889648, 573.419616699, 260.50378418, 175.650848389, 76.3475952148, 2.5439350605, -3.59433841705, 33.3773345947, 73.734992981, 31.3841018677, 34.2917289734], [-460.864898682, -86.9112091064, 573.419616699, 545.274963379, 259.718994141, 149.001480103, 84.6615219116, 48.3634681702, 21.5290756226, 29.7776069641, 60.4861869812, 47.9166259766, 29.1685028076], [-434.291931152, 76.7305297852, 260.50378418, 259.718994141, 387.364257812, 174.567092896, 121.747665405, 68.2339096069, 52.7681121826, 59.6655082703, 68.3458480835, 61.7389564514, 20.6543807983], [-291.039123535, -51.5474090576, 175.650848389, 149.001480103, 174.567092896, 311.269439697, 153.59979248, 95.9724578857, 88.9058761597, 74.2694778442, 64.9838180542, 51.9526519775, 51.996421814], [-303.179534912, -66.4479751587, 76.3475952148, 84.6615219116, 121.747665405, 153.59979248, 257.601745605, 160.338577271, 106.097007751, 82.5355834961, 87.8764190674, 84.9580307007, 51.6102981567], [-300.018859863, 9.34058856964, 2.5439350605, 48.3634681702, 68.2339096069, 95.9724578857, 160.338577271, 190.18371582, 109.09299469, 79.9307327271, 88.5249938965, 73.3698196411, 43.0899391174], [-284.14743042, 11.0447568893, -3.59433841705, 21.5290756226, 52.7681121826, 88.9058761597, 106.097007751, 109.09299469, 156.717102051, 107.55594635, 85.3468475342, 63.6379241943, 43.7359237671], [-261.698516846, 58.0647850037, 33.3773345947, 29.7776069641, 59.6655082703, 74.2694778442, 82.5355834961, 79.9307327271, 107.55594635, 145.429092407, 99.0027770996, 70.7162399292, 47.7581748962], [-216.52571106, -28.9298286438, 73.734992981, 60.4861869812, 68.3458480835, 64.9838180542, 87.8764190674, 88.5249938965, 85.3468475342, 99.0027770996, 146.977432251, 90.8651275635, 55.5309028625], [-111.773460388, -11.4407377243, 31.3841018677, 47.9166259766, 61.7389564514, 51.9526519775, 84.9580307007, 73.3698196411, 63.6379241943, 70.7162399292, 90.8651275635, 116.720108032, 64.5701293945], [-59.3007545471, -15.0381336212, 34.2917289734, 29.1685028076, 20.6543807983, 51.996421814, 51.6102981567, 43.0899391174, 43.7359237671, 47.7581748962, 55.5309028625, 64.5701293945, 91.5117950439]], "icov": [[0.000181599709322, 0.000175738401595, 9.01168314158e-05, 5.7113400544e-05, 3.89403066947e-06, -2.61334434981e-06, 0.000105996383354, 6.89589214744e-05, 0.000219568930333, -4.13841662521e-05, 0.000145164842252, -0.000151535117766, -6.1565755459e-05], [0.000175738401595, 0.000548663549125, 0.000105912666186, 0.000148285820615, -0.000233597005717, 9.73815913312e-05, 0.000359640194802, -0.000189512444194, 0.000325573113514, -0.000473058229545, 0.000462092517409, -0.000125012200442, -0.000100029326859], [9.01168314158e-05, 0.000105912666186, 0.000801066402346, -0.000754057429731, 5.22376394656e-05, -0.000100600387668, -9.88672836684e-05, 0.000379967037588, 0.000308356771711, -0.000157066155225, -0.0002618044673, 0.000253338133916, -0.000147103186464], [5.7113400544e-05, 0.000148285820615, -0.000754057429731, 0.00368202151731, -0.00183593074325, -0.000380050158128, 0.000436919537606, -0.000555474660359, 0.000472085957881, 0.000547737057786, -0.000294183322694, -0.000233388622291, -0.000352490780642], [3.89403066947e-06, -0.000233597005717, 5.22376394656e-05, -0.00183593074325, 0.00503427162766, -0.00171594193671, -0.00102242268622, 0.000756881898269, 0.000298999890219, -0.00036744819954, -0.000408957130276, -0.00167669274379, 0.00206880830228], [-2.61334434981e-06, 9.73815913312e-05, -0.000100600387668, -0.000380050158128, -0.00171594193671, 0.00600606342778, -0.00231819576584, 0.000193642059457, -0.00134328880813, -0.000645066436846, 0.000475527718663, 0.00207712664269, -0.00241147354245], [0.000105996383354, 0.000359640194802, -9.88672836684e-05, 0.000436919537606, -0.00102242268622, -0.00231819576584, 0.0106617873535, -0.00672679860145, -0.000277879938949, -2.09628815355e-05, 0.00108770735096, -0.00273705087602, 0.000142927630804], [6.89589214744e-05, -0.000189512444194, 0.000379967037588, -0.000555474660359, 0.000756881898269, 0.000193642059457, -0.00672679860145, 0.0146159147844, -0.00505515513942, 0.00153833488002, -0.00293686543591, -0.0008776106406, 0.000693480367772], [0.000219568930333, 0.000325573113514, 0.000308356771711, 0.000472085957881, 0.000298999890219, -0.00134328880813, -0.000277879938949, -0.00505515513942, 0.0175206884742, -0.00912652909756, -0.000307363108732, 0.000239358007093, -0.000430474930909], [-4.13841662521e-05, -0.000473058229545, -0.000157066155225, 0.000547737057786, -0.00036744819954, -0.000645066436846, -2.09628815355e-05, 0.00153833488002, -0.00912652909756, 0.019132360816, -0.0072686644271, -0.00124317477457, -0.000818418338895], [0.000145164842252, 0.000462092517409, -0.0002618044673, -0.000294183322694, -0.000408957130276, 0.000475527718663, 0.00108770735096, -0.00293686543591, -0.000307363108732, -0.0072686644271, 0.0189826283604, -0.00837627053261, -0.00071504607331], [-0.000151535117766, -0.000125012200442, 0.000253338133916, -0.000233388622291, -0.00167669274379, 0.00207712664269, -0.00273705087602, -0.0008776106406, 0.000239358007093, -0.00124317477457, -0.00837627053261, 0.0236494038254, -0.0100538060069], [-6.1565755459e-05, -0.000100029326859, -0.000147103186464, -0.000352490780642, 0.00206880830228, -0.00241147354245, 0.000142927630804, 0.000693480367772, -0.000430474930909, -0.000818418338895, -0.00071504607331, -0.0100538060069, 0.0196954552084]]}, "silence_rate_20dB": {"dvar2": 0, "var": 0, "min": 1, "dmean": 0, "mean": 1, "max": 1, "dmean2": 0, "median": 1, "dvar": 0}, "melbands_kurtosis": {"dvar2": 46149.2109375, "var": 26359.2324219, "min": -1.85558772087, "dmean": 54.8505630493, "mean": 73.4267654419, "max": 3471.69921875, "dmean2": 87.7001495361, "median": 23.1699523926, "dvar": 18616.6855469}, "barkbands_spread": {"dvar2": 506.39151001, "var": 588.371948242, "min": 0.0696486756206, "dmean": 11.9466667175, "mean": 22.778295517, "max": 114.365615845, "dmean2": 18.6663703918, "median": 13.3896112442, "dvar": 256.016876221}, "erbbands_skewness": {"dvar2": 1.40974247456, "var": 1.64990460873, "min": -4.64969158173, "dmean": 0.708827197552, "mean": 0.508642017841, "max": 8.78789234161, "dmean2": 1.07765293121, "median": 0.389936745167, "dvar": 0.597505331039}, "average_loudness": 0.952475428581, "spectral_centroid": {"dvar2": 694115.625, "var": 939059.375, "min": 65.1530380249, "dmean": 460.800933838, "mean": 1246.18798828, "max": 5184.55419922, "dmean2": 690.557189941, "median": 945.225585938, "dvar": 323645.375}, "dissonance": {"dvar2": 0.00187162088696, "var": 0.00154618208762, "min": 0.193309605122, "dmean": 0.0238309167325, "mean": 0.459102421999, "max": 0.500000119209, "dmean2": 0.0394914746284, "median": 0.470295876265, "dvar": 0.000722746248357}, "erbbands_flatness_db": {"dvar2": 0.00230357307009, "var": 0.00371721759439, "min": 0.0294021852314, "dmean": 0.0304620303214, "mean": 0.137651786208, "max": 0.464904814959, "dmean2": 0.046895917505, "median": 0.124055296183, "dvar": 0.0010660054395}, "spectral_strongpeak": {"dvar2": 0.807916104794, "var": 0.464138537645, "min": 0, "dmean": 0.260603874922, "mean": 0.616210997105, "max": 14.8787193298, "dmean2": 0.442826092243, "median": 0.497349113226, "dvar": 0.304265141487}, "spectral_rms": {"dvar2": 7.35392541173e-06, "var": 6.30950307823e-06, "min": 1.13765247534e-06, "dmean": 0.00152820826042, "mean": 0.00624063611031, "max": 0.0155333951116, "dmean2": 0.00244702445343, "median": 0.00610341178253, "dvar": 3.02613443637e-06}, "silence_rate_60dB": {"dvar2": 0.0467037409544, "var": 0.0282657202333, "min": 0, "dmean": 0.0203776974231, "mean": 0.0291088223457, "max": 1, "dmean2": 0.0407584346831, "median": 0, "dvar": 0.0199601948261}, "melbands": {"dvar2": [9.16987919481e-05, 0.000133727749926, 2.36256910284e-05, 3.81416316486e-06, 2.66397933046e-06, 1.05053015886e-06, 4.97563689805e-07, 2.54684636047e-07, 2.91303905442e-07, 2.07182907275e-07, 1.94604666603e-07, 1.32213543225e-07, 5.19158689372e-08, 2.90476016573e-08, 2.0811466328e-08, 2.02763601465e-08, 1.95141662829e-08, 1.49640460023e-08, 6.22653884008e-09, 4.17749213e-09, 4.16113721258e-09, 1.88158577608e-09, 1.58225765823e-09, 2.19979900962e-09, 4.23234197688e-10, 6.80793865726e-10, 5.57144885782e-10, 5.94730764636e-10, 2.76704242852e-10, 6.22710993881e-10, 1.81312276304e-09, 5.16525988647e-10, 1.95018956539e-09, 1.55364476839e-09, 5.67591140754e-10, 2.20529733364e-10, 1.22217541643e-10, 1.53629206578e-10, 2.03023903245e-10, 1.26950894241e-10], "var": [7.22952754586e-05, 3.63276958524e-05, 5.71558393858e-06, 2.23560937229e-06, 1.04771436327e-06, 6.10492804753e-07, 2.10826769376e-07, 1.3785431463e-07, 1.41153677191e-07, 1.47823882912e-07, 6.3815178919e-08, 6.03443410796e-08, 2.18853521972e-08, 1.63768802963e-08, 1.08203863647e-08, 1.06140429779e-08, 9.83425429979e-09, 7.8813133797e-09, 4.0281622482e-09, 3.05939873435e-09, 2.30982677429e-09, 1.11397391311e-09, 1.02482367037e-09, 8.11800959788e-10, 2.00147370899e-10, 2.94399171707e-10, 3.0701580167e-10, 2.84802875727e-10, 1.97923996637e-10, 2.69367472772e-10, 5.35415545233e-10, 2.22254201154e-10, 6.76529998689e-10, 5.66691138459e-10, 3.01332903074e-10, 1.29225533052e-10, 7.37776853499e-11, 8.9546092763e-11, 1.26175569992e-10, 8.1090273385e-11], "min": [1.92953361622e-10, 5.08251739306e-11, 1.73021492966e-11, 8.85142740353e-12, 5.04296691212e-12, 3.26483349904e-12, 2.1876745207e-12, 1.53423714705e-12, 1.10505029606e-12, 8.53739767683e-13, 6.86752900641e-13, 5.26274065559e-13, 3.83581106331e-13, 3.31549593552e-13, 2.64133495891e-13, 1.83832211064e-13, 1.82783963746e-13, 1.52062010986e-13, 1.20437215973e-13, 9.81791552354e-14, 7.45233952673e-14, 6.26066920203e-14, 5.25707915513e-14, 5.03418311269e-14, 3.95816293966e-14, 3.4386285052e-14, 3.04463384029e-14, 2.58241253495e-14, 2.14350022107e-14, 1.83195625146e-14, 1.53780152945e-14, 1.25048439621e-14, 1.16863297671e-14, 9.54876843286e-15, 1.12924111658e-14, 8.93964840576e-15, 6.92856264305e-15, 6.27770676154e-15, 6.65381141298e-15, 3.75007870826e-15], "dmean": [0.00360038969666, 0.0030298861675, 0.00107233633753, 0.000676425232086, 0.000466119206976, 0.00031218159711, 0.000213565625018, 0.000150779189426, 0.000112949892355, 9.58129821811e-05, 8.647039067e-05, 8.32013829495e-05, 6.3217135903e-05, 5.05886855535e-05, 4.4608437747