{"tonal": {"thpcp": [1, 0.972311675549, 0.921761512756, 0.666884958744, 0.505793869495, 0.562844753265, 0.628564953804, 0.712894141674, 0.866128087044, 0.934620082378, 0.86574524641, 0.766272127628, 0.706370949745, 0.682274103165, 0.717708647251, 0.729013979435, 0.647103488445, 0.610065281391, 0.602751076221, 0.561773598194, 0.539584994316, 0.530077219009, 0.564073443413, 0.653058946133, 0.690712451935, 0.656004786491, 0.670749247074, 0.713503777981, 0.735507547855, 0.880388140678, 0.987191855907, 0.853089928627, 0.789116382599, 0.828259408474, 0.795310497284, 0.920839548111], "hpcp": {"dmean2": [0.312563717365, 0.264110714197, 0.24130576849, 0.237868353724, 0.225609987974, 0.202409952879, 0.193872496486, 0.202168941498, 0.232204973698, 0.278312325478, 0.284832119942, 0.287907660007, 0.297284752131, 0.300954252481, 0.33257189393, 0.367759644985, 0.342769771814, 0.323425620794, 0.326633363962, 0.339254528284, 0.404243439436, 0.413119226694, 0.442566424608, 0.434638381004, 0.298217177391, 0.235850706697, 0.260472089052, 0.293559968472, 0.354416489601, 0.411152124405, 0.447604328394, 0.428625226021, 0.362652540207, 0.323315352201, 0.309677630663, 0.315122395754], "median": [0.0511682629585, 0.0532613918185, 0.0477730035782, 0.0469115711749, 0.0455356650054, 0.0426949225366, 0.0419792309403, 0.0506834052503, 0.0592920929193, 0.0574543885887, 0.0528347492218, 0.0512932427227, 0.0480355322361, 0.050757098943, 0.0561497621238, 0.0640097633004, 0.0630324557424, 0.0591007918119, 0.0535428933799, 0.0599417537451, 0.0745058357716, 0.0682247951627, 0.0879099369049, 0.0703741237521, 0.0548698976636, 0.0383830145001, 0.0398956872523, 0.0441970005631, 0.0472165495157, 0.0574916936457, 0.0618133731186, 0.0630127564073, 0.0558721087873, 0.0499457195401, 0.0503329858184, 0.0499221682549], "min": [0, 0, 0, 0, 0, 0, 0, 0, 0, 0, 0, 0, 0, 0, 0, 0, 0, 0, 0, 0, 0, 0, 0, 0, 0, 0, 0, 0, 0, 0, 0, 0, 0, 0, 0, 0], "dvar2": [0.163991749287, 0.121677331626, 0.112020917237, 0.10824085772, 0.10257974267, 0.0810486525297, 0.0716112479568, 0.070762835443, 0.0831236988306, 0.141054168344, 0.14926302433, 0.143937706947, 0.155179426074, 0.14809127152, 0.157735705376, 0.182158961892, 0.155231937766, 0.155735880136, 0.169515073299, 0.158897921443, 0.198316588998, 0.206911996007, 0.204836413264, 0.215077519417, 0.143210783601, 0.11671102047, 0.135145708919, 0.146569401026, 0.182932406664, 0.214672863483, 0.237154603004, 0.222977757454, 0.178657785058, 0.162861719728, 0.159288451076, 0.158818155527], "dvar": [0.0598744377494, 0.0447172671556, 0.0414073131979, 0.0396793298423, 0.0362060628831, 0.0297227613628, 0.0276949554682, 0.0274059753865, 0.032235134393, 0.0509124547243, 0.0531213916838, 0.0516893081367, 0.0570972636342, 0.056228492409, 0.0616148561239, 0.0741290599108, 0.0614963248372, 0.0599027760327, 0.0648432970047, 0.0591636188328, 0.0765512287617, 0.0800338760018, 0.0750204846263, 0.078454837203, 0.0521389134228, 0.0433632768691, 0.0493779554963, 0.0558403097093, 0.0706322863698, 0.0826472565532, 0.0906895250082, 0.0821095108986, 0.0659134909511, 0.0600566938519, 0.0569827631116, 0.0575036294758], "dmean": [0.176882073283, 0.149636626244, 0.136884570122, 0.134386301041, 0.126968875527, 0.115258105099, 0.110826566815, 0.11600779742, 0.133418336511, 0.154997229576, 0.156142324209, 0.159757331014, 0.16632463038, 0.168852701783, 0.189202800393, 0.209316343069, 0.195890247822, 0.184521302581, 0.184461936355, 0.189084008336, 0.224953040481, 0.233190640807, 0.242834076285, 0.237173885107, 0.165830150247, 0.129524588585, 0.142645895481, 0.161209970713, 0.194455653429, 0.228394255042, 0.243241280317, 0.231407314539, 0.199019044638, 0.179251745343, 0.172372892499, 0.176602274179], "max": [1, 1, 1, 1, 1, 1, 1, 1, 1, 1, 1, 1, 1, 1, 1, 1, 1, 1, 1, 1, 1, 1, 1, 1, 1, 1, 1, 1, 1, 1, 1, 1, 1, 1, 1, 1], "var": [0.0579903386533, 0.0461280569434, 0.0472201183438, 0.0431871116161, 0.0377724133432, 0.0344012007117, 0.0345152802765, 0.0345646999776, 0.0421398021281, 0.0522507280111, 0.0493362769485, 0.0514636673033, 0.0615062192082, 0.0631873011589, 0.0792243480682, 0.0943224281073, 0.0692104175687, 0.063408754766, 0.0768711194396, 0.0645232945681, 0.0801402926445, 0.0940347537398, 0.0778509750962, 0.0801119506359, 0.0496795549989, 0.0362244024873, 0.0431479662657, 0.0515596307814, 0.0605777427554, 0.078677393496, 0.0864989683032, 0.0753668770194, 0.0630652680993, 0.0579953938723, 0.0547699406743, 0.0566469021142], "mean": [0.16557186842, 0.146968558431, 0.138556540012, 0.136895343661, 0.127588644624, 0.12254922092, 0.120389841497, 0.128110975027, 0.148321151733, 0.156872928143, 0.14899019897, 0.152338922024, 0.162049233913, 0.167046681046, 0.199951604009, 0.224208593369, 0.193751692772, 0.179222181439, 0.18811224401, 0.180628970265, 0.209138825536, 0.227117553353, 0.220829054713, 0.209348216653, 0.151461273432, 0.114874668419, 0.127831920981, 0.142758131027, 0.161910772324, 0.196712896228, 0.212268620729, 0.196625947952, 0.174033850431, 0.160429239273, 0.154956430197, 0.163004234433]}, "tuning_equal_tempered_deviation": 0.187583014369, "chords_changes_rate": 0.163891613483, "key_key": "G", "tuning_diatonic_strength": 0.433044999838, "key_scale": "major", "chords_number_rate": 0.0052236369811, "tuning_frequency": 443.572570801, "tuning_nontempered_energy_ratio": 0.879171311855, "chords_histogram": [5.84394407272, 5.81129598618, 3.49330711365, 3.75448894501, 4.01567077637, 6.20306873322, 0.652954638004, 3.75448894501, 3.95037555695, 0.0326477326453, 4.34214830399, 0.914136469364, 0.783545553684, 0.652954638004, 7.77016019821, 15.213842392, 0.359125047922, 4.70127344131, 0.979431927204, 3.26477313042, 0.326477319002, 7.63956928253, 10.9043416977, 4.63597774506], "key_strength": 0.430381894112, "chords_key": "C", "chords_strength": {"dmean2": 0.0245705228299, "median": 0.440772414207, "min": 0.193952739239, "dvar2": 0.000431847467553, "dvar": 0.000235220853938, "dmean": 0.018752541393, "max": 0.700035810471, "var": 0.0080368835479, "mean": 0.438619107008}, "chords_scale": "minor", "hpcp_entropy": {"dmean2": 1.25565958023, "median": 2.85683631897, "min": 0, "dvar2": 0.939783215523, "dvar": 0.362311631441, "dmean": 0.750999629498, "max": 4.86318922043, "var": 0.778910458088, "mean": 2.8306248188}}, "metadata": {"audio_properties": {"equal_loudness": 0, "codec": "flac", "downmix": "mix", "sample_rate": 44100, "analysis_sample_rate": 44100, "bit_rate": 0, "md5_encoded": "73222a04b8b5dcc74f6fdd9d693d400e", "length": 142.173339844, "replay_gain": -16.6043319702, "lossless": true}, "version": {"essentia_build_sha": "cead25079874084f62182a551b7393616cd33d87", "essentia": "2.1-beta2", "extractor": "music 1.0", "essentia_git_sha": "v2.1_beta2-1-ge3940c0"}, "tags": {"title": ["Counter Stroke"], "artist": ["10lec6"], "musicbrainz_albumartistid": ["89ad4ac3-39f7-470e-963a-56509c546377"], "date": ["2006-00-00"], "file_name": "15-10lec6-Counter_Stroke.flac", "musicbrainz_albumid": ["4520ef46-8229-4fbc-b2be-ef8208d93b17"], "album": ["Rough Trade Shops: Counter Culture 2005 (disc 2)"], "tracknumber": ["15"], "compilation": ["1"], "musicbrainz_artistid": ["bb135618-fa72-4bd5-a0fb-9710d33931f0"], "musicbrainz_recordingid": ["1aa0fd60-8c4e-4f8b-8673-9426db6437aa"]}}, "rhythm": {"bpm_histogram_first_peak_bpm": {"dmean2": 0, "median": 108, "min": 108, "dvar2": 0, "dvar": 0, "dmean": 0, "max": 108, "var": 0, "mean": 108}, "bpm": 106.681739807, "bpm_histogram_second_peak_spread": {"dmean2": 0, "median": 0.339285671711, "min": 0.339285671711, "dvar2": 0, "dvar": 0, "dmean": 0, "max": 0.339285671711, "var": 0, "mean": 0.339285671711}, "bpm_histogram_first_peak_weight": {"dmean2": 0, "median": 0.378378391266, "min": 0.378378391266, "dvar2": 0, "dvar": 0, "dmean": 0, "max": 0.378378391266, "var": 0, "mean": 0.378378391266}, "onset_rate": 4.93011379242, "beats_position": [0.557278871536, 1.1261677742, 1.69505667686, 2.26394557953, 2.83283448219, 3.41333317757, 4.00544214249, 4.57433080673, 5.14321994781, 5.70049858093, 6.26938772202, 6.82666635513, 7.39555549622, 7.95283412933, 8.52172279358, 9.07900238037, 9.63628101349, 10.1935596466, 10.7624483109, 11.3313379288, 11.8886165619, 12.445895195, 13.0031747818, 13.5604534149, 14.1293420792, 14.6982307434, 15.2555103302, 15.8127889633, 16.3700675964, 16.9273471832, 17.4962348938, 18.0535144806, 18.6224040985, 19.179681778, 19.7369613647, 20.2942390442, 20.8631286621, 21.43201828, 21.9892959595, 22.5465755463, 23.1038551331, 23.6611328125, 24.2184123993, 24.7873020172, 25.3561897278, 25.9134693146, 26.470746994, 27.0280265808, 27.5969161987, 28.1658039093, 28.7230834961, 29.2803630829, 29.8376407623, 30.3949203491, 30.9638080597, 31.5326976776, 32.0899772644, 32.6472549438, 33.2161445618, 33.7850341797, 34.3423118591, 34.8995895386, 35.4568710327, 36.0257606506, 36.5946464539, 37.151927948, 37.7092056274, 38.2664833069, 38.823764801, 39.3926506042, 39.9615402222, 40.5188217163, 41.0760993958, 41.6333770752, 42.1906585693, 42.7595443726, 43.3284339905, 43.8857116699, 44.4429931641, 45.011882782, 45.5807685852, 46.1380500793, 46.6953277588, 47.2526054382, 47.8098869324, 48.3787727356, 48.9360542297, 49.5049438477, 50.0738296509, 50.6659393311, 51.269657135, 51.8733787537, 52.4770965576, 53.0924263, 53.6845359802, 54.2534217834, 54.8223114014, 55.3912010193, 55.9484786987, 56.5173683167, 57.0746459961, 57.6319274902, 58.2008171082, 58.7697029114, 59.3269844055, 59.884262085, 60.4415397644, 60.9988212585, 61.5444869995, 62.1133766174, 62.6822662354, 63.2511558533, 63.8084335327, 64.3657150269, 64.9229888916, 65.4918823242, 66.0607681274, 66.6180496216, 67.1753311157, 67.7326049805, 68.2898864746, 68.8471679688, 69.416053772, 69.9849395752, 70.5422210693, 71.0995025635, 71.6683883667, 72.2372741699, 72.7945556641, 73.3518371582, 73.9091110229, 74.4780044556, 75.0468902588, 75.6041717529, 76.1846694946, 76.7767791748, 77.368888855, 77.9726028442, 78.5763244629, 79.1684341431, 79.7721557617, 80.3642578125, 80.9331512451, 81.5020370483, 82.0593185425, 82.6166000366, 83.1854858398, 83.7543716431, 84.3116531372, 84.8689346313, 85.4262084961, 85.9834899902, 86.5407714844, 87.0980453491, 87.6553268433, 88.2242126465, 88.7931060791, 89.3503875732, 89.9192733765, 90.4881591797, 91.0454406738, 91.602722168, 92.1599960327, 92.7172775269, 93.2861633301, 93.8550567627, 94.4123306274, 94.9696121216, 95.5384979248, 96.0957794189, 96.6646728516, 97.2219467163, 97.7908401489, 98.3481140137, 98.9170074463, 99.4858932495, 100.07800293, 100.681724548, 101.285438538, 101.889160156, 102.516098022, 103.096595764, 103.665489197, 104.234375, 104.791656494, 105.360542297, 105.929428101, 106.486709595, 107.043991089, 107.601264954, 108.170158386, 108.739044189, 109.296325684, 109.853607178, 110.410881042, 110.968162537, 111.455780029, 111.931785583, 112.407798767, 112.89541626, 113.406257629, 113.893875122, 114.369888306, 114.84589386, 115.310295105, 115.786300659, 116.262313843, 116.726707458, 117.202720642, 117.678726196, 118.15473938, 118.630744934, 119.095146179, 119.571151733, 120.047164917, 120.511566162, 120.975959778, 121.451972961, 121.927978516, 122.403991699, 122.879997253, 123.356010437, 123.832015991, 124.296417236, 124.760810852, 125.236824036, 125.71282959, 126.177230835, 126.653244019, 127.129249573, 127.605255127, 128.081268311, 128.545669556, 129.021682739, 129.497680664, 129.962081909, 130.438095093, 130.914108276, 131.390106201, 131.866119385, 132.33052063, 132.806533813, 133.282531738, 133.746932983, 134.211334229, 134.698959351, 135.174957275, 135.650970459, 136.115371704, 136.591384888, 137.067382812, 137.543395996, 138.007797241, 138.507034302, 139.006256104, 139.505477905, 140.004714966, 140.503936768, 141.003173828, 141.50239563], "beats_loudness": {"dmean2": 0.0228459332138, "median": 0.0495905801654, "min": 0.000395498325815, "dvar2": 0.000498726498336, "dvar": 0.000201496164664, "dmean": 0.0128665128723, "max": 0.101111583412, "var": 0.000886316294782, "mean": 0.0515666827559}, "danceability": 1.25221896172, "bpm_histogram_second_peak_weight": {"dmean2": 0, "median": 0.142857149243, "min": 0.142857149243, "dvar2": 0, "dvar": 0, "dmean": 0, "max": 0.142857149243, "var": 0, "mean": 0.142857149243}, "beats_count": 260, "bpm_histogram_second_peak_bpm": {"dmean2": 0, "median": 126, "min": 126, "dvar2": 0, "dvar": 0, "dmean": 0, "max": 126, "var": 0, "mean": 126}, "bpm_histogram_first_peak_spread": {"dmean2": 0, "median": 0.433525979519, "min": 0.433525979519, "dvar2": 0, "dvar": 0, "dmean": 0, "max": 0.433525979519, "var": 0, "mean": 0.433525979519}, "beats_loudness_band_ratio": {"dmean2": [0.317010551691, 0.127397090197, 0.0635696053505, 0.0890490040183, 0.146988078952, 0.122038938105], "median": [0.650083661079, 0.0312941148877, 0.0102848745883, 0.0187208708376, 0.0714570581913, 0.0805145651102], "min": [0.000920207996387, 6.2627819716e-05, 0.00085211469559, 0.00121146766469, 5.98857332079e-05, 0.000118933661724], "dvar2": [0.0956301689148, 0.016996499151, 0.018849555403, 0.0163035430014, 0.0211433395743, 0.0290786400437], "dvar": [0.037955917418, 0.00598918180913, 0.00676818983629, 0.00575175276026, 0.00768506759778, 0.0119766658172], "dmean": [0.176981240511, 0.0691335424781, 0.035191539675, 0.0480734817684, 0.0811344981194, 0.0708035752177], "max": [0.987466812134, 0.358544737101, 0.661426126957, 0.564620196819, 0.497574150562, 0.850076317787], "var": [0.0784860923886, 0.00638365745544, 0.00502707716078, 0.00476192682981, 0.00811440870166, 0.0453134253621], "mean": [0.631157577038, 0.0666583999991, 0.0303832143545, 0.0419088564813, 0.101254798472, 0.160737365484]}}, "lowlevel": {"barkbands_spread": {"dmean2": 17.7309379578, "median": 34.4141616821, "min": 0.0171435959637, "dvar2": 293.825378418, "dvar": 131.138778687, "dmean": 11.2106170654, "max": 112.995780945, "var": 311.260650635, "mean": 34.1363945007}, "melbands_spread": {"dmean2": 28.9491691589, "median": 33.3944854736, "min": 0.00348749686964, "dvar2": 1048.19152832, "dvar": 483.446594238, "dmean": 18.0068836212, "max": 218.343276978, "var": 1154.10864258, "mean": 40.5831718445}, "hfc": {"dmean2": 16.5150470734, "median": 18.9936962128, "min": 1.21333552167e-16, "dvar2": 470.931976318, "dvar": 208.153335571, "dmean": 11.438129425, "max": 188.435195923, "var": 528.910522461, "mean": 25.6337718964}, "barkbands_kurtosis": {"dmean2": 34.63854599, "median": -0.0332355499268, "min": -1.90842592716, "dvar2": 272220, "dvar": 124211.476562, "dmean": 21.083562851, "max": 25138.4667969, "var": 232766.140625, "mean": 24.1243133545}, "gfcc": {"mean": [-14.631228447, 57.1228294373, -119.011451721, 65.6522827148, -39.0983810425, 16.3849105835, -37.0746002197, 6.40707588196, -25.7746219635, -2.20796656609, -21.5456829071, -5.19176054001, -13.1517887115], "icov": [[0.000167589882039, -0.000208790384931, 0.000380587851396, -0.000309393915813, 0.000137668641401, -0.000501677801367, 0.000507123477291, -0.000535425788257, 0.000418675510446, -0.000293196499115, 0.00067279371433, -0.000296268466627, 0.000640829093754], [-0.000208790384931, 0.00149539252743, -0.000706502469257, 0.000498652283568, -0.0013867727248, 0.00110456149559, -0.000710843945853, 0.000889418995939, -0.000921133323573, 0.00218395330012, -0.00272561446764, 0.00296345166862, -0.00191125052515], [0.000380587851396, -0.000706502469257, 0.00273189134896, -0.00161386921536, 0.000388752639992, -0.00124999985565, 0.000826338888146, -0.00110991112888, -7.29942314592e-07, -0.000922671286389, 0.00258898874745, -0.00304978899658, 0.00297877308913], [-0.000309393915813, 0.000498652283568, -0.00161386921536, 0.0037544646766, -0.00108565646224, 0.000380770827178, -0.000270534335868, 0.00177113595419, -0.00173435721081, 0.00139470375143, -0.000232811609749, 0.000253115023952, -0.00112028513104], [0.000137668641401, -0.0013867727248, 0.000388752639992, -0.00108565646224, 0.00505549786612, -0.00148387392983, -0.00172426388599, -0.000569735071622, 0.0014557375107, -0.00176023179665, 0.000843881338369, -0.0010876377346, -0.00100787484553], [-0.000501677801367, 0.00110456149559, -0.00124999985565, 0.000380770827178, -0.00148387392983, 0.00784592144191, -0.00387701019645, 0.00149324163795, 4.35874571849e-05, 0.000540287117474, -0.00154872389976, 7.93305116531e-06, -0.00137326458935], [0.000507123477291, -0.000710843945853, 0.000826338888146, -0.000270534335868, -0.00172426388599, -0.00387701019645, 0.0108350394294, -0.00388189125806, -0.000891393690836, 0.00114340172149, 9.8065000202e-05, -0.000406726059737, 0.00120551732834], [-0.000535425788257, 0.000889418995939, -0.00110991112888, 0.00177113595419, -0.000569735071622, 0.00149324163795, -0.00388189125806, 0.0117751788348, -0.00633853673935, -0.00028718545218, -0.000163827178767, -0.000343935505953, -0.00293644773774], [0.000418675510446, -0.000921133323573, -7.29942314592e-07, -0.00173435721081, 0.0014557375107, 4.35874571849e-05, -0.000891393690836, -0.00633853673935, 0.0177048202604, -0.00476703466848, -0.000503604824189, 0.00321764592081, -0.000638104625978], [-0.000293196499115, 0.00218395330012, -0.000922671286389, 0.00139470375143, -0.00176023179665, 0.000540287117474, 0.00114340172149, -0.00028718545218, -0.00476703466848, 0.0168135091662, -0.0108852386475, 0.00131737114862, -0.00049645564286], [0.00067279371433, -0.00272561446764, 0.00258898874745, -0.000232811609749, 0.000843881338369, -0.00154872389976, 9.8065000202e-05, -0.000163827178767, -0.000503604824189, -0.0108852386475, 0.0243496000767, -0.00979373697191, 0.00383118889295], [-0.000296268466627, 0.00296345166862, -0.00304978899658, 0.000253115023952, -0.0010876377346, 7.93305116531e-06, -0.000406726059737, -0.000343935505953, 0.00321764592081, 0.00131737114862, -0.00979373697191, 0.0255541298538, -0.0118676917627], [0.000640829093754, -0.00191125052515, 0.00297877308913, -0.00112028513104, -0.00100787484553, -0.00137326458935, 0.00120551732834, -0.00293644773774, -0.000638104625978, -0.00049645564286, 0.00383118889295, -0.0118676917627, 0.0255301054567]], "cov": [[14591.3320312, 216.220153809, -1107.94726562, 395.965789795, -222.098236084, 333.948913574, -464.537780762, 34.8950386047, -320.258972168, -184.378967285, -360.805786133, -198.153945923, -217.835449219], [216.220153809, 2108.21337891, 8.13122177124, 45.0645713806, 534.532104492, -44.7096862793, 199.493255615, -13.163192749, 61.0502624512, -156.447509766, 64.2504501343, -154.327987671, 78.2934494019], [-1107.94726562, 8.13122177124, 803.192565918, 273.874053955, 67.6290740967, 68.7760620117, 46.068447113, 12.8300495148, 40.3483390808, -6.46215867996, -23.9644775391, 62.6933326721, -13.9851331711], [395.965789795, 45.0645713806, 273.874053955, 458.245178223, 88.7917404175, 59.7886199951, 6.26660728455, -29.0952758789, 4.67485141754, -43.1864738464, -42.914390564, 14.9277544022, -2.67687034607], [-222.098236084, 534.532104492, 67.6290740967, 88.7917404175, 438.684844971, 86.3311080933, 150.225189209, 28.7369670868, 22.9097175598, -11.8364067078, 36.5810775757, 1.48460435867, 55.3137130737], [333.948913574, -44.7096862793, 68.7760620117, 59.7886199951, 86.3311080933, 213.62461853, 73.2307128906, 17.5873622894, -5.01651096344, 5.34970474243, 0.999342739582, 26.3219337463, 8.39795780182], [-464.537780762, 199.493255615, 46.068447113, 6.26660728455, 150.225189209, 73.2307128906, 195.407989502, 59.3521003723, 41.0085144043, -0.957814753056, 27.7194442749, 5.98365592957, 28.5921173096], [34.8950386047, -13.163192749, 12.8300495148, -29.0952758789, 28.7369670868, 17.5873622894, 59.3521003723, 147.734985352, 56.173576355, 31.0121765137, 14.218998909, 12.7832279205, 17.4508190155], [-320.258972168, 61.0502624512, 40.3483390808, 4.67485141754, 22.9097175598, -5.01651096344, 41.0085144043, 56.173576355, 98.683631897, 33.4532051086, 24.4827671051, -3.19261431694, 11.2247524261], [-184.378967285, -156.447509766, -6.46215867996, -43.1864738464, -11.8364067078, 5.34970474243, -0.957814753056, 31.0121765137, 33.4532051086, 121.651977539, 54.4091911316, 27.2876644135, 2.92915248871], [-360.805786133, 64.2504501343, -23.9644775391, -42.914390564, 36.5810775757, 0.999342739582, 27.7194442749, 14.218998909, 24.4827671051, 54.4091911316, 91.390838623, 24.7104129791, 16.0459518433], [-198.153945923, -154.327987671, 62.6933326721, 14.9277544022, 1.48460435867, 26.3219337463, 5.98365592957, 12.7832279205, -3.19261431694, 27.2876644135, 24.7104129791, 82.1684799194, 24.3616104126], [-217.835449219, 78.2934494019, -13.9851331711, -2.67687034607, 55.3137130737, 8.39795780182, 28.5921173096, 17.4508190155, 11.2247524261, 2.92915248871, 16.0459518433, 24.3616104126, 64.5593948364]]}, "spectral_energyband_middle_low": {"dmean2": 0.00763986678794, "median": 0.00463673565537, "min": 3.88564836329e-22, "dvar2": 0.00014286696387, "dvar": 5.60511871299e-05, "dmean": 0.00464432593435, "max": 0.0654591396451, "var": 6.39503559796e-05, "mean": 0.00691206520423}, "melbands_crest": {"dmean2": 6.90706205368, "median": 16.2915000916, "min": 2.27517747879, "dvar2": 33.5847320557, "dvar": 14.2367649078, "dmean": 4.22504806519, "max": 39.9992408752, "var": 41.8505172729, "mean": 16.4577140808}, "spectral_kurtosis": {"dmean2": 2.23870563507, "median": 3.14151620865, "min": -1.18673372269, "dvar2": 9.10682487488, "dvar": 3.50534486771, "dmean": 1.34890735149, "max": 53.5639915466, "var": 5.82055997849, "mean": 3.46716070175}, "spectral_rms": {"dmean2": 0.00151468557306, "median": 0.00432940106839, "min": 3.28325431079e-12, "dvar2": 2.2896988412e-06, "dvar": 1.1971345657e-06, "dmean": 0.00105516857002, "max": 0.00982681661844, "var": 4.42107921117e-06, "mean": 0.0044890451245}, "zerocrossingrate": {"dmean2": 0.0195114705712, "median": 0.068359375, "min": 0, "dvar2": 0.000402850564569, "dvar": 0.000424109981395, "dmean": 0.0178246181458, "max": 0.76025390625, "var": 0.00415917439386, "mean": 0.0819582119584}, "silence_rate_60dB": {"dmean2": 0.0411630198359, "median": 0, "min": 0, "dvar2": 0.0446980334818, "dvar": 0.0201571173966, "dmean": 0.0205781478435, "max": 1, "var": 0.0861370712519, "mean": 0.0951992198825}, "erbbands_kurtosis": {"dmean2": 2.47895979881, "median": 0.536969661713, "min": -1.82114839554, "dvar2": 14.7618312836, "dvar": 5.60653543472, "dmean": 1.52495181561, "max": 77.3840408325, "var": 7.61266422272, "mean": 1.16769826412}, "erbbands": {"dmean2": [0.115897998214, 2.66163730621, 7.91348171234, 9.54913711548, 15.8374347687, 9.20783042908, 6.13192129135, 5.0480594635, 3.34165716171, 5.28385448456, 11.2023019791, 18.4056529999, 19.762720108, 13.7151679993, 11.8237438202, 15.9390010834, 15.7205734253, 25.8068389893, 42.7455635071, 51.0631980896, 45.9555091858, 41.6193351746, 35.4907264709, 31.353931427, 30.745508194, 25.7161693573, 19.4009799957, 12.5387592316, 11.2541065216, 10.5698156357, 12.8329210281, 4.41789197922, 2.9508023262, 1.24934542179, 0.421415060759, 0.166449993849, 0.0676379427314, 0.0106383021921, 0.00093391322298, 7.11115426384e-05], "median": [0.0323460996151, 0.657137989998, 2.37877821922, 4.95312309265, 4.76305627823, 2.26832127571, 1.67364668846, 1.47452831268, 1.28857040405, 1.31773340702, 1.28121352196, 1.9096262455, 2.09893798828, 2.04821276665, 2.88160991669, 4.16241550446, 4.83702898026, 8.62513446808, 11.9620876312, 20.2033081055, 21.9087409973, 23.2116985321, 20.3367271423, 19.8915596008, 19.7293148041, 15.7427282333, 10.8746080399, 6.20347929001, 3.91101717949, 2.85732245445, 2.46058607101, 1.25601840019, 0.754009127617, 0.403375029564, 0.139579236507, 0.0481428578496, 0.0123846624047, 0.00182341248728, 0.000141544398502, 3.42093844665e-05], "min": [3.17948476913e-21, 2.24681863558e-21, 2.99227436907e-21, 1.39692823975e-20, 1.24825638639e-19, 1.25170740975e-19, 1.57729616786e-19, 8.92027307427e-20, 2.08486672867e-19, 1.66457835324e-18, 2.6271415487e-18, 3.8752605197e-18, 1.96015955781e-18, 2.30090068792e-18, 1.91117764425e-18, 3.96274893155e-18, 3.56943199491e-18, 4.91604025952e-18, 8.53477511407e-18, 6.71799945723e-18, 1.13493282858e-17, 9.12348617347e-18, 9.10939349737e-18, 1.24532214928e-17, 1.72857239551e-17, 1.9099276089e-17, 1.77886332239e-17, 1.69101045476e-17, 1.34194428945e-17, 1.93770234864e-17, 1.84751219948e-17, 1.32277578496e-17, 1.71627437047e-17, 1.6822681483e-17, 1.27707529689e-17, 6.32830019499e-18, 3.39253259667e-18, 1.34628783553e-18, 2.68996421016e-19, 3.18044160061e-20], "dvar2": [0.0246012099087, 24.2480144501, 125.585716248, 207.528793335, 903.392272949, 344.371734619, 111.583152771, 98.7744522095, 71.1024475098, 427.677276611, 1296.91394043, 3573.09082031, 3350.1496582, 1383.46362305, 1053.18896484, 1753.00427246, 1518.18078613, 5493.01513672, 9163.81347656, 12634.5166016, 7265.69824219, 3684.75170898, 2498.0078125, 2171.30541992, 1879.28027344, 1873.52478027, 1026.59460449, 333.043945312, 280.384521484, 432.636444092, 831.073425293, 115.517089844, 38.7982254028, 6.61640501022, 0.659930825233, 0.0823650956154, 0.0179702416062, 0.000453790387837, 8.80242441781e-06, 4.05710309792e-08], "dvar": [0.0125337708741, 9.96426296234, 54.0521850586, 84.5736694336, 328.138336182, 128.687973022, 46.4633102417, 39.4797554016, 26.7940711975, 158.246887207, 530.545227051, 1436.90527344, 1370.28710938, 581.27130127, 505.628967285, 866.188659668, 693.194274902, 2389.34985352, 3982.42944336, 5295.27734375, 3001.64941406, 1470.20043945, 977.121643066, 948.692382812, 776.699523926, 825.13092041, 447.527923584, 160.256332397, 169.650939941, 200.708251953, 339.098571777, 52.1099815369, 15.950088501, 2.74921107292, 0.28414568305, 0.0331600531936, 0.00688525382429, 0.000167664722539, 3.03796332446e-06, 1.40735352261e-08], "dmean": [0.0719941332936, 1.61084997654, 4.8271241188, 5.7996635437, 9.12011432648, 5.38180303574, 3.73180007935, 3.0717625618, 2.00719261169, 3.13478422165, 6.8711848259, 11.3745994568, 12.2246484756, 8.57219028473, 7.83303356171, 10.4407081604, 10.1709985733, 16.6202735901, 27.0672283173, 32.3707084656, 28.4570980072, 25.2088165283, 21.4852828979, 19.7894496918, 18.9709453583, 16.67694664, 12.9042520523, 8.66187953949, 8.49710273743, 7.14103269577, 8.11906051636, 3.07115840912, 1.8555546999, 0.795405209064, 0.284538328648, 0.104935511947, 0.0413371063769, 0.0062658470124, 0.000525102543179, 4.23664387199e-05], "max": [0.981206059456, 22.0706329346, 58.6739959717, 79.1261825562, 152.882369995, 112.211273193, 146.328659058, 101.389755249, 121.315483093, 276.079742432, 409.320800781, 712.311889648, 566.734802246, 467.847259521, 585.366943359, 951.043273926, 767.36907959, 1911.22302246, 955.664306641, 1140.5670166, 899.625976562, 667.898498535, 349.57244873, 557.016662598, 484.371398926, 931.922058105, 300.682250977, 192.484268188, 222.206237793, 248.611038208, 333.86239624, 191.267608643, 68.6892852783, 42.7579650879, 12.444937706, 2.69482827187, 1.32636713982, 0.153952509165, 0.0222730524838, 0.0015577673912], "var": [0.0249357782304, 10.8939161301, 63.9163322449, 102.354110718, 274.863128662, 104.371917725, 58.9383049011, 46.9139671326, 25.87292099, 126.673469543, 680.751586914, 1560.50292969, 1629.4666748, 756.471801758, 934.637756348, 1939.16333008, 1368.96081543, 3400.43530273, 6231.89160156, 7620.65039062, 4303.41552734, 2080.6796875, 1309.54467773, 1775.22839355, 1394.94714355, 1575.60144043, 865.617553711, 351.930389404, 472.901672363, 368.13079834, 494.081634521, 87.2838287354, 22.2550544739, 3.94844031334, 0.48392021656, 0.0544573888183, 0.00842207670212, 0.000188143036212, 1.96005498765e-06, 1.01618500281e-08], "mean": [0.0984173193574, 1.76335453987, 5.50776576996, 8.13218402863, 9.89246177673, 5.47811317444, 4.30432748795, 3.79075789452, 2.72821259499, 3.66010832787, 7.63851547241, 11.4546546936, 13.1439142227, 9.72829914093, 10.83344841, 14.7473506927, 15.4775218964, 24.2337017059, 37.6491584778, 47.3143768311, 41.5413169861, 37.0725517273, 31.5909862518, 33.734916687, 31.5322952271, 28.2604732513, 22.1335887909, 14.5408334732, 13.3789710999, 10.7524185181, 10.3414163589, 4.68116569519, 2.52357578278, 1.12324953079, 0.417455106974, 0.153097167611, 0.0528073646128, 0.00770646659657, 0.000509191362653, 6.06466419413e-05]}, "spectral_strongpeak": {"dmean2": 0.881177067757, "median": 0.350992083549, "min": 0, "dvar2": 2.74963855743, "dvar": 1.06243050098, "dmean": 0.506576061249, "max": 13.9813957214, "var": 1.07303917408, "mean": 0.645373165607}, "spectral_energy": {"dmean2": 0.0174827128649, "median": 0.0192123018205, "min": 1.10492524403e-20, "dvar2": 0.000429209787399, "dvar": 0.000208432451473, "dmean": 0.0117763550952, "max": 0.098980486393, "var": 0.000442532356828, "mean": 0.0251869726926}, "average_loudness": 0.949620246887, "spectral_rolloff": {"dmean2": 1677.3894043, "median": 2239.453125, "min": 21.533203125, "dvar2": 3181441, "dvar": 1595495.875, "dmean": 1025.85571289, "max": 21597.8027344, "var": 5600810, "mean": 2621.80151367}, "spectral_centroid": {"dmean2": 694.276977539, "median": 2144.94677734, "min": 148.648132324, "dvar2": 454207.84375, "dvar": 226343.765625, "dmean": 449.527404785, "max": 10841.5576172, "var": 742018.8125, "mean": 2161.97680664}, "pitch_salience": {"dmean2": 0.168452098966, "median": 0.555312752724, "min": 0.000770814600401, "dvar2": 0.024735359475, "dvar": 0.0100968666375, "dmean": 0.103776670992, "max": 0.898145973682, "var": 0.0241115409881, "mean": 0.541603446007}, "spectral_energyband_middle_high": {"dmean2": 0.00393326766789, "median": 0.00331246852875, "min": 1.53062330555e-21, "dvar2": 3.21030493069e-05, "dvar": 1.39164312714e-05, "dmean": 0.00256079062819, "max": 0.0421852171421, "var": 3.38376157742e-05, "mean": 0.00557447364554}, "spectral_contrast_coeffs": {"dmean2": [0.0997023209929, 0.0796351730824, 0.0660269483924, 0.0562124475837, 0.0382007919252, 0.0330605357885], "median": [-0.63087117672, -0.79428601265, -0.826643407345, -0.791764616966, -0.808311760426, -0.744988739491], "min": [-0.97941082716, -0.977876663208, -0.965872347355, -0.962011158466, -0.961661636829, -0.958550870419], "dvar2": [0.0062534972094, 0.00409582536668, 0.00349228619598, 0.00227371277288, 0.00103394559119, 0.000843014277052], "dvar": [0.00241945777088, 0.00162567745429, 0.00153304007836, 0.000955135561526, 0.000435001566075, 0.000361608399544], "dmean": [0.0608369000256, 0.0484508797526, 0.0416294373572, 0.0358984880149, 0.0237937904894, 0.0211652629077], "max": [-0.36259251833, -0.468144714832, -0.402686625719, -0.47319817543, -0.520564854145, -0.568957686424], "var": [0.00713293300942, 0.00510396715254, 0.00556551991031, 0.00416891742498, 0.00159845221788, 0.00139041687362], "mean": [-0.636773407459, -0.784566760063, -0.807539224625, -0.784517288208, -0.805424213409, -0.74739587307]}, "melbands_skewness": {"dmean2": 2.94114971161, "median": 2.66214299202, "min": -2.58416032791, "dvar2": 196.110458374, "dvar": 67.8739318848, "dmean": 1.81267285347, "max": 411.132751465, "var": 99.7613067627, "mean": 3.6733891964}, "spectral_spread": {"dmean2": 920567.5625, "median": 4072908.75, "min": 1335531.75, "dvar2": 1853026336770.0, "dvar": 778071244800, "dmean": 590599.125, "max": 40232552, "var": 2103043424260.0, "mean": 4379539.5}, "dissonance": {"dmean2": 0.014262046665, "median": 0.490903675556, "min": 0.154368430376, "dvar2": 0.000469871854875, "dvar": 0.000166118581546, "dmean": 0.00841064937413, "max": 0.500000059605, "var": 0.000176712041139, "mean": 0.487119376659}, "spectral_skewness": {"dmean2": 0.344927847385, "median": 1.09415984154, "min": -0.221622735262, "dvar2": 0.147095903754, "dvar": 0.0615213178098, "dmean": 0.218820437789, "max": 5.5026679039, "var": 0.134477630258, "mean": 1.11946582794}, "spectral_flux": {"dmean2": 0.0500382818282, "median": 0.0919744372368, "min": 1.0511542331e-10, "dvar2": 0.00247640348971, "dvar": 0.00103751942515, "dmean": 0.0320254452527, "max": 0.265914738178, "var": 0.00295864278451, "mean": 0.0977542772889}, "spectral_contrast_valleys": {"dmean2": [0.797147750854, 0.79622143507, 0.721158862114, 0.640708088875, 0.547937750816, 0.660030186176], "median": [-7.08260250092, -7.32497167587, -7.64784097672, -7.35626840591, -6.68848419189, -9.65041637421], "min": [-27.5991458893, -27.2255096436, -27.1491584778, -27.0877609253, -27.207654953, -27.2444915771], "dvar2": [0.522899985313, 0.560261309147, 0.521576404572, 0.481037825346, 0.437785059214, 0.613460123539], "dvar": [0.271537899971, 0.25920599699, 0.246748805046, 0.23471210897, 0.221549406648, 0.31449303031], "dmean": [0.516023874283, 0.515431046486, 0.47313529253, 0.433104962111, 0.387667566538, 0.47624322772], "max": [-5.71975374222, -5.54990291595, -5.55510854721, -5.5982875824, -5.27997970581, -7.40814495087], "var": [2.16585612297, 1.40024650097, 1.45978844166, 1.56705260277, 1.53729820251, 1.74311840534], "mean": [-7.50952720642, -7.52204322815, -7.86160182953, -7.63083791733, -6.97041845322, -9.83315753937]}, "erbbands_flatness_db": {"dmean2": 0.0286761913449, "median": 0.143882080913, "min": 0.0300929341465, "dvar2": 0.000762878335081, "dvar": 0.000352392497007, "dmean": 0.0189133733511, "max": 0.388946413994, "var": 0.00132313719951, "mean": 0.148312136531}, "spectral_energyband_high": {"dmean2": 0.0014076619409, "median": 0.000769968726672, "min": 7.99060510694e-21, "dvar2": 4.92275557917e-06, "dvar": 2.42180612986e-06, "dmean": 0.00099841854535, "max": 0.0259274598211, "var": 5.59518912269e-06, "mean": 0.00175391358789}, "spectral_entropy": {"dmean2": 0.260271400213, "median": 7.88730812073, "min": 5.08662128448, "dvar2": 0.086165741086, "dvar": 0.041534923017, "dmean": 0.169916197658, "max": 9.82388877869, "var": 0.125757679343, "mean": 7.88071012497}, "silence_rate_20dB": {"dmean2": 0, "median": 1, "min": 1, "dvar2": 0, "dvar": 0, "dmean": 0, "max": 1, "var": 0, "mean": 1}, "melbands_flatness_db": {"dmean2": 0.0704220309854, "median": 0.168090462685, "min": 0.00907100830227, "dvar2": 0.00520623661578, "dvar": 0.00248613278382, "dmean": 0.0446998253465, "max": 0.793129324913, "var": 0.00760062132031, "mean": 0.180438280106}, "barkbands": {"dmean2": [9.20471866266e-05, 0.00912028457969, 0.00670476164669, 0.00401289574802, 0.00366539717652, 0.000650726957247, 0.000249422941124, 0.000423283287091, 0.000822770525701, 0.000577719823923, 0.000308165384922, 0.000391641922761, 0.000392139714677, 0.000616058474407, 0.0010137502104, 0.000921247759834, 0.000807040371001, 0.000620090344455, 0.000643505365588, 0.000567451992538, 0.000374720257241, 0.000303048407659, 0.000419349147705, 0.000171636726009, 7.91143902461e-05, 3.62863647752e-05, 5.14329030921e-06], "median": [2.92793265544e-05, 0.00238622655161, 0.0018420452252, 0.00179699948058, 0.000825212104246, 0.000196445937036, 8.40259162942e-05, 4.9123475037e-05, 7.90429185145e-05, 5.24086499354e-05, 4.71019448014e-05, 9.1473251814e-05, 9.92001296254e-05, 0.000151517117047, 0.000272391276667, 0.000391667941585, 0.000395362090785, 0.000353186624125, 0.000395798066165, 0.000333894306095, 0.000204058509553, 0.000104395934613, 8.86896523298e-05, 5.01442154928e-05, 2.72109973594e-05, 8.42843473947e-06, 7.10232598067e-07], "min": [2.53565012269e-23, 4.34182794455e-23, 3.72145605355e-24, 6.76070125195e-24, 5.0884731162e-23, 1.08328256994e-23, 2.74897704413e-23, 9.49360020642e-23, 1.87838131388e-22, 6.72038809311e-23, 4.52563474428e-23, 8.82859677421e-23, 7.19336195507e-23, 1.04586964244e-22, 1.44391370909e-22, 1.74822809976e-22, 2.03766570973e-22, 1.74506571417e-22, 3.31392110669e-22, 3.31885445346e-22, 4.82712091084e-22, 3.78228436064e-22, 6.69137517741e-22, 8.21445682124e-22, 1.67744119998e-21, 1.79049928079e-21, 2.09823369272e-21], "dvar2": [2.86551795625e-08, 0.00029186080792, 0.00010426803783, 4.06284234487e-05, 5.45468428754e-05, 1.29572538299e-06, 6.46942339699e-07, 2.29173997468e-06, 5.88071998209e-06, 2.52198992712e-06, 8.10872450074e-07, 9.50199250838e-07, 1.01676232589e-06, 2.8635668059e-06, 4.43310955234e-06, 3.49183937942e-06, 1.58293732966e-06, 7.93255992448e-07, 8.83796246853e-07, 8.68371387241e-07, 3.34015879844e-07, 2.11854271015e-07, 8.78054549958e-07, 1.38686942819e-07, 2.54142147327e-08, 4.60882754183e-09, 2.70045319439e-10], "dvar": [1.30698678547e-08, 0.000122315395856, 4.2186187784e-05, 1.56796904776e-05, 2.02844621526e-05, 5.52559470179e-07, 2.32390959809e-07, 9.19201056604e-07, 2.40782037508e-06, 1.03953993857e-06, 3.63469041531e-07, 4.7060186148e-07, 4.40440970806e-07, 1.23445886402e-06, 1.95900088329e-06, 1.40547570027e-06, 6.2535576717e-07, 3.13779878525e-07, 3.70159540353e-07, 3.79391593697e-07, 1.52906892481e-07, 1.19120976194e-07, 3.69072040485e-07, 6.27140934739e-08, 1.08109752261e-08, 1.78166414955e-09, 9.38281050078e-11], "dmean": [6.43701132503e-05, 0.00565042719245, 0.00408807443455, 0.0023624591995, 0.00211756769568, 0.000402358855354, 0.000146501566633, 0.000261128705461, 0.000505534233525, 0.000352701521479, 0.000197293862584, 0.000254884827882, 0.000248235883191, 0.00038991542533, 0.000635889184196, 0.000565401278436, 0.000485230906634, 0.000379690900445, 0.000401870696805, 0.000366175576346, 0.000255041552009, 0.000224814328249, 0.000272529345239, 0.000115045586426, 5.22263180756e-05, 2.23883344006e-05, 2.90418347504e-06], "max": [0.0027387321461, 0.0797771438956, 0.058743186295, 0.0342918522656, 0.0369236469269, 0.0152216339484, 0.0126603702083, 0.019842589274, 0.0225572977215, 0.0157899782062, 0.0124387675896, 0.0220139715821, 0.0182257667184, 0.0395790748298, 0.0203245114535, 0.0220752209425, 0.0139681110159, 0.010776584968, 0.0128987720236, 0.0174416676164, 0.00566817680374, 0.00621205708012, 0.0100977644324, 0.00519005628303, 0.00283456966281, 0.00065847102087, 0.000110763226985], "var": [2.31201671141e-08, 0.000143734796438, 4.49725157523e-05, 1.7575428501e-05, 1.62508677022e-05, 7.87104966093e-07, 1.74438909539e-07, 1.04110495158e-06, 2.74845365311e-06, 1.25395843042e-06, 5.50838592517e-07, 1.05966933006e-06, 7.43650332424e-07, 1.71483918621e-06, 3.22878759107e-06, 1.90934156308e-06, 8.10582491795e-07, 4.58498107037e-07, 6.46414264338e-07, 7.20553657629e-07, 3.19281781458e-07, 3.13016073505e-07, 5.70601230265e-07, 1.03615576563e-07, 1.66885509856e-08, 2.43925213361e-09, 6.07659061957e-11], "mean": [8.93205069588e-05, 0.00649128528312, 0.00445033004507, 0.00319392071106, 0.00206829258241, 0.000515892810654, 0.000182199422852, 0.000288790470222, 0.000509733625222, 0.000371262314729, 0.000230396923143, 0.000345504289726, 0.000341837469023, 0.000515200430527, 0.000871991738677, 0.000791025406215, 0.000665361527354, 0.000568590825424, 0.000655858428217, 0.00060670793755, 0.000438324699644, 0.000353600597009, 0.000361605343642, 0.000171092702658, 7.54860157031e-05, 3.05216199195e-05, 2.71435055765e-06]}, "erbbands_skewness": {"dmean2": 0.765962123871, "median": -0.807576298714, "min": -3.55283212662, "dvar2": 0.601644158363, "dvar": 0.271268337965, "dmean": 0.488681763411, "max": 4.81570291519, "var": 0.647320389748, "mean": -0.755192101002}, "erbbands_spread": {"dmean2": 21.6320476532, "median": 38.9289474487, "min": 1.24904596806, "dvar2": 559.61340332, "dvar": 223.12310791, "dmean": 13.4124803543, "max": 182.420043945, "var": 497.905822754, "mean": 43.1376457214}, "melbands_kurtosis": {"dmean2": 304.889831543, "median": 6.5572309494, "min": -1.86840164661, "dvar2": 56385372, "dvar": 17435826, "dmean": 169.107254028, "max": 190149.40625, "var": 14225020, "mean": 138.729125977}, "melbands": {"dmean2": [0.00168435706291, 0.00405949121341, 0.00172498368192, 0.000963399303146, 0.00021551658574, 0.000112070592877, 5.08242192154e-05, 6.49389621685e-05, 9.97362803901e-05, 0.000119064403407, 9.94580113911e-05, 5.80990126764e-05, 3.91563880839e-05, 4.63673422928e-05, 3.66492640751e-05, 4.09025233239e-05, 5.27762567799e-05, 7.0673537266e-05, 7.90381818661e-05, 6.91854802426e-05, 5.81254716963e-05, 4.5902281272e-05, 4.23967212555e-05, 2.85829773929e-05, 2.72469769698e-05, 2.63866677415e-05, 2.18092409341e-05, 1.79802991624e-05, 1.40737365655e-05, 9.95749905996e-06, 7.19548279449e-06, 6.90306023898e-06, 6.07577021583e-06, 6.23414598522e-06, 8.58968360262e-06, 4.6624877541e-06, 2.32340266848e-06, 2.27096779781e-06, 1.63529182373e-06, 9.2140481911e-07], "median": [0.000466824974865, 0.00126203