{"tonal": {"thpcp": [1, 0.611419737339, 0.35827550292, 0.256496548653, 0.178119018674, 0.14138995111, 0.132436573505, 0.200525537133, 0.344423055649, 0.326943814754, 0.405756622553, 0.748417198658, 0.64360165596, 0.352097243071, 0.402402698994, 0.406682044268, 0.270881056786, 0.194131165743, 0.207342922688, 0.352870464325, 0.810067951679, 0.812581062317, 0.32730871439, 0.174352556467, 0.191319465637, 0.208518609405, 0.227407693863, 0.235720530152, 0.281784623861, 0.306563198566, 0.259559243917, 0.251608520746, 0.289213746786, 0.303001314402, 0.431075870991, 0.877655923367], "hpcp": {"dmean2": [0.345006644726, 0.3028036654, 0.216760665178, 0.14664581418, 0.15974201262, 0.161938101053, 0.167153999209, 0.167936235666, 0.188644722104, 0.199708461761, 0.182644918561, 0.204248562455, 0.22762311995, 0.256084293127, 0.30188369751, 0.379026979208, 0.347821176052, 0.358171612024, 0.235959678888, 0.205940917134, 0.165998414159, 0.13174392283, 0.125920295715, 0.161326020956, 0.246947363019, 0.218910679221, 0.258015066385, 0.35479581356, 0.332504063845, 0.276819378138, 0.340982794762, 0.344470530748, 0.248427584767, 0.174866035581, 0.197181925178, 0.288952082396], "median": [0.192804560065, 0.190649837255, 0.0734175890684, 0.0105343516916, 0.011699333787, 0.0138993561268, 0.0124447382987, 0.0123733952641, 0.0255853459239, 0.029265679419, 0.0195507798344, 0.0226343199611, 0.0300796367228, 0.0329851731658, 0.0907249599695, 0.26403939724, 0.29634809494, 0.124499440193, 0.0282096490264, 0.0131521821022, 0.00914813671261, 0.00942364707589, 0.00864877551794, 0.0154747441411, 0.0192010384053, 0.0172506384552, 0.0789296030998, 0.158936858177, 0.152291044593, 0.0449454858899, 0.0246749334037, 0.0229538492858, 0.0150029286742, 0.00934313423932, 0.009460946545, 0.0604096576571], "min": [0, 0, 0, 0, 0, 0, 0, 0, 0, 0, 0, 0, 0, 0, 0, 0, 0, 0, 0, 0, 0, 0, 0, 0, 0, 0, 0, 0, 0, 0, 0, 0, 0, 0, 0, 0], "dvar2": [0.140519097447, 0.119200117886, 0.0680833235383, 0.067880988121, 0.0845306739211, 0.0818307995796, 0.0907135009766, 0.0819901674986, 0.0973037332296, 0.101057857275, 0.0877127200365, 0.0916666686535, 0.107066623867, 0.121260195971, 0.116285845637, 0.132003769279, 0.131779700518, 0.155730575323, 0.106054782867, 0.112163223326, 0.0827173143625, 0.059219494462, 0.0603400729597, 0.0672072395682, 0.148743823171, 0.115989938378, 0.115181133151, 0.145419642329, 0.125399768353, 0.153961092234, 0.237666860223, 0.240256547928, 0.159635022283, 0.0964393317699, 0.120841495693, 0.145964935422], "dvar": [0.0529101081192, 0.0449427329004, 0.0243553686887, 0.024551667273, 0.0301781538874, 0.0293105281889, 0.0337317809463, 0.0314970687032, 0.0377772822976, 0.0386633276939, 0.0328084863722, 0.0343425050378, 0.0394592583179, 0.042923938483, 0.0414991006255, 0.0509979687631, 0.051931489259, 0.0546222291887, 0.0402549877763, 0.0407926589251, 0.0289579536766, 0.0211710762233, 0.0209593493491, 0.0237187054008, 0.052403550595, 0.0401145070791, 0.0395366325974, 0.0591032989323, 0.0490891821682, 0.053831294179, 0.0777484402061, 0.0801775455475, 0.0560670271516, 0.0359710045159, 0.0436501428485, 0.0507661513984], "dmean": [0.19936452806, 0.177356079221, 0.122846148908, 0.0826507806778, 0.0889141708612, 0.0912052318454, 0.096174120903, 0.0973762199283, 0.107749812305, 0.114210151136, 0.103504568338, 0.114609219134, 0.128667831421, 0.141555815935, 0.170641258359, 0.21969601512, 0.203625530005, 0.205829665065, 0.132987573743, 0.113626331091, 0.0919097810984, 0.0719962865114, 0.0690686553717, 0.0893271416426, 0.13599203527, 0.119733482599, 0.145836263895, 0.210950627923, 0.197228580713, 0.154269099236, 0.187751024961, 0.189394295216, 0.137169361115, 0.0970666185021, 0.107153646648, 0.158571958542], "max": [1, 1, 1, 1, 1, 1, 1, 1, 1, 1, 1, 1, 1, 1, 1, 1, 1, 1, 1, 1, 1, 1, 1, 1, 1, 1, 1, 1, 1, 1, 1, 1, 1, 1, 1, 1], "var": [0.105019174516, 0.109543502331, 0.0251696780324, 0.0214394107461, 0.0262103546411, 0.0273580122739, 0.0334771163762, 0.0345086939633, 0.0434091947973, 0.0488260127604, 0.039540220052, 0.0331113263965, 0.0387261882424, 0.0401007495821, 0.0423379205167, 0.107265718281, 0.133303582668, 0.0763865485787, 0.0590211935341, 0.0433660335839, 0.0238979589194, 0.0159404780716, 0.0159246306866, 0.0229954048991, 0.0616104006767, 0.0578288175166, 0.0399216338992, 0.103570856154, 0.072143137455, 0.0537215843797, 0.0741925612092, 0.0760898068547, 0.0472124330699, 0.0301047936082, 0.0347002148628, 0.0409052595496], "mean": [0.31889885664, 0.319888204336, 0.128851383924, 0.0686372444034, 0.075316593051, 0.0820873677731, 0.0895234197378, 0.0927959308028, 0.110929951072, 0.12068451196, 0.102180495858, 0.0990505442023, 0.113854564726, 0.119282312691, 0.169701322913, 0.345506161451, 0.39366927743, 0.240697160363, 0.141042053699, 0.100974813104, 0.070119984448, 0.0556608811021, 0.0521362088621, 0.0789407417178, 0.135588780046, 0.128707736731, 0.159733921289, 0.294628858566, 0.253366202116, 0.138609871268, 0.1584135741, 0.160098224878, 0.10663754493, 0.0764234736562, 0.0816245377064, 0.138914257288]}, "tuning_equal_tempered_deviation": 0.18122023344, "chords_changes_rate": 0.0441176481545, "key_key": "G", "tuning_diatonic_strength": 0.477351337671, "key_scale": "minor", "chords_number_rate": 0.0052941176109, "tuning_frequency": 434.193115234, "tuning_nontempered_energy_ratio": 0.872641265392, "chords_histogram": [0.29411765933, 2.11764717102, 9.41176509857, 2.88235282898, 0, 0, 0, 2.82352948189, 10.4705886841, 44.8235282898, 0.29411765933, 0.823529422283, 0, 0, 0, 0.117647059262, 0, 0, 1.11764705181, 0.882352948189, 0.29411765933, 3.35294127464, 20.2941169739, 0], "key_strength": 0.70231282711, "chords_key": "D", "chords_strength": {"dmean2": 0.0117450365797, "median": 0.529495954514, "min": 0.322169363499, "dvar2": 0.000121676021081, "dvar": 7.34984423616e-05, "dmean": 0.00954594276845, "max": 0.814523935318, "var": 0.00793640501797, "mean": 0.535476624966}, "chords_scale": "major", "hpcp_entropy": {"dmean2": 1.01064586639, "median": 2.27782154083, "min": 0, "dvar2": 0.599675357342, "dvar": 0.209486111999, "dmean": 0.595036387444, "max": 4.11361885071, "var": 0.416354089975, "mean": 2.27331709862}}, "metadata": {"audio_properties": {"equal_loudness": 0, "codec": "mp3", "downmix": "mix", "sample_rate": 44100, "analysis_sample_rate": 44100, "bit_rate": 224000, "md5_encoded": "183b1770d1fdaeb234fbbf9245fe616b", "length": 78.889793396, "replay_gain": -5.95807266235, "lossless": false}, "version": {"essentia_build_sha": "70f2e5ece6736b2c40cc944ad0e695b16b925413", "essentia": "2.1-beta2", "extractor": "music 1.0", "essentia_git_sha": "v2.1_beta2"}, "tags": {"title": ["The Possession"], "barcode": ["7090005590623"], "media": ["CD"], "albumartist": ["Gothminister"], "musicbrainz_recordingid": ["1aa6c814-b43a-4374-8207-8053a0eee71b"], "musicbrainz_albumartistid": ["07f59ab8-32ff-48ad-a9ff-866078e1a2d5"], "originalyear": ["2003"], "discnumber": ["1/1"], "bpm": ["133"], "catalognumber": ["TAT CD 062"], "contentgroup": ["Metal"], "musicbrainz album type": ["album"], "musicbrainz album status": ["official"], "file_name": "Gothminister - The Possession.mp3", "originaldate": ["2003"], "date": ["2003"], "genre": ["Metal; Gothic; Industrial; Darkwave; Gothic Rock"], "musicbrainz album release country": ["NO"], "album": ["Gothic Electronic Anthems"], "musicbrainz_artistid": ["07f59ab8-32ff-48ad-a9ff-866078e1a2d5"], "asin": ["B00008S0W5"], "musicbrainz_albumid": ["1543ea9e-0291-4349-9c55-25a69f43598c"], "artist": ["Gothminister"], "musicbrainz_releasegroupid": ["979f64d0-142b-3203-a53a-b9b46e591b45"], "tracknumber": ["5/11"], "label": ["Tatra Productions"], "albumartistsort": ["Gothminister"], "script": ["Latn"]}}, "rhythm": {"bpm_histogram_first_peak_bpm": {"dmean2": 0, "median": 140, "min": 140, "dvar2": 0, "dvar": 0, "dmean": 0, "max": 140, "var": 0, "mean": 140}, "bpm": 139.572753906, "bpm_histogram_second_peak_spread": {"dmean2": 0, "median": 0.433333277702, "min": 0.433333277702, "dvar2": 0, "dvar": 0, "dmean": 0, "max": 0.433333277702, "var": 0, "mean": 0.433333277702}, "bpm_histogram_first_peak_weight": {"dmean2": 0, "median": 0.325581401587, "min": 0.325581401587, "dvar2": 0, "dvar": 0, "dmean": 0, "max": 0.325581401587, "var": 0, "mean": 0.325581401587}, "onset_rate": 3.24455571175, "beats_position": [0.53405892849, 1.07972788811, 1.63700675964, 2.18267560005, 2.73995471001, 3.28562355042, 3.83129239082, 4.37696123123, 4.92263031006, 5.45668935776, 6.00235795975, 6.54802703857, 7.08208608627, 7.61614513397, 8.15020370483, 8.6958732605, 9.21832180023, 9.74077033997, 10.2632198334, 10.7856683731, 11.2965078354, 11.807346344, 12.3181858063, 12.8290243149, 13.3398637772, 13.8274831772, 14.3034915924, 14.7795009613, 15.2322902679, 15.696688652, 16.1610889435, 16.6487064362, 17.1363258362, 17.6355552673, 18.1115646362, 18.575963974, 19.0403633118, 19.5163707733, 19.9923801422, 20.4683895111, 20.9211788177, 21.3623580933, 21.8035373688, 22.2447166443, 22.7207260132, 23.1967334747, 23.6727428436, 24.1487522125, 24.6247615814, 25.1007709503, 25.5187301636, 25.9366893768, 26.3662586212, 26.7842178345, 27.2137870789, 27.6317462921, 28.0497055054, 28.4676647186, 28.8856239319, 29.3151912689, 29.7331504822, 30.1511096954, 30.5806789398, 31.0102481842, 31.4165973663, 31.8345565796, 32.2292976379, 32.6240348816, 33.0419960022, 33.4599533081, 33.8895225525, 34.3771438599, 34.8763694763, 35.3639907837, 35.8400001526, 36.3160095215, 36.7920188904, 37.2564163208, 37.7324256897, 38.2084350586, 38.638004303, 39.0559616089, 39.4855308533, 39.9267120361, 40.3562812805, 40.7858505249, 41.2270278931, 41.6798171997, 42.1209983826, 42.5737876892, 43.0149650574, 43.467754364, 43.9205436707, 44.3733329773, 44.8145103455, 45.2556915283, 45.6968688965, 46.1380500793, 46.5792274475, 47.0204086304, 47.4615859985, 47.8911552429, 48.3207244873, 48.7619056702, 49.1914749146, 49.6210403442, 50.0506095886, 50.480178833, 50.9097480774, 51.3393173218, 51.7804985046, 52.210067749, 52.6396369934, 53.0808143616, 53.510383606, 53.9283447266, 54.3579139709, 54.7874832153, 55.2054405212, 55.6234016418, 56.0529708862, 56.4825401306, 56.912109375, 57.3416786194, 57.7712478638, 58.2008171082, 58.6419944763, 59.0715637207, 59.5243530273, 59.9887504578, 60.4415397644, 60.9059410095, 61.3471183777, 61.7882995605, 62.2410888672, 62.6822662354, 63.1118354797, 63.5414047241, 63.9709739685, 64.4005432129, 64.8301086426, 65.2596817017, 65.6892471313, 66.1188201904, 66.5483856201, 66.9779586792, 67.4075241089, 67.837097168, 68.2666625977, 68.6962356567, 69.1258010864, 69.5553741455, 69.9849395752, 70.4145126343, 70.8556900024, 71.2852630615, 71.7032165527, 72.1327896118, 72.5507507324, 72.9803161621, 73.4098815918, 73.8394546509, 74.2574157715, 74.6869812012, 75.1165542603, 75.5577316284, 75.9872970581, 76.4052581787, 76.8232192993, 77.2295684814, 77.6939697266, 78.1351470947, 78.5763244629], "beats_loudness": {"dmean2": 0.0273380223662, "median": 0.0083683244884, "min": 0.000511170481332, "dvar2": 0.00162715185434, "dvar": 0.000595150224399, "dmean": 0.0154701974243, "max": 0.239403411746, "var": 0.00131132546812, "mean": 0.0222364347428}, "danceability": 1.05549001694, "bpm_histogram_second_peak_weight": {"dmean2": 0, "median": 0.0988372117281, "min": 0.0988372117281, "dvar2": 0, "dvar": 0, "dmean": 0, "max": 0.0988372117281, "var": 0, "mean": 0.0988372117281}, "beats_count": 173, "bpm_histogram_second_peak_bpm": {"dmean2": 0, "median": 126, "min": 126, "dvar2": 0, "dvar": 0, "dmean": 0, "max": 126, "var": 0, "mean": 126}, "bpm_histogram_first_peak_spread": {"dmean2": 0, "median": 0.450980365276, "min": 0.450980365276, "dvar2": 0, "dvar": 0, "dmean": 0, "max": 0.450980365276, "var": 0, "mean": 0.450980365276}, "beats_loudness_band_ratio": {"dmean2": [0.309553921223, 0.290368109941, 0.159345477819, 0.263283193111, 0.0881575793028, 0.00134413491469], "median": [0.501965165138, 0.172005221248, 0.0644872114062, 0.0293827559799, 0.00707743642852, 0.000123992736917], "min": [0.00650251563638, 0.00348340300843, 0.00438077375293, 0.000315634795697, 1.01964888017e-05, 4.46140984423e-06], "dvar2": [0.0680160522461, 0.0515276268125, 0.0343269370496, 0.162073418498, 0.041761841625, 3.83868155041e-06], "dvar": [0.0239634215832, 0.0208021532744, 0.013172544539, 0.0498400889337, 0.0138207422569, 1.57543252044e-06], "dmean": [0.18113681674, 0.164150163531, 0.0942818596959, 0.139322698116, 0.04841440171, 0.000776708649937], "max": [0.967424869537, 0.808130025864, 0.800240218639, 0.960592925549, 0.712343752384, 0.00813665427268], "var": [0.0802724435925, 0.0394559167325, 0.0258462447673, 0.0420289933681, 0.00908632948995, 2.35754259847e-06], "mean": [0.512101054192, 0.245448499918, 0.134863510728, 0.119343742728, 0.0337797440588, 0.000919495418202]}}, "lowlevel": {"barkbands_spread": {"dmean2": 3.2841823101, "median": 5.02439022064, "min": 0.48750475049, "dvar2": 23.1670322418, "dvar": 12.0454444885, "dmean": 2.11919951439, "max": 132.190429688, "var": 40.7912406921, "mean": 6.80541563034}, "melbands_spread": {"dmean2": 4.4818315506, "median": 5.56398153305, "min": 0.427225023508, "dvar2": 48.3807678223, "dvar": 22.4417724609, "dmean": 2.87748456001, "max": 169.951782227, "var": 124.12902832, "mean": 8.97483539581}, "hfc": {"dmean2": 3.62390518188, "median": 1.306448102, "min": 1.12475374249e-16, "dvar2": 92.8082962036, "dvar": 39.9005813599, "dmean": 2.41664099693, "max": 153.586257935, "var": 164.045578003, "mean": 6.65104341507}, "barkbands_kurtosis": {"dmean2": 5.55707406998, "median": 3.71536684036, "min": -1.84181511402, "dvar2": 47.6303901672, "dvar": 17.4800128937, "dmean": 3.38404512405, "max": 42.6535987854, "var": 38.5920715332, "mean": 5.44482517242}, "gfcc": {"mean": [-202.782577515, 213.582565308, -81.5908660889, -11.413351059, -19.9312324524, -15.5174846649, -18.1421527863, -3.77778935432, -12.5363426208, -16.1490573883, -13.7964725494, 3.27352833748, -0.366491049528], "icov": [[0.000346128741512, -0.000773853913415, 0.0006772132474, -0.000731174484827, 0.000746643636376, -0.000750004779547, 3.39165817422e-05, -0.00104041339364, 0.000398585631046, -0.000775523134507, 0.00126966042444, -0.000986258266494, 0.0014618356945], [-0.000773853913415, 0.00507609779015, -0.00217264378443, 0.00351456925273, -0.00265729101375, 0.00364140374586, -0.000832809950225, 0.00433454895392, -0.00261848163791, 0.00478892680258, -0.00588421104476, 0.00500594358891, -0.00539476564154], [0.0006772132474, -0.00217264378443, 0.0019847813528, -0.00152524420992, 0.00147716689389, -0.00187376164831, 0.000348711851984, -0.00224027014337, 0.00133708084468, -0.00211510970257, 0.00323349284008, -0.00307271070778, 0.00472844252363], [-0.000731174484827, 0.00351456925273, -0.00152524420992, 0.00525505049154, -0.00169748312328, 0.0032937664073, 0.000183812575415, 0.00344517524354, -0.00233711628243, 0.00132715981454, -0.00491262646392, 0.00654499651864, -0.00499515701085], [0.000746643636376, -0.00265729101375, 0.00147716689389, -0.00169748312328, 0.00550099788234, -0.00153112423141, 0.00144392892253, -0.0016882797936, -0.00133469386492, 0.000128414772917, 0.00399696035311, -0.00349032413214, 0.00197585741989], [-0.000750004779547, 0.00364140374586, -0.00187376164831, 0.0032937664073, -0.00153112423141, 0.0100459931418, -0.00127792928834, 0.00202621659264, -0.000419525778852, 0.0022864874918, -0.00585511699319, 0.00533233443275, -0.00536844413728], [3.39165817422e-05, -0.000832809950225, 0.000348711851984, 0.000183812575415, 0.00144392892253, -0.00127792928834, 0.00945592578501, -0.00442618923262, 0.000688873871695, 0.00156643055379, -0.00325731444173, 0.00169987289701, 0.000680185446981], [-0.00104041339364, 0.00433454895392, -0.00224027014337, 0.00344517524354, -0.0016882797936, 0.00202621659264, -0.00442618923262, 0.0199133232236, -0.0104894256219, 0.00387228303589, -0.000294290919555, 0.000217333639739, 0.000977636082098], [0.000398585631046, -0.00261848163791, 0.00133708084468, -0.00233711628243, -0.00133469386492, -0.000419525778852, 0.000688873871695, -0.0104894256219, 0.0171974692494, -0.00556829385459, 0.00491517689079, 0.00326936109923, -0.00151267251931], [-0.000775523134507, 0.00478892680258, -0.00211510970257, 0.00132715981454, 0.000128414772917, 0.0022864874918, 0.00156643055379, 0.00387228303589, -0.00556829385459, 0.0239193663001, -0.0109152374789, 0.000848926545586, -0.00297137792222], [0.00126966042444, -0.00588421104476, 0.00323349284008, -0.00491262646392, 0.00399696035311, -0.00585511699319, -0.00325731444173, -0.000294290919555, 0.00491517689079, -0.0109152374789, 0.0232672393322, -0.00933395046741, 0.0062850820832], [-0.000986258266494, 0.00500594358891, -0.00307271070778, 0.00654499651864, -0.00349032413214, 0.00533233443275, 0.00169987289701, 0.000217333639739, 0.00326936109923, 0.000848926545586, -0.00933395046741, 0.0235734060407, -0.016119658947], [0.0014618356945, -0.00539476564154, 0.00472844252363, -0.00499515701085, 0.00197585741989, -0.00536844413728, 0.000680185446981, 0.000977636082098, -0.00151267251931, -0.00297137792222, 0.0062850820832, -0.016119658947, 0.029640359804]], "cov": [[16290.9912109, -1815.84802246, -4396.52978516, 1572.40405273, -1377.7557373, 297.897613525, 437.006835938, 562.968444824, 326.822387695, 291.719177246, -96.8923873901, -531.33984375, -272.893798828], [-1815.84802246, 1082.17785645, 643.000976562, -457.005401611, 392.029876709, -125.686065674, -30.6222648621, -118.673210144, -6.80386829376, -148.466461182, 17.4284324646, 60.1554527283, 76.4356155396], [-4396.52978516, 643.000976562, 2881.56494141, -562.905212402, 113.632614136, -0.864023029804, -48.7617149353, -1.51472520828, -133.346847534, -61.5489425659, -51.5942878723, 120.116912842, -163.960876465], [1572.40405273, -457.005401611, -562.905212402, 687.535766602, -147.415023804, -13.8418712616, 0.922155559063, 14.5569114685, 75.185546875, 81.9436950684, 15.492143631, -137.208511353, -14.0964345932], [-1377.7557373, 392.029876709, 113.632614136, -147.415023804, 536.975769043, -94.0774841309, -99.7848815918, -36.5123062134, 70.9551849365, -90.5134277344, -63.4875946045, 46.2607841492, 80.1589889526], [297.897613525, -125.686065674, -0.864023029804, -13.8418712616, -94.0774841309, 168.202606201, 42.1106758118, 12.3156070709, -26.9839038849, 21.3508491516, 30.4775733948, -6.53923940659, -13.6548633575], [437.006835938, -30.6222648621, -48.7617149353, 0.922155559063, -99.7848815918, 42.1106758118, 163.774612427, 52.2611312866, 5.33213472366, 1.69188201427, 22.0286712646, -32.6303253174, -32.3703079224], [562.968444824, -118.673210144, -1.51472520828, 14.5569114685, -36.5123062134, 12.3156070709, 52.2611312866, 154.143798828, 79.0591049194, -1.30834317207, -57.3495445251, -39.0480537415, -53.4602813721], [326.822387695, -6.80386829376, -133.346847534, 75.185546875, 70.9551849365, -26.9839038849, 5.33213472366, 79.0591049194, 147.092575073, -5.11949062347, -55.9457969666, -54.4742736816, -6.52988195419], [291.719177246, -148.466461182, -61.5489425659, 81.9436950684, -90.5134277344, 21.3508491516, 1.69188201427, -1.30834317207, -5.11949062347, 84.37134552, 36.9437942505, 2.83370709419, -5.97177696228], [-96.8923873901, 17.4284324646, -51.5942878723, 15.492143631, -63.4875946045, 30.4775733948, 22.0286712646, -57.3495445251, -55.9457969666, 36.9437942505, 120.52671814, 34.3679695129, 23.912607193], [-531.33984375, 60.1554527283, 120.116912842, -137.208511353, 46.2607841492, -6.53923940659, -32.6303253174, -39.0480537415, -54.4742736816, 2.83370709419, 34.3679695129, 129.82623291, 53.4588241577], [-272.893798828, 76.4356155396, -163.960876465, -14.0964345932, 80.1589889526, -13.6548633575, -32.3703079224, -53.4602813721, -6.52988195419, -5.97177696228, 23.912607193, 53.4588241577, 102.649276733]]}, "spectral_energyband_middle_low": {"dmean2": 0.00520490529016, "median": 0.00215448369272, "min": 2.18662953301e-22, "dvar2": 0.000189247206436, "dvar": 7.55058063078e-05, "dmean": 0.00331960455514, "max": 0.245455309749, "var": 0.00033459518454, "mean": 0.00920838862658}, "melbands_crest": {"dmean2": 6.10770988464, "median": 13.9008970261, "min": 1.89071297646, "dvar2": 27.7872066498, "dvar": 10.3251533508, "dmean": 3.69098424911, "max": 32.3069419861, "var": 33.890953064, "mean": 15.1154327393}, "spectral_kurtosis": {"dmean2": 37.5950050354, "median": 40.954246521, "min": -1.25386691093, "dvar2": 1564.57714844, "dvar": 591.782897949, "dmean": 22.822057724, "max": 365.903961182, "var": 4817.74169922, "mean": 71.0916748047}, "spectral_rms": {"dmean2": 0.00093753245892, "median": 0.00251991907135, "min": 3.16645516231e-12, "dvar2": 1.21580455925e-06, "dvar": 5.37193727723e-07, "dmean": 0.000614092685282, "max": 0.0164167284966, "var": 6.06100638834e-06, "mean": 0.00330212619156}, "zerocrossingrate": {"dmean2": 0.00387937086634, "median": 0.015625, "min": 0.00390625, "dvar2": 2.18447112275e-05, "dvar": 2.63786623691e-05, "dmean": 0.00322613376193, "max": 0.5205078125, "var": 0.000975398521405, "mean": 0.020935472101}, "silence_rate_60dB": {"dmean2": 0.132469832897, "median": 0, "min": 0, "dvar2": 0.141414195299, "dvar": 0.0618282444775, "dmean": 0.0662154182792, "max": 1, "var": 0.201242089272, "mean": 0.279199779034}, "erbbands_kurtosis": {"dmean2": 2.89133048058, "median": 1.16371965408, "min": -1.79131472111, "dvar2": 16.5631694794, "dvar": 7.02723407745, "dmean": 1.83564436436, "max": 47.9158706665, "var": 14.4907140732, "mean": 2.08357453346}, "erbbands": {"dmean2": [0.126433908939, 0.902407288551, 3.12114691734, 6.90846300125, 6.46533823013, 5.53799819946, 7.95093488693, 8.13611698151, 10.8909244537, 25.2047767639, 47.3656539917, 25.7572097778, 16.3114414215, 29.3018627167, 40.1398582458, 10.5149650574, 4.16171741486, 2.53680300713, 3.37873578072, 5.97127771378, 4.67655467987, 3.19099402428, 2.04515695572, 0.845516860485, 0.669601857662, 0.293666988611, 0.250677347183, 0.112309493124, 0.0857811570168, 0.036975838244, 0.0208557602018, 0.011684413068, 0.00630843499675, 0.00305990013294, 0.00150247651618, 0.000782088027336, 0.000236506617512, 0.000134062414872, 1.26376726257e-05, 1.04256678242e-05], "median": [0.0133344428614, 0.239655047655, 0.833127498627, 1.55144298077, 2.33326125145, 2.5481004715, 2.43174791336, 3.76085948944, 1.86206221581, 1.27281475067, 1.55923116207, 0.799890995026, 0.713365197182, 1.52082133293, 1.55362427235, 0.76250576973, 0.235579907894, 0.154419600964, 0.205411732197, 0.377096414566, 0.318775296211, 0.172596901655, 0.0693380087614, 0.0215902533382, 0.00895088724792, 0.00465191248804, 0.00276885856874, 0.00098748144228, 0.000314209028147, 0.000129603300593, 7.47612430132e-05, 4.69713450002e-05, 3.37251440214e-05, 2.3175323804e-05, 1.63644835993e-05, 1.2398409126e-05, 1.42687786138e-05, 4.02929690608e-05, 4.71887688036e-06, 7.33236356609e-06], "min": [3.29281421809e-22, 4.75104240783e-22, 2.83157393635e-21, 1.85243592357e-20, 1.79772099567e-20, 3.96160964535e-20, 9.30932907433e-20, 1.42657028932e-19, 2.50077482088e-19, 4.07512028039e-19, 5.689140941e-19, 3.05668439498e-19, 3.03758893054e-19, 6.55036882455e-19, 1.5262149216e-18, 1.31248747794e-18, 2.04824457367e-18, 3.56068125121e-18, 3.25985675553e-18, 3.65216370464e-18, 6.31017790854e-18, 5.36451318582e-18, 7.99663043269e-18, 8.70747057363e-18, 9.72367022796e-18, 7.65000205136e-18, 9.80686143653e-18, 1.08953715656e-17, 1.28146390363e-17, 1.23414487125e-17, 1.41075934712e-17, 1.38722738219e-17, 1.29125639859e-17, 1.07698469077e-17, 7.52453612323e-18, 4.92479720708e-18, 2.57055205504e-18, 1.06455766691e-18, 2.95579395115e-19, 3.19968776702e-20], "dvar2": [0.148535534739, 4.61570549011, 41.1432342529, 364.481079102, 180.047561646, 208.991073608, 485.277648926, 400.080657959, 1195.32312012, 15406.78125, 38043.4921875, 13983.5527344, 3307.64379883, 14627.0634766, 32160.9980469, 973.310302734, 173.442718506, 54.1802558899, 139.462738037, 614.358459473, 193.77331543, 113.521057129, 64.8727722168, 5.21996641159, 3.93592262268, 0.817337870598, 0.513144791126, 0.150561079383, 0.10451130569, 0.0246264077723, 0.00633450178429, 0.00256271963008, 0.000590265088249, 0.000133262670715, 2.93499324471e-05, 7.29913881514e-06, 7.05221395947e-07, 1.81502116448e-07, 1.80997072885e-09, 4.34547231531e-10], "dvar": [0.0468338727951, 1.52409505844, 14.5622806549, 125.44921875, 63.8991012573, 71.2039260864, 166.735671997, 161.969009399, 517.979980469, 6398.3984375, 14317.5800781, 5066.34765625, 1393.92834473, 6617.19482422, 13469.375, 429.791412354, 68.5037078857, 21.9563522339, 55.3282546997, 261.344543457, 91.9072494507, 52.0495605469, 25.719669342, 2.17896389961, 1.50500941277, 0.340806186199, 0.204320088029, 0.0589252188802, 0.0379597172141, 0.00910724047571, 0.00235278625041, 0.000924084917642, 0.000215453532292, 4.89428020956e-05, 1.12505840661e-05, 3.37386973115e-06, 3.46733628476e-07, 9.51609848698e-08, 1.09616804522e-09, 1.84974521811e-10], "dmean": [0.0711465105414, 0.529850304127, 1.86315786839, 4.04516887665, 3.79358720779, 3.23873019218, 4.74593400955, 5.0405960083, 6.62849664688, 15.7958602905, 28.8387145996, 15.9177713394, 10.3233003616, 19.08319664, 25.9574794769, 6.67359972, 2.65004944801, 1.61773228645, 2.14700746536, 3.87677454948, 3.05678868294, 2.03113365173, 1.26984369755, 0.538825213909, 0.415814489126, 0.186404839158, 0.155555412173, 0.0704536512494, 0.0509129241109, 0.022088650614, 0.0125864390284, 0.00690945982933, 0.00396852241829, 0.00190391240176, 0.000981658929959, 0.000549345335457, 0.000169097722392, 9.44964922382e-05, 9.36256310524e-06, 6.71751467962e-06], "max": [3.92496562004, 18.6964645386, 53.848285675, 198.726135254, 127.12285614, 165.072555542, 221.100341797, 398.463928223, 798.457763672, 2733.45776367, 4387.77148438, 2058.84765625, 1159.72998047, 2073.72827148, 2747.67651367, 378.342803955, 127.531341553, 86.4403381348, 200.969024658, 604.205566406, 325.128173828, 282.705657959, 150.977813721, 39.1533355713, 24.9258499146, 7.76395559311, 7.62915229797, 3.65587878227, 3.58478474617, 1.75218081474, 0.770918667316, 0.596072256565, 0.309379905462, 0.129997879267, 0.0474804900587, 0.0255104918033, 0.00985374860466, 0.014534169808, 0.000805298855994, 0.00031191619928], "var": [0.0571935400367, 1.93254029751, 20.2054901123, 199.089752197, 115.625358582, 99.5320739746, 217.42477417, 337.701507568, 1192.81213379, 10111.0302734, 28203.8691406, 8908.921875, 2930.1730957, 11024.2802734, 19029.6269531, 718.098632812, 87.9897842407, 28.4834156036, 63.7167778015, 400.175354004, 194.315567017, 90.3292160034, 39.0788345337, 4.95669174194, 2.53464722633, 0.494094967842, 0.412057518959, 0.085031747818, 0.0556787103415, 0.0095767788589, 0.0028552217409, 0.00092516496079, 0.00029008378624, 6.56333577354e-05, 1.81764935405e-05, 7.36075207897e-06, 9.64985929386e-07, 2.59225271293e-06, 6.07074746029e-09, 1.11512366008e-09], "mean": [0.0877582281828, 0.716082453728, 2.50203633308, 5.86087322235, 5.91279029846, 5.19782018661, 6.95725297928, 8.54707813263, 11.1554784775, 22.9073562622, 47.2205886841, 29.4138088226, 19.3335647583, 28.9622058868, 35.0178756714, 9.6045293808, 3.5715212822, 2.22840666771, 2.92419195175, 5.48292446136, 4.47651529312, 3.12683153152, 1.91521573067, 0.855542898178, 0.626001775265, 0.269338995218, 0.258332967758, 0.110966481268, 0.0794511884451, 0.0311643350869, 0.0183071587235, 0.00920304004103, 0.00553679745644, 0.00260671204887, 0.00136210944038, 0.00077043910278, 0.000301449530525, 0.000522249785718, 2.98993254546e-05, 2.01029670279e-05]}, "spectral_strongpeak": {"dmean2": 0.540247559547, "median": 0.240947142243, "min": 0, "dvar2": 1.15711724758, "dvar": 0.440925329924, "dmean": 0.324685275555, "max": 7.65725851059, "var": 0.736835002899, "mean": 0.52798306942}, "spectral_energy": {"dmean2": 0.00933672487736, "median": 0.00650874245912, "min": 1.02770987255e-20, "dvar2": 0.000350479705958, "dvar": 0.000146350226714, "dmean": 0.00598258106038, "max": 0.276246666908, "var": 0.000850237847771, "mean": 0.0173891652375}, "average_loudness": 0.0260638073087, "spectral_rolloff": {"dmean2": 207.960174561, "median": 366.064453125, "min": 86.1328125, "dvar2": 204123.921875, "dvar": 101090.28125, "dmean": 125.516220093, "max": 19078.4179688, "var": 1368950, "mean": 582.332214355}, "spectral_centroid": {"dmean2": 139.331390381, "median": 368.013702393, "min": 127.521476746, "dvar2": 59024.6914062, "dvar": 31519.5722656, "dmean": 92.3477935791, "max": 11499.4003906, "var": 418838.53125, "mean": 507.26965332}, "pitch_salience": {"dmean2": 0.148499295115, "median": 0.623692989349, "min": 0.114335522056, "dvar2": 0.0169135592878, "dvar": 0.00621518539265, "dmean": 0.089153110981, "max": 0.925412654877, "var": 0.0173624753952, "mean": 0.596363186836}, "spectral_energyband_middle_high": {"dmean2": 0.00183664425276, "median": 0.000156707537826, "min": 1.21135683265e-21, "dvar2": 4.26899241575e-05, "dvar": 1.97608678718e-05, "dmean": 0.00123721698765, "max": 0.121082045138, "var": 3.9893649955e-05, "mean": 0.00220145191997}, "spectral_contrast_coeffs": {"dmean2": [0.0833045616746, 0.073664046824, 0.0559291951358, 0.0456627234817, 0.0370594039559, 0.0353947356343], "median": [-0.664077162743, -0.764046311378, -0.819851458073, -0.826108515263, -0.804544448853, -0.804688334465], "min": [-0.974533140659, -0.972368359566, -0.970088660717, -0.967428028584, -0.966156005859, -0.964556336403], "dvar2": [0.0044109323062, 0.00319805718027, 0.00209295097739, 0.00145821773913, 0.00113155588042, 0.00112315511797], "dvar": [0.00155278563034, 0.00119095272385, 0.000828113348689, 0.000621780345682, 0.000550733297132, 0.000450780295068], "dmean": [0.0495555475354, 0.0442596338689, 0.0340858586133, 0.0283761918545, 0.0243018493056, 0.0219362713397], "max": [-0.441860020161, -0.495340406895, -0.512325048447, -0.511878609657, -0.549863398075, -0.570774614811], "var": [0.00381429633126, 0.00427761813626, 0.00404715817422, 0.0024054790847, 0.00402664486319, 0.00407956540585], "mean": [-0.663698136806, -0.760220646858, -0.805762708187, -0.81652534008, -0.793534934521, -0.803504943848]}, "melbands_skewness": {"dmean2": 1.07368409634, "median": 1.88787984848, "min": -3.84596657753, "dvar2": 0.921534121037, "dvar": 0.372914463282, "dmean": 0.686358988285, "max": 7.68655586243, "var": 1.86832869053, "mean": 1.9414588213}, "spectral_spread": {"dmean2": 510248.90625, "median": 1227127.75, "min": 298130.625, "dvar2": 878086127616, "dvar": 410785972224, "dmean": 310729.84375, "max": 41843480, "var": 5182269161470.0, "mean": 1517127.25}, "dissonance": {"dmean2": 0.0584670379758, "median": 0.443984150887, "min": 0.118758782744, "dvar2": 0.00327662727796, "dvar": 0.00117102544755, "dmean": 0.0342908650637, "max": 0.499999940395, "var": 0.00213600345887, "mean": 0.434694349766}, "spectral_skewness": {"dmean2": 1.96881365776, "median": 4.13728237152, "min": -0.0616514347494, "dvar2": 3.18713212013, "dvar": 1.20558595657, "dmean": 1.19122314453, "max": 16.0550708771, "var": 12.0569620132, "mean": 5.46656084061}, "spectral_flux": {"dmean2": 0.026325346902, "median": 0.0419780574739, "min": 6.56206547434e-11, "dvar2": 0.000938688695896, "dvar": 0.000367359636584, "dmean": 0.0159292854369, "max": 0.395837396383, "var": 0.00276194931939, "mean": 0.0589614771307}, "spectral_contrast_valleys": {"dmean2": [0.669258892536, 0.589562475681, 0.523664832115, 0.503759086132, 0.439326703548, 0.554734766483], "median": [-7.38053369522, -7.23850440979, -8.10505771637, -9.24686050415, -10.48279953, -14.5421724319], "min": [-27.7014446259, -27.5846939087, -27.6070976257, -27.4688568115, -27.3374385834, -27.3959980011], "dvar2": [0.302019417286, 0.237853839993, 0.22841437161, 0.241271272302, 0.264155030251, 0.35694372654], "dvar": [0.121426001191, 0.110204309225, 0.122117608786, 0.133255183697, 0.148730292916, 0.152382254601], "dmean": [0.398533791304, 0.36269402504, 0.340000629425, 0.338522315025, 0.312720566988, 0.352571189404], "max": [-4.90066003799, -4.34035825729, -4.75192642212, -6.03457450867, -6.71334505081, -10.1156616211], "var": [1.84607315063, 2.249979496, 2.49525284767, 3.2649242878, 3.65571808815, 2.25264000893], "mean": [-7.40400314331, -7.15577888489, -7.9610991478, -9.44306087494, -10.5191602707, -13.9514951706]}, "erbbands_flatness_db": {"dmean2": 0.0318363159895, "median": 0.301680982113, "min": 0.0462546348572, "dvar2": 0.000910449889489, "dvar": 0.000471236184239, "dmean": 0.0217757131904, "max": 0.525130450726, "var": 0.00429533328861, "mean": 0.296070992947}, "spectral_energyband_high": {"dmean2": 9.57049996941e-06, "median": 1.12225805537e-07, "min": 7.31324031269e-21, "dvar2": 1.03253960937e-09, "dvar": 4.14163398021e-10, "dmean": 6.09146763964e-06, "max": 0.000346320681274, "var": 7.34424687732e-10, "mean": 1.10902974484e-05}, "spectral_entropy": {"dmean2": 0.317173212767, "median": 6.24357509613, "min": 4.37505054474, "dvar2": 0.092312283814, "dvar": 0.0446498133242, "dmean": 0.209710791707, "max": 9.81598472595, "var": 0.572830021381, "mean": 6.14328432083}, "silence_rate_20dB": {"dmean2": 0, "median": 1, "min": 1, "dvar2": 0, "dvar": 0, "dmean": 0, "max": 1, "var": 0, "mean": 1}, "melbands_flatness_db": {"dmean2": 0.048525609076, "median": 0.412734508514, "min": 0.00581291038543, "dvar2": 0.00208069407381, "dvar": 0.000944326049648, "dmean": 0.0317663028836, "max": 0.756771922112, "var": 0.0165068991482, "mean": 0.438154429197}, "barkbands": {"dmean2": [0.000789599609561, 0.00384952500463, 0.00312053412199, 0.00270016444847, 0.00168807234149, 0.000947157212067, 0.000885340035893, 0.00219589867629, 0.00115808623377, 0.000593744043726, 0.00119521701708, 0.000329209346091, 9.32254333748e-05, 5.33285274287e-05, 7.65309741837e-05, 0.000118517185911, 6.69689179631e-05, 3.24803877447e-05, 1.34041629281e-05, 6.78018795952e-06, 4.59835473521e-06, 2.07292646337e-06, 7.66706762079e-07, 4.52408329465e-07, 2.29426689202e-07, 1.51316072561e-07, 9.34153874255e-08], "median": [8.02969134384e-06, 0.000979606062174, 0.00075575831579, 0.000479536276544, 0.000832255987916, 0.000431955384556, 7.21824108041e-05, 7.28982049623e-05, 3.62932187272e-05, 3.24622669723e-05, 3.30911934725e-05, 1.76580706466e-05, 3.5479122289e-06, 2.59147941506e-06, 4.95004815093e-06, 6.67427229928e-06, 2.80188214674e-06, 9.140541124e-07, 1.95798406821e-07, 9.46251077494e-08, 4.42771153075e-08, 6.82865453072e-09, 2.56852183966e-09, 1.88129978262e-09, 1.79613501849e-09, 3.4556122408e-09, 2.84635817138e-08], "min": [4.32363696985e-24, 4.97653612033e-24, 2.71061205618e-24, 5.23221067288e-24, 1.8930610687e-23, 1.33343998709e-23, 2.11658338624e-23, 2.08584826097e-23, 1.24983130187e-23, 8.71688381484e-24, 3.21819403491e-23, 2.9743826882e-23, 4.62733721654e-23, 4.89724786852e-23, 8.00527779356e-23, 9.83332220862e-23, 8.38148934579e-23, 1.56589079013e-22, 1.61646611427e-22, 1.86807740206e-22, 2.8282162919e-22, 3.71803119815e-22, 4.87593890532e-22, 7.50496516807e-22, 1.0136953004e-21, 1.42989629451e-21, 2.28687469519e-21], "dvar2": [4.6378127081e-06, 9.67908781604e-05, 4.77025459986e-05, 5.92536380282e-05, 1.47750388351e-05, 5.24652432432e-06, 8.51904405863e-06, 0.000102716963738, 3.04983641399e-05, 6.94660911904e-06, 3.06513757096e-05, 1.51261974679e-06, 9.55805674607e-08, 2.36755379746e-08, 6.30352587905e-08, 2.29379750749e-07, 3.78256359568e-08, 1.47176066889e-08, 1.31382860147e-09, 4.97394792021e-10, 1.85484627657e-10, 6.2887334229e-11, 9.3216467531e-12, 3.42280804394e-12, 7.33236821954e-13, 2.90561276211e-13, 9.94108969947e-14], "dvar": [1.79094217856e-06, 3.1514922739e-05, 1.65955498233e-05, 2.01137481781e-05, 5.05205480295e-06, 2.12182749237e-06, 3.29191038873e-06, 4.15759022871e-05, 1.08387912405e-05, 3.26710869558e-06, 1.32504637804e-05, 6.15668170667e-07, 3.66135495256e-08, 9.94259785614e-09, 2.53912340042e-08, 1.04392398725e-07, 1.71986300757e-08, 6.25453422387e-09, 5.51108325642e-10, 1.915708564e-10, 7.2169312193e-11, 2.29751027231e-11, 3.49349173721e-12, 1.22523757633e-12, 2.73504445003e-13, 1.45547162105e-13, 5.49210877514e-14], "dmean": [0.000471124512842, 0.00223757582717, 0.00184337235987, 0.00160145887639, 0.000996122485958, 0.000592334603425, 0.00054276722949, 0.00135993643198, 0.000698372488841, 0.000380061625037, 0.000778241665103, 0.000204591953661, 5.74476071051e-05, 3.36405755661e-05, 4.81962415506e-05, 7.7663360571e-05, 4.18936324422e-05, 2.00228932954e-05, 8.49907155498e-06, 4.23206847699e-06, 2.83419512925e-06, 1.24097186927e-06, 4.64948413992e-07, 2.73199020739e-07, 1.46835262171e-07, 1.10553912691e-07, 6.7381513702e-08], "max": [0.0197917297482, 0.1028695032, 0.054708417505, 0.0757460445166, 0.0421610549092, 0.0506999194622, 0.0440559871495, 0.222681999207, 0.102668754756, 0.0708570107818, 0.110142834485, 0.0148748224601, 0.00286314496771, 0.00143321370706, 0.00335435313173, 0.0131080700085, 0.00444329017773, 0.00240060244687, 0.000453405518783, 0.000207434713957, 0.000131137567223, 8.88580398168e-05, 2.72947308986e-05, 2.35019706452e-05, 8.48155013955e-06, 5.59228055863e-06, 9.85169481282e-06], "var": [2.74964122582e-06, 4.2673691496e-05, 2.15293566725e-05, 3.14483913826e-05, 8.2231417764e-06, 4.78208403365e-06, 7.27552196622e-06, 7.16091162758e-05, 1.50973983182e-05, 5.50689810552e-06, 1.9262512069e-05, 7.03306625383e-07, 4.00313595605e-08, 1.2503499569e-08, 3.43810668824e-08, 1.76567326093e-07, 3.09737018256e-08, 9.52270884369e-09, 1.16826226471e-09, 2.5705471085e-10, 1.3947978883e-10, 3.13776053751e-11, 4.05108628934e-12, 1.385584464e-12, 3.93367142245e-13, 3.43221002834e-13, 1.1131364927e-12], "mean": [0.000580702675506, 0.00312683405355, 0.00234212912619, 0.00219375523739, 0.00166492175777, 0.00103807169944, 0.000849336734973, 0.00211140536703, 0.00117325840984, 0.000604937609751, 0.00105647521559, 0.000247508636676, 6.92393659847e-05, 4.19270654675e-05, 6.85090562911e-05, 0.000100776778709, 6.21085055172e-05, 2.95197842206e-05, 1.36559310704e-05, 5.81928770771e-06, 4.66275560029e-06, 1.91397634808e-06, 6.52797723433e-07, 3.75055435597e-07, 2.01638599151e-07, 1.592360519e-07, 3.41279246641e-07]}, "erbbands_skewness": {"dmean2": 0.721182048321, "median": 0.833422839642, "min": -5.51299190521, "dvar2": 0.445262253284, "dvar": 0.198539078236, "dmean": 0.465138822794, "max": 4.35569810867, "var": 0.835663795471, "mean": 0.719700694084}, "erbbands_spread": {"dmean2": 6.79267072678, "median": 13.7019109726, "min": 0.661573410034, "dvar2": 57.8739471436, "dvar": 25.7997817993, "dmean": 4.49340486526, "max": 108.088378906, "var": 91.7583007812, "mean": 16.157201767}, "melbands_kurtosis": {"dmean2": 8.60903644562, "median": 6.49015235901, "min": -1.84498751163, "dvar2": 126.467674255, "dvar": 47.6044769287, "dmean": 5.31524038315, "max": 83.6566848755, "var": 128.761535645, "mean": 9.80489635468}, "melbands": {"dmean2": [0.00105324713513, 0.00142646767199, 0.00109189015348, 0.000407791289035, 0.000252304686001, 0.000180258968612, 0.000166229336173, 0.000335977470968, 0.000372351991246, 0.000156951165991, 8.22988367872e-05, 0.000117787640193, 0.000164526587469, 4.33830828115e-05, 1.59108203661e-05, 7.37917707738e-06, 4.81977076561e-06, 5.56518716621e-06, 6.20826494924e-06, 1.00977067632e-05, 5.11055759489e-06, 3.80820347345e-06, 2.60171009359e-06, 1.18177104014e-06, 6.99468330367e-07, 6.05123091191e-07, 3.03081407083e-07, 1.89530027228e-07, 1.64401740221e-07, 1.29403645133e-07, 5.67301512433e-08, 6.06794188229e-08, 2.806020305e-08, 1.79567578584e-08, 1.34611566338e-08, 8.86972983949e-09, 6.84120804451e-09, 4.93763208098e-09, 3.14224024578e-09, 2.52486542784e-09], "median": [0.000222222442972, 0.000431457709055, 0.000317864120007, 0.000204133815714, 8.14548620838e-05, 8.00919078756e-05, 2.75423026324e-05, 1.41348200486e-05, 1.16345599963e-05, 4.49103981737e-06, 3.47920558852e-06, 5.78531216888e-06, 4.89959893457e-06, 2.60871001956e-06, 9.87587100099e-07, 2.65587544845e-07, 2.38300529531e-07, 2.84479426682e-07, 3.99287131359e-07, 5.00584064866e-07, 2.92133677249e-07, 1.77047255079e-07, 9.12333888436e-08, 3.34277316938e-08, 1.17069447469e-08, 6.16544548748e-09, 4.56630644408e-09, 2.41290942782e-09, 1.61154378731e-09, 1.08394226928e-09, 3.65259017476e-10, 1.79521272847e