{"tonal": {"thpcp": [1, 0.750837624073, 0.253403067589, 0.137347131968, 0.144549757242, 0.407430708408, 0.624985277653, 0.403896987438, 0.368182986975, 0.492550045252, 0.307375997305, 0.165245726705, 0.168531298637, 0.219056874514, 0.503718197346, 0.673156321049, 0.419727444649, 0.241418242455, 0.229223459959, 0.237539887428, 0.392609864473, 0.495630800724, 0.389729261398, 0.304708123207, 0.278855621815, 0.225463032722, 0.225691616535, 0.260339677334, 0.305401682854, 0.70047712326, 0.90754365921, 0.448656946421, 0.134627297521, 0.119587294757, 0.156153872609, 0.526969969273], "hpcp": {"dmean2": [0.230239570141, 0.175874814391, 0.101823166013, 0.094607539475, 0.112201742828, 0.185659796, 0.215891331434, 0.213572815061, 0.161503463984, 0.107470467687, 0.102957978845, 0.158650591969, 0.193677648902, 0.159866586328, 0.142989426851, 0.140317767859, 0.132780909538, 0.121390901506, 0.12457177043, 0.150348052382, 0.205646052957, 0.211740538478, 0.192143261433, 0.173413366079, 0.174807205796, 0.189052924514, 0.206434637308, 0.214582666755, 0.214765369892, 0.215839132667, 0.186581283808, 0.148066431284, 0.153557896614, 0.161945804954, 0.183366924524, 0.21950173378], "median": [0.139711022377, 0.0681682676077, 0.00783143006265, 0.0053210449405, 0.00811667181551, 0.0722271203995, 0.132458269596, 0.0730075836182, 0.00961211044341, 0.00230308342725, 0.00417538359761, 0.0433335155249, 0.0721513330936, 0.0416342690587, 0.0235563330352, 0.0222136713564, 0.0152893541381, 0.00765610346571, 0.00640780571848, 0.0109606590122, 0.0587141290307, 0.0899977087975, 0.047957547009, 0.0090434346348, 0.00675922678784, 0.00674180407077, 0.0233904886991, 0.0401041321456, 0.0291511230171, 0.00955154653639, 0.00488120503724, 0.00330380443484, 0.00926701352, 0.0137318391353, 0.0241595283151, 0.0969921648502], "min": [0, 0, 0, 0, 0, 0, 0, 0, 0, 0, 0, 0, 0, 0, 0, 0, 0, 0, 0, 0, 0, 0, 0, 0, 0, 0, 0, 0, 0, 0, 0, 0, 0, 0, 0, 0], "dvar2": [0.0960642695427, 0.0790077373385, 0.0534605495632, 0.0576683320105, 0.055649086833, 0.0773686692119, 0.0965129211545, 0.0994878709316, 0.0867915675044, 0.0697466209531, 0.0594948455691, 0.069352671504, 0.0858033150434, 0.0723272040486, 0.0714312791824, 0.0743477120996, 0.0703085586429, 0.0760832950473, 0.078397013247, 0.0926996022463, 0.103687174618, 0.0973138138652, 0.100803084671, 0.107714101672, 0.114859163761, 0.131851613522, 0.120298303664, 0.112937472761, 0.113957591355, 0.134266316891, 0.116449005902, 0.0925064086914, 0.0987538248301, 0.0953610688448, 0.0972885340452, 0.0991931557655], "dvar": [0.0400549061596, 0.0282695181668, 0.0187535025179, 0.0203383546323, 0.0198958870023, 0.0289059001952, 0.0405841842294, 0.0383234098554, 0.0311199333519, 0.025946456939, 0.022666759789, 0.0265813786536, 0.0346096865833, 0.0268816538155, 0.0267230998725, 0.0290423389524, 0.0261447504163, 0.0273697469383, 0.0281541440636, 0.0331022255123, 0.0387396328151, 0.0397195182741, 0.0363922603428, 0.0390092767775, 0.042199909687, 0.0484336204827, 0.0454306229949, 0.044473964721, 0.0430361926556, 0.0486365258694, 0.0429020188749, 0.0344825610518, 0.0337960235775, 0.0340329967439, 0.0356003046036, 0.0382049418986], "dmean": [0.138346940279, 0.102702215314, 0.0555628798902, 0.0511382557452, 0.0620650984347, 0.109757944942, 0.128712132573, 0.12357159704, 0.0898803323507, 0.0590662956238, 0.0573190078139, 0.0928040593863, 0.113471068442, 0.0936518833041, 0.0838126912713, 0.081317551434, 0.075785189867, 0.0666854381561, 0.0680984035134, 0.0830999985337, 0.118778958917, 0.126638710499, 0.110981449485, 0.0958150476217, 0.0956790447235, 0.10327629745, 0.117182530463, 0.124315068126, 0.12268704921, 0.12004802376, 0.103211835027, 0.0814423933625, 0.0843899473548, 0.0910128355026, 0.103965558112, 0.12838190794], "max": [1, 1, 1, 1, 1, 1, 1, 1, 1, 1, 1, 1, 1, 1, 1, 1, 1, 1, 1, 1, 1, 1, 1, 1, 1, 1, 1, 1, 1, 1, 1, 1, 1, 1, 1, 1], "var": [0.111812889576, 0.0369105264544, 0.0136048272252, 0.013712303713, 0.0158380307257, 0.0519462414086, 0.140892654657, 0.105724826455, 0.02976276353, 0.0217934977263, 0.0200877618045, 0.0442794337869, 0.0830027535558, 0.0423454940319, 0.0470294989645, 0.0840142071247, 0.0369751565158, 0.0209255833179, 0.0216582957655, 0.0282760094851, 0.0598265379667, 0.0856764987111, 0.0464613698423, 0.0336904078722, 0.0330748222768, 0.0382631272078, 0.0549031980336, 0.0698483288288, 0.0512454099953, 0.0450556240976, 0.0464193969965, 0.0384844876826, 0.0305088497698, 0.0326185598969, 0.0353307984769, 0.0812049508095], "mean": [0.298363506794, 0.147500187159, 0.0442599877715, 0.0393154472113, 0.0513370558619, 0.173246338964, 0.328759402037, 0.246844932437, 0.0833086445928, 0.0451541617513, 0.0475220941007, 0.133946672082, 0.205469787121, 0.132784932852, 0.121043622494, 0.161930456758, 0.101052753627, 0.0543260872364, 0.0554062500596, 0.0720170065761, 0.165602087975, 0.221306473017, 0.137989342213, 0.0793685168028, 0.0753593668342, 0.0780934691429, 0.129074186087, 0.162943288684, 0.128127157688, 0.100175656378, 0.0916764065623, 0.0741230919957, 0.0741982385516, 0.0855891183019, 0.100403673947, 0.230288431048]}, "tuning_equal_tempered_deviation": 0.0232190042734, "chords_changes_rate": 0.0470249503851, "key_key": "A", "tuning_diatonic_strength": 0.614955186844, "key_scale": "major", "chords_number_rate": 0.00191938574426, "tuning_frequency": 440.254241943, "tuning_nontempered_energy_ratio": 0.647663593292, "chords_histogram": [45.7197685242, 3.70441460609, 4.58733224869, 0.806142032146, 2.51439547539, 0, 0.556621909142, 0.364683300257, 0, 0.307101726532, 0.690978884697, 0.0959692895412, 0.249520152807, 0, 0, 0.690978884697, 0, 1.49712097645, 0, 2.47600769997, 1.19001924992, 12.9558544159, 13.8579654694, 7.73512458801], "key_strength": 0.726534366608, "chords_key": "A", "chords_strength": {"dmean2": 0.00792010873556, "median": 0.514345526695, "min": -1, "dvar2": 0.000767526216805, "dvar": 0.000406628823839, "dmean": 0.00846548657864, "max": 0.798005342484, "var": 0.0244513303041, "mean": 0.499728769064}, "chords_scale": "major", "hpcp_entropy": {"dmean2": 0.829735279083, "median": 1.93170809746, "min": 0, "dvar2": 0.498423397541, "dvar": 0.186232462525, "dmean": 0.494798511267, "max": 4.12523126602, "var": 0.412807673216, "mean": 1.88511312008}}, "metadata": {"audio_properties": {"equal_loudness": 0, "codec": "mp3", "downmix": "mix", "sample_rate": 44100, "analysis_sample_rate": 44100, "bit_rate": 320035, "md5_encoded": "d250ce1337836498e42a8a2ecfc29fca", "length": 241.867752075, "replay_gain": -10.5481109619, "lossless": false}, "version": {"essentia_build_sha": "70f2e5ece6736b2c40cc944ad0e695b16b925413", "essentia": "2.1-beta2", "extractor": "music 1.0", "essentia_git_sha": "v2.1_beta2"}, "tags": {"musicbrainz_recordingid": ["1aacbb5c-e5ba-4b4f-92c0-4f7d2d37524c"], "file_name": "2205148.mp3"}}, "rhythm": {"bpm_histogram_first_peak_bpm": {"dmean2": 0, "median": 105, "min": 105, "dvar2": 0, "dvar": 0, "dmean": 0, "max": 105, "var": 0, "mean": 105}, "bpm": 104.987182617, "bpm_histogram_second_peak_spread": {"dmean2": 0, "median": 0.166666686535, "min": 0.166666686535, "dvar2": 0, "dvar": 0, "dmean": 0, "max": 0.166666686535, "var": 0, "mean": 0.166666686535}, "bpm_histogram_first_peak_weight": {"dmean2": 0, "median": 0.593380630016, "min": 0.593380630016, "dvar2": 0, "dvar": 0, "dmean": 0, "max": 0.593380630016, "var": 0, "mean": 0.593380630016}, "onset_rate": 3.41488456726, "beats_position": [0.592108845711, 1.20743763447, 1.82276642323, 2.43809509277, 3.04181408882, 3.63392281532, 4.20281171799, 4.78331041336, 5.36380958557, 5.93269824982, 6.5015873909, 7.07047605515, 7.63936471939, 8.20825386047, 8.76553249359, 9.33442115784, 9.91492080688, 10.4954195023, 11.0643081665, 11.6331968307, 12.2136955261, 12.7941951752, 13.3630838394, 13.9319725037, 14.512471199, 15.0929698944, 15.6618595123, 16.2307472229, 16.7996368408, 17.3569164276, 17.9258041382, 18.4946937561, 19.0635814667, 19.6440811157, 20.2129707336, 20.7818584442, 21.3623580933, 21.942855835, 22.5117454529, 23.0806350708, 23.6495227814, 24.2184123993, 24.7873020172, 25.3561897278, 25.9366893768, 26.5171871185, 27.0976867676, 27.6665763855, 28.2354640961, 28.7927436829, 29.3500213623, 29.9305210114, 30.5110206604, 31.079908371, 31.6371879578, 32.2060775757, 32.7749671936, 33.3554649353, 33.935962677, 34.5164604187, 35.0853500366, 35.6542396545, 36.211517334, 36.7804069519, 37.3609046936, 37.94140625, 38.5219039917, 39.0907936096, 39.6596832275, 40.216960907, 40.7742385864, 41.3315200806, 41.9120178223, 42.492515564, 43.0730133057, 43.6419029236, 44.2107925415, 44.7912902832, 45.3601799011, 45.929069519, 46.5095672607, 47.0784568787, 47.6473464966, 48.204624176, 48.7735137939, 49.3424034119, 49.9229011536, 50.5033988953, 51.0722885132, 51.6527900696, 52.2216758728, 52.8021774292, 53.3710632324, 53.9515647888, 54.5204544067, 55.0777320862, 55.6582298279, 56.2387275696, 56.8076171875, 57.3648986816, 57.9337844849, 58.5026741028, 59.0715637207, 59.6520614624, 60.2325630188, 60.801448822, 61.3703384399, 61.9392280579, 62.5081176758, 63.0770072937, 63.6458930969, 64.2031707764, 64.7836685181, 65.3641738892, 65.9446716309, 66.5135574341, 67.0824508667, 67.6513366699, 68.2202224731, 68.7891159058, 69.3696136475, 69.9384994507, 70.5073928833, 71.0762786865, 71.6451721191, 72.2140579224, 72.7829437256, 73.3518371582, 73.9091110229, 74.489616394, 75.0701141357, 75.638999939, 76.2078933716, 76.7883911133, 77.3572769165, 77.9261627197, 78.4950561523, 79.0639419556, 79.6444396973, 80.2249450684, 80.7938308716, 81.3627166748, 81.9316101074, 82.5004959106, 83.0809936523, 83.649887085, 84.2187728882, 84.7876663208, 85.356552124, 85.9254379272, 86.4943313599, 87.0748291016, 87.6553268433, 88.235824585, 88.8047180176, 89.3619918823, 89.9308853149, 90.5113830566, 91.0802688599, 91.6491622925, 92.2180480957, 92.7869338989, 93.3558273315, 93.9247131348, 94.5052108765, 95.0741043091, 95.6429901123, 96.2118835449, 96.7807693481, 97.3612670898, 97.9417648315, 98.4990463257, 99.0795440674, 99.6484298706, 100.217323303, 100.797821045, 101.366706848, 101.935600281, 102.504486084, 103.073379517, 103.630653381, 104.199546814, 104.768432617, 105.325714111, 105.906211853, 106.486709595, 107.067207336, 107.647705078, 108.22820282, 108.797096252, 109.354377747, 109.92326355, 110.492149353, 111.072654724, 111.629928589, 112.198822021, 112.779319763, 113.348205566, 113.917098999, 114.485984802, 115.043266296, 115.6121521, 116.192649841, 116.761543274, 117.330429077, 117.910926819, 118.479812622, 119.048706055, 119.617591858, 120.1980896, 120.766983032, 121.347480774, 121.927978516, 122.508476257, 123.088973999, 123.646255493, 124.203536987, 124.760810852, 125.341316223, 125.921813965, 126.502311707, 127.07119751, 127.640090942, 128.208984375, 128.777862549, 129.346755981, 129.927261353, 130.507751465, 131.088256836, 131.65713501, 132.226028442, 132.794921875, 133.352203369, 133.921081543, 134.489974976, 135.070480347, 135.650970459, 136.219863892, 136.788757324, 137.357635498, 137.926528931, 138.507034302, 139.075912476, 139.644805908, 140.213699341, 140.782577515, 141.351470947, 141.92036438, 142.489242554, 143.058135986, 143.638641357, 144.21913147, 144.788024902, 145.368530273, 145.937408447, 146.50630188, 147.075195312, 147.644073486, 148.212966919, 148.79347229, 149.362350464, 149.931243896, 150.500137329, 151.069015503, 151.637908936, 152.218414307, 152.78729248, 153.356185913, 153.925079346, 154.493972778, 155.062850952, 155.631744385, 156.212234497, 156.78112793, 157.350021362, 157.918914795, 158.499404907, 159.06829834, 159.648788452, 160.217681885, 160.786575317, 161.35546875, 161.924346924, 162.504852295, 163.073745728, 163.65423584, 164.234741211, 164.803619385, 165.384124756, 165.953018188, 166.521896362, 167.079177856, 167.648071289, 168.216964722, 168.785842896, 169.354736328, 169.923629761, 170.492507935, 171.061401367, 171.6302948, 172.199172974, 172.779678345, 173.348571777, 173.917449951, 174.486343384, 175.066848755, 175.647338867, 176.2162323, 176.796737671, 177.365615845, 177.934509277, 178.491790771, 179.060684204, 179.629562378, 180.198455811, 180.767349243, 181.336227417, 181.916732788, 182.485626221, 183.066116333, 183.623397827, 184.19229126, 184.761169434, 185.341674805, 185.922180176, 186.49105835, 187.059951782, 187.628845215, 188.209335327, 188.77822876, 189.347122192, 189.916000366, 190.484893799, 191.053787231, 191.611068726, 192.179946899, 192.748840332, 193.317733765, 193.886611938, 194.46711731, 195.047622681, 195.628112793, 196.197006226, 196.765899658, 197.346389771, 197.926895142, 198.495773315, 199.064666748, 199.645172119, 200.214050293, 200.782943726, 201.351837158, 201.920715332, 202.501220703, 203.070114136, 203.63899231, 204.219497681, 204.788391113, 205.357269287, 205.92616272, 206.495056152, 207.063934326, 207.632827759, 208.201721191, 208.782211304, 209.351104736, 209.931610107, 210.51210022, 211.080993652, 211.649887085, 212.207168579, 212.776046753, 213.344940186, 213.925445557, 214.49432373, 215.063217163, 215.643707275, 216.224212646, 216.793106079, 217.361984253, 217.930877686, 218.499771118, 219.068664551, 219.637542725, 220.206436157, 220.786941528, 221.355819702, 221.936325073, 222.516815186, 223.085708618, 223.654602051, 224.211883545, 224.780761719, 225.349655151, 225.918548584, 226.487426758, 227.05632019, 227.625213623, 228.194107056, 228.762985229, 229.331878662, 229.900772095, 230.469650269, 231.038543701, 231.595825195, 232.176315308, 232.756820679, 233.348922729, 233.941040039, 234.53314209, 235.043991089, 235.554824829, 236.065658569, 236.553283691, 237.040908813, 237.528518677, 237.969696045, 238.410873413, 238.85206604, 239.293243408, 239.734420776, 240.22203064, 240.709655762, 241.185668945], "beats_loudness": {"dmean2": 0.0249584615231, "median": 0.0287943240255, "min": 0, "dvar2": 0.000598413986154, "dvar": 0.000205599455512, "dmean": 0.0146571984515, "max": 0.127557992935, "var": 0.000725644174963, "mean": 0.0336587205529}, "danceability": 1.0561504364, "bpm_histogram_second_peak_weight": {"dmean2": 0, "median": 0.0118203312159, "min": 0.0118203312159, "dvar2": 0, "dvar": 0, "dmean": 0, "max": 0.0118203312159, "var": 0, "mean": 0.0118203312159}, "beats_count": 424, "bpm_histogram_second_peak_bpm": {"dmean2": 0, "median": 123, "min": 123, "dvar2": 0, "dvar": 0, "dmean": 0, "max": 123, "var": 0, "mean": 123}, "bpm_histogram_first_peak_spread": {"dmean2": 0, "median": 0.38024687767, "min": 0.38024687767, "dvar2": 0, "dvar": 0, "dmean": 0, "max": 0.38024687767, "var": 0, "mean": 0.38024687767}, "beats_loudness_band_ratio": {"dmean2": [0.314236670732, 0.177199527621, 0.203991219401, 0.128170877695, 0.0490788370371, 0.0385721810162], "median": [0.61323261261, 0.109796971083, 0.11155924201, 0.0612911209464, 0.0144999139011, 0.0116037242115], "min": [0, 0, 0, 0, 0, 0], "dvar2": [0.0628158003092, 0.025566989556, 0.038277566433, 0.0208487845957, 0.00405212305486, 0.00649119401351], "dvar": [0.0233984123915, 0.00890894047916, 0.0146915288642, 0.00775294424966, 0.0014390302822, 0.00219578575343], "dmean": [0.186837986112, 0.101211898029, 0.115718498826, 0.0737586021423, 0.0278456956148, 0.020962016657], "max": [0.972708940506, 0.715340673923, 0.88282084465, 0.613617956638, 0.276679575443, 0.57321870327], "var": [0.0555389150977, 0.0132190240547, 0.0216323565692, 0.00989152118564, 0.00133906188421, 0.00132518925238], "mean": [0.581803202629, 0.141034290195, 0.155219882727, 0.0956789702177, 0.0281863640994, 0.0200006384403]}}, "lowlevel": {"barkbands_spread": {"dmean2": 5.46694469452, "median": 12.1815662384, "min": 0.492255955935, "dvar2": 61.7577629089, "dvar": 29.1214542389, "dmean": 3.52398204803, "max": 95.8750534058, "var": 98.5663299561, "mean": 14.1026077271}, "melbands_spread": {"dmean2": 5.88008832932, "median": 13.200958252, "min": 0.572821259499, "dvar2": 68.4033966064, "dvar": 32.2957229614, "dmean": 3.75438404083, "max": 165.793930054, "var": 244.999130249, "mean": 15.6788129807}, "hfc": {"dmean2": 4.63076019287, "median": 7.22250080109, "min": 1.08259876559e-16, "dvar2": 57.0112495422, "dvar": 27.6447811127, "dmean": 3.12556242943, "max": 163.165542603, "var": 245.010345459, "mean": 13.5421352386}, "barkbands_kurtosis": {"dmean2": 6.80169487, "median": 2.38085913658, "min": -1.87082540989, "dvar2": 270.711151123, "dvar": 102.606399536, "dmean": 4.20210075378, "max": 229.394363403, "var": 214.739654541, "mean": 7.21002054214}, "gfcc": {"mean": [-65.4983520508, 123.902839661, -92.4757537842, 10.4057378769, -45.9561424255, 15.7104234695, -29.4685153961, 14.2580280304, -23.2546749115, -4.06574201584, -12.8404102325, 1.36418604851, -14.1267633438], "icov": [[0.000148677499965, -0.000342772313161, 0.00027699736529, -0.000304300861899, 0.000192130624782, -0.000466220953967, 0.000388448970625, -0.000681103265379, 0.000449876097264, -0.000678392010741, 0.000746616511606, -0.000505552161485, 0.000447432335932], [-0.000342772313161, 0.00219644210301, -0.00038230404607, 0.00148966745473, -0.00113047950435, 0.00130596978124, -0.00140153616667, 0.00184659776278, -0.00182156916708, 0.00277533940971, -0.00270658242516, 0.00174781715032, -0.00148387625813], [0.00027699736529, -0.00038230404607, 0.00170417828485, -0.000519473978784, 0.000308095186483, -0.00132367364131, 0.000445711455541, -0.000833739060909, 0.000518590037245, -0.00165994698182, 0.00161095079966, -0.00175734632649, 0.0011508394964], [-0.000304300861899, 0.00148966745473, -0.000519473978784, 0.00352629134431, -0.000972348789219, 0.000991842127405, -0.000236954481807, 0.000907606561668, -0.000389241002267, 0.00224401662126, -0.00280237500556, 0.00177677394822, -0.00173518899828], [0.000192130624782, -0.00113047950435, 0.000308095186483, -0.000972348789219, 0.00475562270731, -0.000834788137581, -0.000504139286932, -0.000727873761207, -0.000762334675528, -0.00093539536465, 0.000698486866895, -0.00148477614857, 0.000460794486571], [-0.000466220953967, 0.00130596978124, -0.00132367364131, 0.000991842127405, -0.000834788137581, 0.0058272080496, -0.00232514180243, 0.00165329966694, -0.000340486411005, 0.00164549262263, -0.00185491796583, 0.00122367101721, -0.00185617629904], [0.000388448970625, -0.00140153616667, 0.000445711455541, -0.000236954481807, -0.000504139286932, -0.00232514180243, 0.00727841444314, -0.00316638918594, 0.00139362923801, -0.00143072474748, 2.25641797442e-05, -0.000438621995272, 0.00137094804086], [-0.000681103265379, 0.00184659776278, -0.000833739060909, 0.000907606561668, -0.000727873761207, 0.00165329966694, -0.00316638918594, 0.0112360334024, -0.00408673286438, 0.000805619813036, -0.00263579655439, 0.00130472658202, -0.00182098301593], [0.000449876097264, -0.00182156916708, 0.000518590037245, -0.000389241002267, -0.000762334675528, -0.000340486411005, 0.00139362923801, -0.00408673286438, 0.0101252589375, -0.00525030912831, 0.00320708588697, -0.000563023379073, -0.000174092579982], [-0.000678392010741, 0.00277533940971, -0.00165994698182, 0.00224401662126, -0.00093539536465, 0.00164549262263, -0.00143072474748, 0.000805619813036, -0.00525030912831, 0.0144441602752, -0.00564318662509, 0.0033782417886, -0.00278747361153], [0.000746616511606, -0.00270658242516, 0.00161095079966, -0.00280237500556, 0.000698486866895, -0.00185491796583, 2.25641797442e-05, -0.00263579655439, 0.00320708588697, -0.00564318662509, 0.0161846615374, -0.00651719048619, 0.00279455701821], [-0.000505552161485, 0.00174781715032, -0.00175734632649, 0.00177677394822, -0.00148477614857, 0.00122367101721, -0.000438621995272, 0.00130472658202, -0.000563023379073, 0.0033782417886, -0.00651719048619, 0.0157291963696, -0.00661966949701], [0.000447432335932, -0.00148387625813, 0.0011508394964, -0.00173518899828, 0.000460794486571, -0.00185617629904, 0.00137094804086, -0.00182098301593, -0.000174092579982, -0.00278747361153, 0.00279455701821, -0.00661966949701, 0.0154838915914]], "cov": [[22668.4511719, 456.086730957, -1678.76477051, 496.860992432, -335.747070312, 588.986755371, -405.883880615, 709.343688965, -221.395980835, 297.497619629, -340.671722412, 28.9730014801, -105.98249054], [456.086730957, 1361.24572754, -295.449951172, -300.351623535, 236.701446533, -100.943832397, 164.815567017, -36.0913696289, 131.047897339, -90.7266769409, 82.5103530884, -28.7866611481, 25.5338573456], [-1678.76477051, -295.449951172, 1037.91955566, 12.9603881836, -2.5263774395, 142.400314331, 29.5368919373, -0.783129155636, 10.1593427658, 66.6595993042, -9.31729412079, 65.4288024902, 0.712500989437], [496.860992432, -300.351623535, 12.9603881836, 458.35345459, -13.9679059982, 12.5948781967, -55.9196929932, 9.55184173584, -58.7214698792, -10.9776115417, 17.0529327393, 6.95750427246, 12.5206136703], [-335.747070312, 236.701446533, -2.5263774395, -13.9679059982, 299.686859131, 8.40687656403, 78.408782959, 15.9185972214, 68.0589752197, 4.23670721054, 34.830657959, 17.3711624146, 20.6955299377], [588.986755371, -100.943832397, 142.400314331, 12.5948781967, 8.40687656403, 275.788543701, 48.2629013062, 22.9004116058, -26.080997467, 20.5991783142, -1.84755277634, 20.6352977753, 7.93530797958], [-405.883880615, 164.815567017, 29.5368919373, -55.9196929932, 78.408782959, 48.2629013062, 217.668762207, 32.11302948, 25.0998706818, 4.54089784622, 37.6812744141, 1.70731210709, 2.04687356949], [709.343688965, -36.0913696289, -0.783129155636, 9.55184173584, 15.9185972214, 22.9004116058, 32.11302948, 158.930480957, 50.3688278198, 49.3676490784, -0.386418908834, 7.49032735825, 8.01715183258], [-221.395980835, 131.047897339, 10.1593427658, -58.7214698792, 68.0589752197, -26.080997467, 25.0998706818, 50.3688278198, 176.932250977, 51.215385437, 0.541584014893, -5.38964891434, 18.9774608612], [297.497619629, -90.7266769409, 66.6595993042, -10.9776115417, 4.23670721054, 20.5991783142, 4.54089784622, 49.3676490784, 51.215385437, 127.773124695, 7.40498781204, 4.09687423706, 8.26423740387], [-340.671722412, 82.5103530884, -9.31729412079, 17.0529327393, 34.830657959, -1.84755277634, 37.6812744141, -0.386418908834, 0.541584014893, 7.40498781204, 105.241836548, 27.6161327362, 9.86666870117], [28.9730014801, -28.7866611481, 65.4288024902, 6.95750427246, 17.3711624146, 20.6352977753, 1.70731210709, 7.49032735825, -5.38964891434, 4.09687423706, 27.6161327362, 97.7303924561, 32.4816436768], [-105.98249054, 25.5338573456, 0.712500989437, 12.5206136703, 20.6955299377, 7.93530797958, 2.04687356949, 8.01715183258, 18.9774608612, 8.26423740387, 9.86666870117, 32.4816436768, 86.3468704224]]}, "spectral_energyband_middle_low": {"dmean2": 0.0072612403892, "median": 0.00672034639865, "min": 1.59213436229e-22, "dvar2": 0.000218961868086, "dvar": 8.48248018883e-05, "dmean": 0.00446974951774, "max": 0.171863183379, "var": 0.000190241029486, "mean": 0.0116434851661}, "melbands_crest": {"dmean2": 5.09818649292, "median": 14.7688350677, "min": 1.65766763687, "dvar2": 22.8409938812, "dvar": 8.41095256805, "dmean": 3.0434513092, "max": 33.8709640503, "var": 30.0419197083, "mean": 15.2305459976}, "spectral_kurtosis": {"dmean2": 5.20577859879, "median": 8.9675617218, "min": -1.26271319389, "dvar2": 38.0811386108, "dvar": 17.3512172699, "dmean": 3.50789189339, "max": 75.8134918213, "var": 70.8067932129, "mean": 10.9412193298}, "spectral_rms": {"dmean2": 0.00128933996893, "median": 0.00456214696169, "min": 3.09508777115e-12, "dvar2": 4.45812793259e-06, "dvar": 1.75898662746e-06, "dmean": 0.000799537578132, "max": 0.0154038304463, "var": 6.92224784871e-06, "mean": 0.00462475977838}, "zerocrossingrate": {"dmean2": 0.00827134214342, "median": 0.03173828125, "min": 0.00244140625, "dvar2": 0.000107480256702, "dvar": 8.7362685008e-05, "dmean": 0.00668730167672, "max": 0.5244140625, "var": 0.00264620850794, "mean": 0.0402368046343}, "silence_rate_60dB": {"dmean2": 0.0303379409015, "median": 0, "min": 0, "dvar2": 0.0338298268616, "dvar": 0.0149364154786, "dmean": 0.0151675147936, "max": 1, "var": 0.147748589516, "mean": 0.180264919996}, "erbbands_kurtosis": {"dmean2": 1.68971896172, "median": 0.782985210419, "min": -1.81845343113, "dvar2": 7.2045416832, "dvar": 3.14158272743, "dmean": 1.08114004135, "max": 93.6425857544, "var": 24.0896854401, "mean": 1.7204477787}, "erbbands": {"dmean2": [0.179886817932, 2.26835536957, 6.92803287506, 8.07276821136, 14.2715425491, 9.56898593903, 9.7658700943, 8.00396537781, 9.04923343658, 18.0356063843, 27.5471000671, 26.2783069611, 15.5568284988, 22.8804111481, 20.582490921, 20.8984737396, 16.5476512909, 9.72787094116, 9.6053981781, 9.32588195801, 7.3149228096, 8.47882938385, 4.87765359879, 2.54879999161, 4.75974559784, 2.28591036797, 1.13900709152, 1.19889461994, 0.961326956749, 0.902728974819, 0.706297814846, 0.685569286346, 0.742721498013, 0.660455942154, 0.314678430557, 0.116871632636, 0.0309905502945, 0.00506236124784, 0.000500843161717, 3.53394389094e-05], "median": [0.0810792967677, 1.18180918694, 2.12422800064, 2.65168428421, 2.72740578651, 3.19370555878, 4.48650074005, 3.34235095978, 5.41317653656, 9.0856590271, 11.9135704041, 10.141784668, 7.48379516602, 11.9470157623, 8.17280673981, 7.69606208801, 5.50372028351, 1.98105335236, 2.01267814636, 1.74696242809, 1.43362486362, 2.17598795891, 1.41643738747, 1.00953650475, 0.638694643974, 0.356835275888, 0.229460164905, 0.171509891748, 0.175804972649, 0.156903356314, 0.118722170591, 0.10417458415, 0.0737934410572, 0.0501542165875, 0.0333742797375, 0.0136487269774, 0.00372594082728, 0.000691728317179, 6.87428400852e-05, 2.92375807476e-05], "min": [7.48132458447e-23, 4.90671180125e-22, 1.29147602005e-21, 7.18524057525e-21, 6.45653242189e-21, 1.08212357423e-20, 5.2161350268e-20, 4.48483627947e-20, 6.36468112345e-20, 2.14531812182e-19, 2.28484552582e-19, 3.19935986745e-19, 5.45180886458e-19, 6.67674082565e-19, 6.95342084982e-19, 1.20317245806e-18, 1.17926218207e-18, 1.89047993096e-18, 2.3664237322e-18, 3.03651178628e-18, 3.46291574063e-18, 3.43815512297e-18, 3.90825013689e-18, 6.0478450219e-18, 5.87150914046e-18, 9.76552887568e-18, 1.03390570349e-17, 9.08060513051e-18, 8.30483379303e-18, 1.13041311371e-17, 1.07602251428e-17, 1.12519228056e-17, 8.65104527533e-18, 8.23657733042e-18, 6.1729838001e-18, 3.86512424847e-18, 2.40482641931e-18, 1.00586599713e-18, 2.62413717701e-19, 2.61742305538e-20], "dvar2": [0.31192034483, 38.4458236694, 266.148345947, 311.866882324, 1704.92736816, 375.261047363, 441.361846924, 412.549591064, 448.00894165, 2155.67944336, 5278.21630859, 5463.11572266, 1890.09106445, 3802.96118164, 2521.28369141, 3765.71264648, 2135.01904297, 1132.8737793, 884.589294434, 846.511108398, 645.443054199, 482.092498779, 181.29019165, 36.8110961914, 175.880569458, 61.2124214172, 20.6279964447, 22.3720588684, 11.9583778381, 10.7578763962, 6.62221956253, 4.83780193329, 6.74587249756, 11.2912521362, 2.37700104713, 0.180730953813, 0.0100145172328, 0.000268891744781, 2.86906470137e-06, 6.92395296653e-09], "dvar": [0.113977521658, 13.5838623047, 94.9921798706, 113.700515747, 635.161743164, 146.463180542, 176.147674561, 167.553787231, 187.804046631, 1012.05950928, 2096.02636719, 2204.98071289, 808.890563965, 1644.22399902, 1140.53125, 1556.71618652, 1011.10522461, 520.69140625, 411.232849121, 362.411743164, 312.469268799, 239.325378418, 88.1880569458, 17.8090877533, 95.4372787476, 28.3407859802, 9.75062084198, 11.9523029327, 6.25397777557, 5.0312037468, 3.09645414352, 2.23656082153, 3.37110900879, 6.02150154114, 1.27607989311, 0.0901800990105, 0.00465971929953, 0.000117947936815, 1.19405456189e-06, 2.96072633077e-09], "dmean": [0.104626506567, 1.29322814941, 3.92176890373, 4.62030410767, 8.29420948029, 5.71751260757, 6.04996204376, 5.00481939316, 5.68270921707, 12.2107849121, 18.1699256897, 17.639377594, 10.2047920227, 15.3680915833, 13.5885629654, 13.5572557449, 11.0409612656, 6.50439119339, 6.44610595703, 6.24280691147, 4.93314409256, 5.82427453995, 3.3543651104, 1.72688496113, 3.41699576378, 1.58689677715, 0.769282221794, 0.834193348885, 0.673972189426, 0.613726317883, 0.473874717951, 0.464868873358, 0.500603377819, 0.452810764313, 0.220169305801, 0.0809060484171, 0.0213736128062, 0.00345878861845, 0.000333752541337, 2.30664645642e-05], "max": [4.18849277496, 39.6444778442, 146.85269165, 152.6456604, 473.542572021, 288.439605713, 264.12286377, 423.570404053, 540.25604248, 812.956176758, 1013.91705322, 1091.38623047, 817.898254395, 1908.92285156, 1076.74182129, 1406.57946777, 872.149902344, 917.403015137, 617.606323242, 556.155883789, 608.69329834, 466.98538208, 265.129364014, 103.219299316, 283.564697266, 217.560287476, 131.475418091, 99.7487716675, 73.2070465088, 68.3180618286, 47.7170562744, 60.569229126, 62.3108520508, 99.6470489502, 81.5492553711, 13.6885576248, 1.76130282879, 0.325655996799, 0.0233088862151, 0.00105350953527], "var": [0.117670036852, 10.7552433014, 94.1597976685, 96.5606079102, 546.359008789, 308.229492188, 457.356445312, 447.109039307, 620.851989746, 5043.73486328, 9585.15136719, 6999.63525391, 2445.19873047, 5310.4609375, 3895.51269531, 5483.91894531, 3407.53344727, 1164.2520752, 1055.39794922, 1339.83349609, 939.47253418, 1048.54968262, 342.398040771, 70.7956237793, 377.385223389, 82.2010040283, 24.9853439331, 30.4576244354, 16.6916122437, 11.8580503464, 7.10822486877, 4.38900947571, 7.82432603836, 15.0023937225, 3.13957166672, 0.225685790181, 0.00786398723722, 0.000155477056978, 1.2610628346e-06, 4.41191261302e-09], "mean": [0.206584587693, 1.98925256729, 5.16508626938, 5.66453456879, 9.37772941589, 9.31233406067, 11.9061040878, 10.3799009323, 12.6694974899, 33.203868866, 48.0842399597, 40.9221572876, 24.4090614319, 38.3950309753, 30.6425094604, 32.0965919495, 24.7479572296, 12.7399168015, 13.1644687653, 14.3068981171, 12.0417423248, 14.8804397583, 8.38558292389, 4.41799545288, 8.17523288727, 3.35076713562, 1.43987178802, 1.46878540516, 1.25516045094, 1.10608184338, 0.735213398933, 0.635680258274, 0.69047087431, 0.664970815182, 0.321453422308, 0.114361934364, 0.0274793542922, 0.00440507289022, 0.000412303226767, 4.90022794111e-05]}, "spectral_strongpeak": {"dmean2": 0.626965403557, "median": 0.343148738146, "min": 0, "dvar2": 1.28382611275, "dvar": 0.472506195307, "dmean": 0.356348395348, "max": 8.59697341919, "var": 0.893356442451, "mean": 0.702871859074}, "spectral_energy": {"dmean2": 0.0180856473744, "median": 0.0213335175067, "min": 9.81905715483e-21, "dvar2": 0.00143131101504, "dvar": 0.000532410864253, "dmean": 0.010831259191, "max": 0.243209928274, "var": 0.000880176958162, "mean": 0.0290183965117}, "average_loudness": 0.689793884754, "spectral_rolloff": {"dmean2": 402.431976318, "median": 667.529296875, "min": 64.599609375, "dvar2": 793820.625, "dvar": 355274.78125, "dmean": 238.015548706, "max": 19573.6816406, "var": 3764231.75, "mean": 1002.06347656}, "spectral_centroid": {"dmean2": 220.460876465, "median": 715.096801758, "min": 160.293533325, "dvar2": 94529.078125, "dvar": 53941.5664062, "dmean": 144.508911133, "max": 11480.9326172, "var": 1133727.375, "mean": 903.691955566}, "pitch_salience": {"dmean2": 0.106073066592, "median": 0.491241574287, "min": 0.107786782086, "dvar2": 0.0102235665545, "dvar": 0.00373744685203, "dmean": 0.0635862872005, "max": 0.853991568089, "var": 0.0123142693192, "mean": 0.489933133125}, "spectral_energyband_middle_high": {"dmean2": 0.00158050481696, "median": 0.00175293302163, "min": 1.16262103117e-21, "dvar2": 1.11467161332e-05, "dvar": 4.8103734116e-06, "dmean": 0.00107338803355, "max": 0.0651381388307, "var": 4.09116619267e-05, "mean": 0.004381950479}, "spectral_contrast_coeffs": {"dmean2": [0.0822830423713, 0.0591705776751, 0.0518409088254, 0.0433903969824, 0.033474855125, 0.0252519827336], "median": [-0.669914841652, -0.708329916, -0.721880078316, -0.753464221954, -0.764131784439, -0.812026619911], "min": [-0.981901407242, -0.974908828735, -0.977441906929, -0.97195482254, -0.966846823692, -0.964445054531], "dvar2": [0.00483876653016, 0.00266462843865, 0.00199332460761, 0.00129122508224, 0.000844087626319, 0.000530415098183], "dvar": [0.00180387753062, 0.00101602228824, 0.000790774065536, 0.000556481827516, 0.000441753567429, 0.00030188341043], "dmean": [0.0489283688366, 0.0366671197116, 0.0323958769441, 0.0275324694812, 0.022988576442, 0.017732553184], "max": [-0.337361544371, -0.451272666454, -0.505656063557, -0.55019056797, -0.528379738331, -0.643131375313], "var": [0.00698491139337, 0.00553642213345, 0.00437135715038, 0.00406760210171, 0.00434874230996, 0.00199873303063], "mean": [-0.663263440132, -0.706329643726, -0.723274290562, -0.752340435982, -0.75993424654, -0.810567677021]}, "melbands_skewness": {"dmean2": 1.10758411884, "median": 2.13560342789, "min": -1.42771697044, "dvar2": 1.88247907162, "dvar": 0.801983475685, "dmean": 0.715406537056, "max": 25.246471405, "var": 3.23770880699, "mean": 2.51096796989}, "spectral_spread": {"dmean2": 1010312.9375, "median": 3374868.25, "min": 923247.5, "dvar2": 1937804230660.0, "dvar": 1264142778370.0, "dmean": 813498.5625, "max": 42904692, "var": 15725985005600.0, "mean": 4349872}, "dissonance": {"dmean2": 0.0430036522448, "median": 0.447928786278, "min": 0.185657426715, "dvar2": 0.00165543926414, "dvar": 0.000602576532401, "dmean": 0.0256540607661, "max": 0.499893575907, "var": 0.00152371975128, "mean": 0.44044482708}, "spectral_skewness": {"dmean2": 0.498193502426, "median": 2.3961417675, "min": -0.0888084694743, "dvar2": 0.244202122092, "dvar": 0.126834586263, "dmean": 0.342646211386, "max": 6.85584068298, "var": 0.809536933899, "mean": 2.49559140205}, "spectral_flux": {"dmean2": 0.0390170998871, "median": 0.052199985832, "min": 6.39919575662e-11, "dvar2": 0.00349683919922, "dvar": 0.00169051252306, "dmean": 0.0246068760753, "max": 0.446006655693, "var": 0.0038224090822, "mean": 0.069807395339}, "spectral_contrast_valleys": {"dmean2": [0.642679810524, 0.490706533194, 0.437848955393, 0.407858192921, 0.370300799608, 0.473675012589], "median": [-6.90845108032, -6.98467445374, -7.65117454529, -8.60042190552, -8.85513114929, -10.9757709503], "min": [-28.1134567261, -27.9231338501, -28.0124454498, -27.7089614868, -27.4845142365, -27.448682785], "dvar2": [0.29871815443, 0.201782152057, 0.159994617105, 0.152721583843, 0.159799009562, 0.280731141567], "dvar": [0.136836603284, 0.0882429108024, 0.0760935395956, 0.0821679309011, 0.110910132527, 0.239918917418], "dmean": [0.389880746603, 0.300240725279, 0.274802863598, 0.269325792789, 0.281188130379, 0.430404722691], "max": [-5.05439090729, -4.71778106689, -4.8898229599, -6.33037281036, -6.34428548813, -7.66263914108], "var": [4.99778795242, 4.9383764267, 4.77503871918, 4.46955728531, 4.53382396698, 4.21112203598], "mean": [-7.34917783737, -7.28837537766, -7.92461061478, -8.88517379761, -9.16435050964, -11.2748851776]}, "erbbands_flatness_db": {"dmean2": 0.0237370580435, "median": 0.178558960557, "min": 0.0242031868547, "dvar2": 0.000518534798175, "dvar": 0.00034373960807, "dmean": 0.0188556835055, "max": 0.378466129303, "var": 0.00228447816335, "mean": 0.17735157907}, "spectral_energyband_high": {"dmean2": 0.000170948682353, "median": 3.7685938878e-05, "min": 6.94897792058e-21, "dvar2": 2.88101347223e-07, "dvar": 1.74680778287e-07, "dmean": 0.000124652753584, "max": 0.0136884795502, "var": 5.87936483498e-07, "mean": 0.000229899174883}, "spectral_entropy": {"dmean2": 0.267433553934, "median": 6.9699048996, "min": 5.17486810684, "dvar2": 0.0859044864774, "dvar": 0.0482967719436, "dmean": 0.193474799395, "max": 9.82467651367, "var": 0.319646179676, "mean": 6.99499511719}, "silence_rate_20dB": {"dmean2": 0, "median": 1, "min": 1, "dvar2": 0, "dvar": 0, "dmean": 0, "max": 1, "var": 0, "mean": 1}, "melbands_flatness_db": {"dmean2": 0.0405325368047, "median": 0.267993807793, "min": 0.00368139985949, "dvar2": 0.00179688434582, "dvar": 0.000796158390585, "dmean": 0.0267978385091, "max": 0.544962286949, "var": 0.00619249790907, "mean": 0.274447351694}, "barkbands": {"dmean2": [0.00019791390514, 0.00875548459589, 0.00600340077654, 0.00331713352352, 0.00335718179122, 0.00102880736813, 0.000809786899481, 0.00130301073659, 0.00107191980351, 0.000769125414081, 0.000359423283953, 0.000737235939596, 0.000365147949196, 0.000219796231249, 0.000196278415387, 0.000129425883642, 0.000168680868228, 8.51715376484e-05, 8.12263970147e-05, 5.81172862439e-05, 2.97509868687e-05, 2.87963684968e-05, 2.37887834373e-05, 3.85829152947e-05, 5.00890528201e-05, 1.97111712623e-05, 2.85650003207e-06], "median": [2.39358323597e-05, 0.00512475334108, 0.00163384503685, 0.000523414229974, 0.00107659911737, 0.00046293286141, 0.000435051915701, 0.00035503070103, 0.00040426524356, 0.000286039576167, 6.713870971e-05, 0.000222476344788, 0.000105308245111, 2.93419761874e-05, 3.38899990311e-05, 2.59530861513e-05, 4.29599640484e-05, 1.99710702873e-05, 1.21011416923e-05, 6.78307060298e-06, 5.25778341398e-06, 4.95708491144e-06, 4.37042399426e-06, 4.78434640172e-06, 4.79370191897e-06, 2.49150707532e-06, 3.1323511962e-07], "min": [2.20112875504e-25, 1.46773892164e-24, 4.39472684665e-25, 1.65778527587e-24, 7.30292400629e-24, 6.62870825643e-24, 9.57253126202e-24, 5.76053330364e-24, 1.66033747755e-23, 1.13044572356e-23, 1.3506231131e-23, 2.17866973715e-23, 2.16617702031e-23, 2.98548606321e-23, 4.66187954231e-23, 5.27129731079e-23, 4.92469517932e-23, 5.03824602682e-23, 1.36734888911e-22, 1.73116598502e-22, 2.48929261693e-22, 2.59580196578e-22, 3.67380298575e-22, 5.85887827345e-22, 9.25277346762e-22, 1.28769039648e-21, 1.88294620582e-21], "dvar2": [3.65022884807e-07, 0.000604891043622, 0.000203248375328, 7.35534849809e-05, 5.21080546605e-05, 5.46892943021e-06, 3.44803402186e-06, 1.11836507131e-05, 8.18363878352e-06, 4.44648730991e-06, 1.15015177471e-06, 4.36722712038e-06, 1.02894409792e-06, 6.33477213796e-07, 2.98458502357e-07, 2.03788104614e-07, 1.83908426266e-07, 6.52521094935e-08, 4.77637733809e-08, 3.31173559687e-08, 1.30733113224e-08, 1.05256674487e-08, 7.11021863609e-09, 1.52324108882e-08, 5.92209019601e-08, 4.44311964998e-09, 9.35841334981e-11], "dvar": [1.73101199152e-07, 0.000216127664316, 7.22207332728e-05, 2.71746976068e-05, 2.00286431209e-05, 2.26950101023e-06, 1.57087015396e-06, 4.62385332867e-06, 3.26806980411e-06, 1.87070168067e-06, 5.78611377478e-07, 1.75863272034e-06, 4.89924559588e-07, 2.86346505618e-07, 1.35400185286e-07, 1.01101463201e-07, 8.37698053147e-08, 3.07780183562e-08, 2.47050753188e-08, 1.53870907127e-08, 6.73610012214e-09, 5.43075762138e-09, 3.33384986284e-09, 7.43833084016e-09, 3.3264040411e-08, 2.12412953893e-09, 3.90195098454e-11], "dmean": [0.000133054869366, 0.00500270491466, 0.00338475313038, 0.00191461294889, 0.00199812022038, 0.000644245243166, 0.000529789889697, 0.000861956214067, 0.000716856506187, 0.000510689686053, 0.000243543690885, 0.000471760402434, 0.000243359492742, 0.000145900354255, 0.000129361957079, 8.77026031958e-05, 0.0001116409112, 5.77192695346e-05, 5.70772572246e-05, 3.95714378101e-05, 2.03443833016e-05, 2.01075563382e-05, 1.609640276e-05, 2.61663826677e-05, 3.51854796463e-05, 1.36780045068e-05, 1.90121215837e-06], "max": [0.00734421331435, 0.161658063531, 0.133158177137, 0.0769921243191, 0.0973828658462, 0.0477176345885, 0.0395488552749, 0.0587242543697, 0.0420233011246, 0.0498320758343, 0.0323458872736, 0.0507423952222, 0.0224150829017, 0.0155027853325, 0.0101233571768, 0.0115640442818, 0.00709896162152, 0.00445889960974, 0.00438544806093, 0.00320450332947, 0.00230726087466, 0.00208105240017, 0.00167555385269, 0.00355646153912, 0.0105711976066, 0.00144858506974, 0.000138103801874], "var": [2.69370246997e-07, 0.000177954687388, 6.77104108036e-05, 2.32088168559e-05, 2.81020129478e-05, 6.16749593974e-06, 5.35279241376e-06, 2.75824877463e-05, 1.07582372948e-05, 6.01092369834e-06, 2.16526200347e-06, 4.64697677671e-06, 1.61062951065e-06, 5.95039693962e-07, 4.54997291399e-07, 2.47988083402e-07, 3.10064365294e-07, 9.06763659714e-08, 9.51672376459e-08, 4.02984490222e-08, 1.67091958048e-08, 1.48744065953e-08, 7.6628730028e-09, 1.62881974575e-08, 8.80283224092e-08, 4.47153958305e-09, 4.16836183625e-11], "mean": [0.000199151196284, 0.00831844098866, 0.00429699523374, 0.00206043850631