{"metadata": {"tags": {"album": ["Guerrilla Warfare"], "albumartist": ["The Hot Boys"], "filetype": ["audio/mp3"], "genre": ["\u00c4\u00cf\u00b7\u00bd Rap"], "artist": ["The Hot Boys"], "date": ["1999"], "tracknumber": ["6"], "title": ["Off Tha Porch"], "file_name": "165948.mp3", "musicbrainz_recordingid": ["1ab0c955-0a6b-43b5-a476-1b4bce8b1044"]}, "audio_properties": {"sample_rate": 44100, "downmix": "mix", "lossless": false, "analysis_sample_rate": 44100, "md5_encoded": "edd3d26f795f2dbd45be72ac4e7a038d", "equal_loudness": 0, "replay_gain": -12.9467735291, "codec": "mp3", "bit_rate": 192000, "length": 78.9681625366}, "version": {"extractor": "music 1.0", "essentia_build_sha": "70f2e5ece6736b2c40cc944ad0e695b16b925413", "essentia_git_sha": "v2.1_beta2", "essentia": "2.1-beta2"}}, "rhythm": {"beats_loudness_band_ratio": {"dvar2": [0.177971556783, 0.051212400198, 0.0558839291334, 0.086407572031, 0.0757524967194, 0.0428256131709], "var": [0.118987098336, 0.0134627344087, 0.0174679793417, 0.0303932372481, 0.0243600998074, 0.00990836974233], "min": [0.000690789194778, 5.0514110626e-05, 7.60343245929e-05, 2.44004859269e-05, 3.22705363942e-06, 4.76239038107e-05], "dmean": [0.287847280502, 0.0744689255953, 0.101880848408, 0.11790497601, 0.106995850801, 0.0613998956978], "mean": [0.643659651279, 0.0537333749235, 0.0775394141674, 0.0963291972876, 0.0953449457884, 0.0443381741643], "max": [0.999779522419, 0.656694173813, 0.765645682812, 0.830106198788, 0.866355597973, 0.704228401184], "dmean2": [0.483487129211, 0.135102674365, 0.189442411065, 0.215137973428, 0.184758558869, 0.112457878888], "median": [0.79100805521, 0.0109347682446, 0.0226938501, 0.019522132352, 0.0271018799394, 0.00990694761276], "dvar": [0.0727649331093, 0.0185289941728, 0.0208313576877, 0.0337796099484, 0.0290402527899, 0.0152055537328]}, "bpm_histogram_first_peak_weight": {"dvar2": 0, "var": 0, "min": 0.244897961617, "dmean": 0, "mean": 0.244897961617, "max": 0.244897961617, "dmean2": 0, "median": 0.244897961617, "dvar": 0}, "bpm": 122.319267273, "beats_count": 148, "bpm_histogram_first_peak_spread": {"dvar2": 0, "var": 0, "min": 0.50684928894, "dmean": 0, "mean": 0.50684928894, "max": 0.50684928894, "dmean2": 0, "median": 0.50684928894, "dvar": 0}, "danceability": 1.09903037548, "bpm_histogram_first_peak_bpm": {"dvar2": 0, "var": 0, "min": 123, "dmean": 0, "mean": 123, "max": 123, "dmean2": 0, "median": 123, "dvar": 0}, "beats_position": [0.545668900013, 1.10294783115, 1.64861679077, 2.19428563118, 2.73995471001, 3.39011335373, 4.04027223587, 4.69043064117, 5.32897949219, 5.9675283432, 6.6176867485, 7.26784563065, 7.91800451279, 8.55655288696, 9.2067117691, 9.86848068237, 10.5302495956, 11.2036275864, 11.8770065308, 12.445895195, 13.0147848129, 13.5952835083, 14.1757822037, 14.7678909302, 15.2671203613, 15.7663488388, 16.2655773163, 16.7648067474, 17.2756462097, 17.7748756409, 18.2741031647, 18.7617225647, 19.2377319336, 19.7253513336, 20.2013607025, 20.6889801025, 21.1765975952, 21.6642169952, 22.1518363953, 22.6394557953, 23.1154651642, 23.5914726257, 24.0790920258, 24.5667114258, 25.0543308258, 25.5303401947, 26.0179595947, 26.5055770874, 27.0048065186, 27.4924259186, 27.9800453186, 28.4676647186, 28.9552822113, 29.4545116425, 29.9537410736, 30.4529705048, 30.9521980286, 31.4398174286, 31.9274368286, 32.4150543213, 32.9026756287, 33.4019050598, 33.8779144287, 34.3655319214, 34.8531494141, 35.3407707214, 35.8400001526, 36.3160095215, 36.8036270142, 37.2796363831, 37.7672538757, 38.2548751831, 38.730884552, 39.2185020447, 39.7061233521, 40.2053489685, 40.7045783997, 41.2038078308, 41.6914291382, 42.1906585693, 42.6898841858, 43.2123336792, 43.7347831726, 44.257232666, 44.7680702209, 45.2789115906, 45.7897491455, 46.3005905151, 46.8114280701, 47.322265625, 47.8331069946, 48.3439445496, 48.8547821045, 49.3424034119, 49.8300209045, 50.3176422119, 50.8168716431, 51.3160972595, 51.8385467529, 52.3609962463, 52.8834457397, 53.4058952332, 53.9051246643, 54.4043540955, 54.9035835266, 55.4260292053, 55.9600906372, 56.5289802551, 57.0862579346, 57.643535614, 58.1892051697, 58.7464828491, 59.3037643433, 59.8494338989, 60.4067115784, 60.9639892578, 61.5096588135, 62.0669364929, 62.6706581116, 63.2511558533, 63.8548736572, 64.4469833374, 65.0390930176, 65.6079788208, 66.1768722534, 66.7573699951, 67.3030395508, 67.8603134155, 68.4059829712, 68.9400405884, 69.4973220825, 70.0313796997, 70.5654373169, 71.1111068726, 71.6800003052, 72.2372741699, 72.7945556641, 73.3518371582, 73.9207229614, 74.4199523926, 74.9191818237, 75.4184112549, 75.917640686, 76.4052581787, 76.9044876099, 77.3921051025, 77.8797302246, 78.3673477173], "beats_loudness": {"dvar2": 0.00101905851625, "var": 0.00060732010752, "min": 2.03650088224e-05, "dmean": 0.023372374475, "mean": 0.0336703062057, "max": 0.154779851437, "dmean2": 0.0408629849553, "median": 0.033788073808, "dvar": 0.000395342562115}, "bpm_histogram_second_peak_weight": {"dvar2": 0, "var": 0, "min": 0.0884353742003, "dmean": 0, "mean": 0.0884353742003, "max": 0.0884353742003, "dmean2": 0, "median": 0.0884353742003, "dvar": 0}, "bpm_histogram_second_peak_spread": {"dvar2": 0, "var": 0, "min": 0.606060624123, "dmean": 0, "mean": 0.606060624123, "max": 0.606060624123, "dmean2": 0, "median": 0.606060624123, "dvar": 0}, "bpm_histogram_second_peak_bpm": {"dvar2": 0, "var": 0, "min": 108, "dmean": 0, "mean": 108, "max": 108, "dmean2": 0, "median": 108, "dvar": 0}, "onset_rate": 4.48199558258}, "lowlevel": {"spectral_energyband_high": {"dvar2": 3.95910001316e-06, "var": 5.00102714796e-06, "min": 7.96933671012e-21, "dmean": 0.000343394116499, "mean": 0.000576011952944, "max": 0.0404988862574, "dmean2": 0.000485085038235, "median": 3.01614763885e-05, "dvar": 2.07552920983e-06}, "spectral_energyband_middle_low": {"dvar2": 8.78004502738e-05, "var": 5.98157130298e-05, "min": 2.28061404261e-22, "dmean": 0.00250849942677, "mean": 0.00388257182203, "max": 0.0950283706188, "dmean2": 0.00376401701942, "median": 0.00100008584559, "dvar": 3.95411298086e-05}, "spectral_energy": {"dvar2": 0.000192272695131, "var": 0.000537831976544, "min": 1.1230629561e-20, "dmean": 0.00726857595146, "mean": 0.0276133585721, "max": 0.186436206102, "dmean2": 0.0101556107402, "median": 0.026072697714, "dvar": 9.34219278861e-05}, "spectral_spread": {"dvar2": 1232729800700.0, "var": 3136815104000.0, "min": 902587.625, "dmean": 630562.6875, "mean": 3883232.25, "max": 40053352, "dmean2": 896950.8125, "median": 3480159.5, "dvar": 882989793280}, "spectral_energyband_low": {"dvar2": 8.83227112354e-05, "var": 0.000326641194988, "min": 3.77759044893e-23, "dmean": 0.00482186768204, "mean": 0.0189694687724, "max": 0.0745551213622, "dmean2": 0.00664614560083, "median": 0.0164609290659, "dvar": 4.33643144788e-05}, "spectral_rolloff": {"dvar2": 2094811, "var": 2407942.25, "min": 43.06640625, "dmean": 455.528381348, "mean": 1105.86633301, "max": 19293.75, "dmean2": 760.330200195, "median": 452.197265625, "dvar": 999649.1875}, "barkbands": {"dvar2": [2.29161059906e-06, 8.38883279357e-05, 1.5801929294e-06, 8.22371418963e-07, 1.06895140561e-06, 6.01980627835e-06, 5.56127315576e-06, 2.2243555577e-05, 3.59273108188e-05, 3.81167847081e-05, 3.44363320437e-06, 2.11950282392e-06, 5.46777710042e-06, 3.92119818571e-06, 6.95033122611e-07, 1.12754037218e-06, 1.7802065031e-06, 1.89094839698e-06, 1.68349379237e-06, 2.54942506217e-07, 3.5381671637e-07, 2.04653389346e-07, 3.75567509536e-07, 1.17914180464e-06, 1.5305801071e-08, 2.40086062142e-09, 2.056328198e-12], "var": [1.07820542325e-05, 0.000238976135734, 8.54235452152e-07, 4.27651201562e-07, 1.40515214753e-06, 3.31630963046e-06, 2.85204350803e-06, 1.00909246612e-05, 2.01883449336e-05, 4.0282640839e-05, 3.16077716889e-06, 1.77199876816e-06, 2.74745207207e-06, 6.74163129588e-06, 7.10939389137e-07, 6.50234994737e-07, 2.00498107006e-06, 1.33297089633e-06, 1.42480098475e-06, 3.41977056451e-07, 4.28473526881e-07, 2.0891064878e-07, 3.54881905196e-07, 6.71212092129e-07, 6.82677425701e-09, 1.58921220628e-09, 1.17817322738e-12], "min": [6.88606466043e-24, 2.69786327509e-23, 8.06599704852e-24, 2.00914147758e-23, 3.16215524947e-23, 5.05340320026e-23, 2.84539509495e-23, 3.28616670812e-23, 5.86736565948e-23, 2.61759699353e-23, 8.54491481963e-23, 8.67913287622e-23, 5.49052491179e-23, 1.59117851531e-22, 2.0850554242e-22, 1.16923474002e-22, 1.83149053815e-22, 2.3679642951e-22, 3.43549706774e-22, 3.96664885347e-22, 5.04165876532e-22, 6.57981383711e-22, 8.26590014481e-22, 9.517958969e-22, 1.05026451907e-21, 1.18421264639e-21, 2.8886197122e-21], "dmean": [0.000884788227268, 0.00430178269744, 0.000401801022235, 0.00027176446747, 0.000289348419756, 0.000415404763771, 0.000374719005777, 0.00072984554572, 0.000904389598873, 0.000800900510512, 0.000277805811493, 0.000286417169264, 0.00035798738827, 0.000360321806511, 0.000217150241951, 0.000224242190598, 0.000312269839924, 0.000220398840611, 0.000228843578952, 9.70069449977e-05, 9.17511424632e-05, 6.79739532643e-05, 7.7155586041e-05, 0.000110316650535, 1.6798667275e-05, 4.04323418479e-06, 1.73373436496e-07], "mean": [0.00320270331576, 0.0152006465942, 0.000505815027282, 0.000285165442619, 0.000486181990709, 0.000515692110639, 0.000420563184889, 0.000751184532419, 0.00100606237538, 0.00113342911936, 0.000397763418732, 0.000404587190133, 0.000418760057073, 0.000529705081135, 0.000298850325635, 0.000297400605632, 0.000453410233604, 0.000292395852739, 0.00034247917938, 0.000141059223097, 0.000144476900459, 0.000107459840365, 0.000112591638754, 0.000139151394251, 1.98602137971e-05, 5.78721937927e-06, 2.21934968181e-07], "max": [0.0146922040731, 0.0710290521383, 0.00967445410788, 0.0072129224427, 0.0213023945689, 0.0343371145427, 0.0272306837142, 0.0469192899764, 0.0825202763081, 0.123729147017, 0.0361156761646, 0.0189159326255, 0.0295770019293, 0.0558287017047, 0.0108831664547, 0.0153608880937, 0.0172509308904, 0.017189996317, 0.022650482133, 0.0154362767935, 0.015545248054, 0.00762783549726, 0.0123676611111, 0.0291196852922, 0.00206525926478, 0.00115270353854, 2.20339043153e-05], "dmean2": [0.00107344565913, 0.00623056804761, 0.00064712605672, 0.000416620983742, 0.000428302009823, 0.00065143010579, 0.000597185571678, 0.00116153340787, 0.00138519506436, 0.00120761001017, 0.000428910600021, 0.000440390169388, 0.000556321523618, 0.0005493661738, 0.000328923924826, 0.000357632088708, 0.000469099584734, 0.000348961068084, 0.000345490465406, 0.000141735974466, 0.000134621732286, 9.87998500932e-05, 0.00011557120888, 0.000162936208653, 2.55924460362e-05, 6.28239786238e-06, 2.79387933233e-07], "median": [0.00236545596272, 0.0112690795213, 6.75306800986e-05, 4.03512094636e-05, 0.000112447683932, 4.74729531561e-05, 3.21364932461e-05, 2.43357972067e-05, 3.39413782058e-05, 3.07406553475e-05, 2.2989082936e-05, 3.05096709781e-05, 2.57826559391e-05, 3.7211982999e-05, 3.12201009365e-05, 5.47110612388e-05, 4.15607937612e-05, 2.90154384857e-05, 2.73500427284e-05, 1.08094191091e-05, 6.1881878537e-06, 4.57363830719e-06, 3.45083662978e-06, 2.24329005505e-06, 6.83217479036e-07, 2.60704155153e-07, 2.65152060308e-08], "dvar": [1.31985348162e-06, 3.82945181627e-05, 6.23824689683e-07, 3.77552879627e-07, 5.2394125305e-07, 2.52270319834e-06, 2.29196029977e-06, 9.34387026064e-06, 1.66226018337e-05, 1.80786155397e-05, 1.42045985285e-06, 9.83557583822e-07, 2.22753715207e-06, 2.19123194256e-06, 3.30329783083e-07, 4.79007042031e-07, 9.47025853293e-07, 7.94490631506e-07, 7.47119372591e-07, 1.52439923795e-07, 1.80197545774e-07, 9.70846372184e-08, 1.75569695671e-07, 5.37932692168e-07, 6.30624974463e-09, 9.70244773413e-10, 8.12140122947e-13]}, "melbands_skewness": {"dvar2": 12.2590284348, "var": 40.9656181335, "min": -3.27772498131, "dmean": 1.92305135727, "mean": 6.10428762436, "max": 53.4316520691, "dmean2": 2.69501781464, "median": 3.89592790604, "dvar": 6.20239400864}, "barkbands_skewness": {"dvar2": 3.40490007401, "var": 13.3724327087, "min": -5.97798442841, "dmean": 1.18302428722, "mean": 3.47965550423, "max": 19.8299427032, "dmean2": 1.6631513834, "median": 2.27833604813, "dvar": 1.75272929668}, "erbbands": {"dvar2": [0.217794910073, 2.42837882042, 1.8098757267, 6.41162443161, 5.14929628372, 16.2662506104, 233.978866577, 521.322631836, 539.550354004, 5460.76123047, 11433.4716797, 16324.8203125, 48816.109375, 14187.0800781, 5032.90771484, 3350.92138672, 9791.06933594, 10203.4404297, 3225.51733398, 1770.60388184, 4987.67236328, 4829.671875, 8460.359375, 1894.54223633, 4934.64648438, 403.418395996, 217.411743164, 938.1953125, 302.782073975, 277.066345215, 325.439544678, 704.992370605, 186.597229004, 6.4669880867, 0.242292568088, 0.0686535537243, 0.00853640958667, 0.000126958329929, 5.41615357008e-08, 4.3869785582e-10], "var": [0.843009471893, 2.99608254433, 1.26388323307, 3.48148775101, 3.54299092293, 22.8378543854, 173.225601196, 264.442657471, 334.680358887, 2213.26757812, 4807.13720703, 9134.06738281, 41170.328125, 13358.1328125, 3019.19140625, 2941.68432617, 5320.40576172, 11451.2167969, 5181.8828125, 1531.17932129, 2003.54101562, 5450.24023438, 4812.95019531, 2354.81274414, 4187.73876953, 415.807495117, 335.198425293, 931.898742676, 318.976074219, 222.679397583, 297.510559082, 436.402435303, 104.695426941, 2.93123722076, 0.125873908401, 0.0465976074338, 0.00431176740676, 5.49380820303e-05, 2.79423080229e-08, 9.25423293552e-10], "min": [3.01547823928e-22, 7.42617470011e-21, 1.51968103486e-20, 2.23002545551e-20, 7.55650233706e-20, 1.6859641774e-19, 9.13157313057e-20, 5.11886401514e-19, 3.82530811648e-19, 8.85215707727e-19, 7.41976770159e-19, 1.39599663405e-18, 8.27450997216e-19, 1.97050262419e-18, 3.29425175258e-18, 3.85637267759e-18, 2.88123509605e-18, 6.92542244045e-18, 9.64317480101e-18, 8.52995926854e-18, 8.51191597784e-18, 1.1744241681e-17, 1.06672153004e-17, 1.65582880895e-17, 1.68348029877e-17, 1.82598631296e-17, 1.88934222674e-17, 2.20105547985e-17, 2.08165841044e-17, 2.40508354841e-17, 2.52587342454e-17, 2.25601799196e-17, 1.46238947942e-17, 1.29818006575e-17, 6.98478919301e-18, 4.43091496028e-18, 2.32306912834e-18, 1.19824866547e-18, 3.62611397769e-19, 4.39632439964e-20], "dmean": [0.239110291004, 0.604416966438, 0.44938352704, 0.791558742523, 0.620936155319, 1.0461987257, 2.86022424698, 3.30531454086, 3.80509305, 9.94809818268, 16.6281852722, 18.8656139374, 26.7467861176, 16.532585144, 11.4124498367, 10.7864322662, 15.2031259537, 16.9609737396, 13.414639473, 10.8564538956, 12.7041749954, 16.284412384, 14.7174758911, 8.84464263916, 11.820681572, 3.92840075493, 2.76632523537, 4.29597473145, 2.666670084, 2.03217697144, 2.22368884087, 2.50197148323, 1.60644555092, 0.332660347223, 0.0704959779978, 0.0211491230875, 0.00673284800723, 0.0010400232859, 2.61919958575e-05, 9.27518613025e-06], "mean": [0.902181565762, 1.54096984863, 0.702914714813, 0.9241527915, 0.799589276314, 1.77543544769, 4.0543627739, 3.87649559975, 4.58817338943, 10.9365091324, 17.7945804596, 22.2201385498, 36.676902771, 24.0959434509, 16.972530365, 16.0118293762, 19.63372612, 25.3849315643, 20.1131248474, 15.5077171326, 17.2198143005, 24.4889526367, 19.1724185944, 14.1733884811, 17.7723464966, 6.20563173294, 4.49256134033, 6.60895490646, 4.16131067276, 3.04544448853, 3.19136929512, 3.27350950241, 1.91595983505, 0.392109394073, 0.0882355570793, 0.0290557108819, 0.00965757854283, 0.00143883936107, 4.78800066048e-05, 3.37945457431e-05], "max": [3.72228097916, 14.8142194748, 8.98116016388, 16.377948761, 48.7847213745, 73.1458511353, 247.367202759, 360.561553955, 369.637451172, 1284.9720459, 1185.5703125, 1605.28100586, 3336.02392578, 2371.29711914, 1041.1385498, 944.721618652, 1355.91577148, 2242.51049805, 1489.61425781, 636.924377441, 985.77722168, 1131.2980957, 1037.15625, 1231.93994141, 848.163269043, 380.36517334, 340.570587158, 718.964294434, 319.01675415, 377.50289917, 345.846588135, 771.962036133, 296.704711914, 46.0478897095, 8.55154800415, 7.59048652649, 1.93162786961, 0.24150313437, 0.0048265196383, 0.000325364293531], "dmean2": [0.316269993782, 0.996957659721, 0.712292134762, 1.20140886307, 0.937305390835, 1.54207122326, 4.35903501511, 5.24035263062, 6.03056764603, 15.5856838226, 26.6364364624, 29.2599983215, 40.2382316589, 24.7094421387, 17.73487854, 15.9860591888, 23.3966522217, 26.124879837, 19.8730373383, 16.8303833008, 20.6374855042, 24.4414577484, 23.4334278107, 13.5039024353, 17.4288959503, 5.68375587463, 4.05565786362, 6.27864837646, 3.78496575356, 3.10342407227, 3.30538868904, 3.60993766785, 2.42232275009, 0.506060659885, 0.105334319174, 0.0333704277873, 0.0105884503573, 0.00166324549355, 4.01970646635e-05, 1.3026349734e-05], "median": [0.668652057648, 0.974340796471, 0.226973310113, 0.144402056932, 0.21990531683, 0.373967468739, 0.363457798958, 0.460972726345, 0.541141629219, 0.695663452148, 0.734832406044, 0.906640708447, 1.21693611145, 1.19571483135, 1.53718626499, 1.35332000256, 1.45093750954, 2.1228222847, 2.20956230164, 2.6711628437, 3.5781788826, 2.80100297928, 1.91874456406, 1.83613395691, 1.05391001701, 0.551169991493, 0.299609839916, 0.222528725863, 0.160996466875, 0.156118795276, 0.0826609060168, 0.0508791953325, 0.0317216515541, 0.0113622024655, 0.00356975826435, 0.00109690567479, 0.000424888043199, 0.00011162336159, 1.72361906152e-05, 2.98701343127e-05], "dvar": [0.117875911295, 0.914316356182, 0.763020038605, 2.84706306458, 2.50926709175, 7.88495874405, 108.279815674, 212.682037354, 229.132522583, 2190.78369141, 4633.81542969, 7294.94628906, 22740.234375, 6478.27832031, 1958.24487305, 1581.82507324, 4027.58300781, 4976.62646484, 1826.45092773, 774.908752441, 1881.80700684, 2644.15795898, 3373.78149414, 1012, 2178.4440918, 204.053314209, 125.978523254, 437.828918457, 146.019515991, 115.200622559, 157.105926514, 334.942840576, 83.1720733643, 2.70029830933, 0.0998183712363, 0.0277650691569, 0.0032452410087, 4.76409586554e-05, 2.08653645473e-08, 2.0612477003e-10]}, "silence_rate_30dB": {"dvar2": 0.005272150971, "var": 0.00380660756491, "min": 0, "dmean": 0.00235224934295, "mean": 0.996178746223, "max": 1, "dmean2": 0.00470588216558, "median": 1, "dvar": 0.00234676222317}, "melbands_spread": {"dvar2": 405.908966064, "var": 602.712280273, "min": 0.0313081070781, "dmean": 8.13496685028, "mean": 20.2163028717, "max": 245.404418945, "dmean2": 12.0895833969, "median": 11.9365110397, "dvar": 194.507949829}, "melbands_crest": {"dvar2": 31.7426567078, "var": 99.9453659058, "min": 1.49680042267, "dmean": 3.58212304115, "mean": 25.3826065063, "max": 39.2911758423, "dmean2": 5.27750825882, "median": 27.6452293396, "dvar": 14.6152563095}, "zerocrossingrate": {"dvar2": 0.000214555140701, "var": 0.00164133764338, "min": 0.00146484375, "dmean": 0.00967230461538, "mean": 0.0408254489303, "max": 0.49951171875, "dmean2": 0.0105382585898, "median": 0.02978515625, "dvar": 0.000205464515602}, "barkbands_kurtosis": {"dvar2": 2341.33496094, "var": 5568.23583984, "min": -1.98551750183, "dmean": 17.2701339722, "mean": 37.4242477417, "max": 734.207641602, "dmean2": 25.0396251678, "median": 5.56178712845, "dvar": 1232.30712891}, "spectral_flux": {"dvar2": 0.00135019584559, "var": 0.00240247603506, "min": 1.05974666542e-10, "dmean": 0.0222575906664, "mean": 0.066821962595, "max": 0.307944506407, "dmean2": 0.0342827439308, "median": 0.0551820136607, "dvar": 0.000637474004179}, "barkbands_crest": {"dvar2": 18.3947582245, "var": 30.634054184, "min": 2.9839193821, "dmean": 2.56855130196, "mean": 15.2016601562, "max": 26.4560108185, "dmean2": 4.11818027496, "median": 15.677479744, "dvar": 7.84975385666}, "barkbands_flatness_db": {"dvar2": 0.00149066234007, "var": 0.0106584532186, "min": 0.0285836588591, "dmean": 0.0297465156764, "mean": 0.23477974534, "max": 0.646818161011, "dmean2": 0.0408610887825, "median": 0.218053072691, "dvar": 0.000814003928099}, "spectral_entropy": {"dvar2": 0.0928355529904, "var": 0.216214597225, "min": 5.03590106964, "dmean": 0.215486183763, "mean": 7.38573932648, "max": 9.80784893036, "dmean2": 0.312227249146, "median": 7.40497684479, "dvar": 0.04606712237}, "pitch_salience": {"dvar2": 0.0125098079443, "var": 0.0391925945878, "min": 0.0182392876595, "dmean": 0.0807045847178, "mean": 0.357605516911, "max": 0.839022994041, "dmean2": 0.120122417808, "median": 0.358014285564, "dvar": 0.00589637178928}, "erbbands_spread": {"dvar2": 322.446105957, "var": 555.156433105, "min": 1.059694767, "dmean": 11.0040445328, "mean": 38.3317756653, "max": 149.651992798, "dmean2": 16.704044342, "median": 33.2180480957, "dvar": 146.579238892}, "dynamic_complexity": 6.08271789551, "spectral_contrast_valleys": {"dvar2": [0.313479036093, 0.327542155981, 0.217925161123, 0.150585576892, 0.119260892272, 0.314621865749], "var": [1.22355818748, 1.15963089466, 1.51731359959, 1.57674109936, 1.34810936451, 1.76372087002], "min": [-27.3640060425, -27.5071239471, -27.4871826172, -27.472120285, -27.0869941711, -27.23695755], "dmean": [0.437593281269, 0.413649410009, 0.350367724895, 0.292522579432, 0.271600574255, 0.401133745909], "mean": [-7.90581893921, -8.05895519257, -8.36516094208, -8.49549388885, -8.50803089142, -11.3757820129], "max": [-5.75899219513, -5.00711727142, -5.44275331497, -5.95651197433, -5.6738409996, -7.38215684891], "dmean2": [0.681691408157, 0.677339494228, 0.557650268078, 0.441541999578, 0.388097763062, 0.541914224625], "median": [-7.70496940613, -7.93599748611, -8.25248908997, -8.37222194672, -8.39695549011, -11.4871063232], "dvar": [0.180031463504, 0.159163683653, 0.126548603177, 0.0985642373562, 0.0939139276743, 0.197884306312]}, "hfc": {"dvar2": 375.759735107, "var": 655.840148926, "min": 1.26456791244e-16, "dmean": 5.79138994217, "mean": 14.2351846695, "max": 332.798278809, "dmean2": 8.07695293427, "median": 4.0860748291, "dvar": 192.612167358}, "spectral_kurtosis": {"dvar2": 22.4329795837, "var": 20.6537742615, "min": -1.20146512985, "dmean": 2.42958235741, "mean": 5.71290111542, "max": 47.5728378296, "dmean2": 4.03130292892, "median": 4.83577156067, "dvar": 8.49452781677}, "mfcc": {"mean": [-746.503173828, 123.622756958, -9.92032814026, 33.1611099243, 18.1271724701, 14.5712766647, 6.57590675354, 17.1760883331, 9.21390724182, 10.8407688141, 6.72570800781, 6.09389019012, 5.33714866638], "cov": [[12282.1289062, -1068.44970703, -1271.5065918, -1096.26953125, -1040.39465332, -268.643676758, -283.497619629, -165.70123291, -385.520507812, 96.7142868042, -134.139541626, -21.6046848297, -183.141036987], [-1068.44970703, 1612.10144043, -287.094360352, 331.48059082, 156.597747803, 81.6504516602, 113.175491333, 48.3767967224, 121.762512207, -13.8375272751, 76.8375091553, -9.02599811554, 113.03364563], [-1271.5065918, -287.094360352, 1257.3515625, 223.924423218, 186.60395813, 128.417144775, 5.55277585983, -10.7171649933, 32.6827812195, 77.535118103, -5.45962810516, 107.1667099, 9.09573936462], [-1096.26953125, 331.48059082, 223.924423218, 638.299682617, 279.712890625, 132.732833862, 63.8704948425, 71.2775726318, 89.5054244995, -6.14750099182, 9.25405979156, 32.79454422, 47.2500610352], [-1040.39465332, 156.597747803, 186.60395813, 279.712890625, 591.833068848, 95.3793029785, -3.19421887398, 133.015396118, 93.6502990723, 14.4222555161, 5.55364465714, 37.0978279114, 15.4765605927], [-268.643676758, 81.6504516602, 128.417144775, 132.732833862, 95.3793029785, 357.343719482, 116.91960144, 13.5999193192, 89.3985519409, 70.3586654663, 12.2425136566, 11.7110719681, 60.2278518677], [-283.497619629, 113.175491333, 5.55277585983, 63.8704948425, -3.19421887398, 116.91960144, 325.358428955, 114.679260254, 54.6966781616, 62.0576820374, 80.4198684692, -2.37281560898, 40.1441459656], [-165.70123291, 48.3767967224, -10.7171649933, 71.2775726318, 133.015396118, 13.5999193192, 114.679260254, 305.035614014, 78.7382125854, -2.18306159973, 62.3709754944, 32.6300697327, 7.05653381348], [-385.520507812, 121.762512207, 32.6827812195, 89.5054244995, 93.6502990723, 89.3985519409, 54.6966781616, 78.7382125854, 240.931289673, 87.5602416992, 25.0625553131, 21.3421192169, 40.4450531006], [96.7142868042, -13.8375272751, 77.535118103, -6.14750099182, 14.4222555161, 70.3586654663, 62.0576820374, -2.18306159973, 87.5602416992, 226.767776489, 63.4848480225, -10.4971837997, 20.3275775909], [-134.139541626, 76.8375091553, -5.45962810516, 9.25405979156, 5.55364465714, 12.2425136566, 80.4198684692, 62.3709754944, 25.0625553131, 63.4848480225, 185.315643311, 39.5377731323, 7.25606441498], [-21.6046848297, -9.02599811554, 107.1667099, 32.79454422, 37.0978279114, 11.7110719681, -2.37281560898, 32.6300697327, 21.3421192169, -10.4971837997, 39.5377731323, 169.787918091, 40.3746910095], [-183.141036987, 113.03364563, 9.09573936462, 47.2500610352, 15.4765605927, 60.2278518677, 40.1441459656, 7.05653381348, 40.4450531006, 20.3275775909, 7.25606441498, 40.3746910095, 165.14793396]], "icov": [[0.0001306492195, 4.82425566588e-05, 0.000140170755913, 6.60424484522e-05, 0.000167249439983, -8.14338927739e-05, 0.000120268545288, -0.000130960106617, 0.000199156464078, -0.000259366352111, 0.000166088211699, -0.000189099737327, 9.77185554802e-05], [4.82425566588e-05, 0.000862237240653, 0.000311598647386, -0.000397428957513, -6.17915065959e-05, 2.5425109925e-05, -0.000121507124277, 0.000197110421141, -0.000248871394433, 0.00018005236052, -0.000345416308846, 0.000121792661957, -0.000398284057155], [0.000140170755913, 0.000311598647386, 0.00120647822041, -0.000325304601574, -2.30121349887e-05, -0.000278805702692, 8.62649321789e-05, 5.52392775717e-05, 0.00035049408325, -0.000694944174029, 0.000355459633283, -0.000878213089891, 0.000248086958891], [6.60424484522e-05, -0.000397428957513, -0.000325304601574, 0.00247680954635, -0.000744902470615, -0.00041628049803, -0.000195951841306, -3.52702882083e-05, -0.000214836007217, 0.000405681959819, 0.000129989362904, -5.30679317308e-05, -6.47617052891e-05], [0.000167249439983, -6.17915065959e-05, -2.30121349887e-05, -0.000744902470615, 0.00276655866764, -0.000539811269846, 0.000961027806625, -0.00134501873981, 5.92333781242e-05, -0.000554154568817, 0.00041187016177, -0.000332777883159, 0.000320581166307], [-8.14338927739e-05, 2.5425109925e-05, -0.000278805702692, -0.00041628049803, -0.000539811269846, 0.00401068571955, -0.00148665171582, 0.000844900263473, -0.000959383905865, -0.00030514106038, 0.000292711367365, 0.000137414594064, -0.000833989877719], [0.000120268545288, -0.000121507124277, 8.62649321789e-05, -0.000195951841306, 0.000961027806625, -0.00148665171582, 0.00494659226388, -0.00203932216391, 0.000501857604831, -0.000872720091138, -0.00112038769294, 0.000611232069787, -0.000511015939992], [-0.000130960106617, 0.000197110421141, 5.52392775717e-05, -3.52702882083e-05, -0.00134501873981, 0.000844900263473, -0.00203932216391, 0.00525760930032, -0.00176610203926, 0.00149641523603, -0.00129770033527, -0.000265090173343, 0.000186055069207], [0.000199156464078, -0.000248871394433, 0.00035049408325, -0.000214836007217, 5.92333781242e-05, -0.000959383905865, 0.000501857604831, -0.00176610203926, 0.00650726445019, -0.00290153129026, 0.00103134079836, -0.000928501714952, -0.000323665444739], [-0.000259366352111, 0.00018005236052, -0.000694944174029, 0.000405681959819, -0.000554154568817, -0.00030514106038, -0.000872720091138, 0.00149641523603, -0.00290153129026, 0.00722058070824, -0.00283227488399, 0.00181001413148, -0.000673471891787], [0.000166088211699, -0.000345416308846, 0.000355459633283, 0.000129989362904, 0.00041187016177, 0.000292711367365, -0.00112038769294, -0.00129770033527, 0.00103134079836, -0.00283227488399, 0.00787887535989, -0.00247702770866, 0.00090171804186], [-0.000189099737327, 0.000121792661957, -0.000878213089891, -5.30679317308e-05, -0.000332777883159, 0.000137414594064, 0.000611232069787, -0.000265090173343, -0.000928501714952, 0.00181001413148, -0.00247702770866, 0.00788814295083, -0.00220071524382], [9.77185554802e-05, -0.000398284057155, 0.000248086958891, -6.47617052891e-05, 0.000320581166307, -0.000833989877719, -0.000511015939992, 0.000186055069207, -0.000323665444739, -0.000673471891787, 0.00090171804186, -0.00220071524382, 0.00749194668606]]}, "silence_rate_20dB": {"dvar2": 0, "var": 0, "min": 1, "dmean": 0, "mean": 1, "max": 1, "dmean2": 0, "median": 1, "dvar": 0}, "melbands_kurtosis": {"dvar2": 67902.40625, "var": 100182.304688, "min": -1.95092558861, "dmean": 60.2273635864, "mean": 119.822143555, "max": 5001.65673828, "dmean2": 86.37840271, "median": 17.9509487152, "dvar": 32605.0878906}, "barkbands_spread": {"dvar2": 154.707077026, "var": 265.380889893, "min": 0.148905143142, "dmean": 6.26031637192, "mean": 17.3434391022, "max": 121.220779419, "dmean2": 9.18480873108, "median": 13.1072311401, "dvar": 74.2377471924}, "erbbands_skewness": {"dvar2": 1.17004489899, "var": 2.39104390144, "min": -10.7795600891, "dmean": 0.646119534969, "mean": -0.219255164266, "max": 7.53447389603, "dmean2": 0.944738686085, "median": -0.0849965661764, "dvar": 0.56729722023}, "average_loudness": 0.883976995945, "spectral_centroid": {"dvar2": 282084.90625, "var": 637801.375, "min": 60.5308799744, "dmean": 333.976135254, "mean": 1526.73425293, "max": 10948.0146484, "dmean2": 487.850067139, "median": 1474.6796875, "dvar": 158897.25}, "dissonance": {"dvar2": 0.00103421369568, "var": 0.000758362642955, "min": 0.235558211803, "dmean": 0.0191256776452, "mean": 0.467830985785, "max": 0.499870240688, "dmean2": 0.0316662602127, "median": 0.475611388683, "dvar": 0.000393620517571}, "erbbands_flatness_db": {"dvar2": 0.00118491903413, "var": 0.00287629966624, "min": 0.0627194717526, "dmean": 0.0246748588979, "mean": 0.187864109874, "max": 0.412092894316, "dmean2": 0.0363672859967, "median": 0.181011751294, "dvar": 0.000580066582188}, "spectral_strongpeak": {"dvar2": 1.98865544796, "var": 1.45538008213, "min": 0, "dmean": 0.357778638601, "mean": 0.664239764214, "max": 11.7388067245, "dmean2": 0.582127094269, "median": 0.283452212811, "dvar": 0.807240247726}, "spectral_rms": {"dvar2": 1.14296915399e-06, "var": 5.96905101702e-06, "min": 3.31009243452e-12, "dmean": 0.000689739128575, "mean": 0.00457938900217, "max": 0.0134866228327, "dmean2": 0.000933118455578, "median": 0.00504348892719, "dvar": 6.12398252997e-07}, "silence_rate_60dB": {"dvar2": 0.104816958308, "var": 0.146781101823, "min": 0, "dmean": 0.0511614233255, "mean": 0.178718402982, "max": 1, "dmean2": 0.102352939546, "median": 0, "dvar": 0.048544947058}, "melbands": {"dvar2": [1.01589275801e-05, 8.74417139585e-07, 1.3879753169e-07, 5.12948297171e-08, 1.7540492081e-07, 2.3090856871e-07, 1.45608169078e-07, 7.33862066227e-07, 8.01666146799e-07, 7.46107787108e-07, 1.24597920603e-06, 3.08467605237e-07, 6.34232222296e-08, 2.63983768178e-08, 4.67032599261e-08, 5.85393209462e-08, 4.61546107999e-08, 1.48974388381e-08, 4.83099338311e-09, 4.56882265354e-09, 8.8946459087e-09, 5.61273916233e-09, 1.4934276038e-08, 3.18333315263e-09, 1.6028341987e-09, 5.13607290031e-09, 1.54869916891e-09, 1.58492288738e-10, 7.89495482878e-11, 2.39283648451e-10, 3.74942521475e-10, 1.40612133048e-10, 6.06321520769e-11, 1.3498614726e-10, 1.38548297834e-10, 1.76343467606e-10, 3.299786e-10, 1.30170679791e-10, 1.69160501579e-11, 3.72732964285e-12], "var": [3.38439349434e-05, 9.28900533381e-07, 8.38938305492e-08, 5.01332699798e-08, 1.50267467802e-07, 1.23152162246e-07, 8.12460783095e-08, 3.18958967682e-07, 3.40459081372e-07, 4.13243895991e-07, 1.10241910534e-06, 2.86948647954e-07, 4.34713562925e-08, 1.92579836522e-08, 3.05082856755e-08, 2.71457167855e-08, 5.7381495111e-08, 2.53038479059e-08, 4.41352954184e-09, 3.13645354133e-09, 2.86847967601e-09, 5.89140780605e-09, 9.01692764899e-09, 3.16133053069e-09, 1.70735958704e-09, 2.99289926176e-09, 1.58069002332e-09, 9.77896305598e-11, 9.12958944554e-11, 2.84803680639e-10, 3.42544770326e-10, 1.31439983897e-10, 4.81213610626e-11, 9.45876155178e-11, 1.03616705494e-10, 1.45079087632e-10, 1.79438713888e-10, 7.44368178207e-11, 8.37918449903e-12, 1.44206261515e-12], "min": [5.37902912583e-24, 9.19449333902e-24, 6.8002050395e-24, 8.67265869477e-24, 4.12924744331e-24, 1.11300811103e-23, 6.17408692789e-24, 9.32689338677e-24, 6.50580136081e-24, 8.65836374631e-24, 3.85139801071e-24, 7.21950038785e-24, 1.09176795227e-23, 1.08052400224e-23, 6.26548080249e-24, 7.35247788178e-24, 1.35733584608e-23, 1.55108655307e-23, 1.40866986509e-23, 7.43853077362e-24, 1.12258709123e-23, 1.40941675859e-23, 8.15327583022e-24, 9.6047601743e-24, 1.39362060783e-23, 1.24486605356e-23, 1.19714414976e-23, 1.19532077666e-23, 1.21535650259e-23, 1.13410722145e-23, 1.37139823835e-23, 1.01078412282e-23, 1.53166700639e-23, 1.16988569227e-23, 1.43801249309e-23, 1.4637151591e-23, 1.31751966962e-23, 9.91988959555e-24, 1.0739000161e-23, 1.0944282279e-23], "dmean": [0.00157199241221, 0.000359893223504, 0.000123555204482, 5.44848116988e-05, 8.67937560542e-05, 7.41871626815e-05, 6.32967494312e-05, 0.000122431607451, 0.000139435433084, 0.000125342427054, 0.000135434514959, 7.33971392037e-05, 3.82972320949e-05, 3.19561404467e-05, 3.26614717778e-05, 3.46596498275e-05, 3.42169514624e-05, 2.51025030593e-05, 1.7138558178e-05, 1.61084572028e-05, 1.59108603839e-05, 1.67926755239e-05, 2.08128658414e-05, 9.2568270702e-06, 7.53020322009e-06, 1.02043304651e-05, 6.54333143757e-06, 2.1655753244e-06, 1.66987297234e-06, 2.17998876906e-06, 2.74439412351e-06, 1.75444358774e-06, 1.04890227703e-06, 1.30953173993e-06, 1.34261745188e-06, 1.42175497331e-06, 1.59638000241e-06, 1.36602727707e-06, 5.1036960258e-07, 2.39192729623e-07], "mean": [0.00581552414224, 0.000822413188871, 0.00014973297948, 8.41513974592e-05, 0.00013207027223, 8.97919526324e-05, 7.41102121538e-05, 0.000132568500703, 0.000148843639181, 0.000141822631122, 0.000184797740076, 0.000102574253106, 5.58824067411e-05, 4.54073160654e-05, 4.27459854109e-05, 4.13671186834e-05, 4.98218141729e-05, 3.48376415786e-05, 2.27355867537e-05, 2.07581215363e-05, 1.92608040379e-05, 2.42976002482e-05, 2.49837848969e-05, 1.28445981318e-05, 1.07548439701e-05, 1.44407567859e-05, 9.11698589334e-06, 2.97807082461e-06, 2.49321715273e-06, 3.29288968715e-06, 4.05051332564e-06, 2.60288470599e-06, 1.49002767103e-06, 1.82902476809e-06, 1.86247666534e-06, 1.87272928542e-06, 2.01985699277e-06, 1.59123783305e-06, 5.83178916713e-07, 2.61549274683e-07], "max": [0.0240114759654, 0.00867238454521, 0.00296840327792, 0.00577708659694, 0.00674561504275, 0.00710653699934, 0.00487321382388, 0.014327568002, 0.0098904883489, 0.0108585106209, 0.0171345043927, 0.0107227638364, 0.00352784339339, 0.00210259528831, 0.00331154000014, 0.00305750058033, 0.00515451421961, 0.00371740176342, 0.00103139679413, 0.00099255843088, 0.00112945830915, 0.00135083356872, 0.00126435246784, 0.000964864681009, 0.00112005637493, 0.0010260354029, 0.000996969873086, 0.000199969057576, 0.000156207912369, 0.000449532439234, 0.000352876930265, 0.000206754863029, 0.000168865473825, 0.000263252935838, 0.000243035654421, 0.000358453282388, 0.00052994658472, 0.000234004779486, 8.30017015687e-05, 3.26197477989e-05], "dmean2": [0.00217171455733, 0.0005724147195, 0.00018618023023, 7.99453991931e-05, 0.000131425869768, 0.000118018702778, 0.000100330929854, 0.000191706276382, 0.000223596885917, 0.000192203311599, 0.000204093856155, 0.000110828834295, 5.92626602156e-05, 4.90609527333e-05, 5.02362308907e-05, 5.45133043488e-05, 5.28604141437e-05, 3.73076400138e-05, 2.65218841378e-05, 2.54121878243e-05, 2.67057348537e-05, 2.56154362432e-05, 3.39011530741e-05, 1.44899704537e-05, 1.17245554065e-05, 1.57146041602e-05, 9.71188637777e-06, 3.36807329404e-06, 2.52710469795e-06, 3.10451650876e-06, 4.03804097004e-06, 2.48202240982e-06, 1.59930357313e-06, 2.01179227588e-06, 2.03630361284e-06, 2.14288206735e-06, 2.29595889323e-06, 2.0799716367e-06, 7.81356277457e-07, 3.70937527805e-07], "median": [0.00463460804895, 0.000454355555121, 2.83666649921e-05, 1.89637103176e-05, 1.49461975525e-05, 9.56229450821e-06, 7.26512234905e-06, 6.61698550175e-06, 4.77915773445e-06, 5.03550654685e-06, 5.19848435943e-06, 3.91495632357e-06, 4.17270530306e-06, 3.80927303922e-06, 2.0464217414e-06, 2.86885256173e-06, 3.43645479006e-06, 2.90830485028e-06, 2.46528065873e-06, 3.51132666765e-06, 3.52894994649e-06, 2.45000046561e-06, 1.6483759282e-06, 1.17556464829e-06, 1.24103996768e-06, 7.99966187515e-07, 4.49311414741e-07, 2.73771092907e-07, 1.84187740615e-07, 1.36624521474e-07, 1.14784526772e-07, 8.40582430328e-08, 8.34948750139e-08, 8.02005075684e-08, 5.01275607689e-08, 2.62839865428e-08, 2.67601123483e-08, 2.28427055049e-08, 1.14327267653e-08, 7.7589046299e-09], "dvar": [4.97713790537e-06, 3.59579559017e-07, 6.47765219242e-08, 2.41400766043e-08, 8.30510415994e-08, 9.53882945964e-08, 6.04801329018e-08, 3.02770928329e-07, 3.24099744375e-07, 3.39873565736e-07, 5.85109830809e-07, 1.42721489738e-07, 2.48968721195e-08, 1.16610259226e-08, 2.02056522625e-08, 2.3504201252e-08, 2.34425492351e-08, 8.71428973426e-09, 2.23007567968e-09, 2.04800132408e-09, 3.20680770827e-09, 3.03683034275e-09, 6.18656059714e-09, 1.45220213632e-09, 8.26766433093e-10, 2.02455563425e-09, 7.92362675472e-10, 6.64769975178e-11, 4.05575954765e-11, 1.24261462231e-10, 1.69794261984e-10, 6.63252092137e-11, 2.53578009285e-11, 5.40967236284e-11, 5.84807063886e-11, 9.41335273619e-11, 1.4991149988e-10, 5.83758597017e-11, 7.16239177342e-12, 1.49413662866e-12]}, "spectral_skewness": {"dvar2": 0.185390934348, "var": 0.274500131607, "min": -0.798844754696, "dmean": 0.295716106892, "mean": 1.52000713348, "max": 4.93414926529, "dmean2": 0.466802626848, "median": 1.5086388588, "dvar": 0.0743734762073}, "melbands_flatness_db": {"dvar2": 0.00204392452724, "var": 0.0176099594682, "min": 0.00385657977313, "dmean": 0.0350520908833, "mean": 0.312183856964, "max": 0.797313511372, "dmean2": 0.0472420454025, "median": 0.293258666992, "dvar": 0.00117974856403}, "spectral_decrease": {"dvar2": 1.20195795013e-17, "var": 3.40022748568e-17, "min": -4.44961649748e-08, "dmean": 1.83437487422e-09, "mean": -6.97420032836e-09, "max": 6.34225702944e-29, "dmean2": 2.56517762587e-09, "median": -6.59259313807e-09, "dvar": 5.79342329063e-18}, "erbbands_crest": {"dvar2": 29.2313594818, "var": 28.911283493, "min": 2.75552415848, "dmean": 3.83489513397, "mean": 11.8376531601, "max": 33.360080719, "dmean2": 6.20562505722, "median": 10.5390434265, "dvar": 11.8571472168}, "gfcc": {"mean": [-104.470275879, 97.982711792, -118.141487122, 44.3376350403, -30.6566352844, 20.2043952942, -19.9397602081, 17.2989673615, -4.14826488495, 3.70236897469, -3.75958228111, 4.88787078857, -2.15173745155], "cov": [[12235.2421875, -600.320251465, -2521.50610352, -228.396652222, -1478.07568359, 527.837280273, -279.250213623, -50.9092712402, -33.2841758728, -88.1504669189, 305.79675293, -236.32611084, 119.47026825], [-600.320251465, 1340.94750977, 194.329940796, -16.3299827576, 552.032775879, -234.720718384, 272.434417725, -125.385742188, 124.571846008, -30.4366073608, 46.388469696, -52.4614868164, 51.0014305115], [-2521.50610352, 194.329940796, 1703.56713867, 484.443206787, 363.661651611, 83.4597854614, 100.881752014, 50.1627464294, 132.13822937, 59.9127006531, -4.40196800232, 19.8957767487, 16.3002071381], [-228.396652222, -16.3299827576, 484.443206787, 557.778808594, 228.991622925, 34.282333374, 10.2302398682, -24.4386692047, 84.7534179688, -31.4446525574, 26.3487873077, -3.60490775108, 29.2067737579], [-1478.07568359, 552.032775879, 363.661651611, 228.991622925, 951.270812988, 7.94252681732, 244.111877441, 74.2399291992, 146.15927124, -37.1333389282, -6.57813358307, 46.6262626648, 33.7998809814], [527.837280273, -234.720718384, 83.4597854614, 34.282333374, 7.94252681732, 365.523223877, 99.8866271973, 47.6578636169, 31.8060150146, 32.0843467712, 15.4645423889, -27.9803199768, 4.58215427399], [-279.250213623, 272.434417725, 100.881752014, 10.2302398682, 244.111877441, 99.8866271973, 498.836486816, 80.8195648193, 50.0298538208, 63.3129730225, 49.8352432251, 0.976290822029, 33.3037109375], [-50.9092712402, -125.385742188, 50.1627464294, -24.4386692047, 74.2399291992, 47.6578636169, 80.8195648193, 270.697662354, 69.8107223511, -15.7541151047, 29.5809879303, 26.2761878967, -3.2938046