{"tonal": {"thpcp": [1, 0.572507321835, 0.20813177526, 0.225736185908, 0.287272959948, 0.552183270454, 0.7831569314, 0.627182066441, 0.766015410423, 0.952165067196, 0.54424571991, 0.261462658644, 0.251749992371, 0.242818102241, 0.568980395794, 0.886686503887, 0.579115629196, 0.236866563559, 0.194116860628, 0.215475097299, 0.646439790726, 0.963303267956, 0.570120990276, 0.264395475388, 0.232407137752, 0.147159472108, 0.143986523151, 0.193211659789, 0.188832163811, 0.496567666531, 0.76481539011, 0.468161314726, 0.242012441158, 0.215617015958, 0.203814551234, 0.653714060783], "hpcp": {"dmean2": [0.262459009886, 0.221270903945, 0.167980313301, 0.183326154947, 0.21871483326, 0.29842042923, 0.35105279088, 0.347317188978, 0.337542980909, 0.31987041235, 0.263359457254, 0.18217946589, 0.155725762248, 0.159201085567, 0.212713420391, 0.262735813856, 0.228532001376, 0.16704583168, 0.155482500792, 0.151734352112, 0.224085837603, 0.262350767851, 0.215698078275, 0.15439426899, 0.113126762211, 0.0745941624045, 0.0729434341192, 0.0936322882771, 0.102743290365, 0.180799722672, 0.24080991745, 0.195957317948, 0.136718600988, 0.119221188128, 0.141189739108, 0.219497069716], "median": [0.162490427494, 0.0927299186587, 0.0140582593158, 0.00894683040679, 0.0141678228974, 0.0584149807692, 0.095775410533, 0.0780146420002, 0.101406313479, 0.0946080386639, 0.0586108267307, 0.0239921063185, 0.0195600446314, 0.0273672267795, 0.092166274786, 0.11184900254, 0.0687717944384, 0.0216702595353, 0.0113834626973, 0.0235118698329, 0.121558658779, 0.178231239319, 0.101237043738, 0.0286945141852, 0.0156709123403, 0.0116698741913, 0.020419633016, 0.020132727921, 0.0241621285677, 0.0704768449068, 0.0977741926908, 0.0598860345781, 0.0216299984604, 0.0142148220912, 0.0203214902431, 0.100139304996], "min": [0, 0, 0, 0, 0, 0, 0, 0, 0, 0, 0, 0, 0, 0, 0, 0, 0, 0, 0, 0, 0, 0, 0, 0, 0, 0, 0, 0, 0, 0, 0, 0, 0, 0, 0, 0], "dvar2": [0.109968155622, 0.0900015234947, 0.0985444411635, 0.121394217014, 0.135906025767, 0.161414116621, 0.188325569034, 0.178727209568, 0.161852344871, 0.170168474317, 0.139415234327, 0.111005611718, 0.0911701247096, 0.0878422856331, 0.0910265222192, 0.122080646455, 0.109848581254, 0.0934475660324, 0.109138444066, 0.086055599153, 0.0897805690765, 0.106201589108, 0.0840913206339, 0.0707517638803, 0.0542653314769, 0.0313541814685, 0.0235684607178, 0.0382043011487, 0.0398353263736, 0.0669868960977, 0.106221288443, 0.0896816775203, 0.0704777464271, 0.0597605518997, 0.0711587518454, 0.0849643871188], "dvar": [0.0449158102274, 0.0326805338264, 0.0368322618306, 0.0473701730371, 0.0531307011843, 0.0606107600033, 0.0692293420434, 0.0645145252347, 0.0599390827119, 0.0654565468431, 0.0496553406119, 0.0392005294561, 0.0327844768763, 0.0313507542014, 0.0330506265163, 0.0481809601188, 0.0405082814395, 0.0336059443653, 0.0384892746806, 0.0305586066097, 0.0323863178492, 0.0414759851992, 0.0301398131996, 0.0257021468133, 0.0203841980547, 0.0112901460379, 0.00853137858212, 0.014037671499, 0.0146450316533, 0.0257823113352, 0.0419996231794, 0.0334413908422, 0.0250671114773, 0.0211132373661, 0.0254309270531, 0.0312374122441], "dmean": [0.157352685928, 0.128203824162, 0.0925370976329, 0.100705184042, 0.122619517148, 0.169165611267, 0.197079598904, 0.193443208933, 0.192499607801, 0.182304784656, 0.147712886333, 0.0993189439178, 0.0861858651042, 0.087790414691, 0.123296573758, 0.154329359531, 0.132137954235, 0.0917991772294, 0.0833779126406, 0.0828813463449, 0.130348995328, 0.156028836966, 0.124680936337, 0.0868617072701, 0.0655571594834, 0.0427618920803, 0.0420261248946, 0.0543568320572, 0.0582902319729, 0.107829809189, 0.143531292677, 0.113383419812, 0.0767244398594, 0.0665077567101, 0.0768656432629, 0.129765972495], "max": [1, 1, 1, 1, 1, 1, 1, 1, 1, 1, 1, 1, 1, 1, 1, 1, 1, 1, 1, 1, 1, 1, 1, 1, 1, 1, 1, 1, 1, 1, 1, 1, 1, 1, 1, 1], "var": [0.129037201405, 0.04919013381, 0.0265064574778, 0.0366898886859, 0.0446641333401, 0.0658220872283, 0.104902744293, 0.0716596320271, 0.0878453627229, 0.139706537127, 0.057497292757, 0.0282073300332, 0.028026746586, 0.0244273822755, 0.0523850433528, 0.118772722781, 0.0612477175891, 0.0274582058191, 0.0279923137277, 0.0227950438857, 0.0543296895921, 0.110909104347, 0.0447849519551, 0.0245117526501, 0.02776456438, 0.0113673172891, 0.00760857295245, 0.0155946593732, 0.0128310192376, 0.0430902577937, 0.0959272533655, 0.0423837341368, 0.0231371726841, 0.0202958323061, 0.0193649660796, 0.0644199028611], "mean": [0.330527484417, 0.189229398966, 0.0687932744622, 0.0746120139956, 0.0949516072869, 0.182511746883, 0.25885489583, 0.207300916314, 0.253189146519, 0.314716726542, 0.179888173938, 0.0864205956459, 0.0832102894783, 0.0802580565214, 0.188063666224, 0.293074250221, 0.191413640976, 0.0782909095287, 0.0641609579325, 0.0712204426527, 0.213666111231, 0.318398207426, 0.188440665603, 0.0873899683356, 0.0768169462681, 0.0486402511597, 0.0475915037096, 0.0638617649674, 0.0624142214656, 0.164129257202, 0.25279250741, 0.154740184546, 0.0799917653203, 0.0712673515081, 0.067366309464, 0.216070458293]}, "tuning_equal_tempered_deviation": 0.011913578026, "chords_changes_rate": 0.0506035275757, "key_key": "C", "tuning_diatonic_strength": 0.560322523117, "key_scale": "major", "chords_number_rate": 0.0015475085238, "tuning_frequency": 441.272583008, "tuning_nontempered_energy_ratio": 0.643781602383, "chords_histogram": [17.6415977478, 9.8112039566, 21.6032180786, 0.526152908802, 2.89384102821, 0, 9.91952991486, 0.0464252568781, 2.3676879406, 0.0154750850052, 0, 0, 0, 0, 0, 0, 0.680903732777, 1.81058490276, 0, 0.232126280665, 0, 6.79356241226, 2.33673787117, 23.3209533691], "key_strength": 0.717314362526, "chords_key": "A", "chords_strength": {"dmean2": 0.00710323126987, "median": 0.499925553799, "min": 0.266100823879, "dvar2": 3.81160207326e-05, "dvar": 4.18343515776e-05, "dmean": 0.00779947731644, "max": 0.780464828014, "var": 0.00764039717615, "mean": 0.510995268822}, "chords_scale": "minor", "hpcp_entropy": {"dmean2": 0.883510828018, "median": 1.90123569965, "min": 0, "dvar2": 0.560535550117, "dvar": 0.205674752593, "dmean": 0.522245109081, "max": 3.99733996391, "var": 0.340174674988, "mean": 1.8947404623}}, "metadata": {"audio_properties": {"equal_loudness": 0, "codec": "mp3", "downmix": "mix", "sample_rate": 44100, "analysis_sample_rate": 44100, "bit_rate": 192017, "md5_encoded": "a95f115d89cb30818928ba5936e9c703", "length": 300.042449951, "replay_gain": -12.6172428131, "lossless": false}, "version": {"essentia_build_sha": "2d9f1f26377add8aeb1075a9c2973f962c4f09fd", "essentia": "2.1-beta2", "extractor": "music 1.0", "essentia_git_sha": "v2.1_beta2-1-ge3940c0"}, "tags": {"title": ["Theatre of Death"], "media": ["Digital Media"], "albumartist": ["the NIGHTCHILD"], "musicbrainz_recordingid": ["1ab19a20-42a5-4f8e-b4e6-ca07f940943a"], "encoding": ["MediaMonkey 4.0.6"], "originalyear": ["2012"], "copyrighturl": ["http://creativecommons.org/licenses/by-nc-sa/3.0/"], "discnumber": ["1/1"], "album": ["The World Unseen, The World Unknown"], "catalognumber": ["114911/afm204"], "musicbrainz album release country": ["XW"], "musicbrainz album type": ["album"], "musicbrainz album status": ["official"], "file_name": "06 Theatre of Death.mp3", "musicbrainz_albumartistid": ["30ea9ff8-9481-4617-8513-4fce6ce237f9"], "date": ["2012"], "genre": ["Gothic Rock"], "musicbrainz_releasegroupid": ["ddf0bd62-31dd-4764-a34d-3230405f2cef"], "musicbrainz_artistid": ["30ea9ff8-9481-4617-8513-4fce6ce237f9"], "originaldate": ["2012"], "musicbrainz_albumid": ["0a29f359-a131-4e96-91c1-00583f7e9ad4"], "artist": ["the NIGHTCHILD"], "artistsort": ["NIGHTCHILD, The"], "tracknumber": ["6/13"], "label": ["Jamendo/afmusic"], "albumartistsort": ["NIGHTCHILD, The"], "acoustid_id": ["6ff55d92-36bd-4aad-b5ba-5a6af9a9a44f"], "script": ["Latn"]}}, "rhythm": {"bpm_histogram_first_peak_bpm": {"dmean2": 0, "median": 120, "min": 120, "dvar2": 0, "dvar": 0, "dmean": 0, "max": 120, "var": 0, "mean": 120}, "bpm": 119.99949646, "bpm_histogram_second_peak_spread": {"dmean2": 0, "median": 0.578947424889, "min": 0.578947424889, "dvar2": 0, "dvar": 0, "dmean": 0, "max": 0.578947424889, "var": 0, "mean": 0.578947424889}, "bpm_histogram_first_peak_weight": {"dmean2": 0, "median": 0.749169409275, "min": 0.749169409275, "dvar2": 0, "dvar": 0, "dmean": 0, "max": 0.749169409275, "var": 0, "mean": 0.749169409275}, "onset_rate": 4.02586317062, "beats_position": [0.53405892849, 1.05650794506, 1.5673469305, 2.06657600403, 2.56580495834, 3.06503391266, 3.5758728981, 4.06349182129, 4.5627207756, 5.06195020676, 5.56117916107, 6.06040811539, 6.57124710083, 7.07047605515, 7.56970500946, 8.06893444061, 8.56816291809, 9.06739234924, 9.56662082672, 10.0658502579, 10.5650787354, 11.0643081665, 11.5635375977, 12.0627660751, 12.5619955063, 13.0612239838, 13.5604534149, 14.0596818924, 14.5589113235, 15.0697498322, 15.5689792633, 16.0682086945, 16.5674381256, 17.0666656494, 17.5658950806, 18.0651245117, 18.575963974, 19.0635814667, 19.574420929, 20.062040329, 20.5612697601, 21.0604991913, 21.5713367462, 22.0589561462, 22.5697956085, 23.0690250397, 23.5682544708, 24.0674819946, 24.5667114258, 25.0659408569, 25.5651702881, 26.0643978119, 26.563627243, 27.0628566742, 27.5620861053, 28.0613155365, 28.5605430603, 29.0597724915, 29.5590019226, 30.0698413849, 30.5690689087, 31.0682983398, 31.567527771, 32.0667572021, 32.5659866333, 33.0652160645, 33.5644454956, 34.0636711121, 34.5629005432, 35.0621299744, 35.5613594055, 36.0605888367, 36.5714263916, 37.059047699, 37.5698852539, 38.0691146851, 38.5683441162, 39.0675735474, 39.5668029785, 40.0660324097, 40.5652618408, 41.0644874573, 41.5637168884, 42.0629463196, 42.5621757507, 43.0614051819, 43.560634613, 44.071472168, 44.5707015991, 45.0699310303, 45.5691604614, 46.0683898926, 46.5676193237, 47.0668487549, 47.5660743713, 48.0653038025, 48.5645332336, 49.0637626648, 49.5629920959, 50.0622215271, 50.5614509583, 51.0606803894, 51.5715179443, 52.0591392517, 52.5699768066, 53.0575942993, 53.5568237305, 54.0560531616, 54.5668907166, 55.0661201477, 55.5653495789, 56.06457901, 56.5638084412, 57.0746459961, 57.5738754272, 58.0731048584, 58.5723342896, 59.0715637207, 59.5707931519, 60.070022583, 60.5692520142, 61.0684814453, 61.5677070618, 62.0669364929, 62.5661659241, 63.0653953552, 63.5646247864, 64.0638504028, 64.563079834, 65.0623092651, 65.5615386963, 66.0607681274, 66.5599975586, 67.0592269897, 67.5700683594, 68.0576858521, 68.5569152832, 69.0561447144, 69.566986084, 70.0662155151, 70.5654373169, 71.0762786865, 71.5755081177, 72.0747375488, 72.57396698, 73.0731964111, 73.5608139038, 74.060043335, 74.5592727661, 75.0585021973, 75.5577316284, 76.068572998, 76.5678024292, 77.0670318604, 77.5662536621, 78.0654830933, 78.5647125244, 79.0639419556, 79.5631713867, 80.0740127563, 80.5732421875, 81.0608596802, 81.5717010498, 82.070930481, 82.5701599121, 83.0577774048, 83.5686187744, 84.0678405762, 84.5670700073, 85.0662994385, 85.5655288696, 86.0647583008, 86.5639877319, 87.0632171631, 87.5624465942, 88.0732879639, 88.5609054565, 89.0717468262, 89.5709762573, 90.0702056885, 90.5694351196, 91.0686569214, 91.5678863525, 92.0671157837, 92.5663452148, 93.065574646, 93.5648040771, 94.0640335083, 94.5632629395, 95.0624923706, 95.5733337402, 96.0725631714, 96.5717926025, 97.0594100952, 97.5702438354, 98.0694732666, 98.5687026978, 99.0795440674, 99.5671615601, 100.066390991, 100.565620422, 101.064849854, 101.564079285, 102.063308716, 102.562538147, 103.061767578, 103.560997009, 104.071838379, 104.571060181, 105.070289612, 105.569519043, 106.068748474, 106.567977905, 107.067207336, 107.566436768, 108.065666199, 108.576507568, 109.064125061, 109.574966431, 110.062583923, 110.561813354, 111.061042786, 111.571876526, 112.082717896, 112.581947327, 113.081176758, 113.580406189, 114.07963562, 114.59047699, 115.078094482, 115.577323914, 116.076553345, 116.564170837, 117.063400269, 117.5626297, 118.061859131, 118.561088562, 119.060317993, 119.559547424, 120.058776855, 120.557998657, 121.068840027, 121.579681396, 122.078910828, 122.578140259, 123.07736969, 123.576599121, 124.075828552, 124.575057983, 125.074279785, 125.573509216, 126.061134338, 126.56036377, 127.059593201, 127.570426941, 128.069656372, 128.568893433, 129.068115234, 129.567337036, 130.066574097, 130.565795898, 131.065032959, 131.564254761, 132.063491821, 132.562713623, 133.073562622, 133.572784424, 134.072021484, 134.571243286, 135.070480347, 135.569702148, 136.068939209, 136.568161011, 137.067382813, 137.566619873, 138.065841675, 138.565078735, 139.064300537, 139.563537598, 140.062759399, 140.56199646, 141.061218262, 141.572067261, 142.071289063, 142.570526123, 143.069747925, 143.568969727, 144.068206787, 144.567428589, 145.066665649, 145.565887451, 146.065124512, 146.564346313, 147.063583374, 147.562805176, 148.062042236, 148.561264038, 149.060501099, 149.5597229, 150.070556641, 150.569793701, 151.069015503, 151.568252563, 152.067474365, 152.566711426, 153.065933228, 153.565170288, 154.06439209, 154.56362915, 155.062850952, 155.562088013, 156.061309814, 156.572158813, 157.059768677, 157.570602417, 158.069839478, 158.569061279, 159.06829834, 159.567520142, 160.066757202, 160.565979004, 161.065216064, 161.564437866, 162.063674927, 162.562896729, 163.073745728, 163.572967529, 164.072189331, 164.571426392, 165.070648193, 165.569885254, 166.069107056, 166.568344116, 167.067565918, 167.566802979, 168.06602478, 168.565261841, 169.064483643, 169.575332642, 170.062942505, 170.562179565, 171.061401367, 171.572235107, 172.059860229, 172.57069397, 173.058319092, 173.569152832, 174.068389893, 174.567611694, 175.066848755, 175.566070557, 176.065307617, 176.564529419, 177.063766479, 177.562988281, 178.062225342, 178.561447144, 179.060684204, 179.559906006, 180.070739746, 180.569976807, 181.069198608, 181.568435669, 182.067657471, 182.566894531, 183.066116333, 183.565353394, 184.064575195, 184.563812256, 185.063034058, 185.562271118, 186.06149292, 186.57232666, 187.071563721, 187.570785522, 188.058410645, 188.569244385, 189.068481445, 189.567703247, 190.066940308, 190.566162109, 191.06539917, 191.564620972, 192.063858032, 192.563079834, 193.062316895, 193.561538696, 194.072372437, 194.571609497, 195.070831299, 195.558456421, 196.069290161, 196.568527222, 197.067749023, 197.566986084, 198.066207886, 198.565444946, 199.064666748, 199.563903809, 200.06312561, 200.573959351, 201.061584473, 201.572418213, 202.060043335, 202.559265137, 203.058502197, 203.569335938, 204.05696106, 204.5677948, 205.06703186, 205.566253662, 206.065490723, 206.564712524, 207.063934326, 207.563171387, 208.074005127, 208.573242188, 209.072463989, 209.560089111, 210.070922852, 210.558547974, 211.069381714, 211.568618774, 212.067840576, 212.567077637, 213.066299438, 213.565536499, 214.064758301, 214.563980103, 215.063217163, 215.562438965, 216.061676025, 216.560897827, 217.060134888, 217.570968628, 218.070205688, 218.56942749, 219.068664551, 219.567886353, 220.067123413, 220.566345215, 221.053970337, 221.564804077, 222.064025879, 222.563262939, 223.062484741, 223.561721802, 224.072555542, 224.571792603, 225.071014404, 225.581848145, 226.081085205, 226.580307007, 227.067932129, 227.567153931, 228.066390991, 228.577224731, 229.064849854, 229.564071655, 230.063308716, 230.562530518, 231.061767578, 231.56098938, 232.06022644, 232.571060181, 233.070297241, 233.569519043, 234.080352783, 234.567977905, 235.067199707, 235.566436768, 236.077270508, 236.576507568, 237.07572937, 237.563354492, 238.062576294, 238.561813354, 239.061035156, 239.560272217, 240.071105957, 240.570343018, 241.069564819, 241.568786621, 242.068023682, 242.567245483, 243.066482544, 243.577316284, 244.076553345, 244.575775146, 245.075012207, 245.574234009, 246.061859131, 246.561080933, 247.060317993, 247.559539795, 248.058776855, 248.569610596, 249.080444336, 249.591293335, 250.078903198, 250.56652832, 251.065750122, 251.564987183, 252.075820923, 252.575057983, 253.074279785, 253.561904907, 254.061126709, 254.56036377, 255.059585571, 255.558822632, 256.069641113, 256.568878174, 257.068115234, 257.567352295, 258.066558838, 258.565795898, 259.065032959, 259.575866699, 260.07510376, 260.57434082, 261.061950684, 261.572784424, 262.072021484, 262.571228027, 263.070465088, 263.569702148, 264.068939209, 264.568145752, 265.055786133, 265.566619873, 266.065856934, 266.565063477, 267.064300537, 267.563537598, 268.074371338, 268.573608398, 269.072814941, 269.572052002, 270.071289063, 270.570526123, 271.069732666, 271.568969727, 272.068206787, 272.567443848, 273.066650391, 273.565887451, 274.065124512, 274.564361572, 275.063568115, 275.562805176, 276.062042236, 276.572875977, 277.072113037, 277.57131958, 278.070556641, 278.569793701, 279.069030762, 279.568237305, 280.067474365, 280.566711426, 281.065948486, 281.565155029, 282.06439209, 282.56362915, 283.062866211, 283.562072754, 284.061309814, 284.560546875, 285.059753418, 285.558990479, 286.069824219, 286.569061279, 287.06829834, 287.57913208, 288.08996582, 288.624023438, 289.146484375, 289.668914795, 290.075286865, 290.481628418, 290.876373291, 291.271118164, 291.66583252, 292.060577393, 292.443725586, 292.826843262, 293.221588135, 293.616333008, 294.011047363, 294.45223999, 294.893432617, 295.322998047, 295.7293396, 296.135681152, 296.542022705, 296.959991455, 297.377960205, 297.784301758, 298.190643311, 298.597015381, 299.014953613, 299.432922363], "beats_loudness": {"dmean2": 0.0236903894693, "median": 0.045987110585, "min": 1.83238479945e-10, "dvar2": 0.000376422132831, "dvar": 0.000122319470393, "dmean": 0.0135127110407, "max": 0.0987035483122, "var": 0.000227028460358, "mean": 0.0454298444092}, "danceability": 1.1843277216, "bpm_histogram_second_peak_weight": {"dmean2": 0, "median": 0.0132890362293, "min": 0.0132890362293, "dvar2": 0, "dvar": 0, "dmean": 0, "max": 0.0132890362293, "var": 0, "mean": 0.0132890362293}, "beats_count": 603, "bpm_histogram_second_peak_bpm": {"dmean2": 0, "median": 148, "min": 148, "dvar2": 0, "dvar": 0, "dmean": 0, "max": 148, "var": 0, "mean": 148}, "bpm_histogram_first_peak_spread": {"dmean2": 0, "median": 0.214285716414, "min": 0.214285716414, "dvar2": 0, "dvar": 0, "dmean": 0, "max": 0.214285716414, "var": 0, "mean": 0.214285716414}, "beats_loudness_band_ratio": {"dmean2": [0.229894176126, 0.213550582528, 0.135907590389, 0.0643947049975, 0.0839225724339, 0.113460294902], "median": [0.514102935791, 0.214912995696, 0.113166667521, 0.0524636954069, 0.0775281339884, 0.0398753173649], "min": [0.0135058164597, 0.0121528944001, 0.0048100608401, 0.000115106253361, 2.08928740904e-05, 3.99821055908e-06], "dvar2": [0.031211193651, 0.0262592993677, 0.0163505114615, 0.00346002914011, 0.00623804144561, 0.006930379197], "dvar": [0.0106106875464, 0.00882004015148, 0.00603362126276, 0.00123428564984, 0.00224817101844, 0.00255847279914], "dmean": [0.135492056608, 0.119969375432, 0.0792094767094, 0.036990839988, 0.0489299371839, 0.059609118849], "max": [0.88833886385, 0.744813263416, 0.755684614182, 0.288946092129, 0.342379063368, 0.816231071949], "var": [0.0323385819793, 0.0168918650597, 0.0110275447369, 0.00149235152639, 0.00292309373617, 0.00353149906732], "mean": [0.500308930874, 0.242058441043, 0.139516726136, 0.0607701726258, 0.0878008380532, 0.0510604307055]}}, "lowlevel": {"barkbands_spread": {"dmean2": 10.194975853, "median": 21.7154769897, "min": 0.733504295349, "dvar2": 126.540634155, "dvar": 48.2749519348, "dmean": 6.38759469986, "max": 105.305992126, "var": 129.077865601, "mean": 23.4722099304}, "melbands_spread": {"dmean2": 11.190243721, "median": 19.9018802643, "min": 1.41643607616, "dvar2": 157.977142334, "dvar": 63.8056793213, "dmean": 7.06112957001, "max": 164.223297119, "var": 198.544662476, "mean": 22.6545619965}, "hfc": {"dmean2": 10.5314159393, "median": 20.1797714233, "min": 1.18323236777e-16, "dvar2": 171.100784302, "dvar": 86.790977478, "dmean": 6.99555063248, "max": 189.153198242, "var": 353.268829346, "mean": 24.7973022461}, "barkbands_kurtosis": {"dmean2": 2.6976621151, "median": 1.36429405212, "min": -1.87958478928, "dvar2": 10.5856103897, "dvar": 4.08286046982, "dmean": 1.68908989429, "max": 36.2899284363, "var": 8.42404079437, "mean": 1.93025708199}, "gfcc": {"mean": [-6.8299036026, 137.781951904, -135.53692627, 42.9576225281, -45.514289856, -3.28635621071, -32.5730667114, 1.19009375572, -9.78768920898, -14.9502449036, -14.2939767838, -5.48191261292, -9.14635944366], "icov": [[0.000221811060328, -0.000127092804178, 0.000590579293203, -0.000298222526908, 7.04801132088e-05, -0.000360502162948, 0.000279942876659, -0.000252647558227, 0.000319769547787, -0.000289953604806, 0.000795052212197, -0.00054312258726, 0.000547001545783], [-0.000127092804178, 0.00253702676855, -0.000636587676127, 0.00105628347956, -0.000880829116795, 0.0017308491515, -0.0011104340665, 0.00114390847739, -0.00170910463203, 0.00244055455551, -0.00358662172221, 0.00299529707991, -0.00249630049802], [0.000590579293203, -0.000636587676127, 0.00384901510552, 5.52520104975e-05, 0.000853117671795, -0.00178929045796, 0.000644240528345, -0.00100642081816, 0.00120891502593, -0.00222610705532, 0.0031055600848, -0.00253050751053, 0.00164758902974], [-0.000298222526908, 0.00105628347956, 5.52520104975e-05, 0.00382440513931, -2.1850792109e-05, -0.00127852766309, -0.00226088264026, 0.00100809149444, -0.00143596960697, 0.00103748438414, -0.00307788397186, 0.00139049184509, -0.00231486000121], [7.04801132088e-05, -0.000880829116795, 0.000853117671795, -2.1850792109e-05, 0.00484152464196, 0.00120842526667, -0.00181158457417, -0.00175714259967, 0.000506534590386, -0.00120796577539, -0.00036346950219, -0.000613452808466, -0.000507859629579], [-0.000360502162948, 0.0017308491515, -0.00178929045796, -0.00127852766309, 0.00120842526667, 0.00792322121561, 0.00018878132687, -0.00109548983164, -0.000385224295314, 0.000883997709025, -0.00300251762383, 0.00278445822187, -0.00346010224894], [0.000279942876659, -0.0011104340665, 0.000644240528345, -0.00226088264026, -0.00181158457417, 0.00018878132687, 0.00724425679073, 0.000542490219232, -0.000210820799111, -0.00109518680256, 0.00116661621723, -0.00267278472893, 0.000818876607809], [-0.000252647558227, 0.00114390847739, -0.00100642081816, 0.00100809149444, -0.00175714259967, -0.00109548983164, 0.000542490219232, 0.0114293117076, -0.0020964643918, 0.000146784819663, -0.000824836897664, -4.74650478282e-05, -0.000734165834729], [0.000319769547787, -0.00170910463203, 0.00120891502593, -0.00143596960697, 0.000506534590386, -0.000385224295314, -0.000210820799111, -0.0020964643918, 0.0107136275619, -0.0019567552954, 0.000540060806088, -0.000578358245548, 0.000249956588959], [-0.000289953604806, 0.00244055455551, -0.00222610705532, 0.00103748438414, -0.00120796577539, 0.000883997709025, -0.00109518680256, 0.000146784819663, -0.0019567552954, 0.014917768538, -0.00469947233796, 0.00120553304441, 0.00208063051105], [0.000795052212197, -0.00358662172221, 0.0031055600848, -0.00307788397186, -0.00036346950219, -0.00300251762383, 0.00116661621723, -0.000824836897664, 0.000540060806088, -0.00469947233796, 0.019688244909, -0.00594336725771, 0.00313673727214], [-0.00054312258726, 0.00299529707991, -0.00253050751053, 0.00139049184509, -0.000613452808466, 0.00278445822187, -0.00267278472893, -4.74650478282e-05, -0.000578358245548, 0.00120553304441, -0.00594336725771, 0.0168418884277, -0.00646001053974], [0.000547001545783, -0.00249630049802, 0.00164758902974, -0.00231486000121, -0.000507859629579, -0.00346010224894, 0.000818876607809, -0.000734165834729, 0.000249956588959, 0.00208063051105, 0.00313673727214, -0.00646001053974, 0.0194979365915]], "cov": [[12609.7919922, -2950.93823242, -708.334716797, 795.802124023, -967.858459473, 998.452331543, -743.771850586, 284.408691406, -465.639068604, 187.613739014, -477.092681885, 138.633392334, -274.674987793], [-2950.93823242, 3402.14526367, -896.303649902, 153.009872437, 1162.30517578, -817.27734375, 871.27911377, -279.079956055, 523.522827148, -344.936645508, 535.500854492, -171.479476929, 337.537658691], [-708.334716797, -896.303649902, 898.96270752, -340.311798096, -421.499664307, 219.108627319, -329.438873291, 96.5345611572, -186.198669434, 142.815109253, -203.237442017, 59.3330230713, -126.370811462], [795.802124023, 153.009872437, -340.311798096, 697.4921875, 127.245353699, 113.640609741, 237.718811035, -32.4287033081, 111.762374878, -45.9566917419, 134.316772461, 8.28923225403, 105.714782715], [-967.858459473, 1162.30517578, -421.499664307, 127.245353699, 701.716369629, -330.885894775, 414.066894531, -68.5941009521, 195.754501343, -95.8046417236, 215.290176392, -26.3189640045, 130.6300354], [998.452331543, -817.27734375, 219.108627319, 113.640609741, -330.885894775, 404.889129639, -208.280609131, 80.5097732544, -107.58190155, 69.2220993042, -99.5687484741, 28.9711151123, -43.0479354858], [-743.771850586, 871.27911377, -329.438873291, 237.718811035, 414.066894531, -208.280609131, 467.894683838, -79.551864624, 170.444351196, -78.4620742798, 179.261108398, -5.62603521347, 115.1381073], [284.408691406, -279.079956055, 96.5345611572, -32.4287033081, -68.5941009521, 80.5097732544, -79.551864624, 123.588752747, -29.2766304016, 35.1429214478, -42.5661468506, 19.6833686829, -25.2268180847], [-465.639068604, 523.522827148, -186.198669434, 111.762374878, 195.754501343, -107.58190155, 170.444351196, -29.2766304016, 195.235748291, -44.1527137756, 104.022384644, -21.9190711975, 65.0504760742], [187.613739014, -344.936645508, 142.815109253, -45.9566917419, -95.8046417236, 69.2220993042, -78.4620742798, 35.1429214478, -44.1527137756, 120.485092163, -40.6773376465, 21.2036323547, -51.2639694214], [-477.092681885, 535.500854492, -203.237442017, 134.316772461, 215.290176392, -99.5687484741, 179.261108398, -42.5661468506, 104.022384644, -40.6773376465, 171.754348755, -6.82957553864, 66.9845046997], [138.633392334, -171.479476929, 59.3330230713, 8.28923225403, -26.3189640045, 28.9711151123, -5.62603521347, 19.6833686829, -21.9190711975, 21.2036323547, -6.82957553864, 93.4736709595, 5.64649295807], [-274.674987793, 337.537658691, -126.370811462, 105.714782715, 130.6300354, -43.0479354858, 115.1381073, -25.2268180847, 65.0504760742, -51.2639694214, 66.9845046997, 5.64649295807, 111.145980835]]}, "spectral_energyband_middle_low": {"dmean2": 0.00761493854225, "median": 0.0153930746019, "min": 2.12051566853e-22, "dvar2": 0.000127399078337, "dvar": 4.86017488583e-05, "dmean": 0.00488053355366, "max": 0.100155502558, "var": 0.000105225510197, "mean": 0.017311764881}, "melbands_crest": {"dmean2": 4.3725605011, "median": 12.1630868912, "min": 1.78026401997, "dvar2": 16.9396057129, "dvar": 6.34745454788, "dmean": 2.72524929047, "max": 28.9169635773, "var": 14.9586372375, "mean": 12.6814966202}, "spectral_kurtosis": {"dmean2": 6.54660701752, "median": 4.22951698303, "min": -1.18002653122, "dvar2": 131.002944946, "dvar": 47.0263442993, "dmean": 3.8463280201, "max": 329.459564209, "var": 582.095214844, "mean": 8.64921855927}, "spectral_rms": {"dmean2": 0.00120072881691, "median": 0.00572450226173, "min": 3.19886912098e-12, "dvar2": 1.79271319212e-06, "dvar": 7.37841560294e-07, "dmean": 0.000789255544078, "max": 0.0106963235885, "var": 2.25399708143e-06, "mean": 0.00570794707164}, "zerocrossingrate": {"dmean2": 0.0111117335036, "median": 0.04931640625, "min": 0.00732421875, "dvar2": 0.000121837401821, "dvar": 0.000103770471469, "dmean": 0.00906279031187, "max": 0.5087890625, "var": 0.00138312776107, "mean": 0.0553025454283}, "silence_rate_60dB": {"dmean2": 0.000619147147518, "median": 0, "min": 0, "dvar2": 0.000773568637669, "dvar": 0.000309474242385, "dmean": 0.000309549592203, "max": 1, "var": 0.0237809773535, "mean": 0.0243751443923}, "erbbands_kurtosis": {"dmean2": 0.844716131687, "median": -0.659085690975, "min": -1.80501353741, "dvar2": 1.00097835064, "dvar": 0.438149362803, "dmean": 0.54061293602, "max": 30.3929347992, "var": 1.74895977974, "mean": -0.387763977051}, "erbbands": {"dmean2": [0.192879259586, 2.17180967331, 3.30298757553, 6.30197620392, 14.5505666733, 12.9440517426, 12.2302074432, 12.3451385498, 11.2548236847, 21.1926364899, 27.3597126007, 27.2785453796, 20.3693695068, 10.1243629456, 17.4750366211, 14.0634975433, 9.23884296417, 24.6588859558, 18.8466510773, 30.3248023987, 36.2415504456, 52.6881904602, 35.30286026, 28.531621933, 15.4382743835, 11.2396717072, 10.2053174973, 8.60091876984, 11.232916832, 9.86976242065, 5.2051987648, 3.34034800529, 1.48523974419, 0.6086191535, 0.252677679062, 0.112919650972, 0.044257286936, 0.0174686145037, 0.00234377314337, 5.30480429006e-05], "median": [0.112540692091, 0.990038216114, 2.44278669357, 6.91079282761, 13.3421640396, 16.9870758057, 10.7963085175, 10.7293901443, 9.9992351532, 15.1082715988, 18.9275665283, 19.1729068756, 15.6872825623, 10.4844779968, 13.809885025, 10.8977022171, 7.25017642975, 18.9805278778, 16.0615005493, 19.8974781036, 30.6553268433, 40.871421814, 25.6208229065, 14.4227962494, 8.06478309631, 4.25557231903, 2.3513276577, 1.50094020367, 1.7989705801, 1.37190115452, 0.758845567703, 0.438120573759, 0.21572548151, 0.0719279646873, 0.0161968320608, 0.00386344688013, 0.000818477477878, 8.86276902747e-05, 2.55025915976e-05, 4.36979462393e-05], "min": [1.10486954666e-21, 1.51845147208e-21, 4.2945627666e-20, 2.07411932607e-19, 7.39407120662e-20, 5.86885032347e-20, 9.20649436832e-20, 1.95206029639e-19, 1.94683716781e-19, 1.76564764903e-19, 1.00563355938e-18, 1.06231921278e-18, 2.63285116287e-18, 2.73020349673e-18, 2.70640633769e-18, 3.2425442789e-18, 4.95335892645e-18, 5.78051141486e-18, 1.16034836649e-17, 9.35529195961e-18, 9.67075796572e-18, 8.83634531307e-18, 1.17143316573e-17, 1.60238913635e-17, 1.35500340337e-17, 1.38948641244e-17, 1.68253003369e-17, 1.80146669437e-17, 1.70201758174e-17, 1.49678613083e-17, 1.3681399414e-17, 1.17097482495e-17, 1.29611112161e-17, 1.22293971724e-17, 9.41436754459e-18, 5.07075033103e-18, 3.05540500506e-18, 1.72937709749e-18, 3.46631405708e-19, 3.86334769716e-20], "dvar2": [0.120191507041, 14.0500278473, 30.4722213745, 72.8243331909, 1003.04876709, 477.831542969, 567.617126465, 571.377624512, 549.881408691, 1780.32702637, 3421.70458984, 3248.93554688, 1095.52954102, 204.925979614, 689.581665039, 579.608520508, 406.198242188, 1491.00830078, 992.048034668, 2259.67211914, 2471.57617188, 5395.75146484, 2268.09619141, 2081.10107422, 544.43536377, 406.209594727, 416.220458984, 326.258544922, 497.652282715, 428.653076172, 149.817260742, 288.184051514, 46.986831665, 8.41308307648, 0.774847209454, 0.123977541924, 0.0199757516384, 0.00403867010027, 8.84066248545e-05, 2.03509458174e-08], "dvar": [0.0477095171809, 5.16490936279, 11.0024633408, 27.6268119812, 374.234222412, 169.52406311, 218.919036865, 235.491607666, 246.225891113, 812.973815918, 1597.80114746, 1390.96496582, 544.146240234, 108.59046936, 341.805999756, 292.868743896, 184.355270386, 770.255004883, 463.446868896, 1117.86132813, 1163.66271973, 2332.87890625, 950.808105469, 758.457641602, 211.452026367, 157.920349121, 156.914337158, 139.406997681, 235.139526367, 182.742202759, 75.8677139282, 145.11050415, 26.0230522156, 5.43763017654, 0.441060096025, 0.0531501583755, 0.00758270733058, 0.0014166443143, 3.07322261506e-05, 7.21998905107e-09], "dmean": [0.130678728223, 1.34385514259, 1.95823359489, 3.88821005821, 8.90044975281, 8.15315723419, 7.83974075317, 8.05921649933, 7.99111604691, 14.3852758408, 19.4768772125, 18.7209205627, 13.9547014236, 7.03365182877, 11.7946090698, 9.63757324219, 6.3132648468, 17.0182323456, 12.5295667648, 20.4353904724, 23.9335136414, 33.5766525269, 22.1397666931, 17.0224456787, 9.28681182861, 6.65411710739, 5.95338439941, 5.26529359818, 6.98750019073, 5.91765213013, 3.32931399345, 2.34680247307, 1.09254622459, 0.470234900713, 0.179713949561, 0.071635812521, 0.0260171946138, 0.00966158509254, 0.00128419895191, 3.13065975206e-05], "max": [2.39139056206, 19.1715393066, 38.6260643005, 59.843914032, 225.341033936, 190.367874146, 383.35647583, 349.470184326, 423.99798584, 706.741149902, 716.390319824, 863.08392334, 517.024108887, 301.976013184, 417.00793457, 684.577331543, 590.252990723, 499.402160645, 528.683105469, 647.949401855, 613.23638916, 684.248596191, 558.83404541, 471.601531982, 278.659729004, 257.301544189, 152.304336548, 274.128326416, 526.574829102, 291.039550781, 228.147583008, 401.093780518, 195.17350769, 87.3079910278, 37.4714317322, 5.56657934189, 1.46034264565, 0.508308768272, 0.0697327926755, 0.000984807498753], "var": [0.0756672024727, 7.19639968872, 13.7404680252, 42.8774414063, 366.807952881, 286.610931396, 602.504516602, 469.981903076, 526.807067871, 2708.72949219, 5440.35351563, 4108.92822266, 1918.27514648, 365.940948486, 1009.90441895, 732.862854004, 475.625854492, 1747.60070801, 1236.18017578, 2064.23364258, 2171.47509766, 3638.48608398, 1521.81665039, 1025.69213867, 441.495697021, 217.183959961, 181.975830078, 282.311309814, 665.037780762, 369.005523682, 194.165557861, 393.21105957, 93.724105835, 22.427028656, 1.67817974091, 0.123226232827, 0.00981756579131, 0.00101768888999, 1.90002610907e-05, 5.742285758e-09], "mean": [0.215590894222, 1.99451589584, 3.52782678604, 8.34635734558, 17.2023410797, 21.0485916138, 18.1708774567, 17.0731105804, 17.1445140839, 31.9552135468, 45.8069076538, 43.6228904724, 31.2641868591, 16.2000350952, 24.7434425354, 18.9633712769, 13.4943571091, 32.1781349182, 25.2071762085, 34.123008728, 42.8681259155, 57.5160522461, 37.7300682068, 25.392786026, 15.3177042007, 9.32216739655, 7.39570426941, 7.42036342621, 9.8355588913, 7.48175430298, 4.63463497162, 3.95757174492, 2.02900362015, 0.943237841129, 0.32647305727, 0.113882139325, 0.034929793328, 0.0095068635419, 0.00099437253084, 6.14095624769e-05]}, "spectral_strongpeak": {"dmean2": 0.81037145853, "median": 0.387581199408, "min": 0, "dvar2": 2.48671245575, "dvar": 0.932779490948, "dmean": 0.456879615784, "max": 11.6211051941, "var": 0.877688348293, "mean": 0.712419688702}, "spectral_energy": {"dmean2": 0.0154220890254, "median": 0.0335891731083, "min": 1.04885831203e-20, "dvar2": 0.000361625599908, "dvar": 0.000143029159517, "dmean": 0.00994310248643, "max": 0.117271624506, "var": 0.000273581856163, "mean": 0.0357055515051}, "average_loudness": 0.971626102924, "spectral_rolloff": {"dmean2": 991.481567383, "median": 1055.12695313, "min": 86.1328125, "dvar2": 1498238.625, "dvar": 665582.1875, "dmean": 582.705627441, "max": 19702.8808594, "var": 2327995.25, "mean": 1479.09094238}, "spectral_centroid": {"dmean2": 448.20010376, "median": 1273.27209473, "min": 228.159454346, "dvar2": 233733.84375, "dvar": 91640.1875, "dmean": 279.635894775, "max": 10909.4794922, "var": 248517.625, "mean": 1324.57629395}, "pitch_salience": {"dmean2": 0.103819362819, "median": 0.569579541683, "min": 0.169993638992, "dvar2": 0.00988057442009, "dvar": 0.00362975313328, "dmean": 0.0640970543027, "max": 0.843796789646, "var": 0.0123126273975, "mean": 0.561162352562}, "spectral_energyband_middle_high": {"dmean2": 0.00247104559094, "median": 0.00521338591352, "min": 1.66075985892e-21, "dvar2": 6.87386273057e-06, "dvar": 3.24525626638e-06, "dmean": 0.00168224715162, "max": 0.0309841092676, "var": 1.19125024867e-05, "mean": 0.00588947301731}, "spectral_contrast_coeffs": {"dmean2": [0.0762394592166, 0.0641709193587, 0.056712962687, 0.0526260361075, 0.0531818568707, 0.0414355546236], "median": [-0.632590055466, -0.722558498383, -0.752683341503, -0.755440175533, -0.723223924637, -0.715487658978], "min": [-0.964240252972, -0.959619045258, -0.97259157896, -0.96719878912, -0.957262098789, -0.961979806423], "dvar2": [0.00475153466687, 0.00274462788366, 0.00207365676761, 0.0018097741995, 0.00241333642043, 0.00178907101508], "dvar": [0.00184563547373, 0.00107376568485, 0.000829437747598, 0.000844669470098, 0.00118554732762, 0.000675531337038], "dmean": [0.0475210398436, 0.0402044504881, 0.0358091890812, 0.0348939336836, 0.0355010554194, 0.0249726809561], "max": [-0.276372492313, -0.45951423049, -0.522713541985, -0.461866378784, -0.484576314688, -0.535400152206], "var": [0.0088453758508, 0.00371994334273, 0.00278176926076, 0.00531667238101, 0.00503756012768, 0.00379644148052], "mean": [-0.618880808353, -0.719063282013, -0.750227212906, -0.741130769253, -0.716176867485, -0.718728363514]}, "melbands_skewness": {"dmean2": 0.902300238609, "median": 2.52028298378, "min": -0.32020971179, "dvar2": 0.889276862144, "dvar": 0.343027204275, "dmean": 0.584508121014, "max": 7.07721328735, "var": 0.928907513618, "mean": 2.62897825241}, "spectral_spread": {"dmean2": 806930.125, "median": 3557089, "min": 299188.6875, "dvar2": 1055939100670.0, "dvar": 542190174208, "dmean": 551894.375, "max": 40659244, "var": 2650728824830.0, "mean": 3629049}, "dissonance": {"dmean2": 0.0243141185492, "median": 0.475405752659, "min": 0.114041857421, "dvar2": 0.000718429859262, "dvar": 0.000262555433437, "dmean": 0.0146973403171, "max": 0.500000238419, "var": 0.00129359494895, "mean": 0.467525392771}, "spectral_skewness": {"dmean2": 0.649438619614, "median": 1.42991256714, "min": -0.100692667067, "dvar2": 0.557680487633, "dvar": 0.195297971368, "dmean": 0.39081159234, "max": 15.0373916626, "var": 1.93144178391, "mean": 1.63088095188}, "spectral_flux": {"dmean2": 0.03746573627, "median": 0.0761879757047, "min": 1.02413785785e-10, "dvar2": 0.00155325164087, "dvar": 0.000711514032446, "dmean": 0.0242047607899, "max": 0.282653599977, "var": 0.00158410193399, "mean": 0.0835379511118}, "spectral_contrast_valleys": {"dmean2": [0.566761255264, 0.461843252182, 0.438074886799, 0.424585610628, 0.551335513592, 0.690548360348], "median": [-6.54881668091, -6.41155099869, -7.06545162201, -7.65582704544, -7.67242431641, -10.5097789764], "min": [-26.982509613, -27.5659599304, -27.7735023499, -26.9157428741, -27.3573684692, -27.1991252899], "dvar2": [0.267777919769, 0.159642755985, 0.142278522253, 0.160452961922, 0.48829549551, 0.925487101078], "dvar": [0.124559104443, 0.0780055448413, 0.075467556715, 0.088954269886, 0.241505518556, 0.436075329781], "dmean": [0.352104485035, 0.280490040779, 0.270275384188, 0.283162504435, 0.384621441364, 0.49404206872], "max": [-5.04553556442, -4.63009262085, -5.45955228806, -5.85662889481, -5.75889253616, -7.3464884758], "var": [1.53812348843, 0.888192653656, 1.08358943462, 1.49804294109, 1.88437902927, 3.43895506859], "mean": [-6.82121706009, -6.48452568054, -7.18572950363, -7.85944700241, -7.91901922226, -11.0806474686]}, "erbbands_flatness_db": {"dmean2": 0.0300347879529, "median": 0.172615528107, "min": 0.0442849434912, "dvar2": 0.00115322158672, "dvar": 0.000547408475541, "dmean": 0.0207684282213, "max": 0.465265482664, "var": 0.00397636322305, "mean": 0.188638195395}, "spectral_energyband_high": {"dmean2": 0.000919961719774, "median": 0.000229423720157, "min": 7.62655354895e-21, "dvar2": 2.91745482173e-06, "dvar": 1.4541734572e-06, "dmean": 0.000589936913457, "max": 0.02122300677, "var": 4.59940474684e-06, "mean": 0.000953074195422}, "spectral_entropy": {"dmean2": 0.322584033012, "median": 7.37476873398, "min": 4.51107883453, "dvar2": 0.16906824708, "dvar": 0.0748201534152, "dmean": 0.221395403147, "max": 9.81380844116, "var": 0.404922246933, "mean": 7.25056648254}, "silence_rate_20dB": {"dmean2": 0, "median": 1, "min": 1, "dvar2": 0, "dvar": 0, "dmean": 0, "max": 1, "var": 0, "mean": 1}, "melbands_flatness_db": {"dmean2": 0.0471837334335, "median": 0.21523706615, "min": 0.00391822354868, "dvar2": 0.00317463022657, "dvar": 0.00125826650765, "dmean": 0.0304144453257, "max": 0.60843873024, "var": 0.00752375880256, "mean": 0.230645477772}, "barkbands": {"dmean2": [9.60967881838e-05, 0.00871678348631, 0.0028460463509, 0.00262072030455, 0.00450770929456, 0.00153248617426, 0.000905096589122, 0.00132150342688, 0.0010773051763, 0.000526957155671, 0.000432098080637, 0.000311744835926, 0.000202890689252, 0.000508880999405, 0.000442671211204, 0.000673852453474, 0.0012078062864, 0.000579608080443, 0.000387637119275, 0.000238231106778, 0.000222963528358, 0.0003112168