{"tonal": {"thpcp": [1, 0.739569246769, 0.607294142246, 0.597293496132, 0.391269445419, 0.330663949251, 0.374595373869, 0.34984895587, 0.595388352871, 0.86340790987, 0.632363498211, 0.374747991562, 0.350376725197, 0.380459487438, 0.674601852894, 0.891101837158, 0.635162711143, 0.357538789511, 0.254963517189, 0.268841654062, 0.509619414806, 0.706491172314, 0.659844517708, 0.806223154068, 0.985787034035, 0.715693295002, 0.462789475918, 0.426928877831, 0.410288661718, 0.698677241802, 0.932752251625, 0.627187848091, 0.336916089058, 0.303732991219, 0.3339612782, 0.709564208984], "hpcp": {"dmean2": [0.266779690981, 0.222156554461, 0.149229675531, 0.13348005712, 0.153142526746, 0.228663951159, 0.26403298974, 0.239232540131, 0.205683723092, 0.195162072778, 0.154120594263, 0.138686135411, 0.150603666902, 0.151513457298, 0.203593537211, 0.240689352155, 0.21780590713, 0.164924949408, 0.148684188724, 0.172248184681, 0.234381645918, 0.262143820524, 0.22142355144, 0.157455608249, 0.123719997704, 0.130968630314, 0.204248726368, 0.251937955618, 0.251308739185, 0.275690793991, 0.272492557764, 0.232839599252, 0.193086996675, 0.177248895168, 0.189779311419, 0.240760281682], "median": [0.0971379578114, 0.064415179193, 0.0272257700562, 0.0167696662247, 0.0287688262761, 0.0746838077903, 0.104164883494, 0.0874305218458, 0.0493540689349, 0.0352011919022, 0.0294449441135, 0.0286515336484, 0.0267266109586, 0.0327087379992, 0.0579714179039, 0.0775324702263, 0.0577452927828, 0.028479475528, 0.0185173340142, 0.0304266773164, 0.0757170394063, 0.0907826572657, 0.0687724947929, 0.0247967019677, 0.0130503196269, 0.0193732120097, 0.0500764548779, 0.0690915882587, 0.0723910108209, 0.0917668789625, 0.0898158997297, 0.0615293309093, 0.035578135401, 0.0226663388312, 0.0323945507407, 0.0739369168878], "min": [0, 0, 0, 0, 0, 0, 0, 0, 0, 0, 0, 0, 0, 0, 0, 0, 0, 0, 0, 0, 0, 0, 0, 0, 0, 0, 0, 0, 0, 0, 0, 0, 0, 0, 0, 0], "dvar2": [0.111580468714, 0.0886873975396, 0.0592256300151, 0.0590256601572, 0.062596552074, 0.08675917238, 0.111479602754, 0.0921997576952, 0.0843035206199, 0.0910139232874, 0.0608165003359, 0.0566151887178, 0.0655261054635, 0.0560916215181, 0.0798896849155, 0.1050600335, 0.0933862552047, 0.068922072649, 0.0655790939927, 0.0702682957053, 0.0921115875244, 0.108818396926, 0.0829760208726, 0.0680885091424, 0.056160043925, 0.0503951199353, 0.0846732109785, 0.108122959733, 0.102224685252, 0.114039972425, 0.122776925564, 0.0961242392659, 0.0879547670484, 0.0840611532331, 0.0820703878999, 0.0952035784721], "dvar": [0.0446016080678, 0.0336654707789, 0.0216335412115, 0.0216501802206, 0.0223212260753, 0.0329388529062, 0.0440732315183, 0.0346187800169, 0.0318454504013, 0.0353814475238, 0.0232373178005, 0.020277287811, 0.0244851987809, 0.0204538069665, 0.0301261227578, 0.0417648069561, 0.0355836451054, 0.0252500325441, 0.0250440835953, 0.0264117587358, 0.0350972749293, 0.0447723418474, 0.0319640636444, 0.0253228060901, 0.0203202925622, 0.0186610594392, 0.0319962799549, 0.0419341959059, 0.0379546508193, 0.0421429127455, 0.0473474189639, 0.0360326208174, 0.0322980731726, 0.0310917012393, 0.0295982118696, 0.0360925756395], "dmean": [0.157283350825, 0.129646986723, 0.0853924974799, 0.0755375921726, 0.0872195884585, 0.13350880146, 0.155028656125, 0.140457049012, 0.119271434844, 0.113812863827, 0.089263625443, 0.0799636617303, 0.0867202877998, 0.0874425172806, 0.118429288268, 0.141502708197, 0.127516001463, 0.0949527844787, 0.0854475945234, 0.0986251011491, 0.138064414263, 0.154889553785, 0.129919856787, 0.0891800820827, 0.0692979246378, 0.0743672475219, 0.118242315948, 0.146017432213, 0.145534321666, 0.158948302269, 0.158621937037, 0.136086568236, 0.110615760088, 0.100768260658, 0.107552394271, 0.140964657068], "max": [1, 1, 1, 1, 1, 1, 1, 1, 1, 1, 1, 1, 1, 1, 1, 1, 1, 1, 1, 1, 1, 1, 1, 1, 1, 1, 1, 1, 1, 1, 1, 1, 1, 1, 1, 1], "var": [0.100953519344, 0.0539904795587, 0.027130285278, 0.0314052700996, 0.024617254734, 0.0630491226912, 0.110902704298, 0.0622262321413, 0.0618365556002, 0.0702679082751, 0.0337913744152, 0.0255644321442, 0.0369308553636, 0.0246438607574, 0.0518653765321, 0.0974016115069, 0.059902831912, 0.0315211303532, 0.0363339111209, 0.031288228929, 0.0559216849506, 0.0958742052317, 0.0509268119931, 0.0346044972539, 0.0234595052898, 0.0202929433435, 0.0437500402331, 0.0716487690806, 0.0594189055264, 0.0727555826306, 0.114325597882, 0.0699135586619, 0.0433339960873, 0.0497903525829, 0.0344248600304, 0.0626802071929], "mean": [0.250970423222, 0.168753921986, 0.0906521230936, 0.0817237347364, 0.0898570865393, 0.190918460488, 0.26906439662, 0.198991760612, 0.16340123117, 0.160710409284, 0.105276674032, 0.0889698937535, 0.100790277123, 0.0941319018602, 0.160197809339, 0.232312321663, 0.170146510005, 0.100831344724, 0.0942739024758, 0.102368101478, 0.181511342525, 0.239763781428, 0.170899674296, 0.0962009578943, 0.0686016082764, 0.0723357200623, 0.137120440602, 0.190091624856, 0.177540659904, 0.216925948858, 0.265240192413, 0.192567586899, 0.124520167708, 0.114871360362, 0.110394068062, 0.18798917532]}, "tuning_equal_tempered_deviation": 0.0219239145517, "chords_changes_rate": 0.052665207535, "key_key": "G", "tuning_diatonic_strength": 0.645775437355, "key_scale": "major", "chords_number_rate": 0.00146038702223, "tuning_frequency": 444.598632812, "tuning_nontempered_energy_ratio": 0.741963863373, "chords_histogram": [20.6736030579, 5.00182533264, 13.5724716187, 0.930996716022, 3.35889005661, 3.42278194427, 7.09200429916, 2.90251922607, 5.29390287399, 0.867104768753, 0.693683803082, 0, 0.155166119337, 0.228185474873, 1.08616280556, 1.56078863144, 0.967506408691, 3.01204824448, 1.00401604176, 1.33260309696, 0.529390275478, 9.16392803192, 5.48557853699, 11.6648416519], "key_strength": 0.795071601868, "chords_key": "G", "chords_strength": {"dmean2": 0.00977339781821, "median": 0.556353867054, "min": 0.220644399524, "dvar2": 7.18310475349e-05, "dvar": 6.78039723425e-05, "dmean": 0.0101354531944, "max": 0.845439732075, "var": 0.0112037500367, "mean": 0.552369296551}, "chords_scale": "major", "hpcp_entropy": {"dmean2": 1.07700824738, "median": 2.01003217697, "min": 0, "dvar2": 0.721204817295, "dvar": 0.259054243565, "dmean": 0.632836103439, "max": 4.20635843277, "var": 0.538066029549, "mean": 1.94947719574}}, "metadata": {"audio_properties": {"equal_loudness": 0, "codec": "mp3", "downmix": "mix", "sample_rate": 44100, "analysis_sample_rate": 44100, "bit_rate": 192000, "md5_encoded": "4c337b0ab68d952a161b0b3a0de16df5", "length": 508.734680176, "replay_gain": -6.10263824463, "lossless": false}, "version": {"essentia_build_sha": "70f2e5ece6736b2c40cc944ad0e695b16b925413", "essentia": "2.1-beta2", "extractor": "music 1.0", "essentia_git_sha": "v2.1_beta2"}, "tags": {"title": ["04 Allegro Molto Vivace"], "artist": ["VA"], "albumartist": ["VA"], "date": ["2003"], "genre": ["Other"], "album": ["MozartSymphonies Nos. 39, 40, 41; Eine Kleine Nachtmusik; Serenata notturna"], "tracknumber": ["4"], "musicbrainz_recordingid": ["1ab2414d-d0d3-45ac-8330-4f946536fe8f"], "file_name": "327366.mp3"}}, "rhythm": {"bpm_histogram_first_peak_bpm": {"dmean2": 0, "median": 167, "min": 167, "dvar2": 0, "dvar": 0, "dmean": 0, "max": 167, "var": 0, "mean": 167}, "bpm": 164.00843811, "bpm_histogram_second_peak_spread": {"dmean2": 0, "median": 0.278606951237, "min": 0.278606951237, "dvar2": 0, "dvar": 0, "dmean": 0, "max": 0.278606951237, "var": 0, "mean": 0.278606951237}, "bpm_histogram_first_peak_weight": {"dmean2": 0, "median": 0.2912761271, "min": 0.2912761271, "dvar2": 0, "dvar": 0, "dmean": 0, "max": 0.2912761271, "var": 0, "mean": 0.2912761271}, "onset_rate": 2.20737433434, "beats_position": [0.383129239082, 0.777868449688, 1.17260766029, 1.5673469305, 1.9620860815, 2.35682535172, 2.75156450272, 3.13469386101, 3.51782298088, 3.88934230804, 4.26086139679, 4.6439909935, 5.01551008224, 5.39863920212, 5.78176879883, 6.1648979187, 6.54802703857, 6.93115615845, 7.31428575516, 7.6858048439, 8.06893444061, 8.45206356049, 8.83519268036, 9.21832180023, 9.58984088898, 9.96135997772, 10.3328800201, 10.71600914, 11.0991382599, 11.4822673798, 11.8886165619, 12.2833557129, 12.6780948639, 13.0728340149, 13.4675731659, 13.8623123169, 14.2570514679, 14.6517915726, 15.0465307236, 15.4412698746, 15.8360090256, 16.2307472229, 16.6254863739, 17.0202255249, 17.4149665833, 17.7980957031, 18.181224823, 18.5527439117, 18.9242630005, 19.3073921204, 19.6905212402, 20.062040329, 20.4451694489, 20.8166885376, 21.1882076263, 21.5597267151, 21.942855835, 22.3492050171, 22.7555541992, 23.1619052887, 23.5682544708, 23.9862117767, 24.40417099, 24.8221302032, 25.2400894165, 25.6464385986, 26.0527877808, 26.4475269318, 26.830657959, 27.2137870789, 27.5969161987, 27.9800453186, 28.3631744385, 28.7346935272, 29.1178226471, 29.4893417358, 29.8608608246, 30.2323799133, 30.6038990021, 30.9754180908, 31.3469390869, 31.7184581757, 32.0899772644, 32.4614944458, 32.8214035034, 33.1813163757, 33.5528335571, 33.9243545532, 34.3074836731, 34.690612793, 35.0737419128, 35.4568710327, 35.8283882141, 36.1999092102, 36.5714263916, 36.9429473877, 37.3144645691, 37.6743774414, 38.034286499, 38.4058036804, 38.7773246765, 39.1488418579, 39.520362854, 39.9034919739, 40.2866210938, 40.6581382751, 41.0296592712, 41.4011802673, 41.7843093872, 42.1674385071, 42.5389556885, 42.9220848083, 43.2936058044, 43.6767349243, 44.0482521057, 44.4197731018, 44.7912902832, 45.1628112793, 45.5343284607, 45.9058494568, 46.2773704529, 46.6488876343, 47.0204086304, 47.380317688, 47.7634468079, 48.1465759277, 48.5180931091, 48.8896141052, 49.2727432251, 49.6442604065, 50.0273895264, 50.3989105225, 50.7820396423, 51.1651687622, 51.5366897583, 51.9198188782, 52.2913360596, 52.6744651794, 53.0575942993, 53.4291152954, 53.8006324768, 54.1837615967, 54.5668907166, 54.9500198364, 55.333152771, 55.7162818909, 56.0994110107, 56.4709281921, 56.8424491882, 57.2139663696, 57.5854873657, 57.9570045471, 58.3285255432, 58.7000427246, 59.0715637207, 59.4430847168, 59.7913818359, 60.1512908936, 60.5111999512, 60.8711090088, 61.2310180664, 61.590927124, 61.9392280579, 62.2991371155, 62.6590461731, 63.0189552307, 63.3672561646, 63.7155532837, 64.0754623413, 64.4353713989, 64.7836685181, 65.1319732666, 65.5034942627, 65.8750076294, 66.2465286255, 66.6180496216, 66.9895706177, 67.3726959229, 67.7558288574, 68.1273422241, 68.4872512817, 68.8471679688, 69.2070770264, 69.566986084, 69.9384994507, 70.2984085083, 70.6583175659, 71.029838562, 71.4013595581, 71.7728805542, 72.1560058594, 72.5391387939, 72.91065979, 73.2937850952, 73.6769180298, 74.060043335, 74.4431762695, 74.8263015747, 75.2094345093, 75.5925598145, 75.9872970581, 76.3704299927, 76.7535552979, 77.1366882324, 77.5082092285, 77.8797302246, 78.2512435913, 78.6227645874, 78.9942855835, 79.3658065796, 79.7373199463, 80.1088409424, 80.4803619385, 80.8518829346, 81.2350082397, 81.6181411743, 82.0012664795, 82.3843994141, 82.7675247192, 83.1506576538, 83.533782959, 83.9169158936, 84.3000411987, 84.6831741333, 85.0546951294, 85.4378204346, 85.8209533691, 86.2040786743, 86.5872116089, 86.9587249756, 87.3302459717, 87.6901550293, 88.0500640869, 88.4099731445, 88.7814941406, 89.1414031982, 89.5129241943, 89.8844451904, 90.2559585571, 90.6274795532, 90.9757843018, 91.3356933594, 91.695602417, 92.0555114746, 92.4154205322, 92.7753295898, 93.1352386475, 93.4835357666, 93.8434448242, 94.2033538818, 94.5632629395, 94.9231719971, 95.2830810547, 95.6429901123, 96.0028991699, 96.3628082275, 96.7111129761, 97.0594100952, 97.4077072144, 97.7560043335, 98.104309082, 98.4526062012, 98.8009033203, 99.1492080688, 99.497505188, 99.8458023071, 100.194099426, 100.542404175, 100.879089355, 101.227394104, 101.564079285, 101.912376404, 102.260681152, 102.597366333, 102.934059143, 103.282356262, 103.630653381, 103.97895813, 104.327255249, 104.687164307, 105.047073364, 105.395370483, 105.766891479, 106.138412476, 106.509933472, 106.881446838, 107.264579773, 107.647705078, 108.030838013, 108.402359009, 108.773872375, 109.145393372, 109.516914368, 109.888435364, 110.248344421, 110.619865417, 110.979774475, 111.339683533, 111.69959259, 112.059501648, 112.419410706, 112.779319763, 113.15083313, 113.522354126, 113.893875122, 114.265396118, 114.625305176, 114.985214233, 115.345123291, 115.705032349, 116.076553345, 116.436462402, 116.79637146, 117.167892456, 117.551017761, 117.934150696, 118.328887939, 118.723625183, 119.118362427, 119.5131073, 119.896232605, 120.27936554, 120.662490845, 121.045623779, 121.417137146, 121.788658142, 122.160179138, 122.531700134, 122.90322113, 123.274734497, 123.646255493, 124.006164551, 124.377685547, 124.749206543, 125.109115601, 125.469024658, 125.828933716, 126.177230835, 126.537139893, 126.89704895, 127.256958008, 127.616867065, 127.976776123, 128.336685181, 128.696594238, 129.056503296, 129.428024292, 129.799545288, 130.171066284, 130.54258728, 130.902496338, 131.262405396, 131.622314453, 131.982223511, 132.353744507, 132.725265503, 133.085174561, 133.445083618, 133.816589355, 134.188110352, 134.559631348, 134.942764282, 135.325897217, 135.709014893, 136.092147827, 136.463668823, 136.835189819, 137.206710815, 137.566619873, 137.926528931, 138.298049927, 138.657958984, 139.017868042, 139.3777771, 139.737686157, 140.109207153, 140.480728149, 140.852249146, 141.235366821, 141.618499756, 142.00163269, 142.384765625, 142.779495239, 143.174240112, 143.568969727, 143.9637146, 144.358459473, 144.753189087, 145.14793396, 145.542678833, 145.937408447, 146.343765259, 146.750106812, 147.144851685, 147.551193237, 147.934326172, 148.329071045, 148.712203979, 149.095321655, 149.47845459, 149.849975586, 150.233108521, 150.604629517, 150.987747192, 151.359268188, 151.719177246, 152.079086304, 152.438995361, 152.798904419, 153.182037354, 153.576782227, 153.959899902, 154.354644775, 154.749389648, 155.144119263, 155.550476074, 155.945205688, 156.339950562, 156.734695435, 157.129425049, 157.53578186, 157.942123413, 158.336868286, 158.731613159, 159.126342773, 159.509475708, 159.892608643, 160.287338257, 160.670471191, 161.053604126, 161.436737061, 161.819854736, 162.179763794, 162.539672852, 162.899581909, 163.259490967, 163.619400024, 163.990921021, 164.350830078, 164.710739136, 165.082260132, 165.453781128, 165.825302124, 166.19682312, 166.568344116, 166.951477051, 167.322982788, 167.694503784, 168.06602478, 168.437545776, 168.809066772, 169.180587769, 169.552108765, 169.923629761, 170.295150757, 170.655059814, 171.003356934, 171.363265991, 171.723175049, 172.083084106, 172.431381226, 172.779678345, 173.127975464, 173.487884521, 173.847793579, 174.196090698, 174.555999756, 174.915908813, 175.264221191, 175.612518311, 175.96081543, 176.309112549, 176.669021606, 177.028930664, 177.388839722, 177.748748779, 178.108657837, 178.468566895, 178.828475952, 179.18838501, 179.548294067, 179.908203125, 180.256500244, 180.604797363, 180.953109741, 181.30140686, 181.661315918, 182.009613037, 182.369522095, 182.729431152, 183.077728271, 183.426025391, 183.77432251, 184.134231567, 184.494140625, 184.842453003, 185.202362061, 185.55065918, 185.910568237, 186.270477295, 186.630386353, 186.99029541, 187.350204468, 187.710113525, 188.070022583, 188.429931641, 188.789840698, 189.138137817, 189.498046875, 189.857955933, 190.206253052, 190.566162109, 190.926071167, 191.274368286, 191.634277344, 191.994186401, 192.354095459, 192.702392578, 193.062316895, 193.422225952, 193.78213501, 194.142044067, 194.501953125, 194.861862183, 195.22177124, 195.581680298, 195.941589355, 196.301498413, 196.649795532, 196.998092651, 197.358001709, 197.706298828, 198.066207886, 198.426116943, 198.786026001, 199.13432312, 199.494232178, 199.842529297, 200.202438354, 200.562347412, 200.92225647, 201.282180786, 201.653686523, 202.013595581, 202.373504639, 202.733413696, 203.093322754, 203.453231812, 203.824752808, 204.184661865, 204.544570923, 204.892883301, 205.252792358, 205.612701416, 205.972610474, 206.332519531, 206.704025269, 207.075546265, 207.447067261, 207.818588257, 208.190109253, 208.561630249, 208.933151245, 209.31628418, 209.687789917, 210.059310913, 210.430831909, 210.802352905, 211.162261963, 211.533782959, 211.905303955, 212.276824951, 212.648345947, 213.019866943, 213.391372681, 213.762893677, 214.134414673, 214.505935669, 214.877456665, 215.248977661, 215.620498657, 215.992019653, 216.363540649, 216.723449707, 217.083358765, 217.443267822, 217.80317688, 218.163085938, 218.522994995, 218.882904053, 219.24281311, 219.602722168, 219.974243164, 220.345748901, 220.717269897, 221.088790894, 221.448699951, 221.820220947, 222.180130005, 222.540039062, 222.911560059, 223.283081055, 223.654602051, 224.014511108, 224.374420166, 224.745941162, 225.117462158, 225.488967896, 225.860488892, 226.232009888, 226.603530884, 226.97505188, 227.346572876, 227.718093872, 228.07800293, 228.449523926, 228.809432983, 229.169342041, 229.529251099, 229.889160156, 230.249069214, 230.597366333, 230.957275391, 231.317184448, 231.665481567, 232.013778687, 232.362075806, 232.710388184, 233.070297241, 233.430206299, 233.790115356, 234.150024414, 234.509933472, 234.869842529, 235.218139648, 235.566436768, 235.914733887, 236.263031006, 236.611328125, 236.959625244, 237.307937622, 237.656234741, 237.992919922, 238.341217041, 238.68951416, 239.037811279, 239.397735596, 239.757644653, 240.117553711, 240.489059448, 240.860580444, 241.23210144, 241.603622437, 241.975143433, 242.346664429, 242.718185425, 243.089706421, 243.461227417, 243.832733154, 244.20425415, 244.575775146, 244.947296143, 245.318817139, 245.690338135, 246.061859131, 246.433380127, 246.804885864, 247.164810181, 247.524719238, 247.896224976, 248.267745972, 248.639266968, 249.010787964, 249.38230896, 249.777053833, 250.171783447, 250.56652832, 250.961257935, 251.344390869, 251.727523804, 252.110656738, 252.493789673, 252.86529541, 253.236816406, 253.596725464, 253.956634521, 254.316543579, 254.664840698, 255.024749756, 255.384674072, 255.74458313, 256.09286499, 256.441162109, 256.789459229, 257.137786865, 257.486083984, 257.834381104, 258.182678223, 258.530975342, 258.890869141, 259.250793457, 259.599090576, 259.958984375, 260.307312012, 260.655609131, 261.00390625, 261.363800049, 261.723724365, 262.083618164, 262.45513916, 262.826660156, 263.186584473, 263.546478271, 263.906402588, 264.266296387, 264.614593506, 264.962890625, 265.311187744, 265.647888184, 265.984588623, 266.321258545, 266.657958984, 266.983032227, 267.319732666, 267.656402588, 268.004699707, 268.352996826, 268.701324463, 269.049621582, 269.397918701, 269.74621582, 270.094512939, 270.454406738, 270.814331055, 271.162628174, 271.510925293, 271.859222412, 272.207519531, 272.544219971, 272.89251709, 273.240814209, 273.600708008, 273.960632324, 274.33215332, 274.692047119, 275.051971436, 275.411865234, 275.771789551, 276.12008667, 276.479980469, 276.828308105, 277.176605225, 277.536499023, 277.884796143, 278.233093262, 278.581390381, 278.91809082, 279.266387939, 279.614685059, 279.962982178, 280.311279297, 280.659576416, 280.996276855, 281.344573975, 281.681274414, 282.017944336, 282.343048096, 282.702941895, 283.062866211, 283.42276001, 283.782684326, 284.142578125, 284.514099121, 284.885620117, 285.245513916, 285.605438232, 285.953735352, 286.302032471, 286.65032959, 287.010253906, 287.370147705, 287.730072021, 288.08996582, 288.438262939, 288.786560059, 289.134857178, 289.483154297, 289.831481934, 290.191375732, 290.551300049, 290.911193848, 291.271118164, 291.619415283, 291.967712402, 292.316009521, 292.664306641, 293.01260376, 293.360900879, 293.709197998, 294.057495117, 294.417419434, 294.777313232, 295.137237549, 295.497131348, 295.845428467, 296.193725586, 296.542022705, 296.890319824, 297.238647461, 297.58694458, 297.935241699, 298.283538818, 298.631835938, 298.980133057, 299.328430176, 299.676727295, 300.025024414, 300.373321533, 300.721618652, 301.069915771, 301.418212891, 301.76651001, 302.114837646, 302.463134766, 302.811431885, 303.159729004, 303.508026123, 303.856323242, 304.204620361, 304.55291748, 304.9012146, 305.237915039, 305.574584961, 305.92288208, 306.282806396, 306.642730713, 307.002624512, 307.362548828, 307.722442627, 308.070739746, 308.419036865, 308.755737305, 309.104034424, 309.452331543, 309.800628662, 310.148925781, 310.4972229, 310.84552002, 311.193817139, 311.542114258, 311.902038574, 312.261932373, 312.621856689, 312.981750488, 313.330047607, 313.678375244, 314.038269043, 314.398193359, 314.758087158, 315.118011475, 315.489532471, 315.861022949, 316.232543945, 316.592468262, 316.952362061, 317.312286377, 317.683807373, 318.020507812, 318.345581055, 318.682250977, 319.018951416, 319.344024658, 319.680725098, 320.01739502, 320.365722656, 320.702392578, 321.039093018, 321.387390137, 321.735687256, 322.072387695, 322.420684814, 322.757354736, 323.094055176, 323.430755615, 323.767425537, 324.127349854, 324.487243652, 324.847167969, 325.207061768, 325.578582764, 325.95010376, 326.321624756, 326.681549072, 327.041442871, 327.401367188, 327.772888184, 328.144378662, 328.515899658, 328.887420654, 329.25894165, 329.618865967, 329.990386963, 330.350280762, 330.721801758, 331.093322754, 331.46484375, 331.836364746, 332.207885742, 332.579406738, 332.939300537, 333.299224854, 333.659118652, 334.019042969, 334.390563965, 334.762084961, 335.133605957, 335.505126953, 335.876647949, 336.236541748, 336.596466064, 336.956359863, 337.327880859, 337.699401855, 338.059326172, 338.430847168, 338.790740967, 339.150665283, 339.510559082, 339.870483398, 340.230377197, 340.590301514, 340.950195312, 341.310119629, 341.681640625, 342.053131104, 342.4246521, 342.796173096, 343.167694092, 343.539215088, 343.910736084, 344.28225708, 344.653778076, 345.013702393, 345.373596191, 345.745117188, 346.116638184, 346.48815918, 346.859680176, 347.219573975, 347.591094971, 347.962615967, 348.334136963, 348.694061279, 349.065582275, 349.437103271, 349.808624268, 350.180114746, 350.551635742, 350.911560059, 351.271453857, 351.631378174, 352.00289917, 352.374420166, 352.734313965, 353.105834961, 353.465759277, 353.837280273, 354.197174072, 354.568695068, 354.940216064, 355.311737061, 355.683258057, 356.054779053, 356.426300049, 356.797821045, 357.169342041, 357.540863037, 357.900756836, 358.260681152, 358.620574951, 358.980499268, 359.352020264, 359.72354126, 360.095062256, 360.466583252, 360.83807373, 361.209594727, 361.581115723, 361.952636719, 362.324157715, 362.695678711, 363.067199707, 363.427124023, 363.787017822, 364.158538818, 364.530059814, 364.901580811, 365.273101807, 365.644622803, 366.016143799, 366.387664795, 366.759185791, 367.130706787, 367.502227783, 367.873748779, 368.245239258, 368.616760254, 368.98828125, 369.359802246, 369.742950439, 370.126068115, 370.509185791, 370.880706787, 371.26385498, 371.635375977, 372.006896973, 372.378417969, 372.749938965, 373.121429443, 373.492950439, 373.864471436, 374.235992432, 374.607513428, 374.990661621, 375.373779297, 375.745300293, 376.128417969, 376.511566162, 376.894683838, 377.277801514, 377.64932251, 378.032470703, 378.415588379, 378.798736572, 379.181854248, 379.553375244, 379.93649292, 380.308013916, 380.679534912, 381.051055908, 381.422576904, 381.7940979, 382.188842773, 382.571960449, 382.955108643, 383.349822998, 383.732971191, 384.116088867, 384.499237061, 384.882354736, 385.265472412, 385.648620605, 386.020141602, 386.391662598, 386.774780273, 387.157897949, 387.541046143, 387.924163818, 388.307281494, 388.690429688, 389.073547363, 389.456695557, 389.839813232, 390.222930908, 390.606079102, 390.989196777, 391.372314453, 391.755462646, 392.126983643, 392.498504639, 392.870025635, 393.241546631, 393.613067627, 393.996185303, 394.367706299, 394.739227295, 395.110748291, 395.482269287, 395.853790283, 396.225311279, 396.596832275, 396.956726074, 397.316650391, 397.676544189, 398.036468506, 398.384765625, 398.733062744, 399.069732666, 399.406433105, 399.754730225, 400.103027344, 400.451324463, 400.799621582, 401.136322021, 401.484619141, 401.82131958, 402.157989502, 402.494689941, 402.842987061, 403.19128418, 403.539581299, 403.887878418, 404.236175537, 404.596099854, 404.944396973, 405.304290771, 405.664215088, 406.035736084, 406.395629883, 406.755554199, 407.127075195, 407.498596191, 407.870117188, 408.230010986, 408.601531982, 408.973052979, 409.344573975, 409.704467773, 410.06439209, 410.435913086, 410.807434082, 411.167327881, 411.538848877, 411.898773193, 412.258666992, 412.618591309, 412.978485107, 413.338409424, 413.70993042, 414.081451416, 414.452972412, 414.824493408, 415.184387207, 415.555908203, 415.91583252, 416.275726318, 416.624023438, 416.983947754, 417.343841553, 417.692138672, 418.052062988, 418.411956787, 418.771881104, 419.120178223, 419.480072021, 419.839996338, 420.188293457, 420.536590576, 420.896514893, 421.256408691, 421.616333008, 421.976226807, 422.336151123, 422.707641602, 423.079162598, 423.439086914, 423.81060791, 424.182128906, 424.553649902, 424.925170898, 425.285064697, 425.644989014, 426.004882812, 426.364807129, 426.736328125, 427.107849121, 427.479370117, 427.850891113, 428.210784912, 428.570709229, 428.930603027, 429.290527344, 429.662017822, 430.033538818, 430.405059814, 430.764984131, 431.12487793, 431.484802246, 431.844696045, 432.204620361, 432.56451416, 432.924438477, 433.272735596, 433.621032715, 433.980957031, 434.34085083, 434.700775146, 435.060668945, 435.443786621, 435.826934814, 436.198455811, 436.569976807, 436.941497803, 437.301391602, 437.672912598, 438.044433594, 438.41595459, 438.787475586, 439.158996582, 439.530517578, 439.902038574, 440.27355957, 440.645080566, 441.016601562, 441.388122559, 441.759643555, 442.131134033, 442.49105835, 442.862579346, 443.222473145, 443.593994141, 443.965515137, 444.337036133, 444.708557129, 445.080078125, 445.451599121, 445.823120117, 446.194641113, 446.566162109, 446.926055908, 447.285980225, 447.657501221, 448.029022217, 448.400543213, 448.772064209, 449.143585205, 449.515106201, 449.886627197, 450.269744873, 450.641265869, 451.012786865, 451.384307861, 451.755828857, 452.127349854, 452.487243652, 452.858764648, 453.230285645, 453.590209961, 453.95010376, 454.310028076, 454.669921875, 455.029846191, 455.38973999, 455.749664307, 456.109558105, 456.469482422, 456.841003418, 457.212493896, 457.584014893, 457.978759766, 458.361907959, 458.745025635, 459.128143311, 459.511291504, 459.89440918, 460.277557373, 460.660675049, 461.032196045, 461.403717041, 461.775238037, 462.146759033, 462.506652832, 462.866577148, 463.226470947, 463.586395264, 463.934692383, 464.282989502, 464.631286621, 464.97958374, 465.339477539, 465.699401855, 466.059326172, 466.407623291, 466.76751709, 467.115814209, 467.464111328, 467.824035645, 468.183929443, 468.54385376, 468.892150879, 469.252044678, 469.611968994, 469.971862793, 470.331787109, 470.691680908, 471.051605225, 471.423126221, 471.794647217, 472.166168213, 472.537689209, 472.932403564, 473.315551758, 473.698669434, 474.05859375, 474.418487549, 474.778411865, 475.149932861, 475.50982666, 475.869750977, 476.241271973, 476.601165771, 476.961090088, 477.309387207, 477.669281006, 478.029205322, 478.400726318, 478.760620117, 479.120544434, 479.480438232, 479.828735352, 480.188659668, 480.536956787, 480.896850586, 481.256774902, 481.616668701, 481.976593018, 482.324890137, 482.673187256, 483.021484375, 483.369781494, 483.718078613, 484.066375732, 484.414672852, 484.762969971, 485.111297607, 485.447967529, 485.784667969, 486.132965088, 486.481262207, 486.829559326, 487.177856445, 487.526153564, 487.874450684, 488.222747803, 488.571044922, 488.930969238, 489.290863037, 489.650787354, 490.010681152, 490.382202148, 490.730499268, 491.078826904, 491.427124023, 491.775421143, 492.123718262, 492.472015381, 492.8203125, 493.168609619, 493.516906738, 493.865203857, 494.213500977, 494.550201416, 494.886871338, 495.235168457, 495.583496094, 495.931793213, 496.280090332, 496.639984131, 496.999908447, 497.371429443, 497.742950439, 498.114471436, 498.485992432, 498.85748291, 499.217407227, 499.670196533, 500.13458252, 500.598999023, 501.06338501, 501.527801514, 501.9921875, 502.433380127, 502.874542236, 503.315734863, 503.756896973, 504.093597412, 504.430297852, 504.778594971, 505.12689209, 505.475189209, 505.811859131, 506.14855957, 506.496856689, 506.845153809, 507.193450928, 507.518554688, 507.866851807, 508.191925049], "beats_loudness": {"dmean2": 0.0191782601178, "median": 0.00594126526266, "min": 1.12057398383e-06, "dvar2": 0.00111099472269, "dvar": 0.000347427005181, "dmean": 0.0109238950536, "max": 0.208417415619, "var": 0.00069510989124, "mean": 0.0188071262091}, "danceability": 0.925231039524, "bpm_histogram_second_peak_weight": {"dmean2": 0, "median": 0.313626527786, "min": 0.313626527786, "dvar2": 0, "dvar": 0, "dmean": 0, "max": 0.313626527786, "var": 0, "mean": 0.313626527786}, "beats_count": 1388, "bpm_histogram_second_peak_bpm": {"dmean2": 0, "median": 161, "min": 161, "dvar2": 0, "dvar": 0, "dmean": 0, "max": 161, "var": 0, "mean": 161}, "bpm_histogram_first_peak_spread": {"dmean2": 0, "median": 0, "min": 0, "dvar2": 0, "dvar": 0, "dmean": 0, "max": 0, "var": 0, "mean": 0}, "beats_loudness_band_ratio": {"dmean2": [0.248961433768, 0.255757808685, 0.266890376806, 0.159801229835, 0.0826499387622, 0.0280330330133], "median": [0.161973565817, 0.221795260906, 0.336537659168, 0.115150108933, 0.0377669930458, 0.00493567762896], "min": [0.000165325996932, 1.14748554552e-05, 9.97584720608e-06, 3.8030077576e-06, 1.97332087737e-06, 4.16633474742e-06], "dvar2": [0.0564909875393, 0.042792852968, 0.0450603738427, 0.0262847226113, 0.0140617573634, 0.00342616438866], "dvar": [0.0216849315912, 0.0164691675454, 0.0170036144555, 0.00945720076561, 0.00480073271319, 0.00114273559302], "dmean": [0.145668596029, 0.149597227573, 0.159007176757, 0.092729575932, 0.0476462841034, 0.0155035816133], "max": [0.999974131584, 0.892771720886, 0.968837082386, 0.925012111664, 0.741177499294, 0.408203035593], "var": [0.0478885918856, 0.0319301113486, 0.0380110889673, 0.0138993039727, 0.00569992465898, 0.000975816568825], "mean": [0.229251921177, 0.2618663311, 0.354158937931, 0.145665645599, 0.0620780587196, 0.014751220122]}}, "lowlevel": {"barkbands_spread": {"dmean2": 4.14745426178, "median": 9.5163192749, "min": 0.0137854842469, "dvar2": 18.8105621338, "dvar": 8.0850315094, "dmean": 2.669662714, "max": 68.0349349976, "var": 44.4261054993, "mean": 10.8737974167}, "melbands_spread": {"dmean2": 5.82347631454, "median": 12.109749794, "min": 0.0048627522774, "dvar2": 44.2840919495, "dvar": 19.6941699982, "dmean": 3.76213264465, "max": 133.622024536, "var": 87.391456604, "mean": 14.2939891815}, "hfc": {"dmean2": 3.51244711876, "median": 2.32561373711, "min": 1.17547460476e-16, "dvar2": 55.1403312683, "dvar": 31.6927394867, "dmean": 2.57823252678, "max": 213.684310913, "var": 233.258728027, "mean": 9.04425048828}, "barkbands_kurtosis": {"dmean2": 20.9358539581, "median": 1.93822431564, "min": -1.76204276085, "dvar2": 100065.726562, "dvar": 33087.8007812, "dmean": 11.5418357849, "max": 12679.3867188, "var": 23112.7285156, "mean": 11.5627717972}, "gfcc": {"mean": [-162.276443481, 169.268890381, -146.820892334, 5.30020570755, -54.3356437683, -13.6941165924, -30.343914032, -4.88322973251, -13.6016302109, -4.72773075104, -4.39609670639, -10.4697294235, -4.47591781616], "icov": [[0.000164127064636, -0.000284488662146, 0.000207947887247, -0.000293359044008, 0.000637960096356, -0.000345554726664, 0.000295678823022, -0.00012644394883, 0.000362098886399, -0.000372757174773, 0.000708483625203, -0.000240201348788, 0.000651905196719], [-0.000284488662146, 0.00371431442909, -0.000963424623478, 0.00187509192619, -0.00350979412906, 0.0022791295778, -0.00227145687677, 0.00201121973805, -0.00189081858844, 0.00369210215285, -0.00288361264393, 0.0041060843505, -0.00218434305862], [0.000207947887247, -0.000963424623478, 0.00221422524191, -0.000610974209849, -0.000355978059815, -0.000836706254631, 0.000673222064506, -0.000737119233236, 4.42216769443e-05, -0.000933956005611, 0.00209606299177, -0.00127363088541, 0.00165139616001], [-0.000293359044008, 0.00187509192619, -0.000610974209849, 0.00496052298695, -0.0021938001737, -0.000795226602349, -0.00154714088421, 0.000989648979157, -0.00180044339504, 0.00305119296536, -0.00171025865711, 0.00201775063761, -0.00063304946525], [0.000637960096356, -0.00350979412906, -0.000355978059815, -0.0021938001737, 0.0107622584328, -0.00403222395107, -0.000819317239802, -2.59542721324e-05, 0.00216582743451, -0.00345205678605, 0.00341596803628, -0.00261316820979, 0.00321342097595], [-0.000345554726664, 0.0022791295778, -0.000836706254631, -0.000795226602349, -0.00403222395107, 0.00970108341426, -0.00278371269815, -0.00226844893768, 0.00164932338521, 0.000460119568743, -0.00197228556499, 0.00232748081908, -0.00174361641984], [0.000295678823022, -0.00227145687677, 0.000673222064506, -0.00154714088421, -0.000819317239802, -0.00278371269815, 0.0142254997045, -0.00348087237217, -0.00288859708235, 0.000601717969403, -0.000901850871742, -0.00217768084258, 0.0019825543277], [-0.00012644394883, 0.00201121973805, -0.000737119233236, 0.000989648979157, -2.59542721324e-05, -0.00226844893768, -0.00348087237217, 0.0138783603907, -0.00348817440681, -0.00217546266504, 0.00229491526261, 0.00015778283705, -0.000568792631384], [0.000362098886399, -0.00189081858844, 4.42216769443e-05, -0.00180044339504, 0.00216582743451, 0.00164932338521, -0.00288859708235, -0.00348817440681, 0.0148038798943, -0.00408204225823, -0.00240098289214, 0.00137555319816, -0.00124014657922], [-0.000372757174773, 0.00369210215285, -0.000933956005611, 0.00305119296536, -0.00345205678605, 0.000460119568743, 0.000601717969403, -0.00217546266504, -0.00408204225823, 0.0173450224102, -0.00641196407378, 5.95325618633e-05, 0.00103679439053], [0.000708483625203, -0.00288361264393, 0.00209606299177, -0.00171025865711, 0.00341596803628, -0.00197228556499, -0.000901850871742, 0.00229491526261, -0.00240098289214, -0.00641196407378, 0.0179906021804, -0.004888381809, -0.000515139661729], [-0.000240201348788, 0.0041060843505, -0.00127363088541, 0.00201775063761, -0.00261316820979, 0.00232748081908, -0.00217768084258, 0.00015778283705, 0.00137555319816, 5.95325618633e-05, -0.004888381809, 0.0172876007855, -0.00514290947467], [0.000651905196719, -0.00218434305862, 0.00165139616001, -0.00063304946525, 0.00321342097595, -0.00174361641984, 0.0019825543277, -0.000568792631384, -0.00124014657922, 0.00103679439053, -0.000515139661729, -0.00514290947467, 0.0155534585938]], "cov": [[22558.3632812, -3810.90576172, -1118.26025391, 624.580810547, -1305.77075195, 685.02520752, -945.230651855, 440.766906738, -1110.57922363, 319.275726318, -1114.08666992, 138.991882324, -954.15826416], [-3810.90576172, 2173.89819336, 356.655944824, -193.045898438, 457.033172607, -310.580841064, 304.927001953, -287.107910156, 307.39440918, -288.223327637, 242.644165039, -262.190612793, 205.761505127], [-1118.26025391, 356.655944824, 848.162475586, 86.1001052856, 277.018768311, 90.9921035767, 99.5526504517, 30.6822624207, 43.2379302979, -18.8816013336, -44.1906967163, -39.0079231262, -57.8461875916], [624.580810547, -193.045898438, 86.1001052856, 349.851074219, 52.8804016113, 132.036087036, 29.0477657318, 41.816493988, -16.514377594, -7.13234519958, -41.4300270081, -12.56752491, -52.8583526611], [-1305.77075195, 457.033172607, 277.018768311, 52.8804016113, 316.412353516, 46.483795166, 122.431968689, -23.140996933, 62.8679122925, -38.3177528381, 33.3373146057, -48.4057807922, 7.70743751526], [685.02520752, -310.580841064, 90.9921035767, 132.036087036, 46.483795166, 243.676010132, 13.929898262, 90.3273239136, -53.3194885254, 47.0659446716, -54.1611366272, 20.7329978943, -59.7033309937], [-945.230651855, 304.927001953, 99.5526504517, 29.0477657318, 122.431968689, 13.929898262, 161.491134644, 2.54358720779, 85.3868331909, -25.9434928894, 59.461391449, -25.3458061218, 30.9557170868], [440.766906738, -287.107910156, 30.6822624207, 41.816493988, -23.140996933, 90.3273239136, 2.54358720779, 143.132446289, -10.3492040634, 61.2453727722, -38.0272750854, 34.4022407532, -35.3261833191], [-1110.57922363, 307.39440918, 43.2379302979, -16.514377594, 62.8679122925, -53.3194885254, 85.3868331909, -10.3492040634, 162.739334106, -7.07764196396, 88.3434295654, -25.2182540894, 62.2628135681], [319.275726318, -288.223327637, -18.8816013336, -7.13234519958, -38.3177528381, 47.0659446716, -25.9434928894, 61.2453727722, -7.07764196396, 126.637504578, 3.01391601562, 49.6558151245, -25.8932971954], [-1114.08666992, 242.644165039, -44.1906967163, -41.4300270081, 33.3373146057, -54.1611366272, 59.461391449, -38.0272750854, 88.3434295654, 3.01391601562, 152.143432617, 7.26766729355, 76.1344451904], [138.991882324, -262.190612793, -39.0079231262, -12.56752491, -48.4057807922, 20.7329978943, -25.3458061218, 34.4022407532, -25.2182540894, 49.6558151245, 7.26766729355, 114.018356323, 10.4173851013], [-954.15826416, 205.761505127, -57.8461875916, -52.8583526611, 7.70743751526, -59.7033309937, 30.9557170868, -35.3261833191, 62.2628135681, -25.8932971954, 76.1344451904, 10.4173851013, 136.308227539]]}, "spectral_energyband_middle_low": {"dmean2": 0.00472394935787, "median": 0.00280409283005, "min": 3.21074062464e-22, "dvar2": 9.59079116001e-05, "dvar": 4.10749889852e-05, "dmean": 0.0031203541439, "max": 0.183443590999, "var": 0.000219087727601, "mean": 0.00919214263558}, "melbands_crest": {"dmean2": 5.27907752991, "median": 11.7383098602, "min": 2.08371138573, "dvar2": 20.2527141571, "dvar": 7.99711942673, "dmean": 3.23822784424, "max": 39.9789390564, "var": 30.4914360046, "mean": 12.9849405289}, "spectral_kurtosis": {"dmean2": 13.5475645065, "median": 11.1983366013, "min": -1.21583211422, "dvar2": 296.374267578, "dvar": 103.070381165, "dmean": 7.82736968994, "max": 273.417602539, "var": 404.348876953, "mean": 17.5972690582}, "spectral_rms": {"dmean2": 0.000606955727562, "median": 0.00205771578476, "min": 3.24380149477e-12, "dvar2": 6.43750126983e-07, "dvar": 3.12617771669e-07, "dmean": 0.000420799275162, "max": 0.0224398132414, "var": 5.80564710617e-06, "mean": 0.00282617402263}, "zerocrossingrate": {"dmean2": 0.0054698465392, "median": 0.03173828125, "min": 0, "dvar2": 4.31345761172e-05, "dvar": 3.44014515576e-05, "dmean": 0.00445193937048, "max": 0.5205078125, "var": 0.000293254415737, "mean": 0.0346978083253}, "silence_rate_60dB": {"dmean2": 0.0598840676248, "median": 0, "min": 0, "dvar2": 0.0655015334487, "dvar": 0.0290481243283, "dmean": 0.0299406666309, "max": 1, "var": 0.247845962644, "mean": 0.453333944082}, "erbbands_kurtosis": {"dmean2": 2.00124549866, "median": 0.293696641922, "min": -1.77962481976, "dvar2": 9.65753364563, "dvar": 3.92219948769, "dmean": 1.2420321703, "max": 72.3391189575, "var": 8.79475593567, "mean": 1.11935949326}, "erbbands": {"dmean2": [0.0113363871351, 0.198515474796, 1.3407535553, 3.3262398243, 5.31217384338, 5.66524553299, 6.68390989304, 12.8424692154, 23.5108737946, 30.2359142303, 21.5611000061, 15.821395874, 20.8020744324, 18.9091072083, 14.8598747253, 19.7547645569, 16.8305168152, 18.026140213, 16.0046520233, 10.3450508118, 7.99370241165, 6.89904928207, 5.2025513649, 7.63008117676, 3.59576034546, 2.72475671768, 1.67461931705, 1.08730816841, 0.705512702465, 0.516420841217, 0.33503857255, 0.24407273531, 0.123445987701, 0.0790296569467, 0.0506323091686, 0.0217937584966, 0.00605136016384, 0.00141036557034, 0.000248062919127, 1.72016680153e-05], "median": [0.0010197396623, 0.0210189353675, 0.138527452946, 0.290313512087, 0.509453833103, 1.00511837006, 2.15672087669, 3.54193520546, 5.31562423706, 6.30805063248, 6.02552270889, 4.02574920654, 3.53970885277, 3.33474326134, 2.86804270744, 2.69986438751, 2.481143713, 2.0619969368, 1.68925249577, 1.61451554298, 1.1488417387, 0.896558403969, 0.610398352146, 0.50327450037, 0.303797364235, 0.180973678827, 0.0887916386127, 0.0406234711409, 0.0181651674211, 0.00784969795495, 0.00394979910925, 0.0019720250275, 0