{"tonal": {"thpcp": [1, 0.878259062767, 0.409206777811, 0.142669528723, 0.172356292605, 0.458958089352, 0.802619278431, 0.752966225147, 0.363178044558, 0.111874870956, 0.164579764009, 0.555652499199, 0.958344459534, 0.93222540617, 0.645966529846, 0.436162590981, 0.265709370375, 0.101074904203, 0.0670386850834, 0.235978886485, 0.513328611851, 0.647805392742, 0.495813965797, 0.203929051757, 0.0478212311864, 0.0348368622363, 0.082374162972, 0.201605841517, 0.229512557387, 0.110726118088, 0.0411547645926, 0.0957655236125, 0.243174523115, 0.447290539742, 0.586228787899, 0.740626454353], "hpcp": {"dmean2": [0.0233491770923, 0.0385742001235, 0.0685360506177, 0.104160167277, 0.129958897829, 0.155152216554, 0.163039341569, 0.143161341548, 0.0784168317914, 0.0536724366248, 0.0600257255137, 0.106186673045, 0.142215177417, 0.127234756947, 0.0838906168938, 0.0471508465707, 0.0631448179483, 0.134357526898, 0.186705574393, 0.189698934555, 0.135158568621, 0.0965626463294, 0.0640179440379, 0.0350785218179, 0.0282389353961, 0.0804930701852, 0.14633141458, 0.157271698117, 0.130765721202, 0.0672433003783, 0.0228089727461, 0.0192744024098, 0.0327325873077, 0.0522236563265, 0.0449539199471, 0.0366439707577], "median": [0.000632905866951, 0.000946217798628, 0.00343391625211, 0.0109034180641, 0.0209893416613, 0.0542709305882, 0.0563203766942, 0.0196928307414, 0.00287279230542, 0.00112116686068, 0.00204083602875, 0.0132906585932, 0.0399551913142, 0.0308548510075, 0.00468489015475, 0.00114393047988, 0.00146015291102, 0.00711383204907, 0.0421401783824, 0.0493799000978, 0.0210527740419, 0.00560357002541, 0.0011657201685, 0.00073819514364, 0.00122728664428, 0.00672864774242, 0.0297871287912, 0.0453257411718, 0.0210622809827, 0.00212615681812, 0.00050079554785, 0.000295977515634, 0.000417384027969, 0.000708613661118, 0.000881734187715, 0.000762642826885], "min": [0, 0, 0, 0, 0, 0, 0, 0, 0, 0, 0, 0, 0, 0, 0, 0, 0, 0, 0, 0, 0, 0, 0, 0, 0, 0, 0, 0, 0, 0, 0, 0, 0, 0, 0, 0], "dvar2": [0.0116490209475, 0.0181032046676, 0.0297459736466, 0.0440969727933, 0.0549954362214, 0.0567480735481, 0.0683187022805, 0.0586595200002, 0.031203167513, 0.02275467664, 0.0261852405965, 0.0387437939644, 0.0538825578988, 0.0478860847652, 0.035192258656, 0.0225326269865, 0.0297762062401, 0.0634574815631, 0.0839629545808, 0.0843088850379, 0.0559810213745, 0.0448197126389, 0.0321174189448, 0.0150309232995, 0.00633757654577, 0.0308600775898, 0.0691175088286, 0.0609243772924, 0.055387724191, 0.0258646905422, 0.00869390089065, 0.00983413960785, 0.0167790725827, 0.0294530335814, 0.0258259866387, 0.0190716572106], "dvar": [0.00410432554781, 0.00670208176598, 0.0118901059031, 0.0178268440068, 0.0227968916297, 0.0228600092232, 0.0282878503203, 0.0237963926047, 0.0128917163238, 0.00863957498223, 0.0101234093308, 0.0158020649105, 0.0215797685087, 0.0197561867535, 0.0138192074373, 0.00815703999251, 0.0113997012377, 0.0258623585105, 0.0333297885954, 0.0333533585072, 0.0224117133766, 0.0184803120792, 0.0125875882804, 0.00578993232921, 0.00236842501909, 0.0121254064143, 0.0264932326972, 0.0240817647427, 0.0218605659902, 0.0104107055813, 0.0033968531061, 0.00377417448908, 0.00651134271175, 0.0116495443508, 0.0111749060452, 0.00714263971895], "dmean": [0.0129029937088, 0.0222087521106, 0.0400506854057, 0.0627670362592, 0.0769870430231, 0.0946835502982, 0.0976385995746, 0.0867182984948, 0.0459777005017, 0.0310124661773, 0.0354175679386, 0.0647471696138, 0.0852853879333, 0.0771362185478, 0.0503839068115, 0.0265596527606, 0.0366074182093, 0.079447850585, 0.110787853599, 0.112938284874, 0.0821882858872, 0.0589585229754, 0.0387369357049, 0.020604647696, 0.0162844434381, 0.0479317903519, 0.0872115641832, 0.0952194035053, 0.0785056129098, 0.0406623668969, 0.0129397436976, 0.0108927395195, 0.0191160719842, 0.0309127233922, 0.0281228031963, 0.0217374451458], "max": [1, 1, 1, 1, 1, 1, 1, 1, 1, 1, 1, 1, 1, 1, 1, 1, 1, 1, 1, 1, 1, 1, 1, 1, 0.776083469391, 1, 1, 1, 1, 1, 1, 1, 1, 1, 1, 1], "var": [0.00311870011501, 0.00881904363632, 0.0295321457088, 0.0537800081074, 0.0758439451456, 0.0715645328164, 0.123416721821, 0.107084043324, 0.0584473386407, 0.0116955759004, 0.0172380935401, 0.0481976047158, 0.0947566106915, 0.0906600132585, 0.042027130723, 0.00940749421716, 0.0160397831351, 0.0716748312116, 0.115072131157, 0.107354901731, 0.0744653716683, 0.058666523546, 0.0355778299272, 0.00958390627056, 0.0024614231661, 0.0208638831973, 0.0548573173583, 0.0659708976746, 0.0539546385407, 0.0176303330809, 0.00323517760262, 0.00315568200313, 0.00890923198313, 0.0292156971991, 0.0393938608468, 0.0122508555651], "mean": [0.0103797875345, 0.0241533592343, 0.061331897974, 0.112812712789, 0.147854819894, 0.186795994639, 0.252213507891, 0.221508800983, 0.103207476437, 0.0359831824899, 0.0434705838561, 0.115755431354, 0.202431425452, 0.189908251166, 0.0915984064341, 0.0282163545489, 0.0415092408657, 0.140143066645, 0.241707414389, 0.235119834542, 0.162921488285, 0.110006093979, 0.067015491426, 0.0254924558103, 0.016908062622, 0.0595170632005, 0.129468411207, 0.163385272026, 0.125050976872, 0.05143366009, 0.0120611600578, 0.0087863272056, 0.0207758769393, 0.0508477166295, 0.0578861683607, 0.0279266219586]}, "tuning_equal_tempered_deviation": 0.138658046722, "chords_changes_rate": 0.0331201478839, "key_key": "B", "tuning_diatonic_strength": 0.899257779121, "key_scale": "major", "chords_number_rate": 0.00228414800949, "tuning_frequency": 447.691040039, "tuning_nontempered_energy_ratio": 0.860906779766, "chords_histogram": [29.0315208435, 8.38282299042, 27.4554595947, 0.205573320389, 0.274097770452, 0, 0.662402927876, 0.319780707359, 0.685244381428, 2.16994071007, 8.51987171173, 0.137048885226, 5.0936498642, 0.137048885226, 0, 0.182731837034, 0.0228414796293, 0.114207401872, 0, 0.228414803743, 1.21059846878, 1.02786660194, 7.10370016098, 7.03517580032], "key_strength": 0.776810407639, "chords_key": "B", "chords_strength": {"dmean2": 0.0081581370905, "median": 0.637838900089, "min": -1, "dvar2": 0.00177674298175, "dvar": 0.000939183344599, "dmean": 0.00908956024796, "max": 0.864386439323, "var": 0.0321967750788, "mean": 0.614073812962}, "chords_scale": "major", "hpcp_entropy": {"dmean2": 0.882080495358, "median": 1.60402321815, "min": 0, "dvar2": 0.516804039478, "dvar": 0.191531032324, "dmean": 0.511329889297, "max": 3.4855158329, "var": 0.40325191617, "mean": 1.51279222965}}, "metadata": {"audio_properties": {"equal_loudness": 0, "codec": "vorbis", "downmix": "mix", "sample_rate": 44100, "analysis_sample_rate": 44100, "bit_rate": 359600, "md5_encoded": "c1db8770fa9d93aec2dedc6f247e2e35", "length": 203.260223389, "replay_gain": -10.811504364, "lossless": false}, "version": {"essentia_build_sha": "cead25079874084f62182a551b7393616cd33d87", "essentia": "2.1-beta2", "extractor": "music 1.0", "essentia_git_sha": "v2.1_beta2-1-ge3940c0"}, "tags": {"title": ["B\u00e4rgchilibi-Jutz"], "barcode": ["7619951552228"], "media": ["CD"], "albumartist": ["Adolf St\u00e4hli"], "tracktotal": ["22"], "musicbrainz_releasegroupid": ["2ada2b1c-fff8-4dff-a057-b3c65c5ee381"], "performer": ["Jodlerklub Oberhofen (vocals)"], "releasetype": ["album", "compilation"], "musicbrainz_recordingid": ["1ab2a819-a889-4f14-82c0-881299dbe402"], "originalyear": ["2004"], "musicbrainz_releasetrackid": ["bbd99522-9194-4313-badd-de213d9aa9cb"], "discnumber": ["1"], "album": ["Mys Jodlerl\u00e4be: Die sch\u00f6nste Jodellieder nom Adolf St\u00e4hli"], "catalognumber": ["55522-2", "CD 55522-2"], "releasecountry": ["CH"], "musicbrainz_albumartistid": ["74593c24-49b3-43e5-a33c-7e75d7a3fe17"], "albumartistsort": ["St\u00e4hli, Adolf"], "date": ["2004"], "file_name": "06 Adolf Sta\u0308hli - Ba\u0308rgchilibi-Jutz.ogg", "disctotal": ["1"], "acoustid_id": ["845f70d7-bb3b-4160-8f9f-c0c14aa3ad0e"], "musicbrainz_artistid": ["74593c24-49b3-43e5-a33c-7e75d7a3fe17"], "originaldate": ["2004"], "musicbrainz_albumid": ["8cb77cf0-6a16-4bb4-ac2d-8e4cd728cb58"], "tracknumber": ["6"], "artistsort": ["St\u00e4hli, Adolf"], "artist": ["Adolf St\u00e4hli"], "label": ["Tell Music"], "releasestatus": ["official"], "totaldiscs": ["1"], "script": ["Latn"], "totaltracks": ["22"]}}, "rhythm": {"bpm_histogram_first_peak_bpm": {"dmean2": 0, "median": 144, "min": 144, "dvar2": 0, "dvar": 0, "dmean": 0, "max": 144, "var": 0, "mean": 144}, "bpm": 142.6590271, "bpm_histogram_second_peak_spread": {"dmean2": 0, "median": 0.522727251053, "min": 0.522727251053, "dvar2": 0, "dvar": 0, "dmean": 0, "max": 0.522727251053, "var": 0, "mean": 0.522727251053}, "bpm_histogram_first_peak_weight": {"dmean2": 0, "median": 0.106024093926, "min": 0.106024093926, "dvar2": 0, "dvar": 0, "dmean": 0, "max": 0.106024093926, "var": 0, "mean": 0.106024093926}, "onset_rate": 1.12652993202, "beats_position": [0.568888902664, 1.14938771725, 1.74149656296, 2.34521532059, 2.93732428551, 3.52943301201, 4.13315200806, 4.72526073456, 5.31736946106, 5.92108821869, 6.51319694519, 7.10530614853, 7.70902490616, 8.32435321808, 8.93968200684, 9.54340076447, 10.1587295532, 10.774058342, 11.3893871307, 11.8886165619, 12.3762359619, 12.8638544083, 13.3514738083, 13.8390922546, 14.3267116547, 14.8259410858, 15.3135595322, 15.8127889633, 16.3004074097, 16.8925170898, 17.4846248627, 18.0767345428, 18.6572322845, 19.2493419647, 19.8066215515, 20.3406791687, 20.8166885376, 21.2926979065, 21.7687072754, 22.2447166443, 22.7207260132, 23.1967334747, 23.800453186, 24.4157810211, 25.0078907013, 25.6000003815, 26.1921081543, 26.7726078033, 27.353105545, 27.9336051941, 28.4444446564, 28.9552822113, 29.4545116425, 29.9537410736, 30.4529705048, 30.9521980286, 31.5094776154, 32.0667572021, 32.6240348816, 33.1813163757, 33.7385940552, 34.2958717346, 34.8531494141, 35.422039032, 36.0373687744, 36.6410865784, 37.2215881348, 37.8020858765, 38.3941955566, 38.9630813599, 39.520362854, 40.0892524719, 40.6465301514, 41.2038078308, 41.6798171997, 42.1442184448, 42.6318359375, 43.1078453064, 43.5838546753, 44.0482521057, 44.5242614746, 45.011882782, 45.4995002747, 45.9871177673, 46.4631271362, 46.9391365051, 47.415145874, 47.9027671814, 48.3671646118, 48.8431739807, 49.2959632874, 49.7371406555, 50.1783218384, 50.5962791443, 51.0142402649, 51.4438095093, 51.8733787537, 52.3145561218, 52.7441253662, 53.1736946106, 53.5916557312, 54.0096130371, 54.4275741577, 54.8455314636, 55.2518806458, 55.6582298279, 56.0529708862, 56.4477081299, 56.8424491882, 57.2371864319, 57.643535614, 58.0963249207, 58.5491142273, 59.0019035339, 59.4546928406, 59.9074821472, 60.3718795776, 60.8246688843, 61.2774581909, 61.7186393738, 62.1830368042, 62.6590461731, 63.135055542, 63.6226730347, 64.1567306519, 64.6907958984, 65.2132415771, 65.7124710083, 66.2233123779, 66.7457580566, 67.2682037354, 67.8022689819, 68.3131027222, 68.8123321533, 69.3231735229, 69.8224029541, 70.2868041992, 70.7628097534, 71.238822937, 71.6916122437, 72.1444015503, 72.608795166, 73.0499725342, 73.5143737793, 73.9555511475, 74.396736145, 74.8379135132, 75.2907028198, 75.731880188, 76.1614532471, 76.6026306152, 77.0670318604, 77.5430374146, 78.0074386597, 78.4718322754, 78.924621582, 79.3890228271, 79.8302001953, 80.2946014404, 80.7357788086, 81.1885681152, 81.6529693604, 82.1289749146, 82.6049880981, 83.0809936523, 83.5570068359, 84.0330123901, 84.5322418213, 85.0546951294, 85.5655288696, 86.0763702393, 86.5639877319, 87.0400009155, 87.5160064697, 87.9804077148, 88.456413269, 88.9324264526, 89.4200439453, 89.8960494995, 90.3720626831, 90.8016281128, 91.2312011719, 91.6607666016, 92.0903396606, 92.5199050903, 92.9494781494, 93.36743927, 93.8086166382, 94.2381820679, 94.6793670654, 95.1089324951, 95.5501098633, 95.9912872314, 96.432472229, 96.8620376587, 97.2916107178, 97.709564209, 98.1623535156, 98.6151428223, 99.0563278198, 99.5091171265, 99.9619064331, 100.403083801, 100.855873108, 101.308662415, 101.761451721, 102.202629089, 102.713470459, 103.224304199, 103.746757507, 104.327255249, 104.907752991, 105.499862671, 106.010704041, 106.521537781, 107.03237915, 107.54322052, 108.042449951, 108.553283691, 109.064125061, 109.574966431, 110.085800171, 110.596641541, 111.10748291, 111.687980652, 112.268478394, 112.848976135, 113.417869568, 113.986755371, 114.567253113, 115.147750854, 115.716644287, 116.297142029, 116.877639771, 117.458137512, 118.038635254, 118.630744934, 119.222854614, 119.814964294, 120.395462036, 120.964347839, 121.533241272, 122.1485672, 122.763900757, 123.425666809, 124.087432861, 124.749206543, 125.341316223, 125.945030212, 126.467483521, 126.989929199, 127.512374878, 127.965164185, 128.417953491, 128.870742798, 129.335144043, 129.811157227, 130.28717041, 130.751556396, 131.239181519, 131.703582764, 132.179595947, 132.655593872, 133.119995117, 133.596008301, 134.188110352, 134.780227661, 135.372329712, 135.964447021, 136.556549072, 137.171875, 137.787200928, 138.402542114, 139.017868042, 139.63319397, 140.236907959, 140.840637207, 141.50239563, 142.17578125, 142.837554932, 143.499313354, 144.149475098, 144.799636841, 145.449798584, 146.007064819, 146.552734375, 147.110015869, 147.539596558, 147.969161987, 148.398727417, 148.816680908, 149.234649658, 149.652603149, 150.070556641, 150.500137329, 150.929702759, 151.359268188, 151.788833618, 152.218414307, 152.647979736, 153.089157104, 153.530334473, 153.971511841, 154.412689209, 154.853881836, 155.295059204, 155.736236572, 156.154190063, 156.572158813, 156.978500366, 157.384857178, 157.802810669, 158.22076416, 158.627120972, 159.056686401, 159.49786377, 159.927429199, 160.357009888, 160.798187256, 161.227752686, 161.657318115, 162.075286865, 162.493240356, 162.911193848, 163.329162598, 163.747116089, 164.1534729, 164.571426392, 164.989379883, 165.418960571, 165.836914062, 166.254867554, 166.672836304, 167.090789795, 167.508743286, 167.949935913, 168.391113281, 168.832290649, 169.273468018, 169.703033447, 170.121002197, 170.550567627, 170.991744995, 171.409698486, 171.827667236, 172.245620728, 172.663574219, 173.06993103, 173.476272583, 173.882629395, 174.288970947, 174.706939697, 175.11328125, 175.54284668, 175.972427368, 176.390380859, 176.843170166, 177.284347534, 177.725524902, 178.155105591, 178.584671021, 179.01423645, 179.44380188, 179.86177063, 180.268112183, 180.674468994, 181.092422485, 181.55682373, 182.021224976, 182.508834839, 182.996459961, 183.472473145, 183.948471069, 184.412872314, 184.87727356, 185.353286743, 185.759628296, 186.154373169, 186.549118042, 186.943847656, 187.326980591, 187.710113525, 188.09324646, 188.476364136, 188.871109009, 189.265853882, 189.648971558, 190.032104492, 190.403625488, 190.786758423, 191.169876099, 191.564620972, 191.994186401, 192.42376709, 192.841720581, 193.259674072, 193.677642822, 194.095596313, 194.513549805, 194.919906616, 195.337860107, 195.755828857, 196.255050659, 196.75428772, 197.253509521, 197.741134644, 198.240356445, 198.739593506, 199.203994751, 199.679992676, 200.156005859, 200.632019043, 201.108016968, 201.572418213, 202.036819458, 202.501220703], "beats_loudness": {"dmean2": 0.0247449111193, "median": 0.0192762129009, "min": 1.96667598873e-10, "dvar2": 0.000656489923131, "dvar": 0.000240656299866, "dmean": 0.0141940498725, "max": 0.130582183599, "var": 0.000384634244256, "mean": 0.0237774439156}, "danceability": 0.911498010159, "bpm_histogram_second_peak_weight": {"dmean2": 0, "median": 0.101204819977, "min": 0.101204819977, "dvar2": 0, "dvar": 0, "dmean": 0, "max": 0.101204819977, "var": 0, "mean": 0.101204819977}, "beats_count": 416, "bpm_histogram_second_peak_bpm": {"dmean2": 0, "median": 126, "min": 126, "dvar2": 0, "dvar": 0, "dmean": 0, "max": 126, "var": 0, "mean": 126}, "bpm_histogram_first_peak_spread": {"dmean2": 0, "median": 0.560000002384, "min": 0.560000002384, "dvar2": 0, "dvar": 0, "dmean": 0, "max": 0.560000002384, "var": 0, "mean": 0.560000002384}, "beats_loudness_band_ratio": {"dmean2": [0.0326147377491, 0.0866973400116, 0.328109234571, 0.310920506716, 0.00314019760117, 0.00541639141738], "median": [0.0020590624772, 0.023955270648, 0.73203510046, 0.192585289478, 0.00116346799769, 0.00040081870975], "min": [4.13177895098e-06, 5.74136663545e-07, 0.0104935988784, 0.00279899011366, 5.51010407435e-06, 1.24052421597e-05], "dvar2": [0.013980329968, 0.0158716831356, 0.0705282315612, 0.0724941715598, 6.27022673143e-05, 0.00300545152277], "dvar": [0.00636277999729, 0.00546799832955, 0.0306261274964, 0.031223796308, 3.15895704261e-05, 0.00145359057933], "dmean": [0.018385251984, 0.0488416738808, 0.187620177865, 0.17824806273, 0.00181238655932, 0.00287461024709], "max": [0.649713456631, 0.467879533768, 0.996812224388, 0.989167273045, 0.14191904664, 0.774870634079], "var": [0.00690322602168, 0.0056998138316, 0.0570695959032, 0.0494612194598, 0.000200774971745, 0.00910625979304], "mean": [0.0192985907197, 0.0509056262672, 0.66482257843, 0.262016743422, 0.00353802344762, 0.0130537049845]}}, "lowlevel": {"barkbands_spread": {"dmean2": 1.42855525017, "median": 2.94484162331, "min": 0.0482451878488, "dvar2": 7.67042827606, "dvar": 3.08279299736, "dmean": 0.91565990448, "max": 97.8494949341, "var": 37.9189834595, "mean": 4.04319429398}, "melbands_spread": {"dmean2": 2.40506649017, "median": 5.05466032028, "min": 0.263947099447, "dvar2": 14.8348579407, "dvar": 6.6100063324, "dmean": 1.54873430729, "max": 160.590744019, "var": 291.082458496, "mean": 7.45989131927}, "hfc": {"dmean2": 6.09597635269, "median": 12.5541744232, "min": 3.3194775817e-09, "dvar2": 60.0470466614, "dvar": 29.0666179657, "dmean": 4.2445192337, "max": 101.80871582, "var": 213.532241821, "mean": 16.2652873993}, "barkbands_kurtosis": {"dmean2": 9.27293682098, "median": 2.66452503204, "min": -1.79415738583, "dvar2": 1546.83239746, "dvar": 631.788818359, "dmean": 5.74808168411, "max": 1117.97888184, "var": 758.438415527, "mean": 7.43083333969}, "gfcc": {"mean": [-192.819976807, 127.986808777, -150.756912231, -67.4826889038, -102.105812073, -7.41126918793, -13.8658866882, 6.51084804535, -14.9022426605, -12.3052453995, 12.6157951355, 0.617719054222, -19.0997829437], "icov": [[0.000520602974575, -0.000847831310239, 0.00176310027018, -0.000124056372442, 0.00179729203228, -0.000784624542575, 0.00105721794534, -0.000674584473018, 0.000950298388489, -0.000227538810577, 0.00126024661586, -0.000154631386977, 0.00119428965263], [-0.000847831310239, 0.00292021268979, -0.00341852800921, 0.00121905503329, -0.00344728073105, 0.00303789135069, -0.00137073395308, 0.00183448311873, -0.0014124205336, 0.00196257396601, -0.00263519422151, 0.00134286296088, -0.001202027197], [0.00176310027018, -0.00341852800921, 0.00835733488202, -0.00124545372091, 0.00502143474296, -0.00221059191972, 0.00255806534551, -0.00335015333258, 0.00394058134407, -0.00202722242102, 0.00555695639923, -0.00253052334301, 0.00363307190128], [-0.000124056372442, 0.00121905503329, -0.00124545372091, 0.00585736148059, -0.00431210547686, 0.00237759924494, 0.00131017400417, 0.000698078540154, 0.000203848729143, 0.00117114558816, 0.000698730058502, 0.000824470596854, -3.99256350647e-05], [0.00179729203228, -0.00344728073105, 0.00502143474296, -0.00431210547686, 0.014861157164, -0.00686177052557, 0.00510155409575, -0.00364582613111, 0.00325641850941, -0.00179216382094, 0.00474895676598, -0.000157256057719, 0.00397289870307], [-0.000784624542575, 0.00303789135069, -0.00221059191972, 0.00237759924494, -0.00686177052557, 0.0107621168718, -0.00430040666834, 0.0035184698645, -0.00112310610712, 0.000907677982468, -0.00180493074004, 0.00134095305111, -6.20939172222e-05], [0.00105721794534, -0.00137073395308, 0.00255806534551, 0.00131017400417, 0.00510155409575, -0.00430040666834, 0.0090353069827, -0.00401796773076, 0.00141029187944, -0.00041512955795, 0.00119242037181, 0.000294233846944, 0.00360818440095], [-0.000674584473018, 0.00183448311873, -0.00335015333258, 0.000698078540154, -0.00364582613111, 0.0035184698645, -0.00401796773076, 0.0154430847615, -0.00466390373185, 0.00377901503816, -0.00329016847536, 0.00256822351366, -0.00364355207421], [0.000950298388489, -0.0014124205336, 0.00394058134407, 0.000203848729143, 0.00325641850941, -0.00112310610712, 0.00141029187944, -0.00466390373185, 0.011949473992, -0.00405600201339, 0.00261901901104, -0.000272315985058, 0.00421527260914], [-0.000227538810577, 0.00196257396601, -0.00202722242102, 0.00117114558816, -0.00179216382094, 0.000907677982468, -0.00041512955795, 0.00377901503816, -0.00405600201339, 0.00992253050208, -0.00222588563338, 0.00357831944712, -0.00270951609127], [0.00126024661586, -0.00263519422151, 0.00555695639923, 0.000698730058502, 0.00474895676598, -0.00180493074004, 0.00119242037181, -0.00329016847536, 0.00261901901104, -0.00222588563338, 0.0141285965219, -0.00667733605951, 0.00324741285294], [-0.000154631386977, 0.00134286296088, -0.00253052334301, 0.000824470596854, -0.000157256057719, 0.00134095305111, 0.000294233846944, 0.00256822351366, -0.000272315985058, 0.00357831944712, -0.00667733605951, 0.0121934581548, -0.00427096430212], [0.00119428965263, -0.001202027197, 0.00363307190128, -3.99256350647e-05, 0.00397289870307, -6.20939172222e-05, 0.00360818440095, -0.00364355207421, 0.00421527260914, -0.00270951609127, 0.00324741285294, -0.00427096430212, 0.0161507688463]], "cov": [[20283.5722656, 1955.60949707, -2882.73681641, -1189.17944336, -1300.6685791, -202.924636841, -318.729553223, -220.636993408, -126.287971497, -555.850585938, -20.4533996582, -458.29486084, -545.595397949], [1955.60949707, 1338.05383301, 126.070396423, -95.044380188, -89.4906539917, -274.741333008, -113.422172546, -10.000585556, -94.4347381592, -221.921676636, 28.6978874207, 6.47673559189, -46.2195205688], [-2882.73681641, 126.070396423, 776.726135254, 253.569458008, 196.190505981, -73.9304046631, -42.4167022705, 35.2694511414, -61.6596565247, 14.8828392029, -65.0363616943, 81.1908111572, 70.4798126221], [-1189.17944336, -95.044380188, 253.569458008, 490.244903564, 263.880889893, -35.8298377991, -174.959945679, -14.5879011154, -48.5872268677, 5.46553516388, -130.445358276, -35.4332084656, 26.2370491028], [-1300.6685791, -89.4906539917, 196.190505981, 263.880889893, 304.768463135, 58.66563797, -86.2268676758, -3.80874323845, -17.0599060059, 33.6765022278, -92.3589401245, -41.6694221497, 7.35309123993], [-202.924636841, -274.741333008, -73.9304046631, -35.8298377991, 58.66563797, 228.486907959, 92.7734069824, -12.1182584763, 30.2148704529, 52.738861084, -13.4763116837, -43.2742004395, -33.6851081848], [-318.729553223, -113.422172546, -42.4167022705, -174.959945679, -86.2268676758, 92.7734069824, 276.314880371, 44.3784370422, 49.5640563965, 23.5540790558, 62.6812820435, 3.34346699715, -26.618560791], [-220.636993408, -10.000585556, 35.2694511414, -14.5879011154, -3.80874323845, -12.1182584763, 44.3784370422, 93.5880737305, 25.8106708527, -12.1598005295, 14.9249153137, 2.42426037788, 8.55387878418], [-126.287971497, -94.4347381592, -61.6596565247, -48.5872268677, -17.0599060059, 30.2148704529, 49.5640563965, 25.8106708527, 140.78074646, 59.0442047119, 5.94707536697, -29.0247077942, -20.5859565735], [-555.850585938, -221.921676636, 14.8828392029, 5.46553516388, 33.6765022278, 52.738861084, 23.5540790558, -12.1598005295, 59.0442047119, 179.363388062, -9.66503143311, -35.5320968628, 12.3931064606], [-20.4533996582, 28.6978874207, -65.0363616943, -130.445358276, -92.3589401245, -13.4763116837, 62.6812820435, 14.9249153137, 5.94707536697, -9.66503143311, 174.524780273, 91.671257019, 15.9633970261], [-458.29486084, 6.47673559189, 81.1908111572, -35.4332084656, -41.6694221497, -43.2742004395, 3.34346699715, 2.42426037788, -29.0247077942, -35.5320968628, 91.671257019, 178.012649536, 56.1601257324], [-545.595397949, -46.2195205688, 70.4798126221, 26.2370491028, 7.35309123993, -33.6851081848, -26.618560791, 8.55387878418, -20.5859565735, 12.3931064606, 15.9633970261, 56.1601257324, 108.063613892]]}, "spectral_energyband_middle_low": {"dmean2": 0.00705140084028, "median": 0.011149758473, "min": 4.24575142838e-13, "dvar2": 9.04057960724e-05, "dvar": 4.40938893007e-05, "dmean": 0.00496381055564, "max": 0.135500520468, "var": 0.000243080125074, "mean": 0.0153631903231}, "melbands_crest": {"dmean2": 4.72807979584, "median": 15.7809267044, "min": 1.72419786453, "dvar2": 18.0528144836, "dvar": 7.46610879898, "dmean": 3.01433563232, "max": 36.0890922546, "var": 34.9213256836, "mean": 16.5566959381}, "spectral_kurtosis": {"dmean2": 20.2382659912, "median": 35.5987472534, "min": -1.20989584923, "dvar2": 310.969970703, "dvar": 114.363700867, "dmean": 11.7576179504, "max": 188.67729187, "var": 600.68145752, "mean": 41.466381073}, "spectral_rms": {"dmean2": 0.000828106421977, "median": 0.00415810476989, "min": 8.43911678317e-08, "dvar2": 7.13140480002e-07, "dvar": 3.45970363469e-07, "dmean": 0.000585934030823, "max": 0.011531624943, "var": 4.43034923592e-06, "mean": 0.00410992279649}, "zerocrossingrate": {"dmean2": 0.00330405682325, "median": 0.033203125, "min": 0.0068359375, "dvar2": 4.41200354544e-05, "dvar": 3.45852167811e-05, "dmean": 0.00258185551502, "max": 0.4736328125, "var": 0.00270607462153, "mean": 0.0409452952445}, "silence_rate_60dB": {"dmean2": 0.0374728664756, "median": 0, "min": 0, "dvar2": 0.0417804792523, "dvar": 0.0183832775801, "dmean": 0.0187342930585, "max": 1, "var": 0.119599767029, "mean": 0.138892054558}, "erbbands_kurtosis": {"dmean2": 5.36876106262, "median": 1.98353004456, "min": -1.82935035229, "dvar2": 133.583145142, "dvar": 61.5097312927, "dmean": 3.39076113701, "max": 275.944824219, "var": 131.885742188, "mean": 4.90524864197}, "erbbands": {"dmean2": [2.25526018767e-05, 0.000599845545366, 0.00676604313776, 0.00953857507557, 0.0453390181065, 0.15991550684, 0.714504718781, 3.85157728195, 12.1226005554, 49.011806488, 70.4019165039, 86.4439086914, 41.791229248, 21.8061103821, 81.4392166138, 59.5188407898, 15.7555961609, 5.66707324982, 0.437459677458, 0.134889736772, 0.14211884141, 0.387471675873, 0.311273604631, 0.151890829206, 0.138844758272, 0.0777395889163, 0.0219987258315, 0.0132871195674, 0.0210787821561, 0.0328572317958, 0.0150478789583, 0.010025841184, 0.00757122971117, 0.0020973093342, 0.000488090212457, 0.000394680391764, 7.78998655733e-05, 1.54521367222e-05, 4.60941328129e-06, 9.59300450631e-06], "median": [4.77663052152e-05, 0.00039186415961, 0.00479045370594, 0.0101142441854, 0.0363779738545, 0.152497112751, 0.642339527607, 3.05477786064, 6.63041114807, 33.6199913025, 62.7685470581, 56.3439292908, 19.9921207428, 13.7406597137, 41.9266853333, 29.9679794312, 7.39343643188, 1.26606941223, 0.236747190356, 0.0906198993325, 0.146017611027, 0.406462013721, 0.364123612642, 0.185352802277, 0.12352604419, 0.0552368909121, 0.0185364037752, 0.0146655803546, 0.0209011472762, 0.0235313735902, 0.014803821221, 0.0108628803864, 0.0066082496196, 0.00159413192887, 0.000545233720914, 0.000292382523185, 7.33463966753e-05, 1.62727847055e-05, 1.13730529847e-05, 2.05451869988e-05], "min": [5.38038103653e-12, 2.49821430903e-11, 1.18278206673e-10, 3.83575116114e-10, 4.16044226847e-10, 5.95531679526e-10, 5.63395330389e-10, 1.62774918544e-10, 4.61904924032e-11, 9.26319437822e-11, 2.0486515262e-10, 3.28742894018e-10, 6.41448894001e-10, 3.54993034968e-10, 3.17957632445e-10, 1.40716119312e-10, 5.96364971295e-11, 3.81862666488e-11, 2.86485158513e-11, 4.20603725459e-11, 3.75377680328e-11, 5.18242566916e-11, 7.58411874968e-11, 7.86455067736e-11, 3.22163268285e-11, 6.86939324868e-11, 4.69667256475e-11, 7.0147151976e-11, 1.93955393413e-10, 1.4920939484e-10, 1.73241546109e-10, 1.84351658938e-10, 9.26063600803e-11, 1.09405047521e-10, 1.32870561775e-10, 1.41917408381e-10, 4.89164438122e-11, 5.22298627958e-11, 2.70858630663e-11, 9.64018470086e-13], "dvar2": [6.12860762139e-10, 1.38732298183e-06, 0.000247280753683, 0.000263124966295, 0.0080482698977, 0.077680811286, 2.33386778831, 43.8476982117, 943.869689941, 7943.95996094, 12508.8632812, 22370.8613281, 10956.4013672, 1740.50891113, 29113.6230469, 14762.5839844, 1701.98339844, 289.732971191, 1.33155608177, 0.127127274871, 0.054896607995, 0.314160645008, 0.265787899494, 0.0674982070923, 0.0782533884048, 0.0525104552507, 0.00273577566259, 0.000688861415256, 0.00168057123665, 0.00743957562372, 0.000862463726662, 0.000560369342566, 0.000271188735496, 3.1612249586e-05, 1.50935431975e-06, 1.00303293493e-06, 4.13870360205e-08, 1.92010274347e-09, 3.45874093255e-11, 1.42704389972e-10], "dvar": [2.49555348608e-10, 6.39366589894e-07, 0.000113368805614, 0.000146355014294, 0.00341342994943, 0.0327887870371, 0.976637244225, 20.0409488678, 475.730041504, 3633.26171875, 6121.68164062, 11477.1035156, 5210.86083984, 815.724975586, 15487.8505859, 6544.14697266, 717.945800781, 131.161270142, 0.614214062691, 0.0572438649833, 0.0207106973976, 0.117888532579, 0.0987273454666, 0.0264617670327, 0.0333341062069, 0.0209689270705, 0.00125369918533, 0.000294847675832, 0.000734324858058, 0.00343545712531, 0.000397474534111, 0.000236736654188, 0.000113640897325, 1.48790086314e-05, 7.15860892342e-07, 3.99123308625e-07, 1.6916049006e-08, 8.42121317124e-10, 1.69229352753e-11, 6.9312423856e-11], "dmean": [1.38463574331e-05, 0.000437938171672, 0.00516281323507, 0.00735289230943, 0.032066386193, 0.109309948981, 0.490354925394, 2.61033940315, 8.58653640747, 34.0957450867, 49.118812561, 61.4358634949, 28.0190048218, 14.6326255798, 56.2266731262, 37.7362632751, 10.3176393509, 3.73349642754, 0.290276378393, 0.0857205837965, 0.0856929123402, 0.229169726372, 0.187929019332, 0.0918789505959, 0.0860065817833, 0.0495173633099, 0.0144042409956, 0.00854523759335, 0.0135452523828, 0.0216602850705, 0.00984475575387, 0.00644008722156, 0.00485127558932, 0.00138417596463, 0.00031865586061, 0.000254112819675, 5.1063416322e-05, 1.0317800843e-05, 3.24186089529e-06, 6.7300579758e-06], "max": [0.000354668736691, 0.0171539578587, 0.244904488325, 0.312133014202, 1.24660217762, 3.43104743958, 22.3215885162, 172.241012573, 894.101196289, 1664.17224121, 1657.78540039, 3075.67993164, 2141.21704102, 843.291381836, 4383.06054688, 2638.43481445, 764.150268555, 406.954803467, 29.0037155151, 12.8708982468, 4.14566516876, 7.01881122589, 7.89998722076, 4.41246175766, 6.01011991501, 6.94884395599, 1.52246320248, 0.684700906277, 0.754866302013, 2.11251759529, 0.716676294804, 0.564233243465, 0.272547453642, 0.158826798201, 0.0429878383875, 0.0272367745638, 0.0054899235256, 0.00173223379534, 0.000111172128527, 0.000155925066792], "var": [8.90069407067e-10, 2.05482888305e-06, 0.000384229846532, 0.000634593190625, 0.0118087530136, 0.094251550734, 2.81090378761, 66.3024368286, 1454.65185547, 13535.7871094, 24165.4160156, 73808.6171875, 25007.3007812, 4813.37988281, 123230.171875, 30128.4121094, 2900.08666992, 857.959838867, 3.77573609352, 0.27373161912, 0.0738588795066, 0.451121121645, 0.395990163088, 0.10657709837, 0.119744099677, 0.0747605115175, 0.00685750273988, 0.00140233524144, 0.00323825119995, 0.0133070666343, 0.00199836143292, 0.000903007457964, 0.000529591110535, 7.44894859963e-05, 4.5610026973e-06, 2.15479053622e-06, 1.03826188536e-07, 4.37616076709e-09, 1.53850862605e-10, 4.7922682489e-10], "mean": [5.16258660355e-05, 0.000974060501903, 0.0116285318509, 0.0187873840332, 0.0761209055781, 0.248757883906, 1.17823648453, 5.43153095245, 18.8019924164, 74.1870956421, 116.72958374, 161.738449097, 62.7275123596, 38.7224845886, 157.205413818, 82.680015564, 24.0649318695, 10.4303636551, 0.82352155447, 0.216824606061, 0.225463524461, 0.587413132191, 0.533685803413, 0.270507097244, 0.223510846496, 0.130678653717, 0.0425547286868, 0.0257914829999, 0.0397330746055, 0.0580618232489, 0.029543902725, 0.0196436736733, 0.0140192443505, 0.00413799611852, 0.00112190644722, 0.000769776874222, 0.000180741015356, 3.68876571883e-05, 1.43795778058e-05, 2.54234055319e-05]}, "spectral_strongpeak": {"dmean2": 1.05255794525, "median": 2.1458439827, "min": 0, "dvar2": 1.32689142227, "dvar": 0.580812394619, "dmean": 0.683525264263, "max": 12.6675443649, "var": 3.98354101181, "mean": 2.5869717598}, "spectral_energy": {"dmean2": 0.00831985380501, "median": 0.017722081393, "min": 7.29991588011e-12, "dvar2": 0.000107415253296, "dvar": 5.21282927366e-05, "dmean": 0.00583885610104, "max": 0.13630284369, "var": 0.00035488200956, "mean": 0.0218548346311}, "average_loudness": 0.642593920231, "spectral_rolloff": {"dmean2": 186.619155884, "median": 990.52734375, "min": 21.533203125, "dvar2": 117702.765625, "dvar": 59803.5976562, "dmean": 104.695960999, "max": 17183.4960938, "var": 3837526, "mean": 1171.68286133}, "spectral_centroid": {"dmean2": 78.7024688721, "median": 704.304748535, "min": 331.383758545, "dvar2": 20279.3007812, "dvar": 16329.9853516, "dmean": 52.9811210632, "max": 11537.7558594, "var": 170684.171875, "mean": 771.115661621}, "pitch_salience": {"dmean2": 0.104757800698, "median": 0.488363415003, "min": 0.0201586913317, "dvar2": 0.00816406030208, "dvar": 0.00335754547268, "dmean": 0.0656056404114, "max": 0.831167340279, "var": 0.0166210699826, "mean": 0.486338436604}, "spectral_energyband_middle_high": {"dmean2": 0.0033058328554, "median": 0.00321541889571, "min": 3.2442266511e-14, "dvar2": 2.72791585303e-05, "dvar": 1.30327707666e-05, "dmean": 0.00221387203783, "max": 0.093245357275, "var": 9.08019283088e-05, "mean": 0.00651128636673}, "spectral_contrast_coeffs": {"dmean2": [0.0601971894503, 0.0655858889222, 0.0565847493708, 0.044620372355, 0.0249343309551, 0.0160650275648], "median": [-0.631430149078, -0.623363375664, -0.631491661072, -0.699277639389, -0.779221177101, -0.813758015633], "min": [-0.973790884018, -0.963345527649, -0.95962536335, -0.962233424187, -0.955940246582, -0.962396383286], "dvar2": [0.0023532488849, 0.00303791789338, 0.00207584095187, 0.00133848865516, 0.000378928496502, 0.000177962123416], "dvar": [0.000881643209141, 0.00125736533664, 0.000856025784742, 0.000542953202967, 0.000146830876474, 6.69378132443e-05], "dmean": [0.0370067320764, 0.0424711555243, 0.0355644635856, 0.0277692433447, 0.0151075171307, 0.00984574481845], "max": [-0.407881885767, -0.23544678092, -0.278094023466, -0.403400927782, -0.587732434273, -0.70831489563], "var": [0.00991057790816, 0.0130735244602, 0.0115106338635, 0.00831960793585, 0.00197910447605, 0.00104227371048], "mean": [-0.651167690754, -0.61465626955, -0.628578543663, -0.700704693794, -0.783399283886, -0.817084670067]}, "melbands_skewness": {"dmean2": 0.736004590988, "median": 0.785328745842, "min": -6.78047513962, "dvar2": 0.542335391045, "dvar": 0.239641204476, "dmean": 0.491031438112, "max": 10.3618679047, "var": 1.42411851883, "mean": 0.795711696148}, "spectral_spread": {"dmean2": 472503.71875, "median": 1622366.625, "min": 562905.125, "dvar2": 327114555392, "dvar": 195551051776, "dmean": 277145.46875, "max": 40222892, "var": 1388536528900.0, "mean": 1803874.75}, "dissonance": {"dmean2": 0.0962180048227, "median": 0.340076595545, "min": 0.0260449871421, "dvar2": 0.00726166460663, "dvar": 0.00256962026469, "dmean": 0.0564738549292, "max": 0.499984711409, "var": 0.00797037873417, "mean": 0.331810832024}, "spectral_skewness": {"dmean2": 1.20145761967, "median": 4.62543821335, "min": -0.0523029156029, "dvar2": 0.935523569584, "dvar": 0.340404301882, "dmean": 0.698140263557, "max": 11.8797388077, "var": 2.34506917, "mean": 4.88418245316}, "spectral_flux": {"dmean2": 0.0268095564097, "median": 0.0465865805745, "min": 8.60841282702e-06, "dvar2": 0.000747768383007, "dvar": 0.00026918281219, "dmean": 0.0158315803856, "max": 0.198680087924, "var": 0.000806040479802, "mean": 0.0486283823848}, "spectral_contrast_valleys": {"dmean2": [0.655759692192, 0.484986633062, 0.4207662642, 0.337436169386, 0.22564175725, 0.180347084999], "median": [-10.4575710297, -6.8514084816, -7.53561067581, -9.8517036438, -9.83056163788, -12.4512386322], "min": [-27.8249702454, -27.8253440857, -27.4351520538, -27.2735843658, -27.3154640198, -27.241235733], "dvar2": [0.309647411108, 0.177723556757, 0.126330047846, 0.0951085090637, 0.0506317391992, 0.0377665385604], "dvar": [0.120679557323, 0.0845116227865, 0.0625612437725, 0.0471544861794, 0.0318673737347, 0.0239213909954], "dmean": [0.386739343405, 0.295224457979, 0.254241853952, 0.200974330306, 0.137426614761, 0.115115694702], "max": [-8.49264812469, -5.23093318939, -5.7410030365, -8.36690425873, -8.4021730423, -11.1288461685], "var": [1.54306352139, 3.30499482155, 2.99892640114, 1.9694507122, 1.79064905643, 1.21184372902], "mean": [-10.756939888, -7.47498846054, -8.11482906342, -10.3321628571, -10.3196954727, -12.7768802643]}, "erbbands_flatness_db": {"dmean2": 0.0255374573171, "median": 0.383491575718, "min": 0.0355300046504, "dvar2": 0.000540240260307, "dvar": 0.000262817775365, "dmean": 0.0174708161503, "max": 0.643321990967, "var": 0.00669108238071, "mean": 0.390035092831}, "spectral_energyband_high": {"dmean2": 1.82372070867e-06, "median": 3.25199357576e-06, "min": 1.84914190622e-13, "dvar2": 1.19287869513e-11, "dvar": 5.6572723936e-12, "dmean": 1.24883979424e-06, "max": 6.772132474e-05, "var": 4.75549148671e-11, "mean": 5.5525638345e-06}, "spectral_entropy": {"dmean2": 0.226971209049, "median": 5.80893182755, "min": 2.67953491211, "dvar2": 0.0440340414643, "dvar": 0.021543206647, "dmean": 0.155481919646, "max": 9.79929733276, "var": 0.697793781757, "mean": 5.69484090805}, "silence_rate_20dB": {"dmean2": 0, "median": 1, "min": 1, "dvar2": 0, "dvar": 0, "dmean": 0, "max": 1, "var": 0, "mean": 1}, "melbands_flatness_db": {"dmean2": 0.0290783960372, "median": 0.375087440014, "min": 0.00439749890938, "dvar2": 0.000688708736561, "dvar": 0.000324529537465, "dmean": 0.0200201012194, "max": 0.739421308041, "var": 0.00924676563591, "mean": 0.386512964964}, "barkbands": {"dmean2": [2.55411077887e-06, 1.68724886862e-06, 7.3883670666e-06, 3.53702375833e-06, 3.96884133806e-05, 0.000352524541086, 0.00203757244162, 0.00217001559213, 0.00463206553832, 0.000434376037447, 0.00185620994307, 0.00169248471502, 0.000337978272, 8.95748453331e-05, 3.1681645396e-06, 2.33372043112e-06, 6.86112844051e-06, 5.67029974263e-06, 2.45663522946e-06, 1.91337448996e-06, 3.95796547537e-07, 6.40118628326e-07, 7.08223410584e-07, 4.44732734195e-07, 1.18458864051e-07, 5.95071689702e-08, 8.34998115096e-09], "median": [1.48773824549e-05, 5.97330370056e-07, 4.1560988393e-06, 2.97281303574e-06, 4.07526240451e-05, 0.000291013624519, 0.000981471850537, 0.00172000739258, 0.00284979655407, 0.000127028484712, 0.000624618318398, 0.000561785534956, 7.97132015578e-05, 8.56024507812e-06, 1.44399450619e-06, 1.53301209593e-06, 6.74226521369e-06, 5.91923662796e-06, 2.47467301051e-06, 1.10714790935e-06, 3.66249196304e-07, 6.24158417395e-07, 5.62943057503e-07, 4.75597403238e-07, 9.48974303583e-08, 5.00124919256e-08, 8.63465210443e-09], "min": [1.31511847853e-12, 7.47041995321e-14, 2.83468808458e-14, 2.36403016168e-14, 1.81990097363e-13, 3.14924207046e-14, 3.29381721144e-15, 8.04854941646e-15, 1.46013436801e-14, 1.78854073072e-14, 8.19088567995e-15, 3.88105541289e-15, 1.11241334595e-15, 6.06471884465e-16, 6.18567197314e-16, 7.65819851788e-16, 8.27904137509e-16, 1.4463708026e-15, 9.1743589061e-16, 1.4108497348e-15, 1.01332245546e-15, 5.05573383315e-15, 5.63795759956e-15, 7.24291689857e-15, 1.40622698897e-14, 3.25727604069e-14, 1.21551843569e-13], "dvar2": [4.85341107581e-12, 1.08820053663e-11, 3.01156849458e-10, 3.61426721884e-11, 4.61833726817e-09, 3.64722581025e-07, 1.50404448505e-05, 1.08205185825e-05, 6.49264693493e-05, 1.77963704573e-06, 1.76166122401e-05, 1.2414032426e-05, 9.32768784878e-07, 8.66272813482e-08, 6.47203887705e-11, 1.68292810243e-11, 1.06990763471e-10, 8.22392987043e-11, 1.83781427576e-11, 3.27762955665e-11, 8.06795168867e-13, 1.45646233789e-12, 3.26489378068e-12, 8.99360447226e-13, 1.03311991937e-13, 2.23563555228e-14, 3.33015688364e-16], "dvar": [1.57904548811e-12, 5.2693240396e-12, 1.49244325232e-10, 1.96407664438e-11, 1.93543447935e-09, 1.64008184811e-07, 7.18079445505e-06, 4.81276401842e-06, 3.30458824465e-05, 8.83175346189e-07, 9.05765318748e-06, 5.21037463841e-06, 3.79871750056e-07, 3.92282046846e-08, 2.76748433198e-11, 6.52141665322e-12, 4.13629963614e-11, 3.13372487681e-11, 7