{"tonal": {"thpcp": [1, 0.631295621395, 0.317635267973, 0.295844197273, 0.211451068521, 0.189007148147, 0.265709400177, 0.352159321308, 0.536717355251, 0.645966231823, 0.408945709467, 0.168057948351, 0.134442269802, 0.123852901161, 0.233835950494, 0.475850313902, 0.41715991497, 0.201606139541, 0.152747943997, 0.139201074839, 0.225925937295, 0.365072637796, 0.350091129541, 0.419121205807, 0.52805763483, 0.331741511822, 0.163497790694, 0.178271874785, 0.206058904529, 0.383728146553, 0.607197403908, 0.457005381584, 0.233610033989, 0.23792116344, 0.312679320574, 0.710057139397], "hpcp": {"dmean2": [0.166102841496, 0.140591263771, 0.0853166207671, 0.0610941499472, 0.0605025030673, 0.0828604474664, 0.117158710957, 0.12273003906, 0.0951308310032, 0.0640385970473, 0.0666415840387, 0.0992672890425, 0.136445358396, 0.144830003381, 0.154880821705, 0.145657092333, 0.119647666812, 0.0846261754632, 0.0949580669403, 0.10632610321, 0.144091144204, 0.170067802072, 0.161070555449, 0.119922049344, 0.116253778338, 0.14930357039, 0.198324874043, 0.224428668618, 0.221518799663, 0.148893088102, 0.115845665336, 0.0971563532948, 0.0984209626913, 0.120770223439, 0.143285438418, 0.171171456575], "median": [0.0123199224472, 0.0076583023183, 0.00277486583218, 0.00167515967041, 0.00155665585771, 0.004175840877, 0.00634325109422, 0.00697652576491, 0.00336418044753, 0.0016152902972, 0.00165588851087, 0.00394334783778, 0.00584882963449, 0.00728626549244, 0.00811560917646, 0.00701673096046, 0.00447204336524, 0.00201166397892, 0.00162533321418, 0.0022807456553, 0.00668718386441, 0.00845318101346, 0.00599844194949, 0.00287261069752, 0.00163768371567, 0.00345072196797, 0.0187177397311, 0.0302650816739, 0.0236250720918, 0.00458432128653, 0.00191695452668, 0.00223595369607, 0.00329372193664, 0.00407615117729, 0.00592028722167, 0.0114520676434], "min": [0, 0, 0, 0, 0, 0, 0, 0, 0, 0, 0, 0, 0, 0, 0, 0, 0, 0, 0, 0, 0, 0, 0, 0, 0, 0, 0, 0, 0, 0, 0, 0, 0, 0, 0, 0], "dvar2": [0.0910941138864, 0.0820008292794, 0.0453900434077, 0.035682644695, 0.0384713672101, 0.0427724644542, 0.0633280724287, 0.067356698215, 0.0587693043053, 0.0359601341188, 0.0373907759786, 0.0602468773723, 0.0881942287087, 0.0901194214821, 0.0962326303124, 0.0867016986012, 0.0675923079252, 0.0485367290676, 0.0727624222636, 0.0688761919737, 0.0913917198777, 0.106651991606, 0.096618950367, 0.0851748138666, 0.0811677053571, 0.104919336736, 0.118226163089, 0.131095200777, 0.14082878828, 0.0957841947675, 0.0755867958069, 0.063324816525, 0.0668954104185, 0.0759789422154, 0.0858625918627, 0.103279486299], "dvar": [0.040009368211, 0.0331320166588, 0.0169585011899, 0.0138631435111, 0.0145171349868, 0.0158856566995, 0.0281461812556, 0.0294616930187, 0.0220978483558, 0.0140711907297, 0.0138663025573, 0.0223604924977, 0.0358416587114, 0.0353599488735, 0.0367524027824, 0.0357904471457, 0.0258561950177, 0.0182346645743, 0.0277027897537, 0.0259237270802, 0.0340595059097, 0.0454264618456, 0.0398224666715, 0.0315553359687, 0.0301274582744, 0.0367412827909, 0.0449357889593, 0.0551952049136, 0.0522373095155, 0.034649938345, 0.0315629243851, 0.0245710406452, 0.0256210882217, 0.0303952302784, 0.0340892970562, 0.0392754338682], "dmean": [0.101241372526, 0.0826201215386, 0.0482201091945, 0.0339191108942, 0.0345157906413, 0.0489346981049, 0.0721551030874, 0.0741578787565, 0.0545580014586, 0.0368925780058, 0.0374553799629, 0.055800203234, 0.0781005546451, 0.0831487253308, 0.089638710022, 0.0862668976188, 0.0704020112753, 0.0475481674075, 0.0529412068427, 0.0599984377623, 0.0827967599034, 0.100137904286, 0.0950165912509, 0.0674926117063, 0.0653244331479, 0.083976559341, 0.116362534463, 0.13202367723, 0.129343762994, 0.0841447561979, 0.0658079907298, 0.0560966096818, 0.0554665997624, 0.0703406259418, 0.0843365266919, 0.100453965366], "max": [1, 1, 1, 1, 1, 1, 1, 1, 1, 1, 1, 1, 1, 1, 1, 1, 1, 1, 1, 1, 1, 1, 1, 1, 1, 1, 1, 1, 1, 1, 1, 1, 1, 1, 1, 1], "var": [0.0913397818804, 0.0537097416818, 0.0166671276093, 0.0180885381997, 0.0149326045066, 0.023239409551, 0.0716294571757, 0.0568790137768, 0.023157408461, 0.0199729427695, 0.0155504532158, 0.024424597621, 0.0520395934582, 0.0450861230493, 0.0525314025581, 0.0767263844609, 0.0387203022838, 0.0187549609691, 0.0265085380524, 0.0260130912066, 0.0469952635467, 0.0918862968683, 0.0619047395885, 0.0290469173342, 0.0347372367978, 0.0397226177156, 0.0889257565141, 0.137664571404, 0.0727041065693, 0.0385552495718, 0.0475023537874, 0.0269839987159, 0.0240606907755, 0.0343088395894, 0.0459433756769, 0.0706589370966], "mean": [0.167401760817, 0.105978034437, 0.0435521155596, 0.03484063223, 0.0320964045823, 0.0605984479189, 0.123316325247, 0.108106739819, 0.0522461086512, 0.0395845398307, 0.0360738746822, 0.0585485734046, 0.0946083590388, 0.0907259061933, 0.108615010977, 0.136845827103, 0.0859706178308, 0.0423703566194, 0.0461990498006, 0.0534000433981, 0.0994429215789, 0.157354846597, 0.118432670832, 0.0605399012566, 0.0616571269929, 0.0810306593776, 0.184010878205, 0.25914940238, 0.16359987855, 0.0823149904609, 0.0766678452492, 0.0547974184155, 0.0489810891449, 0.0688584297895, 0.0912618786097, 0.139089986682]}, "tuning_equal_tempered_deviation": 0.0462668128312, "chords_changes_rate": 0.084319524467, "key_key": "D", "tuning_diatonic_strength": 0.530066609383, "key_scale": "major", "chords_number_rate": 0.00502958567813, "tuning_frequency": 441.017791748, "tuning_nontempered_energy_ratio": 0.732981920242, "chords_histogram": [20.0295848846, 7.45562124252, 12.0414199829, 5.41420125961, 4.28994083405, 0.828402340412, 8.34319496155, 1.62721896172, 2.98816561699, 1.86390531063, 2.86982250214, 0.0295857992023, 0.798816561699, 0, 0.384615391493, 0.0591715984046, 1.15384614468, 4.17159748077, 1.30177509785, 3.4023668766, 0.266272187233, 1.83431947231, 3.55029582977, 15.2958583832], "key_strength": 0.648947536945, "chords_key": "D", "chords_strength": {"dmean2": 0.0122288614511, "median": 0.492179989815, "min": -1, "dvar2": 0.0012733808253, "dvar": 0.000668350432534, "dmean": 0.0127157066017, "max": 0.795067548752, "var": 0.031673155725, "mean": 0.48149985075}, "chords_scale": "major", "hpcp_entropy": {"dmean2": 0.915425360203, "median": 1.4428768158, "min": 0, "dvar2": 0.666342437267, "dvar": 0.28274255991, "dmean": 0.546889305115, "max": 4.19874763489, "var": 0.705278515816, "mean": 1.41142332554}}, "metadata": {"audio_properties": {"equal_loudness": 0, "codec": "mp3", "downmix": "mix", "sample_rate": 44100, "analysis_sample_rate": 44100, "bit_rate": 164043, "md5_encoded": "2aa900c2705b9e78c72b5d934bc0e095", "length": 156.891433716, "replay_gain": -12.916349411, "lossless": false}, "version": {"essentia_build_sha": "70f2e5ece6736b2c40cc944ad0e695b16b925413", "essentia": "2.1-beta2", "extractor": "music 1.0", "essentia_git_sha": "v2.1_beta2"}, "tags": {"title": ["That Old Gang of Mine"], "media": ["Digital Media"], "albumartist": ["Various Artists"], "musicbrainz_recordingid": ["1ab951e8-bfd6-4c44-a6f8-d11f6918aa6f"], "musicbrainz_albumartistid": ["89ad4ac3-39f7-470e-963a-56509c546377"], "originalyear": ["2011"], "discnumber": ["1/1"], "album": ["Songs From the Mojave Wasteland - In a Fallout New Vegas Mood"], "musicbrainz album type": ["album"], "musicbrainz album status": ["official"], "file_name": "14 That Old Gang of Mine.mp3", "originaldate": ["2011"], "date": ["2011"], "genre": ["cla; ambient; electronic; jaz"], "musicbrainz_releasegroupid": ["9d31c6fc-ee9b-4237-8cc3-cac309d23932"], "script": ["Latn"], "asin": ["B004Q3IP4U"], "musicbrainz_albumid": ["69f12cad-62af-4230-9adc-0a1ae724eac1"], "artist": ["Peggy Lee"], "artistsort": ["Lee, Peggy"], "tracknumber": ["14/25"], "musicbrainz album release country": ["US"], "albumartistsort": ["Various Artists"], "acoustid_id": ["213316ce-ca4c-4983-9fdd-f83ba8da44e1"], "musicbrainz_artistid": ["5a2463af-eef0-4a22-bc8f-5865fbe9c78e"]}}, "rhythm": {"bpm_histogram_first_peak_bpm": {"dmean2": 0, "median": 105, "min": 105, "dvar2": 0, "dvar": 0, "dmean": 0, "max": 105, "var": 0, "mean": 105}, "bpm": 105.371253967, "bpm_histogram_second_peak_spread": {"dmean2": 0, "median": 0.0588235259056, "min": 0.0588235259056, "dvar2": 0, "dvar": 0, "dmean": 0, "max": 0.0588235259056, "var": 0, "mean": 0.0588235259056}, "bpm_histogram_first_peak_weight": {"dmean2": 0, "median": 0.410256415606, "min": 0.410256415606, "dvar2": 0, "dvar": 0, "dmean": 0, "max": 0.410256415606, "var": 0, "mean": 0.410256415606}, "onset_rate": 2.87428021431, "beats_position": [0.626938760281, 1.18421769142, 1.72988653183, 2.27555561066, 2.82122445107, 3.39011335373, 3.97061228752, 4.52789115906, 5.08516979218, 5.65405893326, 6.21133756638, 6.7570066452, 7.31428575516, 7.8831744194, 8.45206356049, 9.0093421936, 9.56662082672, 10.1122903824, 10.6695690155, 11.2152376175, 11.7609071732, 12.3297958374, 12.8754644394, 13.4443531036, 14.0016326904, 14.5589113235, 15.1277999878, 15.696688652, 16.2771873474, 16.8460769653, 17.426574707, 17.995464325, 18.5643539429, 19.1100215912, 19.667301178, 20.2245807648, 20.7818584442, 21.3507480621, 21.9196376801, 22.4769153595, 23.0458049774, 23.614692688, 24.1835823059, 24.7524719238, 25.3213596344, 25.8902492523, 26.4591369629, 27.0280265808, 27.5969161987, 28.1658039093, 28.7463035583, 29.3268013, 29.9073009491, 30.4878005981, 31.0566883087, 31.6371879578, 32.2060775757, 32.7865753174, 33.3670730591, 33.935962677, 34.5048522949, 35.0853500366, 35.6658477783, 36.2463493347, 36.8268470764, 37.3841247559, 37.94140625, 38.5102958679, 39.0791816711, 39.6480712891, 40.216960907, 40.7858505249, 41.3547401428, 41.9120178223, 42.4809074402, 43.0497932434, 43.6302947998, 44.1991844177, 44.7680702209, 45.3485717773, 45.929069519, 46.497959137, 47.0668487549, 47.6357345581, 48.2162361145, 48.7851219177, 49.3540115356, 49.9229011536, 50.5033988953, 51.0955085754, 51.6643981934, 52.2448959351, 52.8253974915, 53.4058952332, 53.9863929749, 54.5552825928, 55.1241722107, 55.6814498901, 56.2387275696, 56.819229126, 57.3997268677, 57.9686164856, 58.5375061035, 59.094783783, 59.6752815247, 60.2557830811, 60.8246688843, 61.3819503784, 61.9508361816, 62.531337738, 63.1118354797, 63.6923332214, 64.2496109009, 64.806892395, 65.3641738892, 65.9214477539, 66.478729248, 67.0360107422, 67.6165084839, 68.1970062256, 68.7775039673, 69.358001709, 69.9384994507, 70.5073928833, 71.0762786865, 71.6451721191, 72.2140579224, 72.7829437256, 73.3518371582, 73.9323348999, 74.5128326416, 75.0933303833, 75.673828125, 76.2427215576, 76.8116073608, 77.3921051025, 77.9726028442, 78.5531082153, 79.133605957, 79.7141036987, 80.282989502, 80.8518829346, 81.4323806763, 82.012878418, 82.5933761597, 83.1738739014, 83.7543716431, 84.3348770142, 84.9153747559, 85.4842605591, 86.0531539917, 86.6104278564, 87.1677093506, 87.7482070923, 88.3170928955, 88.8859863281, 89.4548721313, 90.023765564, 90.5926513672, 91.1615371704, 91.7188186646, 92.2761001587, 92.8333740234, 93.3906555176, 93.9595413208, 94.5168228149, 95.0624923706, 95.6429901123, 96.2002716064, 96.7575454712, 97.3264389038, 97.895324707, 98.4758224487, 99.0447158813, 99.625213623, 100.194099426, 100.762992859, 101.331878662, 101.889160156, 102.44644165, 103.003715515, 103.572608948, 104.141494751, 104.710380554, 105.279273987, 105.836547852, 106.393829346, 106.939498901, 107.473556519, 108.019226074, 108.576507568, 109.133781433, 109.691062927, 110.248344421, 110.794013977, 111.339683533, 111.885353088, 112.431015015, 112.999908447, 113.557182312, 114.137687683, 114.706573486, 115.298683167, 115.86756897, 116.448066711, 117.016960144, 117.585845947, 118.166343689, 118.735237122, 119.327346802, 119.907844543, 120.465126038, 121.022399902, 121.579681396, 122.1485672, 122.705848694, 123.274734497, 123.84362793, 124.412513733, 124.981407166, 125.550292969, 126.107574463, 126.688072205, 127.268569946, 127.849067688, 128.441177368, 129.021682739, 129.602172852, 130.171066284, 130.739959717, 131.308837891, 131.877731323, 132.458221436, 133.027114868, 133.596008301, 134.176498413, 134.745391846, 135.325897217, 135.894775391, 136.463668823, 137.044174194, 137.624664307, 138.205169678, 138.77406311, 139.342941284, 139.911834717, 140.480728149, 141.049606323, 141.630111694, 142.199005127, 142.779495239, 143.36000061, 143.928878784, 144.497772217, 145.066665649, 145.647155762, 146.227661133, 146.808166504, 147.400268555, 147.980773926, 148.561264038, 149.141769409, 149.722259521, 150.291152954, 150.860046387, 151.428924561, 152.02104187, 152.613143921, 153.20526123, 153.797363281, 154.389480591, 154.99319458, 155.596908569, 156.200637817], "beats_loudness": {"dmean2": 0.0489530079067, "median": 0.0324357151985, "min": 9.06208708074e-09, "dvar2": 0.00159941136371, "dvar": 0.000524589733686, "dmean": 0.0279880128801, "max": 0.121274374425, "var": 0.000622662249953, "mean": 0.0362666659057}, "danceability": 1.15900063515, "bpm_histogram_second_peak_weight": {"dmean2": 0, "median": 0.05860805884, "min": 0.05860805884, "dvar2": 0, "dvar": 0, "dmean": 0, "max": 0.05860805884, "var": 0, "mean": 0.05860805884}, "beats_count": 274, "bpm_histogram_second_peak_bpm": {"dmean2": 0, "median": 110, "min": 110, "dvar2": 0, "dvar": 0, "dmean": 0, "max": 110, "var": 0, "mean": 110}, "bpm_histogram_first_peak_spread": {"dmean2": 0, "median": 0.557312250137, "min": 0.557312250137, "dvar2": 0, "dvar": 0, "dmean": 0, "max": 0.557312250137, "var": 0, "mean": 0.557312250137}, "beats_loudness_band_ratio": {"dmean2": [0.573499083519, 0.533958613873, 0.285294264555, 0.173581749201, 0.0450808443129, 0.000722931639757], "median": [0.43184915185, 0.227451890707, 0.0881718993187, 0.0485779419541, 0.0102063817903, 0.000130017491756], "min": [0.000661879545078, 3.75227432414e-06, 7.79566289566e-06, 1.06767174657e-05, 8.35936043586e-06, 1.35937818868e-06], "dvar2": [0.18616938591, 0.135824397206, 0.0660965070128, 0.0597406700253, 0.00341946422122, 1.12073689706e-06], "dvar": [0.0653026252985, 0.0473434142768, 0.0252260155976, 0.021336985752, 0.00126337260008, 4.24264300136e-07], "dmean": [0.323104828596, 0.300256162882, 0.16000033915, 0.099139533937, 0.0254097040743, 0.000412399036577], "max": [0.999197781086, 0.933512985706, 0.817108690739, 0.906673133373, 0.313936144114, 0.00540841091424], "var": [0.117036446929, 0.072317712009, 0.0325970351696, 0.0246605016291, 0.00142636150122, 3.71364961893e-07], "mean": [0.444257408381, 0.330192327499, 0.162022843957, 0.101303867996, 0.0235649514943, 0.000340113678249]}}, "lowlevel": {"barkbands_spread": {"dmean2": 2.49119544029, "median": 5.12992763519, "min": 0.102329306304, "dvar2": 13.5395393372, "dvar": 6.23654127121, "dmean": 1.65767765045, "max": 56.844783783, "var": 19.6339797974, "mean": 5.99529838562}, "melbands_spread": {"dmean2": 3.60262084007, "median": 6.58127403259, "min": 0.220738902688, "dvar2": 34.8211479187, "dvar": 17.0836582184, "dmean": 2.38128590584, "max": 143.734481812, "var": 48.0738563538, "mean": 8.13037872314}, "hfc": {"dmean2": 3.35656452179, "median": 4.50255775452, "min": 1.17134981901e-16, "dvar2": 48.6327056885, "dvar": 28.1520233154, "dmean": 2.549929142, "max": 140.941940308, "var": 210.048034668, "mean": 9.71792221069}, "barkbands_kurtosis": {"dmean2": 10.2915906906, "median": 3.51889657974, "min": -1.89489650726, "dvar2": 1624.64367676, "dvar": 795.589904785, "dmean": 6.72716379166, "max": 1533.79333496, "var": 30512.9121094, "mean": 32.3946762085}, "gfcc": {"mean": [-233.03755188, 235.988937378, -122.462516785, -49.3781242371, 8.53791618347, -24.5987091064, -27.3841018677, -9.54414463043, -20.3251647949, -14.960059166, -9.6014957428, -8.38711547852, 0.135105580091], "icov": [[0.000331538496539, -0.00081451976439, 0.000622765859589, -0.000390047411202, 0.000401446595788, -0.000200031761779, 0.000217510314542, -6.3774001319e-05, 0.000270221120445, -0.000127489096485, 0.000326189503539, -3.92907240894e-05, -7.55877626943e-05], [-0.00081451976439, 0.00335304928012, -0.00208513555117, 0.00267348391935, -0.00316089950502, 0.00266567408107, -0.00263573857956, 0.00229239929467, -0.00242323777638, 0.00142953905743, -0.000952582980972, 6.33330782875e-05, 0.000890204682946], [0.000622765859589, -0.00208513555117, 0.00297990487888, -0.00237258803099, 0.00252646394074, -0.00346745876595, 0.00332152703777, -0.00254124007188, 0.00208107638173, 0.000124235331896, -0.00112653442193, 0.000919922138564, -0.000219232199015], [-0.000390047411202, 0.00267348391935, -0.00237258803099, 0.00494344299659, -0.00526990508661, 0.00567436218262, -0.00656312471256, 0.00561932567507, -0.00427865516394, 0.00139295624103, 0.00127109733876, -0.00242107105441, 0.00213893363252], [0.000401446595788, -0.00316089950502, 0.00252646394074, -0.00526990508661, 0.00882755219936, -0.00775991985574, 0.0083978921175, -0.0081777414307, 0.00539285037667, -0.00140584795736, -0.0013423882192, 0.00314304209314, -0.00238763610832], [-0.000200031761779, 0.00266567408107, -0.00346745876595, 0.00567436218262, -0.00775991985574, 0.0109737869352, -0.0103298509493, 0.00889327656478, -0.00694384146482, 0.00139615673106, 0.00359721900895, -0.00563857611269, 0.00431103957817], [0.000217510314542, -0.00263573857956, 0.00332152703777, -0.00656312471256, 0.0083978921175, -0.0103298509493, 0.0151550611481, -0.0110836215317, 0.00723282666877, -0.0026681527961, -0.00342610105872, 0.00804662238806, -0.0066036763601], [-6.3774001319e-05, 0.00229239929467, -0.00254124007188, 0.00561932567507, -0.0081777414307, 0.00889327656478, -0.0110836215317, 0.0156531203538, -0.0085487132892, 0.00201696972363, 0.00294388947077, -0.0060335365124, 0.00512933032587], [0.000270221120445, -0.00242323777638, 0.00208107638173, -0.00427865516394, 0.00539285037667, -0.00694384146482, 0.00723282666877, -0.0085487132892, 0.0111667076126, -0.00399832893163, -0.00123727612663, 0.00317432382144, -0.00267772586085], [-0.000127489096485, 0.00142953905743, 0.000124235331896, 0.00139295624103, -0.00140584795736, 0.00139615673106, -0.0026681527961, 0.00201696972363, -0.00399832893163, 0.00967704411596, -0.00451162131503, 0.000327244139044, 0.000838192179799], [0.000326189503539, -0.000952582980972, -0.00112653442193, 0.00127109733876, -0.0013423882192, 0.00359721900895, -0.00342610105872, 0.00294388947077, -0.00123727612663, -0.00451162131503, 0.0116114597768, -0.00661392183974, 0.000712957524229], [-3.92907240894e-05, 6.33330782875e-05, 0.000919922138564, -0.00242107105441, 0.00314304209314, -0.00563857611269, 0.00804662238806, -0.0060335365124, 0.00317432382144, 0.000327244139044, -0.00661392183974, 0.0149205029011, -0.00610381457955], [-7.55877626943e-05, 0.000890204682946, -0.000219232199015, 0.00213893363252, -0.00238763610832, 0.00431103957817, -0.0066036763601, 0.00512933032587, -0.00267772586085, 0.000838192179799, 0.000712957524229, -0.00610381457955, 0.0110690230504]], "cov": [[17087.4199219, 3509.68383789, -3439.2512207, -863.173828125, -629.119384766, -1633.46691895, 252.701416016, -366.105194092, -301.75201416, -80.4337997437, -222.625518799, -533.039978027, 407.49395752], [3509.68383789, 1928.28295898, 91.7088088989, -583.442382812, 277.5965271, -58.8165473938, -177.869094849, 20.835767746, 15.4222249985, -132.56842041, 20.5580997467, -105.960121155, -95.5219421387], [-3439.2512207, 91.7088088989, 1919.1517334, 160.239013672, 512.600769043, 711.950866699, -258.672637939, 122.70526123, 111.783683777, -138.769622803, 54.9204788208, 131.206695557, -295.34576416], [-863.173828125, -583.442382812, 160.239013672, 1022.41986084, 161.967056274, -30.0371627808, 194.693496704, -4.20316982269, 34.8280105591, 4.47042655945, -36.8523406982, -14.0165252686, 14.1000671387], [-629.119384766, 277.5965271, 512.600769043, 161.967056274, 657.266296387, 362.865020752, -138.535476685, 135.46723938, 65.8658370972, -80.7023239136, -37.8958244324, 28.5853919983, -152.491256714], [-1633.46691895, -58.8165473938, 711.950866699, -30.0371627808, 362.865020752, 705.332275391, 7.88422441483, 76.3086090088, 132.292709351, -31.0817584991, -33.1776924133, 63.6223258972, -142.032852173], [252.701416016, -177.869094849, -258.672637939, 194.693496704, -138.535476685, 7.88422441483, 370.284790039, 35.7931785583, 7.80870819092, 74.8056335449, 0.624506533146, -63.9283180237, 105.586181641], [-366.105194092, 20.835767746, 122.70526123, -4.20316982269, 135.46723938, 76.3086090088, 35.7931785583, 202.538223267, 90.7607116699, 8.48328113556, 0.693836033344, 16.6162490845, -43.5017814636], [-301.75201416, 15.4222249985, 111.783683777, 34.8280105591, 65.8658370972, 132.292709351, 7.80870819092, 90.7607116699, 222.531356812, 65.5480270386, 23.5773563385, 17.8033161163, -25.3646793365], [-80.4337997437, -132.56842041, -138.769622803, 4.47042655945, -80.7023239136, -31.0817584991, 74.8056335449, 8.48328113556, 65.5480270386, 198.76260376, 89.6357192993, 18.7358398438, 47.2585601807], [-222.625518799, 20.5580997467, 54.9204788208, -36.8523406982, -37.8958244324, -33.1776924133, 0.624506533146, 0.693836033344, 23.5773563385, 89.6357192993, 188.86618042, 78.3689498901, 39.8000907898], [-533.039978027, -105.960121155, 131.206695557, -14.0165252686, 28.5853919983, 63.6223258972, -63.9283180237, 16.6162490845, 17.8033161163, 18.7358398438, 78.3689498901, 158.029342651, 30.7197208405], [407.49395752, -95.5219421387, -295.34576416, 14.1000671387, -152.491256714, -142.032852173, 105.586181641, -43.5017814636, -25.3646793365, 47.2585601807, 39.8000907898, 30.7197208405, 202.469100952]]}, "spectral_energyband_middle_low": {"dmean2": 0.00556796742603, "median": 0.00674383807927, "min": 2.23360929225e-22, "dvar2": 8.18916450953e-05, "dvar": 4.41039483121e-05, "dmean": 0.00401954492554, "max": 0.101960845292, "var": 0.000247912568739, "mean": 0.0131388297305}, "melbands_crest": {"dmean2": 4.4248213768, "median": 18.5320320129, "min": 1.93642044067, "dvar2": 21.116558075, "dvar": 9.41052818298, "dmean": 2.8730430603, "max": 39.9741592407, "var": 43.851020813, "mean": 19.1659870148}, "spectral_kurtosis": {"dmean2": 45.5394744873, "median": 63.3423194885, "min": -1.21709668636, "dvar2": 1717.63183594, "dvar": 653.515991211, "dmean": 27.1285572052, "max": 342.057067871, "var": 2483.77636719, "mean": 72.532119751}, "spectral_rms": {"dmean2": 0.000876491889358, "median": 0.00361107266508, "min": 3.21558079643e-12, "dvar2": 1.19654930586e-06, "dvar": 7.37386073979e-07, "dmean": 0.000673053611536, "max": 0.0110475542024, "var": 5.04939907842e-06, "mean": 0.00388857675716}, "zerocrossingrate": {"dmean2": 0.00367136043496, "median": 0.01904296875, "min": 0, "dvar2": 5.54248945264e-05, "dvar": 5.67070346733e-05, "dmean": 0.00319445924833, "max": 0.50146484375, "var": 0.000248397700489, "mean": 0.021747879684}, "silence_rate_60dB": {"dmean2": 0.116044998169, "median": 0, "min": 0, "dvar2": 0.112352244556, "dvar": 0.0546477884054, "dmean": 0.0580139122903, "max": 1, "var": 0.143731281161, "mean": 0.174015983939}, "erbbands_kurtosis": {"dmean2": 2.65001034737, "median": 0.0878859758377, "min": -1.84302771091, "dvar2": 45.7749824524, "dvar": 21.4202632904, "dmean": 1.73475801945, "max": 170.488082886, "var": 51.2636451721, "mean": 1.96442699432}, "erbbands": {"dmean2": [0.00924310274422, 0.394489765167, 2.10619330406, 2.02697515488, 6.1066660881, 7.59923696518, 13.8823242188, 15.9832639694, 6.37407541275, 4.54028606415, 10.8563556671, 17.7305393219, 21.1280326843, 25.8643817902, 9.34002971649, 9.5222530365, 11.0277070999, 12.6598958969, 12.8859100342, 5.98235654831, 2.66551470757, 1.62371921539, 0.591161429882, 0.33390468359, 0.126792788506, 0.0486751757562, 0.0514667034149, 0.018427722156, 0.00743785826489, 0.00304955733009, 0.000626667286269, 0.0001094017789, 3.55988267984e-05, 2.22335529543e-05, 1.46354550452e-05, 1.05534472823e-05, 6.37511402601e-06, 2.58517161456e-06, 4.02698333346e-06, 9.32496823225e-06], "median": [0.00182107277215, 0.0611732453108, 0.29165276885, 0.431739360094, 1.00868487358, 2.74980163574, 4.35326385498, 4.48808002472, 1.65006971359, 1.28155493736, 2.83720254898, 4.2925028801, 4.67409133911, 3.97448158264, 2.71780252457, 2.93702864647, 2.5922460556, 2.08455657959, 1.37301754951, 0.872192978859, 0.563806653023, 0.284165263176, 0.132603630424, 0.0611988678575, 0.011583394371, 0.00166675064247, 0.000726384459995, 0.000293500430416, 6.18987105554e-05, 3.50624432031e-05, 2.81380398519e-05, 2.3591092031e-05, 2.06013901334e-05, 1.8742719476e-05, 1.83156716957e-05, 1.89745987882e-05, 1.22934343381e-05, 3.62642913387e-06, 7.05826460035e-06, 1.49073366629e-05], "min": [9.74142294239e-22, 2.99494432876e-21, 1.60418125029e-20, 1.5232926799e-20, 2.41418817161e-20, 1.52295414977e-19, 1.90329812853e-19, 2.58758329026e-19, 2.53580747078e-19, 7.25430314475e-19, 4.70556477304e-19, 5.97248648995e-19, 2.08484400706e-18, 1.46825737461e-18, 1.81176501028e-18, 3.571083461e-18, 2.71876669079e-18, 3.97785531749e-18, 6.76844506688e-18, 5.41670497375e-18, 9.08987865236e-18, 1.07620383227e-17, 9.93847827969e-18, 1.55727123158e-17, 1.57322092815e-17, 1.6513971061e-17, 8.673911029e-18, 1.12475147601e-17, 1.28612986403e-17, 1.06627377717e-17, 1.16765303305e-17, 1.63962698773e-17, 1.60779625058e-17, 1.10225067442e-17, 9.61235405139e-18, 4.9054730272e-18, 3.08837518351e-18, 1.38751472405e-18, 2.86541025206e-19, 3.44351379285e-20], "dvar2": [0.000716841081157, 1.60441219807, 46.4850120544, 31.378036499, 364.818115234, 376.407501221, 1439.84777832, 1760.94006348, 317.952087402, 281.199127197, 1130.91650391, 3365.41088867, 4802.45849609, 18053.8886719, 725.045654297, 1775.36303711, 5042.42089844, 11456.3681641, 6017.17773438, 522.366638184, 131.264663696, 85.1430130005, 3.93864440918, 0.756228327751, 0.331029564142, 0.0445480570197, 0.098771750927, 0.0462902709842, 0.0107422703877, 0.00346061098389, 5.9613299527e-05, 1.55928694312e-06, 5.06705575276e-08, 1.27867121336e-08, 2.40808062379e-09, 2.49465892388e-10, 7.84181955482e-11, 1.85132967984e-11, 3.47274049795e-11, 2.00219035795e-10], "dvar": [0.000346703280229, 0.813600182533, 27.5091228485, 15.6716356277, 181.689483643, 200.699066162, 683.701782227, 959.921936035, 187.182922363, 170.639251709, 618.810791016, 2174.09667969, 2628.21069336, 8327.31835938, 708.117492676, 885.715759277, 2596.75805664, 7236.21435547, 2572.98144531, 291.518676758, 62.4304656982, 42.1729393005, 2.01355433464, 0.369035243988, 0.178824141622, 0.0208614785224, 0.0424090586603, 0.0204171296209, 0.00563901243731, 0.00170788564719, 3.78867553081e-05, 7.32125670311e-07, 1.82077606325e-08, 5.00618302368e-09, 9.77416592107e-10, 1.03729545786e-10, 3.48888314072e-11, 8.14009450123e-12, 2.01975259434e-11, 1.15480069951e-10], "dmean": [0.00651670014486, 0.276737093925, 1.54950642586, 1.41695463657, 4.2550368309, 5.26525735855, 9.40946006775, 11.5448331833, 4.73036623001, 3.5194838047, 8.08558273315, 13.7634954453, 15.3585138321, 18.1339855194, 7.60940170288, 7.03657245636, 8.07992076874, 8.8844909668, 9.08652687073, 4.38655757904, 1.86509430408, 1.13871359825, 0.401012986898, 0.23038855195, 0.0859939008951, 0.0333363227546, 0.03466912359, 0.0127695947886, 0.00480524962768, 0.00207231822424, 0.000441807525931, 7.40802788641e-05, 2.12155846384e-05, 1.3834008314e-05, 9.40589870879e-06, 7.10643053026e-06, 4.39488667325e-06, 1.72564614331e-06, 2.99580960927e-06, 6.92774347044e-06], "max": [0.485940307379, 17.8700695038, 103.785125732, 93.2902145386, 304.858215332, 460.981964111, 559.540100098, 807.981201172, 471.574645996, 790.052429199, 565.56451416, 1308.98571777, 1455.5748291, 3438.84350586, 2277.328125, 1723.50231934, 2797.68310547, 3906.16772461, 1669.84155273, 481.217651367, 247.468811035, 309.931152344, 54.4472084045, 21.9691467285, 26.771780014, 6.61269283295, 9.04327774048, 7.78247785568, 3.17097854614, 2.35135364532, 0.381444692612, 0.0538014620543, 0.00844143982977, 0.00463101128116, 0.00211669877172, 0.000403203739552, 0.000150699575897, 9.32149414439e-05, 6.10601855442e-05, 0.000135407375637], "var": [0.000889628950972, 1.58069169521, 69.8493881226, 45.632522583, 877.629699707, 1049.01013184, 2698.37011719, 5838.01660156, 962.255615234, 1110.17541504, 2328.20458984, 14117.8740234, 15718.2890625, 63791.734375, 9004.79882812, 2824.27099609, 7235.54443359, 33516.1992188, 11335.6054688, 1239.71862793, 214.239746094, 144.673370361, 7.57782030106, 1.99778532982, 0.89322835207, 0.0535437464714, 0.081454358995, 0.0286872461438, 0.0103945750743, 0.00242152297869, 0.000108355503471, 1.39025507906e-06, 3.04900993342e-08, 1.10694857725e-08, 2.59758947685e-09, 4.35940505916e-10, 1.75643499745e-10, 3.85234691369e-11, 1.03151931441e-10, 5.72556391187e-10], "mean": [0.0129883503541, 0.48999351263, 2.72426581383, 2.90519976616, 10.2679405212, 13.4882860184, 23.202047348, 34.0543899536, 12.4674434662, 9.30275154114, 19.2191848755, 42.2532310486, 44.1891403198, 57.0570602417, 23.5710792542, 16.6961841583, 17.4235401154, 23.2113437653, 22.3244972229, 9.81199836731, 4.37212562561, 2.58846831322, 0.863734543324, 0.532309412956, 0.206339538097, 0.0731327980757, 0.0665273666382, 0.0204727016389, 0.00740237021819, 0.00283628515899, 0.000790746998973, 0.000124026861158, 4.09774656873e-05, 3.11069961754e-05, 2.60651268036e-05, 2.38519787672e-05, 1.54818480951e-05, 5.52977826374e-06, 1.06116549432e-05, 2.33046666835e-05]}, "spectral_strongpeak": {"dmean2": 0.600530803204, "median": 0.763382911682, "min": 0, "dvar2": 1.0949010849, "dvar": 0.528972387314, "dmean": 0.3875631392, "max": 17.4297428131, "var": 2.74895358086, "mean": 1.28909778595}, "spectral_energy": {"dmean2": 0.0083736712113, "median": 0.013365842402, "min": 1.05984592013e-20, "dvar2": 0.000161898162332, "dvar": 9.31537215365e-05, "dmean": 0.00621069502085, "max": 0.125099658966, "var": 0.000444770557806, "mean": 0.0206745862961}, "average_loudness": 0.745801627636, "spectral_rolloff": {"dmean2": 213.423782349, "median": 538.330078125, "min": 21.533203125, "dvar2": 246820.796875, "dvar": 147391.125, "dmean": 126.081123352, "max": 19056.8847656, "var": 311540.90625, "mean": 614.027587891}, "spectral_centroid": {"dmean2": 108.457183838, "median": 451.918823242, "min": 102.222831726, "dvar2": 44092.4765625, "dvar": 31773.1210938, "dmean": 75.9643249512, "max": 10385.8017578, "var": 248958.6875, "mean": 560.204406738}, "pitch_salience": {"dmean2": 0.0974498912692, "median": 0.449423611164, "min": 0.0040455092676, "dvar2": 0.010393534787, "dvar": 0.00456171296537, "dmean": 0.0639267489314, "max": 0.794618427753, "var": 0.0236581712961, "mean": 0.429753422737}, "spectral_energyband_middle_high": {"dmean2": 0.00144968461245, "median": 0.000690043147188, "min": 1.56089809577e-21, "dvar2": 2.34274066315e-05, "dvar": 1.2532227629e-05, "dmean": 0.00109174242243, "max": 0.0926293879747, "var": 9.74130161921e-05, "mean": 0.00366880348884}, "spectral_contrast_coeffs": {"dmean2": [0.076306283474, 0.0698048248887, 0.0551372990012, 0.0438162125647, 0.0350980944932, 0.06737421453], "median": [-0.589685320854, -0.653245210648, -0.726681351662, -0.789663136005, -0.720054030418, -0.869729161263], "min": [-0.968338906765, -0.973677158356, -0.9739189744, -0.959400355816, -0.962239980698, -0.96591937542], "dvar2": [0.00394325191155, 0.00379930948839, 0.00224288576283, 0.00135458598379, 0.000952459929977, 0.00337565131485], "dvar": [0.00167111272458, 0.00181398028508, 0.00115736643784, 0.000688468164299, 0.000426674174378, 0.00129424093757], "dmean": [0.0479572750628, 0.0458911918104, 0.036307156086, 0.0284690093249, 0.0224333293736, 0.0402796566486], "max": [-0.230765074492, -0.300969362259, -0.386043131351, -0.494743555784, -0.487474173307, -0.458751738071], "var": [0.0143681447953, 0.0173084344715, 0.0115106767043, 0.00598484138027, 0.00402694055811, 0.00657836301252], "mean": [-0.57821559906, -0.647242426872, -0.718750476837, -0.776337504387, -0.721142351627, -0.847779512405]}, "melbands_skewness": {"dmean2": 1.09841156006, "median": 2.08925056458, "min": -3.81877374649, "dvar2": 2.47094225883, "dvar": 1.18167603016, "dmean": 0.750160515308, "max": 47.4580841064, "var": 27.9130573273, "mean": 3.09815073013}, "spectral_spread": {"dmean2": 511069.9375, "median": 1059764.5, "min": 271382.90625, "dvar2": 540585525248, "dvar": 437988229120, "dmean": 299537.625, "max": 44866636, "var": 1632467943420.0, "mean": 1243975.375}, "dissonance": {"dmean2": 0.0665790662169, "median": 0.395203948021, "min": 0.0872357413173, "dvar2": 0.00375536386855, "dvar": 0.0014333606232, "dmean": 0.0401546098292, "max": 0.5, "var": 0.0043656853959, "mean": 0.388364762068}, "spectral_skewness": {"dmean2": 2.7240459919, "median": 5.05014848709, "min": -0.0873000472784, "dvar2": 4.89951658249, "dvar": 1.80064868927, "dmean": 1.5975304842, "max": 14.6248407364, "var": 6.42516803741, "mean": 5.3099770546}, "spectral_flux": {"dmean2": 0.0336388461292, "median": 0.0362989231944, "min": 1.02948816139e-10, "dvar2": 0.0018023008015, "dvar": 0.000724659184925, "dmean": 0.0210148934275, "max": 0.29067710042, "var": 0.00132670602761, "mean": 0.0454473942518}, "spectral_contrast_valleys": {"dmean2": [0.719781219959, 0.616482913494, 0.526624500751, 0.432296037674, 0.410853356123, 1.29000794888], "median": [-8.4169511795, -8.08456993103, -8.17375087738, -8.77110290527, -11.1105670929, -14.7198791504], "min": [-26.7909393311, -27.3779239655, -26.9093494415, -27.1848106384, -27.2264022827, -27.3034706116], "dvar2": [0.360190391541, 0.325095176697, 0.219321727753, 0.161005079746, 0.187360867858, 1.10955345631], "dvar": [0.180813536048, 0.179423183203, 0.132295072079, 0.109006457031, 0.172761484981, 0.381166756153], "dmean": [0.45124745369, 0.399780988693, 0.342725664377, 0.28894379735, 0.348929077387, 0.731444954872], "max": [-5.6865940094, -4.99176549911, -5.45422315598, -5.92942428589, -7.8623418808, -12.2336578369], "var": [3.31827616692, 2.56985473633, 2.19509220123, 1.99685561657, 3.0220220089, 1.0242446661], "mean": [-8.59649658203, -8.20077228546, -8.34582901001, -8.88706016541, -11.2127246857, -14.696395874]}, "erbbands_flatness_db": {"dmean2": 0.0276605319232, "median": 0.376461446285, "min": 0.0350257530808, "dvar2": 0.000828964053653, "dvar": 0.000427363585914, "dmean": 0.0188539866358, "max": 0.573276817799, "var": 0.0044131372124, "mean": 0.373308718204}, "spectral_energyband_high": {"dmean2": 1.59000239819e-06, "median": 4.28269544273e-08, "min": 7.36688103671e-21, "dvar2": 8.30879531843e-11, "dvar": 3.90753956969e-11, "dmean": 1.09262839487e-06, "max": 0.000290463416604, "var": 8.26614401928e-11, "mean": 2.14675947063e-06}, "spectral_entropy": {"dmean2": 0.29621604085, "median": 5.81284761429, "min": 3.403018713, "dvar2": 0.101291365921, "dvar": 0.0552382878959, "dmean": 0.210800647736, "max": 9.80857467651, "var": 0.479164391756, "mean": 5.81129789352}, "silence_rate_20dB": {"dmean2": 0, "median": 1, "min": 1, "dvar2": 0, "dvar": 0, "dmean": 0, "max": 1, "var": 0, "mean": 1}, "melbands_flatness_db": {"dmean2": 0.0479818098247, "median": 0.503457069397, "min": 0.00497462926432, "dvar2": 0.00198947498575, "dvar": 0.000941083591897, "dmean": 0.0316663607955, "max": 0.787204086781, "var": 0.00639920448884, "mean": 0.502865493298}, "barkbands": {"dmean2": [2.41777561314e-05, 0.00128031300846, 0.00178489566315, 0.000932442140765, 0.00245154346339, 0.00194232724607, 0.000256970961345, 0.000450927589554, 0.000913559517357, 0.000721560616512, 0.000264217902441, 0.000247219606536, 0.000264045258518, 0.000259115215158, 0.000224212242756, 6.26814435236e-05, 3.56676246156e-05, 9.16229237191e-06, 4.78433457829e-06, 1.06738207251e-06, 8.85197266598e-07, 1.96061407109e-07, 2.65507633657e-08, 2.45033171531e-09, 1.88031590298e-09, 2.63823762836e-09, 2.64681410123e-09], "median": [3.67599426454e-08, 0.00017672625836, 0.000167316728039, 8.01282585599e-05, 0.000840536435135, 0.000651258742437, 3.12612464768e-05, 5.04703857587e-05, 0.000159933784744, 7.80219415901e-05, 3.33406569553e-05, 5.19166205777e-05, 4.37728012912e-05, 3.12422926072e-05, 1.83445808943e-05, 9.30155692913e-06, 4.51031428383e-06, 1.52293546307e-06, 4.86667204314e-07, 2.3213967637e-08, 1.06462270111e-08, 7.38914041065e-10, 6.09015171626e-10, 6.06005468029e-10, 9.231525544e-10, 2.39515429712e-09, 2.03143546429e-09], "min": [3.03599114717e-23, 2.07167353491e-23, 1.78847199661e-23, 3.11924338559e-24, 3.05287939698e-23, 2.80598865284e-23, 3.28872230191e-23, 2.05682717267e-23, 2.96046812846e-23, 6.91904346389e-23, 3.0447765333e-23, 8.2877979138e-23, 5.26386497888e-23, 6.16007281391e-23, 1.23570491721e-22, 1.72363621301e-22, 1.6288435312e-22, 1.79473731925e-22, 3.23993655607e-22, 3.52049033006e-22, 2.42499426849e-22, 3.08825942992e-22, 3.9948731607e-22, 8.79802910833e-22, 1.2349041161e-21, 1.64034610769e-21, 2.28773580313e-21], "dvar2": [3.34438432503e-08, 1.71574192791e-05, 3.43942847394e-05, 1.01760188045e-05, 3.00095925923e-05, 2.30106943491e-05, 8.84920495992e-07, 2.24342852562e-06, 9.09844129637e-06, 1.11337622002e-05, 1.64446555573e-06, 9.56272515396e-07, 2.40416352426e-06, 3.8327434595e-06, 1.82928988579e-06, 5.8151297111e-08, 7.45558779158e-08, 1.01710806444e-09, 2.13928250115e-10, 2.00300314529e-11, 5.79942274759e-11, 7.24132212526e-12, 1.2927191869e-13, 3.30409288576e-16, 8.07766948274e-17, 1.59358297155e-17, 1.62042614048e-17], "dvar": [1.52344146187e-08, 8.4487028289e-06, 1.99602054636e-05, 5.0733392527e-06, 1.52258407979e-05, 1.22687597468e-05, 5.59847705972e-07, 1.22785763779e-06, 5.82648453928e-06, 5.00165515405e-06, 1.17608919936e-06, 5.79316690619e-07, 1.15651880606e-06, 2.377987812e-06, 8.19676813535e-07, 3.36131513734e-08, 3.39995125387e-08, 4.3062742261e-10, 1.08739808824e-10, 9.04171702787e-12, 2.5026165168e-11, 3.86790903126e-12, 7.99010990292e-14, 1.2249689898e-16, 3.13779947326e-17, 6.80897815767e-18, 6.66967142994e-18], "dmean": [1.48054959936e-05, 0.000890679075383, 0.00131756672636, 0.000637777615339, 0.00171552714892, 0.00136738282163, 0.000192321633222, 0.000327894929796, 0.00071203376865, 0.000484355405206, 0.000212843573536, 0.000188545309356, 0.000182078088983, 0.000180508126505, 0.000156557551236, 4.4688993512e-05, 2.44276143349e-05, 5.95165693085e-06, 3.25950350089e-06, 7.12710232165e-07, 5.96475388193e-07, 1.21701376088e-07, 1.82967756501e-08, 1.43172151912e-09, 1.09983855356e-09, 1.68554226132e-09, 1.63821078925e-09], "max": [0.00414623133838, 0.0592501163483, 0.091252759099, 0.0622341819108, 0.0913742780685, 0.0895272195339, 0.0343684777617, 0.0283360183239, 0.0801585018635, 0.0814940407872, 0.0689103752375, 0.0349095128477, 0.0544569641352, 0.0672770664096, 0.0297478679568, 0.00774948531762, 0.00951957609504, 0.00105415401049, 0.000376090960344, 0.000124826983665, 0.000285156071186, 7.99569315859e-05, 1.74268207047e-05, 6.31339219126e-07, 3.73858085823e-07, 7.011453107e-08, 8.88255016207e-08], "var": [1.69144414031e-08, 1.59624687512e-05, 5.37498526683e-05, 1.74021461135e-05, 7.45721699786e-05, 6.46178887109e-05, 3.10585551233e-06, 5.74108617002e-06, 4.43003336841e-05, 3.75230920326e-05, 9.46443560679e-06, 3.5391349229e-06, 2.88006140181e-06, 1.07082396426e-05, 3.6156357055e-06, 1.67384044403e-07, 8.5844888531e-08, 1.19632193041e-09, 5.92059234972e-10, 2.1114637816e-11, 3.88963201925e-11, 6.76390323959e-12, 2.10660238168e-13, 1.80303549203e-16, 6.57538508238e-17, 3.68041142625e-17, 2.69517231507e-17], "mean": [1.29084564833e-05, 0.00156714569312, 0.00233665294945, 0.00128550722729, 0.00439543416724, 0.00383520871401, 0.000446285150247, 0.000787379452959, 0.00225314614363, 0.00141698576044, 0.000532126054168, 0.000495702435728, 0.000342756422469, 0.000426662911195, 0.000370387773728, 9.89211112028e-05, 5.04297022417e-05, 1.08009926407e-05, 7.46275918573e-06, 1.40513020597e-06, 1.04624075448e-06, 1.77758451514e-07, 3.03492662113e-08, 1.91889237833e-09, 1.71868941301e-09, 4.5007260141e-09, 3.73979380797e-09]}, "erbbands_skewness": {"dmean2": 0.622805416584, "median": 0.455388247967, "min": -8.18842029572, "dvar2": 0.611749827862, "dvar": 0.291841238737, "dmean": 0.429615885019, "max": 10.4596824646, "var": 1.6557353735, "mean": 0.63570445776}, "erbbands_spread": {"dmean2": 5.39005851746, "median": 15.6752090454, "min": 0.535666704178, "dvar2": 46.7556800842, "dvar": 23.2053966522, "dmean": 3.64663052559, "ma