{"tonal": {"thpcp": [1, 0.522150933743, 0.141309931874, 0.136829957366, 0.146672964096, 0.165575429797, 0.201948717237, 0.204479277134, 0.186929449439, 0.228967756033, 0.225673362613, 0.17912723124, 0.233085036278, 0.252499133348, 0.184895247221, 0.163250878453, 0.183606207371, 0.198949500918, 0.290752202272, 0.333237171173, 0.218120530248, 0.145370051265, 0.130498841405, 0.121191553771, 0.138035535812, 0.148594141006, 0.161881193519, 0.184907823801, 0.185903728008, 0.181681156158, 0.19733928144, 0.210067257285, 0.279812961817, 0.591232001781, 0.823844969273, 0.962200760841], "hpcp": {"dmean2": [0.187251359224, 0.181423008442, 0.161375001073, 0.169743016362, 0.195022016764, 0.199022337794, 0.221522346139, 0.233683183789, 0.167757362127, 0.137117505074, 0.130257129669, 0.126005515456, 0.124604448676, 0.120800845325, 0.148521304131, 0.172548562288, 0.178720280528, 0.189622193575, 0.197701826692, 0.221161603928, 0.27563431859, 0.400558441877, 0.46498426795, 0.454957008362, 0.517236888409, 0.3262783885, 0.162709459662, 0.140532702208, 0.137975394726, 0.145054832101, 0.163900464773, 0.166307091713, 0.161603406072, 0.186682298779, 0.189276441932, 0.169675663114], "median": [0.0254192017019, 0.0249986965209, 0.0230951365083, 0.0195502415299, 0.0199991539121, 0.0273899026215, 0.0552618913352, 0.0638929381967, 0.0422681197524, 0.0217046514153, 0.0181256514043, 0.0171878952533, 0.0177984423935, 0.0178535263985, 0.0211456250399, 0.0256488714367, 0.0259496998042, 0.022599639371, 0.0278558526188, 0.0297267846763, 0.0474741943181, 0.170701801777, 0.281853377819, 0.510840892792, 0.395876735449, 0.178696125746, 0.0178203899413, 0.019534682855, 0.0210016649216, 0.0199755989015, 0.0173085927963, 0.0172425620258, 0.024340569973, 0.0377301909029, 0.0374304801226, 0.0277791563421], "min": [5.02254515595e-05, 9.0538909717e-05, 9.06840068637e-05, 0.000162138210726, 6.46602129564e-05, 0.000144513192936, 0.000191304148757, 0.000250825658441, 0.00030049259658, 7.36888978281e-05, 0.000196007968043, 0.000136670190841, 0.000150740408571, 9.12054383662e-05, 0.000115316419397, 0.000178777816473, 0.000281856569927, 0.000368510343833, 0.000523124646861, 0.000396839430323, 0.00020898366347, 9.72623456619e-05, 0.000108701555291, 4.46860540251e-05, 0.000265768409008, 0.000159927090863, 0.000107383923023, 0.000151555330376, 0.000101068850199, 9.32700932026e-05, 0.000120651406178, 0.000117006326036, 5.63053436053e-05, 9.39711753745e-05, 7.61151386541e-05, 7.32089829398e-05], "dvar2": [0.0937396138906, 0.0926988199353, 0.0835504904389, 0.0911134704947, 0.106695011258, 0.102980017662, 0.101610869169, 0.103213645518, 0.0672469809651, 0.0662549361587, 0.0659071803093, 0.0642988756299, 0.0592491738498, 0.0570006258786, 0.0855994597077, 0.0950386151671, 0.0999946445227, 0.112551823258, 0.107350952923, 0.11764716357, 0.126715302467, 0.15592841804, 0.180628463626, 0.13697566092, 0.244686022401, 0.121387332678, 0.0833852812648, 0.0719257667661, 0.0656134784222, 0.0676330178976, 0.0908260419965, 0.0933850333095, 0.0817342400551, 0.0879678726196, 0.0919341221452, 0.0828395262361], "dvar": [0.0358770675957, 0.0359483957291, 0.030814865604, 0.0331054739654, 0.038607686758, 0.0368975959718, 0.0377542600036, 0.0403525009751, 0.025455461815, 0.0246442444623, 0.0239963494241, 0.0231629293412, 0.0222751479596, 0.0216956175864, 0.0309475027025, 0.0345778912306, 0.0361564084888, 0.040910448879, 0.0396266765893, 0.0427382849157, 0.0464684665203, 0.0607166327536, 0.0745147913694, 0.0578701272607, 0.111451365054, 0.0468637309968, 0.0300109330565, 0.0261572506279, 0.0240268390626, 0.0248957145959, 0.0333301201463, 0.0348832271993, 0.0305682234466, 0.0334971435368, 0.0345498509705, 0.0303278937936], "dmean": [0.106372222304, 0.104162544012, 0.090681836009, 0.0941463187337, 0.107850186527, 0.109604582191, 0.126035600901, 0.133847087622, 0.0963474735618, 0.0770238265395, 0.0729252696037, 0.0696685910225, 0.0700490325689, 0.0687191411853, 0.0832423120737, 0.0961563363671, 0.0988541170955, 0.10400583595, 0.109841249883, 0.121609173715, 0.15391510725, 0.23231177032, 0.267500460148, 0.265294969082, 0.291075140238, 0.183738082647, 0.0882485434413, 0.0780386403203, 0.0776034146547, 0.0817661881447, 0.092408709228, 0.0932755619287, 0.0911460518837, 0.10573014617, 0.106646589935, 0.0947192236781], "max": [1, 1, 1, 1, 1, 1, 1, 1, 1, 1, 1, 1, 1, 1, 1, 1, 1, 1, 1, 1, 1, 1, 1, 1, 1, 1, 1, 1, 1, 1, 1, 1, 1, 1, 1, 1], "var": [0.0430540069938, 0.0520636998117, 0.0286296065897, 0.026010485366, 0.0320232063532, 0.032250162214, 0.0425923615694, 0.0536707490683, 0.0272212177515, 0.0208477098495, 0.0187224280089, 0.0172037053853, 0.0199212506413, 0.0240344442427, 0.0265496708453, 0.0295946486294, 0.0307993553579, 0.0324274078012, 0.0336693413556, 0.0349221304059, 0.0437591001391, 0.0891906619072, 0.131982475519, 0.0983184874058, 0.173531338573, 0.0583845339715, 0.021458575502, 0.0200833827257, 0.020976100117, 0.0259468089789, 0.0412923581898, 0.0452715493739, 0.0318010635674, 0.0343521274626, 0.0346301086247, 0.0257379747927], "mean": [0.113657169044, 0.123123891652, 0.0901588127017, 0.0796045660973, 0.0895302519202, 0.0970119610429, 0.141776889563, 0.16249345243, 0.106360159814, 0.0708854943514, 0.0636339783669, 0.0590955503285, 0.0673090294003, 0.072457626462, 0.0789366737008, 0.0901649445295, 0.0906505659223, 0.0885915532708, 0.0962267890573, 0.102433212101, 0.136442691088, 0.288297176361, 0.401724129915, 0.469189345837, 0.487621039152, 0.25461179018, 0.0689056962729, 0.0667211636901, 0.07152082026, 0.0807380601764, 0.0984744429588, 0.0997084006667, 0.0911507308483, 0.111649498343, 0.110043078661, 0.0873462036252]}, "tuning_equal_tempered_deviation": 0.183917835355, "chords_changes_rate": 0.0949629917741, "key_key": "A", "tuning_diatonic_strength": 0.551336884499, "key_scale": "minor", "chords_number_rate": 0.00198591803201, "tuning_frequency": 434.193115234, "tuning_nontempered_energy_ratio": 0.855767250061, "chords_histogram": [7.05903577805, 1.58873438835, 21.8089904785, 0, 0, 0, 0, 14.6416320801, 5.66889333725, 27.2792930603, 0.0722151994705, 0, 0.162484198809, 0, 0.559667825699, 0.0722151994705, 0.992959022522, 1.46235787868, 4.17042779922, 0, 0.0902689993382, 5.77721595764, 5.38003253937, 3.21357655525], "key_strength": 0.585410833359, "chords_key": "E", "chords_strength": {"dmean2": 0.0109989410266, "median": 0.474111109972, "min": 0.214822545648, "dvar2": 8.81357991602e-05, "dvar": 6.34248499409e-05, "dmean": 0.00947783887386, "max": 0.703189194202, "var": 0.00795710645616, "mean": 0.464906126261}, "chords_scale": "major", "hpcp_entropy": {"dmean2": 1.21547174454, "median": 2.30338954926, "min": 0.0395878180861, "dvar2": 0.92588609457, "dvar": 0.338888585567, "dmean": 0.727809906006, "max": 4.8675775528, "var": 0.736858844757, "mean": 2.30591416359}}, "metadata": {"audio_properties": {"equal_loudness": 0, "codec": "flac", "downmix": "mix", "sample_rate": 96000, "analysis_sample_rate": 44100, "bit_rate": 0, "md5_encoded": "deb223b2b0e2e40c0fe9c71ee756fb6d", "length": 257.175140381, "replay_gain": -12.8598670959, "lossless": true}, "version": {"essentia_build_sha": "70f2e5ece6736b2c40cc944ad0e695b16b925413", "essentia": "2.1-beta2", "extractor": "music 1.0", "essentia_git_sha": "v2.1_beta2"}, "tags": {"title": ["Your Ma Said You Cried in Your Sleep Last Night"], "barcode": ["075679133618"], "media": ["12\" Vinyl"], "albumartist": ["Robert Plant"], "tracktotal": ["10"], "musicbrainz_releasegroupid": ["d4bb5b04-e97f-3695-9fcc-a7c08992e47a"], "releasetype": ["album"], "musicbrainz_recordingid": ["1ab9b73d-6a3f-4ba7-a0a3-37caafee8fec"], "mood": ["Melancholy"], "musicbrainz_albumartistid": ["bd53f9a7-8be9-46b0-bf7d-1deea3cb57bc"], "originalyear": ["1990"], "musicbrainz_releasetrackid": ["9bda2edf-0bd0-36a6-90c4-02ded6fe829a"], "discnumber": ["1"], "totaldiscs": ["1"], "catalognumber": ["7567-91336-1"], "releasecountry": ["DE"], "file_name": "07 Your Ma Said You Cried in Your Sleep Last Night.flac", "website": ["http://www.robertplant.com/"], "originaldate": ["1990-03-19"], "albumartistsort": ["Plant, Robert"], "date": ["1990-03"], "genre": ["Hard Rock"], "musicbrainz_albumid": ["fd182f5c-277e-40ef-ba52-d3ecc5a9a49b"], "disctotal": ["1"], "musicbrainz_artistid": ["bd53f9a7-8be9-46b0-bf7d-1deea3cb57bc"], "asin": ["B00008EQ5O"], "grouping": ["Rock"], "artist": ["Robert Plant"], "tracknumber": ["7"], "artistsort": ["Plant, Robert"], "album": ["Manic Nirvana"], "label": ["Es Paranza"], "releasestatus": ["official"], "acoustid_id": ["26d96059-4942-4701-ab02-d3efdfa2db2b"], "script": ["Latn"], "totaltracks": ["10"]}}, "rhythm": {"bpm_histogram_first_peak_bpm": {"dmean2": 0, "median": 148, "min": 148, "dvar2": 0, "dvar": 0, "dmean": 0, "max": 148, "var": 0, "mean": 148}, "bpm": 147.97492981, "bpm_histogram_second_peak_spread": {"dmean2": 0, "median": 0, "min": 0, "dvar2": 0, "dvar": 0, "dmean": 0, "max": 0, "var": 0, "mean": 0}, "bpm_histogram_first_peak_weight": {"dmean2": 0, "median": 0.745253145695, "min": 0.745253145695, "dvar2": 0, "dvar": 0, "dmean": 0, "max": 0.745253145695, "var": 0, "mean": 0.745253145695}, "onset_rate": 3.44484591484, "beats_position": [0.476009070873, 0.905578196049, 1.3235373497, 1.72988653183, 2.13623571396, 2.54258489609, 2.94893407822, 3.35528349876, 3.76163268089, 4.15637159348, 4.57433080673, 4.98067998886, 5.38702917099, 5.79337835312, 6.19972801208, 6.60607719421, 7.01242637634, 7.41877555847, 7.8251247406, 8.23147392273, 8.63782310486, 9.03256225586, 9.43891143799, 9.84526062012, 10.2516098022, 10.6579589844, 11.0643081665, 11.4706573486, 11.8770065308, 12.2833557129, 12.6780948639, 13.084444046, 13.4907932281, 13.8971424103, 14.3034915924, 14.7214508057, 15.1277999878, 15.5225391388, 15.9288883209, 16.3352375031, 16.7415866852, 17.1479358673, 17.5542850494, 17.9606342316, 18.3669834137, 18.7617225647, 19.1680717468, 19.574420929, 19.9807701111, 20.3871192932, 20.8050785065, 21.2114276886, 21.6177768707, 22.0125160217, 22.4072551727, 22.8136043549, 23.219953537, 23.6379127502, 24.0442619324, 24.4506111145, 24.8569602966, 25.2633094788, 25.6580486298, 26.0643978119, 26.470746994, 26.8770961761, 27.2834453583, 27.6897945404, 28.0961437225, 28.4908847809, 28.897233963, 29.3035831451, 29.7099323273, 30.1162815094, 30.5342407227, 30.9405899048, 31.3469390869, 31.7416782379, 32.1480255127, 32.5543746948, 32.960723877, 33.3670730591, 33.7734222412, 34.1797714233, 34.5861206055, 34.9924697876, 35.3872108459, 35.7935600281, 36.1999092102, 36.6062583923, 37.0126075745, 37.4189567566, 37.8253059387, 38.2316551208, 38.638004303, 39.0443534851, 39.4507026672, 39.8570518494, 40.2634010315, 40.6697502136, 41.0760993958, 41.4708366394, 41.8771858215, 42.2835350037, 42.6898841858, 43.0962333679, 43.50258255, 43.9089317322, 44.3152809143, 44.7216300964, 45.1163711548, 45.5227203369, 45.929069519, 46.347026825, 46.7533760071, 47.1597251892, 47.5660743713, 47.9724235535, 48.3671646118, 48.7735137939, 49.1798629761, 49.5862121582, 49.9925613403, 50.3989105225, 50.8052597046, 51.2000007629, 51.6063499451, 52.0126991272, 52.4190483093, 52.8253974915, 53.2433547974, 53.6497039795, 54.0560531616, 54.45079422, 54.8571434021, 55.2634925842, 55.6698417664, 56.0761909485, 56.4825401306, 56.8888893127, 57.2952384949, 57.701587677, 58.0963249207, 58.5026741028, 58.9090232849, 59.315372467, 59.7217216492, 60.1280708313, 60.5344200134, 60.9291610718, 61.3355102539, 61.741859436, 62.1482086182, 62.5545578003, 62.9725151062, 63.3788642883, 63.7852134705, 64.1799545288, 64.5863037109, 64.9926528931, 65.3990020752, 65.8053512573, 66.2117004395, 66.6180496216, 67.0243988037, 67.4307479858, 67.8254852295, 68.2318344116, 68.6381835938, 69.0445327759, 69.450881958, 69.8572311401, 70.2635803223, 70.6699295044, 71.0762786865, 71.4826278687, 71.8889770508, 72.2953262329, 72.701675415, 73.1080245972, 73.5143737793, 73.9091110229, 74.3154602051, 74.7102050781, 75.1165542603, 75.5229034424, 75.9292526245, 76.3356018066, 76.7419509888, 77.1483001709, 77.554649353, 77.9609985352, 78.3673477173, 78.7853012085, 79.1916503906, 79.5979995728, 79.9927444458, 80.3874816895, 80.7938308716, 81.2001800537, 81.6065292358, 82.012878418, 82.4192276001, 82.8255767822, 83.2319259644, 83.6382751465, 84.0446243286, 84.4509735107, 84.8573226929, 85.263671875, 85.6700210571, 86.0763702393, 86.4827194214, 86.8890686035, 87.2838058472, 87.6901550293, 88.0965042114, 88.5028533936, 88.9092025757, 89.3155517578, 89.7219009399, 90.1282501221, 90.5345993042, 90.9409484863, 91.3472976685, 91.7536468506, 92.1599960327, 92.5663452148, 92.972694397, 93.36743927, 93.7737884521, 94.1801376343, 94.5864868164, 94.9928359985, 95.3991851807, 95.8171386719, 96.223487854, 96.6182327271, 97.0129699707, 97.4193191528, 97.825668335, 98.2320175171, 98.6383666992, 99.0563278198, 99.462677002, 99.8690261841, 100.263763428, 100.67011261, 101.076461792, 101.482810974, 101.889160156, 102.295509338, 102.701858521, 103.108207703, 103.514556885, 103.909294128, 104.315643311, 104.733604431, 105.139953613, 105.546302795, 105.952651978, 106.347389221, 106.753738403, 107.160087585, 107.566436768, 107.97278595, 108.379135132, 108.785484314, 109.191833496, 109.598182678, 109.992919922, 110.399269104, 110.805618286, 111.211967468, 111.61831665, 112.024665833, 112.431015015, 112.837364197, 113.243713379, 113.650062561, 114.056411743, 114.451156616, 114.869110107, 115.27545929, 115.681808472, 116.076553345, 116.482902527, 116.889251709, 117.295600891, 117.701950073, 118.108299255, 118.514648438, 118.92099762, 119.327346802, 119.722084045, 120.128433228, 120.53478241, 120.941131592, 121.347480774, 121.765441895, 122.171791077, 122.578140259, 122.972877502, 123.379226685, 123.785575867, 124.203536987, 124.609886169, 125.016235352, 125.410972595, 125.817321777, 126.223670959, 126.630020142, 127.036369324, 127.431106567, 127.83745575, 128.243804932, 128.650161743, 129.056503296, 129.462860107, 129.86920166, 130.263946533, 130.681900024, 131.099868774, 131.506210327, 131.912567139, 132.307296753, 132.702041626, 133.108383179, 133.51473999, 133.921081543, 134.327438354, 134.733779907, 135.140136719, 135.534866333, 135.941223145, 136.347564697, 136.753921509, 137.171875, 137.578231812, 137.984573364, 138.390930176, 138.78565979, 139.192016602, 139.598358154, 140.016326904, 140.434280396, 140.852249146, 141.258590698, 141.66494751, 142.059677124, 142.454421997, 142.849151611, 143.243896484, 143.650253296, 144.056594849, 144.46295166, 144.869293213, 145.275650024, 145.681991577, 146.088348389, 146.494689941, 146.889434814, 147.307388306, 147.713745117, 148.12008667, 148.526443481, 148.932785034, 149.327529907, 149.73387146, 150.140228271, 150.546569824, 150.952926636, 151.359268188, 151.765625, 152.171966553, 152.578323364, 152.973052979, 153.391021729, 153.80897522, 154.215332031, 154.610061646, 155.016418457, 155.411148071, 155.817504883, 156.223846436, 156.630203247, 157.0365448, 157.442901611, 157.849243164, 158.243988037, 158.650344849, 159.056686401, 159.463043213, 159.869384766, 160.275741577, 160.68208313, 161.076828003, 161.494781494, 161.901138306, 162.307479858, 162.702224731, 163.120178223, 163.538131714, 163.944488525, 164.339233398, 164.745574951, 165.151931763, 165.558273315, 165.953018188, 166.347747803, 166.765716553, 167.183670044, 167.578414917, 167.98475647, 168.391113281, 168.797454834, 169.203811646, 169.59854126, 170.004898071, 170.411239624, 170.817596436, 171.223937988, 171.6302948, 172.036636353, 172.442993164, 172.849334717, 173.267303467, 173.662033081, 174.068389893, 174.474731445, 174.869476318, 175.275817871, 175.682174683, 176.100128174, 176.518096924, 176.924438477, 177.330795288, 177.748748779, 178.131881714, 178.526611328, 178.921356201, 179.327713013, 179.745666504, 180.152008057, 180.558364868, 180.953109741, 181.371063232, 181.777404785, 182.183761597, 182.57850647, 182.973236084, 183.391204834, 183.797546387, 184.203903198, 184.598632812, 185.004989624, 185.411331177, 185.829299927, 186.247253418, 186.653594971, 187.048339844, 187.454696655, 187.861038208, 188.26739502, 188.662124634, 189.068481445, 189.474822998, 189.88117981, 190.287521362, 190.682266235, 191.088607788, 191.4949646, 191.901306152, 192.307662964, 192.714004517, 193.120361328, 193.526702881, 193.933059692, 194.339401245, 194.745758057, 195.152099609, 195.558456421, 195.964797974, 196.371154785, 196.777496338, 197.183853149, 197.590194702, 197.996551514, 198.391296387, 198.797637939, 199.203994751, 199.621948242, 200.016693115, 200.423034668, 200.829391479, 201.224121094, 201.630477905, 202.036819458, 202.44317627, 202.849517822, 203.255874634, 203.662216187, 204.068572998, 204.474914551, 204.881271362, 205.287612915, 205.705581665, 206.100311279, 206.506668091, 206.913009644, 207.319366455, 207.725708008, 208.132064819, 208.538406372, 208.944763184, 209.351104736, 209.757461548, 210.163803101, 210.558547974, 210.953277588, 211.348022461, 211.765975952, 212.183944702, 212.590286255, 212.996643066, 213.402984619, 213.809341431, 214.204071045, 214.598815918, 214.993560791, 215.399902344, 215.817871094, 216.235824585, 216.642166138, 217.048522949, 217.454864502, 217.861221313, 218.267562866, 218.685531616, 219.091873169, 219.49822998, 219.892959595, 220.287704468, 220.694061279, 221.100402832, 221.506759644, 221.913101196, 222.319458008, 222.725799561, 223.143753052, 223.538497925, 223.944854736, 224.351196289, 224.757553101, 225.163894653, 225.570251465, 225.976593018, 226.382949829, 226.777679443, 227.184036255, 227.578765869, 227.996734619, 228.403076172, 228.809432983, 229.215774536, 229.622131348, 230.0284729, 230.434829712, 230.829559326, 231.247528076, 231.665481567, 232.071838379, 232.466567993, 232.872924805, 233.279266357, 233.685623169, 234.080352783, 234.486709595, 234.893051147, 235.299407959, 235.705749512, 236.123718262, 236.518447876, 236.913192749, 237.319549561, 237.725891113, 238.143844604, 238.550201416, 238.956542969, 239.351287842, 239.769241333, 240.163986206, 240.570343018, 240.97668457, 241.394638062, 241.800994873, 242.195739746, 242.602081299, 243.00843811, 243.403167725, 243.809524536, 244.215866089, 244.633834839, 245.040176392, 245.434921265, 245.841262817, 246.247619629, 246.653961182, 247.060317993, 247.455047607, 247.873016357, 248.27935791, 248.685714722, 249.092056274, 249.498413086, 249.904754639, 250.299499512, 250.705841064, 251.123809814, 251.530151367, 251.936508179, 252.331237793, 252.737594604, 253.143936157, 253.550292969, 253.956634521, 254.362991333, 254.769332886, 255.175689697, 255.58203125, 255.976776123, 256.371520996, 256.789459229], "beats_loudness": {"dmean2": 0.0404879525304, "median": 0.0354613624513, "min": 3.71355235984e-05, "dvar2": 0.00142411724664, "dvar": 0.000542859372217, "dmean": 0.0237267222255, "max": 0.154892295599, "var": 0.000766979297623, "mean": 0.041324634105}, "danceability": 1.12044656277, "bpm_histogram_second_peak_weight": {"dmean2": 0, "median": 0.0015822785208, "min": 0.0015822785208, "dvar2": 0, "dvar": 0, "dmean": 0, "max": 0.0015822785208, "var": 0, "mean": 0.0015822785208}, "beats_count": 633, "bpm_histogram_second_peak_bpm": {"dmean2": 0, "median": 140, "min": 140, "dvar2": 0, "dvar": 0, "dmean": 0, "max": 140, "var": 0, "mean": 140}, "bpm_histogram_first_peak_spread": {"dmean2": 0, "median": 0.25238096714, "min": 0.25238096714, "dvar2": 0, "dvar": 0, "dmean": 0, "max": 0.25238096714, "var": 0, "mean": 0.25238096714}, "beats_loudness_band_ratio": {"dmean2": [0.359784603119, 0.16384626925, 0.13167463243, 0.0834363698959, 0.0764040499926, 0.0956675261259], "median": [0.739893078804, 0.046295851469, 0.0443142615259, 0.0306279845536, 0.0384192913771, 0.0539794228971], "min": [0.00733592733741, 5.10593526997e-05, 2.91155338346e-05, 1.74273300217e-05, 2.33974151342e-05, 3.09909119096e-05], "dvar2": [0.0797476246953, 0.0317140929401, 0.0232960227877, 0.0124921565875, 0.00859832763672, 0.0087404390797], "dvar": [0.0412901304662, 0.0128543991596, 0.00860319379717, 0.00444747321308, 0.00311237457208, 0.00333621492609], "dmean": [0.216825917363, 0.0946673229337, 0.0765843838453, 0.0485418252647, 0.0453738160431, 0.0597760640085], "max": [0.999838471413, 0.753969550133, 0.599932432175, 0.531668841839, 0.387092024088, 0.452807754278], "var": [0.0866759195924, 0.0152226127684, 0.0110716875643, 0.00491206068546, 0.00380809605122, 0.00488548912108], "mean": [0.634980678558, 0.0976931750774, 0.0890652537346, 0.0574203059077, 0.0594674311578, 0.0762979090214]}}, "lowlevel": {"barkbands_spread": {"dmean2": 11.5572309494, "median": 24.6226005554, "min": 0.016377735883, "dvar2": 137.610321045, "dvar": 56.4342651367, "dmean": 7.28953933716, "max": 106.549980164, "var": 212.983261108, "mean": 25.5906524658}, "melbands_spread": {"dmean2": 13.6499071121, "median": 21.0501327515, "min": 0.0130335623398, "dvar2": 269.262359619, "dvar": 118.506446838, "dmean": 8.70465755463, "max": 243.701858521, "var": 402.47454834, "mean": 25.1237945557}, "hfc": {"dmean2": 9.82399845123, "median": 15.5296220779, "min": 7.76406159275e-05, "dvar2": 238.621765137, "dvar": 95.3685073853, "dmean": 6.30103111267, "max": 144.953552246, "var": 452.743927002, "mean": 21.9056549072}, "barkbands_kurtosis": {"dmean2": 42.2558250427, "median": 1.94351196289, "min": -1.91478669643, "dvar2": 283285.96875, "dvar": 91101.7265625, "dmean": 23.8610935211, "max": 13156.390625, "var": 91449.640625, "mean": 25.4530334473}, "gfcc": {"mean": [-6.57854127884, 77.1253356934, -120.250267029, 51.0945701599, -55.8492164612, 20.624168396, -28.0329151154, 12.52485466, -15.6591863632, 3.96093845367, -9.89667129517, 0.934278607368, -3.60887670517], "icov": [[0.00019173551118, -0.00018424190057, 0.000335892662406, -0.000110470704385, 0.00018110385281, -0.00036423074198, 0.000524979957845, -0.000609591719694, 0.000551216071472, -0.00019068873371, 0.000296564539894, -0.000201197210117, 0.000205751042813], [-0.00018424190057, 0.0021034553647, -0.000638838449959, 0.000418257783167, -0.00138806679752, 0.00196587061509, -0.00214145379141, 0.00165295158513, -0.000940545345657, 0.00170422426891, -0.0016798657598, 0.00166556111071, -0.000430096115451], [0.000335892662406, -0.000638838449959, 0.0029518599622, -0.00206166203134, 0.000700321339536, -0.00237161619589, 0.00240080547519, -0.0020822067745, 0.00221335981041, -0.00132607005071, 0.00122944824398, -0.00124756118748, 0.000817871594336], [-0.000110470704385, 0.000418257783167, -0.00206166203134, 0.00560770183802, -0.0032246792689, 0.00148905790411, -0.00151325610932, 0.00302066211589, -0.00369699415751, 0.00201134313829, 5.71742475586e-06, -0.000302453408949, 0.000484413001686], [0.00018110385281, -0.00138806679752, 0.000700321339536, -0.0032246792689, 0.00680045364425, -0.00347839575261, 0.000920251652133, -0.00199908157811, -0.000183673502761, 0.000205925534829, -0.000341550796293, 0.000628090579994, -0.000617977522779], [-0.00036423074198, 0.00196587061509, -0.00237161619589, 0.00148905790411, -0.00347839575261, 0.0112128928304, -0.00615581311285, -8.85049812496e-05, 0.00150260480586, -0.000406421488151, -0.00129894330166, 0.00143696262967, -0.000353622424882], [0.000524979957845, -0.00214145379141, 0.00240080547519, -0.00151325610932, 0.000920251652133, -0.00615581311285, 0.0117205558345, -0.00456029968336, -0.000837779836729, 0.000176367058884, 0.000563978101127, -0.00183465401642, 0.000831880490296], [-0.000609591719694, 0.00165295158513, -0.0020822067745, 0.00302066211589, -0.00199908157811, -8.85049812496e-05, -0.00456029968336, 0.0150902541354, -0.00622837617993, 0.000153642235091, -0.00141342962161, 0.00335808261298, -0.00228323345073], [0.000551216071472, -0.000940545345657, 0.00221335981041, -0.00369699415751, -0.000183673502761, 0.00150260480586, -0.000837779836729, -0.00622837617993, 0.0159798618406, -0.00591517286375, 0.000790682504885, -0.00117398938164, -0.00042607053183], [-0.00019068873371, 0.00170422426891, -0.00132607005071, 0.00201134313829, 0.000205925534829, -0.000406421488151, 0.000176367058884, 0.000153642235091, -0.00591517286375, 0.0157255064696, -0.00443624937907, -0.000870200747158, 0.00172265537549], [0.000296564539894, -0.0016798657598, 0.00122944824398, 5.71742475586e-06, -0.000341550796293, -0.00129894330166, 0.000563978101127, -0.00141342962161, 0.000790682504885, -0.00443624937907, 0.0170578658581, -0.00473065860569, -0.00204060599208], [-0.000201197210117, 0.00166556111071, -0.00124756118748, -0.000302453408949, 0.000628090579994, 0.00143696262967, -0.00183465401642, 0.00335808261298, -0.00117398938164, -0.000870200747158, -0.00473065860569, 0.0145824057981, -0.00560659077018], [0.000205751042813, -0.000430096115451, 0.000817871594336, 0.000484413001686, -0.000617977522779, -0.000353622424882, 0.000831880490296, -0.00228323345073, -0.00042607053183, 0.00172265537549, -0.00204060599208, -0.00560659077018, 0.0158003550023]], "cov": [[9127.59667969, -356.711364746, -912.010498047, -875.218383789, -620.738098145, -77.7713394165, -387.358612061, 81.7846679688, -397.572052002, 12.2421560287, -140.097732544, -80.5587387085, -107.068435669], [-356.711364746, 1114.12731934, 11.4521789551, 283.885070801, 342.091217041, -28.3096084595, 196.665267944, -19.0393848419, 98.0581359863, -121.952575684, 54.7886657715, -82.390296936, 19.0975017548], [-912.010498047, 11.4521789551, 778.507873535, 312.860137939, 164.138809204, 134.176452637, -6.55728721619, 17.0437984467, -1.25113177299, 12.6534357071, -17.614364624, 20.7147388458, -21.8086299896], [-875.218383789, 283.885070801, 312.860137939, 555.433837891, 332.921417236, 62.762386322, 111.470489502, -6.09189414978, 117.107337952, -42.9531860352, 11.6061763763, 0.510525345802, 3.09894490242], [-620.738098145, 342.091217041, 164.138809204, 332.921417236, 442.455566406, 123.863853455, 151.195175171, 52.858165741, 101.935050964, -34.6381912231, 31.1706562042, -27.4464435577, 19.2591094971], [-77.7713394165, -28.3096084595, 134.176452637, 62.762386322, 123.863853455, 206.974197388, 101.095191956, 61.9754600525, 12.9012870789, 14.6868915558, 10.7712516785, -5.97083997726, 2.50152635574], [-387.358612061, 196.665267944, -6.55728721619, 111.470489502, 151.195175171, 101.095191956, 223.218536377, 66.6123809814, 76.8335723877, -8.44223022461, 29.5571250916, -7.82514047623, 17.401922226], [81.7846679688, -19.0393848419, 17.0437984467, -6.09189414978, 52.858165741, 61.9754600525, 66.6123809814, 127.756713867, 48.0816459656, 23.713508606, 12.1073589325, -10.7315454483, 12.5969429016], [-397.572052002, 98.0581359863, -1.25113177299, 117.107337952, 101.935050964, 12.9012870789, 76.8335723877, 48.0816459656, 141.332107544, 25.8061904907, 25.2580852509, 6.64688062668, 18.1174201965], [12.2421560287, -121.952575684, 12.6534357071, -42.9531860352, -34.6381912231, 14.6868915558, -8.44223022461, 23.713508606, 25.8061904907, 101.075523376, 21.0829048157, 22.9839935303, 0.58246332407], [-140.097732544, 54.7886657715, -17.614364624, 11.6061763763, 31.1706562042, 10.7712516785, 29.5571250916, 12.1073589325, 25.2580852509, 21.0829048157, 84.7467727661, 29.6029167175, 25.3570728302], [-80.5587387085, -82.390296936, 20.7147388458, 0.510525345802, -27.4464435577, -5.97083997726, -7.82514047623, -10.7315454483, 6.64688062668, 22.9839935303, 29.6029167175, 106.790298462, 34.7625198364], [-107.068435669, 19.0975017548, -21.8086299896, 3.09894490242, 19.2591094971, 2.50152635574, 17.401922226, 12.5969429016, 18.1174201965, 0.58246332407, 25.3570728302, 34.7625198364, 83.9860458374]]}, "spectral_energyband_middle_low": {"dmean2": 0.00694428710267, "median": 0.00474865734577, "min": 2.51590162037e-08, "dvar2": 0.000117304538435, "dvar": 4.37173366663e-05, "dmean": 0.00412238482386, "max": 0.0863150581717, "var": 7.62121635489e-05, "mean": 0.00775300338864}, "melbands_crest": {"dmean2": 6.51188135147, "median": 17.3110370636, "min": 2.53359246254, "dvar2": 31.4806003571, "dvar": 13.6927347183, "dmean": 4.07343244553, "max": 39.9714393616, "var": 60.2607879639, "mean": 17.7957191467}, "spectral_kurtosis": {"dmean2": 1.46283531189, "median": 2.36764717102, "min": -0.828341245651, "dvar2": 2.44824004173, "dvar": 0.811356425285, "dmean": 0.844818770885, "max": 12.7774305344, "var": 1.5160779953, "mean": 2.47649717331}, "spectral_rms": {"dmean2": 0.00149841606617, "median": 0.00497079035267, "min": 3.63969629689e-05, "dvar2": 2.63096467279e-06, "dvar": 1.16255409921e-06, "dmean": 0.000945755338762, "max": 0.0128285009414, "var": 4.6098234634e-06, "mean": 0.00487431557849}, "zerocrossingrate": {"dmean2": 0.0128341475502, "median": 0.05712890625, "min": 0, "dvar2": 0.000161861418746, "dvar": 0.000129062842461, "dmean": 0.0109161892906, "max": 0.37744140625, "var": 0.00137781444937, "mean": 0.0621786080301}, "silence_rate_60dB": {"dmean2": 0.0613995492458, "median": 0, "min": 0, "dvar2": 0.0659490600228, "dvar": 0.0297580379993, "dmean": 0.0306970030069, "max": 1, "var": 0.0736602246761, "mean": 0.0800758302212}, "erbbands_kurtosis": {"dmean2": 1.14173364639, "median": -0.465112924576, "min": -1.86465382576, "dvar2": 2.44257831573, "dvar": 0.961098432541, "dmean": 0.697395920753, "max": 21.1515293121, "var": 1.62024497986, "mean": -0.176091253757}, "erbbands": {"dmean2": [0.346388101578, 2.65708589554, 4.77683162689, 4.15193653107, 6.34928178787, 11.3398885727, 11.2338123322, 14.0267772675, 13.5804176331, 13.9983453751, 21.9608840942, 56.5023651123, 21.023311615, 21.726108551, 31.8770675659, 17.6537532806, 24.0118484497, 24.4693756104, 27.9704055786, 25.7165546417, 14.6614246368, 21.2539691925, 20.1256828308, 17.5565414429, 12.8460788727, 16.2278251648, 11.9940137863, 11.9803581238, 7.64289712906, 5.22379016876, 4.33691644669, 2.9290971756, 1.83723282814, 1.0141825676, 0.443814635277, 0.151527270675, 0.0288243740797, 0.00388222653419, 0.000454086228274, 4.02688310714e-05], "median": [0.132812589407, 0.866298317909, 1.22988522053, 0.949146926403, 1.38249969482, 2.20005202293, 3.19156503677, 4.62102079391, 4.13857555389, 3.7003030777, 5.9142665863, 11.8498506546, 6.66352462769, 8.75599479675, 9.89270591736, 8.2402009964, 8.7273273468, 9.19012260437, 10.5908374786, 9.81321525574, 9.84854221344, 13.8976297379, 13.544711113, 10.8896226883, 8.84688854218, 8.20981788635, 7.09911632538, 7.75780773163, 4.03079271317, 2.20845150948, 1.87322938442, 1.36960756779, 0.76183360815, 0.425975739956, 0.143645986915, 0.0314934924245, 0.00614351080731, 0.000890055263881, 0.000110792003397, 4.06894432672e-05], "min": [1.21660832519e-05, 2.06396598514e-05, 1.41826785693e-05, 3.16108707921e-05, 2.49763124884e-05, 1.87895384443e-05, 9.70078872342e-06, 4.44541410616e-06, 1.27701978272e-05, 1.42541020978e-05, 8.48499075801e-06, 4.65377979708e-06, 2.14122592297e-05, 4.8198235163e-05, 4.83862604597e-05, 2.79991800198e-05, 1.19001160783e-05, 5.6607521401e-05, 7.63630814617e-05, 6.37939519947e-05, 5.14890380146e-05, 1.29781010401e-05, 3.91447465518e-05, 1.68023561855e-05, 5.97356083745e-05, 3.02243115584e-05, 1.53497494466e-05, 1.59203282237e-05, 1.21258099171e-05, 1.09567890831e-05, 1.54534882313e-05, 5.24452389072e-06, 9.12298946787e-06, 2.60668616647e-06, 1.6756473542e-06, 1.40192082654e-06, 6.18373121597e-07, 1.62461986974e-07, 2.50887346454e-08, 2.68854449814e-09], "dvar2": [0.31378608942, 25.4164562225, 81.3433227539, 80.5785827637, 169.281723022, 781.61541748, 517.697814941, 825.962280273, 1114.70849609, 1645.8112793, 2293.42407227, 18078.9179688, 4715.75585938, 2131.60180664, 5431.96582031, 1725.22619629, 2851.7043457, 5213.22705078, 3488.04077148, 2749.96264648, 618.160827637, 1243.25366211, 1210.07128906, 904.28894043, 564.130310059, 1087.34155273, 549.557678223, 478.443084717, 263.137451172, 157.669036865, 96.7263565063, 37.149307251, 22.6458206177, 7.06355476379, 1.47425615788, 0.19958755374, 0.00784338638186, 0.000125254257, 1.80734605237e-06, 7.01606550635e-09], "dvar": [0.120430797338, 9.65916156769, 33.5650863647, 30.919090271, 61.955329895, 287.141937256, 189.458129883, 305.936096191, 391.761932373, 611.438720703, 834.674804688, 6713.93798828, 1748.6262207, 801.967956543, 2106.40698242, 634.286010742, 1094.10900879, 1962.04748535, 1284.00012207, 1035.64404297, 241.653305054, 476.464782715, 453.873413086, 342.742462158, 210.170730591, 418.819061279, 211.927566528, 187.78855896, 99.5880279541, 58.8957443237, 37.8963546753, 16.1934585571, 10.041466713, 3.04846024513, 0.666964173317, 0.0889532491565, 0.00349222263321, 5.63552130188e-05, 7.33869740088e-07, 2.89055024361e-09], "dmean": [0.213600978255, 1.58391475677, 2.8772251606, 2.47726774216, 3.64169669151, 6.59738826752, 6.68364191055, 8.48954105377, 7.97064876556, 8.29999446869, 12.9677305222, 34.0862998962, 12.8955497742, 13.238697052, 19.3134498596, 10.6704645157, 14.7621564865, 14.7649393082, 16.8228225708, 15.6501302719, 8.88034820557, 12.9100799561, 12.1592693329, 10.5640563965, 7.84288787842, 9.86957740784, 7.30107116699, 7.36020994186, 4.6952548027, 3.25608229637, 2.77570056915, 1.88393473625, 1.20323467255, 0.654068529606, 0.29282066226, 0.0994939357042, 0.0191222727299, 0.00255424831994, 0.000290897703962, 2.54288479482e-05], "max": [4.20431661606, 33.5744094849, 67.4314575195, 83.9361038208, 148.53477478, 268.964752197, 238.725021362, 298.49621582, 453.83291626, 688.247680664, 741.689941406, 2355.81274414, 1123.49401855, 629.587158203, 1495.14697266, 1102.29736328, 1229.28637695, 1896.55456543, 778.871276855, 544.14642334, 588.771606445, 477.336273193, 533.580688477, 382.614013672, 338.552856445, 590.801330566, 591.934265137, 265.730712891, 228.494216919, 209.425109863, 129.088165283, 146.593154907, 116.131095886, 58.7575569153, 26.21717453, 12.3849802017, 2.31052541733, 0.212710648775, 0.0169437900186, 0.00143547600601], "var": [0.295087307692, 9.99944210052, 35.2614593506, 27.8281002045, 52.7837295532, 274.519866943, 304.268798828, 586.41619873, 659.634765625, 919.003601074, 1353.62414551, 11604.6787109, 3261.26074219, 1773.03234863, 5006.58789062, 1326.60314941, 2361.15429688, 4048.33081055, 3406.99829102, 2290.13134766, 656.032714844, 1166.93432617, 1077.33300781, 888.555358887, 513.434936523, 1056.34094238, 634.733215332, 472.522888184, 219.190307617, 101.605682373, 72.3166275024, 48.9321022034, 27.632566452, 8.322514534, 1.76018297672, 0.1962787956, 0.00713409902528, 0.000122980418382, 1.36830976771e-06, 6.22701357145e-09], "mean": [0.403391093016, 1.99880278111, 3.31843781471, 2.6925137043, 3.83563327789, 7.2039680481, 9.25618362427, 12.8318090439, 12.4099340439, 11.9398765564, 19.0805358887, 49.8451728821, 21.0147628784, 23.5095081329, 32.2945365906, 19.550573349, 24.9359760284, 25.8262386322, 31.5910110474, 27.240562439, 17.819185257, 26.1095619202, 25.2338943481, 22.046546936, 16.7657928467, 19.8792858124, 15.4907903671, 15.2300004959, 9.34346485138, 6.01175880432, 5.13909435272, 3.91192626953, 2.43783950806, 1.27435684204, 0.519100487232, 0.159642368555, 0.0301260668784, 0.00422344962135, 0.000473124004202, 5.96478384978e-05]}, "spectral_strongpeak": {"dmean2": 0.723748445511, "median": 0.248410999775, "min": 0, "dvar2": 1.64094245434, "dvar": 0.623819947243, "dmean": 0.415619969368, "max": 11.9460687637, "var": 0.952130019665, "mean": 0.630877673626}, "spectral_energy": {"dmean2": 0.0176082421094, "median": 0.0253264755011, "min": 1.35785751354e-06, "dvar2": 0.000560952583328, "dvar": 0.000230964535149, "dmean": 0.0108181014657, "max": 0.168684691191, "var": 0.000515741005074, "mean": 0.0290779322386}, "average_loudness": 0.870267868042, "spectral_rolloff": {"dmean2": 962.921020508, "median": 1012.06054688, "min": 21.533203125, "dvar2": 1641397.75, "dvar": 729387.125, "dmean": 590.1640625, "max": 11649.4628906, "var": 2411009.25, "mean": 1494.59545898}, "spectral_centroid": {"dmean2": 529.502807617, "median": 1795.6574707, "min": 304.918182373, "dvar2": 232129.078125, "dvar": 97946.1875, "dmean": 332.850585938, "max": 5507.53027344, "var": 387803.65625, "mean": 1798.06933594}, "pitch_salience": {"dmean2": 0.160056948662, "median": 0.501112341881, "min": 0.00364877050743, "dvar2": 0.0222907792777, "dvar": 0.00920119509101, "dmean": 0.0979198440909, "max": 0.864415168762, "var": 0.0267122760415, "mean": 0.486768901348}, "spectral_energyband_middle_high": {"dmean2": 0.00271040643565, "median": 0.00300528295338, "min": 1.06512256792e-08, "dvar2": 1.55223315232e-05, "dvar": 6.05400236964e-06, "dmean": 0.00168174505234, "max": 0.0512925423682, "var": 3.80392521038e-05, "mean": 0.00533484015614}, "spectral_contrast_coeffs": {"dmean2": [0.0922956690192, 0.0830244421959, 0.0666711777449, 0.0516603589058, 0.0362440049648, 0.0318183526397], "median": [-0.711739838123, -0.749486804008, -0.787513852119, -0.805522084236, -0.802782475948, -0.74193584919], "min": [-0.972213208675, -0.953276693821, -0.962090849876, -0.986712515354, -0.972847402096, -0.89678645134], "dvar2": [0.00575018022209, 0.00448582135141, 0.00294721708633, 0.0017795044696, 0.000879253726453, 0.000726985861547], "dvar": [0.00226659490727, 0.00170814106241, 0.00117702048738, 0.000692155619618, 0.000339131103829, 0.000304201326799], "dmean": [0.0560056976974, 0.0501915849745, 0.0407519228756, 0.0313540026546, 0.021952835843, 0.0200687795877], "max": [-0.302708029747, -0.374349236488, -0.368941038847, -0.521145224571, -0.562213897705, -0.57825666666], "var": [0.00688504241407, 0.00717189209536, 0.00630824826658, 0.00332515966147, 0.00179021141957, 0.0020667319186], "mean": [-0.704616785049, -0.74252051115, -0.777778983116, -0.797774493694, -0.800280749798, -0.742972373962]}, "melbands_skewness": {"dmean2": 2.17686748505, "median": 3.04607725143, "min": -1.31636571884, "dvar2": 20.8664836884, "dvar": 8.1317024231, "dmean": 1.3841573, "max": 141.090377808, "var": 27.6559371948, "mean": 4.24242782593}, "spectral_spread": {"dmean2": 674090.25, "median": 4665122.5, "min": 2391896.5, "dvar2": 505235341312, "dvar": 260522180608, "dmean": 448187.0625, "max": 11620175, "var": 1548770869250.0, "mean": 4840251.5}, "dissonance": {"dmean2": 0.0229627862573, "median": 0.481998562813, "min": 0.235409796238, "dvar2": 0.000567377079278, "dvar": 0.000212233993807, "dmean": 0.0135245649144, "max": 0.500000119209, "var": 0.000387523294194, "mean": 0.47688010335}, "spectral_skewness": {"dmean2": 0.249288588762, "median": 1.12852108479, "min": 0.091732904315, "dvar2": 0.0541065782309, "dvar": 0.0199583508074, "dmean": 0.149047538638, "max": 2.63367438316, "var": 0.0718024298549, "mean": 1.11584556103}, "spectral_flux": {"dmean2": 0.0426574759185, "median": 0.0831036865711, "min": 0.000602891319431, "dvar2": 0.00205683009699, "dvar": 0.00101286021527, "dmean": 0.0269218441099, "max": 0.346365332603, "var": 0.00261831982061, "mean": 0.0901640430093}, "spectral_contrast_valleys": {"dmean2": [0.71882891655, 0.734771966934, 0.637459695339, 0.58725810051, 0.456474363804, 0.412860542536], "median": [-7.01629257202, -6.84661722183, -7.14515542984, -7.40577363968, -7.09561443329, -9.68574428558], "min": [-12.1804285049, -13.426071167, -13.028553009, -13.1953687668, -13.2114696503, -15.5306138992], "dvar2": [0.355316489935, 0.496981352568, 0.378390729427, 0.355185061693, 0.243373528123, 0.245417654514], "dvar": [0.165328994393, 0.214449301362, 0.169923827052, 0.157039389014, 0.112960778177, 0.128813534975], "dmean": [0.451342433691, 0.455644339323, 0.404077142477, 0.370590209961, 0.296439528465, 0.289598405361], "max": [-5.10623121262, -4.36801433563, -5.13909006119, -5.67247819901, -5.38419675827, -7.40926551819], "var": [1.14277422428, 1.16601324081, 1.25912737846, 1.02778887749, 0.895458102226, 1.12067520618], "mean": [-7.23371839523, -7.08063077927, -7.44782686234, -7.64603900909, -7.28939914703, -9.8830499649]}, "erbbands_flatness_db": {"dmean2": 0.0225665345788, "median": 0.133186846972, "min": 0.0446371212602, "dvar2": 0.0004125412961, "dvar": 0.000194034466404, "dmean": 0.014786186628, "max": 0.353610932827, "var": 0.0011483177077, "mean": 0.135577306151}, "spectral_energyband_high": {"dmean2": 0.000787743425462, "median": 0.00066500029061, "min": 2.58170240741e-09, "dvar2": 2.31355056712e-06, "dvar": 9.39318510973e-07, "dm