{"tonal": {"thpcp": [1, 0.706124484539, 0.247992932796, 0.154744982719, 0.364600121975, 0.669473767281, 0.735439360142, 0.587474048138, 0.396557867527, 0.302290737629, 0.278344392776, 0.269679695368, 0.343152672052, 0.624163508415, 0.706519186497, 0.402676522732, 0.219541281462, 0.187976241112, 0.169159919024, 0.264980405569, 0.630997002125, 0.840909302235, 0.631599962711, 0.565667808056, 0.67844748497, 0.649850785732, 0.469829827547, 0.260009586811, 0.197547987103, 0.296568632126, 0.399369210005, 0.41502943635, 0.277831673622, 0.136444509029, 0.193237438798, 0.606102049351], "hpcp": {"dmean2": [0.117604978383, 0.163512766361, 0.233454659581, 0.262144356966, 0.282033115625, 0.280443996191, 0.291306138039, 0.295890837908, 0.238131836057, 0.157487466931, 0.124565429986, 0.147904887795, 0.166812628508, 0.159212857485, 0.128621652722, 0.0912768170238, 0.124590285122, 0.227650463581, 0.247569724917, 0.245856717229, 0.140652179718, 0.0973023325205, 0.175825387239, 0.234073400497, 0.241335108876, 0.215314239264, 0.191747665405, 0.168793275952, 0.171595275402, 0.161123216152, 0.161569878459, 0.225629612803, 0.233136728406, 0.180617108941, 0.130733087659, 0.119476810098], "median": [0.0131511772051, 0.0195432025939, 0.0523712746799, 0.0680506303906, 0.0678537786007, 0.0497166328132, 0.0648741945624, 0.0653080940247, 0.041990313679, 0.018231080845, 0.0132095003501, 0.0239809919149, 0.0346744805574, 0.0318783409894, 0.0199939217418, 0.0111162262037, 0.014223578386, 0.0681829452515, 0.121369279921, 0.0844920948148, 0.0237994864583, 0.0130095351487, 0.0277143996209, 0.0721178501844, 0.0911815539002, 0.0535796396434, 0.0261099413037, 0.0151481684297, 0.014113323763, 0.0171049162745, 0.0304824803025, 0.0688863247633, 0.0768055915833, 0.0389495156705, 0.0178980119526, 0.0152002107352], "min": [0, 0, 0, 0, 0, 0, 0, 0, 0, 0, 0, 0, 0, 0, 0, 0, 0, 0, 0, 0, 0, 0, 0, 0, 0, 0, 0, 0, 0, 0, 0, 0, 0, 0, 0, 0], "dvar2": [0.0576175302267, 0.0776565074921, 0.102626383305, 0.1166729182, 0.122451663017, 0.12607704103, 0.134883522987, 0.137453645468, 0.10585039109, 0.0776670202613, 0.0612003877759, 0.0665130317211, 0.0667647272348, 0.0660816505551, 0.0522729717195, 0.0385789275169, 0.0602761134505, 0.0974150672555, 0.0993544459343, 0.099305562675, 0.0537520907819, 0.0415456108749, 0.0895058065653, 0.103590294719, 0.0948419049382, 0.0904670283198, 0.0871289968491, 0.0895959883928, 0.0896949917078, 0.070074506104, 0.0637952536345, 0.0897921845317, 0.0943342596292, 0.0811107903719, 0.0613915100694, 0.0574070103467], "dvar": [0.0202980525792, 0.027986779809, 0.0402295961976, 0.0504837334156, 0.0468025803566, 0.0476013198495, 0.0513409599662, 0.0531041622162, 0.040017273277, 0.0276134908199, 0.0212810449302, 0.0252920798957, 0.0268837250769, 0.0279192402959, 0.0203609410673, 0.013854810968, 0.0209725853056, 0.0366587936878, 0.0442515611649, 0.0372800640762, 0.0193857308477, 0.014343470335, 0.0322588123381, 0.0399087592959, 0.0381486900151, 0.0356648527086, 0.0330139733851, 0.0325198210776, 0.0316418819129, 0.0259500388056, 0.0250675398856, 0.0363563522696, 0.0403673648834, 0.031278077513, 0.0217185486108, 0.019528079778], "dmean": [0.0650066509843, 0.0907918214798, 0.135774150491, 0.153979048133, 0.164238348603, 0.159096732736, 0.168286815286, 0.170711830258, 0.136353716254, 0.0883127599955, 0.0691801086068, 0.0851089656353, 0.098319336772, 0.0948103815317, 0.0761596933007, 0.0504459254444, 0.0684683993459, 0.133258014917, 0.149314135313, 0.145567908883, 0.0793715640903, 0.05373794958, 0.100105606019, 0.137002468109, 0.144245296717, 0.126975476742, 0.11096251756, 0.0946555584669, 0.095708951354, 0.0902477875352, 0.0930280536413, 0.134243965149, 0.141413867474, 0.106669194996, 0.0733056440949, 0.0663504078984], "max": [1, 1, 1, 1, 1, 1, 1, 1, 1, 1, 1, 1, 1, 1, 1, 1, 1, 1, 1, 1, 1, 1, 1, 1, 1, 1, 1, 1, 1, 1, 1, 1, 1, 1, 1, 1], "var": [0.0152359968051, 0.0262239929289, 0.0780392512679, 0.120004959404, 0.0676610991359, 0.0706128999591, 0.0859917998314, 0.0795372352004, 0.0525158904493, 0.0268858447671, 0.0187391713262, 0.0324003584683, 0.0447083078325, 0.0532144829631, 0.029472257942, 0.0103728212416, 0.0173938050866, 0.0641784146428, 0.131918415427, 0.0768319293857, 0.0206889808178, 0.0119589017704, 0.0422429256141, 0.0822161138058, 0.0841460749507, 0.071426846087, 0.0448600463569, 0.0377839952707, 0.0337436646223, 0.0282934289426, 0.0356301963329, 0.0726894810796, 0.0872927606106, 0.0420461334288, 0.0213088728487, 0.0177378319204], "mean": [0.052609551698, 0.0824101790786, 0.196243107319, 0.261526852846, 0.196430623531, 0.175925418735, 0.211000427604, 0.20210672915, 0.146119341254, 0.0808642357588, 0.0614383742213, 0.0922342762351, 0.124205745757, 0.12907615304, 0.0864069908857, 0.0424349009991, 0.0600977726281, 0.188500657678, 0.311004817486, 0.21960811317, 0.077126994729, 0.04812643677, 0.113392397761, 0.208209559321, 0.22872518003, 0.182707265019, 0.123331405222, 0.094013877213, 0.0865664482117, 0.0838716849685, 0.106722131371, 0.194117859006, 0.219730868936, 0.125234335661, 0.0682783946395, 0.0584615170956]}, "tuning_equal_tempered_deviation": 0.224096015096, "chords_changes_rate": 0.0679595544934, "key_key": "D#", "tuning_diatonic_strength": 0.517479002476, "key_scale": "minor", "chords_number_rate": 0.00265208026394, "tuning_frequency": 447.174194336, "tuning_nontempered_energy_ratio": 0.866104125977, "chords_histogram": [7.0943145752, 0.331510037184, 12.7465610504, 3.94496941566, 0.828775048256, 1.04425656796, 2.9007127285, 12.1332674026, 3.31510019302, 3.13276982307, 0.977954566479, 1.16028511524, 3.29852485657, 9.59721565247, 14.4041109085, 5.66882133484, 0.0663020089269, 0, 0, 1.1271340847, 0.0497265048325, 0.165755018592, 8.28775024414, 7.72418355942], "key_strength": 0.62958329916, "chords_key": "E", "chords_strength": {"dmean2": 0.00975748710334, "median": 0.500870466232, "min": 0.246144607663, "dvar2": 7.62389609008e-05, "dvar": 7.19575837138e-05, "dmean": 0.0101993400604, "max": 0.770581245422, "var": 0.0094715282321, "mean": 0.501180052757}, "chords_scale": "minor", "hpcp_entropy": {"dmean2": 1.08305644989, "median": 2.12256479263, "min": 0, "dvar2": 0.754046857357, "dvar": 0.281489938498, "dmean": 0.646500945091, "max": 4.3843626976, "var": 0.614305913448, "mean": 2.05328726768}}, "metadata": {"audio_properties": {"equal_loudness": 0, "codec": "mp3", "downmix": "mix", "analysis_sample_rate": 44100, "bit_rate": 243891, "md5_encoded": "c70888828ec7fa747d4b08148bf1e489", "length": 280.112091064, "replay_gain": 11.1429615021, "lossless": false}, "version": {"essentia_build_sha": "0a826ad6289770054bb7564d59068f1232327ff9", "essentia": "2.1-beta1", "extractor": "music 1.0", "essentia_git_sha": "v2.1_beta1-5-gf9dded9"}, "tags": {"title": ["Ah, ah, troppo \u00e8 ver (Cantata per il Santissimo Natale): Sinfonia"], "albumartist": ["Various Artists"], "date": ["2011-11-25"], "file_name": "11 - Ah, ah, troppo \u00e8 ver (Cantata per il Santissimo Natale): Sinfonia.mp3", "musicbrainz_releasegroupid": ["86e520ca-43c2-41d7-a43c-5edcf37e99b1"], "musicbrainz_recordingid": ["1ac0d94a-93c8-4a01-b964-72dc6d145e83"], "musicbrainz release track id": ["35dda9b1-bc75-3606-95f8-ba5d905c00dc"], "musicbrainz_albumartistid": ["89ad4ac3-39f7-470e-963a-56509c546377"], "musicbrainz_albumid": ["f71c7d87-cb48-4f2d-986b-ea6f9d161cb2"], "artist": ["Alessandro Stradella"], "tracknumber": ["11/19"], "album": ["Deutsche Harmonia Mundi Label Sampler"], "musicbrainz album type": ["album", "compilation"], "musicbrainz_artistid": ["351ca834-7d1c-4e45-98b2-86be5d5807c2"], "discnumber": ["1/1"]}}, "rhythm": {"bpm_histogram_first_peak_bpm": {"dmean2": 0, "median": 115, "min": 115, "dvar2": 0, "dvar": 0, "dmean": 0, "max": 115, "var": 0, "mean": 115}, "bpm": 114.730789185, "bpm_histogram_second_peak_spread": {"dmean2": 0, "median": 0.50303030014, "min": 0.50303030014, "dvar2": 0, "dvar": 0, "dmean": 0, "max": 0.50303030014, "var": 0, "mean": 0.50303030014}, "bpm_histogram_first_peak_weight": {"dmean2": 0, "median": 0.169291332364, "min": 0.169291332364, "dvar2": 0, "dvar": 0, "dmean": 0, "max": 0.169291332364, "var": 0, "mean": 0.169291332364}, "onset_rate": 2.47389101982, "beats_position": [0.522448956966, 1.05650794506, 1.57895684242, 2.10140585899, 2.61224484444, 3.11147379875, 3.62231278419, 4.13315200806, 4.65560102463, 5.17804956436, 5.70049858093, 6.2229475975, 6.74539661407, 7.26784563065, 7.77868461609, 8.28952407837, 8.8119726181, 9.32281208038, 9.82204055786, 10.3328800201, 10.8321084976, 11.3313379288, 11.8421764374, 12.3646259308, 12.8754644394, 13.3863039017, 13.8971424103, 14.4195919037, 14.9304304123, 15.4412698746, 15.9521083832, 16.4629478455, 16.9737873077, 17.4846248627, 17.995464325, 18.5063037872, 19.0171432495, 19.5279808044, 20.0272102356, 20.5380496979, 21.037279129, 21.5365066528, 22.035736084, 22.5465755463, 23.0690250397, 23.5914726257, 24.102312088, 24.6131515503, 25.1239910126, 25.6348285675, 26.1456680298, 26.6565074921, 27.1789569855, 27.7014045715, 28.2122440338, 28.7346935272, 29.2571430206, 29.7795906067, 30.3136501312, 30.8477096558, 31.3701572418, 31.9042167664, 32.4382743835, 32.9723358154, 33.4947853088, 34.028842926, 34.5512924194, 35.0737419128, 35.5961914062, 36.118637085, 36.6410865784, 37.1751480103, 37.7092056274, 38.2316551208, 38.6496124268, 39.0675735474, 39.4855308533, 39.9034919739, 40.3214492798, 40.7510185242, 41.1689796448, 41.5985488892, 42.0281181335, 42.4576873779, 42.8872566223, 43.3168258667, 43.7463951111, 44.1759643555, 44.6171417236, 45.0583229065, 45.4995002747, 45.9406776428, 46.4631271362, 46.9971885681, 47.5196380615, 48.0420837402, 48.5645332336, 49.0869827271, 49.5978240967, 50.1086616516, 50.6194992065, 51.1303405762, 51.6411781311, 52.152015686, 52.6628570557, 53.1736946106, 53.6845359802, 54.1953735352, 54.7062110901, 55.2170524597, 55.7395019531, 56.2503395081, 56.7727890015, 57.2952384949, 57.8176841736, 58.340133667, 58.8625831604, 59.3850326538, 59.7913818359, 60.2093429565, 60.6273002625, 61.0452613831, 61.463218689, 61.8811798096, 62.2991371155, 62.7170982361, 63.135055542, 63.5530128479, 63.9709739685, 64.3889312744, 64.806892395, 65.2248535156, 65.6428070068, 66.0723800659, 66.5019454956, 66.9431304932, 67.3843078613, 67.8254852295, 68.2550582886, 68.7775039673, 69.299949646, 69.8224029541, 70.3448486328, 70.8673019409, 71.3897476196, 71.9122009277, 72.423034668, 72.9454879761, 73.4679336548, 73.9903869629, 74.5012207031, 75.0120620728, 75.5345077515, 76.0569610596, 76.5794067383, 77.1018600464, 77.6126937866, 78.1235351562, 78.6343765259, 79.1452102661, 79.6676635742, 80.1901092529, 80.712562561, 81.2350082397, 81.7690658569, 82.291519165, 82.8139648438, 83.3480224609, 83.870475769, 84.3929214478, 84.9269790649, 85.4726486206, 86.0067138672, 86.5407714844, 87.08644104, 87.6321105957, 88.177772522, 88.7234420776, 89.2575073242, 89.7915649414, 90.3140106201, 90.8364639282, 91.3589096069, 91.8929672241, 92.4386367798, 92.9843063354, 93.5299758911, 94.0872573853, 94.64453125, 95.1902008057, 95.7474822998, 96.3047637939, 96.8620376587, 97.4077072144, 97.9417648315, 98.4874343872, 99.0331039429, 99.5671615601, 100.101219177, 100.635284424, 101.157730103, 101.680175781, 102.202629089, 102.725074768, 103.235916138, 103.758361816, 104.280815125, 104.803260803, 105.325714111, 105.84815979, 106.370613098, 106.893058777, 107.415504456, 107.949569702, 108.472015381, 109.006072998, 109.540130615, 110.062583923, 110.585029602, 111.119087219, 111.641540527, 112.163986206, 112.686439514, 113.208885193, 113.731338501, 114.265396118, 114.811065674, 115.356735229, 115.902404785, 116.343582153, 116.79637146, 117.237548828, 117.678726196, 118.119903564, 118.561088562, 119.00226593, 119.455055237, 119.884620667, 120.314193726, 120.79019928, 121.277824402, 121.765441895, 122.392379761, 123.019317627, 123.657867432, 124.296417236, 124.934967041, 125.573509216, 126.212059021, 126.850608826, 127.48915863, 128.116104126, 128.754638672, 129.381591797, 130.008529663, 130.635467529, 131.274017334, 131.912567139, 132.597549438, 133.282531738, 133.955917358, 134.62928772, 135.314285278, 135.999267578, 136.684265137, 137.311203003, 137.938140869, 138.565078735, 139.192016602, 139.830566406, 140.469116211, 141.107666016, 141.757827759, 142.407974243, 143.058135986, 143.708297729, 144.346847534, 144.985397339, 145.612335205, 146.146392822, 146.680450439, 147.237731934, 147.795013428, 148.340682983, 148.851516724, 149.362350464, 149.861587524, 150.360809326, 150.860046387, 151.359268188, 151.870117188, 152.380950928, 152.891784668, 153.414230347, 153.936691284, 154.459136963, 154.946762085, 155.434371948, 155.933609009, 156.386398315, 156.839187622, 157.28036499, 157.733154297, 158.185943604, 158.63873291, 159.079910278, 159.521087646, 159.962265015, 160.403442383, 160.844619751, 161.285797119, 161.726974487, 162.168167114, 162.609344482, 163.050521851, 163.491699219, 163.932876587, 164.374053955, 164.815231323, 165.256408691, 165.69758606, 166.138778687, 166.579956055, 167.021133423, 167.473922729, 167.915100098, 168.344665527, 168.774230957, 169.203811646, 169.67980957, 170.155822754, 170.631835938, 171.119445801, 171.618682861, 172.117904663, 172.663574219, 173.220855713, 173.871017456, 174.497955322, 175.124893188, 175.763442993, 176.390380859, 177.017318726, 177.632644653, 178.25958252, 178.898132324, 179.52507019, 180.152008057, 180.778961182, 181.405899048, 182.032836914, 182.648162842, 183.275100708, 183.902038574, 184.52897644, 185.155914307, 185.782852173, 186.409790039, 187.036727905, 187.663665771, 188.290603638, 188.905944824, 189.53288269, 190.148208618, 190.763534546, 191.378860474, 191.970977783, 192.563079834, 193.166793823, 193.758911133, 194.351013184, 194.943130493, 195.535232544, 196.115737915, 196.696228027, 197.288345337, 197.903671265, 198.518997192, 199.145935059, 199.772872925, 200.388198853, 201.015136719, 201.642089844, 202.26902771, 202.895965576, 203.522903442, 204.161453247, 204.788391113, 205.415328979, 206.042266846, 206.68081665, 207.307754517, 207.934692383, 208.561630249, 209.188568115, 209.815505981, 210.442443848, 211.069381714, 211.69631958, 212.334869385, 212.985031128, 213.635192871, 214.296951294, 214.947113037, 215.585662842, 216.224212646, 216.851150513, 217.489700317, 218.128250122, 218.755187988, 219.382125854, 220.032287598, 220.670837402, 221.320999146, 221.924713135, 222.540039062, 223.097320557, 223.654602051, 224.223495483, 224.803985596, 225.384490967, 225.953369141, 226.510650635, 227.079544067, 227.706481934, 228.345031738, 228.983581543, 229.622131348, 230.249069214, 230.87600708, 231.491333008, 232.106658936, 232.733596802, 233.372146606, 234.010696411, 234.649246216, 235.287796021, 235.926345825, 236.553283691, 237.180221558, 237.807159424, 238.43409729, 239.061035156, 239.687973022, 240.326522827, 240.953460693, 241.58039856, 242.207336426, 242.834274292, 243.461227417, 244.099761963, 244.726715088, 245.353652954, 245.98059082, 246.607528687, 247.234466553, 247.861404419, 248.488342285, 249.12689209, 249.765441895, 250.403991699, 251.054138184, 251.692687988, 252.342849731, 252.981399536, 253.619949341, 254.258499146, 254.89704895, 255.535598755, 256.162536621, 256.789459229, 257.416412354, 258.043365479, 258.670288086, 259.297241211, 259.924163818, 260.562713623, 261.189666748, 261.828216553, 262.466766357, 263.058868408, 263.650970459, 264.24307251, 264.823577881, 265.404083252, 265.972961426, 266.5418396, 267.110748291, 267.679626465, 268.248535156, 268.81741333, 269.409515381, 270.001617432, 270.616943359, 271.220672607, 271.835998535, 272.451324463, 273.066650391, 273.670379639, 274.274108887, 274.877807617, 275.481536865, 276.085266113, 276.63092041, 277.164978027, 277.710662842, 278.267944336, 278.825195312, 279.382476807], "beats_loudness": {"dmean2": 0.0550653859973, "median": 0.0258334875107, "min": 0, "dvar2": 0.0109113194048, "dvar": 0.00372871733271, "dmean": 0.0311599634588, "max": 0.916920363903, "var": 0.00370776164345, "mean": 0.0429341159761}, "danceability": 0.977254033089, "bpm_histogram_second_peak_weight": {"dmean2": 0, "median": 0.161417320371, "min": 0.161417320371, "dvar2": 0, "dvar": 0, "dmean": 0, "max": 0.161417320371, "var": 0, "mean": 0.161417320371}, "beats_count": 509, "bpm_histogram_second_peak_bpm": {"dmean2": 0, "median": 96, "min": 96, "dvar2": 0, "dvar": 0, "dmean": 0, "max": 96, "var": 0, "mean": 96}, "bpm_histogram_first_peak_spread": {"dmean2": 0, "median": 0.5, "min": 0.5, "dvar2": 0, "dvar": 0, "dmean": 0, "max": 0.5, "var": 0, "mean": 0.5}, "beats_loudness_band_ratio": {"dmean2": [0.309353232384, 0.255102902651, 0.156744718552, 0.0733080506325, 0.0463043116033, 0.176382869482], "median": [0.304952681065, 0.210912168026, 0.0719007253647, 0.0246425904334, 0.013729725033, 0.256391912699], "min": [0, 0, 0, 0, 0, 0], "dvar2": [0.0581349804997, 0.0430850870907, 0.0310611575842, 0.00752244377509, 0.005694498308, 0.020658493042], "dvar": [0.0229857172817, 0.0150111429393, 0.0112067563459, 0.00296981912106, 0.00205642241053, 0.0072872005403], "dmean": [0.182057738304, 0.148421883583, 0.0893302559853, 0.0418434254825, 0.0261301994324, 0.102634117007], "max": [0.995402574539, 0.831270813942, 0.66068226099, 0.418867230415, 0.415164470673, 0.638618052006], "var": [0.0527186468244, 0.0297322198749, 0.0127521911636, 0.00310943042859, 0.00180754705798, 0.0134538980201], "mean": [0.338537216187, 0.245677784085, 0.107832342386, 0.0454127565026, 0.0273024961352, 0.261215209961]}}, "lowlevel": {"barkbands_spread": {"dmean2": 8.17130756378, "median": 15.6526584625, "min": 0.0503606759012, "dvar2": 86.5314559937, "dvar": 40.4759063721, "dmean": 5.45720481873, "max": 105.831581116, "var": 255.612075806, "mean": 20.0877170563}, "melbands_spread": {"dmean2": 4.534096241, "median": 8.27285289764, "min": 0.0629918500781, "dvar2": 32.5443534851, "dvar": 15.3673820496, "dmean": 3.0243844986, "max": 170.533065796, "var": 120.700172424, "mean": 11.0771093369}, "hfc": {"dmean2": 76.23462677, "median": 106.719894409, "min": 1.05858816086e-16, "dvar2": 22824.5449219, "dvar": 16636.6601562, "dmean": 58.0807151794, "max": 7822.85498047, "var": 86024.3046875, "mean": 191.366226196}, "barkbands_kurtosis": {"dmean2": 40.4467391968, "median": 11.8050489426, "min": -1.55696582794, "dvar2": 116548.109375, "dvar": 45239.8945312, "dmean": 24.658039093, "max": 10202.2138672, "var": 238819.359375, "mean": 65.1729049683}, "gfcc": {"mean": [-72.520942688, 113.900939941, -71.9533081055, -12.8409671783, -11.4580116272, -26.2473144531, -14.7703065872, -24.182472229, -1.20149064064, -9.59681415558, -2.46826410294, -3.13375425339, -2.16128158569], "icov": [[0.000170687475475, -0.000496085034683, 0.000870312331244, -0.000377155549359, 0.000167780250194, -0.000103348320408, 0.000406221661251, -0.000361102924217, 0.000599354098085, -0.000617807672825, 0.000681096164044, -0.000343520165188, 0.00026114913635], [-0.000496085034683, 0.00519926007837, -0.00628271047026, 0.00394715787843, -0.0020775962621, 0.000639845326077, -0.00218507274985, 0.00333610293455, -0.00463754590601, 0.00607256917283, -0.00588297657669, 0.00446723401546, -0.00238737091422], [0.000870312331244, -0.00628271047026, 0.0120105817914, -0.00776353664696, 0.00457825278863, -0.00346809253097, 0.00410547386855, -0.00457104342058, 0.00548866577446, -0.00542109180242, 0.00624275999144, -0.00326493545435, 0.00228339224122], [-0.000377155549359, 0.00394715787843, -0.00776353664696, 0.0104591883719, -0.00520322890952, 0.00322537799366, -0.00318493135273, 0.00115668505896, 0.00066423806129, -0.00164326489903, 0.00274704862386, -0.00291469646618, 0.0021616476588], [0.000167780250194, -0.0020775962621, 0.00457825278863, -0.00520322890952, 0.0106561547145, -0.0050165723078, 1.41701466418e-05, 0.00290500442497, -0.00635628262535, 0.00692508602515, -0.0056493319571, 0.00429848162457, -0.00193169794511], [-0.000103348320408, 0.000639845326077, -0.00346809253097, 0.00322537799366, -0.0050165723078, 0.00962360668927, -0.00186319625936, -0.00498488405719, 0.00730628240854, -0.00780568784103, 0.00392625853419, -0.00226420979016, 1.80341503437e-05], [0.000406221661251, -0.00218507274985, 0.00410547386855, -0.00318493135273, 1.41701466418e-05, -0.00186319625936, 0.00969753414392, -0.00149647844955, -0.000713735586032, -0.000766388315242, 0.00277032167651, -0.00484296120703, 0.004177023191], [-0.000361102924217, 0.00333610293455, -0.00457104342058, 0.00115668505896, 0.00290500442497, -0.00498488405719, -0.00149647844955, 0.0133333234116, -0.0114459274337, 0.0102600706741, -0.0104919970036, 0.00722386967391, -0.00490179890767], [0.000599354098085, -0.00463754590601, 0.00548866577446, 0.00066423806129, -0.00635628262535, 0.00730628240854, -0.000713735586032, -0.0114459274337, 0.0263191051781, -0.0224837698042, 0.0170547664165, -0.0104169081897, 0.00403936998919], [-0.000617807672825, 0.00607256917283, -0.00542109180242, -0.00164326489903, 0.00692508602515, -0.00780568784103, -0.000766388315242, 0.0102600706741, -0.0224837698042, 0.0369706004858, -0.02634883672, 0.0154923712835, -0.00595865724608], [0.000681096164044, -0.00588297657669, 0.00624275999144, 0.00274704862386, -0.0056493319571, 0.00392625853419, 0.00277032167651, -0.0104919970036, 0.0170547664165, -0.02634883672, 0.0348749049008, -0.022280016914, 0.00791825540364], [-0.000343520165188, 0.00446723401546, -0.00326493545435, -0.00291469646618, 0.00429848162457, -0.00226420979016, -0.00484296120703, 0.00722386967391, -0.0104169081897, 0.0154923712835, -0.022280016914, 0.0308988224715, -0.013649487868], [0.00026114913635, -0.00238737091422, 0.00228339224122, 0.0021616476588, -0.00193169794511, 1.80341503437e-05, 0.004177023191, -0.00490179890767, 0.00403936998919, -0.00595865724608, 0.00791825540364, -0.013649487868, 0.0192875508219]], "cov": [[10748.0029297, 304.328094482, -1065.87414551, -452.930755615, 106.007263184, -271.81829834, -210.622817993, -199.365463257, -28.6182193756, -69.8992614746, -26.6605911255, -92.6952285767, 4.6536488533], [304.328094482, 742.01159668, 235.542419434, -106.852577209, 79.7623062134, 51.0795555115, -13.1175518036, 7.36306238174, 5.51028108597, -55.2155265808, 14.3937282562, -48.9341545105, 25.7158622742], [-1065.87414551, 235.542419434, 642.665588379, 220.442077637, -111.027374268, 197.434829712, -50.308467865, 99.8742675781, -89.4899673462, 2.6953754425, -49.5253219604, -32.5354118347, -15.3476610184], [-452.930755615, -106.852577209, 220.442077637, 325.855651855, 8.95625209808, 21.6670475006, 49.0654945374, -14.4404945374, -26.9995441437, -3.71266436577, -59.6957893372, 2.41720199585, -52.4047050476], [106.007263184, 79.7623062134, -111.027374268, 8.95625209808, 219.820907593, 7.22695016861, 58.8668861389, -23.9846115112, 53.7289390564, -14.8343486786, 16.980047226, 2.54867362976, 2.74012565613], [-271.81829834, 51.0795555115, 197.434829712, 21.6670475006, 7.22695016861, 274.550445557, -0.00749805802479, 111.428520203, -36.2699775696, 42.252910614, 25.6812477112, 1.2613670826, 23.9874210358], [-210.622817993, -13.1175518036, -50.308467865, 49.0654945374, 58.8668861389, -0.00749805802479, 169.75340271, -1.58616280556, 40.3345832825, -0.943774402142, 2.20753502846, 23.259180069, -22.7701530457], [-199.365463257, 7.36306238174, 99.8742675781, -14.4404945374, -23.9846115112, 111.428520203, -1.58616280556, 189.664886475, 34.4428787231, 32.0243225098, 33.659488678, 7.49412584305, 33.6097946167], [-28.6182193756, 5.51028108597, -89.4899673462, -26.9995441437, 53.7289390564, -36.2699775696, 40.3345832825, 34.4428787231, 128.608352661, 42.9565849304, 14.0407648087, 10.5774097443, 8.18109893799], [-69.8992614746, -55.2155265808, 2.6953754425, -3.71266436577, -14.8343486786, 42.252910614, -0.943774402142, 32.0243225098, 42.9565849304, 98.7927856445, 54.0431671143, 12.7194795609, 9.36604785919], [-26.6605911255, 14.3937282562, -49.5253219604, -59.6957893372, 16.980047226, 25.6812477112, 2.20753502846, 33.659488678, 14.0407648087, 54.0431671143, 116.111999512, 52.2782211304, 27.5325870514], [-92.6952285767, -48.9341545105, -32.5354118347, 2.41720199585, 2.54867362976, 1.2613670826, 23.259180069, 7.49412584305, 10.5774097443, 12.7194795609, 52.2782211304, 89.0033493042, 39.1388778687], [4.6536488533, 25.7158622742, -15.3476610184, -52.4047050476, 2.74012565613, 23.9874210358, -22.7701530457, 33.6097946167, 8.18109893799, 9.36604785919, 27.5325870514, 39.1388778687, 93.957069397]]}, "spectral_energyband_middle_low": {"dmean2": 0.00708444789052, "median": 0.00673343380913, "min": 1.8315406466e-22, "dvar2": 0.000190318867681, "dvar": 0.000113594171125, "dmean": 0.00498845940456, "max": 0.634862959385, "var": 0.000506960961502, "mean": 0.0135290548205}, "melbands_crest": {"dmean2": 5.18638753891, "median": 14.27298069, "min": 1.0000244379, "dvar2": 19.8510379791, "dvar": 7.59862232208, "dmean": 3.18618702888, "max": 39.9330101013, "var": 34.4130096436, "mean": 15.4052228928}, "spectral_kurtosis": {"dmean2": 13.1278457642, "median": 24.8302879333, "min": -1.25843393803, "dvar2": 248.637695312, "dvar": 90.5365142822, "dmean": 8.13867092133, "max": 132.190338135, "var": 171.286102295, "mean": 26.8987998962}, "spectral_rms": {"dmean2": 0.00094153144164, "median": 0.00422689132392, "min": 3.12086706304e-12, "dvar2": 1.02490071185e-06, "dvar": 5.92168987623e-07, "dmean": 0.000676335417666, "max": 0.0310666989535, "var": 7.74364161771e-06, "mean": 0.00477062119171}, "zerocrossingrate": {"dmean2": 0.0486562177539, "median": 0.31201171875, "min": 0, "dvar2": 0.00163736648392, "dvar": 0.00107989518438, "dmean": 0.0393948331475, "max": 0.8388671875, "var": 0.0111682983115, "mean": 0.311283290386}, "silence_rate_60dB": {"dmean2": 0.0596866458654, "median": 0, "min": 0, "dvar2": 0.0660650730133, "dvar": 0.0289479028434, "dmean": 0.02984084934, "max": 1, "var": 0.090700648725, "mean": 0.100870288908}, "erbbands_kurtosis": {"dmean2": 2.04431819916, "median": 0.233645915985, "min": -1.80015861988, "dvar2": 13.1330966949, "dvar": 5.51442718506, "dmean": 1.32458138466, "max": 94.9040145874, "var": 16.1208591461, "mean": 1.37350511551}, "erbbands": {"dmean2": [0.104543909431, 0.706945419312, 2.05046415329, 4.96618032455, 7.51722335815, 16.9998912811, 17.6201171875, 16.7105979919, 22.7703075409, 14.8281021118, 6.66547822952, 9.57212543488, 6.85904169083, 5.7557554245, 8.64987945557, 9.86483669281, 13.6178426743, 9.29784679413, 10.8217973709, 9.48704242706, 7.93551969528, 5.70102548599, 3.34052014351, 1.48463475704, 0.760197460651, 0.604453921318, 0.416094362736, 0.328683286905, 0.199641898274, 0.132536426187, 0.0875177755952, 0.0594984106719, 0.0414555110037, 0.0280518773943, 0.0185741633177, 0.0119186760858, 0.00775293866172, 0.0071632321924, 0.00714718876407, 0.00821786932647], "median": [0.0301082264632, 0.241720184684, 0.716365218163, 1.81114089489, 2.64262056351, 4.02900505066, 7.13105583191, 9.08103466034, 8.65821456909, 4.147564888, 2.80061483383, 3.71941900253, 3.00921416283, 2.47131800652, 3.08155918121, 3.24355721474, 3.29037332535, 3.06343817711, 2.75489425659, 2.58850741386, 2.09721183777, 1.49529325962, 0.872834801674, 0.578484475613, 0.387123703957, 0.283030301332, 0.209566652775, 0.149456560612, 0.09810949862, 0.0596536323428, 0.0340509153903, 0.0185383502394, 0.00869722664356, 0.00516573991627, 0.00343626970425, 0.00277049699798, 0.00349073996767, 0.00462559517473, 0.00646961666644, 0.00968370120972], "min": [1.7467709159e-22, 6.56207267089e-22, 3.7406819822e-21, 1.09552672744e-20, 1.82365100761e-20, 3.05615965228e-20, 2.30224753183e-20, 6.43307538917e-20, 1.71685730532e-19, 3.47277252821e-19, 2.74945167939e-19, 4.33218940321e-19, 5.04750107574e-19, 1.01942307378e-18, 6.16796374436e-19, 1.07477324408e-18, 1.91622034406e-18, 2.53648999818e-18, 3.41929850693e-18, 3.21677429409e-18, 4.855553918e-18, 4.21373744968e-18, 5.00387029696e-18, 5.70474415229e-18, 8.36820823566e-18, 8.30581813796e-18, 1.0084458287e-17, 1.25421334825e-17, 1.10449870318e-17, 1.12746280862e-17, 1.27907053924e-17, 1.17144879944e-17, 1.07257474277e-17, 8.80747257379e-18, 6.86613013414e-18, 4.05551558289e-18, 2.41200448587e-18, 8.83477594465e-19, 2.34576375902e-19, 2.88014272651e-20], "dvar2": [0.108437225223, 2.7132935524, 18.7415847778, 154.613342285, 317.564575195, 2972.79516602, 1831.95654297, 1587.78161621, 4393.28808594, 4945.37744141, 537.814453125, 1147.96936035, 348.297607422, 287.210754395, 579.110961914, 785.414978027, 2492.52539062, 692.120727539, 1259.31494141, 800.423706055, 797.352478027, 257.104400635, 133.254562378, 14.5512676239, 2.52391052246, 2.12797999382, 0.994996249676, 0.537037134171, 0.142649918795, 0.0618591420352, 0.0329902768135, 0.0172552149743, 0.00871789455414, 0.00416075158864, 0.00174713809974, 0.000670604815241, 0.000218540051719, 0.000161194941029, 0.000215891050175, 0.000281374610495], "dvar": [0.0451848506927, 1.05301439762, 7.16673231125, 51.4886703491, 129.005126953, 2096.62158203, 908.079650879, 1075.53112793, 2734.92602539, 2497.91845703, 386.56640625, 653.461914062, 175.063034058, 137.216140747, 289.783905029, 383.386901855, 1179.38269043, 409.831939697, 601.981994629, 387.516571045, 373.543518066, 145.932373047, 61.1233482361, 6.38279247284, 1.23390603065, 1.02337408066, 0.500709831715, 0.262599021196, 0.0645975396037, 0.0261351130903, 0.0131760798395, 0.00671922601759, 0.00341497012414, 0.00162739446387, 0.00068787363125, 0.000264626112767, 9.04060943867e-05, 8.37608167785e-05, 0.000127793115098, 0.000187247176655], "dmean": [0.0659910067916, 0.440975368023, 1.25981140137, 2.93574738503, 4.59272670746, 11.5071640015, 11.9135847092, 12.4906826019, 16.3455448151, 10.7123508453, 4.91950798035, 6.98951435089, 4.89065694809, 3.97588062286, 5.9871468544, 6.84002113342, 9.42001628876, 6.54406881332, 7.5541934967, 6.67863845825, 5.48147392273, 3.93924307823, 2.23882102966, 0.984878599644, 0.511723220348, 0.402302384377, 0.281073093414, 0.220911100507, 0.130843356252, 0.0853442922235, 0.0543721914291, 0.036477714777, 0.0252230037004, 0.0169934332371, 0.0112643809989, 0.00729269860312, 0.00494399107993, 0.00505720870569, 0.00548902852461, 0.00659255217761], "max": [9.04327964783, 31.5742683411, 59.2181167603, 241.515625, 523.651916504, 3705.6796875, 1028.01647949, 1815.15319824, 3354.19433594, 2784.34033203, 1069.61889648, 1503.29064941, 421.571777344, 487.803955078, 512.809448242, 535.081481934, 1188.64440918, 1512.5904541, 838.224914551, 602.054138184, 636.473999023, 543.245361328, 306.361694336, 67.867805481, 41.6620254517, 55.8947525024, 32.2142219543, 17.6791419983, 7.73711299896, 5.09748744965, 3.85130000114, 3.17606925964, 2.01122641563, 1.34763133526, 0.843438208103, 0.492208868265, 0.313151806593, 0.223175108433, 0.395664066076, 0.391635149717], "var": [0.102208346128, 3.03167748451, 19.4806346893, 123.246406555, 370.456390381, 7022.06054688, 2763.48193359, 4707.48632812, 8582.9765625, 7300.59130859, 1192.56872559, 1630.39416504, 506.473175049, 325.15435791, 790.593505859, 964.429016113, 2614.64477539, 1454.26538086, 1159.76745605, 971.199890137, 829.734619141, 425.748931885, 113.422645569, 14.7004756927, 3.4973552227, 2.38805484772, 1.24904191494, 0.634205102921, 0.159710749984, 0.0540654100478, 0.0205221641809, 0.00836932472885, 0.00395181402564, 0.00178899010643, 0.000771100749262, 0.000322484062053, 0.000165496589034, 0.00030699162744, 0.000629500194918, 0.0010647054296], "mean": [0.11473993957, 0.794047117233, 2.23230361938, 5.13236093521, 8.44925403595, 21.1127128601, 23.9490680695, 28.1574440002, 32.9166221619, 20.1288261414, 9.71183776855, 13.4907274246, 9.67552280426, 7.5596871376, 11.107375145, 12.1657333374, 15.9276247025, 12.0309562683, 12.4937477112, 11.7410182953, 9.53457450867, 7.00086450577, 3.71863603592, 1.79789292812, 1.01226449013, 0.765610516071, 0.541224300861, 0.40473741293, 0.233633816242, 0.140451803803, 0.0802896469831, 0.0467020720243, 0.0282917656004, 0.0180201753974, 0.0120240841061, 0.00850058160722, 0.00780767807737, 0.0113013619557, 0.0153036722913, 0.0206941682845]}, "spectral_strongpeak": {"dmean2": 11.3549022675, "median": 0.439165532589, "min": 0, "dvar2": 1001.05804443, "dvar": 390.171539307, "dmean": 6.19467449188, "max": 384.362060547, "var": 493.393127441, "mean": 6.59681415558}, "spectral_energy": {"dmean2": 0.0118834832683, "median": 0.0183132737875, "min": 9.9833058208e-21, "dvar2": 0.000433725508628, "dvar": 0.000274223450106, "dmean": 0.00861897226423, "max": 0.989268302917, "var": 0.00171991810203, "mean": 0.0312650129199}, "average_loudness": 0.114885360003, "spectral_rolloff": {"dmean2": 4774.39501953, "median": 21640.8691406, "min": 21.533203125, "dvar2": 103949528, "dvar": 39403152, "dmean": 2450.37329102, "max": 22050, "var": 53416952, "mean": 18527.3417969}, "spectral_centroid": {"dmean2": 169.93637085, "median": 542.298156738, "min": 128.277420044, "dvar2": 42270.6171875, "dvar": 22208.0605469, "dmean": 113.635696411, "max": 11550.0126953, "var": 464188.03125, "mean": 661.523620605}, "pitch_salience": {"dmean2": 0.102758258581, "median": 0.538379192352, "min": 0.00673849880695, "dvar2": 0.00780713791028, "dvar": 0.00300729437731, "dmean": 0.0640245303512, "max": 0.996097564697, "var": 0.0156077090651, "mean": 0.524210989475}, "spectral_energyband_middle_high": {"dmean2": 0.000990686123259, "median": 0.000773903389927, "min": 1.24259774398e-21, "dvar2": 4.92445133204e-06, "dvar": 2.80376798401e-06, "dmean": 0.000765586795751, "max": 0.0542352981865, "var": 1.37823835757e-05, "mean": 0.00205723498948}, "spectral_contrast_coeffs": {"dmean2": [0.0846289992332, 0.0776615068316, 0.05958295241, 0.0518464110792, 0.0478973723948, 0.0511206053197], "median": [-0.658794820309, -0.707952857018, -0.795464515686, -0.790083169937, -0.810114204884, -0.817013561726], "min": [-0.989319801331, -0.997784018517, -0.998171210289, -0.985014736652, -0.985843360424, -0.96399474144], "dvar2": [0.00451461598277, 0.00383955519646, 0.00223158788867, 0.00168256543111, 0.0015425538877, 0.00227947579697], "dvar": [0.00161347887479, 0.00149267993402, 0.000895035860594, 0.000708946085069, 0.000620841456112, 0.000894985976629], "dmean": [0.0509994067252, 0.0484458245337, 0.0374319329858, 0.0330565907061, 0.0304634794593, 0.0319620929658], "max": [-0.188991799951, -0.371678441763, -0.543588757515, -0.550023913383, -0.603532791138, -0.506567001343], "var": [0.00994827505201, 0.00631150137633, 0.00350500200875, 0.00378279387951, 0.00345358694904, 0.00349053740501], "mean": [-0.651301085949, -0.705050945282, -0.791757643223, -0.787970423698, -0.811629652977, -0.803057730198]}, "melbands_skewness": {"dmean2": 1.19864237309, "median": 2.3818924427, "min": -1.15340411663, "dvar2": 11.1684036255, "dvar": 4.14356946945, "dmean": 0.758138537407, "max": 82.5099639893, "var": 21.1735191345, "mean": 3.00280284882}, "spectral_spread": {"dmean2": 923823.3125, "median": 3705767, "min": 1213990.25, "dvar2": 852049592320, "dvar": 347979743232, "dmean": 575607.625, "max": 42164560, "var": 5199434874880.0, "mean": 3896849.25}, "dissonance": {"dmean2": 0.0485144294798, "median": 0.448235332966, "min": 0, "dvar2": 0.00202189502306, "dvar": 0.000748370250221, "dmean": 0.0290655680001, "max": 0.500000178814, "var": 0.00153765699361, "mean": 0.440836668015}, "spectral_skewness": {"dmean2": 0.900022983551, "median": 3.73988032341, "min": -0.0613136924803, "dvar2": 1.02625656128, "dvar": 0.373720526695, "dmean": 0.563175261021, "max": 9.39064788818, "var": 0.991325855255, "mean": 3.81054091454}, "spectral_flux": {"dmean2": 0.0242371559143, "median": 0.0606649555266, "min": 6.49149137222e-11, "dvar2": 0.000753181520849, "dvar": 0.000296357698971, "dmean": 0.0150196356699, "max": 0.451171845198, "var": 0.00186762819067, "mean": 0.0697844102979}, "spectral_contrast_valleys": {"dmean2": [0.645742595196, 0.57319611311, 0.536048054695, 0.492646306753, 0.607683598995, 1.04580366611], "median": [-7.21671962738, -6.88122034073, -7.73621368408, -8.24663829803, -8.77401638031, -11.566904068], "min": [-28.6278762817, -28.3113117218, -27.7866764069, -27.7379550934, -27.4770183563, -27.4333019257], "dvar2": [0.273520737886, 0.221159532666, 0.212492674589, 0.211151972413, 0.359673768282, 0.745269954205], "dvar": [0.105101376772, 0.0936223864555, 0.0896664634347, 0.0882249996066, 0.14244645834, 0.274939656258], "dmean": [0.384236872196, 0.356379836798, 0.340454131365, 0.321688652039, 0.388829410076, 0.656795859337], "max": [-4.77759456635, -4.56809186935, -5.25865459442, -5.85390329361, -6.27804660797, -8.66177654266], "var": [2.16873192787, 2.14396262169, 2.04675531387, 2.00945019722, 1.84242761135, 1.72341942787], "mean": [-7.40052175522, -7.04549312592, -7.9210934639, -8.40123462677, -8.90206623077, -11.6649589539]}, "erbbands_flatness_db": {"dmean2": 0.0358848758042, "median": 0.168834149837, "min": 0.0374409593642, "dvar2": 0.00108547753189, "dvar": 0.000414173584431, "dmean": 0.0232230275869, "max": 0.371409535408, "var": 0.00175361090805, "mean": 0.170645296574}, "spectral_energyband_high": {"dmean2": 0.000183499359991, "median": 0.000121011667943, "min": 6.88734892598e-21, "dvar2": 1.89388529748e-07, "dvar": 1.10152015509e-07, "dmean": 0.000136784976348, "max": 0.0120757706463, "var": 4.49105328926e-07, "mean": 0.000335772201652}, "spectral_entropy": {"dmean2": 0.398331195116, "median": 6.89958429337, "min": 4.36341094971, "dvar2": 0.148622795939, "dvar": 0.0559420287609, "dmean": 0.25623306632, "max": 9.81756210327, "var": 0.239068686962, "mean": 6.86630153656}, "silence_rate_20dB": {"dmean2": 0.00165796233341, "median": 1, "min": 0, "dvar2": 0.00198645633645, "dvar": 0.000828146934509, "dmean": 0.000828912481666, "max": 1, "var": 0.000910931208637, "mean": 0.999088287354}, "melbands_flatness_db": {"dmean2": 0.0501521080732, "median": 0.297648280859, "min": -4.74574505915e-07, "dvar2": 0.00208863220178, "dvar": 0.000799871864729, "dmean": 0.0319828763604, "max": 0.599243760109, "var": 0.00478334026411, "mean": 0.304574131966}, "barkbands": {"dmean2": [0.00190163310617, 0.00310205528513, 0.00200174446218, 0.00234699621797, 0.0035530438181, 0.0020693000406, 0.00161067477893, 0.000268124160357, 0.000438962306362, 0.000251838326221, 0.000154725494212, 0.000313233147608, 0.000316268706229, 0.000205251009902, 0.000224880030146, 0.000157890608534, 9.63495040196e-05, 5.26032454218e-05, 2.27680448006e-05, 1.44654231917e-05, 9.03658929019e-06, 5.29897624801e-06, 3.2307912079e-06, 2.6154968964e-06, 2.55628674495e-06, 4.05510400014e-06, 0.00030132100801], "median": [0.000290760421194, 0.00106632616371, 0.000594153185375, 0.000637799210381, 0.00120286038145, 0.00108339171857, 0.000554795318749, 8.9030363597e-05, 0.000165280609508, 6.87675346853e-05, 5.04236049892e-05, 7.54224747652e-05, 6.55613985145e-05, 4.52203858003e-05, 4.21630429628e-05, 3.69324989151e-05, 2.20264173549e-05, 1.36990611281e-05, 8.17279669718e-06, 6.27376448392e-06, 4.46703461421e-06, 2.58718637269e-06, 1.27577061448e-06, 6.53046640764e-07, 4.63276677465e-07, 1.70450823589e-06, 0.000188527716091], "min": [9.17327692497e-25, 3.63851403468e-24, 2.50619374095e-24, 4.03525821632e-25, 9.73265977059e-24, 1.15887090633e-23, 7.1764632923e-24, 1.06982554953e-23, 1.43524122473e-23, 1.71555379661e-23, 1.6880266531e-23, 2.58965696021e-23, 3.66223531876e-23, 4.24467499091e-23, 4.84407706579e-23, 7.39834525248e-23, 7.12531102685e-23, 9.58141872675e-23, 1.15590551508e-22, 1.76452684959e-22, 2.75209058346e-22, 3.0240658422e-22, 4.55084036481e-22, 6.33015160373e-22, 8.0139003588e-22, 1.24867568375e-21, 2.03501738376e-21], "dvar2": [2.70661930699e-05, 5.78191575187e-05, 1.79422931978e-05, 4.09535059589e-05, 9.89906620816e-05, 2.0699812012e-05, 2.43248341576e-05, 9.42432222928e-07, 2.54177120951e-06, 6.9700649874e-07, 1.68753274465e-07, 9.89116529126e-07, 1.31577064622e-06, 5.16560362485e-07, 5.89411854435e-07, 2.94915537324e-07, 8.16297713868e-08, 3.15444736998e-08, 3.28603810829e-09, 1.10431652711e-09, 4.39386860229e-10, 9.96507043549e-11, 4.18081610998e-11, 3.43121052404e-11, 3.3926750298e-11, 5.82696391138e-11, 4.97900373375e-07], "dvar": [9.27391647565e