{"tonal": {"thpcp": [1, 0.705359756947, 0.131296887994, 0.0429571270943, 0.0244799405336, 0.0341643951833, 0.0971832573414, 0.108027338982, 0.0595335960388, 0.0492995977402, 0.0604051165283, 0.182353705168, 0.622918248177, 0.641378104687, 0.194472894073, 0.0442735254765, 0.0319787412882, 0.0323956422508, 0.0462661199272, 0.053087439388, 0.0835073292255, 0.194082081318, 0.184419244528, 0.0675670728087, 0.0387375205755, 0.0404356531799, 0.110498681664, 0.330422401428, 0.330017030239, 0.122881524265, 0.0673538669944, 0.0735150948167, 0.0908019244671, 0.128655031323, 0.119821645319, 0.442836821079], "hpcp": {"dmean2": [0.245117262006, 0.232173532248, 0.154500871897, 0.0764189958572, 0.0541412867606, 0.0495855510235, 0.0582274645567, 0.0627127513289, 0.0727462023497, 0.108395203948, 0.109400779009, 0.0642319247127, 0.0427195057273, 0.0450980067253, 0.0769139528275, 0.15475922823, 0.163892373443, 0.11461994797, 0.0901894643903, 0.10274875164, 0.129330337048, 0.147206187248, 0.131705448031, 0.191254481673, 0.313310682774, 0.231816589832, 0.116479828954, 0.0728791505098, 0.0398678407073, 0.0419753529131, 0.0884076431394, 0.104147560894, 0.0788559839129, 0.0738831534982, 0.0918558761477, 0.160312503576], "median": [0.148037403822, 0.156125187874, 0.0416662544012, 0.00105265970342, 0.000938973273151, 0.00106780603528, 0.0016476965975, 0.00198648055084, 0.00592787750065, 0.0135173788294, 0.0156159065664, 0.00679774209857, 0.00167435500771, 0.00195614807308, 0.00823991559446, 0.0299313291907, 0.0356535688043, 0.0124073550105, 0.00203023175709, 0.00132266595028, 0.00243205181323, 0.00724195921794, 0.00881196931005, 0.158330142498, 0.552623748779, 0.443064033985, 0.0111092887819, 0.00210472429171, 0.00147546571679, 0.00150564627256, 0.0029544995632, 0.00340005243197, 0.00224801152945, 0.00113388127647, 0.00142953649629, 0.0334220081568], "min": [0, 0, 0, 0, 0, 0, 0, 0, 0, 0, 0, 0, 0, 0, 0, 0, 0, 0, 0, 0, 0, 0, 0, 0, 0, 0, 0, 0, 0, 0, 0, 0, 0, 0, 0, 0], "dvar2": [0.0973800048232, 0.094196408987, 0.0699603036046, 0.0533046014607, 0.0369633212686, 0.0321951620281, 0.0387829206884, 0.0385720282793, 0.0303302314132, 0.0561582744122, 0.050884090364, 0.0289113670588, 0.023046143353, 0.0224963128567, 0.0270755458623, 0.067994825542, 0.0734584853053, 0.0630646422505, 0.0599979124963, 0.0787142887712, 0.101154066622, 0.108929850161, 0.0893970578909, 0.0721518322825, 0.185039281845, 0.094374358654, 0.0619750022888, 0.0500364974141, 0.0192241705954, 0.014709206298, 0.0517867840827, 0.0656332075596, 0.0475120358169, 0.0510654896498, 0.0600671321154, 0.0677011311054], "dvar": [0.0398033484817, 0.0383955985308, 0.0244829747826, 0.0184043981135, 0.0125844590366, 0.0110852904618, 0.0134970918298, 0.0136602018028, 0.0108996322379, 0.0209145899862, 0.0186663810164, 0.010298746638, 0.00822593737394, 0.00787282269448, 0.0100580221042, 0.0288534667343, 0.0300308223814, 0.0226119793952, 0.022416556254, 0.0283748656511, 0.0353587083519, 0.0382578670979, 0.0316810458899, 0.0267972424626, 0.0777490437031, 0.0377245806158, 0.0220203101635, 0.0171952117234, 0.00657217390835, 0.00523922359571, 0.0187359135598, 0.0235367231071, 0.0166405234486, 0.017960390076, 0.0206017624587, 0.024093830958], "dmean": [0.143665105104, 0.138413310051, 0.08669090271, 0.0399845838547, 0.0282951369882, 0.0262622348964, 0.0315240472555, 0.0342826806009, 0.0414173603058, 0.0630290582776, 0.0634347870946, 0.0364792011678, 0.0237676482648, 0.0246856957674, 0.0450735539198, 0.0934025645256, 0.098858602345, 0.0649079829454, 0.0496735014021, 0.0556046627462, 0.0695148557425, 0.0811955854297, 0.0722803398967, 0.107721418142, 0.178175494075, 0.13359490037, 0.06504753232, 0.0379566028714, 0.0208540093154, 0.0229949075729, 0.0494839809835, 0.0576361864805, 0.04266352579, 0.0391037538648, 0.0486690029502, 0.0892072170973], "max": [1, 1, 1, 1, 1, 1, 1, 1, 1, 1, 1, 1, 1, 1, 1, 1, 1, 1, 1, 1, 1, 1, 1, 1, 1, 1, 1, 1, 1, 1, 1, 1, 1, 1, 1, 1], "var": [0.134543180466, 0.139877006412, 0.0241257809103, 0.0106364665553, 0.0070424345322, 0.00646362407133, 0.0094266301021, 0.00984515529126, 0.0111132385209, 0.053162612021, 0.0432497933507, 0.0097502283752, 0.00770248286426, 0.00758882518858, 0.0148799037561, 0.0852754414082, 0.0792868435383, 0.019387409091, 0.0171633083373, 0.0213837847114, 0.0251487903297, 0.0333960466087, 0.0284382663667, 0.0516373552382, 0.186218544841, 0.105118073523, 0.0219806712121, 0.00940042641014, 0.00355165218934, 0.00393694639206, 0.0239212960005, 0.0272975172848, 0.0113123981282, 0.0120673859492, 0.0137895653024, 0.023767253384], "mean": [0.333074420691, 0.342944890261, 0.1039846614, 0.0236730556935, 0.0170990340412, 0.0173219516873, 0.0247384961694, 0.0283858552575, 0.0446513704956, 0.103775694966, 0.0986089780927, 0.0361281149089, 0.0207129530609, 0.021620946005, 0.059083648026, 0.176676869392, 0.176460117102, 0.0657047554851, 0.0360141135752, 0.0393085256219, 0.0485517904162, 0.0687918514013, 0.0640686377883, 0.236784860492, 0.534700036049, 0.377155900002, 0.0702044516802, 0.0229691769928, 0.0130894249305, 0.0182677041739, 0.051963891834, 0.0577622205019, 0.0318326167762, 0.0263604968786, 0.032298617065, 0.0975045338273]}, "tuning_equal_tempered_deviation": 0.165978163481, "chords_changes_rate": 0.0243184641004, "key_key": "A#", "tuning_diatonic_strength": 0.488975018263, "key_scale": "major", "chords_number_rate": 0.00123915739823, "tuning_frequency": 434.193115234, "tuning_nontempered_energy_ratio": 0.867727220058, "chords_histogram": [0.108426272869, 60.6102867126, 25.4027252197, 1.56443619728, 2.83457255363, 0.263320952654, 0, 0, 1.36307311058, 0.542131364346, 1.00681531429, 0.0154894674197, 0.201363071799, 0, 0, 0, 0, 2.47831463814, 0.975836455822, 1.68835186958, 0, 0.944857478142, 0, 0], "key_strength": 0.664248526096, "chords_key": "D", "chords_strength": {"dmean2": 0.00561335356906, "median": 0.593898177147, "min": -1, "dvar2": 0.000660618999973, "dvar": 0.000340231548762, "dmean": 0.00549551798031, "max": 0.860487401485, "var": 0.0187985729426, "mean": 0.582331001759}, "chords_scale": "minor", "hpcp_entropy": {"dmean2": 0.908529341221, "median": 1.67543363571, "min": 0, "dvar2": 0.542632937431, "dvar": 0.203415051103, "dmean": 0.535221993923, "max": 4.1158156395, "var": 0.494368553162, "mean": 1.66581046581}}, "metadata": {"audio_properties": {"equal_loudness": 0, "codec": "mp3", "downmix": "mix", "sample_rate": 44100, "analysis_sample_rate": 44100, "bit_rate": 320028, "md5_encoded": "f93c7ca4f9c7dc3dc7538b8e1260b6bf", "length": 299.755096436, "replay_gain": -6.66202545166, "lossless": false}, "version": {"essentia_build_sha": "2d9f1f26377add8aeb1075a9c2973f962c4f09fd", "essentia": "2.1-beta2", "extractor": "music 1.0", "essentia_git_sha": "v2.1_beta2-1-ge3940c0"}, "tags": {"title": ["626 (Kevin Bryce remix)"], "language": ["eng"], "media": ["Digital Media"], "albumartist": ["Various Artists"], "musicbrainz_recordingid": ["1ad88e19-cb7c-4e0f-9695-1e886330da24"], "remixer": ["Kevin Bryce"], "discnumber": ["01/01"], "album": ["Uncharted Places"], "catalognumber": ["ASIPV001-DLD"], "contentgroup": ["Electronic"], "musicbrainz album type": ["Album", "Compilation", "Remix"], "musicbrainz album status": ["Official"], "file_name": "Various Artists - Uncharted Places - 02 - 626 (Kevin Bryce remix).mp3", "musicbrainz_albumartistid": ["89ad4ac3-39f7-470e-963a-56509c546377"], "acoustid_fingerprint": ["AQADtIkWZVIyZQkeos-JZtLx5cfpC40Vo02l45fww-QePLiU6JCP6kPzI1-PK2SG83BsIW9KPGKGJo4OrXGMH3E6NN2CnhN-9LnQ5NnxMIibB_axo89OONJo-OhM4uLkg8lRUkfzkNCaFzoPHk3ioyea3AivY_oR5rjwasEliYIW6fhPNFeIc0cz5UP7XJjIHD5TwUf5hXiSF5KjQ8vRI39wHVcWNL8wPbiOH-Gb4sJ3iMdHwPgN22h_fOiXB0ePJ8XRH82DR9jxJ3iIE0Xz4DimT2iOH3YYfA-O5kHPHA8eH3XSw0cb9ArsBrWCHld09LiOE36P86jhEz1-1PjxYufR_MHxFc8U9Jjy47hxJbiD5jZQDzh6NMaDR0If-INRcjHaw5OG_PhMYfrwS0H5wZ-K_sMnNGcb4fDx4ziOHqg3hDN0HDn4o_B3_Pjh92hdNEd_4_jR4QAC6zVwHAbcQzis44CFY0gv1BtC-ET34GgiHYqO6yn6QkuHo6qGpsdzsNfQXzgd4YWO7YNuXDibAj5y-PDRH8_xbehpw0dOXIGOAz5THE234PgODQd--MmDHgesQxfuJzh8Bj3soj_qP2hqqNdxNDZ6PPgJXDkm-Dx-PISdY4eP_fB5XMIOa8qC_gE6JguarQc-o_7hZ6ghPICW6_jR4zw-9DS8oz96Fd47mKcQ_iilrfgPnyiT473Q64Kr4gh-vEi75ZieHN_BSD_MEftw4YdTfDn-40P4Qz-D6K-GHz3yoD_yCS8aHe2OE82LIz-OIw-OHn3hI8QP7Uf6r-jxFYWPs_jxo7wRHvJAHeFdfEbhDkeP6kpQ9IFxHtcPv_iF_IMuUkN-Fvu64DeuBf7RrsbDlHgQ5oTmX_jRw4d25MMxpTrKO_jBo7vhEkmebEeqCn6OHh--XMR37Mdxofngo66QhzsuqriD5kXoDS-PizUaEidyiGOLPEN7NKPQ7_hUNCP6HPEOXQjDI2QJQkeTFyGOf0Gg40fZQ7xynDsO70H4iIuQM9Bw_B9w-IZ-pMrho32F-2h-_PjxhD6OMN188If647bw5MHvI4-OznxwwyOqP7gvPOiPH_0SoQgTvDT-on_Q_MGNoyccUYN2Gp0OP8cPVzyK7miiH8_Aa0V7wzG8Gzd64xa6MIezBz_O1DCzCOXxjegH_0irojrwHCF8KejRBz3eCz-H8vClIyR-osU__LB-fCiP8_iPwudRHz2YHMePA32Q4hAP16jQ-_CDE66GXjx-hD984gZyWBB8fNAFHzl--AWQvshx-AhxdPgh_MMBHxrRH_6RAz6OvODhp9DhozxwlD984CcCr9lx_Ie_o_SK4_xRHj5--OiFADeKH4cG_giPRl5wL8SP5vjR8HhxtK9hiccB_0D-wjfw44d1-Hh06Dgs4MfhAvvhQyxx7DwE4zjcA4c_9EBBPTh8FMePfoJvhMcfoD_8GT2aB-0d_CR6Hkb_o4cRfhDwg8kBo7jxoznyw4fPo8OD32gPHz4QHujho4d2-OjxozAA44APHD7gDz9-ePhxGD2qowGAHtSVo0fZwTmO4wh8Bi_OHD_84vAvHPDhH8ePHj9yFEYDHQDCXMeP_4L7Ff7RHvgNHv3x4PjxDr6AHzl84d5xSjiuw4cewD_MHD3-o4ePw8fx4Dy8Az98HFSN4kfx4-jRo5mP5xT-oDl63I-Q3-gLE11uET_C7GiPHz18Cz2EH8_xXqgE3yhFvNkh9xv65HDEF9p9fD_CHNVxP-iPtDlqDjqD98iTJKpw_ci5ow-0qD2uXcKjPDjsBnqvFFe-QM6DZvLQqjHOoHEuaMuFZ5cgXziaHZWZTbgiiH_xajl-9EMjhjnaKEbzydDzFIe1C1eOM4fdaDgzC48u_PghjnVwJQjRnPjxwx-OZqTRZzm6fEFz5Nfx7mgmDv2hHwYMM4QAoBhxFjgADLFCCMQEMAJYxRgShghkpCAGAGoAAAggIYgzAiNAHAGAAISAMAAZZIQihhmHECDIMAUUEAYhAAASggyDFEDMI6YMck4IA5BhRghmAEAEI8KVYUAoI7QzSiEEkHAIKYEYJggpR50STjjDCEOAACNIcJZw-AloiAhHnCDIIIKog-4IC8QRlwgqAkBGWOKUU8AhRJAhjGXNhFJCKIUMAsQpYqgwADtjACJBMQAAQIwohxwRgknGjCJMGOSFUg4YwIiQiBBjiGSAECKIAEIoIgCgVDEAlHBGUYoUogYYKyABACgmlSKGWWyUAxaM6jATAmIgCIPWOSQgsZQ5YYZijAACgGGIAGMIJAAIJYxgRCILlDIGSCIEcFYERYAjLmkiHKBAEEDAMkQxQoSHHjkAmASIAMOoINQRAIwCxJFBiCAIECaEDMYIASQgBhBjHAJISGEdEQIABQBiThAADJEAEmAIEIJRAqVgzhFgAEOAKESIAVYAJ4hySDjojSGOCKQV40gKCqwSgjhgmALCehK-YEIqBUIVA1hBFpGCUOQEQlAUNwSEAHBHgFHiEELAo1AJJ8AxplAIJeGOCmKFBEYgawQExihthYNCmAQIW0gQRBV5ihBPGBJEikEMcQQIUxyRwhkyHEFIOgQEKFeJRJmAUlmiLRDGKhANJIBJyp2UThgnWBFwCEu4UU4wToBlBACAIESOMSFJVYZQJqlQhgqgHCIAIyCQhcqMh6AjiiULDUXKEOCIIgQQhwgUBBKHCZNEUCMUIEIgBAAiQklBCNBIMEEYgEIDAoihgAgjiSAGSCIQIgAYpBhAiASDCCMGEQQIEoA0pJwATBEkCFBAMA"], "date": ["2013"], "genre": ["Abstract", "Ambient", "IDM"], "musicbrainz album release country": ["US"], "musicbrainz_releasegroupid": ["f94db9dd-71d9-499a-aa6e-bc998ec1d1c7"], "musicbrainz_artistid": ["52605a3d-3941-45e4-9204-21ecc4139631"], "originaldate": ["2012"], "musicbrainz_albumid": ["d5afb32a-eea8-42ca-a1ef-430a2a087d9f"], "originalalbum": ["626"], "tracknumber": ["02/18"], "artistsort": ["Echaskech"], "artist": ["Echaskech"], "label": ["A Strangely Isolated Place"], "albumartistsort": ["Various Artists"], "acoustid_id": ["a0211b39-5f3d-4802-8c1a-0ca2157ab8af"], "script": ["Latin"]}}, "rhythm": {"bpm_histogram_first_peak_bpm": {"dmean2": 0, "median": 99, "min": 99, "dvar2": 0, "dvar": 0, "dmean": 0, "max": 99, "var": 0, "mean": 99}, "bpm": 99.8583068848, "bpm_histogram_second_peak_spread": {"dmean2": 0, "median": 0.468599051237, "min": 0.468599051237, "dvar2": 0, "dvar": 0, "dmean": 0, "max": 0.468599051237, "var": 0, "mean": 0.468599051237}, "bpm_histogram_first_peak_weight": {"dmean2": 0, "median": 0.344582617283, "min": 0.344582617283, "dvar2": 0, "dvar": 0, "dmean": 0, "max": 0.344582617283, "var": 0, "mean": 0.344582617283}, "onset_rate": 2.28842401505, "beats_position": [0.53405892849, 1.07972788811, 1.62539684772, 2.17106580734, 2.71673464775, 3.25079369545, 3.78485250473, 4.31891155243, 4.85297060013, 5.38702917099, 5.92108821869, 6.45514726639, 6.98920631409, 7.51165533066, 8.03410434723, 8.55655288696, 9.13705158234, 9.70594120026, 10.2748298645, 10.8437185287, 11.412607193, 12.0047159195, 12.6084346771, 13.2121543884, 13.8274831772, 14.4428119659, 15.0581407547, 15.6734695435, 16.3004074097, 16.8344669342, 17.3685264587, 17.8329238892, 18.2973232269, 18.7617225647, 19.2261219025, 19.6905212402, 20.154920578, 20.6193199158, 21.0953292847, 21.5713367462, 22.0473461151, 22.5117454529, 22.9645347595, 23.4173240662, 23.8701133728, 24.3229026794, 24.7756919861, 25.2284793854, 25.681268692, 26.1340579987, 26.5868473053, 27.0396366119, 27.4924259186, 27.9452152252, 28.3980045319, 28.8624038696, 29.3268013, 29.8028106689, 30.2672100067, 30.7316093445, 31.2076187134, 31.6720180511, 32.1480255127, 32.6124267578, 33.0768241882, 33.5296134949, 33.99401474, 34.4468002319, 34.9112014771, 35.3755989075, 35.8283882141, 36.2811775208, 36.7339668274, 37.186756134, 37.6395454407, 38.0923347473, 38.5567321777, 39.0211334229, 39.4855308533, 39.9383201599, 40.3911094666, 40.8438987732, 41.3083000183, 41.7726974487, 42.2370948792, 42.7014961243, 43.1658935547, 43.6302947998, 44.0830841064, 44.5358734131, 45.0002708435, 45.4646720886, 45.9174575806, 46.3702468872, 46.8230361938, 47.2758255005, 47.7286148071, 48.1930160522, 48.6458053589, 49.0985946655, 49.5513839722, 50.0041732788, 50.4569587708, 50.8981399536, 51.3509292603, 51.8037185669, 52.2565078735, 52.6976852417, 53.1504745483, 53.603263855, 54.0560531616, 54.5088424683, 54.9616317749, 55.4144210815, 55.8672103882, 56.3316078186, 56.8076171875, 57.2836265564, 57.7480278015, 58.2008171082, 58.6652145386, 59.129611969, 59.5824012756, 60.0351905823, 60.4879798889, 60.952381134, 61.4051704407, 61.8579597473, 62.310749054, 62.7635345459, 63.227935791, 63.6923332214, 64.1567306519, 64.621131897, 65.0855331421, 65.5383224487, 65.9911117554, 66.4555053711, 66.9082946777, 67.3726959229, 67.8254852295, 68.2898864746, 68.7426757813, 69.1954650879, 69.6482543945, 70.1010437012, 70.5538330078, 71.0066223145, 71.4594116211, 71.9238052368, 72.3882064819, 72.8526077271, 73.3286132813, 73.7930145264, 74.2574157715, 74.7218093872, 75.1862106323, 75.6506118774, 76.1034011841, 76.5561904907, 77.0205917358, 77.4849853516, 77.9377746582, 78.3905639648, 78.8433532715, 79.2961425781, 79.7605438232, 80.2249450684, 80.6893386841, 81.1653518677, 81.6297454834, 82.08253479, 82.5353240967, 82.9881134033, 83.44090271, 83.8936920166, 84.3464813232, 84.7876663208, 85.2404556274, 85.6932373047, 86.1460266113, 86.5872116089, 87.0400009155, 87.4927902222, 87.9455795288, 88.3983688354, 88.8511581421, 89.3039474487, 89.7567367554, 90.2095184326, 90.6623077393, 91.1150970459, 91.579498291, 92.0438995361, 92.5083007813, 92.972694397, 93.4370956421, 93.8898849487, 94.3426742554, 94.795463562, 95.2482528687, 95.7126541138, 96.1654434204, 96.6182327271, 97.0710220337, 97.5238113403, 97.9649887085, 98.4177780151, 98.8705673218, 99.3233566284, 99.7877502441, 100.240539551, 100.693328857, 101.157730103, 101.622131348, 102.098136902, 102.574150085, 103.026939392, 103.491333008, 103.955734253, 104.443351746, 104.930976868, 105.41859436, 105.906211853, 106.393829346, 106.893058777, 107.427116394, 107.949569702, 108.472015381, 109.075737, 109.691062927, 110.294784546, 110.898498535, 111.502220154, 112.105941772, 112.709655762, 113.31337738, 113.917098999, 114.520812988, 115.124534607, 115.728248596, 116.331970215, 116.935691833, 117.539405823, 118.143127441, 118.74684906, 119.304122925, 119.861404419, 120.453514099, 121.045623779, 121.626121521, 122.241447449, 122.845169067, 123.460494995, 124.075828552, 124.69115448, 125.306480408, 125.921813965, 126.525527954, 127.117637634, 127.721359253, 128.313461304, 128.917190552, 129.520904541, 130.113006592, 130.705123901, 131.308837891, 131.912567139, 132.516281128, 133.119995117, 133.723709106, 134.327438354, 134.931152344, 135.534866333, 136.138595581, 136.74230957, 137.34602356, 137.949752808, 138.553466797, 139.145568848, 139.749298096, 140.353012085, 140.956726074, 141.548843384, 142.140945435, 142.733062744, 143.336776733, 143.928878784, 144.520996094, 145.124710083, 145.716827393, 146.308929443, 146.912643433, 147.516372681, 148.12008667, 148.712203979, 149.30430603, 149.90802002, 150.511749268, 151.103851318, 151.695953369, 152.299682617, 152.903396606, 153.507110596, 154.110839844, 154.714553833, 155.318267822, 155.92199707, 156.52571106, 157.11781311, 157.721542358, 158.325256348, 158.928970337, 159.521087646, 160.124801636, 160.728515625, 161.332244873, 161.935958862, 162.528076172, 163.120178223, 163.723892212, 164.32762146, 164.919723511, 165.51184082, 166.11555481, 166.719268799, 167.311386108, 167.903488159, 168.507202148, 169.110931396, 169.714645386, 170.318359375, 170.910476685, 171.502578735, 172.106307983, 172.710021973, 173.313735962, 173.917449951, 174.521179199, 175.124893188, 175.728607178, 176.332336426, 176.936050415, 177.539764404, 178.143493652, 178.747207642, 179.350921631, 179.94303894, 180.535140991, 181.138870239, 181.73097229, 182.323074341, 182.926803589, 183.530517578, 184.122619629, 184.714736938, 185.318450928, 185.910568237, 186.502670288, 187.106384277, 187.710113525, 188.313827515, 188.905944824, 189.498046875, 190.101760864, 190.705490112, 191.309204102, 191.912918091, 192.516647339, 193.120361328, 193.712463379, 194.304580688, 194.908294678, 195.512008667, 196.115737915, 196.719451904, 197.311553955, 197.903671265, 198.507385254, 199.111114502, 199.714828491, 200.306930542, 200.899047852, 201.502761841, 202.10647583, 202.710205078, 203.313919067, 203.917633057, 204.509750366, 205.101852417, 205.705581665, 206.309295654, 206.913009644, 207.505126953, 208.097229004, 208.700942993, 209.304672241, 209.90838623, 210.51210022, 211.115829468, 211.707931519, 212.300048828, 212.903762817, 213.507476807, 214.111190796, 214.714920044, 215.307022095, 215.899139404, 216.502853394, 217.106567383, 217.710296631, 218.31401062, 218.906112671, 219.49822998, 220.10194397, 220.705657959, 221.309387207, 221.913101196, 222.505218506, 223.097320557, 223.701034546, 224.304763794, 224.908477783, 225.512191772, 226.115921021, 226.708023071, 227.300125122, 227.90385437, 228.507568359, 229.111282349, 229.703399658, 230.295501709, 230.899230957, 231.502944946, 232.106658936, 232.710388184, 233.314102173, 233.906204224, 234.498321533, 235.102035522, 235.705749512, 236.30947876, 236.913192749, 237.5052948, 238.097412109, 238.701126099, 239.304855347, 239.908569336, 240.512283325, 241.104400635, 241.696502686, 242.300216675, 242.903945923, 243.507659912, 244.111373901, 244.715103149, 245.3072052, 245.89932251, 246.503036499, 247.106750488, 247.710464478, 248.314193726, 248.906295776, 249.498413086, 250.102127075, 250.705841064, 251.309570313, 251.913284302, 252.516998291, 253.109115601, 253.701217651, 254.304931641, 254.908660889, 255.512374878, 256.104492188, 256.696594238, 257.300323486, 257.904022217, 258.507751465, 259.111480713, 259.703582764, 260.307312012, 260.911010742, 261.503112793, 262.106842041, 262.710571289, 263.31427002, 263.917999268, 264.521728516, 265.125427246, 265.729156494, 266.332885742, 266.936584473, 267.540313721, 268.155639648, 268.770965576, 269.32824707, 269.885528564, 270.442810059, 271.000091553, 271.557373047, 272.04498291, 272.532592773, 273.020233154, 273.507843018, 273.995452881, 274.471466064, 274.947479248, 275.423492432, 275.899505615, 276.363891602, 276.816680908, 277.281097412, 277.745483398, 278.209869385, 278.674285889, 279.138671875, 279.591461182, 280.044250488, 280.497039795, 280.961456299, 281.425842285, 281.890258789, 282.354644775, 282.819030762, 283.283447266, 283.747833252, 284.200622559, 284.665039063, 285.117828369, 285.582214355, 286.046630859, 286.511016846, 286.975402832, 287.439819336, 287.904205322, 288.368621826, 288.833007813, 289.297424316, 289.761810303, 290.179779053, 290.597717285, 291.015686035, 291.410430908, 291.805175781, 292.199890137, 292.606262207, 292.989379883, 293.384124756, 293.778869629, 294.173614502, 294.54510498, 294.916625977, 295.288146973, 295.671295166, 296.042816162, 296.425933838, 296.797454834, 297.16897583, 297.540496826, 297.912017822, 298.283538818, 298.666656494, 299.049804688], "beats_loudness": {"dmean2": 0.128165915608, "median": 0.0254594292492, "min": 4.20574824966e-11, "dvar2": 0.0552648566663, "dvar": 0.0220712311566, "dmean": 0.0727737769485, "max": 0.802109777927, "var": 0.0717730224133, "mean": 0.198797523975}, "danceability": 1.27922272682, "bpm_histogram_second_peak_weight": {"dmean2": 0, "median": 0.195381879807, "min": 0.195381879807, "dvar2": 0, "dvar": 0, "dmean": 0, "max": 0.195381879807, "var": 0, "mean": 0.195381879807}, "beats_count": 564, "bpm_histogram_second_peak_bpm": {"dmean2": 0, "median": 133, "min": 133, "dvar2": 0, "dvar": 0, "dmean": 0, "max": 133, "var": 0, "mean": 133}, "bpm_histogram_first_peak_spread": {"dmean2": 0, "median": 0.29197075963, "min": 0.29197075963, "dvar2": 0, "dvar": 0, "dmean": 0, "max": 0.29197075963, "var": 0, "mean": 0.29197075963}, "beats_loudness_band_ratio": {"dmean2": [0.200680270791, 0.172133699059, 0.143056452274, 0.172520086169, 0.0506561920047, 0.026097279042], "median": [0.521658301353, 0.0479366481304, 0.0549223795533, 0.0707314610481, 0.00816045049578, 0.000761519768275], "min": [0, 0, 0, 0, 0, 0], "dvar2": [0.0761496052146, 0.059229452163, 0.0377284772694, 0.0423350743949, 0.00632160529494, 0.00614727428183], "dvar": [0.030587149784, 0.0203455351293, 0.0137902814895, 0.0146298278123, 0.0021864073351, 0.00260878913105], "dmean": [0.11739834398, 0.098219320178, 0.0835702642798, 0.0971637293696, 0.0280630476773, 0.0156841184944], "max": [0.999642789364, 0.941373169422, 0.967547237873, 0.940059006214, 0.338811308146, 0.785702109337], "var": [0.156904444098, 0.0417984202504, 0.0435507297516, 0.0494421906769, 0.0025610178709, 0.00378478039056], "mean": [0.525770127773, 0.148284867406, 0.147155031562, 0.171382695436, 0.0296750571579, 0.0166929122061]}}, "lowlevel": {"barkbands_spread": {"dmean2": 4.14932632446, "median": 7.82859420776, "min": 0.0492166616023, "dvar2": 29.4647960663, "dvar": 13.1253471375, "dmean": 2.76894235611, "max": 72.1863632202, "var": 91.3160095215, "mean": 10.2927455902}, "melbands_spread": {"dmean2": 5.42560100555, "median": 8.69602489471, "min": 0.068396307528, "dvar2": 64.5015563965, "dvar": 27.9144630432, "dmean": 3.59951066971, "max": 162.321121216, "var": 227.797821045, "mean": 12.7684488297}, "hfc": {"dmean2": 7.82854986191, "median": 11.1095085144, "min": 1.11286285574e-16, "dvar2": 413.917236328, "dvar": 163.961914063, "dmean": 5.21628808975, "max": 256.789764404, "var": 310.387878418, "mean": 15.8634634018}, "barkbands_kurtosis": {"dmean2": 10.6984758377, "median": 4.15087080002, "min": -1.84097409248, "dvar2": 574.203063965, "dvar": 277.470855713, "dmean": 7.3670463562, "max": 449.60168457, "var": 836.551940918, "mean": 14.9811935425}, "gfcc": {"mean": [-103.057113647, 146.051010132, -120.49155426, 12.0048284531, -51.99061203, 17.9969539642, -11.6917924881, -4.00599002838, -17.2112846375, -8.79076004028, -9.45569515228, -6.78912830353, 1.30277764797], "icov": [[0.000117994874017, -0.000377394637326, 0.000181629817234, -0.000358800229151, 0.000256365776295, -0.000316627818393, 4.1767667426e-05, -0.000259144842857, 0.000325686676661, -0.000229757322813, 6.22852166998e-05, -0.000128361556563, -8.30880380818e-05], [-0.000377394637326, 0.00254729599692, -0.000593065458816, 0.00128523260355, -0.00150148745161, 0.00112606445327, -0.000414431327954, 0.0013943441445, -0.00167360715568, 0.00147878448479, -0.000592221738771, 0.00183620513417, -0.000469479389722], [0.000181629817234, -0.000593065458816, 0.0018673366867, -0.000964438018855, -0.000584529829212, -0.00106818054337, 0.00027967436472, -0.000855389807839, 0.00108652352355, -0.00109084462747, -4.01534271077e-05, 0.000335153978085, -0.000908161920961], [-0.000358800229151, 0.00128523260355, -0.000964438018855, 0.00227286946028, -0.00119781692047, 0.00068559567444, -0.000378898897907, 0.00111592549365, -0.000923907733522, 0.000855085905641, 7.55604123697e-05, 0.000907914363779, 0.000706385006197], [0.000256365776295, -0.00150148745161, -0.000584529829212, -0.00119781692047, 0.0036450009793, -0.00141181366052, -0.000149045576109, 1.34150104714e-06, -0.000314411910949, -0.000307265552692, 0.000839875836391, -0.00129233230837, 0.00047431801795], [-0.000316627818393, 0.00112606445327, -0.00106818054337, 0.00068559567444, -0.00141181366052, 0.00643484853208, -0.000814551836811, -0.00110461539589, -0.00116766733117, -0.000473699270515, 0.000573059194721, -0.000681062985677, -0.00113798759412], [4.1767667426e-05, -0.000414431327954, 0.00027967436472, -0.000378898897907, -0.000149045576109, -0.000814551836811, 0.00532290432602, -0.000542048772331, -0.00181264674757, 0.000398759992095, -0.00181828101631, -0.00134534598328, 0.000460827257484], [-0.000259144842857, 0.0013943441445, -0.000855389807839, 0.00111592549365, 1.34150104714e-06, -0.00110461539589, -0.000542048772331, 0.00588444573805, -0.000270765391178, -0.00174514600076, -0.000961345271207, 0.0007733401726, 0.000898091821], [0.000325686676661, -0.00167360715568, 0.00108652352355, -0.000923907733522, -0.000314411910949, -0.00116766733117, -0.00181264674757, -0.000270765391178, 0.00888581294566, -0.00139159837272, -0.00197203503922, -0.000777892477345, -0.00119315285701], [-0.000229757322813, 0.00147878448479, -0.00109084462747, 0.000855085905641, -0.000307265552692, -0.000473699270515, 0.000398759992095, -0.00174514600076, -0.00139159837272, 0.00942422728986, -0.00185119861271, 0.000620926381089, -0.000894006574526], [6.22852166998e-05, -0.000592221738771, -4.01534271077e-05, 7.55604123697e-05, 0.000839875836391, 0.000573059194721, -0.00181828101631, -0.000961345271207, -0.00197203503922, -0.00185119861271, 0.0101970136166, -0.00262704468332, -0.00010562530224], [-0.000128361556563, 0.00183620513417, 0.000335153978085, 0.000907914363779, -0.00129233230837, -0.000681062985677, -0.00134534598328, 0.0007733401726, -0.000777892477345, 0.000620926381089, -0.00262704468332, 0.0106886662543, -0.0014119950356], [-8.30880380818e-05, -0.000469479389722, -0.000908161920961, 0.000706385006197, 0.00047431801795, -0.00113798759412, 0.000460827257484, 0.000898091821, -0.00119315285701, -0.000894006574526, -0.00010562530224, -0.0014119950356, 0.0106435660273]], "cov": [[26614.1992188, 2192.40112305, 945.549438477, 2980.94433594, 458.981994629, 969.922607422, 125.483978271, 478.482421875, -168.378738403, 276.762115479, -129.981674194, -276.429351807, 191.159103394], [2192.40112305, 1499.06433105, 123.87953949, 175.170608521, 465.517272949, -70.8619232178, 118.535469055, -317.603729248, 194.281997681, -192.327285767, 0.465357750654, -126.358375549, 64.3933258057], [945.549438477, 123.87953949, 1643.14282227, 789.724914551, 681.356933594, 448.532928467, 53.7435569763, 242.141326904, 16.7822494507, 222.62562561, -9.12163639069, -27.4392089844, 112.318656921], [2980.94433594, 175.170608521, 789.724914551, 1400.98327637, 534.43548584, 224.193588257, 57.3578796387, -7.68958234787, 14.1440267563, 26.4621200562, -72.982460022, -70.1568069458, -2.50303792953], [458.981994629, 465.517272949, 681.356933594, 534.43548584, 819.624633789, 221.884979248, 126.492301941, -37.3216934204, 133.734909058, 16.7344055176, -7.56488609314, 3.94646406174, 48.5005569458], [969.922607422, -70.8619232178, 448.532928467, 224.193588257, 221.884979248, 392.286407471, 88.9263381958, 197.039794922, 45.5184555054, 141.791687012, 32.4988822937, 50.9263076782, 63.5070381165], [125.483978271, 118.535469055, 53.7435569763, 57.3578796387, 126.492301941, 88.9263381958, 308.686401367, 36.2253417969, 130.884841919, 23.472328186, 95.8005981445, 66.2365570068, 20.8178977966], [478.482421875, -317.603729248, 242.141326904, -7.68958234787, -37.3216934204, 197.039794922, 36.2253417969, 396.071411133, -17.5946979523, 177.912734985, 55.2420005798, 41.610534668, 17.678565979], [-168.378738403, 194.281997681, 16.7822494507, 14.1440267563, 133.734909058, 45.5184555054, 130.884841919, -17.5946979523, 217.753692627, 11.4363994598, 74.6158294678, 37.6494636536, 33.5793228149], [276.762115479, -192.327285767, 222.62562561, 26.4621200562, 16.7344055176, 141.791687012, 23.472328186, 177.912734985, 11.4363994598, 218.607635498, 50.2415847778, 33.2286529541, 33.8531455994], [-129.981674194, 0.465357750654, -9.12163639069, -72.982460022, -7.56488609314, 32.4988822937, 95.8005981445, 55.2420005798, 74.6158294678, 50.2415847778, 159.27444458, 58.3592453003, 19.9811496735], [-276.429351807, -126.358375549, -27.4392089844, -70.1568069458, 3.94646406174, 50.9263076782, 66.2365570068, 41.610534668, 37.6494636536, 33.2286529541, 58.3592453003, 145.658981323, 20.3877105713], [191.159103394, 64.3933258057, 112.318656921, -2.50303792953, 48.5005569458, 63.5070381165, 20.8178977966, 17.678565979, 33.5793228149, 33.8531455994, 19.9811496735, 20.3877105713, 119.782142639]]}, "spectral_energyband_middle_low": {"dmean2": 0.0157197602093, "median": 0.00802375748754, "min": 1.57036899572e-22, "dvar2": 0.00345059321262, "dvar": 0.00118968251627, "dmean": 0.00892653409392, "max": 0.386193335056, "var": 0.000804874580353, "mean": 0.0144510697573}, "melbands_crest": {"dmean2": 4.87408447266, "median": 19.9510803223, "min": 1.64185571671, "dvar2": 20.3398571014, "dvar": 9.51088047028, "dmean": 3.29145264626, "max": 38.0129165649, "var": 72.7007522583, "mean": 20.9936752319}, "spectral_kurtosis": {"dmean2": 9.54125118256, "median": 9.23418235779, "min": -1.27239978313, "dvar2": 229.960739136, "dvar": 80.6719436646, "dmean": 5.58487653732, "max": 225.130981445, "var": 337.484405518, "mean": 15.5872125626}, "spectral_rms": {"dmean2": 0.0014235364506, "median": 0.00507088191807, "min": 3.13293748583e-12, "dvar2": 5.34589798917e-06, "dvar": 3.50365576196e-06, "dmean": 0.00109328096732, "max": 0.0287831500173, "var": 4.44604338554e-05, "mean": 0.0073535265401}, "zerocrossingrate": {"dmean2": 0.00598994642496, "median": 0.02734375, "min": 0.00146484375, "dvar2": 5.99338818574e-05, "dvar": 4.29519459431e-05, "dmean": 0.00486681377515, "max": 0.529296875, "var": 0.00254077580757, "mean": 0.034457013011}, "silence_rate_60dB": {"dmean2": 0.0316058546305, "median": 0, "min": 0, "dvar2": 0.036961670965, "dvar": 0.0155529668555, "dmean": 0.0158017035574, "max": 1, "var": 0.134700343013, "mean": 0.160405859351}, "erbbands_kurtosis": {"dmean2": 2.76818752289, "median": 0.817534148693, "min": -1.90224766731, "dvar2": 31.4104213715, "dvar": 13.9953584671, "dmean": 1.81591916084, "max": 143.276809692, "var": 71.2434387207, "mean": 2.98273491859}, "erbbands": {"dmean2": [1.094825387, 6.70749759674, 14.0662498474, 18.5781707764, 21.5328578949, 24.2061214447, 20.094575882, 14.2561235428, 10.2464609146, 13.8054761887, 26.3379554749, 24.0408916473, 28.628528595, 60.8434562683, 26.8013114929, 27.8149166107, 23.8374729156, 13.1267490387, 25.3030147552, 7.25579309464, 5.1190290451, 4.40978288651, 12.3617305756, 1.86583399773, 1.69757401943, 1.12474751472, 5.12945747375, 1.92228829861, 1.30073225498, 0.512083172798, 2.24238848686, 0.178685724735, 0.0658999532461, 0.0411487407982, 0.0200730729848, 0.0035225332249, 0.000837085710373, 8.78794162418e-05, 1.75182358362e-05, 3.54817348125e-05], "median": [0.0491918697953, 0.173840999603, 0.529121935368, 2.3311624527, 6.32416439056, 6.03972673416, 3.5811984539, 1.99245381355, 2.50021457672, 5.27789497375, 9.93272686005, 10.6060171127, 15.5187902451, 30.4614982605, 10.2627696991, 11.6519918442, 9.36169242859, 4.34504699707, 5.77290725708, 1.84566283226, 1.31398534775, 1.32778549194, 1.34699892998, 0.702011942863, 0.687228560448, 0.674578428268, 0.833609640598, 0.517001569271, 0.260158151388, 0.10296009481, 0.10504155606, 0.0341994278133, 0.0161349195987, 0.00597273744643, 0.00142322212923, 0.000469938240713, 0.000170832659933, 3.31418668793e-05, 2.05957803701e-05, 3.08368544211e-05], "min": [3.11761389084e-22, 1.21101564084e-21, 4.36482206611e-21, 1.26701734351e-20, 1.74833023516e-20, 4.88801735785e-20, 6.24465398539e-20, 4.58078890741e-20, 1.1895221685e-19, 1.5665510917e-19, 2.02175918104e-19, 4.94014233802e-19, 8.35146982237e-19, 8.21419454683e-19, 1.00908889959e-18, 1.21816469307e-18, 1.91642362369e-18, 1.52479268793e-18, 3.0733144993e-18, 2.61840486707e-18, 3.68974251987e-18, 4.48270515202e-18, 7.39135756307e-18, 5.73142196782e-18, 7.88274751468e-18, 7.13126468152e-18, 1.07683306856e-17, 1.10119676361e-17, 1.01082298035e-17, 9.34894169404e-18, 1.26953000349e-17, 1.21869785234e-17, 1.15329259859e-17, 8.94045591933e-18, 5.38282117432e-18, 4.78136615681e-18, 2.39015513038e-18, 1.08594483524e-18, 2.49248492018e-19, 2.89540453193e-20], "dvar2": [9.05564689636, 453.765228271, 2945.35253906, 5147.05029297, 5791.81884766, 10907.9375, 9828.40722656, 4728.20410156, 2178.85913086, 1049.34460449, 3241.40966797, 2996.43603516, 3676.64379883, 11777.3828125, 4438.50097656, 4943.92041016, 5571.69726563, 4374.08203125, 5634.37792969, 2513.90039063, 857.264953613, 530.701477051, 2415.43261719, 149.620986938, 19.0069503784, 7.58872747421, 543.912841797, 56.168258667, 131.063537598, 10.3711500168, 455.484222412, 0.907204687595, 0.0548949092627, 0.0169291775674, 0.00392668554559, 9.56384392339e-05, 1.66392528627e-05, 1.2337369526e-07, 1.17191489846e-09, 5.69344393853e-09], "dvar": [7.8095703125, 213.035888672, 1053.03393555, 1762.28857422, 1994.31604004, 3740.83105469, 3331.10766602, 1602.47668457, 744.821838379, 512.725280762, 1340.87963867, 1365.00109863, 1478.5357666, 5709.60498047, 1902.41906738, 2331.85888672, 2374.98852539, 1658.36157227, 2527.74951172, 915.156555176, 320.582733154, 197.373138428, 1007.95501709, 57.4891700745, 7.0910449028, 4.0421705246, 209.58656311, 20.551486969, 50.0841064453, 4.25265979767, 183.198318481, 0.370534300804, 0.0215544328094, 0.00752782449126, 0.001971303951, 4.54109976999e-05, 5.96418112764e-06, 4.54662298921e-08, 7.36029681647e-10, 3.9873593316e-09], "dmean": [1.00746440887, 4.75960206985, 8.00968265533, 10.1157112122, 12.2100362778, 13.8732414246, 10.9448232651, 7.63409805298, 5.97304821014, 9.26578807831, 17.0627193451, 15.8627843857, 18.3381710052, 42.0436935425, 17.0969333649, 18.8496437073, 15.8464832306, 8.22682666779, 17.233549118, 4.46407604218, 3.23553466797, 2.81102061272, 7.9748711586, 1.15055346489, 1.01768314838, 0.737525045872, 3.1350569725, 1.14555776119, 0.801101148129, 0.322084337473, 1.38531553745, 0.109777368605, 0.0413043685257, 0.0269556995481, 0.0130974771455, 0.00228772428818, 0.000525107432622, 5.54860416742e-05, 1.33785624712e-05, 2.85190290015e-05], "max": [38.4031448364, 180.399414063, 386.035491943, 493.817626953, 602.670471191, 826.786254883, 829.685791016, 599.40826416, 515.227172852, 600.536804199, 657.909423828, 1035.89428711, 1035.33874512, 1503.31005859, 1594.00402832, 1262.55419922, 1180.89978027, 1384.38891602, 1286.77929688, 1051.92456055, 735.57220459, 830.643493652, 1060.53308105, 391.648010254, 63.9219856262, 101.185691833, 707.585693359, 197.662231445, 307.601348877, 83.8265151978, 539.413391113, 21.4632091522, 4.15728473663, 3.45569109917, 3.21845984459, 0.458635210991, 0.11348541081, 0.00873035565019, 0.000661701371428, 0.000915953889489], "var": [56.0361595154, 366.075256348, 713.791931152, 1068.76843262, 1666.68701172, 2738.93823242, 1830.07385254, 884.773681641, 482.028656006, 1360.90991211, 2528.04077148, 3269.50952148, 2708.44995117, 17770.4511719, 4663.05957031, 5005.65087891, 3684.25683594, 1350.63977051, 4935.39794922, 637.884033203, 263.882568359, 169.011322021, 2040.13879395, 47.0901603699, 12.0709209442, 11.1570186615, 395.300506592, 36.7281570435, 46.9645881653, 4.47857284546, 153.516265869, 0.403475999832, 0.0480222441256, 0.0305549856275, 0.0121767064556, 0.000379601959139, 3.32554518536e-05, 3.60457789839e-07, 6.99468571952e-09, 3.25483355823e-08], "mean": [3.42677307129, 7.76605606079, 7.14221715927, 9.72402667999, 19.062078476, 21.1431102753, 10.7383146286, 7.07179117203, 7.90336370468, 16.5560379028, 27.8207588196, 29.3154964447, 33.3262367249, 81.8380279541, 32.3562812805, 34.9657783508, 26.9807014465, 11.7190036774, 27.9872646332, 5.87944126129, 4.50646400452, 4.22042179108, 12.1089439392, 1.82978355885, 1.85266208649, 1.5898244381, 4.92960166931, 2.01602959633, 1.13488960266, 0.504191875458, 1.35466742516, 0.214111730456, 0.109770461917, 0.0807572156191, 0.0461215637624, 0.00864508748055, 0.00192786881234, 0.0002281741763, 5.78193030378e-05, 0.000110671491711]}, "spectral_strongpeak": {"dmean2": 0.707469165325, "median": 0.685556650162, "min": 0, "dvar2": 2.22844934464, "dvar": 0.821270704269, "dmean": 0.43009442091, "max": 17.8040599823, "var": 1.10504770279, "mean": 0.950279176235}, "spectral_energy": {"dmean2": 0.0324296467006, "median": 0.0263566877693, "min": 1.00606795198e-20, "dvar2": 0.00480129895732, "dvar": 0.00339912925847, "dmean": 0.026225829497, "max": 0.849181473255, "var": 0.0279114414006, "mean": 0.100998029113}, "average_loudness": 0.405842900276, "spectral_rolloff": {"dmean2": 367.759674072, "median": 775.1953125, "min": 43.06640625, "dvar2": 605583.125, "dvar": 247443.078125, "dmean": 212.439239502, "max": 19702.8808594, "var": 3531067.75, "mean": 920.923583984}, "spectral_centroid": {"dmean2": 212.745056152, "median": 738.101806641, "min": 75.7883758545, "dvar2": 100634.742188, "dvar": 44686.0585938, "dmean": 140.094741821, "max": 11603.96875, "var": 443718.8125, "mean": 833.815124512}, "pitch_salience": {"dmean2": 0.116855189204, "median": 0.406718373299, "min": 0.036339212209, "dvar2": 0.0166764222085, "dvar": 0.0072185122408, "dmean": 0.0734965801239, "max": 0.890216469765, "var": 0.0255706906319, "mean": 0.399133771658}, "spectral_energyband_middle_high": {"dmean2": 0.00313029973768, "median": 0.00305888894945, "min": 1.16410848205e-21, "dvar2": 5.09983474331e-05, "dvar": 2.07339289773e-05, "dmean": 0.00210110004991, "max": 0.103423982859, "var": 4.37371563748e-05, "mean": 0.0051759397611}, "spectral_contrast_coeffs": {"dmean2": [0.077598311007, 0.0697589367628, 0.0620416179299, 0.0466747879982, 0.031364440918, 0.0270069427788], "median": [-0.62996584177, -0.72379565239, -0.723345994949, -0.734287440777, -0.78913551569, -0.751199185848], "min": [-0.978913843632, -0.974944472313, -0.975930631161, -0.96787071228, -0.967278599739, -0.963451743126], "dvar2": [0.00433383043855, 0.0031543946825, 0.00240788562223, 0.00133850437123, 0.000690764223691, 0.000664383231197], "dvar": [0.0018274304457, 0.00123433920089, 0.000960171280894, 0.000556017446797, 0.000294661847875, 0.000274791382253], "dmean": [0.049108363688, 0.0432297550142, 0.0391126051545, 0.0295424684882, 0.0195849686861, 0.0166069790721], "max": [-0.291100233793, -0.31267747283, -0.456361144781, -0.492834240198, -0.499276220798, -0.48556214571], "var": [0.0131631949916, 0.00784529466182, 0.00625721784309, 0.00544909527525, 0.00466511864215, 0.00433380296454], "mean": [-0.626331031322, -0.715246975422, -0.726101994514, -0.736758053303, -0.780484378338, -0.744918346405]}, "melbands_skewness": {"dmean2": 1.25777173042, "median": 2.34899878502, "min": -2.51389527321, "dvar2": 1.84985029697, "dvar": 1.02663147449, "dmean": 0.899451136589, "max": 23.57097435, "var": 9.67514133453, "mean": 3.22230219841}, "spectral_spread": {"dmean2": 518808.84375, "median": 2831853.25, "min": 387363.46875, "dvar2": 700977643520, "dvar": 330703863808, "dmean": 321529.03125, "max": 51567932, "var": 4508411756540.0, "mean": 3064799.75}, "dissonance": {"dmean2": 0.0563619360328, "median": 0.438394725323, "min": 0.16820295155, "dvar2": 0.0027066427283, "dvar": 0.000957805488724, "dmean": 0.0331486053765, "max": 0.499999940395, "var": 0.00238926662132, "mean": 0.429023325443}, "spectral_skewness": {"dmean2": 0.715952336788, "median": 2.38331770897, "min": -0.0628122314811, "dvar2": 0.715047955513, "dvar": 0.252450078726, "dmean": 0.427255272865, "max": 12.3941679001, "var": 1.74688887596, "mean": 2.72873067856}, "spectral_flux": {"dmean2": 0.0554098896682, "median": 0.058477986604, "min": 6.42874781187e-11, "dvar2": 0.00791718252003, "dvar": 0.0052801752463, "dmean": 0.0390895232558, "max": 0.889670670033, "var": 0.0144140897319, "mean": 0.0909392312169}, "spectral_contrast_valleys": {"dmean2": [0.608844697475, 0.614279687405, 0.513038396835, 0.444508641958, 0.288399875164, 0.221898719668], "median": [-7.34163284302, -7.30275630951, -7.38623189926, -8.79804134369, -9.055