{"metadata": {"tags": {"label": ["Diskot\u00fcr"], "releasecountry": ["TR"], "catalognumber": ["DTLP 10013"], "replaygain_track_peak": ["0.96444702"], "genre": ["Turkish Psych"], "releasetype": ["album"], "disctotal": ["1"], "musicbrainz_albumartistid": ["6ccbe964-a897-4da8-8d44-1be62d1ec87e"], "album": ["H\u00fcrel Ar\u015fivi"], "script": ["Latn"], "albumartistsort": ["3 H\u00fcrel"], "releasestatus": ["official"], "musicbrainz_artistid": ["6ccbe964-a897-4da8-8d44-1be62d1ec87e"], "musicbrainz_recordingid": ["1adeb1e8-7738-4c63-a7d6-e0db732f1dbd"], "albumartist": ["3 H\u00fcrel"], "format": ["Vinyl"], "replaygain_album_peak": ["0.96588135"], "originaldate": ["1974"], "totaltracks": ["12"], "artist": ["3 H\u00fcrel"], "musicbrainz_albumid": ["9e313c51-9aac-4a54-8bf9-b713f6a4feb4"], "artistsort": ["3 H\u00fcrel"], "title": ["Kol Bast\u0131"], "tracknumber": ["1"], "tracktotal": ["12"], "replaygain_reference_loudness": ["89.0 dB"], "replaygain_album_gain": ["-5.68 dB"], "replaygain_track_gain": ["-5.89 dB"], "language": ["tur"], "totaldiscs": ["1"], "date": ["1974"], "media": ["Vinyl"], "file_name": "01 Kol Bast\u0131.flac", "discnumber": ["1"]}, "audio_properties": {"downmix": "mix", "lossless": true, "analysis_sample_rate": 44100, "md5_encoded": "d96ad2cc1cf6a17195e2112e42bb3050", "equal_loudness": 0, "replay_gain": -11.7351894379, "codec": "flac", "bit_rate": 0, "length": 137.440002441}, "version": {"extractor": "music 1.0", "essentia_build_sha": "eef087cf131c10083d474ad51def18efd0e38295", "essentia_git_sha": "v2.1_beta1-7-ge0e83e8-dirty", "essentia": "2.1-beta1"}}, "rhythm": {"beats_loudness_band_ratio": {"dvar2": [0.0696853250265, 0.0103786410764, 0.0157056860626, 0.0237058028579, 0.015234013088, 0.000236948166275], "var": [0.0520278550684, 0.00577505957335, 0.00817696098238, 0.0112987468019, 0.00606106687337, 9.45504725678e-05], "min": [0, 0, 0, 0, 0, 0], "dmean": [0.173229202628, 0.0639373138547, 0.0706798881292, 0.0869942307472, 0.0704265236855, 0.00623837066814], "mean": [0.468965709209, 0.142302200198, 0.110157884657, 0.149165302515, 0.109785504639, 0.0101757273078], "max": [0.994702994823, 0.420154780149, 0.486639589071, 0.632775962353, 0.570702910423, 0.0744048282504], "dmean2": [0.311271995306, 0.111107759178, 0.128287747502, 0.152000069618, 0.127266317606, 0.0109035354108], "median": [0.514327704906, 0.133833289146, 0.0895717591047, 0.13164319098, 0.0946803539991, 0.007632474415], "dvar": [0.0244065970182, 0.0033693681471, 0.00532173365355, 0.00826286431402, 0.00473951594904, 7.70051556174e-05]}, "bpm_histogram_first_peak_weight": {"dvar2": 0, "var": 0, "min": 0.627049207687, "dmean": 0, "mean": 0.627049207687, "max": 0.627049207687, "dmean2": 0, "median": 0.627049207687, "dvar": 0}, "bpm": 107.769569397, "beats_count": 245, "bpm_histogram_first_peak_spread": {"dvar2": 0, "var": 0, "min": 0.325991153717, "dmean": 0, "mean": 0.325991153717, "max": 0.325991153717, "dmean2": 0, "median": 0.325991153717, "dvar": 0}, "danceability": 1.07429409027, "bpm_histogram_first_peak_bpm": {"dvar2": 0, "var": 0, "min": 108, "dmean": 0, "mean": 108, "max": 108, "dmean2": 0, "median": 108, "dvar": 0}, "beats_position": [0.568888902664, 1.14938771725, 1.74149656296, 2.29877543449, 2.85605430603, 3.41333317757, 3.97061228752, 4.52789115906, 5.06195020676, 5.59600877762, 6.15328788757, 6.71056699753, 7.26784563065, 7.8251247406, 8.38240337372, 8.91646194458, 9.47374153137, 10.0310201645, 10.5882987976, 11.1455783844, 11.7028570175, 12.2485256195, 12.7941951752, 13.3514738083, 13.8855323792, 14.4428119659, 15.0000905991, 15.5573692322, 16.114648819, 16.6603164673, 17.2059860229, 17.7632656097, 18.2973232269, 18.8546028137, 19.4118824005, 19.96916008, 20.5264396667, 21.0837192535, 21.640996933, 22.1982765198, 22.7555541992, 23.3012237549, 23.8585033417, 24.40417099, 24.9614505768, 25.5187301636, 26.076007843, 26.6332874298, 27.1905670166, 27.747844696, 28.3051242828, 28.8507938385, 29.4080715179, 29.9537410736, 30.5110206604, 31.0682983398, 31.6139678955, 32.1596374512, 32.7169151306, 33.2509727478, 33.8082542419, 34.3423118591, 34.8995895386, 35.4452590942, 36.0025405884, 36.5482063293, 37.1054878235, 37.6627655029, 38.2316551208, 38.8005447388, 39.3578224182, 39.9151000977, 40.4607696533, 41.006439209, 41.5637168884, 42.1209983826, 42.6666641235, 43.2239456177, 43.7812232971, 44.350112915, 44.9073905945, 45.4646720886, 46.0219497681, 46.5792274475, 47.1365089417, 47.6937866211, 48.262676239, 48.8315620422, 49.4004516602, 49.9693412781, 50.5266189575, 51.0839004517, 51.6411781311, 52.210067749, 52.7789573669, 53.3362350464, 53.8935127258, 54.45079422, 55.0080718994, 55.5653495789, 56.1110191345, 56.6566886902, 57.2139663696, 57.7712478638, 58.3285255432, 58.8858032227, 59.4430847168, 59.977142334, 60.5344200134, 61.0916976929, 61.648979187, 62.2062568665, 62.7635345459, 63.32081604, 63.8780937195, 64.4353713989, 64.9926528931, 65.5499343872, 66.0839920044, 66.6412658691, 67.1985473633, 67.7442169189, 68.2898864746, 68.8471679688, 69.4044418335, 69.9384994507, 70.4957809448, 71.0414505005, 71.5871200562, 72.1444015503, 72.701675415, 73.2589569092, 73.8162307739, 74.3735122681, 74.9307937622, 75.488067627, 76.0453491211, 76.6026306152, 77.15990448, 77.7171859741, 78.2744674683, 78.8201370239, 79.3658065796, 79.9230804443, 80.46875, 81.0144195557, 81.5717010498, 82.1289749146, 82.6862564087, 83.2435379028, 83.7892074585, 84.3348770142, 84.8921508789, 85.449432373, 86.0067138672, 86.5639877319, 87.1212692261, 87.6669387817, 88.2126083374, 88.7698822021, 89.3155517578, 89.8612213135, 90.4185028076, 90.9757843018, 91.5330581665, 92.0903396606, 92.6476211548, 93.2048950195, 93.7505645752, 94.2962341309, 94.853515625, 95.4107894897, 95.9680709839, 96.525352478, 97.0826263428, 97.6399078369, 98.2320175171, 98.8241271973, 99.4162368774, 99.9967346191, 100.577232361, 101.157730103, 101.726615906, 102.2838974, 102.841178894, 103.398452759, 103.955734253, 104.513015747, 105.070289612, 105.627571106, 106.1848526, 106.742126465, 107.322631836, 107.879905701, 108.437187195, 108.994468689, 109.551742554, 110.109024048, 110.677909851, 111.246803284, 111.804077148, 112.361358643, 112.918640137, 113.48752594, 114.033195496, 114.59047699, 115.147750854, 115.705032349, 116.262313843, 116.819587708, 117.376869202, 117.934150696, 118.491424561, 119.048706055, 119.605987549, 120.174873352, 120.743759155, 121.301040649, 121.858322144, 122.427207947, 122.99609375, 123.553375244, 124.110656738, 124.667930603, 125.236824036, 125.805709839, 126.374603271, 126.943489075, 127.512374878, 128.092880249, 128.673370361, 129.265487671, 129.857589722, 130.46131897, 131.041809082, 131.633926392, 132.226028442, 132.794921875, 133.363800049, 133.932693481, 134.501586914, 135.070480347, 135.639358521, 136.208251953, 136.777145386], "beats_loudness": {"dvar2": 0.000285385292955, "var": 0.000445875513833, "min": 0, "dmean": 0.0116519052535, "mean": 0.0463427342474, "max": 0.090347379446, "dmean2": 0.0200266633183, "median": 0.0501846335828, "dvar": 9.88900283119e-05}, "bpm_histogram_second_peak_weight": {"dvar2": 0, "var": 0, "min": 0.0327868834138, "dmean": 0, "mean": 0.0327868834138, "max": 0.0327868834138, "dmean2": 0, "median": 0.0327868834138, "dvar": 0}, "bpm_histogram_second_peak_spread": {"dvar2": 0, "var": 0, "min": 0.52941173315, "dmean": 0, "mean": 0.52941173315, "max": 0.52941173315, "dmean2": 0, "median": 0.52941173315, "dvar": 0}, "bpm_histogram_second_peak_bpm": {"dvar2": 0, "var": 0, "min": 101, "dmean": 0, "mean": 101, "max": 101, "dmean2": 0, "median": 101, "dvar": 0}, "onset_rate": 5.99437856674}, "lowlevel": {"spectral_energyband_high": {"dvar2": 3.55165497012e-07, "var": 1.49807576122e-07, "min": 7.01812585771e-21, "dmean": 0.000230552483117, "mean": 0.000309889146592, "max": 0.00509012350813, "dmean2": 0.000367676810129, "median": 0.000184422664461, "dvar": 1.40295867368e-07}, "spectral_energyband_middle_low": {"dvar2": 7.99640401965e-05, "var": 7.64767828514e-05, "min": 1.54644076187e-22, "dmean": 0.00453132763505, "mean": 0.0126567548141, "max": 0.0702808946371, "dmean2": 0.0073139835149, "median": 0.0121408002451, "dvar": 3.16758196277e-05}, "spectral_energy": {"dvar2": 0.000192518229596, "var": 0.000380088429665, "min": 9.9150585735e-21, "dmean": 0.00858943723142, "mean": 0.031373295933, "max": 0.1046359092, "dmean2": 0.0129087744281, "median": 0.0311060324311, "dvar": 9.04162807274e-05}, "spectral_spread": {"dvar2": 1584973479940.0, "var": 73800313995300.0, "min": 1545912.375, "dmean": 614577.75, "mean": 5244272, "max": 42792768, "dmean2": 975376, "median": 2971364.75, "dvar": 811166400512}, "spectral_energyband_low": {"dvar2": 6.926729111e-05, "var": 0.000112801433716, "min": 7.25204090019e-24, "dmean": 0.00411648536101, "mean": 0.00992639083415, "max": 0.0667901039124, "dmean2": 0.00630812160671, "median": 0.006484427955, "dvar": 3.04010718537e-05}, "spectral_rolloff": {"dvar2": 386479.71875, "var": 16011128, "min": 21.533203125, "dmean": 276.226013184, "mean": 2340.44458008, "max": 20068.9453125, "dmean2": 450.888458252, "median": 1528.85742188, "dvar": 212918.46875}, "barkbands": {"dvar2": [4.4093010132e-08, 3.53469258698e-05, 1.80945935426e-05, 2.62875596491e-06, 7.02792112861e-06, 2.28705957852e-05, 1.47096661749e-05, 5.29118278791e-06, 7.49199580241e-06, 4.6203290367e-06, 2.74890271612e-06, 1.00332445072e-05, 6.33250783721e-06, 6.72938222124e-06, 5.07040022057e-06, 2.75960928775e-06, 8.50244873618e-07, 1.84078785992e-07, 4.08961717824e-08, 3.04943306162e-08, 3.03716554129e-08, 1.50996086745e-08, 7.80980169424e-09, 1.47983429954e-08, 1.43149785359e-08, 2.25165996959e-09, 3.11410931764e-11], "var": [1.27244454973e-08, 2.52516874752e-05, 2.42111836997e-05, 5.68255336475e-06, 8.85142162588e-06, 7.9506644397e-06, 1.40072752401e-05, 4.11231985709e-06, 5.12853921464e-06, 3.28956843987e-06, 1.57762929121e-06, 8.71489373822e-06, 5.28418695467e-06, 5.43330679648e-06, 4.24206427851e-06, 1.3506543155e-06, 2.97705270214e-07, 9.80357484082e-08, 2.79695804295e-08, 1.85275883524e-08, 1.4590403552e-08, 6.55281162665e-09, 2.73285682972e-09, 3.99194632905e-09, 3.41385875124e-09, 5.77632885967e-10, 6.90078723331e-12], "min": [2.0312658015e-25, 7.91748037527e-25, 1.38944506845e-24, 2.25220774517e-25, 4.5021471208e-24, 5.1915614593e-24, 7.26110570085e-24, 4.09027219256e-24, 5.9492576256e-24, 6.73446294938e-24, 8.55480603097e-24, 1.12516729747e-23, 1.23311888916e-23, 2.19266034308e-23, 4.34086553425e-23, 4.83084502851e-23, 6.64927196696e-23, 6.17928063032e-23, 1.1106674345e-22, 1.42643835744e-22, 2.17564429781e-22, 2.74268458468e-22, 3.59490932216e-22, 5.35029750215e-22, 7.7804071234e-22, 1.24090834471e-21, 1.75603658579e-21], "dmean": [6.91502064001e-05, 0.00251785083674, 0.00177308788989, 0.000758701644372, 0.00125954777468, 0.00169598916546, 0.0017113906797, 0.000713147572242, 0.000797328422777, 0.000844432855956, 0.00059825606877, 0.00110182468779, 0.000969258020632, 0.00100514281075, 0.000866542046424, 0.000566763454117, 0.000284578040009, 0.000185479002539, 9.35020652832e-05, 8.13479928183e-05, 7.37314403523e-05, 4.83115582028e-05, 2.95376612485e-05, 2.97648184642e-05, 2.39686632995e-05, 1.0425691471e-05, 1.03690069864e-06], "mean": [6.59289507894e-05, 0.00407272065058, 0.00413871975616, 0.00215614121407, 0.00299881398678, 0.00200115516782, 0.00274324999191, 0.00109380390495, 0.00132836808916, 0.00133043527603, 0.000902961881366, 0.00156574836001, 0.0016694762744, 0.00179121945985, 0.00153087964281, 0.000797445653006, 0.000373591523385, 0.000282623717794, 0.000153636850882, 0.00013210150064, 9.84780490398e-05, 6.11393188592e-05, 2.99771018035e-05, 2.67015620921e-05, 1.84593609447e-05, 8.5037881945e-06, 9.3952246516e-07], "max": [0.00154227053281, 0.0383745543659, 0.033129490912, 0.0157005414367, 0.0183089822531, 0.0252326019108, 0.0451543293893, 0.0337289310992, 0.0483667626977, 0.0318567752838, 0.0143912350759, 0.0571159757674, 0.0320034399629, 0.0264024212956, 0.0243191178888, 0.013696369715, 0.00820145942271, 0.00420502806082, 0.0013912122231, 0.00112072273623, 0.00113219069317, 0.000876278791111, 0.0007184164715, 0.00117159995716, 0.00172146467958, 0.000380834506359, 8.60649088281e-05], "dmean2": [0.000127313571284, 0.00415397481993, 0.00271427654661, 0.00107805989683, 0.00199209409766, 0.00299933785573, 0.00275318743661, 0.00118052202743, 0.00125933834352, 0.00136544171255, 0.000985225662589, 0.00174984731711, 0.00156025029719, 0.00161372520961, 0.00136150047183, 0.000915325363167, 0.000460213719634, 0.000288053590339, 0.000147257291246, 0.000128308383864, 0.000118549658509, 7.72825369495e-05, 4.85098462377e-05, 4.99862871948e-05, 4.15712820541e-05, 1.79351263796e-05, 1.83958081834e-06], "median": [2.59140470007e-05, 0.00204312219284, 0.00236719823442, 0.00132118770853, 0.00205930229276, 0.00100212870166, 0.00161722698249, 0.000523559690919, 0.00063518632669, 0.000798427383415, 0.000511287711561, 0.000775709864683, 0.000968001491856, 0.001009904081, 0.000881302403286, 0.000446845748229, 0.000224545641686, 0.000185165685252, 0.00010037834727, 8.93910910236e-05, 5.48126918147e-05, 3.22162341035e-05, 1.15327629828e-05, 7.49620267015e-06, 3.08785456582e-06, 1.86646184375e-06, 3.52320540742e-07], "dvar": [1.2972658503e-08, 1.23218105728e-05, 8.2286342149e-06, 1.29644502067e-06, 2.83914368993e-06, 8.2395690697e-06, 6.1431010181e-06, 2.06082972909e-06, 2.89915874419e-06, 1.98923726202e-06, 1.05570200049e-06, 4.62364687337e-06, 2.5200440632e-06, 2.84213797386e-06, 2.23668098442e-06, 1.14371755444e-06, 3.26059762301e-07, 7.4374270298e-08, 1.70158429569e-08, 1.23199264124e-08, 1.18686243056e-08, 5.92923665721e-09, 3.07194425453e-09, 5.48276357648e-09, 5.22028331673e-09, 8.36088698275e-10, 1.11318662621e-11]}, "melbands_skewness": {"dvar2": 2.39462471008, "var": 4.89427232742, "min": -1.16365838051, "dmean": 0.565202355385, "mean": 1.59940946102, "max": 48.9865379333, "dmean2": 0.865840613842, "median": 1.34010267258, "dvar": 1.03483772278}, "barkbands_skewness": {"dvar2": 4.07259464264, "var": 3.7998714447, "min": -2.19022870064, "dmean": 0.486123770475, "mean": 0.750168085098, "max": 41.6127243042, "dmean2": 0.758171021938, "median": 0.671715676785, "dvar": 1.39771747589}, "erbbands": {"dvar2": [0.00301192421466, 2.75797772408, 22.3160800934, 28.8131332397, 46.31690979, 86.9381332397, 308.71194458, 2403.21606445, 2718.12695312, 5269.33691406, 2049.34375, 2839.28637695, 5522.43603516, 3213.78857422, 6932.39794922, 17912.609375, 9970.12890625, 18011.2773438, 14463.1660156, 11672.1240234, 5523.83691406, 2584.61572266, 700.408508301, 166.968856812, 97.9377441406, 71.7979812622, 53.5927505493, 48.3225784302, 21.4694862366, 11.0940485001, 6.10823392868, 4.73676776886, 5.37386417389, 3.07647776604, 0.376431554556, 0.0945402905345, 0.00395527202636, 5.78835715714e-05, 7.37869072509e-07, 5.13164133409e-09], "var": [0.00384979811497, 2.04644083977, 30.2887172699, 68.1493148804, 66.6037521362, 78.1338195801, 184.866088867, 787.942993164, 1266.38037109, 4815.98925781, 2047.48742676, 2311.99145508, 4728.05078125, 2067.38232422, 4524.76513672, 13705.7607422, 9918.88085938, 16776.8574219, 14496.5751953, 7788.59570312, 2544.18383789, 932.041015625, 361.47479248, 104.656288147, 72.7951583862, 42.7638816833, 26.3031654358, 23.1875209808, 9.05997371674, 3.89884328842, 2.08201932907, 1.46980214119, 1.32613289356, 0.726573944092, 0.0906682536006, 0.0238241981715, 0.00102347927168, 1.48422159327e-05, 1.68605637896e-07, 1.72347491834e-09], "min": [4.38741779399e-23, 2.27302229769e-22, 1.86897157906e-21, 3.07685580814e-21, 4.58054737714e-21, 2.17672384323e-20, 2.86136831154e-20, 4.09996885062e-20, 9.63139636947e-20, 1.32353705996e-19, 1.84343442136e-19, 2.03602481543e-19, 4.13201608937e-19, 3.90133325261e-19, 7.43265465855e-19, 7.2797808246e-19, 1.25325886454e-18, 1.58019383324e-18, 2.66587655562e-18, 3.09100954696e-18, 3.38059141735e-18, 4.11802603537e-18, 4.38131721075e-18, 6.62705880709e-18, 5.78574622737e-18, 7.03172176661e-18, 8.65488504773e-18, 8.14948348373e-18, 9.5870100646e-18, 9.97414796207e-18, 9.74715967582e-18, 9.753329616e-18, 9.64740003958e-18, 7.61195339755e-18, 5.4736443648e-18, 3.76338392826e-18, 1.79098830124e-18, 9.23187330349e-19, 2.49319526153e-19, 2.55991138458e-20], "dmean": [0.0247329231352, 0.710205674171, 2.08618044853, 2.45158338547, 3.0828742981, 4.1263589859, 7.58164310455, 16.5996932983, 20.8135051727, 29.1414089203, 12.7606868744, 16.9575958252, 21.9931945801, 24.1785106659, 26.3697319031, 45.9746131897, 38.6054801941, 52.5187644958, 44.7933692932, 39.5330581665, 26.4733772278, 15.8185424805, 11.2276449203, 5.8585896492, 4.55995464325, 3.808198452, 3.09420895576, 2.8464922905, 1.80741894245, 1.14856863022, 0.79779368639, 0.604594945908, 0.514535427094, 0.346632540226, 0.123953543603, 0.0662504732609, 0.0137124797329, 0.0017084761057, 0.000167120291735, 1.92663537746e-05], "mean": [0.0536896884441, 1.14869523048, 4.32531499863, 7.65923643112, 7.6880197525, 8.61255645752, 11.7484960556, 18.605764389, 30.4068202972, 45.0306396484, 23.3474330902, 28.4699687958, 36.8523864746, 40.5848999023, 44.5193481445, 69.4671173096, 72.0265350342, 98.4324264526, 84.1015701294, 66.0871429443, 37.3140869141, 21.9449691772, 17.0818920135, 9.57553482056, 7.76404714584, 6.13187170029, 4.21971988678, 3.91167736053, 2.33045625687, 1.23638021946, 0.805041134357, 0.599176824093, 0.416075289249, 0.266926676035, 0.0957077145576, 0.0523398406804, 0.0117512503639, 0.00151678617112, 0.000168155107531, 4.65842967969e-05], "max": [0.370059400797, 11.3224411011, 41.4139022827, 49.0204963684, 65.1929473877, 68.0229949951, 111.605537415, 255.642333984, 410.849487305, 845.428527832, 783.461425781, 902.030273438, 1028.30737305, 707.466125488, 987.820617676, 2560.20019531, 1753.19702148, 1575.94555664, 1798.20031738, 953.854553223, 611.97467041, 445.009399414, 266.016601562, 98.6739120483, 91.3564147949, 56.8874168396, 49.9679107666, 65.1656951904, 31.335319519, 32.165473938, 22.794878006, 22.6581306458, 21.1050682068, 22.4851493835, 9.03565406799, 2.92349529266, 0.595098018646, 0.076269723475, 0.0123718911782, 0.00105721503496], "dmean2": [0.0397250428796, 1.16653692722, 3.22602057457, 3.50882673264, 4.6814866066, 6.74312782288, 12.463010788, 29.6899051666, 35.4798851013, 46.317440033, 20.4464321136, 27.1501731873, 33.9133491516, 39.6801261902, 43.0563583374, 73.3499984741, 62.0191345215, 83.5619430542, 69.283454895, 63.2112312317, 42.5738372803, 25.1861133575, 17.5213088989, 9.1219367981, 7.15418624878, 6.01788282394, 4.9484577179, 4.6051864624, 2.90499448776, 1.86773002148, 1.31240785122, 0.997206568718, 0.882829189301, 0.601677119732, 0.215602576733, 0.11457490176, 0.0235817693174, 0.00295846629888, 0.000294954137644, 3.1080107874e-05], "median": [0.0289130955935, 0.577597618103, 2.25245404243, 5.002846241, 4.99090385437, 5.65228271484, 7.07976293564, 8.4543428421, 18.5935916901, 22.5123596191, 12.9463434219, 13.5561800003, 20.309841156, 27.2652053833, 25.7925643921, 39.7922859192, 45.0940704346, 56.7793655396, 49.2546195984, 38.7958183289, 21.9773635864, 13.7289619446, 11.2425947189, 6.45047616959, 5.02959346771, 4.02828168869, 2.37601876259, 2.31886768341, 1.2753944397, 0.550273656845, 0.306326031685, 0.200169697404, 0.092028722167, 0.0453751906753, 0.0165626574308, 0.0102085666731, 0.00295178825036, 0.000469795544632, 7.52060223022e-05, 4.26411788794e-05], "dvar": [0.00110782822594, 0.977376997471, 10.288977623, 14.6332893372, 19.8856372833, 32.9625778198, 117.513694763, 862.906494141, 1008.70782471, 2220.43237305, 833.507629395, 1124.6965332, 2661.25488281, 1247.95349121, 2680.11035156, 7918.93896484, 3994.19433594, 7860.65966797, 6690.11035156, 4974.01269531, 2286.38452148, 995.320922852, 283.727325439, 70.8643035889, 40.4197044373, 28.8402576447, 21.1636295319, 18.9395599365, 8.35202217102, 4.33169746399, 2.38119840622, 1.7886557579, 1.9712369442, 1.11823010445, 0.137880563736, 0.0350234769285, 0.0014671892859, 2.14909505303e-05, 2.65459902948e-07, 1.86382753675e-09]}, "silence_rate_30dB": {"dvar2": 0, "var": 0, "min": 1, "dmean": 0, "mean": 1, "max": 1, "dmean2": 0, "median": 1, "dvar": 0}, "melbands_spread": {"dvar2": 88.8116760254, "var": 695.300354004, "min": 0.13913474977, "dmean": 6.33383703232, "mean": 30.8916854858, "max": 167.062774658, "dmean2": 9.95110225677, "median": 25.348690033, "dvar": 39.6695671082}, "melbands_crest": {"dvar2": 17.7300319672, "var": 25.2960681915, "min": 1.49816417694, "dmean": 2.74882102013, "mean": 10.5987539291, "max": 39.6989440918, "dmean2": 4.48522853851, "median": 9.89194297791, "dvar": 6.88495969772}, "zerocrossingrate": {"dvar2": 0.000184006377822, "var": 0.0107363145798, "min": 0, "dmean": 0.00704890070483, "mean": 0.0741987079382, "max": 0.52978515625, "dmean2": 0.00909783691168, "median": 0.05078125, "dvar": 0.000102867998066}, "barkbands_kurtosis": {"dvar2": 11018.0478516, "var": 4575.21533203, "min": -1.66944515705, "dmean": 4.32143735886, "mean": 4.27446603775, "max": 2164.53222656, "dmean2": 7.50891923904, "median": 0.0449259281158, "dvar": 3510.765625}, "spectral_flux": {"dvar2": 0.00122805195861, "var": 0.00220164400525, "min": 6.24303386765e-11, "dmean": 0.0264408700168, "mean": 0.0871953517199, "max": 0.257571458817, "dmean2": 0.0383099354804, "median": 0.0824053883553, "dvar": 0.00066555547528}, "barkbands_crest": {"dvar2": 9.75165271759, "var": 8.10994148254, "min": 2.33270120621, "dmean": 1.88819479942, "mean": 7.08317136765, "max": 26.8105678558, "dmean2": 3.14379048347, "median": 6.52937746048, "dvar": 3.43383073807}, "barkbands_flatness_db": {"dvar2": 0.00094316812465, "var": 0.00164410646539, "min": 0.0288147442043, "dmean": 0.0211085248739, "mean": 0.12467829138, "max": 0.510550677776, "dmean2": 0.0312909185886, "median": 0.121441677213, "dvar": 0.000431092164945}, "spectral_entropy": {"dvar2": 0.0565148331225, "var": 0.347739964724, "min": 6.38315820694, "dmean": 0.174068301916, "mean": 7.63538169861, "max": 9.8212146759, "dmean2": 0.244860976934, "median": 7.53698539734, "dvar": 0.0273126214743}, "pitch_salience": {"dvar2": 0.00890002027154, "var": 0.0119620002806, "min": 0.0251391548663, "dmean": 0.0663558021188, "mean": 0.62862443924, "max": 0.854276001453, "dmean2": 0.107435487211, "median": 0.638002693653, "dvar": 0.00347125367261}, "erbbands_spread": {"dvar2": 75.074256897, "var": 103.029273987, "min": 4.62583589554, "dmean": 5.245657444, "mean": 26.0175380707, "max": 155.776199341, "dmean2": 8.36186122894, "median": 24.697221756, "dvar": 31.6314983368}, "dynamic_complexity": 2.7259349823, "spectral_contrast_valleys": {"dvar2": [0.329655379057, 0.312329828739, 0.24469897151, 0.232967615128, 0.269741863012, 0.45454826951], "var": [22.3608207703, 23.617816925, 22.8606891632, 22.5733013153, 21.1509857178, 15.3037385941], "min": [-28.4195346832, -28.2846603394, -27.8752250671, -27.780916214, -27.6375198364, -27.4791297913], "dmean": [0.412284076214, 0.400904506445, 0.354268342257, 0.334732681513, 0.386385291815, 0.525626182556], "mean": [-8.28880500793, -7.53268098831, -7.79864168167, -7.9589676857, -8.60717773438, -11.5909357071], "max": [-5.50005483627, -4.49858999252, -4.89100837708, -5.11529064178, -5.8617143631, -8.00768852234], "dmean2": [0.644084572792, 0.643006026745, 0.543307363987, 0.512885034084, 0.522872030735, 0.714762747288], "median": [-6.92188167572, -6.28533554077, -6.59733629227, -6.76046705246, -7.47409105301, -10.7572050095], "dvar": [0.16795758903, 0.150468230247, 0.132711872458, 0.129543215036, 0.150891661644, 0.262226015329]}, "hfc": {"dvar2": 263.755126953, "var": 293.044891357, "min": 1.05362090819e-16, "dmean": 8.57932567596, "mean": 23.1309242249, "max": 100.557731628, "dmean2": 12.425409317, "median": 19.6790542603, "dvar": 121.87437439}, "spectral_kurtosis": {"dvar2": 15.8637304306, "var": 14.2584524155, "min": -1.28360104561, "dmean": 2.46628689766, "mean": 6.69708967209, "max": 33.457069397, "dmean2": 4.13693904877, "median": 6.22899436951, "dvar": 5.88130807877}, "mfcc": {"mean": [-658.62689209, 142.904678345, -29.635175705, 11.7294549942, 3.48314070702, 13.1363134384, -2.33229279518, -3.41210579872, -0.65011203289, 1.6506203413, 0.623912394047, 1.57819771767, -0.957142651081], "cov": [[19594.5625, 4245.15185547, -1023.81951904, 387.307220459, -6.06096506119, 365.535766602, -170.203414917, -96.9400024414, -67.7078933716, -26.1278457642, -21.9511852264, 40.1373558044, -77.6837081909], [4245.15185547, 1933.84899902, -372.61138916, 254.303482056, 83.6248779297, 194.916030884, 14.048830986, 2.71183085442, 7.86011791229, 25.9148578644, -12.2717733383, -33.9960670471, -42.0644989014], [-1023.81951904, -372.61138916, 494.730010986, 59.2230873108, 167.784240723, 57.3814353943, 80.5153961182, 77.2305603027, 21.7720737457, -2.41400003433, -13.5092887878, -11.469004631, 9.0423078537], [387.307220459, 254.303482056, 59.2230873108, 193.048980713, 83.3146133423, 95.9620666504, 30.8081684113, 30.3789329529, 21.8878955841, 6.99295568466, -9.10706520081, -6.55432319641, -10.7474594116], [-6.06096506119, 83.6248779297, 167.784240723, 83.3146133423, 190.268997192, 89.3003768921, 47.200553894, 42.5280265808, 24.877702713, 14.4350252151, -20.4483680725, -23.059715271, -2.17584824562], [365.535766602, 194.916030884, 57.3814353943, 95.9620666504, 89.3003768921, 132.725646973, 43.4687690735, 22.942987442, 23.4009742737, 13.869758606, -9.63517379761, -14.9696912766, -15.8547506332], [-170.203414917, 14.048830986, 80.5153961182, 30.8081684113, 47.200553894, 43.4687690735, 99.8123168945, 50.7604141235, -0.223354384303, 2.6803355217, -5.19356203079, -5.46161079407, 3.09619283676], [-96.9400024414, 2.71183085442, 77.2305603027, 30.3789329529, 42.5280265808, 22.942987442, 50.7604141235, 93.4813461304, 20.8845329285, -1.94402170181, -5.93904924393, -5.71126937866, 5.64820480347], [-67.7078933716, 7.86011791229, 21.7720737457, 21.8878955841, 24.877702713, 23.4009742737, -0.223354384303, 20.8845329285, 64.3780136108, 21.5630474091, -2.42054271698, -7.72507715225, -7.65251922607], [-26.1278457642, 25.9148578644, -2.41400003433, 6.99295568466, 14.4350252151, 13.869758606, 2.6803355217, -1.94402170181, 21.5630474091, 54.1739654541, 15.3173789978, 0.963028788567, -4.10966777802], [-21.9511852264, -12.2717733383, -13.5092887878, -9.10706520081, -20.4483680725, -9.63517379761, -5.19356203079, -5.93904924393, -2.42054271698, 15.3173789978, 53.6131057739, 20.1897830963, -0.551252007484], [40.1373558044, -33.9960670471, -11.469004631, -6.55432319641, -23.059715271, -14.9696912766, -5.46161079407, -5.71126937866, -7.72507715225, 0.963028788567, 20.1897830963, 53.9619827271, 19.0189151764], [-77.6837081909, -42.0644989014, 9.0423078537, -10.7474594116, -2.17584824562, -15.8547506332, 3.09619283676, 5.64820480347, -7.65251922607, -4.10966777802, -0.551252007484, 19.0189151764, 52.6513519287]], "icov": [[0.000108426618681, -0.000251070829108, -2.40400186158e-05, 0.000133433029987, 6.81781602907e-05, -0.00018663344963, 0.000270792108495, -7.36031215638e-05, 0.000116227194667, 0.00010438526806, 9.11585084395e-05, -0.000268524832791, 5.23366979905e-05], [-0.000251070829108, 0.00158328469843, 0.00127356033772, -0.00130126206204, -0.000814703758806, -0.000412096065702, -0.00057165970793, -0.000188846461242, 0.000291836768156, -0.000346984859789, -0.00034383853199, 0.000940853438806, -2.18649893213e-05], [-2.40400186158e-05, 0.00127356033772, 0.00474344938993, -0.00111488555558, -0.0038099703379, 8.10932215245e-06, -0.00134986499324, -0.00120912084822, 0.000128262880025, 0.00092258915538, -0.000703474623151, 4.63029864477e-05, 6.0441900132e-05], [0.000133433029987, -0.00130126206204, -0.00111488555558, 0.00966489035636, -0.000603560823947, -0.00483830086887, 0.00119022582658, -0.00119072175585, -0.000688303436618, 0.000901149294805, 0.000518311106134, -0.00212172977626, 0.000639577920083], [6.81781602907e-05, -0.000814703758806, -0.0038099703379, -0.000603560823947, 0.0122058270499, -0.0046675093472, 0.000612306641415, -0.000951726105995, -1.47067758007e-05, -0.00265863817185, 0.00245783734135, 0.00220806244761, -0.0018357130466], [-0.00018663344963, -0.000412096065702, 8.10932215245e-06, -0.00483830086887, -0.0046675093472, 0.0177834574133, -0.00588092766702, 0.00297586014494, -0.00356595683843, -0.000565661699511, 6.02150939812e-05, 0.000412192777731, 0.00288447388448], [0.000270792108495, -0.00057165970793, -0.00134986499324, 0.00119022582658, 0.000612306641415, -0.00588092766702, 0.0182848311961, -0.00906677078456, 0.00602571060881, -0.00238286936656, 0.000883533852175, -0.000401319295634, -0.000586587295402], [-7.36031215638e-05, -0.000188846461242, -0.00120912084822, -0.00119072175585, -0.000951726105995, 0.00297586014494, -0.00906677078456, 0.0184951405972, -0.00743961939588, 0.00384821044281, -0.00106024183333, 0.000972031848505, -0.00203214259818], [0.000116227194667, 0.000291836768156, 0.000128262880025, -0.000688303436618, -1.47067758007e-05, -0.00356595683843, 0.00602571060881, -0.00743961939588, 0.0231325197965, -0.00945715792477, 0.00267249718308, 0.000631090661045, 0.00203544320539], [0.00010438526806, -0.000346984859789, 0.00092258915538, 0.000901149294805, -0.00265863817185, -0.000565661699511, -0.00238286936656, 0.00384821044281, -0.00945715792477, 0.0258581582457, -0.00851140171289, 0.00032698357245, -0.000214017301914], [9.11585084395e-05, -0.00034383853199, -0.000703474623151, 0.000518311106134, 0.00245783734135, 6.02150939812e-05, 0.000883533852175, -0.00106024183333, 0.00267249718308, -0.00851140171289, 0.0256965067238, -0.00973839405924, 0.00377875193954], [-0.000268524832791, 0.000940853438806, 4.63029864477e-05, -0.00212172977626, 0.00220806244761, 0.000412192777731, -0.000401319295634, 0.000972031848505, 0.000631090661045, 0.00032698357245, -0.00973839405924, 0.0273887105286, -0.00982903689146], [5.23366979905e-05, -2.18649893213e-05, 6.0441900132e-05, 0.000639577920083, -0.0018357130466, 0.00288447388448, -0.000586587295402, -0.00203214259818, 0.00203544320539, -0.000214017301914, 0.00377875193954, -0.00982903689146, 0.0240871906281]]}, "silence_rate_20dB": {"dvar2": 0, "var": 0, "min": 1, "dmean": 0, "mean": 1, "max": 1, "dmean2": 0, "median": 1, "dvar": 0}, "melbands_kurtosis": {"dvar2": 11906.4628906, "var": 9097.31445312, "min": -1.62150502205, "dmean": 5.86641216278, "mean": 8.88390541077, "max": 3370.89672852, "dmean2": 9.86827945709, "median": 1.62960100174, "dvar": 4355.97021484}, "barkbands_spread": {"dvar2": 38.3668022156, "var": 35.2743911743, "min": 0.212026581168, "dmean": 3.88321304321, "mean": 19.4650421143, "max": 61.4209861755, "dmean2": 6.17214345932, "median": 19.2806510925, "dvar": 14.906747818}, "erbbands_skewness": {"dvar2": 0.169876202941, "var": 0.230200544, "min": -1.97177696228, "dmean": 0.305003643036, "mean": -0.207292705774, "max": 1.95923137665, "dmean2": 0.481895387173, "median": -0.20862723887, "dvar": 0.0746026337147}, "average_loudness": 0.922470808029, "spectral_centroid": {"dvar2": 134690.90625, "var": 5151547.5, "min": 336.998962402, "dmean": 196.985656738, "mean": 1723.64550781, "max": 11853.6904297, "dmean2": 298.502838135, "median": 1207.16687012, "dvar": 68334.3515625}, "dissonance": {"dvar2": 0.000555103586521, "var": 0.000356498960173, "min": 0.326347887516, "dmean": 0.0160774867982, "mean": 0.474083691835, "max": 0.500000298023, "dmean2": 0.0275496467948, "median": 0.477772653103, "dvar": 0.000201288828976}, "erbbands_flatness_db": {"dvar2": 0.000757856061682, "var": 0.00170046754647, "min": 0.0126695325598, "dmean": 0.0198393724859, "mean": 0.177302792668, "max": 0.306351661682, "dmean2": 0.0297400690615, "median": 0.178748816252, "dvar": 0.000374411378289}, "spectral_strongpeak": {"dvar2": 2.68726873398, "var": 1.8913410902, "min": 0, "dmean": 0.613347709179, "mean": 0.96207344532, "max": 12.2507228851, "dmean2": 1.05294024944, "median": 0.462670058012, "dvar": 1.08710551262}, "spectral_rms": {"dvar2": 1.23210566016e-06, "var": 4.72742067359e-06, "min": 3.11018138327e-12, "dmean": 0.000731334963348, "mean": 0.0050873006694, "max": 0.0101036541164, "dmean2": 0.00108632654883, "median": 0.00550884287804, "dvar": 5.91211460232e-07}, "silence_rate_60dB": {"dvar2": 0.0123992301524, "var": 0.0920078828931, "min": 0, "dmean": 0.00506756734103, "mean": 0.102516464889, "max": 1, "dmean2": 0.0101368473843, "median": 0, "dvar": 0.00504170032218}, "melbands": {"dvar2": [1.13526266432e-06, 5.33431557415e-06, 7.17173236353e-07, 3.52907932211e-07, 3.20834658396e-07, 1.18345690225e-06, 5.6763781231e-07, 4.73179056826e-07, 1.07902721425e-07, 1.55063389684e-07, 1.36556678854e-07, 6.20446627408e-08, 6.68172717155e-08, 1.69328203015e-07, 6.74230093978e-08, 7.9050700208e-08, 7.56250315703e-08, 4.57599007575e-08, 2.74945612944e-08, 1.84790458491e-08, 7.27463556061e-09, 3.64552277254e-09, 9.48623513075e-10, 3.94109078705e-10, 1.1075294154e-10, 6.58981341717e-11, 4.7688242244e-11, 3.43247756607e-11, 2.43979975112e-11, 1.76560970705e-11, 1.91628310442e-11, 7.86910554079e-12, 5.3010131007e-12, 3.12445533855e-12, 2.17054868003e-12, 2.00457293993e-12, 1.92413749864e-12, 2.39433147788e-12, 3.8912480009e-12, 1.76477116341e-12], "var": [9.22970968986e-07, 6.63778337184e-06, 1.68931671851e-06, 4.37164175082e-07, 1.94339378368e-07, 3.87082252473e-07, 3.42725058999e-07, 4.16663311853e-07, 1.04958054692e-07, 1.06218735141e-07, 1.18452895492e-07, 3.96794952451e-08, 3.89844565518e-08, 1.45970915355e-07, 4.58391369307e-08, 5.41344356009e-08, 6.95123958394e-08, 4.76633061908e-08, 1.93900042689e-08, 8.58997317721e-09, 3.30306781926e-09, 1.22353516208e-09, 4.31799346279e-10, 2.12491912954e-10, 6.55658097259e-11, 4.37560196409e-11, 3.23936398539e-11, 1.91896290525e-11, 1.14333863557e-11, 8.65389964549e-12, 9.21579826341e-12, 3.52620601989e-12, 1.80761514697e-12, 1.07569194437e-12, 7.31325915625e-13, 6.47392675492e-13, 5.5078825615e-13, 5.96158918672e-13, 9.03116123552e-13, 4.17175273276e-13], "min": [6.30244741616e-25, 6.94172846084e-25, 8.45073259782e-25, 9.62450536276e-25, 1.08537370215e-24, 1.03596093416e-24, 1.52793522099e-24, 1.35067334382e-24, 1.51088576746e-24, 1.0836413636e-24, 1.76534646029e-24, 1.35946007101e-24, 1.6572105907e-24, 1.50485798268e-24, 3.11728760219e-24, 1.98735795143e-24, 2.73923094374e-24, 3.67031065119e-24, 3.47940907314e-24, 3.57233294347e-24, 2.92165285871e-24, 3.71622432802e-24, 2.12080501482e-24, 2.79019964126e-24, 4.1359709048e-24, 4.00572444732e-24, 4.06271530899e-24, 3.34705832919e-24, 4.24260162779e-24, 4.32503207036e-24, 4.34466287399e-24, 4.52945393547e-24, 4.74487291602e-24, 5.02251566706e-24, 4.60726480857e-24, 5.59927475183e-24, 5.17140487988e-24, 5.3752130112e-24, 6.28788800208e-24, 5.57567440013e-24], "dmean": [0.000458754104329, 0.00107310304884, 0.000395173876313, 0.000269689888228, 0.000246259820415, 0.000369623623556, 0.000322123989463, 0.000280790176475, 0.000100341603684, 0.000113430018246, 0.000113753150799, 0.00010607810691, 8.86184061528e-05, 0.000127571285702, 0.000104412101791, 9.79000033112e-05, 0.000101081153844, 7.74734144215e-05, 6.23651212663e-05, 4.43058779638e-05, 3.04102704831e-05, 1.74086871993e-05, 1.21340008263e-05, 8.58328075992e-06, 4.6023392315e-06, 3.6354670101e-06, 3.14827707371e-06, 2.54612723438e-06, 2.05089258998e-06, 1.77206209173e-06, 1.70326768512e-06, 1.10658709218e-06, 7.88303111676e-07, 5.96624886384e-07, 4.72968110898e-07, 4.18282581904e-07, 3.55140542752e-07, 3.50683222905e-07, 3.8780146383e-07, 2.60568214117e-07], "mean": [0.000828548974823, 0.00211341539398, 0.00124414276797, 0.000634492258541, 0.000395677838242, 0.000413285830291, 0.000501012604218, 0.000442356191343, 0.000175613749889, 0.000184796284884, 0.000189751488506, 0.000168972750544, 0.000137454859214, 0.000187442667084, 0.000162180658663, 0.000166607584106, 0.000180721646757, 0.000135443144245, 0.000104511302197, 6.43223902443e-05, 4.02430559916e-05, 2.28848894039e-05, 1.77514903044e-05, 1.27809144033e-05, 7.13892541171e-06, 5.85044153922e-06, 5.08851371706e-06, 3.81786867365e-06, 2.70036298389e-06, 2.32116235566e-06, 2.2545552838e-06, 1.42511134982e-06, 8.57578072555e-07, 6.18811100139e-07, 4.66539120225e-07, 4.2517200427e-07, 3.36043399329e-07, 2.85698234848e-07, 2.93053432188e-07, 1.99798691369e-07], "max": [0.00597698194906, 0.0193343181163, 0.008390779607, 0.00484838988632, 0.00368036376312, 0.00545793492347, 0.00569374160841, 0.00734736677259, 0.00529849808663, 0.00722087454051, 0.00540243415162, 0.00270409625955, 0.00262326002121, 0.00760509492829, 0.00427145091817, 0.0028849975206, 0.00338365370408, 0.00349606131203, 0.0016300213756, 0.00119380978867, 0.000828607473522, 0.000610571762081, 0.000277856161119, 0.000160422714544, 9.27205619519e-05, 7.83239229349e-05, 6.53013557894e-05, 4.58744398202e-05, 3.23928470607e-05, 3.02132866636e-05, 5.17815024068e-05, 2.1192474378e-05, 2.13973198697e-05, 1.56046826305e-05, 1.33559560709e-05, 1.61211519298e-05, 1.48994849951e-05, 1.53660785145e-05, 2.53287562373e-05, 1.66957379406e-05], "dmean2": [0.000753882224672, 0.00168437103275, 0.000570492295083, 0.000421673408709, 0.000406289385865, 0.000661210564431, 0.000538763531949, 0.000449330400443, 0.000160228999448, 0.000181419061846, 0.000175510256668, 0.000174633489223, 0.000146003760165, 0.000201010305318, 0.000169964594534, 0.000157683374709, 0.000161440242664, 0.0001208665999, 9.93105495581e-05, 7.1834307164e-05, 4.90854472446e-05, 2.82366800093e-05, 1.92182742467e-05, 1.34869042085e-05, 7.27735687178e-06, 5.79008474233e-06, 4.984883617e-06, 4.06936123909e-06, 3.31550904775e-06, 2.85975875158e-06, 2.76544551525e-06, 1.78143977791e-06, 1.29557031414e-06, 9.76826299848e-07, 7.83716529895e-07, 6.91944649134e-07, 5.9254551843e-07, 6.03724572557e-07, 6.75179023801e-07, 4.53393482758e-07], "median": [0.000453033484519, 0.00117604085244, 0.000868388218805, 0.000411746586906, 0.000251278426731, 0.000186213845154, 0.000313214201014, 0.000230338191614, 8.79279759829e-05, 8.75447876751e-05, 0.000105652376078, 0.000108433057903, 7.64039941714e-05, 9.01512539713e-05, 9.8320786492e-05, 9.62142294156e-05, 9.29312082008e-05, 6.83327161823e-05, 5.98722799623e-05, 3.71682435798e-05, 2.17704000534e-05, 1.37481620186e-05, 1.159005933e-05, 8.11926111055e-06, 4.60788896817e-06, 3.63737808584e-06, 3.35372487825e-06, 2.35899415202e-06, 1.44899513543e-06, 1.25537815165e-06, 1.25719770949e-06, 7.60701595937e-07, 3.85716106166e-07, 2.49076407499e-07, 1.69298289165e-07, 1.57256380362e-07, 1.02748522579e-07, 6.37072972154e-08, 4.83211763935e-08, 3.28687264073e-08], "dvar": [3.94210900367e-07, 2.28379371947e-06, 3.65107041489e-07, 1.44526580925e-07, 1.20948385529e-07, 4.25720486419e-07, 2.1668199679e-07, 1.95970443428e-07, 4.37923119989e-08, 6.01787348842e-08, 6.62233929916e-08, 2.42457947053e-08, 2.53114471604e-08, 7.88264244989e-08, 2.65029722613e-08, 3.14014414471e-08, 3.27915401499e-08, 2.12865227667e-08, 1.17220002593e-08, 7.49397965905e-09, 2.95663915573e-09, 1.38537870065e-09, 3.73515302021e-10, 1.61040583646e-10, 4.63973651166e-11, 2.68261576147e-11, 1.92532170762e-11, 1.3669609715e-11, 9.58675673568e-12, 6.90548096136e-12, 7.59248306587e-12, 3.08453002723e-12, 2.04283183251e-12, 1.21825390487e-12, 8.48380827395e-13, 7.5823792774e-13, 7.17788133618e-13, 8.81138423944e-13, 1.40863221695e-12, 6.41519769164e-13]}, "spectral_skewness": {"dvar2": 0.141359776258, "var": 0.290229529142, "min": -0.0921023413539, "dmean": 0.257973521948, "mean": 1.76017928123, "max": 4.31405687332, "dmean2": 0.424974918365, "median": 1.7992657423, "dvar": 0.0546372272074}, "melbands_flatness_db": {"dvar2": 0.00120814924594, "var": 0.00438746577129, "min": 0.00319015188143, "dmean": 0.0261886138469, "mean": 0.183844193816, "max": 0.530889570713, "dmean2": 0.0377584882081, "median": 0.182659178972, "dvar": 0.000651971728075}, "spectral_decrease": {"dvar2": 1.15243464685e-17, "var": 2.35261564759e-17, "min": -2.5993385222e-08, "dmean": 2.11530637451e-09, "mean": -7.75663089314e-09, "max": 1.92925578466e-28, "dmean2": 3.18867665605e-09, "median": -7.73517871977e-09, "dvar": 5.38996181095e-18}, "erbbands_crest": {"dvar