{"metadata": {"tags": {"albumartist": ["Ludacris"], "musicbrainz album status": ["bootleg"], "artist": ["Ludacris"], "musicbrainz_albumid": ["c22b89ae-c8f1-4490-9af7-1c6458dd4710"], "artistsort": ["Ludacris"], "title": ["Behind the Chain (skit)"], "tracknumber": ["10/15"], "musicbrainz_albumartistid": ["0638ba22-040f-438d-83a5-9b670c4adaf5"], "album": ["DTP - Golden Grain (Bootleg)"], "musicbrainz album type": ["album"], "musicbrainz_recordingid": ["a8f45ce0-53c1-4a64-9c46-74eb1b623cc2"], "albumartistsort": ["Ludacris"], "file_name": "10 Behind the Chain (skit).mp3", "musicbrainz_artistid": ["0638ba22-040f-438d-83a5-9b670c4adaf5"]}, "audio_properties": {"sample_rate": 44100, "downmix": "mix", "lossless": false, "analysis_sample_rate": 44100, "md5_encoded": "5a47b02b8987fed4c0a42fcd6addc58d", "equal_loudness": 0, "replay_gain": -5.81185722351, "codec": "mp3", "bit_rate": 128000, "length": 140.826126099}, "version": {"extractor": "music 1.0", "essentia_build_sha": "9f04d4dd351e2d05498f0c7e4880499648f24ac0", "essentia_git_sha": "v2.1_beta1-34-gf95df8b", "essentia": "2.1-beta1"}}, "rhythm": {"beats_loudness_band_ratio": {"dvar2": [0.155412897468, 0.109599068761, 0.102692641318, 0.0660817846656, 0.0704860538244, 0.159053012729], "var": [0.0884576663375, 0.0602393485606, 0.0287592150271, 0.026804542169, 0.016847666353, 0.0525475665927], "min": [0.000181802999577, 3.50680602423e-05, 0.000228505406994, 0.000495011219755, 0.000120402648463, 0.00161144835874], "dmean": [0.288458734751, 0.239581182599, 0.151210799813, 0.148600310087, 0.10919302702, 0.208010286093], "mean": [0.316723436117, 0.255473464727, 0.119908586144, 0.12444331497, 0.070840805769, 0.166862428188], "max": [0.97352129221, 0.913782477379, 0.840378522873, 0.751258552074, 0.70641374588, 0.957648217678], "dmean2": [0.507392287254, 0.420315444469, 0.280625641346, 0.269360810518, 0.208192527294, 0.377191901207], "median": [0.223462715745, 0.161458715796, 0.0510966554284, 0.047513011843, 0.0145097309723, 0.0551568232477], "dvar": [0.0578166916966, 0.0432925969362, 0.0350139923394, 0.024606468156, 0.0246731452644, 0.0553707927465]}, "bpm_histogram_first_peak_weight": {"dvar2": 0, "var": 0, "min": 0.0981132090092, "dmean": 0, "mean": 0.0981132090092, "max": 0.0981132090092, "dmean2": 0, "median": 0.0981132090092, "dvar": 0}, "bpm": 110.225418091, "beats_count": 266, "bpm_histogram_first_peak_spread": {"dvar2": 0, "var": 0, "min": 0.518518507481, "dmean": 0, "mean": 0.518518507481, "max": 0.518518507481, "dmean2": 0, "median": 0.518518507481, "dvar": 0}, "danceability": 1.31681919098, "bpm_histogram_first_peak_bpm": {"dvar2": 0, "var": 0, "min": 110, "dmean": 0, "mean": 110, "max": 110, "dmean2": 0, "median": 110, "dvar": 0}, "beats_position": [0.53405892849, 1.07972788811, 1.64861679077, 2.20589566231, 2.76317453384, 3.44816327095, 4.13315200806, 4.81814050674, 5.51473903656, 6.17650794983, 6.83827638626, 7.4884352684, 8.12698364258, 8.76553249359, 9.24154186249, 9.72916126251, 10.22838974, 10.71600914, 11.2152376175, 11.7260770798, 12.2369155884, 12.7477550507, 13.2585935593, 13.8042631149, 14.3499317169, 14.8956003189, 15.4412698746, 15.9869384766, 16.5209980011, 17.0666656494, 17.600725174, 18.1115646362, 18.6340141296, 19.1564617157, 19.574420929, 19.9923801422, 20.4219493866, 20.8631286621, 21.3043079376, 21.7570972443, 22.2098865509, 22.6626758575, 23.1038551331, 23.5450344086, 23.9862117767, 24.40417099, 24.8337402344, 25.2633094788, 25.7044887543, 26.1340579987, 26.563627243, 27.0164165497, 27.4692058563, 27.9336051941, 28.5024929047, 29.0597724915, 29.6170520782, 30.1627197266, 30.7199993134, 31.2772789001, 31.8229465485, 32.3686180115, 32.9491157532, 33.5296134949, 34.1101112366, 34.690612793, 35.2711105347, 35.8516082764, 36.4321098328, 37.0242156982, 37.5698852539, 38.1039466858, 38.6496124268, 39.2068939209, 39.7641716003, 40.309841156, 40.8555107117, 41.4011802673, 41.9352378845, 42.4576873779, 42.9801368713, 43.50258255, 44.0250320435, 44.5358734131, 45.046710968, 45.5575485229, 46.0567779541, 46.5792274475, 47.0900688171, 47.6009063721, 48.111743927, 48.6225852966, 49.1566429138, 49.7023124695, 50.2479820251, 50.7123794556, 51.1767807007, 51.6295700073, 52.1055755615, 52.5699768066, 53.0459861755, 53.5219955444, 53.9863929749, 54.4624023438, 54.9384117126, 55.4028091431, 55.878818512, 56.3664398193, 56.854057312, 57.3416786194, 57.8176841736, 58.2704734802, 58.7232627869, 59.1644439697, 59.6868934631, 60.1977310181, 60.7317886353, 61.2542381287, 61.7882995605, 62.310749054, 62.8448066711, 63.3788642883, 63.9941940308, 64.6327438354, 65.3873901367, 66.1304321289, 66.8618545532, 67.6165084839, 68.3595428467, 69.1025848389, 69.8340148926, 70.5073928833, 71.1923828125, 71.8773651123, 72.5507507324, 73.2241287231, 73.9207229614, 74.6057128906, 75.3023147583, 75.9989089966, 76.6722869873, 77.276008606, 77.8913345337, 78.4834442139, 79.040725708, 79.6096115112, 80.1785049438, 80.6661224365, 81.1537399292, 81.6413574219, 82.1173706055, 82.5933761597, 83.0809936523, 83.5570068359, 84.0330123901, 84.5206298828, 85.019859314, 85.5190887451, 86.0067138672, 86.5639877319, 87.1212692261, 87.6785507202, 88.235824585, 88.7814941406, 89.3271636963, 89.872833252, 90.4185028076, 90.9525604248, 91.486618042, 92.0438995361, 92.5895690918, 93.1352386475, 93.7505645752, 94.3658905029, 94.9580001831, 95.5733337402, 96.1770477295, 96.7923812866, 97.3844909668, 97.976600647, 98.5687026978, 99.1608123779, 99.8225860596, 100.49596405, 101.122901917, 101.761451721, 102.36516571, 102.980499268, 103.584213257, 104.211151123, 104.82648468, 105.465034485, 106.045532227, 106.626029968, 107.183311462, 107.740585327, 108.297866821, 108.843536377, 109.389205933, 109.934875488, 110.422492981, 110.886894226, 111.351287842, 111.804077148, 112.268478394, 112.744483948, 113.23210907, 113.708114624, 114.184127808, 114.660133362, 115.124534607, 115.600540161, 116.064941406, 116.54094696, 117.005348206, 117.492965698, 117.992195129, 118.491424561, 118.92099762, 119.350563049, 119.791740417, 120.232925415, 120.674102783, 121.103668213, 121.533241272, 121.97441864, 122.415596008, 122.868385315, 123.344398499, 123.808792114, 124.273193359, 124.737594604, 125.248435974, 125.759269714, 126.258499146, 126.757728577, 127.268569946, 127.767799377, 128.232192993, 128.673370361, 129.114562988, 129.567337036, 130.031738281, 130.496139526, 130.948928833, 131.40171814, 131.842895508, 132.260864258, 132.678817749, 133.09677124, 133.51473999, 133.932693481, 134.350662231, 134.780227661, 135.233016968, 135.674194336, 136.115371704, 136.556549072, 136.986114502, 137.404083252, 137.822036743, 138.251602173, 138.681182861, 139.110748291, 139.540313721, 139.96987915], "beats_loudness": {"dvar2": 0.000983360107057, "var": 0.000448017846793, "min": 0.000219355395529, "dmean": 0.0222439523786, "mean": 0.027481758967, "max": 0.146597370505, "dmean2": 0.0375003926456, "median": 0.0241861753166, "dvar": 0.000333936855895}, "bpm_histogram_second_peak_weight": {"dvar2": 0, "var": 0, "min": 0.0716981142759, "dmean": 0, "mean": 0.0716981142759, "max": 0.0716981142759, "dmean2": 0, "median": 0.0716981142759, "dvar": 0}, "bpm_histogram_second_peak_spread": {"dvar2": 0, "var": 0, "min": 0.627450942993, "dmean": 0, "mean": 0.627450942993, "max": 0.627450942993, "dmean2": 0, "median": 0.627450942993, "dvar": 0}, "bpm_histogram_second_peak_bpm": {"dvar2": 0, "var": 0, "min": 126, "dmean": 0, "mean": 126, "max": 126, "dmean2": 0, "median": 126, "dvar": 0}, "onset_rate": 4.2885351181}, "lowlevel": {"spectral_energyband_high": {"dvar2": 8.27619351185e-06, "var": 5.85880979997e-06, "min": 7.27452357482e-21, "dmean": 0.000640994578134, "mean": 0.000828907184768, "max": 0.0344056412578, "dmean2": 0.000989757827483, "median": 8.03855800768e-05, "dvar": 3.57386079486e-06}, "spectral_energyband_middle_low": {"dvar2": 0.000264231464826, "var": 0.000282415800029, "min": 2.63652384924e-22, "dmean": 0.00692637637258, "mean": 0.0117303170264, "max": 0.168715491891, "dmean2": 0.0102282017469, "median": 0.00419502798468, "dvar": 0.000121457516798}, "spectral_energy": {"dvar2": 0.000491271784995, "var": 0.000480206683278, "min": 1.03268297287e-20, "dmean": 0.0095091573894, "mean": 0.0207537245005, "max": 0.520003974438, "dmean2": 0.0138737838715, "median": 0.0143918078393, "dvar": 0.000207756500458}, "spectral_spread": {"dvar2": 1048125571070.0, "var": 1718801661950.0, "min": 1021087.25, "dmean": 688252.375, "mean": 3834434, "max": 41021740, "dmean2": 1056427.125, "median": 3662981, "dvar": 530151538688}, "spectral_energyband_low": {"dvar2": 7.38264716347e-05, "var": 7.89781406638e-05, "min": 7.52529821568e-23, "dmean": 0.00291209830903, "mean": 0.0049956147559, "max": 0.113052777946, "dmean2": 0.0043897354044, "median": 0.00129160867073, "dvar": 3.42904604622e-05}, "spectral_rolloff": {"dvar2": 59653484, "var": 73719008, "min": 21.533203125, "dmean": 2126.89208984, "mean": 6202.58740234, "max": 22028.4667969, "dmean2": 3970.51147461, "median": 1141.25976562, "dvar": 27672674}, "barkbands": {"dvar2": [9.29922748583e-07, 1.25403175844e-05, 3.21293773595e-05, 4.25108046329e-05, 0.000141048090882, 4.59349757875e-05, 1.28518558995e-05, 1.30497492137e-05, 8.66858499649e-06, 5.72407452637e-06, 5.36131210538e-06, 9.00410850591e-06, 7.40794057492e-05, 1.32775710426e-06, 1.26385850763e-06, 3.23363025245e-07, 6.92694641202e-07, 5.19735465332e-07, 6.92445553341e-07, 9.87678504316e-07, 2.28207977671e-06, 9.33113824431e-07, 4.99070473836e-08, 2.0029278236e-09, 8.84264328427e-11, 1.13426121828e-08, 2.80187038015e-07], "var": [3.95865015435e-07, 8.89546663529e-06, 2.85541082121e-05, 3.12427582685e-05, 8.99801161722e-05, 3.92966830987e-05, 8.58327712194e-06, 7.11277743903e-06, 7.25699646864e-06, 5.93138565819e-06, 2.51017536357e-06, 3.83176984542e-06, 1.67484158737e-05, 1.03936383766e-06, 5.25422308328e-07, 3.32298611738e-07, 5.17122202837e-07, 3.85676088399e-07, 4.57435419321e-07, 7.63518073654e-07, 1.09884160793e-06, 5.22075538356e-07, 2.41223272468e-08, 7.50160933372e-10, 2.24363340406e-11, 3.78261066913e-09, 1.96654056595e-07], "min": [2.52364050427e-23, 2.45106877198e-23, 9.12107326571e-24, 4.23095133551e-23, 3.31990124033e-23, 3.50891325985e-23, 3.25599624948e-23, 6.9348983059e-23, 4.27711358242e-23, 4.98794636224e-23, 7.08225247429e-23, 1.08055390007e-22, 1.07630010963e-22, 9.13084535906e-23, 1.2940792358e-22, 7.21961145946e-23, 1.15143551365e-22, 3.03710085358e-22, 3.94336041737e-22, 3.43346925345e-22, 2.31167320039e-22, 4.6506503282e-22, 7.35434902829e-22, 6.1191321951e-22, 9.74333842289e-22, 1.46395741513e-21, 2.92119560337e-21], "dmean": [0.000228148477618, 0.000948249478824, 0.00162765337154, 0.00181246502325, 0.00384277594276, 0.00159908318892, 0.000684910046402, 0.000594902143348, 0.000641229329631, 0.000513366016094, 0.000401874945965, 0.000398537376896, 0.000382013589842, 0.00024340316304, 0.000155181027367, 0.000102799764136, 0.000124567857711, 0.000134846064611, 0.000158195020049, 0.00019492766296, 0.000249369622907, 0.000170510014868, 3.87581821997e-05, 6.79834874973e-06, 1.50958601353e-06, 1.42023782246e-05, 0.000121261058666], "mean": [0.000262018264038, 0.00152069109026, 0.00220198719762, 0.00225063669495, 0.00464659929276, 0.00216952012852, 0.000897888676263, 0.000687328749336, 0.000823118258268, 0.000740117859095, 0.000455558212707, 0.000488158751978, 0.000411059212638, 0.000320163118886, 0.000185170341865, 0.000134797723149, 0.000153013461386, 0.000164761033375, 0.000195175598492, 0.00024921388831, 0.0002856720821, 0.000197344706976, 4.31934349763e-05, 6.63427226755e-06, 1.34937420171e-06, 1.49004526975e-05, 0.000171993946424], "max": [0.010824944824, 0.0421041846275, 0.0921968072653, 0.10220502317, 0.0965430811048, 0.0840585678816, 0.0571743398905, 0.0642621740699, 0.0481766313314, 0.0387928187847, 0.0503157190979, 0.0803343653679, 0.301202505827, 0.0228667352349, 0.0349069610238, 0.0100727844983, 0.0161494649947, 0.0132072381675, 0.0158227924258, 0.0183542259037, 0.0213374402374, 0.0104262772948, 0.00345880771056, 0.000581146741752, 0.000267847382929, 0.00111939338967, 0.011767251417], "dmean2": [0.000398015399696, 0.0015055477852, 0.00246672541834, 0.00287090823986, 0.00592160783708, 0.00245058140717, 0.00106207968201, 0.000923785730265, 0.000954375427682, 0.000779821479227, 0.000630052527413, 0.000632215640508, 0.000624804757535, 0.00037235574564, 0.000237912274315, 0.000149638945004, 0.000183646348887, 0.000195229804376, 0.000240785491769, 0.000283711269731, 0.000397954660002, 0.000271890487056, 6.2425424403e-05, 1.11975477921e-05, 2.54014685197e-06, 2.32336333283e-05, 0.000185165423318], "median": [4.34463654528e-05, 0.000279397383565, 0.000337891920935, 0.000346583023202, 0.000876654288732, 0.000212796527194, 9.08476067707e-05, 4.54849287053e-05, 5.32106460014e-05, 4.01010402129e-05, 3.37844285241e-05, 3.82055332011e-05, 3.74715091311e-05, 2.79114174191e-05, 2.02874580282e-05, 1.28150604723e-05, 1.4062743503e-05, 1.48655526573e-05, 2.0647108613e-05, 2.61951645371e-05, 1.50282266986e-05, 6.48140166959e-06, 2.81540997094e-06, 7.6155492934e-07, 2.83055442196e-07, 1.49508741742e-06, 2.86479480565e-05], "dvar": [3.11543914222e-07, 4.76216746392e-06, 1.56369733304e-05, 1.84393102245e-05, 6.18750200374e-05, 2.06617314689e-05, 5.4018114497e-06, 5.55187534701e-06, 4.05183527619e-06, 2.51593587564e-06, 2.149786269e-06, 3.44057457369e-06, 2.65084163402e-05, 5.99396742018e-07, 4.9944355851e-07, 1.63242816598e-07, 3.1966422398e-07, 2.49576686429e-07, 3.06568153974e-07, 4.7460733299e-07, 8.76546835116e-07, 3.8497131527e-07, 1.97990832618e-08, 7.94663113091e-10, 3.20881064775e-11, 4.32065183631e-09, 1.29109494651e-07]}, "melbands_skewness": {"dvar2": 4.23076677322, "var": 6.75414896011, "min": -6.11424016953, "dmean": 1.34224963188, "mean": 2.82275462151, "max": 18.8474349976, "dmean2": 2.03151416779, "median": 2.34597730637, "dvar": 1.95784771442}, "barkbands_skewness": {"dvar2": 4.20429182053, "var": 4.88402318954, "min": -4.47836875916, "dmean": 1.19799816608, "mean": 2.283421278, "max": 25.8467388153, "dmean2": 1.83336246014, "median": 2.0157699585, "dvar": 1.78822076321}, "erbbands": {"dvar2": [0.00771104125306, 0.854271948338, 25.4107208252, 188.429977417, 1215.85668945, 2439.95605469, 4296.90332031, 2635.9440918, 2670.70288086, 3028.47729492, 5639.63183594, 4615.21142578, 5822.92626953, 4634.90087891, 20455.8027344, 16967.7304688, 165308.140625, 3708.44702148, 8542.67480469, 865.208129883, 1212.7565918, 2076.84033203, 1584.97363281, 1469.85986328, 1637.60900879, 2337.02490234, 1171.67602539, 7670.08447266, 1452.30529785, 232.971343994, 34.6320381165, 4.97396230698, 0.204071119428, 0.016309434548, 0.00280388607644, 0.00456346943974, 0.0509272292256, 0.0913883820176, 0.00766654172912, 7.63747739256e-05], "var": [0.00562248006463, 0.591470956802, 23.9033966064, 158.319046021, 757.954650879, 1342.26025391, 3095.93115234, 1871.17358398, 1599.79882812, 2188.54345703, 4254.06152344, 3693.1315918, 5600.80322266, 3335.42773438, 6810.81787109, 6639.20849609, 37239.9257812, 2824.96826172, 3120.93017578, 715.462646484, 1293.125, 1644.51538086, 1203.99499512, 1027.33996582, 1259.43054199, 1749.35876465, 1049.72338867, 3107.16479492, 857.352783203, 119.478248596, 15.2467031479, 1.70437610149, 0.0719140693545, 0.00440328707919, 0.000748607504647, 0.0015351785114, 0.0169143397361, 0.0461339987814, 0.00529035041109, 6.88827931299e-05], "min": [7.59636902966e-22, 5.44764955166e-21, 1.26917213285e-20, 8.67186427397e-20, 6.85530262427e-20, 7.50982996347e-20, 4.77656271899e-19, 1.77143687934e-19, 3.03012543496e-19, 9.42574789546e-19, 1.56728144048e-18, 9.65436200521e-19, 1.2587556865e-18, 2.36518068653e-18, 2.4202123923e-18, 4.96772084983e-18, 4.41697820773e-18, 5.74180639323e-18, 6.22767036475e-18, 4.10721147604e-18, 5.02069432344e-18, 7.63065346966e-18, 1.53891923707e-17, 1.7355117791e-17, 1.91900492351e-17, 1.61080040512e-17, 1.15515871805e-17, 1.12458761153e-17, 1.49697671324e-17, 2.44185453905e-17, 1.62981282063e-17, 1.36382371296e-17, 1.17324642835e-17, 1.05978578604e-17, 7.09092887331e-18, 4.60211239576e-18, 2.80042802881e-18, 1.60072714438e-18, 4.01695449068e-19, 3.91275138237e-20], "dmean": [0.0233900025487, 0.2489977777, 1.45549356937, 4.06500959396, 9.0802526474, 14.2321567535, 16.7000465393, 11.3045663834, 9.40062427521, 10.6765079498, 13.35983181, 14.1565723419, 15.4810190201, 15.4563865662, 16.1069011688, 15.3517169952, 17.0678691864, 12.0803222656, 10.4764728546, 5.86977720261, 5.96076250076, 7.02743339539, 7.169942379, 7.63368177414, 8.37066841125, 9.30522823334, 7.18201971054, 12.5565605164, 6.75133323669, 2.58861541748, 0.954084098339, 0.291551917791, 0.0668429210782, 0.0205781497061, 0.00959293358028, 0.0112050436437, 0.0287029594183, 0.0544924549758, 0.0197722427547, 0.0017468300648], "mean": [0.0373191125691, 0.388542473316, 2.1110663414, 5.6138010025, 11.2150974274, 16.1482982635, 20.4554862976, 14.919008255, 12.2764129639, 13.7889451981, 17.2335720062, 18.4533004761, 22.4413738251, 20.309545517, 19.6025295258, 19.3632049561, 19.2960357666, 16.56798172, 13.1022434235, 7.83602046967, 8.0037651062, 8.81141281128, 8.85476207733, 9.39461708069, 10.710308075, 11.8241424561, 9.13176250458, 13.5244102478, 8.00413513184, 2.97775101662, 1.060552001, 0.300082117319, 0.0615241974592, 0.0186642967165, 0.00888420362025, 0.0104526765645, 0.0303529184312, 0.063757352531, 0.0256340671331, 0.00340204080567], "max": [0.801579535007, 11.0941829681, 92.0522384644, 243.185668945, 461.542419434, 517.907836914, 886.718078613, 724.230285645, 1008.53070068, 1279.90063477, 1682.28417969, 1028.03271484, 1595.01611328, 765.594787598, 4397.70263672, 3754.76391602, 14270.4892578, 1262.77307129, 3305.84570312, 421.337402344, 668.47857666, 827.02130127, 802.920593262, 594.718200684, 595.374145508, 900.399291992, 683.75012207, 1312.6307373, 461.05380249, 223.007049561, 71.554977417, 23.3238430023, 8.03770923615, 3.38152480125, 1.495901227, 1.07139778137, 2.50571942329, 2.69249391556, 1.06720328331, 0.292079597712], "dmean2": [0.037444204092, 0.392709463835, 2.20864963531, 6.34364557266, 14.3594589233, 22.2401218414, 25.835357666, 17.1101894379, 14.5971717834, 16.0381164551, 20.3954639435, 21.1386642456, 23.513086319, 23.7070140839, 24.9682712555, 24.3192043304, 27.441493988, 18.2231121063, 15.8913345337, 8.65961074829, 8.68947505951, 10.2678804398, 10.3211669922, 11.3949680328, 12.5672540665, 13.5536270142, 10.8571166992, 20.3613033295, 10.7594718933, 4.14678096771, 1.54026544094, 0.483382374048, 0.11156821996, 0.0346591174603, 0.0160493236035, 0.0186234861612, 0.0470065921545, 0.0868890881538, 0.0305007789284, 0.0025373166427], "median": [0.0051922108978, 0.081842020154, 0.399098157883, 1.19871759415, 1.98295640945, 2.75735330582, 2.22045898438, 1.70475268364, 1.39832878113, 1.34001016617, 1.14105057716, 1.25986433029, 1.3061773777, 1.47085499763, 1.71700274944, 1.70760130882, 1.90653920174, 1.65481638908, 1.35182774067, 0.984745562077, 0.784798145294, 0.839047670364, 0.841527879238, 0.918227374554, 1.19115686417, 1.24565422535, 0.814333319664, 0.465243309736, 0.263687521219, 0.134700715542, 0.0708543509245, 0.0268029347062, 0.0084514869377, 0.00387020362541, 0.00213390728459, 0.00194512424059, 0.00288614467718, 0.00347989168949, 0.00295728049241, 0.000767843797803], "dvar": [0.00287023861893, 0.330461889505, 12.4983701706, 85.3532867432, 520.596130371, 1046.65148926, 1890.89672852, 1174.07653809, 1119.16906738, 1382.59338379, 2507.01147461, 2153.14990234, 2458.4152832, 2004.68371582, 7669.17675781, 6457.61328125, 59100.5, 1639.24865723, 3362.73925781, 392.805236816, 618.818603516, 986.854003906, 762.67401123, 679.043518066, 764.454406738, 1114.26367188, 566.255737305, 2858.40063477, 607.389465332, 91.7509002686, 13.7380447388, 1.92510557175, 0.0807684734464, 0.00599928712472, 0.00102344225161, 0.00176657258999, 0.019568670541, 0.0368140377104, 0.00329360901378, 3.89748347516e-05]}, "silence_rate_30dB": {"dvar2": 0.00557922432199, "var": 0.00279447319917, "min": 0, "dmean": 0.00263808737509, "mean": 0.997197508812, "max": 1, "dmean2": 0.00527704507113, "median": 1, "dvar": 0.00263101537712}, "melbands_spread": {"dvar2": 1176.00476074, "var": 833.674743652, "min": 0.327212452888, "dmean": 12.1828651428, "mean": 21.1204452515, "max": 223.873184204, "dmean2": 19.6539306641, "median": 10.8701400757, "dvar": 486.232696533}, "melbands_crest": {"dvar2": 36.9053497314, "var": 39.5402145386, "min": 1.74898135662, "dmean": 4.45098304749, "mean": 15.2762012482, "max": 39.3492050171, "dmean2": 7.25068807602, "median": 14.6400318146, "dvar": 14.9842624664}, "zerocrossingrate": {"dvar2": 0.00357653386891, "var": 0.0414056219161, "min": 0, "dmean": 0.0464641675353, "mean": 0.198146641254, "max": 0.89306640625, "dmean2": 0.0490202493966, "median": 0.1201171875, "dvar": 0.00363978510723}, "barkbands_kurtosis": {"dvar2": 1877.45666504, "var": 883.088256836, "min": -1.86069524288, "dmean": 11.8597345352, "mean": 15.8137283325, "max": 778.229248047, "dmean2": 18.9346389771, "median": 6.354804039, "dvar": 712.132751465}, "spectral_flux": {"dvar2": 0.00196146313101, "var": 0.00256313639693, "min": 1.01621010218e-10, "dmean": 0.0271776691079, "mean": 0.0817835852504, "max": 0.581277012825, "dmean2": 0.0432744808495, "median": 0.0762648358941, "dvar": 0.000857562001329}, "barkbands_crest": {"dvar2": 25.3702278137, "var": 22.8982925415, "min": 2.35730171204, "dmean": 3.64576721191, "mean": 11.4348840714, "max": 26.7294578552, "dmean2": 5.97684907913, "median": 10.6730060577, "dvar": 9.6548614502}, "barkbands_flatness_db": {"dvar2": 0.00295532564633, "var": 0.00451752962545, "min": 0.026749227196, "dmean": 0.0403807424009, "mean": 0.176676049829, "max": 0.441744595766, "dmean2": 0.0620632618666, "median": 0.171136945486, "dvar": 0.00124393356964}, "spectral_entropy": {"dvar2": 0.195259258151, "var": 0.349343299866, "min": 4.95813035965, "dmean": 0.299610435963, "mean": 7.22348737717, "max": 9.79888725281, "dmean2": 0.451093316078, "median": 7.31982803345, "dvar": 0.0907377228141}, "pitch_salience": {"dvar2": 0.0201240945607, "var": 0.019897384569, "min": 0.0274806339294, "dmean": 0.100982517004, "mean": 0.593342244625, "max": 0.928960740566, "dmean2": 0.163164451718, "median": 0.617274582386, "dvar": 0.00788512732834}, "erbbands_spread": {"dvar2": 496.014953613, "var": 524.684265137, "min": 0.812044501305, "dmean": 12.1205158234, "mean": 30.8900604248, "max": 137.088363647, "dmean2": 19.201166153, "median": 24.6785507202, "dvar": 206.773345947}, "dynamic_complexity": 4.65203285217, "spectral_contrast_valleys": {"dvar2": [0.519371628761, 0.483339846134, 0.456241458654, 0.40286257863, 0.432619512081, 1.04736757278], "var": [1.96513676643, 1.52492678165, 1.43909347057, 1.24812793732, 1.51588821411, 1.39211797714], "min": [-27.4229793549, -27.2554531097, -27.3912620544, -27.1677856445, -27.3609542847, -27.2191867828], "dmean": [0.572008252144, 0.555823922157, 0.542419910431, 0.497352898121, 0.51641947031, 0.763969421387], "mean": [-8.09560394287, -7.39688301086, -7.89116096497, -8.42277431488, -8.30726623535, -11.854139328], "max": [-5.35944318771, -4.47983837128, -5.15788078308, -5.49348020554, -5.16780185699, -8.65821266174], "dmean2": [0.844060063362, 0.800785899162, 0.772097229958, 0.706053137779, 0.696300685406, 1.19334256649], "median": [-7.79115200043, -7.29148101807, -7.83107471466, -8.33584022522, -8.21426391602, -11.7102909088], "dvar": [0.288726627827, 0.270492851734, 0.257487803698, 0.231966197491, 0.270760864019, 0.450926929712]}, "hfc": {"dvar2": 3399.81835938, "var": 4247.95458984, "min": 1.1949321427e-16, "dmean": 17.4821796417, "mean": 39.1908988953, "max": 1522.6932373, "dmean2": 26.4184818268, "median": 17.0967826843, "dvar": 1476.89526367}, "spectral_kurtosis": {"dvar2": 67.7437286377, "var": 78.8505096436, "min": -1.21949219704, "dmean": 4.49048089981, "mean": 14.1461601257, "max": 106.857559204, "dmean2": 6.94839859009, "median": 12.3729400635, "dvar": 28.1576595306}, "mfcc": {"mean": [-751.846862793, 140.870834351, -8.19781208038, 39.2905921936, -13.648396492, 17.3057117462, 0.653732597828, -0.0870480239391, -7.20243787766, -0.884719252586, -3.35711479187, -3.36941003799, -2.74186420441], "cov": [[10472.2958984, 117.944107056, -1175.19006348, 765.217895508, -865.207763672, 500.442077637, -295.209533691, 25.8464336395, -386.72543335, -94.8910446167, -328.569610596, -345.329681396, -373.080200195], [117.944107056, 2755.7199707, 690.479003906, -679.012756348, 71.7599258423, -384.862823486, 218.923309326, -333.732696533, -102.296310425, -175.285949707, -82.4550933838, -147.88848877, -88.8019866943], [-1175.19006348, 690.479003906, 1597.08752441, 142.417526245, 264.628997803, 25.4546089172, 60.0148925781, -40.3856086731, 86.7758483887, -74.0614089966, 52.2322769165, 12.0930900574, -21.2472381592], [765.217895508, -679.012756348, 142.417526245, 1071.8223877, 84.4532623291, 352.474731445, -70.1500396729, 150.451339722, 31.9371547699, 1.60038518906, 10.2299137115, 16.5760669708, -15.0276565552], [-865.207763672, 71.7599258423, 264.628997803, 84.4532623291, 532.113037109, 73.8514480591, 128.35055542, 18.5071601868, 29.5125236511, -14.3391580582, 15.6115446091, 43.7864608765, 35.0884742737], [500.442077637, -384.862823486, 25.4546089172, 352.474731445, 73.8514480591, 534.190490723, 118.980705261, 139.672698975, 12.1073217392, -0.582310676575, -6.12796640396, -9.10029983521, -4.50900554657], [-295.209533691, 218.923309326, 60.0148925781, -70.1500396729, 128.35055542, 118.980705261, 356.37210083, 62.9665412903, 1.98173880577, -38.8261299133, -42.9862174988, -36.3195114136, -10.2113752365], [25.8464336395, -333.732696533, -40.3856086731, 150.451339722, 18.5071601868, 139.672698975, 62.9665412903, 254.419494629, 77.2897949219, 25.0875663757, -7.91092824936, -4.2771115303, -3.0248196125], [-386.72543335, -102.296310425, 86.7758483887, 31.9371547699, 29.5125236511, 12.1073217392, 1.98173880577, 77.2897949219, 180.524429321, 52.7696456909, 13.7510480881, 6.69941282272, 0.622017264366], [-94.8910446167, -175.285949707, -74.0614089966, 1.60038518906, -14.3391580582, -0.582310676575, -38.8261299133, 25.0875663757, 52.7696456909, 158.786132812, 50.2216186523, 19.0805416107, 6.35936164856], [-328.569610596, -82.4550933838, 52.2322769165, 10.2299137115, 15.6115446091, -6.12796640396, -42.9862174988, -7.91092824936, 13.7510480881, 50.2216186523, 142.74206543, 63.817440033, 25.7908000946], [-345.329681396, -147.88848877, 12.0930900574, 16.5760669708, 43.7864608765, -9.10029983521, -36.3195114136, -4.2771115303, 6.69941282272, 19.0805416107, 63.817440033, 136.920730591, 67.2058639526], [-373.080200195, -88.8019866943, -21.2472381592, -15.0276565552, 35.0884742737, -4.50900554657, -10.2113752365, -3.0248196125, 0.622017264366, 6.35936164856, 25.7908000946, 67.2058639526, 116.978904724]], "icov": [[0.000194183652638, -0.00011854776676, 0.000141066077049, -0.000150874242536, 0.000208235898754, -0.000234058898059, 0.000235406783759, -8.47789997351e-05, 0.000321169005474, -7.39969545975e-05, 0.000291346717859, -3.39407733918e-06, 0.000422460347181], [-0.00011854776676, 0.000790587684605, -0.000384662358556, 0.000360593490768, -0.000125952385133, 0.000441486743512, -0.000595897261519, 0.000684936181642, -9.83199352049e-05, 0.000376943527954, -0.00016254579532, 0.000544486800209, -7.79257752583e-05], [0.000141066077049, -0.000384662358556, 0.00100525154267, -0.000335497752531, -0.000176612506039, -0.000267052557319, 0.000281926157186, 2.45428941525e-06, -0.000388579763239, 0.000397316413, -0.000275612896075, -0.000141263342812, 0.000487126089865], [-0.000150874242536, 0.000360593490768, -0.000335497752531, 0.00162128428929, -0.000383113860153, -0.000629131507594, 0.000448156759376, -0.000259378866758, -0.000119232288853, 0.000320942199323, -0.000118420823128, 2.03607396543e-05, 6.05729765084e-05], [0.000208235898754, -0.000125952385133, -0.000176612506039, -0.000383113860153, 0.00263457279652, -0.000272363307886, -0.000722163938917, 0.000126989281853, 0.000100778459455, -0.000107646839751, 0.000351467053406, -0.000741188006941, -1.96438286366e-05], [-0.000234058898059, 0.000441486743512, -0.000267052557319, -0.000629131507594, -0.000272363307886, 0.00335006299429, -0.00150010013022, -0.000562354864087, 7.57810776122e-05, 6.44667015877e-05, -0.000561324763112, 0.000423356919782, -0.000598700600676], [0.000235406783759, -0.000595897261519, 0.000281926157186, 0.000448156759376, -0.000722163938917, -0.00150010013022, 0.0046330592595, -0.00145666045137, 0.000550963974092, 0.000352245639078, 0.00092908582883, 0.000459746137494, 0.000441710639279], [-8.47789997351e-05, 0.000684936181642, 2.45428941525e-06, -0.000259378866758, 0.000126989281853, -0.000562354864087, -0.00145666045137, 0.00641649775207, -0.00251529319212, 9.45408537518e-05, 0.000157699396368, 0.000343434803654, -2.81533775706e-05], [0.000321169005474, -9.83199352049e-05, -0.000388579763239, -0.000119232288853, 0.000100778459455, 7.57810776122e-05, 0.000550963974092, -0.00251529319212, 0.00810583028942, -0.00254172342829, 0.000831235432997, 5.8007753978e-06, 0.000727992679458], [-7.39969545975e-05, 0.000376943527954, 0.000397316413, 0.000320942199323, -0.000107646839751, 6.44667015877e-05, 0.000352245639078, 9.45408537518e-05, -0.00254172342829, 0.0086567485705, -0.00307394750416, 0.000571688346099, 0.000123701815028], [0.000291346717859, -0.00016254579532, -0.000275612896075, -0.000118420823128, 0.000351467053406, -0.000561324763112, 0.00092908582883, 0.000157699396368, 0.000831235432997, -0.00307394750416, 0.010703583248, -0.00440944358706, 0.00103475339711], [-3.39407733918e-06, 0.000544486800209, -0.000141263342812, 2.03607396543e-05, -0.000741188006941, 0.000423356919782, 0.000459746137494, 0.000343434803654, 5.8007753978e-06, 0.000571688346099, -0.00440944358706, 0.0131987305358, -0.00597465736791], [0.000422460347181, -7.79257752583e-05, 0.000487126089865, 6.05729765084e-05, -1.96438286366e-05, -0.000598700600676, 0.000441710639279, -2.81533775706e-05, 0.000727992679458, 0.000123701815028, 0.00103475339711, -0.00597465736791, 0.0131474342197]]}, "silence_rate_20dB": {"dvar2": 0.000989032443613, "var": 0.000164811965078, "min": 0, "dmean": 0.000329760921886, "mean": 0.999835133553, "max": 1, "dmean2": 0.000659630633891, "median": 1, "dvar": 0.000329657632392}, "melbands_kurtosis": {"dvar2": 2018.01745605, "var": 1563.99499512, "min": -1.93871855736, "dmean": 16.684173584, "mean": 24.4044361115, "max": 644.934204102, "dmean2": 26.4755840302, "median": 9.26465511322, "dvar": 847.178710938}, "barkbands_spread": {"dvar2": 457.221557617, "var": 431.559234619, "min": 0.328879058361, "dmean": 10.4276371002, "mean": 20.3723220825, "max": 120.657371521, "dmean2": 16.6097259521, "median": 12.4160137177, "dvar": 193.042190552}, "erbbands_skewness": {"dvar2": 1.08171772957, "var": 1.9768229723, "min": -6.18041229248, "dmean": 0.736385464668, "mean": 0.5348777771, "max": 8.25757980347, "dmean2": 1.10986816883, "median": 0.565153241158, "dvar": 0.499214738607}, "average_loudness": 0.815569519997, "spectral_centroid": {"dvar2": 561884.9375, "var": 1244875.5, "min": 136.872589111, "dmean": 401.160125732, "mean": 1254.03137207, "max": 11028.9638672, "dmean2": 585.664367676, "median": 807.296569824, "dvar": 323146}, "dissonance": {"dvar2": 0.00191582052503, "var": 0.00148159707896, "min": 0.244581744075, "dmean": 0.0232384447008, "mean": 0.46322453022, "max": 0.500000178814, "dmean2": 0.0386233739555, "median": 0.475556224585, "dvar": 0.000718761992175}, "erbbands_flatness_db": {"dvar2": 0.0020019786898, "var": 0.00327084260061, "min": 0.0464589223266, "dmean": 0.0351837947965, "mean": 0.185035094619, "max": 0.420111149549, "dmean2": 0.0531814023852, "median": 0.179048836231, "dvar": 0.000900348182768}, "spectral_strongpeak": {"dvar2": 210.194610596, "var": 127.314254761, "min": 0, "dmean": 2.94885516167, "mean": 3.73187255859, "max": 195.232345581, "dmean2": 5.03563833237, "median": 0.599484801292, "dvar": 85.6421432495}, "spectral_rms": {"dvar2": 2.10698590308e-06, "var": 5.43892565474e-06, "min": 3.17410702756e-12, "dmean": 0.00101440597791, "mean": 0.00384819577448, "max": 0.0225237868726, "dmean2": 0.00139533705078, "median": 0.0037471037358, "dvar": 1.12183136025e-06}, "silence_rate_60dB": {"dvar2": 0.155619889498, "var": 0.161948248744, "min": 0, "dmean": 0.0817807093263, "mean": 0.20326410234, "max": 1, "dmean2": 0.163588389754, "median": 0, "dvar": 0.0750907510519}, "melbands": {"dvar2": [7.42605209325e-07, 3.87561931348e-06, 6.79297272654e-06, 7.93803428678e-06, 4.31241960541e-06, 1.25554834085e-06, 5.69732719669e-07, 4.2006851686e-07, 3.93214406813e-07, 1.85454268831e-07, 1.53238957523e-07, 8.22446324378e-08, 1.64569925687e-07, 1.43866358826e-07, 6.42337397494e-07, 3.07167397295e-07, 1.03593364997e-08, 3.13893977477e-08, 3.03755243181e-09, 1.39315958769e-09, 2.12541650946e-09, 2.70446176565e-09, 1.91918725356e-09, 1.07717013087e-09, 1.10891651417e-09, 1.19815513067e-09, 1.12267939389e-09, 1.23577703626e-09, 5.65113567053e-10, 6.81425582627e-10, 3.99364941117e-09, 6.15281714467e-10, 2.37100811207e-10, 4.30959296027e-11, 1.19818937758e-11, 1.27328547012e-11, 4.680191781e-13, 1.26277081239e-13, 3.7124088661e-14, 9.778531202e-15], "var": [5.6253998082e-07, 3.71087912754e-06, 5.52693063582e-06, 4.75967726743e-06, 3.02487796944e-06, 9.73444457486e-07, 3.58248684051e-07, 2.63769379671e-07, 3.34088298359e-07, 1.4036207574e-07, 1.49598704979e-07, 6.06837247119e-08, 6.20497715431e-08, 5.38181801346e-08, 1.56714634159e-07, 7.71040333802e-08, 9.44154177063e-09, 1.10625659744e-08, 1.88534743373e-09, 1.15223064423e-09, 2.03799821463e-09, 1.95634819455e-09, 1.29367538904e-09, 8.39491698379e-10, 6.9734185093e-10, 7.14209025254e-10, 7.9668488473e-10, 8.36025138007e-10, 4.46764319983e-10, 4.3314954401e-10, 1.52517465324e-09, 3.36361494213e-10, 1.08739156568e-10, 2.18037202876e-11, 5.5206212865e-12, 3.69225353417e-12, 1.84984135215e-13, 4.23069375756e-14, 1.17751420187e-14, 2.280842463e-15], "min": [9.06759480722e-24, 6.87619127734e-24, 1.47375625402e-23, 3.01352616353e-24, 1.42115769099e-23, 4.76951535298e-24, 4.83862035714e-24, 1.1464326209e-23, 1.29232226901e-23, 5.47425607557e-24, 6.39388014216e-24, 9.44204814627e-24, 9.23670765264e-24, 9.17230031517e-24, 1.63618066337e-23, 7.91692048124e-24, 1.07941872923e-23, 9.0054081132e-24, 8.72700016709e-24, 4.62766080728e-24, 5.60586647355e-24, 6.2831658807e-24, 1.32826032638e-23, 1.35053618063e-23, 1.42066796614e-23, 1.40506224639e-23, 1.20239015366e-23, 1.08199065243e-23, 8.49873300897e-24, 5.00173509866e-24, 7.29481451619e-24, 7.51982131218e-24, 1.03054556182e-23, 1.53664834746e-23, 8.68891238486e-24, 9.53391178754e-24, 7.77642356516e-24, 7.4082156379e-24, 9.44978213858e-24, 8.52528054501e-24], "dmean": [0.000231972066103, 0.000596698431764, 0.000807969481684, 0.000839307380375, 0.000587603950407, 0.00026063027326, 0.000142264354508, 0.000118319665489, 0.000113323301775, 9.00052473298e-05, 7.91092461441e-05, 6.45168547635e-05, 5.48185744265e-05, 4.56609450339e-05, 4.31967091572e-05, 3.33148745995e-05, 2.25284111366e-05, 1.90119772014e-05, 1.04019482023e-05, 6.76217996443e-06, 7.33675324227e-06, 7.53496260586e-06, 7.09686855771e-06, 6.45104728392e-06, 6.33894023849e-06, 6.14472173766e-06, 6.53927190797e-06, 6.36791401121e-06, 4.59861030322e-06, 4.78760466649e-06, 8.4890780272e-06, 4.29572583016e-06, 2.40737153945e-06, 1.10688654331e-06, 5.71039720398e-07, 3.8628911625e-07, 1.03222326686e-07, 4.88454929837e-08, 2.87137265076e-08, 1.35742928009e-08], "mean": [0.000391322624637, 0.000914200034458, 0.00113114854321, 0.00100668752566, 0.000722868775483, 0.000350158516085, 0.000187622819794, 0.000147087281221, 0.000147168670082, 0.000112820467621, 0.00011284089851, 8.35366954561e-05, 6.43546591164e-05, 5.58928259125e-05, 4.86813623866e-05, 3.71760070266e-05, 3.03334782075e-05, 2.28200206038e-05, 1.26317736431e-05, 8.81772484718e-06, 9.4460665423e-06, 9.15805048862e-06, 8.28359679872e-06, 7.8033635873e-06, 7.51403558752e-06, 7.43894270272e-06, 8.28942029329e-06, 7.75068838266e-06, 5.63567255085e-06, 5.64647507417e-06, 8.77913862496e-06, 4.90448110213e-06, 2.67850032287e-06, 1.22152141557e-06, 6.29699741239e-07, 3.76397593982e-07, 1.01241120376e-07, 4.20239878451e-08, 2.45972895385e-08, 1.20839702689e-08], "max": [0.00885235611349, 0.0344495624304, 0.0360948517919, 0.0254077389836, 0.023315532133, 0.0148252332583, 0.0133418161422, 0.0121640209109, 0.0149465035647, 0.00582283688709, 0.00813336204737, 0.00377039797604, 0.0116460667923, 0.0107783023268, 0.027705674991, 0.0192810986191, 0.00186552584637, 0.00633887248114, 0.000991770764813, 0.000711980683263, 0.000925123691559, 0.000947664375417, 0.000731445034035, 0.000526432471815, 0.00049985840451, 0.000649166584481, 0.000605850247666, 0.000647197070066, 0.000373453047359, 0.000618009245954, 0.000970055931248, 0.000339443417033, 0.000227247568546, 0.000113984919153, 4.52174026577e-05, 4.65989105578e-05, 9.36541528063e-06, 6.23123742116e-06, 2.98159920931e-06, 2.99643375001e-06], "dmean2": [0.000369047542335, 0.000906206900254, 0.00125002337154, 0.00130157102831, 0.000909732771106, 0.000394407717977, 0.000221526774112, 0.0001794857817, 0.000172752843355, 0.000135657159262, 0.000120033902931, 9.87774401437e-05, 8.55871403473e-05, 7.17809452908e-05, 6.95206981618e-05, 5.35529434273e-05, 3.42154271493e-05, 2.91930973617e-05, 1.5888181224e-05, 1.00392589957e-05, 1.09137026811e-05, 1.12764219011e-05, 1.05680419438e-05, 9.49441255216e-06, 9.67114283412e-06, 9.50050980464e-06, 9.8891887319e-06, 9.30239639274e-06, 7.06333821654e-06, 7.53463882575e-06, 1.39704116009e-05, 6.90361184752e-06, 3.9205306166e-06, 1.76952778475e-06, 9.26266579881e-07, 6.44948499939e-07, 1.69655734794e-07, 8.22965589009e-08, 4.85733622213e-08, 2.28803109792e-08], "median": [6.66302585159e-05, 0.000197735411348, 0.000265284936177, 0.000188029545825, 9.26310021896e-05, 3.74436058337e-05, 2.08916371776e-05, 1.34927604449e-05, 8.63196510181e-06, 7.52784353608e-06, 6.09626886217e-06, 5.44703334526e-06, 5.17365879205e-06, 4.42334749096e-06, 3.74475393983e-06, 3.60595731763e-06, 2.6760972105e-06, 2.09963309317e-06, 1.39219241646e-06, 8.66524601406e-07, 8.33369881548e-07, 8.03807438388e-07, 7.18300043445e-07, 6.802025041e-07, 6.64644403514e-07, 7.63082596222e-07, 7.92876335254e-07, 7.52673713578e-07, 4.98550605244e-07, 3.47369137899e-07, 2.13780083413e-07, 1.49409373762e-07, 9.48391942757e-08, 6.343761072e-08, 4.26412256616e-08, 2.50979574901e-08, 1.06870547967e-08, 4.4062584692e-09, 3.42012596022e-09, 2.51981369104e-09], "dvar": [2.77231549717e-07, 1.8618067088e-06, 2.99238422485e-06, 3.42665066455e-06, 1.90820105672e-06, 5.61743888738e-07, 2.37383005697e-07, 1.86159979876e-07, 1.7640184069e-07, 8.58818864913e-08, 6.49832330168e-08, 3.58517482368e-08, 6.32525143374e-08, 5.4380350889e-08, 2.31436018794e-07, 1.12259812113e-07, 4.75531392041e-09, 1.23199308533e-08, 1.27240751269e-09, 6.43077147089e-10, 1.04047892524e-09, 1.24235144394e-09, 8.68020100242e-10, 5.309426232e-10, 4.95296637038e-10, 5.10906539297e-10, 5.13407483194e-10, 5.75510139544e-10, 2.70473948794e-10, 2.77365325152e-10, 1.47917889048e-09, 2.5371166279e-10, 9.29085211543e-11, 1.66446006283e-11, 4.77919179925e-12, 4.73438606027e-12, 1.90640987155e-13, 4.99026953657e-14, 1.42278631368e-14, 3.48936175533e-15]}, "spectral_skewness": {"dvar2": 0.458169102669, "var": 1.02187049389, "min": 0.00744797335938, "dmean": 0.47212356329, "mean": 2.39623951912, "max": 8.3353843689, "dmean2": 0.704000294209, "median": 2.33970117569, "dvar": 0.20604686439}, "melbands_flatness_db": {"dvar2": 0.00380167993717, "var": 0.00900707580149, "min": 0.00496685691178, "dmean": 0.0476511530578, "mean": 0.26705288887, "max": 0.599964976311, "dmean2": 0.0700210407376, "median": 0.268758356571, "dvar": 0.00190045405179}, "spectral_decrease": {"dvar2": 2.92238939948e-17, "var": 3.01710985142e-17, "min": -1.17795323717e-07, "dmean": 2.34425079348e-09, "mean": -4.55695303714e-09, "max": 9.8394643544e-09