{"tonal": {"thpcp": [1, 0.807640969753, 0.560929119587, 0.665107190609, 0.603634476662, 0.457307875156, 0.481107831001, 0.428185015917, 0.410207659006, 0.588341772556, 0.609703123569, 0.543563127518, 0.602946221828, 0.597837805748, 0.580982923508, 0.552268445492, 0.472175985575, 0.614808678627, 0.922298550606, 0.806387424469, 0.584644258022, 0.672001063824, 0.558377921581, 0.326517283916, 0.280417174101, 0.248399525881, 0.227163016796, 0.280877292156, 0.635287463665, 0.986220061779, 0.706188797951, 0.347276806831, 0.300553143024, 0.317939937115, 0.377381533384, 0.673321306705], "hpcp": {"dmean2": [0.205864652991, 0.189330086112, 0.176081806421, 0.175847455859, 0.191177994013, 0.216037198901, 0.20979309082, 0.232508927584, 0.237915411592, 0.245813369751, 0.221899420023, 0.203460663557, 0.224886223674, 0.232091039419, 0.239386379719, 0.216712266207, 0.212679564953, 0.184425696731, 0.135302901268, 0.107013396919, 0.0956559330225, 0.0990010201931, 0.112572960556, 0.246665611863, 0.420104891062, 0.265991479158, 0.136932596564, 0.129540488124, 0.148536264896, 0.199600219727, 0.274528592825, 0.280263721943, 0.267775565386, 0.246741384268, 0.244336649776, 0.227659732103], "median": [0.0442888662219, 0.0369450449944, 0.0418742969632, 0.0441950336099, 0.0459549166262, 0.0449725724757, 0.0558232441545, 0.0551252216101, 0.0452469438314, 0.0392810292542, 0.0401062145829, 0.0379379801452, 0.056235127151, 0.0665056705475, 0.065899848938, 0.0725978463888, 0.0807065740228, 0.0655068084598, 0.0403669327497, 0.0317954048514, 0.029504109174, 0.0237699542195, 0.0238776169717, 0.0560326352715, 0.0748800784349, 0.0754123479128, 0.0333826169372, 0.0274760909379, 0.0228358153254, 0.024682842195, 0.0490218214691, 0.0623981878161, 0.0643357783556, 0.0572421438992, 0.054977349937, 0.0539071112871], "min": [0, 0, 0, 0, 0, 0, 0, 0, 0, 0, 0, 0, 0, 0, 0, 0, 0, 0, 0, 0, 0, 0, 0, 0, 0, 0, 0, 0, 0, 0, 0, 0, 0, 0, 0, 0], "dvar2": [0.104533493519, 0.0972376167774, 0.0809953138232, 0.086238719523, 0.0949236527085, 0.111323922873, 0.0946926623583, 0.116410136223, 0.120540268719, 0.134668692946, 0.118859834969, 0.0993269011378, 0.105405390263, 0.105812951922, 0.112725928426, 0.0886976718903, 0.0839104503393, 0.0712407380342, 0.0532717294991, 0.0374073050916, 0.0316676050425, 0.0385778434575, 0.0488010160625, 0.0837935060263, 0.258932113647, 0.0918652042747, 0.0639864578843, 0.0596030242741, 0.0755375698209, 0.106037713587, 0.145360976458, 0.151722356677, 0.124940350652, 0.119940683246, 0.118623182178, 0.105979055166], "dvar": [0.0371063798666, 0.0371920801699, 0.0299801304936, 0.0303290877491, 0.0344821289182, 0.0400299578905, 0.0360010527074, 0.0441759154201, 0.0461043268442, 0.0502364076674, 0.045495338738, 0.0370725169778, 0.0392671190202, 0.0447857938707, 0.0432848036289, 0.0326214656234, 0.0336191132665, 0.0278319902718, 0.0189577415586, 0.0140090296045, 0.0117458151653, 0.0139081785455, 0.0183896794915, 0.0334946624935, 0.104064792395, 0.0357824414968, 0.024352164939, 0.0215513668954, 0.0279657300562, 0.0396038517356, 0.0529996864498, 0.0578440763056, 0.0463503114879, 0.0426893047988, 0.0458254553378, 0.0405028909445], "dmean": [0.116068996489, 0.108306318521, 0.100837275386, 0.0997684821486, 0.108057029545, 0.122003927827, 0.122192531824, 0.135199487209, 0.136129617691, 0.140040174127, 0.127022266388, 0.116692379117, 0.129607439041, 0.136286228895, 0.140161216259, 0.124678187072, 0.129177734256, 0.110639363527, 0.0782451406121, 0.0622710138559, 0.0561641678214, 0.056504484266, 0.0650570765138, 0.141321226954, 0.23222233355, 0.150335967541, 0.0785061195493, 0.0733798146248, 0.0835452824831, 0.111377097666, 0.154158174992, 0.158643037081, 0.154063567519, 0.140444502234, 0.140451967716, 0.130994826555], "max": [1, 1, 1, 1, 1, 1, 1, 1, 1, 1, 1, 1, 1, 1, 1, 1, 1, 1, 1, 1, 1, 1, 1, 1, 1, 1, 1, 1, 1, 1, 1, 1, 1, 1, 1, 1], "var": [0.0367314256728, 0.048577170819, 0.0330535843968, 0.0281446836889, 0.0656933188438, 0.0655819177628, 0.0448922514915, 0.0576451085508, 0.0619292445481, 0.0609655641019, 0.0595637597144, 0.0421569012105, 0.0539423488081, 0.110016427934, 0.0842738747597, 0.0422166474164, 0.0538335964084, 0.0402156189084, 0.0173558052629, 0.0154257044196, 0.0123159233481, 0.0121911931783, 0.0214346572757, 0.0468264892697, 0.119479179382, 0.0494017824531, 0.0293520037085, 0.0229505877942, 0.0283292494714, 0.0358553901315, 0.0643783956766, 0.123824216425, 0.0804679393768, 0.0450818277895, 0.0673886537552, 0.0554758273065], "mean": [0.119180485606, 0.125383064151, 0.11159068346, 0.106905542314, 0.153329655528, 0.158896699548, 0.141659736633, 0.157135769725, 0.155804440379, 0.151411831379, 0.143928468227, 0.123055309057, 0.160227283835, 0.24036321044, 0.210155233741, 0.152366027236, 0.175132364035, 0.145520672202, 0.0850947275758, 0.0730804279447, 0.0647362023592, 0.0592016875744, 0.0732003375888, 0.165564313531, 0.257021993399, 0.184042140841, 0.0905049294233, 0.0783281251788, 0.082859352231, 0.0983506217599, 0.175476446748, 0.260613232851, 0.210481926799, 0.146185547113, 0.17333573103, 0.157315135002]}, "tuning_equal_tempered_deviation": 0.344881236553, "chords_changes_rate": 0.0944474712014, "key_key": "F", "tuning_diatonic_strength": 0.265068620443, "key_scale": "minor", "chords_number_rate": 0.00353837781586, "tuning_frequency": 434.193115234, "tuning_nontempered_energy_ratio": 0.929846584797, "chords_histogram": [6.50517129898, 0.190528035164, 0.217746332288, 1.11594986916, 15.4599895477, 8.57376194, 4.70876407623, 1.7419706583, 0.70767557621, 1.44256937504, 0.789330422878, 20.7403373718, 4.68154621124, 0, 0.217746332288, 3.86499738693, 8.08383274078, 0.65323895216, 0.299401193857, 0.435492664576, 0, 0.626020669937, 5.19869375229, 13.7452363968], "key_strength": 0.387699782848, "chords_key": "G", "chords_strength": {"dmean2": 0.0123812630773, "median": 0.473114132881, "min": 0.20577211678, "dvar2": 0.000125526174088, "dvar": 0.000102126163256, "dmean": 0.0122162457556, "max": 0.837688863277, "var": 0.0109439352527, "mean": 0.47217091918}, "chords_scale": "major", "hpcp_entropy": {"dmean2": 1.09948980808, "median": 2.12848520279, "min": 0, "dvar2": 0.782218515873, "dvar": 0.303631991148, "dmean": 0.654663205147, "max": 4.50507640839, "var": 0.708618104458, "mean": 2.11729764938}}, "metadata": {"audio_properties": {"equal_loudness": 0, "codec": "vorbis", "downmix": "mix", "sample_rate": 44100, "analysis_sample_rate": 44100, "bit_rate": 320000, "md5_encoded": "d3592bab1ac1207f693f1bf7993f2c54", "length": 170.534606934, "replay_gain": -10.9654712677, "lossless": false}, "version": {"essentia_build_sha": "cead25079874084f62182a551b7393616cd33d87", "essentia": "2.1-beta2", "extractor": "music 1.0", "essentia_git_sha": "v2.1_beta2-1-ge3940c0"}, "tags": {"title": ["Sequences"], "barcode": ["721616018028"], "media": ["CD"], "albumartist": ["Various Artists"], "tracktotal": ["22"], "musicbrainz_releasegroupid": ["5251872f-20eb-4e39-b44f-bd0490a1a2da"], "releasetype": ["album", "compilation"], "musicbrainz_recordingid": ["1aed8784-aa6c-4ed8-adec-f8e094e75a99"], "musicbrainz_albumartistid": ["89ad4ac3-39f7-470e-963a-56509c546377"], "discnumber": ["1"], "album": ["The Day the Needles Stood Still"], "catalognumber": ["VIRUS 180CD"], "releasecountry": ["US"], "compilation": ["1"], "albumartistsort": ["Various Artists"], "date": ["1996"], "file_name": "12 Saturn's Flea Collar - Sequences.ogg", "disctotal": ["1"], "musicbrainz_artistid": ["2682252b-47bf-4566-b436-5fd688887c0a"], "originaldate": ["1996"], "musicbrainz_albumid": ["13b9fffe-a97a-4c07-86ec-16eaef0949e4"], "tracknumber": ["12"], "artistsort": ["Saturn's Flea Collar"], "artist": ["Saturn's Flea Collar"], "label": ["Alternative Tentacles"], "releasestatus": ["official"], "totaldiscs": ["1"], "script": ["Latn"], "totaltracks": ["22"]}}, "rhythm": {"bpm_histogram_first_peak_bpm": {"dmean2": 0, "median": 92, "min": 92, "dvar2": 0, "dvar": 0, "dmean": 0, "max": 92, "var": 0, "mean": 92}, "bpm": 92.5093994141, "bpm_histogram_second_peak_spread": {"dmean2": 0, "median": 0.423076927662, "min": 0.423076927662, "dvar2": 0, "dvar": 0, "dmean": 0, "max": 0.423076927662, "var": 0, "mean": 0.423076927662}, "bpm_histogram_first_peak_weight": {"dmean2": 0, "median": 0.340823978186, "min": 0.340823978186, "dvar2": 0, "dvar": 0, "dmean": 0, "max": 0.340823978186, "var": 0, "mean": 0.340823978186}, "onset_rate": 3.24243998528, "beats_position": [0.592108845711, 1.20743763447, 1.82276642323, 2.4497051239, 3.06503391266, 3.66875267029, 4.27247142792, 4.87619018555, 5.47990942001, 6.07201814651, 6.66412687302, 7.25623559952, 7.8251247406, 8.4172334671, 9.0093421936, 9.58984088898, 10.1703395844, 10.7624483109, 11.3661680222, 11.9698867798, 12.5852155685, 13.2121543884, 13.8158731461, 14.4195919037, 15.0117006302, 15.6154193878, 16.2191371918, 16.8112468719, 17.391746521, 17.9606342316, 18.5295238495, 19.1100215912, 19.7021312714, 20.3174591064, 20.9211788177, 21.5132884979, 22.1053962708, 22.6975059509, 23.2896137238, 23.8701133728, 24.4506111145, 25.0427207947, 25.6580486298, 26.2617683411, 26.958366394, 27.6549663544, 28.3399543762, 29.0249423981, 29.6983222961, 30.3717002869, 31.0450782776, 31.6952381134, 32.3453979492, 32.9955558777, 33.6457138062, 34.3074836731, 34.9692497253, 35.6194114685, 36.269569397, 36.908115387, 37.5466651917, 38.1852149963, 38.823764801, 39.4971427917, 40.1705207825, 40.8090705872, 41.4476165771, 42.0861663818, 42.7363243103, 43.374874115, 44.0250320435, 44.6751937866, 45.3253517151, 45.9755096436, 46.625667572, 47.2758255005, 47.9259872437, 48.5761451721, 49.2146911621, 49.8648529053, 50.5033988953, 51.1419487, 51.7804985046, 52.4190483093, 53.0575942993, 53.696144104, 54.3463020325, 54.9848518372, 55.6350097656, 56.2619476318, 56.9004974365, 57.5274353027, 58.1659851074, 58.8045349121, 59.4430847168, 60.0932426453, 60.7434005737, 61.3703384399, 62.0204963684, 62.6474380493, 63.2743759155, 63.9013137817, 64.5282516479, 65.1551895142, 65.8053512573, 66.443901062, 67.0940551758, 67.7326049805, 68.3595428467, 69.0097045898, 69.659866333, 70.3100204468, 70.9601821899, 71.5987319946, 72.2372741699, 72.8758239746, 73.5143737793, 74.1645355225, 74.8263015747, 75.4648513794, 76.1150131226, 76.7535552979, 77.3921051025, 78.0306549072, 78.6692047119, 79.3193664551, 79.9695205688, 80.619682312, 81.2698364258, 81.8967819214, 82.5237197876, 83.1506576538, 83.7892074585, 84.4393615723, 85.077911377, 85.7280731201, 86.3782272339, 87.0167770386, 87.6553268433, 88.2938766479, 88.9440383911, 89.5825805664, 90.2327423096, 90.8596801758, 91.5098419189, 92.1367797852, 92.7869338989, 93.4254837036, 94.0640335083, 94.702583313, 95.3411331177, 95.9680709839, 96.5950088501, 97.2219467163, 97.8372802734, 98.4758224487, 99.1259841919, 99.7761459351, 100.426300049, 101.076461792, 101.726615906, 102.376777649, 103.026939392, 103.677093506, 104.327255249, 104.989021301, 105.650794983, 106.324172974, 106.974327087, 107.612876892, 108.274642944, 108.924804688, 109.574966431, 110.225120544, 110.875282288, 111.548660278, 112.198822021, 112.860588074, 113.510749817, 114.149291992, 114.822669983, 115.496055603, 116.169433594, 116.819587708, 117.469749451, 118.131515503, 118.793289185, 119.455055237, 120.116821289, 120.778594971, 121.440361023, 122.090522766, 122.74067688, 123.402442932, 124.064216614, 124.714370728, 125.364532471, 126.014694214, 126.664848328, 127.326622009, 127.988388062, 128.650161743, 129.311920166, 129.962081909, 130.635467529, 131.285614014, 131.935775757, 132.597549438, 133.25932312, 133.886260986, 134.524810791, 135.163360596, 135.859954834, 136.544937134, 137.160263062, 137.775604248, 138.390930176, 138.994644165, 139.609970093, 140.213699341, 140.805801392, 141.409515381, 142.00163269, 142.593734741, 143.185852051, 143.777954102, 144.381668091, 144.985397339, 145.589111328, 146.192825317, 146.796554565, 147.400268555, 148.015594482, 148.63092041, 149.246261597, 149.861587524, 150.465301514, 151.080627441, 151.672744751, 152.27645874, 152.880172729, 153.472290039, 154.076004028, 154.668121338, 155.24861145, 155.829116821, 156.409606934, 156.990112305, 157.593826294, 158.197555542, 158.801269531, 159.416595459, 160.00869751, 160.635650635, 161.274185181, 161.912734985, 162.574508667, 163.236282349, 163.944488525, 164.664306641, 165.34928894, 166.022674561, 166.696044922, 167.369430542, 168.031204224, 168.704574585, 169.377960205, 170.051330566], "beats_loudness": {"dmean2": 0.0443960726261, "median": 0.0488853678107, "min": 8.3799056938e-07, "dvar2": 0.00138596771285, "dvar": 0.000487977871671, "dmean": 0.0242811702192, "max": 0.150534540415, "var": 0.000887530855834, "mean": 0.0494391769171}, "danceability": 1.15526485443, "bpm_histogram_second_peak_weight": {"dmean2": 0, "median": 0.168539315462, "min": 0.168539315462, "dvar2": 0, "dvar": 0, "dmean": 0, "max": 0.168539315462, "var": 0, "mean": 0.168539315462}, "beats_count": 268, "bpm_histogram_second_peak_bpm": {"dmean2": 0, "median": 99, "min": 99, "dvar2": 0, "dvar": 0, "dmean": 0, "max": 99, "var": 0, "mean": 99}, "bpm_histogram_first_peak_spread": {"dmean2": 0, "median": 0.497237503529, "min": 0.497237503529, "dvar2": 0, "dvar": 0, "dmean": 0, "max": 0.497237503529, "var": 0, "mean": 0.497237503529}, "beats_loudness_band_ratio": {"dmean2": [0.648288309574, 0.300508737564, 0.24025182426, 0.1590937078, 0.104090817273, 0.130261078477], "median": [0.453170061111, 0.107524558902, 0.112270981073, 0.091339327395, 0.0734209194779, 0.0510641634464], "min": [0.00406097993255, 0.00264101475477, 0.00405713217333, 0.00170564814471, 0.000439292605733, 2.39264754782e-05], "dvar2": [0.215925142169, 0.0585633516312, 0.0429522544146, 0.0167574025691, 0.0103773232549, 0.0264365300536], "dvar": [0.0640842020512, 0.0184784438461, 0.0141012808308, 0.00550497462973, 0.00368007062934, 0.00910576339811], "dmean": [0.343261957169, 0.157400369644, 0.131034761667, 0.0869022756815, 0.0597519017756, 0.0697195082903], "max": [0.951140940189, 0.77867680788, 0.667981863022, 0.434286236763, 0.449684232473, 0.700384378433], "var": [0.0829629078507, 0.0228678323328, 0.0176951382309, 0.00603110017255, 0.00407128036022, 0.00732289487496], "mean": [0.4800568223, 0.16339738667, 0.137356743217, 0.105400167406, 0.087699458003, 0.0745747834444]}}, "lowlevel": {"barkbands_spread": {"dmean2": 9.30641746521, "median": 30.8630390167, "min": 0.500892400742, "dvar2": 97.0262680054, "dvar": 49.138885498, "dmean": 6.0332660675, "max": 119.017921448, "var": 199.959625244, "mean": 30.4895515442}, "melbands_spread": {"dmean2": 13.2351970673, "median": 29.305524826, "min": 0.392921388149, "dvar2": 227.888961792, "dvar": 110.684394836, "dmean": 8.59686756134, "max": 216.192001343, "var": 374.194824219, "mean": 31.5774440765}, "hfc": {"dmean2": 10.8497362137, "median": 18.6933364868, "min": 1.08830545154e-16, "dvar2": 302.268829346, "dvar": 146.755249023, "dmean": 7.21628904343, "max": 278.081298828, "var": 453.244873047, "mean": 24.3227329254}, "barkbands_kurtosis": {"dmean2": 2.73554062843, "median": 0.0587344169617, "min": -1.89087593555, "dvar2": 20.7358283997, "dvar": 10.091506958, "dmean": 1.77386641502, "max": 83.0597991943, "var": 40.162322998, "mean": 1.96972799301}, "gfcc": {"mean": [16.0065498352, 85.0096130371, -123.884140015, 37.1252861023, -43.8754577637, 16.8414402008, -31.4658088684, 14.0962810516, -24.0170078278, -0.116035953164, -13.0675611496, 0.145608514547, -5.56103658676], "icov": [[0.000232580176089, -0.000150087231304, 0.000311527808663, -0.000379748671548, 0.000395696464693, -0.000346622837242, 0.000379599398002, -0.000696356408298, 0.000418974959757, -0.000672284921166, 0.00080470694229, -0.000869998708367, 0.000466472265543], [-0.000150087231304, 0.00243013701402, 0.000464845623355, -2.23859715334e-05, -0.00122868164908, 0.00131003139541, -0.00120525807142, 0.00192802108359, -0.00194704148453, 0.00368014769629, -0.003659007838, 0.00340360100381, -0.00168688001577], [0.000311527808663, 0.000464845623355, 0.00259917112999, -0.00010058699263, -0.000374509982066, -0.00139213644434, 0.000958467426244, -0.000542631256394, 0.000479883601656, -0.000280218751868, 0.000510364479851, -0.000602721294854, 0.00118374312297], [-0.000379748671548, -2.23859715334e-05, -0.00010058699263, 0.00612393533811, -0.00131500104908, -0.00130501156673, -0.00186045304872, 0.00136712100357, -0.00153199676424, 0.000782264280133, -0.000918326841202, 0.00128832831979, -0.00127438106574], [0.000395696464693, -0.00122868164908, -0.000374509982066, -0.00131500104908, 0.00516140460968, 1.36188918987e-05, -0.00113450631034, -0.00251672021113, 0.000228731616517, -0.0013159973314, 0.00323711102828, -0.00481327623129, 0.00038798773312], [-0.000346622837242, 0.00131003139541, -0.00139213644434, -0.00130501156673, 1.36188918987e-05, 0.00822845008224, -0.00157875940204, -0.00120074977167, -0.00062642787816, 0.00349474768154, -0.00310273049399, 0.000879845698364, -3.06530964735e-05], [0.000379599398002, -0.00120525807142, 0.000958467426244, -0.00186045304872, -0.00113450631034, -0.00157875940204, 0.00918074510992, -0.00318915070966, 0.000206174969207, -0.0024845036678, 0.00221412722021, -0.00104879529681, 0.00101073412225], [-0.000696356408298, 0.00192802108359, -0.000542631256394, 0.00136712100357, -0.00251672021113, -0.00120074977167, -0.00318915070966, 0.0157258585095, -0.00477197347209, -0.000707040249836, -0.00227739708498, 0.00458019599319, -0.00216816365719], [0.000418974959757, -0.00194704148453, 0.000479883601656, -0.00153199676424, 0.000228731616517, -0.00062642787816, 0.000206174969207, -0.00477197347209, 0.0155011778697, -0.00437606591731, 0.000221777314437, -0.00278619257733, 0.00123115000315], [-0.000672284921166, 0.00368014769629, -0.000280218751868, 0.000782264280133, -0.0013159973314, 0.00349474768154, -0.0024845036678, -0.000707040249836, -0.00437606591731, 0.0193577706814, -0.00988406129181, 0.00564073538408, -0.00218428415246], [0.00080470694229, -0.003659007838, 0.000510364479851, -0.000918326841202, 0.00323711102828, -0.00310273049399, 0.00221412722021, -0.00227739708498, 0.000221777314437, -0.00988406129181, 0.023732630536, -0.00845920667052, 0.00294553837739], [-0.000869998708367, 0.00340360100381, -0.000602721294854, 0.00128832831979, -0.00481327623129, 0.000879845698364, -0.00104879529681, 0.00458019599319, -0.00278619257733, 0.00564073538408, -0.00845920667052, 0.0186248198152, -0.0091973664239], [0.000466472265543, -0.00168688001577, 0.00118374312297, -0.00127438106574, 0.00038798773312, -3.06530964735e-05, 0.00101073412225, -0.00216816365719, 0.00123115000315, -0.00218428415246, 0.00294553837739, -0.0091973664239, 0.0217014700174]], "cov": [[9737.19824219, -1058.32336426, -571.504882812, 293.345153809, -528.338195801, 356.092559814, -186.549850464, 316.997161865, -114.126869202, 257.906738281, -120.574501038, 185.340499878, -65.5089645386], [-1058.32336426, 1426.78540039, -386.913543701, 107.982879639, 211.017211914, -191.623138428, 166.395645142, -113.401550293, 117.018226624, -147.301757812, 82.7880477905, -98.1581039429, 63.6751251221], [-571.504882812, -386.913543701, 646.006958008, -42.4822654724, 32.5233154297, 115.925346375, -55.2172393799, 25.8842544556, -33.3549156189, 11.0257310867, -18.3738174438, 28.1654758453, -33.3501434326], [293.345153809, 107.982879639, -42.4822654724, 244.434066772, 99.677116394, 50.6012458801, 81.9498825073, 23.8632926941, 38.7506980896, -2.18370962143, 7.15456342697, 17.1338386536, 19.488494873], [-528.338195801, 211.017211914, 32.5233154297, 99.677116394, 417.495788574, -0.541943848133, 127.432411194, 37.2232017517, 57.5682144165, -18.9750843048, 0.75106626749, 75.7463760376, 48.9820213318], [356.092559814, -191.623138428, 115.925346375, 50.6012458801, -0.541943848133, 198.658706665, 15.1499910355, 48.3736190796, -2.33009147644, 7.69880867004, 0.0122313434258, 23.395324707, -10.6628541946], [-186.549850464, 166.395645142, -55.2172393799, 81.9498825073, 127.432411194, 15.1499910355, 189.346099854, 38.023979187, 44.0467758179, 3.89922618866, 7.4391913414, 3.5879638195, 15.8961715698], [316.997161865, -113.401550293, 25.8842544556, 23.8632926941, 37.2232017517, 48.3736190796, 38.023979187, 115.371582031, 27.4799499512, 38.5155067444, -0.48803794384, 7.61719512939, -0.868560791016], [-114.126869202, 117.018226624, -33.3549156189, 38.7506980896, 57.5682144165, -2.33009147644, 44.0467758179, 27.4799499512, 98.0562057495, 15.0342359543, 20.2239875793, 4.72810316086, 10.5147953033], [257.906738281, -147.301757812, 11.0257310867, -2.18370962143, -18.9750843048, 7.69880867004, 3.89922618866, 38.5155067444, 15.0342359543, 99.3003082275, 17.9327774048, 2.29888272285, -6.02464437485], [-120.574501038, 82.7880477905, -18.3738174438, 7.15456342697, 0.75106626749, 0.0122313434258, 7.4391913414, -0.48803794384, 20.2239875793, 17.9327774048, 69.2260971069, 10.8266162872, 5.89071702957], [185.340499878, -98.1581039429, 28.1654758453, 17.1338386536, 75.7463760376, 23.395324707, 3.5879638195, 7.61719512939, 4.72810316086, 2.29888272285, 10.8266162872, 119.690994263, 36.3489952087], [-65.5089645386, 63.6751251221, -33.3501434326, 19.488494873, 48.9820213318, -10.6628541946, 15.8961715698, -0.868560791016, 10.5147953033, -6.02464437485, 5.89071702957, 36.3489952087, 67.0858612061]]}, "spectral_energyband_middle_low": {"dmean2": 0.00462076161057, "median": 0.00521361362189, "min": 1.955011136e-22, "dvar2": 5.93269287492e-05, "dvar": 2.53079979302e-05, "dmean": 0.00295452261344, "max": 0.0628450661898, "var": 5.55361111765e-05, "mean": 0.00760956015438}, "melbands_crest": {"dmean2": 5.32982349396, "median": 13.5672683716, "min": 1.68190562725, "dvar2": 25.7788238525, "dvar": 12.8751392365, "dmean": 3.56332707405, "max": 36.7468681335, "var": 42.6202583313, "mean": 15.0202608109}, "spectral_kurtosis": {"dmean2": 2.28493475914, "median": 3.76457452774, "min": -1.2507352829, "dvar2": 12.2784881592, "dvar": 4.03197336197, "dmean": 1.33543169498, "max": 58.6767921448, "var": 15.0469732285, "mean": 4.39704418182}, "spectral_rms": {"dmean2": 0.00119479268324, "median": 0.00459991302341, "min": 3.15857713248e-12, "dvar2": 2.31436479226e-06, "dvar": 1.11852159534e-06, "dmean": 0.000792352249846, "max": 0.0141761787236, "var": 3.32433228323e-06, "mean": 0.00492995325476}, "zerocrossingrate": {"dmean2": 0.01254844293, "median": 0.06201171875, "min": 0.00244140625, "dvar2": 0.000216100001126, "dvar": 0.000197005778318, "dmean": 0.0112514095381, "max": 0.51025390625, "var": 0.0018845309969, "mean": 0.0694262683392}, "silence_rate_60dB": {"dmean2": 0.00381263624877, "median": 0, "min": 0, "dvar2": 0.00461579067633, "dvar": 0.00190260156523, "dmean": 0.00190605851822, "max": 1, "var": 0.0158047378063, "mean": 0.016063163057}, "erbbands_kurtosis": {"dmean2": 0.973344504833, "median": -0.010354757309, "min": -1.72468042374, "dvar2": 1.31034743786, "dvar": 0.543505012989, "dmean": 0.61600035429, "max": 16.2725830078, "var": 1.4546006918, "mean": 0.21316857636}, "erbbands": {"dmean2": [0.356410801411, 1.97737658024, 4.8552980423, 4.11310815811, 4.7369222641, 8.0723695755, 7.44296216965, 9.07644081116, 20.6906661987, 20.1109809875, 19.3081378937, 13.1730098724, 24.4120788574, 27.384967804, 26.4624900818, 37.4676551819, 19.6611652374, 16.0843982697, 26.6364383698, 33.2613716125, 32.0533256531, 27.9108753204, 26.7143764496, 18.3740673065, 13.548874855, 14.0094347, 11.7721757889, 9.15622806549, 6.29575967789, 4.2100687027, 3.401055336, 3.63502073288, 2.45947265625, 1.8430134058, 0.850774049759, 0.288706123829, 0.0885007157922, 0.0182587075979, 0.00197903695516, 9.25386411836e-05], "median": [0.0760122835636, 0.726712703705, 2.45888781548, 3.10970211029, 2.25694608688, 2.86783432961, 3.82537746429, 4.14668655396, 7.92667579651, 5.26758146286, 7.21879291534, 6.15837192535, 12.8783521652, 19.1779918671, 19.6693458557, 25.2442874908, 14.6543941498, 10.0634126663, 18.8799247742, 29.0423126221, 30.4014797211, 29.6206893921, 29.3720607758, 19.4494304657, 13.9298048019, 10.3943271637, 8.52993106842, 5.90810585022, 2.18502855301, 1.2490799427, 1.22816026211, 1.13913023472, 0.806266188622, 0.434345662594, 0.171701967716, 0.0483914241195, 0.0103151910007, 0.00184121425264, 0.000174760061782, 4.42156670033e-05], "min": [1.31350237968e-22, 5.63374418686e-22, 3.65413619113e-21, 1.7389331726e-20, 2.41215947884e-20, 2.07986277064e-20, 4.83242662016e-20, 2.01744465866e-19, 1.79559947127e-19, 1.60504523397e-19, 4.53549954103e-19, 8.13734584901e-19, 4.01661819006e-19, 7.52752710493e-19, 1.47575576686e-18, 1.55884285406e-18, 1.88388895584e-18, 2.56732005359e-18, 3.2956418296e-18, 3.1360288518e-18, 4.07150746567e-18, 7.19532733842e-18, 6.33259946623e-18, 6.95567243545e-18, 1.06641745844e-17, 9.8610864344e-18, 8.54354736446e-18, 1.35367453772e-17, 1.38626106979e-17, 1.22899443117e-17, 1.31715037777e-17, 1.1488538647e-17, 1.09846202178e-17, 8.26258058016e-18, 6.52248249815e-18, 3.91607774703e-18, 2.33552688196e-18, 1.07201345936e-18, 2.6174222799e-19, 2.73745407084e-20], "dvar2": [0.523575842381, 18.6884078979, 91.8558883667, 36.9650344849, 108.568664551, 264.033508301, 189.440917969, 432.368743896, 2692.86181641, 2445.07714844, 1995.34313965, 894.652954102, 1997.97033691, 1566.88330078, 1445.42004395, 3632.67822266, 959.89276123, 852.807739258, 2505.11279297, 2561.02514648, 2794.20288086, 1423.45715332, 1178.18774414, 714.792114258, 439.938323975, 799.149963379, 1068.92297363, 736.770019531, 207.962844849, 84.5165557861, 97.7880401611, 202.426025391, 71.703338623, 45.5317192078, 7.0313911438, 0.573612868786, 0.0484584346414, 0.00225705746561, 2.70086056844e-05, 4.83624269521e-08], "dvar": [0.284651577473, 6.70708322525, 32.318195343, 13.8274078369, 41.1202735901, 107.798347473, 78.9998779297, 153.989608765, 929.708862305, 986.508239746, 961.572937012, 350.657104492, 848.293579102, 658.37701416, 557.65612793, 1396.4342041, 389.745819092, 341.531188965, 1076.75305176, 1072.9486084, 1023.33831787, 545.920288086, 453.143035889, 280.038909912, 187.458724976, 399.627807617, 496.808258057, 286.326934814, 88.0485076904, 35.7625694275, 43.9216804504, 88.5363693237, 35.771686554, 22.4369850159, 3.63022971153, 0.28815227747, 0.0233840160072, 0.00104475952685, 1.2754007912e-05, 2.24546852223e-08], "dmean": [0.239124700427, 1.13761997223, 2.82001781464, 2.49931716919, 2.87020206451, 5.0002746582, 4.68087244034, 5.30669164658, 12.0688972473, 12.4500789642, 12.6765089035, 8.21123313904, 15.2999362946, 17.1683712006, 16.1942329407, 22.9272632599, 12.1113157272, 9.92366981506, 16.8028907776, 20.7577075958, 19.1347618103, 16.9381141663, 16.1085700989, 11.1627588272, 8.25572967529, 9.27397346497, 7.57990646362, 5.57004117966, 3.86875247955, 2.55066466331, 2.20981121063, 2.44170212746, 1.6554889679, 1.24550807476, 0.572349309921, 0.191855743527, 0.0589221678674, 0.0121573666111, 0.00131481164135, 6.13856318523e-05], "max": [4.84656572342, 23.2211303711, 74.58568573, 50.3810195923, 81.4763641357, 144.090774536, 172.549728394, 161.203353882, 397.46661377, 593.964355469, 1120.04931641, 564.069030762, 803.017333984, 735.356689453, 340.386383057, 962.429626465, 403.110076904, 304.428100586, 1009.87139893, 814.110961914, 929.28326416, 564.902160645, 457.419525146, 462.678283691, 467.438262939, 549.30456543, 1080.46594238, 793.372924805, 257.475402832, 190.468582153, 250.031387329, 314.269897461, 214.498657227, 239.923309326, 83.9199829102, 16.5225105286, 3.3432404995, 0.568680822849, 0.0581496506929, 0.00243971287273], "var": [0.41936430335, 5.77839946747, 31.7278194427, 23.8430995941, 47.3161964417, 173.418319702, 119.956794739, 151.903244019, 808.50604248, 1839.83422852, 8391.31152344, 786.183776855, 1495.36975098, 1730.78442383, 1142.15234375, 2665.10961914, 787.894836426, 513.97265625, 2010.33288574, 2301.88378906, 2010.10620117, 1306.1307373, 1042.24414062, 716.37121582, 504.175170898, 1641.38037109, 1054.17407227, 317.675994873, 146.975372314, 69.2091217041, 93.0129776001, 146.886489868, 74.2104492188, 48.6257095337, 7.93908500671, 0.577464401722, 0.0400141142309, 0.00150463380851, 1.75596906047e-05, 3.05947551738e-08], "mean": [0.307120412588, 1.47609102726, 4.33407497406, 4.64822483063, 4.38883829117, 7.53952217102, 7.39559173584, 7.9561548233, 15.9744129181, 20.0738449097, 29.547624588, 14.7419605255, 25.6066360474, 32.0329437256, 30.0648422241, 40.5293502808, 23.1896800995, 16.6679534912, 30.7130260468, 41.13256073, 40.0855369568, 37.0839233398, 35.4489364624, 24.9243869781, 18.6346530914, 21.2422351837, 15.7959709167, 10.2319774628, 6.2313914299, 3.94387292862, 3.91187334061, 4.14311170578, 2.94244456291, 1.99358427525, 0.853246569633, 0.273637652397, 0.0775426328182, 0.014990279451, 0.00155446631834, 9.72639318206e-05]}, "spectral_strongpeak": {"dmean2": 0.684671580791, "median": 0.336932718754, "min": 0, "dvar2": 2.04585194588, "dvar": 0.77941262722, "dmean": 0.395193606615, "max": 15.1135854721, "var": 1.11958265305, "mean": 0.677961409092}, "spectral_energy": {"dmean2": 0.0149093400687, "median": 0.0216881800443, "min": 1.02260243617e-20, "dvar2": 0.000529316079337, "dvar": 0.000239674700424, "dmean": 0.00969096831977, "max": 0.205988124013, "var": 0.000462862692075, "mean": 0.028319535777}, "average_loudness": 0.833211064339, "spectral_rolloff": {"dmean2": 902.842834473, "median": 1830.32226562, "min": 64.599609375, "dvar2": 1697341.375, "dvar": 882772.25, "dmean": 556.893066406, "max": 19121.484375, "var": 2915576.75, "mean": 1928.65356445}, "spectral_centroid": {"dmean2": 342.704284668, "median": 1819.44018555, "min": 123.247848511, "dvar2": 126396.59375, "dvar": 57905.984375, "dmean": 220.99559021, "max": 11624.9853516, "var": 572929.375, "mean": 1774.76257324}, "pitch_salience": {"dmean2": 0.116095431149, "median": 0.541443288326, "min": 0.0625138804317, "dvar2": 0.0116203995422, "dvar": 0.00499281100929, "dmean": 0.0729829668999, "max": 0.893699884415, "var": 0.015132503584, "mean": 0.528846561909}, "spectral_energyband_middle_high": {"dmean2": 0.0030199426692, "median": 0.00598074216396, "min": 1.46322999702e-21, "dvar2": 1.54872104758e-05, "dvar": 6.24209496891e-06, "dmean": 0.00190859253053, "max": 0.0439532957971, "var": 2.29498200497e-05, "mean": 0.00675859441981}, "spectral_contrast_coeffs": {"dmean2": [0.0809467062354, 0.0771770775318, 0.0616720430553, 0.0493444316089, 0.0361683480442, 0.0312754735351], "median": [-0.663316130638, -0.744063913822, -0.778250336647, -0.779451549053, -0.776749610901, -0.756785213947], "min": [-0.977156102657, -0.98566198349, -0.970311522484, -0.96888756752, -0.965097427368, -0.963680207729], "dvar2": [0.00461799558252, 0.0037754024379, 0.0023328771349, 0.00149738916662, 0.000829220283777, 0.000886738649569], "dvar": [0.00177435355727, 0.00141517363954, 0.000873112061527, 0.000568249786738, 0.000342028681189, 0.000370192661649], "dmean": [0.0493686050177, 0.0469322502613, 0.0375291146338, 0.0300680734217, 0.0222486238927, 0.0195467080921], "max": [-0.331285655499, -0.422938108444, -0.547486960888, -0.613142907619, -0.582917869091, -0.613095521927], "var": [0.00630506081507, 0.00643288902938, 0.00312332203612, 0.0018687142292, 0.00166150019504, 0.0019119217759], "mean": [-0.659425795078, -0.733223080635, -0.775835752487, -0.777889728546, -0.773479044437, -0.757702231407]}, "melbands_skewness": {"dmean2": 1.07001388073, "median": 2.13244581223, "min": -1.59873652458, "dvar2": 1.47555816174, "dvar": 0.684354841709, "dmean": 0.695443153381, "max": 14.0837097168, "var": 2.10819292068, "mean": 2.47101378441}, "spectral_spread": {"dmean2": 781025.3125, "median": 4172900.25, "min": 1249508, "dvar2": 1136631480320.0, "dvar": 612287774720, "dmean": 540451.125, "max": 43378824, "var": 6058745528320.0, "mean": 4526068.5}, "dissonance": {"dmean2": 0.0205247458071, "median": 0.482041507959, "min": 0.245067030191, "dvar2": 0.000423403398599, "dvar": 0.000156870752107, "dmean": 0.0121320886537, "max": 0.500000119209, "var": 0.000496144522913, "mean": 0.474984407425}, "spectral_skewness": {"dmean2": 0.296037197113, "median": 1.40292811394, "min": -0.0565869770944, "dvar2": 0.107592560351, "dvar": 0.0400299169123, "dmean": 0.181153967977, "max": 5.97004270554, "var": 0.194844037294, "mean": 1.43570077419}, "spectral_flux": {"dmean2": 0.042301479727, "median": 0.0727861225605, "min": 6.45223666162e-11, "dvar2": 0.00258076470345, "dvar": 0.00115117209498, "dmean": 0.0261028148234, "max": 0.324638307095, "var": 0.0026560886763, "mean": 0.0867420658469}, "spectral_contrast_valleys": {"dmean2": [0.607142865658, 0.578264772892, 0.53437513113, 0.402920782566, 0.357690483332, 0.39334499836], "median": [-6.95074605942, -6.82617092133, -6.89372634888, -7.18288183212, -6.98331069946, -9.82987689972], "min": [-27.744550705, -27.5563335419, -27.5446853638, -27.6068515778, -27.5158405304, -27.3616333008], "dvar2": [0.248606100678, 0.240307331085, 0.233574479818, 0.120104633272, 0.13697168231, 0.243297383189], "dvar": [0.104908049107, 0.100884832442, 0.0964457914233, 0.056638404727, 0.0657578781247, 0.13307492435], "dmean": [0.372290879488, 0.348284989595, 0.32311964035, 0.249906286597, 0.227998957038, 0.279066622257], "max": [-4.94659042358, -4.5754327774, -5.11036252975, -5.63576173782, -5.52888011932, -7.41204357147], "var": [1.86746573448, 1.7596155405, 1.67456078529, 1.68216884136, 1.86032915115, 2.04270005226], "mean": [-7.16114091873, -6.92445421219, -7.01368618011, -7.37469244003, -7.25162220001, -9.98791790009]}, "erbbands_flatness_db": {"dmean2": 0.0214113984257, "median": 0.139751285315, "min": 0.0355147048831, "dvar2": 0.000432412576629, "dvar": 0.000212325059692, "dmean": 0.0143795963377, "max": 0.328145205975, "var": 0.00151758932043, "mean": 0.143966972828}, "spectral_energyband_high": {"dmean2": 0.000847425486427, "median": 0.000559225794859, "min": 7.06932704515e-21, "dvar2": 3.01700129057e-06, "dvar": 1.50385289999e-06, "dmean": 0.000572389690205, "max": 0.0304506924003, "var": 4.23727033194e-06, "mean": 0.00123234512284}, "spectral_entropy": {"dmean2": 0.17917047441, "median": 7.80645179749, "min": 5.32665205002, "dvar2": 0.0326655879617, "dvar": 0.0162528846413, "dmean": 0.118725605309, "max": 9.81965065002, "var": 0.160014644265, "mean": 7.74985551834}, "silence_rate_20dB": {"dmean2": 0, "median": 1, "min": 1, "dvar2": 0, "dvar": 0, "dmean": 0, "max": 1, "var": 0, "mean": 1}, "melbands_flatness_db": {"dmean2": 0.037595000118, "median": 0.166304692626, "min": 0.00478360755369, "dvar2": 0.00158514967188, "dvar": 0.0007381272153, "dmean": 0.0247235223651, "max": 0.596519112587, "var": 0.00482706632465, "mean": 0.176205292344}, "barkbands": {"dmean2": [0.001332291984, 0.00866008456796, 0.00413923012093, 0.00125325913541, 0.00202955654822, 0.000968971697148, 0.00148737686686, 0.000982332392596, 0.000593326345552, 0.000926674692892, 0.000693168956786, 0.000944969011471, 0.000425246311352, 0.000401716271881, 0.000645023130346, 0.000578272214625, 0.000604281609412, 0.000464682059828, 0.000312033458613, 0.000300449872157, 0.000272448640317, 0.000172010186361, 0.000118016934721, 0.000156510868692, 0.00013874292199, 5.18283923157e-05, 1.18465950436e-05], "median": [0.000102823396446, 0.00325929373503, 0.00232337461784, 0.000694347603712, 0.00097048463067, 0.000525795738213, 0.00049248180585, 0.000253094069194, 0.000210765691008, 0.000568458694033, 0.00037923574564, 0.000608148868196, 0.000269324984401, 0.000189523329027, 0.000478070927784, 0.00045798526844, 0.000530134886503, 0.000492167542689, 0.000301845546346, 0.00022776046535, 0.000186026489246, 5.43023816135e-05, 4.33493623859e-05, 5.19916029589e-05, 3.14377757604e-05, 7.46164960219e-06, 9.19367835195e-07], "min": [5.4204851469e-25, 2.39248417463e-24, 2.5795367031e-24, 3.67273127087e-24, 1.92856580477e-23, 1.90279356123e-23, 4.81878563297e-24, 1.24881682675e-23, 3.52019649515e-23, 2.87963418259e-23, 1.94696693202e-23, 3.70665386752e-23, 3.1310015546e-23, 3.43986773581e-23, 6.44456066879e-23, 6.25063467692e-23, 1.11545121325e-22, 1.27775423268e-22, 1.87356888371e-22, 2.48118236952e-22, 2.90073696911e-22, 3.9200785446e-22, 4.36502966906e-22, 6.986514674e-22, 8.98450320455e-22, 1.20813181781e-21, 1.98075486064e-21], "dvar2": [8.04386127129e-06, 0.000300712155877, 5.6306940678e-05, 4.41730207967e-06, 1.45679514389e-05, 3.75328568225e-06, 1.25654578369e-05, 5.30193574377e-06, 1.81285633971e-06, 2.47545744969e-06, 1.0546817748e-06, 2.19023172576e-06, 4.71557086712e-07, 7.30314582142e-07, 9.89590489553e-07, 9.20538013816e-07, 6.91875072789e-07, 3.63483707133e-07, 1.94664167452e-07, 3.12066049446e-07, 5.85280986343e-07, 1.63165907452e-07, 9.75178053864e-08, 3.16219455954e-07, 2.04338405752e-07, 1.68924128019e-08, 9.97256943691e-10], "dvar": [4.51872892882e-06, 0.000133779569296, 2.00287304324e-05, 1.60135903116e-06, 6.15855742581e-06, 1.36270489293e-06, 4.47259026259e-06, 2.45177238867e-06, 7.13685210485e-07, 1.02604406038e-06, 4.54163227914e-07, 8.43924112814e-07, 1.907971523e-07, 2.97602412047e-07, 4.33785515952e-07, 3.52321109176e-07, 2.66972421059e-07, 1.38507289194e-07, 7.90098013681e-08, 1.53565665073e-07, 2.41443615323e-07, 6.80527918462e-08, 4.46201937621e-08, 1.47984891896e-07, 1.07412837735e-07, 8.22848633675e-09, 4.63185656496e-10], "dmean": [0.000955823808908, 0.00543334847316, 0.00245688273571, 0.000749886152335, 0.00126748753246, 0.000577364233322, 0.000878080842085, 0.000639983802103, 0.000367648754036, 0.000574119680095, 0.00042896339437, 0.000578052655328, 0.000261122157099, 0.000247597432462, 0.000408236024668, 0.000345873559127, 0.000369355402654, 0.000282245018752, 0.000188608697499, 0.000195671411348, 0.000166755300597, 0.00010495402239, 7.61191549827e-05, 0.000105633313069, 9.40607205848e-05, 3.46020242432e-05, 7.87673980085e-06], "max": [0.020364748314, 0.106656633317, 0.0596804618835, 0.0204358808696, 0.0346185714006, 0.0147341154516, 0.0346289649606, 0.0430972538888, 0.0230747647583, 0.0339271277189, 0.0182165224105, 0.0229662172496, 0.010310722515, 0.0124329123646, 0.0175595879555, 0.0200979337096, 0.0103540439159, 0.00879719574004, 0.0072562256828, 0.00891809910536, 0.0167148262262, 0.0091501744464, 0.00824808422476, 0.0106004578993, 0.0144862132147, 0.00222633150406, 0.000322220264934], "var": [6.93823676556e-06, 0.000178847796633, 2.23682582146e-05, 2.30990849559e-06, 1.01913901744e-05, 1.48895810526e-06, 4.93407696922e-06, 1.60027175298e-05, 1.60849447184e-06, 1.74383831109e-06, 1.21634343486e-06, 1.73257956249e-06, 3.69528549982e-07, 4.20088383635e-07, 9.68023414316e-07, 7.20242212537e-07, 5.72390661091e-07, 3.37271757189e-07, 1.99835767489e-07, 5.94036123402e-07, 3.34641327981e-07, 1.05929920835e-07, 1.01439233902e-07, 2.74365305586e-07, 2.52015269098e-07, 1.52597330327e-08, 6.24280849237e-10], "mean": [0.00110495486297, 0.00789940916002, 0.00390729494393, 0.00119940249715, 0.00207143835723, 0.000897731457371, 0.00118748680688, 0.00135059922468, 0.000608864473179, 0.000960916280746, 0.000732354354113, 0.00100800034124, 0.000457206129795, 0.000366220716387, 0.000747702782974, 0.000653775699902, 0.000714118941687, 0.00060722901253, 0.000398244970711, 0.000441692216555, 0.000316333607771, 0.000162817595992, 0.000134370449814, 0.000186106874025, 0.000148326696944, 4.7700417781e-05, 9.14542306418e-06]}, "erbbands_skewness": {"dmean2": 0.436925679445, "median": -0.221849441528, "min": -3.62147474289, "dvar2": 0.148723289371, "dvar": 0.0659989714622, "dmean": 0.281647831202, "max": 3.5856924057, "var": 0.430450230837, "mean": -0.145173087716}, "erbbands_spread": {"dmean2": 10.3107442856, "median": 33.8376922607, "min": 4.16701698303, "dvar2": 115.822036743, "dvar": 51.7226715088, "dmean": 6.64253234863, "max": 166.357452393, "var": 195.893005371, "mean": 36.3962783813}, "melbands_kurtosis": {"dmean2": 8.64982700348, "median": 4.91866111755, "min": -1.73718714714, "dvar2": 214.986022949, "dvar": 98.7412261963, "dmean": 5.53242301941, "max": 284.845184326, "var": 289.949249268, "mean": 9.92322254181}, "melbands": {"dmean2": [0.00257095322013, 0.00252773310058, 0.000698147458024, 0.000399095617468, 0.000307012640405, 0.000210659651202, 0.000312193762511