{"tonal": {"thpcp": [1, 0.63309019804, 0.353423923254, 0.323571503162, 0.277528017759, 0.246284350753, 0.223902091384, 0.188088715076, 0.212704464793, 0.250456571579, 0.252032309771, 0.268172740936, 0.250368863344, 0.212455973029, 0.197013258934, 0.167675346136, 0.136677354574, 0.117030024529, 0.113111585379, 0.218100845814, 0.445949286222, 0.51756811142, 0.392031043768, 0.273559004068, 0.193736165762, 0.16854955256, 0.167602166533, 0.162109389901, 0.199998527765, 0.266240119934, 0.304827570915, 0.369594365358, 0.437468618155, 0.441588163376, 0.507706701756, 0.841942727566], "hpcp": {"dmean2": [0.429610639811, 0.476928472519, 0.487082272768, 0.488241881132, 0.438466370106, 0.353284537792, 0.340549439192, 0.302194088697, 0.269756257534, 0.230079382658, 0.185977622867, 0.175999373198, 0.17816400528, 0.185631364584, 0.210432991385, 0.202660471201, 0.176970168948, 0.166743829846, 0.141690418124, 0.117378070951, 0.100843451917, 0.100182451308, 0.18374055624, 0.30117303133, 0.305067867041, 0.281756401062, 0.221095487475, 0.169940292835, 0.143957152963, 0.148111358285, 0.144945174456, 0.164876207709, 0.210309758782, 0.237570017576, 0.361940264702, 0.453291267157], "median": [0.0309027209878, 0.0544704720378, 0.177492111921, 0.198109298944, 0.107265427709, 0.0306692011654, 0.0218131765723, 0.0175135321915, 0.0166308172047, 0.0187103487551, 0.0142607977614, 0.0110334865749, 0.0131054911762, 0.0260430574417, 0.036611199379, 0.0307599902153, 0.0155766252428, 0.011631431058, 0.0135849826038, 0.0144090205431, 0.0100295376033, 0.00827175378799, 0.0258362255991, 0.0832943692803, 0.0995865240693, 0.0585088357329, 0.0218427665532, 0.016070863232, 0.0150153245777, 0.0116094779223, 0.00865657906979, 0.0195136889815, 0.0297086667269, 0.0260427817702, 0.0212789662182, 0.0212799683213], "min": [0, 0, 0, 0, 0, 0, 0, 0, 0, 0, 0, 0, 0, 0, 0, 0, 0, 0, 0, 0, 0, 0, 0, 0, 0, 0, 0, 0, 0, 0, 0, 0, 0, 0, 0, 0], "dvar2": [0.2145498842, 0.24696880579, 0.213811010122, 0.227806583047, 0.199711978436, 0.221408829093, 0.21903604269, 0.184009760618, 0.177404075861, 0.157486394048, 0.123129658401, 0.114499635994, 0.111232988536, 0.102732256055, 0.107780016959, 0.107460290194, 0.104812994599, 0.0962293148041, 0.072077408433, 0.0554516762495, 0.0493690632284, 0.0467803068459, 0.0749983713031, 0.134467944503, 0.121665790677, 0.128354564309, 0.117867924273, 0.0997050851583, 0.0820307731628, 0.0965150892735, 0.0902439057827, 0.0878467932343, 0.106444649398, 0.113459907472, 0.19453497231, 0.271379411221], "dvar": [0.0860175862908, 0.090274900198, 0.0814371556044, 0.0972984209657, 0.0723632052541, 0.073510915041, 0.0752651244402, 0.0652372017503, 0.0614983178675, 0.0544424839318, 0.0422453396022, 0.0397579707205, 0.041009452194, 0.0375288501382, 0.0388768836856, 0.0391380041838, 0.0392595827579, 0.0367331169546, 0.0263054780662, 0.0192975308746, 0.0172111429274, 0.0166320987046, 0.0266118422151, 0.0486569702625, 0.046764805913, 0.0484958551824, 0.046363864094, 0.0355058535933, 0.0296746026725, 0.0354265421629, 0.0338816232979, 0.0336595103145, 0.0402251929045, 0.0444676727057, 0.0766169801354, 0.106714688241], "dmean": [0.233373880386, 0.259327232838, 0.280116409063, 0.278367608786, 0.245384037495, 0.190201044083, 0.181903019547, 0.159820303321, 0.142290711403, 0.122740447521, 0.09977286309, 0.0967250838876, 0.0992653816938, 0.103484742343, 0.117984458804, 0.113471999764, 0.098463460803, 0.0934907495975, 0.0795770436525, 0.0647899657488, 0.0554312318563, 0.0547801628709, 0.101375333965, 0.171029180288, 0.177618712187, 0.159418344498, 0.124381646514, 0.0949571728706, 0.080059222877, 0.0815657898784, 0.0800238624215, 0.0916803479195, 0.117307133973, 0.133112072945, 0.194669127464, 0.24406285584], "max": [1, 1, 1, 1, 1, 1, 1, 1, 1, 1, 1, 1, 1, 1, 1, 1, 1, 1, 1, 1, 1, 1, 1, 1, 1, 1, 1, 1, 1, 1, 1, 1, 1, 1, 1, 1], "var": [0.0764373838902, 0.07996160537, 0.121458224952, 0.1606515944, 0.0840658396482, 0.0571550279856, 0.0565029680729, 0.0458514355123, 0.0409222021699, 0.0369414910674, 0.028995892033, 0.034211371094, 0.0468704327941, 0.0375220328569, 0.0330119952559, 0.032820276916, 0.0347133465111, 0.0324368551373, 0.0211153030396, 0.0139826964587, 0.0129953688011, 0.013337594457, 0.0227336864918, 0.054422840476, 0.0652171224356, 0.0529887899756, 0.0454541966319, 0.0277882087976, 0.0241304263473, 0.0283790510148, 0.0270152781159, 0.0286698881537, 0.036517161876, 0.0442356541753, 0.0641827359796, 0.086246445775], "mean": [0.171544909477, 0.197230145335, 0.32707169652, 0.388472616673, 0.245938211679, 0.137295514345, 0.125698670745, 0.107812032104, 0.0956747233868, 0.0869798287749, 0.0730673149228, 0.0826298594475, 0.0972955226898, 0.0979076549411, 0.104177765548, 0.0972614437342, 0.0825333297253, 0.0765342563391, 0.0651372820139, 0.053095407784, 0.0454629585147, 0.0439407527447, 0.0847262069583, 0.173239082098, 0.201061040163, 0.152293324471, 0.106270186603, 0.0752611979842, 0.0654768869281, 0.0651088505983, 0.0629750564694, 0.0776939541101, 0.103426992893, 0.118417166173, 0.143577292562, 0.16994458437]}, "tuning_equal_tempered_deviation": 0.169730812311, "chords_changes_rate": 0.0844260677695, "key_key": "A#", "tuning_diatonic_strength": 0.616612792015, "key_scale": "major", "chords_number_rate": 0.00100867461879, "tuning_frequency": 443.828887939, "tuning_nontempered_energy_ratio": 0.816778302193, "chords_histogram": [40.0948143005, 5.73935842514, 3.62114191055, 1.72483360767, 0.47407707572, 0.151301190257, 0.0403469838202, 0.272342145443, 0.53459751606, 2.36029863358, 5.75953197479, 0.94815415144, 0.484163820744, 0.353036105633, 0, 2.18882393837, 6.48577785492, 23.9358482361, 2.794028759, 0.595117986202, 0.685898721218, 0.181561425328, 0, 0.574944496155], "key_strength": 0.648675978184, "chords_key": "A#", "chords_strength": {"dmean2": 0.0145306913182, "median": 0.541285157204, "min": 0.155840650201, "dvar2": 0.000170170096681, "dvar": 0.000102128717117, "dmean": 0.011477204971, "max": 0.870443224907, "var": 0.0171114336699, "mean": 0.530989825726}, "chords_scale": "major", "hpcp_entropy": {"dmean2": 1.23547077179, "median": 2.44605016708, "min": 0.0335051603615, "dvar2": 0.964050233364, "dvar": 0.341876804829, "dmean": 0.726291239262, "max": 4.72853422165, "var": 0.658888936043, "mean": 2.38869142532}}, "metadata": {"audio_properties": {"equal_loudness": 0, "codec": "mp3", "downmix": "mix", "sample_rate": 44100, "analysis_sample_rate": 44100, "bit_rate": 128000, "md5_encoded": "70e9e7c5abcb6cc5549aacab70db5ca9", "length": 460.329803467, "replay_gain": -5.61493110657, "lossless": false}, "version": {"essentia_build_sha": "2d9f1f26377add8aeb1075a9c2973f962c4f09fd", "essentia": "2.1-beta2", "extractor": "music 1.0", "essentia_git_sha": "v2.1_beta2-1-ge3940c0"}, "tags": {"title": ["Ihr Seid So Leise"], "acoustid_fingerprint": ["AQADtFuULFyGFw-P59h45FOMHz80mR7SqhXMRMcDx4mOnsEVYdeR8yhJ_MVL6BWUfUcl40eTJymOZseVTyh3YquNSwE_fDuu5MF-nCH84-iPazue4L6xnceVBdePWrDSxaAOuEaH8tg-9Dl6yki54vh2TDvwp0JK7jgf6JJRx0h1UBzj4MeWE48KN9MRPkef5GhyQcf9oU7T4CJyNFxw4gl2p3gQ0jssZVIOhpaFP5jlHCaHS4d2WvAD7_iPRhb04jtcH9fS4cc0orkuVJzy4mNQHg8qkTmsBn4sXPAZMDp-1EoUw9zxHH4USBlzMJbQnBgf9HgKzegRJirx5-guhGGOK4X2wz-mL0eegx5iP9C8w46UImVEw8ek4yHx48-DXNGhNzGew8e7BM-NldDyKA6-wusu3PDpw-FR9vjRzEJ3_ELZQQvXDvchhwdDNNfxjMd5ojyacQlOoTnRa0Z3-Id0QiSPS_CZoxfawvIF1_gxughz4mj2oN6MXggTPcGPHzoeHU_RnDkiPTl-8KiTYBc86ghvJLHxo42awtbxBje6HdkPLUf-wU9QdkE_5HdxaDrw43k6NH40hF6POWMwkdyC9B96HUxaoVSiQ2MWNMnFEL-Fps-HOllwVH7Q_Al0KcRz4r3QQ1x39M2KH35k5H1xHc13nDuo6UWPJ5iuI6S1QB_D4B8OP0ceHXknQ_cRygWaHa8-9EWYH9pnpD_KzsKDo1ks9EN-HBqD5kduoUfDO8hn9BLMQ3scfEbzQyuPH0_R8Ed5Qxd-pJc640T_w0QfE_nRHBqf4vKFUjZ8lDd-aL3RPAW650KD3zg9tLGP5oxxKbOG6ke6rCg7D0dvNGuU4xfCcoeWXfhxD82F0MclHaEfeCU0Xfhxytjc9LiO9j8cZNlCHRXNCb4-HH6OKzMeRpXwxcE7NC-yB3qO8IezDFU-HDt-IuxTIWFyOGONPhNxO2gcBrWHHb3hc6hF8CdCXfDxLjhf-McPnDDwwzfOHcfhH8cN4zeOw8Lx4zCO8_jh4z984gr-wz8O_PAPHTpO-LiECz4O6DBOHD6NQ_jhH4eP4wdOGAf8AzgOkzp-_PBxXjBwwCcu4DxM_Crg48dzwMeJ44RIAhBxwziND8dx-MfhC8dx-McvwJeO7_jxw8cBH-eBAyal4_hh3sBh4QSuH9ZxHMYBnzh0wMf5Qs9x5fCXo8_R64DPAz6B_zh8HD8Oy8RxCT-MD480WD-Oh_Bx_PB5HPcOwMdx-MZ1wIaMP_CPH7egD89enKDu4suR5jt--OgP5DfC8xrMMUafcEKvw07hrkS7B0eVo8l5JHqiIK2G55hiPcMn4U-OHvuP9-h15McDH8cPnbiF48eRnj5wu3BwXDx84yvxI2FO5B7q48dpo0_gBx_xHPlUyIdx-DhOHIcv5IeP_4NPHM9xuDsuxKeQUN5xVH_Q5_AjnKiaoNdxpD9u4vhx4oRwXMhxvPpwnIdtPHh6_EhzI7EXVMQfPEdfmGOEOwfyi4deHDj8C8dJ-LiFvLiPwz9w4YevET9OiFdQZQvG6nj0YPrhOkOPf0cfRNezYss24YHe4QdwnLiOHD8_HNeww35xHL8IUTv-of9w5UGPKQ6Dx_iO5sjb8NBx6PihH8dxHCl_HIePHy92-DqQMG2Qf7AYGj_848eXYTuJHObaQ8cPnzhEHYeOG8h5FRe-H-exvbiIt3jh_Eh85JKx9fjhHz2-CLV4ZPx2iDaeI8f_IbyN40V_6BA_ZPnx6fhx6Th6xrgoA_-g1riOSl5xZo7QH3aDaouIZCviH_fw4UxxFr6OOD-Sczj-COdxPfAzJGYQ6kP_wRb-pPhxIqGOtD3Qz8F39IS_CMmO_LhN9INP9EWrIz6RUMZxLYW5PThchch5JMYpivBx4yp-pNaHxIZ5HOdxGjmJhCp-9D56ws_xifgRHwllCs7xOegvVHgWweeRNEcOP8NvXHgH50ZiCrlwOOODijp6Rkg_JFtRXYSrYBeN4w2c8Uh85BI-D66O_cazIP2ROMdFwp0UPK7w4O-QBklK47jh58GP6UWeIdkOczf-qfhhEkf8I7Ek2BR8AK0IBQ5AwhSkQCBgDRGGSAEoEKYIIhgRhCAACGBSKCKQEUAgA5CYQglBEIBEEIIAYAwYIAgCQgiCSAFDAQCoIEggCQQSxgAFAiDCQAkQAxgYRgFAwmpkCGAAEGKIIQoIBAV1ghoABCGMIGKUMAAAAJBhAgokEBFGMCIMEBYoYhgAxDgFnDBAAEe8MQgIIYTQAjHGELJKMAQBJQBBTAQByAgijCJAAAKLAUAJIzABUAGhBBIMIAAlgEIpGRACkCBIAEOAKACKlcAiIBlgBCKwAHGGQiA8ccIoIJRwSAihBGIACQAQI4BYIBaAAgACKQGCKEkBIoQAIAAQHgEEgARcOAAMNRQAqxBTQjClhRNKOOWMVAZQc6AVRjhpjbPwCQmFcUA4A4AS8FEllHjKOeWUE8NZpoQV1innlHDWSOGUMsYK54QzygAJhDPOOkedFRQeSq2gzgjmHAVWKCuccIJSIJxzAhgnrnBiOOGAc4IhQKBgAgBllQXYSccEY8RRRp6QQlABtHVKGSOEQkAoo5hiDhDomCIICEMEMtQAQZwgxgBGDCDAKeAFU84KJaxTVgAllVDICgCUMwwBY5UyRjlnnWFUAaAEdAQTCQgCBBjElIHBCGeEM1a6C5Q1xhpgBXBEGQAgIAIZK4w11pCFgBIKMWGFIcQYRYgCAAlikDDWOUgBEFRBABIAAABCjFEMYASEctIpIZy1ZjBpNQAYCqCYM8BYZIAVSjBhrZSCGAkAYAQoZ4EyRDkDjDiKCGaUIEQ4RYwUQgkLjBOiECIEJAoqRo1zghgggCPEAAGIMAY4ApQhxgghgAVEOASkAlQRIKwChDDHACNACkAMcFYA64RhgAgPjFAWQEqMEIYwRgxyCAAGmAOKGWEoIJQIZQ0AFmFAKA"], "date": ["1999"], "genre": ["Pop/Electronica"], "musicbrainz album type": ["Compilation"], "musicip_puid": ["9e3d2294-ba7e-25a0-7d70-869072253f49"], "musicbrainz_recordingid": ["1aee1753-507a-41b2-a82e-d4cca6530fc5"], "musicbrainz_albumid": ["2680796b-3c99-4bc7-82ab-e1558fc84388"], "artist": ["Aquagen"], "tracknumber": ["05"], "bpm": ["137.76"], "album": ["Body Combat 8"], "acoustid_id": ["cba5453b-cd30-4b81-b5a2-40fb8da2d553"], "file_name": "Aquagen - Ihr Seid So Leise.mp3"}}, "rhythm": {"bpm_histogram_first_peak_bpm": {"dmean2": 0, "median": 136, "min": 136, "dvar2": 0, "dvar": 0, "dmean": 0, "max": 136, "var": 0, "mean": 136}, "bpm": 137.361358643, "bpm_histogram_second_peak_spread": {"dmean2": 0, "median": 0.0444444268942, "min": 0.0444444268942, "dvar2": 0, "dvar": 0, "dmean": 0, "max": 0.0444444268942, "var": 0, "mean": 0.0444444268942}, "bpm_histogram_first_peak_weight": {"dmean2": 0, "median": 0.439539343119, "min": 0.439539343119, "dvar2": 0, "dvar": 0, "dmean": 0, "max": 0.439539343119, "var": 0, "mean": 0.439539343119}, "onset_rate": 4.68993806839, "beats_position": [0.49922901392, 1.02167797089, 1.52090704441, 2.02013611794, 2.51936507225, 2.97215414047, 3.42494320869, 3.87773227692, 4.34213161469, 4.85297060013, 5.36380958557, 5.87464857101, 6.3622674942, 6.84988641739, 7.3491153717, 7.89478445053, 8.44045352936, 8.98612213135, 9.53179073334, 10.077460289, 10.623128891, 11.1687984467, 11.7260770798, 12.2717456818, 12.8174142838, 13.3514738083, 13.8390922546, 14.3383216858, 14.8375511169, 15.301949501, 15.7663488388, 16.242357254, 16.7415866852, 17.2175960541, 17.6819953918, 18.1347846985, 18.5875740051, 19.0519733429, 19.5163707733, 19.9807701111, 20.45677948, 20.9211788177, 21.3739681244, 21.826757431, 22.2911567688, 22.7555541992, 23.219953537, 23.6843528748, 24.1603622437, 24.6479816437, 25.1239910126, 25.6000003815, 26.076007843, 26.5404071808, 26.8887062073, 27.22539711, 27.5620861053, 27.9103851318, 28.2586841583, 28.5953731537, 28.9436721802, 29.291973114, 29.6402721405, 29.988571167, 30.3368701935, 30.6967792511, 31.0450782776, 31.3933773041, 31.7416782379, 32.0899772644, 32.4382743835, 32.8910636902, 33.3438529968, 33.7850341797, 34.2262115479, 34.6557807922, 35.0853500366, 35.5265312195, 35.9561004639, 36.3856697083, 36.8268470764, 37.2680282593, 37.6975975037, 38.1271629333, 38.5683441162, 38.9979133606, 39.427482605, 39.8686599731, 40.2982292175, 40.7277984619, 41.1689796448, 41.6101570129, 42.0397262573, 42.4692955017, 42.9104766846, 43.3632659912, 43.8276634216, 44.2920608521, 44.7448501587, 45.1976394653, 45.6388206482, 46.0916099548, 46.5676193237, 47.0204086304, 47.4615859985, 47.9027671814, 48.3439445496, 48.7735137939, 49.2030830383, 49.6442604065, 50.0854415894, 50.5150108337, 50.9445800781, 51.3857574463, 51.8153266907, 52.2448959351, 52.6860771179, 53.1156463623, 53.5452156067, 53.9863929749, 54.4275741577, 54.8571434021, 55.2983207703, 55.7278900146, 56.1690673828, 56.5986366272, 57.0282058716, 57.4693870544, 57.9105644226, 58.340133667, 58.7697029114, 59.2108840942, 59.6520614624, 60.0816307068, 60.5111999512, 60.952381134, 61.3819503784, 61.8115196228, 62.252696991, 62.6822662354, 63.1234474182, 63.5530128479, 63.9941940308, 64.4237594604, 64.8533325195, 65.2945098877, 65.7356872559, 66.1652603149, 66.5948257446, 67.0360107422, 67.4771881104, 67.895149231, 68.3363265991, 68.7775039673, 69.2186813354, 69.6366424561, 70.0778198242, 70.5073928833, 70.9485702515, 71.3781356812, 71.8193206787, 72.2488861084, 72.6784591675, 73.0964126587, 73.5259857178, 73.9671630859, 74.4199523926, 74.8611297607, 75.3023147583, 75.731880188, 76.1614532471, 76.6026306152, 77.0438079834, 77.4733810425, 77.9029464722, 78.3325119019, 78.7736968994, 79.2032623291, 79.6444396973, 80.0740127563, 80.5151901245, 80.9447631836, 81.3859405518, 81.8155059814, 82.256690979, 82.6862564087, 83.1274337769, 83.5570068359, 83.9865722656, 84.4277572632, 84.8573226929, 85.2868881226, 85.7280731201, 86.1692504883, 86.6104278564, 87.0400009155, 87.4695663452, 87.9107437134, 88.3519287109, 88.7814941406, 89.2110671997, 89.6406326294, 90.0702056885, 90.5113830566, 90.9525604248, 91.3821334839, 91.8116989136, 92.2528762817, 92.6940536499, 93.1120147705, 93.5531921387, 93.9943771362, 94.4355545044, 94.853515625, 95.2946929932, 95.7358703613, 96.1654434204, 96.5950088501, 97.0361862183, 97.4773712158, 97.9069366455, 98.3365097046, 98.7776870728, 99.2072525024, 99.6368255615, 100.07800293, 100.519180298, 100.948753357, 101.389930725, 101.819496155, 102.260681152, 102.701858521, 103.13142395, 103.560997009, 104.002174377, 104.420135498, 104.861312866, 105.302490234, 105.743675232, 106.161628723, 106.602806091, 107.043991089, 107.485168457, 107.903129578, 108.344306946, 108.785484314, 109.215057373, 109.644622803, 110.085800171, 110.526985168, 110.968162537, 111.386123657, 111.827301025, 112.268478394, 112.698051453, 113.127616882, 113.56879425, 114.009971619, 114.439544678, 114.869110107, 115.310295105, 115.739860535, 116.181037903, 116.610610962, 117.05178833, 117.481361389, 117.910926819, 118.352104187, 118.793289185, 119.222854614, 119.652427673, 120.093605042, 120.53478241, 120.964347839, 121.393920898, 121.835098267, 122.276275635, 122.705848694, 123.135414124, 123.576599121, 124.017776489, 124.43573761, 124.876914978, 125.318092346, 125.759269714, 126.188842773, 126.618408203, 127.059593201, 127.500770569, 127.930335999, 128.359909058, 128.801086426, 129.242263794, 129.660217285, 130.101409912, 130.54258728, 130.983764648, 131.424942017, 131.877731323, 132.33052063, 132.794921875, 133.236099243, 133.68888855, 134.130065918, 134.582855225, 135.035644531, 135.581314087, 136.15020752, 136.707473755, 137.229934692, 137.752380371, 138.205169678, 138.634735107, 139.064300537, 139.493881226, 139.923446655, 140.353012085, 140.770965576, 141.177322388, 141.595275879, 142.013244629, 142.43119812, 142.825942993, 143.220672607, 143.61541748, 144.010162354, 144.404891968, 144.799636841, 145.194366455, 145.600723267, 146.07673645, 146.541137695, 147.01713562, 147.469924927, 147.911102295, 148.363891602, 148.828292847, 149.30430603, 149.768707275, 150.221496582, 150.674285889, 151.138687134, 151.684356689, 152.230026245, 152.775695801, 153.332962036, 153.878631592, 154.424301147, 154.958358765, 155.50402832, 156.061309814, 156.595367432, 157.141036987, 157.675094604, 158.22076416, 158.766433716, 159.312103271, 159.857772827, 160.403442383, 161.007156372, 161.599273682, 162.249435425, 162.887985229, 163.526535034, 164.1534729, 164.780410767, 165.395736694, 166.011062622, 166.579956055, 167.148834229, 167.717727661, 168.228561401, 168.727798462, 169.227020264, 169.714645386, 170.202270508, 170.689880371, 171.131057739, 171.572235107, 172.013427734, 172.454605103, 172.872558594, 173.290512085, 173.708480835, 174.138046265, 174.567611694, 174.997192383, 175.449981689, 175.902755737, 176.355545044, 176.808334351, 177.261123657, 177.725524902, 178.166702271, 178.607894897, 179.049072266, 179.490249634, 179.919815063, 180.349380493, 180.790557861, 181.231735229, 181.672927856, 182.102493286, 182.532058716, 182.973236084, 183.414413452, 183.843994141, 184.27355957, 184.714736938, 185.144302368, 185.573867798, 186.015060425, 186.456237793, 186.885803223, 187.315368652, 187.756546021, 188.197723389, 188.627304077, 189.056869507, 189.498046875, 189.939224243, 190.368789673, 190.798370361, 191.239547729, 191.680725098, 192.121902466, 192.551467896, 192.981033325, 193.422225952, 193.86340332, 194.29296875, 194.72253418, 195.163711548, 195.604888916, 196.034469604, 196.464035034, 196.905212402, 197.346389771, 197.787567139, 198.217132568, 198.646713257, 199.087890625, 199.517456055, 199.947021484, 200.388198853, 200.829391479, 201.258956909, 201.688522339, 202.129699707, 202.570877075, 203.000442505, 203.430023193, 203.871200562, 204.31237793, 204.741943359, 205.183120728, 205.612701416, 206.053878784, 206.495056152, 206.924621582, 207.354187012, 207.79536438, 208.224945068, 208.654510498, 209.095687866, 209.536865234, 209.966430664, 210.396011353, 210.837188721, 211.278366089, 211.707931519, 212.137496948, 212.578674316, 213.019866943, 213.449432373, 213.878997803, 214.320175171, 214.761352539, 215.190933228, 215.620498657, 216.061676025, 216.502853394, 216.944030762, 217.38520813, 217.837997437, 218.302398682, 218.673919678, 219.057052612, 219.405349731, 219.753646851, 220.113555908, 220.450241089, 220.798538208, 221.146850586, 221.495147705, 221.855056763, 222.191741943, 222.540039063, 222.89994812, 223.375961304, 223.817138672, 224.25831604, 224.699493408, 225.140670776, 225.570251465, 226.011428833, 226.440994263, 226.882171631, 227.311737061, 227.741317749, 228.182495117, 228.623672485, 229.053237915, 229.482803345, 229.923980713, 230.36517334, 230.79473877, 231.235916138, 231.665481567, 232.106658936, 232.536224365, 232.965805054, 233.406982422, 233.84815979, 234.300949097, 234.765350342, 235.229751587, 235.705749512, 236.193374634, 236.64616394, 237.087341309, 237.540130615, 237.981307983, 238.422485352, 238.85206604, 239.28163147, 239.722808838, 240.163986206, 240.593551636, 241.023132324, 241.464309692, 241.905487061, 242.33505249, 242.76461792, 243.205795288, 243.646972656, 244.088165283, 244.517730713, 244.947296143, 245.388473511, 245.829650879, 246.247619629, 246.688796997, 247.129974365, 247.571151733, 247.989105225, 248.430297852, 248.87147522, 249.312652588, 249.730606079, 250.171783447, 250.612960815, 251.054138184, 251.495330811, 251.92489624, 252.35446167, 252.795639038, 253.213607788, 253.654785156, 254.095962524, 254.537139893, 254.966705322, 255.396270752, 255.83744812, 256.278625488, 256.708190918, 257.137786865, 257.578948975, 258.020141602, 258.449707031, 258.890869141, 259.32043457, 259.761627197, 260.191192627, 260.620758057, 261.061950684, 261.503112793, 261.93270874, 262.36227417, 262.803436279, 263.244628906, 263.674194336, 264.103759766, 264.544952393, 264.986114502, 265.427307129, 265.868469238, 266.286437988, 266.727600098, 267.157196045, 267.586761475, 268.027923584, 268.469116211, 268.91027832, 269.33984375, 269.769439697, 270.210601807, 270.651794434, 271.081359863, 271.510925293, 271.95211792, 272.393280029, 272.822845459, 273.252410889, 273.693603516, 274.134765625, 274.564361572, 274.993927002, 275.435089111, 275.876281738, 276.317443848, 276.735412598, 277.176605225, 277.617767334, 278.047332764, 278.476898193, 278.91809082, 279.359283447, 279.800445557, 280.230010986, 280.659576416, 281.100769043, 281.541931152, 281.9715271, 282.401092529, 282.842254639, 283.283447266, 283.713012695, 284.142578125, 284.583770752, 285.024932861, 285.454498291, 285.884063721, 286.325256348, 286.766448975, 287.196014404, 287.625579834, 288.066741943, 288.50793457, 288.9375, 289.36706543, 289.808258057, 290.249420166, 290.678985596, 291.108551025, 291.549743652, 291.990936279, 292.420501709, 292.850067139, 293.291229248, 293.732421875, 294.161987305, 294.603179932, 295.032745361, 295.473907471, 295.9034729, 296.333068848, 296.774230957, 297.215423584, 297.644989014, 298.086151123, 298.515716553, 298.95690918, 299.386474609, 299.827667236, 300.257232666, 300.698394775, 301.127990723, 301.557556152, 301.998718262, 302.439910889, 302.869476318, 303.299041748, 303.740234375, 304.181396484, 304.610961914, 305.040527344, 305.458496094, 305.888061523, 306.32925415, 306.782043457, 307.223205566, 307.664398193, 308.105560303, 308.53515625, 308.96472168, 309.405883789, 309.835449219, 310.276641846, 310.706207275, 311.147399902, 311.588562012, 312.018127441, 312.447692871, 312.888885498, 313.318450928, 313.748016357, 314.189208984, 314.630371094, 315.071563721, 315.51272583, 315.93069458, 316.371887207, 316.813049316, 317.242614746, 317.672180176, 318.113372803, 318.55456543, 318.984130859, 319.413696289, 319.854858398, 320.296051025, 320.737213135, 321.166809082, 321.596374512, 322.037536621, 322.478729248, 322.896697998, 323.337860107, 323.779052734, 324.220214844, 324.638183594, 325.079345703, 325.52053833, 325.961730957, 326.379669189, 326.820861816, 327.262023926, 327.703216553, 328.132781982, 328.562347412, 329.003540039, 329.444702148, 329.862670898, 330.303863525, 330.745025635, 331.186218262, 331.615783691, 332.045349121, 332.48651123, 332.927703857, 333.357269287, 333.798461914, 334.228027344, 334.669189453, 335.11038208, 335.53994751, 335.969512939, 336.410705566, 336.840270996, 337.281433105, 337.711029053, 338.152191162, 338.581756592, 339.022949219, 339.452514648, 339.893676758, 340.323272705, 340.764434814, 341.194000244, 341.635192871, 342.07635498, 342.517547607, 342.935516357, 343.376678467, 343.806243896, 344.247436523, 344.677001953, 345.11819458, 345.559356689, 345.988922119, 346.418487549, 346.859680176, 347.289245605, 347.730438232, 348.160003662, 348.601165771, 349.042358398, 349.471923828, 349.901489258, 350.342681885, 350.772247314, 351.213409424, 351.642974854, 352.08416748, 352.525360107, 352.966522217, 353.384490967, 353.825653076, 354.266845703, 354.696411133, 355.125976563, 355.567169189, 356.008331299, 356.449523926, 356.867462158, 357.308654785, 357.749847412, 358.191009521, 358.608978271, 359.050140381, 359.491333008, 359.932525635, 360.362091064, 360.791656494, 361.232818604, 361.67401123, 362.09197998, 362.53314209, 362.985931396, 363.438720703, 363.903137207, 364.39074707, 364.878356934, 365.365966797, 365.795562744, 366.213500977, 366.631469727, 367.061035156, 367.502227783, 367.931793213, 368.372955322, 368.732879639, 369.092773438, 369.441070557, 369.777770996, 370.126068115, 370.474365234, 370.822662354, 371.170959473, 371.635375977, 372.099761963, 372.54095459, 372.982116699, 373.423309326, 373.864471436, 374.305664063, 374.735229492, 375.164794922, 375.605987549, 376.047149658, 376.476715088, 376.906311035, 377.347473145, 377.788665771, 378.218231201, 378.647796631, 379.08895874, 379.530151367, 379.959716797, 380.389282227, 380.830474854, 381.271636963, 381.71282959, 382.13079834, 382.571960449, 383.013153076, 383.442718506, 383.872283936, 384.313476563, 384.754638672, 385.195831299, 385.613769531, 386.054962158, 386.496124268, 386.925720215, 387.355285645, 387.796447754, 388.237640381, 388.67880249, 389.10836792, 389.537963867, 389.979125977, 390.420318604, 390.849884033, 391.279449463, 391.72064209, 392.15020752, 392.579772949, 393.020935059, 393.462127686, 393.903289795, 394.332885742, 394.762451172, 395.203613281, 395.644805908, 396.074371338, 396.503936768, 396.945129395, 397.386291504, 397.815856934, 398.245422363, 398.68661499, 399.127807617, 399.557373047, 399.986938477, 400.428100586, 400.869293213, 401.298858643, 401.728424072, 402.169616699, 402.610778809, 403.040344238, 403.469909668, 403.911102295, 404.352294922, 404.793457031, 405.223022461, 405.652587891, 406.093780518, 406.534973145, 406.964538574, 407.394104004, 407.835266113, 408.27645874, 408.70602417, 409.1355896, 409.576782227, 410.017944336, 410.459136963, 410.877075195, 411.318267822, 411.759460449, 412.200622559, 412.618591309, 413.059753418, 413.500946045, 413.930511475, 414.360076904, 414.801269531, 415.242431641, 415.683624268, 416.113189697, 416.542755127, 416.983947754, 417.425109863, 417.854675293, 418.284240723, 418.72543335, 419.166625977, 419.584564209, 420.025756836, 420.466918945, 420.908111572, 421.337677002, 421.767242432, 422.208435059, 422.649597168, 423.079162598, 423.508758545, 423.949920654, 424.391113281, 424.820678711, 425.250244141, 425.69140625, 426.132598877, 426.550567627, 426.991729736, 427.432922363, 427.874084473, 428.30368042, 428.73324585, 429.162811279, 429.603973389, 430.045166016, 430.474731445, 430.915924072, 431.357086182, 431.786651611, 432.216217041, 432.657409668, 433.098571777, 433.528167725, 433.957733154, 434.398895264, 434.840087891, 435.26965332, 435.710845947, 436.140411377, 436.581573486, 437.011138916, 437.452331543, 437.881896973, 438.3230896, 438.752655029, 439.182220459, 439.623382568, 440.064575195, 440.494140625, 440.935333252, 441.364898682, 441.806060791, 442.235626221, 442.676818848, 443.106384277, 443.547576904, 443.977142334, 444.406707764, 444.847869873, 445.2890625, 445.71862793, 446.148193359, 446.589385986, 447.030548096, 447.460113525, 447.889709473, 448.330871582, 448.772064209, 449.201629639, 449.631195068, 450.072387695, 450.513549805, 450.943115234, 451.372680664, 451.813873291, 452.2550354, 452.684631348, 453.114196777, 453.555358887, 453.996551514, 454.426116943, 454.855682373, 455.296875, 455.72644043, 456.156005859, 456.597167969, 457.038360596, 457.467926025, 457.897491455, 458.338684082, 458.779846191, 459.221038818, 459.662200928], "beats_loudness": {"dmean2": 0.0307663977146, "median": 0.0804152712226, "min": 8.53464916872e-06, "dvar2": 0.000869361218065, "dvar": 0.000312785938149, "dmean": 0.0179229229689, "max": 0.135743752122, "var": 0.00143947405741, "mean": 0.0653101950884}, "danceability": 1.36108887196, "bpm_histogram_second_peak_weight": {"dmean2": 0, "median": 0.0412667952478, "min": 0.0412667952478, "dvar2": 0, "dvar": 0, "dmean": 0, "max": 0.0412667952478, "var": 0, "mean": 0.0412667952478}, "beats_count": 1043, "bpm_histogram_second_peak_bpm": {"dmean2": 0, "median": 144, "min": 144, "dvar2": 0, "dvar": 0, "dmean": 0, "max": 144, "var": 0, "mean": 144}, "bpm_histogram_first_peak_spread": {"dmean2": 0, "median": 0.456057012081, "min": 0.456057012081, "dvar2": 0, "dvar": 0, "dmean": 0, "max": 0.456057012081, "var": 0, "mean": 0.456057012081}, "beats_loudness_band_ratio": {"dmean2": [0.294924646616, 0.13197030127, 0.120410963893, 0.11329524219, 0.0539028011262, 0.0965787768364], "median": [0.812492728233, 0.0208626482636, 0.0269476696849, 0.0328925065696, 0.0172040183097, 0.0153110651299], "min": [0.000351690396201, 0.000119098585856, 3.87155887438e-05, 1.60878316819e-05, 1.10278360808e-05, 1.09056381916e-05], "dvar2": [0.0873433575034, 0.0415964536369, 0.0333186872303, 0.0182754993439, 0.00617275573313, 0.0360265634954], "dvar": [0.0340305529535, 0.0145454034209, 0.0119495652616, 0.00705590378493, 0.00221654865891, 0.0127372629941], "dmean": [0.165866047144, 0.0729981809855, 0.0670528337359, 0.0631628036499, 0.0297042895108, 0.0520747601986], "max": [0.997560203075, 0.87116342783, 0.96812915802, 0.86286431551, 0.618445038795, 0.966251075268], "var": [0.0973076224327, 0.0136251691729, 0.0318788848817, 0.00875682476908, 0.00245625339448, 0.00954623240978], "mean": [0.699118256569, 0.0685139745474, 0.0990946888924, 0.0685971975327, 0.034298595041, 0.0469537563622]}}, "lowlevel": {"barkbands_spread": {"dmean2": 14.7496404648, "median": 20.1020278931, "min": 0.0667875856161, "dvar2": 315.003997803, "dvar": 153.24822998, "dmean": 9.7302532196, "max": 117.380340576, "var": 457.640686035, "mean": 24.2431774139}, "melbands_spread": {"dmean2": 14.6965389252, "median": 13.8693008423, "min": 0.159379392862, "dvar2": 533.978759766, "dvar": 263.871490479, "dmean": 9.67005443573, "max": 246.831787109, "var": 652.417602539, "mean": 20.2864952087}, "hfc": {"dmean2": 18.2638282776, "median": 15.4115886688, "min": 1.13456900146e-16, "dvar2": 579.014221191, "dvar": 276.095275879, "dmean": 12.6878948212, "max": 150.796447754, "var": 675.24041748, "mean": 24.689414978}, "barkbands_kurtosis": {"dmean2": 29.3693695068, "median": 4.61322593689, "min": -1.95942974091, "dvar2": 9431.37109375, "dvar": 4545.04150391, "dmean": 19.555103302, "max": 1513.94519043, "var": 8239.0234375, "mean": 27.4942932129}, "gfcc": {"mean": [-27.0763130188, 69.8881988525, -81.5343017578, 27.326669693, -49.5354499817, 32.2537498474, -27.9208774567, 16.6513690948, -20.1402339935, 4.87427949905, -14.5652503967, 4.22150659561, -9.07321357727], "icov": [[0.000107953033876, -8.22786660137e-06, -4.25659309258e-05, -1.83728752745e-05, 3.84268714697e-05, -8.47351548146e-05, 0.000374167371774, -0.000326310255332, 0.000247587246122, -7.5544558058e-05, 0.000198886715225, -5.73127581447e-05, 0.000315101002343], [-8.22786660137e-06, 0.00123358971905, -0.000202444454771, 0.000384062790545, -0.000927989196498, 0.000809623568784, 8.48310737638e-05, 0.000263835914666, -0.000962036603596, 0.00225053820759, -0.00100769882556, 0.000604539876804, -0.000829685945064], [-4.25659309258e-05, -0.000202444454771, 0.00120259623509, -0.000436423986685, -0.000331341580022, -0.000136763701448, -0.000647719658446, 0.00077567709377, 0.000459591130493, -0.000838919891976, -9.47382504819e-05, 0.00018380858819, -0.000379007688025], [-1.83728752745e-05, 0.000384062790545, -0.000436423986685, 0.00254698982462, -0.000910337548703, -0.000921851373278, 0.00131144467741, -4.60761038994e-05, -0.000699938100297, 0.00090059050126, -0.000358283286914, 0.00032859708881, -0.002162697725], [3.84268714697e-05, -0.000927989196498, -0.000331341580022, -0.000910337548703, 0.00476170843467, -0.00133195531089, -0.00187121727504, 0.0015364496503, -0.00126837030984, -0.00035148113966, 0.000971632776782, -0.0012356757652, 0.00209801015444], [-8.47351548146e-05, 0.000809623568784, -0.000136763701448, -0.000921851373278, -0.00133195531089, 0.00863376818597, -0.00413226662204, -0.0023332843557, 0.00392925413325, 0.000312038406264, -0.00248684873804, 0.00109427887946, 0.00176632066723], [0.000374167371774, 8.48310737638e-05, -0.000647719658446, 0.00131144467741, -0.00187121727504, -0.00413226662204, 0.0106519199908, -0.00541698513553, -0.000480024522403, 0.00185018894263, -0.0021582278423, 0.0033327289857, -0.00237556966022], [-0.000326310255332, 0.000263835914666, 0.00077567709377, -4.60761038994e-05, 0.0015364496503, -0.0023332843557, -0.00541698513553, 0.0123292282224, -0.00526429479942, -0.0030167105142, 0.0041246637702, -0.00314743607305, 0.000214970117668], [0.000247587246122, -0.000962036603596, 0.000459591130493, -0.000699938100297, -0.00126837030984, 0.00392925413325, -0.000480024522403, -0.00526429479942, 0.0155118964612, -0.00338941509835, -0.00453066779301, 0.00461303209886, -0.00206150859594], [-7.5544558058e-05, 0.00225053820759, -0.000838919891976, 0.00090059050126, -0.00035148113966, 0.000312038406264, 0.00185018894263, -0.0030167105142, -0.00338941509835, 0.0136109981686, -0.00325224199332, -0.000291596836178, -0.000489885220304], [0.000198886715225, -0.00100769882556, -9.47382504819e-05, -0.000358283286914, 0.000971632776782, -0.00248684873804, -0.0021582278423, 0.0041246637702, -0.00453066779301, -0.00325224199332, 0.0150299137458, -0.0085636107251, 0.00271291146055], [-5.73127581447e-05, 0.000604539876804, 0.00018380858819, 0.00032859708881, -0.0012356757652, 0.00109427887946, 0.0033327289857, -0.00314743607305, 0.00461303209886, -0.000291596836178, -0.0085636107251, 0.015563685447, -0.00351293873973], [0.000315101002343, -0.000829685945064, -0.000379007688025, -0.002162697725, 0.00209801015444, 0.00176632066723, -0.00237556966022, 0.000214970117668, -0.00206150859594, -0.000489885220304, 0.00271291146055, -0.00351293873973, 0.0161624457687]], "cov": [[17905.4238281, -2953.87402344, -623.444213867, -230.4402771, -1020.84820557, 133.179946899, -937.054321289, 370.137542725, -651.672180176, 451.618865967, -486.816986084, 195.249313354, -516.144592285], [-2953.87402344, 2744.78588867, 476.902130127, 68.4840164185, 569.374755859, -291.522705078, 100.719192505, -334.180908203, 216.848144531, -423.371643066, 129.071517944, -111.994125366, 164.854660034], [-623.444213867, 476.902130127, 1216.29626465, 280.164367676, 302.789093018, 92.497177124, 143.283798218, -91.5025939941, 18.3360614777, -38.1280632019, 65.8889389038, -29.2662143707, 59.273235321], [-230.4402771, 68.4840164185, 280.164367676, 569.705688477, 146.404281616, 62.4115371704, 14.4463567734, -28.9241008759, 21.9748535156, -25.715013504, 23.0434970856, -0.053496286273, 65.637260437], [-1020.84820557, 569.374755859, 302.789093018, 146.404281616, 464.939422607, 85.4580459595, 166.48538208, -46.3873405457, 65.7751083374, -83.3449401855, 58.1784667969, -31.0731430054, 20.5606975555], [133.179946899, -291.522705078, 92.497177124, 62.4115371704, 85.4580459595, 314.963806152, 184.745330811, 122.687286377, -32.2831878662, 43.6879653931, 23.1108493805, -5.47880077362, -34.8966369629], [-937.054321289, 100.719192505, 143.283798218, 14.4463567734, 166.48538208, 184.745330811, 327.978424072, 122.356910706, 63.6965904236, -5.68728494644, 41.4789428711, -45.2129974365, 24.6727256775], [370.137542725, -334.180908203, -91.5025939941, -28.9241008759, -46.3873405457, 122.687286377, 122.356910706, 228.632415771, 32.53748703, 87.1035842896, -17.7329139709, 3.20032572746, -12.3680858612], [-651.672180176, 216.848144531, 18.3360614777, 21.9748535156, 65.7751083374, -32.2831878662, 63.6965904236, 32.53748703, 139.51322937, 5.84680128098, 37.8447113037, -22.9677581787, 37.7540588379], [451.618865967, -423.371643066, -38.1280632019, -25.715013504, -83.3449401855, 43.6879653931, -5.68728494644, 87.1035842896, 5.84680128098, 166.600234985, 12.2715435028, 31.8334655762, -20.1685886383], [-486.816986084, 129.071517944, 65.8889389038, 23.0434970856, 58.1784667969, 23.1108493805, 41.4789428711, -17.7329139709, 37.8447113037, 12.2715435028, 132.210220337, 46.4966926575, 10.11332798], [195.249313354, -111.994125366, -29.2662143707, -0.053496286273, -31.0731430054, -5.47880077362, -45.2129974365, 3.20032572746, -22.9677581787, 31.8334655762, 46.4966926575, 111.385070801, 2.13566040993], [-516.144592285, 164.854660034, 59.273235321, 65.637260437, 20.5606975555, -34.8966369629, 24.6727256775, -12.3680858612, 37.7540588379, -20.1685886383, 10.11332798, 2.13566040993, 98.4765853882]]}, "spectral_energyband_middle_low": {"dmean2": 0.0134642785415, "median": 0.00397742958739, "min": 2.94924800203e-22, "dvar2": 0.000461951742182, "dvar": 0.000197275032406, "dmean": 0.00850617606193, "max": 0.126961141825, "var": 0.000238066801103, "mean": 0.0112235862762}, "melbands_crest": {"dmean2": 7.40525531769, "median": 18.0737800598, "min": 2.25824069977, "dvar2": 40.6777420044, "dvar": 17.772726059, "dmean": 4.68747997284, "max": 38.3868675232, "var": 53.622795105, "mean": 18.7110462189}, "spectral_kurtosis": {"dmean2": 3.49440145493, "median": 2.74992489815, "min": -1.17126560211, "dvar2": 43.8210945129, "dvar": 18.4443187714, "dmean": 2.22478413582, "max": 116.48412323, "var": 70.1797103882, "mean": 5.45481824875}, "spectral_rms": {"dmean2": 0.00195843959227, "median": 0.00550961541012, "min": 3.223512169e-12, "dvar2": 3.50320033249e-06, "dvar": 2.27000191444e-06, "dmean": 0.00133013480809, "max": 0.0117706302553, "var": 8.80077368492e-06, "mean": 0.00543996645138}, "zerocrossingrate": {"dmean2": 0.0217284914106, "median": 0.0556640625, "min": 0, "dvar2": 0.00057445850689, "dvar": 0.000491232727654, "dmean": 0.0193857885897, "max": 0.4892578125, "var": 0.00322615494952, "mean": 0.0674314498901}, "silence_rate_60dB": {"dmean2": 0.114205002785, "median": 0, "min": 0, "dvar2": 0.120518706739, "dvar": 0.0538276806474, "dmean": 0.057099621743, "max": 1, "var": 0.105626173317, "mean": 0.120044387877}, "erbbands_kurtosis": {"dmean2": 3.45007658005, "median": 0.10353230685, "min": -1.8477755785, "dvar2": 53.9719734192, "dvar": 20.6911315918, "dmean": 2.13255310059, "max": 142.081497192, "var": 44.6024780273, "mean": 2.12846803665}, "erbbands": {"dmean2": [0.389453560114, 3.33529829979, 11.1986894608, 12.8285198212, 19.2087974548, 25.698759079, 18.8077030182, 17.4029750824, 24.219537735, 26.5305099487, 16.4324817657, 37.4988555908, 34.0563316345, 41.0004615784, 29.9222793579, 47.0209884644, 31.5497093201, 22.8844566345, 17.6389732361, 18.2352581024, 18.6621017456, 14.4328098297, 15.1185436249, 9.0229845047, 6.97322130203, 7.69144868851, 7.33631277084, 7.66828870773, 7.95313453674, 6.95260095596, 7.59814023972, 6.15432071686, 4.70039415359, 3.57345032692, 2.03987908363, 0.798003256321, 0.235501840711, 0.0414211340249, 0.00449423352256, 0.000131575216074], "median": [0.237996548414, 1.60475277901, 1.71363902092, 1.16705536842, 1.05886316299, 1.71897470951, 1.36676371098, 1.75997149944, 3.05892944336, 3.4842441082, 3.89097356796, 8.09108734131, 7.89507579803, 7.47972583771, 6.88556528091, 6.43952655792, 5.2367773056, 4.95676851273, 4.31381082535, 4.15876197815, 3.49009227753, 3.02450108528, 3.37768793106, 3.1396150589, 2.14955282211, 2.85330271721, 1.71047592163, 2.45047283173, 2.73349952698, 2.01765275002, 2.3466668129, 2.2760310173, 1.7626529932, 1.39894127846, 0.775813221931, 0.324071228504, 0.0877111852169, 0.0136814732105, 0.000603024440352, 6.41527076368e-05], "min": [1.60736922274e-22, 2.24129216638e-22, 1.72518836311e-21, 2.1884534905e-20, 1.44287725036e-19, 1.97803376762e-19, 8.23015241181e-20, 8.56604202423e-20, 4.47707112147e-19, 7.82076573401e-19, 2.86951477396e-18, 1.49147385286e-18, 1.13062665039e-18, 3.77765982486e-18, 2.13234278578e-18, 7.24810890613e-18, 5.20831997947e-18, 2.47323074045e-18, 1.31958667283e-17, 9.22455275507e-18, 1.04584134071e-17, 6.31586849757e-18, 7.75709216219e-18, 1.55120650876e-17, 1.58202543859e-17, 1.75002863341e-17, 1.88519987167e-17, 1.77300853801e-17, 1.96581672874e-17, 2.07905097171e-17, 1.83376147985e-17, 1.81928317215e-17, 1.7123733867e-17, 1.15094075867e-17, 8.9957818946e-18, 6.74827261329e-18, 3.60132890651e-18, 1.20947061125e-18, 2.50091518309e-19, 3.56554781324e-20], "dvar2": [0.193773284554, 26.5818958282, 444.184387207, 780.507507324, 1999.32995605, 3012.39233398, 1562.07409668, 2572.05273438, 3508.70825195, 2912.14453125, 1809.25256348, 4608.02880859, 3635.94311523, 6768.22802734, 4516.56738281, 7981.91992188, 2540.65527344, 1443.87121582, 1021.47003174, 1354.09985352, 1138.17285156, 873.024902344, 963.34979248, 253.390182495, 161.50831604, 206.863937378, 310.737945557, 181.670639038, 248.89604187, 157.955444336, 178.928283691, 109.933265686, 50.1184806824, 31.6490116119, 11.6448392868, 1.87369048595, 0.152156993747, 0.00461385305971, 7.87548706285e-05, 5.93188147491e-08], "dvar": [0.102369114757, 11.8261976242, 211.433700562, 320.552062988, 751.22467041, 1087.546875, 561.609313965, 1007.46612549, 1367.59082031, 1243.22924805, 676.444396973, 1909.20751953, 1461.78015137, 2672.82104492, 1724.44628906, 3090.52539063, 983.145629883, 607.039855957, 426.517181396, 559.738891602, 556.667175293, 391.153198242, 413.751739502, 115.28289032, 69.3663711548, 95.9254150391, 155.297271729, 87.6690063477, 120.0349