{"tonal": {"thpcp": [1, 0.639672219753, 0.250934273005, 0.192521855235, 0.251274883747, 0.477304667234, 0.567654728889, 0.344349384308, 0.159969508648, 0.120637476444, 0.130854547024, 0.205748125911, 0.243769854307, 0.206405699253, 0.232934296131, 0.256927490234, 0.224506497383, 0.234578818083, 0.262823820114, 0.320549935102, 0.454566389322, 0.451011866331, 0.272023200989, 0.157530799508, 0.139766842127, 0.166804671288, 0.261635750532, 0.298701047897, 0.197809889913, 0.132482677698, 0.134213253856, 0.14628714323, 0.198265135288, 0.276781737804, 0.31754180789, 0.672251224518], "hpcp": {"dmean2": [0.247814908624, 0.212002038956, 0.162529155612, 0.138567075133, 0.140005975962, 0.166796177626, 0.183863222599, 0.155583009124, 0.125585272908, 0.126411765814, 0.13711823523, 0.158000290394, 0.217743113637, 0.25977987051, 0.299108952284, 0.271573781967, 0.321566909552, 0.237933412194, 0.204488873482, 0.223592460155, 0.249614551663, 0.248606473207, 0.235492900014, 0.168970748782, 0.134771794081, 0.13175971806, 0.170515790582, 0.180688619614, 0.16211245954, 0.200397387147, 0.215557709336, 0.200533524156, 0.222480788827, 0.234167546034, 0.265436708927, 0.287601679564], "median": [0.0426211468875, 0.0252640042454, 0.00883483793586, 0.00764100300148, 0.011214479804, 0.0211172364652, 0.0208605714142, 0.013141172938, 0.00669420044869, 0.00532949250191, 0.00650148047134, 0.0121106710285, 0.0144078498706, 0.0277930032462, 0.132227867842, 0.187575191259, 0.131820529699, 0.0181269031018, 0.00639115460217, 0.0119470860809, 0.0389506369829, 0.0523811653256, 0.0283407568932, 0.0075796158053, 0.00427322555333, 0.0055657569319, 0.0151950316504, 0.0204781685024, 0.018169188872, 0.0158135667443, 0.0171657372266, 0.0155849028379, 0.00953518878669, 0.00959420017898, 0.0180538594723, 0.0351671427488], "min": [0, 0, 0, 0, 0, 0, 0, 0, 0, 0, 0, 0, 0, 0, 0, 0, 0, 0, 0, 0, 0, 0, 0, 0, 0, 0, 0, 0, 0, 0, 0, 0, 0, 0, 0, 0], "dvar2": [0.12217605114, 0.104744464159, 0.0871447473764, 0.0644192248583, 0.0693445652723, 0.0743244439363, 0.0934883132577, 0.0749559998512, 0.065447717905, 0.0699687823653, 0.0782079845667, 0.078653588891, 0.127063676715, 0.146769672632, 0.124523676932, 0.140446975827, 0.14566347003, 0.13744944334, 0.141662165523, 0.133406624198, 0.133888840675, 0.122626967728, 0.127626374364, 0.100752905011, 0.0820924863219, 0.0778409168124, 0.099569119513, 0.0939103588462, 0.0724985599518, 0.114042371511, 0.117702707648, 0.113586984575, 0.147780373693, 0.143262267113, 0.157033205032, 0.16557829082], "dvar": [0.0478655584157, 0.0388413481414, 0.0313808098435, 0.0232622604817, 0.0249517057091, 0.0288783237338, 0.0362296551466, 0.0272714458406, 0.0233195777982, 0.0249626673758, 0.027822483331, 0.0282036550343, 0.0471096821129, 0.0535402521491, 0.0461544319987, 0.0583459399641, 0.0545100606978, 0.0504792705178, 0.051102090627, 0.0465703271329, 0.0483691953123, 0.0478657782078, 0.0448182485998, 0.035250030458, 0.0294776558876, 0.0280523560941, 0.0366115346551, 0.0356059931219, 0.0270937457681, 0.0410320386291, 0.0424110330641, 0.0405696071684, 0.0538175590336, 0.0528191812336, 0.056570738554, 0.0599912144244], "dmean": [0.14340108633, 0.12047830224, 0.0885554850101, 0.0757766887546, 0.0787584409118, 0.096027970314, 0.106853365898, 0.0870082229376, 0.069239705801, 0.0695942565799, 0.075077675283, 0.088144376874, 0.12165799737, 0.144481554627, 0.171394124627, 0.155157998204, 0.181411698461, 0.130625188351, 0.1107468009, 0.123005732894, 0.141642168164, 0.144319668412, 0.133475571871, 0.0918663665652, 0.0725434049964, 0.0726195275784, 0.095644004643, 0.102445095778, 0.0921286344528, 0.110980324447, 0.119699239731, 0.111116468906, 0.121758110821, 0.128969207406, 0.149401172996, 0.161520600319], "max": [1, 1, 1, 1, 1, 1, 1, 1, 1, 1, 1, 1, 1, 1, 1, 1, 1, 1, 1, 1, 1, 1, 1, 1, 1, 1, 1, 1, 1, 1, 1, 1, 1, 1, 1, 1], "var": [0.0830705314875, 0.0385151617229, 0.0232316181064, 0.0184720549732, 0.0222627595067, 0.0399442911148, 0.0517239123583, 0.0267119649798, 0.0190721005201, 0.0202922709286, 0.0229162052274, 0.0273120328784, 0.049827169627, 0.0530825257301, 0.0914851948619, 0.177548259497, 0.0847645774484, 0.041007488966, 0.0382996462286, 0.042293805629, 0.087603725493, 0.110206983984, 0.054972011596, 0.0253151506186, 0.0202947445214, 0.0213305465877, 0.0334587283432, 0.0395091027021, 0.0277117025107, 0.0377548076212, 0.0406198352575, 0.0346531607211, 0.0461215786636, 0.0512910373509, 0.0576256923378, 0.0860249772668], "mean": [0.185179591179, 0.111689172685, 0.0646800920367, 0.0573864392936, 0.0684878230095, 0.107424229383, 0.122642755508, 0.0812181606889, 0.054395660758, 0.0551062114537, 0.0600635930896, 0.0814050808549, 0.113642968237, 0.130378529429, 0.276017576456, 0.410586953163, 0.262641072273, 0.103030338883, 0.0790469646454, 0.103170193732, 0.195975065231, 0.233071625233, 0.141385361552, 0.0656813904643, 0.0495321750641, 0.0537271685898, 0.0844774991274, 0.100088723004, 0.0847474858165, 0.0956397801638, 0.105491071939, 0.0921794399619, 0.0963150039315, 0.107912033796, 0.131613627076, 0.186639025807]}, "tuning_equal_tempered_deviation": 0.037484779954, "chords_changes_rate": 0.0624373964965, "key_key": "D", "tuning_diatonic_strength": 0.636710107327, "key_scale": "major", "chords_number_rate": 0.00400667777285, "tuning_frequency": 440.254241943, "tuning_nontempered_energy_ratio": 0.718285560608, "chords_histogram": [39.7996673584, 2.67111849785, 15.1585979462, 3.67278790474, 1.46911513805, 0.233722865582, 1.06844747066, 1.40233719349, 0.767946600914, 0.767946600914, 0.200333893299, 0.0667779669166, 2.60434055328, 0.267111867666, 0, 0.166944906116, 0, 0.500834703445, 0, 0.868113517761, 2.00333881378, 19.5325546265, 1.26878130436, 5.50918197632], "key_strength": 0.743375718594, "chords_key": "D", "chords_strength": {"dmean2": 0.011503951624, "median": 0.524204075336, "min": -1, "dvar2": 0.0016346561024, "dvar": 0.00086651352467, "dmean": 0.0112381149083, "max": 0.794774889946, "var": 0.0190623719245, "mean": 0.520419716835}, "chords_scale": "major", "hpcp_entropy": {"dmean2": 1.05801391602, "median": 1.96107244492, "min": 0, "dvar2": 0.730971217155, "dvar": 0.275637060404, "dmean": 0.628418028355, "max": 4.26522159576, "var": 0.702908635139, "mean": 1.8790127039}}, "metadata": {"audio_properties": {"equal_loudness": 0, "codec": "mp3", "downmix": "mix", "sample_rate": 44100, "analysis_sample_rate": 44100, "bit_rate": 192000, "md5_encoded": "f171b3a7867adf898e5e4adfc393c794", "length": 139.023666382, "replay_gain": -4.55163955688, "lossless": false}, "version": {"essentia_build_sha": "2d9f1f26377add8aeb1075a9c2973f962c4f09fd", "essentia": "2.1-beta2", "extractor": "music 1.0", "essentia_git_sha": "v2.1_beta2-1-ge3940c0"}, "tags": {"title": ["Singing Tree"], "acoustid_fingerprint": ["AQADtJaUaBGzBEee7cOZ4RPkHj8ifcfXCxeepnjg4QWv4w11eNexd3h4NLyGZ0jqI6d-9NGJpjemfD9CPYdOZMlItE-N88H2p_gpHF92OFpxAmuTF_06-EemQzuFpj_C2zguXCsRv9Ab40UYh0afKMHxa2ByRuikCFkOFyp3pC-YKniP88KJ3CK0yR7SiLIU-OjxxMKlo1F1oZpN8Ki3bMicBMkePCfRV2iWbI2KZ2nwkziuHG6AM8iZCFqvoEkW5vjRxBKYLsPxvchC7ThTDzly-IhkSQm-C3ou5DqFH9WxPSdKjzoyj0i-5NiP5_jRo6lIPGIoCSfhZTiLPQeVn8h7QXcm4p3RhEK-HHzx7MhLYbxYiDqHai7yBs2kFj2mz2ieNRJOsUKo_HgnQRIvTA-R4-ZQXocf_MN_dBPz4UfR9PjxLcMfIYmaBqEeHFf4gJFfwHENK52PHOKP8B--IVcdkOIcB1piGblZ_IdDufjTwbqOyrnw3dgpinjUENeJM1fQB1Pq40-C_IYm50iP8sP44GQqNE8ehN-RbEeTGjfehYGXJ8FzDicuBsaDWDuxqhcYaxd0FdGX44GPc-i_IIfySDlOS8jSXmhO4wzywo0uSA-FKw_OU9iPf0KqHNeLc2jEWuiZ4ym8BV82PDjeEVeOKeFxJUdzCdkPfSceGvyC0DkcKmjXoocjHVPS4MMnSsQPzwpOxbiFPgrh6sYv48cfPDuDehGJh5nRjA_KZI9x4iOaH7VQHs6O_ciPe5ApUD2-w8SNHt10fCHOaIZOPDu-gs-Ds1B2vEXIpcPHExV9_AnOnMNxZQv6FDec49Ir5Ar-YdK2GE9EDxfxDDGOdSqe6DGijceDG5-gORruGdFfdGF2NFGahMLz4bloeBRuWngm_DmaVXNR83iDS5mD88J57ENzXExApccv_Eg_QD_y5eiPHtamopcSB6dc5MrBuYNyIv_xhCoqHq9c-EfPIU8I_cRthOHjoDyuzMGZHI2D6i7-o4mO-riOdlLwhMaHdhnxb8RFvCHy40kCnTT6HOlRKwvO42NwJ6LgJ4xwSjP2nIMZ4cR3NNX0INKPn2hq-IuLkHvwRFlwUjim9_hwmqAyhTHy48Q3QnfwwD_eHL0E5fpQr8B55MTxMEZakeihJ3iGUE12_IcnhWgflPThZ6j145iO5g1iCXRvPEOpt7AWSfC84Tv2Q3sQczv68Lge4iHyhIeWHnHK4R-FewgzUdyRrApj4TrRfHGIH1XyRMd_fDlOfWhuTegtYDhzPNrB3_iOHrtz-NlR5ehjeI2QPujxofBxB8dp-Ie_4_txSkeTT9gHPUfzqegf8CgcabNQ5fig_SiNXMKj40lyofbB5Yh_aGGHHFeKOsnRcGSHdxGDH8-OxiKu7OCdoz9YHn2CNMlqXNIELU-E_HjwoxY-Ic4Ph6IVaD9uQe8R8qnQ9AX_BT-FXsUH6sGLH-H1IhcYeN3xFEzIJ7ge9DmaZxlOcEfO5IQWKVrRK0Z8TE8E10GvELeF_IeWjCe6H_En7G1wEX1W_IKfVQl4OHlSnEfELYeW98iDM7i-EP3hUDzRB29wOMclBp-0Y_0RioqCQ7tsRKeHq5iK14WTj8F5BX0i5Al05DgnwRfiC_KDL0SekLiDLoyOTzMu1Cq-ZNzwnMP5oc_Swjm6WSrySCF0RkXsT8LzDI3RJ8Mo50ZoJDzx_PC-wHxQ9sKV4wz6osFLIbKv4PMh5TxCljhzND36RMdF4yZy9dCVEmH5KGCyK3gQSx7OCiJTJ8Q38FOkBVeOXxgP98inahX-o3mPvsZvNOGPT-Lx4yj2S8glxZC-40ZEUhx-En3xwtzRJl_wLZ3RH34wZRKPO8dD4-RBjUmOf8LRHCZ7_Jh3Bb7U4yn2LIfvBWWe4tNxZmhe9Ed_eDu440emHyK-7ci-HD6Prhp6uDTCZ4Gu4-SQH8wn-FmK6NDRH7mI70d_-Cz8E-2Jn8JXNDHyJ4d-hHeHfwEmUTvyD1KuBUeOE6H_wHF2o2OgTg2aHbUugntvpD-OfUnR_BEqrVnRnAvR8viFH_2D5qLxJMab46SJJ3rwkMOI_mBy4ggtHZuzw_XxCg9EcsF5-OiDi-iihMEUfDpIH9oVRB9q6cGL02h-hDz0I79xH82OWpaMduHRpCG--fgO38hz7Du-4HmMXMmHzhH8HxtHfOgz5Ekd6DxC_vjQpNWBi7jUaGgeGeUanIfJD1-Ah8nRXHmK8DKOkjzCStWK6zhO9Nj240wsgcJ5-OiHS0dYwoeuwD8-S_iK4xr2Q_xShHiGy0fDBeWJ-EjeD6WEv_hynDmu7Bh7HM2N_NAlITeYUircCJc8PDx2bhHhqMTRJkKtIw9DJB-PpriU5HiP3wlKdYwGLVSY4DJONNPmowqvDF8ofMc_C2GOiQ-JH5dsnEd-XC9-fBf4B32GBvmP51BZfMgxXYePng6Oyhy-4y-257h45ArcQ9MeZPSkBd9RH3bcED9cD-lR-9Bv8Ea_Dz4h_kS-w1VROcoRfIcUlkdaevhSPCLCHIp_hOl4omOYopIAoAQxxhkihGGKCWGAUIIwAYwQgggCAACAKkCMQIp4B4xAQCECgGBcOIKBBg4xAAgCxgkrEAAAKQYcAM4kxAQTCFgDDMAMEQKUUYIZAABQxjDkhUWEOgIEMMAwIQxiwlAFABEEKIGcMFJBAJAAFjmmCAICASAwUMBBYRQCRAABmBAECUIsAgIAgR0lRACHEGEMMMSAEVAQhIwRVBAEAPNCQWCAMQoQZUAx1FDmlFHOAAaEY9Qp7gSQhiimCGJOQKCMYBYRwxRhykAHLIdGIEYMMUQwI5gBRDAEkCICMWIgE8cwSwVFADCCBKJQAKCIIYSAhBxRQgplDFICBAABAEYgZ4AihiAKOGIGCAQkQgIxIMgwzAABoNAIGIIMJkoZ4YgwhDICEHHIIcEQEEoI5ABjTBhKiFAKAUAcB4ABJxBTDgACmBEcAAaIFEAJhJAgAgmlCAMCGILAAIAgBbjDwDgkBBBAGAAINIIYYZyA1iglBCBIIkSABBgpAIBTAgAFmAGEAAaQUQIagIAlmAEJjHaUACoQYFAIYwRARAgAADIIQAEIQIQAwgkSABElWCZAAMEFQIAQIyBwTjpCFDIGEIOIEAYB44gACBDBGECOAUeAEUIgIACjRgChqEICIYMoEAgRJAgRhACBhAPIGGSYEdQQpARSAAEIHAMUMBAIINAAxAhiSCghkGBIOEGMAEABogwgRBgiDAJASAGUAEwRIRQSBAIggaCaASCEAUAgJggAlhHimAJMCUIMlQAIIQRxRGmMjHEEEcAEIpAogxgRAhgLiSDSCSCQMMAIIwgBjiEEmIBEKQGEOUR5xwQBiADiBGACCOMIMsQRoQwSVBjCEBLAOESIQkIhi5SAAAgABJFEASMQkYIiYoRSQCFKEGACAGSFaAIBQgUAAiBEkANAQUcUE5AAJIFhADgCiMGCAA"], "date": ["1995"], "genre": ["Oldies"], "musicbrainz album type": ["Compilation"], "musicip_puid": ["8994594b-31c7-0baf-09e5-693c62bb0027"], "musicbrainz_recordingid": ["1aef8df5-ad12-4326-ab49-557d334adece"], "musicbrainz_albumid": ["5e0fddd5-a62d-4561-887b-6688c62f2fbb"], "artist": ["Elvis Presley"], "tracknumber": ["24"], "bpm": ["116.05"], "album": ["From Nashville to Memphis: the Essential 60's Masters (Disc 3)"], "musicbrainz album release country": ["United States"], "acoustid_id": ["817b2ce2-aa50-4219-91d1-d570ec01b31f"], "file_name": "Elvis Presley - Singing Tree.mp3"}}, "rhythm": {"bpm_histogram_first_peak_bpm": {"dmean2": 0, "median": 117, "min": 117, "dvar2": 0, "dvar": 0, "dmean": 0, "max": 117, "var": 0, "mean": 117}, "bpm": 117.330993652, "bpm_histogram_second_peak_spread": {"dmean2": 0, "median": 0.230769231915, "min": 0.230769231915, "dvar2": 0, "dvar": 0, "dmean": 0, "max": 0.230769231915, "var": 0, "mean": 0.230769231915}, "bpm_histogram_first_peak_weight": {"dmean2": 0, "median": 0.576208174229, "min": 0.576208174229, "dvar2": 0, "dvar": 0, "dmean": 0, "max": 0.576208174229, "var": 0, "mean": 0.576208174229}, "onset_rate": 2.76177358627, "beats_position": [0.522448956966, 1.06811785698, 1.60217678547, 2.13623571396, 2.67029476166, 3.20435357094, 3.73841261864, 4.27247142792, 4.80653047562, 5.32897949219, 5.83981847763, 6.3622674942, 6.87310647964, 7.38394546509, 7.90639448166, 8.4172334671, 8.92807197571, 9.45052146912, 9.97297000885, 10.4838094711, 10.9946479797, 11.5170974731, 12.0279359818, 12.538775444, 13.0496139526, 13.5604534149, 14.0712919235, 14.5705213547, 15.0697498322, 15.5689792633, 16.0798187256, 16.5790481567, 17.0898857117, 17.600725174, 18.0999546051, 18.5991840363, 19.1100215912, 19.6208610535, 20.1200904846, 20.6309299469, 21.1417675018, 21.6526069641, 22.1518363953, 22.6510658264, 23.1502952576, 23.6611328125, 24.1835823059, 24.7060317993, 25.2284793854, 25.7509288788, 26.2733783722, 26.7958278656, 27.3066654205, 27.8175048828, 28.3283443451, 28.8275737762, 29.3384113312, 29.8376407623, 30.3484802246, 30.8593196869, 31.3701572418, 31.8809967041, 32.391834259, 32.9026756287, 33.4251251221, 33.9475746155, 34.4584121704, 34.9692497253, 35.480091095, 35.9909286499, 36.5017662048, 37.0126075745, 37.5350570679, 38.0575065613, 38.57995224, 39.1024017334, 39.613243103, 40.124080658, 40.6349182129, 41.1457595825, 41.6565971375, 42.1674385071, 42.678276062, 43.1891136169, 43.6999549866, 44.2107925415, 44.7216300964, 45.2324714661, 45.743309021, 46.2657585144, 46.7765960693, 47.2990455627, 47.8098869324, 48.3207244873, 48.8315620422, 49.3424034119, 49.8648529053, 50.3873023987, 50.8981399536, 51.4089775085, 51.9198188782, 52.4306564331, 52.941493988, 53.4523353577, 53.9515647888, 54.4624023438, 54.9732398987, 55.4956893921, 56.0065307617, 56.5173683167, 57.0282058716, 57.5390472412, 58.0498847961, 58.5607261658, 59.0715637207, 59.5824012756, 60.0932426453, 60.6040802002, 61.1149177551, 61.6373672485, 62.1598167419, 62.6822662354, 63.1931037903, 63.7155532837, 64.2263946533, 64.7372360229, 65.2480697632, 65.7472991943, 66.2465286255, 66.7457580566, 67.2682037354, 67.7906570435, 68.3131027222, 68.8239440918, 69.3463897705, 69.8572311401, 70.3680725098, 70.8789138794, 71.3897476196, 71.9122009277, 72.423034668, 72.9338760376, 73.4447174072, 73.9671630859, 74.489616394, 75.0004501343, 75.5112915039, 76.0221328735, 76.5329666138, 77.0438079834, 77.5662536621, 78.0887069702, 78.5995483398, 79.1103820801, 79.6212234497, 80.1320648193, 80.6428985596, 81.1421279907, 81.6413574219, 82.140586853, 82.6514282227, 83.1622695923, 83.684715271, 84.2071609497, 84.7296142578, 85.2404556274, 85.7396774292, 86.2389068604, 86.7729721069, 87.2954177856, 87.8178634644, 88.3403167725, 88.8627624512, 89.3736038208, 89.8844451904, 90.3952789307, 90.9061203003, 91.4169616699, 91.9394073486, 92.4618606567, 92.972694397, 93.4835357666, 93.9943771362, 94.5168228149, 95.039276123, 95.5501098633, 96.0609512329, 96.5717926025, 97.0826263428, 97.5934677124, 98.104309082, 98.6151428223, 99.1375961304, 99.6600418091, 100.170883179, 100.681724548, 101.204170227, 101.726615906, 102.237457275, 102.748298645, 103.259140015, 103.781585693, 104.304031372, 104.82648468, 105.348930359, 105.859771729, 106.370613098, 106.881446838, 107.392288208, 107.903129578, 108.413963318, 108.924804688, 109.435646057, 109.934875488, 110.434104919, 110.94493866, 111.455780029, 111.966621399, 112.477455139, 112.988296509, 113.499137878, 113.99836731, 114.497596741, 114.996826172, 115.484443665, 115.983673096, 116.494506836, 116.993736267, 117.492965698, 118.003807068, 118.514648438, 119.013877869, 119.524711609, 120.035552979, 120.546394348, 121.045623779, 121.55645752, 122.067298889, 122.56652832, 123.065757751, 123.576599121, 124.087432861, 124.586662292, 125.085891724, 125.596733093, 126.107574463, 126.618408203, 127.117637634, 127.616867065, 128.127700806, 128.638549805, 129.149383545, 129.660217285, 130.159454346, 130.658676147, 131.157913208, 131.65713501, 132.15637207, 132.655593872, 133.166442871, 133.677276611, 134.188110352, 134.698959351, 135.209793091, 135.73223877, 136.254684448, 136.788757324, 137.322814941, 137.868484497, 138.414154053], "beats_loudness": {"dmean2": 0.0341463088989, "median": 0.0467992797494, "min": 3.11341041836e-09, "dvar2": 0.00105975207407, "dvar": 0.000346749817254, "dmean": 0.0196754802018, "max": 0.133545204997, "var": 0.000629880756605, "mean": 0.0471243970096}, "danceability": 1.03539693356, "bpm_histogram_second_peak_weight": {"dmean2": 0, "median": 0.0371747203171, "min": 0.0371747203171, "dvar2": 0, "dvar": 0, "dmean": 0, "max": 0.0371747203171, "var": 0, "mean": 0.0371747203171}, "beats_count": 270, "bpm_histogram_second_peak_bpm": {"dmean2": 0, "median": 112, "min": 112, "dvar2": 0, "dvar": 0, "dmean": 0, "max": 112, "var": 0, "mean": 112}, "bpm_histogram_first_peak_spread": {"dmean2": 0, "median": 0.392156839371, "min": 0.392156839371, "dvar2": 0, "dvar": 0, "dmean": 0, "max": 0.392156839371, "var": 0, "mean": 0.392156839371}, "beats_loudness_band_ratio": {"dmean2": [0.32390615344, 0.2471550107, 0.217908710241, 0.107713371515, 0.0578486099839, 0.0137999504805], "median": [0.627289831638, 0.202284693718, 0.0756051242352, 0.0268024541438, 0.0164575632662, 0.00338672334328], "min": [0.00431347591802, 0.000284505542368, 0.00272550224327, 0.00101124250796, 0.000657145516016, 0.000227609867579], "dvar2": [0.0694115534425, 0.042248737067, 0.041881814599, 0.0165853053331, 0.00659336149693, 0.00201556226239], "dvar": [0.0266739949584, 0.0132313808426, 0.0164881236851, 0.00593524612486, 0.0024405894801, 0.000832543708384], "dmean": [0.19371047616, 0.138430327177, 0.123268224299, 0.0596874058247, 0.0333684831858, 0.00786264520139], "max": [0.972888290882, 0.669211149216, 0.869128763676, 0.373141914606, 0.321036279202, 0.365588724613], "var": [0.0441470779479, 0.0187272373587, 0.0187219809741, 0.00508116558194, 0.00247714133002, 0.00125169265084], "mean": [0.589567303658, 0.222962543368, 0.127583473921, 0.054884467274, 0.0335524193943, 0.00938154570758]}}, "lowlevel": {"barkbands_spread": {"dmean2": 4.47607898712, "median": 8.63386440277, "min": 0.543797135353, "dvar2": 47.2962684631, "dvar": 24.374786377, "dmean": 2.97988843918, "max": 138.165679932, "var": 232.159942627, "mean": 12.1553812027}, "melbands_spread": {"dmean2": 5.39693069458, "median": 8.03012275696, "min": 0.622816562653, "dvar2": 106.389915466, "dvar": 58.4686317444, "dmean": 3.59228682518, "max": 221.790893555, "var": 372.705657959, "mean": 12.7516107559}, "hfc": {"dmean2": 4.17796087265, "median": 7.68683004379, "min": 1.17043422933e-16, "dvar2": 66.9227828979, "dvar": 38.5197639465, "dmean": 3.05354261398, "max": 288.203369141, "var": 276.111297607, "mean": 12.1445541382}, "barkbands_kurtosis": {"dmean2": 6.67137718201, "median": 6.17354440689, "min": -1.89005291462, "dvar2": 108.848320007, "dvar": 44.789855957, "dmean": 4.27121925354, "max": 132.70715332, "var": 144.912017822, "mean": 9.46926498413}, "gfcc": {"mean": [-73.4153213501, 147.472442627, -107.537612915, 35.276134491, -46.7023200989, 6.21083688736, -34.4702987671, -2.19341802597, -12.7847137451, -3.78348207474, -7.06992387772, -3.54921746254, -6.59743309021], "icov": [[0.000561743741855, -0.00159658654593, 0.00108813459519, -0.001550953486, 0.00131854938809, -0.00148788525257, 0.00116438430268, -0.0012617406901, 0.000598719750997, -0.000513660430443, 0.000422385201091, -0.000387035484891, 0.000226988195209], [-0.00159658654593, 0.0057632396929, -0.00307291792706, 0.00493337027729, -0.00388636160642, 0.00476172147319, -0.00410691136494, 0.00497156893834, -0.00279767904431, 0.00296053383499, -0.00306209386326, 0.00278608407825, -0.00171589350794], [0.00108813459519, -0.00307291792706, 0.0039027465973, -0.0032940201927, 0.0022584896069, -0.00333199813031, 0.00180225388613, -0.00223188032396, 0.00166420335881, -0.00188321096357, 0.00107931043021, -0.00126802758314, -8.06620009826e-05], [-0.001550953486, 0.00493337027729, -0.0032940201927, 0.00752318883315, -0.00329170306213, 0.00400265026838, -0.00281268148683, 0.00415819371119, -0.00251804455183, 0.00137629569508, -0.00273546646349, 0.00305340951309, -0.00338952010497], [0.00131854938809, -0.00388636160642, 0.0022584896069, -0.00329170306213, 0.00746633671224, -0.00374777009711, 0.00156381132547, -0.00216380739585, -0.000105630788312, -0.00142334296834, 0.000824798189569, 0.00060751271667, -0.00109189597424], [-0.00148788525257, 0.00476172147319, -0.00333199813031, 0.00400265026838, -0.00374777009711, 0.0112696643919, -0.00444559659809, 0.00323981838301, 0.000414907728555, 7.26232610759e-05, -0.00315962871537, 0.00188945617992, -0.00109197152779], [0.00116438430268, -0.00410691136494, 0.00180225388613, -0.00281268148683, 0.00156381132547, -0.00444559659809, 0.00775244412944, -0.00494243390858, 0.00139744393528, -0.00167043472175, 0.00203926744871, -0.00360415200703, 0.00125882250722], [-0.0012617406901, 0.00497156893834, -0.00223188032396, 0.00415819371119, -0.00216380739585, 0.00323981838301, -0.00494243390858, 0.0108207315207, -0.00548285990953, 0.00279957102612, -0.00211384566501, 0.00229798094369, -0.00140400393866], [0.000598719750997, -0.00279767904431, 0.00166420335881, -0.00251804455183, -0.000105630788312, 0.000414907728555, 0.00139744393528, -0.00548285990953, 0.0115288598463, -0.00373692018911, 0.000835556827951, -0.000492256483994, -0.000240063804085], [-0.000513660430443, 0.00296053383499, -0.00188321096357, 0.00137629569508, -0.00142334296834, 7.26232610759e-05, -0.00167043472175, 0.00279957102612, -0.00373692018911, 0.0149349607527, -0.00706033222377, 0.00286039174534, 0.000189680577023], [0.000422385201091, -0.00306209386326, 0.00107931043021, -0.00273546646349, 0.000824798189569, -0.00315962871537, 0.00203926744871, -0.00211384566501, 0.000835556827951, -0.00706033222377, 0.0169184040278, -0.00815279409289, 0.00371316634119], [-0.000387035484891, 0.00278608407825, -0.00126802758314, 0.00305340951309, 0.00060751271667, 0.00188945617992, -0.00360415200703, 0.00229798094369, -0.000492256483994, 0.00286039174534, -0.00815279409289, 0.0186973698437, -0.00666662864387], [0.000226988195209, -0.00171589350794, -8.06620009826e-05, -0.00338952010497, -0.00109189597424, -0.00109197152779, 0.00125882250722, -0.00140400393866, -0.000240063804085, 0.000189680577023, 0.00371316634119, -0.00666662864387, 0.0171498283744]], "cov": [[15894.4638672, 2750.55053711, -1398.52563477, 763.101806641, -575.956970215, -19.1611785889, -544.640380859, -148.941345215, 123.351211548, -174.405181885, 178.064102173, -232.492156982, 73.6912918091], [2750.55053711, 1649.66320801, -86.3168182373, -148.477676392, 190.409332275, -122.513778687, 130.714752197, -146.405303955, 119.823554993, -100.685112, 57.6399536133, -60.0832595825, 48.5942230225], [-1398.52563477, -86.3168182373, 689.211608887, 80.2617797852, 63.7870903015, 93.892829895, 87.4429855347, -17.6582584381, -30.4610805511, 65.3738937378, 30.0383262634, 41.4279174805, 39.6053314209], [763.101806641, -148.477676392, 80.2617797852, 425.255065918, -14.3619565964, 23.1281642914, -69.953163147, -18.7179508209, 15.4886684418, 39.0578956604, 25.7470531464, -14.9232683182, 52.0395011902], [-575.956970215, 190.409332275, 63.7870903015, -14.3619565964, 301.543182373, 8.56806373596, 88.2199172974, -3.79605150223, 56.7638969421, 10.5609455109, 6.80206918716, -12.8024749756, 31.3219947815], [-19.1611785889, -122.513778687, 93.892829895, 23.1281642914, 8.56806373596, 184.018264771, 47.5135726929, 7.7831158638, -34.3499794006, 40.2019805908, 31.6187839508, 16.9518451691, 1.23875081539], [-544.640380859, 130.714752197, 87.4429855347, -69.953163147, 88.2199172974, 47.5135726929, 296.708892822, 71.0133209229, 32.6990127563, 9.28464794159, 16.0942630768, 37.8253860474, 11.1237659454], [-148.941345215, -146.405303955, -17.6582584381, -18.7179508209, -3.79605150223, 7.7831158638, 71.0133209229, 201.909805298, 59.9658699036, 4.99008750916, -3.29964137077, 8.09135627747, -0.244368076324], [123.351211548, 119.823554993, -30.4610805511, 15.4886684418, 56.7638969421, -34.3499794006, 32.6990127563, 59.9658699036, 148.003479004, 16.3549976349, 9.68183898926, -8.88960361481, 13.5489711761], [-174.405181885, -100.685112, 65.3738937378, 39.0578956604, 10.5609455109, 40.2019805908, 9.28464794159, 4.99008750916, 16.3549976349, 110.265426636, 44.6509895325, 7.65983581543, -4.45994520187], [178.064102173, 57.6399536133, 30.0383262634, 25.7470531464, 6.80206918716, 31.6187839508, 16.0942630768, -3.29964137077, 9.68183898926, 44.6509895325, 104.110481262, 31.4744262695, -1.02953052521], [-232.492156982, -60.0832595825, 41.4279174805, -14.9232683182, -12.8024749756, 16.9518451691, 37.8253860474, 8.09135627747, -8.88960361481, 7.65983581543, 31.4744262695, 87.0634002686, 19.2815246582], [73.6912918091, 48.5942230225, 39.6053314209, 52.0395011902, 31.3219947815, 1.23875081539, 11.1237659454, -0.244368076324, 13.5489711761, -4.45994520187, -1.02953052521, 19.2815246582, 81.8614807129]]}, "spectral_energyband_middle_low": {"dmean2": 0.00798939540982, "median": 0.0112658748403, "min": 3.43357855802e-22, "dvar2": 0.000114303758892, "dvar": 4.67382487841e-05, "dmean": 0.00517212273553, "max": 0.102876745164, "var": 0.000201413684408, "mean": 0.0152577292174}, "melbands_crest": {"dmean2": 4.61504793167, "median": 14.2808303833, "min": 2.31059885025, "dvar2": 18.6426734924, "dvar": 7.42754268646, "dmean": 2.88645291328, "max": 35.5245666504, "var": 22.1070919037, "mean": 14.8025751114}, "spectral_kurtosis": {"dmean2": 5.80857086182, "median": 7.52214002609, "min": -1.20689702034, "dvar2": 34.8115730286, "dvar": 12.9102258682, "dmean": 3.46262311935, "max": 57.2992973328, "var": 36.3378639221, "mean": 8.84158611298}, "spectral_rms": {"dmean2": 0.000965226907283, "median": 0.00527927605435, "min": 3.26411814244e-12, "dvar2": 9.97028223537e-07, "dvar": 5.19447212355e-07, "dmean": 0.000683446356561, "max": 0.0129269752651, "var": 5.10001837029e-06, "mean": 0.00512017868459}, "zerocrossingrate": {"dmean2": 0.00664215814322, "median": 0.02392578125, "min": 0.0029296875, "dvar2": 0.000105061197246, "dvar": 9.23795159906e-05, "dmean": 0.00557674607262, "max": 0.51220703125, "var": 0.00178632361349, "mean": 0.0318066850305}, "silence_rate_60dB": {"dmean2": 0.0227158851922, "median": 0, "min": 0, "dvar2": 0.0268790088594, "dvar": 0.0112277306616, "dmean": 0.011356045492, "max": 1, "var": 0.0740002840757, "mean": 0.0804808810353}, "erbbands_kurtosis": {"dmean2": 1.71166610718, "median": 0.18480451405, "min": -1.76147997379, "dvar2": 5.23603343964, "dvar": 2.16823220253, "dmean": 1.07154631615, "max": 29.8470745087, "var": 5.69404649734, "mean": 0.871940135956}, "erbbands": {"dmean2": [0.0892782211304, 1.30797290802, 3.23945307732, 7.94504737854, 13.2275094986, 14.4432420731, 19.9584159851, 16.6476345062, 29.0841960907, 24.8096847534, 18.2816772461, 12.6931324005, 13.6360960007, 11.9863166809, 16.7714862823, 16.0775032043, 13.2094955444, 15.5059299469, 16.4256458282, 13.9391450882, 9.12500762939, 6.95348167419, 7.29345607758, 6.33439064026, 2.71749019623, 3.11802339554, 1.83358609676, 1.65679967403, 1.6510528326, 1.49417293072, 1.08997225761, 0.534271657467, 0.20553740859, 0.0948125571012, 0.0483955331147, 0.0106755392626, 0.00107378163375, 0.000112782225187, 9.40845075093e-06, 1.28413275888e-05], "median": [0.0713499113917, 1.41540312767, 2.94859528542, 3.8787958622, 6.48861455917, 7.84531068802, 10.4149608612, 10.4566001892, 10.655216217, 7.90890645981, 6.51216983795, 3.99547457695, 3.6734585762, 3.09568405151, 3.9299826622, 5.29175710678, 3.44853878021, 3.83479714394, 4.61777067184, 3.36998701096, 2.92642474174, 2.69061875343, 2.13316082954, 1.49993443489, 0.843876838684, 0.63403737545, 0.442557573318, 0.360351711512, 0.295072227716, 0.182608917356, 0.118503212929, 0.059298209846, 0.0247305892408, 0.0104596633464, 0.00428147288039, 0.00111214024946, 0.000244246650254, 4.41933225375e-05, 1.63597960636e-05, 3.25302535202e-05], "min": [5.83504230477e-22, 2.16102126525e-21, 1.20612142157e-20, 5.56457387385e-20, 2.17970311515e-19, 3.23168737826e-19, 1.75210566842e-19, 8.52594909693e-19, 9.18816921583e-19, 5.49480312789e-19, 5.02425988547e-19, 1.48120699049e-18, 1.62179708894e-18, 2.65809051131e-18, 3.74721585601e-18, 3.15558898495e-18, 4.11146401157e-18, 3.78657600469e-18, 5.88657044505e-18, 1.11471976041e-17, 1.01027530406e-17, 1.27870219572e-17, 1.43202781503e-17, 1.91719174361e-17, 2.27357159174e-17, 1.73998484098e-17, 1.71579973423e-17, 1.61811135825e-17, 2.20336116309e-17, 1.29921238716e-17, 1.3148193828e-17, 1.77923125232e-17, 2.05524554087e-17, 1.46723063667e-17, 8.39458702539e-18, 6.35467939832e-18, 3.27896297331e-18, 1.5856014231e-18, 2.93460959716e-19, 2.82661638606e-20], "dvar2": [0.0235298462212, 4.28859138489, 35.7469444275, 166.040359497, 431.811462402, 609.137451172, 1555.61010742, 1048.86181641, 5011.58935547, 3592.53149414, 2069.26293945, 1724.41870117, 1664.1282959, 1519.01281738, 3314.17114258, 1827.48071289, 2312.96948242, 3909.84863281, 3489.46313477, 2058.54882813, 678.67010498, 856.406738281, 755.068237305, 632.157958984, 123.927391052, 582.668945313, 119.247581482, 104.503120422, 184.585708618, 157.140136719, 80.4247055054, 16.0770359039, 1.75158989429, 0.258495569229, 0.080188266933, 0.00473044021055, 2.54463775491e-05, 2.44128699478e-07, 8.90849782831e-10, 2.37849129281e-10], "dvar": [0.0105379223824, 2.12941288948, 16.2508907318, 60.3441009521, 160.245498657, 253.095016479, 653.201965332, 429.393127441, 2183.67895508, 1565.93823242, 964.508850098, 745.053283691, 717.202819824, 669.370239258, 1353.60217285, 827.114746094, 983.775024414, 1811.21740723, 1475.64758301, 896.406799316, 276.549346924, 328.328918457, 356.696533203, 321.422149658, 65.3184585571, 250.491424561, 64.8639450073, 56.1453895569, 108.653419495, 94.0182571411, 47.242565155, 9.6594991684, 1.06305420399, 0.162087276578, 0.0566415823996, 0.00273093720898, 1.7959602701e-05, 1.31948553417e-07, 3.95189242441e-10, 1.13829536075e-10], "dmean": [0.0600257404149, 0.924130797386, 2.12706184387, 4.75547742844, 7.94220876694, 9.2070684433, 13.1492071152, 10.4834461212, 18.7291297913, 16.3615131378, 12.2936611176, 8.16203403473, 8.97986030579, 7.81514644623, 10.6090087891, 10.3441991806, 8.72190952301, 10.4948253632, 10.7655210495, 8.99028301239, 5.77182340622, 4.43355989456, 4.87230730057, 4.20331573486, 1.81256103516, 1.98179793358, 1.24408316612, 1.13041460514, 1.26358509064, 1.045119524, 0.794706463814, 0.382879853249, 0.153929263353, 0.0684584900737, 0.0368304587901, 0.00806741043925, 0.000792899052612, 8.16489118733e-05, 6.46110720481e-06, 8.90148658073e-06], "max": [1.47923827171, 16.1535720825, 63.7894973755, 172.165100098, 191.778457642, 315.665740967, 549.380432129, 448.637237549, 1036.25439453, 1346.38537598, 586.905212402, 1131.91894531, 590.573425293, 770.773742676, 939.46484375, 827.438232422, 766.976074219, 1231.83227539, 931.09564209, 766.374145508, 561.819519043, 762.395019531, 686.653076172, 852.215026855, 367.271606445, 841.260070801, 443.846984863, 315.536132813, 480.31640625, 479.4581604, 364.996429443, 144.007736206, 57.4897918701, 17.3414211273, 12.8701124191, 2.33187484741, 0.188299551606, 0.0144606372342, 0.000607734371442, 0.000206406097277], "var": [0.0489639230072, 10.5990285873, 30.5074043274, 114.532035828, 335.090026855, 600.174865723, 1193.95202637, 1001.14593506, 4844.07470703, 3958.47680664, 2282.18701172, 1474.28967285, 2057.04345703, 1306.77124023, 2554.22265625, 1773.69812012, 1540.52478027, 3291.4206543, 3213.0703125, 2032.69091797, 724.17791748, 520.383972168, 953.180908203, 1128.32995605, 231.69241333, 542.671203613, 216.387374878, 184.384460449, 328.145477295, 311.580993652, 158.590454102, 35.4902305603, 4.21884250641, 0.567803621292, 0.219962850213, 0.00823254324496, 5.56551094633e-05, 3.11741331416e-07, 8.76833550212e-10, 7.22220339089e-10], "mean": [0.178631320596, 2.83435320854, 4.39610910416, 7.63222551346, 13.5397081375, 16.4078922272, 22.3385276794, 20.07396698, 32.4761428833, 29.9432525635, 22.870218277, 15.7274217606, 17.3689098358, 13.4430465698, 16.9581413269, 18.1125087738, 13.9833889008, 16.9971351624, 19.3747062683, 16.925195694, 11.5612983704, 9.07975006104, 9.61513137817, 8.31122970581, 3.62366843224, 3.32340216637, 2.3321056366, 2.19205856323, 2.31299495697, 2.01829791069, 1.45776391029, 0.68358027935, 0.26874896884, 0.121349528432, 0.0637059882283, 0.0130217736587, 0.00135519413743, 0.000139489799039, 2.15038562601e-05, 3.65458909073e-05]}, "spectral_strongpeak": {"dmean2": 0.481277197599, "median": 0.480180889368, "min": 0, "dvar2": 0.751045882702, "dvar": 0.294035404921, "dmean": 0.286359369755, "max": 8.6813583374, "var": 0.415666073561, "mean": 0.613094508648}, "spectral_energy": {"dmean2": 0.0115510625765, "median": 0.0285675246269, "min": 1.09208286112e-20, "dvar2": 0.000193705738639, "dvar": 9.28919689613e-05, "dmean": 0.00798196811229, "max": 0.171284362674, "var": 0.000537414976861, "mean": 0.0320991389453}, "average_loudness": 0.890841782093, "spectral_rolloff": {"dmean2": 339.678253174, "median": 430.6640625, "min": 86.1328125, "dvar2": 559208.1875, "dvar": 284228.4375, "dmean": 208.8540802, "max": 18260.15625, "var": 3001026.5, "mean": 830.52935791}, "spectral_centroid": {"dmean2": 208.010894775, "median": 571.865600586, "min": 165.736862183, "dvar2": 82933.6328125, "dvar": 51189.6015625, "dmean": 139.423248291, "max": 11072.1640625, "var": 384706.21875, "mean": 733.846313477}, "pitch_salience": {"dmean2": 0.116038314998, "median": 0.532766103745, "min": 0.10190461576, "dvar2": 0.0102661196142, "dvar": 0.00405244389549, "dmean": 0.0725077390671, "max": 0.898220539093, "var": 0.0167819615453, "mean": 0.517785310745}, "spectral_energyband_middle_high": {"dmean2": 0.00152635632548, "median": 0.00113684602547, "min": 1.85869018448e-21, "dvar2": 1.01922150861e-05, "dvar": 5.21218862559e-06, "dmean": 0.00104830751661, "max": 0.0479943789542, "var": 2.16340977204e-05, "mean": 0.00290223304182}, "spectral_contrast_coeffs": {"dmean2": [0.0842412635684, 0.0741113498807, 0.0575203225017, 0.0458604320884, 0.0337612554431, 0.0254255644977], "median": [-0.637790560722, -0.702822744846, -0.777071297169, -0.793546199799, -0.807980179787, -0.767843127251], "min": [-0.963639914989, -0.962084710598, -0.968566894531, -0.956412374973, -0.958833873272, -0.959328711033], "dvar2": [0.00444199657068, 0.00355426943861, 0.00208475952968, 0.00133235938847, 0.000787386612501, 0.000450413383078], "dvar": [0.00171486043837, 0.00138400914147, 0.000834356993437, 0.000522667251062, 0.000359561730875, 0.000224833391258], "dmean": [0.0511481761932, 0.0457017719746, 0.0354247055948, 0.0282849296927, 0.0213536322117, 0.0170813053846], "max": [-0.24364207685, -0.422764360905, -0.421556204557, -0.60219591856, -0.545567631721, -0.561776101589], "var": [0.00784753262997, 0.00553440023214, 0.00441850302741, 0.00282456260175, 0.00302418926731, 0.0021707478445], "mean": [-0.632599651814, -0.705857157707, -0.772210538387, -0.790333211422, -0.797319412231, -0.767729699612]}, "melbands_skewness": {"dmean2": 1.07636606693, "median": 2.91117286682, "min": -2.20797300339, "dvar2": 1.22000396252, "dvar": 0.546253502369, "dmean": 0.707758128643, "max": 12.0019292831, "var": 2.30274510384, "mean": 3.04798054695}, "spectral_spread": {"dmean2": 555367.1875, "median": 3020065.5, "min": 1351155.625, "dvar2": 466069585920, "dvar": 338781437952, "dmean": 385618.21875, "max": 40718372, "var": 2069503410180.0, "mean": 3302543}, "dissonance": {"dmean2": 0.0390978939831, "median": 0.456015139818, "min": 0.209308698773, "dvar2": 0.00138886389323, "dvar": 0.0005034992937, "dmean": 0.0233091488481, "max": 0.500000178814, "var": 0.00102939736098, "mean": 0.449698954821}, "spectral_skewness": {"dmean2": 0.54252910614, "median": 2.06510448456, "min": -0.0157066471875, "dvar2": 0.244476035237, "dvar": 0.0990061759949, "dmean": 0.335539609194, "max": 5.98393535614, "var": 0.466809034348, "mean": 2.13519740105}, "spectral_flux": {"dmean2": 0.0344797372818, "median": 0.0690345093608, "min": 1.04502767551e-10, "dvar2": 0.0012320302194, "dvar": 0.000509545207024, "dmean": 0.0216579400003, "max": 0.313624113798, "var": 0.00206179870293, "mean": 0.0750765427947}, "spectral_contrast_valleys": {"dmean2": [0.66254812479, 0.526729404926, 0.476497203112, 0.394838243723, 0.355204641819, 0.359331488609], "median": [-6.80421876907, -6.72160291672, -7.68583011627, -7.99923658371, -8.30285072327, -11.4168434143], "min": [-27.7905349731, -27.0524234772, -27.2088947296, -27.1979503632, -27.3355140686, -27.2371463776], "dvar2": [0.305536687374, 0.19366851449, 0.180652171373, 0.12881796062, 0.145398661494, 0.166616439819], "dvar": [0.141635641456, 0.0936316922307, 0.0912459269166, 0.074968457222, 0.0920011997223, 0.108418062329], "dmean": [0.414653211832, 0.324705779552, 0.297322660685, 0.257681190968, 0.249225586653, 0.284012943506], "max": [-5.18387651443, -4.78887987137, -4.62199640274, -5.28135728836, -5.3555598259, -7.51271343231], "var": [2.33785200119, 2.08065152168, 1.79417061806, 1.78831732273, 1.56115603447, 1.29271018505], "mean": [-7.14063167572, -6.95884847641, -7.86469316483, -8.24851131439, -8.51555633545, -11.450958252]}, "erbbands_flatness_db": {"dmean2": 0.0239802766591, "median": 0.192129582167, "min": 0.0352085568011, "dvar2": 0.000516105967108, "dvar": 0.000273619400105, "dmean": 0.016736311838, "max": 0.441577970982, "var": 0.00173987459857, "mean": 0.190814077854}, "spectral_energyband_high": {"dmean2": 0.000141184791573, "median": 3.76600874006e-05, "min": 7.66441160226e-21, "dvar2": 1.00163356365e-06, "dvar": 6.92432251981e-07, "dmean": 0.000111773413664, "max": 0.0434169284999, "var": 2.92583513328e-06, "mean": 0.00024216309248}, "spectral_entropy": {"dmean2": 0.268406927586, "median": 7.02471113205, "min": 4.56474399567, "dvar2": 0.0654111206532, "dvar": 0.03326055035, "dmean": 0.180191516876, "max": 9.80614852905, "var": 0.254627376795, "mean": 7.01768350601}, "silence_rate_20dB": {"dmean2": 0, "median": 1, "min": 1, "dvar2": 0, "dvar": 0, "dmean": 0, "max": 1, "var": 0, "mean": 1}, "melbands_flatness_db": {"dmean2": 0.0361040644348, "median": 0.291787266731, "min": 0.0048627150245, "dvar2": 0.00121742160991, "dvar": 0.00061068427749, "dmean": 0.0250452272594, "max": 0.571794688702, "var": 0.00591094326228, "mean": 0.295005142689}, "barkbands": {"dmean2": [2.0126979507e-05, 0.00499887857586, 0.0030335530173, 0.00378979626112, 0.0039400421083, 0.00221559521742, 0.00208479911089, 0.0010176304495, 0.00059890904231, 0.000439462019131, 0.00037705124123, 0.000467519799713, 0.000308065762511, 0.000333794014296, 0.000341929204296, 0.000189228783711, 0.00014662600006, 0.000151018190081, 9.20478923945e-05, 6.18857957306e-05, 4.0882419853e-05, 4.65720804641e-05, 3.75392119167e-05, 1.64480243257e-05, 7.38896687835e-06, 1.09323468678e-06, 2.98044504632e-08], "median": [2.49266145147e-06, 0.00513757020235, 0.00126850954257, 0.00137114338577, 0.00261246599257, 0.00145314796828, 0.000687076302711, 0.000250505283475, 0.000157754169777, 8.91285162652e-05, 6.0493392084e-05, 0.000122625977383, 6.48054192425e-05, 6.61910235067e-05, 8.74046527315e-05, 4.43099379481e-05, 5.01715512655e-05, 3.4187680285e-05, 2.14043575397e-05, 1.22624005598e-05, 9.81067023531e-06, 7.86804139352e-06, 4.22707080361e-06, 1.99490341402e-06, 7.56765814458e-07, 1.62928301961e-07, 1.21448948676e-08], "min": [1.49921626642e-23, 1.30466604891e-23, 1.43374396673e-23, 1.54595343516e-23, 9.51752036234e-23, 7.81564320501e-23, 5.14491863833e-23, 2.63886689234e-23, 6.41158817622e-23, 6.31822175492e-23, 8.44643594857e-23, 7.83819642275e-23, 7.95445243207e-23, 9.37214087057e-23, 1.93796656552e-22, 1.40222865802e-22, 2.04100517882e-22, 2.41200494793e-22, 4.58680838312e-22, 4.49633398901e-22, 3.85871198193e-22, 5.21428071648e-22, 4.46163117738e-22, 1.13334103872e-21, 1.17203697591e-21, 1.89578588261e-21, 2.06599909433e-21], "dvar2": [5.17441067771e-09, 6.41597580398e-05, 3.38822137564e-05, 4.09658241551e-05, 3.38507852575e-05, 1.39948160722e-05, 2.38606135099e-05, 6.45401041766e-06, 3.09639949592e-06, 2.2157762487e-06, 1.77725542017e-06, 1.77681386049e-06, 1.1737248542e-06, 1.8909430537e-06, 1.21796040276e-06, 2.99135820114e-07, 3.15987847443e-07, 3.75916812345e-07, 2.16785394969e-07, 2.04702544693e-07, 6.00738374601e-08, 1.35987505701e-07, 1.10315610868e-07, 1.32149828858e-08, 1.64422575555e-09, 4.15348241911e-11, 2.175048302e-14], "dvar": [2.10708872572e-09, 3.14589378831e-05, 1.43908091559e-05, 1.46116908581e-05, 1.44669629663e-05, 5.85763245908e-06, 1.02375561255e-05, 2.82151540887e-06, 1.32251102514e-06, 9.24607206798e-07, 6.92538492331e-07, 7.79135234552e-07, 4.963411015