{"metadata": {"tags": {"album": ["Let's Build A Fire"], "tracknumber": ["13"], "musicbrainz_recordingid": ["1af1d6e5-8407-4bfd-822d-0d82f1c1eae6"], "artist": ["\u672a\u77e5"], "date": ["2006"], "discnumber": ["1"], "title": ["For You"], "file_name": "2020327.mp3"}, "audio_properties": {"sample_rate": 44100, "downmix": "mix", "lossless": false, "analysis_sample_rate": 44100, "md5_encoded": "ca80fcd0dc1ea33d242ab79b13c24905", "equal_loudness": 0, "replay_gain": -8.96406173706, "codec": "mp3", "bit_rate": 192000, "length": 271.177154541}, "version": {"extractor": "music 1.0", "essentia_build_sha": "70f2e5ece6736b2c40cc944ad0e695b16b925413", "essentia_git_sha": "v2.1_beta2", "essentia": "2.1-beta2"}}, "rhythm": {"beats_loudness_band_ratio": {"dvar2": [0.0459884628654, 0.0561324097216, 0.0604907907546, 0.0256251636893, 0.0313712693751, 0.012583992444], "var": [0.0503698699176, 0.0473439954221, 0.0407741330564, 0.0101093603298, 0.00760663440451, 0.00262564979494], "min": [1.65526432738e-06, 3.05652122279e-07, 1.95762299882e-06, 0.000206163618714, 1.70459074411e-07, 6.69067574677e-08], "dmean": [0.14677670598, 0.177978619933, 0.128837615252, 0.0532728359103, 0.0331481732428, 0.0164134893566], "mean": [0.386568665504, 0.397635668516, 0.196131765842, 0.0636452957988, 0.0349357388914, 0.0144450049847], "max": [0.945839762688, 0.892320156097, 0.944340646267, 0.999475598335, 0.979077637196, 0.88653165102], "dmean2": [0.244974806905, 0.305114150047, 0.222028806806, 0.0930343866348, 0.0604199692607, 0.0297727920115], "median": [0.396188139915, 0.38827174902, 0.12501655519, 0.0331401899457, 0.0143897924572, 0.00188824301586], "dvar": [0.0162054337561, 0.0194791350514, 0.0224001891911, 0.00952456425875, 0.010526494123, 0.0041211550124]}, "bpm_histogram_first_peak_weight": {"dvar2": 0, "var": 0, "min": 0.275922685862, "dmean": 0, "mean": 0.275922685862, "max": 0.275922685862, "dmean2": 0, "median": 0.275922685862, "dvar": 0}, "bpm": 131.322769165, "beats_count": 570, "bpm_histogram_first_peak_spread": {"dvar2": 0, "var": 0, "min": 0.53958940506, "dmean": 0, "mean": 0.53958940506, "max": 0.53958940506, "dmean2": 0, "median": 0.53958940506, "dvar": 0}, "danceability": 0.891804397106, "bpm_histogram_first_peak_bpm": {"dvar2": 0, "var": 0, "min": 133, "dmean": 0, "mean": 133, "max": 133, "dmean2": 0, "median": 133, "dvar": 0}, "beats_position": [0.487619042397, 0.99845802784, 1.50929701328, 2.02013611794, 2.54258489609, 3.01859402657, 3.50621318817, 3.98222208023, 4.45823097229, 4.94585037231, 5.42185926437, 5.88625860214, 6.33904743195, 6.79183673859, 7.24462556839, 7.70902490616, 8.16181373596, 8.62621307373, 9.06739234924, 9.52018165588, 9.96135997772, 10.4373693466, 10.9133787155, 11.3893871307, 11.8653964996, 12.2833557129, 12.7013149261, 13.1308841705, 13.5952835083, 14.0596818924, 14.512471199, 14.9652605057, 15.4180498123, 15.870839119, 16.3236274719, 16.7880268097, 17.2408161163, 17.693605423, 18.1580047607, 18.6107940674, 19.0635814667, 19.5279808044, 19.9923801422, 20.45677948, 20.9095687866, 21.3623580933, 21.826757431, 22.2911567688, 22.7555541992, 23.219953537, 23.6611328125, 24.1139221191, 24.5667114258, 25.0311107635, 25.4955101013, 25.9599094391, 26.4243087769, 26.8770961761, 27.3414955139, 27.8058948517, 28.2819042206, 28.7579135895, 29.2339229584, 29.7099323273, 30.1859397888, 30.6619491577, 31.1263484955, 31.6023578644, 32.0899772644, 32.5775947571, 33.0419960022, 33.5063934326, 33.9707946777, 34.4351921082, 34.8995895386, 35.3755989075, 35.8283882141, 36.269569397, 36.7223587036, 37.1751480103, 37.6395454407, 38.1039466858, 38.57995224, 39.0327415466, 39.4855308533, 39.9383201599, 40.3795013428, 40.8206787109, 41.2618598938, 41.703037262, 42.1442184448, 42.585395813, 43.0265769958, 43.50258255, 43.9785919189, 44.4546012878, 44.9422225952, 45.4182319641, 45.8710212708, 46.3238105774, 46.7882080078, 47.2526054382, 47.7170066833, 48.16979599, 48.6341934204, 49.0869827271, 49.5513839722, 50.0157814026, 50.4685707092, 50.9213600159, 51.3741493225, 51.8269386292, 52.2913360596, 52.7441253662, 53.2085266113, 53.6729240417, 54.1373214722, 54.5901107788, 55.0545120239, 55.5073013306, 55.9833106995, 56.4477081299, 56.912109375, 57.3765068054, 57.8409042358, 58.2820854187, 58.7232627869, 59.1644439697, 59.6172332764, 60.070022583, 60.5228118896, 60.9291610718, 61.3471183777, 61.741859436, 62.1365966797, 62.5893859863, 63.042175293, 63.4949645996, 63.95936203, 64.4237594604, 64.8881607056, 65.3525619507, 65.8053512573, 66.258140564, 66.7109298706, 67.1753311157, 67.6397247314, 68.1041259766, 68.5685272217, 69.0329208374, 69.485710144, 69.9384994507, 70.4029006958, 70.8673019409, 71.3200912476, 71.7728805542, 72.2256698608, 72.6784591675, 73.1312484741, 73.5840377808, 74.0484313965, 74.5012207031, 74.9424057007, 75.3951950073, 75.859588623, 76.3239898682, 76.7883911133, 77.2411804199, 77.6939697266, 78.1467590332, 78.5995483398, 79.0523376465, 79.5051269531, 79.9579086304, 80.4223098755, 80.8867111206, 81.3395004272, 81.8039016724, 82.2682952881, 82.7210845947, 83.1738739014, 83.6382751465, 84.1026763916, 84.5670700073, 85.0314712524, 85.4842605591, 85.9370498657, 86.4014511108, 86.8542404175, 87.3070297241, 87.7714233398, 88.235824585, 88.7002258301, 89.1646270752, 89.6174163818, 90.0702056885, 90.5229949951, 90.9757843018, 91.4401779175, 91.9045791626, 92.3689804077, 92.8333740234, 93.2861633301, 93.7389526367, 94.1917419434, 94.64453125, 95.0973205566, 95.5733337402, 96.0493392944, 96.525352478, 97.0013580322, 97.4773712158, 97.9649887085, 98.4526062012, 98.9402236938, 99.4162368774, 99.8922424316, 100.379859924, 100.855873108, 101.366706848, 101.877548218, 102.400001526, 103.003715515, 103.607437134, 104.211151123, 104.814872742, 105.41859436, 106.010704041, 106.602806091, 107.194915771, 107.787025452, 108.379135132, 108.948028564, 109.528526306, 110.00453186, 110.480545044, 110.94493866, 111.409339905, 111.87374115, 112.338134766, 112.802536011, 113.255325317, 113.708114624, 114.160903931, 114.602081299, 115.031654358, 115.472831726, 115.902404785, 116.331970215, 116.773147583, 117.202720642, 117.632286072, 118.061859131, 118.491424561, 118.932601929, 119.373786926, 119.814964294, 120.256141663, 120.708930969, 121.161720276, 121.614509583, 122.090522766, 122.554916382, 123.019317627, 123.483718872, 123.948112488, 124.412513733, 124.876914978, 125.341316223, 125.79410553, 126.246894836, 126.699676514, 127.15246582, 127.605255127, 128.058044434, 128.522445679, 128.986846924, 129.451248169, 129.915649414, 130.368438721, 130.832824707, 131.285614014, 131.750015259, 132.202804565, 132.655593872, 133.108383179, 133.561172485, 134.02557373, 134.489974976, 134.954376221, 135.418777466, 135.871566772, 136.324356079, 136.777145386, 137.229934692, 137.694335938, 138.158721924, 138.61151123, 139.075912476, 139.528701782, 139.993103027, 140.445892334, 140.898681641, 141.363082886, 141.815872192, 142.268661499, 142.733062744, 143.197463989, 143.661849976, 144.114639282, 144.567428589, 145.020217896, 145.473007202, 145.937408447, 146.401809692, 146.854598999, 147.307388306, 147.771789551, 148.236190796, 148.688980103, 149.153381348, 149.606170654, 150.070556641, 150.523345947, 150.976135254, 151.440536499, 151.904937744, 152.369338989, 152.822128296, 153.274917603, 153.739318848, 154.203720093, 154.668121338, 155.132507324, 155.585296631, 156.026489258, 156.490875244, 156.955276489, 157.431289673, 157.918914795, 158.406524658, 159.010253906, 159.590744019, 160.182861328, 160.798187256, 161.413513184, 162.005615234, 162.597732544, 163.178222656, 163.770339966, 164.362442017, 164.942947388, 165.488616943, 166.034286499, 166.510284424, 166.986297607, 167.462310791, 167.926712036, 168.391113281, 168.855514526, 169.319900513, 169.784301758, 170.248703003, 170.713104248, 171.154281616, 171.595458984, 172.036636353, 172.512649536, 173.000274658, 173.476272583, 173.963897705, 174.451522827, 174.93913269, 175.415145874, 175.902755737, 176.378768921, 176.866394043, 177.354003906, 177.853240967, 178.352462769, 178.851699829, 179.339309692, 179.815322876, 180.279724121, 180.744125366, 181.208526611, 181.672927856, 182.148925781, 182.613327026, 183.08934021, 183.565353394, 184.052963257, 184.633468628, 185.21395874, 185.80607605, 186.386566162, 186.967071533, 187.535964966, 188.10484314, 188.731781006, 189.358734131, 189.985671997, 190.600997925, 191.181488037, 191.703948975, 192.226394653, 192.748840332, 193.271286011, 193.793731689, 194.327789307, 194.873458862, 195.419128418, 195.953201294, 196.545303345, 197.125808716, 197.69468689, 198.275192261, 198.867294312, 199.447799683, 200.028289795, 200.620407104, 201.212509155, 201.804626465, 202.431564331, 203.070114136, 203.70866394, 204.358810425, 204.997360229, 205.508209229, 206.019042969, 206.518280029, 207.017501831, 207.516723633, 208.015960693, 208.503585815, 209.002807617, 209.502029419, 209.896774292, 210.291519165, 210.697860718, 211.057769775, 211.417678833, 211.765975952, 212.11428833, 212.462585449, 212.810882568, 213.147567749, 213.495864868, 213.832565308, 214.180862427, 214.529159546, 214.877456665, 215.225753784, 215.666931152, 216.084899902, 216.514465332, 216.944030762, 217.420043945, 217.88444519, 218.360443115, 218.82484436, 219.277633667, 219.730422974, 220.194824219, 220.647613525, 221.088790894, 221.5415802, 221.994369507, 222.447158813, 222.89994812, 223.352737427, 223.805526733, 224.25831604, 224.722717285, 225.18711853, 225.651519775, 226.115921021, 226.580307007, 227.05632019, 227.532333374, 227.985122681, 228.437911987, 228.890701294, 229.343490601, 229.796279907, 230.249069214, 230.701858521, 231.154647827, 231.595825195, 232.048614502, 232.513015747, 232.977416992, 233.441802979, 233.906204224, 234.382217407, 234.846618652, 235.299407959, 235.752197266, 236.204986572, 236.657775879, 237.098953247, 237.551742554, 238.00453186, 238.468933105, 238.933334351, 239.397735596, 239.862121582, 240.314910889, 240.779312134, 241.243713379, 241.708114624, 242.160903931, 242.613693237, 243.078094482, 243.530883789, 243.983673096, 244.436462402, 244.889251709, 245.353652954, 245.806442261, 246.259231567, 246.712020874, 247.164810181, 247.617584229, 248.070373535, 248.546386719, 249.022399902, 249.498413086, 249.974411011, 250.462036133, 250.949661255, 251.495330811, 252.041000366, 252.586654663, 253.062667847, 253.53868103, 254.026306152, 254.56036377, 255.082809448, 255.605255127, 256.139312744, 256.673370361, 257.230651855, 257.78793335, 258.356811523, 258.867645264, 259.366882324, 259.866119385, 260.365356445, 260.864562988, 261.363800049, 261.851409912, 262.339050293, 262.838256836, 263.325897217, 263.825134277, 264.32434082, 264.823577881, 265.322814941, 265.822021484, 266.332885742, 266.843719482, 267.342956543, 267.830566406, 268.31817627, 268.81741333, 269.316650391, 269.815856934, 270.291870117, 270.767883301], "beats_loudness": {"dvar2": 0.000687636900693, "var": 0.000683805381414, "min": 5.12848297163e-09, "dmean": 0.0138791231439, "mean": 0.0307384617627, "max": 0.12828360498, "dmean2": 0.0237090401351, "median": 0.0238827001303, "dvar": 0.000231733778492}, "bpm_histogram_second_peak_weight": {"dvar2": 0, "var": 0, "min": 0.101933218539, "dmean": 0, "mean": 0.101933218539, "max": 0.101933218539, "dmean2": 0, "median": 0.101933218539, "dvar": 0}, "bpm_histogram_second_peak_spread": {"dvar2": 0, "var": 0, "min": 0.33333337307, "dmean": 0, "mean": 0.33333337307, "max": 0.33333337307, "dmean2": 0, "median": 0.33333337307, "dvar": 0}, "bpm_histogram_second_peak_bpm": {"dvar2": 0, "var": 0, "min": 126, "dmean": 0, "mean": 126, "max": 126, "dmean2": 0, "median": 126, "dvar": 0}, "onset_rate": 1.91373479366}, "lowlevel": {"spectral_energyband_high": {"dvar2": 7.10237841872e-08, "var": 2.70852495987e-07, "min": 7.93015872212e-21, "dmean": 3.95130518882e-05, "mean": 0.000137020688271, "max": 0.00873979367316, "dmean2": 5.34497085027e-05, "median": 5.78948856855e-06, "dvar": 4.42007177526e-08}, "spectral_energyband_middle_low": {"dvar2": 0.000136890099384, "var": 0.000247418152867, "min": 2.62856935452e-22, "dmean": 0.00581587851048, "mean": 0.0181195102632, "max": 0.128932207823, "dmean2": 0.0094110108912, "median": 0.0146502843127, "dvar": 5.15292267664e-05}, "spectral_energy": {"dvar2": 0.000211625156226, "var": 0.000582803215366, "min": 1.04329980372e-20, "dmean": 0.00698482152075, "mean": 0.0276130381972, "max": 0.146503806114, "dmean2": 0.0113049605861, "median": 0.0223796181381, "dvar": 7.96574677224e-05}, "spectral_spread": {"dvar2": 518961627136, "var": 4091255980030.0, "min": 58999.09375, "dmean": 335355.375, "mean": 2401860.5, "max": 41871164, "dmean2": 535273.1875, "median": 1930916.5, "dvar": 332835225600}, "spectral_energyband_low": {"dvar2": 9.22782928683e-05, "var": 0.000114154092444, "min": 1.68792536336e-23, "dmean": 0.00308845099062, "mean": 0.00787145271897, "max": 0.10672801733, "dmean2": 0.0050776260905, "median": 0.00372275128029, "dvar": 3.30060174747e-05}, "spectral_rolloff": {"dvar2": 466421.15625, "var": 845520.25, "min": 21.533203125, "dmean": 159.48928833, "mean": 716.607727051, "max": 18561.6210938, "dmean2": 276.15802002, "median": 495.263671875, "dvar": 217092.640625}, "barkbands": {"dvar2": [2.54142918266e-07, 2.44532238867e-05, 3.99725286115e-05, 2.29606612265e-05, 7.84488220233e-05, 1.62620890478e-05, 7.12627661414e-06, 4.76830700791e-06, 8.92903881322e-06, 3.90632521885e-07, 8.67739458954e-07, 1.33455193918e-06, 1.55604993779e-06, 6.78024662193e-07, 1.41154998801e-07, 6.52280220947e-08, 6.81664715785e-08, 3.51337661186e-08, 3.12206651643e-08, 1.23313883549e-08, 7.42088968053e-09, 3.61802809934e-09, 3.84544307508e-09, 7.5432300406e-09, 2.91359492088e-09, 7.9580103618e-10, 3.74135444847e-11], "var": [2.15346517507e-07, 3.3082007576e-05, 3.36769371643e-05, 1.26778504637e-05, 7.66395387473e-05, 1.97601111722e-05, 1.51344947881e-05, 8.38778305479e-06, 9.91319302557e-06, 6.04629860845e-07, 9.70306700765e-07, 7.79260005856e-07, 1.06544860046e-06, 6.53188124033e-07, 1.28005609668e-07, 7.25790698652e-08, 1.09194026265e-07, 3.63322989472e-08, 4.84495998876e-08, 2.0640346321e-08, 1.37568463288e-08, 1.00820294335e-08, 6.03012662026e-09, 1.12680229591e-08, 4.7526267366e-09, 9.51353329448e-10, 2.37643429241e-11], "min": [4.86401083145e-25, 4.05039448494e-24, 1.04808193974e-23, 3.51456978697e-24, 3.26430327036e-23, 4.76879480743e-23, 2.88321876654e-23, 3.6764322907e-23, 7.76884103414e-23, 1.51310299514e-22, 1.26886042551e-22, 5.84933671681e-23, 6.88164388391e-23, 9.00864764939e-23, 1.32019255124e-22, 1.24511937257e-22, 1.29446685049e-22, 1.32872600675e-22, 3.12795491067e-22, 3.85707342317e-22, 3.66568567014e-22, 4.81158451619e-22, 5.14854550522e-22, 8.02767222937e-22, 1.06817673557e-21, 1.83636277029e-21, 2.8077218118e-21], "dmean": [3.06584588543e-05, 0.0013639300596, 0.001944598509, 0.00149343418889, 0.00389824179001, 0.00138616585173, 0.000953293871135, 0.000531126686838, 0.00070773815969, 0.000173018503119, 0.000262132874923, 0.000201475646463, 0.000190004357137, 0.000180844319402, 8.94836193766e-05, 6.87574720359e-05, 5.9960046201e-05, 4.14844980696e-05, 4.36926275142e-05, 1.66994959727e-05, 1.25402384583e-05, 9.58312102739e-06, 7.8277389548e-06, 9.76211413217e-06, 5.55124825041e-06, 2.48587753049e-06, 3.09631417394e-07], "mean": [7.99651170382e-05, 0.00327885057777, 0.00353334052488, 0.00243369396776, 0.00783496256918, 0.00291382684372, 0.00224761199206, 0.00114366970956, 0.00147098710295, 0.000343763473211, 0.000502556620631, 0.000330645532813, 0.000379692646675, 0.000333433534252, 0.000166139041539, 0.000143780911458, 0.000129842708702, 8.72430755408e-05, 0.000103969614429, 3.94240523747e-05, 2.97301558021e-05, 2.73257719527e-05, 1.8577758965e-05, 2.25135590881e-05, 1.25106471387e-05, 4.69114684165e-06, 4.03846513564e-07], "max": [0.0139716183767, 0.0592110455036, 0.0739616528153, 0.046591360122, 0.109095357358, 0.0560274608433, 0.0395276173949, 0.0488148778677, 0.0688545703888, 0.0162480082363, 0.0112429503351, 0.0188399665058, 0.0287773199379, 0.0151706952602, 0.00601059617475, 0.00401811487973, 0.00850708130747, 0.00411786558107, 0.00309137371369, 0.00309222866781, 0.00174164597411, 0.00177455937956, 0.0017953197239, 0.00305849476717, 0.00259647867642, 0.000765208911616, 0.000186875200598], "dmean2": [5.21449073858e-05, 0.00231471168809, 0.00317441113293, 0.00260087708011, 0.00637361826375, 0.00221239984967, 0.00139962951653, 0.000785857497249, 0.00103766238317, 0.000259299966274, 0.00040936213918, 0.00033127333154, 0.000298949773423, 0.000284759444185, 0.000145307858475, 0.000108720640128, 9.6441275673e-05, 6.87384163029e-05, 7.07597573637e-05, 2.69768152066e-05, 1.9076420358e-05, 1.49120878632e-05, 1.1484931747e-05, 1.38415480251e-05, 7.83255200076e-06, 3.33647653861e-06, 4.61807445618e-07], "median": [6.29191617918e-07, 0.000672798661981, 0.00132371950895, 0.00121240282897, 0.00522882770747, 0.00144275242928, 0.000878076767549, 0.000314052798785, 0.000381572113838, 0.000102663441794, 9.34782729018e-05, 5.84531226195e-05, 7.46380828787e-05, 7.02313554939e-05, 2.44949151238e-05, 3.28872483806e-05, 2.73813584499e-05, 2.20710098802e-05, 1.89638885786e-05, 2.20652259486e-06, 9.57310930971e-07, 8.76277340467e-07, 3.01749992104e-07, 3.47871150552e-07, 1.23780111494e-07, 4.88829865475e-09, 1.08760200845e-09], "dvar": [8.6372743624e-08, 8.4338034867e-06, 1.45932144733e-05, 7.34012019166e-06, 2.99288985843e-05, 6.30961449133e-06, 3.39802136295e-06, 2.14381975638e-06, 3.7889401483e-06, 1.94700220391e-07, 3.64845504919e-07, 4.59120542473e-07, 5.50944946553e-07, 2.69791001983e-07, 5.31398320902e-08, 2.57238195189e-08, 2.70424518334e-08, 1.29180088848e-08, 1.19748149174e-08, 4.68945948739e-09, 3.1743316864e-09, 1.67645286542e-09, 1.95833882444e-09, 4.0515146793e-09, 1.76714265443e-09, 4.31253366351e-10, 1.77176693456e-11]}, "melbands_skewness": {"dvar2": 20682.5605469, "var": 10415.0019531, "min": -12.2454442978, "dmean": 2.50331115723, "mean": 4.17220830917, "max": 8612.55761719, "dmean2": 4.22749423981, "median": 2.18806695938, "dvar": 10240.0830078}, "barkbands_skewness": {"dvar2": 25.724023819, "var": 12.9103593826, "min": -38.8993148804, "dmean": 0.6004576087, "mean": 1.69341719151, "max": 134.332122803, "dmean2": 0.990928053856, "median": 1.62694060802, "dvar": 10.0846395493}, "erbbands": {"dvar2": [0.0145270666108, 1.74801564217, 42.3770942688, 73.9848556519, 987.219299316, 957.54309082, 671.08984375, 1073.41442871, 1243.85668945, 2843.2578125, 2229.70751953, 5599.92919922, 474.704742432, 289.142883301, 1409.34680176, 1215.63061523, 3214.89355469, 1853.03320312, 499.762939453, 468.332855225, 165.357574463, 176.805053711, 87.3321762085, 48.4411239624, 70.5381546021, 23.9671230316, 13.5829648972, 11.6428222656, 6.81114673615, 2.88220977783, 3.69658923149, 1.90936148167, 3.7042798996, 0.554157733917, 0.122930943966, 0.0152704883367, 0.00323981512338, 0.000188875492313, 1.06151617274e-06, 5.78712966437e-10], "var": [0.0194585677236, 2.21569800377, 42.3670043945, 53.6041221619, 635.896057129, 947.889709473, 836.373474121, 1233.72570801, 3098.84008789, 4466.49511719, 3875.31787109, 5035.78369141, 909.543151855, 430.960784912, 1438.29003906, 841.798034668, 2323.92700195, 1760.59777832, 573.860290527, 421.559326172, 234.182861328, 230.265838623, 105.490478516, 74.1749572754, 98.6093978882, 44.5520782471, 26.2858142853, 23.4373874664, 16.3661251068, 5.81464290619, 5.52633523941, 2.8792757988, 4.54485321045, 0.983981192112, 0.163067549467, 0.0275918543339, 0.00258420989849, 0.000111383968033, 6.74228033404e-07, 1.06689945767e-09], "min": [6.92884995157e-23, 1.25862982096e-21, 7.62562862532e-21, 1.67475704332e-20, 3.0817269649e-20, 1.59314210496e-19, 1.49003559257e-19, 4.99761329601e-19, 5.837788399e-19, 3.33811657177e-19, 9.82289695309e-19, 1.5600488834e-18, 3.30326036983e-18, 5.7090103363e-18, 5.31697098011e-18, 2.11848626975e-18, 3.1186595065e-18, 4.61714681698e-18, 5.23046277729e-18, 6.79587354882e-18, 7.6488357267e-18, 7.29585873417e-18, 8.0684834766e-18, 1.37752389186e-17, 1.25288539249e-17, 1.96308670184e-17, 1.52204508345e-17, 1.57031553897e-17, 1.89809942245e-17, 1.6054683989e-17, 1.42142733005e-17, 1.43151115802e-17, 1.43189678962e-17, 1.09454796856e-17, 7.9157826268e-18, 6.2766315988e-18, 3.69709408756e-18, 1.56672660908e-18, 4.18631041532e-19, 3.74838607101e-20], "dmean": [0.0223675016314, 0.37853577733, 2.03501367569, 2.91418623924, 12.1407155991, 13.0172491074, 9.03005504608, 11.3627290726, 12.0230484009, 14.8740110397, 12.9396924973, 15.2880849838, 5.9797077179, 5.32823610306, 10.3062801361, 7.01045274734, 8.82782173157, 7.78183794022, 5.85447025299, 5.40050601959, 3.14059948921, 3.27052974701, 2.09257006645, 1.85515415668, 1.87986063957, 0.77511048317, 0.515784978867, 0.471114367247, 0.401697725058, 0.240391179919, 0.239819154143, 0.173127785325, 0.190996050835, 0.0815703645349, 0.0313926711679, 0.0136294476688, 0.00398681173101, 0.000702127465047, 5.43887654203e-05, 8.49690150062e-06], "mean": [0.0695502832532, 0.863158166409, 3.95014691353, 5.97868537903, 20.0554885864, 26.2841911316, 20.9831409454, 24.5258178711, 27.6963443756, 33.5244941711, 30.0178833008, 31.1144447327, 13.7631425858, 11.8560590744, 19.9402351379, 13.1319532394, 18.7761955261, 15.1773929596, 11.7831935883, 10.661772728, 7.39732646942, 7.28275251389, 4.92437601089, 4.61994934082, 4.38501310349, 1.93898236752, 1.31426906586, 1.1631039381, 1.07258987427, 0.653266489506, 0.54760068655, 0.414251923561, 0.40357080102, 0.186895191669, 0.0667668431997, 0.0273169185966, 0.00721863936633, 0.00107779947575, 8.2048944023e-05, 3.26440240315e-05], "max": [1.55957627296, 15.3220348358, 80.4226150513, 83.8293762207, 406.266021729, 282.666809082, 402.440063477, 508.155883789, 617.206665039, 999.33380127, 756.651977539, 1895.53112793, 611.515869141, 275.665466309, 489.349395752, 474.22454834, 1259.31787109, 827.627990723, 420.10824585, 330.14465332, 340.70413208, 267.759399414, 226.76411438, 100.759925842, 190.306900024, 112.008728027, 91.0425491333, 76.7447433472, 62.6026115417, 54.5219688416, 63.4944114685, 51.9291763306, 65.2092971802, 32.2736587524, 17.1456108093, 4.19898939133, 1.88329863548, 0.472204297781, 0.0315942950547, 0.0005769492127], "dmean2": [0.0377743132412, 0.637846946716, 3.28818440437, 4.93870973587, 20.5744781494, 20.8235435486, 14.332816124, 18.0950012207, 17.8073577881, 21.8653564453, 18.8046913147, 22.4650497437, 8.91680717468, 8.18515491486, 16.2856903076, 11.4850816727, 13.8207769394, 12.2706079483, 9.29963779449, 8.65752410889, 5.00695943832, 5.4004778862, 3.4601829052, 3.06196951866, 3.00731778145, 1.25985229015, 0.795892596245, 0.712082087994, 0.636466681957, 0.356851607561, 0.350149303675, 0.255305290222, 0.269889503717, 0.116953760386, 0.0438455864787, 0.0180612429976, 0.00554811535403, 0.00102774996776, 8.09670673334e-05, 1.35059799504e-05], "median": [0.00617274362594, 0.226598441601, 1.51843738556, 3.73548698425, 11.9018745422, 16.7136898041, 11.7857685089, 12.9556255341, 10.5096626282, 11.4424438477, 8.62405395508, 9.473487854, 4.56136703491, 3.69832372665, 4.63596773148, 3.20543718338, 4.01082849503, 3.44153356552, 3.19463801384, 1.97495627403, 1.92919015884, 1.98746752739, 1.49381327629, 1.17270696163, 0.765816807747, 0.187926709652, 0.0502296686172, 0.0344010666013, 0.0313931629062, 0.0178704690188, 0.00809287559241, 0.00719273090363, 0.00484882015735, 0.00216261530295, 0.000499782443512, 0.000103015845525, 2.16943626583e-05, 3.4601284824e-06, 1.22631518025e-05, 2.54525948549e-05], "dvar": [0.00482600182295, 0.609143555164, 15.6650562286, 25.0955219269, 354.215270996, 359.709777832, 255.092300415, 421.65246582, 634.763671875, 1289.87304688, 1016.13659668, 2311.32861328, 221.118286133, 129.318344116, 572.301208496, 420.626708984, 1153.38818359, 737.984130859, 200.349731445, 177.609893799, 64.4615478516, 66.5556411743, 31.4724216461, 18.2309322357, 27.1999988556, 9.08508014679, 5.45847129822, 4.97693300247, 2.990254879, 1.39245450497, 1.86685180664, 0.997660338879, 1.86672246456, 0.341864466667, 0.0694491863251, 0.0095688700676, 0.00153209397104, 8.53372039273e-05, 5.01898739458e-07, 2.56095783469e-10]}, "silence_rate_30dB": {"dvar2": 0.0194583162665, "var": 0.00815173704177, "min": 0, "dmean": 0.00770613923669, "mean": 0.991780817509, "max": 1, "dmean2": 0.0154135981575, "median": 1, "dvar": 0.0076470002532}, "melbands_spread": {"dvar2": 35.1378288269, "var": 87.6668167114, "min": 1.4161272702e-05, "dmean": 2.48395061493, "mean": 9.83402442932, "max": 135.671768188, "dmean2": 3.9483230114, "median": 7.55713653564, "dvar": 15.6771526337}, "melbands_crest": {"dvar2": 18.9420413971, "var": 26.1408157349, "min": 1.98042500019, "dmean": 2.88298177719, "mean": 14.969004631, "max": 40, "dmean2": 4.75485467911, "median": 14.1512756348, "dvar": 6.98068189621}, "zerocrossingrate": {"dvar2": 7.25268400856e-05, "var": 0.000797537271865, "min": 0, "dmean": 0.00417298823595, "mean": 0.0307855065912, "max": 0.57861328125, "dmean2": 0.00526317674667, "median": 0.02490234375, "dvar": 6.89377629897e-05}, "barkbands_kurtosis": {"dvar2": 1927034.875, "var": 664337.875, "min": -1.88173604012, "dmean": 29.3711338043, "mean": 34.5363845825, "max": 43026.3203125, "dmean2": 55.1401786804, "median": 4.1884970665, "dvar": 709680.625}, "spectral_flux": {"dvar2": 0.000732704007532, "var": 0.00153875467367, "min": 1.02142051761e-10, "dmean": 0.0159973111004, "mean": 0.0621027760208, "max": 0.298708617687, "dmean2": 0.026317415759, "median": 0.0584540963173, "dvar": 0.000290764233796}, "barkbands_crest": {"dvar2": 12.8985548019, "var": 19.3399524689, "min": 3.25012350082, "dmean": 2.37857317924, "mean": 11.7143716812, "max": 26.9333362579, "dmean2": 3.93174624443, "median": 10.8519477844, "dvar": 4.73221874237}, "barkbands_flatness_db": {"dvar2": 0.0025566786062, "var": 0.0192689523101, "min": 0.0325987562537, "dmean": 0.0248596780002, "mean": 0.304749548435, "max": 1, "dmean2": 0.0412392579019, "median": 0.269012004137, "dvar": 0.00099580490496}, "spectral_entropy": {"dvar2": 0.0590371452272, "var": 0.873316347599, "min": 3.29364061356, "dmean": 0.155034661293, "mean": 6.27127456665, "max": 9.80436325073, "dmean2": 0.243941187859, "median": 6.41224575043, "dvar": 0.0274870358407}, "pitch_salience": {"dvar2": 0.00931754149497, "var": 0.0139133222401, "min": 1.58320835908e-05, "dmean": 0.0639646872878, "mean": 0.556717813015, "max": 0.921359479427, "dmean2": 0.105764143169, "median": 0.571954369545, "dvar": 0.00339333270676}, "erbbands_spread": {"dvar2": 80.3824462891, "var": 409.003417969, "min": 0.186679765582, "dmean": 4.31516313553, "mean": 24.4228992462, "max": 164.743347168, "dmean2": 6.55646562576, "median": 21.5846939087, "dvar": 43.0787887573}, "dynamic_complexity": 5.89106559753, "spectral_contrast_valleys": {"dvar2": [0.446654826403, 0.269121170044, 0.220643788576, 0.402125954628, 0.373830795288, 0.792951464653], "var": [4.97080516815, 3.42273712158, 4.05322217941, 4.54882383347, 4.80578804016, 3.85447883606], "min": [-27.3238697052, -27.238243103, -27.3124065399, -26.8899288177, -27.3048706055, -27.3289546967], "dmean": [0.426640212536, 0.303982377052, 0.277998805046, 0.291848659515, 0.258647561073, 0.351839363575], "mean": [-7.97785758972, -7.14808702469, -8.62798023224, -9.44980716705, -10.1315927505, -12.6817932129], "max": [-5.0287027359, -4.65118122101, -5.61834907532, -6.13450145721, -6.0928401947, -7.70904588699], "dmean2": [0.715178608894, 0.500108122826, 0.454242795706, 0.489158600569, 0.427100658417, 0.577564299107], "median": [-7.22322654724, -6.59909772873, -7.95071220398, -8.81742286682, -9.43382835388, -12.5251502991], "dvar": [0.192593231797, 0.129677787423, 0.110073491931, 0.161809846759, 0.15607701242, 0.288190364838]}, "hfc": {"dvar2": 22.8885974884, "var": 120.574699402, "min": 1.19335705847e-16, "dmean": 2.27122139931, "mean": 11.1267633438, "max": 95.2616271973, "dmean2": 3.49891781807, "median": 8.18913459778, "dvar": 10.1083068848}, "spectral_kurtosis": {"dvar2": 64888.2304688, "var": 37968.1796875, "min": -1.25850021839, "dmean": 47.6180267334, "mean": 90.1098480225, "max": 1892.78637695, "dmean2": 85.2685699463, "median": 18.2684555054, "dvar": 20191.7109375}, "mfcc": {"mean": [-775.972717285, 188.715042114, 11.5548906326, 11.9544477463, 4.01408672333, -12.5859775543, -9.27673912048, -3.54798531532, -9.40758132935, -2.26726984978, 0.853580534458, -7.47776174545, -5.99676132202], "cov": [[19369.0566406, 1529.23144531, -3017.1237793, 961.642333984, 1029.30786133, 596.142944336, 612.454284668, 623.914489746, -128.258026123, -269.432617188, 85.8542327881, 319.644744873, 447.180267334], [1529.23144531, 4468.47509766, 823.256286621, 370.8515625, 461.814361572, 165.198013306, 281.525390625, 167.104446411, 92.6015472412, -91.1137619019, -149.68069458, -259.84286499, -239.427505493], [-3017.1237793, 823.256286621, 3463.50756836, 604.656494141, -249.290557861, 186.567276001, 50.1081695557, -107.622528076, 348.93951416, 63.0115394592, -335.097473145, -215.437286377, -300.265625], [961.642333984, 370.8515625, 604.656494141, 760.991699219, 167.160629272, 123.243751526, 69.3562393188, 91.2757720947, 193.304214478, -15.5552501678, -189.767425537, -43.842956543, 10.875166893], [1029.30786133, 461.814361572, -249.290557861, 167.160629272, 450.431152344, 195.037506104, 123.42011261, 60.0823287964, 22.4375553131, 9.74152946472, 14.5906915665, -3.04881191254, 9.41951847076], [596.142944336, 165.198013306, 186.567276001, 123.243751526, 195.037506104, 555.897644043, 223.929443359, -50.2749443054, 97.7135696411, 51.4764518738, -15.3231592178, 64.5018310547, -22.5604362488], [612.454284668, 281.525390625, 50.1081695557, 69.3562393188, 123.42011261, 223.929443359, 360.119262695, 137.118850708, 18.5703449249, -15.0952911377, 60.8596458435, 74.5668792725, 20.7144622803], [623.914489746, 167.104446411, -107.622528076, 91.2757720947, 60.0823287964, -50.2749443054, 137.118850708, 257.885498047, 27.2563896179, -56.3265953064, 23.4894256592, 30.2430305481, 72.2823638916], [-128.258026123, 92.6015472412, 348.93951416, 193.304214478, 22.4375553131, 97.7135696411, 18.5703449249, 27.2563896179, 220.265640259, 42.4037818909, -105.222946167, -21.2208595276, 0.118157729506], [-269.432617188, -91.1137619019, 63.0115394592, -15.5552501678, 9.74152946472, 51.4764518738, -15.0952911377, -56.3265953064, 42.4037818909, 145.591323853, 47.9014320374, -20.8245601654, -40.5203323364], [85.8542327881, -149.68069458, -335.097473145, -189.767425537, 14.5906915665, -15.3231592178, 60.8596458435, 23.4894256592, -105.222946167, 47.9014320374, 242.403717041, 49.9177742004, -22.7620429993], [319.644744873, -259.84286499, -215.437286377, -43.842956543, -3.04881191254, 64.5018310547, 74.5668792725, 30.2430305481, -21.2208595276, -20.8245601654, 49.9177742004, 167.088882446, 91.2461929321], [447.180267334, -239.427505493, -300.265625, 10.875166893, 9.41951847076, -22.5604362488, 20.7144622803, 72.2823638916, 0.118157729506, -40.5203323364, -22.7620429993, 91.2461929321, 179.564865112]], "icov": [[8.74416655279e-05, -3.31492410623e-05, 0.000101616678876, -0.000176911285962, 1.18325651783e-05, -0.000117675685033, 1.47789451148e-05, -0.000110783381388, 0.000110854496597, 3.31945993821e-05, -2.68432313533e-06, -4.23184137617e-05, -2.52586614806e-05], [-3.31492410623e-05, 0.000347787485225, -8.89039947651e-05, 0.00011262663611, -0.000357317825546, 0.000124184007291, -0.000263360299869, -9.67575397226e-05, -1.41939190144e-05, 0.000215069332626, 0.000213893596083, 0.000345368229318, 0.000394632050302], [0.000101616678876, -8.89039947651e-05, 0.000693659472745, -0.000548364128917, 0.000585171685088, -0.000174417102244, -0.00030970631633, 2.60462456936e-05, -0.000252804486081, -6.78849683027e-05, 0.000450796040241, -3.48756202584e-06, 0.000837930012494], [-0.000176911285962, 0.00011262663611, -0.000548364128917, 0.00273671699688, -0.0010594605701, 0.000263268506387, 1.79099715751e-05, -0.000554014695808, -0.00103801221121, -6.55520270811e-05, 0.0011962747667, 3.191369251e-05, -6.10493516433e-05], [1.18325651783e-05, -0.000357317825546, 0.000585171685088, -0.0010594605701, 0.00400833738968, -0.00148977653589, -2.45943829214e-06, -0.000521633890457, 0.000415156246163, -0.000416469731135, -0.000488742836751, 0.000945565989241, -0.000287103059236], [-0.000117675685033, 0.000124184007291, -0.000174417102244, 0.000263268506387, -0.00148977653589, 0.00448360759765, -0.00306499982253, 0.00289341411553, -0.00176750717219, -0.000430457177572, 0.000648514658678, -0.00153028813656, 0.000745212426409], [1.47789451148e-05, -0.000263360299869, -0.00030970631633, 1.79099715751e-05, -2.45943829214e-06, -0.00306499982253, 0.00697669200599, -0.00412959139794, 0.00103147956543, 0.000199087546207, -0.00137060787529, -0.00158080132678, 0.000239410059294], [-0.000110783381388, -9.67575397226e-05, 2.60462456936e-05, -0.000554014695808, -0.000521633890457, 0.00289341411553, -0.00412959139794, 0.0092245740816, -0.00332537712529, 0.00303103914484, -0.00266429269686, 0.00136947608553, -0.00296948198229], [0.000110854496597, -1.41939190144e-05, -0.000252804486081, -0.00103801221121, 0.000415156246163, -0.00176750717219, 0.00103147956543, -0.00332537712529, 0.00970447342843, -0.00457625137642, 0.00395388668403, -0.000555834558327, 6.54995819787e-05], [3.31945993821e-05, 0.000215069332626, -6.78849683027e-05, -6.55520270811e-05, -0.000416469731135, -0.000430457177572, 0.000199087546207, 0.00303103914484, -0.00457625137642, 0.0117288865149, -0.00518560269848, 0.00231680925936, -0.000365661311662], [-2.68432313533e-06, 0.000213893596083, 0.000450796040241, 0.0011962747667, -0.000488742836751, 0.000648514658678, -0.00137060787529, -0.00266429269686, 0.00395388668403, -0.00518560269848, 0.0103405592963, -0.00346465525217, 0.00420955335721], [-4.23184137617e-05, 0.000345368229318, -3.48756202584e-06, 3.191369251e-05, 0.000945565989241, -0.00153028813656, -0.00158080132678, 0.00136947608553, -0.000555834558327, 0.00231680925936, -0.00346465525217, 0.012330012396, -0.00623418018222], [-2.52586614806e-05, 0.000394632050302, 0.000837930012494, -6.10493516433e-05, -0.000287103059236, 0.000745212426409, 0.000239410059294, -0.00296948198229, 6.54995819787e-05, -0.000365661311662, 0.00420955335721, -0.00623418018222, 0.012458360754]]}, "silence_rate_20dB": {"dvar2": 0, "var": 0, "min": 1, "dmean": 0, "mean": 1, "max": 1, "dmean2": 0, "median": 1, "dvar": 0}, "melbands_kurtosis": {"dvar2": 1704146108420.0, "var": 718221213696, "min": -1.81504821777, "dmean": 13903.9052734, "mean": 11457.3037109, "max": 77265456, "dmean2": 22864.5996094, "median": 7.78242206573, "dvar": 784835280896}, "barkbands_spread": {"dvar2": 26.3657093048, "var": 77.9774475098, "min": 0.00309392111376, "dmean": 2.08267331123, "mean": 9.02990055084, "max": 134.161300659, "dmean2": 3.27733278275, "median": 7.03703546524, "dvar": 12.5330572128}, "erbbands_skewness": {"dvar2": 0.376013308764, "var": 0.833020627499, "min": -7.56034803391, "dmean": 0.353237360716, "mean": 0.677966535091, "max": 16.0247974396, "dmean2": 0.557675361633, "median": 0.651822686195, "dvar": 0.16462726891}, "average_loudness": 0.461947321892, "spectral_centroid": {"dvar2": 61248.2460938, "var": 268183.75, "min": 166.89201355, "dmean": 100.704841614, "mean": 675.203125, "max": 11085.0683594, "dmean2": 158.961410522, "median": 517.631103516, "dvar": 30636.6660156}, "dissonance": {"dvar2": 0.00329985423014, "var": 0.00460823206231, "min": 0.0427275449038, "dmean": 0.0330274179578, "mean": 0.417204320431, "max": 0.500000119209, "dmean2": 0.0554336830974, "median": 0.437164664268, "dvar": 0.00121976737864}, "erbbands_flatness_db": {"dvar2": 0.000874384946655, "var": 0.0140108438209, "min": 0.0311569608748, "dmean": 0.0165957752615, "mean": 0.289945006371, "max": 0.736924409866, "dmean2": 0.0263561718166, "median": 0.264926612377, "dvar": 0.000342988991179}, "spectral_strongpeak": {"dvar2": 0.74729013443, "var": 0.580465435982, "min": 0, "dmean": 0.3665843606, "mean": 0.75645750761, "max": 7.3717713356, "dmean2": 0.621445298195, "median": 0.531809091568, "dvar": 0.294722706079}, "spectral_rms": {"dvar2": 1.04974708393e-06, "var": 5.88789089306e-06, "min": 3.19038155269e-12, "dmean": 0.000622447463684, "mean": 0.00458822399378, "max": 0.0119553562254, "dmean2": 0.000995537382551, "median": 0.00467266235501, "dvar": 4.00471890316e-07}, "silence_rate_60dB": {"dvar2": 0.0417639650404, "var": 0.112118422985, "min": 0, "dmean": 0.0186659824103, "mean": 0.128681510687, "max": 1, "dmean2": 0.0373351611197, "median": 0, "dvar": 0.0183196514845}, "melbands": {"dvar2": [1.27995838284e-06, 7.30575857233e-06, 3.985134299e-06, 5.17564649272e-06, 7.58426040193e-07, 5.32944909537e-07, 2.45146509315e-07, 2.98598536119e-07, 1.95575680095e-07, 1.73109597768e-07, 1.25450272392e-08, 5.21068788117e-09, 1.95284126647e-08, 1.76326899748e-08, 2.80545755516e-08, 8.39561664634e-09, 5.7864677494e-09, 2.17517293066e-09, 7.58515528165e-10, 5.9175825351e-10, 3.43151645987e-10, 2.28033189553e-10, 3.39721362153e-10, 4.20050175198e-11, 4.17782787532e-11, 8.14589923293e-11, 1.65781416372e-11, 1.44989541206e-11, 8.34327919252e-12, 7.87640872663e-12, 3.5932389876e-12, 2.81416513356e-12, 1.74779277422e-12, 1.08836572567e-12, 1.89238121701e-12, 9.33853038301e-13, 8.29022885496e-13, 2.31633744303e-12, 8.99860427058e-13, 4.05541892385e-13], "var": [1.96712426259e-06, 7.51650668462e-06, 2.65767926066e-06, 5.00731493958e-06, 9.56885628511e-07, 6.61931437662e-07, 5.7740550119e-07, 4.88660703013e-07, 2.99496917933e-07, 1.61376931374e-07, 2.39709621042e-08, 7.78040831761e-09, 2.06466257424e-08, 1.01290229537e-08, 1.87970510268e-08, 7.36817051816e-09, 5.40694733431e-09, 2.28360641508e-09, 6.67148003508e-10, 5.34155053522e-10, 4.55263382548e-10, 2.84044399113e-10, 3.06628666902e-10, 3.6847701973e-11, 5.24442052285e-11, 1.0338580686e-10, 2.0158803446e-11, 2.54854280041e-11, 1.26859850749e-11, 1.16599403743e-11, 6.29066460381e-12, 5.66198650465e-12, 3.25719421053e-12, 1.54570572921e-12, 2.3293376776e-12, 1.1114874212e-12, 1.08916001218e-12, 2.64518333452e-12, 1.27075888874e-12, 6.39988225175e-13], "min": [1.04013657215e-24, 3.42576732044e-24, 2.59992323548e-24, 7.36127762518e-24, 5.26987680895e-24, 1.02726113944e-23, 8.68756816588e-24, 4.53380884209e-24, 7.86810655728e-24, 1.08733881383e-23, 1.60918189889e-23, 2.25274724714e-23, 1.94897158535e-23, 7.88760483228e-24, 4.13554097561e-24, 8.6114880536e-24, 8.66830654916e-24, 7.66901699747e-24, 1.11577685503e-23, 6.98382819241e-24, 9.99316294073e-24, 8.08765522468e-24, 7.00875935246e-24, 6.20286496814e-24, 1.19964223559e-23, 1.11441157346e-23, 7.18668771849e-24, 1.51116025161e-23, 9.16328915705e-24, 9.86309161038e-24, 8.60223944834e-24, 1.23893531839e-23, 7.03760168488e-24, 9.9822411615e-24, 8.63224298401e-24, 5.85992307238e-24, 1.04237752876e-23, 1.11742833534e-23, 8.05679735265e-24, 9.65482286507e-24], "dmean": [0.000278583756881, 0.000843820744194, 0.00071655435022, 0.000987136154436, 0.000332108786097, 0.000257395295193, 0.000175314999069, 0.000153090397362, 0.000120945303934, 8.75153491506e-05, 3.03741016978e-05, 2.22502985707e-05, 3.90982932004e-05, 1.7970593035e-05, 2.93229713861e-05, 1.74255801539e-05, 1.41819373312e-05, 1.17483077702e-05, 6.66175174047e-06, 6.194015441e-06, 4.03133390137e-06, 3.72743738808e-06, 3.3101198369e-06, 1.65010987985e-06, 1.64776326983e-06, 2.01281545742e-06, 7.92774073943e-07, 5.21780521012e-07, 3.64740174064e-07, 3.90681918816e-07, 2.48027049565e-07, 2.54933837596e-07, 2.06823884241e-07, 1.38684853823e-07, 1.69446565224e-07, 1.14887598102e-07, 1.1077985107e-07, 1.52229148398e-07, 1.01313766265e-07, 6.76129303656e-08], "mean": [0.00076572742546, 0.00174823985435, 0.00138978357427, 0.00191402877681, 0.000797499611508, 0.000567946815863, 0.00040455700946, 0.000340767408488, 0.000267121678917, 0.000177617926965, 6.51451337035e-05, 4.66492165287e-05, 7.39561510272e-05, 3.14967619488e-05, 5.16767795489e-05, 3.47514360328e-05, 2.62578796537e-05, 2.12174054468e-05, 1.28637684611e-05, 1.17503450383e-05, 8.37857169