{"tonal": {"thpcp": [1, 0.750939667225, 0.535727500916, 0.442760646343, 0.542838573456, 0.540567278862, 0.344683617353, 0.261236965656, 0.291553169489, 0.327109158039, 0.387903034687, 0.503195524216, 0.431202113628, 0.2825127244, 0.252251625061, 0.276975214481, 0.321267932653, 0.30686467886, 0.284458249807, 0.373532801867, 0.519599974155, 0.529910564423, 0.374501556158, 0.406378448009, 0.559344887733, 0.518589198589, 0.43826892972, 0.36700552702, 0.296722024679, 0.321176886559, 0.305737286806, 0.238210052252, 0.265151381493, 0.398342996836, 0.592864215374, 0.898771464825], "hpcp": {"dmean2": [0.459165871143, 0.419040620327, 0.385616749525, 0.31647413969, 0.275464057922, 0.248584657907, 0.193890929222, 0.161096855998, 0.193791911006, 0.20858541131, 0.208831995726, 0.229128807783, 0.218641072512, 0.178459107876, 0.171768188477, 0.198226764798, 0.205045625567, 0.19071637094, 0.188653498888, 0.216876983643, 0.231824427843, 0.225051432848, 0.180677831173, 0.26268222928, 0.404464870691, 0.279763191938, 0.163645252585, 0.165363281965, 0.142911761999, 0.135423287749, 0.152372479439, 0.163988903165, 0.198904812336, 0.289294570684, 0.35950794816, 0.45998698473], "median": [0.0762530863285, 0.0593309737742, 0.0248933900148, 0.0300233196467, 0.0373081751168, 0.0385532788932, 0.0256419386715, 0.013996261172, 0.0122529724613, 0.0145158953965, 0.0230183433741, 0.0357505604625, 0.0344087295234, 0.0176713299006, 0.0106758251786, 0.0133438836783, 0.0171233415604, 0.0157438591123, 0.0163425914943, 0.0177347958088, 0.0375469699502, 0.0462390817702, 0.0309086814523, 0.0186532214284, 0.0215945485979, 0.0306741371751, 0.0193433053792, 0.0170059558004, 0.0160283092409, 0.0149589870125, 0.0121378861368, 0.00987572781742, 0.0116387624294, 0.0169284343719, 0.0309399776161, 0.0621769540012], "min": [0, 0, 0, 0, 0, 0, 0, 0, 0, 0, 0, 0, 0, 0, 0, 0, 0, 0, 0, 0, 0, 0, 0, 0, 0, 0, 0, 0, 0, 0, 0, 0, 0, 0, 0, 0], "dvar2": [0.247116208076, 0.236292287707, 0.259269744158, 0.185989305377, 0.155349969864, 0.126517489552, 0.105683140457, 0.091341137886, 0.129549309611, 0.133275002241, 0.119126096368, 0.123485870659, 0.113115042448, 0.0972779765725, 0.102723203599, 0.122541919351, 0.118614628911, 0.103521004319, 0.0988649353385, 0.124998517334, 0.122531674802, 0.0983600690961, 0.0828327983618, 0.10876416415, 0.268554329872, 0.107580669224, 0.0696173757315, 0.0791078805923, 0.0699432790279, 0.0646228045225, 0.0888974815607, 0.0950422137976, 0.114536359906, 0.190303400159, 0.199493587017, 0.259456187487], "dvar": [0.0969020202756, 0.0838399156928, 0.0883283689618, 0.0656291842461, 0.057910759002, 0.050220683217, 0.0403155237436, 0.0325082503259, 0.0451322086155, 0.0490133576095, 0.0426309593022, 0.044652517885, 0.0405375882983, 0.0351014956832, 0.0371451936662, 0.0434931106865, 0.0441316738725, 0.0395287945867, 0.0363302305341, 0.0472189038992, 0.0456223413348, 0.0375899076462, 0.031051306054, 0.0434098169208, 0.105384722352, 0.0426754392684, 0.0285228099674, 0.032169662416, 0.0264596715569, 0.0245765931904, 0.0334631279111, 0.0341528430581, 0.0397368147969, 0.0686529874802, 0.0777622386813, 0.096032358706], "dmean": [0.255334168673, 0.232773438096, 0.206505477428, 0.16969563067, 0.154158473015, 0.140874788165, 0.108406029642, 0.0876021012664, 0.104641780257, 0.115207485855, 0.116150580347, 0.129587128758, 0.123408928514, 0.0981376618147, 0.0934845432639, 0.106752298772, 0.113134853542, 0.10588876158, 0.103994175792, 0.120468355715, 0.131564512849, 0.133155837655, 0.104938000441, 0.143253058195, 0.213146880269, 0.153082206845, 0.0947501733899, 0.0958214327693, 0.0807690620422, 0.0775083079934, 0.0855383723974, 0.0887374654412, 0.106287024915, 0.15464758873, 0.198192983866, 0.256368368864], "max": [1, 1, 1, 1, 1, 1, 1, 1, 1, 1, 1, 1, 1, 1, 1, 1, 1, 1, 1, 1, 1, 1, 1, 1, 1, 1, 1, 1, 1, 1, 1, 1, 1, 1, 1, 1], "var": [0.127064913511, 0.086190007627, 0.0716836377978, 0.0489114001393, 0.0614414140582, 0.0611387789249, 0.0373902134597, 0.0282865278423, 0.0372691750526, 0.0411793924868, 0.0439362935722, 0.058160815388, 0.0419239923358, 0.0293663032353, 0.0294449608773, 0.0320085063577, 0.0358484648168, 0.0342893227935, 0.0294149015099, 0.0454381480813, 0.0594011545181, 0.0492392703891, 0.0331541895866, 0.0414674952626, 0.0841184332967, 0.052763544023, 0.0534773506224, 0.0403081253171, 0.0321547575295, 0.0397291854024, 0.0393794514239, 0.0253030918539, 0.0285117123276, 0.0528571307659, 0.0766310766339, 0.109821364284], "mean": [0.281044781208, 0.211047679186, 0.150563418865, 0.124435566366, 0.152561947703, 0.15192361176, 0.0968715324998, 0.0734192878008, 0.0819394960999, 0.0919323191047, 0.10901812464, 0.141420468688, 0.121187105775, 0.0793987289071, 0.0708940029144, 0.0778424367309, 0.0902906730771, 0.0862427204847, 0.0799455046654, 0.10497944802, 0.146030858159, 0.148928597569, 0.105251707137, 0.114210538566, 0.157200962305, 0.145746782422, 0.123173199594, 0.103144988418, 0.0833921730518, 0.0902650877833, 0.0859258696437, 0.0669476911426, 0.0745194107294, 0.111952222884, 0.166621401906, 0.252595037222]}, "tuning_equal_tempered_deviation": 0.210874825716, "chords_changes_rate": 0.0638254880905, "key_key": "D", "tuning_diatonic_strength": 0.485731691122, "key_scale": "minor", "chords_number_rate": 0.00302969105542, "tuning_frequency": 434.193115234, "tuning_nontempered_energy_ratio": 0.806768536568, "chords_histogram": [2.66612815857, 7.10967493057, 12.3813371658, 0.484750568867, 1.09068870544, 0.0605938211083, 2.36315894127, 0.262573212385, 0.949303150177, 37.2651977539, 1.71682488918, 4.96869325638, 0.424156725407, 1.454251647, 6.3623509407, 3.49424362183, 1.89860630035, 0, 5.55443334579, 3.75681686401, 0, 0.0201979391277, 0.262573212385, 5.45344352722], "key_strength": 0.528140068054, "chords_key": "A", "chords_strength": {"dmean2": 0.0113886836916, "median": 0.545101463795, "min": 0.245939075947, "dvar2": 0.000105400198663, "dvar": 7.85329248174e-05, "dmean": 0.00946679990739, "max": 0.747307181358, "var": 0.00608262000605, "mean": 0.539846658707}, "chords_scale": "major", "hpcp_entropy": {"dmean2": 1.13843560219, "median": 1.83814561367, "min": 0, "dvar2": 0.773990154266, "dvar": 0.280981808901, "dmean": 0.668999373913, "max": 3.79974794388, "var": 0.432449370623, "mean": 1.84488105774}}, "metadata": {"audio_properties": {"equal_loudness": 0, "codec": "mp3", "downmix": "mix", "sample_rate": 44100, "analysis_sample_rate": 44100, "bit_rate": 160000, "md5_encoded": "1ca5358497430c20c7babcc6bfe66d83", "length": 229.877548218, "replay_gain": -13.7769927979, "lossless": false}, "version": {"essentia_build_sha": "2d9f1f26377add8aeb1075a9c2973f962c4f09fd", "essentia": "2.1-beta2", "extractor": "music 1.0", "essentia_git_sha": "v2.1_beta2-1-ge3940c0"}, "tags": {"title": ["Psychopaat"], "language": ["nld"], "media": ["CD"], "albumartist": ["Zuid-Oost Posse"], "musicbrainz_recordingid": ["1af11e5a-0e65-43b3-99e9-9231b9171572"], "musicbrainz_albumartistid": ["9a2f6f5f-d2e1-42f2-927c-de32519ad57a"], "discnumber": ["1/1"], "album": ["Deventerror"], "catalognumber": ["DJAX-10021"], "musicbrainz album release country": ["NL"], "musicbrainz album type": ["album"], "musicbrainz album status": ["official"], "date": ["1995"], "file_name": "02 Zuid-Oost Posse - Deventerror - Psychopaat.mp3", "musicbrainz_releasegroupid": ["f8a9ee8d-1b07-3a79-b85a-fbdf4d2b69ea"], "script": ["Latn"], "originaldate": ["1995"], "musicbrainz_albumid": ["b5530863-b7bc-470f-9c02-efe52cc0b1ec"], "artist": ["Zuid-Oost Posse"], "artistsort": ["Zuid-Oost Posse"], "tracknumber": ["2/20"], "label": ["Djax Records"], "albumartistsort": ["Zuid-Oost Posse"], "musicbrainz_artistid": ["9a2f6f5f-d2e1-42f2-927c-de32519ad57a"]}}, "rhythm": {"bpm_histogram_first_peak_bpm": {"dmean2": 0, "median": 123, "min": 123, "dvar2": 0, "dvar": 0, "dmean": 0, "max": 123, "var": 0, "mean": 123}, "bpm": 124.237968445, "bpm_histogram_second_peak_spread": {"dmean2": 0, "median": 0.222222208977, "min": 0.222222208977, "dvar2": 0, "dvar": 0, "dmean": 0, "max": 0.222222208977, "var": 0, "mean": 0.222222208977}, "bpm_histogram_first_peak_weight": {"dmean2": 0, "median": 0.522105276585, "min": 0.522105276585, "dvar2": 0, "dvar": 0, "dmean": 0, "max": 0.522105276585, "var": 0, "mean": 0.522105276585}, "onset_rate": 4.37602186203, "beats_position": [0.487619042397, 0.986848056316, 1.49768710136, 1.99691605568, 2.48453521729, 2.97215414047, 3.45977306366, 3.94739222527, 4.43501138687, 4.92263031006, 5.41024923325, 5.89786815643, 6.37387752533, 6.86149644852, 7.3491153717, 7.83673477173, 8.31274318695, 8.80036258698, 9.287981987, 9.77560043335, 10.2632198334, 10.7392292023, 11.2152376175, 11.6912469864, 12.1788663864, 12.6664848328, 13.1657142639, 13.6533327103, 14.1409521103, 14.6285715103, 15.1161899567, 15.5805892944, 16.0565986633, 16.5326080322, 17.0202255249, 17.5078449249, 17.9838542938, 18.4598636627, 18.9358730316, 19.4118824005, 19.8878898621, 20.3871192932, 20.8863487244, 21.3739681244, 21.8615875244, 22.3492050171, 22.8368244171, 23.312833786, 23.7888431549, 24.2648525238, 24.7524719238, 25.2284793854, 25.7044887543, 26.1804981232, 26.6565074921, 27.132516861, 27.6085262299, 28.0961437225, 28.5721530914, 29.0713825226, 29.5590019226, 30.0350112915, 30.5110206604, 30.9986381531, 31.4862575531, 31.9738769531, 32.4614944458, 32.9491157532, 33.4367332458, 33.9127426147, 34.3771438599, 34.8531494141, 35.329158783, 35.8167800903, 36.2927894592, 36.7804069519, 37.2564163208, 37.7324256897, 38.2200431824, 38.7076644897, 39.1952819824, 39.6829032898, 40.1589126587, 40.6349182129, 41.1225395203, 41.5985488892, 42.0281181335, 42.4576873779, 42.8640365601, 43.2703857422, 43.6767349243, 44.071472168, 44.4662132263, 44.8493423462, 45.2324714661, 45.6156005859, 45.9871177673, 46.4631271362, 46.9391365051, 47.415145874, 47.8911552429, 48.3671646118, 48.8547821045, 49.3307914734, 49.8184127808, 50.3060302734, 50.7936515808, 51.2812690735, 51.7688865662, 52.2448959351, 52.7325172424, 53.2201347351, 53.7077522278, 54.1837615967, 54.6713829041, 55.1473922729, 55.6234016418, 56.0877990723, 56.5754165649, 57.0514259338, 57.5390472412, 58.0150566101, 58.5026741028, 58.9786834717, 59.4663009644, 59.9539222717, 60.4415397644, 60.9175491333, 61.4051704407, 61.8811798096, 62.3687973022, 62.8564147949, 63.3324241638, 63.8084335327, 64.2960510254, 64.7836685181, 65.2712936401, 65.7589111328, 66.2465286255, 66.7225418091, 67.2101593018, 67.686164856, 68.1621780396, 68.6497955322, 69.1374130249, 69.6134262085, 70.0894317627, 70.5770492554, 71.064666748, 71.5406799316, 72.0166854858, 72.5043106079, 72.9919281006, 73.4679336548, 73.9555511475, 74.4431762695, 74.9191818237, 75.4067993164, 75.8944168091, 76.3704299927, 76.8580474854, 77.3340606689, 77.8216781616, 78.3092956543, 78.796913147, 79.2729263306, 79.7489318848, 80.2365493774, 80.7241744995, 81.2001800537, 81.6877975464, 82.1754150391, 82.6514282227, 83.1274337769, 83.6034469604, 84.0794525146, 84.5670700073, 85.0546951294, 85.5423126221, 86.0183181763, 86.4943313599, 86.9703369141, 87.4695663452, 87.9571838379, 88.4331970215, 88.9092025757, 89.3968200684, 89.872833252, 90.3488388062, 90.8364639282, 91.3240814209, 91.8116989136, 92.2877044678, 92.7637176514, 93.251335144, 93.7389526367, 94.2265777588, 94.702583313, 95.1902008057, 95.6662139893, 96.1538314819, 96.6298370361, 97.1174621582, 97.5934677124, 98.0810852051, 98.5570983887, 99.0331039429, 99.5207214355, 100.008346558, 100.49596405, 100.983581543, 101.459587097, 101.935600281, 102.423217773, 102.910835266, 103.398452759, 103.874465942, 104.350471497, 104.838096619, 105.325714111, 105.801719666, 106.277732849, 106.765350342, 107.252967834, 107.740585327, 108.22820282, 108.704216003, 109.180221558, 109.66784668, 110.143852234, 110.619865417, 111.10748291, 111.595100403, 112.071105957, 112.547119141, 113.034736633, 113.522354126, 113.99836731, 114.474372864, 114.961990356, 115.43800354, 115.925621033, 116.424850464, 116.900856018, 117.38848114, 117.864486694, 118.340499878, 118.816505432, 119.304122925, 119.791740417, 120.27936554, 120.755371094, 121.231384277, 121.71900177, 122.206619263, 122.694236755, 123.181854248, 123.66947937, 124.145484924, 124.621498108, 125.109115601, 125.596733093, 126.072738647, 126.548751831, 127.024757385, 127.500770569, 127.988388062, 128.476013184, 128.963623047, 129.451248169, 129.938858032, 130.414871216, 130.902496338, 131.378494263, 131.866119385, 132.353744507, 132.84135437, 133.317367554, 133.793380737, 134.280990601, 134.768615723, 135.256240845, 135.743850708, 136.219863892, 136.695877075, 137.183486938, 137.659500122, 138.135513306, 138.61151123, 139.087524414, 139.575149536, 140.062759399, 140.550384521, 141.037994385, 141.525619507, 142.00163269, 142.489242554, 142.965255737, 143.452880859, 143.928878784, 144.404891968, 144.89251709, 145.380126953, 145.856140137, 146.343765259, 146.819763184, 147.295776367, 147.783401489, 148.259414673, 148.747024536, 149.234649658, 149.710647583, 150.186660767, 150.674285889, 151.161895752, 151.649520874, 152.137145996, 152.624755859, 153.158813477, 153.692871094, 154.226928711, 154.761001587, 155.283447266, 155.817504883, 156.3515625, 156.874008179, 157.408065796, 157.907302856, 158.406524658, 158.89414978, 159.370162964, 159.846160889, 160.333786011, 160.821395874, 161.297409058, 161.773422241, 162.261047363, 162.748657227, 163.236282349, 163.712280273, 164.188293457, 164.675918579, 165.151931763, 165.639541626, 166.127166748, 166.603164673, 167.090789795, 167.578414917, 168.054412842, 168.542037964, 169.018051147, 169.505661011, 169.981674194, 170.469299316, 170.95690918, 171.432922363, 171.920547485, 172.408157349, 172.884170532, 173.371795654, 173.847793579, 174.335418701, 174.811431885, 175.299041748, 175.775054932, 176.262680054, 176.750289917, 177.237915039, 177.713912964, 178.201538086, 178.67755127, 179.165161133, 179.641174316, 180.128799438, 180.604797363, 181.092422485, 181.580047607, 182.067657471, 182.543670654, 183.031295776, 183.507293701, 183.983306885, 184.459320068, 184.946929932, 185.434555054, 185.922180176, 186.409790039, 186.897415161, 187.373413086, 187.84942627, 188.325439453, 188.801452637, 189.277450562, 189.753463745, 190.241088867, 190.717086792, 191.216323853, 191.703948975, 192.179946899, 192.655960083, 193.143585205, 193.631195068, 194.11882019, 194.606430054, 195.094055176, 195.581680298, 196.057678223, 196.533691406, 197.00970459, 197.497314453, 197.984939575, 198.472564697, 198.960174561, 199.447799683, 199.935409546, 200.423034668, 200.899047852, 201.375045776, 201.85105896, 202.338684082, 202.826293945, 203.313919067, 203.789932251, 204.254333496, 204.730331421, 205.206344604, 205.693969727, 206.169967651, 206.657592773, 207.133605957, 207.62121582, 208.108840942, 208.608062744, 209.095687866, 209.57170105, 210.059310913, 210.535324097, 211.022949219, 211.510559082, 211.986572266, 212.462585449, 212.950195313, 213.437820435, 213.925445557, 214.401443481, 214.889068604, 215.365081787, 215.85269165, 216.340316772, 216.827926636, 217.303939819, 217.779953003, 218.267562866, 218.755187988, 219.24281311, 219.718811035, 220.194824219, 220.682449341, 221.170059204, 221.657684326, 222.145309448, 222.621307373, 223.097320557, 223.584945679, 224.072555542, 224.548568726, 225.036193848, 225.523803711, 225.999816895, 226.487426758, 226.97505188, 227.451065063, 227.927078247, 228.41468811, 228.902313232, 229.389923096], "beats_loudness": {"dmean2": 0.124180115759, "median": 0.0712770819664, "min": 4.42337659479e-06, "dvar2": 0.00752471573651, "dvar": 0.00226963125169, "dmean": 0.0638162568212, "max": 0.220477432013, "var": 0.00372710172087, "mean": 0.0867215618491}, "danceability": 1.27677726746, "bpm_histogram_second_peak_weight": {"dmean2": 0, "median": 0.0147368423641, "min": 0.0147368423641, "dvar2": 0, "dvar": 0, "dmean": 0, "max": 0.0147368423641, "var": 0, "mean": 0.0147368423641}, "beats_count": 476, "bpm_histogram_second_peak_bpm": {"dmean2": 0, "median": 112, "min": 112, "dvar2": 0, "dvar": 0, "dmean": 0, "max": 112, "var": 0, "mean": 112}, "bpm_histogram_first_peak_spread": {"dmean2": 0, "median": 0.448888838291, "min": 0.448888838291, "dvar2": 0, "dvar": 0, "dmean": 0, "max": 0.448888838291, "var": 0, "mean": 0.448888838291}, "beats_loudness_band_ratio": {"dmean2": [0.601755976677, 0.190109744668, 0.178083151579, 0.223561748862, 0.0856574252248, 0.0723340138793], "median": [0.689787209034, 0.0637593194842, 0.0610798560083, 0.0507487654686, 0.0161444786936, 0.0101824626327], "min": [0.0319983363152, 0.00195288937539, 0.00170486001298, 0.000680634111632, 0.000165448640473, 0.000129924694193], "dvar2": [0.168501824141, 0.0454157926142, 0.0340403020382, 0.0558536015451, 0.00875371601433, 0.00597619824111], "dvar": [0.055948574096, 0.0162680111825, 0.0124300019816, 0.0169585645199, 0.0029939475935, 0.00201660976745], "dmean": [0.317462801933, 0.108812063932, 0.0986001417041, 0.118274696171, 0.0459874458611, 0.0372936166823], "max": [0.982975721359, 0.784776926041, 0.721844255924, 0.613676726818, 0.384074151516, 0.566729605198], "var": [0.0910632684827, 0.0252834800631, 0.0137232597917, 0.0179119575769, 0.00276351207867, 0.00177469034679], "mean": [0.614778280258, 0.129397407174, 0.102817200124, 0.102867245674, 0.0370923988521, 0.0272557549179]}}, "lowlevel": {"barkbands_spread": {"dmean2": 9.09101200104, "median": 14.5799875259, "min": 0.705617487431, "dvar2": 109.40032959, "dvar": 50.956111908, "dmean": 5.85952425003, "max": 107.908927917, "var": 177.003128052, "mean": 17.0661678314}, "melbands_spread": {"dmean2": 10.3519763947, "median": 13.2487621307, "min": 0.644255042076, "dvar2": 189.002166748, "dvar": 86.7474746704, "dmean": 6.59223985672, "max": 214.355178833, "var": 290.022979736, "mean": 17.7301959991}, "hfc": {"dmean2": 12.2351465225, "median": 14.9367313385, "min": 1.16885583637e-16, "dvar2": 450.273712158, "dvar": 214.605270386, "dmean": 8.4741268158, "max": 442.857879639, "var": 567.994567871, "mean": 23.0088405609}, "barkbands_kurtosis": {"dmean2": 12.0103540421, "median": 4.01899433136, "min": -1.86959469318, "dvar2": 488.656738281, "dvar": 201.025238037, "dmean": 7.49114561081, "max": 208.314422607, "var": 311.785369873, "mean": 9.88724422455}, "gfcc": {"mean": [-0.836924016476, 109.226898193, -108.113494873, 35.740978241, -56.3542556763, 23.4464836121, -28.141626358, 11.9509420395, -17.1797523499, 4.17813491821, -12.4570083618, 5.88974380493, -3.51904320717], "icov": [[0.000233340149862, -0.000378150696633, 0.000257224892266, -0.000389865686884, 0.000503013900016, -0.000553046585992, 0.000387091684388, -0.00045259957551, 0.000272642675554, -0.000236879553995, 0.000120769931527, -0.00023960985709, 0.000359961763024], [-0.000378150696633, 0.00533112045377, -0.00211753533222, 0.00315372669138, -0.00335958483629, 0.00457887072116, -0.00315708294511, 0.00333464378491, -0.00230859988369, 0.00315888319165, -0.00294178770855, 0.00316301034763, -0.00203012232669], [0.000257224892266, -0.00211753533222, 0.00242264266126, -0.00134173745755, 0.00106443371624, -0.00169906939846, 0.0014689702075, -0.000466531491838, 0.00056683429284, -0.000664226710796, 0.00131986639462, -0.00199454231188, 0.000372910872102], [-0.000389865686884, 0.00315372669138, -0.00134173745755, 0.00679088104516, -0.00228109676391, -0.000191445302335, -0.00171447882894, 0.0031508479733, -0.00356885208748, 0.0030007942114, -0.00146191148087, 0.00196817493998, -0.0034399474971], [0.000503013900016, -0.00335958483629, 0.00106443371624, -0.00228109676391, 0.00682057719678, -0.0030664561782, 0.000777006905992, -0.00160825962666, 0.000802839698736, -0.0024638667237, 0.00160652957857, -0.00087312416872, 0.000889063812792], [-0.000553046585992, 0.00457887072116, -0.00169906939846, -0.000191445302335, -0.0030664561782, 0.0104187401012, -0.00479609891772, 0.000884944107383, 0.000453966727946, 0.00216155359522, -0.00412009982392, 0.00453168945387, -0.00270764180459], [0.000387091684388, -0.00315708294511, 0.0014689702075, -0.00171447882894, 0.000777006905992, -0.00479609891772, 0.00898201297969, -0.00234956596978, -0.000736047804821, -0.00142442574725, 0.0017182653537, -0.00418914249167, 0.00220646872185], [-0.00045259957551, 0.00333464378491, -0.000466531491838, 0.0031508479733, -0.00160825962666, 0.000884944107383, -0.00234956596978, 0.0142562557012, -0.00659330142662, 0.00225964747369, -0.00223334925249, 0.00311700883321, -0.00272494764067], [0.000272642675554, -0.00230859988369, 0.00056683429284, -0.00356885208748, 0.000802839698736, 0.000453966727946, -0.000736047804821, -0.00659330142662, 0.0154838282615, -0.00479408446699, -0.00188578816596, 0.00177323119715, -0.000483566778712], [-0.000236879553995, 0.00315888319165, -0.000664226710796, 0.0030007942114, -0.0024638667237, 0.00216155359522, -0.00142442574725, 0.00225964747369, -0.00479408446699, 0.0156364887953, -0.00354498042725, -0.00277979415841, 0.00177540141158], [0.000120769931527, -0.00294178770855, 0.00131986639462, -0.00146191148087, 0.00160652957857, -0.00412009982392, 0.0017182653537, -0.00223334925249, -0.00188578816596, -0.00354498042725, 0.010596380569, -0.00207228912041, 0.000367229280528], [-0.00023960985709, 0.00316301034763, -0.00199454231188, 0.00196817493998, -0.00087312416872, 0.00453168945387, -0.00418914249167, 0.00311700883321, 0.00177323119715, -0.00277979415841, -0.00207228912041, 0.0140365548432, -0.00559685193002], [0.000359961763024, -0.00203012232669, 0.000372910872102, -0.0034399474971, 0.000889063812792, -0.00270764180459, 0.00220646872185, -0.00272494764067, -0.000483566778712, 0.00177540141158, 0.000367229280528, -0.00559685193002, 0.014179664664]], "cov": [[7308.48242188, -907.216369629, -819.341247559, 519.647277832, -393.045349121, 636.35925293, -51.6593322754, 294.851806641, 50.3919448853, -4.05102491379, 193.545501709, -158.347366333, -22.2346782684], [-907.216369629, 1000.96191406, 436.087158203, -295.597198486, 195.754165649, -342.33190918, 34.6898345947, -128.072967529, 14.6696958542, -35.4212722778, -9.57480335236, 6.97881555557, -16.5554161072], [-819.341247559, 436.087158203, 825.216186523, -37.9272003174, 67.0617828369, -119.348381042, -22.7507209778, -107.766189575, -30.1075954437, -30.5676898956, -55.2584457397, 76.7884750366, 42.7080535889], [519.647277832, -295.597198486, -37.9272003174, 447.48248291, 47.2307853699, 273.408782959, 70.6053619385, 64.4725189209, 78.5814208984, -30.1228351593, 72.7977523804, -38.9389953613, 93.8890991211], [-393.045349121, 195.754165649, 67.0617828369, 47.2307853699, 272.290130615, 33.9565429688, 66.2851791382, 1.80380189419, 40.0936355591, 4.91056013107, 23.7248210907, -14.5618753433, 21.5325336456], [636.35925293, -342.33190918, -119.348381042, 273.408782959, 33.9565429688, 389.092987061, 99.0138244629, 96.4409942627, 54.003200531, -10.5110445023, 94.1636123657, -54.1660346985, 58.9347343445], [-51.6593322754, 34.6898345947, -22.7507209778, 70.6053619385, 66.2851791382, 99.0138244629, 198.254806519, 36.7116317749, 49.8465766907, 11.6163244247, 41.0519332886, 10.7334251404, 18.3796730042], [294.851806641, -128.072967529, -107.766189575, 64.4725189209, 1.80380189419, 96.4409942627, 36.7116317749, 140.289154053, 65.9402770996, 7.11787796021, 51.1545143127, -33.4615516663, 19.0283946991], [50.3919448853, 14.6696958542, -30.1075954437, 78.5814208984, 40.0936355591, 54.003200531, 49.8465766907, 65.9402770996, 130.271911621, 22.4581432343, 63.6688270569, -25.8158931732, 23.1820774078], [-4.05102491379, -35.4212722778, -30.5676898956, -30.1228351593, 4.91056013107, -10.5110445023, 11.6163244247, 7.11787796021, 22.4581432343, 97.525390625, 27.2287406921, 27.7199268341, -15.4359064102], [193.545501709, -9.57480335236, -55.2584457397, 72.7977523804, 23.7248210907, 94.1636123657, 41.0519332886, 51.1545143127, 63.6688270569, 27.2287406921, 161.216125488, -10.175699234, 23.3357391357], [-158.347366333, 6.97881555557, 76.7884750366, -38.9389953613, -14.5618753433, -54.1660346985, 10.7334251404, -33.4615516663, -25.8158931732, 27.7199268341, -10.175699234, 126.524833679, 21.8752441406], [-22.2346782684, -16.5554161072, 42.7080535889, 93.8890991211, 21.5325336456, 58.9347343445, 18.3796730042, 19.0283946991, 23.1820774078, -15.4359064102, 23.3357391357, 21.8752441406, 111.825416565]]}, "spectral_energyband_middle_low": {"dmean2": 0.0112346280366, "median": 0.010405831039, "min": 2.29010940355e-22, "dvar2": 0.000257269188296, "dvar": 9.59141470958e-05, "dmean": 0.006822779309, "max": 0.106212198734, "var": 0.000111866145744, "mean": 0.0125863756984}, "melbands_crest": {"dmean2": 6.665122509, "median": 16.7280292511, "min": 1.82373726368, "dvar2": 30.1534252167, "dvar": 12.0504751205, "dmean": 4.17919254303, "max": 37.0478057861, "var": 56.9137916565, "mean": 18.0857429504}, "spectral_kurtosis": {"dmean2": 2.91789388657, "median": 3.48981237411, "min": -1.28156530857, "dvar2": 12.8998069763, "dvar": 5.39706945419, "dmean": 1.83629345894, "max": 44.9853096008, "var": 30.0256881714, "mean": 5.49474382401}, "spectral_rms": {"dmean2": 0.00205457932316, "median": 0.00598329957575, "min": 3.20659449514e-12, "dvar2": 4.33868899563e-06, "dvar": 1.88061744666e-06, "dmean": 0.00131873507053, "max": 0.0146074742079, "var": 9.74704198597e-06, "mean": 0.00658065825701}, "zerocrossingrate": {"dmean2": 0.010678161867, "median": 0.0341796875, "min": 0.001953125, "dvar2": 0.00017791747814, "dvar": 0.000139279203722, "dmean": 0.00891601573676, "max": 0.515625, "var": 0.00112281809561, "mean": 0.0410808213055}, "silence_rate_60dB": {"dmean2": 0.0117183551192, "median": 0, "min": 0, "dvar2": 0.0144096054137, "dvar": 0.00582426879555, "dmean": 0.00585858570412, "max": 1, "var": 0.0287173744291, "mean": 0.0295929703861}, "erbbands_kurtosis": {"dmean2": 1.92037236691, "median": 0.346023947001, "min": -1.80001199245, "dvar2": 5.30392980576, "dvar": 2.15884804726, "dmean": 1.21282684803, "max": 23.1489391327, "var": 5.32938623428, "mean": 1.10954523087}, "erbbands": {"dmean2": [1.09945583344, 6.04082202911, 7.9633140564, 10.6144008636, 10.386841774, 14.8070020676, 20.0576629639, 22.8743438721, 13.2109413147, 35.6755371094, 68.6847686768, 48.021232605, 36.5968551636, 54.4972839355, 25.3605918884, 24.8299007416, 49.4208297729, 34.4053535461, 37.1960372925, 14.6195020676, 12.1245632172, 24.1864147186, 16.2776794434, 6.42832994461, 11.9101753235, 11.9983825684, 7.4316701889, 4.61138296127, 5.0096373558, 5.87757253647, 6.51978111267, 4.89902448654, 3.97784805298, 1.71079301834, 0.558370053768, 0.147595867515, 0.0220775585622, 0.00167779705953, 5.12649858138e-05, 3.88194785046e-05], "median": [0.292675644159, 1.5342066288, 1.47538197041, 2.20458865166, 3.46851706505, 5.88753890991, 9.06507396698, 7.93394756317, 7.06977033615, 8.10701179504, 10.5823450089, 10.3112888336, 14.2992134094, 24.4092235565, 10.0456609726, 7.36929941177, 10.5989837646, 7.13437795639, 10.5923042297, 5.60005521774, 6.87163972855, 12.3768692017, 6.4698638916, 2.85021591187, 4.26252269745, 3.5710875988, 3.32690930367, 3.63500761986, 2.24127149582, 1.59909439087, 1.38804984093, 0.633042752743, 0.368462175131, 0.160487756133, 0.067474976182, 0.0257085077465, 0.00854817405343, 0.000646430591587, 4.64610784547e-05, 4.63557844341e-05], "min": [4.30761978026e-22, 1.28648567334e-21, 2.05944223395e-21, 8.48388505639e-21, 3.71498833066e-20, 6.67872799782e-20, 8.91420945264e-20, 2.8839465941e-19, 2.9711898503e-19, 2.87041831368e-19, 3.4561544697e-19, 5.76126798849e-19, 8.56617695807e-19, 1.71497371167e-18, 1.79845608781e-18, 2.2291806133e-18, 1.6924578554e-18, 2.83768507078e-18, 3.28594582525e-18, 4.32169485938e-18, 4.89057509077e-18, 5.63456821707e-18, 5.45805201026e-18, 7.96716543209e-18, 8.03647903152e-18, 1.25828042988e-17, 1.40918770396e-17, 1.45418831452e-17, 1.18741545321e-17, 1.45226346523e-17, 1.37191552458e-17, 1.29934655585e-17, 1.19060506166e-17, 9.14499948684e-18, 8.85477903302e-18, 4.82861099109e-18, 2.61560403351e-18, 9.30794290057e-19, 2.65994866916e-19, 2.81727667684e-20], "dvar2": [2.96525549889, 102.787521362, 336.762512207, 936.388000488, 446.377349854, 499.339080811, 841.824523926, 1280.76940918, 402.527801514, 5621.73242188, 29811.2304688, 16570.9160156, 6106.56884766, 13336.78125, 3637.8059082, 3911.57421875, 15373.3056641, 9029.30078125, 7563.90966797, 1929.99072266, 519.536071777, 1654.46582031, 1526.18103027, 203.735534668, 730.506774902, 891.997253418, 608.259399414, 56.8069190979, 179.931427002, 274.493347168, 625.85369873, 458.146942139, 226.678710938, 71.7228775024, 10.9477682114, 0.99120926857, 0.0122325522825, 6.22239458608e-05, 6.84211158841e-08, 2.40410225061e-09], "dvar": [1.17123091221, 39.4518356323, 128.376937866, 327.45916748, 157.859268188, 188.763671875, 325.238586426, 493.538085938, 162.795608521, 2221.09643555, 12013.5341797, 6902.99414063, 3018.21386719, 6235.55615234, 1601.70471191, 1777.54406738, 6686.79443359, 4171.97509766, 3247.625, 906.634338379, 235.804855347, 758.55456543, 665.690673828, 95.3652038574, 352.293395996, 408.090759277, 261.509857178, 25.8013477325, 83.9842376709, 124.995407104, 281.80670166, 202.253555298, 100.593971252, 28.9044418335, 4.82262420654, 0.449401825666, 0.00573896057904, 2.85976730083e-05, 2.90079267273e-08, 1.00256047908e-09], "dmean": [0.680774450302, 3.78662729263, 4.73400115967, 5.86130046844, 5.81118106842, 8.68093013763, 12.1379976273, 14.1515007019, 7.90548276901, 21.5246315002, 42.3383293152, 30.5186424255, 24.7029342651, 35.1493835449, 17.2223358154, 16.5220451355, 32.8288955688, 22.6383876801, 23.7129268646, 9.69704818726, 7.87946796417, 15.5922775269, 10.5961799622, 4.30546998978, 7.96090221405, 8.03354358673, 4.91290187836, 2.97445368767, 3.45834946632, 3.91588425636, 4.29947471619, 3.20060777664, 2.56020474434, 1.06920063496, 0.361712127924, 0.0975476801395, 0.0151906590909, 0.00114056549501, 3.41599079547e-05, 2.47108582698e-05], "max": [9.2774105072, 49.0128746033, 105.738372803, 210.260681152, 199.747817993, 169.23046875, 289.166717529, 281.200744629, 333.237701416, 847.045166016, 1598.14135742, 1788.48620605, 1178.21984863, 2388.9309082, 1091, 896.477844238, 1648.96679688, 1743.40356445, 1287.97143555, 872.346191406, 324.194915771, 698.713867188, 798.663818359, 274.080841064, 505.649963379, 424.239929199, 727.76776123, 132.349349976, 339.598419189, 340.904968262, 525.55645752, 616.747924805, 280.99609375, 151.135284424, 68.6536865234, 25.3568096161, 3.02854633331, 0.295462042093, 0.00945515464991, 0.000646097527351], "var": [2.98042225838, 63.776386261, 105.149513245, 201.689468384, 112.648078918, 274.444030762, 513.073547363, 1078.73547363, 261.782684326, 2834.66064453, 12601.6376953, 8083.60351563, 5875.23486328, 13018.5478516, 2747.61450195, 2970.1328125, 12415.3056641, 7410.91259766, 4877.09082031, 1371.17810059, 468.863189697, 1538.14306641, 998.062438965, 189.928192139, 680.566101074, 670.062988281, 384.920196533, 67.8301620483, 171.343521118, 224.528930664, 427.728820801, 269.378967285, 132.813842773, 30.2976055145, 5.64263010025, 0.521086990833, 0.00740334531292, 3.86119063478e-05, 3.41712436125e-08, 3.13802117624e-09], "mean": [1.18391740322, 5.22730255127, 4.74252700806, 5.54676246643, 6.42204761505, 11.9263973236, 17.5064296722, 23.0974349976, 12.8674907684, 27.375246048, 45.7786521912, 36.3261146545, 37.3424263, 58.1141357422, 27.4683494568, 25.9088783264, 52.1312789917, 32.7468185425, 32.6727981567, 15.0598554611, 13.8849086761, 26.3534870148, 16.2960834503, 7.37806415558, 12.8978176117, 12.3567619324, 8.23997592926, 6.19139671326, 6.0641951561, 6.06756210327, 5.92254495621, 4.11036014557, 3.08622860909, 1.19188249111, 0.397515267134, 0.115207545459, 0.0233633033931, 0.00174015457742, 6.97405921528e-05, 6.55849507893e-05]}, "spectral_strongpeak": {"dmean2": 0.913580775261, "median": 0.577127158642, "min": 0, "dvar2": 1.8664008379, "dvar": 0.745184779167, "dmean": 0.53793156147, "max": 11.3597946167, "var": 1.00774228573, "mean": 0.865387737751}, "spectral_energy": {"dmean2": 0.0336758606136, "median": 0.0366948731244, "min": 1.05393052862e-20, "dvar2": 0.00176874396857, "dvar": 0.000725436140783, "dmean": 0.0212707463652, "max": 0.218712761998, "var": 0.00229398254305, "mean": 0.0543783530593}, "average_loudness": 0.941396713257, "spectral_rolloff": {"dmean2": 670.957946777, "median": 645.99609375, "min": 64.599609375, "dvar2": 1447516, "dvar": 644376.3125, "dmean": 400.260559082, "max": 19616.7480469, "var": 1579753.75, "mean": 961.602844238}, "spectral_centroid": {"dmean2": 394.693389893, "median": 1101.87841797, "min": 174.231155396, "dvar2": 188291.828125, "dvar": 91176.3984375, "dmean": 257.600280762, "max": 11377.5107422, "var": 479596.53125, "mean": 1159.22119141}, "pitch_salience": {"dmean2": 0.145417764783, "median": 0.490646719933, "min": 0.0772738084197, "dvar2": 0.0153581108898, "dvar": 0.00612758845091, "dmean": 0.0897392779589, "max": 0.969754993916, "var": 0.0251289829612, "mean": 0.470617175102}, "spectral_energyband_middle_high": {"dmean2": 0.00388993066736, "median": 0.00360236712731, "min": 1.17235817483e-21, "dvar2": 3.15753604809e-05, "dvar": 1.67366379173e-05, "dmean": 0.00275302771479, "max": 0.0680055916309, "var": 6.09646958765e-05, "mean": 0.00639074249193}, "spectral_contrast_coeffs": {"dmean2": [0.0956322401762, 0.0967316478491, 0.071887023747, 0.0554954484105, 0.0412862226367, 0.0348666831851], "median": [-0.706677854061, -0.720571815968, -0.744043052197, -0.775909483433, -0.797394752502, -0.761745214462], "min": [-0.979445517063, -0.990059375763, -0.967284202576, -0.964396178722, -0.965739905834, -0.963386416435], "dvar2": [0.00565410126001, 0.00593305798247, 0.00315939146094, 0.00194527360145, 0.00119769759476, 0.000842051813379], "dvar": [0.0022803733591, 0.00247705029324, 0.00129431439564, 0.000811543490272, 0.000553220452275, 0.000389382592402], "dmean": [0.0587513633072, 0.0596944652498, 0.0451037958264, 0.0346921570599, 0.0262882579118, 0.0224377084523], "max": [-0.421859651804, -0.412634074688, -0.514661669731, -0.575692296028, -0.508610904217, -0.604866445065], "var": [0.00684875901788, 0.00811913795769, 0.00428454391658, 0.00327592366375, 0.00225134636275, 0.00182850589044], "mean": [-0.695730447769, -0.717507958412, -0.739635407925, -0.76849937439, -0.791129052639, -0.759653747082]}, "melbands_skewness": {"dmean2": 1.81155979633, "median": 2.40838050842, "min": -0.865938186646, "dvar2": 4.31185770035, "dvar": 1.88139021397, "dmean": 1.16408765316, "max": 18.1041908264, "var": 6.10052156448, "mean": 3.1610147953}, "spectral_spread": {"dmean2": 847816.0625, "median": 4375806, "min": 1657247.5, "dvar2": 1133201588220.0, "dvar": 620282118144, "dmean": 579147, "max": 42998392, "var": 3025947066370.0, "mean": 4456643.5}, "dissonance": {"dmean2": 0.040236659348, "median": 0.462775200605, "min": 0.241810008883, "dvar2": 0.00133063690737, "dvar": 0.000486028468003, "dmean": 0.0241209249943, "max": 0.500000119209, "var": 0.00111974251922, "mean": 0.455054610968}, "spectral_skewness": {"dmean2": 0.376647412777, "median": 1.51047086716, "min": -0.0294990036637, "dvar2": 0.119934432209, "dvar": 0.0593989565969, "dmean": 0.249581336975, "max": 5.34246969223, "var": 0.599253237247, "mean": 1.72009241581}, "spectral_flux": {"dmean2": 0.0626292228699, "median": 0.10989998281, "min": 6.40184502632e-11, "dvar2": 0.00374904624186, "dvar": 0.00184824282769, "dmean": 0.0390744917095, "max": 0.437612116337, "var": 0.00506561528891, "mean": 0.122682221234}, "spectral_contrast_valleys": {"dmean2": [0.644184172153, 0.615706980228, 0.542831599712, 0.457408189774, 0.389711141586, 0.467295914888], "median": [-6.57114839554, -6.50962686539, -7.18287038803, -7.70467329025, -7.60672283173, -10.0898265839], "min": [-27.7103691101, -27.57970047, -27.6039390564, -27.4355831146, -27.4368667603, -27.350856781], "dvar2": [0.274664402008, 0.281163841486, 0.20508903265, 0.156410813332, 0.125712931156, 0.199629127979], "dvar": [0.121291026473, 0.125136062503, 0.0978329926729, 0.0831965506077, 0.0790489241481, 0.115634642541], "dmean": [0.389318943024, 0.377638369799, 0.336062818766, 0.292106926441, 0.264595150948, 0.334460705519], "max": [-5.03845071793, -4.80585813522, -5.4951915741, -5.31126070023, -5.62680387497, -6.94280767441], "var": [1.0923807621, 0.974829912186, 0.888431429863, 0.985513925552, 1.11231505871, 1.46187329292], "mean": [-6.70343589783, -6.65262126923, -7.27330827713, -7.81604385376, -7.79148483276, -10.2600069046]}, "erbbands_flatness_db": {"dmean2": 0.0282666943967, "median": 0.157158404589, "min": 0.062994658947, "dvar2": 0.000529411714524, "dvar": 0.000243107700953, "dmean": 0.018558435142, "max": 0.30832311511, "var": 0.0014052640181, "mean": 0.161025837064}, "spectral_energyband_high": {"dmean2": 0.000800275127403, "median": 0.000370519905118, "min": 7.42322786918e-21, "dvar2": 5.78245226279e-06, "dvar": 2.67304221779e-06, "dmean": 0.000541691901162, "max": 0.0518546700478, "var": 4.96848815601e-06, "mean": 0.000958721735515}, "spectral_entropy": {"dmean2": 0.276590377092, "median": 7.53230571747, "min": 5.6519908905, "dvar2": 0.0588275752962, "dvar": 0.0286969356239, "dmean": 0.186255440116, "max": 9.81817531586, "var": 0.277016967535, "mean": 7.43182039261}, "silence_rate_20dB": {"dmean2": 0, "median": 1, "min": 1, "dvar2": 0, "dvar": 0, "dmean": 0, "max": 1, "var": 0, "mean": 1}, "melbands_flatness_db": {"dmean2": 0.0534230396152, "median": 0.241637989879, "min": 0.00507459649816, "dvar2": 0.00213056663051, "dvar": 0.00107036984991, "dmean": 0.0358225367963, "max": 0.517054259777, "var": 0.00799027923495, "mean": 0.248176276684}, "barkbands": {"dmean2": [0.00190826959442, 0.0288349837065, 0.00697745010257, 0.00393440946937, 0.00383335119113, 0.00273708649911, 0.0012735783821, 0.00293106678873, 0.00213436270133, 0.001677972381, 0.000910693954211, 0.000556420302019, 0.00116788549349, 0.000687602849212, 0.000566962815356, 0.000235824918491, 0.000471255771117, 0.000245420058491, 0.000184597025509, 0.000274645281024, 0.000130309141241, 0.000148060877109, 0.000220760601223, 0.000230471880059, 0.000109635373519, 1.8636808818e-05, 9.6408484751e-08], "median": [0.000286934984615, 0.00855842977762, 0.000881887623109, 0.000800606911071, 0.00175096432213, 0.00119085353799, 0.000360426842235, 0.000424810597906, 0.00039692124119, 0.000507039600052, 0.000286210008198, 0.000125005026348, 0.000224283488933, 9.49911409407e-05, 0.00016830045206, 9.82127457974e-05, 0.000233500031754, 5.27421761944e-05, 7.37190275686e-05, 8.36469625938e-05, 8.49429197842e-05, 5.62431887374e-05, 4.84131123812e-05, 2.56869152508e-05, 1.17773688544e-05, 5.12143788001e-06, 9.61610457928e-10], "min": [7.96815088336e-25, 1.14474587851e-23, 1.13705957284e-24, 3.11831903782e-24, 1.99801711887e-23, 3.08985078325e-23, 1.68016123656e-23, 1.68757037595e-23, 2.96803929988e-23, 2.24957555298e-23, 2.86723707569e-23, 3.75483843824e-23, 2.71167622954e-23, 5.14221063661e-23, 5.19999406683e-23, 7.43454134625e-23, 9.81540875519e-23, 1.07804797296e-22, 1.8481337362e-22, 2.53093058878e-22, 3.77933793361e-22, 4.22745030771e-22, 4.59902929005e-22, 6.29091303121e-22, 1.0233364176e-21, 1.28503376538e-21, 2.0848200786e-21], "dvar2": [1.18111929623e-05, 0.00200978317298, 0.000297469174257, 0.000103268772364, 3.34474279953e-05, 1.4366925825e-05, 6.20821811026e-06, 5.05960633745e-05, 3.13358250423e-05, 1.39592748383e-05, 4.09001313528e-06, 2.25652911467e-06, 7.38410699341e-06, 3.73468606085e-06, 1.81063523996e-06, 2.83816348201e-07, 5.89830108311e-07, 4.17923445184e-07, 1.70672123545e-07, 4.37633019601e-07, 1.23894196236e-07, 1.44296734561e-07, 6.30492706932e-07, 8.68817551236e-07, 3.14994707651e-07, 1.47334358047e-08, 2.25403506623e-12], "dvar": [6.32106275589e-06, 0.000762190844398, 0.000106949322799, 3.60874000762e-05, 1.23175086628e-05, 5.60430362384e-06, 2.48046490015e-06, 2.04807420232e-05, 1.29137733893e-05, 6.48110290058e-06, 1.88943226931e-06, 1.00250304058e-06, 3.24221423398e-06, 1.67898008385e-06, 8.1170884414e-07, 1.2755558032e-07, 2.58887297377e-07, 1.85852726986e-07, 7.60489555773e-08, 2.04033725026e-07, 5.05093993297e-08, 6.64752874968e-08, 2.84613918211e-07,