{"metadata": {"tags": {"albumartist": ["Rice, Rice, Hillman & Pedersen"], "musicbrainz_artistid": ["0827aaf1-8743-4a6e-9c6f-216dcad410f5"], "musicbrainz album status": ["official"], "artist": ["Rice, Rice, Hillman & Pedersen"], "musicbrainz_albumid": ["34d2c5d6-4c0f-4840-8c94-419c660e5484"], "artistsort": ["Rice, Rice, Hillman & Pedersen"], "title": ["So Begins the Task"], "tracknumber": ["6/12"], "musicbrainz_albumartistid": ["0827aaf1-8743-4a6e-9c6f-216dcad410f5"], "album": ["Out of the Woodwork"], "musicbrainz album type": ["album"], "script": ["Latn"], "albumartistsort": ["Rice, Rice, Hillman & Pedersen"], "acoustid_id": ["baabee60-204b-469d-99a8-82050716714b"], "file_name": "06 - So Begins the Task.mp3", "musicbrainz_releasegroupid": ["72080f05-5506-37a8-b020-eee47bf1bbe2"], "musicbrainz_recordingid": ["1af21dc8-1c85-4fac-bdc4-994fc6386372"]}, "audio_properties": {"sample_rate": 44100, "downmix": "mix", "lossless": false, "analysis_sample_rate": 44100, "md5_encoded": "6c43e431b4b1763b2357a68710dc0751", "equal_loudness": 0, "replay_gain": -13.1517734528, "codec": "mp3", "bit_rate": 256000, "length": 157.257141113}, "version": {"extractor": "music 1.0", "essentia_build_sha": "70f2e5ece6736b2c40cc944ad0e695b16b925413", "essentia_git_sha": "v2.1_beta2", "essentia": "2.1-beta2"}}, "rhythm": {"beats_loudness_band_ratio": {"dvar2": [0.0421378277242, 0.049356546253, 0.0361285619438, 0.0432531200349, 0.00787631049752, 0.00451574847102], "var": [0.0302495304495, 0.0246727447957, 0.0205873213708, 0.0164871904999, 0.00300115533173, 0.00134644948412], "min": [0, 0, 0, 0, 0, 0], "dmean": [0.178472146392, 0.154061764479, 0.14593629539, 0.121229059994, 0.0443752035499, 0.0300635285676], "mean": [0.307627409697, 0.25074326992, 0.260276943445, 0.141247913241, 0.0532222799957, 0.0311054065824], "max": [0.81307554245, 0.735188782215, 0.777413547039, 0.625484645367, 0.371329635382, 0.283934384584], "dmean2": [0.299903154373, 0.261963754892, 0.248849824071, 0.211223527789, 0.0747148692608, 0.0554088205099], "median": [0.289749711752, 0.209977626801, 0.241374090314, 0.0931787788868, 0.0366482511163, 0.0175516363233], "dvar": [0.0191761571914, 0.0171404983848, 0.0135932853445, 0.0152835631743, 0.00294775888324, 0.00152245187201]}, "bpm_histogram_first_peak_weight": {"dvar2": 0, "var": 0, "min": 0.524714827538, "dmean": 0, "mean": 0.524714827538, "max": 0.524714827538, "dmean2": 0, "median": 0.524714827538, "dvar": 0}, "bpm": 101.069862366, "beats_count": 264, "bpm_histogram_first_peak_spread": {"dvar2": 0, "var": 0, "min": 0.465116262436, "dmean": 0, "mean": 0.465116262436, "max": 0.465116262436, "dmean2": 0, "median": 0.465116262436, "dvar": 0}, "danceability": 1.0448795557, "bpm_histogram_first_peak_bpm": {"dvar2": 0, "var": 0, "min": 101, "dmean": 0, "mean": 101, "max": 101, "dmean2": 0, "median": 101, "dvar": 0}, "beats_position": [0.568888902664, 1.16099774837, 1.75310659409, 2.36843538284, 2.97215414047, 3.5758728981, 4.17959165573, 4.78331041336, 5.3754196167, 5.9675283432, 6.57124710083, 7.17496585846, 7.77868461609, 8.38240337372, 8.98612213135, 9.58984088898, 10.1935596466, 10.8088884354, 11.4242172241, 12.0279359818, 12.6316547394, 13.235373497, 13.8390922546, 14.4428119659, 15.0465307236, 15.6502494812, 16.2539672852, 16.8576869965, 17.4497947693, 18.0535144806, 18.6572322845, 19.2493419647, 19.853061676, 20.4451694489, 21.0488891602, 21.6526069641, 22.2563266754, 22.8600444794, 23.4521541595, 24.0558719635, 24.6479816437, 25.2400894165, 25.8321990967, 26.4243087769, 27.0164165497, 27.620136261, 28.2122440338, 28.804353714, 29.3964614868, 30.0117912292, 30.6271190643, 31.2308387756, 31.8229465485, 32.4266662598, 33.0187759399, 33.6224937439, 34.2262115479, 34.8299331665, 35.4336509705, 36.0373687744, 36.6410865784, 37.2331962585, 37.8253059387, 38.4174156189, 39.0095214844, 39.6016311646, 40.1937408447, 40.7974586487, 41.3895683289, 41.981678009, 42.5737876892, 43.1658935547, 43.7580032349, 44.3617210388, 44.953830719, 45.5575485229, 46.1496582031, 46.7417678833, 47.3338775635, 47.9259872437, 48.5064849854, 49.1102027893, 49.690700531, 50.2828102112, 50.8749198914, 51.4554176331, 52.0475273132, 52.6396369934, 53.2317466736, 53.8238525391, 54.4159622192, 55.0196800232, 55.6234016418, 56.2271194458, 56.8308372498, 57.4345550537, 58.0266647339, 58.6187744141, 59.2108840942, 59.8029937744, 60.3950996399, 60.9756011963, 61.556098938, 62.1365966797, 62.7170982361, 63.3092041016, 63.9013137817, 64.4934234619, 65.0855331421, 65.6660308838, 66.2465286255, 66.8270263672, 67.4075241089, 67.9996337891, 68.5917434692, 69.1838531494, 69.7759628296, 70.3680725098, 70.9601821899, 71.5406799316, 72.1327896118, 72.724899292, 73.3053970337, 73.9091110229, 74.489616394, 75.0701141357, 75.6622238159, 76.2543258667, 76.8464355469, 77.4385452271, 78.0190429688, 78.6111526489, 79.2032623291, 79.7837600708, 80.375869751, 80.9679794312, 81.5600891113, 82.1521987915, 82.7559204102, 83.3596343994, 83.9517440796, 84.5438537598, 85.1359634399, 85.7280731201, 86.3317871094, 86.935508728, 87.5392303467, 88.1197280884, 88.7002258301, 89.3039474487, 89.8960494995, 90.4881591797, 91.0686569214, 91.6607666016, 92.2528762817, 92.8565979004, 93.4487075806, 94.0408172607, 94.6213150024, 95.2134246826, 95.8055343628, 96.4092483521, 97.0129699707, 97.61668396, 98.1971893311, 98.8009033203, 99.381401062, 99.9735107422, 100.565620422, 101.157730103, 101.749839783, 102.330337524, 102.934059143, 103.526168823, 104.118278503, 104.710380554, 105.302490234, 105.894599915, 106.486709595, 107.067207336, 107.647705078, 108.239814758, 108.831924438, 109.435646057, 110.039360046, 110.643081665, 111.246803284, 111.838912964, 112.431015015, 113.023124695, 113.615234375, 114.207344055, 114.811065674, 115.414779663, 116.006889343, 116.587387085, 117.179496765, 117.771606445, 118.363716125, 118.955825806, 119.547935486, 120.140045166, 120.743759155, 121.347480774, 121.939590454, 122.531700134, 123.135414124, 123.715919495, 124.308021545, 124.900131226, 125.480628967, 126.072738647, 126.664848328, 127.245346069, 127.83745575, 128.42956543, 129.010070801, 129.61378479, 130.205886841, 130.79800415, 131.40171814, 131.993835449, 132.5859375, 133.17805481, 133.77015686, 134.362258911, 134.954376221, 135.534866333, 136.126983643, 136.719085693, 137.299591064, 137.891693115, 138.472198486, 139.064300537, 139.656417847, 140.236907959, 140.829025269, 141.421127319, 142.013244629, 142.60534668, 143.197463989, 143.801177979, 144.381668091, 144.962173462, 145.554275513, 146.146392822, 146.726898193, 147.319000244, 147.911102295, 148.503219604, 149.095321655, 149.687438965, 150.291152954, 150.883255005, 151.486984253, 152.044265747, 152.601531982, 153.158813477, 153.727706909, 154.296600342, 154.865478516, 155.42276001, 155.991653442, 156.548934937], "beats_loudness": {"dvar2": 0.00032562323031, "var": 0.000258181302343, "min": 0, "dmean": 0.0130459871143, "mean": 0.0300478134304, "max": 0.0837748199701, "dmean2": 0.0222128909081, "median": 0.0296149849892, "dvar": 0.000118239848234}, "bpm_histogram_second_peak_weight": {"dvar2": 0, "var": 0, "min": 0.0190114062279, "dmean": 0, "mean": 0.0190114062279, "max": 0.0190114062279, "dmean2": 0, "median": 0.0190114062279, "dvar": 0}, "bpm_histogram_second_peak_spread": {"dvar2": 0, "var": 0, "min": 0, "dmean": 0, "mean": 0, "max": 0, "dmean2": 0, "median": 0, "dvar": 0}, "bpm_histogram_second_peak_bpm": {"dvar2": 0, "var": 0, "min": 108, "dmean": 0, "mean": 108, "max": 108, "dmean2": 0, "median": 108, "dvar": 0}, "onset_rate": 4.59086751938}, "lowlevel": {"spectral_energyband_high": {"dvar2": 1.28508347075e-07, "var": 1.37208829187e-07, "min": 6.99046054363e-21, "dmean": 0.000116992770927, "mean": 0.00023484727717, "max": 0.00375065300614, "dmean2": 0.000170575833181, "median": 0.000122880417621, "dvar": 6.48604938647e-08}, "spectral_energyband_middle_low": {"dvar2": 9.07879511942e-05, "var": 0.000127613559016, "min": 1.75545949302e-22, "dmean": 0.00484459334984, "mean": 0.0147996805608, "max": 0.0995039045811, "dmean2": 0.00751074030995, "median": 0.0125011578202, "dvar": 3.73961011064e-05}, "spectral_energy": {"dvar2": 0.000172230153112, "var": 0.000326605309965, "min": 9.99850768794e-21, "dmean": 0.00744645670056, "mean": 0.0271940752864, "max": 0.124537833035, "dmean2": 0.0113816149533, "median": 0.0250187143683, "dvar": 7.60632538004e-05}, "spectral_spread": {"dvar2": 1061426036740.0, "var": 14983354122200.0, "min": 880858, "dmean": 490726.875, "mean": 4022137.5, "max": 42525652, "dmean2": 707010.375, "median": 3444967.5, "dvar": 586692493312}, "spectral_energyband_low": {"dvar2": 7.2715782153e-05, "var": 5.13393169967e-05, "min": 9.66879201398e-24, "dmean": 0.00350077357143, "mean": 0.00643940176815, "max": 0.0736859068274, "dmean2": 0.0057728830725, "median": 0.00390862859786, "dvar": 2.89853232971e-05}, "spectral_rolloff": {"dvar2": 1036900.3125, "var": 4063204.25, "min": 21.533203125, "dmean": 280.148468018, "mean": 1314.62609863, "max": 19896.6796875, "dmean2": 466.962463379, "median": 947.4609375, "dvar": 478859.34375}, "barkbands": {"dvar2": [1.20171303464e-10, 2.13957137021e-05, 2.87862330879e-05, 7.34858031137e-06, 2.02015344257e-05, 1.31897941174e-05, 3.0611656257e-05, 6.59971829009e-06, 1.051460913e-05, 5.74847217649e-06, 1.85711155609e-06, 6.50835727356e-06, 1.13567239168e-06, 8.22192532723e-07, 4.33237119069e-07, 1.98251598249e-07, 1.68087311181e-07, 1.42927376601e-07, 3.01623600762e-07, 1.16663088079e-07, 2.03308303526e-08, 6.89129420195e-09, 1.02476889197e-08, 9.78973346832e-09, 5.27799537409e-09, 5.28302179781e-10, 2.0209918461e-10], "var": [5.56850225653e-11, 1.73181379068e-05, 1.88916219486e-05, 3.51162907464e-06, 2.27788241318e-05, 1.36576127261e-05, 1.83309657587e-05, 8.1238185885e-06, 1.81577797775e-05, 9.99126950774e-06, 3.14338399221e-06, 7.57252973926e-06, 1.11584142815e-06, 8.5466353994e-07, 4.95874246553e-07, 3.76636563715e-07, 2.00000073391e-07, 1.81328445592e-07, 5.2600410072e-07, 1.22044397699e-07, 1.24679244706e-08, 5.76729419777e-09, 8.89608298138e-09, 1.22948504711e-08, 3.6454463892e-09, 3.02674330044e-10, 5.9322727286e-11], "min": [1.49730717866e-25, 2.53413558864e-24, 1.08103388249e-24, 1.15529823418e-24, 9.84780900806e-24, 1.31380374032e-23, 1.53888681917e-23, 4.257652305e-24, 2.22725015828e-23, 1.18245248314e-23, 2.13298096456e-23, 2.34866421352e-23, 2.56949903973e-23, 2.1474631886e-23, 3.47154775867e-23, 4.7817614719e-23, 8.11135371067e-23, 9.13679337028e-23, 1.09100119524e-22, 1.63362579533e-22, 2.26025512037e-22, 2.88483530031e-22, 4.35231903729e-22, 5.99975646178e-22, 7.72704680472e-22, 1.28063573331e-21, 1.94152820308e-21], "dmean": [2.06922049983e-06, 0.00189845147543, 0.0016904969234, 0.000894434051588, 0.00197634496726, 0.00111273978837, 0.00166863459162, 0.000762181705795, 0.00126014300622, 0.000838531530462, 0.000370055407984, 0.000706598977558, 0.000335835269652, 0.000236129431869, 0.000199590911507, 0.000112381836516, 0.000135172871524, 0.000120931472338, 0.000147967861267, 8.57853519847e-05, 3.0480156056e-05, 1.85133085324e-05, 1.94386739167e-05, 2.70372838713e-05, 1.45776484715e-05, 6.66497180646e-06, 1.67976259036e-06], "mean": [3.47421132574e-06, 0.00349979195744, 0.00238554435782, 0.00111331569497, 0.0040709474124, 0.00206175306812, 0.00279791723005, 0.00146525539458, 0.00292088161223, 0.00189336994663, 0.000743131618947, 0.0013285469031, 0.00063525699079, 0.000423495774157, 0.00039253331488, 0.000252398080193, 0.000269669108093, 0.000255529535934, 0.000329286354827, 0.000156233436428, 5.37116648047e-05, 3.27519483108e-05, 3.13883174385e-05, 4.77242392662e-05, 2.04194057005e-05, 8.24561902846e-06, 1.52228597017e-06], "max": [0.000230005680351, 0.0279575139284, 0.0482849143445, 0.0329299345613, 0.0630772188306, 0.0511706881225, 0.0668561682105, 0.0597502887249, 0.0478320084512, 0.0315480604768, 0.0285100918263, 0.0466571561992, 0.0133511060849, 0.0127807846293, 0.00923698861152, 0.00956939253956, 0.00769066251814, 0.00559129798785, 0.0111264456064, 0.00634232768789, 0.00267783761956, 0.00136851100251, 0.00126175093465, 0.00141680485103, 0.00186968944035, 0.000335104035912, 0.000362265243893], "dmean2": [3.58402849088e-06, 0.00315627362579, 0.00283836899325, 0.00147134088911, 0.00321900425479, 0.00181042845361, 0.00264038005844, 0.00117155048065, 0.00187571288552, 0.00126752641518, 0.000552085519303, 0.00107861822471, 0.000513123872224, 0.00036210831604, 0.000309665832901, 0.000170305662323, 0.000207402088563, 0.000185198237887, 0.000219777080929, 0.000130207932671, 4.73034015158e-05, 2.7275611501e-05, 2.90822226816e-05, 3.98945849156e-05, 2.19675057451e-05, 1.00991846921e-05, 2.78231664197e-06], "median": [5.65662844565e-07, 0.001652385341, 0.000886195048224, 0.00044111488387, 0.00253583630547, 0.000907548121177, 0.00138800195418, 0.000444896402769, 0.00110448151827, 0.000639771809801, 0.000224994961172, 0.000416125520132, 0.000236735359067, 0.000105487022665, 0.000162505049957, 8.0946876551e-05, 0.000114542242954, 8.55419348227e-05, 8.91341624083e-05, 5.4590855143e-05, 2.50675730058e-05, 1.4579528397e-05, 9.13509029488e-06, 1.28360243252e-05, 6.9116749728e-06, 2.93503148896e-06, 1.77596007234e-07], "dvar": [4.17763497407e-11, 8.0762174548e-06, 1.17794343168e-05, 2.86580575448e-06, 7.75089665694e-06, 5.39014263268e-06, 1.17829640658e-05, 2.81791608359e-06, 4.89865533382e-06, 2.53361235991e-06, 9.26658060507e-07, 2.73958039543e-06, 4.97866892601e-07, 3.47300016301e-07, 1.82152007255e-07, 8.74050272159e-08, 7.57830846965e-08, 6.36554844391e-08, 1.53240335976e-07, 5.37640794107e-08, 8.6495521856e-09, 3.38795125288e-09, 4.87877382938e-09, 5.00688113192e-09, 2.32634111974e-09, 2.28710467232e-10, 7.57598220269e-11]}, "melbands_skewness": {"dvar2": 0.525316774845, "var": 1.14616596699, "min": -1.07699584961, "dmean": 0.464526802301, "mean": 1.74734926224, "max": 7.1780462265, "dmean2": 0.718838632107, "median": 1.65316295624, "dvar": 0.226681098342}, "barkbands_skewness": {"dvar2": 0.343188285828, "var": 0.758850634098, "min": -3.62719035149, "dmean": 0.373744577169, "mean": 1.16058671474, "max": 5.61689329147, "dmean2": 0.572942972183, "median": 1.09255576134, "dvar": 0.149697452784}, "erbbands": {"dvar2": [0.00241027912125, 1.74273204803, 35.3744506836, 38.4614982605, 150.549331665, 348.564544678, 395.645263672, 1318.63391113, 6618.25683594, 4016.88354492, 3475.28735352, 5752.4140625, 6486.73486328, 2733.09838867, 5470.02050781, 4509.74560547, 1813.38513184, 1972.6583252, 1836.7512207, 570.133178711, 622.561706543, 467.981842041, 384.770355225, 380.523406982, 891.369689941, 173.787231445, 60.9664459229, 14.4382610321, 6.64139270782, 14.4850969315, 6.71287250519, 5.90109968185, 2.45870113373, 2.15598607063, 0.0562206059694, 0.00889264326543, 0.00317467306741, 0.000147047670907, 1.35445170599e-05, 1.08809965482e-08], "var": [0.00404497468844, 1.30769753456, 23.2492027283, 18.960144043, 99.1347045898, 394.88269043, 294.58114624, 1475.91894531, 4056.63647461, 3231.59960938, 4602.05029297, 10818.8271484, 9385.73242188, 5340.17382812, 8120.70458984, 5500.88574219, 2216.5065918, 2211.29492188, 1885.73974609, 666.643371582, 1421.27441406, 688.989318848, 539.790466309, 927.154785156, 1272.38439941, 196.255187988, 34.0898208618, 9.62471199036, 5.49078321457, 12.3897457123, 6.07401275635, 6.38396787643, 3.14966583252, 1.36876130104, 0.0456443987787, 0.00662922719494, 0.00134846323635, 5.81528693147e-05, 3.48262278749e-06, 3.84556519961e-09], "min": [1.02914080565e-22, 5.93741701274e-22, 1.4655497782e-21, 2.6328981183e-21, 2.12829710357e-20, 2.34726053588e-20, 7.63512456181e-20, 1.17017105355e-19, 1.91248707116e-19, 1.03138520403e-19, 1.6711933166e-19, 4.11143816217e-19, 2.99056681464e-19, 4.84871406491e-19, 8.78350418836e-19, 1.23233264261e-18, 1.47563065579e-18, 2.20801637014e-18, 1.1277802185e-18, 3.19227258396e-18, 3.53386364216e-18, 4.62399049578e-18, 5.45399303499e-18, 3.76890784039e-18, 8.08241154376e-18, 9.70852041504e-18, 1.00166666999e-17, 1.08970044202e-17, 1.04437417045e-17, 1.07465377852e-17, 1.19457238531e-17, 1.158688215e-17, 1.05021538907e-17, 8.07884804968e-18, 6.21503187217e-18, 4.60857805302e-18, 2.37390537404e-18, 9.25965106244e-19, 2.50977041004e-19, 2.8071282047e-20], "dmean": [0.01949483715, 0.547247111797, 2.02045106888, 2.14779901505, 4.87388420105, 7.87890100479, 7.23931598663, 10.004609108, 23.1410293579, 18.4980659485, 18.0109977722, 28.4248161316, 27.012714386, 18.0251750946, 21.9057884216, 19.5864467621, 14.5819206238, 11.7984132767, 12.2781438828, 7.3035774231, 6.20354509354, 7.24269294739, 6.44148015976, 5.84547710419, 7.45381307602, 3.6567428112, 1.60915052891, 0.826786160469, 0.619381070137, 0.699775636196, 0.527437984943, 0.576766073704, 0.428932189941, 0.231936886907, 0.069863922894, 0.0297947153449, 0.0129658579826, 0.00257377582602, 0.000326253764797, 1.78496302397e-05], "mean": [0.0469528138638, 0.977922677994, 2.99750947952, 3.15162754059, 7.90716075897, 16.0172958374, 13.0038690567, 18.9580211639, 37.9796981812, 34.7805938721, 39.5295753479, 67.0233459473, 61.9726448059, 44.6121444702, 48.5826644897, 40.1884078979, 31.2417812347, 23.7214927673, 23.7289409637, 15.2020521164, 14.9807653427, 15.855257988, 14.8192205429, 15.1039209366, 15.7666978836, 7.22423267365, 2.89074993134, 1.44551932812, 1.13482940197, 1.15124511719, 0.857551574707, 0.977321863174, 0.7437967062, 0.324585974216, 0.100193731487, 0.0394929051399, 0.0150273824111, 0.00279290229082, 0.000296553014778, 4.14119822381e-05], "max": [0.404907971621, 8.1075258255, 55.8332214355, 58.8754272461, 125.250663757, 249.098846436, 231.601699829, 558.381347656, 1041.69628906, 1003.80737305, 1498.08007812, 1329.4465332, 1046.03747559, 930.82824707, 1390.05944824, 1234.94213867, 562.386230469, 489.690856934, 564.750061035, 483.958068848, 652.454162598, 471.22668457, 362.383239746, 511.00881958, 490.844360352, 191.173538208, 159.493774414, 71.9099273682, 33.3946418762, 69.1402664185, 34.2918205261, 34.2042617798, 25.1377353668, 42.443359375, 5.68858289719, 1.44413423538, 0.738937497139, 0.224210336804, 0.10816346854, 0.00219983304851], "dmean2": [0.0307713970542, 0.911180853844, 3.383644104, 3.51653003693, 8.12715244293, 12.7659311295, 11.9509525299, 15.9855632782, 36.8417892456, 28.3906593323, 27.3964061737, 41.6984786987, 41.2117004395, 27.0077781677, 33.1945381165, 29.7404747009, 22.0626010895, 18.13920784, 19.1216812134, 11.1314849854, 9.16991233826, 10.8856019974, 9.73425006866, 8.65985965729, 11.2144622803, 5.52086544037, 2.52204990387, 1.25453162193, 0.914736688137, 1.0369989872, 0.788813650608, 0.861031293869, 0.64089345932, 0.3535374403, 0.104609742761, 0.0446834750473, 0.0200786106288, 0.0040359729901, 0.000549929449335, 2.83579611278e-05], "median": [0.0137623883784, 0.481447398663, 1.37497138977, 1.61470639706, 4.62556362152, 9.27518844604, 7.77447509766, 7.66266441345, 17.5572090149, 16.751871109, 17.0039482117, 25.2253074646, 25.3335876465, 18.158657074, 17.6594352722, 16.4033336639, 13.6810016632, 6.88232040405, 8.9070930481, 6.95059490204, 4.76098632812, 6.68150520325, 5.82050275803, 4.68609333038, 3.9530210495, 2.80495595932, 1.55053806305, 0.681324124336, 0.54902112484, 0.338454604149, 0.26564013958, 0.266613125801, 0.193802863359, 0.094858057797, 0.0392379015684, 0.0151679534465, 0.00473844632506, 0.000787287717685, 4.11139408243e-05, 3.32431773131e-05], "dvar": [0.00104752054904, 0.65596050024, 14.3371582031, 15.0214939117, 56.2445373535, 131.281417847, 155.397674561, 554.112670898, 2534.66137695, 1654.89855957, 1501.94897461, 2786.01416016, 2746.65625, 1245.71374512, 2435.18212891, 1902.5982666, 838.876708984, 817.822387695, 754.297058105, 250.754440308, 289.562561035, 225.843536377, 179.389816284, 192.541915894, 451.796508789, 80.9113693237, 25.2790718079, 6.46310091019, 3.25615763664, 7.01914262772, 3.19908356667, 2.9172668457, 1.22949504852, 0.916530370712, 0.027270520106, 0.0042096641846, 0.0012626524549, 5.83741311857e-05, 4.93740390084e-06, 4.11870670902e-09]}, "silence_rate_30dB": {"dvar2": 0.000885675952304, "var": 0.000147597427713, "min": 0, "dmean": 0.000295290112263, "mean": 0.999852359295, "max": 1, "dmean2": 0.000590667477809, "median": 1, "dvar": 0.000295208854368}, "melbands_spread": {"dvar2": 75.5520935059, "var": 247.573196411, "min": 2.11580371857, "dmean": 4.27895498276, "mean": 20.3013477325, "max": 157.919784546, "dmean2": 6.53948831558, "median": 17.5257835388, "dvar": 36.0920372009}, "melbands_crest": {"dvar2": 18.4762248993, "var": 21.2240428925, "min": 1.58621609211, "dmean": 2.83958172798, "mean": 11.9181604385, "max": 31.2833309174, "dmean2": 4.62824106216, "median": 10.9874305725, "dvar": 7.21904754639}, "zerocrossingrate": {"dvar2": 0.000168290163856, "var": 0.0026326274965, "min": 0.0048828125, "dmean": 0.00684812106192, "mean": 0.049370251596, "max": 0.53271484375, "dmean2": 0.00828347634524, "median": 0.041015625, "dvar": 0.000120073338621}, "barkbands_kurtosis": {"dvar2": 15.3871459961, "var": 15.5442695618, "min": -1.81383693218, "dmean": 1.62649941444, "mean": 2.69685792923, "max": 51.5766410828, "dmean2": 2.57745504379, "median": 1.66253209114, "dvar": 6.27672052383}, "spectral_flux": {"dvar2": 0.00118845293764, "var": 0.00161140831187, "min": 6.45615783057e-11, "dmean": 0.0224898960441, "mean": 0.0745437666774, "max": 0.243321821094, "dmean2": 0.0349269323051, "median": 0.0708220228553, "dvar": 0.000534687191248}, "barkbands_crest": {"dvar2": 10.0428495407, "var": 11.8640785217, "min": 2.73785638809, "dmean": 2.10439682007, "mean": 9.1112909317, "max": 24.7839813232, "dmean2": 3.41826915741, "median": 8.44732666016, "dvar": 3.98911523819}, "barkbands_flatness_db": {"dvar2": 0.000593584554736, "var": 0.00197454914451, "min": 0.0234203506261, "dmean": 0.0180381089449, "mean": 0.157084405422, "max": 0.377982676029, "dmean2": 0.0266130622476, "median": 0.152100086212, "dvar": 0.000275933532976}, "spectral_entropy": {"dvar2": 0.0470376089215, "var": 0.224542945623, "min": 5.42300987244, "dmean": 0.152854919434, "mean": 7.17016124725, "max": 9.82139873505, "dmean2": 0.223358497024, "median": 7.15700483322, "dvar": 0.0239413324744}, "pitch_salience": {"dvar2": 0.00721767125651, "var": 0.00894905161113, "min": 0.149141594768, "dmean": 0.0602474287152, "mean": 0.563786029816, "max": 0.880294680595, "dmean2": 0.0970081612468, "median": 0.568032443523, "dvar": 0.00283334776759}, "erbbands_spread": {"dvar2": 89.9369354248, "var": 218.682632446, "min": 4.67409086227, "dmean": 5.25569486618, "mean": 27.9468955994, "max": 130.819213867, "dmean2": 7.93252849579, "median": 25.164440155, "dvar": 44.159702301}, "dynamic_complexity": 3.71128511429, "spectral_contrast_valleys": {"dvar2": [0.36162725091, 0.249693959951, 0.202165648341, 0.159680590034, 0.153950363398, 0.224144637585], "var": [5.51229906082, 5.73671674728, 5.62185430527, 5.19581890106, 5.13997125626, 4.09587049484], "min": [-28.3071651459, -28.5812015533, -27.636384964, -27.6563243866, -27.5275993347, -27.3799972534], "dmean": [0.433372318745, 0.342566817999, 0.317891806364, 0.286152273417, 0.270390093327, 0.36269313097], "mean": [-7.58702325821, -6.9664516449, -7.6123342514, -8.42661190033, -8.45995998383, -11.0916118622], "max": [-5.38923025131, -4.69292736053, -5.18147993088, -6.17918777466, -6.25856924057, -8.24227714539], "dmean2": [0.707759082317, 0.5473741889, 0.498411893845, 0.438520014286, 0.397178411484, 0.47811371088], "median": [-7.14567184448, -6.5273065567, -7.17399597168, -8.05229949951, -8.08266735077, -10.7698612213], "dvar": [0.159770533442, 0.112772703171, 0.0976123213768, 0.0830699801445, 0.0846981853247, 0.128388613462]}, "hfc": {"dvar2": 58.9840202332, "var": 169.664810181, "min": 1.08194549143e-16, "dmean": 4.32705211639, "mean": 17.6372013092, "max": 74.3626251221, "dmean2": 6.3044128418, "median": 15.1167602539, "dvar": 28.8053855896}, "spectral_kurtosis": {"dvar2": 26.8500041962, "var": 54.0018806458, "min": -1.25623965263, "dmean": 2.35303759575, "mean": 7.92613935471, "max": 92.4188232422, "dmean2": 4.04436016083, "median": 6.68013763428, "dvar": 8.42795753479}, "mfcc": {"mean": [-665.900512695, 149.74269104, -4.44852304459, 13.4038209915, -1.38733947277, -6.85095310211, 5.34736680984, 3.83575439453, -4.65066957474, 2.49606347084, -3.25199460983, -0.880413770676, -2.30750513077], "cov": [[10425.3642578, 1480.74133301, -711.496704102, 62.2253303528, -24.0214920044, -377.335998535, 44.6125068665, 208.048599243, -59.3670730591, 241.049682617, 36.3272590637, -58.0026054382, -54.2848701477], [1480.74133301, 1300.96337891, -184.393066406, 10.3578615189, -59.4661140442, 14.3287916183, 113.753173828, 78.7199325562, 41.2761421204, 19.6510066986, 51.0397491455, 10.1759996414, -14.2612600327], [-711.496704102, -184.393066406, 505.264068604, 24.3799438477, 0.954656541348, 98.3696365356, 27.3565483093, -48.5444908142, 13.3763332367, -27.1533412933, -5.13363838196, 46.7099494934, 31.3552303314], [62.2253303528, 10.3578615189, 24.3799438477, 241.737075806, 67.51222229, -10.6320505142, -50.9223403931, -8.35664558411, -2.68624663353, 9.94215393066, -22.7779903412, 8.98923492432, 30.991191864], [-24.0214920044, -59.4661140442, 0.954656541348, 67.51222229, 229.691345215, -11.273273468, -51.1482582092, -26.7329425812, -6.52049922943, 24.7162189484, -11.5383348465, 11.6956605911, 9.35932159424], [-377.335998535, 14.3287916183, 98.3696365356, -10.6320505142, -11.273273468, 216.31048584, 40.039730072, -22.4159393311, 66.1318664551, -36.4166526794, 21.8449478149, 22.5633945465, -6.4591460228], [44.6125068665, 113.753173828, 27.3565483093, -50.9223403931, -51.1482582092, 40.039730072, 190.407241821, 52.7091026306, 13.7370290756, -10.1337499619, 31.8337612152, 8.88642120361, -0.970693767071], [208.048599243, 78.7199325562, -48.5444908142, -8.35664558411, -26.7329425812, -22.4159393311, 52.7091026306, 157.526611328, -7.45347213745, 15.572766304, 9.61190986633, -14.5608558655, 18.0219192505], [-59.3670730591, 41.2761421204, 13.3763332367, -2.68624663353, -6.52049922943, 66.1318664551, 13.7370290756, -7.45347213745, 166.619781494, -10.4111156464, -2.75670313835, 19.6523761749, -6.00394535065], [241.049682617, 19.6510066986, -27.1533412933, 9.94215393066, 24.7162189484, -36.4166526794, -10.1337499619, 15.572766304, -10.4111156464, 106.68914032, 23.8921432495, -6.44225072861, 2.84532141685], [36.3272590637, 51.0397491455, -5.13363838196, -22.7779903412, -11.5383348465, 21.8449478149, 31.8337612152, 9.61190986633, -2.75670313835, 23.8921432495, 107.152488708, 8.61049938202, -10.5738363266], [-58.0026054382, 10.1759996414, 46.7099494934, 8.98923492432, 11.6956605911, 22.5633945465, 8.88642120361, -14.5608558655, 19.6523761749, -6.44225072861, 8.61049938202, 85.4930877686, 22.3709659576], [-54.2848701477, -14.2612600327, 31.3552303314, 30.991191864, 9.35932159424, -6.4591460228, -0.970693767071, 18.0219192505, -6.00394535065, 2.84532141685, -10.5738363266, 22.3709659576, 86.9030532837]], "icov": [[0.000133038527565, -0.000133277644636, 9.22093531699e-05, -3.38269128406e-05, 1.23831732708e-05, 0.00015981978504, -7.32738453735e-06, -5.03324481542e-05, 2.92101526611e-06, -0.000205869480851, 4.80103262817e-05, -3.50529335265e-05, 8.27342955745e-05], [-0.000133277644636, 0.00104107242078, 0.000286329130176, -0.000234736755374, 0.000168399928953, -0.000241991059738, -0.000489353842568, -0.000139319032314, -0.000165502977325, 8.29101481941e-05, -0.000259505526628, -0.000225388343097, 6.75940464134e-05], [9.22093531699e-05, 0.000286329130176, 0.00261893635616, -0.000348135567037, 0.00017260973982, -0.00093959789956, -0.000627887784503, 0.000632067385595, 0.00028396374546, -0.00014472019393, 0.000271303288173, -0.000901047606021, -0.000653390132356], [-3.38269128406e-05, -0.000234736755374, -0.000348135567037, 0.00501149101183, -0.00119260384236, -5.11337493663e-05, 0.00114679744001, -0.000123718491523, -2.77540802927e-05, -0.000147440136061, 0.000607317721006, 2.82566034002e-05, -0.00148859212641], [1.23831732708e-05, 0.000168399928953, 0.00017260973982, -0.00119260384236, 0.00516393315047, -0.000155519242981, 0.000722444907296, 0.000536016712431, 0.000181010647793, -0.00127417186741, 0.000352707254933, -0.000811709905975, 3.36927987519e-05], [0.00015981978504, -0.000241991059738, -0.00093959789956, -5.11337493663e-05, -0.000155519242981, 0.00673007313162, -0.000861716165673, 0.000582097913139, -0.00226420164108, 0.00171766686253, -0.00155774503946, -0.000223658425966, 0.000459367700387], [-7.32738453735e-06, -0.000489353842568, -0.000627887784503, 0.00114679744001, 0.000722444907296, -0.000861716165673, 0.00726330094039, -0.0023649521172, -5.30278375663e-05, 0.00066806783434, -0.00133341667242, -0.000589677074458, 0.000126431972603], [-5.03324481542e-05, -0.000139319032314, 0.000632067385595, -0.000123718491523, 0.000536016712431, 0.000582097913139, -0.0023649521172, 0.00815522298217, -2.13161092688e-05, -0.000825797498692, -0.00018705475668, 0.00164511089679, -0.00239103008062], [2.92101526611e-06, -0.000165502977325, 0.00028396374546, -2.77540802927e-05, 0.000181010647793, -0.00226420164108, -5.30278375663e-05, -2.13161092688e-05, 0.00712866755202, -0.000366407766705, 0.00104218069464, -0.00151539291255, 0.000719557399862], [-0.000205869480851, 8.29101481941e-05, -0.00014472019393, -0.000147440136061, -0.00127417186741, 0.00171766686253, 0.00066806783434, -0.000825797498692, -0.000366407766705, 0.0116545995697, -0.0033628095407, 0.000919101701584, -0.000619254249614], [4.80103262817e-05, -0.000259505526628, 0.000271303288173, 0.000607317721006, 0.000352707254933, -0.00155774503946, -0.00133341667242, -0.00018705475668, 0.00104218069464, -0.0033628095407, 0.0114200366661, -0.00173040141817, 0.00156013900414], [-3.50529335265e-05, -0.000225388343097, -0.000901047606021, 2.82566034002e-05, -0.000811709905975, -0.000223658425966, -0.000589677074458, 0.00164511089679, -0.00151539291255, 0.000919101701584, -0.00173040141817, 0.0143554527313, -0.00406158529222], [8.27342955745e-05, 6.75940464134e-05, -0.000653390132356, -0.00148859212641, 3.36927987519e-05, 0.000459367700387, 0.000126431972603, -0.00239103008062, 0.000719557399862, -0.000619254249614, 0.00156013900414, -0.00406158529222, 0.0141695998609]]}, "silence_rate_20dB": {"dvar2": 0, "var": 0, "min": 1, "dmean": 0, "mean": 1, "max": 1, "dmean2": 0, "median": 1, "dvar": 0}, "melbands_kurtosis": {"dvar2": 52.2657966614, "var": 55.9184875488, "min": -1.59000122547, "dmean": 2.91578435898, "mean": 6.17287540436, "max": 90.3598632812, "dmean2": 4.6123008728, "median": 3.9081389904, "dvar": 21.0784797668}, "barkbands_spread": {"dvar2": 49.5725097656, "var": 83.8378982544, "min": 1.67702698708, "dmean": 3.49204206467, "mean": 16.367433548, "max": 88.2961425781, "dmean2": 5.28234100342, "median": 14.3492536545, "dvar": 24.713804245}, "erbbands_skewness": {"dvar2": 0.186250343919, "var": 0.44095286727, "min": -2.74351739883, "dmean": 0.303092241287, "mean": 0.548524975777, "max": 4.23624038696, "dmean2": 0.455780744553, "median": 0.55043888092, "dvar": 0.0820218026638}, "average_loudness": 0.883337318897, "spectral_centroid": {"dvar2": 120963.640625, "var": 1208435.25, "min": 269.15222168, "dmean": 169.766326904, "mean": 1130.11950684, "max": 11726.6982422, "dmean2": 254.727218628, "median": 928.600585938, "dvar": 62707.546875}, "dissonance": {"dvar2": 0.00117980246432, "var": 0.00132123893127, "min": 0.251380354166, "dmean": 0.0226806756109, "mean": 0.444656908512, "max": 0.499684453011, "dmean2": 0.038049466908, "median": 0.452787101269, "dvar": 0.000433536770288}, "erbbands_flatness_db": {"dvar2": 0.000542845285963, "var": 0.00176659424324, "min": 0.0371495485306, "dmean": 0.0176660120487, "mean": 0.181047558784, "max": 0.329760372639, "dmean2": 0.0251661129296, "median": 0.179836243391, "dvar": 0.000277299317531}, "spectral_strongpeak": {"dvar2": 1.89507460594, "var": 1.48944151402, "min": 0, "dmean": 0.58473443985, "mean": 1.11145937443, "max": 9.25913047791, "dmean2": 0.997169137001, "median": 0.584533989429, "dvar": 0.745977222919}, "spectral_rms": {"dvar2": 1.07482139811e-06, "var": 3.77498963644e-06, "min": 3.12324211632e-12, "dmean": 0.000678701035213, "mean": 0.00477031106129, "max": 0.0110227186233, "dmean2": 0.00101485906634, "median": 0.0049404958263, "dvar": 5.10553377353e-07}, "silence_rate_60dB": {"dvar2": 0.0251665003598, "var": 0.068988583982, "min": 0, "dmean": 0.0115163149312, "mean": 0.0745497494936, "max": 1, "dmean2": 0.0230360310525, "median": 0, "dvar": 0.0113828200847}, "melbands": {"dvar2": [7.66261109675e-07, 6.25788607067e-06, 1.30610317228e-06, 1.31731667352e-06, 3.96347644482e-07, 6.03134424182e-07, 1.4353380493e-06, 3.75347894987e-07, 2.07815062936e-07, 2.11993423704e-07, 1.69417333495e-07, 5.84656341118e-08, 4.89043969765e-08, 1.08565693324e-07, 1.75223391352e-08, 1.13233440402e-08, 6.81448808493e-09, 6.70222988219e-09, 1.48071777062e-09, 9.09634645385e-10, 1.10950715282e-09, 6.79377831769e-10, 4.31515712052e-10, 4.06000705278e-10, 3.31789262731e-10, 5.83370296514e-10, 4.31018970515e-10, 6.45317757564e-11, 3.80375522746e-11, 1.15424570943e-11, 4.75022408561e-12, 2.20835480978e-12, 3.96941117128e-12, 5.64233946024e-12, 2.69405569901e-12, 2.28674197633e-12, 2.76293571355e-12, 1.76522544412e-12, 1.13440441936e-12, 1.64046066228e-12], "var": [7.96417452875e-07, 3.9903097786e-06, 6.62923298478e-07, 1.53846735884e-06, 3.29668949917e-07, 6.63857690597e-07, 8.72601276569e-07, 3.30945226779e-07, 3.14776400501e-07, 3.67933324696e-07, 2.49506001637e-07, 1.11001433822e-07, 8.7005112448e-08, 1.25556283592e-07, 1.77758998632e-08, 1.12079385772e-08, 7.30150473416e-09, 6.16289819177e-09, 1.8967718507e-09, 9.48616185603e-10, 2.3276989225e-09, 8.40744363018e-10, 5.43175504575e-10, 4.93789231726e-10, 7.35652982975e-10, 9.02806496228e-10, 5.54033541267e-10, 5.01636406025e-11, 2.12143427825e-11, 6.864440006e-12, 2.9355272553e-12, 1.70097302129e-12, 3.19535435438e-12, 4.30001650606e-12, 2.02851624387e-12, 2.19242115782e-12, 2.81038799003e-12, 2.19713310046e-12, 8.58177461385e-13, 1.04734255123e-12], "min": [1.23840275839e-24, 8.61474368255e-25, 6.51834582693e-25, 1.21723929663e-24, 1.90246507955e-24, 2.96190527526e-24, 2.87396365319e-24, 8.55039925674e-25, 1.31564003101e-24, 2.45956772271e-24, 1.21838570874e-24, 1.65588707931e-24, 3.017309146e-24, 2.53673784355e-24, 2.69231107482e-24, 3.37014434358e-24, 3.33538910425e-24, 1.49616483411e-24, 2.62385648648e-24, 4.0150523331e-24, 4.24900441733e-24, 4.59504890303e-24, 3.87428010456e-24, 3.77851791269e-24, 2.28744635902e-24, 4.58872854945e-24, 4.55363252221e-24, 5.67375584306e-24, 5.32235459738e-24, 5.59626643077e-24, 5.22073077456e-24, 5.72676966247e-24, 5.74348799164e-24, 5.61589526224e-24, 6.09642672721e-24, 4.94962452498e-24, 6.59792611505e-24, 6.16260387412e-24, 6.56745715144e-24, 7.09738787516e-24], "dmean": [0.000354484713171, 0.000946564832702, 0.000420550815761, 0.000493285711855, 0.000250036799116, 0.000222714763368, 0.000347324297763, 0.000188452555449, 0.000159311297466, 0.000176660047146, 0.000140815405757, 8.29582422739e-05, 6.67256317683e-05, 8.68113856995e-05, 3.55035372195e-05, 3.10155191983e-05, 2.16092630581e-05, 2.20073034143e-05, 1.13664100354e-05, 8.43741145218e-06, 7.7081958807e-06, 8.17515683593e-06, 7.24037590771e-06, 5.84084000366e-06, 5.03233604832e-06, 6.04249635217e-06, 4.94195364809e-06, 2.03569811674e-06, 1.18268042115e-06, 6.74528280342e-07, 4.24867380389e-07, 3.50510333647e-07, 3.97546074282e-07, 4.09971079307e-07, 3.13809977115e-07, 3.22236076045e-07, 3.93131443843e-07, 3.54382308387e-07, 2.20753364033e-07, 1.90987748283e-07], "mean": [0.000720976560842, 0.00152922375128, 0.00063527317252, 0.00096252001822, 0.00049274880439, 0.000423480494646, 0.000579773681238, 0.000359634810593, 0.000356801785529, 0.000406023842515, 0.000312078773277, 0.000195560991415, 0.000146152364323, 0.000160937808687, 7.30353349354e-05, 6.04325177846e-05, 4.01758770749e-05, 3.9236892917e-05, 2.24218947551e-05, 1.73185053427e-05, 1.70423390955e-05, 1.62258074852e-05, 1.4803808881e-05, 1.23148356579e-05, 1.21408329505e-05, 1.23232412079e-05, 9.46239833866e-06, 3.51567723555e-06, 1.92491347661e-06, 1.17598835914e-06, 6.78484127548e-07, 6.24529036486e-07, 6.39091240373e-07, 6.36149934508e-07, 4.82511666178e-07, 4.92581023082e-07, 6.50197364394e-07, 6.07056108493e-07, 3.24433443666e-07, 2.50029671633e-07], "max": [0.00527507998049, 0.0229727234691, 0.0125266928226, 0.0181556213647, 0.008480633609, 0.011389432475, 0.0154764922336, 0.0091645186767, 0.0106763029471, 0.00715254619718, 0.00512019824237, 0.00392052531242, 0.00447425153106, 0.00590750947595, 0.00254125776701, 0.00143611303065, 0.000869841605891, 0.00114736554679, 0.000853423494846, 0.000385538878618, 0.000883404049091, 0.000521410780493, 0.000271101191174, 0.000272802019026, 0.000471516657853, 0.000556614715606, 0.000371545815142, 0.000150082531036, 0.000155224319315, 7.30449974071e-05, 5.27418342244e-05, 2.11402657442e-05, 4.09624844906e-05, 3.37356577802e-05, 2.44757738983e-05, 2.1167928935e-05, 2.32373149629e-05, 1.88681387954e-05, 1.6749225324e-05, 3.98638476327e-05], "dmean2": [0.00058231910225, 0.00158082752023, 0.000685265928041, 0.000805858580861, 0.000409941829275, 0.000356315867975, 0.000553685124032, 0.000287331524305, 0.000238829336013, 0.00026137259556, 0.000214435000089, 0.000124812722788, 9.88736210275e-05, 0.000132784203743, 5.32404228579e-05, 4.74078988191e-05, 3.33800489898e-05, 3.44366962963e-05, 1.732669989e-05, 1.29748605104e-05, 1.14691001727e-05, 1.24606121972e-05, 1.0939646927e-05, 9.06533296074e-06, 7.55958399168e-06, 9.00288159755e-06, 7.33568322175e-06, 3.16591399496e-06, 1.87679222563e-06, 1.04845594251e-06, 6.47989281788e-07, 5.23468656866e-07, 5.90391152855e-07, 6.18335832314e-07, 4.76145999073e-07, 4.97246105624e-07, 5.88678460645e-07, 5.32550529897e-07, 3.38439178904e-07, 2.95907625514e-07], "median": [0.000293951597996, 0.000815884675831, 0.000355555705028, 0.000570616568439, 0.000320566177834, 0.000177998008439, 0.000281399523374, 0.000164812459843, 0.0001523806568, 0.000150582491187, 0.000116729526781, 7.10208696546e-05, 5.16828658874e-05, 4.55839544884e-05, 3.13502532663e-05, 2.12913473661e-05, 9.09722621145e-06, 1.33245748657e-05, 9.13485746423e-06, 7.29700559532e-06, 4.49924300483e-06, 6.24325048193e-06, 6.07175206824e-06, 3.56168220605e-06, 3.47354944097e-06, 3.01783620671e-06, 2.27383611673e-06, 1.38658288051e-06, 9.10151641165e-07, 5.33056095264e-07, 2.89226363748e-07, 2.98976942759e-07, 2.25865903758e-07, 1.62459230069e-07, 1.38053962928e-07, 1.48059143612e-07, 1.53196808128e-07, 1.37588386906e-07, 8.92854359336e-08, 6.67852759761e-08], "dvar": [2.99892604971e-07, 2.48112314694e-06, 5.09222559231e-07, 5.06524145294e-07, 1.56732767209e-07, 2.51380356531e-07, 5.48423201963e-07, 1.55183485617e-07, 9.32857489033e-08, 9.98056677304e-08, 7.2069333612e-08, 2.65731792126e-08, 2.33220109891e-08, 4.53901556341e-08, 7.44784411921e-09, 5.0029100862e-09, 2.81743051112e-09, 2.77371570157e-09, 7.1330469309e-10, 3.68657326888e-10, 5.09230047019e-10, 3.14052284178e-10, 2.00652758298e-10, 1.73211861521e-10, 1.63492636096e-10, 3.02461333757e-10, 2.13267126181e-10, 2.77596261949e-11, 1.57241129839e-11, 4.78749288477e-12, 2.13820324294e-12, 1.05134293198e-12, 1.90726687915e-12, 2.62210392288e-12, 1.21332815756e-12, 1.07876565753e-12, 1.33442215611e-12, 8.44029924077e-13, 5.08252402838e-13, 6.98723847878e-13]}, "spectral_skewness": {"dvar2": 0.149668812752, "var": 0.522261083126, "min": -0.0822339579463, "dmean": 0.252995043993, "mean": 2.03238725662, "max": 7.89145374298, "dmean2": 0.414502412081, "median": 1.98510670662, "dvar": 0.0560824498534}, "melbands_flatness_db": {"dvar2": 0.00082970072981, "var": 0.00357951456681, "min": 0.00307925906964, "dmean": 0.0201372914016, "mean": 0.219322144985, "max": 0.498258292675, "dmean2": 0.0302539132535, "median": 0.21485312283, "dvar": 0.000392815534724}, "spectral_decrease": {"dvar2": 1.12899425081e-17, "var": 2.05527763547e-17, "min": -3.15194128575e-08, "dmean": 1.8910262245e-09, "mean": -6.78135680943e-09, "max