{"tonal": {"thpcp": [1, 0.547241926193, 0.21035297215, 0.478767067194, 0.565462470055, 0.326917558908, 0.181914389133, 0.18144570291, 0.263546645641, 0.483820527792, 0.547578155994, 0.409453988075, 0.409092575312, 0.354884535074, 0.199555575848, 0.179903715849, 0.18792617321, 0.214218735695, 0.465313702822, 0.572087526321, 0.344166219234, 0.190679877996, 0.157573729753, 0.222184792161, 0.484555482864, 0.562814116478, 0.313421607018, 0.14971357584, 0.12905561924, 0.17862612009, 0.288708299398, 0.309553235769, 0.291901916265, 0.443125069141, 0.483037263155, 0.71772390604], "hpcp": {"dmean2": [0.240478977561, 0.199330121279, 0.151631876826, 0.143935874104, 0.145869836211, 0.16010004282, 0.231097638607, 0.260716080666, 0.211897924542, 0.166697517037, 0.143208399415, 0.161648675799, 0.21591822803, 0.2347137779, 0.181997478008, 0.118256896734, 0.106544047594, 0.142588227987, 0.181566700339, 0.192389562726, 0.20854267478, 0.244453191757, 0.230626672506, 0.289465487003, 0.400404423475, 0.249936714768, 0.180052369833, 0.242993593216, 0.246920272708, 0.217271313071, 0.177485480905, 0.18524736166, 0.224299550056, 0.272391736507, 0.269562184811, 0.273704499006], "median": [0.0465185120702, 0.0316604524851, 0.0240538176149, 0.0212456360459, 0.021320361644, 0.0330889448524, 0.0891470089555, 0.112636998296, 0.0584078356624, 0.0202076155692, 0.0170242134482, 0.0305316057056, 0.0861939638853, 0.11172196269, 0.059227026999, 0.0219613201916, 0.0185790173709, 0.0276775509119, 0.0564251616597, 0.0599270239472, 0.0500713735819, 0.0715772882104, 0.0808365941048, 0.260878026485, 0.259772658348, 0.154385775328, 0.0207274220884, 0.0555257089436, 0.0779370218515, 0.0407528579235, 0.0130649562925, 0.0134166702628, 0.0335911661386, 0.0795036405325, 0.10075892508, 0.0852869972587], "min": [0, 0, 0, 0, 0, 0, 0, 0, 0, 0, 0, 0, 0, 0, 0, 0, 0, 0, 0, 0, 0, 0, 0, 0, 0, 0, 0, 0, 0, 0, 0, 0, 0, 0, 0, 0], "dvar2": [0.116245150566, 0.100173860788, 0.0710545778275, 0.0718076527119, 0.0688296183944, 0.0618950426579, 0.0915117710829, 0.104070745409, 0.0821477845311, 0.0779196619987, 0.0669149532914, 0.0656986534595, 0.0757174342871, 0.0855041518807, 0.0644547641277, 0.0431117042899, 0.0390910618007, 0.063300319016, 0.0762797668576, 0.072567589581, 0.0864081084728, 0.10967348516, 0.095579713583, 0.0881758928299, 0.194381326437, 0.0858140662313, 0.0853980109096, 0.110321141779, 0.105432957411, 0.102465510368, 0.0986521989107, 0.110969491303, 0.116548851132, 0.125400096178, 0.111375801265, 0.113647200167], "dvar": [0.0438456386328, 0.0383608080447, 0.0261571910232, 0.0258423946798, 0.0248296782374, 0.0226610042155, 0.036331936717, 0.0425113961101, 0.0312267746776, 0.0288567133248, 0.0241209752858, 0.0243151020259, 0.0314367264509, 0.0351423099637, 0.0246329326183, 0.0159972030669, 0.0142492633313, 0.0228512957692, 0.0284970216453, 0.028081106022, 0.0317505076528, 0.0412243306637, 0.0372601263225, 0.0368560925126, 0.0898257121444, 0.0348093807697, 0.0305810626596, 0.0437728650868, 0.0454530827701, 0.0397749394178, 0.036997128278, 0.039887432009, 0.042195726186, 0.0483914949, 0.0449019186199, 0.0418746359646], "dmean": [0.136704057455, 0.113684244454, 0.0861832275987, 0.0824946239591, 0.0836193189025, 0.0905279070139, 0.138058125973, 0.156420513988, 0.123096652329, 0.0933670550585, 0.0797420665622, 0.09320320189, 0.129422575235, 0.141036510468, 0.106327861547, 0.0671758428216, 0.0600664652884, 0.0799326077104, 0.105157628655, 0.112098284066, 0.119336150587, 0.143656417727, 0.139265879989, 0.169878944755, 0.229634046555, 0.143137097359, 0.101152360439, 0.143964901567, 0.147963255644, 0.125778704882, 0.0973232761025, 0.10077303648, 0.125169277191, 0.158536031842, 0.158581689, 0.155851900578], "max": [1, 1, 1, 1, 1, 1, 1, 1, 1, 1, 1, 1, 1, 1, 1, 1, 1, 1, 1, 1, 1, 1, 1, 1, 1, 1, 1, 1, 1, 1, 1, 1, 1, 1, 1, 1], "var": [0.0703089088202, 0.0649825483561, 0.0249152462929, 0.0220535639673, 0.0226180963218, 0.0219617001712, 0.0619982518256, 0.0829755365849, 0.0437979735434, 0.0250729434192, 0.0186081435531, 0.0256895981729, 0.0704407542944, 0.0835515111685, 0.0331245251, 0.0137153109536, 0.0114558208734, 0.018893616274, 0.0320942550898, 0.0349382124841, 0.0350322313607, 0.0654006674886, 0.072720579803, 0.0638236701488, 0.167109385133, 0.0503942742944, 0.0276111718267, 0.0802410691977, 0.101061560214, 0.0480552092195, 0.029628187418, 0.029299641028, 0.0361947752535, 0.0728102847934, 0.0831051170826, 0.0490842238069], "mean": [0.17306253314, 0.150130361319, 0.0844199955463, 0.0761064738035, 0.0795002952218, 0.0906231030822, 0.196846321225, 0.24201592803, 0.145596086979, 0.0806652233005, 0.0666599944234, 0.0939930602908, 0.204986363649, 0.238092899323, 0.132589891553, 0.0633348375559, 0.0545956902206, 0.0755660012364, 0.122135169804, 0.130953416228, 0.123486191034, 0.187459647655, 0.2043440938, 0.303625941277, 0.423040032387, 0.23150524497, 0.0889877304435, 0.202537640929, 0.239213272929, 0.13829921186, 0.0769570693374, 0.0767587944865, 0.111490778625, 0.204675450921, 0.231647476554, 0.173215433955]}, "tuning_equal_tempered_deviation": 0.166554018855, "chords_changes_rate": 0.05930871889, "key_key": "E", "tuning_diatonic_strength": 0.456294506788, "key_scale": "major", "chords_number_rate": 0.0015710919397, "tuning_frequency": 434.193115234, "tuning_nontempered_energy_ratio": 0.864210903645, "chords_histogram": [9.01414012909, 2.25844454765, 14.3754911423, 0, 3.90809106827, 0.176747843623, 23.3896312714, 0.216025143862, 0, 0, 0, 0, 0, 0.0981932431459, 0, 0.157109186053, 0, 0.196386486292, 0, 0.0392772965133, 0.0196386482567, 3.57423400879, 9.56402206421, 33.0125694275], "key_strength": 0.487711280584, "chords_key": "C#", "chords_strength": {"dmean2": 0.0114510282874, "median": 0.490909159184, "min": -1, "dvar2": 0.00075747014489, "dvar": 0.000410051608924, "dmean": 0.01124979835, "max": 0.808334946632, "var": 0.0194305963814, "mean": 0.489936113358}, "chords_scale": "minor", "hpcp_entropy": {"dmean2": 1.04253232479, "median": 2.27375268936, "min": 0, "dvar2": 0.69962978363, "dvar": 0.261821568012, "dmean": 0.619905054569, "max": 4.31893968582, "var": 0.549909770489, "mean": 2.25129723549}}, "metadata": {"audio_properties": {"equal_loudness": 0, "codec": "flac", "downmix": "mix", "sample_rate": 44100, "analysis_sample_rate": 44100, "bit_rate": 0, "md5_encoded": "f236d05b5c544140a8631de1f5415a42", "length": 236.399993896, "replay_gain": -13.2477207184, "lossless": true}, "version": {"essentia_build_sha": "70f2e5ece6736b2c40cc944ad0e695b16b925413", "essentia": "2.1-beta2", "extractor": "music 1.0", "essentia_git_sha": "v2.1_beta2"}, "tags": {"title": ["Irresistible Romance"], "language": ["eng"], "media": ["CD"], "albumartist": ["Various Artists"], "tracktotal": ["18"], "musicbrainz_releasegroupid": ["78159b25-e47e-45e7-8a61-791a22485989"], "releasetype": ["album", "compilation"], "musicbrainz_recordingid": ["1afdb61f-e865-4f1f-8feb-12fbdb4c731b"], "musicbrainz_discid": ["Mt7ni9BrGH1lpxNjYS9SEauW8tE-"], "musicbrainz_albumartistid": ["89ad4ac3-39f7-470e-963a-56509c546377"], "musicbrainz_releasetrackid": ["f74d3107-1026-3970-a321-ff70ba4957e3"], "discnumber": ["1"], "totaldiscs": ["1"], "catalognumber": ["GRILLCD 022P"], "releasecountry": ["GB"], "file_name": "1-14 Irresistible Romance.flac", "compilation": ["1"], "originaldate": ["2003"], "date": ["2003"], "genre": ["Indie Rock"], "musicbrainz_albumid": ["eef3248e-1c54-4c28-be65-9f672e929e2a"], "disctotal": ["1"], "musicbrainz_artistid": ["fa3b535a-9da9-4d85-9a16-91811ad61ad2"], "asin": ["B00008MJ83"], "grouping": ["Rock"], "artist": ["Jackie Leven"], "tracknumber": ["14"], "artistsort": ["Leven, Jackie"], "album": ["Cooking Vinyl Delicatessen 5"], "label": ["Cooking Vinyl"], "albumartistsort": ["Various Artists"], "acoustid_id": ["c9ac3560-6e49-4500-b846-8686c67309e4"], "script": ["Latn"], "releasestatus": ["promotion"]}}, "rhythm": {"bpm_histogram_first_peak_bpm": {"dmean2": 0, "median": 115, "min": 115, "dvar2": 0, "dvar": 0, "dmean": 0, "max": 115, "var": 0, "mean": 115}, "bpm": 115.554748535, "bpm_histogram_second_peak_spread": {"dmean2": 0, "median": 0, "min": 0, "dvar2": 0, "dvar": 0, "dmean": 0, "max": 0, "var": 0, "mean": 0}, "bpm_histogram_first_peak_weight": {"dmean2": 0, "median": 0.618101537228, "min": 0.618101537228, "dvar2": 0, "dvar": 0, "dmean": 0, "max": 0.618101537228, "var": 0, "mean": 0.618101537228}, "onset_rate": 4.01837491989, "beats_position": [0.476009070873, 0.96362811327, 1.45124709606, 1.9620860815, 2.46131515503, 2.97215414047, 3.49460315704, 4.01705217361, 4.52789115906, 5.05034017563, 5.5727891922, 6.08362817764, 6.60607719421, 7.12852573395, 7.63936471939, 8.15020370483, 8.66104316711, 9.18349170685, 9.70594120026, 10.2399997711, 10.7624483109, 11.2848978043, 11.7957363129, 12.3065757751, 12.8174142838, 13.3398637772, 13.8623123169, 14.3731517792, 14.8956003189, 15.4180498123, 15.9404983521, 16.4629478455, 16.9737873077, 17.4962348938, 18.0186843872, 18.5411338806, 19.0635814667, 19.574420929, 20.0852603912, 20.6077098846, 21.1301574707, 21.6526069641, 22.1750564575, 22.6858959198, 23.2083435059, 23.7307929993, 24.2416324615, 24.7524719238, 25.2749195099, 25.7973690033, 26.3082084656, 26.830657959, 27.353105545, 27.8755550385, 28.3980045319, 28.9204521179, 29.4429016113, 29.9653511047, 30.4878005981, 31.0102481842, 31.5326976776, 32.0435371399, 32.5543746948, 33.0768241882, 33.5992736816, 34.1101112366, 34.63256073, 35.1550102234, 35.6658477783, 36.1882972717, 36.7107467651, 37.2331962585, 37.7440338135, 38.2664833069, 38.7889328003, 39.3229942322, 39.8454399109, 40.3678894043, 40.8903388977, 41.4011802673, 41.9120178223, 42.4344673157, 42.9453048706, 43.467754364, 43.9902038574, 44.5126533508, 45.0351028442, 45.5575485229, 46.0683898926, 46.590839386, 47.1132888794, 47.6357345581, 48.1581840515, 48.6806335449, 49.2030830383, 49.7139205933, 50.2363700867, 50.7588195801, 51.2928771973, 51.8153266907, 52.3377761841, 52.8486175537, 53.3594551086, 53.8702926636, 54.3811340332, 54.8919715881, 55.4144210815, 55.936870575, 56.4477081299, 56.9701576233, 57.4926071167, 58.0266647339, 58.5375061035, 59.0599517822, 59.5707931519, 60.0932426453, 60.6040802002, 61.1265296936, 61.648979187, 62.1714286804, 62.6938781738, 63.2163238525, 63.7387733459, 64.2612228394, 64.7836685181, 65.2945098877, 65.8053512573, 66.327796936, 66.8502502441, 67.3726959229, 67.895149231, 68.4292068481, 68.9400405884, 69.450881958, 69.9733352661, 70.4957809448, 71.0182266235, 71.5406799316, 72.0631256104, 72.5855789185, 73.1080245972, 73.6304779053, 74.1413116455, 74.6637649536, 75.1862106323, 75.697052002, 76.2078933716, 76.7187271118, 77.252784729, 77.7752380371, 78.2976837158, 78.8085250854, 79.3309707642, 79.8534240723, 80.3642578125, 80.8983230591, 81.4091567993, 81.9316101074, 82.4540557861, 82.9765090942, 83.4989547729, 84.0214080811, 84.5438537598, 85.0546951294, 85.5655288696, 86.0763702393, 86.598815918, 87.1212692261, 87.6437149048, 88.1545562744, 88.6770019531, 89.1994552612, 89.7219009399, 90.2327423096, 90.7551879883, 91.2776412964, 91.8000869751, 92.3225402832, 92.8449859619, 93.36743927, 93.8898849487, 94.4007263184, 94.9231719971, 95.4340133667, 95.9448471069, 96.4556884766, 96.9665298462, 97.4773712158, 97.9882049561, 98.4990463257, 99.0447158813, 99.5787734985, 100.101219177, 100.623672485, 101.146118164, 101.668571472, 102.191017151, 102.701858521, 103.21269989, 103.735145569, 104.257591248, 104.780044556, 105.302490234, 105.813331604, 106.324172974, 106.846618652, 107.357460022, 107.879905701, 108.402359009, 108.924804688, 109.447257996, 109.969703674, 110.480545044, 111.002990723, 111.525436401, 112.047889709, 112.558731079, 113.081176758, 113.603622437, 114.126075745, 114.636917114, 115.147750854, 115.670204163, 116.192649841, 116.726707458, 117.260765076, 117.771606445, 118.282447815, 118.793289185, 119.315734863, 119.838180542, 120.349021912, 120.859863281, 121.370697021, 121.89315033, 122.415596008, 122.926437378, 123.448883057, 123.971336365, 124.493782043, 125.016235352, 125.53868103, 126.061134338, 126.571968079, 127.094421387, 127.616867065, 128.127700806, 128.650161743, 129.172607422, 129.695053101, 130.217498779, 130.739959717, 131.262405396, 131.784851074, 132.307296753, 132.818145752, 133.340591431, 133.863037109, 134.37387085, 134.896316528, 135.407165527, 135.929611206, 136.440444946, 136.962905884, 137.485351562, 137.996185303, 138.518630981, 139.041091919, 139.551925659, 140.074371338, 140.596817017, 141.119277954, 141.641723633, 142.17578125, 142.698226929, 143.220672607, 143.731521606, 144.253967285, 144.764801025, 145.287246704, 145.798095703, 146.33215332, 146.854598999, 147.377044678, 147.887893677, 148.410339355, 148.921173096, 149.432022095, 149.942855835, 150.465301514, 150.976135254, 151.51020813, 152.032653809, 152.555099487, 153.077545166, 153.599990845, 154.110839844, 154.644897461, 155.16734314, 155.689788818, 156.212234497, 156.734695435, 157.257141113, 157.767974854, 158.290420532, 158.801269531, 159.32371521, 159.846160889, 160.357009888, 160.867843628, 161.390289307, 161.912734985, 162.423583984, 162.946029663, 163.468475342, 163.990921021, 164.513381958, 165.047439575, 165.558273315, 166.069107056, 166.579956055, 167.102401733, 167.613235474, 168.135681152, 168.65814209, 169.180587769, 169.714645386, 170.237091064, 170.759536743, 171.281997681, 171.804443359, 172.3152771, 172.826126099, 173.336959839, 173.859405518, 174.381851196, 174.904312134, 175.426757812, 175.949203491, 176.47164917, 176.982498169, 177.493331909, 178.015777588, 178.538223267, 179.060684204, 179.583129883, 180.105575562, 180.62802124, 181.138870239, 181.661315918, 182.183761597, 182.694595337, 183.205444336, 183.716278076, 184.250335693, 184.772781372, 185.283630371, 185.80607605, 186.328521729, 186.850967407, 187.373413086, 187.895874023, 188.429931641, 188.940765381, 189.474822998, 189.985671997, 190.496505737, 191.007339478, 191.529785156, 192.052246094, 192.574691772, 193.085525513, 193.607971191, 194.11882019, 194.641265869, 195.152099609, 195.686157227, 196.208618164, 196.731063843, 197.253509521, 197.764343262, 198.275192261, 198.797637939, 199.320083618, 199.842529297, 200.364990234, 200.875823975, 201.398269653, 201.909118652, 202.431564331, 202.942398071, 203.46484375, 203.975692749, 204.498138428, 205.020584106, 205.543029785, 206.065490723, 206.59954834, 207.121994019, 207.632827759, 208.155273438, 208.677734375, 209.200180054, 209.722625732, 210.233459473, 210.75592041, 211.26675415, 211.789199829, 212.311645508, 212.834106445, 213.356552124, 213.878997803, 214.389831543, 214.900680542, 215.423126221, 215.945571899, 216.468017578, 216.990478516, 217.501312256, 218.012145996, 218.522994995, 219.045440674, 219.567886353, 220.090332031, 220.61277771, 221.123626709, 221.634460449, 222.156906128, 222.679367065, 223.190200806, 223.701034546, 224.223495483, 224.745941162, 225.279998779, 225.79083252, 226.313278198, 226.824127197, 227.346572876, 227.869018555, 228.391464233, 228.902313232, 229.424758911, 229.94720459, 230.45803833, 230.980499268, 231.502944946, 232.013778687, 232.536224365, 233.047073364, 233.569519043, 234.091964722, 234.602813721, 235.183303833, 235.763809204], "beats_loudness": {"dmean2": 0.0304566323757, "median": 0.0408942066133, "min": 0, "dvar2": 0.000502380891703, "dvar": 0.000153721179231, "dmean": 0.0165889896452, "max": 0.0902356654406, "var": 0.000247507734457, "mean": 0.0410559140146}, "danceability": 1.19362056255, "bpm_histogram_second_peak_weight": {"dmean2": 0, "median": 0.00441501103342, "min": 0.00441501103342, "dvar2": 0, "dvar": 0, "dmean": 0, "max": 0.00441501103342, "var": 0, "mean": 0.00441501103342}, "beats_count": 454, "bpm_histogram_second_peak_bpm": {"dmean2": 0, "median": 103, "min": 103, "dvar2": 0, "dvar": 0, "dmean": 0, "max": 103, "var": 0, "mean": 103}, "bpm_histogram_first_peak_spread": {"dmean2": 0, "median": 0.373601853848, "min": 0.373601853848, "dvar2": 0, "dvar": 0, "dmean": 0, "max": 0.373601853848, "var": 0, "mean": 0.373601853848}, "beats_loudness_band_ratio": {"dmean2": [0.527687013149, 0.308167725801, 0.21610674262, 0.103519827127, 0.0831485167146, 0.231315106153], "median": [0.446155488491, 0.199124366045, 0.124949336052, 0.0391824841499, 0.0478591173887, 0.110393837094], "min": [0, 0, 0, 0, 0, 0], "dvar2": [0.0797840878367, 0.0353829748929, 0.0261040106416, 0.0125434231013, 0.00501619884744, 0.0287864077836], "dvar": [0.0255786478519, 0.010906917043, 0.00850969087332, 0.00464415783063, 0.00172691361513, 0.00909847021103], "dmean": [0.274730235338, 0.160624086857, 0.119402267039, 0.0573377721012, 0.0479283221066, 0.119087353349], "max": [0.91785389185, 0.690561592579, 0.628086030483, 0.446297943592, 0.285958260298, 0.790727496147], "var": [0.0417564250529, 0.0141979707405, 0.0113353999332, 0.00405151769519, 0.00227188295685, 0.00903715565801], "mean": [0.46845638752, 0.208761274815, 0.144497200847, 0.0600650086999, 0.0602376908064, 0.129793867469]}}, "lowlevel": {"barkbands_spread": {"dmean2": 12.8032016754, "median": 26.8889980316, "min": 2.17499375343, "dvar2": 231.546936035, "dvar": 103.959091187, "dmean": 8.44064807892, "max": 123.821105957, "var": 356.514434814, "mean": 30.5450401306}, "melbands_spread": {"dmean2": 15.7845544815, "median": 22.243642807, "min": 1.43750560284, "dvar2": 514.520996094, "dvar": 257.984222412, "dmean": 10.4585504532, "max": 261.795623779, "var": 909.41003418, "mean": 30.4860019684}, "hfc": {"dmean2": 17.3012714386, "median": 24.6849193573, "min": 1.06797116833e-16, "dvar2": 878.59185791, "dvar": 457.661071777, "dmean": 12.3115158081, "max": 480.099639893, "var": 1406.98510742, "mean": 33.6660041809}, "barkbands_kurtosis": {"dmean2": 4.335313797, "median": 1.68053174019, "min": -1.93478953838, "dvar2": 42.4822120667, "dvar": 16.3222923279, "dmean": 2.7256052494, "max": 76.9836578369, "var": 43.1312904358, "mean": 3.90677666664}, "gfcc": {"mean": [14.613527298, 84.127243042, -107.760444641, 53.6354179382, -71.1971359253, 18.8732719421, -41.5269927979, 8.6037979126, -20.5327548981, 2.71339249611, -13.1848640442, -2.2639029026, -3.19849777222], "icov": [[0.00012700802472, -0.000174960383447, 0.000156124035129, -0.000276909820968, 0.00035288836807, -0.000278195220744, 0.00021826903685, -0.000241229950916, 9.02980464161e-05, -0.000254057638813, 0.000421794742579, -0.000403051439207, 0.000512228987645], [-0.000174960383447, 0.00145979842637, 0.000189623562619, 0.000719006173313, -0.00138283171691, 0.000407829560572, -0.00067850004416, 0.000487721146783, -0.000357904675184, 0.000999408657663, -0.00127147836611, 0.00146591383964, -0.0015193480067], [0.000156124035129, 0.000189623562619, 0.00216584699228, -0.000110479246359, -0.000458905647974, -0.00133245147299, -0.000268500909442, -2.51968776865e-05, -0.000359530822607, -0.000151033818838, 0.00153520714957, -0.00167763303034, 0.00145229627378], [-0.000276909820968, 0.000719006173313, -0.000110479246359, 0.00350492796861, -0.00113848631736, -0.000239861139562, -0.000120124917885, 0.000511233578436, -0.000690275279339, 0.0015328816371, -0.00159684580285, 0.0013871579431, -0.0023180176504], [0.00035288836807, -0.00138283171691, -0.000458905647974, -0.00113848631736, 0.00471462309361, -4.43034114141e-05, -0.00021616750746, -0.000570963369682, -0.000852049153764, -0.00197060941719, 0.00215220847167, -0.00279423431493, 0.00180039100815], [-0.000278195220744, 0.000407829560572, -0.00133245147299, -0.000239861139562, -4.43034114141e-05, 0.00765956519172, -0.00203789048828, 6.05242821621e-05, 0.000634822179563, -0.000336702301865, -0.00136384251527, 0.00215890281834, -0.00150005938485], [0.00021826903685, -0.00067850004416, -0.000268500909442, -0.000120124917885, -0.00021616750746, -0.00203789048828, 0.00627858797088, -0.00210954039358, 0.000857328006532, 0.000919589190744, -0.00154146866407, -0.000673206406645, 0.00186488649342], [-0.000241229950916, 0.000487721146783, -2.51968776865e-05, 0.000511233578436, -0.000570963369682, 6.05242821621e-05, -0.00210954039358, 0.0107143763453, -0.00121834001038, -0.00265561463311, 0.00112058816012, -0.000612084986642, -0.00161037687212], [9.02980464161e-05, -0.000357904675184, -0.000359530822607, -0.000690275279339, -0.000852049153764, 0.000634822179563, 0.000857328006532, -0.00121834001038, 0.0102403210476, -0.00147011212539, -0.00207290379331, 0.00274692266248, -0.00180496962275], [-0.000254057638813, 0.000999408657663, -0.000151033818838, 0.0015328816371, -0.00197060941719, -0.000336702301865, 0.000919589190744, -0.00265561463311, -0.00147011212539, 0.00957643985748, -0.0015839971602, 0.000491368176881, 0.00148213200737], [0.000421794742579, -0.00127147836611, 0.00153520714957, -0.00159684580285, 0.00215220847167, -0.00136384251527, -0.00154146866407, 0.00112058816012, -0.00207290379331, -0.0015839971602, 0.0126286614686, -0.00313363689929, 0.000761403876822], [-0.000403051439207, 0.00146591383964, -0.00167763303034, 0.0013871579431, -0.00279423431493, 0.00215890281834, -0.000673206406645, -0.000612084986642, 0.00274692266248, 0.000491368176881, -0.00313363689929, 0.0128235556185, -0.00335564278066], [0.000512228987645, -0.0015193480067, 0.00145229627378, -0.0023180176504, 0.00180039100815, -0.00150005938485, 0.00186488649342, -0.00161037687212, -0.00180496962275, 0.00148213200737, 0.000761403876822, -0.00335564278066, 0.0146106034517]], "cov": [[17496.4707031, -135.903305054, -1007.09442139, 581.533691406, -1034.33496094, 275.515808105, -523.359375, 234.525924683, -249.677947998, 232.133529663, -279.00201416, -0.146984308958, -226.662384033], [-135.903305054, 1483.54675293, -391.309936523, 39.136920929, 176.222015381, -46.4464874268, 102.420669556, -65.4888153076, 113.337333679, -138.548110962, 151.199127197, -123.822547913, 149.106719971], [-1007.09442139, -391.309936523, 973.841003418, -127.057670593, 260.775756836, 100.843154907, 108.941703796, 60.5377120972, -35.7687034607, 100.928779602, -115.401298523, 145.127319336, -126.667762756], [581.533691406, 39.136920929, -127.057670593, 435.507843018, -38.2233963013, 33.0031814575, -21.8703975677, -24.9065723419, 38.7427940369, -67.2306594849, 47.9924850464, -40.9790115356, 73.2445297241], [-1034.33496094, 176.222015381, 260.775756836, -38.2233963013, 460.999450684, -6.95280790329, 86.0715026855, 35.1557044983, 38.5598983765, 63.1044883728, -22.9116916656, 70.2450561523, -26.3399925232], [275.515808105, -46.4464874268, 100.843154907, 33.0031814575, -6.95280790329, 177.68989563, 56.0413322449, 16.7253417969, -10.6156415939, 13.0694952011, 3.24045681953, -3.93945908546, -9.19739818573], [-523.359375, 102.420669556, 108.941703796, -21.8703975677, 86.0715026855, 56.0413322449, 239.964706421, 29.0774364471, -4.10295057297, -8.32414627075, 33.3272972107, 17.1745929718, -15.0308237076], [234.525924683, -65.4888153076, 60.5377120972, -24.9065723419, 35.1557044983, 16.7253417969, 29.0774364471, 126.292602539, 4.71525478363, 56.2946434021, -21.7207317352, 25.3164634705, -15.5893793106], [-249.677947998, 113.337333679, -35.7687034607, 38.7427940369, 38.5598983765, -10.6156415939, -4.10295057297, 4.71525478363, 131.636154175, 6.3587064743, 33.0267562866, -31.440990448, 32.1181564331], [232.133529663, -138.548110962, 100.928779602, -67.2306594849, 63.1044883728, 13.0694952011, -8.32414627075, 56.2946434021, 6.3587064743, 170.408157349, -24.8648872375, 30.1795463562, -50.6853370667], [-279.00201416, 151.199127197, -115.401298523, 47.9924850464, -22.9116916656, 3.24045681953, 33.3272972107, -21.7207317352, 33.0267562866, -24.8648872375, 130.230361938, -15.7029285431, 37.3068809509], [-0.146984308958, -123.822547913, 145.127319336, -40.9790115356, 70.2450561523, -3.93945908546, 17.1745929718, 25.3164634705, -31.440990448, 30.1795463562, -15.7029285431, 130.555755615, -18.4027423859], [-226.662384033, 149.106719971, -126.667762756, 73.2445297241, -26.3399925232, -9.19739818573, -15.0308237076, -15.5893793106, 32.1181564331, -50.6853370667, 37.3068809509, -18.4027423859, 121.547134399]]}, "spectral_energyband_middle_low": {"dmean2": 0.00818245857954, "median": 0.0125774685293, "min": 1.39288816625e-22, "dvar2": 9.18698206078e-05, "dvar": 3.66355270671e-05, "dmean": 0.00505218142644, "max": 0.0763723775744, "var": 0.000102878082544, "mean": 0.0143945096061}, "melbands_crest": {"dmean2": 6.21076107025, "median": 12.8370265961, "min": 1.68342709541, "dvar2": 28.7795886993, "dvar": 9.83015155792, "dmean": 3.63589763641, "max": 35.6830596924, "var": 28.4703159332, "mean": 13.6943721771}, "spectral_kurtosis": {"dmean2": 1.72306454182, "median": 1.76201725006, "min": -1.5239212513, "dvar2": 4.68691921234, "dvar": 1.79501974583, "dmean": 1.0767261982, "max": 31.4492912292, "var": 4.23495197296, "mean": 2.19857645035}, "spectral_rms": {"dmean2": 0.00139849400148, "median": 0.00558093748987, "min": 3.11117841559e-12, "dvar2": 1.72502586793e-06, "dvar": 7.06199671185e-07, "dmean": 0.000865474576131, "max": 0.0113035794348, "var": 3.02035550703e-06, "mean": 0.00540584186092}, "zerocrossingrate": {"dmean2": 0.0158526413143, "median": 0.06640625, "min": 0.00634765625, "dvar2": 0.000281252956484, "dvar": 0.000301851658151, "dmean": 0.0154300425202, "max": 0.52490234375, "var": 0.00432743737474, "mean": 0.0829459503293}, "silence_rate_60dB": {"dmean2": 0.00667976401746, "median": 0, "min": 0, "dvar2": 0.00801066495478, "dvar": 0.00332865561359, "dmean": 0.00333955418319, "max": 1, "var": 0.0339236184955, "mean": 0.035160087049}, "erbbands_kurtosis": {"dmean2": 1.1535602808, "median": -0.583215713501, "min": -1.77483081818, "dvar2": 3.20825219154, "dvar": 1.51619172096, "dmean": 0.759079813957, "max": 28.7413578033, "var": 3.77030897141, "mean": 0.0109260091558}, "erbbands": {"dmean2": [0.37663897872, 1.54689240456, 3.1357755661, 6.17267751694, 13.3590402603, 13.2667350769, 16.6859970093, 21.0367336273, 18.6382083893, 27.0808105469, 22.321723938, 21.0325508118, 18.9587440491, 12.4718875885, 14.6227378845, 14.3488731384, 18.2274856567, 17.7675037384, 18.7485656738, 16.1966285706, 26.4366378784, 18.4562835693, 11.034702301, 16.4871311188, 16.2699584961, 15.9389915466, 19.1106910706, 22.8475608826, 21.5600242615, 19.5255336761, 11.4898004532, 8.76316928864, 5.40635299683, 3.04072737694, 1.38584554195, 0.43761113286, 0.193823873997, 0.0723224803805, 0.00197160197422, 5.90462623222e-05], "median": [0.136943429708, 0.744305491447, 2.06927728653, 4.22032928467, 7.86190795898, 8.59239864349, 10.2032966614, 12.3668441772, 10.2353210449, 9.87484836578, 10.1968393326, 10.9294586182, 9.0587978363, 6.58082294464, 6.43772220612, 7.15751934052, 7.59973573685, 7.01446533203, 8.06113624573, 9.23385810852, 12.8260784149, 10.9418535233, 8.89151000977, 9.70513820648, 10.353515625, 9.27059841156, 10.7801761627, 10.0162343979, 7.05559587479, 5.12869262695, 3.43400096893, 2.79816889763, 1.91336238384, 1.18784332275, 0.392900109291, 0.0591921061277, 0.00700909644365, 0.000386539672036, 4.97855871799e-05, 4.73517902719e-05], "min": [1.28308781592e-22, 6.02261853434e-22, 2.65752229155e-21, 9.26555377159e-21, 1.09823881356e-20, 3.99469945479e-20, 3.5831835624e-20, 2.45435263711e-20, 9.29403334158e-20, 9.67956994663e-20, 2.63604754386e-19, 4.49162846628e-19, 6.06309275232e-19, 8.16497419846e-19, 9.31530894393e-19, 1.53770797582e-18, 1.50392871134e-18, 2.10320803704e-18, 2.24780024209e-18, 2.8575622209e-18, 3.77921781955e-18, 4.45974220463e-18, 6.03144699343e-18, 5.60444105839e-18, 7.88967597949e-18, 9.77065904984e-18, 7.84348538691e-18, 1.04212481821e-17, 1.03212122676e-17, 1.12516481816e-17, 1.20540100671e-17, 1.13201023404e-17, 9.81482884019e-18, 8.85801744512e-18, 5.56604085282e-18, 3.83138396488e-18, 2.37947995098e-18, 8.74706688238e-19, 2.56971282861e-19, 2.70869209621e-20], "dvar2": [0.264422804117, 4.42374801636, 31.315164566, 77.3939971924, 335.047698975, 376.587463379, 664.430725098, 1232.33007812, 1473.88305664, 3859.13671875, 2467.15454102, 2100.81347656, 1493.13989258, 1120.31091309, 1804.24975586, 1051.87084961, 2009.5345459, 1521.95849609, 1285.2644043, 1047.04785156, 4127.54296875, 1175.91113281, 304.549041748, 890.493347168, 747.112060547, 896.434997559, 1709.09838867, 1748.04199219, 1665.43457031, 1897.36108398, 1027.51184082, 836.016967773, 259.193145752, 115.244758606, 25.2960395813, 3.60576152802, 0.596149981022, 0.182026028633, 0.000344364176271, 8.07611613141e-08], "dvar": [0.0942455232143, 1.5578237772, 10.8749704361, 28.6097393036, 118.526847839, 141.005187988, 242.685440063, 532.563720703, 598.252319336, 1963.98388672, 1186.65734863, 865.892150879, 724.060974121, 497.472991943, 740.43145752, 509.929290771, 925.942443848, 685.209228516, 565.164306641, 456.29083252, 1669.75463867, 499.072540283, 132.409057617, 412.666442871, 348.265136719, 388.683990479, 755.716552734, 751.68359375, 663.742370605, 750.097167969, 545.557678223, 460.946868896, 124.620246887, 56.1943092346, 12.3400239944, 1.990645051, 0.271738231182, 0.0822696685791, 0.000124954109197, 3.17381427806e-08], "dmean": [0.216264978051, 0.880866348743, 1.87085604668, 3.68922495842, 7.80309820175, 7.86809062958, 9.87445735931, 13.3731327057, 11.7384634018, 17.9333744049, 14.8907327652, 13.5359706879, 12.5538406372, 8.09693813324, 9.3940038681, 9.38141822815, 11.7196397781, 11.450293541, 12.0162792206, 10.3626689911, 16.679233551, 11.9669237137, 7.16570138931, 11.0555992126, 10.6383228302, 10.3621578217, 12.6936979294, 14.8854932785, 13.8446235657, 12.4858894348, 8.23637485504, 6.20163822174, 3.77916049957, 2.14203000069, 0.953283727169, 0.310177952051, 0.13429762423, 0.0492112115026, 0.00124104390852, 3.89975793951e-05], "max": [2.76239967346, 12.1632032394, 58.9871902466, 137.836685181, 153.222045898, 173.201171875, 256.216247559, 381.927612305, 606.903076172, 1084.88183594, 849.309997559, 698.645080566, 727.451660156, 656.937194824, 816.765930176, 617.091552734, 758.341125488, 598.169433594, 473.932189941, 442.79510498, 1233.1373291, 551.063049316, 334.010559082, 461.619812012, 620.605224609, 419.223419189, 559.579284668, 523.813720703, 427.009216309, 856.227600098, 687.952880859, 798.538452148, 403.773010254, 355.348480225, 111.565711975, 47.7332267761, 16.0178985596, 8.69500923157, 0.556119322777, 0.00746132573113], "var": [0.186456248164, 1.96061384678, 16.0579051971, 46.9679450989, 198.124969482, 256.60559082, 367.794067383, 1312.2019043, 1238.3548584, 7653.30908203, 3810.91455078, 1652.41467285, 2218.79638672, 1121.43701172, 1447.49121094, 1464.69787598, 2417.58837891, 1689.53149414, 2021.54589844, 1127.93151855, 3604.50952148, 1594.95605469, 498.671936035, 1603.29992676, 1144.9564209, 853.406311035, 1551.37841797, 1580.25756836, 1052.08227539, 1028.86767578, 1277.41870117, 1122.08251953, 272.796325684, 116.289245605, 27.0399208069, 4.83667850494, 0.445202350616, 0.0995136722922, 8.72067030286e-05, 3.08995034004e-08], "mean": [0.339851409197, 1.18545591831, 3.16111564636, 6.17711305618, 12.6222848892, 13.7624759674, 16.6799430847, 26.1858634949, 21.8658599854, 35.7653999329, 31.8450565338, 24.2819805145, 24.2232074738, 15.798034668, 17.0568504333, 17.9906997681, 22.103395462, 20.6764411926, 24.6371593475, 20.5683574677, 31.2114982605, 25.1341552734, 15.9758520126, 24.3934383392, 21.7764148712, 19.5534896851, 23.9977073669, 24.9571437836, 20.5069274902, 17.4778442383, 13.650803566, 10.7007713318, 6.45309209824, 3.68630695343, 1.50373375416, 0.470776021481, 0.165643960238, 0.0521772764623, 0.00115914305206, 7.49287573854e-05]}, "spectral_strongpeak": {"dmean2": 0.76336145401, "median": 0.361798703671, "min": 0, "dvar2": 1.9551063776, "dvar": 0.747118532658, "dmean": 0.439448773861, "max": 18.5889511108, "var": 1.04193747044, "mean": 0.716998636723}, "spectral_energy": {"dmean2": 0.016908198595, "median": 0.0319255329669, "min": 9.92141752446e-21, "dvar2": 0.00030879926635, "dvar": 0.000119952695968, "dmean": 0.0102820433676, "max": 0.130965188146, "var": 0.00032108189771, "mean": 0.0330494754016}, "average_loudness": 0.965839087963, "spectral_rolloff": {"dmean2": 1358.07519531, "median": 1270.45898438, "min": 64.599609375, "dvar2": 3887509.25, "dvar": 1846520.75, "dmean": 840.86505127, "max": 19638.28125, "var": 7368607.5, "mean": 2236.04443359}, "spectral_centroid": {"dmean2": 518.520019531, "median": 1455.00927734, "min": 246.336654663, "dvar2": 358442.375, "dvar": 174823.96875, "dmean": 350.4296875, "max": 11802.7744141, "var": 1436104.375, "mean": 1663.12475586}, "pitch_salience": {"dmean2": 0.11903320998, "median": 0.588379144669, "min": 0.162274822593, "dvar2": 0.010758058168, "dvar": 0.00383564527147, "dmean": 0.0707397162914, "max": 0.925365388393, "var": 0.0117134861648, "mean": 0.58113771677}, "spectral_energyband_middle_high": {"dmean2": 0.00213654269464, "median": 0.00344235030934, "min": 1.15780345131e-21, "dvar2": 7.80604295869e-06, "dvar": 3.82142115996e-06, "dmean": 0.00145917071495, "max": 0.0358468331397, "var": 1.96689252334e-05, "mean": 0.00466463016346}, "spectral_contrast_coeffs": {"dmean2": [0.089312762022, 0.0767291933298, 0.0604772903025, 0.0530976429582, 0.0423359796405, 0.0481336936355], "median": [-0.653195619583, -0.716363787651, -0.76179587841, -0.763122916222, -0.781011462212, -0.725186944008], "min": [-0.997124910355, -0.989931225777, -0.976947188377, -0.97440892458, -0.96984064579, -0.965439379215], "dvar2": [0.00506787188351, 0.00387566583231, 0.00235382677056, 0.00190312624909, 0.00153328268789, 0.00234893965535], "dvar": [0.00194559514057, 0.00155240169261, 0.00101708702277, 0.000914529198781, 0.000813108461443, 0.00116036471445], "dmean": [0.0534147135913, 0.0476057678461, 0.0386854782701, 0.0354586280882, 0.0291939172894, 0.0333167873323], "max": [-0.303705334663, -0.447092175484, -0.436104506254, -0.413711190224, -0.356963098049, -0.369311928749], "var": [0.00816818140447, 0.00636672601104, 0.00496588367969, 0.00564076937735, 0.00516087468714, 0.00591916590929], "mean": [-0.648158788681, -0.713251531124, -0.753048419952, -0.752350628376, -0.764358818531, -0.714631676674]}, "melbands_skewness": {"dmean2": 1.17563152313, "median": 2.8433713913, "min": -0.963357508183, "dvar2": 1.39980554581, "dvar": 0.579887390137, "dmean": 0.74598890543, "max": 11.8798408508, "var": 2.3828625679, "mean": 3.07678246498}, "spectral_spread": {"dmean2": 861033.9375, "median": 5146443, "min": 1983157.125, "dvar2": 1339381383170.0, "dvar": 729294307328, "dmean": 652321, "max": 43167124, "var": 13017253150700.0, "mean": 5681015}, "dissonance": {"dmean2": 0.026799056679, "median": 0.472795724869, "min": 0.293445795774, "dvar2": 0.00072627782356, "dvar": 0.000277181650745, "dmean": 0.0161923486739, "max": 0.500000119209, "var": 0.00070591137046, "mean": 0.465814888477}, "spectral_skewness": {"dmean2": 0.325377851725, "median": 1.11138272285, "min": -0.327528595924, "dvar2": 0.124550111592, "dvar": 0.0532450713217, "dmean": 0.220656886697, "max": 4.10166549683, "var": 0.221759960055, "mean": 1.12222528458}, "spectral_flux": {"dmean2": 0.0363641604781, "median": 0.0896125733852, "min": 6.4422384094e-11, "dvar2": 0.00130754848942, "dvar": 0.00057949469192, "dmean": 0.023614929989, "max": 0.300613880157, "var": 0.00158845970873, "mean": 0.0923824310303}, "spectral_contrast_valleys": {"dmean2": [0.658751606941, 0.579798638821, 0.509674072266, 0.491247057915, 0.453091472387, 0.695416271687], "median": [-6.62500190735, -6.51975631714, -7.47812175751, -7.84203624725, -7.39643859863, -9.62095546722], "min": [-27.9475135803, -28.027841568, -27.9993286133, -27.580411911, -27.5678157806, -27.3703479767], "dvar2": [0.328344732523, 0.286013752222, 0.198227107525, 0.220142796636, 0.251403719187, 0.794515311718], "dvar": [0.153570443392, 0.121680036187, 0.0953856930137, 0.114885345101, 0.13868188858, 0.414778530598], "dmean": [0.405864745378, 0.359365403652, 0.332641810179, 0.342326253653, 0.337846428156, 0.544420182705], "max": [-5.14465332031, -4.38307523727, -5.21617174149, -5.92293024063, -5.67059898376, -6.72214269638], "var": [4.39764547348, 4.25489282608, 3.95722007751, 3.96532177925, 4.25441932678, 4.59197330475], "mean": [-7.03005599976, -6.76249885559, -7.7065653801, -8.10406970978, -7.67853021622, -10.049905777]}, "erbbands_flatness_db": {"dmean2": 0.023011283949, "median": 0.134703695774, "min": 0.0441524535418, "dvar2": 0.000475112959975, "dvar": 0.000268017669441, "dmean": 0.0171712320298, "max": 0.286723345518, "var": 0.00128813728224, "mean": 0.135492190719}, "spectral_energyband_high": {"dmean2": 0.00198290101252, "median": 0.00114451011177, "min": 7.1325958607e-21, "dvar2": 1.47801574713e-05, "dvar": 7.60951797929e-06, "dmean": 0.00141790718772, "max": 0.0543589480221, "var": 2.17516426346e-05, "mean": 0.0027484819293}, "spectral_entropy": {"dmean2": 0.249790340662, "median": 7.75064611435, "min": 5.67914819717, "dvar2": 0.0732750594616, "dvar": 0.0381290800869, "dmean": 0.184709846973, "max": 9.82195281982, "var": 0.228864267468, "mean": 7.71867418289}, "silence_rate_20dB": {"dmean2": 0, "median": 1, "min": 1, "dvar2": 0, "dvar": 0, "dmean": 0, "max": 1, "var": 0, "mean": 1}, "melbands_flatness_db": {"dmean2": 0.0412870943546, "median": 0.17703127861, "min": 0.0028495490551, "dvar2": 0.00138352555223, "dvar": 0.00063220487209, "dmean": 0.0275030322373, "max": 0.415251612663, "var": 0.00442327791825, "mean": 0.179545402527}, "barkbands": {"dmean2": [0.000756523862947, 0.00867995526642, 0.0031618361827, 0.00289641483687, 0.00404479214922, 0.00236463500187, 0.00150209851563, 0.00115506735165, 0.00100491847843, 0.000533464597538, 0.000361674465239, 0.00041590485489, 0.00040994930896, 0.000445687503088, 0.000329384929501, 0.000438332848717, 0.000325372006046, 0.000218056433368, 0.000353531824658, 0.000360263744369, 0.000536671548616, 0.000645495019853, 0.000420332275098, 0.000357984943548, 0.000222545611905, 0.000120433724078, 1.26382910821e-05], "median": [0.000344839121681, 0.00396837387234, 0.00186875613872, 0.00149274372961, 0.00294254883192, 0.00151100987568, 0.000651611131616, 0.000373905873857, 0.000492953928187, 0.000197345274501, 0.000139142415719, 0.000173772830749, 0.000142620876431, 0.000158878799994, 0.000124999787658, 0.000190268357983, 0.000168221522472, 0.000143505298183, 0.000196291774046, 0.000188152567716, 0.000280731066596, 0.000193808606127, 0.00012962029723, 0.000127889710711, 8.53059609653e-05, 7.1062686402e-06, 1.00464325747e-09], "min": [3.77160931541e-25, 2.39028680257e-24, 5.5601559284e-25, 9.42555464246e-25, 1.15390628911e-23, 2.17591602095e-24, 5.69928417081e-24, 8.04766628767e-24, 2.18268361921e-23, 1.39001014923e-23, 1.2942574237e-23, 3.21911258454e-23, 3.47759358865e-23, 3.02747397375e-23, 4.58159748353e-23, 6.35196796227e-23, 6.46415849803e-23, 1.09494751925e-22, 1.31786383385e-22, 1.91196608873e-22, 2.35898945613e-22, 3.04478776668e-22, 3.95832075423e-22, 6.08523061371e-22, 8.13331092822e-22, 1.26098837622e-21, 2.02630573404e-21], "dvar2": [1.28155534185e-06, 0.000134801070089, 3.08355338348e-05, 1.66032968991e-05, 3.01929940179e-05, 1.200668612e-05, 8.50300966704e-06, 7.02542456565e-06, 4.04158163292e-06, 1.72422483047e-06, 9.65580738921e-07, 9.19676551803e-07, 9.74319164015e-07, 7.7597917425e-07, 4.17826129251e-07, 1.01318175894e-06, 3.32779706014e-07, 1.35903519549e-07, 3.57037436061e-07, 4.36714685748e-07, 1.04822061076e-06, 1.61361811024e-06, 1.19745106986e-06, 1.13294436233e-06, 6.07366132499e-07, 2.04596034337e-07, 2.26222720556e-08], "dvar": [5.17853720794e-07, 4.691747381e-05, 1.06807419797e-05, 5.98905808147e-06, 1.12137131509e-05, 5.05235675519e-06, 3.81156178264e-06, 3.42953831023e-06, 1.70857344983e-06, 8.15064254311e-07, 4.10356165048e-07, 4.28495326332e-07, 4.43985186394e-07, 3.29164748791e-07, 1.89917500393e-07, 4.10290624586e-07, 1.40633900969e-07, 6.49819114074e-08, 1.64454888818e-07, 1.89954064922e-07, 4.64560741875e-07, 6.24761412382e-07, 6.13380962022e-07, 5.83344217375e-07, 3.02650562389e-07, 1.00311012829e-07, 7.89224685604e-09], "dmean": [0.000469669321319, 0.00494137778878, 0.0018762932159, 0.00171322491951, 0.00240396987647, 0.00146443000995, 0.000957674754318, 0.00077001581667, 0.000646935717668, 0.0