{"tonal": {"thpcp": [1, 0.545930683613, 0.42303699255, 0.367913872004, 0.352151572704, 0.590827167034, 0.733351886272, 0.53840392828, 0.373777717352, 0.308985471725, 0.27288877964, 0.315013647079, 0.333007544279, 0.374899327755, 0.680122494698, 0.775773823261, 0.47453430295, 0.29743590951, 0.262535810471, 0.296353459358, 0.491095781326, 0.572118401527, 0.663562476635, 0.810812234879, 0.535242378712, 0.317347019911, 0.535187900066, 0.616164565086, 0.46972566843, 0.679658234119, 0.839947104454, 0.535884976387, 0.319221973419, 0.305793851614, 0.464287847281, 0.974366545677], "hpcp": {"dmean2": [0.227021530271, 0.24543581903, 0.225491210818, 0.169791206717, 0.154295802116, 0.164890617132, 0.210351347923, 0.21042662859, 0.19463224709, 0.178378894925, 0.146965101361, 0.128561750054, 0.13789203763, 0.150669693947, 0.159924075007, 0.215502277017, 0.224319666624, 0.185375764966, 0.141893282533, 0.132543131709, 0.152212768793, 0.176405563951, 0.181572496891, 0.177067950368, 0.18560642004, 0.155409425497, 0.14736418426, 0.176439702511, 0.188299328089, 0.205245912075, 0.238610982895, 0.222118273377, 0.194577500224, 0.158714905381, 0.159681707621, 0.199860200286], "median": [0.0368811972439, 0.0436668172479, 0.0314696356654, 0.00993715040386, 0.00831937044859, 0.0125701185316, 0.0257109533995, 0.0303968638182, 0.0220803171396, 0.0116506498307, 0.00865995325148, 0.00825815554708, 0.0124246608466, 0.0136291515082, 0.0189032629132, 0.0374367386103, 0.0432461537421, 0.0230406485498, 0.00796359963715, 0.00612692628056, 0.0109184384346, 0.0284799411893, 0.0319511778653, 0.0317145884037, 0.0191985778511, 0.0165310036391, 0.0136487651616, 0.026814006269, 0.0291345231235, 0.0224031843245, 0.0195354465395, 0.0171858519316, 0.0155617464334, 0.00693392567337, 0.00706013524905, 0.0191873628646], "min": [0, 0, 0, 0, 0, 0, 0, 0, 0, 0, 0, 0, 0, 0, 0, 0, 0, 0, 0, 0, 0, 0, 0, 0, 0, 0, 0, 0, 0, 0, 0, 0, 0, 0, 0, 0], "dvar2": [0.127386555076, 0.124856039882, 0.129862189293, 0.0948131084442, 0.0852533057332, 0.0889777615666, 0.111652985215, 0.109347008169, 0.0977331474423, 0.0960326567292, 0.0791917666793, 0.070142224431, 0.0753336027265, 0.080613322556, 0.07637039572, 0.10799691081, 0.117794662714, 0.0935959964991, 0.0733286589384, 0.0707026049495, 0.083981603384, 0.0853349119425, 0.0933132171631, 0.0778873711824, 0.117240145802, 0.0737336650491, 0.0721795707941, 0.0877218768001, 0.0968860834837, 0.109325885773, 0.130137950182, 0.133547887206, 0.109032146633, 0.0954364389181, 0.100706718862, 0.113743968308], "dvar": [0.0520959571004, 0.050918918103, 0.0455915033817, 0.037043556571, 0.0325248017907, 0.0326563976705, 0.0425863228738, 0.0440309904516, 0.0371564254165, 0.0357614830136, 0.0290557648987, 0.025458522141, 0.028010006994, 0.0298550091684, 0.027756229043, 0.0426793918014, 0.0481114834547, 0.0355101004243, 0.0269960016012, 0.0255863107741, 0.0296282526106, 0.0336215347052, 0.03760112077, 0.0314999073744, 0.0484461560845, 0.0288142655045, 0.0268552862108, 0.0347415208817, 0.040041539818, 0.039841901511, 0.0485886372626, 0.0519833527505, 0.0412496253848, 0.0355571769178, 0.0363021120429, 0.0401187203825], "dmean": [0.13183888793, 0.143637493253, 0.127923727036, 0.0955046638846, 0.0872963964939, 0.0933410748839, 0.121225148439, 0.122367560863, 0.112284973264, 0.0998427867889, 0.0827647075057, 0.0731090158224, 0.0790394097567, 0.0857761129737, 0.0910808369517, 0.12615634501, 0.132881402969, 0.107023656368, 0.080239482224, 0.0734891369939, 0.0844678878784, 0.101303704083, 0.106246523559, 0.101351030171, 0.102894663811, 0.0879448279738, 0.0838628411293, 0.10325576365, 0.1108571738, 0.115843005478, 0.134133726358, 0.125328972936, 0.109864465892, 0.0887347012758, 0.0888931080699, 0.111937299371], "max": [1, 1, 1, 1, 1, 1, 1, 1, 1, 1, 1, 1, 1, 1, 1, 1, 1, 1, 1, 1, 1, 1, 1, 1, 1, 1, 1, 1, 1, 1, 1, 1, 1, 1, 1, 1], "var": [0.118660509586, 0.113595545292, 0.0448747575283, 0.0481114499271, 0.0381598472595, 0.0297061614692, 0.0549606271088, 0.0834360644221, 0.0484534986317, 0.0340114347637, 0.0274880044162, 0.0223696585745, 0.0258915536106, 0.0277190487832, 0.0281215906143, 0.0677196159959, 0.0845462679863, 0.0402003116906, 0.0249484777451, 0.0214350726455, 0.0239399503917, 0.0431631170213, 0.0610793232918, 0.0516910739243, 0.116343185306, 0.0423749350011, 0.0251113604754, 0.0497133731842, 0.0673525482416, 0.0367199331522, 0.0688242837787, 0.111957497895, 0.0493426658213, 0.0316310785711, 0.029572237283, 0.0377377606928], "mean": [0.228635251522, 0.234650149941, 0.128102719784, 0.0992656946182, 0.0863310471177, 0.0826324224472, 0.138637676835, 0.172081127763, 0.126336559653, 0.0877069979906, 0.0725034847856, 0.0640333965421, 0.0739179998636, 0.0781402736902, 0.0879701822996, 0.15959084034, 0.182035446167, 0.111349545419, 0.0697933807969, 0.0616040676832, 0.0695393830538, 0.115235701203, 0.134247675538, 0.155705034733, 0.190257206559, 0.125594705343, 0.0744655281305, 0.125581920147, 0.144583106041, 0.110221199691, 0.159481912851, 0.197093710303, 0.125745490193, 0.0749054849148, 0.0717545747757, 0.108945213258]}, "tuning_equal_tempered_deviation": 0.206375077367, "chords_changes_rate": 0.0714882910252, "key_key": "D", "tuning_diatonic_strength": 0.58677905798, "key_scale": "major", "chords_number_rate": 0.00250836112536, "tuning_frequency": 434.193115234, "tuning_nontempered_energy_ratio": 0.906202435493, "chords_histogram": [27.6546821594, 0.731605350971, 3.9715719223, 0.0836120396852, 0.689799308777, 0.0418060198426, 0.22993311286, 0, 0.146321073174, 1.04515051842, 0.188127085567, 0, 0, 0, 0, 1.94397997856, 5.83193969727, 20.3804340363, 1.7140468359, 7.60869550705, 3.38628768921, 3.76254177094, 7.50418043137, 13.0852842331], "key_strength": 0.639952600002, "chords_key": "D", "chords_strength": {"dmean2": 0.014560113661, "median": 0.511603236198, "min": 0.24081081152, "dvar2": 0.000172572981683, "dvar": 0.000122500263387, "dmean": 0.013377899304, "max": 0.762755811214, "var": 0.00895779579878, "mean": 0.514595031738}, "chords_scale": "major", "hpcp_entropy": {"dmean2": 1.24584019184, "median": 2.0422039032, "min": 0, "dvar2": 1.06539523602, "dvar": 0.400540560484, "dmean": 0.740588128567, "max": 4.66210460663, "var": 0.73008364439, "mean": 2.11110925674}}, "metadata": {"audio_properties": {"equal_loudness": 0, "codec": "mp3", "downmix": "mix", "sample_rate": 44100, "analysis_sample_rate": 44100, "bit_rate": 320038, "md5_encoded": "ea6d871767364c5ac60c0ae98f619430", "length": 222.093063354, "replay_gain": -13.1108512878, "lossless": false}, "version": {"essentia_build_sha": "70f2e5ece6736b2c40cc944ad0e695b16b925413", "essentia": "2.1-beta2", "extractor": "music 1.0", "essentia_git_sha": "v2.1_beta2"}, "tags": {"title": ["\uba58\ud2b8 (Feat. \uac1c\ucf54 of Dynamic duo)"], "artist": ["\ub354\ube14 \ucf00\uc774(Double K)"], "date": ["2012"], "genre": ["Blues"], "album": ["\uba58\ud2b8"], "tracknumber": ["1"], "musicbrainz_recordingid": ["07058453-9c6b-4bd7-805c-593ec4d43853"], "file_name": "2000008.mp3"}}, "rhythm": {"bpm_histogram_first_peak_bpm": {"dmean2": 0, "median": 92, "min": 92, "dvar2": 0, "dvar": 0, "dmean": 0, "max": 92, "var": 0, "mean": 92}, "bpm": 91.8252868652, "bpm_histogram_second_peak_spread": {"dmean2": 0, "median": 0, "min": 0, "dvar2": 0, "dvar": 0, "dmean": 0, "max": 0, "var": 0, "mean": 0}, "bpm_histogram_first_peak_weight": {"dmean2": 0, "median": 0.801775157452, "min": 0.801775157452, "dvar2": 0, "dvar": 0, "dmean": 0, "max": 0.801775157452, "var": 0, "mean": 0.801775157452}, "onset_rate": 4.52927780151, "beats_position": [0.696598649025, 1.39319729805, 2.08979582787, 2.79800438881, 3.50621318817, 4.21442174911, 4.87619018555, 5.52634906769, 6.14167785645, 6.7570066452, 7.4303855896, 8.09215450287, 8.75392246246, 9.4040813446, 10.0542402267, 10.6927890778, 11.354557991, 12.0047159195, 12.6548748016, 13.3050336838, 13.9551925659, 14.6169614792, 15.2671203613, 15.9288883209, 16.5790481567, 17.2292060852, 17.8793640137, 18.5295238495, 19.179681778, 19.8298416138, 20.4799995422, 21.1301574707, 21.7919273376, 22.4536952972, 23.1038551331, 23.7540130615, 24.40417099, 25.0543308258, 25.7044887543, 26.3546485901, 27.0048065186, 27.6549663544, 28.3051242828, 28.9552822113, 29.6054420471, 30.2555999756, 30.9173698425, 31.5791378021, 32.2292976379, 32.8794555664, 33.5296134949, 34.1797714233, 34.8299331665, 35.480091095, 36.1302490234, 36.7920188904, 37.4537849426, 38.1039466858, 38.7541046143, 39.4042625427, 40.0544204712, 40.7161903381, 41.3663482666, 42.0048980713, 42.6550559998, 43.3168258667, 43.9785919189, 44.6287536621, 45.2789115906, 45.929069519, 46.5792274475, 47.229385376, 47.8795471191, 48.5297050476, 49.1798629761, 49.8300209045, 50.480178833, 51.1419487, 51.7804985046, 52.4306564331, 53.0808143616, 53.7541923523, 54.4159622192, 55.0545120239, 55.7046699524, 56.3548278809, 57.0049858093, 57.6551475525, 58.305305481, 58.9786834717, 59.6404533386, 60.2789993286, 60.9291610718, 61.590927124, 62.2410888672, 62.8796348572, 63.5297966003, 64.1799545288, 64.8301086426, 65.4802703857, 66.1304321289, 66.7921981812, 67.4423599243, 68.1041259766, 68.7658920288, 69.4392700195, 70.0894317627, 70.7395935059, 71.3549194336, 71.9702453613, 72.5971832275, 73.2705688477, 73.9555511475, 74.6289291382, 75.2907028198, 75.9292526245, 76.5794067383, 77.2295684814, 77.8797302246, 78.5298843384, 79.1800460815, 79.8302001953, 80.4803619385, 81.1305236816, 81.7806777954, 82.4540557861, 83.1042175293, 83.7543716431, 84.4045333862, 85.0546951294, 85.7048492432, 86.3550109863, 87.0051651001, 87.6669387817, 88.3170928955, 88.9672546387, 89.6174163818, 90.2791824341, 90.9293441772, 91.579498291, 92.2296600342, 92.9030380249, 93.5880279541, 94.2497940063, 94.9231719971, 95.6081619263, 96.3047637939, 96.9897460938, 97.6631240845, 98.3597259521, 99.0563278198, 99.7180938721, 100.379859924, 101.030021667, 101.680175781, 102.341949463, 103.026939392, 103.72353363, 104.420135498, 105.116729736, 105.790107727, 106.463493347, 107.136871338, 107.821853638, 108.506843567, 109.168617249, 109.830383301, 110.492149353, 111.153923035, 111.804077148, 112.454238892, 113.104400635, 113.754554749, 114.404716492, 115.054870605, 115.705032349, 116.378410339, 117.040176392, 117.690338135, 118.328887939, 118.979042053, 119.629203796, 120.27936554, 120.929519653, 121.579681396, 122.22983551, 122.879997253, 123.530158997, 124.18031311, 124.842086792, 125.480628967, 126.13079071, 126.804168701, 127.454330444, 128.104492188, 128.754638672, 129.404800415, 130.054962158, 130.705123901, 131.355285645, 132.017044067, 132.678817749, 133.328979492, 133.874649048, 134.431930542, 135.000808716, 135.569702148, 136.115371704, 136.649429321, 137.287979126, 137.926528931, 138.541854858, 139.180404663, 139.830566406, 140.480728149, 141.130874634, 141.781036377, 142.43119812, 143.081359863, 143.743133545, 144.393280029, 145.055053711, 145.705215454, 146.355377197, 147.005523682, 147.667297363, 148.317459106, 148.96762085, 149.617782593, 150.279541016, 150.929702759, 151.579864502, 152.230026245, 152.880172729, 153.530334473, 154.180496216, 154.830657959, 155.492416382, 156.154190063, 156.804351807, 157.45451355, 158.104675293, 158.754821777, 159.404983521, 160.055145264, 160.705307007, 161.35546875, 162.005615234, 162.667388916, 163.329162598, 163.979324341, 164.629470825, 165.279632568, 165.94140625, 166.591567993, 167.230117798, 167.880264282, 168.530426025, 169.192199707, 169.830749512, 170.480911255, 171.131057739, 171.792831421, 172.454605103, 173.104751587, 173.75491333, 174.405075073, 175.055236816, 175.70539856, 176.355545044, 176.994094849, 177.644256592, 178.306030273, 178.956192017, 179.594741821, 180.256500244, 180.918273926, 181.580047607, 182.230194092, 182.880355835, 183.530517578, 184.180679321, 184.830841064, 185.480987549, 186.131149292, 186.781311035, 187.431472778, 188.09324646, 188.755004883, 189.405166626, 190.055328369, 190.705490112, 191.355636597, 192.00579834, 192.655960083, 193.306121826, 193.956283569, 194.629653931, 195.279815674, 195.929977417, 196.58013916, 197.230285645, 197.880447388, 198.530609131, 199.180770874, 199.830932617, 200.481079102, 201.131240845, 201.781402588, 202.44317627, 203.104934692, 203.755096436, 204.405258179, 205.055419922, 205.705581665, 206.355728149, 207.005889893, 207.667663574, 208.317825317, 208.97958374, 209.629745483, 210.279907227, 210.93006897, 211.580215454, 212.230377197, 212.88053894, 213.530700684, 214.180862427, 214.831008911, 215.481170654, 216.131332397, 216.804718018, 217.454864502, 218.105026245, 218.74357605, 219.382125854, 220.020675659, 220.647613525, 221.309387207], "beats_loudness": {"dmean2": 0.0672162249684, "median": 0.0577957555652, "min": 1.54491289095e-07, "dvar2": 0.00245889439248, "dvar": 0.0010295988759, "dmean": 0.0422440357506, "max": 0.184490963817, "var": 0.00155413383618, "mean": 0.0593843385577}, "danceability": 1.24858212471, "bpm_histogram_second_peak_weight": {"dmean2": 0, "median": 0.0325443781912, "min": 0.0325443781912, "dvar2": 0, "dvar": 0, "dmean": 0, "max": 0.0325443781912, "var": 0, "mean": 0.0325443781912}, "beats_count": 339, "bpm_histogram_second_peak_bpm": {"dmean2": 0, "median": 86, "min": 86, "dvar2": 0, "dvar": 0, "dmean": 0, "max": 86, "var": 0, "mean": 86}, "bpm_histogram_first_peak_spread": {"dmean2": 0, "median": 0.142405033112, "min": 0.142405033112, "dvar2": 0, "dvar": 0, "dmean": 0, "max": 0.142405033112, "var": 0, "mean": 0.142405033112}, "beats_loudness_band_ratio": {"dmean2": [0.667707383633, 0.18092238903, 0.165074929595, 0.241936251521, 0.274261444807, 0.280956268311], "median": [0.599116921425, 0.0565627887845, 0.0520253702998, 0.0533189252019, 0.0429783314466, 0.0535903982818], "min": [8.77130732988e-05, 0.00189676485024, 0.000857775565237, 6.879591092e-05, 2.09059053304e-05, 0.000100050769106], "dvar2": [0.187460228801, 0.0428262576461, 0.0267172362655, 0.0507255792618, 0.0399122424424, 0.0984137803316], "dvar": [0.0984772890806, 0.0163378622383, 0.0112436274067, 0.0186533015221, 0.0143170002848, 0.0386758260429], "dmean": [0.383666723967, 0.102398492396, 0.0967516228557, 0.136911422014, 0.145243689418, 0.159339398146], "max": [0.987323462963, 0.763218462467, 0.81947273016, 0.806326329708, 0.658453881741, 0.962096095085], "var": [0.134592235088, 0.0147082190961, 0.0129727078602, 0.0191775169224, 0.0152774956077, 0.0327595472336], "mean": [0.484741479158, 0.101696699858, 0.0923770219088, 0.109182834625, 0.103862695396, 0.126706436276]}}, "lowlevel": {"barkbands_spread": {"dmean2": 13.4166755676, "median": 19.6390342712, "min": 0.228454694152, "dvar2": 274.738739014, "dvar": 127.846328735, "dmean": 8.75511074066, "max": 121.456474304, "var": 343.174041748, "mean": 24.294960022}, "melbands_spread": {"dmean2": 14.3570489883, "median": 15.1625766754, "min": 0.216479822993, "dvar2": 607.463989258, "dvar": 275.786437988, "dmean": 9.31846046448, "max": 239.875076294, "var": 754.397155762, "mean": 23.1847381592}, "hfc": {"dmean2": 18.1959934235, "median": 24.5084571838, "min": 1.2533066094e-16, "dvar2": 574.847473145, "dvar": 291.937103271, "dmean": 12.4508705139, "max": 206.560974121, "var": 904.29699707, "mean": 33.691028595}, "barkbands_kurtosis": {"dmean2": 13.9124612808, "median": 4.09323978424, "min": -1.94771051407, "dvar2": 1005.59973145, "dvar": 455.150482178, "dmean": 9.06107997894, "max": 533.412841797, "var": 919.379150391, "mean": 13.890537262}, "gfcc": {"mean": [16.424823761, 52.1124916077, -85.6667633057, 23.0629653931, -54.9205589294, 20.6248760223, -38.7500915527, 14.2151651382, -23.9520359039, 3.25343465805, -16.1079025269, 3.65100693703, -8.72333812714], "icov": [[0.000143092562212, -4.38562210547e-06, 0.000135673733894, -9.45755309658e-05, 1.20132117445e-05, -0.00015878668637, 0.000106273932033, -0.000257262930973, 0.000172140848008, -0.000294689234579, 0.000246619834797, -0.000311209674692, 0.000203437142773], [-4.38562210547e-06, 0.000799678848125, -0.000208719546208, 0.00016004871577, -0.000107587926323, -0.00045360752847, -0.000118575924716, -0.000396561663365, -0.000281555316178, 0.000615172670223, -0.000986888888292, 0.000931597314775, -0.000162801530678], [0.000135673733894, -0.000208719546208, 0.00115265662316, -0.00066849088762, -1.73098087544e-05, 0.000126869068481, -0.000320206920151, -0.00021006296447, 2.04561256396e-05, -0.00068077648757, 0.000469230813906, -0.00123512430582, 0.000967245840002], [-9.45755309658e-05, 0.00016004871577, -0.00066849088762, 0.00195837626234, -0.000526737887412, -0.000151314510731, 0.000427366379881, -0.000172556814505, -0.000745759287383, -0.000478023721371, -0.000886226189323, 0.000104905113403, -0.000624071457423], [1.20132117445e-05, -0.000107587926323, -1.73098087544e-05, -0.000526737887412, 0.00278410222381, -0.000768692174461, 0.000188602978596, -0.00019680436526, -0.000312323012622, -0.000336564320605, -0.00050825974904, 0.00037308584433, -0.00100535142701], [-0.00015878668637, -0.00045360752847, 0.000126869068481, -0.000151314510731, -0.000768692174461, 0.00502320565283, -0.00209056260064, -0.000601400039159, 0.000462026335299, -0.00159871822689, 0.000704658799805, -0.00062284671003, -2.32281672652e-05], [0.000106273932033, -0.000118575924716, -0.000320206920151, 0.000427366379881, 0.000188602978596, -0.00209056260064, 0.00454766163602, -0.000547278905287, -0.000708259758539, 5.95978126512e-05, -0.000481268798467, -0.000433074514149, -0.000283228553599], [-0.000257262930973, -0.000396561663365, -0.00021006296447, -0.000172556814505, -0.00019680436526, -0.000601400039159, -0.000547278905287, 0.00696163903922, -0.0024217159953, 0.000647959648632, -0.00111313851085, -0.000241481146077, -0.000149713203427], [0.000172140848008, -0.000281555316178, 2.04561256396e-05, -0.000745759287383, -0.000312323012622, 0.000462026335299, -0.000708259758539, -0.0024217159953, 0.00789320003241, -0.00147976959124, 0.00122615834698, 0.00046008155914, -0.000511401914991], [-0.000294689234579, 0.000615172670223, -0.00068077648757, -0.000478023721371, -0.000336564320605, -0.00159871822689, 5.95978126512e-05, 0.000647959648632, -0.00147976959124, 0.0100294686854, -0.00194761855528, 0.000195520406123, -0.00114002008922], [0.000246619834797, -0.000986888888292, 0.000469230813906, -0.000886226189323, -0.00050825974904, 0.000704658799805, -0.000481268798467, -0.00111313851085, 0.00122615834698, -0.00194761855528, 0.0112231969833, -0.00235041719861, 0.00125861831475], [-0.000311209674692, 0.000931597314775, -0.00123512430582, 0.000104905113403, 0.00037308584433, -0.00062284671003, -0.000433074514149, -0.000241481146077, 0.00046008155914, 0.000195520406123, -0.00235041719861, 0.0127904554829, -0.00422228686512], [0.000203437142773, -0.000162801530678, 0.000967245840002, -0.000624071457423, -0.00100535142701, -2.32281672652e-05, -0.000283228553599, -0.000149713203427, -0.000511401914991, -0.00114002008922, 0.00125861831475, -0.00422228686512, 0.0143002429977]], "cov": [[10546.6542969, -310.403045654, -473.208099365, 574.386169434, 243.592422485, 565.978027344, -36.3481712341, 379.145080566, -26.9383277893, 380.672180176, -64.8739089966, 249.505905151, 33.5586433411], [-310.403045654, 2093.81567383, 486.55368042, 200.831542969, 277.498413086, 321.269561768, 288.228515625, 274.623840332, 178.361190796, 10.549703598, 187.086013794, -62.792930603, 4.93536233902], [-473.208099365, 486.55368042, 1732.86779785, 744.475585938, 276.864868164, 217.623748779, 239.514877319, 195.432403564, 183.292556763, 185.630783081, 109.055976868, 141.775634766, 7.77545642853], [574.386169434, 200.831542969, 744.475585938, 1055.25146484, 343.088165283, 205.116119385, 96.6098403931, 181.844406128, 174.828979492, 189.230651855, 110.087608337, 99.8662719727, 59.2173042297], [243.592422485, 277.498413086, 276.864868164, 343.088165283, 540.856140137, 190.534088135, 96.9476394653, 120.64478302, 101.367073059, 99.4371795654, 70.5842285156, 33.9394569397, 52.8170394897], [565.978027344, 321.269561768, 217.623748779, 205.116119385, 190.534088135, 403.576599121, 205.841369629, 132.345504761, 72.7342147827, 104.38143158, 44.8289909363, 47.2926979065, 30.2910842896], [-36.3481712341, 288.228515625, 239.514877319, 96.6098403931, 96.9476394653, 205.841369629, 359.950653076, 104.696990967, 77.5704193115, 51.300655365, 46.2193756104, 33.2779159546, 19.8108997345], [379.145080566, 274.623840332, 195.432403564, 181.844406128, 120.64478302, 132.345504761, 104.696990967, 246.701705933, 101.606880188, 50.9073905945, 49.8025245667, 28.2077789307, 17.4401454926], [-26.9383277893, 178.361190796, 183.292556763, 174.828979492, 101.367073059, 72.7342147827, 77.5704193115, 101.606880188, 194.338867188, 52.3287391663, 23.7516727448, 10.8335371017, 19.7202739716], [380.672180176, 10.549703598, 185.630783081, 189.230651855, 99.4371795654, 104.38143158, 51.300655365, 50.9073905945, 52.3287391663, 164.256973267, 33.3489723206, 38.9604530334, 22.6505641937], [-64.8739089966, 187.086013794, 109.055976868, 110.087608337, 70.5842285156, 44.8289909363, 46.2193756104, 49.8025245667, 23.7516727448, 33.3489723206, 125.289283752, 20.5255870819, 5.49381732941], [249.505905151, -62.792930603, 141.775634766, 99.8662719727, 33.9394569397, 47.2926979065, 33.2779159546, 28.2077789307, 10.8335371017, 38.9604530334, 20.5255870819, 117.456916809, 30.2887935638], [33.5586433411, 4.93536233902, 7.77545642853, 59.2173042297, 52.8170394897, 30.2910842896, 19.8108997345, 17.4401454926, 19.7202739716, 22.6505641937, 5.49381732941, 30.2887935638, 86.8738555908]]}, "spectral_energyband_middle_low": {"dmean2": 0.00845600571483, "median": 0.00724853109568, "min": 2.27540326923e-22, "dvar2": 0.000193030238734, "dvar": 7.42801348679e-05, "dmean": 0.00532094063237, "max": 0.0912125334144, "var": 0.000105463856016, "mean": 0.0101936338469}, "melbands_crest": {"dmean2": 5.00703287125, "median": 20.1781463623, "min": 2.00862812996, "dvar2": 26.1859302521, "dvar": 12.1347665787, "dmean": 3.19991087914, "max": 37.2107696533, "var": 63.3907966614, "mean": 19.6507797241}, "spectral_kurtosis": {"dmean2": 1.9595259428, "median": 2.65033268929, "min": -1.18202269077, "dvar2": 8.63278484344, "dvar": 3.90553855896, "dmean": 1.29272091389, "max": 103.463890076, "var": 34.8897247314, "mean": 3.71595931053}, "spectral_rms": {"dmean2": 0.00145591679029, "median": 0.00730647146702, "min": 3.24578189846e-12, "dvar2": 3.96256882595e-06, "dvar": 1.82335804766e-06, "dmean": 0.000964987324551, "max": 0.0154027817771, "var": 8.52590164868e-06, "mean": 0.00646863970906}, "zerocrossingrate": {"dmean2": 0.0204850938171, "median": 0.053955078125, "min": 0.001953125, "dvar2": 0.000589424103964, "dvar": 0.000506704032887, "dmean": 0.017936181277, "max": 0.8291015625, "var": 0.00572946993634, "mean": 0.0757450014353}, "silence_rate_60dB": {"dmean2": 0.0593893751502, "median": 0, "min": 0, "dvar2": 0.066327393055, "dvar": 0.0288129877299, "dmean": 0.0296915844083, "max": 1, "var": 0.0554023943841, "mean": 0.0588542744517}, "erbbands_kurtosis": {"dmean2": 2.25885343552, "median": 0.281346917152, "min": -1.84630203247, "dvar2": 13.3712053299, "dvar": 5.59388780594, "dmean": 1.44774866104, "max": 58.5595741272, "var": 12.073843956, "mean": 1.31351161003}, "erbbands": {"dmean2": [0.498055398464, 2.68535351753, 4.51902532578, 8.37089252472, 7.17909955978, 10.0261621475, 16.9384002686, 13.8475551605, 15.5580892563, 22.1614360809, 30.5187721252, 50.3999404907, 33.3500976562, 32.5866088867, 29.9905738831, 31.7552108765, 32.7778625488, 38.3527526855, 48.0203208923, 31.4874668121, 25.4103393555, 21.6150436401, 22.3061943054, 15.2586755753, 13.8850736618, 12.270983696, 9.84718894958, 9.9205827713, 14.2613430023, 12.1794919968, 8.4030828476, 6.46105241776, 4.52384853363, 3.72817015648, 2.05188822746, 1.00812649727, 0.334493935108, 0.0998465716839, 0.0203555505723, 0.00107316835783], "median": [0.479053020477, 4.10082912445, 1.61572134495, 2.34260368347, 2.86882162094, 4.9944858551, 9.00455856323, 4.77789115906, 3.26032590866, 4.81123161316, 8.62148284912, 9.76397705078, 8.43833351135, 9.06277656555, 6.50434494019, 7.15710878372, 6.41450405121, 6.58170175552, 6.82082843781, 6.23886299133, 6.58450317383, 6.69334220886, 7.8443069458, 6.2451133728, 5.01153945923, 4.48733472824, 3.55411529541, 3.29951715469, 3.70724868774, 3.79682540894, 3.25880885124, 3.04241633415, 2.85545969009, 2.73613548279, 1.84858584404, 0.726239442825, 0.142806023359, 0.0212078727782, 0.00168898166157, 0.000137669238029], "min": [8.16448671119e-22, 1.54853733958e-21, 2.93104765566e-21, 1.98496092058e-20, 4.44218316355e-20, 9.84642067724e-20, 3.93278291799e-19, 6.29154039197e-19, 2.39638255962e-19, 7.3714867202e-19, 6.25765183625e-19, 8.04001409127e-19, 1.48048765355e-18, 2.90291901543e-18, 1.54045059654e-18, 3.00644935448e-18, 4.31753538167e-18, 8.56055750658e-18, 5.44752820491e-18, 4.52604073072e-18, 7.95645261598e-18, 6.53335702807e-18, 9.7143206055e-18, 1.14065815919e-17, 1.42635534126e-17, 2.35681259658e-17, 1.36475602823e-17, 1.4298352901e-17, 1.33538995843e-17, 1.66965132786e-17, 1.59979741405e-17, 1.27615613379e-17, 1.30922904807e-17, 1.37743116491e-17, 1.02080787752e-17, 7.64692493949e-18, 4.34873580719e-18, 1.34057387865e-18, 3.8423353709e-19, 3.86083158176e-20], "dvar2": [1.21420538425, 33.4287414551, 136.793579102, 585.527648926, 256.226989746, 248.696151733, 654.508666992, 1009.29248047, 1834.96777344, 4440.43945312, 6170.92919922, 21390.0820312, 9339.99023438, 6911.27832031, 6429.55029297, 7351.55908203, 7125.65771484, 11208.4228516, 19563.8671875, 5764.12939453, 3594.2121582, 2458.8371582, 1629.01501465, 866.134765625, 732.284729004, 626.660522461, 408.201477051, 615.618591309, 1433.90222168, 965.49987793, 393.54510498, 192.543823242, 140.629074097, 48.3167953491, 10.4967164993, 3.87353372574, 0.397166967392, 0.0497044213116, 0.00396985793486, 1.27239209178e-05], "dvar": [0.48600050807, 12.7027616501, 59.6717796326, 203.130081177, 94.2359008789, 98.7134857178, 266.542510986, 380.15145874, 696.732849121, 1741.08435059, 2612.65478516, 9649.74609375, 4079.3894043, 3650.96875, 3306.62939453, 3872.45043945, 3417.07421875, 4753.55810547, 8949.6328125, 2766.78735352, 1587.66137695, 1034.234375, 726.531433105, 397.163482666, 319.265289307, 285.364746094, 187.601394653, 283.341461182, 653.250183105, 443.31149292, 189.010696411, 100.314300537, 65.1659469604, 24.0260276794, 5.27167701721, 1.74409389496, 0.166927859187, 0.0211844649166, 0.00146201706957, 4.61924901174e-06], "dmean": [0.308584719896, 1.65782046318, 2.86530137062, 4.70595693588, 4.20741176605, 6.21730279922, 10.6027212143, 8.40634155273, 9.01029396057, 13.4189929962, 19.3641910553, 33.1254653931, 21.8537139893, 22.2680873871, 20.3318939209, 21.370223999, 21.4482898712, 24.8432769775, 31.9475593567, 20.5224018097, 16.5331745148, 13.6550178528, 14.3579797745, 9.90008068085, 8.77825260162, 8.05385017395, 6.47582769394, 6.51903581619, 9.36941146851, 8.05322360992, 5.62806129456, 4.27818441391, 3.02279877663, 2.47976541519, 1.35856699944, 0.655834436417, 0.209828183055, 0.0608507171273, 0.0118928616866, 0.000617726764176], "max": [9.31372070312, 38.5584945679, 125.525039673, 145.799194336, 100.21787262, 149.412994385, 256.533966064, 395.214477539, 609.25378418, 903.48425293, 1114.03894043, 2041.73620605, 1516.26574707, 1650.11999512, 1851.34118652, 2212.19995117, 1356.8626709, 1452.41052246, 2704.8996582, 1574.68701172, 960.24609375, 1088.59863281, 525.174377441, 472.301086426, 388.194000244, 364.869506836, 265.969787598, 317.309143066, 573.562133789, 555.688171387, 288.758361816, 266.191101074, 273.82119751, 113.856361389, 43.9078102112, 34.6768875122, 6.27271509171, 1.40900623798, 0.346608191729, 0.0199115909636], "var": [1.59128797054, 26.8879909515, 108.946792603, 150.37953186, 83.8397674561, 148.731750488, 468.961883545, 395.2449646, 602.2578125, 1557.26965332, 5358.94091797, 14643.1660156, 8543.31542969, 10178.1386719, 9320.58984375, 10805.1767578, 9477.65625, 10525.6767578, 16401.4023438, 5537.32568359, 2833.10961914, 1506.10864258, 1369.26586914, 824.809082031, 503.34487915, 476.659210205, 296.6612854, 426.275726318, 1111.07312012, 869.289611816, 423.889129639, 223.758621216, 113.718666077, 53.6968040466, 12.1183366776, 2.86767697334, 0.204849332571, 0.0239288285375, 0.00110298686195, 3.19729338116e-06], "mean": [1.12889814377, 4.66152954102, 5.39018583298, 5.35990524292, 5.45351171494, 9.03170871735, 16.0213699341, 10.9984102249, 9.73539543152, 14.9937095642, 30.3280391693, 47.4776306152, 35.204082489, 39.6086006165, 35.4640731812, 35.8788795471, 36.8770751953, 39.301197052, 46.1511726379, 31.5521640778, 24.8732280731, 20.5401153564, 22.535112381, 16.121339798, 12.5938272476, 11.8891916275, 9.31249809265, 9.47583580017, 14.0962896347, 12.3465452194, 9.24961185455, 7.15274620056, 5.24723005295, 4.5558757782, 2.59181571007, 1.09948647022, 0.283012866974, 0.0706744641066, 0.0105692250654, 0.000558187777642]}, "spectral_strongpeak": {"dmean2": 0.749549925327, "median": 0.556805074215, "min": 0, "dvar2": 3.31076002121, "dvar": 1.28805565834, "dmean": 0.444254875183, "max": 24.1158809662, "var": 1.91134333611, "mean": 0.944135546684}, "spectral_energy": {"dmean2": 0.0218311790377, "median": 0.0547191388905, "min": 1.07984777742e-20, "dvar2": 0.00127208628692, "dvar": 0.000524866278283, "dmean": 0.0139339948073, "max": 0.243176832795, "var": 0.00138544547372, "mean": 0.0516284443438}, "average_loudness": 0.951922893524, "spectral_rolloff": {"dmean2": 1429.84814453, "median": 775.1953125, "min": 21.533203125, "dvar2": 6606837.5, "dvar": 2978835, "dmean": 867.701171875, "max": 19875.1464844, "var": 8454540, "mean": 1932.59338379}, "spectral_centroid": {"dmean2": 549.001403809, "median": 1297.60461426, "min": 145.405548096, "dvar2": 402325.5625, "dvar": 218500.625, "dmean": 371.483459473, "max": 10994.4492188, "var": 739982.6875, "mean": 1456.7800293}, "pitch_salience": {"dmean2": 0.124013125896, "median": 0.448774665594, "min": 0.0766079649329, "dvar2": 0.0143008967862, "dvar": 0.0063489577733, "dmean": 0.0787172242999, "max": 0.895739614964, "var": 0.0318763889372, "mean": 0.476020157337}, "spectral_energyband_middle_high": {"dmean2": 0.00389583338983, "median": 0.00250774156302, "min": 1.40335441933e-21, "dvar2": 3.29986978613e-05, "dvar": 1.77956553671e-05, "dmean": 0.00269740913063, "max": 0.0795980393887, "var": 9.31614777073e-05, "mean": 0.00662066554651}, "spectral_contrast_coeffs": {"dmean2": [0.0907145440578, 0.0917500779033, 0.0741186365485, 0.0622433125973, 0.0442661084235, 0.0328486897051], "median": [-0.681549668312, -0.72003108263, -0.7719643116, -0.793127775192, -0.80011844635, -0.80959457159], "min": [-0.968948721886, -0.955680787563, -0.969226062298, -0.95741379261, -0.962090075016, -0.957411527634], "dvar2": [0.00586489774287, 0.00565816089511, 0.00372884864919, 0.00271557969972, 0.00152437004726, 0.000916685035918], "dvar": [0.00249901995994, 0.00234151748009, 0.00180633657146, 0.00122078810818, 0.000687261926942, 0.000441854412202], "dmean": [0.0563498698175, 0.0569905713201, 0.0479368269444, 0.0397360175848, 0.0285462569445, 0.0219492912292], "max": [-0.233469307423, -0.331592172384, -0.410361409187, -0.479896456003, -0.540196716785, -0.562568306923], "var": [0.0140271848068, 0.00684934575111, 0.00901106745005, 0.00565525796264, 0.00268491310999, 0.00181061204057], "mean": [-0.653557360172, -0.713467657566, -0.751537084579, -0.775199651718, -0.790910840034, -0.802381336689]}, "melbands_skewness": {"dmean2": 1.96348059177, "median": 3.44607257843, "min": -2.64757037163, "dvar2": 5.35765647888, "dvar": 2.4841837883, "dmean": 1.31819784641, "max": 28.8037014008, "var": 10.6640834808, "mean": 4.18139648438}, "spectral_spread": {"dmean2": 1545736.375, "median": 6720102, "min": 1062905.125, "dvar2": 2686308843520.0, "dvar": 1341896392700.0, "dmean": 1035932.875, "max": 40765768, "var": 4970165305340.0, "mean": 6898711.5}, "dissonance": {"dmean2": 0.0385088995099, "median": 0.468034625053, "min": 0.129387483001, "dvar2": 0.00171382457484, "dvar": 0.000675780058373, "dmean": 0.0235554613173, "max": 0.500000119209, "var": 0.00194249046035, "mean": 0.454951733351}, "spectral_skewness": {"dmean2": 0.351466476917, "median": 1.50773382187, "min": -0.210634917021, "dvar2": 0.14999447763, "dvar": 0.074516184628, "dmean": 0.241792201996, "max": 8.79473686218, "var": 0.486231088638, "mean": 1.57400631905}, "spectral_flux": {"dmean2": 0.0553483515978, "median": 0.0881203114986, "min": 1.03915723249e-10, "dvar2": 0.00473377527669, "dvar": 0.00198327680118, "dmean": 0.0349520221353, "max": 0.437508642673, "var": 0.00404086057097, "mean": 0.100550033152}, "spectral_contrast_valleys": {"dmean2": [0.782243669033, 0.746954321861, 0.697999238968, 0.679876804352, 0.573934018612, 0.518655180931], "median": [-6.55677032471, -6.92555475235, -7.44198083878, -7.77025794983, -7.46698284149, -9.03351783752], "min": [-26.7288856506, -27.2213249207, -27.1446666718, -27.2513637543, -27.3037109375, -27.3505802155], "dvar2": [0.611680209637, 0.458344757557, 0.390693873167, 0.401087224483, 0.328817754984, 0.316999167204], "dvar": [0.306029260159, 0.198355674744, 0.183790624142, 0.194815933704, 0.171731442213, 0.192106172442], "dmean": [0.488899558783, 0.465793758631, 0.453848421574, 0.446893006563, 0.397028595209, 0.379987388849], "max": [-4.80145406723, -4.60759210587, -5.03443431854, -5.52727270126, -5.61465835571, -7.23253250122], "var": [3.19644236565, 1.11055278778, 1.23591017723, 1.40413033962, 1.31433570385, 1.29854357243], "mean": [-7.38463687897, -7.07017469406, -7.5415763855, -7.88794851303, -7.66755056381, -9.35600376129]}, "erbbands_flatness_db": {"dmean2": 0.0332564674318, "median": 0.118468277156, "min": 0.0260545369238, "dvar2": 0.00111122976523, "dvar": 0.000561994907912, "dmean": 0.0231913998723, "max": 0.442552089691, "var": 0.00329163251445, "mean": 0.128902554512}, "spectral_energyband_high": {"dmean2": 0.00151756661944, "median": 0.00113589642569, "min": 8.15747667862e-21, "dvar2": 7.24457640899e-06, "dvar": 3.77306355404e-06, "dmean": 0.00104613264557, "max": 0.0286092944443, "var": 8.9901359388e-06, "mean": 0.00204790360294}, "spectral_entropy": {"dmean2": 0.322803109884, "median": 7.87201690674, "min": 4.36872625351, "dvar2": 0.122049838305, "dvar": 0.0635250359774, "dmean": 0.22513872385, "max": 9.78563022614, "var": 0.328312665224, "mean": 7.7714972496}, "silence_rate_20dB": {"dmean2": 0, "median": 1, "min": 1, "dvar2": 0, "dvar": 0, "dmean": 0, "max": 1, "var": 0, "mean": 1}, "melbands_flatness_db": {"dmean2": 0.0494437143207, "median": 0.222752794623, "min": 0.0062460610643, "dvar2": 0.00269961333834, "dvar": 0.00149511359632, "dmean": 0.0345090702176, "max": 0.620587408543, "var": 0.00983846280724, "mean": 0.224802345037}, "barkbands": {"dmean2": [0.00111524795648, 0.0134559068829, 0.00460277404636, 0.00311407120898, 0.00254166871309, 0.00188754103146, 0.00127275066916, 0.00126310100313, 0.00216199574061, 0.000968906679191, 0.000827884708997, 0.000802899536211, 0.000799466157332, 0.000888207403477, 0.000848548777867, 0.000509200966917, 0.000411291926866, 0.000399752228986, 0.00027862060233, 0.00026247985079, 0.00023631741351, 0.000406726059737, 0.000303114997223, 0.000278112071101, 0.000303669949062, 0.000200348702492, 0.000110349312308], "median": [0.000225425465032, 0.0253310054541, 0.000792302191257, 0.000697704381309, 0.00161016464699, 0.000848832190968, 0.000228038144996, 0.000267026480287, 0.000387117033824, 0.000207412085729, 0.000115808288683, 0.000151734275278, 0.000132468383526, 0.000107568688691, 0.000122776400531, 0.00010548249702, 0.000125013757497, 0.000137052775244, 0.000102802820038, 9.25512722461e-05, 8.34425882204e-05, 0.000109527012683, 0.000114953421871, 0.000159624512889, 0.000273099809419, 0.000109609602077, 9.2370692073e-06], "min": [3.7234651245e-23, 1.24846633585e-23, 2.365724435e-24, 8.15277490354e-24, 2.33442937625e-23, 7.94358129771e-23, 3.00859116803e-23, 2.76114979898e-23, 5.03303354951e-23, 4.66735613026e-23, 4.62389210319e-23, 7.6060479112e-23, 1.05572125297e-22, 1.66396336626e-22, 6.38540998485e-23, 1.37681168587e-22, 1.16292991123e-22, 1.99774745466e-22, 2.28872050349e-22, 4.77940858381e-22, 3.35584205871e-22, 4.23870994029e-22, 5.49847965894e-22, 6.85398048834e-22, 1.42387207301e-21, 2.09571357874e-21, 2.55568496825e-21], "dvar2": [1.11900435513e-05, 0.000818406697363, 0.000163321063155, 8.03990042186e-05, 1.41905902638e-05, 1.1797692423e-05, 1.34255205921e-05, 1.11399240268e-05, 3.40272927133e-05, 6.90654724167e-06, 5.97209418629e-06, 4.51495179732e-06, 4.10817619922e-06, 6.57545206195e-06, 5.95949131821e-06, 1.37587517202e-06, 8.20911964183e-07, 5.06670858158e-07, 2.9816476399e-07, 2.66472767407e-07, 2.56370469742e-07, 1.07734103949e-06, 5.24616552866e-07, 4.14942803673e-07, 2.70685035275e-07, 1.31206206788e-07, 1.0901328551e-07], "dvar": [4.17993487645e-06, 0.000316457066219, 6.14787786617e-05, 2.84093712253e-05, 5.46633009435e-06, 4.53621714769e-06, 5.27472411704e-06, 4.52694666819e-06, 1.54527606355e-05, 3.33632328875e-06, 3.1197446333e-06, 2.43245585807e-06, 1.86922568446e-06, 3.0948526728e-06, 2.42289979724e-06, 5.96738573222e-07, 3.43767567301e-07, 2.26251742674e-07, 1.31268237169e-07, 1.21601786418e-07, 1.19475828342e-07, 4.99287182265e-07, 2.4932299425e-07, 2.10646348364e-07, 1.36847944532e-07, 5.84852877239e-08, 4.06065971958e-08], "dmean": [0.000666333187837, 0.00832064356655, 0.00272450037301, 0.00174383528065, 0.00156937283464, 0.00116405810695, 0.000757076253649, 0.000778223737143, 0.00143347051926, 0.000641876948066, 0.000563490320928, 0.000533247133717, 0.000515016843565, 0.00057588116033, 0.000535022001714, 0.000327539688442, 0.000258513347944, 0.000257890496869, 0.000176159286639, 0.000170580722624, 0.00015527071082, 0.000267102237558, 0.000201593196834, 0.000186659541214, 0.000203976436751, 0.000128123123432, 6.47585984552e-05], "max": [0.0430677980185, 0.202632054687, 0.109186723828, 0.0604151897132, 0.0284477788955, 0.0389778278768, 0.0623810701072, 0.0389470905066, 0.0653581693769, 0.0401596873999, 0.0555101260543, 0.0429863370955, 0.0304756257683, 0.0383512973785, 0.0354122556746, 0.0140308402479, 0.018470229581, 0.00846162624657, 0.00758991623297, 0.00716657424346, 0.00584458420053, 0.0171947292984, 0.00975218787789, 0.0122575778514, 0.00734272785485, 0.00558747164905, 0.00178291229531], "var": [8.66224036145e-06, 0.00077225419227, 7.67211895436e-05, 1.96558776224e-05, 7.98589826445e-06, 5.7320257838e-06, 4.82573796035e-06, 7.62482204664e-06, 2.82198434434e-05, 7.98073233454e-06, 8.53421715874e-06, 7.09196683601e-06, 4.57462556369e-06, 7.74703948991e-06, 3.18855995829e-06, 1.2456262084e-06, 5.08701759827e-07, 4.35490562722e-07, 2.29072327329e-07, 2.0410728041e-07, 1.85723067148e-07, 8.86030363745e-07, 5.40410439953e-07, 4.33406881939e-07, 3.17170901099e-07, 8.42575715865e-08, 3.22394235752e-08], "mean": [0.00177846720908, 0.0271985977888, 0.00388513249345, 0.00184864317998, 0.00246198941022, 0.0016355663538, 0.000802613969427, 0.00108183349948, 0.0021416223608, 0.00102566997521, 0.00084851460997, 0.00087027385598, 0.000796776614152, 0.000865986803547, 0.000696908158716, 0.000485767261125, 0.000378019904019, 0.000397729920223, 0.000259668071521, 0.000247410032898, 0.000222102578846, 0.000403034180636, 0.000329654430971, 0.000321799365338, 0.00039427675074, 0.000190714301425, 5.96226345806e-05]}, "erbbands_skewness": {"dmean2": 0.74688655138, "median": 0.390971183777, "min": -5.27050876617, "dvar2": 0.607765316963, "dvar": 0.292486071587, "dmean": 0.500854432583, "max": 5.85882854462, "var": 0.953045547009, "mean": 0.357065141201}, "erbbands_spread": {"dmean2": 21.5039749146, "median": 43.8402709961, "min": 1.54390609264, "dvar2": 550.107177734, "dvar": 250.802536011, "dmean": 14.2695407867, "max": 162.568328857, "var": 872.905212402, "mean": 50.3465843201}, "melbands_kurtosis": {"dmean2": 35.5975494385, "median": 15.80626297, "min": -1.86817848682, "dvar2": 5324.92285156, "dvar": 2257.71826172, "dmean": 23.1798744202, "max": 1446.15368652, "var": 4527.30566406, "mean": 41.9260139465}, "mel