{"tonal": {"thpcp": [1, 0.630774259567, 0.146117836237, 0.0879858210683, 0.0977608039975, 0.194421410561, 0.333254367113, 0.263133943081, 0.101501680911, 0.0590360052884, 0.0707352608442, 0.197669997811, 0.361868560314, 0.268644303083, 0.150156393647, 0.192837402225, 0.137035384774, 0.0560146085918, 0.0412661731243, 0.0477042421699, 0.142038434744, 0.25237724185, 0.177585929632, 0.0650595352054, 0.0525695607066, 0.0528827942908, 0.0808959305286, 0.114180468023, 0.104220278561, 0.0947104990482, 0.0935143530369, 0.0751462802291, 0.0807582959533, 0.107080757618, 0.158062025905, 0.569683909416], "hpcp": {"dmean2": [0.133990630507, 0.143518343568, 0.125760212541, 0.112053267658, 0.116074159741, 0.127234339714, 0.146418809891, 0.208158954978, 0.358041912317, 0.30825600028, 0.321276754141, 0.191527232528, 0.151144981384, 0.160570174456, 0.213525637984, 0.238065928221, 0.19926482439, 0.1333309412, 0.0975850299001, 0.10781801492, 0.174924150109, 0.228166401386, 0.21095661819, 0.165488362312, 0.170956447721, 0.136265337467, 0.0882685482502, 0.0642853751779, 0.0707609057426, 0.116058513522, 0.148318186402, 0.125625982881, 0.0793360993266, 0.0801938772202, 0.0907865762711, 0.115009114146], "median": [0.0163651891053, 0.0156469494104, 0.0124252233654, 0.0102333780378, 0.00831252709031, 0.0111425183713, 0.0150234941393, 0.0286036171019, 0.339053660631, 0.81184732914, 0.397273302078, 0.0341299585998, 0.00558216962963, 0.00804313458502, 0.0350774377584, 0.0629283189774, 0.045665178448, 0.0156775638461, 0.00651627592742, 0.00940807163715, 0.0485789254308, 0.0852126702666, 0.0652185231447, 0.0337368547916, 0.0251764059067, 0.0164106972516, 0.00712180882692, 0.00574844423681, 0.00676822522655, 0.0270623974502, 0.0593929439783, 0.0451886579394, 0.0124082816765, 0.00666854996234, 0.00597883015871, 0.00968705862761], "min": [0, 0, 0, 0, 0, 0, 0, 0, 0, 0, 0, 0, 0, 0, 0, 0, 0, 0, 0, 0, 0, 0, 0, 0, 0, 0, 0, 0, 0, 0, 0, 0, 0, 0, 0, 0], "dvar2": [0.0810476019979, 0.0918608233333, 0.0743049457669, 0.0621048249304, 0.0731811970472, 0.0835535824299, 0.0909992605448, 0.104663312435, 0.127715870738, 0.134102597833, 0.0918869301677, 0.0877530649304, 0.0985004156828, 0.10127080977, 0.108489200473, 0.113612599671, 0.0918731093407, 0.0629205703735, 0.0434062592685, 0.0456368997693, 0.0671890452504, 0.0966094881296, 0.0869691297412, 0.0725330635905, 0.0835057646036, 0.0650077834725, 0.0483991652727, 0.0317827165127, 0.0356817506254, 0.0480160005391, 0.0641787275672, 0.0469865128398, 0.0313982516527, 0.0468364097178, 0.0515167228878, 0.0752170979977], "dvar": [0.0282920785248, 0.0303742345423, 0.0262901503593, 0.0236543491483, 0.0248678270727, 0.0278007239103, 0.031576178968, 0.0386976748705, 0.0478198044002, 0.0573299452662, 0.0354985073209, 0.0324020236731, 0.0356313325465, 0.0377232432365, 0.0401057973504, 0.0453317910433, 0.035752825439, 0.0227724742144, 0.0154318269342, 0.0166663378477, 0.0255329981446, 0.0384149327874, 0.0336035788059, 0.0268050581217, 0.0320003181696, 0.0243147928268, 0.0167779829353, 0.010764121078, 0.012631312944, 0.0182038582861, 0.0254252552986, 0.0175615157932, 0.0112113542855, 0.0164453834295, 0.0180630348623, 0.0265531688929], "dmean": [0.0741462633014, 0.0786592066288, 0.0692528113723, 0.0626330524683, 0.0630131959915, 0.0681583210826, 0.0797294452786, 0.116750024259, 0.2085211128, 0.179652437568, 0.192052006721, 0.10667835176, 0.0819784849882, 0.0875704586506, 0.121696963906, 0.137474775314, 0.117793358862, 0.0741477683187, 0.0522869192064, 0.0596108287573, 0.102807849646, 0.135114774108, 0.124457754195, 0.0946184247732, 0.0981566980481, 0.0788275077939, 0.0475344397128, 0.034823384136, 0.0388601869345, 0.067120410502, 0.0875129401684, 0.0752176567912, 0.0449905693531, 0.0435629151762, 0.0488426573575, 0.062734387815], "max": [1, 1, 1, 1, 1, 1, 1, 1, 1, 1, 1, 1, 1, 1, 1, 1, 1, 1, 1, 1, 1, 1, 1, 1, 1, 1, 1, 1, 1, 1, 1, 1, 1, 1, 1, 1], "var": [0.0286648385227, 0.0228277761489, 0.0240096393973, 0.0240406319499, 0.0164128094912, 0.0185151025653, 0.0261054877192, 0.0339427478611, 0.0804427117109, 0.147306680679, 0.0808284953237, 0.0268141273409, 0.0246875416487, 0.026907550171, 0.0408616960049, 0.0943250656128, 0.0664806738496, 0.0188039653003, 0.0106185544282, 0.0123228225857, 0.0342128872871, 0.0949514582753, 0.0580463670194, 0.026396356523, 0.0518262274563, 0.0308381710202, 0.0105534857139, 0.0069404435344, 0.00911077670753, 0.0306650400162, 0.0661585330963, 0.0322599746287, 0.00864304136485, 0.0106740090996, 0.0108919711784, 0.0206024069339], "mean": [0.0732746869326, 0.066882789135, 0.0607799403369, 0.0600123219192, 0.048224709928, 0.0518261902034, 0.0687184855342, 0.101435430348, 0.365591526031, 0.641744494438, 0.404795914888, 0.0937703177333, 0.0564644150436, 0.0627374574542, 0.124768868089, 0.213864147663, 0.168864756823, 0.0651381462812, 0.037886030972, 0.0453939661384, 0.126853629947, 0.232227161527, 0.172400996089, 0.0963620394468, 0.123752340674, 0.0879417061806, 0.0359470658004, 0.0264823399484, 0.0306139346212, 0.0911523848772, 0.161961704493, 0.113964796066, 0.0417516008019, 0.0337362252176, 0.0339372418821, 0.0519145168364]}, "tuning_equal_tempered_deviation": 0.0891125500202, "chords_changes_rate": 0.0591418631375, "key_key": "F", "tuning_diatonic_strength": 0.618771016598, "key_scale": "major", "chords_number_rate": 0.00154619244859, "tuning_frequency": 438.477722168, "tuning_nontempered_energy_ratio": 0.698845267296, "chords_histogram": [21.4340934753, 20.9895629883, 37.5918045044, 0, 4.92848873138, 0.425202935934, 0.154619246721, 0, 0.773096263409, 0, 0.0193274058402, 0, 0, 0, 0.115964435041, 0, 0, 5.43100118637, 0.115964435041, 1.275608778, 0, 3.22767686844, 0.115964435041, 3.40162348747], "key_strength": 0.704859316349, "chords_key": "C", "chords_strength": {"dmean2": 0.00721498951316, "median": 0.516435146332, "min": -1, "dvar2": 0.000740479736123, "dvar": 0.000397707801312, "dmean": 0.00701364502311, "max": 0.727014601231, "var": 0.0242855474353, "mean": 0.513681054115}, "chords_scale": "major", "hpcp_entropy": {"dmean2": 1.01448500156, "median": 1.63552331924, "min": 0, "dvar2": 0.722877264023, "dvar": 0.277271866798, "dmean": 0.611309230328, "max": 4.26483297348, "var": 0.569431066513, "mean": 1.62532162666}}, "metadata": {"audio_properties": {"equal_loudness": 0, "codec": "flac", "downmix": "mix", "sample_rate": 44100, "analysis_sample_rate": 44100, "bit_rate": 0, "md5_encoded": "aa35a12ed31a71a1015c0814845fdf51", "length": 240.226669312, "replay_gain": -15.630774498, "lossless": true}, "version": {"essentia_build_sha": "c0e182ba78c2de26e491b7b7a4a2c98c1ed34208", "essentia": "2.1-beta2", "extractor": "music 1.0", "essentia_git_sha": "v2.1_beta2-2-gbb40004"}, "tags": {"title": ["Morning Dreams"], "artist": ["Ladyhawke"], "date": ["2008-00-00"], "file_name": "12-Morning_Dreams.flac", "musicbrainz_albumid": ["93a6268c-ddf1-4898-bf93-fb862b1c5c5e"], "album": ["Ladyhawke"], "tracknumber": ["12"], "musicbrainz_artistid": ["2e547c75-36c1-49d0-984e-b14498c936f0"], "musicbrainz_recordingid": ["e3615759-5741-47bc-8204-5171354492ce"]}}, "rhythm": {"bpm_histogram_first_peak_bpm": {"dmean2": 0, "median": 83, "min": 83, "dvar2": 0, "dvar": 0, "dmean": 0, "max": 83, "var": 0, "mean": 83}, "bpm": 82.9023361206, "bpm_histogram_second_peak_spread": {"dmean2": 0, "median": 0, "min": 0, "dvar2": 0, "dvar": 0, "dmean": 0, "max": 0, "var": 0, "mean": 0}, "bpm_histogram_first_peak_weight": {"dmean2": 0, "median": 0.91515147686, "min": 0.91515147686, "dvar2": 0, "dvar": 0, "dmean": 0, "max": 0.91515147686, "var": 0, "mean": 0.91515147686}, "onset_rate": 2.84292817116, "beats_position": [0.708208620548, 1.4164172411, 2.12462592125, 2.83283448219, 3.50621318817, 4.17959165573, 4.85297060013, 5.52634906769, 6.19972801208, 6.87310647964, 7.55809497833, 8.24308395386, 8.97451210022, 9.69433116913, 10.4257593155, 11.1571884155, 11.900226593, 12.6316547394, 13.3514738083, 14.0712919235, 14.7911109924, 15.5109291077, 16.242357254, 16.9737873077, 17.693605423, 18.4134235382, 19.1332416534, 19.853061676, 20.5844898224, 21.3159179688, 22.035736084, 22.7555541992, 23.4753742218, 24.195192337, 24.9266204834, 25.6464385986, 26.3778686523, 27.0976867676, 27.8175048828, 28.537322998, 29.2571430206, 29.9769611359, 30.6967792511, 31.4282073975, 32.1596374512, 32.8794555664, 33.5992736816, 34.3190917969, 35.0389099121, 35.7703399658, 36.4901580811, 37.2099761963, 37.94140625, 38.6612243652, 39.3810424805, 40.1008605957, 40.8206787109, 41.5404968262, 42.2719268799, 42.9917449951, 43.7231750488, 44.4429931641, 45.1628112793, 45.8826293945, 46.6140594482, 47.3454856873, 48.0653038025, 48.7851219177, 49.5049438477, 50.2247619629, 50.9445800781, 51.6643981934, 52.3842163086, 53.1040344238, 53.8354644775, 54.5668907166, 55.2867126465, 56.0065307617, 56.726348877, 57.4461669922, 58.1775970459, 58.8974151611, 59.6172332764, 60.3486595154, 61.0684814453, 61.7882995605, 62.5081176758, 63.2395439148, 63.9709739685, 64.6907958984, 65.4106140137, 66.1304321289, 66.8502502441, 67.5700683594, 68.3014984131, 69.0329208374, 69.7527389526, 70.4725646973, 71.1923828125, 71.9122009277, 72.632019043, 73.3518371582, 74.0716552734, 74.8030853271, 75.5345077515, 76.2543258667, 76.9741516113, 77.6939697266, 78.4253921509, 79.1568222046, 79.8766403198, 80.5964584351, 81.3162765503, 82.0360946655, 82.7559204102, 83.4757385254, 84.2071609497, 84.9385910034, 85.6584091187, 86.3782272339, 87.0980453491, 87.8178634644, 88.537689209, 89.2691116333, 90.000541687, 90.7203598022, 91.4401779175, 92.1599960327, 92.8798141479, 93.5996322632, 94.3194503784, 95.039276123, 95.7706985474, 96.5021286011, 97.2219467163, 97.9417648315, 98.6615829468, 99.3930130005, 100.124443054, 100.844261169, 101.564079285, 102.2838974, 103.003715515, 103.72353363, 104.454963684, 105.174781799, 105.906211853, 106.626029968, 107.345848083, 108.065666199, 108.785484314, 109.505302429, 110.236732483, 110.956550598, 111.687980652, 112.407798767, 113.127616882, 113.847434998, 114.567253113, 115.287071228, 116.018501282, 116.749931335, 117.469749451, 118.189567566, 118.909385681, 119.629203796, 120.349021912, 121.080451965, 121.811882019, 122.531700134, 123.25151825, 123.971336365, 124.69115448, 125.410972595, 126.142402649, 126.873832703, 127.593650818, 128.313461304, 129.033279419, 129.753097534, 130.472915649, 131.192733765, 131.912567139, 132.643981934, 133.375411987, 134.095230103, 134.815048218, 135.534866333, 136.266296387, 136.99772644, 137.717544556, 138.437362671, 139.157180786, 139.876998901, 140.596817017, 141.316635132, 142.048065186, 142.779495239, 143.499313354, 144.21913147, 144.938949585, 145.6587677, 146.378585815, 147.110015869, 147.841445923, 148.561264038, 149.281082153, 150.000900269, 150.720718384, 151.440536499, 152.160354614, 152.891784668, 153.623214722, 154.343032837, 155.062850952, 155.782669067, 156.502487183, 157.222305298, 157.942123413, 158.673553467, 159.404983521, 160.124801636, 160.844619751, 161.564437866, 162.272644043, 162.980865479, 163.700683594, 164.432098389, 165.163528442, 165.883346558, 166.614776611, 167.346206665, 168.077636719, 168.809066772, 169.528884888, 170.248703003, 170.968521118, 171.688339233, 172.408157349, 173.127975464, 173.859405518, 174.590835571, 175.310653687, 176.030471802, 176.750289917, 177.470108032, 178.201538086, 178.93296814, 179.652786255, 180.37260437, 181.092422485, 181.812240601, 182.532058716, 183.251876831, 183.983306885, 184.714736938, 185.434555054, 186.154373169, 186.874191284, 187.594009399, 188.313827515, 189.03364563, 189.765075684, 190.496505737, 191.216323853, 191.936141968, 192.655960083, 193.375778198, 194.107208252, 194.838638306, 195.558456421, 196.278274536, 196.998092651, 197.717910767, 198.437728882, 199.157546997, 199.888977051, 200.620407104, 201.34022522, 202.060043335, 202.77986145, 203.499679565, 204.219497681, 204.950927734, 205.682357788, 206.402175903, 207.121994019, 207.841812134, 208.561630249, 209.293060303, 210.012878418, 210.744308472, 211.464126587, 212.183944702, 212.903762817, 213.623580933, 214.343399048, 215.063217163, 215.794647217, 216.526077271, 217.245895386, 217.965713501, 218.685531616, 219.405349731, 220.125167847, 220.8565979, 221.588027954, 222.307846069, 223.027664185, 223.7474823, 224.467300415, 225.198730469, 225.930160522, 226.649978638, 227.381408691, 228.112823486, 228.84425354, 229.587295532, 230.341949463, 231.096588135, 231.851242065, 232.605895996, 233.360534668, 234.126800537, 234.881454468, 235.647705078, 236.39074707, 237.133789062, 237.876815796, 238.631469727, 239.397735596], "beats_loudness": {"dmean2": 0.0237011089921, "median": 0.0550780296326, "min": 0, "dvar2": 0.000385266001103, "dvar": 0.000117925228551, "dmean": 0.0130991498008, "max": 0.100618623197, "var": 0.000539860047866, "mean": 0.0497795306146}, "danceability": 1.10174286366, "bpm_histogram_second_peak_weight": {"dmean2": 0, "median": 0.0242424234748, "min": 0.0242424234748, "dvar2": 0, "dvar": 0, "dmean": 0, "max": 0.0242424234748, "var": 0, "mean": 0.0242424234748}, "beats_count": 331, "bpm_histogram_second_peak_bpm": {"dmean2": 0, "median": 89, "min": 89, "dvar2": 0, "dvar": 0, "dmean": 0, "max": 89, "var": 0, "mean": 89}, "bpm_histogram_first_peak_spread": {"dmean2": 0, "median": 0.0532915592194, "min": 0.0532915592194, "dvar2": 0, "dvar": 0, "dmean": 0, "max": 0.0532915592194, "var": 0, "mean": 0.0532915592194}, "beats_loudness_band_ratio": {"dmean2": [0.223319381475, 0.216679945588, 0.17376883328, 0.115017436445, 0.0587920509279, 0.0842985510826], "median": [0.498126924038, 0.12813064456, 0.161666035652, 0.0488079190254, 0.0266740471125, 0.046530008316], "min": [0, 0, 0, 0, 0, 0], "dvar2": [0.0341576971114, 0.0522458776832, 0.0183510966599, 0.013564337045, 0.0047985217534, 0.0122351329774], "dvar": [0.0139278192073, 0.0170830432326, 0.00697596231475, 0.0055085318163, 0.0017018050421, 0.0041995854117], "dmean": [0.130807727575, 0.120238296688, 0.0984662398696, 0.0657929480076, 0.0337123535573, 0.0455012619495], "max": [0.911705136299, 0.79750341177, 0.64465212822, 0.578780949116, 0.26532125473, 0.64072984457], "var": [0.0436081886292, 0.0239397715777, 0.0109755210578, 0.00621467968449, 0.0018910493236, 0.00383715913631], "mean": [0.47870978713, 0.182185590267, 0.180060058832, 0.0774875283241, 0.0439018681645, 0.0596659108996]}}, "lowlevel": {"barkbands_spread": {"dmean2": 7.78199100494, "median": 19.263835907, "min": 0.982001841068, "dvar2": 115.266273499, "dvar": 61.1698188782, "dmean": 5.18244171143, "max": 122.0522995, "var": 251.774353027, "mean": 22.8120269775}, "melbands_spread": {"dmean2": 9.59963512421, "median": 18.1431999207, "min": 0.905520379543, "dvar2": 279.572479248, "dvar": 144.348510742, "dmean": 6.18708229065, "max": 307.833984375, "var": 495.987426758, "mean": 22.8869457245}, "hfc": {"dmean2": 11.8696260452, "median": 19.2452373505, "min": 1.07962177565e-16, "dvar2": 938.225585938, "dvar": 438.195587158, "dmean": 8.33219337463, "max": 495.346618652, "var": 994.827514648, "mean": 26.2165927887}, "barkbands_kurtosis": {"dmean2": 3.8944311142, "median": 2.53034353256, "min": -1.92708051205, "dvar2": 47.1414260864, "dvar": 20.0243034363, "dmean": 2.45954847336, "max": 116.942100525, "var": 72.9495849609, "mean": 4.94720935822}, "gfcc": {"mean": [-7.90725183487, 82.2251281738, -97.5827713013, 28.5733089447, -59.4097442627, 12.4916744232, -29.8790779114, 10.978386879, -18.595703125, 4.54009485245, -9.93956661224, 1.43594646454, -7.20007610321], "icov": [[7.15752466931e-05, -0.00012141391926, 0.000103990925709, -0.000138358023833, 0.000214398110984, -0.000291565753287, 0.000282377935946, -0.000302482425468, 0.000192706051166, -0.000170091283508, 0.000282155146124, -0.000131957116537, 0.000252878962783], [-0.00012141391926, 0.00141728855669, 4.59309703729e-05, -0.000129445732455, -0.000641791324597, 0.000627403322142, -0.00122063653544, 0.000516781525221, -0.000623040716164, 0.000428827537689, -0.00186040846165, 0.00203909608535, -0.00132912734989], [0.000103990925709, 4.59309703729e-05, 0.00171110534575, -0.000973492919002, -0.000215502688661, -0.000954951159656, -2.1322251996e-05, 6.96242568665e-05, -0.000206742828595, -0.000455599802081, 0.000558447849471, -8.08471013443e-05, 0.000773456180468], [-0.000138358023833, -0.000129445732455, -0.000973492919002, 0.00422681448981, -0.000997168826871, -0.00042276995373, 0.000913833559025, -0.000625674321782, -0.000726366182789, 0.000887943082489, -0.0010422518244, 0.000265774840955, -0.000435265275883], [0.000214398110984, -0.000641791324597, -0.000215502688661, -0.000997168826871, 0.00481315748766, -0.00109832326416, -0.00050271890359, -0.00149915006477, -0.000137037408422, -0.000705486396328, 0.00169063382782, -0.000490227655973, 0.00041773263365], [-0.000291565753287, 0.000627403322142, -0.000954951159656, -0.00042276995373, -0.00109832326416, 0.0103136515245, -0.00591900106519, 0.000197069064598, 0.00152531487402, -0.00135362683795, 0.000822390837129, -0.00111447193194, 0.000630239374004], [0.000282377935946, -0.00122063653544, -2.1322251996e-05, 0.000913833559025, -0.00050271890359, -0.00591900106519, 0.0117482123896, -0.00360394199379, -0.000971325207502, 0.00174143456388, -0.00256250076927, 0.00128989957739, 0.000781829934567], [-0.000302482425468, 0.000516781525221, 6.96242568665e-05, -0.000625674321782, -0.00149915006477, 0.000197069064598, -0.00360394199379, 0.0133583815768, -0.00442251050845, -0.00150843127631, 0.00339389429428, -0.000983892590739, -0.000506351178046], [0.000192706051166, -0.000623040716164, -0.000206742828595, -0.000726366182789, -0.000137037408422, 0.00152531487402, -0.000971325207502, -0.00442251050845, 0.0131231648847, -0.00514336070046, 0.00114567996934, 0.000960603298154, 0.00161432439927], [-0.000170091283508, 0.000428827537689, -0.000455599802081, 0.000887943082489, -0.000705486396328, -0.00135362683795, 0.00174143456388, -0.00150843127631, -0.00514336070046, 0.015189091675, -0.00412586377934, -0.000576813879889, 0.00138159061316], [0.000282155146124, -0.00186040846165, 0.000558447849471, -0.0010422518244, 0.00169063382782, 0.000822390837129, -0.00256250076927, 0.00339389429428, 0.00114567996934, -0.00412586377934, 0.0152922002599, -0.00472870841622, -0.00104248209391], [-0.000131957116537, 0.00203909608535, -8.08471013443e-05, 0.000265774840955, -0.000490227655973, -0.00111447193194, 0.00128989957739, -0.000983892590739, 0.000960603298154, -0.000576813879889, -0.00472870841622, 0.0186396203935, -0.00700652273372], [0.000252878962783, -0.00132912734989, 0.000773456180468, -0.000435265275883, 0.00041773263365, 0.000630239374004, 0.000781829934567, -0.000506351178046, 0.00161432439927, 0.00138159061316, -0.00104248209391, -0.00700652273372, 0.0166173968464]], "cov": [[30061.5878906, 317.198883057, -855.318664551, 633.851806641, -660.256164551, 558.838439941, -433.74710083, 625.626525879, -100.399208069, 240.073028564, -578.511474609, -41.9360198975, -404.991699219], [317.198883057, 1406.3425293, -46.8966827393, 100.6067276, 147.408111572, 10.5899162292, 190.379730225, 3.53425240517, 69.0106430054, -1.10638225079, 154.41494751, -104.06401062, 58.716960907], [-855.318664551, -46.8966827393, 973.705322266, 242.627288818, 237.854919434, 168.459777832, 119.281448364, 92.1402053833, 99.0920410156, 53.0866928101, -53.1839256287, -32.7741470337, -76.0690612793], [633.851806641, 100.6067276, 242.627288818, 354.571960449, 122.181098938, 75.9278411865, 33.5393829346, 68.4796676636, 50.4454154968, 20.3820323944, -16.2942752838, -16.4488697052, -23.5997962952], [-660.256164551, 147.408111572, 237.854919434, 122.181098938, 367.448730469, 95.0699768066, 113.465629578, 86.0435638428, 76.3395309448, 30.041885376, -23.9815292358, -27.8682613373, -24.7606239319], [558.838439941, 10.5899162292, 168.459777832, 75.9278411865, 95.0699768066, 202.965499878, 104.188934326, 67.4705963135, 25.3864936829, 27.7598323822, -28.2455348969, -7.82221221924, -36.2874069214], [-433.74710083, 190.379730225, 119.281448364, 33.5393829346, 113.465629578, 104.188934326, 198.948852539, 58.0552749634, 48.634311676, 11.3976821899, 21.6514873505, -26.8482589722, -12.8748340607], [625.626525879, 3.53425240517, 92.1402053833, 68.4796676636, 86.0435638428, 67.4705963135, 58.0552749634, 153.057312012, 68.8624420166, 36.7711906433, -48.8094444275, -13.3603887558, -32.9646224976], [-100.399208069, 69.0106430054, 99.0920410156, 50.4454154968, 76.3395309448, 25.3864936829, 48.634311676, 68.8624420166, 134.904678345, 47.6474914551, -13.3678236008, -23.8822669983, -27.2903327942], [240.073028564, -1.10638225079, 53.0866928101, 20.3820323944, 30.041885376, 27.7598323822, 11.3976821899, 36.7711906433, 47.6474914551, 94.1983642578, 4.25314474106, -0.329680234194, -19.2354717255], [-578.511474609, 154.41494751, -53.1839256287, -16.2942752838, -23.9815292358, -28.2455348969, 21.6514873505, -48.8094444275, -13.3678236008, 4.25314474106, 125.40827179, 20.1742076874, 39.6898040771], [-41.9360198975, -104.06401062, -32.7741470337, -16.4488697052, -27.8682613373, -7.82221221924, -26.8482589722, -13.3603887558, -23.8822669983, -0.329680234194, 20.1742076874, 84.0120849609, 34.2984085083], [-404.991699219, 58.716960907, -76.0690612793, -23.5997962952, -24.7606239319, -36.2874069214, -12.8748340607, -32.9646224976, -27.2903327942, -19.2354717255, 39.6898040771, 34.2984085083, 96.7616577148]]}, "spectral_energyband_middle_low": {"dmean2": 0.00797744560987, "median": 0.0134449247271, "min": 1.53547471176e-22, "dvar2": 0.000107809253677, "dvar": 4.46239682788e-05, "dmean": 0.00523879891261, "max": 0.0827224999666, "var": 0.000161759220646, "mean": 0.0157301668078}, "melbands_crest": {"dmean2": 4.29472398758, "median": 13.9545965195, "min": 1.6658513546, "dvar2": 15.5995435715, "dvar": 6.02703714371, "dmean": 2.68806862831, "max": 30.0946617126, "var": 21.9456672668, "mean": 14.4111156464}, "spectral_kurtosis": {"dmean2": 1.52883851528, "median": 3.42712831497, "min": -1.27386260033, "dvar2": 3.43091773987, "dvar": 1.30044949055, "dmean": 0.937422513962, "max": 28.525636673, "var": 4.86071062088, "mean": 3.65173792839}, "spectral_rms": {"dmean2": 0.000989070744254, "median": 0.00583395641297, "min": 3.13275902615e-12, "dvar2": 1.36392861805e-06, "dvar": 5.6752941191e-07, "dmean": 0.000650382658932, "max": 0.0112099153921, "var": 5.0855715017e-06, "mean": 0.00538004795089}, "zerocrossingrate": {"dmean2": 0.0119823133573, "median": 0.04931640625, "min": 0.00244140625, "dvar2": 0.00026834718301, "dvar": 0.00025540633942, "dmean": 0.0104707209393, "max": 0.52197265625, "var": 0.00398624734953, "mean": 0.0634402707219}, "silence_rate_60dB": {"dmean2": 0.00541324308142, "median": 0, "min": 0, "dvar2": 0.00693091144785, "dvar": 0.00269891461357, "dmean": 0.00270635983907, "max": 1, "var": 0.108051329851, "mean": 0.123224124312}, "erbbands_kurtosis": {"dmean2": 1.78927206993, "median": 0.176184415817, "min": -1.84768915176, "dvar2": 6.15002202988, "dvar": 2.99969315529, "dmean": 1.1750715971, "max": 57.0795440674, "var": 9.12764549255, "mean": 1.15706932545}, "erbbands": {"dmean2": [0.164871141315, 1.5284999609, 2.91293025017, 6.98645544052, 8.88990783691, 12.1472492218, 19.1061878204, 20.010597229, 6.73538017273, 28.3593463898, 48.526184082, 53.145198822, 25.6423606873, 21.4334182739, 41.9870185852, 18.7640018463, 19.8364944458, 18.7001590729, 21.7799015045, 16.9659519196, 16.2170467377, 15.3701639175, 12.7829494476, 13.8840818405, 11.9111261368, 11.7997617722, 6.18432235718, 7.28292512894, 8.11059856415, 7.75325727463, 6.83919095993, 5.1822104454, 5.09219551086, 2.35633778572, 0.969725310802, 0.321737676859, 0.200328752398, 0.0293945129961, 0.00236784014851, 0.000176483968971], "median": [0.210030242801, 2.02428746223, 1.44558763504, 2.23700070381, 2.80808568001, 7.03507375717, 12.2884140015, 10.2582607269, 5.63832998276, 12.5961017609, 28.9444389343, 23.0027427673, 10.3218231201, 6.92129611969, 11.9500627518, 10.1568784714, 8.46883201599, 9.35933208466, 9.54420757294, 7.32958364487, 7.40782833099, 7.47104454041, 7.90593719482, 7.7068696022, 6.76419973373, 7.00739717484, 4.6972155571, 4.30677890778, 2.93943524361, 2.39603734016, 1.66636312008, 1.29049015045, 0.859155118465, 0.541354835033, 0.238313779235, 0.0831138193607, 0.0246989857405, 0.00483258580789, 0.000617174315266, 8.29606942716e-05], "min": [8.66683169481e-23, 6.74396455811e-22, 1.81578483502e-21, 6.74307861051e-21, 2.87001279323e-21, 1.64484315507e-20, 3.88579595727e-20, 7.99454552396e-20, 7.61092306655e-20, 1.96523353539e-19, 1.72382345855e-19, 2.4888915959e-19, 5.60416622763e-19, 6.24463408136e-19, 8.16722361273e-19, 1.13288578404e-18, 1.15825934253e-18, 1.94564047011e-18, 2.66172824485e-18, 3.77125992847e-18, 3.60324300244e-18, 3.52715851611e-18, 4.25725500812e-18, 5.39680176744e-18, 7.33364848046e-18, 8.85538535641e-18, 1.07736792355e-17, 1.00166178963e-17, 1.09474897345e-17, 1.08675294934e-17, 1.00120708844e-17, 1.06316663864e-17, 1.03444618331e-17, 7.14616551308e-18, 6.53531372381e-18, 3.52858747062e-18, 2.23752541811e-18, 1.00704679745e-18, 2.58429576431e-19, 2.86770270558e-20], "dvar2": [0.084022000432, 6.96186351776, 35.238117218, 167.090652466, 463.054138184, 539.169555664, 954.823181152, 1286.89465332, 110.706596375, 3000.46606445, 8085.47119141, 10437.7236328, 3804.31860352, 5578.8515625, 13360.65625, 1344.3494873, 1792.45678711, 1290.36047363, 2187.7331543, 1434.24365234, 1492.66906738, 1433.58666992, 683.97479248, 1166.81335449, 1650.84887695, 1382.92932129, 211.022094727, 721.715576172, 874.017028809, 763.641601562, 1036.75500488, 548.34588623, 707.698425293, 149.191314697, 15.602973938, 3.23422861099, 1.45972084999, 0.021360706538, 5.50028089492e-05, 2.39946132297e-07], "dvar": [0.0319650806487, 2.61637401581, 12.7974205017, 55.9279022217, 160.637710571, 224.581985474, 414.275238037, 551.188110352, 44.2606735229, 1796.3182373, 3819.4675293, 5024.53320312, 1873.90270996, 2444.20117188, 6156.88476562, 593.326843262, 727.636352539, 493.205352783, 886.562133789, 555.148254395, 590.522583008, 662.567749023, 288.777954102, 488.601959229, 790.081604004, 684.554138184, 92.2009811401, 288.348297119, 409.381896973, 359.097808838, 424.977416992, 238.834625244, 293.086608887, 64.1720581055, 6.67687034607, 1.49945986271, 0.653170228004, 0.0126267112792, 3.13150121656e-05, 1.17680407641e-07], "dmean": [0.106280788779, 0.974414348602, 1.70556426048, 3.88819980621, 4.96616697311, 7.64443826675, 12.1121025085, 12.5588569641, 4.29807281494, 20.1728782654, 33.1340370178, 36.4466705322, 16.844499588, 13.6035165787, 27.4887523651, 11.8843355179, 12.3886060715, 11.3706226349, 13.481262207, 10.3361406326, 10.0712118149, 9.79819488525, 8.06565570831, 8.90176677704, 7.53263282776, 7.64887857437, 3.82927060127, 4.56944894791, 5.21797847748, 5.17217540741, 4.50066184998, 3.43513989449, 3.33534550667, 1.54762542248, 0.646130859852, 0.225712016225, 0.13545756042, 0.0204279795289, 0.00164371822029, 0.00011976622045], "max": [2.55401515961, 19.4240951538, 60.577255249, 76.1825256348, 179.195632935, 319.931671143, 331.285705566, 561.752624512, 118.228889465, 946.692260742, 1538.77905273, 1495.95275879, 2104.12841797, 2311.14453125, 2111.15673828, 535.494018555, 940.922424316, 544.331054688, 670.803283691, 632.931274414, 673.548583984, 843.357299805, 416.48538208, 725.541992188, 887.748046875, 909.215026855, 281.559356689, 587.206726074, 536.774841309, 345.301269531, 543.539978027, 357.554718018, 863.158508301, 286.766448975, 64.2326431274, 69.0396652222, 32.8901023865, 5.76640462875, 0.205493032932, 0.00976913049817], "var": [0.0663195922971, 5.49485349655, 21.1036872864, 51.4503707886, 118.574768066, 783.938293457, 1309.54785156, 1636.40783691, 87.6663360596, 7349.11230469, 9560.05859375, 15255.1445312, 4469.06347656, 5719.02294922, 18627.4492188, 1696.2322998, 1558.77258301, 930.127380371, 1350.77246094, 966.915710449, 1107.56433105, 1515.33520508, 698.44720459, 878.555114746, 1287.24255371, 1130.9979248, 168.526809692, 337.265380859, 697.058532715, 648.949523926, 555.941040039, 346.527313232, 376.659912109, 80.7251205444, 9.39864444733, 2.1491291523, 1.53769946098, 0.0366212278605, 7.90284684626e-05, 1.90862152749e-07], "mean": [0.273612260818, 2.53337025642, 3.01700210571, 4.65134048462, 5.72359228134, 16.0133800507, 26.1816253662, 24.7634735107, 8.34796714783, 41.7549362183, 62.7305145264, 70.5850448608, 29.5311450958, 24.4209136963, 51.6507034302, 22.5182361603, 21.8048686981, 19.0337486267, 21.260225296, 16.5747432709, 18.1233921051, 18.505191803, 16.1907119751, 16.4463920593, 13.8265676498, 14.1361236572, 8.1068277359, 8.66039657593, 9.32082939148, 9.14751815796, 7.18948507309, 5.53163719177, 4.91203117371, 2.41302442551, 1.01906466484, 0.367951482534, 0.203867018223, 0.0320371054113, 0.00262785982341, 0.000204014184419]}, "spectral_strongpeak": {"dmean2": 0.818344473839, "median": 0.328079104424, "min": 0, "dvar2": 2.01507043839, "dvar": 0.8527739048, "dmean": 0.475218206644, "max": 13.8702249527, "var": 1.37346148491, "mean": 0.850831449032}, "spectral_energy": {"dmean2": 0.0128892064095, "median": 0.0348859205842, "min": 1.00595332607e-20, "dvar2": 0.000283626199234, "dvar": 0.000111662498966, "dmean": 0.00831548217684, "max": 0.128803759813, "var": 0.000460011215182, "mean": 0.0348811298609}, "average_loudness": 0.89489197731, "spectral_rolloff": {"dmean2": 740.201965332, "median": 775.1953125, "min": 64.599609375, "dvar2": 2332929.75, "dvar": 1163389.25, "dmean": 447.436248779, "max": 20025.8789062, "var": 6580513, "mean": 1540.79138184}, "spectral_centroid": {"dmean2": 348.937744141, "median": 1130.10473633, "min": 220.885635376, "dvar2": 216352.984375, "dvar": 116255.125, "dmean": 228.527191162, "max": 11788.7382812, "var": 1408911.625, "mean": 1340.2545166}, "pitch_salience": {"dmean2": 0.103143870831, "median": 0.505113363266, "min": 0.112645715475, "dvar2": 0.00951215997338, "dvar": 0.0038704671897, "dmean": 0.0649118945003, "max": 0.987053930759, "var": 0.0112308934331, "mean": 0.508509635925}, "spectral_energyband_middle_high": {"dmean2": 0.00249908794649, "median": 0.00300383078866, "min": 1.2160566766e-21, "dvar2": 1.7774389562e-05, "dvar": 7.84633994044e-06, "dmean": 0.00164344010409, "max": 0.0694849342108, "var": 3.54689072992e-05, "mean": 0.00486621633172}, "spectral_contrast_coeffs": {"dmean2": [0.0802539363503, 0.0777392908931, 0.0620047971606, 0.0499479621649, 0.033625613898, 0.023800291121], "median": [-0.685827612877, -0.70322316885, -0.756874799728, -0.780415534973, -0.797336578369, -0.771717488766], "min": [-0.980451107025, -0.994033873081, -0.98296713829, -0.968892514706, -0.975902497768, -0.965055525303], "dvar2": [0.00436825910583, 0.00403239950538, 0.00249702297151, 0.00164784025401, 0.000787708268035, 0.000406285253121], "dvar": [0.00157956872135, 0.00157640152611, 0.000987487495877, 0.000630839087535, 0.000329247908667, 0.000173105639988], "dmean": [0.0477129779756, 0.047992169857, 0.0384739525616, 0.0303677245975, 0.0207030661404, 0.0149686597288], "max": [-0.239083603024, -0.398524463177, -0.4753870368, -0.519062459469, -0.564836621284, -0.542117655277], "var": [0.00988611578941, 0.00685881963, 0.00569465849549, 0.00314358086325, 0.00223054667003, 0.00140458834358], "mean": [-0.672571599483, -0.703336417675, -0.750123381615, -0.779705286026, -0.794631481171, -0.775548934937]}, "melbands_skewness": {"dmean2": 1.01889526844, "median": 2.35953474045, "min": -0.843614339828, "dvar2": 1.10431003571, "dvar": 0.448344826698, "dmean": 0.653244912624, "max": 13.0008955002, "var": 2.18256998062, "mean": 2.56796693802}, "spectral_spread": {"dmean2": 712054.75, "median": 5091347.5, "min": 1661652.875, "dvar2": 1277944922110.0, "dvar": 764181807104, "dmean": 516497.0625, "max": 42554660, "var": 15453545037800.0, "mean": 5683099.5}, "dissonance": {"dmean2": 0.0334334783256, "median": 0.465995967388, "min": 0.230048134923, "dvar2": 0.000950104673393, "dvar": 0.000358453078661, "dmean": 0.0199887212366, "max": 0.5, "var": 0.000904803397134, "mean": 0.459087014198}, "spectral_skewness": {"dmean2": 0.236535668373, "median": 1.48781108856, "min": -0.231621012092, "dvar2": 0.0573302321136, "dvar": 0.027201063931, "dmean": 0.153588682413, "max": 3.8939614296, "var": 0.190109565854, "mean": 1.49780738354}, "spectral_flux": {"dmean2": 0.0342972576618, "median": 0.0754983499646, "min": 6.39555630677e-11, "dvar2": 0.0014832590241, "dvar": 0.000661088794004, "dmean": 0.0217172056437, "max": 0.287529110909, "var": 0.00228686211631, "mean": 0.079988129437}, "spectral_contrast_valleys": {"dmean2": [0.592643201351, 0.569867908955, 0.492198735476, 0.475021272898, 0.346343874931, 0.334934979677], "median": [-6.60149526596, -6.49750471115, -7.19650173187, -7.75771331787, -7.45632076263, -9.70771694183], "min": [-28.1250514984, -28.4063415527, -27.8278007507, -27.762556076, -27.6093006134, -27.4586658478], "dvar2": [0.264453887939, 0.255345910788, 0.18547962606, 0.233422905207, 0.160524338484, 0.20324267447], "dvar": [0.113205641508, 0.118323840201, 0.0901708081365, 0.11920388788, 0.0891320034862, 0.126114189625], "dmean": [0.35549724102, 0.352929443121, 0.307525038719, 0.308706909418, 0.229462921619, 0.250985503197], "max": [-5.13646650314, -4.66196012497, -5.10816717148, -5.68334293365, -5.70714664459, -6.90005397797], "var": [6.93593263626, 5.86910152435, 5.49525165558, 5.39746618271, 5.45005893707, 5.03253793716], "mean": [-7.32804250717, -6.99554920197, -7.61718273163, -8.1852684021, -7.89498376846, -10.1058692932]}, "erbbands_flatness_db": {"dmean2": 0.023336244747, "median": 0.133367523551, "min": 0.0367193594575, "dvar2": 0.000462951342342, "dvar": 0.000241642788751, "dmean": 0.0162451304495, "max": 0.28906032443, "var": 0.00170046882704, "mean": 0.138047799468}, "spectral_energyband_high": {"dmean2": 0.00100331287831, "median": 0.000502819777466, "min": 6.77098747435e-21, "dvar2": 1.33342591653e-05, "dvar": 6.25452548775e-06, "dmean": 0.000703711935785, "max": 0.0552374087274, "var": 1.1191214071e-05, "mean": 0.00142739887815}, "spectral_entropy": {"dmean2": 0.2051320225, "median": 7.6605091095, "min": 5.50771903992, "dvar2": 0.0451029017568, "dvar": 0.0245691537857, "dmean": 0.143541023135, "max": 9.82201576233, "var": 0.24150788784, "mean": 7.64082717896}, "silence_rate_20dB": {"dmean2": 0, "median": 1, "min": 1, "dvar2": 0, "dvar": 0, "dmean": 0, "max": 1, "var": 0, "mean": 1}, "melbands_flatness_db": {"dmean2": 0.0325479656458, "median": 0.197036087513, "min": 0.0027913285885, "dvar2": 0.00120897695888, "dvar": 0.000548067968339, "dmean": 0.0214822534472, "max": 0.491298943758, "var": 0.00499337958172, "mean": 0.204316020012}, "barkbands": {"dmean2": [8.79961880855e-05, 0.00632929708809, 0.00277898320928, 0.00293768243864, 0.0032880816143, 0.00228115124628, 0.000522415270098, 0.00252242106944, 0.00193054636475, 0.000798001652583, 0.000975544506218, 0.000414733745856, 0.000435916415881, 0.00039286390529, 0.00038874411257, 0.00031973910518, 0.000370420020772, 0.000249782402534, 0.000252528727287, 0.000253566598985, 0.000159015427926, 0.000222945134738, 0.000239487882936, 0.000273915968137, 0.000167758233147, 8.29928394523e-05, 1.52216798597e-05], "median": [2.46455056185e-05, 0.00873532146215, 0.000797488901298, 0.000591776217334, 0.00204892363399, 0.00123514630832, 0.000293534569209, 0.00116115261335, 0.000688755128067, 0.000189450365724, 0.000235204293858, 0.00018085737247, 0.000158890587045, 0.000156611291459, 0.000135783469887, 0.000108628832095, 0.000155229441589, 0.000123549383716, 0.000142333476106, 0.000141572862049, 0.000114691021736, 7.7951415733e-05, 6.24252716079e-05, 5.77007231186e-05, 4.11213368352e-05, 1.53730106831e-05, 3.67378902411e-06], "min": [4.03688055808e-25, 3.69289968321e-24, 4.05509880765e-25, 1.47328313469e-24, 5.97272663196e-24, 5.32286301824e-24, 7.87640379628e-24, 4.29801240107e-24, 1.16726028429e-23, 1.43557286185e-23, 1.4655328524e-23, 2.06578121726e-23, 2.66298173913e-23, 3.39408635094e-23, 5.35624879504e-23, 4.56661859266e-23, 5.52482900157e-23, 9.7737733077e-23, 1.09968724801e-22, 1.7185582207e-22, 2.7229307503e-22, 3.22292492842e-22, 3.77462874955e-22, 5.59248007197e-22, 8.25149415629e-22, 1.23271176436e-21, 1.90925725398e-21], "dvar2": [2.19387619182e-08, 0.000119652257126, 3.23395615851e-05, 3.6611167161e-05, 2.9489339795e-05, 1.53569726535e-05, 8.41421467612e-07, 1.8035478206e-05, 1.31517317641e-05, 5.43689657206e-06, 8.33042759041e-06, 6.2799222178e-07, 1.00735496744e-06, 6.12606697814e-07, 6.4666386379e-07, 7.1803492574e-07, 8.07115554835e-07, 2.8501310112e-07, 6.0985928485e-07, 7.33100989692e-07, 2.13079289324e-07, 5.88646912547e-07, 1.14760371162e-06, 1.73833745976e-06, 6.37836762962e-07, 1.72295528955e-07, 2.51159071318e-09], "dvar": [9.10433772816e-09, 4.53581269539e-05, 1.15886268759e-05, 1.24203988889e-05, 1.20586282719e-05, 6.594198112e-06, 3.22942327102e-07, 9.71667577687e-06, 6.34824527879e-06, 2.56992279901e-06, 3.61641423297e-06, 2.83964027403e-07, 4.03795212378e-07, 2.46214398203e-07, 2.61282195879e-07, 2.82429112985e-07, 3.47808509105e-07, 1.20016167671e-07, 2.63608427531e-07, 3.48718941723e-07, 8.35629236917e-08, 2.92824921644e-07, 4.79876860027e-07, 7.41869882859e-07, 2.68892875965e-07, 9.05096584347e-08, 1.24778420929e-09], "dmean": [5.45059483557e-05, 0.00406238855794, 0.00161439634394, 0.00163444236387, 0.00203898083419, 0.00145486276597, 0.000319759361446, 0.00177855906077, 0.00131503783632, 0.000513088423759, 0.000633940275293, 0.000262703979388, 0.000271181488642, 0.000241326037212, 0.000235439219978, 0.000197369197849, 0.000233127415413, 0.000157197137014, 0.000160372554092, 0.00016306246107, 9.75540460786e-05, 0.000147608341649, 0.000158387701958, 0.000183358817594, 0.000110873785161, 5.86437672609e-05, 1.03607435449e-05], "max": [0.00111019250471, 0.0764085054398, 0.0420168228447, 0.0417348593473, 0.0611116811633, 0.0439191535115, 0.0102068474516, 0.0574883706868, 0.0530429780483, 0.062342338264, 0.0488169230521, 0.01086874865, 0.022579614073, 0.010919842869, 0.0109479827806, 0.0174336247146, 0.0140704084188, 0.00896328501403, 0.0162816531956, 0.0206821877509, 0.00811401754618, 0.0122078638524, 0.0172066874802, 0.0353073552251, 0.01759503223, 0.011100590229, 0.001327386708], "var": [1.39352733797e-08, 9.49245077209e-05, 1.64090652106e-05, 1.02629282992e-05, 4.16311304434e-05, 2.04367388505e-05, 5.6160524764e-07, 3.26996778313e-05, 1.93028190552e-05, 5.86426313021e-06, 1.0785831364e-05, 7.59094234581e-07, 7.86926875662e-07, 5.21341974036e-07, 3.73623151972e-07, 5.10680251864e-07, 6.99289216755e-07, 2.42986686771e-07, 3.64430718491e-07, 5.4539299299e-07, 1.08366641882e-07, 5.49693595531e-07, 6.66523646942e-07, 1.04765808828e-06, 3.44286888776e-07, 2.37657445723e-07, 2.29944130403e-09], "mean": [7.14965426596e-05, 0.0107199875638, 0.00226884428412, 0.00170173379593, 0.00421345792711, 0.00295132724568, 0.000525064649992, 0.0034625728149, 0.00246635591611, 0.000816959538497, 0.00118358677719, 0.000450997526059, 0.00045110026258, 0.00038223064621, 0.000334328477038, 0.000317907775752, 0.000409454398323, 0.00027991697425, 0.000281376356725, 0.000296765123494, 0.000198200592422, 0.000265157083049, 0.000261051871348, 0.000283077271888, 0.000175902794581, 9.50555840973e-05, 1.5451481886e-05]}, "erbbands_skewness": {"dmean2": 0.570661306381, "median": 0.660609662533, "min": -4.26025485992, "dvar2": 0.292864143848, "dvar": 0.148851290345, "dmean": 0.38419687748, "max": 6.47329473495, "var": 0.773923397064, "mean": 0.669480144978}, "erbbands_spread": {"dmean2": 11.990404129, "median": 36.7417640686, "min": 4.1198015213, "dvar2": 159.899047852, "dvar": 71.7087097168, "dmean": 7.97620916367, "max": 142.988677979, "var": 363.836608887, "mean": 39.4987106323}, "melbands_kurtosis": {"dmean2": 9.38675785065, "median": 8.30219554901, "min": -1.93508625031, "dvar2": 235.727478027, "dvar": 97.49269104, "dmean": 5.89361095428, "max": 274.128845215, "var": 320.009216309, "mean": 13.4530553818}, "melbands": {"dmean2": [0.00165478768758, 0.00160503014922, 0.00125055445824, 0.000630389607977, 0.0006