{"tonal": {"thpcp": [1, 0.579334080219, 0.226897954941, 0.211160868406, 0.266901016235, 0.556702435017, 0.789518356323, 0.5213996768, 0.203159838915, 0.134989932179, 0.133327424526, 0.299127608538, 0.411996901035, 0.2583142519, 0.21298097074, 0.275405436754, 0.196519687772, 0.225473642349, 0.308902263641, 0.252170026302, 0.48631170392, 0.792237341404, 0.557378768921, 0.218056902289, 0.131041198969, 0.149326384068, 0.294977843761, 0.519403576851, 0.546635508537, 0.335579782724, 0.158662512898, 0.145246744156, 0.491865873337, 0.687044024467, 0.429474443197, 0.685581147671], "hpcp": {"dmean2": [0.244731664658, 0.206290721893, 0.14391438663, 0.106594607234, 0.0909361839294, 0.113714665174, 0.135986000299, 0.115264885128, 0.103587053716, 0.102209948003, 0.098353870213, 0.105028420687, 0.13418059051, 0.130040168762, 0.180357187986, 0.20726968348, 0.198351621628, 0.148903220892, 0.107799969614, 0.100279785693, 0.131268411875, 0.17306470871, 0.170368090272, 0.187254413962, 0.12489335984, 0.0960851833224, 0.155282050371, 0.178218498826, 0.181645482779, 0.249271020293, 0.231055021286, 0.223961114883, 0.170960962772, 0.158245608211, 0.197479113936, 0.251435607672], "median": [0.0719411745667, 0.0373176820576, 0.0075021632947, 0.0038156916853, 0.00378808472306, 0.015421602875, 0.0233631636947, 0.0172116458416, 0.00570654682815, 0.00291545153596, 0.00434144446626, 0.0160118285567, 0.0188005845994, 0.0184644199908, 0.0467072501779, 0.0761664584279, 0.0486880987883, 0.00631759408861, 0.00159680936486, 0.00250588404015, 0.00991964992136, 0.0176583789289, 0.0189746338874, 0.00923672132194, 0.00331816263497, 0.00483855511993, 0.0360607393086, 0.0526885688305, 0.0467901490629, 0.0477732531726, 0.048806335777, 0.0356078967452, 0.00715189892799, 0.00594239495695, 0.0107764657587, 0.055275361985], "min": [0, 0, 0, 0, 0, 0, 0, 0, 0, 0, 0, 0, 0, 0, 0, 0, 0, 0, 0, 0, 0, 0, 0, 0, 0, 0, 0, 0, 0, 0, 0, 0, 0, 0, 0, 0], "dvar2": [0.116732858121, 0.102155774832, 0.0866554826498, 0.0650192275643, 0.0515191368759, 0.0490384735167, 0.0635807216167, 0.0506741963327, 0.0498294197023, 0.0522280149162, 0.0475773215294, 0.0467466823757, 0.0709940716624, 0.070350214839, 0.0787861570716, 0.0910615622997, 0.0863131582737, 0.0783189237118, 0.0606810711324, 0.0513635650277, 0.0617630071938, 0.0903844162822, 0.0829381942749, 0.109594531357, 0.063604272902, 0.052018109709, 0.0716267973185, 0.081720598042, 0.0881206095219, 0.124286785722, 0.125651776791, 0.113502845168, 0.100685015321, 0.0918400660157, 0.111360907555, 0.127929508686], "dvar": [0.0490565039217, 0.0398517809808, 0.0313302464783, 0.0237796772271, 0.0194969624281, 0.0203197840601, 0.0279807318002, 0.0189496390522, 0.0188776198775, 0.0224133469164, 0.018083434552, 0.0178400259465, 0.0272998604923, 0.025564853102, 0.0309753771871, 0.0408634655178, 0.0346314124763, 0.0296865776181, 0.0219919793308, 0.0195618495345, 0.0238098483533, 0.0372372567654, 0.0356302633882, 0.0401407591999, 0.0232924576849, 0.0187487322837, 0.028068093583, 0.0344137474895, 0.0329176783562, 0.0482268668711, 0.0542267858982, 0.0419007651508, 0.0367894992232, 0.033628590405, 0.0400217622519, 0.046868391335], "dmean": [0.144935280085, 0.120185554028, 0.0806184485555, 0.0584042295814, 0.0513385981321, 0.0682395547628, 0.0820889994502, 0.0674471110106, 0.0600233003497, 0.0606414712965, 0.0561618544161, 0.0612021014094, 0.077481739223, 0.0735684931278, 0.107875362039, 0.129040941596, 0.11756581068, 0.0836666449904, 0.0587435401976, 0.0557538755238, 0.0758518129587, 0.0997268557549, 0.099031329155, 0.10430586338, 0.0683439821005, 0.0534579008818, 0.091702722013, 0.106736592948, 0.103146404028, 0.143267169595, 0.133729875088, 0.12732796371, 0.092757448554, 0.0865316167474, 0.108516931534, 0.143011108041], "max": [1, 1, 1, 1, 1, 1, 1, 1, 1, 1, 1, 1, 1, 1, 1, 1, 1, 1, 1, 1, 1, 1, 1, 1, 1, 1, 1, 1, 1, 1, 1, 1, 1, 1, 1, 1], "var": [0.109390094876, 0.0647443979979, 0.0254935398698, 0.0173591095954, 0.0170892532915, 0.0334400497377, 0.0579142533243, 0.0237035825849, 0.0264959409833, 0.0495058149099, 0.0233982969075, 0.0199923794717, 0.034966211766, 0.026301311329, 0.0502202548087, 0.109322428703, 0.0636919587851, 0.027246421203, 0.0161606445909, 0.0195744950324, 0.0367893800139, 0.082290828228, 0.0943853333592, 0.0459044054151, 0.0185675863177, 0.0157277490944, 0.0551342666149, 0.0975687876344, 0.0420763604343, 0.0824682116508, 0.16040815413, 0.0669842064381, 0.029014904052, 0.0271327178925, 0.0330160260201, 0.0638289749622], "mean": [0.249201029539, 0.164572909474, 0.0641247183084, 0.0426077879965, 0.0420830398798, 0.0944156721234, 0.130041375756, 0.0815334841609, 0.0672246292233, 0.0869280844927, 0.0620288439095, 0.0711677744985, 0.0975009128451, 0.0795941352844, 0.153497859836, 0.250059247017, 0.175929248333, 0.0688267797232, 0.0413614213467, 0.0471329018474, 0.0931058600545, 0.163942873478, 0.172538265586, 0.105921320617, 0.0500797256827, 0.0458452142775, 0.155250966549, 0.216856360435, 0.135557934642, 0.216394633055, 0.315636783838, 0.182859152555, 0.0716173425317, 0.0666501373053, 0.0842437818646, 0.175715774298]}, "tuning_equal_tempered_deviation": 0.0360068455338, "chords_changes_rate": 0.0586441457272, "key_key": "G", "tuning_diatonic_strength": 0.597720086575, "key_scale": "major", "chords_number_rate": 0.00234576594085, "tuning_frequency": 442.293365479, "tuning_nontempered_energy_ratio": 0.669209003448, "chords_histogram": [28.8998355865, 7.69411230087, 27.5158348083, 10.8139810562, 6.40394067764, 0.0234576594085, 0.117288291454, 0.0234576594085, 0.234576582909, 0.258034259081, 0.0938306376338, 0, 0.562983810902, 0, 0.211118936539, 1.05559468269, 0.234576582909, 0.79756039381, 0, 1.66549372673, 0.0703729763627, 2.72108840942, 1.19634056091, 9.40652084351], "key_strength": 0.816051363945, "chords_key": "G", "chords_strength": {"dmean2": 0.00910403300077, "median": 0.468674719334, "min": -1, "dvar2": 0.000973975635134, "dvar": 0.000532295671292, "dmean": 0.0117970248684, "max": 0.738136231899, "var": 0.0345751568675, "mean": 0.454102605581}, "chords_scale": "major", "hpcp_entropy": {"dmean2": 0.86556404829, "median": 1.68470406532, "min": 0, "dvar2": 0.623247146606, "dvar": 0.248462975025, "dmean": 0.517888426781, "max": 4.54930448532, "var": 0.558790266514, "mean": 1.64156830311}}, "metadata": {"audio_properties": {"equal_loudness": 0, "codec": "mp3", "downmix": "mix", "sample_rate": 44100, "analysis_sample_rate": 44100, "bit_rate": 184991, "md5_encoded": "e5b4d6141c671a02b15e7579992769d7", "length": 197.903671265, "replay_gain": -10.0640468597, "lossless": false}, "version": {"essentia_build_sha": "70f2e5ece6736b2c40cc944ad0e695b16b925413", "essentia": "2.1-beta2", "extractor": "music 1.0", "essentia_git_sha": "v2.1_beta2"}, "tags": {"title": ["Land of Nod"], "barcode": ["791381834628"], "media": ["CD"], "albumartist": ["The Theater Fire"], "musicbrainz_recordingid": ["070e9686-2882-4f8d-9401-e3aeeb233e93"], "musicbrainz_albumartistid": ["a5f9f7c3-cfb0-45d0-8267-d02bdd9d55dc"], "album": ["Everybody Has a Dark Side"], "catalognumber": ["UNREC 102"], "musicbrainz album release country": ["US"], "musicbrainz album type": ["album"], "musicbrainz album status": ["official"], "date": ["2006-05-09"], "file_name": "09 - Land of Nod.mp3", "musicbrainz_releasegroupid": ["58c3a0cd-b32f-3658-83f4-d929d02e18f6"], "script": ["Latn"], "originaldate": ["2006"], "musicbrainz_albumid": ["5fd0f2ea-baff-47fd-a2c8-bd05a0cfb51d"], "artist": ["The Theater Fire"], "artistsort": ["Theater Fire, The"], "tracknumber": ["9/13"], "label": ["Undeniable Records"], "albumartistsort": ["Theater Fire, The"], "musicbrainz_artistid": ["a5f9f7c3-cfb0-45d0-8267-d02bdd9d55dc"]}}, "rhythm": {"bpm_histogram_first_peak_bpm": {"dmean2": 0, "median": 117, "min": 117, "dvar2": 0, "dvar": 0, "dmean": 0, "max": 117, "var": 0, "mean": 117}, "bpm": 117.287826538, "bpm_histogram_second_peak_spread": {"dmean2": 0, "median": 0.5, "min": 0.5, "dvar2": 0, "dvar": 0, "dmean": 0, "max": 0.5, "var": 0, "mean": 0.5}, "bpm_histogram_first_peak_weight": {"dmean2": 0, "median": 0.578125, "min": 0.578125, "dvar2": 0, "dvar": 0, "dmean": 0, "max": 0.578125, "var": 0, "mean": 0.578125}, "onset_rate": 3.73392081261, "beats_position": [0.487619042397, 0.986848056316, 1.48607707024, 1.99691605568, 2.50775504112, 3.01859402657, 3.52943301201, 4.04027223587, 4.57433080673, 5.0967798233, 5.61922883987, 6.15328788757, 6.68734693527, 7.20979595184, 7.73224496841, 8.26630401611, 8.78875255585, 9.31120204926, 9.83365058899, 10.3560991287, 10.866938591, 11.3893871307, 11.9118366241, 12.4342851639, 12.9567346573, 13.479183197, 14.0016326904, 14.5240812302, 15.0349206924, 15.545759201, 16.0565986633, 16.5790481567, 17.1014957428, 17.6239452362, 18.1347846985, 18.6456241608, 19.1564617157, 19.6789112091, 20.2013607025, 20.7238082886, 21.2346477509, 21.733877182, 22.2447166443, 22.7555541992, 23.2663936615, 23.7772331238, 24.2880725861, 24.8105201721, 25.3329696655, 25.8438091278, 26.3546485901, 26.865486145, 27.3647155762, 27.8639450073, 28.3631744385, 28.8624038696, 29.3616313934, 29.8840808868, 30.3949203491, 30.9057598114, 31.4165973663, 31.9274368286, 32.449886322, 32.9723358154, 33.4831733704, 33.99401474, 34.5048522949, 35.0156898499, 35.514919281, 36.0141487122, 36.5365982056, 37.059047699, 37.5698852539, 38.0691146851, 38.5683441162, 39.0791816711, 39.5784111023, 40.0776405334, 40.5884780884, 41.099319458, 41.6101570129, 42.1209983826, 42.6318359375, 43.1426734924, 43.6535148621, 44.164352417, 44.6751937866, 45.1860313416, 45.6852607727, 46.1844902039, 46.6953277588, 47.2061653137, 47.7170066833, 48.2278442383, 48.7386856079, 49.2495231628, 49.7603607178, 50.2712020874, 50.7936515808, 51.3160972595, 51.8269386292, 52.3377761841, 52.8486175537, 53.3594551086, 53.8702926636, 54.3811340332, 54.8919715881, 55.4028091431, 55.9136505127, 56.4244880676, 56.9353294373, 57.4461669922, 57.9570045471, 58.4562339783, 58.9670753479, 59.4895210266, 60.0003623962, 60.4995918274, 61.0220413208, 61.5328788757, 62.0321083069, 62.5429458618, 63.0537872314, 63.5646247864, 64.0754623413, 64.5863037109, 65.0855331421, 65.5963668823, 66.1188201904, 66.6412658691, 67.1521072388, 67.6629486084, 68.1737823486, 68.6730117798, 69.1722412109, 69.6830825806, 70.1939239502, 70.7047576904, 71.2272109985, 71.7496566772, 72.2721099854, 72.7945556641, 73.3053970337, 73.8162307739, 74.3154602051, 74.8146896362, 75.3139190674, 75.8131484985, 76.3356018066, 76.8580474854, 77.368888855, 77.8913345337, 78.4021759033, 78.9130172729, 79.4354629517, 79.9463043213, 80.4571380615, 80.9795913696, 81.5020370483, 82.0012664795, 82.5004959106, 83.0113372803, 83.5221786499, 84.0330123901, 84.5322418213, 85.0430831909, 85.5423126221, 86.0531539917, 86.5639877319, 87.0748291016, 87.5856704712, 88.0965042114, 88.6073455811, 89.1181869507, 89.6290206909, 90.1398620605, 90.6390914917, 91.1383209229, 91.6491622925, 92.1599960327, 92.6824493408, 93.2048950195, 93.6925125122, 94.1801376343, 94.667755127, 95.1553726196, 95.6546020508, 96.1654434204, 96.7343292236, 97.2916107178, 97.825668335, 98.3248977661, 98.8357315063, 99.3349609375, 99.8341903687, 100.3334198, 100.832649231, 101.331878662, 101.831108093, 102.330337524, 102.829566956, 103.317184448, 103.816413879, 104.327255249, 104.838096619, 105.348930359, 105.859771729, 106.35900116, 106.869842529, 107.392288208, 107.903129578, 108.413963318, 108.924804688, 109.435646057, 109.958091736, 110.468933105, 110.968162537, 111.479003906, 111.989837646, 112.500679016, 113.011520386, 113.533966064, 114.056411743, 114.567253113, 115.078094482, 115.588935852, 116.099769592, 116.610610962, 117.121452332, 117.632286072, 118.131515503, 118.653968811, 119.164802551, 119.675643921, 120.174873352, 120.674102783, 121.184944153, 121.695777893, 122.218231201, 122.717460632, 123.228294373, 123.750747681, 124.261581421, 124.784034729, 125.294876099, 125.805709839, 126.328163147, 126.850608826, 127.361450195, 127.872291565, 128.383132935, 128.893966675, 129.404800415, 129.915649414, 130.426483154, 130.937316895, 131.448165894, 131.958999634, 132.469833374, 132.992294312, 133.503128052, 134.02557373, 134.536407471, 135.058868408, 135.581314087, 136.092147827, 136.602996826, 137.113830566, 137.613052368, 138.112289429, 138.623123169, 139.133972168, 139.644805908, 140.155639648, 140.666488647, 141.165710449, 141.66494751, 142.17578125, 142.68661499, 143.197463989, 143.708297729, 144.21913147, 144.729980469, 145.240814209, 145.751647949, 146.262496948, 146.773330688, 147.284164429, 147.806625366, 148.317459106, 148.828292847, 149.327529907, 149.838363647, 150.349197388, 150.860046387, 151.370880127, 151.881713867, 152.392562866, 152.903396606, 153.402633667, 153.913467407, 154.424301147, 154.946762085, 155.457595825, 155.980041504, 156.502487183, 157.013336182, 157.524169922, 158.035003662, 158.545852661, 159.056686401, 159.567520142, 160.089981079, 160.612426758, 161.123260498, 161.634094238, 162.156555176, 162.679000854, 163.189834595, 163.700683594, 164.211517334, 164.722351074, 165.233200073, 165.744033813, 166.254867554, 166.777328491, 167.29977417, 167.81060791, 168.32144165, 168.832290649, 169.34312439, 169.85395813, 170.376419067, 170.898864746, 171.421310425, 171.943756104, 172.454605103, 172.965438843, 173.476272583, 173.987121582, 174.497955322, 175.008789062, 175.519638062, 176.030471802, 176.541305542, 177.052154541, 177.551376343, 178.050613403, 178.561447144, 179.083892822, 179.606338501, 180.1171875, 180.62802124, 181.138870239, 181.661315918, 182.183761597, 182.694595337, 183.205444336, 183.727890015, 184.250335693, 184.761169434, 185.260406494, 185.759628296, 186.270477295, 186.781311035, 187.292144775, 187.802993774, 188.313827515, 188.824661255, 189.335510254, 189.857955933, 190.380401611, 190.89125061, 191.402084351, 191.924530029, 192.446975708, 192.957824707, 193.468658447, 193.991104126, 194.525161743, 195.070831299, 195.616500854, 196.16217041, 196.707839966, 197.253509521], "beats_loudness": {"dmean2": 0.0448972322047, "median": 0.0399530939758, "min": 0, "dvar2": 0.00127855653409, "dvar": 0.000484472606331, "dmean": 0.0246682986617, "max": 0.156962186098, "var": 0.00087571516633, "mean": 0.0450549274683}, "danceability": 1.08505797386, "bpm_histogram_second_peak_weight": {"dmean2": 0, "median": 0.015625, "min": 0.015625, "dvar2": 0, "dvar": 0, "dmean": 0, "max": 0.015625, "var": 0, "mean": 0.015625}, "beats_count": 385, "bpm_histogram_second_peak_bpm": {"dmean2": 0, "median": 112, "min": 112, "dvar2": 0, "dvar": 0, "dmean": 0, "max": 112, "var": 0, "mean": 112}, "bpm_histogram_first_peak_spread": {"dmean2": 0, "median": 0.393442630768, "min": 0.393442630768, "dvar2": 0, "dvar": 0, "dmean": 0, "max": 0.393442630768, "var": 0, "mean": 0.393442630768}, "beats_loudness_band_ratio": {"dmean2": [0.35491502285, 0.325075685978, 0.158987432718, 0.0826641097665, 0.0958754122257, 0.107877224684], "median": [0.559688925743, 0.221900135279, 0.0962396934628, 0.0473279133439, 0.0334714651108, 0.0217449646443], "min": [0, 0, 0, 0, 0, 0], "dvar2": [0.0649964958429, 0.0565358512104, 0.022539736703, 0.00712571432814, 0.00502296816558, 0.011596291326], "dvar": [0.0208540726453, 0.0183453354985, 0.0083987955004, 0.00273231766187, 0.00148627196904, 0.00423003872856], "dmean": [0.201962053776, 0.177114859223, 0.0927465185523, 0.048998683691, 0.0499152094126, 0.054815094918], "max": [0.97072327137, 0.767778217793, 0.617376148701, 0.406711399555, 0.23194205761, 0.926462471485], "var": [0.0435593798757, 0.0280465763062, 0.0127992061898, 0.00400182139128, 0.001676753629, 0.00348587520421], "mean": [0.536608278751, 0.263798296452, 0.131387606263, 0.0673467814922, 0.0426002703607, 0.0365416258574]}}, "lowlevel": {"barkbands_spread": {"dmean2": 5.50130558014, "median": 11.5972042084, "min": 0.525517165661, "dvar2": 78.6041030884, "dvar": 36.433013916, "dmean": 3.74349093437, "max": 112.527030945, "var": 114.002441406, "mean": 14.0341663361}, "melbands_spread": {"dmean2": 6.01770734787, "median": 11.6427879333, "min": 0.450765192509, "dvar2": 143.359695435, "dvar": 68.7211151123, "dmean": 3.98505187035, "max": 224.699905396, "var": 383.279449463, "mean": 16.0574169159}, "hfc": {"dmean2": 4.83806228638, "median": 7.73713159561, "min": 1.09404648204e-16, "dvar2": 114.592422485, "dvar": 64.8886108398, "dmean": 3.72797870636, "max": 269.60067749, "var": 248.319046021, "mean": 12.4287862778}, "barkbands_kurtosis": {"dmean2": 6.82502603531, "median": 3.99463009834, "min": -1.85754179955, "dvar2": 219.976531982, "dvar": 99.1836624146, "dmean": 4.49335336685, "max": 278.668151855, "var": 318.57131958, "mean": 9.12849521637}, "gfcc": {"mean": [-71.8199234009, 116.110778809, -96.411781311, 23.9666557312, -50.0170211792, 9.74753284454, -35.3947639465, -0.862234711647, -22.3978557587, -2.1626329422, -15.0348262787, 2.75279641151, -9.53811264038], "icov": [[0.000100052762718, -0.000258119631326, 0.00013667215535, -0.000270377378911, 0.000311686482746, -0.000363626459148, 0.000376471172785, -0.000317059311783, 0.000374089780962, -0.000473575695651, 0.000429003091995, -0.000308649876388, 0.000151779066073], [-0.000258119631326, 0.00153819762636, -0.000107885454781, 0.000778958725277, -0.000818147556856, 0.00112431880552, -0.00138462963514, 0.00140580756124, -0.00180987571366, 0.00241960398853, -0.00241186353378, 0.00179510586895, -0.00109323987272], [0.00013667215535, -0.000107885454781, 0.00124300550669, -0.000641397607978, 0.000436496862676, -0.00095734919887, 0.000317741185427, -0.000609661045019, 0.000657234457321, -0.000630490016192, 0.000495228217915, -8.00150737632e-05, -1.0440638107e-05], [-0.000270377378911, 0.000778958725277, -0.000641397607978, 0.00345595018007, -0.00140561605804, 0.000609545095358, -0.000710466119926, 0.000893887714483, -0.000914136762731, 0.00145363342017, -0.000853629375342, 0.00197287881747, -0.000769410224166], [0.000311686482746, -0.000818147556856, 0.000436496862676, -0.00140561605804, 0.00434346869588, -0.00191812589765, 0.000773707346525, -0.00137787521817, 0.000452390406281, -0.000903112173546, -0.000481774070067, 0.000400541874114, -0.000658329285216], [-0.000363626459148, 0.00112431880552, -0.00095734919887, 0.000609545095358, -0.00191812589765, 0.00740755302832, -0.00309613347054, 0.00117696565576, -0.00131700397469, 0.000433632318163, -0.000425579084549, -0.00182167522144, 0.00140013347846], [0.000376471172785, -0.00138462963514, 0.000317741185427, -0.000710466119926, 0.000773707346525, -0.00309613347054, 0.00804682541639, -0.00424609193578, 0.000502939510625, -0.00075225305045, -0.000338775425917, 0.000491793209221, -0.0014552968787], [-0.000317059311783, 0.00140580756124, -0.000609661045019, 0.000893887714483, -0.00137787521817, 0.00117696565576, -0.00424609193578, 0.00972140859812, -0.00274403323419, 0.002100615995, -0.00100043590646, -0.000318211154081, 0.000105564766272], [0.000374089780962, -0.00180987571366, 0.000657234457321, -0.000914136762731, 0.000452390406281, -0.00131700397469, 0.000502939510625, -0.00274403323419, 0.011935878545, -0.0078146411106, 0.00318321352825, -0.00179386883974, 0.00215547974221], [-0.000473575695651, 0.00241960398853, -0.000630490016192, 0.00145363342017, -0.000903112173546, 0.000433632318163, -0.00075225305045, 0.002100615995, -0.0078146411106, 0.0185408908874, -0.00896450690925, 0.00407391833141, -0.00156795943622], [0.000429003091995, -0.00241186353378, 0.000495228217915, -0.000853629375342, -0.000481774070067, -0.000425579084549, -0.000338775425917, -0.00100043590646, 0.00318321352825, -0.00896450690925, 0.0190289542079, -0.00857904367149, 0.00272494181991], [-0.000308649876388, 0.00179510586895, -8.00150737632e-05, 0.00197287881747, 0.000400541874114, -0.00182167522144, 0.000491793209221, -0.000318211154081, -0.00179386883974, 0.00407391833141, -0.00857904367149, 0.0183702781796, -0.00488296244293], [0.000151779066073, -0.00109323987272, -1.0440638107e-05, -0.000769410224166, -0.000658329285216, 0.00140013347846, -0.0014552968787, 0.000105564766272, 0.00215547974221, -0.00156795943622, 0.00272494181991, -0.00488296244293, 0.0122523717582]], "cov": [[29052.2519531, 2230.33081055, -1768.15307617, 610.409606934, -1140.28295898, 207.057632446, -775.989990234, -162.000183105, -248.844741821, 19.3782863617, -235.93572998, 76.135093689, -170.692367554], [2230.33081055, 1968.3449707, -489.315551758, -89.1634597778, 125.749252319, -143.896453857, 150.745285034, -82.2931442261, 102.041244507, -62.66847229, 115.689857483, -63.6358032227, 106.736877441], [-1768.15307617, -489.315551758, 1186.59936523, 156.366012573, 46.9279441833, 147.435882568, 57.7690620422, 74.3635177612, -23.9606075287, 17.5778713226, -22.8278083801, 1.04207336903, -7.07505989075], [610.409606934, -89.1634597778, 156.366012573, 424.945007324, 79.4829940796, 35.6796875, -2.40719223022, 4.27635478973, -10.4214506149, -6.69088840485, -24.3338775635, -33.8606987, 4.06617212296], [-1140.28295898, 125.749252319, 46.9279441833, 79.4829940796, 389.545379639, 59.1144332886, 96.1459579468, 44.0947875977, 44.3935623169, 13.748623848, 48.2576408386, -11.2758216858, 34.3155136108], [207.057632446, -143.896453857, 147.435882568, 35.6796875, 59.1144332886, 233.287612915, 67.2171401978, 45.2977142334, 19.995973587, 26.6581478119, 11.252073288, 31.4222431183, -19.0131626129], [-775.989990234, 150.745285034, 57.7690620422, -2.40719223022, 96.1459579468, 67.2171401978, 252.483947754, 87.574432373, 44.9167556763, 6.65979814529, 39.9686355591, 2.92192745209, 34.9065856934], [-162.000183105, -82.2931442261, 74.3635177612, 4.27635478973, 44.0947875977, 45.2977142334, 87.574432373, 160.975967407, 31.5206985474, 9.93756484985, 9.55966854095, 14.6703395844, 0.650719761848], [-248.844741821, 102.041244507, -23.9606075287, -10.4214506149, 44.3935623169, 19.995973587, 44.9167556763, 31.5206985474, 141.759460449, 51.0674438477, 23.5856151581, -1.23018372059, -7.46301269531], [19.3782863617, -62.66847229, 17.5778713226, -6.69088840485, 13.748623848, 26.6581478119, 6.65979814529, 9.93756484985, 51.0674438477, 99.0756912231, 34.7839889526, 6.35716724396, -9.3466835022], [-235.93572998, 115.689857483, -22.8278083801, -24.3338775635, 48.2576408386, 11.252073288, 39.9686355591, 9.55966854095, 23.5856151581, 34.7839889526, 99.3328475952, 29.4019203186, 7.59785032272], [76.135093689, -63.6358032227, 1.04207336903, -33.8606987, -11.2758216858, 31.4222431183, 2.92192745209, 14.6703395844, -1.23018372059, 6.35716724396, 29.4019203186, 85.5270080566, 15.8536109924], [-170.692367554, 106.736877441, -7.07505989075, 4.06617212296, 34.3155136108, -19.0131626129, 34.9065856934, 0.650719761848, -7.46301269531, -9.3466835022, 7.59785032272, 15.8536109924, 106.406654358]]}, "spectral_energyband_middle_low": {"dmean2": 0.00854795519263, "median": 0.00891293026507, "min": 1.55426638827e-22, "dvar2": 0.0002426217834, "dvar": 0.000104904269392, "dmean": 0.00564803974703, "max": 0.169918477535, "var": 0.00026075981441, "mean": 0.0146228959784}, "melbands_crest": {"dmean2": 4.45030164719, "median": 13.7341690063, "min": 1.552272439, "dvar2": 16.5754547119, "dvar": 6.63458156586, "dmean": 2.72451376915, "max": 32.3791618347, "var": 25.07762146, "mean": 14.2693862915}, "spectral_kurtosis": {"dmean2": 4.71520042419, "median": 6.36693477631, "min": -1.25407767296, "dvar2": 29.1313934326, "dvar": 11.3128433228, "dmean": 2.93057370186, "max": 52.2282867432, "var": 33.6321334839, "mean": 7.80220746994}, "spectral_rms": {"dmean2": 0.00107806245796, "median": 0.00435560243204, "min": 3.15065226512e-12, "dvar2": 1.93121377379e-06, "dvar": 9.21222351735e-07, "dmean": 0.000744494900573, "max": 0.0145043730736, "var": 5.590415185e-06, "mean": 0.00447424128652}, "zerocrossingrate": {"dmean2": 0.00964083336294, "median": 0.03271484375, "min": 0.00341796875, "dvar2": 0.000160493364092, "dvar": 0.000138655115734, "dmean": 0.00834558159113, "max": 0.55908203125, "var": 0.00480135250837, "mean": 0.0477242805064}, "silence_rate_60dB": {"dmean2": 0.0497535802424, "median": 0, "min": 0, "dvar2": 0.0531419254839, "dvar": 0.0242579746991, "dmean": 0.0248738713562, "max": 1, "var": 0.111527994275, "mean": 0.127874240279}, "erbbands_kurtosis": {"dmean2": 1.57346844673, "median": 0.450514435768, "min": -1.7128714323, "dvar2": 7.7469534874, "dvar": 4.00087308884, "dmean": 1.05102264881, "max": 83.2854995728, "var": 12.8547439575, "mean": 1.32847487926}, "erbbands": {"dmean2": [0.116068325937, 1.1117721796, 3.25889325142, 6.47530794144, 16.124256134, 12.3298006058, 14.7164983749, 17.9218730927, 19.4832401276, 14.3864412308, 13.0342149734, 8.07298660278, 10.9656038284, 8.10563755035, 9.53990650177, 13.3749332428, 12.5474004745, 8.09604358673, 9.33195590973, 8.07483196259, 8.15395545959, 4.32480478287, 3.56486916542, 3.0223171711, 3.42486643791, 2.70439743996, 2.99617934227, 3.05860090256, 2.87508225441, 2.76195502281, 1.13177788258, 1.52490282059, 1.00265610218, 0.266273140907, 0.140159279108, 0.0906782895327, 0.0756536945701, 0.00893606431782, 0.000905777036678, 3.34296310029e-05], "median": [0.039797835052, 0.706867337227, 2.18605995178, 3.49692964554, 3.94546222687, 5.3736371994, 5.3163228035, 11.7752017975, 12.0097312927, 3.357888937, 2.51338195801, 5.3282661438, 12.6450958252, 4.74659013748, 5.94730615616, 8.29410457611, 2.52869510651, 3.2921037674, 3.93543958664, 4.0943403244, 3.30083227158, 1.62034726143, 1.61002993584, 1.12343120575, 1.11413884163, 0.890953958035, 0.481448173523, 0.407088816166, 0.423284620047, 0.321392476559, 0.161902964115, 0.122687056661, 0.0687747895718, 0.0282685440034, 0.0110770184547, 0.00527873449028, 0.00202409923077, 0.000293464865535, 2.55567374552e-05, 2.73718014796e-05], "min": [5.70382090988e-23, 4.81708104654e-22, 2.44808686514e-21, 4.60129111204e-21, 2.34645952778e-20, 2.57995645883e-20, 2.79257241085e-20, 7.31221393019e-20, 1.07601528162e-19, 1.78720733621e-19, 3.89995625538e-19, 3.351205154e-19, 4.17162640848e-19, 1.11661689915e-18, 1.1882891007e-18, 1.12770173974e-18, 1.38676085232e-18, 1.67368209626e-18, 2.09160600177e-18, 2.95967373841e-18, 3.99856833361e-18, 3.84629844491e-18, 5.07564558589e-18, 5.35485543858e-18, 6.17561092572e-18, 7.85358278064e-18, 9.28448116327e-18, 9.92899548115e-18, 1.13246046845e-17, 1.08634953336e-17, 1.04148209888e-17, 1.08901967237e-17, 9.72790125679e-18, 7.62021858623e-18, 6.5597829671e-18, 4.28832639347e-18, 2.46369500235e-18, 1.06086078996e-18, 2.53759469789e-19, 2.38064276659e-20], "dvar2": [0.0795390754938, 5.61462211609, 48.1178207397, 136.77557373, 1442.22729492, 664.262878418, 1191.5291748, 1736.26025391, 2909.78515625, 2445.54321289, 3653.00708008, 676.797790527, 700.683898926, 589.60333252, 817.587158203, 1559.81188965, 1997.71765137, 569.50579834, 996.384277344, 411.873626709, 401.679077148, 116.295829773, 59.641582489, 74.7478408813, 132.229721069, 79.6953964233, 382.457061768, 442.017059326, 275.304931641, 246.012634277, 34.3261222839, 51.3296585083, 23.0844554901, 1.18956017494, 0.130584195256, 0.0690722167492, 0.145756050944, 0.00122386473231, 6.19939282842e-06, 5.36009636676e-09], "dvar": [0.0338437929749, 1.92020535469, 17.3904304504, 50.0724525452, 644.087646484, 278.33303833, 514.505310059, 748.08416748, 1329.85388184, 1188.90197754, 1700.9744873, 397.142089844, 366.525939941, 251.204498291, 357.523101807, 743.243713379, 978.214477539, 285.107055664, 415.137664795, 188.561340332, 178.301971436, 54.6544113159, 35.5225143433, 33.8363380432, 61.0932884216, 37.8238945007, 177.710220337, 213.985656738, 144.762405396, 128.706710815, 19.5286579132, 26.6870002747, 12.0042057037, 0.654427647591, 0.057434219867, 0.0320063754916, 0.0571319498122, 0.000506967422552, 2.38658299168e-06, 2.14690398792e-09], "dmean": [0.0737435892224, 0.644738554955, 1.96862578392, 3.9001159668, 10.4150705338, 7.74827051163, 9.84472942352, 11.8208932877, 12.9362564087, 9.94117069244, 9.19195747375, 5.89405345917, 8.17517566681, 5.36695718765, 6.58941888809, 9.56644535065, 8.6815776825, 5.67971992493, 6.19673156738, 5.46431875229, 5.46342992783, 3.03935670853, 2.57042837143, 2.13539600372, 2.46019053459, 1.91975784302, 2.11446070671, 2.25155091286, 2.11767506599, 1.95554172993, 0.834276378155, 1.10981154442, 0.727932870388, 0.183681607246, 0.0928293541074, 0.0594813227654, 0.0518550239503, 0.00603383034468, 0.000558666652068, 2.18405275518e-05], "max": [2.66181635857, 21.2330245972, 98.7915802002, 138.644348145, 534.33001709, 332.56552124, 445.770507812, 730.820861816, 1155.70239258, 911.95513916, 1352.62145996, 888.645629883, 522.012451172, 624.242736816, 490.156646729, 1052.00793457, 1011.68572998, 674.02734375, 884.213012695, 591.961914062, 376.475524902, 219.64881897, 375.106414795, 211.52645874, 278.424163818, 266.764709473, 756.475708008, 653.34362793, 524.100524902, 420.178192139, 191.489761353, 267.818664551, 122.380821228, 33.5749511719, 7.10980415344, 7.75586891174, 11.0059957504, 0.835509419441, 0.0301465168595, 0.000935809453949], "var": [0.0624323710799, 2.70973467827, 31.4783439636, 66.3897171021, 1139.94006348, 541.557800293, 1343.3079834, 2232.15991211, 4004.67724609, 2952.45898438, 4824.02832031, 1710.11096191, 2033.40332031, 634.138183594, 1137.86730957, 3622.45776367, 3451.33398438, 1118.5447998, 986.559936523, 564.452270508, 608.35925293, 177.090881348, 304.256774902, 78.1284790039, 132.806259155, 73.0167617798, 322.913635254, 466.715942383, 318.147033691, 286.22833252, 41.9980430603, 49.5823745728, 22.4623527527, 1.24905920029, 0.0784031748772, 0.0488309077919, 0.0555103197694, 0.000627948902547, 2.19050070882e-06, 2.93871815771e-09], "mean": [0.119112350047, 1.19042873383, 4.09634685516, 6.1662774086, 14.6161746979, 13.3553800583, 19.9918575287, 27.7959785461, 31.3535499573, 20.9142532349, 19.8064861298, 16.6930980682, 30.2578907013, 12.9496765137, 17.3745880127, 27.8023300171, 19.362487793, 13.7574396133, 13.9400901794, 12.902431488, 11.9170866013, 6.56662511826, 6.25843572617, 4.30395317078, 4.33895301819, 3.23858046532, 3.00380134583, 3.24200797081, 3.23854279518, 3.00782322884, 1.18259382248, 1.51090335846, 1.010887146, 0.242046490312, 0.100997768342, 0.0641083866358, 0.058656796813, 0.00657604495063, 0.000498961075209, 4.30752807006e-05]}, "spectral_strongpeak": {"dmean2": 0.54868388176, "median": 0.402405321598, "min": 0, "dvar2": 0.730620622635, "dvar": 0.293976426125, "dmean": 0.322818160057, "max": 10.7347955704, "var": 0.614897310734, "mean": 0.703905045986}, "spectral_energy": {"dmean2": 0.0131085887551, "median": 0.019445553422, "min": 1.01747755144e-20, "dvar2": 0.000437527196482, "dvar": 0.000187541198102, "dmean": 0.00864165369421, "max": 0.215636253357, "var": 0.000593573553488, "mean": 0.0262493640184}, "average_loudness": 0.810826063156, "spectral_rolloff": {"dmean2": 436.472961426, "median": 667.529296875, "min": 86.1328125, "dvar2": 1238216.625, "dvar": 544759.75, "dmean": 257.847442627, "max": 19681.3476562, "var": 6320319, "mean": 1166.14306641}, "spectral_centroid": {"dmean2": 228.71975708, "median": 669.187988281, "min": 137.267288208, "dvar2": 141187.1875, "dvar": 74622.390625, "dmean": 155.773391724, "max": 11665.984375, "var": 1342624.125, "mean": 911.637817383}, "pitch_salience": {"dmean2": 0.10346134007, "median": 0.497213125229, "min": 0.0997185781598, "dvar2": 0.00974355824292, "dvar": 0.0037943974603, "dmean": 0.0635602101684, "max": 0.956591367722, "var": 0.0124246655032, "mean": 0.504447877407}, "spectral_energyband_middle_high": {"dmean2": 0.0010399405146, "median": 0.00166024034843, "min": 1.18540080976e-21, "dvar2": 4.20104197474e-06, "dvar": 2.19695584747e-06, "dmean": 0.000777815061156, "max": 0.0347526744008, "var": 1.42105582199e-05, "mean": 0.00293098855764}, "spectral_contrast_coeffs": {"dmean2": [0.0779682248831, 0.0675938352942, 0.0565089993179, 0.0465267375112, 0.0353107340634, 0.0283225663006], "median": [-0.634906053543, -0.640085577965, -0.684780716896, -0.737045943737, -0.769958138466, -0.775379955769], "min": [-0.975009441376, -0.980347394943, -0.979115605354, -0.970144093037, -0.967751562595, -0.964990615845], "dvar2": [0.00451202504337, 0.00360406306572, 0.00250758719631, 0.00160499522462, 0.000967357656918, 0.000774185638875], "dvar": [0.00178118725307, 0.00154841993935, 0.00117163336836, 0.000728541053832, 0.000478077941807, 0.000369130226318], "dmean": [0.0485522933304, 0.0423180758953, 0.0368167236447, 0.0301903132349, 0.0235134195536, 0.0187419764698], "max": [-0.296914130449, -0.334859549999, -0.390512526035, -0.494418591261, -0.54659897089, -0.581360042095], "var": [0.0101807750762, 0.0104463947937, 0.0110897496343, 0.00659116916358, 0.00459245359525, 0.00244297762401], "mean": [-0.626355230808, -0.647569358349, -0.689498901367, -0.73746919632, -0.76777946949, -0.776008307934]}, "melbands_skewness": {"dmean2": 1.01310074329, "median": 2.42869734764, "min": -2.51460790634, "dvar2": 1.66480875015, "dvar": 0.763481676579, "dmean": 0.671322882175, "max": 15.445857048, "var": 3.50763392448, "mean": 2.82391929626}, "spectral_spread": {"dmean2": 1082423.125, "median": 3865075.5, "min": 1337235.75, "dvar2": 2485696331780.0, "dvar": 1209845153790.0, "dmean": 769229.25, "max": 42829452, "var": 16350090100700.0, "mean": 4638099.5}, "dissonance": {"dmean2": 0.0440483875573, "median": 0.43312305212, "min": 0.166038021445, "dvar2": 0.00173007592093, "dvar": 0.000653950148262, "dmean": 0.0268117506057, "max": 0.499981880188, "var": 0.00225629447959, "mean": 0.424961686134}, "spectral_skewness": {"dmean2": 0.488464653492, "median": 2.04588651657, "min": -0.0774600729346, "dvar2": 0.225924775004, "dvar": 0.0975375175476, "dmean": 0.323008000851, "max": 5.79687023163, "var": 0.54056429863, "mean": 2.10493206978}, "spectral_flux": {"dmean2": 0.035755533725, "median": 0.0498323664069, "min": 6.38584532475e-11, "dvar2": 0.00181644747499, "dvar": 0.000874701305293, "dmean": 0.0231713484973, "max": 0.352755308151, "var": 0.00250066374429, "mean": 0.0625751018524}, "spectral_contrast_valleys": {"dmean2": [0.674176216125, 0.649878740311, 0.594350516796, 0.525696516037, 0.451179116964, 0.471884936094], "median": [-7.04111862183, -7.4898109436, -8.33392524719, -8.90748786926, -8.94417190552, -11.2397727966], "min": [-28.6566467285, -28.3014030457, -27.8962593079, -27.6441860199, -27.4868965149, -27.4140739441], "dvar2": [0.342845290899, 0.374059706926, 0.313299894333, 0.254213541746, 0.213041871786, 0.333701252937], "dvar": [0.171935871243, 0.182949081063, 0.158329129219, 0.138487190008, 0.133968219161, 0.197394892573], "dmean": [0.437171965837, 0.41983166337, 0.390303075314, 0.360725194216, 0.351128607988, 0.399619728327], "max": [-5.18766641617, -4.62563276291, -5.55817842484, -5.90550041199, -5.96378469467, -7.42470264435], "var": [6.65649080276, 5.88209915161, 5.30773496628, 5.14618015289, 5.08488416672, 4.27138280869], "mean": [-7.6791677475, -7.85653734207, -8.62270736694, -9.15184307098, -9.14457798004, -11.3491811752]}, "erbbands_flatness_db": {"dmean2": 0.0260233990848, "median": 0.178325891495, "min": 0.033388402313, "dvar2": 0.000821673194878, "dvar": 0.000455790373962, "dmean": 0.0202214140445, "max": 0.317632347345, "var": 0.00241168122739, "mean": 0.176455467939}, "spectral_energyband_high": {"dmean2": 0.000298429804388, "median": 6.39590143692e-05, "min": 7.16423632692e-21, "dvar2": 1.67815494478e-06, "dvar": 1.0205678791e-06, "dmean": 0.000229163706535, "max": 0.0412313602865, "var": 2.77179492514e-06, "mean": 0.000367956439732}, "spectral_entropy": {"dmean2": 0.306026041508, "median": 6.84797477722, "min": 4.76448440552, "dvar2": 0.112819209695, "dvar": 0.0588919185102, "dmean": 0.227847009897, "max": 9.82642364502, "var": 0.466240018606, "mean": 6.92024803162}, "silence_rate_20dB": {"dmean2": 0, "median": 1, "min": 1, "dvar2": 0, "dvar": 0, "dmean": 0, "max": 1, "var": 0, "mean": 1}, "melbands_flatness_db": {"dmean2": 0.0372000336647, "median": 0.266456902027, "min": 0.00283326557837, "dvar2": 0.00143434479833, "dvar": 0.000738592760172, "dmean": 0.0268007088453, "max": 0.560094594955, "var": 0.00668216217309, "mean": 0.265781581402}, "barkbands": {"dmean2": [0.000105568120489, 0.00449004583061, 0.00306128896773, 0.00300922198221, 0.00456213904545, 0.00206101546064, 0.00127917190548, 0.000616947480012, 0.000431710475823, 0.000317185447784, 0.00016292106011, 0.000382375175832, 0.000265923066763, 0.000157397269504, 0.000200444002985, 0.000142062272062, 8.92628449947e-05, 6.58616918372e-05, 6.19989514234e-05, 6.18034682702e-05, 7.76415326982e-05, 8.80119187059e-05, 4.34437279182e-05, 6.80096345604e-05, 2.03346044145e-05, 2.92217464448e-05, 4.48299851996e-06], "median": [1.00789147837e-05, 0.00257982406765, 0.00156313180923, 0.00108896219172, 0.00177604751661, 0.00131133687682, 0.000494667387102, 8.88747163117e-05, 0.000175917826709, 0.000157460628543, 2.29255892918e-05, 0.000185439319466, 3.01494656014e-05, 4.42062664661e-05, 8.15739040263e-05, 4.76123786939e-05, 2.77999370155e-05, 2.53984235314e-05, 1.78600676009e-05, 1.97952140297e-05, 9.79369633569e-06, 1.2013118976e-05, 5.78335402679e-06, 4.82134601043e-06, 1.96372911887e-06, 1.15192256089e-06, 6.43220019469e-08], "min": [4.54979915125e-25, 1.29914317455e-24, 4.3198037961e-25, 1.18351874699e-24, 6.17614348827e-24, 8.08098225028e-24, 7.91466907221e-24, 9.22879695548e-24, 1.27533217726e-23, 1.92095424367e-23, 1.64078839992e-23, 3.85173548541e-23, 2.13070005214e-23, 2.01574187678e-23, 4.65448192028e-23, 6.09357057742e-23, 5.84738034176e-23, 8.46257982923e-23, 8.99897810796e-23, 1.95625955571e-22, 2.67859802961e-22, 3.21371961585e-22, 3.77384872388e-22, 5.8940975681e-22, 7.55164705344e-22, 1.32904609495e-21, 1.71225094329e-21], "dvar2": [9.3254818978e-08, 9.554503049e-05, 4.57352143712e-05, 3.06527981593e-05, 9.92797577055e-05, 2.13011880987e-05, 1.39036001201e-05, 7.32391299607e-06, 1.80486415502e-06, 7.77102741267e-07, 3.10316380592e-07, 1.19825085676e-06, 7.98736209617e-07, 1.96156577204e-07, 3.53504788109e-07, 1.28160806412e-07, 4.62720990413e-08, 2.221011286e-08, 4.78378758828e-08, 3.81490998791e-08, 3.00605051962e-07, 2.48769282507e-07, 5.34392441409e-08, 1.07600875765e-07, 4.15551637545e-09, 1.34693332043e-08, 1.76371695026e-10], "dvar": [6.65303048208e-08, 3.44566142303e-05, 1.63402619364e-05, 1.13703899842e-05, 4.341802196e-05, 9.49253717408e-06, 6.38768688077e-06, 3.49151446244e-06, 9.70687665358e-07, 3.54994512008e-07, 1.54023936716e-07, 5.77712569338e-07, 3.93145199951e-07, 9.58670014484e-08, 1.47668174577e-07, 5.7792366448e-08, 2.15883879662e-08, 1.24536612134e-08, 2.09449133592e-08, 1.8025572146e-08, 1.4164396589e-07, 1.30006014842e-07, 3.12241397182e-08, 5.62988056174e-08, 2.00430005926e-09, 5.53703616291e-09, 6.97212426681e-11], "dmean": [8.37980624055e-05, 0.00264207320288, 0.00184879009612, 0.00178730476182, 0.00295974570327, 0.00140227610245, 0.00086025102064, 0.000421948148869, 0.00031906994991, 0.000219004781684, 0.000111635599751, 0.000271526834695, 0.000181664450793, 0.000106897583464, 0.000134019603138, 9.54973802436e-05, 6.17388868704e-05, 4.67121353722e-05, 4.38740826212e-05, 4.30874133599e-05, 5.58843421459e-05, 6.49632129353e-05, 3.15438737744e-05, 5.06997530465e-05, 1.35853751999e-05, 1.99503665499e-05, 2.77564686257e-06], "max": [0.003573481692, 0.0867439359426, 0.0871234163642, 0.0532279536128, 0.114571407437, 0.0688036456704, 0.062053591013, 0.0571017488837, 0.0304131396115, 0.0251105986536, 0.012694790028, 0.0259681902826, 0.0182000249624, 0.0101906759664, 0.013519664295, 0.0103346984833, 0.00438245385885, 0.00731400074437, 0.0056582018733, 0.00520445313305, 0.0202718209475, 0.0157631542534, 0.00818180199713, 0.0109933856875, 0.00190149550326, 0.00315443007275, 0.000195889850147], "var": [1.39468227189e-07, 5.55384140171e-05, 2.65855724138e-05, 1.38223858812e-05, 8.18714761408e-05, 2.89813215204e-05, 1.82141575351e-05, 8.86666657607e-06, 3.83292353945e-06, 1.41302052725e-06, 5.11106463819e-07, 2.32906631936e-06, 1.45005401464e-06, 3.17694514251e-07, 3.57957958386e-07, 2.05406649911e-07, 6.43081179419e-08, 9.67096411841e-08, 3.7330796232e-08, 3.40365851059e-08, 3.03877669694e-07, 2.8978