{"tonal": {"thpcp": [1, 0.59736931324, 0.214659124613, 0.175673127174, 0.196658626199, 0.445554554462, 0.630069851875, 0.367135465145, 0.139474570751, 0.164806991816, 0.138792857528, 0.243618294597, 0.438195317984, 0.289885342121, 0.30920240283, 0.461334884167, 0.233980447054, 0.128873288631, 0.227452591062, 0.17727316916, 0.230310842395, 0.395784467459, 0.257458508015, 0.12909860909, 0.180979222059, 0.181232646108, 0.366108387709, 0.476306974888, 0.258888036013, 0.268279761076, 0.33659940958, 0.168977111578, 0.102701976895, 0.132777914405, 0.18751321733, 0.645063817501], "hpcp": {"dmean2": [0.177521809936, 0.14695481956, 0.0918086394668, 0.0689315795898, 0.0717855542898, 0.0880191773176, 0.104750797153, 0.0993880182505, 0.095403701067, 0.101608999074, 0.0843235775828, 0.0633357688785, 0.0703913196921, 0.0749301835895, 0.0815275833011, 0.0966319516301, 0.0814991369843, 0.070726044476, 0.0808155983686, 0.092931419611, 0.114190869033, 0.120636612177, 0.112460538745, 0.119059771299, 0.113506622612, 0.0893910899758, 0.0812641456723, 0.0901615172625, 0.131310507655, 0.200580507517, 0.230085745454, 0.216223299503, 0.157217949629, 0.119808539748, 0.143266007304, 0.216394662857], "median": [0.0090504148975, 0.00548910768703, 0.00100861384999, 0.000240209861659, 0.000399279117119, 0.00338087277487, 0.00393826002255, 0.00617065187544, 0.00844303518534, 0.0046697310172, 0.00391282513738, 0.000911873881705, 0.000760596594773, 0.000769089965615, 0.00606133136898, 0.00875818822533, 0.00646714819595, 0.000961841258686, 0.00028660078533, 0.000898974249139, 0.00775423413143, 0.011457358487, 0.0123380655423, 0.00458816299215, 0.00260764500126, 0.00122682237998, 0.00033625116339, 0.000327039160766, 0.00219834921882, 0.0480609685183, 0.101338811219, 0.0671880170703, 0.00695814425126, 0.00268237059936, 0.00253769475967, 0.00724215013906], "min": [0, 0, 0, 0, 0, 0, 0, 0, 0, 0, 0, 0, 0, 0, 0, 0, 0, 0, 0, 0, 0, 0, 0, 0, 0, 0, 0, 0, 0, 0, 0, 0, 0, 0, 0, 0], "dvar2": [0.101149015129, 0.0757637396455, 0.0565345548093, 0.042555719614, 0.0423880293965, 0.0385019928217, 0.0522366277874, 0.0405215211213, 0.0422220937908, 0.0570308975875, 0.038115054369, 0.0352037549019, 0.045402623713, 0.0483885556459, 0.0356356389821, 0.0482133701444, 0.0377596467733, 0.0428439378738, 0.057881873101, 0.0527297519147, 0.0603435784578, 0.0612065196037, 0.0511080883443, 0.0712072402239, 0.0752697512507, 0.0549246743321, 0.0637025311589, 0.0663160011172, 0.0838317126036, 0.105683751404, 0.1214883551, 0.112858563662, 0.0962582156062, 0.0741491615772, 0.0849603042006, 0.133952945471], "dvar": [0.0456300005317, 0.0303224679083, 0.0211358889937, 0.017445480451, 0.0167766418308, 0.0155561901629, 0.025358537212, 0.0164377484471, 0.01648735255, 0.0252281483263, 0.0152177093551, 0.0133808376268, 0.0196358449757, 0.0189178735018, 0.015460790135, 0.0225662235171, 0.0158441253006, 0.0165008548647, 0.0239747595042, 0.0199287198484, 0.0259154010564, 0.0281248800457, 0.0194650981575, 0.0269285608083, 0.0317890942097, 0.0201522726566, 0.0227452721447, 0.024434780702, 0.0303734391928, 0.0418185777962, 0.0547461360693, 0.0442860424519, 0.0349778905511, 0.0281756129116, 0.0319724790752, 0.0511389411986], "dmean": [0.105682328343, 0.0861419588327, 0.0511531494558, 0.0401678346097, 0.0408358648419, 0.0525085963309, 0.0633878186345, 0.0597292780876, 0.0561454854906, 0.0614678561687, 0.0489564761519, 0.0358447618783, 0.0402849577367, 0.0432110503316, 0.0481834374368, 0.056867968291, 0.048126488924, 0.0398642420769, 0.0449642948806, 0.0525394119322, 0.0673946663737, 0.0737043842673, 0.0638382956386, 0.0662304237485, 0.0627515539527, 0.0488677620888, 0.0427808612585, 0.0479996055365, 0.0735228508711, 0.11995690316, 0.136307150126, 0.127161949873, 0.0871647521853, 0.0667017623782, 0.0802769362926, 0.120342060924], "max": [1, 1, 1, 1, 1, 1, 1, 1, 1, 1, 1, 1, 1, 1, 1, 1, 1, 1, 1, 1, 1, 1, 1, 1, 1, 1, 1, 1, 1, 1, 1, 1, 1, 1, 1, 1], "var": [0.116226054728, 0.0506823919713, 0.0194631442428, 0.0341859869659, 0.0236779060215, 0.0276187211275, 0.0819843411446, 0.033548861742, 0.0393375381827, 0.0853786394, 0.0255165062845, 0.0171212907881, 0.0523662269115, 0.0308849513531, 0.0260877516121, 0.0674208775163, 0.032079230994, 0.0185639839619, 0.0380732119083, 0.023838404566, 0.0610046125948, 0.0823005065322, 0.024965306744, 0.0448803268373, 0.0748710408807, 0.0227102637291, 0.0178770385683, 0.025942388922, 0.0258500091732, 0.0833771675825, 0.153690904379, 0.0689832270145, 0.0292686913162, 0.0276405401528, 0.029617600143, 0.0697184354067], "mean": [0.206787869334, 0.120493240654, 0.0457753203809, 0.0540893748403, 0.0455515831709, 0.0799551159143, 0.143814966083, 0.0951398834586, 0.101479709148, 0.151409327984, 0.0767919868231, 0.0422959960997, 0.0746495574713, 0.0581807531416, 0.0755876302719, 0.129895791411, 0.0844974443316, 0.0423699468374, 0.0593970753253, 0.0594802498817, 0.120156154037, 0.1563231498, 0.0849666148424, 0.0880489647388, 0.110471360385, 0.0554580055177, 0.0337066166103, 0.0435774885118, 0.0615415237844, 0.211708858609, 0.328198313713, 0.196055606008, 0.0704507604241, 0.0576556250453, 0.0645430311561, 0.146230250597]}, "tuning_equal_tempered_deviation": 0.0206600036472, "chords_changes_rate": 0.0618002675474, "key_key": "C", "tuning_diatonic_strength": 0.543090760708, "key_scale": "major", "chords_number_rate": 0.00537393661216, "tuning_frequency": 438.477722168, "tuning_nontempered_energy_ratio": 0.627576708794, "chords_histogram": [20.7792205811, 1.29870128632, 23.4661884308, 0.134348407388, 1.16435289383, 4.74697732925, 3.76175546646, 0.806090474129, 0.223914012313, 0, 0.0895656049252, 0, 0, 0, 0.0447828024626, 1.47783255577, 0.537393629551, 6.04567861557, 0.761307656765, 12.9422302246, 0, 3.31392741203, 10.1656961441, 8.24003601074], "key_strength": 0.751815915108, "chords_key": "G", "chords_strength": {"dmean2": 0.00867413915694, "median": 0.451198548079, "min": 0.153891116381, "dvar2": 9.55050272751e-05, "dvar": 8.60872678459e-05, "dmean": 0.0117082735524, "max": 0.693299949169, "var": 0.00860573165119, "mean": 0.450196117163}, "chords_scale": "major", "hpcp_entropy": {"dmean2": 0.830696642399, "median": 1.59355783463, "min": 0, "dvar2": 0.711525857449, "dvar": 0.271090745926, "dmean": 0.494282722473, "max": 4.10496330261, "var": 0.561453402042, "mean": 1.53254878521}}, "metadata": {"audio_properties": {"equal_loudness": 0, "codec": "mp3", "downmix": "mix", "sample_rate": 44100, "analysis_sample_rate": 44100, "bit_rate": 217760, "md5_encoded": "dbde24a2851ea4c7583af6b0b31f5488", "length": 103.627754211, "replay_gain": -12.6673488617, "lossless": false}, "version": {"essentia_build_sha": "70f2e5ece6736b2c40cc944ad0e695b16b925413", "essentia": "2.1-beta2", "extractor": "music 1.0", "essentia_git_sha": "v2.1_beta2"}, "tags": {"title": ["B\u00e1zliv\u00e1"], "language": ["Czech"], "albumartist": ["Karel Pl\u00edhal"], "date": ["2004"], "genre": ["Folk"], "musicbrainz album release country": ["CZ"], "tracknumber": ["2/23"], "artistsort": ["Pl\u00edhal, Karel"], "musicbrainz_recordingid": ["070fc12f-74ba-43f7-b9ed-3a752992b6bf"], "musicbrainz album status": ["official"], "musicbrainz_albumartistid": ["ff18364e-fd4b-4bd7-b199-452fc9e5eb52"], "musicbrainz_albumid": ["ea5373d4-d6d7-45b2-8713-46c117b87dac"], "artist": ["Karel Pl\u00edhal"], "encodedby": ["MP3 Lame"], "bpm": ["63"], "album": ["Nebe po\u010dk\u00e1"], "label": ["Monitor-EMI Records Ltd."], "albumartistsort": ["Pl\u00edhal, Karel"], "musicbrainz album type": ["album"], "musicbrainz_artistid": ["ff18364e-fd4b-4bd7-b199-452fc9e5eb52"], "file_name": "02 B\u00e1zliv\u00e1.mp3"}}, "rhythm": {"bpm_histogram_first_peak_bpm": {"dmean2": 0, "median": 83, "min": 83, "dvar2": 0, "dvar": 0, "dmean": 0, "max": 83, "var": 0, "mean": 83}, "bpm": 82.3327941895, "bpm_histogram_second_peak_spread": {"dmean2": 0, "median": 0.642857134342, "min": 0.642857134342, "dvar2": 0, "dvar": 0, "dmean": 0, "max": 0.642857134342, "var": 0, "mean": 0.642857134342}, "bpm_histogram_first_peak_weight": {"dmean2": 0, "median": 0.36305731535, "min": 0.36305731535, "dvar2": 0, "dvar": 0, "dmean": 0, "max": 0.36305731535, "var": 0, "mean": 0.36305731535}, "onset_rate": 3.17438054085, "beats_position": [0.766258478165, 1.53251695633, 2.31038546562, 3.08825397491, 3.88934230804, 4.6439909935, 5.38702917099, 6.1648979187, 6.90793657303, 7.66258478165, 8.40562343597, 9.12544155121, 9.85687065125, 10.5882987976, 11.3081178665, 12.0395460129, 12.7709751129, 13.479183197, 14.1873922348, 14.9188203812, 15.6386394501, 16.3932876587, 17.1595458984, 17.9025840759, 18.6456241608, 19.3886623383, 20.1317005157, 20.8631286621, 21.5713367462, 22.2911567688, 23.010974884, 23.7307929993, 24.4506111145, 25.1820411682, 25.9134693146, 26.6565074921, 27.3995456696, 28.1541938782, 28.8740139008, 29.6054420471, 30.3252601624, 31.0450782776, 31.7648983002, 32.4847145081, 33.1580963135, 33.8082542419, 34.4584121704, 35.1085700989, 35.7819480896, 36.4669380188, 37.2099761963, 37.9530143738, 38.6960525513, 39.427482605, 40.1473007202, 40.8555107117, 41.5637168884, 42.2370948792, 42.9104766846, 43.5838546753, 44.257232666, 44.9654426575, 45.6852607727, 46.4166870117, 47.1481170654, 47.8795471191, 48.5993652344, 49.3307914734, 50.0622215271, 50.7820396423, 51.513469696, 52.2797279358, 53.0343742371, 53.789024353, 54.5436706543, 55.275100708, 55.9949188232, 56.726348877, 57.4461669922, 58.1892051697, 58.9206352234, 59.6520614624, 60.3834915161, 61.1381378174, 61.8811798096, 62.6009979248, 63.32081604, 64.0638504028, 64.806892395, 65.5383224487, 66.258140564, 66.9895706177, 67.6977767944, 68.4175949097, 69.1490249634, 69.8804550171, 70.6118774414, 71.3316955566, 72.0515213013, 72.759727478, 73.4795455933, 74.210975647, 74.9307937622, 75.6622238159, 76.3820419312, 77.1018600464, 77.8100662231, 78.5298843384, 79.098777771, 79.6676635742, 80.2365493774, 80.6893386841, 81.1305236816, 81.5600891113, 82.0012664795, 82.4308395386, 82.8720169067, 83.3480224609, 83.8240356445, 84.2884368896, 84.7528305054, 85.228843689, 85.6932373047, 86.1692504883, 86.656867981, 87.1444854736, 87.6437149048, 88.1313400269, 88.6305618286, 89.1414031982, 89.6638565063, 90.1863021851, 90.6855316162, 91.1847610474, 91.695602417, 92.2296600342, 92.7637176514, 93.2977752686, 93.7853927612, 94.2730178833, 94.760635376, 95.2482528687, 95.7358703613, 96.2118835449, 96.6762771606, 97.1290664673, 97.5818557739, 98.0578689575, 98.5338745117, 99.0214920044, 99.497505188, 99.9619064331, 100.426300049, 100.890701294, 101.355102539, 101.831108093, 102.295509338, 102.771514893], "beats_loudness": {"dmean2": 0.0529803745449, "median": 0.0387153550982, "min": 0, "dvar2": 0.00157374783885, "dvar": 0.000564313435461, "dmean": 0.0300127714872, "max": 0.138203054667, "var": 0.000899395439774, "mean": 0.0428792908788}, "danceability": 1.17922925949, "bpm_histogram_second_peak_weight": {"dmean2": 0, "median": 0.063694268465, "min": 0.063694268465, "dvar2": 0, "dvar": 0, "dmean": 0, "max": 0.063694268465, "var": 0, "mean": 0.063694268465}, "beats_count": 158, "bpm_histogram_second_peak_bpm": {"dmean2": 0, "median": 126, "min": 126, "dvar2": 0, "dvar": 0, "dmean": 0, "max": 126, "var": 0, "mean": 126}, "bpm_histogram_first_peak_spread": {"dmean2": 0, "median": 0.366666674614, "min": 0.366666674614, "dvar2": 0, "dvar": 0, "dmean": 0, "max": 0.366666674614, "var": 0, "mean": 0.366666674614}, "beats_loudness_band_ratio": {"dmean2": [0.419667303562, 0.41836899519, 0.207722634077, 0.0634769126773, 0.016792671755, 0.0444837845862], "median": [0.39169973135, 0.531693577766, 0.060813345015, 0.00808093789965, 0.000556819257326, 0.000479357258882], "min": [0, 0, 0, 0, 0, 0], "dvar2": [0.1032525599, 0.0830852910876, 0.0385849811137, 0.00960217695683, 0.00379939028062, 0.0295951738954], "dvar": [0.0374448113143, 0.0284179970622, 0.0137535585091, 0.00355400633998, 0.00127823301591, 0.0101593798026], "dmean": [0.254981577396, 0.247707292438, 0.117588505149, 0.0354668721557, 0.00865233968943, 0.0236990954727], "max": [0.972574293613, 0.929084181786, 0.532574057579, 0.365531593561, 0.31203854084, 0.719566345215], "var": [0.0702558085322, 0.0583857595921, 0.0170276500285, 0.0027669055853, 0.000657926138956, 0.00530434213579], "mean": [0.436417013407, 0.522908210754, 0.11991944164, 0.0266936663538, 0.00490707717836, 0.0128476405516]}}, "lowlevel": {"barkbands_spread": {"dmean2": 2.7063601017, "median": 2.26917934418, "min": 0.15609575808, "dvar2": 58.500919342, "dvar": 30.9497737885, "dmean": 1.83813464642, "max": 120.080131531, "var": 128.155334473, "mean": 5.33962345123}, "melbands_spread": {"dmean2": 3.1991558075, "median": 2.68339824677, "min": 0.308209359646, "dvar2": 128.837081909, "dvar": 76.84324646, "dmean": 2.22869420052, "max": 193.00012207, "var": 336.042449951, "mean": 6.55262470245}, "hfc": {"dmean2": 3.72946333885, "median": 5.37958240509, "min": 1.06887107466e-16, "dvar2": 53.0451965332, "dvar": 28.0658798218, "dmean": 2.57380461693, "max": 158.522796631, "var": 91.3382492065, "mean": 7.77060413361}, "barkbands_kurtosis": {"dmean2": 15.0836687088, "median": 11.8433790207, "min": -1.93954157829, "dvar2": 964.590332031, "dvar": 348.609313965, "dmean": 9.2459821701, "max": 520.429748535, "var": 691.107666016, "mean": 20.7948188782}, "gfcc": {"mean": [-172.281005859, 154.099700928, -39.336063385, 11.9853992462, -57.0695266724, -7.23122501373, -39.7979278564, -16.0529251099, -33.3860359192, -8.08594799042, -7.82823514938, 2.00484490395, -10.9032735825], "icov": [[0.000317557482049, -0.000955144234467, 0.000672098540235, -0.000970020133536, 0.00104688259307, -0.000757007859647, 0.000868301372975, -0.000584433379117, 0.000966354913544, -0.000680203200318, 0.000792571750935, -0.000209535646718, 0.000237534812186], [-0.000955144234467, 0.00399564020336, -0.00205686292611, 0.00372884050012, -0.00345927220769, 0.00264004361816, -0.00267460662872, 0.00261074164882, -0.00326529261656, 0.00356343318708, -0.00344436103478, 0.00170474662445, -0.00119018368423], [0.000672098540235, -0.00205686292611, 0.00223538768478, -0.00205406569876, 0.00200131977908, -0.00204691826366, 0.00200508488342, -0.000901011750102, 0.00205504777841, -0.00148460513446, 0.0018001657445, -0.000629028130788, 0.000290745811071], [-0.000970020133536, 0.00372884050012, -0.00205406569876, 0.00508214393631, -0.00389720359817, 0.00250328588299, -0.00254282238893, 0.00160347612109, -0.00267602596432, 0.0022899270989, -0.00157424830832, 0.000844506372232, -0.000845568429213], [0.00104688259307, -0.00345927220769, 0.00200131977908, -0.00389720359817, 0.0068769576028, -0.00233020307496, 0.00303719751537, -0.00281751644798, 0.000766268640291, -0.00156856677495, 0.000858300947584, 0.00156926072668, -0.000584304681979], [-0.000757007859647, 0.00264004361816, -0.00204691826366, 0.00250328588299, -0.00233020307496, 0.00715513387695, -0.00318829715252, 0.000221227295697, -0.00161378423218, 0.000480211427202, -0.000973866204731, 0.00076937902486, 0.00149559951387], [0.000868301372975, -0.00267460662872, 0.00200508488342, -0.00254282238893, 0.00303719751537, -0.00318829715252, 0.00716740405187, -0.00124114484061, 0.0026088107843, -0.00155974610243, -0.000566815899219, -0.00012927451462, -0.000446554506198], [-0.000584433379117, 0.00261074164882, -0.000901011750102, 0.00160347612109, -0.00281751644798, 0.000221227295697, -0.00124114484061, 0.00839879829437, -0.00319707090966, 0.00348886242136, -0.00268984190188, -0.00111106259283, 0.000100785196992], [0.000966354913544, -0.00326529261656, 0.00205504777841, -0.00267602596432, 0.000766268640291, -0.00161378423218, 0.0026088107843, -0.00319707090966, 0.0137555841357, -0.00537007767707, 0.00478936685249, -0.00273160636425, 0.001028739498], [-0.000680203200318, 0.00356343318708, -0.00148460513446, 0.0022899270989, -0.00156856677495, 0.000480211427202, -0.00155974610243, 0.00348886242136, -0.00537007767707, 0.011876466684, -0.00569647178054, 0.00293005793355, -0.00184437003918], [0.000792571750935, -0.00344436103478, 0.0018001657445, -0.00157424830832, 0.000858300947584, -0.000973866204731, -0.000566815899219, -0.00268984190188, 0.00478936685249, -0.00569647178054, 0.0143100321293, -0.00431606546044, 0.00218928256072], [-0.000209535646718, 0.00170474662445, -0.000629028130788, 0.000844506372232, 0.00156926072668, 0.00076937902486, -0.00012927451462, -0.00111106259283, -0.00273160636425, 0.00293005793355, -0.00431606546044, 0.0134268244728, -0.00506984442472], [0.000237534812186, -0.00119018368423, 0.000290745811071, -0.000845568429213, -0.000584304681979, 0.00149559951387, -0.000446554506198, 0.000100785196992, 0.001028739498, -0.00184437003918, 0.00218928256072, -0.00506984442472, 0.0123476628214]], "cov": [[24929.2578125, 1029.87268066, -2727.27392578, 845.895690918, -1511.1262207, 276.759033203, -694.78704834, 44.2595672607, -594.042541504, -222.2159729, -480.452728271, -118.594497681, -335.882598877], [1029.87268066, 2795.06347656, 52.5799217224, -1045.88977051, 282.417358398, -307.32421875, 195.302978516, -297.697601318, 6.90157794952, -233.362808228, 256.383514404, -136.203094482, 100.009750366], [-2727.27392578, 52.5799217224, 1334.87573242, 2.74661922455, 82.9609222412, 83.3130569458, -30.9908905029, -49.2559204102, 14.1663990021, 14.8800172806, -16.8591537476, -3.13848376274, 22.1483535767], [845.895690918, -1045.88977051, 2.74661922455, 940.68359375, 36.4099349976, 84.0316238403, -120.04183197, 137.560882568, 15.3638563156, 55.0725479126, -143.052154541, 23.9873771667, -24.4926338196], [-1511.1262207, 282.417358398, 82.9609222412, 36.4099349976, 494.677947998, -59.7328720093, 14.7273569107, 34.4043884277, 98.8243865967, -17.0492668152, 56.5976829529, -49.6617355347, 46.5216064453], [276.759033203, -307.32421875, 83.3130569458, 84.0316238403, -59.7328720093, 266.387969971, 20.1620597839, 50.4327888489, -15.9509878159, 42.8746833801, -29.1444454193, -4.6776008606, -54.9492721558], [-694.78704834, 195.302978516, -30.9908905029, -120.04183197, 14.7273569107, 20.1620597839, 273.401580811, -22.6837844849, -8.34380435944, 4.49001264572, 84.9330673218, 0.310873836279, 19.4622802734], [44.2595672607, -297.697601318, -49.2559204102, 137.560882568, 34.4043884277, 50.4327888489, -22.6837844849, 202.983184814, 25.8142127991, -5.89376163483, -12.6955223083, 34.9949531555, -12.3355436325], [-594.042541504, 6.90157794952, 14.1663990021, 15.3638563156, 98.8243865967, -15.9509878159, -8.34380435944, 25.8142127991, 127.689910889, 25.7728538513, -0.758774101734, 6.75368261337, 15.0263910294], [-222.2159729, -233.362808228, 14.8800172806, 55.0725479126, -17.0492668152, 42.8746833801, 4.49001264572, -5.89376163483, 25.7728538513, 149.396942139, 14.2327833176, -1.66737675667, -3.62730979919], [-480.452728271, 256.383514404, -16.8591537476, -143.052154541, 56.5976829529, -29.1444454193, 84.9330673218, -12.6955223083, -0.758774101734, 14.2327833176, 147.676635742, 12.9544277191, 15.2641601562], [-118.594497681, -136.203094482, -3.13848376274, 23.9873771667, -49.6617355347, -4.6776008606, 0.310873836279, 34.9949531555, 6.75368261337, -1.66737675667, 12.9544277191, 115.672416687, 33.1970825195], [-335.882598877, 100.009750366, 22.1483535767, -24.4926338196, 46.5216064453, -54.9492721558, 19.4622802734, -12.3355436325, 15.0263910294, -3.62730979919, 15.2641601562, 33.1970825195, 113.681541443]]}, "spectral_energyband_middle_low": {"dmean2": 0.0108003197238, "median": 0.0140644069761, "min": 1.74091643202e-22, "dvar2": 0.000346092565451, "dvar": 0.000154928347911, "dmean": 0.00695149833336, "max": 0.176272034645, "var": 0.000449590210337, "mean": 0.0199654307216}, "melbands_crest": {"dmean2": 4.72265911102, "median": 16.7663383484, "min": 1.55658257008, "dvar2": 20.863155365, "dvar": 7.94218254089, "dmean": 2.89517450333, "max": 35.211391449, "var": 27.7043857574, "mean": 17.4307975769}, "spectral_kurtosis": {"dmean2": 21.8483867645, "median": 24.3681373596, "min": -1.25903499126, "dvar2": 832.731384277, "dvar": 348.068969727, "dmean": 13.7629947662, "max": 307.234771729, "var": 2486.15014648, "mean": 45.4300041199}, "spectral_rms": {"dmean2": 0.00112896738574, "median": 0.00453502032906, "min": 3.10680994819e-12, "dvar2": 2.20445690502e-06, "dvar": 1.06756408513e-06, "dmean": 0.000756577879656, "max": 0.0131735680625, "var": 5.60217631573e-06, "mean": 0.00453696353361}, "zerocrossingrate": {"dmean2": 0.00532217789441, "median": 0.01416015625, "min": 0.0029296875, "dvar2": 0.000136854781886, "dvar": 0.000139844923979, "dmean": 0.0045553590171, "max": 0.5166015625, "var": 0.00327459163964, "mean": 0.0261231567711}, "silence_rate_60dB": {"dmean2": 0.0607350952923, "median": 0, "min": 0, "dvar2": 0.0646678209305, "dvar": 0.0295450538397, "dmean": 0.0304727759212, "max": 1, "var": 0.106163233519, "mean": 0.120743729174}, "erbbands_kurtosis": {"dmean2": 6.41651773453, "median": 5.8818936348, "min": -1.89916718006, "dvar2": 112.051773071, "dvar": 43.6598052979, "dmean": 4.07110261917, "max": 151.453720093, "var": 136.721908569, "mean": 9.57579708099}, "erbbands": {"dmean2": [0.00934346951544, 0.303087770939, 2.81427621841, 6.8118262291, 22.2831344604, 21.2410640717, 14.7639789581, 17.7242393494, 17.4308948517, 6.53625822067, 4.47324800491, 1.47013878822, 1.9707403183, 3.45685219765, 2.98584723473, 4.01370620728, 1.76219069958, 1.3938639164, 0.695874631405, 0.59620642662, 1.03878819942, 3.02619409561, 3.16490888596, 2.01547718048, 1.7993196249, 1.08851623535, 1.67427706718, 1.47317397594, 2.56869316101, 1.20332729816, 0.348978698254, 0.197099402547, 0.200412526727, 0.10268574208, 0.0632316321135, 0.0235385317355, 0.00696960743517, 0.000998843810521, 7.46195655665e-05, 1.54425106302e-05], "median": [0.00698025524616, 0.104801863432, 1.68012523651, 6.0618057251, 8.77253341675, 14.9083175659, 12.7023525238, 13.1580162048, 8.43368530273, 2.93501639366, 1.13129925728, 0.398464113474, 0.486059963703, 0.752655625343, 0.843493640423, 0.606393456459, 0.249059855938, 0.166409879923, 0.0723125040531, 0.0631025359035, 0.0587857365608, 0.049645550549, 0.044696893543, 0.0390124022961, 0.0380918160081, 0.0263395868242, 0.017836632207, 0.012487443164, 0.0143350064754, 0.00851628556848, 0.00541463214904, 0.00434105098248, 0.00257336022332, 0.00146957742982, 0.000941597274505, 0.000366268039215, 0.000146805206896, 4.32035776612e-05, 1.81107607204e-05, 2.47893603955e-05], "min": [8.20420958119e-23, 5.50122969117e-22, 2.45032425137e-21, 4.05417899149e-21, 2.03240037494e-20, 1.32694100511e-20, 9.62632471834e-20, 8.73326950976e-20, 1.19750368593e-19, 2.7821118719e-19, 3.72694057352e-19, 4.68234477927e-19, 5.75885727399e-19, 5.90351358554e-19, 8.70068893338e-19, 1.41478397371e-18, 1.80521870291e-18, 2.41740659566e-18, 3.05234609116e-18, 4.56208099001e-18, 3.16479633235e-18, 4.55369255142e-18, 3.21068272927e-18, 6.3188240139e-18, 6.7456777477e-18, 1.07453358918e-17, 7.41811768307e-18, 1.03859879542e-17, 1.01985488274e-17, 1.14220027201e-17, 1.04337518443e-17, 1.07449512528e-17, 1.11061222965e-17, 8.90437678255e-18, 6.20635764268e-18, 4.59683870576e-18, 2.38156196459e-18, 9.46978285537e-19, 2.81166729368e-19, 2.99396859491e-20], "dvar2": [0.000282644265098, 0.57265150547, 35.5290908813, 175.821548462, 2773.8203125, 2133.80371094, 816.673339844, 1179.74401855, 2187.66699219, 365.798370361, 216.888580322, 42.9781837463, 54.7732543945, 201.383758545, 133.149246216, 436.875091553, 102.986618042, 51.1019668579, 44.2304496765, 23.1718235016, 102.834831238, 2641.88232422, 1258.58776855, 311.497497559, 970.801635742, 62.0631599426, 778.581604004, 127.971633911, 795.622741699, 118.0572052, 6.82160615921, 1.1421033144, 1.37110126019, 0.351174324751, 0.117185309529, 0.0198053959757, 0.00119880936109, 2.72508987109e-05, 1.24504595078e-07, 5.91076354528e-10], "dvar": [0.000148644845467, 0.399851828814, 17.8793830872, 65.7122650146, 1282.70373535, 843.462158203, 356.896759033, 551.39642334, 1059.74328613, 203.573455811, 135.970993042, 21.9538135529, 25.6527938843, 124.48134613, 81.5951919556, 207.326385498, 41.2128944397, 20.7450637817, 15.4213199615, 10.4180269241, 34.4518928528, 932.901550293, 500.47064209, 185.368438721, 458.328033447, 25.9715690613, 276.505218506, 65.7045593262, 340.900939941, 69.4765014648, 4.114382267, 0.577559053898, 0.630525410175, 0.183145433664, 0.0581568814814, 0.0108706960455, 0.000950869405642, 1.90463215404e-05, 7.55162048449e-08, 2.90401813707e-10], "dmean": [0.00645101210102, 0.235372319818, 1.99196588993, 4.25063180923, 14.2825641632, 13.4557409286, 9.48086833954, 11.0349273682, 11.2433986664, 4.67414045334, 3.35968065262, 1.09156453609, 1.39127552509, 2.49330830574, 2.23163795471, 2.86829853058, 1.19537842274, 0.906320869923, 0.438919395208, 0.390142142773, 0.677945435047, 1.88744449615, 1.9147258997, 1.52063500881, 1.30521333218, 0.723430931568, 1.06045424938, 1.02631342411, 1.77868235111, 0.877511262894, 0.252036511898, 0.136519864202, 0.140260994434, 0.0759232714772, 0.0439807213843, 0.016542494297, 0.00529283238575, 0.000774839776568, 5.44661488675e-05, 1.03809825305e-05], "max": [0.309722542763, 16.0930404663, 84.2658996582, 112.486328125, 642.541748047, 525.240661621, 237.075866699, 558.666564941, 906.397766113, 408.005615234, 468.816345215, 141.84147644, 241.478591919, 495.474884033, 288.623168945, 671.069458008, 211.440444946, 112.533424377, 171.807235718, 168.068695068, 251.29069519, 1578.95446777, 941.526611328, 602.179931641, 1186.5513916, 170.432189941, 804.150268555, 323.301971436, 895.432678223, 434.092590332, 126.083595276, 30.9012775421, 25.3285388947, 18.2574081421, 8.51533699036, 3.89723658562, 1.44308793545, 0.185670793056, 0.0107108624652, 0.000494296778925], "var": [0.000538675289135, 1.9281681776, 64.6005477905, 152.896530151, 2920.99755859, 2433.7043457, 1155.48876953, 2072.13232422, 3702.93334961, 632.488098145, 595.184082031, 70.5184402466, 90.5743179321, 481.550445557, 302.517089844, 584.993408203, 70.3408279419, 32.7735862732, 10.1096878052, 13.4302225113, 37.3103294373, 735.344055176, 752.856567383, 332.181121826, 521.657043457, 34.1389579773, 199.339355469, 115.715118408, 541.800476074, 220.53755188, 14.1366062164, 1.7195224762, 1.41714596748, 0.421740591526, 0.120984829962, 0.0319138094783, 0.00425236485898, 7.40787436371e-05, 2.54108130093e-07, 1.06427500146e-09], "mean": [0.0137049052864, 0.534489929676, 4.51727342606, 9.99583244324, 27.5770797729, 33.1842155457, 25.5176200867, 30.3827915192, 29.6168479919, 10.62895298, 7.80591344833, 2.50997376442, 3.36590981483, 6.37981843948, 5.47326660156, 6.27608156204, 2.19522666931, 1.54416441917, 0.570608019829, 0.602100849152, 0.930275440216, 2.09735512733, 2.26772475243, 1.89041650295, 1.52140533924, 0.907186388969, 1.2402895689, 1.48702406883, 2.61120724678, 1.41346251965, 0.435006678104, 0.225996345282, 0.225413694978, 0.125825494528, 0.0721116289496, 0.030185719952, 0.0103228846565, 0.00142145354766, 0.000101939389424, 3.25602995872e-05]}, "spectral_strongpeak": {"dmean2": 0.461536973715, "median": 0.604551792145, "min": 0, "dvar2": 0.653176307678, "dvar": 0.254084825516, "dmean": 0.280570626259, "max": 9.4051027298, "var": 0.472247213125, "mean": 0.793159723282}, "spectral_energy": {"dmean2": 0.0128383105621, "median": 0.0210805721581, "min": 9.8935744958e-21, "dvar2": 0.000398760254029, "dvar": 0.000183250129339, "dmean": 0.0084367915988, "max": 0.177881464362, "var": 0.000617646670435, "mean": 0.0268409140408}, "average_loudness": 0.864223837852, "spectral_rolloff": {"dmean2": 219.822235107, "median": 322.998046875, "min": 64.599609375, "dvar2": 848845.3125, "dvar": 439649.4375, "dmean": 130.703216553, "max": 19509.0820312, "var": 4565029.5, "mean": 691.214355469}, "spectral_centroid": {"dmean2": 121.248504639, "median": 286.022888184, "min": 126.306678772, "dvar2": 152220.59375, "dvar": 103935.679688, "dmean": 85.4052505493, "max": 11487.8564453, "var": 1241229.5, "mean": 497.179779053}, "pitch_salience": {"dmean2": 0.112695798278, "median": 0.520651102066, "min": 0.0851419791579, "dvar2": 0.0121040316299, "dvar": 0.00480216089636, "dmean": 0.0686180740595, "max": 0.868253171444, "var": 0.0168872941285, "mean": 0.516661524773}, "spectral_energyband_middle_high": {"dmean2": 0.000373939517885, "median": 0.000149075407535, "min": 1.2042617798e-21, "dvar2": 2.12106624531e-06, "dvar": 1.01527064089e-06, "dmean": 0.000273439305602, "max": 0.028590189293, "var": 2.48156084126e-06, "mean": 0.000627285626251}, "spectral_contrast_coeffs": {"dmean2": [0.0737255737185, 0.0659144073725, 0.0501213110983, 0.0423642583191, 0.0357042402029, 0.0290273092687], "median": [-0.507195711136, -0.60819208622, -0.774255514145, -0.796663403511, -0.819355010986, -0.826699316502], "min": [-0.979276657104, -0.972826719284, -0.97496420145, -0.970135271549, -0.96417337656, -0.965469717979], "dvar2": [0.00416109571233, 0.0033364885021, 0.00200436776504, 0.00142644473817, 0.00117632432375, 0.000843466958031], "dvar": [0.00183382164687, 0.00146507995669, 0.000975996314082, 0.00067497137934, 0.000642933940981, 0.000425654900027], "dmean": [0.0459242761135, 0.0409766063094, 0.0322076641023, 0.0274243205786, 0.0240527037531, 0.0199011545628], "max": [-0.252917289734, -0.288390249014, -0.482108801603, -0.540876150131, -0.535534799099, -0.589991033077], "var": [0.0137585736811, 0.00954210199416, 0.0074714529328, 0.0046884380281, 0.00445003481582, 0.00305982911959], "mean": [-0.522758424282, -0.615089774132, -0.769029259682, -0.791839241982, -0.812953770161, -0.821420371532]}, "melbands_skewness": {"dmean2": 1.15537548065, "median": 2.04222488403, "min": -1.51382517815, "dvar2": 1.92456042767, "dvar": 0.871712744236, "dmean": 0.74797308445, "max": 18.4529457092, "var": 3.92624425888, "mean": 2.52698016167}, "spectral_spread": {"dmean2": 922795.125, "median": 2468164, "min": 346407.34375, "dvar2": 2228817231870.0, "dvar": 1202246778880.0, "dmean": 593374.375, "max": 42471824, "var": 17436412739600.0, "mean": 3328676}, "dissonance": {"dmean2": 0.0709549486637, "median": 0.377845406532, "min": 0.102805234492, "dvar2": 0.00430100783706, "dvar": 0.00161255220883, "dmean": 0.0426985919476, "max": 0.5, "var": 0.00591221125796, "mean": 0.365234941244}, "spectral_skewness": {"dmean2": 1.28076088428, "median": 4.15768957138, "min": -0.143029734492, "dvar2": 1.89718139172, "dvar": 0.865844249725, "dmean": 0.829388022423, "max": 14.5815105438, "var": 8.38869953156, "mean": 4.88613033295}, "spectral_flux": {"dmean2": 0.0393745675683, "median": 0.0408359318972, "min": 6.5124405868e-11, "dvar2": 0.00280287419446, "dvar": 0.00110937072895, "dmean": 0.024159187451, "max": 0.331482410431, "var": 0.00186187715735, "mean": 0.0526526197791}, "spectral_contrast_valleys": {"dmean2": [0.643188595772, 0.5635445714, 0.560383915901, 0.534924030304, 0.529762148857, 0.443457722664], "median": [-7.78706598282, -7.81047916412, -9.01980400085, -10.1632127762, -10.4336919785, -12.6443443298], "min": [-28.225976944, -27.9097003937, -27.6240711212, -27.6879653931, -27.5587558746, -27.3622913361], "dvar2": [0.390058428049, 0.384184211493, 0.403805911541, 0.421179562807, 0.484015733004, 0.368721395731], "dvar": [0.227495670319, 0.23317450285, 0.228832900524, 0.231571108103, 0.273774862289, 0.230452910066], "dmean": [0.39874792099, 0.355845838785, 0.35490077734, 0.349806517363, 0.361939162016, 0.309076577425], "max": [-5.56560087204, -5.38644266129, -5.31577730179, -6.71031141281, -5.96249103546, -8.11180591583], "var": [4.89473867416, 5.2331161499, 4.67568826675, 4.22608709335, 4.38039922714, 3.85415744781], "mean": [-8.10763072968, -8.1224155426, -9.26120281219, -10.4358196259, -10.5657739639, -12.417339325]}, "erbbands_flatness_db": {"dmean2": 0.0333792157471, "median": 0.27340066433, "min": 0.0301063768566, "dvar2": 0.00136317650322, "dvar": 0.000673320784699, "dmean": 0.022609975189, "max": 0.475321352482, "var": 0.00653628306463, "mean": 0.275396436453}, "spectral_energyband_high": {"dmean2": 0.000123027537484, "median": 2.69801421382e-06, "min": 6.97264223313e-21, "dvar2": 7.45861996165e-07, "dvar": 4.05365426559e-07, "dmean": 9.28598747123e-05, "max": 0.0238082055002, "var": 1.09715301733e-06, "mean": 0.000159256582265}, "spectral_entropy": {"dmean2": 0.383578062057, "median": 5.53634929657, "min": 3.62486457825, "dvar2": 0.219682529569, "dvar": 0.106913872063, "dmean": 0.258644551039, "max": 9.81584835052, "var": 0.920693874359, "mean": 5.68978595734}, "silence_rate_20dB": {"dmean2": 0, "median": 1, "min": 1, "dvar2": 0, "dvar": 0, "dmean": 0, "max": 1, "var": 0, "mean": 1}, "melbands_flatness_db": {"dmean2": 0.0450573787093, "median": 0.443322181702, "min": 0.00357231800444, "dvar2": 0.00271352217533, "dvar": 0.00133166683372, "dmean": 0.0314793512225, "max": 0.794698119164, "var": 0.0131435552612, "mean": 0.43827983737}, "barkbands": {"dmean2": [4.14157148043e-05, 0.000922314124182, 0.0029234548565, 0.00310986558907, 0.00715554738417, 0.00215618591756, 0.000835375336464, 0.000271532015176, 5.89798437431e-05, 8.75959012774e-05, 8.7029839051e-05, 8.80755396793e-05, 3.6298926716e-05, 2.52399167948e-05, 1.03318579932e-05, 1.41967193485e-05, 5.23097151017e-05, 5.40220717085e-05, 4.30059262726e-05, 2.19757075683e-05, 3.70991074305e-05, 6.47265696898e-05, 1.52545208039e-05, 1.06006227725e-05, 8.64464891492e-06, 4.08809273722e-06, 4.33316529325e-07], "median": [7.70328733779e-06, 0.000299156701658, 0.00166702782735, 0.00155648728833, 0.0046985805966, 0.00187853770331, 0.000392144342186, 6.07228539593e-05, 9.39079291129e-06, 1.81899940799e-05, 1.25639708131e-05, 1.26088925754e-05, 3.21951506521e-06, 2.04722800845e-06, 9.92355353446e-07, 8.79222170624e-07, 8.45248848691e-07, 5.84734777931e-07, 7.66017137721e-07, 5.03439650856e-07, 3.28717987941e-07, 4.03018844963e-07, 1.84110490409e-07, 1.87580269539e-07, 1.29483538558e-07, 7.76088029397e-08, 4.23889758849e-08], "min": [4.12283977269e-26, 3.28502763242e-24, 1.13367713449e-24, 8.2135088116e-25, 7.79149317503e-24, 1.50247978399e-23, 8.13909605544e-24, 1.17440176318e-23, 2.01689960904e-23, 1.6047513405e-23, 1.8735588494e-23, 3.63515908814e-23, 2.91434848004e-23, 3.91708377617e-23, 5.55354227634e-23, 4.33331739756e-23, 7.86955459036e-23, 6.83587228093e-23, 1.40143929225e-22, 2.23283911157e-22, 2.40685551638e-22, 3.6873769469e-22, 3.95441683939e-22, 6.07048383728e-22, 9.4522419331e-22, 1.41880225961e-21, 2.12669771269e-21], "dvar2": [4.23019308471e-08, 5.74181513002e-06, 3.80882302125e-05, 4.38957176812e-05, 0.000227055657888, 1.54033059516e-05, 4.31188618677e-06, 6.91757520599e-07, 8.42682297275e-08, 1.2484480294e-07, 1.02099065202e-07, 1.815700017e-07, 4.7806480552e-08, 2.1882289758e-08, 5.42679101656e-09, 1.39577425173e-08, 7.19239722002e-07, 3.06998146016e-07, 3.12245191481e-07, 1.87082864755e-08, 1.92629457274e-07, 3.72581098418e-07, 1.42026808092e-08, 3.0307389931e-09, 2.26253527025e-09, 4.91717666584e-10, 4.74498522071e-12], "dvar": [1.82368093959e-08, 4.03990225095e-06, 1.63041295309e-05, 1.72479376488e-05, 9.74612630671e-05, 7.33835531719e-06, 2.01163970814e-06, 4.43391201088e-07, 4.08199554158e-08, 6.82334615476e-08, 6.38502086758e-08, 9.02998991137e-08, 1.92367881624e-08, 8.33326652128e-09, 2.27633134564e-09, 5.14747844349e-09, 2.50679789815e-07, 1.23924948525e-07, 1.82809870353e-07, 8.81335360248e-09, 7.65448717743e-08, 1.76558316412e-07, 8.69844996032e-09, 1.42321887608e-09, 1.1771370545e-09, 3.2755703705e-10, 2.58889394297e-12], "dmean": [2.58806685451e-05, 0.00072248413926, 0.00199158769101, 0.00193037849385, 0.00454238103703, 0.00137320335489, 0.000544535927474, 0.000202193899895, 4.20094802394e-05, 6.33516028756e-05, 6.39648060314e-05, 6.33048839518e-05, 2.42962869379e-05, 1.57080648933e-05, 6.73982276567e-06, 9.15260261536e-06, 3.29369795509e-05, 3.30615293933e-05, 2.9137607271e-05, 1.48511435327e-05, 2.41635079874e-05, 4.64703916805e-05, 1.04428136183e-05, 7.34131117497e-06, 6.2180642999e-06, 2.95994323096e-06, 3.02802817487e-07], "max": [0.00413735676557, 0.0533102527261, 0.0711100921035, 0.0602777451277, 0.129045322537, 0.0656603425741, 0.0360922887921, 0.0202548410743, 0.00704308506101, 0.0112474244088, 0.00819147378206, 0.0147630609572, 0.00504940794781, 0.0031959572807, 0.00194267136976, 0.00300761940889, 0.0261281076819, 0.0145432939753, 0.0221005249768, 0.00307343760505, 0.0130339767784, 0.0181574281305, 0.00513976858929, 0.00127598200925, 0.00140972796362, 0.000744478078559, 6.64983308525e-05], "var": [2.14186925973e-08, 1.96779856196e-05, 4.95475214848e-05, 4.34542125731e-05, 0.000233720580582, 3.00902374875e-05, 5.99112354394e-06, 1.64596201557e-06, 1.25341330204e-07, 2.52818495028e-07, 2.42980775056e-07, 2.97085932743e-07, 3.36534995427e-08, 9.19970410962e-09, 2.62513788485e-09, 6.01408167711e-09, 2.02560556772e-07, 1.94154239352e-07, 2.64077186785e-07, 1.40536977611e-08, 7.95931782704e-08, 3.68954999885e-07, 3.11709875689e-08, 3.80484399543e-09, 2.61971155879e-09, 1.27241317482e-09, 8.15541557897e-12], "mean": [2.78433853964e-05, 0.00161485280842, 0.00446708453819, 0.00414296612144, 0.0100563755259, 0.00392177887261, 0.0012562351767, 0.000454398745205, 9.1232926934e-05, 0.000149365834659, 0.000154346475028, 0.000138773786603, 4.18459239881e-05, 2.26487973123e-05, 9.52378013608e-06, 1.29519967231e-05, 3.62088176189e-05, 3.84953382309e-05, 3.6149915104e-05, 1.85629141924e-05, 3.24524808093e-05, 6.92253088346e-05, 1.86700162885e-05, 1.21143357319e-05, 1.04784467112e-05, 5.87255863138e-06, 5.03489673065e-07]}, "erbbands_skewness": {"dmean2": 0.806739091873, "median": 1.73788237572, "min": -5.71380090714, "dvar2": 0.922262251377, "dvar": 0.415078014135, "dmean": 0.534375488758, "max": 9.65785598755, "var": 1.94757318497, "mean": 1.85464096069}, "erbbands_spread": {"dmean2": 7.9431552887, "median": 10.1886863708, "min": 0.923413395882, "dvar2": 261.326721191, "dvar": 114.954963684, "dmean": 5.12974500656, "max": 149.223007202, "var": 382.638000488, "mean": 16.4942798615}, "melbands_kurtosis": {"dmean2": 17.1943054199, "median": 11.8090791702, "min": -1.89376878738, "dvar2": 889.76763916, "dvar": 384.911224365, "dmean": 10.8284301758, "max": 625.967163086, "var": 1132.56286621, "mean": 24.3381175995}, "melbands": {"dmean2": [0.000153790853801, 0.00108700885903, 0.00154850736726, 0.00174942088779, 0.000559385342058, 0.000417670788011, 0.000236190549913, 6.6928761953e-05, 3.24340653606e-05, 8.19621436676e-06, 1.0035341802e-05, 1.40624597407e-05, 1.09244747364e-05, 1.02997501017e-05, 6.60778050587e-06, 3.51539802068e-06, 2.7128369311e-06, 1.2840631598e-06, 6.97697885244e-07, 9.82561232377e-07, 1.25089786707e-06, 3.76178923034e-06, 2.0359454993e-06, 3.04221975966e-06, 1.66869153873e-06, 1.7640892338e-06, 9.61274395195e-07, 7.20846514923e-07, 1.0550178331e-06, 9.16723251976e-07, 9.59348426477e-07, 1.83207578175e-06, 1.12225336579e-06, 5.32898752681e-07, 2.20492395897e-07, 1.53144327442e-07, 1.17767257279e-07, 1.54598851054e-07, 1.26348382423e-07, 8.52259915973e-08], "median": [6.75825867802e-05, 0.000625818793196, 0.00126692699268, 0.00093716965057, 0.000561313529033, 0.000325063301716, 0.000116504656035, 2.10774123843e-05, 6.36154072708e-06, 1.65516041761e-06, 1.98454517886e-06, 2.58879390458e-06, 2.1863800157e-06, 1.70582757164e-06, 6.81488359078e-07, 3.1244786669e-07, 2.30085930752e-07, 9.35060882057e-08, 6.37375308088e-08, 7.50213757783e-08, 5.49404504113e-08, 4.11681284618e-08, 4.71356784715e-08, 2.51708094368e-08, 2.83861556483e-08, 2.54342218398e-08, 1.68529901146e-08, 1.42274370063e-08, 9.88613102493e-09, 6.85927981081e-09, 5.7611480031e-09, 7.862821505e-09, 6.11770367698e-09, 3.5365042006e-09, 2.64528154936e-09, 2.72302203008e-09, 2.17702189609e-09, 1.69599378985e-09, 1.18523746373e-09, 1.11320108687e-09], "min": [1.20511736414e-24, 6.69774512273e-25, 7.09123929605e-25, 1.31147878974e-24, 2.98636528813e-24, 2.10930598662e-24, 2.15290455391e-24, 2.77426682034e-24, 2.72499792086e-24, 2.96276217542e-24, 2.20683700185e-24, 2.11513902137e-24, 2.49380113056e-24, 4.20965919082e-24, 3.54913175538e-24, 2.55021198224e-24, 4.11889561608e-24, 4.24891251503e-24, 4.62455782291e-24, 3.42417263812e-24, 3.56368071706e-24, 4.50311820858e-24