{"tonal": {"thpcp": [1, 0.525174617767, 0.1105459705, 0.0664717406034, 0.0570713952184, 0.254337757826, 0.429166525602, 0.229668453336, 0.0299869906157, 0.00824822764844, 0.037231862545, 0.243525564671, 0.330767691135, 0.24396841228, 0.49972268939, 0.732186496258, 0.413612246513, 0.0705605000257, 0.0198280662298, 0.0408341996372, 0.280577629805, 0.526766479015, 0.305412828922, 0.0338817834854, 0.0159385446459, 0.0566575042903, 0.187026888132, 0.273745208979, 0.164685830474, 0.131149977446, 0.195680528879, 0.111886367202, 0.0345743447542, 0.0389641523361, 0.120758891106, 0.644562959671], "hpcp": {"dmean2": [0.19666236639, 0.122128173709, 0.0257679633796, 0.00772331561893, 0.0414610989392, 0.158757984638, 0.204637825489, 0.20065651834, 0.267346441746, 0.331908345222, 0.265618801117, 0.0827312022448, 0.0332840047777, 0.0494992211461, 0.155445531011, 0.25240534544, 0.174139484763, 0.0379108376801, 0.0227336864918, 0.0450733304024, 0.116447478533, 0.175306484103, 0.119859501719, 0.100067444146, 0.110965572298, 0.0809862911701, 0.0328554324806, 0.0430239513516, 0.133795619011, 0.261783361435, 0.284331321716, 0.265137940645, 0.0996804833412, 0.0577784180641, 0.0444625876844, 0.137008965015], "median": [0.13097050786, 0.0674685612321, 0.0042717680335, 0.000371410133084, 0.00899699050933, 0.0802515223622, 0.114025659859, 0.0890868976712, 0.220903292298, 0.394001752138, 0.186188921332, 0.0177749898285, 0.0019794004038, 0.00534247700125, 0.107139244676, 0.220246061683, 0.124900303781, 0.00833667535335, 0.00197592470795, 0.0054908930324, 0.0504136458039, 0.0843470692635, 0.0474888421595, 0.0201635751873, 0.00958988443017, 0.00533099006861, 0.00665488746017, 0.0101928785443, 0.0323555320501, 0.386049598455, 0.730818510056, 0.301931023598, 0.0309252627194, 0.0133945792913, 0.0176375936717, 0.0735146701336], "min": [0, 0, 0, 0, 0, 0, 0, 0, 0, 0, 0, 0, 0, 0, 0, 0, 0, 0, 0, 0, 0, 0, 0, 0, 0, 0, 0, 0, 0, 0, 0, 0, 0, 0, 0, 0], "dvar2": [0.0670112594962, 0.0270916689187, 0.0043707229197, 0.00133965769783, 0.00432368647307, 0.0396789088845, 0.0557258315384, 0.0572407245636, 0.0725059509277, 0.0912129580975, 0.0789584293962, 0.0195167753845, 0.00841112807393, 0.0115018673241, 0.030384786427, 0.0682499706745, 0.0341394506395, 0.0085190506652, 0.00693792523816, 0.0114985182881, 0.0287254452705, 0.0569545999169, 0.0314766429365, 0.037047047168, 0.0426114983857, 0.0262957569212, 0.00740980030969, 0.0168626774102, 0.0354519635439, 0.0554418079555, 0.0797984153032, 0.0589133538306, 0.0200404841453, 0.0117504531518, 0.00631892122328, 0.0342958271503], "dvar": [0.0293766316026, 0.0111910803244, 0.00224902085029, 0.000605702167377, 0.00173280597664, 0.0193164553493, 0.0272097401321, 0.0202348846942, 0.0277990158647, 0.0395072959363, 0.029535939917, 0.00688023213297, 0.00297192647122, 0.00452441163361, 0.0130900973454, 0.0336029678583, 0.015287748538, 0.00302971969359, 0.00241213547997, 0.0050270780921, 0.0124441487715, 0.0259598307312, 0.0132847875357, 0.0137905143201, 0.0218071825802, 0.0108631616458, 0.00252481154166, 0.00582052581012, 0.0130149554461, 0.0245661456138, 0.038002949208, 0.0240672044456, 0.00779710896313, 0.00448826001957, 0.00255209673196, 0.0142494812608], "dmean": [0.118629612029, 0.0775749012828, 0.0148682920262, 0.00449484307319, 0.0247354824096, 0.104249343276, 0.131355777383, 0.117324464023, 0.163651332259, 0.205777093768, 0.158939376473, 0.0461191721261, 0.0178404059261, 0.0279557798058, 0.0976174548268, 0.161888495088, 0.112089470029, 0.0218662470579, 0.0125420186669, 0.0258688982576, 0.0727997124195, 0.110330291092, 0.0756984576583, 0.0615851990879, 0.0724971145391, 0.0508414246142, 0.0185639746487, 0.0240951161832, 0.0761647522449, 0.163277730346, 0.173939093947, 0.164059326053, 0.0580660738051, 0.0336977615952, 0.026603160426, 0.0828132852912], "max": [1, 0.997660040855, 1, 0.624423921108, 0.472068399191, 1, 1, 1, 1, 1, 1, 0.855598688126, 0.655468583107, 0.788127183914, 1, 1, 0.958463549614, 1, 0.639105319977, 1, 1, 1, 1, 1, 1, 1, 0.809767365456, 1, 1, 1, 1, 1, 1, 1, 1, 1], "var": [0.102164700627, 0.0356682837009, 0.00664878031239, 0.00135574140586, 0.00179498048965, 0.0386168770492, 0.0652878656983, 0.0324772745371, 0.0844835489988, 0.113977879286, 0.0598959214985, 0.00610982486978, 0.0019331080839, 0.00508154649287, 0.0370081141591, 0.0962183326483, 0.0356905162334, 0.00221230136231, 0.00174807826988, 0.0138945188373, 0.0379324220121, 0.0546902529895, 0.0235514808446, 0.0228859335184, 0.0595893971622, 0.0208648312837, 0.00347542529926, 0.00391852017492, 0.0138571290299, 0.0847306624055, 0.118194237351, 0.0534251667559, 0.0124741261825, 0.00633314950392, 0.00502755213529, 0.0435464754701], "mean": [0.278626769781, 0.149107098579, 0.0194683820009, 0.00535497721285, 0.0241719540209, 0.158103525639, 0.21474352479, 0.158391028643, 0.324433773756, 0.475355684757, 0.268528491259, 0.0458098240197, 0.0128729278222, 0.0265106894076, 0.182158738375, 0.341991364956, 0.198282435536, 0.0219969898462, 0.0103477435187, 0.0367836169899, 0.121423020959, 0.177722945809, 0.106918588281, 0.085146188736, 0.127041205764, 0.0726397186518, 0.0224466193467, 0.0252966042608, 0.0784000083804, 0.418468087912, 0.649227619171, 0.340957850218, 0.0717694982886, 0.0431552901864, 0.0370523259044, 0.165123090148]}, "tuning_equal_tempered_deviation": 0.0130420541391, "chords_changes_rate": 0.0410607345402, "key_key": "C", "tuning_diatonic_strength": 0.721781134605, "key_scale": "major", "chords_number_rate": 0.00427715992555, "tuning_frequency": 448.726654053, "tuning_nontempered_energy_ratio": 0.639810740948, "chords_histogram": [54.4910163879, 0, 24.5508975983, 0, 0, 0, 0, 0, 0, 0, 0, 0, 0, 0, 0, 0, 0, 0, 0, 0, 0, 5.73139429092, 8.89649295807, 6.33019685745], "key_strength": 0.914326310158, "chords_key": "C", "chords_strength": {"dmean2": 0.00613117963076, "median": 0.481651812792, "min": 0.311868876219, "dvar2": 2.44728707912e-05, "dvar": 2.77866693068e-05, "dmean": 0.00685713300481, "max": 0.670090913773, "var": 0.00587162561715, "mean": 0.481711953878}, "chords_scale": "major", "hpcp_entropy": {"dmean2": 0.83169478178, "median": 2.03620004654, "min": 0, "dvar2": 0.474119305611, "dvar": 0.173290267587, "dmean": 0.500062465668, "max": 3.37687087059, "var": 0.302708059549, "mean": 1.99406087399}}, "metadata": {"audio_properties": {"equal_loudness": 0, "codec": "flac", "downmix": "mix", "sample_rate": 44100, "analysis_sample_rate": 44100, "bit_rate": 0, "md5_encoded": "b533f5f00da06a0e73d1d4ced73a381f", "length": 54.2000007629, "replay_gain": -6.8047504425, "lossless": true}, "version": {"essentia_build_sha": "70f2e5ece6736b2c40cc944ad0e695b16b925413", "essentia": "2.1-beta2", "extractor": "music 1.0", "essentia_git_sha": "v2.1_beta2"}, "tags": {"title": ["Gun Runnin' III"], "language": ["eng"], "media": ["CD"], "albumartist": ["Ed Kuepper"], "tracktotal": ["10"], "musicbrainz_releasegroupid": ["96b89190-b2c8-3720-9a45-7b9c56aa483e"], "releasetype": ["album"], "musicbrainz_recordingid": ["0715239a-4a7a-4156-b225-06fb2c5899df"], "musicbrainz_albumartistid": ["75b51945-e1fe-43cd-92d9-a5e372972eef"], "musicbrainz_releasetrackid": ["41dd211e-ce89-3dbd-b3a9-0a0ea043ae73"], "discnumber": ["1"], "totaldiscs": ["1"], "album": ["Cloudland"], "catalognumber": ["MAIL 7"], "releasecountry": ["AU"], "file_name": "09_Gun_Runnin_III.flac", "albumartistsort": ["Kuepper, Ed"], "date": ["1997-12"], "genre": ["Australia; Male Vocal; Rock"], "disctotal": ["1"], "musicbrainz_artistid": ["75b51945-e1fe-43cd-92d9-a5e372972eef"], "originaldate": ["1997-12"], "musicbrainz_albumid": ["77d1a631-4e88-46c9-b080-bcceeeb2ec3f"], "tracknumber": ["9"], "artistsort": ["Kuepper, Ed"], "artist": ["Ed Kuepper"], "label": ["Hot Records"], "releasestatus": ["official"], "acoustid_id": ["85191e8b-f968-47d1-8c1f-44b4d7c7b340"], "script": ["Latn"], "totaltracks": ["10"]}}, "rhythm": {"bpm_histogram_first_peak_bpm": {"dmean2": 0, "median": 140, "min": 140, "dvar2": 0, "dvar": 0, "dmean": 0, "max": 140, "var": 0, "mean": 140}, "bpm": 140.930465698, "bpm_histogram_second_peak_spread": {"dmean2": 0, "median": 0, "min": 0, "dvar2": 0, "dvar": 0, "dmean": 0, "max": 0, "var": 0, "mean": 0}, "bpm_histogram_first_peak_weight": {"dmean2": 0, "median": 0.60799998045, "min": 0.60799998045, "dvar2": 0, "dvar": 0, "dmean": 0, "max": 0.60799998045, "var": 0, "mean": 0.60799998045}, "onset_rate": 1.89971733093, "beats_position": [0.441179126501, 0.893968224525, 1.34675729275, 1.79954648018, 2.2523355484, 2.69351458549, 3.12308382988, 3.55265307426, 3.97061228752, 4.40018129349, 4.82975053787, 5.25931978226, 5.6888885498, 6.11845779419, 6.54802703857, 6.97759628296, 7.40716552734, 7.8251247406, 8.24308395386, 8.67265319824, 9.10222244263, 9.52018165588, 9.93814086914, 10.3560991287, 10.774058342, 11.2036275864, 11.6331968307, 12.0627660751, 12.4923353195, 12.9102945328, 13.3398637772, 13.7578229904, 14.1873922348, 14.6169614792, 15.0465307236, 15.4760990143, 15.9056682587, 16.3236274719, 16.7415866852, 17.1711559296, 17.600725174, 18.0186843872, 18.4366436005, 18.8662128448, 19.2957820892, 19.7137413025, 20.1433105469, 20.5728797913, 21.0024490356, 21.43201828, 21.8615875244, 22.2911567688, 22.7207260132, 23.1386852264, 23.5566444397, 23.974603653, 24.40417099, 24.8337402344, 25.2633094788, 25.6928787231, 26.1224479675, 26.5520172119, 26.9699764252, 27.3879356384, 27.8175048828, 28.2354640961, 28.6534233093, 29.0713825226, 29.500951767, 29.9305210114, 30.3717002869, 30.7896595001, 31.2076187134, 31.6255779266, 32.0435371399, 32.4731063843, 32.9026756287, 33.332244873, 33.7618141174, 34.1913833618, 34.6209526062, 35.0505218506, 35.480091095, 35.9096603394, 36.3392295837, 36.7571868896, 37.1751480103, 37.5931053162, 38.0226745605, 38.4522438049, 38.8702049255, 39.2881622314, 39.7293434143, 40.1473007202, 40.5652618408, 40.9948310852, 41.4243965149, 41.8539657593, 42.2835350037, 42.7014961243, 43.1194534302, 43.5490226746, 43.9785919189, 44.4081611633, 44.8377304077, 45.2672996521, 45.6968688965, 46.1148300171, 46.532787323, 46.9507484436, 47.3687057495, 47.7866668701, 48.2162361145, 48.6458053589, 49.0637626648, 49.4933319092, 49.9229011536, 50.3524703979, 50.7820396423, 51.2000007629, 51.6295700073, 52.0591392517, 52.4887046814, 52.9182739258, 53.3478431702, 53.7774124146], "beats_loudness": {"dmean2": 0.0298108011484, "median": 0.0366879589856, "min": 6.45738837193e-05, "dvar2": 0.0010655320948, "dvar": 0.000362514198059, "dmean": 0.0181573759764, "max": 0.116609938443, "var": 0.000777594512329, "mean": 0.0376328937709}, "danceability": 0.911723554134, "bpm_histogram_second_peak_weight": {"dmean2": 0, "median": 0.0320000015199, "min": 0.0320000015199, "dvar2": 0, "dvar": 0, "dmean": 0, "max": 0.0320000015199, "var": 0, "mean": 0.0320000015199}, "beats_count": 126, "bpm_histogram_second_peak_bpm": {"dmean2": 0, "median": 133, "min": 133, "dvar2": 0, "dvar": 0, "dmean": 0, "max": 133, "var": 0, "mean": 133}, "bpm_histogram_first_peak_spread": {"dmean2": 0, "median": 0.37190079689, "min": 0.37190079689, "dvar2": 0, "dvar": 0, "dmean": 0, "max": 0.37190079689, "var": 0, "mean": 0.37190079689}, "beats_loudness_band_ratio": {"dmean2": [0.245606288314, 0.266992688179, 0.233893349767, 0.101374849677, 0.0887040644884, 0.0275791622698], "median": [0.231139183044, 0.375165551901, 0.287398040295, 0.0862483605742, 0.046379905194, 0.0082923322916], "min": [0.007926966995, 0.0344681255519, 0.0312913060188, 0.00570124108344, 0.00819969642907, 0.0010275428649], "dvar2": [0.0386888533831, 0.044423956424, 0.0337142795324, 0.00828059297055, 0.012698771432, 0.00312953791581], "dvar": [0.0135611435398, 0.0159624405205, 0.013388030231, 0.00351210637018, 0.00456959521398, 0.00106871989556], "dmean": [0.142947465181, 0.15812946856, 0.147801086307, 0.0600598528981, 0.0526642389596, 0.0146775702015], "max": [0.625813305378, 0.88472110033, 0.833091914654, 0.365465760231, 0.41644307971, 0.248527601361], "var": [0.0229390710592, 0.0307409074157, 0.0316266044974, 0.00559472991154, 0.0042919786647, 0.000633823918179], "mean": [0.259187281132, 0.366127282381, 0.293563306332, 0.108016490936, 0.0653227046132, 0.0141283804551]}}, "lowlevel": {"barkbands_spread": {"dmean2": 4.48533535004, "median": 13.4478330612, "min": 2.73686790466, "dvar2": 14.8344516754, "dvar": 6.66885328293, "dmean": 2.94566202164, "max": 39.2984313965, "var": 27.7318515778, "mean": 14.0256710052}, "melbands_spread": {"dmean2": 5.93015575409, "median": 15.0884475708, "min": 2.61002612114, "dvar2": 30.2615242004, "dvar": 13.2960071564, "dmean": 3.86650943756, "max": 62.0692901611, "var": 49.2754859924, "mean": 16.0092258453}, "hfc": {"dmean2": 5.30782938004, "median": 14.7972335815, "min": 1.5833073121e-05, "dvar2": 45.9153823853, "dvar": 20.6078567505, "dmean": 3.5602824688, "max": 70.3090133667, "var": 151.289321899, "mean": 15.463186264}, "barkbands_kurtosis": {"dmean2": 3.05303859711, "median": 2.47328162193, "min": -1.45815396309, "dvar2": 10.2263154984, "dvar": 4.30306482315, "dmean": 1.95753526688, "max": 37.891418457, "var": 14.6455717087, "mean": 3.51430940628}, "gfcc": {"mean": [-23.5822257996, 107.288116455, -99.9492645264, -4.62328767776, -42.0087013245, -4.98896884918, -31.68724823, -12.2121191025, -12.4940319061, 4.55810260773, -12.9742059708, 9.0112361908, -11.9587869644], "icov": [[0.000129907813971, 6.37163830106e-05, -0.00019044354849, 0.000108501524664, 8.14948725747e-05, -8.60213694978e-05, -0.00013038792531, 6.9463851105e-05, -0.000132585177198, 0.000245443952736, 0.00017075627693, 1.26876930153e-05, 0.000104034108517], [6.37163830106e-05, 0.00677041430026, -0.00358215370215, 0.000759939663112, -0.00376204843633, 0.0028006399516, -0.00217641051859, 0.0011562819127, -0.00125788233709, 0.000548743701074, 0.000778497953434, 0.00144568062387, 1.23319296108e-05], [-0.00019044354849, -0.00358215370215, 0.00874251779169, -0.00334025337361, -0.000921063299756, -0.00173945585266, 0.00225022016093, -0.000802212802228, -0.000174326676643, -0.000174091619556, -0.00137770466972, 9.77973104455e-05, -0.00140555016696], [0.000108501524664, 0.000759939663112, -0.00334025337361, 0.00858143437654, -0.00149248854723, -0.00126025266945, -0.00067383015994, -0.000995114562102, 0.00126647995785, 0.000659819808789, 0.00160646496806, -0.00141449272633, 0.000915739568882], [8.14948725747e-05, -0.00376204843633, -0.000921063299756, -0.00149248854723, 0.0120311472565, -0.00375499180518, 0.00188686151523, -0.000748294114601, 0.000824745395221, -0.000934377487283, -0.000819848035462, 0.0029646162875, -0.00476267887279], [-8.60213694978e-05, 0.0028006399516, -0.00173945585266, -0.00126025266945, -0.00375499180518, 0.0138636808842, -0.00732248462737, 0.00351948454045, -0.00107938749716, -0.00163608312141, 0.00207681418397, -0.00164558237884, 0.00433130003512], [-0.00013038792531, -0.00217641051859, 0.00225022016093, -0.00067383015994, 0.00188686151523, -0.00732248462737, 0.0221937652677, -0.0119492337108, 0.00730040576309, -0.0033798229415, -0.000820861256216, 0.00225407979451, -0.00350935431197], [6.9463851105e-05, 0.0011562819127, -0.000802212802228, -0.000995114562102, -0.000748294114601, 0.00351948454045, -0.0119492337108, 0.0200421512127, -0.0119667621329, 0.00590715231374, 0.000297534192214, -0.002542123897, 0.00412025535479], [-0.000132585177198, -0.00125788233709, -0.000174326676643, 0.00126647995785, 0.000824745395221, -0.00107938749716, 0.00730040576309, -0.0119667621329, 0.0225301496685, -0.00959797669202, -0.00214936840348, 0.00609628530219, -0.00355170411058], [0.000245443952736, 0.000548743701074, -0.000174091619556, 0.000659819808789, -0.000934377487283, -0.00163608312141, -0.0033798229415, 0.00590715231374, -0.00959797669202, 0.0190568268299, -0.00163662072737, -0.00375516340137, 6.68054417474e-05], [0.00017075627693, 0.000778497953434, -0.00137770466972, 0.00160646496806, -0.000819848035462, 0.00207681418397, -0.000820861256216, 0.000297534192214, -0.00214936840348, -0.00163662072737, 0.0193287655711, -0.00957391690463, 0.00571776786819], [1.26876930153e-05, 0.00144568062387, 9.77973104455e-05, -0.00141449272633, 0.0029646162875, -0.00164558237884, 0.00225407979451, -0.002542123897, 0.00609628530219, -0.00375516340137, -0.00957391690463, 0.0267867781222, -0.0109002608806], [0.000104034108517, 1.23319296108e-05, -0.00140555016696, 0.000915739568882, -0.00476267887279, 0.00433130003512, -0.00350935431197, 0.00412025535479, -0.00355170411058, 6.68054417474e-05, 0.00571776786819, -0.0109002608806, 0.0198637582362]], "cov": [[8519.07617188, -29.2253437042, 136.929168701, -15.8302850723, -65.5226745605, 96.3478164673, 64.6726913452, 44.9598045349, 6.10586261749, -125.355644226, -99.1180725098, -79.7707366943, -82.5294570923], [-29.2253437042, 324.372344971, 166.531295776, 50.0116119385, 135.771972656, -13.6896781921, 1.73687946796, 1.13778889179, 22.7843723297, 0.360461384058, -20.7572898865, -27.6847171783, 39.8949966431], [136.929168701, 166.531295776, 241.982925415, 93.7244110107, 102.096084595, 23.6598815918, -2.87865066528, 2.27536010742, 13.5592222214, 2.8479514122, -7.84158039093, -7.24132347107, 31.0193424225], [-15.8302850723, 50.0116119385, 93.7244110107, 169.809249878, 55.4997673035, 36.0161743164, 15.3628282547, 9.05812740326, -9.67990398407, -6.35579586029, -13.6799221039, 1.2783292532, 8.07416057587], [-65.5226745605, 135.771972656, 102.096084595, 55.4997673035, 166.281707764, 27.4953975677, 1.85638237, -5.10532903671, 8.73178386688, 9.15355682373, -13.6225633621, -11.7103967667, 39.2106628418], [96.3478164673, -13.6896781921, 23.6598815918, 36.0161743164, 27.4953975677, 113.097587585, 34.8858833313, 0.62163412571, -6.15268278122, 11.2001791, -7.89506244659, -1.21797525883, -12.0499858856], [64.6726913452, 1.73687946796, -2.87865066528, 15.3628282547, 1.85638237, 34.8858833313, 80.2082214355, 40.3223838806, -3.22006583214, 1.10923588276, -3.23623085022, -1.89724957943, -3.29598593712], [44.9598045349, 1.13778889179, 2.27536010742, 9.05812740326, -5.10532903671, 0.62163412571, 40.3223838806, 100.072944641, 37.0007667542, -7.36399126053, 2.9663875103, -6.75343513489, -13.4055089951], [6.10586261749, 22.7843723297, 13.5592222214, -9.67990398407, 8.73178386688, -6.15268278122, -3.22006583214, 37.0007667542, 82.0976486206, 27.3960838318, 6.32446432114, -10.4889936447, 3.56180667877], [-125.355644226, 0.360461384058, 2.8479514122, -6.35579586029, 9.15355682373, 11.2001791, 1.10923588276, -7.36399126053, 27.3960838318, 75.454536438, 13.5175876617, 11.7503433228, 9.82853984833], [-99.1180725098, -20.7572898865, -7.84158039093, -13.6799221039, -13.6225633621, -7.89506244659, -3.23623085022, 2.9663875103, 6.32446432114, 13.5175876617, 70.4102478027, 24.463848114, -7.88157939911], [-79.7707366943, -27.6847171783, -7.24132347107, 1.2783292532, -11.7103967667, -1.21797525883, -1.89724957943, -6.75343513489, -10.4889936447, 11.7503433228, 24.463848114, 62.0248680115, 23.4664440155], [-82.5294570923, 39.8949966431, 31.0193424225, 8.07416057587, 39.2106628418, -12.0499858856, -3.29598593712, -13.4055089951, 3.56180667877, 9.82853984833, -7.88157939911, 23.4664440155, 82.5501327515]]}, "spectral_energyband_middle_low": {"dmean2": 0.0067759109661, "median": 0.0141691192985, "min": 4.77849093627e-09, "dvar2": 7.48236052459e-05, "dvar": 4.19659809268e-05, "dmean": 0.00499594258144, "max": 0.109649658203, "var": 0.000250766373938, "mean": 0.0172714740038}, "melbands_crest": {"dmean2": 4.0379781723, "median": 11.8641223907, "min": 4.18289899826, "dvar2": 12.6991481781, "dvar": 4.91362190247, "dmean": 2.51124095917, "max": 30.32421875, "var": 16.4499435425, "mean": 12.4750337601}, "spectral_kurtosis": {"dmean2": 3.20998811722, "median": 10.0203018188, "min": 2.69078874588, "dvar2": 7.73125934601, "dvar": 3.43783378601, "dmean": 2.16250967979, "max": 25.1876010895, "var": 10.5163135529, "mean": 10.3538284302}, "spectral_rms": {"dmean2": 0.000737701542675, "median": 0.00513049494475, "min": 3.72231693291e-06, "dvar2": 5.35898777798e-07, "dvar": 2.75016816431e-07, "dmean": 0.000536026724149, "max": 0.0110187660903, "var": 5.74691512156e-06, "mean": 0.00469020614401}, "zerocrossingrate": {"dmean2": 0.00684179505333, "median": 0.04150390625, "min": 0.00439453125, "dvar2": 2.89162562694e-05, "dvar": 1.89199909073e-05, "dmean": 0.00526507291943, "max": 0.109375, "var": 0.000172695436049, "mean": 0.0425454750657}, "silence_rate_60dB": {"dmean2": 0.0291345324367, "median": 0, "min": 0, "dvar2": 0.0342838987708, "dvar": 0.0143488785252, "dmean": 0.0145610282198, "max": 1, "var": 0.144987553358, "mean": 0.17594178021}, "erbbands_kurtosis": {"dmean2": 1.33663380146, "median": 0.163245677948, "min": -1.62527823448, "dvar2": 1.93019247055, "dvar": 0.775720059872, "dmean": 0.835775792599, "max": 12.3411111832, "var": 1.57894098759, "mean": 0.406760573387}, "erbbands": {"dmean2": [0.0280889440328, 0.595942914486, 2.04412889481, 2.87431693077, 6.05928850174, 8.45660400391, 20.6547222137, 29.2017326355, 20.3267879486, 51.2611656189, 17.1005439758, 10.6360292435, 20.8007965088, 14.3461303711, 47.9024658203, 50.2861633301, 12.6619243622, 14.4334011078, 73.8700027466, 22.5008125305, 6.43647670746, 6.33497047424, 4.29014921188, 4.95808601379, 1.80872952938, 0.646938621998, 0.711970329285, 4.93309497833, 1.15014052391, 0.620900392532, 0.315680354834, 0.419377982616, 0.172850012779, 0.0714863687754, 0.034820638597, 0.0344163812697, 0.0184052940458, 0.0101606184617, 0.00216462113895, 9.1205292847e-05], "median": [0.0120013458654, 0.403617143631, 1.91687440872, 1.27965402603, 2.22927951813, 6.06000518799, 19.5443077087, 23.8694400787, 19.4182319641, 30.0556812286, 11.2725162506, 4.98882341385, 12.7502574921, 12.5316791534, 15.6602172852, 26.0965690613, 5.34949588776, 10.7736053467, 27.3136520386, 12.8993673325, 4.35258436203, 3.95674538612, 3.52311086655, 4.01323080063, 1.37552309036, 0.535601198673, 0.63748061657, 2.19655275345, 0.709317803383, 0.39560174942, 0.222387552261, 0.153706282377, 0.0914143621922, 0.0403869897127, 0.0259251762182, 0.0203798785806, 0.0168941468, 0.0110192857683, 0.00214102398604, 0.000161006464623], "min": [3.15240740179e-08, 1.48702852698e-07, 3.89293887793e-07, 7.4162284136e-07, 1.53441385464e-06, 3.73530701836e-06, 7.94451261754e-06, 1.21382036014e-05, 1.3507253243e-05, 1.39665125971e-05, 1.42852377394e-05, 1.10622877401e-05, 4.55648068964e-06, 6.75603951095e-06, 2.36053856497e-05, 0.000156069567311, 7.71703998907e-05, 3.79401863029e-05, 4.48505634267e-05, 2.11564547499e-05, 6.17096657152e-06, 4.64452023152e-06, 4.00682165491e-06, 7.04284730091e-06, 1.11629551611e-05, 4.1910402615e-06, 1.90659955024e-06, 1.12498610179e-05, 3.70746965928e-06, 1.79767653208e-06, 9.09328264243e-07, 4.88931107157e-07, 4.72231732829e-07, 4.32290477193e-07, 2.87119632958e-07, 1.29599527554e-07, 4.53085711172e-08, 1.43315066481e-08, 3.92795174164e-09, 4.15764034312e-10], "dvar2": [0.00244371313602, 0.884371578693, 10.2417669296, 40.4423980713, 155.798782349, 315.728363037, 812.325378418, 2247.27099609, 1434.78369141, 8549.85546875, 1021.01629639, 1140.51879883, 1346.33630371, 446.268829346, 10492.7978516, 5333.72265625, 1277.0345459, 556.996704102, 16167.578125, 1020.0557251, 325.144989014, 119.16582489, 67.3902130127, 59.1506462097, 64.5490875244, 3.14205431938, 3.29863786697, 150.803466797, 8.79432487488, 3.6437857151, 0.414516150951, 1.76207435131, 0.362360060215, 0.0700932666659, 0.0283947885036, 0.054291985929, 0.00409892201424, 0.000737077614758, 8.00255074864e-05, 1.1004355116e-07], "dvar": [0.00109646550845, 0.37636128068, 4.13396883011, 14.3660678864, 72.2774963379, 188.72052002, 434.509918213, 801.445007324, 1122.09875488, 4673.16308594, 527.584350586, 784.733276367, 700.296630859, 220.525909424, 4253.93554688, 2028.48950195, 484.180938721, 238.432144165, 6004.46777344, 384.727905273, 145.158370972, 45.711265564, 28.8347702026, 22.8719902039, 25.5066356659, 1.27407085896, 1.38912498951, 66.2116546631, 4.44420289993, 1.52896726131, 0.161511406302, 0.827169954777, 0.138944730163, 0.0243287887424, 0.00974119640887, 0.0190869271755, 0.00155447702855, 0.000298449973343, 3.18107995554e-05, 4.9624770071e-08], "dmean": [0.0177801214159, 0.371088325977, 1.30107390881, 1.72736573219, 3.98090457916, 5.78222608566, 14.423822403, 18.5047206879, 17.5484104156, 36.2425041199, 12.1315307617, 7.80397129059, 14.6403989792, 9.84645938873, 29.8658161163, 30.826007843, 7.60038566589, 9.04688835144, 44.0774688721, 13.3539094925, 3.96582746506, 3.77468347549, 2.61634135246, 2.95508790016, 1.12975609303, 0.403472274542, 0.450290411711, 3.11979556084, 0.803018569946, 0.405593663454, 0.19530723989, 0.28677174449, 0.110217623413, 0.0434173382819, 0.0209416840225, 0.0221222601831, 0.0119303287938, 0.00686029018834, 0.00169263465796, 7.31299296604e-05], "max": [0.746723651886, 9.00212287903, 29.4451847076, 78.9986495972, 161.43913269, 470.019775391, 549.474365234, 326.267822266, 922.615600586, 1173.05029297, 465.653320312, 818.38861084, 464.102783203, 250.374526978, 990.943603516, 477.038818359, 397.741577148, 366.236083984, 801.225158691, 203.997970581, 464.119873047, 102.035400391, 143.429138184, 85.2473907471, 157.615814209, 23.2843837738, 23.7268180847, 170.154571533, 42.3300514221, 32.9896812439, 8.33402252197, 17.7201290131, 9.25524711609, 3.46416163445, 2.36397171021, 4.21695232391, 1.25042688847, 0.471993297338, 0.204302951694, 0.00855001993477], "var": [0.00932756066322, 1.31645774841, 16.4241733551, 68.997253418, 245.850601196, 664.803405762, 1777.31640625, 1830.1003418, 5436.65234375, 14605.0478516, 1442.40893555, 2631.18261719, 2478.80517578, 713.039306641, 7216.29003906, 3693.15795898, 772.701782227, 609.71862793, 10312.1738281, 672.240783691, 251.978790283, 88.1248626709, 50.2148284912, 50.2865982056, 25.167175293, 1.69086575508, 2.43733644485, 114.754600525, 8.98897743225, 2.0305685997, 0.281098932028, 1.22128069401, 0.149901360273, 0.0215941909701, 0.00738374097273, 0.0128651736304, 0.00178290146869, 0.000505007687025, 3.8452737499e-05, 8.88685534051e-08], "mean": [0.0513454824686, 0.888510584831, 3.46044158936, 4.35238742828, 8.09857940674, 13.2317209244, 32.9833831787, 36.8849372864, 44.7036476135, 72.8539886475, 24.3166046143, 16.9513111115, 30.2576522827, 21.769613266, 46.378780365, 47.7662887573, 12.7812004089, 17.1681003571, 66.27784729, 20.7361774445, 7.55862236023, 6.91890716553, 5.24018621445, 5.99977874756, 2.11724209785, 0.801501214504, 0.999361515045, 5.3760175705, 1.54620301723, 0.757480561733, 0.385398030281, 0.462360590696, 0.193809986115, 0.0706365779042, 0.0370315946639, 0.0357108525932, 0.0247260797769, 0.0156254544854, 0.00350502296351, 0.000213256833376]}, "spectral_strongpeak": {"dmean2": 0.863165736198, "median": 0.505927801132, "min": 0.000281271670246, "dvar2": 1.95724332333, "dvar": 0.746774315834, "dmean": 0.510515451431, "max": 7.7769742012, "var": 1.06675589085, "mean": 0.921922683716}, "spectral_energy": {"dmean2": 0.00883749406785, "median": 0.0269800294191, "min": 1.42020342153e-08, "dvar2": 0.000115921786346, "dvar": 5.89256051171e-05, "dmean": 0.00639611529186, "max": 0.124448545277, "var": 0.000500349502545, "mean": 0.028438558802}, "average_loudness": 0.82017582655, "spectral_rolloff": {"dmean2": 411.742492676, "median": 904.39453125, "min": 236.865234375, "dvar2": 192191.53125, "dvar": 86294.296875, "dmean": 240.563034058, "max": 3229.98046875, "var": 217368.921875, "mean": 954.015625}, "spectral_centroid": {"dmean2": 188.141235352, "median": 767.55847168, "min": 305.932556152, "dvar2": 32517.6210938, "dvar": 15334.5146484, "dmean": 126.688919067, "max": 2477.33374023, "var": 70877.53125, "mean": 802.923156738}, "pitch_salience": {"dmean2": 0.0910708978772, "median": 0.550871372223, "min": 0.260369777679, "dvar2": 0.0054920152761, "dvar": 0.00204433873296, "dmean": 0.0569448135793, "max": 0.871195852757, "var": 0.00608685892075, "mean": 0.548671543598}, "spectral_energyband_middle_high": {"dmean2": 0.00278010312468, "median": 0.00395556539297, "min": 7.19301551655e-09, "dvar2": 1.45434969454e-05, "dvar": 5.63122694075e-06, "dmean": 0.00175626704004, "max": 0.0329097881913, "var": 2.32185611821e-05, "mean": 0.00510806590319}, "spectral_contrast_coeffs": {"dmean2": [0.0771025344729, 0.0651727840304, 0.0539085529745, 0.0544725395739, 0.0341385193169, 0.025568395853], "median": [-0.619775116444, -0.663445234299, -0.72025257349, -0.708996593952, -0.758514583111, -0.742469131947], "min": [-0.906661748886, -0.979418039322, -0.898049294949, -0.914388000965, -0.935455739498, -0.919545054436], "dvar2": [0.00342100067064, 0.00280310329981, 0.00175341661088, 0.00168510188814, 0.000725337478798, 0.000418894080212], "dvar": [0.00124956131913, 0.00110132689588, 0.000664411811158, 0.00062580377562, 0.000271472788882, 0.000194462525542], "dmean": [0.0457007586956, 0.0414371043444, 0.033458545804, 0.0327159501612, 0.0204387288541, 0.0164554528892], "max": [-0.364098072052, -0.422816723585, -0.530581712723, -0.538390040398, -0.615929841995, -0.64113420248], "var": [0.00549252936617, 0.00581079442054, 0.00318693742156, 0.00240323599428, 0.00137725868262, 0.000895927136298], "mean": [-0.620267808437, -0.663568079472, -0.722739934921, -0.710042595863, -0.759684145451, -0.742784261703]}, "melbands_skewness": {"dmean2": 0.642916083336, "median": 1.87988734245, "min": -0.293172806501, "dvar2": 0.280430883169, "dvar": 0.119434848428, "dmean": 0.413232803345, "max": 6.72459459305, "var": 0.538822829723, "mean": 1.92207086086}, "spectral_spread": {"dmean2": 523065.1875, "median": 3554742.5, "min": 2390438, "dvar2": 205867204608, "dvar": 179102040064, "dmean": 356325.34375, "max": 25069268, "var": 493580058624, "mean": 3621181.5}, "dissonance": {"dmean2": 0.046019770205, "median": 0.436271160841, "min": 0.208017244935, "dvar2": 0.00140280614141, "dvar": 0.000518091081176, "dmean": 0.0273980721831, "max": 0.499806821346, "var": 0.00111064314842, "mean": 0.433776825666}, "spectral_skewness": {"dmean2": 0.350299417973, "median": 2.45069074631, "min": 0.85705769062, "dvar2": 0.0853029936552, "dvar": 0.0412610173225, "dmean": 0.244655415416, "max": 3.93569588661, "var": 0.151557475328, "mean": 2.45992422104}, "spectral_flux": {"dmean2": 0.0228913705796, "median": 0.0665241777897, "min": 0.0031255017966, "dvar2": 0.000588554888964, "dvar": 0.000217747947318, "dmean": 0.0136760519817, "max": 0.216576516628, "var": 0.00120403582696, "mean": 0.0631808415055}, "spectral_contrast_valleys": {"dmean2": [0.631356418133, 0.426884889603, 0.394428163767, 0.331070750952, 0.253143012524, 0.250429183245], "median": [-7.43333435059, -6.50259685516, -7.41195869446, -8.05412864685, -8.52422904968, -10.9276332855], "min": [-13.3225440979, -12.0933828354, -13.931350708, -13.2556734085, -14.0689163208, -15.3671894073], "dvar2": [0.257845520973, 0.118205487728, 0.101444132626, 0.0734566748142, 0.0470818243921, 0.0387007594109], "dvar": [0.094547085464, 0.0510005503893, 0.0440259277821, 0.0286844391376, 0.0216237846762, 0.0182898268104], "dmean": [0.378202676773, 0.27700316906, 0.243247106671, 0.195735380054, 0.156855553389, 0.162789344788], "max": [-5.50981283188, -5.14527273178, -5.57503795624, -6.38579368591, -6.61422491074, -9.02967643738], "var": [1.1058498621, 0.772043406963, 0.772552251816, 0.716289579868, 0.699686229229, 0.737772226334], "mean": [-7.57323026657, -6.73560428619, -7.62024116516, -8.28355121613, -8.77942276001, -11.2082042694]}, "erbbands_flatness_db": {"dmean2": 0.0234584324062, "median": 0.167876631021, "min": 0.0968510359526, "dvar2": 0.000347653287463, "dvar": 0.000146918027895, "dmean": 0.0153000857681, "max": 0.263096809387, "var": 0.000572644348722, "mean": 0.169327676296}, "spectral_energyband_high": {"dmean2": 0.000128931482323, "median": 0.000128878396936, "min": 4.52202220114e-10, "dvar2": 9.08549679934e-08, "dvar": 4.12021670115e-08, "dmean": 8.41610744828e-05, "max": 0.00378511636518, "var": 9.18520228765e-08, "mean": 0.000208907047636}, "spectral_entropy": {"dmean2": 0.195782959461, "median": 7.01964950562, "min": 6.12546110153, "dvar2": 0.0251909084618, "dvar": 0.0129952412099, "dmean": 0.136861369014, "max": 8.73466014862, "var": 0.0710887312889, "mean": 7.0065536499}, "silence_rate_20dB": {"dmean2": 0, "median": 1, "min": 1, "dvar2": 0, "dvar": 0, "dmean": 0, "max": 1, "var": 0, "mean": 1}, "melbands_flatness_db": {"dmean2": 0.0255178641528, "median": 0.234984412789, "min": 0.1026006639, "dvar2": 0.000399492739234, "dvar": 0.000210818630876, "dmean": 0.0180126614869, "max": 0.374142557383, "var": 0.00169479683973, "mean": 0.236560791731}, "barkbands": {"dmean2": [2.39185555984e-05, 0.00216789264232, 0.00197398033924, 0.00101854535751, 0.00293350918218, 0.00298164784908, 0.0015518454602, 0.00201191892847, 0.000422474346124, 0.000692645902745, 0.000527423049789, 0.00144596106838, 0.000180860646651, 0.000426035752753, 0.00128529081121, 0.000228131975746, 0.000128028754261, 0.000127281993628, 5.73313627683e-05, 1.11071376523e-05, 8.80515435711e-05, 2.5354906029e-05, 1.15251987154e-05, 1.56923651957e-05, 4.94219375469e-06, 1.01034302133e-05, 1.11331764856e-05], "median": [1.12352681754e-05, 0.00132123287767, 0.00145431992132, 0.000214375671931, 0.00198711454868, 0.00329182855785, 0.00155573128723, 0.000875937519595, 0.000126770493807, 0.000533971004188, 0.000211139267776, 0.000669104978442, 2.95732315863e-05, 0.000211175458389, 0.000318406877341, 9.53229318839e-05, 6.86358835083e-05, 8.27046023915e-05, 4.31122243754e-05, 8.82699350768e-06, 4.38740171376e-05, 1.41424579851e-05, 8.16940246295e-06, 7.3138744483e-06, 3.38354129781e-06, 9.51651963987e-06, 1.25236638269e-05], "min": [6.38432140487e-10, 7.88518694783e-10, 3.55035834065e-10, 2.8057878243e-10, 1.00909403056e-09, 1.38926092852e-09, 9.37485311603e-10, 6.60724031043e-10, 4.69109140422e-10, 1.19767459839e-10, 1.53669466041e-10, 3.49738416006e-09, 1.49591128373e-09, 6.44480746548e-10, 7.30786597902e-10, 1.3910853025e-10, 8.19947443276e-11, 9.57191825801e-11, 2.00586477983e-10, 7.99959612441e-11, 1.91011914619e-10, 8.55546536394e-11, 3.23660959145e-11, 2.39378829259e-11, 4.13932395305e-11, 2.46738636467e-11, 2.88052776076e-11], "dvar2": [7.47714390403e-10, 1.20126896945e-05, 1.11737217594e-05, 6.58972157908e-06, 2.65882117674e-05, 1.85346980288e-05, 8.29025157145e-06, 1.43550441862e-05, 1.83651718544e-06, 1.21250832308e-06, 8.39201447889e-07, 6.51497612125e-06, 4.0461759454e-07, 6.56475265259e-07, 5.46990713701e-06, 2.37175001416e-07, 4.82945594626e-08, 4.59481732662e-08, 1.91786124759e-08, 1.11276787784e-09, 4.38277680814e-08, 6.39742037123e-09, 6.39638508826e-10, 1.88071536122e-09, 5.43082634419e-10, 2.18186135825e-09, 1.60091251367e-09], "dvar": [2.79520989688e-10, 5.1530323617e-06, 4.25758980782e-06, 2.65492894869e-06, 1.3293534721e-05, 7.7377544585e-06, 6.25431903245e-06, 7.00123473507e-06, 1.26878899209e-06, 6.02350382906e-07, 3.49595524085e-07, 2.51887013292e-06, 1.53473095565e-07, 2.70690662774e-07, 2.02398700822e-06, 9.83130803434e-08, 1.78825949604e-08, 1.86544717451e-08, 7.60742846495e-09, 4.29346502795e-10, 1.95731306718e-08, 2.86038726038e-09, 2.39026382021e-10, 8.25163049001e-10, 1.8445528438e-10, 8.0693046689e-10, 6.64194754751e-10], "dmean": [1.46048769238e-05, 0.00134711177088, 0.00123416946735, 0.000642623926979, 0.00192502036225, 0.00202779634856, 0.00132643629331, 0.0013495949097, 0.000301802880131, 0.000477044493891, 0.000334355019731, 0.000892565236427, 0.00010786952771, 0.000268000731012, 0.00075883034151, 0.000136950446176, 7.55853106966e-05, 7.58602327551e-05, 3.50255832018e-05, 6.82148674969e-06, 5.56812155992e-05, 1.77782148967e-05, 7.04670082996e-06, 1.02613985291e-05, 2.97923975268e-06, 6.37641460344e-06, 8.60510044731e-06], "max": [0.000163644741406, 0.0334589630365, 0.0231227613986, 0.040279597044, 0.101829171181, 0.0467177517712, 0.0705579668283, 0.0536396168172, 0.0335174016654, 0.0133804101497, 0.00675451150164, 0.0230366960168, 0.00665420712903, 0.0130229927599, 0.01431966573, 0.0103676160797, 0.0018733527977, 0.00312826852314, 0.00233308039606, 0.000499445479363, 0.00279065407813, 0.00122498045675, 0.000365398067515, 0.000484015763504, 0.000322883250192, 0.000955125549808, 0.000937366741709], "var": [3.81883108469e-10, 1.97405915969e-05, 1.36015560201e-05, 1.60010349646e-05, 4.34642061009e-05, 2.68034218607e-05, 2.97189217235e-05, 1.5581601474e-05, 4.45710566055e-06, 2.22014705287e-06, 6.80301809552e-07, 4.7455632739e-06, 2.33128957916e-07, 5.75161720917e-07, 3.24744792124e-06, 1.58257464022e-07, 3.08713907771e-08, 3.27171214565e-08, 1.00635855205e-08, 5.20086085309e-10, 3.54944837966e-08, 4.18497458909e-09, 3.59341140177e-10, 1.26503019171e-09, 1.41164899214e-10, 7.6304640384e-10, 9.58954915475e-10], "mean": [1.77499678102e-05, 0.00319874845445, 0.00297265267, 0.00152105954476, 0.00413330225274, 0.00478515122086, 0.0035204642918, 0.00227076467127, 0.000617422978394, 0.00105324876495, 0.000525195035152, 0.00143084558658, 0.000157703383593, 0.000457514630398, 0.00103300006595, 0.000202778042876, 0.000125808146549, 0.0001333696855, 6.69241417199e-05, 1.33583143906e-05, 0.000100111981737, 3.05614703393e-05, 1.35658474392e-05, 1.80088300112e-05, 5.16342515766e-06, 1.37660354085e-05, 1.93688683794e-05]}, "erbbands_skewness": {"dmean2": 0.595032393932, "median": 0.537444770336, "min": -1.39921343327, "dvar2": 0.229485020041, "dvar": 0.0936670973897, "dmean": 0.382728666067, "max": 3.14520215988, "var": 0.362419784069, "mean": 0.521036922932}, "erbbands_spread": {"dmean2": 7.06944322586, "median": 25.796710968, "min": 7.29881763458, "dvar2": 37.5212631226, "dvar": 15.9404039383, "dmean": 4.60659170151, "max": 52.9259796143, "var": 48.3805389404, "mean": 26.3540859222}, "melbands_kurtosis": {"dmean2": 4.3894109726, "median": 5.12282085419, "min": -1.35964512825, "dvar2": 20.2636508942, "dvar": 8.68239974976, "dmean": 2.81827569008, "max": 69.4626235962, "var": 30.969827652, "mean": 6.46727657318}, "melbands": {"dmean2": [0.000421158445533, 0.00096029904671, 0.000513141276315, 0.000561475404538, 0.000643952691462, 0.000619581551291, 0.000287854491035, 0.00057349272538, 0.000101919002191, 7.1157955972e-05, 0.000107649422716, 6.20383507339e-05, 0.000115425595141, 0.00015041269944, 8.40395005071e-05, 2.0480607418e-05, 3.16536497849e-05, 0.000107469204522, 7.38823073334e-05, 1.88679878192e-05, 6.80251014273e-06, 8.16434203443e-06, 6.02663658356e-06, 6.04270826443e-06, 4.17510409534e-06, 2.01616967388e-06, 6.20792093287e-07, 4.3654696924e-07, 3.51088573325e-07, 1.05123081084e-06, 3.77978813049e-06, 5.17267892519e-07, 7.52422465666e-07, 2.5187929964e-07, 2.3048608e-07, 1.51671258664e-07, 3.10906699497e-07, 1.09688357952e-07, 1.25216743641e-07, 4.40049952033e-08], "median": [0.000228359218454, 0.00101334450301, 0.000300079991575, 0.000257772626355, 0.000642763567157, 0.000594771234319, 0.000291478063446, 0.000306105241179, 6.28148409305e-05, 2.25577987294e-05, 6.15219032625e-05, 4.66585443064e-05, 3.92043439206e-05, 7.24738056306e-05, 3.55857191607e-05, 3.949386155e-06, 1.7097356249e-05, 4.68696889584e-05, 2.17547803913e-05, 7.83112773206e-06, 3.41375152857e-06, 3.997537533e-06, 2.58622731053e-06, 3.32313175022e-06, 3.22432197208e-06, 1.52708480528e-06, 2.86940945671e-07, 3.15819647767e-07, 2.48734238539e-07, 6.16180500401e-07, 1.42519888868e-06, 2.59378339251e-07, 2.82469898139e-07, 1.610521565e-07, 1.43357368643e-07, 7.22858004565e-08, 9.47154745745e-08, 6.19429982862e-08, 4.26291038025e-08, 2.58060985914e-08], "min": [2.80880874115e-10, 2.04656236402e-10, 1.46993542338e-10, 1.79784881427e-10, 2.63105148779e-10, 2.72794481448e-10, 2.04117320268e-10, 1.51113274671e-10, 1.13399671597e-10, 6.50300438498e-11, 2.02736265276e-11, 2.49079697839e-11, 3.42699306433e-11, 3.15866527378e-10, 3.83091169898e-10, 1.00389967173e-10, 6.0243331157e-11, 7.23537202374e-11, 4.20163730197e-11, 1.59544842615e-11, 5.24459035228e-12, 5.02597486199e-12, 2.94652431794e-12, 4.93434893639e-12, 5.16625414324e-12, 9.86476178522e-12, 4.75256336022e-12, 2.2757368906e-12, 7.93095840737e-13, 2.04785082121e-12, 8.52831347209e-12, 1.94387561603e-12, 1.2518122389