{"metadata": {"tags": {"artistsort": ["Residents, The"], "musicbrainz_releasetrackid": ["f1b3d10b-fdef-337b-a1dd-0886aa6c13ec"], "bpm": ["85"], "genre": ["Avantgarde"], "initialkey": ["F#"], "tracknumber": ["4"], "disctotal": ["1"], "musicbrainz_albumartistid": ["8c9b336e-acc8-4e20-9195-6ed0634da9fc"], "album": ["Freak Show"], "script": ["Latn"], "albumartistsort": ["Residents, The"], "acoustid_id": ["f1ca1698-2de2-4900-9e35-cf804894912b"], "musicbrainz_artistid": ["8c9b336e-acc8-4e20-9195-6ed0634da9fc"], "musicbrainz_releasegroupid": ["46e0f41d-132e-39c8-b25b-460880e69b30"], "musicbrainz_recordingid": ["071814cc-15b7-43eb-bde8-cba4918d9392"], "totaltracks": ["9"], "albumartist": ["The Residents"], "releasestatus": ["official"], "artist": ["The Residents"], "musicbrainz_albumid": ["a5bbe668-6294-4c54-943f-18af4f4c8154"], "discnumber": ["1"], "title": ["Wanda The Worm Woman"], "releasetype": ["album", "soundtrack"], "tracktotal": ["9"], "totaldiscs": ["1"], "musicip_puid": ["59a8f6cd-1207-d3cf-8750-c6b9b9389f46"], "file_name": "04-Wanda The Worm Woman.flac"}, "audio_properties": {"sample_rate": 44100, "downmix": "mix", "lossless": true, "analysis_sample_rate": 44100, "md5_encoded": "c891d148ed1602c49647e1e8692312ac", "equal_loudness": 0, "replay_gain": -10.2710342407, "codec": "flac", "bit_rate": 0, "length": 277.293334961}, "version": {"extractor": "music 1.0", "essentia_build_sha": "2d9f1f26377add8aeb1075a9c2973f962c4f09fd", "essentia_git_sha": "v2.1_beta2-1-ge3940c0", "essentia": "2.1-beta2"}}, "rhythm": {"beats_loudness_band_ratio": {"dvar2": [0.0748383849859, 0.0425473749638, 0.0477633699775, 0.0713637322187, 0.0209913551807, 0.0339552722871], "var": [0.0714515075088, 0.0249211918563, 0.0222933683544, 0.0324824601412, 0.00564446765929, 0.0110119124874], "min": [0, 0, 0, 0, 0, 0], "dmean": [0.193654447794, 0.135732620955, 0.130647599697, 0.140386998653, 0.0428198240697, 0.0514156967402], "mean": [0.414664775133, 0.2059071064, 0.160469442606, 0.173818871379, 0.041948761791, 0.0430341511965], "max": [0.995760679245, 0.923863828182, 0.849161624908, 0.937009632587, 0.613183021545, 0.914262413979], "dmean2": [0.337624937296, 0.234529897571, 0.233101069927, 0.253487050533, 0.0785607621074, 0.0956798493862], "median": [0.402250558138, 0.1722022295, 0.108112871647, 0.119592651725, 0.014245682396, 0.00753799313679], "dvar": [0.0266802981496, 0.016469925642, 0.0173260085285, 0.0250906981528, 0.00681805890054, 0.0117691801861]}, "bpm_histogram_first_peak_weight": {"dvar2": 0, "var": 0, "min": 0.306060612202, "dmean": 0, "mean": 0.306060612202, "max": 0.306060612202, "dmean2": 0, "median": 0.306060612202, "dvar": 0}, "bpm": 166.348587036, "beats_count": 661, "bpm_histogram_first_peak_spread": {"dvar2": 0, "var": 0, "min": 0, "dmean": 0, "mean": 0, "max": 0, "dmean2": 0, "median": 0, "dvar": 0}, "danceability": 1.08770096302, "bpm_histogram_first_peak_bpm": {"dvar2": 0, "var": 0, "min": 167, "dmean": 0, "mean": 167, "max": 167, "dmean2": 0, "median": 167, "dvar": 0}, "beats_position": [0.301859408617, 0.650158703327, 0.99845802784, 1.35836732388, 1.71827661991, 2.06657600403, 2.41487526894, 2.76317453384, 3.11147379875, 3.47138309479, 3.83129239082, 4.17959165573, 4.53950119019, 4.8994102478, 5.24770975113, 5.59600877762, 5.94430828094, 6.29260778427, 6.65251684189, 7.01242637634, 7.36072540283, 7.70902490616, 8.05732440948, 8.4172334671, 8.77714252472, 9.12544155121, 9.47374153137, 9.82204055786, 10.1819496155, 10.5302495956, 10.8901586533, 11.2384576797, 11.5867567062, 11.9466667175, 12.3065757751, 12.6664848328, 13.0263938904, 13.3746938705, 13.722992897, 14.0712919235, 14.4195919037, 14.7678909302, 15.1161899567, 15.4760990143, 15.8360090256, 16.1843090057, 16.5326080322, 16.8809070587, 17.2292060852, 17.5891151428, 17.9490242004, 18.2973232269, 18.6456241608, 19.0055332184, 19.365442276, 19.7137413025, 20.062040329, 20.4335594177, 20.7818584442, 21.1301574707, 21.4784584045, 21.826757431, 22.1750564575, 22.5349655151, 22.8948745728, 23.2431735992, 23.5914726257, 23.9397735596, 24.2880725861, 24.6363716125, 24.984670639, 25.3445796967, 25.7044887543, 26.0643978119, 26.4243087769, 26.7726078033, 27.132516861, 27.4692058563, 27.8175048828, 28.1774139404, 28.537322998, 28.8856239319, 29.2339229584, 29.593832016, 29.9537410736, 30.3020401001, 30.6503391266, 30.9986381531, 31.3469390869, 31.6952381134, 32.0551452637, 32.4150543213, 32.7749671936, 33.1348762512, 33.4831733704, 33.8314743042, 34.1797714233, 34.539680481, 34.8995895386, 35.2478904724, 35.5961914063, 35.9444885254, 36.2927894592, 36.6526985168, 37.0126075745, 37.3725166321, 37.7324256897, 38.0807266235, 38.4290237427, 38.7773246765, 39.1256217957, 39.4739227295, 39.8222198486, 40.1705207825, 40.5188217163, 40.8787307739, 41.2386398315, 41.5985488892, 41.9584579468, 42.3067550659, 42.6550559998, 43.0033569336, 43.3516540527, 43.6999549866, 44.0598640442, 44.4081611633, 44.7680702209, 45.1163711548, 45.4878921509, 45.8478012085, 46.2077102661, 46.5560073853, 46.9043083191, 47.2526054382, 47.6009063721, 47.9492073059, 48.3091163635, 48.6574134827, 49.0173225403, 49.3656234741, 49.7139205933, 50.0622215271, 50.4105224609, 50.7704315186, 51.1303405762, 51.4902496338, 51.8501586914, 52.1984558105, 52.5467567444, 52.8950538635, 53.2433547974, 53.603263855, 53.9515647888, 54.3114738464, 54.6713829041, 55.0196800232, 55.3795890808, 55.7395019531, 56.0994110107, 56.4593200684, 56.819229126, 57.1907463074, 57.5390472412, 57.8873443604, 58.2356452942, 58.5955543518, 58.9670753479, 59.3269844055, 59.6752815247, 60.0351905823, 60.4067115784, 60.7550086975, 61.1033096313, 61.463218689, 61.8115196228, 62.1714286804, 62.5197257996, 62.8796348572, 63.2395439148, 63.5994529724, 63.9477539063, 64.3076629639, 64.6675720215, 65.0274810791, 65.3873901367, 65.7472991943, 66.107208252, 66.4671173096, 66.8270263672, 67.1869354248, 67.5468444824, 67.90675354, 68.2666625977, 68.6381835938, 68.9864807129, 69.3347854614, 69.6830825806, 70.0313796997, 70.3796844482, 70.7395935059, 71.0995025635, 71.4594116211, 71.8193206787, 72.1792297363, 72.5275268555, 72.8758239746, 73.2357330322, 73.6072540283, 73.9671630859, 74.3270721436, 74.6869812012, 75.0585021973, 75.4184112549, 75.766708374, 76.1150131226, 76.4633102417, 76.8116073608, 77.15990448, 77.5314254761, 77.8913345337, 78.2512435913, 78.6111526489, 78.982673645, 79.3425827026, 79.6908798218, 80.0391845703, 80.3990936279, 80.7590026855, 81.1189117432, 81.4788208008, 81.8387298584, 82.198638916, 82.5585479736, 82.9184570313, 83.2783660889, 83.6382751465, 83.9981842041, 84.3464813232, 84.7063903809, 85.0662994385, 85.4262084961, 85.7977294922, 86.1576385498, 86.5175476074, 86.877456665, 87.2373657227, 87.5972747803, 87.9571838379, 88.3170928955, 88.665397644, 89.0253067017, 89.3852157593, 89.7451248169, 90.1050338745, 90.4649429321, 90.8248519897, 91.1847610474, 91.5330581665, 91.8929672241, 92.2528762817, 92.6127853394, 92.972694397, 93.3326034546, 93.6925125122, 94.0524215698, 94.4123306274, 94.7722396851, 95.1321487427, 95.4920654297, 95.8519744873, 96.2118835449, 96.5717926025, 96.9200897217, 97.2799987793, 97.6399078369, 97.9998168945, 98.3597259521, 98.7196350098, 99.0795440674, 99.439453125, 99.7993621826, 100.15927124, 100.519180298, 100.879089355, 101.238998413, 101.587303162, 101.947212219, 102.307121277, 102.667030334, 103.026939392, 103.38684845, 103.746757507, 104.106666565, 104.466575623, 104.814872742, 105.174781799, 105.534690857, 105.894599915, 106.254508972, 106.61441803, 106.962722778, 107.322631836, 107.670928955, 108.030838013, 108.39074707, 108.739044189, 109.098953247, 109.470474243, 109.830383301, 110.190292358, 110.550201416, 110.910110474, 111.270019531, 111.629928589, 111.989837646, 112.349746704, 112.709655762, 113.069564819, 113.429473877, 113.789382935, 114.149291992, 114.497596741, 114.857505798, 115.217414856, 115.577323914, 115.937232971, 116.297142029, 116.657051086, 117.016960144, 117.376869202, 117.736778259, 118.096687317, 118.456596375, 118.816505432, 119.17641449, 119.536323547, 119.884620667, 120.244529724, 120.604438782, 120.964347839, 121.324264526, 121.684173584, 122.055686951, 122.427207947, 122.810340881, 123.181854248, 123.576599121, 123.971336365, 124.366073608, 124.760810852, 125.155555725, 125.550292969, 125.945030212, 126.339767456, 126.734512329, 127.129249573, 127.523986816, 127.91872406, 128.313461304, 128.708206177, 129.10295105, 129.497680664, 129.892425537, 130.28717041, 130.681900024, 131.076644897, 131.471374512, 131.866119385, 132.260864258, 132.655593872, 133.050338745, 133.445083618, 133.839813232, 134.234558105, 134.62928772, 135.024032593, 135.418777466, 135.81350708, 136.208251953, 136.602996826, 136.99772644, 137.392471313, 137.787200928, 138.181945801, 138.576690674, 138.971420288, 139.366165161, 139.760910034, 140.155639648, 140.538772583, 140.921905518, 141.316635132, 141.699768066, 142.082901001, 142.477645874, 142.872375488, 143.267120361, 143.661849976, 144.161087036, 144.660308838, 145.171157837, 145.681991577, 146.181228638, 146.680450439, 147.19128418, 147.69052124, 148.189743042, 148.688980103, 149.188201904, 149.687438965, 150.186660767, 150.697509766, 151.208343506, 151.707565308, 152.206802368, 152.70602417, 153.20526123, 153.704483032, 154.203720093, 154.691329956, 155.190567017, 155.689788818, 156.189025879, 156.688247681, 157.19909668, 157.686706543, 158.174331665, 158.685165405, 159.195999146, 159.683624268, 160.182861328, 160.68208313, 161.181304932, 161.680541992, 162.191375732, 162.690612793, 163.201446533, 163.700683594, 164.199905396, 164.699142456, 165.198364258, 165.69758606, 166.19682312, 166.696044922, 167.195281982, 167.694503784, 168.182128906, 168.681350708, 169.180587769, 169.691421509, 170.190658569, 170.689880371, 171.177505493, 171.676727295, 172.175964355, 172.675186157, 173.174423218, 173.67364502, 174.17288208, 174.68371582, 175.194549561, 175.693786621, 176.193008423, 176.692245483, 177.191467285, 177.690704346, 178.189926147, 178.67755127, 179.176773071, 179.676010132, 180.186843872, 180.686080933, 181.185302734, 181.684524536, 182.183761597, 182.682983398, 183.182220459, 183.681442261, 184.180679321, 184.679901123, 185.179138184, 185.678359985, 186.177597046, 186.676818848, 187.187667847, 187.686889648, 188.18611145, 188.685348511, 189.184570313, 189.683807373, 190.194641113, 190.693878174, 191.204711914, 191.703948975, 192.203170776, 192.702392578, 193.201629639, 193.70085144, 194.200088501, 194.699310303, 195.198547363, 195.697769165, 196.185394287, 196.684616089, 197.183853149, 197.683074951, 198.182312012, 198.681533813, 199.180770874, 199.679992676, 200.179229736, 200.678451538, 201.177688599, 201.688522339, 202.187744141, 202.686981201, 203.186203003, 203.685440063, 204.184661865, 204.695510864, 205.206344604, 205.717178345, 206.239639282, 206.843353271, 207.447067261, 208.062393188, 208.677734375, 209.281448364, 209.885162354, 210.488891602, 211.092605591, 211.69631958, 212.300048828, 212.892150879, 213.48425293, 214.076370239, 214.66847229, 215.2605896, 215.748199463, 216.235824585, 216.723449707, 217.21105957, 217.710296631, 218.197906494, 218.685531616, 219.184753418, 219.683990479, 220.18321228, 220.682449341, 221.170059204, 221.680908203, 222.180130005, 222.679367065, 223.178588867, 223.677825928, 224.177047729, 224.676269531, 225.18711853, 225.686340332, 226.185577393, 226.684799194, 227.184036255, 227.683258057, 228.182495117, 228.681716919, 229.180953979, 229.680175781, 230.179412842, 230.678634644, 231.177871704, 231.677093506, 232.176315308, 232.675552368, 233.17477417, 233.685623169, 234.184844971, 234.684082031, 235.183303833, 235.682540894, 236.181762695, 236.680999756, 237.191833496, 237.691055298, 238.190292358, 238.68951416, 239.188751221, 239.687973022, 240.187210083, 240.686431885, 241.185668945, 241.684890747, 242.184127808, 242.683349609, 243.18258667, 243.681808472, 244.192642212, 244.691879272, 245.191101074, 245.690338135, 246.189559937, 246.700408936, 247.199630737, 247.698867798, 248.1980896, 248.69732666, 249.196548462, 249.695770264, 250.195007324, 250.694229126, 251.193466187, 251.681091309, 252.18031311, 252.679534912, 253.178771973, 253.677993774, 254.177230835, 254.688064575, 255.187301636, 255.686523438, 256.185760498, 256.696594238, 257.195831299, 257.695037842, 258.194274902, 258.693511963, 259.192749023, 259.680358887, 260.179595947, 260.67880249, 261.189666748, 261.688873291, 262.188110352, 262.698944092, 263.198181152, 263.697418213, 264.196624756, 264.695861816, 265.195098877, 265.694335938, 266.19354248, 266.692779541, 267.192016602, 267.691253662, 268.190460205, 268.689697266, 269.188934326, 269.688171387, 270.18737793, 270.68661499, 271.185852051, 271.685089111, 272.172698975, 272.671936035, 273.171142578, 273.635559082, 274.099945068, 274.599182129, 275.098419189, 275.597625732, 276.10848999, 276.607696533], "beats_loudness": {"dvar2": 0.00127830402926, "var": 0.000604981440119, "min": 0, "dmean": 0.0163829084486, "mean": 0.0271076578647, "max": 0.136929184198, "dmean2": 0.0294724982232, "median": 0.0195925999433, "dvar": 0.000438675226178}, "bpm_histogram_second_peak_weight": {"dvar2": 0, "var": 0, "min": 0.295454531908, "dmean": 0, "mean": 0.295454531908, "max": 0.295454531908, "dmean2": 0, "median": 0.295454531908, "dvar": 0}, "bpm_histogram_second_peak_spread": {"dvar2": 0, "var": 0, "min": 0.204081609845, "dmean": 0, "mean": 0.204081609845, "max": 0.204081609845, "dmean2": 0, "median": 0.204081609845, "dvar": 0}, "bpm_histogram_second_peak_bpm": {"dvar2": 0, "var": 0, "min": 120, "dmean": 0, "mean": 120, "max": 120, "dmean2": 0, "median": 120, "dvar": 0}, "onset_rate": 3.68172168732}, "lowlevel": {"spectral_energyband_high": {"dvar2": 2.66818915406e-06, "var": 2.72852162198e-06, "min": 6.94499307492e-21, "dmean": 0.000344185071299, "mean": 0.000475288979942, "max": 0.0290622282773, "dmean2": 0.000493311439641, "median": 2.60885426542e-05, "dvar": 1.28175850023e-06}, "spectral_energyband_middle_low": {"dvar2": 0.00015262074885, "var": 0.000162103999173, "min": 1.42903579241e-22, "dmean": 0.00370454438962, "mean": 0.00959313474596, "max": 0.171408295631, "dmean2": 0.00551962805912, "median": 0.00586934480816, "dvar": 6.54902105452e-05}, "spectral_energy": {"dvar2": 0.000265873328317, "var": 0.000448029313702, "min": 1.00011087832e-20, "dmean": 0.0062183206901, "mean": 0.0191211309284, "max": 0.2091255337, "dmean2": 0.00922433566302, "median": 0.0129858767614, "dvar": 0.000119052398077}, "spectral_spread": {"dvar2": 4616356364290.0, "var": 23944614641700.0, "min": 1074608.625, "dmean": 853300, "mean": 4644659, "max": 43392600, "dmean2": 1191532, "median": 3226743, "dvar": 2226103517180.0}, "spectral_energyband_low": {"dvar2": 6.85424311087e-05, "var": 4.52322055935e-05, "min": 1.0878459725e-23, "dmean": 0.00293820956722, "mean": 0.00577091891319, "max": 0.0840124413371, "dmean2": 0.00479671685025, "median": 0.00388929853216, "dvar": 2.55407576333e-05}, "spectral_rolloff": {"dvar2": 9566970, "var": 8251637.5, "min": 21.533203125, "dmean": 558.071533203, "mean": 1397.5222168, "max": 19530.6152344, "dmean2": 987.282592773, "median": 645.99609375, "dvar": 3812036}, "barkbands": {"dvar2": [3.90496381897e-08, 2.60299257206e-05, 2.23386923608e-05, 1.10464306999e-05, 2.88064475171e-05, 8.53691199154e-06, 1.67263806361e-05, 4.41047704953e-05, 2.5924646252e-05, 8.460445315e-06, 1.15772163554e-05, 1.35089840114e-05, 7.02411898601e-06, 8.43055204314e-06, 3.21882612297e-06, 4.61534057195e-07, 1.82719787745e-07, 7.10992793529e-08, 5.09057045406e-08, 1.50015978306e-07, 5.88535016277e-08, 9.63039852309e-08, 9.51113179326e-08, 6.31586090094e-08, 2.85640258113e-08, 3.10347502364e-07, 5.18737124366e-07], "var": [1.77745377528e-07, 1.74974557012e-05, 9.71028657659e-06, 7.75207263359e-06, 2.6040679586e-05, 1.0879646652e-05, 1.26647764773e-05, 2.4082379241e-05, 1.90654900507e-05, 8.83614575287e-06, 8.10680921859e-06, 1.65721412486e-05, 4.8246733968e-06, 8.17661657493e-06, 3.08026028506e-06, 4.43824944796e-07, 7.61528795579e-08, 9.34315380619e-08, 6.84153462771e-08, 2.23513907827e-07, 9.84084067568e-08, 1.60881498346e-07, 1.08147034439e-07, 1.3422292966e-07, 6.05968324408e-08, 9.90429924741e-08, 1.26773869624e-07], "min": [5.83048389274e-26, 2.10592492878e-24, 1.18111311566e-24, 4.57727862785e-25, 6.66730800938e-24, 5.24844464145e-24, 3.41432134314e-24, 1.04254090186e-23, 1.77844241907e-23, 1.27216079865e-23, 9.25117536164e-24, 1.89917884279e-23, 2.5736523924e-23, 3.32938366395e-23, 3.50534603084e-23, 5.93036661573e-23, 7.31617623841e-23, 8.73429507942e-23, 1.2940322828e-22, 1.38755369948e-22, 2.52828809407e-22, 3.42114409067e-22, 4.22825507205e-22, 4.69210225509e-22, 7.78486462928e-22, 1.20194240252e-21, 1.92956599205e-21], "dmean": [3.0019755286e-05, 0.00163416739088, 0.00142451189458, 0.000984249520116, 0.00136489840224, 0.000776981352828, 0.00062463892391, 0.00073284591781, 0.000766529992688, 0.00051881786203, 0.000520809961017, 0.000546151481103, 0.000314415345201, 0.000335681106662, 0.000261269306066, 9.9298893474e-05, 6.13405936747e-05, 5.48719472135e-05, 4.58023278043e-05, 6.4155072323e-05, 3.6209657992e-05, 3.87530672015e-05, 3.8156806113e-05, 4.18473318859e-05, 3.63462604582e-05, 7.91400743765e-05, 8.72694436111e-05], "mean": [6.88076324877e-05, 0.0027616431471, 0.00204685213976, 0.00184343568981, 0.00288861338049, 0.00151149427984, 0.000963792670518, 0.000913300609682, 0.00115629134234, 0.000906994391698, 0.000844044727273, 0.000873796176165, 0.000451172352768, 0.000517753011081, 0.000412577966927, 0.000164839235367, 9.21376631595e-05, 9.10425296752e-05, 8.17051914055e-05, 0.000103708021925, 5.29126555193e-05, 5.88883558521e-05, 5.45995499124e-05, 6.85916529619e-05, 5.62725399504e-05, 7.2411930887e-05, 6.26465116511e-05], "max": [0.00678657321259, 0.0784461796284, 0.0542231276631, 0.0400397777557, 0.0838345587254, 0.0849124267697, 0.101545900106, 0.152648538351, 0.102222412825, 0.0634339377284, 0.0802182927728, 0.169607326388, 0.0597745478153, 0.0795339941978, 0.0509055070579, 0.0215830784291, 0.00938598066568, 0.00794766098261, 0.00592873431742, 0.0143241509795, 0.0120992735028, 0.0132983196527, 0.0141564887017, 0.0127268936485, 0.00663078110665, 0.00725138420239, 0.00957496184856], "dmean2": [4.68286089017e-05, 0.00268574198708, 0.00240571424365, 0.00155321822967, 0.00213700323366, 0.001157150371, 0.000931763148401, 0.00113541190512, 0.00111006374937, 0.000756700814236, 0.00076136336429, 0.000788238656241, 0.000472513609566, 0.000493491068482, 0.000379793840693, 0.000146962207509, 9.96733724605e-05, 8.21269932203e-05, 6.73128160997e-05, 9.09798254725e-05, 5.22337177244e-05, 5.40744586033e-05, 5.179742584e-05, 5.41038461961e-05, 4.72627143608e-05, 0.00012974832498, 0.000152017615619], "median": [5.71127293369e-06, 0.00144837400876, 0.00110211526044, 0.000890772615094, 0.00127327791415, 0.000482111150632, 0.000122317345813, 0.000107027008198, 0.000154608002049, 9.34255731408e-05, 7.37614900572e-05, 7.93991785031e-05, 3.02446933347e-05, 3.44283143932e-05, 2.23886418098e-05, 1.71186547959e-05, 9.65985236689e-06, 1.00627594293e-05, 6.78121068631e-06, 4.69098949907e-06, 3.59732439392e-06, 2.91689093501e-06, 3.11628309646e-06, 2.64747495748e-06, 1.29915588332e-06, 7.3362502917e-07, 1.02814865954e-07], "dvar": [1.72082028627e-08, 1.00195948107e-05, 7.95786036178e-06, 4.24236895924e-06, 1.18536027003e-05, 3.99683676733e-06, 7.64390460972e-06, 1.80125534825e-05, 1.13553796837e-05, 4.00088629249e-06, 5.14170733368e-06, 6.24758467893e-06, 3.02102444039e-06, 4.14797159465e-06, 1.62391711456e-06, 2.24994153086e-07, 6.78042724189e-08, 3.6622044064e-08, 2.58752059779e-08, 7.94249359615e-08, 3.76323114892e-08, 5.84513344393e-08, 5.37434026171e-08, 4.09224334419e-08, 1.99376053445e-08, 1.15756492391e-07, 1.87385310824e-07]}, "melbands_skewness": {"dvar2": 1.71331596375, "var": 3.14893531799, "min": -1.69412887096, "dmean": 0.746854782104, "mean": 2.35708761215, "max": 16.5651435852, "dmean2": 1.12624430656, "median": 2.02947711945, "dvar": 0.742628395557}, "barkbands_skewness": {"dvar2": 1.48092293739, "var": 2.63862681389, "min": -4.32755756378, "dmean": 0.654305398464, "mean": 1.66152739525, "max": 32.9430809021, "dmean2": 0.982528865337, "median": 1.4017791748, "dvar": 0.631561338902}, "erbbands": {"dvar2": [0.0147409830242, 1.68496203423, 19.483789444, 84.964805603, 160.856048584, 555.675598145, 603.325134277, 657.902038574, 2399.39282227, 9625.66015625, 19543.2539063, 12527.0449219, 8807.2109375, 8644.5, 23236.6171875, 20352.4121094, 10686.6591797, 25243.5039063, 10345.6416016, 6656.09716797, 491.712646484, 294.641387939, 232.155990601, 158.317947388, 149.462905884, 333.832366943, 148.363739014, 90.7793426514, 102.749328613, 136.431411743, 87.7459411621, 50.6298675537, 13.4440002441, 5.85843038559, 0.926948487759, 0.817373335361, 1.67524087429, 0.68691855669, 0.0141945909709, 1.21244165712e-05], "var": [0.0130695812404, 1.02121829987, 8.81097793579, 47.0669593811, 190.534698486, 465.618255615, 590.435119629, 782.678161621, 2079.50219727, 5804.94091797, 11424.1542969, 10184.7490234, 7873.12402344, 11704.5517578, 14602.1513672, 31208.7285156, 9124.64648438, 19803.7636719, 8479.69433594, 6115.984375, 579.264587402, 189.151245117, 304.750366211, 216.796737671, 228.370895386, 480.862182617, 181.1434021, 160.75038147, 159.139907837, 179.063476563, 96.9114532471, 83.6596908569, 29.2686710358, 13.879776001, 1.41511440277, 0.61976146698, 0.48820990324, 0.167888656259, 0.00338693126105, 3.14873364005e-06], "min": [6.76127822482e-23, 3.9705078348e-22, 1.86661261989e-21, 3.01647525849e-21, 9.8204546377e-21, 1.79546078927e-20, 3.46801449485e-20, 5.63217456318e-20, 8.22753580689e-20, 1.48136118213e-19, 3.51413233432e-19, 5.33909103046e-19, 4.10665783371e-19, 5.92243999494e-19, 9.9827733879e-19, 1.1722038499e-18, 1.34615000656e-18, 1.7483926356e-18, 2.60312332563e-18, 2.58902878838e-18, 2.75220712141e-18, 4.99504924291e-18, 5.52958700322e-18, 6.25883687587e-18, 6.51377104553e-18, 7.11211131444e-18, 8.62136686213e-18, 9.31241836128e-18, 1.11983124029e-17, 1.03549686812e-17, 1.16648521946e-17, 1.13855480433e-17, 8.22874972029e-18, 7.86728668185e-18, 5.58462553323e-18, 3.7496651378e-18, 2.19863800315e-18, 8.65346415823e-19, 2.25055139311e-19, 2.71265254651e-20], "dmean": [0.034297786653, 0.420667290688, 1.38255476952, 2.66781640053, 3.65734481812, 4.93857240677, 6.47965717316, 5.98345327377, 7.84591341019, 11.9220018387, 16.7387542725, 15.8080358505, 15.6770887375, 17.8887901306, 19.003276825, 19.098985672, 14.1111268997, 16.6105995178, 13.1308021545, 10.5412273407, 4.39576387405, 3.12768030167, 2.97214245796, 2.47671794891, 2.37894511223, 2.96810889244, 1.87247645855, 1.23085701466, 1.29556024075, 1.38610267639, 1.10843896866, 0.992126882076, 0.637658715248, 0.447765797377, 0.223346024752, 0.173321977258, 0.175138473511, 0.10048995167, 0.0143559128046, 0.00044608511962], "mean": [0.0576264709234, 0.703944504261, 2.14148521423, 4.71292638779, 8.20059013367, 9.12390041351, 12.9741306305, 11.0683946609, 12.8575592041, 16.6707992554, 23.5680866241, 24.3096160889, 27.5255756378, 34.6184120178, 32.0186347961, 31.6384658813, 22.4451141357, 26.6331291199, 21.6096572876, 17.6013221741, 8.01465129852, 5.09396076202, 5.22050952911, 4.54407978058, 4.23891067505, 4.8009762764, 2.68740177155, 1.87284266949, 1.91545820236, 2.10648107529, 1.55827486515, 1.52682638168, 1.06139457226, 0.72827142477, 0.322349309921, 0.212393149734, 0.150273740292, 0.0738471150398, 0.0101951453835, 0.000358005025191], "max": [1.72092008591, 20.0827999115, 48.353427887, 95.5065002441, 183.283813477, 426.974975586, 546.588745117, 1008.43572998, 1073.69470215, 2917.30419922, 3205.84204102, 3123.20605469, 2393.21533203, 3132.00024414, 3715.37915039, 8729.62109375, 2064.19311523, 4368.20507813, 2063.59106445, 2177.24780273, 621.222229004, 324.742828369, 483.109619141, 530.793823242, 300.194213867, 569.528564453, 387.838287354, 565.537414551, 383.943328857, 402.348937988, 479.69631958, 331.807739258, 220.081344604, 93.8215713501, 33.0422210693, 14.4402570724, 16.2762756348, 11.0478916168, 1.53928649426, 0.0462965741754], "dmean2": [0.055060390383, 0.694765150547, 2.33089447021, 4.33491849899, 5.73903226852, 7.71554374695, 10.0031881332, 8.94638824463, 11.6310930252, 18.0909900665, 25.3260917664, 23.2045459747, 22.4587097168, 25.4300994873, 28.6241474152, 27.2878303528, 20.809715271, 24.9959220886, 19.0987129211, 15.0065860748, 6.54777240753, 4.89281749725, 4.37076473236, 3.61002492905, 3.45483374596, 4.23434495926, 2.70987439156, 1.73496639729, 1.81731069088, 1.91823220253, 1.516025424, 1.31480658054, 0.814136147499, 0.56174737215, 0.306631088257, 0.241088092327, 0.29531866312, 0.17542591691, 0.0252560116351, 0.000756706285756], "median": [0.0185376740992, 0.38577234745, 1.31026172638, 2.60992336273, 3.11791300774, 3.18031430244, 5.09421539307, 3.60722541809, 2.66704034805, 2.60341119766, 3.28450870514, 3.47951459885, 4.00162982941, 4.16592645645, 4.54193496704, 3.33340167999, 1.8874257803, 2.08510684967, 1.78523087502, 1.20164942741, 1.09031486511, 0.626109957695, 0.609298348427, 0.454132705927, 0.312384843826, 0.228377908468, 0.166229337454, 0.130257457495, 0.109717167914, 0.103174187243, 0.0767672881484, 0.0617512688041, 0.0358276963234, 0.0181649662554, 0.00768137630075, 0.00386539939791, 0.0011830017902, 0.000218725879677, 2.49041513598e-05, 1.90295831999e-05], "dvar": [0.00631730398163, 0.628636002541, 6.99784660339, 31.8780479431, 67.5246505737, 232.430267334, 247.131988525, 316.303131104, 1110.27124023, 4306.6328125, 8002.89697266, 5598.72314453, 4143.03320313, 4500.27880859, 9743.11621094, 10358.7216797, 4803.25244141, 10749.5273438, 4708.89111328, 3284.20239258, 237.971969604, 117.83367157, 121.72844696, 81.8936691284, 77.9540557861, 172.500289917, 78.5918502808, 60.4687385559, 60.847026825, 73.0489578247, 49.7717056274, 30.7120571136, 8.84966754913, 4.22673177719, 0.590657413006, 0.381459712982, 0.614279329777, 0.247901961207, 0.0051012202166, 4.41137990492e-06]}, "silence_rate_30dB": {"dvar2": 0.0199710801244, "var": 0.00970215443522, "min": 0, "dmean": 0.00854056794196, "mean": 0.990204274654, "max": 1, "dmean2": 0.0170825663954, "median": 1, "dvar": 0.00846999604255}, "melbands_spread": {"dvar2": 174.874771118, "var": 445.01550293, "min": 0.274175673723, "dmean": 5.00253868103, "mean": 16.1739883423, "max": 247.652572632, "dmean2": 7.60584354401, "median": 10.4418992996, "dvar": 84.9694137573}, "melbands_crest": {"dvar2": 20.2832279205, "var": 26.6757583618, "min": 1.51609778404, "dmean": 2.85906362534, "mean": 14.7604551315, "max": 36.6193466187, "dmean2": 4.59115982056, "median": 14.2226047516, "dvar": 7.56851053238}, "zerocrossingrate": {"dvar2": 0.000512408558279, "var": 0.00454790750518, "min": 0.001953125, "dmean": 0.0113083124161, "mean": 0.0490958951414, "max": 0.52880859375, "dmean2": 0.0129986172542, "median": 0.0322265625, "dvar": 0.00040204016841}, "barkbands_kurtosis": {"dvar2": 917.733520508, "var": 787.961425781, "min": -1.95598840714, "dmean": 5.51021766663, "mean": 9.71418762207, "max": 1630.02880859, "dmean2": 8.49687004089, "median": 3.51339364052, "dvar": 399.327606201}, "spectral_flux": {"dvar2": 0.0010183993727, "var": 0.0023307853844, "min": 6.34013327949e-11, "dmean": 0.0176645573229, "mean": 0.0594115369022, "max": 0.383529126644, "dmean2": 0.0274840071797, "median": 0.047410838306, "dvar": 0.000456187466625}, "barkbands_crest": {"dvar2": 13.7245931625, "var": 16.3008346558, "min": 2.0300488472, "dmean": 2.30333209038, "mean": 10.5653648376, "max": 26.7968826294, "dmean2": 3.725451231, "median": 9.81274795532, "dvar": 5.25801944733}, "barkbands_flatness_db": {"dvar2": 0.00217495975085, "var": 0.00942416768521, "min": 0.0176524780691, "dmean": 0.0274790748954, "mean": 0.216640919447, "max": 0.530221641064, "dmean2": 0.0396778844297, "median": 0.197323933244, "dvar": 0.00106017151847}, "spectral_entropy": {"dvar2": 0.209654077888, "var": 0.923346817493, "min": 3.75355792046, "dmean": 0.259747594595, "mean": 6.72741556168, "max": 9.82526683807, "dmean2": 0.36006167531, "median": 6.84396362305, "dvar": 0.106821700931}, "pitch_salience": {"dvar2": 0.0115738222376, "var": 0.0137669853866, "min": 0.071459107101, "dmean": 0.069744117558, "mean": 0.52325129509, "max": 0.86910623312, "dmean2": 0.110338456929, "median": 0.52485114336, "dvar": 0.00439339131117}, "erbbands_spread": {"dvar2": 321.192810059, "var": 483.264404297, "min": 0.915110707283, "dmean": 7.9911737442, "mean": 26.2239093781, "max": 204.861282349, "dmean2": 11.7816257477, "median": 20.5592651367, "dvar": 153.160140991}, "dynamic_complexity": 4.28369760513, "spectral_contrast_valleys": {"dvar2": [0.333772033453, 0.329818278551, 0.340031921864, 0.384566009045, 0.4389719069, 0.438796073198], "var": [6.52417469025, 6.23366117477, 6.27235126495, 6.23760557175, 5.80579614639, 5.07641077042], "min": [-28.2533893585, -28.0290279388, -27.7930641174, -27.8121585846, -27.5256309509, -27.4090843201], "dmean": [0.375967562199, 0.391789227724, 0.383782923222, 0.377418339252, 0.364657878876, 0.3694652915], "mean": [-7.78600263596, -7.74205350876, -8.4778881073, -9.19556617737, -9.34371566772, -11.5517024994], "max": [-5.24870300293, -4.69607830048, -4.64828443527, -5.0522646904, -5.98419094086, -7.2914891243], "dmean2": [0.619660258293, 0.603446483612, 0.572290480137, 0.552330553532, 0.510363221169, 0.473867952824], "median": [-7.2561340332, -7.34757184982, -8.05387115479, -8.77537536621, -8.96416091919, -11.4889097214], "dvar": [0.140350222588, 0.167907834053, 0.178363889456, 0.208166524768, 0.227430596948, 0.241598844528]}, "hfc": {"dvar2": 588.617675781, "var": 593.215270996, "min": 1.07280871908e-16, "dmean": 6.49446725845, "mean": 14.1870508194, "max": 298.5625, "dmean2": 9.44861412048, "median": 5.29997348785, "dvar": 249.194534302}, "spectral_kurtosis": {"dvar2": 81.7425765991, "var": 168.887634277, "min": -1.26529061794, "dmean": 4.65938138962, "mean": 13.7947025299, "max": 105.774726868, "dmean2": 7.40020656586, "median": 9.32640075684, "dvar": 34.1921043396}, "mfcc": {"mean": [-752.155395508, 157.353500366, 23.6646461487, 15.159368515, 5.05826091766, 8.08033275604, 4.16302967072, 2.56407141685, -2.42939949036, 0.209128752351, -5.12209177017, -5.59542322159, -2.16392564774], "cov": [[14986.7841797, -803.740905762, -2273.15039063, -984.097717285, -17.9603290558, -60.0179710388, -30.6226119995, 256.133300781, -50.802646637, 361.926239014, 193.534469604, 219.509719849, 97.1961898804], [-803.740905762, 2595.12036133, 404.959503174, 285.414306641, 35.9596138, 159.972549438, 190.195175171, -51.6771278381, -28.335313797, 90.4116516113, 109.951255798, -34.558555603, -97.4868469238], [-2273.15039063, 404.959503174, 1754.30981445, 457.704315186, 109.635269165, 92.3344955444, 105.39225769, -100.942436218, 25.6532535553, 24.0536842346, 41.6075363159, -4.40687417984, -36.8576431274], [-984.097717285, 285.414306641, 457.704315186, 718.927124023, 146.130950928, 172.090530396, 19.9750041962, -46.7982559204, -15.1777143478, 11.3641223907, 20.7809829712, -20.3688812256, -30.9035701752], [-17.9603290558, 35.9596138, 109.635269165, 146.130950928, 370.998687744, 61.4671096802, 13.3173055649, 30.01811409, 44.4390335083, 62.906047821, 55.4373855591, 18.4686336517, -13.7292480469], [-60.0179710388, 159.972549438, 92.3344955444, 172.090530396, 61.4671096802, 250.202209473, 74.184677124, 30.0682468414, 9.28773021698, 33.8451423645, 43.8530044556, -6.11696004868, -21.4780826569], [-30.6226119995, 190.195175171, 105.39225769, 19.9750041962, 13.3173055649, 74.184677124, 215.981292725, 47.6808853149, 15.2878141403, 50.3797454834, 38.0603904724, 8.66707706451, 13.157119751], [256.133300781, -51.6771278381, -100.942436218, -46.7982559204, 30.01811409, 30.0682468414, 47.6808853149, 180.030853271, 72.7555618286, 14.5384988785, 11.3664073944, 23.6137981415, 19.6562137604], [-50.802646637, -28.335313797, 25.6532535553, -15.1777143478, 44.4390335083, 9.28773021698, 15.2878141403, 72.7555618286, 139.87109375, 54.9146728516, 11.959397316, 4.90295743942, -1.22907674313], [361.926239014, 90.4116516113, 24.0536842346, 11.3641223907, 62.906047821, 33.8451423645, 50.3797454834, 14.5384988785, 54.9146728516, 185.302703857, 101.116638184, 11.5781459808, -36.9153137207], [193.534469604, 109.951255798, 41.6075363159, 20.7809829712, 55.4373855591, 43.8530044556, 38.0603904724, 11.3664073944, 11.959397316, 101.116638184, 170.405441284, 54.1008110046, -37.8521537781], [219.509719849, -34.558555603, -4.40687417984, -20.3688812256, 18.4686336517, -6.11696004868, 8.66707706451, 23.6137981415, 4.90295743942, 11.5781459808, 54.1008110046, 127.738342285, 51.8032531738], [97.1961898804, -97.4868469238, -36.8576431274, -30.9035701752, -13.7292480469, -21.4780826569, 13.157119751, 19.6562137604, -1.22907674313, -36.9153137207, -37.8521537781, 51.8032531738, 162.859558105]], "icov": [[9.79134638328e-05, 1.22484325402e-05, 9.854050586e-05, 7.76908200351e-05, -1.86695597222e-05, -5.27868287463e-05, 3.86167121178e-05, -9.95129084913e-05, 0.000198027366423, -0.000288578856271, 5.87943140999e-05, -0.00013044323714, -2.24652994802e-05], [1.22484325402e-05, 0.000454866385553, -2.52326844929e-05, -0.000103839083749, 4.70969134767e-05, -7.6119453297e-05, -0.000356926262612, 0.000120795397379, 9.05805500224e-05, -5.26893163624e-05, -0.000176872301381, 8.38035630295e-05, 0.000168718455825], [9.854050586e-05, -2.52326844929e-05, 0.000867743161507, -0.000377044751076, -7.32236076146e-05, 9.53800117713e-05, -0.000455455563497, 0.000532694510184, -0.000364080595318, -1.05035894649e-07, -7.03173063812e-05, -0.000251831457717, 9.08205256565e-05], [7.76908200351e-05, -0.000103839083749, -0.000377044751076, 0.00224604201503, -0.00063958496321, -0.00138906913344, 0.000502838520333, 0.000241641129833, 0.000482890172862, -0.00018959348381, 0.00029141100822, 2.83066310658e-05, -5.51574521523e-05], [-1.86695597222e-05, 4.70969134767e-05, -7.32236076146e-05, -0.00063958496321, 0.00328257936053, -0.000227741882554, 0.000294728059089, -0.000393428083044, -0.000628575508017, -0.000584333494771, -0.00051881314721, -0.000184566844837, -2.73082096101e-05], [-5.27868287463e-05, -7.6119453297e-05, 9.53800117713e-05, -0.00138906913344, -0.000227741882554, 0.00577181857079, -0.00156704126857, -0.000872768403497, 4.91911523568e-05, 0.000344038911862, -0.0011302359635, 0.000755611050408, 0.000293185439659], [3.86167121178e-05, -0.000356926262612, -0.000455455563497, 0.000502838520333, 0.000294728059089, -0.00156704126857, 0.00653205672279, -0.00201006885618, 0.00112164532766, -0.00180342898238, -0.000227119831834, 0.000460486538941, -0.00131086632609], [-9.95129084913e-05, 0.000120795397379, 0.000532694510184, 0.000241641129833, -0.000393428083044, -0.000872768403497, -0.00201006885618, 0.00886445399374, -0.00498534739017, 0.00194749131333, -0.00044934937614, -0.000959380820859, -0.000153119632159], [0.000198027366423, 9.05805500224e-05, -0.000364080595318, 0.000482890172862, -0.000628575508017, 4.91911523568e-05, 0.00112164532766, -0.00498534739017, 0.0117024276406, -0.00469830259681, 0.00203846138902, -0.000185500728549, -3.40020269505e-05], [-0.000288578856271, -5.26893163624e-05, -1.05035894649e-07, -0.00018959348381, -0.000584333494771, 0.000344038911862, -0.00180342898238, 0.00194749131333, -0.00469830259681, 0.0111046629027, -0.00594736635685, 0.0017875302583, 0.000542189576663], [5.87943140999e-05, -0.000176872301381, -7.03173063812e-05, 0.00029141100822, -0.00051881314721, -0.0011302359635, -0.000227119831834, -0.00044934937614, 0.00203846138902, -0.00594736635685, 0.0125212222338, -0.00617396878079, 0.00331956311129], [-0.00013044323714, 8.38035630295e-05, -0.000251831457717, 2.83066310658e-05, -0.000184566844837, 0.000755611050408, 0.000460486538941, -0.000959380820859, -0.000185500728549, 0.0017875302583, -0.00617396878079, 0.0126995202154, -0.00483164656907], [-2.24652994802e-05, 0.000168718455825, 9.08205256565e-05, -5.51574521523e-05, -2.73082096101e-05, 0.000293185439659, -0.00131086632609, -0.000153119632159, -3.40020269505e-05, 0.000542189576663, 0.00331956311129, -0.00483164656907, 0.00885655265301]]}, "silence_rate_20dB": {"dvar2": 0, "var": 0, "min": 1, "dmean": 0, "mean": 1, "max": 1, "dmean2": 0, "median": 1, "dvar": 0}, "melbands_kurtosis": {"dvar2": 611.82635498, "var": 706.062988281, "min": -1.87409985065, "dmean": 8.26849937439, "mean": 15.7426805496, "max": 513.69732666, "dmean2": 12.6836624146, "median": 7.49035644531, "dvar": 264.768127441}, "barkbands_spread": {"dvar2": 288.992645264, "var": 276.08493042, "min": 0.130146637559, "dmean": 5.66538524628, "mean": 14.8976392746, "max": 136.265426636, "dmean2": 8.72185611725, "median": 10.2120800018, "dvar": 124.960678101}, "erbbands_skewness": {"dvar2": 0.6839889884, "var": 2.37985229492, "min": -5.03099298477, "dmean": 0.522125542164, "mean": 0.879236757755, "max": 12.052646637, "dmean2": 0.747168779373, "median": 0.622576236725, "dvar": 0.379152864218}, "average_loudness": 0.456270813942, "spectral_centroid": {"dvar2": 178820.015625, "var": 1665618, "min": 98.8977203369, "dmean": 171.87286377, "mean": 891.941833496, "max": 11860.4238281, "dmean2": 256.250579834, "median": 585.675415039, "dvar": 88409.671875}, "dissonance": {"dvar2": 0.00289926934056, "var": 0.00406366959214, "min": 0.0088087618351, "dmean": 0.0325883254409, "mean": 0.413786441088, "max": 0.500000178814, "dmean2": 0.0538326948881, "median": 0.428717404604, "dvar": 0.00110546243377}, "erbbands_flatness_db": {"dvar2": 0.00136331468821, "var": 0.00489589478821, "min": 0.0234515238553, "dmean": 0.0236206594855, "mean": 0.201923653483, "max": 0.51032179594, "dmean2": 0.0324376747012, "median": 0.201531127095, "dvar": 0.000706451013684}, "spectral_strongpeak": {"dvar2": 1.78917109966, "var": 1.54362559319, "min": 0, "dmean": 0.423668920994, "mean": 0.825556099415, "max": 19.3890533447, "dmean2": 0.703346610069, "median": 0.390696704388, "dvar": 0.742084860802}, "spectral_rms": {"dvar2": 1.24685914216e-06, "var": 3.99826922148e-06, "min": 3.1236484753e-12, "dmean": 0.000625384913292, "mean": 0.00382838468067, "max": 0.0142837287858, "dmean2": 0.000908646848984, "median": 0.00355937471613, "dvar": 5.87354065829e-07}, "silence_rate_60dB": {"dvar2": 0.0620430707932, "var": 0.0899793431163, "min": 0, "dmean": 0.0286360215396, "mean": 0.0999665111303, "max": 1, "dmean2": 0.0572768375278, "median": 0, "dvar": 0.0278172101825}, "melbands": {"dvar2": [1.53729922658e-06, 3.66091444448e-06, 2.1009827833e-06, 1.80092240498e-06, 6.33979425402e-07, 3.21527153346e-07, 5.45584441625e-07, 1.4124293557e-06, 1.36699884479e-06, 4.71266645263e-07, 2.26260013392e-07, 1.43412435705e-07, 2.29192096413e-07, 1.728682264e-07, 1.22333034369e-07, 7.92931160731e-08, 1.0594422406e-07, 4.04449984615e-08, 1.97742338059e-08, 5.57917756439e-09, 8.30265411977e-10, 4.74488059954e-10, 3.42755018812e-10, 1.67663521955e-10, 1.34717639821e-10, 8.73552757907e-11, 2.02964034468e-10, 1.83421056121e-10, 9.14605821634e-11, 4.6460221087e-11, 4.18840934158e-11, 2.51494432918e-11, 6.87977175229e-11, 4.01376085146e-11, 3.00858747637e-11, 3.09196696024e-11, 2.22773743896e-11, 9.57848644151e-12, 7.50843224401e-12, 3.82198222723e-12], "var": [1.25364317682e-06, 1.87805187579e-06, 1.51006315718e-06, 1.5131888631e-06, 6.1212995206e-07, 3.89906148257e-07, 4.8685751608e-07, 8.11160305147e-07, 8.16329134068e-07, 3.98224500486e-07, 2.01173818937e-07, 1.90905751651e-07, 1.48861360572e-07, 2.05336419867e-07, 1.17099894226e-07, 5.25418570874e-08, 8.32175075516e-08, 2.85398531474e-08, 1.94690255029e-08, 5.0833022236e-09, 5.6017196437e-10, 2.18326828838e-10, 3.63513469326e-10, 1.97597591067e-10, 1.64598057406e-10, 1.00868396968e-10, 2.65313965242e-10, 2.41603126394e-10, 9.35841890093e-11, 6.54722456805e-11, 5.44398866265e-11, 3.57000054518e-11, 1.05999438393e-10, 4.04424410627e-11, 3.14175838123e-11, 3.74593862873e-11, 3.33059760327e-11, 1.51518519953e-11, 1.68459846767e-11, 7.96003193915e-12], "min": [1.311943