{"tonal": {"thpcp": [1, 0.484535604715, 0.0101526584476, 0.00597814749926, 0.00712853297591, 0.072535790503, 0.156045272946, 0.0918437987566, 0.00611743982881, 0.002950145863, 0.00302831409499, 0.0182836893946, 0.0367819406092, 0.0383657254279, 0.190822035074, 0.320017129183, 0.154694482684, 0.0102836722508, 0.00520722242072, 0.00583661161363, 0.0460233837366, 0.095006659627, 0.0585672780871, 0.00782750640064, 0.00331611349247, 0.00438108621165, 0.152129814029, 0.302979111671, 0.159729748964, 0.0859781429172, 0.152601033449, 0.0757367387414, 0.02935199067, 0.0573610328138, 0.0492544062436, 0.541050612926], "hpcp": {"dmean2": [0.0498452223837, 0.0374364964664, 0.00793411862105, 0.00453501613811, 0.00531199667603, 0.0108910417184, 0.0163656901568, 0.0379270873964, 0.0872563719749, 0.0968896076083, 0.0868356227875, 0.0173680111766, 0.00905077811331, 0.0108852572739, 0.0259280391037, 0.0415773503482, 0.0361852124333, 0.0145944664255, 0.00616203388199, 0.00766245462, 0.0338976792991, 0.0484239794314, 0.0413866005838, 0.03682769835, 0.0397183187306, 0.0294068902731, 0.016453223303, 0.0217267144471, 0.0413248725235, 0.111027374864, 0.071957372129, 0.0975312814116, 0.0179025232792, 0.00970224477351, 0.0130722047761, 0.0302658230066], "median": [0.00309476768598, 0.00236201728694, 0.000465987453936, 0.000204550058697, 0.000156911861268, 0.000897363119293, 0.00150738586672, 0.00313531211577, 0.0315252430737, 0.054753780365, 0.0257952474058, 0.000512294122018, 7.62244162615e-05, 0.000252207188169, 0.00679177930579, 0.0130769992247, 0.00782603677362, 0.000450517778518, 0.000116879898997, 0.000226228949032, 0.0109831299633, 0.0207476951182, 0.0128482813016, 0.00138210935984, 0.000849812931847, 0.000480020302348, 0.000175483262865, 0.000128222600324, 0.00156423379667, 0.447430938482, 1, 0.39503338933, 0.000847127230372, 0.00014621396258, 0.000179933951586, 0.00204610521905], "min": [0, 0, 0, 0, 0, 0, 0, 0, 0, 0, 0, 0, 0, 0, 0, 0, 0, 0, 0, 0, 0, 0, 0, 0, 0, 0, 0, 0, 0, 0, 0, 0, 0, 0, 0, 0], "dvar2": [0.020149236545, 0.0125702805817, 0.00113160873298, 0.000325669214362, 0.000920452468563, 0.00173703045584, 0.0047327731736, 0.00885823182762, 0.0248322058469, 0.0385757498443, 0.0252929851413, 0.00326227443293, 0.00187596317846, 0.00340566947125, 0.00626696320251, 0.0140416352078, 0.0154525758699, 0.00537408376113, 0.000324121618178, 0.000530042452738, 0.00523241283372, 0.0180802457035, 0.00986374728382, 0.0115187577903, 0.0160749908537, 0.00656389119104, 0.00397196924314, 0.0103676887229, 0.0131840305403, 0.0326319858432, 0.0306850038469, 0.0243328604847, 0.00400418648496, 0.00172413513064, 0.00384819274768, 0.00588305993006], "dvar": [0.0113378353417, 0.0057852906175, 0.000381365272915, 0.000112027591967, 0.000336617260473, 0.000837360334117, 0.00249736453407, 0.0032463343814, 0.0095077874139, 0.0178249701858, 0.00967053323984, 0.00112780556083, 0.000650523928925, 0.00115003797691, 0.00250332220457, 0.0066385185346, 0.00582314748317, 0.00174763880204, 0.000114398768346, 0.000188044650713, 0.00263979495503, 0.00959407258779, 0.00416822498664, 0.0047714067623, 0.00822526495904, 0.00276186154224, 0.00159318267833, 0.00463463924825, 0.00478406390175, 0.0123737063259, 0.017127783969, 0.00950045138597, 0.00135906971991, 0.000687524792738, 0.00135190587025, 0.00286097195931], "dmean": [0.0337042286992, 0.024315642193, 0.00437305634841, 0.00247962796129, 0.00285762338899, 0.00679880287498, 0.0105306860059, 0.0214644223452, 0.052838973701, 0.0611394047737, 0.052094630897, 0.00922733917832, 0.00475627882406, 0.00575600704178, 0.0162360649556, 0.0275408923626, 0.022200755775, 0.00774183450267, 0.00330238230526, 0.00412953505293, 0.0222639832646, 0.033008992672, 0.025936704129, 0.0224138870835, 0.0254199337214, 0.0177304260433, 0.00922696758062, 0.0118231913075, 0.022679714486, 0.068828471005, 0.0475164502859, 0.0610341280699, 0.0096665546298, 0.00534049468115, 0.00702534941956, 0.0200215931982], "max": [1, 1, 0.480649232864, 0.177790239453, 0.535773158073, 0.639609694481, 1, 1, 1, 1, 1, 0.619081020355, 0.623134851456, 1, 0.822454631329, 1, 1, 0.930867254734, 0.208971843123, 0.245864748955, 0.666477680206, 1, 1, 1, 1, 0.782445847988, 0.893955230713, 1, 1, 1, 1, 1, 0.631815075874, 0.5513022542, 1, 0.877289056778], "var": [0.0614983737469, 0.0225911345333, 0.000301838561427, 6.90178858349e-05, 0.000219225708861, 0.00239515095018, 0.0115036386997, 0.00578411715105, 0.040537212044, 0.101491943002, 0.0275392979383, 0.000763919204473, 0.000430764630437, 0.000636459095404, 0.00507248565555, 0.0202286206186, 0.00920585170388, 0.0009631558205, 8.02167269285e-05, 0.000138529023388, 0.02979144454, 0.119754001498, 0.0319636203349, 0.0194000117481, 0.0641201734543, 0.0156154604629, 0.00758785521612, 0.0314594656229, 0.0114928819239, 0.0617237724364, 0.180217385292, 0.0470153801143, 0.000793258426711, 0.000575665035285, 0.00086826441111, 0.0126404240727], "mean": [0.103103093803, 0.0606835447252, 0.0040419488214, 0.00194923672825, 0.00200088438578, 0.0120805008337, 0.0243027675897, 0.025349214673, 0.126080989838, 0.211443483829, 0.102210596204, 0.00679468503222, 0.0034405447077, 0.00385639839806, 0.0304088238627, 0.0627733245492, 0.0386968962848, 0.00517183355987, 0.00219104089774, 0.00289469538257, 0.100516051054, 0.200186043978, 0.105537526309, 0.0568079538643, 0.100827395916, 0.0500411950052, 0.0193936098367, 0.0378999002278, 0.032543644309, 0.357485949993, 0.660725533962, 0.320145040751, 0.00670812046155, 0.00394991459325, 0.00471000373363, 0.0479262508452]}, "tuning_equal_tempered_deviation": 0.00348794832826, "chords_changes_rate": 0.0298172496259, "key_key": "C", "tuning_diatonic_strength": 0.568138539791, "key_scale": "major", "chords_number_rate": 0.00288554024883, "tuning_frequency": 441.272583008, "tuning_nontempered_energy_ratio": 0.589869499207, "chords_histogram": [63.7063179016, 1.69926261902, 10.9329910278, 0.0641231164336, 4.74511051178, 0, 2.91760182381, 0, 0, 0, 0, 0, 0, 0, 0, 0, 0, 2.62904787064, 0, 2.53286314011, 0, 0.961846768856, 6.95735836029, 2.85347867012], "key_strength": 0.760813057423, "chords_key": "C", "chords_strength": {"dmean2": 0.00366990827024, "median": 0.493844866753, "min": -1, "dvar2": 0.00124049501028, "dvar": 0.00063125876477, "dmean": 0.00558216124773, "max": 0.667682051659, "var": 0.0571000762284, "mean": 0.455883622169}, "chords_scale": "major", "hpcp_entropy": {"dmean2": 0.33256238699, "median": 1.11831831932, "min": 0, "dvar2": 0.206137746572, "dvar": 0.0842611044645, "dmean": 0.201864466071, "max": 3.11787676811, "var": 0.285404473543, "mean": 1.161013484}}, "metadata": {"audio_properties": {"equal_loudness": 0, "codec": "mp3", "downmix": "mix", "sample_rate": 44100, "analysis_sample_rate": 44100, "bit_rate": 180130, "md5_encoded": "dfd955890d1be1d9ba0ba86f48ba0b12", "length": 144.796737671, "replay_gain": -7.73092651367, "lossless": false}, "version": {"essentia_build_sha": "70f2e5ece6736b2c40cc944ad0e695b16b925413", "essentia": "2.1-beta2", "extractor": "music 1.0", "essentia_git_sha": "v2.1_beta2"}, "tags": {"title": ["37-\u00b2\u00ca\u00d4\u00c6\u00b9\u00fa\u00ce\u00ef\u00d3\u00ef Main Theme Piano Version"], "artist": ["\u00c1\u00ba\u00b0\u00ee\u00d1\u00e5 / \u00c6\u00bd\u00d4\u00ad\u00e7\u00b1\u00cf\u00e3"], "albumartist": ["\u00c1\u00ba\u00b0\u00ee\u00d1\u00e5 / \u00c6\u00bd\u00d4\u00ad\u00e7\u00b1\u00cf\u00e3"], "date": ["2006"], "file_name": "13298.mp3", "album": ["\u00b2\u00ca\u00d4\u00c6\u00b9\u00fa\u00ce\u00ef\u00d3\u00ef \u00a5\u00aa\u00a5\u00ea\u00a5\u00b8\u00a5\u00ca\u00a5\u00eb\u00a5\u00b5\u00a5\u00a6\u00a5\u00f3\u00a5\u00c9\u00a5\u00c8\u00a5\u00e9\u00a5\u00c3\u00a5\u00af 1"], "tracknumber": ["37"], "musicbrainz_recordingid": ["071aa5d2-ccce-4d1d-8af5-f24b4c68c3f8"]}}, "rhythm": {"bpm_histogram_first_peak_bpm": {"dmean2": 0, "median": 136, "min": 136, "dvar2": 0, "dvar": 0, "dmean": 0, "max": 136, "var": 0, "mean": 136}, "bpm": 135.904830933, "bpm_histogram_second_peak_spread": {"dmean2": 0, "median": 0.349206328392, "min": 0.349206328392, "dvar2": 0, "dvar": 0, "dmean": 0, "max": 0.349206328392, "var": 0, "mean": 0.349206328392}, "bpm_histogram_first_peak_weight": {"dmean2": 0, "median": 0.134146347642, "min": 0.134146347642, "dvar2": 0, "dvar": 0, "dmean": 0, "max": 0.134146347642, "var": 0, "mean": 0.134146347642}, "onset_rate": 1.55374670029, "beats_position": [0.417959183455, 0.835918366909, 1.26548755169, 1.69505667686, 2.11301589012, 2.53097510338, 2.96054410934, 3.3785033226, 3.79646253586, 4.22603178024, 4.65560102463, 5.0967798233, 5.52634906769, 5.94430828094, 6.3622674942, 6.79183673859, 7.22140598297, 7.66258478165, 8.11537361145, 8.55655288696, 8.98612213135, 9.4040813446, 9.83365058899, 10.2748298645, 10.7276191711, 11.1687984467, 11.6099767685, 12.051156044, 12.4923353195, 12.9567346573, 13.3979139328, 13.8390922546, 14.268661499, 14.6982307434, 15.1394100189, 15.5805892944, 16.0217685699, 16.4397277832, 16.8576869965, 17.2756462097, 17.7168254852, 18.1580047607, 18.6107940674, 19.0519733429, 19.5047607422, 19.9459400177, 20.3987293243, 20.8166885376, 21.2230377197, 21.6293869019, 22.035736084, 22.4536952972, 22.8832645416, 23.2896137238, 23.707572937, 24.1139221191, 24.5318813324, 24.9266204834, 25.37940979, 25.8438091278, 26.3082084656, 26.7726078033, 27.2486171722, 27.7362346649, 28.2006340027, 28.6650333405, 29.1294326782, 29.593832016, 30.0466213226, 30.5226306915, 30.9870281219, 31.4398174286, 31.8809967041, 32.3337860107, 32.7865753174, 33.2277526855, 33.6689338684, 34.0985031128, 34.5280723572, 34.9576416016, 35.3872108459, 35.8400001526, 36.304397583, 36.7571868896, 37.1983680725, 37.6395454407, 38.0575065613, 38.4754638672, 38.91664505, 39.334602356, 39.7641716003, 40.1821289062, 40.6233100891, 41.0644874573, 41.4940567017, 41.9352378845, 42.3996353149, 42.8640365601, 43.3284339905, 43.8160552979, 44.3036727905, 44.7680702209, 45.2324714661, 45.6736488342, 46.1148300171, 46.5443992615, 46.9739685059, 47.415145874, 47.8447151184, 48.2742843628, 48.7154655457, 49.14503479, 49.5978240967, 50.0506095886, 50.5033988953, 50.9678001404, 51.4321975708, 51.8849868774, 52.3377761841, 52.7905654907, 53.2665748596, 53.73097229, 54.1953735352, 54.6481628418, 55.1009521484, 55.5537414551, 56.0065307617, 56.4593200684, 56.912109375, 57.3416786194, 57.7596359253, 58.1543769836, 58.5491142273, 58.9438552856, 59.3385925293, 59.7333335876, 60.1396827698, 60.5344200134, 60.9059410095, 61.3006782532, 61.6721992493, 62.0553283691, 62.438457489, 62.8215866089, 63.2047157288, 63.5762329102, 63.95936203, 64.3424911499, 64.714012146, 65.0855331421, 65.4686584473, 65.8401794434, 66.2117004395, 66.5948257446, 66.9663467407, 67.3378677368, 67.7093887329, 68.0692977905, 68.4524230957, 68.8239440918, 69.2186813354, 69.6250305176, 70.0313796997, 70.4377288818, 70.844078064, 71.2620391846, 71.6567764282, 72.0515213013, 72.4462585449, 72.8409957886, 73.2357330322, 73.6072540283, 73.9903869629, 74.3735122681, 74.7682495117, 75.1745986938, 75.580947876, 76.0221328735, 76.4516983032, 76.8812713623, 77.310836792, 77.7404098511, 78.1815872192, 78.6343765259, 79.0871658325, 79.5283432007, 79.9695205688, 80.3874816895, 80.8054428101, 81.2233963013, 81.6529693604, 82.08253479, 82.5004959106, 82.9300689697, 83.3364181519, 83.7543716431, 84.1723327637, 84.5786819458, 85.0314712524, 85.4842605591, 85.9370498657, 86.4014511108, 86.865852356, 87.3302459717, 87.7946472168, 88.235824585, 88.6770019531, 89.1181869507, 89.5593643188, 90.000541687, 90.4533309937, 90.9061203003, 91.3589096069, 91.8000869751, 92.2412643433, 92.6940536499, 93.1352386475, 93.5880279541, 94.0408172607, 94.5052108765, 94.946395874, 95.4224014282, 95.8868026733, 96.33959198, 96.8039855957, 97.2683868408, 97.7444000244, 98.2204055786, 98.7080230713, 99.1840362549, 99.6600418091, 100.147659302, 100.635284424, 101.146118164, 101.656959534, 102.167800903, 102.550926208, 102.934059143, 103.328796387, 103.72353363, 104.118278503, 104.501403809, 104.861312866, 105.209609985, 105.557914734, 105.906211853, 106.254508972, 106.602806091, 106.997550964, 107.38067627, 107.763809204, 108.158546448, 108.64616394, 109.133781433, 109.633010864, 110.132240295, 110.619865417, 111.10748291, 111.595100403, 112.071105957, 112.547119141, 112.965080261, 113.394645691, 113.812606812, 114.242172241, 114.660133362, 115.078094482, 115.496055603, 115.914009094, 116.331970215, 116.749931335, 117.167892456, 117.585845947, 118.003807068, 118.421768188, 118.862945557, 119.338951111, 119.803352356, 120.27936554, 120.755371094, 121.231384277, 121.707389832, 122.264671326, 122.82194519, 123.344398499, 123.855232239, 124.377685547, 124.876914978, 125.376144409, 125.87537384, 126.386207581, 126.89704895, 127.40789032, 127.872291565, 128.336685181, 128.801086426, 129.265487671, 129.671829224, 130.078186035, 130.496139526, 130.914108276, 131.320449829, 131.726806641, 132.133148193, 132.539505005, 132.945846558, 133.352203369, 133.746932983, 134.141677856, 134.536407471, 134.931152344, 135.38394165, 135.836730957, 136.289520264, 136.765533447, 137.241546631, 137.717544556, 138.193557739, 138.669570923, 139.145568848, 139.691238403, 140.225296021, 140.759368896, 141.316635132, 141.873916626, 142.43119812, 143.000091553, 143.568969727, 144.137863159], "beats_loudness": {"dmean2": 0.0259318184108, "median": 0.0107777416706, "min": 0, "dvar2": 0.00104846083559, "dvar": 0.000379872159101, "dmean": 0.0150901442394, "max": 0.126237168908, "var": 0.000620769802481, "mean": 0.0208048522472}, "danceability": 0.854570627213, "bpm_histogram_second_peak_weight": {"dmean2": 0, "median": 0.125, "min": 0.125, "dvar2": 0, "dvar": 0, "dmean": 0, "max": 0.125, "var": 0, "mean": 0.125}, "beats_count": 329, "bpm_histogram_second_peak_bpm": {"dmean2": 0, "median": 144, "min": 144, "dvar2": 0, "dvar": 0, "dmean": 0, "max": 144, "var": 0, "mean": 144}, "bpm_histogram_first_peak_spread": {"dmean2": 0, "median": 0.623931586742, "min": 0.623931586742, "dvar2": 0, "dvar": 0, "dmean": 0, "max": 0.623931586742, "var": 0, "mean": 0.623931586742}, "beats_loudness_band_ratio": {"dmean2": [0.134269744158, 0.305778831244, 0.257204562426, 0.195596531034, 0.0160250160843, 0.00446578906849], "median": [0.0366550907493, 0.532457768917, 0.43417802453, 0.0248522181064, 0.00166143092792, 2.52726404142e-05], "min": [0, 0, 0, 0, 0, 0], "dvar2": [0.047127045691, 0.0777552351356, 0.0661159455776, 0.0947793647647, 0.00482413778082, 0.000649559195153], "dvar": [0.0189385376871, 0.0346191525459, 0.0275549069047, 0.0383903607726, 0.00246618152596, 0.00029067043215], "dmean": [0.0793719738722, 0.182106629014, 0.155257359147, 0.113917760551, 0.00997175276279, 0.00297431088984], "max": [0.845660030842, 0.94098097086, 0.994305312634, 0.98899769783, 0.954109072685, 0.236749738455], "var": [0.0576505921781, 0.0835725590587, 0.0773604512215, 0.0530339926481, 0.00609107455239, 0.000438011309598], "mean": [0.163456514478, 0.492740631104, 0.41733327508, 0.124265871942, 0.0137280402705, 0.00328976777382]}}, "lowlevel": {"barkbands_spread": {"dmean2": 1.46962332726, "median": 2.39069199562, "min": 0.0940017476678, "dvar2": 24.9641933441, "dvar": 8.54148101807, "dmean": 0.919456005096, "max": 121.590499878, "var": 95.5629043579, "mean": 5.19653558731}, "melbands_spread": {"dmean2": 2.59143042564, "median": 3.77827525139, "min": 0.391545951366, "dvar2": 56.8652877808, "dvar": 23.5378551483, "dmean": 1.63187897205, "max": 162.463928223, "var": 661.92779541, "mean": 10.8754110336}, "hfc": {"dmean2": 1.8426566124, "median": 3.04854083061, "min": 1.04493147512e-16, "dvar2": 84.5543670654, "dvar": 43.6924819946, "dmean": 1.43960297108, "max": 336.558135986, "var": 164.997070312, "mean": 7.41242742538}, "barkbands_kurtosis": {"dmean2": 4.31686925888, "median": 4.20163631439, "min": -1.84802651405, "dvar2": 123.839584351, "dvar": 46.6132926941, "dmean": 2.73169493675, "max": 275.210418701, "var": 339.086303711, "mean": 9.49067020416}, "gfcc": {"mean": [-324.807769775, 208.800338745, -94.0327682495, -48.4525108337, -45.5486412048, -21.1703243256, -33.757900238, -7.25372028351, -7.83040952682, -11.9209079742, -1.45887410641, -4.27746534348, 3.43697857857], "icov": [[0.000665786792524, -0.00173716188874, 0.00154537940398, -0.00066141737625, 0.000969310174696, 0.00040540547343, -0.000399977987399, 0.000555895559955, -0.000242383946897, 6.6810483986e-05, 0.000828580348752, -0.000837893923745, 0.000432787375757], [-0.00173716188874, 0.00563109014183, -0.00357353920117, 0.00199907342903, -0.00135373463854, -0.0010394185083, 0.00189077109098, -0.000696756527759, -0.000349385547452, 0.00263063190505, -0.00444821780547, 0.00476790498942, -0.0025864620693], [0.00154537940398, -0.00357353920117, 0.0047295759432, -0.00233676680364, 0.00359746231697, 0.000200854308787, -0.000302939151879, 0.00192250474356, -0.00209562596865, 0.00248155277222, 0.000302671163809, -0.000702504534274, 0.000615952012595], [-0.00066141737625, 0.00199907342903, -0.00233676680364, 0.00415655225515, -0.00242633000016, 0.000828191754408, 0.0010764147155, -0.00251907343045, 0.00632008910179, -0.0058816736564, 0.00463761202991, -0.00188170582987, 0.00121110526379], [0.000969310174696, -0.00135373463854, 0.00359746231697, -0.00242633000016, 0.00675015477464, -0.000462597265141, -0.000926627893932, 0.00430740136653, -0.00617977650836, 0.00716427341104, -0.00476726144552, 0.00284546264447, -0.000935771910008], [0.00040540547343, -0.0010394185083, 0.000200854308787, 0.000828191754408, -0.000462597265141, 0.00321186194196, -0.000864307570737, -0.000917423749343, 0.00378846051171, -0.00346317864023, 0.0038776260335, -0.00250452780165, 0.000705533428118], [-0.000399977987399, 0.00189077109098, -0.000302939151879, 0.0010764147155, -0.000926627893932, -0.000864307570737, 0.00581160979345, -0.00374919665046, 0.00205872976221, 0.000793474377133, -0.000840634980705, 0.00194717978593, -0.00174420699477], [0.000555895559955, -0.000696756527759, 0.00192250474356, -0.00251907343045, 0.00430740136653, -0.000917423749343, -0.00374919665046, 0.0115993414074, -0.0104201985523, 0.00796263571829, -0.00464128190652, 0.00416441448033, -0.00125237181783], [-0.000242383946897, -0.000349385547452, -0.00209562596865, 0.00632008910179, -0.00617977650836, 0.00378846051171, 0.00205872976221, -0.0104201985523, 0.025338659063, -0.0216725450009, 0.0149979693815, -0.0079843448475, 0.00344844860956], [6.6810483986e-05, 0.00263063190505, 0.00248155277222, -0.0058816736564, 0.00716427341104, -0.00346317864023, 0.000793474377133, 0.00796263571829, -0.0216725450009, 0.0319526381791, -0.0235620588064, 0.0159298107028, -0.00762102985755], [0.000828580348752, -0.00444821780547, 0.000302671163809, 0.00463761202991, -0.00476726144552, 0.0038776260335, -0.000840634980705, -0.00464128190652, 0.0149979693815, -0.0235620588064, 0.0333636030555, -0.0240205544978, 0.0113949943334], [-0.000837893923745, 0.00476790498942, -0.000702504534274, -0.00188170582987, 0.00284546264447, -0.00250452780165, 0.00194717978593, 0.00416441448033, -0.0079843448475, 0.0159298107028, -0.0240205544978, 0.0285115875304, -0.0155754256994], [0.000432787375757, -0.0025864620693, 0.000615952012595, 0.00121110526379, -0.000935771910008, 0.000705533428118, -0.00174420699477, -0.00125237181783, 0.00344844860956, -0.00762102985755, 0.0113949943334, -0.0155754256994, 0.0173942744732]], "cov": [[47237.3632812, 11725.3662109, -7627.33203125, -4253.84423828, -504.329376221, -2746.33007812, -856.987304688, -598.418273926, 290.114898682, -618.114562988, 439.139831543, -60.5093002319, 419.524261475], [11725.3662109, 3645.27319336, -1288.44030762, -1250.40783691, -280.088409424, -603.858703613, -394.530914307, -199.878875732, 39.4838027954, -234.154373169, 118.504058838, -47.6527175903, 107.737815857], [-7627.33203125, -1288.44030762, 2342.8190918, 907.886169434, -339.24786377, 465.758148193, -105.033874512, 16.7671966553, -165.863815308, 6.25729894638, -150.134567261, -41.1429138184, -97.3161315918], [-4253.84423828, -1250.40783691, 907.886169434, 1121.25964355, -14.0910711288, 188.554000854, 0.573369562626, 7.95619773865, -159.522033691, 64.5859832764, -130.999053955, -44.0219841003, -91.7638473511], [-504.329376221, -280.088409424, -339.24786377, -14.0910711288, 420.479766846, -1.26827275753, 70.9726257324, -35.4026222229, 34.2336235046, 1.33359360695, 39.409778595, 22.7298107147, -0.532364189625], [-2746.33007812, -603.858703613, 465.758148193, 188.554000854, -1.26827275753, 625.544128418, 144.162155151, 44.5187683105, -99.6016845703, -10.0428199768, -60.9463691711, 14.3538866043, 9.26371002197], [-856.987304688, -394.530914307, -105.033874512, 0.573369562626, 70.9726257324, 144.162155151, 368.178436279, 147.198791504, 5.13699245453, -16.4966068268, -37.9561958313, -16.847782135, 13.3577785492], [-598.418273926, -199.878875732, 16.7671966553, 7.95619773865, -35.4026222229, 44.5187683105, 147.198791504, 229.962020874, 83.9233856201, 13.4531440735, -48.2524757385, -51.5543022156, -13.6695652008], [290.114898682, 39.4838027954, -165.863815308, -159.522033691, 34.2336235046, -99.6016845703, 5.13699245453, 83.9233856201, 186.433334351, 85.1308898926, 6.76547574997, -27.4505271912, -0.601866841316], [-618.114562988, -234.154373169, 6.25729894638, 64.5859832764, 1.33359360695, -10.0428199768, -16.4966068268, 13.4531440735, 85.1308898926, 150.839889526, 49.0024757385, 0.860363304615, -6.48386383057], [439.139831543, 118.504058838, -150.134567261, -130.999053955, 39.409778595, -60.9463691711, -37.9561958313, -48.2524757385, 6.76547574997, 49.0024757385, 153.822128296, 100.28364563, 27.6012248993], [-60.5093002319, -47.6527175903, -41.1429138184, -44.0219841003, 22.7298107147, 14.3538866043, -16.847782135, -51.5543022156, -27.4505271912, 0.860363304615, 100.28364563, 167.272003174, 84.0853805542], [419.524261475, 107.737815857, -97.3161315918, -91.7638473511, -0.532364189625, 9.26371002197, 13.3577785492, -13.6695652008, -0.601866841316, -6.48386383057, 27.6012248993, 84.0853805542, 127.348197937]]}, "spectral_energyband_middle_low": {"dmean2": 0.00199077231809, "median": 0.00504112010822, "min": 1.35004468873e-22, "dvar2": 2.80206531897e-05, "dvar": 1.76054199983e-05, "dmean": 0.00155673502013, "max": 0.141284018755, "var": 0.000299525243463, "mean": 0.0120268594474}, "melbands_crest": {"dmean2": 2.15016794205, "median": 15.3773174286, "min": 1.00177133083, "dvar2": 6.87206792831, "dvar": 2.81089758873, "dmean": 1.37335932255, "max": 33.7602806091, "var": 28.8410644531, "mean": 15.5376367569}, "spectral_kurtosis": {"dmean2": 47.6106071472, "median": 123.392028809, "min": -1.27623677254, "dvar2": 2230.82763672, "dvar": 827.222900391, "dmean": 27.4365787506, "max": 427.338897705, "var": 4626.82275391, "mean": 119.031295776}, "spectral_rms": {"dmean2": 0.00029231607914, "median": 0.00256767589599, "min": 3.11460601234e-12, "dvar2": 4.37840270706e-07, "dvar": 2.70119699053e-07, "dmean": 0.000228527671425, "max": 0.0179125685245, "var": 5.33407273906e-06, "mean": 0.00293332850561}, "zerocrossingrate": {"dmean2": 0.00362878711894, "median": 0.02099609375, "min": 0.0029296875, "dvar2": 0.000189444705029, "dvar": 9.77145973593e-05, "dmean": 0.00256676529534, "max": 0.53369140625, "var": 0.00941900350153, "mean": 0.0472059994936}, "silence_rate_60dB": {"dmean2": 0.037209302187, "median": 0, "min": 0, "dvar2": 0.0396759994328, "dvar": 0.0182543899864, "dmean": 0.018601667136, "max": 1, "var": 0.228883713484, "mean": 0.354657679796}, "erbbands_kurtosis": {"dmean2": 2.83357524872, "median": 3.01834106445, "min": -1.88141596317, "dvar2": 44.1352806091, "dvar": 19.5083045959, "dmean": 1.93146705627, "max": 143.11328125, "var": 143.79850769, "mean": 7.39568090439}, "erbbands": {"dmean2": [0.00131536845583, 0.0230892151594, 0.143886998296, 0.413670063019, 1.03019571304, 1.41461896896, 1.9876768589, 9.5463104248, 9.6513710022, 4.77664327621, 4.39633178711, 15.3325767517, 8.92077636719, 12.5112543106, 31.8000831604, 5.80207490921, 1.81514465809, 1.56686067581, 1.10105884075, 0.854000151157, 0.466522186995, 0.405483990908, 0.22329518199, 0.0566885434091, 0.0355727486312, 0.0131666306406, 0.0100436937064, 0.00367904826999, 0.00230500497855, 0.000787661236245, 0.000229564495385, 8.30935969134e-05, 4.33755267295e-05, 2.99436342175e-05, 1.36902162922e-05, 7.06281116436e-06, 2.51903361459e-06, 7.93783726749e-07, 1.444853865e-06, 3.32825652549e-06], "median": [0.000400225573685, 0.00511390063912, 0.0235736947507, 0.073999427259, 0.155045181513, 0.690520763397, 1.28597080708, 15.4147777557, 17.1049556732, 2.8850851059, 2.10348629951, 1.84394574165, 2.85261726379, 1.07824730873, 1.05033659935, 0.771206140518, 0.231727644801, 0.262747377157, 0.154156938195, 0.115107506514, 0.0531756691635, 0.043938152492, 0.0200888272375, 0.00354116759263, 0.00111952889711, 0.000394396513002, 0.000215784515603, 0.000127260631416, 9.59309181781e-05, 7.7345102909e-05, 6.12026487943e-05, 4.82580508105e-05, 4.00930584874e-05, 3.18222955684e-05, 2.19435387407e-05, 1.23696563605e-05, 2.87278248834e-06, 5.19752688888e-07, 3.24371490024e-06, 7.59377508075e-06], "min": [5.0102436735e-23, 4.5775919634e-22, 2.03246455414e-21, 3.21755042538e-21, 6.46184487628e-21, 1.81419966132e-20, 2.46884542305e-20, 7.43072047763e-20, 1.33677207901e-19, 9.08473661333e-20, 1.98875803502e-19, 2.28537698937e-19, 3.13670946635e-19, 6.09245507913e-19, 5.22684985917e-19, 1.17611269189e-18, 1.30073148367e-18, 2.20012651467e-18, 1.59175192454e-18, 2.47210722239e-18, 3.24310841607e-18, 3.86385907573e-18, 5.09589083139e-18, 5.54795868463e-18, 5.1672359864e-18, 7.17686135843e-18, 8.07016678915e-18, 9.72734290988e-18, 1.06243226769e-17, 9.99308957091e-18, 1.07431140847e-17, 9.48278034433e-18, 9.82147358205e-18, 7.72366000337e-18, 6.05166700992e-18, 3.97396467347e-18, 2.14971523301e-18, 9.29404523231e-19, 2.29569296558e-19, 2.68675048423e-20], "dvar2": [8.73548469826e-06, 0.00349696050398, 0.231270119548, 2.82668304443, 13.1507139206, 22.2316913605, 41.1723480225, 957.06463623, 971.26348877, 358.214569092, 199.451965332, 5746.52832031, 1415.98864746, 6796.29394531, 139422.375, 2537.78735352, 111.591529846, 214.430236816, 166.306259155, 22.397819519, 14.6069850922, 4.42906188965, 2.01510334015, 0.265132784843, 0.0439628139138, 0.0104868737981, 0.0104180490598, 0.000936198339332, 0.000577535945922, 5.34773716936e-05, 3.48589696841e-06, 2.4943821586e-07, 3.1194822725e-08, 3.07122682841e-08, 7.05061287132e-10, 1.49860901466e-10, 4.1141437479e-11, 3.94319256067e-12, 2.73714731436e-11, 1.38558969853e-10], "dvar": [3.83516498914e-06, 0.00137126957998, 0.0933223366737, 1.22772848606, 6.5132818222, 12.5945892334, 21.4890346527, 564.98449707, 647.616760254, 177.123474121, 108.782531738, 3093.22167969, 803.39666748, 3827.92211914, 69297.2109375, 1338.88903809, 78.5665206909, 87.3476257324, 71.763671875, 9.06763267517, 6.10547876358, 2.17080545425, 0.945386648178, 0.121504150331, 0.0249176826328, 0.00571624049917, 0.00548376422375, 0.000553165154997, 0.000310904521029, 2.43207723543e-05, 1.68516930898e-06, 1.10622877969e-07, 1.24091981135e-08, 1.09465716491e-08, 3.31355748395e-10, 7.26260857009e-11, 1.9447552943e-11, 1.85279591149e-12, 1.48942056605e-11, 7.53603360271e-11], "dmean": [0.000811516598333, 0.014018766582, 0.0863592028618, 0.265762686729, 0.672522783279, 0.953914999962, 1.36453807354, 6.9607872963, 8.23670864105, 3.57505631447, 3.27156805992, 11.3404922485, 6.67385435104, 9.29166507721, 23.6515712738, 4.5926527977, 1.3294519186, 1.10141205788, 0.770872592926, 0.554442763329, 0.323922008276, 0.28360581398, 0.152114957571, 0.0390257500112, 0.0271421857178, 0.00997957214713, 0.00744688231498, 0.00265357177705, 0.00168680737261, 0.000515099265613, 0.000156290610903, 5.31519362994e-05, 2.75487600447e-05, 1.8599044779e-05, 8.81347750692e-06, 4.53410530099e-06, 1.61998275416e-06, 4.97257701682e-07, 1.12555153464e-06, 2.58807176579e-06], "max": [0.0738627463579, 1.23765897751, 15.1081151962, 63.0335159302, 84.5005569458, 170.134368896, 163.731048584, 1104.52624512, 874.75012207, 453.106719971, 330.669555664, 2125.91772461, 1137.89367676, 2715.0546875, 13123.8291016, 1658.58557129, 509.232543945, 501.014312744, 542.315917969, 130.874465942, 131.131912231, 50.9453849792, 38.6192588806, 21.6757831573, 4.8390955925, 3.40947604179, 3.54933643341, 1.14873588085, 0.894404172897, 0.163396283984, 0.0483950935304, 0.013104820624, 0.00494985794649, 0.00502072041854, 0.000499915913679, 0.000286570022581, 0.0001745558111, 5.62915483897e-05, 0.000177915484528, 0.000392758171074], "var": [5.32357171323e-06, 0.00243930751458, 0.614584326744, 7.30399942398, 46.7556419373, 46.2678184509, 120.872322083, 6856.50927734, 12357.7753906, 682.547546387, 1296.69714355, 41264.125, 3586.72338867, 22532.65625, 135702.46875, 3323.75439453, 371.119781494, 94.1595306396, 97.4397964478, 12.8682613373, 8.66044330597, 5.05830287933, 2.07734799385, 0.200205668807, 0.0687002763152, 0.0141363600269, 0.0144115621224, 0.00106413289905, 0.000558008090593, 3.05087069137e-05, 2.29631450566e-06, 1.45714366795e-07, 1.53006514125e-08, 9.00821106598e-09, 9.72707137059e-10, 2.95182461807e-10, 7.06255054439e-11, 5.02836964775e-12, 9.87372614225e-11, 5.25219756575e-10], "mean": [0.00104334705975, 0.019666755572, 0.188750877976, 0.750898361206, 2.73446273804, 3.12661147118, 5.15164756775, 46.7196006775, 63.6266822815, 10.8002719879, 16.9208908081, 73.711151123, 21.7722854614, 31.4028549194, 44.3102302551, 10.0945959091, 3.30562090874, 1.91661393642, 1.53733599186, 1.03264451027, 0.647205710411, 0.606332957745, 0.315264314413, 0.0778708904982, 0.0559912025928, 0.0197374727577, 0.0144717097282, 0.0043583358638, 0.00245238677599, 0.000757101224735, 0.000257231848082, 0.000107899126306, 6.69677829137e-05, 4.82974937768e-05, 3.02317512251e-05, 1.7086887965e-05, 5.83325618209e-06, 1.28243084419e-06, 6.94777509125e-06, 1.61470197781e-05]}, "spectral_strongpeak": {"dmean2": 0.3537799716, "median": 0.979923427105, "min": 0, "dvar2": 1.06998944283, "dvar": 0.496411174536, "dmean": 0.235388875008, "max": 22.9698123932, "var": 2.53247451782, "mean": 1.43756556511}, "spectral_energy": {"dmean2": 0.00291212252341, "median": 0.00675778277218, "min": 9.94329015087e-21, "dvar2": 0.000100250959804, "dvar": 5.48548960069e-05, "dmean": 0.00226286170073, "max": 0.328881621361, "var": 0.000404874852393, "mean": 0.0142868738621}, "average_loudness": 0.125350415707, "spectral_rolloff": {"dmean2": 130.953094482, "median": 581.396484375, "min": 64.599609375, "dvar2": 493668.25, "dvar": 242934.84375, "dmean": 74.1158828735, "max": 19530.6152344, "var": 12901858, "mean": 1387.28186035}, "spectral_centroid": {"dmean2": 73.8134002686, "median": 454.809020996, "min": 190.805221558, "dvar2": 90776.65625, "dvar": 49567.0664062, "dmean": 47.0281867981, "max": 11921.8857422, "var": 4234077.5, "mean": 943.534973145}, "pitch_salience": {"dmean2": 0.0549882911146, "median": 0.45890596509, "min": 0.0598969981074, "dvar2": 0.00434202514589, "dvar": 0.00182331562974, "dmean": 0.0359241962433, "max": 0.996073901653, "var": 0.0219108089805, "mean": 0.461685150862}, "spectral_energyband_middle_high": {"dmean2": 0.00108863145579, "median": 0.000188178557437, "min": 1.1282368941e-21, "dvar2": 7.04471312929e-05, "dvar": 3.57743519999e-05, "dmean": 0.000820420100354, "max": 0.321051210165, "var": 9.24203923205e-05, "mean": 0.00213825795799}, "spectral_contrast_coeffs": {"dmean2": [0.0676450207829, 0.045459356159, 0.0402648001909, 0.0344074331224, 0.0238238051534, 0.0308719221503], "median": [-0.646434664726, -0.599074721336, -0.665395259857, -0.732672691345, -0.762520074844, -0.884185552597], "min": [-0.979982614517, -0.993347883224, -0.996459126472, -0.993921935558, -0.989524662495, -0.964666008949], "dvar2": [0.00307230791077, 0.0018371664919, 0.00166660174727, 0.00125650549307, 0.000552952289581, 0.00112347793765], "dvar": [0.00113403249998, 0.000774197746068, 0.000708304345608, 0.000532418605871, 0.000264260772383, 0.000431294814916], "dmean": [0.0403001122177, 0.0277229472995, 0.0249814447016, 0.0214895922691, 0.0150743816048, 0.0181901659817], "max": [-0.319960772991, -0.277818411589, -0.397888183594, -0.528068602085, -0.591891407967, -0.622656464577], "var": [0.0159423332661, 0.0168921835721, 0.0155822755769, 0.00735108787194, 0.00818743836135, 0.00176777457818], "mean": [-0.650361716747, -0.620648086071, -0.678349018097, -0.751631855965, -0.780112326145, -0.874715805054]}, "melbands_skewness": {"dmean2": 0.59725099802, "median": 0.803451538086, "min": -7.72132396698, "dvar2": 0.626027524471, "dvar": 0.25512394309, "dmean": 0.380966514349, "max": 10.1043691635, "var": 3.07184696198, "mean": 0.849827468395}, "spectral_spread": {"dmean2": 567579.0625, "median": 921621.5625, "min": 263294.875, "dvar2": 1244213280770.0, "dvar": 644683071488, "dmean": 334264.65625, "max": 42787688, "var": 60849251156000.0, "mean": 2808673.5}, "dissonance": {"dmean2": 0.0701833963394, "median": 0.317808300257, "min": 0.0818412899971, "dvar2": 0.00542062614113, "dvar": 0.00199283682741, "dmean": 0.0409950911999, "max": 0.499950945377, "var": 0.00805892143399, "mean": 0.320558667183}, "spectral_skewness": {"dmean2": 2.27194595337, "median": 8.44937515259, "min": -0.132187530398, "dvar2": 4.71786165237, "dvar": 1.76089203358, "dmean": 1.29823040962, "max": 17.4402923584, "var": 10.6164293289, "mean": 7.98984575272}, "spectral_flux": {"dmean2": 0.0125355562195, "median": 0.0115505540743, "min": 6.25007823274e-11, "dvar2": 0.000904061307665, "dvar": 0.000377728749299, "dmean": 0.00780985876918, "max": 0.384300798178, "var": 0.000577928964049, "mean": 0.0176828950644}, "spectral_contrast_valleys": {"dmean2": [0.734293580055, 0.484587430954, 0.457357436419, 0.438584238291, 0.332756847143, 0.538184404373], "median": [-9.08886146545, -7.97342205048, -9.19176197052, -10.7868432999, -12.3953924179, -14.5020618439], "min": [-28.3247928619, -28.2233772278, -27.7702732086, -27.6575603485, -27.6511821747, -27.402469635], "dvar2": [0.350821942091, 0.234073832631, 0.236122906208, 0.306442528963, 0.245456248522, 0.354098111391], "dvar": [0.156634345651, 0.130802214146, 0.13220565021, 0.162954285741, 0.130944177508, 0.142463162541], "dmean": [0.44110006094, 0.296212881804, 0.284655898809, 0.268494278193, 0.208551898599, 0.32058763504], "max": [-6.63133478165, -5.0946559906, -5.72391319275, -7.30748033524, -8.25746059418, -12.2549629211], "var": [14.0705337524, 16.3654537201, 14.4506406784, 12.1291770935, 9.36327075958, 6.68663263321], "mean": [-9.92132091522, -8.99755764008, -10.1551876068, -11.6505880356, -12.9196176529, -14.901473999]}, "erbbands_flatness_db": {"dmean2": 0.0169720295817, "median": 0.41907709837, "min": 0.0289769656956, "dvar2": 0.000400654331315, "dvar": 0.000200708891498, "dmean": 0.0111407386139, "max": 0.611580193043, "var": 0.0107801668346, "mean": 0.396133631468}, "spectral_energyband_high": {"dmean2": 3.84671778875e-07, "median": 2.06920951484e-08, "min": 6.88525997182e-21, "dvar2": 1.11800430025e-11, "dvar": 6.3373039455e-12, "dmean": 2.92392115853e-07, "max": 0.000106450759631, "var": 1.63744955095e-11, "mean": 5.7373671325e-07}, "spectral_entropy": {"dmean2": 0.170692041516, "median": 5.0818362236, "min": 3.57602214813, "dvar2": 0.0720610171556, "dvar": 0.0322112329304, "dmean": 0.110930263996, "max": 9.8278055191, "var": 1.32150733471, "mean": 5.34499549866}, "silence_rate_20dB": {"dmean2": 0, "median": 1, "min": 1, "dvar2": 0, "dvar": 0, "dmean": 0, "max": 1, "var": 0, "mean": 1}, "melbands_flatness_db": {"dmean2": 0.0203441902995, "median": 0.502525448799, "min": 2.45917107122e-07, "dvar2": 0.000706695835106, "dvar": 0.000350735528627, "dmean": 0.0135293584317, "max": 0.661060571671, "var": 0.0157157443464, "mean": 0.471862524748}, "barkbands": {"dmean2": [8.4661718347e-07, 8.18275148049e-05, 0.000170215265825, 0.000174509623321, 0.00045919418335, 0.000968492240645, 0.000381129590096, 0.000211761245737, 0.000539255386684, 0.000434382323874, 0.000640640675556, 0.000130466825794, 3.0859519029e-05, 3.06357032969e-05, 1.98694287974e-05, 1.15148486657e-05, 1.12472698675e-05, 1.06354184481e-06, 1.04788978206e-06, 3.13453682566e-07, 1.4698986206e-07, 5.81245984677e-08, 1.11138787062e-08, 2.73079092672e-09, 2.25421237232e-09, 1.28030031021e-09, 9.30359789209e-10], "median": [3.13970986099e-07, 1.80065107998e-05, 1.97337431018e-05, 2.22489470616e-05, 0.000195212778635, 0.00162579142489, 0.000590783893131, 7.88484176155e-05, 4.13096422562e-05, 5.46823830518e-05, 1.48848521349e-05, 1.09968304969e-05, 1.41214809446e-06, 3.53649284079e-06, 2.0881684577e-06, 7.60095190344e-07, 1.00968236438e-06, 9.33088770694e-08, 3.84336580339e-08, 6.07820593856e-09, 3.05601433048e-09, 2.56799470577e-09, 2.04006744831e-09, 2.05135952669e-09, 2.33087860124e-09, 9.56156931409e-10, 1.0786564697e-10], "min": [1.32864375592e-26, 2.2978610979e-24, 8.34463475038e-25, 8.24592557138e-25, 5.06179581254e-24, 7.46479353088e-24, 7.93638325749e-24, 8.15857776436e-24, 7.84605395068e-24, 8.07891385699e-24, 9.26717503852e-24, 1.70588330855e-23, 2.42597053119e-23, 3.02754497123e-23, 3.67068275687e-23, 4.60837520918e-23, 6.23920187359e-23, 8.68053767972e-23, 1.01363520813e-22, 1.21531847949e-22, 2.09095736595e-22, 3.23883694707e-22, 3.74174296856e-22, 5.31028243807e-22, 9.02080847667e-22, 1.28136052608e-21, 1.96254578001e-21], "dvar2": [2.19515356413e-12, 4.43412986328e-08, 3.92856208009e-07, 4.5580102892e-07, 1.87887258107e-06, 9.48786782828e-06, 1.19765695672e-06, 5.68356938402e-07, 6.8701588134e-06, 4.98201234223e-06, 5.23077251273e-05, 1.38587665788e-06, 3.78402695844e-08, 1.00768147604e-07, 4.71734402652e-08, 9.66000968106e-09, 3.43274653147e-09, 3.1927901295e-11, 5.729961991e-11, 1.28377022554e-11, 1.9659105073e-12, 2.27131383363e-13, 9.77777395454e-15, 1.1085564873e-16, 1.85219953422e-16, 5.39905997051e-18, 3.3885505492e-18], "dvar": [7.93444899626e-13, 1.76938286245e-08, 1.74139231035e-07, 1.72867643755e-07, 1.04920366084e-06, 5.64265155845e-06, 8.12971279629e-07, 2.87140665023e-07, 3.76408752345e-06, 2.83484791908e-06, 2.58896452578e-05, 7.1601499485e-07, 2.75637734859e-08, 4.03281923411e-08, 2.04461354514e-08, 4.00692679037e-09, 1.65327029844e-09, 1.60862174275e-11, 2.6978867057e-11, 6.53939749573e-12, 1.0417812446e-12, 1.19480841236e-13, 4.39235118139e-15, 4.58530367212e-17, 6.49917329295e-17, 2.06191394009e-18, 1.16013497457e-18], "dmean": [4.99872669479e-07, 4.98843182868e-05, 0.000105651619378, 0.000107372441562, 0.000312565360218, 0.000723358069081, 0.00031791566289, 0.000163407588843, 0.000402470934205, 0.000323409418343, 0.000468532321975, 0.000100093944639, 2.22573071369e-05, 2.1371177354e-05, 1.359788439e-05, 7.57083353164e-06, 7.78596222517e-06, 8.05359832157e-07, 7.47916715227e-07, 2.3397814175e-07, 1.06126371691e-07, 3.98239592414e-08, 7.37084571156e-09, 1.70738756466e-09, 1.3893788342e-09, 7.59462548405e-10, 5.25998855583e-10], "max": [3.35758413712e-05, 0.00466987770051, 0.0235163085163, 0.0235176570714, 0.0446016602218, 0.0880742967129, 0.0285774637014, 0.0166614707559, 0.0744364410639, 0.0725484341383, 0.247654646635, 0.0409291833639, 0.00977743789554, 0.0111652128398, 0.00946020521224, 0.00330820819363, 0.00145058659837, 0.000135903232149, 0.000297001883155, 0.000151220883708, 4.34585454059e-05, 1.47392129293e-05, 2.82956989395e-06, 3.19790018466e-07, 4.14053431541e-07, 2.94265039003e-08, 1.37252698096e-08], "var": [7.68173068558e-13, 2.7077156517e-08, 1.40162205753e-06, 6.53022709685e-07, 5.39163420399e-06, 7.41011535865e-05, 1.54970057338e-05, 9.31485431011e-07, 5.092884021e-05, 1.72759355337e-05, 5.04378367623e-05, 1.7243187358e-06, 1.32611845061e-07, 4.06890698912e-08, 2.83696230952e-08, 5.4267936811e-09, 3.72666875137e-09, 5.76719505485e-11, 5.12180471646e-11, 1.67389192784e-11, 1.62677380247e-12, 2.01556178974e-13, 5.47042210589e-15, 6.53425832407e-17, 4.70175879097e-17, 2.57160154044e-18, 1.01784750151e-18], "mean": [5.66880373754e-07, 6.31512230029e-05, 0.000248732307227, 0.000270156771876, 0.0011249812087, 0.00500051956624, 0.00228103203699, 0.000433379958849, 0.00256971246563, 0.00107053981628, 0.0