{"tonal": {"thpcp": [1, 0.722749471664, 0.353697687387, 0.210174322128, 0.215493738651, 0.388003855944, 0.576972067356, 0.435365766287, 0.181989938021, 0.114974863827, 0.15984365344, 0.300334662199, 0.424413383007, 0.362610429525, 0.275944948196, 0.310196518898, 0.288528680801, 0.177279025316, 0.116140551865, 0.127520918846, 0.216958776116, 0.328551888466, 0.276811778545, 0.161129206419, 0.172481805086, 0.274329811335, 0.518582224846, 0.783770561218, 0.690308868885, 0.497678458691, 0.459781438112, 0.371249228716, 0.268654376268, 0.272116929293, 0.428054839373, 0.786620974541], "hpcp": {"dmean2": [0.202023759484, 0.189740255475, 0.153027266264, 0.157238423824, 0.206359654665, 0.279069066048, 0.302799642086, 0.227241754532, 0.138628989458, 0.0993959903717, 0.0975087210536, 0.13626883924, 0.138920277357, 0.139694899321, 0.0931257456541, 0.0698877424002, 0.0849635228515, 0.130923435092, 0.143383145332, 0.134667605162, 0.114997521043, 0.113201014698, 0.104831449687, 0.0889671742916, 0.0726269856095, 0.0771416500211, 0.0959502086043, 0.0867290347815, 0.0991764143109, 0.085530243814, 0.0979277342558, 0.133289679885, 0.170735940337, 0.211928471923, 0.202611804008, 0.209529459476], "median": [0.00118149444461, 0.00103530136403, 0.00106742396019, 0.0013407994993, 0.00257144425996, 0.0116612007841, 0.0185957625508, 0.00885777641088, 0.00265900278464, 0.00126208015718, 0.00112613523379, 0.00176403601654, 0.00274898344651, 0.00257510482334, 0.00159769249149, 0.0010367288487, 0.00121602718718, 0.00233482243493, 0.00353184668347, 0.00247032567859, 0.00133271072991, 0.000686249346472, 0.000635516073089, 0.000930880196393, 0.00117768673226, 0.00121601554565, 0.00124051107559, 0.00125631690025, 0.00121003086679, 0.00108603737317, 0.000992714893073, 0.00161304837093, 0.00530183129013, 0.0103201093152, 0.00875850114971, 0.00318608013913], "min": [0, 0, 0, 0, 0, 0, 0, 0, 0, 0, 0, 0, 0, 0, 0, 0, 0, 0, 0, 0, 0, 0, 0, 0, 0, 0, 0, 0, 0, 0, 0, 0, 0, 0, 0, 0], "dvar2": [0.150778546929, 0.150441735983, 0.118715427816, 0.114561714232, 0.136920958757, 0.157725304365, 0.175999388099, 0.120769567788, 0.0828897878528, 0.0606407374144, 0.0587514080107, 0.0926052555442, 0.0878385230899, 0.0891646668315, 0.0536170713603, 0.0485287755728, 0.0538527071476, 0.0961520895362, 0.0995049551129, 0.0911385044456, 0.0788640230894, 0.0895622819662, 0.0795609802008, 0.0694894120097, 0.0551624335349, 0.0553372912109, 0.0757368579507, 0.058517832309, 0.0781861320138, 0.0640885606408, 0.0743379592896, 0.0958993211389, 0.109118454158, 0.14448197186, 0.11622428149, 0.134066089988], "dvar": [0.059173040092, 0.0536273904145, 0.0430722795427, 0.0412405021489, 0.0510088466108, 0.0654926300049, 0.074906475842, 0.0473976656795, 0.0330942869186, 0.0224621798843, 0.0219765324146, 0.0349226668477, 0.0350405722857, 0.0354074053466, 0.0201155785471, 0.0174822192639, 0.0199295859784, 0.0354684218764, 0.0376883894205, 0.034452650696, 0.0292486455292, 0.0344637930393, 0.0302451793104, 0.0261637028307, 0.0197502411902, 0.0197458136827, 0.0277619063854, 0.0232445094734, 0.0291763730347, 0.0225982517004, 0.0269779115915, 0.0351160950959, 0.0414452664554, 0.0535722188652, 0.045769829303, 0.0551153160632], "dmean": [0.11216430366, 0.102495111525, 0.0824352875352, 0.0849744006991, 0.116126179695, 0.163091957569, 0.177649363875, 0.132383733988, 0.0803902074695, 0.055533837527, 0.0546136498451, 0.0785349085927, 0.0807188078761, 0.0815381631255, 0.052440315485, 0.0376668870449, 0.0469478257, 0.0724526494741, 0.0804726779461, 0.0759029611945, 0.0652016699314, 0.0636674538255, 0.0587843731046, 0.049125790596, 0.039240848273, 0.0415477529168, 0.0534961894155, 0.0506612844765, 0.0558842271566, 0.0471668355167, 0.0532606840134, 0.0735927000642, 0.0976706817746, 0.118640571833, 0.117002345622, 0.119995012879], "max": [1, 1, 1, 1, 1, 1, 1, 1, 1, 1, 1, 1, 1, 1, 1, 1, 1, 1, 1, 1, 1, 1, 1, 1, 1, 1, 1, 1, 1, 1, 1, 1, 1, 1, 1, 1], "var": [0.0656681507826, 0.0520357452333, 0.0343653783202, 0.0328222028911, 0.0505130328238, 0.0891221985221, 0.121070370078, 0.0802519097924, 0.0420593619347, 0.0235511809587, 0.0245748087764, 0.0504635721445, 0.081588678062, 0.0546709895134, 0.0173776950687, 0.0125058572739, 0.0168183147907, 0.038276553154, 0.0556342490017, 0.0459731779993, 0.032702062279, 0.0471241287887, 0.0424911156297, 0.0237494930625, 0.0130270188674, 0.0140667865053, 0.0288382079452, 0.0481225922704, 0.0389501266181, 0.0182329360396, 0.0208961907774, 0.0331134870648, 0.0626548230648, 0.0998331084847, 0.0829316154122, 0.0633340030909], "mean": [0.105033367872, 0.0848089009523, 0.0613719336689, 0.0621629208326, 0.0977856814861, 0.179697230458, 0.228441953659, 0.165106296539, 0.0807993933558, 0.0480126328766, 0.0492278113961, 0.0886363610625, 0.13180463016, 0.0994558036327, 0.0415741354227, 0.0262650828809, 0.0365149974823, 0.0686090365052, 0.0969538241625, 0.0828354358673, 0.0630374029279, 0.0708618983626, 0.065912052989, 0.0404979661107, 0.026531374082, 0.0291311275214, 0.0495624877512, 0.0750550329685, 0.063235424459, 0.0368086695671, 0.0394020788372, 0.0626684352756, 0.118465937674, 0.179046079516, 0.157695502043, 0.113690637052]}, "tuning_equal_tempered_deviation": 0.105365216732, "chords_changes_rate": 0.08017103374, "key_key": "E", "tuning_diatonic_strength": 0.524624049664, "key_scale": "major", "chords_number_rate": 0.00561197241768, "tuning_frequency": 431.193908691, "tuning_nontempered_energy_ratio": 0.841247439384, "chords_histogram": [7.00160360336, 24.5590591431, 8.71191883087, 1.68359160423, 1.41635489464, 1.38963127136, 3.20684123039, 0.694815635681, 3.98182797432, 3.23356485367, 0.774986624718, 4.0085515976, 2.19134163857, 3.15339398384, 2.21806526184, 1.57669699192, 1.14911806583, 1.36290752888, 9.13949775696, 1.97755205631, 0.90860503912, 5.8524851799, 3.6076965332, 6.19989299774], "key_strength": 0.682604312897, "chords_key": "G#", "chords_strength": {"dmean2": 0.0133227789775, "median": 0.531977474689, "min": -1, "dvar2": 0.00116445624735, "dvar": 0.000636514567304, "dmean": 0.0134231764823, "max": 0.811873376369, "var": 0.0197180416435, "mean": 0.524354994297}, "chords_scale": "minor", "hpcp_entropy": {"dmean2": 0.976502716541, "median": 1.34489822388, "min": 0, "dvar2": 0.645351052284, "dvar": 0.260642409325, "dmean": 0.578473508358, "max": 4.60760831833, "var": 0.758185625076, "mean": 1.37982785702}}, "metadata": {"audio_properties": {"equal_loudness": 0, "codec": "vorbis", "downmix": "mix", "sample_rate": 44100, "analysis_sample_rate": 44100, "bit_rate": 320000, "md5_encoded": "563f5bb6252dd63a1ab6baea1af03831", "length": 173.727340698, "replay_gain": -16.0463752747, "lossless": false}, "version": {"essentia_build_sha": "cead25079874084f62182a551b7393616cd33d87", "essentia": "2.1-beta2", "extractor": "music 1.0", "essentia_git_sha": "v2.1_beta2-1-ge3940c0"}, "tags": {"title": ["Los lagartos"], "barcode": ["680899501729"], "media": ["CD"], "albumartist": ["Susana Baca"], "tracktotal": ["6"], "musicbrainz_releasegroupid": ["e35735e9-e9ef-4857-a658-7c1077558817"], "releasetype": ["ep"], "musicbrainz_recordingid": ["072181b6-b930-4cae-b38a-d7842aa00be7"], "musicbrainz_albumartistid": ["176af481-a5db-4902-84e0-393e7811b8c4"], "originalyear": ["2009"], "musicbrainz_releasetrackid": ["ef74906a-8079-49cf-bb8b-f7b0576e404e"], "discnumber": ["1"], "album": ["Seis poemas"], "catalognumber": ["6 80899 5017-2-9"], "releasecountry": ["US"], "originaldate": ["2009-05-26"], "albumartistsort": ["Baca, Susana"], "date": ["2009-05-26"], "file_name": "05 Susana Baca - Los lagartos.ogg", "disctotal": ["1"], "acoustid_id": ["82f56140-7ce2-4fba-8f78-010aeb64f85f"], "musicbrainz_artistid": ["176af481-a5db-4902-84e0-393e7811b8c4"], "asin": ["B0025X4ON4"], "musicbrainz_albumid": ["3dff61bd-3b72-41b3-b722-95472c3e3444"], "tracknumber": ["5"], "artistsort": ["Baca, Susana"], "artist": ["Susana Baca"], "label": ["Luaka Bop"], "releasestatus": ["official"], "totaldiscs": ["1"], "script": ["Latn"], "totaltracks": ["6"]}}, "rhythm": {"bpm_histogram_first_peak_bpm": {"dmean2": 0, "median": 112, "min": 112, "dvar2": 0, "dvar": 0, "dmean": 0, "max": 112, "var": 0, "mean": 112}, "bpm": 111.405601501, "bpm_histogram_second_peak_spread": {"dmean2": 0, "median": 0.512195110321, "min": 0.512195110321, "dvar2": 0, "dvar": 0, "dmean": 0, "max": 0.512195110321, "var": 0, "mean": 0.512195110321}, "bpm_histogram_first_peak_weight": {"dmean2": 0, "median": 0.233226835728, "min": 0.233226835728, "dvar2": 0, "dvar": 0, "dmean": 0, "max": 0.233226835728, "var": 0, "mean": 0.233226835728}, "onset_rate": 3.75841784477, "beats_position": [0.441179126501, 0.893968224525, 1.34675729275, 1.79954648018, 2.26394557953, 2.71673464775, 3.20435357094, 3.68036270142, 4.15637159348, 4.66721057892, 5.16644001007, 5.66566896439, 6.17650794983, 6.67573690414, 7.17496585846, 7.66258478165, 8.15020370483, 8.64943313599, 9.14866161346, 9.64789104462, 10.1471195221, 10.6463489532, 11.1455783844, 11.6331968307, 12.0743761063, 12.5039453506, 12.9219045639, 13.3514738083, 13.7578229904, 14.1641721725, 14.5705213547, 14.9884805679, 15.3948297501, 15.8011789322, 16.2075271606, 16.6254863739, 17.031835556, 17.4381847382, 17.8445339203, 18.2624931335, 18.6688423157, 19.0751914978, 19.5628108978, 20.062040329, 20.5728797913, 21.0837192535, 21.5829467773, 22.0821762085, 22.5930156708, 23.0922451019, 23.6030826569, 24.102312088, 24.6015415192, 25.1123809814, 25.6116104126, 26.0992279053, 26.6100673676, 27.1092967987, 27.6085262299, 28.1077537537, 28.5605430603, 29.0133323669, 29.4545116425, 29.8840808868, 30.3136501312, 30.7548294067, 31.1843986511, 31.6139678955, 32.0435371399, 32.4731063843, 32.9026756287, 33.332244873, 33.7618141174, 34.2029914856, 34.6441726685, 35.0969619751, 35.5497512817, 35.9793205261, 36.4204978943, 36.8500671387, 37.3725166321, 37.8949661255, 38.4058036804, 38.9979133606, 39.5900230408, 40.1589126587, 40.7277984619, 41.2850799561, 41.8423576355, 42.3996353149, 42.9569168091, 43.5141944885, 44.071472168, 44.6287536621, 45.1976394653, 45.7781410217, 46.347026825, 46.9159164429, 47.4848060608, 48.0420837402, 48.5761451721, 49.1218147278, 49.6790924072, 50.2247619629, 50.7820396423, 51.3393173218, 51.8849868774, 52.4306564331, 52.9879341125, 53.5336036682, 54.0908851624, 54.6365509033, 55.1938323975, 55.7511100769, 56.2967796326, 56.8424491882, 57.3997268677, 57.9337844849, 58.4678459167, 59.0135154724, 59.5475730896, 60.0932426453, 60.6389122009, 61.1845779419, 61.741859436, 62.2991371155, 62.8564147949, 63.4136962891, 63.9477539062, 64.4818115234, 65.0158691406, 65.5499343872, 66.0839920044, 66.6180496216, 67.1521072388, 67.686164856, 68.2202224731, 68.7658920288, 69.3115615845, 69.8456192017, 70.3796844482, 70.902130127, 71.4361877441, 71.9818572998, 72.515914917, 73.0499725342, 73.5840377808, 74.1180953979, 74.6521530151, 75.1978225708, 75.7434921265, 76.2775497437, 76.8116073608, 77.345664978, 77.8913345337, 78.4486160278, 78.9710617065, 79.5051269531, 80.0507888794, 80.5964584351, 81.1305236816, 81.6645812988, 82.198638916, 82.7326965332, 83.2667541504, 83.8124237061, 84.3464813232, 84.8921508789, 85.4378204346, 85.9834899902, 86.5291595459, 87.0632171631, 87.5972747803, 88.1429443359, 88.7002258301, 89.2342834473, 89.7683410645, 90.3023986816, 90.8480682373, 91.3821334839, 91.9161911011, 92.4618606567, 92.9959182739, 93.5415878296, 94.0756454468, 94.609703064, 95.1553726196, 95.6894302368, 96.223487854, 96.7691574097, 97.3148269653, 97.8721084595, 98.4177780151, 98.9634475708, 99.5091171265, 100.054779053, 100.588844299, 101.122901917, 101.645347595, 102.156188965, 102.678634644, 103.21269989, 103.746757507, 104.280815125, 104.814872742, 105.348930359, 105.882987976, 106.417053223, 106.939498901, 107.46194458, 107.996009827, 108.530067444, 109.075737, 109.609794617, 110.132240295, 110.666305542, 111.200363159, 111.722808838, 112.245262146, 112.756095886, 113.266937256, 113.800994873, 114.346664429, 114.903945923, 115.472831726, 116.006889343, 116.54094696, 117.086616516, 117.632286072, 118.201179504, 118.758453369, 119.280906677, 119.814964294, 120.337409973, 120.883079529, 121.405532837, 121.927978516, 122.450431824, 122.972877502, 123.495323181, 124.017776489, 124.528617859, 125.062675476, 125.585121155, 126.107574463, 126.653244019, 127.198905945, 127.7445755, 128.278640747, 128.824310303, 129.35836792, 129.892425537, 130.426483154, 130.960540771, 131.506210327, 132.040267944, 132.574325562, 133.108383179, 133.654052734, 134.188110352, 134.722167969, 135.244628906, 135.767074585, 136.301132202, 136.823577881, 137.34602356, 137.856872559, 138.379318237, 138.901763916, 139.412597656, 140.074371338, 140.73614502, 141.525619507, 142.315093994, 143.10458374, 143.882446289, 144.660308838, 145.449798584, 146.227661133, 147.005523682, 147.783401489, 148.561264038, 149.350738525, 150.15184021, 150.952926636, 151.742401123, 152.520263672, 153.298141479, 154.076004028, 154.853881836, 155.620132446, 156.386398315, 157.152648926, 157.907302856, 158.661941528, 159.416595459, 160.17124939, 160.9375, 161.703765869, 162.470016479, 163.236282349, 164.002532959, 164.768798828, 165.5234375, 166.278091431, 167.0443573, 167.81060791, 168.565261841, 169.331512451, 170.086166382, 170.852416992, 171.607070923, 172.373336792, 173.139587402], "beats_loudness": {"dmean2": 0.026175847277, "median": 0.020685499534, "min": 0, "dvar2": 0.000669558707159, "dvar": 0.000236084713833, "dmean": 0.0151313422248, "max": 0.106830962002, "var": 0.000317478115903, "mean": 0.0240309517831}, "danceability": 1.01536691189, "bpm_histogram_second_peak_weight": {"dmean2": 0, "median": 0.0638977661729, "min": 0.0638977661729, "dvar2": 0, "dvar": 0, "dmean": 0, "max": 0.0638977661729, "var": 0, "mean": 0.0638977661729}, "beats_count": 314, "bpm_histogram_second_peak_bpm": {"dmean2": 0, "median": 120, "min": 120, "dvar2": 0, "dvar": 0, "dmean": 0, "max": 120, "var": 0, "mean": 120}, "bpm_histogram_first_peak_spread": {"dmean2": 0, "median": 0.575581431389, "min": 0.575581431389, "dvar2": 0, "dvar": 0, "dmean": 0, "max": 0.575581431389, "var": 0, "mean": 0.575581431389}, "beats_loudness_band_ratio": {"dmean2": [0.432625979185, 0.317074269056, 0.266807645559, 0.234629064798, 0.0531298555434, 0.0610697641969], "median": [0.442532122135, 0.122189931571, 0.127337038517, 0.0314849615097, 0.00697012525052, 0.00487664621323], "min": [0, 0, 0, 0, 0, 0], "dvar2": [0.153124555945, 0.128094762564, 0.076447121799, 0.0786161273718, 0.00691594695672, 0.0384891666472], "dvar": [0.0667126849294, 0.0464118160307, 0.0312621556222, 0.0310641005635, 0.00275736465119, 0.0135404765606], "dmean": [0.259741872549, 0.183833628893, 0.15743561089, 0.135260894895, 0.0304183866829, 0.0319987758994], "max": [0.999716758728, 0.983909726143, 0.951821446419, 0.753098666668, 0.490092068911, 0.989176332951], "var": [0.126654371619, 0.0578752569854, 0.04833233729, 0.0337130613625, 0.00254226545803, 0.00786351971328], "mean": [0.472538560629, 0.202729687095, 0.199823483825, 0.125411704183, 0.0269751157612, 0.021545978263]}}, "lowlevel": {"barkbands_spread": {"dmean2": 7.24792289734, "median": 6.91031837463, "min": 0.0934173837304, "dvar2": 254.217254639, "dvar": 97.2245407104, "dmean": 4.40112257004, "max": 118.76599884, "var": 160.323806763, "mean": 10.2691822052}, "melbands_spread": {"dmean2": 6.92967224121, "median": 7.57932186127, "min": 0.202219709754, "dvar2": 324.512512207, "dvar": 137.859725952, "dmean": 4.41873693466, "max": 244.370956421, "var": 458.285644531, "mean": 12.6271343231}, "hfc": {"dmean2": 4.51469659805, "median": 6.02318429947, "min": 1.09184446108e-16, "dvar2": 73.3429107666, "dvar": 43.4575843811, "dmean": 3.19420695305, "max": 193.640487671, "var": 266.123748779, "mean": 11.5965471268}, "barkbands_kurtosis": {"dmean2": 49.1994132996, "median": 8.59871292114, "min": -1.94402706623, "dvar2": 20772.9960938, "dvar": 8904.75097656, "dmean": 31.3682804108, "max": 1561.22399902, "var": 32564.0898438, "mean": 65.2894592285}, "gfcc": {"mean": [-127.955657959, 80.9327087402, -77.2638015747, 9.34834766388, -52.281993866, 14.4436502457, -26.8754482269, 8.59891891479, -24.7650089264, 0.133739084005, -13.4191007614, -1.72504937649, -15.0553607941], "icov": [[0.000154602472321, -0.000331954914145, 0.00033896570676, -0.000337930017849, 0.000450207939139, -0.000427057791967, 0.000411485147197, -0.00046585308155, 0.000596920843236, -0.000531650963239, 0.000613047741354, -0.000549995340407, 0.000384855200537], [-0.000331954914145, 0.00165753660258, -0.000978423515335, 0.00124344171491, -0.00106140319258, 0.000961996498518, -0.00087070959853, 0.00129543116782, -0.00163370161317, 0.00181831978261, -0.00199692719616, 0.00199851882644, -0.000754554290324], [0.00033896570676, -0.000978423515335, 0.00178686820436, -0.00142953451723, 0.0010853742715, -0.000807683274616, 0.000352296454366, -0.000599935068749, 0.00143818976358, -0.00108623446431, 0.001293727546, -0.00119879061822, 0.000749796221498], [-0.000337930017849, 0.00124344171491, -0.00142953451723, 0.00290006794967, -0.00230148504488, 0.00177523843013, -0.00084641185822, 0.000601327628829, -0.00120152556337, 0.00189798150677, -0.000665620143991, 0.000449681218015, 0.000210068581509], [0.000450207939139, -0.00106140319258, 0.0010853742715, -0.00230148504488, 0.00463591050357, -0.00324728456326, 0.000577653583605, -5.89203591517e-05, -0.000703641097061, -0.000774616841227, 0.00192396715283, -0.000950835586991, 0.000821897527203], [-0.000427057791967, 0.000961996498518, -0.000807683274616, 0.00177523843013, -0.00324728456326, 0.00660047866404, -0.00378687283956, 0.00127320049796, 0.000126023311168, -0.000278528983472, -0.000360172824003, 0.00109866680577, 0.000170786559465], [0.000411485147197, -0.00087070959853, 0.000352296454366, -0.00084641185822, 0.000577653583605, -0.00378687283956, 0.0065499888733, -0.00390263949521, 0.00228399736807, -0.000776734377723, -0.0002630019153, 0.000687534338795, -0.000124259066069], [-0.00046585308155, 0.00129543116782, -0.000599935068749, 0.000601327628829, -5.89203591517e-05, 0.00127320049796, -0.00390263949521, 0.0089753633365, -0.00415320461616, 0.001383768511, -0.000815954350401, -0.000200581227546, -0.00109543756116], [0.000596920843236, -0.00163370161317, 0.00143818976358, -0.00120152556337, -0.000703641097061, 0.000126023311168, 0.00228399736807, -0.00415320461616, 0.00913059618324, -0.00474664289504, 0.00274453731254, -0.00271791336127, 0.00261513656005], [-0.000531650963239, 0.00181831978261, -0.00108623446431, 0.00189798150677, -0.000774616841227, -0.000278528983472, -0.000776734377723, 0.001383768511, -0.00474664289504, 0.00965049955994, -0.00511558260769, 0.00253093848005, -0.000796238076873], [0.000613047741354, -0.00199692719616, 0.001293727546, -0.000665620143991, 0.00192396715283, -0.000360172824003, -0.0002630019153, -0.000815954350401, 0.00274453731254, -0.00511558260769, 0.0111443800852, -0.0073254420422, 0.00305408681743], [-0.000549995340407, 0.00199851882644, -0.00119879061822, 0.000449681218015, -0.000950835586991, 0.00109866680577, 0.000687534338795, -0.000200581227546, -0.00271791336127, 0.00253093848005, -0.0073254420422, 0.0127647416666, -0.0058849924244], [0.000384855200537, -0.000754554290324, 0.000749796221498, 0.000210068581509, 0.000821897527203, 0.000170786559465, -0.000124259066069, -0.00109543756116, 0.00261513656005, -0.000796238076873, 0.00305408681743, -0.0058849924244, 0.0103324595839]], "cov": [[31742.3125, 716.999511719, -3711.68554688, -1979.12194824, -3117.52587891, -435.80368042, -1374.43554688, 412.547546387, -858.093811035, 634.825744629, 137.353027344, 662.526489258, 64.8839111328], [716.999511719, 1608.12512207, 221.498657227, -384.374603271, 8.38642978668, 41.6991233826, 69.2552871704, -128.850494385, -11.4072704315, -67.0768280029, 66.6470794678, -169.230911255, -50.0809898376], [-3711.68554688, 221.498657227, 1631.64343262, 784.164855957, 467.154693604, 106.248390198, 240.294937134, -73.0356369019, -8.39129543304, -188.756759644, -122.942466736, -125.090103149, -71.0197525024], [-1979.12194824, -384.374603271, 784.164855957, 1386.56994629, 729.94921875, 72.0208740234, 124.217979431, 11.9218950272, 123.895629883, -202.734741211, -231.55809021, -80.3805160522, -120.263023376], [-3117.52587891, 8.38642978668, 467.154693604, 729.94921875, 1094.52648926, 399.638641357, 314.183227539, -22.9696044922, 205.845062256, -98.9310073853, -199.178649902, -203.552536011, -141.121398926], [-435.80368042, 41.6991233826, 106.248390198, 72.0208740234, 399.638641357, 507.180877686, 318.934082031, 20.0862197876, -1.1161390543, 23.4431838989, -74.6299209595, -130.600997925, -74.3415298462], [-1374.43554688, 69.2552871704, 240.294937134, 124.217979431, 314.183227539, 318.934082031, 462.036743164, 75.9013977051, -3.01819443703, -16.6077423096, -29.5606536865, -109.962348938, -34.7803993225], [412.547546387, -128.850494385, -73.0356369019, 11.9218950272, -22.9696044922, 20.0862197876, 75.9013977051, 200.937561035, 58.4163894653, 37.5503692627, 13.4115438461, 45.4559783936, 14.0272626877], [-858.093811035, -11.4072704315, -8.39129543304, 123.895629883, 205.845062256, -1.1161390543, -3.01819443703, 58.4163894653, 272.215759277, 66.3741226196, -3.07484984398, -1.37189292908, -44.6351928711], [634.825744629, -67.0768280029, -188.756759644, -202.734741211, -98.9310073853, 23.4431838989, -16.6077423096, 37.5503692627, 66.3741226196, 231.29359436, 103.840667725, 45.8390235901, -3.02181148529], [137.353027344, 66.6470794678, -122.942466736, -231.55809021, -199.178649902, -74.6299209595, -29.5606536865, 13.4115438461, -3.07484984398, 103.840667725, 245.38861084, 122.328521729, 37.4459342957], [662.526489258, -169.230911255, -125.090103149, -80.3805160522, -203.552536011, -130.600997925, -109.962348938, 45.4559783936, -1.37189292908, 45.8390235901, 122.328521729, 231.970779419, 95.3666687012], [64.8839111328, -50.0809898376, -71.0197525024, -120.263023376, -141.121398926, -74.3415298462, -34.7803993225, 14.0272626877, -44.6351928711, -3.02181148529, 37.4459342957, 95.3666687012, 166.143615723]]}, "spectral_energyband_middle_low": {"dmean2": 0.00403159018606, "median": 0.00557457888499, "min": 1.98433101325e-22, "dvar2": 5.10813442816e-05, "dvar": 2.91462765745e-05, "dmean": 0.00285206316039, "max": 0.117825590074, "var": 0.000194412685232, "mean": 0.0105158677325}, "melbands_crest": {"dmean2": 4.77637767792, "median": 19.2767372131, "min": 1.60612761974, "dvar2": 21.3722839355, "dvar": 8.8648815155, "dmean": 3.06578087807, "max": 34.7761268616, "var": 43.5712127686, "mean": 19.4663619995}, "spectral_kurtosis": {"dmean2": 4.16738414764, "median": 6.61824417114, "min": -1.28251552582, "dvar2": 27.7608280182, "dvar": 12.558265686, "dmean": 2.62983012199, "max": 76.7015075684, "var": 57.2457885742, "mean": 8.57161903381}, "spectral_rms": {"dmean2": 0.000887319212779, "median": 0.00379483937286, "min": 3.15894901383e-12, "dvar2": 1.10002406473e-06, "dvar": 5.2918937854e-07, "dmean": 0.000601581938099, "max": 0.0108757689595, "var": 4.51848700322e-06, "mean": 0.00381362228654}, "zerocrossingrate": {"dmean2": 0.00899805594236, "median": 0.029296875, "min": 0.00341796875, "dvar2": 0.000186668214155, "dvar": 0.000176897650817, "dmean": 0.0072995503433, "max": 0.6044921875, "var": 0.00362360500731, "mean": 0.0400464348495}, "silence_rate_60dB": {"dmean2": 0.0834113061428, "median": 0, "min": 0, "dvar2": 0.0847426578403, "dvar": 0.039961591363, "dmean": 0.0417000800371, "max": 1, "var": 0.146574035287, "mean": 0.178404375911}, "erbbands_kurtosis": {"dmean2": 7.97740221024, "median": 3.42252159119, "min": -1.86043119431, "dvar2": 428.708740234, "dvar": 211.05039978, "dmean": 5.25463342667, "max": 419.300506592, "var": 979.024047852, "mean": 10.7832012177}, "erbbands": {"dmean2": [0.0227384325117, 0.476124584675, 3.539675951, 3.34708738327, 1.29520201683, 1.8241443634, 9.30680561066, 13.9996547699, 15.5096387863, 6.61249876022, 16.3113174438, 21.2637081146, 24.8316020966, 18.9417552948, 20.3579006195, 17.3327007294, 5.17996931076, 7.33933925629, 5.75036048889, 2.45152425766, 3.24485182762, 3.44589018822, 3.77378821373, 3.62781095505, 1.64692008495, 1.60021424294, 2.26928520203, 1.87273645401, 1.64108014107, 1.81195533276, 1.18337571621, 0.808372855186, 0.524568498135, 0.41104015708, 0.306958049536, 0.201879411936, 0.0777851492167, 0.0138334194198, 0.00129824213218, 7.36238143872e-05], "median": [0.00181863189209, 0.0799415409565, 1.25158333778, 1.19450926781, 0.190233007073, 0.142331987619, 0.805368840694, 4.55366277695, 2.12083411217, 1.32663798332, 1.15681767464, 1.77483701706, 3.05047535896, 2.02933549881, 1.75501155853, 2.05051445961, 0.903330862522, 1.05741357803, 0.813052475452, 0.512847483158, 0.378340184689, 0.295859128237, 0.358002513647, 0.539739608765, 0.3404687047, 0.211043804884, 0.332484155893, 0.20274721086, 0.141080245376, 0.117534041405, 0.185590490699, 0.171546176076, 0.0933763533831, 0.0641783177853, 0.0409676469862, 0.0193239096552, 0.00808725878596, 0.00139890075661, 0.000136050672154, 2.80250587821e-05], "min": [9.0999150696e-23, 8.33027371903e-22, 2.43814757114e-21, 6.23132805726e-21, 2.95602782354e-20, 4.68804676788e-20, 9.30002199997e-20, 1.46456566753e-19, 2.21830737584e-19, 1.54685501658e-19, 3.14026091461e-19, 4.9427371002e-19, 4.43032714506e-19, 1.29425073037e-18, 1.16101447436e-18, 1.65656979734e-18, 2.18377749666e-18, 2.65229652471e-18, 3.40303241378e-18, 3.83444908264e-18, 2.31792323775e-18, 3.60182893719e-18, 6.25951144166e-18, 5.43411919359e-18, 7.84244479369e-18, 7.69318170652e-18, 1.04719857866e-17, 1.20769055993e-17, 1.29416319398e-17, 1.33904560043e-17, 1.3352102948e-17, 1.18724141441e-17, 1.17328679476e-17, 8.73087978497e-18, 6.4350114571e-18, 5.11236371969e-18, 2.45429326751e-18, 9.77319683996e-19, 2.53898306885e-19, 2.59542909837e-20], "dvar2": [0.00490914750844, 1.0168132782, 38.2481536865, 54.7899093628, 15.9486885071, 25.2280769348, 743.726623535, 1675.20166016, 2921.45874023, 1005.41687012, 5648.0546875, 6602.56738281, 5939.96826172, 7563.28955078, 7207.82470703, 10727.7294922, 753.28894043, 950.032592773, 312.874511719, 116.627098083, 228.17401123, 209.053390503, 235.444625854, 133.876541138, 65.3067092896, 29.1598358154, 62.4934387207, 101.466567993, 116.03263855, 256.575927734, 29.3684768677, 8.10371398926, 4.21107578278, 2.28452396393, 1.40548503399, 0.714606583118, 0.0935587510467, 0.00314032216556, 2.94949277304e-05, 9.95381483904e-08], "dvar": [0.00197634682991, 0.437597215176, 14.6584863663, 18.9343547821, 7.24256753922, 15.1365747452, 475.88671875, 884.04510498, 1915.47338867, 577.613464355, 3154.50415039, 3330.66577148, 3193.19116211, 4875.7578125, 5369.734375, 5587.40332031, 369.97857666, 474.269012451, 179.590881348, 55.2034187317, 102.656326294, 105.510894775, 134.275772095, 64.5457458496, 26.8169841766, 11.865778923, 29.1858062744, 45.497089386, 62.2319259644, 139.713592529, 15.3912887573, 4.38570022583, 2.95729064941, 1.12104713917, 0.694397985935, 0.339266210794, 0.040935896337, 0.00116565730423, 1.04488099169e-05, 3.42277886034e-08], "dmean": [0.0137193929404, 0.291450709105, 2.2088201046, 2.0348546505, 0.798765778542, 1.33046329021, 7.09088993073, 9.88457107544, 11.8003063202, 4.96992874146, 12.1604204178, 15.4263877869, 17.7070732117, 14.5036535263, 17.1296405792, 12.7245512009, 3.67964291573, 5.28441143036, 4.11691904068, 1.6665122509, 2.12023711205, 2.30614900589, 2.68402671814, 2.4147977829, 1.01207113266, 0.973683953285, 1.45502579212, 1.21128976345, 1.09342229366, 1.2111055851, 0.758763849735, 0.517856240273, 0.342994242907, 0.249814733863, 0.187690168619, 0.120742596686, 0.0451594442129, 0.00777398236096, 0.000713831919711, 4.06138133258e-05], "max": [0.663929641247, 11.3304481506, 46.0676383972, 52.7598838806, 115.398551941, 139.465377808, 728.135498047, 897.677001953, 1316.50280762, 1625.7286377, 2706.78149414, 1600.6373291, 2272.64379883, 3095.90112305, 2569.71704102, 3760.24658203, 781.836975098, 1047.28979492, 573.989562988, 285.166320801, 376.005584717, 401.634918213, 466.49319458, 243.340087891, 364.898498535, 115.273704529, 158.806167603, 425.91015625, 460.096893311, 774.902770996, 216.099563599, 95.4471511841, 113.540016174, 57.5893630981, 38.1900405884, 22.7597446442, 8.64695358276, 1.07946527004, 0.061200670898, 0.00367952161469], "var": [0.00202299840748, 0.623773694038, 27.272562027, 27.167678833, 47.9251098633, 132.810134888, 3373.83837891, 4055.48217773, 11341.8916016, 2531.41992188, 17690.296875, 11543.6210938, 14908.0039062, 22909.6757812, 32022.8984375, 21592.5253906, 800.891174316, 1403.59057617, 710.21270752, 107.940383911, 186.339187622, 316.091888428, 548.003601074, 202.72479248, 34.2774238586, 21.191696167, 66.3678207397, 81.0630950928, 136.231460571, 324.081176758, 44.7652702332, 11.5584192276, 8.89178085327, 2.6208922863, 1.59575390816, 0.702766895294, 0.0623848736286, 0.00105040555354, 7.70990482124e-06, 2.20712923493e-08], "mean": [0.0142903998494, 0.38011303544, 3.59191203117, 3.26110363007, 1.88045608997, 4.46752548218, 22.4312438965, 28.5269317627, 34.1576004028, 12.9200429916, 29.9129734039, 35.5162887573, 48.8569984436, 37.2291641235, 43.6963005066, 29.0438156128, 7.70744037628, 11.7177610397, 9.51746368408, 3.13664221764, 3.19147539139, 4.44244146347, 5.5959944725, 4.73932361603, 1.63136231899, 1.32277393341, 2.30648565292, 1.73137116432, 1.47548222542, 1.58994591236, 1.19551956654, 0.841250479221, 0.51622736454, 0.347472280264, 0.250277131796, 0.137130692601, 0.049460221082, 0.00768932607025, 0.000678308017086, 5.52859419258e-05]}, "spectral_strongpeak": {"dmean2": 0.703592717648, "median": 0.642879962921, "min": 0, "dvar2": 1.18654024601, "dvar": 0.545573711395, "dmean": 0.440967559814, "max": 13.2693099976, "var": 2.65933561325, "mean": 1.32712483406}, "spectral_energy": {"dmean2": 0.00788526050746, "median": 0.0147608267143, "min": 1.02284332021e-20, "dvar2": 0.000110571061668, "dvar": 5.27775664523e-05, "dmean": 0.00527257099748, "max": 0.121239408851, "var": 0.000348774512531, "mean": 0.0195387657732}, "average_loudness": 0.719958126545, "spectral_rolloff": {"dmean2": 494.934295654, "median": 538.330078125, "min": 64.599609375, "dvar2": 2593698, "dvar": 1018891.75, "dmean": 276.0859375, "max": 20284.2773438, "var": 4999677.5, "mean": 996.468078613}, "spectral_centroid": {"dmean2": 270.287414551, "median": 576.817138672, "min": 102.078796387, "dvar2": 310328.40625, "dvar": 137784.859375, "dmean": 173.358047485, "max": 11581.5068359, "var": 848311.625, "mean": 776.812561035}, "pitch_salience": {"dmean2": 0.109326146543, "median": 0.412550121546, "min": 0.0224593970925, "dvar2": 0.0150306122378, "dvar": 0.00628251954913, "dmean": 0.0695278719068, "max": 0.93410462141, "var": 0.0329897627234, "mean": 0.394390434027}, "spectral_energyband_middle_high": {"dmean2": 0.00153786852024, "median": 0.000762495270465, "min": 1.27765022926e-21, "dvar2": 1.56668884301e-05, "dvar": 1.04030914372e-05, "dmean": 0.00118175824173, "max": 0.0936678126454, "var": 8.09544508229e-05, "mean": 0.00404516467825}, "spectral_contrast_coeffs": {"dmean2": [0.0849548578262, 0.0775458291173, 0.0628763213754, 0.0510133244097, 0.0357868075371, 0.028324380517], "median": [-0.540140867233, -0.538469135761, -0.687487959862, -0.767288446426, -0.817543208599, -0.817559540272], "min": [-0.976849019527, -0.980629265308, -0.982252061367, -0.98060798645, -0.966256260872, -0.964507102966], "dvar2": [0.00505033601075, 0.0053146276623, 0.00286767422222, 0.00200050813146, 0.00102209264878, 0.000718979281373], "dvar": [0.00201062788256, 0.00236097420566, 0.00131240463816, 0.000818104716018, 0.000467311881948, 0.000288173992885], "dmean": [0.0524816811085, 0.0486121065915, 0.0402227081358, 0.0318095311522, 0.0223907101899, 0.0174532271922], "max": [-0.187491670251, -0.229775235057, -0.351680278778, -0.468195647001, -0.529376327991, -0.625804066658], "var": [0.0134814940393, 0.0296283736825, 0.0167710427195, 0.00791257806122, 0.00448943115771, 0.00177860015538], "mean": [-0.555488705635, -0.588594675064, -0.69001275301, -0.759172558784, -0.805342495441, -0.815367758274]}, "melbands_skewness": {"dmean2": 1.89188313484, "median": 2.28476500511, "min": -5.3493065834, "dvar2": 7.31102323532, "dvar": 3.06048727036, "dmean": 1.23629331589, "max": 21.7663955688, "var": 15.2241973877, "mean": 3.6128885746}, "spectral_spread": {"dmean2": 1304308.5, "median": 5035150.5, "min": 1410630.75, "dvar2": 2876049195010.0, "dvar": 1131980390400.0, "dmean": 799867.0625, "max": 42806152, "var": 7019968331780.0, "mean": 5323539.5}, "dissonance": {"dmean2": 0.0590588524938, "median": 0.399681866169, "min": 0.103934280574, "dvar2": 0.00332776107825, "dvar": 0.00127168453764, "dmean": 0.0359145849943, "max": 0.499999523163, "var": 0.0052479035221, "mean": 0.392839193344}, "spectral_skewness": {"dmean2": 0.534384071827, "median": 2.24081993103, "min": -0.0573747716844, "dvar2": 0.340105712414, "dvar": 0.14949823916, "dmean": 0.341199815273, "max": 7.69218444824, "var": 0.827544033527, "mean": 2.33458042145}, "spectral_flux": {"dmean2": 0.0378687493503, "median": 0.0410716943443, "min": 6.49334475078e-11, "dvar2": 0.00179985398427, "dvar": 0.000719797506463, "dmean": 0.0234154444188, "max": 0.262355625629, "var": 0.00157472712453, "mean": 0.0507981516421}, "spectral_contrast_valleys": {"dmean2": [0.991589307785, 0.826797306538, 0.665497004986, 0.633239805698, 0.633013784885, 0.611550688744], "median": [-9.25848007202, -8.85485839844, -8.94306278229, -9.39858722687, -9.12833118439, -10.8363656998], "min": [-28.1903839111, -27.7387104034, -27.6057796478, -27.7445831299, -27.412946701, -27.3784751892], "dvar2": [0.837737262249, 0.669704854488, 0.447671920061, 0.516614735126, 0.622159779072, 0.668504655361], "dvar": [0.333484947681, 0.255962699652, 0.184786230326, 0.207013979554, 0.256179273129, 0.282299399376], "dmean": [0.586249947548, 0.495321512222, 0.405542641878, 0.389409333467, 0.400268346071, 0.393548160791], "max": [-6.08908891678, -5.4932923317, -5.13503503799, -6.53960132599, -6.31246614456, -7.42597150803], "var": [3.386292696, 3.56176137924, 3.7520468235, 3.53733682632, 3.46624875069, 3.36270642281], "mean": [-9.42226886749, -9.14244556427, -9.30615997314, -9.75958824158, -9.44841003418, -11.2584762573]}, "erbbands_flatness_db": {"dmean2": 0.0425486154854, "median": 0.216578066349, "min": 0.043662596494, "dvar2": 0.00230035092682, "dvar": 0.000968771404587, "dmean": 0.0274682343006, "max": 0.442991614342, "var": 0.00437565008178, "mean": 0.216622084379}, "spectral_energyband_high": {"dmean2": 0.00024226878304, "median": 5.3171912441e-05, "min": 7.11604982507e-21, "dvar2": 6.65914853926e-07, "dvar": 4.18774192212e-07, "dmean": 0.000160501833307, "max": 0.0247979946434, "var": 1.30861201342e-06, "mean": 0.000258202722762}, "spectral_entropy": {"dmean2": 0.549988210201, "median": 6.50986385345, "min": 3.00768470764, "dvar2": 0.457489401102, "dvar": 0.191751629114, "dmean": 0.354914575815, "max": 9.82022380829, "var": 0.894173324108, "mean": 6.50305986404}, "silence_rate_20dB": {"dmean2": 0, "median": 1, "min": 1, "dvar2": 0, "dvar": 0, "dmean": 0, "max": 1, "var": 0, "mean": 1}, "melbands_flatness_db": {"dmean2": 0.0579524189234, "median": 0.331866800785, "min": 0.00304272258654, "dvar2": 0.00510654971004, "dvar": 0.00208005309105, "dmean": 0.0373369678855, "max": 0.776048481464, "var": 0.0131226088852, "mean": 0.34047332406}, "barkbands": {"dmean2": [1.65889832715e-05, 0.00159364519641, 0.00369092798792, 0.000634731142782, 0.000628312525805, 0.00173200236168, 0.000837187923025, 0.000577668426558, 0.00106507283635, 0.000780244939961, 0.000514576560818, 0.000544130278286, 0.000110521636088, 0.000179968439625, 5.86246605963e-05, 5.33808815817e-05, 6.72268943163e-05, 8.07850519777e-05, 4.96063257742e-05, 3.48526264133e-05, 5.15822976013e-05, 5.12054211868e-05, 4.53459724667e-05, 3.34000797011e-05, 3.88787848351e-05, 4.3111092964e-05, 8.0491290646e-06], "median": [1.50390519593e-06, 0.000121868186397, 0.00137030030601, 8.12810030766e-05, 1.78661321115e-05, 0.000440262927441, 1.83849188033e-05, 9.16349381441e-06, 1.97943754756e-05, 4.15672257077e-05, 1.10788405436e-05, 3.59728983312e-05, 8.06129173725e-06, 1.92083862203e-05, 3.92620813727e-06, 6.47289652989e-06, 4.68721464131e-06, 6.09210746916e-06, 9.09197024157e-06, 3.91866888094e-06, 7.14640327715e-06, 3.51507492269e-06, 6.0176257648e-06, 6.77644493408e-06, 6.07086076343e-06, 4.41559404862e-06, 7.89483465269e-07], "min": [1.11764047975e-24, 2.50666686028e-24, 1.35238112907e-24, 3.25629317673e-24, 1.85835071555e-23, 1.63201800214e-23, 1.19979803561e-23, 9.47406327725e-24, 2.40472382489e-23, 1.57611663627e-23, 2.15851654983e-23, 3.17463029582e-23, 4.09427361062e-23, 3.60514450841e-23, 6.25059050071e-23, 4.78972486496e-23, 4.56849986815e-23, 1.38913735353e-22, 1.28646792713e-22, 1.29454005678e-22, 2.74702117395e-22, 3.26908603937e-22, 4.6599717611e-22, 5.8393493591e-22, 9.38221935749e-22, 1.29628128106e-21, 2.03491762126e-21], "dvar2": [1.50419721123e-09, 1.43950710481e-05, 4.45450787083e-05, 3.13438454214e-06, 2.62217508862e-06, 2.23664064833e-05, 1.0855108485e-05, 7.18094997865e-06, 1.60437666636e-05, 7.68591962697e-06, 5.77915579925e-06, 8.04055889603e-06, 5.32780575213e-07, 3.50372545199e-07, 6.80867771052e-08, 5.84907944301e-08, 8.28049309121e-08, 9.0339192127e-08, 2.73576468146e-08, 1.39458276038e-08, 4.95052745464e-08, 1.20423706562e-07, 9.19245977116e-08, 1.51381716051e-08, 2.06148182968e-08, 2.8572287647e-08, 1.07072983813e-09], "dvar": [5.85562931477e-10, 6.23463938609e-06, 1.68610240507e-05, 1.05483422885e-06, 1.58141665452e-06, 1.21771463455e-05, 6.87381134412e-06, 4.11235532738e-06, 8.17097952677e-06, 4.13217139794e-06, 4.11102973885e-06, 4.54779728898e-06, 2.66529752935e-07, 1.82281567618e-07, 3.77531677032e-08, 2.56236436513e-08, 3.83220850608e-08, 5.05940036533e-08, 1.24057928375e-08, 5.76529135543e-09, 2.26450662666e-08, 6.71512196959e-08, 3.98390085365e-08, 9.71439817476e-09, 1.02545323344e-08, 1.29948176664e-08, 3.74500236378e-10], "dmean": [9.67109826888e-06, 0.000976831768639, 0.00230963015929, 0.000351914495695, 0.000441709038569, 0.00123836414423, 0.000629534013569, 0.000429766194429, 0.00075667607598, 0.00053940032376, 0.000412750348914, 0.000416153343394, 7.65298827901e-05, 0.000124634301756, 4.15628564951e-05, 3.47035929735e-05, 4.34511130152e-05, 5.60216612939e-05, 3.16068872053e-05, 2.13613384403e-05, 3.35071963491e-05, 3.43229039572e-05, 2.86822869384e-05, 2.16081680264e-05, 2.37966105487e-05, 2.55414142885e-05, 4.380939572e-06], "max": [0.000453958869912, 0.0432766452432, 0.0511786267161, 0.0164332222193, 0.042195931077, 0.0828434079885, 0.078007362783, 0.0946349948645, 0.0818420723081, 0.0673982799053, 0.0746155083179, 0.0767161771655, 0.0317941866815, 0.0187535211444, 0.00636977888644, 0.00618156418204, 0.00655711721629, 0.00722950464115, 0.00497280573472, 0.0025825377088, 0.00786976143718, 0.0145429139957, 0.0129848811775, 0.00614442070946, 0.00483406195417, 0.00485280808061, 0.00032489062869], "var": [5.90079318741e-10, 8.04617229733e-06, 3.2469873986e-05, 7.72504620272e-07, 1.54111148731e-05, 6.38900673948e-05, 4.07473453379e-05, 1.90052251128e-05, 3.01075815514e-05, 1.75366021722e-05, 2.12544819078e-05, 2.24365867325e-05, 4.79418247323e-07, 7.49444041048e-07, 9.19279870004e-08, 4.32003837147e-08, 9.50171425984e-08, 1.95581520757e-07, 2.85658785515e-08, 1.0978992826e-08, 4.48362769134e-08, 1.63164330047e-07, 8.09476503605e-08, 2.81507279709e-08, 2.42366429148e-08, 2.37510828782e-08, 2.57869531284e-10], "mean": [8.63212062541e-06, 0.00111518334597, 0.0039068297483, 0.000361034763046, 0.00151112058666, 0.0036139106378, 0.00178214290645, 0.00104311842006, 0.00176926248241, 0.00145571166649, 0.00091065291781, 0.00100462243427, 0.000134713511216, 0.000292480399366, 7.39877286833e-05, 5.07311306137e-05, 7.42820266169e-05, 0.000107955711428, 5.49861397303e-05, 2.83269309875e-05, 5.20775065525e-05, 4.46044432465e-05, 4.28055500379e-05, 3.43135834555e-05, 3.30368529831e-05, 2.80993426713e-05, 4.03837111662e-06]}, "erbb