{"metadata": {"tags": {"musicbrainz_recordingid": ["0725e215-cc5f-418d-ac88-b133e586b26a"], "file_name": "2125462.mp3"}, "audio_properties": {"sample_rate": 44100, "downmix": "mix", "lossless": false, "analysis_sample_rate": 44100, "md5_encoded": "3d641c0f7f6e5b96bdd9fa8c19e4c67c", "equal_loudness": 0, "replay_gain": -13.7464256287, "codec": "mp3", "bit_rate": 305623, "length": 298.605712891}, "version": {"extractor": "music 1.0", "essentia_build_sha": "70f2e5ece6736b2c40cc944ad0e695b16b925413", "essentia_git_sha": "v2.1_beta2", "essentia": "2.1-beta2"}}, "rhythm": {"beats_loudness_band_ratio": {"dvar2": [0.0784208104014, 0.0447171106935, 0.0130080441013, 0.0247251298279, 0.00188262970187, 0.00679870275781], "var": [0.0497551374137, 0.0243670474738, 0.00892572570592, 0.0188147202134, 0.000909329508431, 0.00188455113675], "min": [0.00323668611236, 0.000337666337145, 0.00207636156119, 0.000383555918233, 0.000239441680606, 1.71333267645e-05], "dmean": [0.215960845351, 0.149892225862, 0.0612252652645, 0.0745895057917, 0.0264388713986, 0.0458771474659], "mean": [0.601903915405, 0.206639558077, 0.0732633620501, 0.100664690137, 0.0322731137276, 0.0389456674457], "max": [0.990541517735, 0.828150689602, 0.725779592991, 0.705122351646, 0.29523524642, 0.396637231112], "dmean2": [0.388499826193, 0.267762571573, 0.108308583498, 0.130116060376, 0.0488578863442, 0.0902105569839], "median": [0.606630563736, 0.171090006828, 0.0434151291847, 0.0431931912899, 0.0249193869531, 0.0228883475065], "dvar": [0.0279053207487, 0.0155778117478, 0.00567104760557, 0.00950009468943, 0.000606506888289, 0.002036039019]}, "bpm_histogram_first_peak_weight": {"dvar2": 0, "var": 0, "min": 0.568034529686, "dmean": 0, "mean": 0.568034529686, "max": 0.568034529686, "dmean2": 0, "median": 0.568034529686, "dvar": 0}, "bpm": 92.8408889771, "beats_count": 464, "bpm_histogram_first_peak_spread": {"dvar2": 0, "var": 0, "min": 0.40362817049, "dmean": 0, "mean": 0.40362817049, "max": 0.40362817049, "dmean2": 0, "median": 0.40362817049, "dvar": 0}, "danceability": 1.1192535162, "bpm_histogram_first_peak_bpm": {"dvar2": 0, "var": 0, "min": 92, "dmean": 0, "mean": 92, "max": 92, "dmean2": 0, "median": 92, "dvar": 0}, "beats_position": [0.650158703327, 1.3235373497, 1.99691605568, 2.67029476166, 3.32045340538, 3.97061228752, 4.62077093124, 5.27092981339, 5.92108821869, 6.57124710083, 7.22140598297, 7.85995435715, 8.51011276245, 9.16027164459, 9.79882049561, 10.4489793777, 11.0991382599, 11.749297142, 12.387845993, 13.0263938904, 13.6649427414, 14.3151016235, 14.9536504745, 15.6038093567, 16.242357254, 16.8809070587, 17.5194549561, 18.181224823, 18.8429927826, 19.4815406799, 20.1200904846, 20.758638382, 21.4087982178, 22.0473461151, 22.6858959198, 23.3360538483, 23.9862117767, 24.6363716125, 25.2749195099, 25.9134693146, 26.563627243, 27.2137870789, 27.8639450073, 28.4908847809, 29.1410427094, 29.7912006378, 30.4413604736, 31.079908371, 31.7184581757, 32.3686180115, 33.0187759399, 33.6689338684, 34.3074836731, 34.9460296631, 35.5961914062, 36.2347373962, 36.8848991394, 37.5234451294, 38.1736030579, 38.823764801, 39.4739227295, 40.124080658, 40.7626304626, 41.4011802673, 42.0513381958, 42.6898841858, 43.3284339905, 43.9785919189, 44.6287536621, 45.2789115906, 45.929069519, 46.5560073853, 47.2061653137, 47.8563270569, 48.5064849854, 49.1334228516, 49.78358078, 50.4337387085, 51.0839004517, 51.7224464417, 52.3609962463, 53.0111541748, 53.661315918, 54.3114738464, 54.9616317749, 55.6001815796, 56.2387275696, 56.8888893127, 57.5390472412, 58.1775970459, 58.8161430359, 59.4663009644, 60.1164627075, 60.766620636, 61.4051704407, 62.0437164307, 62.6938781738, 63.3324241638, 63.9825820923, 64.621131897, 65.2712936401, 65.9214477539, 66.5716094971, 67.2101593018, 67.8487091064, 68.4988632202, 69.1490249634, 69.7875747681, 70.4261245728, 71.0762786865, 71.7264404297, 72.3649902344, 73.0151443481, 73.6536941528, 74.303855896, 74.9540100098, 75.6041717529, 76.2427215576, 76.8812713623, 77.5314254761, 78.1815872192, 78.831741333, 79.4702911377, 80.1088409424, 80.7590026855, 81.4091567993, 82.047706604, 82.6862564087, 83.3364181519, 83.9865722656, 84.6367340088, 85.2752838135, 85.9254379272, 86.5639877319, 87.2141494751, 87.8643035889, 88.5028533936, 89.1414031982, 89.7915649414, 90.4417190552, 91.0918807983, 91.730430603, 92.3689804077, 93.0191345215, 93.6692962646, 94.3078460693, 94.946395874, 95.5965499878, 96.246711731, 96.8852615356, 97.5238113403, 98.1739654541, 98.8241271973, 99.462677002, 100.112831116, 100.75138092, 101.401542664, 102.051696777, 102.701858521, 103.340408325, 103.97895813, 104.629112244, 105.279273987, 105.917823792, 106.556373596, 107.20652771, 107.856689453, 108.506843567, 109.145393372, 109.783943176, 110.434104919, 111.084259033, 111.734420776, 112.38457489, 113.011520386, 113.6616745, 114.311836243, 114.950386047, 115.588935852, 116.239089966, 116.889251709, 117.539405823, 118.177955627, 118.816505432, 119.466667175, 120.116821289, 120.766983032, 121.393920898, 122.044082642, 122.694236755, 123.344398499, 123.982948303, 124.621498108, 125.271652222, 125.921813965, 126.571968079, 127.222129822, 127.872291565, 128.51083374, 129.149383545, 129.799545288, 130.449707031, 131.088256836, 131.73840332, 132.353744507, 132.980682373, 133.607620239, 134.246170044, 134.884719849, 135.534866333, 136.196640015, 136.858413696, 137.508575439, 138.158721924, 138.820495605, 139.470657349, 140.062759399, 140.654876709, 141.188934326, 141.711380005, 142.222213745, 142.733062744, 143.243896484, 143.754730225, 144.265579224, 144.776412964, 145.298858643, 145.82131958, 146.343765259, 146.854598999, 147.411880493, 147.957550049, 148.514831543, 149.164993286, 149.791931152, 150.430480957, 151.069015503, 151.719177246, 152.369338989, 153.019500732, 153.646438599, 154.284988403, 154.946762085, 155.596908569, 156.258682251, 156.920455933, 157.582214355, 158.243988037, 158.905761719, 159.57913208, 160.2525177, 160.949111938, 161.645706177, 162.319091797, 163.004074097, 163.665847778, 164.32762146, 164.977767944, 165.639541626, 166.301315308, 166.974685669, 167.636459351, 168.356277466, 169.076095581, 169.749481201, 170.411239624, 171.061401367, 171.71156311, 172.361724854, 173.011871338, 173.662033081, 174.312194824, 174.962356567, 175.600906372, 176.239456177, 176.88961792, 177.539764404, 178.178314209, 178.816864014, 179.467025757, 180.1171875, 180.755737305, 181.394287109, 182.044433594, 182.694595337, 183.333145142, 183.983306885, 184.633468628, 185.272018433, 185.910568237, 186.560714722, 187.199264526, 187.84942627, 188.499588013, 189.149749756, 189.799911499, 190.438461304, 191.07699585, 191.727157593, 192.365707397, 193.004257202, 193.654418945, 194.304580688, 194.954742432, 195.604888916, 196.243438721, 196.881988525, 197.532150269, 198.182312012, 198.820861816, 199.459411621, 200.109558105, 200.759719849, 201.398269653, 202.036819458, 202.686981201, 203.337142944, 203.987304688, 204.637451172, 205.276000977, 205.914550781, 206.564712524, 207.214874268, 207.853424072, 208.491973877, 209.142120361, 209.792282104, 210.442443848, 211.080993652, 211.719543457, 212.3697052, 213.008255005, 213.64680481, 214.296951294, 214.947113037, 215.59727478, 216.247436523, 216.885986328, 217.536148071, 218.174682617, 218.82484436, 219.463394165, 220.10194397, 220.752105713, 221.402267456, 222.040817261, 222.679367065, 223.32951355, 223.979675293, 224.629837036, 225.279998779, 225.930160522, 226.568710327, 227.207244873, 227.857406616, 228.495956421, 229.134506226, 229.784667969, 230.434829712, 231.084991455, 231.723526001, 232.362075806, 233.012237549, 233.650787354, 234.300949097, 234.939498901, 235.589660645, 236.239807129, 236.889968872, 237.528518677, 238.17868042, 238.817230225, 239.455780029, 240.094329834, 240.744491577, 241.394638062, 242.033187866, 242.671737671, 243.321899414, 243.972061157, 244.6222229, 245.272369385, 245.922531128, 246.572692871, 247.211242676, 247.84979248, 248.488342285, 249.12689209, 249.777053833, 250.427200317, 251.077362061, 251.727523804, 252.366073608, 253.004623413, 253.643173218, 254.293334961, 254.943481445, 255.58203125, 256.232208252, 256.870758057, 257.509277344, 258.159454346, 258.79800415, 259.436553955, 260.086700439, 260.736877441, 261.387023926, 262.03717041, 262.687347412, 263.337493896, 263.987670898, 264.637817383, 265.276367188, 265.903320312, 266.5418396, 267.192016602, 267.842163086, 268.480712891, 269.130889893, 269.781036377, 270.431182861, 271.069732666, 271.719909668, 272.370056152, 273.008605957, 273.647155762, 274.297332764, 274.947479248, 275.597625732, 276.236175537, 276.886352539, 277.536499023, 278.186676025, 278.825195312, 279.475372314, 280.113922119, 280.752471924, 281.402618408, 282.041168213, 282.679718018, 283.32989502, 283.968444824, 284.606964111, 285.257141113, 285.907287598, 286.5574646, 287.207611084, 287.857757568, 288.50793457, 289.134857178, 289.78503418, 290.435180664, 291.085357666, 291.723907471, 292.362457275, 293.00100708, 293.639526367, 294.289703369, 294.939849854, 295.590026855, 296.24017334, 296.890319824, 297.540496826, 298.190643311], "beats_loudness": {"dvar2": 0.00103949953336, "var": 0.000628111942206, "min": 0.000351094378857, "dmean": 0.0232040081173, "mean": 0.0598744638264, "max": 0.151367709041, "dmean2": 0.0406252890825, "median": 0.0595054477453, "dvar": 0.000354925228748}, "bpm_histogram_second_peak_weight": {"dvar2": 0, "var": 0, "min": 0.0151187907904, "dmean": 0, "mean": 0.0151187907904, "max": 0.0151187907904, "dmean2": 0, "median": 0.0151187907904, "dvar": 0}, "bpm_histogram_second_peak_spread": {"dvar2": 0, "var": 0, "min": 0.363636314869, "dmean": 0, "mean": 0.363636314869, "max": 0.363636314869, "dmean2": 0, "median": 0.363636314869, "dvar": 0}, "bpm_histogram_second_peak_bpm": {"dvar2": 0, "var": 0, "min": 117, "dmean": 0, "mean": 117, "max": 117, "dmean2": 0, "median": 117, "dvar": 0}, "onset_rate": 3.87783503532}, "lowlevel": {"spectral_energyband_high": {"dvar2": 1.33756373089e-06, "var": 1.33069727326e-06, "min": 8.11794083807e-21, "dmean": 0.000425024860306, "mean": 0.000860064872541, "max": 0.020765485242, "dmean2": 0.000616591481958, "median": 0.000448580482043, "dvar": 6.10806523582e-07}, "spectral_energyband_middle_low": {"dvar2": 0.000193677449715, "var": 0.00016962196969, "min": 3.85295165649e-22, "dmean": 0.00606990372762, "mean": 0.0161868352443, "max": 0.10180080682, "dmean2": 0.00984530895948, "median": 0.0125103509054, "dvar": 7.60056936997e-05}, "spectral_energy": {"dvar2": 0.000845886708703, "var": 0.000706346239895, "min": 1.10298872051e-20, "dmean": 0.0157354641706, "mean": 0.0547923780978, "max": 0.196144998074, "dmean2": 0.0258026532829, "median": 0.0548752322793, "dvar": 0.000301115273032}, "spectral_spread": {"dvar2": 1351498989570.0, "var": 2707186515970.0, "min": 447053.28125, "dmean": 624620.9375, "mean": 4886793.5, "max": 40560916, "dmean2": 857749.25, "median": 4752095.5, "dvar": 735597559808}, "spectral_energyband_low": {"dvar2": 0.000774928950705, "var": 0.000547411851585, "min": 9.63299508382e-23, "dmean": 0.0129958549514, "mean": 0.0322874598205, "max": 0.161818400025, "dmean2": 0.0216881800443, "median": 0.0273907519877, "dvar": 0.000270076387096}, "spectral_rolloff": {"dvar2": 746017, "var": 653467.875, "min": 21.533203125, "dmean": 214.985931396, "mean": 670.360168457, "max": 19745.9472656, "dmean2": 371.084228516, "median": 344.53125, "dvar": 324032.6875}, "barkbands": {"dvar2": [3.7428997075e-06, 0.000412281689933, 0.000250826822594, 5.62412242289e-05, 7.70474653109e-05, 2.46974486799e-05, 8.86096677277e-06, 1.70576288383e-06, 1.85927069651e-06, 1.93431856133e-06, 3.44477084582e-05, 4.86761791763e-07, 3.33369456484e-07, 5.60385558401e-07, 6.16043791979e-07, 3.18971757451e-07, 1.39392312803e-07, 1.59204091688e-07, 1.10914299967e-07, 8.83389787987e-08, 8.0481271425e-08, 6.63977886006e-08, 1.41512600749e-07, 4.66934721999e-08, 7.9702623168e-08, 7.15060277656e-09, 1.75679359948e-10], "var": [3.24890470438e-06, 0.000281117332634, 0.000134851114126, 1.89233942365e-05, 6.49803187116e-05, 3.46425003954e-05, 4.92358049087e-06, 1.44152988923e-06, 9.26113352762e-06, 3.56423493031e-06, 6.92524699843e-05, 4.27806014613e-07, 3.83315892805e-07, 5.00851683682e-07, 5.93543575178e-07, 5.66859625906e-07, 2.40046659883e-07, 1.74940097963e-07, 1.18362699197e-07, 1.0859778854e-07, 5.37416653401e-08, 5.57305028792e-08, 1.08358932494e-07, 5.09659514591e-08, 3.37076500045e-08, 7.31687466171e-09, 1.00531284686e-10], "min": [1.25836251702e-23, 1.83060379539e-23, 2.27641749192e-23, 8.23371865885e-23, 5.77467134767e-23, 5.49754198732e-23, 3.07783706275e-23, 5.67681094357e-23, 6.56042792746e-23, 8.28189534096e-23, 6.51068362096e-23, 4.18359096666e-23, 6.55127650987e-23, 1.23210821635e-22, 9.39356885711e-23, 1.30825197393e-22, 1.19993215775e-22, 3.36286759083e-22, 1.40019251336e-22, 4.02166565383e-22, 4.64826380309e-22, 8.3755899284e-22, 7.11223108195e-22, 1.03116959181e-21, 8.58047010591e-22, 1.82259736207e-21, 2.35870390111e-21], "dmean": [0.000608042522799, 0.00921756215394, 0.00563341239467, 0.00224336842075, 0.00335351331159, 0.00153983652126, 0.000575484591536, 0.000397149095079, 0.000386666128179, 0.000391359993955, 0.00154470023699, 0.000150411040522, 0.000152132066432, 0.000159582486958, 0.000268639996648, 0.00016678821703, 0.000111420362373, 0.000134952279041, 0.000125564474729, 0.000111586588901, 9.65970466495e-05, 7.89878831711e-05, 0.0001028196275, 7.34885034035e-05, 6.7615575972e-05, 1.97626832232e-05, 2.53940061157e-06], "mean": [0.00125022500288, 0.0194556899369, 0.0100269345567, 0.00335601321422, 0.00672858254984, 0.0032933249604, 0.000947034801356, 0.00071930908598, 0.000929989560973, 0.000707136816345, 0.00401425175369, 0.000246267183684, 0.000279218103969, 0.000297026272165, 0.000443265918875, 0.000351559749106, 0.000236925319768, 0.000291538279271, 0.000250615092227, 0.000245643983362, 0.000172913336428, 0.000136251517688, 0.0001600717369, 0.000134519897983, 8.8082793809e-05, 2.71198059636e-05, 2.8308745641e-06], "max": [0.0205052737147, 0.131761103868, 0.114489018917, 0.0865984410048, 0.0892403796315, 0.0837110280991, 0.0418524295092, 0.0185716878623, 0.054975502193, 0.0404640436172, 0.0845729783177, 0.0159955732524, 0.010141232051, 0.0166927054524, 0.0126461163163, 0.014213248156, 0.0156538262963, 0.00743726314977, 0.00743742659688, 0.00677988491952, 0.00361448409967, 0.00614932132885, 0.00887117255479, 0.00423917593434, 0.00370056298561, 0.0033093879465, 0.000346027780324], "dmean2": [0.00100274849683, 0.0152184721082, 0.009507259354, 0.00392738217488, 0.00546007230878, 0.00233412627131, 0.000935172487516, 0.000623322557658, 0.000592049211264, 0.000593754579313, 0.00234128301963, 0.000236872816458, 0.000245729315793, 0.000251015357208, 0.000424468802521, 0.000265286595095, 0.000180421862751, 0.00021982564067, 0.000201578790438, 0.000175193010364, 0.000154090448632, 0.000120372053061, 0.00015381645062, 0.000106866580609, 0.000107652886072, 2.88387127512e-05, 4.02417981604e-06], "median": [0.000542157446034, 0.0152651369572, 0.0061492761597, 0.00209388113581, 0.00418999558315, 0.00138196989428, 0.000431192631368, 0.000340665515978, 0.000239579749177, 0.000247269344982, 0.000220475019887, 8.66332848091e-05, 0.000100426150311, 8.83095272002e-05, 0.000169901846675, 0.000104814498627, 0.000129302570713, 0.000149327315739, 0.000141976444866, 0.000144853285747, 8.97668214748e-05, 4.47939928563e-05, 4.97122236993e-05, 5.66212438571e-05, 3.05853682221e-05, 6.38424990029e-06, 4.49947236802e-07], "dvar": [1.33221612941e-06, 0.000145080150105, 9.14189658943e-05, 1.99588685064e-05, 3.02529570035e-05, 1.19569331218e-05, 3.36228572451e-06, 6.97651728387e-07, 8.3073280166e-07, 1.00414843018e-06, 1.44221176015e-05, 2.20172623244e-07, 1.31292139827e-07, 2.46649079827e-07, 2.57670137671e-07, 1.34393388862e-07, 5.73179725905e-08, 6.20713862531e-08, 4.67777319102e-08, 3.87335674645e-08, 3.19589190667e-08, 2.93580004751e-08, 6.07290786547e-08, 2.1993633581e-08, 3.09578318536e-08, 3.44474360148e-09, 7.31214810923e-11]}, "melbands_skewness": {"dvar2": 2.2127263546, "var": 5.01057434082, "min": -0.898571848869, "dmean": 0.924555182457, "mean": 3.87542319298, "max": 28.6513290405, "dmean2": 1.43708407879, "median": 3.70970368385, "dvar": 0.919893860817}, "barkbands_skewness": {"dvar2": 1.17581021786, "var": 2.49287724495, "min": -1.96219408512, "dmean": 0.637198209763, "mean": 2.50015068054, "max": 23.4322681427, "dmean2": 0.997301697731, "median": 2.40578961372, "dvar": 0.469087898731}, "erbbands": {"dvar2": [0.3697476089, 26.2924480438, 262.64352417, 495.749053955, 717.753540039, 961.799621582, 3253.45117188, 1352.53491211, 860.10760498, 2401.36669922, 581.781738281, 1313.07763672, 1064.9831543, 5252.58251953, 52286.4414062, 621.70513916, 765.777954102, 1728.90478516, 1338.5604248, 1655.21081543, 352.165008545, 215.390914917, 365.761566162, 326.913360596, 312.708251953, 227.899154663, 162.683563232, 122.600593567, 79.5844726562, 156.33493042, 117.355537415, 27.3444080353, 14.5560503006, 20.7643146515, 2.07257795334, 0.257027626038, 0.0235884264112, 0.000708959822077, 3.89770139009e-06, 3.03184943817e-09], "var": [0.309996455908, 15.69282341, 157.484542847, 164.679412842, 319.08291626, 921.327453613, 3721.83740234, 1801.1965332, 938.119567871, 853.192749023, 690.014221191, 8226.12890625, 2538.5949707, 9333.28710938, 109387.9375, 890.186218262, 925.60546875, 1594.82727051, 1018.64489746, 2367.30615234, 686.317810059, 323.496124268, 411.094573975, 401.667633057, 290.306945801, 283.330505371, 129.885055542, 74.4708786011, 69.8323822021, 101.521324158, 83.9339447021, 28.4098510742, 13.4328947067, 6.82017946243, 1.29369163513, 0.210249572992, 0.0223591253161, 0.000730100146029, 2.48969104177e-06, 2.48041298612e-09], "min": [6.72929654154e-22, 4.15726556754e-21, 2.04646099133e-20, 1.7148254137e-19, 2.67095715065e-19, 1.2535398733e-19, 2.49143388381e-19, 5.8024781266e-19, 5.23345851528e-19, 5.21236851158e-19, 1.59038345762e-18, 1.55485739448e-18, 2.49941659031e-18, 1.95384217268e-18, 2.43851872643e-18, 2.428741038e-18, 2.47104202055e-18, 5.97300999188e-18, 6.15265666372e-18, 3.72889297826e-18, 8.70915223182e-18, 6.78543618385e-18, 1.60355943148e-17, 1.09462349015e-17, 9.10193811851e-18, 2.24350489997e-17, 1.96904802708e-17, 1.84359533384e-17, 2.74769365176e-17, 2.48441050002e-17, 2.2358552991e-17, 1.69189553802e-17, 1.78249183286e-17, 1.04966423863e-17, 6.4999997291e-18, 5.41781505013e-18, 3.56112710156e-18, 1.33169244041e-18, 3.26619089107e-19, 3.53083013821e-20], "dmean": [0.247100844979, 2.24879336357, 6.20555305481, 6.62396383286, 8.82118415833, 11.4265451431, 17.3402748108, 10.4652070999, 7.04746246338, 9.26268100739, 8.03771018982, 9.80653190613, 8.08197212219, 21.2331867218, 59.3537406921, 7.27173042297, 6.77247953415, 8.78090381622, 11.5041465759, 12.5294942856, 5.59820604324, 5.44992589951, 6.24857950211, 6.51461410522, 6.36968851089, 5.55189037323, 4.5380692482, 3.34062671661, 2.88957095146, 2.95196533203, 2.96493005753, 1.61866939068, 1.2970443964, 0.911038577557, 0.391146481037, 0.121385008097, 0.0330202616751, 0.00551161402836, 0.000419103220338, 2.47055777436e-05], "mean": [0.562624037266, 4.27759599686, 11.8586463928, 11.2235889435, 15.0109758377, 22.6518440247, 34.3673782349, 22.6407108307, 14.1561555862, 14.4038553238, 16.4538440704, 25.31640625, 17.3940410614, 50.4022979736, 154.409713745, 17.4754943848, 13.5671300888, 17.9797019958, 18.0969924927, 27.4780387878, 13.1674814224, 12.2568655014, 14.184305191, 15.1265659332, 12.6706724167, 12.5632333755, 8.88388252258, 5.67681646347, 4.92526245117, 4.79535484314, 4.52955532074, 2.94578051567, 2.19103503227, 1.21349811554, 0.499682307243, 0.163418725133, 0.043709654361, 0.00687322765589, 0.000508900382556, 7.4943229265e-05], "max": [4.45872020721, 30.4597663879, 117.853713989, 191.446716309, 209.87336731, 348.988708496, 751.200134277, 817.21697998, 539.233398438, 801.54296875, 433.711425781, 1683.14038086, 1423.93347168, 1856.63659668, 3398.2355957, 456.028564453, 557.540283203, 970.343444824, 629.996154785, 610.487365723, 573.665649414, 423.451599121, 411.706176758, 475.917724609, 260.926879883, 339.081451416, 173.259140015, 253.200653076, 117.995597839, 447.506958008, 249.72164917, 125.454216003, 57.5628967285, 70.0698776245, 34.894985199, 17.3500442505, 8.01813602448, 1.18217635155, 0.0498718060553, 0.00121990207117], "dmean2": [0.405143231153, 3.72842073441, 10.4229688644, 11.3966522217, 14.8365917206, 18.6026363373, 27.2631855011, 15.4764585495, 11.1445732117, 15.5765113831, 12.2634658813, 14.8411216736, 12.4715738297, 32.7311897278, 88.4410171509, 11.302942276, 10.9917201996, 13.7948007584, 18.3367004395, 19.9984035492, 8.91796875, 8.77825450897, 10.1301317215, 10.5216970444, 10.1899852753, 8.73896980286, 7.32143449783, 5.25034141541, 4.42001724243, 4.52168130875, 4.43461847305, 2.38476920128, 1.90741121769, 1.46165597439, 0.613963961601, 0.184357538819, 0.0487264879048, 0.0082212490961, 0.000654247589409, 3.91881148971e-05], "median": [0.398189157248, 3.18456506729, 7.79946279526, 7.66896915436, 9.85417175293, 13.2381458282, 14.0576219559, 10.6334276199, 7.00221204758, 7.20248270035, 8.11678600311, 6.38650465012, 6.73049116135, 13.2204790115, 9.92847633362, 6.23008155823, 5.86779165268, 5.88320493698, 8.56450653076, 8.30866146088, 5.99401712418, 7.42024517059, 8.44303607941, 8.70110034943, 7.50668811798, 7.5204873085, 5.16030311584, 2.39546322823, 1.62911045551, 1.47312259674, 1.39294409752, 1.12979900837, 0.931739509106, 0.453194648027, 0.154904097319, 0.0406421273947, 0.00982397701591, 0.00122919271234, 0.000113987305667, 7.06535865902e-05], "dvar": [0.133319199085, 9.25191020966, 94.6864700317, 176.823791504, 270.813659668, 385.636016846, 1417.12084961, 681.698669434, 348.027435303, 901.174804688, 252.30456543, 611.339660645, 530.896484375, 2356.87011719, 22577.1367188, 255.894378662, 294.8097229, 758.740844727, 549.367980957, 690.537475586, 152.158966064, 91.106880188, 142.02722168, 132.850845337, 129.200149536, 97.360496521, 64.1690139771, 50.0747528076, 35.6051025391, 62.7024002075, 50.041267395, 12.458360672, 6.75692272186, 7.69214439392, 0.892447710037, 0.116148248315, 0.0110450284556, 0.000342296145391, 1.6587398477e-06, 1.25525612127e-09]}, "silence_rate_30dB": {"dvar2": 0.0691766515374, "var": 0.0189879816025, "min": 0, "dmean": 0.0265940893441, "mean": 0.980639159679, "max": 1, "dmean2": 0.0531923174858, "median": 1, "dvar": 0.0258851479739}, "melbands_spread": {"dvar2": 55.7789573669, "var": 118.540115356, "min": 0.0781727284193, "dmean": 3.72802495956, "mean": 13.5389938354, "max": 147.110626221, "dmean2": 5.95969486237, "median": 9.9969367981, "dvar": 22.9133701324}, "melbands_crest": {"dvar2": 22.3628921509, "var": 24.4013442993, "min": 2.32379841805, "dmean": 3.11752820015, "mean": 16.5344905853, "max": 39.4312400818, "dmean2": 5.12634897232, "median": 16.2266464233, "dvar": 8.05454540253}, "zerocrossingrate": {"dvar2": 0.000134699090268, "var": 0.00061108416412, "min": 0.0009765625, "dmean": 0.00788995716721, "mean": 0.0395070835948, "max": 0.5078125, "dmean2": 0.00956600625068, "median": 0.0361328125, "dvar": 0.00010297892004}, "barkbands_kurtosis": {"dvar2": 1102.12133789, "var": 658.063293457, "min": -1.80431103706, "dmean": 5.61577892303, "mean": 11.5007944107, "max": 1894.93151855, "dmean2": 8.84152984619, "median": 6.84333324432, "dvar": 490.820526123}, "spectral_flux": {"dvar2": 0.0021457397379, "var": 0.00248056743294, "min": 1.0502326786e-10, "dmean": 0.0296888388693, "mean": 0.0983875542879, "max": 0.352599948645, "dmean2": 0.0477583669126, "median": 0.0908574536443, "dvar": 0.000948712229729}, "barkbands_crest": {"dvar2": 15.4505062103, "var": 14.973069191, "min": 2.84195947647, "dmean": 2.63096618652, "mean": 12.0399160385, "max": 26.5981559753, "dmean2": 4.28215932846, "median": 11.5769882202, "dvar": 5.67147636414}, "barkbands_flatness_db": {"dvar2": 0.00153610168491, "var": 0.00366688636132, "min": 0.0287741515785, "dmean": 0.0257734712213, "mean": 0.171252503991, "max": 0.68959903717, "dmean2": 0.0389483422041, "median": 0.165117532015, "dvar": 0.000695048365742}, "spectral_entropy": {"dvar2": 0.106916382909, "var": 0.291610687971, "min": 3.14122843742, "dmean": 0.192052066326, "mean": 7.38726234436, "max": 9.80956935883, "dmean2": 0.277371346951, "median": 7.47022914886, "dvar": 0.0534603558481}, "pitch_salience": {"dvar2": 0.0130062196404, "var": 0.0141000477597, "min": 0.0117405066267, "dmean": 0.0737141817808, "mean": 0.491348475218, "max": 0.967066884041, "dmean2": 0.120249085128, "median": 0.482959777117, "dvar": 0.00489226588979}, "erbbands_spread": {"dvar2": 281.127075195, "var": 670.241455078, "min": 0.57680273056, "dmean": 9.75788784027, "mean": 45.1336288452, "max": 174.043884277, "dmean2": 14.3838748932, "median": 40.9641265869, "dvar": 134.306030273}, "dynamic_complexity": 2.24446511269, "spectral_contrast_valleys": {"dvar2": [0.19451354444, 0.164570048451, 0.142333686352, 0.149867579341, 0.194023326039, 0.352579623461], "var": [0.65869563818, 0.354294359684, 0.349351495504, 0.431103885174, 0.803306162357, 1.17265963554], "min": [-27.4416980743, -26.9200763702, -26.945438385, -27.2665500641, -27.2865943909, -27.2300128937], "dmean": [0.30118137598, 0.295157432556, 0.271844506264, 0.265211552382, 0.264514744282, 0.347057908773], "mean": [-6.29533433914, -6.49066448212, -7.29971504211, -7.86830759048, -7.64451313019, -10.0039377213], "max": [-4.96781873703, -4.75862360001, -5.46016311646, -5.94444322586, -5.75687599182, -7.61164855957], "dmean2": [0.50273758173, 0.479749679565, 0.438166230917, 0.418804317713, 0.384303927422, 0.44865745306], "median": [-6.11484622955, -6.42662191391, -7.25816440582, -7.82269287109, -7.49587678909, -9.77808666229], "dvar": [0.0768930763006, 0.0706743225455, 0.0633481964469, 0.072814360261, 0.102242067456, 0.187128663063]}, "hfc": {"dvar2": 155.830169678, "var": 251.27746582, "min": 1.22549984123e-16, "dmean": 6.47772407532, "mean": 23.0180988312, "max": 174.422470093, "dmean2": 9.61271572113, "median": 19.7805137634, "dvar": 69.5330886841}, "spectral_kurtosis": {"dvar2": 34.3946456909, "var": 66.2099609375, "min": -1.21705555916, "dmean": 1.82935142517, "mean": 5.42673873901, "max": 165.078430176, "dmean2": 2.84048438072, "median": 3.62640380859, "dvar": 14.3478565216}, "mfcc": {"mean": [-634.884216309, 132.29574585, 22.7145843506, 31.3453845978, 14.7017202377, 6.76168966293, 11.2942762375, 7.27464008331, -0.0938530117273, 5.02699041367, -6.37244844437, -1.47666609287, 0.194795042276], "cov": [[4450.14941406, -1458.99719238, -190.489349365, 148.686019897, -90.227355957, 65.8667297363, 77.5769958496, 9.52955341339, -7.33593893051, -47.7344398499, -119.43106842, -122.884918213, 26.102514267], [-1458.99719238, 1388.34130859, -127.899803162, -130.260971069, 131.695999146, -184.84513855, 158.231826782, -10.3172359467, -11.56437397, 104.360961914, -87.2452926636, 63.3292274475, 13.4116449356], [-190.489349365, -127.899803162, 708.174743652, 108.995559692, 27.2102394104, 116.891807556, -163.448303223, 11.2961711884, -14.7631101608, 1.15862476826, 103.079071045, -14.6483345032, -52.9480934143], [148.686019897, -130.260971069, 108.995559692, 295.744628906, 83.9995727539, 28.1279621124, -45.2667770386, 22.1758594513, 18.8813686371, -8.35810756683, 26.407793045, 5.18635129929, 4.67940998077], [-90.227355957, 131.695999146, 27.2102394104, 83.9995727539, 210.833633423, -32.995552063, 46.7223091125, 19.6418476105, 5.25673866272, 23.9246864319, -30.2736339569, 18.7790851593, 9.88070964813], [65.8667297363, -184.84513855, 116.891807556, 28.1279621124, -32.995552063, 222.088882446, -23.5849819183, 12.4697380066, 19.0633201599, -22.4805355072, 58.9365463257, -18.9690246582, -13.1838474274], [77.5769958496, 158.231826782, -163.448303223, -45.2667770386, 46.7223091125, -23.5849819183, 229.400344849, 20.147151947, 0.850920140743, 33.5406723022, -61.5585441589, 10.4549045563, 28.6764850616], [9.52955341339, -10.3172359467, 11.2961711884, 22.1758594513, 19.6418476105, 12.4697380066, 20.147151947, 92.4745330811, 18.8182449341, -3.11512899399, -7.32373476028, 10.9263715744, 6.92420864105], [-7.33593893051, -11.56437397, -14.7631101608, 18.8813686371, 5.25673866272, 19.0633201599, 0.850920140743, 18.8182449341, 91.906791687, 22.6444549561, 6.2626543045, -8.84239864349, 5.0922832489], [-47.7344398499, 104.360961914, 1.15862476826, -8.35810756683, 23.9246864319, -22.4805355072, 33.5406723022, -3.11512899399, 22.6444549561, 104.390205383, 7.8091878891, -1.61994433403, -2.13797307014], [-119.43106842, -87.2452926636, 103.079071045, 26.407793045, -30.2736339569, 58.9365463257, -61.5585441589, -7.32373476028, 6.2626543045, 7.8091878891, 113.113265991, 9.72861099243, -15.519411087], [-122.884918213, 63.3292274475, -14.6483345032, 5.18635129929, 18.7790851593, -18.9690246582, 10.4549045563, 10.9263715744, -8.84239864349, -1.61994433403, 9.72861099243, 73.7503967285, 21.2539672852], [26.102514267, 13.4116449356, -52.9480934143, 4.67940998077, 9.88070964813, -13.1838474274, 28.6764850616, 6.92420864105, 5.0922832489, -2.13797307014, -15.519411087, 21.2539672852, 67.3329772949]], "icov": [[0.000442001706688, 0.000550957047381, 6.42005979898e-05, -0.000176052606548, 9.4266848464e-05, 8.05379313533e-05, -0.000307530048303, 6.31137081655e-05, 0.000187044177437, -0.000355431897333, 0.000680704775732, 0.000256203406025, -4.13588859374e-05], [0.000550957047381, 0.00170183461159, 2.38664847529e-06, 0.00024249101989, -0.000373235496227, 0.000604479166213, -0.000730250380002, 0.000288727052975, 0.000181657931535, -0.00110128079541, 0.0011858236976, -0.000483628187794, 0.000264174101176], [6.42005979898e-05, 2.38664847529e-06, 0.00216498528607, -0.000349965790519, -0.00062119908398, -0.000893143820576, 0.00130672205705, -0.000600580417085, 0.000966466031969, -0.000642231781967, -0.000793652434368, 0.000389686698327, 0.000723521166947], [-0.000176052606548, 0.00024249101989, -0.000349965790519, 0.0047181872651, -0.00235124444589, -3.37926539942e-05, 0.000827201060019, -0.000561675988138, -0.000793983926997, 0.00054377928609, -0.0010572936153, -9.60830802796e-05, -0.000675321440212], [9.4266848464e-05, -0.000373235496227, -0.00062119908398, -0.00235124444589, 0.00693654082716, 0.000480651593534, -0.00129390729126, -0.000394621078158, -8.26099712867e-05, -0.000994899193756, 0.00201162067242, -0.00123882165644, 0.000209925754461], [8.05379313533e-05, 0.000604479166213, -0.000893143820576, -3.37926539942e-05, 0.000480651593534, 0.00664320355281, -0.00161585502792, -0.000552554265596, -0.00142639363185, 0.00182651833165, -0.00304604670964, 0.00158294837456, 8.77323254826e-05], [-0.000307530048303, -0.000730250380002, 0.00130672205705, 0.000827201060019, -0.00129390729126, -0.00161585502792, 0.0073623508215, -0.00148592470214, 0.00101962743793, -0.0022312537767, 0.00206932006404, -0.000382818136131, -0.00142469152343], [6.31137081655e-05, 0.000288727052975, -0.000600580417085, -0.000561675988138, -0.000394621078158, -0.000552554265596, -0.00148592470214, 0.0125669138506, -0.00296333921142, 0.0010221763514, 0.00148464879021, -0.00249011605047, 0.00015979949967], [0.000187044177437, 0.000181657931535, 0.000966466031969, -0.000793983926997, -8.26099712867e-05, -0.00142639363185, 0.00101962743793, -0.00296333921142, 0.0133902486414, -0.00376217626035, -0.000179244045285, 0.00236235000193, -0.00160934287123], [-0.000355431897333, -0.00110128079541, -0.000642231781967, 0.00054377928609, -0.000994899193756, 0.00182651833165, -0.0022312537767, 0.0010221763514, -0.00376217626035, 0.0130731118843, -0.00385517720133, 0.00125354086049, 0.000578482809942], [0.000680704775732, 0.0011858236976, -0.000793652434368, -0.0010572936153, 0.00201162067242, -0.00304604670964, 0.00206932006404, 0.00148464879021, -0.000179244045285, -0.00385517720133, 0.0157271306962, -0.00452421046793, 0.00196785014123], [0.000256203406025, -0.000483628187794, 0.000389686698327, -9.60830802796e-05, -0.00123882165644, 0.00158294837456, -0.000382818136131, -0.00249011605047, 0.00236235000193, 0.00125354086049, -0.00452421046793, 0.0181815326214, -0.00569975189865], [-4.13588859374e-05, 0.000264174101176, 0.000723521166947, -0.000675321440212, 0.000209925754461, 8.77323254826e-05, -0.00142469152343, 0.00015979949967, -0.00160934287123, 0.000578482809942, 0.00196785014123, -0.00569975189865, 0.0184003598988]]}, "silence_rate_20dB": {"dvar2": 0, "var": 0, "min": 1, "dmean": 0, "mean": 1, "max": 1, "dmean2": 0, "median": 1, "dvar": 0}, "melbands_kurtosis": {"dvar2": 1145.54675293, "var": 1394.90600586, "min": -1.59751701355, "dmean": 13.2180585861, "mean": 30.6009597778, "max": 1510.83508301, "dmean2": 20.9094142914, "median": 21.2052822113, "dvar": 523.475585938}, "barkbands_spread": {"dvar2": 78.3977737427, "var": 118.064117432, "min": 0.020191963762, "dmean": 4.48370361328, "mean": 15.8409919739, "max": 102.535499573, "dmean2": 6.994556427, "median": 13.9396743774, "dvar": 34.3212165833}, "erbbands_skewness": {"dvar2": 0.260990589857, "var": 0.634556949139, "min": -2.01051568985, "dmean": 0.341456472874, "mean": 0.546683132648, "max": 12.3665542603, "dmean2": 0.516978979111, "median": 0.456659197807, "dvar": 0.121505953372}, "average_loudness": 0.957718253136, "spectral_centroid": {"dvar2": 136307.84375, "var": 274017.78125, "min": 64.6797790527, "dmean": 192.125793457, "mean": 991.023925781, "max": 11244.9726562, "dmean2": 300.467285156, "median": 956.239990234, "dvar": 61366.578125}, "dissonance": {"dvar2": 0.00105679768603, "var": 0.000938637065701, "min": 0.271692842245, "dmean": 0.0197910144925, "mean": 0.460346132517, "max": 0.500000178814, "dmean2": 0.0329935848713, "median": 0.468474149704, "dvar": 0.000390322966268}, "erbbands_flatness_db": {"dvar2": 0.000639341946226, "var": 0.00234582857229, "min": 0.0448826961219, "dmean": 0.0177574269474, "mean": 0.145911365747, "max": 0.456951618195, "dmean2": 0.0251259543002, "median": 0.139377072453, "dvar": 0.000329937320203}, "spectral_strongpeak": {"dvar2": 3.11071896553, "var": 2.76952052116, "min": 0, "dmean": 0.58299434185, "mean": 1.10792851448, "max": 11.9034767151, "dmean2": 1.01364338398, "median": 0.490711778402, "dvar": 1.2390229702}, "spectral_rms": {"dvar2": 3.03681190417e-06, "var": 4.20373226007e-06, "min": 3.28037597086e-12, "dmean": 0.00102319812868, "mean": 0.00701795844361, "max": 0.0138333281502, "dmean2": 0.00165920110885, "median": 0.00731688551605, "dvar": 1.08919641661e-06}, "silence_rate_60dB": {"dvar2": 0.0144622772932, "var": 0.0316598899662, "min": 0, "dmean": 0.00637636100873, "mean": 0.0327346250415, "max": 1, "dmean2": 0.0127537129447, "median": 0, "dvar": 0.00633338419721}, "melbands": {"dvar2": [2.77896906482e-05, 5.0375405408e-05, 1.30377120513e-05, 3.25659357259e-06, 3.53937139153e-06, 6.50220158604e-07, 2.51501973025e-07, 2.25431776357e-07, 3.69080126461e-08, 4.67753231703e-08, 2.75997535937e-08, 7.47609334439e-08, 8.1129235241e-07, 2.06912549316e-08, 2.28180985218e-09, 4.33942926037e-09, 6.54967635683e-09, 3.32647664969e-09, 2.45949860478e-09, 3.5986404967e-09, 5.51134249349e-10, 3.41519340585e-10, 3.74390490832e-10, 5.66822977444e-10, 2.59265525715e-10, 2.23991908355e-10, 1.42713771356e-10, 1.2619980061e-10, 9.81543249456e-11, 4.62237192966e-11, 4.7362048311e-11, 3.48214269918e-11, 3.21605658771e-11, 6.31485003177e-11, 4.85614534695e-11, 2.48679046105e-11, 1.093309384e-11, 7.68849046928e-12, 1.63089836774e-11, 1.20764925837e-11], "var": [2.03042163776e-05, 3.23517415382e-05, 4.76558489027e-06, 2.17320325646e-06, 3.88393300454e-06, 9.16434430565e-07, 2.21885471774e-07, 8.79393056152e-08, 4.65243488179e-08, 3.43550539128e-07, 6.10438561921e-08, 1.27755939161e-07, 1.5824472257e-06, 4.28659916452e-08, 2.30231500531e-09, 4.73385552979e-09, 6.29080965098e-09, 2.43466313776e-09, 2.53651699644e-09, 6.53444454102e-09, 1.11209885745e-09, 5.33963873117e-10, 3.39392763893e-10, 6.35462071852e-10, 2.88792545433e-10, 1.8861442963e-10, 1.25301505283e-10, 1.53878548792e-10, 7.89053752892e-11, 2.58245629742e-11, 2.74399860473e-11, 2.49889293286e-11, 2.47101662049e-11, 3.89294811665e-11, 3.53457922653e-11, 1.59490511076e-11, 9.89909369753e-12, 7.52194053572e-12, 6.61440130098e-12, 4.04489115813e-12], "min": [7.40297365718e-24, 8.43839303833e-24, 3.26992311545e-23, 1.52990784657e-23, 7.13167255896e-24, 1.19893967606e-23, 7.39446579232e-24, 6.71543720207e-24, 1.38411846268e-23, 9.48200947314e-24, 1.24708133275e-23, 7.70369295628e-24, 8.81363602714e-24, 4.71044702612e-24, 7.39245183043e-24, 6.68417306668e-24, 1.10979176734e-23, 1.00999392086e-23, 5.55796486724e-24, 7.61974711191e-24, 1.00316696081e-23, 6.66740740586e-24, 8.85981200023e-24, 1.94725218412e-23, 7.38115297568e-24, 5.39488601888e-24, 9.4514726675e-24, 1.58119058961e-23, 1.18736771767e-23, 1.05902265163e-23, 1.01188829143e-23, 1.5484763701e-23, 1.768825258e-23, 1.2090027802e-23, 1.41642815432e-23, 9.93663395713e-24, 9.95477223592e-24, 1.18171134832e-23, 1.29706908174e-23, 7.73969577913e-24], "dmean": [0.00232445518486, 0.00301491422579, 0.00117319822311, 0.000673613860272, 0.000602293817792, 0.000241189205553, 0.000111524823296, 9.89594191196e-05, 6.66542036925e-05, 5.90779927734e-05, 4.11017172155e-05, 7.67684396124e-05, 0.000235715546296, 3.4653559851e-05, 1.30842081489e-05, 1.62572778208e-05, 1.69098912011e-05, 1.76559005922e-05, 1.63452059496e-05, 1.69309441844e-05, 5.61916067454e-06, 5.96064683123e-06, 6.07411175224e-06, 7.35106095817e-06, 5.47045601706e-06, 5.39816983292e-06, 3.9075184759e-06, 3.99475857193e-06, 3.33402249453e-06, 2.16821308641e-06, 2.06691356652e-06, 1.7755251065e-06, 1.52497977979e-06, 1.80463928245e-06, 1.92739639715e-06, 1.32550576382e-06, 9.36650735639e-07, 9.46837701576e-07, 9.25756410197e-07, 7.20752723282e-07], "mean": [0.00514703895897, 0.00621784012765, 0.00213518319651, 0.00132233765908, 0.00122562551405, 0.000523147871718, 0.000209989200812, 0.000156684182002, 0.000137489405461, 0.000151198270032, 7.94074658188e-05, 0.00016313107335, 0.000595874385908, 8.4775252617e-05, 2.37793465203e-05, 3.02569042105e-05, 3.30096663674e-05, 2.5911589546e-05, 2.89133386104e-05, 3.84218910767e-05, 1.1142040421e-05, 1.23915524455e-05, 1.20680197142e-05, 1.54807512445e-05, 1.16102792163e-05, 9.72031830315e-06, 7.63275784266e-06, 8.56752831169e-06, 6.28592806606e-06, 3.54291614713e-06, 3.18117622555e-06, 2.82534847429e-06, 2.53588609667e-06, 2.73451723842e-06, 2.79050573226e-06, 2.08545770874e-06, 1.68463179762e-06, 1.6030653569e-06, 1.29672662297e-06, 9.18403372907e-07], "max": [0.0326883234084, 0.0486267060041, 0.0302790030837, 0.0191886648536, 0.0223101880401, 0.0172036476433, 0.00827964581549, 0.00729726906866, 0.00354440533556, 0.0110348388553, 0.00705861672759, 0.00738688232377, 0.0140384119004, 0.00262986682355, 0.000876369595062, 0.00130989961326, 0.00201086746529, 0.000845911970828, 0.000778034387622, 0.00144805538002, 0.000993948895484, 0.00069653626997, 0.000402740843128, 0.000502951967064, 0.000473460968351, 0.000172026193468, 0.000309150957037, 0.000212302067666, 0.000168809696333, 9.05161359697e-05, 0.000172077372554, 9.1292495199e-05, 0.000177180103492, 0.000258557236521, 0.000190614038729, 9.27131040953e-05, 7.87183453212e-05, 5.01437134517e-05, 6.18150515947e-05, 5.0176277e-05], "dmean2": [0.00383585691452, 0.00502522755414, 0.00199509877712, 0.00111349660438, 0.000950775982346, 0.000358850345947, 0.00017854309408, 0.000165008939803, 0.000100672950794, 8.9954744908e-05, 6.35174073977e-05, 0.000117284042062, 0.000351842492819, 5.22306763742e-05, 2.11162314372e-05, 2.59627086052e-05, 2.65243106696e-05, 2.82139280898e-05, 2.55714330706e-05, 2.71603839792e-05, 8.98752477951e-06, 9.67232062976e-06, 9.90953412838e-06, 1.20449012684e-05, 8.86634188646e-06, 8.80298921402e-06, 6.21043545834e-06, 6.37827861283e-06, 5.43809755982e-06, 3.48850153387e-06, 3.2804177863e-06, 2.80391464003e-06, 2.37206609199e-06, 2.78323159364e-06, 2.91429478239e-06, 2.06794493351e-06, 1.41645045915e-06, 1.4033166735