{"rhythm": {"bpm": 88.5767440796, "bpm_histogram_second_peak_weight": {"mean": 0.0229508187622, "min": 0.0229508187622, "max": 0.0229508187622, "dmean2": 0, "dvar": 0, "dmean": 0, "median": 0.0229508187622, "dvar2": 0, "var": 0}, "bpm_histogram_first_peak_weight": {"mean": 0.767213106155, "min": 0.767213106155, "max": 0.767213106155, "dmean2": 0, "dvar": 0, "dmean": 0, "median": 0.767213106155, "dvar2": 0, "var": 0}, "danceability": 0.981190085411, "beats_loudness": {"mean": 0.0328758098185, "min": 1.41666714626e-05, "max": 0.0892854332924, "dmean2": 0.0268180500716, "dvar": 0.000186590070371, "dmean": 0.0156220905483, "median": 0.0301414057612, "dvar2": 0.00055977969896, "var": 0.000373275077436}, "onset_rate": 2.78298211098, "bpm_histogram_second_peak_spread": {"mean": 0, "min": 0, "max": 0, "dmean2": 0, "dvar": 0, "dmean": 0, "median": 0, "dvar2": 0, "var": 0}, "bpm_histogram_first_peak_spread": {"mean": 0.195876300335, "min": 0.195876300335, "max": 0.195876300335, "dmean2": 0, "dvar": 0, "dmean": 0, "median": 0.195876300335, "dvar2": 0, "var": 0}, "beats_position": [0.719818592072, 1.43963718414, 2.17106580734, 2.90249419212, 3.62231278419, 4.34213161469, 5.05034017563, 5.75854873657, 6.52480697632, 7.2910656929, 7.96444416046, 8.64943313599, 9.33442115784, 10.0078001022, 10.6811790466, 11.3429479599, 12.0047159195, 12.6664848328, 13.328253746, 13.9784126282, 14.6401815414, 15.301949501, 15.9637184143, 16.6254863739, 17.298866272, 17.9722442627, 18.6340141296, 19.2957820892, 19.96916008, 20.642539978, 21.3159179688, 21.9892959595, 22.6626758575, 23.3244438171, 23.9862117767, 24.6595916748, 25.3329696655, 26.0063495636, 26.6797275543, 27.353105545, 28.0264854431, 28.6882534027, 29.3500213623, 30.0234012604, 30.6967792511, 31.3701572418, 32.0435371399, 32.7169151306, 33.3902931213, 34.0636711121, 34.7370529175, 35.4104309082, 36.0838088989, 36.7687988281, 37.4421768188, 38.1155548096, 38.7773246765, 39.4507026672, 40.124080658, 40.7974586487, 41.4708366394, 42.1442184448, 42.8292045593, 43.5141944885, 44.1875724792, 44.86095047, 45.5459403992, 46.2309303284, 46.9043083191, 47.5776863098, 48.2510643005, 48.9360542297, 49.6210403442, 50.2944221497, 50.9678001404, 51.6527900696, 52.3261680603, 53.0111541748, 53.6845359802, 54.3579139709, 55.0312919617, 55.7162818909, 56.4012680054, 57.0746459961, 57.7596359253, 58.433013916, 59.1180038452, 59.8029937744, 60.4879798889, 61.1613578796, 61.8347396851, 62.5197257996, 63.2047157288, 63.889705658, 64.5746917725, 65.2480697632, 65.9330596924, 66.6064376831, 67.2798156738, 67.964805603, 68.6381835938, 69.3231735229, 70.0081634521, 70.6815414429, 71.3549194336, 72.0399093628, 72.724899292, 73.4214935303, 74.094871521, 74.7682495117, 75.4416275024, 76.1150131226, 76.7883911133, 77.461769104, 78.1351470947, 78.8085250854, 79.4819030762, 80.1552810669, 80.8286590576, 81.5020370483, 82.1521987915, 82.8139648438, 83.4757385254, 84.1491165161, 84.8224945068, 85.4958724976, 86.1692504883, 86.8542404175, 87.5392303467, 88.2126083374, 88.8859863281, 89.5709762573, 90.2559585571, 90.9293441772, 91.6143264771, 92.2993164062, 92.9843063354, 93.6692962646, 94.3542861938, 95.039276123, 95.7242584229, 96.4092483521, 97.0942382812, 97.7792282104, 98.4758224487, 99.1724243164, 99.8574142456, 100.542404175, 101.227394104, 101.912376404, 102.597366333, 103.282356262, 103.955734253, 104.629112244, 105.314102173, 105.999092102, 106.684082031, 107.357460022, 108.042449951, 108.727432251, 109.400817871, 110.074195862, 110.735961914, 111.409339905, 112.094329834, 112.767707825, 113.452697754, 114.149291992, 114.822669983, 115.496055603, 116.169433594, 116.842811584, 117.516189575, 118.189567566, 118.874557495, 119.559547424, 120.244529724, 120.929519653, 121.614509583, 122.299499512, 122.984489441, 123.66947937, 124.366073608, 125.039451599, 125.71282959, 126.386207581, 127.059593201, 127.732971191, 128.406341553, 129.079727173, 129.764709473, 130.449707031, 131.123077393, 131.796463013, 132.469833374, 133.143218994, 133.816589355, 134.501586914, 135.186569214, 135.859954834, 136.533325195, 137.218322754, 137.903305054, 138.588302612, 139.261672974, 139.935058594, 140.620040894, 141.293426514, 141.966796875, 142.640182495, 143.313552856, 143.986938477, 144.660308838, 145.333694458, 146.007064819, 146.680450439, 147.35383606, 148.027206421, 148.712203979, 149.397186279, 150.070556641, 150.743942261, 151.417327881, 152.102310181, 152.78729248, 153.460678101, 154.134063721, 154.807434082, 155.50402832, 156.200637817, 156.897232056, 157.593826294, 158.278823853, 158.963806152, 159.648788452, 160.333786011, 161.018768311, 161.692153931, 162.37713623, 163.073745728, 163.770339966, 164.466934204, 165.151931763, 165.836914062, 166.521896362, 167.206893921, 167.891876221, 168.576873779, 169.250244141, 169.935241699, 170.620223999, 171.305206299, 171.990203857, 172.686798096, 173.383392334, 174.068389893, 174.753372192, 175.449981689, 176.146575928, 176.843170166, 177.539764404, 178.236373901, 178.93296814, 179.629562378, 180.302947998, 180.987930298, 181.672927856, 182.357910156, 183.042892456, 183.739501953, 184.412872314, 185.086257935, 185.759628296, 186.421401978, 187.083175659, 187.744934082, 188.406707764, 189.080093384, 189.765075684, 190.438461304, 191.111831665, 191.796829224, 192.470199585, 193.143585205, 193.816955566, 194.490341187, 195.163711548, 195.837097168, 196.510467529, 197.183853149, 197.834014893, 198.484161377, 199.13432312, 199.796096802, 200.446258545, 201.108016968, 201.769790649, 202.431564331, 203.093322754, 203.662216187, 204.231109619, 204.800003052, 205.368881226, 205.937774658, 206.506668091, 207.075546265], "bpm_histogram_first_peak_bpm": {"mean": 89, "min": 89, "max": 89, "dmean2": 0, "dvar": 0, "dmean": 0, "median": 89, "dvar2": 0, "var": 0}, "beats_count": 306, "beats_loudness_band_ratio": {"mean": [0.391268372536, 0.208062306046, 0.238947048783, 0.115725524724, 0.0773314088583, 0.0323323532939], "min": [0.00715992646292, 0.0100447582081, 0.00778218824416, 0.00142528035212, 0.00201188283972, 0.000316677062074], "max": [0.971430599689, 0.760271847248, 0.726015508175, 0.735752105713, 0.605456233025, 0.621699154377], "dmean2": [0.339930564165, 0.235195457935, 0.258830547333, 0.134125262499, 0.0822362527251, 0.0597610287368], "dvar": [0.0262589287013, 0.0153757920489, 0.0175541527569, 0.00913790613413, 0.00386478076689, 0.0036098358687], "dmean": [0.199847683311, 0.136248335242, 0.145771145821, 0.0778990536928, 0.0482379235327, 0.0317119844258], "median": [0.367731332779, 0.159478783607, 0.19853900373, 0.0857366025448, 0.0456987321377, 0.0182992294431], "dvar2": [0.075463399291, 0.0419545210898, 0.0428256653249, 0.0256258342415, 0.00900369137526, 0.0108460877091], "var": [0.0476986169815, 0.0239820387214, 0.0286990962923, 0.0108551997691, 0.00776877580211, 0.00236437679268]}, "bpm_histogram_second_peak_bpm": {"mean": 105, "min": 105, "max": 105, "dmean2": 0, "dvar": 0, "dmean": 0, "median": 105, "dvar2": 0, "var": 0}}, "tonal": {"chords_number_rate": 0.00201207236387, "tuning_diatonic_strength": 0.651908636093, "chords_changes_rate": 0.0420299582183, "thpcp": [1, 0.781099319458, 0.670869112015, 0.733024835587, 0.421834498644, 0.22464568913, 0.242232382298, 0.2482842803, 0.485873669386, 0.911804080009, 0.791333675385, 0.382275313139, 0.260156810284, 0.2439160496, 0.469541251659, 0.777646303177, 0.588552415371, 0.280288308859, 0.21653342247, 0.190220743418, 0.312231332064, 0.432897478342, 0.397896528244, 0.67014747858, 0.966083407402, 0.635924458504, 0.278933256865, 0.216611504555, 0.231934815645, 0.497771769762, 0.722722828388, 0.523757338524, 0.296354144812, 0.275961190462, 0.359375029802, 0.686182141304], "hpcp": {"mean": [0.190344139934, 0.137942433357, 0.0780510529876, 0.0726801380515, 0.094648912549, 0.180720388889, 0.263370871544, 0.205718815327, 0.176687389612, 0.193057388067, 0.111098922789, 0.0591651313007, 0.0637969523668, 0.0653908476233, 0.12796497345, 0.240142628551, 0.208414241672, 0.100680179894, 0.06851772964, 0.0642403811216, 0.123663492501, 0.204809382558, 0.155007556081, 0.0738197788596, 0.0570285953581, 0.0500986017287, 0.0822326391935, 0.11401258409, 0.104794353247, 0.176497325301, 0.254438221455, 0.167483985424, 0.073462896049, 0.0570491626859, 0.0610848739743, 0.131098583341], "min": [6.73136892146e-05, 6.95559065207e-05, 3.75623167201e-05, 3.66879139619e-05, 1.10244736788e-05, 7.41724070394e-05, 0.000175757071702, 8.5004248831e-05, 0.000138267161674, 2.24379673455e-05, 1.89376914932e-05, 3.70291236322e-05, 2.58394757111e-05, 5.78640574531e-05, 4.37535418314e-05, 3.0309362046e-05, 5.4905685829e-05, 3.96869218093e-05, 1.91192266357e-05, 4.71257553727e-05, 0.000113793299533, 8.35625469335e-05, 0.00012384110596, 3.5983062844e-05, 1.47661894516e-05, 1.42167500599e-05, 9.21947575989e-05, 7.86772288848e-05, 3.58787947334e-05, 0.000102094556496, 3.09576280415e-05, 2.92188997264e-05, 2.74339836324e-05, 1.37999113576e-05, 1.4662276044e-05, 7.76843589847e-05], "max": [1, 1, 1, 1, 1, 1, 1, 1, 1, 1, 1, 1, 1, 1, 1, 1, 1, 1, 1, 1, 1, 1, 1, 1, 1, 1, 1, 1, 1, 1, 1, 1, 1, 1, 1, 1], "dmean2": [0.182143211365, 0.180806070566, 0.154512763023, 0.166232973337, 0.198187723756, 0.22323410213, 0.247697025537, 0.253442764282, 0.230529218912, 0.187849968672, 0.149189248681, 0.115725181997, 0.117787234485, 0.125820875168, 0.171042248607, 0.211329296231, 0.204838618636, 0.165483534336, 0.122348502278, 0.125906959176, 0.15776231885, 0.162872746587, 0.159237131476, 0.136353597045, 0.114260576665, 0.101148962975, 0.138272359967, 0.162647604942, 0.170700117946, 0.209762021899, 0.216182157397, 0.202679231763, 0.153371572495, 0.123229533434, 0.12990796566, 0.1724062711], "dvar": [0.0358329974115, 0.0343055762351, 0.0336474105716, 0.0364122726023, 0.0441247448325, 0.0426321960986, 0.0486679524183, 0.0464075990021, 0.0445421822369, 0.0413920916617, 0.0258835125715, 0.023947538808, 0.0238559097052, 0.0246483050287, 0.026251938194, 0.035562414676, 0.0343207754195, 0.029726844281, 0.0233891569078, 0.023901514709, 0.0287690963596, 0.0314528271556, 0.0260330792516, 0.0234733968973, 0.0220382623374, 0.0198066867888, 0.0276029165834, 0.030373763293, 0.032461296767, 0.0379909612238, 0.0422888100147, 0.0354222655296, 0.0319496020675, 0.0270968265831, 0.025756848976, 0.0330460555851], "dmean": [0.10742212832, 0.105292260647, 0.0860221982002, 0.0916122421622, 0.109785340726, 0.128378167748, 0.14341583848, 0.145130902529, 0.133290812373, 0.107860326767, 0.0845618471503, 0.064191699028, 0.0662686005235, 0.0699923932552, 0.0995392501354, 0.12666760385, 0.120688587427, 0.0944512337446, 0.0684872642159, 0.0704556182027, 0.091143168509, 0.0992101803422, 0.0963110178709, 0.0768470317125, 0.0635163336992, 0.0568472929299, 0.0775472596288, 0.0927722081542, 0.0969485715032, 0.122119992971, 0.128717646003, 0.117288976908, 0.0845806971192, 0.0678378716111, 0.0722154006362, 0.0985368490219], "median": [0.0407677814364, 0.0347677432001, 0.0138474982232, 0.0107321962714, 0.0133245922625, 0.0520722381771, 0.0852736383677, 0.0683255270123, 0.0534374006093, 0.0350619293749, 0.0226824432611, 0.0123306363821, 0.012707256712, 0.0144421281293, 0.0483188331127, 0.0887217149138, 0.0680429115891, 0.0262962207198, 0.0129046263173, 0.0125522529706, 0.0284826848656, 0.0405890122056, 0.034767434001, 0.0153755573556, 0.00855713523924, 0.00964903645217, 0.0208741053939, 0.0310575142503, 0.0340212546289, 0.0575606822968, 0.0871085077524, 0.0540906451643, 0.0121731432155, 0.00764305144548, 0.00812905374914, 0.0241138376296], "dvar2": [0.087173178792, 0.0903158783913, 0.0908972099423, 0.0997146293521, 0.123419977725, 0.114124521613, 0.122730493546, 0.126851662993, 0.119072847068, 0.103719100356, 0.071199990809, 0.0657536387444, 0.0647364333272, 0.0678946524858, 0.0711136162281, 0.0842774286866, 0.0846872404218, 0.0797159969807, 0.0623329766095, 0.0645120516419, 0.0753586813807, 0.0698445439339, 0.0638508200645, 0.064179867506, 0.059542581439, 0.0545873567462, 0.0767121762037, 0.0799345225096, 0.0895271450281, 0.104570150375, 0.104225598276, 0.0960704237223, 0.0891648381948, 0.0730566605926, 0.069504365325, 0.0902637913823], "var": [0.0900683328509, 0.0496351607144, 0.0327971242368, 0.0295102596283, 0.041047912091, 0.0689519122243, 0.113555215299, 0.0753514841199, 0.0654373019934, 0.099604472518, 0.0360805764794, 0.0218951236457, 0.0237230807543, 0.0233040936291, 0.0345842689276, 0.0982539579272, 0.0828530788422, 0.0328237749636, 0.0252972953022, 0.0209112782031, 0.0429513975978, 0.0975934788585, 0.0594721138477, 0.0230126213282, 0.0224550385028, 0.0173471290618, 0.0286724679172, 0.0423509292305, 0.0344676040113, 0.0612121149898, 0.112910479307, 0.0571475848556, 0.0285372529179, 0.0232561472803, 0.022798685357, 0.0535842329264]}, "tuning_frequency": 438.477722168, "chords_scale": "major", "chords_histogram": [32.2155151367, 16.36485672, 3.01810860634, 0, 0.581265389919, 0, 1.02839255333, 0.357701778412, 0.558908998966, 0.156494528055, 0.581265389919, 0.357701778412, 0, 0, 0.804829001427, 0.469483554363, 0.447127193213, 1.14017438889, 0.201207250357, 1.11781799793, 0.201207250357, 10.4627761841, 18.2204341888, 11.7147331238], "hpcp_entropy": {"mean": 1.86882793903, "min": 0.0423091053963, "max": 4.50114250183, "dmean2": 1.02214491367, "dvar": 0.262691229582, "dmean": 0.609706401825, "median": 1.87165880203, "dvar2": 0.710702478886, "var": 0.562823653221}, "chords_key": "G", "key_key": "G", "key_scale": "major", "tuning_nontempered_energy_ratio": 0.696350455284, "tuning_equal_tempered_deviation": 0.0203228052706, "key_strength": 0.775970160961, "chords_strength": {"mean": 0.544077396393, "min": 0.218130812049, "max": 0.806367814541, "dmean2": 0.00916564278305, "dvar": 7.67475430621e-05, "dmean": 0.0108195114881, "median": 0.545692741871, "dvar2": 7.49557366362e-05, "var": 0.0125734061003}}, "metadata": {"audio_properties": {"md5_encoded": "3e06fbdc3e2f1bd2d6a428907660c11f", "downmix": "mix", "equal_loudness": 0, "bit_rate": 128000, "analysis_sample_rate": 44100, "length": 207.673461914, "lossless": false, "replay_gain": -9.99073410034, "sample_rate": 44100, "codec": "mp3"}, "version": {"essentia_git_sha": "v2.1_beta2-2-gbb40004", "essentia_build_sha": "c0e182ba78c2de26e491b7b7a4a2c98c1ed34208", "extractor": "music 1.0", "essentia": "2.1-beta2"}, "tags": {"originaldate": ["0000"], "albumartist": ["Elvis Presley"], "albumartistsort": ["Presley, Elvis"], "musicbrainz_artistid": ["01809552-4f87-45b0-afff-2c6f0730a3be"], "title": ["Let It Be Me (Je T' Appartiens) (live)"], "asin": ["B000002WUD"], "musicbrainz_recordingid": ["072686b9-224b-476e-bbb2-10a7da728141"], "artist": ["Elvis Presley"], "genre": ["Classic Rock.Rock"], "script": ["Latn"], "acoustid_id": ["bcf83dc4-c119-4428-b5c3-9fcc75039437"], "tracknumber": ["5/27"], "musicbrainz_albumid": ["8f57e7cf-ca20-4035-8350-64f78218234c"], "album": ["The Essential 70's Masters"], "bpm": ["88"], "musicbrainz_albumartistid": ["01809552-4f87-45b0-afff-2c6f0730a3be"], "musicbrainz_releasegroupid": ["e524d62f-4f3a-3bce-ae2b-805b195aac62"], "artistsort": ["Presley, Elvis"], "musicbrainz album status": ["Official"], "date": ["0000"], "discnumber": ["5/5"], "file_name": "disc=05-track=05-title=Let-It-Be-Me-(Je-T'-Appartiens)-(live)-(year=0000-album=The-Essential-70's-Masters-artist=Elvis-Presley).128kbps.Classic-Rock.Rock.mp3", "acoustid_fingerprint": ["AQADtGGUPEnCJAnCRg2xJ6twED4uME_7IIWi5HnwaBfyNdGRKylxLcYfDaf2QCWVcHhO-CkUh-NSvJDmY1KaHGHOoNfRdFFwHleCUkqPNLeIZLuOm8Y1lMkPTymaZ8F-KciPRNPR6Ee1MeCxI88FXfkRlsMvoXnw4wnqHGaUD79wB8kuIzZT3MeO6hKsbcepYrvhI_SFF1c-7NGN-nDBPR9ESfhD7Bv6Ds-Hc1HwQ7guVKMeEY0zFX-gG2GPnsajJ-jVo0lY4BFFNH-OvkIeHA-U-3iC5wW3nGB4VfCH_MLhB2XijvhmBk-O5i76Iw96hkiUPMPz4J3wcAejJ8IxT3h4nEkj5EwDRx86rce54VJyyH_QK2iiH3uR_VLxpEf9CWnQaeEDvUeMpzl25Tma-Ed7Es-PcRGNJ58FxqKLZlKPL_nxoz2aK0N-XMqh36iiXoh2Gg6POjpiH9rzIt2DHs-L5xHuJMiFhN9xfnjyMHh0-EGeQ_U3IX-KH1cenFQi1PYRZhTy49Tx-MEz_MiL54HOI9yjEU1e3MePi_kyPHkCb6WOLwvOC_uCUOHB8Uj248zxoB7sSMEN50e3IhZzSGmV4_bgH2p8HI-iHtfRG3nQHz9-bcjlFZdoGT_6Q7gOKeGOJ4F7hEqm6ODf4U2w4zm-HFd04dEVnMKDanfhvsGT7PhsohJ3xOFl6IyRHz8K90LjPcEj4_gyodGVBpF4H-QDVRdyHU3zox2DPVODmqSCJiGPc-HwzMKNPlfRrGUSXMqER4fDHGuOJlunIOQDnXmEHFx2NFaso8nTDM-E8kdj9caORz8qM8eU4yr6DNRP1OKJJzleCc0uYTrz4IyOtHh09EmgZVl6xDqei_iMSUfz4nM-sErxI9cCLVdwYhKVa0OfH82hLxFy7thf1D4cKpnxvrh1hKJRaDwC_PgS_EJ4JRfKLMuDS4Ga6Xiewx904g8DPcZ1NFfQp8NnIr7wZUYTUil6Yj_64-3g-iOOdriPJyOas0U_FWHeQVslHdET_HhMoc80sCf8lMKJsh-qKMoIp2_RPjV-XMeN8IN25MSzLPhm9MpxRahS_MaZI_yx53B2XKjO41Ie5Hga41E2OD9O4Qm-7EiW6kPkxULzpUS-QsuRRRGXHbeS4nh-9IGPHMp39AoTPPcyVMp0NMOLf3gy4-4oNAlrhB_ww9ONH-3RXBmeNDF2_EcVY2xtbNNo_EiREM6doDzYhMebJLjQ_HgRhnvwU0XT-Kj9THiOH82eicjSH2cm41Lwg_RVOFOeFAdz4jpywW8NHb4WB5MbGalnBT8eh9iLMOMj1MppPIcWl4e7pUGo3DguHbt2PFKPHieabTpyqBuDMIqSoCd-XDraK0eY6ygVDVo04g9xSjgzKN_RI2d44seH88OP7Sjd4MlkfMyxCxdO0VHwzEiW-AhNBQ9-NH_gdTnO4zOc_EYlHe2DXxgimbiOS1p-yKoTwjvxzAreH4cjDa-Y4c6EH1qi_sN0_Mev48sedNuOR4H-DGWRP2ieo_qGZz2eLYdHHfkTQv18xMmPhj96Kvjx5WiOI8ykDvqHBzoTZYiY2uiLK8MVBi2J58e5EKk-RgmSTziVHR-ahUe_42nwTSiP_Uf6Q_NxHbGk4DrRpcvRv_hxhgqaPUa4HjoRPgqaW8SF__jREw1_5A-Srzqa6fDRysO148IlYlJCGUmPTEwCRzqef-h7MMlWhah-PNKDxzkeHulzQXniJMjx4wkt_Hg2NPIooX4j7DouJcIlJUbzD_yMRn2G68edEM9CI0xe1I5W4U8gXUfzJIZH8kKVJviNMw584bwOvSrcKSJi7QoaHf1x0XjEG1kuNPkqaJmmG1Wbo1HUXKiOD36UOLgkE3pSokFJ-nh2ZE8RCo3yoTpSNh-DWR-F1OFxXIf4DOeP2_hE4_KhWVFp5Lh-fEqeo9tmODp69Eh2hUc-VsFz_CF-NNGjoFNWxNoufE-CfnCVKNVQ_gl-qD_KLjNSJ7NQUcfl4lfwE2UY5UYzUbhQS2imI2JvQc1YJSryiELz5uhz_PiD-0Tjh_iaMIa5h5hXSkjDY1K8Qz-eI7uEHv5wLQjj5Mdr6AqcXPixn7iGh5mC59ByBZoe3PhIPAwzhG-O3TCXw0cY8IfqIzzIixb-41IJd8ejCzd8MMLDrDieC38W7OfQxAmqPEd-6MhlJ_iHnscj9EpxRBfu40fFIw_ASCme-4jZo99VSKqCNLrwhAt-bH-KK4en-DDPo08SXPhRHw2lrMhlqEd0gjGaKS-6Zg_RxK3wHJmTHNeL8DTgLw9qSUdzlNvxH3-O5l_QJ8cVpE8DvaOCMHxiVIlyfI-wJ9fwY1Py4HqMM_kQPoei5MOPR8alpYglUiea_Qj74iFKPdBiHrkcXBkqOEmjo1XCKfiTEDtq_Mhy4YI0B-8Rda6I_oIjRy_6FS0P77iOMMmiB0l_HCeLnlEY7Nl1mNFw4UTlrDiPjyPyHF-sCGLaVMiDZ4KrDPsT4ug5ovmF8CEahi2-4bh2ocp-iC969NCXEaXYBs9u7Ed1KghT58FP3I_x48O1URH-IhmF_EEf_HheXNfRXOh-NEe-DzryMMeP38ihIj2O5_iHw8cP9x_C01D4U8gr48aPSTIe4pUQ-FCk46NIhKrhEmV59JhZuLaElImOPsc_Qn9wMgdAQPUAGACMAAYBIwADiFgBkCLGAGMAwEoAI5wBQDBjEDEACiQlIwJgoYwwCgKCHDcGCSAEQMIyAKlAQlAComACESMIEBAaQxSARihlnAOAK2GUAAQQYAg1kiggADACGCGsIQYAgAAiggAjABNAAUCAwIoSAQhCQCBhiCBEMaAgcAISQABSSBEBCICEMQIBIYAYR5FxQBkDhGBAEAUMcdY5QQggCDACFLAEAACEksQiQwQhDggCNGVWAGAtY44QYhAGAChiDEJGEWCAcgEIQJ1BRBgGKAKKQQYdQUAUYRggQABAGGZCAYKQF8IA6JQRICnkhECOSSIKEEYjIoyBwiikHdEQCaGAYEQ4zBQhFhJDhXVOCSYcFQoIIIgWhglAlQBEKIKYUoQQBwEgREGCmACAAYcAQ9QbAYTAAkCCCIBSEAOEAckoIJEDjgDiODMADOMMQIIRQwQQTDAqBAIIWYIoMVoABYgzDgkKBHFFEiScAoZaAikwBBhpCBNEAEEICoQ6AQ2SIAgBkQJGGEAIcYAIRQAAigkEwEIMCyCQIVAAIpRjAgghkCNEIEYAIUQJBYpDiBhjAENECMCABIAQSChSQAEgsEFQCCEMZYAAgsQgDFgClBBKKEAAc1IIAZgQCCkDBAVESSYFcZQQwYgARhAgqACGEWQEMMwSAwQRRighLAHCABCQEAwwJoABlihkhEEEAkcEAQRYIhowCiHEjRCICAEUggQzKRwBCgAIiBDWIUKMIwgQpIhihCBgEIYQCUOVE8Agw5QwgBNJNQAEMIMQVQIghJARAAktBDNEOeEtQAJqKQQRQAgBNDCIGAQoN0AKopRgVhIgBBBGGACIIEAAAg0AjAEjqAJEASCAclAYAARjhEgICVDEQyKMEUIJkAABxBEhBOAMOEU0ggAAqIhACANiALNCEaKEMQIB45ApzCgkLCAAGEAIIQsAIQURRgpHGMGmUQGQMIAixqRVRiBBBCSKAYIA"], "language": ["eng"], "musicbrainz album type": ["compilation"]}}, "lowlevel": {"mfcc": {"mean": [-673.396179199, 157.527420044, -15.3873186111, 27.2714176178, -0.347447216511, 10.6686067581, -10.4341945648, 11.1924371719, -3.45762252808, 0.619233906269, 1.78494000435, 4.37376260757, 0.552355229855], "cov": [[5745.17236328, -417.979888916, -646.414794922, 48.7176551819, -221.497573853, -78.8598403931, -119.575286865, 140.580551147, -68.8207168579, -1.43886590004, 8.49518203735, 38.5226211548, -118.713050842], [-417.979888916, 900.172607422, -161.828430176, 17.6989059448, -16.7891330719, -59.718875885, -26.0511684418, 7.66626119614, -57.1089477539, -12.0917291641, 13.9968986511, 35.3675880432, -5.13408184052], [-646.414794922, -161.828430176, 567.652587891, 1.59205663204, 37.7779884338, 46.1696052551, 26.9717941284, -28.5084514618, 19.1385154724, -42.9879455566, -24.5351009369, -33.1223144531, 33.0684089661], [48.7176551819, 17.6989059448, 1.59205663204, 290.61831665, 47.4322433472, 1.74635493755, 39.216960907, -44.2472267151, 21.2916316986, 13.5236330032, -53.3182868958, -43.3922653198, 8.61150360107], [-221.497573853, -16.7891330719, 37.7779884338, 47.4322433472, 252.522277832, 51.0875740051, -54.3290634155, -25.9629535675, 7.1193318367, 21.7752094269, -3.68517565727, -39.8936271667, -14.4915485382], [-78.8598403931, -59.718875885, 46.1696052551, 1.74635493755, 51.0875740051, 146.867477417, 52.4148368835, 8.35412883759, 14.97423172, 12.9124364853, 12.8147363663, 8.0247631073, -5.51511478424], [-119.575286865, -26.0511684418, 26.9717941284, 39.216960907, -54.3290634155, 52.4148368835, 210.584671021, 23.1218452454, 53.228427887, 6.24387454987, 0.575100183487, 22.4466762543, 29.4077529907], [140.580551147, 7.66626119614, -28.5084514618, -44.2472267151, -25.9629535675, 8.35412883759, 23.1218452454, 152.127334595, 7.42974948883, -4.17183208466, 27.3236885071, 36.2895622253, 1.28681755066], [-68.8207168579, -57.1089477539, 19.1385154724, 21.2916316986, 7.1193318367, 14.97423172, 53.228427887, 7.42974948883, 104.906440735, 37.4487304688, 1.17358314991, -5.73019886017, 10.6858673096], [-1.43886590004, -12.0917291641, -42.9879455566, 13.5236330032, 21.7752094269, 12.9124364853, 6.24387454987, -4.17183208466, 37.4487304688, 111.45866394, 37.0960273743, 9.36718940735, -6.21561193466], [8.49518203735, 13.9968986511, -24.5351009369, -53.3182868958, -3.68517565727, 12.8147363663, 0.575100183487, 27.3236885071, 1.17358314991, 37.0960273743, 117.673469543, 52.3235855103, -3.88159132004], [38.5226211548, 35.3675880432, -33.1223144531, -43.3922653198, -39.8936271667, 8.0247631073, 22.4466762543, 36.2895622253, -5.73019886017, 9.36718940735, 52.3235855103, 107.392875671, 23.7546157837], [-118.713050842, -5.13408184052, 33.0684089661, 8.61150360107, -14.4915485382, -5.51511478424, 29.4077529907, 1.28681755066, 10.6858673096, -6.21561193466, -3.88159132004, 23.7546157837, 87.078704834]], "icov": [[0.000246653129579, 0.000191239349078, 0.000286139169475, -0.000179495589691, 0.00023834015883, -2.34842664213e-05, 0.000198892128537, -0.000212867729715, 9.44236744544e-05, 7.70938349888e-05, 1.38535251608e-05, -7.80624977779e-05, 0.000246604497079], [0.000191239349078, 0.0013967230916, 0.000511841208208, -0.000305875233607, 4.51813975815e-05, 0.000454801425803, 2.79693995253e-05, -0.000169514707522, 0.00067291490268, 0.00016833236441, -6.50691072224e-05, -0.000465037621325, 0.000261720066192], [0.000286139169475, 0.000511841208208, 0.00243291491643, -6.28357302048e-05, 5.31389414391e-05, -0.000584801717196, 0.000133413443109, 0.000116674105811, -0.000267979921773, 0.00113099126611, -0.000192214385606, 0.000568265328184, -0.000622374354862], [-0.000179495589691, -0.000305875233607, -6.28357302048e-05, 0.00451835244894, -0.00110693718307, 0.000469029124361, -0.00145013793372, 0.000956433650572, -7.6737429481e-05, -0.000967125291936, 0.00166603899561, 0.000905648455955, -0.000597028294578], [0.00023834015883, 4.51813975815e-05, 5.31389414391e-05, -0.00110693718307, 0.00575306080282, -0.00268069794402, 0.00249946769327, -5.23706366948e-05, -0.000579969608225, -0.000542659079656, -0.000587129266933, 0.00162039324641, -7.45876968722e-05], [-2.34842664213e-05, 0.000454801425803, -0.000584801717196, 0.000469029124361, -0.00268069794402, 0.0093829035759, -0.0032326343935, -0.000183421492693, 0.000722498167306, -0.000597393664066, -0.000218474073336, -0.00125125388149, 0.00161335349549], [0.000198892128537, 2.79693995253e-05, 0.000133413443109, -0.00145013793372, 0.00249946769327, -0.0032326343935, 0.00774616282433, -0.000779971771408, -0.00334411556832, 0.000763643882237, 1.38993864311e-05, -0.00076310505392, -0.00135403324384], [-0.000212867729715, -0.000169514707522, 0.000116674105811, 0.000956433650572, -5.23706366948e-05, -0.000183421492693, -0.000779971771408, 0.00784992892295, -0.0010885684751, 0.00109156535473, -0.000848645984661, -0.00175587600097, 0.000340649712598], [9.44236744544e-05, 0.00067291490268, -0.000267979921773, -7.6737429481e-05, -0.000579969608225, 0.000722498167306, -0.00334411556832, -0.0010885684751, 0.0136374291033, -0.00483825942501, 0.000701146200299, 0.00146050006151, -0.00101359141991], [7.70938349888e-05, 0.00016833236441, 0.00113099126611, -0.000967125291936, -0.000542659079656, -0.000597393664066, 0.000763643882237, 0.00109156535473, -0.00483825942501, 0.0128373512998, -0.00429111672565, -0.000268144300207, 0.000770917860791], [1.38535251608e-05, -6.50691072224e-05, -0.000192214385606, 0.00166603899561, -0.000587129266933, -0.000218474073336, 1.38993864311e-05, -0.000848645984661, 0.000701146200299, -0.00429111672565, 0.0133742308244, -0.00574378110468, 0.00159028510097], [-7.80624977779e-05, -0.000465037621325, 0.000568265328184, 0.000905648455955, 0.00162039324641, -0.00125125388149, -0.00076310505392, -0.00175587600097, 0.00146050006151, -0.000268144300207, -0.00574378110468, 0.0154042979702, -0.00462173717096], [0.000246604497079, 0.000261720066192, -0.000622374354862, -0.000597028294578, -7.45876968722e-05, 0.00161335349549, -0.00135403324384, 0.000340649712598, -0.00101359141991, 0.000770917860791, 0.00159028510097, -0.00462173717096, 0.0141839729622]]}, "barkbands_spread": {"mean": 16.8367347717, "min": 1.48327350616, "max": 89.2268218994, "dmean2": 5.18575191498, "dvar": 15.8082075119, "dmean": 3.32352256775, "median": 15.3750944138, "dvar2": 33.3339996338, "var": 86.8858337402}, "spectral_strongpeak": {"mean": 1.03941679001, "min": 0.00300539657474, "max": 16.4211406708, "dmean2": 0.838618338108, "dvar": 0.814663589001, "dmean": 0.505476176739, "median": 0.503501951694, "dvar2": 2.00231552124, "var": 1.7937694788}, "melbands_crest": {"mean": 12.8668575287, "min": 2.98059797287, "max": 31.2309780121, "dmean2": 4.10560178757, "dvar": 5.96229219437, "dmean": 2.55045843124, "median": 12.1835107803, "dvar2": 14.8942222595, "var": 20.0068149567}, "spectral_energyband_middle_high": {"mean": 0.00511557515711, "min": 5.0817316577e-08, "max": 0.0799937546253, "dmean2": 0.00224306830205, "dvar": 6.14914006292e-06, "dmean": 0.00147081969772, "median": 0.00279173883609, "dvar2": 1.33795165311e-05, "var": 4.33297209383e-05}, "spectral_rms": {"mean": 0.00447929464281, "min": 8.27614439913e-06, "max": 0.0116991084069, "dmean2": 0.000840953551233, "dvar": 3.97252762241e-07, "dmean": 0.000559591280762, "median": 0.00445893127471, "dvar2": 8.60040017869e-07, "var": 3.52683173332e-06}, "spectral_flux": {"mean": 0.068095728755, "min": 0.000264965929091, "max": 0.334637790918, "dmean2": 0.029056429863, "dvar": 0.000436674366938, "dmean": 0.0183184091002, "median": 0.0625761374831, "dvar2": 0.00106965878513, "var": 0.00151218927931}, "erbbands_flatness_db": {"mean": 0.199510008097, "min": 0.0516168661416, "max": 0.371279299259, "dmean2": 0.0237986259162, "dvar": 0.00027331765159, "dmean": 0.0169901754707, "median": 0.199085101485, "dvar2": 0.000488264515297, "var": 0.00189268158283}, "barkbands_flatness_db": {"mean": 0.174787551165, "min": 0.0470385365188, "max": 0.363638579845, "dmean2": 0.0257952213287, "dvar": 0.000282688881271, "dmean": 0.0173159278929, "median": 0.173300296068, "dvar2": 0.000593159697019, "var": 0.00189117679838}, "spectral_entropy": {"mean": 7.22547578812, "min": 5.57614898682, "max": 8.3146982193, "dmean2": 0.206339374185, "dvar": 0.0214733649045, "dmean": 0.141313835979, "median": 7.23552656174, "dvar2": 0.0400081574917, "var": 0.151428937912}, "spectral_energyband_high": {"mean": 0.000209748061025, "min": 8.3125346606e-09, "max": 0.0115441968665, "dmean2": 0.000111073175503, "dvar": 5.1020300873e-08, "dmean": 7.97596221673e-05, "median": 9.10765957087e-05, "dvar2": 9.10152664346e-08, "var": 1.8565626192e-07}, "barkbands_kurtosis": {"mean": 3.54468297958, "min": -1.85424005985, "max": 96.0442581177, "dmean2": 3.03684949875, "dvar": 10.3370962143, "dmean": 1.92782080173, "median": 1.63294172287, "dvar2": 25.0404033661, "var": 43.825668335}, "spectral_complexity": {"mean": 16.5910568237, "min": 0, "max": 50, "dmean2": 3.71922183037, "dvar": 4.88630485535, "dmean": 2.33586764336, "median": 16, "dvar2": 11.2154397964, "var": 63.7471084595}, "spectral_contrast_coeffs": {"mean": [-0.646433115005, -0.707470417023, -0.752148032188, -0.758618354797, -0.737601995468, -0.715146124363], "min": [-0.910834312439, -0.921507716179, -0.940776586533, -0.925716757774, -0.919174492359, -0.885542392731], "max": [-0.323365628719, -0.393505215645, -0.442212373018, -0.52936822176, -0.361792713404, -0.50155133009], "dmean2": [0.0717165097594, 0.0734139531851, 0.0621297061443, 0.049160182476, 0.0457220226526, 0.0297482404858], "dvar": [0.00136549363378, 0.00137887941673, 0.000917804369237, 0.000584318069741, 0.000780100526754, 0.000283464323729], "dmean": [0.0441769175231, 0.0452850945294, 0.0379984080791, 0.030388219282, 0.0293887630105, 0.0188752748072], "median": [-0.650505363941, -0.713594615459, -0.755954802036, -0.764804244041, -0.74210268259, -0.710122287273], "dvar2": [0.00354720745236, 0.00349700264633, 0.0024120376911, 0.00144789775368, 0.00166291510686, 0.000634120951872], "var": [0.00768923200667, 0.00649432651699, 0.00370268919505, 0.00327857839875, 0.00372145790607, 0.00183261057828]}, "spectral_centroid": {"mean": 1053.47229004, "min": 196.323791504, "max": 5027.0703125, "dmean2": 250.305206299, "dvar": 34796.4375, "dmean": 160.463729858, "median": 962.770996094, "dvar2": 71036.421875, "var": 232846.734375}, "spectral_energyband_low": {"mean": 0.0063716666773, "min": 5.79914172238e-10, "max": 0.0826783403754, "dmean2": 0.00348879466765, "dvar": 1.75351306098e-05, "dmean": 0.00214469619095, "median": 0.00468108104542, "dvar2": 4.482013901e-05, "var": 3.8307858631e-05}, "dissonance": {"mean": 0.451727032661, "min": 0.230434790254, "max": 0.500000059605, "dmean2": 0.0375528074801, "dvar": 0.000455887406133, "dmean": 0.0223582498729, "median": 0.459210336208, "dvar2": 0.00125533749815, "var": 0.00114259927068}, "zerocrossingrate": {"mean": 0.0422249995172, "min": 0.0029296875, "max": 0.26513671875, "dmean2": 0.00668224040419, "dvar": 5.04377348989e-05, "dmean": 0.00538097508252, "median": 0.03857421875, "dvar2": 5.73477991566e-05, "var": 0.000436676928075}, "erbbands": {"mean": [0.0678111836314, 0.868550300598, 2.26510500908, 4.78904914856, 9.11673164368, 11.3994760513, 7.91755437851, 15.2482442856, 33.1661682129, 54.6085700989, 41.3541069031, 38.9169235229, 22.6735668182, 20.2967662811, 30.8250770569, 41.4320335388, 34.0837593079, 30.3856544495, 27.2906246185, 24.7242527008, 21.4062213898, 22.4326686859, 15.2731819153, 10.4912090302, 5.93218994141, 3.89857339859, 2.25521731377, 2.38792681694, 2.09885525703, 1.76093089581, 1.03254330158, 0.564738631248, 0.18856176734, 0.071373552084, 0.0264739710838, 0.00605604518205, 0.00105089589488, 0.000107198182377, 1.55223915499e-05, 2.82844830508e-05], "min": [1.00672381542e-09, 1.84623498711e-08, 3.20232970807e-07, 6.58741214465e-07, 6.1210118929e-07, 2.68485928245e-06, 1.22267010738e-06, 1.8543121314e-06, 8.77269030752e-07, 7.2531713613e-07, 9.18211640055e-07, 5.95931305725e-06, 8.71847078088e-06, 1.73480862031e-06, 2.45942169386e-06, 5.75053636567e-05, 0.000141102922498, 0.000125846956507, 0.00011447633733, 0.000148459541379, 0.000163107935805, 0.000196628461708, 0.000179556038347, 0.000174744651304, 0.000101171230199, 9.00042359717e-05, 0.000102846090158, 0.000103380763903, 9.31995091378e-05, 2.26247993851e-05, 1.97544395633e-05, 2.49426611845e-05, 2.11374008359e-05, 1.40092663514e-06, 6.13734485455e-08, 2.47499123418e-08, 1.44072780373e-08, 3.90982890508e-09, 1.23091781212e-09, 2.21175869286e-10], "max": [0.66172015667, 12.6456680298, 44.8451766968, 93.4774475098, 192.170425415, 178.533737183, 206.071228027, 769.95526123, 973.928710938, 1738.6640625, 1869.01330566, 2668.33740234, 876.470275879, 827.823181152, 1378.24487305, 1771.73071289, 2752.20361328, 2942.04345703, 3089.46850586, 2118.72216797, 516.983032227, 556.269958496, 378.62902832, 202.753417969, 168.130111694, 64.0995025635, 52.5369987488, 67.4885559082, 104.022789001, 103.834526062, 250.487869263, 170.573928833, 16.7081184387, 6.7693734169, 2.07424855232, 0.53675365448, 0.0651201158762, 0.0126745495945, 0.000373224553186, 0.000156702109962], "dmean2": [0.0335086472332, 0.453565776348, 1.69157612324, 4.16120290756, 7.79707145691, 8.89350509644, 6.12973308563, 11.8049087524, 26.2031402588, 44.278842926, 31.4486122131, 30.1814689636, 19.4626560211, 16.8127841949, 27.8613967896, 36.1622886658, 26.8894290924, 24.3993740082, 20.2358188629, 18.952123642, 14.8369207382, 15.3174324036, 9.4746131897, 7.03758907318, 4.03875875473, 2.95269393921, 1.61506307125, 1.75854635239, 1.53136670589, 1.2931163311, 0.815992414951, 0.432567209005, 0.14178083837, 0.0644309297204, 0.0320553034544, 0.00770160462707, 0.00138194835745, 0.000160160547239, 7.22984259482e-06, 1.01813966467e-05], "dvar": [0.0012746641878, 0.308410823345, 5.03429508209, 30.8375034332, 85.7682266235, 114.55305481, 56.6479721069, 354.495666504, 1928.99169922, 6174.45654297, 2463.09277344, 4611.66259766, 763.85559082, 718.294372559, 1278.09924316, 4354.35595703, 2477.24926758, 2415.72338867, 2872.97802734, 1851.14550781, 359.789154053, 370.579620361, 139.336349487, 68.1861495972, 33.4182052612, 10.8435163498, 4.19656181335, 5.75134420395, 10.5640926361, 9.39418697357, 12.5744180679, 5.18318367004, 0.156434044242, 0.0175687018782, 0.00507381372154, 0.000292801938485, 9.11499319045e-06, 2.10339337059e-07, 1.40320685627e-10, 7.89436155335e-11], "dmean": [0.0203338973224, 0.277933299541, 1.01766324043, 2.57767319679, 4.85437679291, 5.58873796463, 3.85996985435, 7.63929462433, 17.6348686218, 28.4772071838, 20.6794624329, 19.6528224945, 12.4927062988, 10.5256700516, 17.1712112427, 22.9325580597, 16.9033298492, 15.8797531128, 13.6925725937, 12.1574497223, 9.29445934296, 9.51508712769, 5.8658823967, 4.2961640358, 2.49253559113, 1.81923222542, 1.03278040886, 1.13563227654, 1.02583372593, 0.883149206638, 0.546559751034, 0.290697872639, 0.0945767536759, 0.0446111187339, 0.0216765198857, 0.00529610691592, 0.000907075125724, 9.78856478469e-05, 4.80180915474e-06, 6.69512473905e-06], "median": [0.04930036515, 0.540873646736, 1.42949318886, 2.14584207535, 4.05827093124, 4.71824789047, 3.9799118042, 6.10318470001, 9.51526355743, 12.9554481506, 14.4902467728, 8.27155780792, 9.88468933105, 7.6423830986, 12.3595371246, 11.0696306229, 7.07476425171, 8.91467571259, 6.66799402237, 7.72731637955, 8.46504116058, 8.80816459656, 6.34409713745, 4.82252788544, 2.74828410149, 1.99612188339, 1.12338662148, 1.07043063641, 0.7927095294, 0.50498354435, 0.278252691031, 0.127843931317, 0.0324770584702, 0.0111189484596, 0.0025966365356, 0.000478375441162, 0.000114817346912, 1.80372499017e-05, 1.1959391486e-05, 2.38045995502e-05], "dvar2": [0.00344478199258, 0.824513971806, 13.3325843811, 77.2966537476, 224.698364258, 280.135467529, 135.713256836, 825.232543945, 4047.96948242, 13825.3867188, 5300.78417969, 9546.05175781, 1789.87219238, 1652.27099609, 3335.06835938, 10123.8398438, 6053.76416016, 5317.32373047, 4975.34179688, 4435.02099609, 891.09564209, 928.563293457, 358.497070312, 179.045928955, 88.6459121704, 29.1436309814, 9.92521572113, 13.6362304688, 24.9282073975, 19.8715572357, 24.3694801331, 10.7909231186, 0.34990799427, 0.0364068411291, 0.010803504847, 0.000614240881987, 2.22434719035e-05, 5.72495991946e-07, 3.61716906427e-10, 1.78975265164e-10], "var": [0.00506511889398, 0.870097637177, 8.21654987335, 56.2621841431, 178.465774536, 339.946136475, 150.391403198, 841.965270996, 5002.84814453, 17165.2578125, 7358.08154297, 16116.1494141, 1887.25341797, 1939.63415527, 3020.03955078, 10383.6533203, 7736.79882812, 7149.9765625, 8166.13867188, 4068.22802734, 1396.41064453, 1564.15319824, 693.291564941, 269.208984375, 123.329681396, 32.5035896301, 11.5048027039, 15.6445083618, 26.6755008698, 28.3608379364, 22.9940471649, 8.8920545578, 0.531338870525, 0.0429531224072, 0.0072411056608, 0.000421120348619, 1.06243705886e-05, 1.77709281957e-07, 2.40153785747e-10, 4.5025086437e-10]}, "pitch_salience": {"mean": 0.54474401474, "min": 0.11881788075, "max": 0.842882514, "dmean2": 0.0905072763562, "dvar": 0.00244780234061, "dmean": 0.0562067739666, "median": 0.547446846962, "dvar2": 0.00623233243823, "var": 0.0098195001483}, "silence_rate_60dB": {"mean": 0.0709893777966, "min": 0, "max": 1, "dmean2": 0.0241529680789, "dvar": 0.0119285313413, "dmean": 0.012075134553, "median": 0, "dvar2": 0.0275919530541, "var": 0.0659509375691}, "melbands": {"mean": [0.000800463720225, 0.00122083944734, 0.000965509796515, 0.000769191072322, 0.000321113649989, 0.000349810637999, 0.000544421491213, 0.000560353277251, 0.000330639100866, 0.00022228443413, 0.000105175648059, 7.60856783018e-05, 0.000108598469524, 9.18928126339e-05, 0.000109139960841, 5.16503860126e-05, 5.86419737374e-05, 4.2115971155e-05, 3.58214747394e-05, 2.9545295547e-05, 2.55931790889e-05, 2.48341202678e-05, 1.82638032129e-05, 1.2601065464e-05, 7.96161475591e-06, 4.75206798001e-06, 3.11733060698e-06, 2.33648120229e-06, 1.16157946195e-06, 1.70844396052e-06, 1.27761677504e-06, 1.15853561056e-06, 1.16307637654e-06, 8.91766205768e-07, 6.02301611252e-07, 4.69729542374e-07, 2.98952386402e-07, 1.37254573929e-07, 8.20225665166e-08, 5.19784180142e-08], "min": [1.0390981478e-11, 1.21471527281e-10, 9.76580483147e-11, 1.23780166672e-10, 6.51617995673e-11, 3.82618312034e-11, 1.24332176499e-11, 6.8276777461e-12, 1.02432107935e-11, 4.17411140374e-11, 4.31475306872e-11, 6.83316250805e-12, 2.27010858028e-12, 4.56507921742e-11, 1.49531331761e-10, 3.07462250104e-10, 1.83003168175e-10, 1.63291685729e-10, 2.07857189793e-10, 1.81539658306e-10, 1.95720328833e-10, 8.40919070488e-11, 5.34296183685e-11, 1.38380792936e-10, 8.7405485627e-11, 8.05022992711e-11, 1.84226375474e-12, 1.67571523064e-13, 2.48675158156e-13, 2.26945285481e-12, 5.2191268668e-11, 5.8139215664e-11, 3.07548014833e-11, 4.87790493761e-12, 8.77151042772e-12, 1.68964599256e-11, 1.39757936127e-11, 1.67151240765e-11, 5.66099424282e-12, 4.85683982452e-14], "max": [0.00850399211049, 0.0194282494485, 0.0199394505471, 0.0111424969509, 0.00681710243225, 0.0154648032039, 0.0158993452787, 0.0205700155348, 0.0149614913389, 0.0154292779043, 0.0042966180481, 0.00395948020741, 0.00464752269909, 0.00330980122089, 0.00379435834475, 0.00436116196215, 0.00688282866031, 0.00438118213788, 0.00251884385943, 0.00179448688868, 0.000614933553152, 0.000561437103897, 0.000932355469558, 0.000274427497061, 0.000174747125129, 0.000157801230671, 9.42802580539e-05, 3.80168094125e-05, 2.79738560494e-05, 7.74647342041e-05, 3.45610096701e-05, 6.92838657415e-05, 6.58984135953e-05, 6.40360303805e-05, 0.000123013567645, 0.000201904855203, 7.18241426512e-05, 1.30765483846e-05, 5.39558322998e-06, 6.47469369142e-06], "dmean2": [0.000384086888516, 0.000766220968217, 0.000788578006905, 0.000618377001956, 0.000233611732256, 0.000269392767223, 0.000422950193752, 0.000452877138741, 0.000255440914771, 0.00017848922289, 9.60505130934e-05, 6.75825285725e-05, 0.000106308958493, 8.28101910884e-05, 9.27357104956e-05, 4.55055196653e-05, 5.05423558934e-05, 3.39200778399e-05, 2.97852402582e-05, 2.32766797126e-05, 2.06018812605e-05, 1.87571840797e-05, 1.47446298797e-05, 9.42780388868e-06, 6.16981287749e-06, 3.5720681808e-06, 2.40845793087e-06, 1.92578841052e-06, 9.50296566771e-07, 1.4847582861e-06, 1.0101106227e-06, 9.22069943954e-07, 9.20970023799e-07, 7.25835207049e-07, 5.20606192822e-07, 4.12300209973e-07, 2.50261905421e-07, 1.17258501575e-07, 7.26872571022e-08, 5.40015001604e-08], "dvar": [1.84514220791e-07, 9.46080774611e-07, 9.94691959022e-07, 4.75283655987e-07, 7.26267614937e-08, 1.68540779555e-07, 4.37851042534e-07, 6.4934204147e-07, 1.64217027532e-07, 1.52725661451e-07, 1.92467126681e-08, 1.28706814095e-08, 1.92449096659e-08, 1.80247834436e-08, 2.43884112905e-08, 7.12139813785e-09, 1.09473781151e-08, 7.2187651412e-09, 5.14344256075e-09, 1.91333993094e-09, 7.27358950847e-10, 5.76769298988e-10, 5.74741532144e-10, 1.2326378