{"metadata": {"tags": {"label": ["Rhymesayers Entertainment"], "originalyear": ["2009"], "asin": ["B002M9FYE4"], "album": ["R\u00e1dio Do Canibal (with Benzilla)"], "musicbrainz album type": ["album"], "script": ["Latn"], "albumartistsort": ["BK-One"], "musicbrainz album release country": ["US"], "musicbrainz_artistid": ["a495e321-7467-4ca2-b803-628970487ac2/cc37d0c1-493d-487e-9694-3cf48ae6370d"], "musicbrainz_releasegroupid": ["4646d4f5-dc5c-4571-8f3c-0bb7d1b65c3e"], "musicbrainz_recordingid": ["0741dab9-9352-437e-a908-be74cab37891"], "albumartist": ["BK-One"], "barcode": ["826257011428"], "originaldate": ["2009"], "musicbrainz album status": ["official"], "artist": ["BK-One feat. Hypnotic Brass Ensemble"], "musicbrainz_albumid": ["e196952c-d1bd-4623-9805-7ac9442026fd"], "artistsort": ["BK-One feat. Hypnotic Brass Ensemble"], "title": ["Tema do Canibal"], "tracknumber": ["7/19"], "musicbrainz_albumartistid": ["a495e321-7467-4ca2-b803-628970487ac2"], "encoding": ["Lavf56.36.100"], "discnumber": ["1/1"], "date": ["2009"], "media": ["CD"], "file_name": "BK-One - Tema do Canibal.mp3"}, "audio_properties": {"sample_rate": 44100, "downmix": "mix", "lossless": false, "analysis_sample_rate": 44100, "md5_encoded": "0b3f7efade52e6ffabee3fc1c3129466", "equal_loudness": 0, "replay_gain": -14.3765792847, "codec": "mp3", "bit_rate": 160020, "length": 205.66204834}, "version": {"extractor": "music 1.0", "essentia_build_sha": "70f2e5ece6736b2c40cc944ad0e695b16b925413", "essentia_git_sha": "v2.1_beta2", "essentia": "2.1-beta2"}}, "rhythm": {"beats_loudness_band_ratio": {"dvar2": [0.172784715891, 0.0466887690127, 0.0273876562715, 0.0241936855018, 0.0110370097682, 0.0296591334045], "var": [0.101296566427, 0.016370953992, 0.00860581267625, 0.0136877270415, 0.00585172418505, 0.0328368656337], "min": [0.000262012996245, 0.000307872745907, 0.000177056572284, 0.00204188143834, 0.00133095541969, 0.00338011630811], "dmean": [0.396003991365, 0.173225626349, 0.0847662910819, 0.105201847851, 0.0997051075101, 0.185028284788], "mean": [0.464047014713, 0.140303045511, 0.0806505382061, 0.109884522855, 0.0924832373857, 0.167381852865], "max": [0.979048192501, 0.695842504501, 0.621067345142, 0.871317565441, 0.422469645739, 0.888748526573], "dmean2": [0.781642973423, 0.335260778666, 0.165323510766, 0.197814717889, 0.193826392293, 0.353332608938], "median": [0.382987588644, 0.0988950505853, 0.0574337989092, 0.0766088217497, 0.0889640152454, 0.136662214994], "dvar": [0.0469651482999, 0.0142660737038, 0.00819939747453, 0.00792468991131, 0.00362481572665, 0.0135356048122]}, "bpm_histogram_first_peak_weight": {"dvar2": 0, "var": 0, "min": 0.768392384052, "dmean": 0, "mean": 0.768392384052, "max": 0.768392384052, "dmean2": 0, "median": 0.768392384052, "dvar": 0}, "bpm": 107.893180847, "beats_count": 368, "bpm_histogram_first_peak_spread": {"dvar2": 0, "var": 0, "min": 0.194285690784, "dmean": 0, "mean": 0.194285690784, "max": 0.194285690784, "dmean2": 0, "median": 0.194285690784, "dvar": 0}, "danceability": 1.4366300106, "bpm_histogram_first_peak_bpm": {"dvar2": 0, "var": 0, "min": 108, "dmean": 0, "mean": 108, "max": 108, "dmean2": 0, "median": 108, "dvar": 0}, "beats_position": [0.592108845711, 1.20743763447, 1.78793644905, 2.34521532059, 2.90249419212, 3.45977306366, 4.01705217361, 4.57433080673, 5.13160991669, 5.6888885498, 6.24616765976, 6.80344676971, 7.36072540283, 7.91800451279, 8.47528362274, 9.07900238037, 9.67111110687, 10.2632198334, 10.8437185287, 11.4242172241, 12.0163259506, 12.6084346771, 13.1889343262, 13.7810430527, 14.3847618103, 14.9768705368, 15.5805892944, 16.1843090057, 16.7648067474, 17.3453063965, 17.9025840759, 18.4598636627, 19.0171432495, 19.574420929, 20.1317005157, 20.6889801025, 21.246257782, 21.8035373688, 22.3608150482, 22.918094635, 23.4753742218, 24.0210418701, 24.5783214569, 25.1239910126, 25.681268692, 26.2385482788, 26.8074378967, 27.353105545, 27.9103851318, 28.4676647186, 29.0249423981, 29.5822219849, 30.1278915405, 30.68516922, 31.2424488068, 31.7881164551, 32.3453979492, 32.9026756287, 33.4599533081, 34.0172348022, 34.5745124817, 35.1317901611, 35.6890678406, 36.2463493347, 36.8036270142, 37.3609046936, 37.9065742493, 38.4522438049, 39.0095214844, 39.5668029785, 40.124080658, 40.6813583374, 41.2386398315, 41.795917511, 42.3531951904, 42.9104766846, 43.467754364, 44.0250320435, 44.5823135376, 45.1279792786, 45.6736488342, 46.2309303284, 46.7882080078, 47.3454856873, 47.9027671814, 48.4600448608, 49.0173225403, 49.5746040344, 50.1318817139, 50.6891593933, 51.2464370728, 51.8037185669, 52.3609962463, 52.9182739258, 53.4639434814, 54.0096130371, 54.5668907166, 55.1241722107, 55.6814498901, 56.2387275696, 56.7960090637, 57.3532867432, 57.9105644226, 58.4678459167, 59.0251235962, 59.5824012756, 60.1396827698, 60.6853485107, 61.2310180664, 61.7882995605, 62.34557724, 62.9028549194, 63.4601364136, 64.0174102783, 64.5746917725, 65.1319732666, 65.6892471313, 66.2465286255, 66.8038101196, 67.3494796753, 67.895149231, 68.4524230957, 69.0097045898, 69.566986084, 70.1242599487, 70.6815414429, 71.238822937, 71.7960968018, 72.3533782959, 72.91065979, 73.4679336548, 74.0252151489, 74.5824966431, 75.1397705078, 75.697052002, 76.2427215576, 76.7883911133, 77.345664978, 77.9029464722, 78.4602279663, 79.0175018311, 79.5747833252, 80.1320648193, 80.6893386841, 81.2466201782, 81.8039016724, 82.349571228, 82.8952331543, 83.44090271, 83.9865722656, 84.5438537598, 85.1011352539, 85.6700210571, 86.2389068604, 86.784576416, 87.3534698486, 87.9107437134, 88.4680252075, 89.0253067017, 89.5825805664, 90.1398620605, 90.6971435547, 91.2428131104, 91.788482666, 92.3457565308, 92.9030380249, 93.460319519, 94.0175933838, 94.5748748779, 95.1321487427, 95.6894302368, 96.246711731, 96.8039855957, 97.3496551514, 97.9069366455, 98.4526062012, 99.0098876953, 99.5671615601, 100.124443054, 100.681724548, 101.238998413, 101.796279907, 102.353561401, 102.910835266, 103.46811676, 104.025398254, 104.582672119, 105.139953613, 105.697235107, 106.242897034, 106.800178528, 107.345848083, 107.903129578, 108.460403442, 109.017684937, 109.574966431, 110.132240295, 110.68952179, 111.246803284, 111.804077148, 112.349746704, 112.89541626, 113.452697754, 114.009971619, 114.567253113, 115.124534607, 115.681808472, 116.239089966, 116.79637146, 117.353645325, 117.910926819, 118.468208313, 119.025482178, 119.582763672, 120.140045166, 120.685714722, 121.231384277, 121.788658142, 122.345939636, 122.90322113, 123.460494995, 124.017776489, 124.575057983, 125.132331848, 125.689613342, 126.246894836, 126.804168701, 127.361450195, 127.907119751, 128.452789307, 129.010070801, 129.567337036, 130.12461853, 130.681900024, 131.239181519, 131.796463013, 132.353744507, 132.911010742, 133.468292236, 134.02557373, 134.582855225, 135.140136719, 135.685806274, 136.23147583, 136.788757324, 137.34602356, 137.903305054, 138.460586548, 139.017868042, 139.575149536, 140.13243103, 140.689697266, 141.24697876, 141.792648315, 142.34992981, 142.907211304, 143.464492798, 144.010162354, 144.567428589, 145.124710083, 145.681991577, 146.239273071, 146.796554565, 147.35383606, 147.911102295, 148.468383789, 149.025665283, 149.582946777, 150.128616333, 150.674285889, 151.231567383, 151.788833618, 152.346115112, 152.903396606, 153.460678101, 154.017959595, 154.575241089, 155.132507324, 155.689788818, 156.247070312, 156.804351807, 157.361633301, 157.907302856, 158.452972412, 159.010253906, 159.567520142, 160.124801636, 160.68208313, 161.239364624, 161.796646118, 162.353912354, 162.911193848, 163.468475342, 164.025756836, 164.58303833, 165.140319824, 165.68598938, 166.231658936, 166.788925171, 167.346206665, 167.903488159, 168.460769653, 169.018051147, 169.575332642, 170.132598877, 170.689880371, 171.247161865, 171.804443359, 172.350112915, 172.907394409, 173.464660645, 174.0103302, 174.567611694, 175.124893188, 175.682174683, 176.239456177, 176.796737671, 177.354003906, 177.9112854, 178.468566895, 179.025848389, 179.583129883, 180.140411377, 180.686080933, 181.231735229, 181.789016724, 182.346298218, 182.903579712, 183.460861206, 184.0181427, 184.575408936, 185.13269043, 185.689971924, 186.247253418, 186.816146851, 187.373413086, 187.919082642, 188.464752197, 189.03364563, 189.590927124, 190.124984741, 190.682266235, 191.239547729, 191.808425903, 192.354095459, 192.911376953, 193.468658447, 194.025939941, 194.571609497, 195.128890991, 195.697769165, 196.266662598, 196.812332153, 197.358001709, 197.926895142, 198.484161377, 199.018234253, 199.575500488, 200.132781982, 200.690063477, 201.247344971, 201.804626465, 202.373504639, 202.930786133, 203.488067627, 204.045349121, 204.614242554, 205.171508789], "beats_loudness": {"dvar2": 0.00439178105444, "var": 0.0016902317293, "min": 9.37787845032e-05, "dmean": 0.0494841895998, "mean": 0.0554350465536, "max": 0.196087256074, "dmean2": 0.0976074486971, "median": 0.041528262198, "dvar": 0.00128470303025}, "bpm_histogram_second_peak_weight": {"dvar2": 0, "var": 0, "min": 0.0163487736136, "dmean": 0, "mean": 0.0163487736136, "max": 0.0163487736136, "dmean2": 0, "median": 0.0163487736136, "dvar": 0}, "bpm_histogram_second_peak_spread": {"dvar2": 0, "var": 0, "min": 0.647058844566, "dmean": 0, "mean": 0.647058844566, "max": 0.647058844566, "dmean2": 0, "median": 0.647058844566, "dvar": 0}, "bpm_histogram_second_peak_bpm": {"dvar2": 0, "var": 0, "min": 101, "dmean": 0, "mean": 101, "max": 101, "dmean2": 0, "median": 101, "dvar": 0}, "onset_rate": 5.31401920319}, "lowlevel": {"spectral_energyband_high": {"dvar2": 2.70594887297e-06, "var": 3.69229587704e-06, "min": 7.41343902674e-21, "dmean": 0.000920328020584, "mean": 0.00189340487123, "max": 0.0138165755197, "dmean2": 0.0013183784904, "median": 0.00127281912137, "dvar": 1.34171364152e-06}, "spectral_energyband_middle_low": {"dvar2": 0.000283548783045, "var": 0.000124955317006, "min": 2.82181780954e-22, "dmean": 0.00574808707461, "mean": 0.00912271440029, "max": 0.0954418331385, "dmean2": 0.0093063544482, "median": 0.00584846083075, "dvar": 0.000107209911221}, "spectral_energy": {"dvar2": 0.00150485918857, "var": 0.000903872249182, "min": 1.01971513962e-20, "dmean": 0.0139607349411, "mean": 0.0274407230318, "max": 0.273445636034, "dmean2": 0.0207218956202, "median": 0.0210592355579, "dvar": 0.000673364440445}, "spectral_spread": {"dvar2": 1381398216700.0, "var": 1839053275140.0, "min": 2002804.875, "dmean": 765394.875, "mean": 5396746.5, "max": 39418008, "dmean2": 1105356.75, "median": 5290757, "dvar": 724578729984}, "spectral_energyband_low": {"dvar2": 0.00142520223744, "var": 0.000720157928299, "min": 1.25165820906e-22, "dmean": 0.00803214963526, "mean": 0.00995088368654, "max": 0.263391524553, "dmean2": 0.0119401849806, "median": 0.00241585541517, "dvar": 0.00064349436434}, "spectral_rolloff": {"dvar2": 4877103.5, "var": 4573200, "min": 64.599609375, "dmean": 1028.08312988, "mean": 2823.18164062, "max": 19272.2167969, "dmean2": 1688.24975586, "median": 2347.11914062, "dvar": 2056521.5}, "barkbands": {"dvar2": [8.28792690299e-06, 0.00111541920342, 0.000140617863508, 2.70587333944e-05, 0.000107097221189, 9.92644163489e-06, 4.09846416005e-06, 6.48155537419e-06, 4.66303163194e-06, 7.5295147326e-06, 1.17296656299e-06, 1.48917854403e-06, 6.64605749989e-06, 1.63545814758e-06, 7.30417980321e-07, 4.89473279686e-07, 3.44884227843e-07, 6.07567130828e-07, 3.4941072613e-07, 4.95063602557e-07, 2.94179216098e-07, 2.70661445256e-07, 9.03799488583e-08, 2.03615556416e-07, 1.16566006625e-07, 2.15575628459e-08, 2.81490691867e-10], "var": [2.62831758846e-06, 0.000495426706038, 3.49310830643e-05, 7.38541848477e-06, 5.33798920515e-05, 3.97100120608e-06, 1.2957848412e-06, 2.43555086854e-06, 3.14115231959e-06, 1.57646059051e-06, 1.06225138552e-06, 1.45644276017e-06, 3.39612461175e-06, 8.6717375325e-07, 5.38511073955e-07, 4.11021318314e-07, 2.74901196917e-07, 5.03062494772e-07, 3.76321480644e-07, 3.74905823719e-07, 2.84124183736e-07, 2.27302152211e-07, 8.66287024337e-08, 1.2490232848e-07, 7.45049106854e-08, 1.79009393975e-08, 1.79522896548e-10], "min": [1.05269934772e-22, 5.39969546716e-23, 7.18121144609e-24, 3.5544939585e-23, 4.0094824229e-23, 2.16097479819e-23, 2.34750585016e-23, 4.99259022862e-23, 9.94951321581e-23, 4.02802412517e-23, 6.93400720862e-23, 1.55574338832e-22, 1.09524135416e-22, 1.04189289995e-22, 1.38409949846e-22, 1.54131291355e-22, 1.3764241974e-22, 1.45396038914e-22, 1.35568826275e-22, 2.82018556167e-22, 4.87173333006e-22, 4.90765490024e-22, 7.68036643397e-22, 1.06293183292e-21, 1.08063422504e-21, 1.39015396173e-21, 2.21179149483e-21], "dmean": [0.000468210608233, 0.00609156955034, 0.0021502492018, 0.00133343006019, 0.00323554244824, 0.000884309702087, 0.000628634064924, 0.000698352931067, 0.000701538810972, 0.000452771200798, 0.000472756044473, 0.000533458136488, 0.000861189153511, 0.000430749438237, 0.000334912270773, 0.000303859735141, 0.000255958642811, 0.000313383352477, 0.000282572000287, 0.000275842729025, 0.00023061245156, 0.000224803996389, 0.0001507774723, 0.000213472725591, 0.000127364808577, 5.85410889471e-05, 5.39029451829e-06], "mean": [0.000491814513225, 0.00638248817995, 0.0025046847295, 0.00127829762641, 0.00423694681376, 0.00101588573307, 0.000736569229048, 0.000794131308794, 0.000953378621489, 0.000495000102092, 0.000777731998824, 0.000945564592257, 0.00127155950759, 0.000675291870721, 0.000582953507546, 0.000545242393855, 0.000449346203823, 0.000573024270125, 0.000542095687706, 0.00051169807557, 0.000437593727838, 0.000380385259632, 0.000269746669801, 0.00030974985566, 0.000183252705028, 8.9690904133e-05, 6.56846941638e-06], "max": [0.0236951783299, 0.228204727173, 0.0884116664529, 0.0337083302438, 0.0801293179393, 0.0336665287614, 0.0142230521888, 0.029731951654, 0.0197909455746, 0.0366331338882, 0.0121681848541, 0.0138447787613, 0.0291612446308, 0.010250675492, 0.0100323418155, 0.00711364578456, 0.00541387684643, 0.00837212521583, 0.00759898405522, 0.00965065695345, 0.0043432819657, 0.00687331845984, 0.00268739648163, 0.00364483357407, 0.00514954281971, 0.00153138546739, 0.000249906122917], "dmean2": [0.000817285967059, 0.00926401559263, 0.00366835156456, 0.00235354085453, 0.00525906169787, 0.00146609928925, 0.00106831558514, 0.00117636297364, 0.00116070767399, 0.000786260934547, 0.000753006781451, 0.000832474906929, 0.00140901142731, 0.000710459600668, 0.000545100832824, 0.000487356854137, 0.000413607718656, 0.000493318657391, 0.000429798848927, 0.000431538472185, 0.00035732917604, 0.000343233376043, 0.000223019145778, 0.000320414255839, 0.000187322875718, 8.71104857652e-05, 8.7398047981e-06], "median": [2.89432609861e-05, 0.000527141382918, 0.000622063991614, 0.000360350153642, 0.00181743700523, 0.000414290872868, 0.000394849019358, 0.000343277060892, 0.000443545723101, 0.000241237052251, 0.000426865241025, 0.000511498481501, 0.00065823760815, 0.000372699112631, 0.000358764955308, 0.000339889986208, 0.000289163581328, 0.000349342619302, 0.000363200291758, 0.000306794769131, 0.000230330173508, 0.000232853271882, 0.000171159146703, 0.000199074740522, 8.69359864737e-05, 3.85139828722e-05, 1.51752965394e-06], "dvar": [3.07074128614e-06, 0.000483415176859, 4.93250772706e-05, 9.48693195824e-06, 4.2656349251e-05, 3.938529062e-06, 1.5025087805e-06, 2.53637244896e-06, 1.83814915999e-06, 2.54465635408e-06, 5.00433543493e-07, 6.40580992695e-07, 2.54673659583e-06, 6.12116025422e-07, 2.84948271201e-07, 2.00713969889e-07, 1.38969880936e-07, 2.53855404253e-07, 1.57188921435e-07, 2.03718130365e-07, 1.19405740406e-07, 1.22177439721e-07, 3.99382074079e-08, 8.857193734e-08, 5.23436156641e-08, 9.69516289473e-09, 1.18697274232e-10]}, "melbands_skewness": {"dvar2": 4.55396175385, "var": 4.44706821442, "min": -2.4418284893, "dmean": 1.01111972332, "mean": 2.26528215408, "max": 18.791891098, "dmean2": 1.52718043327, "median": 1.78442358971, "dvar": 2.01927852631}, "barkbands_skewness": {"dvar2": 2.02083349228, "var": 2.06354355812, "min": -4.96123218536, "dmean": 0.725853681564, "mean": 0.947654187679, "max": 11.870303154, "dmean2": 1.09306013584, "median": 0.728817343712, "dvar": 0.882722258568}, "erbbands": {"dvar2": [1.42173421383, 69.2937393188, 223.835617065, 165.024917603, 1194.7142334, 1234.98266602, 1221.38903809, 750.066894531, 1042.93945312, 1496.43005371, 3521.1730957, 1640.43908691, 11292.4619141, 1986.91186523, 1730.32263184, 2335.44750977, 7658.88769531, 8379.109375, 2245.75610352, 1380.10241699, 1455.00695801, 1122.12609863, 2568.72167969, 854.881103516, 1264.61633301, 585.019348145, 496.148345947, 505.610870361, 482.726837158, 158.344070435, 87.8837356567, 121.151870728, 31.0107650757, 23.2632369995, 3.98493289948, 0.697501420975, 0.0605240240693, 0.00153227418195, 6.93682113706e-06, 3.38836270153e-09], "var": [0.675803720951, 21.0843029022, 51.3336753845, 49.3423805237, 348.642608643, 790.067993164, 630.418334961, 284.101898193, 357.120330811, 423.145263672, 1556.74865723, 1135.49523926, 2553.72949219, 991.592407227, 1541.89916992, 2089.67431641, 3720.13085938, 3221.89575195, 1846.5333252, 1087.83557129, 1391.80310059, 920.025634766, 2055.8840332, 822.94317627, 1230.05383301, 522.08770752, 500.061798096, 459.58303833, 375.325927734, 146.110290527, 67.5902252197, 70.9180603027, 22.8602237701, 13.8857126236, 2.41016077995, 0.489212989807, 0.0518792308867, 0.0013775494881, 3.83863562092e-06, 3.2151057372e-09], "min": [2.97928222124e-21, 7.63237854836e-21, 8.04172066827e-21, 7.22781436584e-20, 1.60082157222e-19, 1.1883403342e-19, 1.65802938338e-19, 1.37019870605e-19, 2.70661664836e-19, 7.833779353e-19, 8.64366310195e-19, 1.87065447963e-18, 2.39616769946e-18, 1.62153559647e-18, 3.92118393295e-18, 5.23936199991e-18, 6.34653415083e-18, 3.49336942886e-18, 6.9348580897e-18, 9.9499421758e-18, 6.42198418963e-18, 8.08799666725e-18, 7.1007640508e-18, 8.13408799817e-18, 6.77783977069e-18, 1.47020153856e-17, 1.95001625555e-17, 1.91180299279e-17, 1.78788653938e-17, 1.72772221927e-17, 2.22458545956e-17, 1.69024895229e-17, 2.01684483898e-17, 1.04004272189e-17, 9.32030552842e-18, 4.76410703333e-18, 2.79038088629e-18, 1.09125905709e-18, 2.84239265904e-19, 3.54815601775e-20], "dmean": [0.216805368662, 1.32723414898, 2.48621749878, 3.45075321198, 8.14899730682, 11.2136287689, 9.59876918793, 7.16873550415, 8.17083263397, 11.5113754272, 16.4387645721, 14.1056089401, 13.5730285645, 16.5630245209, 17.6025905609, 20.0192070007, 29.1358203888, 25.3009681702, 19.1801452637, 16.3669681549, 16.5986804962, 14.072177887, 19.2648010254, 13.0973367691, 14.3734960556, 10.2361354828, 9.59845733643, 9.53257656097, 9.10765457153, 5.97931814194, 4.17270421982, 5.09264469147, 2.73910784721, 1.78055250645, 0.708503603935, 0.329377233982, 0.0932244583964, 0.0143558094278, 0.0008264806238, 2.91058295261e-05], "mean": [0.242190331221, 1.20225191116, 2.64043879509, 3.9796860218, 9.07416343689, 14.7983322144, 11.6117706299, 8.3923997879, 9.82448768616, 13.104259491, 19.9378528595, 19.4914913177, 17.1416950226, 25.2115802765, 32.9742088318, 35.8869285583, 44.3953094482, 39.4614181519, 35.7948303223, 30.3500118256, 32.7412834167, 26.6764583588, 36.4641799927, 25.5314178467, 27.8833999634, 20.5997638702, 18.9666290283, 17.283082962, 15.2959070206, 10.5904636383, 7.19597196579, 7.30477237701, 4.17803668976, 2.48447155952, 1.02830386162, 0.485679626465, 0.144802033901, 0.0218140147626, 0.00100000516977, 5.8552774135e-05], "max": [9.05926990509, 50.1529922485, 88.9540176392, 80.3551864624, 237.460571289, 349.875305176, 421.837371826, 308.98324585, 375.616149902, 380.124298096, 691.971191406, 440.848236084, 1463.5526123, 425.220733643, 549.263916016, 521.813964844, 901.728637695, 1014.3572998, 426.896179199, 393.139404297, 458.618255615, 363.338745117, 565.389648438, 364.878082275, 522.044067383, 294.507171631, 244.194290161, 210.789215088, 319.70413208, 169.844955444, 98.6159896851, 89.8152694702, 53.2251701355, 55.5047607422, 32.3533668518, 9.00702190399, 2.43639278412, 0.557372152805, 0.03584651649, 0.0006246282137], "dmean2": [0.337413579226, 2.19479632378, 4.30865812302, 6.00168371201, 14.0879468918, 17.956495285, 15.4476070404, 11.9312782288, 13.6617231369, 19.7728729248, 27.3586654663, 23.3530654907, 23.3565158844, 27.0580596924, 27.9417457581, 31.1222648621, 48.2085533142, 42.474445343, 30.5603275299, 26.7174854279, 26.3026981354, 22.5059890747, 30.2343521118, 20.1458015442, 21.979888916, 15.9720945358, 14.7150497437, 14.8297710419, 13.956662178, 8.94879150391, 6.23534727097, 7.69631004333, 4.07497119904, 2.64041638374, 1.05658257008, 0.500095844269, 0.138517901301, 0.021430388093, 0.00133797037415, 4.14389178331e-05], "median": [0.0121875852346, 0.152849391103, 0.706204473972, 1.38941073418, 3.19845056534, 5.9012556076, 3.41218066216, 3.687084198, 4.83603239059, 7.1894197464, 8.47068023682, 9.70386219025, 9.38177680969, 15.9375591278, 21.4361000061, 20.5779972076, 25.1580162048, 23.9287261963, 22.9293460846, 20.25365448, 21.848367691, 17.8085784912, 22.9916687012, 16.7177352905, 17.2362384796, 13.0818738937, 10.6344337463, 8.9748506546, 9.28910446167, 6.77438545227, 4.4171257019, 4.68777704239, 2.66236114502, 1.24534106255, 0.454508811235, 0.219969496131, 0.0562473721802, 0.00759454071522, 0.000260091153905, 4.2236642912e-05], "dvar": [0.629551172256, 26.4300956726, 78.6874847412, 58.5633277893, 430.094787598, 535.623596191, 495.899414062, 296.478485107, 400.207122803, 538.342773438, 1400.06359863, 641.945373535, 3877.48925781, 753.514343262, 720.31048584, 1000.56512451, 2900.47290039, 3019.23095703, 904.637390137, 522.504760742, 609.89654541, 451.409515381, 1060.49365234, 368.433227539, 580.067260742, 241.534042358, 206.067138672, 209.909561157, 212.434509277, 70.8525543213, 37.2586479187, 52.058631897, 14.1586399078, 10.2741832733, 1.74560630322, 0.30023598671, 0.0273823775351, 0.000704041623976, 2.83606618723e-06, 1.58027746444e-09]}, "silence_rate_30dB": {"dvar2": 0.085142955184, "var": 0.0331385359168, "min": 0, "dmean": 0.0397380888462, "mean": 0.965684592724, "max": 1, "dmean2": 0.079485155642, "median": 1, "dvar": 0.0381577312946}, "melbands_spread": {"dvar2": 985.629882812, "var": 1052.58007812, "min": 0.928155660629, "dmean": 15.2537784576, "mean": 43.0446052551, "max": 278.113983154, "dmean2": 23.7107753754, "median": 37.0132751465, "dvar": 427.444854736}, "melbands_crest": {"dvar2": 28.1721191406, "var": 40.9106903076, "min": 2.45703148842, "dmean": 3.85463476181, "mean": 13.1820526123, "max": 35.485080719, "dmean2": 6.03216362, "median": 11.8298244476, "dvar": 12.6630125046}, "zerocrossingrate": {"dvar2": 0.000472871004604, "var": 0.00276119168848, "min": 0.00634765625, "dmean": 0.018549837172, "mean": 0.0969616696239, "max": 0.50537109375, "dmean2": 0.0217389632016, "median": 0.0869140625, "dvar": 0.000356380391167}, "barkbands_kurtosis": {"dvar2": 199.918014526, "var": 80.0479354858, "min": -1.94781672955, "dmean": 3.38944721222, "mean": 2.49380302429, "max": 160.894638062, "dmean2": 5.5433177948, "median": -0.0440175533295, "dvar": 76.9287948608}, "spectral_flux": {"dvar2": 0.00390711706132, "var": 0.00408472958952, "min": 1.00980945827e-10, "dmean": 0.0333045423031, "mean": 0.0957760736346, "max": 0.413674473763, "dmean2": 0.0502856113017, "median": 0.0840117484331, "dvar": 0.00203613727354}, "barkbands_crest": {"dvar2": 18.0517730713, "var": 23.2570934296, "min": 2.08853769302, "dmean": 2.96502780914, "mean": 8.97318172455, "max": 25.5925941467, "dmean2": 4.64958715439, "median": 7.66408252716, "dvar": 8.38539600372}, "barkbands_flatness_db": {"dvar2": 0.00149098667316, "var": 0.00200677267276, "min": 0.0167180076241, "dmean": 0.0240238383412, "mean": 0.0918192565441, "max": 0.31809720397, "dmean2": 0.036099113524, "median": 0.0803224742413, "dvar": 0.000650980684441}, "spectral_entropy": {"dvar2": 0.0699858143926, "var": 0.0968669056892, "min": 6.28238010406, "dmean": 0.181460693479, "mean": 7.86861181259, "max": 9.80486392975, "dmean2": 0.267787575722, "median": 7.91309452057, "dvar": 0.0309283528477}, "pitch_salience": {"dvar2": 0.0149087021127, "var": 0.0169717110693, "min": 0.0899914577603, "dmean": 0.0840168073773, "mean": 0.568854987621, "max": 0.967073023319, "dmean2": 0.134091719985, "median": 0.588566839695, "dvar": 0.00659631472081}, "erbbands_spread": {"dvar2": 399.445800781, "var": 382.879516602, "min": 1.55860626698, "dmean": 11.5234527588, "mean": 42.2133560181, "max": 157.298828125, "dmean2": 17.8843536377, "median": 38.6971321106, "dvar": 167.472885132}, "dynamic_complexity": 2.90062856674, "spectral_contrast_valleys": {"dvar2": [0.392506480217, 0.499009042978, 0.554288804531, 0.460142165422, 0.303893446922, 0.36968100071], "var": [1.33865916729, 1.45213723183, 1.10032260418, 1.06476283073, 1.01278543472, 0.950472652912], "min": [-27.6274681091, -27.4731426239, -27.2260780334, -27.1221733093, -27.3375682831, -27.3175048828], "dmean": [0.476368397474, 0.500916779041, 0.471136838198, 0.406837701797, 0.367918819189, 0.445843011141], "mean": [-7.63795280457, -6.92043161392, -7.28485107422, -7.49549198151, -7.40543413162, -9.51981830597], "max": [-4.78464508057, -4.76072645187, -5.34804725647, -5.50649929047, -5.7290763855, -7.59726667404], "dmean2": [0.733987092972, 0.779831469059, 0.736358761787, 0.620812833309, 0.531109988689, 0.585798442364], "median": [-7.44411897659, -6.61988544464, -7.01460933685, -7.24754619598, -7.16083431244, -9.31378364563], "dvar": [0.196176871657, 0.244537711143, 0.257634431124, 0.217140704393, 0.168270528316, 0.20996697247]}, "hfc": {"dvar2": 309.482635498, "var": 517.440551758, "min": 1.1152405037e-16, "dmean": 10.6569919586, "mean": 29.7334270477, "max": 136.919799805, "dmean2": 14.8326377869, "median": 25.5338020325, "dvar": 156.420944214}, "spectral_kurtosis": {"dvar2": 3.47421717644, "var": 2.82735347748, "min": -1.15515732765, "dmean": 1.01936650276, "mean": 2.88493728638, "max": 22.7049007416, "dmean2": 1.60949993134, "median": 2.64733362198, "dvar": 1.4534548521}, "mfcc": {"mean": [-620.430969238, 79.3361587524, -4.15191888809, 13.9793596268, 3.91078019142, 10.1333656311, 3.48825573921, 4.26118421555, -2.55121326447, -0.568404734135, -1.01172435284, 0.69787299633, -2.68682169914], "cov": [[9037.16699219, 857.927124023, -414.84942627, 33.4831962585, -151.103317261, -311.296234131, -296.388702393, -451.209075928, -258.101806641, 44.2288894653, -92.2302322388, -270.22354126, -104.475502014], [857.927124023, 1299.38793945, 38.2860488892, 42.9686164856, 76.8581466675, -71.1884460449, -76.1712875366, -94.7341003418, -69.4990921021, 15.2904644012, -50.5881881714, -111.322746277, -79.7074432373], [-414.84942627, 38.2860488892, 638.250549316, 143.961532593, 166.258682251, 75.7082366943, 23.4277915955, 17.145822525, 48.2694091797, 4.74580287933, -21.6773509979, -47.1294059753, -29.295539856], [33.4831962585, 42.9686164856, 143.961532593, 245.030303955, 108.432121277, 49.483505249, 40.8076515198, -2.46827292442, 3.47811841965, -1.91575217247, -9.08295917511, -10.4328250885, -8.42024993896], [-151.103317261, 76.8581466675, 166.258682251, 108.432121277, 195.177856445, 93.123840332, 48.585647583, 20.6373748779, -4.65183591843, -4.09374666214, 24.7983341217, 18.6416530609, -5.19482374191], [-311.296234131, -71.1884460449, 75.7082366943, 49.483505249, 93.123840332, 158.298599243, 93.2993850708, 52.0769386292, 12.669336319, -2.61062526703, 29.2243938446, 42.5229873657, 11.2814826965], [-296.388702393, -76.1712875366, 23.4277915955, 40.8076515198, 48.585647583, 93.2993850708, 145.853424072, 69.9203872681, 31.2912483215, 14.0080137253, 27.68683815, 39.8596534729, 18.0459480286], [-451.209075928, -94.7341003418, 17.145822525, -2.46827292442, 20.6373748779, 52.0769386292, 69.9203872681, 133.205596924, 66.8769454956, 28.9884223938, 22.6625556946, 29.9224739075, 15.0305500031], [-258.101806641, -69.4990921021, 48.2694091797, 3.47811841965, -4.65183591843, 12.669336319, 31.2912483215, 66.8769454956, 137.624801636, 76.9343185425, 9.80872440338, -11.140583992, 14.780547142], [44.2288894653, 15.2904644012, 4.74580287933, -1.91575217247, -4.09374666214, -2.61062526703, 14.0080137253, 28.9884223938, 76.9343185425, 127.063980103, 40.2523002625, -0.611820280552, 18.8764629364], [-92.2302322388, -50.5881881714, -21.6773509979, -9.08295917511, 24.7983341217, 29.2243938446, 27.68683815, 22.6625556946, 9.80872440338, 40.2523002625, 113.548370361, 81.4923324585, 36.4962882996], [-270.22354126, -111.322746277, -47.1294059753, -10.4328250885, 18.6416530609, 42.5229873657, 39.8596534729, 29.9224739075, -11.140583992, -0.611820280552, 81.4923324585, 154.79776001, 56.8222427368], [-104.475502014, -79.7074432373, -29.295539856, -8.42024993896, -5.19482374191, 11.2814826965, 18.0459480286, 15.0305500031, 14.780547142, 18.8764629364, 36.4962882996, 56.8222427368, 80.8429260254]], "icov": [[0.000152890032041, -4.20547148678e-05, 0.000100443823612, -8.96994679351e-05, 1.72765285242e-05, 5.94534103584e-05, 1.82374533324e-05, 0.000345352251315, 0.000211317354115, -0.000237609870965, -6.78074502503e-05, 0.000221468595555, -4.97778387398e-07], [-4.20547148678e-05, 0.000987611711025, 6.37433840893e-05, 8.77729398781e-05, -0.000836726627313, 0.000513130216859, 1.53003657033e-05, 0.000174317654455, 0.000541818735655, -0.000638797879219, 0.000226875999942, 0.000310531933792, 0.000519843655638], [0.000100443823612, 6.37433840893e-05, 0.00238262536004, -0.000592672324274, -0.00179533485789, -0.000293191318633, 0.000537857180461, 0.000452168955235, -0.00106153928209, 0.00016834581038, 0.00021101089078, 0.000682073645294, 0.000295852369163], [-8.96994679351e-05, 8.77729398781e-05, -0.000592672324274, 0.00600663432851, -0.0030420916155, 0.000496036896948, -0.00168227625545, 0.00114981515799, -0.000372679991415, -0.000174843415152, 0.0012245218968, -5.32951416972e-05, -0.000127866427647], [1.72765285242e-05, -0.000836726627313, -0.00179533485789, -0.0030420916155, 0.0113632325083, -0.00496539799497, 0.000674575741868, -0.000897746707778, 0.00131510163192, 0.000419648538809, -0.00248082866892, -0.000122618032037, 0.000537060433999], [5.94534103584e-05, 0.000513130216859, -0.000293191318633, 0.000496036896948, -0.00496539799497, 0.0138878058642, -0.00643708137795, -0.000779841444455, 0.000325305678416, 0.000750363280531, -0.000208741839742, -0.00101079384331, 0.000422993442044], [1.82374533324e-05, 1.53003657033e-05, 0.000537857180461, -0.00168227625545, 0.000674575741868, -0.00643708137795, 0.0136100510135, -0.00432710302994, -0.000230168792768, -0.000394780945498, -0.00017801753711, -0.000590594951063, -0.000603848311584], [0.000345352251315, 0.000174317654455, 0.000452168955235, 0.00114981515799, -0.000897746707778, -0.000779841444455, -0.00432710302994, 0.0145262554288, -0.00592436967418, 0.000390811183024, 1.81390241778e-05, -0.0012620681664, 0.00108885928057], [0.000211317354115, 0.000541818735655, -0.00106153928209, -0.000372679991415, 0.00131510163192, 0.000325305678416, -0.000230168792768, -0.00592436967418, 0.0165160354227, -0.00897097960114, 0.00175458507147, 0.00222143460996, -0.0017026651185], [-0.000237609870965, -0.000638797879219, 0.00016834581038, -0.000174843415152, 0.000419648538809, 0.000750363280531, -0.000394780945498, 0.000390811183024, -0.00897097960114, 0.0159011147916, -0.0069159292616, 0.002639682265, -0.00176224019378], [-6.78074502503e-05, 0.000226875999942, 0.00021101089078, 0.0012245218968, -0.00248082866892, -0.000208741839742, -0.00017801753711, 1.81390241778e-05, 0.00175458507147, -0.0069159292616, 0.0184300560504, -0.00879346486181, -0.000599315855652], [0.000221468595555, 0.000310531933792, 0.000682073645294, -5.32951416972e-05, -0.000122618032037, -0.00101079384331, -0.000590594951063, -0.0012620681664, 0.00222143460996, 0.002639682265, -0.00879346486181, 0.0150818722323, -0.00631969282404], [-4.97778387398e-07, 0.000519843655638, 0.000295852369163, -0.000127866427647, 0.000537060433999, 0.000422993442044, -0.000603848311584, 0.00108885928057, -0.0017026651185, -0.00176224019378, -0.000599315855652, -0.00631969282404, 0.0183185581118]]}, "silence_rate_20dB": {"dvar2": 0, "var": 0, "min": 1, "dmean": 0, "mean": 1, "max": 1, "dmean2": 0, "median": 1, "dvar": 0}, "melbands_kurtosis": {"dvar2": 2437.59790039, "var": 927.154418945, "min": -1.89893710613, "dmean": 10.9390478134, "mean": 12.0973396301, "max": 470.292053223, "dmean2": 17.8466777802, "median": 3.43957567215, "dvar": 934.818725586}, "barkbands_spread": {"dvar2": 253.740127563, "var": 229.845535278, "min": 1.30609858036, "dmean": 9.49323177338, "mean": 32.003490448, "max": 122.229774475, "dmean2": 14.7989797592, "median": 30.3844451904, "dvar": 104.434356689}, "erbbands_skewness": {"dvar2": 0.672335028648, "var": 0.420163631439, "min": -3.56230139732, "dmean": 0.403582125902, "mean": 0.00147836981341, "max": 5.45213270187, "dmean2": 0.640098869801, "median": -0.0322475917637, "dvar": 0.274959176779}, "average_loudness": 0.937870264053, "spectral_centroid": {"dvar2": 452305.8125, "var": 709525.0625, "min": 252.941131592, "dmean": 404.586914062, "mean": 2008.29321289, "max": 11294.7666016, "dmean2": 625.868835449, "median": 1932.69006348, "dvar": 205023.953125}, "dissonance": {"dvar2": 0.00114603934344, "var": 0.000442404125351, "min": 0.0363687761128, "dmean": 0.0161379426718, "mean": 0.476642102003, "max": 0.500000119209, "dmean2": 0.0277167279273, "median": 0.481399983168, "dvar": 0.00041837777826}, "erbbands_flatness_db": {"dvar2": 0.000821312947664, "var": 0.00174204981886, "min": 0.0505785606802, "dmean": 0.0191708710045, "mean": 0.134738504887, "max": 0.380331516266, "dmean2": 0.0278044138104, "median": 0.126346319914, "dvar": 0.000384651735658}, "spectral_strongpeak": {"dvar2": 2.0461742878, "var": 1.317923069, "min": 0, "dmean": 0.629898369312, "mean": 0.959950327873, "max": 12.2694034576, "dmean2": 1.05207502842, "median": 0.514475345612, "dvar": 0.846758544445}, "spectral_rms": {"dvar2": 4.50984225608e-06, "var": 5.628179224e-06, "min": 3.15411477318e-12, "dmean": 0.00113678199705, "mean": 0.00459817191586, "max": 0.0163332857192, "dmean2": 0.00161021365784, "median": 0.00453272508457, "dvar": 2.19378557631e-06}, "silence_rate_60dB": {"dvar2": 0.0635257735848, "var": 0.0898202434182, "min": 0, "dmean": 0.0307067055255, "mean": 0.0997855290771, "max": 1, "dmean2": 0.0614203438163, "median": 0, "dvar": 0.029766632244}, "melbands": {"dvar2": [8.68248243933e-05, 7.6774682384e-05, 7.27367705622e-06, 4.88764862894e-06, 2.13612315747e-06, 4.12150598095e-07, 2.15542044657e-07, 1.83087578876e-07, 2.20996994926e-07, 6.72552289416e-08, 2.86201412791e-07, 3.52518831903e-08, 1.69105760506e-08, 2.43247555431e-08, 5.88421222858e-08, 6.59196288666e-08, 2.4314161351e-08, 8.4721287763e-09, 5.78840442245e-09, 2.00944594297e-09, 1.96070737424e-09, 1.459169785e-09, 8.88777718089e-10, 2.22098472946e-09, 7.51614770422e-10, 5.57873469642e-10, 1.27432631114e-09, 2.02936514815e-10, 2.71922068196e-10, 2.82851242428e-10, 1.62924451708e-10, 2.13472184374e-10, 1.01511125894e-10, 4.94765929615e-11, 3.61473836974e-11, 2.01595008048e-11, 1.06403268141e-10, 2.36495406591e-11, 1.35106916974e-11, 2.12678746142e-11], "var": [4.34597168351e-05, 1.96572982532e-05, 2.13422481465e-06, 2.03937520382e-06, 1.32744980874e-06, 1.54565668709e-07, 7.37608871759e-08, 5.72922651543e-08, 1.12272701358e-07, 4.50161863341e-08, 6.53308873666e-08, 1.60764841439e-08, 1.57988733207e-08, 2.56269814258e-08, 3.71105599584e-08, 2.91908630601e-08, 9.33732557939e-09, 6.74171696247e-09, 4.05780387069e-09, 1.49699574958e-09, 1.99503880083e-09, 1.09497111378e-09, 8.08164923871e-10, 1.75439296424e-09, 6.27814356058e-10, 5.82496939572e-10, 8.09831590676e-10, 1.7083992554e-10, 2.64949145956e-10, 1.97671878865e-10, 1.33468097685e-10, 1.46459622208e-10, 7.08955255613e-11, 4.28924430695e-11, 2.48799626734e-11, 1.58763419078e-11, 5.0029043408e-11, 1.39293550652e-11, 1.00447098556e-11, 1.08647812969e-11], "min": [2.60308763267e-23, 5.88525970694e-24, 1.52090347265e-23, 1.05368963637e-23, 4.95781132346e-24, 3.68246936432e-24, 3.74183982491e-24, 9.38468375896e-24, 5.55831906578e-24, 1.4615588867e-23, 1.22161698162e-23, 5.85551452322e-24, 1.25587673742e-23, 1.35406712204e-23, 1.75770452804e-23, 9.99254684037e-24, 5.37479570378e-24, 1.04820034776e-23, 1.36444521833e-23, 1.37489841419e-23, 5.7253011979e-24, 9.06651012348e-24, 5.25118435537e-24, 7.93672246768e-24, 6.48074832175e-24, 4.49674026816e-24, 6.20034219097e-24, 1.01619058104e-23, 1.32592908464e-23, 7.93500196205e-24, 1.28773772497e-23, 9.05322570583e-24, 1.08187279662e-23, 9.75596508831e-24, 1.33883137806e-23, 1.22538079477e-23, 1.01266192732e-23, 1.52612304972e-23, 1.12667836054e-23, 7.98974969773e-24], "dmean": [0.00175797450356, 0.00144861638546, 0.000710325140972, 0.000702325254679, 0.000383039732696, 0.000162100870511, 0.000125340011436, 0.000133429843117, 0.000136808812385, 9.02550891624e-05, 7.04439153196e-05, 6.80851080688e-05, 5.82572029089e-05, 6.51107402518e-05, 6.87115971232e-05, 7.79377733124e-05, 4.35612746514e-05, 3.61206912203e-05, 2.80684616882e-05, 2.02405863092e-05, 1.91643630387e-05, 1.56962014444e-05, 1.41867212733e-05, 1.76693047251e-05, 1.13153764687e-05, 1.08098593046e-05, 1.21983275676e-05, 6.17803107161e-06, 7.02478791936e-06, 6.12571329839e-06, 5.5256300584e-06, 5.59332465855e-06, 4.0833924686e-06, 3.36399580192e-06, 2.52304926107e-06, 2.06705999517e-06, 4.14879377786e-06, 2.15366867451e-06, 1.59047556281e-06, 1.5317081079e-06], "mean": [0.00193634012248, 0.00147619715426, 0.00082004093565, 0.000910057220608, 0.000484608550323, 0.000188448379049, 0.000151407759404, 0.00015182379866, 0.00016449415125, 0.000124979778775, 8.62496090122e-05, 9.99233525363e-05, 0.000104859267594, 0.000118227479106, 9.39500532695e-05, 0.00011151151557, 6.55932963127e-05, 6.12833391642e-05, 4.68752914458e-05, 3.55647425749e-05, 3.71852147509e-05, 2.64269783656e-05, 2.76037189906e-05, 3.0731644074e-05, 1.97685003513e-05, 1.98300604097e-05, 2.12950944842e-05, 1.1626451851e-05, 1.30262369566e-05, 1.05099152279e-05, 9.30707665248e-06, 8.87587157195e-06, 6.56648944641e-06, 5.72819908484e-06, 4.17130695496e-06, 3.33254979523e-06, 5.30202351001e-06, 3.14214503305e-06, 2.29666875384e-06, 2.02230626201e-06], "max": [0.0631050467491, 0.0469384491444, 0.0155140710995, 0.0139424894005, 0.0178232807666, 0.00753998756409, 0.00512068159878, 0.00365044362843, 0.00470149936154, 0.00238883425482, 0.00741070508957, 0.00182038440835, 0.00133450573776, 0.00161766435485, 0.00337546528317, 0.00286616245285, 0.00161560683046, 0.00091834901832, 0.000865021778736, 0.000409061292885, 0.000488365592901, 0.000373594433768, 0.000294928817311, 0.000527442374732, 0.000380220415536, 0.00033568564686, 0.000516118132509, 0.000147119659232, 0.000241006695433, 0.000137044567964, 0.00012894491374, 0.000209253761568, 0.00010401167674, 8.82851454662e-05, 6.76388590364e-05, 6.95658382028e-05, 9.06203422346e-05, 5.4946882301e-05, 4.02746663895e-05, 5.02567490912e-05], "dmean2": [0.00265327398665, 0.00245332648046, 0.00123204290867, 0.00116164202336, 0.000601390143856, 0.000269313546596, 0.000210178797715, 0.000227983749937, 0.000228455115575, 0.00014857664064, 0.000121113203932, 0.000111585351988, 9.26489738049e-05, 0.000100502926216, 0.000110027081973, 0.00012945382332, 7.3168441304e-05, 5.74414079892e-05, 4.58079339296e-05, 3.29753274855e-05, 3.03093784169e-05, 2.54443857557e-05, 2.25069325097e-05, 2.78906190943e-05, 1.76757403096e-05, 1.6608295482e-05, 1.91543385881e-05, 9.79254309641e-06, 1.08678314064e-05, 9.80662571237e-06, 8.62962679093e-06, 8.71697011462e-06, 6.31850298305e-06, 5.11066355102e-06, 3.86126248486e-06, 3.08486210088e-06, 6.42419354335e-06, 3.26610415868e-06, 2.37239100898e-06, 2.30852492678e-06], "median": [0.000127487699501, 0.000371869653463, 0.000307711801725, 0.000379585166229, 0.000140687974636, 8.09569537523e-05, 7.88656616351e-05, 8.03842413006e-05, 6.58412755001e-05, 6.09285852988e-05, 4.50502848253e-05, 6.16957622697e-05, 6.51104564895e-05, 6.11157593084e-05, 3.55125121132e-05, 5.70662159589e-05, 3.92007314076e-05, 3.45358384948e-05, 2.51427609328e-05, 2.50708799285e-05, 2.41812795139