{"tonal": {"thpcp": [1, 0.586250007153, 0.0838122144341, 0.037011358887, 0.0391125530005, 0.164116710424, 0.30836969614, 0.194526150823, 0.0411575138569, 0.0243309102952, 0.0308830328286, 0.118202775717, 0.196569621563, 0.140365406871, 0.166874632239, 0.236801221967, 0.141350090504, 0.0514515899122, 0.0431835390627, 0.0684745237231, 0.342768669128, 0.631131708622, 0.39088460803, 0.0729502886534, 0.0306585840881, 0.0367708019912, 0.100534327328, 0.139563605189, 0.0976912155747, 0.102820672095, 0.121131494641, 0.0774403139949, 0.0712263807654, 0.0993805229664, 0.103026427329, 0.527648806572], "hpcp": {"dmean2": [0.252074897289, 0.215098023415, 0.0916647911072, 0.0526017211378, 0.058319285512, 0.0893685817719, 0.101475954056, 0.0920627340674, 0.0948893204331, 0.0801491439342, 0.0745605900884, 0.0735082998872, 0.0919588804245, 0.118808679283, 0.25503590703, 0.231638461351, 0.27210354805, 0.116043515503, 0.0676479935646, 0.0638743117452, 0.111587576568, 0.177871763706, 0.131570085883, 0.0561128295958, 0.0386169068515, 0.0424274764955, 0.0919479131699, 0.129809752107, 0.118549361825, 0.125503644347, 0.141581892967, 0.121743135154, 0.0815540477633, 0.0698326304555, 0.101135596633, 0.205893531442], "median": [0.343324363232, 0.195614427328, 0.0155219621956, 0.00341454707086, 0.00353567488492, 0.00773170450702, 0.0139624588192, 0.0169747583568, 0.0158173013479, 0.0114852990955, 0.00672113476321, 0.0221246257424, 0.0279604159296, 0.0304348804057, 0.372942686081, 0.962461471558, 0.417816519737, 0.0184794217348, 0.00296864681877, 0.00444265408441, 0.0603091493249, 0.121564000845, 0.0747096687555, 0.00850134901702, 0.00351104559377, 0.0054696071893, 0.0392543524504, 0.0611990951002, 0.0396629050374, 0.0197866670787, 0.0133053679019, 0.00963181443512, 0.00656062923372, 0.00499698985368, 0.0120097324252, 0.17233389616], "min": [0, 0, 0, 0, 0, 0, 0, 0, 0, 0, 0, 0, 0, 0, 0, 0, 0, 0, 0, 0, 0, 0, 0, 0, 0, 0, 0, 0, 0, 0, 0, 0, 0, 0, 0, 0], "dvar2": [0.0754350200295, 0.0579890422523, 0.0346856489778, 0.0270851682872, 0.0302535947412, 0.0430332198739, 0.0443031787872, 0.0396798551083, 0.0441872440279, 0.0364475175738, 0.0374426729977, 0.0276347976178, 0.0352281667292, 0.0421550273895, 0.0666226372123, 0.0855741649866, 0.0719689577818, 0.0467605851591, 0.039741512388, 0.0348578169942, 0.0332219526172, 0.0604328624904, 0.0394467934966, 0.0205861739814, 0.0134103177115, 0.0152687290683, 0.0256026498973, 0.0382042117417, 0.0405219122767, 0.0546905249357, 0.0691118687391, 0.0603124946356, 0.0455799624324, 0.03458192572, 0.0404884293675, 0.0570898614824], "dvar": [0.0343811996281, 0.0234139021486, 0.0128495162353, 0.00943008437753, 0.010443976149, 0.0159812271595, 0.0171698816121, 0.0144898081198, 0.0163329876959, 0.0148143488914, 0.0139325456694, 0.00978093221784, 0.0130589967594, 0.0149993542582, 0.0240558311343, 0.0394445508718, 0.0269891247153, 0.0165883805603, 0.0137994037941, 0.0120139699429, 0.0126652698964, 0.0256378035992, 0.0155392782763, 0.00737637700513, 0.00467464653775, 0.00531256757677, 0.00999823864549, 0.0165582597256, 0.015407120809, 0.021154018119, 0.0283915102482, 0.0220639258623, 0.0161702372134, 0.0120334625244, 0.0144858611748, 0.0218790862709], "dmean": [0.158768683672, 0.132593661547, 0.052192568779, 0.0284292194992, 0.0318985469639, 0.0522315241396, 0.0610243864357, 0.0536687225103, 0.0556048303843, 0.0467640683055, 0.0432993881404, 0.0427417643368, 0.0547790788114, 0.0682280138135, 0.152966022491, 0.142125740647, 0.164002671838, 0.0652035400271, 0.0365873649716, 0.0350413806736, 0.0687183067203, 0.112944446504, 0.0821007862687, 0.0314642861485, 0.0210932716727, 0.0239443965256, 0.0560408048332, 0.0804390981793, 0.0711641907692, 0.0747472941875, 0.0852480381727, 0.0710672140121, 0.0448759160936, 0.0380858927965, 0.0562325082719, 0.126268744469], "max": [1, 1, 1, 1, 1, 1, 1, 1, 1, 1, 1, 1, 1, 1, 1, 1, 1, 1, 1, 1, 1, 1, 1, 1, 1, 1, 1, 1, 1, 1, 1, 1, 1, 1, 1, 1], "var": [0.125009819865, 0.0629152357578, 0.0128556676209, 0.00656181899831, 0.00747083034366, 0.0268261246383, 0.0409123227, 0.0187593568116, 0.027047444135, 0.0479202233255, 0.0220417324454, 0.00820319447666, 0.016163457185, 0.0145912738517, 0.0539228767157, 0.122874245048, 0.0631250441074, 0.0140442876145, 0.00927338376641, 0.00833040475845, 0.0230562053621, 0.064120195806, 0.0289942622185, 0.00570058776066, 0.00310682179406, 0.00391618674621, 0.0156131349504, 0.0410295464098, 0.0241361614317, 0.045035213232, 0.0852578803897, 0.0336943417788, 0.0113545944914, 0.00832239165902, 0.01187728066, 0.0503189377487], "mean": [0.449516415596, 0.278403133154, 0.0519580170512, 0.0218362286687, 0.0261895861477, 0.0716044381261, 0.0994025915861, 0.0695794597268, 0.0732328593731, 0.0862745344639, 0.0551559850574, 0.0507301837206, 0.0707826539874, 0.0733794048429, 0.375811904669, 0.712238669395, 0.417549908161, 0.059694301337, 0.0263609215617, 0.0278574731201, 0.116890266538, 0.219632819295, 0.138549044728, 0.0293139722198, 0.0173294153064, 0.0219960901886, 0.0841885879636, 0.140004485846, 0.0999736711383, 0.118854567409, 0.168658986688, 0.10067500174, 0.0366458110511, 0.0307569857687, 0.0487702041864, 0.244133099914]}, "tuning_equal_tempered_deviation": 0.00210494943894, "chords_changes_rate": 0.0228642318398, "key_key": "D", "tuning_diatonic_strength": 0.606669723988, "key_scale": "major", "chords_number_rate": 0.00106345268432, "tuning_frequency": 443.316436768, "tuning_nontempered_energy_ratio": 0.607502877712, "chords_histogram": [65.6682052612, 0, 0.159517899156, 0.0354484207928, 0, 0, 0, 0, 0, 0, 0, 0, 0, 0, 0, 2.74725270271, 0, 6.89471817017, 0, 1.38248848915, 4.99822759628, 0.0531726330519, 18.0609722137, 0], "key_strength": 0.805748283863, "chords_key": "D", "chords_strength": {"dmean2": 0.00534587865695, "median": 0.531524300575, "min": -1, "dvar2": 0.000700628908817, "dvar": 0.000365753367078, "dmean": 0.00562284095213, "max": 0.772282063961, "var": 0.0106737818569, "mean": 0.525359630585}, "chords_scale": "major", "hpcp_entropy": {"dmean2": 0.84503287077, "median": 1.54593467712, "min": 0, "dvar2": 0.553831517696, "dvar": 0.210086390376, "dmean": 0.509603738785, "max": 3.76218986511, "var": 0.475787460804, "mean": 1.47493040562}}, "metadata": {"audio_properties": {"equal_loudness": 0, "codec": "mp3", "downmix": "mix", "sample_rate": 44100, "analysis_sample_rate": 44100, "bit_rate": 320032, "md5_encoded": "577b9bff5d122398450d0e9a6e760871", "length": 261.92980957, "replay_gain": -8.2117099762, "lossless": false}, "version": {"essentia_build_sha": "2d9f1f26377add8aeb1075a9c2973f962c4f09fd", "essentia": "2.1-beta2", "extractor": "music 1.0", "essentia_git_sha": "v2.1_beta2-1-ge3940c0"}, "tags": {"title": ["Letzte Tage - Letzte N\u00e4chte"], "language": ["deu"], "media": ["CD"], "albumartist": ["Popol Vuh"], "musicbrainz_recordingid": ["07444061-35ce-4370-a0e2-aa226ccb52af"], "musicbrainz_albumartistid": ["2f4bf325-2bbb-4d5f-8681-b0fef130bff0"], "discnumber": ["1/1"], "album": ["Letzte Tage - Letzte N\u00e4chte"], "musicbrainz album release country": ["DE"], "musicbrainz album type": ["album"], "musicbrainz album status": ["official"], "file_name": "08 - Letzte Tage - Letzte N\u00e4chte.mp3", "date": ["2005-06-02"], "genre": ["Ambient", "Experimental", "Progressive Rock"], "musicip_puid": ["979ae026-fc07-5c24-3bfa-4dc7ce611943"], "script": ["Latn"], "asin": ["B0009A6N7K"], "musicbrainz_albumid": ["8f7cbb13-cfc3-4ac3-b9a7-7e524f29be29"], "artist": ["Popol Vuh"], "artistsort": ["Popol Vuh"], "tracknumber": ["8/11"], "label": ["SPV Recordings"], "albumartistsort": ["Popol Vuh"], "musicbrainz_artistid": ["2f4bf325-2bbb-4d5f-8681-b0fef130bff0"]}}, "rhythm": {"bpm_histogram_first_peak_bpm": {"dmean2": 0, "median": 172, "min": 172, "dvar2": 0, "dvar": 0, "dmean": 0, "max": 172, "var": 0, "mean": 172}, "bpm": 90.8983840942, "bpm_histogram_second_peak_spread": {"dmean2": 0, "median": 0.318840533495, "min": 0.318840533495, "dvar2": 0, "dvar": 0, "dmean": 0, "max": 0.318840533495, "var": 0, "mean": 0.318840533495}, "bpm_histogram_first_peak_weight": {"dmean2": 0, "median": 0.191729322076, "min": 0.191729322076, "dvar2": 0, "dvar": 0, "dmean": 0, "max": 0.191729322076, "var": 0, "mean": 0.191729322076}, "onset_rate": 2.38982105255, "beats_position": [0.615328788757, 1.24226760864, 1.8575963974, 2.48453521729, 3.12308382988, 3.76163268089, 4.38857126236, 5.0387301445, 5.67727899551, 6.31582736969, 6.96598625183, 7.6277551651, 8.28952407837, 8.95129203796, 9.61306095123, 10.2748298645, 10.9365987778, 11.6099767685, 12.2717456818, 12.933514595, 13.5952835083, 14.2570514679, 14.9188203812, 15.5805892944, 16.2307472229, 16.8925170898, 17.5658950806, 18.2392749786, 18.9126529694, 19.574420929, 20.247800827, 20.9095687866, 21.5713367462, 22.2331066132, 22.8716545105, 23.5102043152, 24.1487522125, 24.7873020172, 25.4490699768, 26.0992279053, 26.7609977722, 27.4343757629, 28.1077537537, 28.7695236206, 29.4312915802, 30.081451416, 30.7432193756, 31.3933773041, 32.0551452637, 32.7169151306, 33.3670730591, 34.028842926, 34.7022209167, 35.3639907837, 36.0373687744, 36.7107467651, 37.4073448181, 38.1271629333, 38.8005447388, 39.4855308533, 40.1473007202, 40.7974586487, 41.4360084534, 42.0861663818, 42.7247161865, 43.3632659912, 44.0018119812, 44.6519737244, 45.3021316528, 45.9406776428, 46.5792274475, 47.2177772522, 47.8563270569, 48.5064849854, 49.1566429138, 49.8300209045, 50.4917907715, 51.1535606384, 51.8153266907, 52.4770965576, 53.1272544861, 53.8006324768, 54.4624023438, 55.1241722107, 55.7859382629, 56.4477081299, 57.1094779968, 57.7596359253, 58.4214057922, 59.094783783, 59.7565536499, 60.4299316406, 61.1033096313, 61.7650794983, 62.438457489, 63.1118354797, 63.7852134705, 64.4585952759, 65.1319732666, 65.7821273804, 66.443901062, 67.1172790527, 67.779045105, 68.4408187866, 69.1025848389, 69.7643508911, 70.4377288818, 71.0995025635, 71.7496566772, 72.3998184204, 73.0499725342, 73.7001342773, 74.3502960205, 75.0120620728, 75.673828125, 76.3356018066, 76.9857559204, 77.6475296021, 78.3209075928, 78.982673645, 79.6444396973, 80.3178253174, 80.9912033081, 81.6529693604, 82.3031311035, 82.9532852173, 83.6034469604, 84.2419967651, 84.8921508789, 85.5423126221, 86.1924667358, 86.8542404175, 87.5160064697, 88.1893844604, 88.8627624512, 89.5245361328, 90.1863021851, 90.8480682373, 91.5098419189, 92.1716079712, 92.8333740234, 93.4835357666, 94.1453018188, 94.8070755005, 95.4688415527, 96.1190032959, 96.7691574097, 97.4309310913, 98.0810852051, 98.7428588867, 99.3930130005, 100.054779053, 100.716552734, 101.366706848, 102.016868591, 102.678634644, 103.340408325, 104.002174377, 104.675552368, 105.348930359, 106.010704041, 106.660858154, 107.322631836, 107.996009827, 108.657775879, 109.319541931, 109.969703674, 110.631469727, 111.293243408, 111.943397522, 112.616775513, 113.290153503, 113.963539124, 114.625305176, 115.287071228, 115.960449219, 116.6222229, 117.283988953, 117.934150696, 118.58430481, 119.246078491, 119.907844543, 120.557998657, 121.2081604, 121.869926453, 122.531700134, 123.181854248, 123.84362793, 124.505393982, 125.155555725, 125.817321777, 126.490699768, 127.164077759, 127.83745575, 128.51083374, 129.195831299, 129.880813599, 130.565795898, 131.22756958, 131.9009552, 132.562713623, 133.224487305, 133.886260986, 134.548019409, 135.209793091, 135.859954834, 136.510116577, 137.160263062, 137.798812866, 138.460586548, 139.133972168, 139.807342529, 140.480728149, 141.165710449, 141.653335571, 142.129333496, 142.60534668, 143.069747925, 143.522537231, 143.975326538, 144.428115845, 144.869293213, 145.310470581, 145.751647949, 146.192825317, 146.634017944, 147.086807251, 147.527984619, 147.957550049, 148.398727417, 148.839904785, 149.281082153, 149.722259521, 150.15184021, 150.58140564, 151.010971069, 151.440536499, 151.881713867, 152.311294556, 152.740859985, 153.182037354, 153.63482666, 154.06439209, 154.505569458, 154.946762085, 155.387939453, 155.829116821, 156.258682251, 156.711471558, 157.152648926, 157.593826294, 158.035003662, 158.47618103, 158.917373657, 159.358551025, 159.799728394, 160.240905762, 160.68208313, 161.123260498, 161.564437866, 162.005615234, 162.446792603, 162.887985229, 163.329162598, 163.758728027, 164.188293457, 164.606262207, 165.035827637, 165.465393066, 165.894958496, 166.324539185, 166.742492676, 167.160446167, 167.590026855, 168.019592285, 168.449157715, 168.867111206, 169.296691895, 169.737869263, 170.167434692, 170.597000122, 171.014968872, 171.444534302, 171.874099731, 172.303665161, 172.73324585, 173.151199341, 173.569152832, 173.987121582, 174.416687012, 174.846252441, 175.28742981, 175.728607178, 176.146575928, 176.576141357, 177.005706787, 177.435287476, 177.864852905, 178.294418335, 178.723983765, 179.141952515, 179.559906006, 179.989471436, 180.419036865, 180.860229492, 181.30140686, 181.73097229, 182.172149658, 182.613327026, 182.973236084, 183.321533203, 183.681442261, 184.029754639, 184.378051758, 184.726348877, 185.063034058, 185.411331177, 185.748016357, 186.096328735, 186.444625854, 186.781311035, 187.129608154, 187.466293335, 187.814605713, 188.151290894, 188.476364136, 188.813064575, 189.149749756, 189.498046875, 189.834732056, 190.171432495, 190.519729614, 190.856414795, 191.193099976, 191.541397095, 191.866485596, 192.203170776, 192.539855957, 192.864944458, 193.201629639, 193.538314819, 193.875015259, 194.211700439, 194.536773682, 194.873458862, 195.22177124, 195.581680298, 195.929977417, 196.278274536, 196.626571655, 196.963256836, 197.311553955, 197.648254395, 197.984939575, 198.321624756, 198.669921875, 199.018234253, 199.354919434, 199.703216553, 200.051513672, 200.388198853, 200.73651123, 201.08480835, 201.433105469, 201.781402588, 202.129699707, 202.466384888, 202.803085327, 203.151382446, 203.499679565, 203.847976685, 204.196273804, 204.544570923, 204.892883301, 205.252792358, 205.612701416, 205.960998535, 206.297683716, 206.634368896, 206.982666016, 207.330978394, 207.667663574, 208.015960693, 208.364257813, 208.700942993, 209.049255371, 209.39755249, 209.745849609, 210.094146729, 210.442443848, 210.802352905, 211.162261963, 211.510559082, 211.858856201, 212.207168579, 212.555465698, 212.903762817, 213.252059937, 213.600357056, 213.948654175, 214.285354614, 214.622039795, 214.958724976, 215.295410156, 215.643707275, 216.003631592, 216.351928711, 216.70022583, 217.060134888, 217.420043945, 217.768341064, 218.128250122, 218.476547241, 218.813232422, 219.1615448, 219.49822998, 219.8465271, 220.206436157, 220.554733276, 220.914642334, 221.262939453, 221.599639893, 221.936325073, 222.284622192, 222.621307373, 222.969604492, 223.32951355, 223.689422607, 224.049331665, 224.409240723, 224.76914978, 225.117462158, 225.465759277, 225.814056396, 226.162353516, 226.510650635, 226.858947754, 227.195648193, 227.532333374, 227.880630493, 228.228927612, 228.577224731, 228.925521851, 229.273834229, 229.622131348, 229.970428467, 230.318725586, 230.667022705, 231.038543701, 231.38684082, 231.746749878, 232.095046997, 232.454956055, 232.803268433, 233.151565552, 233.499862671, 233.84815979, 234.196456909, 234.544754028, 234.904663086, 235.264572144, 235.624481201, 235.984390259, 236.332687378, 236.692596436, 237.040908813, 237.389205933, 237.725891113, 238.074188232, 238.422485352, 238.782394409, 239.142303467, 239.502212524, 239.850509644, 240.21043396, 240.570343018, 240.930252075, 241.290161133, 241.65007019, 241.99836731, 242.346664429, 242.694961548, 243.043258667, 243.391555786, 243.751464844, 244.099761963, 244.459671021, 244.819580078, 245.167892456, 245.516189575, 245.852874756, 246.189559937, 246.526260376, 246.874557495, 247.222854614, 247.582763672, 247.942672729, 248.314193726, 248.69732666, 249.080444336, 249.451965332, 249.823486328, 250.195007324, 250.56652832, 250.938049316, 251.297958374, 251.657867432, 252.017776489, 252.377685547, 252.737594604, 253.097503662, 253.45741272, 253.817321777, 254.165618896, 254.513916016, 254.873825073, 255.233734131, 255.593643188, 255.953552246, 256.313476563, 256.673370361, 257.033294678, 257.393188477, 257.753112793, 258.124633789, 258.496154785, 258.879272461, 259.250793457, 259.633911133, 260.017059326, 260.388580322, 260.760070801, 261.143218994], "beats_loudness": {"dmean2": 0.0189213789999, "median": 0.0322046726942, "min": 0, "dvar2": 0.000260415370576, "dvar": 0.00010042465874, "dmean": 0.0106958346441, "max": 0.0781792476773, "var": 0.000265003996901, "mean": 0.0311768371612}, "danceability": 0.989154279232, "bpm_histogram_second_peak_weight": {"dmean2": 0, "median": 0.265037596226, "min": 0.265037596226, "dvar2": 0, "dvar": 0, "dmean": 0, "max": 0.265037596226, "var": 0, "mean": 0.265037596226}, "beats_count": 533, "bpm_histogram_second_peak_bpm": {"dmean2": 0, "median": 91, "min": 91, "dvar2": 0, "dvar": 0, "dmean": 0, "max": 91, "var": 0, "mean": 91}, "bpm_histogram_first_peak_spread": {"dmean2": 0, "median": 0, "min": 0, "dvar2": 0, "dvar": 0, "dmean": 0, "max": 0, "var": 0, "mean": 0}, "beats_loudness_band_ratio": {"dmean2": [0.340875566006, 0.315111517906, 0.199434474111, 0.205075323582, 0.0640931352973, 0.0167243499309], "median": [0.182592570782, 0.344110250473, 0.172425955534, 0.151178315282, 0.0426808334887, 0.00921603199095], "min": [0, 0, 0, 0, 0, 0], "dvar2": [0.0699046775699, 0.055259257555, 0.0274884365499, 0.0389938056469, 0.00414443714544, 0.000927241751924], "dvar": [0.0254368260503, 0.0191667955369, 0.00902880448848, 0.0145081356168, 0.00143014348578, 0.000373933580704], "dmean": [0.188555553555, 0.185249507427, 0.113908819854, 0.119302853942, 0.0361796393991, 0.00997173786163], "max": [0.831988930702, 0.89984703064, 0.642764687538, 0.824398100376, 0.288154691458, 0.298356384039], "var": [0.0387204289436, 0.0348255075514, 0.0135289141908, 0.0254103783518, 0.00204237992875, 0.000252282567089], "mean": [0.238765090704, 0.36222538352, 0.189578250051, 0.202101752162, 0.0565497949719, 0.0123760569841]}}, "lowlevel": {"barkbands_spread": {"dmean2": 3.2540602684, "median": 11.1822147369, "min": 1.08170866966, "dvar2": 12.2265634537, "dvar": 5.18247938156, "dmean": 2.14839673042, "max": 112.83228302, "var": 26.4491062164, "mean": 11.7367019653}, "melbands_spread": {"dmean2": 4.453353405, "median": 14.8735866547, "min": 0.941732287407, "dvar2": 26.0812664032, "dvar": 11.0198955536, "dmean": 2.95678782463, "max": 163.595367432, "var": 124.346084595, "mean": 16.2309036255}, "hfc": {"dmean2": 5.03483200073, "median": 16.0965194702, "min": 1.04558686686e-16, "dvar2": 52.5749168396, "dvar": 20.4465236664, "dmean": 3.28028082848, "max": 100.760650635, "var": 140.933944702, "mean": 18.0038318634}, "barkbands_kurtosis": {"dmean2": 2.34561014175, "median": 1.88489627838, "min": -1.6161891222, "dvar2": 17.5561180115, "dvar": 7.07093524933, "dmean": 1.5674636364, "max": 129.488311768, "var": 21.2100200653, "mean": 3.10799670219}, "gfcc": {"mean": [-51.355594635, 146.719039917, -154.957565308, 10.851111412, -62.6452102661, -8.23438549042, -35.6166725159, -16.3615016937, -22.6923274994, -16.3891887665, -11.8450880051, -3.76859498024, -0.549701869488], "icov": [[0.000167391175637, -0.000509312085342, 0.00030591149698, -0.000190299135284, 0.000324947526678, -0.000571922864765, 0.000733617169317, -0.000423973920988, 0.000649224442896, -0.000302036321955, 0.000505529518705, -0.000237792526605, 0.000184798962437], [-0.000509312085342, 0.00413636723533, -0.000428216822911, 5.11100806762e-05, -0.00248237838969, 0.00337704573758, -0.00321709411219, 0.00222697784193, -0.00381734617986, 0.00244255829602, -0.00242745573632, 0.00244823656976, -0.00131292117294], [0.00030591149698, -0.000428216822911, 0.00322184688412, -0.00153151596896, -0.000680082535837, -0.000678496027831, 0.00159095972776, -0.00142422248609, 0.001088923309, -0.00170942093246, 0.00224645948038, -0.00149769661948, 0.000723409117199], [-0.000190299135284, 5.11100806762e-05, -0.00153151596896, 0.00502036837861, 0.00101586827077, -0.000816287414636, -0.00197226880118, 0.000249329197686, -0.0012154848082, 0.000661703234073, -0.00117006571963, 0.00149698299356, 0.000268654868705], [0.000324947526678, -0.00248237838969, -0.000680082535837, 0.00101586827077, 0.00653694756329, -0.00203991332091, 3.3080981666e-05, -0.000415164977312, 0.000115591596114, -0.00103383196983, 0.000688099418767, -0.000999904470518, 0.000188471429283], [-0.000571922864765, 0.00337704573758, -0.000678496027831, -0.000816287414636, -0.00203991332091, 0.00996495224535, -0.0040610213764, -0.00122385285795, 0.000886058376636, -0.000842379173264, -0.00298363785259, 0.0032308048103, -0.00160332210362], [0.000733617169317, -0.00321709411219, 0.00159095972776, -0.00197226880118, 3.3080981666e-05, -0.0040610213764, 0.0123903984204, -0.00403602840379, 0.000542682653759, 0.000419590505771, 0.000764390453696, -0.00295273540542, 0.00237907492556], [-0.000423973920988, 0.00222697784193, -0.00142422248609, 0.000249329197686, -0.000415164977312, -0.00122385285795, -0.00403602840379, 0.0129479477182, -0.00675395643339, 0.00015244934184, 0.00103358027991, -0.000478720816318, 0.000122329278383], [0.000649224442896, -0.00381734617986, 0.001088923309, -0.0012154848082, 0.000115591596114, 0.000886058376636, 0.000542682653759, -0.00675395643339, 0.0215695630759, -0.00720132188872, -0.00118171959184, 0.00379433506168, -0.00326754292473], [-0.000302036321955, 0.00244255829602, -0.00170942093246, 0.000661703234073, -0.00103383196983, -0.000842379173264, 0.000419590505771, 0.00015244934184, -0.00720132188872, 0.0159739255905, -0.00318391690962, -0.00329622975551, 0.00364123634063], [0.000505529518705, -0.00242745573632, 0.00224645948038, -0.00117006571963, 0.000688099418767, -0.00298363785259, 0.000764390453696, 0.00103358027991, -0.00118171959184, -0.00318391690962, 0.0180618204176, -0.00408437009901, -0.00209158356301], [-0.000237792526605, 0.00244823656976, -0.00149769661948, 0.00149698299356, -0.000999904470518, 0.0032308048103, -0.00295273540542, -0.000478720816318, 0.00379433506168, -0.00329622975551, -0.00408437009901, 0.0194455664605, -0.00722145382315], [0.000184798962437, -0.00131292117294, 0.000723409117199, 0.000268654868705, 0.000188471429283, -0.00160332210362, 0.00237907492556, 0.000122329278383, -0.00326754292473, 0.00364123634063, -0.00209158356301, -0.00722145382315, 0.0189382731915]], "cov": [[16150.0615234, 243.188034058, -941.508300781, 206.069366455, -711.422790527, 396.02154541, -574.722717285, 15.7900743484, -416.386047363, -92.4157791138, -266.610748291, -151.836654663, -136.40397644], [243.188034058, 1175.94384766, -255.859405518, 1.46083343029, 269.83114624, -246.962997437, 160.169174194, -108.561393738, 171.945281982, -140.085449219, 105.777488708, -94.3883666992, 78.1820220947], [-941.508300781, -255.859405518, 597.657409668, 114.326202393, 52.6645088196, 80.7870864868, 3.70357060432, 92.1627349854, 0.870776474476, 95.2089157104, -46.3694801331, 43.4860229492, -34.4417953491], [206.069366455, 1.46083343029, 114.326202393, 287.969665527, -18.9256362915, 71.304649353, 54.5718803406, 46.5295257568, 20.9421653748, 14.3244009018, 3.08055019379, -22.3383541107, -18.6112556458], [-711.422790527, 269.83114624, 52.6645088196, -18.9256362915, 283.354980469, -29.655008316, 81.9981460571, 1.10028290749, 68.9099502563, -1.41850352287, 35.5055580139, -2.76015949249, 23.2978134155], [396.02154541, -246.962997437, 80.7870864868, 71.304649353, -29.655008316, 226.674057007, 17.7710971832, 73.8097000122, -30.3512229919, 50.3311271667, -10.3978776932, 6.07972049713, -22.0504837036], [-574.722717285, 160.169174194, 3.70357060432, 54.5718803406, 81.9981460571, 17.7710971832, 176.040161133, 38.9403381348, 56.7080307007, -6.37425136566, 33.140411377, -4.74972248077, 6.97750091553], [15.7900743484, -108.561393738, 92.1627349854, 46.5295257568, 1.10028290749, 73.8097000122, 38.9403381348, 140.248016357, 27.9376029968, 41.500579834, -11.2068719864, 9.19401264191, -12.3115472794], [-416.386047363, 171.945281982, 0.870776474476, 20.9421653748, 68.9099502563, -30.3512229919, 56.7080307007, 27.9376029968, 111.207199097, 15.347325325, 33.0680274963, -15.4650840759, 19.0849933624], [-92.4157791138, -140.085449219, 95.2089157104, 14.3244009018, -1.41850352287, 50.3311271667, -6.37425136566, 41.500579834, 15.347325325, 110.656799316, 3.24027705193, 24.5831489563, -16.7380542755], [-266.610748291, 105.777488708, -46.3694801331, 3.08055019379, 35.5055580139, -10.3978776932, 33.140411377, -11.2068719864, 33.0680274963, 3.24027705193, 86.8903045654, 9.40770626068, 24.6039390564], [-151.836654663, -94.3883666992, 43.4860229492, -22.3383541107, -2.76015949249, 6.07972049713, -4.74972248077, 9.19401264191, -15.4650840759, 24.5831489563, 9.40770626068, 81.1946105957, 19.278175354], [-136.40397644, 78.1820220947, -34.4417953491, -18.6112556458, 23.2978134155, -22.0504837036, 6.97750091553, -12.3115472794, 19.0849933624, -16.7380542755, 24.6039390564, 19.278175354, 74.8176269531]]}, "spectral_energyband_middle_low": {"dmean2": 0.00612276280299, "median": 0.017789369449, "min": 1.73079995356e-22, "dvar2": 5.74078912905e-05, "dvar": 2.46010149567e-05, "dmean": 0.00418818416074, "max": 0.159980490804, "var": 0.000185117998626, "mean": 0.0195445548743}, "melbands_crest": {"dmean2": 4.06680631638, "median": 12.9655761719, "min": 1.67503380775, "dvar2": 15.9330310822, "dvar": 6.26907014847, "dmean": 2.65297579765, "max": 34.7987098694, "var": 28.1925640106, "mean": 13.9180631638}, "spectral_kurtosis": {"dmean2": 6.61194849014, "median": 6.79567432404, "min": -1.26847624779, "dvar2": 58.5125007629, "dvar": 19.9098930359, "dmean": 3.81318593025, "max": 87.1110229492, "var": 41.1331176758, "mean": 8.53593921661}, "spectral_rms": {"dmean2": 0.000727733713575, "median": 0.00529869413003, "min": 3.12819149924e-12, "dvar2": 6.32976480119e-07, "dvar": 2.57032695572e-07, "dmean": 0.000485905387904, "max": 0.0126099763438, "var": 3.47200261785e-06, "mean": 0.00501378951594}, "zerocrossingrate": {"dmean2": 0.00514673534781, "median": 0.03759765625, "min": 0.005859375, "dvar2": 7.01013486832e-05, "dvar": 3.760182517e-05, "dmean": 0.00414487207308, "max": 0.5166015625, "var": 0.00133785046637, "mean": 0.0411027036607}, "silence_rate_60dB": {"dmean2": 0.00638297852129, "median": 0, "min": 0, "dvar2": 0.00758434273303, "dvar": 0.0031804968603, "dmean": 0.00319120637141, "max": 1, "var": 0.0882846266031, "mean": 0.0978549867868}, "erbbands_kurtosis": {"dmean2": 1.08823621273, "median": 0.100262567401, "min": -1.81444895267, "dvar2": 2.14470171928, "dvar": 0.874764561653, "dmean": 0.710056602955, "max": 19.0953159332, "var": 2.57255077362, "mean": 0.505687892437}, "erbbands": {"dmean2": [0.0285557489842, 0.353457450867, 0.997111618519, 2.96157717705, 8.34836864471, 10.9805326462, 26.6089839935, 15.2322845459, 12.1697654724, 10.1471986771, 28.1607627869, 19.7802143097, 30.2999801636, 91.3929519653, 36.2927131653, 37.1658744812, 31.9347000122, 21.5584259033, 29.5072669983, 13.6213274002, 18.9980144501, 8.83396434784, 6.69575500488, 4.14522504807, 3.02961230278, 1.99493920803, 1.69704854488, 0.765262424946, 0.901127874851, 0.42232093215, 0.196887493134, 0.119186632335, 0.106251165271, 0.0495345816016, 0.0213779136539, 0.00609079096466, 0.00224928674288, 0.000572017277591, 5.74841105845e-05, 1.0735793694e-05], "median": [0.00229644658975, 0.0332607291639, 0.351194232702, 1.71658730507, 5.50744152069, 14.705406189, 40.39661026, 19.8082504272, 13.4656581879, 8.6860332489, 26.4450511932, 21.0073757172, 23.6050720215, 40.9060783386, 15.8811721802, 34.5476989746, 20.4674415588, 16.0241146088, 9.84741592407, 10.4548826218, 17.5352668762, 9.89097976685, 5.70906686783, 3.06483983994, 3.09884047508, 2.18107652664, 1.47035002708, 0.686860263348, 0.655912876129, 0.358525454998, 0.157086998224, 0.0826081112027, 0.0419422499835, 0.0111812734976, 0.00258422736079, 0.000858920859173, 0.000250812823651, 3.66194872186e-05, 1.8498441932e-05, 3.37692108587e-05], "min": [1.160004815e-22, 7.93406511084e-22, 3.64772432969e-21, 7.21367086984e-21, 2.17632414697e-20, 1.79043728263e-20, 4.09396371324e-20, 6.84897016894e-20, 1.24327482039e-19, 2.7543025767e-19, 3.51971425249e-19, 4.99914926701e-19, 7.84404363042e-19, 8.05259602537e-19, 4.87648717097e-19, 1.1365822474e-18, 1.09432076273e-18, 1.94210861569e-18, 2.46823560353e-18, 3.15015916462e-18, 3.25592992236e-18, 5.11639705236e-18, 4.39146713046e-18, 6.76861008942e-18, 7.64749155821e-18, 8.28144112531e-18, 1.00658533407e-17, 7.93866657845e-18, 1.09116703324e-17, 1.12939899028e-17, 1.1307565591e-17, 9.09375647507e-18, 1.0738773868e-17, 8.11891833291e-18, 6.12305352396e-18, 4.14353339033e-18, 2.42874724186e-18, 9.89492784083e-19, 2.57751340028e-19, 2.46929374848e-20], "dvar2": [0.00947619788349, 1.26252222061, 6.71140289307, 36.9180488586, 270.074279785, 291.277954102, 1396.98095703, 564.25592041, 318.112731934, 522.284240723, 2159.68237305, 1744.49560547, 6404.73974609, 59305.4765625, 15309.4160156, 4248.41748047, 4462.83544922, 1297.24755859, 7718.74462891, 718.273925781, 838.524719238, 163.333343506, 149.583374023, 89.0908889771, 30.183134079, 12.0741662979, 11.678401947, 3.93020510674, 5.77556371689, 1.3872038126, 0.561272740364, 0.37029916048, 1.41637134552, 0.352988779545, 0.102427378297, 0.00257532089017, 0.000178067712113, 1.43837105497e-05, 1.88309158489e-07, 3.79718062549e-10], "dvar": [0.0043456107378, 0.544495463371, 2.60810303688, 13.3257455826, 100.143692017, 115.864189148, 896.119384766, 227.406417847, 145.309509277, 233.739257813, 1041.5480957, 843.71875, 2576.20239258, 22272.2851563, 6197.48828125, 1908.68005371, 1656.14025879, 482.657196045, 2656.12792969, 266.333648682, 317.613250732, 67.204788208, 54.2440490723, 36.4060821533, 11.5396633148, 4.89068412781, 4.62082242966, 1.50057518482, 2.78498864174, 0.676657319069, 0.288684874773, 0.1773147434, 0.817710638046, 0.188135787845, 0.0520002990961, 0.00145109731238, 9.79433170869e-05, 7.41830353945e-06, 9.14590003731e-08, 1.67286268171e-10], "dmean": [0.0185136366636, 0.221521139145, 0.597324192524, 1.76763772964, 5.12108945847, 7.29969835281, 21.0897884369, 10.029053688, 8.21411895752, 6.78416347504, 20.7044582367, 13.6456317902, 20.1657924652, 59.3563957214, 23.0146636963, 25.8422870636, 20.0945205688, 13.4531927109, 17.5782527924, 8.31793785095, 11.6410961151, 5.5308008194, 4.09303045273, 2.57875657082, 1.84322345257, 1.25141787529, 1.05806529522, 0.486124247313, 0.601619422436, 0.286586076021, 0.133625909686, 0.0818669646978, 0.0748470202088, 0.0367284156382, 0.0170604661107, 0.00478828977793, 0.00174059043638, 0.000426274171332, 4.16195980506e-05, 7.21036485629e-06], "max": [1.46180832386, 16.9455852509, 30.1690502167, 75.8171157837, 186.575958252, 341.308105469, 1382.69543457, 494.131439209, 301.932800293, 465.606414795, 665.462158203, 790.901062012, 2153.33496094, 3019.33789063, 2810.48217773, 1554.34887695, 1192.33618164, 623.525878906, 1215.34301758, 629.007629395, 597.08605957, 285.903106689, 256.50177002, 284.83001709, 100.447052002, 67.304107666, 61.972278595, 62.7556800842, 82.8659591675, 61.0658149719, 42.9435539246, 38.4454879761, 92.7197799683, 36.2896499634, 20.2279777527, 3.51923394203, 0.431636065245, 0.123483881354, 0.0158408582211, 0.000789519806858], "var": [0.00545097468421, 0.690139353275, 2.94288372993, 20.2399673462, 205.40435791, 775.235778809, 7991.59179688, 888.856750488, 515.47644043, 711.105407715, 3451.63842773, 3038.90722656, 7175.48291016, 45536.140625, 22386.9082031, 6384.48583984, 3422.66088867, 1223.26599121, 5866.49902344, 741.695739746, 846.97668457, 247.4503479, 152.986312866, 172.338317871, 30.9189395905, 14.8752603531, 12.1062602997, 3.45765352249, 8.87409877777, 2.44771718979, 1.12119233608, 0.604617595673, 1.96603405476, 0.56327098608, 0.132040679455, 0.00325083336793, 0.000185345546925, 1.1524666661e-05, 1.24112887079e-07, 5.63547430943e-10], "mean": [0.0217950511724, 0.271231740713, 0.846733510494, 3.21013045311, 10.7199401855, 23.4061660767, 70.3292922974, 27.7834415436, 20.3275337219, 15.2600412369, 46.337272644, 35.5034408569, 46.3585891724, 108.120910645, 53.5761947632, 59.0789642334, 39.7532806396, 27.7565155029, 32.6547698975, 19.1158657074, 25.1524829865, 13.4017763138, 9.10209560394, 6.80150365829, 4.57041835785, 3.28392267227, 2.55661654472, 1.2484331131, 1.46982610226, 0.76384973526, 0.356570333242, 0.213617876172, 0.160471245646, 0.0747947022319, 0.0310505051166, 0.00861744955182, 0.00287185935304, 0.000602156331297, 6.56532574794e-05, 3.52669558197e-05]}, "spectral_strongpeak": {"dmean2": 0.880132079124, "median": 1.09244561195, "min": 0, "dvar2": 1.61916923523, "dvar": 0.649995863438, "dmean": 0.528425574303, "max": 10.7788095474, "var": 1.51584422588, "mean": 1.38574540615}, "spectral_energy": {"dmean2": 0.0084920739755, "median": 0.0287780612707, "min": 1.00302216634e-20, "dvar2": 0.000105234874354, "dvar": 4.30923100794e-05, "dmean": 0.00562824867666, "max": 0.162986785173, "var": 0.000285208865535, "mean": 0.0293253101408}, "average_loudness": 0.813707470894, "spectral_rolloff": {"dmean2": 284.358428955, "median": 904.39453125, "min": 21.533203125, "dvar2": 296559.65625, "dvar": 119018.328125, "dmean": 168.84715271, "max": 19659.8144531, "var": 1947839.375, "mean": 1094.1673584}, "spectral_centroid": {"dmean2": 158.40145874, "median": 809.17779541, "min": 280.641143799, "dvar2": 57408.9648438, "dvar": 25748.3046875, "dmean": 104.64907074, "max": 11483.0966797, "var": 583270, "mean": 887.328552246}, "pitch_salience": {"dmean2": 0.0880922228098, "median": 0.570835232735, "min": 0.154452517629, "dvar2": 0.00645575067028, "dvar": 0.00252770353109, "dmean": 0.0560651011765, "max": 0.842289686203, "var": 0.0102743264288, "mean": 0.564757347107}, "spectral_energyband_middle_high": {"dmean2": 0.00365029764362, "median": 0.00508615700528, "min": 1.16462102707e-21, "dvar2": 4.96240281791e-05, "dvar": 1.90746231965e-05, "dmean": 0.00236586318351, "max": 0.089454472065, "var": 7.90267513366e-05, "mean": 0.00790641456842}, "spectral_contrast_coeffs": {"dmean2": [0.0744483917952, 0.0638410076499, 0.0581978112459, 0.0458788722754, 0.0322656519711, 0.0227918252349], "median": [-0.525084733963, -0.672855257988, -0.70363008976, -0.746470093727, -0.773020625114, -0.729750752449], "min": [-0.974787175655, -0.975409626961, -0.974253058434, -0.969757139683, -0.965755283833, -0.964397490025], "dvar2": [0.00390780298039, 0.00273574935272, 0.0021937622223, 0.00128011009656, 0.000620305654593, 0.000398457894335], "dvar": [0.00149373430759, 0.00106754270382, 0.000856689526699, 0.000481852795929, 0.000237213505898, 0.000161753821885], "dmean": [0.0461878627539, 0.0397631637752, 0.0362244583666, 0.0279998015612, 0.0194398183376, 0.0140846036375], "max": [-0.273920714855, -0.421836793423, -0.448568046093, -0.53197479248, -0.623837590218, -0.625712573528], "var": [0.0101800952107, 0.00607176916674, 0.00544440420344, 0.00293566915207, 0.00141426245682, 0.00126310845371], "mean": [-0.533802568913, -0.675159037113, -0.701939463615, -0.746767699718, -0.774183630943, -0.733950078487]}, "melbands_skewness": {"dmean2": 0.625945806503, "median": 1.75864124298, "min": -1.3913435936, "dvar2": 0.424426615238, "dvar": 0.182383105159, "dmean": 0.430279970169, "max": 13.6185112, "var": 1.27766430378, "mean": 1.83678817749}, "spectral_spread": {"dmean2": 364136.75, "median": 2695056.75, "min": 786350.25, "dvar2": 764273164288, "dvar": 351691341824, "dmean": 249535.21875, "max": 52919028, "var": 7913176301570.0, "mean": 3008989.75}, "dissonance": {"dmean2": 0.0359657593071, "median": 0.456570088863, "min": 0.306402683258, "dvar2": 0.00103252427652, "dvar": 0.00036672045826, "dmean": 0.0213463362306, "max": 0.500000119209, "var": 0.000802648952231, "mean": 0.451547414064}, "spectral_skewness": {"dmean2": 0.562730610371, "median": 1.84880328178, "min": -0.0727065876126, "dvar2": 0.318435698748, "dvar": 0.109531581402, "dmean": 0.329002648592, "max": 6.95219755173, "var": 0.322393596172, "mean": 1.94491279125}, "spectral_flux": {"dmean2": 0.0251148715615, "median": 0.0610249303281, "min": 6.52647241806e-11, "dvar2": 0.000681984529365, "dvar": 0.000281628570519, "dmean": 0.0155164143071, "max": 0.239284574986, "var": 0.00114208983723, "mean": 0.0645493790507}, "spectral_contrast_valleys": {"dmean2": [0.67604213953, 0.501807630062, 0.455776274204, 0.373302578926, 0.268265992403, 0.24548573792], "median": [-7.95640277863, -6.42820358276, -7.02682781219, -7.6395111084, -7.81992530823, -11.3222370148], "min": [-28.187078476, -27.7917156219, -27.9364376068, -27.8446979523, -27.4936771393, -27.372713089], "dvar2": [0.296667963266, 0.180797383189, 0.151127144694, 0.11421571672, 0.0794526040554, 0.110434673727], "dvar": [0.125955268741, 0.0762571841478, 0.0660796687007, 0.0526420623064, 0.041364852339, 0.0741493105888], "dmean": [0.41793385148, 0.30455571413, 0.277447015047, 0.228883951902, 0.169368028641, 0.189293816686], "max": [-5.27924060822, -4.89708185196, -5.28842735291, -6.03553104401, -6.57498073578, -7.78492546082], "var": [3.18198847771, 3.160820961, 3.06871747971, 2.86848592758, 2.75203323364, 2.71768403053], "mean": [-8.15314388275, -6.7478928566, -7.34962081909, -7.93244791031, -8.15544986725, -11.6510858536]}, "erbbands_flatness_db": {"dmean2": 0.018033914268, "median": 0.229100048542, "min": 0.0320510528982, "dvar2": 0.000326975015923, "dvar": 0.000180027331226, "dmean": 0.0131556736305, "max": 0.367387622595, "var": 0.0018517539138, "mean": 0.230337381363}, "spectral_energyband_high": {"dmean2": 6.93169567967e-05, "median": 8.65016045282e-05, "min": 7.3330797227e-21, "dvar2": 3.12912931122e-08, "dvar": 1.62795625869e-08, "dmean": 4.80875314679e-05, "max": 0.00909242127091, "var": 6.84810785856e-08, "mean": 0.000152531618369}, "spectral_entropy": {"dmean2": 0.155654370785, "median": 7.1019153595, "min": 5.65724086761, "dvar2": 0.0215798132122, "dvar": 0.0107115358114, "dmean": 0.10764336586, "max": 9.82402324677, "var": 0.145566612482, "mean": 7.07158374786}, "silence_rate_20dB": {"dmean2": 0, "median": 1, "min": 1, "dvar2": 0, "dvar": 0, "dmean": 0, "max": 1, "var": 0, "mean": 1}, "melbands_flatness_db": {"dmean2": 0.0232537910342, "median": 0.231537237763, "min": 0.00366974365897, "dvar2": 0.000564593297895, "dvar": 0.000264104717644, "dmean": 0.0163380615413, "max": 0.459561228752, "var": 0.00278425565921, "mean": 0.237089306116}, "barkbands": {"dmean2": [7.24697529222e-05, 0.00137052522041, 0.0010490444256, 0.00128517125268, 0.00337639939971, 0.0027122348547, 0.000828767893836, 0.00108133570757, 0.000896379060578, 0.00235459255055, 0.000942767073866, 0.000827654090244, 0.000625130080152, 0.000419617717853, 0.000502332404722, 0.000354288349627, 0.000231110185268, 0.000113583548227, 6.95647904649e-05, 4.57365458715e-05, 2.54959741142e-05, 2.22399958147e-05, 7.80962363933e-06, 5.66086782783e-06, 3.63397043657e-06, 1.22100198041e-06, 3.48040771314e-07], "median": [5.72294884478e-05, 0.00010372971883, 0.000370192108676, 0.000573113909923, 0.00509189348668, 0.00421092286706, 0.00074037082959, 0.000958567252383, 0.000784371397458, 0.001153702382, 0.000135745256557, 0.000706891063601, 0.000320939841913, 0.000250233046245, 0.000151412707055, 0.000304215180222, 0.000201688206289, 8.01441492513e-05, 6.35908800177e-05, 4.47353668278e-05, 2.21190894081e-05, 1.80095375981e-05, 6.23250889475e-06, 3.11989720103e-06, 6.32824594504e-07, 1.44196945939e-07, 1.10444196011e-08], "min": [3.10157847264e-25, 3.30672347668e-24, 2.6717283133e-24, 2.23326640597e-24, 7.32180775864e-24, 7.64571404633e-24, 1.28497347748e-23, 1.23104978589e-23, 2.12723348178e-23, 1.85428839743e-23, 1.00078436422e-23, 3.35090694489e-23, 2.10036992805e-23, 2.88770770064e-23, 4.79934328821e-23, 6.56594364291e-23, 8.1125161761e-23, 5.76395356787e-23, 1.50125140134e-22, 1.64529841237e-22, 2.29994504754e-22, 2.82965340714e-22, 3.75230436458e-22, 5.63243707589e-22, 8.50028750672e-22, 1.39491388533e-21, 1.8470161538e-21], "dvar2": [4.82014561598e-09, 1.95786651602e-05, 7.37535629014e-06, 6.49792082186e-06, 2.60235337919e-05, 1.42727840284e-05, 2.09425752473e-06, 3.05008347823e-06,