{"metadata": {"tags": {"album": ["iTunes Originals"], "albumartist": ["PJ Harvey"], "genre": ["Rock"], "artist": ["PJ Harvey"], "date": ["1969"], "tracknumber": ["4"], "title": ["Fountain (iTunes Originals Ver"], "file_name": "158639.mp3", "musicbrainz_recordingid": ["0748ec77-aeaf-462c-89de-116c18523568"]}, "audio_properties": {"sample_rate": 44100, "downmix": "mix", "lossless": false, "analysis_sample_rate": 44100, "md5_encoded": "bfe3d3716aa41950740b057a38d1b821", "equal_loudness": 0, "replay_gain": -11.0629520416, "codec": "mp3", "bit_rate": 320038, "length": 217.782852173}, "version": {"extractor": "music 1.0", "essentia_build_sha": "70f2e5ece6736b2c40cc944ad0e695b16b925413", "essentia_git_sha": "v2.1_beta2", "essentia": "2.1-beta2"}}, "rhythm": {"beats_loudness_band_ratio": {"dvar2": [0.0340621508658, 0.0122773833573, 0.00697285030037, 0.0099409557879, 0.00959446188062, 0.00272793904878], "var": [0.0403982177377, 0.00477368896827, 0.0025485639926, 0.0033414256759, 0.0057376967743, 0.00256455666386], "min": [0, 0, 0, 0, 0, 0], "dmean": [0.104126647115, 0.0583023019135, 0.0361255258322, 0.0336284041405, 0.0384611934423, 0.0218199752271], "mean": [0.753721773624, 0.0878498852253, 0.0427357703447, 0.0334250703454, 0.0546324104071, 0.0396061949432], "max": [0.999274492264, 0.477689415216, 0.470373690128, 0.54512399435, 0.511361777782, 0.21289268136], "dmean2": [0.185095116496, 0.103059157729, 0.0644339546561, 0.0579444095492, 0.0672527551651, 0.0379067026079], "median": [0.796366930008, 0.0729216039181, 0.0262366645038, 0.00976712442935, 0.0187922306359, 0.00928329862654], "dvar": [0.012716980651, 0.00395467178896, 0.00238139764406, 0.00347683089785, 0.00341893499717, 0.000960552890319]}, "bpm_histogram_first_peak_weight": {"dvar2": 0, "var": 0, "min": 0.492007106543, "dmean": 0, "mean": 0.492007106543, "max": 0.492007106543, "dmean2": 0, "median": 0.492007106543, "dvar": 0}, "bpm": 155.913269043, "beats_count": 564, "bpm_histogram_first_peak_spread": {"dvar2": 0, "var": 0, "min": 0.332530081272, "dmean": 0, "mean": 0.332530081272, "max": 0.332530081272, "dmean2": 0, "median": 0.332530081272, "dvar": 0}, "danceability": 1.12746334076, "bpm_histogram_first_peak_bpm": {"dvar2": 0, "var": 0, "min": 157, "dmean": 0, "mean": 157, "max": 157, "dmean2": 0, "median": 157, "dvar": 0}, "beats_position": [0.417959183455, 0.847528338432, 1.28870749474, 1.72988653183, 2.17106580734, 2.58902478218, 2.99537420273, 3.41333317757, 3.8196823597, 4.22603178024, 4.65560102463, 5.08516979218, 5.52634906769, 5.9675283432, 6.38548755646, 6.80344676971, 7.19818592072, 7.59292507172, 7.99927425385, 8.40562343597, 8.8119726181, 9.21832180023, 9.61306095123, 10.0194101334, 10.4489793777, 10.8901586533, 11.3197278976, 11.749297142, 12.1672563553, 12.5852155685, 12.9799547195, 13.3863039017, 13.7926530838, 14.1990022659, 14.6053514481, 15.0233106613, 15.4296598434, 15.8592290878, 16.2887973785, 16.7183666229, 17.1595458984, 17.6123352051, 18.0419044495, 18.4714736938, 18.8894329071, 19.2957820892, 19.7137413025, 20.1200904846, 20.5264396667, 20.9211788177, 21.3159179688, 21.7222671509, 22.1170063019, 22.5001354218, 22.8716545105, 23.2431735992, 23.614692688, 23.9978218079, 24.3809528351, 24.7756919861, 25.1704311371, 25.553560257, 25.9366893768, 26.3082084656, 26.6797275543, 27.0512466431, 27.4343757629, 27.8058948517, 28.1890239716, 28.5721530914, 28.9552822113, 29.3384113312, 29.7215423584, 30.0930614471, 30.4645805359, 30.8360996246, 31.2192287445, 31.6023578644, 31.9738769531, 32.3453979492, 32.7169151306, 33.0884361267, 33.4599533081, 33.843082428, 34.2262115479, 34.6093406677, 34.9924697876, 35.3639907837, 35.7238998413, 36.0838088989, 36.455329895, 36.8268470764, 37.2099761963, 37.5931053162, 37.9646263123, 38.3361434937, 38.7192726135, 39.1024017334, 39.4855308533, 39.8686599731, 40.251789093, 40.6349182129, 41.006439209, 41.3779602051, 41.7494773865, 42.1326065063, 42.5157356262, 42.8988647461, 43.281993866, 43.6535148621, 44.0250320435, 44.4081611633, 44.7912902832, 45.1628112793, 45.5459403992, 45.929069519, 46.3005905151, 46.683719635, 47.0668487549, 47.4383659363, 47.8098869324, 48.1814041138, 48.5645332336, 48.9476623535, 49.3191833496, 49.7139205933, 50.0970497131, 50.480178833, 50.8633079529, 51.2464370728, 51.6295700073, 52.0126991272, 52.3958282471, 52.7789573669, 53.1736946106, 53.5684356689, 53.9631729126, 54.3579139709, 54.7410430908, 55.1125602722, 55.4956893921, 55.878818512, 56.2619476318, 56.6334686279, 57.0049858093, 57.3881187439, 57.7712478638, 58.1427650452, 58.525894165, 58.8974151611, 59.2689323425, 59.6520614624, 60.0235824585, 60.4067115784, 60.7898406982, 61.1729698181, 61.556098938, 61.9276161194, 62.310749054, 62.6938781738, 63.0770072937, 63.4601364136, 63.8432655334, 64.2263946533, 64.6095199585, 64.9926528931, 65.3641738892, 65.7472991943, 66.1304321289, 66.5135574341, 66.8966903687, 67.2798156738, 67.6629486084, 68.0344696045, 68.4292068481, 68.8123321533, 69.1954650879, 69.5785903931, 69.9617233276, 70.3564605713, 70.7395935059, 71.122718811, 71.5174560547, 71.9122009277, 72.3069381714, 72.6900634766, 73.0731964111, 73.4563217163, 73.8394546509, 74.2341918945, 74.6057128906, 74.9888458252, 75.3719711304, 75.766708374, 76.1614532471, 76.5445785522, 76.9277114868, 77.3224487305, 77.7171859741, 78.1119232178, 78.5066680908, 78.889793396, 79.2729263306, 79.6444396973, 80.0275726318, 80.3990936279, 80.7822189331, 81.1885681152, 81.5833053589, 81.9664382935, 82.349571228, 82.7326965332, 83.1274337769, 83.5221786499, 83.9053039551, 84.3000411987, 84.6831741333, 85.0546951294, 85.4378204346, 85.8209533691, 86.2156906128, 86.6104278564, 86.9819488525, 87.3534698486, 87.7482070923, 88.1429443359, 88.514465332, 88.9092025757, 89.2923355103, 89.6754608154, 90.0702056885, 90.4533309937, 90.8364639282, 91.2195892334, 91.602722168, 91.9858474731, 92.3689804077, 92.7404937744, 93.123626709, 93.5067520142, 93.8898849487, 94.2730178833, 94.6561431885, 95.039276123, 95.4224014282, 95.8055343628, 96.188659668, 96.5717926025, 96.9549179077, 97.3264389038, 97.709564209, 98.0926971436, 98.4758224487, 98.8589553833, 99.2420806885, 99.625213623, 100.008346558, 100.379859924, 100.762992859, 101.146118164, 101.51763916, 101.900772095, 102.2838974, 102.655418396, 103.038543701, 103.421676636, 103.793197632, 104.176322937, 104.547843933, 104.930976868, 105.302490234, 105.685623169, 106.068748474, 106.44026947, 106.823402405, 107.20652771, 107.589660645, 107.97278595, 108.344306946, 108.715827942, 109.087341309, 109.458862305, 109.841995239, 110.225120544, 110.608253479, 110.991378784, 111.374511719, 111.757637024, 112.140769958, 112.523895264, 112.89541626, 113.278549194, 113.6616745, 114.033195496, 114.416320801, 114.799453735, 115.170974731, 115.554100037, 115.925621033, 116.308753967, 116.691879272, 117.063400269, 117.446525574, 117.81804657, 118.189567566, 118.561088562, 118.955825806, 119.338951111, 119.722084045, 120.093605042, 120.465126038, 120.836639404, 121.2081604, 121.591293335, 121.97441864, 122.345939636, 122.729064941, 123.112197876, 123.495323181, 123.878456116, 124.249977112, 124.633102417, 125.016235352, 125.387756348, 125.770881653, 126.154014587, 126.525527954, 126.89704895, 127.280181885, 127.66330719, 128.046432495, 128.42956543, 128.801086426, 129.172607422, 129.555740356, 129.938858032, 130.321990967, 130.705123901, 131.088256836, 131.471374512, 131.842895508, 132.226028442, 132.609161377, 132.980682373, 133.363800049, 133.735321045, 134.106842041, 134.489974976, 134.87310791, 135.256240845, 135.639358521, 136.022491455, 136.394012451, 136.765533447, 137.148666382, 137.531784058, 137.914916992, 138.286437988, 138.669570923, 139.052688599, 139.435821533, 139.818954468, 140.202087402, 140.585220337, 140.968338013, 141.351470947, 141.734603882, 142.117736816, 142.500854492, 142.883987427, 143.267120361, 143.650253296, 144.021759033, 144.393280029, 144.776412964, 145.171157837, 145.565887451, 145.949020386, 146.33215332, 146.703674316, 147.086807251, 147.469924927, 147.853057861, 148.236190796, 148.61932373, 149.002441406, 149.373962402, 149.757095337, 150.140228271, 150.523345947, 150.906478882, 151.277999878, 151.649520874, 152.032653809, 152.415786743, 152.798904419, 153.182037354, 153.55355835, 153.925079346, 154.30821228, 154.691329956, 155.074462891, 155.457595825, 155.84072876, 156.223846436, 156.60697937, 156.990112305, 157.361633301, 157.756362915, 158.127883911, 158.522628784, 158.917373657, 159.300491333, 159.683624268, 160.078369141, 160.449890137, 160.833007812, 161.216140747, 161.587661743, 161.982406616, 162.353912354, 162.72543335, 163.120178223, 163.503311157, 163.886444092, 164.269561768, 164.652694702, 165.035827637, 165.418960571, 165.802078247, 166.185211182, 166.568344116, 166.951477051, 167.334594727, 167.717727661, 168.100860596, 168.48399353, 168.867111206, 169.250244141, 169.633377075, 170.01651001, 170.388031006, 170.78276062, 171.154281616, 171.525802612, 171.897323608, 172.280456543, 172.663574219, 173.046707153, 173.429840088, 173.812973022, 174.196090698, 174.567611694, 174.950744629, 175.333877563, 175.70539856, 176.065307617, 176.436828613, 176.796737671, 177.156646729, 177.528152466, 177.9112854, 178.282806396, 178.654327393, 179.025848389, 179.420593262, 179.792098999, 180.175231934, 180.558364868, 180.929885864, 181.289794922, 181.649703979, 182.032836914, 182.41595459, 182.810699463, 183.193832397, 183.576965332, 183.948471069, 184.319992065, 184.691513062, 185.074645996, 185.457778931, 185.829299927, 186.200805664, 186.57232666, 186.943847656, 187.303756714, 187.663665771, 188.011962891, 188.371871948, 188.731781006, 189.103302002, 189.474822998, 189.846343994, 190.21786499, 190.600997925, 190.984130859, 191.367248535, 191.738769531, 192.121902466, 192.493423462, 192.864944458, 193.248062134, 193.61958313, 193.991104126, 194.374237061, 194.745758057, 195.117279053, 195.500411987, 195.883529663, 196.243438721, 196.603347778, 196.974868774, 197.358001709, 197.729522705, 198.11265564, 198.484161377, 198.855682373, 199.227203369, 199.587112427, 199.947021484, 200.306930542, 200.678451538, 201.038360596, 201.398269653, 201.746566772, 202.10647583, 202.466384888, 202.849517822, 203.221038818, 203.592559814, 203.964080811, 204.335601807, 204.707122803, 205.07862854, 205.438537598, 205.810058594, 206.193191528, 206.564712524, 206.936233521, 207.307754517, 207.679275513, 208.050796509, 208.410705566, 208.770614624, 209.142120361, 209.513641357, 209.885162354, 210.25668335, 210.616592407, 210.976501465, 211.359634399, 211.754379272, 212.137496948, 212.62512207, 213.112747192, 213.600357056, 214.111190796, 214.622039795, 215.132873535, 215.643707275, 216.166168213, 216.688613892, 217.199447632], "beats_loudness": {"dvar2": 0.000333345087711, "var": 0.000225898809731, "min": 0, "dmean": 0.0130787221715, "mean": 0.0353622883558, "max": 0.0805787369609, "dmean2": 0.0228164754808, "median": 0.0349008217454, "dvar": 0.000112445661216}, "bpm_histogram_second_peak_weight": {"dvar2": 0, "var": 0, "min": 0.0870337486267, "dmean": 0, "mean": 0.0870337486267, "max": 0.0870337486267, "dmean2": 0, "median": 0.0870337486267, "dvar": 0}, "bpm_histogram_second_peak_spread": {"dvar2": 0, "var": 0, "min": 0.268656730652, "dmean": 0, "mean": 0.268656730652, "max": 0.268656730652, "dmean2": 0, "median": 0.268656730652, "dvar": 0}, "bpm_histogram_second_peak_bpm": {"dvar2": 0, "var": 0, "min": 152, "dmean": 0, "mean": 152, "max": 152, "dmean2": 0, "median": 152, "dvar": 0}, "onset_rate": 3.13585877419}, "lowlevel": {"spectral_energyband_high": {"dvar2": 7.21809669813e-07, "var": 1.02038529803e-06, "min": 6.8074339084e-21, "dmean": 0.000209558653296, "mean": 0.000606663292274, "max": 0.0140603883192, "dmean2": 0.000324558059219, "median": 7.22887052689e-05, "dvar": 2.90477743192e-07}, "spectral_energyband_middle_low": {"dvar2": 0.000143935685628, "var": 7.54350330681e-05, "min": 1.5347167742e-22, "dmean": 0.00495587429032, "mean": 0.0118197575212, "max": 0.0958517789841, "dmean2": 0.00838921964169, "median": 0.0100985476747, "dvar": 5.20254907315e-05}, "spectral_energy": {"dvar2": 0.000674292212352, "var": 0.000366679945728, "min": 9.92714720423e-21, "dmean": 0.0116560580209, "mean": 0.0347762964666, "max": 0.18555624783, "dmean2": 0.0196933150291, "median": 0.0336022526026, "dvar": 0.000239062152104}, "spectral_spread": {"dvar2": 1230720991230.0, "var": 26823018676200.0, "min": 770826.1875, "dmean": 502542.46875, "mean": 4347125, "max": 42709556, "dmean2": 729506.625, "median": 3652763.75, "dvar": 610123841536}, "spectral_energyband_low": {"dvar2": 0.000505202740896, "var": 0.000231535188504, "min": 9.84957684535e-24, "dmean": 0.00986164342612, "mean": 0.0221369136125, "max": 0.161797404289, "dmean2": 0.0166742634028, "median": 0.0192202478647, "dvar": 0.000177979716682}, "spectral_rolloff": {"dvar2": 960293.5, "var": 7063579.5, "min": 64.599609375, "dmean": 246.954055786, "mean": 1134.33374023, "max": 19832.0800781, "dmean2": 425.040130615, "median": 215.33203125, "dvar": 396295.875}, "barkbands": {"dvar2": [2.65300712954e-07, 0.000117198884254, 0.000219316134462, 6.32312221569e-05, 2.55281302088e-05, 1.9555225208e-06, 1.08850701963e-06, 3.54376879841e-06, 1.52493691985e-06, 9.55610289566e-07, 7.77861316692e-07, 2.37395781255e-07, 2.0893578494e-06, 7.49581090531e-07, 1.00575994111e-06, 7.06218486357e-07, 4.84426038838e-07, 6.21825506641e-07, 4.27303774586e-07, 2.02698785756e-07, 8.350968983e-08, 1.37918441112e-08, 9.08166430946e-09, 2.08882084962e-08, 8.93735574437e-08, 7.96696255634e-08, 5.92847862815e-12], "var": [1.26988894067e-07, 5.73867255298e-05, 9.45222636801e-05, 3.68335786334e-05, 9.50168032432e-06, 1.95527218239e-06, 4.68075427307e-07, 2.04371804102e-06, 1.24475320717e-06, 9.84848838925e-07, 1.12402778996e-06, 2.66994106823e-07, 2.2487276965e-06, 7.30968338303e-07, 9.84343955679e-07, 1.95546272153e-06, 9.63897491602e-07, 1.03802062767e-06, 5.53010750082e-07, 3.53515019924e-07, 1.24375958421e-07, 1.60943933736e-08, 1.16423954921e-08, 2.53780232384e-08, 3.08611518562e-08, 1.7165856292e-08, 1.97620739217e-12], "min": [2.44065231732e-25, 2.2736455333e-25, 4.8254616642e-25, 1.25953160888e-24, 7.85286103143e-24, 3.83297692529e-24, 7.67339596435e-24, 4.56404903603e-24, 1.2603305672e-23, 1.41913205396e-23, 1.56793851527e-23, 2.16029685113e-23, 2.99155903e-23, 2.47533839327e-23, 4.48906031281e-23, 5.24666370907e-23, 6.67509233102e-23, 7.63219391704e-23, 9.7721949548e-23, 1.60614869715e-22, 2.01967841891e-22, 2.9264821074e-22, 3.71435573742e-22, 5.4342055443e-22, 7.98188850948e-22, 1.26063022075e-21, 1.99198622045e-21], "dmean": [0.00017370392743, 0.0051985103637, 0.00588235724717, 0.00348141952418, 0.00174167752266, 0.0004809005477, 0.000262753921561, 0.000338326470228, 0.000258159998339, 0.000185501514352, 0.000126241036924, 8.5194442363e-05, 0.000213970532059, 0.000146425358253, 0.000176098459633, 0.000199350746698, 0.00014977324463, 0.000220836504013, 0.000189114725799, 0.000130568820168, 7.77211025706e-05, 2.62127359747e-05, 2.28375974984e-05, 2.47735424637e-05, 3.3460004488e-05, 2.34298422583e-05, 3.93232426177e-07], "mean": [0.000229785058764, 0.00836111325771, 0.0103056142107, 0.00651292875409, 0.00282269506715, 0.00105386448558, 0.000417986302637, 0.000513880455401, 0.000445501675131, 0.000340805534506, 0.000237187297898, 0.000138306553708, 0.000360551959602, 0.00025542936055, 0.000298169761663, 0.000473516440252, 0.00033601425821, 0.000495290965773, 0.00041806633817, 0.000327673449647, 0.000185794051504, 6.09806338616e-05, 5.48215575691e-05, 6.32308438071e-05, 4.71418206871e-05, 1.95764987438e-05, 4.1191674427e-07], "max": [0.00388331478462, 0.0612773820758, 0.118524886668, 0.0573730096221, 0.0398536883295, 0.0194048434496, 0.0166099630296, 0.0417490974069, 0.0212140232325, 0.0265770666301, 0.0318537391722, 0.0121768116951, 0.0356262996793, 0.0246061831713, 0.0258951447904, 0.0167632233351, 0.0156399123371, 0.0124725550413, 0.00807898119092, 0.00761590758339, 0.00440477766097, 0.00282896449789, 0.0013941997895, 0.0044756452553, 0.00685414671898, 0.00503072002903, 4.16375114582e-05], "dmean2": [0.000286122085527, 0.00894733797759, 0.0097792185843, 0.00580036314204, 0.00304006203078, 0.000806912663393, 0.000448052334832, 0.000557040912099, 0.000424276513513, 0.000294214638416, 0.000196108812816, 0.000134153713589, 0.000322335807141, 0.00022763038578, 0.000270270131296, 0.000296210579108, 0.000223075985559, 0.00033924615127, 0.000297096907161, 0.000203808682272, 0.000123741541756, 4.29307365266e-05, 3.73529328499e-05, 3.81110257877e-05, 5.33305683348e-05, 4.07187035307e-05, 6.28049974694e-07], "median": [0.000107604566438, 0.00609955750406, 0.00791731942445, 0.00487830070779, 0.00202932558022, 0.000519306166098, 0.000205182790523, 0.000113385656732, 0.000118173506053, 6.92977046128e-05, 1.80451570486e-05, 2.83769350062e-05, 3.15486795444e-05, 3.58209217666e-05, 3.4873279219e-05, 4.50278894277e-05, 3.60651865776e-05, 5.07894292241e-05, 4.48876999144e-05, 2.99426646961e-05, 1.33746834763e-05, 4.12089502788e-06, 4.13880798078e-06, 5.53436530026e-06, 5.03764340465e-06, 1.4620300135e-06, 3.22351674242e-08], "dvar": [1.05981044385e-07, 4.13380912505e-05, 7.79656693339e-05, 2.31295143749e-05, 8.74137276696e-06, 7.20678144717e-07, 3.94120917235e-07, 1.38836423957e-06, 6.1155850517e-07, 4.0146670699e-07, 3.61343182931e-07, 1.08656067255e-07, 9.67704067989e-07, 3.28994275378e-07, 4.87764452828e-07, 3.4605966448e-07, 2.37714473883e-07, 2.82242723415e-07, 1.80651426263e-07, 8.4299877301e-08, 3.42267050257e-08, 5.57123236433e-09, 3.67362562592e-09, 9.72280833622e-09, 3.35220242675e-08, 2.80615495285e-08, 2.28810265006e-12]}, "melbands_skewness": {"dvar2": 2.56997585297, "var": 3.41393232346, "min": -0.346542716026, "dmean": 0.891307473183, "mean": 3.72495436668, "max": 14.6530065536, "dmean2": 1.40954089165, "median": 3.44701004028, "dvar": 1.06268930435}, "barkbands_skewness": {"dvar2": 1.59352254868, "var": 3.51137685776, "min": -2.22390532494, "dmean": 0.72145819664, "mean": 2.66024398804, "max": 12.3337335587, "dmean2": 1.12035083771, "median": 2.42652964592, "dvar": 0.689201772213}, "erbbands": {"dvar2": [0.100421145558, 7.39269018173, 182.539001465, 567.195373535, 391.157043457, 286.295501709, 153.084854126, 158.065078735, 181.714324951, 632.880493164, 1674.59179688, 945.483215332, 467.471954346, 1646.72668457, 598.714416504, 474.332672119, 4290.89013672, 1871.82727051, 2868.75024414, 1423.41247559, 2426.4765625, 1032.43884277, 1498.89953613, 1870.21948242, 469.316711426, 529.443786621, 292.622650146, 52.268081665, 18.9223251343, 12.8153553009, 7.39381694794, 10.1130466461, 5.67639017105, 3.59869861603, 9.6279964447, 3.55758786201, 0.122704699636, 0.00051916774828, 2.73506884696e-07, 1.77827341741e-09], "var": [0.062703743577, 3.07977867126, 76.035484314, 239.621124268, 201.123153687, 111.948043823, 81.6966094971, 147.088973999, 118.907714844, 230.369415283, 1142.36022949, 803.132629395, 279.557647705, 2566.26147461, 691.591308594, 698.967529297, 4827.41796875, 1803.72705078, 2884.75097656, 1697.59057617, 7642.57177734, 2650.39868164, 2739.17919922, 2679.43896484, 715.345336914, 829.860107422, 492.776519775, 72.9661636353, 22.0780582428, 17.3676605225, 8.97080993652, 10.3087730408, 6.73314809799, 2.65231990814, 2.46785545349, 0.751835525036, 0.0273590423167, 0.00015007807815, 7.78942990109e-08, 8.27970692008e-10], "min": [4.87583029495e-23, 1.23235686531e-22, 1.52688645251e-21, 3.87999971531e-21, 8.0619841699e-21, 3.17499804132e-20, 3.0048114464e-20, 6.4205584663e-20, 1.15578573646e-19, 1.04332290661e-19, 2.22900824954e-19, 3.6477923136e-19, 3.17186851979e-19, 5.75289743767e-19, 7.56697379738e-19, 1.08472515743e-18, 1.62391539509e-18, 1.83883490941e-18, 2.2165599051e-18, 2.78976091442e-18, 3.34845296901e-18, 4.65010417413e-18, 4.16539701469e-18, 4.51368885623e-18, 7.14182198768e-18, 7.93002833131e-18, 7.47142947355e-18, 8.0418987189e-18, 9.13076619004e-18, 1.13600700532e-17, 1.04822196651e-17, 9.16591392144e-18, 1.01087294205e-17, 7.33457988583e-18, 6.07754163307e-18, 4.13337809395e-18, 2.22947426242e-18, 9.58394618761e-19, 2.47507819665e-19, 2.73755876089e-20], "dmean": [0.143152371049, 1.27643692493, 5.35996770859, 9.40571784973, 8.62902069092, 5.37866353989, 3.76393008232, 4.16189432144, 4.04252624512, 4.35018110275, 7.49148702621, 6.2904510498, 3.95975804329, 6.77035665512, 3.58106303215, 3.97788977623, 9.52373981476, 6.92143630981, 9.47801780701, 7.4354467392, 11.2445392609, 7.26336050034, 10.0351066589, 12.3650894165, 6.47043418884, 6.42520093918, 4.5262389183, 1.87982010841, 0.970127940178, 0.874042153358, 0.623108863831, 0.545006334782, 0.418662697077, 0.303939640522, 0.288829177618, 0.153643622994, 0.0290635451674, 0.00280754314736, 6.5102292865e-05, 1.48925637404e-05], "mean": [0.236178740859, 2.00803303719, 9.66861915588, 18.4682579041, 15.7453327179, 8.78154850006, 7.15856790543, 8.94309520721, 7.55717754364, 6.41869831085, 12.1247720718, 11.0193862915, 6.82524871826, 14.2882871628, 7.47209262848, 7.47275304794, 16.9020309448, 12.9181699753, 16.8950862885, 14.9202079773, 28.5284957886, 19.5670547485, 24.7293701172, 28.3035583496, 16.2396621704, 16.0627040863, 11.5053462982, 4.56604719162, 2.26092767715, 2.03186559677, 1.4943779707, 1.32898843288, 1.00315201283, 0.583370745182, 0.310447156429, 0.125901862979, 0.0258603300899, 0.00297773303464, 8.35591708892e-05, 4.29813735536e-05], "max": [2.15953946114, 17.4422569275, 117.110305786, 176.411117554, 153.156478882, 115.549835205, 158.451202393, 141.635009766, 199.221847534, 373.241394043, 1106.01245117, 493.55279541, 715.419189453, 1250.7064209, 786.09161377, 557.713256836, 1940.69702148, 931.726135254, 1325.62451172, 821.244384766, 1097.40649414, 1062.41027832, 831.75592041, 597.366699219, 321.257568359, 410.134338379, 288.502227783, 98.0423049927, 101.31061554, 54.1556587219, 48.8046264648, 83.0842895508, 68.4656448364, 42.9526557922, 67.6069793701, 31.4663085938, 6.82104158401, 0.415691047907, 0.0101133864373, 0.000652647286188], "dmean2": [0.240631312132, 2.21514725685, 8.97925662994, 15.9549674988, 14.5299739838, 9.42136955261, 6.39805412292, 6.99930429459, 6.88337802887, 7.27469301224, 12.2911043167, 10.2565202713, 6.48310995102, 10.3509616852, 5.6022605896, 6.08737134933, 14.4032077789, 10.5921182632, 14.6061344147, 11.3758134842, 16.5207443237, 10.47752285, 15.1704359055, 19.0867176056, 10.221118927, 10.0352363586, 7.06033849716, 3.04377746582, 1.58740746975, 1.4126470089, 1.0186971426, 0.856828391552, 0.637700855732, 0.456035524607, 0.482412755489, 0.271037906408, 0.0490551181138, 0.00441798102111, 0.000103282109194, 2.49541972153e-05], "median": [0.154029250145, 1.5222389698, 7.37296438217, 14.7636375427, 11.8791704178, 5.78389930725, 4.0787820816, 4.11951112747, 3.86613082886, 2.28060293198, 3.50677227974, 3.0355887413, 2.36466574669, 2.14329314232, 1.11842298508, 1.40098619461, 1.71323156357, 1.96215212345, 2.58440256119, 2.03657245636, 2.66191339493, 2.21742272377, 2.62061595917, 3.38072609901, 1.73520982265, 1.38507354259, 0.871968924999, 0.353060722351, 0.157489195466, 0.129474833608, 0.119009852409, 0.108080819249, 0.0980021283031, 0.0698037073016, 0.0265724472702, 0.00810421723872, 0.00231947982684, 0.000314367032843, 2.80448857666e-05, 4.05738974223e-05], "dvar": [0.0369874797761, 2.57011318207, 64.8466186523, 198.493789673, 141.808731079, 98.4086456299, 54.8234176636, 56.8132858276, 65.2729721069, 232.351303101, 679.671691895, 377.950622559, 180.867340088, 739.346557617, 262.06350708, 226.740158081, 2026.01367188, 824.496398926, 1369.71191406, 676.307250977, 1218.05847168, 546.908508301, 694.033447266, 816.718200684, 188.978912354, 216.16569519, 123.395721436, 20.2366771698, 7.62493991852, 5.28476333618, 3.0005941391, 4.28827142715, 2.7331829071, 1.58723890781, 3.47072434425, 1.24699676037, 0.0435525514185, 0.000194659762201, 1.01798491414e-07, 6.48142650661e-10]}, "silence_rate_30dB": {"dvar2": 0.000639498292003, "var": 0.000106584149762, "min": 0, "dmean": 0.000213219609577, "mean": 0.999893426895, "max": 1, "dmean2": 0.000426484708441, "median": 1, "dvar": 0.00021316242055}, "melbands_spread": {"dvar2": 95.5861968994, "var": 505.899749756, "min": 0.265114068985, "dmean": 3.81644916534, "mean": 14.7612428665, "max": 170.827484131, "dmean2": 5.95801877975, "median": 4.84425973892, "dvar": 41.0528907776}, "melbands_crest": {"dvar2": 18.3650379181, "var": 22.0749721527, "min": 1.57306134701, "dmean": 2.87702035904, "mean": 16.9413394928, "max": 32.0326118469, "dmean2": 4.79172515869, "median": 16.8156204224, "dvar": 6.63161277771}, "zerocrossingrate": {"dvar2": 0.000146503240103, "var": 0.00492134084925, "min": 0.001953125, "dmean": 0.00573480594903, "mean": 0.0430942438543, "max": 0.53515625, "dmean2": 0.00730755925179, "median": 0.0224609375, "dvar": 8.94801632967e-05}, "barkbands_kurtosis": {"dvar2": 499.794128418, "var": 724.856628418, "min": -1.84332036972, "dmean": 8.28402042389, "mean": 19.4022674561, "max": 260.219238281, "dmean2": 13.2123889923, "median": 10.4025945663, "dvar": 207.883453369}, "spectral_flux": {"dvar2": 0.00171247893013, "var": 0.00215125596151, "min": 6.36318844838e-11, "dmean": 0.0250744223595, "mean": 0.0826136991382, "max": 0.350754052401, "dmean2": 0.0408777929842, "median": 0.0797943919897, "dvar": 0.000800152833108}, "barkbands_crest": {"dvar2": 12.724272728, "var": 15.3837327957, "min": 2.64800262451, "dmean": 2.33362293243, "mean": 11.4376850128, "max": 25.434715271, "dmean2": 3.87303829193, "median": 11.1233100891, "dvar": 4.57457542419}, "barkbands_flatness_db": {"dvar2": 0.00152248935774, "var": 0.0152390114963, "min": 0.0419574230909, "dmean": 0.0252694133669, "mean": 0.240180298686, "max": 0.586222887039, "dmean2": 0.0373293943703, "median": 0.218519181013, "dvar": 0.000742900185287}, "spectral_entropy": {"dvar2": 0.135399475694, "var": 1.10949468613, "min": 4.08544206619, "dmean": 0.20709310472, "mean": 6.80965614319, "max": 9.82295799255, "dmean2": 0.295325130224, "median": 6.98315572739, "dvar": 0.0697906464338}, "pitch_salience": {"dvar2": 0.0109705133364, "var": 0.0124150365591, "min": 0.0828464180231, "dmean": 0.0693935528398, "mean": 0.504679143429, "max": 0.945502638817, "dmean2": 0.115087121725, "median": 0.509733557701, "dvar": 0.00399880716577}, "erbbands_spread": {"dvar2": 203.263534546, "var": 506.671722412, "min": 1.42392706871, "dmean": 7.93376207352, "mean": 36.0612945557, "max": 172.533493042, "dmean2": 11.9661617279, "median": 34.6162719727, "dvar": 93.848777771}, "dynamic_complexity": 2.49119949341, "spectral_contrast_valleys": {"dvar2": [0.254427373409, 0.258334070444, 0.267044275999, 0.263140261173, 0.261446624994, 0.224059849977], "var": [8.28936100006, 8.30181980133, 7.79517459869, 8.05496692657, 8.83315849304, 7.19414758682], "min": [-28.1909446716, -28.0750617981, -27.6973381042, -27.8226261139, -27.5528049469, -27.4402217865], "dmean": [0.344222486019, 0.33428350091, 0.346612334251, 0.333443790674, 0.280899912119, 0.264992684126], "mean": [-6.9860830307, -7.42663526535, -8.60137939453, -8.91633224487, -8.59693622589, -11.3631429672], "max": [-5.19509792328, -4.44645261765, -5.2116394043, -5.89103078842, -5.6121172905, -7.76143550873], "dmean2": [0.583513736725, 0.552632570267, 0.545103907585, 0.492266982794, 0.407068938017, 0.361744910479], "median": [-6.48684263229, -6.93806409836, -8.03481864929, -8.31555557251, -8.12077331543, -10.925154686], "dvar": [0.0955912545323, 0.104858160019, 0.118903279305, 0.130727946758, 0.125543668866, 0.124778166413]}, "hfc": {"dvar2": 127.39315033, "var": 280.521697998, "min": 1.07658158911e-16, "dmean": 3.96001601219, "mean": 15.6819381714, "max": 177.85307312, "dmean2": 6.13196182251, "median": 7.9707493782, "dvar": 52.7856025696}, "spectral_kurtosis": {"dvar2": 150.17980957, "var": 353.438842773, "min": -1.27660799026, "dmean": 4.70719432831, "mean": 13.7860193253, "max": 142.499542236, "dmean2": 7.6861538887, "median": 5.92324924469, "dvar": 61.3842697144}, "mfcc": {"mean": [-719.442321777, 147.888687134, 28.267911911, 50.0402603149, 21.8987789154, 3.52669548988, 11.5215444565, 4.90824651718, 2.58893680573, 7.17695569992, -0.744413673878, -1.97721755505, -6.22528266907], "cov": [[18339.0859375, -3316.47070312, -3112.55541992, 89.8543777466, -317.59677124, -295.456756592, -186.381530762, -366.113250732, -267.752807617, 38.762386322, -311.753082275, 251.990936279, 67.0318756104], [-3316.47070312, 2630.74926758, 904.057006836, 127.783447266, 168.97593689, 109.664115906, 201.040420532, 104.042137146, 99.8399047852, 27.6435413361, 77.222114563, -86.029045105, -57.9715232849], [-3112.55541992, 904.057006836, 1221.00512695, 80.3805923462, 45.9751853943, 99.2873687744, 27.0060958862, 93.0027542114, 45.4084129333, -15.6867303848, 101.855010986, -85.8648605347, -33.2694015503], [89.8543777466, 127.783447266, 80.3805923462, 318.962097168, 85.4258041382, -55.2231559753, -36.3421211243, 25.8751087189, 17.9040622711, 6.39118862152, -13.4380655289, 13.6839332581, -1.13989019394], [-317.59677124, 168.97593689, 45.9751853943, 85.4258041382, 204.981018066, 3.30746102333, -25.612449646, 25.1488037109, 40.5986557007, 6.48571205139, -11.2107915878, 5.04709482193, 6.58694219589], [-295.456756592, 109.664115906, 99.2873687744, -55.2231559753, 3.30746102333, 155.682388306, 43.1482658386, -15.2967729568, -11.7683067322, -1.04250574112, 20.8224639893, -15.3611860275, 1.79396212101], [-186.381530762, 201.040420532, 27.0060958862, -36.3421211243, -25.612449646, 43.1482658386, 159.895431519, 16.7221221924, -8.70568084717, 8.19222640991, 1.33628833294, -1.00231432915, -10.7202396393], [-366.113250732, 104.042137146, 93.0027542114, 25.8751087189, 25.1488037109, -15.2967729568, 16.7221221924, 95.4615325928, 27.0756721497, -2.84184765816, 5.50737953186, -7.57248306274, -4.2651758194], [-267.752807617, 99.8399047852, 45.4084129333, 17.9040622711, 40.5986557007, -11.7683067322, -8.70568084717, 27.0756721497, 82.8740005493, 7.85945987701, -4.69339752197, -4.02565574646, -0.361909836531], [38.762386322, 27.6435413361, -15.6867303848, 6.39118862152, 6.48571205139, -1.04250574112, 8.19222640991, -2.84184765816, 7.85945987701, 70.683921814, 12.1612615585, -8.89869689941, -10.8566045761], [-311.753082275, 77.222114563, 101.855010986, -13.4380655289, -11.2107915878, 20.8224639893, 1.33628833294, 5.50737953186, -4.69339752197, 12.1612615585, 80.3084106445, -9.72610664368, -7.26887559891], [251.990936279, -86.029045105, -85.8648605347, 13.6839332581, 5.04709482193, -15.3611860275, -1.00231432915, -7.57248306274, -4.02565574646, -8.89869689941, -9.72610664368, 78.3940124512, 23.5676937103], [67.0318756104, -57.9715232849, -33.2694015503, -1.13989019394, 6.58694219589, 1.79396212101, -10.7202396393, -4.2651758194, -0.361909836531, -10.8566045761, -7.26887559891, 23.5676937103, 57.8308105469]], "icov": [[0.000111324661702, 4.90073034598e-05, 0.000233650120208, -0.000152534092194, 0.000114940252388, -3.26764857164e-05, 2.26551419473e-05, 0.000107036103145, 0.000120712022181, -4.7485667892e-05, 9.64942519204e-05, -3.25882465404e-05, 6.87653300702e-05], [4.90073034598e-05, 0.000666686391924, -0.000290418975055, -0.000206092270673, -0.000396742776502, 1.26560062199e-05, -0.000868439441547, 0.000204157811822, -0.000393964059185, -5.84568733757e-05, -0.000143121113069, 0.000218176253838, 0.000218894245336], [0.000233650120208, -0.000290418975055, 0.00191480352078, -0.000685612030793, 0.000513868231792, -0.000826938776299, 0.000533968908712, -0.000691441702656, 3.87029103877e-05, 0.000623680069111, -0.00101115682628, 0.000774584128521, 0.000215777006815], [-0.000152534092194, -0.000206092270673, -0.000685612030793, 0.00428627571091, -0.00160504574887, 0.00147178967018, 0.000635146745481, -0.000562892353628, 0.000495565182064, -0.000547778501641, 0.000636784010567, -0.000915498181712, 0.000227049633395], [0.000114940252388, -0.000396742776502, 0.000513868231792, -0.00160504574887, 0.00681977858767, -0.00148654857185, 0.00166947871912, -0.00111236702651, -0.00200445833616, -0.000669439090416, 0.00115233077668, -0.000666344189085, -0.000491999962833], [-3.26764857164e-05, 1.26560062199e-05, -0.000826938776299, 0.00147178967018, -0.00148654857185, 0.00876125320792, -0.00248032459058, 0.00238405657001, 0.000881772255525, 0.000441834359663, -0.00142957491335, 0.00130836619064, -0.00140699150506], [2.26551419473e-05, -0.000868439441547, 0.000533968908712, 0.000635146745481, 0.00166947871912, -0.00248032459058, 0.0088567500934, -0.00265205698088, 0.00145657174289, -0.00134449859615, 0.0014810366556, -0.00158684095368, 0.00134543166496], [0.000107036103145, 0.000204157811822, -0.000691441702656, -0.000562892353628, -0.00111236702651, 0.00238405657001, -0.00265205698088, 0.0137770762667, -0.00344153540209, 0.0014237043215, -0.000977619201876, 0.000921245256905, -3.64114703189e-06], [0.000120712022181, -0.000393964059185, 3.87029103877e-05, 0.000495565182064, -0.00200445833616, 0.000881772255525, 0.00145657174289, -0.00344153540209, 0.0154903866351, -0.00214345706627, 0.00178192742169, 8.15429666545e-06, -0.000370467227185], [-4.7485667892e-05, -5.84568733757e-05, 0.000623680069111, -0.000547778501641, -0.000669439090416, 0.000441834359663, -0.00134449859615, 0.0014237043215, -0.00214345706627, 0.0160424429923, -0.00344386184588, 0.00176719285082, 0.00210794666782], [9.64942519204e-05, -0.000143121113069, -0.00101115682628, 0.000636784010567, 0.00115233077668, -0.00142957491335, 0.0014810366556, -0.000977619201876, 0.00178192742169, -0.00344386184588, 0.0155436396599, -0.000763416173868, 0.000920525752008], [-3.25882465404e-05, 0.000218176253838, 0.000774584128521, -0.000915498181712, -0.000666344189085, 0.00130836619064, -0.00158684095368, 0.000921245256905, 8.15429666545e-06, 0.00176719285082, -0.000763416173868, 0.0163690391928, -0.00594185339287], [6.87653300702e-05, 0.000218894245336, 0.000215777006815, 0.000227049633395, -0.000491999962833, -0.00140699150506, 0.00134543166496, -3.64114703189e-06, -0.000370467227185, 0.00210794666782, 0.000920525752008, -0.00594185339287, 0.0208395570517]]}, "silence_rate_20dB": {"dvar2": 0, "var": 0, "min": 1, "dmean": 0, "mean": 1, "max": 1, "dmean2": 0, "median": 1, "dvar": 0}, "melbands_kurtosis": {"dvar2": 1313.80505371, "var": 1190.68408203, "min": -1.51791894436, "dmean": 14.197634697, "mean": 33.6449775696, "max": 382.74105835, "dmean2": 22.9767608643, "median": 23.1471710205, "dvar": 511.667388916}, "barkbands_spread": {"dvar2": 59.8785934448, "var": 256.670715332, "min": 0.173289164901, "dmean": 3.31601476669, "mean": 15.0914344788, "max": 89.977432251, "dmean2": 5.15909814835, "median": 6.68335199356, "dvar": 25.8859214783}, "erbbands_skewness": {"dvar2": 0.531376898289, "var": 2.94313311577, "min": -3.29105162621, "dmean": 0.432316064835, "mean": 0.905803799629, "max": 8.05291652679, "dmean2": 0.6463149786, "median": 0.600369155407, "dvar": 0.247196108103}, "average_loudness": 0.956040680408, "spectral_centroid": {"dvar2": 132164.09375, "var": 2530425, "min": 100.973548889, "dmean": 163.832962036, "mean": 1124.76550293, "max": 11669.6689453, "dmean2": 253.320632935, "median": 555.620117188, "dvar": 60529.8203125}, "dissonance": {"dvar2": 0.00117452419363, "var": 0.00139208172914, "min": 0.247233867645, "dmean": 0.0189465489239, "mean": 0.458431601524, "max": 0.500000119209, "dmean2": 0.0318043380976, "median": 0.47032302618, "dvar": 0.000441793701611}, "erbbands_flatness_db": {"dvar2": 0.000700428092387, "var": 0.0045649590902, "min": 0.0406540110707, "dmean": 0.0181541461498, "mean": 0.18476600945, "max": 0.403380393982, "dmean2": 0.0249637905508, "median": 0.167079761624, "dvar": 0.000412353459978}, "spectral_strongpeak": {"dvar2": 1.77658426762, "var": 0.750971972942, "min": 0, "dmean": 0.330134868622, "mean": 0.506568133831, "max": 12.3040237427, "dmean2": 0.583854854107, "median": 0.326694399118, "dvar": 0.672354757786}, "spectral_rms": {"dvar2": 2.89038121082e-06, "var": 3.0041262562e-06, "min": 3.11207678551e-12, "dmean": 0.000912343733944, "mean": 0.00556093547493, "max": 0.0134547566995, "dmean2": 0.00151780596934, "median": 0.00572561658919, "dvar": 1.03548211428e-06}, "silence_rate_60dB": {"dvar2": 0.00255366694182, "var": 0.0257405024022, "min": 0, "dmean": 0.00106609810609, "mean": 0.0264364145696, "max": 1, "dmean2": 0.0021324234549, "median": 0, "dvar": 0.00106478284579}, "melbands": {"dvar2": [8.34155798657e-06, 2.98718132399e-05, 1.38898712976e-05, 1.62399771853e-06, 2.18310788114e-07, 7.30913001235e-08, 4.05112992041e-08, 9.54063068548e-08, 9.89825181819e-08, 3.26965121644e-08, 1.20870611298e-08, 2.80562915123e-08, 1.00472892228e-08, 3.17959214513e-09, 1.57349884233e-08, 1.52648684804e-08, 7.68288721531e-09, 8.25168111618e-09, 4.60432580951e-09, 2.58242027762e-09, 4.88682250221e-09, 1.76237557881e-09, 1.84209381082e-09, 1.69761049662e-09, 1.63961622057e-09, 5.03108443795e-10, 2.88806312199e-10, 2.899918361e-10, 1.72570097101e-10, 4.65131093363e-11, 1.69748815698e-11, 7.83967855911e-12, 5.96209409967e-12, 4.46451079231e-12, 3.06088639677e-12, 2.97756567666e-12, 5.10219210631e-12, 3.6499705168e-12, 2.16530200887e-12, 3.07661643557e-12], "var": [4.52064614365e-06, 1.23063173305e-05, 6.57516693536e-06, 6.5368652713e-07, 1.08475703087e-07, 7.39124459415e-08, 2.46869955589e-08, 3.81311764386e-08, 6.64032171471e-08, 3.04327230083e-08, 7.53440865253e-09, 4.22245207687e-08, 1.29940085358e-08, 2.32626828911e-09, 2.35917809732e-08, 1.3079198169e-08, 7.52566720053e-09, 7.6185058262e-09, 3.97053678824e-09, 4.23461488097e-09, 1.42526319635e-08, 3.28233129565e-09, 3.84524279085e-09, 2.43345521511e-09, 2.03948791189e-09, 5.72712655078e-10, 3.40201922189e-10, 4.13964779122e-10, 2.90602708564e-10, 6.1780865146e-11, 1.77019857106e-11, 7.37558885494e-12, 6.28303702468e-12, 5.08621443573e-12, 3.08903445358e-12, 2.95435355867e-12, 4.56622717068e-12, 3.80121671986e-12, 2.28641151151e-12, 1.97304737652e-12], "min": [5.50243497597e-25, 8.8001003573e-25, 1.4168941739e-24, 1.26250236044e-24, 1.3583447203e-24, 1.09608377084e-24, 2.05926735611e-24, 9.44288197224e-25, 1.64747091953e-24, 2.01700807741e-24, 1.56165379849e-24, 1.94732326049e-24, 2.19873520314e-24, 2.17544467656e-24, 2.73310839704e-24, 2.50546720005e-24, 2.85267071964e-24, 2.6022367673e-24, 2.88633023117e-24, 2.20525691346e-24, 2.62560874377e-24, 4.16066540658e-24, 4.11107761008e-24, 3.31263401701e-24, 3.38639527266e-24, 3.07582783402e-24, 5.02173627248e-24, 4.33505928133e-24, 3.82052830577e-24, 4.62846347325e-24, 3.83963964449e-24, 5.03542734792e-24, 5.10678533883e-24, 4.90773088332e-24, 4.51351578974e-24, 5.71199508658e-24, 4.92047256466e-24, 6.41334725715e-24, 6.50901991331e-24, 5.55852219747e-24], "dmean": [0.00136619585101, 0.00224590278231, 0.001549784909, 0.000475321488921, 0.000142401899211, 9.19156809687e-05, 5.85378984397e-05, 5.45778711967e-05, 6.04061824561e-05, 3.68323126168e-05, 2.04595671676e-05, 2.84611251118e-05, 1.45303920362e-05, 9.11056395125e-06, 1.89281909115e-05, 1.83456832019e-05, 1.34331839945e-05, 1.64307257364e-05, 1.12951047413e-05, 1.09604843601e-05, 1.54009831022e-05, 8.33029662317e-06, 1.00745537566e-05, 1.04294913399e-05, 1.1313786672e-05, 6.19903858023e-06, 4.56483212474e-06, 4.52507310911e-06, 3.45164676219e-06, 1.88490173514e-06, 1.00289628335e-06, 6.1986139599e-07, 5.30929185061e-07, 5.14367911819e-07, 4.00629147634e-07, 3.51655302211e-07, 3.60685305623e-07, 3.16985961035e-07, 2.76881962691e-07, 2.7383381962e-07], "mean": [0.00221177958883, 0.00430262181908, 0.00330693321303, 0.000838412088342, 0.000274783029454, 0.000203305331524, 0.000107034691609, 7.96391032054e-05, 9.992923151e-05, 6.35811302345e-05, 3.29435752064e-05, 5.8783312852e-05, 2.90279986075e-05, 1.4592745174e-05, 3.41282975569e-05, 3.06842448481e-05, 2.30250607274e-05, 2.73181958619e-05, 1.87571640708e-05, 2.2104168238e-05, 3.6284680391e-05, 1.81090417755e-05, 2.3548514946e-05, 2.26617357839e-05, 2.3566721211e-05, 1.32099639814e-05, 1.03325255623e-05, 1.04533473859e-05, 8.14517989056e-06, 4.177