{"tonal": {"thpcp": [1, 0.914091646671, 0.891769707203, 0.907638013363, 0.856073796749, 0.845729291439, 0.88697052002, 0.897474467754, 0.880492210388, 0.80678153038, 0.72220146656, 0.721111476421, 0.79555028677, 0.82667517662, 0.821980237961, 0.80007058382, 0.756498992443, 0.793808162212, 0.852991402149, 0.81036901474, 0.778470575809, 0.778510332108, 0.783996999264, 0.846317768097, 0.862169623375, 0.812367856503, 0.760559022427, 0.779003977776, 0.848916888237, 0.896348834038, 0.899948656559, 0.900497972965, 0.919500172138, 0.897260546684, 0.884732723236, 0.968763530254], "hpcp": {"dmean2": [0.295694619417, 0.31012955308, 0.309020727873, 0.347036510706, 0.345273673534, 0.325162053108, 0.309516608715, 0.312435150146, 0.319583982229, 0.333937525749, 0.352838397026, 0.354304432869, 0.34469640255, 0.324987709522, 0.319312125444, 0.36634734273, 0.379403084517, 0.354663014412, 0.34225332737, 0.366275697947, 0.332399457693, 0.334751576185, 0.356945008039, 0.332367092371, 0.322158306837, 0.301225543022, 0.266160339117, 0.271478533745, 0.301186770201, 0.31806704402, 0.319964140654, 0.328897207975, 0.290030926466, 0.297766655684, 0.306317031384, 0.290465533733], "median": [0.0495714321733, 0.0474147424102, 0.0528099387884, 0.0608148127794, 0.0592880919576, 0.0617477223277, 0.0582125261426, 0.0620612502098, 0.0695076286793, 0.0717820376158, 0.0673597753048, 0.0645849704742, 0.0650576353073, 0.0632534623146, 0.0689409375191, 0.0776226893067, 0.0781478732824, 0.0803677141666, 0.0736369565129, 0.065405331552, 0.0670034959912, 0.0628746375442, 0.0604331381619, 0.0623684301972, 0.0599031746387, 0.0534523203969, 0.0446034967899, 0.0450489260256, 0.0531077757478, 0.0530101507902, 0.0555064603686, 0.0502035319805, 0.0490067489445, 0.0525861009955, 0.053161919117, 0.0541653297842], "min": [0, 0, 0, 0, 0, 0, 0, 0, 0, 0, 0, 0, 0, 0, 0, 0, 0, 0, 0, 0, 0, 0, 0, 0, 0, 0, 0, 0, 0, 0, 0, 0, 0, 0, 0, 0], "dvar2": [0.145654171705, 0.162959352136, 0.146065533161, 0.170632138848, 0.168664753437, 0.161011099815, 0.147601217031, 0.149554640055, 0.149961829185, 0.152620196342, 0.170445501804, 0.179655268788, 0.170335516334, 0.147764518857, 0.147803753614, 0.174346327782, 0.181069239974, 0.160927951336, 0.157552674413, 0.17985278368, 0.145167440176, 0.157817721367, 0.169909283519, 0.148683965206, 0.159200936556, 0.143152028322, 0.120745405555, 0.131259456277, 0.152712464333, 0.152813091874, 0.160926476121, 0.17026437819, 0.144887194037, 0.140512928367, 0.150455713272, 0.132795527577], "dvar": [0.0547651946545, 0.059433106333, 0.0529754161835, 0.0620209947228, 0.0600612647831, 0.0604589246213, 0.0539989322424, 0.0550716109574, 0.0567040853202, 0.0585989132524, 0.0634535849094, 0.0652557685971, 0.0666756257415, 0.0571757853031, 0.0551542267203, 0.0645070374012, 0.0669477730989, 0.0597257502377, 0.0586295723915, 0.0673533082008, 0.0549538359046, 0.0595346614718, 0.0646958872676, 0.0571333095431, 0.0602433159947, 0.0525141358376, 0.0443495027721, 0.0481774248183, 0.05609382689, 0.0560495778918, 0.0591499097645, 0.060715444386, 0.0530024990439, 0.0519530661404, 0.0575103498995, 0.0502191819251], "dmean": [0.165860205889, 0.172688469291, 0.174254447222, 0.191257923841, 0.194836527109, 0.182987898588, 0.173802852631, 0.174291685224, 0.181432917714, 0.19062037766, 0.198428884149, 0.198109313846, 0.193251758814, 0.185135006905, 0.181280523539, 0.206854179502, 0.213619679213, 0.198580220342, 0.194037005305, 0.204486623406, 0.187971934676, 0.188305273652, 0.201003119349, 0.189303576946, 0.182348638773, 0.170510217547, 0.152316376567, 0.154144063592, 0.16877271235, 0.177116200328, 0.180423349142, 0.184832960367, 0.162900298834, 0.169442817569, 0.175005063415, 0.165063530207], "max": [1, 1, 1, 1, 1, 1, 1, 1, 1, 1, 1, 1, 1, 1, 1, 1, 1, 1, 1, 1, 1, 1, 1, 1, 1, 1, 1, 1, 1, 1, 1, 1, 1, 1, 1, 1], "var": [0.0580259859562, 0.0589554235339, 0.0539362095296, 0.0611401647329, 0.0599353462458, 0.0588622167706, 0.0507578253746, 0.0521500781178, 0.0579805858433, 0.0627659857273, 0.0650960281491, 0.0668220221996, 0.0705572962761, 0.0642642453313, 0.0605890676379, 0.0690321847796, 0.071973875165, 0.0610776618123, 0.0617679283023, 0.0680407211185, 0.0585283897817, 0.0599591061473, 0.0645917952061, 0.0643516629934, 0.0684743225574, 0.0582928210497, 0.0476088672876, 0.0502136684954, 0.0583765506744, 0.0588899888098, 0.0596393197775, 0.059356149286, 0.0547113418579, 0.0564878433943, 0.064483448863, 0.0581817105412], "mean": [0.157822147012, 0.15783020854, 0.15894253552, 0.171577051282, 0.174790754914, 0.164694264531, 0.154190868139, 0.157930284739, 0.172103986144, 0.181720033288, 0.182449832559, 0.182561203837, 0.18641358614, 0.181904867291, 0.179365053773, 0.196400925517, 0.2027336061, 0.185317099094, 0.180791690946, 0.184008732438, 0.173554927111, 0.171457752585, 0.179818734527, 0.181948229671, 0.17850536108, 0.163561731577, 0.146414503455, 0.146193534136, 0.161284774542, 0.167594835162, 0.166643023491, 0.162201195955, 0.153367772698, 0.160931587219, 0.172930017114, 0.164289027452]}, "tuning_equal_tempered_deviation": 0.222398430109, "chords_changes_rate": 0.196261689067, "key_key": "D#", "tuning_diatonic_strength": 0.293806403875, "key_scale": "major", "chords_number_rate": 0.0153538053855, "tuning_frequency": 448.467559814, "tuning_nontempered_energy_ratio": 0.901072502136, "chords_histogram": [1.66889190674, 6.07476615906, 7.7436580658, 6.07476615906, 3.8718290329, 2.736982584, 3.27102804184, 3.73831772804, 3.8718290329, 5.74098777771, 4.00534057617, 3.00400543213, 2.87049388885, 3.80507349968, 5.60747671127, 2.33644866943, 0.734312415123, 2.00267028809, 5.07343101501, 5.60747671127, 4.13885164261, 3.8718290329, 6.67556762695, 5.473965168], "key_strength": 0.328350126743, "chords_key": "A#", "chords_strength": {"dmean2": 0.0298520457, "median": 0.453009307384, "min": 0.216029986739, "dvar2": 0.000561832799576, "dvar": 0.000306001631543, "dmean": 0.0221624765545, "max": 0.715240836143, "var": 0.0105713848025, "mean": 0.460209310055}, "chords_scale": "major", "hpcp_entropy": {"dmean2": 1.34563493729, "median": 2.40913248062, "min": 0, "dvar2": 1.12476623058, "dvar": 0.421454817057, "dmean": 0.791657924652, "max": 4.70364618301, "var": 0.858991861343, "mean": 2.34093856812}}, "metadata": {"audio_properties": {"equal_loudness": 0, "codec": "flac", "downmix": "mix", "sample_rate": 44100, "analysis_sample_rate": 44100, "bit_rate": 0, "md5_encoded": "df761c5201e22460e5526a6b0f15367b", "length": 69.5199966431, "replay_gain": -12.5456447601, "lossless": true}, "version": {"essentia_build_sha": "2d9f1f26377add8aeb1075a9c2973f962c4f09fd", "essentia": "2.1-beta2", "extractor": "music 1.0", "essentia_git_sha": "v2.1_beta2-1-ge3940c0"}, "tags": {"title": ["Neid, eine Thema seit Adam und Eva"], "barcode": ["9783837108286"], "media": ["CD"], "albumartist": ["Various Artists"], "tracktotal": ["24"], "language": ["deu"], "releasetype": ["compilation"], "musicbrainz_recordingid": ["074c86d3-17db-42a6-8558-7556b79da38c"], "musicbrainz_albumartistid": ["89ad4ac3-39f7-470e-963a-56509c546377"], "discnumber": ["1"], "totaldiscs": ["1"], "catalognumber": ["08 28"], "releasecountry": ["DE"], "file_name": "04. Neid, eine Thema seit Adam und Eva.flac", "compilation": ["1"], "originaldate": ["2011-05-20"], "albumartistsort": ["Various Artists"], "date": ["2011-05-20"], "genre": ["Comedy"], "disctotal": ["1"], "musicbrainz_artistid": ["46649235-ac3f-4c65-8010-86dab195faff"], "asin": ["3837108287"], "musicbrainz_albumid": ["f8e8f3a8-03ac-48be-be06-f2bc86381168"], "artist": ["Horst Schroth"], "tracknumber": ["4"], "artistsort": ["Schroth, Horst"], "album": ["Die Wahrheit \u00fcber Deutschland Pt. 9"], "label": ["WortArt"], "releasestatus": ["official"], "acoustid_id": ["632c01a2-876f-46c5-b340-7fa93457ff52"], "script": ["Latn"], "totaltracks": ["24"]}}, "rhythm": {"bpm_histogram_first_peak_bpm": {"dmean2": 0, "median": 120, "min": 120, "dvar2": 0, "dvar": 0, "dmean": 0, "max": 120, "var": 0, "mean": 120}, "bpm": 120.22203064, "bpm_histogram_second_peak_spread": {"dmean2": 0, "median": 0.249999955297, "min": 0.249999955297, "dvar2": 0, "dvar": 0, "dmean": 0, "max": 0.249999955297, "var": 0, "mean": 0.249999955297}, "bpm_histogram_first_peak_weight": {"dmean2": 0, "median": 0.127819553018, "min": 0.127819553018, "dvar2": 0, "dvar": 0, "dmean": 0, "max": 0.127819553018, "var": 0, "mean": 0.127819553018}, "onset_rate": 5.00487852097, "beats_position": [0.684988677502, 1.34675729275, 1.99691605568, 2.63546490669, 3.28562355042, 3.94739222527, 4.60916090012, 5.27092981339, 5.94430828094, 6.6176867485, 7.2910656929, 7.90639448166, 8.52172279358, 9.14866161346, 9.76399040222, 10.3909292221, 11.0062580109, 11.6099767685, 12.2136955261, 12.8174142838, 13.4211339951, 14.0364627838, 14.6401815414, 15.2090702057, 15.7663488388, 16.3236274719, 16.7764167786, 17.2524261475, 17.7284355164, 18.2276649475, 18.7268924713, 19.2145118713, 19.7021312714, 20.1897506714, 20.6889801025, 21.1998176575, 21.7106571198, 22.221496582, 22.7439460754, 23.2780036926, 23.800453186, 24.3229026794, 24.8453502655, 25.3677997589, 25.8786392212, 26.3894786835, 26.8887062073, 27.3763256073, 27.8755550385, 28.3747844696, 28.8856239319, 29.3848514557, 29.8840808868, 30.383310318, 30.870929718, 31.3701572418, 31.8577766418, 32.3686180115, 32.8794555664, 33.3786849976, 33.8779144287, 34.4003639221, 34.9112014771, 35.4104309082, 35.9212684631, 36.4437179565, 36.9777755737, 37.4421768188, 37.9065742493, 38.3593635559, 38.823764801, 39.2649421692, 39.7177314758, 40.1821289063, 40.6349182129, 41.0760993958, 41.5172767639, 42.0281181335, 42.5273475647, 43.0265769958, 43.4909744263, 43.9669837952, 44.4429931641, 44.9073905945, 45.3717918396, 45.83618927, 46.2773704529, 46.7301597595, 47.1713371277, 47.6009063721, 48.0420837402, 48.4600448608, 48.8780021667, 49.3075714111, 49.7603607178, 50.2015419006, 50.6659393311, 51.1071205139, 51.5599098206, 52.152015686, 52.7325172424, 53.3246231079, 53.8935127258, 54.4624023438, 55.0080718994, 55.5537414551, 56.0994110107, 56.6450767517, 57.1907463074, 57.7248077393, 58.2704734802, 58.8161430359, 59.37342453, 59.8610420227, 60.3486595154, 60.8362808228, 61.3238983154, 61.8231277466, 62.310749054, 62.8099746704, 63.3324241638, 63.8548736572, 64.2728347778, 64.6907958984, 65.0855331421, 65.5034942627, 65.9214477539, 66.327796936, 66.7341461182, 67.1404953003, 67.5468444824, 67.9531936646, 68.3711547852, 68.7891159058], "beats_loudness": {"dmean2": 0.0387253537774, "median": 0.0174921862781, "min": 0, "dvar2": 0.00106057384983, "dvar": 0.000401443132432, "dmean": 0.0228588208556, "max": 0.141948893666, "var": 0.000610389746726, "mean": 0.0232743155211}, "danceability": 1.26938414574, "bpm_histogram_second_peak_weight": {"dmean2": 0, "median": 0.0676691755652, "min": 0.0676691755652, "dvar2": 0, "dvar": 0, "dmean": 0, "max": 0.0676691755652, "var": 0, "mean": 0.0676691755652}, "beats_count": 134, "bpm_histogram_second_peak_bpm": {"dmean2": 0, "median": 115, "min": 115, "dvar2": 0, "dvar": 0, "dmean": 0, "max": 115, "var": 0, "mean": 115}, "bpm_histogram_first_peak_spread": {"dmean2": 0, "median": 0.564102590084, "min": 0.564102590084, "dvar2": 0, "dvar": 0, "dmean": 0, "max": 0.564102590084, "var": 0, "mean": 0.564102590084}, "beats_loudness_band_ratio": {"dmean2": [0.295364111662, 0.333430945873, 0.404375225306, 0.430518567562, 0.178787797689, 0.382771998644], "median": [0.0402004085481, 0.0752179250121, 0.26103323698, 0.201191395521, 0.0431184321642, 0.0180968940258], "min": [0, 0, 0, 0, 0, 0], "dvar2": [0.0971737876534, 0.0900012478232, 0.105194449425, 0.107721187174, 0.0333188921213, 0.253191709518], "dvar": [0.033847194165, 0.0345360189676, 0.0410064086318, 0.0425247438252, 0.0115905143321, 0.0932225733995], "dmean": [0.155497461557, 0.18985389173, 0.231897607446, 0.231660395861, 0.0949961170554, 0.200412109494], "max": [0.88449972868, 0.805096328259, 0.921693205833, 0.956102669239, 0.623063981533, 0.990697622299], "var": [0.0271350108087, 0.0379452221096, 0.0547674261034, 0.0496295467019, 0.0102522429079, 0.0699815526605], "mean": [0.110923357308, 0.160146936774, 0.294024437666, 0.246971979737, 0.0829257071018, 0.131803169847]}}, "lowlevel": {"barkbands_spread": {"dmean2": 17.0337581635, "median": 14.2563991547, "min": 0.726594150066, "dvar2": 591.252197266, "dvar": 244.770370483, "dmean": 10.6208486557, "max": 121.22102356, "var": 385.299163818, "mean": 20.8363552094}, "melbands_spread": {"dmean2": 26.0862140656, "median": 17.6047649384, "min": 0.559625804424, "dvar2": 1855.59716797, "dvar": 843.437011719, "dmean": 16.7058315277, "max": 245.283538818, "var": 1556.38867188, "mean": 32.0394821167}, "hfc": {"dmean2": 13.5825862885, "median": 5.43390703201, "min": 1.07746792968e-16, "dvar2": 502.622497559, "dvar": 272.471282959, "dmean": 9.81153202057, "max": 262.723175049, "var": 633.729431152, "mean": 16.1514148712}, "barkbands_kurtosis": {"dmean2": 8.43161487579, "median": 2.37538504601, "min": -1.94940602779, "dvar2": 210.205444336, "dvar": 101.539527893, "dmean": 5.27496290207, "max": 247.306030273, "var": 147.19303894, "mean": 5.517100811}, "gfcc": {"mean": [-114.190826416, 52.877696991, -111.748970032, -9.68843364716, -64.2216796875, 1.33624184132, -46.3135223389, -7.48940467834, -32.0519676208, -0.327056229115, -26.6130771637, -4.66291761398, -20.9833583832], "icov": [[0.000102666010207, -1.86667602975e-05, 0.000185830838745, -0.000139570911415, 0.000264854141278, -0.000171193576534, 0.000333272997523, -0.000140732183354, 0.000330875773216, -1.55974630616e-05, 0.000384647835745, 6.0235568526e-05, 0.000441922224127], [-1.86667602975e-05, 0.000620454433374, -8.3726226876e-05, 0.0004536730994, -0.00038345658686, 0.000446750695119, 0.000135277892696, 0.000232713879086, 0.000194764143089, 0.00053354469128, -0.000139118419611, 0.000388183223549, 0.000287243223283], [0.000185830838745, -8.3726226876e-05, 0.00132169853896, -0.0010013905121, 0.000142355231219, -0.000789674348198, 0.000581892556511, -0.000205303847906, 0.000385839142837, -2.3768414394e-05, 0.000389505265048, -0.000470807834063, 0.000832669378724], [-0.000139570911415, 0.0004536730994, -0.0010013905121, 0.00233997614123, -0.00069071399048, 0.000436883943621, -0.000115515758807, 0.000884317385498, -0.000483403855469, -0.00028625127743, -0.000657469208818, 0.000285097601591, -0.000966274761595], [0.000264854141278, -0.00038345658686, 0.000142355231219, -0.00069071399048, 0.00344326533377, -0.000594664074015, 0.000721651187632, -0.000472862477181, 4.03781414207e-05, -0.000141637865454, 0.000980235869065, 0.000527839059941, -0.000223779381486], [-0.000171193576534, 0.000446750695119, -0.000789674348198, 0.000436883943621, -0.000594664074015, 0.00498098600656, -0.00172269379254, 9.80464174063e-05, 1.30110656755e-05, -0.000637358229142, -5.63553294342e-05, 0.000786871125456, -0.000763788470067], [0.000333272997523, 0.000135277892696, 0.000581892556511, -0.000115515758807, 0.000721651187632, -0.00172269379254, 0.00395128736272, -0.00174503796734, 0.00178378878627, 0.000294348079478, 0.000911072886083, -8.39140739117e-06, 0.00198806449771], [-0.000140732183354, 0.000232713879086, -0.000205303847906, 0.000884317385498, -0.000472862477181, 9.80464174063e-05, -0.00174503796734, 0.00719556538388, -0.000859991356265, 0.00134822796099, -0.00224838266149, 0.00124344753567, -0.00235420884565], [0.000330875773216, 0.000194764143089, 0.000385839142837, -0.000483403855469, 4.03781414207e-05, 1.30110656755e-05, 0.00178378878627, -0.000859991356265, 0.00812238175422, -0.00103500869591, 0.000997813767754, -0.000175337583642, 0.00215292698704], [-1.55974630616e-05, 0.00053354469128, -2.3768414394e-05, -0.00028625127743, -0.000141637865454, -0.000637358229142, 0.000294348079478, 0.00134822796099, -0.00103500869591, 0.00738478638232, -0.000300839135889, 0.00317058386281, -0.000221582668019], [0.000384647835745, -0.000139118419611, 0.000389505265048, -0.000657469208818, 0.000980235869065, -5.63553294342e-05, 0.000911072886083, -0.00224838266149, 0.000997813767754, -0.000300839135889, 0.00894290208817, 0.000761206087191, 0.00124655361287], [6.0235568526e-05, 0.000388183223549, -0.000470807834063, 0.000285097601591, 0.000527839059941, 0.000786871125456, -8.39140739117e-06, 0.00124344753567, -0.000175337583642, 0.00317058386281, 0.000761206087191, 0.0103053608909, -0.00116673251614], [0.000441922224127, 0.000287243223283, 0.000832669378724, -0.000966274761595, -0.000223779381486, -0.000763788470067, 0.00198806449771, -0.00235420884565, 0.00215292698704, -0.000221582668019, 0.00124655361287, -0.00116673251614, 0.0128720561042]], "cov": [[32788.1054688, 1212.04846191, -4028.25195313, -1152.70947266, -2051.21923828, -287.701141357, -1264.12365723, -335.044952393, -711.516784668, -85.9574966431, -836.903991699, -228.328735352, -719.566711426], [1212.04846191, 2720.02880859, -588.78717041, -719.353027344, 59.7799606323, -329.497161865, -179.762634277, -27.0826740265, -95.0337677002, -243.685516357, -14.9384536743, -28.5657234192, -103.36643219], [-4028.25195313, -588.78717041, 1955.8503418, 885.930725098, 352.648742676, 197.722900391, -29.4028377533, -68.0502090454, 120.49004364, 109.032562256, 66.3454437256, 58.4817047119, 81.9793014526], [-1152.70947266, -719.353027344, 885.930725098, 1024.18481445, 204.475616455, 90.241973877, -113.895111084, -101.712341309, 93.2551345825, 140.838851929, 23.7032737732, 5.00391817093, 68.0841140747], [-2051.21923828, 59.7799606323, 352.648742676, 204.475616455, 489.558044434, 28.9701156616, -18.3169765472, 1.74284315109, 63.4339523315, 28.6395187378, 23.7778491974, -9.82412624359, 61.6934127808], [-287.701141357, -329.497161865, 197.722900391, 90.241973877, 28.9701156616, 309.725585938, 146.522979736, 30.0256767273, -11.5428342819, 51.7614517212, -0.300769180059, -22.5479259491, 13.7641763687], [-1264.12365723, -179.762634277, -29.4028377533, -113.895111084, -18.3169765472, 146.522979736, 509.522674561, 123.688796997, -55.9902572632, -30.0528640747, 32.3065376282, -3.0529294014, -1.49178683758], [-335.044952393, -27.0826740265, -68.0502090454, -101.712341309, 1.74284315109, 30.0256767273, 123.688796997, 203.596420288, -11.0781030655, -35.2699203491, 45.9208564758, -14.1376676559, 24.3358402252], [-711.516784668, -95.0337677002, 120.49004364, 93.2551345825, 63.4339523315, -11.5428342819, -55.9902572632, -11.0781030655, 167.54510498, 37.4575958252, 8.47198677063, 0.815930426121, 4.66936826706], [-85.9574966431, -243.685516357, 109.032562256, 140.838851929, 28.6395187378, 51.7614517212, -30.0528640747, -35.2699203491, 37.4575958252, 198.478057861, 2.84558200836, -50.3819923401, 5.97797679901], [-836.903991699, -14.9384536743, 66.3454437256, 23.7032737732, 23.7778491974, -0.300769180059, 32.3065376282, 45.9208564758, 8.47198677063, 2.84558200836, 150.114379883, -9.15694713593, 13.6225481033], [-228.328735352, -28.5657234192, 58.4817047119, 5.00391817093, -9.82412624359, -22.5479259491, -3.0529294014, -14.1376676559, 0.815930426121, -50.3819923401, -9.15694713593, 123.518028259, 12.5248775482], [-719.566711426, -103.36643219, 81.9793014526, 68.0841140747, 61.6934127808, 13.7641763687, -1.49178683758, 24.3358402252, 4.66936826706, 5.97797679901, 13.6225481033, 12.5248775482, 110.21471405]]}, "spectral_energyband_middle_low": {"dmean2": 0.00698407134041, "median": 0.00271337502636, "min": 1.55962698211e-22, "dvar2": 0.000111024775833, "dvar": 5.94958655711e-05, "dmean": 0.00507854530588, "max": 0.142971917987, "var": 0.00013525072427, "mean": 0.0078535862267}, "melbands_crest": {"dmean2": 7.42190361023, "median": 12.5997400284, "min": 1.53763461113, "dvar2": 36.5212936401, "dvar": 14.3063745499, "dmean": 4.52458238602, "max": 33.3299980164, "var": 34.5078620911, "mean": 13.2885189056}, "spectral_kurtosis": {"dmean2": 3.95656704903, "median": 6.06286811829, "min": -1.2700895071, "dvar2": 19.943529129, "dvar": 9.37002658844, "dmean": 2.62175488472, "max": 36.8146247864, "var": 30.8919582367, "mean": 6.9445066452}, "spectral_rms": {"dmean2": 0.00120234000497, "median": 0.00238780677319, "min": 3.13323889403e-12, "dvar2": 1.68788676547e-06, "dvar": 1.13713224437e-06, "dmean": 0.000946873042267, "max": 0.0120238764212, "var": 5.31698788109e-06, "mean": 0.00293410476297}, "zerocrossingrate": {"dmean2": 0.0304497927427, "median": 0.05712890625, "min": 0.0029296875, "dvar2": 0.00198015174828, "dvar": 0.00165898236446, "dmean": 0.0272343195975, "max": 0.53173828125, "var": 0.0100126955658, "mean": 0.0989461615682}, "silence_rate_60dB": {"dmean2": 0.219178080559, "median": 0, "min": 0, "dvar2": 0.202542379498, "dvar": 0.0975524559617, "dmean": 0.109552435577, "max": 1, "var": 0.230104610324, "mean": 0.358931541443}, "erbbands_kurtosis": {"dmean2": 3.68005919456, "median": 0.628518044949, "min": -1.84221506119, "dvar2": 31.5928268433, "dvar": 13.7213058472, "dmean": 2.32504487038, "max": 54.6819496155, "var": 19.1906204224, "mean": 2.03966259956}, "erbbands": {"dmean2": [0.000187922807527, 0.0112910680473, 0.260877609253, 1.68240749836, 2.21208548546, 3.78158116341, 5.89737033844, 17.8058757782, 26.7773208618, 36.7386627197, 44.5417137146, 62.0183181763, 66.2351303101, 53.6734619141, 52.8562698364, 59.7232170105, 64.7446212769, 43.2758712769, 24.9348144531, 16.0846424103, 15.0938138962, 10.8887281418, 2.85226082802, 3.12667512894, 4.24879455566, 5.49584817886, 6.24037027359, 5.64245414734, 5.47166490555, 5.19844341278, 4.38930368423, 3.07122540474, 2.0153055191, 1.08302199841, 0.927633702755, 0.479278564453, 0.170959562063, 0.0302424356341, 0.00320266466588, 0.000147622384247], "median": [6.06429421168e-05, 0.00150028709322, 0.0285373963416, 0.317778795958, 0.579699277878, 0.549336493015, 0.891155958176, 1.22530591488, 1.72226274014, 2.17803311348, 1.91439938545, 1.86456108093, 2.02003788948, 1.71784508228, 1.61640119553, 2.0689136982, 3.13899731636, 3.22382378578, 2.00070786476, 1.29404306412, 1.71442818642, 1.35524654388, 0.581508934498, 0.422883242369, 0.597780942917, 0.502643167973, 0.314733356237, 0.258627235889, 0.313184857368, 0.247786879539, 0.121626272798, 0.108344681561, 0.0705265551805, 0.0471401549876, 0.0441131219268, 0.0246191639453, 0.00991658307612, 0.00173643347807, 0.000183240161277, 2.71278404398e-05], "min": [9.52716087369e-23, 6.18029630451e-22, 3.31290641699e-21, 3.12413010911e-21, 5.22865469618e-21, 1.33606624514e-20, 3.3865850259e-20, 9.19074174753e-20, 1.0104230256e-19, 2.91258927378e-19, 3.54729374658e-19, 5.36374669958e-19, 5.84862601599e-19, 5.12700088743e-19, 9.00201842283e-19, 1.3698019954e-18, 1.86045079318e-18, 2.09197409714e-18, 3.48297218215e-18, 3.4374584301e-18, 2.95898903966e-18, 5.24003573852e-18, 5.70588772949e-18, 5.78338793544e-18, 6.02999156915e-18, 9.74041649946e-18, 8.3980810363e-18, 1.11160029689e-17, 9.60360413487e-18, 9.26200914757e-18, 1.12723789821e-17, 1.11643442311e-17, 1.08364556265e-17, 8.18604569398e-18, 6.32028109255e-18, 4.2530107444e-18, 2.1809894844e-18, 9.22963371198e-19, 2.45081362887e-19, 2.89384355164e-20], "dvar2": [1.6296286276e-07, 0.000696557748597, 0.282846391201, 10.3146209717, 22.1401023865, 131.421142578, 185.524261475, 2337.10351563, 5697.63427734, 8518.02832031, 21820.3984375, 29352.875, 52715.0351563, 38481.3046875, 40539.0078125, 28657.7070313, 31959.9335938, 18653.3261719, 4989.16015625, 2787.81567383, 1443.35217285, 956.685119629, 55.1835746765, 76.1389312744, 92.8670959473, 304.80255127, 745.843322754, 546.281433105, 408.158569336, 377.680389404, 398.494415283, 138.92805481, 70.8195724487, 19.8814506531, 18.7115936279, 4.35123443604, 0.599193274975, 0.0138701088727, 0.000172286425368, 4.00023736802e-07], "dvar": [8.05834474704e-08, 0.000329793343553, 0.135214209557, 4.59982872009, 10.8640155792, 55.4803161621, 89.4375305176, 1153.10925293, 2828.96582031, 3958.00878906, 10884.0351563, 13783.2236328, 24899.2382813, 18032.4179688, 17282.7089844, 13526.5947266, 14247.328125, 7425.72265625, 1968.2467041, 1536.59082031, 755.00982666, 442.631347656, 29.4440670013, 44.6805839539, 45.4456367493, 145.87852478, 369.07699585, 257.279602051, 196.942321777, 178.558868408, 178.127090454, 68.2772674561, 36.7117996216, 10.3618431091, 8.93659687042, 2.16028356552, 0.274184405804, 0.00754572590813, 9.29712186917e-05, 2.01796595434e-07], "dmean": [0.000134230198455, 0.00773698464036, 0.182675018907, 1.13084065914, 1.51396739483, 2.51178884506, 3.9190993309, 11.457400322, 17.5656661987, 23.4972438812, 27.8143787384, 41.1838111877, 45.2460632324, 37.2434234619, 35.5963134766, 41.4076728821, 43.1135826111, 27.480463028, 15.3452062607, 10.8282394409, 10.3751850128, 7.11150026321, 1.98185741901, 2.20428967476, 2.81830739975, 3.66617131233, 4.38665676117, 3.69720435143, 3.73113894463, 3.48070716858, 2.93775248528, 2.03863954544, 1.34498810768, 0.735286176205, 0.629229426384, 0.324557453394, 0.113023072481, 0.0209328755736, 0.00217432994395, 0.000100350611319], "max": [0.0052064564079, 0.256723940372, 4.87405967712, 29.4474105835, 64.8473968506, 148.102554321, 211.935699463, 467.945281982, 953.940917969, 969.346984863, 3514.36425781, 1829.29174805, 2996.35742188, 2554.86499023, 2464.76245117, 1661.45153809, 2447.83520508, 2087.83276367, 860.522521973, 1224.7286377, 614.76550293, 395.6746521, 132.177459717, 154.481048584, 103.283950806, 223.054153442, 434.606903076, 374.874786377, 348.931762695, 271.261993408, 359.005249023, 207.753997803, 138.681640625, 80.4054031372, 70.786605835, 44.5521583557, 14.7957115173, 2.70105528831, 0.316513836384, 0.0146845448762], "var": [2.38122183305e-07, 0.000767776626162, 0.334012836218, 8.34612751007, 20.0127887726, 81.9303283691, 139.019882202, 1557.19750977, 3729.06347656, 5395.75048828, 13568.8173828, 18460.9589844, 34503.28125, 24656.09375, 20284.8730469, 20679.359375, 19555.3007813, 7576.61376953, 2728.84448242, 2685.85620117, 1332.22033691, 727.983886719, 60.155002594, 85.6905441284, 71.3146286011, 213.571868896, 567.053344727, 331.498535156, 286.093200684, 245.239593506, 214.669372559, 100.114982605, 51.7796897888, 15.6120595932, 11.7066631317, 3.16769933701, 0.405600041151, 0.0128859495744, 0.000148433246068, 2.85112236043e-07], "mean": [0.000239117653109, 0.0118480119854, 0.285236388445, 1.63322854042, 2.19254302979, 3.23911690712, 5.02879714966, 12.4379634857, 17.6052455902, 23.6810359955, 28.6593666077, 43.7976226807, 51.1365661621, 42.9810562134, 38.4546089172, 47.7147293091, 48.8667259216, 29.1309318542, 16.8682861328, 12.6618022919, 13.0910081863, 9.499376297, 2.78552412987, 2.89986491203, 3.53885388374, 4.30973291397, 4.99964094162, 4.14770460129, 4.15918970108, 3.9041724205, 3.07747030258, 2.25416946411, 1.46191990376, 0.826891243458, 0.689950108528, 0.359047412872, 0.124874383211, 0.0234631896019, 0.00240994035266, 0.000119866257592]}, "spectral_strongpeak": {"dmean2": 0.995238900185, "median": 0.406019300222, "min": 0, "dvar2": 1.88976168633, "dvar": 0.854044914246, "dmean": 0.655628979206, "max": 9.45887947083, "var": 1.61413860321, "mean": 0.944993913174}, "spectral_energy": {"dmean2": 0.0102576380596, "median": 0.00584416184574, "min": 1.00626149932e-20, "dvar2": 0.000202958894079, "dvar": 0.000127948253066, "dmean": 0.00782706122845, "max": 0.148187950253, "var": 0.000386102183256, "mean": 0.0142740840092}, "average_loudness": 0.875202298164, "spectral_rolloff": {"dmean2": 2069.07861328, "median": 1421.19140625, "min": 129.19921875, "dvar2": 11310675, "dvar": 5741652, "dmean": 1224.01831055, "max": 19444.4824219, "var": 15659091, "mean": 2989.3503418}, "spectral_centroid": {"dmean2": 673.078979492, "median": 1084.50976563, "min": 177.570846558, "dvar2": 845944.9375, "dvar": 500448.65625, "dmean": 453.47869873, "max": 11661.2714844, "var": 3105744.25, "mean": 1621.72668457}, "pitch_salience": {"dmean2": 0.154463127255, "median": 0.663389503956, "min": 0.133248001337, "dvar2": 0.0162169467658, "dvar": 0.00669567100704, "dmean": 0.0941520780325, "max": 0.945750892162, "var": 0.0150691317394, "mean": 0.642251551151}, "spectral_energyband_middle_high": {"dmean2": 0.00508872233331, "median": 0.00077692681225, "min": 1.20501514828e-21, "dvar2": 9.59031385719e-05, "dvar": 5.62718196306e-05, "dmean": 0.00376557023264, "max": 0.120572291315, "var": 0.000138296934892, "mean": 0.00561055913568}, "spectral_contrast_coeffs": {"dmean2": [0.0891176462173, 0.10844964534, 0.082921884954, 0.0691978111863, 0.0521646998823, 0.0423486679792], "median": [-0.537482261658, -0.743214547634, -0.821563065052, -0.800088822842, -0.805913746357, -0.800989329815], "min": [-0.981665432453, -0.979781448841, -0.977541089058, -0.971229553223, -0.966420054436, -0.964735031128], "dvar2": [0.00535865034908, 0.00777491694316, 0.00532812578604, 0.00347915943712, 0.00215098611079, 0.00137007678859], "dvar": [0.00262097013183, 0.00387361925095, 0.00269813090563, 0.00178142334335, 0.00111410045065, 0.000715242116712], "dmean": [0.0605778954923, 0.0728208944201, 0.0546041838825, 0.0467163920403, 0.0359268300235, 0.0288116894662], "max": [-0.26644179225, -0.314835041761, -0.357634872198, -0.472793310881, -0.504578471184, -0.58560693264], "var": [0.0187827032059, 0.0163913108408, 0.00958885997534, 0.00695749465376, 0.00504149356857, 0.00399067020044], "mean": [-0.559506058693, -0.721516430378, -0.795674026012, -0.784948468208, -0.794927418232, -0.793223559856]}, "melbands_skewness": {"dmean2": 1.67517483234, "median": 1.5099145174, "min": -2.69002437592, "dvar2": 2.89839339256, "dvar": 1.32879066467, "dmean": 1.08459949493, "max": 13.5891189575, "var": 3.3706805706, "mean": 1.87116467953}, "spectral_spread": {"dmean2": 1726548.125, "median": 4531927.5, "min": 1456950.125, "dvar2": 6930515886080.0, "dvar": 3593579003900.0, "dmean": 1167182.25, "max": 47360672, "var": 33040734617600.0, "mean": 5918773.5}, "dissonance": {"dmean2": 0.0587803944945, "median": 0.462256014347, "min": 0.105768762529, "dvar2": 0.00428694905713, "dvar": 0.00183952867519, "dmean": 0.0365074872971, "max": 0.5, "var": 0.00419677048922, "mean": 0.438913524151}, "spectral_skewness": {"dmean2": 0.569187104702, "median": 1.99783813953, "min": -0.0841291993856, "dvar2": 0.304023861885, "dvar": 0.168796733022, "dmean": 0.389436542988, "max": 5.1137046814, "var": 0.725666165352, "mean": 1.95982217789}, "spectral_flux": {"dmean2": 0.044111225754, "median": 0.0616559423506, "min": 6.33543217887e-11, "dvar2": 0.00235904520378, "dvar": 0.00108068750706, "dmean": 0.0282713249326, "max": 0.409061908722, "var": 0.00380961177871, "mean": 0.07646048069}, "spectral_contrast_valleys": {"dmean2": [0.859866976738, 0.941330611706, 0.848444163799, 0.787030398846, 0.580465018749, 0.621766030788], "median": [-9.8980550766, -7.65191173553, -7.95671606064, -8.22818088531, -8.64231872559, -10.9725542068], "min": [-27.9841899872, -27.956495285, -27.8928165436, -27.6136398315, -27.4912986755, -27.354133606], "dvar2": [0.637514233589, 0.864782333374, 0.709008038044, 0.675769627094, 0.494969427586, 0.491768687963], "dvar": [0.306759953499, 0.421393841505, 0.392184019089, 0.372320890427, 0.295232176781, 0.309598535299], "dmean": [0.538938045502, 0.595873594284, 0.565992116928, 0.533435344696, 0.415315508842, 0.471474558115], "max": [-6.92377567291, -5.12843513489, -4.52763605118, -5.79804325104, -6.25557851791, -7.38408136368], "var": [7.24507379532, 9.27217674255, 9.50612831116, 8.85406494141, 8.30493831635, 6.95639848709], "mean": [-10.1928348541, -8.16616725922, -8.36983203888, -8.73739910126, -9.10416889191, -11.2041101456]}, "erbbands_flatness_db": {"dmean2": 0.0492585375905, "median": 0.182616725564, "min": 0.0442985184491, "dvar2": 0.00201905495487, "dvar": 0.00110387033783, "dmean": 0.0348135456443, "max": 0.418996334076, "var": 0.00487275281921, "mean": 0.185693070292}, "spectral_energyband_high": {"dmean2": 0.000783270574175, "median": 7.1777831181e-05, "min": 7.26841988663e-21, "dvar2": 6.27332156e-06, "dvar": 3.3160804378e-06, "dmean": 0.000542962807231, "max": 0.0320651195943, "var": 5.62331615583e-06, "mean": 0.000666777894367}, "spectral_entropy": {"dmean2": 0.424354702234, "median": 7.44223451614, "min": 5.14486789703, "dvar2": 0.167755752802, "dvar": 0.104320250452, "dmean": 0.298798412085, "max": 9.82438373566, "var": 0.542317330837, "mean": 7.51340770721}, "silence_rate_20dB": {"dmean2": 0, "median": 1, "min": 1, "dvar2": 0, "dvar": 0, "dmean": 0, "max": 1, "var": 0, "mean": 1}, "melbands_flatness_db": {"dmean2": 0.0544156543911, "median": 0.209689825773, "min": 0.00259199086577, "dvar2": 0.00256819790229, "dvar": 0.00144425220788, "dmean": 0.038344591856, "max": 0.483016580343, "var": 0.0075471708551, "mean": 0.20251609385}, "barkbands": {"dmean2": [1.05012347262e-07, 2.81112115772e-05, 0.000375711446395, 0.000770073384047, 0.000924717867747, 0.00174478720874, 0.00218600220978, 0.00197284808382, 0.00275726383552, 0.0020665882621, 0.00131087878253, 0.00148113176692, 0.00148207438178, 0.000752753519919, 0.000401551165851, 0.00030042626895, 0.000211978156585, 4.46892045147e-05, 7.75815133238e-05, 0.000125793056213, 0.000142729375511, 0.000159768489539, 0.000149390936713, 0.000129595326143, 0.000109824912215, 9.39836609177e-05, 1.82310759556e-05], "median": [1.19330252346e-08, 1.75527588908e-06, 1.95340089704e-05, 0.000104599872429, 0.000180464907316, 0.00013733128435, 0.000120251897897, 7.29250459699e-05, 7.79214315116e-05, 5.84709378018e-05, 3.57695098501e-05, 4.48519822385e-05, 6.5476859163e-05, 5.10829522682e-05, 2.52808567893e-05, 2.44784423558e-05, 2.26389638556e-05, 7.12762675903e-06, 9.93446610664e-06, 1.05521276055e-05, 6.09731660006e-06, 9.34630406846e-06, 4.63204560219e-06, 4.86471481054e-06, 5.60770695301e-06, 5.83267092225e-06, 9.94915353658e-07], "min": [8.68719821477e-26, 3.52414774165e-24, 1.22241373113e-24, 3.43913846348e-25, 4.62810454154e-24, 7.94810809713e-24, 9.21292507407e-24, 9.21366187015e-24, 2.44678715053e-23, 1.51709721879e-23, 1.14842788678e-23, 3.05219655898e-23, 2.61572013566e-23, 3.38970249312e-23, 4.1326214014e-23, 4.7275168717e-23, 8.12533106374e-23, 1.11204863528e-22, 1.03029998942e-22, 1.73410597495e-22, 2.83837202408e-22, 2.174858971e-22, 4.14971002187e-22, 6.10312021199e-22, 8.94533733346e-22, 1.20252461974e-21, 2.04646099133e-21], "dvar2": [7.41447444348e-14, 5.9828932919e-09, 6.09552330388e-07, 2.31046215049e-06, 5.53811560167e-06, 1.90169466805e-05, 2.97762817354e-05, 3.61236670869e-05, 5.34686914762e-05, 4.77927096654e-05, 2.62061239482e-05, 1.65144265338e-05, 1.48378985614e-05, 5.88828061154e-06, 1.56250553118e-06, 8.29898795018e-07, 3.31986086621e-07, 1.53659520663e-08, 3.26966720365e-08, 1.61438464374e-07, 3.80104012265e-07, 3.25456852579e-07, 4.01346483159e-07, 2.43190015681e-07, 2.1990769028e-07, 1.63371481676e-07, 5.74362601924e-09], "dvar": [2.79387803718e-14, 2.69477018477e-09, 2.81211498532e-07, 1.04585217287e-06, 2.39658129431e-06, 9.4406923381e-06, 1.43772513184e-05, 1.84490927495e-05, 2.46696890827e-05, 2.23178758461e-05, 1.18929056043e-05, 7.91761885921e-06, 6.63072796669e-06, 2.32355978369e-06, 6.97257178217e-07, 3.76565452598e-07, 1.50424327217e-07, 8.06110289631e-09, 1.69447105236e-08, 7.53925277763e-08, 1.87900198512e-07, 1.55522783984e-07, 1.89553574614e-07, 1.25117836092e-07, 1.10476854331e-07, 8.25061903242e-08, 3.02428060373e-09], "dmean": [6.09057480006e-08, 1.82508501894e-05, 0.000257546867942, 0.000508672790602, 0.000627680274192, 0.00113686756231, 0.00140061043203, 0.00124656560365, 0.00181693048216, 0.0014008221915, 0.00086198921781, 0.00100734608714, 0.000959627679549, 0.000463584990939, 0.000252131168963, 0.000202004579478, 0.000135421811137, 3.02564021695e-05, 5.26220283064e-05, 8.33273443277e-05, 9.78750467766e-05, 0.000107922838652, 0.000100720215414, 8.5464977019e-05, 7.54616776248e-05, 6.4553853008e-05, 1.2381083252e-05], "max": [2.40132180807e-06, 0.000878199585713, 0.00764923170209, 0.0184637457132, 0.0305662341416, 0.0378171056509, 0.0579955875874, 0.14245402813, 0.0730615779757, 0.101453498006, 0.0696002617478, 0.0423480384052, 0.0468616373837, 0.0281118266284, 0.0188513826579, 0.0145388673991, 0.00745648052543, 0.00246772938408, 0.00221206690185, 0.0048214183189, 0.0103944018483, 0.00778943672776, 0.0115778185427, 0.00904444232583, 0.00679432367906, 0.00828186236322, 0.00168667547405], "var": [2.15385807876e-14, 4.90994889191e-09, 6.20478147084e-07, 1.77124150014e-06, 3.91932235289e-06, 1.34939382406e-05, 1.86619963642e-05, 2.53323723882e-05, 3.31657611241e-05, 3.32086601702e-05, 1.41933769555e-05, 1.18894349725e-05, 9.02428564586e-06, 2.28411158787e-06, 9.87570388133e-07, 5.4361163393e-07, 2.47042862611e-07, 1.56186477085e-08, 2.85097243591e-08, 1.0537925732e-07, 2.75536592653e-07, 2.27362178862e-07, 2.48809641334e-07, 1.85205351499e-07, 1.58656249027e-07, 1.31231644218e-07, 4.65788696502e-09], "mean": [5.09755864186e-08, 2.23592651309e-05, 0.000366594555089, 0.000692784786224, 0.000864917063154, 0.00127399421763, 0.00135336548556, 0.00121103588026, 0.00192470976617, 0.00156886095647, 0.000906566216145, 0.0011129763443, 0.00104053993709, 0.000454372784588, 0.000264962262008, 0.000230622536037, 0.000174982080352, 4.06467588618e-05, 6.56196716591e-05, 9.47947701206e-05, 0.000112368012196, 0.000121434830362, 0.000108875792648, 9.5747600426e-05, 8.45432950882e-05, 7.27681835997e-05, 1.36128919621e-05]}, "erbbands_skewness": {"dmean2": 1.0418971777, "median": 0.40455403924, "min": -4.8891620636, "dvar2": 1.03870809078, "dvar": 0.490056008101, "dmean": 0.686433434486, "max": 6.28912591934, "var": 1.23160040379, "mean": 0.355682104826}, "erbbands_spread": {"dmean2": 20.9353981018, "median": 26.2970256805, "min": 1.97994709015, "dvar2": 724.171508789, "dvar": 292.55758667, "dmean": 13.2247591019, "max": 170.641082764, "var": 525.93536377, "mean": 31.7661705017}, "melbands_kurtosis": {"dmean2": 14.3575677872, "median": 3.88711595535, "min": -1.91702270508, "dvar2": 636.846008301, "dvar": 283.100799561, "dmean": 8.73857784271, "max": 329.009796143, "var": 427.789764404, "mean": 10.3623857498}, "melbands": {"dmean2": [4.20157311964e-06, 9.86739178188e-05, 0.000277989340248, 0.00020300844335, 0.000198878391529, 0.000391195208067, 0.000416563911131, 0.000404824560974, 0.000377906020731, 0.000410540029407, 0.000335833115969, 0.00022938978509, 0.000174429034814, 0.000163028933457, 0.000174245942617, 0.000138298681122, 7.91485508671e-05, 4.45272671641e-05, 2.78226088994e-05, 2.13137336686e-05, 1.84421915037e-05, 1.34524798341e-05, 4.638730843e-06, 1.86602244412e-06, 2.69718361778e-06, 3.21973561768e-06, 3.35161371368e-06, 3.96239556721e-06, 4.40299481852e-06, 3.51916469299e-06, 3.36433254233e-06, 3.01584964291e-06, 3.48669118466e-06, 2.68275925919e-06, 2.67206246463e-06, 2.2700480713e-06, 1.80995334631e-06, 1.51890571942e-06, 1.12357281523e-06, 8.55759481055e-07], "median": [3.5233830431e-07, 6.29848182143e-06, 8.44159803819e-05, 4.42969430878e-05, 3.11998992402e-05, 2.8104381272e-05, 2.64634672931e-05, 2.10372108995e-05, 1.40420806929e-05, 1.13325950224e-05, 9.65517210716e-06, 6.73140721119e-06, 5.08511357111e-06, 4.85695954922e-06, 5.8026980696e-06, 6.6533525569e-06, 5.35740764462e-06, 3.10189079755e-06, 1.72813690824e-06, 1.35631501053e-06, 1.94032054424e-06, 1.39210624184e-06, 6.30429553894e-07, 2.95292323926e-07, 2.92688724812e-07, 3.63053601404e-07, 3.54849873929e-07, 2.82852596456e-07, 1.77059661155e-07, 1.12504061178e-07, 1.38635002145e-07, 1.58791209515e-07, 1.76221547576e-07, 1.10032665646e-07, 6.13624635548e-08, 5.24998178264e-08, 6.2721859706e-08, 4.80160764482e-08, 3.22695505872e-08, 3.7388804941e-08], "min": [1.3153937092e-24, 1.70496290509e-24, 6.42128339507e-25, 8.98522135985e-25, 1.1958404585e-24, 2.04321837542e-24, 1.42863508657e-24, 2.94018044036e-24, 2.74328213892e-24, 3.17656754099e-24, 2.74558541555e-24, 1.63421233708e-24, 1.92418774508e-24, 3.06635657278e-24, 2.21809207481e-24, 1.83306444976e-24, 2.94425273757e-24, 4.7654913735e-24, 3.5999036321e-24, 5.05403223794e-24, 2.37894456048e-24, 4.44775476696e-24, 3.10725546084e-24, 4.94018501539e-24, 3.74814085139e-24, 3.77815543111e-24, 3.69875224226e-24, 6.1198286804e-24, 4.5770837792e-24, 6.57753761052e-24, 5.18121594296e-24, 5.2610