{"tonal": {"thpcp": [1, 0.580536901951, 0.139295428991, 0.0462628304958, 0.0529463775456, 0.120689414442, 0.182202905416, 0.130103603005, 0.195239618421, 0.355284273624, 0.253747493029, 0.222529217601, 0.421493649483, 0.334557324648, 0.188087895513, 0.222172498703, 0.167276844382, 0.149226650596, 0.202139332891, 0.211723029613, 0.448149979115, 0.681419610977, 0.40561580658, 0.0988026186824, 0.0537225790322, 0.0501749366522, 0.129478871822, 0.235828757286, 0.1879927665, 0.173328369856, 0.264758616686, 0.228551402688, 0.203689023852, 0.26892209053, 0.310358673334, 0.696083545685], "hpcp": {"dmean2": [0.126103982329, 0.126758500934, 0.12978310883, 0.16144451499, 0.16557481885, 0.169481143355, 0.195968702435, 0.244356408715, 0.314293056726, 0.282978415489, 0.242940321565, 0.110839672387, 0.0434818044305, 0.0467806309462, 0.0721572488546, 0.0990533605218, 0.0855961740017, 0.0970360785723, 0.126282602549, 0.124852709472, 0.136120378971, 0.183059409261, 0.167943432927, 0.126639530063, 0.11405813694, 0.0998063832521, 0.113172903657, 0.138963192701, 0.146202921867, 0.215608820319, 0.262171089649, 0.192927017808, 0.0797045975924, 0.0497681312263, 0.0507268570364, 0.0834827870131], "median": [0.00597630860284, 0.00733785470948, 0.00839837919921, 0.00754457525909, 0.00662436475977, 0.00739042181522, 0.00692707579583, 0.0298848189414, 0.173360824585, 0.293586760759, 0.114064179361, 0.00527407694608, 0.00188006192911, 0.00234181224369, 0.00584969297051, 0.00837811734527, 0.00816825497895, 0.00696068210527, 0.00536261545494, 0.00719599844888, 0.0230631418526, 0.0273263473064, 0.0266308896244, 0.0145863946527, 0.00589657062665, 0.00509482389316, 0.00532789900899, 0.00427234638482, 0.0151187758893, 0.0775109231472, 0.130984157324, 0.0667990744114, 0.00642783148214, 0.00170229794458, 0.00223940354772, 0.00519333500415], "min": [0, 0, 0, 0, 0, 0, 0, 0, 0, 0, 0, 0, 0, 0, 0, 0, 0, 0, 0, 0, 0, 0, 0, 0, 0, 0, 0, 0, 0, 0, 0, 0, 0, 0, 0, 0], "dvar2": [0.0705036446452, 0.0631750226021, 0.0673598498106, 0.0897897332907, 0.0917507335544, 0.0938548967242, 0.125791564584, 0.131408110261, 0.140906155109, 0.121993087232, 0.103874780238, 0.0534680485725, 0.0172953289002, 0.019670650363, 0.0316814780235, 0.0472779646516, 0.0393001101911, 0.0379124097526, 0.0608062557876, 0.05565944314, 0.0510458312929, 0.0828321129084, 0.0666372925043, 0.0639991313219, 0.0568862557411, 0.052575096488, 0.0574985183775, 0.072258271277, 0.0636466443539, 0.0820668116212, 0.103732258081, 0.0667661577463, 0.031861897558, 0.0259132776409, 0.0247423741966, 0.0357571095228], "dvar": [0.0296327676624, 0.0245333649218, 0.0255272109061, 0.0379663854837, 0.0367865562439, 0.0354559123516, 0.0498710423708, 0.0499102957547, 0.0542275309563, 0.0572853200138, 0.0431571155787, 0.0197752099484, 0.00661621708423, 0.00748868938535, 0.0128161525354, 0.0198816675693, 0.01540264301, 0.0158413648605, 0.0319884046912, 0.0233331471682, 0.0194939021021, 0.0379999764264, 0.0287290811539, 0.0239890478551, 0.0243832301348, 0.0208584405482, 0.0221177246422, 0.0300803594291, 0.0253503266722, 0.0342450328171, 0.0495195314288, 0.029282765463, 0.0118934446946, 0.00993551686406, 0.00857161171734, 0.0134486425668], "dmean": [0.0743566304445, 0.0732936635613, 0.0751603320241, 0.0947389155626, 0.0946042984724, 0.0951657146215, 0.11205355823, 0.139312341809, 0.183782711625, 0.170361980796, 0.145011499524, 0.0623223185539, 0.0245393645018, 0.0267431735992, 0.0433818586171, 0.0600399151444, 0.0509922169149, 0.0597548857331, 0.0819499120116, 0.0746761038899, 0.0805652737617, 0.114599004388, 0.104450248182, 0.0733292773366, 0.0698818266392, 0.0598343722522, 0.0652505382895, 0.0818396955729, 0.0863489061594, 0.131563574076, 0.163893401623, 0.117988154292, 0.0455603264272, 0.0275079291314, 0.0278056673706, 0.0490509159863], "max": [1, 1, 1, 1, 1, 1, 1, 1, 1, 1, 1, 1, 1, 1, 1, 1, 1, 1, 1, 1, 1, 1, 1, 1, 1, 1, 1, 1, 1, 1, 1, 1, 1, 1, 1, 1], "var": [0.0565552562475, 0.031851246953, 0.0285107679665, 0.0601771883667, 0.0479673221707, 0.0357103422284, 0.0612527765334, 0.0539437197149, 0.101819679141, 0.165938302875, 0.090683169663, 0.0220776498318, 0.00584343122318, 0.00702377222478, 0.0189907420427, 0.0338056273758, 0.0192370600998, 0.0283022075891, 0.0933673679829, 0.0442098192871, 0.0257464293391, 0.0855964720249, 0.0558586008847, 0.0290254857391, 0.0462089106441, 0.0317273698747, 0.0246867295355, 0.0409925095737, 0.0324542745948, 0.0630313977599, 0.11784645915, 0.0567850135267, 0.0115915630013, 0.0103648416698, 0.00665441481397, 0.0188269112259], "mean": [0.102304883301, 0.0815531536937, 0.0751915872097, 0.114854954183, 0.0991478934884, 0.0883623436093, 0.11666110903, 0.134636715055, 0.301968038082, 0.433810055256, 0.251842737198, 0.0604277551174, 0.0200692806393, 0.0229686703533, 0.0523562803864, 0.0790414512157, 0.0564402490854, 0.0846969112754, 0.154125884175, 0.110078208148, 0.0965354144573, 0.182848185301, 0.145134329796, 0.0815944224596, 0.0963806658983, 0.0725663751364, 0.0647360235453, 0.0876900777221, 0.091847576201, 0.194411963224, 0.295606672764, 0.175960212946, 0.0428615696728, 0.0233053956181, 0.0217663925141, 0.0561692379415]}, "tuning_equal_tempered_deviation": 0.0162812024355, "chords_changes_rate": 0.043742954731, "key_key": "C", "tuning_diatonic_strength": 0.596468627453, "key_scale": "major", "chords_number_rate": 0.00180383317638, "tuning_frequency": 441.272583008, "tuning_nontempered_energy_ratio": 0.702300488949, "chords_histogram": [45.7497177124, 0.789177000523, 10.8229990005, 0.473506212234, 0.4058624506, 0, 0.698985338211, 0, 0.0225479137152, 0, 0.969560325146, 0.112739570439, 0, 0, 0, 0.135287478566, 2.36753106117, 25.2762126923, 1.66854560375, 1.89402484894, 0.270574957132, 0, 3.92333698273, 4.41939115524], "key_strength": 0.752890527248, "chords_key": "C", "chords_strength": {"dmean2": 0.00865489058197, "median": 0.545269370079, "min": -1, "dvar2": 0.000920413818676, "dvar": 0.000487412471557, "dmean": 0.00891578476876, "max": 0.783456265926, "var": 0.0245672054589, "mean": 0.528382062912}, "chords_scale": "major", "hpcp_entropy": {"dmean2": 0.9221175313, "median": 1.59539484978, "min": 0, "dvar2": 0.598403453827, "dvar": 0.229331567883, "dmean": 0.544639348984, "max": 4.62216663361, "var": 0.455092787743, "mean": 1.5147485733}}, "metadata": {"audio_properties": {"equal_loudness": 0, "codec": "flac", "downmix": "mix", "sample_rate": 44100, "analysis_sample_rate": 44100, "bit_rate": 0, "md5_encoded": "e5674f165e408198ba0235c71d33ab69", "length": 205.906661987, "replay_gain": -11.2124252319, "lossless": true}, "version": {"essentia_build_sha": "2d9f1f26377add8aeb1075a9c2973f962c4f09fd", "essentia": "2.1-beta2", "extractor": "music 1.0", "essentia_git_sha": "v2.1_beta2-1-ge3940c0"}, "tags": {"title": ["Better Leave That Stuff Alone"], "media": ["CD"], "albumartist": ["Various Artists"], "tracktotal": ["23"], "musicbrainz_releasegroupid": ["c6374927-9184-3176-82d2-947b839aeb1e"], "releasetype": ["album", "compilation"], "musicbrainz_recordingid": ["0751457e-5889-40fd-a1ad-7e38e33832bf"], "musicbrainz_albumartistid": ["89ad4ac3-39f7-470e-963a-56509c546377"], "discnumber": ["1"], "album": ["My Rough & Rowdy Ways, Vol.1: Early American Rural Music Badman Ballads And Hellraising Songs"], "catalognumber": ["Yazoo 2039"], "releasecountry": ["US"], "file_name": "12 - Will Shade - Better Leave That Stuff Alone [1928].flac", "compilation": ["1"], "originaldate": ["1998-10-20"], "date": ["1998"], "genre": ["Folk - America"], "disctotal": ["1"], "musicbrainz_artistid": ["10fb34d8-4a1c-44ea-bbc4-0011c178283e"], "asin": ["B00000DBVD"], "musicbrainz_albumid": ["b7c06d0c-847b-4382-942b-c81d236f4e5d"], "artist": ["Will Shade"], "artistsort": ["Shade, Will"], "tracknumber": ["12"], "label": ["Yazoo Records"], "albumartistsort": ["Various Artists"], "acoustid_id": ["0219824a-d07e-4cb1-b537-89446c792a0d"], "script": ["Latn"], "releasestatus": ["official"]}}, "rhythm": {"bpm_histogram_first_peak_bpm": {"dmean2": 0, "median": 117, "min": 117, "dvar2": 0, "dvar": 0, "dmean": 0, "max": 117, "var": 0, "mean": 117}, "bpm": 117.488601685, "bpm_histogram_second_peak_spread": {"dmean2": 0, "median": 0.558823525906, "min": 0.558823525906, "dvar2": 0, "dvar": 0, "dmean": 0, "max": 0.558823525906, "var": 0, "mean": 0.558823525906}, "bpm_histogram_first_peak_weight": {"dmean2": 0, "median": 0.194373399019, "min": 0.194373399019, "dvar2": 0, "dvar": 0, "dmean": 0, "max": 0.194373399019, "var": 0, "mean": 0.194373399019}, "onset_rate": 3.48668646812, "beats_position": [0.568888902664, 1.13777780533, 1.70666658878, 2.27555561066, 2.8444442749, 3.41333317757, 3.98222208023, 4.53950119019, 5.0967798233, 5.66566896439, 6.2229475975, 6.79183673859, 7.36072540283, 7.91800451279, 8.47528362274, 9.04417228699, 9.61306095123, 10.1935596466, 10.7624483109, 11.3197278976, 11.8770065308, 12.4226751328, 12.9799547195, 13.5372333527, 14.0829019547, 14.6285715103, 15.1742401123, 15.7315187454, 16.2771873474, 16.8228569031, 17.3685264587, 17.9258041382, 18.483083725, 19.0403633118, 19.5860309601, 20.1317005157, 20.6889801025, 21.2346477509, 21.7803173065, 22.3259868622, 22.8832645416, 23.4289340973, 23.974603653, 24.5202713013, 25.0775508881, 25.6232185364, 26.168888092, 26.7261676788, 27.2834453583, 27.8407249451, 28.3980045319, 28.9552822113, 29.5241718292, 30.081451416, 30.6387290955, 31.1843986511, 31.7300682068, 32.2757377625, 32.8214035034, 33.3670730591, 33.9243545532, 34.4700202942, 35.0156898499, 35.572971344, 36.0838088989, 36.6062583923, 37.1287078857, 37.6511573792, 38.1852149963, 38.7424926758, 39.2881622314, 39.8222198486, 40.3562812805, 40.8903388977, 41.4243965149, 42.0048980713, 42.585395813, 43.1542854309, 43.7231750488, 44.3036727905, 44.8725624084, 45.4414520264, 46.0103378296, 46.5560073853, 47.1132888794, 47.6473464966, 48.1814041138, 48.7270736694, 49.2611312866, 49.8068008423, 50.3524703979, 50.8981399536, 51.4438095093, 51.9894790649, 52.5351448059, 53.0808143616, 53.6264839172, 54.1721534729, 54.7062110901, 55.240272522, 55.7743301392, 56.3199996948, 56.8424491882, 57.3765068054, 57.8989562988, 58.4214057922, 58.9554634094, 59.4895210266, 60.0235824585, 60.5576400757, 61.0916976929, 61.6257591248, 62.1830368042, 62.7287063599, 63.2627639771, 63.7968254089, 64.3308868408, 64.864944458, 65.3990020752, 65.9214477539, 66.4555053711, 66.9895706177, 67.5236282349, 68.0576858521, 68.6033554077, 69.1490249634, 69.7062988281, 70.2287521362, 70.7511978149, 71.2852630615, 71.8193206787, 72.3417663574, 72.8758239746, 73.4098815918, 73.9439468384, 74.4663925171, 75.0004501343, 75.5345077515, 76.068572998, 76.6026306152, 77.1366882324, 77.6707458496, 78.2048034668, 78.738861084, 79.2729263306, 79.8069839478, 80.3410415649, 80.8750991821, 81.4091567993, 81.9316101074, 82.4540557861, 82.9765090942, 83.5105667114, 84.0330123901, 84.5438537598, 85.0662994385, 85.5887527466, 86.1228103638, 86.598815918, 87.0516052246, 87.4927902222, 87.9455795288, 88.386756897, 88.8395462036, 89.2923355103, 89.7451248169, 90.1863021851, 90.6390914917, 91.1731491089, 91.695602417, 92.2180480957, 92.7404937744, 93.2629470825, 93.7853927612, 94.3078460693, 94.830291748, 95.3875732422, 95.9448471069, 96.5137405396, 97.0826263428, 97.6515197754, 98.1739654541, 98.6964187622, 99.2072525024, 99.7297058105, 100.252151489, 100.774604797, 101.297050476, 101.819496155, 102.341949463, 102.864395142, 103.38684845, 103.909294128, 104.420135498, 104.930976868, 105.441810608, 105.952651978, 106.463493347, 106.962722778, 107.46194458, 107.961174011, 108.460403442, 108.959632874, 109.458862305, 109.958091736, 110.457321167, 110.94493866, 111.432563782, 111.931785583, 112.431015015, 112.941856384, 113.452697754, 113.963539124, 114.462760925, 114.961990356, 115.472831726, 115.972061157, 116.471290588, 116.982131958, 117.492965698, 118.003807068, 118.503036499, 119.00226593, 119.5131073, 120.02394104, 120.53478241, 121.057228088, 121.579681396, 122.090522766, 122.601356506, 123.112197876, 123.611427307, 124.110656738, 124.621498108, 125.132331848, 125.643173218, 126.154014587, 126.664848328, 127.187301636, 127.709747314, 128.290252686, 128.870742798, 129.451248169, 130.020126343, 130.600631714, 131.14630127, 131.680358887, 132.202804565, 132.725265503, 133.247711182, 133.77015686, 134.304214478, 134.826660156, 135.360717773, 135.894775391, 136.428848267, 136.951293945, 137.485351563, 138.01940918, 138.565078735, 139.099136353, 139.621582031, 140.13243103, 140.643264771, 141.154098511, 141.66494751, 142.17578125, 142.68661499, 143.197463989, 143.708297729, 144.21913147, 144.729980469, 145.240814209, 145.751647949, 146.262496948, 146.773330688, 147.284164429, 147.795013428, 148.305847168, 148.816680908, 149.327529907, 149.838363647, 150.349197388, 150.860046387, 151.370880127, 151.881713867, 152.392562866, 152.903396606, 153.414230347, 153.925079346, 154.435913086, 154.946762085, 155.457595825, 155.968429565, 156.467666626, 156.966888428, 157.45451355, 157.953735352, 158.452972412, 158.963806152, 159.474639893, 159.985488892, 160.531158447, 161.100036621, 161.634094238, 162.191375732, 162.760269165, 163.329162598, 163.851608276, 164.374053955, 164.908111572, 165.430557251, 165.964630127, 166.510284424, 167.0443573, 167.55519104, 168.06602478, 168.576873779, 169.076095581, 169.586929321, 170.086166382, 170.597000122, 171.096237183, 171.595458984, 172.094696045, 172.593917847, 173.104751587, 173.615600586, 174.103210449, 174.60244751, 175.101669312, 175.612518311, 176.111740112, 176.610977173, 177.098587036, 177.586212158, 178.073822021, 178.573059082, 179.083892822, 179.583129883, 180.070739746, 180.581588745, 181.092422485, 181.591659546, 182.090881348, 182.57850647, 183.066116333, 183.565353394, 184.064575195, 184.552200317, 185.039810181, 185.55065918, 186.049880981, 186.549118042, 187.036727905, 187.535964966, 188.035186768, 188.52281189, 189.010421753, 189.509658813, 190.008880615, 190.496505737, 190.995727539, 191.4949646, 191.982574463, 192.470199585, 192.957824707, 193.44543457, 193.944671631, 194.443893433, 194.954742432, 195.47718811, 195.976409912, 196.452423096, 196.928436279, 197.416046143, 197.903671265, 198.402893066, 198.890518188, 199.378143311, 199.865753174, 200.364990234, 200.875823975, 201.398269653, 201.909118652, 202.385116577, 202.849517822, 203.325531006, 203.801544189, 204.277542114, 204.753555298, 205.229568481], "beats_loudness": {"dmean2": 0.0344500951469, "median": 0.0203330032527, "min": 0, "dvar2": 0.0016857648734, "dvar": 0.000591950607486, "dmean": 0.019565878436, "max": 0.164438039064, "var": 0.000571087235585, "mean": 0.0267048850656}, "danceability": 1.15067636967, "bpm_histogram_second_peak_weight": {"dmean2": 0, "median": 0.153452679515, "min": 0.153452679515, "dvar2": 0, "dvar": 0, "dmean": 0, "max": 0.153452679515, "var": 0, "mean": 0.153452679515}, "beats_count": 392, "bpm_histogram_second_peak_bpm": {"dmean2": 0, "median": 112, "min": 112, "dvar2": 0, "dvar": 0, "dmean": 0, "max": 112, "var": 0, "mean": 112}, "bpm_histogram_first_peak_spread": {"dmean2": 0, "median": 0.573033690453, "min": 0.573033690453, "dvar2": 0, "dvar": 0, "dmean": 0, "max": 0.573033690453, "var": 0, "mean": 0.573033690453}, "beats_loudness_band_ratio": {"dmean2": [0.255903363228, 0.425331473351, 0.368780404329, 0.14392966032, 0.0616639442742, 0.0036454286892], "median": [0.071198657155, 0.513877272606, 0.346664279699, 0.019948694855, 0.00559561001137, 0.000945509062149], "min": [0, 0, 0, 0, 0, 0], "dvar2": [0.0579208992422, 0.11621760577, 0.0845518931746, 0.0569358766079, 0.0172583907843, 0.000133144232677], "dvar": [0.0213214773685, 0.0426285676658, 0.0297205727547, 0.0196232441813, 0.00615324126557, 4.55525150755e-05], "dmean": [0.141839385033, 0.241121768951, 0.21424883604, 0.0776625648141, 0.0329253450036, 0.00207904237323], "max": [0.999945700169, 0.94872957468, 0.948313593864, 0.767142295837, 0.50992667675, 0.106144912541], "var": [0.028755672276, 0.0835585072637, 0.0590052865446, 0.014150345698, 0.00406873505563, 4.50560655736e-05], "mean": [0.142290920019, 0.460501432419, 0.385043084621, 0.0644450336695, 0.0237280745059, 0.00216635037214]}}, "lowlevel": {"barkbands_spread": {"dmean2": 3.25281858444, "median": 4.42497587204, "min": 0.00306499213912, "dvar2": 44.1889572144, "dvar": 15.6417036057, "dmean": 1.98071014881, "max": 111.243438721, "var": 40.4831886292, "mean": 5.92204141617}, "melbands_spread": {"dmean2": 3.13005614281, "median": 5.3644695282, "min": 8.61455884404e-09, "dvar2": 33.8280601501, "dvar": 14.9970331192, "dmean": 2.02793169022, "max": 195.744476318, "var": 216.520370483, "mean": 8.08343887329}, "hfc": {"dmean2": 3.97326016426, "median": 4.09939050674, "min": 1.09207607165e-16, "dvar2": 53.3751907349, "dvar": 35.9023895264, "dmean": 3.08592867851, "max": 217.204498291, "var": 287.272003174, "mean": 9.47415161133}, "barkbands_kurtosis": {"dmean2": 19.5314407349, "median": 8.55535984039, "min": -1.67181789875, "dvar2": 92156.03125, "dvar": 30828.8398438, "dmean": 11.1157102585, "max": 10909.1162109, "var": 16569.3339844, "mean": 16.3248939514}, "gfcc": {"mean": [-124.356735229, 115.245903015, -83.2132644653, -26.3503990173, -66.9885864258, -21.1728401184, -42.3246116638, -1.54093742371, -17.2883853912, -4.51022100449, -20.4727268219, 0.278018385172, -5.00895166397], "icov": [[0.000712643610314, -0.00182695826516, 0.0020548037719, -0.00173549412284, 0.00287238019519, -0.00210165441968, 0.00261670071632, -0.00239932537079, 0.00270843575709, -0.00247297808528, 0.00242296163924, -0.00151335122064, 0.000805378600489], [-0.00182695826516, 0.00745363300666, -0.00580967077985, 0.00658425036818, -0.00693497154862, 0.00609321799129, -0.0052067283541, 0.00762597145513, -0.00717419711873, 0.0075236777775, -0.00495903333649, 0.00378699251451, -0.000269094773103], [0.0020548037719, -0.00580967077985, 0.00890566315502, -0.00905969459563, 0.0116164190695, -0.00729615800083, 0.00498510804027, -0.00158377201296, 0.00274870404974, -0.0027863974683, 0.00366814411245, -0.00315124820918, 0.00306637468748], [-0.00173549412284, 0.00658425036818, -0.00905969459563, 0.0138279395178, -0.0138314059004, 0.00961950141937, -0.00331414630637, -0.000335542659741, 0.00347777805291, -0.00338801392354, 0.0019085756503, -0.000130204512971, -0.000577904807869], [0.00287238019519, -0.00693497154862, 0.0116164190695, -0.0138314059004, 0.0239543709904, -0.0150695769116, 0.0116285979748, -0.00195948895998, -0.00302886520512, 0.00608741445467, -0.00185265101027, 0.00159547827207, 0.00128974975087], [-0.00210165441968, 0.00609321799129, -0.00729615800083, 0.00961950141937, -0.0150695769116, 0.0249506346881, -0.0222331155092, 0.0128946118057, -0.00273149739951, -0.00460584275424, 0.00614281045273, -0.00516369054094, 0.00350767630152], [0.00261670071632, -0.0052067283541, 0.00498510804027, -0.00331414630637, 0.0116285979748, -0.0222331155092, 0.0348820723593, -0.0290951188654, 0.0190888140351, -0.0067101623863, -0.00395376887172, 0.00812344159931, -0.00471005868167], [-0.00239932537079, 0.00762597145513, -0.00158377201296, -0.000335542659741, -0.00195948895998, 0.0128946118057, -0.0290951188654, 0.048694036901, -0.0412038564682, 0.0255913436413, -0.00468653580174, -0.00462925992906, 0.00916459690779], [0.00270843575709, -0.00717419711873, 0.00274870404974, 0.00347777805291, -0.00302886520512, -0.00273149739951, 0.0190888140351, -0.0412038564682, 0.0584967695177, -0.0484849177301, 0.0254415851086, -0.0086676934734, -0.000848210242111], [-0.00247297808528, 0.0075236777775, -0.0027863974683, -0.00338801392354, 0.00608741445467, -0.00460584275424, -0.0067101623863, 0.0255913436413, -0.0484849177301, 0.0677573233843, -0.0508005768061, 0.0283971577883, -0.00748785492033], [0.00242296163924, -0.00495903333649, 0.00366814411245, 0.0019085756503, -0.00185265101027, 0.00614281045273, -0.00395376887172, -0.00468653580174, 0.0254415851086, -0.0508005768061, 0.0725800171494, -0.0544467195868, 0.0229108817875], [-0.00151335122064, 0.00378699251451, -0.00315124820918, -0.000130204512971, 0.00159547827207, -0.00516369054094, 0.00812344159931, -0.00462925992906, -0.0086676934734, 0.0283971577883, -0.0544467195868, 0.0617228336632, -0.0294208750129], [0.000805378600489, -0.000269094773103, 0.00306637468748, -0.000577904807869, 0.00128974975087, 0.00350767630152, -0.00471005868167, 0.00916459690779, -0.000848210242111, -0.00748785492033, 0.0229108817875, -0.0294208750129, 0.0317220203578]], "cov": [[17481.203125, 2381.16772461, -2259.59765625, -1020.90222168, -840.862854004, -548.205078125, -818.094726563, -79.6835708618, -250.771148682, -282.583740234, -484.868408203, -119.787521362, -61.7602462769], [2381.16772461, 818.548461914, -52.6236953735, -212.844619751, -132.355484009, -119.028305054, -178.863632202, -119.742782593, -76.7231445313, -91.0862503052, -91.9077224731, -51.5119094849, -30.6700668335], [-2259.59765625, -52.6236953735, 1091.14367676, 402.497283936, -55.7693328857, 23.1567230225, 15.0336885452, -135.082870483, -83.6172790527, 22.4214668274, 55.5398979187, 8.60848999023, -29.3273429871], [-1020.90222168, -212.844619751, 402.497283936, 470.063140869, 122.322647095, -73.5325927734, -83.0959472656, -57.219909668, -41.8029174805, -7.13257837296, 3.10981488228, 9.29003429413, 4.6895570755], [-840.862854004, -132.355484009, -55.7693328857, 122.322647095, 230.400222778, 25.7210521698, -12.3183851242, -3.0113222599, 21.1370201111, -16.5421390533, -7.05828523636, -9.51465320587, 7.60797595978], [-548.205078125, -119.028305054, 23.1567230225, -73.5325927734, 25.7210521698, 209.578842163, 170.808746338, 34.2466773987, 7.80413341522, 31.0075798035, 22.5341796875, -9.57250881195, -17.0473136902], [-818.094726563, -178.863632202, 15.0336885452, -83.0959472656, -12.3183851242, 170.808746338, 245.097961426, 105.071678162, 34.9329681396, 36.1627616882, 34.3263931274, -9.21364688873, -19.9310512543], [-79.6835708618, -119.742782593, -135.082870483, -57.219909668, -3.0113222599, 34.2466773987, 105.071678162, 151.034835815, 91.4398269653, 25.1156406403, 0.448931157589, -8.18338012695, -18.2159557343], [-250.771148682, -76.7231445313, -83.6172790527, -41.8029174805, 21.1370201111, 7.80413341522, 34.9329681396, 91.4398269653, 126.234764099, 64.892074585, 15.7502059937, -5.2061419487, -7.42667961121], [-282.583740234, -91.0862503052, 22.4214668274, -7.13257837296, -16.5421390533, 31.0075798035, 36.1627616882, 25.1156406403, 64.892074585, 100.171432495, 65.4748458862, 17.9579544067, -5.79125356674], [-484.868408203, -91.9077224731, 55.5398979187, 3.10981488228, -7.05828523636, 22.5341796875, 34.3263931274, 0.448931157589, 15.7502059937, 65.4748458862, 106.094078064, 63.0493049622, 6.70733356476], [-119.787521362, -51.5119094849, 8.60848999023, 9.29003429413, -9.51465320587, -9.57250881195, -9.21364688873, -8.18338012695, -5.2061419487, 17.9579544067, 63.0493049622, 82.2515869141, 39.2308921814], [-61.7602462769, -30.6700668335, -29.3273429871, 4.6895570755, 7.60797595978, -17.0473136902, -19.9310512543, -18.2159557343, -7.42667961121, -5.79125356674, 6.70733356476, 39.2308921814, 69.6061706543]]}, "spectral_energyband_middle_low": {"dmean2": 0.00739571312442, "median": 0.00898984260857, "min": 1.74900206697e-22, "dvar2": 0.000129187334096, "dvar": 6.76472627674e-05, "dmean": 0.00516134966165, "max": 0.234806627035, "var": 0.000258278712863, "mean": 0.0139784989879}, "melbands_crest": {"dmean2": 4.48707580566, "median": 14.1604099274, "min": 1.47022461891, "dvar2": 18.4879016876, "dvar": 7.75198745728, "dmean": 2.80733442307, "max": 40, "var": 25.3982009888, "mean": 14.8250522614}, "spectral_kurtosis": {"dmean2": 6.87012529373, "median": 17.0148830414, "min": -1.27293872833, "dvar2": 42.3919219971, "dvar": 15.978105545, "dmean": 4.26022338867, "max": 67.6666107178, "var": 66.8517456055, "mean": 17.7751083374}, "spectral_rms": {"dmean2": 0.000902374566067, "median": 0.00315098045394, "min": 3.11795511285e-12, "dvar2": 1.00533884506e-06, "dvar": 5.83353994443e-07, "dmean": 0.000651780515909, "max": 0.0159455500543, "var": 4.01561055696e-06, "mean": 0.00352635863237}, "zerocrossingrate": {"dmean2": 0.00491893664002, "median": 0.025390625, "min": 0, "dvar2": 9.41745383898e-05, "dvar": 5.70059819438e-05, "dmean": 0.0037989912089, "max": 0.5341796875, "var": 0.00272543961182, "mean": 0.0325832627714}, "silence_rate_60dB": {"dmean2": 0.129468813539, "median": 0, "min": 0, "dvar2": 0.130528748035, "dvar": 0.0605360679328, "dmean": 0.0647271052003, "max": 1, "var": 0.126594662666, "mean": 0.148720264435}, "erbbands_kurtosis": {"dmean2": 5.58449459076, "median": 5.94921016693, "min": -1.86177444458, "dvar2": 91.5984115601, "dvar": 44.3174705505, "dmean": 3.58802318573, "max": 319.900512695, "var": 121.039070129, "mean": 8.19609165192}, "erbbands": {"dmean2": [0.00295914406888, 0.0105651458725, 0.13395960629, 0.732475399971, 2.88625311852, 16.3864479065, 9.5415019989, 13.9523859024, 22.2494239807, 33.4623908997, 32.6076164246, 42.7690086365, 37.6319274902, 14.3377075195, 17.5477085114, 7.02752161026, 5.84525585175, 5.23675537109, 6.05085468292, 6.84720468521, 5.69566392899, 3.6043035984, 1.24825465679, 0.681720435619, 0.35731408, 0.233365833759, 0.168803572655, 0.104956440628, 0.0619351677597, 0.0493296831846, 0.0375859886408, 0.0280687753111, 0.0195273738354, 0.0133588602766, 0.008634371683, 0.00483588734642, 0.00231587956659, 0.000891957024578, 0.000204096257221, 1.90745704458e-05], "median": [0.00166796066333, 0.00526988739148, 0.0513139404356, 0.278774082661, 1.27332389355, 7.53573989868, 8.38215446472, 7.62425231934, 10.9611034393, 9.21751117706, 9.12342071533, 11.0322227478, 6.41373300552, 2.19098901749, 1.40073657036, 0.659139633179, 0.684813261032, 0.520335674286, 0.378690004349, 0.558514475822, 0.51099050045, 0.258501023054, 0.140035733581, 0.0964346677065, 0.0609649568796, 0.0592560954392, 0.0505109801888, 0.0422694347799, 0.0347747206688, 0.0285519305617, 0.0233933050185, 0.018487740308, 0.0138957649469, 0.00988970883191, 0.00669499486685, 0.00408648233861, 0.00208741566166, 0.00087993661873, 0.000225688912906, 2.87818093057e-05], "min": [9.67122454546e-23, 1.84543141429e-22, 2.72882744139e-21, 3.28107834071e-21, 1.23375450469e-20, 2.56079155646e-20, 4.92212110977e-20, 8.75034174212e-20, 1.2173636462e-19, 2.14263624717e-19, 4.59579945672e-19, 4.82198837631e-19, 5.74111890274e-19, 6.16292828238e-19, 7.57343614592e-19, 7.98656374804e-19, 1.28215259353e-18, 2.09567304205e-18, 1.88333970791e-18, 2.41796742412e-18, 2.57406736585e-18, 4.26124367303e-18, 6.52746543416e-18, 6.15800604075e-18, 8.22593813338e-18, 8.05758206331e-18, 9.62241587636e-18, 1.0827833923e-17, 1.01666378537e-17, 1.20327399448e-17, 1.00170869077e-17, 1.07814588691e-17, 8.23182600498e-18, 6.40611927907e-18, 5.74904918667e-18, 3.88561475302e-18, 2.36130575895e-18, 9.84144130844e-19, 2.50728188886e-19, 2.78896028114e-20], "dvar2": [2.48173546424e-05, 0.000474481086712, 0.0682677850127, 2.8385412693, 37.4687919617, 1268.00244141, 274.686279297, 844.82989502, 2584.32543945, 10430.1259766, 12021.0703125, 20786.25, 27332.2285156, 6307.56591797, 8090.78613281, 1772.63964844, 948.552978516, 778.04309082, 1061.98999023, 1302.82263184, 583.906921387, 228.793991089, 24.9149055481, 9.68799209595, 2.86779713631, 1.17867398262, 0.963362634182, 0.221486523747, 0.0596412681043, 0.0318401642144, 0.0136008514091, 0.00733295967802, 0.002580226399, 0.00109840009827, 0.000393686525058, 0.000105557315692, 2.03244380828e-05, 2.39270502789e-06, 1.13303471494e-07, 7.51280537781e-10], "dvar": [1.06375846372e-05, 0.000205689371796, 0.0354031845927, 1.18197250366, 16.3858947754, 554.645202637, 118.919906616, 320.433746338, 1278.0201416, 5656.85400391, 6277.05419922, 10689.5615234, 16212.6943359, 3361.79882813, 4327.5234375, 917.324157715, 530.346069336, 457.62322998, 673.476074219, 787.301879883, 399.526123047, 132.054718018, 16.6640014648, 5.06023025513, 1.34767174721, 0.558608055115, 0.446553260088, 0.0966217964888, 0.0268260464072, 0.0140931643546, 0.00673166662455, 0.00289360689931, 0.00100685108919, 0.000414508918766, 0.000144444900798, 3.8827129174e-05, 7.361990356e-06, 8.91640524969e-07, 4.26545199161e-08, 3.39853561959e-10], "dmean": [0.00172501837369, 0.00658902851865, 0.0889799594879, 0.465624630451, 1.88845598698, 10.3839483261, 6.3343000412, 8.85420513153, 14.8588075638, 22.8104419708, 23.7022209167, 29.2077865601, 28.4725093842, 10.8509941101, 13.0483016968, 5.25060176849, 4.26802968979, 4.01128339767, 4.61248350143, 5.20870447159, 4.33670663834, 2.64522981644, 0.919885337353, 0.478275775909, 0.241151109338, 0.155867904425, 0.115130856633, 0.0693204700947, 0.0389936417341, 0.0302488636225, 0.0230379234999, 0.016540993005, 0.0113854315132, 0.00774896889925, 0.00494831288233, 0.00279612792656, 0.00133807130624, 0.000515911553521, 0.000118211726658, 1.23592872114e-05], "max": [0.210592776537, 0.82447463274, 4.80522203445, 32.5779571533, 78.3605880737, 436.188934326, 195.262985229, 352.718231201, 1217.37915039, 2448.19287109, 2655.51586914, 4003.19702148, 5988.50097656, 4155.74853516, 3195.83813477, 1676.93652344, 943.278381348, 947.264526367, 1066.00915527, 1722.76806641, 879.539245605, 434.384765625, 195.809066772, 105.507225037, 51.1170387268, 30.1649799347, 34.3085746765, 14.3397188187, 9.58868122101, 4.77153205872, 3.94375658035, 2.16078662872, 1.04085636139, 0.751244962215, 0.337249517441, 0.16699694097, 0.0639637857676, 0.0205719415098, 0.00460036471486, 0.00058195902966], "var": [1.56521819008e-05, 0.000544652051758, 0.147544890642, 2.73288631439, 35.9328765869, 904.498596191, 407.127746582, 927.107543945, 2769.4597168, 15230.4755859, 16499.7734375, 21545.9296875, 64464.6171875, 27550.0957031, 23597.6015625, 2205.33496094, 1501.16003418, 1969.54541016, 2588.33740234, 4349.94580078, 1751.31384277, 544.913269043, 66.3380661011, 15.2278108597, 3.86519670486, 1.6666315794, 1.14890420437, 0.217386811972, 0.057775862515, 0.0349469967186, 0.0194846913218, 0.00519186863676, 0.00162697571795, 0.000675274699461, 0.000210489582969, 5.57095481781e-05, 1.04464243122e-05, 1.31260503622e-06, 6.59218812871e-08, 1.36724520594e-09], "mean": [0.0024869539775, 0.0114685455337, 0.180442765355, 0.887483298779, 3.40711021423, 18.407623291, 16.2935066223, 18.8656597137, 27.2336082458, 40.5056800842, 44.5461921692, 52.0541229248, 58.9845924377, 26.8273792267, 29.5226650238, 9.84759521484, 7.83167600632, 8.04318714142, 8.87156105042, 10.8183889389, 8.96117401123, 5.25937509537, 1.73672246933, 0.927610635757, 0.469844549894, 0.29726600647, 0.213769078255, 0.125943422318, 0.0736759826541, 0.0565262846649, 0.0440807230771, 0.0310796368867, 0.0218599904329, 0.0155875040218, 0.010204365477, 0.00590846221894, 0.00290844356641, 0.00117497122847, 0.000294190453133, 4.01216129831e-05]}, "spectral_strongpeak": {"dmean2": 0.722412288189, "median": 0.834272444248, "min": 0, "dvar2": 1.00631129742, "dvar": 0.476165622473, "dmean": 0.470705121756, "max": 15.5301780701, "var": 2.20586419106, "mean": 1.23379540443}, "spectral_energy": {"dmean2": 0.00786619354039, "median": 0.0101768951863, "min": 9.96468537129e-21, "dvar2": 0.000138240298838, "dvar": 7.7399352449e-05, "dmean": 0.00563076557592, "max": 0.260617077351, "var": 0.000424331490649, "mean": 0.0168620366603}, "average_loudness": 0.698763370514, "spectral_rolloff": {"dmean2": 194.291320801, "median": 581.396484375, "min": 21.533203125, "dvar2": 440065.09375, "dvar": 177748.953125, "dmean": 112.861129761, "max": 19595.2148438, "var": 3960954, "mean": 845.463256836}, "spectral_centroid": {"dmean2": 105.498260498, "median": 460.453582764, "min": 249.496765137, "dvar2": 68745.625, "dvar": 30023.9921875, "dmean": 70.3770828247, "max": 11801.6367188, "var": 1363153.75, "mean": 666.176086426}, "pitch_salience": {"dmean2": 0.115495793521, "median": 0.568627119064, "min": 1.64734265127e-05, "dvar2": 0.0107645383105, "dvar": 0.00427924701944, "dmean": 0.0711334273219, "max": 0.946288526058, "var": 0.0157436858863, "mean": 0.562439858913}, "spectral_energyband_middle_high": {"dmean2": 0.00114368088543, "median": 0.000295179488603, "min": 1.17781310381e-21, "dvar2": 1.68110800587e-05, "dvar": 1.06821335066e-05, "dmean": 0.000957596465014, "max": 0.162100300193, "var": 9.52016052906e-05, "mean": 0.00265447981656}, "spectral_contrast_coeffs": {"dmean2": [0.0796966329217, 0.0730612725019, 0.0592651292682, 0.0454567447305, 0.031752537936, 0.0208132918924], "median": [-0.504648923874, -0.677224099636, -0.719920516014, -0.793629944324, -0.850151598454, -0.839166164398], "min": [-0.982130289078, -0.986647605896, -0.986539542675, -0.978849172592, -0.976808965206, -0.978479146957], "dvar2": [0.00452098995447, 0.00376109755598, 0.00255169905722, 0.00151094642933, 0.000827503739856, 0.000325679924572], "dvar": [0.0019369503716, 0.00160367414355, 0.00120482034981, 0.000808530137874, 0.000430816638982, 0.000129167034174], "dmean": [0.0493841320276, 0.0460676588118, 0.0381522476673, 0.0303300134838, 0.0211790464818, 0.0126148592681], "max": [-0.239644169807, -0.247710183263, -0.321233123541, -0.448342710733, -0.550645232201, -0.713012456894], "var": [0.0146566526964, 0.00827105809003, 0.00974686443806, 0.00539770070463, 0.00298658828251, 0.000610643066466], "mean": [-0.522511959076, -0.673824131489, -0.706958532333, -0.78301101923, -0.835723340511, -0.836248934269]}, "melbands_skewness": {"dmean2": 16.0070209503, "median": 1.39246964455, "min": -2.31007599831, "dvar2": 497033.75, "dvar": 248975.25, "dmean": 8.17537975311, "max": 33331.4648438, "var": 625925.8125, "mean": 20.3936519623}, "spectral_spread": {"dmean2": 840471.1875, "median": 2974510, "min": 1284668.875, "dvar2": 1423140323330.0, "dvar": 709009866752, "dmean": 524714.5, "max": 45027192, "var": 18092623134700.0, "mean": 3694077.5}, "dissonance": {"dmean2": 0.0745566561818, "median": 0.394470393658, "min": 0.151257097721, "dvar2": 0.00428676465526, "dvar": 0.00158694968559, "dmean": 0.0443392023444, "max": 0.500000059605, "var": 0.00427717575803, "mean": 0.385586589575}, "spectral_skewness": {"dmean2": 0.602314531803, "median": 3.41502118111, "min": -0.0803473517299, "dvar2": 0.278124004602, "dvar": 0.111948341131, "dmean": 0.38176214695, "max": 6.73917341232, "var": 0.750760555267, "mean": 3.36930561066}, "spectral_flux": {"dmean2": 0.0319316238165, "median": 0.0406725294888, "min": 0, "dvar2": 0.00140573212411, "dvar": 0.00060300109908, "dmean": 0.0202538631856, "max": 0.363602608442, "var": 0.00157480745111, "mean": 0.0526806265116}, "spectral_contrast_valleys": {"dmean2": [0.691779971123, 0.551876187325, 0.544146955013, 0.474091142416, 0.381102442741, 0.352166026831], "median": [-8.92884254456, -6.93213844299, -8.33614444733, -9.25860691071, -9.39407062531, -11.575173378], "min": [-28.170009613, -28.0254154205, -27.7316875458, -27.7636642456, -27.5162258148, -27.4947795868], "dvar2": [0.316654592752, 0.232628569007, 0.259145349264, 0.190912827849, 0.162563338876, 0.187194958329], "dvar": [0.130769759417, 0.115371003747, 0.126756563783, 0.101401887834, 0.0857037827373, 0.0825492069125], "dmean": [0.411669582129, 0.349409073591, 0.347511857748, 0.307454705238, 0.242289081216, 0.208261817694], "max": [-6.94361114502, -5.03539609909, -5.24645137787, -6.45054531097, -6.09425544739, -9.38163089752], "var": [4.44746112823, 5.69654369354, 4.95369148254, 4.46306991577, 4.22554302216, 3.17561125755], "mean": [-9.14831924438, -7.27676677704, -8.58673191071, -9.40670585632, -9.49324607849, -11.7001018524]}, "erbbands_flatness_db": {"dmean2": 0.0312427338213, "median": 0.247325435281, "min": 0.0300611779094, "dvar2": 0.000840763910674, "dvar": 0.000387627922464, "dmean": 0.0205457098782, "max": 0.413040369749, "var": 0.00251181982458, "mean": 0.244022369385}, "spectral_energyband_high": {"dmean2": 1.11910685519e-05, "median": 8.01351234259e-06, "min": 8.21538553141e-23, "dvar2": 1.67080627111e-09, "dvar": 7.93828169865e-10, "dmean": 7.27627730157e-06, "max": 0.00122825265862, "var": 2.32442931569e-09, "mean": 1.67244052136e-05}, "spectral_entropy": {"dmean2": 0.319373995066, "median": 6.30112504959, "min": 4.61738729477, "dvar2": 0.086571700871, "dvar": 0.0366841964424, "dmean": 0.206121981144, "max": 9.82084846497, "var": 0.353638678789, "mean": 6.38526201248}, "silence_rate_20dB": {"dmean2": 0, "median": 1, "min": 1, "dvar2": 0, "dvar": 0, "dmean": 0, "max": 1, "var": 0, "mean": 1}, "melbands_flatness_db": {"dmean2": 0.0357900038362, "median": 0.32662075758, "min": 0.00242362031713, "dvar2": 0.00121449190192, "dvar": 0.000525485782418, "dmean": 0.0230717696249, "max": 1, "var": 0.00366886984557, "mean": 0.319734066725}, "barkbands": {"dmean2": [0.000500515277963, 5.00470414408e-05, 0.000176357716555, 0.000350718211848, 0.00319045269862, 0.00144475477282, 0.0017544135917, 0.0016434728168, 0.00193951651454, 0.000765214732382, 0.000578967388719, 0.000210202444578, 0.000145969417645, 0.000112403758976, 0.000149658531882, 0.00013937393669, 7.73714345996e-05, 2.01294533326e-05, 9.83946756605e-06, 5.02345255882e-06, 3.3349322166e-06, 1.66457527939e-06, 1.34585945943e-06, 1.20564425288e-06, 1.16967237318e-06, 1.21093910366e-06, 1.20272670756e-06], "median": [0.000122291239677, 2.74193771475e-05, 5.51107295905e-05, 9.34109411901e-05, 0.00191973056644, 0.000810694065876, 0.000666785344947, 0.000335466495017, 0.000416810187744, 0.000117895120638, 3.84257618862e-05, 1.24063690237e-05, 1.22805331557e-05, 8.66217305884e-06, 7.55296423449e-06, 9.9470053101e-06, 4.63662718175e-06, 2.07893936022e-06, 1.45459353007e-06, 1.25996916722e-06, 1.12709744826e-06, 9.56095391302e-07, 8.36396168324e-07, 8.52254743222e-07, 9.19828437418e-07, 1.10789687824e-06, 1.37107440423e-06], "min": [2.36917510981e-25, 2.04016311714e-24, 1.07761348021e-24, 3.33598799759e-25, 7.02756737416e-24, 1.05136352222e-23, 6.50896429861e-24, 1.12670147416e-23, 1.99724024865e-23, 1.22500395592e-23, 1.04790468269e-23, 2.10229222431e-23, 2.12865611353e-23, 3.47191158132e-23, 2.85156745822e-23, 4.78518891476e-23, 3.68279334949e-23, 2.50425203872e-23, 1.9636828946e-23, 1.02477291437e-23, 5.88181435694e-24, 7.38004068181e-24, 3.4001005476e-24, 2.97517292961e-24, 3.21329426205e-23, 7.94681830955e-24, 1.72301421197e-23], "dvar2": [3.89183867355e-07, 8.59476045889e-09, 1.30907139351e-07, 6.83485382069e-07, 4.21812692366e-05, 8.45612794365e-06, 1.8051448933e-05, 2.9853763408e-05, 3.87987602153e-05, 1.30070320665e-05, 1.0192071386e-05, 1.7575240463e-06, 6.45211116534e-07, 3.53209259174e-07, 7.64167054967e-07, 5.51762923351e-07, 1.12932525553e-07, 8.21708745491e-09, 2.1404225059e-09, 5.61284352329e-10, 2.89402918296e-10, 4.24325297121e-11, 1.70966730356e-11, 1.14923851685e-11, 8.02341613287e-12, 5.83904886248e-12, 4.07343082875e-12], "dvar": [1.16716179832e-07, 3.86278919962e-09, 7.1653921907e-08, 2.78357816796e-07, 1.85163862625e-05, 3.25536529999e-06, 9.37875665841e-06, 1.78446971404e-05, 2.06716049433e-05, 8.17757609184e-06, 5.32918875251e-06, 8.91295428573e-07, 3.71347368855e-07, 1.94993717173e-07, 4.55089008256e-07, 3.21812336779e-07, 6.4967323965e-08, 4.25413793081e-09, 1.02520691936e-09, 2.629800544e-10, 1.32409264109e-10, 1.85926465196e-11, 8.77488359752e-12, 4.49608579534e-12, 2.97688154509e-12, 2.13831209683e-12, 1.52855571083e-12], "dmean": [0.000267101015197, 2.98531249427e-05, 0.000119498196, 0.000217175853322, 0.00205740425736, 0.000919031444937, 0.00117036839947, 0.00117440370377, 0.0013484711526, 0.000581052619964, 0.000427355698776, 0.000147963786731, 0.000104819409898, 8.31314901006e-05, 0.00011379623902, 0.000103922488051, 5.66045309824e-05, 1.37124261528e-05, 6.7696514634e-06, 3.37133087669e-06, 2.22286439566e-06, 1.04761693365e-06, 8.31883994579e-07, 7.09776145413e-07, 6.76291790569e-07, 6.98758810813e-07, 6.95714902577e-07], "max": [0.00550026725978, 0.00472356099635, 0.0071052024141, 0.0159240812063, 0.0747963190079, 0.0306990686804, 0.0970075577497, 0.175720274448, 0.204522877932, 0.143056184053, 0.151821434498, 0.0469766259193, 0.0276323035359, 0.0210192855448, 0.0299778077751, 0.0269080586731, 0.0103096468374, 0.00255646300502, 0.00142093596514, 0.00