{"tonal": {"thpcp": [1, 0.939857423306, 0.657477080822, 0.370557516813, 0.283905297518, 0.291826993227, 0.322710305452, 0.363422334194, 0.374790549278, 0.365139007568, 0.408651322126, 0.389752864838, 0.386583268642, 0.538912475109, 0.573099553585, 0.398674100637, 0.268982023001, 0.245821282268, 0.245126619935, 0.3333812356, 0.435083597898, 0.395641803741, 0.346346318722, 0.34782102704, 0.319031566381, 0.291883349419, 0.276360988617, 0.281654596329, 0.308037132025, 0.320178985596, 0.355895757675, 0.387447237968, 0.380003243685, 0.403083622456, 0.676778078079, 0.953805208206], "hpcp": {"dmean2": [0.330240547657, 0.321341454983, 0.249798849225, 0.206582486629, 0.195806518197, 0.190050154924, 0.219243660569, 0.26235884428, 0.254321962595, 0.252600759268, 0.250333636999, 0.229665279388, 0.208427473903, 0.192047342658, 0.181688606739, 0.193801954389, 0.203322947025, 0.234626248479, 0.253748893738, 0.258530825377, 0.27046713233, 0.345592647791, 0.447440773249, 0.508144617081, 0.535607874393, 0.465039730072, 0.362710535526, 0.252649366856, 0.242280587554, 0.265053510666, 0.272949099541, 0.252660274506, 0.232827201486, 0.251828342676, 0.254646152258, 0.272390902042], "median": [0.130868688226, 0.140084937215, 0.0886753872037, 0.0467385463417, 0.0391883589327, 0.0395432002842, 0.073330655694, 0.0986063405871, 0.0828488692641, 0.0512551814318, 0.0511218868196, 0.0515788309276, 0.0550120398402, 0.0542618967593, 0.0560754388571, 0.0596209391952, 0.0647890642285, 0.070053845644, 0.074649117887, 0.0705928653479, 0.0786124095321, 0.176409587264, 0.292214304209, 0.38533616066, 0.240375995636, 0.127917855978, 0.0448944829404, 0.0404036715627, 0.046768669039, 0.0538596510887, 0.061929680407, 0.067130535841, 0.0728869363666, 0.0756588876247, 0.0749817192554, 0.0808822885156], "min": [0, 0, 0, 0, 0, 0, 0, 0, 0, 0, 0, 0, 0, 0, 0, 0, 0, 0, 0, 0, 0, 0, 0, 0, 0, 0, 0, 0, 0, 0, 0, 0, 0, 0, 0, 0], "dvar2": [0.124748103321, 0.114265695214, 0.093989752233, 0.0820261612535, 0.0815544873476, 0.0797374844551, 0.0833951309323, 0.0998629704118, 0.10003940016, 0.124664068222, 0.127304941416, 0.110329464078, 0.0912209525704, 0.0816580951214, 0.0724162757397, 0.0827541947365, 0.0902672857046, 0.109044887125, 0.115666642785, 0.128019228578, 0.127097427845, 0.130218297243, 0.168690860271, 0.164620354772, 0.210188418627, 0.201964780688, 0.208153322339, 0.140985414386, 0.126345917583, 0.137892261147, 0.125926852226, 0.112387940288, 0.0879988595843, 0.0972096025944, 0.102043382823, 0.106302857399], "dvar": [0.0468420870602, 0.0446615181863, 0.03407471627, 0.0289193429053, 0.0293107684702, 0.0288938544691, 0.0300143882632, 0.0371506735682, 0.0365397408605, 0.0446076691151, 0.0453906580806, 0.0394274406135, 0.0331320911646, 0.0297953914851, 0.0262467004359, 0.0302847418934, 0.0330567806959, 0.0403713174164, 0.0434273332357, 0.0471320562065, 0.0467020310462, 0.0493273548782, 0.0671485587955, 0.0617625825107, 0.0910436213017, 0.0778423920274, 0.0754940211773, 0.050326321274, 0.0452944263816, 0.0492161922157, 0.0459895059466, 0.0406829677522, 0.0323558337986, 0.0365548506379, 0.0370982736349, 0.0384563878179], "dmean": [0.187471792102, 0.185923248529, 0.144250556827, 0.116005837917, 0.109416939318, 0.106562741101, 0.124716408551, 0.150874763727, 0.14387832582, 0.140061348677, 0.138655722141, 0.128249153495, 0.117076247931, 0.107709221542, 0.102839462459, 0.110176824033, 0.11590423435, 0.132195785642, 0.143008753657, 0.145203605294, 0.152388244867, 0.199498206377, 0.256692290306, 0.287453979254, 0.301967859268, 0.260609924793, 0.195042997599, 0.137165829539, 0.131962671876, 0.14525565505, 0.151304513216, 0.142860323191, 0.132380545139, 0.142557904124, 0.143495947123, 0.152260527015], "max": [1, 1, 1, 1, 1, 1, 1, 1, 1, 1, 1, 1, 1, 1, 1, 1, 1, 1, 1, 1, 1, 1, 1, 1, 1, 1, 1, 1, 1, 1, 1, 1, 1, 1, 1, 1], "var": [0.0626408681273, 0.0676164478064, 0.0414895899594, 0.028836267069, 0.0282875522971, 0.0282369535416, 0.0323589295149, 0.0473447814584, 0.0434636622667, 0.0493216924369, 0.0509760640562, 0.0429281182587, 0.0318841598928, 0.0292748659849, 0.0286827590317, 0.0346429608762, 0.0365828685462, 0.0433349609375, 0.048444069922, 0.0487070456147, 0.0506913438439, 0.0784725323319, 0.113691233099, 0.0911312624812, 0.132919684052, 0.0921941772103, 0.0627313181758, 0.0411455817521, 0.0386746488512, 0.0428277514875, 0.04683598876, 0.0483012273908, 0.0421154946089, 0.0534571968019, 0.0464631505311, 0.0423018634319], "mean": [0.225170478225, 0.239454656839, 0.166575536132, 0.112387090921, 0.102709986269, 0.102419741452, 0.139294624329, 0.181788295507, 0.165308564901, 0.144711747766, 0.145327910781, 0.133298993111, 0.121955811977, 0.115470200777, 0.117682002485, 0.128705248237, 0.13377840817, 0.14870172739, 0.16188468039, 0.158774405718, 0.168417945504, 0.28277400136, 0.398522526026, 0.417823821306, 0.392694830894, 0.274709582329, 0.15482775867, 0.118622392416, 0.121932268143, 0.134836047888, 0.151846513152, 0.156596422195, 0.152563780546, 0.170744255185, 0.16284802556, 0.16152369976]}, "tuning_equal_tempered_deviation": 0.233793988824, "chords_changes_rate": 0.0756657496095, "key_key": "A", "tuning_diatonic_strength": 0.725351512432, "key_scale": "minor", "chords_number_rate": 0.0018365472788, "tuning_frequency": 434.193115234, "tuning_nontempered_energy_ratio": 0.916041016579, "chords_histogram": [35.867767334, 5.91368246078, 9.34802532196, 0.936639130116, 0.275482088327, 0.165289252996, 0, 15.7392101288, 3.91184568405, 12.7823696136, 0, 0.348943978548, 0, 0, 0, 0.642791569233, 1.35904502869, 0.165289252996, 0, 0.440771341324, 0, 1.34067952633, 5.49127626419, 5.27089071274], "key_strength": 0.725185632706, "chords_key": "A", "chords_strength": {"dmean2": 0.0114880595356, "median": 0.541222453117, "min": 0.273959219456, "dvar2": 9.44736239035e-05, "dvar": 6.69027213007e-05, "dmean": 0.00980140641332, "max": 0.827932059765, "var": 0.00789361260831, "mean": 0.546624362469}, "chords_scale": "minor", "hpcp_entropy": {"dmean2": 1.16389083862, "median": 2.3911921978, "min": 0, "dvar2": 0.824263811111, "dvar": 0.283070296049, "dmean": 0.678217232227, "max": 4.40962791443, "var": 0.536844074726, "mean": 2.3866546154}}, "metadata": {"audio_properties": {"equal_loudness": 0, "codec": "mp3", "downmix": "mix", "sample_rate": 44100, "analysis_sample_rate": 44100, "bit_rate": 185578, "md5_encoded": "451472bc0d05c77fda19710f702f72b2", "length": 252.786941528, "replay_gain": -6.15639877319, "lossless": false}, "version": {"essentia_build_sha": "70f2e5ece6736b2c40cc944ad0e695b16b925413", "essentia": "2.1-beta2", "extractor": "music 1.0", "essentia_git_sha": "v2.1_beta2"}, "tags": {"title": ["24 Hours"], "barcode": ["5016028606112"], "media": ["CD"], "albumartist": ["Skin"], "musicbrainz_recordingid": ["07573c6c-7e86-4389-a3c9-619a80a35531"], "musicbrainz_albumartistid": ["2ab4ceef-2ec3-4ea1-a1ed-3dfc531fa542"], "album": ["Shame, Humility, Revenge"], "catalognumber": ["CD PROD 11"], "musicbrainz album release country": ["GB"], "musicbrainz album type": ["album"], "musicbrainz album status": ["official"], "originaldate": ["1988"], "date": ["1988"], "file_name": "07 - 24 Hours.mp3", "musicbrainz_releasegroupid": ["c49a711c-149c-3266-a7ba-a79d88f50a2f"], "script": ["Latn"], "asin": ["B0000246OD"], "musicbrainz_albumid": ["f511a44e-6ae3-4de8-b789-154bd40aa677"], "artist": ["Skin"], "artistsort": ["Skin"], "tracknumber": ["7/10"], "label": ["Product Inc."], "albumartistsort": ["Skin"], "acoustid_id": ["b6ae22bd-ea5c-423e-ab7a-3a203cb2ac52"], "musicbrainz_artistid": ["2ab4ceef-2ec3-4ea1-a1ed-3dfc531fa542"]}}, "rhythm": {"bpm_histogram_first_peak_bpm": {"dmean2": 0, "median": 88, "min": 88, "dvar2": 0, "dvar": 0, "dmean": 0, "max": 88, "var": 0, "mean": 88}, "bpm": 87.7830047607, "bpm_histogram_second_peak_spread": {"dmean2": 0, "median": 0.375, "min": 0.375, "dvar2": 0, "dvar": 0, "dmean": 0, "max": 0.375, "var": 0, "mean": 0.375}, "bpm_histogram_first_peak_weight": {"dmean2": 0, "median": 0.910081744194, "min": 0.910081744194, "dvar2": 0, "dvar": 0, "dmean": 0, "max": 0.910081744194, "var": 0, "mean": 0.910081744194}, "onset_rate": 1.75232315063, "beats_position": [0.708208620548, 1.42802715302, 2.14784574509, 2.85605430603, 3.56426286697, 4.27247142792, 4.95746040344, 5.64244890213, 6.32743740082, 7.01242637634, 7.69741487503, 8.38240337372, 9.05578231812, 9.74077033997, 10.4257593155, 11.0991382599, 11.7841272354, 12.4691152573, 13.1657142639, 13.8390922546, 14.512471199, 15.1974601746, 15.8824491501, 16.5674381256, 17.2524261475, 17.9374141693, 18.6224040985, 19.2957820892, 19.9807701111, 20.6657600403, 21.3623580933, 22.035736084, 22.7207260132, 23.405714035, 24.0790920258, 24.764081955, 25.4490699768, 26.1340579987, 26.8190479279, 27.4924259186, 28.1774139404, 28.8624038696, 29.5473918915, 30.2323799133, 30.9057598114, 31.5907478333, 32.2757377625, 32.9491157532, 33.6341018677, 34.3190917969, 35.0156898499, 35.6890678406, 36.3740577698, 37.059047699, 37.7440338135, 38.4290237427, 39.1140136719, 39.7873916626, 40.4723815918, 41.1457595825, 41.830745697, 42.5157356262, 43.2123336792, 43.8857116699, 44.5707015991, 45.2556915283, 45.929069519, 46.6140594482, 47.2990455627, 47.9840354919, 48.6690254211, 49.3424034119, 50.0273895264, 50.7123794556, 51.3973693848, 52.0823554993, 52.7557373047, 53.4407234192, 54.1257133484, 54.8107032776, 55.4956893921, 56.1806793213, 56.8656692505, 57.5390472412, 58.2240333557, 58.9090232849, 59.5940132141, 60.2789993286, 60.952381134, 61.6373672485, 62.3223571777, 62.9957351685, 63.6807250977, 64.3657150269, 65.0623092651, 65.7356872559, 66.4206771851, 67.1056671143, 67.7906570435, 68.4756469727, 69.1606369019, 69.8456192017, 70.5189971924, 71.1923828125, 71.8773651123, 72.5623550415, 73.2589569092, 73.9323348999, 74.6057128906, 75.2907028198, 75.975692749, 76.6606826782, 77.345664978, 78.0306549072, 78.7156448364, 79.4006347656, 80.0856246948, 80.7590026855, 81.4555969238, 82.1289749146, 82.8023605347, 83.4873428345, 84.1723327637, 84.8573226929, 85.5307006836, 86.2156906128, 86.9122848511, 87.5856704712, 88.270652771, 88.9556427002, 89.6406326294, 90.3256225586, 91.0106124878, 91.695602417, 92.3689804077, 93.0423583984, 93.7273483276, 94.4123306274, 95.1089324951, 95.7823104858, 96.467300415, 97.1406784058, 97.825668335, 98.5106582642, 99.1956481934, 99.8806304932, 100.565620422, 101.238998413, 101.923988342, 102.608978271, 103.305580139, 103.97895813, 104.652336121, 105.33732605, 106.02230835, 106.707298279, 107.392288208, 108.077278137, 108.762268066, 109.435646057, 110.120635986, 110.805618286, 111.490608215, 112.175598145, 112.848976135, 113.533966064, 114.218955994, 114.903945923, 115.577323914, 116.262313843, 116.958908081, 117.632286072, 118.317276001, 119.00226593, 119.675643921, 120.36063385, 121.045623779, 121.730613708, 122.415596008, 123.100585938, 123.785575867, 124.470565796, 125.155555725, 125.828933716, 126.513923645, 127.198905945, 127.883895874, 128.568893433, 129.253875732, 129.938858032, 130.612243652, 131.285614014, 131.970611572, 132.655593872, 133.340591431, 134.02557373, 134.710571289, 135.395553589, 136.068939209, 136.753921509, 137.438903809, 138.123901367, 138.808883667, 139.482269287, 140.167251587, 140.852249146, 141.537231445, 142.222213745, 142.907211304, 143.592193604, 144.265579224, 144.938949585, 145.623947144, 146.308929443, 146.993927002, 147.678909302, 148.363891602, 149.04888916, 149.73387146, 150.418869019, 151.09223938, 151.777236938, 152.462219238, 153.147201538, 153.832199097, 154.517181396, 155.202178955, 155.875549316, 156.560546875, 157.245529175, 157.918914795, 158.592285156, 159.277282715, 159.962265015, 160.658859253, 161.343856812, 162.028839111, 162.702224731, 163.387207031, 164.072189331, 164.745574951, 165.430557251, 166.11555481, 166.800537109, 167.485534668, 168.170516968, 168.855514526, 169.528884888, 170.213867188, 170.898864746, 171.583847046, 172.268844604, 172.953826904, 173.638824463, 174.312194824, 174.997192383, 175.682174683, 176.367156982, 177.052154541, 177.725524902, 178.410522461, 179.095504761, 179.792098999, 180.465484619, 181.138870239, 181.823852539, 182.508834839, 183.193832397, 183.878814697, 184.563812256, 185.248794556, 185.922180176, 186.607162476, 187.292144775, 187.977142334, 188.662124634, 189.335510254, 190.020492554, 190.705490112, 191.378860474, 192.063858032, 192.748840332, 193.44543457, 194.11882019, 194.80380249, 195.488800049, 196.173782349, 196.858764648, 197.532150269, 198.217132568, 198.902130127, 199.575500488, 200.260498047, 200.945480347, 201.642089844, 202.315460205, 203.000442505, 203.685440063, 204.358810425, 205.043807983, 205.728790283, 206.413787842, 207.098770142, 207.7837677, 208.46875, 209.1537323, 209.838729858, 210.51210022, 211.197097778, 211.882080078, 212.555465698, 213.240447998, 213.925445557, 214.610427856, 215.295410156, 215.980407715, 216.665390015, 217.338775635, 218.035369873, 218.708755493, 219.382125854, 220.067123413, 220.752105713, 221.437088013, 222.122085571, 222.807067871, 223.49206543, 224.165435791, 224.85043335, 225.535415649, 226.232009888, 226.905395508, 227.590377808, 228.275375366, 228.948745728, 229.633743286, 230.318725586, 231.003707886, 231.688705444, 232.362075806, 233.047073364, 233.732055664, 234.417053223, 235.102035522, 235.787017822, 236.472015381, 237.145385742, 237.830383301, 238.515365601, 239.200363159, 239.885345459, 240.570343018, 241.255325317, 241.928695679, 242.613693237, 243.298675537, 243.995285034, 244.680267334, 245.388473511, 246.085067749, 246.781677246, 247.478271484, 248.209701538, 248.95274353, 249.707382202, 250.450424194, 251.205078125, 251.959716797], "beats_loudness": {"dmean2": 0.03714556247, "median": 0.0267404317856, "min": 1.60693733875e-08, "dvar2": 0.00154289405327, "dvar": 0.000582637963817, "dmean": 0.0218418333679, "max": 0.161882534623, "var": 0.000544918235391, "mean": 0.0312110669911}, "danceability": 1.13761031628, "bpm_histogram_second_peak_weight": {"dmean2": 0, "median": 0.0136239780113, "min": 0.0136239780113, "dvar2": 0, "dvar": 0, "dmean": 0, "max": 0.0136239780113, "var": 0, "mean": 0.0136239780113}, "beats_count": 368, "bpm_histogram_second_peak_bpm": {"dmean2": 0, "median": 80, "min": 80, "dvar2": 0, "dvar": 0, "dmean": 0, "max": 80, "var": 0, "mean": 80}, "bpm_histogram_first_peak_spread": {"dmean2": 0, "median": 0.0696378946304, "min": 0.0696378946304, "dvar2": 0, "dvar": 0, "dmean": 0, "max": 0.0696378946304, "var": 0, "mean": 0.0696378946304}, "beats_loudness_band_ratio": {"dmean2": [0.573254704475, 0.110818400979, 0.243972480297, 0.212874695659, 0.160832583904, 0.0608545616269], "median": [0.532882809639, 0.0651183053851, 0.105486787856, 0.125652357936, 0.080939501524, 0.0160047952086], "min": [0.0206483732909, 0.0088195214048, 0.000439314491814, 0.00231761275791, 0.00446178950369, 0.00098882522434], "dvar2": [0.11542519182, 0.0116979982704, 0.0430371165276, 0.0386551134288, 0.018657958135, 0.00208381051198], "dvar": [0.0402676984668, 0.00413999287412, 0.0174235422164, 0.0147940777242, 0.00651205377653, 0.000776178610977], "dmean": [0.316877096891, 0.0624064728618, 0.139383599162, 0.125122785568, 0.0897250548005, 0.032232388854], "max": [0.983533143997, 0.398921579123, 0.69719427824, 0.713602781296, 0.567152321339, 0.272408753633], "var": [0.0630523636937, 0.00458894856274, 0.0185506790876, 0.0168582778424, 0.00859174225479, 0.000952390953898], "mean": [0.491538256407, 0.0858208537102, 0.152998387814, 0.164569348097, 0.105418503284, 0.0284585412592]}}, "lowlevel": {"barkbands_spread": {"dmean2": 9.47492218018, "median": 20.3645381927, "min": 0.599570333958, "dvar2": 89.6957015991, "dvar": 30.1075878143, "dmean": 5.5021276474, "max": 119.440055847, "var": 146.594009399, "mean": 22.2763652802}, "melbands_spread": {"dmean2": 13.9068288803, "median": 26.2668380737, "min": 0.499129921198, "dvar2": 185.62651062, "dvar": 65.4618453979, "dmean": 8.16565895081, "max": 134.539199829, "var": 231.416519165, "mean": 27.9314460754}, "hfc": {"dmean2": 8.48346424103, "median": 15.2178573608, "min": 1.17253619453e-16, "dvar2": 150.054855347, "dvar": 58.6591873169, "dmean": 5.17711257935, "max": 117.091949463, "var": 295.835723877, "mean": 20.4627323151}, "barkbands_kurtosis": {"dmean2": 6.79374885559, "median": -0.107505917549, "min": -1.80539047718, "dvar2": 484.140625, "dvar": 153.925933838, "dmean": 3.73340344429, "max": 231.688949585, "var": 123.680130005, "mean": 2.48972463608}, "gfcc": {"mean": [-23.2466888428, 128.176620483, -146.828186035, 32.7007293701, -44.4108848572, 25.2317180634, -29.0806388855, 13.2347269058, -14.2882299423, -5.68647193909, -0.992424368858, -4.33997583389, -11.8682146072], "icov": [[0.000290992524242, -0.000493929896038, 0.000701902899891, -0.000930027163122, 0.000499465793837, -0.000916711054742, 0.000618999125436, -0.000727994192857, 0.000153357046656, -0.000134004541906, 0.000418288342189, -0.000636657350697, 0.000838300329633], [-0.000493929896038, 0.00428437953815, -0.00133095949423, 0.00314912712201, -0.001981965499, 0.00331162521616, -0.00285635190085, 0.0025980991777, -0.00124900054652, 0.00278314598836, -0.00527833495289, 0.00388089218177, -0.00338869914412], [0.000701902899891, -0.00133095949423, 0.00411035958678, -0.00257156486623, 0.000856862112414, -0.00373443379067, 0.000630597642157, -0.00113017309923, 0.00178553257138, -0.00253294315189, 0.00107478164136, -0.00288152997382, 0.00264757033437], [-0.000930027163122, 0.00314912712201, -0.00257156486623, 0.00821789447218, -0.00336087215692, 0.00355601240881, -0.0035904427059, 0.00347748817876, -0.00173499656375, 0.000432828906924, -0.00211433484219, 0.00529091665521, -0.00706912530586], [0.000499465793837, -0.001981965499, 0.000856862112414, -0.00336087215692, 0.00587665382773, -0.000529222132172, 0.000913819530979, -0.00191099394578, -0.00232513132505, -0.00145247054752, 0.00360419368371, -0.00165485870093, 0.00153017579578], [-0.000916711054742, 0.00331162521616, -0.00373443379067, 0.00355601240881, -0.000529222132172, 0.0149209536612, -0.00634931633249, -0.00164189387579, 0.00124337489251, 0.00189259508625, -0.00598309095949, 0.00377712212503, -0.00281622936018], [0.000618999125436, -0.00285635190085, 0.000630597642157, -0.0035904427059, 0.000913819530979, -0.00634931633249, 0.0114175230265, -0.00195812154561, -0.00110300525557, 0.00243275752291, 0.00312270154245, -0.00211890693754, 0.000124690093799], [-0.000727994192857, 0.0025980991777, -0.00113017309923, 0.00347748817876, -0.00191099394578, -0.00164189387579, -0.00195812154561, 0.0154611300677, -0.00491332216188, -0.0012692323653, 0.00103495258372, 0.000816316227429, 0.00153099070303], [0.000153357046656, -0.00124900054652, 0.00178553257138, -0.00173499656375, -0.00232513132505, 0.00124337489251, -0.00110300525557, -0.00491332216188, 0.018021678552, -0.00438688509166, -0.00454791728407, 0.00133115006611, 0.000286061345832], [-0.000134004541906, 0.00278314598836, -0.00253294315189, 0.000432828906924, -0.00145247054752, 0.00189259508625, 0.00243275752291, -0.0012692323653, -0.00438688509166, 0.0197953563184, -0.00455779349431, 0.000861422973685, 0.000944644154515], [0.000418288342189, -0.00527833495289, 0.00107478164136, -0.00211433484219, 0.00360419368371, -0.00598309095949, 0.00312270154245, 0.00103495258372, -0.00454791728407, -0.00455779349431, 0.021116854623, -0.00622426951304, 0.00289165787399], [-0.000636657350697, 0.00388089218177, -0.00288152997382, 0.00529091665521, -0.00165485870093, 0.00377712212503, -0.00211890693754, 0.000816316227429, 0.00133115006611, 0.000861422973685, -0.00622426951304, 0.0261510536075, -0.00875891465694], [0.000838300329633, -0.00338869914412, 0.00264757033437, -0.00706912530586, 0.00153017579578, -0.00281622936018, 0.000124690093799, 0.00153099070303, 0.000286061345832, 0.000944644154515, 0.00289165787399, -0.00875891465694, 0.0256635677069]], "cov": [[9302.56445312, -17.3922653198, -1141.70288086, 235.14024353, -342.297210693, 168.829330444, -195.806335449, 282.899353027, 59.5905570984, -60.2623023987, 15.0508117676, -52.2421684265, -118.572608948], [-17.3922653198, 801.855957031, -83.3656921387, -13.9658756256, 110.903190613, -77.6610412598, 111.988739014, -117.905677795, 69.4152526855, -86.5659713745, 125.910820007, -39.6298179626, 77.2560653687], [-1141.70288086, -83.3656921387, 600.694702148, 39.6386146545, 8.84435558319, 111.051002502, 71.5225524902, 7.31679344177, -39.284740448, 53.5722770691, 7.7758936882, 33.260974884, -4.94923448563], [235.14024353, -13.9658756256, 39.6386146545, 362.907745361, 162.959259033, -20.6060810089, 69.80493927, -27.8948974609, 43.8989143372, 6.62994289398, -22.7018814087, -26.3472061157, 68.5297393799], [-342.297210693, 110.903190613, 8.84435558319, 162.959259033, 347.166473389, -57.669834137, 42.4014434814, -4.78947067261, 74.3306808472, 15.4185886383, -22.9716968536, -20.222410202, 37.1424942017], [168.829330444, -77.6610412598, 111.051002502, -20.6060810089, -57.669834137, 154.322631836, 51.9704742432, 43.9672317505, -18.5779819489, 3.68660116196, 14.4820251465, 8.50135231018, -14.0629377365], [-195.806335449, 111.988739014, 71.5225524902, 69.80493927, 42.4014434814, 51.9704742432, 172.602828979, -7.50116968155, 14.1786222458, -29.3962173462, 8.22713756561, -4.55272436142, 34.2597351074], [282.899353027, -117.905677795, 7.31679344177, -27.8948974609, -4.78947067261, 43.9672317505, -7.50116968155, 119.537063599, 17.3664169312, 25.9703235626, -14.7882375717, 3.33681416512, -33.5768280029], [59.5905570984, 69.4152526855, -39.284740448, 43.8989143372, 74.3306808472, -18.5779819489, 14.1786222458, 17.3664169312, 94.7121887207, 17.2922286987, 21.2609729767, -11.831032753, 7.66296768188], [-60.2623023987, -86.5659713745, 53.5722770691, 6.62994289398, 15.4185886383, 3.68660116196, -29.3962173462, 25.9703235626, 17.2922286987, 80.3555526733, 3.81381821632, 4.87895345688, -16.9988174438], [15.0508117676, 125.910820007, 7.7758936882, -22.7018814087, -22.9716968536, 14.4820251465, 8.22713756561, -14.7882375717, 21.2609729767, 3.81381821632, 90.0787734985, 6.47358894348, 4.56200551987], [-52.2421684265, -39.6298179626, 33.260974884, -26.3472061157, -20.222410202, 8.50135231018, -4.55272436142, 3.33681416512, -11.831032753, 4.87895345688, 6.47358894348, 52.480758667, 4.88100004196], [-118.572608948, 77.2560653687, -4.94923448563, 68.5297393799, 37.1424942017, -14.0629377365, 34.2597351074, -33.5768280029, 7.66296768188, -16.9988174438, 4.56200551987, 4.88100004196, 72.1983413696]]}, "spectral_energyband_middle_low": {"dmean2": 0.00471578910947, "median": 0.00547602586448, "min": 3.47197273382e-22, "dvar2": 3.37146302627e-05, "dvar": 1.21673992908e-05, "dmean": 0.00278519955464, "max": 0.0447522439063, "var": 2.96481630357e-05, "mean": 0.00680415984243}, "melbands_crest": {"dmean2": 7.2292470932, "median": 12.6475925446, "min": 2.06864094734, "dvar2": 32.9686164856, "dvar": 12.0683927536, "dmean": 4.21259021759, "max": 35.0000686646, "var": 31.661781311, "mean": 13.3752384186}, "spectral_kurtosis": {"dmean2": 3.73397707939, "median": 6.10780334473, "min": -1.18808841705, "dvar2": 13.2018823624, "dvar": 4.22190523148, "dmean": 2.13315558434, "max": 27.3066120148, "var": 10.2592897415, "mean": 6.59631156921}, "spectral_rms": {"dmean2": 0.00210300809704, "median": 0.0046607721597, "min": 3.24020259408e-12, "dvar2": 9.76681894826e-06, "dvar": 3.48041385223e-06, "dmean": 0.00122461677529, "max": 0.0169348288327, "var": 5.09908386448e-06, "mean": 0.0049038422294}, "zerocrossingrate": {"dmean2": 0.00853788014501, "median": 0.04833984375, "min": 0.0048828125, "dvar2": 8.05481904536e-05, "dvar": 6.17785190116e-05, "dmean": 0.0064682578668, "max": 0.49267578125, "var": 0.000808334560134, "mean": 0.0515216104686}, "silence_rate_60dB": {"dmean2": 0.0146977771074, "median": 0, "min": 0, "dvar2": 0.0179701969028, "dvar": 0.007293661125, "dmean": 0.00734821334481, "max": 1, "var": 0.038099873811, "mean": 0.039676707238}, "erbbands_kurtosis": {"dmean2": 1.45063090324, "median": 0.547189116478, "min": -1.78724193573, "dvar2": 2.22371292114, "dvar": 0.832061290741, "dmean": 0.869842767715, "max": 18.0757808685, "var": 2.47408533096, "mean": 0.907608032227}, "erbbands": {"dmean2": [0.415457248688, 5.35621881485, 10.3574934006, 3.92050719261, 4.80098772049, 6.00942850113, 4.10545063019, 4.96378326416, 16.7583179474, 22.8973789215, 30.5316867828, 38.5828285217, 32.5743560791, 28.8723907471, 40.575553894, 46.1370277405, 71.8281478882, 36.1446990967, 34.9410247803, 25.6942920685, 30.0662174225, 36.1183815002, 22.2078399658, 18.6205368042, 11.7008371353, 3.41626358032, 2.91288971901, 2.20663094521, 1.69193911552, 1.31117224693, 0.926411509514, 0.562733530998, 0.328469634056, 0.193380147219, 0.113496862352, 0.0253024287522, 0.00401495490223, 0.000876766513102, 5.59973923373e-05, 3.28860296577e-05], "median": [0.0653405338526, 0.877915620804, 1.8562233448, 1.24231743813, 1.87880182266, 3.00924491882, 2.38643527031, 3.18771219254, 7.34659862518, 8.83210277557, 12.4947471619, 18.6818675995, 9.75075721741, 19.4717502594, 26.2450714111, 30.7888126373, 45.4430503845, 22.4970264435, 17.1440696716, 12.420129776, 14.9404592514, 15.1000766754, 10.5157356262, 10.5281963348, 6.63086795807, 2.22428750992, 0.906717479229, 0.559669852257, 0.590751051903, 0.63756608963, 0.464271187782, 0.354296147823, 0.115364611149, 0.0359237380326, 0.0191899128258, 0.004571007099, 0.000458670663647, 3.01969430438e-05, 1.47127830132e-05, 2.71814988082e-05], "min": [7.19827775758e-22, 9.28478248966e-21, 5.66326686069e-20, 1.32159770916e-19, 4.2105441577e-20, 2.22143101663e-19, 3.2639706866e-19, 4.97685519854e-19, 6.41342338728e-19, 1.78544949986e-18, 1.41924878447e-18, 1.07646110612e-18, 1.22274106981e-18, 2.71434003374e-18, 5.72519371139e-18, 7.54667064924e-18, 1.10740773195e-17, 9.81042327624e-18, 4.64591243637e-18, 5.53204621118e-18, 5.41669546117e-18, 8.29062200292e-18, 1.0780134553e-17, 1.32261481561e-17, 1.63378643086e-17, 1.13786452211e-17, 1.37222373208e-17, 1.73185646797e-17, 2.06820696476e-17, 1.76773592335e-17, 1.89630675663e-17, 2.05948682674e-17, 1.35216369233e-17, 1.10198440499e-17, 8.39491210737e-18, 5.86679793328e-18, 3.21888877453e-18, 1.16916530532e-18, 2.35107270759e-19, 3.92554586311e-20], "dvar2": [0.650175750256, 147.562271118, 520.880249023, 58.1471138, 61.7149276733, 59.9264640808, 35.9754371643, 68.2215652466, 1007.49163818, 2820.89282227, 5511.03710938, 5095.52636719, 8234.19433594, 2752.87426758, 4863.140625, 7749.45068359, 13578.1845703, 4340.87939453, 5101.40087891, 2399.41796875, 3488.6315918, 6134.02832031, 1860.91088867, 1142.73364258, 603.166748047, 60.5037651062, 139.490783691, 72.9203338623, 38.1337852478, 21.3326473236, 9.05994224548, 4.28781890869, 2.98397779465, 2.07342815399, 0.22906114161, 0.0293287970126, 0.0003238171048, 9.52085247263e-06, 4.30193658474e-08, 4.0404026791e-09], "dvar": [0.204723358154, 51.1418151855, 186.458190918, 20.2929592133, 21.0405540466, 21.4788913727, 12.6171226501, 23.8833866119, 349.099365234, 1040.01403809, 1969.21984863, 1823.22509766, 3134.46899414, 1054.67907715, 1839.19018555, 2846.01879883, 4922.75585938, 1634.10375977, 1942.93823242, 893.009399414, 1211.89147949, 2065.47290039, 643.355773926, 432.891937256, 222.992416382, 23.7339630127, 49.299331665, 26.3379058838, 15.1681079865, 9.0181055069, 3.68692064285, 1.76926040649, 1.32666301727, 0.872202277184, 0.110000893474, 0.0134346913546, 0.000158092414495, 3.41859458786e-06, 1.55043107242e-08, 1.43154443855e-09], "dmean": [0.22995133698, 2.92936468124, 5.74971246719, 2.19251441956, 2.7440764904, 3.49812746048, 2.41324448586, 2.97157454491, 9.85411739349, 13.5539035797, 17.8742084503, 23.1655921936, 19.7437171936, 17.4170227051, 24.2939453125, 27.4128036499, 41.8488006592, 21.5810985565, 20.7808914185, 15.1300907135, 17.3543682098, 20.7198429108, 12.9174871445, 11.1097192764, 6.92299938202, 2.01152563095, 1.64200282097, 1.24735462666, 1.0204334259, 0.80907702446, 0.555386066437, 0.346407592297, 0.212085410953, 0.125541478395, 0.0709300935268, 0.0164657607675, 0.00248677493073, 0.000480207469082, 3.17938029184e-05, 1.87333662325e-05], "max": [3.32415390015, 57.8520126343, 121.357810974, 65.9408874512, 56.834312439, 78.0440216064, 64.4870452881, 116.741004944, 395.817993164, 732.536560059, 1048.79870605, 1079.66687012, 1311.1484375, 911.766967773, 1817.58435059, 1420.7166748, 1998.62023926, 916.205566406, 1625.74584961, 733.759155273, 579.013671875, 1355.28405762, 651.702819824, 448.975891113, 406.534851074, 138.035400391, 147.167556763, 171.231002808, 119.931907654, 110.846633911, 74.838722229, 44.8787536621, 58.149772644, 73.2409286499, 17.0565986633, 9.03678321838, 0.649078547955, 0.0385873429477, 0.00177765497938, 0.000321084517054], "var": [0.1813108325, 33.1805763245, 123.863563538, 16.068605423, 22.3176822662, 32.5774230957, 18.2324123383, 47.264377594, 538.833129883, 1710.78161621, 3120.60205078, 3173.57446289, 6564.67871094, 2763.24609375, 4355.81445312, 6145.72753906, 9309.77636719, 4607.70507812, 5423.21533203, 2294.03930664, 3219.30664062, 5636.36035156, 2264.25683594, 1519.28942871, 621.85357666, 66.0555648804, 48.1899452209, 32.131980896, 27.1121082306, 20.6080913544, 8.56976032257, 5.14508247375, 4.12745380402, 1.95813548565, 0.340986281633, 0.0341316834092, 0.00041654065717, 2.80426502286e-06, 1.05624851088e-08, 1.31088906397e-09], "mean": [0.234488084912, 2.46792054176, 5.06711530685, 2.4176568985, 3.46520924568, 4.85142421722, 3.71169877052, 5.26659584045, 14.8109502792, 20.7742023468, 27.9838104248, 36.8948516846, 34.0372924805, 33.5794525146, 45.0470123291, 54.1206359863, 74.9355773926, 46.6316566467, 43.4054222107, 30.9836711884, 39.31798172, 47.9026489258, 31.9501457214, 26.3604221344, 16.2495937347, 5.07584190369, 2.87405443192, 2.06737828255, 1.88180470467, 1.65325450897, 1.11236870289, 0.778739511967, 0.440857708454, 0.230625078082, 0.120257608593, 0.0307172518224, 0.00396235194057, 0.000413466768805, 3.58287834388e-05, 3.6033874494e-05]}, "spectral_strongpeak": {"dmean2": 1.05794620514, "median": 0.316225707531, "min": 0, "dvar2": 2.29819202423, "dvar": 0.833730340004, "dmean": 0.600692927837, "max": 12.1070680618, "var": 1.21766889095, "mean": 0.782595396042}, "spectral_energy": {"dmean2": 0.0295008104295, "median": 0.0222658645362, "min": 1.07613855092e-20, "dvar2": 0.00343575398438, "dvar": 0.00119291513693, "dmean": 0.0166261103004, "max": 0.293958157301, "var": 0.000994788482785, "mean": 0.0298751983792}, "average_loudness": 0.929807364941, "spectral_rolloff": {"dmean2": 682.464233398, "median": 1313.52539062, "min": 64.599609375, "dvar2": 854666.25, "dvar": 339742.625, "dmean": 390.034820557, "max": 19250.6835938, "var": 1361755.75, "mean": 1496.52624512}, "spectral_centroid": {"dmean2": 355.022705078, "median": 1363.12390137, "min": 184.947540283, "dvar2": 147637.65625, "dvar": 56274.6289062, "dmean": 208.327438354, "max": 10803.9755859, "var": 279580.84375, "mean": 1419.94384766}, "pitch_salience": {"dmean2": 0.17139069736, "median": 0.565136194229, "min": 0.0740952342749, "dvar2": 0.024284241721, "dvar": 0.00856473483145, "dmean": 0.099619589746, "max": 0.82860904932, "var": 0.0179208517075, "mean": 0.542179226875}, "spectral_energyband_middle_high": {"dmean2": 0.00386584876105, "median": 0.00619237404317, "min": 1.76135085772e-21, "dvar2": 2.63063593593e-05, "dvar": 1.02563153632e-05, "dmean": 0.00235249660909, "max": 0.0619947724044, "var": 6.68699212838e-05, "mean": 0.00882116891444}, "spectral_contrast_coeffs": {"dmean2": [0.092177040875, 0.0824786424637, 0.0631080269814, 0.0494953617454, 0.0346238426864, 0.022558003664], "median": [-0.704729855061, -0.766884207726, -0.786111831665, -0.788930952549, -0.781864583492, -0.772781729698], "min": [-0.966346085072, -0.959902703762, -0.964996874332, -0.955760240555, -0.957845687866, -0.962265491486], "dvar2": [0.00495791109279, 0.0041403863579, 0.00239157676697, 0.00151916849427, 0.000773085223045, 0.000393754889956], "dvar": [0.00175271660555, 0.00145706348121, 0.000831194221973, 0.000536241626833, 0.000284415844362, 0.000153689441504], "dmean": [0.0543473511934, 0.0485239177942, 0.037214871496, 0.0291740484536, 0.0204780902714, 0.0135183576494], "max": [-0.455873131752, -0.484857529402, -0.554544627666, -0.579954266548, -0.542194902897, -0.652949512005], "var": [0.00344592379406, 0.00420358544216, 0.00284328614362, 0.0022129912395, 0.00334452558309, 0.00172409764491], "mean": [-0.702098608017, -0.761803030968, -0.78213506937, -0.786221444607, -0.769917547703, -0.771126925945]}, "melbands_skewness": {"dmean2": 1.64014792442, "median": 1.39593589306, "min": -1.04128527641, "dvar2": 4.59695625305, "dvar": 1.63016617298, "dmean": 0.959912121296, "max": 14.5402021408, "var": 3.62118983269, "mean": 1.92287039757}, "spectral_spread": {"dmean2": 387553.0625, "median": 2925245.5, "min": 1310610.5, "dvar2": 348207316992, "dvar": 215429939200, "dmean": 243931.921875, "max": 40710996, "var": 1334535258110.0, "mean": 3094478.5}, "dissonance": {"dmean2": 0.0262452792376, "median": 0.48186480999, "min": 0.318339526653, "dvar2": 0.000713143323082, "dvar": 0.000244221650064, "dmean": 0.0151699176058, "max": 0.5, "var": 0.000410166976508, "mean": 0.476225495338}, "spectral_skewness": {"dmean2": 0.374288827181, "median": 1.72071480751, "min": 0.0353636555374, "dvar2": 0.111420914531, "dvar": 0.0373186431825, "dmean": 0.217717751861, "max": 3.70058107376, "var": 0.188388571143, "mean": 1.72050452232}, "spectral_flux": {"dmean2": 0.051249884069, "median": 0.0897137671709, "min": 1.03737095303e-10, "dvar2": 0.00561258057132, "dvar": 0.0026872837916, "dmean": 0.031080763787, "max": 0.480560988188, "var": 0.00433586351573, "mean": 0.102991007268}, "spectral_contrast_valleys": {"dmean2": [0.750263631344, 0.540780305862, 0.434262245893, 0.37926247716, 0.330574154854, 0.28382062912], "median": [-6.95710229874, -6.51847314835, -6.7163438797, -6.97452688217, -7.51598548889, -10.6857852936], "min": [-27.434671402, -26.9382419586, -27.25730896, -27.2233028412, -27.3001670837, -27.1641387939], "dvar2": [0.359244674444, 0.192337706685, 0.132323339581, 0.129964575171, 0.187530592084, 0.202400520444], "dvar": [0.14692799747, 0.0801986008883, 0.0594431422651, 0.0610782690346, 0.0850475952029, 0.0911035761237], "dmean": [0.437416136265, 0.317434281111, 0.256318688393, 0.226070448756, 0.196604654193, 0.178869247437], "max": [-5.18332624435, -4.96389627457, -4.89927053452, -5.29628324509, -5.42065811157, -7.64141607285], "var": [0.895844042301, 0.977507948875, 1.03501188755, 1.0844796896, 1.10140156746, 1.1062990427], "mean": [-7.05633401871, -6.67613506317, -6.86945438385, -7.12252092361, -7.56933450699, -10.7885446548]}, "erbbands_flatness_db": {"dmean2": 0.0251729153097, "median": 0.192279025912, "min": 0.0361040048301, "dvar2": 0.000589172821492, "dvar": 0.000239606291871, "dmean": 0.0155392801389, "max": 0.303715705872, "var": 0.00134402757976, "mean": 0.190647140145}, "spectral_energyband_high": {"dmean2": 0.000180942952284, "median": 9.68103704508e-05, "min": 7.35991704837e-21, "dvar2": 4.06692464594e-07, "dvar": 1.62316538876e-07, "dmean": 0.000110534201667, "max": 0.0106668025255, "var": 3.36784552246e-07, "mean": 0.000251020450378}, "spectral_entropy": {"dmean2": 0.191488310695, "median": 7.550116539, "min": 6.46684169769, "dvar2": 0.0523853264749, "dvar": 0.0176431331784, "dmean": 0.113043412566, "max": 9.80246925354, "var": 0.0707671269774, "mean": 7.56269168854}, "silence_rate_20dB": {"dmean2": 0, "median": 1, "min": 1, "dvar2": 0, "dvar": 0, "dmean": 0, "max": 1, "var": 0, "mean": 1}, "melbands_flatness_db": {"dmean2": 0.0604120269418, "median": 0.195592150092, "min": 0.0057712062262, "dvar2": 0.00478048343211, "dvar": 0.00158614164684, "dmean": 0.0348537564278, "max": 0.522527456284, "var": 0.00394074805081, "mean": 0.206938758492}, "barkbands": {"dmean2": [0.000291355798254, 0.0210894811898, 0.00714627234265, 0.00105482910294, 0.00154089694843, 0.000605555542279, 0.00130057591014, 0.00140777719207, 0.00153827213217, 0.00111387379002, 0.00100787426345, 0.00112148537301, 0.00152527808677, 0.000902153493371, 0.00051427714061, 0.000562060915399, 0.000722477736417, 0.000372243492166, 0.000344668718753, 7.28896993678e-05, 6.3326304371e-05, 4.40113690274e-05, 3.52252827724e-05, 2.19090652536e-05, 1.58235088747e-05, 3.40412543665e-06, 3.31412564947e-07], "median": [3.6890800402e-05, 0.00376168638468, 0.00127778819297, 0.000307651876938, 0.000829991651699, 0.000346600572811, 0.000587062677369, 0.000393208058085, 0.000700172269717, 0.000427285325713, 0.000551018398255, 0.000619020254817, 0.00089423393365, 0.000398841308197, 0.000234043312958, 0.000248648313573, 0.000268093921477, 0.000179087335709, 0.000185594035429, 4.31961161667e-05, 1.57421145559e-05, 1.75692366611e-05, 1.72577965714e-05, 1.14305894385e-05, 2.92550566883e-06, 4.71630556831e-07, 2.03738759197e-09], "min": [1.23761200422e-23, 3.35058130311e-23, 6.48533657344e-23, 3.81369819028e-23, 5.44578766322e-23, 5.38481376396e-23, 4.31874650555e-23, 9.86906959832e-23, 4.64791796646e-23, 4.42314151785e-23, 1.3614649965e-22, 1.61261975471e-22, 2.40551609367e-22, 1.8243943241e-22, 8.39516882498e-23, 1.09132506998e-22, 1.41602350023e-22, 1.78636491758e-22, 3.21447313579e-22, 2.6004162341e-22, 3.81955671313e-22, 5.91134345588e-22, 6.86552133406e-22, 8.50523928128e-22, 1.13874871178e-21, 1.69426138055e-21, 2.28025159573e-21], "dvar2": [3.96309957296e-07, 0.00213492684998, 0.000222283531912, 3.25988389704e-06, 4.45798832516e-06, 9.52082245931e-07, 5.85202451475e-06, 1.08052863652e-05, 8.13270253275e-06, 7.4084505286e-06, 2.96526218335e-06, 4.38025608673e-06, 6.13350539425e-06, 2.97779888569e-06, 1.15575073778e-06, 1.24011080516e-06, 2.66535971605e-06, 4.29553409731e-07, 4.50292787946e-07, 2.32385293231e-08, 6.60319940948e-08, 2.48254394819e-08, 1.3547620803e-08, 9.83943237998e-09, 7.3440182824e-09, 5.08098840779e-10, 1.82724581993e-12], "dvar": [2.41735790496e-07, 0.000722863362171, 7.94389125076e-05, 1.12757163606e-06, 1.56072383106e-06, 3.28937460381e-07, 2.09653308048e-06, 3.86019428333e-06, 2.9650993838e-06, 2.85391206489e-06, 1.14406111607e-06, 1.63247273122e-06, 2.22580774789e-06, 1.08143649413e-06, 4.32723027188e-07, 4.31317715766e-07, 8.76616638834e-07, 1.58001668638e-07, 1.65341859315e-07, 9.28611143536e-09, 2.33045032161e-08, 1.02788471068e-08, 5.46493250653e-09, 4.23742507749e-09, 3.42883788029e-09, 2.16510767648e-10, 6.39197408111e-13], "dmean": [0.000261223467533, 0.0115393744782, 0.00396219454706, 0.000587873510085, 0.000896347686648, 0.000360138772521, 0.000769209349528, 0.000818732427433, 0.000927578425035, 0.000673210655805, 0.000601357722189, 0.000667677668389, 0.00089122535428, 0.000534689112101, 0.00029990990879, 0.000322941748891, 0.000413330533775, 0.000218567816773, 0.000204506548471, 4.34706016677e-05, 3.52738388756e-05, 2.72421002592e-05, 2.12430222746e-05, 1.37675779115e-05, 1.0230339285e-05, 2.15899285649e-06, 1.74842625711e-07], "max": [0.00495001114905, 0.219153732061, 0.104774460196, 0.016073025763, 0.0201393179595, 0.0132122412324, 0.0397943928838, 0.0392588563263, 0.0354217328131, 0.0454881004989, 0.048746664077, 0.0293735619634, 0.0434249080718, 0.0218709819019, 0.0254121404141, 0.016562929377, 0.0306693594903, 0.00550657790154, 0.00834036525339, 0.00256875203922, 0.00347023666836, 0.00343656842597, 0.00267236772925, 0.0027446844615, 0.00431528221816, 0.00114554807078, 1.22362062029e-05], "var": [6.79688241689e-07, 0.000488386955112, 5.38602398592e-05, 9.86824375104e-07, 2.36044479607e-06, 5.87840531807e-07, 3.41824716088e-06, 6.10823462921e-06, 5.56040959054e-06, 6.35017204331e-06, 2.74087574326e-06, 3.62806758858e-06, 4.15490421801e-06, 2.62686648966e-06, 1.12830412036e-06, 1.00262411706e-06, 2.06596610042e-06, 4.93546224334e-07, 5.10817130817e-07, 2.95527033956e-08, 2.38165167588e-08, 2.13164401686e-08, 1.20182477303e-08, 1.32242350404e-08, 9.82493553181e-09, 4.71823635717e-10, 3.72216092583e-13], "mean": [0.000395181996282, 0.0103597734123, 0.00345881702378, 0.000616679084487, 0.00133276951965, 0.00058