{"tonal": {"thpcp": [1, 0.900175273418, 0.489576101303, 0.283227622509, 0.233305722475, 0.336740881205, 0.685490906239, 0.762842535973, 0.464951127768, 0.339826107025, 0.355215013027, 0.453367382288, 0.669051826, 0.672063112259, 0.542580187321, 0.70410913229, 0.709671199322, 0.424159556627, 0.325368791819, 0.316519171, 0.406459003687, 0.732182383537, 0.717574357986, 0.356511890888, 0.193139135838, 0.164568349719, 0.248029798269, 0.502097785473, 0.578526616096, 0.436462253332, 0.423451960087, 0.393926799297, 0.37884581089, 0.48586550355, 0.568698823452, 0.725288808346], "hpcp": {"dmean2": [0.283253490925, 0.251484513283, 0.275677412748, 0.267027974129, 0.20920202136, 0.180561169982, 0.177919879556, 0.207468032837, 0.280064970255, 0.27872505784, 0.183675035834, 0.126858383417, 0.112015806139, 0.132051438093, 0.205174595118, 0.235639408231, 0.210435450077, 0.197359547019, 0.189747527242, 0.202088847756, 0.242719560862, 0.291361987591, 0.354021072388, 0.390001505613, 0.326274722815, 0.23416647315, 0.178607150912, 0.156699120998, 0.184270292521, 0.253410428762, 0.267900109291, 0.2014233917, 0.17876303196, 0.195353314281, 0.225987747312, 0.278722912073], "median": [0.0709208101034, 0.0680783912539, 0.0864840894938, 0.0787183046341, 0.0492944121361, 0.0298576280475, 0.0260261408985, 0.0411988273263, 0.0934096053243, 0.094106554985, 0.0420585647225, 0.0161994509399, 0.0135372336954, 0.0244914516807, 0.0615093931556, 0.0774636119604, 0.0577591210604, 0.0398402437568, 0.0336378850043, 0.0366885997355, 0.0424969121814, 0.0523333773017, 0.0839359909296, 0.158937573433, 0.126433074474, 0.0473487004638, 0.0210786312819, 0.0161008164287, 0.0303724557161, 0.0768358409405, 0.0891772955656, 0.052843824029, 0.0275894999504, 0.0262623541057, 0.0433881171048, 0.0715420171618], "min": [0, 0, 0, 0, 0, 0, 0, 0, 0, 0, 0, 0, 0, 0, 0, 0, 0, 0, 0, 0, 0, 0, 0, 0, 0, 0, 0, 0, 0, 0, 0, 0, 0, 0, 0, 0], "dvar2": [0.129384964705, 0.106209620833, 0.118053808808, 0.118933148682, 0.0894073396921, 0.0854110792279, 0.0915934592485, 0.097977027297, 0.117094777524, 0.116393856704, 0.0729755759239, 0.0606128647923, 0.0516435615718, 0.0500196777284, 0.0845977216959, 0.0968031287193, 0.0878908187151, 0.0951146632433, 0.0919435545802, 0.0981521680951, 0.118849143386, 0.147740751505, 0.166392505169, 0.166888967156, 0.130935236812, 0.106158465147, 0.0924773439765, 0.0818624868989, 0.0879818946123, 0.109494768083, 0.112557761371, 0.0810688659549, 0.0828070193529, 0.0980208516121, 0.110057748854, 0.123835198581], "dvar": [0.0522987321019, 0.0401728861034, 0.0467937327921, 0.0489309169352, 0.0333136431873, 0.0318738184869, 0.0341119170189, 0.0357318148017, 0.0485523678362, 0.046735778451, 0.0275737978518, 0.0216980520636, 0.0184718389064, 0.0189730916172, 0.0336501449347, 0.0385241881013, 0.0322979167104, 0.0353185608983, 0.0336015596986, 0.0363475047052, 0.045404471457, 0.0569932647049, 0.0698371306062, 0.0656263232231, 0.0505939796567, 0.0402255468071, 0.0340416766703, 0.0300427619368, 0.033006798476, 0.0441764965653, 0.0460445545614, 0.0322490260005, 0.0319097898901, 0.0372204333544, 0.0418378300965, 0.0501076728106], "dmean": [0.165057525039, 0.143664032221, 0.160491704941, 0.155439555645, 0.119696773589, 0.101693958044, 0.100066542625, 0.118398033082, 0.162986665964, 0.164514750242, 0.104785352945, 0.0699391886592, 0.0613309592009, 0.075267739594, 0.121989779174, 0.140039920807, 0.120948202908, 0.113146357238, 0.107629239559, 0.114882670343, 0.138918921351, 0.168036013842, 0.204358682036, 0.226220354438, 0.189754784107, 0.134757608175, 0.100089564919, 0.0869906097651, 0.106017358601, 0.148793309927, 0.157397627831, 0.118050150573, 0.101601742208, 0.109813295305, 0.130732044578, 0.163802593946], "max": [1, 1, 1, 1, 1, 1, 1, 1, 1, 1, 1, 1, 1, 1, 1, 1, 1, 1, 1, 1, 1, 1, 1, 1, 1, 1, 1, 1, 1, 1, 1, 1, 1, 1, 1, 1], "var": [0.079134568572, 0.0510864928365, 0.0770318582654, 0.0855340957642, 0.0370936840773, 0.0329300686717, 0.0341053791344, 0.0374385714531, 0.0836736485362, 0.0771608650684, 0.0291011109948, 0.0162292420864, 0.0131245991215, 0.0189425330609, 0.0481656454504, 0.0557404458523, 0.0346359834075, 0.0469658002257, 0.0425665862858, 0.0379696562886, 0.0552368834615, 0.0656656697392, 0.0848032534122, 0.107392385602, 0.0981809869409, 0.051970385015, 0.0288087446243, 0.023235809058, 0.0325996689498, 0.0789609402418, 0.0892008394003, 0.0454841069877, 0.0374270230532, 0.0411478020251, 0.0480782575905, 0.0773572027683], "mean": [0.204867437482, 0.165396675467, 0.214636132121, 0.216331645846, 0.129298090935, 0.0991833508015, 0.0964856892824, 0.123902373016, 0.22319380939, 0.218740791082, 0.108676806092, 0.0588753037155, 0.0501659661531, 0.0756078213453, 0.153056278825, 0.176354363561, 0.133048370481, 0.129082396626, 0.120082132518, 0.115484938025, 0.148108139634, 0.173358529806, 0.221092417836, 0.304833620787, 0.274403691292, 0.149239256978, 0.0863373056054, 0.071119427681, 0.10264994204, 0.208960667253, 0.232540056109, 0.141732737422, 0.103590421379, 0.108281478286, 0.138201624155, 0.20394949615]}, "tuning_equal_tempered_deviation": 0.142239615321, "chords_changes_rate": 0.0957555174828, "key_key": "A", "tuning_diatonic_strength": 0.733646571636, "key_scale": "major", "chords_number_rate": 0.00305602722801, "tuning_frequency": 441.272583008, "tuning_nontempered_energy_ratio": 0.86247086525, "chords_histogram": [10.4923601151, 3.49745321274, 16.4006786346, 2.78438019753, 2.63157892227, 0.0169779285789, 0.475382000208, 0.0339558571577, 0, 0.288624793291, 1.29032254219, 0.73005092144, 4.34634971619, 2.34295415878, 10.6960954666, 8.8624792099, 6.43463516235, 6.91001701355, 7.62308979034, 2.98811554909, 3.02207136154, 1.73174870014, 2.9371817112, 3.46349740028], "key_strength": 0.797203481197, "chords_key": "E", "chords_strength": {"dmean2": 0.0134028857574, "median": 0.517003417015, "min": 0.253751963377, "dvar2": 0.0001430313132, "dvar": 0.000107225438114, "dmean": 0.0125334784389, "max": 0.812143564224, "var": 0.00969670340419, "mean": 0.520120859146}, "chords_scale": "major", "hpcp_entropy": {"dmean2": 1.1064261198, "median": 2.13066530228, "min": 0, "dvar2": 0.788583099842, "dvar": 0.287773191929, "dmean": 0.656020104885, "max": 4.75086021423, "var": 0.594147086143, "mean": 2.15068364143}}, "metadata": {"audio_properties": {"equal_loudness": 0, "codec": "mp3", "downmix": "mix", "sample_rate": 44100, "analysis_sample_rate": 44100, "bit_rate": 128000, "md5_encoded": "5a9e8302dd5a0f9036041677ac8df25e", "length": 273.449798584, "replay_gain": -4.97993659973, "lossless": false}, "version": {"essentia_build_sha": "2d9f1f26377add8aeb1075a9c2973f962c4f09fd", "essentia": "2.1-beta2", "extractor": "music 1.0", "essentia_git_sha": "v2.1_beta2-1-ge3940c0"}, "tags": {"title": ["Don't Want to Live Without It"], "acoustid_fingerprint": ["AQADtJkSRWGiSBP0GyfCjEefZMd5NPJwEh5qBX0DT6KTwGfUoU8wGlZxVXiSgWmkNbiPWBXcE52SHH-TgK-E8kXTq7gSHX8TNAdjZR2-HPontIero1-CMzlRLXoKLTyuHvm0ZWjCo8d_lE-H54g8qYNu2AmPkrRx5URIMnCVo1yKK3qRn-gPUZMe9K6wu8KXyGiO4h_xfNAjK0MPUzlqZdDRFz7q45mMb0eTPWCsBxcrXDyqw8qLvhdO0VBVXfgUNEl7MN7x42LQRodooX_x6ah8pD06pg_uJvjRcOiJm8WrIZeO9oUYR0f4D_-C8IV_9FAfPN2D8J3gI_zxD-_QVCWqspDb4tk4xD-ad6iVXLjCH7mDPjLEIzab4esavJ7g40Sfo_ojpDpxdWB-Dbq14UOne0GqlmDGZI2EXA9-lOyh5ceV87iWXEH4FH6Onvgu_Bv6yHAyB31G5Ax3PGOh_UGYZ8d14o2DK0eYX-gh94hZcfhxfjhsSRV-xI_RSUXzQP2HvoS5ok_WCddRPcfR7AEXRaWgH43xoyuPXCjHHOZuOMYfpGLyrVBNDSxr2MmOPsaP6hCvowtxRXoCVY-IPmHgq9B-_AquH2GSY-qx54jFdRH6GuKoHX1m_B-0px0cMUHXhkN8pRqeIyQTsfC6Q_uFMw7uhgglK0ej78jj46kq_EdfKWiizkQ-XcLZCJUzD77R9mCXI8xDaF-PHNypwUq2F-_xH82XD1lulD1EjseusEZDBc_x44oofOphHTof3EOYycR5_IfHIsUvqNK8oZE-fDqadYF2tPuRbgnOFGEqTiim_IJ-NEd49A-af7g-XEL-4pdDQaeGHo3xUFTwb9CSo0cuA_1iROP84ip0Hj5D5BKeZsfNwDxqkQvu48eUSyp6VXgqodrhfQrywM3BWD0uJsd3NOYJxg6-o0ejQz-qxRvOSPCP6TveVyhvI_2OqdNxp0XvlqAqVI6OXEiOSlKVBbbyGRPJEzd-NFJGI5Ja6JJ3hDwcLyG6Hr9G4RfiKDq012geicjH48ebNAjFaUMj7XjnQ0-moi9cLUcZPtB5CT2-GP5yhFRx7cN7hWjcoF12_MVPhLrQKGSOt9AXTUKpQ6yboXLxJbOG60ET6UGPP3jmBGV2PHCn4BqPTvmKkIfxYJb2IJWUXKhdQy9OxUKvS7jx32ioUDiVH-UTuNQxPZOOUkqE7_ATdNulBS_U43iTJ2iVH65Z9A5-4uphH--Nr8hvNBWqaiyu5cGLhutR2UTepFGRmDr-HE1MlL2I56idaWh4IVcH_XiYzGhyEb3wJDNOMOYHVyzOo2qNu-DR2ARjRdCPF5nCKWVx4zKqjWgiKTnQPDvCjxc0Hbmuo1Wu4CP8CT_ONMg7C18abci1x6gM80bJRMG-HNeOp9mD37hq9CO8KF9REsfFEielIu0mKEf5IxN9zFYqPPB-1FuOR7pU9O7RHLdCET_y5RKq7dCPtEdf_Bd6_MdX_PgxmTs-B08WCv1khPnxjeB-BXKbBs1XMPKCL8iL9_hFYTqPa7rgH10e4luMJOKD5rjCEvmFo8sZ-JLxg0mPC3eIP2jGnEFfXCyON0eTKz3KycFv3MhzQXsYHT6FWjvasTGoWBO6I-bBUxoaKvpRfTk-5BeqxIoDPSPS83i7BUe-4VCOX8J_vKlRQ39xvCh5nC-ac0F-oEdzehg_owuRZs7RM4ZUHf_QjEQf4-MaPNKPvob4ZCgl4vOFPxaajkX8IhUvOMcL_ejB4MsgRszxH022R8h1C88u1GjiGL_x6HhTYXoe4frQdI6G_PgHRVfQ_MJzorwCRxzC455x1mhiU-jF4bSQH1q3BGHG8Mcb4uMSNMmUBT3y7NC-pPBR_8UjPTKeHIpEV4OPXEMv4sa5J0N74QzxH82FR-OPXxMRieQDLQ9yHn_QOLnQa_iY4_3wykIYRiF6_BGYhGLQLhfOcsJDaPnRBy8aaVkIXkKYM7gyLujRuJlw70L_IqVCaJ6El0d8D3_QpyMRpjtOPYFehKKyh2gS5rj4o30jNDtO5M2hamGKN0eoEz6DPkcenA_RVIc2fKKaIFce1PrQnLjCEr9QXgya50auSXgpnMrR6YZbQXt4XLkGPniioVYUMHEs4Y4H-UFTZQ9a5RG-E9opeMwSXGNRlS2u4z-6KWSghXrA68Y_dOWG5sJ_nMqR68IdCn_Ro2F0vDWe3XhFhGSUFOKPJzt8lLlwW0GfMcPWaRfKNcd3tPvgvYFG9jindEGuJMfFK-jRDF814RciUgfD7mgkJ8V1XJeQbs1wImeOkl8OP4e-ZDnaycTFG6Ef-AilpR-uC2eOH2HyXOh3PHrQ7OjxH0-RTFtMxHmFW-gfnHmEBn3D4z8eHc3CD-GF2jlS1znKvsh1OM-hZ0a-ZRSacsf0oReapNkQUy005BFTHEezY6QSxGGWQqOojMiP_sGPKyyeBMmUKwiTV3gePMU-HpcyK0XjMBFq5bh0fBLCpEI3EVpyI_xV7Dq8F_SKWTauHc1TFD8eHT-aB7F1WDmcGy2XH_nR7CjiQ299hNF1VPuLW8eFh0FT9yiu4zuFUA0PZYqoRBzxI_yS49wHljpuEf0TNPksY50vhFKqKEiWFRf2B_eDR0KXoEm_48vwo3lQLhqeZ2h2otdxXDUqZ7DOo9Kk8PiORwx-hBy08EG-a8EfNM-C7jmO6-iPTB0raKeRP2gYHW9yeDJ8HvnxQ1IV4oL3kPhy4ZIgSccfD1eEl8g_ol8AQAwDQCIAgACICMOIUAoIQoQihhjAhDAAICCUEEQI4yAQDCFBBCEGCAMRUAYx5RVwSiDFFAJSCAAEFYQxawhBwjiAHJHIEiOIMIowAQQEQghhkLHGGCUMEIZgAQQFxgAjAREOCCUIQEQIAoQCQBCEgBAIGCaAQ0YhApRgzCgBGjEIGAUIM8BRIAEQnAhggEEIAEKEAIAIRZRBBAhDABAGAACUgYAwBAwiRAADBAECEQMEMkYQAgQQQhkhKHAEAiIAEgYAYJhRxCgEmADKICYQMAQoIoRQ0hgAqCMCGQEMAMArgRwgQAjPBDBCCQe0UYYgIgAAggABgARcCAQkEU4R4QgCgAgJkCLEMIiAwEwAYQAhzBDoBBCMCIc4EcxQAIyzACAjAEUAACKYAgQwCwAyQgDFhEGOMYGAQcACA4gARCFspABQKSacYQwhS6VBgAgrACICMGSEEAYYxwAQwCACSBTGCcGIAAQIoYAAgigEjACAcAEMAxYiwBQAEAFCEGLOAAEAIRQAZpEyAAnglFPGAcCAEIIwYxUBAAmiiCDAMMIQIIoZL5ABAglADBAKKYaAAAIwKBgQSAAAABEGIUe0YkQQRwRQgBnBgBBIMsMMA4YZpAQBTEAAgAMLCAwEEcBQAygRjAGjIACCACEIYoYoIwATFhAiKFBCAYCsAEYIZZACgAhJDCEASGqIMEYCpABgwAglDFICAKGAAUAgoCVyggimEFHAAAOYcQIYgghByBENABAGKCYAIwIARIQAABggiCHQIEaAY0QAYQQQRCgsBCMGDAMIIcgJIggVRhBCAAGGCAWkAARAAxABxBPsimIKGIEMIA5SIIhhDlkklCAKIOsUlMAKawAwxgAAABGAQKQACEgIwIUwQiKBgEEEAcIEcQYAhpRRzBgjGKCOAAOABIIggxQQQGCAAKFACjAMAQQYpAwgAA"], "date": ["1978"], "genre": ["Rock"], "musicbrainz album type": ["Album"], "musicip_puid": ["b3814d7b-80bd-5adc-7675-bf682cbd974d"], "musicbrainz_recordingid": ["0759dab7-b566-4c83-8801-0bc2485c7edf"], "musicbrainz_albumartistid": ["c24f87ef-72f9-4488-9dbd-63601322edba"], "musicbrainz_albumid": ["c648a80f-bf81-4675-9e70-1996d07e2deb"], "artist": ["Pablo Cruise"], "tracknumber": ["05"], "bpm": ["105.97"], "album": ["Worlds Away"], "acoustid_id": ["75005c2f-13a1-4074-9ff8-dc26201c855a"], "musicbrainz_artistid": ["c24f87ef-72f9-4488-9dbd-63601322edba"], "file_name": "Pablo Cruise - Don't Want to Live Without It.mp3"}}, "rhythm": {"bpm_histogram_first_peak_bpm": {"dmean2": 0, "median": 108, "min": 108, "dvar2": 0, "dvar": 0, "dmean": 0, "max": 108, "var": 0, "mean": 108}, "bpm": 106.702774048, "bpm_histogram_second_peak_spread": {"dmean2": 0, "median": 0.0377358682454, "min": 0.0377358682454, "dvar2": 0, "dvar": 0, "dmean": 0, "max": 0.0377358682454, "var": 0, "mean": 0.0377358682454}, "bpm_histogram_first_peak_weight": {"dmean2": 0, "median": 0.413223147392, "min": 0.413223147392, "dvar2": 0, "dvar": 0, "dmean": 0, "max": 0.413223147392, "var": 0, "mean": 0.413223147392}, "onset_rate": 4.68804740906, "beats_position": [0.638548731804, 1.24226760864, 1.83437633514, 2.41487526894, 2.99537420273, 3.5758728981, 4.15637159348, 4.73687076569, 5.31736946106, 5.89786815643, 6.47836732864, 7.04725599289, 7.6277551651, 8.20825386047, 8.78875255585, 9.36925125122, 9.93814086914, 10.5186395645, 11.0875282288, 11.656416893, 12.2369155884, 12.8058052063, 13.3746938705, 13.9551925659, 14.5356912613, 15.1161899567, 15.6850786209, 16.2539672852, 16.8344669342, 17.4149665833, 17.9838542938, 18.5527439117, 19.1332416534, 19.7137413025, 20.2942390442, 20.851518631, 21.4204082489, 21.9892959595, 22.5581855774, 23.1270751953, 23.6959629059, 24.2648525238, 24.8221302032, 25.4026298523, 25.9715194702, 26.5404071808, 27.1209068298, 27.6897945404, 28.2586841583, 28.8159637451, 29.3964614868, 29.9769611359, 30.5574588776, 31.1379585266, 31.7184581757, 32.2873458862, 32.8562355042, 33.4251251221, 34.0056228638, 34.5745124817, 35.1434020996, 35.7122879028, 36.2811775208, 36.8500671387, 37.4189567566, 37.9878463745, 38.545124054, 39.1024017334, 39.6596832275, 40.2401809692, 40.8206787109, 41.3895683289, 41.9584579468, 42.5273475647, 43.0962333679, 43.6535148621, 44.22240448, 44.7912902832, 45.3601799011, 45.929069519, 46.497959137, 47.0668487549, 47.6241264343, 48.1814041138, 48.7502937317, 49.3191833496, 49.8880729675, 50.445350647, 51.0142402649, 51.5831298828, 52.1404075623, 52.6976852417, 53.2665748596, 53.8354644775, 54.4043540955, 54.9732398987, 55.5421295166, 56.1110191345, 56.6799087524, 57.2371864319, 57.794467926, 58.3633537292, 58.9322433472, 59.5011329651, 60.070022583, 60.6389122009, 61.2077980042, 61.7766876221, 62.34557724, 62.9144668579, 63.4833564758, 64.0522460938, 64.621131897, 65.1900177002, 65.7356872559, 66.2697525024, 66.8154220581, 67.3726959229, 67.9415893555, 68.4988632202, 69.0677566528, 69.6366424561, 70.1939239502, 70.7511978149, 71.3316955566, 71.9005889893, 72.4694747925, 73.0267562866, 73.5840377808, 74.1413116455, 74.7102050781, 75.2674789429, 75.8363723755, 76.4052581787, 76.9741516113, 77.5430374146, 78.1119232178, 78.6808166504, 79.2497024536, 79.8069839478, 80.3642578125, 80.9331512451, 81.5020370483, 82.0593185425, 82.6166000366, 83.1854858398, 83.7543716431, 84.3116531372, 84.8689346313, 85.4262084961, 85.9951019287, 86.5639877319, 87.1328811646, 87.7017669678, 88.2822647095, 88.8511581421, 89.4200439453, 89.9773254395, 90.5462112427, 91.1150970459, 91.67237854, 92.2296600342, 92.7985458374, 93.3558273315, 93.9247131348, 94.4936065674, 95.0624923706, 95.6197738647, 96.188659668, 96.7575454712, 97.3148269653, 97.8721084595, 98.4409942627, 99.0098876953, 99.5787734985, 100.147659302, 100.704940796, 101.26222229, 101.819496155, 102.376777649, 102.945663452, 103.514556885, 104.095054626, 104.675552368, 105.25605011, 105.836547852, 106.405441284, 106.974327087, 107.531608582, 108.100494385, 108.669387817, 109.238273621, 109.807167053, 110.364440918, 110.910110474, 111.467391968, 112.024665833, 112.593559265, 113.15083313, 113.708114624, 114.265396118, 114.84589386, 115.414779663, 115.972061157, 116.54094696, 117.098228455, 117.655509949, 118.212783813, 118.770065308, 119.338951111, 119.907844543, 120.465126038, 121.022399902, 121.591293335, 122.160179138, 122.717460632, 123.286346436, 123.855232239, 124.412513733, 124.969795227, 125.550292969, 126.119178772, 126.688072205, 127.245346069, 127.814239502, 128.383132935, 128.94039917, 129.497680664, 130.054962158, 130.612243652, 131.169525146, 131.726806641, 132.295684814, 132.864578247, 133.421859741, 133.979141235, 134.536407471, 135.105300903, 135.674194336, 136.23147583, 136.788757324, 137.34602356, 137.903305054, 138.460586548, 139.017868042, 139.575149536, 140.14402771, 140.712921143, 141.281814575, 141.850692749, 142.407974243, 142.965255737, 143.53414917, 144.103042603, 144.660308838, 145.217590332, 145.774871826, 146.33215332, 146.901046753, 147.481536865, 148.050430298, 148.61932373, 149.188201904, 149.745483398, 150.314376831, 150.883255005, 151.463760376, 152.032653809, 152.601531982, 153.170425415, 153.739318848, 154.30821228, 154.877090454, 155.445983887, 156.014877319, 156.583755493, 157.152648926, 157.721542358, 158.290420532, 158.847702026, 159.416595459, 159.985488892, 160.542770386, 161.123260498, 161.692153931, 162.261047363, 162.829925537, 163.39881897, 163.956100464, 164.524978638, 165.09387207, 165.651153564, 166.220046997, 166.788925171, 167.346206665, 167.915100098, 168.48399353, 169.041259766, 169.59854126, 170.167434692, 170.736328125, 171.293609619, 171.850875854, 172.431381226, 173.011871338, 173.592376709, 174.149658203, 174.718551636, 175.299041748, 175.856323242, 176.436828613, 177.005706787, 177.551376343, 178.097045898, 178.654327393, 179.211608887, 179.792098999, 180.349380493, 180.906661987, 181.487167358, 182.044433594, 182.601715088, 183.158996582, 183.716278076, 184.27355957, 184.842453003, 185.411331177, 185.968612671, 186.525894165, 187.083175659, 187.640457153, 188.209335327, 188.77822876, 189.335510254, 189.904388428, 190.461669922, 191.007339478, 191.564620972, 192.121902466, 192.67918396, 193.236465454, 193.793731689, 194.351013184, 194.896682739, 195.453964233, 195.999633789, 196.556915283, 197.114196777, 197.671463013, 198.228744507, 198.786026001, 199.343307495, 199.888977051, 200.434646606, 200.991928101, 201.537597656, 202.09487915, 202.640533447, 203.197814941, 203.755096436, 204.300765991, 204.846435547, 205.403717041, 205.960998535, 206.518280029, 207.075546265, 207.632827759, 208.190109253, 208.747390747, 209.304672241, 209.861953735, 210.396011353, 210.953277588, 211.510559082, 212.091064453, 212.648345947, 213.194015503, 213.739685059, 214.285354614, 214.84262085, 215.388290405, 215.945571899, 216.502853394, 217.060134888, 217.617416382, 218.174682617, 218.731964111, 219.289245605, 219.8465271, 220.403808594, 220.961090088, 221.518356323, 222.075637817, 222.632919312, 223.190200806, 223.7474823, 224.304763794, 224.862030029, 225.419311523, 225.976593018, 226.533874512, 227.091156006, 227.6484375, 228.194107056, 228.739776611, 229.297042847, 229.854324341, 230.411605835, 230.968887329, 231.514556885, 232.06022644, 232.617507935, 233.16317749, 233.708831787, 234.266113281, 234.835006714, 235.403900146, 235.961181641, 236.518447876, 237.07572937, 237.633010864, 238.167068481, 238.724349976, 239.28163147, 239.827301025, 240.372970581, 240.930252075, 241.475906372, 242.021575928, 242.578857422, 243.136138916, 243.681808472, 244.227478027, 244.784759521, 245.342041016, 245.887710571, 246.444976807, 246.990646362, 247.547927856, 248.105209351, 248.662490845, 249.2081604, 249.753829956, 250.31111145, 250.868392944, 251.42565918, 251.982940674, 252.528610229, 253.074279785, 253.619949341, 254.165618896, 254.722900391, 255.268569946, 255.814239502, 256.359893799, 256.905578613, 257.462860107, 258.008514404, 258.554199219, 259.099853516, 259.64553833, 260.191192627, 260.748474121, 261.294158936, 261.851409912, 262.397094727, 262.942749023, 263.488433838, 264.034088135, 264.591369629, 265.148651123, 265.705932617, 266.251617432, 266.797271729, 267.354553223, 267.923431396, 268.492340088, 269.049621582, 269.606903076, 270.164154053, 270.721435547, 271.278717041, 271.835998535, 272.393280029, 272.950561523], "beats_loudness": {"dmean2": 0.0509971305728, "median": 0.0382232405245, "min": 2.23930470611e-07, "dvar2": 0.00168251944706, "dvar": 0.00054969091434, "dmean": 0.0269473399967, "max": 0.146831780672, "var": 0.000780155532993, "mean": 0.0440722890198}, "danceability": 1.25377130508, "bpm_histogram_second_peak_weight": {"dmean2": 0, "median": 0.105371899903, "min": 0.105371899903, "dvar2": 0, "dvar": 0, "dmean": 0, "max": 0.105371899903, "var": 0, "mean": 0.105371899903}, "beats_count": 485, "bpm_histogram_second_peak_bpm": {"dmean2": 0, "median": 103, "min": 103, "dvar2": 0, "dvar": 0, "dmean": 0, "max": 103, "var": 0, "mean": 103}, "bpm_histogram_first_peak_spread": {"dmean2": 0, "median": 0.535962879658, "min": 0.535962879658, "dvar2": 0, "dvar": 0, "dmean": 0, "max": 0.535962879658, "var": 0, "mean": 0.535962879658}, "beats_loudness_band_ratio": {"dmean2": [0.428375542164, 0.0591269880533, 0.151575371623, 0.218217894435, 0.136773794889, 0.0442384406924], "median": [0.637811243534, 0.0357751809061, 0.0594879835844, 0.0833322033286, 0.0727263912559, 0.0318934321404], "min": [0.00324499187991, 0.00146212999243, 0.000488496152684, 0.000307416165015, 0.000426024984336, 0.00218820339069], "dvar2": [0.0986810550094, 0.00457487953827, 0.0242862254381, 0.0504085347056, 0.0192977637053, 0.00777267524973], "dvar": [0.0305209737271, 0.00145924044773, 0.00813503935933, 0.016455149278, 0.00664901174605, 0.00322707905434], "dmean": [0.230167046189, 0.0327081717551, 0.0828731656075, 0.120496444404, 0.076509103179, 0.0247444864362], "max": [0.985644340515, 0.32135206461, 0.61965572834, 0.789500594139, 0.628049850464, 0.97602391243], "var": [0.0512991584837, 0.00144606013782, 0.00962780788541, 0.0186841767281, 0.0087622879073, 0.00817358773202], "mean": [0.617943704128, 0.0441790893674, 0.0918673425913, 0.130990430713, 0.0981517583132, 0.0459609590471]}}, "lowlevel": {"barkbands_spread": {"dmean2": 11.7207365036, "median": 22.1888408661, "min": 0.360266268253, "dvar2": 253.077590942, "dvar": 105.6171875, "dmean": 7.43503093719, "max": 130.607116699, "var": 193.255432129, "mean": 23.8223972321}, "melbands_spread": {"dmean2": 17.3845596313, "median": 31.4262313843, "min": 0.3621699512, "dvar2": 696.579956055, "dvar": 316.989929199, "dmean": 11.1071910858, "max": 288.421386719, "var": 661.602600098, "mean": 34.6785926819}, "hfc": {"dmean2": 9.71055603027, "median": 16.3133049011, "min": 1.23281158845e-16, "dvar2": 196.058044434, "dvar": 86.9279708862, "dmean": 6.58505010605, "max": 164.195785522, "var": 380.522125244, "mean": 20.385843277}, "barkbands_kurtosis": {"dmean2": 7.00214672089, "median": 0.352712154388, "min": -1.94145739079, "dvar2": 572.224853516, "dvar": 222.084762573, "dmean": 4.25848865509, "max": 470.543151855, "var": 312.847259521, "mean": 4.35289287567}, "gfcc": {"mean": [-47.7290878296, 72.3918609619, -139.096908569, 34.4034233093, -51.9205513, 23.0606498718, -33.3005981445, 11.4641304016, -22.1174736023, 0.623676836491, -18.0283088684, -0.74110519886, -11.9679059982], "icov": [[0.000123641380924, -0.000174261280335, 0.000238295731833, -0.000121988108731, 0.000104063343315, -0.000311395764584, 0.000279935193248, -0.000265926792054, 0.000358374323696, -0.000255703984294, 0.000410175067373, -0.000308485527057, 0.000338864512742], [-0.000174261280335, 0.00166756403632, -0.000289876683382, 0.000352601433406, -0.0011467266595, 0.00120460288599, -0.00125833554193, 0.00158372940496, -0.00101001129951, 0.00169243989512, -0.00144739530515, 0.00189674412832, -0.000892494688742], [0.000238295731833, -0.000289876683382, 0.0014237674186, -0.00103097374085, -0.000231247729971, -0.00116850447375, 0.00116108241491, -0.000681464211084, 0.000720294367056, -0.000280382635538, 0.000859641470015, -0.00113260711078, 0.00152818229981], [-0.000121988108731, 0.000352601433406, -0.00103097374085, 0.00358025589958, -0.00117038376629, 0.000416635681177, 1.6954579678e-06, 0.000728824757971, -0.00159551820252, 0.00174714357127, -0.00138067465741, 0.00181334570516, -0.00142218486872], [0.000104063343315, -0.0011467266595, -0.000231247729971, -0.00117038376629, 0.00465796655044, -0.000740470713936, 0.000462119700387, -0.00144817214459, 0.000871600175742, -0.000992788583972, 0.00126478564925, -0.00179320666939, 9.89948166534e-05], [-0.000311395764584, 0.00120460288599, -0.00116850447375, 0.000416635681177, -0.000740470713936, 0.00671685487032, -0.00374153442681, 0.000718563329428, 0.000567749957554, 4.51303349109e-05, -0.00096571247559, 0.00288375210948, -0.00156896864064], [0.000279935193248, -0.00125833554193, 0.00116108241491, 1.6954579678e-06, 0.000462119700387, -0.00374153442681, 0.00768757658079, -0.00406066188589, 0.00045422767289, 0.000149640225573, 2.10519447137e-05, -0.000980573357083, 0.000565456459299], [-0.000265926792054, 0.00158372940496, -0.000681464211084, 0.000728824757971, -0.00144817214459, 0.000718563329428, -0.00406066188589, 0.0131411598995, -0.00530725857243, 0.00122681632638, 0.00157408718951, -0.00233754748479, 0.00176039885264], [0.000358374323696, -0.00101001129951, 0.000720294367056, -0.00159551820252, 0.000871600175742, 0.000567749957554, 0.00045422767289, -0.00530725857243, 0.0128779355437, -0.00518966000527, -0.000912185583729, 0.00319330743514, -0.00258409231901], [-0.000255703984294, 0.00169243989512, -0.000280382635538, 0.00174714357127, -0.000992788583972, 4.51303349109e-05, 0.000149640225573, 0.00122681632638, -0.00518966000527, 0.0134451976046, -0.00376342004165, -0.00230269180611, 0.00315323122777], [0.000410175067373, -0.00144739530515, 0.000859641470015, -0.00138067465741, 0.00126478564925, -0.00096571247559, 2.10519447137e-05, 0.00157408718951, -0.000912185583729, -0.00376342004165, 0.0124169113114, -0.00459695141762, 0.00134880514815], [-0.000308485527057, 0.00189674412832, -0.00113260711078, 0.00181334570516, -0.00179320666939, 0.00288375210948, -0.000980573357083, -0.00233754748479, 0.00319330743514, -0.00230269180611, -0.00459695141762, 0.0163010880351, -0.00641380809247], [0.000338864512742, -0.000892494688742, 0.00152818229981, -0.00142218486872, 9.89948166534e-05, -0.00156896864064, 0.000565456459299, 0.00176039885264, -0.00258409231901, 0.00315323122777, 0.00134880514815, -0.00641380809247, 0.01418497134]], "cov": [[16650.015625, 70.3036193848, -2455.07226563, -832.189331055, -384.156921387, 240.042663574, 22.7465496063, 112.235801697, -395.832214355, 138.762252808, -358.272705078, 64.2128753662, -237.730697632], [70.3036193848, 1505.19677734, -99.1627883911, 206.121826172, 209.432388306, -112.691253662, 85.4744033813, -148.608703613, 57.941192627, -198.660522461, 66.2301177979, -157.081222534, 102.876716614], [-2455.07226563, -99.1627883911, 1828.67687988, 496.807983398, 292.690612793, 120.945877075, -144.418838501, 17.311542511, -26.8641967773, -40.3819541931, -28.8309078217, 5.06500720978, -70.7300796509], [-832.189331055, 206.121826172, 496.807983398, 547.873962402, 173.557403564, 5.44868087769, -47.8038024902, -33.7655715942, 44.9975738525, -82.3231811523, 18.7082748413, -55.4116439819, 39.407535553], [-384.156921387, 209.432388306, 292.690612793, 173.557403564, 336.133392334, 22.0177669525, 0.536556363106, 11.9258680344, 2.94851565361, -30.6358242035, -7.38321590424, 3.73954105377, 16.5510997772], [240.042663574, -112.691253662, 120.945877075, 5.44868087769, 22.0177669525, 254.337799072, 96.3920669556, 35.188785553, -22.7426872253, 4.10507583618, -19.3564109802, -12.3381595612, -14.3334827423], [22.7465496063, 85.4744033813, -144.418838501, -47.8038024902, 0.536556363106, 96.3920669556, 241.002151489, 60.2755699158, 21.2440357208, -8.77865982056, 8.49456787109, -6.70167303085, 11.1543836594], [112.235801697, -148.608703613, 17.311542511, -33.7655715942, 11.9258680344, 35.188785553, 60.2755699158, 136.900390625, 31.9035301208, 29.7530784607, -18.1043701172, 27.9733161926, -19.2976207733], [-395.832214355, 57.941192627, -26.8641967773, 44.9975738525, 2.94851565361, -22.7426872253, 21.2440357208, 31.9035301208, 135.76385498, 29.2826938629, 31.0636730194, -16.3188552856, 21.0554084778], [138.762252808, -198.660522461, -40.3819541931, -82.3231811523, -30.6358242035, 4.10507583618, -8.77865982056, 29.7530784607, 29.2826938629, 141.247955322, 29.4259490967, 41.4594955444, -32.5081787109], [-358.272705078, 66.2301177979, -28.8309078217, 18.7082748413, -7.38321590424, -19.3564109802, 8.49456787109, -18.1043701172, 31.0636730194, 29.4259490967, 122.848892212, 20.2215633392, 14.1059808731], [64.2128753662, -157.081222534, 5.06500720978, -55.4116439819, 3.73954105377, -12.3381595612, -6.70167303085, 27.9733161926, -16.3188552856, 41.4594955444, 20.2215633392, 114.413833618, 15.5072641373], [-237.730697632, 102.876716614, -70.7300796509, 39.407535553, 16.5510997772, -14.3334827423, 11.1543836594, -19.2976207733, 21.0554084778, -32.5081787109, 14.1059808731, 15.5072641373, 111.201843262]]}, "spectral_energyband_middle_low": {"dmean2": 0.00697584077716, "median": 0.00294642709196, "min": 2.37222010502e-22, "dvar2": 0.000309016788378, "dvar": 0.000136328497319, "dmean": 0.00460158102214, "max": 0.186283141375, "var": 0.000166525976965, "mean": 0.00677056238055}, "melbands_crest": {"dmean2": 5.99489974976, "median": 12.1891899109, "min": 1.88545644283, "dvar2": 28.6580467224, "dvar": 12.1547298431, "dmean": 3.73769545555, "max": 37.8799972534, "var": 32.7153778076, "mean": 13.1887493134}, "spectral_kurtosis": {"dmean2": 2.65583348274, "median": 3.90429830551, "min": -1.21424460411, "dvar2": 11.8691225052, "dvar": 4.8895111084, "dmean": 1.61249649525, "max": 66.340423584, "var": 9.39215183258, "mean": 4.36703872681}, "spectral_rms": {"dmean2": 0.00154468533583, "median": 0.00359887909144, "min": 3.263259888e-12, "dvar2": 6.38124583929e-06, "dvar": 2.76472405858e-06, "dmean": 0.00105146155693, "max": 0.0180953107774, "var": 6.36311597191e-06, "mean": 0.00375009025447}, "zerocrossingrate": {"dmean2": 0.0156575907022, "median": 0.0712890625, "min": 0.00244140625, "dvar2": 0.000485384720378, "dvar": 0.000389788881876, "dmean": 0.0133022535592, "max": 0.5166015625, "var": 0.00178525398951, "mean": 0.0773443207145}, "silence_rate_60dB": {"dmean2": 0.111413046718, "median": 0, "min": 0, "dvar2": 0.107335187495, "dvar": 0.0526064187288, "dmean": 0.0557017922401, "max": 1, "var": 0.174730971456, "mean": 0.225674986839}, "erbbands_kurtosis": {"dmean2": 2.12331318855, "median": 0.50043207407, "min": -1.84396910667, "dvar2": 14.0693979263, "dvar": 6.59069919586, "dmean": 1.35439395905, "max": 71.2422714233, "var": 15.2010364532, "mean": 1.30432224274}, "erbbands": {"dmean2": [0.157488510013, 2.08346056938, 5.25214195251, 9.15905475616, 10.7855539322, 3.45977759361, 2.88283729553, 3.51508235931, 6.26795911789, 9.50739574432, 10.1165218353, 25.3111495972, 37.0385513306, 34.9352645874, 35.8787117004, 35.386505127, 57.6710586548, 47.6718063354, 47.43151474, 37.3711433411, 28.0490779877, 35.8023719788, 21.4645576477, 17.2067089081, 16.0729427338, 7.84744644165, 5.13055896759, 4.51502323151, 5.0341463089, 2.87300634384, 1.72989487648, 1.29463648796, 0.990058422089, 0.50710773468, 0.209578424692, 0.113114349544, 0.0501518286765, 0.00791588053107, 0.000240196226514, 2.7579437301e-05], "median": [0.0105941453949, 0.103740036488, 0.370134949684, 0.537786841393, 0.702883303165, 0.92486000061, 0.922572612762, 1.30765390396, 1.68808722496, 2.47559571266, 3.42720842361, 7.21318244934, 9.80183982849, 9.33149337769, 10.8259487152, 11.4632606506, 14.2547569275, 15.9291772842, 17.0947875977, 15.0330848694, 12.8268222809, 16.7476463318, 10.6200962067, 11.810084343, 10.1801319122, 5.09953594208, 3.35417509079, 3.30883979797, 3.140417099, 1.82784485817, 0.905247807503, 0.498496770859, 0.381822764874, 0.194694668055, 0.071336440742, 0.0234207063913, 0.00552174542099, 0.000572752265725, 2.98873201245e-05, 2.02241044462e-05], "min": [6.04646964914e-22, 6.42157757866e-21, 8.6906333575e-21, 3.03387004282e-20, 1.21920606177e-19, 4.3140590259e-20, 6.86827837389e-20, 1.84764645089e-19, 2.16403941628e-19, 1.22521010054e-18, 6.33226973136e-19, 4.42474367592e-19, 1.44735203898e-18, 1.43635301838e-18, 2.48127196998e-18, 2.35671304539e-18, 2.45089810469e-18, 3.82296119829e-18, 6.80306712501e-18, 5.32804486056e-18, 5.72311335215e-18, 5.32281004806e-18, 7.18653275415e-18, 1.03071410982e-17, 1.15591443025e-17, 1.32126039008e-17, 1.11097776076e-17, 2.26097148034e-17, 1.66310518593e-17, 1.07222385275e-17, 1.55211740006e-17, 1.34782777699e-17, 1.1241885796e-17, 1.46353545544e-17, 8.49858513509e-18, 5.15462106847e-18, 3.36305394759e-18, 1.1992542069e-18, 3.27547909537e-19, 3.75019455925e-20], "dvar2": [0.175575137138, 34.4331512451, 202.590698242, 732.332397461, 1200.80236816, 68.8400039673, 51.8999252319, 63.1710929871, 216.100082397, 561.735656738, 689.105163574, 4080.43554688, 8302.83300781, 8342.07421875, 9284.80664063, 15681.2265625, 21691.0566406, 13521.0859375, 14744.9726563, 10893.5283203, 4519.89550781, 7926.53515625, 2772.04394531, 768.457702637, 931.861999512, 223.133728027, 136.532424927, 122.317489624, 98.555305481, 62.7397155762, 16.1966190338, 9.5621843338, 5.64626789093, 2.00943684578, 0.188818946481, 0.0603333190084, 0.0123467249796, 0.0003407948534, 7.3477690421e-07, 3.80746945083e-09], "dvar": [0.0680394098163, 12.2330350876, 72.8597717285, 304.763671875, 524.379638672, 26.1397399902, 18.9632930756, 24.4119529724, 82.8802261353, 222.935684204, 329.27255249, 1669.94665527, 3713.72924805, 3644.89282227, 4115.06689453, 6996.36865234, 8122.65332031, 5872.67431641, 5897.41992188, 4681.10302734, 1891.49645996, 3605.30175781, 1207.13769531, 312.954620361, 361.926269531, 87.5369567871, 49.4684410095, 44.3841781616, 39.4218254089, 22.9957733154, 6.22141122818, 3.77670764923, 2.25604629517, 0.766005635262, 0.0848519429564, 0.0271512381732, 0.00554788298905, 0.000150479943841, 2.82794388795e-07, 1.48330958627e-09], "dmean": [0.0923743695021, 1.13894164562, 2.92717432976, 5.75797224045, 6.97330856323, 2.0770714283, 1.69947707653, 2.20201563835, 3.82982230186, 5.88274812698, 6.6904706955, 16.0123615265, 24.4662818909, 22.7338409424, 23.1235847473, 22.5290393829, 35.9626998901, 30.5294914246, 30.039226532, 23.8823242188, 17.788312912, 22.6666755676, 13.4192237854, 10.7276411057, 9.89843559265, 4.83761262894, 3.10873675346, 2.76850247383, 3.17341542244, 1.80323386192, 1.10840547085, 0.858458161354, 0.670895516872, 0.336855947971, 0.141681134701, 0.0751534923911, 0.0329850390553, 0.00518259173259, 0.000153199827764, 1.79435483005e-05], "max": [2.23512530327, 41.4028587341, 125.179481506, 234.880401611, 403.605651855, 110.85358429, 109.758811951, 98.8272323608, 232.22958374, 307.574554443, 513.970947266, 1117.69714355, 1987.04089355, 1858.02404785, 2628.69262695, 6521.29638672, 2508.61108398, 2479.70654297, 1538.87634277, 1574.75012207, 1229.77355957, 2900.07739258, 1112.90625, 478.836181641, 479.922851563, 184.759307861, 256.888671875, 197.149917603, 139.593490601, 209.606704712, 54.5369148254, 46.2242736816, 47.3403778076, 31.0138244629, 5.23826980591, 4.11715507507, 1.67252671719, 0.287350386381, 0.0249894615263, 0.0016037162859], "var": [0.0531287714839, 7.55103397369, 49.0753746033, 283.066497803, 526.320556641, 26.439289093, 19.987953186, 49.1736450195, 170.381164551, 355.35458374, 856.688903809, 4520.64892578, 14234.7675781, 15788.8320313, 16535.5214844, 12428.7548828, 14459.5888672, 12287.7939453, 10578.9863281, 7589.50439453, 2900.48632813, 5895.45605469, 1817.97912598, 707.234619141, 726.584289551, 152.983108521, 62.3884849548, 61.0178871155, 104.13961792, 31.8251686096, 8.67758846283, 5.46508073807, 3.33596205711, 0.94771951437, 0.147923126817, 0.0388911440969, 0.00702526606619, 0.000179359762114, 2.39265858681e-07, 1.64511426703e-09], "mean": [0.0760132223368, 0.799953043461, 2.3587744236, 5.15514230728, 6.62947940826, 2.7603957653, 2.33830857277, 3.80390286446, 6.12545585632, 8.72932434082, 12.2177658081, 28.9619312286, 52.8863487244, 48.3967666626, 44.1752243042, 38.3055763245, 57.5130004883, 53.0992546082, 51.1006698608, 40.0665054321, 29.0204620361, 35.7749786377, 21.4568481445, 20.1417675018, 18.0652198792, 8.84332370758, 5.63453578949, 5.70284509659, 7.24688577652, 3.71568655968, 1.86241543293, 1.34465682507, 1.04198491573, 0.531708478928, 0.209896534681, 0.0902675688267, 0.0344390645623, 0.00517473835498, 0.000153697634232, 3.06502406602e-05]}, "spectral_strongpeak": {"dmean2": 1.46598947048, "median": 0.900162041187, "min": 0, "dvar2": 4.19259119034, "dvar": 1.66608941555, "dmean": 0.887836873531, "max": 17.848783493, "var": 3.6675786972, "mean": 1.62606477737}, "spectral_energy": {"dmean2": 0.0200133509934, "median": 0.0132757304236, "min": 1.09150876223e-20, "dvar2": 0.0017952430062, "dvar": 0.000715234898962, "dmean": 0.0125544099137, "max": 0.335626244545, "var": 0.000810691155493, "mean": 0.0209368597716}, "average_loudness": 0.627165496349, "spectral_rolloff": {"dmean2": 1061.5859375, "median": 1830.32226563, "min": 43.06640625, "dvar2": 3519938, "dvar": 1640360, "dmean": 640.333007813, "max": 19487.5488281, "var": 2892688.25, "mean": 2048.50488281}, "spectral_centroid": {"dmean2": 446.615905762, "median": 1760.328125, "min": 118.521743774, "dvar2": 291365.40625, "dvar": 136926.28125, "dmean": 294.241119385, "max": 11320.1865234, "var": 475456.65625, "mean": 1751.18164063}, "pitch_salience": {"dmean2": 0.128242313862, "median": 0.548899531364, "min": 0.0806018561125, "dvar2": 0.0144033422694, "dvar": 0.00579344574362, "dmean": 0.0788987576962, "max": 0.897224009037, "var": 0.0123493000865, "mean": 0.542851984501}, "spectral_energyband_middle_high": {"dmean2": 0.0042336601764, "median": 0.0057741003111, "min": 1.50477986888e-21, "dvar2": 4.13601919718e-05, "dvar": 1.7589853087e-05, "dmean": 0.00277673546225, "max": 0.133768215775, "var": 9.44697094383e-05, "mean": 0.00857288111001}, "spectral_contrast_coeffs": {"dmean2": [0.0824688076973, 0.0745461881161, 0.0650541856885, 0.0567695461214, 0.0467255525291, 0.0400490537286], "median": [-0.702811300755, -0.762296795845, -0.749716639519, -0.746842265129, -0.743571817875, -0.745297312737], "min": [-0.975886523724, -0.959827542305, -0.960091292858, -0.960516810417, -0.967054009438, -0.961140811443], "dvar2": [0.00516386097297, 0.00388569035567, 0.0027798183728, 0.00216023670509, 0.00153447361663, 0.00122152792756], "dvar": [0.00221672677435, 0.00149407412391, 0.00114536902402, 0.000920289370697, 0.000668877910357, 0.00061255285982], "dmean": [0.0515523292124, 0.0457486882806, 0.0407881624997, 0.0359576679766, 0.0301860887557, 0.0277576893568], "max": [-0.313634037971, -0.430584967136, -0.460786044598, -0.494180232286, -0.519574582577, -0.543744325638], "var": [0.00829047802836, 0.0055981320329, 0.00794554967433, 0.00630249734968, 0.00435672327876, 0.00363758904859], "mean": [-0.690297961235, -0.754650056362, -0.746810734272, -0.747662305832, -0.748497784138, -0.746872901917]}, "melbands_skewness": {"dmean2": 1.5078510046, "median": 1.09287679195, "min": -2.65984582901, "dvar2": 4.60539388657, "dvar": 2.00555467606, "dmean": 0.997044861317, "max": 25.2520484924, "var": 6.06744241714, "mean": 1.90068697929}, "spectral_spread": {"dmean2": 994367.625, "median": 4016541, "min": 1382463.25, "dvar2": 1581518684160.0, "dvar": 838706266112, "dmean": 719007.625, "max": 40779164, "var": 3162168360960.0, "mean": 4441512}, "dissonance": {"dmean2": 0.0299748200923, "median": 0.476419270039, "min": 0.23850889504, "dvar2": 0.000850783195347, "dvar": 0.000309452705551, "dmean": 0.0176548603922, "max": 0.500000119209, "var": 0.000545039365534, "mean": 0.470361590385}, "spectral_skewness": {"dmean2": 0.374805986881, "median": 1.46090960503, "min": -0.017678597942, "dvar2": 0.154338106513, "dvar": 0.0663413703442, "dmean": 0.237092941999, "max": 6.86049890518, "var": 0.186944887042, "mean": 1.48380625248}, "spectral_flux": {"dmean2": 0.0499217882752, "median": 0.0676106289029, "min": 7.27206836415e-11, "dvar2": 0.00491651846096, "dvar": 0.00237080315128, "dmean": 0.0323184393346, "max": 0.518064558506, "var": 0.00464300997555, "mean": 0.0811379626393}, "spectral_contrast_valleys": {"dmean2": [0.84164494276, 0.679883897305, 0.605871677399, 0.558453679085, 0.58185762167, 0.67704898119], "median": [-7.85906410217, -7.34565734863, -7.38587284088, -7.66040611267, -7.80710124969, -10.3727416992], "min": [-27.5834293365, -27.5530033112, -27.4745292664, -27.672416687, -27.3746948242, -27.2469959259], "dvar2": [0.654213011265, 0.439862042665, 0.356927871704, 0.330365419388, 0.449033945799, 0.469920575619], "dvar": [0.325187414885, 0.210502699018, 0.17996391654, 0.179194703698, 0.235359728336, 0.273010879755], "dmean": [0.547334372997, 0.44334590435, 0.401620715857, 0.383005738258, 0.416206091642, 0.535570204258], "max": [-4.97564411163, -4.8612036705, -5.19294881821, -5.62775754929, -5.70146989822, -8.09527873993], "var": [1.66251659393, 1.73849272728, 2.05168437958, 1.89301884174, 1.66005146503, 1.60320830345], "mean": [-8.057970047, -7.63740921021, -7.7547121048, -8.01080989838, -8.10522842407, -10.6111106873]}, "erbbands_flatness_db