{"tonal": {"thpcp": [1, 0.550849020481, 0.131002992392, 0.197058871388, 0.128469407558, 0.272879689932, 0.515044271946, 0.30370414257, 0.0866884440184, 0.112072318792, 0.0868546441197, 0.184408515692, 0.331196457148, 0.240293592215, 0.456858307123, 0.806820213795, 0.467995792627, 0.098080791533, 0.087292984128, 0.0920197740197, 0.405065953732, 0.684907376766, 0.368374168873, 0.12879344821, 0.172409847379, 0.112016059458, 0.278543919325, 0.492969423532, 0.296197503805, 0.339229911566, 0.55589646101, 0.300146102905, 0.106143087149, 0.152583763003, 0.110981568694, 0.516180276871], "hpcp": {"dmean2": [0.047329492867, 0.0476411059499, 0.10243434459, 0.136166706681, 0.108520753682, 0.0477794855833, 0.0406994745135, 0.0457467325032, 0.0756532102823, 0.0989115387201, 0.0864486694336, 0.0473186001182, 0.0423406921327, 0.0452734008431, 0.0753841623664, 0.098730944097, 0.0978270247579, 0.132434234023, 0.130521640182, 0.130061611533, 0.0567186549306, 0.0348906479776, 0.0481796823442, 0.124560289085, 0.141375869513, 0.0959692597389, 0.046830445528, 0.0372031778097, 0.0425111688673, 0.0798233300447, 0.103082112968, 0.0967039838433, 0.0959738194942, 0.0966419652104, 0.0815079063177, 0.0503836721182], "median": [0.00299832131714, 0.00384366512299, 0.0431101880968, 0.0717069506645, 0.0423893854022, 0.00390171632171, 0.00138855399564, 0.00241732550785, 0.00844300538301, 0.012159017846, 0.00969290733337, 0.00320826563984, 0.00177493924275, 0.00187730859034, 0.00846331007779, 0.0122182387859, 0.0118897929788, 0.0231282971799, 0.0291477236897, 0.0194930806756, 0.00294832000509, 0.000835618004203, 0.00259062601253, 0.0254420861602, 0.0443041101098, 0.0251282211393, 0.00273372232914, 0.00145451212302, 0.00268114707433, 0.00862035155296, 0.0103983981535, 0.0133170410991, 0.0118071520701, 0.00763206509873, 0.00565661629662, 0.00384526047856], "min": [0, 0, 0, 0, 0, 0, 0, 0, 0, 0, 0, 0, 0, 0, 0, 0, 0, 0, 0, 0, 0, 0, 0, 0, 0, 0, 0, 0, 0, 0, 0, 0, 0, 0, 0, 0], "dvar2": [0.0199637580663, 0.0174522697926, 0.0313028357923, 0.0636692419648, 0.0362316220999, 0.0154630457982, 0.0192882940173, 0.0186663437635, 0.0285540111363, 0.0502241663635, 0.0383046716452, 0.0224655531347, 0.0221499335021, 0.0217572171241, 0.0290022604167, 0.0498792305589, 0.040725056082, 0.0555194206536, 0.0656361207366, 0.0532829239964, 0.0219846684486, 0.0142335481942, 0.0176391359419, 0.0578521862626, 0.0654546245933, 0.0316894650459, 0.0174366924912, 0.0150241898373, 0.0158723816276, 0.0259537789971, 0.0495730526745, 0.0353548005223, 0.0360082797706, 0.0470638163388, 0.0293572098017, 0.020174369216], "dvar": [0.00869018770754, 0.00666597345844, 0.0131204957142, 0.0311006624252, 0.0152843166143, 0.00584477046505, 0.00893501006067, 0.00695042451844, 0.011186119169, 0.0232119448483, 0.0153131568804, 0.00788526330143, 0.00866242311895, 0.00798902846873, 0.0108962478116, 0.0215066745877, 0.0150530245155, 0.0204331856221, 0.0303425062448, 0.0206073466688, 0.00807047914714, 0.00607455009595, 0.006391948089, 0.0222427286208, 0.0313394106925, 0.0139779597521, 0.00658132182434, 0.00649952469394, 0.00580607354641, 0.0106219071895, 0.0239516496658, 0.0139524657279, 0.0146650532261, 0.0239696390927, 0.0122183393687, 0.00738774333149], "dmean": [0.0280161201954, 0.0274948962033, 0.0630423203111, 0.0831646099687, 0.0658113136888, 0.0277084894478, 0.0242072362453, 0.0263412296772, 0.0454159490764, 0.0598284490407, 0.0515899918973, 0.026567818597, 0.024298902601, 0.0255426801741, 0.0437985993922, 0.0590175613761, 0.0573409833014, 0.0775297805667, 0.0785597711802, 0.0766930729151, 0.0322129279375, 0.0200003217906, 0.0269288308918, 0.0740377008915, 0.0872393846512, 0.0609106384218, 0.0272780600935, 0.021775463596, 0.0243265088648, 0.0478208735585, 0.0627618208528, 0.0574988275766, 0.0586849823594, 0.0602167956531, 0.0504959188402, 0.0286913271993], "max": [1, 1, 1, 1, 1, 1, 1, 1, 1, 1, 1, 1, 1, 1, 1, 1, 1, 1, 1, 1, 1, 1, 1, 1, 1, 1, 1, 1, 1, 1, 1, 1, 1, 1, 1, 1], "var": [0.02682874538, 0.0122611103579, 0.0451081208885, 0.164112970233, 0.0529146976769, 0.013141923584, 0.0437504723668, 0.0153327453882, 0.0282572321594, 0.0998300611973, 0.0368172936141, 0.00869677122682, 0.020787274465, 0.0107819484547, 0.0174810290337, 0.0573216229677, 0.0263754203916, 0.0494039840996, 0.144862413406, 0.0532947815955, 0.00912314653397, 0.014193162322, 0.00807296577841, 0.0478242710233, 0.111926704645, 0.0387047044933, 0.014705020003, 0.0364025570452, 0.0122869117185, 0.0306261256337, 0.0932946503162, 0.0310378689319, 0.0395190641284, 0.111208178103, 0.0343731455505, 0.0095811476931], "mean": [0.0493760965765, 0.0359136275947, 0.167035907507, 0.323599934578, 0.178254708648, 0.0423925593495, 0.0637682378292, 0.0415726937354, 0.0883038491011, 0.16666829586, 0.0982786417007, 0.0280523747206, 0.0362665951252, 0.0281061567366, 0.0596745833755, 0.107175156474, 0.0777589902282, 0.147839322686, 0.261086970568, 0.15144340694, 0.0317389369011, 0.0282480027527, 0.029777592048, 0.131079316139, 0.221635982394, 0.119205854833, 0.0416775532067, 0.0557918138802, 0.0362483896315, 0.090136796236, 0.159524872899, 0.0958494916558, 0.109774775803, 0.179888054729, 0.0971272587776, 0.0343478955328]}, "tuning_equal_tempered_deviation": 0.00217035319656, "chords_changes_rate": 0.043902438134, "key_key": "D#", "tuning_diatonic_strength": 0.529269397259, "key_scale": "major", "chords_number_rate": 0.00130081304815, "tuning_frequency": 439.745910645, "tuning_nontempered_energy_ratio": 0.601279199123, "chords_histogram": [21.7886180878, 3.47154474258, 14.8536586761, 1.46341466904, 5.50406503677, 0.886178851128, 1.35772359371, 0.528455257416, 2.11382102966, 0.747967481613, 0.325203239918, 0.0569105707109, 0.414634138346, 0.235772356391, 1, 2.95934963226, 1.63414633274, 5.09756088257, 1.67479670048, 1.78861784935, 2.56910562515, 13.1626014709, 9.70731735229, 6.65853643417], "key_strength": 0.843637943268, "chords_key": "D#", "chords_strength": {"dmean2": 0.00510025536641, "median": 0.479203283787, "min": 0.143694266677, "dvar2": 3.39362886734e-05, "dvar": 4.2749914428e-05, "dmean": 0.00788804888725, "max": 0.760950565338, "var": 0.0109245162457, "mean": 0.477710306644}, "chords_scale": "major", "hpcp_entropy": {"dmean2": 0.663663387299, "median": 1.23349690437, "min": 0.0364454723895, "dvar2": 0.496784806252, "dvar": 0.201939687133, "dmean": 0.393067210913, "max": 3.44806289673, "var": 0.501293361187, "mean": 1.26028609276}}, "metadata": {"audio_properties": {"equal_loudness": 0, "codec": "flac", "downmix": "mix", "sample_rate": 44100, "analysis_sample_rate": 44100, "bit_rate": 0, "md5_encoded": "f8cf47d8a5b82a59dfa6621c3ae0d286", "length": 571.14666748, "replay_gain": -1.18799591064, "lossless": true}, "version": {"essentia_build_sha": "70f2e5ece6736b2c40cc944ad0e695b16b925413", "essentia": "2.1-beta2", "extractor": "music 1.0", "essentia_git_sha": "v2.1_beta2"}, "tags": {"title": ["Symphony No. 4 in B-flat major, Op. 60: II. Adagio"], "barcode": ["747313217021"], "media": ["CD"], "albumartist": ["Franz Liszt; \u041a\u043e\u043d\u0441\u0442\u0430\u043d\u0442\u0438\u043d \u0410\u043b\u0435\u043a\u0441\u0430\u043d\u0434\u0440\u043e\u0432\u0438\u0447 \u0429\u0435\u0440\u0431\u0430\u043a\u043e\u0432"], "tracktotal": ["9"], "language": ["zxx"], "performer": ["\u041a\u043e\u043d\u0441\u0442\u0430\u043d\u0442\u0438\u043d \u0410\u043b\u0435\u043a\u0441\u0430\u043d\u0434\u0440\u043e\u0432\u0438\u0447 \u0429\u0435\u0440\u0431\u0430\u043a\u043e\u0432 (grand piano)"], "releasetype": ["album"], "musicbrainz_recordingid": ["0769f04a-7cc8-4d9c-aa90-8525e6c4b53f"], "composer": ["Ludwig van Beethoven / Franz Liszt"], "musicbrainz_releasegroupid": ["7f991f1d-b923-3736-bad4-b2fedb6740d0"], "musicbrainz_albumartistid": ["2cd475bb-1abd-40c4-9904-6d4b691c752c", "88ec8580-cbdf-4a06-9cf1-2f501391b279"], "originalyear": ["2003"], "musicbrainz_releasetrackid": ["5c8690e2-e29a-35e6-9262-43511af7cd93"], "discnumber": ["1"], "composersort": ["Beethoven, Ludwig van"], "catalognumber": ["8.557170"], "releasecountry": ["DE"], "file_name": "07 - Symphony No. 4 in B-flat major, Op. 60 - II. Adagio.flac", "license": ["http://www.naxos.com/catalogue/item.asp?item_code=8.557170"], "originaldate": ["2003-02-24"], "work": ["Symphony no. 4 in B-flat major, op. 60, S. 464 no. 4: II. Adagio"], "date": ["2002"], "genre": ["Symphony"], "musicbrainz_albumid": ["01b6b891-54ef-4e23-8d87-672839c37257"], "disctotal": ["1"], "albumartistsort": ["Liszt, Franz; Scherbakov, Konstantin"], "musicbrainz_artistid": ["2cd475bb-1abd-40c4-9904-6d4b691c752c"], "asin": ["B000088DUG"], "musicbrainz_workid": ["fac868d0-88df-37e7-88bb-7ab90d2cee6d"], "artist": ["Beethoven, Ludwig van"], "tracknumber": ["7"], "artistsort": ["Liszt, Franz"], "album": ["Symphonies Nos. 4, 6 \"Pastoral\" (piano transcription: Franz Liszt, piano: Konstantin Scherbakov)"], "label": ["Naxos"], "releasestatus": ["official"], "totaldiscs": ["1"], "script": ["Latn"], "totaltracks": ["9"]}}, "rhythm": {"bpm_histogram_first_peak_bpm": {"dmean2": 0, "median": 133, "min": 133, "dvar2": 0, "dvar": 0, "dmean": 0, "max": 133, "var": 0, "mean": 133}, "bpm": 132.263412476, "bpm_histogram_second_peak_spread": {"dmean2": 0, "median": 0.610389590263, "min": 0.610389590263, "dvar2": 0, "dvar": 0, "dmean": 0, "max": 0.610389590263, "var": 0, "mean": 0.610389590263}, "bpm_histogram_first_peak_weight": {"dmean2": 0, "median": 0.119538336992, "min": 0.119538336992, "dvar2": 0, "dvar": 0, "dmean": 0, "max": 0.119538336992, "var": 0, "mean": 0.119538336992}, "onset_rate": 1.99592256546, "beats_position": [0.46439909935, 0.940408170223, 1.4164172411, 1.88081634045, 2.34521532059, 2.80961441994, 3.26240348816, 3.7151927948, 4.1679816246, 4.62077093124, 5.06195020676, 5.51473903656, 5.97913837433, 6.44353723526, 6.91954612732, 7.38394546509, 7.83673477173, 8.28952407837, 8.75392246246, 9.21832180023, 9.682721138, 10.1471195221, 10.6115188599, 11.0875282288, 11.5635375977, 12.0627660751, 12.5503854752, 13.0263938904, 13.5488433838, 14.0712919235, 14.5821313858, 15.0581407547, 15.545759201, 16.0333786011, 16.4977779388, 16.9621772766, 17.426574707, 17.9025840759, 18.3669834137, 18.8313827515, 19.2841720581, 19.7485713959, 20.2013607025, 20.6657600403, 21.1301574707, 21.5945568085, 22.0589561462, 22.523355484, 22.9877548218, 23.4521541595, 23.9049434662, 24.3577327728, 24.7989120483, 25.2516994476, 25.7044887543, 26.1572780609, 26.6100673676, 27.0744667053, 27.527256012, 27.9800453186, 28.4560546875, 28.932062149, 29.3964614868, 29.8724708557, 30.3368701935, 30.8128795624, 31.3469390869, 31.8809967041, 32.4150543213, 32.9491157532, 33.4947853088, 34.0404510498, 34.5164604187, 34.9924697876, 35.4568710327, 35.9096603394, 36.3508377075, 36.8036270142, 37.2680282593, 37.7324256897, 38.1852149963, 38.6844444275, 39.1836738586, 39.6829032898, 40.1589126587, 40.6465301514, 41.1457595825, 41.6565971375, 42.1558265686, 42.6550559998, 43.1310653687, 43.6186828613, 44.0946922302, 44.5590934753, 45.0351028442, 45.5111083984, 45.9871177673, 46.4515190125, 46.9043083191, 47.3687057495, 47.8098869324, 48.2510643005, 48.7038536072, 49.1566429138, 49.6210403442, 50.0854415894, 50.5498390198, 51.0258483887, 51.5018577576, 51.9894790649, 52.3842163086, 52.7789573669, 53.1736946106, 53.6264839172, 54.0792732239, 54.5436706543, 55.0196800232, 55.4956893921, 55.9833106995, 56.4709281921, 56.9585494995, 57.4229469299, 57.8989562988, 58.3749656677, 58.8509750366, 59.315372467, 59.7681617737, 60.2325630188, 60.708568573, 61.1613578796, 61.6141471863, 62.0669364929, 62.531337738, 63.0073471069, 63.4717445374, 63.924533844, 64.3657150269, 64.806892395, 65.2480697632, 65.6892471313, 66.1188201904, 66.5483856201, 66.9895706177, 67.4423599243, 67.895149231, 68.3711547852, 68.8471679688, 69.3231735229, 69.7991790771, 70.2519683838, 70.7047576904, 71.1575469971, 71.6103363037, 72.0515213013, 72.4926986694, 72.9222640991, 73.3518371582, 73.7930145264, 74.2225799561, 74.6057128906, 74.9888458252, 75.3603591919, 75.7434921265, 76.068572998, 76.4052581787, 76.7419509888, 77.0902481079, 77.4385452271, 77.7868499756, 78.1235351562, 78.4602279663, 78.8085250854, 79.1684341431, 79.5283432007, 79.8882522583, 80.3642578125, 80.8286590576, 81.2930603027, 81.7574615479, 82.2218551636, 82.6746444702, 83.1274337769, 83.5686187744, 84.0097961426, 84.4509735107, 84.9502029419, 85.449432373, 85.9602737427, 86.4478912354, 86.935508728, 87.4115142822, 87.8526992798, 88.3054885864, 88.7466659546, 89.1994552612, 89.6522445679, 90.1050338745, 90.5578231812, 90.9990005493, 91.451789856, 91.8929672241, 92.3457565308, 92.7869338989, 93.216506958, 93.6460723877, 94.0872573853, 94.5284347534, 94.9580001831, 95.3875732422, 95.8055343628, 96.223487854, 96.6646728516, 97.1174621582, 97.5818557739, 98.0346450806, 98.4758224487, 98.9170074463, 99.3581848145, 99.7877502441, 100.240539551, 100.681724548, 101.122901917, 101.575691223, 102.02848053, 102.458045959, 102.887619019, 103.305580139, 103.72353363, 104.141494751, 104.559455872, 104.977409363, 105.395370483, 105.813331604, 106.231292725, 106.649246216, 107.113647461, 107.578048706, 108.05405426, 108.541679382, 109.017684937, 109.482086182, 109.946479797, 110.410881042, 110.875282288, 111.351287842, 111.827301025, 112.291702271, 112.767707825, 113.243713379, 113.684898376, 114.126075745, 114.567253113, 115.008430481, 115.449615479, 115.879180908, 116.320358276, 116.773147583, 117.214332581, 117.678726196, 118.131515503, 118.58430481, 118.990653992, 119.397003174, 119.814964294, 120.232925415, 120.650878906, 121.068840027, 121.486801147, 121.904762268, 122.334327698, 122.763900757, 123.181854248, 123.611427307, 124.052604675, 124.482177734, 124.900131226, 125.318092346, 125.736053467, 126.154014587, 126.583580017, 127.001541138, 127.419502258, 127.82585144, 128.232192993, 128.638549805, 129.056503296, 129.474472046, 129.892425537, 130.310379028, 130.728347778, 131.14630127, 131.552658081, 131.958999634, 132.353744507, 132.771697998, 133.189651489, 133.596008301, 134.002349854, 134.420318604, 134.826660156, 135.233016968, 135.639358521, 136.045715332, 136.452056885, 136.870025635, 137.299591064, 137.740768433, 138.205169678, 138.646347046, 139.087524414, 139.528701782, 140.062759399, 140.596817017, 141.130874634, 141.676544189, 142.222213745, 142.837554932, 143.452880859, 144.068206787, 144.753189087, 145.414962769, 146.007064819, 146.610794067, 147.260955811, 147.911102295, 148.572875977, 149.118545532, 149.675827026, 150.221496582, 150.778778076, 151.324447632, 151.881713867, 152.438995361, 152.984664917, 153.55355835, 154.122451782, 154.714553833, 155.306671143, 155.898773193, 156.479278564, 157.059768677, 157.651885986, 158.243988037, 158.836090088, 159.428207397, 160.020309448, 160.589202881, 161.158096313, 161.726974487, 162.272644043, 162.818313599, 163.375595093, 163.921264648, 164.478546143, 164.977767944, 165.465393066, 165.929794312, 166.405807495, 166.858596802, 167.311386108, 167.740951538, 168.182128906, 168.623306274, 169.076095581, 169.528884888, 169.981674194, 170.434463501, 170.887252808, 171.421310425, 171.955368042, 172.489425659, 173.023483276, 173.557540894, 174.080001831, 174.60244751, 175.124893188, 175.647338867, 176.181396484, 176.715454102, 177.249526978, 177.783584595, 178.317642212, 178.840087891, 179.374145508, 179.815322876, 180.233291626, 180.662857056, 181.092422485, 181.510375977, 181.939956665, 182.369522095, 182.810699463, 183.240264893, 183.669830322, 184.099411011, 184.52897644, 184.946929932, 185.364898682, 185.782852173, 186.224029541, 186.653594971, 187.094787598, 187.524353027, 187.942306519, 188.371871948, 188.789840698, 189.219406128, 189.637359619, 190.043716431, 190.47328186, 190.90284729, 191.332427979, 191.761993408, 192.191558838, 192.632736206, 193.062316895, 193.491882324, 193.909835815, 194.327789307, 194.745758057, 195.152099609, 195.570068359, 195.988021851, 196.405975342, 196.83555603, 197.26512146, 197.717910767, 198.170700073, 198.62348938, 199.076278687, 199.494232178, 199.912200928, 200.31854248, 200.73651123, 201.16607666, 201.59564209, 202.02520752, 202.454788208, 202.872741699, 203.302307129, 203.731872559, 204.149841309, 204.5677948, 204.974151611, 205.403717041, 205.833282471, 206.2628479, 206.68081665, 207.098770142, 207.528335571, 207.95791626, 208.375869751, 208.805435181, 209.223403931, 209.641357422, 210.036102295, 210.442443848, 210.872009277, 211.289978027, 211.707931519, 212.137496948, 212.578674316, 213.019866943, 213.449432373, 213.878997803, 214.320175171, 214.761352539, 215.202529907, 215.643707275, 216.084899902, 216.526077271, 217.025299072, 217.524536133, 218.000534058, 218.476547241, 218.952560425, 219.41696167, 219.881362915, 220.334152222, 220.786941528, 221.239730835, 221.704116821, 222.168518066, 222.632919312, 223.085708618, 223.538497925, 223.991287231, 224.455688477, 224.908477783, 225.372879028, 225.837280273, 226.173965454, 226.510650635, 226.858947754, 227.207244873, 227.555557251, 227.90385437, 228.263763428, 228.635284424, 228.971969604, 229.308654785, 229.645339966, 229.982040405, 230.318725586, 230.667022705, 231.003707886, 231.317184448, 231.630645752, 231.944122314, 232.269195557, 232.594284058, 232.9193573, 233.256057739, 233.604354858, 233.941040039, 234.289337158, 234.637634277, 234.985931396, 235.322631836, 235.670928955, 236.007614136, 236.332687378, 236.64616394, 236.959625244, 237.273101807, 237.598175049, 237.92326355, 238.248336792, 238.573425293, 238.910110474, 239.258407593, 239.595092773, 239.931793213, 240.268478394, 240.744491577, 241.197280884, 241.65007019, 242.114456177, 242.578857422, 243.043258667, 243.507659912, 243.972061157, 244.424850464, 244.877639771, 245.330429077, 245.794830322, 246.259231567, 246.828109741, 247.408615112, 247.989105225, 248.592834473, 249.184936523, 249.777053833, 250.369155884, 250.961257935, 251.553375244, 252.157089233, 252.633102417, 253.097503662, 253.561904907, 254.037902832, 254.513916016, 254.978317261, 255.454330444, 255.930328369, 256.406341553, 256.882354736, 257.393188477, 257.892425537, 258.403259277, 258.890869141, 259.378509521, 259.866119385, 260.365356445, 260.852966309, 261.340576172, 261.804992676, 262.269378662, 262.733795166, 263.186584473, 263.650970459, 264.103759766, 264.556549072, 264.997741699, 265.438903809, 265.891693115, 266.332885742, 266.774047852, 267.203613281, 267.656402588, 268.120819092, 268.573608398, 269.026397705, 269.490783691, 269.943572998, 270.407989502, 270.883972168, 271.348388672, 271.801177979, 272.253967285, 272.718353271, 273.182769775, 273.635559082, 274.088348389, 274.552734375, 274.993927002, 275.446716309, 275.887878418, 276.340667725, 276.781860352, 277.223022461, 277.664215088, 278.105377197, 278.534973145, 278.964538574, 279.394104004, 279.835266113, 280.264862061, 280.69442749, 281.1355896, 281.588378906, 282.017944336, 282.459136963, 282.900299072, 283.353088379, 283.782684326, 284.223846436, 284.653411865, 285.094604492, 285.512542725, 285.930511475, 286.371704102, 286.812866211, 287.265655518, 287.718444824, 288.171234131, 288.624023438, 289.076812744, 289.529602051, 289.982391357, 290.423583984, 290.864746094, 291.329162598, 291.805175781, 292.269561768, 292.733947754, 293.209960938, 293.685974121, 294.161987305, 294.638000488, 295.114013672, 295.601623535, 296.077636719, 296.542022705, 296.994812012, 297.459228516, 297.923614502, 298.388031006, 298.864044189, 299.351654053, 299.839263916, 300.257232666, 300.663574219, 301.069915771, 301.476287842, 301.882629395, 302.288970947, 302.6953125, 303.11328125, 303.53125, 303.96081543, 304.37878418, 304.796722412, 305.203063965, 305.621032715, 306.039001465, 306.456970215, 306.85168457, 307.246429443, 307.641174316, 308.035919189, 308.430664062, 308.825378418, 309.220123291, 309.614868164, 310.021209717, 310.427581787, 310.84552002, 311.275085449, 311.704650879, 312.180664062, 312.656677246, 313.12109375, 313.585479736, 314.049865723, 314.514282227, 314.967071533, 315.41986084, 315.884246826, 316.34866333, 316.801452637, 317.254241943, 317.71862793, 318.21786499, 318.717102051, 319.227935791, 319.761993408, 320.296051025, 320.818511963, 321.282897949, 321.758911133, 322.246520996, 322.72253418, 323.198547363, 323.686157227, 324.15057373, 324.626556396, 325.0909729, 325.555358887, 326.019775391, 326.484161377, 326.936950684, 327.38973999, 327.830932617, 328.283721924, 328.74810791, 329.212524414, 329.665313721, 330.129699707, 330.594085693, 331.070098877, 331.546112061, 332.022125244, 332.498138428, 333.020568848, 333.519805908, 334.019042969, 334.541503906, 335.052337646, 335.563171387, 336.015960693, 336.46875, 336.921539307, 337.374328613, 337.82711792, 338.291503906, 338.744293213, 339.220306396, 339.6847229, 340.149108887, 340.62512207, 341.077911377, 341.530700684, 341.99508667, 342.459503174, 342.92388916, 343.399902344, 343.875915527, 344.351928711, 344.827941895, 345.315551758, 345.803161621, 346.290802002, 346.790008545, 347.254425049, 347.730438232, 348.194824219, 348.670837402, 349.262939453, 349.855041504, 350.447174072, 351.027648926, 351.608154297, 352.188659668, 352.757537842, 353.314819336, 353.87210083, 354.429382324, 354.998260498, 355.590393066, 356.182495117, 356.739776611, 357.285430908, 357.831115723, 358.37677002, 358.910827637, 359.444885254, 359.978942871, 360.501403809, 361.012237549, 361.569519043, 362.138397217, 362.695678711, 363.264587402, 363.833465576, 364.39074707, 364.948028564, 365.505310059, 366.062591553, 366.631469727, 367.2003479, 367.769256592, 368.338134766, 368.89541626, 369.464294434, 370.009979248, 370.567260742, 371.101318359, 371.635375977, 372.169433594, 372.703491211, 373.260772705, 373.806427002, 374.352111816, 374.897766113, 375.443450928, 375.989105225, 376.546386719, 377.103668213, 377.660949707, 378.229827881, 378.810333252, 379.379211426, 379.948120117, 380.505401611, 381.062683105, 381.631561279, 382.22366333, 382.804168701, 383.407897949, 383.988372803, 384.557281494, 385.126159668, 385.695037842, 386.263946533, 386.71673584, 387.169525146, 387.622314453, 388.051879883, 388.493041992, 388.945831299, 389.375427246, 389.816589355, 390.246154785, 390.675720215, 391.093688965, 391.511657715, 391.929595947, 392.347564697, 392.765533447, 393.18347168, 393.613067627, 394.031005859, 394.448974609, 394.878540039, 395.342926025, 395.818939209, 396.30657959, 396.770965576, 397.223754883, 397.66494751, 398.106109619, 398.558898926, 399.011688232, 399.452880859, 399.894042969, 400.312011719, 400.729980469, 401.136322021, 401.542663574, 401.960632324, 402.378601074, 402.796539307, 403.214508057, 403.644073486, 404.073638916, 404.514831543, 404.955993652, 405.397186279, 405.838348389, 406.279541016, 406.732330322, 407.219940186, 407.695953369, 408.171966553, 408.659576416, 409.112365723, 409.576782227, 410.041168213, 410.49395752, 410.946746826, 411.387939453, 411.805877686, 412.223846436, 412.641815186, 413.048156738, 413.454498291, 413.872467041, 414.290435791, 414.708374023, 415.126342773, 415.532684326, 415.950653076, 416.356994629, 416.763336182, 417.169708252, 417.564422607, 417.95916748, 418.365539551, 418.771881104, 419.189819336, 419.607788086, 420.037353516, 420.466918945, 420.896514893, 421.302856445, 421.697601318, 422.103942871, 422.510284424, 422.916625977, 423.322998047, 423.7293396, 424.135681152, 424.530426025, 424.936767578, 425.343109131, 425.761077881, 426.179046631, 426.596984863, 427.003356934, 427.409698486, 427.816040039, 428.222381592, 428.617126465, 429.011871338, 429.429840088, 429.84777832, 430.254150391, 430.660491943, 431.055236816, 431.461578369, 431.867919922, 432.274291992, 432.680633545, 433.086975098, 433.49331665, 433.9112854, 434.32925415, 434.735595703, 435.141937256, 435.617950439, 436.093963623, 436.581573486, 437.05758667, 437.533599854, 438.021209717, 438.566894531, 439.112548828, 439.658233643, 440.203887939, 440.749572754, 441.306854248, 441.852508545, 442.409790039, 442.99029541, 443.582397461, 444.162902832, 444.743408203, 445.312286377, 445.892791748, 446.461669922, 447.030548096, 447.58782959, 448.145111084, 448.702392578, 449.259674072, 449.828552246, 450.420684814, 451.024383545, 451.628112793, 452.208618164, 452.789093018, 453.416046143, 454.03137207, 454.646697998, 455.250427246, 455.865753174, 456.434631348, 457.015136719, 457.584014893, 458.141296387, 458.698577881, 459.255859375, 459.813140869, 460.358825684, 460.91607666, 461.473358154, 462.030639648, 462.495056152, 462.959442139, 463.447052002, 463.992736816, 464.538391113, 465.084075928, 465.641357422, 466.175415039, 466.709472656, 467.255126953, 467.777587891, 468.358093262, 468.926971436, 469.48425293, 470.041534424, 470.598815918, 471.132873535, 471.690155029, 472.247436523, 472.816314697, 473.361999512, 473.919250488, 474.464935303, 475.0105896, 475.602722168, 476.194824219, 476.798553467, 477.332611084, 477.866668701, 478.412322998, 478.876739502, 479.352722168, 479.817138672, 480.269927979, 480.722717285, 481.163879395, 481.616668701, 482.069458008, 482.510650635, 482.951812744, 483.416229248, 483.880615234, 484.345031738, 484.809417725, 485.273834229, 485.749847412, 486.202636719, 486.655395508, 487.096588135, 487.549377441, 488.002166748, 488.454956055, 488.907745361, 489.360534668, 489.813323975, 490.254516602, 490.707305908, 491.171691895, 491.636077881, 492.100494385, 492.541656494, 492.982849121, 493.412414551, 493.853607178, 494.294769287, 494.747558594, 495.211975098, 495.676361084, 496.14074707, 496.581939697, 497.034729004, 497.464294434, 497.893859863, 498.33505249, 498.76461792, 499.19418335, 499.623748779, 500.064941406, 500.494506836, 500.935668945, 501.376861572, 501.829650879, 502.282440186, 502.735229492, 503.176422119, 503.594360352, 504.023925781, 504.453491211, 504.894683838, 505.301025391, 505.707397461, 506.113739014, 506.520080566, 506.926422119, 507.344390869, 507.750732422, 508.168701172, 508.598266602, 509.004608154, 509.422576904, 509.840545654, 510.258483887, 510.664855957, 511.07119751, 511.477539062, 511.883880615, 512.278625488, 512.696594238, 513.114562988, 513.544128418, 513.985290527, 514.449707031, 514.914123535, 515.378479004, 515.900939941, 516.423400879, 516.945861816, 517.456665039, 517.967529297, 518.47833252, 518.966003418, 519.441955566, 519.91796875, 520.393981934, 520.881652832, 521.369262695, 521.891662598, 522.402526855, 522.924987793, 523.551940918, 524.167236328, 524.782592773, 525.397888184, 526.013244629, 526.640197754, 527.267089844, 527.812805176, 528.358459473, 528.90411377, 529.380126953, 529.856140137, 530.320556641, 530.75012207, 531.1796875, 531.60925293, 532.038818359, 532.456787109, 532.874755859, 533.281066895, 533.687438965, 534.09375, 534.50012207, 534.91809082, 535.34765625, 535.77722168, 536.19519043, 536.589904785, 536.984680176, 537.390991211, 537.797363281, 538.215332031, 538.644897461, 539.062866211, 539.469177246, 539.863952637, 540.258666992, 540.653442383, 541.071350098, 541.500915527, 541.930541992, 542.360107422, 542.789672852, 543.195983887, 543.602355957, 544.031921387, 544.449890137, 544.867858887, 545.297424316, 545.726989746, 546.156555176, 546.586120605, 547.166625977, 547.747131348, 548.327636719, 548.966186523, 549.616333008, 550.289672852, 550.96307373, 551.636474609, 552.309814453, 552.994812012, 553.67980957, 554.399597168, 555.13104248, 555.862487793, 556.570678711, 557.290527344, 557.998718262, 558.70690918, 559.415161133, 560.123352051, 560.808349609, 561.493347168, 562.166687012, 562.840087891, 563.525085449, 564.210083008, 564.895019531, 565.56842041, 566.253417969, 566.938415527, 567.623413086, 568.308349609, 569.005004883, 569.689941406, 570.386535645], "beats_loudness": {"dmean2": 0.0232172179967, "median": 0.00182068475988, "min": 4.21879718715e-07, "dvar2": 0.00336221256293, "dvar": 0.00115855236072, "dmean": 0.0133653152734, "max": 0.44645217061, "var": 0.00144808704499, "mean": 0.0166733637452}, "danceability": 0.826649725437, "bpm_histogram_second_peak_weight": {"dmean2": 0, "median": 0.0989282801747, "min": 0.0989282801747, "dvar2": 0, "dvar": 0, "dmean": 0, "max": 0.0989282801747, "var": 0, "mean": 0.0989282801747}, "beats_count": 1214, "bpm_histogram_second_peak_bpm": {"dmean2": 0, "median": 144, "min": 144, "dvar2": 0, "dvar": 0, "dmean": 0, "max": 144, "var": 0, "mean": 144}, "bpm_histogram_first_peak_spread": {"dmean2": 0, "median": 0.630102038383, "min": 0.630102038383, "dvar2": 0, "dvar": 0, "dmean": 0, "max": 0.630102038383, "var": 0, "mean": 0.630102038383}, "beats_loudness_band_ratio": {"dmean2": [0.24512411654, 0.392435282469, 0.37435823679, 0.165812432766, 0.0124173508957, 0.000646314176265], "median": [0.0882129445672, 0.270458996296, 0.395181298256, 0.0419118739665, 0.00246767094359, 4.70123195555e-05], "min": [0.00100470252801, 0.000154180845129, 0.000168085927726, 8.17772233859e-05, 6.61365902488e-06, 1.29879185806e-06], "dvar2": [0.0669639036059, 0.109274983406, 0.100797913969, 0.0649538710713, 0.000495192827657, 2.0604279598e-06], "dvar": [0.0246610734612, 0.0432841442525, 0.0415125451982, 0.0252035744488, 0.000163353659445, 7.02508714312e-07], "dmean": [0.142136991024, 0.223735958338, 0.21772018075, 0.0965690389276, 0.0069315712899, 0.000352393806679], "max": [0.999019265175, 0.980767846107, 0.991042017937, 0.987033426762, 0.108872540295, 0.0110583649948], "var": [0.0470545999706, 0.0801636502147, 0.0908150225878, 0.0371592827141, 0.000169639330124, 6.13816609984e-07], "mean": [0.178027451038, 0.341037005186, 0.437947303057, 0.118582248688, 0.00790621060878, 0.000343417486874]}}, "lowlevel": {"barkbands_spread": {"dmean2": 1.72756886482, "median": 3.87472820282, "min": 0.118278495967, "dvar2": 4.74266052246, "dvar": 1.88564765453, "dmean": 1.08691799641, "max": 24.663526535, "var": 9.56629371643, "mean": 4.47806882858}, "melbands_spread": {"dmean2": 2.22221589088, "median": 5.77202510834, "min": 0.0996191576123, "dvar2": 7.94138431549, "dvar": 3.39327406883, "dmean": 1.43406271935, "max": 44.1359214783, "var": 22.7323207855, "mean": 6.70975399017}, "hfc": {"dmean2": 1.81303203106, "median": 0.513272106647, "min": 7.64475771575e-08, "dvar2": 61.55519104, "dvar": 35.3599395752, "dmean": 1.33355867863, "max": 411.524078369, "var": 216.929016113, "mean": 5.43078184128}, "barkbands_kurtosis": {"dmean2": 13.8436555862, "median": 3.41807174683, "min": -1.92238974571, "dvar2": 7354.23291016, "dvar": 2495.31665039, "dmean": 8.33958339691, "max": 1678.37902832, "var": 3707.68994141, "mean": 13.4571428299}, "gfcc": {"mean": [-325.027008057, 219.985122681, -106.894897461, -45.6962242126, -37.1888771057, -22.1224899292, -25.6886844635, -9.06611347198, -7.77117156982, -7.09211301804, -2.52282428741, -4.31306123734, -4.65501642227], "icov": [[0.000859222840518, -0.00124360213522, 0.0016554921167, -0.00171272153966, 0.00111080612987, -0.000107733423647, -0.000373233022401, 0.00155224627815, -0.00194944161922, 0.00205270852894, -0.00171802053228, 0.00150721729733, -0.000440065923613], [-0.00124360213522, 0.00494791660458, -0.00358266849071, 0.00474969809875, -0.004018697422, 0.00229948665947, -0.00207977858372, 0.00169001787435, -9.24487248994e-05, 0.000592667609453, 0.000284255045699, 0.000591521209572, -0.000194039967027], [0.0016554921167, -0.00358266849071, 0.00509635591879, -0.00419949786738, 0.00376855419017, -0.00249850051478, 0.00211340258829, 0.000327684974764, -0.00108118075877, 0.00106537854299, -0.00118211552035, 0.00130844558589, 0.000295476900646], [-0.00171272153966, 0.00474969809875, -0.00419949786738, 0.00712394807488, -0.00459116417915, 0.00183024478611, -0.00296862609684, 0.00105670304038, 0.00133305916097, -0.00241362582892, 0.00305760465562, -0.00220745778643, 0.00148587243166], [0.00111080612987, -0.004018697422, 0.00376855419017, -0.00459116417915, 0.00763059174642, -0.00287653389387, 0.00308941071853, -0.00203705020249, 0.00086037942674, 0.000796571897808, -0.00114668463357, 0.000824978284072, -0.000295531441225], [-0.000107733423647, 0.00229948665947, -0.00249850051478, 0.00183024478611, -0.00287653389387, 0.00756048876792, -0.0039961701259, 0.00275643682107, -0.000770417158492, 0.000477189692901, 0.00231272634119, -0.00228387420066, 0.000249761738814], [-0.000373233022401, -0.00207977858372, 0.00211340258829, -0.00296862609684, 0.00308941071853, -0.0039961701259, 0.0110525563359, -0.00899937190115, 0.00669329753146, -0.00431286729872, 0.00318854604848, -0.000614599848632, -6.09453272773e-05], [0.00155224627815, 0.00169001787435, 0.000327684974764, 0.00105670304038, -0.00203705020249, 0.00275643682107, -0.00899937190115, 0.0166065432131, -0.0130086569116, 0.00869941152632, -0.0047223190777, 0.00307241710834, 0.000391484529246], [-0.00194944161922, -9.24487248994e-05, -0.00108118075877, 0.00133305916097, 0.00086037942674, -0.000770417158492, 0.00669329753146, -0.0130086569116, 0.0211356133223, -0.0159237254411, 0.00841423776001, -0.00613502319902, 0.00225085136481], [0.00205270852894, 0.000592667609453, 0.00106537854299, -0.00241362582892, 0.000796571897808, 0.000477189692901, -0.00431286729872, 0.00869941152632, -0.0159237254411, 0.0241177473217, -0.0167501810938, 0.0108926119283, -0.00446152826771], [-0.00171802053228, 0.000284255045699, -0.00118211552035, 0.00305760465562, -0.00114668463357, 0.00231272634119, 0.00318854604848, -0.0047223190777, 0.00841423776001, -0.0167501810938, 0.0268486440182, -0.0196650829166, 0.0102625237778], [0.00150721729733, 0.000591521209572, 0.00130844558589, -0.00220745778643, 0.000824978284072, -0.00228387420066, -0.000614599848632, 0.00307241710834, -0.00613502319902, 0.0108926119283, -0.0196650829166, 0.0263483449817, -0.0138378869742], [-0.000440065923613, -0.000194039967027, 0.000295476900646, 0.00148587243166, -0.000295531441225, 0.000249761738814, -6.09453272773e-05, 0.000391484529246, 0.00225085136481, -0.00446152826771, 0.0102625237778, -0.0138378869742, 0.0159852299839]], "cov": [[22249.5898438, 2558.78564453, -5621.64941406, 1050.47729492, 448.761352539, -1852.46154785, 602.240356445, -1074.27893066, -48.7722892761, -853.817199707, -112.525283813, -822.251953125, -155.295684814], [2558.78564453, 1312.09777832, -396.891937256, -382.873199463, 174.481521606, -324.989929199, -92.7532348633, -255.468811035, -90.1875534058, -210.149581909, -42.7830162048, -173.463363647, -25.1477985382], [-5621.64941406, -396.891937256, 2009.08093262, -143.666625977, -173.48588562, 535.919372559, -215.482925415, 159.887496948, -20.2580223083, 194.239822388, -9.87686538696, 152.0806427, -4.62202739716], [1050.47729492, -382.873199463, -143.666625977, 694.143615723, 72.1380310059, 50.6717758179, 179.268722534, -20.7290744781, -16.2409095764, -4.6318230629, -50.8850631714, -33.8744430542, -31.5240345001], [448.761352539, 174.481521606, -173.48588562, 72.1380310059, 287.710449219, 2.66276454926, 7.40400648117, -29.4316043854, -48.3032226562, -63.9972457886, -25.0289096832, -22.0288734436, 2.93861055374], [-1852.46154785, -324.989929199, 535.919372559, 50.6717758179, 2.66276454926, 399.202850342, 47.119720459, 74.5174560547, -40.8350257874, 31.7527999878, -47.6885528564, 78.3060455322, 35.6232299805], [602.240356445, -92.7532348633, -215.482925415, 179.268722534, 7.40400648117, 47.119720459, 279.758056641, 88.6305084229, -17.5786857605, -39.7396240234, -59.250667572, -41.2144927979, -5.1856174469], [-1074.27893066, -255.468811035, 159.887496948, -20.7290744781, -29.4316043854, 74.5174560547, 88.6305084229, 259.088806152, 102.874755859, 68.4389801025, 10.7789049149, 32.0695571899, -15.9623231888], [-48.7722892761, -90.1875534058, -20.2580223083, -16.2409095764, -48.3032226562, -40.8350257874, -17.5786857605, 102.874755859, 184.674789429, 116.492599487, 53.164478302, 15.1417274475, -17.9089870453], [-853.817199707, -210.149581909, 194.239822388, -4.6318230629, -63.9972457886, 31.7527999878, -39.7396240234, 68.4389801025, 116.492599487, 199.622817993, 97.5415649414, 50.1416320801, -12.6264028549], [-112.525283813, -42.7830162048, -9.87686538696, -50.8850631714, -25.0289096832, -47.6885528564, -59.250667572, 10.7789049149, 53.164478302, 97.5415649414, 153.968841553, 79.9993438721, -8.76920890808], [-822.251953125, -173.463363647, 152.0806427, -33.8744430542, -22.0288734436, 78.3060455322, -41.2144927979, 32.0695571899, 15.1417274475, 50.1416320801, 79.9993438721, 162.941040039, 74.5781784058], [-155.295684814, -25.1477985382, -4.62202739716, -31.5240345001, 2.93861055374, 35.6232299805, -5.1856174469, -15.9623231888, -17.9089870453, -12.6264028549, -8.76920890808, 74.5781784058, 130.049209595]]}, "spectral_energyband_middle_low": {"dmean2": 0.00306900707074, "median": 0.000930849229917, "min": 3.143434818e-11, "dvar2": 0.000101232159068, "dvar": 5.50647309865e-05, "dmean": 0.00220215576701, "max": 0.306822419167, "var": 0.000464540469693, "mean": 0.00864708051085}, "melbands_crest": {"dmean2": 4.05872488022, "median": 15.9485464096, "min": 4.37013149261, "dvar2": 17.4832897186, "dvar": 6.91805744171, "dmean": 2.55721282959, "max": 39.6772117615, "var": 39.1269721985, "mean": 16.9266262054}, "spectral_kurtosis": {"dmean2": 44.0300178528, "median": 94.4986343384, "min": -1.16919827461, "dvar2": 1756.68933105, "dvar": 633.931396484, "dmean": 25.9040088654, "max": 391.027496338, "var": 3590.74072266, "mean": 98.2995986938}, "spectral_rms": {"dmean2": 0.000369523739209, "median": 0.00107380654663, "min": 6.56699910451e-07, "dvar2": 4.78004722027e-07, "dvar": 2.73733775202e-07, "dmean": 0.000267608033027, "max": 0.0222081914544, "var": 6.40221696813e-06, "mean": 0.00205595674925}, "zerocrossingrate": {"dmean2": 0.00255084619857, "median": 0.02197265625, "min": 0, "dvar2": 1.04504761111e-05, "dvar": 6.59309307594e-06, "dmean": 0.00199020560831, "max": 0.0927734375, "var": 7.07050421624e-05, "mean": 0.0233317799866}, "silence_rate_60dB": {"dmean2": 0.0658616870642, "median": 1, "min": 0, "dvar2": 0.0686143562198, "dvar": 0.0318546742201, "dmean": 0.0329295061529, "max": 1, "var": 0.21462868154, "mean": 0.687995433807}, "erbbands_kurtosis": {"dmean2": 3.66756296158, "median": 2.04106426239, "min": -1.8117787838, "dvar2": 50.1722679138, "dvar": 23.236289978, "dmean": 2.47866177559, "max": 214.712310791, "var": 132.809570312, "mean": 6.37769269943}, "erbbands": {"dmean2": [0.00345053221099, 0.0934756249189, 0.308029323816, 0.954920887947, 2.70799660683, 2.83651041985, 5.7166633606, 8.81006813049, 14.9696102142, 17.0657291412, 13.5817260742, 10.4584512711, 9.01093292236, 10.2111787796, 9.54215240479, 9.46875095367, 4.91093873978, 2.74492263794, 3.238458395, 2.25561118126, 1.23008692265, 1.1693803072, 1.08631122112, 0.526855349541, 0.20297087729, 0.120333507657, 0.0622317120433, 0.0346766635776, 0.0199098847806, 0.0101709561422, 0.00486464705318, 0.00203886115924, 0.000891245843377, 0.000273265002761, 0.000110954111733, 1.62573232956e-05, 4.63565629616e-06, 9.10270728127e-07, 1.73370108314e-06, 4.04264028475e-06], "median": [0.000218895365833, 0.00192018214148, 0.00972742587328, 0.039756346494, 0.124902039766, 0.196621954441, 0.452913045883, 1.01631689072, 1.59382069111, 1.61085605621, 1.01005744934, 0.606029272079, 0.439060747623, 0.418908804655, 0.305371195078, 0.268743962049, 0.134132787585, 0.075561247766, 0.0445610322058, 0.028411148116, 0.0150691214949, 0.00912432558835, 0.00467916205525, 0.00179990951438, 0.000512635451742, 0.000145041456562, 6.62770762574e-05, 3.76467069145e-05, 2.16277003346e-05, 1.47212867887e-05, 1.10810506158e-05, 8.64831145009e-06, 6.72565101922e-06, 5.17372154718e-06, 3.60227181773e-06, 2.29979218602e-06, 1.19398134757e-06, 4.10207860568e-07, 6.28255293122e-07, 1.33443927552e-06], "min": [7.91065613015e-09, 3.12898649213e-08, 5.54797772168e-08, 4.26037303214e-08, 1.59603992245e-08, 3.42359172123e-08, 4.52964705744e-08, 1.47080978508e-08, 7.15739645329e-08, 7.3458288341e-08, 5.32624433447e-08, 6.44196802568e-08, 3.90459788946e-08, 3.06113463466e-08, 3.03626563891e-08, 4.01889828083e-08, 4.27145323556e-08, 5.23188568025e-08, 6.14272295252e-08, 4.31596092199e-08, 3.12861523355e-08, 2.52476226592e-08, 1.57519508548e-08, 2.291908351