{"tonal": {"thpcp": [1, 0.688181459904, 0.158909767866, 0.0585515461862, 0.062123298645, 0.0758962184191, 0.0891375094652, 0.124183952808, 0.201800614595, 0.203962609172, 0.121164761484, 0.0771515741944, 0.0629611462355, 0.073715955019, 0.173764228821, 0.399917960167, 0.379468083382, 0.167317032814, 0.175822719932, 0.261555105448, 0.282103806734, 0.281045645475, 0.225670322776, 0.127407878637, 0.0912252292037, 0.115684300661, 0.178380131721, 0.201034918427, 0.144292071462, 0.131480291486, 0.1691981107, 0.14242349565, 0.0828170925379, 0.0608975924551, 0.1026045084, 0.511035323143], "hpcp": {"dmean2": [0.0893341451883, 0.129107490182, 0.288039296865, 0.261922061443, 0.342588543892, 0.172662466764, 0.0794567763805, 0.0925839990377, 0.0915731042624, 0.087528988719, 0.140265062451, 0.182781040668, 0.177472546697, 0.125137522817, 0.100923240185, 0.0889396071434, 0.103854462504, 0.142448738217, 0.198893651366, 0.220974072814, 0.161554381251, 0.194900169969, 0.252760440111, 0.227870240808, 0.196949586272, 0.199815511703, 0.153691470623, 0.121122427285, 0.132500886917, 0.149679869413, 0.145578816533, 0.155215859413, 0.140929952264, 0.115820877254, 0.118066735566, 0.097014605999], "median": [0.00578025216237, 0.0119500607252, 0.218171820045, 0.551854193211, 0.335672616959, 0.0327253751457, 0.00467625074089, 0.00467731105164, 0.00456403242424, 0.0039664581418, 0.0154742421582, 0.0454417355359, 0.048537645489, 0.0200035870075, 0.00920717790723, 0.00533386599272, 0.00531203206629, 0.0317766629159, 0.0982406139374, 0.0890611559153, 0.0294671002775, 0.0199212376028, 0.0229029357433, 0.0284008309245, 0.034630972892, 0.0247042700648, 0.00935288053006, 0.00540162064135, 0.00647669890895, 0.0190490763634, 0.0315486527979, 0.0252445433289, 0.0124237919226, 0.00706346426159, 0.00946652982384, 0.00942228455096], "min": [0, 0, 0, 0, 0, 0, 0, 0, 0, 0, 0, 0, 0, 0, 0, 0, 0, 0, 0, 0, 0, 0, 0, 0, 0, 0, 0, 0, 0, 0, 0, 0, 0, 0, 0, 0], "dvar2": [0.0588976144791, 0.0590870976448, 0.0932840630412, 0.10525149852, 0.103220112622, 0.0529096573591, 0.0385573841631, 0.0665163397789, 0.067082516849, 0.0537876822054, 0.0879521891475, 0.0779557749629, 0.070494890213, 0.0587470903993, 0.065014116466, 0.0498199425638, 0.0626060515642, 0.0615074150264, 0.0729371532798, 0.0912583246827, 0.0645500868559, 0.103506602347, 0.15070065856, 0.13663521409, 0.10688239336, 0.114441409707, 0.0978931635618, 0.074486926198, 0.0872611626983, 0.0792084261775, 0.0692351460457, 0.072512306273, 0.0620162636042, 0.057398609817, 0.0605308152735, 0.0539380759001], "dvar": [0.0198279172182, 0.0212415270507, 0.0349083133042, 0.0462238490582, 0.0405927598476, 0.0195521768183, 0.0139569761232, 0.0223591774702, 0.0237072221935, 0.0190602969378, 0.0299172066152, 0.0279801655561, 0.0256413854659, 0.0208852402866, 0.0224229861051, 0.0180911999196, 0.0216746777296, 0.0227040722966, 0.0297064278275, 0.035542499274, 0.0235807914287, 0.0361774414778, 0.0526753179729, 0.0476621948183, 0.0380804687738, 0.0411178916693, 0.0347498729825, 0.0267291031778, 0.0327442996204, 0.0302834343165, 0.0280502289534, 0.0266271810979, 0.0220456738025, 0.0213355403394, 0.0214969348162, 0.0187595244497], "dmean": [0.047475617379, 0.0710740983486, 0.166508421302, 0.156341001391, 0.201913893223, 0.0968984216452, 0.0427749268711, 0.0496724545956, 0.0495266877115, 0.0477602630854, 0.0775515139103, 0.105390496552, 0.10377112031, 0.0705368667841, 0.0549812614918, 0.0480898544192, 0.0561970286071, 0.0837248340249, 0.122467257082, 0.13453347981, 0.0920188203454, 0.10887914151, 0.140221461654, 0.127853855491, 0.113954335451, 0.113546058536, 0.0842776298523, 0.0657230392098, 0.0735852494836, 0.0872113704681, 0.0865503624082, 0.0874419733882, 0.0774509906769, 0.0643484070897, 0.0668465867639, 0.0535979345441], "max": [1, 1, 1, 1, 1, 1, 1, 1, 1, 1, 1, 1, 1, 1, 1, 1, 1, 1, 1, 1, 1, 1, 1, 1, 1, 1, 1, 1, 1, 1, 1, 1, 1, 1, 1, 1], "var": [0.0124486619607, 0.0173630174249, 0.0726435780525, 0.163150772452, 0.0922147706151, 0.0211188476533, 0.0110970102251, 0.0147493574768, 0.0224289298058, 0.0264882408082, 0.0266869328916, 0.0297528039664, 0.0303364135325, 0.0205020308495, 0.0163080748171, 0.0134890405461, 0.0159047581255, 0.0314880013466, 0.0801886841655, 0.0750234127045, 0.0263773165643, 0.0356729999185, 0.0682658404112, 0.0753266662359, 0.0682010799646, 0.0528536662459, 0.0291290748864, 0.020419774577, 0.0332686081529, 0.0439621321857, 0.0469934046268, 0.0253233741969, 0.0272298790514, 0.054647129029, 0.0372111611068, 0.0159382726997], "mean": [0.0339158736169, 0.0571438297629, 0.284612387419, 0.556932926178, 0.383270919323, 0.0885020792484, 0.0326092839241, 0.0345985107124, 0.042269103229, 0.0496436133981, 0.0691621303558, 0.112389408052, 0.113593496382, 0.0674806460738, 0.0429682508111, 0.0350651368499, 0.041054841131, 0.0967750176787, 0.222727477551, 0.21133826673, 0.0931843668222, 0.0979214608669, 0.145668655634, 0.157112896442, 0.156523570418, 0.125683233142, 0.0709576457739, 0.0508063323796, 0.064428396523, 0.0993457660079, 0.111962966621, 0.0803610086441, 0.0732256993651, 0.0942320004106, 0.0793203338981, 0.0461235642433]}, "tuning_equal_tempered_deviation": 0.238401576877, "chords_changes_rate": 0.0623512603343, "key_key": "D#", "tuning_diatonic_strength": 0.50601708889, "key_scale": "major", "chords_number_rate": 0.00618752976879, "tuning_frequency": 452.37008667, "tuning_nontempered_energy_ratio": 0.835944890976, "chords_histogram": [12.1370773315, 0, 8.56734848022, 0.380771070719, 1.71346974373, 5.80675888062, 1.76106619835, 0, 0, 0, 0, 0, 1.18990957737, 2.14183712006, 0.428367435932, 2.5702047348, 0.571156620979, 39.0290336609, 8.23417377472, 10.2332220078, 0.0475963838398, 1.23750591278, 3.09376478195, 0.856734871864], "key_strength": 0.666729807854, "chords_key": "D#", "chords_strength": {"dmean2": 0.0099011734128, "median": 0.506498634815, "min": 0.255728185177, "dvar2": 8.01062778919e-05, "dvar": 6.36966942693e-05, "dmean": 0.00950701721013, "max": 0.77939260006, "var": 0.00733152125031, "mean": 0.507739007473}, "chords_scale": "minor", "hpcp_entropy": {"dmean2": 0.979431331158, "median": 2.56056451797, "min": 0, "dvar2": 0.618567943573, "dvar": 0.223504826427, "dmean": 0.577410697937, "max": 4.20865058899, "var": 0.44139161706, "mean": 2.50558328629}}, "metadata": {"audio_properties": {"equal_loudness": 0, "codec": "mp3", "downmix": "mix", "sample_rate": 44100, "analysis_sample_rate": 44100, "bit_rate": 160000, "md5_encoded": "8b6f1bbdae31bf2cd457a8c7b0829467", "length": 97.4889831543, "replay_gain": 3.79427528381, "lossless": false}, "version": {"essentia_build_sha": "ca57ba49d9b1854bd80e60cf9ccf267278fb7d6b", "essentia": "2.1-beta1", "extractor": "music 1.0", "essentia_git_sha": "v2.1_beta1-28-g21ef5f4-dirty"}, "tags": {"title": ["Raga Shree - Alap"], "language": ["bra"], "media": ["CD"], "albumartist": ["C R Vyas"], "musicbrainz_recordingid": ["077d538e-545a-4098-8997-76742fb26d39"], "musicbrainz_albumartistid": ["8e91345d-7538-4947-b3e8-e2cbd25f1d5d"], "discnumber": ["1/1"], "album": ["The Eternal Rhapsody"], "catalognumber": ["NR01202"], "musicbrainz album release country": ["IN"], "musicbrainz album type": ["live"], "musicbrainz album status": ["official"], "file_name": "1_01 - Raga Shree - Alap.mp3", "date": ["2000"], "genre": ["Hindustani Classical"], "script": ["Latn"], "originaldate": ["2000"], "musicbrainz_albumid": ["f1f41b32-501d-461f-9fc2-ee73658f0893"], "tracknumber": ["1/8"], "encodedby": ["iTunes 10.7"], "artist": ["C R Vyas"], "label": ["Sony NAD"], "albumartistsort": ["C R Vyas"], "musicbrainz_artistid": ["8e91345d-7538-4947-b3e8-e2cbd25f1d5d"]}}, "rhythm": {"bpm_histogram_first_peak_bpm": {"dmean2": 0, "median": 144, "min": 144, "dvar2": 0, "dvar": 0, "dmean": 0, "max": 144, "var": 0, "mean": 144}, "bpm": 142.412780762, "bpm_histogram_second_peak_spread": {"dmean2": 0, "median": 0.258064508438, "min": 0.258064508438, "dvar2": 0, "dvar": 0, "dmean": 0, "max": 0.258064508438, "var": 0, "mean": 0.258064508438}, "bpm_histogram_first_peak_weight": {"dmean2": 0, "median": 0.25, "min": 0.25, "dvar2": 0, "dvar": 0, "dmean": 0, "max": 0.25, "var": 0, "mean": 0.25}, "onset_rate": 1.11794197559, "beats_position": [0.510838985443, 1.03328800201, 1.55573689938, 2.07818579674, 2.60063481331, 3.08825397491, 3.5758728981, 4.05188179016, 4.52789115906, 5.01551008224, 5.4915189743, 5.95591831207, 6.420317173, 6.88471651077, 7.3491153717, 7.8251247406, 8.3011341095, 8.76553249359, 9.18349170685, 9.6014509201, 10.0194101334, 10.4373693466, 10.8553285599, 11.2732877731, 11.6912469864, 12.1092061996, 12.5503854752, 12.9915647507, 13.4327430725, 13.873922348, 14.3267116547, 14.8607711792, 15.3948297501, 15.9172782898, 16.4513378143, 16.9853973389, 17.5078449249, 18.0302944183, 18.5527439117, 19.0751914978, 19.5628108978, 20.0388202667, 20.5264396667, 20.9560089111, 21.3971881866, 21.8383674622, 22.2679367065, 22.7439460754, 23.219953537, 23.6959629059, 24.1719722748, 24.6479816437, 25.1239910126, 25.6116104126, 26.0992279053, 26.5868473053, 27.0396366119, 27.4924259186, 27.9452152252, 28.3747844696, 28.8159637451, 29.2455329895, 29.6751022339, 30.1162815094, 30.5574588776, 30.9986381531, 31.4398174286, 31.8809967041, 32.322177887, 32.7517471313, 33.1813163757, 33.6108856201, 34.0404510498, 34.4700202942, 34.8879814148, 35.3059387207, 35.7355079651, 36.1650772095, 36.5946464539, 37.0126075745, 37.4189567566, 37.8253059387, 38.2432632446, 38.6612243652, 39.0791816711, 39.4971427917, 39.9151000977, 40.3330612183, 40.7510185242, 41.1689796448, 41.5869369507, 42.0165061951, 42.4460754395, 42.8872566223, 43.340045929, 43.7928352356, 44.2340126038, 44.6751937866, 45.1163711548, 45.5459403992, 45.9755096436, 46.439907074, 46.9043083191, 47.3687057495, 47.8331069946, 48.297504425, 48.7619056702, 49.2263031006, 49.6790924072, 50.1318817139, 50.5962791443, 51.0606803894, 51.5250778198, 51.9894790649, 52.4074363708, 52.8370056152, 53.2665748596, 53.6845359802, 54.1024932861, 54.5204544067, 54.9384117126, 55.3563690186, 55.7743301392, 56.1922874451, 56.6102485657, 57.0282058716, 57.4345550537, 57.8409042358, 58.2588653564, 58.6768226624, 59.094783783, 59.5359611511, 59.9655303955, 60.3950996399, 60.8246688843, 61.2426300049, 61.6605873108, 62.0785484314, 62.4965057373, 62.9144668579, 63.3440361023, 63.7619934082, 64.1915664673, 64.621131897, 65.0507049561, 65.4686584473, 65.8982315063, 66.327796936, 66.7573699951, 67.1869354248, 67.6281204224, 68.0576858521, 68.4872512817, 68.9168243408, 69.3463897705, 69.7759628296, 70.2055282593, 70.6351013184, 71.0414505005, 71.4477996826, 71.8541488647, 72.2721099854, 72.701675415, 73.1312484741, 73.5608139038, 73.9903869629, 74.4083404541, 74.8146896362, 75.2326507568, 75.6506118774, 76.068572998, 76.4865264893, 76.9044876099, 77.3224487305, 77.7287979126, 78.1467590332, 78.5647125244, 78.9710617065, 79.3890228271, 79.8069839478, 80.2133331299, 80.619682312, 81.0260314941, 81.4439926147, 81.8735580444, 82.3147354126, 82.7443084717, 83.1854858398, 83.6150588989, 84.0562362671, 84.4974136353, 84.9269790649, 85.356552124, 85.7861175537, 86.2621307373, 86.7265319824, 87.2141494751, 87.7946472168, 88.3751449585, 88.9556427002, 89.6058044434, 90.244354248, 90.8829040527, 91.5330581665, 92.1716079712, 92.8101577759, 93.4370956421, 94.0640335083, 94.6909713745, 95.3179092407, 95.9448471069, 96.5717926025, 97.1987304688], "beats_loudness": {"dmean2": 0.0412340573967, "median": 0.0251101218164, "min": 2.81535612885e-05, "dvar2": 0.00333781982772, "dvar": 0.0012660730863, "dmean": 0.0236147847027, "max": 0.287988126278, "var": 0.00155753374565, "mean": 0.0379949845374}, "danceability": 0.858244776726, "bpm_histogram_second_peak_weight": {"dmean2": 0, "median": 0.108490563929, "min": 0.108490563929, "dvar2": 0, "dvar": 0, "dmean": 0, "max": 0.108490563929, "var": 0, "mean": 0.108490563929}, "beats_count": 213, "bpm_histogram_second_peak_bpm": {"dmean2": 0, "median": 136, "min": 136, "dvar2": 0, "dvar": 0, "dmean": 0, "max": 136, "var": 0, "mean": 136}, "bpm_histogram_first_peak_spread": {"dmean2": 0, "median": 0.530973434448, "min": 0.530973434448, "dvar2": 0, "dvar": 0, "dmean": 0, "max": 0.530973434448, "var": 0, "mean": 0.530973434448}, "beats_loudness_band_ratio": {"dmean2": [0.322437912226, 0.347676575184, 0.0406098254025, 0.0231694318354, 0.00411220174283, 0.158748537302], "median": [0.38707062602, 0.387849718332, 0.0249381195754, 0.0166462212801, 0.00257665570825, 0.161040171981], "min": [0.0330146327615, 0.0483847819269, 0.0021010460332, 0.00217279908247, 0.000262645131443, 0.0372522287071], "dvar2": [0.0647432729602, 0.0666099339724, 0.00170442240778, 0.000711064203642, 1.7571997887e-05, 0.0203277301043], "dvar": [0.022163907066, 0.0228870436549, 0.000676984258462, 0.000275723490631, 7.12255769031e-06, 0.00735513679683], "dmean": [0.189650684595, 0.200432896614, 0.0235085394233, 0.0137907909229, 0.00238117738627, 0.0943448022008], "max": [0.824708163738, 0.825942456722, 0.201917588711, 0.116338908672, 0.0215917862952, 0.66943359375], "var": [0.0442352704704, 0.0373444631696, 0.000858787272591, 0.000346822111169, 8.15865860204e-06, 0.0132495984435], "mean": [0.403292626143, 0.392793864012, 0.0341823324561, 0.0219907294959, 0.00323483720422, 0.193643048406]}}, "lowlevel": {"barkbands_spread": {"dmean2": 6.26263237, "median": 10.4171905518, "min": 0.8471788764, "dvar2": 54.7081413269, "dvar": 22.3281021118, "dmean": 3.91888284683, "max": 100.827575684, "var": 87.9395751953, "mean": 12.7687120438}, "melbands_spread": {"dmean2": 1.87822532654, "median": 3.84097766876, "min": 0.424023598433, "dvar2": 15.5246858597, "dvar": 6.32120800018, "dmean": 1.16324269772, "max": 162.069381714, "var": 63.1398658752, "mean": 4.70783948898}, "hfc": {"dmean2": 46.0136489868, "median": 78.2691574097, "min": 1.10218706424e-16, "dvar2": 4004.62182617, "dvar": 1799.3770752, "dmean": 29.7981338501, "max": 1225.56665039, "var": 18570.5253906, "mean": 131.797103882}, "barkbands_kurtosis": {"dmean2": 16.6015052795, "median": 26.1909046173, "min": -1.13483059406, "dvar2": 448.761352539, "dvar": 175.40826416, "dmean": 10.4649000168, "max": 253.987243652, "var": 525.171081543, "mean": 31.7693824768}, "gfcc": {"mean": [-77.2593536377, 131.930648804, -49.3291778564, -12.3508291245, -17.391002655, -17.5779094696, -14.832485199, -29.7302017212, -21.5943813324, -17.6518650055, 1.30100429058, -10.844701767, -5.506731987], "icov": [[0.000381788559025, -0.00137906824239, 0.00120930653065, -0.000663505750708, 0.000483433017507, -0.000838019128423, 0.00168385077268, -0.000929064932279, 0.00109697005246, -0.000498836277984, 0.000202187075047, 0.000733868975658, -0.00076089851791], [-0.00137906824239, 0.0113179357722, -0.00686701247469, 0.00341724627651, -0.00186088273767, 0.00579130509868, -0.0110455173999, 0.0063610104844, -0.00686356145889, 0.00733642792329, -0.0063731870614, 0.00249725719914, 0.00110093620606], [0.00120930653065, -0.00686701247469, 0.0161229521036, -0.00660551106557, -0.000384437036701, -0.00362221035175, 0.00686441035941, -0.00555735453963, 0.00792929343879, -0.00743575766683, 0.00699191028252, 0.00193829496857, -0.00451330607757], [-0.000663505750708, 0.00341724627651, -0.00660551106557, 0.0150061743334, -0.00322460965253, -0.00128290196881, 0.000569123716559, -0.00134856533259, -0.0022908183746, 0.00213195453398, -0.000297319609672, -0.0060914112255, 0.00681784003973], [0.000483433017507, -0.00186088273767, -0.000384437036701, -0.00322460965253, 0.0157966781408, -0.00483199302107, -0.00267057307065, 0.00578285939991, -0.00661417562515, 0.00746337417513, -0.00930562522262, 0.00799845159054, -0.00298640574329], [-0.000838019128423, 0.00579130509868, -0.00362221035175, -0.00128290196881, -0.00483199302107, 0.0200534649193, -0.0119283553213, 0.00111645751167, 0.00760230235755, -0.0134404832497, 0.0128078088164, -0.00632758298889, 5.04655617988e-05], [0.00168385077268, -0.0110455173999, 0.00686441035941, 0.000569123716559, -0.00267057307065, -0.0119283553213, 0.0318313576281, -0.0128490887582, -0.000803375674877, 0.00861838739365, -0.00966249033809, 0.00216559087858, 0.00112711987458], [-0.000929064932279, 0.0063610104844, -0.00555735453963, -0.00134856533259, 0.00578285939991, 0.00111645751167, -0.0128490887582, 0.0244562700391, -0.0120772663504, 0.00104257906787, 0.00411415984854, -0.00836847350001, 0.00298304320313], [0.00109697005246, -0.00686356145889, 0.00792929343879, -0.0022908183746, -0.00661417562515, 0.00760230235755, -0.000803375674877, -0.0120772663504, 0.0362555757165, -0.0286794845015, 0.0200507901609, -0.00315600610338, -0.00231842487119], [-0.000498836277984, 0.00733642792329, -0.00743575766683, 0.00213195453398, 0.00746337417513, -0.0134404832497, 0.00861838739365, 0.00104257906787, -0.0286794845015, 0.0556259900331, -0.0435469299555, 0.0209436938167, -0.000139231560752], [0.000202187075047, -0.0063731870614, 0.00699191028252, -0.000297319609672, -0.00930562522262, 0.0128078088164, -0.00966249033809, 0.00411415984854, 0.0200507901609, -0.0435469299555, 0.0634960383177, -0.0370338372886, 0.0128393219784], [0.000733868975658, 0.00249725719914, 0.00193829496857, -0.0060914112255, 0.00799845159054, -0.00632758298889, 0.00216559087858, -0.00836847350001, -0.00315600610338, 0.0209436938167, -0.0370338372886, 0.0522815659642, -0.0208978950977], [-0.00076089851791, 0.00110093620606, -0.00451330607757, 0.00681784003973, -0.00298640574329, 5.04655617988e-05, 0.00112711987458, 0.00298304320313, -0.00231842487119, -0.000139231560752, 0.0128393219784, -0.0208978950977, 0.0325130224228]], "cov": [[6124.32666016, 366.468017578, -108.161560059, 17.8238925934, -189.609603882, 3.21582603455, -220.520553589, -52.9305038452, -152.771392822, -64.6017913818, -89.4363174438, -82.763961792, 78.1965332031], [366.468017578, 494.751190186, -29.4644432068, -99.301940918, 127.690315247, -124.466682434, 123.129226685, -92.3738250732, 24.3345775604, -56.7024612427, 54.5957336426, -39.0755844116, -20.4981956482], [-108.161560059, -29.4644432068, 126.079185486, 53.9271697998, -3.3511838913, 40.0485954285, -19.372209549, 21.3386325836, -8.54277610779, 7.45728158951, -25.2576541901, -3.12941431999, 10.3891544342], [17.8238925934, -99.301940918, 53.9271697998, 125.418281555, -12.5476465225, 52.464630127, -23.6822986603, 39.166431427, -3.99214601517, 15.7108726501, -11.6171293259, 16.1465988159, -4.29209852219], [-189.609603882, 127.690315247, -3.3511838913, -12.5476465225, 138.209228516, -13.2417697906, 58.1858215332, -42.4095649719, 18.8538627625, -10.8953437805, 27.6837654114, -16.504114151, -12.248418808], [3.21582603455, -124.466682434, 40.0485954285, 52.464630127, -13.2417697906, 126.428138733, -5.92005634308, 38.1513786316, -12.5820226669, 24.2270030975, -21.7137908936, 12.2860155106, 9.8181476593], [-220.520553589, 123.129226685, -19.372209549, -23.6822986603, 58.1858215332, -5.92005634308, 109.721359253, 7.61071062088, 21.9468364716, -12.3616085052, 31.4764671326, 5.32716989517, -13.6953630447], [-52.9305038452, -92.3738250732, 21.3386325836, 39.166431427, -42.4095649719, 38.1513786316, 7.61071062088, 103.428733826, 25.5734767914, 18.8481464386, -13.7616996765, 22.3781032562, 4.65268325806], [-152.771392822, 24.3345775604, -8.54277610779, -3.99214601517, 18.8538627625, -12.5820226669, 21.9468364716, 25.5734767914, 72.4979324341, 29.196598053, 5.52579069138, -6.71566867828, -7.30785942078], [-64.6017913818, -56.7024612427, 7.45728158951, 15.7108726501, -10.8953437805, 24.2270030975, -12.3616085052, 18.8481464386, 29.196598053, 67.6784744263, 23.8715705872, 0.488044828176, -10.9316740036], [-89.4363174438, 54.5957336426, -25.2576541901, -11.6171293259, 27.6837654114, -21.7137908936, 31.4764671326, -13.7616996765, 5.52579069138, 23.8715705872, 68.2434768677, 20.8500709534, -15.3153400421], [-82.763961792, -39.0755844116, -3.12941431999, 16.1465988159, -16.504114151, 12.2860155106, 5.32716989517, 22.3781032562, -6.71566867828, 0.488044828176, 20.8500709534, 52.3928565979, 16.7584056854], [78.1965332031, -20.4981956482, 10.3891544342, -4.29209852219, -12.248418808, 9.8181476593, -13.6953630447, 4.65268325806, -7.30785942078, -10.9316740036, -15.3153400421, 16.7584056854, 50.782459259]]}, "spectral_energyband_middle_low": {"dmean2": 0.00872588530183, "median": 0.0113798398525, "min": 1.95516751978e-22, "dvar2": 0.000237329280935, "dvar": 0.000101862911833, "dmean": 0.00578516023234, "max": 0.282381683588, "var": 0.000489985919558, "mean": 0.0185341797769}, "melbands_crest": {"dmean2": 4.93789958954, "median": 15.2776565552, "min": 1.69678986073, "dvar2": 17.8330421448, "dvar": 6.58554077148, "dmean": 3.00132012367, "max": 37.7876052856, "var": 20.3144950867, "mean": 15.8880710602}, "spectral_kurtosis": {"dmean2": 18.5507221222, "median": 31.5900936127, "min": -1.25086295605, "dvar2": 259.992034912, "dvar": 96.3150405884, "dmean": 11.2922534943, "max": 104.313858032, "var": 183.334854126, "mean": 32.2444076538}, "spectral_rms": {"dmean2": 0.00097406929126, "median": 0.00469384714961, "min": 3.18367099177e-12, "dvar2": 1.21205926007e-06, "dvar": 5.16482771218e-07, "dmean": 0.00062766863266, "max": 0.020278217271, "var": 5.19094010087e-06, "mean": 0.00516463303939}, "zerocrossingrate": {"dmean2": 0.0446123667061, "median": 0.24658203125, "min": 0, "dvar2": 0.00153950438835, "dvar": 0.000991532462649, "dmean": 0.0353176519275, "max": 0.74072265625, "var": 0.00876102596521, "mean": 0.262116104364}, "silence_rate_60dB": {"dmean2": 0.0019056693418, "median": 0, "min": 0, "dvar2": 0.00237857783213, "dvar": 0.000951731402893, "dmean": 0.000952607777435, "max": 1, "var": 0.0225625149906, "mean": 0.0230952389538}, "erbbands_kurtosis": {"dmean2": 2.53384566307, "median": 1.62021708488, "min": -1.37253904343, "dvar2": 11.0200881958, "dvar": 4.26927614212, "dmean": 1.60013711452, "max": 36.657535553, "var": 17.6480922699, "mean": 2.92400169373}, "erbbands": {"dmean2": [0.0900244340301, 0.652415573597, 3.24693274498, 6.99554347992, 14.4423837662, 33.1468582153, 14.550163269, 9.02151870728, 4.06534337997, 4.45753669739, 3.32654881477, 3.37930488586, 3.94342303276, 5.11613512039, 3.69031882286, 3.29582762718, 3.36517190933, 1.99366378784, 1.48552846909, 1.11203014851, 0.502542078495, 0.463741213083, 0.421810746193, 0.442674487829, 0.319487541914, 0.240801230073, 0.206785619259, 0.160536631942, 0.133195847273, 0.108067236841, 0.0854191482067, 0.0655184388161, 0.0477885194123, 0.0330258570611, 0.0211963355541, 0.0123740490526, 0.00643118610606, 0.00284682842903, 0.00147728377488, 0.00484866788611], "median": [0.0252921059728, 0.372367799282, 2.16421198845, 4.41136837006, 9.69421958923, 25.920665741, 15.0439271927, 9.38199806213, 3.96893358231, 3.14708089828, 2.72992658615, 2.05627799034, 2.12779140472, 3.37432289124, 3.24295258522, 3.73789930344, 3.36128234863, 2.29350233078, 1.36615610123, 0.604763865471, 0.261473417282, 0.282671153545, 0.345521211624, 0.372524440289, 0.262533724308, 0.13302141428, 0.0982287302613, 0.0440544262528, 0.0308404862881, 0.0255043394864, 0.0208625942469, 0.0142734497786, 0.00886329449713, 0.00627781404182, 0.00431584147736, 0.00281190499663, 0.00230183452368, 0.00163297576364, 0.00256738602184, 0.00847731530666], "min": [2.78867075783e-22, 7.4486508493e-22, 3.20950439756e-21, 9.31767988267e-21, 2.94730753042e-20, 4.4245493531e-20, 5.99145658483e-20, 1.01035678652e-19, 1.56651567803e-19, 2.89149306623e-19, 4.19737240505e-19, 4.75598091439e-19, 7.4236202953e-19, 6.9065279809e-19, 1.51362202735e-18, 1.80056705274e-18, 3.23668701298e-18, 3.44153436257e-18, 2.84480316675e-18, 4.545843021e-18, 4.54072484096e-18, 5.46750130799e-18, 5.18881547422e-18, 9.24521903549e-18, 9.61935861681e-18, 1.21673023781e-17, 1.29995139032e-17, 1.1590238849e-17, 1.4897756097e-17, 1.26627579225e-17, 1.27112158171e-17, 1.26147384335e-17, 1.18410118865e-17, 8.721500384e-18, 7.46586172084e-18, 3.71591492804e-18, 2.6585349141e-18, 9.67619543747e-19, 2.49407491641e-19, 2.84442371056e-20], "dvar2": [0.275976628065, 1.34923219681, 23.4840679169, 209.091140747, 630.52947998, 5419.30908203, 896.703857422, 301.221343994, 43.6438560486, 49.2586860657, 26.8747196198, 40.0037307739, 124.733680725, 125.497436523, 57.8851623535, 20.4080715179, 32.1357574463, 7.81679534912, 5.3148598671, 8.32859516144, 1.07777070999, 0.811039090157, 0.52678591013, 0.471108287573, 0.275865614414, 0.23457300663, 0.176038116217, 0.11265065521, 0.0793285965919, 0.0507465712726, 0.0318988338113, 0.0186075698584, 0.00977907329798, 0.00458277668804, 0.00181816064287, 0.000579972751439, 0.00013848200615, 2.29237884923e-05, 5.02228476762e-06, 0.000114399415907], "dvar": [0.105669610202, 0.562695026398, 8.81666660309, 86.9304962158, 265.520996094, 2254.64916992, 671.507568359, 157.203689575, 18.5383682251, 16.6940956116, 10.6040859222, 17.6047267914, 51.6300048828, 55.5565872192, 22.3182315826, 7.98221302032, 11.574048996, 3.03540349007, 2.05063128471, 3.39710569382, 0.39608374238, 0.303028136492, 0.194232180715, 0.17867000401, 0.107043549418, 0.0870471149683, 0.0650904104114, 0.0422197803855, 0.0297333430499, 0.0190914105624, 0.0119664808735, 0.00697194924578, 0.00367107009515, 0.00172121694777, 0.000683031859808, 0.000218046232476, 5.21432775713e-05, 8.73790759215e-06, 1.97582812689e-06, 4.47594393336e-05], "dmean": [0.0534082986414, 0.400923877954, 1.96344280243, 4.25644159317, 9.07441520691, 22.0519618988, 10.5460853577, 6.2859377861, 2.65542411804, 2.61273741722, 2.04044175148, 2.12913441658, 2.48454904556, 3.19681096077, 2.25224351883, 2.10720229149, 2.05454134941, 1.24732398987, 0.899239838123, 0.676074206829, 0.296664655209, 0.27467545867, 0.250886499882, 0.267078518867, 0.190583854914, 0.141070410609, 0.120042927563, 0.0935073494911, 0.0774069055915, 0.0630653128028, 0.049822229892, 0.0382436551154, 0.0278881024569, 0.019294988364, 0.0124088991433, 0.00726307788864, 0.00378330098465, 0.00167900091037, 0.000900938408449, 0.00305868545547], "max": [14.0370054245, 24.7145366669, 60.7198905945, 298.318572998, 396.793579102, 1534.2376709, 1647.61401367, 558.488647461, 104.332099915, 89.1220321655, 58.3426818848, 158.508071899, 308.517120361, 337.850158691, 139.627914429, 61.1060180664, 62.782497406, 31.3461017609, 50.7179145813, 118.925872803, 13.3577709198, 10.369310379, 7.07742881775, 8.18691730499, 6.19670152664, 5.58485603333, 4.40722846985, 3.49765491486, 2.92517471313, 2.35021996498, 1.87379324436, 1.40434265137, 1.02878642082, 0.706746280193, 0.441197156906, 0.246019020677, 0.116040565073, 0.0510399229825, 0.0361307822168, 0.229407787323], "var": [0.0966461747885, 1.61579608917, 30.6616268158, 266.049987793, 983.039001465, 8533.03515625, 4314.07666016, 970.605102539, 69.1002883911, 24.2275714874, 25.6749591827, 40.586315155, 123.925994873, 147.571685791, 64.8644561768, 23.5164031982, 23.1371097565, 9.51746368408, 6.38510274887, 10.8694028854, 0.4174041152, 0.402220845222, 0.254579991102, 0.283505350351, 0.145063251257, 0.0899033546448, 0.0708009451628, 0.0417531318963, 0.0283060725778, 0.0185655523092, 0.0115959057584, 0.00676368176937, 0.00358185730875, 0.00169749383349, 0.000685028615408, 0.000224271090701, 5.60185289942e-05, 1.07293653855e-05, 9.06910554477e-06, 0.000253235688433], "mean": [0.066964417696, 0.749236345291, 4.18259763718, 8.7992773056, 20.1400814056, 58.1003990173, 27.2106666565, 16.5766601562, 6.37237596512, 4.57566976547, 4.25488710403, 4.00877714157, 4.68237161636, 6.91748094559, 5.07874965668, 5.15721511841, 4.63348484039, 3.19906306267, 2.04731941223, 1.29828906059, 0.430075645447, 0.4479188025, 0.479991286993, 0.518749475479, 0.365117698908, 0.212259739637, 0.170527249575, 0.10486125946, 0.0818989351392, 0.0670486688614, 0.0536814294755, 0.0395816937089, 0.0273720733821, 0.0189861338586, 0.0124583849683, 0.0075725838542, 0.00469478685409, 0.00271981069818, 0.00343198119663, 0.0136377299204]}, "spectral_strongpeak": {"dmean2": 6.74875402451, "median": 0.565759539604, "min": 0, "dvar2": 590.88269043, "dvar": 228.604354858, "dmean": 3.59844374657, "max": 147.662490845, "var": 338.193939209, "mean": 4.87109136581}, "spectral_energy": {"dmean2": 0.0122346896678, "median": 0.0225830040872, "min": 1.03891542335e-20, "dvar2": 0.000486849894514, "dvar": 0.000201458184165, "dmean": 0.00792689900845, "max": 0.421486288309, "var": 0.00100677192677, "mean": 0.0326611921191}, "average_loudness": 0.497145205736, "spectral_rolloff": {"dmean2": 8907.57421875, "median": 20542.6757812, "min": 64.599609375, "dvar2": 166491264, "dvar": 65344964, "dmean": 4558.43896484, "max": 22028.4667969, "var": 104446336, "mean": 12670.0371094}, "spectral_centroid": {"dmean2": 69.2052993774, "median": 313.360412598, "min": 178.818939209, "dvar2": 23395.3671875, "dvar": 16080.3261719, "dmean": 42.7257347107, "max": 11099.5761719, "var": 379154, "mean": 367.721435547}, "pitch_salience": {"dmean2": 0.104613609612, "median": 0.624902009964, "min": 0.0797815993428, "dvar2": 0.00825775880367, "dvar": 0.00309047522023, "dmean": 0.064064539969, "max": 0.923954486847, "var": 0.0129781095311, "mean": 0.605828523636}, "spectral_energyband_middle_high": {"dmean2": 0.000311982235871, "median": 0.000488233723445, "min": 1.31926603727e-21, "dvar2": 3.60547289802e-07, "dvar": 1.48845984427e-07, "dmean": 0.000194700754946, "max": 0.014247611165, "var": 4.38049369222e-07, "mean": 0.000650436733849}, "spectral_contrast_coeffs": {"dmean2": [0.0833300873637, 0.0670951232314, 0.0503200404346, 0.0518878549337, 0.0393478050828, 0.0338325239718], "median": [-0.578374266624, -0.75454211235, -0.829970121384, -0.807580590248, -0.855237722397, -0.846131324768], "min": [-0.978766679764, -0.971855461597, -0.963545322418, -0.972253024578, -0.96454423666, -0.961199223995], "dvar2": [0.00418347120285, 0.00288241659291, 0.0015264156973, 0.00174513831735, 0.00105231790803, 0.00118476490024], "dvar": [0.00152458390221, 0.00109724828508, 0.000576608756091, 0.00066085573053, 0.000381302175811, 0.000437851500465], "dmean": [0.0499806888402, 0.0414489582181, 0.0304975304753, 0.031432736665, 0.0236635133624, 0.0201512761414], "max": [-0.298885464668, -0.432054281235, -0.639203131199, -0.677777171135, -0.751633286476, -0.666320502758], "var": [0.00805584900081, 0.00346769229509, 0.00164490600582, 0.00167715118732, 0.000887541682459, 0.000651255715638], "mean": [-0.575650155544, -0.751998543739, -0.82642275095, -0.808610916138, -0.858147859573, -0.840649485588]}, "melbands_skewness": {"dmean2": 0.963027715683, "median": 2.99569225311, "min": -0.154477313161, "dvar2": 0.885151922703, "dvar": 0.328926354647, "dmean": 0.589333832264, "max": 12.0508670807, "var": 0.942489385605, "mean": 3.09641480446}, "spectral_spread": {"dmean2": 1143879.375, "median": 3408509.5, "min": 1696885, "dvar2": 1363598639100.0, "dvar": 559251128320, "dmean": 693344.1875, "max": 43120144, "var": 5386335158270.0, "mean": 3691474.75}, "dissonance": {"dmean2": 0.0398576967418, "median": 0.447439849377, "min": 0.252626806498, "dvar2": 0.001215141383, "dvar": 0.000435149937402, "dmean": 0.0237323660403, "max": 0.499999910593, "var": 0.000925307860598, "mean": 0.442885220051}, "spectral_skewness": {"dmean2": 1.28563272953, "median": 4.39954471588, "min": -0.0113712744787, "dvar2": 1.20374512672, "dvar": 0.447366148233, "dmean": 0.780537486076, "max": 8.48863887787, "var": 0.941044032574, "mean": 4.36243200302}, "spectral_flux": {"dmean2": 0.0258515235037, "median": 0.059517338872, "min": 6.33356284085e-11, "dvar2": 0.000908318092115, "dvar": 0.000345220643794, "dmean": 0.0156054291874, "max": 0.388941764832, "var": 0.00118311669212, "mean": 0.0665745660663}, "spectral_contrast_valleys": {"dmean2": [0.660393536091, 0.49748891592, 0.459224611521, 0.557904064655, 0.648110568523, 1.11568164825], "median": [-6.93102741241, -6.73453712463, -7.49253225327, -8.47393989563, -8.9218788147, -11.4660511017], "min": [-27.8526496887, -28.0405921936, -27.6674728394, -27.5355949402, -27.4427490234, -27.3968849182], "dvar2": [0.27033123374, 0.190479174256, 0.150596871972, 0.24804033339, 0.373635143042, 0.83950740099], "dvar": [0.121525734663, 0.0999487712979, 0.0806563273072, 0.115263603628, 0.161772936583, 0.332678377628], "dmean": [0.391942620277, 0.301390677691, 0.279666870832, 0.337392359972, 0.389937281609, 0.678873419762], "max": [-5.05655241013, -5.05305242538, -5.86903190613, -6.53845739365, -6.52921867371, -8.96294975281], "var": [1.78647315502, 1.75123298168, 1.6057779789, 1.47391784191, 1.47806072235, 1.56144106388], "mean": [-7.02201271057, -6.83488178253, -7.58449411392, -8.53041744232, -8.90995883942, -11.5118789673]}, "erbbands_flatness_db": {"dmean2": 0.0417290590703, "median": 0.184013113379, "min": 0.0290569923818, "dvar2": 0.00122311490122, "dvar": 0.000463168486021, "dmean": 0.0259818006307, "max": 0.348541170359, "var": 0.0014696958242, "mean": 0.1843136549}, "spectral_energyband_high": {"dmean2": 4.12504195992e-05, "median": 4.71586390631e-05, "min": 7.22136187239e-21, "dvar2": 5.5195323867e-09, "dvar": 2.04885552968e-09, "dmean": 2.51036144618e-05, "max": 0.000849629170261, "var": 3.73568820322e-09, "mean": 6.24931199127e-05}, "spectral_entropy": {"dmean2": 0.484053760767, "median": 6.52833271027, "min": 5.09526824951, "dvar2": 0.175172492862, "dvar": 0.0670923292637, "dmean": 0.296499311924, "max": 9.81130504608, "var": 0.220439240336, "mean": 6.53561019897}, "silence_rate_20dB": {"dmean2": 0, "median": 1, "min": 1, "dvar2": 0, "dvar": 0, "dmean": 0, "max": 1, "var": 0, "mean": 1}, "melbands_flatness_db": {"dmean2": 0.0579268038273, "median": 0.357973635197, "min": 0.00396678829566, "dvar2": 0.00230136723258, "dvar": 0.000856066995766, "dmean": 0.035643864423, "max": 0.570173859596, "var": 0.00278841261752, "mean": 0.356762886047}, "barkbands": {"dmean2": [0.000839813554194, 0.00279505737126, 0.00352865899913, 0.0030515245162, 0.00677894987166, 0.00130176765379, 0.000273512880085, 0.000154406850925, 0.000151067477418, 0.000149420040543, 0.00011515339429, 8.16786196083e-05, 7.2619128332e-05, 3.87598811358e-05, 2.83736135316e-05, 1.02595367935e-05, 8.170853107e-06, 7.76042634243e-06, 8.35325135995e-06, 5.19753302797e-06, 4.5065694394e-06, 3.65702521776e-06, 3.0726021123e-06, 2.97372662317e-06, 2.96611892736e-06, 3.38655740961e-06, 0.000234023216763], "median": [0.000127019520733, 0.00130927097052, 0.00199611205608, 0.00111675693188, 0.00642136204988, 0.00127010606229, 0.000247322721407, 0.000120560012874, 9.24064879655e-05, 6.53507304378e-05, 8.66093614604e-05, 9.0215493401e-05, 6.36701588519e-05, 4.0575829189e-05, 1.65913752426e-05, 4.48055652669e-06, 4.28499424743e-06, 6.29324676993e-06, 7.30979263608e-06, 2.98409781863e-06, 1.57777708409e-06, 8.47104047352e-07, 7.45501438359e-07, 5.84475287724e-07, 5.79025822844e-07, 1.10251107799e-06, 0.000212212122278], "min": [1.39446015304e-24, 4.98168146559e-24, 2.55502265326e-24, 2.66416175671e-24, 1.49336954494e-23, 1.38342316068e-23, 1.23833925509e-23, 1.60379429445e-23, 1.83453768695e-23, 1.94730866656e-23, 1.51221827186e-23, 3.99820644513e-23, 5.4412444555e-23, 5.87808343928e-23, 4.46637330427e-23, 9.9131789136e-23, 8.53539169078e-23, 8.54378138428e-23, 1.64107062279e-22, 2.54932253368e-22, 2.91253378442e-22, 4.47839945721e-22, 4.15466835976e-22, 6.44154280251e-22, 9.6024612443e-22, 1.31050157804e-21, 1.87960234435e-21], "dvar2": [4.40686671936e-05, 6.60714576952e-05, 2.82870678348e-05, 4.62603311462e-05, 0.000191200248082, 6.9158718361e-06, 1.86729380403e-07, 4.96521117554e-08, 6.57425616168e-08, 2.27036551337e-07, 4.55933673038e-08, 1.52988821611e-08, 1.40485365563e-08, 2.65062949367e-09, 4.11343270557e-09, 4.48498793659e-10, 2.45854225867e-10, 1.6440318551e-10, 1.57259774647e-10, 1.01834846111e-10, 8.66380162057e-11, 5.95474641818e-11, 4.10301896625e-11, 3.81061432408e-11, 3.6254308583e-11, 3.94370092138e-11, 3.72033525764e-07], "dvar": [1.63224303833e-05, 2.64129921561e-05, 1.05420731416e-05, 1.97568460862e-05, 7.78147805249e-05, 5.40449354958e-06, 6.98149449363e-08, 1.85033801614e-08, 2.76584817271e-08, 9.84390808867e-08, 1.7563431598e-08, 5.69820191032e-09, 5.0555994946e-09, 1.03184150113e-09, 1.63556357347e-09, 1.74737752046e-10, 9.18554607376e-11, 6.07620898041e-11, 6.10587691519e-11, 3.79495462832e-11, 3.2310636805e-11, 2.22933130289e-11, 1.54330818958e-11, 1.42981017651e-11, 1.36178256172e-11, 1.4841945381e-11, 1.46886634411e-07], "dmean": [0.000488433637656, 0.00171494833194, 0.0021065233741, 0.00187770591583, 0.00449044676498, 0.00091832363978, 0.000171577179572, 9.27084765863e-05, 9.47740627453e-05, 9.67344385572e-05, 7.0935137046e-05, 5.14480452694e-05, 4.4143271225e-05, 2.41007383011e-05, 1.72422915057e-05, 6.10817960478e-06, 4.82749419461e-06, 4.62770458398e-06, 5.04470517626e-06, 3.05048843074e-06, 2.61440982285e-06, 2.12982536141e-06, 1.79150219992e-06, 1.7362908693e-06, 1.73422279204e-06, 1.99236887966e-06, 0.00014653497783], "max": [0.19296695292, 0.189601302147, 0.0578277781606, 0.14492213726, 0.27160641551, 0.157216086984, 0.00504904054105, 0.00245621101931, 0.0051354682073, 0.0127595709637, 0.00299224001355, 0.00205957167782, 0.00133375823498, 0.00053803762421, 0.0025184424594, 0.000352228234988, 0.000186566277989, 0.000119621101476, 0.000153200584464, 0.000114879003377, 9.74412178039e-05, 8.07586839073e-05, 6.64123654133e-05, 6.39476347715e-05, 6.25458924333e-05, 6.2705235905e-05, 0.0121965445578], "var": [1.26318936964e-05, 3.97598632844e-05, 3.28304340655e-05, 6.12954027019e-05, 0.000293125223834, 3.51831658918e-05, 1.52822167365e-07, 3.90421597274e-08, 6.71810056474e-08, 2.3905101898e-07, 4.53192079419e-08, 1.47191636657e-08, 9.94485560568e-09, 3.1661020472e-09, 6.05416738964e-09, 2.9649124822e-10, 1.18375115266e-10, 8.25099849555e-11, 1.05127503924e-10, 4.03453763453e-11, 3.37652440729e-11, 2.12666741856e-11, 1.50157265094e-11, 1.39186119227e-11, 1.35385860509e-11, 1.57740903672e-11, 5.46994158412e-07], "mean": [0.000487369805342, 0.00289533031173, 0.00428085774183, 0.00333952205256, 0.0121599342674, 0.00228199735284, 0.000355708412826, 0.000178109839908, 0.000175092267455, 0.000186356133781, 0.000143731376738, 0.000122715064208, 9.12116956897e-05, 5.80391315452e-05, 3.53719115083e-05, 8.62850356498e-06, 7.22069626136e-06, 8.8222350314e-06, 1.01126970549e-05, 4.66949541078e-06, 3.24354186887e-06, 2.24860878006e-06, 1.92821767087e-06, 1.73939713477e-06, 1.72176510205e-06, 2.38479583459e-06, 0.000418548530433]}, "erbbands_skewness": {"dmean2": 0.578497409821, "median": 1.33387494087, "min": -0.776089191437, "dvar2": 0.283403992653, "dvar": 0.113189093769, "dmean": 0.370955079794, "max": 5.16285181046, "var": 0.712504863739, "mean": 1.44802200794}, "erbbands_spread": {"dmean2": 6.06601762772, "median": 21.0446510315, "min": 3.82651495934, "dvar2": 34.9759178162, "dvar": 13.4575281143, "dmean": 3.7993850708, "max": 99.7183990479, "var": 65.6179122925, "mean": 21.2934856415}, "melbands_kurtosis": {"dmean2": 11.7051315308, "median": 18.2851295471, "min": -1.28421640396, "dvar2": 222.834274292, "dvar": 83.7524108887, "dmean": 7.20227336884, "max": 218.385879517, "var": 224.06590271, "mean": 21.7704620361}, "melbands": {"dmean2": [0.000781081151217, 0.00135160447098, 0.00131473329384, 0.00172892236151, 0.000664114311803, 0.00020574707014, 5.80735941185e-05, 4.4468572014e-05, 2.67920604529e-05, 2.11338792724e-05, 2.03513936867e-05, 2.16703465412e-05, 1.44845053001e-05, 9.34814397624e-06, 9.05146680452e-06, 6.28992211205e-06, 3.71555688616e-06, 2.54008841694e-06, 2.25670191867e-06, 8.96388655747e-07, 5.69961230212e-07, 4.99118186781e-07, 4.90749982873e-07, 3.34636212074e-07, 3.84599957215e-07, 3.03718024952e-07, 1.95149112869e-07, 1.59112218512e-07, 1.39538911981e-07, 1.07990487663e-07, 8.89777567181e-08, 7.67934267287e-08, 6.6979353619e-08, 5.753286203e-08, 5.01417716237e-08, 4.3935674654e-08, 3.85613532217e-08, 3.3935222632e-08, 3.01894793608e-08, 2.70451625539e-08], "median": [0.000317589583574, 0.00105444248766, 0.000917889468838, 0.00147734861821, 0.000704364618286, 0.000216383225052, 5.57432067581e-05, 3.22125342791e-05, 2.12653230847e-05, 1.21877201309e-05, 9.78419666353e-06, 1.30112275656e-05, 1