{"tonal": {"thpcp": [1, 0.843904435635, 0.569069206715, 0.533678770065, 0.567492842674, 0.579051673412, 0.637561738491, 0.715621888638, 0.660879015923, 0.533504903316, 0.526375055313, 0.499685764313, 0.389279395342, 0.335440605879, 0.362590372562, 0.417157530785, 0.452810436487, 0.524390339851, 0.601055979729, 0.643480122089, 0.68427926302, 0.796305537224, 0.862257421017, 0.691840350628, 0.519713938236, 0.444726467133, 0.340532064438, 0.288143306971, 0.294844895601, 0.443294048309, 0.637763440609, 0.604130446911, 0.500791430473, 0.44685074687, 0.46668908, 0.732776224613], "hpcp": {"dmean2": [0.242939382792, 0.196302115917, 0.169849440455, 0.180854856968, 0.212562397122, 0.256619662046, 0.28553801775, 0.284701406956, 0.261084467173, 0.276930510998, 0.323693722486, 0.356302887201, 0.33983874321, 0.307188570499, 0.340382605791, 0.362357676029, 0.343755304813, 0.338990271091, 0.369033932686, 0.345160275698, 0.28963008523, 0.28987839818, 0.290020704269, 0.244662538171, 0.213268369436, 0.209708243608, 0.222963929176, 0.237302854657, 0.269197016954, 0.29858404398, 0.307870477438, 0.3198145926, 0.345324009657, 0.344944536686, 0.342371344566, 0.28509876132], "median": [0.0149286380038, 0.0145524824038, 0.0118539333344, 0.0136528415605, 0.022755054757, 0.0266389157623, 0.0273046009243, 0.0172759369016, 0.0151639496908, 0.0231246110052, 0.0616609789431, 0.0916340574622, 0.0608144514263, 0.0269069317728, 0.0163335837424, 0.0152159389108, 0.0214634537697, 0.0255807433277, 0.0266169942915, 0.0240498892963, 0.0197445712984, 0.0164706595242, 0.0139391385019, 0.0135290399194, 0.0120609719306, 0.0118230329826, 0.0118704540655, 0.014964710921, 0.0217349436134, 0.0369978249073, 0.0506673008204, 0.0590852685273, 0.0614066384733, 0.038701299578, 0.0258265584707, 0.0191990416497], "min": [0, 0, 0, 0, 0, 0, 0, 0, 0, 0, 0, 0, 0, 0, 0, 0, 0, 0, 0, 0, 0, 0, 0, 0, 0, 0, 0, 0, 0, 0, 0, 0, 0, 0, 0, 0], "dvar2": [0.135054111481, 0.102558590472, 0.0881410315633, 0.0962556898594, 0.103913098574, 0.131881207228, 0.149761766195, 0.157445132732, 0.144632577896, 0.150397479534, 0.155830994248, 0.164414912462, 0.168359577656, 0.162201926112, 0.203636333346, 0.216277465224, 0.197502300143, 0.18137010932, 0.208258777857, 0.190102055669, 0.161341488361, 0.179283976555, 0.185195356607, 0.152749270201, 0.13204151392, 0.121280625463, 0.131269678473, 0.136712655425, 0.143119335175, 0.154509022832, 0.149758026004, 0.153592586517, 0.17059764266, 0.181576520205, 0.198823735118, 0.154024913907], "dvar": [0.0491702593863, 0.0372040458024, 0.0319271311164, 0.0339370854199, 0.0375149212778, 0.0500163063407, 0.0549025014043, 0.056751281023, 0.0518522299826, 0.0536103621125, 0.0551603473723, 0.061857201159, 0.061452627182, 0.0591650865972, 0.0732224732637, 0.0797377303243, 0.0724117904902, 0.0682620704174, 0.0763033553958, 0.0727973133326, 0.0600999929011, 0.066970013082, 0.0670645236969, 0.0543498508632, 0.0463934876025, 0.0437789671123, 0.0486845038831, 0.0506566651165, 0.0529075227678, 0.0566700734198, 0.0540080629289, 0.0557745657861, 0.063442312181, 0.071200825274, 0.0723050832748, 0.0567488744855], "dmean": [0.135355934501, 0.107342198491, 0.0930257737637, 0.0971328094602, 0.118283189833, 0.144260063767, 0.158039972186, 0.15535184741, 0.142111048102, 0.150839537382, 0.18224388361, 0.203763961792, 0.191506057978, 0.16876578331, 0.182786792517, 0.193783462048, 0.186101734638, 0.185846656561, 0.20197327435, 0.190519705415, 0.160913452506, 0.159598633647, 0.155700400472, 0.13069203496, 0.114619933069, 0.114226840436, 0.123454794288, 0.129891440272, 0.148699998856, 0.164818182588, 0.170772179961, 0.178576722741, 0.194502294064, 0.193968489766, 0.189640134573, 0.15731395781], "max": [1, 1, 1, 1, 1, 1, 1, 1, 1, 1, 1, 1, 1, 1, 1, 1, 1, 1, 1, 1, 1, 1, 1, 1, 1, 1, 1, 1, 1, 1, 1, 1, 1, 1, 1, 1], "var": [0.0423513799906, 0.0285400711, 0.0234314780682, 0.0235670078546, 0.0353939570487, 0.0669202208519, 0.0569878518581, 0.0484547317028, 0.0424425676465, 0.0417835302651, 0.0578424148262, 0.0908440500498, 0.0789328366518, 0.0537693463266, 0.0576676204801, 0.0639999508858, 0.0600850619376, 0.065352268517, 0.0779343470931, 0.0728386491537, 0.0537197515368, 0.0575887337327, 0.0577379241586, 0.0401991792023, 0.0329642184079, 0.0354896634817, 0.0453667268157, 0.047711879015, 0.0523558370769, 0.0549341477454, 0.0524251274765, 0.0558742247522, 0.0724817886949, 0.0953353270888, 0.0719474032521, 0.0503816716373], "mean": [0.105280041695, 0.0806141123176, 0.0682121291757, 0.0697985962033, 0.10494094342, 0.150977656245, 0.143015727401, 0.118552297354, 0.105782918632, 0.11047925055, 0.173470020294, 0.236729875207, 0.199777394533, 0.134715676308, 0.126337707043, 0.134342506528, 0.13707883656, 0.150929912925, 0.16940908134, 0.15644980967, 0.126296550035, 0.124608702958, 0.118290551007, 0.0921540632844, 0.0794088095427, 0.0858359709382, 0.0987536534667, 0.107193760574, 0.124138861895, 0.142287909985, 0.152330964804, 0.161989346147, 0.188509315252, 0.2041220963, 0.163779273629, 0.123031809926]}, "tuning_equal_tempered_deviation": 0.301236271858, "chords_changes_rate": 0.0540818944573, "key_key": "C", "tuning_diatonic_strength": 0.672420918941, "key_scale": "minor", "chords_number_rate": 0.00386299262755, "tuning_frequency": 451.84777832, "tuning_nontempered_energy_ratio": 0.924441814423, "chords_histogram": [35.0759735107, 1.72546994686, 1.4421838522, 2.2920422554, 0, 0, 0, 6.64434719086, 0, 2.00875616074, 6.38681411743, 0, 0.0772598534822, 1.21040427685, 9.91501426697, 0, 2.57532835007, 13.8810195923, 0.206026270986, 1.00437808037, 0.927118182182, 3.99175906181, 1.67396342754, 8.96214294434], "key_strength": 0.759750664234, "chords_key": "C", "chords_strength": {"dmean2": 0.013068751432, "median": 0.510329008102, "min": -1, "dvar2": 0.000608801899944, "dvar": 0.000564667978324, "dmean": 0.0109143201262, "max": 0.752269923687, "var": 0.00984073895961, "mean": 0.515974760056}, "chords_scale": "minor", "hpcp_entropy": {"dmean2": 1.14328527451, "median": 2.2976834774, "min": 0, "dvar2": 0.848996341228, "dvar": 0.297735780478, "dmean": 0.671491384506, "max": 4.29991722107, "var": 0.521013200283, "mean": 2.26439738274}}, "metadata": {"audio_properties": {"equal_loudness": 0, "codec": "mp3", "downmix": "mix", "sample_rate": 44100, "analysis_sample_rate": 44100, "bit_rate": 283229, "md5_encoded": "c30494e0eba0766ac61a3c96254439ca", "length": 180.244903564, "replay_gain": -12.9148902893, "lossless": false}, "version": {"essentia_build_sha": "2d9f1f26377add8aeb1075a9c2973f962c4f09fd", "essentia": "2.1-beta2", "extractor": "music 1.0", "essentia_git_sha": "v2.1_beta2-1-ge3940c0"}, "tags": {"title": ["Prison"], "media": ["Digital Media"], "albumartist": ["Various Artists"], "musicbrainz_recordingid": ["077e18ca-bc1f-4c52-97a4-3fa41a90311d"], "musicbrainz_albumartistid": ["89ad4ac3-39f7-470e-963a-56509c546377"], "originalyear": ["2013"], "discnumber": ["3/3"], "album": ["Assassin's Creed IV: Black Flag: Original Game Soundtrack"], "musicbrainz album release country": ["US"], "musicbrainz album type": ["album/soundtrack"], "musicbrainz album status": ["official"], "file_name": "3-04 Joe Henson & Alexis Smith - Prison.mp3", "asin": ["B00GK0W5ZW"], "date": ["2013"], "genre": ["Score"], "musicbrainz_releasegroupid": ["c6c7cda5-cf9f-47d4-8df3-bcf7e3eb6dcb"], "script": ["Latn"], "originaldate": ["2013"], "musicbrainz_albumid": ["fb0e6a97-343e-48cb-91c8-43f559f9960f"], "artist": ["Joe Henson & Alexis Smith"], "artistsort": ["Henson, Joe & Smith, Alexis"], "tracknumber": ["4/8"], "label": ["Ubisoft Music"], "albumartistsort": ["Various Artists"], "acoustid_id": ["36bbde01-3be1-43ec-bbaf-971189a17781"], "musicbrainz_artistid": ["32284cbf-cc53-4dc1-9dc8-b19693dbc110/ea54f707-29ba-4632-be3d-2b5449fda394"]}}, "rhythm": {"bpm_histogram_first_peak_bpm": {"dmean2": 0, "median": 129, "min": 129, "dvar2": 0, "dvar": 0, "dmean": 0, "max": 129, "var": 0, "mean": 129}, "bpm": 128.897384644, "bpm_histogram_second_peak_spread": {"dmean2": 0, "median": 0.34013608098, "min": 0.34013608098, "dvar2": 0, "dvar": 0, "dmean": 0, "max": 0.34013608098, "var": 0, "mean": 0.34013608098}, "bpm_histogram_first_peak_weight": {"dmean2": 0, "median": 0.226708069444, "min": 0.226708069444, "dvar2": 0, "dvar": 0, "dmean": 0, "max": 0.226708069444, "var": 0, "mean": 0.226708069444}, "onset_rate": 4.78762197495, "beats_position": [0.46439909935, 0.952018141747, 1.43963718414, 1.92725622654, 2.41487526894, 2.90249419212, 3.3785033226, 3.85451245308, 4.31891155243, 4.78331041336, 5.24770975113, 5.71210861206, 6.18811798096, 6.66412687302, 7.12852573395, 7.59292507172, 8.05732440948, 8.52172279358, 8.98612213135, 9.45052146912, 9.91492080688, 10.379319191, 10.8437185287, 11.3081178665, 11.7725172043, 12.2369155884, 12.7013149261, 13.1657142639, 13.6301136017, 14.0945119858, 14.5589113235, 15.0233106613, 15.4877090454, 15.9521083832, 16.4165077209, 16.8809070587, 17.3453063965, 17.8097057343, 18.2741031647, 18.7385025024, 19.2029018402, 19.667301178, 20.1433105469, 20.6193199158, 21.0837192535, 21.548116684, 22.0125160217, 22.4769153595, 22.9413146973, 23.405714035, 23.8701133728, 24.3345127106, 24.7989120483, 25.2633094788, 25.7277088165, 26.1921081543, 26.6565074921, 27.1209068298, 27.5853061676, 28.0497055054, 28.5141029358, 28.9785022736, 29.4429016113, 29.9073009491, 30.3717002869, 30.8360996246, 31.3004989624, 31.7648983002, 32.2292976379, 32.6936950684, 33.1580963135, 33.6224937439, 34.0752830505, 34.5512924194, 35.0156898499, 35.480091095, 35.9561004639, 36.4321098328, 36.8965072632, 37.3609046936, 37.8253059387, 38.2897033691, 38.7541046143, 39.2185020447, 39.6829032898, 40.1473007202, 40.6116981506, 41.0760993958, 41.5404968262, 42.0745582581, 42.6202278137, 43.1658935547, 43.6999549866, 44.2456245422, 44.7912902832, 45.3485717773, 45.8826293945, 46.4282989502, 46.9739685059, 47.5196380615, 48.0653038025, 48.6109733582, 49.1566429138, 49.7023124695, 50.2479820251, 50.7936515808, 51.3393173218, 51.8849868774, 52.4306564331, 52.9763259888, 53.5219955444, 54.0676651001, 54.6133308411, 55.1590003967, 55.6930618286, 56.2387275696, 56.7960090637, 57.3416786194, 57.8873443604, 58.433013916, 58.9786834717, 59.5243530273, 60.070022583, 60.6156921387, 61.1613578796, 61.7070274353, 62.252696991, 62.7983665466, 63.3440361023, 63.889705658, 64.4353713989, 64.9694290161, 65.5150985718, 66.0607681274, 66.6180496216, 67.1637191772, 67.7093887329, 68.2434463501, 68.8007278442, 69.3463897705, 69.8920593262, 70.4377288818, 70.971786499, 71.5174560547, 72.0747375488, 72.608795166, 73.1544647217, 73.7001342773, 74.2574157715, 74.8030853271, 75.3487548828, 75.8944168091, 76.4400863647, 76.9857559204, 77.5314254761, 78.0654830933, 78.6111526489, 79.1568222046, 79.7024917603, 80.2481613159, 80.7938308716, 81.3395004272, 81.8851699829, 82.4308395386, 82.9881134033, 83.5221786499, 84.0678405762, 84.6135101318, 85.1475753784, 85.6816329956, 86.2853469849, 86.877456665, 87.4811782837, 88.0732879639, 88.6770019531, 89.2807235718, 89.8960494995, 90.5113830566, 91.1267089844, 91.7420425415, 92.3457565308, 92.9610900879, 93.5764160156, 94.1801376343, 94.795463562, 95.4107894897, 96.0261230469, 96.6414489746, 97.2451705933, 97.860496521, 98.4758224487, 99.0795440674, 99.6948699951, 100.310203552, 100.92552948, 101.540863037, 102.144577026, 102.759910583, 103.375236511, 103.97895813, 104.594284058, 105.209609985, 105.824943542, 106.44026947, 107.043991089, 107.659317017, 108.274642944, 108.878364563, 109.493690491, 110.109024048, 110.712738037, 111.328071594, 111.943397522, 112.558731079, 113.174057007, 113.777778625, 114.393104553, 115.008430481, 115.623764038, 116.227478027, 116.842811584, 117.458137512, 118.07346344, 118.677185059, 119.292518616, 119.907844543, 120.511566162, 121.138504028, 121.742218018, 122.345939636, 122.961265564, 123.576599121, 124.191925049, 124.807250977, 125.410972595, 126.026298523, 126.64163208, 127.256958008, 127.860679626, 128.476013184, 129.079727173, 129.695053101, 130.310379028, 130.914108276, 131.529434204, 132.144760132, 132.76008606, 133.375411987, 133.979141235, 134.594467163, 135.209793091, 135.81350708, 136.428848267, 137.044174194, 137.659500122, 138.27482605, 138.878540039, 139.482269287, 140.085983276, 140.689697266, 141.316635132, 141.943572998, 142.570526123, 143.197463989, 143.824401855, 144.451339722, 145.078277588, 145.693603516, 146.308929443, 146.93586731, 147.562805176, 148.189743042, 148.816680908, 149.443618774, 150.070556641, 150.697509766, 151.324447632, 151.951385498, 152.566711426, 153.182037354, 153.80897522, 154.435913086, 155.062850952, 155.689788818, 156.316726685, 156.943664551, 157.570602417, 158.197555542, 158.824493408, 159.451431274, 160.066757202, 160.68208313, 161.309020996, 161.935958862, 162.562896729, 163.189834595, 163.816772461, 164.443710327, 165.070648193, 165.69758606, 166.324539185, 166.951477051, 167.566802979, 168.182128906, 168.809066772, 169.436004639, 170.062942505, 170.689880371, 171.316818237, 171.943756104, 172.57069397, 173.197631836, 173.824569702, 174.451522827, 175.090057373, 175.70539856, 176.309112549, 176.843170166, 177.365615845, 177.899673462, 178.433731079, 178.967803955, 179.513473511], "beats_loudness": {"dmean2": 0.0568128935993, "median": 0.0414493493736, "min": 1.57011239565e-08, "dvar2": 0.00263315532357, "dvar": 0.000807808886748, "dmean": 0.0330467075109, "max": 0.186191096902, "var": 0.00119271222502, "mean": 0.0474204011261}, "danceability": 1.17922461033, "bpm_histogram_second_peak_weight": {"dmean2": 0, "median": 0.301242232323, "min": 0.301242232323, "dvar2": 0, "dvar": 0, "dmean": 0, "max": 0.301242232323, "var": 0, "mean": 0.301242232323}, "beats_count": 323, "bpm_histogram_second_peak_bpm": {"dmean2": 0, "median": 98, "min": 98, "dvar2": 0, "dvar": 0, "dmean": 0, "max": 98, "var": 0, "mean": 98}, "bpm_histogram_first_peak_spread": {"dmean2": 0, "median": 0.120481871068, "min": 0.120481871068, "dvar2": 0, "dvar": 0, "dmean": 0, "max": 0.120481871068, "var": 0, "mean": 0.120481871068}, "beats_loudness_band_ratio": {"dmean2": [0.353197067976, 0.296678811312, 0.12231323123, 0.0494564659894, 0.0317386798561, 0.0310495831072], "median": [0.748641908169, 0.152847632766, 0.0513454452157, 0.0169105697423, 0.00796681828797, 0.00476372800767], "min": [0.0021344111301, 0.000104047809145, 0.000470181141282, 0.000139029041748, 2.86308004434e-05, 2.34225026361e-05], "dvar2": [0.0935148447752, 0.0652320757508, 0.0225719958544, 0.0111369164661, 0.00196908717044, 0.00339862867258], "dvar": [0.0304897297174, 0.021310582757, 0.00753400614485, 0.00382671528496, 0.000689672888257, 0.00175540219061], "dmean": [0.198319688439, 0.162327453494, 0.0668504089117, 0.0268698539585, 0.0176793504506, 0.0184565279633], "max": [0.97890663147, 0.755730628967, 0.568356692791, 0.663026750088, 0.189502134919, 0.996591567993], "var": [0.0451000332832, 0.0252857003361, 0.00815997924656, 0.00242477934808, 0.000774898508098, 0.00727176014334], "mean": [0.70209646225, 0.197609052062, 0.0803126841784, 0.0280094966292, 0.0189219638705, 0.0219607036561]}}, "lowlevel": {"barkbands_spread": {"dmean2": 8.69523239136, "median": 7.28050327301, "min": 0.164046883583, "dvar2": 169.566741943, "dvar": 65.9761962891, "dmean": 5.27249670029, "max": 135.570419312, "var": 185.430023193, "mean": 11.4761915207}, "melbands_spread": {"dmean2": 6.76368618011, "median": 5.46075248718, "min": 0.358019024134, "dvar2": 147.567382813, "dvar": 59.3637237549, "dmean": 4.11523342133, "max": 253.622344971, "var": 200.069061279, "mean": 9.20927524567}, "hfc": {"dmean2": 9.94607830048, "median": 7.16950893402, "min": 1.1647274772e-16, "dvar2": 390.05279541, "dvar": 163.505859375, "dmean": 6.38590145111, "max": 242.865234375, "var": 220.373672485, "mean": 11.392323494}, "barkbands_kurtosis": {"dmean2": 20.9550457001, "median": 11.5795249939, "min": -1.92322945595, "dvar2": 3573.74707031, "dvar": 1455.81958008, "dmean": 12.6176776886, "max": 1949.72314453, "var": 6554.046875, "mean": 23.7832832336}, "gfcc": {"mean": [-55.7531280518, 111.962585449, -66.704208374, 24.1802921295, -39.9798355103, 9.45312404633, -31.7746047974, 3.86374688148, -21.9888820648, -2.09456348419, -16.2353610992, -5.62102603912, -11.5914306641], "icov": [[0.000125366044813, -8.44972237246e-05, 0.000135666879942, -5.99689192313e-05, -1.21504872368e-05, -0.000176551548066, 0.000463024072815, -0.000149127823533, 0.000285667687422, -0.000330041628331, 0.000443704804638, -0.000406883627875, 0.000230670906603], [-8.44972237246e-05, 0.000682425277773, -2.43773683906e-05, 0.000110443208541, -0.000119941018056, 0.000394762522774, -0.000136474933242, 0.00050324521726, -0.000463238859084, 0.000954173447099, -0.00120215141214, 0.00105069286656, -0.000715412956197], [0.000135666879942, -2.43773683906e-05, 0.00135015125852, -4.32804918091e-05, 0.000271391065326, -0.00045832284377, -9.43102568272e-05, 0.000543186964933, 0.000658945296891, -0.000396594085032, -8.25421302579e-05, -0.000785466458183, 0.000862659246195], [-5.99689192313e-05, 0.000110443208541, -4.32804918091e-05, 0.00308682559989, 2.75679503829e-05, -0.000846920709591, -0.000363914179616, -0.0011483700946, 0.000696235685609, 0.000986065366305, -0.00119401770644, 0.000914137752261, -0.00103312684223], [-1.21504872368e-05, -0.000119941018056, 0.000271391065326, 2.75679503829e-05, 0.00374522712082, 0.000344688392943, -0.00209173932672, -0.000319950573612, 0.000270299991826, -0.000692818255629, -0.000388277228922, 0.000453873421066, -0.00128521188162], [-0.000176551548066, 0.000394762522774, -0.00045832284377, -0.000846920709591, 0.000344688392943, 0.0059851910919, -0.0018298625946, 0.000785740790889, -0.00161194219254, -0.000503928225953, 0.000151461892528, 0.000134919842822, 0.000872542208526], [0.000463024072815, -0.000136474933242, -9.43102568272e-05, -0.000363914179616, -0.00209173932672, -0.0018298625946, 0.0122688468546, -0.00393601646647, -0.00181464897469, 0.00218410021625, -0.00153543823399, 0.00285681616515, -0.00278007239103], [-0.000149127823533, 0.00050324521726, 0.000543186964933, -0.0011483700946, -0.000319950573612, 0.000785740790889, -0.00393601646647, 0.00996911432594, -0.00233629951254, -0.00193326477893, 0.0015772926854, -0.0021296441555, 0.00140880793333], [0.000285667687422, -0.000463238859084, 0.000658945296891, 0.000696235685609, 0.000270299991826, -0.00161194219254, -0.00181464897469, -0.00233629951254, 0.0136643331498, -0.00408128229901, -0.00274285464548, 0.000530460674781, 7.35563444323e-05], [-0.000330041628331, 0.000954173447099, -0.000396594085032, 0.000986065366305, -0.000692818255629, -0.000503928225953, 0.00218410021625, -0.00193326477893, -0.00408128229901, 0.015926329419, -0.00518433284014, -0.000132269982714, -0.000185166791198], [0.000443704804638, -0.00120215141214, -8.25421302579e-05, -0.00119401770644, -0.000388277228922, 0.000151461892528, -0.00153543823399, 0.0015772926854, -0.00274285464548, -0.00518433284014, 0.0205094218254, -0.00796594936401, 0.00131829257589], [-0.000406883627875, 0.00105069286656, -0.000785466458183, 0.000914137752261, 0.000453873421066, 0.000134919842822, 0.00285681616515, -0.0021296441555, 0.000530460674781, -0.000132269982714, -0.00796594936401, 0.0210319366306, -0.00585157098249], [0.000230670906603, -0.000715412956197, 0.000862659246195, -0.00103312684223, -0.00128521188162, 0.000872542208526, -0.00278007239103, 0.00140880793333, 7.35563444323e-05, -0.000185166791198, 0.00131829257589, -0.00585157098249, 0.0188443921506]], "cov": [[16702.2226563, -126.137695313, -1066.98376465, -39.0690498352, -502.514892578, 89.0435791016, -974.629150391, -13.2152271271, -423.450256348, 220.270797729, -347.209259033, 246.647964478, -239.031112671], [-126.137695313, 2257.31787109, -131.419509888, -48.9494514465, 147.43548584, -155.221328735, 66.3262863159, -132.01550293, 35.5333328247, -124.757713318, 84.4225769043, -86.2683029175, 93.4121932983], [-1066.98376465, -131.419509888, 962.854553223, -12.1233215332, -97.2728805542, 62.8261680603, 2.97196769714, -71.0086364746, -24.627155304, 1.84076499939, 28.3086013794, 17.6099224091, -36.8647270203], [-39.0690498352, -48.9494514465, -12.1233215332, 387.000671387, 33.3616485596, 59.8454017639, 56.0939598083, 56.51587677, 1.76626384258, -14.9737386703, 12.3923997879, -8.37463951111, 20.3250045776], [-502.514892578, 147.43548584, -97.2728805542, 33.3616485596, 371.294525146, -14.0542564392, 123.260284424, 50.3372764587, 41.3355445862, 1.81777727604, 29.4923248291, -17.4665622711, 50.7946777344], [89.0435791016, -155.221328735, 62.8261680603, 59.8454017639, -14.0542564392, 210.910888672, 29.0746021271, 19.1912574768, 25.6231231689, 20.5246429443, 2.11037302017, 2.64470219612, -13.6722974777], [-974.629150391, 66.3262863159, 2.97196769714, 56.0939598083, 123.260284424, 29.0746021271, 196.522460938, 62.8527755737, 60.3301239014, -14.5689697266, 31.8311367035, -26.6996135712, 37.8452568054], [-13.2152271271, -132.01550293, -71.0086364746, 56.51587677, 50.3372764587, 19.1912574768, 62.8527755737, 158.100402832, 42.1126708984, 28.3646965027, 5.23725795746, 9.78453350067, 4.28261947632], [-423.450256348, 35.5333328247, -24.627155304, 1.76626384258, 41.3355445862, 25.6231231689, 60.3301239014, 42.1126708984, 117.469078064, 29.291267395, 34.5601196289, -2.34990096092, 11.8232326508], [220.270797729, -124.757713318, 1.84076499939, -14.9737386703, 1.81777727604, 20.5246429443, -14.5689697266, 28.3646965027, 29.291267395, 96.3408508301, 20.7977542877, 21.5925731659, -7.35174417496], [-347.209259033, 84.4225769043, 28.3086013794, 12.3923997879, 29.4923248291, 2.11037302017, 31.8311367035, 5.23725795746, 34.5601196289, 20.7977542877, 80.8757019043, 18.7276763916, 13.2837839127], [246.647964478, -86.2683029175, 17.6099224091, -8.37463951111, -17.4665622711, 2.64470219612, -26.6996135712, 9.78453350067, -2.34990096092, 21.5925731659, 18.7276763916, 72.0708084106, 7.74699115753], [-239.031112671, 93.4121932983, -36.8647270203, 20.3250045776, 50.7946777344, -13.6722974777, 37.8452568054, 4.28261947632, 11.8232326508, -7.35174417496, 13.2837839127, 7.74699115753, 73.0586471558]]}, "spectral_energyband_middle_low": {"dmean2": 0.0153220994398, "median": 0.00924015045166, "min": 2.37206157553e-22, "dvar2": 0.000617178156972, "dvar": 0.000256120954873, "dmean": 0.0095456764102, "max": 0.164724454284, "var": 0.00039867972373, "mean": 0.015957403928}, "melbands_crest": {"dmean2": 6.41643333435, "median": 16.1840820313, "min": 1.78201818466, "dvar2": 26.5819606781, "dvar": 9.52904605865, "dmean": 3.79748296738, "max": 38.061164856, "var": 25.2696475983, "mean": 16.5830383301}, "spectral_kurtosis": {"dmean2": 6.68432283401, "median": 6.50559234619, "min": -1.17790842056, "dvar2": 119.890159607, "dvar": 55.0097808838, "dmean": 4.31474876404, "max": 139.500564575, "var": 146.456558228, "mean": 10.4173603058}, "spectral_rms": {"dmean2": 0.00213891989551, "median": 0.00490175606683, "min": 3.16368394156e-12, "dvar2": 4.51222786069e-06, "dvar": 2.00103158932e-06, "dmean": 0.0013606925495, "max": 0.0141958873719, "var": 6.86129305905e-06, "mean": 0.00513713434339}, "zerocrossingrate": {"dmean2": 0.0128818936646, "median": 0.0263671875, "min": 0.0029296875, "dvar2": 0.000318283302477, "dvar": 0.000224037037697, "dmean": 0.00982273649424, "max": 0.87060546875, "var": 0.00657105026767, "mean": 0.0415896251798}, "silence_rate_60dB": {"dmean2": 0.0474104620516, "median": 0, "min": 0, "dvar2": 0.0549613647163, "dvar": 0.023142747581, "dmean": 0.0237021762878, "max": 1, "var": 0.0646050795913, "mean": 0.0694229751825}, "erbbands_kurtosis": {"dmean2": 2.85747599602, "median": 0.468915343285, "min": -1.8617310524, "dvar2": 23.548324585, "dvar": 10.1647930145, "dmean": 1.77858352661, "max": 71.497177124, "var": 24.7435092926, "mean": 2.0231180191}, "erbbands": {"dmean2": [0.167123228312, 3.14514040947, 10.5765428543, 19.3546676636, 24.3270053864, 33.7528266907, 21.0408210754, 15.3337678909, 30.7154865265, 14.9850406647, 17.085893631, 12.1769866943, 14.8097467422, 11.2281999588, 9.65278625488, 9.56189537048, 9.75750732422, 9.5328130722, 15.0432901382, 11.343419075, 8.67966938019, 6.21965837479, 4.9418964386, 4.9246506691, 3.9102678299, 3.35577058792, 2.90690207481, 2.88250875473, 2.07239699364, 1.95537924767, 1.4805419445, 1.36281085014, 1.42029726505, 1.12753236294, 0.644323885441, 0.435254007578, 0.169095546007, 0.0461373962462, 0.0114897787571, 0.000931174494326], "median": [0.0635806769133, 1.22223830223, 4.13391017914, 6.99412298203, 7.75839328766, 8.7216053009, 7.30317878723, 4.71882247925, 5.29140901566, 5.37276029587, 6.04546070099, 3.71666264534, 4.69023370743, 3.50472092628, 3.33660721779, 3.56906890869, 2.5656375885, 2.43246936798, 2.88998198509, 2.05325698853, 2.09837961197, 1.39662897587, 1.33145642281, 0.98635840416, 0.919637203217, 0.78521323204, 0.506695508957, 0.334707796574, 0.287929683924, 0.271668612957, 0.213257908821, 0.177674889565, 0.122195109725, 0.0910686925054, 0.0542324855924, 0.0266161300242, 0.00771618634462, 0.00168774370104, 0.000268651172519, 5.65755144635e-05], "min": [3.51011396926e-22, 4.15771308518e-21, 8.11146475705e-21, 2.41017359914e-20, 4.51879462856e-20, 5.64130069178e-20, 9.68693120785e-20, 3.96214705426e-19, 3.92036848796e-19, 6.49492084014e-19, 8.54987581314e-19, 2.50829409944e-18, 1.50297590267e-18, 2.13872138228e-18, 4.96586300218e-18, 3.7219070244e-18, 2.34621881176e-18, 5.11380673627e-18, 3.86355508685e-18, 6.66739833762e-18, 6.25954122017e-18, 7.24265695871e-18, 1.13831657631e-17, 1.47072348952e-17, 1.66853397229e-17, 1.36182714712e-17, 1.46891428009e-17, 1.90658811534e-17, 1.72427337243e-17, 1.60950719095e-17, 1.80982270748e-17, 2.02890777929e-17, 1.28014388881e-17, 1.26369250719e-17, 8.84057303318e-18, 4.92235867863e-18, 3.28440892367e-18, 1.38348656126e-18, 3.87126859776e-19, 3.51509108835e-20], "dvar2": [0.0591725483537, 18.8587436676, 234.677505493, 1010.03173828, 2049.03540039, 4718.83984375, 1638.57446289, 916.176086426, 5426.18310547, 937.527954102, 1313.3112793, 817.558898926, 1012.67388916, 739.283447266, 444.823181152, 356.73223877, 380.606262207, 384.774291992, 1823.92834473, 661.350097656, 317.197265625, 149.208435059, 105.829368591, 111.406578064, 100.130638123, 62.1153678894, 112.120475769, 95.3294372559, 27.5706958771, 26.4724369049, 16.0285320282, 12.7380371094, 29.9407367706, 53.5098953247, 3.29731988907, 2.6591463089, 0.488920539618, 0.0186215657741, 0.00270672119223, 5.69380790694e-05], "dvar": [0.0240300521255, 6.86832475662, 86.2929458618, 371.706512451, 809.474853516, 1753.89868164, 605.262268066, 338.555389404, 2210.37231445, 360.344421387, 492.051422119, 311.331359863, 424.147003174, 278.216796875, 166.164489746, 136.449356079, 143.896957397, 150.733581543, 674.280822754, 245.081130981, 135.740127563, 59.0952911377, 42.4345855713, 42.4353027344, 38.5002098083, 23.4176044464, 41.2296104431, 34.8718414307, 10.4640493393, 10.2603969574, 6.50568914413, 5.36952877045, 13.7739715576, 19.2823028564, 1.35107088089, 0.989404380322, 0.174464687705, 0.00705731194466, 0.00109782326035, 2.07790290006e-05], "dmean": [0.102710910141, 1.86599242687, 6.19499158859, 11.3688611984, 14.6933040619, 19.7721710205, 12.4347686768, 9.08841896057, 18.8541183472, 8.96739006042, 10.312376976, 7.31599664688, 8.95643615723, 6.64489459991, 5.77204370499, 5.78224372864, 5.8460931778, 5.76113271713, 9.04919338226, 6.71194505692, 5.37651252747, 3.80816173553, 3.03607654572, 2.98342633247, 2.33635258675, 2.01465058327, 1.71184444427, 1.65585422516, 1.21764421463, 1.15500509739, 0.893243014812, 0.815535664558, 0.841885507107, 0.65499830246, 0.378184854984, 0.251772254705, 0.0971922501922, 0.0265424437821, 0.00689717847854, 0.000536849547643], "max": [2.88748526573, 31.0687828064, 122.144676208, 237.54006958, 345.987792969, 697.355163574, 408.948852539, 312.270172119, 729.314453125, 328.371917725, 481.262298584, 463.931182861, 911.971862793, 468.883270264, 230.749023438, 185.539642334, 149.010482788, 207.731369019, 468.542266846, 249.125045776, 265.140167236, 120.729751587, 104.104957581, 140.759506226, 195.529296875, 123.850822449, 122.005302429, 105.220504761, 56.0874710083, 56.3409080505, 61.561050415, 56.9279670715, 118.778450012, 185.468215942, 30.0127334595, 22.8617324829, 9.84065151215, 1.5501254797, 1.16022264957, 0.225658923388], "var": [0.0479521751404, 8.88423156738, 134.375656128, 419.578674316, 899.848022461, 1784.0267334, 654.987182617, 373.245391846, 3961.95043945, 486.193847656, 561.979125977, 344.533569336, 714.17755127, 263.704864502, 182.961990356, 160.422866821, 145.577819824, 202.277664185, 641.58026123, 250.746948242, 224.030181885, 90.8055496216, 55.4571380615, 58.1944122314, 40.4805297852, 27.6041107178, 32.5345230103, 29.3182849884, 12.7747983932, 12.2200984955, 8.52175712585, 6.96292638779, 15.270283699, 12.7384443283, 1.33906066418, 0.749353349209, 0.119281500578, 0.00610994780436, 0.00104999530595, 1.37249853651e-05], "mean": [0.143601983786, 2.35504889488, 8.38980484009, 14.4376049042, 17.9584636688, 23.3822479248, 15.8623371124, 11.5997619629, 27.2011566162, 12.8031053543, 13.8145742416, 9.7162437439, 12.5171136856, 8.41962528229, 7.89668703079, 7.96698331833, 6.95459270477, 7.56567573547, 11.3693885803, 8.22929477692, 7.55870580673, 5.2940788269, 4.17388772964, 4.03295230865, 3.12559700012, 2.69736075401, 1.96970808506, 1.74790394306, 1.44519007206, 1.34600353241, 1.05162000656, 0.949807703495, 0.892815709114, 0.62052822113, 0.354742705822, 0.216496750712, 0.0792659521103, 0.0217291954905, 0.00584513740614, 0.000432950968388]}, "spectral_strongpeak": {"dmean2": 0.454273194075, "median": 0.339129835367, "min": 0, "dvar2": 0.328956604004, "dvar": 0.121956579387, "dmean": 0.268798202276, "max": 5.73720121384, "var": 0.16962069273, "mean": 0.4612172544}, "spectral_energy": {"dmean2": 0.0281117670238, "median": 0.0246278941631, "min": 1.02591180485e-20, "dvar2": 0.00121117604431, "dvar": 0.00050003832439, "dmean": 0.0174015332013, "max": 0.206561312079, "var": 0.00101961393375, "mean": 0.0340825729072}, "average_loudness": 0.912450909615, "spectral_rolloff": {"dmean2": 552.828186035, "median": 279.931640625, "min": 43.06640625, "dvar2": 2947709, "dvar": 1093549.375, "dmean": 312.746917725, "max": 21274.8046875, "var": 5860774.5, "mean": 794.057495117}, "spectral_centroid": {"dmean2": 304.234924316, "median": 482.651428223, "min": 122.565628052, "dvar2": 147037.375, "dvar": 61388.7265625, "dmean": 187.056945801, "max": 10925.4472656, "var": 328936.3125, "mean": 669.599487305}, "pitch_salience": {"dmean2": 0.172359988093, "median": 0.523877382278, "min": 0.0742802843451, "dvar2": 0.0200649928302, "dvar": 0.00732351001352, "dmean": 0.102631255984, "max": 0.858141899109, "var": 0.0185936819762, "mean": 0.513101696968}, "spectral_energyband_middle_high": {"dmean2": 0.00151853088755, "median": 0.000828240183182, "min": 1.40661841021e-21, "dvar2": 8.45182876219e-06, "dvar": 3.40023052559e-06, "dmean": 0.000961436424404, "max": 0.0363127999008, "var": 4.87661918669e-06, "mean": 0.0016282023862}, "spectral_contrast_coeffs": {"dmean2": [0.102445371449, 0.0817689150572, 0.0617228969932, 0.0486364848912, 0.0351816527545, 0.0316329151392], "median": [-0.639101028442, -0.769207954407, -0.806131243706, -0.812958657742, -0.81701874733, -0.813052535057], "min": [-0.989550054073, -0.973726928234, -0.977896988392, -0.955769896507, -0.963135123253, -0.961436510086], "dvar2": [0.00660984870046, 0.00430956436321, 0.00242586899549, 0.00159799831454, 0.000853898061905, 0.000829982513096], "dvar": [0.00248735235073, 0.00158637680579, 0.000882789958268, 0.000626215303782, 0.000343574909493, 0.000335397955496], "dmean": [0.0618363879621, 0.0493581704795, 0.037125878036, 0.0296069141477, 0.0217531137168, 0.0197308827192], "max": [-0.299487352371, -0.493719041348, -0.523115038872, -0.577618956566, -0.609530031681, -0.690015375614], "var": [0.00739190261811, 0.00426646368578, 0.00295440433547, 0.00262542976998, 0.00191114423797, 0.00119570863899], "mean": [-0.633347213268, -0.763475120068, -0.8004591465, -0.808352947235, -0.814878165722, -0.813041746616]}, "melbands_skewness": {"dmean2": 1.84516227245, "median": 3.78681969643, "min": -0.516240894794, "dvar2": 2.92817354202, "dvar": 1.14559209347, "dmean": 1.13592076302, "max": 17.529914856, "var": 4.49877309799, "mean": 4.11818552017}, "spectral_spread": {"dmean2": 1589032, "median": 4347257.5, "min": 688777.75, "dvar2": 3263534465020.0, "dvar": 1430653894660.0, "dmean": 1021474.4375, "max": 40219704, "var": 7966885412860.0, "mean": 4914317.5}, "dissonance": {"dmean2": 0.0441673398018, "median": 0.45932996273, "min": 0.214924409986, "dvar2": 0.00160820316523, "dvar": 0.000619977596216, "dmean": 0.0263486970216, "max": 0.500000059605, "var": 0.00138658029027, "mean": 0.449885070324}, "spectral_skewness": {"dmean2": 0.660166680813, "median": 2.08226799965, "min": 0.0284067858011, "dvar2": 0.684873223305, "dvar": 0.316236317158, "dmean": 0.433709740639, "max": 9.53892612457, "var": 1.23599076271, "mean": 2.40293645859}, "spectral_flux": {"dmean2": 0.0562405437231, "median": 0.0873195230961, "min": 1.01287304932e-10, "dvar2": 0.00331141310744, "dvar": 0.00151572644245, "dmean": 0.0359877571464, "max": 0.368818730116, "var": 0.003880626522, "mean": 0.0978625938296}, "spectral_contrast_valleys": {"dmean2": [0.754771888256, 0.697306215763, 0.682262003422, 0.673345923424, 0.604316532612, 0.765722751617], "median": [-6.62793445587, -6.70447301865, -7.61188983917, -8.25668525696, -8.4155330658, -10.6674404144], "min": [-27.6978111267, -27.0780887604, -27.1861419678, -27.4130973816, -27.1791439056, -27.1704559326], "dvar2": [0.353278458118, 0.403588801622, 0.441640257835, 0.501078486443, 0.475772678852, 0.702480256557], "dvar": [0.149410158396, 0.188719123602, 0.209280461073, 0.248846009374, 0.243472769856, 0.349427133799], "dmean": [0.463859468699, 0.440304398537, 0.437430173159, 0.462990552187, 0.427393704653, 0.536480486393], "max": [-4.97515106201, -4.58975601196, -5.30830812454, -5.82873678207, -6.11537981033, -7.88326406479], "var": [1.96037757397, 1.97447454929, 1.83732783794, 1.90070188046, 1.71769618988, 1.97194707394], "mean": [-6.87450695038, -6.93402957916, -7.84365940094, -8.47510623932, -8.6173915863, -10.8600130081]}, "erbbands_flatness_db": {"dmean2": 0.0409052334726, "median": 0.137733697891, "min": 0.0353212840855, "dvar2": 0.00162772228941, "dvar": 0.000787568278611, "dmean": 0.0272156056017, "max": 0.371530979872, "var": 0.00330796954222, "mean": 0.148956745863}, "spectral_energyband_high": {"dmean2": 0.000496123393532, "median": 7.5251373346e-05, "min": 7.65649360972e-21, "dvar2": 1.86397949165e-06, "dvar": 7.58551777835e-07, "dmean": 0.000297841004794, "max": 0.0186926983297, "var": 8.15077953575e-07, "mean": 0.000328149239067}, "spectral_entropy": {"dmean2": 0.510167479515, "median": 7.15452003479, "min": 4.5829372406, "dvar2": 0.275313526392, "dvar": 0.122697867453, "dmean": 0.330375343561, "max": 9.80822753906, "var": 0.517810046673, "mean": 7.04649162292}, "silence_rate_20dB": {"dmean2": 0, "median": 1, "min": 1, "dvar2": 0, "dvar": 0, "dmean": 0, "max": 1, "var": 0, "mean": 1}, "melbands_flatness_db": {"dmean2": 0.0740338414907, "median": 0.299921572208, "min": 0.00442710286006, "dvar2": 0.00458891643211, "dvar": 0.00193590193521, "dmean": 0.0478830672801, "max": 0.646248877048, "var": 0.00987158436328, "mean": 0.307137697935}, "barkbands": {"dmean2": [9.6647097962e-05, 0.0115136560053, 0.00984818860888, 0.00785070098937, 0.00854119751602, 0.00183694018051, 0.00182555802166, 0.000810973870102, 0.000547745905351, 0.000453040614957, 0.000267434021225, 0.000258638319792, 0.000217512162635, 0.000247174175456, 0.000278856634395, 0.000158394774189, 0.000110343862616, 9.56828298513e-05, 8.2898659457e-05, 7.35638168408e-05, 7.38146627555e-05, 5.95381861785e-05, 5.3988849686e-05, 7.61870396673e-05, 9.14615084184e-05, 9.70500041149e-05, 6.96672359481e-05], "median": [4.42874625151e-06, 0.00440736301243, 0.00341078825295, 0.00201430171728, 0.00285167037509, 0.000583906483371, 0.000344472646248, 0.000268985168077, 0.000144311852637, 0.000150994033902, 5.44491631445e-05, 9.12316027097e-05, 5.15093488502e-05, 5.02489783685e-05, 3.71369060304e-05, 3.67126558558e-05, 2.03073141165e-05, 2.11913702515e-05, 1.84271484613e-05, 1.65707224369e-05, 1.04698619907e-05, 8.25958250061e-06, 7.66722223489e-06, 8.11936297396e-06, 8.16248939373e-06, 4.92441813549e-06, 1.49687093653e-06], "min": [2.12503745079e-25, 1.67318849501e-23, 9.7812685907e-24, 7.69607413766e-24, 1.84729735432e-23, 3.49621764799e-23, 4.16658722762e-23, 2.85547705286e-23, 9.13509574161e-23, 5.57658648111e-23, 7.43712944111e-23, 1.25581784106e-22, 3.71831007626e-23, 9.86184678787e-23, 8.641831115e-23, 1.30160799806e-22, 1.12133561073e-22, 2.0920068665e-22, 3.36060501153e-22, 2.59591101792e-22, 4.63988243996e-22, 4.68310292989e-22, 5.97449473746e-22, 8.60156159595e-22, 1.23578602473e-21, 1.62888806082e-21, 2.63046322654e-21], "dvar2": [2.35862984255e-07, 0.000249346427154, 0.000214208383113, 0.000209626319702, 0.000263416965026, 1.22808714877e-05, 1.93552132259e-05, 3.03715319205e-06, 1.47483274304e-06, 8.32812872886e-07, 4.76919694847e-07, 2.36907013118e-07, 1.86745992892e-07, 2.96392016708e-07, 5.82593031595e-07, 9.98480942371e-08, 5.05859745203e-08, 4.14587333353e-08, 3.88132974649e-08, 3.59522438487e-08, 7.26537265905e-08, 2.30559979997e-08, 2.08332089358e-08, 5.87392854356e-08, 1.59776490705e-07, 1.47342461787e-07, 1.28171933511e-07], "dvar": [1.17436293579e-07, 9.17509678402e-05, 7.84793883213e-05, 7.82283896115e-05, 9.94831352727e-05, 4.52874337498e-06, 7.88017496234e-06, 1.15032230497e-06, 5.6618267763e-07, 3.92215241618e-07, 1.73711129037e-07, 9.14015032549e-08, 7.04952540787e-08, 1.16617968615e-07, 2.12903572105e-07, 4.30219557757e-08, 1.95796250324e-08, 1.65487730186e-08, 1.49876875355e-08, 1.33220527943e-08, 2.68155488925e-08, 8.79494610473e-09, 8.76592842758e-09, 2.59942467551e-08, 5.95139013626e-08, 5.35642818988e-08, 4.93412848357e-08], "dmean": [6.08971786278e-05, 0.00685504917055, 0.00575079489499, 0.00465089036152, 0.00507405214012, 0.00107847363688, 0.00111300742719, 0.00048766983673, 0.000329727074131, 0.000276148028206, 0.000156101799803, 0.000156856214744, 0.000129687250592, 0.00014977659157, 0.00016223199782, 9.80710319709e-05, 6.66644482408e-05, 5.83840737818e-05, 5.01040449308e-05, 4.39035939053e-05, 4.31527660112e-05, 3.505884888e-05, 3.26483568642e-05, 4.53058601124e-05, 5.36753505003e-05, 5.61594497412e-05, 4.08133200835e-05], "max": [0.0216819792986, 0.108204632998, 0.127499759197, 0.111054956913, 0.132136404514, 0.0335121005774, 0.046666610986, 0.0240316726267, 0.0187455061823, 0.0334502123296, 0.00896135158837, 0.0045038969256, 0.0034022256732, 0.0055769472383, 0.00893416814506, 0.00439986214042, 0.00257640099153, 0.00198208261281, 0.0032940923702, 0.00412857811898, 0.00282763154246, 0.00180099788122, 0.00254410156049, 0.00453134579584, 0.00927032902837, 0.00523878354579, 0.00930261705071], "var": [6.95575010923e-07, 0.000121117322124, 0.000115453702165, 8.12401049188e-05, 0.000106313767901, 4.76675995742e-06, 1.39054791362e-05, 1.31616275212e-06, 7.07477738615e-07, 6.28788711765e-07, 1.55092052978e-07, 1.14909816773e-07, 6.96608779549e-08, 1.79211838258e-07, 1.73787526592e-07, 7.19180874853e-08, 2.77645693103e-08, 2.10426254199e-08, 1.74416907583e-08, 1.40893519074e-08, 2.16768345496e-08, 1.05129416283e-08, 1.23142855912e-08, 3.01869249597e-08, 4.46583712232e-08, 3.84565446154e-08, 3.95025452349e-08], "mean": [0.000108315551188, 0.00866555981338, 0.00747916474938, 0.00529075227678, 0.0064830663614, 0.00134150392842, 0.0016195239732, 0.000637784134597, 0.000429600419011, 0.000373798859073, 0.000181191135198, 0.000213143066503, 0.000148713545059, 0.000200790454983, 0.000178638409125, 0.00013413146371, 8.81695959833e-05, 7.52464547986e-05, 6.56887932564e-05, 5.88829389017e-05, 4.69494516437e-05, 4.11710825574e-05, 3.85690982512e-05, 4.98866611451e-05, 5.11327561981e-05, 4.68689504487e-05, 3.29779722961e-05]},