{"metadata": {"tags": {"album artist": ["Arthur B. Rubinstein"], "releasecountry": ["US"], "genre": ["Soundtrack"], "releasetype": ["soundtrack"], "disctotal": ["1"], "encoder": ["MediaMonkey 3.2.4"], "album": ["Blue Thunder"], "ensemble": ["Arthur B. Rubinstein"], "script": ["Latn"], "albumartistsort": ["Rubinstein, Arthur B."], "releasestatus": ["promotion"], "musicbrainz_albumartistid": ["54a37067-14c3-42ad-acf2-c57352acb4f3"], "acoustid_id": ["26fed318-7d9e-4068-b8f7-a924d85c4158"], "musicbrainz_artistid": ["54a37067-14c3-42ad-acf2-c57352acb4f3"], "musicbrainz_recordingid": ["078352ce-a372-46e4-99b4-c0f3b3fbbc6a"], "albumartist": ["Arthur B. Rubinstein"], "originaldate": ["1998"], "totaltracks": ["16"], "artist": ["Arthur B. Rubinstein"], "musicbrainz_albumid": ["e5b1679b-a364-4c53-a7d3-84ece4e02aff"], "artistsort": ["Rubinstein, Arthur B."], "title": ["Night Search"], "tracknumber": ["5"], "tracktotal": ["16"], "composer": ["Arthur B. Rubinstein"], "totaldiscs": ["1"], "date": ["1983"], "file_name": "05 Night Search.flac", "discnumber": ["1"]}, "audio_properties": {"downmix": "mix", "lossless": true, "analysis_sample_rate": 44100, "md5_encoded": "4d01c019f357dc236687decc29da60af", "equal_loudness": 0, "replay_gain": -3.98660469055, "codec": "flac", "bit_rate": 0, "length": 128.066665649}, "version": {"extractor": "music 1.0", "essentia_build_sha": "7f154e5731828a63663f0144680ef47bd640f88b", "essentia_git_sha": "v2.1_beta1-6-g5578087", "essentia": "2.1-beta1"}}, "rhythm": {"beats_loudness_band_ratio": {"dvar2": [0.0713479891419, 0.0497194267809, 0.0517043434083, 0.0550084859133, 0.00610488653183, 0.00679380400106], "var": [0.105136342347, 0.0247187819332, 0.025554375723, 0.0243578422815, 0.002253691433, 0.00626186747104], "min": [0, 0, 0, 0, 0, 0], "dmean": [0.146596238017, 0.12137131393, 0.0792143419385, 0.0751824900508, 0.0294382087886, 0.0251300893724], "mean": [0.662251591682, 0.150733053684, 0.0813681855798, 0.0710150152445, 0.0298313591629, 0.0326876789331], "max": [0.985749661922, 0.818537175655, 0.933748364449, 0.948625087738, 0.331779152155, 0.540754675865], "dmean2": [0.263460963964, 0.218121930957, 0.136492267251, 0.132655575871, 0.0515388101339, 0.0414053164423], "median": [0.815093457699, 0.0961045920849, 0.0264237951487, 0.0170591399074, 0.0141551848501, 0.00664582196623], "dvar": [0.0394007712603, 0.0209171883762, 0.0241546779871, 0.0221066363156, 0.00234200060368, 0.00290276529267]}, "bpm_histogram_first_peak_weight": {"dvar2": 0, "var": 0, "min": 0.278884470463, "dmean": 0, "mean": 0.278884470463, "max": 0.278884470463, "dmean2": 0, "median": 0.278884470463, "dvar": 0}, "bpm": 102.425895691, "beats_count": 252, "bpm_histogram_first_peak_spread": {"dvar2": 0, "var": 0, "min": 0.507042169571, "dmean": 0, "mean": 0.507042169571, "max": 0.507042169571, "dmean2": 0, "median": 0.507042169571, "dvar": 0}, "danceability": 0.82003903389, "bpm_histogram_first_peak_bpm": {"dvar2": 0, "var": 0, "min": 103, "dmean": 0, "mean": 103, "max": 103, "dmean2": 0, "median": 103, "dvar": 0}, "beats_position": [0.603718817234, 1.21904754639, 1.8111563921, 2.41487526894, 3.00698399544, 3.59909296036, 4.20281171799, 4.80653047562, 5.39863920212, 5.9675283432, 6.54802703857, 7.12852573395, 7.70902490616, 8.28952407837, 8.85841274261, 9.42730140686, 9.99619007111, 10.5882987976, 11.1804075241, 11.7725172043, 12.3530158997, 12.9451246262, 13.5372333527, 14.1293420792, 14.7214508057, 15.3135595322, 15.9056682587, 16.4861679077, 17.0782756805, 17.6587753296, 18.2276649475, 18.8081626892, 19.3886623383, 19.96916008, 20.5612697601, 21.153377533, 21.7454872131, 22.3375968933, 22.918094635, 23.5102043152, 24.102312088, 24.6944217682, 25.286529541, 25.8670291901, 26.4475269318, 27.0396366119, 27.6317462921, 28.2122440338, 28.7927436829, 29.3732414246, 29.9537410736, 30.5342407227, 31.1147384644, 31.6952381134, 32.2757377625, 32.8794555664, 33.4715652466, 34.0636711121, 34.6441726685, 35.2246704102, 35.8167800903, 36.4088897705, 36.9893875122, 37.5698852539, 38.1619949341, 38.7541046143, 39.334602356, 39.9151000977, 40.4956016541, 41.0760993958, 41.6565971375, 42.2370948792, 42.8292045593, 43.4213142395, 44.0018119812, 44.5939216614, 45.1860313416, 45.7781410217, 46.347026825, 46.9275283813, 47.508026123, 48.0885238647, 48.6806335449, 49.2727432251, 49.8648529053, 50.4569587708, 51.0490684509, 51.6295700073, 52.2216758728, 52.8021774292, 53.3826751709, 53.9631729126, 54.5436706543, 55.1241722107, 55.7162818909, 56.2967796326, 56.8772773743, 57.4693870544, 58.0498847961, 58.6303825378, 59.2108840942, 59.7913818359, 60.3834915161, 60.9756011963, 61.5677070618, 62.1598167419, 62.7403144836, 63.32081604, 63.9013137817, 64.4818115234, 65.0739212036, 65.6544189453, 66.2465286255, 66.8386383057, 67.4307479858, 68.0112457275, 68.5917434692, 69.1722412109, 69.7527389526, 70.3332443237, 70.9137420654, 71.4942398071, 72.0863494873, 72.6784591675, 73.2821731567, 73.8858947754, 74.4663925171, 75.0468902588, 75.638999939, 76.2311096191, 76.8116073608, 77.3921051025, 77.9726028442, 78.5531082153, 79.133605957, 79.7257156372, 80.3062133789, 80.8983230591, 81.5020370483, 82.105758667, 82.6862564087, 83.2551422119, 83.835647583, 84.4161453247, 84.9385910034, 85.4726486206, 86.0067138672, 86.4014511108, 86.7961883545, 87.1793212891, 87.5624465942, 87.9455795288, 88.328704834, 88.7234420776, 89.1181869507, 89.5129241943, 89.8960494995, 90.2791824341, 90.6739196777, 91.0686569214, 91.4634017944, 91.8581390381, 92.2412643433, 92.6243972778, 93.0191345215, 93.4138793945, 93.8202285767, 94.2033538818, 94.5864868164, 94.9696121216, 95.3527450562, 95.7358703613, 96.130607605, 96.525352478, 96.9200897217, 97.3148269653, 97.709564209, 98.104309082, 98.4990463257, 98.8821716309, 99.2653045654, 99.6484298706, 100.043174744, 100.437911987, 100.821044922, 101.215782166, 101.610519409, 102.005256653, 102.388389587, 102.783126831, 103.166259766, 103.560997009, 103.955734253, 104.338867188, 104.721992493, 105.116729736, 105.511474609, 105.906211853, 106.289337158, 106.672470093, 107.067207336, 107.46194458, 107.856689453, 108.251426697, 108.634559631, 109.017684937, 109.41242218, 109.807167053, 110.190292358, 110.573425293, 110.968162537, 111.36289978, 111.757637024, 112.140769958, 112.523895264, 112.918640137, 113.31337738, 113.708114624, 114.091247559, 114.485984802, 114.880722046, 115.27545929, 115.670204163, 116.053329468, 116.436462402, 116.831199646, 117.214332581, 117.609069824, 117.992195129, 118.386940002, 118.781677246, 119.164802551, 119.559547424, 119.954284668, 120.349021912, 120.732154846, 121.12689209, 121.510017395, 121.904762268, 122.299499512, 122.694236755, 123.088973999, 123.495323181, 123.901672363, 124.319633484, 124.737594604, 125.155555725, 125.561904907, 125.979858398, 126.397819519, 126.885437012, 127.373062134], "beats_loudness": {"dvar2": 0.0128710931167, "var": 0.00565035594627, "min": 0, "dmean": 0.0394148528576, "mean": 0.0565240345895, "max": 0.56996768713, "dmean2": 0.0683725103736, "median": 0.0318228825927, "dvar": 0.00468521239236}, "bpm_histogram_second_peak_weight": {"dvar2": 0, "var": 0, "min": 0.227091640234, "dmean": 0, "mean": 0.227091640234, "max": 0.227091640234, "dmean2": 0, "median": 0.227091640234, "dvar": 0}, "bpm_histogram_second_peak_spread": {"dvar2": 0, "var": 0, "min": 0.0655737519264, "dmean": 0, "mean": 0.0655737519264, "max": 0.0655737519264, "dmean2": 0, "median": 0.0655737519264, "dvar": 0}, "bpm_histogram_second_peak_bpm": {"dvar2": 0, "var": 0, "min": 152, "dmean": 0, "mean": 152, "max": 152, "dmean2": 0, "median": 152, "dvar": 0}, "onset_rate": 2.59991168976}, "lowlevel": {"spectral_energyband_high": {"dvar2": 2.77172489405e-07, "var": 2.26901477163e-07, "min": 7.00369381784e-21, "dmean": 0.000127122519189, "mean": 0.000228010350838, "max": 0.00585094932467, "dmean2": 0.00017613741511, "median": 2.64256686933e-05, "dvar": 1.30414036903e-07}, "spectral_energyband_middle_low": {"dvar2": 0.000113967689686, "var": 0.000229376688367, "min": 1.40645606895e-22, "dmean": 0.003511212999, "mean": 0.0118628898636, "max": 0.195178449154, "dmean2": 0.00548255071044, "median": 0.00661205081269, "dvar": 4.53369357274e-05}, "spectral_energy": {"dvar2": 0.00391751807183, "var": 0.00448459992185, "min": 9.78813724047e-21, "dmean": 0.0184996724129, "mean": 0.048822760582, "max": 0.889125227928, "dmean2": 0.0312441699207, "median": 0.0190547779202, "dvar": 0.00134451815393}, "spectral_spread": {"dvar2": 1599332286460.0, "var": 32642059730900.0, "min": 1052655.5, "dmean": 494128.4375, "mean": 4601624.5, "max": 47722680, "dmean2": 693648.25, "median": 3374590.75, "dvar": 809008234496}, "spectral_energyband_low": {"dvar2": 0.00404652254656, "var": 0.00351155153476, "min": 1.06347277377e-23, "dmean": 0.0179139915854, "mean": 0.036568403244, "max": 0.863040745258, "dmean2": 0.0306340754032, "median": 0.00896934047341, "dvar": 0.00137226423249}, "spectral_rolloff": {"dvar2": 1253833.75, "var": 9115382, "min": 86.1328125, "dmean": 259.9737854, "mean": 1191.80847168, "max": 20025.8789062, "dmean2": 404.457794189, "median": 258.3984375, "dvar": 697921.1875}, "barkbands": {"dvar2": [5.56936807783e-09, 0.00183239846956, 0.00119776302017, 8.67871203809e-05, 2.15658819798e-05, 4.70155555377e-06, 2.20941547013e-06, 2.22239486902e-06, 3.08542880134e-08, 2.69643294359e-07, 4.67262310622e-07, 4.32395199823e-06, 7.72628681034e-08, 6.00890714963e-08, 3.39696839546e-07, 2.28331316521e-07, 8.12107288084e-08, 6.24919538339e-09, 7.41197592191e-09, 3.53851725698e-09, 1.04972976089e-07, 5.64901769806e-09, 5.34460262713e-08, 4.12805256644e-09, 4.80208761644e-09, 2.30846966542e-10, 2.09332287615e-10], "var": [2.32600196881e-08, 0.000981673365459, 0.00100786902476, 6.71255475027e-05, 4.62205643998e-05, 7.99070039648e-06, 5.92836568103e-06, 5.56653276362e-06, 6.49464837466e-08, 6.96482857165e-07, 9.50088235641e-07, 1.55000670929e-05, 1.30528647446e-07, 6.21231492914e-08, 3.45168615468e-07, 3.66242687733e-07, 8.42565910375e-08, 1.67085225655e-08, 1.99591667638e-08, 1.26829169389e-08, 5.85585304691e-08, 4.99830354883e-09, 2.78014358202e-08, 3.29319571613e-09, 2.66235700153e-09, 1.0756785046e-10, 1.51588616659e-10], "min": [1.29410227941e-25, 1.13885787988e-24, 4.59387034483e-25, 6.81746857016e-25, 7.3208137939e-24, 7.17881567552e-24, 7.472545667e-24, 5.00667455122e-24, 1.31093899194e-23, 1.0129983765e-23, 1.46549845807e-23, 2.48958380127e-23, 1.80224755906e-23, 3.67194682759e-23, 4.15123978094e-23, 6.38400328809e-23, 4.55148003635e-23, 8.51220801541e-23, 1.05089456019e-22, 1.67354821559e-22, 2.43945882205e-22, 3.45255186186e-22, 3.69660043482e-22, 5.35214734942e-22, 8.26219237234e-22, 1.29301355413e-21, 1.77889431646e-21], "dmean": [2.25597741519e-05, 0.0118940630928, 0.00933306664228, 0.00202588923275, 0.00171167892404, 0.000638925412204, 0.000440030416939, 0.000253285135841, 5.66533235542e-05, 0.000136475486215, 0.000121126468002, 0.000323299434967, 6.53216047795e-05, 6.31945949863e-05, 8.12213984318e-05, 0.000123407706269, 6.57848577248e-05, 2.34850267589e-05, 2.15691397898e-05, 1.70812018041e-05, 6.74867042108e-05, 1.03627317003e-05, 4.76133609482e-05, 7.6453670772e-06, 1.58518341777e-05, 2.93866924039e-06, 3.41861573361e-06], "mean": [7.56036824896e-05, 0.0192060824484, 0.0153432795778, 0.00357734342106, 0.00471417652443, 0.00164581614081, 0.00104717118666, 0.000585176458117, 0.000144574572914, 0.000339731341228, 0.000291707779979, 0.000717448652722, 0.000128886516904, 0.000117203046102, 0.000166175610502, 0.000220246525714, 0.000116918199637, 6.3103310822e-05, 5.84722583881e-05, 4.94681444252e-05, 8.81546729943e-05, 2.35016377701e-05, 5.79396510147e-05, 1.62889045896e-05, 2.02444807655e-05, 3.7200609313e-06, 4.4504026846e-06], "max": [0.00134708371479, 0.35069578886, 0.704681634903, 0.168859690428, 0.066260330379, 0.0344196148217, 0.0591600202024, 0.0654026195407, 0.00337676750496, 0.0123844053596, 0.016298931092, 0.094736173749, 0.00648285727948, 0.00336458045058, 0.0159437097609, 0.00974645186216, 0.00374925532378, 0.00144391926005, 0.00191171641927, 0.00140481709968, 0.00315755535848, 0.00210673827678, 0.00230302405544, 0.00124493008479, 0.000558235333301, 0.000210932426853, 0.000118390998978], "dmean2": [3.7510162656e-05, 0.0206391196698, 0.0152456108481, 0.00346140377223, 0.00264166714624, 0.00100034754723, 0.000634888419881, 0.000328242633259, 7.77188688517e-05, 0.000171384046553, 0.000158199836733, 0.000373249582481, 9.40008903854e-05, 9.48392116698e-05, 0.000117533127195, 0.000168852682691, 9.54013157752e-05, 3.09302777168e-05, 2.88399551209e-05, 2.17155084101e-05, 9.97967945295e-05, 1.3354051589e-05, 7.19651870895e-05, 1.04457267298e-05, 2.39673918259e-05, 4.20961077907e-06, 4.77862931803e-06], "median": [6.46253920422e-06, 0.00468548247591, 0.00230634096079, 0.000606881105341, 0.00173673545942, 0.000388000684325, 0.000307101756334, 0.000129519568873, 5.21156398463e-05, 4.70217346447e-05, 4.08284213336e-05, 6.83649195707e-05, 1.6176567442e-05, 1.48413128045e-05, 2.1962723622e-05, 2.07639077416e-05, 1.90252885659e-05, 1.16226628961e-05, 7.99165445642e-06, 7.11514167051e-06, 7.94348034105e-06, 3.42947100762e-06, 2.80053268398e-06, 1.48539186284e-06, 8.64459934746e-07, 3.39282451023e-07, 3.43310802009e-07], "dvar": [2.04693328953e-09, 0.000568329647649, 0.000469532707939, 3.17469821312e-05, 9.50046705839e-06, 1.9249109755e-06, 1.325183689e-06, 1.53506357492e-06, 1.54130113117e-08, 1.62726337294e-07, 2.40145595853e-07, 3.33239654537e-06, 4.1581341037e-08, 2.66310102859e-08, 1.61699048817e-07, 1.33157712412e-07, 4.09044176308e-08, 3.20649351515e-09, 4.10572953413e-09, 2.02105687741e-09, 4.66452476644e-08, 2.39688913162e-09, 2.22628440127e-08, 1.59301671854e-09, 2.00739336265e-09, 9.24944634773e-11, 9.95559190642e-11]}, "melbands_skewness": {"dvar2": 2.05905842781, "var": 5.70164823532, "min": -2.77812004089, "dmean": 0.899691939354, "mean": 4.20781564713, "max": 13.5758314133, "dmean2": 1.36882901192, "median": 4.01118850708, "dvar": 0.845043122768}, "barkbands_skewness": {"dvar2": 1.14983379841, "var": 3.65933799744, "min": -2.33446192741, "dmean": 0.691709041595, "mean": 2.92953181267, "max": 9.87731456757, "dmean2": 1.06667482853, "median": 2.9073677063, "dvar": 0.467012166977}, "erbbands": {"dvar2": [0.321210741997, 139.226638794, 1509.55432129, 954.022216797, 243.591995239, 457.227050781, 363.519897461, 303.434234619, 390.37020874, 679.461669922, 995.661743164, 15.939371109, 270.324554443, 263.624481201, 514.672607422, 11321.6103516, 167.041824341, 242.831436157, 460.201812744, 377.062835693, 789.247253418, 59.6513023376, 21.3526477814, 14.8495140076, 17.6327991486, 8.64122104645, 277.464447021, 18.2578334808, 5.5623960495, 32.0692367554, 62.6109657288, 2.1873254776, 0.995109736919, 0.218153297901, 0.63799649477, 0.0200137216598, 0.000393074762542, 0.000554268655833, 1.21410573684e-06, 4.98625851719e-09], "var": [0.268097788095, 73.8880996704, 1211.72119141, 1016.88952637, 550.306884766, 832.883239746, 619.308959961, 437.691894531, 1220.54992676, 1010.74584961, 2213.40429688, 26.751537323, 607.65612793, 580.054992676, 1195.93054199, 41020.328125, 413.201751709, 250.804016113, 502.036437988, 538.635864258, 1044.70959473, 76.3830718994, 47.048374176, 60.8694381714, 33.2037963867, 34.0724868774, 154.678161621, 12.2886819839, 7.87105560303, 15.8735275269, 33.4986419678, 2.6906812191, 0.389466613531, 0.108390107751, 0.346260160208, 0.00914726499468, 0.000266701332293, 0.000373004033463, 1.1352473166e-06, 7.72884778399e-09], "min": [3.93988690504e-23, 4.79427047083e-22, 1.63048345311e-21, 5.83514651014e-21, 1.86918277668e-20, 1.62491488777e-20, 4.38268884423e-20, 5.03310192923e-20, 1.54926598958e-19, 1.35093392808e-19, 1.70911605801e-19, 3.47653930192e-19, 5.60304643188e-19, 7.81675390804e-19, 8.606755337e-19, 9.11897452361e-19, 1.362881699e-18, 1.79967369767e-18, 2.31218922174e-18, 3.46675654701e-18, 2.96558456427e-18, 3.42798411016e-18, 4.05382068981e-18, 5.96264417803e-18, 7.00694853444e-18, 8.57884398838e-18, 8.90751758733e-18, 9.72990965132e-18, 1.12450191562e-17, 1.09016366316e-17, 1.14764973788e-17, 9.10360075154e-18, 8.92311738651e-18, 7.66365963046e-18, 5.08705447449e-18, 4.20363178414e-18, 2.27185175917e-18, 9.50019518457e-19, 2.36928050384e-19, 2.73256401171e-20], "dmean": [0.154570236802, 3.2800552845, 10.7960567474, 6.71062517166, 5.1749458313, 7.21322536469, 5.93084287643, 4.28954792023, 5.49563980103, 6.70976114273, 4.76097822189, 1.17073810101, 3.88442134857, 3.87329053879, 5.03206348419, 15.2687702179, 3.23536491394, 3.73008131981, 3.65435385704, 3.68449425697, 8.36488056183, 2.33852124214, 1.29172217846, 1.08217561245, 0.882235765457, 0.990873038769, 3.33232188225, 0.981351852417, 0.40084195137, 0.905022323132, 1.49369752407, 0.215501099825, 0.115741841495, 0.0820082202554, 0.174827709794, 0.0258115939796, 0.00465355115011, 0.00504356902093, 0.000276171747828, 2.51288875006e-05], "mean": [0.301311850548, 5.21464347839, 18.1904830933, 14.1155996323, 14.4594106674, 16.7131614685, 14.5111484528, 10.7563295364, 13.2955598831, 16.4558010101, 11.3187141418, 3.14078426361, 9.62135314941, 10.2371444702, 12.8533782959, 34.6558227539, 7.38512277603, 7.35108804703, 7.73740768433, 7.87149095535, 15.128329277, 4.93371343613, 3.45917630196, 3.38877534866, 2.49305009842, 2.63291120529, 4.3081908226, 1.5212880373, 0.993166744709, 1.24118161201, 1.83341300488, 0.476963728666, 0.181262537837, 0.131952956319, 0.203935414553, 0.0321543551981, 0.00631750514731, 0.00627963384613, 0.00039695383748, 7.02224351699e-05], "max": [4.38860940933, 100.537689209, 601.653198242, 811.576660156, 222.781600952, 325.936950684, 305.847930908, 385.703735352, 846.96673584, 496.286346436, 1338.83374023, 79.6652679443, 372.631591797, 464.491668701, 497.576446533, 4850.35400391, 357.772918701, 212.493621826, 477.808624268, 502.975128174, 300.891082764, 91.2799987793, 95.7393951416, 81.3692016602, 68.9995803833, 63.5635604858, 177.330551147, 49.3410072327, 67.1451644897, 65.569694519, 99.9608154297, 29.827085495, 15.724822998, 7.64486122131, 6.89448213577, 1.46529221535, 0.288351118565, 0.202956795692, 0.0117501383647, 0.00101359281689], "dmean2": [0.266530632973, 5.68986368179, 17.9244251251, 11.2253246307, 8.07892990112, 11.1986322403, 9.38253974915, 6.7358751297, 7.94205284119, 9.56359100342, 6.03845977783, 1.64305090904, 4.82379007339, 5.147960186, 6.26686668396, 17.4222297668, 4.24197626114, 5.70371198654, 5.33311128616, 5.24581623077, 11.4447574615, 3.30611228943, 1.75194180012, 1.34254181385, 1.19718658924, 1.25973939896, 4.91672706604, 1.435136199, 0.509523272514, 1.35389840603, 2.24720287323, 0.283412486315, 0.16973310709, 0.120493814349, 0.268567621708, 0.0387175641954, 0.0060002906248, 0.00715960422531, 0.000369731918909, 3.94722665078e-05], "median": [0.0560240149498, 1.23584544659, 3.19567418098, 2.84371852875, 3.33555245399, 5.95046758652, 4.19287252426, 2.57606172562, 3.54489922523, 4.71042156219, 2.69881296158, 1.30157387257, 1.62337553501, 2.4033639431, 2.79501724243, 3.18896126747, 1.48923671246, 0.964576125145, 1.10122430325, 2.0997338295, 2.67473173141, 1.58417606354, 0.737141191959, 0.522565662861, 0.399707198143, 0.408557057381, 0.368089824915, 0.239707827568, 0.154820159078, 0.0950862914324, 0.0823183506727, 0.0389091186225, 0.0205663405359, 0.011635732837, 0.00525229144841, 0.00198537949473, 0.000614124524873, 0.000142723336467, 3.91007270082e-05, 3.19697210216e-05], "dvar": [0.100756585598, 43.3768501282, 565.209228516, 354.5418396, 101.348754883, 208.796051025, 159.046401978, 121.211875916, 242.730697632, 333.522247314, 651.235107422, 7.19307041168, 150.921478271, 149.93421936, 278.071624756, 8772.08886719, 105.688034058, 102.935096741, 211.414764404, 209.571975708, 438.540435791, 30.1710567474, 10.0770673752, 9.36831569672, 8.03845405579, 5.32777261734, 124.160102844, 8.04421329498, 2.51324987411, 13.0297231674, 26.6278438568, 0.906081080437, 0.370681613684, 0.0846111178398, 0.268925994635, 0.00798388477415, 0.000178094822331, 0.000255863269558, 6.29416661013e-07, 1.90793381094e-09]}, "silence_rate_30dB": {"dvar2": 0.133178129792, "var": 0.14207033813, "min": 0, "dmean": 0.0536620728672, "mean": 0.828530013561, "max": 1, "dmean2": 0.107343606651, "median": 1, "dvar": 0.050782058388}, "melbands_spread": {"dvar2": 129.075119019, "var": 590.568237305, "min": 0.339024037123, "dmean": 3.79388260841, "mean": 14.0507040024, "max": 164.300170898, "dmean2": 5.45916986465, "median": 5.46417045593, "dvar": 73.1133880615}, "melbands_crest": {"dvar2": 16.674079895, "var": 31.887506485, "min": 1.52634346485, "dmean": 2.88918638229, "mean": 17.3297996521, "max": 30.9946918488, "dmean2": 4.64936065674, "median": 17.4910297394, "dvar": 6.32700395584}, "zerocrossingrate": {"dvar2": 0.000279640109511, "var": 0.00623068679124, "min": 0.0029296875, "dmean": 0.00735679455101, "mean": 0.0451822578907, "max": 0.52392578125, "dmean2": 0.00887042749673, "median": 0.0224609375, "dvar": 0.000187792233191}, "barkbands_kurtosis": {"dvar2": 280.742401123, "var": 388.671569824, "min": -1.8229957819, "dmean": 7.57063341141, "mean": 17.4082260132, "max": 186.321884155, "dmean2": 11.8421516418, "median": 11.5461893082, "dvar": 117.887184143}, "spectral_flux": {"dvar2": 0.00341587117873, "var": 0.00476116966456, "min": 6.16470416381e-11, "dmean": 0.0248736497015, "mean": 0.0719615519047, "max": 0.521627485752, "dmean2": 0.042794059962, "median": 0.0464385040104, "dvar": 0.00114275375381}, "barkbands_crest": {"dvar2": 13.0869207382, "var": 19.7392692566, "min": 2.49833297729, "dmean": 2.55599236488, "mean": 12.728937149, "max": 25.6786899567, "dmean2": 4.12073516846, "median": 12.3365449905, "dvar": 4.80638170242}, "barkbands_flatness_db": {"dvar2": 0.00144973781426, "var": 0.00547158066183, "min": 0.0233166106045, "dmean": 0.025079080835, "mean": 0.224591210485, "max": 0.477626889944, "dmean2": 0.0384188070893, "median": 0.227339893579, "dvar": 0.000599006016273}, "spectral_entropy": {"dvar2": 0.0983590707183, "var": 0.544671773911, "min": 4.93346405029, "dmean": 0.20112606883, "mean": 6.75576066971, "max": 9.82498455048, "dmean2": 0.295634120703, "median": 6.68177223206, "dvar": 0.0490460954607}, "pitch_salience": {"dvar2": 0.0125100892037, "var": 0.0185331478715, "min": 0.0950216576457, "dmean": 0.0726416036487, "mean": 0.442711263895, "max": 0.904214322567, "dmean2": 0.118559002876, "median": 0.435832351446, "dvar": 0.0044412240386}, "erbbands_spread": {"dvar2": 219.557907104, "var": 447.818054199, "min": 1.40602004528, "dmean": 8.08599281311, "mean": 41.2544250488, "max": 130.450134277, "dmean2": 11.4730453491, "median": 36.3842544556, "dvar": 110.674041748}, "dynamic_complexity": 6.54251527786, "spectral_contrast_valleys": {"dvar2": [0.321027159691, 0.347637176514, 0.28470492363, 0.305756062269, 0.320950329304, 0.253598242998], "var": [10.8366107941, 10.0795698166, 9.2074174881, 8.51496887207, 8.26265048981, 6.36546564102], "min": [-28.3080310822, -28.2561244965, -27.6786079407, -27.7245101929, -27.5935840607, -27.4534626007], "dmean": [0.367493271828, 0.3298163414, 0.306362360716, 0.310383975506, 0.309363424778, 0.277188032866], "mean": [-7.55301570892, -7.88593435287, -8.82824420929, -9.58027076721, -9.65936279297, -12.1171226501], "max": [-4.73495674133, -5.10314321518, -5.35992240906, -5.9808883667, -6.45238399506, -8.22644519806], "dmean2": [0.610998272896, 0.531773149967, 0.488332867622, 0.480521291494, 0.453670650721, 0.357029557228], "median": [-6.99503326416, -7.313185215, -8.26141166687, -9.03949069977, -9.16818523407, -11.7239665985], "dvar": [0.152171671391, 0.1699180305, 0.145021319389, 0.160111710429, 0.176507502794, 0.149339228868]}, "hfc": {"dvar2": 55.4982147217, "var": 156.656936646, "min": 1.08831656885e-16, "dmean": 2.94831705093, "mean": 11.1551465988, "max": 128.507720947, "dmean2": 4.37488508224, "median": 7.99962091446, "dvar": 26.1525669098}, "spectral_kurtosis": {"dvar2": 67.028678894, "var": 100.418952942, "min": -1.31511569023, "dmean": 3.76404857635, "mean": 10.7053136826, "max": 72.0175704956, "dmean2": 6.22424554825, "median": 7.20123100281, "dvar": 25.152256012}, "mfcc": {"mean": [-752.238891602, 156.123703003, 19.1099433899, 35.7980651855, 13.0946035385, 14.5898399353, 1.08237612247, 4.99942493439, 1.78176033497, -1.27599275112, -7.0280418396, 3.99054050446, 7.51025247574], "cov": [[13577.7255859, 2064.41796875, -713.085144043, 557.159912109, -281.68371582, 224.269577026, -21.9770889282, 96.9451141357, -115.819900513, 43.4727287292, -242.612350464, -5.99334764481, 241.163848877], [2064.41796875, 2927.35522461, -175.523910522, -69.861366272, 282.24230957, 91.8265533447, -29.7660236359, -69.0406951904, 69.8376846313, 113.262115479, 101.080551147, -48.639831543, -127.489280701], [-713.085144043, -175.523910522, 1425.37854004, 198.935028076, 209.224685669, 244.838287354, 63.8722076416, 172.265167236, 222.674423218, -81.0991744995, -192.318115234, 204.554641724, 181.595611572], [557.159912109, -69.861366272, 198.935028076, 483.518676758, 67.7860336304, 40.3357124329, -9.35445785522, 33.5066299438, 44.2085800171, 0.183635771275, -32.0925636292, 59.3646888733, 60.4641113281], [-281.68371582, 282.24230957, 209.224685669, 67.7860336304, 293.095672607, 86.3318481445, -15.2168865204, -2.02970576286, 56.7658805847, -8.79171943665, -30.9766311646, 28.8009166718, 6.67486333847], [224.269577026, 91.8265533447, 244.838287354, 40.3357124329, 86.3318481445, 179.894424438, 60.8009643555, 41.1281509399, 49.7787590027, 2.77283883095, -30.3974666595, 44.7450752258, 30.3939189911], [-21.9770889282, -29.7660236359, 63.8722076416, -9.35445785522, -15.2168865204, 60.8009643555, 135.644821167, 63.6202316284, 0.0213606059551, 13.0297784805, 27.8193664551, -0.584732174873, -9.07382202148], [96.9451141357, -69.0406951904, 172.265167236, 33.5066299438, -2.02970576286, 41.1281509399, 63.6202316284, 157.280731201, 59.9907302856, -4.83675050735, -27.1967563629, -1.16813516617, 22.7459335327], [-115.819900513, 69.8376846313, 222.674423218, 44.2085800171, 56.7658805847, 49.7787590027, 0.0213606059551, 59.9907302856, 129.072784424, 7.1714220047, -44.6572608948, 44.1067962646, 43.9182815552], [43.4727287292, 113.262115479, -81.0991744995, 0.183635771275, -8.79171943665, 2.77283883095, 13.0297784805, -4.83675050735, 7.1714220047, 118.847854614, 89.7035522461, -59.9124183655, -88.8583221436], [-242.612350464, 101.080551147, -192.318115234, -32.0925636292, -30.9766311646, -30.3974666595, 27.8193664551, -27.1967563629, -44.6572608948, 89.7035522461, 181.095977783, -57.7617683411, -116.936264038], [-5.99334764481, -48.639831543, 204.554641724, 59.3646888733, 28.8009166718, 44.7450752258, -0.584732174873, -1.16813516617, 44.1067962646, -59.9124183655, -57.7617683411, 170.565658569, 133.167068481], [241.163848877, -127.489280701, 181.595611572, 60.4641113281, 6.67486333847, 30.3939189911, -9.07382202148, 22.7459335327, 43.9182815552, -88.8583221436, -116.936264038, 133.167068481, 213.151519775]], "icov": [[0.000140972450026, -0.000140165706398, 0.000123578734929, -0.000208269295399, 0.000304633955238, -0.000386759202229, 0.00019387192151, -0.000286176655209, 0.000434655492427, -0.00032128742896, 0.000408249208704, 2.10468315345e-05, -0.000217813882045], [-0.000140165706398, 0.000564309186302, 1.6903206415e-05, 0.000294736673823, -0.000713429530151, 0.000175277717062, -0.000125437465613, 0.000415140617406, -0.000785667507444, 0.000150289037265, -0.000523642112967, -6.3121347921e-05, 0.000322502863128], [0.000123578734929, 1.6903206415e-05, 0.00155297690071, -0.000340010883519, -0.000179575086804, -0.00131462572608, 0.000106628343929, -0.000972650479525, -0.000800849520601, -7.02339893905e-05, 0.00103309098631, -0.00109055323992, 0.000328903144691], [-0.000208269295399, 0.000294736673823, -0.000340010883519, 0.00268463161774, -0.000977964024059, 0.000564305461012, 0.000263965048362, -0.000198865891434, -0.000271419499768, -0.000559537729714, -0.000580939289648, -0.00060261314502, -0.000196881766897], [0.000304633955238, -0.000713429530151, -0.000179575086804, -0.000977964024059, 0.00580764794722, -0.00289749423973, 0.00149423640687, 0.000375765928766, -0.000431297172327, 0.000883168540895, 0.000674129463732, 0.000433192268247, 0.000470063008834], [-0.000386759202229, 0.000175277717062, -0.00131462572608, 0.000564305461012, -0.00289749423973, 0.0113592604175, -0.00542217632756, 0.00136280944571, -0.00139598187525, -0.00165556592401, 0.000956670439336, -0.00148527545389, 0.000647312612273], [0.00019387192151, -0.000125437465613, 0.000106628343929, 0.000263965048362, 0.00149423640687, -0.00542217632756, 0.0133454343304, -0.00615326594561, 0.00378292053938, -0.000321972474921, -0.00249150861055, -0.000768525118474, -0.00030936676194], [-0.000286176655209, 0.000415140617406, -0.000972650479525, -0.000198865891434, 0.000375765928766, 0.00136280944571, -0.00615326594561, 0.0126670841128, -0.00684859789908, 0.00268577528186, -0.000781863054726, 0.00406158063561, -0.000798294262495], [0.000434655492427, -0.000785667507444, -0.000800849520601, -0.000271419499768, -0.000431297172327, -0.00139598187525, 0.00378292053938, -0.00684859789908, 0.0175621565431, -0.00782130844891, 0.00439955946058, -0.00344660016708, -0.00141017255373], [-0.00032128742896, 0.000150289037265, -7.02339893905e-05, -0.000559537729714, 0.000883168540895, -0.00165556592401, -0.000321972474921, 0.00268577528186, -0.00782130844891, 0.0203120261431, -0.00904638227075, 0.00441089086235, 0.00294061657041], [0.000408249208704, -0.000523642112967, 0.00103309098631, -0.000580939289648, 0.000674129463732, 0.000956670439336, -0.00249150861055, -0.000781863054726, 0.00439955946058, -0.00904638227075, 0.0150769306347, -0.00441455841064, 0.00468096043915], [2.10468315345e-05, -6.3121347921e-05, -0.00109055323992, -0.00060261314502, 0.000433192268247, -0.00148527545389, -0.000768525118474, 0.00406158063561, -0.00344660016708, 0.00441089086235, -0.00441455841064, 0.0155196581036, -0.00879829097539], [-0.000217813882045, 0.000322502863128, 0.000328903144691, -0.000196881766897, 0.000470063008834, 0.000647312612273, -0.00030936676194, -0.000798294262495, -0.00141017255373, 0.00294061657041, 0.00468096043915, -0.00879829097539, 0.0144526651129]]}, "silence_rate_20dB": {"dvar2": 0.00864027906209, "var": 0.00648247217759, "min": 0, "dmean": 0.00398839730769, "mean": 0.993474721909, "max": 1, "dmean2": 0.00797824095935, "median": 1, "dvar": 0.00397226773202}, "melbands_kurtosis": {"dvar2": 1144.60241699, "var": 1643.12329102, "min": -1.58193302155, "dmean": 15.2923965454, "mean": 38.5106697083, "max": 353.154541016, "dmean2": 24.1728839874, "median": 25.8332386017, "dvar": 462.877532959}, "barkbands_spread": {"dvar2": 68.0293884277, "var": 181.212631226, "min": 0.407594919205, "dmean": 3.39498472214, "mean": 11.8456506729, "max": 96.5191879272, "dmean2": 4.97012662888, "median": 7.29862260818, "dvar": 34.0862693787}, "erbbands_skewness": {"dvar2": 0.298422038555, "var": 0.706132888794, "min": -2.55496406555, "dmean": 0.370039314032, "mean": 0.613345861435, "max": 4.47164726257, "dmean2": 0.526053130627, "median": 0.55435192585, "dvar": 0.146035626531}, "average_loudness": 0.114580497146, "spectral_centroid": {"dvar2": 132065.390625, "var": 2731372.5, "min": 112.571411133, "dmean": 158.182876587, "mean": 1000.90106201, "max": 11687.7636719, "dmean2": 229.34286499, "median": 550.157470703, "dvar": 74715.0859375}, "dissonance": {"dvar2": 0.00129981955979, "var": 0.00110404612496, "min": 0.243564665318, "dmean": 0.021381303668, "mean": 0.456657320261, "max": 0.500000059605, "dmean2": 0.0364015549421, "median": 0.464772671461, "dvar": 0.000476367160445}, "erbbands_flatness_db": {"dvar2": 0.000497786677442, "var": 0.00250267307274, "min": 0.0486644431949, "dmean": 0.0143703557551, "mean": 0.176607236266, "max": 0.373044639826, "dmean2": 0.0205774344504, "median": 0.173970326781, "dvar": 0.000246239214903}, "spectral_strongpeak": {"dvar2": 0.733009696007, "var": 0.943816840649, "min": 0, "dmean": 0.264292180538, "mean": 0.68164229393, "max": 14.1212234497, "dmean2": 0.430689126253, "median": 0.447838693857, "dvar": 0.319697767496}, "spectral_rms": {"dvar2": 5.70875363337e-06, "var": 1.76367739186e-05, "min": 3.09021059609e-12, "dmean": 0.000991578912362, "mean": 0.00547679094598, "max": 0.0294523220509, "dmean2": 0.00162068230566, "median": 0.00431161560118, "dvar": 1.93886148736e-06}, "silence_rate_60dB": {"dvar2": 0.0392519235611, "var": 0.160935014486, "min": 0, "dmean": 0.0184916611761, "mean": 0.201558813453, "max": 1, "dmean2": 0.0369900278747, "median": 0, "dvar": 0.0181508939713}, "melbands": {"dvar2": [7.26233483874e-05, 0.000322626379784, 2.059029066e-05, 1.30067257942e-06, 4.21420935481e-07, 1.51805465975e-07, 8.55023856161e-08, 7.92831897911e-08, 4.30671924789e-08, 6.01519445365e-10, 6.88072931965e-09, 4.15940615284e-09, 9.29009047468e-09, 4.9999979268e-08, 1.64343312292e-08, 1.19345133776e-09, 8.51845372019e-10, 8.06862909819e-10, 2.63971022818e-09, 1.07601993982e-09, 1.23375054617e-09, 1.51526333148e-10, 3.03592741224e-11, 9.19345242295e-12, 1.27294719904e-11, 1.33170913533e-11, 1.08965067872e-11, 2.59018717932e-12, 1.49997986254e-10, 1.24721497019e-10, 2.08392591378e-12, 2.54031604779e-12, 1.91620395766e-12, 2.42525045185e-11, 4.95860331962e-11, 1.57605016277e-12, 9.32715493382e-13, 6.51212590796e-13, 2.85694401079e-13, 1.27699839093e-13], "var": [4.3675161578e-05, 0.000243855989538, 2.62164339802e-05, 2.5451035981e-06, 8.50989465562e-07, 2.42465375777e-07, 2.91137297381e-07, 1.55676588065e-07, 9.44594944485e-08, 1.12230869043e-09, 1.52114001395e-08, 9.82937553573e-09, 2.13592166176e-08, 1.72043897351e-07, 6.12638402231e-08, 1.85037773992e-09, 7.98872412666e-10, 9.67479985015e-10, 2.49948683972e-09, 1.98067273693e-09, 1.51631829315e-09, 1.66966260262e-10, 5.13541154046e-11, 5.15899926945e-11, 4.87345476474e-11, 2.89743003895e-11, 1.98008241747e-11, 1.28011637748e-11, 8.71057739826e-11, 6.55772935954e-11, 1.16949082796e-12, 1.69966503979e-12, 3.40654891448e-12, 1.15586862998e-11, 2.62685238145e-11, 8.38240230266e-13, 9.49693557302e-13, 2.12948379091e-13, 1.36574318478e-13, 5.87210943932e-14], "min": [5.80134965713e-25, 9.26462307349e-25, 1.58294692926e-24, 1.30673024152e-24, 1.69547468333e-24, 1.09776414317e-24, 2.14071093368e-24, 1.87707421081e-24, 1.61336826538e-24, 1.98136181969e-24, 2.61371824334e-24, 2.54746319642e-24, 2.41645864361e-24, 2.45707255567e-24, 2.83217473281e-24, 2.29207716975e-24, 3.10933312325e-24, 3.16134765311e-24, 2.70951337015e-24, 4.07704536177e-24, 2.44952946769e-24, 3.31892005513e-24, 2.37274707199e-24, 4.33555941914e-24, 4.29288874949e-24, 4.24848100812e-24, 5.25501348621e-24, 5.25183161575e-24, 4.36375528005e-24, 5.41800161556e-24, 5.34594232731e-24, 5.45250875814e-24, 5.8544767767e-24, 4.81772619277e-24, 5.6299673575e-24, 6.06245877107e-24, 5.27875070528e-24, 5.37528795298e-24, 5.27778987269e-24, 6.2878248932e-24], "dmean": [0.00241729943082, 0.00497694080696, 0.00107682193629, 0.000411621498642, 0.00022269062174, 0.000103587801277, 8.56165206642e-05, 7.12521068635e-05, 3.22253181366e-05, 7.37396703698e-06, 1.97163226403e-05, 1.56331407197e-05, 1.78064183274e-05, 3.5504308471e-05, 1.9593644538e-05, 8.44780242915e-06, 6.69515429763e-06, 5.69583380639e-06, 5.58178226129e-06, 6.36513323116e-06, 1.06754914668e-05, 3.06935157823e-06, 1.1454254718e-06, 1.13094711196e-06, 9.33384626478e-07, 8.38697872041e-07, 6.91600178016e-07, 5.34815342235e-07, 2.03330455406e-06, 1.92668107957e-06, 2.22889084966e-07, 1.98417950514e-07, 2.48905223543e-07, 6.47777426366e-07, 1.29686384298e-06, 1.18221535672e-07, 1.21730479918e-07, 8.81746089476e-08, 6.65971313651e-08, 6.24505389624e-08], "mean": [0.00402717478573, 0.00896111689508, 0.00260052946396, 0.00109905016143, 0.000563080131542, 0.000263097637799, 0.00021375947108, 0.000176264598849, 7.44090575608e-05, 1.91600647668e-05, 4.82444265799e-05, 3.99112577725e-05, 4.42646087322e-05, 7.75890075602e-05, 4.4302923925e-05, 1.62437991094e-05, 1.22064739116e-05, 1.14837812362e-05, 1.13859159683e-05, 1.1990470739e-05, 1.86745455721e-05, 5.68090354136e-06, 2.68636722467e-06, 3.17099124914e-06, 2.70450959761e-06, 2.1146133804e-06, 1.81026825885e-06, 1.46002594192e-06, 2.60381557382e-06, 2.44740976996e-06, 3.84630851613e-07, 4.41705594767e-07, 5.88921807321e-07, 7.77715399636e-07, 1.54264444063e-06, 2.25250275321e-07, 2.56744897342e-07, 1.19711913271e-07, 1.05767668401e-07, 9.05058001877e-08], "max": [0.0670301914215, 0.230824768543, 0.118160277605, 0.0127564035356, 0.0123167317361, 0.00770170195028, 0.0133776860312, 0.00763263134286, 0.00876313168555, 0.000485669123009, 0.00185312959366, 0.00205778237432, 0.00235557882115, 0.00990853924304, 0.00592052238062, 0.000832341087516, 0.000425405305577, 0.000497243774589, 0.00144745083526, 0.000973975344095, 0.000361789687304, 0.000153221044457, 0.000134715097374, 7.82653660281e-05, 7.64403084759e-05, 7.64173018979e-05, 6.57880445942e-05, 4.02995283366e-05, 0.000172338623088, 0.000132173649035, 4.42659875262e-05, 4.91743739985e-05, 2.53397793131e-05, 6.08634400123e-05, 9.02296160348e-05, 3.66496569768e-05, 2.20055462705e-05, 1.39119611049e-05, 8.02131580713e-06, 6.21672097623e-06], "dmean2": [0.00417545391247, 0.0084440940991, 0.00178023707122, 0.000644535233732, 0.000344689411577, 0.000162250595167, 0.000122019439004, 9.84658545349e-05, 4.12719346059e-05, 1.02032245195e-05, 2.46303679887e-05, 2.10280777537e-05, 2.22632370424e-05, 4.10692628066e-05, 2.28097924264e-05, 1.2348470591e-05, 1.03143565866e-05, 8.37378684082e-06, 8.09332505014e-06, 8.9133363872e-06, 1.47656510308e-05, 4.42108785137e-06, 1.66590643857e-06, 1.39136818689e-06, 1.18113712233e-06, 1.15303714665e-06, 8.87335545485e-07, 6.82700147081e-07, 2.95904715131e-06, 2.89458535008e-06, 3.12625161314e-07, 2.60890629988e-07, 3.16072146234e-07, 9.83452537184e-07, 1.95306188289e-06, 1.64697851801e-07, 1.61325715453e-07, 1.3313972147e-07, 9.59532542311e-08, 9.29087704549e-08], "median": [0.00093649601331, 0.00193336070515, 0.000543036963791, 0.000399985379772, 0.000184957651072, 6.46982880426e-05, 6.06985449849e-05, 4.73419822811e-05, 1.63226741279e-05, 6.71599173074e-06, 7.32022726879e-06, 8.79333401826e-06, 7.40499581298e-06, 7.05388993083e-06, 3.58325746674e-06, 1.7784919919e-06, 1.41379939578e-06, 1.3796394569e-06, 1.68238830156e-06, 2.00020349439e-06, 2.89107833851e-06, 1.08279959932e-06, 4.52616859548e-07, 5.23439098288e-07, 3.75149539877e-07, 2.83067066675e-07, 2.66621128731e-07, 2.08362123999e-07, 1.84910376788e-07, 2.01312133186e-07, 8.15452310121e-08, 7.30196276777e-08, 7.155263404e-08, 4.35661426934e-08, 5.74781573448e-08, 2.26399770042e-08, 2.12301003444e-08, 1.3945037125e-08, 1.076886047e-08, 8.463012513e-09], "dvar": [2.28329681704e-05, 0.000111557739729, 7.84213352745e-06, 5.43096007277e-07, 1.94055729708e-07, 6.22287430474e-08, 5.57820598601e-08, 4.5099582735e-08, 2.7958307669e-08, 2.80933082353e-10, 3.81140230488e-09, 2.47061282543e-09, 4.97458785276e-09, 3.76763793497e-08, 1.30952173549e-08, 5.96513782813e-10, 3.58603563511e-10, 3.70275060613e-10, 1.26024946034e-09, 6.60295318422e-10, 6.71888600312e-10, 7.63208871102e-11, 1.34852832026e-11, 7.00545784577e-12, 7.99340107993e-12, 7.03720632114e-12, 5.25054609166e-12, 1.64186893248e-12, 6.85792811428e-11, 5.43542884313e-11, 8.5781062158e-13, 1.00625801094e-12, 9.34425713889e-13, 9.8494832082e-12, 2.111445567e-11, 5.89602802345e-13, 3.74976498419e-13, 2.41711625758e-13, 1.07256956409e-13, 4.96651398935e-14]}, "spectral_skewness": {"dvar2": 0.415433973074, "var": 1.16135799885, "min": -0.0734795033932, "dmean": 0.366596966982, "mean": 2.30296278, "max": 7.02502059937, "dmean2": 0.576395988464, "median": 2.11119771004, "dvar": 0.172567650676}, "melbands_flatness_db": {"dvar2": 0.00187453639228, "var": 0.012128084898, "min": 0.00346973631531, "dmean": 0.0289405211806, "mean": 0.321874111891, "max": 0.633460342884, "dmean2": 0.0434152930975, "median": 0.336631476879, "dvar": 0.000813480408397}, "spectral_decrease": {"dvar2": 2.70517944686e-16,