{"tonal": {"thpcp": [1, 0.747903883457, 0.405790239573, 0.450567364693, 0.368969380856, 0.247691586614, 0.236954092979, 0.304240077734, 0.516028523445, 0.717629015446, 0.562703967094, 0.335460335016, 0.312774717808, 0.306382983923, 0.391041070223, 0.532088458538, 0.459736406803, 0.298521369696, 0.255769729614, 0.316980183125, 0.580126941204, 0.707550644875, 0.485456585884, 0.49892193079, 0.676953077316, 0.557849645615, 0.419869303703, 0.367040216923, 0.327233940363, 0.432132899761, 0.537846744061, 0.475323349237, 0.348536521196, 0.276790261269, 0.260147720575, 0.572865962982], "hpcp": {"dmean2": [0.278304815292, 0.249399393797, 0.202614560723, 0.213508695364, 0.201146900654, 0.247038885951, 0.282044202089, 0.242418318987, 0.206967517734, 0.1921454072, 0.222188726068, 0.301354020834, 0.297438830137, 0.233529195189, 0.232446148992, 0.291981130838, 0.274652510881, 0.288427203894, 0.289706289768, 0.238012984395, 0.273494064808, 0.293770104647, 0.276797562838, 0.220346346498, 0.192974895239, 0.189330294728, 0.257079601288, 0.341405183077, 0.293514549732, 0.232093855739, 0.227606654167, 0.213871151209, 0.174239322543, 0.167560309172, 0.218270123005, 0.259546130896], "median": [0.127908915281, 0.0885579660535, 0.0426233932376, 0.0239432509989, 0.025259565562, 0.044823281467, 0.0652660652995, 0.0551486313343, 0.0272086914629, 0.0182756762952, 0.025355130434, 0.0691524222493, 0.0940827354789, 0.0664465352893, 0.070596665144, 0.0926048532128, 0.0834628716111, 0.0343423113227, 0.0251711588353, 0.0223505981266, 0.0425361506641, 0.0609182417393, 0.0561608187854, 0.033900026232, 0.0225526988506, 0.0246880408376, 0.100310370326, 0.148694500327, 0.134829506278, 0.0536814667284, 0.034671112895, 0.0277543831617, 0.0246668867767, 0.0297732055187, 0.0411908552051, 0.092307895422], "min": [0.000434690096881, 0.000195664979401, 7.81815106166e-05, 1.49909774336e-05, 9.8220705695e-05, 5.42068810319e-05, 5.22178452229e-05, 0.0001740854932, 7.67309902585e-05, 1.76182293217e-05, 6.80134980939e-05, 0.000144070800161, 0.000215094376472, 0.000253926642472, 0.000120702818094, 0.000380253681215, 0.000269680196652, 3.61103629984e-05, 5.44102222193e-05, 0, 4.29652118328e-06, 4.28098719567e-05, 0, 0, 0, 0, 0, 0.000346795044607, 0.000577194907237, 8.763562073e-05, 7.10063322913e-05, 0, 9.34493709792e-06, 3.54763542418e-05, 0.000179556358489, 0.000369093992049], "dvar2": [0.0925984606147, 0.107193343341, 0.0844974592328, 0.120197474957, 0.100231952965, 0.123682752252, 0.132273554802, 0.102476038039, 0.0989548116922, 0.0956343561411, 0.121916636825, 0.161048874259, 0.137456521392, 0.0969548076391, 0.0881823152304, 0.131361424923, 0.122190527618, 0.158770531416, 0.189620569348, 0.133771508932, 0.149075448513, 0.16138112545, 0.140821710229, 0.106119252741, 0.108164764941, 0.0938512980938, 0.108788393438, 0.158449158072, 0.105132386088, 0.0950519219041, 0.103713214397, 0.0999845936894, 0.0839945748448, 0.0663825720549, 0.100597143173, 0.0964353010058], "dvar": [0.0389287136495, 0.0378071665764, 0.0296737011522, 0.0438093803823, 0.0379807762802, 0.0452406778932, 0.0504027269781, 0.040024291724, 0.0379633121192, 0.0349218957126, 0.0443501099944, 0.0595067255199, 0.0544175878167, 0.0360881537199, 0.0338968969882, 0.0513990111649, 0.0458545014262, 0.0573068372905, 0.0650443956256, 0.0488606281579, 0.0557576008141, 0.0611469969153, 0.0534276776016, 0.040643658489, 0.0389603935182, 0.0344026535749, 0.0402166172862, 0.0655109733343, 0.0429510958493, 0.0366294756532, 0.040637653321, 0.0385072603822, 0.0308736059815, 0.0239617694169, 0.0359190627933, 0.0377864874899], "dmean": [0.164443269372, 0.142573058605, 0.114994414151, 0.11893735826, 0.114618785679, 0.138428062201, 0.159172669053, 0.139781236649, 0.116487190127, 0.107142955065, 0.124501809478, 0.171693965793, 0.172301143408, 0.135474264622, 0.134502768517, 0.168756023049, 0.161467596889, 0.159127697349, 0.158095851541, 0.13488650322, 0.152904987335, 0.167283311486, 0.158760204911, 0.123450353742, 0.108407065272, 0.106345072389, 0.151250347495, 0.199379935861, 0.174319863319, 0.132191121578, 0.130843445659, 0.120231345296, 0.0974206328392, 0.0937575474381, 0.120485670865, 0.148378252983], "max": [1, 1, 1, 1, 1, 1, 1, 1, 1, 1, 1, 1, 1, 1, 1, 1, 1, 1, 1, 1, 1, 1, 1, 1, 1, 1, 1, 1, 1, 1, 1, 1, 1, 1, 1, 1], "var": [0.0786167830229, 0.0661489740014, 0.0311467889696, 0.0420414283872, 0.0382101461291, 0.0441930890083, 0.0713625326753, 0.0592293553054, 0.0348507836461, 0.0302278771996, 0.041050221771, 0.0734184607863, 0.100299961865, 0.0500599704683, 0.051232740283, 0.0940209627151, 0.0600599572062, 0.0593696087599, 0.0539799258113, 0.0445967875421, 0.0580970421433, 0.0791487842798, 0.0614849738777, 0.0436654835939, 0.0354871116579, 0.0292101819068, 0.0531649924815, 0.143144831061, 0.0772941485047, 0.0407680347562, 0.0664639100432, 0.0474735014141, 0.0255493670702, 0.0188986621797, 0.0299997311085, 0.0501720122993], "mean": [0.250724941492, 0.196597293019, 0.117202997208, 0.109277106822, 0.1070439592, 0.136621773243, 0.185900852084, 0.160622522235, 0.104297280312, 0.0893607214093, 0.110746406019, 0.202684521675, 0.247203752398, 0.169608622789, 0.174313142896, 0.236513584852, 0.194901287556, 0.146693766117, 0.128236368299, 0.114328861237, 0.150978416204, 0.187912672758, 0.166068285704, 0.121771551669, 0.0967048704624, 0.0908903032541, 0.200147673488, 0.349379599094, 0.261302351952, 0.141774833202, 0.157419040799, 0.128910377622, 0.0865383893251, 0.082786925137, 0.106295280159, 0.180289834738]}, "tuning_equal_tempered_deviation": 0.0792322605848, "chords_changes_rate": 0.0769230797887, "key_key": "D", "tuning_diatonic_strength": 0.557100236416, "key_scale": "major", "chords_number_rate": 0.0103329503909, "tuning_frequency": 446.657836914, "tuning_nontempered_energy_ratio": 0.73104685545, "chords_histogram": [25.4879455566, 19.4029846191, 12.1699199677, 4.70723295212, 0, 0, 8.2663602829, 0, 4.82204341888, 0, 0, 0, 0, 0, 0, 0, 0.114810563624, 1.14810562134, 0, 0.229621127248, 0.344431698322, 7.69230747223, 0.688863396645, 14.9253730774], "key_strength": 0.713480532169, "chords_key": "D", "chords_strength": {"dmean2": 0.0123910214752, "median": 0.500601410866, "min": 0.233100652695, "dvar2": 0.000131208624225, "dvar": 9.05100605451e-05, "dmean": 0.0113682970405, "max": 0.755394876003, "var": 0.0123915709555, "mean": 0.497508406639}, "chords_scale": "major", "hpcp_entropy": {"dmean2": 1.18067133427, "median": 2.03674268723, "min": 0.043902207166, "dvar2": 0.905430614948, "dvar": 0.3266710639, "dmean": 0.708005547523, "max": 4.15419149399, "var": 0.620125472546, "mean": 2.018242836}}, "metadata": {"audio_properties": {"equal_loudness": 0, "codec": "flac", "downmix": "mix", "sample_rate": 44100, "analysis_sample_rate": 44100, "bit_rate": 0, "md5_encoded": "31900df282e62237f8fc767b63bb5a59", "length": 40.402721405, "replay_gain": 5.5112323761, "lossless": true}, "version": {"essentia_build_sha": "2d9f1f26377add8aeb1075a9c2973f962c4f09fd", "essentia": "2.1-beta2", "extractor": "music 1.0", "essentia_git_sha": "v2.1_beta2-1-ge3940c0"}, "tags": {"title": ["Die Lustige Witwe: Dritter Aufzug. 12b. \"Also! Wo sind die versprochenen Grisetten\" (Zeta, Njegus)"], "barcode": ["4988005499455"], "media": ["CD"], "albumartist": ["Herbert von Karajan"], "tracktotal": ["10"], "albumartistsort": ["Karajan, Herbert von"], "performer": ["Berliner Philharmoniker (orchestra)"], "releasetype": ["compilation"], "musicbrainz_recordingid": ["0791fc86-7492-4552-b45c-a6e4e6088a37"], "musicbrainz_releasegroupid": ["0eb70f80-7d09-4554-8b54-ebc157098ab6"], "musicbrainz_albumartistid": ["d2ced2f1-6b58-47cf-ae87-5943e2ab6d99"], "originalyear": ["2008"], "musicbrainz_releasetrackid": ["9abdac16-d1af-4484-9653-6d3a543b694f"], "discnumber": ["97"], "totaldiscs": ["23"], "catalognumber": ["UCCG-90001"], "releasecountry": ["JP"], "file_name": "CD97 02 Die Lustige Witwe_ Dritter Aufzug. 12b. _Also! Wo sind die versprochenen Grisetten_ (Zeta, Njegus).flac", "originaldate": ["2008-04-05"], "producer": ["Hans Weber"], "date": ["2008-04-05"], "genre": ["Classical"], "disctotal": ["23"], "releasestatus": ["official"], "musicbrainz_artistid": ["8efca5f7-663e-4a2e-a2f0-9fd1e563a801"], "asin": ["B00118YMAE"], "musicbrainz_albumid": ["8713760f-e546-444b-a0e6-c7d0c1fad700"], "artist": ["Franz Leh\u00e1r"], "tracknumber": ["2"], "artistsort": ["Leh\u00e1r, Franz"], "album": ["Complete Recordings on Deutsche Grammophon (box 5: 1970-1972)"], "label": ["Deutsche Grammophon"], "totaltracks": ["10"], "acoustid_id": ["ee5c12fa-870d-44d8-88c1-8ed6e8b2a3ee"], "script": ["Latn"], "conductor": ["Herbert von Karajan"]}}, "rhythm": {"bpm_histogram_first_peak_bpm": {"dmean2": 0, "median": 89, "min": 89, "dvar2": 0, "dvar": 0, "dmean": 0, "max": 89, "var": 0, "mean": 89}, "bpm": 89.0017776489, "bpm_histogram_second_peak_spread": {"dmean2": 0, "median": 0.615384638309, "min": 0.615384638309, "dvar2": 0, "dvar": 0, "dmean": 0, "max": 0.615384638309, "var": 0, "mean": 0.615384638309}, "bpm_histogram_first_peak_weight": {"dmean2": 0, "median": 0.253968268633, "min": 0.253968268633, "dvar2": 0, "dvar": 0, "dmean": 0, "max": 0.253968268633, "var": 0, "mean": 0.253968268633}, "onset_rate": 3.58783626556, "beats_position": [0.615328788757, 1.24226760864, 1.86920630932, 2.49614500999, 3.19274377823, 3.88934230804, 4.5627207756, 5.23609972, 5.92108821869, 6.53641700745, 7.1517457962, 7.76707458496, 8.39401340485, 8.99773216248, 9.61306095123, 10.22838974, 10.8901586533, 11.5519275665, 12.2601356506, 12.9567346573, 13.6533327103, 14.361541748, 15.0349206924, 15.696688652, 16.3700675964, 17.0434455872, 17.7168254852, 18.390203476, 19.0751914978, 19.7485713959, 20.4103393555, 21.0604991913, 21.7106571198, 22.4072551727, 23.1154651642, 23.8468933105, 24.5783214569, 25.286529541, 25.9831295013, 26.6913375854, 27.3647155762, 28.0380954742, 28.7230834961, 29.3964614868, 30.081451416, 30.7664394379, 31.3933773041, 32.0319252014, 32.6704750061, 33.2277526855, 33.7734222412, 34.3423118591, 34.9112014771, 35.480091095, 35.9677085876, 36.4437179565, 36.9197273254, 37.3841247559, 37.8601341248, 38.3129234314, 38.7773246765, 39.2533340454, 39.7293434143, 40.1937408447], "beats_loudness": {"dmean2": 0.0864477753639, "median": 0.00405352609232, "min": 3.54275543941e-05, "dvar2": 0.0594625547528, "dvar": 0.0186162013561, "dmean": 0.0458822399378, "max": 0.870912253857, "var": 0.0236217323691, "mean": 0.0468293055892}, "danceability": 1.2695761919, "bpm_histogram_second_peak_weight": {"dmean2": 0, "median": 0.0793650820851, "min": 0.0793650820851, "dvar2": 0, "dvar": 0, "dmean": 0, "max": 0.0793650820851, "var": 0, "mean": 0.0793650820851}, "beats_count": 64, "bpm_histogram_second_peak_bpm": {"dmean2": 0, "median": 96, "min": 96, "dvar2": 0, "dvar": 0, "dmean": 0, "max": 96, "var": 0, "mean": 96}, "bpm_histogram_first_peak_spread": {"dmean2": 0, "median": 0.515151500702, "min": 0.515151500702, "dvar2": 0, "dvar": 0, "dmean": 0, "max": 0.515151500702, "var": 0, "mean": 0.515151500702}, "beats_loudness_band_ratio": {"dmean2": [0.248559594154, 0.414983302355, 0.455712407827, 0.248229846358, 0.0968140214682, 0.325474649668], "median": [0.095816552639, 0.199096813798, 0.326367735863, 0.0950160697103, 0.0480004325509, 0.0154438409954], "min": [0.000709643471055, 0.00466166529804, 0.00549452658743, 0.00462261633947, 0.00612409971654, 0.00134757102933], "dvar2": [0.0763204246759, 0.162056952715, 0.1046070382, 0.0545334331691, 0.0109301563352, 0.192230775952], "dvar": [0.0262303575873, 0.0495544485748, 0.0404915250838, 0.020300200209, 0.00426849536598, 0.0742804929614], "dmean": [0.134598657489, 0.225751027465, 0.25643491745, 0.143950000405, 0.0576937012374, 0.172525510192], "max": [0.716765940189, 0.905338048935, 0.89875793457, 0.711421906948, 0.370174974203, 0.963350951672], "var": [0.0188346728683, 0.0481520630419, 0.0567550472915, 0.0226025544107, 0.00480222841725, 0.0565142147243], "mean": [0.120690912008, 0.234976693988, 0.358319908381, 0.145801991224, 0.0687822550535, 0.113887518644]}}, "lowlevel": {"barkbands_spread": {"dmean2": 9.43583583832, "median": 13.2367897034, "min": 0.869139134884, "dvar2": 158.079025269, "dvar": 76.9964294434, "dmean": 6.32117509842, "max": 97.8834686279, "var": 199.345748901, "mean": 17.365814209}, "melbands_spread": {"dmean2": 15.7675924301, "median": 15.4021110535, "min": 1.43264687061, "dvar2": 753.310546875, "dvar": 405.425567627, "dmean": 10.5051250458, "max": 222.312179565, "var": 987.668701172, "mean": 25.2512226105}, "hfc": {"dmean2": 11.9724979401, "median": 1.64112138748, "min": 1.35274949571e-05, "dvar2": 2404.51928711, "dvar": 1898.80908203, "dmean": 9.64472007751, "max": 1612.94885254, "var": 12513.2128906, "mean": 20.3209114075}, "barkbands_kurtosis": {"dmean2": 5.30160188675, "median": 2.24735927582, "min": -1.77303111553, "dvar2": 124.347854614, "dvar": 47.9556922913, "dmean": 3.46175384521, "max": 169.178451538, "var": 79.9693145752, "mean": 4.84237384796}, "gfcc": {"mean": [-126.730934143, 96.4628753662, -128.659118652, 10.0157222748, -63.1910018921, -3.9721031189, -40.3262176514, 7.04162597656, -19.4332256317, 1.55682003498, -12.4083518982, -1.67668151855, -6.60389328003], "icov": [[0.000241821937379, -0.000103870559542, 0.00044962746324, -0.000294443656458, 0.000685285893269, -0.000123505888041, 0.000580450228881, -0.000410899025155, 0.00069268385414, -0.00032702050521, 3.88026310247e-05, -0.00018876469403, 0.00023597344989], [-0.000103870559542, 0.00177204969805, -0.000563977810089, 0.00144067639485, -0.00142867665272, 0.00178283429705, -0.000768396828789, 0.002031826647, -0.00208898261189, 0.00193502905313, -0.00231530354358, 0.00194877944887, -0.000521621957887], [0.00044962746324, -0.000563977810089, 0.00349448109046, -0.00152879650705, 0.00173414999153, -0.00132821651641, 0.00223617861047, -0.0012737037614, 0.00230870977975, -0.00122124271002, 0.000973553338554, -0.00244949478656, 0.00163593958132], [-0.000294443656458, 0.00144067639485, -0.00152879650705, 0.00440501654521, -0.0012801772682, 0.00140920549165, 3.56180171366e-05, 0.00244397809729, -0.00259739719331, 0.000871969386935, -0.00134792679455, 0.00151073280722, -0.000806854804978], [0.000685285893269, -0.00142867665272, 0.00173414999153, -0.0012801772682, 0.0052578873001, -0.00118369504344, 0.00200133374892, -0.00292797852308, 0.00240968517028, -0.00200510001741, 0.00205701845698, -0.00184011482634, 0.000437029870227], [-0.000123505888041, 0.00178283429705, -0.00132821651641, 0.00140920549165, -0.00118369504344, 0.0064563266933, -0.00237472425215, 0.00128719140776, -0.000951162714045, 0.000418307929067, -8.4254083049e-05, 0.0010531572625, -0.000100163073512], [0.000580450228881, -0.000768396828789, 0.00223617861047, 3.56180171366e-05, 0.00200133374892, -0.00237472425215, 0.00587492343038, -0.00268918578513, 0.00132942874916, -0.000854279554915, 0.000772948551457, -0.00101826421451, 0.00018532264221], [-0.000410899025155, 0.002031826647, -0.0012737037614, 0.00244397809729, -0.00292797852308, 0.00128719140776, -0.00268918578513, 0.0106484182179, -0.00375697412528, 0.00218011066318, -0.00102130463347, 0.000831768848002, 0.00164025835693], [0.00069268385414, -0.00208898261189, 0.00230870977975, -0.00259739719331, 0.00240968517028, -0.000951162714045, 0.00132942874916, -0.00375697412528, 0.0131513662636, -0.00573981646448, 0.00252113863826, -0.00237316242419, 0.000662090722471], [-0.00032702050521, 0.00193502905313, -0.00122124271002, 0.000871969386935, -0.00200510001741, 0.000418307929067, -0.000854279554915, 0.00218011066318, -0.00573981646448, 0.0112549960613, -0.00611280743033, 0.003581561381, 0.000700564996805], [3.88026310247e-05, -0.00231530354358, 0.000973553338554, -0.00134792679455, 0.00205701845698, -8.4254083049e-05, 0.000772948551457, -0.00102130463347, 0.00252113863826, -0.00611280743033, 0.0149525459856, -0.00737671367824, 0.00322563340887], [-0.00018876469403, 0.00194877944887, -0.00244949478656, 0.00151073280722, -0.00184011482634, 0.0010531572625, -0.00101826421451, 0.000831768848002, -0.00237316242419, 0.003581561381, -0.00737671367824, 0.0156067423522, -0.0052411374636], [0.00023597344989, -0.000521621957887, 0.00163593958132, -0.000806854804978, 0.000437029870227, -0.000100163073512, 0.00018532264221, 0.00164025835693, 0.000662090722471, 0.000700564996805, 0.00322563340887, -0.0052411374636, 0.01303228084]], "cov": [[11657.1699219, -1747.94543457, 232.718032837, 916.247436523, -1364.65588379, -116.363708496, -1023.64343262, -145.883865356, -370.638000488, 240.307800293, 208.753204346, 9.0273065567, -217.863235474], [-1747.94543457, 2547.89770508, -492.153015137, -511.581207275, 451.010925293, -493.205810547, 164.785705566, -165.598495483, 177.119491577, -171.026611328, 130.350006104, -103.02191925, 89.8216629028], [232.718032837, -492.153015137, 687.020629883, 277.756744385, -148.856552124, 83.3058547974, -240.189666748, -21.1346721649, -67.5135803223, 55.9513702393, 18.3615169525, 74.4506988525, -55.4307250977], [916.247436523, -511.581207275, 277.756744385, 528.416625977, -134.563827515, -9.48869132996, -239.698745728, -66.9741821289, -10.6261854172, 76.189414978, 24.3366832733, 24.9635639191, -22.4802646637], [-1364.65588379, 451.010925293, -148.856552124, -134.563827515, 461.408447266, -33.401676178, 85.8463973999, 43.4687347412, 48.4081497192, -29.7939376831, -26.8540496826, -10.9388065338, 32.0844841003], [-116.363708496, -493.205810547, 83.3058547974, -9.48869132996, -33.401676178, 319.034851074, 103.373153687, 61.5585021973, -29.3784484863, 22.3859596252, -53.7147865295, 11.8039722443, -15.9929742813], [-1023.64343262, 164.785705566, -240.189666748, -239.698745728, 85.8463973999, 103.373153687, 426.612457275, 88.2821502686, 35.116859436, -39.0028991699, -41.1193695068, -18.1364154816, 24.3753604889], [-145.883865356, -165.598495483, -21.1346721649, -66.9741821289, 43.4687347412, 61.5585021973, 88.2821502686, 164.811523438, 13.4288234711, 1.43827450275, -24.40209198, 2.79710459709, -22.0583324432], [-370.638000488, 177.119491577, -67.5135803223, -10.6261854172, 48.4081497192, -29.3784484863, 35.116859436, 13.4288234711, 136.740493774, 41.8226699829, 13.4591846466, -8.84251594543, 1.49613201618], [240.307800293, -171.026611328, 55.9513702393, 76.189414978, -29.7939376831, 22.3859596252, -39.0028991699, 1.43827450275, 41.8226699829, 168.007171631, 50.7746543884, -2.49245429039, -36.6841964722], [208.753204346, 130.350006104, 18.3615169525, 24.3366832733, -26.8540496826, -53.7147865295, -41.1193695068, -24.40209198, 13.4591846466, 50.7746543884, 129.158248901, 31.2362155914, -18.0362205505], [9.0273065567, -103.02191925, 74.4506988525, 24.9635639191, -10.9388065338, 11.8039722443, -18.1364154816, 2.79710459709, -8.84251594543, -2.49245429039, 31.2362155914, 104.691421509, 23.2314414978], [-217.863235474, 89.8216629028, -55.4307250977, -22.4802646637, 32.0844841003, -15.9929742813, 24.3753604889, -22.0583324432, 1.49613201618, -36.6841964722, -18.0362205505, 23.2314414978, 106.772766113]]}, "spectral_energyband_middle_low": {"dmean2": 0.00855146348476, "median": 0.000990216503851, "min": 4.50505543981e-09, "dvar2": 0.00158446282148, "dvar": 0.000804823706858, "dmean": 0.00603883201256, "max": 0.656585454941, "var": 0.00164140597917, "mean": 0.0098127387464}, "melbands_crest": {"dmean2": 5.07596302032, "median": 11.7959260941, "min": 3.3442530632, "dvar2": 19.4684638977, "dvar": 8.28094291687, "dmean": 3.23338890076, "max": 38.3738174438, "var": 29.6489562988, "mean": 12.8009376526}, "spectral_kurtosis": {"dmean2": 4.33131217957, "median": 6.5173330307, "min": -0.941717982292, "dvar2": 20.5193042755, "dvar": 8.19315910339, "dmean": 2.66785955429, "max": 42.4228935242, "var": 25.851600647, "mean": 7.31201601028}, "spectral_rms": {"dmean2": 0.000835474173073, "median": 0.00137714890298, "min": 7.54872598918e-06, "dvar2": 2.2067467853e-06, "dvar": 1.47888715674e-06, "dmean": 0.000670096313115, "max": 0.0340118817985, "var": 9.10197559278e-06, "mean": 0.00242803641595}, "zerocrossingrate": {"dmean2": 0.0163289215416, "median": 0.04296875, "min": 0.00390625, "dvar2": 0.000607069989201, "dvar": 0.000679983000737, "dmean": 0.0156336985528, "max": 0.3681640625, "var": 0.00364932604134, "mean": 0.0637460872531}, "silence_rate_60dB": {"dmean2": 0.213340997696, "median": 1, "min": 0, "dvar2": 0.190826639533, "dvar": 0.0954703986645, "dmean": 0.106896549463, "max": 1, "var": 0.2474142313, "mean": 0.550832867622}, "erbbands_kurtosis": {"dmean2": 2.73772835732, "median": 0.340628713369, "min": -1.81442952156, "dvar2": 17.5035171509, "dvar": 6.87720870972, "dmean": 1.71729922295, "max": 40.7820510864, "var": 13.8586931229, "mean": 1.60426366329}, "erbbands": {"dmean2": [0.00233999523334, 0.0221777893603, 0.156685948372, 0.55625218153, 1.44218993187, 9.07979202271, 14.8878746033, 31.2392368317, 24.4404983521, 27.1238918304, 35.8388977051, 77.7030639648, 18.7524223328, 24.2164096832, 36.174949646, 72.5793457031, 27.17445755, 38.1422958374, 9.80384635925, 9.98128414154, 11.4356327057, 24.6199550629, 8.63216114044, 10.037071228, 8.22773075104, 9.95336341858, 11.9437837601, 5.97921085358, 6.04409408569, 4.99605369568, 5.91314935684, 6.44918203354, 3.14939403534, 2.38779997826, 0.710683941841, 0.239919304848, 0.032256308943, 0.00509554473683, 0.000363001774531, 2.45274713961e-05], "median": [0.000833638012409, 0.00852905865759, 0.0360062085092, 0.0735986679792, 0.206735387444, 0.528021395206, 0.968121886253, 2.21454358101, 2.00552940369, 1.90339398384, 2.29221153259, 1.62357187271, 2.07607102394, 1.15494990349, 0.831904888153, 0.892339408398, 0.7817928195, 1.29669594765, 0.882110655308, 0.909940302372, 1.19810307026, 0.942553400993, 0.501901388168, 0.546811044216, 0.429500281811, 0.369622081518, 0.164140030742, 0.121416606009, 0.0807243287563, 0.0744525790215, 0.0447241067886, 0.0309460498393, 0.0203408617526, 0.00942495744675, 0.00435559591278, 0.00120006210636, 0.000251082383329, 5.48184543732e-05, 1.00820707303e-05, 4.18921445089e-06], "min": [1.46389169231e-07, 2.12977170122e-06, 4.30362933912e-06, 1.41759039707e-06, 2.6649395295e-06, 4.37413109466e-06, 4.38522420154e-06, 3.75777085537e-06, 2.11053907151e-06, 3.27308498527e-06, 4.25866755904e-06, 1.4147561842e-06, 5.23471317138e-06, 3.99893633585e-06, 3.18437582791e-06, 7.04124295225e-06, 2.19837215809e-06, 1.72141631083e-06, 4.67172003482e-06, 1.64011771631e-06, 2.65636231234e-06, 2.62834191744e-06, 6.13806605543e-06, 4.8504134611e-06, 7.26145754015e-06, 5.49274636796e-06, 4.13407133237e-06, 3.15369311465e-06, 3.3244828046e-06, 3.54560324922e-06, 2.15929958358e-06, 2.12674149225e-06, 1.44583214023e-06, 6.44872955036e-07, 7.83415487149e-07, 3.98984752792e-07, 2.28725767215e-07, 1.5505767692e-07, 2.03312673364e-08, 1.98243088612e-09], "dvar2": [2.1149397071e-05, 0.00181320856791, 0.114910073578, 2.97363138199, 52.0771636963, 6462.71142578, 6694.74804688, 43745.9960938, 14203.4150391, 16982.9472656, 36910.6875, 548508.6875, 17773.8847656, 31676.1289063, 168862.203125, 1031361.75, 43039.2734375, 316719.84375, 3296.39379883, 3361.17211914, 3033.27539063, 61731.6835938, 1815.1640625, 5817.00732422, 1302.82177734, 3234.05322266, 11212.5673828, 1204.99633789, 2080.81665039, 1047.93823242, 1555.75915527, 4083.67626953, 446.600372314, 394.449615479, 17.7582836151, 2.39723134041, 0.0267672128975, 0.000682284182403, 3.98582142225e-06, 1.1595770566e-08], "dvar": [7.72745079303e-06, 0.000658785051201, 0.0604800954461, 1.53162741661, 32.2625923157, 3513.25488281, 5500.75341797, 17441.7050781, 6435.00195313, 8082.41552734, 16463.2734375, 263538.1875, 9602.46191406, 14398.3574219, 74269.25, 550651.9375, 21721.3652344, 110612.554688, 1253.21252441, 1379.24084473, 1444.63061523, 18637.890625, 789.553283691, 2358.34887695, 637.596923828, 1397.35205078, 4165.88183594, 547.796630859, 1039.03918457, 542.576416016, 1156.67980957, 2182.91040039, 293.337646484, 223.286026001, 19.0189819336, 1.88835656643, 0.0314328446984, 0.000492501538247, 2.37989911511e-06, 8.18357293042e-09], "dmean": [0.00138925970532, 0.0138959502801, 0.10933329165, 0.376218646765, 0.997959911823, 5.88376808167, 10.9577665329, 20.9392719269, 15.5663070679, 17.2547569275, 24.843421936, 48.6565093994, 13.2239751816, 15.8322935104, 23.5370044708, 51.7072601318, 18.856967926, 22.2933387756, 6.1148147583, 6.41919803619, 7.6909532547, 14.4390916824, 5.73936653137, 6.54789829254, 5.67577123642, 6.62842416763, 7.46708583832, 4.2438158989, 4.27209043503, 3.36671376228, 4.55409049988, 4.83599853516, 2.31365227699, 1.68490767479, 0.647269845009, 0.189390793443, 0.0299764480442, 0.00400102790445, 0.00027856673114, 1.99161186174e-05], "max": [0.0669725462794, 0.316404134035, 3.51477694511, 20.7519016266, 204.486526489, 2042.51831055, 3589.04345703, 2850.14819336, 1657.87487793, 2161.14916992, 2558.79272461, 16838.6542969, 3299.2746582, 2576.01318359, 9518.08203125, 28773.1171875, 4455.23779297, 10191.5947266, 1001.93145752, 931.519348145, 819.672241211, 3834.27539063, 604.538024902, 1436.24206543, 585.440002441, 885.706726074, 2242.08813477, 829.796875, 1223.46740723, 782.076171875, 1656.48913574, 2099.48999023, 829.251098633, 649.580993652, 238.80519104, 73.5475006104, 9.87394809723, 1.02144646645, 0.0509150400758, 0.00295489630662], "var": [3.00530300592e-05, 0.00159731286112, 0.137545078993, 4.27939081192, 52.2281608582, 4621.16845703, 21018.25, 17772.4394531, 7439.16162109, 10725.8496094, 37205.359375, 313359.65625, 13843.0693359, 21842.2714844, 84455.3046875, 740520.5625, 30944.8847656, 66055.859375, 1201.52099609, 1604.67724609, 2256.06787109, 16324.2958984, 1169.98828125, 2636.46118164, 1397.68225098, 2106.73632813, 6709.88574219, 1773.70275879, 3567.5390625, 1712.80786133, 6571.04248047, 10827.8427734, 1491.3215332, 651.656311035, 140.985443115, 13.18034935, 0.26623737812, 0.00285646878183, 1.03759812191e-05, 4.42300809311e-08], "mean": [0.00284331431612, 0.0248100347817, 0.180898055434, 0.644817233086, 1.3635532856, 7.11823177338, 18.7182369232, 23.0114040375, 17.5378742218, 20.711648941, 36.8445892334, 55.4433441162, 18.7772979736, 21.4701786041, 24.7649650574, 55.943523407, 21.4442234039, 18.1403675079, 6.81893873215, 8.10466766357, 10.2798900604, 14.8164520264, 7.40431833267, 7.83393859863, 8.23639392853, 8.24128818512, 10.2383565903, 6.61267566681, 7.08951044083, 5.42167758942, 8.59404373169, 9.38292121887, 4.08106565475, 2.56558418274, 1.22863399982, 0.375613749027, 0.0601102635264, 0.00710451044142, 0.000484944990603, 4.01472425438e-05]}, "spectral_strongpeak": {"dmean2": 0.691174387932, "median": 0.36515840888, "min": 0, "dvar2": 2.45648145676, "dvar": 0.97135591507, "dmean": 0.43725925684, "max": 22.8362884521, "var": 2.0873439312, "mean": 0.754340350628}, "spectral_energy": {"dmean2": 0.0102621512488, "median": 0.00194395263679, "min": 5.84078456711e-08, "dvar2": 0.00183500826824, "dvar": 0.00119426974561, "dmean": 0.00789054576308, "max": 1.18572831154, "var": 0.00446976721287, "mean": 0.0153722669929}, "average_loudness": 0.0202355980873, "spectral_rolloff": {"dmean2": 1065.34338379, "median": 990.52734375, "min": 21.533203125, "dvar2": 3479535, "dvar": 1984949, "dmean": 669.103027344, "max": 13199.8535156, "var": 4830159, "mean": 1757.60852051}, "spectral_centroid": {"dmean2": 425.33215332, "median": 1005.75378418, "min": 296.086975098, "dvar2": 308576.75, "dvar": 195126.640625, "dmean": 304.229919434, "max": 5290.31835938, "var": 773656.5625, "mean": 1258.05065918}, "pitch_salience": {"dmean2": 0.109718747437, "median": 0.625564455986, "min": 0.0513498745859, "dvar2": 0.00997918751091, "dvar": 0.00424788100645, "dmean": 0.0691653117537, "max": 0.898290216923, "var": 0.0183812081814, "mean": 0.613930404186}, "spectral_energyband_middle_high": {"dmean2": 0.00370959355496, "median": 0.000293233053526, "min": 9.86997150676e-10, "dvar2": 0.000909974623937, "dvar": 0.000480407848954, "dmean": 0.00265523511916, "max": 0.918675363064, "var": 0.000921669532545, "mean": 0.00387174682692}, "spectral_contrast_coeffs": {"dmean2": [0.0811740458012, 0.0783671960235, 0.0590794607997, 0.0515471696854, 0.0427082292736, 0.0332282371819], "median": [-0.671569526196, -0.74009680748, -0.781262397766, -0.792932987213, -0.79358369112, -0.802981674671], "min": [-0.907028853893, -0.936506330967, -0.942719340324, -0.930438280106, -0.935627400875, -0.906866848469], "dvar2": [0.00440007308498, 0.00423153862357, 0.00244265515357, 0.00179782439955, 0.00140115758404, 0.000881934305653], "dvar": [0.00205527432263, 0.00189732585568, 0.00100182124879, 0.000732356042136, 0.000650305766612, 0.000460316805402], "dmean": [0.0528259724379, 0.050642605871, 0.0370098166168, 0.0317373946309, 0.0271504055709, 0.0219503920525], "max": [-0.186975359917, -0.305144309998, -0.40332916379, -0.567570507526, -0.534848928452, -0.591681778431], "var": [0.0117306411266, 0.00775476451963, 0.00499624898657, 0.00276589905843, 0.00242609973066, 0.00235922727734], "mean": [-0.65849006176, -0.729156494141, -0.769095718861, -0.786416351795, -0.788490653038, -0.79346382618]}, "melbands_skewness": {"dmean2": 0.979020893574, "median": 1.60252177715, "min": -2.45587325096, "dvar2": 1.27701222897, "dvar": 0.579339206219, "dmean": 0.684869885445, "max": 16.2205200195, "var": 2.43762230873, "mean": 1.82376658916}, "spectral_spread": {"dmean2": 962153.1875, "median": 3350609.75, "min": 1753548.375, "dvar2": 1723379744770.0, "dvar": 881918279680, "dmean": 657185.6875, "max": 12984525, "var": 3276676792320.0, "mean": 3942120}, "dissonance": {"dmean2": 0.0400252528489, "median": 0.455300241709, "min": 0.18969476223, "dvar2": 0.00150061410386, "dvar": 0.000593877688516, "dmean": 0.0244537647814, "max": 0.499943047762, "var": 0.00206554168835, "mean": 0.443693041801}, "spectral_skewness": {"dmean2": 0.495656579733, "median": 1.8790460825, "min": 0.0672333389521, "dvar2": 0.200560927391, "dvar": 0.0951073095202, "dmean": 0.321973919868, "max": 5.36688756943, "var": 0.428815573454, "mean": 1.88792943954}, "spectral_flux": {"dmean2": 0.0273101236671, "median": 0.029061017558, "min": 0.000120740252896, "dvar2": 0.00213081832044, "dvar": 0.0012161169434, "dmean": 0.0187900513411, "max": 1.11581635475, "var": 0.00644254265353, "mean": 0.0532639063895}, "spectral_contrast_valleys": {"dmean2": [0.687520623207, 0.606538832188, 0.508794724941, 0.488325923681, 0.438721328974, 0.559412181377], "median": [-8.94624137878, -7.45169496536, -8.40717983246, -8.85243034363, -8.80613231659, -11.6392221451], "min": [-13.4398355484, -13.5050706863, -14.3966970444, -14.9258327484, -14.1094484329, -16.2649974823], "dvar2": [0.301401615143, 0.254687815905, 0.180737674236, 0.195164084435, 0.201786398888, 0.449177622795], "dvar": [0.111960165203, 0.118636190891, 0.104830354452, 0.109763771296, 0.121068380773, 0.256826967001], "dmean": [0.409920454025, 0.393490821123, 0.348442226648, 0.333729803562, 0.317635267973, 0.418766826391], "max": [-7.05137634277, -4.37356567383, -4.32595252991, -5.23432397842, -5.01398038864, -6.30100727081], "var": [0.726733148098, 1.51477515697, 1.26279962063, 1.30072534084, 1.50150322914, 2.34173870087], "mean": [-8.98461723328, -7.55408382416, -8.32952404022, -8.84665775299, -8.85038948059, -11.5024433136]}, "erbbands_flatness_db": {"dmean2": 0.0333176627755, "median": 0.197933405638, "min": 0.0394504591823, "dvar2": 0.00102393864654, "dvar": 0.000504763855133, "dmean": 0.02273257263, "max": 0.384718716145, "var": 0.00328730558977, "mean": 0.199595123529}, "spectral_energyband_high": {"dmean2": 0.000751890533138, "median": 1.93555551959e-05, "min": 7.78342057473e-10, "dvar2": 1.9930435883e-05, "dvar": 1.76301382453e-05, "dmean": 0.000630602182355, "max": 0.209214150906, "var": 0.000132003653562, "mean": 0.00135614071041}, "spectral_entropy": {"dmean2": 0.302849054337, "median": 7.25313329697, "min": 5.31311225891, "dvar2": 0.0962860658765, "dvar": 0.0540941916406, "dmean": 0.215641245246, "max": 8.74842357635, "var": 0.347525417805, "mean": 7.2959280014}, "silence_rate_20dB": {"dmean2": 0.00690051773563, "median": 1, "min": 0, "dvar2": 0.00685290340334, "dvar": 0.0034363863524, "dmean": 0.00344827584922, "max": 1, "var": 0.00684508308768, "mean": 0.993107438087}, "melbands_flatness_db": {"dmean2": 0.040748719126, "median": 0.216253757477, "min": 0.021888371557, "dvar2": 0.00163691793568, "dvar": 0.000929175701458, "dmean": 0.0296893380582, "max": 0.459770679474, "var": 0.00511816889048, "mean": 0.207230597734}, "barkbands": {"dmean2": [4.60541159555e-05, 8.73395983945e-05, 0.000199600341148, 0.000245905801421, 0.00179596070666, 0.00355508551002, 0.00183955975808, 0.00140475120861, 0.00306016998366, 0.00064641283825, 0.000552742101718, 0.00187748903409, 0.000570252886973, 0.000659246288706, 0.000176420187927, 0.000217057633563, 0.000420251919422, 0.000156652225996, 0.000174982036697, 0.000217255277676, 0.000194574327907, 0.000158337978064, 0.000206341836019, 0.000280814565485, 0.000145912650623, 3.02565349557e-05, 2.13708176489e-06], "median": [1.70747534867e-05, 2.89119416266e-05, 2.80964741251e-05, 1.68565584318e-05, 0.000136378963361, 0.000250314129516, 0.000114077920443, 0.000102819183667, 8.07810793049e-05, 5.492130731e-05, 1.79543785634e-05, 2.04690277315e-05, 1.35031195896e-05, 2.50706943916e-05, 1.44783753058e-05, 2.22102517e-05, 1.70093371707e-05, 1.04612536234e-05, 8.50450123835e-06, 7.10998574505e-06, 3.23768858834e-06, 2.42987607635e-06, 1.68637586739e-06, 1.39753160511e-06, 7.48610545998e-07, 1.74628198124e-07, 4.35055724779e-08], "min": [8.00757771202e-09, 6.73772548865e-09, 8.8647628127e-10, 6.53192444577e-10, 1.0244848303e-09, 1.01562735999e-09, 1.70442798764e-10, 1.60954957695e-10, 6.27078111659e-11, 1.56025456444e-10, 7.58182266969e-11, 1.78659656513e-10, 2.92251015055e-11, 2.88297545559e-11, 7.39956013129e-11, 4.68599742343e-11, 3.75309471001e-11, 1.02938726987e-10, 1.1420082241e-10, 1.13218469322e-10, 1.01987883416e-10, 8.56523046933e-11, 9.09247538372e-11, 1.01739144887e-10, 7.7211348426e-11, 1.36147315644e-10, 1.62052343766e-10], "dvar2": [3.1277522794e-08, 2.88426704742e-08, 2.71028170573e-07, 7.1541012403e-07, 0.000158525421284, 0.00050676590763, 0.000107290019514, 4.70072882308e-05, 0.000749004073441, 1.77425117727e-05, 1.49171100929e-05, 0.000664009363391, 2.55834202108e-05, 9.22385079321e-05, 8.57504289797e-07, 1.22275935155e-06, 1.51373978952e-05, 6.32530259281e-07, 1.33521689349e-06, 1.3195591464e-06, 2.088761903e-06, 1.54954761911e-06, 2.47697789746e-06, 6.16481338511e-06, 1.14431009024e-06, 3.97245116801e-08, 1.47247269933e-10], "dvar": [1.03027666398e-08, 1.03255040074e-08, 1.37659199595e-07, 3.64604090919e-07, 0.00010135579214, 0.000270646618446, 4.35342044511e-05, 2.1939367798e-05, 0.000365379644791, 7.63798016123e-06, 5.66257540413e-06, 0.000368208129657, 9.5599616543e-06, 3.24035936501e-05, 3.20724439007e-07, 5.14453006417e-07, 4.59438660982e-06, 2.71419793307e-07, 5.84929409797e-07, 5.82119696446e-07, 9.26620828068e-07, 7.27443136839e-07, 1.4906420347e-06, 2.84293651021e-06, 8.03888269729e-07, 3.21659392455e-08, 8.59316437452e-11], "dmean": [2.72796951322e-05, 5.37776541023e-05, 0.000140523115988, 0.000164459605003, 0.00124075368512, 0.00248022680171, 0.00116105331108, 0.000928878260311, 0.00187544885557, 0.000431289168773, 0.000346151966369, 0.00140432245098, 0.000356510863639, 0.000381369434763, 0.000109553635411, 0.000144093733979, 0.000247823627433, 0.000104411577922, 0.000117352050438, 0.000141617420013, 0.000138507733936, 0.000108255473606, 0.000167357851751, 0.000189578655409, 0.000117359741125, 2.48127780651e-05, 1.66081667885e-06], "max": [0.00172959291376, 0.00155936100055, 0.00498183490708, 0.0127269234508, 0.373439878225, 0.556141018867, 0.144046902657, 0.126382365823, 0.573375463486, 0.0680376142263, 0.0446567870677, 0.783706605434, 0.0791235938668, 0.175009131432, 0.011662167497, 0.0182050745934, 0.056968215853, 0.0118109500036, 0.0248334463686, 0.0180958192796, 0.0369838438928, 0.0299327820539, 0.0582140758634, 0.0630519017577, 0.0441448353231, 0.0091642094776, 0.000328736146912], "var": [3.85613212472e-08, 2.71839226684e-08, 2.57225849509e-07, 9.16311876153e-07, 0.000175426379428, 0.000426576618338, 4.11759938288e-05, 5.21698893863e-05, 0.000449232000392, 8.87267833605e-06, 7.31846557755e-06, 0.000520207744557, 7.63535445003e-06, 1.93577161554e-05, 2.85848187787e-07, 6.5218250711e-07, 4.16787270296e-06, 3.54463566055e-07, 8.44142221013e-07, 9.73192413767e-07, 2.38400934904e-06, 2.08695428228e-06, 7.59802151151e-06, 1.1863096006e-05, 3.56207056029e-06, 2.26361223099e-07, 3.72953751215e-10], "mean": [8.80686784512e-05, 9.74431895884e-05, 0.000206455370062, 0.000248709431617, 0.00161398318596, 0.00305189192295, 0.00117536250036, 0.00134391861502, 0.00223115482368, 0.000505977368448, 0.000410077220295, 0.00146104278974, 0.000354031479219, 0.000302760396153, 0.000117763520393, 0.000178720874828, 0.00025600756635, 0.000128035317175, 0.000160257302923, 0.000179992086487, 0.000210049271118, 0.000177481779247, 0.000290677737212, 0.000332078780048, 0.000196951412363, 5.05550597154e-05, 2.79214168586e-06]}, "erbbands_skewness": {"dmean2": 0.767378687859, "median": 0.744414806366, "min": -3.00656533241, "dvar2": 0.497023284435, "dvar": 0.247072666883, "dmean": 0.509963989258, "max": 4.68550825119, "var": 1.01851296425, "mean": 0.731565654278}, "erbbands_spread": {"dmean2": 11.8254823685, "median": 24.9349308014, "min": 1.62739861012, "dvar2": 203.006866455, "dvar": 88.7203826904, "dmean": 7.82026910782, "max": 109.136726379, "var": 300.208679199, "mean": 28.4502887726}, "melbands_kurtosis": {"dmean2": 8.58055973053, "median": 5.18911743164, "min": -1.82994806767, "dvar2": 470.811950684, "dvar": 179.401443481, "dmean": 5.73150014877, "max": 321.285003662, "var": 276.412597656, "mean": 9.61866855621}, "melbands": {"dmean2": [2.25998410315e-05, 6.47329943604e-05, 0.000102922051155, 0.000340673519531, 0.000471673323773, 0.000688911357429, 0.000379987381166, 0.000297832215438, 0.000371019501472, 0.000461311923573, 8.51184304338e-05, 9.88483807305e-05, 8.41220535222e-05, 0.000288841227302, 0.000131733482704, 4.28301173088e-05, 7.78831599746e-05, 1.34941055876e-05, 1.4277408809e-05, 1.53108649101e-05, 1.32437762659e-05, 3.21502702718e-05, 9.25355016079e-06, 7.22691493138e-06, 8.90125375008e-06, 6.84442147758e-06, 6.59572106088e-06, 7.05789580024e-06, 8.32017758512e-06, 4.55595818494e-06, 3.78021331926e-06, 3.89620390706e-06, 2.79235086964e-06, 3.16947807733e-06, 3.28686223838e-06, 5.38985705134e-06, 4.12616327594e-06, 2.54823885371e-06, 1.98139832719e-06, 2.12901295527e-06], "median": [1.02631693153e-05, 1.77044803422e-05, 1.63818313013e-05, 2.34321105381e-05, 3.26761401084e-05, 4.80640374008e-05, 3.03633732983e-05, 2.19207904593e-05, 1.7282576664e-05, 1.04746068246e-05, 9.43856321101e-06, 4.01699162467e-06, 2.66533697868e-06, 2.45065666604e-06, 1.72474392457e-06, 1.76235460003e-06, 2.3658601549e-06, 1.31241290546e-06, 1.1995383602e-06, 1.10077041882e-06, 1.48698609337e-06, 1.03824709186e-06, 4.22307635972e-07, 4.5216899025e-07, 4.03088733947e-07, 2.85110559162e-07, 2.66314003738e-07, 2.10730490835e-07, 9.40051876341e-08, 7.09779115482e-08, 5.722115759e-08, 4.23453663245e-08, 3.92519012848e-08, 3.58389762312e-08, 2.38445014844e-08, 1.74573742129e-08, 1.65314606448e-08, 1.47576733056e-08, 9.99743754448e-09, 6.01474026141e-09], "min": [2.14796935794e-09, 3.26105231707e-09, 2.61335619811e-10, 2.75402811667e-10, 1.14439811794e-10, 1.08605881233e-10, 3.20253233654e-11, 3.72705824536e-11, 2.25227891892e-11, 6.86395558447e-12, 2.79887467369e-11, 1.85599938196e-11, 1.07960845125e-11, 1.60002081029e-11, 1.28954355874e-11, 3.49743086055e-12, 2.66292348415e-12, 7.62690778588e-12, 2.91223859264e-12, 2.42946136299e-12, 3.14486587813e-12, 1.83587390082e-12, 4.47506094681e-12, 4.64900557287e-12, 3.62735709525e-12, 4.7084588832e-12, 5.62656171654e-12, 3.01373184221e-12, 1.93718738967e-12, 3.22142507982e-12, 1.30482820729e-12, 1.6959680188e-12, 1.95460574809e-12, 2.08581047399e-12, 1.21776254445e-12, 1.28289718258e-12, 1.32462823262e-12, 1.15339823196e-12, 7.