{"metadata": {"tags": {"label": ["MCA Nashville"], "releasecountry": ["US"], "musicbrainz_releasetrackid": ["a42eeabd-7b07-3416-b5ef-2eb04f6cd763"], "genre": ["Bluegrass"], "releasetype": ["album", "compilation"], "originalyear": ["1994"], "tracknumber": ["26"], "disctotal": ["4"], "musicbrainz_albumartistid": ["2a2be593-6984-4640-8cf1-717ec7a6e18b"], "album": ["The Music Of Bill Monroe: 1936 To 1994 (Disc3)"], "script": ["Latn"], "albumartistsort": ["Monroe, Bill"], "releasestatus": ["official"], "acoustid_id": ["a0b58bcf-87c6-4abe-846c-cfacf058439a"], "musicbrainz_artistid": ["2a2be593-6984-4640-8cf1-717ec7a6e18b"], "musicbrainz_releasegroupid": ["a10a97d0-b308-3379-bd40-8e0a9ea1e06c"], "musicbrainz_recordingid": ["0795f5da-776a-4de7-908c-4569146f1700"], "totaltracks": ["27"], "albumartist": ["Bill Monroe"], "barcode": ["008811104825"], "originaldate": ["1994"], "artist": ["Bill Monroe"], "bpm": ["155"], "musicbrainz_albumid": ["06fcf42e-a3ea-453d-bb60-4b83b5bb48cc"], "artistsort": ["Monroe, Bill"], "title": ["Walk Softly On My Heart"], "asin": ["B000002OSF"], "tracktotal": ["27"], "totaldiscs": ["4"], "compilation": ["1"], "date": ["1994"], "musicip_puid": ["ffc55139-8b40-8df6-7f7f-b955b89fbf19"], "media": ["CD"], "file_name": "26 - Walk Softly On My Heart.flac", "discnumber": ["3"]}, "audio_properties": {"sample_rate": 44100, "downmix": "mix", "lossless": true, "analysis_sample_rate": 44100, "md5_encoded": "fdbfb3e82f64569d8c4317f4cad4aace", "equal_loudness": 0, "replay_gain": -11.133234024, "codec": "flac", "bit_rate": 0, "length": 156.373336792}, "version": {"extractor": "music 1.0", "essentia_build_sha": "2d9f1f26377add8aeb1075a9c2973f962c4f09fd", "essentia_git_sha": "v2.1_beta2-1-ge3940c0", "essentia": "2.1-beta2"}}, "rhythm": {"beats_loudness_band_ratio": {"dvar2": [0.0908271893859, 0.0301049351692, 0.0606005452573, 0.0540560670197, 0.0269703213125, 0.00480098789558], "var": [0.0504157207906, 0.0118819195777, 0.0388210304081, 0.0206632502377, 0.0141111686826, 0.00304578337818], "min": [0, 0, 0, 0, 0, 0], "dmean": [0.213828727603, 0.0973184853792, 0.180726766586, 0.131889775395, 0.0791154205799, 0.0277872066945], "mean": [0.329472362995, 0.11328047514, 0.280606240034, 0.154262721539, 0.103161595762, 0.0315663702786], "max": [0.98315513134, 0.698207616806, 0.811549544334, 0.680593311787, 0.77389973402, 0.493668049574], "dmean2": [0.391657561064, 0.175947785378, 0.310628861189, 0.240236148238, 0.13810223341, 0.0487941764295], "median": [0.293553888798, 0.0752828046679, 0.243032202125, 0.106324724853, 0.0552000813186, 0.0168455317616], "dvar": [0.0303688719869, 0.0114407651126, 0.0223522800952, 0.0182411745191, 0.00966975279152, 0.0021093741525]}, "bpm_histogram_first_peak_weight": {"dvar2": 0, "var": 0, "min": 0.467336684465, "dmean": 0, "mean": 0.467336684465, "max": 0.467336684465, "dmean2": 0, "median": 0.467336684465, "dvar": 0}, "bpm": 154.826751709, "beats_count": 399, "bpm_histogram_first_peak_spread": {"dvar2": 0, "var": 0, "min": 0.191304340959, "dmean": 0, "mean": 0.191304340959, "max": 0.191304340959, "dmean2": 0, "median": 0.191304340959, "dvar": 0}, "danceability": 0.960079133511, "bpm_histogram_first_peak_bpm": {"dvar2": 0, "var": 0, "min": 157, "dmean": 0, "mean": 157, "max": 157, "dmean2": 0, "median": 157, "dvar": 0}, "beats_position": [0.452789098024, 0.893968224525, 1.3235373497, 1.74149656296, 2.13623571396, 2.53097510338, 2.92571425438, 3.32045340538, 3.7151927948, 4.1099319458, 4.5046710968, 4.88780021667, 5.27092981339, 5.65405893326, 6.03718805313, 6.43192720413, 6.82666635513, 7.23301553726, 7.63936471939, 8.03410434723, 8.42884349823, 8.82358264923, 9.21832180023, 9.61306095123, 10.0078001022, 10.4025392532, 10.7972784042, 11.1920175552, 11.5867567062, 11.9698867798, 12.3530158997, 12.7477550507, 13.1424942017, 13.5372333527, 13.9319725037, 14.3267116547, 14.7214508057, 15.1161899567, 15.5109291077, 15.9056682587, 16.3004074097, 16.7067565918, 17.1014957428, 17.4962348938, 17.8909740448, 18.2857131958, 18.6920623779, 19.0868015289, 19.4815406799, 19.8762817383, 20.2710208893, 20.6657600403, 21.0604991913, 21.4552383423, 21.8383674622, 22.221496582, 22.616235733, 22.9993648529, 23.3824939728, 23.7772331238, 24.1719722748, 24.5667114258, 24.9498405457, 25.3329696655, 25.7277088165, 26.1224479675, 26.5055770874, 26.9003162384, 27.2950553894, 27.6781845093, 28.0729255676, 28.4560546875, 28.8507938385, 29.2455329895, 29.6518821716, 30.0234012604, 30.4065303802, 30.7896595001, 31.17278862, 31.5559177399, 31.9390468597, 32.322177887, 32.7053070068, 33.0884361267, 33.4831733704, 33.8779144287, 34.2726516724, 34.6673927307, 35.0505218506, 35.4336509705, 35.8283882141, 36.2231292725, 36.6178665161, 37.0126075745, 37.3957366943, 37.7788658142, 38.1736030579, 38.5567321777, 38.9398651123, 39.334602356, 39.7177314758, 40.1008605957, 40.4839897156, 40.8671188354, 41.2618598938, 41.6449890137, 42.0281181335, 42.4228553772, 42.7943763733, 43.1775054932, 43.560634613, 43.9553718567, 44.350112915, 44.7332420349, 45.1163711548, 45.4995002747, 45.8826293945, 46.2773704529, 46.6604995728, 47.0436286926, 47.4267578125, 47.8214950562, 48.204624176, 48.5993652344, 48.9824943542, 49.3656234741, 49.7603607178, 50.1551017761, 50.5498390198, 50.9561882019, 51.362537384, 51.7456665039, 52.1404075623, 52.5235366821, 52.9182739258, 53.3014030457, 53.6845359802, 54.0676651001, 54.4391822815, 54.8107032776, 55.1938323975, 55.5769615173, 55.9600906372, 56.3432197571, 56.726348877, 57.1210861206, 57.515827179, 57.9105644226, 58.305305481, 58.7000427246, 59.094783783, 59.4779129028, 59.8610420227, 60.2325630188, 60.6156921387, 60.9988212585, 61.3935585022, 61.7882995605, 62.1714286804, 62.5545578003, 62.9376869202, 63.32081604, 63.7039451599, 64.1102905273, 64.4818115234, 64.8765487671, 65.2596817017, 65.6544189453, 66.0375518799, 66.4206771851, 66.8154220581, 67.1985473633, 67.5816802979, 67.964805603, 68.3479385376, 68.7310638428, 69.1258010864, 69.5205459595, 69.9036712646, 70.2868041992, 70.6815414429, 71.0762786865, 71.4594116211, 71.8425369263, 72.2256698608, 72.608795166, 72.9919281006, 73.3634490967, 73.7465744019, 74.1297073364, 74.5128326416, 74.8959655762, 75.2790908813, 75.6622238159, 76.0453491211, 76.4400863647, 76.8348312378, 77.2295684814, 77.6359176636, 78.0306549072, 78.4137878418, 78.7853012085, 79.1568222046, 79.5283432007, 79.9114761353, 80.282989502, 80.6661224365, 81.0376434326, 81.4207687378, 81.8039016724, 82.1754150391, 82.5469360352, 82.9300689697, 83.3015823364, 83.661491394, 84.0330123901, 84.3929214478, 84.7644424438, 85.1243515015, 85.4958724976, 85.8673934937, 86.2389068604, 86.6104278564, 86.993560791, 87.3766860962, 87.7482070923, 88.1313400269, 88.5260772705, 88.9092025757, 89.2807235718, 89.6522445679, 90.035369873, 90.4068908691, 90.7784118652, 91.1383209229, 91.5098419189, 91.8813552856, 92.2761001587, 92.6708374023, 93.0539703369, 93.4370956421, 93.8202285767, 94.2033538818, 94.5864868164, 94.9812240601, 95.3643493652, 95.7358703613, 96.1073913574, 96.4789123535, 96.8504257202, 97.2103347778, 97.5702438354, 97.9417648315, 98.3132858276, 98.6848068237, 99.0563278198, 99.4278411865, 99.8109741211, 100.194099426, 100.588844299, 100.971969604, 101.355102539, 101.738227844, 102.121360779, 102.516098022, 102.899223328, 103.270744324, 103.653877258, 104.037002563, 104.420135498, 104.803260803, 105.186393738, 105.581130981, 105.964263916, 106.347389221, 106.730522156, 107.113647461, 107.496780396, 107.891517639, 108.274642944, 108.64616394, 109.017684937, 109.400817871, 109.783943176, 110.167076111, 110.550201416, 110.921722412, 111.293243408, 111.676368713, 112.059501648, 112.431015015, 112.814147949, 113.197273254, 113.592018127, 113.986755371, 114.381492615, 114.764625549, 115.147750854, 115.542495728, 115.925621033, 116.297142029, 116.680267334, 117.075012207, 117.458137512, 117.841270447, 118.224395752, 118.607528687, 118.990653992, 119.373786926, 119.745300293, 120.128433228, 120.511566162, 120.906303406, 121.301040649, 121.684173584, 122.067298889, 122.450431824, 122.833557129, 123.205078125, 123.58820343, 123.971336365, 124.366073608, 124.749206543, 125.132331848, 125.527069092, 125.921813965, 126.316551208, 126.699676514, 127.082809448, 127.465942383, 127.849067688, 128.220581055, 128.603713989, 128.998458862, 129.381591797, 129.764709473, 130.147842407, 130.530975342, 130.914108276, 131.285614014, 131.668746948, 132.051879883, 132.435012817, 132.818145752, 133.189651489, 133.561172485, 133.932693481, 134.304214478, 134.687347412, 135.070480347, 135.441986084, 135.81350708, 136.196640015, 136.579772949, 136.951293945, 137.322814941, 137.705932617, 138.089065552, 138.472198486, 138.855331421, 139.238449097, 139.621582031, 139.993103027, 140.364624023, 140.747756958, 141.130874634, 141.525619507, 141.908752441, 142.291885376, 142.675003052, 143.058135986, 143.441268921, 143.824401855, 144.21913147, 144.613876343, 145.008621216, 145.40335083, 145.890975952, 146.378585815, 146.854598999, 147.284164429, 147.725341797, 148.166534424, 148.596099854, 148.979232788, 149.362350464, 149.745483398, 150.221496582, 150.697509766, 151.17350769, 151.626296997, 152.090698242, 152.555099487, 153.089157104, 153.623214722, 154.157272339, 154.691329956, 155.225387573, 155.759460449], "beats_loudness": {"dvar2": 0.000470376893645, "var": 0.000291896285489, "min": 0, "dmean": 0.0107460301369, "mean": 0.0202748067677, "max": 0.102479204535, "dmean2": 0.0187466498464, "median": 0.0142381954938, "dvar": 0.000184803982847}, "bpm_histogram_second_peak_weight": {"dvar2": 0, "var": 0, "min": 0.293969839811, "dmean": 0, "mean": 0.293969839811, "max": 0.293969839811, "dmean2": 0, "median": 0.293969839811, "dvar": 0}, "bpm_histogram_second_peak_spread": {"dvar2": 0, "var": 0, "min": 0.0714286118746, "dmean": 0, "mean": 0.0714286118746, "max": 0.0714286118746, "dmean2": 0, "median": 0.0714286118746, "dvar": 0}, "bpm_histogram_second_peak_bpm": {"dvar2": 0, "var": 0, "min": 152, "dmean": 0, "mean": 152, "max": 152, "dmean2": 0, "median": 152, "dvar": 0}, "onset_rate": 3.4018304348}, "lowlevel": {"spectral_energyband_high": {"dvar2": 5.02629902144e-08, "var": 4.82985669237e-08, "min": 7.05765281253e-21, "dmean": 5.01233516843e-05, "mean": 0.000102271362266, "max": 0.00458752829581, "dmean2": 7.61670817155e-05, "median": 4.17895316787e-05, "dvar": 2.21535856326e-08}, "spectral_energyband_middle_low": {"dvar2": 2.54629267147e-05, "var": 8.98175567272e-05, "min": 1.49635806559e-22, "dmean": 0.00219403859228, "mean": 0.00716495607048, "max": 0.0801601111889, "dmean2": 0.0032225928735, "median": 0.00351657159626, "dvar": 1.23094287119e-05}, "spectral_energy": {"dvar2": 5.25071809534e-05, "var": 0.000209470148548, "min": 1.01725863938e-20, "dmean": 0.00367511785589, "mean": 0.0139799760655, "max": 0.110607244074, "dmean2": 0.00520901801065, "median": 0.00849931780249, "dvar": 2.82440887531e-05}, "spectral_spread": {"dvar2": 717553074176, "var": 27175931609100.0, "min": 1364514.25, "dmean": 304993.03125, "mean": 3558844.5, "max": 42950164, "dmean2": 480297.9375, "median": 2692614, "dvar": 364563300352}, "spectral_energyband_low": {"dvar2": 1.43619554365e-05, "var": 7.53426502342e-06, "min": 1.41302295733e-23, "dmean": 0.00116010010242, "mean": 0.00258603994735, "max": 0.0704319626093, "dmean2": 0.00183012173511, "median": 0.00204520719126, "dvar": 5.87283693676e-06}, "spectral_rolloff": {"dvar2": 588414.375, "var": 6570786.5, "min": 86.1328125, "dmean": 321.585113525, "mean": 1700.34106445, "max": 19595.2148438, "dmean2": 534.765014648, "median": 1098.19335938, "dvar": 279673.375}, "barkbands": {"dvar2": [1.18620904765e-10, 5.95072197029e-06, 3.5593220673e-06, 5.17312741977e-07, 1.14355407277e-06, 1.95958932636e-06, 1.08180029201e-05, 1.06065963337e-05, 6.01179590376e-06, 3.77062065127e-06, 4.99328825754e-06, 3.69030249203e-06, 1.45344154134e-06, 7.89977832483e-07, 1.27840007735e-06, 9.60665829552e-07, 1.23555776099e-06, 4.86292151436e-07, 4.82199652652e-07, 1.93172642327e-08, 2.45938984733e-08, 6.72638522659e-09, 5.80383563431e-09, 3.46529971385e-10, 7.03179667272e-11, 3.24367139051e-12, 5.95931681755e-15], "var": [7.05794173106e-11, 2.24254108616e-06, 3.27948509948e-06, 4.07317742201e-07, 2.30953810387e-06, 3.82455573344e-06, 1.41741393236e-05, 2.49793847615e-05, 1.74665692612e-05, 5.80317282584e-06, 4.38392498836e-06, 5.01157001054e-06, 1.08083634132e-06, 6.215408348e-07, 1.50226981077e-06, 1.62759374689e-06, 1.88307330973e-06, 5.70090037399e-07, 5.29252133674e-07, 2.55991317033e-08, 1.58142405837e-08, 4.642425111e-09, 4.63007721052e-09, 2.27803303998e-10, 4.3066612776e-11, 8.16053767529e-13, 1.95460835864e-15], "min": [2.10501344931e-25, 2.96287951848e-24, 2.05963890959e-24, 8.43368925797e-25, 2.40942969573e-24, 6.97894593227e-24, 7.2980488459e-24, 4.42464469231e-24, 1.15858849413e-23, 1.39634911992e-23, 1.44318694731e-23, 2.24851784828e-23, 1.90678898394e-23, 3.42424229454e-23, 4.81286751957e-23, 5.51602594496e-23, 6.09596492804e-23, 8.53183613691e-23, 1.24629584817e-22, 1.32625062434e-22, 1.84472699305e-22, 3.2687932142e-22, 3.49020438219e-22, 5.29090750937e-22, 7.2976590855e-22, 1.18154369645e-21, 1.85492485672e-21], "dmean": [2.42016062657e-06, 0.000710131367669, 0.000551634642761, 0.000260030996287, 0.00036584289046, 0.000381415506126, 0.000907687935978, 0.000769923557527, 0.000644338317215, 0.000455424480606, 0.000327464367729, 0.000376106851036, 0.000254166516243, 0.000142990553286, 0.000204895099159, 0.000186939068954, 0.000230979465414, 0.000162535507116, 0.000118904245028, 3.98451302317e-05, 2.19744542846e-05, 1.48983017425e-05, 9.92805962596e-06, 2.58236264017e-06, 7.17020498087e-07, 2.17775010469e-07, 1.05663096051e-08], "mean": [3.46205752066e-06, 0.00125613703858, 0.00108093710151, 0.000448903883807, 0.000834435515571, 0.00085958908312, 0.00177884369623, 0.00159568770323, 0.00148887082469, 0.000860097876284, 0.000518916931469, 0.000696085335221, 0.00037297946983, 0.000208862460568, 0.000365542393411, 0.000405378843425, 0.000468768936116, 0.000342133134836, 0.000227131255087, 8.63805980771e-05, 3.6819568777e-05, 2.35259140027e-05, 1.57013710123e-05, 3.67438519788e-06, 9.18769103464e-07, 2.05038915624e-07, 1.97001455149e-08], "max": [0.000270082498901, 0.031170707196, 0.0389957129955, 0.00825296528637, 0.036128513515, 0.0266250390559, 0.0418838225305, 0.0514096207917, 0.0523327738047, 0.0655506104231, 0.0382046513259, 0.0299797281623, 0.0207857023925, 0.0153340622783, 0.0195875279605, 0.0192999318242, 0.0193394552916, 0.0159480609, 0.0262440461665, 0.00241520488635, 0.00392158515751, 0.00145730003715, 0.00263088243082, 0.000499354850035, 0.000382189726224, 2.47609696089e-05, 1.93132268578e-06], "dmean2": [4.15710110246e-06, 0.00119969353545, 0.000824127404485, 0.000429531210102, 0.000547753239516, 0.000575021666009, 0.00141383439768, 0.00118387991097, 0.00093865103554, 0.000666878477205, 0.000505201518536, 0.00056963658426, 0.00038817586028, 0.000223073016969, 0.000303690321743, 0.000280361331534, 0.000359752593795, 0.000249544595135, 0.000181771436473, 6.26610926702e-05, 3.42578969139e-05, 2.31447829719e-05, 1.58689035743e-05, 4.03279864258e-06, 1.1355443803e-06, 3.78919111199e-07, 1.73510663615e-08], "median": [3.24597039025e-07, 0.000939181714784, 0.000389928783989, 0.000203302814043, 0.000274478748906, 0.00027579854941, 0.000471167848445, 0.000195679080207, 0.000205078933504, 0.000253153790254, 5.36009210919e-05, 0.000106458064693, 9.54823917709e-05, 3.8984551793e-05, 5.72655553697e-05, 5.6275355746e-05, 7.50045728637e-05, 9.78314201348e-05, 6.45885811537e-05, 2.97917649732e-05, 1.35571281135e-05, 7.57415637054e-06, 3.41822487826e-06, 6.97038615272e-07, 2.06099912248e-07, 4.81823896337e-08, 1.16954783635e-08], "dvar": [4.67243604918e-11, 2.30740124607e-06, 1.58085208568e-06, 1.94963334366e-07, 6.08876518982e-07, 9.58969280873e-07, 4.5171614147e-06, 4.79124946651e-06, 3.29366253027e-06, 2.05862079383e-06, 2.154571348e-06, 1.62630919931e-06, 6.43500698061e-07, 3.56081500286e-07, 5.92927051457e-07, 4.74197463518e-07, 4.87773604618e-07, 2.08945635904e-07, 2.52446511695e-07, 8.23733170563e-09, 1.01821404641e-08, 2.96407409728e-09, 2.56421928135e-09, 1.60031848884e-10, 3.16401557732e-11, 1.17759491394e-12, 2.28263097307e-15]}, "melbands_skewness": {"dvar2": 0.72765815258, "var": 1.58410227299, "min": -1.09447205067, "dmean": 0.489755541086, "mean": 1.75462603569, "max": 11.0732364655, "dmean2": 0.755864500999, "median": 1.60067248344, "dvar": 0.310386896133}, "barkbands_skewness": {"dvar2": 0.403176754713, "var": 1.08899104595, "min": -2.16325712204, "dmean": 0.392226904631, "mean": 0.965655267239, "max": 7.66881132126, "dmean2": 0.600534677505, "median": 0.928065180779, "dvar": 0.177508234978}, "erbbands": {"dvar2": [0.00145966908894, 0.435875415802, 4.99135255814, 3.31249475479, 4.56287813187, 25.5607528687, 120.373680115, 151.149780273, 2223.08789063, 1688.91516113, 5956.25585938, 3041.80493164, 2492.30712891, 2907.62573242, 9377.18359375, 4877.71923828, 2408.23022461, 1766.86132813, 1969.74084473, 3006.75463867, 2395.54125977, 3169.58764648, 2145.75830078, 395.959014893, 1843.99401855, 37.2494544983, 80.2735824585, 9.92128372192, 4.27271461487, 6.73389482498, 6.42229127884, 0.294156253338, 0.151846274734, 0.0195190999657, 0.000262705085333, 0.000109112268547, 7.74409909354e-06, 9.59739736572e-08, 1.65188862589e-10, 7.43822711757e-11], "var": [0.000625469896477, 0.164927944541, 3.69008803368, 2.38187670708, 4.93374109268, 38.6913719177, 205.099868774, 233.676574707, 3697.74560547, 2006.3861084, 16454.6171875, 7469.54052734, 4196.77636719, 4277.9921875, 9544.62109375, 6158.22314453, 2151.97290039, 1576.50598145, 1451.4732666, 5985.2421875, 3647.83422852, 5674.02685547, 2824.60058594, 426.928283691, 2068.9831543, 54.6220779419, 49.4030036926, 5.69577693939, 2.94284200668, 5.91971635818, 3.67874979973, 0.195156872272, 0.0933067277074, 0.0129631897435, 0.000100918194221, 2.7677280741e-05, 2.0254235551e-06, 2.38260486896e-08, 1.50502499352e-10, 3.00804325892e-10], "min": [9.55643392416e-23, 4.78053040712e-22, 2.43247948563e-21, 6.68207525203e-21, 9.99330792075e-21, 1.02034319912e-20, 4.65981276713e-20, 5.99788339045e-20, 7.09807496417e-20, 1.59695915574e-19, 2.28259947197e-19, 3.36156404021e-19, 4.1936198485e-19, 5.52441722779e-19, 7.27961383752e-19, 1.20310907535e-18, 1.46893959182e-18, 1.42902502533e-18, 2.0945571754e-18, 1.89321210852e-18, 3.48499505234e-18, 3.70307088108e-18, 4.30167171188e-18, 6.11488222028e-18, 6.4164218136e-18, 7.25017024022e-18, 6.85561790933e-18, 8.23528858303e-18, 1.0946631121e-17, 9.73568419918e-18, 1.06331180883e-17, 1.0177631084e-17, 1.02540683629e-17, 7.87731707396e-18, 5.16811527939e-18, 3.95574726125e-18, 2.30486495101e-18, 1.02484720725e-18, 2.24637438951e-19, 2.91859919329e-20], "dmean": [0.0118793658912, 0.190501928329, 0.61220484972, 0.676568865776, 0.772920608521, 1.37220966816, 2.91194796562, 3.13012170792, 12.9886322021, 10.8419313431, 17.8169841766, 13.8381195068, 10.2846717834, 13.9555130005, 15.3601350784, 12.9574642181, 10.9310750961, 7.11816263199, 7.78489542007, 10.5046329498, 9.99914073944, 11.7313613892, 10.3753976822, 5.06212663651, 5.9867606163, 1.86152100563, 1.12685918808, 0.619814097881, 0.462505161762, 0.374849081039, 0.293896466494, 0.0815981328487, 0.0350306779146, 0.0118704577908, 0.00239301426336, 0.00125159602612, 0.000347444060026, 3.60555713996e-05, 3.52248525815e-06, 4.36826940131e-06], "mean": [0.0190789010376, 0.350495517254, 1.25492918491, 1.36995220184, 1.50554478168, 2.99818468094, 6.57287406921, 7.22100925446, 26.7650680542, 21.3245296478, 41.5050430298, 31.6821975708, 22.7041473389, 26.4167461395, 28.8447380066, 25.1977729797, 17.6618175507, 11.3051843643, 13.6808843613, 23.2896595001, 21.7619667053, 25.9915084839, 23.5397148132, 11.1691579819, 11.5972766876, 4.24505519867, 2.00788331032, 0.99647295475, 0.760804533958, 0.620599806309, 0.443788915873, 0.125958174467, 0.0482989735901, 0.0152235804126, 0.00317624863237, 0.00126251333859, 0.000322635576595, 4.31457374361e-05, 1.12498073577e-05, 1.67993330251e-05], "max": [0.310758441687, 9.46214008331, 48.1511192322, 17.7997913361, 25.6316299438, 172.200042725, 281.699401855, 246.576705933, 619.172729492, 754.737060547, 1376.75976563, 1114.65942383, 1510.82458496, 1306.84033203, 1925.74023438, 1399.76660156, 728.449645996, 899.421936035, 963.217468262, 1234.62536621, 834.422546387, 1140.32836914, 1095.97338867, 316.200500488, 1798.07702637, 92.3590011597, 229.301986694, 55.4906959534, 37.3393211365, 61.5173606873, 76.8349990845, 11.5559492111, 14.1781587601, 6.53106117249, 0.412453263998, 0.149596512318, 0.0310556851327, 0.00617606192827, 0.00038131972542, 0.000130729298689], "dmean2": [0.0201094076037, 0.318663567305, 0.926526129246, 1.07687008381, 1.26578640938, 2.057741642, 4.38974666595, 4.58671712875, 19.9819221497, 17.08344841, 26.8773860931, 20.1133537292, 14.6113376617, 20.4736175537, 23.7031497955, 19.1089019775, 16.4025707245, 10.874917984, 11.9787340164, 15.2101726532, 14.7128295898, 18.1812934875, 15.6717243195, 7.79635715485, 8.95009994507, 2.89049911499, 1.72772789001, 0.966891288757, 0.715422093868, 0.58606082201, 0.479233920574, 0.127532973886, 0.0542575791478, 0.0186771079898, 0.0038853068836, 0.00215122313239, 0.000609643408097, 6.20842183707e-05, 5.28621194462e-06, 6.17297882854e-06], "median": [0.0118206683546, 0.270621657372, 0.643024802208, 0.878264784813, 0.740054666996, 0.860753655434, 1.68634700775, 2.84896039963, 6.94520235062, 6.46600246429, 5.58933067322, 4.95280075073, 5.78540611267, 7.92382287979, 5.17359781265, 4.77331638336, 5.06289291382, 2.49849510193, 2.59565782547, 3.44982552528, 3.70238876343, 4.65700531006, 6.28201580048, 3.98331260681, 2.94992208481, 1.59320831299, 0.759135901928, 0.392496287823, 0.28785893321, 0.159476041794, 0.0856042206287, 0.0253546126187, 0.00817461963743, 0.00310098310001, 0.00113952020183, 0.000325753702782, 8.12627258711e-05, 1.75933455466e-05, 7.27089172869e-06, 1.01912964965e-05], "dvar": [0.000564806512557, 0.169206261635, 2.12164354324, 1.26627516747, 1.86534821987, 13.0353555679, 55.2969055176, 73.4780807495, 958.343933105, 724.467163086, 2748.35327148, 1569.97753906, 1363.94580078, 1460.87231445, 3894.21289063, 2207.8840332, 1127.23181152, 862.012023926, 795.719726563, 1591.28405762, 1181.69714355, 1292.39746094, 891.101928711, 179.675949097, 992.22277832, 16.7930049896, 33.5427932739, 4.03085708618, 1.85989654064, 3.11780667305, 2.6097240448, 0.123532131314, 0.0725256949663, 0.00902284588665, 0.000105494342279, 3.94081362174e-05, 2.86934891847e-06, 3.46596920053e-08, 7.63445834329e-11, 4.03444430641e-11]}, "silence_rate_30dB": {"dvar2": 0.00178052426782, "var": 0.000296816811897, "min": 0, "dmean": 0.000593912380282, "mean": 0.999703109264, "max": 1, "dmean2": 0.00118800124619, "median": 1, "dvar": 0.000593543169089}, "melbands_spread": {"dvar2": 120.711471558, "var": 460.653320313, "min": 1.24291026592, "dmean": 5.8997426033, "mean": 26.1542892456, "max": 159.776657104, "dmean2": 9.04671764374, "median": 20.4065685272, "dvar": 54.548210144}, "melbands_crest": {"dvar2": 16.8347606659, "var": 27.7399120331, "min": 1.54874610901, "dmean": 2.80667829514, "mean": 13.3749580383, "max": 33.875328064, "dmean2": 4.46346855164, "median": 12.5357933044, "dvar": 7.00593805313}, "zerocrossingrate": {"dvar2": 0.000107200808998, "var": 0.00436375616118, "min": 0.00439453125, "dmean": 0.00648402702063, "mean": 0.0568282976747, "max": 0.52783203125, "dmean2": 0.00797840207815, "median": 0.04443359375, "dvar": 7.16922513675e-05}, "barkbands_kurtosis": {"dvar2": 16.9652385712, "var": 33.1339530945, "min": -1.8494874239, "dmean": 1.4709893465, "mean": 2.05241203308, "max": 90.6223526001, "dmean2": 2.33704614639, "median": 0.812128901482, "dvar": 7.09644126892}, "spectral_flux": {"dvar2": 0.000832105753943, "var": 0.00118285685312, "min": 6.20102719173e-11, "dmean": 0.0163603015244, "mean": 0.0507719703019, "max": 0.315534830093, "dmean2": 0.0256435144693, "median": 0.0415782034397, "dvar": 0.000364855863154}, "barkbands_crest": {"dvar2": 11.2683362961, "var": 14.5795202255, "min": 3.1818344593, "dmean": 2.3127014637, "mean": 9.98516178131, "max": 25.3625335693, "dmean2": 3.70636153221, "median": 9.21078491211, "dvar": 4.56624412537}, "barkbands_flatness_db": {"dvar2": 0.000706786755472, "var": 0.00159617094323, "min": 0.0198765639216, "dmean": 0.0175448507071, "mean": 0.176105111837, "max": 0.334791988134, "dmean2": 0.0271169543266, "median": 0.176459163427, "dvar": 0.000300905696349}, "spectral_entropy": {"dvar2": 0.0623044334352, "var": 0.242843970656, "min": 5.59889554977, "dmean": 0.155783087015, "mean": 7.12881946564, "max": 9.82528686523, "dmean2": 0.233368515968, "median": 7.06815052032, "dvar": 0.027294088155}, "pitch_salience": {"dvar2": 0.00701728044078, "var": 0.0105269746855, "min": 0.155517145991, "dmean": 0.0571136549115, "mean": 0.511919379234, "max": 0.937920451164, "dmean2": 0.0924034714699, "median": 0.507785260677, "dvar": 0.0027293858584}, "erbbands_spread": {"dvar2": 61.6954689026, "var": 166.086425781, "min": 4.40883493423, "dmean": 5.12158155441, "mean": 29.0957546234, "max": 126.310897827, "dmean2": 7.72246551514, "median": 28.4817771912, "dvar": 27.131521225}, "dynamic_complexity": 4.3729057312, "spectral_contrast_valleys": {"dvar2": [0.292538881302, 0.232035666704, 0.20010279119, 0.177539154887, 0.210430309176, 0.333911061287], "var": [7.61792039871, 8.32818508148, 7.79267930984, 7.20039224625, 7.24061822891, 4.77592086792], "min": [-28.3470668793, -28.3430862427, -27.8494186401, -27.5781993866, -27.4825153351, -27.4104061127], "dmean": [0.384822994471, 0.350596517324, 0.310953497887, 0.29710957408, 0.291096836329, 0.330164283514], "mean": [-8.30529308319, -7.47126102448, -8.22557735443, -8.90886688232, -8.86278057098, -12.3944654465], "max": [-6.02951717377, -5.02372121811, -5.18783378601, -6.43719863892, -6.18509578705, -9.17570495605], "dmean2": [0.632081508636, 0.569642305374, 0.505543529987, 0.45971518755, 0.434078633785, 0.491694808006], "median": [-7.89280939102, -7.02655744553, -7.84039258957, -8.52537155151, -8.49130439758, -12.2187356949], "dvar": [0.136466264725, 0.106783188879, 0.0946099534631, 0.0879561901093, 0.104933023453, 0.156711474061]}, "hfc": {"dvar2": 61.2540473938, "var": 208.194595337, "min": 1.08395600354e-16, "dmean": 3.24560666084, "mean": 11.636920929, "max": 113.69442749, "dmean2": 4.57074642181, "median": 5.54040670395, "dvar": 32.4982643127}, "spectral_kurtosis": {"dvar2": 26.9568443298, "var": 15.8012533188, "min": -1.26767110825, "dmean": 3.15802598, "mean": 6.17454099655, "max": 31.1234436035, "dmean2": 5.55708456039, "median": 5.36295080185, "dvar": 8.84366035461}, "mfcc": {"mean": [-717.034423828, 157.429321289, -31.7188892365, 36.3677177429, -9.75680351257, -0.78435343504, -3.6122136116, 14.2445583344, -4.01054906845, 3.34273219109, 2.56629443169, 3.62796807289, 5.27591180801], "cov": [[8056.48974609, 1323.97509766, -951.587280273, 319.06628418, -347.236450195, -229.368362427, -447.908203125, 292.629699707, -149.528457642, 269.868591309, -42.2708396912, -9.95367240906, 7.07262277603], [1323.97509766, 1448.2454834, -194.715103149, 79.0557556152, -96.0996398926, -57.0134468079, 67.8923339844, 73.9223861694, -50.0065994263, -43.4493637085, 8.60035800934, -4.95966768265, 0.517006635666], [-951.587280273, -194.715103149, 462.72354126, -15.2916469574, 34.3708343506, 97.18334198, 107.417625427, -16.2785663605, 43.1570892334, -35.6906967163, 0.4219789505, -11.3212842941, -2.75914263725], [319.06628418, 79.0557556152, -15.2916469574, 298.667144775, 99.5933685303, -13.4596281052, -63.6099624634, 6.52008676529, 11.242641449, -20.6680984497, -17.6332626343, -8.72219753265, 32.4160270691], [-347.236450195, -96.0996398926, 34.3708343506, 99.5933685303, 244.895507813, 57.499420166, -46.4425010681, -29.4991607666, 13.4762086868, 7.21086263657, -3.93846964836, -16.033613205, -2.91432380676], [-229.368362427, -57.0134468079, 97.18334198, -13.4596281052, 57.499420166, 200.297012329, 88.6726913452, -43.5819778442, 35.2152366638, -6.23417139053, 34.9067268372, -1.1267888546, -10.1510972977], [-447.908203125, 67.8923339844, 107.417625427, -63.6099624634, -46.4425010681, 88.6726913452, 267.725372314, -0.419649273157, 14.6154518127, -36.6651878357, 36.7783889771, 32.0584068298, -1.39363121986], [292.629699707, 73.9223861694, -16.2785663605, 6.52008676529, -29.4991607666, -43.5819778442, -0.419649273157, 185.487182617, -11.4917697906, 5.0101108551, -20.6214179993, -15.3933591843, 8.7223072052], [-149.528457642, -50.0065994263, 43.1570892334, 11.242641449, 13.4762086868, 35.2152366638, 14.6154518127, -11.4917697906, 157.142684937, 34.8831481934, -0.967090249062, -11.9086952209, 0.963937222958], [269.868591309, -43.4493637085, -35.6906967163, -20.6680984497, 7.21086263657, -6.23417139053, -36.6651878357, 5.0101108551, 34.8831481934, 153.61416626, 11.0735387802, -18.7758464813, -16.4163761139], [-42.2708396912, 8.60035800934, 0.4219789505, -17.6332626343, -3.93846964836, 34.9067268372, 36.7783889771, -20.6214179993, -0.967090249062, 11.0735387802, 99.639289856, 29.9883651733, -4.52012062073], [-9.95367240906, -4.95966768265, -11.3212842941, -8.72219753265, -16.033613205, -1.1267888546, 32.0584068298, -15.3933591843, -11.9086952209, -18.7758464813, 29.9883651733, 108.157165527, 23.487443924], [7.07262277603, 0.517006635666, -2.75914263725, 32.4160270691, -2.91432380676, -10.1510972977, -1.39363121986, 8.7223072052, 0.963937222958, -16.4163761139, -4.52012062073, 23.487443924, 94.2095489502]], "icov": [[0.000284272507997, -0.000181691983016, 0.000362318678526, -0.000404050661018, 0.00058964145137, -0.000442397868028, 0.00045018948731, -0.000317057507345, 0.000227148077101, -0.000523655093275, 0.000133822541102, -0.00019682868151, 9.77996824076e-05], [-0.000181691983016, 0.000948458677158, 0.000166385158082, -0.000134280693601, -7.25421778043e-05, 0.000372080481611, -0.000720541342162, -9.53150629357e-06, -8.34850743558e-06, 0.000526442658156, -0.000220311310841, 0.000373827817384, 7.56337612984e-05], [0.000362318678526, 0.000166385158082, 0.00330242607743, -0.000556904473342, 0.000531121855602, -0.0012672614539, -0.000474208180094, -0.000482476461912, -0.000195040178369, -1.19469077617e-05, 0.00048375534243, 0.000293766934192, 0.000127649618662], [-0.000404050661018, -0.000134280693601, -0.000556904473342, 0.00511852372438, -0.00279447971843, 0.00104649737477, 0.000186999241123, 0.000260241038632, -0.000935416202992, 0.0015468574129, -0.000126474566059, 0.000432277913205, -0.00157617975492], [0.00058964145137, -7.25421778043e-05, 0.000531121855602, -0.00279447971843, 0.00702433241531, -0.00301180966198, 0.00206338474527, -0.00024862162536, 0.00075227371417, -0.00142234587111, 0.000544186681509, -0.000224156101467, 0.000705984246451], [-0.000442397868028, 0.000372080481611, -0.0012672614539, 0.00104649737477, -0.00301180966198, 0.0085363201797, -0.00305693014525, 0.00166963099036, -0.00142946070991, 0.00108359695878, -0.00220506265759, 0.00135171459988, 2.14441242861e-05], [0.00045018948731, -0.000720541342162, -0.000474208180094, 0.000186999241123, 0.00206338474527, -0.00305693014525, 0.00660684332252, -0.00108692899812, -4.70682170999e-05, 0.00019457784947, -0.000725586956833, -0.0016886270605, 0.000245303788688], [-0.000317057507345, -9.53150629357e-06, -0.000482476461912, 0.000260241038632, -0.00024862162536, 0.00166963099036, -0.00108692899812, 0.00640359660611, 0.000105316838017, 7.81686103437e-05, 0.00065334449755, 0.00116467941552, -0.000763034680858], [0.000227148077101, -8.34850743558e-06, -0.000195040178369, -0.000935416202992, 0.00075227371417, -0.00142946070991, -4.70682170999e-05, 0.000105316838017, 0.00754120573401, -0.00244611315429, 0.000726748665329, 0.000340295722708, -0.000395432929508], [-0.000523655093275, 0.000526442658156, -1.19469077617e-05, 0.0015468574129, -0.00142234587111, 0.00108359695878, 0.00019457784947, 7.81686103437e-05, -0.00244611315429, 0.00888993963599, -0.00192170077935, 0.00151309464127, 0.000676925294101], [0.000133822541102, -0.000220311310841, 0.00048375534243, -0.000126474566059, 0.000544186681509, -0.00220506265759, -0.000725586956833, 0.00065334449755, 0.000726748665329, -0.00192170077935, 0.012610822916, -0.00353752286173, 0.000901566178072], [-0.00019682868151, 0.000373827817384, 0.000293766934192, 0.000432277913205, -0.000224156101467, 0.00135171459988, -0.0016886270605, 0.00116467941552, 0.000340295722708, 0.00151309464127, -0.00353752286173, 0.0118889687583, -0.00299510266632], [9.77996824076e-05, 7.56337612984e-05, 0.000127649618662, -0.00157617975492, 0.000705984246451, 2.14441242861e-05, 0.000245303788688, -0.000763034680858, -0.000395432929508, 0.000676925294101, 0.000901566178072, -0.00299510266632, 0.0121633494273]]}, "silence_rate_20dB": {"dvar2": 0, "var": 0, "min": 1, "dmean": 0, "mean": 1, "max": 1, "dmean2": 0, "median": 1, "dvar": 0}, "melbands_kurtosis": {"dvar2": 91.0467224121, "var": 158.776763916, "min": -1.87560904026, "dmean": 3.11067557335, "mean": 6.3103055954, "max": 231.219406128, "dmean2": 4.96709394455, "median": 3.38325500488, "dvar": 35.744468689}, "barkbands_spread": {"dvar2": 43.8415222168, "var": 110.359970093, "min": 1.47549378872, "dmean": 3.99385690689, "mean": 19.2352924347, "max": 102.928123474, "dmean2": 6.06392621994, "median": 16.9663066864, "dvar": 19.5728702545}, "erbbands_skewness": {"dvar2": 0.235682830215, "var": 0.639412045479, "min": -4.1778216362, "dmean": 0.349192857742, "mean": 0.193652540445, "max": 4.87983894348, "dmean2": 0.527314901352, "median": 0.267335295677, "dvar": 0.10823456198}, "average_loudness": 0.321001708508, "spectral_centroid": {"dvar2": 162601.46875, "var": 2045728.875, "min": 210.011062622, "dmean": 209.992385864, "mean": 1495.46813965, "max": 11853.7128906, "dmean2": 319.974914551, "median": 1208.21069336, "dvar": 74400.9765625}, "dissonance": {"dvar2": 0.00128384318668, "var": 0.00107625790406, "min": 0.243441611528, "dmean": 0.0229423101991, "mean": 0.448981016874, "max": 0.499946922064, "dmean2": 0.0385042950511, "median": 0.454682350159, "dvar": 0.000473002204672}, "erbbands_flatness_db": {"dvar2": 0.00061174412258, "var": 0.00210040505044, "min": 0.0391006618738, "dmean": 0.0166448708624, "mean": 0.215644940734, "max": 0.346965163946, "dmean2": 0.0245539136231, "median": 0.212696030736, "dvar": 0.000284425448626}, "spectral_strongpeak": {"dvar2": 2.70910930634, "var": 2.86773920059, "min": 0, "dmean": 0.564409792423, "mean": 1.16090011597, "max": 21.0519351959, "dmean2": 0.938160955906, "median": 0.434833943844, "dvar": 1.15262889862}, "spectral_rms": {"dvar2": 5.48491016161e-07, "var": 2.86028989649e-06, "min": 3.15031334353e-12, "dmean": 0.000471409177408, "mean": 0.00328309740871, "max": 0.0103879505768, "dmean2": 0.000657638942357, "median": 0.00287958630361, "dvar": 3.0515118965e-07}, "silence_rate_60dB": {"dvar2": 0.102222070098, "var": 0.100561447442, "min": 0, "dmean": 0.0454342998564, "mean": 0.113420426846, "max": 1, "dmean2": 0.0908820927143, "median": 0, "dvar": 0.0433701761067}, "melbands": {"dvar2": [2.75539179029e-07, 1.05560548036e-06, 9.12377871032e-08, 4.74341135259e-08, 1.03745151137e-07, 7.459352247e-08, 5.10845836743e-07, 2.25430298428e-07, 3.55322697487e-07, 1.13416867009e-07, 7.04143090502e-08, 5.76257441764e-08, 1.00651917023e-07, 6.25852933922e-08, 2.99916642632e-08, 6.14258954812e-09, 7.48723394395e-09, 5.27957855212e-09, 9.14140585451e-09, 5.21380316698e-09, 4.03783184666e-09, 3.1752720453e-09, 4.37152980481e-09, 1.27610422229e-09, 2.86887125167e-10, 1.45789003092e-09, 1.54540005792e-10, 1.05985350704e-11, 8.27487592336e-11, 8.31094958478e-13, 8.14150569878e-12, 2.21879068937e-12, 2.33032581946e-12, 2.25795402341e-12, 3.90132978006e-12, 3.60856418531e-13, 5.81994101891e-14, 1.63645599892e-13, 2.82026125001e-14, 7.28369221761e-15], "var": [1.07334159338e-07, 5.96270240294e-07, 6.97696478369e-08, 7.60720197945e-08, 1.98691537889e-07, 1.27358831037e-07, 7.70098154135e-07, 3.25323640027e-07, 9.80784193416e-07, 2.59076529119e-07, 1.14341524693e-07, 8.53491002317e-08, 9.77146470404e-08, 8.75670664868e-08, 2.74957070445e-08, 5.32482591353e-09, 6.46117870318e-09, 3.79677311813e-09, 1.10782005791e-08, 9.22188991836e-09, 5.5051687653e-09, 5.46249578903e-09, 4.83324980038e-09, 1.89273552387e-09, 2.3054944065e-10, 1.63244218143e-09, 1.68874081385e-10, 1.54858625923e-11, 4.94624584346e-11, 5.2329500325e-13, 4.06562327207e-12, 1.22139050176e-12, 1.70114638522e-12, 2.1221941305e-12, 2.04978590525e-12, 2.04051443168e-13, 3.77649707296e-14, 8.40639135993e-14, 1.91111351326e-14, 4.35176432718e-15], "min": [1.27264464649e-24, 8.84067739011e-25, 1.52804191443e-24, 6.25572318474e-25, 1.44766349629e-24, 1.63921943446e-24, 1.16828032088e-24, 1.2627596277e-24, 1.85724875575e-24, 1.87728325894e-24, 1.96598613179e-24, 1.89945754735e-24, 2.24186518705e-24, 2.41419757104e-24, 2.22730932285e-24, 2.01542581965e-24, 2.45298428403e-24, 2.42934547536e-24, 3.15297586676e-24, 1.75640984953e-24, 3.60299083926e-24, 2.83195838771e-24, 3.7872620414e-24, 3.14246291469e-24, 4.12369899013e-24, 4.19658145473e-24, 3.57690123697e-24, 4.6533985776e-24, 3.24402579801e-24, 4.23457141821e-24, 4.92575122741e-24, 5.39732714895e-24, 4.26402945656e-24, 4.64430182807e-24, 4.94385519075e-24, 6.03618930849e-24, 5.16219453438e-24, 5.41896639245e-24, 6.56704576048e-24, 6.16676945413e-24], "dmean": [0.000158937386004, 0.000286144058919, 0.000119057527627, 6.88735381118e-05, 9.30000678636e-05, 7.29618332116e-05, 0.000194676365936, 0.000127389910631, 0.000148808117956, 8.11483914731e-05, 5.48752141185e-05, 6.11339273746e-05, 4.84349184262e-05, 4.64197219117e-05, 3.34899086738e-05, 1.72079344338e-05, 1.3992708773e-05, 1.24123180285e-05, 1.5529405573e-05, 1.27109697132e-05, 1.22951460071e-05, 1.12522702693e-05, 1.43530724017e-05, 8.10196070233e-06, 3.86470628655e-06, 5.4894958339e-06, 2.69060456048e-06, 9.5985558346e-07, 9.94372612695e-07, 2.79034168216e-07, 4.45937217819e-07, 3.01996692542e-07, 2.3848389219e-07, 2.03450667868e-07, 2.09927804917e-07, 8.41452987288e-08, 3.72412394256e-08, 3.05388354604e-08, 1.50084549233e-08, 7.6092909751e-09], "mean": [0.000269265758106, 0.000605415902101, 0.000245138216997, 0.00015375748626, 0.00021742208628, 0.000164947487065, 0.000394488277379, 0.000251348858001, 0.000349667359842, 0.000182189702173, 0.000115911505418, 0.000112096116936, 8.5048530309e-05, 8.88730282895e-05, 5.33464153705e-05, 2.61713303189e-05, 2.05603591894e-05, 1.98117504624e-05, 2.85285932478e-05, 2.90987627523e-05, 2.40342105826e-05, 2.3650320145e-05, 2.80706681224e-05, 1.74509568751e-05, 7.49090668251e-06, 9.88801184576e-06, 5.42242833035e-06, 2.05063042813e-06, 1.62138826454e-06, 4.6047438218e-07, 6.31031923604e-07, 4.54161551033e-07, 3.8073056885e-07, 3.22168148159e-07, 2.98746698491e-07, 1.26987870885e-07, 5.30460440018e-08, 3.8975223049e-08, 1.90034423753e-08, 9.28371246545e-09], "max": [0.00558166066185, 0.0210300944746, 0.00317342812195, 0.00531786959618, 0.00854181405157, 0.00583291286603, 0.00942599959671, 0.00797966588289, 0.0101776914671, 0.00755267823115, 0.0083431918174, 0.00570540502667, 0.00552175147459, 0.00413097022101, 0.00411477033049, 0.00125597405713, 0.00182577967644, 0.00153334171046, 0.00179634569213, 0.00183660571929, 0.0011056404328, 0.00135738961399, 0.000922261213418, 0.000879297440406, 0.000279746716842, 0.00152049586177, 0.000422691227868, 4.09144449804e-05, 0.000234609324252, 1.4200152691e-05, 5.1042465202e-05, 2.24274826905e-05, 3.67669017578e-05, 4.27297018177e-05, 6.21134167886e-05, 1.61433672474e-05, 4.84626207253e-06, 1.4054593521e-05, 7.61827641327e-06, 3.87024647353e-06], "dmean2": [0.000268710951786, 0.000442564109107, 0.000189832266187, 0.00010503789963, 0.00013991947344, 0.000107067193312, 0.000300318060908, 0.000200383365154, 0.000225090465392, 0.000117982723168, 7.85934316809e-05, 8.98485232028e-05, 7.45429133531e-05, 7.1101829235e-05, 4.97062501381e-05, 2.62758348981e-05, 2.15316849