{"metadata": {"tags": {"label": ["Rhino"], "releasecountry": ["GB"], "musicbrainz_releasetrackid": ["7291ae78-e295-395c-a3ee-cbbee36ed7ad"], "releasestatus": ["official"], "releasetype": ["album", "compilation"], "musicbrainz_albumartistid": ["9a883a69-436b-4d17-9ffd-122a9bf4419a"], "album": ["The Platinum Collection"], "script": ["Latn"], "albumartistsort": ["En Vogue"], "acoustid_id": ["8118d330-e8ba-41f8-b255-0b12b6aab373"], "musicbrainz_artistid": ["9a883a69-436b-4d17-9ffd-122a9bf4419a"], "musicbrainz_releasegroupid": ["7d81ac8d-445d-4d96-ac0b-de9b6987c016"], "musicbrainz_recordingid": ["0795aadb-7ae6-4bb9-bade-172f1e09ccd1"], "albumartist": ["En Vogue"], "originaldate": ["2007"], "totaltracks": ["16"], "artist": ["En Vogue"], "musicbrainz_albumid": ["151743e5-1f5d-4a2a-b490-937160eaa8c1"], "artistsort": ["En Vogue"], "title": ["My Lovin' (You Never Gonna Get It)"], "tracknumber": ["4"], "tracktotal": ["16"], "date": ["2007-10-22"], "media": ["CD"], "file_name": "04 - My Lovin' (You Never Gonna Get It).flac"}, "audio_properties": {"sample_rate": 44100, "downmix": "mix", "lossless": true, "analysis_sample_rate": 44100, "md5_encoded": "16a4d1e5222386aea657a35c7a562e78", "equal_loudness": 0, "replay_gain": -13.8171157837, "codec": "flac", "bit_rate": 0, "length": 280.453338623}, "version": {"extractor": "music 1.0", "essentia_build_sha": "70f2e5ece6736b2c40cc944ad0e695b16b925413", "essentia_git_sha": "v2.1_beta2", "essentia": "2.1-beta2"}}, "rhythm": {"beats_loudness_band_ratio": {"dvar2": [0.101815015078, 0.0235891677439, 0.01142292656, 0.0238277800381, 0.016555506736, 0.00594258587807], "var": [0.0748833790421, 0.0130699584261, 0.00724686169997, 0.00948091782629, 0.00932929944247, 0.00375385698862], "min": [0.00169508217368, 5.48867537873e-05, 0.000352977600414, 0.000443663826445, 0.000450551131507, 0.00201325002126], "dmean": [0.432315945625, 0.14319755137, 0.0748179405928, 0.103987008333, 0.156627640128, 0.101048074663], "mean": [0.558150887489, 0.124860517681, 0.0832600146532, 0.0876750797033, 0.116288773715, 0.0878751724958], "max": [0.962828159332, 0.758777320385, 0.696962594986, 0.856797635555, 0.532228767872, 0.308564990759], "dmean2": [0.865170061588, 0.282616406679, 0.133191943169, 0.203193560243, 0.311768114567, 0.200610697269], "median": [0.512580573559, 0.0971464291215, 0.0660702139139, 0.070466093719, 0.102696768939, 0.0730294436216], "dvar": [0.0319800525904, 0.00826300960034, 0.00380082894117, 0.00860960502177, 0.0053449482657, 0.00189518381376]}, "bpm_histogram_first_peak_weight": {"dvar2": 0, "var": 0, "min": 0.980263113976, "dmean": 0, "mean": 0.980263113976, "max": 0.980263113976, "dmean2": 0, "median": 0.980263113976, "dvar": 0}, "bpm": 98.0138702393, "beats_count": 457, "bpm_histogram_first_peak_spread": {"dvar2": 0, "var": 0, "min": 0.0154185891151, "dmean": 0, "mean": 0.0154185891151, "max": 0.0154185891151, "dmean2": 0, "median": 0.0154185891151, "dvar": 0}, "danceability": 1.25316178799, "bpm_histogram_first_peak_bpm": {"dvar2": 0, "var": 0, "min": 98, "dmean": 0, "mean": 98, "max": 98, "dmean2": 0, "median": 98, "dvar": 0}, "beats_position": [0.580498874187, 1.17260766029, 1.75310659409, 2.35682535172, 2.97215414047, 3.62231278419, 4.2492518425, 4.86458063126, 5.47990942001, 6.09523820877, 6.71056699753, 7.32589578629, 7.94122457504, 8.54494285583, 9.16027164459, 9.77560043335, 10.379319191, 10.9946479797, 11.6099767685, 12.2253055573, 12.8290243149, 13.4443531036, 14.0596818924, 14.6750106812, 15.2787294388, 15.8940582275, 16.50938797, 17.1131057739, 17.7168254852, 18.3321533203, 18.9474830627, 19.5628108978, 20.1781406403, 20.7934684753, 21.4087982178, 22.0125160217, 22.616235733, 23.2315635681, 23.8468933105, 24.4622211456, 25.0775508881, 25.6928787231, 26.3082084656, 26.9235363007, 27.527256012, 28.1309738159, 28.7463035583, 29.3616313934, 29.9769611359, 30.5806789398, 31.1960086823, 31.8113365173, 32.4150543213, 33.0303840637, 33.6457138062, 34.2610435486, 34.8647613525, 35.480091095, 36.0954170227, 36.7107467651, 37.3144645691, 37.9297943115, 38.545124054, 39.1604537964, 39.7757797241, 40.3795013428, 40.9832191467, 41.5985488892, 42.2138786316, 42.8292045593, 43.4445343018, 44.0482521057, 44.6635818481, 45.2789115906, 45.8826293945, 46.497959137, 47.1132888794, 47.7286148071, 48.3439445496, 48.959274292, 49.5746040344, 50.1783218384, 50.7820396423, 51.3973693848, 52.0126991272, 52.6280250549, 53.2433547974, 53.8470726013, 54.45079422, 55.0661201477, 55.6814498901, 56.2967796326, 56.912109375, 57.5274353027, 58.1427650452, 58.7464828491, 59.3502044678, 59.9655303955, 60.5808601379, 61.1845779419, 61.7999076843, 62.4152374268, 63.0305671692, 63.6458930969, 64.2612228394, 64.864944458, 65.4802703857, 66.0955963135, 66.7109298706, 67.3146438599, 67.929977417, 68.5453033447, 69.1490249634, 69.7643508911, 70.3796844482, 70.995010376, 71.5987319946, 72.2140579224, 72.8293838501, 73.4447174072, 74.0484313965, 74.6637649536, 75.2790908813, 75.8944168091, 76.5097503662, 77.1134643555, 77.7287979126, 78.3441238403, 78.947845459, 79.5631713867, 80.1785049438, 80.7938308716, 81.3975524902, 82.012878418, 82.6166000366, 83.2319259644, 83.8472518921, 84.4625854492, 85.077911377, 85.6816329956, 86.2853469849, 86.900680542, 87.5160064697, 88.1313400269, 88.7466659546, 89.3503875732, 89.9773254395, 90.5810394287, 91.1847610474, 91.8000869751, 92.4154205322, 93.03074646, 93.6460723877, 94.2497940063, 94.8651199341, 95.4804534912, 96.0841674805, 96.6995010376, 97.3148269653, 97.9301605225, 98.5454864502, 99.1492080688, 99.7645339966, 100.379859924, 100.983581543, 101.598907471, 102.214241028, 102.817955017, 103.433288574, 104.048614502, 104.66394043, 105.279273987, 105.882987976, 106.498321533, 107.113647461, 107.71736908, 108.332695007, 108.948028564, 109.563354492, 110.17868042, 110.782402039, 111.397727966, 112.013061523, 112.616775513, 113.23210907, 113.847434998, 114.451156616, 115.066482544, 115.681808472, 116.297142029, 116.912467957, 117.516189575, 118.119903564, 118.735237122, 119.350563049, 119.965896606, 120.581222534, 121.196548462, 121.811882019, 122.415596008, 123.030929565, 123.646255493, 124.249977112, 124.86530304, 125.480628967, 126.095962524, 126.711288452, 127.315010071, 127.91872406, 128.534057617, 129.149383545, 129.764709473, 130.3800354, 130.995376587, 131.610702515, 132.214416504, 132.818145752, 133.43347168, 134.048797607, 134.664123535, 135.279449463, 135.883178711, 136.498504639, 137.113830566, 137.717544556, 138.332870483, 138.94821167, 139.563537598, 140.178863525, 140.782577515, 141.397918701, 142.013244629, 142.616958618, 143.232284546, 143.847610474, 144.46295166, 145.066665649, 145.681991577, 146.297317505, 146.912643433, 147.516372681, 148.131698608, 148.747024536, 149.350738525, 149.966079712, 150.58140564, 151.196731567, 151.812057495, 152.415786743, 153.031112671, 153.646438599, 154.250152588, 154.853881836, 155.469207764, 156.084533691, 156.711471558, 157.315185547, 157.930511475, 158.545852661, 159.161178589, 159.764892578, 160.380218506, 160.983947754, 161.599273682, 162.214599609, 162.818313599, 163.445251465, 164.048980713, 164.652694702, 165.26802063, 165.883346558, 166.498687744, 167.114013672, 167.7293396, 168.344665527, 168.948379517, 169.552108765, 170.167434692, 170.78276062, 171.398086548, 172.001815796, 172.617141724, 173.232467651, 173.847793579, 174.451522827, 175.066848755, 175.682174683, 176.29750061, 176.912826538, 177.516555786, 178.131881714, 178.747207642, 179.350921631, 179.966262817, 180.581588745, 181.185302734, 181.800628662, 182.41595459, 183.031295776, 183.646621704, 184.250335693, 184.865661621, 185.480987549, 186.096328735, 186.711654663, 187.315368652, 187.919082642, 188.534423828, 189.149749756, 189.765075684, 190.380401611, 190.995727539, 191.611068726, 192.214782715, 192.830108643, 193.44543457, 194.049163818, 194.664489746, 195.279815674, 195.883529663, 196.487258911, 197.102584839, 197.717910767, 198.333236694, 198.948562622, 199.563903809, 200.179229736, 200.782943726, 201.398269653, 202.013595581, 202.617324829, 203.232650757, 203.847976685, 204.463302612, 205.07862854, 205.693969727, 206.309295654, 206.913009644, 207.516723633, 208.120452881, 208.72416687, 209.339492798, 209.954818726, 210.558547974, 211.162261963, 211.777587891, 212.392913818, 213.008255005, 213.611968994, 214.227294922, 214.84262085, 215.446350098, 216.073287964, 216.688613892, 217.315551758, 217.919265747, 218.534591675, 219.149932861, 219.765258789, 220.380584717, 220.984298706, 221.599639893, 222.21496582, 222.81867981, 223.422393799, 224.037734985, 224.653060913, 225.268386841, 225.883712769, 226.499038696, 227.114364624, 227.718093872, 228.321807861, 228.937133789, 229.552474976, 230.167800903, 230.783126831, 231.398452759, 232.013778687, 232.617507935, 233.221221924, 233.836547852, 234.451873779, 235.067199707, 235.682540894, 236.297866821, 236.913192749, 237.516906738, 238.120635986, 238.735961914, 239.351287842, 239.955001831, 240.570343018, 241.185668945, 241.800994873, 242.416320801, 243.02003479, 243.635375977, 244.250701904, 244.854415894, 245.469741821, 246.085067749, 246.688796997, 247.292510986, 247.907836914, 248.523162842, 249.138504028, 249.753829956, 250.357543945, 250.972869873, 251.58821106, 252.191925049, 252.807250977, 253.422576904, 254.037902832, 254.653244019, 255.256958008, 255.872283936, 256.487609863, 257.091339111, 257.695037842, 258.310394287, 258.925720215, 259.541046143, 260.15637207, 260.760070801, 261.375427246, 261.990753174, 262.594451904, 263.209777832, 263.825134277, 264.440460205, 265.055786133, 265.659484863, 266.274810791, 266.890167236, 267.493865967, 268.109191895, 268.724517822, 269.33984375, 269.943572998, 270.558898926, 271.174224854, 271.789550781, 272.393280029, 273.008605957, 273.623931885, 274.239257812, 274.842987061, 275.458312988, 276.073638916, 276.688964844, 277.292694092, 277.90802002, 278.523345947, 279.138671875, 279.753997803], "beats_loudness": {"dvar2": 0.000463119737105, "var": 0.000394870556192, "min": 2.61333910068e-09, "dmean": 0.0138048790395, "mean": 0.0465092994273, "max": 0.105958208442, "dmean2": 0.0249758493155, "median": 0.0502294749022, "dvar": 0.000151529951836}, "bpm_histogram_second_peak_weight": {"dvar2": 0, "var": 0, "min": 0.00219298247248, "dmean": 0, "mean": 0.00219298247248, "max": 0.00219298247248, "dmean2": 0, "median": 0.00219298247248, "dvar": 0}, "bpm_histogram_second_peak_spread": {"dvar2": 0, "var": 0, "min": 0, "dmean": 0, "mean": 0, "max": 0, "dmean2": 0, "median": 0, "dvar": 0}, "bpm_histogram_second_peak_bpm": {"dvar2": 0, "var": 0, "min": 92, "dmean": 0, "mean": 92, "max": 92, "dmean2": 0, "median": 92, "dvar": 0}, "onset_rate": 5.35165739059}, "lowlevel": {"spectral_energyband_high": {"dvar2": 2.8724080039e-06, "var": 2.83424469671e-06, "min": 7.20201198529e-21, "dmean": 0.000733357446734, "mean": 0.00114455330186, "max": 0.0154396835715, "dmean2": 0.00104204786476, "median": 0.00048391794553, "dvar": 1.43139789088e-06}, "spectral_energyband_middle_low": {"dvar2": 0.000292299169814, "var": 0.000104301849206, "min": 1.96547029564e-22, "dmean": 0.00535506615415, "mean": 0.00771566899493, "max": 0.104598037899, "dmean2": 0.00898546166718, "median": 0.00478671491146, "dvar": 0.000110326102003}, "spectral_energy": {"dvar2": 0.000476832035929, "var": 0.000350648682797, "min": 1.00806053637e-20, "dmean": 0.00968771334738, "mean": 0.0218039043248, "max": 0.144430756569, "dmean2": 0.0148150837049, "median": 0.0172926988453, "dvar": 0.000200329217478}, "spectral_spread": {"dvar2": 2171711258620.0, "var": 4851430326270.0, "min": 1649443, "dmean": 812607.375, "mean": 5251018.5, "max": 41798496, "dmean2": 1231736.375, "median": 4734486, "dvar": 1044712456190.0}, "spectral_energyband_low": {"dvar2": 0.000181763112778, "var": 0.000120986092952, "min": 1.94628393625e-23, "dmean": 0.00520551903173, "mean": 0.0099975457415, "max": 0.0898634642363, "dmean2": 0.00825473293662, "median": 0.00708875153214, "dvar": 7.61718620197e-05}, "spectral_rolloff": {"dvar2": 3868103, "var": 4026672.25, "min": 21.533203125, "dmean": 835.773742676, "mean": 1817.23364258, "max": 19229.1503906, "dmean2": 1413.95361328, "median": 1033.59375, "dvar": 1753922.875}, "barkbands": {"dvar2": [3.17497665492e-07, 5.56203558517e-05, 5.29786739207e-05, 0.000142214616062, 4.18098643422e-05, 2.01632656172e-06, 2.37068638853e-06, 3.46430647369e-06, 6.68191069053e-06, 5.38933954886e-06, 2.78905008599e-06, 2.20955462282e-06, 3.35904064741e-06, 6.37747064047e-07, 1.10124165076e-06, 1.26914210341e-06, 1.46316745031e-06, 3.41396997783e-07, 5.18288402418e-07, 3.57631563475e-07, 3.37924745963e-07, 2.69957695309e-07, 2.05955046795e-07, 5.74757130778e-08, 9.05741472934e-08, 2.75547162865e-09, 2.6587443358e-08], "var": [1.16082055968e-07, 3.82364123652e-05, 2.13950897887e-05, 3.48483226844e-05, 1.50386613313e-05, 1.85194994629e-06, 1.22527376334e-06, 1.36322614708e-06, 5.3123762882e-06, 4.72651845485e-06, 3.25812561641e-06, 1.72407840182e-06, 2.42231180891e-06, 5.86697467497e-07, 8.57571933466e-07, 9.56749317993e-07, 8.30958981624e-07, 3.00375234019e-07, 5.07181198373e-07, 2.80470942471e-07, 2.6468097758e-07, 2.3086683143e-07, 1.08891605066e-07, 5.36487192448e-08, 7.96505617018e-08, 3.2040465836e-09, 1.28550556866e-08], "min": [1.64069046283e-24, 6.8280044978e-24, 5.96449940436e-25, 2.8240885141e-24, 1.03664716426e-23, 1.40408910758e-23, 2.35586714467e-23, 1.40210733122e-23, 4.40934686497e-23, 2.51517618453e-23, 4.43718040207e-23, 3.05710295826e-23, 2.80926936757e-23, 4.14264088153e-23, 5.59124604108e-23, 6.43877358519e-23, 9.43600326292e-23, 1.04758942232e-22, 1.69034969069e-22, 1.77224165681e-22, 3.6999505062e-22, 3.27475977943e-22, 4.85405072888e-22, 5.29942316817e-22, 9.43771174632e-22, 1.38511161331e-21, 2.11402625891e-21], "dmean": [0.000233236525673, 0.00286479806527, 0.00221734144725, 0.00267149298452, 0.00191444589291, 0.000475179491332, 0.000338331999956, 0.000408679363318, 0.000689903681632, 0.000646857952233, 0.000397059950046, 0.000245565810474, 0.000261349865468, 0.000202682538657, 0.000248313648626, 0.00025189560256, 0.000405949249398, 0.000220770583837, 0.00025026986259, 0.000200862588827, 0.000185915356269, 0.000220850546611, 0.000128172076074, 8.96040655789e-05, 7.02746328898e-05, 1.5443236407e-05, 3.0538689316e-05], "mean": [0.000299250445096, 0.00535927014425, 0.00296183256432, 0.00262234150432, 0.00220870040357, 0.00073045596946, 0.00044232464279, 0.00049422547454, 0.000919498852454, 0.000872885866556, 0.000620491220616, 0.000374548020773, 0.000345704291249, 0.000286535330815, 0.000347816618159, 0.000354286428774, 0.000454722263385, 0.000339795311447, 0.000464186159661, 0.00033023225842, 0.000261925393716, 0.000276393955573, 0.000154750203365, 0.000129834952531, 9.46890868363e-05, 2.24650539167e-05, 3.47002060153e-05], "max": [0.0036182878539, 0.0544595755637, 0.0533731579781, 0.0805432200432, 0.0442776530981, 0.0155381262302, 0.0275371745229, 0.0311634670943, 0.0703599750996, 0.0264146905392, 0.0287196617573, 0.0367489904165, 0.0534244515002, 0.0200804099441, 0.0257561374456, 0.0253545548767, 0.0116940829903, 0.00874749757349, 0.0108031509444, 0.00767980003729, 0.00626547634602, 0.00763110769913, 0.0044862003997, 0.00260144239292, 0.00694158161059, 0.00121784920339, 0.00126966321841], "dmean2": [0.000419393763877, 0.00450200680643, 0.00353707326576, 0.00477642565966, 0.00319963833317, 0.000749884347897, 0.000542323978152, 0.000670273206197, 0.00110287684947, 0.000957884360105, 0.000593163364101, 0.000379248434911, 0.000410309847211, 0.000320641265716, 0.000389873050153, 0.000375227886252, 0.000667869404424, 0.000330844457494, 0.000383506383514, 0.000305756286252, 0.000277326180367, 0.000323225511238, 0.000199502406758, 0.000130387968966, 0.000106416388007, 2.27218715736e-05, 4.97306646139e-05], "median": [0.000201148795895, 0.0035460209474, 0.00175760057755, 0.00115331937559, 0.000824126589578, 0.000164550845511, 6.00610837864e-05, 7.95451487647e-05, 7.54946231609e-05, 0.000107578118332, 6.18581761955e-05, 4.8026056902e-05, 4.24742829637e-05, 4.76461354992e-05, 5.57882813155e-05, 6.62163365632e-05, 0.000150676933117, 0.000182194402441, 0.000227634256589, 0.000139784286148, 7.62314739404e-05, 7.25991703803e-05, 3.59134319297e-05, 4.73968975712e-05, 2.38616667048e-05, 4.08550158681e-06, 1.38805432925e-06], "dvar": [9.74179812374e-08, 2.22132821364e-05, 2.15834534174e-05, 5.13267259521e-05, 1.62700234796e-05, 8.88555121037e-07, 9.39521953569e-07, 1.29034026486e-06, 2.81457869278e-06, 2.64639493253e-06, 1.37393044497e-06, 9.19292858725e-07, 1.49200172928e-06, 2.8847023259e-07, 4.98988185882e-07, 5.8613420606e-07, 6.19463719431e-07, 1.60161619078e-07, 2.27268273534e-07, 1.54426459176e-07, 1.58647523563e-07, 1.35429914394e-07, 8.58049560293e-08, 2.81849548145e-08, 4.21794474903e-08, 1.38061195809e-09, 1.05285087315e-08]}, "melbands_skewness": {"dvar2": 6.87205219269, "var": 9.99068546295, "min": -2.12414526939, "dmean": 1.36430513859, "mean": 3.68236589432, "max": 31.7061901093, "dmean2": 2.08325815201, "median": 2.88669753075, "dvar": 3.25361919403}, "barkbands_skewness": {"dvar2": 2.65718579292, "var": 3.92393088341, "min": -3.3922188282, "dmean": 0.856569111347, "mean": 1.81219220161, "max": 26.2852172852, "dmean2": 1.30390679836, "median": 1.45655488968, "dvar": 1.31537699699}, "erbbands": {"dvar2": [0.0568405650556, 3.32754993439, 53.0681610107, 553.356079102, 1165.87963867, 285.451873779, 234.105010986, 153.861923218, 304.224121094, 930.402404785, 1953.25537109, 3938.09838867, 5106.85986328, 7192.86376953, 1634.95812988, 3413.00048828, 7356.66748047, 1631.68383789, 1920.47705078, 4080.32299805, 3391.71508789, 3365.86279297, 1456.23303223, 1308.05432129, 1101.02612305, 841.781738281, 967.581970215, 342.191497803, 293.571929932, 245.000106812, 211.143768311, 37.6201133728, 17.0999794006, 16.7110958099, 3.62347126007, 0.172796696424, 0.00752693833783, 0.0189759321511, 0.00065718521364, 2.16506720108e-07], "var": [0.0504459515214, 1.84227931499, 23.8025588989, 163.189361572, 309.479522705, 124.924682617, 204.862960815, 106.570022583, 161.059448242, 365.609893799, 1045.92834473, 3300.0456543, 4240.20703125, 6833.13427734, 1895.14880371, 2410.26928711, 4985.62304688, 1521.78808594, 1506.4810791, 2193.9140625, 3105.62475586, 2217.70239258, 1057.46020508, 1422.43859863, 940.006225586, 640.147460938, 588.127319336, 323.075195312, 278.599914551, 185.522262573, 90.8262329102, 29.7810974121, 14.6097297668, 13.6779680252, 2.81862139702, 0.177400320768, 0.00713885715231, 0.00637425621971, 0.00046891628881, 1.98545251351e-07], "min": [1.58532466252e-22, 6.30180915669e-22, 6.98103884336e-22, 5.33669021951e-21, 2.62286612999e-20, 2.30487657677e-20, 9.36883437965e-20, 8.79231211092e-20, 3.2310543266e-19, 2.64888125106e-19, 3.89202695373e-19, 8.02985114347e-19, 9.70351721311e-19, 1.12410898415e-18, 1.83720288207e-18, 1.22568697017e-18, 1.90454262176e-18, 3.45216590819e-18, 3.36407406808e-18, 3.76757980192e-18, 4.91089519611e-18, 6.03334495935e-18, 6.52913675259e-18, 6.6093182645e-18, 9.49663892832e-18, 9.1031888156e-18, 1.30044745053e-17, 1.35750066164e-17, 1.21861786397e-17, 1.22543101981e-17, 1.36046527695e-17, 9.95254035011e-18, 9.25151553432e-18, 8.82155118781e-18, 7.003264272e-18, 4.39113046795e-18, 2.40307527796e-18, 1.08722841276e-18, 2.74085132747e-19, 2.87716229136e-20], "dmean": [0.0997604429722, 0.651171684265, 2.34656786919, 5.69677352905, 8.71793651581, 5.2565612793, 5.34788703918, 3.55317521095, 3.96881604195, 6.42406845093, 9.97087192535, 16.0763511658, 18.8313026428, 19.7716960907, 11.0068082809, 8.89320468903, 11.4058027267, 9.46384620667, 11.6398124695, 12.7673416138, 14.0286188126, 20.4393863678, 14.9002056122, 12.6230077744, 11.5149030685, 9.33173561096, 8.73425483704, 6.27420902252, 6.88548707962, 6.77568054199, 3.35601973534, 2.11377072334, 1.38939094543, 0.929304897785, 0.423384279013, 0.0980349332094, 0.0273774154484, 0.0245399903506, 0.0052972775884, 0.000116076342238], "mean": [0.174367815256, 1.13433301449, 3.35612034798, 6.47879457474, 8.0295009613, 6.62350034714, 8.22385025024, 5.13748693466, 5.24499797821, 7.9962682724, 13.9008340836, 21.4959564209, 25.090423584, 30.9283714294, 18.1864585876, 14.1662998199, 16.0697154999, 13.9024953842, 17.0229511261, 18.0137023926, 21.1301136017, 25.394613266, 20.6052646637, 22.9222602844, 20.8368644714, 15.666223526, 12.5769014359, 9.03433609009, 8.91973400116, 8.16769695282, 4.03019666672, 2.97301054001, 1.98839795589, 1.25367379189, 0.551735281944, 0.141813009977, 0.03591940552, 0.0244613271207, 0.00686939014122, 0.000174351967871], "max": [1.86283779144, 15.1351661682, 59.1827468872, 156.996154785, 192.68132019, 129.068115234, 163.050933838, 197.587005615, 285.150146484, 417.805786133, 767.981811523, 2042.01367188, 832.479492188, 1420.46313477, 658.136169434, 1550.42443848, 2516.85693359, 1063.86877441, 709.416992188, 1761.38977051, 1438.69335938, 696.375732422, 444.33505249, 634.174377441, 395.586395264, 486.593597412, 318.302459717, 263.950408936, 426.444274902, 171.486526489, 147.35597229, 72.63646698, 59.1089324951, 121.744987488, 36.9644012451, 8.93903541565, 1.61169993877, 1.01093351841, 0.207601770759, 0.00357388867997], "dmean2": [0.156078651547, 1.04460084438, 3.72980451584, 9.86760902405, 15.289683342, 8.62924289703, 8.47913455963, 5.57307624817, 6.32481622696, 10.4058732986, 16.0640182495, 25.4566764832, 28.765417099, 29.2106666565, 16.1512317657, 13.5192270279, 17.9208393097, 14.4433708191, 17.9449920654, 20.0125102997, 19.9342002869, 32.3701095581, 23.607126236, 18.7789764404, 17.7582492828, 14.2403764725, 13.3764324188, 9.20381450653, 10.0667324066, 9.94919300079, 5.22299385071, 3.09679794312, 2.04915475845, 1.41968917847, 0.648558557034, 0.146200552583, 0.0402636006474, 0.0419539138675, 0.00815618317574, 0.000169807302882], "median": [0.105858631432, 0.723123133183, 1.97184503078, 3.37186908722, 3.07051467896, 2.34291744232, 2.49216556549, 1.25658607483, 0.973786115646, 1.81615006924, 2.51737880707, 2.18916344643, 3.67276859283, 3.51448535919, 3.50495290756, 2.46713113785, 2.45764303207, 2.76877975464, 3.51756978035, 3.45388698578, 5.25665426254, 10.0187168121, 10.3843021393, 11.582983017, 9.59189605713, 6.99296951294, 4.50664758682, 2.35157632828, 2.18749141693, 2.05886125565, 0.95271730423, 1.04749715328, 0.671463608742, 0.319990038872, 0.132746338844, 0.0260409526527, 0.00591679383069, 0.00164271134418, 0.000282471009996, 3.67324319086e-05], "dvar": [0.0241702981293, 1.31015872955, 21.9681415558, 209.615951538, 433.553405762, 110.532493591, 100.201705933, 65.2756881714, 121.116584778, 354.037750244, 750.098266602, 1734.64526367, 2534.3215332, 3180.03173828, 729.906921387, 1407.89880371, 3265.30883789, 719.92010498, 840.33380127, 1691.12561035, 1682.55554199, 1452.44726562, 630.053710938, 628.564758301, 459.602172852, 364.046569824, 410.111633301, 172.668212891, 152.469833374, 119.724449158, 82.0125350952, 17.2263259888, 8.12212276459, 7.82942914963, 1.5829526186, 0.0808421000838, 0.0037144550588, 0.00702725211158, 0.000286619906547, 1.03363817061e-07]}, "silence_rate_30dB": {"dvar2": 0.00446132803336, "var": 0.000744573830161, "min": 0, "dmean": 0.00149018957745, "mean": 0.99925494194, "max": 1, "dmean2": 0.00298062595539, "median": 1, "dvar": 0.00148777896538}, "melbands_spread": {"dvar2": 684.396057129, "var": 742.787719727, "min": 0.208279594779, "dmean": 12.0425300598, "mean": 29.1830062866, "max": 268.026855469, "dmean2": 18.7569236755, "median": 21.9381256104, "dvar": 302.387207031}, "melbands_crest": {"dvar2": 25.5925655365, "var": 33.9345855713, "min": 1.80647742748, "dmean": 3.69083380699, "mean": 15.1047964096, "max": 39.5995826721, "dmean2": 5.90501403809, "median": 14.1024265289, "dvar": 10.3987808228}, "zerocrossingrate": {"dvar2": 0.000388497457607, "var": 0.00213542138226, "min": 0, "dmean": 0.016105318442, "mean": 0.0725777521729, "max": 0.51318359375, "dmean2": 0.0183390881866, "median": 0.0625, "dvar": 0.000300834362861}, "barkbands_kurtosis": {"dvar2": 994.374572754, "var": 730.92199707, "min": -1.9490891695, "dmean": 6.26408243179, "mean": 7.57942819595, "max": 935.909729004, "dmean2": 9.86923313141, "median": 1.5788974762, "dvar": 462.168212891}, "spectral_flux": {"dvar2": 0.00247884378769, "var": 0.00269180070609, "min": 6.52456699779e-11, "dmean": 0.0289864316583, "mean": 0.0829276368022, "max": 0.296276330948, "dmean2": 0.0443832725286, "median": 0.0725986883044, "dvar": 0.00117277447134}, "barkbands_crest": {"dvar2": 14.5763072968, "var": 19.2694568634, "min": 2.20985913277, "dmean": 2.84412550926, "mean": 10.0560283661, "max": 26.8363418579, "dmean2": 4.48815965652, "median": 9.22296333313, "dvar": 6.18798065186}, "barkbands_flatness_db": {"dvar2": 0.00177649990655, "var": 0.00357550918125, "min": 0.0181077197194, "dmean": 0.0294237956405, "mean": 0.13598074019, "max": 0.49076539278, "dmean2": 0.0424832515419, "median": 0.127529263496, "dvar": 0.000870000047144}, "spectral_entropy": {"dvar2": 0.120968163013, "var": 0.204719901085, "min": 4.49142599106, "dmean": 0.230194792151, "mean": 7.65304660797, "max": 9.81747245789, "dmean2": 0.326063960791, "median": 7.68517494202, "dvar": 0.0601115934551}, "pitch_salience": {"dvar2": 0.0127983530983, "var": 0.0149878608063, "min": 0.0190435014665, "dmean": 0.0804150924087, "mean": 0.523110091686, "max": 0.911483407021, "dmean2": 0.127258241177, "median": 0.524862825871, "dvar": 0.00544694066048}, "erbbands_spread": {"dvar2": 652.306213379, "var": 786.050842285, "min": 1.6415528059, "dmean": 15.1931877136, "mean": 49.7797698975, "max": 194.569793701, "dmean2": 23.2115440369, "median": 43.9951019287, "dvar": 290.701141357}, "dynamic_complexity": 4.22155427933, "spectral_contrast_valleys": {"dvar2": [0.423108100891, 0.56142616272, 0.449643880129, 0.549790024757, 0.399065494537, 0.437798142433], "var": [2.68944096565, 2.09830451012, 2.38232493401, 2.35028481483, 2.22874975204, 1.98784613609], "min": [-28.1508102417, -27.8831291199, -27.6457424164, -27.5879421234, -27.4675884247, -27.3344764709], "dmean": [0.435731887817, 0.530926883221, 0.490229845047, 0.490004718304, 0.457090258598, 0.475704580545], "mean": [-7.46167039871, -7.78788137436, -8.30188941956, -8.45286369324, -7.75369548798, -10.1052103043], "max": [-5.17814016342, -4.86755037308, -4.89130592346, -5.51011228561, -5.22706127167, -7.55697345734], "dmean2": [0.68865776062, 0.814320266247, 0.70508813858, 0.69292485714, 0.62044519186, 0.595732331276], "median": [-6.97758722305, -7.60442399979, -8.11204433441, -8.3309211731, -7.50939178467, -9.92079257965], "dvar": [0.196518629789, 0.261413276196, 0.241228953004, 0.277835518122, 0.224728524685, 0.227951824665]}, "hfc": {"dvar2": 303.057617188, "var": 417.932952881, "min": 1.09000964213e-16, "dmean": 8.62934589386, "mean": 19.0378246307, "max": 162.122039795, "dmean2": 12.2487421036, "median": 12.5420627594, "dvar": 159.339416504}, "spectral_kurtosis": {"dvar2": 5.85072946548, "var": 4.67148065567, "min": -1.50527107716, "dmean": 1.29223251343, "mean": 3.2132935524, "max": 56.592880249, "dmean2": 2.01297235489, "median": 2.95136547089, "dvar": 2.37459039688}, "mfcc": {"mean": [-676.879821777, 89.1731033325, 11.1637716293, 40.1243286133, 11.2567634583, 6.08325529099, 9.28105735779, 12.640668869, 3.05569863319, 3.95953822136, -1.34411084652, -2.88193488121, -2.74598288536], "cov": [[11886.8447266, 464.020111084, -687.229187012, -19.3333034515, -287.03302002, 42.0298881531, 106.440910339, 126.565109253, 188.872131348, 100.355575562, -111.949508667, -204.874954224, -130.439987183], [464.020111084, 1186.86682129, -153.704269409, -4.17895936966, -47.3397407532, -145.857849121, 153.433288574, 6.91110944748, -40.4731025696, 90.6411819458, -57.009475708, -91.4937210083, -39.2825241089], [-687.229187012, -153.704269409, 1065.47216797, 253.781570435, 145.765228271, 155.751876831, -57.1644287109, 22.2904605865, -32.660446167, -94.0442428589, 44.5272407532, 28.1718482971, 32.3469047546], [-19.3333034515, -4.17895936966, 253.781570435, 633.930358887, 326.096496582, 62.9775085449, 18.401550293, 127.559814453, 78.5802688599, -48.8172225952, 56.1683959961, 79.8320083618, 10.3353290558], [-287.03302002, -47.3397407532, 145.765228271, 326.096496582, 340.879943848, 98.9925079346, 26.7942638397, 103.315544128, 50.7592887878, -30.9726200104, 48.4849281311, 53.7447624207, 19.600774765], [42.0298881531, -145.857849121, 155.751876831, 62.9775085449, 98.9925079346, 358.385955811, 95.8235397339, 51.2763824463, 49.3395233154, -8.17911434174, 56.3564758301, 0.92705732584, -15.9090270996], [106.440910339, 153.433288574, -57.1644287109, 18.401550293, 26.7942638397, 95.8235397339, 270.806243896, 82.2395706177, 41.3042793274, 63.4122924805, 15.7256355286, -27.9739570618, 9.33253002167], [126.565109253, 6.91110944748, 22.2904605865, 127.559814453, 103.315544128, 51.2763824463, 82.2395706177, 218.73236084, 97.8569412231, 14.1700029373, 40.3422241211, 11.4003257751, -1.85416400433], [188.872131348, -40.4731025696, -32.660446167, 78.5802688599, 50.7592887878, 49.3395233154, 41.3042793274, 97.8569412231, 187.320449829, 61.0383300781, 19.532907486, -10.5903615952, -15.492108345], [100.355575562, 90.6411819458, -94.0442428589, -48.8172225952, -30.9726200104, -8.17911434174, 63.4122924805, 14.1700029373, 61.0383300781, 144.871795654, 28.6743087769, -30.9419403076, -10.6477184296], [-111.949508667, -57.009475708, 44.5272407532, 56.1683959961, 48.4849281311, 56.3564758301, 15.7256355286, 40.3422241211, 19.532907486, 28.6743087769, 130.803787231, 56.756855011, -1.72351264954], [-204.874954224, -91.4937210083, 28.1718482971, 79.8320083618, 53.7447624207, 0.92705732584, -27.9739570618, 11.4003257751, -10.5903615952, -30.9419403076, 56.756855011, 128.759140015, 46.6530075073], [-130.439987183, -39.2825241089, 32.3469047546, 10.3353290558, 19.600774765, -15.9090270996, 9.33253002167, -1.85416400433, -15.492108345, -10.6477184296, -1.72351264954, 46.6530075073, 106.23865509]], "icov": [[9.71337285591e-05, -3.23247804772e-05, 7.22429758753e-05, -0.000104989871033, 0.000178564892849, -8.82477252162e-05, 5.24562310602e-05, -7.54229549784e-05, -5.0108130381e-05, 2.14076480916e-05, 2.99498624372e-05, 0.000117523311928, -1.28416977532e-05], [-3.23247804772e-05, 0.00115378957707, -2.84043636611e-07, -0.000201353570446, -5.42333218618e-05, 0.00059970485745, -0.000769515463617, -5.04409290443e-05, 0.000649155874271, -0.00063841463998, 0.000336208526278, 0.000332924944814, 0.000463070115075], [7.22429758753e-05, -2.84043636611e-07, 0.00129790999927, -0.000646779371891, 0.000271919503575, -0.000650323869195, 0.000507534015924, -0.00011617623386, 0.000360528531019, 0.000460142968222, -0.000485838361783, 0.000860560277943, -0.000724920420907], [-0.000104989871033, -0.000201353570446, -0.000646779371891, 0.00382934417576, -0.00325109600089, 0.000768837344367, -0.00037966502714, -5.8461620938e-05, -0.0011367215775, 0.000818406231701, -8.9543800641e-06, -0.00150389492046, 0.000944846775383], [0.000178564892849, -5.42333218618e-05, 0.000271919503575, -0.00325109600089, 0.00696694897488, -0.00147012190428, 0.000494139210787, -0.00144795433152, 0.000234748295043, 0.000236157720792, -0.00030642200727, 0.000172990650753, -0.00116457161494], [-8.82477252162e-05, 0.00059970485745, -0.000650323869195, 0.000768837344367, -0.00147012190428, 0.00458201719448, -0.00225446396507, 0.000815211911686, -0.00110238115303, 0.00137411709875, -0.0016945641255, 0.000553312187549, 0.00111275643576], [5.24562310602e-05, -0.000769515463617, 0.000507534015924, -0.00037966502714, 0.000494139210787, -0.00225446396507, 0.00622948911041, -0.00226496974938, 0.000893495569471, -0.00220251339488, 0.000256875238847, 0.00116245518439, -0.0019500113558], [-7.54229549784e-05, -5.04409290443e-05, -0.00011617623386, -5.8461620938e-05, -0.00144795433152, 0.000815211911686, -0.00226496974938, 0.00794597808272, -0.00382637837902, 0.00203433353454, -0.00203286577016, 0.000334478041623, 0.000122724770335], [-5.0108130381e-05, 0.000649155874271, 0.000360528531019, -0.0011367215775, 0.000234748295043, -0.00110238115303, 0.000893495569471, -0.00382637837902, 0.00956512615085, -0.00484379334375, 0.00168022338767, 6.68228822178e-05, 0.000732929504011], [2.14076480916e-05, -0.00063841463998, 0.000460142968222, 0.000818406231701, 0.000236157720792, 0.00137411709875, -0.00220251339488, 0.00203433353454, -0.00484379334375, 0.0125662004575, -0.00544161861762, 0.00365173793398, -0.00117708835751], [2.99498624372e-05, 0.000336208526278, -0.000485838361783, -8.9543800641e-06, -0.00030642200727, -0.0016945641255, 0.000256875238847, -0.00203286577016, 0.00168022338767, -0.00544161861762, 0.0137362405658, -0.00766067020595, 0.00334115326405], [0.000117523311928, 0.000332924944814, 0.000860560277943, -0.00150389492046, 0.000172990650753, 0.000553312187549, 0.00116245518439, 0.000334478041623, 6.68228822178e-05, 0.00365173793398, -0.00766067020595, 0.0157108716667, -0.00654137320817], [-1.28416977532e-05, 0.000463070115075, -0.000724920420907, 0.000944846775383, -0.00116457161494, 0.00111275643576, -0.0019500113558, 0.000122724770335, 0.000732929504011, -0.00117708835751, 0.00334115326405, -0.00654137320817, 0.0131676094607]]}, "silence_rate_20dB": {"dvar2": 0, "var": 0, "min": 1, "dmean": 0, "mean": 1, "max": 1, "dmean2": 0, "median": 1, "dvar": 0}, "melbands_kurtosis": {"dvar2": 7230.82080078, "var": 6740.54492188, "min": -1.83495330811, "dmean": 21.1868801117, "mean": 31.6204280853, "max": 1643.28173828, "dmean2": 33.6085090637, "median": 10.0397672653, "dvar": 3608.34350586}, "barkbands_spread": {"dvar2": 255.775894165, "var": 324.454193115, "min": 0.346778213978, "dmean": 9.63361549377, "mean": 29.3865585327, "max": 124.274299622, "dmean2": 14.8057003021, "median": 26.2907104492, "dvar": 116.78553772}, "erbbands_skewness": {"dvar2": 0.872621357441, "var": 1.10868155956, "min": -6.32693767548, "dmean": 0.543469011784, "mean": -0.0771916508675, "max": 8.90667247772, "dmean2": 0.824153423309, "median": -0.0735446959734, "dvar": 0.374168038368}, "average_loudness": 0.889177441597, "spectral_centroid": {"dvar2": 420220.59375, "var": 758081.9375, "min": 140.064254761, "dmean": 413.209960938, "mean": 1761.61669922, "max": 11685.7802734, "dmean2": 635.737426758, "median": 1718.83740234, "dvar": 199225.5}, "dissonance": {"dvar2": 0.00127413449809, "var": 0.00100854353514, "min": 0.189128190279, "dmean": 0.0187659189105, "mean": 0.465622335672, "max": 0.500000119209, "dmean2": 0.0310326777399, "median": 0.474553585052, "dvar": 0.000484420364955}, "erbbands_flatness_db": {"dvar2": 0.00103781628422, "var": 0.00186591269448, "min": 0.0198070667684, "dmean": 0.0224351771176, "mean": 0.1435983181, "max": 0.374541968107, "dmean2": 0.0318250246346, "median": 0.136479824781, "dvar": 0.000508121040184}, "spectral_strongpeak": {"dvar2": 1.65393686295, "var": 1.02033865452, "min": 0, "dmean": 0.439202815294, "mean": 0.634448349476, "max": 12.2477636337, "dmean2": 0.740709245205, "median": 0.260122895241, "dvar": 0.68313574791}, "spectral_rms": {"dvar2": 2.87371949526e-06, "var": 3.9922929318e-06, "min": 3.13603830404e-12, "dmean": 0.000935013813432, "mean": 0.00415689405054, "max": 0.011870469898, "dmean2": 0.00137249112595, "median": 0.0041074231267, "dvar": 1.28418253098e-06}, "silence_rate_60dB": {"dvar2": 0.0565138757229, "var": 0.0988879203796, "min": 0, "dmean": 0.0254987999797, "mean": 0.111258275807, "max": 1, "dmean2": 0.0510018207133, "median": 0, "dvar": 0.0248467456549}, "melbands": {"dvar2": [4.01539182349e-06, 9.44899602473e-06, 1.94067160919e-05, 2.88789146907e-06, 2.78142493926e-07, 6.76343319128e-08, 7.92947716377e-08, 1.2098165314e-07, 1.47191698829e-07, 1.72464908132e-07, 1.32093319394e-07, 1.18955732376e-07, 2.62940886842e-08, 3.50211273314e-08, 1.08504458751e-08, 5.38879163514e-08, 5.46179101946e-09, 6.34545438416e-09, 9.57800772028e-09, 7.02573244027e-09, 5.87365667215e-09, 3.79359343938e-09, 5.43320233248e-09, 1.06797182209e-09, 1.15600706785e-09, 1.01015440457e-09, 3.86957355047e-10, 4.75361416896e-10, 5.57244195232e-10, 2.28533636459e-10, 1.16957638019e-10, 9.2494810422e-11, 2.22179816212e-10, 5.79762383934e-11, 7.17302536812e-11, 4.97143055889e-11, 1.34090932802e-11, 9.56968532195e-12, 1.27300782762e-11, 1.26337430101e-11], "var": [3.19145055983e-06, 4.60942737845e-06, 5.51966013518e-06, 9.01462328784e-07, 2.27554409093e-07, 5.18142542205e-08, 4.25075761257e-08, 4.60326852192e-08, 9.46351619291e-08, 1.37169720915e-07, 1.09224110645e-07, 1.10126912034e-07, 3.07436884839e-08, 2.5916758517e-08, 1.2231997637e-08, 3.21638218281e-08, 5.34644817307e-09, 4.42792513766e-09, 6.78026657042e-09, 4.02417121848e-09, 5.05871744494e-09, 2.70222533238e-09, 2.0274675272e-09, 7.55223772408e-10, 1.16675902273e-09, 7.53006212939e-10, 3.60101087837e-10, 3.02283392761e-10, 2.73006173224e-10, 1.83383849772e-10, 1.01683182707e-10, 9.11902289791e-11, 1.34599650869e-10, 3.98151268899e-11, 3.07546973999e-11, 2.1851031401e-11, 1.14387848152e-11, 7.92878696726e-12, 9.70605800593e-12, 1.0167783282e-11], "min": [2.0302709986e-24, 3.81268702837e-25, 1.90388009879e-24, 1.82462837124e-24, 2.91858418979e-24, 2.54186090349e-24, 4.74406906676e-24, 2.3873741309e-24, 3.834385042e-24, 5.70002609449e-24, 4.46878264325e-24, 3.85461143561e-24, 6.49859432758e-24, 2.59588525372e-24, 2.36745184317e-24, 3.17786561161e-24, 6.05354464284e-24, 4.03205504662e-24, 4.60055357442e-24, 4.67000449409e-24, 5.56558013599e-24, 5.85440341263e-24, 6.37127178305e-24, 4.65609845405e-24, 5.17078128533e-24, 5.74105317245e-24, 6.37449585757e-24, 3.73080129426e-24, 5.32457957957e-24, 7.59552592668e-24, 6.85657703979e-24, 7.15230284936e-24, 5.45144458477e-24, 7.23077715449e-24, 7.24527720678e-24, 6.31001121173e-24, 5.54749037214e-24, 4.97390093048e-24, 7.26562114067e-24, 6.66081726185e-24], "dmean": [0.000806762895081, 0.00103980023414, 0.00110610842239, 0.000478274130728, 0.000188060919754, 7.93746148702e-05, 6.43498060526e-05, 7.51676561777e-05, 8.78732826095e-05, 0.000104518447188, 9.55239447649e-05, 8.19973356556e-05, 4.25086509495e-05, 2.90916777885e-05, 2.17778087972e-05, 2.88290575554e-05, 1.77542151505e-05, 1.98574180104e-05, 2.08280307561e-05, 1.75794139068e-05, 1.70060702658e-05, 2.03318286367e-05, 2.43040540227e-05, 9.73744863586e-06, 1.11625786303e-05, 1.03552347355e-05, 7.07567596692e-06, 6.49598769087e-06, 6.01818601353e-06, 4.85237478642e-06, 3.48825710716e-06, 3.38294512403e-06, 5.87943077335e-06, 3.07044297188e-06, 1.91083881873e-06, 1.59404214628e-06, 1.40754275435e-06, 1.15275736334e-06, 8.40914140099e-07, 7.48115041915e-07], "mean": [0.00150383531582, 0.00166380195878, 0.00120382127352, 0.00050462159561, 0.000296204612823, 0.00011709795217, 8.50052820169e-05, 9.13148323889e-05, 0.00012388813775, 0.000134853922646, 0.000123325968161, 0.000124863465317, 6.78570868331e-05, 4.40265757788e-05, 3.32907984557e-05, 3.58431789209e-05, 2.46344588959e-05, 2.66814586212e-05, 2.86375125143e-05, 2.24877821893e-05, 2.41474626819e-05, 2.54937494901e-05, 2.51097917499e-05, 1.47059217852e-05, 1.8978067601e-05, 1.68745809788e-05, 1.20904096548e-05, 1.00180623122e-05, 8.12279176898e-06, 6.57574901197e-06, 4.79206437376e-06, 4.53671555078e-06, 6.3992952164e-06, 3.6788746911e-06, 2.26129009206e-06, 1.88449757843e-06, 1.9420301669e-06, 1.58241573445e-06, 1.09501308998e-06, 1.01039768197e-06], "max": [0.0147441048175, 0.0257198717445, 0.0283822696656, 0.0102551877499, 0.00564434938133, 0.00380736333318, 0.00504925660789, 0.00580201717094, 0.00548885809258, 0.0138268824667, 0.00422999775037, 0.00534405466169, 0.00301633938216, 0.00530270300806, 0.00264880130999, 0.00676944106817, 0.00242564221844, 0.00122129172087, 0.00260615092702, 0.00233226199634, 0.00207659439184, 0.000870235846378, 0.000702133751474, 0.000619367696345, 0.000607606431004, 0.000393307767808, 0.00020994078659, 0.000356134813046, 0.000316668360028, 0.000239046217757, 0.000192727486137, 0.000238708729739, 0.000125726670376, 7.96583262854e-05, 8.71174488566e-05, 6.3842308009e-05, 4.84792799398e-0