{"tonal": {"thpcp": [1, 0.632532715797, 0.234062463045, 0.161093398929, 0.175023049116, 0.43305003643, 0.635550320148, 0.395268440247, 0.168586134911, 0.145405113697, 0.144759759307, 0.278182536364, 0.413726598024, 0.358515650034, 0.606027305126, 0.905421316624, 0.556134104729, 0.199511736631, 0.16978777945, 0.164018914104, 0.400689780712, 0.771567106247, 0.616540551186, 0.253476947546, 0.162382289767, 0.172015368938, 0.412027150393, 0.711128234863, 0.611748218536, 0.565368354321, 0.621113419533, 0.35293751955, 0.171117052436, 0.17005597055, 0.216690659523, 0.646414279938], "hpcp": {"dmean2": [0.199302002788, 0.163536459208, 0.124853983521, 0.105878859758, 0.112110674381, 0.152224302292, 0.183341532946, 0.18887925148, 0.219488635659, 0.226128667593, 0.196333378553, 0.119445882738, 0.100781925023, 0.106904879212, 0.165946871042, 0.222771123052, 0.214372947812, 0.148927420378, 0.11385576427, 0.126167401671, 0.184069871902, 0.228678643703, 0.251832425594, 0.253471255302, 0.21296107769, 0.165854334831, 0.113259635866, 0.111262850463, 0.167003959417, 0.289494037628, 0.291126519442, 0.239639356732, 0.152670443058, 0.1172792539, 0.128694370389, 0.177040785551], "median": [0.083756044507, 0.0586108565331, 0.0204448960721, 0.0129808215424, 0.0111877378076, 0.0341044478118, 0.0553862079978, 0.0591260716319, 0.126745402813, 0.183576628566, 0.115550428629, 0.0358151607215, 0.0292587503791, 0.029364882037, 0.0778389051557, 0.145374715328, 0.110557854176, 0.0405932553113, 0.0212734788656, 0.0183792486787, 0.0755351632833, 0.13355705142, 0.117669507861, 0.0856123194098, 0.0620071738958, 0.0305978991091, 0.0249244198203, 0.0210838913918, 0.027914185077, 0.120533429086, 0.218568593264, 0.124278560281, 0.0291333124042, 0.0197784118354, 0.0202908087522, 0.0545161888003], "min": [0, 0, 0, 0, 0, 0, 0, 0, 0, 0, 0, 0, 0, 0, 0, 0, 0, 0, 0, 0, 0, 0, 0, 0, 0, 0, 0, 0, 0, 0, 0, 0, 0, 0, 0, 0], "dvar2": [0.0810091048479, 0.0600203759968, 0.0650613233447, 0.0578458458185, 0.0600846856833, 0.0716778710485, 0.0785010531545, 0.0754018351436, 0.0701142549515, 0.0823240056634, 0.0641011819243, 0.0414001978934, 0.0328209474683, 0.0404656343162, 0.0551312454045, 0.0856745839119, 0.0785257592797, 0.0579909980297, 0.0522510334849, 0.0584807172418, 0.0706389397383, 0.0797635838389, 0.0981917753816, 0.108011737466, 0.0921995490789, 0.080425851047, 0.0525310188532, 0.050112593919, 0.0774390399456, 0.127809539437, 0.113133452833, 0.0920261740685, 0.0781770050526, 0.0582218952477, 0.0608976408839, 0.0755145549774], "dvar": [0.0335048139095, 0.0226786136627, 0.0229668561369, 0.0214974172413, 0.0218190923333, 0.0261167045683, 0.0305647011846, 0.027680337429, 0.0273737758398, 0.0351732000709, 0.0233321953565, 0.0145625956357, 0.0123566472903, 0.014606513083, 0.0202818959951, 0.0342327542603, 0.0298042371869, 0.0211767554283, 0.0189213957638, 0.0213428996503, 0.0256208516657, 0.0336158722639, 0.0371132493019, 0.0394999757409, 0.0377968177199, 0.02994806692, 0.0187252108008, 0.0181566290557, 0.0286046955734, 0.0500449836254, 0.0485031940043, 0.0335624739528, 0.0292848832905, 0.0216696299613, 0.0224854797125, 0.0287585519254], "dmean": [0.119898542762, 0.0965276584029, 0.0694350674748, 0.0586923286319, 0.0622918531299, 0.0879496484995, 0.109202839434, 0.109740577638, 0.129135668278, 0.137619003654, 0.115608274937, 0.068142645061, 0.0571655407548, 0.0600470937788, 0.0972421094775, 0.1324544698, 0.126750126481, 0.0862948149443, 0.0640339702368, 0.070886336267, 0.107980951667, 0.139496400952, 0.149024516344, 0.14670111239, 0.123770929873, 0.0958078056574, 0.0632513985038, 0.0620695948601, 0.0922675579786, 0.16914075613, 0.172679662704, 0.138365834951, 0.0863710269332, 0.0652654618025, 0.0716248974204, 0.104147896171], "max": [1, 1, 1, 1, 1, 1, 1, 1, 1, 1, 1, 1, 1, 1, 1, 1, 1, 1, 1, 1, 1, 1, 1, 1, 1, 1, 1, 1, 1, 1, 1, 1, 1, 1, 1, 1], "var": [0.0988404229283, 0.0393761582673, 0.0179563984275, 0.019767748192, 0.0195330195129, 0.0298057813197, 0.0528949536383, 0.035855140537, 0.0584822706878, 0.125469729304, 0.0503910630941, 0.0131239062175, 0.0118719115853, 0.0116269811988, 0.0316714979708, 0.104345582426, 0.072049356997, 0.022102477029, 0.015793254599, 0.0184065233916, 0.0383535847068, 0.0927548483014, 0.0662967711687, 0.0711165070534, 0.106593728065, 0.0450218170881, 0.0161645375192, 0.0162906181067, 0.0224061869085, 0.0730027481914, 0.129518136382, 0.0694583132863, 0.0284498780966, 0.0176764559001, 0.018786251545, 0.0555593408644], "mean": [0.237746149302, 0.14786170423, 0.0630645677447, 0.0543930307031, 0.0541516132653, 0.104062303901, 0.154766514897, 0.134113252163, 0.226702213287, 0.338699281216, 0.208038195968, 0.0746331885457, 0.0635140761733, 0.0613560639322, 0.149889707565, 0.288627207279, 0.230635002255, 0.0948204547167, 0.0607438348234, 0.064347371459, 0.154130786657, 0.266018271446, 0.228842288256, 0.211492538452, 0.232345610857, 0.132026582956, 0.0640113279223, 0.063614398241, 0.0810594707727, 0.241810142994, 0.374079197645, 0.236617326736, 0.0875578969717, 0.0602616891265, 0.0654724836349, 0.161995008588]}, "tuning_equal_tempered_deviation": 0.0258379932493, "chords_changes_rate": 0.0378119014204, "key_key": "C", "tuning_diatonic_strength": 0.666797459126, "key_scale": "major", "chords_number_rate": 0.00153550866526, "tuning_frequency": 440.763122559, "tuning_nontempered_energy_ratio": 0.662922382355, "chords_histogram": [33.857963562, 0.479846447706, 26.0268707275, 0, 1.15163147449, 0, 2.1113243103, 0, 0, 0, 0, 0, 0.0191938579082, 0.0191938579082, 0, 1.36276388168, 0, 0.0383877158165, 0, 0.0959692895412, 0, 10.2879076004, 15.6046066284, 8.94433784485], "key_strength": 0.874091804028, "chords_key": "C", "chords_strength": {"dmean2": 0.00749420560896, "median": 0.546006381512, "min": -1, "dvar2": 0.00076695298776, "dvar": 0.000419271265855, "dmean": 0.00914879422635, "max": 0.781733512878, "var": 0.0124338557944, "mean": 0.538548588753}, "chords_scale": "major", "hpcp_entropy": {"dmean2": 0.967702448368, "median": 1.92776560783, "min": 0, "dvar2": 0.652756214142, "dvar": 0.25157520175, "dmean": 0.583830475807, "max": 3.9613878727, "var": 0.62322473526, "mean": 1.85564434528}}, "metadata": {"audio_properties": {"equal_loudness": 0, "codec": "flac", "downmix": "mix", "sample_rate": 44100, "analysis_sample_rate": 44100, "bit_rate": 0, "md5_encoded": "dcebac1c30c15cbcbe70a99a7f31642f", "length": 241.866668701, "replay_gain": -16.6929359436, "lossless": true}, "version": {"essentia_build_sha": "70f2e5ece6736b2c40cc944ad0e695b16b925413", "essentia": "2.1-beta2", "extractor": "music 1.0", "essentia_git_sha": "v2.1_beta2"}, "tags": {"title": ["The Fountain"], "barcode": ["634457520226"], "media": ["CD"], "albumartist": ["Echo & The Bunnymen"], "tracktotal": ["10"], "musicbrainz_releasegroupid": ["6f0c552f-3a2e-430c-b527-8da8ec5c5633"], "releasetype": ["album"], "musicbrainz_recordingid": ["07999f44-0905-4efd-86e8-9a167cf0da9b"], "musicbrainz_albumartistid": ["ccd4879c-5e88-4385-b131-bf65296bf245"], "originalyear": ["2009"], "musicbrainz_releasetrackid": ["fd0d780c-9b31-3b5a-9925-49f85116ab89"], "discnumber": ["1"], "album": ["The Fountain"], "catalognumber": ["OCEAN001CD"], "releasecountry": ["US"], "originaldate": ["2009-10-12"], "albumartistsort": ["Echo & The Bunnymen"], "date": ["2009-11-10"], "file_name": "06. Echo & The Bunnymen - The Fountain.flac", "disctotal": ["1"], "acoustid_id": ["7b1256dc-bc32-4c3d-8693-bef0bf5a2b9a"], "musicbrainz_artistid": ["ccd4879c-5e88-4385-b131-bf65296bf245"], "asin": ["B002QXIN0I"], "musicbrainz_albumid": ["7ce06e26-bd06-3577-907b-46a84bb1f8f2"], "tracknumber": ["6"], "artistsort": ["Echo & The Bunnymen"], "artist": ["Echo & The Bunnymen"], "label": ["Ocean Rain"], "releasestatus": ["official"], "totaldiscs": ["1"], "script": ["Latn"], "totaltracks": ["10"]}}, "rhythm": {"bpm_histogram_first_peak_bpm": {"dmean2": 0, "median": 115, "min": 115, "dvar2": 0, "dvar": 0, "dmean": 0, "max": 115, "var": 0, "mean": 115}, "bpm": 115.991752625, "bpm_histogram_second_peak_spread": {"dmean2": 0, "median": 0.5, "min": 0.5, "dvar2": 0, "dvar": 0, "dmean": 0, "max": 0.5, "var": 0, "mean": 0.5}, "bpm_histogram_first_peak_weight": {"dmean2": 0, "median": 0.51172709465, "min": 0.51172709465, "dvar2": 0, "dvar": 0, "dmean": 0, "max": 0.51172709465, "var": 0, "mean": 0.51172709465}, "onset_rate": 3.2123067379, "beats_position": [0.46439909935, 0.952018141747, 1.43963718414, 1.95047616959, 2.46131515503, 2.97215414047, 3.48299312592, 4.00544214249, 4.51628112793, 5.02712011337, 5.54956912994, 6.07201814651, 6.59446716309, 7.10530614853, 7.6277551651, 8.15020370483, 8.66104316711, 9.17188167572, 9.69433116913, 10.2167797089, 10.7276191711, 11.2500677109, 11.7725172043, 12.2833557129, 12.7941951752, 13.3166437149, 13.8390922546, 14.3499317169, 14.8723802567, 15.3832197189, 15.9056682587, 16.4165077209, 16.9273471832, 17.4497947693, 17.9722442627, 18.4946937561, 19.0171432495, 19.5279808044, 20.0388202667, 20.549659729, 21.0721092224, 21.5945568085, 22.1053962708, 22.6278457642, 23.1386852264, 23.6611328125, 24.1719722748, 24.6944217682, 25.2168693542, 25.7277088165, 26.2385482788, 26.7609977722, 27.2834453583, 27.7942848206, 28.316734314, 28.8391838074, 29.3500213623, 29.8724708557, 30.383310318, 30.8941497803, 31.4165973663, 31.9274368286, 32.449886322, 32.9723358154, 33.4947853088, 34.0172348022, 34.5280723572, 35.0389099121, 35.5497512817, 36.0722007751, 36.5946464539, 37.1054878235, 37.6163253784, 38.1387748718, 38.6612243652, 39.1836738586, 39.7061233521, 40.216960907, 40.7394104004, 41.2618598938, 41.7726974487, 42.2835350037, 42.7943763733, 43.3168258667, 43.8392753601, 44.350112915, 44.86095047, 45.3833999634, 45.9058494568, 46.4166870117, 46.9275283813, 47.4499778748, 47.9724235535, 48.4832649231, 49.0057144165, 49.5281639099, 50.0390014648, 50.5498390198, 51.0722885132, 51.5947380066, 52.1055755615, 52.6164169312, 53.1272544861, 53.6497039795, 54.1721534729, 54.6946029663, 55.2170524597, 55.7278900146, 56.2503395081, 56.7727890015, 57.3068466187, 57.8176841736, 58.3285255432, 58.8393630981, 59.3502044678, 59.8610420227, 60.3834915161, 60.9059410095, 61.4283905029, 61.9392280579, 62.4616775513, 62.9725151062, 63.4949645996, 64.0058059692, 64.5282516479, 65.0390930176, 65.5615386963, 66.0839920044, 66.5948257446, 67.1056671143, 67.6165084839, 68.1273422241, 68.6497955322, 69.1722412109, 69.694694519, 70.2171401978, 70.7279815674, 71.2504272461, 71.7728805542, 72.2837142944, 72.8061676025, 73.3170089722, 73.8394546509, 74.3502960205, 74.8611297607, 75.3835830688, 75.9060287476, 76.4168701172, 76.9044876099, 77.4385452271, 77.9726028442, 78.4834442139, 79.005897522, 79.5283432007, 80.0391845703, 80.561630249, 81.0840835571, 81.5949172974, 82.1173706055, 82.6282043457, 83.1506576538, 83.661491394, 84.1839447021, 84.7063903809, 85.2172317505, 85.7280731201, 86.2505187988, 86.7613601685, 87.2838058472, 87.7946472168, 88.3170928955, 88.8395462036, 89.3503875732, 89.8612213135, 90.3836746216, 90.9061203003, 91.4169616699, 91.9394073486, 92.4618606567, 92.972694397, 93.4835357666, 93.9943771362, 94.5052108765, 95.0276641846, 95.5501098633, 96.0609512329, 96.5833969116, 97.0942382812, 97.61668396, 98.1391372681, 98.6615829468, 99.1724243164, 99.6948699951, 100.217323303, 100.728164673, 101.250610352, 101.77305603, 102.2838974, 102.79473877, 103.317184448, 103.839637756, 104.350471497, 104.861312866, 105.383758545, 105.906211853, 106.417053223, 106.927886963, 107.450340271, 107.97278595, 108.495239258, 109.017684937, 109.528526306, 110.039360046, 110.550201416, 111.061042786, 111.583488464, 112.105941772, 112.63999939, 113.15083313, 113.650062561, 114.172515869, 114.694961548, 115.217414856, 115.728248596, 116.250701904, 116.773147583, 117.283988953, 117.794830322, 118.305664062, 118.828117371, 119.350563049, 119.873016357, 120.395462036, 120.906303406, 121.417137146, 121.939590454, 122.462036133, 122.984489441, 123.495323181, 124.006164551, 124.528617859, 125.039451599, 125.550292969, 126.072738647, 126.595191956, 127.106025696, 127.616867065, 128.139312744, 128.661773682, 129.172607422, 129.695053101, 130.217498779, 130.728347778, 131.239181519, 131.761627197, 132.284072876, 132.794921875, 133.317367554, 133.839813232, 134.350662231, 134.861495972, 135.38394165, 135.906387329, 136.417236328, 136.928070068, 137.450515747, 137.972961426, 138.483810425, 138.994644165, 139.517089844, 140.039550781, 140.550384521, 141.061218262, 141.58366394, 142.106124878, 142.628570557, 143.151016235, 143.661849976, 144.172698975, 144.695144653, 145.217590332, 145.728439331, 146.25088501, 146.773330688, 147.284164429, 147.795013428, 148.317459106, 148.839904785, 149.350738525, 149.861587524, 150.384033203, 150.906478882, 151.417327881, 151.928161621, 152.4506073, 152.973052979, 153.483901978, 154.006347656, 154.528793335, 155.039627075, 155.550476074, 156.072921753, 156.595367432, 157.106216431, 157.617050171, 158.13949585, 158.661941528, 159.184402466, 159.706848145, 160.217681885, 160.728515625, 161.250976562, 161.773422241, 162.284255981, 162.79510498, 163.317550659, 163.839996338, 164.362442017, 164.884887695, 165.395736694, 165.906570435, 166.417419434, 166.939865112, 167.462310791, 167.973144531, 168.48399353, 169.006439209, 169.528884888, 170.039718628, 170.550567627, 171.073013306, 171.583847046, 172.106307983, 172.617141724, 173.139587402, 173.662033081, 174.184494019, 174.695327759, 175.217773438, 175.728607178, 176.251068115, 176.773513794, 177.284347534, 177.795196533, 178.317642212, 178.840087891, 179.350921631, 179.873382568, 180.395828247, 180.906661987, 181.417495728, 181.939956665, 182.462402344, 182.973236084, 183.484085083, 183.994918823, 184.517364502, 185.028198242, 185.55065918, 186.073104858, 186.595550537, 187.106384277, 187.628845215, 188.151290894, 188.662124634, 189.172973633, 189.695419312, 190.21786499, 190.72869873, 191.239547729, 191.75038147, 192.26121521, 192.795272827, 193.317733765, 193.840179443, 194.351013184, 194.861862183, 195.384307861, 195.90675354, 196.41758728, 196.940048218, 197.462493896, 197.973327637, 198.484161377, 199.006622314, 199.529067993, 200.039901733, 200.550750732, 201.073196411, 201.59564209, 202.10647583, 202.617324829, 203.139770508, 203.662216187, 204.173049927, 204.695510864, 205.217956543, 205.728790283, 206.239639282, 206.762084961, 207.28453064, 207.79536438, 208.306213379, 208.828659058, 209.351104736, 209.861953735, 210.384399414, 210.895233154, 211.417678833, 211.928527832, 212.450973511, 212.973419189, 213.48425293, 214.006713867, 214.529159546, 215.039993286, 215.562438965, 216.073287964, 216.595733643, 217.118179321, 217.62902832, 218.139862061, 218.662307739, 219.173141479, 219.695602417, 220.218048096, 220.728881836, 221.239730835, 221.762176514, 222.284622192, 222.795455933, 223.31791687, 223.840362549, 224.351196289, 224.873641968, 225.396102905, 225.906936646, 226.417770386, 226.928619385, 227.451065063, 227.973510742, 228.484344482, 228.995193481, 229.51763916, 230.040084839, 230.550918579, 231.073379517, 231.595825195, 232.071838379, 232.547836304, 233.023849487, 233.546295166, 234.068756104, 234.591201782, 235.020767212, 235.450332642, 235.879898071, 236.297866821, 236.715820312, 237.133789062, 237.551742554, 237.958084106, 238.364440918, 238.770782471, 239.177139282, 239.583480835, 240.001449585, 240.419403076, 240.837371826, 241.255325317], "beats_loudness": {"dmean2": 0.01610641554, "median": 0.0435603708029, "min": 0, "dvar2": 0.000178203525138, "dvar": 6.28215420875e-05, "dmean": 0.00962014123797, "max": 0.0886826515198, "var": 0.000172660351382, "mean": 0.0422453545034}, "danceability": 1.00591814518, "bpm_histogram_second_peak_weight": {"dmean2": 0, "median": 0.0170575696975, "min": 0.0170575696975, "dvar2": 0, "dvar": 0, "dmean": 0, "max": 0.0170575696975, "var": 0, "mean": 0.0170575696975}, "beats_count": 470, "bpm_histogram_second_peak_bpm": {"dmean2": 0, "median": 144, "min": 144, "dvar2": 0, "dvar": 0, "dmean": 0, "max": 144, "var": 0, "mean": 144}, "bpm_histogram_first_peak_spread": {"dmean2": 0, "median": 0.461883425713, "min": 0.461883425713, "dvar2": 0, "dvar": 0, "dmean": 0, "max": 0.461883425713, "var": 0, "mean": 0.461883425713}, "beats_loudness_band_ratio": {"dmean2": [0.268738359213, 0.301948904991, 0.198827758431, 0.119435742497, 0.0784529075027, 0.0848655998707], "median": [0.335227131844, 0.229386404157, 0.183800503612, 0.0929205417633, 0.0773068293929, 0.0524974055588], "min": [0, 0, 0, 0, 0, 0], "dvar2": [0.0518860630691, 0.0464260242879, 0.0314511731267, 0.0153661798686, 0.00920400116593, 0.0123098753393], "dvar": [0.0177721697837, 0.0144199188799, 0.0111859375611, 0.00523092364892, 0.00287335948087, 0.00425009895116], "dmean": [0.154183715582, 0.161998853087, 0.116192929447, 0.0679344758391, 0.0461947880685, 0.046940613538], "max": [0.98954230547, 0.731255292892, 0.70174998045, 0.616606891155, 0.375502198935, 0.547756373882], "var": [0.0384502857924, 0.0205757971853, 0.0172965656966, 0.00612310972065, 0.00311341509223, 0.00333880353719], "mean": [0.364681690931, 0.246736824512, 0.212279602885, 0.11060526967, 0.0868168398738, 0.0625527575612]}}, "lowlevel": {"barkbands_spread": {"dmean2": 6.77487707138, "median": 20.8476428986, "min": 0.233545914292, "dvar2": 59.9067420959, "dvar": 31.5899734497, "dmean": 4.54440832138, "max": 113.03780365, "var": 162.998016357, "mean": 22.9896678925}, "melbands_spread": {"dmean2": 8.14966487885, "median": 21.3905715942, "min": 0.376027226448, "dvar2": 117.794380188, "dvar": 63.3283233643, "dmean": 5.31523609161, "max": 173.755218506, "var": 332.742492676, "mean": 24.453912735}, "hfc": {"dmean2": 9.5531244278, "median": 28.7596359253, "min": 1.06163304578e-16, "dvar2": 258.786315918, "dvar": 159.878509521, "dmean": 6.99862289429, "max": 259.944519043, "var": 625.248535156, "mean": 32.7390480042}, "barkbands_kurtosis": {"dmean2": 2.93997478485, "median": 1.46212863922, "min": -1.85241472721, "dvar2": 93.3948745728, "dvar": 34.6931991577, "dmean": 1.81320607662, "max": 529.653320312, "var": 1023.72558594, "mean": 5.95318365097}, "gfcc": {"mean": [30.1641693115, 90.6627120972, -106.821617126, 16.4088935852, -51.1996192932, 5.62891435623, -36.6060562134, 9.14487266541, -16.5945415497, -2.47847723961, -14.3550634384, 2.89759922028, -13.0775537491], "icov": [[0.000112774308946, 6.40073558316e-05, 0.000369271816453, -1.76262146852e-05, 0.000250171229709, -0.000131112305098, 0.000298715778627, -0.000147115220898, 0.00024369431776, -0.000236024003243, 0.000427559687523, -0.000492132094223, 0.000405965285609], [6.40073558316e-05, 0.00149095291272, 0.00131805927958, 0.000170884202817, -0.00103883049451, 0.00054003536934, -6.40053331153e-05, -0.000205285672564, -0.000190580598428, 0.000878063437995, -0.00139998807572, 0.000449990126071, -0.000602565007284], [0.000369271816453, 0.00131805927958, 0.00395111786202, 0.000305515073705, -0.000857504375745, -0.00121868774295, 0.000516112952027, 0.000469716556836, -2.5582523449e-05, -0.000737447524443, 0.000365083338693, -0.00180690817069, 0.000433411129052], [-1.76262146852e-05, 0.000170884202817, 0.000305515073705, 0.00396811729297, -0.000123061967315, -0.000158084774739, 0.000250072072959, 0.000484702701215, -0.00131886720192, 0.000924369960558, -0.00178224022966, 0.00166538509075, -0.000949436915107], [0.000250171229709, -0.00103883049451, -0.000857504375745, -0.000123061967315, 0.00648736860603, 0.00136788282543, -0.000656212039758, -0.00121381680947, -0.000688881613314, -0.000564743997529, 0.00120360997971, -0.00153832265642, 0.000694167567417], [-0.000131112305098, 0.00054003536934, -0.00121868774295, -0.000158084774739, 0.00136788282543, 0.0104061830789, -0.000417041912442, -0.00276600662619, 0.000282454158878, 0.000312281394145, 0.000209424644709, 0.0012286399724, -0.00139354739804], [0.000298715778627, -6.40053331153e-05, 0.000516112952027, 0.000250072072959, -0.000656212039758, -0.000417041912442, 0.00770995207131, -0.00100647332147, -0.000634628930129, 0.00023687898647, 0.000700939621311, -0.00087441172218, 0.00154328637291], [-0.000147115220898, -0.000205285672564, 0.000469716556836, 0.000484702701215, -0.00121381680947, -0.00276600662619, -0.00100647332147, 0.0117739289999, -0.00268402835354, -0.00194081570953, -0.000939803023357, 0.000525526702404, -0.00108187552541], [0.00024369431776, -0.000190580598428, -2.5582523449e-05, -0.00131886720192, -0.000688881613314, 0.000282454158878, -0.000634628930129, -0.00268402835354, 0.0157781280577, -0.00433665560558, 0.000765058386605, 0.000194498134078, 0.000936679891311], [-0.000236024003243, 0.000878063437995, -0.000737447524443, 0.000924369960558, -0.000564743997529, 0.000312281394145, 0.00023687898647, -0.00194081570953, -0.00433665560558, 0.0175380893052, -0.00620295340195, 0.000797025917564, 0.000685914827045], [0.000427559687523, -0.00139998807572, 0.000365083338693, -0.00178224022966, 0.00120360997971, 0.000209424644709, 0.000700939621311, -0.000939803023357, 0.000765058386605, -0.00620295340195, 0.018645754084, -0.00540009420365, -0.00122191768605], [-0.000492132094223, 0.000449990126071, -0.00180690817069, 0.00166538509075, -0.00153832265642, 0.0012286399724, -0.00087441172218, 0.000525526702404, 0.000194498134078, 0.000797025917564, -0.00540009420365, 0.0222175493836, -0.00647044461221], [0.000405965285609, -0.000602565007284, 0.000433411129052, -0.000949436915107, 0.000694167567417, -0.00139354739804, 0.00154328637291, -0.00108187552541, 0.000936679891311, 0.000685914827045, -0.00122191768605, -0.00647044461221, 0.020676061511]], "cov": [[28895.3984375, -1358.66687012, -2244.89575195, -187.704299927, -1684.05358887, 325.763092041, -998.645935059, 43.7386817932, -541.799804688, 5.74032068253, -574.918395996, 72.3731155396, -400.154907227], [-1358.66687012, 1536.21337891, -436.881347656, 58.3059539795, 257.852294922, -158.146682739, 91.086730957, 40.8329429626, 45.8990631104, -48.4526367188, 123.458770752, -23.4252586365, 58.797416687], [-2244.89575195, -436.881347656, 661.907653809, -35.8637657166, 103.698051453, 51.6314811707, 50.1080932617, -18.6041946411, 36.7631607056, 31.9798736572, 10.8439188004, 28.7985172272, 18.0353088379], [-187.704299927, 58.3059539795, -35.8637657166, 285.213043213, 7.97844648361, -4.46198320389, -4.4813542366, -3.40306401253, 23.4841117859, -5.59845972061, 29.1380138397, -17.7438240051, 14.112206459], [-1684.05358887, 257.852294922, 103.698051453, 7.97844648361, 294.94317627, -52.3449287415, 81.7478790283, 20.8250732422, 48.5788078308, 4.70468378067, 39.2548446655, 6.83100557327, 22.431344986], [325.763092041, -158.146682739, 51.6314811707, -4.46198320389, -52.3449287415, 126.686729431, -11.2478380203, 21.2480239868, -6.02572250366, 6.46878767014, -15.2528514862, -0.845187783241, -1.15249538422], [-998.645935059, 91.086730957, 50.1080932617, -4.4813542366, 81.7478790283, -11.2478380203, 174.234390259, 16.0718040466, 28.5018081665, -0.87957239151, 15.7124414444, -1.91015648842, 4.40838766098], [43.7386817932, 40.8329429626, -18.6041946411, -3.40306401253, 20.8250732422, 21.2480239868, 16.0718040466, 105.269187927, 23.0009994507, 19.0605182648, 11.0663194656, 0.476967900991, 4.73538208008], [-541.799804688, 45.8990631104, 36.7631607056, 23.4841117859, 48.5788078308, -6.02572250366, 28.5018081665, 23.0009994507, 86.613571167, 22.1497306824, 17.562210083, -3.35644960403, 4.6513133049], [5.74032068253, -48.4526367188, 31.9798736572, -5.59845972061, 4.70468378067, 6.46878767014, -0.87957239151, 19.0605182648, 22.1497306824, 76.2589569092, 21.6173629761, 5.45257425308, -1.66056418419], [-574.918395996, 123.458770752, 10.8439188004, 29.1380138397, 39.2548446655, -15.2528514862, 15.7124414444, 11.0663194656, 17.562210083, 21.6173629761, 88.1866531372, 14.0455884933, 21.151632309], [72.3731155396, -23.4252586365, 28.7985172272, -17.7438240051, 6.83100557327, -0.845187783241, -1.91015648842, 0.476967900991, -3.35644960403, 5.45257425308, 14.0455884933, 58.9892959595, 15.6206378937], [-400.154907227, 58.797416687, 18.0353088379, 14.112206459, 22.431344986, -1.15249538422, 4.40838766098, 4.73538208008, 4.6513133049, -1.66056418419, 21.151632309, 15.6206378937, 63.2762184143]]}, "spectral_energyband_middle_low": {"dmean2": 0.00830009207129, "median": 0.0196356661618, "min": 1.43830181571e-22, "dvar2": 9.52443224378e-05, "dvar": 3.76844800485e-05, "dmean": 0.00525198783726, "max": 0.0827017724514, "var": 0.000117059425975, "mean": 0.0206478796899}, "melbands_crest": {"dmean2": 4.36143445969, "median": 10.8304233551, "min": 1.46821510792, "dvar2": 16.0508728027, "dvar": 5.94005012512, "dmean": 2.60868382454, "max": 27.0140514374, "var": 20.2043838501, "mean": 11.7303829193}, "spectral_kurtosis": {"dmean2": 2.30527973175, "median": 4.95250320435, "min": -1.26728320122, "dvar2": 10.8869333267, "dvar": 3.85071849823, "dmean": 1.41003632545, "max": 36.8818855286, "var": 14.2065906525, "mean": 5.62601280212}, "spectral_rms": {"dmean2": 0.000871060998179, "median": 0.0061298571527, "min": 3.12590101373e-12, "dvar2": 9.17804186429e-07, "dvar": 3.63006364523e-07, "dmean": 0.000543924688827, "max": 0.00976331345737, "var": 2.15896102418e-06, "mean": 0.00591192534193}, "zerocrossingrate": {"dmean2": 0.0106640420854, "median": 0.05126953125, "min": 0.0009765625, "dvar2": 0.000212485843804, "dvar": 0.000182864736416, "dmean": 0.00926928129047, "max": 0.75390625, "var": 0.00296955299564, "mean": 0.0621449202299}, "silence_rate_60dB": {"dmean2": 0.000384024577215, "median": 0, "min": 0, "dvar2": 0.000383853213862, "dvar": 0.000191957005882, "dmean": 0.000191993851331, "max": 1, "var": 0.038248077035, "mean": 0.0398349016905}, "erbbands_kurtosis": {"dmean2": 0.950867712498, "median": -0.270424246788, "min": -1.70271158218, "dvar2": 1.48336827755, "dvar": 0.702883839607, "dmean": 0.618723332882, "max": 27.5451049805, "var": 3.68983602524, "mean": 0.311607569456}, "erbbands": {"dmean2": [0.110806830227, 1.12445700169, 3.83338332176, 5.5826382637, 11.3349113464, 15.3695774078, 19.9011592865, 27.2112216949, 26.349363327, 38.8703384399, 43.7494163513, 53.4744567871, 41.0086402893, 34.1552467346, 29.2616977692, 32.94506073, 29.1867465973, 28.2930793762, 24.3088569641, 18.1393489838, 33.1924133301, 30.4635295868, 20.485496521, 18.8561840057, 9.14870166779, 7.6047501564, 6.29447793961, 6.27403736115, 6.75775098801, 6.0348610878, 5.57369422913, 4.26158761978, 2.73294258118, 1.4703104496, 0.642655193806, 0.33622905612, 0.181802392006, 0.0620160028338, 0.00974768958986, 0.000552438781597], "median": [0.0468412041664, 0.851115167141, 2.7791531086, 4.35500860214, 5.77211666107, 9.70358657837, 17.2213592529, 22.9685783386, 25.1090431213, 30.8576431274, 34.4021759033, 37.4850616455, 28.8294029236, 25.9078578949, 27.4016342163, 27.1750068665, 21.8551425934, 24.3407402039, 21.705291748, 17.0464935303, 34.4167938232, 33.657119751, 20.4391098022, 18.347738266, 8.58913612366, 4.75495433807, 3.84905266762, 4.06004476547, 3.55605196953, 2.77542495728, 2.14830517769, 1.45631885529, 0.970558404922, 0.589638471603, 0.298342227936, 0.114975750446, 0.0393033772707, 0.010707275942, 0.00137226539664, 0.000125229649711], "min": [8.27006116521e-23, 7.26756827026e-22, 2.40396800779e-21, 2.55031960338e-21, 1.17032744238e-20, 1.72425378634e-20, 4.59918430564e-20, 1.14911374934e-19, 1.47769664277e-19, 2.1889383282e-19, 2.36366704941e-19, 2.38758109941e-19, 4.11741971198e-19, 5.41855568697e-19, 8.38784198788e-19, 1.60989333954e-18, 1.7485206418e-18, 1.98731631091e-18, 2.03787172879e-18, 2.69738717388e-18, 3.42372392321e-18, 3.42859477625e-18, 5.78085552199e-18, 6.19386597466e-18, 4.24565214567e-18, 6.68041237019e-18, 8.97143796917e-18, 8.93512225874e-18, 1.01098171631e-17, 1.10806294172e-17, 1.04332298933e-17, 1.02324533063e-17, 1.00253975913e-17, 8.78749368045e-18, 6.20802317084e-18, 3.82309106565e-18, 2.12681349698e-18, 9.22403576719e-19, 2.56730728399e-19, 2.84336517787e-20], "dvar2": [0.0343769341707, 4.01180171967, 41.6665763855, 47.7460594177, 438.841003418, 858.600524902, 795.510070801, 1748.3963623, 1418.26574707, 4094.67431641, 4921.73242188, 7406.06054688, 6235.23925781, 3257.38891602, 1602.96118164, 2693.84594727, 2446.61425781, 1928.80761719, 1456.265625, 934.721862793, 1949.90942383, 1459.84265137, 850.49041748, 713.997009277, 347.342559814, 279.62008667, 255.596008301, 285.111022949, 319.113708496, 325.96182251, 319.175476074, 249.187667847, 103.758613586, 24.4919872284, 3.99364304543, 1.08593070507, 0.233435958624, 0.0254273489118, 0.000665350351483, 2.04862112696e-06], "dvar": [0.0138307707384, 1.40162217617, 14.7523021698, 17.5933475494, 183.093353271, 300.089508057, 312.74029541, 637.583435059, 641.275634766, 1689.79992676, 2355.44677734, 3328.07763672, 2616.14404297, 1484.45654297, 698.966186523, 1123.81921387, 1008.17779541, 774.164794922, 617.271972656, 424.678222656, 808.668151855, 636.503540039, 323.83694458, 265.470581055, 148.056762695, 132.930984497, 122.87525177, 144.336990356, 174.633926392, 175.209976196, 183.989257812, 134.216247559, 51.9849700928, 12.6067037582, 2.02722930908, 0.53465116024, 0.111415214837, 0.0111284730956, 0.000291795266094, 9.54281858867e-07], "dmean": [0.0652622580528, 0.640899300575, 2.21466469765, 3.34024524689, 7.03021001816, 9.02568340302, 12.4781579971, 16.7837944031, 17.1960639954, 24.9669837952, 28.9788627625, 34.6433296204, 26.1545543671, 22.3381996155, 18.7581748962, 20.590385437, 18.0783214569, 17.4579811096, 15.0334444046, 11.3036746979, 20.4640808105, 19.0580043793, 12.4992294312, 11.4103431702, 5.86115598679, 4.98156785965, 4.29016542435, 4.34463357925, 4.78833818436, 4.29920387268, 3.99863958359, 3.01485323906, 1.90476858616, 1.02218854427, 0.447516858578, 0.233922839165, 0.123370580375, 0.0405634455383, 0.00628961576149, 0.000363988627214], "max": [1.2844427824, 12.2795305252, 50.4367752075, 70.7078018188, 191.713745117, 214.034317017, 358.198822021, 492.748443604, 469.934753418, 955.155456543, 1069.63867188, 1434.11401367, 1300.7755127, 1461.58422852, 709.51550293, 952.399353027, 756.526916504, 486.817779541, 667.149108887, 495.131347656, 1083.10791016, 784.001953125, 453.362640381, 333.370605469, 398.907928467, 375.185150146, 424.275115967, 397.762084961, 372.672088623, 330.28213501, 418.452514648, 354.273956299, 240.64125061, 142.367462158, 57.2372512817, 28.0000686646, 14.1075019836, 2.99571418762, 0.426383495331, 0.0284942593426], "var": [0.0141727505252, 1.43950617313, 20.2655925751, 33.5760688782, 291.611175537, 332.721343994, 1001.13696289, 2400.95556641, 2048.51831055, 4785.43652344, 7588.80957031, 12488.7099609, 9235.61328125, 5739.01269531, 2711, 2913.49291992, 2412.40991211, 1624.7043457, 1558.69091797, 1024.79174805, 2220.85668945, 2486.48730469, 958.987976074, 583.709716797, 469.555999756, 317.860809326, 288.883087158, 345.492675781, 514.046386719, 487.719665527, 498.35836792, 317.986633301, 125.947425842, 33.1748275757, 4.81063556671, 1.09630894661, 0.265782535076, 0.0193023364991, 0.000462020543637, 1.68181782101e-06], "mean": [0.0834919661283, 1.15400123596, 4.23911046982, 5.99341487885, 11.5116481781, 15.1884374619, 27.5211296082, 38.8829650879, 40.0023727417, 52.2359313965, 61.3568229675, 71.8880462646, 58.3554191589, 49.2816200256, 41.7019958496, 42.0810508728, 35.7811088562, 35.654335022, 31.7713394165, 24.7247829437, 45.5961761475, 45.7159957886, 29.0228748322, 24.7503967285, 13.6976881027, 10.1601257324, 8.7697687149, 8.8146686554, 9.81003475189, 8.48853397369, 7.99248361588, 5.82340431213, 3.72328996658, 2.02894067764, 0.856254756451, 0.386570960283, 0.171804428101, 0.0510428026319, 0.00760361878201, 0.000496592430864]}, "spectral_strongpeak": {"dmean2": 0.94520765543, "median": 0.627134919167, "min": 0, "dvar2": 1.52555084229, "dvar": 0.618449747562, "dmean": 0.55356246233, "max": 11.1888103485, "var": 1.29040563107, "mean": 1.09441745281}, "spectral_energy": {"dmean2": 0.011393125169, "median": 0.0385145321488, "min": 1.00155383997e-20, "dvar2": 0.000179285591003, "dvar": 6.93014371791e-05, "dmean": 0.00705723883584, "max": 0.0977053418756, "var": 0.000189878366655, "mean": 0.0380376242101}, "average_loudness": 0.970721781254, "spectral_rolloff": {"dmean2": 648.415405273, "median": 1162.79296875, "min": 86.1328125, "dvar2": 1179153.25, "dvar": 612079.6875, "dmean": 401.437469482, "max": 21511.6699219, "var": 4321233, "mean": 1597.24621582}, "spectral_centroid": {"dmean2": 275.056610107, "median": 1153.00366211, "min": 132.040878296, "dvar2": 122352.234375, "dvar": 64376.9882812, "dmean": 181.705337524, "max": 11695.2763672, "var": 979842.1875, "mean": 1286.9119873}, "pitch_salience": {"dmean2": 0.0930413678288, "median": 0.615485906601, "min": 0.0808105617762, "dvar2": 0.00669852131978, "dvar": 0.00252978992648, "dmean": 0.0565488822758, "max": 0.979824960232, "var": 0.0119780525565, "mean": 0.599997222424}, "spectral_energyband_middle_high": {"dmean2": 0.00272057764232, "median": 0.00721264909953, "min": 1.19025928417e-21, "dvar2": 8.1686221165e-06, "dvar": 3.63476374332e-06, "dmean": 0.0017780357739, "max": 0.0462753847241, "var": 2.31333469856e-05, "mean": 0.00791458319873}, "spectral_contrast_coeffs": {"dmean2": [0.0832723006606, 0.0715177729726, 0.0591520667076, 0.0460069440305, 0.0351556017995, 0.0247744079679], "median": [-0.638089418411, -0.717615842819, -0.7609821558, -0.78680562973, -0.762775421143, -0.767489552498], "min": [-0.999680161476, -0.995767354965, -0.993316709995, -0.996982634068, -0.971335351467, -0.963718116283], "dvar2": [0.00489844474941, 0.00342560000718, 0.0021934104152, 0.00127598212566, 0.00081975403009, 0.000450626044767], "dvar": [0.00181818054989, 0.0012804887956, 0.00083505990915, 0.000480596616399, 0.000325612490997, 0.000197390123503], "dmean": [0.0497420169413, 0.0434900447726, 0.0362013317645, 0.0276245865971, 0.0217294991016, 0.0158293955028], "max": [-0.312463849783, -0.456781983376, -0.519124567509, -0.625980496407, -0.602237343788, -0.637768626213], "var": [0.00706243189052, 0.00512901647016, 0.00371784507297, 0.00191876548342, 0.00200083176605, 0.0017744252691], "mean": [-0.637212514877, -0.716264009476, -0.758255958557, -0.787549376488, -0.763786911964, -0.769536137581]}, "melbands_skewness": {"dmean2": 0.704500257969, "median": 1.98333609104, "min": -1.07181441784, "dvar2": 0.52223443985, "dvar": 0.204791113734, "dmean": 0.440499186516, "max": 14.3098163605, "var": 1.32665884495, "mean": 2.14331388474}, "spectral_spread": {"dmean2": 651112.9375, "median": 4469714, "min": 1361428.875, "dvar2": 1111089479680.0, "dvar": 598634463232, "dmean": 468641.84375, "max": 42616144, "var": 12298808721400.0, "mean": 4884752.5}, "dissonance": {"dmean2": 0.0288710203022, "median": 0.471392869949, "min": 0.0242632906884, "dvar2": 0.000832197139971, "dvar": 0.000300336920191, "dmean": 0.0171397160739, "max": 0.500000119209, "var": 0.00055626151152, "mean": 0.466482251883}, "spectral_skewness": {"dmean2": 0.281727790833, "median": 1.75175261497, "min": -0.0583757609129, "dvar2": 0.0921136215329, "dvar": 0.0371234491467, "dmean": 0.181695505977, "max": 4.43500232697, "var": 0.267961412668, "mean": 1.76972568035}, "spectral_flux": {"dmean2": 0.0308012478054, "median": 0.0895099565387, "min": 6.40630534732e-11, "dvar2": 0.00102533213794, "dvar": 0.000481201597722, "dmean": 0.0199277102947, "max": 0.250649034977, "var": 0.00137961003929, "mean": 0.0925122052431}, "spectral_contrast_valleys": {"dmean2": [0.617981076241, 0.488152295351, 0.431866705418, 0.370524406433, 0.312676906586, 0.308948159218], "median": [-6.75565624237, -5.95799922943, -6.58339929581, -7.04102134705, -7.19372653961, -9.60779094696], "min": [-28.2863769531, -28.0927124023, -27.8417053223, -27.6051750183, -27.5879802704, -27.3596305847], "dvar2": [0.291879981756, 0.192900791764, 0.154543727636, 0.128271758556, 0.121279798448, 0.164499238133], "dvar": [0.122872941196, 0.0895030349493, 0.0733774080873, 0.0666788071394, 0.0750338584185, 0.114289373159], "dmean": [0.367927014828, 0.29368776083, 0.261555671692, 0.22879229486, 0.21461969614, 0.246826693416], "max": [-5.20134592056, -4.69919729233, -5.19590187073, -5.46509122849, -5.63647794724, -7.09870624542], "var": [4.22713470459, 4.94766807556, 4.88872718811, 4.78214454651, 4.86661958694, 4.79755544662], "mean": [-7.07123184204, -6.31292676926, -6.94793128967, -7.42061948776, -7.56284141541, -10.0220012665]}, "erbbands_flatness_db": {"dmean2": 0.0201460327953, "median": 0.135228082538, "min": 0.039889652282, "dvar2": 0.00039631917025, "dvar": 0.000226543605095, "dmean": 0.0145060494542, "max": 0.294332325459, "var": 0.00147039629519, "mean": 0.139662235975}, "spectral_energyband_high": {"dmean2": 0.000760385009926, "median": 0.00057374255266, "min": 6.92066071709e-21, "dvar2": 3.88346552427e-06, "dvar": 2.51636060966e-06, "dmean": 0.000577493221499, "max": 0.0283885765821, "var": 8.58717430674e-06, "mean": 0.0014045718126}, "spectral_entropy": {"dmean2": 0.159332513809, "median": 7.65212154388, "min": 5.74240493774, "dvar2": 0.026237655431, "dvar": 0.0156690999866, "dmean": 0.116465389729, "max": 9.82710647583, "var": 0.193706572056, "mean": 7.63394021988}, "silence_rate_20dB": {"dmean2": 0, "median": 1, "min": 1, "dvar2": 0, "dvar": 0, "dmean": 0, "max": 1, "var": 0, "mean": 1}, "melbands_flatness_db": {"dmean2": 0.024746151641, "median": 0.174411997199, "min": 0.00312451203354, "dvar2": 0.000556817220058, "dvar": 0.000273427227512, "dmean": 0.016770042479, "max": 0.604819297791, "var": 0.00553889991716, "mean": 0.184234678745}, "barkbands": {"dmean2": [0.000478399364511, 0.0043304041028, 0.00365009950474, 0.00216673943214, 0.004299887456, 0.00301843835041, 0.00190913700499, 0.00230273348279, 0.0020444097463, 0.00144703802653, 0.000687261810526, 0.000771834806073, 0.000628583598882, 0.000604406930506, 0.000435110647231, 0.000499898276757, 0.000719279807527, 0.000344433647115, 0.000290074298391, 0.000167911101016, 0.000151990301674, 0.000179962196853, 0.000194098000065, 0.000175849534571, 0.000104934901174, 8.99049409782e-05, 5.98327351327e-05], "median": [6.47944325465e-05, 0.00317867938429, 0.00244697602466, 0.00125433760695, 0.00315379654057, 0.00295533752069, 0.00163592339959, 0.00174897280522, 0.00135907740332, 0.00092213449534, 0.000523746595718, 0.000600223720539, 0.000411903311033, 0.000466319092084, 0.00032022074447, 0.000441252894234, 0.000682348501869, 0.000294583122013, 0.000287388160359, 9.63973579928e-05, 0.00010217394447, 9.59992321441e-05, 7.88465695223e-05, 6.40600846964e-05, 4.93153856951e-05, 2.39393993979e-05, 8.72318378242e-06], "min": [2.05129461011e-25, 2.97545869447e-24, 4.7802052071e-25, 3.71440186212e-25, 1.24294296845e-23, 9.13515601059e-24, 7.40334363295e-24, 6.80390479715e-24, 9.07757074223e-24, 1.38691497459e-23, 1.70642730703e-23, 2.76767809629e-23, 3.31466257283e-23, 2.89949927791e-23, 3.28284434153e-23, 4.85068898235e-23, 5.56519469855e-23, 1.02069765893e-22, 1.09084165601e-22, 1.22155830615e-22, 2.21392714956e-22, 3.39778421532e-22, 3.58639568283e-22, 5.2753140643e-22, 8.65191944691e-22, 1.30227137328e-21, 1.98239609522e-21], "dvar2": [6.93954632425e-07, 5.61936758459e-05, 3.46575579897e-05, 7.38044582249e-06, 6.15854660282e-05, 1.70480489032e-05, 7.77302102506e-06, 1.06081115518e-05, 1.02543071989e-05, 5.77906621402e-06, 1.0410383311e-06, 1.39994472192e-06, 1.089215516e-06, 8.52215691793e-07, 5.31633020273e-07, 4.91717003115e-07, 7.78792582423e-07, 2.71041074029e-07, 1.79261988364e-07, 1.39637066354e-07, 1.54649370643e-07, 2.23169408287e-07, 3.62525838682e-07, 4.19951277308e-07, 1.10756396055e-07, 5.47046354882e-08, 2.41240218912e-08], "dvar": [2.65183587089e-07, 2.0620514988e-05, 1.24512953334e-05, 2.77343224298e-06, 2.31903686654e-05, 6.51985328659e-06, 3.48048570231e-06, 4.69338556286e-06, 4.53204165751e-06, 2.50863081419e-06, 4.56795049786e-07, 6.0736266505e-07, 4.48964442512e-07, 3.39245815439e-07, 2.32123014143e-07, 2.02792492132e-07, 3.26282929564e-07, 1.01832441146e-07, 6.91319357315e-08, 6.52259259937e-08, 7.88786280737e-08, 1.30612306748e-07, 2.10105440601e-07, 2.23431641189e-07, 5.74213672166e-08, 2.71335