{"metadata": {"tags": {"album": ["I'll Be There"], "tracknumber": ["5"], "genre": ["Rap/Hip Hop"], "artist": ["Loon"], "date": ["2003"], "discnumber": ["1"], "title": ["Down For Me (featuring Mario Winans)"], "file_name": "2172487.mp3", "musicbrainz_recordingid": ["079bf052-3b1d-4405-b574-2bf0fbf7c09c"], "length": ["259"]}, "audio_properties": {"sample_rate": 44100, "downmix": "mix", "lossless": false, "analysis_sample_rate": 44100, "md5_encoded": "947d4461e5e5410f78c7bc0e372579ca", "equal_loudness": 0, "replay_gain": -13.6399936676, "codec": "mp3", "bit_rate": 256026, "length": 259.395904541}, "version": {"extractor": "music 1.0", "essentia_build_sha": "70f2e5ece6736b2c40cc944ad0e695b16b925413", "essentia_git_sha": "v2.1_beta2", "essentia": "2.1-beta2"}}, "rhythm": {"beats_loudness_band_ratio": {"dvar2": [0.226196467876, 0.0833411514759, 0.0567864887416, 0.0399726592004, 0.0411744751036, 0.0198133103549], "var": [0.103233456612, 0.0350400656462, 0.0260402709246, 0.0134764611721, 0.0125181861222, 0.00453089410439], "min": [0.00383360497653, 0.00350989191793, 0.000567486160435, 0.000353926239768, 0.000749847560655, 0.000211359874811], "dmean": [0.397986322641, 0.204170376062, 0.191914051771, 0.142082452774, 0.150360509753, 0.0494527854025], "mean": [0.387487024069, 0.201094821095, 0.16093942523, 0.139772921801, 0.102758333087, 0.0416797921062], "max": [0.98222720623, 0.783457517624, 0.80517321825, 0.571579694748, 0.612873673439, 0.584268271923], "dmean2": [0.708549678326, 0.355499118567, 0.34528914094, 0.25393474102, 0.299280285835, 0.0915394574404], "median": [0.310866326094, 0.122671231627, 0.11232983321, 0.119661055505, 0.0700046941638, 0.0270973239094], "dvar": [0.0889046192169, 0.0336193852127, 0.019767107442, 0.0129328509793, 0.0134788956493, 0.0068301721476]}, "bpm_histogram_first_peak_weight": {"dvar2": 0, "var": 0, "min": 0.978672981262, "dmean": 0, "mean": 0.978672981262, "max": 0.978672981262, "dmean2": 0, "median": 0.978672981262, "dvar": 0}, "bpm": 97.9912948608, "beats_count": 423, "bpm_histogram_first_peak_spread": {"dvar2": 0, "var": 0, "min": 0.0190022587776, "dmean": 0, "mean": 0.0190022587776, "max": 0.0190022587776, "dmean2": 0, "median": 0.0190022587776, "dvar": 0}, "danceability": 1.68083178997, "bpm_histogram_first_peak_bpm": {"dvar2": 0, "var": 0, "min": 98, "dmean": 0, "mean": 98, "max": 98, "dmean2": 0, "median": 98, "dvar": 0}, "beats_position": [0.638548731804, 1.30031740665, 1.92725622654, 2.55419492722, 3.16952371597, 3.78485250473, 4.40018129349, 5.01551008224, 5.630838871, 6.24616765976, 6.84988641739, 7.45360517502, 8.06893444061, 8.68426322937, 9.29959201813, 9.91492080688, 10.5186395645, 11.1223583221, 11.7376871109, 12.3530158997, 12.9683446884, 13.5836734772, 14.1990022659, 14.8143310547, 15.4180498123, 16.0217685699, 16.6487064362, 17.2524261475, 17.8677539825, 18.483083725, 19.0984115601, 19.7137413025, 20.3174591064, 20.9211788177, 21.5365066528, 22.1518363953, 22.7671642303, 23.3824939728, 23.9862117767, 24.6015415192, 25.2168693542, 25.8205890656, 26.435918808, 27.0512466431, 27.6665763855, 28.2819042206, 28.8856239319, 29.4893417358, 30.1046714783, 30.7199993134, 31.3353290558, 31.9506568909, 32.5659866333, 33.1697044373, 33.7850341797, 34.3887519836, 35.0040817261, 35.6194114685, 36.2347373962, 36.8500671387, 37.4653968811, 38.0807266235, 38.6844444275, 39.2881622314, 39.9034919739, 40.5188217163, 41.134147644, 41.7494773865, 42.3648071289, 42.9801368713, 43.5838546753, 44.1875724792, 44.8029022217, 45.4182319641, 46.0335578918, 46.6372795105, 47.2526054382, 47.8679351807, 48.4832649231, 49.0869827271, 49.7023124695, 50.3176422119, 50.9329681396, 51.5482978821, 52.1636276245, 52.7673454285, 53.3826751709, 53.9863929749, 54.6017227173, 55.2170524597, 55.8207702637, 56.4361000061, 57.0514259338, 57.6551475525, 58.2704734802, 58.8858032227, 59.5011329651, 60.1164627075, 60.7317886353, 61.3471183777, 61.9508361816, 62.5545578003, 63.169883728, 63.7852134705, 64.3889312744, 65.0042648315, 65.6195907593, 66.2233123779, 66.8386383057, 67.4539642334, 68.0692977905, 68.6846237183, 69.299949646, 69.9152832031, 70.5189971924, 71.122718811, 71.7380523682, 72.3533782959, 72.9687042236, 73.5840377808, 74.18775177, 74.8030853271, 75.4184112549, 76.0221328735, 76.6374588013, 77.252784729, 77.8681182861, 78.4834442139, 79.0871658325, 79.7024917603, 80.3178253174, 80.9215393066, 81.5368728638, 82.1521987915, 82.7675247192, 83.3828582764, 83.9865722656, 84.6019058228, 85.2172317505, 85.8209533691, 86.4362792969, 87.0516052246, 87.6669387817, 88.2822647095, 88.8859863281, 89.4897003174, 90.1050338745, 90.7203598022, 91.3356933594, 91.9510192871, 92.5663452148, 93.181678772, 93.7853927612, 94.4007263184, 95.0160522461, 95.6197738647, 96.246711731, 96.8504257202, 97.4657592773, 98.0810852051, 98.6848068237, 99.288520813, 99.9038543701, 100.519180298, 101.134513855, 101.749839783, 102.36516571, 102.980499268, 103.584213257, 104.187934875, 104.803260803, 105.41859436, 106.033920288, 106.649246216, 107.264579773, 107.868293762, 108.483627319, 109.087341309, 109.702674866, 110.318000793, 110.933334351, 111.53704834, 112.152381897, 112.767707825, 113.383033752, 113.986755371, 114.602081299, 115.217414856, 115.832740784, 116.436462402, 117.05178833, 117.655509949, 118.270835876, 118.886169434, 119.501495361, 120.116821289, 120.720542908, 121.335868835, 121.951202393, 122.554916382, 123.170249939, 123.785575867, 124.400901794, 125.004623413, 125.619949341, 126.223670959, 126.838996887, 127.454330444, 128.069656372, 128.6849823, 129.300308228, 129.915649414, 130.519363403, 131.134689331, 131.750015259, 132.353744507, 132.969070435, 133.584396362, 134.19972229, 134.815048218, 135.418777466, 136.022491455, 136.637817383, 137.253143311, 137.868484497, 138.472198486, 139.087524414, 139.702850342, 140.31817627, 140.921905518, 141.537231445, 142.152557373, 142.767883301, 143.383224487, 143.986938477, 144.590652466, 145.205978394, 145.82131958, 146.436645508, 147.051971436, 147.655685425, 148.271011353, 148.886352539, 149.490066528, 150.105392456, 150.720718384, 151.336044312, 151.951385498, 152.555099487, 153.170425415, 153.785751343, 154.389480591, 155.004806519, 155.620132446, 156.235458374, 156.850784302, 157.45451355, 158.069839478, 158.685165405, 159.288879395, 159.904220581, 160.519546509, 161.134872437, 161.750198364, 162.353912354, 162.96925354, 163.584579468, 164.188293457, 164.803619385, 165.407348633, 166.022674561, 166.638000488, 167.253326416, 167.868652344, 168.48399353, 169.08770752, 169.703033447, 170.318359375, 170.922088623, 171.537414551, 172.152740479, 172.756454468, 173.383392334, 173.987121582, 174.60244751, 175.217773438, 175.833099365, 176.448425293, 177.052154541, 177.65586853, 178.271194458, 178.886520386, 179.501861572, 180.1171875, 180.732513428, 181.347839355, 181.951568604, 182.555282593, 183.170608521, 183.785934448, 184.412872314, 185.039810181, 185.643539429, 186.247253418, 186.850967407, 187.454696655, 188.058410645, 188.685348511, 189.300674438, 189.916000366, 190.531341553, 191.14666748, 191.75038147, 192.354095459, 192.969436646, 193.584762573, 194.188476562, 194.80380249, 195.419128418, 196.022857666, 196.638183594, 197.253509521, 197.868835449, 198.484161377, 199.099502563, 199.714828491, 200.31854248, 200.933868408, 201.549209595, 202.152923584, 202.768249512, 203.383575439, 203.998901367, 204.614242554, 205.229568481, 205.844894409, 206.460220337, 207.075546265, 207.679275513, 208.282989502, 208.886703491, 209.502029419, 210.117370605, 210.721084595, 211.336410522, 211.95173645, 212.567077637, 213.170791626, 213.786117554, 214.401443481, 215.016769409, 215.620498657, 216.235824585, 216.839538574, 217.454864502, 218.070205688, 218.685531616, 219.289245605, 219.904571533, 220.51991272, 221.135238647, 221.750564575, 222.354278564, 222.958007812, 223.57333374, 224.188659668, 224.803985596, 225.419311523, 226.034637451, 226.649978638, 227.253692627, 227.857406616, 228.472732544, 229.08807373, 229.703399658, 230.318725586, 230.922439575, 231.537780762, 232.153106689, 232.756820679, 233.372146606, 233.987472534, 234.602813721, 235.218139648, 235.833465576, 236.437179565, 237.052505493, 237.66784668, 238.283172607, 238.886886597, 239.502212524, 240.117553711, 240.732879639, 241.336593628, 241.951919556, 242.555648804, 243.170974731, 243.786300659, 244.401626587, 245.016952515, 245.620681763, 246.23600769, 246.851333618, 247.455047607, 248.070373535, 248.685714722, 249.301040649, 249.916366577, 250.531692505, 251.135421753, 251.750747681, 252.35446167, 252.969787598, 253.585113525, 254.200454712, 254.81578064, 255.419494629, 256.023223877, 256.638549805, 257.253875732, 257.86920166, 258.484527588, 259.099853516], "beats_loudness": {"dvar2": 0.0096609769389, "var": 0.00328266364522, "min": 2.67763198281e-06, "dmean": 0.0618153885007, "mean": 0.0555517189205, "max": 0.331580907106, "dmean2": 0.106608636677, "median": 0.0363158285618, "dvar": 0.00365207227878}, "bpm_histogram_second_peak_weight": {"dvar2": 0, "var": 0, "min": 0.00236966833472, "dmean": 0, "mean": 0.00236966833472, "max": 0.00236966833472, "dmean2": 0, "median": 0.00236966833472, "dvar": 0}, "bpm_histogram_second_peak_spread": {"dvar2": 0, "var": 0, "min": 0, "dmean": 0, "mean": 0, "max": 0, "dmean2": 0, "median": 0, "dvar": 0}, "bpm_histogram_second_peak_bpm": {"dvar2": 0, "var": 0, "min": 91, "dmean": 0, "mean": 91, "max": 91, "dmean2": 0, "median": 91, "dvar": 0}, "onset_rate": 5.01901721954}, "lowlevel": {"spectral_energyband_high": {"dvar2": 5.30946226718e-06, "var": 2.34096023632e-06, "min": 8.13325256513e-21, "dmean": 0.000698998512235, "mean": 0.000849798729178, "max": 0.0191860441118, "dmean2": 0.00117003452033, "median": 0.000344523956301, "dvar": 2.06665936275e-06}, "spectral_energyband_middle_low": {"dvar2": 0.000403497979278, "var": 0.000188125937711, "min": 2.90654525729e-22, "dmean": 0.00882647465914, "mean": 0.0150530040264, "max": 0.149226129055, "dmean2": 0.0147073687986, "median": 0.0121146123856, "dvar": 0.000148147737491}, "spectral_energy": {"dvar2": 0.00366053450853, "var": 0.00367920123972, "min": 1.10255251198e-20, "dmean": 0.0270577967167, "mean": 0.0466233417392, "max": 0.351080000401, "dmean2": 0.0436482653022, "median": 0.0247033331543, "dvar": 0.00172619114164}, "spectral_spread": {"dvar2": 1788740894720.0, "var": 3385577963520.0, "min": 880099.25, "dmean": 825351.125, "mean": 5565868.5, "max": 41184068, "dmean2": 1216959.625, "median": 5249025.5, "dvar": 985060868096}, "spectral_energyband_low": {"dvar2": 0.00352316955104, "var": 0.00326901557855, "min": 6.31886294106e-23, "dmean": 0.0191703420132, "mean": 0.0282048173249, "max": 0.332838654518, "dmean2": 0.0306290835142, "median": 0.00431388849393, "dvar": 0.00166485959198}, "spectral_rolloff": {"dvar2": 4248569.5, "var": 3385499, "min": 64.599609375, "dmean": 709.038085938, "mean": 1251.88720703, "max": 19099.9511719, "dmean2": 1213.80664062, "median": 624.462890625, "dvar": 2002732.5}, "barkbands": {"dvar2": [2.37780545831e-06, 0.00220214785077, 0.00248651043512, 3.97651092499e-05, 0.000123132384033, 4.21192962676e-05, 1.70273706317e-05, 1.67649650393e-05, 4.33500099462e-06, 2.07471362046e-06, 7.33840408884e-07, 2.87417674372e-06, 1.00011925497e-06, 3.66623112313e-06, 5.14778366778e-06, 5.44979627648e-07, 2.84846305476e-06, 5.87871568314e-07, 1.5766235606e-07, 1.07257085347e-06, 8.66152277013e-07, 7.72731851839e-08, 5.84340007492e-08, 2.22858773213e-07, 7.96850443407e-08, 1.9990549216e-09, 1.03525989864e-11], "var": [1.2748540712e-06, 0.00115697924048, 0.000860937521793, 1.74933629751e-05, 4.7716039262e-05, 1.89768488781e-05, 1.02418025563e-05, 1.14709910122e-05, 3.97656276618e-06, 1.41072644055e-06, 5.66223377518e-07, 1.48066965266e-06, 7.10769654688e-07, 1.14369777293e-06, 1.2082542753e-06, 2.59852100726e-07, 6.95579558396e-07, 1.9284620123e-07, 6.26485459065e-08, 2.39128411295e-07, 1.88604616369e-07, 4.03451743125e-08, 6.41357829068e-08, 2.38013328158e-07, 6.69570994205e-08, 2.32770691611e-09, 2.9407457372e-12], "min": [6.97515419344e-23, 2.33399708048e-23, 1.02164902519e-23, 1.14524349197e-23, 9.36216083348e-23, 2.17683673995e-23, 2.41872799922e-23, 7.47414847458e-23, 5.98538682397e-23, 2.98576879096e-23, 6.96325880208e-23, 2.64127260256e-23, 1.23468659244e-22, 1.36185425202e-22, 9.13023067864e-23, 1.93628054888e-22, 7.07595736427e-23, 1.23869122905e-22, 2.76540680797e-22, 5.12729700032e-22, 3.33048592352e-22, 4.65212657095e-22, 5.28741582167e-22, 8.45082277251e-22, 1.42909779057e-21, 1.58224343493e-21, 2.92440900618e-21], "dmean": [0.000376600160962, 0.0123284636065, 0.0121273146942, 0.00236963573843, 0.00373352947645, 0.00250772689469, 0.00126440206077, 0.00133445730899, 0.000679483579006, 0.000577556667849, 0.00026098912349, 0.000470010738354, 0.000303751701722, 0.00048477013479, 0.000510732526891, 0.000242039648583, 0.000350132235326, 0.000246967567364, 0.000143329030834, 0.000260622269707, 0.000216605461901, 0.000103074067738, 8.03456132417e-05, 0.000121005781693, 7.00935925124e-05, 1.51242811626e-05, 7.97111113116e-07], "mean": [0.000414485053625, 0.0156287886202, 0.0108029106632, 0.0028048469685, 0.00448335101828, 0.00302214873955, 0.00169259973336, 0.00184353487566, 0.00102350255474, 0.000883169996087, 0.000347130029695, 0.000492439139634, 0.000386888888897, 0.000458104739664, 0.000440418196376, 0.000238510998315, 0.000321211438859, 0.000234631923377, 0.00016083047376, 0.000209736987017, 0.000175648965524, 0.000118502037367, 0.0001105416668, 0.000194698484847, 0.000110751658212, 2.31307258218e-05, 7.21710989637e-07], "max": [0.0111359963194, 0.269628763199, 0.215883806348, 0.0424148961902, 0.0814124494791, 0.0740836784244, 0.0680615380406, 0.0463057979941, 0.0414607301354, 0.0175107084215, 0.0179622303694, 0.0135464537889, 0.0203601997346, 0.0152395162731, 0.0134501289576, 0.0050304569304, 0.0115852346644, 0.00543033052236, 0.00337375467643, 0.00471506407484, 0.00470258109272, 0.00335595570505, 0.00476076407358, 0.00991528201848, 0.00539320567623, 0.00107173074502, 3.94795533794e-05], "dmean2": [0.00057925877627, 0.0204531531781, 0.0209734644741, 0.00400473223999, 0.00639413343742, 0.00424026558176, 0.00194078928325, 0.00210960581899, 0.0010624009883, 0.000863738183398, 0.000410736363847, 0.000744332442991, 0.000446529331384, 0.000867504626513, 0.000943153339904, 0.000398159463657, 0.000612755015027, 0.000429692736361, 0.000237426851527, 0.000477672729176, 0.000396261195419, 0.000174067274202, 0.00012368458556, 0.000177135298145, 0.000101623896626, 2.28185344895e-05, 1.43195688906e-06], "median": [4.15213544329e-05, 0.000530438381247, 0.000561651890166, 0.00110806478187, 0.00184331974015, 0.00139510096051, 0.000492760620546, 0.000402916775784, 0.000245196308242, 0.000383949256502, 7.36925867386e-05, 7.86467280705e-05, 6.79580698488e-05, 5.92731666984e-05, 9.243592649e-05, 4.37907619926e-05, 7.90796184447e-05, 5.75297781324e-05, 6.4061867306e-05, 5.42573397979e-05, 4.72137035104e-05, 4.18491108576e-05, 3.58450743079e-05, 7.37133595976e-05, 3.91507855966e-05, 8.88531212695e-06, 1.79304521453e-07], "dvar": [9.91242814052e-07, 0.000860812258907, 0.000926582841203, 1.4580208699e-05, 4.53778411611e-05, 1.5940535377e-05, 7.16778140486e-06, 6.75019600749e-06, 1.88846763649e-06, 8.6244853037e-07, 3.07084036422e-07, 1.18629270673e-06, 4.34057142229e-07, 1.30630928652e-06, 1.70710598013e-06, 2.23896293505e-07, 9.75465582087e-07, 2.12082667872e-07, 6.00105067861e-08, 3.77763456072e-07, 3.03757673237e-07, 3.061855125e-08, 2.97056121923e-08, 1.15005022394e-07, 3.82690714673e-08, 1.0380574178e-09, 3.76923579154e-12]}, "melbands_skewness": {"dvar2": 4.56591796875, "var": 5.98490381241, "min": -4.61372756958, "dmean": 1.31365442276, "mean": 3.50512361526, "max": 21.9377613068, "dmean2": 1.97692286968, "median": 3.07809686661, "dvar": 2.09145021439}, "barkbands_skewness": {"dvar2": 2.82210540771, "var": 3.79035949707, "min": -6.39602947235, "dmean": 1.04229640961, "mean": 2.43654680252, "max": 19.765668869, "dmean2": 1.55329191685, "median": 2.13413333893, "dvar": 1.32040143013}, "erbbands": {"dvar2": [2.02581262589, 116.891586304, 3014.41113281, 594.695129395, 763.979797363, 1347.90673828, 5349.32910156, 2722.24267578, 3346.71411133, 4509.36328125, 6963.34375, 2717.45483398, 925.55456543, 2002.00219727, 1590.65844727, 4880.64990234, 2496.14624023, 6139.84228516, 17478.6210938, 3667.02539062, 1261.40661621, 9342.51074219, 2676.10644531, 335.875457764, 746.775146484, 1800.03405762, 1405.65600586, 1673.85498047, 162.713745117, 55.7563514709, 54.9684677124, 99.083656311, 72.6253890991, 21.2825622559, 1.61083102226, 0.1110162884, 0.0034235175699, 3.56871423719e-05, 4.17196758917e-07, 5.53261569891e-09], "var": [0.730325400829, 71.6865844727, 1146.38830566, 257.587158203, 347.769500732, 571.249023438, 1636.50244141, 1498.00646973, 1989.93322754, 3124.60009766, 5158.70996094, 2575.70361328, 890.984680176, 1365.92468262, 1275.05041504, 2695.94628906, 1615.8215332, 2236.96777344, 4288.53027344, 1481.97167969, 485.722869873, 2135.82983398, 858.032043457, 148.376022339, 243.441696167, 422.313354492, 308.116699219, 357.228515625, 66.8854675293, 35.7598075867, 63.8277053833, 115.112953186, 61.1089744568, 15.678896904, 1.81733453274, 0.137431845069, 0.00371426180936, 3.36470475304e-05, 1.10486539029e-07, 4.73099293075e-09], "min": [1.69393109396e-21, 2.10679973766e-21, 8.41371364482e-21, 2.70034048008e-20, 2.3975736997e-19, 1.94879538866e-19, 3.40414988309e-19, 1.43323232442e-19, 3.50484774893e-19, 1.07621512329e-18, 1.15733713955e-18, 1.44561526989e-18, 1.02343769148e-18, 1.80797755705e-18, 2.11622827347e-18, 1.56522238114e-18, 5.83234131127e-18, 6.32128322186e-18, 5.03922647788e-18, 6.42730875123e-18, 9.80068984198e-18, 5.00806492985e-18, 4.73726791758e-18, 1.1925173378e-17, 1.7430584787e-17, 2.71324257186e-17, 9.7367115575e-18, 1.71169493316e-17, 1.61689308664e-17, 1.73924037843e-17, 1.49031013381e-17, 1.92715099818e-17, 1.2690230245e-17, 1.33267027129e-17, 1.21835440695e-17, 5.39730138453e-18, 3.45552074596e-18, 1.25298961725e-18, 4.42970520863e-19, 4.40531578827e-20], "dmean": [0.334001004696, 2.92684817314, 13.3636312485, 8.35908412933, 9.83701896667, 11.7542057037, 22.8297348022, 18.9712924957, 16.2595291138, 22.2354469299, 27.3603477478, 16.5509548187, 11.506939888, 17.7547473907, 11.7223033905, 19.2560863495, 14.8113069534, 21.3692722321, 29.6320514679, 17.9440898895, 12.4619503021, 18.9601535797, 15.4442329407, 6.89227676392, 8.87806987762, 11.1402339935, 9.10917949677, 9.15744972229, 4.4030995369, 2.69930624962, 2.28170490265, 2.38660788536, 2.12222409248, 1.05953156948, 0.359944552183, 0.107663691044, 0.0199274737388, 0.00207159481943, 0.000157353977556, 3.50795780832e-05], "mean": [0.36231726408, 3.88110780716, 12.7827949524, 9.89882946014, 11.6173973083, 14.2921133041, 24.4215831757, 23.9566440582, 23.1215515137, 31.2326488495, 38.9030761719, 26.338136673, 18.5749530792, 27.3317375183, 16.9119491577, 20.9981918335, 18.6559848785, 22.3548908234, 26.8950309753, 17.6958713531, 12.2557277679, 17.1396255493, 15.1273832321, 7.77767562866, 9.27241897583, 9.34290981293, 7.34949922562, 7.22004270554, 4.64665842056, 3.42621231079, 3.20649504662, 3.85732841492, 3.21479201317, 1.61582958698, 0.578738510609, 0.168068930507, 0.0303227063268, 0.0029960651882, 0.000159933406394, 5.97702928644e-05], "max": [6.76596927643, 63.8061676025, 250.798721313, 148.640762329, 351.590148926, 370.592346191, 527.944519043, 915.902832031, 1488.8963623, 875.33795166, 1103.69580078, 1233.36669922, 439.122375488, 542.746154785, 977.760986328, 603.633850098, 929.905517578, 718.373474121, 790.889892578, 304.031219482, 159.080047607, 671.583007812, 375.470031738, 120.074302673, 227.536270142, 183.751602173, 185.851989746, 172.597702026, 120.822257996, 88.5429077148, 183.354125977, 278.864105225, 182.904968262, 91.1061096191, 29.312877655, 7.99537134171, 1.30859005451, 0.110229685903, 0.007686145138, 0.000426937447628], "dmean2": [0.567585647106, 4.83974695206, 23.0068416595, 14.2067546844, 16.858549118, 20.0478897095, 39.6492271423, 31.4291744232, 24.8979606628, 34.3223571777, 43.2708587646, 25.561504364, 17.4997367859, 26.7142887115, 17.8943214417, 30.1633358002, 21.632516861, 37.2900276184, 54.2264175415, 32.7454948425, 20.924243927, 33.7372283936, 26.8626556396, 11.6074333191, 15.077507019, 20.2213726044, 16.7198810577, 16.8170318604, 7.61620473862, 4.41132450104, 3.46255254745, 3.49793100357, 3.17187047005, 1.56932485104, 0.517798006535, 0.15947046876, 0.0305992178619, 0.00327164819464, 0.000279594998574, 5.75326521357e-05], "median": [0.0146128060296, 0.129661142826, 1.03818416595, 3.56884407997, 4.20180892944, 4.82305908203, 10.0209598541, 9.78555965424, 8.41613864899, 10.3870000839, 10.9009876251, 7.38047981262, 8.32183265686, 11.3065347672, 4.26749706268, 3.69656252861, 3.81896567345, 4.09294223785, 6.23774003983, 3.10302233696, 2.81606626511, 4.15105056763, 4.17461252213, 2.66197872162, 3.65059661865, 2.583745718, 2.09940814972, 1.67507266998, 1.46772515774, 1.29757380486, 0.991702616215, 1.3281160593, 1.18168020248, 0.557070970535, 0.20105163753, 0.0640075132251, 0.0111510846764, 0.00109547155444, 5.95489036641e-05, 3.40373553627e-05], "dvar": [0.715539038181, 48.4597473145, 1144.94970703, 216.924118042, 284.64440918, 500.890899658, 1948.50524902, 1083.93286133, 1387.73632812, 1909.70996094, 2891.32714844, 1180.61181641, 426.684265137, 832.928222656, 685.046020508, 2055.76245117, 1050.8737793, 2206.06347656, 5940.31542969, 1291.3951416, 478.012115479, 3185.9440918, 953.649230957, 130.254470825, 274.510620117, 637.120910645, 495.041137695, 585.10949707, 61.6797409058, 23.4285182953, 28.6332511902, 51.7783622742, 35.1988868713, 9.89412975311, 0.845366954803, 0.0597389824688, 0.00170238269493, 1.70284947671e-05, 1.4989184649e-07, 2.44470066413e-09]}, "silence_rate_30dB": {"dvar2": 0.118753686547, "var": 0.116356693208, "min": 0, "dmean": 0.0671321153641, "mean": 0.865568757057, "max": 1, "dmean2": 0.134276255965, "median": 1, "dvar": 0.0626305639744}, "melbands_spread": {"dvar2": 873.817565918, "var": 517.764709473, "min": 0.264592319727, "dmean": 9.93199825287, "mean": 18.1464672089, "max": 278.675323486, "dmean2": 15.9957046509, "median": 12.2712049484, "dvar": 363.937805176}, "melbands_crest": {"dvar2": 36.7149467468, "var": 39.5280380249, "min": 1.8531652689, "dmean": 4.3484082222, "mean": 16.4241008759, "max": 36.8557853699, "dmean2": 7.19022035599, "median": 15.5732622147, "dvar": 15.1475172043}, "zerocrossingrate": {"dvar2": 0.000560025277082, "var": 0.00237376522273, "min": 0.00244140625, "dmean": 0.0158281438053, "mean": 0.0554944127798, "max": 0.5361328125, "dmean2": 0.0176005922258, "median": 0.0439453125, "dvar": 0.000515558524057}, "barkbands_kurtosis": {"dvar2": 1038.71484375, "var": 673.525695801, "min": -1.95250403881, "dmean": 9.7908039093, "mean": 13.2601881027, "max": 644.518676758, "dmean2": 14.991645813, "median": 5.78053092957, "dvar": 447.661560059}, "spectral_flux": {"dvar2": 0.0103216292337, "var": 0.00881164241582, "min": 1.05002499751e-10, "dmean": 0.0566483996809, "mean": 0.123267710209, "max": 0.503181934357, "dmean2": 0.0943028926849, "median": 0.094084829092, "dvar": 0.00436259340495}, "barkbands_crest": {"dvar2": 23.737991333, "var": 22.7891483307, "min": 2.43724560738, "dmean": 3.50187516212, "mean": 12.0960674286, "max": 26.3671684265, "dmean2": 5.70722818375, "median": 11.4253234863, "dvar": 9.27429866791}, "barkbands_flatness_db": {"dvar2": 0.00233000214212, "var": 0.0046221925877, "min": 0.019462864846, "dmean": 0.0361757017672, "mean": 0.168616980314, "max": 0.650963366032, "dmean2": 0.0504574812949, "median": 0.158619195223, "dvar": 0.00119599851314}, "spectral_entropy": {"dvar2": 0.160057395697, "var": 0.307878702879, "min": 4.1124420166, "dmean": 0.297058463097, "mean": 7.44362735748, "max": 9.79965305328, "dmean2": 0.415945023298, "median": 7.48934793472, "dvar": 0.0868100076914}, "pitch_salience": {"dvar2": 0.0243653897196, "var": 0.0255785044283, "min": 0.0616354048252, "dmean": 0.109502382576, "mean": 0.514934241772, "max": 0.977621853352, "dmean2": 0.17644700408, "median": 0.516720056534, "dvar": 0.0101309930906}, "erbbands_spread": {"dvar2": 537.010986328, "var": 547.870239258, "min": 0.91260778904, "dmean": 13.6725702286, "mean": 41.7162284851, "max": 190.517074585, "dmean2": 20.550113678, "median": 37.0801696777, "dvar": 229.633407593}, "dynamic_complexity": 3.09515523911, "spectral_contrast_valleys": {"dvar2": [0.85897564888, 0.719883322716, 0.660851120949, 0.925053477287, 0.776083707809, 0.491156548262], "var": [2.09225749969, 1.47570645809, 1.40323889256, 1.44321572781, 1.21165835857, 1.32421529293], "min": [-27.4717826843, -27.4122009277, -26.7802581787, -26.911239624, -27.1893081665, -27.3205184937], "dmean": [0.717795014381, 0.637014508247, 0.58658182621, 0.628857374191, 0.575585782528, 0.441948235035], "mean": [-7.83709764481, -7.16740846634, -7.68796062469, -8.04757213593, -7.84518623352, -9.91752433777], "max": [-4.82065534592, -4.72929668427, -4.91027832031, -5.44783878326, -5.52251052856, -7.4103102684], "dmean2": [1.07888495922, 0.963611423969, 0.883230805397, 0.927288353443, 0.816662371159, 0.611283302307], "median": [-7.90759038925, -7.00774288177, -7.62644910812, -8.10486412048, -7.80005311966, -9.72364139557], "dvar": [0.437790542841, 0.36000585556, 0.353050798178, 0.463762700558, 0.377049684525, 0.243606805801]}, "hfc": {"dvar2": 722.41204834, "var": 362.450256348, "min": 1.2837578409e-16, "dmean": 11.8196582794, "mean": 19.9090938568, "max": 171.968887329, "dmean2": 19.7256298065, "median": 13.9499664307, "dvar": 271.79019165}, "spectral_kurtosis": {"dvar2": 19.0119113922, "var": 12.0886831284, "min": -1.38466584682, "dmean": 1.63228738308, "mean": 4.0098772049, "max": 155.051803589, "dmean2": 2.52426695824, "median": 3.46745872498, "dvar": 7.66604661942}, "mfcc": {"mean": [-664.41418457, 112.725410461, 21.7700901031, 17.5832061768, 5.35596752167, -1.88226890564, -1.36232411861, -0.415318876505, -0.897144436836, 0.503893315792, -3.0396091938, -1.7611887455, -5.00230503082], "cov": [[8892.3125, 181.704101562, -438.998931885, -79.951713562, -53.0096168518, -35.8407249451, -202.561264038, -197.512313843, -118.945205688, -46.8319625854, 100.824195862, 22.1086997986, -169.853256226], [181.704101562, 1499.64709473, 97.8998031616, 76.6842575073, 35.3097457886, 98.1288375854, 60.8035697937, 74.2115249634, 54.7914924622, 63.8493232727, 117.16204834, 89.9889144897, 78.224281311], [-438.998931885, 97.8998031616, 890.147033691, 268.096679688, 164.3409729, 38.9201011658, 120.304779053, 56.270652771, -12.9606685638, 58.1400413513, -1.09945082664, 47.4643516541, 13.9894590378], [-79.951713562, 76.6842575073, 268.096679688, 598.821533203, 238.205245972, 121.629768372, 61.0730400085, -0.782052874565, 34.9579734802, 24.0563201904, -30.6469459534, 22.2757892609, 34.7751426697], [-53.0096168518, 35.3097457886, 164.3409729, 238.205245972, 349.156158447, 130.010498047, 90.0533447266, 47.6438179016, 40.8866653442, 70.0379714966, 34.5845870972, 31.6870555878, 30.1813259125], [-35.8407249451, 98.1288375854, 38.9201011658, 121.629768372, 130.010498047, 298.827056885, 137.247497559, 75.2726821899, 67.9549331665, 49.8985366821, 72.614982605, 42.0422859192, 44.2802200317], [-202.561264038, 60.8035697937, 120.304779053, 61.0730400085, 90.0533447266, 137.247497559, 274.796875, 141.85899353, 71.7056808472, 57.536441803, 52.4009475708, 27.9986152649, 32.7610969543], [-197.512313843, 74.2115249634, 56.270652771, -0.782052874565, 47.6438179016, 75.2726821899, 141.85899353, 242.434860229, 113.537986755, 66.377822876, 57.1105651855, 7.50672006607, 41.1965560913], [-118.945205688, 54.7914924622, -12.9606685638, 34.9579734802, 40.8866653442, 67.9549331665, 71.7056808472, 113.537986755, 189.122970581, 77.2737197876, 38.8576316833, 4.89981842041, 19.8484306335], [-46.8319625854, 63.8493232727, 58.1400413513, 24.0563201904, 70.0379714966, 49.8985366821, 57.536441803, 66.377822876, 77.2737197876, 170.568389893, 81.8597869873, 35.9541702271, 23.8082180023], [100.824195862, 117.16204834, -1.09945082664, -30.6469459534, 34.5845870972, 72.614982605, 52.4009475708, 57.1105651855, 38.8576316833, 81.8597869873, 182.193069458, 79.3506088257, 42.4410400391], [22.1086997986, 89.9889144897, 47.4643516541, 22.2757892609, 31.6870555878, 42.0422859192, 27.9986152649, 7.50672006607, 4.89981842041, 35.9541702271, 79.3506088257, 132.10647583, 57.0501327515], [-169.853256226, 78.224281311, 13.9894590378, 34.7751426697, 30.1813259125, 44.2802200317, 32.7610969543, 41.1965560913, 19.8484306335, 23.8082180023, 42.4410400391, 57.0501327515, 111.30103302]], "icov": [[0.000125137506984, -2.26894680964e-05, 6.77852513036e-05, -3.01876116282e-05, -1.68829428731e-05, -1.32359591589e-05, 5.57495768589e-05, 1.96176533791e-05, 6.29811183899e-05, 1.7967333406e-05, -0.000122544341139, -7.76821034378e-05, 0.000265471579041], [-2.26894680964e-05, 0.000735257170163, -7.55435976316e-05, -8.90910232556e-05, 0.00013282422151, -0.000105028404505, 5.75949670747e-05, -9.47913722484e-05, -7.75105290813e-05, -2.22853159926e-07, -0.000294501776807, -0.000158127993927, -0.000282925029751], [6.77852513036e-05, -7.55435976316e-05, 0.00154535181355, -0.000614258577116, -0.000249707110925, 0.000379608332878, -0.000519910769071, -0.000407481769798, 0.000737016322091, -0.000490006816108, 0.000310526986141, -0.000666306412313, 0.000571275711991], [-3.01876116282e-05, -8.90910232556e-05, -0.000614258577116, 0.002802048577, -0.00151567545254, -0.000625371641945, 9.97027673293e-05, 0.00073341751704, -0.000723680539522, 0.000262594578089, 0.00104510318488, -4.55569424958e-05, -0.000725016230717], [-1.68829428731e-05, 0.00013282422151, -0.000249707110925, -0.00151567545254, 0.00475013861433, -0.00111010286491, -0.000286266062176, -0.000210963713471, 0.000383816717658, -0.00131013814826, -0.00011643635662, -3.25585824612e-05, -2.53733160207e-05], [-1.32359591589e-05, -0.000105028404505, 0.000379608332878, -0.000625371641945, -0.00111010286491, 0.00549642462283, -0.00214230362326, 0.000388978485717, -0.000871047202963, 0.000589908333495, -0.00144967995584, 3.63367036016e-07, -0.00061603152426], [5.57495768589e-05, 5.75949670747e-05, -0.000519910769071, 9.97027673293e-05, -0.000286266062176, -0.00214230362326, 0.00662595033646, -0.00313163665123, 0.000185349301319, -0.000202600145712, 0.00012608274119, -0.000590219977312, 0.000482264411403], [1.96176533791e-05, -9.47913722484e-05, -0.000407481769798, 0.00073341751704, -0.000210963713471, 0.000388978485717, -0.00313163665123, 0.00831762142479, -0.00356715777889, -3.63951221516e-05, -0.00124716723803, 0.00207861955278, -0.00228174868971], [6.29811183899e-05, -7.75105290813e-05, 0.000737016322091, -0.000723680539522, 0.000383816717658, -0.000871047202963, 0.000185349301319, -0.00356715777889, 0.00893064495176, -0.00308695062995, 0.000493450206704, 0.000218867062358, 0.000559665902983], [1.7967333406e-05, -2.22853159926e-07, -0.000490006816108, 0.000262594578089, -0.00131013814826, 0.000589908333495, -0.000202600145712, -3.63951221516e-05, -0.00308695062995, 0.00952404178679, -0.00347077497281, -0.000139450756251, 0.000108976797492], [-0.000122544341139, -0.000294501776807, 0.000310526986141, 0.00104510318488, -0.00011643635662, -0.00144967995584, 0.00012608274119, -0.00124716723803, 0.000493450206704, -0.00347077497281, 0.0104737030342, -0.00481954170391, -0.00018176760932], [-7.76821034378e-05, -0.000158127993927, -0.000666306412313, -4.55569424958e-05, -3.25585824612e-05, 3.63367036016e-07, -0.000590219977312, 0.00207861955278, 0.000218867062358, -0.000139450756251, -0.00481954170391, 0.0132300872356, -0.00544922752306], [0.000265471579041, -0.000282925029751, 0.000571275711991, -0.000725016230717, -2.53733160207e-05, -0.00061603152426, 0.000482264411403, -0.00228174868971, 0.000559665902983, 0.000108976797492, -0.00018176760932, -0.00544922752306, 0.0134372385219]]}, "silence_rate_20dB": {"dvar2": 0, "var": 0, "min": 1, "dmean": 0, "mean": 1, "max": 1, "dmean2": 0, "median": 1, "dvar": 0}, "melbands_kurtosis": {"dvar2": 3182.76367188, "var": 2255.72021484, "min": -1.82567369938, "dmean": 19.4492588043, "mean": 30.0335521698, "max": 755.178894043, "dmean2": 30.2838954926, "median": 14.968793869, "dvar": 1388.82434082}, "barkbands_spread": {"dvar2": 255.634887695, "var": 217.865509033, "min": 0.210783779621, "dmean": 8.03076934814, "mean": 17.3776493073, "max": 126.017189026, "dmean2": 12.4919433594, "median": 13.7283563614, "dvar": 110.89881134}, "erbbands_skewness": {"dvar2": 0.91422188282, "var": 0.982950210571, "min": -4.43643045425, "dmean": 0.645204722881, "mean": 0.820582687855, "max": 6.59066915512, "dmean2": 0.975715339184, "median": 0.816531300545, "dvar": 0.421125978231}, "average_loudness": 0.955915272236, "spectral_centroid": {"dvar2": 609349.4375, "var": 526514.5625, "min": 112.729316711, "dmean": 395.99911499, "mean": 1046.73254395, "max": 10806.8867188, "dmean2": 622.035339355, "median": 849.50793457, "dvar": 270059}, "dissonance": {"dvar2": 0.00187035521958, "var": 0.00211365753785, "min": 0.135054320097, "dmean": 0.0303940679878, "mean": 0.440781354904, "max": 0.500000119209, "dmean2": 0.0474867224693, "median": 0.451598465443, "dvar": 0.000844475172926}, "erbbands_flatness_db": {"dvar2": 0.00102637859527, "var": 0.00170138198882, "min": 0.035172637552, "dmean": 0.0232366304845, "mean": 0.159933656454, "max": 0.391991227865, "dmean2": 0.0335398465395, "median": 0.154076859355, "dvar": 0.000502598239109}, "spectral_strongpeak": {"dvar2": 0.789663076401, "var": 0.47368901968, "min": 0, "dmean": 0.452147811651, "mean": 0.813663065434, "max": 8.48863315582, "dmean2": 0.759534239769, "median": 0.597243785858, "dvar": 0.310931563377}, "spectral_rms": {"dvar2": 8.86253656063e-06, "var": 1.30446587718e-05, "min": 3.27972718428e-12, "dmean": 0.00178117991891, "mean": 0.00569574581459, "max": 0.0185072161257, "dmean2": 0.00276286085136, "median": 0.00490925787017, "dvar": 4.44171473646e-06}, "silence_rate_60dB": {"dvar2": 0.084916934371, "var": 0.0679264590144, "min": 0, "dmean": 0.0388471186161, "mean": 0.0733017101884, "max": 1, "dmean2": 0.0777011886239, "median": 0, "dvar": 0.0373342074454}, "melbands": {"dvar2": [0.000169409642695, 0.000412778783357, 1.62652431754e-05, 4.78108040625e-06, 5.53300651518e-06, 1.26433360492e-06, 7.20575314972e-07, 5.67390941342e-07, 4.08494088333e-07, 9.97079965259e-08, 2.52102747567e-08, 4.10740881307e-08, 1.46773055931e-08, 3.6867700004e-08, 1.69289560148e-08, 1.31489770183e-08, 2.50057912154e-08, 4.51371988675e-08, 2.18164579735e-08, 3.30341731747e-09, 1.71700642593e-09, 9.49991640908e-09, 7.07974390224e-09, 7.33493932259e-10, 1.79114709176e-10, 3.95177557344e-10, 4.86827633761e-10, 9.82405046202e-10, 7.46857076184e-10, 5.40088973544e-10, 4.80131379099e-10, 5.82163831031e-11, 2.22522677368e-11, 1.68372277926e-11, 1.9478160404e-11, 3.35019859077e-11, 4.9028787974e-11, 4.22588214422e-11, 3.21769937084e-11, 1.30859940939e-11], "var": [7.25949721527e-05, 0.000218028275413, 7.99972076493e-06, 2.19211483454e-06, 1.72975546775e-06, 6.86007524564e-07, 4.42830099701e-07, 3.94521890712e-07, 3.1096411135e-07, 9.18658287219e-08, 2.25721326075e-08, 2.65284221257e-08, 1.16354028634e-08, 2.18470521673e-08, 8.40222114107e-09, 8.99342555982e-09, 9.22735932107e-09, 1.12552402953e-08, 5.72559377687e-09, 1.77924885936e-09, 6.04564620588e-10, 2.07353934023e-09, 2.08637618293e-09, 2.97834756857e-10, 8.21230652925e-11, 1.37396719002e-10, 1.47370490811e-10, 2.16966930533e-10, 1.61221300199e-10, 1.1352882523e-10, 1.06510716913e-10, 2.36628702743e-11, 1.32954775661e-11, 1.06801321259e-11, 1.79256245264e-11, 4.12201453526e-11, 4.70275381137e-11, 3.30229350809e-11, 2.2668519839e-11, 9.16488673147e-12], "min": [1.35084841177e-23, 3.59883945874e-24, 1.02512940061e-23, 1.79190827472e-23, 1.12574182487e-23, 3.69322824377e-24, 4.72493051234e-24, 1.39198877016e-23, 8.46840919577e-24, 9.60409989772e-24, 5.09101719262e-24, 7.00948589335e-24, 8.1717754073e-24, 3.21254847295e-24, 7.94834554426e-24, 1.52333253315e-23, 1.06836805012e-23, 8.30752574732e-24, 7.87144028347e-24, 1.1894103941e-23, 1.11048233618e-23, 4.64952487613e-24, 4.93778608938e-24, 4.6700305265e-24, 1.01243710197e-23, 1.07666457915e-23, 1.57492135423e-23, 1.87785293485e-23, 4.6698388333e-24, 7.07439889066e-24, 1.05469630177e-23, 8.32977004712e-24, 1.01080273994e-23, 9.57642034628e-24, 9.30450630314e-24, 8.11556039034e-24, 1.28831185794e-23, 9.56718120736e-24, 7.53108940135e-24, 1.21893674781e-23], "dmean": [0.00322875264101, 0.0054080975242, 0.00151874416042, 0.000750222534407, 0.000741710886359, 0.00042579555884, 0.000252720055869, 0.000252357393038, 0.000214620144106, 9.52470800257e-05, 6.00055791438e-05, 7.85981173976e-05, 3.63810286217e-05, 5.4071933846e-05, 3.82732032449e-05, 3.1846913771e-05, 4.19512580265e-05, 4.87869838253e-05, 3.42606035701e-05, 1.85105145647e-05, 1.45010708366e-05, 1.93825617316e-05, 2.00880785997e-05, 9.55502946454e-06, 5.01329395775e-06, 6.74989678373e-06, 6.56548218103e-06, 7.92845094111e-06, 6.55205121802e-06, 5.2689201766e-06, 5.05077832713e-06, 2.59894272858e-06, 1.68131396094e-06, 1.46630236486e-06, 1.32444154133e-06, 1.39332826166e-06, 1.56612395585e-06, 1.64500011124e-06, 1.23826816889e-06, 8.31522015687e-07], "mean": [0.00382846198045, 0.00625314423814, 0.00187175383326, 0.000916838063858, 0.00082472077338, 0.000537151645403, 0.000354730553227, 0.000354977761162, 0.000306374218781, 0.000148146951688, 9.28550289245e-05, 0.000117156705528, 5.01037029608e-05, 6.06405228609e-05, 4.03727171943e-05, 4.12024710386e-05, 4.14021487813e-05, 4.38295683125e-05, 3.00773099298e-05, 1.87452606042e-05, 1.35859645525e-05, 1.6835911083e-05, 1.92042407434e-05, 9.64465198194e-06, 5.57320845473e-06, 7.08062407284e-06, 6.30380554867e-06, 6.22236439085e-06, 5.05693424202e-06, 4.06788421969e-06, 4.06854996982e-06, 2.67149516731e-06, 2.06870913644e-06, 1.81913742381e-06, 1.73878299847e-06, 2.07289190257e-06, 2.46496006184e-06, 2.37195740738e-06, 1.85028443411e-06, 1.19804587939e-06], "max": [0.068462729454, 0.104555591941, 0.0220366548747, 0.0210746899247, 0.0149655714631, 0.0178918018937, 0.0194591023028, 0.00916285440326, 0.00735178217292, 0.0081843379885, 0.00215397961438, 0.00250755157322, 0.00267232768238, 0.0018764155684, 0.000905908003915, 0.00274435058236, 0.00158640136942, 0.00125128566287, 0.000871131604072, 0.000426667218562, 0.000203089322895, 0.00068732368527, 0.000653242808767, 0.000309680443024, 0.000101795347291, 0.000172621017555, 0.000160975396284, 0.000127217106638, 0.000125996928546, 8.79404324223e-05, 0.000108394946437, 7.08971492713e-05, 5.92414180574e-05, 4.28102757724e-05, 0.000103291095002, 0.000143306766404, 0.000172517291503, 0.000122134239064, 0.000131783977849, 6.81514356984e-05], "dmean2": [0.00543326884508, 0.00906959269196, 0.00255036656745, 0.00129485828802, 0.00128206401132, 0.000706945487764, 0.000386282190448, 0.000392527144868, 0.000337626115652, 0.000147586688399, 9.07475550775e-05, 0.000118838375784, 5.64836191188e-05, 8.409495058e-05, 5.96842255618e-05, 4.78041620227e-05, 7.35803550924e-05, 8.91690724529e-05, 6.37252742308e-05, 3.02675816783e-05, 2.46547479037e-05, 3.47021123162e-05, 3.50233276549e-05, 1.66332356457e-05, 8.42885401653e-06, 1.13441401481e-05, 1.14483364086e-05, 1.45856120071e-05, 1.21038274301e-05, 9.71302142716e-06, 9.22045819607e-06, 4.50355992143e-06, 2.78059997072e-06, 2.40902159021e-06, 2.04382172342e-06, 2.07236780625e-06, 2.32987304116e-06, 2.51327014666e-06, 1.84851796803e-06, 1.24612620311e-06], "median": [0.000126524930238, 0.00052730331663, 0.000757380097639, 0.000330870621838, 0.000365891784895, 0.000233238650253, 0.000119395641377, 0.000114237031084, 8.02216673037e-05, 3.74167138943e-05, 4.06256367569e-05, 4.38798124378e-05, 1.13210307973e-05, 1.00001834653e-05, 7.67846631788e-06, 7.00197097103e-06, 5.92318201598e-06, 9.59168028203e-06, 5.24438064531e-06, 2.95586914945e-06, 3.07010054712e-06, 3.84270288123