{"tonal": {"thpcp": [1, 0.604826271534, 0.241573438048, 0.149671047926, 0.134585797787, 0.307695358992, 0.469084709883, 0.335076659918, 0.31668561697, 0.441267967224, 0.353200137615, 0.285490959883, 0.337323367596, 0.443071097136, 0.804498195648, 0.994114100933, 0.647869706154, 0.314007431269, 0.238028839231, 0.314596444368, 0.551544427872, 0.64333319664, 0.409789770842, 0.213169902563, 0.217144235969, 0.312858402729, 0.495381623507, 0.607116580009, 0.472922682762, 0.430055886507, 0.460333168507, 0.296915978193, 0.188994243741, 0.221135273576, 0.37226203084, 0.796818256378], "hpcp": {"dmean2": [0.144950389862, 0.188541665673, 0.215859547257, 0.235783919692, 0.22698289156, 0.200209707022, 0.168310925364, 0.129258200526, 0.117083333433, 0.142277821898, 0.215270981193, 0.269141286612, 0.282040029764, 0.249946549535, 0.159619748592, 0.106429778039, 0.0883227735758, 0.122690223157, 0.138915523887, 0.127243578434, 0.135896041989, 0.159568965435, 0.171824887395, 0.167791068554, 0.193681910634, 0.25641849637, 0.308827638626, 0.32544413209, 0.292929917574, 0.187505856156, 0.149510130286, 0.166762918234, 0.211865931749, 0.238602921367, 0.202302768826, 0.146042704582], "median": [0.00930369272828, 0.0148137779906, 0.0377489924431, 0.0480417385697, 0.0368271693587, 0.0306272730231, 0.0268833227456, 0.0207287073135, 0.00991045497358, 0.0107514020056, 0.027258105576, 0.106361821294, 0.138829484582, 0.0753193944693, 0.0167295746505, 0.00787803065032, 0.00657347636297, 0.0125729478896, 0.0151055604219, 0.0161326937377, 0.0191101543605, 0.02078204602, 0.0213194712996, 0.018234917894, 0.0220544841141, 0.0400148183107, 0.111004695296, 0.160411328077, 0.0889864116907, 0.022854924202, 0.01314689219, 0.0206426009536, 0.0517297051847, 0.0654827654362, 0.0381205156446, 0.0136786187068], "min": [0, 0, 0, 0, 0, 0, 0, 0, 0, 0, 0, 0, 0, 0, 0, 0, 0, 0, 0, 0, 0, 0, 0, 0, 0, 0, 0, 0, 0, 0, 0, 0, 0, 0, 0, 0], "dvar2": [0.0852185636759, 0.119961209595, 0.123381957412, 0.128453448415, 0.129381075501, 0.108835890889, 0.081679277122, 0.0522333309054, 0.0601708367467, 0.0730169117451, 0.112432800233, 0.107696920633, 0.120261505246, 0.10819774121, 0.0837692692876, 0.0577899627388, 0.04352132231, 0.0552874729037, 0.0737918615341, 0.055410258472, 0.0614312365651, 0.0760827064514, 0.0755404606462, 0.0851023420691, 0.102982468903, 0.134075939655, 0.144891485572, 0.141365095973, 0.135926216841, 0.0988727584481, 0.0760517045856, 0.0873401984572, 0.100789837539, 0.113040111959, 0.0979153215885, 0.079146951437], "dvar": [0.0300850067288, 0.0435553193092, 0.0447186306119, 0.0470945686102, 0.0476587414742, 0.0400509536266, 0.0323757268488, 0.0204820688814, 0.0219557210803, 0.0261803697795, 0.0400449447334, 0.0412520058453, 0.0495293736458, 0.0401222892106, 0.0298577360809, 0.0205054674298, 0.0154204573482, 0.0203635003418, 0.028846129775, 0.0211954433471, 0.0231197942048, 0.0315949767828, 0.0285587497056, 0.0308102983981, 0.0384950190783, 0.0482421517372, 0.0525804758072, 0.0554617419839, 0.0492129996419, 0.0357501879334, 0.0278265308589, 0.0313677899539, 0.0382819995284, 0.0459223352373, 0.0372128859162, 0.0277884360403], "dmean": [0.0794802904129, 0.104922428727, 0.12285553664, 0.135932475328, 0.129775807261, 0.114016398787, 0.0978682115674, 0.0744692981243, 0.0648804008961, 0.0795155838132, 0.121980838478, 0.158868983388, 0.166722014546, 0.145698204637, 0.0883460640907, 0.0584741979837, 0.049313750118, 0.0721613690257, 0.0804829448462, 0.0742508098483, 0.0787511020899, 0.0934820920229, 0.0983374789357, 0.0935931056738, 0.108543373644, 0.14332999289, 0.17733977735, 0.19116948545, 0.167071461678, 0.104882575572, 0.0834666192532, 0.0938337296247, 0.12363114208, 0.140930518508, 0.114972688258, 0.0799272730947], "max": [1, 1, 1, 1, 1, 1, 1, 1, 1, 1, 1, 1, 1, 1, 1, 1, 1, 1, 1, 1, 1, 1, 1, 1, 1, 1, 1, 1, 1, 1, 1, 1, 1, 1, 1, 1], "var": [0.0260499622673, 0.0407885909081, 0.066489636898, 0.0796536132693, 0.0588633790612, 0.0506545267999, 0.0633373633027, 0.029175369069, 0.0211803205311, 0.0246268231422, 0.0405537486076, 0.0849598124623, 0.1200498119, 0.0585922636092, 0.0252251233906, 0.0153474342078, 0.0123462174088, 0.0335254594684, 0.0779173746705, 0.0386286452413, 0.0330020561814, 0.0649783834815, 0.0356998071074, 0.0298905111849, 0.038085732609, 0.0488482862711, 0.0869519189, 0.108794152737, 0.063257932663, 0.034461248666, 0.0254062507302, 0.0385415107012, 0.0661348029971, 0.0785676911473, 0.0422494895756, 0.0215901695192], "mean": [0.0663621947169, 0.0956137254834, 0.151395276189, 0.185542970896, 0.144531518221, 0.131430849433, 0.140683993697, 0.090741507709, 0.0577591769397, 0.0675819069147, 0.113768272102, 0.24351836741, 0.305613428354, 0.184843033552, 0.073828086257, 0.0457414835691, 0.0411312282085, 0.094035834074, 0.143358588219, 0.10240393132, 0.0967833772302, 0.134857416153, 0.107942707837, 0.0872498750687, 0.103090554476, 0.135408475995, 0.245865449309, 0.30381461978, 0.197997674346, 0.0959648862481, 0.0727448090911, 0.0961448997259, 0.168559387326, 0.196611255407, 0.125237256289, 0.0651475861669]}, "tuning_equal_tempered_deviation": 0.0204154085368, "chords_changes_rate": 0.0556492395699, "key_key": "F#", "tuning_diatonic_strength": 0.734026908875, "key_scale": "major", "chords_number_rate": 0.00393479503691, "tuning_frequency": 443.828887939, "tuning_nontempered_energy_ratio": 0.729750037193, "chords_histogram": [31.3378295898, 3.17594146729, 3.54131531715, 2.58572220802, 4.44069719315, 1.82686901093, 0.252951085567, 0.477796524763, 0.168634057045, 0.19673974812, 4.41259145737, 0.421585172415, 1.9673974514, 0.871276021004, 0.871276021004, 0.449690848589, 0, 6.46430587769, 1.06801569462, 10.8768968582, 2.95109605789, 0.84317034483, 15.4862279892, 5.31197309494], "key_strength": 0.885799527168, "chords_key": "F#", "chords_strength": {"dmean2": 0.0113101126626, "median": 0.572520911694, "min": -1, "dvar2": 0.00116479222197, "dvar": 0.000639524077997, "dmean": 0.010764144361, "max": 0.872316122055, "var": 0.0259566698223, "mean": 0.559912204742}, "chords_scale": "major", "hpcp_entropy": {"dmean2": 1.07306170464, "median": 1.8043166399, "min": 0, "dvar2": 0.74190723896, "dvar": 0.27436631918, "dmean": 0.628374636173, "max": 4.01269054413, "var": 0.556741416454, "mean": 1.75700962543}}, "metadata": {"audio_properties": {"equal_loudness": 0, "codec": "mp3", "downmix": "mix", "sample_rate": 44100, "analysis_sample_rate": 44100, "bit_rate": 320000, "md5_encoded": "6675cbc6a643827e7cd09b0c52c2a549", "length": 165.172241211, "replay_gain": -10.5020656586, "lossless": false}, "version": {"essentia_build_sha": "26c37b627ab5a2028d412893e0969599b764ad4d", "essentia": "2.1-beta2", "extractor": "music 1.0", "essentia_git_sha": "v2.1_beta2"}, "tags": {"title": ["Just Say Goodbye"], "barcode": ["5050749223128"], "media": ["CD"], "albumartist": ["Petula Clark"], "musicbrainz_recordingid": ["079bc81e-7f60-49ed-bd7b-00f1dd8477b4"], "mood": ["Retro; Funky; Groovy"], "originalyear": ["2005"], "discnumber": ["3/3"], "album": ["Songs of My Life"], "catalognumber": ["SMETD231"], "contentgroup": ["Pop"], "musicbrainz album type": ["album"], "musicbrainz album status": ["official"], "file_name": "3-04 Just Say Goodbye.mp3", "musicbrainz_albumartistid": ["40e69149-45a7-4dab-8128-c5a4d9654eeb"], "date": ["2005-07-25"], "genre": ["Pop; British Invasion"], "musicbrainz album release country": ["GB"], "musicbrainz_releasegroupid": ["11b46b7c-bc56-4dde-8608-032ea3421caa"], "musicbrainz_artistid": ["40e69149-45a7-4dab-8128-c5a4d9654eeb"], "originaldate": ["2005-07-25"], "musicbrainz_albumid": ["475794dd-f7a4-43bb-9ef3-6a855dc14fc6"], "artist": ["Petula Clark"], "artistsort": ["Clark, Petula"], "tracknumber": ["4/25"], "label": ["Sanctuary Records"], "albumartistsort": ["Clark, Petula"], "acoustid_id": ["ed73fa27-6a83-45ea-b39a-27e8184b67c2"], "script": ["Latn"]}}, "rhythm": {"bpm_histogram_first_peak_bpm": {"dmean2": 0, "median": 96, "min": 96, "dvar2": 0, "dvar": 0, "dmean": 0, "max": 96, "var": 0, "mean": 96}, "bpm": 95.3742904663, "bpm_histogram_second_peak_spread": {"dmean2": 0, "median": 0.347826123238, "min": 0.347826123238, "dvar2": 0, "dvar": 0, "dmean": 0, "max": 0.347826123238, "var": 0, "mean": 0.347826123238}, "bpm_histogram_first_peak_weight": {"dmean2": 0, "median": 0.405405402184, "min": 0.405405402184, "dvar2": 0, "dvar": 0, "dmean": 0, "max": 0.405405402184, "var": 0, "mean": 0.405405402184}, "onset_rate": 3.22665095329, "beats_position": [0.638548731804, 1.30031740665, 1.9620860815, 2.62385487556, 3.27401351929, 3.92417216301, 4.57433080673, 5.21287965775, 5.85142850876, 6.5015873909, 7.1517457962, 7.79029464722, 8.42884349823, 9.07900238037, 9.74077033997, 10.3909292221, 11.0294780731, 11.656416893, 12.294965744, 12.933514595, 13.572063446, 14.2106122971, 14.8491611481, 15.4877090454, 16.114648819, 16.7415866852, 17.3801364899, 18.0186843872, 18.6572322845, 19.2957820892, 19.9227199554, 20.549659729, 21.1765975952, 21.8035373688, 22.4420852661, 23.0806350708, 23.707572937, 24.3345127106, 24.9730606079, 25.6232185364, 26.2733783722, 26.9119262695, 27.5504760742, 28.1890239716, 28.8507938385, 29.5125617981, 30.1859397888, 30.8593196869, 31.5443077087, 32.2292976379, 32.8794555664, 33.5180053711, 34.1565513611, 34.7951011658, 35.4336509705, 36.0605888367, 36.6991386414, 37.3376846313, 37.9646263123, 38.6031723022, 39.2417221069, 39.8802719116, 40.5652618408, 41.2386398315, 41.9004058838, 42.550567627, 43.2007255554, 43.8392753601, 44.4778213501, 45.1163711548, 45.743309021, 46.3818588257, 47.0204086304, 47.6473464966, 48.2742843628, 48.901222229, 49.5281639099, 50.1551017761, 50.7820396423, 51.4089775085, 52.0359191895, 52.6512451172, 53.2665748596, 53.8935127258, 54.5204544067, 55.1590003967, 55.7975502014, 56.4477081299, 57.0746459961, 57.701587677, 58.3169136047, 58.9322433472, 59.5591812134, 60.1861228943, 60.8130607605, 61.4399986267, 62.0669364929, 62.6938781738, 63.32081604, 63.9361457825, 64.563079834, 65.1900177002, 65.8401794434, 66.4903411865, 67.1056671143, 67.720993042, 68.3595428467, 68.9864807129, 69.6134262085, 70.2287521362, 70.8556900024, 71.5290679932, 72.2024459839, 72.8758239746, 73.5492019653, 74.1993637085, 74.8379135132, 75.4764633179, 76.1266174316, 76.7651672363, 77.403717041, 78.0422668457, 78.6808166504, 79.3193664551, 79.9579086304, 80.5964584351, 81.2233963013, 81.8503417969, 82.4772796631, 83.1042175293, 83.7543716431, 84.4045333862, 85.0546951294, 85.7048492432, 86.3433990479, 86.9819488525, 87.6204986572, 88.2590484619, 88.8859863281, 89.5129241943, 90.1398620605, 90.7667999268, 91.393737793, 92.0090713501, 92.6243972778, 93.251335144, 93.8782730103, 94.5052108765, 95.1321487427, 95.7474822998, 96.374420166, 97.0013580322, 97.61668396, 98.2436294556, 98.8705673218, 99.497505188, 100.124443054, 100.762992859, 101.389930725, 102.02848053, 102.655418396, 103.282356262, 103.909294128, 104.524627686, 105.151565552, 105.766891479, 106.393829346, 107.020767212, 107.647705078, 108.274642944, 108.90158844, 109.528526306, 110.132240295, 110.747573853, 111.36289978, 112.013061523, 112.663215637, 113.290153503, 113.917098999, 114.532424927, 115.147750854, 115.763084412, 116.424850464, 117.098228455, 117.748390198, 118.398544312, 119.048706055, 119.675643921, 120.302581787, 120.929519653, 121.55645752, 122.183395386, 122.810340881, 123.437278748, 124.064216614, 124.679542542, 125.306480408, 125.933418274, 126.56036377, 127.175689697, 127.802627563, 128.42956543, 129.044891357, 129.660217285, 130.263946533, 130.867660522, 131.494598389, 132.121536255, 132.736862183, 133.352203369, 133.979141235, 134.594467163, 135.209793091, 135.825119019, 136.440444946, 137.055786133, 137.671112061, 138.298049927, 138.924987793, 139.528701782, 140.13243103, 140.73614502, 141.351470947, 141.966796875, 142.582122803, 143.185852051, 143.801177979, 144.416503906, 145.031829834, 145.647155762, 146.274108887, 146.901046753, 147.539596558, 148.166534424, 148.781860352, 149.408798218, 150.024124146, 150.651062012, 151.277999878, 151.904937744, 152.520263672, 153.135604858, 153.762542725, 154.389480591, 155.004806519, 155.631744385, 156.258682251, 156.874008179, 157.500946045, 158.127883911, 158.754821777, 159.381759644, 160.00869751, 160.635650635, 161.262588501, 161.889526367, 162.574508667, 163.259490967, 163.944488525, 164.629470825], "beats_loudness": {"dmean2": 0.0194859802723, "median": 0.0278976093978, "min": 2.91143165132e-10, "dvar2": 0.000319750484778, "dvar": 0.000115529022878, "dmean": 0.0115597732365, "max": 0.0708500221372, "var": 0.000314341887133, "mean": 0.0280591044575}, "danceability": 0.911888182163, "bpm_histogram_second_peak_weight": {"dmean2": 0, "median": 0.057915057987, "min": 0.057915057987, "dvar2": 0, "dvar": 0, "dmean": 0, "max": 0.057915057987, "var": 0, "mean": 0.057915057987}, "beats_count": 260, "bpm_histogram_second_peak_bpm": {"dmean2": 0, "median": 89, "min": 89, "dvar2": 0, "dvar": 0, "dmean": 0, "max": 89, "var": 0, "mean": 89}, "bpm_histogram_first_peak_spread": {"dmean2": 0, "median": 0.555084764957, "min": 0.555084764957, "dvar2": 0, "dvar": 0, "dmean": 0, "max": 0.555084764957, "var": 0, "mean": 0.555084764957}, "beats_loudness_band_ratio": {"dmean2": [0.415073245764, 0.272536098957, 0.321724206209, 0.25717061758, 0.0754004344344, 0.107228323817], "median": [0.191739857197, 0.201079621911, 0.209577649832, 0.101274833083, 0.0247603394091, 0.0241575352848], "min": [0.0021151304245, 0.00239564245567, 0.00240202737041, 0.000345419422956, 9.12928080652e-05, 0.000152602224261], "dvar2": [0.0772518068552, 0.0589181184769, 0.0670593380928, 0.0727512165904, 0.0146345319226, 0.0478619299829], "dvar": [0.030270922929, 0.0217174999416, 0.0234489385039, 0.0298419278115, 0.00529744941741, 0.0170484222472], "dmean": [0.231072485447, 0.156291216612, 0.182336702943, 0.156819522381, 0.0438949242234, 0.0580093190074], "max": [0.897206366062, 0.972568750381, 0.813306689262, 0.890687704086, 0.4654969275, 0.989929437637], "var": [0.0475541837513, 0.0398045778275, 0.0328192748129, 0.0552207231522, 0.00596980657429, 0.0148631474003], "mean": [0.245104163885, 0.246773347259, 0.241992846131, 0.216366603971, 0.0498585477471, 0.0557226501405]}}, "lowlevel": {"barkbands_spread": {"dmean2": 6.46090507507, "median": 10.6960325241, "min": 0.261394381523, "dvar2": 119.991348267, "dvar": 59.2277259827, "dmean": 4.19154310226, "max": 136.803771973, "var": 209.893356323, "mean": 14.5221014023}, "melbands_spread": {"dmean2": 8.17486000061, "median": 15.4408550262, "min": 0.539825201035, "dvar2": 278.632202148, "dvar": 142.331222534, "dmean": 5.26202106476, "max": 298.100921631, "var": 687.669616699, "mean": 20.4933834076}, "hfc": {"dmean2": 9.75541591644, "median": 14.5885782242, "min": 1.18183383696e-16, "dvar2": 502.427459717, "dvar": 245.428421021, "dmean": 6.49926948547, "max": 414.229400635, "var": 1049.88708496, "mean": 25.4910144806}, "barkbands_kurtosis": {"dmean2": 6.63335323334, "median": 3.29738140106, "min": -1.91950154305, "dvar2": 274.545776367, "dvar": 106.374816895, "dmean": 4.16717481613, "max": 262.114562988, "var": 248.534164429, "mean": 7.95088720322}, "gfcc": {"mean": [-53.7699546814, 97.4895324707, -101.438041687, -0.754162073135, -66.7113723755, 13.736284256, -42.1426467896, 7.73757266998, -33.0152702332, 3.99770212173, -10.1574325562, -5.81311750412, -2.69592881203], "icov": [[0.000335521093803, -0.000907998357434, 0.000819875393063, -0.0009152351995, 0.00118510145694, -0.00117749953642, 0.00119970424566, -0.000862891320139, 0.00116634834558, -0.00111548078712, 0.000968145905063, -0.00097825191915, 0.000533206795808], [-0.000907998357434, 0.00348724494688, -0.00252583739348, 0.00277906144038, -0.00348224001937, 0.00396035518497, -0.00380164687522, 0.00311987171881, -0.00367428758182, 0.00400283513591, -0.00355499773286, 0.00392094207928, -0.00191246008035], [0.000819875393063, -0.00252583739348, 0.00284005771391, -0.00216749333777, 0.00260276068002, -0.00288257934153, 0.0038424206432, -0.00257071270607, 0.00256890617311, -0.00326212448999, 0.00284797349013, -0.00288107478991, 0.00226699793711], [-0.0009152351995, 0.00277906144038, -0.00216749333777, 0.00536221498623, -0.00350235914811, 0.00305923516862, -0.00345827545971, 0.00175287562888, -0.00430966960266, 0.0037880402524, -0.00326249189675, 0.00177204422653, -0.000591683085077], [0.00118510145694, -0.00348224001937, 0.00260276068002, -0.00350235914811, 0.00846496783197, -0.00477919122204, 0.00265987729654, -0.00304669700563, 0.00318060070276, -0.00520491600037, 0.0035620064009, -0.00340943410993, 0.000795390398707], [-0.00117749953642, 0.00396035518497, -0.00288257934153, 0.00305923516862, -0.00477919122204, 0.00968454685062, -0.0069339745678, 0.00301628373563, -0.00262239715084, 0.00170323485509, -0.00311855622567, 0.00446318089962, -0.00217347638682], [0.00119970424566, -0.00380164687522, 0.0038424206432, -0.00345827545971, 0.00265987729654, -0.0069339745678, 0.0114013133571, -0.00338125089183, 0.00286244624294, -0.00294854701497, 0.00239034905098, -0.004691216629, 0.00355528015643], [-0.000862891320139, 0.00311987171881, -0.00257071270607, 0.00175287562888, -0.00304669700563, 0.00301628373563, -0.00338125089183, 0.00911594182253, -0.0034414594993, 0.00294816074893, -0.00327267171815, 0.00405923696235, -0.00470060994849], [0.00116634834558, -0.00367428758182, 0.00256890617311, -0.00430966960266, 0.00318060070276, -0.00262239715084, 0.00286244624294, -0.0034414594993, 0.0121396463364, -0.00630533276126, 0.00647176895291, -0.00691663380712, 0.00361811928451], [-0.00111548078712, 0.00400283513591, -0.00326212448999, 0.0037880402524, -0.00520491600037, 0.00170323485509, -0.00294854701497, 0.00294816074893, -0.00630533276126, 0.0178696978837, -0.00785741396248, 0.00447905110195, -0.00175652140751], [0.000968145905063, -0.00355499773286, 0.00284797349013, -0.00326249189675, 0.0035620064009, -0.00311855622567, 0.00239034905098, -0.00327267171815, 0.00647176895291, -0.00785741396248, 0.0162391699851, -0.00519764656201, 0.00132178980857], [-0.00097825191915, 0.00392094207928, -0.00288107478991, 0.00177204422653, -0.00340943410993, 0.00446318089962, -0.004691216629, 0.00405923696235, -0.00691663380712, 0.00447905110195, -0.00519764656201, 0.0160495024174, -0.00277246744372], [0.000533206795808, -0.00191246008035, 0.00226699793711, -0.000591683085077, 0.000795390398707, -0.00217347638682, 0.00355528015643, -0.00470060994849, 0.00361811928451, -0.00175652140751, 0.00132178980857, -0.00277246744372, 0.0164149999619]], "cov": [[23790.25, 364.265350342, -3622.78686523, 494.282775879, -1195.1965332, 608.766357422, -249.021026611, 220.188446045, -939.352783203, -51.4860305786, 121.486610413, -212.190414429, 199.229949951], [364.265350342, 1848.47741699, 564.995056152, -215.509994507, 71.6045608521, -316.166473389, -23.7987174988, -171.985198975, 83.7828292847, -107.192985535, 18.6430416107, -95.7687683105, -19.3106861115], [-3622.78686523, 564.995056152, 1932.66894531, -36.1655464172, 76.8564605713, -226.707458496, -227.360122681, 1.32241904736, 185.155395508, 28.4886417389, -73.9158782959, 36.241355896, -94.5204544067], [494.282775879, -215.509994507, -36.1655464172, 464.319854736, 62.0193977356, 45.9259414673, 70.0589141846, 42.5372467041, 100.545410156, 9.65975284576, 6.76259613037, 73.0107116699, -28.6912670135], [-1195.1965332, 71.6045608521, 76.8564605713, 62.0193977356, 328.972808838, 76.0121765137, 112.321304321, 8.97747898102, 76.3813171387, 42.2411880493, 10.0847406387, 20.566576004, 1.50082325935], [608.766357422, -316.166473389, -226.707458496, 45.9259414673, 76.0121765137, 337.451812744, 135.433364868, 37.7114753723, -46.8640174866, 60.7594795227, 24.3525924683, -6.1475353241, 12.6508989334], [-249.021026611, -23.7987174988, -227.360122681, 70.0589141846, 112.321304321, 135.433364868, 261.623565674, 0.282977938652, 37.6014900208, 14.5544109344, 26.9984016418, 23.8918991089, -9.7214756012], [220.188446045, -171.985198975, 1.32241904736, 42.5372467041, 8.97747898102, 37.7114753723, 0.282977938652, 186.006072998, -7.72794628143, 16.7924594879, 7.29806041718, -4.3255610466, 34.1046714783], [-939.352783203, 83.7828292847, 185.155395508, 100.545410156, 76.3813171387, -46.8640174866, 37.6014900208, -7.72794628143, 223.932617188, 16.1346054077, -29.1096839905, 62.867603302, -36.6052322388], [-51.4860305786, -107.192985535, 28.4886417389, 9.65975284576, 42.2411880493, 60.7594795227, 14.5544109344, 16.7924594879, 16.1346054077, 101.038887024, 24.5471878052, 5.80163621902, -0.48908084631], [121.486610413, 18.6430416107, -73.9158782959, 6.76259613037, 10.0847406387, 24.3525924683, 26.9984016418, 7.29806041718, -29.1096839905, 24.5471878052, 96.6161346436, 3.7958817482, 9.56013965607], [-212.190414429, -95.7687683105, 36.241355896, 73.0107116699, 20.566576004, -6.1475353241, 23.8918991089, -4.3255610466, 62.867603302, 5.80163621902, 3.7958817482, 110.388435364, -9.75987911224], [199.229949951, -19.3106861115, -94.5204544067, -28.6912670135, 1.50082325935, 12.6508989334, -9.7214756012, 34.1046714783, -36.6052322388, -0.48908084631, 9.56013965607, -9.75987911224, 83.2900085449]]}, "spectral_energyband_middle_low": {"dmean2": 0.0061866431497, "median": 0.00885094609112, "min": 3.32321906308e-22, "dvar2": 7.64714277466e-05, "dvar": 3.20718172588e-05, "dmean": 0.00398370577022, "max": 0.0833744108677, "var": 0.000123341655126, "mean": 0.012001442723}, "melbands_crest": {"dmean2": 4.9132733345, "median": 12.1317958832, "min": 1.78310739994, "dvar2": 18.6756343842, "dvar": 7.45380592346, "dmean": 3.0303645134, "max": 33.3779907227, "var": 27.3569850922, "mean": 13.0839252472}, "spectral_kurtosis": {"dmean2": 3.98016786575, "median": 5.95237159729, "min": -1.69775688648, "dvar2": 30.4443645477, "dvar": 15.0436058044, "dmean": 2.66525483131, "max": 72.0793075562, "var": 86.7825546265, "mean": 9.18031311035}, "spectral_rms": {"dmean2": 0.000809331366327, "median": 0.00466104084626, "min": 3.26440025185e-12, "dvar2": 6.71736529512e-07, "dvar": 2.97902090551e-07, "dmean": 0.000523862196133, "max": 0.0101875960827, "var": 4.49241088063e-06, "mean": 0.00446486612782}, "zerocrossingrate": {"dmean2": 0.0109473029152, "median": 0.04833984375, "min": 0.0048828125, "dvar2": 0.000342146347975, "dvar": 0.000368146371329, "dmean": 0.00948627386242, "max": 0.5048828125, "var": 0.00538479164243, "mean": 0.0618258081377}, "silence_rate_60dB": {"dmean2": 0.0500492043793, "median": 0, "min": 0, "dvar2": 0.0528842657804, "dvar": 0.0243945661932, "dmean": 0.0250210855156, "max": 1, "var": 0.112265661359, "mean": 0.128882646561}, "erbbands_kurtosis": {"dmean2": 3.98430848122, "median": 2.90517902374, "min": -1.87276721001, "dvar2": 34.0767555237, "dvar": 14.2327327728, "dmean": 2.52717733383, "max": 79.9751739502, "var": 44.7552757263, "mean": 4.87089443207}, "erbbands": {"dmean2": [0.0433349050581, 0.347350597382, 0.732475996017, 1.59662175179, 4.31896734238, 8.83159828186, 14.6957101822, 17.9644107819, 18.9223670959, 22.0390853882, 25.5931377411, 39.4190330505, 58.5842971802, 64.3506011963, 77.1353530884, 52.6381607056, 39.6826057434, 40.9627380371, 24.9306087494, 23.5981578827, 10.7621803284, 8.23842334747, 4.13352155685, 5.75343608856, 4.53342819214, 4.1910367012, 3.86072397232, 1.52900469303, 1.48815989494, 1.13400971889, 1.17381262779, 1.70668828487, 2.32494926453, 2.77500104904, 2.06367182732, 0.603047788143, 0.0748969241977, 0.00424804678187, 0.000265982176643, 2.32883630815e-05], "median": [0.00548773165792, 0.0787099078298, 0.348324298859, 0.845263957977, 2.31289434433, 3.74585962296, 6.09231328964, 10.5622692108, 9.4343328476, 9.77024078369, 8.09881782532, 14.324256897, 17.855922699, 17.0243244171, 18.5569820404, 14.8829574585, 10.796251297, 9.40914440155, 6.30234861374, 3.99705219269, 2.89815306664, 2.90176725388, 2.34020781517, 2.78207707405, 2.5207092762, 2.58883213997, 2.41641688347, 0.955625355244, 0.498669683933, 0.448008090258, 0.363847762346, 0.409801006317, 0.394275009632, 0.365290641785, 0.132822811604, 0.0252420157194, 0.00433450285345, 0.000675020331983, 0.000104022255982, 3.56475466106e-05], "min": [4.79526910562e-22, 5.96040055725e-21, 1.60340059858e-20, 8.43170724652e-20, 1.91771213844e-19, 3.77634316012e-19, 1.891043577e-19, 2.29746778498e-19, 7.848413729e-19, 5.38849180761e-19, 1.29834599819e-18, 1.75104374946e-18, 1.86144382351e-18, 2.25746998345e-18, 1.26916585791e-18, 2.66434730547e-18, 6.55307949542e-18, 6.03260008321e-18, 5.89707853396e-18, 1.0103121136e-17, 9.99545117156e-18, 1.38172663111e-17, 1.05438437935e-17, 1.16926520806e-17, 7.54294668213e-18, 1.24963531715e-17, 2.44631469691e-17, 1.74408616789e-17, 1.769136671e-17, 2.24853118024e-17, 2.29223212462e-17, 2.53371360782e-17, 1.70851756699e-17, 9.32610406451e-18, 9.75808011426e-18, 8.28450086639e-18, 3.04250222828e-18, 1.32614784877e-18, 2.74971094882e-19, 3.41818332529e-20], "dvar2": [0.0085915653035, 0.623011529446, 2.47241353989, 7.99246740341, 47.9191055298, 301.953063965, 971.091796875, 1316.02905273, 2309.97143555, 4049.47387695, 4932.34570312, 11326.671875, 25996.1015625, 27189.5488281, 39175.7109375, 20637.421875, 11693.0683594, 10530.4306641, 5531.25390625, 6502.28662109, 1862.16162109, 508.610748291, 114.204315186, 137.872695923, 79.6372833252, 71.7917327881, 54.9710578918, 9.09507751465, 14.0965223312, 8.48700523376, 9.26885318756, 25.9450149536, 82.8547973633, 191.116790771, 155.729705811, 17.3318004608, 0.19591332972, 0.000317148485919, 6.67800236442e-07, 3.75594000346e-09], "dvar": [0.00312651670538, 0.219746872783, 0.950151085854, 2.98052787781, 18.7001132965, 150.220062256, 409.71875, 508.041656494, 966.49798584, 1630.38696289, 2214.26660156, 4833.26171875, 11398.3505859, 10960.0302734, 17401.7773438, 9033.94921875, 5826.82324219, 5039.77148438, 2406.02832031, 2664.93920898, 861.229553223, 223.604034424, 58.1873054504, 60.7324676514, 35.9127922058, 33.6790008545, 26.4055366516, 4.13867139816, 6.07004928589, 3.98014831543, 4.38441562653, 13.4093465805, 43.8996315002, 90.3184204102, 72.9530258179, 7.97194194794, 0.0924803316593, 0.000176282585016, 3.64133228459e-07, 1.89805837714e-09], "dmean": [0.025031870231, 0.202860787511, 0.446075886488, 0.982331156731, 2.59411740303, 5.60930633545, 9.4064283371, 11.002081871, 12.1519823074, 14.2430934906, 16.6482906342, 24.948923111, 37.91796875, 41.0915679932, 51.2470092773, 33.6891059875, 27.2656745911, 27.8320999146, 16.1868572235, 15.0972242355, 6.90959072113, 5.27436065674, 2.70855522156, 3.74177074432, 3.00381445885, 2.78059625626, 2.53657793999, 1.01253128052, 0.998469471931, 0.783739507198, 0.815451145172, 1.19312012196, 1.60570216179, 1.88726830482, 1.37807655334, 0.402470082045, 0.050266277045, 0.00287574948743, 0.000180843795533, 1.54410499817e-05], "max": [0.675807833672, 5.16521310806, 12.2117090225, 26.7846794128, 91.8726959229, 366.222686768, 433.747741699, 613.592102051, 897.465698242, 855.805847168, 1122.90588379, 1799.16137695, 2465.1965332, 2139.18505859, 2721.00537109, 2193.51171875, 2227.5324707, 1872.46801758, 1247.7454834, 1613.45629883, 1668.69592285, 429.390258789, 267.304290771, 180.20350647, 161.638961792, 172.350921631, 163.528244019, 42.5629043579, 71.3974227905, 40.8513336182, 46.3133659363, 94.4344558716, 294.310180664, 245.961853027, 251.039230347, 95.5991973877, 13.9837579727, 0.653891921043, 0.0282605160028, 0.00157396995928], "var": [0.00467343907803, 0.277181178331, 1.52677154541, 6.68234872818, 62.8652534485, 724.178894043, 1264.65722656, 1020.08172607, 1796.8059082, 3355.91259766, 4862.4921875, 10176.0205078, 23316.8515625, 39117.4921875, 64947.3984375, 31740.3945312, 24922.6132812, 22145.1523438, 6377.42333984, 10153.71875, 4684.44091797, 616.068054199, 271.864257812, 231.347351074, 136.774215698, 118.032447815, 113.788093567, 13.7921152115, 10.8886632919, 7.04011774063, 8.05661392212, 32.2517280579, 106.85382843, 214.566238403, 177.004837036, 20.991394043, 0.231721103191, 0.000498293084092, 9.6854671483e-07, 5.96990679114e-09], "mean": [0.0338607653975, 0.300650954247, 0.827306985855, 1.80225038528, 4.86855602264, 11.2331056595, 18.0428218842, 20.4606895447, 22.0460567474, 25.9236602783, 29.7232971191, 44.4847869873, 63.8937454224, 89.7557220459, 106.300949097, 68.9065933228, 61.5831985474, 64.6823806763, 31.4085884094, 32.5177307129, 13.7439451218, 10.1954870224, 6.44666385651, 9.13546657562, 7.2572145462, 6.70975399017, 6.38300895691, 2.29625296593, 1.75494718552, 1.35601627827, 1.29590892792, 2.01215267181, 2.82480597496, 3.12706971169, 2.24114632607, 0.66503059864, 0.0767187178135, 0.00449301302433, 0.000310572359012, 4.96331886097e-05]}, "spectral_strongpeak": {"dmean2": 1.371098876, "median": 1.03032195568, "min": 0, "dvar2": 4.68585920334, "dvar": 1.70026051998, "dmean": 0.828399419785, "max": 20.2885875702, "var": 5.55737876892, "mean": 2.03284835815}, "spectral_energy": {"dmean2": 0.00866168178618, "median": 0.0222684331238, "min": 1.09227164248e-20, "dvar2": 0.000109135995444, "dvar": 4.45345285698e-05, "dmean": 0.00547556905076, "max": 0.1063817963, "var": 0.000348404835677, "mean": 0.0250381715596}, "average_loudness": 0.811302781105, "spectral_rolloff": {"dmean2": 582.63873291, "median": 1012.06054688, "min": 107.666015625, "dvar2": 2668022.5, "dvar": 1326781, "dmean": 334.688079834, "max": 19035.3515625, "var": 7325328.5, "mean": 1604.97216797}, "spectral_centroid": {"dmean2": 231.452194214, "median": 973.296508789, "min": 161.459823608, "dvar2": 150589.53125, "dvar": 83892.703125, "dmean": 153.958099365, "max": 11625.7558594, "var": 577960.1875, "mean": 1030.99853516}, "pitch_salience": {"dmean2": 0.108427278697, "median": 0.580272853374, "min": 0.112230114639, "dvar2": 0.00866104662418, "dvar": 0.00348493433557, "dmean": 0.0671896338463, "max": 0.843554258347, "var": 0.0121714994311, "mean": 0.574854433537}, "spectral_energyband_middle_high": {"dmean2": 0.00438208086416, "median": 0.00320896622725, "min": 1.51842491587e-21, "dvar2": 6.43030216452e-05, "dvar": 2.65618818958e-05, "dmean": 0.00278835720383, "max": 0.099639698863, "var": 0.000212272439967, "mean": 0.0103246690705}, "spectral_contrast_coeffs": {"dmean2": [0.078405559063, 0.0791066661477, 0.0649079307914, 0.0482762567699, 0.0353341549635, 0.025412177667], "median": [-0.634227097034, -0.701752722263, -0.732691764832, -0.761404752731, -0.792124152184, -0.808734297752], "min": [-0.988539993763, -0.965507566929, -0.960438847542, -0.954929172993, -0.961736619473, -0.959640443325], "dvar2": [0.00432442221791, 0.00408479385078, 0.00277638831176, 0.00158185616601, 0.000918936042581, 0.000477560068248], "dvar": [0.0016521292273, 0.00158084952272, 0.00109715177678, 0.000655559066217, 0.000396221847041, 0.000214031882933], "dmean": [0.0481758639216, 0.0484926104546, 0.0395937301219, 0.0301451925188, 0.0222036018968, 0.016163399443], "max": [-0.246147722006, -0.40760192275, -0.460013628006, -0.469732135534, -0.6079236269, -0.656639039516], "var": [0.0115106338635, 0.00676251901314, 0.00843969080597, 0.00738785276189, 0.00381535268389, 0.0020054592751], "mean": [-0.625874519348, -0.700616359711, -0.722874760628, -0.753840446472, -0.791797876358, -0.811275303364]}, "melbands_skewness": {"dmean2": 0.875958025455, "median": 1.33256649971, "min": -2.27589845657, "dvar2": 1.01139616966, "dvar": 0.431759446859, "dmean": 0.569872140884, "max": 10.3837003708, "var": 2.00085830688, "mean": 1.4744528532}, "spectral_spread": {"dmean2": 1097246.125, "median": 4278325.5, "min": 1361135.25, "dvar2": 2248786051070.0, "dvar": 1395816529920.0, "dmean": 772003.6875, "max": 40374968, "var": 7109082611710.0, "mean": 4931386}, "dissonance": {"dmean2": 0.0593320801854, "median": 0.43817204237, "min": 0.169329851866, "dvar2": 0.00283969449811, "dvar": 0.00105091137812, "dmean": 0.0352936461568, "max": 0.499998748302, "var": 0.00304356729612, "mean": 0.424788683653}, "spectral_skewness": {"dmean2": 0.440450370312, "median": 2.03936433792, "min": -0.990747451782, "dvar2": 0.249119624496, "dvar": 0.137888282537, "dmean": 0.305878609419, "max": 7.34844875336, "var": 1.25843083858, "mean": 2.38123416901}, "spectral_flux": {"dmean2": 0.0359409414232, "median": 0.0728425383568, "min": 1.0451180199e-10, "dvar2": 0.00152800185606, "dvar": 0.000571479555219, "dmean": 0.0218732133508, "max": 0.264342933893, "var": 0.00226880074479, "mean": 0.0774265453219}, "spectral_contrast_valleys": {"dmean2": [0.606437206268, 0.550530672073, 0.484175622463, 0.446490168571, 0.381009429693, 0.399898350239], "median": [-7.74521112442, -6.72626590729, -7.1628613472, -7.99817991257, -8.04243564606, -10.3562831879], "min": [-27.3048820496, -27.5441589355, -27.6107234955, -27.2098331451, -27.2616062164, -27.3102111816], "dvar2": [0.268595784903, 0.207841813564, 0.164089441299, 0.198902308941, 0.152474910021, 0.217670634389], "dvar": [0.119409523904, 0.0913580283523, 0.0759544968605, 0.0940144881606, 0.0913932025433, 0.138858899474], "dmean": [0.373401403427, 0.330827951431, 0.294215857983, 0.27677616477, 0.26148506999, 0.31480589509], "max": [-5.80677461624, -5.06567811966, -5.13110971451, -6.00410032272, -5.98526763916, -7.87427330017], "var": [2.4000582695, 2.32128596306, 2.49826288223, 2.31519627571, 2.49689054489, 2.19713068008], "mean": [-7.97234916687, -7.01032114029, -7.61729240417, -8.50217628479, -8.66390228271, -10.6486206055]}, "erbbands_flatness_db": {"dmean2": 0.0297169927508, "median": 0.200390487909, "min": 0.0400378070772, "dvar2": 0.000780818460044, "dvar": 0.000383139558835, "dmean": 0.0202759429812, "max": 0.40375572443, "var": 0.00272871810012, "mean": 0.197864755988}, "spectral_energyband_high": {"dmean2": 0.000515387393534, "median": 0.000215970707359, "min": 8.03180581003e-21, "dvar2": 3.80970550395e-06, "dvar": 1.96294695343e-06, "dmean": 0.000367707718397, "max": 0.0365083813667, "var": 6.01507827014e-06, "mean": 0.000797466665972}, "spectral_entropy": {"dmean2": 0.293915510178, "median": 7.18659114838, "min": 4.17776727676, "dvar2": 0.0986266434193, "dvar": 0.0537438131869, "dmean": 0.20622934401, "max": 9.80221652985, "var": 0.545866727829, "mean": 7.05996799469}, "silence_rate_20dB": {"dmean2": 0, "median": 1, "min": 1, "dvar2": 0, "dvar": 0, "dmean": 0, "max": 1, "var": 0, "mean": 1}, "melbands_flatness_db": {"dmean2": 0.0339599512517, "median": 0.206372693181, "min": 0.00550046144053, "dvar2": 0.00122126715723, "dvar": 0.000624485837761, "dmean": 0.0231894161552, "max": 0.588576257229, "var": 0.0100426571444, "mean": 0.237161055207}, "barkbands": {"dmean2": [9.65212020674e-05, 0.00138458411675, 0.000644712010399, 0.000747340964153, 0.0022506241221, 0.00209343666211, 0.00143101077992, 0.00109243695624, 0.00226234528236, 0.0015600080369, 0.00223212107085, 0.00195575854741, 0.00104419712443, 0.000828558404464, 0.000582761189435, 0.000198837093194, 0.000149595434777, 8.4346102085e-05, 0.000127165621961, 9.10712115001e-05, 7.0267393312e-05, 3.95392635255e-05, 3.95644747186e-05, 0.000110088585643, 0.000261351466179, 7.52501946408e-05, 1.26894485675e-06], "median": [7.12360224497e-06, 0.000294341793051, 0.000321269035339, 0.000305768830003, 0.00122752215248, 0.00115227629431, 0.000620728242211, 0.000272561184829, 0.000717077462468, 0.000267138588242, 0.000332674360834, 0.000293514109217, 0.000185856872122, 0.000141712705954, 8.17772524897e-05, 3.72208996851e-05, 3.74316987291e-05, 3.27978996211e-05, 4.25986472692e-05, 5.62591776543e-05, 4.03470257879e-05, 1.46040902109e-05, 1.34975907713e-05, 2.17303022509e-05, 2.61858949671e-05, 3.08211429001e-06, 5.13419820436e-07], "min": [1.98960462729e-24, 2.37588717227e-23, 1.45330061743e-23, 3.15504982152e-23, 9.42066275822e-23, 2.50580215039e-23, 5.38733054579e-23, 4.29270021173e-23, 7.67390004647e-23, 7.72271665255e-23, 2.63003701446e-23, 6.28500818646e-23, 1.38477047199e-22, 1.00407251002e-22, 1.84978630514e-22, 1.19685244477e-22, 2.7266137841e-22, 2.64859480948e-22, 1.06489318094e-22, 2.6981123027e-22, 5.59565571043e-22, 4.42082296099e-22, 8.69378233877e-22, 1.1443650985e-21, 1.06525252286e-21, 1.88026554286e-21, 2.26809672593e-21], "dvar2": [5.51943166727e-08, 9.25466974877e-06, 1.69714166987e-06, 1.71011788552e-06, 1.39826270242e-05, 1.67689922819e-05, 1.55464331328e-05, 1.18383713925e-05, 2.95182053378e-05, 1.77537931449e-05, 3.18527090712e-05, 3.48685098288e-05, 7.25680820324e-06, 4.8942383728e-06, 3.82929010811e-06, 6.83626126374e-07, 1.93336887833e-07, 6.29659595575e-08, 6.24411669037e-08, 3.47880266816e-08, 1.73807297443e-08, 9.77871916774e-09, 9.53058520992e-09, 1.37905374231e-07, 1.93733717424e-06, 2.49336324032e-07, 1.4574877763e-11], "dvar": [2.00848457865e-08, 3.43163787875e-06, 6.63714104121e-07, 5.92657954712e-07, 6.29611395198e-06, 7.02010083842e-06, 6.30894646747e-06, 5.0668336371e-06, 1.20617442008e-05, 8.1318348748e-06, 1.39064932227e-05, 1.36240823849e-05, 3.49449237547e-06, 2.38491293203e-06, 1.50289099565e-06, 2.92205442065e-07, 8.87155806595e-08, 2.90364408073e-08, 2.64141206685e-08, 1.64464779573e-08, 7.81592657262e-09, 4.33890434692e-09, 4.58024906891e-09, 7.70088277591e-08, 9.47380897287e-07, 1.13024718473e-07, 7.36292797565e-12], "dmean": [5.59607833566e-05, 0.000822701491416, 0.000400633056415, 0.00044541535317, 0.00139991322067, 0.00131401792169, 0.000916425546166, 0.000697608280461, 0.00142571353354, 0.0010244322475, 0.00142725685146, 0.00121066451538, 0.000694206624757, 0.000551446515601, 0.000365631829482, 0.000126689861645, 9.54871356953e-05, 5.42162379134e-05, 8.27036055853e-05, 6.04140368523e-05, 4.5210494136e-05, 2.68000530923e-05, 2.7424082873e-05, 7.6587049989e-05, 0.000178873844561, 4.92462822876e-05, 8.39168365019e-07], "max": [0.0022306102328, 0.0212862975895, 0.0106254871935, 0.0125698279589, 0.0611989423633, 0.0554369278252, 0.0671223774552, 0.0532922036946, 0.0624044798315, 0.0571231357753, 0.0664723217487, 0.0919729173183, 0.0568728223443, 0.0325574837625, 0.035194426775, 0.024764187634, 0.0077147949487, 0.00685451645404, 0.00291671557352, 0.00325178727508, 0.00236296514049, 0.00155929231551, 0.00138097419403, 0.0112988706678, 0.0270037632436, 0.0135127129033, 0.000110043802124], "var": [2.68215902821e-08, 5.16580121257e-06, 1.19838671253e-06, 1.09343466193e-06, 2.76362188742e-05, 2.11771257455e-05, 1.34878055178e-05, 1.02442654679e-05, 2.59479620581e-05, 1.75039895112e-05, 4.87023899041e-05, 4.8789781431e-05, 1.44259984154e-05, 6.6248908297e-06, 5.24316919837e-06, 1.18099046631e-06, 2.10672524759e-07, 8.32355127045e-08, 9.39878788131e-08, 5.63875452997e-08, 2.71364655191e-08, 7.73206476623e-09, 8.53034354265e-09, 2.03582430913e-07, 2.50378980127e-06, 2.90498434197e-07, 1.39507207869e-11], "mean": [6.59474535496e-05, 0.00129128503613, 0.00075327954255, 0.000702619377989, 0.00291556701995, 0.00259775784798, 0.00170031341258, 0.0010910112178, 0.0024416919332, 0.00165847537573, 0.00274740066379, 0.00236906693317, 0.0014252824476, 0.00100031530019, 0.000738446309697, 0.000226993113756, 0.000166643294506, 0.000108713938971, 0.000186789198779, 0.000139783936902, 0.000102664344013, 4.63374053652e-05, 4.47506754426e-05, 0.000136800052132, 0.000301621563267, 7.72957573645e-05, 1.31401031922e-06]}, "erbbands_skewness": {"dmean2": 0.727450966835, "median": 0.987657725811, "min": -8.25557327271, "dvar2": 0.506491184235, "dvar": 0.226192057133, "dmean": 0.474222391844, "max": 6.10144948959, "var": 1.08542144299, "mean": 1.09113717079}, "erbbands_spread": {"dmean2": 9.85018539429, "median": 16.4361667633, "min": 1.78711020947, "dvar2": 247.770462036, "dvar": 116.590461731, "dmean": 6.43598747253, "max": 162.627380371, "var": 364.499725342, "mean": 22.4874649048}, "melbands_kurtosis": {"dmean2": 7.70331382751, "median": 4.39889717102, "min": -1.93657052517, "dvar2": 214.957015991, "dvar": 87.1304626465, "dmean": 4.82733392715, "max": 188.491699219, "var": 192.634765625, "mean": 8.6441192627}, "melbands": {"dmean2": [0.000361359358067, 0.000405025668442, 0.000324920052662, 0.000441452284576, 0.000487693992909, 0.000397464842536, 0.000286786584184, 0.000247167772613, 0.000223747178097, 0.000284159643343, 0.000295029778499, 0.000252997531788, 0.000280597974779, 0.0