{"tonal": {"thpcp": [1, 0.572640895844, 0.206036761403, 0.171767190099, 0.199658259749, 0.371574521065, 0.515053212643, 0.347662746906, 0.167837396264, 0.138653621078, 0.156446054578, 0.321588397026, 0.39625915885, 0.227335825562, 0.109762884676, 0.0927614867687, 0.0964765995741, 0.206653609872, 0.322263538837, 0.307979524136, 0.63039201498, 0.918671786785, 0.536515235901, 0.187237814069, 0.153242379427, 0.208251968026, 0.405285179615, 0.501661598682, 0.361593812704, 0.253389805555, 0.229453548789, 0.2677526474, 0.595379292965, 0.865687549114, 0.654141545296, 0.774529337883], "hpcp": {"dmean2": [0.200798258185, 0.200711846352, 0.189382940531, 0.172906339169, 0.197098359466, 0.262848526239, 0.260217875242, 0.296856194735, 0.306587696075, 0.228414878249, 0.24461813271, 0.159405604005, 0.134643658996, 0.144811436534, 0.174173280597, 0.175912961364, 0.142679914832, 0.099820971489, 0.0815083831549, 0.0921897143126, 0.126594334841, 0.132671654224, 0.10493671149, 0.0808580368757, 0.0680096819997, 0.061837669462, 0.0906667858362, 0.121452465653, 0.163138881326, 0.232484444976, 0.202190563083, 0.211628288031, 0.135127902031, 0.121718324721, 0.151942968369, 0.197658166289], "median": [0.0278399735689, 0.0165676418692, 0.00781465321779, 0.00689988164231, 0.0139650022611, 0.0847616717219, 0.139490410686, 0.11144862324, 0.0985350757837, 0.0758190378547, 0.0455726720393, 0.0107575664297, 0.00697937142104, 0.0104830497876, 0.0347361564636, 0.0487993881106, 0.028196843341, 0.00946267787367, 0.00634145922959, 0.00953672360629, 0.0235796570778, 0.0303556863219, 0.0185643453151, 0.00559346564114, 0.00321170431562, 0.00351955136284, 0.0136701380834, 0.0228485334665, 0.0382382124662, 0.0989523157477, 0.137507274747, 0.0739428773522, 0.0119193531573, 0.00564816361293, 0.00911776255816, 0.0221180990338], "min": [0, 0, 0, 0, 0, 0, 0, 0, 0, 0, 0, 0, 0, 0, 0, 0, 0, 0, 0, 0, 0, 0, 0, 0, 0, 0, 0, 0, 0, 0, 0, 0, 0, 0, 0, 0], "dvar2": [0.103358104825, 0.117380991578, 0.130950987339, 0.106849640608, 0.118186607957, 0.125844344497, 0.115508548915, 0.134097740054, 0.148725882173, 0.135638833046, 0.129189908504, 0.0986226052046, 0.0903777480125, 0.0933757349849, 0.0925092548132, 0.086939714849, 0.0670135095716, 0.0523431263864, 0.0443852990866, 0.0410184562206, 0.0561032742262, 0.0563826300204, 0.0407712347806, 0.0404592379928, 0.0314960889518, 0.0244815945625, 0.0335759557784, 0.0477561019361, 0.0599126555026, 0.0919841304421, 0.0842143297195, 0.0866170302033, 0.0649053230882, 0.0701788067818, 0.0824844911695, 0.106388524175], "dvar": [0.0425429902971, 0.0450955741107, 0.0487358905375, 0.0393088385463, 0.0424294359982, 0.0466596484184, 0.0462090335786, 0.0489026159048, 0.0539737418294, 0.0516205243766, 0.0459891334176, 0.0360118225217, 0.0327605046332, 0.033924985677, 0.0344402119517, 0.0341549627483, 0.0262506976724, 0.0193533189595, 0.0165505614132, 0.0160235967487, 0.0229700710624, 0.0231369491667, 0.0159057602286, 0.0144348107278, 0.0113560874015, 0.00941721349955, 0.013135265559, 0.0190945696086, 0.0218786373734, 0.0324454605579, 0.0335723645985, 0.031469553709, 0.0231576357037, 0.0245838221163, 0.0298301614821, 0.0407088398933], "dmean": [0.117337606847, 0.114697396755, 0.104813978076, 0.0952996760607, 0.10983915627, 0.151173755527, 0.153793156147, 0.17027553916, 0.174048408866, 0.130192935467, 0.138840466738, 0.0877666547894, 0.0740048587322, 0.080425620079, 0.100789904594, 0.104128941894, 0.0844975858927, 0.0566582940519, 0.0465930439532, 0.0537949092686, 0.0759089887142, 0.0799141675234, 0.0614924430847, 0.0449067279696, 0.0375340431929, 0.0350854992867, 0.05445741117, 0.0724798366427, 0.0927202627063, 0.134259298444, 0.120170168579, 0.122082449496, 0.0745567828417, 0.0667502805591, 0.0846028700471, 0.114405609667], "max": [1, 1, 1, 1, 1, 1, 1, 1, 1, 1, 1, 1, 1, 1, 1, 1, 1, 1, 1, 1, 1, 1, 1, 1, 1, 1, 1, 1, 1, 1, 1, 1, 1, 1, 1, 1], "var": [0.0791612342, 0.0514161773026, 0.0412154346704, 0.0345509462059, 0.0361587777734, 0.0665668919683, 0.111338429153, 0.0660221278667, 0.0920220166445, 0.166114926338, 0.0660713464022, 0.0269916821271, 0.024319767952, 0.0274640154094, 0.0431788265705, 0.0727258846164, 0.0432981662452, 0.0200119577348, 0.0183598361909, 0.0176908895373, 0.0383381582797, 0.0522197671235, 0.0215369351208, 0.0117234373465, 0.00983793288469, 0.00965658202767, 0.0195158030838, 0.0385984741151, 0.0274999029934, 0.0622524209321, 0.12719425559, 0.0536635629833, 0.0190898180008, 0.0182617232203, 0.0251070577651, 0.0565040633082], "mean": [0.167562559247, 0.120777800679, 0.0846360325813, 0.0766409561038, 0.0894334390759, 0.198865696788, 0.289152741432, 0.218493178487, 0.258704513311, 0.334015130997, 0.191270723939, 0.0688193961978, 0.057372841984, 0.0666888803244, 0.124111510813, 0.172035560012, 0.116124615073, 0.0560602284968, 0.0463124066591, 0.0522553510964, 0.107415392995, 0.13235655427, 0.0759336054325, 0.0366624630988, 0.0309837404639, 0.0322246439755, 0.0690254345536, 0.107640899718, 0.102869823575, 0.210560470819, 0.306850284338, 0.179204210639, 0.0625402629375, 0.051185272634, 0.0695593059063, 0.135371387005]}, "tuning_equal_tempered_deviation": 0.0222795903683, "chords_changes_rate": 0.0413453653455, "key_key": "C", "tuning_diatonic_strength": 0.628927230835, "key_scale": "major", "chords_number_rate": 0.00114848231897, "tuning_frequency": 440.508636475, "tuning_nontempered_energy_ratio": 0.675515115261, "chords_histogram": [23.6423301697, 6.33305978775, 31.2223129272, 15.4881048203, 3.7243642807, 0, 0, 0, 0, 0.114848233759, 0.278917133808, 0.0984413474798, 0.0820344537497, 0.0656275600195, 0, 0, 0, 1.9196062088, 0.410172283649, 0.525020480156, 0.295324027538, 0.229696467519, 0.21328958869, 15.3568496704], "key_strength": 0.813187718391, "chords_key": "G", "chords_strength": {"dmean2": 0.00771769275889, "median": 0.56064915657, "min": 0.232158988714, "dvar2": 5.23460403201e-05, "dvar": 7.03252953826e-05, "dmean": 0.00947237759829, "max": 0.841789603233, "var": 0.0105442963541, "mean": 0.560615122318}, "chords_scale": "major", "hpcp_entropy": {"dmean2": 0.976858437061, "median": 1.79328656197, "min": 0, "dvar2": 0.640668749809, "dvar": 0.239231213927, "dmean": 0.58244651556, "max": 4.38547039032, "var": 0.545541405678, "mean": 1.75031077862}}, "metadata": {"audio_properties": {"equal_loudness": 0, "codec": "flac", "downmix": "mix", "sample_rate": 44100, "analysis_sample_rate": 44100, "bit_rate": 0, "md5_encoded": "89c1dd80630558757e69d827ef2bdd72", "length": 283, "replay_gain": -14.3533630371, "lossless": true}, "version": {"essentia_build_sha": "2d9f1f26377add8aeb1075a9c2973f962c4f09fd", "essentia": "2.1-beta2", "extractor": "music 1.0", "essentia_git_sha": "v2.1_beta2-1-ge3940c0"}, "tags": {"title": ["She's A Jar"], "barcode": ["9325583001437"], "media": ["CD"], "albumartist": ["Wilco"], "language": ["eng"], "releasetype": ["album"], "musicbrainz_recordingid": ["07ae4c9d-9cdf-4577-a365-d6040e8a6188"], "musicbrainz_albumartistid": ["9e53f84d-ef44-4c16-9677-5fd4d78cbd7d"], "isrc": ["USRE19800769"], "artist": ["Wilco"], "date": ["1999-03-09"], "musicip_puid": ["1e284c98-3321-1174-8541-8902b5a92854"], "asin": ["B00015TVPO"], "musicbrainz_albumid": ["38a40944-ac73-4c8e-8638-ec0075b170ea"], "artistsort": ["Wilco"], "album": ["Summerteeth"], "label": ["Reprise Records"], "musicbrainz_artistid": ["9e53f84d-ef44-4c16-9677-5fd4d78cbd7d"], "totaltracks": ["17"], "composer": ["Jay Bennett", "Jeff Tweedy"], "tracktotal": ["17"], "musicbrainz_workid": ["7aad28e0-206a-4d93-bfd9-67739688a654"], "mixer": ["Jim Scott"], "originalyear": ["1999"], "lyricist": ["Jay Bennett", "Jeff Tweedy"], "work": ["She's a Jar"], "discnumber": ["1"], "bpm": ["147"], "catalognumber": ["9362-47282-2"], "releasecountry": ["US"], "genre": ["Indie"], "producer": ["Wilco"], "file_name": "02 - She's A Jar.flac", "musicbrainz_releasegroupid": ["bb7b90b8-bdb5-455c-9c8e-f87aeaf5d156"], "acoustid_id": ["3301d962-d9f0-418d-a862-7fbc62e39ddf"], "script": ["Latn"], "originaldate": ["1999-03-09"], "musicbrainz_releasetrackid": ["749281e0-addf-33ad-a8f6-389393dbcad4"], "tracknumber": ["2"], "disctotal": ["1"], "composersort": ["Bennett, Jay", "Tweedy, Jeff"], "albumartistsort": ["Wilco"], "totaldiscs": ["1"], "releasestatus": ["official"]}}, "rhythm": {"bpm_histogram_first_peak_bpm": {"dmean2": 0, "median": 148, "min": 148, "dvar2": 0, "dvar": 0, "dmean": 0, "max": 148, "var": 0, "mean": 148}, "bpm": 146.705032349, "bpm_histogram_second_peak_spread": {"dmean2": 0, "median": 0.106060579419, "min": 0.106060579419, "dvar2": 0, "dvar": 0, "dmean": 0, "max": 0.106060579419, "var": 0, "mean": 0.106060579419}, "bpm_histogram_first_peak_weight": {"dmean2": 0, "median": 0.414348453283, "min": 0.414348453283, "dvar2": 0, "dvar": 0, "dmean": 0, "max": 0.414348453283, "var": 0, "mean": 0.414348453283}, "onset_rate": 2.86909151077, "beats_position": [0.417959183455, 0.847528338432, 1.27709746361, 1.69505667686, 2.11301589012, 2.53097510338, 2.94893407822, 3.36689329147, 3.78485250473, 4.20281171799, 4.59755086899, 5.00390005112, 5.41024923325, 5.80498838425, 6.19972801208, 6.60607719421, 7.01242637634, 7.40716552734, 7.80190467834, 8.19664382935, 8.60299301147, 8.99773216248, 9.4040813446, 9.81043052673, 10.2167797089, 10.623128891, 11.0294780731, 11.4358272552, 11.8421764374, 12.2369155884, 12.6316547394, 13.0380039215, 13.4443531036, 13.8390922546, 14.2338323593, 14.6401815414, 15.0465307236, 15.4528799057, 15.8592290878, 16.2539672852, 16.6603164673, 17.0666656494, 17.4614048004, 17.8677539825, 18.2741031647, 18.7036724091, 19.1332416534, 19.5512008667, 19.9575500488, 20.3755092621, 20.7934684753, 21.1998176575, 21.5945568085, 22.0009059906, 22.4072551727, 22.8136043549, 23.2083435059, 23.6030826569, 23.9978218079, 24.3925609589, 24.7989120483, 25.2052612305, 25.6116104126, 26.0179595947, 26.4243087769, 26.830657959, 27.2370071411, 27.6433563232, 28.0497055054, 28.4676647186, 28.8856239319, 29.291973114, 29.6983222961, 30.0930614471, 30.4994106293, 30.9173698425, 31.3237190247, 31.7416782379, 32.1480255127, 32.5543746948, 32.9491157532, 33.3554649353, 33.7618141174, 34.1681632996, 34.5745124817, 34.9808616638, 35.3872108459, 35.7819480896, 36.1766891479, 36.5714263916, 36.96616745, 37.3609046936, 37.7672538757, 38.1852149963, 38.5915641785, 38.9979133606, 39.3926506042, 39.7873916626, 40.1937408447, 40.5884780884, 40.9832191467, 41.3779602051, 41.7726974487, 42.1674385071, 42.5621757507, 42.9685249329, 43.374874115, 43.7696151733, 44.1759643555, 44.5939216614, 45.011882782, 45.4182319641, 45.8129692078, 46.2077102661, 46.6024475098, 46.9971885681, 47.3919258118, 47.7982749939, 48.1930160522, 48.5877532959, 48.9824943542, 49.3888435364, 49.78358078, 50.1783218384, 50.5846710205, 50.9794082642, 51.3857574463, 51.7804985046, 52.1868476868, 52.5931968689, 52.999546051, 53.4058952332, 53.8006324768, 54.2069816589, 54.6133308411, 55.0196800232, 55.4144210815, 55.8207702637, 56.2155075073, 56.6218566895, 57.0282058716, 57.4345550537, 57.8409042358, 58.247253418, 58.6419944763, 59.0483436584, 59.4663009644, 59.8726501465, 60.2789993286, 60.6969604492, 61.1033096313, 61.5096588135, 61.9043960571, 62.310749054, 62.7170982361, 63.1118354797, 63.5181846619, 63.9361457825, 64.3424911499, 64.748840332, 65.1551895142, 65.5615386963, 65.9678878784, 66.3626327515, 66.7689819336, 67.1869354248, 67.6048965454, 68.022857666, 68.4175949097, 68.8123321533, 69.2186813354, 69.6250305176, 70.0313796997, 70.4493408203, 70.8556900024, 71.2620391846, 71.6683883667, 72.0747375488, 72.4694747925, 72.8758239746, 73.2821731567, 73.6885223389, 74.094871521, 74.489616394, 74.8843536377, 75.3023147583, 75.7086639404, 76.1150131226, 76.5213623047, 76.9277114868, 77.345664978, 77.7404098511, 78.1351470947, 78.5414962769, 78.947845459, 79.3541946411, 79.7605438232, 80.1785049438, 80.584854126, 80.9912033081, 81.3859405518, 81.8039016724, 82.2102508545, 82.6282043457, 83.0345535278, 83.44090271, 83.870475769, 84.2884368896, 84.6947860718, 85.1243515015, 85.5307006836, 85.9486618042, 86.3550109863, 86.7613601685, 87.1677093506, 87.5740585327, 87.9687957764, 88.3751449585, 88.7814941406, 89.1878433228, 89.5941925049, 90.000541687, 90.4068908691, 90.8132400513, 91.2195892334, 91.6259384155, 92.0322875977, 92.4386367798, 92.8333740234, 93.2397232056, 93.6576843262, 94.0640335083, 94.4703826904, 94.8767318726, 95.2830810547, 95.6894302368, 96.0957794189, 96.5021286011, 96.9084777832, 97.3148269653, 97.709564209, 98.104309082, 98.4990463257, 98.8937835693, 99.3117446899, 99.7297058105, 100.147659302, 100.554008484, 100.960357666, 101.366706848, 101.77305603, 102.179405212, 102.585754395, 102.992103577, 103.398452759, 103.816413879, 104.222763062, 104.640724182, 105.058685303, 105.476638794, 105.882987976, 106.300949097, 106.718910217, 107.171699524, 107.624488831, 108.077278137, 108.483627319, 108.90158844, 109.307937622, 109.725891113, 110.155464172, 110.573425293, 110.991378784, 111.409339905, 111.827301025, 112.245262146, 112.663215637, 113.092788696, 113.510749817, 113.928703308, 114.346664429, 114.776237488, 115.194190979, 115.6121521, 116.018501282, 116.436462402, 116.842811584, 117.249160767, 117.667114258, 118.096687317, 118.514648438, 118.932601929, 119.350563049, 119.76852417, 120.186485291, 120.604438782, 121.022399902, 121.440361023, 121.869926453, 122.299499512, 122.705848694, 123.112197876, 123.518547058, 123.936508179, 124.342857361, 124.749206543, 125.155555725, 125.561904907, 125.979858398, 126.409431458, 126.827392578, 127.23374176, 127.640090942, 128.034820557, 128.452789307, 128.870742798, 129.288711548, 129.706665039, 130.12461853, 130.54258728, 130.948928833, 131.343673706, 131.761627197, 132.167984009, 132.5859375, 133.003890991, 133.421859741, 133.839813232, 134.246170044, 134.652511597, 135.070480347, 135.476821899, 135.883178711, 136.301132202, 136.719085693, 137.125442505, 137.531784058, 137.949752808, 138.367706299, 138.78565979, 139.20362854, 139.63319397, 140.051147461, 140.480728149, 140.921905518, 141.339859009, 141.734603882, 142.140945435, 142.547302246, 142.94203186, 143.348388672, 143.766342163, 144.195922852, 144.613876343, 145.031829834, 145.449798584, 145.856140137, 146.274108887, 146.680450439, 147.098403931, 147.516372681, 147.934326172, 148.340682983, 148.747024536, 149.153381348, 149.571334839, 149.98928833, 150.40725708, 150.813598633, 151.231567383, 151.649520874, 152.044265747, 152.438995361, 152.856964111, 153.274917603, 153.692871094, 154.099227905, 154.517181396, 154.923538208, 155.329879761, 155.736236572, 156.142578125, 156.548934937, 156.955276489, 157.361633301, 157.756362915, 158.151107788, 158.534240723, 158.928970337, 159.346939087, 159.764892578, 160.17124939, 160.577590942, 160.995559692, 161.401901245, 161.819854736, 162.226211548, 162.644165039, 163.050521851, 163.456863403, 163.863220215, 164.281173706, 164.699142456, 165.105484009, 165.51184082, 165.929794312, 166.347747803, 166.765716553, 167.172058105, 167.578414917, 167.996368408, 168.414321899, 168.832290649, 169.250244141, 169.656600952, 170.062942505, 170.469299316, 170.875640869, 171.293609619, 171.699951172, 172.117904663, 172.535873413, 172.942214966, 173.336959839, 173.731704712, 174.149658203, 174.567611694, 174.973968506, 175.380310059, 175.78666687, 176.193008423, 176.610977173, 177.028930664, 177.446884155, 177.853240967, 178.25958252, 178.665939331, 179.083892822, 179.490249634, 179.896591187, 180.302947998, 180.709289551, 181.115646362, 181.521987915, 181.928344727, 182.346298218, 182.764266968, 183.170608521, 183.576965332, 183.983306885, 184.389663696, 184.784393311, 185.202362061, 185.620315552, 186.038269043, 186.456237793, 186.874191284, 187.280548096, 187.686889648, 188.10484314, 188.511199951, 188.929153442, 189.358734131, 189.765075684, 190.171432495, 190.577774048, 190.995727539, 191.402084351, 191.820037842, 192.238006592, 192.655960083, 193.085525513, 193.491882324, 193.909835815, 194.327789307, 194.734146118, 195.140487671, 195.535232544, 195.929977417, 196.33631897, 196.742675781, 197.149017334, 197.555374146, 197.95010376, 198.379684448, 198.797637939, 199.203994751, 199.621948242, 200.028289795, 200.434646606, 200.852600098, 201.270568848, 201.6769104, 202.083267212, 202.501220703, 202.907577515, 203.313919067, 203.720275879, 204.126617432, 204.532974243, 204.939315796, 205.357269287, 205.775238037, 206.18157959, 206.587936401, 206.994277954, 207.412246704, 207.830200195, 208.236557007, 208.64289856, 209.049255371, 209.455596924, 209.861953735, 210.279907227, 210.697860718, 211.104217529, 211.510559082, 211.928527832, 212.346481323, 212.764434814, 213.170791626, 213.577133179, 213.98348999, 214.378234863, 214.761352539, 215.156097412, 215.620498657, 216.096496582, 216.572509766, 217.060134888, 217.536148071, 218.012145996, 218.48815918, 218.975784302, 219.475006104, 219.997451782, 220.51991272, 221.042358398, 221.471923828, 221.913101196, 222.354278564, 222.795455933, 223.225036621, 223.654602051, 224.08416748, 224.490524292, 224.908477783, 225.338043213, 225.767608643, 226.185577393, 226.603530884, 227.021499634, 227.439453125, 227.857406616, 228.275375366, 228.693328857, 229.111282349, 229.51763916, 229.94720459, 230.37677002, 230.806350708, 231.235916138, 231.665481567, 232.095046997, 232.524627686, 232.954193115, 233.383758545, 233.813323975, 234.242904663, 234.660858154, 235.067199707, 235.496780396, 235.914733887, 236.321090698, 236.727432251, 237.145385742, 237.563354492, 237.981307983, 238.399276733, 238.817230225, 239.235183716, 239.641540527, 240.04788208, 240.46585083, 240.883804321, 241.301757813, 241.708114624, 242.137680054, 242.555648804, 242.961990356, 243.356735229, 243.763076782, 244.181045532, 244.598999023, 245.016952515, 245.434921265, 245.852874756, 246.259231567, 246.66557312, 247.083526611, 247.501495361, 247.919448853, 248.337417603, 248.755371094, 249.173324585, 249.579681396, 249.986022949, 250.403991699, 250.810333252, 251.216690063, 251.634643555, 252.052597046, 252.470565796, 252.888519287, 253.294876099, 253.701217651, 254.119186401, 254.537139893, 254.943481445, 255.361450195, 255.767791748, 256.185760498, 256.592102051, 256.998443604, 257.416412354, 257.834381104, 258.252319336, 258.670288086, 259.088256836, 259.506195068, 259.924163818, 260.342132568, 260.760070801, 261.166442871, 261.584381104, 262.013977051, 262.44354248, 262.87310791, 263.30267334, 263.72064209, 264.15020752, 264.568145752, 264.986114502, 265.404083252, 265.822021484, 266.239990234, 266.657958984, 267.075927734, 267.493865967, 267.88861084, 268.30657959, 268.73614502, 269.165710449, 269.595275879, 270.024841309, 270.454406738, 270.883972168, 271.301940918, 271.719909668, 272.149475098, 272.579040527, 272.997009277, 273.426574707, 273.867736816, 274.297332764, 274.726898193, 275.1796875, 275.620849609, 276.062042236, 276.491607666, 276.921173096, 277.350738525, 277.780303955, 278.198272705, 278.616241455, 279.045806885, 279.463745117, 279.881713867, 280.299682617, 280.717651367, 281.1355896, 281.55355835, 281.9715271, 282.389465332], "beats_loudness": {"dmean2": 0.0686695426702, "median": 0.0441208705306, "min": 9.77251168877e-09, "dvar2": 0.00318777235225, "dvar": 0.00115754560102, "dmean": 0.0376369208097, "max": 0.202997118235, "var": 0.0013300254941, "mean": 0.0525334402919}, "danceability": 1.22784006596, "bpm_histogram_second_peak_weight": {"dmean2": 0, "median": 0.0863836035132, "min": 0.0863836035132, "dvar2": 0, "dvar": 0, "dmean": 0, "max": 0.0863836035132, "var": 0, "mean": 0.0863836035132}, "beats_count": 684, "bpm_histogram_second_peak_bpm": {"dmean2": 0, "median": 140, "min": 140, "dvar2": 0, "dvar": 0, "dmean": 0, "max": 140, "var": 0, "mean": 140}, "bpm_histogram_first_peak_spread": {"dmean2": 0, "median": 0.527545928955, "min": 0.527545928955, "dvar2": 0, "dvar": 0, "dmean": 0, "max": 0.527545928955, "var": 0, "mean": 0.527545928955}, "beats_loudness_band_ratio": {"dmean2": [0.502747416496, 0.207968339324, 0.268926352262, 0.120005220175, 0.0631476864219, 0.11345346272], "median": [0.573416233063, 0.100578650832, 0.10473934561, 0.0425082743168, 0.0191354751587, 0.0211115535349], "min": [0.0133874695748, 0.00256186467595, 0.000719665957149, 0.000103629041405, 4.34761677752e-05, 3.77323922294e-05], "dvar2": [0.125446692109, 0.0314481407404, 0.0666035488248, 0.0170010700822, 0.00474210688844, 0.023109421134], "dvar": [0.0541669204831, 0.0115679958835, 0.0233225375414, 0.00644584931433, 0.00181787495967, 0.00808221008629], "dmean": [0.295176595449, 0.121194660664, 0.152994766831, 0.070124655962, 0.0368445031345, 0.0640544891357], "max": [0.996363043785, 0.617614686489, 0.787434756756, 0.663375675678, 0.32498177886, 0.786496460438], "var": [0.0820921286941, 0.0158364325762, 0.026626098901, 0.00743994535878, 0.00200585625134, 0.00634843995795], "mean": [0.581524610519, 0.139581009746, 0.159866392612, 0.0713492035866, 0.0356811285019, 0.0519366785884]}}, "lowlevel": {"barkbands_spread": {"dmean2": 6.89222812653, "median": 14.6323394775, "min": 0.405716538429, "dvar2": 90.6803588867, "dvar": 46.8263664246, "dmean": 4.61150169373, "max": 96.4665756226, "var": 221.375808716, "mean": 18.6937942505}, "melbands_spread": {"dmean2": 7.72556829453, "median": 14.3011217117, "min": 0.287000566721, "dvar2": 170.515914917, "dvar": 89.7024459839, "dmean": 5.11875772476, "max": 229.001663208, "var": 296.724578857, "mean": 17.9755764008}, "hfc": {"dmean2": 7.05283021927, "median": 13.9606571198, "min": 1.13066973823e-16, "dvar2": 229.650512695, "dvar": 117.428451538, "dmean": 5.14188337326, "max": 290.797332764, "var": 448.353515625, "mean": 20.2462596893}, "barkbands_kurtosis": {"dmean2": 6.88939142227, "median": 2.97895503044, "min": -1.91728842258, "dvar2": 322.34588623, "dvar": 137.903320313, "dmean": 4.4152302742, "max": 507.858337402, "var": 964.442993164, "mean": 9.8236322403}, "gfcc": {"mean": [-18.4669685364, 110.27557373, -101.874137878, 30.2939071655, -55.1066741943, 7.36527824402, -27.7127037048, 6.73373746872, -20.4834041595, -0.508052706718, -13.347322464, -5.62760162354, -13.1028261185], "icov": [[0.000143043565913, -3.59341538569e-05, 0.000319713406498, -6.92555040587e-05, 0.00018783226551, -0.000324670749251, 0.000287265138468, -0.000282437336864, 0.000391062727431, -0.00032274008845, 0.000139658615808, -0.000253800506471, 0.00010537700291], [-3.59341538569e-05, 0.00125161698088, 1.35061436595e-05, 0.000627494417131, -0.000402707286412, 0.000671710120514, -0.00077301292913, 0.000676945899613, -0.00176774838474, 0.00178764364682, -0.00100521557033, 0.000952893227804, -0.00106769520789], [0.000319713406498, 1.35061436595e-05, 0.00193564873189, -0.000255926512182, -0.000337401230354, -0.00122089090291, 0.00111969641875, -0.000625784159638, 0.000316323101288, -0.00124106835574, 0.00149539159611, -0.00136932730675, 0.000636314216536], [-6.92555040587e-05, 0.000627494417131, -0.000255926512182, 0.00265436712652, -6.67934509693e-05, 0.000174989254447, -0.000780989066698, 0.000958160439041, -0.000861892651301, 0.00064764538547, -0.000576666498091, 0.000845824601129, -0.00217225309461], [0.00018783226551, -0.000402707286412, -0.000337401230354, -6.67934509693e-05, 0.00414593424648, -0.000187309648027, -0.000358722027158, -0.000487985700602, 0.000430793093983, -0.000121248114738, -0.00124808982946, -0.000257467327174, -0.000321313709719], [-0.000324670749251, 0.000671710120514, -0.00122089090291, 0.000174989254447, -0.000187309648027, 0.00697774859145, -0.00279279402457, 0.000293908640742, -0.00265300390311, -8.96642159205e-05, -0.000194647465833, -0.00103658810258, -0.000169779756106], [0.000287265138468, -0.00077301292913, 0.00111969641875, -0.000780989066698, -0.000358722027158, -0.00279279402457, 0.0076441988349, -0.002328540897, 0.0014956361847, 0.000227226439165, -0.000371724978322, 0.000355837604729, 0.000218597982894], [-0.000282437336864, 0.000676945899613, -0.000625784159638, 0.000958160439041, -0.000487985700602, 0.000293908640742, -0.002328540897, 0.00870508421212, -0.00278203119524, -0.00041659877752, -0.000251385674346, -0.00162554066628, 0.000448168488219], [0.000391062727431, -0.00176774838474, 0.000316323101288, -0.000861892651301, 0.000430793093983, -0.00265300390311, 0.0014956361847, -0.00278203119524, 0.0126121304929, -0.00498888734728, -8.38741743792e-06, 0.00273872655816, -0.00121161632705], [-0.00032274008845, 0.00178764364682, -0.00124106835574, 0.00064764538547, -0.000121248114738, -8.96642159205e-05, 0.000227226439165, -0.00041659877752, -0.00498888734728, 0.0156858675182, -0.00518204737455, 0.000638253754005, 0.00245664780959], [0.000139658615808, -0.00100521557033, 0.00149539159611, -0.000576666498091, -0.00124808982946, -0.000194647465833, -0.000371724978322, -0.000251385674346, -8.38741743792e-06, -0.00518204737455, 0.0156076941639, -0.00410775048658, 0.00070715113543], [-0.000253800506471, 0.000952893227804, -0.00136932730675, 0.000845824601129, -0.000257467327174, -0.00103658810258, 0.000355837604729, -0.00162554066628, 0.00273872655816, 0.000638253754005, -0.00410775048658, 0.0153808286414, -0.00641517620534], [0.00010537700291, -0.00106769520789, 0.000636314216536, -0.00217225309461, -0.000321313709719, -0.000169779756106, 0.000218597982894, 0.000448168488219, -0.00121161632705, 0.00245664780959, 0.00070715113543, -0.00641517620534, 0.0181004013866]], "cov": [[16408.1386719, -1511.87988281, -2037.89892578, 4.01580190659, -961.75958252, 277.164459229, -250.20362854, 289.11920166, -464.053527832, 218.769882202, 21.544839859, 258.851043701, -101.047790527], [-1511.87988281, 2100.16235352, -423.557159424, -174.136459351, 218.650253296, -206.996795654, 182.599517822, -139.686889648, 195.014953613, -226.093460083, 74.7103500366, -172.107971191, 109.692443848], [-2037.89892578, -423.557159424, 1220.92199707, 41.3793678284, 145.103866577, 160.83215332, -72.6622772217, 69.5438308716, 49.9788208008, 105.325881958, -53.5989189148, 82.2641601563, -27.5348167419], [4.01580190659, -174.136459351, 41.3793678284, 479.351043701, -2.66004681587, 26.6329097748, 22.7426147461, -30.9142131805, 5.33526086807, -3.63536596298, 0.844123721123, 6.20162248611, 49.4865646362], [-961.75958252, 218.650253296, 145.103866577, -2.66004681587, 329.533355713, 3.97907781601, 48.9912605286, 5.70458602905, 39.2659645081, -11.4911956787, 31.4868011475, -0.429390192032, 21.0363807678], [277.164459229, -206.996795654, 160.83215332, 26.6329097748, 3.97907781601, 236.286087036, 43.1103630066, 57.4673690796, 28.360502243, 52.7990379333, 4.00212287903, 42.5228614807, -6.29109954834], [-250.20362854, 182.599517822, -72.6622772217, 22.7426147461, 48.9912605286, 43.1103630066, 195.360702515, 27.018157959, 22.2753715515, -22.2979469299, 19.9741821289, -12.527264595, 15.0543518066], [289.11920166, -139.686889648, 69.5438308716, -30.9142131805, 5.70458602905, 57.4673690796, 27.018157959, 165.224914551, 21.3928928375, 43.4014282227, 8.92404747009, 33.5711555481, -12.763669014], [-464.053527832, 195.014953613, 49.9788208008, 5.33526086807, 39.2659645081, 28.360502243, 22.2753715515, 21.3928928375, 143.45791626, 23.5227012634, 16.1051177979, -29.9812526703, 8.40778923035], [218.769882202, -226.093460083, 105.325881958, -3.63536596298, -11.4911956787, 52.7990379333, -22.2979469299, 43.4014282227, 23.5227012634, 121.897407532, 20.2251930237, 20.1951351166, -27.8656730652], [21.544839859, 74.7103500366, -53.5989189148, 0.844123721123, 31.4868011475, 4.00212287903, 19.9741821289, 8.92404747009, 16.1051177979, 20.2251930237, 87.2871704102, 14.4849033356, 6.45802354813], [258.851043701, -172.107971191, 82.2641601563, 6.20162248611, -0.429390192032, 42.5228614807, -12.527264595, 33.5711555481, -29.9812526703, 20.1951351166, 14.4849033356, 110.191917419, 19.6450748444], [-101.047790527, 109.692443848, -27.5348167419, 49.4865646362, 21.0363807678, -6.29109954834, 15.0543518066, -12.763669014, 8.40778923035, -27.8656730652, 6.45802354813, 19.6450748444, 80.7168807983]]}, "spectral_energyband_middle_low": {"dmean2": 0.00638313451782, "median": 0.0105429701507, "min": 2.3158507553e-22, "dvar2": 8.00342459115e-05, "dvar": 3.239056241e-05, "dmean": 0.00407602032647, "max": 0.105924151838, "var": 0.000105459490442, "mean": 0.0131572727114}, "melbands_crest": {"dmean2": 4.68579912186, "median": 13.9288272858, "min": 1.73396503925, "dvar2": 16.9455814362, "dvar": 6.42610120773, "dmean": 2.87882494926, "max": 33.3972053528, "var": 26.9958229065, "mean": 14.5971641541}, "spectral_kurtosis": {"dmean2": 3.78049206734, "median": 4.07550144196, "min": -1.24746155739, "dvar2": 50.4510536194, "dvar": 20.7477684021, "dmean": 2.33250999451, "max": 106.850090027, "var": 76.7400436401, "mean": 6.48513460159}, "spectral_rms": {"dmean2": 0.00115757877938, "median": 0.00520179793239, "min": 3.19657755127e-12, "dvar2": 1.87735361123e-06, "dvar": 9.69241909843e-07, "dmean": 0.000757202331442, "max": 0.0146376322955, "var": 4.05719947594e-06, "mean": 0.00519959302619}, "zerocrossingrate": {"dmean2": 0.0102486172691, "median": 0.0400390625, "min": 0.00439453125, "dvar2": 0.000177974550752, "dvar": 0.000169644132257, "dmean": 0.00902611203492, "max": 0.509765625, "var": 0.001738654566, "mean": 0.0511497147381}, "silence_rate_60dB": {"dmean2": 0.00623615318909, "median": 0, "min": 0, "dvar2": 0.00783763639629, "dvar": 0.00310796522535, "dmean": 0.00311782071367, "max": 1, "var": 0.046657692641, "mean": 0.0490606278181}, "erbbands_kurtosis": {"dmean2": 1.4647384882, "median": 0.0259985849261, "min": -1.83045756817, "dvar2": 5.27911949158, "dvar": 2.75760769844, "dmean": 0.969038844109, "max": 120.821411133, "var": 24.727891922, "mean": 1.22157859802}, "erbbands": {"dmean2": [0.196547046304, 1.81692969799, 5.29020595551, 8.57027053833, 5.11764287949, 8.82829093933, 11.3332986832, 11.2541065216, 25.0212306976, 32.4847488403, 26.7411384583, 20.9953250885, 24.8570995331, 19.676492691, 24.2485618591, 16.1066493988, 14.9646253586, 22.8678646088, 14.6637659073, 12.0317564011, 9.69766044617, 10.3570566177, 9.19998550415, 16.9559745789, 13.2733974457, 11.2912044525, 7.46045541763, 6.4869890213, 4.95049715042, 4.51852083206, 3.26570987701, 2.12544441223, 1.5775680542, 0.728824138641, 0.357009649277, 0.131895244122, 0.036187402904, 0.0123292896897, 0.00116828992032, 4.66085366497e-05], "median": [0.0366986431181, 0.556479036808, 3.75024151802, 6.12450647354, 3.45237970352, 6.12488412857, 7.30667257309, 8.31122970581, 11.6494989395, 20.8134975433, 12.3861169815, 11.2852106094, 14.9651575089, 10.4660625458, 14.5680122375, 7.68246507645, 7.21828269958, 7.89256000519, 5.38119077682, 5.32467889786, 5.47765922546, 5.79368925095, 5.13240337372, 4.50975847244, 5.27667665482, 4.53909826279, 2.81269884109, 1.84739613533, 1.2723120451, 1.01569950581, 0.725641906261, 0.389424175024, 0.23330104351, 0.12540383637, 0.0554407164454, 0.0213056430221, 0.00491496035829, 0.000965396291576, 0.000121892728203, 4.21701661253e-05], "min": [3.12461670376e-22, 1.37340496797e-21, 5.15209606087e-21, 2.07306761116e-20, 2.3770755502e-20, 4.53808086153e-20, 1.99903368618e-19, 1.8415958832e-19, 3.45946681107e-19, 2.9946432641e-19, 5.92772567905e-19, 4.90554447492e-19, 1.00718648758e-18, 1.26440419271e-18, 1.78724448179e-18, 2.14781912825e-18, 2.71407037286e-18, 4.8191898175e-18, 3.58217347147e-18, 3.85584162764e-18, 5.40295226888e-18, 6.202956276e-18, 7.31586244292e-18, 5.94370835945e-18, 9.15564116542e-18, 8.51624626835e-18, 1.04595822133e-17, 1.36076852137e-17, 1.35463613518e-17, 1.31216636642e-17, 1.640502972e-17, 1.46483379813e-17, 1.24380973225e-17, 9.46804991199e-18, 6.20920562553e-18, 5.36518857879e-18, 2.54085110117e-18, 9.98865567604e-19, 3.14300767123e-19, 2.86269535481e-20], "dvar2": [0.379895687103, 30.7223777771, 57.7725296021, 154.53477478, 85.9964523315, 243.086502075, 409.832336426, 477.403991699, 4604.74853516, 5350.85400391, 6689.82958984, 2585.05102539, 2874.9519043, 1879.99487305, 3018.86767578, 2072.85620117, 1206.88903809, 4334.96728516, 3396.21948242, 2289.93725586, 858.538513184, 622.205444336, 527.037353516, 1888.36657715, 2690.44018555, 941.93560791, 378.945281982, 697.70690918, 460.698577881, 601.603515625, 396.183105469, 95.2338790894, 95.7844619751, 18.856584549, 1.52897715569, 0.150590360165, 0.0142681682482, 0.00368241826072, 4.78642032249e-05, 2.1373883996e-08], "dvar": [0.161369815469, 14.2646045685, 21.4534797668, 52.5961952209, 35.4360313416, 92.8625793457, 155.256622314, 190.644882202, 1868.56542969, 2207.32299805, 2850.99511719, 1132.73937988, 1283.16894531, 799.202575684, 1288.20605469, 1137.9362793, 502.237518311, 1786.95581055, 1557.93225098, 907.317382813, 340.968017578, 251.284637451, 247.169876099, 702.900695801, 1127.29406738, 387.826293945, 173.894058228, 293.660797119, 212.80380249, 265.161804199, 169.909393311, 44.1394805908, 39.6179733276, 8.00377464294, 0.772602200508, 0.0723205506802, 0.00791322533041, 0.00232220534235, 2.95057616313e-05, 1.28041346414e-08], "dmean": [0.128275662661, 1.22250187397, 3.12807178497, 5.07437944412, 3.21350312233, 5.52958774567, 6.99314451218, 7.10565805435, 16.0902843475, 21.2968482971, 17.5086364746, 14.0111789703, 16.7355041504, 12.8274517059, 15.5322504044, 10.7405261993, 9.52645397186, 14.5015354156, 9.49594593048, 7.47102117538, 6.20085334778, 6.541015625, 5.94913005829, 10.3124742508, 8.39900588989, 7.15452241898, 4.94979572296, 4.41232585907, 3.46323156357, 3.09358978271, 2.27802300453, 1.50488698483, 1.06603646278, 0.501546263695, 0.257779598236, 0.0928343906999, 0.0270705670118, 0.00981874018908, 0.000922110513784, 3.51165581378e-05], "max": [4.03144788742, 47.8204689026, 58.091960907, 94.9766159058, 108.833045959, 188.782562256, 239.953155518, 386.71383667, 1013.19494629, 1312.14135742, 2538.36035156, 929.820739746, 1210.73449707, 978.85333252, 1785.51489258, 2392.2890625, 562.750854492, 1561.25439453, 2717.41333008, 1924.17407227, 988.875915527, 806.710021973, 672.15423584, 780.487548828, 1126.72790527, 821.939086914, 437.681854248, 676.538452148, 623.291381836, 564.94909668, 668.71661377, 214.266906738, 348.484191895, 160.18963623, 24.0520877838, 7.06408691406, 3.8187494278, 2.52981042862, 0.43506282568, 0.00799470953643], "var": [0.217255353928, 18.8554935455, 33.046913147, 105.187568665, 64.4649353027, 221.478805542, 320.900238037, 376.026062012, 2859.30932617, 5206.14257813, 6559.8359375, 3637.69506836, 3926.64868164, 2251.93676758, 3249.70556641, 6812.52783203, 1291.31347656, 8188.28369141, 3140.21826172, 1766.53808594, 915.75402832, 661.293823242, 700.472290039, 1494.84765625, 1702.18835449, 735.010742188, 366.861968994, 423.716796875, 323.152648926, 345.79864502, 218.060089111, 168.624343872, 44.6820869446, 10.2219619751, 3.05207562447, 0.286193877459, 0.0692880898714, 0.0354931093752, 0.000426786660682, 1.51335441956e-07], "mean": [0.20101711154, 1.82779669762, 5.47237348557, 9.51420307159, 6.00715494156, 11.0043678284, 13.571097374, 14.3462295532, 28.0471172333, 43.7309112549, 36.1521453857, 30.023771286, 34.6481552124, 26.5560359955, 33.0435142517, 24.1659107208, 18.4167633057, 30.2966098785, 18.1938648224, 13.7516822815, 13.0947751999, 13.7865161896, 13.2012166977, 19.8065052032, 15.9137887955, 13.9191770554, 9.58071327209, 7.54432010651, 5.56785821915, 4.69418525696, 3.6199195385, 3.35384321213, 1.68087303638, 0.919070243835, 0.562968492508, 0.195759221911, 0.0795359686017, 0.0413549765944, 0.00388035643846, 0.000127689854708]}, "spectral_strongpeak": {"dmean2": 0.704733729362, "median": 0.492236673832, "min": 0, "dvar2": 1.44528973103, "dvar": 0.565136134624, "dmean": 0.413401037455, "max": 14.979719162, "var": 1.27893459797, "mean": 0.852719664574}, "spectral_energy": {"dmean2": 0.0149322347715, "median": 0.0277351681143, "min": 1.04735597755e-20, "dvar2": 0.000538884603884, "dvar": 0.000263516558334, "dmean": 0.00968652311713, "max": 0.219616785645, "var": 0.000563641544431, "mean": 0.0318701900542}, "average_loudness": 0.928522408009, "spectral_rolloff": {"dmean2": 654.523254395, "median": 753.662109375, "min": 43.06640625, "dvar2": 2186855.25, "dvar": 953057, "dmean": 397.241088867, "max": 20219.6777344, "var": 2326278.75, "mean": 1160.92626953}, "spectral_centroid": {"dmean2": 307.506530762, "median": 954.434204102, "min": 119.836364746, "dvar2": 152260.84375, "dvar": 82093.765625, "dmean": 205.335327148, "max": 11197.9189453, "var": 493477.3125, "mean": 1108.28234863}, "pitch_salience": {"dmean2": 0.103542558849, "median": 0.515488266945, "min": 0.0513518117368, "dvar2": 0.00885740481317, "dvar": 0.00364941870794, "dmean": 0.0647864565253, "max": 0.967244923115, "var": 0.0151450363919, "mean": 0.504196584225}, "spectral_energyband_middle_high": {"dmean2": 0.00197690119967, "median": 0.002800951479, "min": 1.20582223503e-21, "dvar2": 1.12999405246e-05, "dvar": 5.20501862411e-06, "dmean": 0.00132984027732, "max": 0.0835775509477, "var": 2.98319246212e-05, "mean": 0.00460585486144}, "spectral_contrast_coeffs": {"dmean2": [0.0743336379528, 0.0679409652948, 0.055834133178, 0.0453748591244, 0.0333259999752, 0.0286324899644], "median": [-0.630080521107, -0.699789583683, -0.727625131607, -0.776311218739, -0.783113598824, -0.753966987133], "min": [-0.967760145664, -0.984116017818, -0.979043662548, -0.967007815838, -0.963652074337, -0.961801826954], "dvar2": [0.00375451194122, 0.00311398576014, 0.00205682218075, 0.00134849350434, 0.000765981094446, 0.000753009400796], "dvar": [0.00137707928661, 0.00119595916476, 0.000829081458505, 0.000534941267688, 0.000338865269441, 0.000356979115168], "dmean": [0.0449220649898, 0.0413909740746, 0.034888047725, 0.0279124695808, 0.0212046839297, 0.018790025264], "max": [-0.328707695007, -0.417402714491, -0.483323693275, -0.512606143951, -0.569267213345, -0.560244083405], "var": [0.00698775006458, 0.00483997678384, 0.00488344533369, 0.0034168784041, 0.00325697660446, 0.00284433923662], "mean": [-0.625070869923, -0.698199987411, -0.727656781673, -0.771753549576, -0.777945041656, -0.755439937115]}, "melbands_skewness": {"dmean2": 1.10848331451, "median": 2.49121809006, "min": -0.859064817429, "dvar2": 1.80057132244, "dvar": 0.902046859264, "dmean": 0.742065370083, "max": 19.4742050171, "var": 4.72975063324, "mean": 2.98769760132}, "spectral_spread": {"dmean2": 684983.375, "median": 4122304.25, "min": 712994.5625, "dvar2": 923502116864, "dvar": 510273191936, "dmean": 512009.875, "max": 41091956, "var": 3448739201020.0, "mean": 4380882.5}, "dissonance": {"dmean2": 0.0376255176961, "median": 0.45337626338, "min": 0.133199349046, "dvar2": 0.00129726913292, "dvar": 0.000494131934829, "dmean": 0.0228040944785, "max": 0.499956935644, "var": 0.00214033247903, "mean": 0.44081902504}, "spectral_skewness": {"dmean2": 0.405323803425, "median": 1.56119942665, "min": -0.0991368815303, "dvar2": 0.274711728096, "dvar": 0.125148549676, "dmean": 0.264990627766, "max": 8.19046592712, "var": 0.824920535088, "mean": 1.75314676762}, "spectral_flux": {"dmean2": 0.036979097873, "median": 0.0689846798778, "min": 6.68711544471e-11, "dvar2": 0.00280026928522, "dvar": 0.00108291278593, "dmean": 0.0226778890938, "max": 0.36265194416, "var": 0.00217288313434, "mean": 0.0768692791462}, "spectral_contrast_valleys": {"dmean2": [0.573052048683, 0.496199637651, 0.453484386206, 0.397801369429, 0.340851724148, 0.389458954334], "median": [-6.94951200485, -6.67046070099, -7.47379016876, -7.94724798203, -7.76234769821, -10.4333076477], "min": [-27.8515224457, -27.8052272797, -27.4491615295, -27.7255382538, -27.4672870636, -27.3442363739], "dvar2": [0.23892006278, 0.168627351522, 0.149677217007, 0.134564071894, 0.147148251534, 0.255282998085], "dvar": [0.0961786657572, 0.0701002776623, 0.0649259239435, 0.0679782778025, 0.08840470016, 0.170502096415], "dmean": [0.354460984468, 0.304834783077, 0.278044551611, 0.252631634474, 0.238585904241, 0.330255150795], "max": [-4.91170883179, -4.66901111603, -4.92876720428, -5.97070550919, -5.52261209488, -7.34955215454], "var": [1.46205401421, 1.86663770676, 2.00180315971, 1.87438929081, 2.06208825111, 2.15408420563], "mean": [-7.14454364777, -6.8748421669, -7.6825