{"tonal": {"thpcp": [1, 0.634492218494, 0.107840359211, 0.0695140734315, 0.0869329497218, 0.28117620945, 0.387897789478, 0.21159376204, 0.149289309978, 0.181215062737, 0.0896865949035, 0.0470175407827, 0.0696162357926, 0.131867498159, 0.538166463375, 0.739427685738, 0.343765437603, 0.0938128754497, 0.0766066461802, 0.11253567785, 0.465596973896, 0.767669916153, 0.435953706503, 0.0994775891304, 0.0915375500917, 0.0790238901973, 0.171989530325, 0.286917567253, 0.209613025188, 0.351260364056, 0.628706634045, 0.384933531284, 0.0751895084977, 0.0394447222352, 0.048285022378, 0.465292423964], "hpcp": {"dmean2": [0.0241211950779, 0.042551420629, 0.138331353664, 0.176236107945, 0.167877241969, 0.0590821877122, 0.0288692973554, 0.0614145882428, 0.106794200838, 0.123429618776, 0.107325091958, 0.0665352195501, 0.0564691908658, 0.0405998528004, 0.0241431780159, 0.0313867926598, 0.0599484331906, 0.109828144312, 0.130490586162, 0.106538422406, 0.0468145534396, 0.0309270471334, 0.0572509281337, 0.123530931771, 0.157591566443, 0.139928281307, 0.0609548613429, 0.0327343717217, 0.0551406480372, 0.0680516138673, 0.0901513770223, 0.0908460095525, 0.122103594244, 0.127338930964, 0.111587628722, 0.0514622814953], "median": [0.00149164430331, 0.00288910232484, 0.120887361467, 0.27814078331, 0.164056807756, 0.0079486547038, 0.000643912004307, 0.00203267484903, 0.0124715501443, 0.0260998811573, 0.02128152363, 0.00305744237266, 0.000998480129056, 0.000948544184212, 0.00509980227798, 0.00635500065982, 0.0128444861621, 0.0684447959065, 0.12099955976, 0.0648581683636, 0.00402352865785, 0.000790500314906, 0.00329068372957, 0.0649315714836, 0.126716032624, 0.0624650716782, 0.00414140895009, 0.000429203442764, 0.00116064667236, 0.00596370780841, 0.00879177358001, 0.013272930868, 0.0375725291669, 0.0325215496123, 0.0220239739865, 0.00349043938331], "min": [0, 0, 0, 0, 0, 0, 0, 0, 0, 0, 0, 0, 0, 0, 0, 0, 0, 0, 0, 0, 0, 0, 0, 0, 0, 0, 0, 0, 0, 0, 0, 0, 0, 0, 0, 0], "dvar2": [0.00949664972723, 0.0171001348644, 0.0379383526742, 0.0622765757143, 0.0461125858128, 0.0165975224227, 0.0135301668197, 0.025034757331, 0.0413098856807, 0.050032608211, 0.0435285940766, 0.0305835455656, 0.0269228536636, 0.0152542870492, 0.00546205090359, 0.00640901876613, 0.0205982066691, 0.0333494842052, 0.042737416923, 0.0300084464252, 0.0174911934882, 0.0105413822457, 0.0245811957866, 0.0419056862593, 0.0614754669368, 0.0549401007593, 0.0318998061121, 0.0146523527801, 0.0326624661684, 0.0274018198252, 0.0367872901261, 0.0326172225177, 0.0453326888382, 0.0515073500574, 0.0394135341048, 0.0203339718282], "dvar": [0.00339357554913, 0.00620821118355, 0.0152189200744, 0.0305328369141, 0.0202759150416, 0.00615045242012, 0.00500081898645, 0.00885960180312, 0.0167899504304, 0.0222408846021, 0.0161208231002, 0.0110840359703, 0.0115566290915, 0.00591337773949, 0.00217510387301, 0.0027557418216, 0.00757817225531, 0.0146757634357, 0.0207296218723, 0.0121046304703, 0.0068724649027, 0.00423124013469, 0.00927827414125, 0.0167543943971, 0.0278416723013, 0.0212302133441, 0.0103716123849, 0.00619829213247, 0.0116484360769, 0.0114418203011, 0.0168170146644, 0.0133368931711, 0.0183499082923, 0.0238045435399, 0.01634821482, 0.00731596862897], "dmean": [0.0134961670265, 0.0236864238977, 0.0878197476268, 0.113292574883, 0.109599344432, 0.0342591702938, 0.0162646155804, 0.0356291793287, 0.0659920349717, 0.0785230696201, 0.0646034628153, 0.0403215959668, 0.0355254113674, 0.0248519200832, 0.0144290709868, 0.0196328125894, 0.0362310968339, 0.07273209095, 0.0864460989833, 0.0682052820921, 0.0279388222843, 0.0183768831193, 0.0338986068964, 0.0780038684607, 0.100788913667, 0.0857026726007, 0.0340265743434, 0.0191831048578, 0.0316170193255, 0.0432227700949, 0.0560935996473, 0.0552206672728, 0.0769354626536, 0.0801028162241, 0.0705106258392, 0.0295759476721], "max": [1, 1, 1, 1, 1, 1, 1, 1, 1, 1, 1, 1, 1, 0.960316240788, 1, 1, 1, 1, 1, 1, 1, 1, 1, 1, 1, 1, 1, 1, 1, 1, 1, 1, 1, 1, 1, 1], "var": [0.00551123637706, 0.00497123366222, 0.0421195998788, 0.15150912106, 0.0728041231632, 0.0151261957362, 0.0182089749724, 0.00944319460541, 0.0465923510492, 0.0747017413378, 0.0258871670812, 0.0240021385252, 0.0432502888143, 0.0118714300916, 0.00320972735062, 0.00571200996637, 0.0122045259923, 0.08869099617, 0.135495603085, 0.0326529107988, 0.0145684741437, 0.0168277006596, 0.0162229239941, 0.0687525421381, 0.142131760716, 0.0587983950973, 0.0157052148134, 0.0251240115613, 0.0135417860001, 0.0270941946656, 0.0617430768907, 0.0323916897178, 0.0461782328784, 0.138614997268, 0.0628867819905, 0.00793763250113], "mean": [0.016569217667, 0.020282689482, 0.195451527834, 0.420061707497, 0.266525894403, 0.0452996045351, 0.0292001999915, 0.0365172028542, 0.118111357093, 0.162941008806, 0.0888824388385, 0.062710724771, 0.0761215090752, 0.0376739054918, 0.0197502691299, 0.0292431153357, 0.055392485112, 0.226063132286, 0.31060525775, 0.144402697682, 0.039407197386, 0.0321795195341, 0.0472719296813, 0.195579454303, 0.322468727827, 0.183127462864, 0.0417867265642, 0.0384514182806, 0.0331949107349, 0.0722462162375, 0.12052308023, 0.0880504027009, 0.147551029921, 0.264095574617, 0.161695837975, 0.0315842330456]}, "tuning_equal_tempered_deviation": 0.00230345106684, "chords_changes_rate": 0.0383141748607, "key_key": "D#", "tuning_diatonic_strength": 0.567587435246, "key_scale": "major", "chords_number_rate": 0.00353669328615, "tuning_frequency": 442.548919678, "tuning_nontempered_energy_ratio": 0.619671463966, "chords_histogram": [21.8390808105, 2.00412607193, 19.3633956909, 0, 1.14942526817, 0, 0.795755982399, 0.0884173288941, 0, 0, 0, 0, 0, 0, 1.44414973259, 1.00206303596, 0.972590625286, 5.09873247147, 0.0589448846877, 9.31329250336, 12.6731510162, 6.89655160904, 9.40170955658, 7.89861488342], "key_strength": 0.762090921402, "chords_key": "D#", "chords_strength": {"dmean2": 0.00433113100007, "median": 0.503756940365, "min": 0.258262693882, "dvar2": 1.76760022441e-05, "dvar": 2.7595913707e-05, "dmean": 0.00615159329027, "max": 0.714529752731, "var": 0.00753216585144, "mean": 0.496398955584}, "chords_scale": "major", "hpcp_entropy": {"dmean2": 0.702287852764, "median": 1.61235022545, "min": 0, "dvar2": 0.387516856194, "dvar": 0.151908203959, "dmean": 0.418061971664, "max": 3.96281456947, "var": 0.375450730324, "mean": 1.57913017273}}, "metadata": {"audio_properties": {"equal_loudness": 0, "codec": "flac", "downmix": "mix", "analysis_sample_rate": 44100, "bit_rate": 0, "md5_encoded": "644c18147b9392d05bd48c2aa8e07f9b", "length": 157.493331909, "replay_gain": 2.84729576111, "lossless": true}, "version": {"essentia_build_sha": "7f154e5731828a63663f0144680ef47bd640f88b", "essentia": "2.1-beta1", "extractor": "music 1.0", "essentia_git_sha": "v2.1_beta1-6-g5578087"}, "tags": {"title": ["Quigley & Cora"], "barcode": ["5400211001622"], "media": ["CD"], "albumartist": ["Basil Poledouris"], "tracktotal": ["30"], "releasetype": ["soundtrack"], "musicbrainz_recordingid": ["07ae6f10-7811-43c3-9151-1c0906fb8bdd"], "composer": ["Basil Poledouris"], "musicbrainz_albumartistid": ["e50f9da8-a0a2-4a97-94b6-c649a2b96c0b"], "ensemble": ["Basil Poledouris"], "catalognumber": ["XPCD 162"], "releasecountry": ["BE"], "file_name": "23 Quigley & Cora.flac", "albumartistsort": ["Poledouris, Basil"], "date": ["1990"], "genre": ["Soundtrack"], "encoder": ["MediaMonkey 3.2.4"], "disctotal": ["1"], "musicbrainz_artistid": ["e50f9da8-a0a2-4a97-94b6-c649a2b96c0b"], "releasestatus": ["official"], "discnumber": ["1"], "originaldate": ["1992-11-17"], "musicbrainz_albumid": ["0f91a357-75d0-4bc4-a258-49de6b1e0b38"], "album artist": ["Basil Poledouris"], "artist": ["Basil Poledouris"], "tracknumber": ["23"], "artistsort": ["Poledouris, Basil"], "album": ["Quigley Down Under"], "label": ["Prometheus"], "totaltracks": ["30"], "totaldiscs": ["1"], "script": ["Latn"], "conductor": ["Basil Poledouris"]}}, "rhythm": {"bpm_histogram_first_peak_bpm": {"dmean2": 0, "median": 117, "min": 117, "dvar2": 0, "dvar": 0, "dmean": 0, "max": 117, "var": 0, "mean": 117}, "bpm": 116.801635742, "bpm_histogram_second_peak_spread": {"dmean2": 0, "median": 0.399999976158, "min": 0.399999976158, "dvar2": 0, "dvar": 0, "dmean": 0, "max": 0.399999976158, "var": 0, "mean": 0.399999976158}, "bpm_histogram_first_peak_weight": {"dmean2": 0, "median": 0.244299679995, "min": 0.244299679995, "dvar2": 0, "dvar": 0, "dmean": 0, "max": 0.244299679995, "var": 0, "mean": 0.244299679995}, "onset_rate": 1.13006865978, "beats_position": [0.53405892849, 1.07972788811, 1.62539684772, 2.17106580734, 2.71673464775, 3.26240348816, 3.80807256699, 4.34213161469, 4.87619018555, 5.41024923325, 5.94430828094, 6.47836732864, 7.01242637634, 7.55809497833, 8.10376358032, 8.63782310486, 9.14866161346, 9.65950107574, 10.1703395844, 10.7043991089, 11.2268476486, 11.749297142, 12.2717456818, 12.7941951752, 13.3166437149, 13.8507022858, 14.3963718414, 14.8839902878, 15.3716096878, 15.8476190567, 16.3236274719, 16.8112468719, 17.2872562408, 17.7632656097, 18.2392749786, 18.7152824402, 19.2029018402, 19.7253513336, 20.247800827, 20.758638382, 21.2694778442, 21.7803173065, 22.2911567688, 22.8136043549, 23.3360538483, 23.8468933105, 24.369342804, 24.89179039, 25.4606800079, 26.0295696259, 26.6100673676, 27.1905670166, 27.7594547272, 28.3515644073, 28.9552822113, 29.5590019226, 30.1627197266, 30.7664394379, 31.3701572418, 31.9506568909, 32.5543746948, 33.1580963135, 33.7734222412, 34.4003639221, 35.0156898499, 35.6426315308, 36.1650772095, 36.6875267029, 37.2099761963, 37.7208137512, 38.2432632446, 38.7541046143, 39.2649421692, 39.7873916626, 40.309841156, 40.8206787109, 41.3431282043, 41.761089325, 42.1790466309, 42.5970077515, 43.0149650574, 43.432926178, 43.8508834839, 44.2804527283, 44.7100219727, 45.139591217, 45.5691604614, 46.0683898926, 46.5443992615, 47.0320167542, 47.5196380615, 47.9608154297, 48.3903846741, 48.8315620422, 49.2495231628, 49.6674804688, 50.0738296509, 50.480178833, 50.8400878906, 51.2000007629, 51.5599098206, 51.9198188782, 52.3145561218, 52.7092971802, 53.1040344238, 53.6148757935, 54.1257133484, 54.6249427795, 55.1590003967, 55.6930618286, 56.2155075073, 56.7379570007, 57.2604064941, 57.794467926, 58.3285255432, 58.8625831604, 59.3966445923, 59.9423103333, 60.4995918274, 61.0220413208, 61.5444869995, 62.0669364929, 62.5893859863, 63.100227356, 63.6226730347, 64.1335144043, 64.6327438354, 65.1319732666, 65.5383224487, 65.9446716309, 66.351020813, 66.7573699951, 67.1753311157, 67.5816802979, 67.9764175415, 68.3711547852, 68.7775039673, 69.1722412109, 69.566986084, 69.9501113892, 70.3332443237, 70.7163696289, 71.1111068726, 71.5058517456, 71.9005889893, 72.2953262329, 72.817779541, 73.3170089722, 73.8278427124, 74.338684082, 74.8379135132, 75.3487548828, 75.8479766846, 76.3472061157, 76.8464355469, 77.345664978, 77.8448944092, 78.3557357788, 78.85496521, 79.3541946411, 79.8534240723, 80.3062133789, 80.7590026855, 81.2233963013, 81.6877975464, 82.198638916, 82.6978683472, 83.1970977783, 83.6963272095, 84.1955566406, 84.7760543823, 85.356552124, 85.9370498657, 86.4943313599, 87.0516052246, 87.6088867188, 88.1197280884, 88.6305618286, 89.1297912598, 89.6638565063, 90.1979141235, 90.7319717407, 91.2660293579, 91.8000869751, 92.3341445923, 92.8682098389, 93.4138793945, 93.9711532593, 94.5284347534, 95.0857162476, 95.6546020508, 96.2118835449, 96.7923812866, 97.3728790283, 97.95337677, 98.4874343872, 99.0214920044, 99.555557251, 100.07800293, 100.612060547, 101.134513855, 101.645347595, 102.167800903, 102.678634644, 103.189476013, 103.700317383, 104.211151123, 104.733604431, 105.25605011, 105.778503418, 106.289337158, 106.800178528, 107.311019897, 107.821853638, 108.332695007, 108.855148315, 109.365982056, 109.876823425, 110.387664795, 110.898498535, 111.409339905, 111.931785583, 112.454238892, 112.965080261, 113.475914001, 113.986755371, 114.50920105, 115.031654358, 115.542495728, 116.053329468, 116.564170837, 117.086616516, 117.597457886, 118.119903564, 118.642356873, 119.153198242, 119.675643921, 120.186485291, 120.697319031, 121.2081604, 121.730613708, 122.253059387, 122.763900757, 123.274734497, 123.785575867, 124.284805298, 124.784034729, 125.306480408, 125.828933716, 126.339767456, 126.862220764, 127.384666443, 127.895507812, 128.406341553, 128.917190552, 129.43963623, 129.950469971, 130.46131897, 130.983764648, 131.517822266, 132.028656006, 132.539505005, 133.050338745, 133.561172485, 134.072021484, 134.582855225, 135.093688965, 135.616149902, 136.126983643, 136.649429321, 137.160263062, 137.682723999, 138.205169678, 138.727615356, 139.250061035, 139.760910034, 140.271743774, 140.782577515, 141.281814575, 141.804260254, 142.326705933, 142.849151611, 143.371612549, 143.894058228, 144.404891968, 144.915740967, 145.426574707, 145.937408447, 146.448257446, 146.970703125, 147.493148804, 148.027206421, 148.572875977, 149.118545532, 149.652603149, 150.186660767, 150.720718384, 151.254776001, 151.835281372, 152.415786743, 152.996276855, 153.541946411, 154.076004028, 154.621673584, 155.155731201, 155.689788818, 156.235458374, 156.769515991], "beats_loudness": {"dmean2": 0.028525358066, "median": 0.0205617509782, "min": 1.00353304333e-06, "dvar2": 0.00197713309899, "dvar": 0.000643121718895, "dmean": 0.0163992084563, "max": 0.255963355303, "var": 0.000860355386976, "mean": 0.02846291475}, "danceability": 0.885628283024, "bpm_histogram_second_peak_weight": {"dmean2": 0, "median": 0.117263846099, "min": 0.117263846099, "dvar2": 0, "dvar": 0, "dmean": 0, "max": 0.117263846099, "var": 0, "mean": 0.117263846099}, "beats_count": 308, "bpm_histogram_second_peak_bpm": {"dmean2": 0, "median": 112, "min": 112, "dvar2": 0, "dvar": 0, "dmean": 0, "max": 112, "var": 0, "mean": 112}, "bpm_histogram_first_peak_spread": {"dmean2": 0, "median": 0.53125, "min": 0.53125, "dvar2": 0, "dvar": 0, "dmean": 0, "max": 0.53125, "var": 0, "mean": 0.53125}, "beats_loudness_band_ratio": {"dmean2": [0.323559552431, 0.323665291071, 0.278066843748, 0.161888197064, 0.0393881313503, 0.00445503927767], "median": [0.285498321056, 0.261226058006, 0.149764597416, 0.0911798328161, 0.0169892534614, 0.00172648392618], "min": [0.00023484652047, 0.00182176148519, 0.00154771853704, 0.000794232822955, 8.71353477123e-05, 4.88456098537e-05], "dvar2": [0.100891381502, 0.0846350863576, 0.0755348801613, 0.0315473079681, 0.00333439325914, 0.000322986859828], "dvar": [0.0370311401784, 0.0316729210317, 0.0247555766255, 0.01199189201, 0.00122378824744, 0.000117662944831], "dmean": [0.190983876586, 0.187688812613, 0.155636578798, 0.0946156606078, 0.023773804307, 0.00266297371127], "max": [0.969568789005, 0.930738151073, 0.876365959644, 0.733398139477, 0.278872340918, 0.141282960773], "var": [0.0766278207302, 0.0613654479384, 0.0435795634985, 0.0183737557381, 0.00185832590796, 8.40100619826e-05], "mean": [0.339986383915, 0.331870853901, 0.226139292121, 0.135439902544, 0.0324186272919, 0.00327010662295]}}, "lowlevel": {"barkbands_spread": {"dmean2": 2.62831640244, "median": 8.64123153687, "min": 0.557524979115, "dvar2": 10.3595247269, "dvar": 5.49000644684, "dmean": 1.78014910221, "max": 137.888244629, "var": 52.8309936523, "mean": 9.74264907837}, "melbands_spread": {"dmean2": 3.39709472656, "median": 10.443810463, "min": 0.735446751118, "dvar2": 13.5484418869, "dvar": 9.09657001495, "dmean": 2.34506630898, "max": 228.100036621, "var": 71.3595428467, "mean": 11.9797143936}, "hfc": {"dmean2": 3.25414395332, "median": 8.16069793701, "min": 8.54121424254e-07, "dvar2": 23.3638763428, "dvar": 10.3656702042, "dmean": 2.24051070213, "max": 86.2471008301, "var": 101.525642395, "mean": 10.664223671}, "barkbands_kurtosis": {"dmean2": 4.71938753128, "median": 2.69734501839, "min": -1.89240634441, "dvar2": 90.2083816528, "dvar": 33.5015563965, "dmean": 2.98188638687, "max": 151.203735352, "var": 91.5609359741, "mean": 5.92105388641}, "gfcc": {"mean": [-94.6113128662, 149.640731812, -107.088165283, -11.6880149841, -29.7798709869, -13.6694202423, -28.2725486755, -6.60795259476, -22.2843036652, -3.38980150223, -13.2898607254, -2.12357568741, -10.0098800659], "icov": [[0.000609062321018, -0.00125183921773, 0.00116528011858, -0.00144195300527, 0.00105791701935, -0.00142717885319, 0.00188565766439, -0.00179120339453, 0.00203108182177, -0.00135674339253, 0.00102965999395, -0.00084508175496, 0.000494470179547], [-0.00125183921773, 0.00463809352368, -0.00272877165116, 0.00346424011514, -0.00325401336886, 0.00335627305321, -0.00489711016417, 0.00534508563578, -0.00641543418169, 0.00557399727404, -0.00452155247331, 0.00418482767418, -0.00229247496463], [0.00116528011858, -0.00272877165116, 0.00351053103805, -0.00334155187011, 0.0021299123764, -0.00431568594649, 0.00442979391664, -0.00368533446454, 0.00394431781024, -0.00224120914936, 0.00210608146153, -0.00218600500375, 0.00123931001872], [-0.00144195300527, 0.00346424011514, -0.00334155187011, 0.00657354900613, -0.00323170842603, 0.00380912562832, -0.00531432870775, 0.00504754344001, -0.00515731843188, 0.00496756006032, -0.00297460146248, 0.0045445994474, -0.00232077063993], [0.00105791701935, -0.00325401336886, 0.0021299123764, -0.00323170842603, 0.00576543062925, -0.00334316305816, 0.00226062186994, -0.0040259049274, 0.00485194567591, -0.00586095778272, 0.00366321299225, -0.00392475211993, 0.00278670573607], [-0.00142717885319, 0.00335627305321, -0.00431568594649, 0.00380912562832, -0.00334316305816, 0.0104966163635, -0.00751698389649, 0.00245980196632, -0.00269821868278, 0.00190886063501, -0.00242052483372, 0.00239054858685, -0.00118996645324], [0.00188565766439, -0.00489711016417, 0.00442979391664, -0.00531432870775, 0.00226062186994, -0.00751698389649, 0.0180497467518, -0.0101923430339, 0.00685035530478, -0.00364762707613, 0.00293231918477, -0.000389062566683, 0.000226469492191], [-0.00179120339453, 0.00534508563578, -0.00368533446454, 0.00504754344001, -0.0040259049274, 0.00245980196632, -0.0101923430339, 0.0174740441144, -0.0123770553619, 0.00552057707682, -0.00366152124479, 0.00189282407518, -0.0019783063326], [0.00203108182177, -0.00641543418169, 0.00394431781024, -0.00515731843188, 0.00485194567591, -0.00269821868278, 0.00685035530478, -0.0123770553619, 0.0226572491229, -0.0153785683215, 0.00662240199745, -0.00381448469125, 0.0021065545734], [-0.00135674339253, 0.00557399727404, -0.00224120914936, 0.00496756006032, -0.00586095778272, 0.00190886063501, -0.00364762707613, 0.00552057707682, -0.0153785683215, 0.0259910095483, -0.015250030905, 0.00711021851748, -0.00157594215125], [0.00102965999395, -0.00452155247331, 0.00210608146153, -0.00297460146248, 0.00366321299225, -0.00242052483372, 0.00293231918477, -0.00366152124479, 0.00662240199745, -0.015250030905, 0.0221588220447, -0.0148684959859, 0.00789736025035], [-0.00084508175496, 0.00418482767418, -0.00218600500375, 0.0045445994474, -0.00392475211993, 0.00239054858685, -0.000389062566683, 0.00189282407518, -0.00381448469125, 0.00711021851748, -0.0148684959859, 0.0252980068326, -0.0138339912519], [0.000494470179547, -0.00229247496463, 0.00123931001872, -0.00232077063993, 0.00278670573607, -0.00118996645324, 0.000226469492191, -0.0019783063326, 0.0021065545734, -0.00157594215125, 0.00789736025035, -0.0138339912519, 0.0170569717884]], "cov": [[7184.73535156, 555.61151123, -1032.87878418, 603.961364746, -379.829772949, -57.5704803467, -126.344161987, -98.1648788452, -250.173782349, -247.703262329, -204.196868896, -162.500595093, 42.704158783], [555.61151123, 843.488586426, 145.309555054, 33.3117828369, 148.071456909, -2.60595202446, 66.9071807861, -46.8171310425, 56.4915008545, -32.8225440979, 16.1826267242, -64.4371643066, -9.22128009796], [-1032.87878418, 145.309555054, 1306.91479492, 246.346542358, 104.593650818, 317.028930664, 54.998966217, 41.6589317322, -57.7631988525, -75.3988952637, -44.0924720764, -17.2418193817, 3.76245808601], [603.961364746, 33.3117828369, 246.346542358, 485.600067139, 16.0848884583, 35.8383216858, 36.2840881348, -44.4586524963, -72.2945556641, -113.395980835, -107.445831299, -86.342338562, 7.54594087601], [-379.829772949, 148.071456909, 104.593650818, 16.0848884583, 446.271270752, 132.897781372, 99.0899429321, 92.385635376, 63.1496696472, 107.34173584, 61.4561004639, 10.0810079575, -46.8975830078], [-57.5704803467, -2.60595202446, 317.028930664, 35.8383216858, 132.897781372, 293.826690674, 98.7925262451, 90.4590148926, -0.64113509655, 26.8104934692, 11.4951496124, -0.310397475958, -11.8910751343], [-126.344161987, 66.9071807861, 54.998966217, 36.2840881348, 99.0899429321, 98.7925262451, 150.391296387, 78.4092788696, 24.8963546753, 15.3824367523, -0.708449721336, -18.0581493378, -4.57516908646], [-98.1648788452, -46.8171310425, 41.6589317322, -44.4586524963, 92.385635376, 90.4590148926, 78.4092788696, 180.284790039, 84.6616516113, 70.6913299561, 39.6986846924, 23.0013275146, -5.08618497849], [-250.173782349, 56.4915008545, -57.7631988525, -72.2945556641, 63.1496696472, -0.64113509655, 24.8963546753, 84.6616516113, 163.233398438, 112.861488342, 64.6305236816, 14.2833452225, -19.7391147614], [-247.703262329, -32.8225440979, -75.3988952637, -113.395980835, 107.34173584, 26.8104934692, 15.3824367523, 70.6913299561, 112.861488342, 183.378570557, 122.107711792, 35.8073730469, -39.3429603577], [-204.196868896, 16.1826267242, -44.0924720764, -107.445831299, 61.4561004639, 11.4951496124, -0.708449721336, 39.6986846924, 64.6305236816, 122.107711792, 166.952209473, 72.2373886108, -23.356628418], [-162.500595093, -64.4371643066, -17.2418193817, -86.342338562, 10.0810079575, -0.310397475958, -18.0581493378, 23.0013275146, 14.2833452225, 35.8073730469, 72.2373886108, 122.653068542, 54.3700180054], [42.704158783, -9.22128009796, 3.76245808601, 7.54594087601, -46.8975830078, -11.8910751343, -4.57516908646, -5.08618497849, -19.7391147614, -39.3429603577, -23.356628418, 54.3700180054, 116.919769287]]}, "spectral_energyband_middle_low": {"dmean2": 0.0076620131731, "median": 0.00947631616145, "min": 5.03600243104e-12, "dvar2": 0.000202463052119, "dvar": 7.05091588316e-05, "dmean": 0.00482028629631, "max": 0.16685603559, "var": 0.000327601475874, "mean": 0.0161551162601}, "melbands_crest": {"dmean2": 3.83816027641, "median": 14.3131799698, "min": 4.73711061478, "dvar2": 15.8154764175, "dvar": 5.49515342712, "dmean": 2.45886111259, "max": 31.1143798828, "var": 24.4522075653, "mean": 14.9635391235}, "spectral_kurtosis": {"dmean2": 9.93201351166, "median": 19.4821529388, "min": -1.2021266222, "dvar2": 83.555480957, "dvar": 28.8935394287, "dmean": 5.73091411591, "max": 109.941566467, "var": 181.223815918, "mean": 22.6653175354}, "spectral_rms": {"dmean2": 0.000774009618908, "median": 0.00425742845982, "min": 3.03716632288e-07, "dvar2": 9.93173784991e-07, "dvar": 3.73257961428e-07, "dmean": 0.00051811611047, "max": 0.0164457615465, "var": 5.6857375057e-06, "mean": 0.0044251694344}, "zerocrossingrate": {"dmean2": 0.00434384541586, "median": 0.02783203125, "min": 0.00341796875, "dvar2": 3.79723860533e-05, "dvar": 3.43467581843e-05, "dmean": 0.00354682374746, "max": 0.61279296875, "var": 0.000529503333382, "mean": 0.0308046881109}, "silence_rate_60dB": {"dmean2": 0.0235918611288, "median": 0, "min": 0, "dvar2": 0.0253921411932, "dvar": 0.0116537883878, "dmean": 0.0117941917852, "max": 1, "var": 0.112993843853, "mean": 0.129864379764}, "erbbands_kurtosis": {"dmean2": 1.723118186, "median": 0.345513343811, "min": -1.66989099979, "dvar2": 7.05544996262, "dvar": 2.70133113861, "dmean": 1.10570955276, "max": 26.7812156677, "var": 8.10806083679, "mean": 1.22123587132}, "erbbands": {"dmean2": [0.0252355337143, 0.373243361712, 1.29225039482, 2.53130936623, 9.95574760437, 24.9146957397, 13.9284667969, 10.7745218277, 13.4921875, 12.6601428986, 11.1288299561, 11.5555238724, 23.5571842194, 21.7964286804, 10.6455211639, 8.53008747101, 14.5271682739, 11.9309625626, 10.9310045242, 6.57791662216, 4.76994466782, 5.50664949417, 2.47658586502, 1.63598060608, 0.987109839916, 0.575979590416, 0.247975021601, 0.121337115765, 0.0908136889338, 0.036414783448, 0.0249442551285, 0.0202135201544, 0.0189619008452, 0.0142097901553, 0.0112030506134, 0.00845093466341, 0.00368453213014, 0.00113920867443, 0.000273480953183, 1.53950913955e-05], "median": [0.00416338071227, 0.156749770045, 1.02439451218, 1.88834476471, 3.10639691353, 5.72073173523, 6.84880590439, 7.98274421692, 9.43521785736, 5.63908576965, 4.22788238525, 7.9575958252, 6.25968837738, 8.19620037079, 5.08096218109, 4.50798988342, 5.61575889587, 4.9487247467, 3.64946246147, 3.15197396278, 1.79747867584, 1.85399723053, 1.11983108521, 0.619973897934, 0.526702404022, 0.28851261735, 0.157551527023, 0.0714393258095, 0.0432474389672, 0.018023096025, 0.0103784929961, 0.0066346982494, 0.0050327302888, 0.00280357897282, 0.00195696344599, 0.000987333012745, 0.000656457617879, 0.000500142166857, 0.000128695974126, 2.86187569145e-05], "min": [1.69692607188e-10, 7.46134543039e-10, 5.18144638306e-10, 1.91909643732e-09, 6.48205089604e-09, 8.01552335616e-09, 7.87221132725e-09, 1.36344435742e-09, 3.85128462455e-09, 5.69791280824e-09, 6.20047702071e-09, 9.48519041089e-09, 6.81868206343e-09, 5.10277464727e-09, 4.11816092338e-09, 1.27153212404e-08, 2.6560427191e-09, 1.01292139121e-08, 1.46831098391e-08, 7.14187864403e-09, 8.67879546007e-09, 6.39018971071e-09, 6.53243370508e-09, 3.4245921654e-09, 1.35355449071e-09, 3.06702285791e-09, 4.3527421667e-09, 2.62228194714e-09, 2.22189155963e-09, 2.9156808079e-09, 3.19512127867e-09, 4.35635749696e-09, 1.30102506546e-08, 1.79404047174e-08, 1.94339939696e-08, 1.88887128161e-08, 1.38178188891e-08, 9.81617276352e-09, 3.66516927919e-09, 3.951016736e-10], "dvar2": [0.00883876904845, 1.10496807098, 11.8103103638, 39.3534049988, 743.617248535, 3659.06835938, 1311.38342285, 961.813598633, 929.722229004, 2194.41015625, 1117.9498291, 783.702148438, 6082.07617188, 3254.59399414, 641.424865723, 447.404388428, 1701.61206055, 803.784790039, 1537.79492188, 202.400024414, 201.25138855, 293.75402832, 38.5497741699, 15.0964593887, 4.35916566849, 1.27552819252, 0.212718084455, 0.0600579455495, 0.0328202657402, 0.00609467690811, 0.00709000090137, 0.0129599710926, 0.0168710555881, 0.0125858001411, 0.00527483783662, 0.00458115292713, 0.000776373955887, 4.76639470435e-05, 6.46447506369e-06, 2.16012874255e-09], "dvar": [0.00382430409081, 0.607992947102, 9.82017421722, 12.7992048264, 272.452514648, 1186.77758789, 502.307952881, 389.190704346, 503.593994141, 1167.09887695, 744.526916504, 463.36618042, 2849.35131836, 1575.54150391, 395.785461426, 245.600326538, 1093.37487793, 370.558197021, 589.954284668, 84.0761947632, 73.4854888916, 150.582275391, 13.5664749146, 6.46989297867, 1.50828492641, 0.457042455673, 0.0761056467891, 0.0252236854285, 0.0120055936277, 0.00218875450082, 0.00247422419488, 0.00427419831976, 0.00588924530894, 0.0043467739597, 0.00193944678176, 0.00154059822671, 0.000269897427643, 1.79912876774e-05, 2.73888440461e-06, 9.14569198152e-10], "dmean": [0.0176961589605, 0.275677829981, 1.00143814087, 1.62027013302, 6.09992170334, 14.7004098892, 9.1743850708, 7.67474222183, 9.77840042114, 9.58480834961, 8.65622425079, 8.71822834015, 16.6354446411, 15.7903766632, 7.80852794647, 6.28753042221, 11.3192520142, 8.24204063416, 6.97874689102, 4.13677597046, 2.87601852417, 3.6380007267, 1.52115988731, 1.03599119186, 0.588051259518, 0.3390609622, 0.14883621037, 0.0744702517986, 0.0530671849847, 0.0215771086514, 0.0149464132264, 0.0116595383734, 0.0112807219848, 0.00839475076646, 0.00710926530883, 0.00499384803697, 0.00218273629434, 0.000678848358802, 0.000171170162503, 9.88754982245e-06], "max": [1.46378922462, 26.6975460052, 204.305526733, 100.236045837, 366.666992188, 905.653625488, 615.723510742, 593.158630371, 795.668945312, 1498.22705078, 1040.35510254, 1161.08435059, 1211.89074707, 1084.06506348, 723.177368164, 607.96282959, 1970.69299316, 687.614257812, 1051.0826416, 263.30090332, 272.507843018, 374.81817627, 82.1802902222, 92.3648452759, 36.5149269104, 16.8629283905, 5.48908090591, 5.22587013245, 3.82313036919, 1.2463363409, 2.2398416996, 2.70822787285, 4.00976467133, 4.1016254425, 2.29307889938, 2.24672341347, 0.814434707165, 0.187922477722, 0.0976345688105, 0.00153978064191], "var": [0.0220464598387, 5.70799779892, 83.2777023315, 52.5806121826, 700.435241699, 3813.41333008, 2005.26477051, 1480.37084961, 2943.6965332, 4542.1640625, 4008.98583984, 4283.16748047, 7366.60888672, 4908.72509766, 1948.17321777, 1351.05273438, 10562.9267578, 1781.56677246, 1390.92834473, 214.684860229, 154.861129761, 478.347900391, 36.6867485046, 45.7759437561, 4.54119682312, 1.38225364685, 0.234287410975, 0.103778131306, 0.03720574826, 0.0110248643905, 0.0180725827813, 0.0312592945993, 0.0572078153491, 0.0384374782443, 0.0202922560275, 0.00986491702497, 0.00143842282705, 9.45103747654e-05, 6.85215627527e-06, 5.37350119956e-09], "mean": [0.0568321608007, 0.941038012505, 3.24035000801, 4.49798583984, 12.8745822906, 29.9627914429, 22.9750061035, 21.8948020935, 27.4311676025, 26.5394134521, 22.0904808044, 26.4665431976, 33.6005096436, 34.4128570557, 18.281085968, 15.6628675461, 31.4944076538, 18.5791034698, 13.4918107986, 8.2114276886, 5.68821287155, 7.41240787506, 3.16542744637, 2.45976686478, 1.28642523289, 0.754928171635, 0.341524809599, 0.184651061893, 0.11930205673, 0.0586559325457, 0.044530838728, 0.038474753499, 0.0417134687304, 0.031795669347, 0.0243121944368, 0.0149660483003, 0.00606123358011, 0.00203066854738, 0.000476125947898, 4.34562352893e-05]}, "spectral_strongpeak": {"dmean2": 0.672869920731, "median": 0.716302633286, "min": 0, "dvar2": 1.12787878513, "dvar": 0.470787286758, "dmean": 0.4072458148, "max": 12.9018688202, "var": 1.36812639236, "mean": 1.0654976368}, "spectral_energy": {"dmean2": 0.00924097001553, "median": 0.018578838557, "min": 9.45498887517e-11, "dvar2": 0.000231934842304, "dvar": 9.04869666556e-05, "dmean": 0.00609393883497, "max": 0.27722465992, "var": 0.000665779458359, "mean": 0.025899624452}, "average_loudness": 0.59732401371, "spectral_rolloff": {"dmean2": 244.664459229, "median": 710.595703125, "min": 86.1328125, "dvar2": 550971, "dvar": 214665.8125, "dmean": 140.607833862, "max": 20973.3398438, "var": 943721.6875, "mean": 801.41027832}, "spectral_centroid": {"dmean2": 108.595970154, "median": 585.663085938, "min": 155.930252075, "dvar2": 27867.8964844, "dvar": 22751.7539062, "dmean": 74.4944381714, "max": 11125.1044922, "var": 99626.0546875, "mean": 634.026245117}, "pitch_salience": {"dmean2": 0.0837822556496, "median": 0.488056153059, "min": 0.104779832065, "dvar2": 0.00669211428612, "dvar": 0.00239782570861, "dmean": 0.0529460422695, "max": 0.846860527992, "var": 0.0114902565256, "mean": 0.485623925924}, "spectral_energyband_middle_high": {"dmean2": 0.00156716443598, "median": 0.00187023612671, "min": 1.77307615205e-12, "dvar2": 1.04916916825e-05, "dvar": 5.066722224e-06, "dmean": 0.00113889749628, "max": 0.056261010468, "var": 2.5568957426e-05, "mean": 0.00366575084627}, "spectral_contrast_coeffs": {"dmean2": [0.0654297694564, 0.0577871315181, 0.0498841777444, 0.0432650893927, 0.030821133405, 0.0196457225829], "median": [-0.600578665733, -0.65069103241, -0.676520347595, -0.688750267029, -0.732071399689, -0.782494544983], "min": [-0.937124252319, -0.96292424202, -0.966217696667, -0.96477496624, -0.959817349911, -0.961486041546], "dvar2": [0.00322454725392, 0.00233750208281, 0.00167439389043, 0.00126796029508, 0.000640005164314, 0.000251361285336], "dvar": [0.00113359082025, 0.000929585134145, 0.000727409904357, 0.00051057827659, 0.000244629452936, 9.14358024602e-05], "dmean": [0.0395466797054, 0.0368446260691, 0.0325951017439, 0.0274324864149, 0.018957240507, 0.0117732612416], "max": [-0.245525583625, -0.322610735893, -0.381325125694, -0.433100759983, -0.513042926788, -0.655043244362], "var": [0.0148681113496, 0.00978654716164, 0.00686835451052, 0.00579748675227, 0.00413049245253, 0.00224073673598], "mean": [-0.586886882782, -0.648455858231, -0.674683690071, -0.688646554947, -0.736202657223, -0.786703228951]}, "melbands_skewness": {"dmean2": 0.719663918018, "median": 1.88523519039, "min": -1.53561258316, "dvar2": 0.622184514999, "dvar": 0.247732177377, "dmean": 0.483055353165, "max": 10.7543916702, "var": 1.71703875065, "mean": 2.11032629013}, "spectral_spread": {"dmean2": 367993.46875, "median": 2167861.5, "min": 917827.25, "dvar2": 279348117504, "dvar": 189312024576, "dmean": 224785.890625, "max": 40063772, "var": 2296076566530.0, "mean": 2425710.5}, "dissonance": {"dmean2": 0.0533785298467, "median": 0.415317475796, "min": 0.182980522513, "dvar2": 0.00237981625833, "dvar": 0.000848534691613, "dmean": 0.031729772687, "max": 0.500000238419, "var": 0.00222799205221, "mean": 0.40851020813}, "spectral_skewness": {"dmean2": 0.723716020584, "median": 3.2081694603, "min": -0.0116548072547, "dvar2": 0.378871142864, "dvar": 0.130629390478, "dmean": 0.419182837009, "max": 8.73882102966, "var": 1.09481990337, "mean": 3.3707036972}, "spectral_flux": {"dmean2": 0.0215353146195, "median": 0.0444296225905, "min": 9.72367706709e-06, "dvar2": 0.000643864739686, "dvar": 0.000238448934397, "dmean": 0.0130284493789, "max": 0.250515371561, "var": 0.00108929001726, "mean": 0.0476912967861}, "spectral_contrast_valleys": {"dmean2": [0.522297561169, 0.44589304924, 0.403312116861, 0.323939293623, 0.250920921564, 0.175325617194], "median": [-7.75205850601, -7.28186511993, -8.30643844604, -9.10042572021, -9.61442089081, -12.4740753174], "min": [-28.1335411072, -27.4703598022, -27.1209926605, -27.1072158813, -27.2690620422, -27.2567405701], "dvar2": [0.239867016673, 0.160347983241, 0.122473306954, 0.0888165533543, 0.0613904185593, 0.0453638099134], "dvar": [0.110838167369, 0.0820960998535, 0.0663053691387, 0.0527388639748, 0.0439412221313, 0.0338730141521], "dmean": [0.317049056292, 0.275146812201, 0.245981678367, 0.196818262339, 0.155883207917, 0.113485313952], "max": [-5.17964267731, -5.05496883392, -6.11251354218, -7.31824922562, -7.85514545441, -9.19147968292], "var": [1.56890821457, 1.18531966209, 0.920559883118, 0.768680632114, 0.743426918983, 0.60502320528], "mean": [-7.92948198318, -7.42259740829, -8.42629337311, -9.17849826813, -9.72852134705, -12.4837017059]}, "erbbands_flatness_db": {"dmean2": 0.0192280746996, "median": 0.239697277546, "min": 0.0275044068694, "dvar2": 0.000361861020792, "dvar": 0.000151724831085, "dmean": 0.0129928588867, "max": 0.388549923897, "var": 0.00192216853611, "mean": 0.239045724273}, "spectral_energyband_high": {"dmean2": 1.08202211777e-05, "median": 1.03751635834e-05, "min": 3.08406668259e-11, "dvar2": 6.20691886777e-10, "dvar": 2.4306345825e-10, "dmean": 6.71656380291e-06, "max": 0.00101147184614, "var": 5.15954212688e-09, "mean": 2.70626551355e-05}, "spectral_entropy": {"dmean2": 0.192828699946, "median": 6.22631931305, "min": 4.84618425369, "dvar2": 0.0396442860365, "dvar": 0.0150497946888, "dmean": 0.124050855637, "max": 9.8090467453, "var": 0.200546175241, "mean": 6.25135326385}, "silence_rate_20dB": {"dmean2": 0, "median": 1, "min": 1, "dvar2": 0, "dvar": 0, "dmean": 0, "max": 1, "var": 0, "mean": 1}, "melbands_flatness_db": {"dmean2": 0.0255050323904, "median": 0.329483866692, "min": 0.105634726584, "dvar2": 0.000660236750264, "dvar": 0.000248931464739, "dmean": 0.0166664496064, "max": 0.586793005466, "var": 0.00416779471561, "mean": 0.333204388618}, "barkbands": {"dmean2": [3.91787434637e-05, 0.00136748794466, 0.00118967017625, 0.00128462282009, 0.00551563268527, 0.0013978977222, 0.000999929732643, 0.00052641617367, 0.000540874956641, 0.000804092152975, 0.000508683733642, 0.000225982599659, 0.000352545437636, 0.000294529192615, 0.000148017672473, 8.11891877674e-05, 9.83387799351e-05, 3.44529216818e-05, 2.70894433925e-05, 1.7749318431e-05, 4.34971934737e-06, 1.76106971139e-06, 9.84071334642e-07, 9.50829075919e-07, 1.34343190439e-06, 1.84020370853e-06, 1.17777972264e-06], "median": [1.26551492485e-06, 0.000449620099971, 0.000846882874612, 0.000463875214336, 0.00156968086958, 0.000955821829848, 0.000659029465169, 9.7580406873e-05, 0.00030530791264, 0.000114928043331, 0.000159258721396, 8.28286429169e-05, 0.000103802289232, 3.33992065862e-05, 4.90847487526e-05, 1.49518855324e-05, 3.07546361e-05, 1.34199326567e-05, 9.1977599368e-06, 7.53463245928e-06, 2.49374284067e-06, 9.61970158642e-07, 3.82075143079e-07, 3.16479884077e-07, 2.53277221418e-07, 4.08644098115e-07, 5.54365840344e-07], "min": [6.37596366763e-13, 4.24035589627e-12, 1.92978933614e-13, 1.137996598e-12, 2.50089207156e-12, 3.30299047661e-13, 3.94942406686e-13, 1.77521856264e-13, 4.17393008177e-13, 2.54742678774e-13, 5.58310586348e-14, 2.89815805903e-13, 2.87715475901e-14, 3.43276568195e-13, 1.36670934444e-13, 1.28544920476e-13, 1.08809059581e-13, 9.72212016296e-14, 4.22073874874e-14, 6.59562600933e-14, 8.35332440697e-14, 5.65431389047e-14, 1.22264435447e-13, 5.49332064212e-13, 2.00366871532e-12, 6.92195172708e-12, 2.54546019679e-11], "dvar2": [2.92191852935e-08, 1.66370664374e-05, 9.79734068096e-06, 1.51760259541e-05, 0.000163783523021, 1.34587407956e-05, 4.6702562031e-06, 6.34498019281e-06, 1.52628524575e-06, 9.09198479349e-06, 1.35839525228e-06, 3.34821834258e-07, 9.59560338742e-07, 8.44178771331e-07, 1.13049807737e-07, 6.24874019195e-08, 7.13271504083e-08, 7.745977193e-09, 3.51849993585e-09, 1.09675146742e-09, 6.2675496737e-11, 1.14949473551e-11, 9.33033685036e-12, 3.16428411251e-11, 9.15854753147e-11, 1.87263746176e-10, 8.94222473846e-11], "dvar": [1.23110606154e-08, 8.54190147948e-06, 7.50079834688e-06, 4.58339718534e-06, 5.47450290469e-05, 5.65281698073e-06, 2.365949058e-06, 4.04868433179e-06, 9.10249298158e-07, 4.13922225562e-06, 7.68598681589e-07, 1.76561982812e-07, 6.69701307743e-07, 3.3361112628e-07, 4.71245158451e-08, 2.27445315915e-08, 3.59919347659e-08, 2.65063682114e-09, 1.48677004042e-09, 3.81450232512e-10, 2.40508810784e-11, 4.23555244697e-12, 3.17391859322e-12, 1.13639904778e-11, 3.25237579923e-11, 6.55138721051e-11, 3.69924230137e-11], "dmean": [2.65313738055e-05, 0.000998612609692, 0.000912416900974, 0.000774781277869, 0.00329383625649, 0.000991520704702, 0.000742917007301, 0.000407268526033, 0.000407347717555, 0.000561045249924, 0.000377822405426, 0.000164040189702, 0.000274646939943, 0.000188383783097, 9.29716043174e-05, 4.85314994876e-05, 6.466267223e-05, 2.09008503589e-05, 1.69546874531e-05, 1.03700258478e-05, 2.62217918134e-06, 1.03347178992e-06, 5.90498530073e-07, 5.56813233743e-07, 8.19198078261e-07, 1.09936968329e-06, 7.28577788323e-07], "max": [0.00399424508214, 0.0994720757008, 0.173603504896, 0.0704506859183, 0.160144805908, 0.0721304863691, 0.0410336777568, 0.0865586027503, 0.0456271916628, 0.0506957545877, 0.0268850363791, 0.0154519760981, 0.0498148649931, 0.020819760859, 0.00630315067247, 0.00412271497771, 0.00553651247174, 0.00117202603724, 0.00143999932334, 0.000346065935446, 0.000115600181744, 6.7682012741e-05, 6.91396926413e-05, 0.000159933508257, 0.000376401731046, 0.000481142487843, 0.000345177482814], "var": [1.21610199244e-07, 7.83155555837e-05, 5.82692919124e-05, 1.30890512082e-05, 0.000165500270668, 2.71259668807e-05, 1.49148390847e-05, 1.56531514222e-05, 8.18832268124e-06, 1.08699741759e-05, 2.97247834169e-06, 9.33756325594e-07, 6.43524663246e-06, 8.09908726751e-07, 1.1189497684e-07, 4.81816115894e-08, 1.13808901858e-07, 7.24941928709e-09, 9.43974320933e-09, 9.69073266077e-10, 8.7759445544e-11, 1.63456487928e-11, 2.1097975797e-11, 1.34119493289e-10, 3.64191787838e-10, 4.60822130455e-10, 1.17313408987e-10], "mean": [0.000101885576441, 0.00348991691135, 0.00270183943212, 0.00175208342262, 0.0070246043615, 0.00278366054408, 0.00211085495539, 0.000891074945685, 0.00121410866268, 0.0010707413312, 0.000808659358881, 0.00038189481711, 0.000736106885597, 0.000331451301463, 0.000167077523656, 8.35348910186e-05, 0.000129463718622, 4.11836590501e-05, 3.74071241822e-05, 2.08129604289e-05, 6.10921779298e-06, 2.56493763118e-06, 1.68958604263e-06, 2.18214654524e-06, 3.16001433021e-06, 3.49082711182e-06, 2.1348005248e-06]}, "erbbands_skewness": {"dme