{"tonal": {"thpcp": [1, 0.969644188881, 0.574043154716, 0.231558263302, 0.167226150632, 0.168159410357, 0.236745283008, 0.296138554811, 0.234383970499, 0.310951977968, 0.478335499763, 0.353572160006, 0.172368064523, 0.150107979774, 0.172603115439, 0.346151083708, 0.529839754105, 0.391574680805, 0.160325452685, 0.0970289036632, 0.141804695129, 0.392385065556, 0.63903003931, 0.465497940779, 0.257380098104, 0.261178523302, 0.185518696904, 0.109524220228, 0.113106623292, 0.155694454908, 0.292655795813, 0.525215029716, 0.551661014557, 0.392691642046, 0.486329317093, 0.776282310486], "hpcp": {"dmean2": [0.420913606882, 0.447049736977, 0.441102772951, 0.326840549707, 0.208688959479, 0.160801067948, 0.155255898833, 0.177307471633, 0.204443961382, 0.176788017154, 0.189650654793, 0.235167235136, 0.195698305964, 0.140149921179, 0.125525519252, 0.14547291398, 0.189475283027, 0.223898723722, 0.195644065738, 0.124713145196, 0.0920631811023, 0.128246635199, 0.218214973807, 0.282541513443, 0.237250596285, 0.148788958788, 0.131037563086, 0.113438241184, 0.0930506810546, 0.0992027893662, 0.130928352475, 0.188860565424, 0.267449021339, 0.294582217932, 0.301328569651, 0.380135893822], "median": [0.0362197607756, 0.132204547524, 0.112733013928, 0.0547482222319, 0.0120044909418, 0.00636652298272, 0.00675448775291, 0.0157666355371, 0.0203177183867, 0.0154754435644, 0.0168798491359, 0.023613255471, 0.0202692970634, 0.00984048657119, 0.00817258935422, 0.00819754786789, 0.0152940265834, 0.025288797915, 0.020675400272, 0.00696901744232, 0.00341663556173, 0.00557517260313, 0.0283283106983, 0.0560670532286, 0.0398700535297, 0.0126640722156, 0.0063160136342, 0.0047617899254, 0.00389599008486, 0.00443691201508, 0.00648780306801, 0.0176153890789, 0.0291292313486, 0.0247616134584, 0.0133355613798, 0.0168802626431], "min": [9.35221578402e-06, 4.7185603762e-06, 1.67487560248e-05, 2.09566733247e-05, 2.12114218812e-06, 1.92160791812e-06, 2.25621010941e-06, 7.06677246853e-06, 9.47410080698e-06, 7.44048156776e-06, 5.28538157596e-06, 2.84250540972e-06, 2.33877972278e-06, 2.15550858229e-06, 2.02657861337e-06, 1.48381457166e-06, 3.80748974749e-06, 4.31746548202e-06, 3.06491824631e-06, 1.72313286839e-06, 1.12178281597e-06, 6.92963681104e-07, 2.73828754871e-05, 1.90257032955e-05, 4.38021197624e-06, 3.03853948935e-06, 2.942749461e-06, 2.45512569563e-06, 1.85434964806e-06, 2.46595050157e-06, 2.71963062914e-06, 5.21667425346e-06, 4.03950161854e-06, 6.34260550214e-06, 4.5792239689e-06, 4.31766466136e-06], "dvar2": [0.218473210931, 0.195996701717, 0.206226363778, 0.163204804063, 0.126903265715, 0.113713003695, 0.112424179912, 0.115859255195, 0.134106710553, 0.107043199241, 0.108545228839, 0.128318831325, 0.104911230505, 0.0796941891313, 0.0772837400436, 0.103353604674, 0.105762444437, 0.122444428504, 0.105540171266, 0.0715510174632, 0.0496848076582, 0.0683144256473, 0.10393293947, 0.125278100371, 0.106302626431, 0.0696481838822, 0.0715783089399, 0.068875066936, 0.064129896462, 0.0697997510433, 0.0920898616314, 0.114122100174, 0.140868723392, 0.163862228394, 0.204009354115, 0.21418826282], "dvar": [0.0991592928767, 0.0801265314221, 0.0883856490254, 0.0610227175057, 0.0450834073126, 0.0400099493563, 0.0395724959671, 0.0409608967602, 0.0487058162689, 0.0385331884027, 0.0399246886373, 0.0539348423481, 0.0400071367621, 0.0284096691757, 0.0275294445455, 0.0361975207925, 0.0407981015742, 0.0553214624524, 0.0418983437121, 0.0256577208638, 0.0172598920763, 0.0239186380059, 0.0405342765152, 0.0554169341922, 0.0426855906844, 0.026592252776, 0.0287294816226, 0.0248594451696, 0.0228018928319, 0.0246950108558, 0.0325249172747, 0.0417452342808, 0.0594174191356, 0.0748757570982, 0.0758124217391, 0.081049695611], "dmean": [0.237233176827, 0.258576542139, 0.256786048412, 0.186754792929, 0.110312983394, 0.0847022533417, 0.0822591632605, 0.096337094903, 0.113195575774, 0.0969381183386, 0.106863081455, 0.136525705457, 0.112262912095, 0.0760426968336, 0.0679620578885, 0.0780046135187, 0.108348861337, 0.131698310375, 0.113483592868, 0.0683608725667, 0.0482110269368, 0.0680053755641, 0.125312581658, 0.169267103076, 0.138373106718, 0.0844700187445, 0.0766367986798, 0.0635705143213, 0.0501457415521, 0.0531739629805, 0.0703103393316, 0.105839982629, 0.159101173282, 0.168681383133, 0.165083676577, 0.20698055625], "max": [1, 1, 1, 1, 1, 1, 1, 1, 1, 1, 1, 1, 1, 1, 1, 1, 1, 1, 1, 1, 1, 1, 1, 1, 1, 1, 1, 1, 1, 1, 1, 1, 1, 1, 1, 1], "var": [0.124877907336, 0.116838306189, 0.12533839047, 0.0617892183363, 0.0287751816213, 0.0232900511473, 0.0235840622336, 0.028636502102, 0.038186840713, 0.0271190851927, 0.0345584563911, 0.071567080915, 0.039874330163, 0.0185137484223, 0.0174206569791, 0.0226477403194, 0.0457799993455, 0.0875452235341, 0.0515599921346, 0.0181962996721, 0.0101291248575, 0.0147632071748, 0.0423390381038, 0.0818143188953, 0.0534408949316, 0.0278801061213, 0.037684943527, 0.0219855755568, 0.0146634643897, 0.0151315750554, 0.0210510138422, 0.035655759275, 0.0741124004126, 0.088571421802, 0.0600751116872, 0.0643994361162], "mean": [0.23995988071, 0.309114187956, 0.29973077774, 0.177444890141, 0.0715779438615, 0.0516919754446, 0.0519804582, 0.0731813237071, 0.0915406271815, 0.0724514126778, 0.0961196646094, 0.14786028862, 0.109294168651, 0.0532814152539, 0.0464005060494, 0.0533540733159, 0.107000209391, 0.163780987263, 0.121041290462, 0.0495588742197, 0.0299930106848, 0.0438338443637, 0.121291793883, 0.197533249855, 0.143892019987, 0.0795598402619, 0.0807339847088, 0.0573464594781, 0.0338554903865, 0.03496286273, 0.0481273643672, 0.0904640629888, 0.162351414561, 0.170526251197, 0.121386557817, 0.150331288576]}, "tuning_equal_tempered_deviation": 0.286905705929, "chords_changes_rate": 0.0613496936858, "key_key": "A", "tuning_diatonic_strength": 0.526288807392, "key_scale": "minor", "chords_number_rate": 0.00245398771949, "tuning_frequency": 436.204162598, "tuning_nontempered_energy_ratio": 0.958366215229, "chords_histogram": [34.2024536133, 14.4785280228, 8.95705509186, 8.61963176727, 0, 1.34969329834, 0, 3.43558287621, 0, 0.0920245423913, 0, 0, 0, 0, 0, 0, 0.797546029091, 0.184049084783, 0.797546029091, 0.184049084783, 0.184049084783, 0, 17.2699394226, 9.44785308838], "key_strength": 0.664779961109, "chords_key": "A", "chords_strength": {"dmean2": 0.0110856024548, "median": 0.518768012524, "min": 0.237907469273, "dvar2": 8.58017519931e-05, "dvar": 7.103230746e-05, "dmean": 0.0105590652674, "max": 0.761924505234, "var": 0.0093683404848, "mean": 0.507183849812}, "chords_scale": "minor", "hpcp_entropy": {"dmean2": 1.0752389431, "median": 1.87141406536, "min": 0.0364402942359, "dvar2": 0.770109891891, "dvar": 0.294499516487, "dmean": 0.650808215141, "max": 4.49049329758, "var": 0.565012514591, "mean": 1.9096736908}}, "metadata": {"audio_properties": {"equal_loudness": 0, "codec": "flac", "downmix": "mix", "sample_rate": 44100, "analysis_sample_rate": 44100, "bit_rate": 0, "md5_encoded": "dc88da6ab7ccf8ff5f1710cae5ffece8", "length": 151.333328247, "replay_gain": -12.6049442291, "lossless": true}, "version": {"essentia_build_sha": "70f2e5ece6736b2c40cc944ad0e695b16b925413", "essentia": "2.1-beta2", "extractor": "music 1.0", "essentia_git_sha": "v2.1_beta2"}, "tags": {"title": ["Missing (Todd Terry club mix)"], "barcode": ["4029758517123"], "media": ["CD"], "albumartist": ["ATB"], "tracktotal": ["16"], "language": ["eng"], "releasetype": ["compilation"], "musicbrainz_recordingid": ["07b2ca94-ab5f-4412-a7d1-a4328606998c"], "musicbrainz_releasegroupid": ["baf78f72-047d-3c21-a468-cc04e5811399"], "musicbrainz_albumartistid": ["22a096ef-c70d-4d70-ae19-4fc2412d4986"], "acoustid_fingerprint": ["AQADtEqSSJkkZgns9Hjga8V37BPczcMHy0xjpI6g48J55EfPHSc6xvCLG30-9MVbJHuPHHfwD_3hJzLuIDz04dDjVghDEiVxizj6BI2OXmjw8EPJI3WYok-GHtrxxPg3hGQUHLY--MJhi2h55ID2sMh7HM-O78MvNBZ-vAgP_5AtIQ-PEz_-GD_8LPgW-EMyHcGZfHhQ-BNaace74TkuhMXhEzeBF8cPn_CNG7_h4zR8vNCDI69w3TiMH76R60j2HV-o4cxxlAyLZg9e5EWfww6OH7bw4IRxaTgPET7x4xx84TryERbSD_eR54GP4xPaHy_xHb0Q5pwghFnRu3geFH4_lB1aHn5-tMerxOiPzjiPZkfLDyFXDuKP9Ogz_DgvlJRwIT16Qg_yBT18HYb_oU-APi1y0dCFI72CEw9d2MH_wf_x4uhvHJcSJO-QMw_2GV-i40_xP4HV4JSCpLeRF4-0UUjuB3lENI9yFD_OElv04Cxy5nhxXEeX4h-Oz4UPyMaFj8VxCbaQf_jF4Dg-cfgv4oePfvlxKcOR6_gfaF3RHOGYEP7xCuVx_EfzG6_wo7XwHvmhH-G148VpXEfaEeIvxFWiCc214-rwMDseXKSCMF8KDSfObygZnMIT6EiJH10qGUdZ-MeDHDqJHBdtfPiNa_jwsIJ_XBqPHnl63NGh9fDp4MipB_5x_PjxeDj8Hf0nvEdu1IKd4jEe_NCPNMt2_Li0Ez8anImHH7miENqJ8MmM38MTBc0YlNSC7s7xHLYW4ceN5hpy4tShayjy2IA5XDQewf_xJjtS6dCeDHnk4wv6o6EzPH_QC7lIaA876Eef7EhvlLXx42geHOkV9CHO4wvKX7BFQG6Onsib45SOljwuHtfxw2SE8CGSFxfRhdxx-BlaHn3gN8SnB2Gu4JBp9N1w5CSOD5aj4w9OBeHxhIWOdsnwH74Y6ArSw0cf4AvCM0iWx_iOjzOOL-TRolGOhziPR3hxHeGS44PO6MGu4cY2Hi2-JDr6Cc0pB_rx4S1apfBIFT1-44lxvDoudBQhHmeRH1a64z3hpzj6o0dziTxeJcilHXpWhEfz4wz6U7B1WBce-BKSPUJ-nC8aJfRG9HvwFhfCBwnFqOiDJ8efoNHQK7im4ztRS0g7KO4o5I_xNMdm4p7hHz7yhEg4H50UGq8uHF-OD-3RKN2RnAziLRd-lOThHX2k48ryHLUOn_B5JNuOXDw-asWVHF1ihDlTXEpW6Dn-G7qUD-GLLUe7erglPBma7OiPnKcCXej1EfV5HBrZIVK-DZeu4wyP63hD_MezI98WBdpTodGOP4d-4cElE62Oy1uR8CFu4zquXMYHc9lDnMpSBR_M8Efx_fiPfId-OMiFWwmLcyPSTRNxaF32o1FYnCVRi4QWB7mSo4_iDOWNH9_wo92lBI3mIHdu6HKOB64-PEkOncfzIMwfdBtxZjmaCz0e_CT6aEETikfe9PgffPiRIz-h5RSLfAnxB_eFM8eTFxaN53C1POiP_NCPvAti6nCg4-IH_ULXBs1OITfaUMeHZ8mIw6OOPh_eDj9xawg_HuKPXzh-WG0F8Yh59MksHI9ioqF81MMfIlxzoolffBmOe0XI7rAi6Sieo8_hSceVIk9g6MKnaEMYjsRvvEc9vmh-_Gj2oX_wo4-NJq9w-bjCHz2DMGeOx4ZKJUfzI3zQ-XCHw_Lg4UfP4XiiG82HJzReeDzKZKtwF0e9FU13_PjGIw86C66jou_xHTn6SHCFH354uMp05MQP8Rku5B86ccePJ0bzHj-e4odvFFfRo3nW4znRP_CHEg_x4z_ybYd-hFcO_8Ol4wvesfCOJy-sOeiTD9-NHyWPZkke_PjRfEF_XNGD5zze5chLNHtW9Cz-41HRB4Pf4TdOwr9wZ9A1ofOQH2dyPBeDvscUJzt-EUcvNC--HyXbo9FJPLZxIsw79BcHDcHRxqnQNTnsoy5-fDqaH8-HixvSh9B05PgplLwiONyOXGRQH4lN3PLxHc-OWgnhM8QPc3GNkkyR82jkSqiHHz2v4kJJQS9aaYhOA2UvGXdQbD9qCnmEu8R5PC_OI88FH-8S4UHsH1o2tEfOsEHfDm8yPMeVfSiu4-ij4_2I_cgvQtwRqctxqaEQHqJGIf3RFceT7cLnUEJd-OiDvMejQ7-PPjka-3hw4UyEfjnMZRe6SUOPi0jzo-dQvNoFPzreGXeOHsf140aP5q1w5bioGg2JUCx-4YJ2Hemz41Tww92PEx_-4Tne5WiYHY-EeGsH_Uel-_gH0Uf3Cj18HT-sFKHt4JHwFSV1lMzxB3kiGv0H_8MRfgHAADLUUckEAwKZYAQQjABqGAAKKDLAUWAIQwgCgjABDRDWUAEAWMYIBxizwhnkGMAGKASMAIKA4ARVnALBrAICKGGgE8w4ZpQVRiAinBFCFKkEYU5Z55wQFBijFBNKKAkkA0AoiAVgBAgiCADECCcMEUQJJgVhwiAChRAEAOYYYQwAJYAhohComCDAEAMAAURRAggUgFADHVAOOkCJM0A6xohwxlkChEBACQGISQQAA4AiVB4BBGFMCeYMsgwAR5wwACFBCBJQAaYkYxYIhgRZ1iFiGZBAEAQAEIIChIBzBgHGhCBKKMkMBQoBhYFyijADnDBAEcCUgRYoQ4xSDBghhAAMOKAYAQIIqABQjgihBCHGCEAEIEQJxSBwhgFlQDAAOCSsMUQ5IohxDDFhhBFMECIcYJAYxxhwyhnsgDDUECAAFJAQKCglgIJDGVAEQYIEAIQQJQAigiHmBFGCKAIYQ4Io4oxSjBAgjBAKKUkEeIwwACBDhAAGDDBAAICQQwQQwwBAAAjGGCDIAA6AAFQgIABgThAEiDVKAIAccUQRwCBBhADABDACEYIMQVAEhABwxhjHILJACMAEdUQAwwhCABJCiFECCCCMhEIQAwQVwBDKCEPCQAIgFBAkoohggAl5BAFIAIIAFJZVIBAQzQEkgEGASQqEUhA5QggDAgknlQLCCMQEAgAAYQwCAFoQBGkEMGGUIwwRRYRwghEmAAACGmAFcQRSAagQBiggDGDKEEEcAYgBpZCARBBllFNCAAmgUggpQYQRxBghiACAAAENhkYQYACCkAgCBCAKcQUQAYQwBghhRDMkGDEKIWAYMUggQAAyCgAiFIAIAIoowII4QZQBBClChFMACAEoQIoJSYQAjjAiDAHGgAIIUYIYAAgAADBEBAFEMUQAEAAJ6AxhQgiAIHBECQKEoAQBxxhgSCjlIAACMKMMIUoBRgkRRBAADCUA"], "discnumber": ["1"], "album": ["The DJ: In the Mix"], "catalognumber": ["0151712KON"], "releasecountry": ["DE"], "file_name": "10. Everything but the Girl - Missing (Todd Terry club mix).flac", "compilation": ["0"], "albumartistsort": ["ATB"], "date": ["2003-11-10"], "genre": ["Dance, House, Electronic"], "disctotal": ["3"], "musicbrainz_artistid": ["959cf5bf-ee29-4af6-a85a-0b480181d988"], "originaldate": ["2003-11-10"], "musicbrainz_albumid": ["aaba946a-8e44-4b2b-bdd6-5e03d8c141a2"], "artist": ["Everything but the Girl"], "tracknumber": ["10"], "artistsort": ["Everything but the Girl"], "bpm": ["123"], "label": ["Kontor Records"], "releasestatus": ["official"], "totaldiscs": ["3"], "script": ["Latn"], "totaltracks": ["16"]}}, "rhythm": {"bpm_histogram_first_peak_bpm": {"dmean2": 0, "median": 140, "min": 140, "dvar2": 0, "dvar": 0, "dmean": 0, "max": 140, "var": 0, "mean": 140}, "bpm": 139.517990112, "bpm_histogram_second_peak_spread": {"dmean2": 0, "median": 0.444444417953, "min": 0.444444417953, "dvar2": 0, "dvar": 0, "dmean": 0, "max": 0.444444417953, "var": 0, "mean": 0.444444417953}, "bpm_histogram_first_peak_weight": {"dmean2": 0, "median": 0.848571419716, "min": 0.848571419716, "dvar2": 0, "dvar": 0, "dmean": 0, "max": 0.848571419716, "var": 0, "mean": 0.848571419716}, "onset_rate": 4.6515417099, "beats_position": [0.359909296036, 0.743038535118, 1.13777780533, 1.54412698746, 1.9620860815, 2.39165520668, 2.82122445107, 3.25079369545, 3.68036270142, 4.1099319458, 4.53950119019, 4.96907043457, 5.39863920212, 5.8282084465, 6.25777769089, 6.68734693527, 7.11691617966, 7.5464849472, 7.97605419159, 8.40562343597, 8.83519268036, 9.26476192474, 9.69433116913, 10.1239004135, 10.5534696579, 10.9830379486, 11.412607193, 11.8421764374, 12.2717456818, 12.7013149261, 13.1308841705, 13.5604534149, 13.9900226593, 14.4195919037, 14.8491611481, 15.2787294388, 15.7082986832, 16.1378688812, 16.5674381256, 16.99700737, 17.426574707, 17.8561439514, 18.2857131958, 18.7152824402, 19.1332416534, 19.574420929, 20.0039901733, 20.4335594177, 20.8631286621, 21.2926979065, 21.7222671509, 22.1518363953, 22.5697956085, 23.010974884, 23.4405441284, 23.8701133728, 24.2880725861, 24.7292518616, 25.158821106, 25.5883903503, 26.0179595947, 26.4475269318, 26.8770961761, 27.3066654205, 27.7362346649, 28.1658039093, 28.5953731537, 29.0249423981, 29.4545116425, 29.8840808868, 30.3136501312, 30.7432193756, 31.17278862, 31.6023578644, 32.0319252014, 32.4614944458, 32.8910636902, 33.3206329346, 33.750202179, 34.1797714233, 34.6093406677, 35.0389099121, 35.4684791565, 35.8980484009, 36.3276176453, 36.7571868896, 37.186756134, 37.6163253784, 38.0458946228, 38.4754638672, 38.91664505, 39.3462142944, 39.7757797241, 40.2053489685, 40.6349182129, 41.0528793335, 41.4824485779, 41.9120178223, 42.3415870667, 42.771156311, 43.2007255554, 43.6302947998, 44.0598640442, 44.4894332886, 44.9306106567, 45.3601799011, 45.7897491455, 46.2077102661, 46.6372795105, 47.0668487549, 47.508026123, 47.9259872437, 48.355556488, 48.7851219177, 49.2263031006, 49.655872345, 50.0854415894, 50.5150108337, 50.9445800781, 51.3741493225, 51.8037185669, 52.2332878113, 52.6628570557, 53.0924263, 53.5219955444, 53.9515647888, 54.3811340332, 54.8107032776, 55.240272522, 55.6698417664, 56.0994110107, 56.5289802551, 56.9585494995, 57.3881187439, 57.8176841736, 58.247253418, 58.6768226624, 59.1063919067, 59.5359611511, 59.9655303955, 60.3950996399, 60.8246688843, 61.2542381287, 61.683807373, 62.1133766174, 62.5429458618, 62.9725151062, 63.4020843506, 63.831653595, 64.2612228394, 64.6907958984, 65.1203613281, 65.5499343872, 65.9794998169, 66.409072876, 66.8386383057, 67.2682037354, 67.6977767944, 68.1273422241, 68.5569152832, 68.9864807129, 69.416053772, 69.8456192017, 70.2751922607, 70.7047576904, 71.145942688, 71.5755081177, 72.0050811768, 72.4346466064, 72.8642196655, 73.2937850952, 73.7233581543, 74.152923584, 74.5824966431, 75.0004501343, 75.4300231934, 75.859588623, 76.3007659912, 76.7303390503, 77.15990448, 77.5894775391, 78.0190429688, 78.4486160278, 78.8781814575, 79.3077545166, 79.7373199463, 80.1668930054, 80.5964584351, 81.0260314941, 81.4555969238, 81.8851699829, 82.3147354126, 82.7443084717, 83.1738739014, 83.6150588989, 84.0330123901, 84.4625854492, 84.8921508789, 85.3333282471, 85.7629013062, 86.1924667358, 86.6220397949, 87.0516052246, 87.4811782837, 87.9107437134, 88.3403167725, 88.7698822021, 89.1994552612, 89.6290206909, 90.05859375, 90.4881591797, 90.9177322388, 91.3472976685, 91.7768707275, 92.2064361572, 92.6360092163, 93.065574646, 93.4951477051, 93.9247131348, 94.3542861938, 94.7838516235, 95.2134246826, 95.6429901123, 96.0725631714, 96.5021286011, 96.9317016602, 97.3612670898, 97.802444458, 98.2320175171, 98.6615829468, 99.0911560059, 99.5207214355, 99.9502944946, 100.379859924, 100.809432983, 101.238998413, 101.668571472, 102.098136902, 102.527709961, 102.957275391, 103.38684845, 103.816413879, 104.245986938, 104.675552368, 105.105125427, 105.534690857, 105.964263916, 106.393829346, 106.823402405, 107.252967834, 107.682540894, 108.112106323, 108.553283691, 108.98285675, 109.41242218, 109.841995239, 110.271560669, 110.701133728, 111.130699158, 111.560272217, 111.989837646, 112.419410706, 112.848976135, 113.278549194, 113.708114624, 114.137687683, 114.567253113, 114.996826172, 115.426391602, 115.855964661, 116.28553009, 116.715103149, 117.144668579, 117.585845947, 118.003807068, 118.444984436, 118.874557495, 119.304122925, 119.745300293, 120.1980896, 120.662490845, 121.138504028, 121.602897644, 122.055686951, 122.496871948, 122.949661255, 123.390838623, 123.820404053, 124.238365173, 124.667930603, 125.097503662, 125.527069092, 125.956642151, 126.386207581, 126.827392578, 127.256958008, 127.686531067, 128.116104126, 128.545669556, 128.975234985, 129.404800415, 129.834381104, 130.263946533, 130.705123901, 131.123077393, 131.552658081, 131.982223511, 132.41178894, 132.84135437, 133.2709198, 133.700500488, 134.130065918, 134.559631348, 135.000808716, 135.441986084, 135.883178711, 136.335968018, 136.800354004, 137.264755249, 137.752380371, 138.205169678, 138.646347046, 139.087524414, 139.517089844, 139.946670532, 140.376235962, 140.805801392, 141.235366821, 141.66494751, 142.094512939, 142.524078369, 142.965255737, 143.394821167, 143.824401855, 144.253967285, 144.683532715, 145.113098145, 145.542678833, 145.972244263, 146.401809692, 146.831375122, 147.260955811, 147.69052124, 148.12008667, 148.561264038, 148.990829468, 149.420410156, 149.849975586, 150.279541016, 150.709106445, 151.138687134], "beats_loudness": {"dmean2": 0.0370498821139, "median": 0.0345007777214, "min": 0.00892852153629, "dvar2": 0.00260760379024, "dvar": 0.000688840053044, "dmean": 0.0204941686243, "max": 0.149987101555, "var": 0.000789028941654, "mean": 0.0427725277841}, "danceability": 1.50062954426, "bpm_histogram_second_peak_weight": {"dmean2": 0, "median": 0.0142857143655, "min": 0.0142857143655, "dvar2": 0, "dvar": 0, "dmean": 0, "max": 0.0142857143655, "var": 0, "mean": 0.0142857143655}, "beats_count": 351, "bpm_histogram_second_peak_bpm": {"dmean2": 0, "median": 133, "min": 133, "dvar2": 0, "dvar": 0, "dmean": 0, "max": 133, "var": 0, "mean": 133}, "bpm_histogram_first_peak_spread": {"dmean2": 0, "median": 0.116071403027, "min": 0.116071403027, "dvar2": 0, "dvar": 0, "dmean": 0, "max": 0.116071403027, "var": 0, "mean": 0.116071403027}, "beats_loudness_band_ratio": {"dmean2": [0.321931749582, 0.219540640712, 0.179083257914, 0.068185903132, 0.0392496697605, 0.102523736656], "median": [0.36189699173, 0.197470217943, 0.1411100775, 0.0357836484909, 0.0326909348369, 0.148889109492], "min": [0.0103100016713, 0.000591004616581, 0.00718525610864, 0.00085905083688, 2.34016661125e-05, 0.000473687716294], "dvar2": [0.111123628914, 0.0334373898804, 0.0278764329851, 0.00456632813439, 0.00174959958531, 0.00803858786821], "dvar": [0.0322613380849, 0.0118055250496, 0.0107075506821, 0.00163495272864, 0.000603971420787, 0.00255533726886], "dmean": [0.178827911615, 0.126447543502, 0.103834487498, 0.0378473103046, 0.0214693117887, 0.060569986701], "max": [0.965944349766, 0.790289819241, 0.776344120502, 0.227871268988, 0.202825203538, 0.355259150267], "var": [0.0550735220313, 0.0183711051941, 0.0204834584147, 0.00183288182598, 0.000689544947818, 0.00696370657533], "mean": [0.415122210979, 0.21622736752, 0.171332761645, 0.0504087358713, 0.0365340933204, 0.137959674001]}}, "lowlevel": {"barkbands_spread": {"dmean2": 11.0763750076, "median": 15.337846756, "min": 0.0614312589169, "dvar2": 221.667984009, "dvar": 115.277397156, "dmean": 7.62200927734, "max": 103.045158386, "var": 355.773590088, "mean": 21.1196403503}, "melbands_spread": {"dmean2": 10.1040010452, "median": 10.8351573944, "min": 0.17001222074, "dvar2": 278.692321777, "dvar": 139.433410645, "dmean": 6.9751625061, "max": 245.625473022, "var": 393.884216309, "mean": 16.7920608521}, "hfc": {"dmean2": 13.3978128433, "median": 14.7337837219, "min": 0.108987346292, "dvar2": 386.974151611, "dvar": 176.587738037, "dmean": 9.77888393402, "max": 133.308700562, "var": 336.169189453, "mean": 21.4531993866}, "barkbands_kurtosis": {"dmean2": 20.3627910614, "median": 6.72085094452, "min": -1.84647583961, "dvar2": 5513.44970703, "dvar": 2841.87426758, "dmean": 14.3448076248, "max": 1739.1348877, "var": 5661.30322266, "mean": 22.6642456055}, "gfcc": {"mean": [15.4330444336, 70.4950180054, -75.7957305908, 32.8255729675, -61.5082321167, 7.3832859993, -27.7299747467, 10.4197120667, -15.842798233, 8.70137023926, -10.8230113983, 2.4059574604, -8.0950717926], "icov": [[0.000478427798953, 0.000221163485548, 0.000110367021989, -0.00013476809545, -0.000166860118043, -0.000214927014895, 0.000196501307073, 0.000152112857904, 9.56843796303e-05, -3.81022000511e-05, 0.000376019132091, -0.000170886341948, 0.00055951095419], [0.000221163485548, 0.00152893969789, -0.000519926950801, 0.00132417865098, -0.0016375281848, 0.00116188824177, -0.000410429114709, -0.000184207470738, 0.000257445703028, 0.000891001953278, -0.00156576966401, 0.00198032148182, -0.000814440019894], [0.000110367021989, -0.000519926950801, 0.00207598530687, -0.00210936903022, 0.00190472858958, -0.00283593451604, 0.00131246354431, -0.000583328946959, -0.000231427358813, 0.00157222093549, -0.000564950867556, 0.000539916101843, -0.000640430778731], [-0.00013476809545, 0.00132417865098, -0.00210936903022, 0.00614786334336, -0.00449278159067, 0.00342205655761, -0.0022161686793, 0.00127962836996, 0.000183361335075, -0.00127343728673, 0.000534038816113, -0.000797779590357, 0.00019381059974], [-0.000166860118043, -0.0016375281848, 0.00190472858958, -0.00449278159067, 0.00855882652104, -0.00549874827266, 0.00119136355352, -0.00107109826058, -0.00058018049458, 0.00231003202498, -0.00203676335514, 0.00111768383067, -0.000649171241093], [-0.000214927014895, 0.00116188824177, -0.00283593451604, 0.00342205655761, -0.00549874827266, 0.0126366214827, -0.00506638223305, -0.00104952650145, 0.00285276933573, -0.00445006694645, 0.000789318175521, -0.000757509551477, 0.000605444307439], [0.000196501307073, -0.000410429114709, 0.00131246354431, -0.0022161686793, 0.00119136355352, -0.00506638223305, 0.00965770240873, -0.00141330843326, -0.00318500748836, 0.000789745012298, -0.0014988045441, 0.00128532806411, 0.00133243657183], [0.000152112857904, -0.000184207470738, -0.000583328946959, 0.00127962836996, -0.00107109826058, -0.00104952650145, -0.00141330843326, 0.00945398863405, -0.00446153059602, -0.00138319621328, 0.000709858955815, 0.0024255621247, -0.00358326081187], [9.56843796303e-05, 0.000257445703028, -0.000231427358813, 0.000183361335075, -0.00058018049458, 0.00285276933573, -0.00318500748836, -0.00446153059602, 0.0111559759825, -0.0044769202359, -0.000160167386639, -0.00231610890478, -1.20459817481e-05], [-3.81022000511e-05, 0.000891001953278, 0.00157222093549, -0.00127343728673, 0.00231003202498, -0.00445006694645, 0.000789745012298, -0.00138319621328, -0.0044769202359, 0.0205716267228, -0.0116432281211, 0.00428008940071, -4.03663507313e-05], [0.000376019132091, -0.00156576966401, -0.000564950867556, 0.000534038816113, -0.00203676335514, 0.000789318175521, -0.0014988045441, 0.000709858955815, -0.000160167386639, -0.0116432281211, 0.0219695419073, -0.0126944249496, 0.000400833087042], [-0.000170886341948, 0.00198032148182, 0.000539916101843, -0.000797779590357, 0.00111768383067, -0.000757509551477, 0.00128532806411, 0.0024255621247, -0.00231610890478, 0.00428008940071, -0.0126944249496, 0.0255804490298, -0.00981784332544], [0.00055951095419, -0.000814440019894, -0.000640430778731, 0.00019381059974, -0.000649171241093, 0.000605444307439, 0.00133243657183, -0.00358326081187, -1.20459817481e-05, -4.03663507313e-05, 0.000400833087042, -0.00981784332544, 0.0169115439057]], "cov": [[3478.82226562, -1162.23864746, -369.002960205, 180.003555298, -115.588516235, -80.241607666, -191.18862915, -404.021148682, -288.361968994, -130.975448608, -275.332733154, -78.2329025269, -298.619598389], [-1162.23864746, 1589.38342285, 252.15083313, -178.674743652, 246.55531311, 66.8907318115, 94.9522857666, 243.668960571, 97.9189453125, 8.09342956543, 139.661056519, -44.4458885193, 148.785308838], [-369.002960205, 252.15083313, 1027.02905273, 227.322601318, 78.3939743042, 182.435089111, 38.0149116516, 116.190971375, 28.9315929413, -9.49039936066, 44.8906402588, 11.2884845734, 84.2284851074], [180.003555298, -178.674743652, 227.322601318, 388.241607666, 147.074768066, 55.8615760803, 63.0075035095, -6.63864660263, 22.9024505615, 19.4584560394, 21.5900287628, 24.9082832336, 0.885332286358], [-115.588516235, 246.55531311, 78.3939743042, 147.074768066, 323.467346191, 141.706893921, 111.626091003, 110.421211243, 74.1108856201, 48.1874656677, 79.0701980591, 11.8741960526, 44.113368988], [-80.241607666, 66.8907318115, 182.435089111, 55.8615760803, 141.706893921, 225.10168457, 128.66784668, 109.433502197, 63.4445533752, 68.8013305664, 63.3425216675, 12.4100942612, 28.4876232147], [-191.18862915, 94.9522857666, 38.0149116516, 63.0075035095, 111.626091003, 128.66784668, 237.863922119, 136.929458618, 132.653244019, 83.2124099731, 80.7185516357, 15.8676128387, 29.1579589844], [-404.021148682, 243.668960571, 116.190971375, -6.63864660263, 110.421211243, 109.433502197, 136.929458618, 288.58380127, 176.192047119, 92.8522338867, 96.0085144043, 23.2553768158, 91.8283615112], [-288.361968994, 97.9189453125, 28.9315929413, 22.9024505615, 74.1108856201, 63.4445533752, 132.653244019, 176.192047119, 241.831832886, 109.714149475, 106.957260132, 48.8994674683, 68.830291748], [-130.975448608, 8.09342956543, -9.49039936066, 19.4584560394, 48.1874656677, 68.8013305664, 83.2124099731, 92.8522338867, 109.714149475, 135.338745117, 100.078529358, 37.1050376892, 36.2149734497], [-275.332733154, 139.661056519, 44.8906402588, 21.5900287628, 79.0701980591, 63.3425216675, 80.7185516357, 96.0085144043, 106.957260132, 100.078529358, 163.380401611, 73.7075500488, 71.270980835], [-78.2329025269, -44.4458885193, 11.2884845734, 24.9082832336, 11.8741960526, 12.4100942612, 15.8676128387, 23.2553768158, 48.8994674683, 37.1050376892, 73.7075500488, 96.7736434937, 58.8360748291], [-298.619598389, 148.785308838, 84.2284851074, 0.885332286358, 44.113368988, 28.4876232147, 29.1579589844, 91.8283615112, 68.830291748, 36.2149734497, 71.270980835, 58.8360748291, 129.791732788]]}, "spectral_energyband_middle_low": {"dmean2": 0.0164793767035, "median": 0.0102199697867, "min": 1.63136610354e-05, "dvar2": 0.00104435125832, "dvar": 0.000418628827902, "dmean": 0.00997547525913, "max": 0.172827109694, "var": 0.000367613945855, "mean": 0.0150765627623}, "melbands_crest": {"dmean2": 5.46363019943, "median": 19.0335578918, "min": 3.12594366074, "dvar2": 24.8597927094, "dvar": 13.3465089798, "dmean": 3.94297623634, "max": 34.8267936707, "var": 59.9438858032, "mean": 19.6871261597}, "spectral_kurtosis": {"dmean2": 1.87526464462, "median": 2.69762420654, "min": -0.091737985611, "dvar2": 9.02505970001, "dvar": 4.2733206749, "dmean": 1.20328676701, "max": 36.7877197266, "var": 10.650604248, "mean": 3.5813498497}, "spectral_rms": {"dmean2": 0.00167401891667, "median": 0.00599875720218, "min": 0.000417880510213, "dvar2": 3.84868781111e-06, "dvar": 1.90217815543e-06, "dmean": 0.00128085364122, "max": 0.0152740236372, "var": 7.34733248464e-06, "mean": 0.0064226523973}, "zerocrossingrate": {"dmean2": 0.0162039399147, "median": 0.04833984375, "min": 0.001953125, "dvar2": 0.000285376125248, "dvar": 0.000300111947581, "dmean": 0.015516301617, "max": 0.40966796875, "var": 0.00226841587573, "mean": 0.058588206768}, "silence_rate_60dB": {"dmean2": 0.0251649525017, "median": 0, "min": 0, "dvar2": 0.0282182954252, "dvar": 0.0124226361513, "dmean": 0.0125805465505, "max": 1, "var": 0.0168861709535, "mean": 0.0171805489808}, "erbbands_kurtosis": {"dmean2": 2.0643119812, "median": -0.0671377182007, "min": -1.82831370831, "dvar2": 8.57222747803, "dvar": 3.93685746193, "dmean": 1.33378529549, "max": 35.8542022705, "var": 11.6961116791, "mean": 1.14716553688}, "erbbands": {"dmean2": [0.462271511555, 2.13786220551, 6.01391029358, 15.3519592285, 30.4851207733, 34.3027648926, 24.3869476318, 24.8691921234, 13.771736145, 18.0164585114, 19.4003105164, 20.4096336365, 16.5047588348, 11.5014638901, 10.6561107635, 9.40327167511, 11.710360527, 10.1867408752, 10.5669946671, 7.05062198639, 7.75476455688, 9.08340930939, 8.42298412323, 11.1816425323, 10.8627595901, 19.9726047516, 11.7364349365, 11.5949544907, 14.1247358322, 9.28469467163, 8.76117324829, 3.14600586891, 1.49747729301, 1.19767832756, 0.552028357983, 0.222173854709, 0.0822594985366, 0.0341434627771, 0.0067724022083, 0.000210014768527], "median": [0.113594383001, 1.03135323524, 2.41485452652, 2.3903875351, 3.27005958557, 5.89368057251, 9.90120315552, 14.8896684647, 9.44176197052, 11.9945545197, 11.0370082855, 10.2622451782, 8.77356719971, 5.40599966049, 3.78913116455, 3.09335279465, 4.51345014572, 4.46264648438, 4.34048080444, 3.00458884239, 3.22880578041, 3.91515350342, 4.31652879715, 4.81221103668, 5.37486124039, 5.26584911346, 4.38261508942, 4.64262580872, 4.03729915619, 3.00759983063, 2.21693396568, 1.18091380596, 0.991751432419, 0.976807355881, 0.382510125637, 0.140131980181, 0.0364694707096, 0.00935734715313, 0.00165626604576, 0.000133291279781], "min": [3.77436808776e-05, 6.45370382699e-05, 0.000271851778962, 0.000618332880549, 0.00129584083334, 0.00319137633778, 0.00853200163692, 0.0272378120571, 0.0192511603236, 0.0132312094793, 0.00747405411676, 0.00728732999414, 0.01073774416, 0.00851332675666, 0.00794845167547, 0.00432578800246, 0.00224866042845, 0.00898477621377, 0.00917070079595, 0.00682792020962, 0.00574524747208, 0.00578413903713, 0.00486300839111, 0.00503147672862, 0.00814876519144, 0.00590472761542, 0.00646038725972, 0.00408951751888, 0.00300340307876, 0.00215969933197, 0.00152916403022, 0.00136942323297, 0.00157888454851, 0.00123406585772, 0.000859395542648, 0.000517456559464, 0.000238054330111, 8.75830519362e-05, 2.38756692852e-05, 3.82427833756e-06], "dvar2": [0.639429748058, 11.353348732, 166.896240234, 1408.79724121, 6158.06494141, 7910.88964844, 1900.81481934, 1411.84020996, 559.400390625, 773.366577148, 1042.35095215, 1402.73742676, 813.277282715, 290.955718994, 345.778808594, 303.515319824, 456.296569824, 277.169006348, 354.138549805, 157.449523926, 220.020202637, 386.447296143, 279.53704834, 418.458343506, 356.612487793, 1789.38098145, 497.997467041, 433.330413818, 805.887817383, 309.751464844, 346.095916748, 37.9106330872, 6.6726732254, 2.44850635529, 0.678962767124, 0.106197632849, 0.0161177329719, 0.00427346862853, 0.000159967326908, 1.14288248199e-07], "dvar": [0.55161267519, 9.00742435455, 69.447883606, 525.889221191, 2255.7434082, 2772.57421875, 749.287536621, 567.946533203, 238.947006226, 354.205322266, 512.19140625, 663.405273438, 326.264648438, 125.500045776, 159.986206055, 125.683753967, 209.418884277, 114.816604614, 145.805618286, 72.5651397705, 101.672393799, 170.883682251, 136.888412476, 180.275238037, 158.444442749, 788.249755859, 238.07862854, 191.330123901, 359.549255371, 141.577636719, 147.781188965, 18.5799846649, 3.31118154526, 1.38877677917, 0.327155172825, 0.048318836838, 0.00805014744401, 0.0023784651421, 9.56192816375e-05, 6.69370834316e-08], "dmean": [0.49449005723, 2.12451863289, 3.94964337349, 8.81297397614, 16.8709411621, 18.8142795563, 14.9615306854, 15.2905101776, 8.83382892609, 11.53013134, 12.9174661636, 13.6854867935, 10.1959247589, 7.19354867935, 6.84669160843, 5.7880282402, 7.23680353165, 6.43468284607, 6.61010694504, 4.52696895599, 5.04106378555, 5.90393209457, 5.56328248978, 7.18405342102, 7.19636297226, 13.5459365845, 7.83310556412, 7.55222320557, 9.93642139435, 6.54608678818, 5.93133926392, 2.27069830894, 1.06894659996, 0.815859973431, 0.380195200443, 0.153162777424, 0.0590213388205, 0.0250025447458, 0.00499735446647, 0.000155104891746], "max": [9.72323513031, 37.3767051697, 97.0659713745, 209.837142944, 421.102996826, 588.233581543, 427.594604492, 302.015014648, 394.778137207, 336.350250244, 430.022033691, 487.932434082, 356.291900635, 172.052505493, 230.021774292, 220.239303589, 226.797714233, 207.771697998, 200.577651978, 213.609069824, 402.923461914, 426.7862854, 331.377868652, 160.162948608, 212.893493652, 380.687988281, 346.288726807, 224.956893921, 186.824234009, 141.116424561, 124.501205444, 53.2572898865, 55.0661010742, 18.8439350128, 6.53914642334, 2.54435348511, 1.54306185246, 0.985879123211, 0.184071689844, 0.0053451997228], "var": [2.50405073166, 43.2261505127, 72.3790512085, 372.852905273, 1453.21520996, 1700.04553223, 1364.98730469, 1130.81030273, 582.773986816, 1252.76574707, 2045.22546387, 3031.85522461, 553.311523438, 232.426193237, 409.916015625, 199.757125854, 333.916748047, 191.761184692, 280.146026611, 156.273254395, 160.42956543, 262.902984619, 256.853210449, 266.017059326, 290.011749268, 1067.4786377, 398.875030518, 297.965454102, 616.295227051, 263.48059082, 203.484222412, 36.082698822, 8.35610294342, 3.87072062492, 0.725461125374, 0.0952203571796, 0.0177711118013, 0.00663148798048, 0.000296534941299, 2.11096960356e-07], "mean": [1.03839015961, 4.69536113739, 4.98032045364, 7.69688224792, 12.837392807, 17.0770359039, 24.3510074615, 26.2079372406, 17.8014411926, 24.5458545685, 27.0946750641, 29.9416255951, 16.2537574768, 10.987745285, 11.2179422379, 8.14076900482, 10.4111499786, 9.85607433319, 10.1217784882, 7.17104625702, 7.50112819672, 9.11354255676, 8.92264938354, 10.9591732025, 11.6042137146, 18.1809997559, 11.7267904282, 11.2311563492, 15.0394716263, 10.1265268326, 8.06282138824, 3.63999795914, 2.06935882568, 1.69231545925, 0.704466760159, 0.265404492617, 0.0948179215193, 0.0390845872462, 0.00807824451476, 0.000290901109111]}, "spectral_strongpeak": {"dmean2": 0.475999265909, "median": 0.611612856388, "min": 0, "dvar2": 0.502592027187, "dvar": 0.187192067504, "dmean": 0.297274410725, "max": 7.19195365906, "var": 0.304174393415, "mean": 0.730787396431}, "spectral_energy": {"dmean2": 0.0243568345904, "median": 0.0368847176433, "min": 0.000178989721462, "dvar2": 0.000991795677692, "dvar": 0.000475434411783, "dmean": 0.0185701083392, "max": 0.2391282022, "var": 0.00152130110655, "mean": 0.04981270805}, "average_loudness": 0.968147397041, "spectral_rolloff": {"dmean2": 982.663024902, "median": 516.796875, "min": 64.599609375, "dvar2": 2379424.25, "dvar": 1237631.125, "dmean": 617.353210449, "max": 12166.2597656, "var": 3017129, "mean": 1233.2310791}, "spectral_centroid": {"dmean2": 491.12286377, "median": 1050.53967285, "min": 80.6954498291, "dvar2": 340793.8125, "dvar": 185715.28125, "dmean": 336.896636963, "max": 5105.72216797, "var": 651297.75, "mean": 1238.25170898}, "pitch_salience": {"dmean2": 0.123169660568, "median": 0.48630425334, "min": 0.0303414314985, "dvar2": 0.0132015747949, "dvar": 0.00739821605384, "dmean": 0.0894089564681, "max": 0.904707670212, "var": 0.0330949872732, "mean": 0.456971406937}, "spectral_energyband_middle_high": {"dmean2": 0.00163115432952, "median": 0.00152761931531, "min": 4.70755003334e-06, "dvar2": 4.68978305435e-06, "dvar": 2.30020737035e-06, "dmean": 0.00109663163312, "max": 0.0153463035822, "var": 5.00778742207e-06, "mean": 0.00227173184976}, "spectral_contrast_coeffs": {"dmean2": [0.105519548059, 0.0830495432019, 0.0686132386327, 0.0526946038008, 0.037315543741, 0.0314812101424], "median": [-0.642038822174, -0.703934133053, -0.757224798203, -0.800099015236, -0.798800528049, -0.764537751675], "min": [-0.977533817291, -0.916989266872, -0.936241030693, -0.937189042568, -0.904960095882, -0.939894556999], "dvar2": [0.00964206270874, 0.00451368559152, 0.00297259865329, 0.00173739739694, 0.000907229841687, 0.000732591026463], "dvar": [0.0044445740059, 0.00190015160479, 0.00129444384947, 0.000728090002667, 0.000379522447474, 0.000346064683981], "dmean": [0.0701658278704, 0.0518778264523, 0.0430646240711, 0.0326099731028, 0.023195207119, 0.0204878896475], "max": [-0.226418510079, -0.409976154566, -0.437118262053, -0.58133149147, -0.625100493431, -0.631177663803], "var": [0.011259412393, 0.00610888842493, 0.00545260263607, 0.00258092908189, 0.00144151796121, 0.00178176350892], "mean": [-0.62896168232, -0.698417246342, -0.749997317791, -0.793289124966, -0.797491371632, -0.766868948936]}, "melbands_skewness": {"dmean2": 1.7299823761, "median": 3.83599114418, "min": -1.83084595203, "dvar2": 3.85419988632, "dvar": 2.03380703926, "dmean": 1.2310603857, "max": 23.6662960052, "var": 7.71677398682, "mean": 4.49432516098}, "spectral_spread": {"dmean2": 904197, "median": 6033745.5, "min": 1849644.125, "dvar2": 912117792768, "dvar": 477185212416, "dmean": 625226.375, "max": 20015074, "var": 2076054650880.0, "mean": 5981156}, "dissonance": {"dmean2": 0.0356483235955, "median": 0.46221768856, "min": 0.202573254704, "dvar2": 0.00115989299957, "dvar": 0.000476577260997, "dmean": 0.0219915304333, "max": 0.5, "var": 0.00117984239478, "mean": 0.45389315486}, "spectral_skewness": {"dmean2": 0.344944864511, "median": 1.34794282913, "min": 0.352915674448, "dvar2": 0.174443483353, "dvar": 0.092345841229, "dmean": 0.231001377106, "max": 4.90872764587, "var": 0.389968901873, "mean": 1.47472906113}, "spectral_flux": {"dmean2": 0.0552516691387, "median": 0.0846281424165, "min": 0.013203558512, "dvar2": 0.00334627483971, "dvar": 0.00198459601961, "dmean": 0.0395385883749, "max": 0.422814249992, "var": 0.00494401482865, "mean": 0.107804901898}, "spectral_contrast_valleys": {"dmean2": [0.736848533154, 0.752932012081, 0.726050376892, 0.703881680965, 0.572635650635, 0.460233598948], "median": [-7.08288955688, -6.58762645721, -7.67541885376, -8.10620689392, -7.65292215347, -9.57143974304], "min": [-10.6611595154, -9.69386291504, -10.5251665115, -10.7974395752, -10.801820755, -12.8562097549], "dvar2": [0.344297498465, 0.432835102081, 0.438542723656, 0.440307110548, 0.342414975166, 0.340664803982], "dvar": [0.196809858084, 0.203796118498, 0.215160980821, 0.227129027247, 0.19852937758, 0.198785185814], "dmean": [0.507953822613, 0.485825151205, 0.480911523104, 0.469644218683, 0.410749256611, 0.370686948299], "max": [-5.17818975449, -4.61860132217, -5.58397817612, -5.90649032593, -5.64283800125, -7.83013963699], "var": [0.935273766518, 0.482262074947, 0.542529344559, 0.635394871235, 0.692857086658, 0.794708430767], "mean": [-7.18948030472, -6.6512556076, -7.68824768066, -8.12199783325, -7.6764125824, -9.67115020752]}, "erbbands_flatness_db": {"dmean2": 0.0265886634588, "median": 0.118481487036, "min": 0.0498661659658, "dvar2": 0.000753702013753, "dvar": 0.000398994161515, "dmean": 0.0183197557926, "max": 0.315455943346, "var": 0.00166646111757, "mean": 0.12732411921}, "spectral_energyband_high": {"dmean2": 0.00118837365881, "median": 0.000565163150895, "min": 1.2378569636e-06, "dvar2": 5.32122976438e-06, "dvar": 2.42154101215e-06, "dmean": 0.000888041220605, "max": 0.0176829658449, "var": 4.5856527322e-06, "mean": 0.00149607425556}, "spectral_entropy": {"dmean2": 0.345869153738, "median": 7.67457103729, "min": 5.0659866333, "dvar2": 0.144022271037, "dvar": 0.0793443992734, "dmean": 0.231043606997, "max": 8.69396781921, "var": 0.301877945662, "mean": 7.58385229111}, "silence_rate_20dB": {"dmean2": 0, "median": 1, "min": 1, "dvar2": 0, "dvar": 0, "dmean": 0, "max": 1, "var": 0, "mean": 1}, "melbands_flatness_db": {"dmean2": 0.0537677705288, "median": 0.227693423629, "min": 0.0228006336838, "dvar2": 0.00292247137986, "dvar": 0.00210297247395, "dmean": 0.0412547141314, "max": 0.723809123039, "var": 0.0124434484169, "mean": 0.250537872314}, "barkbands": {"dmean2": [0.000873038254213, 0.0109842000529, 0.00655779009685, 0.00644716946408, 0.0103580588475, 0.00301086064428, 0.00105220044497, 0.00102285761386, 0.000841823231895, 0.000474521628348, 0.000258698913967, 0.000256851606537, 0.000267760886345, 0.00020351652347, 0.000178506481461, 0.00015107121726, 0.000167054720805, 0.000156048510689, 0.000212112019653, 0.000399455690058, 0.000260380882537, 0.000359978352208, 0.000288670853479, 0.000101793266