{"metadata": {"tags": {"encoding": ["Lavf56.36.100"], "artist": ["Hansel y Ra\u00fal"], "bpm": ["0"], "discnumber": ["0/0"], "title": ["Mar\u00eda Teresa y Danilo"], "tracknumber": ["1/0"], "album": ["10 De Colecci\u00f3n"], "musicbrainz_recordingid": ["07b2f8f2-5649-4306-b26a-f807df96f786"], "artistsort": ["Hansel y Ra\u00fal"], "date": ["2008"], "file_name": "Hansel Y Raul - Maria Teresa y Danilo.mp3", "musicbrainz_artistid": ["443d04d2-217a-444a-b82e-b2384a25452b"]}, "audio_properties": {"sample_rate": 44100, "downmix": "mix", "lossless": false, "analysis_sample_rate": 44100, "md5_encoded": "241ae3e0ce4ade8d67eb4520a1105470", "equal_loudness": 0, "replay_gain": -12.1922969818, "codec": "mp3", "bit_rate": 160015, "length": 286.484893799}, "version": {"extractor": "music 1.0", "essentia_build_sha": "70f2e5ece6736b2c40cc944ad0e695b16b925413", "essentia_git_sha": "v2.1_beta2", "essentia": "2.1-beta2"}}, "rhythm": {"beats_loudness_band_ratio": {"dvar2": [0.0944996550679, 0.0634672492743, 0.0643002986908, 0.0314441099763, 0.0271152984351, 0.10856487602], "var": [0.0409729778767, 0.0236652940512, 0.0253092441708, 0.0120682353154, 0.012533984147, 0.04812983796], "min": [0, 0, 0, 0, 0, 0], "dmean": [0.218369752169, 0.172950312495, 0.14823949337, 0.0866095200181, 0.0930574014783, 0.235022172332], "mean": [0.178989291191, 0.148983106017, 0.174098178744, 0.0885692760348, 0.118643723428, 0.311832547188], "max": [0.885702729225, 0.75104534626, 0.796718657017, 0.738316655159, 0.750300228596, 0.976984739304], "dmean2": [0.393528074026, 0.315911144018, 0.266118645668, 0.152739360929, 0.161286041141, 0.411604136229], "median": [0.0796064883471, 0.0903493985534, 0.111948750913, 0.0458183400333, 0.0823270827532, 0.260247796774], "dvar": [0.0358214527369, 0.0224187374115, 0.0206890404224, 0.0112616997212, 0.0101800765842, 0.0376954115927]}, "bpm_histogram_first_peak_weight": {"dvar2": 0, "var": 0, "min": 0.391509443521, "dmean": 0, "mean": 0.391509443521, "max": 0.391509443521, "dmean2": 0, "median": 0.391509443521, "dvar": 0}, "bpm": 155.185302734, "beats_count": 637, "bpm_histogram_first_peak_spread": {"dvar2": 0, "var": 0, "min": 0.296610176563, "dmean": 0, "mean": 0.296610176563, "max": 0.296610176563, "dmean2": 0, "median": 0.296610176563, "dvar": 0}, "danceability": 1.2368363142, "bpm_histogram_first_peak_bpm": {"dvar2": 0, "var": 0, "min": 157, "dmean": 0, "mean": 157, "max": 157, "dmean2": 0, "median": 157, "dvar": 0}, "beats_position": [0.476009070873, 0.905578196049, 1.3235373497, 1.74149656296, 2.13623571396, 2.53097510338, 2.93732428551, 3.34367346764, 3.73841261864, 4.13315200806, 4.52789115906, 4.92263031006, 5.31736946106, 5.71210861206, 6.10684776306, 6.5015873909, 6.88471651077, 7.26784563065, 7.66258478165, 8.05732440948, 8.45206356049, 8.84680271149, 9.24154186249, 9.64789104462, 10.0310201645, 10.4257593155, 10.8204984665, 11.2152376175, 11.6215867996, 12.0163259506, 12.4226751328, 12.8174142838, 13.2121543884, 13.5952835083, 13.9784126282, 14.3731517792, 14.756280899, 15.15102005, 15.5341491699, 15.9288883209, 16.3120174408, 16.7067565918, 17.0898857117, 17.4846248627, 17.8677539825, 18.2508831024, 18.6456241608, 19.0403633118, 19.4234924316, 19.8066215515, 20.2013607025, 20.5844898224, 20.9676189423, 21.3507480621, 21.733877182, 22.128616333, 22.5117454529, 22.9064846039, 23.2896137238, 23.6727428436, 24.0558719635, 24.4506111145, 24.8221302032, 25.2168693542, 25.6116104126, 25.9947395325, 26.3778686523, 26.7609977722, 27.1441268921, 27.5388660431, 27.9103851318, 28.3051242828, 28.6882534027, 29.0713825226, 29.4429016113, 29.8260307312, 30.2091598511, 30.5922889709, 30.9754180908, 31.3701572418, 31.7416782379, 32.1248054504, 32.5079345703, 32.8910636902, 33.2741928101, 33.6573219299, 34.0404510498, 34.4235839844, 34.7951011658, 35.1666221619, 35.5497512817, 35.9328804016, 36.3276176453, 36.7223587036, 37.1170959473, 37.5118370056, 37.8949661255, 38.2780952454, 38.6612243652, 39.0443534851, 39.427482605, 39.8222198486, 40.216960907, 40.6000900269, 40.9832191467, 41.3663482666, 41.7494773865, 42.1326065063, 42.5157356262, 42.9104766846, 43.2936058044, 43.6883430481, 44.071472168, 44.4546012878, 44.8377304077, 45.2324714661, 45.6272087097, 46.0103378296, 46.3934669495, 46.7882080078, 47.1713371277, 47.5544662476, 47.9259872437, 48.3091163635, 48.6922454834, 49.0637626648, 49.4585037231, 49.8532409668, 50.2247619629, 50.6194992065, 51.0026283264, 51.3857574463, 51.7572784424, 52.1404075623, 52.5119247437, 52.8950538635, 53.2781867981, 53.661315918, 54.0444450378, 54.4275741577, 54.7990913391, 55.1938323975, 55.5769615173, 55.971698761, 56.3548278809, 56.7379570007, 57.1210861206, 57.515827179, 57.8989562988, 58.2820854187, 58.6768226624, 59.0715637207, 59.4430847168, 59.8262138367, 60.2093429565, 60.5924720764, 60.9756011963, 61.3587303162, 61.741859436, 62.1249885559, 62.5081176758, 62.8912467957, 63.2743759155, 63.6575050354, 64.0406341553, 64.4237594604, 64.806892395, 65.1784133911, 65.5731506348, 65.9562835693, 66.3394088745, 66.7225418091, 67.0940551758, 67.4771881104, 67.8603134155, 68.2434463501, 68.6149673462, 68.9980926514, 69.3812255859, 69.7527389526, 70.1358718872, 70.5189971924, 70.8789138794, 71.238822937, 71.5987319946, 71.9702453613, 72.3533782959, 72.7365036011, 73.1312484741, 73.5143737793, 73.8975067139, 74.280632019, 74.6753692627, 75.0585021973, 75.4416275024, 75.824760437, 76.2078933716, 76.6026306152, 76.9857559204, 77.368888855, 77.7636260986, 78.1583633423, 78.5414962769, 78.924621582, 79.2961425781, 79.6908798218, 80.0624008179, 80.4571380615, 80.8518829346, 81.2466201782, 81.6297454834, 82.012878418, 82.4076156616, 82.8023605347, 83.1738739014, 83.5686187744, 83.9517440796, 84.3348770142, 84.7180023193, 85.112739563, 85.4958724976, 85.8906097412, 86.2621307373, 86.6336517334, 87.0167770386, 87.3999099731, 87.7830352783, 88.1661682129, 88.5492935181, 88.9324264526, 89.3039474487, 89.6986846924, 90.093421936, 90.4649429321, 90.8364639282, 91.2312011719, 91.602722168, 91.9974594116, 92.3805847168, 92.7753295898, 93.158454895, 93.5415878296, 93.9247131348, 94.2962341309, 94.667755127, 95.0508804321, 95.4224014282, 95.8055343628, 96.1654434204, 96.525352478, 96.9200897217, 97.3032150269, 97.6863479614, 98.0810852051, 98.4758224487, 98.8821716309, 99.2769165039, 99.6600418091, 100.031562805, 100.426300049, 100.797821045, 101.180953979, 101.564079285, 101.947212219, 102.318725586, 102.701858521, 103.084983826, 103.46811676, 103.851242065, 104.245986938, 104.629112244, 105.012245178, 105.395370483, 105.778503418, 106.161628723, 106.544761658, 106.927886963, 107.322631836, 107.705757141, 108.088890076, 108.460403442, 108.855148315, 109.226661682, 109.621406555, 110.00453186, 110.387664795, 110.759178162, 111.165527344, 111.548660278, 111.943397522, 112.338134766, 112.732879639, 113.116004944, 113.510749817, 113.893875122, 114.277008057, 114.648521423, 115.020042419, 115.403175354, 115.786300659, 116.169433594, 116.552558899, 116.935691833, 117.330429077, 117.701950073, 118.096687317, 118.479812622, 118.862945557, 119.246078491, 119.640815735, 120.02394104, 120.407073975, 120.79019928, 121.161720276, 121.54485321, 121.927978516, 122.31111145, 122.694236755, 123.065757751, 123.448883057, 123.820404053, 124.203536987, 124.575057983, 124.94657135, 125.318092346, 125.701225281, 126.084350586, 126.467483521, 126.850608826, 127.23374176, 127.605255127, 127.988388062, 128.359909058, 128.754638672, 129.126159668, 129.509292603, 129.892425537, 130.263946533, 130.635467529, 131.018585205, 131.40171814, 131.784851074, 132.167984009, 132.562713623, 132.922622681, 133.282531738, 133.654052734, 134.037185669, 134.431930542, 134.815048218, 135.209793091, 135.604537964, 135.98765564, 136.382400513, 136.765533447, 137.137054443, 137.520172119, 137.903305054, 138.27482605, 138.657958984, 139.041091919, 139.435821533, 139.807342529, 140.190475464, 140.573608398, 140.968338013, 141.351470947, 141.734603882, 142.106124878, 142.489242554, 142.86076355, 143.243896484, 143.61541748, 144.010162354, 144.381668091, 144.764801025, 145.14793396, 145.519454956, 145.890975952, 146.262496948, 146.634017944, 147.01713562, 147.388656616, 147.771789551, 148.154922485, 148.538040161, 148.909561157, 149.292694092, 149.675827026, 150.047348022, 150.418869019, 150.801986694, 151.185119629, 151.556640625, 151.928161621, 152.311294556, 152.671203613, 153.065933228, 153.437454224, 153.820587158, 154.192108154, 154.575241089, 154.946762085, 155.318267822, 155.689788818, 156.061309814, 156.432830811, 156.804351807, 157.152648926, 157.512557983, 157.895690918, 158.278823853, 158.661941528, 159.056686401, 159.451431274, 159.846160889, 160.240905762, 160.612426758, 160.983947754, 161.35546875, 161.726974487, 162.12171936, 162.493240356, 162.864761353, 163.236282349, 163.607803345, 163.979324341, 164.350830078, 164.722351074, 165.09387207, 165.465393066, 165.836914062, 166.208435059, 166.591567993, 166.96307373, 167.346206665, 167.717727661, 168.089248657, 168.460769653, 168.832290649, 169.203811646, 169.586929321, 169.970062256, 170.341583252, 170.713104248, 171.096237183, 171.479354858, 171.874099731, 172.245620728, 172.628753662, 173.011871338, 173.383392334, 173.75491333, 174.138046265, 174.521179199, 174.915908813, 175.28742981, 175.658950806, 176.030471802, 176.413604736, 176.785125732, 177.168243408, 177.539764404, 177.922897339, 178.306030273, 178.689163208, 179.072280884, 179.44380188, 179.815322876, 180.198455811, 180.581588745, 180.976318359, 181.347839355, 181.719360352, 182.090881348, 182.474014282, 182.857131958, 183.228652954, 183.60017395, 183.983306885, 184.366439819, 184.749572754, 185.13269043, 185.515823364, 185.898956299, 186.270477295, 186.641998291, 187.025115967, 187.408248901, 187.779769897, 188.151290894, 188.534423828, 188.917541504, 189.2890625, 189.660583496, 190.055328369, 190.415237427, 190.786758423, 191.169876099, 191.518188477, 191.901306152, 192.284439087, 192.667572021, 193.050704956, 193.573150635, 194.083984375, 194.583221436, 195.163711548, 195.720993042, 196.278274536, 196.847167969, 197.427658081, 198.019775391, 198.611877441, 199.180770874, 199.749649048, 200.31854248, 200.899047852, 201.479537964, 202.048431396, 202.77986145, 203.476455688, 204.161453247, 204.869659424, 205.589477539, 206.332519531, 207.075546265, 207.806976318, 208.538406372, 209.281448364, 210.012878418, 210.744308472, 211.487350464, 212.218765259, 212.961807251, 213.693237305, 214.424667358, 215.156097412, 215.899139404, 216.630569458, 217.361984253, 218.105026245, 218.836456299, 219.567886353, 220.287704468, 221.007522583, 221.727340698, 222.458770752, 223.190200806, 223.921630859, 224.653060913, 225.372879028, 226.092697144, 226.824127197, 227.555557251, 228.275375366, 228.995193481, 229.715011597, 230.434829712, 231.154647827, 231.874465942, 232.605895996, 233.33732605, 234.057144165, 234.77696228, 235.508392334, 236.239807129, 236.959625244, 237.679458618, 238.399276733, 239.119094849, 239.827301025, 240.535507202, 241.255325317, 241.975143433, 242.671737671, 243.391555786, 244.111373901, 244.819580078, 245.527801514, 246.247619629, 246.967437744, 247.687255859, 248.395462036, 249.103668213, 249.823486328, 250.543304443, 251.25151062, 251.959716797, 252.656326294, 253.364532471, 254.072738647, 254.769332886, 255.465942383, 256.185760498, 256.905578613, 257.613769531, 258.321990967, 259.041809082, 259.750030518, 260.458221436, 261.154815674, 261.874633789, 262.594451904, 263.291046143, 263.999267578, 264.719085693, 265.427307129, 266.123901367, 266.832092285, 267.540313721, 268.236907959, 268.945129395, 269.653320312, 270.361541748, 271.069732666, 271.766357422, 272.46295166, 273.171142578, 273.879364014, 274.587554932, 275.284179688, 275.992370605, 276.688964844, 277.385559082, 278.093780518, 278.802001953, 279.498596191, 280.19519043, 280.891784668, 281.588378906, 282.284973145, 282.99319458, 283.701385498, 284.409606934, 285.117828369, 285.826019287], "beats_loudness": {"dvar2": 0.000582569511607, "var": 0.00023671463714, "min": 0, "dmean": 0.0153051633388, "mean": 0.0225614197552, "max": 0.090078599751, "dmean2": 0.0271286312491, "median": 0.0199111048132, "dvar": 0.000203058385523}, "bpm_histogram_second_peak_weight": {"dvar2": 0, "var": 0, "min": 0.174528300762, "dmean": 0, "mean": 0.174528300762, "max": 0.174528300762, "dmean2": 0, "median": 0.174528300762, "dvar": 0}, "bpm_histogram_second_peak_spread": {"dvar2": 0, "var": 0, "min": 0.0593220591545, "dmean": 0, "mean": 0.0593220591545, "max": 0.0593220591545, "dmean2": 0, "median": 0.0593220591545, "dvar": 0}, "bpm_histogram_second_peak_bpm": {"dvar2": 0, "var": 0, "min": 152, "dmean": 0, "mean": 152, "max": 152, "dmean2": 0, "median": 152, "dvar": 0}, "onset_rate": 4.86911964417}, "lowlevel": {"spectral_energyband_high": {"dvar2": 6.70654699206e-05, "var": 5.78516956011e-05, "min": 7.03719220927e-21, "dmean": 0.00315220840275, "mean": 0.00428492156789, "max": 0.0778473168612, "dmean2": 0.00479529472068, "median": 0.00117605435662, "dvar": 3.17736776196e-05}, "spectral_energyband_middle_low": {"dvar2": 3.63621074939e-05, "var": 3.45547305187e-05, "min": 1.34427287747e-22, "dmean": 0.0025705115404, "mean": 0.00484333885834, "max": 0.0590065196157, "dmean2": 0.00378370750695, "median": 0.00277274521068, "dvar": 1.6736697944e-05}, "spectral_energy": {"dvar2": 0.000154892491992, "var": 0.000243757793214, "min": 1.00812661389e-20, "dmean": 0.00679384358227, "mean": 0.0165152456611, "max": 0.103881038725, "dmean2": 0.00944511033595, "median": 0.0121119795367, "dvar": 7.65885488363e-05}, "spectral_spread": {"dvar2": 3459390898180.0, "var": 14203501936600.0, "min": 1533805.625, "dmean": 1167754.125, "mean": 5888720, "max": 42359248, "dmean2": 1701986, "median": 5450130, "dvar": 1691363704830.0}, "spectral_energyband_low": {"dvar2": 3.41401573678e-05, "var": 3.62351056538e-05, "min": 6.52906447448e-24, "dmean": 0.00142339197919, "mean": 0.00329975620843, "max": 0.0728064104915, "dmean2": 0.00206369161606, "median": 0.00072597200051, "dvar": 1.56600981427e-05}, "spectral_rolloff": {"dvar2": 8396378, "var": 10906386, "min": 107.666015625, "dmean": 1627.82092285, "mean": 4200.02148438, "max": 19379.8828125, "dmean2": 2589.23974609, "median": 3445.3125, "dvar": 4295771}, "barkbands": {"dvar2": [6.33391228355e-10, 4.54314931631e-06, 1.70754665305e-05, 3.89493197872e-06, 1.10766732178e-05, 8.62889100972e-06, 2.75677916761e-06, 5.67189135836e-06, 1.43480644965e-06, 1.21180403312e-06, 5.47893876046e-07, 1.41534235354e-06, 1.25959547859e-06, 9.5904670161e-07, 1.87168120647e-06, 3.11506960315e-06, 1.29859006393e-06, 1.07924586246e-06, 6.22989432486e-07, 2.07583389056e-06, 1.1916628182e-06, 3.48239154846e-06, 6.21489971309e-06, 4.6241907512e-06, 3.2559257761e-06, 1.54743361236e-07, 1.46273115842e-09], "var": [3.38756522833e-10, 5.17222269991e-06, 1.96014407265e-05, 2.55536974691e-06, 6.55370922686e-06, 3.51822836819e-06, 1.72928866959e-06, 4.95580798088e-06, 1.51704682594e-06, 1.68216524798e-06, 6.51684729291e-07, 1.25080043745e-06, 1.27669250105e-06, 9.13779445e-07, 2.22305402531e-06, 3.47732202499e-06, 2.19766366172e-06, 2.29920647143e-06, 6.59351599097e-07, 1.02394176338e-06, 8.42347333219e-07, 2.01317220672e-06, 4.27774057243e-06, 4.96725033372e-06, 1.44835587434e-06, 2.36634079442e-07, 3.4754790712e-10], "min": [1.69072761423e-25, 2.23389690305e-24, 6.88120803826e-25, 1.71118307332e-24, 1.11576099893e-23, 8.38687963236e-24, 9.32027642149e-24, 5.35803517056e-24, 1.680007882e-23, 1.54790207936e-23, 1.09655712682e-23, 2.66503403966e-23, 3.42236322786e-23, 3.92369632382e-23, 2.51198492662e-23, 4.06948223672e-23, 7.21800470757e-23, 9.48116775856e-23, 1.2174082667e-22, 1.79246148709e-22, 2.43649497696e-22, 3.42390245326e-22, 4.1437545638e-22, 5.43566411656e-22, 8.25030770949e-22, 1.33773280405e-21, 1.98150631061e-21], "dmean": [6.20659011474e-06, 0.000526842370164, 0.000819959852379, 0.000300054205582, 0.00101340224501, 0.000561975408345, 0.000536833307706, 0.000687391788233, 0.000303229520796, 0.000259976426605, 0.000201201532036, 0.000210469937883, 0.000231020414503, 0.000247748859692, 0.000301561289234, 0.000338640675182, 0.000246699608397, 0.000303143722704, 0.000289427873213, 0.00043830848881, 0.000375406234525, 0.000645320804324, 0.000786024611443, 0.000705453159753, 0.000536055420525, 0.000156186288223, 8.51428558235e-06], "mean": [7.08508923708e-06, 0.0013132460881, 0.00173807970714, 0.00042237402522, 0.00149910349865, 0.000679899530951, 0.00069890730083, 0.000941215956118, 0.000467755715363, 0.000414922833443, 0.000312003394356, 0.000292406417429, 0.000359442667104, 0.00039013515925, 0.000460409064544, 0.000531211437192, 0.000430788000813, 0.000520240108017, 0.000521011126693, 0.000586763548199, 0.00053885858506, 0.000826503674034, 0.000924868450966, 0.000844759109896, 0.000567758048419, 0.000218550281716, 6.92537423674e-06], "max": [0.000378223019652, 0.0240156948566, 0.0524682551622, 0.0422833263874, 0.0324062258005, 0.0337743870914, 0.0190898664296, 0.0271643027663, 0.0436289049685, 0.0278711859137, 0.0142953973264, 0.029009103775, 0.0178254023194, 0.014485290274, 0.027880595997, 0.0373520888388, 0.0329966843128, 0.0377373918891, 0.0155993411317, 0.0126710245386, 0.0152938980609, 0.0167273897678, 0.0421267263591, 0.0324088186026, 0.0144136520103, 0.00611225003377, 0.000500348804053], "dmean2": [1.06078659883e-05, 0.000825487659313, 0.00116859027185, 0.000462434603833, 0.00158877042122, 0.000902725849301, 0.000877581420355, 0.00105151883326, 0.000460832205135, 0.000404472462833, 0.000303332257317, 0.000327137066051, 0.000360172678484, 0.000382582424209, 0.000463707663585, 0.000524989329278, 0.00037070835242, 0.000460623792605, 0.000444571895059, 0.00072079943493, 0.000608091126196, 0.00102958967909, 0.00123531196732, 0.00105025281664, 0.000870555231813, 0.000241688743699, 1.51158628796e-05], "median": [7.83252630754e-07, 0.000145240410347, 0.000129657229991, 5.63914800296e-05, 0.000480065238662, 0.000162749085575, 0.0002429355809, 0.000190601422219, 0.00010128402937, 7.2889321018e-05, 7.18199735275e-05, 5.77523969696e-05, 5.64378424315e-05, 8.59278516145e-05, 0.00010163821571, 0.000155705041834, 0.000127840583446, 0.00017073150957, 0.000198988229386, 0.000195901389816, 0.000169465463841, 0.000220121437451, 0.000188429825357, 0.000162240088684, 9.10051676328e-05, 2.85834521492e-05, 5.86928194934e-07], "dvar": [2.40828745834e-10, 1.92093102669e-06, 8.02439444669e-06, 1.69924874172e-06, 4.48446098744e-06, 3.51220228367e-06, 1.10861537905e-06, 2.56128510046e-06, 6.68883672006e-07, 5.31360342393e-07, 2.65140073452e-07, 7.09978394298e-07, 5.54261418984e-07, 4.24565229196e-07, 9.3911262411e-07, 1.54382837536e-06, 7.75608725689e-07, 6.53102802062e-07, 2.62219344904e-07, 8.21579988042e-07, 4.89636533985e-07, 1.43356737681e-06, 2.8326210213e-06, 2.53527423411e-06, 1.29870466026e-06, 7.69653070165e-08, 5.20906651147e-10]}, "melbands_skewness": {"dvar2": 1.61906719208, "var": 2.98722481728, "min": -3.70365071297, "dmean": 0.780170083046, "mean": 2.00051593781, "max": 12.7494945526, "dmean2": 1.16469967365, "median": 1.72075796127, "dvar": 0.779468297958}, "barkbands_skewness": {"dvar2": 1.22994577885, "var": 2.20903635025, "min": -5.82554578781, "dmean": 0.697628676891, "mean": 0.567739844322, "max": 11.7115688324, "dmean2": 1.02017343044, "median": 0.483533233404, "dvar": 0.613557100296}, "erbbands": {"dvar2": [0.000888370443135, 0.36428257823, 13.8037023544, 36.6113319397, 35.5348243713, 200.937103271, 656.123413086, 268.859649658, 262.01739502, 2506.29199219, 1560.6986084, 968.339172363, 775.183288574, 1143.33691406, 1183.37573242, 2546.14501953, 2641.9128418, 2345.33105469, 5724.69482422, 7839.29785156, 4648.96728516, 2234.22924805, 2442.74584961, 1764.70849609, 1893.59619141, 6474.12353516, 1919.84643555, 3381.41040039, 2345.62329102, 7520.40283203, 5497.359375, 2493.63598633, 1240.28967285, 727.297546387, 108.906227112, 6.48223400116, 0.423253983259, 0.00857269018888, 2.30490295507e-05, 1.66382996269e-08], "var": [0.00101077603176, 0.423390924931, 17.1250801086, 31.5738010406, 27.4553871155, 104.000488281, 313.082305908, 147.622070312, 159.392242432, 1685.2322998, 1521.29626465, 1030.00268555, 1022.44702148, 1977.22509766, 1443.04760742, 2535.14892578, 2746.48095703, 2436.37451172, 6988.78076172, 8717.72070312, 6123.20068359, 3858.4128418, 5523.17089844, 1428.99438477, 1922.91833496, 2928.84765625, 1393.3092041, 1793.39916992, 1847.39489746, 3894.01733398, 3723.1940918, 2788.29663086, 1056.06567383, 298.246704102, 49.395816803, 7.65309429169, 0.691853106022, 0.00513276783749, 7.31773161533e-06, 1.13221920728e-08], "min": [9.15348503595e-23, 1.4607344955e-22, 8.77911765119e-22, 6.68222065487e-21, 1.73030545263e-20, 2.68877546115e-20, 3.7158549316e-20, 8.16409234637e-20, 1.29171387083e-19, 1.15024298012e-19, 1.94602084394e-19, 4.1680759942e-19, 5.10996510271e-19, 4.56668011422e-19, 9.41599026616e-19, 1.70126856969e-18, 1.54374329237e-18, 2.15944970125e-18, 2.30279017524e-18, 3.14456432175e-18, 3.09969618417e-18, 4.93673549127e-18, 4.41282162515e-18, 7.55664231153e-18, 6.79501328098e-18, 8.78334206096e-18, 1.07753559306e-17, 9.45462477064e-18, 1.08068665488e-17, 1.12099682049e-17, 1.05178488156e-17, 9.72278266316e-18, 9.51714804442e-18, 7.5301055303e-18, 6.15588266811e-18, 4.43273806635e-18, 2.32978376696e-18, 9.60259187259e-19, 2.64663855762e-19, 2.83181340675e-20], "dmean": [0.00731192110106, 0.151664316654, 0.81023311615, 1.03263521194, 1.48547267914, 4.0096745491, 5.73857736588, 3.91832995415, 5.03144359589, 14.6780853271, 10.245467186, 7.44143390656, 6.89343500137, 7.38274049759, 8.50872802734, 8.4739484787, 10.5399608612, 12.6946163177, 15.5435705185, 16.5061397552, 14.6986579895, 12.9906072617, 13.9161081314, 13.835442543, 16.0377216339, 23.0931758881, 14.4336509705, 18.5342922211, 18.7669467926, 27.0255355835, 22.6603412628, 15.2997989655, 11.3302869797, 7.27002191544, 3.23698735237, 1.00716614723, 0.236850634217, 0.0302445366979, 0.00119713554159, 4.75563356304e-05], "mean": [0.0175991114229, 0.383109420538, 1.87563550472, 1.74571585655, 2.43073654175, 5.42118406296, 7.26271438599, 5.07103967667, 6.87932443619, 19.654006958, 15.4019231796, 11.8698968887, 11.4711675644, 12.7928295135, 14.4634609222, 12.8822374344, 17.4072818756, 21.1376342773, 25.5205898285, 26.8885955811, 24.5366573334, 24.1636276245, 26.1703739166, 24.2192516327, 28.3323230743, 30.9542102814, 21.5811672211, 24.4709415436, 25.5550498962, 31.0547657013, 26.6557312012, 18.9391803741, 13.0174951553, 7.5565776825, 3.43507027626, 1.34117209911, 0.337653160095, 0.0343517325819, 0.00117141660303, 6.96288625477e-05], "max": [0.320665091276, 6.41516971588, 45.9395713806, 105.169036865, 97.3765792847, 144.057571411, 282.027069092, 201.212356567, 192.11289978, 569.893676758, 660.647766113, 1317.2298584, 561.305480957, 1255.34082031, 862.833007812, 1461.24389648, 877.620788574, 787.189025879, 1718.89379883, 2167.33569336, 1759.37390137, 1268.07226562, 1996.95800781, 1104.13476562, 760.343139648, 663.030029297, 667.724304199, 481.103393555, 569.876708984, 962.598083496, 1505.19445801, 905.233642578, 587.228942871, 204.411682129, 101.172859192, 35.9948158264, 11.697728157, 1.02688479424, 0.0616412870586, 0.00120554212481], "dmean2": [0.0117131024599, 0.234670594335, 1.17075932026, 1.49388813972, 2.34493494034, 6.40173912048, 8.91297245026, 6.13847112656, 8.20286750793, 22.9729804993, 15.6024675369, 11.3079137802, 10.6284503937, 11.4354858398, 12.8429937363, 12.9161691666, 16.288187027, 19.368719101, 23.8228759766, 25.2583007812, 22.4028816223, 19.0814914703, 20.7318973541, 21.6076622009, 24.8738288879, 37.9907531738, 23.2753200531, 30.2641983032, 29.4651622772, 43.4364814758, 35.5295028687, 22.6403808594, 17.3540458679, 11.8841581345, 5.25044202805, 1.57247161865, 0.367108613253, 0.0495749078691, 0.00205258908682, 7.37221125746e-05], "median": [0.00193475466222, 0.0539274737239, 0.187670484185, 0.268679976463, 0.672907471657, 1.45356273651, 1.53209841251, 1.32387530804, 2.64160490036, 5.33542585373, 3.84429430962, 2.91053724289, 2.12157058716, 3.08168816566, 3.70599532127, 2.87348270416, 3.28354072571, 5.01241064072, 5.71145391464, 7.79263448715, 7.7897400856, 8.49272060394, 9.25911235809, 10.1607398987, 11.2973670959, 10.5617170334, 7.12422990799, 7.14771175385, 6.90362167358, 7.55631399155, 4.95597791672, 3.82066917419, 2.33991003036, 1.17189311981, 0.555610179901, 0.198876395822, 0.0370015017688, 0.0041477731429, 0.000127644525492, 2.61468758254e-05], "dvar": [0.000376747339033, 0.155555725098, 6.47225666046, 17.0616188049, 14.2559509277, 78.621055603, 278.141906738, 116.762908936, 104.039123535, 1064.02978516, 704.017272949, 461.562866211, 342.094940186, 545.746154785, 547.814697266, 1366.13244629, 1180.02661133, 1052.62817383, 2873.71948242, 3957.53735352, 2361.21582031, 1289.64221191, 1554.66943359, 700.406494141, 790.936889648, 2511.90332031, 783.245605469, 1339.4597168, 1036.27026367, 3102.88964844, 2498.47680664, 1376.27624512, 619.225219727, 285.504608154, 43.6588401794, 3.05627465248, 0.21056483686, 0.00341084087268, 8.37769675854e-06, 6.86696477459e-09]}, "silence_rate_30dB": {"dvar2": 0, "var": 0, "min": 1, "dmean": 0, "mean": 1, "max": 1, "dmean2": 0, "median": 1, "dvar": 0}, "melbands_spread": {"dvar2": 2111.17797852, "var": 1941.94018555, "min": 0.840390264988, "dmean": 23.3591117859, "mean": 55.4716262817, "max": 268.171844482, "dmean2": 36.0813865662, "median": 44.1903266907, "dvar": 920.818603516}, "melbands_crest": {"dvar2": 24.1159992218, "var": 37.0893096924, "min": 1.68216276169, "dmean": 3.34808397293, "mean": 13.5551404953, "max": 33.2376556396, "dmean2": 5.28584575653, "median": 12.7103538513, "dvar": 10.7729701996}, "zerocrossingrate": {"dvar2": 0.00100805994589, "var": 0.00609230808914, "min": 0.00439453125, "dmean": 0.0297630727291, "mean": 0.120342507958, "max": 0.53564453125, "dmean2": 0.0326365567744, "median": 0.107421875, "dvar": 0.000870592251886}, "barkbands_kurtosis": {"dvar2": 49.0779800415, "var": 46.1884422302, "min": -1.9240090847, "dmean": 2.42368888855, "mean": 1.98971199989, "max": 159.283432007, "dmean2": 3.73416352272, "median": -0.292893648148, "dvar": 23.4172401428}, "spectral_flux": {"dvar2": 0.00150769622996, "var": 0.0020486516878, "min": 6.43941427958e-11, "dmean": 0.0246248282492, "mean": 0.0722229480743, "max": 0.274710595608, "dmean2": 0.0359920524061, "median": 0.0662027001381, "dvar": 0.000747035141103}, "barkbands_crest": {"dvar2": 14.9759130478, "var": 20.937877655, "min": 2.27097034454, "dmean": 2.63009881973, "mean": 9.12859725952, "max": 26.3601894379, "dmean2": 4.13107585907, "median": 7.9962887764, "dvar": 7.10145235062}, "barkbands_flatness_db": {"dvar2": 0.00141600251663, "var": 0.00331450533122, "min": 0.0205438453704, "dmean": 0.0273304525763, "mean": 0.120657168329, "max": 0.449022859335, "dmean2": 0.0384275689721, "median": 0.105814740062, "dvar": 0.000787164841313}, "spectral_entropy": {"dvar2": 0.142958328128, "var": 0.297343105078, "min": 5.18438529968, "dmean": 0.272096276283, "mean": 7.86458826065, "max": 9.82701206207, "dmean2": 0.378392398357, "median": 7.90927886963, "dvar": 0.0811482965946}, "pitch_salience": {"dvar2": 0.0118393562734, "var": 0.017882367596, "min": 0.103314369917, "dmean": 0.0771957710385, "mean": 0.555857300758, "max": 0.895204484463, "dmean2": 0.11917591095, "median": 0.563305795193, "dvar": 0.00547068892047}, "erbbands_spread": {"dvar2": 375.866699219, "var": 420.380950928, "min": 1.19779658318, "dmean": 12.2309684753, "mean": 42.7007255554, "max": 140.701934814, "dmean2": 18.7586536407, "median": 40.0102005005, "dvar": 169.197311401}, "dynamic_complexity": 3.96120429039, "spectral_contrast_valleys": {"dvar2": [0.536807656288, 0.406777739525, 0.333681613207, 0.268264293671, 0.347511231899, 1.05940401554], "var": [4.66829824448, 4.25928449631, 4.00036478043, 3.98371744156, 4.43968868256, 5.644115448], "min": [-28.6068649292, -28.0947036743, -27.7167606354, -27.5944156647, -27.5337810516, -27.4473056793], "dmean": [0.514229238033, 0.461361825466, 0.416602402925, 0.395103812218, 0.439297646284, 0.791384935379], "mean": [-8.87686538696, -7.55339479446, -8.20237064362, -8.31758975983, -7.83208465576, -9.87940597534], "max": [-5.83050775528, -4.98020648956, -5.43812513351, -6.06964063644, -5.57429647446, -6.7328543663], "dmean2": [0.793154120445, 0.707906484604, 0.617139279842, 0.552670776844, 0.565550684929, 0.983879566193], "median": [-8.53174686432, -7.29620742798, -7.94736337662, -8.01895713806, -7.44587993622, -9.29741287231], "dvar": [0.278713822365, 0.195065289736, 0.16635890305, 0.151456996799, 0.206954270601, 0.684059977531]}, "hfc": {"dvar2": 4145.44677734, "var": 3882.37939453, "min": 1.07305243957e-16, "dmean": 26.6526279449, "mean": 42.9762535095, "max": 560.315124512, "dmean2": 39.6196517944, "median": 19.0634918213, "dvar": 1963.10168457}, "spectral_kurtosis": {"dvar2": 10.4459104538, "var": 7.44612598419, "min": -1.25844120979, "dmean": 1.54876542091, "mean": 2.647813797, "max": 37.5488090515, "dmean2": 2.43558907509, "median": 2.0886349678, "dvar": 4.25787115097}, "mfcc": {"mean": [-663.438537598, 65.8081665039, -0.944628059864, 19.4097805023, -2.40749835968, -0.826098024845, -9.91980552673, -1.02910244465, -5.67377376556, 1.35401153564, -0.96580439806, -2.90640950203, -0.182139158249], "cov": [[12029.8330078, -2325.72607422, 972.05682373, 43.9891738892, 74.6312942505, 179.688156128, 96.5629959106, 128.663314819, 121.635971069, 156.987915039, 121.458076477, 70.5308609009, 27.8490009308], [-2325.72607422, 2687.55200195, -604.224853516, 312.645202637, 68.1550369263, 44.6621208191, 50.2272415161, 90.6144943237, -34.0132637024, -40.6263923645, 0.215842992067, -56.5647506714, 3.52930760384], [972.05682373, -604.224853516, 913.181152344, 148.273925781, 197.385452271, 93.6317138672, 50.3009033203, 36.0557441711, 69.1002883911, 37.8343849182, 13.9236793518, 78.624961853, 64.934677124], [43.9891738892, 312.645202637, 148.273925781, 497.827209473, 242.874572754, 130.416107178, 61.6763496399, 54.5601577759, 82.9731445312, 39.3655662537, 17.3127212524, 45.4029083252, 74.83934021], [74.6312942505, 68.1550369263, 197.385452271, 242.874572754, 352.109466553, 146.519744873, 56.9883651733, 47.3993263245, 97.0297317505, 70.0545043945, 34.6726264954, 50.051071167, 53.0836906433], [179.688156128, 44.6621208191, 93.6317138672, 130.416107178, 146.519744873, 269.061401367, 164.985702515, 86.9808120728, 97.2844543457, 58.1586456299, 60.6458511353, 49.4622421265, 29.7084369659], [96.5629959106, 50.2272415161, 50.3009033203, 61.6763496399, 56.9883651733, 164.985702515, 273.613311768, 144.714111328, 73.7203445435, 52.0289344788, 64.9667205811, 52.7941322327, 26.8447647095], [128.663314819, 90.6144943237, 36.0557441711, 54.5601577759, 47.3993263245, 86.9808120728, 144.714111328, 187.184127808, 80.7271270752, 35.7880058289, 43.4315490723, 39.4254302979, 28.8797512054], [121.635971069, -34.0132637024, 69.1002883911, 82.9731445312, 97.0297317505, 97.2844543457, 73.7203445435, 80.7271270752, 173.900009155, 72.4861221313, 34.7876472473, 40.7141342163, 43.1106071472], [156.987915039, -40.6263923645, 37.8343849182, 39.3655662537, 70.0545043945, 58.1586456299, 52.0289344788, 35.7880058289, 72.4861221313, 134.507339478, 60.4315223694, 25.904335022, 21.5706729889], [121.458076477, 0.215842992067, 13.9236793518, 17.3127212524, 34.6726264954, 60.6458511353, 64.9667205811, 43.4315490723, 34.7876472473, 60.4315223694, 127.488128662, 57.4340248108, 14.6129436493], [70.5308609009, -56.5647506714, 78.624961853, 45.4029083252, 50.051071167, 49.4622421265, 52.7941322327, 39.4254302979, 40.7141342163, 25.904335022, 57.4340248108, 118.816848755, 53.2555770874], [27.8490009308, 3.52930760384, 64.934677124, 74.83934021, 53.0836906433, 29.7084369659, 26.8447647095, 28.8797512054, 43.1106071472, 21.5706729889, 14.6129436493, 53.2555770874, 112.167655945]], "icov": [[0.000108351181552, 9.3803879281e-05, -5.657611473e-05, -7.08614825271e-05, 6.97943978594e-05, -7.89032419561e-05, 7.87693497841e-05, -0.000143666256918, 5.81027161388e-05, -6.83960897732e-05, -8.63716122694e-05, 9.09713126021e-05, 1.50668456627e-05], [9.3803879281e-05, 0.000629579124507, 0.000381771620596, -0.000504491152242, -6.21983999736e-05, -7.88734323578e-05, 8.90741794137e-05, -0.000502948649228, 0.000338530371664, 0.000131777400384, -0.000185818586033, 0.000344147614669, -6.36473268969e-05], [-5.657611473e-05, 0.000381771620596, 0.00166851037648, -0.000305995752569, -0.000755588058382, 2.37523067881e-06, -8.09065240901e-05, -0.000166219368111, 0.000174371380126, 0.000153640285134, 0.000357478536898, -0.00052423030138, -0.00023483899713], [-7.08614825271e-05, -0.000504491152242, -0.000305995752569, 0.00364438886754, -0.00188163644634, -0.000440293486463, -1.11887093226e-05, 0.000175059452886, -0.000330177659635, 0.000282888911897, 0.000398254487664, -6.68731590849e-05, -0.00120388471987], [6.97943978594e-05, -6.21983999736e-05, -0.000755588058382, -0.00188163644634, 0.00578489713371, -0.00208600703627, 0.00114996288903, -8.48821000545e-05, -0.000672730267979, -0.00152730650734, 0.000244961323915, -0.000445006764494, -2.94590645353e-05], [-7.89032419561e-05, -7.88734323578e-05, 2.37523067881e-06, -0.000440293486463, -0.00208600703627, 0.00824313797057, -0.00441221660003, 0.00129976670723, -0.00214120699093, 0.000676737341564, -0.00124391459394, 3.61848287866e-05, 0.000677416624967], [7.87693497841e-05, 8.90741794137e-05, -8.09065240901e-05, -1.11887093226e-05, 0.00114996288903, -0.00441221660003, 0.00901637412608, -0.00532133644447, 0.00119348149747, -0.00106172461528, -0.00053994130576, -0.000774604617618, 5.21339243278e-05], [-0.000143666256918, -0.000502948649228, -0.000166219368111, 0.000175059452886, -8.48821000545e-05, 0.00129976670723, -0.00532133644447, 0.0108511149883, -0.00360688730143, 0.00108517042827, -0.000800373789389, -0.000301033724099, -0.000368669367163], [5.81027161388e-05, 0.000338530371664, 0.000174371380126, -0.000330177659635, -0.000672730267979, -0.00214120699093, 0.00119348149747, -0.00360688730143, 0.0105720749125, -0.00406075501814, 0.00133512890898, -0.000739564828109, -0.00148237682879], [-6.83960897732e-05, 0.000131777400384, 0.000153640285134, 0.000282888911897, -0.00152730650734, 0.000676737341564, -0.00106172461528, 0.00108517042827, -0.00406075501814, 0.012360708788, -0.00527442805469, 0.00197841622867, -0.00081511499593], [-8.63716122694e-05, -0.000185818586033, 0.000357478536898, 0.000398254487664, 0.000244961323915, -0.00124391459394, -0.00053994130576, -0.000800373789389, 0.00133512890898, -0.00527442805469, 0.0136303221807, -0.00619558617473, 0.00177046528552], [9.09713126021e-05, 0.000344147614669, -0.00052423030138, -6.68731590849e-05, -0.000445006764494, 3.61848287866e-05, -0.000774604617618, -0.000301033724099, -0.000739564828109, 0.00197841622867, -0.00619558617473, 0.0148176634684, -0.00554569205269], [1.50668456627e-05, -6.36473268969e-05, -0.00023483899713, -0.00120388471987, -2.94590645353e-05, 0.000677416624967, 5.21339243278e-05, -0.000368669367163, -0.00148237682879, -0.00081511499593, 0.00177046528552, -0.00554569205269, 0.0128985010087]]}, "silence_rate_20dB": {"dvar2": 0, "var": 0, "min": 1, "dmean": 0, "mean": 1, "max": 1, "dmean2": 0, "median": 1, "dvar": 0}, "melbands_kurtosis": {"dvar2": 245.272171021, "var": 232.699707031, "min": -1.92212772369, "dmean": 5.4163441658, "mean": 8.20590496063, "max": 227.90246582, "dmean2": 8.39029788971, "median": 3.00581216812, "dvar": 110.389709473}, "barkbands_spread": {"dvar2": 375.498931885, "var": 414.818023682, "min": 0.772676825523, "dmean": 11.7496366501, "mean": 35.7472915649, "max": 109.206298828, "dmean2": 17.8546161652, "median": 33.1374740601, "dvar": 175.926300049}, "erbbands_skewness": {"dvar2": 0.61249089241, "var": 0.848378419876, "min": -7.56871509552, "dmean": 0.499607175589, "mean": -0.265281111002, "max": 4.03296279907, "dmean2": 0.7657148242, "median": -0.269675731659, "dvar": 0.276794433594}, "average_loudness": 0.822404921055, "spectral_centroid": {"dvar2": 658472.5, "var": 1686427.875, "min": 199.283248901, "dmean": 495.969512939, "mean": 2335.26220703, "max": 11761.8339844, "dmean2": 729.172058105, "median": 2262.12011719, "dvar": 322364.59375}, "dissonance": {"dvar2": 0.000665293249767, "var": 0.000569837342482, "min": 0.274130582809, "dmean": 0.014669938013, "mean": 0.473259299994, "max": 0.500000059605, "dmean2": 0.0243145599961, "median": 0.480043053627, "dvar": 0.000253584468737}, "erbbands_flatness_db": {"dvar2": 0.00118161283899, "var": 0.00259619532153, "min": 0.02214705199, "dmean": 0.0248204395175, "mean": 0.158640891314, "max": 0.421799510717, "dmean2": 0.0354613400996, "median": 0.148402020335, "dvar": 0.000620939128567}, "spectral_strongpeak": {"dvar2": 6.72012615204, "var": 5.13922739029, "min": 0, "dmean": 0.833610236645, "mean": 1.29585242271, "max": 28.6086616516, "dmean2": 1.37008416653, "median": 0.459742665291, "dvar": 2.87509083748}, "spectral_rms": {"dvar2": 1.52424013322e-06, "var": 3.64958805221e-06, "min": 3.13614108641e-12, "dmean": 0.000816450279672, "mean": 0.00353026692756, "max": 0.0100671425462, "dmean2": 0.00108937232289, "median": 0.00343752303161, "dvar": 8.03911802905e-07}, "silence_rate_60dB": {"dvar2": 0.143340185285, "var": 0.146567136049, "min": 0, "dmean": 0.0755389854312, "mean": 0.178377509117, "max": 1, "dmean2": 0.151090219617, "median": 0, "dvar": 0.0698187798262}, "melbands": {"dvar2": [1.81567102686e-07, 2.20708830057e-06, 8.98427970242e-07, 3.17193951105e-07, 7.16786075827e-07, 1.70795175336e-07, 6.93522181905e-08, 3.14125259138e-07, 9.12241588935e-08, 3.55338514169e-08, 2.03817762667e-08, 2.10704342862e-08, 1.29093420398e-08, 1.53679753367e-08, 1.59766173624e-08, 1.2735923427e-08, 1.03568726928e-08, 1.41687186428e-08, 7.99686272757e-09, 2.0581655491e-08, 6.67063115856e-09, 4.10558564923e-09, 5.94581450741e-09, 1.32586586155e-09, 1.46059575545e-09, 1.11801468083e-09, 1.02074848574e-09, 4.28482849202e-09, 1.15244536136e-09, 5.47006551166e-10, 2.0960473357e-09, 7.05332847684e-10, 2.20325846456e-09, 2.71060995871e-09, 2.92496205034e-09, 9.68617852593e-10, 1.11447351347e-09, 8.32861779543e-10, 3.84569598388e-10, 7.07364999908e-10], "var": [2.03649150876e-07, 2.64909340331e-06, 7.61075853006e-07, 1.97177470795e-07, 3.84849982993e-07, 8.44512229037e-08, 4.36906084644e-08, 2.26278501714e-07, 8.81344561776e-08, 3.80669291644e-08, 2.5981368168e-08, 3.57254243966e-08, 1.53484638332e-08, 1.3671658472e-08, 1.52327874758e-08, 1.25531212092e-08, 9.76134550967e-09, 1.65561750975e-08, 8.91971918549e-09, 2.19230056331e-08, 9.34160215849e-09, 7.21979676044e-09, 1.35720590322e-08, 1.57831225867e-09, 1.05398900718e-09, 1.09846987062e-09, 8.75898242825e-10, 1.71008662786e-09, 6.39384489798e-10, 5.05226194214e-10, 8.48534520426e-10, 5.88246729105e-10, 1.03111996719e-09, 1.37030686798e-09, 1.51130052917e-09, 1.02946307035e-09, 1.11704945294e-09, 6.61114107903e-10, 2.63367855302e-10, 2.29925439799e-10], "min": [1.05743086838e-24, 2.80780272723e-25, 1.66817141854e-24, 1.85225211078e-24, 9.95790756359e-25, 1.55299447233e-24, 2.20628815187e-24, 1.18355957054e-24, 1.43529820021e-24, 2.5090115521e-24, 2.38575183844e-24, 1.66649272254e-24, 2.4223634647e-24, 3.0268458827e-24, 3.3373959664e-24, 4.15214018678e-24, 3.02563083969e-24, 2.7573946633e-24, 1.88804844929e-24, 4.71733102081e-24, 3.14667996787e-24, 3.72690668797e-24, 2.33088616806e-24, 3.10325613327e-24, 4.21400108124e-24, 3.93803268748e-24, 3.94725683804e-24, 4.41078835051e-24, 5.70299852238e-24, 5.10931797676e-24, 4.43933288793e-24, 5.22271397087e-24, 5.09396674355e-24, 5.69587510841e-24, 4.86483538831e-24, 5.55752349956e-24, 6.1127632477e-24, 5.68601355823e-24, 6.23370311865e-24, 5.44066835038e-24], "dmean": [0.000105873376015, 0.00035173035576, 0.000186875331565, 0.00017871100863, 0.000213559571421, 9.20122256503e-05, 8.49979987834e-05, 0.000165392732015, 7.62557683629e-05, 4.53246939287e-05, 3.48316352756e-05, 3.08857