{"tonal": {"thpcp": [1, 0.65050971508, 0.435222536325, 0.416461437941, 0.539491057396, 0.838261842728, 0.844958305359, 0.517671883106, 0.456863820553, 0.478454768658, 0.354794919491, 0.311870664358, 0.289945870638, 0.26695561409, 0.403668224812, 0.470465898514, 0.367012292147, 0.336106956005, 0.311456620693, 0.31732454896, 0.576475739479, 0.674656450748, 0.404769361019, 0.203535914421, 0.155342698097, 0.315336018801, 0.583602070808, 0.517255067825, 0.340406030416, 0.392931193113, 0.415686130524, 0.356413424015, 0.36140486598, 0.408312290907, 0.525667846203, 0.894245862961], "hpcp": {"dmean2": [0.26354137063, 0.246558725834, 0.276373535395, 0.293448209763, 0.258555620909, 0.231875225902, 0.213793203235, 0.188771605492, 0.174358353019, 0.158240571618, 0.159490570426, 0.150594994426, 0.181044235826, 0.192322939634, 0.186039656401, 0.1700527668, 0.158059567213, 0.18022364378, 0.229813098907, 0.226872831583, 0.169087603688, 0.112428039312, 0.0915954262018, 0.182439699769, 0.304285466671, 0.231113240123, 0.157121703029, 0.159382387996, 0.155387148261, 0.147931978106, 0.156909957528, 0.199346929789, 0.257994413376, 0.319079071283, 0.306207954884, 0.312171757221], "median": [0.0261200740933, 0.026613663882, 0.0498875044286, 0.0821486413479, 0.0811820179224, 0.0531297884881, 0.0284943506122, 0.0230463203043, 0.0290882755071, 0.0290277265012, 0.0260385554284, 0.0218539666384, 0.030847651884, 0.034616779536, 0.036289319396, 0.0276087224483, 0.025824368, 0.0329962223768, 0.062713354826, 0.0629691332579, 0.0323828533292, 0.0118223298341, 0.0108087221161, 0.0263259839267, 0.0438065342605, 0.0471322722733, 0.0374510362744, 0.0346445888281, 0.0303311403841, 0.0274550281465, 0.0271465480328, 0.0292607229203, 0.054708622396, 0.1147922948, 0.11616615206, 0.0704501718283], "min": [0, 0, 0, 0, 0, 0, 0, 0, 0, 0, 0, 0, 0, 0, 0, 0, 0, 0, 0, 0, 0, 0, 0, 0, 0, 0, 0, 0, 0, 0, 0, 0, 0, 0, 0, 0], "dvar2": [0.154896914959, 0.135206520557, 0.140521407127, 0.142005950212, 0.117812253535, 0.113018088043, 0.121211133897, 0.0997223705053, 0.0905037745833, 0.081397652626, 0.090945571661, 0.0821570679545, 0.0872915238142, 0.100989200175, 0.112242944539, 0.104254454374, 0.0880042910576, 0.101588435471, 0.12539806962, 0.110920771956, 0.0778956338763, 0.0540570579469, 0.0414479412138, 0.074845790863, 0.192034468055, 0.0961003378034, 0.0659221410751, 0.0718686282635, 0.0690444037318, 0.0592341385782, 0.0703751966357, 0.101575314999, 0.128458932042, 0.140970170498, 0.14370983839, 0.160559639335], "dvar": [0.0569501593709, 0.0508273504674, 0.0533233433962, 0.0561163797975, 0.046472363174, 0.0419715307653, 0.0442623719573, 0.0373813658953, 0.0353233590722, 0.030433293432, 0.0320195034146, 0.0293300524354, 0.0340753570199, 0.0394935272634, 0.0374275669456, 0.0361507423222, 0.0323589332402, 0.0351180396974, 0.0430765859783, 0.0422518700361, 0.0302890427411, 0.0197791494429, 0.0147594241425, 0.0280259493738, 0.0740337371826, 0.0366274677217, 0.0244486611336, 0.0271456446499, 0.0268293116242, 0.0230986941606, 0.0265760775656, 0.0377633012831, 0.0463908165693, 0.0534611605108, 0.0559079535306, 0.0587327703834], "dmean": [0.147598013282, 0.137356668711, 0.156891047955, 0.169739991426, 0.150580093265, 0.134049445391, 0.120529659092, 0.105457551777, 0.09917845577, 0.0904453098774, 0.0893479436636, 0.0851621329784, 0.103418424726, 0.109718665481, 0.104716837406, 0.0954013615847, 0.0890565663576, 0.0992646515369, 0.132538974285, 0.133380919695, 0.100684672594, 0.0646637603641, 0.0510847829282, 0.100844942033, 0.167618095875, 0.13076852262, 0.0909290760756, 0.0938082039356, 0.092002235353, 0.0875572785735, 0.0904785841703, 0.112575039268, 0.146774753928, 0.184301763773, 0.176407217979, 0.176725596189], "max": [1, 1, 1, 1, 1, 1, 1, 1, 1, 1, 1, 1, 1, 1, 1, 1, 1, 1, 1, 1, 1, 1, 1, 1, 1, 1, 1, 1, 1, 1, 1, 1, 1, 1, 1, 1], "var": [0.052932754159, 0.0476346090436, 0.0570032522082, 0.100974582136, 0.105574354529, 0.0501325018704, 0.05629632622, 0.0689086988568, 0.0361308455467, 0.0302686002105, 0.0269616749138, 0.0235345214605, 0.0422237925231, 0.0582267120481, 0.0338093675673, 0.0388418920338, 0.0333027355373, 0.0287841372192, 0.0565111078322, 0.0833570957184, 0.0394669659436, 0.0183863956481, 0.0118069676682, 0.0257380753756, 0.0771182477474, 0.0534247234464, 0.0267109051347, 0.0395152717829, 0.0482647307217, 0.0332096591592, 0.0389234945178, 0.0448376610875, 0.0534593351185, 0.0943191573024, 0.121450588107, 0.0650215223432], "mean": [0.127463370562, 0.121968820691, 0.158000439405, 0.24550126493, 0.247462451458, 0.151610270143, 0.133801445365, 0.140124768019, 0.103908583522, 0.0913373827934, 0.0849162787199, 0.0781831368804, 0.118222080171, 0.137785077095, 0.10748668015, 0.09843544662, 0.0912161171436, 0.092934653163, 0.16883212328, 0.197586238384, 0.118544563651, 0.0596094466746, 0.0454951263964, 0.0923522785306, 0.170919194818, 0.15148819983, 0.0996945127845, 0.115077532828, 0.121741756797, 0.104382589459, 0.105844430625, 0.119582183659, 0.153952032328, 0.261897265911, 0.292869418859, 0.190514400601]}, "tuning_equal_tempered_deviation": 0.188720792532, "chords_changes_rate": 0.0616151541471, "key_key": "G#", "tuning_diatonic_strength": 0.563562572002, "key_scale": "major", "chords_number_rate": 0.00279162521474, "tuning_frequency": 434.193115234, "tuning_nontempered_energy_ratio": 0.907108843327, "chords_histogram": [24.6460609436, 1.33599197865, 6.85942173004, 3.1505484581, 11.6849451065, 0.139581263065, 0.837487518787, 0.61814558506, 1.01694917679, 0.0598205365241, 0, 0.598205387592, 0, 1.35593223572, 0.299102693796, 0.338983058929, 0.458624124527, 10.6480560303, 3.33000993729, 8.45463562012, 10.2891330719, 2.45264196396, 9.89032936096, 1.53539383411], "key_strength": 0.594979643822, "chords_key": "G#", "chords_strength": {"dmean2": 0.0113944178447, "median": 0.533173620701, "min": 0.22850394249, "dvar2": 0.000114773873065, "dvar": 9.28696681513e-05, "dmean": 0.0111474702135, "max": 0.842386484146, "var": 0.00965343881398, "mean": 0.531177580357}, "chords_scale": "major", "hpcp_entropy": {"dmean2": 1.1438434124, "median": 1.99751102924, "min": 0, "dvar2": 0.868064880371, "dvar": 0.33129119873, "dmean": 0.683066248894, "max": 4.54803609848, "var": 0.769496023655, "mean": 2.01832556725}}, "metadata": {"audio_properties": {"equal_loudness": 0, "codec": "mp3", "downmix": "mix", "sample_rate": 44100, "analysis_sample_rate": 44100, "bit_rate": 186422, "md5_encoded": "5c4cef54289168b87f81735053ff653a", "length": 232.829391479, "replay_gain": -16.9982757568, "lossless": false}, "version": {"essentia_build_sha": "70f2e5ece6736b2c40cc944ad0e695b16b925413", "essentia": "2.1-beta2", "extractor": "music 1.0", "essentia_git_sha": "v2.1_beta2"}, "tags": {"title": ["11-Disjointed World"], "artist": ["Die Form"], "albumartist": ["Die Form"], "date": ["2004"], "genre": ["Industrial"], "album": ["Inhuman"], "tracknumber": ["11"], "musicbrainz_recordingid": ["07c2c67b-5653-4eae-b51a-3776d3d325e3"], "file_name": "375338.mp3"}}, "rhythm": {"bpm_histogram_first_peak_bpm": {"dmean2": 0, "median": 120, "min": 120, "dvar2": 0, "dvar": 0, "dmean": 0, "max": 120, "var": 0, "mean": 120}, "bpm": 119.999099731, "bpm_histogram_second_peak_spread": {"dmean2": 0, "median": 0.461538493633, "min": 0.461538493633, "dvar2": 0, "dvar": 0, "dmean": 0, "max": 0.461538493633, "var": 0, "mean": 0.461538493633}, "bpm_histogram_first_peak_weight": {"dmean2": 0, "median": 0.822510838509, "min": 0.822510838509, "dvar2": 0, "dvar": 0, "dmean": 0, "max": 0.822510838509, "var": 0, "mean": 0.822510838509}, "onset_rate": 3.67189645767, "beats_position": [0.53405892849, 1.06811785698, 1.60217678547, 2.15945577621, 2.68190479279, 3.19274377823, 3.69197273254, 4.19120168686, 4.69043064117, 5.20126962662, 5.70049858093, 6.19972801208, 6.6989569664, 7.19818592072, 7.69741487503, 8.19664382935, 8.6958732605, 9.19510173798, 9.69433116913, 10.1935596466, 10.6927890778, 11.1920175552, 11.6912469864, 12.1904764175, 12.689704895, 13.1889343262, 13.6881628036, 14.1873922348, 14.6866207123, 15.1858501434, 15.6850786209, 16.1843090057, 16.6951465607, 17.1943759918, 17.693605423, 18.1928348541, 18.6920623779, 19.2029018402, 19.7021312714, 20.2013607025, 20.7005901337, 21.1998176575, 21.6990470886, 22.1982765198, 22.6975059509, 23.1967334747, 23.6959629059, 24.195192337, 24.6944217682, 25.1936511993, 25.6928787231, 26.1921081543, 26.6913375854, 27.1905670166, 27.6897945404, 28.1890239716, 28.6882534027, 29.1874828339, 29.686712265, 30.1859397888, 30.68516922, 31.1843986511, 31.6836280823, 32.1828575134, 32.6936950684, 33.204536438, 33.7037620544, 34.2029914856, 34.7022209167, 35.2014503479, 35.7006797791, 36.1999092102, 36.6991386414, 37.1983680725, 37.6975975037, 38.1968231201, 38.6960525513, 39.1952819824, 39.6945114136, 40.1937408447, 40.6929702759, 41.192199707, 41.6914291382, 42.1906585693, 42.6898841858, 43.1891136169, 43.6883430481, 44.1875724792, 44.6868019104, 45.1860313416, 45.6852607727, 46.1844902039, 46.6953277588, 47.1945571899, 47.6937866211, 48.1930160522, 48.7038536072, 49.2030830383, 49.7023124695, 50.2015419006, 50.7007713318, 51.2000007629, 51.6992263794, 52.1984558105, 52.6976852417, 53.1969146729, 53.696144104, 54.1953735352, 54.6946029663, 55.1938323975, 55.6930618286, 56.1922874451, 56.6915168762, 57.1907463074, 57.6899757385, 58.1892051697, 58.6884346008, 59.187664032, 59.6868934631, 60.1861228943, 60.6969604492, 61.1961898804, 61.6954193115, 62.1946487427, 62.6938781738, 63.2047157288, 63.6923332214, 64.1915664673, 64.6907958984, 65.1900177002, 65.6892471313, 66.1884765625, 66.6877059937, 67.1869354248, 67.686164856, 68.1853942871, 68.6846237183, 69.1838531494, 69.6830825806, 70.1939239502, 70.6931533813, 71.180770874, 71.6800003052, 72.1908340454, 72.701675415, 73.2009048462, 73.7001342773, 74.18775177, 74.6985931396, 75.1978225708, 75.697052002, 76.1962814331, 76.6955108643, 77.1947402954, 77.6939697266, 78.1931991577, 78.6924285889, 79.1916503906, 79.6908798218, 80.2017211914, 80.7009506226, 81.2001800537, 81.6994094849, 82.198638916, 82.6978683472, 83.1970977783, 83.7079315186, 84.2071609497, 84.7063903809, 85.205619812, 85.7048492432, 86.1924667358, 86.7033081055, 87.2025375366, 87.7017669678, 88.2009963989, 88.7002258301, 89.1994552612, 89.6986846924, 90.1979141235, 90.6971435547, 91.1963729858, 91.695602417, 92.1948318481, 92.6940536499, 93.181678772, 93.6925125122, 94.1917419434, 94.6909713745, 95.1902008057, 95.6894302368, 96.2002716064, 96.6995010376, 97.1987304688, 97.6979598999, 98.1971893311, 98.7080230713, 99.2072525024, 99.7064819336, 100.194099426, 100.704940796, 101.204170227, 101.703399658, 102.191017151, 102.701858521, 103.201087952, 103.700317383, 104.199546814, 104.698776245, 105.198005676, 105.697235107, 106.196456909, 106.69568634, 107.194915771, 107.694145203, 108.193374634, 108.692604065, 109.191833496, 109.691062927, 110.190292358, 110.68952179, 111.188751221, 111.687980652, 112.198822021, 112.709655762, 113.208885193, 113.708114624, 114.195732117, 114.706573486, 115.205802917, 115.705032349, 116.20426178, 116.703491211, 117.191108704, 117.701950073, 118.201179504, 118.700408936, 119.199638367, 119.698867798, 120.1980896, 120.697319031, 121.196548462, 121.695777893, 122.195007324, 122.694236755, 123.193466187, 123.692695618, 124.191925049, 124.69115448, 125.190383911, 125.689613342, 126.188842773, 126.688072205, 127.187301636, 127.686531067, 128.197372437, 128.708206177, 129.219039917, 129.706665039, 130.194290161, 130.705123901, 131.204345703, 131.703582764, 132.202804565, 132.702041626, 133.201263428, 133.700500488, 134.19972229, 134.698959351, 135.198181152, 135.697418213, 136.196640015, 136.695877075, 137.195098877, 137.694335938, 138.193557739, 138.692779541, 139.192016602, 139.691238403, 140.202087402, 140.701309204, 141.200546265, 141.699768066, 142.199005127, 142.698226929, 143.197463989, 143.696685791, 144.195922852, 144.706756592, 145.205978394, 145.705215454, 146.204437256, 146.703674316, 147.202896118, 147.702133179, 148.20135498, 148.700592041, 149.199813843, 149.699050903, 150.198272705, 150.697509766, 151.196731567, 151.695953369, 152.19519043, 152.694412231, 153.193649292, 153.692871094, 154.192108154, 154.691329956, 155.190567017, 155.689788818, 156.189025879, 156.688247681, 157.187484741, 157.686706543, 158.197555542, 158.696777344, 159.195999146, 159.706848145, 160.206069946, 160.705307007, 161.204528809, 161.703765869, 162.202987671, 162.702224731, 163.201446533, 163.700683594, 164.199905396, 164.699142456, 165.198364258, 165.69758606, 166.19682312, 166.696044922, 167.195281982, 167.694503784, 168.205352783, 168.704574585, 169.192199707, 169.691421509, 170.190658569, 170.689880371, 171.189117432, 171.688339233, 172.199172974, 172.698410034, 173.197631836, 173.696868896, 174.196090698, 174.695327759, 175.194549561, 175.693786621, 176.193008423, 176.703857422, 177.203079224, 177.702316284, 178.201538086, 178.700775146, 179.199996948, 179.69921875, 180.198455811, 180.697677612, 181.196914673, 181.696136475, 182.195373535, 182.694595337, 183.193832397, 183.693054199, 184.19229126, 184.691513062, 185.190750122, 185.689971924, 186.200805664, 186.700042725, 187.199264526, 187.698501587, 188.197723389, 188.708572388, 189.207794189, 189.70703125, 190.194641113, 190.705490112, 191.204711914, 191.703948975, 192.203170776, 192.702392578, 193.201629639, 193.70085144, 194.200088501, 194.699310303, 195.198547363, 195.697769165, 196.197006226, 196.696228027, 197.195465088, 197.69468689, 198.19392395, 198.693145752, 199.192382812, 199.691604614, 200.202438354, 200.701675415, 201.200897217, 201.700134277, 202.199356079, 202.69859314, 203.197814941, 203.697052002, 204.196273804, 204.707122803, 205.206344604, 205.705581665, 206.193191528, 206.704025269, 207.203262329, 207.702484131, 208.201721191, 208.700942993, 209.200180054, 209.699401855, 210.187026978, 210.697860718, 211.197097778, 211.69631958, 212.195556641, 212.694778442, 213.194015503, 213.693237305, 214.192474365, 214.691696167, 215.190933228, 215.690155029, 216.20098877, 216.70022583, 217.199447632, 217.710296631, 218.209518433, 218.708755493, 219.207977295, 219.707214355, 220.194824219, 220.705657959, 221.20489502, 221.704116821, 222.203353882, 222.702575684, 223.201812744, 223.701034546, 224.200271606, 224.745941162, 225.291610718, 225.837280273, 226.382949829, 226.928619385, 227.462677002, 227.996734619, 228.519180298, 229.053237915, 229.587295532, 230.109741211, 230.632202148, 231.154647827, 231.677093506, 232.199539185], "beats_loudness": {"dmean2": 0.0393320843577, "median": 0.0420529209077, "min": 4.31930317291e-07, "dvar2": 0.00132641766686, "dvar": 0.000358197750757, "dmean": 0.0229579918087, "max": 0.0996499508619, "var": 0.00041011776193, "mean": 0.0449668951333}, "danceability": 1.38743364811, "bpm_histogram_second_peak_weight": {"dmean2": 0, "median": 0.0151515156031, "min": 0.0151515156031, "dvar2": 0, "dvar": 0, "dmean": 0, "max": 0.0151515156031, "var": 0, "mean": 0.0151515156031}, "beats_count": 463, "bpm_histogram_second_peak_bpm": {"dmean2": 0, "median": 115, "min": 115, "dvar2": 0, "dvar": 0, "dmean": 0, "max": 115, "var": 0, "mean": 115}, "bpm_histogram_first_peak_spread": {"dmean2": 0, "median": 0.142212152481, "min": 0.142212152481, "dvar2": 0, "dvar": 0, "dmean": 0, "max": 0.142212152481, "var": 0, "mean": 0.142212152481}, "beats_loudness_band_ratio": {"dmean2": [0.443674623966, 0.168654844165, 0.253114372492, 0.169386938214, 0.179429635406, 0.200876101851], "median": [0.35557025671, 0.116338916123, 0.128609284759, 0.104811690748, 0.0777851417661, 0.0531658418477], "min": [0.00160861434415, 0.00150260550436, 0.0014004255645, 0.000276837934507, 0.000374746508896, 4.07109109801e-05], "dvar2": [0.0888933986425, 0.0191035568714, 0.0513935796916, 0.0227662455291, 0.0139320138842, 0.018584612757], "dvar": [0.033120021224, 0.00692204292864, 0.0202987063676, 0.00881292019039, 0.00498331943527, 0.0058101573959], "dmean": [0.246264755726, 0.0980547592044, 0.145132273436, 0.0974406227469, 0.0975852161646, 0.103982597589], "max": [0.970436573029, 0.621163129807, 0.761138558388, 0.762779712677, 0.6794962883, 0.617133140564], "var": [0.0677335038781, 0.0105384634808, 0.0255088992417, 0.0154704665765, 0.00790916476399, 0.00663308845833], "mean": [0.432688206434, 0.136465013027, 0.182364195585, 0.133954763412, 0.0935349985957, 0.0780920758843]}}, "lowlevel": {"barkbands_spread": {"dmean2": 9.75455188751, "median": 24.0295333862, "min": 0.213064521551, "dvar2": 111.371376038, "dvar": 50.548210144, "dmean": 6.55371665955, "max": 137.438140869, "var": 222.58291626, "mean": 25.9869709015}, "melbands_spread": {"dmean2": 12.7777357101, "median": 25.5352401733, "min": 0.365860968828, "dvar2": 250.479598999, "dvar": 117.157218933, "dmean": 8.33023166656, "max": 327.786560059, "var": 525.384338379, "mean": 29.8040275574}, "hfc": {"dmean2": 10.8757705688, "median": 20.6229057312, "min": 1.1192276466e-16, "dvar2": 267.188446045, "dvar": 124.229690552, "dmean": 7.52415895462, "max": 138.266860962, "var": 378.082794189, "mean": 25.5784816742}, "barkbands_kurtosis": {"dmean2": 5.57055139542, "median": 0.993475675583, "min": -1.95998358727, "dvar2": 377.787536621, "dvar": 175.803024292, "dmean": 3.71111631393, "max": 687.746276855, "var": 371.653015137, "mean": 5.22410678864}, "gfcc": {"mean": [12.9783420563, 67.2506484985, -113.436958313, 25.3058815002, -61.0093917847, 18.3537063599, -35.3398017883, 16.4364585876, -13.3383207321, 8.9812002182, -11.0324392319, 8.13971233368, -13.939863205], "icov": [[0.000292662065476, -0.00035904647666, 0.000318310892908, -0.000328765949234, 0.000478183239466, -0.000675790361129, 0.000368325709132, -0.000560910790227, 0.000667223590426, -0.000614235119428, 0.000727913517039, -0.000677819305565, 0.000383859878639], [-0.00035904647666, 0.00210267747752, -0.000927057815716, 0.000633166579064, -0.00168828852475, 0.00204746471718, -0.00201653013937, 0.00166218541563, -0.00203279335983, 0.00271650403738, -0.0025578411296, 0.00291839172132, -0.00177811819594], [0.000318310892908, -0.000927057815716, 0.00204932433553, -0.00105888512917, 0.000789132900536, -0.00183598452713, 0.000995267415419, -0.00162498373538, 0.000417570379796, -0.00119089405052, 0.00155273254495, -0.00210226979107, 0.00155753327999], [-0.000328765949234, 0.000633166579064, -0.00105888512917, 0.00419424427673, -0.00259227189235, 0.00142045447137, -0.00105239066761, 0.00199267757125, -0.0012296687346, 0.00121375592425, -0.00133947026916, 0.00141151796561, -0.000962443882599], [0.000478183239466, -0.00168828852475, 0.000789132900536, -0.00259227189235, 0.0058369631879, -0.00197160383686, 0.000583109562285, -0.0017722628545, 0.00119105330668, -0.00231935549527, 0.00211465568282, -0.00211123097688, 0.000641116232146], [-0.000675790361129, 0.00204746471718, -0.00183598452713, 0.00142045447137, -0.00197160383686, 0.00699253287166, -0.00363984820433, 0.00285659334622, -0.00100450241007, 0.00205455208197, -0.00293516041711, 0.00352951395325, -0.00182348664384], [0.000368325709132, -0.00201653013937, 0.000995267415419, -0.00105239066761, 0.000583109562285, -0.00363984820433, 0.00836248416454, -0.00549118546769, 0.00422183005139, -0.00346388691105, 0.0022093297448, -0.000593772798311, 0.000250267941738], [-0.000560910790227, 0.00166218541563, -0.00162498373538, 0.00199267757125, -0.0017722628545, 0.00285659334622, -0.00549118546769, 0.0127021139488, -0.00808444060385, 0.00439990311861, -0.00263010361232, -0.000616081757471, 0.000497276429087], [0.000667223590426, -0.00203279335983, 0.000417570379796, -0.0012296687346, 0.00119105330668, -0.00100450241007, 0.00422183005139, -0.00808444060385, 0.0117093501613, -0.00584759423509, 0.00205010501668, -0.000598064565565, -0.0013047598768], [-0.000614235119428, 0.00271650403738, -0.00119089405052, 0.00121375592425, -0.00231935549527, 0.00205455208197, -0.00346388691105, 0.00439990311861, -0.00584759423509, 0.0108751747757, -0.0035371799022, 0.00314936321229, -0.00121056986973], [0.000727913517039, -0.0025578411296, 0.00155273254495, -0.00133947026916, 0.00211465568282, -0.00293516041711, 0.0022093297448, -0.00263010361232, 0.00205010501668, -0.0035371799022, 0.00914769154042, -0.00621905457228, 0.00228484463878], [-0.000677819305565, 0.00291839172132, -0.00210226979107, 0.00141151796561, -0.00211123097688, 0.00352951395325, -0.000593772798311, -0.000616081757471, -0.000598064565565, 0.00314936321229, -0.00621905457228, 0.0136572094634, -0.00567259872332], [0.000383859878639, -0.00177811819594, 0.00155753327999, -0.000962443882599, 0.000641116232146, -0.00182348664384, 0.000250267941738, 0.000497276429087, -0.0013047598768, -0.00121056986973, 0.00228484463878, -0.00567259872332, 0.0146518573165]], "cov": [[6341.51806641, -492.285644531, -514.210632324, -47.5122299194, -312.422821045, 450.201934814, 76.6376113892, -195.035293579, -472.363525391, 28.1452217102, -297.822753906, -30.6129455566, -104.478660583], [-492.285644531, 2060.05053711, 339.687835693, 317.177398682, 459.174468994, -169.765823364, 264.864044189, 169.860321045, 274.87097168, -132.104187012, 198.724456787, -123.795661926, 130.760864258], [-514.210632324, 339.687835693, 933.389221191, 181.668746948, 145.172973633, 69.2638168335, 65.2470092773, 161.796646118, 160.618041992, 22.2043037415, 36.862361908, 58.5629615784, -3.86842346191], [-47.5122299194, 317.177398682, 181.668746948, 420.300598145, 221.873001099, -9.9981508255, 61.2596549988, 11.9090604782, 57.6269264221, 3.0670747757, 24.3560810089, -20.4500579834, 29.2996044159], [-312.422821045, 459.174468994, 145.172973633, 221.873001099, 384.800964355, 5.74812459946, 102.026390076, 61.2824172974, 87.9262161255, 14.360704422, 30.6813335419, -17.6817703247, 40.4929161072], [450.201934814, -169.765823364, 69.2638168335, -9.9981508255, 5.74812459946, 306.150726318, 89.8047866821, -43.7122344971, -84.6917266846, 20.0964221954, -25.2337837219, -33.0224227905, -17.3483181], [76.6376113892, 264.864044189, 65.2470092773, 61.2596549988, 102.026390076, 89.8047866821, 256.479492188, 68.3594055176, 2.89798569679, 12.5797100067, 4.07339668274, -37.6752700806, 13.3107366562], [-195.035293579, 169.860321045, 161.796646118, 11.9090604782, 61.2824172974, -43.7122344971, 68.3594055176, 222.911773682, 151.670654297, 2.27007722855, 52.2736167908, 48.3614120483, 16.7174015045], [-472.363525391, 274.87097168, 160.618041992, 57.6269264221, 87.9262161255, -84.6917266846, 2.89798569679, 151.670654297, 269.483734131, 51.2498512268, 54.3294219971, 20.6227054596, 40.6037025452], [28.1452217102, -132.104187012, 22.2043037415, 3.0670747757, 14.360704422, 20.0964221954, 12.5797100067, 2.27007722855, 51.2498512268, 161.586959839, 8.78141403198, -1.13152825832, -1.2403229475], [-297.822753906, 198.724456787, 36.862361908, 24.3560810089, 30.6813335419, -25.2337837219, 4.07339668274, 52.2736167908, 54.3294219971, 8.78141403198, 216.548095703, 67.4756164551, 21.1923885345], [-30.6129455566, -123.795661926, 58.5629615784, -20.4500579834, -17.6817703247, -33.0224227905, -37.6752700806, 48.3614120483, 20.6227054596, -1.13152825832, 67.4756164551, 158.511306763, 26.4655628204], [-104.478660583, 130.760864258, -3.86842346191, 29.2996044159, 40.4929161072, -17.3483181, 13.3107366562, 16.7174015045, 40.6037025452, -1.2403229475, 21.1923885345, 26.4655628204, 94.9218978882]]}, "spectral_energyband_middle_low": {"dmean2": 0.00662364577875, "median": 0.00699644861743, "min": 2.42799168749e-22, "dvar2": 9.49962122831e-05, "dvar": 4.2487092287e-05, "dmean": 0.00454188836738, "max": 0.0756198093295, "var": 0.000123624995467, "mean": 0.0109512098134}, "melbands_crest": {"dmean2": 5.85909938812, "median": 15.0088834763, "min": 1.61953985691, "dvar2": 26.062002182, "dvar": 10.8640441895, "dmean": 3.73651313782, "max": 36.4071311951, "var": 40.3939704895, "mean": 15.9197282791}, "spectral_kurtosis": {"dmean2": 1.98730230331, "median": 3.11083126068, "min": -1.25932717323, "dvar2": 10.3528881073, "dvar": 3.84727692604, "dmean": 1.22580444813, "max": 41.6786727905, "var": 9.95282936096, "mean": 3.68275403976}, "spectral_rms": {"dmean2": 0.00113484007306, "median": 0.00501375505701, "min": 3.210218983e-12, "dvar2": 1.30433556933e-06, "dvar": 6.49070898362e-07, "dmean": 0.000761732691899, "max": 0.0101540917531, "var": 3.39931648341e-06, "mean": 0.00506396684796}, "zerocrossingrate": {"dmean2": 0.0137801766396, "median": 0.06640625, "min": 0.00244140625, "dvar2": 0.000208792116609, "dvar": 0.000212284445297, "dmean": 0.0128425080329, "max": 0.51220703125, "var": 0.00275908061303, "mean": 0.0744132995605}, "silence_rate_60dB": {"dmean2": 0.0339084453881, "median": 0, "min": 0, "dvar2": 0.0417344346642, "dvar": 0.0166662912816, "dmean": 0.0169525332749, "max": 1, "var": 0.0259125456214, "mean": 0.0266227945685}, "erbbands_kurtosis": {"dmean2": 1.94868147373, "median": -0.095822095871, "min": -1.90738332272, "dvar2": 11.5594244003, "dvar": 5.17660570145, "dmean": 1.24338197708, "max": 51.1527481079, "var": 12.4911603928, "mean": 0.970554709435}, "erbbands": {"dmean2": [0.241090580821, 1.39660406113, 2.35049200058, 4.90840387344, 8.26214885712, 10.294667244, 7.98953056335, 13.8369016647, 27.3839035034, 33.5623016357, 19.6282901764, 26.8102531433, 41.8348922729, 41.3503456116, 33.522151947, 33.2921714783, 29.1507453918, 41.3618469238, 45.926902771, 28.9041347504, 20.6829395294, 25.3154277802, 20.4230136871, 14.8612060547, 10.1495056152, 7.58914232254, 11.3074970245, 9.08148193359, 6.40469884872, 6.18771266937, 5.11103391647, 3.6762149334, 2.33102560043, 1.12066817284, 0.401387602091, 0.232180163264, 0.104748308659, 0.0229098461568, 0.000505185278598, 2.44986913458e-05], "median": [0.138735368848, 0.64348846674, 0.62277930975, 0.821649849415, 1.29106009007, 1.83508265018, 2.6698756218, 5.84164524078, 14.5103664398, 14.2170810699, 7.75961685181, 7.3795003891, 13.8190927505, 17.6239414215, 11.0626993179, 11.146771431, 10.6280183792, 14.7386436462, 14.6916532516, 10.6725225449, 8.96326160431, 8.78643512726, 9.40583610535, 8.0254907608, 5.99764299393, 5.34163761139, 4.13063049316, 3.39922332764, 3.00966119766, 3.17069554329, 3.19231200218, 2.25152206421, 1.06654930115, 0.516132354736, 0.213139727712, 0.124308094382, 0.0530155040324, 0.0104397619143, 0.000242521768087, 4.80114540551e-05], "min": [2.23504489288e-22, 2.69088012689e-21, 4.79777033743e-21, 2.35423130969e-20, 3.3142920253e-20, 5.97875419255e-20, 1.80504690784e-19, 5.54160991833e-20, 2.00417784486e-19, 8.69355760253e-19, 1.01637946271e-18, 7.64976733887e-19, 1.48723207068e-18, 1.52469032433e-18, 4.57580970664e-18, 2.37702570611e-18, 2.86563715804e-18, 2.29677988091e-18, 5.0359748309e-18, 5.79992327588e-18, 5.21647473954e-18, 4.46171627116e-18, 5.43470483747e-18, 8.36517827308e-18, 1.20580318192e-17, 1.21274785947e-17, 1.37846191467e-17, 1.60709265075e-17, 1.50566045531e-17, 1.94014600561e-17, 1.43746834736e-17, 1.61556314565e-17, 1.33840445274e-17, 9.24435132303e-18, 7.47787569206e-18, 4.34541302267e-18, 2.64194353217e-18, 1.16056521189e-18, 2.74006162848e-19, 2.96339974763e-20], "dvar2": [0.160360112786, 6.55375862122, 31.1123504639, 171.146072388, 471.382659912, 707.208129883, 458.026824951, 810.760498047, 2348.69506836, 4582.69287109, 1872.82800293, 5470.41601562, 5653.21777344, 6491.27978516, 4828.49658203, 6058.01806641, 3855.55151367, 11410.3759766, 19966.8769531, 7621.25146484, 1383.94030762, 3440.64038086, 1345.87902832, 713.838378906, 324.309692383, 178.08164978, 874.45526123, 360.786590576, 162.625167847, 125.378356934, 94.5491333008, 51.9637870789, 23.0646209717, 26.0169620514, 4.0257973671, 0.521942615509, 0.0545171573758, 0.00249231350608, 1.10615098947e-06, 1.13504605714e-09], "dvar": [0.0766889378428, 3.35584354401, 14.9102048874, 67.9512023926, 176.137130737, 260.22756958, 168.298034668, 293.680389404, 1038.9263916, 2105.0456543, 1053.51879883, 2558.57568359, 2562.15942383, 2698.58642578, 1862.8404541, 2347.34545898, 1495.39538574, 5445.20410156, 8136.12597656, 2925.09033203, 588.972717285, 1193.97680664, 519.797363281, 282.737640381, 147.807601929, 89.9927139282, 412.642242432, 153.33682251, 65.0875244141, 59.7966957092, 47.8954315186, 23.2577400208, 9.96478366852, 8.82978916168, 1.70127701759, 0.229122251272, 0.0267864726484, 0.00115310552064, 5.03619389747e-07, 5.37095201647e-10], "dmean": [0.161866605282, 0.980798602104, 1.56721258163, 2.9922645092, 4.91698074341, 5.97892475128, 4.69298601151, 8.23546123505, 17.8202457428, 22.1571311951, 14.0161952972, 18.4769268036, 26.9352531433, 26.3188610077, 20.4780960083, 20.3531513214, 17.6785335541, 25.3624801636, 28.4240436554, 17.6588459015, 12.6812868118, 14.6693429947, 12.4411144257, 9.04998397827, 6.44892978668, 5.09417390823, 7.34113311768, 5.94509887695, 4.19179439545, 4.10732078552, 3.59234142303, 2.49059414864, 1.53506422043, 0.733902037144, 0.272330880165, 0.16231456399, 0.073776781559, 0.0156580042094, 0.000342758808983, 1.68709593709e-05], "max": [2.72474575043, 24.4745426178, 58.2845458984, 91.3825836182, 167.823226929, 236.730422974, 348.018676758, 440.333740234, 1008.6784668, 905.878601074, 1117.45068359, 1749.05163574, 996.39263916, 1251.46716309, 786.657226562, 900.002258301, 597.572265625, 2208.91967773, 2788.05981445, 1721.28564453, 350.267852783, 754.570495605, 357.113708496, 244.426589966, 165.111816406, 138.280029297, 423.035614014, 130.557693481, 177.80128479, 197.642196655, 94.1008529663, 118.437026978, 83.8654174805, 136.225753784, 63.3819084167, 23.4804573059, 3.24223041534, 0.741676568985, 0.014931791462, 0.000402631092584], "var": [0.197105586529, 11.095000267, 21.5523071289, 56.0728149414, 135.277587891, 238.478286743, 207.879623413, 478.265289307, 3543.44238281, 6163.79931641, 10115.5341797, 20937.8105469, 7081.64892578, 6035.51318359, 3794.24194336, 4850.26708984, 2357.86645508, 9461.33789062, 10212.5400391, 3343.54907227, 1109.63989258, 1898.37487793, 1046.47338867, 593.488098145, 356.794525146, 248.884033203, 1072.28063965, 359.856842041, 142.831756592, 154.205535889, 123.949859619, 58.3578186035, 17.7211780548, 8.62735176086, 2.44207835197, 0.397383660078, 0.0560984537005, 0.00242248899303, 1.05916694793e-06, 1.45242717853e-09], "mean": [0.293458282948, 1.74743652344, 2.18136692047, 2.99369239807, 4.9663772583, 6.52846765518, 6.41807508469, 12.5338783264, 32.5017738342, 41.0608901978, 36.7133560181, 46.949054718, 46.5563354492, 43.1161804199, 32.4307556152, 33.1273994446, 26.4843711853, 39.3891296387, 40.0342979431, 27.4808712006, 21.710559845, 25.1321678162, 22.6429767609, 17.3239212036, 13.0174808502, 11.3744697571, 14.0935926437, 10.5931358337, 7.98284721375, 8.38369750977, 8.32246017456, 5.85218572617, 2.80357170105, 1.25686752796, 0.511475145817, 0.315915644169, 0.14043726027, 0.0282253846526, 0.000626549415756, 5.45040165889e-05]}, "spectral_strongpeak": {"dmean2": 1.07573354244, "median": 0.640224575996, "min": 0, "dvar2": 2.40233230591, "dvar": 0.956309556961, "dmean": 0.644439220428, "max": 13.2902851105, "var": 1.90008199215, "mean": 1.23207294941}, "spectral_energy": {"dmean2": 0.0124870212749, "median": 0.0257661845535, "min": 1.05631440821e-20, "dvar2": 0.000191268511117, "dvar": 9.2107366072e-05, "dmean": 0.00833655521274, "max": 0.105683214962, "var": 0.000390931061702, "mean": 0.0297689866275}, "average_loudness": 0.942373812199, "spectral_rolloff": {"dmean2": 1018.57781982, "median": 1421.19140625, "min": 43.06640625, "dvar2": 2308170.25, "dvar": 1091207.875, "dmean": 617.871398926, "max": 19250.6835938, "var": 4108084.25, "mean": 1964.72424316}, "spectral_centroid": {"dmean2": 393.124389648, "median": 1467.98498535, "min": 107.399459839, "dvar2": 174819.5625, "dvar": 91761.9609375, "dmean": 262.204467773, "max": 11321.4570312, "var": 526419.125, "mean": 1547.49133301}, "pitch_salience": {"dmean2": 0.119935035706, "median": 0.511251986027, "min": 0.0638077706099, "dvar2": 0.0108706830069, "dvar": 0.00481533166021, "dmean": 0.0774558708072, "max": 0.894617080688, "var": 0.0207242146134, "mean": 0.506954967976}, "spectral_energyband_middle_high": {"dmean2": 0.00432954123244, "median": 0.0046409452334, "min": 1.32040654081e-21, "dvar2": 4.1908435378e-05, "dvar": 1.78878017323e-05, "dmean": 0.00278575904667, "max": 0.0775917470455, "var": 4.56415982626e-05, "mean": 0.00675646075979}, "spectral_contrast_coeffs": {"dmean2": [0.0841953381896, 0.0838843286037, 0.0731449648738, 0.0556542873383, 0.0361727587879, 0.0292450953275], "median": [-0.709683895111, -0.719413936138, -0.764263570309, -0.782171189785, -0.794263958931, -0.779466092587], "min": [-0.96621632576, -0.973858892918, -0.962169229984, -0.970616161823, -0.965382277966, -0.960337758064], "dvar2": [0.00509971706197, 0.00468022096902, 0.00358220306225, 0.00223610037938, 0.000927845714614, 0.000677003059536], "dvar": [0.00236155372113, 0.00189007841982, 0.00147945247591, 0.000948792963754, 0.00041451927973, 0.000353755109245], "dmean": [0.0545469224453, 0.0521603673697, 0.0448966696858, 0.0341854281723, 0.022420335561, 0.0188745781779], "max": [-0.334124684334, -0.323751598597, -0.432135343552, -0.465497285128, -0.514114558697, -0.578488111496], "var": [0.00852558668703, 0.00818766281009, 0.00727273058146, 0.00519701605663, 0.00295592076145, 0.00205788272433], "mean": [-0.692652106285, -0.709959924221, -0.748509883881, -0.766650319099, -0.779967427254, -0.771445631981]}, "melbands_skewness": {"dmean2": 1.13559770584, "median": 1.9460953474, "min": -3.20996880531, "dvar2": 1.65112864971, "dvar": 0.740919053555, "dmean": 0.756090641022, "max": 18.7431678772, "var": 3.8288705349, "mean": 2.37512946129}, "spectral_spread": {"dmean2": 861286.4375, "median": 4847610, "min": 1362699.625, "dvar2": 1390238105600.0, "dvar": 810333962240, "dmean": 596992.875, "max": 42264928, "var": 3677647536130.0, "mean": 5311391}, "dissonance": {"dmean2": 0.0310327913612, "median": 0.471017748117, "min": 0.264315843582, "dvar2": 0.00104399397969, "dvar": 0.000402499485062, "dmean": 0.0186170935631, "max": 0.500000119209, "var": 0.00120538205374, "mean": 0.46050709486}, "spectral_skewness": {"dmean2": 0.286168217659, "median": 1.39535558224, "min": -0.398838222027, "dvar2": 0.104731202126, "dvar": 0.0460422933102, "dmean": 0.187797442079, "max": 5.34678506851, "var": 0.214630410075, "mean": 1.45701885223}, "spectral_flux": {"dmean2": 0.0354188978672, "median": 0.0777281746268, "min": 6.9338777775e-11, "dvar2": 0.00122904032469, "dvar": 0.000586438341998, "dmean": 0.0230514686555, "max": 0.289815098047, "var": 0.0020525441505, "mean": 0.0882800742984}, "spectral_contrast_valleys": {"dmean2": [0.6627997756, 0.626727044582, 0.606133401394, 0.514847099781, 0.402938008308, 0.41312995553], "median": [-7.12861442566, -6.64498567581, -7.19921875, -7.51786708832, -7.49155139923, -9.54286003113], "min": [-27.8258838654, -27.6909980774, -27.5997371674, -27.1800518036, -27.3207054138, -27.3718986511], "dvar2": [0.325228691101, 0.352827578783, 0.397978156805, 0.302495747805, 0.247074663639, 0.281750291586], "dvar": [0.169522106647, 0.162826538086, 0.212353140116, 0.172752529383, 0.148012623191, 0.156422302127], "dmean": [0.427002876997, 0.39071932435, 0.389964640141, 0.340845257044, 0.274379491806, 0.294787704945], "max": [-5.0478978157, -4.44104099274, -5.19098472595, -5.30930089951, -5.5402264595, -7.59232759476], "var": [1.56308448315, 0.914880037308, 1.32420241833, 1.25969672203, 1.08629286289, 1.1206176281], "mean": [-7.46863698959, -6.73106813431, -7.34634876251, -7.66117238998, -7.56036090851, -9.68591403961]}, "erbbands_flatness_db": {"dmean2": 0.0284115057439, "median": 0.148615628481, "min": 0.0484336204827, "dvar2": 0.000730370345991, "dvar": 0.000367760861991, "dmean": 0.0194508396089, "max": 0.378502011299, "var": 0.00197336031124, "mean": 0.154599189758}, "spectral_energyband_high": {"dmean2": 0.000786352902651, "median": 0.000654654344544, "min": 7.43281637882e-21, "dvar2": 1.77005347268e-06, "dvar": 8.82375275069e-07, "dmean": 0.000562972621992, "max": 0.0134715940803, "var": 2.67688824351e-06, "mean": 0.0013503045775}, "spectral_entropy": {"dmean2": 0.246804863214, "median": 7.77745342255, "min": 5.09070634842, "dvar2": 0.0720127224922, "dvar": 0.0370735637844, "dmean": 0.165208443999, "max": 9.80801296234, "var": 0.224946439266, "mean": 7.69618415833}, "silence_rate_20dB": {"dmean2": 0, "median": 1, "min": 1, "dvar2": 0, "dvar": 0, "dmean": 0, "max": 1, "var": 0, "mean": 1}, "melbands_flatness_db": {"dmean2": 0.0415669940412, "median": 0.173649981618, "min": 0.00450539868325, "dvar2": 0.0016098273918, "dvar": 0.000847630668432, "dmean": 0.0287117548287, "max": 0.656831502914, "var": 0.00802076142281, "mean": 0.188883334398}, "barkbands": {"dmean2": [0.000704378006049, 0.00674643367529, 0.002201593481, 0.0021782189142, 0.00266198976897, 0.00143662898336, 0.00239033601247, 0.00089610402938, 0.00131146062631, 0.00131917523686, 0.00104972964618, 0.000999883050099, 0.000675207236782, 0.000963228172623, 0.000744866032619, 0.000420579803176, 0.000448762206361, 0.000362308841432, 0.000236561754718, 0.000180592163815, 0.000273007695796, 0.000168133337866, 0.000190214952454, 0.000152659238665, 7.49271930545e-05, 5.15327847097e-05, 7.11327720637e-06], "median": [0.000168134822161, 0.00371340848505, 0.000375605246518, 0.000231972924666, 0.000565967638977, 0.000584383145906, 0.00123182230163, 0.000300411717035, 0.000345680949977, 0.000379799050279, 0.000296168786008, 0.000266682560323, 0.000186438322999, 0.000302563887089, 0.000189243553905, 0.000144215198816, 0.000146027930896, 0.000162340234965, 0.000120000542665, 0.000120470976981, 9.49695750023e-05, 8.0623816757e-05, 0.000112087283924, 8.34276943351e-05, 3.79125049221e-05, 2.84664383798e-05, 2.1432038011e-06], "min": [3.9207637334e-24, 7.12973748316e-24, 3.25496591826e-24, 6.75268563629e-24, 3.30897425461e-23, 1.33436816083e-23, 2.3717746826e-23, 5.18207177815e-23, 2.01947287331e-23, 4.47229701858e-23, 1.00406260193e-22, 4.72139625771e-23, 5.97423296186e-23, 4.7775555811e-23, 9.51201474431e-23, 8.81459796413e-23, 7.58992674974e-23, 8.94547693028e-23, 1.87674742518e-22, 2.269827979e-22, 3.63728314345e-22, 5.73731392443e-22, 4.89515126556e-22, 8.08628825495e-22, 1.00052442824e-21, 1.51855083069e-21, 2.3424504887e-21], "dvar2": [3.57347698809e-06, 0.000125263395603, 3.57347598765e-05, 3.71074711438e-05, 4.36964874098e-05, 8.77308775671e-06, 1.57083504746e-05, 4.05523041991e-06, 9.6024305094e-06, 5.93182357989e-06, 5.56786380912e-06, 6.29570649835e-06, 2.1694975203e-06, 8.55278176459e-06, 4.77611592942e-06, 8.00175484983e-07, 9.98710333988e-07, 4.20257521228e-07, 1.82977402119e-07, 9.21260081554e-08, 3.64172876743e-07, 1.07304778396e-07, 1.04408954371e-07, 9.46479872255e-08, 1.11670701131e-07, 1.52560204469e-08, 1.76122699758e-10], "dvar": [1.62834635375e-06, 6.12825315329e-05, 1.58831462613e-05, 1.36918579301e-05, 1.64820739883e-05, 3.21820994031e-06, 7.20280786481e-06, 2.01983857551e-06, 4.51961386716e-06, 2.71522480944e-06, 2.28422322834e-06, 2.40871554524e-06, 8.24681478662e-07, 4.10679285778e-06, 1.81732161764e-06, 3.17918136261e-07, 3.49748091821e-07, 1.60371016023e-07, 7.94368588686e-08, 4.54136888095e-08, 1.77249646072e-07, 4.47618369037e-08, 5.34762101267e-08, 4.16462917485e-08, 4.18977350591e-08, 7.22723303426e-09, 7.75448802393e-11], "dmean": [0.000490518694278, 0.00457753380761, 0.00140981539153, 0.00126990769058, 0.00158933829516, 0.000850021315273, 0.00158307573292, 0.000614192103967, 0.000897073827218, 0.000843559741043, 0.000657969678286, 0.000605188775808, 0.000401337398216, 0.000592758296989, 0.00045585326734, 0.000259389635175, 0.000259234424448, 0.000220491245273, 0.000148574748891, 0.000118218362331, 0.000179694005055, 0.000111613837362, 0.000127607621835, 0.000103918151581, 5.10149620823e-05, 3.70025118173e-05, 4.51708001492e-06], "max": [0.035391677171, 0.0962557271123, 0.0607167072594, 0.0427511744201, 0.0549526326358, 0.0421534702182, 0.0594425648451, 0.0411488451064, 0.0625901818275, 0.0370399951935, 0.0325595550239, 0.0368094220757, 0.0166363958269, 0.0722309052944, 0.0349885299802, 0.0118645578623, 0.0