{"tonal": {"thpcp": [1, 0.768343269825, 0.521278321743, 0.460173994303, 0.424118131399, 0.506044745445, 0.577560245991, 0.417745441198, 0.251577377319, 0.203393265605, 0.179969161749, 0.227335512638, 0.300646185875, 0.272377192974, 0.252919465303, 0.323452949524, 0.326700896025, 0.305981397629, 0.30369785428, 0.283837646246, 0.409579545259, 0.535784542561, 0.437177121639, 0.387001007795, 0.379265487194, 0.325882434845, 0.470204204321, 0.66093069315, 0.500941753387, 0.292610615492, 0.309770524502, 0.309735804796, 0.374476134777, 0.487979918718, 0.535419762135, 0.786693930626], "hpcp": {"dmean2": [0.436228781939, 0.481522619724, 0.410636812449, 0.330672770739, 0.261211067438, 0.243498623371, 0.239366680384, 0.19856210053, 0.147889316082, 0.130039706826, 0.123905919492, 0.135905504227, 0.154951319098, 0.157575696707, 0.155740946531, 0.183174625039, 0.193954274058, 0.191353589296, 0.184660986066, 0.189612224698, 0.224339544773, 0.233436346054, 0.22950489819, 0.27219119668, 0.255113661289, 0.202665656805, 0.209336668253, 0.246399194002, 0.224025934935, 0.160355746746, 0.165918499231, 0.218995496631, 0.332551330328, 0.409901410341, 0.419857949018, 0.428941905499], "median": [0.126519009471, 0.108479954302, 0.0624110773206, 0.0570860132575, 0.060608074069, 0.0806121826172, 0.0963747724891, 0.0704523026943, 0.0394315496087, 0.0283944942057, 0.0230047162622, 0.0314309373498, 0.0430057682097, 0.037713073194, 0.0299135297537, 0.0314724817872, 0.0303595364094, 0.0290286056697, 0.026410125196, 0.0308044143021, 0.0481359660625, 0.0632167682052, 0.0611851029098, 0.0401683039963, 0.0368984118104, 0.0285559780896, 0.0514904782176, 0.0878471881151, 0.0741053372622, 0.042593665421, 0.0373226813972, 0.0325051695108, 0.0387754775584, 0.0536022037268, 0.0570973679423, 0.0866571217775], "min": [0.000618346617557, 0.000357769109542, 0.000457183894468, 0.000592278025579, 0.000474152184324, 0.00084201793652, 0.000585161265917, 0.000454649562016, 0.000418220355641, 0.000361702375812, 0.000546073017176, 0.000597965961788, 0.000743599492125, 0.000785388343502, 0.000356719305273, 0.000225410651183, 0.000301281135762, 0.000409916188801, 0.000373321643565, 0.000234663268202, 0.000491183833219, 0.000358886143658, 0.000243287126068, 0.000334668933647, 0.000271910394076, 0.000190323029528, 0.00061612483114, 0.000362111721188, 0.000883547065314, 0.000807877688203, 0.000653015216812, 0.000768908415921, 0.000626574154012, 0.000637768884189, 0.000561275577638, 0.000534827588126], "dvar2": [0.219681814313, 0.250148236752, 0.230702370405, 0.193762540817, 0.134359002113, 0.11039789021, 0.0957335308194, 0.0800533592701, 0.0695798620582, 0.0663708075881, 0.0665117427707, 0.0652738586068, 0.0646273866296, 0.071782194078, 0.076541185379, 0.0918072611094, 0.0989829450846, 0.105090610683, 0.101777777076, 0.0944613963366, 0.101843290031, 0.104890741408, 0.0963050499558, 0.132172599435, 0.123604625463, 0.119453415275, 0.0928068235517, 0.102129206061, 0.0918737575412, 0.0663157403469, 0.0809326916933, 0.128633394837, 0.223604813218, 0.252239078283, 0.228515535593, 0.217227324843], "dvar": [0.0873754695058, 0.0886386558414, 0.0803551152349, 0.0673649460077, 0.0474283508956, 0.0410119146109, 0.0379885360599, 0.0301105622202, 0.0249109324068, 0.023535458371, 0.0235831495374, 0.0235156845301, 0.0241229850799, 0.0258704833686, 0.0277252662927, 0.0349214635789, 0.0370304733515, 0.0384755991399, 0.0378763787448, 0.034172732383, 0.0378869436681, 0.042975448072, 0.035919573158, 0.0493431277573, 0.0465881191194, 0.0437627546489, 0.0360640771687, 0.0413406156003, 0.0347652472556, 0.0240641199052, 0.029378682375, 0.0448183901608, 0.0790201351047, 0.0909423530102, 0.0833942890167, 0.0816952809691], "dmean": [0.244469568133, 0.264447361231, 0.220951199532, 0.179751321673, 0.146529376507, 0.141796931624, 0.142750263214, 0.116388522089, 0.0838426053524, 0.072757601738, 0.0684989690781, 0.0775609910488, 0.0909556522965, 0.0903752818704, 0.0882036015391, 0.105693660676, 0.110933765769, 0.107369400561, 0.103605337441, 0.10591789335, 0.128605946898, 0.138711348176, 0.133252814412, 0.152269050479, 0.14400164783, 0.11425678432, 0.123357392848, 0.147297769785, 0.131536111236, 0.0914940088987, 0.0948382019997, 0.118806399405, 0.174608334899, 0.218362435699, 0.227131098509, 0.240667045116], "max": [1, 1, 1, 1, 1, 1, 1, 1, 1, 1, 1, 1, 1, 1, 1, 1, 1, 1, 1, 1, 1, 1, 1, 1, 1, 1, 1, 1, 1, 1, 1, 1, 1, 1, 1, 1], "var": [0.145008325577, 0.096992239356, 0.0661913380027, 0.0575530976057, 0.0437832660973, 0.0513299331069, 0.0600166618824, 0.0357126146555, 0.0203580632806, 0.0177781302482, 0.0165023878217, 0.0199269577861, 0.0260819997638, 0.0236411988735, 0.0250947866589, 0.0389290452003, 0.0396983884275, 0.0393982231617, 0.0409277752042, 0.0318448320031, 0.0459285676479, 0.0712618008256, 0.0450971536338, 0.0452986992896, 0.0461938455701, 0.0450336821377, 0.0556606538594, 0.0852719545364, 0.0505169667304, 0.0243942048401, 0.0333325378597, 0.0354334972799, 0.0521193668246, 0.0673697963357, 0.0714305192232, 0.107701919973], "mean": [0.341085255146, 0.262070566416, 0.177800357342, 0.156958565116, 0.144660443068, 0.172604396939, 0.196997284889, 0.142486810684, 0.0858093351126, 0.0693744421005, 0.0613848268986, 0.0775407925248, 0.102545976639, 0.0929038450122, 0.0862670987844, 0.110325030982, 0.111432857811, 0.104365743697, 0.103586860001, 0.0968128368258, 0.139701545238, 0.182748198509, 0.149114668369, 0.132000342011, 0.129361867905, 0.111153692007, 0.160379722714, 0.225433722138, 0.170863851905, 0.0998051688075, 0.10565815866, 0.105646312237, 0.127728283405, 0.166442751884, 0.182623788714, 0.268329709768]}, "tuning_equal_tempered_deviation": 0.0496601052582, "chords_changes_rate": 0.0611833967268, "key_key": "A", "tuning_diatonic_strength": 0.513313114643, "key_scale": "major", "chords_number_rate": 0.00216852547601, "tuning_frequency": 439.745910645, "tuning_nontempered_energy_ratio": 0.733012139797, "chords_histogram": [17.6579933167, 0.325278818607, 15.3345727921, 0.867410182953, 10.6722431183, 2.44733572006, 12.6084260941, 1.22366786003, 1.25464689732, 0, 0.123915739357, 0, 0, 1.28562581539, 0.944857478142, 0.743494451046, 0.0774473324418, 2.49380421638, 0, 6.24225521088, 7.34200763702, 8.96840190887, 1.62639403343, 7.76022291183], "key_strength": 0.62329262495, "chords_key": "A", "chords_strength": {"dmean2": 0.0102634420618, "median": 0.5181671381, "min": 0.240645617247, "dvar2": 7.83566283644e-05, "dvar": 6.4882238803e-05, "dmean": 0.00980414450169, "max": 0.806367576122, "var": 0.00878820940852, "mean": 0.51305782795}, "chords_scale": "major", "hpcp_entropy": {"dmean2": 1.06417536736, "median": 2.4518737793, "min": 0.0564171373844, "dvar2": 0.700509190559, "dvar": 0.247004836798, "dmean": 0.629739403725, "max": 4.2850022316, "var": 0.506742060184, "mean": 2.42128396034}}, "metadata": {"audio_properties": {"equal_loudness": 0, "codec": "mp3", "downmix": "mix", "sample_rate": 44100, "analysis_sample_rate": 44100, "bit_rate": 320000, "md5_encoded": "4b0dc72bbf50336b7ae87131c06be06c", "length": 299.755096436, "replay_gain": -10.4430713654, "lossless": false}, "version": {"essentia_build_sha": "2d9f1f26377add8aeb1075a9c2973f962c4f09fd", "essentia": "2.1-beta2", "extractor": "music 1.0", "essentia_git_sha": "v2.1_beta2-1-ge3940c0"}, "tags": {"title": ["Lord of Light"], "media": ["Digital Media"], "albumartist": ["Hawkwind"], "genre": ["Rock", "Space Rock", "Psychedelic Rock", "Progressive Rock", "Psychedelic", "Hard Rock"], "musicbrainz_releasegroupid": ["4c50e0c2-39a2-4d21-8bd5-25e7f95cf7c6"], "musicbrainz album type": ["album", "live"], "contentgroup": ["Rock"], "musicbrainz_recordingid": ["07cab26a-9d56-4546-aed8-2a1c835c429a"], "musicbrainz_artistid": ["5a28f8c2-31fb-4047-ae57-c5c326989262"], "musicbrainz_albumartistid": ["5a28f8c2-31fb-4047-ae57-c5c326989262"], "musicbrainz_albumid": ["3f079745-74e9-49e0-9f8c-95647c1273b1"], "artist": ["Hawkwind"], "tracknumber": ["11/17"], "artistsort": ["Hawkwind"], "album": ["2006-11-03: Patronaat, Haarlem, Netherlands"], "albumartistsort": ["Hawkwind"], "discnumber": ["1/1"], "script": ["Latn"], "musicbrainz album status": ["bootleg"], "file_name": "11 - Lord of Light.mp3"}}, "rhythm": {"bpm_histogram_first_peak_bpm": {"dmean2": 0, "median": 148, "min": 148, "dvar2": 0, "dvar": 0, "dmean": 0, "max": 148, "var": 0, "mean": 148}, "bpm": 146.638259888, "bpm_histogram_second_peak_spread": {"dmean2": 0, "median": 0.0714285969734, "min": 0.0714285969734, "dvar2": 0, "dvar": 0, "dmean": 0, "max": 0.0714285969734, "var": 0, "mean": 0.0714285969734}, "bpm_histogram_first_peak_weight": {"dmean2": 0, "median": 0.4804469347, "min": 0.4804469347, "dvar2": 0, "dvar": 0, "dmean": 0, "max": 0.4804469347, "var": 0, "mean": 0.4804469347}, "onset_rate": 3.68282818794, "beats_position": [0.429569154978, 0.882358253002, 1.33514738083, 1.764716506, 2.19428563118, 2.62385487556, 3.04181408882, 3.45977306366, 3.88934230804, 4.3073015213, 4.73687076569, 5.15482997894, 5.5727891922, 6.00235795975, 6.43192720413, 6.84988641739, 7.26784563065, 7.6858048439, 8.10376358032, 8.52172279358, 8.93968200684, 9.35764122009, 9.77560043335, 10.2051696777, 10.623128891, 11.0526981354, 11.4706573486, 11.900226593, 12.3297958374, 12.7593650818, 13.1889343262, 13.6185035706, 14.0480718613, 14.4660310745, 14.8607711792, 15.2671203613, 15.6734695435, 16.0914287567, 16.50938797, 16.9157371521, 17.3220863342, 17.7400455475, 18.1463947296, 18.5527439117, 18.970703125, 19.3770523071, 19.7834014893, 20.1897506714, 20.5960998535, 21.0024490356, 21.3971881866, 21.7919273376, 22.1866664886, 22.5930156708, 22.9993648529, 23.405714035, 23.8236732483, 24.2416324615, 24.6595916748, 25.0775508881, 25.4839000702, 25.8902492523, 26.2965984344, 26.7029476166, 27.0976867676, 27.4924259186, 27.8871650696, 28.2935142517, 28.6998634338, 29.106212616, 29.5125617981, 29.9305210114, 30.3484802246, 30.7664394379, 31.17278862, 31.5791378021, 31.9970970154, 32.4150543213, 32.8330154419, 33.2509727478, 33.6689338684, 34.0868911743, 34.5048522949, 34.9228096008, 35.329158783, 35.7587280273, 36.1882972717, 36.6178665161, 37.0358276367, 37.4537849426, 37.8717460632, 38.2897033691, 38.7076644897, 39.1256217957, 39.5435829163, 39.9615402222, 40.3795013428, 40.7974586487, 41.2154197693, 41.6333770752, 42.0513381958, 42.4576873779, 42.8640365601, 43.281993866, 43.6883430481, 44.0946922302, 44.5126533508, 44.919002533, 45.3253517151, 45.743309021, 46.1612701416, 46.5676193237, 46.9623565674, 47.3919258118, 47.8098869324, 48.2162361145, 48.6225852966, 49.0405426025, 49.4585037231, 49.8764610291, 50.2944221497, 50.7123794556, 51.1303405762, 51.5482978821, 51.9546470642, 52.3609962463, 52.7789573669, 53.1969146729, 53.6148757935, 54.0328330994, 54.45079422, 54.8687515259, 55.2867126465, 55.7046699524, 56.1110191345, 56.5173683167, 56.9353294373, 57.3532867432, 57.7712478638, 58.1892051697, 58.6071662903, 59.0251235962, 59.4314727783, 59.8378219604, 60.2557830811, 60.673740387, 61.0800895691, 61.4864387512, 61.8927879333, 62.2991371155, 62.7170982361, 63.1234474182, 63.5530128479, 63.9709739685, 64.3889312744, 64.806892395, 65.2132415771, 65.6195907593, 66.0375518799, 66.4555053711, 66.8734664917, 67.2914276123, 67.6977767944, 68.1041259766, 68.5104751587, 68.9168243408, 69.3231735229, 69.7295227051, 70.1474838257, 70.5654373169, 70.9833984375, 71.3897476196, 71.7960968018, 72.2024459839, 72.608795166, 73.0267562866, 73.4331054688, 73.8510665894, 74.2574157715, 74.6753692627, 75.0817184448, 75.488067627, 75.9060287476, 76.3239898682, 76.7419509888, 77.1483001709, 77.554649353, 77.9726028442, 78.3789520264, 78.7853012085, 79.2032623291, 79.6212234497, 80.0391845703, 80.4571380615, 80.8750991821, 81.2930603027, 81.7226257324, 82.1521987915, 82.5701599121, 82.9997253418, 83.4060745239, 83.8240356445, 84.2419967651, 84.6599502563, 85.077911377, 85.4958724976, 85.9138336182, 86.3317871094, 86.74974823, 87.1560974121, 87.5624465942, 87.9804077148, 88.3751449585, 88.7931060791, 89.2110671997, 89.6290206909, 90.0469818115, 90.4649429321, 90.8829040527, 91.3008575439, 91.7188186646, 92.1367797852, 92.5431289673, 92.9494781494, 93.36743927, 93.7737884521, 94.1569137573, 94.551651001, 94.946395874, 95.3527450562, 95.7590942383, 96.1654434204, 96.5717926025, 96.9897460938, 97.4077072144, 97.8140563965, 98.2204055786, 98.6383666992, 99.0563278198, 99.474281311, 99.8922424316, 100.298591614, 100.704940796, 101.111289978, 101.529251099, 101.947212219, 102.353561401, 102.759910583, 103.166259766, 103.584213257, 104.002174377, 104.420135498, 104.838096619, 105.25605011, 105.67401123, 106.091972351, 106.509933472, 106.916282654, 107.322631836, 107.728981018, 108.1353302, 108.541679382, 108.948028564, 109.365982056, 109.783943176, 110.201904297, 110.619865417, 111.037818909, 111.455780029, 111.862129211, 112.291702271, 112.709655762, 113.116004944, 113.522354126, 113.917098999, 114.311836243, 114.706573486, 115.112922668, 115.507659912, 115.902404785, 116.320358276, 116.738319397, 117.144668579, 117.5626297, 117.98059082, 118.398544312, 118.804893494, 119.222854614, 119.640815735, 120.047164917, 120.465126038, 120.87147522, 121.289428711, 121.695777893, 122.102127075, 122.508476257, 122.926437378, 123.344398499, 123.750747681, 124.157096863, 124.563446045, 124.969795227, 125.387756348, 125.79410553, 126.212059021, 126.630020142, 127.036369324, 127.454330444, 127.872291565, 128.278640747, 128.6849823, 129.091339111, 129.497680664, 129.915649414, 130.333602905, 130.751556396, 131.157913208, 131.564254761, 131.970611572, 132.376953125, 132.783309937, 133.189651489, 133.584396362, 133.979141235, 134.385482788, 134.7918396, 135.186569214, 135.592926025, 135.999267578, 136.40562439, 136.800354004, 137.206710815, 137.601455688, 137.996185303, 138.390930176, 138.78565979, 139.192016602, 139.598358154, 140.004714966, 140.411056519, 140.81741333, 141.223754883, 141.630111694, 142.036453247, 142.43119812, 142.825942993, 143.232284546, 143.638641357, 144.04498291, 144.451339722, 144.857681274, 145.252426147, 145.6587677, 146.053512573, 146.448257446, 146.842987061, 147.237731934, 147.632461548, 148.038818359, 148.456771851, 148.874740601, 149.30430603, 149.722259521, 150.128616333, 150.534957886, 150.952926636, 151.370880127, 151.788833618, 152.19519043, 152.601531982, 153.007888794, 153.414230347, 153.80897522, 154.215332031, 154.621673584, 155.028030396, 155.434371948, 155.852325439, 156.270294189, 156.676635742, 157.094604492, 157.500946045, 157.918914795, 158.325256348, 158.731613159, 159.14956665, 159.555908203, 159.962265015, 160.380218506, 160.798187256, 161.204528809, 161.61088562, 162.028839111, 162.446792603, 162.864761353, 163.282714844, 163.700683594, 164.118637085, 164.524978638, 164.931335449, 165.34928894, 165.76725769, 166.185211182, 166.591567993, 166.997909546, 167.404266357, 167.81060791, 168.216964722, 168.623306274, 169.029663086, 169.436004639, 169.84236145, 170.248703003, 170.655059814, 171.061401367, 171.479354858, 171.88571167, 172.292053223, 172.710021973, 173.116363525, 173.522720337, 173.940673828, 174.358642578, 174.764984131, 175.171340942, 175.589294434, 176.007247925, 176.413604736, 176.819946289, 177.226303101, 177.632644653, 178.039001465, 178.445343018, 178.851699829, 179.258041382, 179.676010132, 180.082351685, 180.488708496, 180.906661987, 181.313018799, 181.719360352, 182.137313843, 182.543670654, 182.950012207, 183.356369019, 183.762710571, 184.169067383, 184.575408936, 184.993377686, 185.411331177, 185.817687988, 186.235641479, 186.641998291, 187.059951782, 187.466293335, 187.872650146, 188.278991699, 188.685348511, 189.103302002, 189.509658813, 189.916000366, 190.333969116, 190.740310669, 191.158279419, 191.564620972, 191.970977783, 192.377319336, 192.795272827, 193.201629639, 193.607971191, 194.002716064, 194.409072876, 194.815414429, 195.23336792, 195.639724731, 196.046066284, 196.452423096, 196.858764648, 197.276733398, 197.69468689, 198.101043701, 198.507385254, 198.925354004, 199.343307495, 199.749649048, 200.156005859, 200.562347412, 200.968704224, 201.386657715, 201.793014526, 202.199356079, 202.605712891, 203.012054443, 203.418411255, 203.824752808, 204.242721558, 204.660675049, 205.07862854, 205.49659729, 205.914550781, 206.320907593, 206.727249146, 207.145217896, 207.563171387, 207.969512939, 208.375869751, 208.793823242, 209.211791992, 209.629745483, 210.047698975, 210.454055786, 210.860397339, 211.278366089, 211.69631958, 212.102676392, 212.520629883, 212.938583374, 213.344940186, 213.762893677, 214.180862427, 214.587203979, 215.005172729, 215.411514282, 215.829467773, 216.247436523, 216.665390015, 217.071746826, 217.478088379, 217.872833252, 218.267562866, 218.662307739, 219.057052612, 219.463394165, 219.869750977, 220.264480591, 220.670837402, 221.077178955, 221.483535767, 221.889877319, 222.284622192, 222.690963745, 223.097320557, 223.503662109, 223.910018921, 224.316360474, 224.722717285, 225.117462158, 225.512191772, 225.906936646, 226.30166626, 226.708023071, 227.114364624, 227.509109497, 227.915466309, 228.321807861, 228.728164673, 229.134506226, 229.552474976, 229.94720459, 230.341949463, 230.748291016, 231.143035889, 231.537780762, 231.932510376, 232.327255249, 232.733596802, 233.128341675, 233.534683228, 233.941040039, 234.347381592, 234.753738403, 235.171691895, 235.589660645, 236.007614136, 236.413970947, 236.8203125, 237.226669312, 237.633010864, 238.039367676, 238.445709229, 238.85206604, 239.258407593, 239.664764404, 240.071105957, 240.477462769, 240.883804321, 241.290161133, 241.696502686, 242.102859497, 242.50920105, 242.915557861, 243.321899414, 243.716644287, 244.111373901, 244.506118774, 244.900863647, 245.295593262, 245.690338135, 246.085067749, 246.479812622, 246.886169434, 247.292510986, 247.698867798, 248.105209351, 248.511566162, 248.917907715, 249.324264526, 249.730606079, 250.136962891, 250.543304443, 250.949661255, 251.356002808, 251.762359619, 252.168701172, 252.563446045, 252.958175659, 253.364532471, 253.770874023, 254.177230835, 254.583572388, 254.989929199, 255.396270752, 255.791015625, 256.197357178, 256.603729248, 257.010070801, 257.416412354, 257.811157227, 258.2059021, 258.612243652, 259.018585205, 259.424926758, 259.831298828, 260.237640381, 260.643981934, 261.050323486, 261.456695557, 261.863037109, 262.269378662, 262.675720215, 263.082092285, 263.488433838, 263.894775391, 264.301116943, 264.707489014, 265.113830566, 265.520172119, 265.926513672, 266.332885742, 266.727600098, 267.122344971, 267.517089844, 267.923431396, 268.329803467, 268.724517822, 269.130889893, 269.537231445, 269.931976318, 270.338317871, 270.733062744, 271.139404297, 271.54574585, 271.95211792, 272.358459473, 272.764801025, 273.182769775, 273.589111328, 273.995452881, 274.401794434, 274.808166504, 275.226104736, 275.632476807, 276.038818359, 276.445159912, 276.851501465, 277.269470215, 277.687438965, 278.093780518, 278.50012207, 278.906494141, 279.324432373, 279.77722168, 280.230010986, 280.682800293, 281.12399292, 281.565155029, 281.994720459, 282.517181396, 283.028015137, 283.538848877, 284.142578125, 284.746307373, 285.350006104, 285.953735352, 286.5574646, 287.16116333, 287.753295898, 288.298950195, 288.84463501, 289.390289307, 289.935943604, 290.481628418, 291.027282715, 291.584564209, 292.141845703, 292.710754395, 293.279632568, 293.836914063, 294.429016113, 295.021118164, 295.613250732, 296.205352783, 296.785858154, 297.377960205, 297.970062256, 298.562164307, 299.154266357], "beats_loudness": {"dmean2": 0.0464634224772, "median": 0.0459419451654, "min": 0.000632673094515, "dvar2": 0.00124638946727, "dvar": 0.000407424580771, "dmean": 0.0249666161835, "max": 0.262309461832, "var": 0.000910746166483, "mean": 0.0492165498435}, "danceability": 1.17380750179, "bpm_histogram_second_peak_weight": {"dmean2": 0, "median": 0.0363128483295, "min": 0.0363128483295, "dvar2": 0, "dvar": 0, "dmean": 0, "max": 0.0363128483295, "var": 0, "mean": 0.0363128483295}, "beats_count": 717, "bpm_histogram_second_peak_bpm": {"dmean2": 0, "median": 140, "min": 140, "dvar2": 0, "dvar": 0, "dmean": 0, "max": 140, "var": 0, "mean": 140}, "bpm_histogram_first_peak_spread": {"dmean2": 0, "median": 0.472392618656, "min": 0.472392618656, "dvar2": 0, "dvar": 0, "dmean": 0, "max": 0.472392618656, "var": 0, "mean": 0.472392618656}, "beats_loudness_band_ratio": {"dmean2": [0.441499471664, 0.180847033858, 0.114960826933, 0.111641965806, 0.0564283840358, 0.155313521624], "median": [0.646857619286, 0.0704845041037, 0.0608520135283, 0.0659564957023, 0.0266421623528, 0.0799146220088], "min": [0.000726775790099, 0.00068050151458, 0.00513181090355, 0.00343238306232, 0.00250331754796, 0.0101545378566], "dvar2": [0.105766668916, 0.0270565077662, 0.0126976389438, 0.0136291887611, 0.00977881066501, 0.0169992689043], "dvar": [0.031215198338, 0.00867346022278, 0.00437751272693, 0.00476987287402, 0.00380109786056, 0.00544512784109], "dmean": [0.229954615235, 0.0956030935049, 0.0629201680422, 0.0623718388379, 0.0306365229189, 0.0836932137609], "max": [0.95132547617, 0.757811009884, 0.71423459053, 0.742006778717, 0.929289996624, 0.510183334351], "var": [0.0566879957914, 0.0118769938126, 0.00658350996673, 0.00592432590201, 0.00613508466631, 0.00639491621405], "mean": [0.589144170284, 0.107800841331, 0.0863039046526, 0.0878316164017, 0.0432367883623, 0.107110060751]}}, "lowlevel": {"barkbands_spread": {"dmean2": 11.5587501526, "median": 32.981716156, "min": 0.89436841011, "dvar2": 110.742637634, "dvar": 43.9637718201, "dmean": 7.12533521652, "max": 77.7647018433, "var": 149.874252319, "mean": 33.279750824}, "melbands_spread": {"dmean2": 15.5173711777, "median": 26.5918617249, "min": 1.9316701889, "dvar2": 229.642807007, "dvar": 91.4425811768, "dmean": 9.54026508331, "max": 173.476348877, "var": 290.430023193, "mean": 29.7229614258}, "hfc": {"dmean2": 8.82802963257, "median": 22.9391326904, "min": 6.73244403515e-06, "dvar2": 156.907897949, "dvar": 66.8939056396, "dmean": 5.76032018661, "max": 308.25793457, "var": 232.579849243, "mean": 25.8620796204}, "barkbands_kurtosis": {"dmean2": 3.30191850662, "median": 0.538923025131, "min": -1.87729394436, "dvar2": 23.3603305817, "dvar": 10.2394704819, "dmean": 2.07890987396, "max": 83.3716125488, "var": 20.6505355835, "mean": 1.92323577404}, "gfcc": {"mean": [30.0309619904, 87.1998977661, -119.187324524, 48.2245597839, -52.4640426636, 6.3016705513, -9.68047904968, 14.4131498337, -36.4178352356, 12.4184780121, -11.0463409424, 0.869818627834, -14.3660593033], "icov": [[0.00134153896943, -0.000226469710469, -0.00115210504737, -0.000849249539897, 0.000565971189644, -0.000904214626644, -0.000169699022081, 0.000536289066076, 0.00132409576327, -0.00141862442251, 0.000407207640819, -0.000516820349731, 0.000807437871117], [-0.000226469710469, 0.00502057140693, -0.000496183754876, 0.000528071133886, -0.00203500618227, 0.00243341503665, -0.00258125294931, 0.00382692250423, -0.00288247084245, 0.00399781251326, -0.00654645822942, 0.00577317457646, -0.00381033169106], [-0.00115210504737, -0.000496183754876, 0.00508137326688, -0.00160754634999, -0.000270588468993, -0.000459084520116, 0.000586351554375, -0.00225675245747, 0.00087340711616, -0.00249159848318, 0.00289124669507, -0.00410558283329, 0.00237776897848], [-0.000849249539897, 0.000528071133886, -0.00160754634999, 0.00675434200093, -0.00108356378041, -0.000282489228994, -0.00119185540825, 0.00112702744082, -0.00269399350509, 0.00543489819393, -0.00357266701758, 0.00401770975441, -0.00411324342713], [0.000565971189644, -0.00203500618227, -0.000270588468993, -0.00108356378041, 0.00746382120997, -0.00059348391369, -0.00044738734141, -0.00351391243748, 0.00291516026482, -0.00276647810824, 0.00246939784847, -0.00230033858679, 0.00204479601234], [-0.000904214626644, 0.00243341503665, -0.000459084520116, -0.000282489228994, -0.00059348391369, 0.00815088488162, -0.00339497369714, 0.00120362942107, -0.0013473049039, 0.0018847445026, -0.00455920351669, 0.00321863987483, -0.000895760254934], [-0.000169699022081, -0.00258125294931, 0.000586351554375, -0.00119185540825, -0.00044738734141, -0.00339497369714, 0.0103740170598, -0.00326835550368, 0.00108039448969, -0.00449760025367, 0.00256244558841, -0.00167398818303, 0.00249810749665], [0.000536289066076, 0.00382692250423, -0.00225675245747, 0.00112702744082, -0.00351391243748, 0.00120362942107, -0.00326835550368, 0.0140778701752, -0.00566912582144, 0.00383389485069, -0.0048153642565, 0.00425723847002, -0.00535004539415], [0.00132409576327, -0.00288247084245, 0.00087340711616, -0.00269399350509, 0.00291516026482, -0.0013473049039, 0.00108039448969, -0.00566912582144, 0.0174048393965, -0.00808554049581, 0.0042519136332, -0.00620106142014, 0.00187619600911], [-0.00141862442251, 0.00399781251326, -0.00249159848318, 0.00543489819393, -0.00276647810824, 0.0018847445026, -0.00449760025367, 0.00383389485069, -0.00808554049581, 0.0229622479528, -0.0111141707748, 0.0045263771899, -0.00274370284751], [0.000407207640819, -0.00654645822942, 0.00289124669507, -0.00357266701758, 0.00246939784847, -0.00455920351669, 0.00256244558841, -0.0048153642565, 0.0042519136332, -0.0111141707748, 0.0262360256165, -0.0107073839754, 0.0020784244407], [-0.000516820349731, 0.00577317457646, -0.00410558283329, 0.00401770975441, -0.00230033858679, 0.00321863987483, -0.00167398818303, 0.00425723847002, -0.00620106142014, 0.0045263771899, -0.0107073839754, 0.0236227028072, -0.00999897811562], [0.000807437871117, -0.00381033169106, 0.00237776897848, -0.00411324342713, 0.00204479601234, -0.000895760254934, 0.00249810749665, -0.00535004539415, 0.00187619600911, -0.00274370284751, 0.0020784244407, -0.00999897811562, 0.0233540330082]], "cov": [[2029.63146973, -176.838592529, 671.186828613, 253.544784546, -6.33290863037, 334.868347168, 169.387176514, -51.823135376, -88.8635177612, 139.42930603, 21.5528507233, 56.3751754761, -93.5584335327], [-176.838592529, 604.955078125, -161.131164551, 102.164512634, 60.3922958374, -63.8603858948, 57.6628303528, -58.149394989, 16.3289165497, -52.228427887, 86.2051315308, -89.8618927002, 58.3945808411], [671.186828613, -161.131164551, 509.652404785, 98.467666626, 38.8523864746, 121.929847717, 65.475112915, 43.4118156433, -7.33001995087, 76.4271087646, -7.58429288864, 73.7932357788, -37.9885902405], [253.544784546, 102.164512634, 98.467666626, 281.400939941, 28.3600063324, 72.7287445068, 53.2943229675, 6.32086610794, 4.94097518921, -26.4540061951, 31.6684303284, -22.2585124969, 27.6397800446], [-6.33290863037, 60.3922958374, 38.8523864746, 28.3600063324, 181.950042725, 11.4812841415, 44.0195770264, 41.5617675781, -2.0199944973, 12.9009208679, 8.79919052124, 0.442619949579, 1.51779735088], [334.868347168, -63.8603858948, 121.929847717, 72.7287445068, 11.4812841415, 223.695510864, 81.3191986084, 11.0807886124, -5.21410894394, 32.2004776001, 23.9700889587, 2.21862602234, -17.1683444977], [169.387176514, 57.6628303528, 65.475112915, 53.2943229675, 44.0195770264, 81.3191986084, 162.324081421, 26.6498165131, 8.88512134552, 35.266456604, 22.8023166656, -4.98689746857, -6.45658969879], [-51.823135376, -58.149394989, 43.4118156433, 6.32086610794, 41.5617675781, 11.0807886124, 26.6498165131, 124.850326538, 34.998550415, 12.5311832428, 6.56650829315, 18.6905136108, 17.6127357483], [-88.8635177612, 16.3289165497, -7.33001995087, 4.94097518921, -2.0199944973, -5.21410894394, 8.88512134552, 34.998550415, 91.176322937, 22.4099292755, 13.1218738556, 19.5272483826, 16.8978023529], [139.42930603, -52.228427887, 76.4271087646, -26.4540061951, 12.9009208679, 32.2004776001, 35.266456604, 12.5311832428, 22.4099292755, 92.2968521118, 22.5646934509, 25.476266861, -8.63625621796], [21.5528507233, 86.2051315308, -7.58429288864, 31.6684303284, 8.79919052124, 23.9700889587, 22.8023166656, 6.56650829315, 13.1218738556, 22.5646934509, 78.136177063, 13.4173593521, 19.2711868286], [56.3751754761, -89.8618927002, 73.7932357788, -22.2585124969, 0.442619949579, 2.21862602234, -4.98689746857, 18.6905136108, 19.5272483826, 25.476266861, 13.4173593521, 91.3166046143, 16.1446323395], [-93.5584335327, 58.3945808411, -37.9885902405, 27.6397800446, 1.51779735088, -17.1683444977, -6.45658969879, 17.6127357483, 16.8978023529, -8.63625621796, 19.2711868286, 16.1446323395, 71.0761871338]]}, "spectral_energyband_middle_low": {"dmean2": 0.00476172566414, "median": 0.00649588834494, "min": 5.8022770616e-11, "dvar2": 3.77716824005e-05, "dvar": 1.40884831126e-05, "dmean": 0.00288902176544, "max": 0.0753039717674, "var": 3.15142060572e-05, "mean": 0.007872142829}, "melbands_crest": {"dmean2": 6.64497518539, "median": 16.4152393341, "min": 3.52027606964, "dvar2": 27.2503452301, "dvar": 11.8787765503, "dmean": 4.22017192841, "max": 34.5899391174, "var": 36.9509773254, "mean": 16.8665447235}, "spectral_kurtosis": {"dmean2": 1.89352285862, "median": 3.18976378441, "min": -1.20954251289, "dvar2": 3.50941109657, "dvar": 1.16263103485, "dmean": 1.09292066097, "max": 26.0740871429, "var": 3.27593994141, "mean": 3.45288848877}, "spectral_rms": {"dmean2": 0.00145428651012, "median": 0.00531677156687, "min": 1.06386448806e-06, "dvar2": 1.96056112145e-06, "dvar": 9.57984411798e-07, "dmean": 0.000980010023341, "max": 0.0168498158455, "var": 3.70779798686e-06, "mean": 0.00559324165806}, "zerocrossingrate": {"dmean2": 0.0126564661041, "median": 0.06640625, "min": 0.0107421875, "dvar2": 0.000109936212539, "dvar": 7.27074730094e-05, "dmean": 0.0101894950494, "max": 0.2431640625, "var": 0.0005881889374, "mean": 0.0684470012784}, "silence_rate_60dB": {"dmean2": 0.0055775041692, "median": 0, "min": 0, "dvar2": 0.00632092729211, "dvar": 0.00278084515594, "dmean": 0.00278853601776, "max": 1, "var": 0.0207716394216, "mean": 0.0212222132832}, "erbbands_kurtosis": {"dmean2": 0.88493424654, "median": -0.682938754559, "min": -1.84547865391, "dvar2": 3.04188275337, "dvar": 1.27143704891, "dmean": 0.541763007641, "max": 66.0988235474, "var": 5.57651376724, "mean": -0.339020460844}, "erbbands": {"dmean2": [0.567722260952, 3.43322300911, 6.0564031601, 5.78991174698, 6.80133104324, 6.1665058136, 10.3899269104, 13.540728569, 7.67112016678, 10.4603204727, 15.9882860184, 19.5841884613, 24.5767612457, 16.7799835205, 16.0165977478, 19.7769546509, 30.3658828735, 24.3219146729, 7.13950109482, 4.38531398773, 6.51749372482, 7.3293337822, 12.8372402191, 21.3960342407, 34.3280448914, 66.0033493042, 15.9809217453, 14.9294452667, 7.77486944199, 2.87365651131, 1.36628985405, 0.741773784161, 0.324503153563, 0.28567391634, 0.15287783742, 0.116112269461, 0.122843317688, 0.0188424251974, 0.000707199971657, 2.95762310998e-05], "median": [0.155210390687, 1.59460294247, 3.80432748795, 3.53541779518, 2.6736497879, 3.54950523376, 6.58353471756, 8.43515110016, 5.84526395798, 6.60281515121, 8.94972419739, 13.1360902786, 19.6385688782, 17.9187011719, 14.3268318176, 14.4094009399, 19.1612682343, 16.9044723511, 6.41416025162, 4.17180109024, 5.91395759583, 7.53664016724, 15.3175315857, 28.9546279907, 44.7794494629, 67.1358795166, 18.0157775879, 9.73717021942, 4.64279842377, 2.21269655228, 1.10849773884, 0.642854511738, 0.29077026248, 0.225254490972, 0.111550658941, 0.0500742159784, 0.0279934257269, 0.00286471727304, 9.59979661275e-05, 4.35627734987e-05], "min": [3.61441099272e-10, 2.99394664616e-09, 9.93372051283e-09, 1.30055060055e-08, 6.70162725314e-09, 6.9833272498e-09, 1.35208031438e-08, 2.11781614468e-08, 3.70006887351e-08, 4.32205951029e-07, 3.33331342972e-07, 1.62373197554e-07, 8.18447688289e-07, 1.9622311811e-06, 6.45529735266e-06, 1.02277135738e-06, 5.00047406149e-07, 1.21139260045e-06, 1.16755052204e-06, 2.3544778287e-06, 1.8333588514e-06, 2.14507235796e-06, 4.09356016462e-06, 2.72853344541e-06, 1.83575684787e-06, 4.93071229357e-06, 1.57156341629e-06, 1.33796902446e-06, 4.54850942333e-06, 1.85713747669e-06, 9.08871925276e-07, 1.36039739118e-06, 1.05980097942e-06, 9.84549956229e-07, 6.38578114831e-07, 1.65940747365e-07, 2.31000768736e-07, 1.35251298161e-07, 1.12517923867e-08, 2.497750895e-10], "dvar2": [0.932556211948, 27.3632125854, 58.6581268311, 65.1875457764, 163.748443604, 94.3270187378, 238.238754272, 411.979034424, 153.004379272, 413.570739746, 1144.81201172, 1276.47033691, 1429.83752441, 536.943969727, 526.140380859, 1266.54248047, 3839.87011719, 1843.50317383, 139.246337891, 77.3694839478, 120.678718567, 413.245666504, 458.444915771, 558.503417969, 2580.0793457, 10364.8964844, 747.284851074, 1198.05541992, 1936.4206543, 74.3635635376, 9.34934520721, 2.02590465546, 0.536761820316, 0.282661855221, 0.0674340054393, 0.056032396853, 0.0763505920768, 0.00220030918717, 3.00253827845e-06, 1.66848068694e-09], "dvar": [0.489091098309, 10.3594560623, 25.132774353, 24.3764019012, 56.2929649353, 37.2009544373, 91.3140945435, 165.500137329, 65.8198318481, 170.394729614, 452.853668213, 534.541992188, 604.54510498, 206.025634766, 200.218139648, 493.111999512, 1701.05505371, 830.613769531, 55.3624725342, 33.1184234619, 52.698097229, 210.405578613, 207.054458618, 203.909332275, 966.023498535, 3810.10595703, 281.348632813, 485.474090576, 806.177368164, 35.4001426697, 4.11069822311, 0.893587291241, 0.265416026115, 0.140946775675, 0.0345017164946, 0.0284754205495, 0.0373661965132, 0.000996776856482, 1.34127083129e-06, 8.4894219432e-10], "dmean": [0.381430417299, 2.0345044136, 3.74875211716, 3.45234274864, 3.82197356224, 3.74811959267, 6.23279714584, 8.24771404266, 4.7639670372, 6.41831493378, 9.77020835876, 12.3122901917, 15.4367771149, 10.3117904663, 9.72652816772, 11.9805383682, 18.9145965576, 15.4398021698, 4.3130235672, 2.63292860985, 3.93173885345, 4.49683094025, 7.76772499084, 12.7122430801, 20.6992511749, 39.4436759949, 9.6314458847, 8.99524497986, 4.94572639465, 1.89577198029, 0.91387450695, 0.500253200531, 0.22878998518, 0.201501607895, 0.110050454736, 0.0837618559599, 0.0867412239313, 0.0131587069482, 0.000485447526444, 2.11364167626e-05], "max": [11.5371322632, 51.6640434265, 106.23008728, 84.604019165, 115.999595642, 145.080078125, 309.164978027, 403.053955078, 602.268127441, 448.155212402, 717.328063965, 795.80291748, 659.539306641, 558.872131348, 351.56842041, 1141.83618164, 1660.0333252, 790.620605469, 268.487121582, 481.830108643, 412.364105225, 1705.65441895, 1144.2130127, 340.710327148, 1607.3170166, 2768.7746582, 625.900390625, 866.82623291, 1629.57580566, 283.438110352, 62.3616790771, 26.8385410309, 20.2299308777, 11.9214582443, 6.25469589233, 6.23373508453, 4.8599023819, 0.980811059475, 0.034343469888, 0.000636759272311], "var": [0.771498382092, 13.0713710785, 101.560798645, 46.2015953064, 52.9910926819, 71.7233428955, 171.501205444, 629.045166016, 189.447952271, 327.005340576, 691.450012207, 1262.31774902, 1823.7755127, 479.470947266, 481.946716309, 1041.2557373, 4213.40771484, 2285.34448242, 133.132446289, 73.4738922119, 125.500617981, 1646.77319336, 787.821777344, 649.709533691, 2675.47167969, 9562.96679688, 547.909240723, 776.125854492, 994.908813477, 64.7523956299, 9.64200496674, 2.29582190514, 0.676729202271, 0.405958265066, 0.0892087295651, 0.0614381171763, 0.0605213567615, 0.00130433554295, 1.63306719969e-06, 1.94780369611e-09], "mean": [0.483893454075, 2.73533296585, 7.30471277237, 5.90996980667, 4.99460315704, 6.15725469589, 10.327044487, 16.30534935, 9.3783788681, 11.2135219574, 16.0625190735, 23.2695522308, 32.7956848145, 23.2537097931, 20.7934494019, 23.436882019, 37.3537750244, 31.0332317352, 9.44552898407, 5.85833644867, 8.60053157806, 11.4731903076, 20.4948234558, 35.2628135681, 57.3815841675, 94.2257843018, 23.8794994354, 16.532333374, 9.07137870789, 3.96358275414, 1.98104739189, 1.09674394131, 0.52231490612, 0.427669882774, 0.218719467521, 0.137202486396, 0.120356269181, 0.0164939537644, 0.000585564470384, 5.61432534596e-05]}, "spectral_strongpeak": {"dmean2": 0.650696635246, "median": 0.360425323248, "min": 9.46957006818e-05, "dvar2": 2.34425115585, "dvar": 0.872079014778, "dmean": 0.374432146549, "max": 21.5144519806, "var": 1.27127408981, "mean": 0.612281739712}, "spectral_energy": {"dmean2": 0.0191198270768, "median": 0.0289747584611, "min": 1.16010268059e-09, "dvar2": 0.000596097670496, "dvar": 0.000284439447569, "dmean": 0.0128154419363, "max": 0.291014224291, "var": 0.000673865259159, "mean": 0.0358668081462}, "average_loudness": 0.811425089836, "spectral_rolloff": {"dmean2": 1326.48510742, "median": 1464.2578125, "min": 64.599609375, "dvar2": 1948315.625, "dvar": 821826.375, "dmean": 763.111083984, "max": 13479.7851563, "var": 1807210.125, "mean": 1922.8684082}, "spectral_centroid": {"dmean2": 445.058685303, "median": 2387.95214844, "min": 631.439819336, "dvar2": 140252.953125, "dvar": 55750.3554688, "dmean": 273.635314941, "max": 11059.0605469, "var": 305222.4375, "mean": 2344.88745117}, "pitch_salience": {"dmean2": 0.145438313484, "median": 0.520895242691, "min": 0.0986226648092, "dvar2": 0.0149650350213, "dvar": 0.00589855853468, "dmean": 0.0881167277694, "max": 0.829327523708, "var": 0.015831798315, "mean": 0.510486125946}, "spectral_energyband_middle_high": {"dmean2": 0.00213791965507, "median": 0.00518510723487, "min": 5.02586805506e-10, "dvar2": 6.75221826896e-06, "dvar": 2.78627385342e-06, "dmean": 0.00135261064861, "max": 0.0655846446753, "var": 1.34020365294e-05, "mean": 0.00597394630313}, "spectral_contrast_coeffs": {"dmean2": [0.0887259691954, 0.0764245539904, 0.0587180703878, 0.0472350306809, 0.037970431149, 0.0359304510057], "median": [-0.678947091103, -0.765817642212, -0.781331598759, -0.791295945644, -0.749642312527, -0.691602528095], "min": [-0.968363940716, -0.963866055012, -0.963461399078, -0.955826461315, -0.963057637215, -0.958836078644], "dvar2": [0.00471853930503, 0.00343651510775, 0.0020752788987, 0.00133564777207, 0.000862275541294, 0.00107919750735], "dvar": [0.00169223942794, 0.00122131896205, 0.00073271652218, 0.000494224601425, 0.000308900693199, 0.000406948674936], "dmean": [0.053379021585, 0.045363035053, 0.0353770256042, 0.0283363778144, 0.0226606652141, 0.022137708962], "max": [-0.333109796047, -0.474015951157, -0.552668869495, -0.565835475922, -0.572055339813, -0.498282939196], "var": [0.00528210960329, 0.00339741096832, 0.00208798376843, 0.00195001554675, 0.00122349639423, 0.0016403591726], "mean": [-0.672547638416, -0.759663820267, -0.777367472649, -0.785962164402, -0.746644020081, -0.69039785862]}, "melbands_skewness": {"dmean2": 1.31000101566, "median": 2.84767746925, "min": -4.91475105286, "dvar2": 1.58884954453, "dvar": 0.686171710491, "dmean": 0.83885461092, "max": 14.3074197769, "var": 2.49280691147, "mean": 3.10171437263}, "spectral_spread": {"dmean2": 452190.5625, "median": 3784707.25, "min": 1630597, "dvar2": 276419280896, "dvar": 198982434816, "dmean": 317999.875, "max": 41175572, "var": 645970722816, "mean": 3846041.25}, "dissonance": {"dmean2": 0.0158811751753, "median": 0.486529827118, "min": 0.299052029848, "dvar2": 0.000218519780901, "dvar": 7.83910872997e-05, "dmean": 0.00928081385791, "max": 0.500000059605, "var": 0.000139379975735, "mean": 0.483769625425}, "spectral_skewness": {"dmean2": 0.301148414612, "median": 0.913387238979, "min": -0.189548403025, "dvar2": 0.0682448968291, "dvar": 0.0255911033601, "dmean": 0.184075564146, "max": 3.33790922165, "var": 0.103477112949, "mean": 0.931314468384}, "spectral_flux": {"dmean2": 0.0434905290604, "median": 0.0900247171521, "min": 3.40602819051e-05, "dvar2": 0.00197761598974, "dvar": 0.000767831574194, "dmean": 0.0267122089863, "max": 0.456735730171, "var": 0.00164410483558, "mean": 0.0969116315246}, "spectral_contrast_valleys": {"dmean2": [0.643551766872, 0.53588193655, 0.428663700819, 0.356324374676, 0.252925306559, 0.314632445574], "median": [-6.70618629456, -6.45939683914, -6.77602577209, -7.50395870209, -6.7670249939, -10.2581043243], "min": [-26.9560832977, -27.1082553864, -27.2488765717, -27.3533039093, -27.1527690887, -27.3020153046], "dvar2": [0.269086062908, 0.192351594567, 0.127508342266, 0.0967124328017, 0.0641909390688, 0.111181929708], "dvar": [0.113653257489, 0.084780074656, 0.0606574751437, 0.0491418503225, 0