{"tonal": {"thpcp": [1, 0.609699547291, 0.339929968119, 0.290959686041, 0.324850171804, 0.422825455666, 0.440191417933, 0.367811441422, 0.381512314081, 0.387456178665, 0.296852082014, 0.27193775773, 0.286831080914, 0.252000570297, 0.401328265667, 0.745583176613, 0.737158060074, 0.421765953302, 0.264582723379, 0.277791261673, 0.438610553741, 0.552793085575, 0.681527018547, 0.793435811996, 0.549007833004, 0.336244165897, 0.401343345642, 0.429092407227, 0.458451300859, 0.81145042181, 0.992974102497, 0.653494894505, 0.427278280258, 0.437636733055, 0.535928964615, 0.896378874779], "hpcp": {"dmean2": [0.315528780222, 0.285616904497, 0.260258376598, 0.204773113132, 0.166672959924, 0.165220782161, 0.176519393921, 0.183476194739, 0.176158130169, 0.167284667492, 0.161239862442, 0.154462233186, 0.142826169729, 0.140244409442, 0.131861954927, 0.181882947683, 0.252908915281, 0.275899261236, 0.209510311484, 0.149223193526, 0.160721763968, 0.194627329707, 0.188972935081, 0.259367197752, 0.35842654109, 0.237342357635, 0.158015668392, 0.176361948252, 0.18735730648, 0.24163196981, 0.31573086977, 0.314556866884, 0.297644734383, 0.264007240534, 0.26374605298, 0.294879943132], "median": [0.0906113311648, 0.0972416698933, 0.0670958086848, 0.0241837240756, 0.016804959625, 0.0170163735747, 0.0341906063259, 0.0445428825915, 0.0315128453076, 0.0268717072904, 0.0327029563487, 0.024030264467, 0.019075922668, 0.0164637435228, 0.0152052966878, 0.0423075035214, 0.101780474186, 0.099420838058, 0.0418195314705, 0.0123099563643, 0.0160935018212, 0.0374628268182, 0.0516766905785, 0.0889568328857, 0.0975620672107, 0.0610287487507, 0.0119897173718, 0.022270353511, 0.0277511123568, 0.0302692446858, 0.0722847878933, 0.106687434018, 0.0772156640887, 0.0261041317135, 0.019020119682, 0.0399309024215], "min": [0, 0, 0, 0, 0, 0, 0, 0, 0, 0, 0, 0, 0, 0, 0, 0, 0, 0, 0, 0, 0, 0, 0, 0, 0, 0, 0, 0, 0, 0, 0, 0, 0, 0, 0, 0], "dvar2": [0.152880609035, 0.137413650751, 0.124065242708, 0.104447297752, 0.075872272253, 0.0812115445733, 0.0783515274525, 0.0796208679676, 0.0817804634571, 0.0757403448224, 0.0709415748715, 0.0714100003242, 0.0663361921906, 0.0641924664378, 0.0539812110364, 0.0730788037181, 0.0996384620667, 0.115518778563, 0.0790187269449, 0.0651478171349, 0.0689322650433, 0.0823293402791, 0.0709149092436, 0.0857477039099, 0.166960284114, 0.082576289773, 0.0704777985811, 0.0884302258492, 0.0965418666601, 0.121438778937, 0.159636542201, 0.15142300725, 0.145574450493, 0.137996047735, 0.149512469769, 0.151851952076], "dvar": [0.0571077056229, 0.0563220791519, 0.0451408550143, 0.0377961024642, 0.02751358971, 0.0299022253603, 0.0284040831029, 0.0299161020666, 0.0294980704784, 0.0287324115634, 0.0273393783718, 0.0261898506433, 0.0245413128287, 0.0245321411639, 0.0204212777317, 0.0274635963142, 0.0399690270424, 0.0449481904507, 0.0304202530533, 0.024592095986, 0.025673950091, 0.0311948526651, 0.0293638650328, 0.035388879478, 0.0667733475566, 0.0325674191117, 0.0261464584619, 0.0328225828707, 0.0382215939462, 0.0454438515007, 0.059828184545, 0.0629744678736, 0.053199056536, 0.0505417212844, 0.0545512624085, 0.0554892346263], "dmean": [0.180470883846, 0.165346086025, 0.146983444691, 0.112137272954, 0.0928266048431, 0.0934312790632, 0.100491501391, 0.104052506387, 0.0998285785317, 0.0957639291883, 0.0933096781373, 0.0875963792205, 0.0805783867836, 0.0797168016434, 0.074773080647, 0.103976584971, 0.151793897152, 0.160918042064, 0.119035542011, 0.0839559882879, 0.0898659676313, 0.111724048853, 0.112562917173, 0.151746198535, 0.205725237727, 0.136292994022, 0.0893332958221, 0.100720666349, 0.108018122613, 0.135770991445, 0.181716144085, 0.18134264648, 0.16939547658, 0.146118253469, 0.145008310676, 0.164264544845], "max": [1, 1, 1, 1, 1, 1, 1, 1, 1, 1, 1, 1, 1, 1, 1, 1, 1, 1, 1, 1, 1, 1, 1, 1, 1, 1, 1, 1, 1, 1, 1, 1, 1, 1, 1, 1], "var": [0.105228096247, 0.131027057767, 0.0589030720294, 0.0363773740828, 0.0271191019565, 0.0351144000888, 0.0437903776765, 0.0450799167156, 0.0363599918783, 0.0424787066877, 0.0408718325198, 0.0268538892269, 0.024119110778, 0.0293903537095, 0.0238009411842, 0.0346488170326, 0.0770327299833, 0.0752080157399, 0.0366061292589, 0.0252581108361, 0.0244963336736, 0.0433775708079, 0.061815276742, 0.0620844587684, 0.0939395055175, 0.0500731766224, 0.0377551428974, 0.0446714684367, 0.0521293729544, 0.0528696104884, 0.0994750037789, 0.129856050014, 0.0652700439095, 0.0479685142636, 0.0557792373002, 0.0627243742347], "mean": [0.267153024673, 0.298035830259, 0.181712314487, 0.101311311126, 0.0867164134979, 0.0968169867992, 0.126017138362, 0.131192818284, 0.109620988369, 0.11370433867, 0.115475825965, 0.0884725600481, 0.0810471996665, 0.0854859352112, 0.0751051977277, 0.119610205293, 0.222210496664, 0.219699516892, 0.125701367855, 0.0788551345468, 0.0827917456627, 0.130721658468, 0.164752140641, 0.203119471669, 0.236472308636, 0.16362400353, 0.100212804973, 0.119614697993, 0.127884909511, 0.136634916067, 0.241841301322, 0.295941859484, 0.194764897227, 0.127344235778, 0.130431428552, 0.159726038575]}, "tuning_equal_tempered_deviation": 0.304126143456, "chords_changes_rate": 0.0788932070136, "key_key": "G", "tuning_diatonic_strength": 0.594587266445, "key_scale": "major", "chords_number_rate": 0.00388749153353, "tuning_frequency": 434.193115234, "tuning_nontempered_energy_ratio": 0.939656853676, "chords_histogram": [16.1902580261, 1.92087817192, 8.11799716949, 1.14337980747, 4.77932786942, 0.388749152422, 0.937571465969, 0.731763064861, 1.00617420673, 1.46352612972, 1.00617420673, 1.89801049232, 0.594557523727, 0, 0, 2.88131713867, 0, 3.24719882011, 1.44065856934, 22.0900974274, 2.99565505981, 7.13469028473, 11.8454151154, 8.18659973145], "key_strength": 0.564261436462, "chords_key": "D", "chords_strength": {"dmean2": 0.0113006746396, "median": 0.507691979408, "min": 0.221150994301, "dvar2": 0.000100745877717, "dvar": 9.38173616305e-05, "dmean": 0.012109009549, "max": 0.77178299427, "var": 0.00988363381475, "mean": 0.507579982281}, "chords_scale": "minor", "hpcp_entropy": {"dmean2": 1.01493012905, "median": 2.15540337563, "min": 0, "dvar2": 0.642878174782, "dvar": 0.235103622079, "dmean": 0.61131054163, "max": 4.38944864273, "var": 0.517945051193, "mean": 2.14315772057}}, "metadata": {"audio_properties": {"equal_loudness": 0, "codec": "mp3", "downmix": "mix", "sample_rate": 48000, "analysis_sample_rate": 44100, "bit_rate": 192000, "md5_encoded": "d3bfda4ccf1c9c1f7bed4c408ce0507c", "length": 202.991989136, "replay_gain": 2.57184791565, "lossless": false}, "version": {"essentia_build_sha": "cead25079874084f62182a551b7393616cd33d87", "essentia": "2.1-beta2", "extractor": "music 1.0", "essentia_git_sha": "v2.1_beta2-1-ge3940c0"}, "tags": {"title": ["Bone Machine"], "barcode": ["0801213017294"], "media": ["DVD"], "albumartist": ["Pixies"], "musicbrainz_recordingid": ["07cb90eb-7bc7-4d98-bae4-45bfa953d5e0"], "albumsort": ["Acoustic: Live in Newport"], "musicbrainz_albumartistid": ["b6b2bb8d-54a9-491f-9607-7b546023b433"], "discnumber": ["1/1"], "album": ["Acoustic: Live in Newport"], "catalognumber": ["EREDV 590"], "musicbrainz album release country": ["US"], "musicbrainz album type": ["live"], "musicbrainz album status": ["official"], "originaldate": ["2006-08-22"], "date": ["2006-08-22"], "file_name": "01-Bone_Machine.mp3", "titlesort": ["Bone Machine"], "script": ["Latn"], "asin": ["B000GW8RWU"], "musicbrainz_albumid": ["92a1451e-18a9-408d-ae6f-456b8a345b8b"], "artist": ["Pixies"], "artistsort": ["Pixies"], "tracknumber": ["1/22"], "label": ["Eagle Vision"], "albumartistsort": ["Pixies"], "musicbrainz_artistid": ["b6b2bb8d-54a9-491f-9607-7b546023b433"]}}, "rhythm": {"bpm_histogram_first_peak_bpm": {"dmean2": 0, "median": 115, "min": 115, "dvar2": 0, "dvar": 0, "dmean": 0, "max": 115, "var": 0, "mean": 115}, "bpm": 115.204498291, "bpm_histogram_second_peak_spread": {"dmean2": 0, "median": 0.27999997139, "min": 0.27999997139, "dvar2": 0, "dvar": 0, "dmean": 0, "max": 0.27999997139, "var": 0, "mean": 0.27999997139}, "bpm_histogram_first_peak_weight": {"dmean2": 0, "median": 0.332446813583, "min": 0.332446813583, "dvar2": 0, "dvar": 0, "dmean": 0, "max": 0.332446813583, "var": 0, "mean": 0.332446813583}, "onset_rate": 3.48255157471, "beats_position": [0.545668900013, 1.10294783115, 1.66022670269, 2.21750569344, 2.77478456497, 3.32045340538, 3.86612248421, 4.41179132462, 4.94585037231, 5.46829938889, 5.99074840546, 6.52480697632, 7.05886602402, 7.59292507172, 8.12698364258, 8.66104316711, 9.19510173798, 9.71755123138, 10.2516098022, 10.7972784042, 11.3313379288, 11.8653964996, 12.3994560242, 12.9451246262, 13.479183197, 14.0248527527, 14.5589113235, 15.0929698944, 15.6270294189, 16.1610889435, 16.6951465607, 17.2292060852, 17.7632656097, 18.2973232269, 18.8313827515, 19.365442276, 19.8994998932, 20.4335594177, 20.9676189423, 21.5132884979, 22.035736084, 22.5581855774, 23.0806350708, 23.614692688, 24.1371421814, 24.6712017059, 25.1936511993, 25.7277088165, 26.2617683411, 26.7958278656, 27.3298854828, 27.8639450073, 28.3980045319, 28.932062149, 29.4545116425, 29.9769611359, 30.5110206604, 31.0450782776, 31.567527771, 32.0899772644, 32.6124267578, 33.1348762512, 33.6689338684, 34.2029914856, 34.7370529175, 35.2711105347, 35.7819480896, 36.3160095215, 36.8268470764, 37.3492965698, 37.8717460632, 38.3941955566, 38.91664505, 39.4390907288, 39.9615402222, 40.4839897156, 40.9948310852, 41.5172767639, 42.0281181335, 42.550567627, 43.0614051819, 43.5722427368, 44.071472168, 44.5823135376, 45.0931510925, 45.6039886475, 46.1264381409, 46.6488876343, 47.1597251892, 47.6821746826, 48.204624176, 48.7154655457, 49.2379112244, 49.7603607178, 50.2712020874, 50.7820396423, 51.3044891357, 51.8269386292, 52.3377761841, 52.8602256775, 53.3826751709, 53.8935127258, 54.4043540955, 54.9384117126, 55.4492492676, 55.9600906372, 56.4825401306, 57.0049858093, 57.5274353027, 58.0498847961, 58.5723342896, 59.094783783, 59.6288414001, 60.1512908936, 60.673740387, 61.1961898804, 61.7186393738, 62.2410888672, 62.7635345459, 63.2743759155, 63.7968254089, 64.3192749023, 64.8301086426, 65.3525619507, 65.8750076294, 66.385848999, 66.9082946777, 67.4307479858, 67.9415893555, 68.4640350342, 68.9864807129, 69.4973220825, 70.0081634521, 70.5306091309, 71.064666748, 71.6451721191, 72.2140579224, 72.7829437256, 73.3402252197, 73.8975067139, 74.4199523926, 74.9540100098, 75.488067627, 76.0105209351, 76.5329666138, 77.0438079834, 77.554649353, 78.0654830933, 78.5763244629, 79.0871658325, 79.5979995728, 80.1088409424, 80.6428985596, 81.1537399292, 81.6645812988, 82.1870269775, 82.7094802856, 83.2203140259, 83.742767334, 84.2652130127, 84.7760543823, 85.298500061, 85.8209533691, 86.3317871094, 86.842628479, 87.3534698486, 87.8875274658, 88.4099731445, 88.9440383911, 89.4780960083, 90.000541687, 90.5113830566, 91.0454406738, 91.5562820435, 92.0787277222, 92.6011810303, 93.123626709, 93.6460723877, 94.1569137573, 94.6793670654, 95.2018127441, 95.7242584229, 96.246711731, 96.7691574097, 97.2799987793, 97.802444458, 98.3132858276, 98.8357315063, 99.3581848145, 99.8806304932, 100.403083801, 100.92552948, 101.447982788, 101.970428467, 102.492874146, 103.003715515, 103.514556885, 104.048614502, 104.571060181, 105.093513489, 105.615959167, 106.138412476, 106.672470093, 107.194915771, 107.71736908, 108.22820282, 108.739044189, 109.249885559, 109.772331238, 110.294784546, 110.805618286, 111.328071594, 111.850517273, 112.361358643, 112.883804321, 113.406257629, 113.917098999, 114.427932739, 114.950386047, 115.472831726, 115.995285034, 116.517730713, 117.040176392, 117.574241638, 118.096687317, 118.619132996, 119.141586304, 119.652427673, 120.186485291, 120.697319031, 121.219772339, 121.742218018, 122.264671326, 122.787117004, 123.297958374, 123.808792114, 124.331245422, 124.853691101, 125.376144409, 125.898590088, 126.409431458, 126.920272827, 127.431106567, 127.953559875, 128.476013184, 128.986846924, 129.509292603, 130.04335022, 130.589019775, 131.192733765, 131.784851074, 132.307296753, 132.829742432, 133.352203369, 133.874649048, 134.397094727, 134.931152344, 135.441986084, 135.952835083, 136.463668823, 136.974502563, 137.485351562, 137.996185303, 138.507034302, 139.02947998, 139.551925659, 140.062759399, 140.573608398, 141.084442139, 141.595275879, 142.106124878, 142.616958618, 143.139404297, 143.685073853, 144.265579224, 144.846069336, 145.438186646, 145.983856201, 146.517913818, 147.063583374, 147.60925293, 148.143310547, 148.654144287, 149.164993286, 149.675827026, 150.186660767, 150.697509766, 151.208343506, 151.719177246, 152.230026245, 152.740859985, 153.251693726, 153.762542725, 154.273376465, 154.784210205, 155.295059204, 155.805892944, 156.316726685, 156.827575684, 157.338409424, 157.849243164, 158.360092163, 158.870925903, 159.381759644, 159.892608643, 160.403442383, 160.902679443, 161.401901245, 161.901138306, 162.400360107, 162.899581909, 163.39881897, 163.898040771, 164.397277832, 164.908111572, 165.418960571, 165.929794312, 166.440628052, 166.951477051, 167.462310791, 167.961532593, 168.472381592, 168.971603394, 169.482452393, 169.993286133, 170.504119873, 171.003356934, 171.502578735, 172.013427734, 172.524261475, 173.035095215, 173.545944214, 174.056777954, 174.567611694, 175.078460693, 175.589294434, 176.100128174, 176.610977173, 177.121810913, 177.632644653, 178.143493652, 178.654327393, 179.165161133, 179.676010132, 180.198455811, 180.720901489, 181.243347168, 181.858688354, 182.462402344, 183.158996582, 183.85559082, 184.575408936, 185.29524231, 186.003448486, 186.711654663, 187.41986084, 188.128067017, 188.836273193, 189.556091309, 190.21786499, 190.868026733, 191.529785156, 192.238006592, 192.946212769, 193.654418945, 194.362625122, 195.105667114, 195.848709106, 196.568527222, 197.288345337, 197.996551514, 198.693145752, 199.38973999, 200.097961426, 200.794555664, 201.502761841, 202.210968018], "beats_loudness": {"dmean2": 0.0378501191735, "median": 0.058573346585, "min": 1.67180303379e-06, "dvar2": 0.00111340358853, "dvar": 0.000399614771595, "dmean": 0.0220686346292, "max": 0.242992728949, "var": 0.00131327216513, "mean": 0.0605800487101}, "danceability": 1.15039038658, "bpm_histogram_second_peak_weight": {"dmean2": 0, "median": 0.0478723421693, "min": 0.0478723421693, "dvar2": 0, "dvar": 0, "dmean": 0, "max": 0.0478723421693, "var": 0, "mean": 0.0478723421693}, "beats_count": 377, "bpm_histogram_second_peak_bpm": {"dmean2": 0, "median": 85, "min": 85, "dvar2": 0, "dvar": 0, "dmean": 0, "max": 85, "var": 0, "mean": 85}, "bpm_histogram_first_peak_spread": {"dmean2": 0, "median": 0.59283387661, "min": 0.59283387661, "dvar2": 0, "dvar": 0, "dmean": 0, "max": 0.59283387661, "var": 0, "mean": 0.59283387661}, "beats_loudness_band_ratio": {"dmean2": [0.52287787199, 0.273758411407, 0.250901699066, 0.153080657125, 0.051590256393, 0.104656554759], "median": [0.528966069221, 0.165419116616, 0.118964716792, 0.0610166415572, 0.0207515545189, 0.0208240691572], "min": [0.000949658744503, 0.00082259636838, 0.00196239701472, 0.000310100178467, 0.000128375919303, 0.000289117364446], "dvar2": [0.167539745569, 0.0615596063435, 0.0457321405411, 0.0294319819659, 0.011035932228, 0.0333005078137], "dvar": [0.0494932681322, 0.0187589563429, 0.0156390685588, 0.010792917572, 0.00419113179669, 0.0110905459151], "dmean": [0.27500936389, 0.147509172559, 0.136185184121, 0.0838144719601, 0.0285812988877, 0.0548032708466], "max": [0.984152495861, 0.772083878517, 0.776907265186, 0.844433963299, 0.703204452991, 0.889267206192], "var": [0.0712641775608, 0.021274805069, 0.0179032385349, 0.0164377875626, 0.00507596554235, 0.00653059966862], "mean": [0.507500052452, 0.196335464716, 0.155973017216, 0.100459270179, 0.0379960499704, 0.0431612357497]}}, "lowlevel": {"barkbands_spread": {"dmean2": 6.92306232452, "median": 10.6371459961, "min": 0.314389944077, "dvar2": 123.531684875, "dvar": 58.1599845886, "dmean": 4.67587137222, "max": 100.448562622, "var": 139.235794067, "mean": 13.4812765121}, "melbands_spread": {"dmean2": 5.62979221344, "median": 9.61327362061, "min": 0.308032125235, "dvar2": 59.6506843567, "dvar": 30.3693962097, "dmean": 3.62914180756, "max": 257.792663574, "var": 208.635375977, "mean": 13.0900630951}, "hfc": {"dmean2": 10.3137788773, "median": 11.8207702637, "min": 3.54459984919e-07, "dvar2": 500.99520874, "dvar": 251.424057007, "dmean": 7.51250457764, "max": 356.117828369, "var": 577.505859375, "mean": 18.8884315491}, "barkbands_kurtosis": {"dmean2": 8.18683242798, "median": 5.89509153366, "min": -1.9148182869, "dvar2": 342.185455322, "dvar": 133.280014038, "dmean": 5.11883592606, "max": 308.948516846, "var": 262.335418701, "mean": 9.9962682724}, "gfcc": {"mean": [-30.9861221313, 112.014816284, -90.9050674438, 21.4415302277, -53.5395011902, 15.8323888779, -28.3782653809, 2.05359458923, -18.996931076, -0.871452391148, -14.6622142792, 0.679218947887, -10.9019575119], "icov": [[9.51312977122e-05, 1.33336634462e-05, -7.68719255575e-05, 4.10127267969e-06, 0.00010459866462, 1.31124588734e-05, 7.75754888309e-05, 0.000261382636381, 8.8211367256e-05, -3.23184394802e-06, 0.000298882834613, -0.000185168333701, 0.000238116073888], [1.33336634462e-05, 0.0016781790182, -0.000200048758416, -0.000167435166077, -0.000216864413233, 0.000901997904293, -0.00113789155148, 0.00258574378677, -0.00169762445148, 0.00182821031194, -0.00204804888926, 0.0018300905358, -0.00124822696671], [-7.68719255575e-05, -0.000200048758416, 0.000957473181188, -0.000551033997908, -0.000194566207938, 0.000463368924102, -0.000130554253701, -0.000196270804736, 0.000420891388785, -0.00128926499747, 0.000327714253217, -0.000541924266145, 0.00039653640124], [4.10127267969e-06, -0.000167435166077, -0.000551033997908, 0.00298570282757, -0.000143389901496, -0.000115567745524, 0.00094853079645, -0.000398221425712, -0.000765951524954, 0.00113423331641, -0.000272593984846, 0.00069001223892, 5.98396691203e-05], [0.00010459866462, -0.000216864413233, -0.000194566207938, -0.000143389901496, 0.00607424695045, -5.84490408073e-05, -0.00177280209027, -0.000485369499074, 0.000263781490503, -0.000903394655325, 0.00158995599486, -0.000751006184146, 0.00142812891863], [1.31124588734e-05, 0.000901997904293, 0.000463368924102, -0.000115567745524, -5.84490408073e-05, 0.00655181193724, -0.00295928562991, 0.000661698461045, -0.000280143809505, 0.000384980201488, -0.000162698546774, 0.000645531574264, -8.28189222375e-05], [7.75754888309e-05, -0.00113789155148, -0.000130554253701, 0.00094853079645, -0.00177280209027, -0.00295928562991, 0.0105198696256, -0.00358409853652, -0.000268670439254, 0.000466613098979, 0.000292130454909, -0.000586528796703, 0.000831443816423], [0.000261382636381, 0.00258574378677, -0.000196270804736, -0.000398221425712, -0.000485369499074, 0.000661698461045, -0.00358409853652, 0.0173155963421, -0.00570072187111, 0.00121539691463, 0.00152409309521, -0.000895476958249, -0.000242348061875], [8.8211367256e-05, -0.00169762445148, 0.000420891388785, -0.000765951524954, 0.000263781490503, -0.000280143809505, -0.000268670439254, -0.00570072187111, 0.0181546155363, -0.00330015248619, -0.000971116125584, 0.00301119219512, -0.00194593670312], [-3.23184394802e-06, 0.00182821031194, -0.00128926499747, 0.00113423331641, -0.000903394655325, 0.000384980201488, 0.000466613098979, 0.00121539691463, -0.00330015248619, 0.0175392739475, -0.00408048043028, -0.000961425306741, 0.00128723029047], [0.000298882834613, -0.00204804888926, 0.000327714253217, -0.000272593984846, 0.00158995599486, -0.000162698546774, 0.000292130454909, 0.00152409309521, -0.000971116125584, -0.00408048043028, 0.019044585526, -0.00474342191592, -0.00107095646672], [-0.000185168333701, 0.0018300905358, -0.000541924266145, 0.00069001223892, -0.000751006184146, 0.000645531574264, -0.000586528796703, -0.000895476958249, 0.00301119219512, -0.000961425306741, -0.00474342191592, 0.0214029978961, -0.00503250956535], [0.000238116073888, -0.00124822696671, 0.00039653640124, 5.98396691203e-05, 0.00142812891863, -8.28189222375e-05, 0.000831443816423, -0.000242348061875, -0.00194593670312, 0.00128723029047, -0.00107095646672, -0.00503250956535, 0.0173882041126]], "cov": [[15487.7509766, -968.986938477, 1739.90698242, 114.031288147, -150.468475342, -198.332168579, -336.309417725, -219.922683716, -325.606994629, 143.660964966, -308.955932617, 147.92149353, -320.583312988], [-968.986938477, 1792.22814941, 12.5585250854, 180.939559937, -39.2630767822, -168.456115723, 49.348361969, -199.377120972, 136.731811523, -132.114990234, 183.418273926, -122.196083069, 139.313858032], [1739.90698242, 12.5585250854, 1617.22229004, 246.119613647, 54.068157196, -149.371078491, -52.7345542908, -25.6524772644, -42.5746650696, 104.016960144, -26.823261261, 40.0352134705, -66.1705780029], [114.031288147, 180.939559937, 246.119613647, 416.934112549, -0.0431334190071, -44.2394981384, -33.722618103, -14.6864109039, 23.8199672699, -18.9497737885, 12.5150918961, -22.4039745331, 3.93560600281], [-150.468475342, -39.2630767822, 54.068157196, -0.0431334190071, 195.246337891, 20.2416667938, 46.0200157166, 23.6194820404, -0.272065490484, 11.9635019302, -19.3277702332, 3.27971696854, -20.9590549469], [-198.332168579, -168.456115723, -149.371078491, -44.2394981384, 20.2416667938, 209.220611572, 59.6137161255, 31.2170524597, -2.06740856171, -1.3984092474, -16.839225769, 1.93321800232, -9.50503540039], [-336.309417725, 49.348361969, -52.7345542908, -33.722618103, 46.0200157166, 59.6137161255, 140.608108521, 30.4323539734, 17.3367881775, -8.5274181366, 0.991462945938, -4.82282304764, 0.908306896687], [-219.922683716, -199.377120972, -25.6524772644, -14.6864109039, 23.6194820404, 31.2170524597, 30.4323539734, 101.88684845, 12.8070487976, 10.9083747864, -22.8640594482, 11.2164230347, -10.0278530121], [-325.606994629, 136.731811523, -42.5746650696, 23.8199672699, -0.272065490484, -2.06740856171, 17.3367881775, 12.8070487976, 81.3243560791, -2.81893491745, 19.8356876373, -17.7811222076, 19.9105262756], [143.660964966, -132.114990234, 104.016960144, -18.9497737885, 11.9635019302, -1.3984092474, -8.5274181366, 10.9083747864, -2.81893491745, 81.4305953979, 0.36762291193, 16.9350223541, -15.607339859], [-308.955932617, 183.418273926, -26.823261261, 12.5150918961, -19.3277702332, -16.839225769, 0.991462945938, -22.8640594482, 19.8356876373, 0.36762291193, 84.0224914551, 1.64563119411, 26.9514255524], [147.92149353, -122.196083069, 40.0352134705, -22.4039745331, 3.27971696854, 1.93321800232, -4.82282304764, 11.2164230347, -17.7811222076, 16.9350223541, 1.64563119411, 65.2002029419, 4.22134113312], [-320.583312988, 139.313858032, -66.1705780029, 3.93560600281, -20.9590549469, -9.50503540039, 0.908306896687, -10.0278530121, 19.9105262756, -15.607339859, 26.9514255524, 4.22134113312, 81.1548461914]]}, "spectral_energyband_middle_low": {"dmean2": 0.00935719255358, "median": 0.0153025519103, "min": 6.02650498949e-11, "dvar2": 0.000170686136698, "dvar": 7.02155157342e-05, "dmean": 0.00600509345531, "max": 0.202434152365, "var": 0.00023162458092, "mean": 0.0176830980927}, "melbands_crest": {"dmean2": 5.32779455185, "median": 13.7160549164, "min": 3.20100951195, "dvar2": 21.9168319702, "dvar": 8.87846374512, "dmean": 3.34155392647, "max": 36.4378814697, "var": 31.3551330566, "mean": 14.5908508301}, "spectral_kurtosis": {"dmean2": 3.91568231583, "median": 5.66850042343, "min": -1.24033105373, "dvar2": 35.0141716003, "dvar": 14.3242197037, "dmean": 2.44721889496, "max": 94.5587463379, "var": 51.7890892029, "mean": 7.42340707779}, "spectral_rms": {"dmean2": 0.00147953268606, "median": 0.00573042035103, "min": 4.89789101721e-07, "dvar2": 4.06733670388e-06, "dvar": 1.72461727743e-06, "dmean": 0.00097620516317, "max": 0.0224057920277, "var": 7.90106878412e-06, "mean": 0.00551546737552}, "zerocrossingrate": {"dmean2": 0.0125410975888, "median": 0.033203125, "min": 0.00146484375, "dvar2": 0.000318175123539, "dvar": 0.000254026730545, "dmean": 0.0106497025117, "max": 0.349609375, "var": 0.00123938289471, "mean": 0.0432978831232}, "silence_rate_60dB": {"dmean2": 0.0260809883475, "median": 0, "min": 0, "dvar2": 0.0283807385713, "dvar": 0.012867031619, "dmean": 0.013039002195, "max": 1, "var": 0.108762249351, "mean": 0.124199450016}, "erbbands_kurtosis": {"dmean2": 2.00860905647, "median": 0.86398267746, "min": -1.89810299873, "dvar2": 14.4407567978, "dvar": 6.54179430008, "dmean": 1.28104102612, "max": 178.056732178, "var": 30.5153636932, "mean": 2.00230813026}, "erbbands": {"dmean2": [0.372296154499, 2.63350152969, 7.81453847885, 10.0108776093, 13.677400589, 15.7071466446, 21.1934871674, 22.0067672729, 17.8614749908, 17.0172805786, 27.1361541748, 36.2169036865, 26.9172916412, 17.7939357758, 21.9267559052, 24.5411434174, 16.7234783173, 16.8820781708, 11.3083381653, 7.33061552048, 5.28525114059, 5.24731349945, 4.01388120651, 3.21707701683, 3.21098780632, 2.87284803391, 3.29131221771, 2.29177927971, 2.86643457413, 2.50669527054, 2.09093976021, 1.6718776226, 1.13583278656, 0.821889042854, 0.642916321754, 0.576663076878, 0.436599075794, 0.171530872583, 0.0175583250821, 0.000570953998249], "median": [0.110460475087, 0.968589901924, 4.23021793365, 6.57276821136, 9.01613044739, 13.5540866852, 15.132724762, 13.5662765503, 12.5450210571, 10.6708774567, 11.7067165375, 12.9885692596, 11.2159805298, 9.77256584167, 9.59036254883, 8.20506095886, 7.86399078369, 5.76404619217, 5.12396907806, 4.16450309753, 3.1717672348, 3.18063831329, 2.44834852219, 1.79922986031, 1.64432477951, 1.44689977169, 1.42168354988, 0.972952961922, 1.07209396362, 0.844329237938, 0.564087033272, 0.403599560261, 0.206778138876, 0.0882594585419, 0.0346045270562, 0.0131236203015, 0.00545791443437, 0.00158446480054, 9.87259554677e-05, 4.65269040433e-05], "min": [5.18243503667e-10, 2.50535814317e-09, 6.48121556424e-09, 1.10490656624e-08, 1.48618584106e-08, 1.41415910093e-08, 1.04930979461e-08, 1.65465241508e-08, 7.42442693991e-08, 3.23089352605e-07, 4.67951991823e-07, 1.65645914763e-07, 9.37275160595e-07, 1.4045149328e-06, 3.6514396129e-07, 3.241347315e-07, 3.11572932787e-07, 1.95739698938e-06, 1.03986133126e-06, 1.87611405522e-07, 6.23384948994e-07, 1.44274309832e-07, 9.40248057191e-08, 5.5130509935e-08, 2.03477029004e-07, 4.9452097528e-08, 2.12272883715e-08, 3.24179083577e-08, 5.62812978444e-08, 3.60037901714e-08, 2.35258212911e-08, 1.78286914121e-08, 1.06505204656e-08, 1.09252855651e-08, 6.38834007916e-09, 1.73942005244e-09, 8.03222321988e-10, 3.809419169e-10, 8.7580109831e-11, 6.85454470961e-12], "dvar2": [0.89991825819, 32.6419792175, 188.621032715, 281.654205322, 545.870117188, 597.010192871, 1299.20812988, 1783.64538574, 1281.0300293, 1223.2689209, 4412.04980469, 11489.4970703, 6634.48242188, 1551.42883301, 2889.27124023, 5374.92578125, 1582.53918457, 2472.43310547, 711.659545898, 249.563110352, 94.4294967651, 89.0284576416, 64.9190750122, 39.4034614563, 45.5087432861, 32.6109466553, 100.012649536, 25.0535125732, 38.933265686, 42.5819511414, 62.3559379578, 22.7212696075, 9.03546714783, 5.13951683044, 4.16250085831, 3.6736664772, 2.20300650597, 0.361665248871, 0.00436687702313, 4.98580766362e-06], "dvar": [0.343854576349, 11.5035839081, 74.4092025757, 107.365509033, 209.066101074, 225.40663147, 504.988739014, 671.780761719, 471.635070801, 512.369812012, 2098.94555664, 6065.21582031, 3138.30664062, 730.519104004, 1218.66967773, 2398.59350586, 698.902893066, 1164.52026367, 316.444061279, 113.216194153, 44.9691314697, 41.7127952576, 30.3374767303, 19.1620960236, 22.117893219, 15.9586772919, 40.5400047302, 12.0560359955, 19.280500412, 22.5188865662, 31.2677574158, 11.5896558762, 4.76877593994, 2.71022677422, 2.03171300888, 1.79107379913, 0.99952685833, 0.160996705294, 0.00193858880084, 2.12248733078e-06], "dmean": [0.227576166391, 1.52811217308, 4.99046897888, 6.30666542053, 8.29771232605, 9.57723426819, 13.022819519, 13.2779836655, 10.7449531555, 10.6243476868, 17.6334857941, 25.0123977661, 18.183801651, 11.6406106949, 14.3168621063, 16.7787399292, 11.0599498749, 11.4084205627, 7.38543319702, 4.85028600693, 3.57099413872, 3.50349473953, 2.69086027145, 2.19290471077, 2.22836184502, 1.97667682171, 2.1960439682, 1.61537778378, 2.03168654442, 1.7949860096, 1.50844979286, 1.19751429558, 0.815907120705, 0.583088755608, 0.443185895681, 0.386884629726, 0.286099761724, 0.112087465823, 0.0114350989461, 0.000364360719686], "max": [21.2698078156, 48.47215271, 109.366859436, 181.510635376, 387.460510254, 405.131347656, 459.594543457, 830.003845215, 535.107910156, 671.33392334, 1177.3001709, 3512.9675293, 1922.46618652, 851.727783203, 1294.79870605, 1545.24377441, 781.566650391, 1424.25976562, 472.583465576, 309.494262695, 216.788894653, 190.023483276, 209.296539307, 148.781234741, 192.351928711, 130.796279907, 240.808685303, 95.9573898315, 138.974594116, 230.133407593, 368.751586914, 142.408569336, 62.1481132507, 41.2911109924, 38.7083969116, 30.096704483, 21.6036243439, 10.0873680115, 1.26389956474, 0.040663741529], "var": [0.325670987368, 10.0006427765, 135.878768921, 197.772293091, 320.50390625, 472.283447266, 1197.31848145, 1274.88818359, 758.254882812, 979.38458252, 5569.23730469, 26709.3203125, 10183.8046875, 1728.09765625, 3741.86669922, 8804.1953125, 2145.3269043, 4078.09936523, 902.460510254, 356.996673584, 143.183120728, 107.912307739, 67.1768035889, 40.7613296509, 45.7942085266, 35.2774276733, 55.2335090637, 32.6166496277, 56.4092445374, 91.6399688721, 135.987304688, 37.0833625793, 13.8861436844, 6.92454957962, 3.53688144684, 2.6982319355, 1.26010036469, 0.195296376944, 0.00240405928344, 2.36697701439e-06], "mean": [0.272110313177, 1.98675096035, 8.89286899567, 11.3494186401, 14.3369560242, 19.0011119843, 24.4212741852, 23.3262825012, 20.5723152161, 19.3015537262, 32.8753471375, 53.7512779236, 38.3961677551, 23.125623703, 29.6685466766, 34.4900550842, 22.3863220215, 23.3892860413, 14.4141845703, 10.2257080078, 7.78864431381, 6.93212175369, 5.18478631973, 3.98430490494, 3.97881937027, 3.57855725288, 3.64240503311, 2.88146281242, 3.36066532135, 3.06790661812, 2.71210980415, 2.01891970634, 1.28748440742, 0.838023245335, 0.535440325737, 0.415147721767, 0.283396959305, 0.108237504959, 0.0109918201342, 0.000365286949091]}, "spectral_strongpeak": {"dmean2": 0.641339123249, "median": 0.423075854778, "min": 0, "dvar2": 1.05721652508, "dvar": 0.442859947681, "dmean": 0.383841484785, "max": 12.0303640366, "var": 1.01818823814, "mean": 0.741138696671}, "spectral_energy": {"dmean2": 0.0219512693584, "median": 0.0336586609483, "min": 2.45890724448e-10, "dvar2": 0.00152611476369, "dvar": 0.000597104313783, "dmean": 0.0140443937853, "max": 0.514569997787, "var": 0.00116132257972, "mean": 0.03927943483}, "average_loudness": 0.743942141533, "spectral_rolloff": {"dmean2": 521.428405762, "median": 495.263671875, "min": 43.06640625, "dvar2": 2694961.5, "dvar": 1078507.125, "dmean": 309.033966064, "max": 15826.9042969, "var": 1554446.625, "mean": 851.624145508}, "spectral_centroid": {"dmean2": 230.670059204, "median": 654.560119629, "min": 147.610839844, "dvar2": 79620.7109375, "dvar": 37239.5390625, "dmean": 151.430801392, "max": 5315.35449219, "var": 241530.375, "mean": 774.472961426}, "pitch_salience": {"dmean2": 0.116512343287, "median": 0.590109109879, "min": 0.0708413794637, "dvar2": 0.0103192571551, "dvar": 0.00406238995492, "dmean": 0.0723570436239, "max": 0.855635166168, "var": 0.0141128664836, "mean": 0.577004015446}, "spectral_energyband_middle_high": {"dmean2": 0.0016428141389, "median": 0.0018138573505, "min": 1.51654508396e-10, "dvar2": 8.68982533575e-06, "dvar": 4.61059835288e-06, "dmean": 0.00119644089136, "max": 0.0651762858033, "var": 2.95544323308e-05, "mean": 0.00369827868417}, "spectral_contrast_coeffs": {"dmean2": [0.0791415646672, 0.0730467438698, 0.0564978271723, 0.0455169975758, 0.0340215303004, 0.0271973814815], "median": [-0.638783693314, -0.747880935669, -0.774810791016, -0.79106259346, -0.804696798325, -0.776156902313], "min": [-0.99173361063, -0.974276781082, -0.977268636227, -0.953925609589, -0.927923858166, -0.944026648998], "dvar2": [0.00401823502034, 0.00348186050542, 0.00204879487865, 0.0013729451457, 0.00085660739569, 0.000572999706492], "dvar": [0.00147708854638, 0.00130913918838, 0.000816515006591, 0.00058627355611, 0.000361471174983, 0.0002518928668], "dmean": [0.0477791130543, 0.0440074764192, 0.034925352782, 0.0287091489881, 0.0217604134232, 0.0175829101354], "max": [-0.309962719679, -0.425060123205, -0.463739752769, -0.495655626059, -0.632060587406, -0.629689216614], "var": [0.0063661551103, 0.00602155504748, 0.00573358731344, 0.00377684738487, 0.00179310247768, 0.00126305036247], "mean": [-0.6461789608, -0.742435634136, -0.762782990932, -0.786671876907, -0.80532938242, -0.777944624424]}, "melbands_skewness": {"dmean2": 1.12481999397, "median": 2.65824604034, "min": -2.81657361984, "dvar2": 1.72685360909, "dvar": 0.74804019928, "dmean": 0.74125212431, "max": 15.9071655273, "var": 3.88866519928, "mean": 2.84272241592}, "spectral_spread": {"dmean2": 1001214.4375, "median": 4017034, "min": 910280.25, "dvar2": 1691549433860.0, "dvar": 953106169856, "dmean": 780836.4375, "max": 17297156, "var": 4393348890620.0, "mean": 4598269.5}, "dissonance": {"dmean2": 0.0377362109721, "median": 0.466807723045, "min": 0.0127696767449, "dvar2": 0.0013226371957, "dvar": 0.000494244741276, "dmean": 0.0224734898657, "max": 0.500000059605, "var": 0.00157828791998, "mean": 0.455755889416}, "spectral_skewness": {"dmean2": 0.433741390705, "median": 1.97518467903, "min": -0.0344875119627, "dvar2": 0.232927769423, "dvar": 0.103491693735, "dmean": 0.282782226801, "max": 8.11821365356, "var": 0.557139337063, "mean": 2.11407494545}, "spectral_flux": {"dmean2": 0.0438512451947, "median": 0.0795269608498, "min": 1.56809037435e-05, "dvar2": 0.00295085227117, "dvar": 0.00142038916238, "dmean": 0.0283133611083, "max": 0.63676571846, "var": 0.00375142879784, "mean": 0.0880400016904}, "spectral_contrast_valleys": {"dmean2": [0.63548964262, 0.534395098686, 0.471635073423, 0.451270401478, 0.416218757629, 0.448988318443], "median": [-6.54479217529, -6.3100476265, -7.15799427032, -7.95366287231, -8.17204284668, -10.5124206543], "min": [-15.7648620605, -15.3392925262, -15.331454277, -15.7250623703, -15.9973468781, -18.3513317108], "dvar2": [0.289270341396, 0.233443021774, 0.176582977176, 0.184503763914, 0.198842212558, 0.261972129345], "dvar": [0.114512421191, 0.102483816445, 0.0876939818263, 0.0986409559846, 0.115089744329, 0.17055760324], "dmean": [0.38486468792, 0.33043384552, 0.30198353529, 0.312870413065, 0.318305790424, 0.386066734791], "max": [-4.58396577835, -4.34188508987, -5.24714231491, -5.68173742294, -5.75585889816, -7.67806768417], "var": [2.18593430519, 1.58773267269, 1.15122437477, 1.06061208248, 1.19699382782, 1.8155323267], "mean": [-7.01591491699, -6.71043920517, -7.41627693176, -8.14019393921, -8.36636447906, -10.6749820709]}, "erbbands_flatness_db": {"dmean2": 0.0278566479683, "median": 0.153123155236, "min": 0.0292994324118, "dvar2": 0.00077521201456, "dvar": 0.000457044399809, "dmean": 0.0215219557285, "max": 0.412813872099, "var": 0.00361498538405, "mean": 0.157346338034}, "spectral_energyband_high": {"dmean2": 0.000607807480264, "median": 0.000150567488163, "min": 6.60935455671e-12, "dvar2": 2.42575333687e-06, "dvar": 1.23151721709e-06, "dmean": 0.000447010505013, "max": 0.0253662280738, "var": 2.62480762103e-06, "mean": 0.000674591981806}, "spectral_entropy": {"dmean2": 0.295876473188, "median": 7.27047109604, "min": 3.71737170219, "dvar2": 0.101408019662, "dvar": 0.0535479038954, "dmean": 0.217244520783, "max": 8.7264919281, "var": 0.339622825384, "mean": 7.22987413406}, "silence_rate_20dB": {"dmean2": 0, "median": 1, "min": 1, "dvar2": 0, "dvar": 0, "dmean": 0, "max": 1, "var": 0, "mean": 1}, "melbands_flatness_db": {"dmean2": 0.043190639466, "median": 0.247185483575, "min": 0.0528695136309, "dvar2": 0.00214086193591, "dvar": 0.00101321842521, "dmean": 0.0292091108859, "max": 0.670268893242, "var": 0.0070421313867, "mean": 0.255132704973}, "barkbands": {"dmean2": [0.00103385059629, 0.011288434267, 0.00687788566574, 0.00404285313562, 0.0044500422664, 0.00270744459704, 0.00116907083429, 0.00110644195229, 0.0015075430274, 0.000743545359001, 0.000532679900061, 0.000564989168197, 0.000378420314519, 0.000317619269481, 0.000202998213354, 0.000113753587357, 0.000101723715488, 7.09465457476e-05, 6.35693577351e-05, 6.11575596849e-05, 6.90535525791e-05, 8.07883407106e-05, 7.07629005774e-05, 7.17652656022e-05, 7.77883979026e-05, 0.000214406449231, 0.000103602687886], "median": [0.000220842848648, 0.00430289469659, 0.00363890826702, 0.00189661514014, 0.00415881350636, 0.00189686240628, 0.00083136651665, 0.000442750169896, 0.00051396334311, 0.000311281590257, 0.000187203724636, 0.00017764113727, 0.000130175962113, 8.96414858289e-05, 8.85476256371e-05, 5.47177769477e-05, 5.4016833019e-05, 3.97526346205e-05, 3.35884760716e-05, 2.91023679893e-05, 2.84290836134e-05, 3.03711658489e-05, 2.07040575333e-05, 1.61329589901e-05, 6.22344578005e-06, 3.15523789141e-06, 5.38592189514e-07], "min": [9.96636800865e-12, 1.31222272631e-11, 5.87641740823e-12, 3.95696843347e-12, 4.38547115289e-12, 1.64612366706e-12, 9.41700536994e-12, 2.17980807016e-11, 8.0543132927e-12, 4.73775393917e-11, 1.81562005014e-11, 6.78134978727e-12, 4.99458460701e-12, 4.78165562701e-11, 3.83511798707e-12, 1.14165014248e-11, 1.69193175095e-12, 1.26153514718e-12, 2.36746408068e-12, 1.25991014496e-12, 1.0282525699e-12, 1.51192372424e-12, 9.28530364576e-13, 9.29536504192e-13, 9.61610565481e-13, 4.46560513177e-13, 5.16905528797e-13], "dvar2": [1.32722898343e-05, 0.000658561068121, 0.000135840993607, 4.78642068629e-05, 4.3920808821e-05, 2.12387058127e-05, 5.56406484975e-06, 7.06740684109e-06, 1.60862437042e-05, 4.60979936179e-06, 1.68402448253e-06, 2.30470686802e-06, 8.52738423873e-07, 9.32628893224e-07, 2.01971928959e-07, 4.37735678815e-08, 3.69601131922e-08, 1.89018720675e-08, 1.7093062965e-08, 1.457761023e-08, 3.38110623943e-08, 3.46448700839e-08, 6.55050769183e-08, 3.37588481614e-08, 5.07614146272e-08, 5.19743139193e-07, 1.43226088767e-07], "dvar": [5.02817101733e-06, 0.000241249465034, 5.51231896679e-05, 1.83318334166e-05, 1.64908469742e-05, 8.3407121565e-06, 2.13461476051e-06, 3.32739659825e-06, 8.25374536362e-06, 2.13199109567e-06, 7.2696781217e-07, 1.03032232346e-06, 3.84181788604e-07, 4.3070943434e-07, 8.78543104932e-08, 1.98727168055e-08, 1.70685581224e-08, 8.89514861768e-09, 8.31764701559e-09, 7.18959913826e-09, 1.43023637378e-08, 1.6606943376e-08, 3.40780843544e-08, 1.78246271076e-08, 2.5916728319e-08, 2.4229251494e-07, 6.38326937974e-08], "dmean": [0.000632913317531, 0.00671437243, 0.00445448653772, 0.0024906876497, 0.00270647113211, 0.0016535470495, 0.000713776971679, 0.000707387342118, 0.00101726385765, 0.000490303267725, 0.000341031816788, 0.000386215368053, 0.000248110445682, 0.000209301739233, 0.000130553235067, 7.51109109842e-05, 6.7423497967e-05, 4.75512133562e-05, 4.42549608124e-05, 4.20538708568e-05, 4.70971608593e-05, 5.7501867559e-05, 5.14352141181e-05, 5.28286727786e-05, 5.45179464098e-05, 0.000142788820085, 6.7712229793e-05], "max": [0.108522795141, 0.389432549477, 0.1315035671, 0.0783146321774, 0.114605121315, 0.0687933340669, 0.0351901054382, 0.0416211485863, 0.118259757757, 0.0501738041639, 0.0307819880545, 0.0317522846162, 0.0170387253165, 0.0273382849991, 0.00784330349416, 0.00332319131121, 0.0036292062141, 0.00334826647304, 0.00366941816173, 0.00246452144347, 0.00386170833372, 0.00501822773367, 0.012556148693, 0.0036960048601, 0.00444598309696, 0.0109954569489, 0.00675786053762], "var": [4.04677984989e-06, 0.000223914714297, 0.000107936146378, 3.0169623642e-05, 3.22438245348e-05, 1.87667392311e-05, 3.47241302734e-06, 7.70183487475e-06, 3.61740312655e-05, 5.93144841332e-06, 1.88201909168e-06, 3.93272785004e-06, 1.13775547561e-06, 1.34546530717e-06, 2.34143271882e-07, 5.43830829258e-08, 4.11838492198e-08, 1.91585982634e-08, 1.73973564443e-08, 1.62411630811e-08, 2.50609719643