{"metadata": {"tags": {"genre": ["Country"], "musicip_puid": ["4fcbae0a-4ae5-92c6-6416-6ae6c97f4ab2"], "musicbrainz_albumid": ["c244a562-5421-4214-b927-c01a1ceb2862"], "musicbrainz_artistid": ["3faa019a-ad91-4ddf-87d5-fdcbdfd8327c"], "title": ["Little Old Town Called New Orleans"], "tracknumber": ["02"], "artist": ["Jerry Jeff Walker"], "musicbrainz_albumartistid": ["3faa019a-ad91-4ddf-87d5-fdcbdfd8327c"], "album": ["Gonzo Stew"], "musicbrainz album type": ["Album"], "musicbrainz_recordingid": ["07d2843e-39f8-4350-b187-4a476e9449a8"], "bpm": ["99.60"], "acoustid_id": ["d9fda5d6-2881-4e1a-bd00-27a32479737f"], "file_name": "Jerry Jeff Walker - Little Old Town Called New Orleans.mp3", "acoustid_fingerprint": ["AQADtFGWPFmkBD_0awgpTHmLa5ocfDoqSTNcJUX4FMoVPI-CbMoePBfCE1NyZYSu4El4RNZ7-E_Aq8hzXDYaKoX2jMRvKPqJMOuJE_8wOsf1GOfBPDoSqtKIPKzg_KBP_LCboVVF5MwcJHd2HP-PB3-O_rgiIpFqHZ_yYHqOiclzNDeuB1qcoEyO98Et3MyDMkmCUjb4DdqjGs0sI4-eFM_xIszbQXtxKcgzPAqaHVUSkkN8SkFyD0-UGH1wPcF54FkWEdQzLsh_IXkET1KP_qh-NE0enJuVgH3wEV535BPzQM8P9GhC9biiB_qOH81RK4txJjryo3mOTuMOVkmOnDqaPNAuHNF3lElywWPcw8cRCndyaD_iNiIaedZxCfdUoDlzpP-gvYgfVElDTKkYPEkOHvfRXhnS8Ugm7ngYUwvuGM0utOPBMvlwVJ6CaZESfMdJStgzVfgrtGsOj0RPImehpruK-Ap6Ec9RKz-akSjTS0iehEgLPhWeZfBzXMJ4XXgaRQ1CKSPEHuFzvFNw4virGF--4PwR89C2E2H2McGVLEVJuEtwwRVDbE3iKegDZC2S5Ro6LUuFT8dz4ZF6_EIzXugXCXlsPDa0H42s4OMDXifi7QHL7MXRy5hS_BGucCiZBZGSo58VaIkWKVvwKCcOXmieaEfLs9jzBCqJwnkVlMen_NgTOjiag5GTQ1X2YH5V5NHxHPdD_Kh2eAyLH-OPPBqRSEySoXR4HOexKcsXnB-OPUfDHxOVLxP-Iz4aTcyhXceu4wizkyizLMX1CfmhpQfDHOWDfENHMhh59ESYJ7sALZODqskp9DNykQ6eH36I_OjDDN0UoTkuxbiYidB6wlVYhHG046J0NGNmlE-IfUFD9QHzSkKVLGGDMHFGIPzBxKFTfB_KjHrAZMgF3ieuTJjyQfuLOYu0ohQP50F34WqQn8WTo0sXOJQ0MFVOfMOpyAiTd4NcBmHC48cjZobP4Tl-OSnyhgqDm9AYG9QYg5dG9Pdw4jkxaskTPBmE_kU0J3xQicSV5UJ_nIOr8Bn6CzweHpqcoHlHPMmiDY8enBfeIEz4Q1OSJEfuo1cKJpdyPFfwp8JjMvAYH5cUJnhOIfygJWoe9EQYRj2-43uMP0fz6Cj1lXh0NIxCDWPyI42opOg9fJKJOic8HX-IOMl4TN6Fd6ioBWGu4D5U5XmQlZmT45yCHFpeLugzHvlx4RVOnUi25Eg3HT2uoHmMfuISPPpBvwhPNFVePHtxRNIP_8HkJXhkVHSOZrmGJ8yOM8U7MDn6Ck8QS4rCI_GxG1O0qhkqZ0a_rWim4wqD6QmsZpkQXoEuhN9RK0uHrtSJ5sJxB03Mo9uPHk2utPgEP8e-jMK5Z6BSLTFCZW6g5cuRJ5tQomGyFdfD4PGOaDlxzobyJWLBK0eYNI3xaA8aJ2tS3AkaDv2R9VCflgijw6GyBH2PWZQjNORSVHqHnIc87ULMdIafLXgWOSjPo7mPXDjJpNByEuWP2Dke9Doa3cfvoOTyIUyXI7lR8WieCQ_34yc26_hfPPqQBxLvHKHoFNcDj0Uba8jXFdM7Hf4T6MtGfBFMHuWhH0eOP8-EUjnyHTrCH99xZUdPWPlwWNTQKw2S8kFaHWdmXNSU48ZW4V8m4wJhH80jlBJRE9SFjtHRHBWPfBGS8YMPP93wJ-AzeF2OOrlwajKYbrBy7EPz6HiOH12P5lEmIucY6HqGtMqOp8UVwspJ5CmSN4e_4MmC3oZvNCLOxEI1x2h2zBb0KEGD_sRPBdPRiExwBs90JJfyIKePHsnSech9fDPu41KU4lGOZKaKME5mXE9w60bzLDzWMJ_gbEuGnmDFo_9gT4e_xPgCXoZrFs_CwekxIQ8pHg2fBiGnHNWP5sJpCeeUBM0zVOp44Sfy-Ujo8PiFD_2LZtWj4jG-iUKuJSb-4aKOMFvCDD32D82kHt_x8Ajz5UjqVThPEOWF5q2CiOMNuUfEE419lMwmDn0uhCmR66iu4CgZT8HHBz0NF61SBiGZHclRjM7xLIwF11Yx_GDyoKuxO8GZ6NiFH7UtCWFU7YN-fGKEklGCZ2CeHD1h-zgPM4qJ33CuomsiFjH7CX10pNOPP4O450FT0bjASkcLLWOGdyT-B99eqDqe6MJ5NM-OXjqap4IUPqiWGE4iXehzod8EP9BS7XgSPkNOHndSNGNiJei_4OBjnEoeWNqP48aZKZOK-IKWXwifHY-44VGR_9CLuKnhKsPB70iWaUPI6A1efeiuERyVH70u_EjyF-FzVCZOh0EZNGPxB5eChE2R93gabFGj4_qOk8fTVBMSRRTCnMFz4w_og2jmo3IWpE0I_sUpirB0XPt2hD6a0wueBcyP5sg9aExehImYxfh3TI-IJtTx6Md1NOusYApjDvmOi2ieCJWTDmT3QL0yLXi4aQizo1bwUugZ6qhOkI-D50EsZi-uHFOO6X3wRDmOMEo2Bw98EVTMFLWSB9cRkrmwfUefDMolrniuCE-D8vBIH6G2LPgXXGnwEn2CMF-Cd4HSSifyCc_4Y8q0IDx__NChL0esjI4iNLtQ98KngE22o3zgN_iRLF0UZI2IZkIfnJKMptECRjmaHyGvCF8fRI02wk2OPS8-PEMdGU2ShMfRoHeGrEfyJEEp4YGjjA0HRtKeGI_WCNeEI10_Qr80XGGIKROqnMXHQ08S5UHMD4NP4RUejUVFwfzQKHeCSkp-NFWE9_gN_w8CNYuPZtIVMFKWHD-O6DpCNTG-G6pDFz6qI7_RKKKOTyf-oZcz5OTxowkTZkK9JMWRY1ReEZeSJ2iavOiHHxSXHMkRrcqDT9GT4SZ8IX4kQDkVhM8F6h76LBeOHH2ig5pe6IF1o5cQPnuC-6iWHDl1nIzhOBB-HcKJAAAYA4RgiBEqlIBACIOxIcIYwAgCiCBEiCDKEMiAIMQDAIQwAhAClQGCAUWRAQRRoJAgCFkQIDHUGaKEUchQYBQAgBECEBBAAEAQMIEgAQhEwAiPADAGGOIWQIBa4IQBwAAkiKCIcAKFsQA5YigQxBAipAFCIEWE4IAJoQEQRlAGPiEGEAOUEQZiZBBiQjmCHEHCAEQMAdwQYQwxxCUjgFBICiIER0YBBqgTiEhAiUFAgUQMAN5IAQwyxgCghIICCeScE0YKQIACwgHgKKAMAIMIEIJpgAjwAEAmgDFAOsGgQUQQRQxgBAgAAECUAiOUAAAILIBQShCEDCJCAyAEJEAxQIQBCBAknFICESIcIEAZAYhhjAgBABEAAMBUEMgDcYFxREADBABCIEEQQkApJABgFBtCDAIIUEKAIRYEARQQBBlACACKACAMAYAAgASRAgCHmAGICCOARkoIQI0ixAhFkEIECGIUQEABRQAUQgBCACJQESAFAcxAbgiyBhmojVPECAIAQkgoyqQECAplBHAIKYQQM0IhAxQSBAiolCAECAOM4cQAogBDBgHFmEAGICCEloQIgDAjgABHIGBOAQOEEYCZI4AFAGAKMFEEMEGEQkICYwwAhgFBgREAJcGAAMRYZwQQAAzhATFEIAKgEsYJoDADwggiCXLACAGQFEIYQBAQxgjCARCGSAQoMIIJAoiRogkAiCBEABAEEAY4xwygSihACAKMEIGMAsQAABhgQkEvBFEAMQCYEQghIYhSQhiiFAACCsAAYYQwapASxhAkABJECEAFJQAAIAQiCjiilKNUWMCAYcAgw6w0hDlBDWKkCEGAEQQYYJEhRhhBiCAAGCKBFUAoIJUQACHABIGGAUGIQYRQJIBABjgBnACACAaIIUIQI4whQgA"]}, "audio_properties": {"sample_rate": 44100, "downmix": "mix", "lossless": false, "analysis_sample_rate": 44100, "md5_encoded": "938be156ddadcb997e2403f839946e28", "equal_loudness": 0, "replay_gain": -6.24778175354, "codec": "mp3", "bit_rate": 128000, "length": 167.706115723}, "version": {"extractor": "music 1.0", "essentia_build_sha": "2d9f1f26377add8aeb1075a9c2973f962c4f09fd", "essentia_git_sha": "v2.1_beta2-1-ge3940c0", "essentia": "2.1-beta2"}}, "rhythm": {"beats_loudness_band_ratio": {"dvar2": [0.0368648171425, 0.0286452881992, 0.0353258773685, 0.0402768738568, 0.0280335713178, 0.00804571900517], "var": [0.0179861932993, 0.017130676657, 0.0231561735272, 0.0207393672317, 0.00880291778594, 0.00358467991464], "min": [0.00167641416192, 0.0196008905768, 0.0333064571023, 0.0214378740638, 0.015905642882, 0.00911666080356], "dmean": [0.114204496145, 0.116780251265, 0.148466020823, 0.138903290033, 0.0892619639635, 0.0442401282489], "mean": [0.132929265499, 0.194187775254, 0.320653021336, 0.209031283855, 0.119210235775, 0.0746228992939], "max": [0.799619972706, 0.829352259636, 0.820084512234, 0.670409321785, 0.686401426792, 0.37572696805], "dmean2": [0.196439892054, 0.203030943871, 0.239870160818, 0.238738790154, 0.161114543676, 0.0764486342669], "median": [0.0766352489591, 0.162441655993, 0.305582880974, 0.169498816133, 0.0905145853758, 0.0613551959395], "dvar": [0.0141176432371, 0.0119858412072, 0.0126330815256, 0.0159473065287, 0.0100395129994, 0.00308512058109]}, "bpm_histogram_first_peak_weight": {"dvar2": 0, "var": 0, "min": 0.722021639347, "dmean": 0, "mean": 0.722021639347, "max": 0.722021639347, "dmean2": 0, "median": 0.722021639347, "dvar": 0}, "bpm": 99.740562439, "beats_count": 278, "bpm_histogram_first_peak_spread": {"dvar2": 0, "var": 0, "min": 0.267399251461, "dmean": 0, "mean": 0.267399251461, "max": 0.267399251461, "dmean2": 0, "median": 0.267399251461, "dvar": 0}, "danceability": 1.2798358202, "bpm_histogram_first_peak_bpm": {"dvar2": 0, "var": 0, "min": 99, "dmean": 0, "mean": 99, "max": 99, "dmean2": 0, "median": 99, "dvar": 0}, "beats_position": [0.603718817234, 1.21904754639, 1.84598636627, 2.46131515503, 3.08825397491, 3.70358276367, 4.33052158356, 4.94585037231, 5.54956912994, 6.1648979187, 6.78022670746, 7.39555549622, 8.01088428497, 8.6146030426, 9.21832180023, 9.82204055786, 10.4257593155, 11.0294780731, 11.6331968307, 12.2369155884, 12.840634346, 13.4211339951, 13.9900226593, 14.5705213547, 15.1626300812, 15.7663488388, 16.3700675964, 16.9737873077, 17.5891151428, 18.1928348541, 18.784942627, 19.3886623383, 19.9923801422, 20.5960998535, 21.2114276886, 21.826757431, 22.430475235, 23.0341949463, 23.6379127502, 24.2416324615, 24.8453502655, 25.4490699768, 26.0527877808, 26.6565074921, 27.2602272034, 27.8639450073, 28.4560546875, 29.0481624603, 29.6518821716, 30.2555999756, 30.8593196869, 31.4630374908, 32.0667572021, 32.6704750061, 33.2741928101, 33.8779144287, 34.4816322327, 35.0853500366, 35.6890678406, 36.2927894592, 36.8965072632, 37.5002250671, 38.1039466858, 38.7076644897, 39.3113822937, 39.9151000977, 40.5188217163, 41.1109275818, 41.703037262, 42.3067550659, 42.9104766846, 43.5141944885, 44.1179122925, 44.7216300964, 45.3253517151, 45.9174575806, 46.532787323, 47.1365089417, 47.7402267456, 48.355556488, 48.959274292, 49.5629920959, 50.1667098999, 50.7588195801, 51.362537384, 51.9778671265, 52.5931968689, 53.1969146729, 53.8006324768, 54.4043540955, 55.0080718994, 55.6117897034, 56.2271194458, 56.8308372498, 57.4345550537, 58.0382766724, 58.6419944763, 59.2457122803, 59.8378219604, 60.4415397644, 61.0452613831, 61.648979187, 62.252696991, 62.8564147949, 63.4601364136, 64.0754623413, 64.6907958984, 65.2945098877, 65.8982315063, 66.5135574341, 67.1288909912, 67.7326049805, 68.3363265991, 68.9284362793, 69.5321502686, 70.1474838257, 70.7511978149, 71.3549194336, 71.9586410522, 72.5507507324, 73.1428527832, 73.7465744019, 74.3502960205, 74.9540100098, 75.5577316284, 76.1614532471, 76.7651672363, 77.3805007935, 77.9958267212, 78.5995483398, 79.2032623291, 79.8069839478, 80.410697937, 81.0144195557, 81.6065292358, 82.2102508545, 82.8139648438, 83.4176864624, 84.0097961426, 84.6135101318, 85.2172317505, 85.8209533691, 86.4130630493, 87.0167770386, 87.6088867188, 88.2126083374, 88.8163223267, 89.4316558838, 90.0469818115, 90.6507034302, 91.2544174194, 91.8581390381, 92.4618606567, 93.065574646, 93.6692962646, 94.2846221924, 94.888343811, 95.5036697388, 96.1073913574, 96.7111129761, 97.3148269653, 97.918548584, 98.5222625732, 99.1259841919, 99.7297058105, 100.3334198, 100.937141418, 101.552467346, 102.156188965, 102.759910583, 103.363624573, 103.967346191, 104.571060181, 105.186393738, 105.790107727, 106.393829346, 106.997550964, 107.601264954, 108.204986572, 108.808708191, 109.41242218, 110.016143799, 110.619865417, 111.211967468, 111.804077148, 112.407798767, 113.011520386, 113.603622437, 114.195732117, 114.799453735, 115.403175354, 116.006889343, 116.610610962, 117.214332581, 117.806434631, 118.398544312, 118.990653992, 119.582763672, 120.186485291, 120.79019928, 121.38230896, 121.97441864, 122.578140259, 123.170249939, 123.762359619, 124.342857361, 124.94657135, 125.527069092, 126.119178772, 126.711288452, 127.315010071, 127.907119751, 128.499221802, 129.068115234, 129.625396729, 130.194290161, 130.774780273, 131.366897583, 131.970611572, 132.562713623, 133.154830933, 133.735321045, 134.327438354, 134.919540405, 135.511657715, 136.115371704, 136.707473755, 137.299591064, 137.903305054, 138.507034302, 139.110748291, 139.71446228, 140.31817627, 140.921905518, 141.514007568, 142.117736816, 142.709838867, 143.301940918, 143.894058228, 144.47454834, 145.055053711, 145.6587677, 146.25088501, 146.842987061, 147.446716309, 148.050430298, 148.654144287, 149.246261597, 149.838363647, 150.430480957, 151.022583008, 151.626296997, 152.230026245, 152.833740234, 153.437454224, 154.029571533, 154.621673584, 155.225387573, 155.805892944, 156.386398315, 156.966888428, 157.570602417, 158.162719727, 158.743209839, 159.335327148, 159.939041138, 160.542770386, 161.146484375, 161.750198364, 162.342315674, 162.934417725, 163.538131714, 164.118637085, 164.722351074, 165.326080322, 165.929794312, 166.521896362, 167.12562561], "beats_loudness": {"dvar2": 0.000463382923044, "var": 0.000294872879749, "min": 9.27886887325e-08, "dmean": 0.0134160714224, "mean": 0.032342787832, "max": 0.106014899909, "dmean2": 0.0229705180973, "median": 0.0301496051252, "dvar": 0.000154155553901}, "bpm_histogram_second_peak_weight": {"dvar2": 0, "var": 0, "min": 0.0108303250745, "dmean": 0, "mean": 0.0108303250745, "max": 0.0108303250745, "dmean2": 0, "median": 0.0108303250745, "dvar": 0}, "bpm_histogram_second_peak_spread": {"dvar2": 0, "var": 0, "min": 0.249999985099, "dmean": 0, "mean": 0.249999985099, "max": 0.249999985099, "dmean2": 0, "median": 0.249999985099, "dvar": 0}, "bpm_histogram_second_peak_bpm": {"dvar2": 0, "var": 0, "min": 105, "dmean": 0, "mean": 105, "max": 105, "dmean2": 0, "median": 105, "dvar": 0}, "onset_rate": 4.97264051437}, "lowlevel": {"spectral_energyband_high": {"dvar2": 2.77706249108e-06, "var": 1.96439168576e-06, "min": 7.56989248478e-21, "dmean": 0.000561505556107, "mean": 0.000811335339677, "max": 0.015473424457, "dmean2": 0.00083116296446, "median": 0.000322677893564, "dvar": 1.23613449432e-06}, "spectral_energyband_middle_low": {"dvar2": 5.57930470677e-05, "var": 8.57818959048e-05, "min": 3.09954859745e-22, "dmean": 0.00396712264046, "mean": 0.0102411936969, "max": 0.0830326899886, "dmean2": 0.00584423681721, "median": 0.00759648345411, "dvar": 2.65107792075e-05}, "spectral_energy": {"dvar2": 0.000148744875332, "var": 0.000303398555843, "min": 1.03269290873e-20, "dmean": 0.00719319283962, "mean": 0.0228166747838, "max": 0.110309071839, "dmean2": 0.00997741799802, "median": 0.0188528597355, "dvar": 7.53224448999e-05}, "spectral_spread": {"dvar2": 2278405963780.0, "var": 2592491175940.0, "min": 1671222.75, "dmean": 917604.75, "mean": 4595691.5, "max": 41055920, "dmean2": 1315798.375, "median": 4253646.5, "dvar": 1165579649020.0}, "spectral_energyband_low": {"dvar2": 6.26022883807e-05, "var": 3.81827048841e-05, "min": 2.64797792025e-23, "dmean": 0.002283180831, "mean": 0.00464817369357, "max": 0.0681021213531, "dmean2": 0.0035175816156, "median": 0.00137949036434, "dvar": 2.53174221143e-05}, "spectral_rolloff": {"dvar2": 3923693.5, "var": 2186442.25, "min": 21.533203125, "dmean": 630.420043945, "mean": 1769.2265625, "max": 19121.484375, "dmean2": 1068.45825195, "median": 1485.79101563, "dvar": 1639855}, "barkbands": {"dvar2": [1.63955604648e-08, 3.12204610964e-05, 1.00753813967e-05, 1.55480393005e-06, 3.97525627704e-06, 1.09857719508e-05, 1.43532333823e-05, 1.06370171125e-05, 1.06904317363e-05, 5.19477634953e-06, 4.68545067633e-06, 5.00720261698e-06, 1.26794793687e-05, 4.13817679146e-06, 2.2042886485e-06, 1.37989707127e-06, 9.68523522715e-07, 1.84548625271e-07, 9.62095754176e-08, 1.48510380882e-07, 1.01020738441e-07, 3.29347074057e-07, 1.54486542669e-07, 1.19523875242e-07, 9.30733108362e-08, 3.20342152804e-08, 7.08492023334e-18], "var": [1.7405643149e-08, 1.82735129783e-05, 4.37396511188e-06, 1.06584604964e-06, 2.63606739281e-06, 9.24841515371e-06, 9.85460792435e-06, 1.53479049914e-05, 1.34621914185e-05, 8.06853859103e-06, 9.85292990663e-06, 4.87786292069e-06, 1.38338364195e-05, 4.12612325817e-06, 3.05434582515e-06, 2.26076213039e-06, 1.56845362653e-06, 2.51857329658e-07, 1.00147268256e-07, 1.3541487931e-07, 7.15687349384e-08, 1.36617870794e-07, 8.01026800445e-08, 7.72780524017e-08, 4.86827218538e-08, 1.35511983856e-08, 1.79138534794e-18], "min": [3.49009293192e-23, 1.68216904533e-23, 2.91349761467e-24, 8.598123961e-24, 7.82588041075e-24, 2.47717628141e-23, 6.13442031945e-23, 7.58415922989e-23, 1.22465038846e-22, 1.11845002065e-22, 1.39267776127e-22, 3.84681015346e-23, 1.1433498787e-22, 7.53727880402e-23, 6.92308180063e-23, 1.00531209449e-22, 1.56843571852e-22, 1.71746025254e-22, 1.92917461607e-22, 4.05629525918e-22, 3.77160482481e-22, 3.73237155345e-22, 5.08169049014e-22, 7.34553145664e-22, 1.37462978496e-21, 1.73394080641e-21, 2.45439229977e-21], "dmean": [3.55962256435e-05, 0.00153652648441, 0.000853490666486, 0.000457123940578, 0.000787955417763, 0.0011478876695, 0.00116170151159, 0.00103896996006, 0.00104525568895, 0.00076694553718, 0.000572916120291, 0.000489461352117, 0.000740581075661, 0.00056320411386, 0.000481805909658, 0.000361833837815, 0.000305543100694, 0.000128052095533, 9.65433428064e-05, 0.000116752780741, 0.000109769811388, 0.000140404343256, 9.28644876694e-05, 7.77185923653e-05, 8.72875389177e-05, 6.14137097728e-05, 9.48419898172e-10], "mean": [6.23113446636e-05, 0.00299518927932, 0.00128239521291, 0.000645791762508, 0.00143518880941, 0.0017565212911, 0.00179616815876, 0.00188473600429, 0.0019577301573, 0.00154384004418, 0.00121379748452, 0.000737598515116, 0.00116966071073, 0.000902434345335, 0.000835027371068, 0.000700706092175, 0.000591721967794, 0.000249355129199, 0.000164126977324, 0.000194434687728, 0.000170425671968, 0.000173561056727, 0.000110486806079, 9.09796290216e-05, 9.40649188124e-05, 5.8399149566e-05, 7.9652578977e-10], "max": [0.00146463850979, 0.0409809798002, 0.0282258763909, 0.0136586930603, 0.0192166324705, 0.0444103032351, 0.0499237813056, 0.050162114203, 0.0768681913614, 0.0372317992151, 0.0414386726916, 0.0456748940051, 0.0926508232951, 0.0540068931878, 0.0287508945912, 0.0206792578101, 0.0166651234031, 0.00770668964833, 0.00785303767771, 0.00647646235302, 0.00349794072099, 0.00533001543954, 0.00474287802354, 0.00711612775922, 0.00483096111566, 0.00154624460265, 2.08337116447e-08], "dmean2": [5.4444950365e-05, 0.00237678177655, 0.00143938988913, 0.000754701555707, 0.00127195951063, 0.0018224301748, 0.00180649140384, 0.00158253172413, 0.00156513822731, 0.00111244618893, 0.000847378280014, 0.000723633740563, 0.00112676119898, 0.000843230402097, 0.000713962246664, 0.000535615487024, 0.000445216952357, 0.000191425075172, 0.000143476849189, 0.000169962804648, 0.000161426549312, 0.000222540373215, 0.000143212033436, 0.000118438249046, 0.000137002949486, 9.97699607979e-05, 1.75883085873e-09], "median": [5.08359516971e-06, 0.000652518472634, 0.000361247890396, 0.000245755480137, 0.000896825280506, 0.000862360931933, 0.000727563397959, 0.000539140542969, 0.000669361674227, 0.000473296153359, 0.000250482407864, 0.000216593514779, 0.000258627696894, 0.000261592096649, 0.000279124767985, 0.000263041933067, 0.000200872978894, 9.70555556705e-05, 7.4315816164e-05, 7.85973170423e-05, 7.07979488652e-05, 5.44857102796e-05, 2.60405977315e-05, 1.84750078915e-05, 2.12242866837e-05, 1.10633600343e-05, 2.98174041014e-10], "dvar": [7.27750126828e-09, 1.24590387713e-05, 3.74768819711e-06, 6.07113747719e-07, 1.52790073571e-06, 4.6602403927e-06, 6.14808550381e-06, 4.83058829559e-06, 5.18995511811e-06, 2.44258308157e-06, 2.27891155191e-06, 2.53053508459e-06, 5.87385784456e-06, 2.01654665943e-06, 1.13423868697e-06, 6.61192132156e-07, 4.94563835218e-07, 8.7699731921e-08, 4.2532413147e-08, 6.71276225717e-08, 4.33390887622e-08, 1.2592984433e-07, 6.56713297076e-08, 5.45754765824e-08, 3.98568502646e-08, 1.31489841237e-08, 2.24882263733e-18]}, "melbands_skewness": {"dvar2": 1.47859084606, "var": 1.93649256229, "min": -2.11407542229, "dmean": 0.566234886646, "mean": 1.75990176201, "max": 32.252532959, "dmean2": 0.857132315636, "median": 1.58051538467, "dvar": 0.607327342033}, "barkbands_skewness": {"dvar2": 0.792760252953, "var": 1.03107404709, "min": -2.59390735626, "dmean": 0.462580800056, "mean": 1.01969826221, "max": 15.6644868851, "dmean2": 0.7038372159, "median": 0.928673148155, "dvar": 0.330302596092}, "erbbands": {"dvar2": [0.018513482064, 2.00230836868, 14.0132341385, 10.0030069351, 31.78632164, 59.0847320557, 188.9034729, 1156.58972168, 2744.68579102, 4563.10351563, 4108.61523438, 5776.57763672, 5691.63964844, 3992.8581543, 10705.2568359, 7426.73486328, 25331.5507813, 11281.8857422, 7879.71435547, 4275.51074219, 2980.51196289, 2573.30932617, 435.999053955, 421.069519043, 305.785491943, 387.295196533, 190.192443848, 206.085708618, 382.810638428, 369.347930908, 103.728744507, 75.1081619263, 30.127407074, 14.7281389236, 4.41006803513, 0.717113375664, 0.131396844983, 0.00186460861005, 5.20755577327e-07, 1.21271093168e-09], "var": [0.0138939339668, 1.05944681168, 6.02144575119, 7.04703092575, 20.2705669403, 40.1533889771, 115.496139526, 870.663757324, 2159.34130859, 5627.20068359, 4278.04199219, 6962.74121094, 8492.87109375, 5675.78173828, 21652.328125, 7061.03613281, 26085.4257813, 10228.2978516, 9361.50097656, 10060.4140625, 4567.47607422, 3518.14746094, 745.071594238, 648.347717285, 253.201751709, 327.256652832, 157.714431763, 123.595535278, 181.605743408, 125.744232178, 60.3179588318, 52.2883987427, 15.8001651764, 8.2654542923, 2.00437307358, 0.325616925955, 0.0489461943507, 0.000575956131797, 1.73268176695e-07, 1.00454622398e-09], "min": [4.91417026023e-22, 3.47560452321e-21, 5.47029846769e-21, 1.45454896268e-20, 2.01602753025e-20, 1.83520277873e-20, 1.29907616602e-19, 2.79854510724e-19, 7.44843261175e-19, 1.083121978e-18, 1.741395308e-18, 3.66513637819e-18, 2.29508126552e-18, 5.931952055e-18, 3.64301756861e-18, 1.86153977646e-18, 5.54828624815e-18, 3.94729554335e-18, 3.59869392267e-18, 4.34888015021e-18, 5.68210587329e-18, 7.55585235404e-18, 9.66860564176e-18, 1.11777015436e-17, 1.04177839497e-17, 1.71257521877e-17, 1.66398927656e-17, 1.56387345636e-17, 1.08310557915e-17, 1.72984344123e-17, 1.30555768964e-17, 1.35525279832e-17, 1.32439110326e-17, 1.29466396913e-17, 1.20084770831e-17, 6.57156656852e-18, 3.08921559901e-18, 1.17389377989e-18, 3.64420855359e-19, 3.64779800046e-20], "dmean": [0.0379808023572, 0.376279681921, 0.982180476189, 1.13852965832, 2.10374283791, 2.77401137352, 5.03601551056, 10.9679937363, 15.6624794006, 20.9105930328, 20.6743927002, 23.5023956299, 23.490486145, 19.154302597, 25.2303466797, 19.6815299988, 32.3624610901, 27.5027732849, 24.2747383118, 22.3961658478, 17.7513713837, 14.5840806961, 6.98394441605, 6.36488389969, 4.73023605347, 5.67046642303, 4.64334106445, 4.51350927353, 4.93927717209, 4.10525131226, 2.46055626869, 1.73827922344, 1.28418648243, 0.974048435688, 0.629105746746, 0.281910866499, 0.117267236114, 0.0128788817674, 0.000224329094635, 1.64545162988e-05], "mean": [0.0755831450224, 0.702198088169, 1.57267594337, 1.84214222431, 3.28883433342, 4.86303949356, 8.11229228973, 16.1052932739, 25.8707046509, 36.9907531738, 38.2229766846, 44.3816566467, 48.5541725159, 39.4731521606, 54.6372032166, 34.1124267578, 53.1750106812, 47.3738708496, 44.5651397705, 44.0723152161, 36.9692077637, 29.243637085, 14.7344961166, 12.1320447922, 8.09645938873, 9.43838691711, 7.50872373581, 6.68808603287, 6.36014175415, 4.56586790085, 3.00013875961, 2.09122514725, 1.43444383144, 1.08156979084, 0.644972026348, 0.283548742533, 0.106362968683, 0.0106467464939, 0.000204371011932, 3.73027360183e-05], "max": [1.19284915924, 10.5042543411, 30.4248027802, 25.4575233459, 56.6192131042, 92.7067947388, 223.235351563, 523.778808594, 817.51550293, 956.583984375, 991.80682373, 1856.92932129, 1379.80480957, 1091.12438965, 1988.86462402, 2284.22680664, 3696.85424805, 3058.33251953, 1613.05810547, 2698.22827148, 1348.84509277, 997.516113281, 390.311584473, 606.141418457, 344.665283203, 370.497131348, 296.045227051, 175.396484375, 234.393310547, 178.985992432, 135.814437866, 234.747451782, 76.9329986572, 71.8129730225, 23.7285900116, 6.26328706741, 4.21763134003, 0.418761759996, 0.00702449865639, 0.000340583967045], "dmean2": [0.0571898184717, 0.593215763569, 1.64024531841, 1.84597933292, 3.48419570923, 4.48238754272, 8.05922412872, 17.5724010468, 24.395778656, 32.1032142639, 31.0247802734, 35.2690505981, 34.1390113831, 28.5419712067, 36.6177902222, 29.0385665894, 48.5914916992, 40.8142166138, 36.4162406921, 31.5492076874, 25.8918972015, 21.1025123596, 10.1303215027, 9.38697052002, 7.07528972626, 8.2752790451, 6.71004629135, 6.74008560181, 7.80138015747, 6.59789133072, 3.77330517769, 2.63499116898, 1.99796831608, 1.52359032631, 0.998364329338, 0.448227763176, 0.193364366889, 0.0219517517835, 0.000376706477255, 2.42978458118e-05], "median": [0.0119972201064, 0.131602346897, 0.409983336926, 0.822229623795, 1.57825565338, 2.79344129562, 4.86701869965, 7.49488258362, 11.5720310211, 12.0126132965, 16.089723587, 16.7359466553, 17.0299606323, 12.5611743927, 11.8609809875, 11.8559341431, 13.668135643, 15.9553565979, 13.9372472763, 16.2919845581, 16.2284069061, 11.2460260391, 6.63015127182, 4.89044475555, 3.58621454239, 3.82679891586, 3.00435972214, 2.76015305519, 2.07712769508, 1.17818820477, 0.722441256046, 0.42504543066, 0.291804581881, 0.236059427261, 0.144694700837, 0.0608201883733, 0.0179544612765, 0.00141548598185, 4.51001760666e-05, 2.93491484626e-05], "dvar": [0.00793734192848, 0.77261441946, 5.19519233704, 4.00867605209, 12.515955925, 22.5490970612, 74.8350982666, 484.265014648, 1174.95239258, 1998.07910156, 1823.45422363, 2766.06103516, 2708.2800293, 1806.90942383, 5200.69384766, 3543.16894531, 11498.6474609, 5351.18603516, 3579.43579102, 2633.53735352, 1468.3269043, 1291.68664551, 217.815612793, 217.51852417, 128.605026245, 171.913070679, 84.3004837036, 84.7673568726, 148.916275024, 139.600296021, 45.5106773376, 35.2580490112, 12.8561735153, 6.49358081818, 1.80458748341, 0.298703402281, 0.0522282458842, 0.000711942324415, 2.01495481633e-07, 5.22417664683e-10]}, "silence_rate_30dB": {"dvar2": 0.0016603510594, "var": 0.000276780076092, "min": 0, "dmean": 0.000553786521778, "mean": 0.999723136425, "max": 1, "dmean2": 0.00110772636253, "median": 1, "dvar": 0.000553476973437}, "melbands_spread": {"dvar2": 325.498504639, "var": 264.796813965, "min": 0.447005867958, "dmean": 7.60504627228, "mean": 26.7280921936, "max": 190.239028931, "dmean2": 11.7998113632, "median": 23.8213577271, "dvar": 138.10925293}, "melbands_crest": {"dvar2": 17.4064025879, "var": 19.3816318512, "min": 2.69116735458, "dmean": 2.81609869003, "mean": 11.7554855347, "max": 38.265712738, "dmean2": 4.54834890366, "median": 10.9575424194, "dvar": 6.88953113556}, "zerocrossingrate": {"dvar2": 0.000369012617739, "var": 0.00120910862461, "min": 0.0048828125, "dmean": 0.0131869064644, "mean": 0.0665944889188, "max": 0.5009765625, "dmean2": 0.0159587245435, "median": 0.0595703125, "dvar": 0.000291137286695}, "barkbands_kurtosis": {"dvar2": 184.139083862, "var": 89.3471984863, "min": -1.84881162643, "dmean": 1.97672343254, "mean": 2.01121425629, "max": 325.291015625, "dmean2": 3.18342733383, "median": 0.600102126598, "dvar": 67.8962860107}, "spectral_flux": {"dvar2": 0.00139489630237, "var": 0.00178927055094, "min": 1.0162149594e-10, "dmean": 0.0251351166517, "mean": 0.0760309919715, "max": 0.269196689129, "dmean2": 0.0370417572558, "median": 0.0688978880644, "dvar": 0.000658951874357}, "barkbands_crest": {"dvar2": 10.5262241364, "var": 11.388633728, "min": 2.53707313538, "dmean": 2.20743012428, "mean": 8.57279777527, "max": 25.0588874817, "dmean2": 3.53555035591, "median": 7.92608451843, "dvar": 4.19660758972}, "barkbands_flatness_db": {"dvar2": 0.000882197113242, "var": 0.00156168988906, "min": 0.0396724827588, "dmean": 0.0213452223688, "mean": 0.136997014284, "max": 0.366160392761, "dmean2": 0.0311578717083, "median": 0.13456389308, "dvar": 0.000402613542974}, "spectral_entropy": {"dvar2": 0.0988667681813, "var": 0.183131858706, "min": 5.89944696426, "dmean": 0.225054457784, "mean": 7.55798768997, "max": 9.79295539856, "dmean2": 0.311644285917, "median": 7.55041980743, "dvar": 0.050912193954}, "pitch_salience": {"dvar2": 0.00817239936441, "var": 0.0131980590522, "min": 0.0756378620863, "dmean": 0.0654324293137, "mean": 0.583440005779, "max": 0.88611549139, "dmean2": 0.102548934519, "median": 0.585466086864, "dvar": 0.00335710332729}, "erbbands_spread": {"dvar2": 177.008850098, "var": 257.927246094, "min": 2.36528682709, "dmean": 7.67142105103, "mean": 31.3994731903, "max": 150.071716309, "dmean2": 11.3824987411, "median": 27.9871444702, "dvar": 81.002822876}, "dynamic_complexity": 3.46347498894, "spectral_contrast_valleys": {"dvar2": [0.443853586912, 0.263427406549, 0.214560881257, 0.189928263426, 0.208718553185, 0.466134160757], "var": [1.44962894917, 0.875836908817, 0.878305375576, 0.877237737179, 0.887179672718, 1.33412444592], "min": [-26.9397220612, -27.1615600586, -27.2474536896, -27.4220561981, -27.1415576935, -27.1207637787], "dmean": [0.503673017025, 0.414983183146, 0.372241973877, 0.353345841169, 0.373024910688, 0.559066057205], "mean": [-7.77809286118, -6.6564207077, -7.36964941025, -7.64727544785, -7.80791521072, -10.2852687836], "max": [-5.61961126328, -4.68415403366, -5.28027820587, -5.67231225967, -5.64696502686, -7.4440779686], "dmean2": [0.763879060745, 0.620883226395, 0.54663258791, 0.498066931963, 0.484501361847, 0.68657541275], "median": [-7.60525989532, -6.57618236542, -7.29243803024, -7.55508232117, -7.71953964233, -10.2370204926], "dvar": [0.247524857521, 0.135975450277, 0.114256024361, 0.11268889159, 0.131290897727, 0.266272544861]}, "hfc": {"dvar2": 237.175674438, "var": 426.295166016, "min": 1.18661149983e-16, "dmean": 8.2486076355, "mean": 22.6467208862, "max": 134.62272644, "dmean2": 11.2458105087, "median": 16.5021247864, "dvar": 117.773109436}, "spectral_kurtosis": {"dvar2": 9.57305049896, "var": 10.3518877029, "min": -1.22415828705, "dmean": 1.91828894615, "mean": 5.34239768982, "max": 27.8434753418, "dmean2": 3.03315138817, "median": 4.73434114456, "dvar": 4.00354862213}, "mfcc": {"mean": [-645.111694336, 122.750839233, -13.2363872528, 7.63650417328, -3.04317450523, 1.96006596088, -9.19575691223, -3.87637329102, 3.85022234917, -1.00992071629, -0.400411486626, 0.265102744102, -0.0246427562088], "cov": [[6185.63427734, -436.637542725, -68.738899231, -101.705871582, -184.449859619, 83.9102859497, -128.43838501, 48.3688316345, 104.471748352, 112.956771851, 78.6273345947, 47.5266075134, -1.72751677036], [-436.637542725, 1323.72766113, -221.904907227, 63.7864646912, 119.675704956, 95.581413269, 102.337028503, 91.5080413818, 118.151618958, 26.4167861938, 52.0770683289, 67.9208602905, 42.6637916565], [-68.738899231, -221.904907227, 571.831420898, 113.549156189, 146.308654785, 57.4579696655, 77.1503753662, 14.8332834244, 9.07376861572, 21.3712596893, 17.8904647827, 11.9554786682, 49.1690216064], [-101.705871582, 63.7864646912, 113.549156189, 320.260345459, 166.281585693, 75.3338241577, 48.9787597656, 40.9196052551, 72.2235946655, 53.5227394104, 28.633398056, 20.5881614685, 31.6794891357], [-184.449859619, 119.675704956, 146.308654785, 166.281585693, 272.136932373, 82.8117675781, 32.371181488, 13.3177471161, 69.029258728, 39.5794563293, 28.8963718414, 31.4749355316, 39.2784004211], [83.9102859497, 95.581413269, 57.4579696655, 75.3338241577, 82.8117675781, 179.288223267, 68.7744674683, 54.2152290344, 52.8161239624, 44.7798538208, 39.5487976074, 35.7445030212, 21.7378311157], [-128.43838501, 102.337028503, 77.1503753662, 48.9787597656, 32.371181488, 68.7744674683, 179.948638916, 101.746299744, 28.5520515442, 26.0948619843, 34.6429405212, 19.5226612091, 15.3138446808], [48.3688316345, 91.5080413818, 14.8332834244, 40.9196052551, 13.3177471161, 54.2152290344, 101.746299744, 177.992675781, 60.6415748596, 38.7366867065, 46.9461364746, 9.47818565369, 1.39971733093], [104.471748352, 118.151618958, 9.07376861572, 72.2235946655, 69.029258728, 52.8161239624, 28.5520515442, 60.6415748596, 148.504653931, 63.6635093689, 36.5403404236, 23.7087669373, 14.5779724121], [112.956771851, 26.4167861938, 21.3712596893, 53.5227394104, 39.5794563293, 44.7798538208, 26.0948619843, 38.7366867065, 63.6635093689, 123.559967041, 52.1930809021, 17.2825737, -2.77783870697], [78.6273345947, 52.0770683289, 17.8904647827, 28.633398056, 28.8963718414, 39.5487976074, 34.6429405212, 46.9461364746, 36.5403404236, 52.1930809021, 109.163757324, 34.4612464905, -4.18192338943], [47.5266075134, 67.9208602905, 11.9554786682, 20.5881614685, 31.4749355316, 35.7445030212, 19.5226612091, 9.47818565369, 23.7087669373, 17.2825737, 34.4612464905, 83.0437545776, 28.2231025696], [-1.72751677036, 42.6637916565, 49.1690216064, 31.6794891357, 39.2784004211, 21.7378311157, 15.3138446808, 1.39971733093, 14.5779724121, -2.77783870697, -4.18192338943, 28.2231025696, 92.289024353]], "icov": [[0.000186792618479, 6.902696623e-05, -1.75007403413e-06, 3.64390143659e-05, 0.000186420686077, -0.000175903813215, 0.000240299734287, -9.3613351055e-05, -0.000154954075697, -9.58186428761e-05, -7.34139030101e-05, -9.47589724092e-05, -6.91076347721e-05], [6.902696623e-05, 0.00106976018287, 0.000664993014652, 0.000127643579617, -0.000538122083526, -0.000154812383698, -0.000542206515092, -6.53207607684e-05, -0.000567273818888, 0.000303232489387, -0.000158633847605, -0.000358194694854, -0.000333809526637], [-1.75007403413e-06, 0.000664993014652, 0.00265476666391, -0.000122836354421, -0.0014267929364, -4.64395634481e-05, -0.00132729683537, 0.000307603128022, 0.000289852818241, 1.18748466775e-05, -0.000274650839856, 0.000311321171466, -0.000998985837214], [3.64390143659e-05, 0.000127643579617, -0.000122836354421, 0.00494699785486, -0.00250589242205, -0.000360112462658, -0.000360184843885, -0.000338381738402, -0.00072420592187, -0.00083978055045, 0.000201659437153, 0.000356954929885, -0.000485679047415], [0.000186420686077, -0.000538122083526, -0.0014267929364, -0.00250589242205, 0.00723879691213, -0.001576684881, 0.000877930840943, 0.00102856522426, -0.00158206152264, 7.01630633557e-05, -0.000461733056, -0.000378628552426, -0.000651277601719], [-0.000175903813215, -0.000154812383698, -4.64395634481e-05, -0.000360112462658, -0.001576684881, 0.00838286336511, -0.00209801923484, -0.000483187992359, -0.000438451301306, -0.000999738113023, -0.00032267178176, -0.00159771449398, -0.000218230532482], [0.000240299734287, -0.000542206515092, -0.00132729683537, -0.000360184843885, 0.000877930840943, -0.00209801923484, 0.0102644376457, -0.00518610095605, 0.00133455276955, -0.000293724820949, -0.000180804549018, -0.000769854523242, -0.000410510518122], [-9.3613351055e-05, -6.53207607684e-05, 0.000307603128022, -0.000338381738402, 0.00102856522426, -0.000483187992359, -0.00518610095605, 0.0102867363021, -0.00307059730403, 0.000254937534919, -0.00237587303855, 0.00174734101165, 0.00021198799368], [-0.000154954075697, -0.000567273818888, 0.000289852818241, -0.00072420592187, -0.00158206152264, -0.000438451301306, 0.00133455276955, -0.00307059730403, 0.0113543318585, -0.00402938062325, 0.00034905175562, -0.000794164370745, -0.000700894801412], [-9.58186428761e-05, 0.000303232489387, 1.18748466775e-05, -0.00083978055045, 7.01630633557e-05, -0.000999738113023, -0.000293724820949, 0.000254937534919, -0.00402938062325, 0.0126709435135, -0.00432159937918, 0.000392443122109, 0.00109248422086], [-7.34139030101e-05, -0.000158633847605, -0.000274650839856, 0.000201659437153, -0.000461733056, -0.00032267178176, -0.000180804549018, -0.00237587303855, 0.00034905175562, -0.00432159937918, 0.0142893502489, -0.00520494161174, 0.00254163518548], [-9.47589724092e-05, -0.000358194694854, 0.000311321171466, 0.000356954929885, -0.000378628552426, -0.00159771449398, -0.000769854523242, 0.00174734101165, -0.000794164370745, 0.000392443122109, -0.00520494161174, 0.0169990044087, -0.0047829602845], [-6.91076347721e-05, -0.000333809526637, -0.000998985837214, -0.000485679047415, -0.000651277601719, -0.000218230532482, -0.000410510518122, 0.00021198799368, -0.000700894801412, 0.00109248422086, 0.00254163518548, -0.0047829602845, 0.0138024371117]]}, "silence_rate_20dB": {"dvar2": 0, "var": 0, "min": 1, "dmean": 0, "mean": 1, "max": 1, "dmean2": 0, "median": 1, "dvar": 0}, "melbands_kurtosis": {"dvar2": 2008.02990723, "var": 751.552978516, "min": -1.69519019127, "dmean": 4.46070337296, "mean": 6.68680953979, "max": 1468.79675293, "dmean2": 7.17426967621, "median": 3.31022644043, "dvar": 702.543273926}, "barkbands_spread": {"dvar2": 174.268539429, "var": 143.622116089, "min": 1.11045300961, "dmean": 6.50183343887, "mean": 22.2226333618, "max": 96.4658126831, "dmean2": 10.1520452499, "median": 19.7887840271, "dvar": 73.9746780396}, "erbbands_skewness": {"dvar2": 0.229837298393, "var": 0.393252491951, "min": -2.51885914803, "dmean": 0.337973743677, "mean": 0.314109921455, "max": 4.04617452621, "dmean2": 0.519545972347, "median": 0.320808827877, "dvar": 0.098172314465}, "average_loudness": 0.798968374729, "spectral_centroid": {"dvar2": 220125.40625, "var": 292046.375, "min": 315.131469727, "dmean": 249.140457153, "mean": 1366.47253418, "max": 10818.3623047, "dmean2": 378.447235107, "median": 1284.22973633, "dvar": 101215.179688}, "dissonance": {"dvar2": 0.00124374509323, "var": 0.00104411691427, "min": 0.220286905766, "dmean": 0.0216883886606, "mean": 0.455729305744, "max": 0.500000059605, "dmean2": 0.0361257866025, "median": 0.46240901947, "dvar": 0.000474675674923}, "erbbands_flatness_db": {"dvar2": 0.000950099143665, "var": 0.00226926687174, "min": 0.0411675907671, "dmean": 0.0244534108788, "mean": 0.165142610669, "max": 0.336001545191, "dmean2": 0.0334795378149, "median": 0.164037466049, "dvar": 0.000519770663232}, "spectral_strongpeak": {"dvar2": 2.81088161469, "var": 3.15539765358, "min": 0, "dmean": 0.693432927132, "mean": 1.35577237606, "max": 16.2521247864, "dmean2": 1.12314581871, "median": 0.550367534161, "dvar": 1.23686742783}, "spectral_rms": {"dvar2": 1.17195645544e-06, "var": 3.48059916178e-06, "min": 3.17412242323e-12, "dmean": 0.000755841145292, "mean": 0.00433354685083, "max": 0.0103739388287, "dmean2": 0.00100709474646, "median": 0.00428871018812, "dvar": 6.61970432247e-07}, "silence_rate_60dB": {"dvar2": 0.0883580669761, "var": 0.0726776719093, "min": 0, "dmean": 0.0415339879692, "mean": 0.0789036527276, "max": 1, "dmean2": 0.0830794796348, "median": 0, "dvar": 0.0398125089705}, "melbands": {"dvar2": [1.89396996575e-06, 3.58933516509e-06, 3.10440526619e-07, 1.85625594895e-07, 1.92510412944e-07, 5.08199605065e-07, 6.08019774972e-07, 5.61179433589e-07, 3.46086352465e-07, 1.97701822913e-07, 1.40711648555e-07, 7.39449248499e-08, 1.05415672635e-07, 7.13409420428e-08, 1.71604810362e-07, 7.75070319037e-08, 5.06622050978e-08, 2.97879800826e-08, 1.05579367471e-08, 8.39420977172e-09, 5.32837418632e-09, 3.74962638716e-09, 1.24130561385e-09, 2.8438179589e-10, 3.43179012985e-10, 2.12587225601e-10, 1.93972934937e-10, 2.10987102789e-10, 1.05761087388e-10, 6.51268067253e-11, 8.67955429751e-11, 1.22863677565e-10, 1.8432341764e-10, 9.91419515928e-11, 3.73051450842e-11, 4.06757197369e-11, 2.70100972838e-11, 1.51848585789e-11, 1.69887298673e-11, 9.72558925755e-12], "var": [1.24232087728e-06, 1.64413393122e-06, 2.29532972185e-07, 1.16918364768e-07, 1.22732828345e-07, 4.43604108114e-07, 4.71695869919e-07, 7.80668699463e-07, 3.51114664454e-07, 2.36402030396e-07, 2.10552371982e-07, 1.02127813761e-07, 2.22299362918e-07, 7.95300891809e-08, 1.83273186849e-07, 6.4107055664e-08, 4.2409535439e-08, 3.19193489418e-08, 1.53269432701e-08, 1.79474444195e-08, 7.51791784381e-09, 4.74323247346e-09, 2.09739670076e-09, 3.349596156e-10, 4.99947250265e-10, 1.62314064966e-10, 1.57883373042e-10, 1.85100837435e-10, 8.39667571584e-11, 4.18838401461e-11, 4.75685150991e-11, 6.48748693655e-11, 6.01229482866e-11, 3.5501566964e-11, 2.02846038577e-11, 2.29786901312e-11, 1.87407051683e-11, 7.43227875077e-12, 8.5661295765e-12, 5.48990323687e-12], "min": [4.6662238782e-24, 3.81031768464e-24, 3.02633332032e-24, 1.01131445429e-24, 3.76034137415e-24, 5.69890472872e-24, 1.15375482782e-23, 1.24484593761e-23, 1.29623146923e-23, 2.30890483503e-23, 1.09276696572e-23, 2.42507501629e-23, 1.63203472599e-23, 5.27906033318e-24, 8.8704726665e-24, 9.14607857868e-24, 7.80829906775e-24, 5.75555835235e-24, 5.31721240757e-24, 7.72774611414e-24, 6.58247903523e-24, 6.7262177752e-24, 1.15081474322e-23, 6.88485770324e-24, 9.54563110515e-24, 6.71907227312e-24, 1.06371329746e-23, 1.14702189999e-23, 1.16044073953e-23, 8.72293911115e-24, 8.98733294328e-24, 5.49941876629e-24, 7.88128447871e-24, 1.09398630802e-23, 8.02300728463e-24, 6.49294845008e-24, 9.15229085831e-24, 9.31312145308e-24, 9.29541468121e-24, 1.10497987359e-23], "dmean": [0.000385388033465, 0.000501098053064, 0.0002218879672, 0.00016211149341, 0.000167536069057, 0.000240216031671, 0.000237775195274, 0.000230655961786, 0.000186148186913, 0.000139466224937, 0.000117428142403, 7.8797515016e-05, 8.12802318251e-05, 5.76694365009e-05, 7.95070591266e-05, 6.03666812822e-05, 5.53604331799e-05, 4.23812962254e-05, 3.38258760166e-05, 2.82295313809e-05, 2.16525841097e-05, 1.71437877725e-05, 1.04394694063e-05, 5.34992841494e-06, 5.50852746528e-06, 3.64883226212e-06, 3.61788943337e-06, 4.03909734814e-06, 3.11659050567e-06, 2.70785471912e-06, 2.76388482234e-06, 2.85546343548e-06, 2.83964072878e-06, 2.11733367905e-06, 1.46939362367e-06, 1.24283042169e-06, 1.02148851511e-06, 8.99158976608e-07, 8.92455034318e-07, 8.1596255086e-07], "mean": [0.000763253541663, 0.000889343558811, 0.000370583642507, 0.000287007744191, 0.000283113389742, 0.000364617531886, 0.00039082809235, 0.000414542271756, 0.000337575329468, 0.00026421219809, 0.0002365065302, 0.000151421510964, 0.00017672724789, 9.84149883152e-05, 0.000123057383462, 9.4572926173e-05, 8.84677792783e-05, 7.14479756425e-05, 5.8610112319e-05, 5.60948428756e-05, 4.13764901168e-05, 3.21581755998e-05, 2.01714337891e-05, 1.03154679891e-05, 9.80552522378e-06, 5.85045927437e-06, 5.6084154493