{"tonal": {"thpcp": [1, 0.664474606514, 0.212297216058, 0.149762973189, 0.144966781139, 0.392586559057, 0.696636974812, 0.517838895321, 0.426483899355, 0.571424901485, 0.383967131376, 0.197390645742, 0.195452928543, 0.213080957532, 0.491161972284, 0.766612887383, 0.505028128624, 0.191277548671, 0.1447288692, 0.148893147707, 0.446370869875, 0.759821712971, 0.50112247467, 0.219483464956, 0.216779187322, 0.18664175272, 0.219814330339, 0.281945586205, 0.251299709082, 0.536541759968, 0.84126329422, 0.533250331879, 0.243931010365, 0.20908819139, 0.179305404425, 0.560494363308], "hpcp": {"dmean2": [0.208639532328, 0.17640671134, 0.134432643652, 0.13835786283, 0.158561497927, 0.218431249261, 0.247579708695, 0.218479171395, 0.141633495688, 0.109911292791, 0.107581503689, 0.183050662279, 0.232325062156, 0.196390539408, 0.127859219909, 0.112291522324, 0.100028835237, 0.100198753178, 0.110797785223, 0.113145813346, 0.196735233068, 0.238846793771, 0.192522600293, 0.15482892096, 0.125579863787, 0.0985350906849, 0.192433416843, 0.253311932087, 0.215487658978, 0.128067418933, 0.100546292961, 0.093899205327, 0.16214120388, 0.21297237277, 0.194089919329, 0.189426884055], "median": [0.106271401048, 0.0754107683897, 0.0294904969633, 0.0265046041459, 0.0297957360744, 0.115289367735, 0.192284077406, 0.120596528053, 0.0230179056525, 0.013854842633, 0.018920686096, 0.110591813922, 0.190838560462, 0.13357616961, 0.0377689823508, 0.0299489181489, 0.031191688031, 0.0421983525157, 0.0501141548157, 0.0513260662556, 0.154452353716, 0.23513841629, 0.144875228405, 0.0409550145268, 0.0316229090095, 0.0283034965396, 0.169846728444, 0.304113298655, 0.198252350092, 0.0350548177958, 0.0189644396305, 0.0204613469541, 0.0819852128625, 0.144923657179, 0.113302350044, 0.0970146134496], "min": [0, 0, 0, 0, 0, 0, 0, 0, 0, 0, 0, 0, 0, 0, 0, 0, 0, 0, 0, 0, 0, 0, 0, 0, 0, 0, 0, 0, 0, 0, 0, 0, 0, 0, 0, 0], "dvar2": [0.078764282167, 0.0613851509988, 0.0520113036036, 0.0642261356115, 0.0695230141282, 0.0805983617902, 0.0927130952477, 0.0790457352996, 0.0651773586869, 0.0521574430168, 0.0416100844741, 0.0535155087709, 0.0753160268068, 0.0563276521862, 0.0430941320956, 0.037762414664, 0.0323889888823, 0.0288859680295, 0.0348254218698, 0.0310014281422, 0.0524689368904, 0.0788403004408, 0.0533861592412, 0.0604496784508, 0.0405204854906, 0.0315295644104, 0.0505603030324, 0.0868105366826, 0.061033219099, 0.0485576502979, 0.0404659695923, 0.0356409400702, 0.0520589388907, 0.077419616282, 0.0677172243595, 0.0633743032813], "dvar": [0.0329138822854, 0.0229794662446, 0.0188946072012, 0.0235751532018, 0.0251150298864, 0.0292278062552, 0.0372573360801, 0.0298184156418, 0.0232820510864, 0.0186803042889, 0.0149887865409, 0.0209440868348, 0.0317187346518, 0.0213045496494, 0.0156753454357, 0.014566976577, 0.011488080956, 0.0103654153645, 0.0132793067023, 0.0119329597801, 0.0209076479077, 0.0344275161624, 0.0205467995256, 0.022034438327, 0.0153639763594, 0.0119499284774, 0.0190323442221, 0.036529019475, 0.0243028942496, 0.0176015272737, 0.015283617191, 0.0129376435652, 0.0204155091196, 0.0336386375129, 0.0258775111288, 0.0240021478385], "dmean": [0.126692965627, 0.106206223369, 0.076749868691, 0.0785888880491, 0.0894828364253, 0.129104167223, 0.14856852591, 0.130052104592, 0.0798342451453, 0.0611983723938, 0.0603688694537, 0.111101321876, 0.141366630793, 0.119128577411, 0.0747198313475, 0.0667918920517, 0.0586516223848, 0.0594449788332, 0.0668663606048, 0.0676655396819, 0.122669428587, 0.148207306862, 0.117024347186, 0.0885587781668, 0.0724839568138, 0.0571821928024, 0.119364470243, 0.154986664653, 0.132745712996, 0.0752884820104, 0.0576232634485, 0.0535674393177, 0.0993685275316, 0.129404634237, 0.117296598852, 0.114090688527], "max": [1, 1, 1, 1, 1, 1, 1, 1, 1, 1, 1, 1, 1, 1, 1, 1, 1, 1, 1, 1, 1, 1, 1, 1, 1, 1, 1, 1, 1, 1, 1, 1, 1, 1, 1, 1], "var": [0.0963722392917, 0.0436984524131, 0.0215611215681, 0.0244684405625, 0.0254032406956, 0.0556633993983, 0.115641996264, 0.0582436770201, 0.0232381802052, 0.0182172190398, 0.0158265475184, 0.0435898900032, 0.108504474163, 0.0479460321367, 0.0219942349941, 0.0263329818845, 0.0178994722664, 0.0205502174795, 0.0384484864771, 0.0256611965597, 0.0506444200873, 0.117698550224, 0.0546965524554, 0.0270699132234, 0.0224454868585, 0.020049976185, 0.0494947731495, 0.133034706116, 0.0708292275667, 0.0218024514616, 0.0176493860781, 0.0153704546392, 0.0424021519721, 0.113698095083, 0.0645416751504, 0.0456261746585], "mean": [0.248490288854, 0.166972249746, 0.0858374536037, 0.08499481529, 0.0926605537534, 0.213587090373, 0.333369880915, 0.219616934657, 0.0831791087985, 0.0629369094968, 0.0647477954626, 0.19410918653, 0.330416679382, 0.217918530107, 0.0954447537661, 0.0942687690258, 0.0811631828547, 0.095588631928, 0.122607082129, 0.109280385077, 0.233320981264, 0.365832418203, 0.231889665127, 0.106076031923, 0.0909242555499, 0.0779728889465, 0.243737027049, 0.434860795736, 0.288953959942, 0.0923197343946, 0.0651260465384, 0.063040368259, 0.170720502734, 0.302940100431, 0.225187838078, 0.185461133718]}, "tuning_equal_tempered_deviation": 0.0127570545301, "chords_changes_rate": 0.0466820187867, "key_key": "E", "tuning_diatonic_strength": 0.584212183952, "key_scale": "major", "chords_number_rate": 0.00125601841137, "tuning_frequency": 440.508636475, "tuning_nontempered_energy_ratio": 0.639698266983, "chords_histogram": [20.776638031, 2.74230694771, 9.08520030975, 0.26167050004, 2.60623812675, 0, 1.17228388786, 0, 0.0104668205604, 0, 0.052334100008, 0.0104668205604, 0.167469128966, 0, 0, 1.3083524704, 0, 3.40171647072, 0.586141943932, 6.83483362198, 3.0458445549, 23.9690189362, 14.0255393982, 9.94347953796], "key_strength": 0.726183116436, "chords_key": "F#", "chords_strength": {"dmean2": 0.00662882532924, "median": 0.483239233494, "min": 0.242595896125, "dvar2": 4.63378819404e-05, "dvar": 3.6417543015e-05, "dmean": 0.00665898295119, "max": 0.725982069969, "var": 0.00778472237289, "mean": 0.48558139801}, "chords_scale": "minor", "hpcp_entropy": {"dmean2": 0.858567118645, "median": 2.06281065941, "min": 0, "dvar2": 0.520718038082, "dvar": 0.198261216283, "dmean": 0.514026403427, "max": 4.58688211441, "var": 0.500169575214, "mean": 2.07229351997}}, "metadata": {"audio_properties": {"equal_loudness": 0, "codec": "mp3", "downmix": "mix", "sample_rate": 44100, "analysis_sample_rate": 44100, "bit_rate": 128000, "md5_encoded": "84aab162ea506f8e796d824e2a3c8506", "length": 443.611419678, "replay_gain": -12.5391864777, "lossless": false}, "version": {"essentia_build_sha": "2d9f1f26377add8aeb1075a9c2973f962c4f09fd", "essentia": "2.1-beta2", "extractor": "music 1.0", "essentia_git_sha": "v2.1_beta2-1-ge3940c0"}, "tags": {"title": ["Travolta"], "media": ["CD"], "albumartist": ["The Search"], "musicbrainz_recordingid": ["07d57818-2dda-403b-89d6-f7e4b5c70c6d"], "originalyear": ["2003"], "discnumber": ["1/2"], "album": ["The Silverslut"], "musicbrainz album release country": ["SE"], "musicbrainz album type": ["album/compilation"], "musicbrainz album status": ["official"], "file_name": "1-16 Travolta.mp3", "musicbrainz_albumartistid": ["6d86f9f0-cb97-4793-97fc-e10fa7626834"], "date": ["2003"], "genre": ["Darkwave"], "musicbrainz_releasegroupid": ["6a96d4d2-52db-3f62-8f64-301ce48a77b2"], "script": ["Latn"], "originaldate": ["2003"], "musicbrainz_albumid": ["44a47b9a-0972-40f4-bdc8-f9908914a20f"], "artist": ["The Search"], "artistsort": ["Search, The"], "tracknumber": ["16/18"], "label": ["[no label]"], "albumartistsort": ["Search, The"], "acoustid_id": ["eeb11c69-1012-4b1d-a531-dd4d66ca0cae"], "musicbrainz_artistid": ["6d86f9f0-cb97-4793-97fc-e10fa7626834"]}}, "rhythm": {"bpm_histogram_first_peak_bpm": {"dmean2": 0, "median": 126, "min": 126, "dvar2": 0, "dvar": 0, "dmean": 0, "max": 126, "var": 0, "mean": 126}, "bpm": 126.003974915, "bpm_histogram_second_peak_spread": {"dmean2": 0, "median": 0.483333319426, "min": 0.483333319426, "dvar2": 0, "dvar": 0, "dmean": 0, "max": 0.483333319426, "var": 0, "mean": 0.483333319426}, "bpm_histogram_first_peak_weight": {"dmean2": 0, "median": 0.490690022707, "min": 0.490690022707, "dvar2": 0, "dvar": 0, "dmean": 0, "max": 0.490690022707, "var": 0, "mean": 0.490690022707}, "onset_rate": 1.95208227634, "beats_position": [0.49922901392, 1.01006805897, 1.52090704441, 2.03174591064, 2.53097510338, 3.08825397491, 3.64553284645, 4.19120168686, 4.67882061005, 5.17804956436, 5.66566896439, 6.15328788757, 6.64090681076, 7.11691617966, 7.59292507172, 8.06893444061, 8.54494285583, 9.02095222473, 9.49696159363, 9.97297000885, 10.4373693466, 10.9133787155, 11.3893871307, 11.8653964996, 12.3530158997, 12.840634346, 13.3166437149, 13.7926530838, 14.268661499, 14.7446708679, 15.2206802368, 15.696688652, 16.1726989746, 16.637096405, 17.1131057739, 17.5775051117, 18.0535144806, 18.5295238495, 19.0055332184, 19.4815406799, 19.96916008, 20.4451694489, 20.9211788177, 21.3855781555, 21.8615875244, 22.3375968933, 22.8136043549, 23.2896137238, 23.7656230927, 24.2416324615, 24.7176418304, 25.1936511993, 25.6696586609, 26.1456680298, 26.6216773987, 27.0976867676, 27.5853061676, 28.0613155365, 28.537322998, 29.0133323669, 29.4893417358, 29.9537410736, 30.4297504425, 30.9057598114, 31.3817672729, 31.8577766418, 32.3337860107, 32.8097953796, 33.2858047485, 33.750202179, 34.2262115479, 34.7138328552, 35.1898422241, 35.6658477783, 36.1302490234, 36.6062583923, 37.0822677612, 37.5582771301, 38.034286499, 38.5219039917, 38.9979133606, 39.4739227295, 39.9499320984, 40.4259414673, 40.9019508362, 41.3779602051, 41.8655776978, 42.3531951904, 42.8408164978, 43.3052139282, 43.7696151733, 44.2456245422, 44.7216300964, 45.1976394653, 45.6736488342, 46.1496582031, 46.625667572, 47.1016769409, 47.5776863098, 48.0536956787, 48.5297050476, 49.0057144165, 49.4817237854, 49.9577331543, 50.4337387085, 50.8981399536, 51.3741493225, 51.8501586914, 52.3261680603, 52.8021774292, 53.2781867981, 53.7541923523, 54.2185935974, 54.6829910278, 55.1590003967, 55.6350097656, 56.1110191345, 56.5870285034, 57.0630378723, 57.5390472412, 58.0150566101, 58.491065979, 58.9670753479, 59.4430847168, 59.9307022095, 60.4183197021, 60.9059410095, 61.3819503784, 61.8695678711, 62.3339653015, 62.8099746704, 63.2859840393, 63.7619934082, 64.2263946533, 64.6907958984, 65.1784133911, 65.6544189453, 66.1304321289, 66.6180496216, 67.0824508667, 67.5584564209, 68.0344696045, 68.5220870972, 69.0097045898, 69.485710144, 69.9617233276, 70.4377288818, 70.9137420654, 71.3897476196, 71.8541488647, 72.3301544189, 72.8061676025, 73.2821731567, 73.7465744019, 74.2225799561, 74.6985931396, 75.1745986938, 75.638999939, 76.1150131226, 76.6026306152, 77.0786361694, 77.554649353, 78.0306549072, 78.5066680908, 78.9942855835, 79.4819030762, 79.9579086304, 80.433921814, 80.9099273682, 81.3859405518, 81.8503417969, 82.3263473511, 82.8023605347, 83.2783660889, 83.7543716431, 84.2419967651, 84.7180023193, 85.1940155029, 85.6816329956, 86.1692504883, 86.6336517334, 87.1096572876, 87.5856704712, 88.0500640869, 88.5260772705, 89.0020828247, 89.4780960083, 89.9541015625, 90.4301147461, 90.9061203003, 91.3821334839, 91.8581390381, 92.3341445923, 92.8101577759, 93.2861633301, 93.7621765137, 94.2381820679, 94.7141952515, 95.1902008057, 95.6662139893, 96.1422195435, 96.6182327271, 97.0942382813, 97.5702438354, 98.046257019, 98.5222625732, 98.9982757568, 99.4858932495, 99.9619064331, 100.426300049, 100.890701294, 101.366706848, 101.842720032, 102.307121277, 102.79473877, 103.282356262, 103.746757507, 104.222763062, 104.698776245, 105.186393738, 105.662399292, 106.138412476, 106.61441803, 107.090431213, 107.554824829, 108.030838013, 108.506843567, 108.994468689, 109.458862305, 109.92326355, 110.399269104, 110.886894226, 111.351287842, 111.827301025, 112.291702271, 112.767707825, 113.243713379, 113.708114624, 114.195732117, 114.694961548, 115.170974731, 115.658592224, 116.134597778, 116.610610962, 117.086616516, 117.5626297, 118.038635254, 118.514648438, 118.990653992, 119.466667175, 119.942672729, 120.418685913, 120.894691467, 121.359092712, 121.835098267, 122.322715759, 122.798728943, 123.274734497, 123.750747681, 124.215148926, 124.69115448, 125.167160034, 125.643173218, 126.119178772, 126.606803894, 127.094421387, 127.582038879, 128.058044434, 128.534057617, 129.010070801, 129.486068726, 129.962081909, 130.438095093, 130.902496338, 131.378494263, 131.842895508, 132.318908691, 132.794921875, 133.282531738, 133.77015686, 134.246170044, 134.722167969, 135.186569214, 135.662582397, 136.138595581, 136.602996826, 137.078994751, 137.555007935, 138.031021118, 138.507034302, 138.994644165, 139.470657349, 139.946670532, 140.422668457, 140.910293579, 141.386306763, 141.862304688, 142.338317871, 142.814331055, 143.290344238, 143.766342163, 144.230743408, 144.71836853, 145.194366455, 145.670379639, 146.146392822, 146.622406006, 147.098403931, 147.574417114, 148.050430298, 148.526443481, 149.002441406, 149.490066528, 149.966079712, 150.442077637, 150.906478882, 151.382492065, 151.858505249, 152.334503174, 152.810516357, 153.286529541, 153.762542725, 154.238540649, 154.714553833, 155.190567017, 155.6665802, 156.142578125, 156.618591309, 157.094604492, 157.570602417, 158.046615601, 158.522628784, 158.998641968, 159.486251831, 159.973876953, 160.473098755, 160.949111938, 161.413513184, 161.982406616, 162.55128479, 163.120178223, 163.665847778, 164.211517334, 164.75718689, 165.302856445, 165.848526001, 166.405807495, 166.939865112, 167.485534668, 168.019592285, 168.553649902, 169.08770752, 169.633377075, 170.179046631, 170.724716187, 171.223937988, 171.723175049, 172.222396851, 172.721633911, 173.220855713, 173.731704712, 174.230926514, 174.730148315, 175.229385376, 175.70539856, 176.181396484, 176.645797729, 177.110198975, 177.562988281, 178.027389526, 178.491790771, 178.956192017, 179.420593262, 179.884979248, 180.349380493, 180.813781738, 181.266571045, 181.707748413, 182.137313843, 182.57850647, 183.054504395, 183.530517578, 184.006530762, 184.494140625, 184.993377686, 185.492599487, 186.026657104, 186.549118042, 187.059951782, 187.524353027, 188.000366211, 188.476364136, 188.963989258, 189.451599121, 189.96244812, 190.426849365, 190.89125061, 191.367248535, 191.843261719, 192.319274902, 192.795272827, 193.271286011, 193.747299194, 194.234924316, 194.72253418, 195.186935425, 195.65133667, 196.138946533, 196.614959717, 197.0909729, 197.566986084, 198.042984009, 198.518997192, 198.983398438, 199.459411621, 199.947021484, 200.434646606, 200.899047852, 201.375045776, 201.85105896, 202.315460205, 202.791473389, 203.267486572, 203.743484497, 204.231109619, 204.707122803, 205.194732666, 205.67074585, 206.146759033, 206.611160278, 207.098770142, 207.574783325, 208.050796509, 208.526794434, 209.014419556, 209.490432739, 209.966430664, 210.442443848, 210.918457031, 211.394470215, 211.87046814, 212.334869385, 212.810882568, 213.286895752, 213.751281738, 214.227294922, 214.703308105, 215.179321289, 215.643707275, 216.119720459, 216.595733643, 217.071746826, 217.547744751, 218.023757935, 218.499771118, 218.987380981, 219.463394165, 219.939407349, 220.427032471, 220.903030396, 221.379043579, 221.855056763, 222.319458008, 222.783843994, 223.259857178, 223.735870361, 224.211883545, 224.699493408, 225.18711853, 225.663131714, 226.139129639, 226.615142822, 227.091156006, 227.567153931, 228.031555176, 228.507568359, 228.971969604, 229.459594727, 229.935592651, 230.411605835, 230.887619019, 231.363616943, 231.851242065, 232.327255249, 232.803268433, 233.267654419, 233.732055664, 234.208068848, 234.684082031, 235.160079956, 235.63609314, 236.123718262, 236.611328125, 237.087341309, 237.551742554, 238.016143799, 238.492156982, 238.979766846, 239.455780029, 239.931793213, 240.407791138, 240.883804321, 241.348205566, 241.82421875, 242.300216675, 242.787841797, 243.275466919, 243.751464844, 244.227478027, 244.703491211, 245.167892456, 245.632278442, 246.108291626, 246.58430481, 247.060317993, 247.547927856, 248.035552979, 248.511566162, 248.987564087, 249.463577271, 249.939590454, 250.415603638, 250.891601563, 251.367614746, 251.84362793, 252.319625854, 252.795639038, 253.271652222, 253.747665405, 254.212051392, 254.676452637, 255.164077759, 255.640090942, 256.127716064, 256.603729248, 257.091339111, 257.555725098, 258.031738281, 258.496154785, 258.972137451, 259.448150635, 259.924163818, 260.400177002, 260.876190186, 261.352203369, 261.828216553, 262.304199219, 262.780212402, 263.256225586, 263.73223877, 264.196624756, 264.66104126, 265.125427246, 265.58984375, 266.065856934, 266.5418396, 267.02947998, 267.517089844, 268.004699707, 268.492340088, 268.979949951, 269.467559814, 269.955200195, 270.442810059, 270.907196045, 271.371612549, 271.835998535, 272.312011719, 272.788024902, 273.252410889, 273.728424072, 274.216064453, 274.703674316, 275.1796875, 275.655700684, 276.13168335, 276.607696533, 277.072113037, 277.548126221, 278.035736084, 278.511749268, 278.987762451, 279.463745117, 279.939758301, 280.404174805, 280.868560791, 281.356170654, 281.843811035, 282.331420898, 282.795837402, 283.271820068, 283.747833252, 284.212249756, 284.688262939, 285.152648926, 285.628662109, 286.116271973, 286.580688477, 287.056671143, 287.532684326, 288.00869751, 288.484710693, 288.94909668, 289.436737061, 289.912750244, 290.37713623, 290.853149414, 291.340759277, 291.816772461, 292.292785645, 292.768798828, 293.244812012, 293.720825195, 294.196807861, 294.684448242, 295.172058105, 295.636444092, 296.100860596, 296.576873779, 297.052886963, 297.540496826, 298.004882813, 298.480895996, 298.95690918, 299.444519043, 299.932159424, 300.419769287, 300.90737915, 301.383392334, 301.859405518, 302.323791504, 302.799804688, 303.275817871, 303.740234375, 304.204620361, 304.680633545, 305.156646729, 305.632659912, 306.108642578, 306.584655762, 307.049072266, 307.525085449, 308.001068115, 308.477081299, 308.96472168, 309.440734863, 309.916717529, 310.392730713, 310.868743896, 311.35635376, 311.843994141, 312.331604004, 312.819213867, 313.295227051, 313.759643555, 314.235626221, 314.700042725, 315.176055908, 315.652069092, 316.128051758, 316.604064941, 317.068481445, 317.544494629, 318.020507813, 318.484893799, 318.960906982, 319.436920166, 319.91293335, 320.388916016, 320.864929199, 321.340942383, 321.816955566, 322.29296875, 322.768981934, 323.244995117, 323.73260498, 324.220214844, 324.684631348, 325.149017334, 325.636627197, 326.112640381, 326.588653564, 327.064666748, 327.540679932, 328.028289795, 328.504302979, 328.980316162, 329.467926025, 329.932342529, 330.396728516, 330.872741699, 331.348754883, 331.824768066, 332.300750732, 332.776763916, 333.2527771, 333.728790283, 334.204803467, 334.68081665, 335.156829834, 335.62121582, 336.097229004, 336.573242188, 337.049255371, 337.525268555, 338.001251221, 338.477264404, 338.964904785, 339.452514648, 339.940124512, 340.427734375, 340.926971436, 341.426208496, 341.913818359, 342.40145874, 342.889068604, 343.330230713, 343.77142334, 344.212615967, 344.653778076, 345.094970703, 345.536132813, 345.977325439, 346.418487549, 346.848052979, 347.289245605, 347.742034912, 348.194824219, 348.647613525, 349.100402832, 349.553192139, 350.005981445, 350.458770752, 350.899963379, 351.341125488, 351.782318115, 352.223480225, 352.664672852, 353.105834961, 353.558624268, 354.011413574, 354.464202881, 354.905395508, 355.381408691, 355.857421875, 356.333404541, 356.797821045, 357.262207031, 357.726623535, 358.144561768, 358.562530518, 358.980499268, 359.3984375, 359.781585693, 360.164703369, 360.547851563, 360.930969238, 361.325714111, 361.720458984, 362.11517334, 362.509918213, 362.904663086, 363.299407959, 363.694152832, 364.088867188, 364.483612061, 364.878356934, 365.273101807, 365.74911499, 366.225128174, 366.701141357, 367.270019531, 367.827301025, 368.38458252, 368.953460693, 369.522338867, 370.079620361, 370.648529053, 371.217407227, 371.7862854, 372.355194092, 372.912475586, 373.46975708, 374.027008057, 374.607513428, 375.188018799, 375.76852417, 376.349029541, 376.929504395, 377.498413086, 378.06729126, 378.647796631, 379.228302002, 379.797180176, 380.377685547, 380.888519287, 381.399353027, 381.910186768, 382.351379395, 382.792541504, 383.233734131, 383.674926758, 384.116088867, 384.557281494, 384.998443604, 385.43963623, 385.88079834, 386.333587646, 386.763153076, 387.204345703, 387.633911133, 388.07510376, 388.516265869, 388.957458496, 389.421844482, 389.886260986, 390.350646973, 390.838256836, 391.325897217, 391.81350708, 392.301116943, 392.788757324, 393.287963867, 393.810424805, 394.332885742, 394.855316162, 395.3777771, 395.90020752, 396.411071777, 396.840637207, 397.270202637, 397.699768066, 398.129333496, 398.558898926, 398.988464355, 399.406433105, 399.824401855, 400.253967285, 400.683532715, 401.113098145, 401.542663574, 401.972229004, 402.401794434, 402.889434814, 403.377044678, 403.864654541, 404.352294922, 404.839904785, 405.327514648, 405.803527832, 406.279541016, 406.767150879, 407.266387939, 407.765625, 408.264831543, 408.79888916, 409.332977295, 409.867034912, 410.470733643, 411.074462891, 411.701385498, 412.328338623, 412.95526123, 413.582214355, 414.20916748, 414.836090088, 415.463043213, 416.101593018, 416.728515625, 417.35546875, 417.982391357, 418.609344482, 419.23626709, 419.863220215, 420.490142822, 421.128692627, 421.755645752, 422.394195557, 423.021118164, 423.659667969, 424.298217773, 424.925170898, 425.552093506, 426.179046631, 426.805969238, 427.432922363, 428.059844971, 428.686798096, 429.313720703, 429.940673828, 430.567596436, 431.055236816, 431.54284668, 432.030456543, 432.518096924, 433.017303467, 433.516540527, 434.027374268, 434.526611328, 435.025848389, 435.525085449, 436.024291992, 436.535125732, 437.04598999, 437.545196533, 438.044433594, 438.636535645, 439.228668213, 439.820770264, 440.424468994, 441.039825439, 441.655151367, 442.270477295, 442.885803223], "beats_loudness": {"dmean2": 0.0191032476723, "median": 0.0281773749739, "min": 1.83603710013e-09, "dvar2": 0.000410016393289, "dvar": 0.000131484834128, "dmean": 0.0108861001208, "max": 0.0980814695358, "var": 0.000420900352765, "mean": 0.0284819416702}, "danceability": 0.99167740345, "bpm_histogram_second_peak_weight": {"dmean2": 0, "median": 0.0339539982378, "min": 0.0339539982378, "dvar2": 0, "dvar": 0, "dmean": 0, "max": 0.0339539982378, "var": 0, "mean": 0.0339539982378}, "beats_count": 914, "bpm_histogram_second_peak_bpm": {"dmean2": 0, "median": 136, "min": 136, "dvar2": 0, "dvar": 0, "dmean": 0, "max": 136, "var": 0, "mean": 136}, "bpm_histogram_first_peak_spread": {"dmean2": 0, "median": 0.356321841478, "min": 0.356321841478, "dvar2": 0, "dvar": 0, "dmean": 0, "max": 0.356321841478, "var": 0, "mean": 0.356321841478}, "beats_loudness_band_ratio": {"dmean2": [0.206510260701, 0.202691406012, 0.259600937366, 0.15504604578, 0.106453463435, 0.0573640577495], "median": [0.138254880905, 0.182081341743, 0.236098960042, 0.113769717515, 0.0919698923826, 0.0266484171152], "min": [1.664813567e-06, 3.60200237992e-06, 0.000128213127027, 0.0010591634782, 1.23782301671e-05, 4.53122538602e-06], "dvar2": [0.0408417731524, 0.036025326699, 0.0483129955828, 0.0226866006851, 0.0124069303274, 0.00712544564158], "dvar": [0.0154567146674, 0.0122133865952, 0.0183361824602, 0.00941983796656, 0.00424115825444, 0.00259942375124], "dmean": [0.121008612216, 0.11579734087, 0.153627946973, 0.089744374156, 0.0596748813987, 0.0325941890478], "max": [0.870736658573, 0.984801650047, 0.992601573467, 0.992013037205, 0.755380451679, 0.675570845604], "var": [0.0256399773061, 0.0289440881461, 0.052105769515, 0.0252712666988, 0.0161213185638, 0.00453125359491], "mean": [0.176008269191, 0.219674929976, 0.301273077726, 0.172353878617, 0.126079916954, 0.0459672473371]}}, "lowlevel": {"barkbands_spread": {"dmean2": 4.7727265358, "median": 16.1220474243, "min": 0.146389558911, "dvar2": 28.33177948, "dvar": 12.2785997391, "dmean": 3.05141234398, "max": 110.810470581, "var": 88.7597885132, "mean": 16.7209243774}, "melbands_spread": {"dmean2": 7.18270206451, "median": 20.9621238708, "min": 0.460190117359, "dvar2": 73.5372238159, "dvar": 26.1665210724, "dmean": 4.42713594437, "max": 151.738800049, "var": 188.630081177, "mean": 22.6654071808}, "hfc": {"dmean2": 5.21976613998, "median": 15.9544143677, "min": 1.06356222949e-16, "dvar2": 63.9267425537, "dvar": 27.9904937744, "dmean": 3.46334648132, "max": 147.689620972, "var": 236.796920776, "mean": 18.583404541}, "barkbands_kurtosis": {"dmean2": 2.38861656189, "median": 1.0480389595, "min": -1.80645573139, "dvar2": 30.9763793945, "dvar": 10.8769950867, "dmean": 1.46990835667, "max": 215.682571411, "var": 38.5460700989, "mean": 2.38315224648}, "gfcc": {"mean": [-51.2150421143, 113.75756073, -151.572174072, 12.2561912537, -61.4349212646, -1.49671983719, -40.2699813843, 7.37259054184, -21.4446468353, -8.67449092865, -13.5832443237, -3.38849854469, -7.8297753334], "icov": [[0.000246863579378, -0.00046111937263, 0.000369059998775, -0.000585657660849, 0.000607340829447, -0.000419209274696, 0.000726426485926, -0.000302273489069, 0.000593278964516, -0.000634141557384, 0.000805014395155, -0.000547231233213, 0.000615643279161], [-0.00046111937263, 0.00263827154413, -0.00153386977036, 0.00107002304867, -0.00224470673129, 0.00190725782886, -0.00117557239719, 0.00142584531568, -0.00248458259739, 0.00308121345006, -0.00322352326475, 0.00333444215357, -0.00211394554935], [0.000369059998775, -0.00153386977036, 0.00229077716358, -0.000864124682266, 0.0013113191817, -0.0017584284069, 0.00226869038306, -0.00124491204042, 0.00141883827746, -0.00211450993083, 0.0019938366022, -0.00208719680086, 0.00233957287855], [-0.000585657660849, 0.00107002304867, -0.000864124682266, 0.00322384480387, -0.00244671665132, 2.35112092923e-05, -0.00106072262861, 0.000705576094333, -0.00153566990048, 0.0021947203204, -0.001086463104, 0.0013177911751, -0.00188715266995], [0.000607340829447, -0.00224470673129, 0.0013113191817, -0.00244671665132, 0.00613869121298, -0.000942973478232, -0.000568900606595, -0.000905026565306, 0.00354343000799, -0.00356364855543, 0.0029668265488, -0.00193030934315, 0.00227409787476], [-0.000419209274696, 0.00190725782886, -0.0017584284069, 2.35112092923e-05, -0.000942973478232, 0.00472905440256, -0.00164421566296, -0.000535014085472, -0.000209934441955, 0.00169935671147, -0.00293745123781, 0.00346674141474, -0.00146098353434], [0.000726426485926, -0.00117557239719, 0.00226869038306, -0.00106072262861, -0.000568900606595, -0.00164421566296, 0.00826115906239, -0.00173307571094, -0.000270956777968, 2.63295733021e-05, 0.00190055312123, -0.0022536511533, 0.00136131735053], [-0.000302273489069, 0.00142584531568, -0.00124491204042, 0.000705576094333, -0.000905026565306, -0.000535014085472, -0.00173307571094, 0.00836712308228, -0.00359097099863, 0.000541702494957, 0.00131828838494, 0.000949687731918, 6.8206092692e-05], [0.000593278964516, -0.00248458259739, 0.00141883827746, -0.00153566990048, 0.00354343000799, -0.000209934441955, -0.000270956777968, -0.00359097099863, 0.0118083851412, -0.00601160433143, 0.000627007044386, 0.00244832248427, 0.000334876880515], [-0.000634141557384, 0.00308121345006, -0.00211450993083, 0.0021947203204, -0.00356364855543, 0.00169935671147, 2.63295733021e-05, 0.000541702494957, -0.00601160433143, 0.0149336522445, -0.00571749778464, -0.000150619453052, 0.001968216151], [0.000805014395155, -0.00322352326475, 0.0019938366022, -0.001086463104, 0.0029668265488, -0.00293745123781, 0.00190055312123, 0.00131828838494, 0.000627007044386, -0.00571749778464, 0.0134440753609, -0.00441149575636, 0.000474730768474], [-0.000547231233213, 0.00333444215357, -0.00208719680086, 0.0013177911751, -0.00193030934315, 0.00346674141474, -0.0022536511533, 0.000949687731918, 0.00244832248427, -0.000150619453052, -0.00441149575636, 0.015137036331, -0.00601366814226], [0.000615643279161, -0.00211394554935, 0.00233957287855, -0.00188715266995, 0.00227409787476, -0.00146098353434, 0.00136131735053, 6.8206092692e-05, 0.000334876880515, 0.001968216151, 0.000474730768474, -0.00601366814226, 0.0163355004042]], "cov": [[21795.8867188, -1811.99523926, 2687.22021484, 2687.44042969, -707.178894043, 2011.80859375, -1740.25048828, 739.741455078, -830.984130859, 248.806488037, -965.483703613, 54.6805305481, -674.760314941], [-1811.99523926, 2288.76953125, -367.23147583, -193.589035034, 287.97265625, -580.113830566, 235.597045898, -312.903991699, 335.824066162, -203.006286621, 305.968811035, -269.290130615, 193.954299927], [2687.22021484, -367.23147583, 1728.33520508, 296.30960083, -205.94367981, 580.283508301, -489.56729126, 261.17098999, -136.668838501, 181.25453186, -167.249160767, 18.2591629028, -249.277648926], [2687.44042969, -193.589035034, 296.30960083, 900.153564453, 134.701416016, 348.4402771, -100.124954224, 96.2583389282, -109.069915771, -41.7524795532, -146.20916748, -23.1194820404, -41.4247589111], [-707.178894043, 287.97265625, -205.94367981, 134.701416016, 394.76071167, -86.1396179199, 166.487854004, -45.6550254822, -9.37584877014, -39.134727478, 5.16158056259, -16.3040008545, 31.386674881], [2011.80859375, -580.113830566, 580.283508301, 348.4402771, -86.1396179199, 655.476989746, -168.888031006, 194.384902954, -113.957023621, 57.4352836609, -119.803062439, -9.65622520447, -114.525817871], [-1740.25048828, 235.597045898, -489.56729126, -100.124954224, 166.487854004, -168.888031006, 365.971374512, -51.6153526306, 85.0440673828, -70.2961578369, 61.816532135, -19.039899826, 83.9789352417], [739.741455078, -312.903991699, 261.17098999, 96.2583389282, -45.6550254822, 194.384902954, -51.6153526306, 239.971557617, 1.93559765816, 52.8519248962, -90.6598129272, -5.09372425079, -73.2639846802], [-830.984130859, 335.824066162, -136.668838501, -109.069915771, -9.37584877014, -113.957023621, 85.0440673828, 1.93559765816, 222.784744263, 17.2856254578, 77.0070037842, -78.1803131104, 28.0990219116], [248.806488037, -203.006286621, 181.25453186, -41.7524795532, -39.134727478, 57.4352836609, -70.2961578369, 52.8519248962, 17.2856254578, 151.112716675, 6.75100898743, 27.7498035431, -58.7500114441], [-965.483703613, 305.968811035, -167.249160767, -146.20916748, 5.16158056259, -119.803062439, 61.816532135, -90.6598129272, 77.0070037842, 6.75100898743, 187.07321167, -4.77220201492, 57.2524681091], [54.6805305481, -269.290130615, 18.2591629028, -23.1194820404, -16.3040008545, -9.65622520447, -19.039899826, -5.09372425079, -78.1803131104, 27.7498035431, -4.77220201492, 146.221282959, 13.0460662842], [-674.760314941, 193.954299927, -249.277648926, -41.4247589111, 31.386674881, -114.525817871, 83.9789352417, -73.2639846802, 28.0990219116, -58.7500114441, 57.2524681091, 13.0460662842, 130.998458862]]}, "spectral_energyband_middle_low": {"dmean2": 0.00550389150158, "median": 0.0115495119244, "min": 2.29843624061e-22, "dvar2": 5.99236664129e-05, "dvar": 2.38525390159e-05, "dmean": 0.00353570492007, "max": 0.106687352061, "var": 0.000160012481501, "mean": 0.013721964322}, "melbands_crest": {"dmean2": 4.34857654572, "median": 10.7353229523, "min": 1.79733145237, "dvar2": 16.6766910553, "dvar": 5.7172164917, "dmean": 2.60354566574, "max": 36.2549514771, "var": 22.8292102814, "mean": 11.6943511963}, "spectral_kurtosis": {"dmean2": 7.55915164948, "median": 5.57328605652, "min": -1.24063766003, "dvar2": 319.038818359, "dvar": 108.341392517, "dmean": 4.34314441681, "max": 639.107910156, "var": 558.916442871, "mean": 11.5305843353}, "spectral_rms": {"dmean2": 0.000742116768379, "median": 0.00465590320528, "min": 3.15678126001e-12, "dvar2": 7.70364863456e-07, "dvar": 3.07196785343e-07, "dmean": 0.000468677841127, "max": 0.0113423159346, "var": 4.67568133899e-06, "mean": 0.00429918291047}, "zerocrossingrate": {"dmean2": 0.00730055104941, "median": 0.052734375, "min": 0, "dvar2": 6.24741514912e-05, "dvar": 5.45572329429e-05, "dmean": 0.00598335592076, "max": 0.50927734375, "var": 0.00138016603887, "mean": 0.0596344582736}, "silence_rate_60dB": {"dmean2": 0.0257537681609, "median": 0, "min": 0, "dvar2": 0.0313718989491, "dvar": 0.0127097219229, "dmean": 0.0128762107342, "max": 1, "var": 0.160670474172, "mean": 0.201140999794}, "erbbands_kurtosis": {"dmean2": 1.42717921734, "median": -0.0475678145885, "min": -1.82465088367, "dvar2": 5.55092096329, "dvar": 2.3544728756, "dmean": 0.899089753628, "max": 50.0472106934, "var": 8.0069770813, "mean": 0.731976628304}, "erbbands": {"dmean2": [0.0475568883121, 0.331346750259, 2.3491961956, 4.34102249146, 5.38108205795, 8.08945941925, 12.8623332977, 17.0918941498, 30.7473888397, 21.2094345093, 20.082616806, 35.1158370972, 31.3757266998, 32.8908042908, 29.7663784027, 17.1107749939, 20.0828819275, 20.2433547974, 25.9803600311, 13.1744422913, 22.760799408, 25.4815235138, 13.1004686356, 10.2495145798, 6.13035774231, 4.04575777054, 3.06463432312, 2.63302016258, 2.33217954636, 1.5352152586, 1.46225500107, 1.12518835068, 0.608791768551, 0.3470659554, 0.249847099185, 0.117701724172, 0.0307641793042, 0.00448982976377, 9.42331680562e-05, 1.14320146167e-05], "median": [0.00483184866607, 0.0894746556878, 0.580947101116, 2.17946386337, 4.11559486389, 5.50843238831, 6.50015258789, 9.76553726196, 12.0633449554, 11.7570056915, 11.7442378998, 22.8526000977, 16.4279937744, 14.8324069977, 12.8069543839, 12.1164484024, 12.4544372559, 13.8263540268, 14.1641960144, 11.1711883545, 17.6668205261, 22.0792427063, 15.4521808624, 10.3156700134, 5.60043525696, 3.14542484283, 1.56789183617, 1.41556668282, 0.988059282303, 0.788475871086, 0.638042092323, 0.484875380993, 0.289176166058, 0.146236643195, 0.0704470425844, 0.0176778994501, 0.00247345794924, 0.000182370116818, 2.38886350417e-05, 2.93974226224e-05], "min": [2.38903760978e-22, 2.20115547888e-21, 2.23296780319e-21, 1.10005247167e-20, 2.87755746398e-20, 4.87391069723e-20, 1.10287784277e-19, 2.14588138011e-19, 1.77328834219e-19, 3.1916055662e-19, 4.46756940117e-19, 6.78094903922e-19, 9.48286161483e-19, 1.06019987265e-18, 1.4739706077e-18, 1.70173055006e-18, 2.70589514007e-18, 3.46890700981e-18, 5.22975264273e-18, 4.76310738556e-18, 4.52694111682e-18, 6.64669855638e-18, 5.81666747943e-18, 6.02060182842e-18, 1.3508079433e-17, 1.20399827383e-17, 1.32658404178e-17, 1.21070273813e-17, 9.09611145827e-18, 1.52905659719e-17, 1.42869940568e-17, 1.10792521615e-17, 1.0444284335e-17, 7.84516621791e-18, 7.79106943303e-18, 4.48151649348e-18, 2.45435551285e-18, 1.05068398688e-18, 2.66478612478e-19, 3.0344907514e-20], "dvar2": [0.0194122567773, 0.452498286963, 30.0139102936, 95.0872650146, 66.2978515625, 191.17539978, 1502.64013672, 1763.92150879, 7136.03173828, 2073.24365234, 3083.7331543, 5006.67480469, 4785.89160156, 6217.15136719, 10155.6445313, 1209.29821777, 2345.29370117, 2256.06860352, 6596.02392578, 495.497497559, 1243.70849609, 1614.52526855, 359.291046143, 248.042785645, 133.681762695, 67.7207489014, 55.5691223145, 41.681060791, 45.2789535522, 20.6084079742, 24.0498943329, 14.5094184875, 3.31252622604, 1.14218056202, 1.20082175732, 0.243578270078, 0.0207411646843, 0.000500628899317, 1.93493519873e-07, 3.71724290238e-10], "dvar": [0.00751544209197, 0.158670425415, 10.2739028931, 33.4826774597, 24.260591507, 68.9913482666, 417.181182861, 587.415039063, 2432.90063477, 1129.07641602, 1631.0526123, 2355.85864258, 2220.55639648, 2275.37792969, 3177.54858398, 413.16708374, 921.840881348, 798.383972168, 2231.26025391, 178.88822937, 466.382720947, 590.416503906, 129.719665527, 93.5640945435, 47.9886741638, 24.0788230896, 19.7853679657, 15.83152771, 16.9709358215, 8.34603214264, 10.128575325, 6.61310815811, 1.54928135872, 0.586612641811, 0.692138135433, 0.133866921067, 0.0105744162574, 0.000218267421587, 8.49188168672e-08, 1.70693612023e-10], "dmean": [0.0282568596303, 0.192678943276, 1.33376300335, 2.49037218094, 3.22507882118, 4.79846429825, 7.42960691452, 10.4860620499, 18.3684997559, 15.1585597992, 14.8782453537, 23.6955051422, 21.4112701416, 20.7319316864, 17.9098091125, 10.1845340729, 12.2066068649, 12.0500535965, 15.3442049026, 7.92072343826, 13.7629060745, 15.2920770645, 7.89940929413, 6.2943649292, 3.74845337868, 2.42969202995, 1.82331442833, 1.59475803375, 1.4240347147, 0.97338616848, 0.940262079239, 0.718099653721, 0.396071791649, 0.230480834842, 0.170075431466, 0.0789502114058, 0.0208781231195, 0.00299941422418, 6.32397350273e-05, 7.46154046283e-06], "max": [1.19805061817, 7.56642532349, 64.7204437256, 107.100090027, 94.4565658569, 165.261978149, 741.57598877, 937.306640625, 1219.93310547, 1113.60510254, 1395.99072266, 1717.58996582, 1067.61682129, 1047.63330078, 1378.78918457, 552.952941895, 1023.38623047, 841.443603516, 1649.26538086, 360.250457764, 395.921112061, 726.563049316, 219.956802368, 191.658569336, 175.890350342, 98.6233825684, 95.9208526611, 89.5986175537, 119.199737549, 95.9456100464, 174.875045776, 120.057693481, 49.2341957092, 44.9631729126, 58.5084915161, 29.797252655, 5.7960524559, 0.910307705402, 0.016417093575, 0.000585443922319], "var": [0.00688576232642, 0.267961978912, 12.8078765869, 33.5646591187, 63.3866539001, 115.170341492, 619.94744873, 2991.86865234, 7984.20117188, 5601.49462891, 9435.49609375, 8464.13769531, 9136.37792969, 7403.53808594, 5017.27978516, 824.344726563, 2931.53051758, 1670.71362305, 3551.15429688, 445.739349365, 1158.67456055, 1635.44885254, 402.832061768, 266.266967773, 108.199005127, 50.7344207764, 30.4041557312, 28.1560497284, 26.5606498718, 18.8723182678, 22.2119731903, 15.0708189011, 3.65473413467, 1.72546052933, 1.9617420435, 0.400930732489, 0.0289939641953, 0.000567952811252, 2.33100891478e-07, 8.30823632114e-10], "mean": [0.0301322378218, 0.310816764832, 1.96197259426, 3.67519211769, 6.5018787384, 8.59509372711, 13.7082424164, 28.2543315887, 39.3719406128, 36.623714447, 38.9565887451, 52.786190033, 53.1572380066, 46.9925270081, 32.7950515747, 21.1144447327, 25.8964195251, 25.5946998596, 28.486371994, 17.8511943817, 29.15102005, 35.2089385986, 20.2946071625, 15.1252326965, 8.98093795776, 5.51621055603, 3.57771730423, 3.24212503433, 2.82887172699, 2.22752523422, 2.03433966637, 1.50858354568, 0.847016274929, 0.473803162575, 0.309788882732, 0.130284920335, 0.0347931459546, 0.00494131445885, 0.000116876231914, 3.23038839269e-05]}, "spectral_strongpeak": {"dmean2": 0.941759705544, "median": 0.897154510021, "min": 0, "dvar2": 1.48287451267, "dvar": 0.589459180832, "dmean": 0.571446180344, "max": 13.4965705872, "var": 1.49973607063, "mean": 1.34724056721}, "spectral_energy": {"dmean2": 0.00821426231414, "median": 0.0222193673253, "min": 1.02143994044e-20, "dvar2": 0.000139456169563, "dvar": 5.52145356778e-05, "dmean": 0.00516912387684, "max": 0.131864324212, "var": 0.000349440524587, "mean": 0.023737533018}, "average_loudness": 0.779927968979, "spectral_rolloff": {"dmean2": 497.671783447, "median": 1270.45898438, "min": 21.533203125, "dvar2": 694290, "dvar": 295125.84375, "dmean": 293.56237793, "max": 19422.9492188, "var": 1942626.125, "mean": 1576.82006836}, "spectral_centroid": {"dmean2": 243.10395813, "median": 1205.12756348, "min": 207.081924438, "dvar2": 90506.9140625, "dvar": 35215.8398438, "dmean": 150.912597656, "max": 11446.2548828, "var": 402661.5625, "mean": 1280.89880371}, "pitch_salience": {"dmean2": 0.0903484597802, "median": 0.586009979248, "min": 0.0675398781896, "dvar2": 0.00601766677573, "dvar": 0.00219335500151, "dmean": 0.0547630563378, "max": 0.960553467274, "var": 0.0107300207019, "mean": 0.578929424286}, "spectral_energyband_middle_high": {"dmean2": 0.00238882261328, "median": 0.00423292163759, "min": 1.37171334726e-21, "dvar2": 1.83172360266e-05, "dvar": 7.11654365659e-06, "dmean": 0.00153220829088, "max": 0.0551784262061, "var": 4.79588670714e-05, "mean": 0.00631509488449}, "spectral_contrast_coeffs": {"dmean2": [0.0835387259722, 0.071527145803, 0.0586555600166, 0.0445531345904, 0.0355741083622, 0.0339678041637], "median": [-0.619749426842, -0.70445394516, -0.735298335552, -0.789791047573, -0.764177918434, -0.762367069721], "min": [-0.980646550655, -0.973723113537, -0.977746486664, -0.980531692505, -0.9