{"rhythm": {"bpm": 125.993537903, "bpm_histogram_second_peak_weight": {"mean": 0.00948212947696, "min": 0.00948212947696, "max": 0.00948212947696, "dmean2": 0, "dvar": 0, "dmean": 0, "median": 0.00948212947696, "dvar2": 0, "var": 0}, "bpm_histogram_first_peak_weight": {"mean": 0.807439804077, "min": 0.807439804077, "max": 0.807439804077, "dmean2": 0, "dvar": 0, "dmean": 0, "median": 0.807439804077, "dvar2": 0, "var": 0}, "danceability": 1.48841226101, "beats_loudness": {"mean": 0.0691362172365, "min": 0, "max": 0.331880003214, "dmean2": 0.049914740026, "dvar": 0.000629483838566, "dmean": 0.0262373927981, "median": 0.0642149522901, "dvar2": 0.00194737978745, "var": 0.00173276278656}, "onset_rate": 4.92432355881, "bpm_histogram_second_peak_spread": {"mean": 0.133333325386, "min": 0.133333325386, "max": 0.133333325386, "dmean2": 0, "dvar": 0, "dmean": 0, "median": 0.133333325386, "dvar2": 0, "var": 0}, "bpm_histogram_first_peak_spread": {"mean": 0.168918967247, "min": 0.168918967247, "max": 0.168918967247, "dmean2": 0, "dvar": 0, "dmean": 0, "median": 0.168918967247, "dvar2": 0, "var": 0}, "beats_position": [0.53405892849, 1.06811785698, 1.55573689938, 2.03174591064, 2.50775504112, 2.9837641716, 3.45977306366, 3.93578219414, 4.41179132462, 4.88780021667, 5.36380958557, 5.83981847763, 6.31582736969, 6.79183673859, 7.26784563065, 7.74385452271, 8.2198638916, 8.6958732605, 9.17188167572, 9.64789104462, 10.1239004135, 10.5999088287, 11.0759181976, 11.5519275665, 12.0279359818, 12.5039453506, 12.9799547195, 13.4559631348, 13.9319725037, 14.4079818726, 14.8839902878, 15.3599996567, 15.8360090256, 16.3120174408, 16.7880268097, 17.2640361786, 17.7400455475, 18.2160549164, 18.6920623779, 19.179681778, 19.6556911469, 20.1317005157, 20.6077098846, 21.0837192535, 21.5597267151, 22.035736084, 22.5117454529, 22.9877548218, 23.4637641907, 23.9397735596, 24.4157810211, 24.89179039, 25.3677997589, 25.8438091278, 26.3198184967, 26.7958278656, 27.2718353271, 27.747844696, 28.2238540649, 28.6998634338, 29.1874828339, 29.7099323273, 30.2555999756, 30.778049469, 31.3004989624, 31.7881164551, 32.2757377625, 32.7517471313, 33.2277526855, 33.7037620544, 34.1797714233, 34.6557807922, 35.1317901611, 35.60779953, 36.0838088989, 36.5598182678, 37.0358276367, 37.5118370056, 37.9878463745, 38.4638557434, 38.9398651123, 39.4158706665, 39.8918800354, 40.3795013428, 40.8555107117, 41.3315200806, 41.795917511, 42.2835350037, 42.7595443726, 43.2355537415, 43.7115631104, 44.1875724792, 44.6635818481, 45.139591217, 45.6156005859, 46.0916099548, 46.5676193237, 47.0436286926, 47.5196380615, 47.9956436157, 48.4716529846, 48.9476623535, 49.4236717224, 49.8996810913, 50.3756904602, 50.8516998291, 51.327709198, 51.8037185669, 52.2797279358, 52.7557373047, 53.2317466736, 53.7077522278, 54.1837615967, 54.6597709656, 55.1357803345, 55.6117897034, 56.0877990723, 56.5638084412, 57.0398178101, 57.515827179, 57.9918365479, 58.4678459167, 58.9438552856, 59.4198646545, 59.8958702087, 60.3718795776, 60.8478889465, 61.3238983154, 61.7999076843, 62.2759170532, 62.7519264221, 63.227935791, 63.7039451599, 64.1799545288, 64.655960083, 65.1319732666, 65.6079788208, 66.0839920044, 66.5599975586, 67.0360107422, 67.5120162964, 67.98802948, 68.4640350342, 68.9400405884, 69.416053772, 69.8920593262, 70.3680725098, 70.844078064, 71.3200912476, 71.7960968018, 72.2837142944, 72.759727478, 73.2357330322, 73.7117462158, 74.18775177, 74.6637649536, 75.1397705078, 75.6157836914, 76.0917892456, 76.5678024292, 77.0438079834, 77.5082092285, 77.9842147827, 78.4602279663, 78.9362335205, 79.4122467041, 79.8882522583, 80.3642578125, 80.8402709961, 81.3162765503, 81.7922897339, 82.2682952881, 82.7443084717, 83.2203140259, 83.6963272095, 84.1723327637, 84.6599502563, 85.1359634399, 85.6119689941, 86.0879821777, 86.5639877319, 87.0400009155, 87.5160064697, 87.9920196533, 88.4680252075, 88.9440383911, 89.4200439453, 89.8960494995, 90.3720626831, 90.8480682373, 91.3240814209, 91.8000869751, 92.2761001587, 92.7521057129, 93.2281188965, 93.7041244507, 94.1801376343, 94.6561431885, 95.1321487427, 95.6081619263, 96.0841674805, 96.5601806641, 97.0361862183, 97.5121994019, 97.9882049561, 98.4642181396, 98.9402236938, 99.4162368774, 99.8922424316, 100.368255615, 100.844261169, 101.320266724, 101.796279907, 102.272285461, 102.748298645, 103.224304199, 103.700317383, 104.176322937, 104.652336121, 105.128341675, 105.604354858, 106.080360413, 106.556373596, 107.03237915, 107.508384705, 107.984397888, 108.460403442, 108.936416626, 109.41242218, 109.888435364, 110.364440918, 110.840454102, 111.316459656, 111.792472839, 112.268478394, 112.744483948, 113.220497131, 113.696502686, 114.172515869, 114.648521423, 115.124534607, 115.600540161, 116.076553345, 116.552558899, 117.028572083, 117.504577637, 117.98059082, 118.456596375, 118.932601929, 119.408615112, 119.884620667, 120.372245789, 120.848251343, 121.324264526, 121.800270081, 122.276275635, 122.752288818, 123.228294373, 123.704307556, 124.18031311, 124.656326294, 125.132331848, 125.608345032, 126.084350586, 126.56036377, 127.036369324, 127.512374878, 127.988388062, 128.464401245, 128.94039917, 129.416412354, 129.892425537, 130.368438721, 130.844436646, 131.332061768, 131.808074951, 132.284072876, 132.76008606, 133.236099243, 133.712112427, 134.188110352, 134.664123535, 135.140136719, 135.616149902, 136.092147827, 136.568161011, 137.044174194, 137.520172119, 137.996185303, 138.472198486, 138.94821167, 139.424209595, 139.900222778, 140.376235962, 140.852249146, 141.32824707, 141.804260254, 142.280273438, 142.756271362, 143.243896484, 143.719909668, 144.172698975, 144.625488281, 145.078277588, 145.519454956, 145.972244263, 146.425033569, 146.877822876, 147.330612183, 147.783401489, 148.236190796, 148.688980103, 149.141769409, 149.606170654, 150.058959961, 150.511749268, 150.976135254, 151.440536499, 151.916549683, 152.392562866, 152.856964111, 153.263305664, 153.669662476, 154.076004028, 154.48236084, 154.888702393, 155.283447266, 155.689788818, 156.119369507, 156.548934937, 156.978500366, 157.419677734, 157.907302856, 158.39491272, 158.882537842, 159.370162964, 159.857772827, 160.345397949, 160.844619751, 161.320632935, 161.796646118, 162.284255981, 162.748657227, 163.22467041, 163.700683594, 164.188293457, 164.652694702, 165.140319824, 165.604721069, 166.092330933, 166.556732178, 167.0443573, 167.508743286, 167.996368408, 168.472381592, 168.948379517, 169.412780762, 169.900405884, 170.376419067, 170.852416992, 171.316818237, 171.804443359, 172.280456543, 172.756454468, 173.220855713, 173.708480835, 174.184494019, 174.660491943, 175.136505127, 175.612518311, 176.088516235, 176.564529419, 177.040542603, 177.516555786, 177.992553711, 178.468566895, 178.944580078, 179.420593262, 179.896591187, 180.37260437, 180.848617554, 181.324615479, 181.800628662, 182.276641846, 182.752655029, 183.228652954, 183.704666138, 184.180679321, 184.656692505, 185.13269043, 185.608703613, 186.084716797, 186.560714722, 187.036727905, 187.512741089, 187.988754272, 188.464752197, 188.940765381, 189.416778564, 189.892791748, 190.380401611, 190.844802856, 191.32081604, 191.796829224, 192.272827148, 192.748840332, 193.236465454, 193.70085144, 194.176864624, 194.652877808, 195.128890991, 195.604888916, 196.0809021, 196.556915283, 197.032928467, 197.508926392, 197.984939575, 198.460952759, 198.948562622, 199.424575806, 199.900588989, 200.376602173, 200.852600098, 201.328613281, 201.804626465, 202.28062439, 202.756637573, 203.232650757, 203.70866394, 204.184661865, 204.660675049, 205.136688232, 205.612701416, 206.088699341, 206.564712524, 207.040725708, 207.516723633, 207.992736816, 208.46875, 208.944763184, 209.420761108, 209.896774292, 210.372787476, 210.848800659, 211.324798584, 211.812423706, 212.276824951, 212.752838135, 213.22883606, 213.704849243, 214.180862427, 214.656860352, 215.132873535, 215.608886719, 216.084899902, 216.560897827, 217.036911011, 217.512924194, 217.988937378, 218.464935303, 218.940948486, 219.41696167, 219.892959595, 220.380584717, 220.844985962, 221.320999146, 221.79699707, 222.273010254, 222.749023438, 223.225036621, 223.701034546, 224.188659668, 224.653060913, 225.129058838, 225.605072021, 226.092697144, 226.557098389, 227.044708252, 227.509109497, 227.996734619, 228.461135864, 228.948745728, 229.413146973, 229.900772095, 230.36517334, 230.852783203, 231.328796387, 231.80480957, 232.280807495, 232.756820679, 233.232833862, 233.708831787, 234.184844971, 234.660858154, 235.136871338, 235.612869263, 236.088882446, 236.576507568, 237.052505493, 237.516906738, 237.992919922, 238.468933105, 238.944946289, 239.420944214, 239.896957397, 240.372970581, 240.848968506, 241.324981689, 241.800994873, 242.277008057, 242.753005981, 243.229019165, 243.705032349, 244.181045532, 244.657043457, 245.133056641, 245.609069824, 246.085067749, 246.561080933, 247.037094116, 247.5131073, 247.989105225, 248.476730347, 248.941131592, 249.417144775, 249.8931427, 250.369155884, 250.845169067, 251.321166992, 251.797180176, 252.284805298, 252.760818481, 253.236816406, 253.71282959, 254.188842773, 254.664840698, 255.140853882, 255.616867065, 256.09286499, 256.568878174, 257.044891357, 257.520904541, 257.996917725, 258.472930908, 258.948944092, 259.424926758, 259.900939941, 260.376953125, 260.852966309, 261.328979492, 261.804992676, 262.281005859, 262.756988525, 263.233001709, 263.709014893, 264.185028076, 264.66104126, 265.137054443, 265.613067627, 266.089050293, 266.565063477, 267.04107666, 267.517089844, 267.993103027, 268.469116211, 268.945129395, 269.421142578, 269.897125244, 270.373138428, 270.849151611, 271.325164795, 271.801177979, 272.277191162, 272.753204346, 273.229187012, 273.705200195, 274.181213379, 274.657226562, 275.133239746, 275.620849609, 276.085266113, 276.561279297, 277.037261963, 277.513275146, 277.98928833, 278.465301514, 278.941314697, 279.417327881, 279.893341064, 280.36932373, 280.845336914, 281.321350098, 281.797363281, 282.284973145, 282.749389648, 283.225402832, 283.701385498, 284.189025879, 284.653411865, 285.141052246, 285.605438232, 286.093048096, 286.5574646, 287.045074463, 287.509460449, 287.99710083, 288.473114014, 288.94909668, 289.413513184, 289.901123047, 290.37713623, 290.853149414, 291.3175354, 291.805175781, 292.269561768, 292.757171631, 293.233184814, 293.709197998, 294.185211182, 294.661224365, 295.137237549, 295.613250732, 296.077636719, 296.565246582, 297.041259766, 297.517272949, 297.993286133, 298.469299316, 298.9453125, 299.421295166, 299.89730835, 300.373321533, 300.849334717, 301.3253479, 301.801361084, 302.277374268, 302.753387451, 303.229370117, 303.705383301, 304.181396484, 304.657409668, 305.133422852, 305.609436035, 306.085449219, 306.573059082, 307.037445068, 307.525085449, 307.989471436, 308.465484619, 308.941497803, 309.417510986, 309.89352417, 310.369506836, 310.84552002, 311.321533203, 311.797546387, 312.28515625, 312.761169434, 313.237182617, 313.713195801, 314.189208984, 314.665222168, 315.141204834, 315.617218018, 316.093231201, 316.569244385, 317.045257568, 317.521270752, 317.997283936, 318.473297119, 318.949279785, 319.425292969, 319.901306152, 320.377319336, 320.85333252, 321.329345703, 321.805358887, 322.281341553, 322.757354736, 323.23336792, 323.709381104, 324.185394287, 324.661407471, 325.137420654, 325.61340332, 326.101043701, 326.565429688, 327.041442871, 327.517456055, 327.993469238, 328.469482422, 328.945495605, 329.421478271, 329.897491455, 330.373504639, 330.849517822, 331.325531006, 331.801544189, 332.277557373, 332.753540039, 333.229553223, 333.705566406, 334.18157959, 334.657592773, 335.133605957, 335.609619141, 336.085632324, 336.573242188, 337.037628174, 337.525268555, 337.989654541, 338.465667725, 338.941680908, 339.417694092, 339.893676758, 340.381317139, 340.845703125, 341.333312988, 341.809326172, 342.285339355, 342.761352539, 343.237365723, 343.713378906, 344.18939209, 344.665405273, 345.141387939, 345.617401123, 346.093414307, 346.56942749, 347.045440674, 347.521453857, 347.997467041, 348.473449707, 348.949462891, 349.425476074, 349.901489258, 350.389099121, 350.853515625, 351.329528809, 351.805511475, 352.293151855, 352.757537842, 353.245178223, 353.709564209, 354.197174072, 354.661590576, 355.149200439, 355.613586426, 356.101226807, 356.565612793, 357.053222656, 357.51763916, 358.005249023, 358.469665527, 358.957275391, 359.421661377, 359.897674561, 360.373687744, 360.849700928, 361.325714111, 361.801727295, 362.277740479, 362.753723145, 363.229736328, 363.705749512, 364.181762695, 364.657775879, 365.133789062, 365.609802246, 366.085784912, 366.561798096, 367.037811279, 367.513824463, 367.989837646, 368.47744751, 368.953460693, 369.429473877, 369.905487061, 370.381500244, 370.857513428, 371.333496094, 371.809509277, 372.285522461, 372.761535645, 373.237548828, 373.713562012, 374.189575195, 374.665557861, 375.141571045, 375.617584229, 376.093597412, 376.569610596, 377.045623779, 377.521636963, 377.997619629, 378.473632812, 378.949645996, 379.42565918, 379.901672363, 380.377685547, 380.85369873, 381.329711914, 381.80569458, 382.281707764, 382.757720947, 383.233734131, 383.709747314, 384.185760498, 384.661773682, 385.137756348, 385.613769531, 386.089782715, 386.565795898, 387.041809082, 387.517822266, 388.005432129, 388.469848633, 388.957458496, 389.421844482, 389.909484863, 390.37387085, 390.861480713, 391.325897217, 391.8019104, 392.277893066, 392.765533447, 393.229919434, 393.705932617, 394.181945801, 394.669555664, 395.133972168, 395.621582031, 396.085968018, 396.573608398, 397.037994385, 397.525604248, 397.990020752, 398.477630615, 398.942047119, 399.429656982, 399.894042969, 400.38168335, 400.857666016, 401.333679199, 401.798095703, 402.285705566, 402.750091553, 403.237731934, 403.70211792, 404.189758301, 404.665740967, 405.14175415, 405.606170654, 406.093780518, 406.569793701, 407.045806885, 407.521820068, 407.997802734, 408.473815918, 408.949829102, 409.425842285, 409.901855469, 410.377868652, 410.853881836, 411.329864502, 411.805877686, 412.281890869, 412.757904053, 413.233917236, 413.70993042, 414.185943604, 414.661956787, 415.137939453, 415.613952637, 416.08996582, 416.565979004, 417.041992188, 417.518005371, 417.994018555, 418.470001221, 418.946014404, 419.422027588, 419.898040771, 420.374053955, 420.838439941, 421.302856445, 421.778869629, 422.254852295, 422.730865479, 423.206878662, 423.694519043, 424.182128906, 424.65814209, 425.134155273, 425.610137939, 426.086151123, 426.562164307, 427.03817749, 427.525787354, 428.001800537, 428.477813721, 428.953826904, 429.429840088, 429.905853271, 430.381866455, 430.857849121, 431.333862305, 431.798278809, 432.285888672, 432.761901855, 433.237915039, 433.713928223, 434.189910889, 434.665924072, 435.141937256, 435.617950439, 436.093963623, 436.569976807, 437.04598999, 437.521972656, 437.99798584, 438.473999023, 438.950012207, 439.426025391, 439.902038574, 440.378051758, 440.854064941, 441.330047607, 441.806060791, 442.293701172, 442.758087158, 443.234100342, 443.710113525, 444.186126709, 444.662109375, 445.138122559, 445.614135742, 446.101745605, 446.566162109, 447.042175293, 447.518188477, 447.99420166, 448.470184326, 448.957824707, 449.422210693, 449.909820557, 450.374237061, 450.861846924, 451.326263428, 451.813873291, 452.278259277, 452.765899658, 453.230285645, 453.717895508, 454.182312012, 454.669921875, 455.134307861, 455.621948242, 456.086334229, 456.573974609, 457.038360596, 457.514373779, 457.990386963, 458.477996826, 458.95401001, 459.430023193, 459.89440918, 460.382019043, 460.858032227, 461.33404541, 461.798461914, 462.286071777, 462.762084961, 463.238098145, 463.702484131, 464.190093994, 464.666107178, 465.142120361, 465.618133545, 466.094146729, 466.570159912, 467.046173096, 467.522155762, 467.998168945, 468.474182129, 468.950195312, 469.426208496, 469.90222168, 470.378234863, 470.854217529, 471.330230713, 471.806243896, 472.28225708, 472.758270264, 473.234283447, 473.710296631, 474.186309814, 474.66229248, 475.138305664, 475.614318848, 476.090332031, 476.566345215, 477.042358398, 477.518371582, 477.994354248, 478.470367432, 478.946380615, 479.422393799, 479.898406982, 480.374420166, 480.85043335, 481.326416016, 481.802429199, 482.278442383, 482.754455566, 483.23046875, 483.706481934, 484.182495117, 484.67010498, 485.146118164, 485.622131348, 486.098144531, 486.574127197, 487.050140381, 487.526153564, 488.002166748, 488.478179932, 488.954193115, 489.430206299, 489.906188965, 490.382202148, 490.858215332, 491.334228516, 491.810241699, 492.286254883, 492.762268066, 493.23828125, 493.714263916, 494.1902771, 494.666290283, 495.142303467, 495.61831665, 496.094329834, 496.570343018, 497.046325684, 497.522338867, 497.998352051, 498.474365234, 498.950378418, 499.426391602, 499.902404785, 500.378417969, 500.854400635, 501.330413818, 501.806427002, 502.282440186, 502.758453369, 503.234466553, 503.710479736, 504.186462402, 504.662475586, 505.13848877, 505.614501953, 506.090515137, 506.56652832, 507.042541504, 507.518554688, 507.994537354, 508.470550537, 508.958190918, 509.422576904, 509.898590088, 510.374603271, 510.862213135, 511.326599121, 511.802612305, 512.278625488, 512.766235352, 513.230651855, 513.718261719, 514.182678223, 514.670288086, 515.13470459, 515.622314453, 516.086730957, 516.57434082, 517.038696289, 517.526367188, 517.990722656, 518.47833252, 518.942749023, 519.430358887, 519.894775391, 520.382385254, 520.846801758, 521.334411621, 521.798828125, 522.286437988, 522.762451172, 523.238464355, 523.714477539, 524.190490723, 524.666503906, 525.142456055, 525.618469238, 526.094482422, 526.570495605, 527.046508789, 527.522521973, 527.998535156, 528.47454834, 528.950561523, 529.426574707, 529.902587891, 530.378601074, 530.854614258, 531.330627441, 531.806640625, 532.282592773, 532.758605957, 533.234619141, 533.710632324, 534.186645508, 534.662658691, 535.138671875, 535.614685059, 536.090698242, 536.566711426, 537.042724609, 537.518737793, 537.994750977, 538.47076416, 538.946777344, 539.422729492, 539.898742676, 540.374755859, 540.850769043, 541.326782227, 541.80279541, 542.278808594, 542.754821777, 543.230834961, 543.706848145, 544.182861328, 544.658874512, 545.134887695, 545.622497559, 546.098510742, 546.574523926, 547.050537109, 547.526550293, 548.002502441, 548.478515625, 548.954528809, 549.430541992, 549.906555176, 550.382568359, 550.858581543, 551.334594727, 551.81060791, 552.286621094, 552.762634277, 553.238647461, 553.714660645, 554.190673828, 554.666625977, 555.14263916, 555.618652344, 556.094665527, 556.570678711, 557.046691895, 557.522705078, 557.998718262, 558.474731445, 558.950744629, 559.426757812, 559.902770996, 560.37878418, 560.854797363, 561.330810547, 561.806762695, 562.282775879, 562.758789062, 563.234802246, 563.71081543, 564.186828613, 564.662841797, 565.13885498, 565.614868164, 566.090881348, 566.566894531, 567.042907715, 567.518920898, 567.994934082, 568.470947266, 568.946899414, 569.422912598, 569.898925781, 570.374938965, 570.850952148, 571.326965332, 571.802978516, 572.278991699, 572.755004883, 573.231018066, 573.70703125, 574.183044434, 574.659057617, 575.135070801, 575.611083984, 576.087036133, 576.563049316, 577.0390625, 577.515075684, 577.991088867, 578.467102051, 578.943115234, 579.419128418, 579.895141602, 580.382751465, 580.847167969, 581.323181152, 581.799194336, 582.286804199, 582.762817383, 583.238830566, 583.71484375, 584.190856934, 584.666809082, 585.142822266, 585.618835449, 586.094848633, 586.570861816, 587.046875, 587.522888184, 587.998901367, 588.474914551, 588.950927734, 589.426940918, 589.902954102, 590.378967285, 590.854980469, 591.330993652, 591.806945801, 592.282958984, 592.758972168, 593.234985352, 593.710998535, 594.187011719, 594.663024902, 595.139038086, 595.61505127, 596.091064453, 596.567077637, 597.04309082, 597.519104004, 597.995117188, 598.471130371, 598.94708252, 599.423095703, 599.899108887, 600.37512207, 600.851135254, 601.327148438, 601.803161621, 602.279174805, 602.755187988, 603.231201172, 603.707214355, 604.183227539, 604.659240723, 605.135253906, 605.611206055, 606.087219238, 606.574890137, 607.039245605, 607.515258789, 607.991271973, 608.467285156, 608.94329834, 609.419311523, 609.895324707, 610.38293457, 610.858947754, 611.334960938, 611.810974121, 612.286987305, 612.763000488, 613.239013672, 613.715026855, 614.190979004, 614.666992188, 615.143005371, 615.619018555, 616.095031738, 616.571044922, 617.047058105, 617.523071289, 617.999084473, 618.475097656, 618.95111084, 619.427124023, 619.903137207, 620.379150391, 620.855163574, 621.331115723, 621.807128906, 622.28314209, 622.759155273, 623.235168457, 623.711181641, 624.187194824, 624.663208008, 625.139221191, 625.615234375, 626.091247559, 626.567260742, 627.043273926, 627.519287109, 627.995300293, 628.471252441, 628.947265625, 629.423278809, 629.899291992, 630.375305176, 630.851318359, 631.327331543, 631.803344727, 632.27935791, 632.755371094, 633.231384277, 633.707397461, 634.183410645, 634.659423828, 635.135437012, 635.61138916, 636.087402344, 636.563415527, 637.039428711, 637.515441895, 637.991455078, 638.467468262, 638.943481445, 639.431091309, 639.907104492, 640.383117676, 640.859130859, 641.335144043, 641.811157227, 642.28717041, 642.763183594, 643.239196777, 643.715209961, 644.191162109, 644.667175293, 645.143188477, 645.61920166, 646.095214844, 646.571228027, 647.047241211, 647.511657715, 647.999267578, 648.475280762, 648.951293945, 649.450500488, 649.949768066, 650.460571289, 650.971435547, 651.48223877, 651.981506348, 652.480712891, 652.991577148], "bpm_histogram_first_peak_bpm": {"mean": 126, "min": 126, "max": 126, "dmean2": 0, "dvar": 0, "dmean": 0, "median": 126, "dvar2": 0, "var": 0}, "beats_count": 1372, "beats_loudness_band_ratio": {"mean": [0.440965890884, 0.261578321457, 0.0839634016156, 0.0388673841953, 0.0282946582884, 0.183055087924], "min": [0, 0, 0, 0, 0, 0], "max": [0.999894857407, 0.88422191143, 0.799441993237, 0.604629695415, 0.251604437828, 0.991014122963], "dmean2": [0.313246488571, 0.555070400238, 0.0875694975257, 0.0414348393679, 0.0324153676629, 0.243780791759], "dvar": [0.0220089200884, 0.0417665652931, 0.00367432762869, 0.00202649086714, 0.000447577011073, 0.00926843751222], "dmean": [0.166759803891, 0.281066775322, 0.0477181896567, 0.0231199990958, 0.0173263438046, 0.127258598804], "median": [0.455033898354, 0.17638322711, 0.034534201026, 0.0089699588716, 0.0232876297086, 0.147513002157], "dvar2": [0.071162328124, 0.157967463136, 0.0101653886959, 0.00589272845536, 0.00136202201247, 0.0299410074949], "var": [0.0711862146854, 0.0548307001591, 0.0204206593335, 0.0051454147324, 0.000934686046094, 0.0265527032316]}, "bpm_histogram_second_peak_bpm": {"mean": 133, "min": 133, "max": 133, "dmean2": 0, "dvar": 0, "dmean": 0, "median": 133, "dvar2": 0, "var": 0}}, "tonal": {"chords_number_rate": 0.00113692891318, "tuning_diatonic_strength": 0.538611114025, "chords_changes_rate": 0.108647763729, "thpcp": [1, 0.779610216618, 0.276960730553, 0.199044823647, 0.23809851706, 0.247687205672, 0.189815014601, 0.147193714976, 0.118641637266, 0.112689055502, 0.105692110956, 0.103223927319, 0.140733465552, 0.172248795629, 0.145349979401, 0.117305673659, 0.118353240192, 0.114008665085, 0.108153797686, 0.127834066749, 0.128814950585, 0.267720580101, 0.414035737514, 0.249614238739, 0.0996517986059, 0.111416049302, 0.118520453572, 0.127451315522, 0.21577256918, 0.324267029762, 0.380399227142, 0.42123568058, 0.384167671204, 0.292176008224, 0.24910749495, 0.517536997795], "hpcp": {"mean": [0.0943832695484, 0.196087375283, 0.3788857162, 0.295383185148, 0.104936465621, 0.0754152387381, 0.0902121290565, 0.0938451439142, 0.0719181969762, 0.0557695962489, 0.044951621443, 0.042696274817, 0.0400452315807, 0.0391100719571, 0.0533219017088, 0.0652626082301, 0.0550710298121, 0.0444454438984, 0.044842351228, 0.0431962534785, 0.0409779287875, 0.0484345033765, 0.0488061420619, 0.101435504854, 0.156872227788, 0.0945752710104, 0.0377566441894, 0.0422139503062, 0.0449057072401, 0.0482894815505, 0.0817531421781, 0.122860148549, 0.144127830863, 0.159600183368, 0.145555645227, 0.110701315105], "min": [0, 0, 0, 0, 0, 0, 0, 0, 0, 0, 0, 0, 0, 0, 0, 0, 0, 0, 0, 0, 0, 0, 0, 0, 0, 0, 0, 0, 0, 0, 0, 0, 0, 0, 0, 0], "max": [1, 1, 1, 1, 1, 1, 1, 1, 1, 1, 1, 1, 1, 1, 1, 1, 1, 1, 1, 1, 1, 1, 1, 1, 1, 1, 1, 1, 1, 1, 1, 1, 1, 1, 1, 1], "dmean2": [0.24580912292, 0.320298373699, 0.347277104855, 0.355597943068, 0.253750115633, 0.187282800674, 0.168399378657, 0.172142744064, 0.164685189724, 0.135254085064, 0.0961197018623, 0.0855238959193, 0.0806551724672, 0.0753785967827, 0.0829224362969, 0.0859912633896, 0.0754561424255, 0.0712609961629, 0.0781970843673, 0.0738643035293, 0.063114322722, 0.0570678897202, 0.057106308639, 0.187247097492, 0.322388738394, 0.183069273829, 0.057119268924, 0.0621630996466, 0.0627716258168, 0.077874854207, 0.162773191929, 0.271977066994, 0.303295314312, 0.348732173443, 0.401805192232, 0.320172518492], "dvar": [0.0623312182724, 0.0642409101129, 0.106425248086, 0.0792712420225, 0.0618330836296, 0.0449443124235, 0.039390258491, 0.0388936698437, 0.038497634232, 0.0313257388771, 0.0205126143992, 0.0183425433934, 0.0158344954252, 0.0136133572087, 0.0146872987971, 0.0157766472548, 0.0117845097557, 0.0118515687063, 0.0151563603431, 0.01423258055, 0.0105152148753, 0.00813329592347, 0.00793136749417, 0.0316838659346, 0.111064486206, 0.0307859946042, 0.00756328972057, 0.00917312130332, 0.00904724746943, 0.0102955438197, 0.0373783372343, 0.0773206353188, 0.0822924301028, 0.0911050438881, 0.113760784268, 0.0831166505814], "dmean": [0.131427943707, 0.177500829101, 0.198337197304, 0.201737314463, 0.137401714921, 0.100481167436, 0.0911022648215, 0.0928860008717, 0.0879982486367, 0.0728869661689, 0.0526378825307, 0.0468481183052, 0.0443428494036, 0.0419175513089, 0.047146640718, 0.04962791875, 0.0436391271651, 0.0404320731759, 0.0436836890876, 0.0411079190671, 0.0355420969427, 0.0328570492566, 0.0327066890895, 0.0993717089295, 0.167419657111, 0.0970145389438, 0.0323407836258, 0.0350210219622, 0.0355886258185, 0.0434422641993, 0.0882572680712, 0.146802410483, 0.167785510421, 0.194424837828, 0.216068044305, 0.168999016285], "median": [0.00683803297579, 0.0503889508545, 0.0639786720276, 0.0545873232186, 0.0168153662235, 0.00577214313671, 0.00624758983031, 0.0070578516461, 0.00599359348416, 0.00395312532783, 0.00397291174158, 0.00362092838623, 0.00436548236758, 0.00463789980859, 0.00488104997203, 0.00425483006984, 0.00415167678148, 0.00418072147295, 0.00374276167713, 0.00354887917638, 0.00300205312669, 0.00311443326063, 0.00306283053942, 0.00578962406144, 0.00537046045065, 0.00530997989699, 0.00309921870939, 0.00350038334727, 0.00360360532068, 0.00452976534143, 0.00560844084248, 0.00771882245317, 0.0109391398728, 0.0115343797952, 0.00936323590577, 0.00717160012573], "dvar2": [0.162955135107, 0.167699456215, 0.18646107614, 0.171320036054, 0.167706996202, 0.125494062901, 0.11021976918, 0.10817668587, 0.108393378556, 0.0882028415799, 0.0579854249954, 0.0520379468799, 0.0455326661468, 0.0384020842612, 0.0414323918521, 0.0425732396543, 0.0318647138774, 0.0326136238873, 0.0425005927682, 0.0406433790922, 0.0295197591186, 0.021615697071, 0.0213247109205, 0.0728187710047, 0.253563582897, 0.0712089836597, 0.020764451474, 0.0255413148552, 0.0245294459164, 0.0281612686813, 0.105411820114, 0.207066297531, 0.19470281899, 0.238251879811, 0.318955659866, 0.222396761179], "var": [0.0474656522274, 0.0654700100422, 0.196219444275, 0.12455715239, 0.0468951277435, 0.0325979068875, 0.0435118414462, 0.0467191264033, 0.0301192197949, 0.0241639427841, 0.0172211490571, 0.0163806080818, 0.0133818471804, 0.0128404023126, 0.0197507496923, 0.0285716112703, 0.0191053636372, 0.0157313644886, 0.0170110538602, 0.0169894434512, 0.0145353795961, 0.0224291309714, 0.0230968687683, 0.0371079929173, 0.106945745647, 0.034521445632, 0.0133280334994, 0.0165263973176, 0.0183123443276, 0.0166665315628, 0.0396819896996, 0.0699338465929, 0.0772852376103, 0.0840471982956, 0.0816629752517, 0.0581623837352]}, "tuning_frequency": 434.193115234, "chords_scale": "minor", "chords_histogram": [13.351808548, 9.99076271057, 7.75243377686, 0.170539334416, 1.65565264225, 7.12712287903, 1.72671067715, 7.20528650284, 2.95601511002, 7.54636526108, 0.213174164295, 4.00767421722, 9.67100143433, 0.760321199894, 0.582676053047, 0.49740639329, 3.60974907875, 0.923754692078, 0.305549621582, 9.05279636383, 0.149221912026, 3.74475955963, 4.07873249054, 2.92048597336], "hpcp_entropy": {"mean": 2.40658640862, "min": 0, "max": 4.75516033173, "dmean2": 1.17905068398, "dvar": 0.328288167715, "dmean": 0.697717607021, "median": 2.4395506382, "dvar2": 0.855078101158, "var": 0.700934767723}, "chords_key": "D", "key_key": "D", "key_scale": "minor", "tuning_nontempered_energy_ratio": 0.903412342072, "tuning_equal_tempered_deviation": 0.206881165504, "key_strength": 0.527178764343, "chords_strength": {"mean": 0.423633784056, "min": -1, "max": 0.796230018139, "dmean2": 0.0145906368271, "dvar": 0.000475681212265, "dmean": 0.0105956261978, "median": 0.408273071051, "dvar2": 0.000961585377809, "var": 0.012070896104}}, "metadata": {"audio_properties": {"md5_encoded": "5606c69ab90d4ea220e764f526a21cd4", "downmix": "mix", "equal_loudness": 0, "bit_rate": 213134, "analysis_sample_rate": 44100, "length": 653.479187012, "lossless": false, "replay_gain": -11.3601074219, "sample_rate": 44100, "codec": "mp3"}, "version": {"essentia_git_sha": "v2.1_beta2", "essentia_build_sha": "70f2e5ece6736b2c40cc944ad0e695b16b925413", "extractor": "music 1.0", "essentia": "2.1-beta2"}, "tags": {"date": ["2004"], "album": ["Grindhouse CD"], "title": ["Grindhouse (Dubfire Terror Planet Remix)"], "encoding": ["LAME v3.90.3"], "musicbrainz_recordingid": ["07d71296-c78b-466e-ba11-451e6bbb6542"], "albumartist": ["Various Artists"], "artist": ["Various Artists"], "genre": ["House"], "file_name": "123870.mp3", "tracknumber": ["1"]}}, "lowlevel": {"mfcc": {"mean": [-706.810241699, 92.279296875, 37.2988548279, 27.8125019073, 19.3587398529, 22.3440647125, 9.52637004852, 8.50705528259, 9.18262290955, 12.5885534286, 4.73400068283, 2.81638622284, 3.00831890106], "cov": [[23014.015625, -4904.43066406, -1596.4005127, -1153.59179688, -1179.21655273, -572.569152832, -580.539367676, -328.01449585, -247.483169556, 16.6186676025, -320.49331665, -330.267822266, -523.032897949], [-4904.43066406, 3742.35693359, -151.05696106, 92.1826858521, 128.576629639, -130.711730957, 138.349731445, -7.09322929382, 12.9799261093, -59.6010704041, 6.34437513351, 14.9889144897, 165.056350708], [-1596.4005127, -151.05696106, 1546.98730469, 531.516418457, 418.210510254, 384.261657715, 129.641464233, 123.524108887, 87.8721847534, 30.0448570251, 59.774772644, 90.7999572754, 86.0021286011], [-1153.59179688, 92.1826858521, 531.516418457, 829.016052246, 517.762207031, 367.989044189, 233.198364258, 176.41557312, 166.590744019, 87.4316711426, 77.7351989746, 63.4073944092, 120.149276733], [-1179.21655273, 128.576629639, 418.210510254, 517.762207031, 569.914916992, 362.23840332, 207.996231079, 164.624069214, 173.686401367, 111.703346252, 77.8487930298, 53.253490448, 101.75428772], [-572.569152832, -130.711730957, 384.261657715, 367.989044189, 362.23840332, 385.745483398, 211.530776978, 169.516677856, 139.629257202, 97.7891921997, 79.3390350342, 80.1917114258, 89.171913147], [-580.539367676, 138.349731445, 129.641464233, 233.198364258, 207.996231079, 211.530776978, 271.829681396, 181.494781494, 118.193580627, 87.1518173218, 91.806640625, 81.3876113892, 67.9375457764], [-328.01449585, -7.09322929382, 123.524108887, 176.41557312, 164.624069214, 169.516677856, 181.494781494, 187.231903076, 122.264984131, 89.9260940552, 91.3223114014, 78.1907958984, 61.678653717], [-247.483169556, 12.9799261093, 87.8721847534, 166.590744019, 173.686401367, 139.629257202, 118.193580627, 122.264984131, 167.558364868, 99.9779663086, 73.0582046509, 42.7554855347, 49.9716529846], [16.6186676025, -59.6010704041, 30.0448570251, 87.4316711426, 111.703346252, 97.7891921997, 87.1518173218, 89.9260940552, 99.9779663086, 136.419662476, 78.6173858643, 47.9588127136, 44.1226997375], [-320.49331665, 6.34437513351, 59.774772644, 77.7351989746, 77.8487930298, 79.3390350342, 91.806640625, 91.3223114014, 73.0582046509, 78.6173858643, 125.600952148, 81.0303878784, 33.6094436646], [-330.267822266, 14.9889144897, 90.7999572754, 63.4073944092, 53.253490448, 80.1917114258, 81.3876113892, 78.1907958984, 42.7554855347, 47.9588127136, 81.0303878784, 112.103729248, 73.7794494629], [-523.032897949, 165.056350708, 86.0021286011, 120.149276733, 101.75428772, 89.171913147, 67.9375457764, 61.678653717, 49.9716529846, 44.1226997375, 33.6094436646, 73.7794494629, 140.26713562]], "icov": [[7.70811529947e-05, 8.99999140529e-05, 5.73455472477e-05, -1.78300397238e-05, 0.000125974969706, -2.45279970841e-05, 1.20713830256e-05, -1.78726604645e-05, -2.04335992748e-05, -0.000202941329917, 0.000227009877563, 2.75375987258e-06, 0.000103123944427], [8.99999140529e-05, 0.000472926622024, 5.85856396356e-05, 5.92828255321e-05, -0.000211120641325, 0.000646566972136, -0.00069356278982, 0.000417062605266, -0.000152541673742, 0.000247275427682, -8.93530232133e-05, 0.000399870565161, -0.000625326938462], [5.73455472477e-05, 5.85856396356e-05, 0.00105106504634, -0.000396365852794, -7.37936134101e-05, -0.000928537047002, 0.000714308058377, -0.000214347746805, 0.000222250950173, 0.000291939300951, 0.000247359334026, -0.000803695293143, 0.000424537691288], [-1.78300397238e-05, 5.92828255321e-05, -0.000396365852794, 0.00318852579221, -0.00218287808821, -0.000103055463114, -0.000951040245127, 0.000128258383484, -0.000344491039868, 0.00112487853039, -0.00074005156057, 0.00117027410306, -0.00124050036538], [0.000125974969706, -0.000211120641325, -7.37936134101e-05, -0.00218287808821, 0.00726945465431, -0.00442642811686, 0.000497747096233, 0.000485854252474, -0.00161998008844, -0.00144380016718, -0.00036122291931, 0.00252745766193, -0.00049256492639], [-2.45279970841e-05, 0.000646566972136, -0.000928537047002, -0.000103055463114, -0.00442642811686, 0.0109671205282, -0.0039214482531, -0.000750905892346, -0.000554612604901, -0.00027275714092, 0.00171871774364, -0.00216194987297, -0.000717497896403], [1.20713830256e-05, -0.00069356278982, 0.000714308058377, -0.000951040245127, 0.000497747096233, -0.0039214482531, 0.0136804087088, -0.0104176225141, 0.00147458410356, -0.000415108108427, -2.48549858952e-05, -0.00151754368562, 0.00173397234175], [-1.78726604645e-05, 0.000417062605266, -0.000214347746805, 0.000128258383484, 0.000485854252474, -0.000750905892346, -0.0104176225141, 0.0235545746982, -0.00750555749983, -0.000251731806202, -0.00250975345261, -0.00340122776106, -0.000579202256631], [-2.04335992748e-05, -0.000152541673742, 0.000222250950173, -0.000344491039868, -0.00161998008844, -0.000554612604901, 0.00147458410356, -0.00750555749983, 0.0167901422828, -0.00606819661334, -0.00250888569281, 0.00415469752625, -0.00128097948618], [-0.000202941329917, 0.000247275427682, 0.000291939300951, 0.00112487853039, -0.00144380016718, -0.00027275714092, -0.000415108108427, -0.000251731806202, -0.00606819661334, 0.0179692171514, -0.00853798538446, 0.00311458390206, -0.00374075467698], [0.000227009877563, -8.93530232133e-05, 0.000247359334026, -0.00074005156057, -0.00036122291931, 0.00171871774364, -2.48549858952e-05, -0.00250975345261, -0.00250888569281, -0.00853798538446, 0.0262941773981, -0.0185482427478, 0.00875433254987], [2.75375987258e-06, 0.000399870565161, -0.000803695293143, 0.00117027410306, 0.00252745766193, -0.00216194987297, -0.00151754368562, -0.00340122776106, 0.00415469752625, 0.00311458390206, -0.0185482427478, 0.0326390974224, -0.0143818547949], [0.000103123944427, -0.000625326938462, 0.000424537691288, -0.00124050036538, -0.00049256492639, -0.000717497896403, 0.00173397234175, -0.000579202256631, -0.00128097948618, -0.00374075467698, 0.00875433254987, -0.0143818547949, 0.0163803957403]]}, "barkbands_spread": {"mean": 22.0493354797, "min": 0.0164402537048, "max": 142.995437622, "dmean2": 19.2822341919, "dvar": 405.718658447, "dmean": 12.5909805298, "median": 14.0331878662, "dvar2": 827.601135254, "var": 642.875488281}, "spectral_strongpeak": {"mean": 0.71980291605, "min": 0, "max": 12.7399921417, "dmean2": 0.427512913942, "dvar": 0.361245304346, "dmean": 0.272979795933, "median": 0.493534058332, "dvar2": 0.981751263142, "var": 0.540985763073}, "melbands_crest": {"mean": 25.0238399506, "min": 1.48487710953, "max": 39.9922676086, "dmean2": 6.33046245575, "dvar": 24.8162937164, "dmean": 3.89914083481, "median": 28.4403038025, "dvar2": 58.5083656311, "var": 85.9662399292}, "spectral_energyband_middle_high": {"mean": 0.00293999793939, "min": 1.2756954698e-21, "max": 0.0929584205151, "dmean2": 0.0023097160738, "dvar": 7.45428997107e-06, "dmean": 0.00152639276348, "median": 0.000934896874242, "dvar2": 1.70800831256e-05, "var": 2.2934833396e-05}, "spectral_rms": {"mean": 0.00735463062301, "min": 3.13237782067e-12, "max": 0.0190153624862, "dmean2": 0.00188823486678, "dvar": 3.36453331329e-06, "dmean": 0.0014474632917, "median": 0.00664009153843, "dvar2": 6.15078351984e-06, "var": 1.61630505318e-05}, "spectral_flux": {"mean": 0.105108104646, "min": 6.48617062837e-11, "max": 0.494720846415, "dmean2": 0.0762586444616, "dvar": 0.0045825028792, "dmean": 0.0504506751895, "median": 0.0798816531897, "dvar2": 0.00843785423785, "var": 0.00759113952518}, "erbbands_flatness_db": {"mean": 0.151306375861, "min": 0.0241856258363, "max": 0.526736140251, "dmean2": 0.041794963181, "dvar": 0.00111859361641, "dmean": 0.0273324288428, "median": 0.131169170141, "dvar2": 0.00216276291758, "var": 0.00586704118177}, "barkbands_flatness_db": {"mean": 0.249350339174, "min": 0.0202173665166, "max": 0.863494515419, "dmean2": 0.0744673758745, "dvar": 0.00567203573883, "dmean": 0.0550949349999, "median": 0.209428697824, "dvar2": 0.0111316721886, "var": 0.0268748216331}, "spectral_entropy": {"mean": 7.60561704636, "min": 2.75208449364, "max": 9.81957149506, "dmean2": 0.528181016445, "dvar": 0.282294392586, "dmean": 0.359132409096, "median": 8.01173591614, "dvar2": 0.553771734238, "var": 1.18739998341}, "spectral_energyband_high": {"mean": 0.00421206839383, "min": 7.17093939794e-21, "max": 0.0552121736109, "dmean2": 0.00642718281597, "dvar": 6.18954145466e-05, "dmean": 0.00401819590479, "median": 0.000556072453037, "dvar2": 0.000154775756528, "var": 5.91177777096e-05}, "barkbands_kurtosis": {"mean": 160.377029419, "min": -1.97279417515, "max": 8716.04589844, "dmean2": 169.563201904, "dvar": 118612.390625, "dmean": 108.677734375, "median": 11.275302887, "dvar2": 235607.78125, "var": 261381.578125}, "spectral_complexity": {"mean": 13.8576965332, "min": 0, "max": 63, "dmean2": 8.60251617432, "dvar": 68.0925827026, "dmean": 6.03823328018, "median": 8, "dvar2": 131.086669922, "var": 201.205490112}, "spectral_contrast_coeffs": {"mean": [-0.672298669815, -0.783500015736, -0.820670008659, -0.816823542118, -0.828956305981, -0.801803827286], "min": [-0.977589845657, -0.980798125267, -0.987546086311, -0.990072727203, -0.967522799969, -0.965120136738], "max": [-0.184102132916, -0.366065144539, -0.481349140406, -0.522173464298, -0.624805808067, -0.562773823738], "dmean2": [0.101345859468, 0.0897223576903, 0.0602180510759, 0.0537004098296, 0.0403116494417, 0.033382114023], "dvar": [0.00293216737919, 0.00205399235711, 0.0010321639711, 0.000932805123739, 0.000643864506856, 0.000427843537182], "dmean": [0.0619041062891, 0.0533461868763, 0.0361103415489, 0.0324257202446, 0.0250765681267, 0.0212916340679], "median": [-0.680268466473, -0.796980619431, -0.837680101395, -0.81843328476, -0.826370835304, -0.798565506935], "dvar2": [0.00747099146247, 0.00557750323787, 0.00280341692269, 0.00231951032765, 0.00154808769003, 0.000915018375963], "var": [0.0075381975621, 0.00584332412109, 0.00501595064998, 0.00306799053214, 0.00186862552073, 0.00181017862633]}, "spectral_cent