{"tonal": {"thpcp": [1, 0.911621212959, 0.439107775688, 0.157525911927, 0.104115985334, 0.105072394013, 0.215662077069, 0.292193174362, 0.198317885399, 0.141035988927, 0.149367079139, 0.124655418098, 0.152290284634, 0.198487818241, 0.144663870335, 0.178588330746, 0.224095702171, 0.116960205138, 0.0503719896078, 0.0520609542727, 0.114352934062, 0.37438711524, 0.453446477652, 0.202533841133, 0.075072221458, 0.0677286460996, 0.0634609982371, 0.112261041999, 0.145788609982, 0.119157746434, 0.285502046347, 0.399044215679, 0.205623671412, 0.118018172681, 0.303486555815, 0.65339744091], "hpcp": {"dmean2": [0.0836445838213, 0.0990235954523, 0.0998848900199, 0.144587635994, 0.181004792452, 0.119734935462, 0.130501523614, 0.295771062374, 0.370665878057, 0.4689886868, 0.354315251112, 0.317474216223, 0.196474909782, 0.129187017679, 0.101528346539, 0.128935322165, 0.149243175983, 0.13204421103, 0.131046056747, 0.111409083009, 0.133116453886, 0.1329382658, 0.108981080353, 0.0940231159329, 0.105259023607, 0.105039849877, 0.06635004282, 0.0441459193826, 0.0433038026094, 0.0749448984861, 0.147792860866, 0.164078608155, 0.107988037169, 0.0611357688904, 0.0565196350217, 0.0557002797723], "median": [0.00442718621343, 0.00483896723017, 0.0103211300448, 0.0358772873878, 0.0469447039068, 0.0277498699725, 0.00705644488335, 0.0170638430864, 0.0940799564123, 0.435017108917, 0.300595581532, 0.070200316608, 0.00583802955225, 0.00354185164906, 0.00459926528856, 0.0158484876156, 0.0199375115335, 0.0122565962374, 0.00350048602559, 0.00233791582286, 0.0023817550391, 0.00642253225669, 0.00734059233218, 0.00955349393189, 0.0207131356001, 0.0249502547085, 0.0148130822927, 0.00208540749736, 0.00163404666819, 0.00521451048553, 0.026786390692, 0.0316113196313, 0.0171808060259, 0.00227423128672, 0.00160491536371, 0.00232692388818], "min": [0, 0, 0, 0, 0, 0, 0, 0, 0, 0, 0, 0, 0, 0, 0, 0, 0, 0, 0, 0, 0, 0, 0, 0, 0, 0, 0, 0, 0, 0, 0, 0, 0, 0, 0, 0], "dvar2": [0.0408094786108, 0.0534262210131, 0.0475063621998, 0.0553973019123, 0.0809412375093, 0.0433816723526, 0.0774970203638, 0.200137928128, 0.156965985894, 0.178409293294, 0.150777697563, 0.165107324719, 0.133880928159, 0.0871098190546, 0.0569067373872, 0.0655121654272, 0.0720952004194, 0.0660906359553, 0.0880743935704, 0.0672094449401, 0.10089071095, 0.0857357159257, 0.0554243810475, 0.0443389266729, 0.0467141568661, 0.0386791601777, 0.0171218402684, 0.0134737687185, 0.0147763798013, 0.0285724699497, 0.0578051432967, 0.0695234984159, 0.0333899520338, 0.0307481698692, 0.0296221841127, 0.0244976300746], "dvar": [0.0153597798198, 0.0221594143659, 0.0171582158655, 0.0233795270324, 0.0395915992558, 0.0175137072802, 0.0266089644283, 0.0747588351369, 0.0819735899568, 0.0783350467682, 0.0668626278639, 0.0669478103518, 0.0490856729448, 0.0309762824327, 0.0204884968698, 0.0245080795139, 0.0300347730517, 0.0241476148367, 0.0317972563207, 0.0276578888297, 0.034845739603, 0.0291325654835, 0.0233024060726, 0.016912471503, 0.0177527386695, 0.0167352519929, 0.00664583453909, 0.00473188562319, 0.00530930794775, 0.0105461971834, 0.0253612119704, 0.0332422554493, 0.0131554445252, 0.0115245031193, 0.0107372114435, 0.0086286701262], "dmean": [0.0481868237257, 0.0583005100489, 0.0559811629355, 0.0886430293322, 0.111665196717, 0.0720067024231, 0.0703736022115, 0.167405679822, 0.229696661234, 0.276544600725, 0.223304957151, 0.184949055314, 0.104515470564, 0.0683210715652, 0.0554327666759, 0.0759113579988, 0.0897546634078, 0.0774498805404, 0.0735440552235, 0.0683353766799, 0.0732522159815, 0.073994897306, 0.0654001757503, 0.0551649816334, 0.061417568475, 0.0636218190193, 0.0392215140164, 0.0244859252125, 0.0241746939719, 0.0429033786058, 0.0908620581031, 0.101652234793, 0.0635098069906, 0.0349894240499, 0.0318615064025, 0.031169693917], "max": [1, 1, 1, 1, 1, 1, 1, 1, 1, 1, 1, 1, 1, 1, 1, 1, 1, 1, 1, 1, 1, 1, 1, 1, 1, 1, 1, 1, 1, 1, 1, 1, 1, 1, 1, 1], "var": [0.0197924599051, 0.0333478674293, 0.0176615063101, 0.0417135097086, 0.0817725285888, 0.0233514420688, 0.0205169804394, 0.0637747272849, 0.135079920292, 0.131477177143, 0.151117771864, 0.0725650861859, 0.0346885845065, 0.0211432632059, 0.0181807335466, 0.0359432585537, 0.0603126734495, 0.0334596820176, 0.0311712212861, 0.0357372052968, 0.0282905288041, 0.0245039220899, 0.045696567744, 0.0220067482442, 0.0263294354081, 0.0410642921925, 0.0103254681453, 0.00474268896505, 0.00624826783314, 0.0171206630766, 0.0740127488971, 0.102533705533, 0.0240655932575, 0.013127294369, 0.0119435349479, 0.00902328453958], "mean": [0.0516450144351, 0.0670691728592, 0.0548178032041, 0.131343498826, 0.183577880263, 0.0945959314704, 0.0542935468256, 0.139617159963, 0.300591558218, 0.46004396677, 0.41938585043, 0.202008888125, 0.0724688470364, 0.0478979311883, 0.0483379215002, 0.0992140397429, 0.1344217062, 0.0912349447608, 0.0648827552795, 0.0687154233456, 0.0573469735682, 0.070060223341, 0.091313123703, 0.0665517374873, 0.0821584835649, 0.103093877435, 0.0538068376482, 0.0231733303517, 0.0239503271878, 0.0526073761284, 0.172234535217, 0.208605319262, 0.0931744724512, 0.0345365218818, 0.031158156693, 0.0291948504746]}, "tuning_equal_tempered_deviation": 0.282804101706, "chords_changes_rate": 0.0451682284474, "key_key": "C", "tuning_diatonic_strength": 0.652517855167, "key_scale": "major", "chords_number_rate": 0.00153633428272, "tuning_frequency": 432.940917969, "tuning_nontempered_energy_ratio": 0.969614684582, "chords_histogram": [46.1361198425, 0.568443715572, 4.50145959854, 1.33661079407, 0, 0, 0.168996781111, 0, 0, 0, 0.0921800583601, 0.21508680284, 0, 0.75280380249, 0, 4.4400062561, 1.50560760498, 10.7389764786, 0.21508680284, 7.0517745018, 4.77799987793, 0.1536334306, 16.0239677429, 1.32124745846], "key_strength": 0.664765536785, "chords_key": "C", "chords_strength": {"dmean2": 0.00868644937873, "median": 0.480752170086, "min": -1, "dvar2": 0.000677225005347, "dvar": 0.000358858756954, "dmean": 0.00819257088006, "max": 0.757074177265, "var": 0.00883152335882, "mean": 0.481953144073}, "chords_scale": "major", "hpcp_entropy": {"dmean2": 1.0194299221, "median": 1.88254249096, "min": 0, "dvar2": 0.81291270256, "dvar": 0.3047709167, "dmean": 0.600446581841, "max": 4.6723151207, "var": 0.645532548428, "mean": 1.8848541975}}, "metadata": {"audio_properties": {"equal_loudness": 0, "codec": "flac", "downmix": "mix", "sample_rate": 44100, "analysis_sample_rate": 44100, "bit_rate": 0, "md5_encoded": "b63a93b81c64fd2e9b2c11b217a1244e", "length": 302.200012207, "replay_gain": -7.6167678833, "lossless": true}, "version": {"essentia_build_sha": "cead25079874084f62182a551b7393616cd33d87", "essentia": "2.1-beta2", "extractor": "music 1.0", "essentia_git_sha": "v2.1_beta2-1-ge3940c0"}, "tags": {"title": ["Backwood"], "language": ["English"], "acoustid_fingerprint": ["AQADtEkiSU2ULUnw40x3VH6ghZ-OQ3hyo8-Rg9wy4JqRPjhuyM9xvMK_gHl0VIcP_Tgs0wj84gBS3tCF68B_HIcYHPk4HNeMPDCJQ34OfD0eBccPX_ghWCaQvvBxXAhEXAeOy9CBmMfH4bhm-MFx33g6_Dg-Lkj2IPzh4zacPzgsPESg_yDMG4cs4D8O6TBO5McdXMOPFDfk48d9fFlw_IcvHDosE0jf4zB-BLigHsfhH4Z6PMfRXErxBb2CP-iSC--h_XBO1MeN_ygliBf-wD_O4IOPB_BlQcaP4_hxiMd55Ier4sR_HJbwszjhD2GP5EePH3_w4_CRaxD_o-0A7bD04oPxH_4BQ-OD6mjOFK-EPgn65fiDJw-05_CLWoEOHZcOLRf-wMcB_3iAy4Ko4Tlw48cPQ-WRH-7x4_gFC78KP8ORk0j2o_jx48cP4-GR8Ed-IJCP3_iPHz4OQ9XxoVGZ4hJ6BY9ylA-eHHoeNA8qbrhxXDq0Bz4sHwd8_LhxHWJx5Th-_DgMlUcOd7iL4zAv_CqewcgXaPWRo6fx48dBCU92JD9SFjkg6jCPH4RPHIZ-5Ic_o5dy9AuuHOWDJw-eo8mDfkTyIziPisvhp_jhB8-QftCt4rggHtcN_MaPww9UHkiP9-Ca43hg7UjTZNCN40g_9DtyGo8OlYc5Bt-G48mD8JGN_KiS46GCH4d_4sk1qPKOz4cOf8FJPDnRC-kVwz-OkInxQ4fV4n-QK7GQZ4pxHSI5vEtx5mieHeFzhHmOLoe6UDl-6IefQ0_yZLi84_MhNOSCksSTEz3SKx5-WEfIJPiDH-KL_8GVC5eizPig5UGbDSeeo7nSDb6OLsaXF_9x-PiTB_ccyPMhNORQksFzor_wJEa-o0eeGH9wH-KL_8F14ZOMa8rRkNBePEuOPgjz6Ah_oVGOL5Rx42iOPnmgyg9xx5DRkENJBs_RP3CXxEPOHRZCJineB4eWF9WPX8GZJJFxdNDC4wyeI8yVDj_CKMcXrviPozn65Lj8ZNAdQ0ZDomTxHP2DRx7yHEfIJMX74NCiMqicHdcVXJPx7fgh8sWXoGuOMI-O_gij40qF3ziaHH1y6HOCRz50tETz4svRP_iSeMi54wgZFdce6GjOoM-OW1dwJpPxaAFErriG5wgvD0d-VEpe49YLNA_65PiTQZUcyEdLNC--HP1xOUL6RIeNkMeTPTi0E01S5sFzIZciI9b24xBJFs-S40fzCPkRRg-u4-GMozmqJ4f-ZLgc_GiJMGmK8-iPz4JtpDn6R8MTSI10Jfhz6MN25FFIPFI75EcTHdqqJEU8Rip-4fqIK0efY0r84N_xHT9CKwl-5PiW4bhmpMcJHX-O42OE49HhHD90-MhNwAeQ3jjkCz9-HD_U40iLj8ODa0YOkzjk5_iPc7iCH4dz6Dh8IvBhHOGFQtTxG8cFHzoc5MfH4cFn-MFxfwP5FMdXIV8g5UGow_mH__CPH8ZD5IcO6vihC9dxcMehwziRnQNpXDPSBycO-TmO7zhx_PB1_JDh8wj8whdeHMEh6_iBw_kFH6qOw_LQSyn6KHiG8seTQ89R3Wi6BTh-1ArEDzf8GCc--Mfxwz1k5QBu4vChIz6-wy9u4vgFZxY-w8eHZP0RPoBPB86PHwafDDkScjqOgJCF4zj8A-KOH_7QSyn64Qq6P_gF9Ud_uOPQ4zhKCeKj4B784ww--Mfxgzpk_Dh-3MchIuaPD37BmTiuw_lxxfDxIVl_5OjhZ4Yf_KCEh8iPhD_eIQApCP_xwz9gyHnwoXmLS-gTdNeD5_gDTc7hc6iPG0cpHeKFP_CPM_CHH8cPX_ih58A93IAPTTzC7_CD0zguXPhZHEd-JPvR43ge_IBl5Noh_sg7ILgOHf8B5zxgyDk-NGeKXEKf5LiXB2WO60Gfww-HWkeOpEaZwVIo42lw-BM-pM5xX_iRajcuHR_x44f1Cn0-zNqD2BuS5fgjjA36PPgNCgkwQggmEDAMOEOEOAAQYgQEEjDhhABEWIeAY0oSAYhzlAhgADBSOCAVFo4BZwAVEAKiiKAEWIYMEBIQYQ0wQDCGjKEEIOOAIYKKIJgRQpgrEBLCAWaoYMQIAzBgBhBBEGAMU2OEuI4JAwCTDBgiAmBCICeYcQQgIRQwwAoIkBBIACAIAUQKJghAiBgiiLWGUGmAdUwIwCQAhhoHCKAEIWacAVIYpoAhwhgBBLFCkOIYcUAKhggCjBiijDVUWCkEEMM4JgELTDhAGENSOAOkZQoZagREggQCiBBKQCAFY8QQYoghSBDEALRSCyGMY9QAwRRDIhBnrREKSSWIQgQSZwikCjgBBBCCKISFAopABQBSBjgiFCBEGOEQBUAgpAAAAiiEhQWEOEcAAIgBIBBRihgAABGAKgAIAUoR4xwAgjhBAACICQQEE0gIgoAAlihCCFKSGAMIAQEgKAARRCkiCQFEAKoIAYQoSYxzxBICBhOICAAEQYIgQgACBBHChPKASGKQAYIQDoQAAgiilCFBAAIQIZBIQCRBUABBCBiAESOAG4gxwZAAwhAFCCNESGKJcUQRABgRkihltGKCCKKFJEYYwZSixAjGhHGCCBGsI4ACZ4FSRhghBQAIAMEYk0QAQQx0yhEohDLIGAGkVQYLBoEzgIDAiAcEGGCAMExRroxzQkhqFQAMGEmECMA5YIShRAgAjLUCIgsIJVQIJ4hgyBhAHBGIMSSsNAAIdAhCEgAqpANOEAQAEYawYaG5AhFBhBCQCMOAEUYCMAQCjCFhpVBGiCsEk0AhQIVDwgEnCFSAAsQcBMYAgQASSDjAEBAEEkeEAcwQQRBggAqLoBFSACsMIAwBKgYAzBEhnACNAKQUMEQICQQCgDigCBMAAicIEIo6gAwSFgDjkETEGSUMMkAYRAA"], "file_name": "03 BACKWOOD (Album Version).flac", "tracktotal": ["30"], "musicbrainz_releasegroupid": ["cb11af84-9586-3aa4-ba4a-07673bb3b5fe"], "disctotal": ["02"], "musicbrainz_recordingid": ["07de88a0-c866-4901-b93d-119aec41e2e2"], "musicbrainz_artistid": ["fc79b760-fc4a-4efa-b0e5-f0387d7cd25f"], "musicbrainz_albumid": ["ec7b7b53-aac7-4079-a029-2af17cf4979e"], "musicbrainz_releasetrackid": ["5851ed0f-18b0-355d-a30b-9bc6eac1c6e7"], "artist": ["Shantel"], "tracknumber": ["03"], "artistsort": ["Shantel"], "album": ["Bar Lounge Classics, Volume 3"], "discnumber": ["02"], "script": ["Latin"], "acoustid_id": ["a16600f0-444c-4cc9-8d0a-1b4fbc021849"]}}, "rhythm": {"bpm_histogram_first_peak_bpm": {"dmean2": 0, "median": 129, "min": 129, "dvar2": 0, "dvar": 0, "dmean": 0, "max": 129, "var": 0, "mean": 129}, "bpm": 128.8646698, "bpm_histogram_second_peak_spread": {"dmean2": 0, "median": 0.307692289352, "min": 0.307692289352, "dvar2": 0, "dvar": 0, "dmean": 0, "max": 0.307692289352, "var": 0, "mean": 0.307692289352}, "bpm_histogram_first_peak_weight": {"dmean2": 0, "median": 0.806800603867, "min": 0.806800603867, "dvar2": 0, "dvar": 0, "dmean": 0, "max": 0.806800603867, "var": 0, "mean": 0.806800603867}, "onset_rate": 4.09967136383, "beats_position": [0.510838985443, 1.03328800201, 1.55573689938, 2.03174591064, 2.50775504112, 2.97215414047, 3.43655323982, 3.90095233917, 4.3653512001, 4.82975053787, 5.2941493988, 5.75854873657, 6.2229475975, 6.68734693527, 7.1517457962, 7.61614513397, 8.08054447174, 8.54494285583, 9.0093421936, 9.4853515625, 9.96135997772, 10.4257593155, 10.8901586533, 11.354557991, 11.8189563751, 12.2833557129, 12.7477550507, 13.2121543884, 13.6765527725, 14.1409521103, 14.6053514481, 15.0697498322, 15.5341491699, 15.9985485077, 16.4629478455, 16.9273471832, 17.391746521, 17.8561439514, 18.3205432892, 18.784942627, 19.2609519958, 19.7369613647, 20.2013607025, 20.6657600403, 21.1301574707, 21.5945568085, 22.0589561462, 22.523355484, 22.9877548218, 23.4521541595, 23.9165534973, 24.3809528351, 24.8453502655, 25.3097496033, 25.774148941, 26.2385482788, 26.7029476166, 27.1673469543, 27.6317462921, 28.1077537537, 28.5837631226, 29.0481624603, 29.5125617981, 29.9769611359, 30.4413604736, 30.9057598114, 31.3701572418, 31.8345565796, 32.2989578247, 32.7633552551, 33.2277526855, 33.6921539307, 34.1565513611, 34.6209526062, 35.0853500366, 35.5497512817, 36.0141487122, 36.4785499573, 36.9545555115, 37.4305648804, 37.8949661255, 38.3593635559, 38.823764801, 39.2881622314, 39.7525634766, 40.216960907, 40.6813583374, 41.1457595825, 41.5985488892, 42.0745582581, 42.5389556885, 43.0033569336, 43.467754364, 43.9321517944, 44.3965530396, 44.8725624084, 45.3485717773, 45.8129692078, 46.2773704529, 46.7417678833, 47.2061653137, 47.6705665588, 48.1349639893, 48.5993652344, 49.0637626648, 49.5281639099, 49.9925613403, 50.4569587708, 50.9213600159, 51.3857574463, 51.8501586914, 52.3145561218, 52.7789573669, 53.2433547974, 53.7077522278, 54.1837615967, 54.6597709656, 55.1241722107, 55.5885696411, 56.0529708862, 56.5173683167, 56.9817695618, 57.4461669922, 57.9105644226, 58.3749656677, 58.8393630981, 59.3037643433, 59.7681617737, 60.2325630188, 60.6969604492, 61.1613578796, 61.6257591248, 62.0901565552, 62.5545578003, 63.0305671692, 63.5065765381, 63.9709739685, 64.4353713989, 64.899772644, 65.3641738892, 65.8285675049, 66.29296875, 66.7573699951, 67.2217712402, 67.686164856, 68.1505661011, 68.6149673462, 69.0793609619, 69.543762207, 70.0081634521, 70.4725646973, 70.936958313, 71.4013595581, 71.8657608032, 72.3301544189, 72.7945556641, 73.2705688477, 73.7465744019, 74.210975647, 74.6637649536, 75.1165542603, 75.5925598145, 76.068572998, 76.5329666138, 76.9973678589, 77.461769104, 77.9261627197, 78.3905639648, 78.85496521, 79.3193664551, 79.7837600708, 80.2481613159, 80.712562561, 81.1769561768, 81.6413574219, 82.105758667, 82.5701599121, 83.0345535278, 83.4989547729, 83.9749679565, 84.4509735107, 84.9153747559, 85.3797683716, 85.8441696167, 86.3085708618, 86.7729721069, 87.2373657227, 87.7017669678, 88.1661682129, 88.6305618286, 89.0949630737, 89.5593643188, 90.023765564, 90.4881591797, 90.9525604248, 91.428565979, 91.9045791626, 92.3689804077, 92.8333740234, 93.2977752686, 93.7621765137, 94.2265777588, 94.6909713745, 95.1553726196, 95.6197738647, 96.0841674805, 96.5485687256, 97.0129699707, 97.4773712158, 97.9417648315, 98.4061660767, 98.8705673218, 99.3349609375, 99.7993621826, 100.263763428, 100.728164673, 101.204170227, 101.680175781, 102.144577026, 102.608978271, 103.073379517, 103.537773132, 104.002174377, 104.466575623, 104.930976868, 105.395370483, 105.859771729, 106.324172974, 106.788566589, 107.252967834, 107.71736908, 108.181770325, 108.64616394, 109.110565186, 109.574966431, 110.039360046, 110.51537323, 110.991378784, 111.455780029, 111.920181274, 112.38457489, 112.848976135, 113.31337738, 113.777778625, 114.242172241, 114.706573486, 115.170974731, 115.635368347, 116.099769592, 116.564170837, 117.028572083, 117.492965698, 117.957366943, 118.421768188, 118.897773743, 119.373786926, 119.838180542, 120.302581787, 120.766983032, 121.231384277, 121.695777893, 122.160179138, 122.624580383, 123.088973999, 123.553375244, 124.017776489, 124.482177734, 124.94657135, 125.410972595, 125.87537384, 126.339767456, 126.804168701, 127.280181885, 127.7445755, 128.220581055, 128.6849823, 129.149383545, 129.61378479, 130.078186035, 130.54258728, 131.006988525, 131.471374512, 131.935775757, 132.400177002, 132.864578247, 133.328979492, 133.793380737, 134.257781982, 134.722167969, 135.186569214, 135.650970459, 136.115371704, 136.579772949, 137.044174194, 137.520172119, 137.996185303, 138.460586548, 138.924987793, 139.389389038, 139.853790283, 140.31817627, 140.782577515, 141.24697876, 141.711380005, 142.17578125, 142.640182495, 143.10458374, 143.568969727, 144.033370972, 144.497772217, 144.962173462, 145.426574707, 145.902587891, 146.378585815, 146.842987061, 147.307388306, 147.771789551, 148.236190796, 148.700592041, 149.164993286, 149.629379272, 150.093780518, 150.558181763, 151.022583008, 151.486984253, 151.951385498, 152.415786743, 152.880172729, 153.356185913, 153.80897522, 154.273376465, 154.73777771, 155.202178955, 155.6665802, 156.142578125, 156.60697937, 157.071380615, 157.53578186, 158.000183105, 158.464584351, 158.928970337, 159.393371582, 159.857772827, 160.322174072, 160.798187256, 161.262588501, 161.726974487, 162.191375732, 162.655776978, 163.120178223, 163.584579468, 164.048980713, 164.513381958, 164.989379883, 165.465393066, 165.929794312, 166.394195557, 166.858596802, 167.322982788, 167.787384033, 168.263397217, 168.727798462, 169.180587769, 169.644989014, 170.109390259, 170.573776245, 171.03817749, 171.502578735, 171.990203857, 172.489425659, 172.977050781, 173.476272583, 173.952285767, 174.439910889, 174.915908813, 175.403533936, 175.891159058, 176.378768921, 176.843170166, 177.307571411, 177.771972656, 178.236373901, 178.712371826, 179.18838501, 179.652786255, 180.128799438, 180.604797363, 181.080810547, 181.568435669, 182.056045532, 182.555282593, 183.042892456, 183.530517578, 184.0181427, 184.505752563, 184.970153809, 185.434555054, 185.898956299, 186.363357544, 186.827758789, 187.292144775, 187.756546021, 188.232559204, 188.708572388, 189.172973633, 189.637359619, 190.101760864, 190.566162109, 191.030563354, 191.4949646, 191.959365845, 192.42376709, 192.888153076, 193.352554321, 193.816955566, 194.281356812, 194.745758057, 195.210159302, 195.674560547, 196.138946533, 196.603347778, 197.067749023, 197.543762207, 198.019775391, 198.484161377, 198.948562622, 199.412963867, 199.877365112, 200.341766357, 200.806167603, 201.270568848, 201.734954834, 202.199356079, 202.663757324, 203.128158569, 203.592559814, 204.05696106, 204.521362305, 204.985748291, 205.461761475, 205.937774658, 206.402175903, 206.866577148, 207.330978394, 207.79536438, 208.259765625, 208.72416687, 209.188568115, 209.65296936, 210.117370605, 210.581771851, 211.046157837, 211.510559082, 211.974960327, 212.439361572, 212.903762817, 213.368164062, 213.832565308, 214.296951294, 214.761352539, 215.225753784, 215.701766968, 216.177780151, 216.642166138, 217.106567383, 217.570968628, 218.035369873, 218.499771118, 218.964172363, 219.428573608, 219.892959595, 220.35736084, 220.821762085, 221.28616333, 221.750564575, 222.21496582, 222.679367065, 223.143753052, 223.608154297, 224.072555542, 224.536956787, 225.012969971, 225.488967896, 225.953369141, 226.417770386, 226.882171631, 227.346572876, 227.810974121, 228.275375366, 228.739776611, 229.204162598, 229.668563843, 230.132965088, 230.597366333, 231.061767578, 231.526168823, 231.990570068, 232.454956055, 232.9193573, 233.383758545, 233.84815979, 234.324172974, 234.788574219, 235.252960205, 235.728973389, 236.193374634, 236.657775879, 237.122177124, 237.586578369, 238.050964355, 238.515365601, 238.979766846, 239.444168091, 239.908569336, 240.372970581, 240.837371826, 241.301757812, 241.766159058, 242.230560303, 242.706573486, 243.18258667, 243.646972656, 244.111373901, 244.575775146, 245.040176392, 245.504577637, 245.968978882, 246.433380127, 246.897766113, 247.362167358, 247.826568604, 248.290969849, 248.755371094, 249.219772339, 249.684173584, 250.14855957, 250.612960815, 251.077362061, 251.541763306, 252.006164551, 252.470565796, 252.946563721, 253.422576904, 253.886978149, 254.351379395, 254.81578064, 255.280181885, 255.74458313, 256.208984375, 256.673370361, 257.137786865, 257.602172852, 258.066558838, 258.530975342, 258.995361328, 259.459777832, 259.924163818, 260.388580322, 260.852966309, 261.317352295, 261.781768799, 262.257781982, 262.733795166, 263.198181152, 263.662567139, 264.126983643, 264.591369629, 265.055786133, 265.520172119, 265.984588623, 266.448974609, 266.913360596, 267.3777771, 267.842163086, 268.30657959, 268.770965576, 269.23538208, 269.699768066, 270.164154053, 270.628570557, 271.10458374, 271.580596924, 272.04498291, 272.509368896, 272.9737854, 273.438171387, 273.902587891, 274.366973877, 274.842987061, 275.307373047, 275.760162354, 276.224578857, 276.688964844, 277.164978027, 277.629394531, 278.082183838, 278.546569824, 279.010955811, 279.475372314, 279.939758301, 280.404174805, 280.891784668, 281.356170654, 281.820587158, 282.284973145, 282.749389648, 283.213775635, 283.678192139, 284.142578125, 284.606964111, 285.071380615, 285.535766602, 286.000183105, 286.464569092, 286.928985596, 287.393371582, 287.857757568, 288.345397949, 288.833007812, 289.320617676, 289.78503418, 290.249420166, 290.72543335, 291.189849854, 291.689056396, 292.188293457, 292.687530518, 293.140319824, 293.593109131, 294.045898438, 294.54510498, 295.044342041, 295.531982422, 296.007965088, 296.483978271, 296.971618652, 297.401184082, 297.830749512, 298.260314941, 298.678283691, 299.026580811, 299.37487793, 299.723175049, 300.083068848, 300.442993164, 300.802886963, 301.209259033, 301.603973389], "beats_loudness": {"dmean2": 0.226298972964, "median": 0.06653021276, "min": 0, "dvar2": 0.0410073064268, "dvar": 0.0167207457125, "dmean": 0.133071437478, "max": 0.502180099487, "var": 0.0173765663058, "mean": 0.114564672112}, "danceability": 1.56550526619, "bpm_histogram_second_peak_weight": {"dmean2": 0, "median": 0.0278207100928, "min": 0.0278207100928, "dvar2": 0, "dvar": 0, "dmean": 0, "max": 0.0278207100928, "var": 0, "mean": 0.0278207100928}, "beats_count": 648, "bpm_histogram_second_peak_bpm": {"dmean2": 0, "median": 123, "min": 123, "dvar2": 0, "dvar": 0, "dmean": 0, "max": 123, "var": 0, "mean": 123}, "bpm_histogram_first_peak_spread": {"dmean2": 0, "median": 0.140033006668, "min": 0.140033006668, "dvar2": 0, "dvar": 0, "dmean": 0, "max": 0.140033006668, "var": 0, "mean": 0.140033006668}, "beats_loudness_band_ratio": {"dmean2": [0.457496285439, 0.158764094114, 0.214726150036, 0.166141912341, 0.25486522913, 0.0898970812559], "median": [0.592424035072, 0.0423737317324, 0.0668852031231, 0.0303462184966, 0.0215606689453, 0.0424724072218], "min": [0, 0, 0, 0, 0, 0], "dvar2": [0.113071300089, 0.0343515612185, 0.0453619100153, 0.0272406935692, 0.10787653178, 0.00987332779914], "dvar": [0.038124717772, 0.0133622111753, 0.0175245702267, 0.00902632065117, 0.041494064033, 0.00410891138017], "dmean": [0.317120373249, 0.0919422879815, 0.120999865234, 0.0882316827774, 0.138059675694, 0.055180862546], "max": [0.999114632607, 0.825252234936, 0.810537695885, 0.736622691154, 0.733524382114, 0.794882118702], "var": [0.108842782676, 0.0220736972988, 0.0226748343557, 0.0127872489393, 0.0296508092433, 0.00632706983015], "mean": [0.554185450077, 0.104155965149, 0.12429638952, 0.0819183662534, 0.0950089767575, 0.0637172088027]}}, "lowlevel": {"barkbands_spread": {"dmean2": 9.75535583496, "median": 10.4508781433, "min": 0.0344495885074, "dvar2": 241.151626587, "dvar": 111.332183838, "dmean": 6.50492048264, "max": 107.016242981, "var": 345.441680908, "mean": 18.0277729034}, "melbands_spread": {"dmean2": 11.899105072, "median": 9.49740028381, "min": 0.222247049212, "dvar2": 509.605377197, "dvar": 222.95475769, "dmean": 7.54072475433, "max": 217.723602295, "var": 644.726806641, "mean": 18.9949588776}, "hfc": {"dmean2": 22.0914230347, "median": 9.22788238525, "min": 1.04055780726e-16, "dvar2": 2113.12573242, "dvar": 925.35949707, "dmean": 15.0866165161, "max": 367.821960449, "var": 1225.29455566, "mean": 23.7607250214}, "barkbands_kurtosis": {"dmean2": 47.9257164001, "median": 5.35839366913, "min": -1.88300824165, "dvar2": 53286.59375, "dvar": 28753.8398438, "dmean": 36.5891723633, "max": 6278.67285156, "var": 94493.8359375, "mean": 65.8765869141}, "gfcc": {"mean": [-51.9834518433, 90.0908203125, -78.5396270752, 22.8904209137, -56.3328132629, 20.3484458923, -26.2629585266, 7.69464159012, -14.7053041458, 4.42197561264, -9.62248706818, 2.71647453308, -4.28207588196], "icov": [[8.5436484369e-05, -5.50742188352e-05, 3.12184129143e-05, -3.71697060473e-05, 0.00013421739277, -0.000259516440565, 7.75771623012e-05, -0.00025082755019, 0.000188579113455, -4.84520569444e-05, 0.000112871224701, -0.000295317469863, 0.000318231614074], [-5.50742188352e-05, 0.00068336474942, -0.000173111751792, 0.00030743208481, -0.000268971081823, 0.000606666959357, -0.000323225074681, 0.00109120341949, -0.00095570232952, 0.000302717147861, -0.000444787030574, 0.000907126755919, -0.00113885081373], [3.12184129143e-05, -0.000173111751792, 0.00106727611274, -0.000106794228486, 6.42018039798e-06, -0.000438592396677, -0.00025879254099, -0.000284965120954, -0.000668128253892, -0.00073516194243, 0.000180143557373, -0.000256946572335, -0.000261725421296], [-3.71697060473e-05, 0.00030743208481, -0.000106794228486, 0.0018710186705, -0.000288382172585, -0.00072133023059, -0.000250599026913, 4.2703737563e-05, -0.000868735951371, -0.000264059490291, 0.000841342553031, 0.00040230806917, -0.000772841856815], [0.00013421739277, -0.000268971081823, 6.42018039798e-06, -0.000288382172585, 0.00302068749443, -0.00206303130835, -0.00126171018928, 0.000535256869625, 0.000351935246726, -0.000511707388796, 0.000767217425164, -0.000622312363703, 0.00113469106145], [-0.000259516440565, 0.000606666959357, -0.000438592396677, -0.00072133023059, -0.00206303130835, 0.00590230710804, -0.000798446068075, -0.00125250162091, 0.00104592670687, 0.000814097933471, -0.00197880645283, 0.00146663421765, -0.00137901504058], [7.75771623012e-05, -0.000323225074681, -0.00025879254099, -0.000250599026913, -0.00126171018928, -0.000798446068075, 0.0066269338131, -0.00121008255519, -0.00151637080126, 0.00134688126855, -0.000978764379397, -0.000567557348404, 0.000207701450563], [-0.00025082755019, 0.00109120341949, -0.000284965120954, 4.2703737563e-05, 0.000535256869625, -0.00125250162091, -0.00121008255519, 0.0112483426929, -0.0050909765996, -0.00258294446394, 0.00268430355936, -0.000401701341616, -0.00282573630102], [0.000188579113455, -0.00095570232952, -0.000668128253892, -0.000868735951371, 0.000351935246726, 0.00104592670687, -0.00151637080126, -0.0050909765996, 0.0135794989765, -0.00404802989215, -0.00261685415171, 0.00147507362999, 0.000204547002795], [-4.84520569444e-05, 0.000302717147861, -0.00073516194243, -0.000264059490291, -0.000511707388796, 0.000814097933471, 0.00134688126855, -0.00258294446394, -0.00404802989215, 0.0125168617815, -0.00408152071759, -0.00375246745534, 0.00531024951488], [0.000112871224701, -0.000444787030574, 0.000180143557373, 0.000841342553031, 0.000767217425164, -0.00197880645283, -0.000978764379397, 0.00268430355936, -0.00261685415171, -0.00408152071759, 0.012659384869, -0.00116064865142, -0.00298176123761], [-0.000295317469863, 0.000907126755919, -0.000256946572335, 0.00040230806917, -0.000622312363703, 0.00146663421765, -0.000567557348404, -0.000401701341616, 0.00147507362999, -0.00375246745534, -0.00116064865142, 0.0144674079493, -0.00904729776084], [0.000318231614074, -0.00113885081373, -0.000261725421296, -0.000772841856815, 0.00113469106145, -0.00137901504058, 0.000207701450563, -0.00282573630102, 0.000204547002795, 0.00531024951488, -0.00298176123761, -0.00904729776084, 0.0167407914996]], "cov": [[20186.1308594, -3126.91503906, -108.240081787, 1209.88549805, -157.914825439, 1181.58581543, -197.440979004, 880.839660645, -211.080749512, 334.236816406, -329.208984375, 401.910797119, -227.988998413], [-3126.91503906, 3970.83422852, 284.614471436, -837.954406738, -47.2577514648, -564.555725098, 140.529922485, -469.1378479, 181.168289185, -170.93182373, 252.547912598, -168.655181885, 176.944854736], [-108.240081787, 284.614471436, 1660.75097656, 361.230957031, 267.874938965, 272.723449707, 271.118560791, 253.326065063, 309.082336426, 245.397140503, 136.903930664, 114.283866882, 112.294723511], [1209.88549805, -837.954406738, 361.230957031, 997.485046387, 278.922729492, 396.6300354, 140.053421021, 247.2212677, 97.3679885864, 121.356826782, -38.924331665, 68.3552322388, 15.7751684189], [-157.914825439, -47.2577514648, 267.874938965, 278.922729492, 635.967224121, 300.30065918, 193.892822266, 59.9739685059, 48.722743988, 43.2597007751, 12.8922243118, 9.92776870728, -0.455565392971], [1181.58581543, -564.555725098, 272.723449707, 396.6300354, 300.30065918, 486.545379639, 131.16104126, 175.336837769, 33.177532196, 66.7945175171, 7.51710128784, 52.4097824097, 17.4702415466], [-197.440979004, 140.529922485, 271.118560791, 140.053421021, 193.892822266, 131.16104126, 264.046875, 72.2776947021, 94.2914428711, 38.2300453186, 50.8130569458, 24.7127780914, 39.7310905457], [880.839660645, -469.1378479, 253.326065063, 247.2212677, 59.9739685059, 175.336837769, 72.2776947021, 266.234161377, 103.102577209, 119.407798767, 0.44556760788, 74.5276260376, 22.3549175262], [-211.080749512, 181.168289185, 309.082336426, 97.3679885864, 48.722743988, 33.177532196, 94.2914428711, 103.102577209, 198.543182373, 107.515174866, 70.2876968384, 24.9525985718, 30.802318573], [334.236816406, -170.93182373, 245.397140503, 121.356826782, 43.2597007751, 66.7945175171, 38.2300453186, 119.407798767, 107.515174866, 192.709136963, 52.2114105225, 55.8558959961, -9.24771785736], [-329.208984375, 252.547912598, 136.903930664, -38.924331665, 12.8922243118, 7.51710128784, 50.8130569458, 0.44556760788, 70.2876968384, 52.2114105225, 140.713500977, 29.5553131104, 46.5872650146], [401.910797119, -168.655181885, 114.283866882, 68.3552322388, 9.92776870728, 52.4097824097, 24.7127780914, 74.5276260376, 24.9525985718, 55.8558959961, 29.5553131104, 141.396713257, 65.4036483765], [-227.988998413, 176.944854736, 112.294723511, 15.7751684189, -0.455565392971, 17.4702415466, 39.7310905457, 22.3549175262, 30.802318573, -9.24771785736, 46.5872650146, 65.4036483765, 129.541091919]]}, "spectral_energyband_middle_low": {"dmean2": 0.00776332104579, "median": 0.00585214374587, "min": 1.35872569278e-22, "dvar2": 0.000255614810158, "dvar": 0.000109910353785, "dmean": 0.00484722200781, "max": 0.141295000911, "var": 0.000164408818819, "mean": 0.00958968326449}, "melbands_crest": {"dmean2": 4.66354513168, "median": 17.0318031311, "min": 1.5863929987, "dvar2": 22.4702510834, "dvar": 10.210735321, "dmean": 3.10467243195, "max": 30.649307251, "var": 44.9373474121, "mean": 17.5664520264}, "spectral_kurtosis": {"dmean2": 7.28015089035, "median": 3.02228426933, "min": -1.25712490082, "dvar2": 260.991668701, "dvar": 115.578689575, "dmean": 4.64247703552, "max": 293.211791992, "var": 406.687530518, "mean": 10.2082500458}, "spectral_rms": {"dmean2": 0.00210990058258, "median": 0.00448867492378, "min": 3.13842853615e-12, "dvar2": 1.2024624084e-05, "dvar": 7.87983572081e-06, "dmean": 0.00172438751906, "max": 0.0249657537788, "var": 2.97233746096e-05, "mean": 0.00641497503966}, "zerocrossingrate": {"dmean2": 0.014348580502, "median": 0.03466796875, "min": 0.00244140625, "dvar2": 0.000425598002039, "dvar": 0.000335202406859, "dmean": 0.0125724077225, "max": 0.52392578125, "var": 0.00394275737926, "mean": 0.0573014691472}, "silence_rate_60dB": {"dmean2": 0.0488704480231, "median": 0, "min": 0, "dvar2": 0.0518561601639, "dvar": 0.0238363649696, "dmean": 0.0244333464652, "max": 1, "var": 0.0823671743274, "mean": 0.0905808210373}, "erbbands_kurtosis": {"dmean2": 3.03963041306, "median": 0.295830845833, "min": -1.84974503517, "dvar2": 55.8275909424, "dvar": 26.2246284485, "dmean": 2.07719945908, "max": 180.132095337, "var": 117.528770447, "mean": 2.96556377411}, "erbbands": {"dmean2": [1.27128362656, 8.37776184082, 6.68599081039, 8.71576023102, 9.7550573349, 5.42065954208, 5.38987207413, 11.9346485138, 17.1898422241, 15.6862611771, 14.7570505142, 18.1895561218, 25.2917289734, 18.7545604706, 23.2487926483, 36.8807373047, 28.752494812, 32.4077796936, 15.2834892273, 15.8207483292, 42.0940132141, 13.8374223709, 10.7712459564, 17.8451156616, 8.82212257385, 24.1963310242, 17.4942073822, 8.16990184784, 14.6870222092, 11.7510900497, 9.2600736618, 8.29419708252, 5.47156524658, 2.59948849678, 1.49870479107, 0.922276377678, 0.341564446688, 0.0883496776223, 0.00991471204907, 0.000605066132266], "median": [0.140939414501, 1.23935437202, 1.89347076416, 1.6376914978, 0.929657578468, 2.54507732391, 3.4837501049, 7.07761526108, 5.14702510834, 5.28673267365, 2.82266521454, 7.16928291321, 5.47218799591, 2.98237991333, 4.69108867645, 3.43683576584, 2.28362560272, 2.19121456146, 1.48296391964, 1.44860243797, 1.91727614403, 1.13029026985, 0.73072385788, 0.798451304436, 0.824058175087, 0.900940954685, 1.03962850571, 0.986711680889, 1.06166934967, 1.12609934807, 0.889092028141, 0.59385317564, 0.498352110386, 0.258844137192, 0.0894097089767, 0.0335538163781, 0.00830482132733, 0.00115925364662, 0.00016367113858, 5.21354886587e-05], "min": [7.88637184268e-23, 8.99942113225e-22, 2.79006384832e-21, 3.70698406576e-21, 1.842538029e-20, 1.64527144721e-20, 2.84527027822e-20, 5.94038658306e-20, 1.05670384549e-19, 1.19769290349e-19, 2.57917913524e-19, 3.33200939391e-19, 6.12167678523e-19, 7.80471377723e-19, 6.56425305113e-19, 7.24754869806e-19, 2.13700663687e-18, 1.879521649e-18, 2.09104289857e-18, 3.1009534987e-18, 3.73593435323e-18, 4.33455048687e-18, 5.81025765687e-18, 6.18452751914e-18, 5.67375589859e-18, 8.21762331387e-18, 1.00451953321e-17, 9.7908629363e-18, 1.06130912185e-17, 1.22503124342e-17, 1.00513570004e-17, 1.0857383296e-17, 1.09283545654e-17, 8.52034494828e-18, 5.70619792222e-18, 4.39933651322e-18, 2.5735104665e-18, 7.89527402768e-19, 2.43101040801e-19, 2.7209550488e-20], "dvar2": [11.4238138199, 453.093414307, 304.320861816, 491.870635986, 815.301696777, 97.5774917603, 145.957183838, 588.278869629, 1875.55859375, 1592.27770996, 2305.39331055, 3933.52978516, 8151.22363281, 4365.56396484, 4107.92578125, 16018.2607422, 9480.43945312, 15580.8623047, 2051.81787109, 1739.23913574, 39522.0507812, 1757.8684082, 898.853210449, 2462.79980469, 558.90612793, 7339.51611328, 3317.80883789, 349.343231201, 1961.25817871, 918.987792969, 630.839660645, 597.446838379, 235.652359009, 25.898601532, 9.83396148682, 4.84456920624, 0.645952045918, 0.0480586886406, 0.000787215074524, 3.05548564938e-06], "dvar": [6.21199178696, 253.955627441, 113.910850525, 198.136535645, 323.537902832, 37.4726409912, 56.7482795715, 260.681396484, 752.324645996, 620.253479004, 1008.56378174, 1424.94873047, 3620.88525391, 1928.17236328, 1695.11621094, 6172.45214844, 3505.19775391, 5886.78808594, 813.101867676, 723.024902344, 14006.4453125, 662.580688477, 330.926208496, 922.490722656, 236.162307739, 2615.92480469, 1225.65917969, 152.92767334, 720.524169922, 355.390716553, 245.3309021, 238.051513672, 99.4730911255, 11.1684150696, 4.14182710648, 2.05823516846, 0.290289074183, 0.0214802380651, 0.000374283466954, 1.39467897498e-06], "dmean": [1.00159132481, 6.46640014648, 4.06418180466, 5.24067878723, 5.71961069107, 3.1832716465, 3.37360668182, 7.54792976379, 10.3794879913, 9.55174350739, 9.41414928436, 10.8575201035, 16.5800971985, 12.1161851883, 15.2202215195, 21.9369335175, 16.4606742859, 18.3570327759, 9.17354297638, 9.84578704834, 23.9478912354, 8.20696926117, 6.28336238861, 10.5177497864, 5.46562337875, 13.6565914154, 10.1639738083, 5.16573476791, 8.53408336639, 7.07956218719, 5.63857507706, 5.0618429184, 3.51101517677, 1.6520550251, 0.952398061752, 0.58400529623, 0.219049572945, 0.0569842644036, 0.00656096450984, 0.000403302488849], "max": [20.6739959717, 129.015304565, 104.911582947, 168.20652771, 257.812561035, 181.56237793, 248.602432251, 410.970947266, 524.79888916, 661.223754883, 1478.57080078, 969.803039551, 2921.94897461, 1084.90319824, 1046.5489502, 1562.22241211, 1314.4552002, 1377.54431152, 597.852844238, 607.061462402, 1672.16699219, 794.356628418, 354.077697754, 451.387298584, 243.544998169, 705.387023926, 465.629211426, 183.027328491, 272.588592529, 208.603515625, 147.68132019, 201.10987854, 163.946960449, 36.8742027283, 27.8926429749, 25.7635803223, 8.20198059082, 3.44024658203, 0.404915630817, 0.0166253056377], "var": [13.7913341522, 619.522460938, 123.339927673, 263.580108643, 297.231689453, 65.3844223022, 119.408760071, 766.187133789, 2009.42211914, 1686.18688965, 2362.15356445, 1464.99719238, 7837.41552734, 3018.09521484, 2758.36230469, 7865.25683594, 2768.33300781, 4683.94775391, 834.444702148, 918.11126709, 9050.09082031, 1136.23999023, 342.744689941, 1521.69299316, 323.038482666, 1781.56335449, 897.767456055, 224.547302246, 566.154296875, 320.198150635, 218.685058594, 242.22013855, 138.169555664, 16.7744312286, 4.62511396408, 2.12162804604, 0.322987943888, 0.0236868076026, 0.000450016668765, 1.57488864261e-06], "mean": [1.70070695877, 12.0066804886, 6.06596088409, 7.15903568268, 5.77824544907, 5.14487075806, 7.21194267273, 18.0205593109, 22.508523941, 21.0078010559, 14.2942352295, 16.9105529785, 29.2195682526, 17.5105266571, 22.7076969147, 27.3004665375, 15.6645126343, 16.800951004, 9.69981575012, 11.5277042389, 21.1743717194, 9.57440280914, 7.04813432693, 13.1333370209, 6.84019327164, 12.4959917068, 9.14720726013, 7.02762126923, 8.55675125122, 7.48461675644, 5.98861789703, 5.74577569962, 4.84982919693, 2.21578025818, 1.03012108803, 0.579719126225, 0.216640666127, 0.054799079895, 0.00673887319863, 0.000443873374024]}, "spectral_strongpeak": {"dmean2": 0.618669509888, "median": 0.511546492577, "min": 0, "dvar2": 1.39474284649, "dvar": 0.520169615746, "dmean": 0.381980329752, "max": 9.80278778076, "var": 0.912778198719, "mean": 0.815487325191}, "spectral_energy": {"dmean2": 0.0465929582715, "median": 0.020651910454, "min": 1.00959760597e-20, "dvar2": 0.0101136127487, "dvar": 0.00582915917039, "dmean": 0.036330409348, "max": 0.638871073723, "var": 0.0146959768608, "mean": 0.0726474225521}, "average_loudness": 0.904781341553, "spectral_rolloff": {"dmean2": 1033.90075684, "median": 495.263671875, "min": 64.599609375, "dvar2": 4717342.5, "dvar": 2130275.25, "dmean": 616.753173828, "max": 19616.7480469, "var": 5944366, "mean": 1445.01318359}, "spectral_centroid": {"dmean2": 408.446166992, "median": 717.79699707, "min": 78.6232070923, "dvar2": 434277.96875, "dvar": 198020.765625, "dmean": 266.707794189, "max": 11564.8164062, "var": 1267489.625, "mean": 1112.37219238}, "pitch_salience": {"dmean2": 0.120795935392, "median": 0.45666256547, "min": 0.00988082960248, "dvar2": 0.0204820055515, "dvar": 0.0093363551423, "dmean": 0.0789551660419, "max": 0.957864165306, "var": 0.0323409587145, "mean": 0.425947129726}, "spectral_energyband_middle_high": {"dmean2": 0.00364683242515, "median": 0.000728763465304, "min": 1.13879697745e-21, "dvar2": 9.39768578974e-05, "dvar": 3.97957664973e-05, "dmean": 0.00232443027198, "max": 0.118883758783, "var": 5.33136953891e-05, "mean": 0.0033538043499}, "spectral_contrast_coeffs": {"dmean2": [0.0821894481778, 0.0811138451099, 0.0617110021412, 0.0451646521688, 0.0350993722677, 0.0313010141253], "median": [-0.622584342957, -0.69081223011, -0.76139241457, -0.823502659798, -0.832082569599, -0.794948220253], "min": [-0.975829482079, -0.986760556698, -0.981013119221, -0.972995221615, -0.966667890549, -0.964238941669], "dvar2": [0.00560110993683, 0.00601820042357, 0.00319023802876, 0.00163206260186, 0.000990112312138, 0.00110923044849], "dvar": [0.00216030166484, 0.00252829049714, 0.00135662138928, 0.000631376809906, 0.000407805782743, 0.000465285469545], "dmean": [0.0515023097396, 0.0504535511136, 0.0383638367057, 0.0273882187903, 0.0211962815374, 0.0189328454435], "max": [-0.302211999893, -0.317944675684, -0.460564166307, -0.52831941843, -0.631846249104, -0.616400420666], "var": [0.00893491040915, 0.0141438003629, 0.00714130280539, 0.00372678227723, 0.00243770051748, 0.00193918077275], "mean": [-0.621318519115, -0.683137655258, -0.754410147667, -0.808569014072, -0.823552072048, -0.79107272625]}, "melbands_skewness": {"dmean2": 1.94111549854, "median": 2.96902441978, "min": -1.84109079838, "dvar2": 8.17030906677, "dvar": 4.0509762764, "dmean": 1.35509634018, "max": 23.9871921539, "var": 15.0348997116, "mean": 4.10938835144}, "spectral_spread": {"dmean2": 1391411.875, "median": 5614045, "min": 309222.03125, "dvar2": 4034763423740.0, "dvar": 1980685615100.0, "dmean": 991086.375, "max": 49468652, "var": 13703276658700.0, "mean": 5814457}, "dissonance": {"dmean2": 0.0451475419104, "median": 0.458270311356, "min": 0.0575054176152, "dvar2": 0.0024605372455, "dvar": 0.0010748943314, "dmean": 0.0278171412647, "max": 0.500000059605, "var": 0.00452209450305, "mean": 0.433149218559}, "spectral_skewnes