{"tonal": {"thpcp": [1, 0.941721916199, 0.941703975201, 0.770842730999, 0.661113679409, 0.825589537621, 0.799619853497, 0.462144434452, 0.215533062816, 0.154742479324, 0.178882971406, 0.216249272227, 0.222525328398, 0.22824215889, 0.216305300593, 0.202912196517, 0.238109529018, 0.283236801624, 0.379824578762, 0.475017875433, 0.420604020357, 0.317017734051, 0.264812797308, 0.236334219575, 0.198245495558, 0.233714103699, 0.369504481554, 0.461655557156, 0.52294844389, 0.544418215752, 0.484441280365, 0.439097225666, 0.598677754402, 0.809689939022, 0.879468500614, 0.989689230919], "hpcp": {"dmean2": [0.11750742048, 0.119024604559, 0.120155327022, 0.113427072763, 0.131665155292, 0.140650287271, 0.166139632463, 0.205562204123, 0.179369270802, 0.142455846071, 0.127609118819, 0.121883168817, 0.107800975442, 0.123674944043, 0.170689821243, 0.23261025548, 0.271203458309, 0.275223553181, 0.259304881096, 0.23694011569, 0.271964251995, 0.347878962755, 0.355209171772, 0.385008126497, 0.390505164862, 0.352780759335, 0.380332350731, 0.341237604618, 0.294541865587, 0.313718616962, 0.325218707323, 0.223937168717, 0.125111103058, 0.0939977914095, 0.0990787670016, 0.113477744162], "median": [0.0404160991311, 0.0420759730041, 0.0413318015635, 0.0428662262857, 0.0559622645378, 0.0722473412752, 0.0908823758364, 0.109778881073, 0.105705618858, 0.0828144550323, 0.065360814333, 0.0593485683203, 0.0482036843896, 0.0590014830232, 0.0989316999912, 0.136943653226, 0.13598613441, 0.119508557022, 0.120182916522, 0.107473820448, 0.159838929772, 0.226551353931, 0.319432675838, 0.342783033848, 0.358300507069, 0.325580388308, 0.321952402592, 0.248595178127, 0.210294425488, 0.253524005413, 0.234330385923, 0.1212580055, 0.0405136421323, 0.0281137004495, 0.0355168655515, 0.0410204194486], "min": [0, 0, 0, 0, 0, 0, 0, 0, 0, 0, 0, 0, 0, 0, 0, 0, 0, 0, 0, 0, 0, 0.00162115844432, 0.00339729571715, 0.00140579568688, 0.00108109647408, 0, 0, 0, 0, 0.000620068109129, 0.00110949063674, 0.00158723187633, 0.000613889831584, 0, 0, 0], "dvar2": [0.043784160167, 0.0394719168544, 0.0463756918907, 0.0362193435431, 0.0405619852245, 0.0401848815382, 0.0475052818656, 0.0708409771323, 0.0467760004103, 0.0376683697104, 0.031718660146, 0.0309104882181, 0.0272169504315, 0.0310978014022, 0.0472956374288, 0.0698990896344, 0.0923985317349, 0.104838646948, 0.0821714922786, 0.0851578935981, 0.0900584757328, 0.117417879403, 0.10199020803, 0.114386327565, 0.117860987782, 0.103547774255, 0.110321365297, 0.0941531136632, 0.0849203467369, 0.0948897227645, 0.0993168205023, 0.0677460208535, 0.0466721430421, 0.0310192406178, 0.0285736005753, 0.0369941443205], "dvar": [0.016696607694, 0.0156085221097, 0.0177047178149, 0.0138138113543, 0.0148209957406, 0.0151108708233, 0.0181027594954, 0.0275712255388, 0.0183741860092, 0.0145119987428, 0.0124605959281, 0.0118838241324, 0.0104890232906, 0.0122602824122, 0.0195584520698, 0.0269251633435, 0.0358265191317, 0.0435323007405, 0.0318524688482, 0.0320720411837, 0.0348612256348, 0.050382103771, 0.0400917083025, 0.0490084327757, 0.0483970791101, 0.0409055911005, 0.0451284609735, 0.0382400751114, 0.0328808389604, 0.038566518575, 0.0418274886906, 0.0251127406955, 0.0170872397721, 0.0112383291125, 0.0107892379165, 0.0145506486297], "dmean": [0.0701623037457, 0.0713367909193, 0.0715858638287, 0.0674623250961, 0.0773993507028, 0.0832672566175, 0.100527182221, 0.123498886824, 0.107606396079, 0.0853230133653, 0.0756838843226, 0.0727902501822, 0.0635361000896, 0.0723690390587, 0.102921888232, 0.136044338346, 0.160123348236, 0.162355691195, 0.151461169124, 0.138967677951, 0.160676077008, 0.204395622015, 0.208758190274, 0.224382847548, 0.230478778481, 0.207135587931, 0.222932249308, 0.20223274827, 0.175605654716, 0.189670413733, 0.19344009459, 0.134182095528, 0.0734911859035, 0.0549255944788, 0.0595314577222, 0.0690964311361], "max": [1, 1, 1, 1, 1, 1, 1, 1, 1, 1, 1, 1, 1, 1, 1, 1, 1, 1, 1, 1, 1, 1, 1, 1, 1, 1, 1, 1, 1, 1, 1, 1, 1, 1, 1, 1], "var": [0.0254211165011, 0.0248299576342, 0.0226815231144, 0.0177274867892, 0.0180212501436, 0.0214634593576, 0.0359671972692, 0.0579975396395, 0.0399894453585, 0.0262615829706, 0.0204544756562, 0.0165977980942, 0.0126710077748, 0.0160078909248, 0.0315490029752, 0.0388950444758, 0.055121563375, 0.072504632175, 0.0508515462279, 0.0491762310266, 0.0599709115922, 0.105034664273, 0.0702421441674, 0.104279138148, 0.099877551198, 0.0930478274822, 0.0964482054114, 0.0734804943204, 0.0582404583693, 0.0902376621962, 0.0932312235236, 0.0447046943009, 0.0220480747521, 0.0125355385244, 0.0138913691044, 0.022832877934], "mean": [0.0951837524772, 0.0976290926337, 0.0925231799483, 0.0867943689227, 0.101849794388, 0.121152691543, 0.162467479706, 0.203185796738, 0.179910615087, 0.135602265596, 0.113271944225, 0.101090416312, 0.0847982168198, 0.0999696776271, 0.158053129911, 0.197470143437, 0.223687767982, 0.232871338725, 0.207216590643, 0.187820971012, 0.256080508232, 0.346339583397, 0.376186907291, 0.423333108425, 0.427743464708, 0.402815401554, 0.402807712555, 0.329722940922, 0.282787054777, 0.35314053297, 0.342032164335, 0.197679266334, 0.0921928584576, 0.0661900863051, 0.0765160247684, 0.0924992114305]}, "tuning_equal_tempered_deviation": 0.214457675815, "chords_changes_rate": 0.101758792996, "key_key": "F", "tuning_diatonic_strength": 0.363333165646, "key_scale": "major", "chords_number_rate": 0.00460636522621, "tuning_frequency": 449.245300293, "tuning_nontempered_energy_ratio": 0.8822696805, "chords_histogram": [0, 0, 7.91457271576, 9.25460624695, 4.18760490417, 21.4824123383, 8.66834163666, 0.753768861294, 2.17755436897, 0.0837520956993, 0, 0.418760478497, 3.26633167267, 2.68006706238, 0.837520956993, 1.46566164494, 0.335008382797, 0, 0, 0, 0.167504191399, 0.376884430647, 23.3249588013, 12.6046905518], "key_strength": 0.343420147896, "chords_key": "A#", "chords_strength": {"dmean2": 0.0125501714647, "median": 0.397392123938, "min": 0.188102766871, "dvar2": 0.00010007450328, "dvar": 8.05654199212e-05, "dmean": 0.0116697270423, "max": 0.705641925335, "var": 0.00891670398414, "mean": 0.406596630812}, "chords_scale": "major", "hpcp_entropy": {"dmean2": 1.0624871254, "median": 2.25070261955, "min": 0.0360123515129, "dvar2": 0.663877427578, "dvar": 0.239250302315, "dmean": 0.625727534294, "max": 4.17202806473, "var": 0.545671820641, "mean": 2.25004386902}}, "metadata": {"audio_properties": {"equal_loudness": 0, "codec": "mp3", "downmix": "mix", "sample_rate": 44100, "analysis_sample_rate": 44100, "bit_rate": 128030, "md5_encoded": "05feb19c93b136a0dd60bed538be464a", "length": 110.811431885, "replay_gain": -5.54198074341, "lossless": false}, "version": {"essentia_build_sha": "2d9f1f26377add8aeb1075a9c2973f962c4f09fd", "essentia": "2.1-beta2", "extractor": "music 1.0", "essentia_git_sha": "v2.1_beta2-1-ge3940c0"}, "tags": {"title": ["Cotton Pickin' Rocker"], "barcode": ["4000127159724"], "language": ["eng"], "musicbrainz_recordingid": ["07e2b0bd-7d8a-45b2-91bf-a75a07fb5f44"], "mood": ["Extremely calm", "Extremely calm", "Extremely calm"], "musicbrainz_albumartistid": ["89ad4ac3-39f7-470e-963a-56509c546377"], "bpm": ["114"], "catalognumber": ["BCD 15972 AR"], "musicbrainz album type": ["Album", "Compilation"], "musicbrainz album release country": ["DE"], "acoustid_fingerprint": ["AQADYxGdLFE0IYc15_gqsMl0XPCXCj9OIVdySDdCGo0uXNGO-8R9lIkO50ff4yWaaTsYKQpj_EbTLeh1_MhJ8B806g7Ow8GZDT8cHuUKRb7wPQj2I22qQ4fHIT8ckTHxgTljdPETnER0KE-J81uFfBgN4z-sJR9O-D3mojnyJcL_wdU-yFmSF2E2Hz1OhR1-1A9h6-hxdfg0G7WR_tCJrMcp4gw8Uj2u4jM4q9PwH6E4Gt-hNYoOzzt0HjrsBKcOuVkMKiZKINJ54Bd63GhChUerfujywM_xtUidw-pRdiP0C806hF_xDo8mhMddfNhInDO6tOCaHv3RnNCPJke4HJdOXBSa4z-aL8fBET5yGhqPZrmQ5zrORFIlTNGOimqF58TEIWWQnDwc7scbfMZ_1BvuI0_8oJmPXkWYo16EG_GhZbmKjOks49XxHX3HgmXCBUf4ydASJglC60Ijc3iP5w8s4kqO2EsG7cFJquhTJ_jzoz0PC9fyoD_O4Sp0_EHZCM2Pg1eOPnrg6nCUH--waQ_OIy0l_IIflBfxxA_uFf2HxhNiffihEf7ioNmmB_txVkefIJeuwc9R_EKtHukUHQklBwyL4xQaB_VuvEdkSjK0I0xG5UBDBtMfsPIzhGluTMfxHJcHLZqIHmGePAi_YxdCH5Q-I9oFP-gfQkeYNTOKv0La8PgBLcov5EVzoVSGtBdSOEfI47gOh_hhKReu44F__HhynDry0Pi1IIwq9DzO48f3oYeWjgdsCjr-oeENn8cfhCnyo4eWCz0a-8jR8MGRHj-aHBe0E42P5jRaNK0O7Req7EeYHOfRMBp6-LjCww5yaJ1ZhHlxVNJ2NEcPH79x6kP648XhH2F__PiRR7Pg_tCH38hrXHE-NJNO5OnxQ_yD__CNoyfkEGWCaJYuuMvQC2jkY_qRJ2gjJMyPXyy-PEKjC-cz4kc9uA8-rYic50jGg3sOLhQtND2m23gQZkmQXFrw7PCD3xmeIvcM8TtC5riWC1P8oJ6EPguaF8eU45PRZAqSXwj_EM1x4vzRzwouHV3C4xPxJ2ioa8FZI9cFf8nxDN5zaL_QUcrRtAn6D00W58GHZusjhD5KEeZxi3COh5rhL0X448zRuIfrJ-jR_nhynGoLcTvyDN6LH_1GvMTRRGmLfCcmMQkraAf_47yg9UOe8BtqfFLgRxV-IY01Gd2SPCglqFsI_dB3DZd2NLnwpQPfHD8elMcOvzbWDxWHGxo1mDvKC_-FS8iX5MgT_DIu4lmGQ_OxOUGPyBQ-SlVxCjmP3oH-gzSLdEXFDM9YHGh_oWkYC9eOJso19ORC8IqSw1jP4pRSpEs2_Ar0oDmLHl-O8j6uaduhkTp6-BWmu8FdePLxzMM71JzhHxpPfD14fEQdsbjEPtiW8eiPR8eN6-gHX0dZrugm3vAWCj2P_9CIxoKeQ--HPSf-6PiFbI9xDRPxFO3xzkIYaP9wB--PUbkJLZNIhFfB-_hu9AcVEl0mCjF9JDs-UA-YxkeftGhCUcd_5IMUcT_CWBv-4zOal6ic4wH5HA2joyr-onePI9181M0o6MyFUD-aZcyE4-bQXGA-4ckRcjWaD_rRr0i39CgT6niUauhl_MfXo86DeoRVHRdDXDuerTh59DvyF2wH7TvRfEWe47KPRi_unGisCz8qZ8WH5DnS10ePXTF2HTdzuDa-FKHEOtAf9Amu4GF8_BLKGw3HPLimi9AvTKFEXOMhngh_9EOPj7iShEaeI9lp-EKPJ7pwP8KRJxDH4idkRcsR6mjIDOcxgcmOR8QoJcnRB2HU4w_0Hbnxw5-Ib3jyo3yw6UeW_FB-hPCORsmy4D9ehI-g5clxPQy-4OKDOIpolBPho8df7B-u0gjDndDWE6GJRkp0XOTRXyJ8Hsx1OMczCYkjZWkROUcvNFXxaMGRL4f-IA9zzPLRF83xU8Ga_Ogjo3lyXLh1PFFToXmE0Mcv6HyQr3hEXJoa7AeTUGFQLliV1zh9NBeqHbmoOIGO5v2QH75c1Dp-lBY77CiVD_WOnDl8VcKzk5CihsK3QD-aMR76G3m0oxlz9KMQHmfY4x_q4zeaLyzaqCG-HI2OicTDLejxLIdISicm6cV79DZc6BHxDpl_XEbz42aDPwgPfbiH4_7giAd1UoIeyXAxU3gO86iNN3lw5D4aTjoqqceT49IRiz929tAyMqh8gf_wHD1VnJGO3_h0XB9CLsWP0MrRHAxZiFWIfOJg2sNxSczRJ8H3IQ8hRYc_hNeDMwtqHcxjfOERUudxVNTR7xBFvmDEBT0RZiyOiUXvA_2K5stxnL6QvCm6yWieY-eO3THOVYPt4_rx3MHPCs2h8foALwgQgzokjIMIAEMQA04A4ZhRAmEpEGCKCaIUBMgIQoAjxDgBACECGAAUJQABYIADgAKlBQHIE2AAcoIQwgRAgAApHKGMAAGAgsoIxqDAziKFBVAEOIMAAIYIIIzSQBEAFANAAKIEoEABIQgSSgKgEBNMEAYMAIhQBAAABBiAkEEUGICcBAgQKgRhAgEiBAGKCCWEIEYwAIQQgiFgGEJMEMAAQMoyAoABRCgACFZAIGAcIYJYhRyZQiEFiDiAKQKIUEASIRhxCHFBHBICCEoNMFqIZ5Ul2BAnBBIAWGUwRsQoCihTxAiiACJDCUA8BQYIJYgCRBngkAIAGOQEwEgpIwQADgCgFHIKIEcEFBQwgwFigDBBBCPWIkGUEooBJQCRQBCACBNAMIEUAEQJB4BQBghDGBOAGAEgAIQwJIgLUDEAiGFGGECcIQ4QZIwDgggDDAAKOWAIAggKAIhYAgiDMCDAwEGQQQIQQKDwAiIohAACKQCFUQIBCJgjAjCBEGJAECGIAgYIBaADABABCaOOGAOEAQIAAQVBgDAkABAGEACQAkYhUphBQAAEADHMIWqEhBQQ4JggBBihBEAEEUIAEUQQCIAhCBimDCFAGGQgcIIZhBQAQgBAgCCGCCMcAgAKQ4ghgiwFgCGIGIKMBQxIxIQigAEgFDNIA4NAMQAKBwwwyBkDlCEAGAEIAgY5gwQDUAgHGCYGAGKQIkpQB4QyhhBjgAMECgMQksY5BAxSjgCDnGCAAKo8EYYxYIAxhlmhCHEAOCIEEEAgxAkxiBCAGHTAIEAIUQQRI4BSSDAkCEHAQGWYUhghIIAQCglBCAJGGWAZgUQYBgwQIACDBBAOCQIAAUARQAA"], "date": ["1958"], "file_name": "Joe Bennett & The Sparkletones - Cotton Pickin' Rocker.mp3", "album": ["That'll Flat Git It, Volume 13: ABC Records"], "initialkey": ["G"], "musicbrainz_albumid": ["addbfda6-99fd-4441-88f2-6a30b97c8466"], "originalalbum": ["That'll Flat Git It, Volume 13: ABC Records"], "tracknumber": ["16/30"], "artistsort": ["Bennett, Joe & The Sparkletones"], "artist": ["Joe Bennett & The Sparkletones"], "label": ["Bear Family Records"], "acoustid_id": ["17ea5c27-b42b-427b-af90-d97e2ef2dc67"], "musicbrainz_artistid": ["7be20cad-becd-4a71-9da5-6fee8c1a8995"], "musicbrainz_releasegroupid": ["382d33ac-6fbc-31b1-97ee-4201e6e78fba"]}}, "rhythm": {"bpm_histogram_first_peak_bpm": {"dmean2": 0, "median": 112, "min": 112, "dvar2": 0, "dvar": 0, "dmean": 0, "max": 112, "var": 0, "mean": 112}, "bpm": 112.134994507, "bpm_histogram_second_peak_spread": {"dmean2": 0, "median": 0.0625000372529, "min": 0.0625000372529, "dvar2": 0, "dvar": 0, "dmean": 0, "max": 0.0625000372529, "var": 0, "mean": 0.0625000372529}, "bpm_histogram_first_peak_weight": {"dmean2": 0, "median": 0.463414639235, "min": 0.463414639235, "dvar2": 0, "dvar": 0, "dmean": 0, "max": 0.463414639235, "var": 0, "mean": 0.463414639235}, "onset_rate": 3.46480202675, "beats_position": [0.510838985443, 1.05650794506, 1.60217678547, 2.14784574509, 2.69351458549, 3.26240348816, 3.83129239082, 4.38857126236, 4.94585037231, 5.50312900543, 6.06040811539, 6.60607719421, 7.1517457962, 7.69741487503, 8.24308395386, 8.77714252472, 9.31120204926, 9.84526062012, 10.3909292221, 10.9249887466, 11.4358272552, 11.9582767487, 12.4807252884, 13.0031747818, 13.5256233215, 14.0596818924, 14.6053514481, 15.15102005, 15.696688652, 16.2307472229, 16.7764167786, 17.3220863342, 17.8561439514, 18.390203476, 18.9242630005, 19.458322525, 19.9923801422, 20.5264396667, 21.0604991913, 21.5945568085, 22.128616333, 22.6626758575, 23.1735134125, 23.707572937, 24.2416324615, 24.7756919861, 25.3097496033, 25.8438091278, 26.3778686523, 26.9119262695, 27.4227657318, 27.9452152252, 28.4908847809, 29.0249423981, 29.5473918915, 30.0466213226, 30.5574588776, 31.0682983398, 31.6023578644, 32.1364173889, 32.6704750061, 33.204536438, 33.7385940552, 34.2726516724, 34.8067131042, 35.3407707214, 35.8632202148, 36.397277832, 36.9429473877, 37.4886169434, 38.0110664368, 38.545124054, 39.0675735474, 39.5900230408, 40.1008605957, 40.6116981506, 41.1225395203, 41.6565971375, 42.2022666931, 42.7363243103, 43.281993866, 43.8160552979, 44.3385009766, 44.86095047, 45.3950119019, 45.9174575806, 46.439907074, 46.9739685059, 47.508026123, 48.0420837402, 48.5645332336, 49.0869827271, 49.6210403442, 50.1434898376, 50.6543312073, 51.1651687622, 51.6876182556, 52.1984558105, 52.7325172424, 53.2665748596, 53.8122444153, 54.3579139709, 54.9035835266, 55.4492492676, 55.9949188232, 56.5405883789, 57.0978660583, 57.6783676147, 58.2588653564, 58.8277549744, 59.3850326538, 59.9307022095, 60.4879798889, 61.0684814453, 61.648979187, 62.2294769287, 62.8215866089, 63.4369163513, 63.9825820923, 64.5282516479, 65.0855331421, 65.6428070068, 66.200088501, 66.7457580566, 67.2798156738, 67.8254852295, 68.3595428467, 68.8936004639, 69.4276657104, 69.9617233276, 70.4841690063, 71.0182266235, 71.5406799316, 72.0747375488, 72.608795166, 73.1428527832, 73.6653060913, 74.18775177, 74.7218093872, 75.2558746338, 75.789932251, 76.3239898682, 76.8580474854, 77.403717041, 77.9261627197, 78.4486160278, 78.982673645, 79.5051269531, 80.0159606934, 80.526802063, 81.0608596802, 81.5949172974, 82.1289749146, 82.6630401611, 83.1970977783, 83.719543457, 84.2419967651, 84.7760543823, 85.321723938, 85.8673934937, 86.4014511108, 86.935508728, 87.4695663452, 88.0036239624, 88.537689209, 89.0601348877, 89.5825805664, 90.116645813, 90.6507034302, 91.1731491089, 91.695602417, 92.2296600342, 92.7637176514, 93.2977752686, 93.8318328857, 94.3775024414, 94.9115600586, 95.4340133667, 95.9680709839, 96.5021286011, 97.0361862183, 97.5702438354, 98.104309082, 98.6383666992, 99.1724243164, 99.7064819336, 100.240539551, 100.774604797, 101.308662415, 101.831108093, 102.36516571, 102.899223328, 103.444892883, 103.97895813, 104.513015747, 105.035461426, 105.557914734, 106.080360413, 106.61441803, 107.136871338, 107.647705078, 108.181770325, 108.727432251, 109.249885559, 109.760726929, 110.294784546], "beats_loudness": {"dmean2": 0.00709383841604, "median": 0.00837021879852, "min": 0.000637836114038, "dvar2": 2.67689665634e-05, "dvar": 1.00558381746e-05, "dmean": 0.0040038251318, "max": 0.0212039388716, "var": 2.01851307793e-05, "mean": 0.00893201772124}, "danceability": 1.14588987827, "bpm_histogram_second_peak_weight": {"dmean2": 0, "median": 0.0731707289815, "min": 0.0731707289815, "dvar2": 0, "dvar": 0, "dmean": 0, "max": 0.0731707289815, "var": 0, "mean": 0.0731707289815}, "beats_count": 206, "bpm_histogram_second_peak_bpm": {"dmean2": 0, "median": 117, "min": 117, "dvar2": 0, "dvar": 0, "dmean": 0, "max": 117, "var": 0, "mean": 117}, "bpm_histogram_first_peak_spread": {"dmean2": 0, "median": 0.469273746014, "min": 0.469273746014, "dvar2": 0, "dvar": 0, "dmean": 0, "max": 0.469273746014, "var": 0, "mean": 0.469273746014}, "beats_loudness_band_ratio": {"dmean2": [0.0278807133436, 0.192577779293, 0.09692350775, 0.13763654232, 0.357433915138, 0.17595154047], "median": [0.0101352659985, 0.0866790115833, 0.0392112955451, 0.0212764088064, 0.575189530849, 0.159506335855], "min": [0.000811996927951, 0.00399094214663, 0.00376288453117, 0.00269996048883, 0.111440755427, 0.0343167185783], "dvar2": [0.00112133449875, 0.0303751528263, 0.00971836317331, 0.0321063622832, 0.0712806358933, 0.0245836135], "dvar": [0.000403084326535, 0.0104785766453, 0.00342473573983, 0.0117742307484, 0.02209690772, 0.00806567072868], "dmean": [0.0156535487622, 0.107580624521, 0.053989995271, 0.0774669796228, 0.198632910848, 0.0988989546895], "max": [0.123768776655, 0.622868657112, 0.454526811838, 0.598102509975, 0.938937306404, 0.671744763851], "var": [0.000380085984943, 0.0125278867781, 0.00403840234503, 0.0104455044493, 0.0379084087908, 0.0115622170269], "mean": [0.0177217833698, 0.124974630773, 0.0620688423514, 0.0666414052248, 0.578025102615, 0.187192842364]}}, "lowlevel": {"barkbands_spread": {"dmean2": 8.09108543396, "median": 19.325012207, "min": 0.964493095875, "dvar2": 55.2182922363, "dvar": 25.8460083008, "dmean": 5.23138809204, "max": 59.8335037231, "var": 116.172966003, "mean": 20.7722110748}, "melbands_spread": {"dmean2": 18.6838169098, "median": 59.6061782837, "min": 2.50644373894, "dvar2": 245.152877808, "dvar": 109.373062134, "dmean": 11.8902587891, "max": 113.349571228, "var": 395.364685059, "mean": 58.2351799011}, "hfc": {"dmean2": 7.99052095413, "median": 15.9071407318, "min": 0.000183367577847, "dvar2": 76.04737854, "dvar": 37.9593315125, "dmean": 5.50469636917, "max": 78.8579101563, "var": 193.408325195, "mean": 19.018995285}, "barkbands_kurtosis": {"dmean2": 5.11431407928, "median": 1.13188171387, "min": -1.87574708462, "dvar2": 59.6550521851, "dvar": 25.6649570465, "dmean": 3.24756455421, "max": 109.372879028, "var": 71.0754623413, "mean": 4.22374105453}, "gfcc": {"mean": [-131.267929077, 84.5138702393, -226.717773438, 64.9591064453, -68.7419128418, -56.6176223755, -11.7956075668, -23.2092151642, -2.11816692352, -25.0729866028, -7.81894922256, 14.8115768433, -1.32299482822], "icov": [[0.00172611465678, 0.000150280495291, 0.00292961113155, -0.000609250098933, 0.00305033451878, -0.00120533851441, 0.00380934402347, -0.00195033173077, 0.00246098451316, 0.000114351001685, 0.0015862948494, -0.000417913572164, 0.000534901686478], [0.000150280495291, 0.012310789898, -0.0151380449533, 0.0157075934112, -0.00796855892986, 0.010424958542, -0.0119849201292, 0.0198040362448, -0.010705191642, 0.00568202044815, -0.0044537181966, 0.00898769591004, -0.00325108948164], [0.00292961113155, -0.0151380449533, 0.0396890938282, -0.0299937035888, 0.021464381367, -0.0142737375572, 0.0268219187856, -0.0327346101403, 0.0231935884804, -0.00766575522721, 0.0144587997347, -0.0198837183416, 0.0127396453172], [-0.000609250098933, 0.0157075934112, -0.0299937035888, 0.0339655131102, -0.0178474280983, 0.0160469710827, -0.0174476057291, 0.0296797268093, -0.0180440917611, 0.00947057828307, -0.0121286800131, 0.0183225534856, -0.0110144512728], [0.00305033451878, -0.00796855892986, 0.021464381367, -0.0178474280983, 0.0241032447666, -0.012931917794, 0.017156817019, -0.0183062031865, 0.0128543004394, -0.00549473613501, 0.0103299543262, -0.00947885867208, 0.00839932914823], [-0.00120533851441, 0.010424958542, -0.0142737375572, 0.0160469710827, -0.012931917794, 0.0192086789757, -0.0148679716513, 0.0164542328566, -0.00740904314443, 0.00600574398413, -0.00747947720811, 0.00950210541487, -0.00499576795846], [0.00380934402347, -0.0119849201292, 0.0268219187856, -0.0174476057291, 0.017156817019, -0.0148679716513, 0.0292926188558, -0.0251498669386, 0.0211533047259, -0.00471198325977, 0.008899028413, -0.00818977691233, 0.00445916317403], [-0.00195033173077, 0.0198040362448, -0.0327346101403, 0.0296797268093, -0.0183062031865, 0.0164542328566, -0.0251498669386, 0.0427579246461, -0.0249419566244, 0.0115536563098, -0.0111470511183, 0.0160296130925, -0.00596607849002], [0.00246098451316, -0.010705191642, 0.0231935884804, -0.0180440917611, 0.0128543004394, -0.00740904314443, 0.0211533047259, -0.0249419566244, 0.0292450115085, -0.00724442349747, 0.00693389819935, -0.00597641663626, 0.00374177494086], [0.000114351001685, 0.00568202044815, -0.00766575522721, 0.00947057828307, -0.00549473613501, 0.00600574398413, -0.00471198325977, 0.0115536563098, -0.00724442349747, 0.0173298679292, -0.00458910595626, 0.00563470693305, -0.00114559812937], [0.0015862948494, -0.0044537181966, 0.0144587997347, -0.0121286800131, 0.0103299543262, -0.00747947720811, 0.008899028413, -0.0111470511183, 0.00693389819935, -0.00458910595626, 0.020339243114, -0.0142108369619, 0.0106480652466], [-0.000417913572164, 0.00898769591004, -0.0198837183416, 0.0183225534856, -0.00947885867208, 0.00950210541487, -0.00818977691233, 0.0160296130925, -0.00597641663626, 0.00563470693305, -0.0142108369619, 0.0327796377242, -0.0156012056395], [0.000534901686478, -0.00325108948164, 0.0127396453172, -0.0110144512728, 0.00839932914823, -0.00499576795846, 0.00445916317403, -0.00596607849002, 0.00374177494086, -0.00114559812937, 0.0106480652466, -0.0156012056395, 0.0247709546238]], "cov": [[1509.29345703, -522.165405273, 10.9335250854, -75.6099777222, -106.081359863, 58.5475730896, -215.782150269, 160.181427002, -19.6283912659, -33.531539917, -10.2748146057, 35.2827186584, 12.8874578476], [-522.165405273, 685.174194336, -31.1467437744, -50.6480407715, -29.2991333008, -128.757247925, 103.095848083, -231.48260498, 2.57320189476, 11.6784572601, -47.5909957886, -39.3955383301, 0.152580529451], [10.9335250854, -31.1467437744, 267.275177002, 143.057159424, -36.839466095, -122.488647461, -184.409912109, 39.9192466736, 29.2214603424, -0.0429051630199, -4.1552157402, 42.4726371765, -23.4527359009], [-75.6099777222, -50.6480407715, 143.057159424, 207.790756226, 19.6931228638, -99.6410980225, -129.880340576, -17.5978164673, 48.3386878967, 4.15773010254, 5.39242649078, 4.53426647186, -0.39671754837], [-106.081359863, -29.2991333008, -36.839466095, 19.6931228638, 119.255157471, 45.9020767212, 4.06175994873, 3.62844991684, 0.543416023254, 6.51196241379, -7.58316135406, -16.0408687592, -11.5125207901], [58.5475730896, -128.757247925, -122.488647461, -99.6410980225, 45.9020767212, 232.293579102, 148.023040771, 28.2607536316, -73.8360671997, -24.8641433716, 14.3164987564, -12.7199163437, 7.80918884277], [-215.782150269, 103.095848083, -184.409912109, -129.880340576, 4.06175994873, 148.023040771, 306.203216553, -17.1514205933, -92.8685531616, -26.566028595, -4.99890232086, -32.6749839783, 18.8731822968], [160.181427002, -231.48260498, 39.9192466736, -17.5978164673, 3.62844991684, 28.2607536316, -17.1514205933, 181.984817505, 27.7350463867, -20.2352771759, 12.3925237656, 4.18510818481, -18.6241703033], [-19.6283912659, 2.57320189476, 29.2214603424, 48.3386878967, 0.543416023254, -73.8360671997, -92.8685531616, 27.7350463867, 119.419837952, 20.662519455, -1.36201953888, -11.8182039261, -8.39189338684], [-33.531539917, 11.6784572601, -0.0429051630199, 4.15773010254, 6.51196241379, -24.8641433716, -26.566028595, -20.2352771759, 20.662519455, 80.4510421753, 8.60793113708, -4.21796035767, -8.94362449646], [-10.2748146057, -47.5909957886, -4.1552157402, 5.39242649078, -7.58316135406, 14.3164987564, -4.99890232086, 12.3925237656, -1.36201953888, 8.60793113708, 91.2340164185, 24.1565132141, -15.5461235046], [35.2827186584, -39.3955383301, 42.4726371765, 4.53426647186, -16.0408687592, -12.7199163437, -32.6749839783, 4.18510818481, -11.8182039261, -4.21796035767, 24.1565132141, 72.9317779541, 21.1439590454], [12.8874578476, 0.152580529451, -23.4527359009, -0.39671754837, -11.5125207901, 7.80918884277, 18.8731822968, -18.6241703033, -8.39189338684, -8.94362449646, -15.5461235046, 21.1439590454, 70.4459381104]]}, "spectral_energyband_middle_low": {"dmean2": 0.000729290419258, "median": 0.000655891140923, "min": 1.24422019354e-08, "dvar2": 1.5994955902e-06, "dvar": 5.97393068347e-07, "dmean": 0.000458019261714, "max": 0.0159561727196, "var": 7.61177489039e-07, "mean": 0.000893593125511}, "melbands_crest": {"dmean2": 5.28539800644, "median": 10.4792261124, "min": 3.33796620369, "dvar2": 20.1961326599, "dvar": 8.28303718567, "dmean": 3.2517926693, "max": 35.503528595, "var": 25.2756919861, "mean": 11.5557603836}, "spectral_kurtosis": {"dmean2": 7.9820356369, "median": 5.38032388687, "min": -0.915952444077, "dvar2": 46.814037323, "dvar": 15.2377824783, "dmean": 4.52447748184, "max": 38.5129852295, "var": 26.0360679626, "mean": 6.56855249405}, "spectral_rms": {"dmean2": 0.000537464627996, "median": 0.002499173861, "min": 1.04586097223e-05, "dvar2": 2.66335092647e-07, "dvar": 1.43195279634e-07, "dmean": 0.000382014492061, "max": 0.00533626461402, "var": 8.0494572785e-07, "mean": 0.0025219109375}, "zerocrossingrate": {"dmean2": 0.00791328772902, "median": 0.126953125, "min": 0.0107421875, "dvar2": 5.67613642488e-05, "dvar": 4.17054106947e-05, "dmean": 0.0065474496223, "max": 0.2041015625, "var": 0.000250421318924, "mean": 0.125185534358}, "silence_rate_60dB": {"dmean2": 0.22359597683, "median": 0, "min": 0, "dvar2": 0.200836449862, "dvar": 0.0993590354919, "dmean": 0.111879318953, "max": 1, "var": 0.16968241334, "mean": 0.216589868069}, "erbbands_kurtosis": {"dmean2": 6.56789779663, "median": 5.2588968277, "min": -1.7708697319, "dvar2": 67.7515335083, "dvar": 29.1613101959, "dmean": 4.20774459839, "max": 93.509979248, "var": 115.599075317, "mean": 8.81490516663}, "erbbands": {"dmean2": [0.000157695714734, 0.000548065872863, 0.00232760212384, 0.0228214710951, 0.1891181916, 0.324489533901, 2.93141961098, 3.06583142281, 1.48841631413, 0.832561552525, 2.50152802467, 1.36424255371, 12.4161891937, 9.27917194366, 3.52191662788, 1.40375053883, 3.73407292366, 3.23727464676, 1.93329226971, 9.13677883148, 11.891907692, 40.8030929565, 126.775749207, 55.728515625, 9.01328086853, 21.9066543579, 9.06496715546, 8.60152816772, 2.17870187759, 0.862422347069, 0.319564342499, 0.0261585395783, 0.00660656392574, 0.000997169758193, 0.000388374784961, 0.000211598016904, 0.000104681967059, 2.22370235861e-05, 3.03648494082e-06, 4.43630096925e-06], "median": [0.000151409127284, 0.000247896387009, 0.00123633421026, 0.0111475521699, 0.0853272378445, 0.219497382641, 1.07451057434, 1.34987473488, 0.83423602581, 0.532884061337, 0.925765991211, 0.585073471069, 2.00127363205, 1.58547985554, 0.822989225388, 0.610302865505, 0.990350306034, 1.16681909561, 1.00511527061, 5.06169366837, 9.34574794769, 36.6267814636, 106.139862061, 49.0632514954, 9.46743965149, 12.4742698669, 8.32574081421, 9.0130443573, 2.55178165436, 0.902241647243, 0.274341493845, 0.0126885324717, 0.000782469636761, 0.000150727748405, 5.01748545503e-05, 2.33562059293e-05, 1.13048808998e-05, 5.39618395123e-06, 6.21641811449e-06, 9.79975266091e-06], "min": [1.97971172788e-09, 2.7499845956e-08, 2.1343768708e-07, 3.36869129569e-06, 9.77966919891e-07, 4.28384191764e-06, 2.0595105525e-05, 3.87975815102e-05, 3.21324769175e-05, 3.14969474857e-05, 5.83331202506e-05, 3.13700002152e-05, 4.43722856289e-05, 0.000104090038803, 8.0703983258e-05, 6.22229781584e-05, 0.000239926492213, 0.000343026185874, 0.000585946138017, 0.000296983896988, 0.000104915627162, 0.00040432185051, 0.000509848294314, 0.0013551939046, 0.000276411185041, 0.000125464706798, 2.32597212744e-05, 5.08162884216e-05, 3.76822026737e-05, 1.52510192493e-05, 1.55883153639e-05, 1.33978517169e-06, 2.93603733326e-07, 1.36644530357e-07, 6.59844161532e-08, 2.91059603086e-08, 1.2203269506e-08, 3.56910989652e-09, 8.26796298092e-10, 2.17322132512e-10], "dvar2": [3.58519471888e-08, 8.19200465685e-07, 1.0103753084e-05, 0.000976060458925, 0.0671927332878, 0.169352725148, 22.6341762543, 25.0560131073, 4.61985015869, 1.93428242207, 26.8169898987, 20.635887146, 2628.99707031, 1146.06262207, 196.84236145, 8.81744384766, 85.7703704834, 59.9796066284, 13.0668706894, 313.552429199, 346.050567627, 3037.22045898, 31217.9746094, 6539.50488281, 161.139083862, 1679.09924316, 189.527359009, 131.741653442, 10.0118646622, 1.43571901321, 0.180459782481, 0.00277647003531, 0.000410012406064, 8.20081186248e-06, 1.44045498018e-06, 4.47035375828e-07, 1.11581670126e-07, 4.74913752768e-09, 1.28279557116e-11, 2.31677576429e-11], "dvar": [1.28482904316e-08, 2.94678983437e-07, 3.88103626392e-06, 0.000363271130482, 0.0264126155525, 0.0681538805366, 8.82114696503, 9.73708629608, 2.12260580063, 0.83206820488, 11.0057134628, 7.97451496124, 957.398071289, 511.631103516, 87.4897766113, 4.03759145737, 35.1177864075, 24.5411281586, 5.73485565186, 127.486068726, 159.008270264, 1469.34777832, 14507.8251953, 2906.81811523, 74.5109634399, 676.017883301, 82.793838501, 54.6351737976, 4.3973493576, 0.612789511681, 0.0779317170382, 0.00122338917572, 0.000168221318745, 3.39959592566e-06, 5.7629802086e-07, 1.76820535103e-07, 4.56422313277e-08, 1.90404936262e-09, 6.19258594056e-12, 1.16403145803e-11], "dmean": [8.95401462913e-05, 0.000315011071507, 0.00132485094946, 0.0133978081867, 0.112376771867, 0.199927091599, 1.79896986485, 1.86937224865, 0.959098517895, 0.531155526638, 1.56422257423, 0.836768865585, 7.46376276016, 5.89944505692, 2.30055356026, 0.916720807552, 2.32797551155, 2.03113818169, 1.24170410633, 5.77600097656, 7.7093873024, 27.1713066101, 82.6734085083, 35.5208129883, 5.81026220322, 13.7801218033, 5.89631795883, 5.45941734314, 1.42734134197, 0.569457650185, 0.210580006242, 0.0172967407852, 0.00414776010439, 0.000619728991296, 0.000231918806094, 0.00012734241318, 6.39481804683e-05, 1.3681139535e-05, 2.12049098991e-06, 3.09410324917e-06], "max": [0.00183661084156, 0.0124459760264, 0.0506964214146, 0.240545928478, 2.73250508308, 3.34404277802, 38.1151618958, 56.2760772705, 22.3453540802, 24.2664260864, 83.1286239624, 68.095703125, 677.990234375, 539.289550781, 306.951446533, 34.2605781555, 108.26701355, 122.429092407, 50.3425559998, 253.99446106, 385.393157959, 604.348754883, 1583.18725586, 1447.99804688, 215.822738647, 481.722351074, 156.096054077, 118.127166748, 52.5063819885, 14.3481845856, 4.0194683075, 0.95066088438, 0.246626332402, 0.0361404009163, 0.0169911906123, 0.00797348469496, 0.00344552239403, 0.000759833084885, 4.12949884776e-05, 4.468314728e-05], "var": [1.28281518741e-08, 2.92022747317e-07, 4.11514702137e-06, 0.000629240181297, 0.0641707479954, 0.131615206599, 14.0860671997, 15.9844932556, 5.54148864746, 1.84529173374, 16.2748222351, 6.92538022995, 774.07244873, 659.571594238, 102.341468811, 7.6255197525, 52.1711616516, 36.409954071, 11.6731777191, 207.871902466, 348.415130615, 4752.6796875, 49670.1210938, 9500.52050781, 216.022979736, 1350.93017578, 195.564208984, 97.183013916, 9.03204631805, 1.69082713127, 0.206049516797, 0.00361066008918, 0.000313364958856, 5.08354287376e-06, 5.89786282035e-07, 1.73163115846e-07, 4.92124563323e-08, 2.08705075444e-09, 2.79601983927e-11, 5.86036427719e-11], "mean": [0.000178251022589, 0.000403585785534, 0.00179517886136, 0.019641937688, 0.17528347671, 0.338709741831, 2.49609589577, 2.78852438927, 1.71737635136, 0.953474164009, 2.26522541046, 1.18903541565, 8.79459762573, 7.87516784668, 3.1173555851, 1.44189560413, 3.19453978539, 2.91695547104, 2.11855554581, 9.80979728699, 15.0806798935, 58.4593048096, 186.863525391, 77.5403518677, 13.5751857758, 24.5461139679, 12.6387004852, 11.4599056244, 3.33149671555, 1.28401660919, 0.429966717958, 0.0338667184114, 0.00624608015642, 0.000816793297417, 0.000250058743404, 0.000127197738038, 6.54235627735e-05, 1.64924804267e-05, 7.27076803742e-06, 1.13038031486e-05]}, "spectral_strongpeak": {"dmean2": 2.65525150299, "median": 2.36532831192, "min": 0, "dvar2": 7.11235809326, "dvar": 3.09390354156, "dmean": 1.64877355099, "max": 16.6066875458, "var": 10.8754482269, "mean": 3.39915823936}, "spectral_energy": {"dmean2": 0.00289506325498, "median": 0.00640201661736, "min": 1.12117071183e-07, "dvar2": 9.96345715976e-06, "dvar": 4.97494147567e-06, "dmean": 0.00202172924764, "max": 0.0291876122355, "var": 2.40890349232e-05, "mean": 0.00734409037977}, "average_loudness": 0.879790484905, "spectral_rolloff": {"dmean2": 517.131713867, "median": 3229.98046875, "min": 559.86328125, "dvar2": 355446.3125, "dvar": 163302.8125, "dmean": 307.191192627, "max": 5792.43164063, "var": 355568.78125, "mean": 3468.50512695}, "spectral_centroid": {"dmean2": 239.174636841, "median": 2917.94384766, "min": 1056.86364746, "dvar2": 63101.9023438, "dvar": 28598.5136719, "dmean": 155.67868042, "max": 4383.44970703, "var": 87159.6171875, "mean": 2920.37426758}, "pitch_salience": {"dmean2": 0.120366416872, "median": 0.605101704597, "min": 0.135022729635, "dvar2": 0.010618660599, "dvar": 0.00407443894073, "dmean": 0.0724056139588, "max": 0.807005107403, "var": 0.00929185096174, "mean": 0.592945277691}, "spectral_energyband_middle_high": {"dmean2": 0.00269913952798, "median": 0.00456033926457, "min": 6.79737581777e-08, "dvar2": 9.31105205382e-06, "dvar": 4.63604828838e-06, "dmean": 0.00185470073484, "max": 0.0280256047845, "var": 2.16773460124e-05, "mean": 0.00574490847066}, "spectral_contrast_coeffs": {"dmean2": [0.0812134668231, 0.0777567774057, 0.064520381391, 0.055126812309, 0.0420993044972, 0.0712819769979], "median": [-0.60334956646, -0.746941447258, -0.798263430595, -0.753903865814, -0.711245179176, -0.477048963308], "min": [-0.911785542965, -0.938238918781, -0.948098003864, -0.915380477905, -0.85347867012, -0.90460652113], "dvar2": [0.00400710757822, 0.00362157472409, 0.00275777326897, 0.00185802555643, 0.00107571482658, 0.00313922064379], "dvar": [0.00144166091923, 0.00133970880415, 0.00111806078348, 0.000713222369086, 0.000460717041278, 0.00107502925675], "dmean": [0.0488265417516, 0.046640612185, 0.0395016595721, 0.0341237857938, 0.0263895206153, 0.0423521175981], "max": [-0.4107427001, -0.54427331686, -0.474352866411, -0.547539591789, -0.537460386753, -0.274053871632], "var": [0.00454973150045, 0.00359599268995, 0.00397217366844, 0.00211208942346, 0.00226292479783, 0.00284937699325], "mean": [-0.606695413589, -0.746536970139, -0.786831796169, -0.75035661459, -0.709319651127, -0.476608216763]}, "melbands_skewness": {"dmean2": 0.872317612171, "median": -0.308021366596, "min": -6.46876144409, "dvar2": 0.6481372118, "dvar": 0.287977278233, "dmean": 0.576341211796, "max": 7.25429296494, "var": 1.37411367893, "mean": -0.37909168005}, "spectral_spread": {"dmean2": 333336.75, "median": 1947320.5, "min": 1041370.25, "dvar2": 77566451712, "dvar": 44942438400, "dmean": 206455.6875, "max": 14419158, "var": 137692741632, "mean": 1978998.625}, "dissonance": {"dmean2": 0.0104338657111, "median": 0.49205070734, "min": 0.210406959057, "dvar2": 0.000165875899256, "dvar": 7.43595446693e-05, "dmean": 0.00621923105791, "max": 0.5, "var": 9.70988330664e-05, "mean": 0.489892572165}, "spectral_skewness": {"dmean2": 0.787653326988, "median": 0.524882078171, "min": -0.481436789036, "dvar2": 0.427226305008, "dvar": 0.14169934392, "dmean": 0.450912952423, "max": 3.57277822495, "var": 0.299007683992, "mean": 0.635152518749}, "spectral_flux": {"dmean2": 0.0208326876163, "median": 0.0490913130343, "min": 0.00161029375158, "dvar2": 0.000451368076028, "dvar": 0.000180556657142, "dmean": 0.0132862515748, "max": 0.168571174145, "var": 0.00041202941793, "mean": 0.0512751825154}, "spectral_contrast_valleys": {"dmean2": [0.694937050343, 0.589094221592, 0.494447290897, 0.418805420399, 0.313380330801, 1.18424391747], "median": [-10.4019622803, -7.79574346542, -8.28983306885, -8.58236694336, -7.16719579697, -13.809803009], "min": [-14.0517721176, -12.2019081116, -13.1120586395, -13.0262241364, -12.5139665604, -16.7081356049], "dvar2": [0.284810632467, 0.209925860167, 0.145174860954, 0.110328003764, 0.0651524439454, 0.967347979546], "dvar": [0.104805767536, 0.0813547372818, 0.0623320229352, 0.0507586672902, 0.0328790061176, 0.322697222233], "dmean": [0.410486996174, 0.360779702663, 0.309254169464, 0.271124690771, 0.206634938717, 0.69597864151], "max": [-8.79632759094, -6.34896278381, -6.68492889404, -7.28122901917, -6.12807273865, -11.1959047318], "var": [0.212933793664, 0.298701703548, 0.274168759584, 0.262314110994, 0.164451107383, 0.948291361332], "mean": [-10.3786211014, -7.8420176506, -8.3091802597, -8.62509727478, -7.20846176147, -13.8449382782]}, "erbbands_flatness_db": {"dmean2": 0.0255428571254, "median": 0.324045211077, "min": 0.199908733368, "dvar2": 0.000439714145614, "dvar": 0.000194474618183, "dmean": 0.0164112374187, "max": 0.438894063234, "var": 0.000962051155511, "mean": 0.325899362564}, "spectral_energyband_high": {"dmean2": 0.000498265028, "median": 0.00055137637537, "min": 3.40012196176e-09, "dvar2": 5.2716694654e-07, "dvar": 2.20983309873e-07, "dmean": 0.000322613515891, "max": 0.00835942383856, "var": 5.09777350999e-07, "mean": 0.00074071821291}, "spectral_entropy": {"dmean2": 0.191808626056, "median": 7.29926586151, "min": 5.94688081741, "dvar2": 0.0271636210382, "dvar": 0.0124665629119, "dmean": 0.124300286174, "max": 8.4363193512, "var": 0.0719607844949, "mean": 7.25503396988}, "silence_rate_20dB": {"dmean2": 0, "median": 1, "min": 1, "dvar2": 0, "dvar": 0, "dmean": 0, "max": 1, "var": 0, "mean": 1}, "melbands_flatness_db": {"dmean2": 0.0284316223115, "median": 0.190661653876, "min": 0.118304401636, "dvar2": 0.000586022506468, "dvar": 0.000251585064689, "dmean": 0.0178410280496, "max": 0.376613408327, "var": 0.00079058855772, "mean": 0.194690823555}, "barkbands": {"dmean2": [2.20002057176e-05, 2.77324670606e-06, 2.58509112427e-06, 1.67002945091e-05, 0.000102646830783, 0.000439626863226, 7.12468172424e-05, 0.000101897210698, 7.21633550711e-05, 0.000432268774603, 0.000167012680322, 3.80870405934e-05, 9.51795373112e-05, 4.10501743318e-05, 0.000117832758406, 0.000221607915591, 0.000670418143272, 0.00220848130994, 0.000533946498763, 0.00038745655911, 0.000211268517887, 4.65083066956e-05, 1.39471203511e-05, 5.20045034591e-07, 6.32669667766e-08, 5.10334494663e-08, 4.94723506606e-09], "median": [4.93743791594e-05, 1.24837697513e-06, 1.05121330307e-06, 5.9124317886e-06, 7.11681641405e-05, 0.000210679048905, 3.97255353164e-05, 4.10723223467e-05, 1.89103357116e-05, 7.08993466105e-05, 2.37540662056e-05, 1.29989548441e-05, 2.41022480623e-05, 1.31015731313e-05, 3.87850959669e-05, 0.000125943581224, 0.000432121596532, 0.00191042851657, 0.000303412467474, 0.000235006897128, 0.000225389521802, 5.0987371651e-05, 1.18584175652e-05, 2.10054129646e-09, 7.08461900256e-10, 3.23711280004e-10, 2.17819512427e-10], "min": [3.04895622638e-11, 9.37639688114e-11, 2.39967601345e-10, 7.90892018543e-10, 1.14965870157e-09, 4.34912417191e-09, 1.86929871582e-09, 2.50474019303e-09, 1.36870015321e-09, 2.24786900205e-09, 2.84957812902e-09, 1.48100320896e-09, 6.19508799815e-09, 5.92310200886e-09, 1.14556408803e-08, 1.73999514796e-09, 6.48601305997e-09, 9.94596494053e-09, 1.87621704839e-08, 1.98634841908e-09, 8.26728796532e-10, 8.68194349746e-10, 5.22927534607e-10, 1.89139415935e-11, 1.06032101502e-11, 6.51707464036e-12, 4.97925181989e-12], "dvar2": [5.46356571096e-10, 1.77239473098e-11, 1.17036328545e-11, 5.79649606092e-10, 1.65814064701e-08, 4.79373738926e-07, 1.03684065778e-08, 4.0565549142e-08, 7.82219586881e-08, 2.51788287642e-06, 5.35745527941e-07, 8.77370354146e-09, 5.53926504665e-08, 9.185966654e-09, 8.24921002618e-08, 1.18189767306e-07, 1.01157286281e-06, 8.0423496911e-06, 7.97047050582e-07, 4.61543265828e-07, 7.48853423715e-08, 4.35262803578e-09, 3.63264029968e-10, 2.35669383314e-12, 3.94945815147e-14, 2.56369700317e-14, 3.0072139258e-16], "dvar": [2.11278258777e-10, 6.34193478982e-12, 4.33339085101e-12, 2.13001283278e-10, 6.56652421327e-09, 1.83348845439e-07, 4.58871474152e-09, 1.63903219885e-08, 2.9126093537e-08, 9.80806134976e-07, 2.24922032999e-07, 3.99303967669e-09, 2.20952536267e-08, 3.98700406024e-09, 3.37527445993e-08, 5.32651611707e-08, 4.56828303186e-07, 3.70669749827e-06, 3.80135332989e-07, 1.88194647421e-07, 3.15017274488e-08, 1.89762272562e-09, 1.6077124354e-10, 9.90865809541e-13, 1.60328073382e-14, 1.04856088954e-14, 1.14914021808e-16], "dmean": [1.3406310245e-05, 1.5955561139e-06, 1.46174829752e-06, 9.72686211753e-06, 6.2701292336e-05, 0.0002704190847, 4.59974144178e-05, 6.36586992186e-05, 4.26159858762e-05, 0.000266009330517, 0.000103728489194, 2.44148322963e-05,