{"tonal": {"thpcp": [1, 0.881872415543, 0.361231446266, 0.196650147438, 0.170936003327, 0.186523586512, 0.279144287109, 0.306471794844, 0.347956359386, 0.517008841038, 0.456961929798, 0.279493957758, 0.254701256752, 0.216044217348, 0.242742627859, 0.450454354286, 0.446861475706, 0.24749532342, 0.179658159614, 0.184578210115, 0.29195189476, 0.552702844143, 0.553759753704, 0.360132157803, 0.479516804218, 0.436864793301, 0.208506777883, 0.199625939131, 0.213695004582, 0.360754549503, 0.759127557278, 0.748413026333, 0.401605546474, 0.292263686657, 0.278849095106, 0.509856283665], "hpcp": {"dmean2": [0.297655642033, 0.28350970149, 0.204912424088, 0.150887861848, 0.131708487868, 0.126088500023, 0.144915595651, 0.163580521941, 0.155593648553, 0.161126300693, 0.173965394497, 0.153715848923, 0.135345160961, 0.124273717403, 0.127916932106, 0.164950653911, 0.174297511578, 0.129174754024, 0.115771539509, 0.118271850049, 0.141480520368, 0.191040635109, 0.201858952641, 0.180632263422, 0.188850790262, 0.167245447636, 0.127446562052, 0.12950399518, 0.14211936295, 0.196698859334, 0.258466869593, 0.253283560276, 0.210549429059, 0.196763604879, 0.193983331323, 0.247742846608], "median": [0.0990909263492, 0.0942417159677, 0.0272750034928, 0.00583363557234, 0.00466173328459, 0.00631421338767, 0.0121501414105, 0.0147999711335, 0.0167177766562, 0.0137221217155, 0.012340920046, 0.0145684350282, 0.012844234705, 0.0114614302292, 0.0122067835182, 0.0214078091085, 0.0243794489652, 0.0158400125802, 0.00619876105338, 0.00475152209401, 0.0127979917452, 0.0426646396518, 0.0492469370365, 0.0280609987676, 0.00794509425759, 0.00547634903342, 0.00797784887254, 0.0064104096964, 0.00731100793928, 0.0201953090727, 0.0486988388002, 0.0541378110647, 0.0310569237918, 0.0114998091012, 0.00966542959213, 0.0377062559128], "min": [0, 0, 0, 0, 0, 0, 0, 0, 0, 0, 0, 0, 0, 0, 0, 0, 0, 0, 0, 0, 0, 0, 0, 0, 0, 0, 0, 0, 0, 0, 0, 0, 0, 0, 0, 0], "dvar2": [0.15839664638, 0.141015514731, 0.117533296347, 0.0943090394139, 0.0868344828486, 0.0758647173643, 0.0840937495232, 0.0973706394434, 0.0910697877407, 0.0910991206765, 0.105074137449, 0.0959746167064, 0.0793812125921, 0.0697263404727, 0.0749776661396, 0.0949295163155, 0.0955478474498, 0.0648987069726, 0.0650563463569, 0.0671999827027, 0.079594604671, 0.0970694124699, 0.0996191352606, 0.0957040935755, 0.123579271138, 0.107120893896, 0.0781184658408, 0.085066370666, 0.0906592383981, 0.116324231029, 0.154029563069, 0.133164733648, 0.113424651325, 0.127605810761, 0.118919245899, 0.139085158706], "dvar": [0.0651976913214, 0.0557178705931, 0.0427550151944, 0.0336540788412, 0.0308843422681, 0.027226112783, 0.0323510430753, 0.0371820516884, 0.0333605632186, 0.0358100682497, 0.0406267568469, 0.0344597361982, 0.0294281635433, 0.0254357680678, 0.0268237348646, 0.0365669280291, 0.036824349314, 0.0242390930653, 0.0236485432833, 0.0246444586664, 0.0297652967274, 0.0408429019153, 0.0414544120431, 0.0347508266568, 0.046748958528, 0.0415303260088, 0.0272687599063, 0.030396213755, 0.0332153625786, 0.0420792810619, 0.0604729540646, 0.0538360290229, 0.0417714193463, 0.047503259033, 0.0428532622755, 0.0511259995401], "dmean": [0.171423226595, 0.16590076685, 0.114303447306, 0.0814118608832, 0.0704916939139, 0.0687283426523, 0.0815915167332, 0.0914610400796, 0.087539806962, 0.0921110734344, 0.100258596241, 0.0865124985576, 0.0770526453853, 0.0696608573198, 0.0718837380409, 0.0960067436099, 0.10090136528, 0.073751591146, 0.0641290396452, 0.0660327225924, 0.0796377584338, 0.113441824913, 0.120422482491, 0.102547183633, 0.1055130288, 0.0933948010206, 0.0700671896338, 0.0712547078729, 0.0778479650617, 0.109296314418, 0.147963315248, 0.146618142724, 0.120780803263, 0.108482807875, 0.107073038816, 0.139246851206], "max": [1, 1, 1, 1, 1, 1, 1, 1, 1, 1, 1, 1, 1, 1, 1, 1, 1, 1, 1, 1, 1, 1, 1, 1, 1, 1, 1, 1, 1, 1, 1, 1, 1, 1, 1, 1], "var": [0.131795406342, 0.103226222098, 0.0370195247233, 0.0241585653275, 0.0219403970987, 0.0219186618924, 0.0358571894467, 0.040126863867, 0.0414084643126, 0.0839563310146, 0.0609328523278, 0.0314861051738, 0.0314747057855, 0.0230368990451, 0.0256695337594, 0.0646830499172, 0.0583021640778, 0.0251152012497, 0.0204537231475, 0.0226530302316, 0.0386047288775, 0.0725682526827, 0.0669010430574, 0.0336516238749, 0.0850387811661, 0.0787811055779, 0.0206213071942, 0.0238280110061, 0.026850303635, 0.0383510626853, 0.111698649824, 0.101782426238, 0.0418394692242, 0.0397884510458, 0.0351711176336, 0.0554514974356], "mean": [0.298410266638, 0.263159781694, 0.10779517144, 0.058682423085, 0.0510090589523, 0.0556605532765, 0.0832995176315, 0.0914543271065, 0.10383374989, 0.154280751944, 0.13636213541, 0.0834038630128, 0.0760054662824, 0.0644698143005, 0.0724368914962, 0.134420201182, 0.133348047733, 0.0738551467657, 0.0536118373275, 0.0550800338387, 0.0871214419603, 0.164932206273, 0.16524758935, 0.107467129827, 0.143092736602, 0.13036493957, 0.0622205622494, 0.0595704317093, 0.0637687817216, 0.1076528579, 0.226531460881, 0.223334133625, 0.11984321475, 0.0872144848108, 0.0832114368677, 0.152146354318]}, "tuning_equal_tempered_deviation": 0.191522940993, "chords_changes_rate": 0.074155330658, "key_key": "D", "tuning_diatonic_strength": 0.510699748993, "key_scale": "minor", "chords_number_rate": 0.00263273366727, "tuning_frequency": 432.690917969, "tuning_nontempered_energy_ratio": 0.884955763817, "chords_histogram": [10.5089950562, 14.699429512, 15.6867046356, 10.245721817, 5.41904354095, 6.55989456177, 0.263273358345, 6.40631866455, 0.482667833567, 18.7362880707, 0.833698987961, 1.42606401443, 0, 0, 0.372970610857, 0, 0, 0, 2.19394469261, 0, 2.6107943058, 0.570425629616, 2.98376488686, 0], "key_strength": 0.551437199116, "chords_key": "A", "chords_strength": {"dmean2": 0.0114916134626, "median": 0.52883541584, "min": -1, "dvar2": 0.00117715401575, "dvar": 0.000621765560936, "dmean": 0.0115842511877, "max": 0.786391973495, "var": 0.0285502988845, "mean": 0.517540931702}, "chords_scale": "major", "hpcp_entropy": {"dmean2": 0.927075147629, "median": 1.91444134712, "min": 0, "dvar2": 0.648030400276, "dvar": 0.247005864978, "dmean": 0.554253697395, "max": 4.31222820282, "var": 0.49471154809, "mean": 1.88199746609}}, "metadata": {"audio_properties": {"equal_loudness": 0, "codec": "flac", "downmix": "mix", "sample_rate": 44100, "analysis_sample_rate": 44100, "bit_rate": 0, "md5_encoded": "49d3db3e82d9134fecbbc13a07f92632", "length": 211.600006104, "replay_gain": -9.75451469421, "lossless": true}, "version": {"essentia_build_sha": "2d9f1f26377add8aeb1075a9c2973f962c4f09fd", "essentia": "2.1-beta2", "extractor": "music 1.0", "essentia_git_sha": "v2.1_beta2-1-ge3940c0"}, "tags": {"title": ["Blindman"], "barcode": ["5391513560958"], "media": ["CD"], "albumartist": ["Horslips"], "tracktotal": ["13"], "musicbrainz_releasegroupid": ["d0a084ff-7c2d-393a-9243-8f6eb53d9442"], "releasetype": ["album"], "musicbrainz_recordingid": ["07e756c5-1909-455f-900f-628392977a77"], "musicbrainz_workid": ["20c29196-4a95-4061-9eec-6f6d9b04696e"], "musicbrainz_albumartistid": ["cdec5425-518d-4311-925b-ffbce165f4a0"], "originalyear": ["1974"], "musicbrainz_releasetrackid": ["ef39ae73-b50c-4386-872c-915665aa2fd9"], "discnumber": ["1"], "album": ["Dancehall Sweethearts"], "releasecountry": ["DE"], "file_name": "07 Blindman.flac", "originaldate": ["1974"], "work": ["Blindman"], "date": ["2012-01-06"], "genre": ["Folk-Rock"], "disctotal": ["1"], "musicbrainz_artistid": ["cdec5425-518d-4311-925b-ffbce165f4a0"], "asin": ["B0035Q4TVM"], "musicbrainz_albumid": ["0ed317af-6715-4ec9-bfaa-24523a4eeb55"], "artist": ["Horslips"], "artistsort": ["Horslips"], "tracknumber": ["7"], "albumartistsort": ["Horslips"], "acoustid_id": ["b151644c-cb4d-4eee-9a2e-8ad17a2e46f5"], "script": ["Latn"], "releasestatus": ["official"]}}, "rhythm": {"bpm_histogram_first_peak_bpm": {"dmean2": 0, "median": 108, "min": 108, "dvar2": 0, "dvar": 0, "dmean": 0, "max": 108, "var": 0, "mean": 108}, "bpm": 106.579849243, "bpm_histogram_second_peak_spread": {"dmean2": 0, "median": 0.587786257267, "min": 0.587786257267, "dvar2": 0, "dvar": 0, "dmean": 0, "max": 0.587786257267, "var": 0, "mean": 0.587786257267}, "bpm_histogram_first_peak_weight": {"dmean2": 0, "median": 0.257372647524, "min": 0.257372647524, "dvar2": 0, "dvar": 0, "dmean": 0, "max": 0.257372647524, "var": 0, "mean": 0.257372647524}, "onset_rate": 3.21338200569, "beats_position": [0.568888902664, 1.13777780533, 1.71827661991, 2.31038546562, 2.90249419212, 3.51782298088, 4.12154197693, 4.73687076569, 5.32897949219, 5.93269824982, 6.54802703857, 7.17496585846, 7.80190467834, 8.42884349823, 9.05578231812, 9.682721138, 10.2980499268, 10.8901586533, 11.4706573486, 12.0743761063, 12.6780948639, 13.2818136215, 13.8855323792, 14.5008611679, 15.1045799255, 15.7199087143, 16.3120174408, 16.9157371521, 17.5310649872, 18.1347846985, 18.7501125336, 19.365442276, 19.9807701111, 20.5960998535, 21.2230377197, 21.8383674622, 22.430475235, 23.0341949463, 23.6263027191, 24.2068023682, 24.7989120483, 25.3910198212, 25.9831295013, 26.5868473053, 27.1905670166, 27.7826747894, 28.3747844696, 28.9552822113, 29.5473918915, 30.1394996643, 30.7432193756, 31.3469390869, 31.9390468597, 32.5311546326, 33.0768241882, 33.6457138062, 34.2610435486, 34.8531494141, 35.4452590942, 36.0373687744, 36.6410865784, 37.2331962585, 37.848526001, 38.4522438049, 39.0675735474, 39.6829032898, 40.2750091553, 40.8671188354, 41.4476165771, 42.0397262573, 42.6434440613, 43.2703857422, 43.9089317322, 44.5358734131, 45.1860313416, 45.8245811462, 46.4050788879, 46.9739685059, 47.5428581238, 48.1349639893, 48.7386856079, 49.3307914734, 49.934513092, 50.538230896, 51.1535606384, 51.7688865662, 52.3842163086, 52.999546051, 53.5916557312, 54.1837615967, 54.7758712769, 55.367980957, 55.971698761, 56.5638084412, 57.1559181213, 57.7480278015, 58.3517456055, 58.9554634094, 59.5359611511, 60.1164627075, 60.6969604492, 61.2774581909, 61.8463478088, 62.4268455505, 63.0189552307, 63.5994529724, 64.1799545288, 64.7604522705, 65.3409500122, 65.9214477539, 66.5019454956, 67.0940551758, 67.686164856, 68.2898864746, 68.8936004639, 69.508934021, 70.1010437012, 70.7047576904, 71.2852630615, 71.8657608032, 72.423034668, 73.0035324097, 73.5840377808, 74.1645355225, 74.7334213257, 75.3023147583, 75.8712005615, 76.4400863647, 76.9973678589, 77.5778656006, 78.1351470947, 78.7156448364, 79.2961425781, 79.8766403198, 80.4455337524, 81.0144195557, 81.5833053589, 82.1521987915, 82.7094802856, 83.2783660889, 83.8472518921, 84.4161453247, 84.9850311279, 85.5423126221, 86.1111984253, 86.6800918579, 87.2373657227, 87.7946472168, 88.3519287109, 88.9324264526, 89.4897003174, 90.05859375, 90.6274795532, 91.2079772949, 91.7768707275, 92.3457565308, 92.9146499634, 93.4835357666, 94.0408172607, 94.5980911255, 95.1553726196, 95.7358703613, 96.2931518555, 96.8620376587, 97.4309310913, 97.9998168945, 98.5570983887, 99.1259841919, 99.683265686, 100.240539551, 100.809432983, 101.378318787, 101.947212219, 102.516098022, 103.073379517, 103.653877258, 104.211151123, 104.768432617, 105.325714111, 105.882987976, 106.44026947, 106.997550964, 107.566436768, 108.1353302, 108.692604065, 109.261497498, 109.830383301, 110.399269104, 110.968162537, 111.548660278, 112.105941772, 112.663215637, 113.220497131, 113.777778625, 114.33505249, 114.892333984, 115.449615479, 116.006889343, 116.564170837, 117.121452332, 117.678726196, 118.23600769, 118.793289185, 119.350563049, 119.896232605, 120.453514099, 120.999183655, 121.54485321, 122.090522766, 122.647796631, 123.205078125, 123.750747681, 124.296417236, 124.853691101, 125.399360657, 125.945030212, 126.490699768, 127.036369324, 127.570426941, 128.127700806, 128.6849823, 129.230651855, 129.776321411, 130.333602905, 130.890884399, 131.448165894, 131.970611572, 132.527893066, 133.085174561, 133.654052734, 134.234558105, 134.815048218, 135.395553589, 135.97605896, 136.556549072, 137.137054443, 137.717544556, 138.298049927, 138.855331421, 139.412597656, 139.981491089, 140.56199646, 141.119277954, 141.688156128, 142.245437622, 142.825942993, 143.383224487, 143.9637146, 144.520996094, 145.101501465, 145.6587677, 146.216049194, 146.773330688, 147.35383606, 147.911102295, 148.468383789, 149.037277222, 149.606170654, 150.16343689, 150.720718384, 151.277999878, 151.835281372, 152.392562866, 152.973052979, 153.541946411, 154.110839844, 154.668121338, 155.225387573, 155.794281006, 156.3515625, 156.908843994, 157.466125488, 158.011795044, 158.569061279, 159.126342773, 159.683624268, 160.240905762, 160.798187256, 161.35546875, 161.889526367, 162.446792603, 163.004074097, 163.561355591, 164.118637085, 164.675918579, 165.233200073, 165.790466309, 166.336135864, 166.88180542, 167.427474976, 167.961532593, 168.507202148, 169.041259766, 169.59854126, 170.155822754, 170.689880371, 171.235549927, 171.781219482, 172.338500977, 172.884170532, 173.429840088, 173.975509644, 174.509567261, 175.043624878, 175.589294434, 176.123352051, 176.657409668, 177.214691162, 177.771972656, 178.364074707, 178.956192017, 179.548294067, 180.128799438, 180.720901489, 181.313018799, 181.881896973, 182.462402344, 183.031295776, 183.60017395, 184.169067383, 184.772781372, 185.353286743, 185.933776855, 186.525894165, 187.129608154, 187.733337402, 188.337051392, 188.905944824, 189.486434937, 190.066940308, 190.624221802, 191.193099976, 191.75038147, 192.319274902, 192.876556396, 193.433822632, 194.014328003, 194.583221436, 195.140487671, 195.720993042, 196.278274536, 196.83555603, 197.392837524, 197.961715698, 198.530609131, 199.111114502, 199.703216553, 200.295318604, 200.899047852, 201.502761841, 202.09487915, 202.559265137, 203.023666382, 203.499679565, 203.847976685, 204.173049927, 204.498138428, 204.82321167, 205.148300171, 205.473373413, 205.798446655, 206.123535156, 206.448608398, 206.796905518, 207.168426514, 207.528335571, 207.899856567, 208.317825317, 208.735778809, 209.1537323, 209.57170105, 209.989654541, 210.407608032, 210.837188721], "beats_loudness": {"dmean2": 0.0513872466981, "median": 0.0462206676602, "min": 1.63136384401e-08, "dvar2": 0.00269513530657, "dvar": 0.000980773358606, "dmean": 0.0290675610304, "max": 0.183243378997, "var": 0.00152889627498, "mean": 0.049625005573}, "danceability": 1.17199325562, "bpm_histogram_second_peak_weight": {"dmean2": 0, "median": 0.14477211237, "min": 0.14477211237, "dvar2": 0, "dvar": 0, "dmean": 0, "max": 0.14477211237, "var": 0, "mean": 0.14477211237}, "beats_count": 374, "bpm_histogram_second_peak_bpm": {"dmean2": 0, "median": 103, "min": 103, "dvar2": 0, "dvar": 0, "dmean": 0, "max": 103, "var": 0, "mean": 103}, "bpm_histogram_first_peak_spread": {"dmean2": 0, "median": 0.483870953321, "min": 0.483870953321, "dvar2": 0, "dvar": 0, "dmean": 0, "max": 0.483870953321, "var": 0, "mean": 0.483870953321}, "beats_loudness_band_ratio": {"dmean2": [0.411270648241, 0.306749939919, 0.259485334158, 0.144791647792, 0.060053922236, 0.08917991817], "median": [0.614390969276, 0.121076576412, 0.0743441432714, 0.0588741004467, 0.0216605402529, 0.0133654177189], "min": [0.000538392749149, 6.28491179668e-05, 0.00012037630222, 0.000213319683098, 8.00394700491e-05, 4.9660775403e-06], "dvar2": [0.127489760518, 0.0712849646807, 0.0800637304783, 0.0273641031235, 0.00494606792927, 0.0164009854198], "dvar": [0.0427547693253, 0.0233597438782, 0.0283378697932, 0.00939469132572, 0.00176613917574, 0.00590658374131], "dmean": [0.226953923702, 0.168695449829, 0.148583263159, 0.0809663832188, 0.0339335203171, 0.0459787286818], "max": [0.994047403336, 0.896304249763, 0.937063574791, 0.619080901146, 0.317990779877, 0.966044425964], "var": [0.102428875864, 0.0296930018812, 0.0533169060946, 0.0094732362777, 0.00206011789851, 0.0140870474279], "mean": [0.519344270229, 0.185173973441, 0.19323001802, 0.08887976408, 0.0378625318408, 0.0452395714819]}}, "lowlevel": {"barkbands_spread": {"dmean2": 6.64168071747, "median": 11.7125492096, "min": 0.0658622607589, "dvar2": 84.1788330078, "dvar": 38.1671943665, "dmean": 4.28501605988, "max": 141.679107666, "var": 152.107177734, "mean": 15.0433397293}, "melbands_spread": {"dmean2": 8.79322433472, "median": 12.430308342, "min": 0.198848694563, "dvar2": 222.936660767, "dvar": 103.437423706, "dmean": 5.6811504364, "max": 202.265548706, "var": 320.929107666, "mean": 17.7740249634}, "hfc": {"dmean2": 5.87812519073, "median": 10.2742881775, "min": 1.0843621823e-16, "dvar2": 70.0662078857, "dvar": 37.3422355652, "dmean": 4.06283187866, "max": 108.087608337, "var": 228.433135986, "mean": 14.6888580322}, "barkbands_kurtosis": {"dmean2": 11.6915111542, "median": 2.51868867874, "min": -1.96484553814, "dvar2": 3877.73535156, "dvar": 1389.12023926, "dmean": 7.06090927124, "max": 1636.4630127, "var": 1526.73486328, "mean": 9.27194499969}, "gfcc": {"mean": [-118.752082825, 149.458984375, -125.576339722, 14.0846395493, -39.7089614868, 2.83504891396, -24.0099964142, -2.5276799202, -12.2848730087, -3.64077806473, -8.05554866791, -15.4543151855, -9.95191764832], "icov": [[0.000335243908921, -0.000681799137965, 0.000631771574263, -0.000777156441472, 0.000667867367156, -0.00087175850058, 0.000572182703763, -0.000699586467817, 0.000601888343226, -0.000223341659876, 0.000233489336097, -0.00018262967933, 0.000272202218184], [-0.000681799137965, 0.00197910773568, -0.00120996986516, 0.00181151879951, -0.0016343134921, 0.00190550158732, -0.0012040376896, 0.00177272362635, -0.00141165906098, 0.000980294193141, -0.000596417987254, 0.00105009577237, -0.000641587248538], [0.000631771574263, -0.00120996986516, 0.00185257673729, -0.00140958640259, 0.00123007537331, -0.00193870463409, 0.0010856060544, -0.00109716306906, 0.000995091628283, -0.000401528464863, 0.00100272032432, -0.00107498466969, 0.000874490011483], [-0.000777156441472, 0.00181151879951, -0.00140958640259, 0.00321054831147, -0.00150599668268, 0.00114470999688, -0.00163746788166, 0.00159829109907, -0.000616392469965, 0.000544794194866, -0.000988127780147, 0.00141520309262, -0.00108350103255], [0.000667867367156, -0.0016343134921, 0.00123007537331, -0.00150599668268, 0.00291954749264, -0.00181959150359, 0.000487415265525, -0.00135421776213, 0.000381870311685, -0.00118890521117, 0.000779047375545, -0.000873663288075, 0.000347153079929], [-0.00087175850058, 0.00190550158732, -0.00193870463409, 0.00114470999688, -0.00181959150359, 0.00507390778512, -0.00204092846252, 0.00111660046969, -0.0019449024694, -4.33110362792e-05, -0.000109847576823, -0.000122825163999, -0.000405498023611], [0.000572182703763, -0.0012040376896, 0.0010856060544, -0.00163746788166, 0.000487415265525, -0.00204092846252, 0.0053081526421, -0.00254527945071, 0.00112062890548, 0.00080690352479, -0.00247141998261, 0.00105412025005, -0.000417713017669], [-0.000699586467817, 0.00177272362635, -0.00109716306906, 0.00159829109907, -0.00135421776213, 0.00111660046969, -0.00254527945071, 0.00823379959911, -0.00246473588049, 0.00011719585018, 0.000395582464989, -0.000906406377908, 0.000882717024069], [0.000601888343226, -0.00141165906098, 0.000995091628283, -0.000616392469965, 0.000381870311685, -0.0019449024694, 0.00112062890548, -0.00246473588049, 0.00815159641206, -0.00172978022601, -5.4640135204e-05, 0.00109354010783, -0.00217143539339], [-0.000223341659876, 0.000980294193141, -0.000401528464863, 0.000544794194866, -0.00118890521117, -4.33110362792e-05, 0.00080690352479, 0.00011719585018, -0.00172978022601, 0.00729405786842, -0.000723167322576, 0.000838042062242, 0.00074167601997], [0.000233489336097, -0.000596417987254, 0.00100272032432, -0.000988127780147, 0.000779047375545, -0.000109847576823, -0.00247141998261, 0.000395582464989, -5.4640135204e-05, -0.000723167322576, 0.00926715973765, -0.00311712501571, 0.00169230310712], [-0.00018262967933, 0.00105009577237, -0.00107498466969, 0.00141520309262, -0.000873663288075, -0.000122825163999, 0.00105412025005, -0.000906406377908, 0.00109354010783, 0.000838042062242, -0.00311712501571, 0.0129208453, -0.00434321537614], [0.000272202218184, -0.000641587248538, 0.000874490011483, -0.00108350103255, 0.000347153079929, -0.000405498023611, -0.000417713017669, 0.000882717024069, -0.00217143539339, 0.00074167601997, 0.00169230310712, -0.00434321537614, 0.0139488726854]], "cov": [[28185.2089844, 1998.22094727, -3584.21582031, 2939.85742188, -1559.00598145, 1199.02087402, 111.359367371, 300.265380859, -668.235168457, -160.617675781, 157.428009033, -426.673583984, -194.49005127], [1998.22094727, 2884.0078125, -575.624450684, -741.020263672, 443.129547119, -522.363525391, 25.6388053894, -207.502151489, 146.951812744, -184.175491333, 20.2985668182, -145.015930176, 44.9238014221], [-3584.21582031, -575.624450684, 1960.29187012, 35.6652374268, 5.77223014832, 298.646911621, -107.192405701, 26.107585907, 12.7645893097, 64.6032562256, -130.721832275, 125.781837463, -19.4063835144], [2939.85742188, -741.020263672, 35.6652374268, 1281.70788574, -128.174865723, 474.564910889, 204.645187378, 100.644371033, -123.545021057, 36.4962844849, 73.0126342773, -29.2849330902, -16.5344371796], [-1559.00598145, 443.129547119, 5.77223014832, -128.174865723, 883.688842773, 28.4405479431, 133.737625122, 23.0362129211, 160.130233765, 65.7417678833, 14.897521019, 7.73125362396, 43.8998413086], [1199.02087402, -522.363525391, 298.646911621, 474.564910889, 28.4405479431, 640.556884766, 122.763633728, 121.429031372, 1.67287802696, 79.2230529785, 5.86709594727, 31.4767227173, -10.2424240112], [111.359367371, 25.6388053894, -107.192405701, 204.645187378, 133.737625122, 122.763633728, 396.425537109, 74.3813476563, 16.5203495026, -28.0514202118, 115.016860962, -15.8095235825, 14.2138376236], [300.265380859, -207.502151489, 26.107585907, 100.644371033, 23.0362129211, 121.429031372, 74.3813476563, 195.367172241, 24.5016899109, 29.7281188965, 8.04029083252, 17.2594223022, -9.76981639862], [-668.235168457, 146.951812744, 12.7645893097, -123.545021057, 160.130233765, 1.67287802696, 16.5203495026, 24.5016899109, 202.074569702, 38.5876312256, -1.6461032629, -4.63336992264, 32.5724906921], [-160.617675781, -184.175491333, 64.6032562256, 36.4962844849, 65.7417678833, 79.2230529785, -28.0514202118, 29.7281188965, 38.5876312256, 180.681930542, -6.84268331528, 3.56071352959, -10.2677822113], [157.428009033, 20.2985668182, -130.721832275, 73.0126342773, 14.897521019, 5.86709594727, 115.016860962, 8.04029083252, -1.6461032629, -6.84268331528, 160.279190063, 12.9092512131, -0.854785680771], [-426.673583984, -145.015930176, 125.781837463, -29.2849330902, 7.73125362396, 31.4767227173, -15.8095235825, 17.2594223022, -4.63336992264, 3.56071352959, 12.9092512131, 111.069869995, 22.7594547272], [-194.49005127, 44.9238014221, -19.4063835144, -16.5344371796, 43.8998413086, -10.2424240112, 14.2138376236, -9.76981639862, 32.5724906921, -10.2677822113, -0.854785680771, 22.7594547272, 89.9446868896]]}, "spectral_energyband_middle_low": {"dmean2": 0.00925932545215, "median": 0.0058358926326, "min": 2.39373593911e-22, "dvar2": 0.00055697694188, "dvar": 0.000230464487686, "dmean": 0.00588652258739, "max": 0.176313862205, "var": 0.000310611823807, "mean": 0.0116016734391}, "melbands_crest": {"dmean2": 4.96410942078, "median": 15.2839040756, "min": 1.90459418297, "dvar2": 27.6354637146, "dvar": 11.1425294876, "dmean": 3.07077217102, "max": 36.1130752563, "var": 41.4463577271, "mean": 16.3665752411}, "spectral_kurtosis": {"dmean2": 10.5681686401, "median": 8.93772888184, "min": -1.22664785385, "dvar2": 171.368530273, "dvar": 66.5657577515, "dmean": 6.35333681107, "max": 175.423873901, "var": 359.82711792, "mean": 15.9170331955}, "spectral_rms": {"dmean2": 0.00143176841084, "median": 0.00446950644255, "min": 3.17067140772e-12, "dvar2": 5.84203235121e-06, "dvar": 2.55147119788e-06, "dmean": 0.000939489982557, "max": 0.0165615212172, "var": 1.02564017652e-05, "mean": 0.00459566572681}, "zerocrossingrate": {"dmean2": 0.00868306774646, "median": 0.03369140625, "min": 0.001953125, "dvar2": 0.000219022520469, "dvar": 0.000164722194313, "dmean": 0.00756088504568, "max": 0.85546875, "var": 0.00872373580933, "mean": 0.0507161021233}, "silence_rate_60dB": {"dmean2": 0.067164182663, "median": 0, "min": 0, "dvar2": 0.0674861297011, "dvar": 0.0324522778392, "dmean": 0.0335784032941, "max": 1, "var": 0.187628805637, "mean": 0.250274300575}, "erbbands_kurtosis": {"dmean2": 2.97063350677, "median": 0.235882237554, "min": -1.886459589, "dvar2": 86.3962097168, "dvar": 30.7712364197, "dmean": 1.83667218685, "max": 156.845413208, "var": 35.8286590576, "mean": 1.68470907211}, "erbbands": {"dmean2": [0.221377447248, 3.27127575874, 7.8087105751, 6.00313854218, 18.2720603943, 13.3580121994, 7.49888372421, 10.0556612015, 16.2632007599, 27.1202125549, 26.0309391022, 25.760635376, 29.1193656921, 21.972202301, 17.6857433319, 19.5820064545, 22.5178050995, 38.714225769, 31.1464824677, 8.65623378754, 14.691567421, 8.13774681091, 5.05837535858, 11.0110855103, 7.89372873306, 4.48913764954, 4.53126907349, 2.47826766968, 1.1712962389, 1.40151917934, 1.78403818607, 1.0534440279, 0.361010164022, 0.106146886945, 0.103608116508, 0.0373731255531, 0.00370977097191, 0.000648693181574, 2.61006298388e-05, 2.51076889981e-05], "median": [0.0190190039575, 0.394409298897, 0.888199150562, 1.05376791954, 2.25727200508, 2.45157814026, 2.29568958282, 3.01985549927, 5.75337266922, 6.87470579147, 8.18702983856, 8.90315437317, 7.36376857758, 8.36623764038, 5.87422132492, 6.20110654831, 7.9356098175, 11.2970733643, 9.7569026947, 2.89779281616, 3.18706560135, 2.08073925972, 1.18003511429, 1.63127672672, 1.27555918694, 0.774511218071, 0.302269756794, 0.139710843563, 0.0701452717185, 0.0455917976797, 0.0266421735287, 0.0136845195666, 0.00379668455571, 0.00102183059789, 0.000430493149906, 0.000130100335809, 4.33232999058e-05, 1.29777563416e-05, 1.50006671902e-05, 2.50882276305e-05], "min": [2.03407809655e-22, 4.796132435e-22, 1.8777868283e-21, 4.7853432412e-21, 1.45382421029e-20, 2.50058395541e-20, 1.65632345262e-19, 1.45567825808e-19, 1.77801852283e-19, 3.13508509042e-19, 4.41736574185e-19, 4.28945208289e-19, 8.8514818911e-19, 8.89052068011e-19, 1.2108593441e-18, 1.74247312434e-18, 2.81289260666e-18, 2.65368660173e-18, 3.8758577441e-18, 3.03046985229e-18, 6.28187716466e-18, 7.17898390388e-18, 9.51268788656e-18, 6.70345969001e-18, 8.58321481074e-18, 1.20383746992e-17, 1.38686921298e-17, 1.14264421984e-17, 9.40526690349e-18, 1.27175900709e-17, 1.31423415252e-17, 1.07018468711e-17, 1.29806252339e-17, 1.0754849296e-17, 6.31892575711e-18, 3.92502990921e-18, 2.82396359198e-18, 1.04498678042e-18, 2.50698022643e-19, 2.82518336027e-20], "dvar2": [0.435643523932, 86.1348266602, 517.206481934, 236.110519409, 5080.17382813, 1259.6340332, 462.978271484, 959.257446289, 2494.61572266, 9371.13769531, 7279.71923828, 8858.09472656, 9639.56347656, 2754.44384766, 2900.64453125, 2682.65527344, 2885.00317383, 9992.73925781, 7253.61669922, 1049.35131836, 2464.47827148, 1421.91137695, 183.959442139, 1879.91503906, 341.224395752, 111.064857483, 254.560409546, 100.120330811, 19.7907829285, 24.2790622711, 38.1426696777, 13.2914934158, 2.14895105362, 0.166810542345, 0.129604935646, 0.0207052733749, 0.000197807661607, 6.74772172715e-06, 4.93785412559e-09, 2.65734811933e-09], "dvar": [0.182543694973, 30.0542182922, 184.172302246, 93.8539047241, 1939.14123535, 492.579437256, 185.05531311, 392.358337402, 1103.14990234, 4081.91113281, 3373.32568359, 3935.13574219, 4760.55859375, 1304.47180176, 1233.63928223, 1195.4954834, 1248.10852051, 4472.53808594, 2995.17578125, 395.337799072, 1008.83276367, 520.653686523, 73.0868835449, 755.36517334, 156.487106323, 47.0871315002, 107.075912476, 46.061920166, 8.79207992554, 11.3634681702, 17.986000061, 6.37114429474, 1.0193990469, 0.0991945788264, 0.068026855588, 0.010231519118, 0.000102518148196, 3.42791190633e-06, 2.72415645597e-09, 1.02969111015e-09], "dmean": [0.140416413546, 1.87052798271, 4.47118711472, 3.69483065605, 10.8575639725, 8.01686191559, 4.7859082222, 6.34387636185, 10.4675931931, 17.5072002411, 17.1693496704, 17.5270004272, 19.9641609192, 14.9622125626, 11.538187027, 12.6557540894, 14.4422702789, 24.6466274261, 19.8023643494, 5.43003749847, 9.54306793213, 5.157351017, 3.22711730003, 7.07961845398, 5.30907440186, 2.96539402008, 3.02636027336, 1.70539164543, 0.824778676033, 0.999327898026, 1.25814449787, 0.754041790962, 0.259782999754, 0.0776260644197, 0.0753488913178, 0.0266234893352, 0.00270241405815, 0.000468773301691, 1.89888960449e-05, 1.56009082275e-05], "max": [4.57613134384, 58.5254936218, 169.690444946, 148.936141968, 558.898132324, 292.210083008, 542.888061523, 442.446899414, 709.135070801, 1836.96728516, 1587.33154297, 2983.22167969, 1803.51416016, 1471.74353027, 1197.6126709, 992.012207031, 766.638671875, 3103.47558594, 1362.62573242, 726.864074707, 786.255126953, 857.508911133, 246.203765869, 1536.35583496, 227.850494385, 149.392044067, 473.822509766, 342.022491455, 77.440284729, 101.625167847, 76.3717803955, 77.9298095703, 34.1020927429, 18.7312107086, 7.93909454346, 2.34749746323, 0.176289379597, 0.0304396264255, 0.000836933613755, 0.000305111869238], "var": [0.227897927165, 29.0955543518, 254.857498169, 190.197219849, 1595.30383301, 488.826873779, 369.90625, 493.92779541, 1463.14123535, 5885.85791016, 5185.08203125, 6610.00439453, 11237.8173828, 4151.18798828, 2490.46582031, 2408.88989258, 3759.05322266, 13587.7353516, 6459.77832031, 746.899902344, 1887.09680176, 589.736572266, 127.276634216, 1057.93200684, 424.901580811, 120.519134521, 244.268051147, 80.1531982422, 20.4826412201, 24.4998035431, 35.1549453735, 17.7471160889, 2.62848305702, 0.260375261307, 0.141836166382, 0.0157774891704, 0.000156261172378, 4.82426821691e-06, 5.00494490296e-09, 1.93927895964e-09], "mean": [0.189049035311, 2.36254262924, 7.58078241348, 7.48561382294, 13.0607204437, 9.69633674622, 7.60205364227, 9.34849834442, 15.7476835251, 25.8259658813, 27.6753921509, 32.2678985596, 34.4334945679, 30.582775116, 20.6709575653, 22.5757522583, 29.4782161713, 46.8559761047, 37.7299957275, 11.6478471756, 16.9687862396, 9.11835765839, 5.88535356522, 12.1639738083, 10.1342058182, 5.53755664825, 5.30646800995, 2.63839173317, 1.40867054462, 1.5450810194, 1.83635473251, 1.21418738365, 0.417778193951, 0.12976795435, 0.107486113906, 0.0337003841996, 0.00337680825032, 0.000552621379029, 3.59780642611e-05, 3.79146549676e-05]}, "spectral_strongpeak": {"dmean2": 0.742003619671, "median": 0.469923019409, "min": 0, "dvar2": 1.73910844326, "dvar": 0.708822309971, "dmean": 0.441111594439, "max": 14.6187620163, "var": 1.29330193996, "mean": 0.860052347183}, "spectral_energy": {"dmean2": 0.0228324010968, "median": 0.0204758998007, "min": 1.03044853508e-20, "dvar2": 0.00228513265029, "dvar": 0.000868473260198, "dmean": 0.0139261493459, "max": 0.281141102314, "var": 0.00150522438344, "mean": 0.032160885632}, "average_loudness": 0.825741589069, "spectral_rolloff": {"dmean2": 541.179748535, "median": 753.662109375, "min": 64.599609375, "dvar2": 1398968, "dvar": 571761, "dmean": 319.062957764, "max": 21856.2011719, "var": 6925171, "mean": 1302.24682617}, "spectral_centroid": {"dmean2": 304.21206665, "median": 819.106567383, "min": 84.9406433105, "dvar2": 195872.234375, "dvar": 100123.179688, "dmean": 202.560806274, "max": 11376.0234375, "var": 640357.375, "mean": 1038.74487305}, "pitch_salience": {"dmean2": 0.121025681496, "median": 0.521842598915, "min": 0.0555297024548, "dvar2": 0.0178686548024, "dvar": 0.00698414258659, "dmean": 0.0753527581692, "max": 0.878071010113, "var": 0.0219175890088, "mean": 0.511650562286}, "spectral_energyband_middle_high": {"dmean2": 0.00230204313993, "median": 0.00223467824981, "min": 1.24830945034e-21, "dvar2": 1.49072739077e-05, "dvar": 7.08516017767e-06, "dmean": 0.00153279642109, "max": 0.0603794232011, "var": 3.71346213797e-05, "mean": 0.00479631312191}, "spectral_contrast_coeffs": {"dmean2": [0.0751543715596, 0.0695861279964, 0.0599756874144, 0.0536485165358, 0.040029656142, 0.0283309724182], "median": [-0.615112423897, -0.705731809139, -0.735461890697, -0.738975286484, -0.775746822357, -0.762911617756], "min": [-0.973810434341, -0.971041977406, -0.974201798439, -0.9663875103, -0.963692247868, -0.961947023869], "dvar2": [0.00504565658048, 0.00401294371113, 0.00267711351626, 0.00221220380627, 0.00130328058731, 0.000824745453428], "dvar": [0.00219782278873, 0.00183034245856, 0.00126649357844, 0.000951175461523, 0.0006201932556, 0.000434321147623], "dmean": [0.0474035218358, 0.0449005924165, 0.0391857028008, 0.0342024825513, 0.0263454597443, 0.0192399173975], "max": [-0.237287938595, -0.284035503864, -0.434688538313, -0.42729395628, -0.550123155117, -0.524557709694], "var": [0.0124959396198, 0.00884706620127, 0.00747878244147, 0.00601569656283, 0.00393218174577, 0.00424106512219], "mean": [-0.61776471138, -0.705871403217, -0.734377384186, -0.739142656326, -0.776650130749, -0.774150907993]}, "melbands_skewness": {"dmean2": 1.34564948082, "median": 2.10754561424, "min": -3.24450159073, "dvar2": 3.24559473991, "dvar": 1.46490573883, "dmean": 0.890014529228, "max": 18.3225345612, "var": 4.32756376266, "mean": 2.56999778748}, "spectral_spread": {"dmean2": 605417.3125, "median": 2354061.5, "min": 438264.03125, "dvar2": 699987722240, "dvar": 415565840384, "dmean": 464248.96875, "max": 41834676, "var": 12243719684100.0, "mean": 3244206}, "dissonance": {"dmean2": 0.0425954163074, "median": 0.45010471344, "min": 0.102401487529, "dvar2": 0.00205515651032, "dvar": 0.00080178398639, "dmean": 0.0260083880275, "max": 0.5, "var": 0.00306479306892, "mean": 0.433289438486}, "spectral_skewness": {"dmean2": 0.839731097221, "median": 1.98076486588, "min": -0.227977365255, "dvar2": 0.771932303905, "dvar": 0.309365481138, "dmean": 0.520442128181, "max": 11.7046976089, "var": 2.30690717697, "mean": 2.43055963516}, "spectral_flux": {"dmean2": 0.05247329548, "median": 0.0552565082908, "min": 6.46356718148e-11, "dvar2": 0.00510873971507, "dvar": 0.00237221363932, "dmean": 0.0333041511476, "max": 0.413859397173, "var": 0.00601806305349, "mean": 0.0779118686914}, "spectral_contrast_valleys": {"dmean2": [0.639826714993, 0.634566068649, 0.592630445957, 0.533387541771, 0.465797275305, 0.376205027103], "median": [-7.65439128876, -7.12495231628, -7.70744895935, -8.18620300293, -8.59787750244, -12.450630188], "min": [-27.5734138489, -27.9023628235, -27.6254787445, -27.5969867706, -27.4866580963, -27.3477973938], "dvar2": [0.331271618605, 0.40208786726, 0.32941582799, 0.279433101416, 0.27750658989, 0.241995096207], "dvar": [0.156033396721, 0.194769203663, 0.163821294904, 0.14263650775, 0.157568454742, 0.202434375882], "dmean": [0.409652471542, 0.417311251163, 0.388744175434, 0.351971954107, 0.336774855852, 0.331788897514], "max": [-4.98874855042, -4.35530805588, -5.11481332779, -5.95786046982, -5.99752759933, -7.97216844559], "var": [4.03707838058, 3.36239719391, 3.56585073471, 3.5062494278, 3.84241628647, 3.12327694893], "mean": [-8.13031959534, -7.57369661331, -8.24726104736, -8.71975040436, -9.06173801422, -12.2324886322]}, "erbbands_flatness_db": {"dmean2": 0.0288001261652, "median": 0.242633402348, "min": 0.020301239565, "dvar2": 0.00117492873687, "dvar": 0.00067400286207, "dmean": 0.0219711791724, "max": 0.516183495522, "var": 0.00575157674029, "mean": 0.232881441712}, "spectral_energyband_high": {"dmean2": 0.000221443580813, "median": 2.0138666514e-05, "min": 7.09180551674e-21, "dvar2": 4.45054354259e-07, "dvar": 2.32586089055e-07, "dmean": 0.000164274912095, "max": 0.0125391911715, "var": 7.36400352253e-07, "mean": 0.000313637458021}, "spectral_entropy": {"dmean2": 0.283232599497, "median": 6.9183306694, "min": 3.99270033836, "dvar2": 0.10120601207, "dvar": 0.0523226298392, "dmean": 0.199193686247, "max": 9.81893253326, "var": 0.608680784702, "mean": 6.87054491043}, "silence_rate_20dB": {"dmean2": 0, "median": 1, "min": 1, "dvar2": 0, "dvar": 0, "dmean": 0, "max": 1, "var": 0, "mean": 1}, "melbands_flatness_db": {"dmean2": 0.0440412089229, "median": 0.294839709997, "min": 0.00496633024886, "dvar2": 0.00264660106041, "dvar": 0.00123064732179, "dmean": 0.0300626307726, "max": 0.788942456245, "var": 0.010280136019, "mean": 0.300723612309}, "barkbands": {"dmean2": [0.000139684983878, 0.0123862465844, 0.00608449522406, 0.00268204440363, 0.00479186372831, 0.00110441655852, 0.00136617734097, 0.00148237671237, 0.00116037670523, 0.000987627077848, 0.000514653220307, 0.00047949879081, 0.000530136516318, 0.000812625105027, 0.000421406351961, 0.000252193189226, 0.000177639478352, 0.000119495540275, 0.000210089841858, 9.90063563222e-05, 9.05253909878e-05, 3.3004929719e-05, 6.02170111961e-05, 3.24629472743e-05, 1.14929780466e-05, 4.37780954599e-06, 1.37905743713e-07], "median": [2.10329608308e-06, 0.00156791531481, 0.000486983277369, 0.000270300020929, 0.000890708179213, 0.00032981482218, 0.000403001147788, 0.000315502111334, 0.000332034105668, 0.00025539874332, 8.80708466866e-05, 9.87606035778e-05, 0.000142087301356, 0.000173873952008, 9.06037748791e-05, 5.12824990437e-05, 3.65988526028e-05, 1.76411012944e-05, 3.12771844619e-05, 1.52014636114e-05, 4.56661291537e-06, 1.84400789749e-06, 1.05390120098e-06, 3.94585583763e-07, 6.61482033593e-08, 2.005518418e-08, 2.39930884049e-08], "min": [4.06497026789e-24, 6.63823375186e-24, 1.7139778103e-24, 5.83712055488e-25, 8.73250562734e-24, 1.88583068518e-23, 1.55402222004e-23, 2.71892870116e-23, 1.99097353762e-23, 3.13969164633e-23, 1.84454375644e-23, 3.52968459858e-23, 5.65541135602e-23, 4.67521949576e-23, 6.91943221454e-23, 1.27590059888e-22, 1.1934782658e-22, 1.61706148337e-22, 1.39792980785e-22, 2.36002292703e-22, 3.31700006235e-22, 1.99471999583e-22, 4.75417361765e-22, 6.57079280245e-22, 8.80521140288e-22, 1.50508359926e-21, 2.03734625261e-21], "dvar2": [1.70810466216e-07, 0.00121682067402, 0.000313498021569, 7.12121618562e-05, 0.000234594510403, 1.15459388326e-05, 1.97825120267e-05, 2.89903691737e-05, 1.43939523696e-05, 7.6306569099e-06, 2.38265306507e-06, 1.71456849785e-06, 1.58426928465e-06, 4.13482530348e-06, 1.89168645193e-06, 8.16181227492e-07, 5.43052635749e-07, 9.27095200609e-08, 4.95529263844e-07, 5.12000681852e-08, 1.00299800465e-07, 1.39679032785e-08, 4.20700807524e-08, 1.31343664833e-08, 1.6403043368e-09, 2.84886475521e-10, 3.14070655334e-13], "dvar": [7.75238504502e-08, 0.000436768401414, 0.000114112182928, 2.69822103292e-05, 9.30262904149e-05, 4.69841415907e-06, 8.38937103254e-06, 1.30546286528e-05, 6.7102578214e-06, 3.74132127945e-06, 1.1286414292e-06, 7.54846780637e-07, 7.05411878243e-07, 1.89954164398e-06, 8.04919409347e-07, 3.23266306168e-07, 2.06046280482e-07, 4.08692208964e-08, 1.96994875523e-07, 2.15708038098e-08, 4.47768186973e-08, 6.2885079366e-09, 2.01121785892e-08, 6.47106546126e-09, 9.35789667977e-10, 1.39631251006e-10, 1.50538828907e-13], "dmean": [9.07610519789e-05, 0.0071703447029, 0.00353781343438, 0.00162220885977, 0.0029048002325, 0.000702016288415, 0.000864981731866, 0.000963660830166, 0.000781894952524, 0.000667955901008, 0.000337806734024, 0.000305801426293, 0.000337251927704, 0.000520754605532, 0.000267199560767, 0.000163326621987, 0.000112096160592, 7.70788392401e-05, 0.000136450442369, 6.43307575956e-05, 6.07935326116e-05, 2.30043642659e-05, 4.29429819633e-05, 2.33941536862e-05, 8.47642968438e-06, 3.10553218696e-06, 9.72050528958e-08], "max": [0.00323955155909, 0.235178470612, 0.151946604252, 0.0807367414236, 0.112544305623, 0.0771474316716, 0.0745626091957, 0.0963389202952, 0.0964479669929, 0.052707131952, 0.0310662873089, 0.0205059126019, 0.0177074484527, 0.054156769067, 0.0225711669773, 0.0198676735163, 0.0138347931206, 0.00464402930811, 0.0226946100593, 0.00292434520088, 0.00767378043383, 0.00193925446365, 0.00302726193331, 0.0024480773136, 0.0014079278335, 0.00021013301739, 8.1085408965e-06], "var": [8.57297948187e-08, 0.000458047550637, 0.000193666666746, 4.11880901083e-05, 8.37191109895e-05, 7.13355893822e-06, 9.74177146418e-06, 1.92600418814e-05, 1.19395053844e-05, 8.14593477116e-06, 1.99738087758e-06, 1.38407165196e-06, 1.84916768831e-06, 5.2