{"tonal": {"thpcp": [1, 0.728368461132, 0.392326235771, 0.247825905681, 0.199405774474, 0.32482200861, 0.413920164108, 0.280337542295, 0.175040781498, 0.163076847792, 0.147726297379, 0.171514138579, 0.202354967594, 0.198397859931, 0.277593940496, 0.303231596947, 0.188862964511, 0.149685814977, 0.180476367474, 0.238592639565, 0.469652622938, 0.663299560547, 0.443655133247, 0.198838621378, 0.170754477382, 0.195189788938, 0.280327796936, 0.304302096367, 0.24469076097, 0.261712729931, 0.309995412827, 0.259579926729, 0.23327216506, 0.258494794369, 0.338904738426, 0.721691668034], "hpcp": {"dmean2": [0.147894516587, 0.118110157549, 0.111065864563, 0.135970622301, 0.173432692885, 0.229572027922, 0.265918731689, 0.215699315071, 0.154395103455, 0.150204285979, 0.140329271555, 0.142416343093, 0.183105483651, 0.17209969461, 0.173614531755, 0.177191570401, 0.175440385938, 0.194643050432, 0.212902650237, 0.270581245422, 0.359375, 0.357251048088, 0.369854390621, 0.339977324009, 0.239980861545, 0.178957954049, 0.181891441345, 0.187466770411, 0.146952465177, 0.108322024345, 0.100466996431, 0.0893336758018, 0.0953131467104, 0.114659518003, 0.127365633845, 0.140989378095], "median": [0.0307786744088, 0.0232939459383, 0.0198960825801, 0.0228251926601, 0.0331503488123, 0.0999780148268, 0.147027149796, 0.0874611139297, 0.022442214191, 0.0143655808643, 0.0175029523671, 0.0293970443308, 0.0335447490215, 0.0324337929487, 0.0286902561784, 0.0267963781953, 0.0237298943102, 0.0258971638978, 0.0279437042773, 0.0462500303984, 0.188421875238, 0.332461893559, 0.190839916468, 0.0444158390164, 0.0180430412292, 0.0164043400437, 0.0304577499628, 0.0477983355522, 0.0392585992813, 0.0183286555111, 0.0141156474128, 0.0147346891463, 0.0265481211245, 0.0315395407379, 0.0277475938201, 0.0291391201317], "min": [0, 0, 0, 0, 0, 0, 0, 0, 0, 0, 0, 0, 0, 0, 0, 0, 0, 0, 0, 0, 0, 0, 0, 0, 0, 0, 0, 0, 0, 0, 0, 0, 0, 0, 0, 0], "dvar2": [0.0645338520408, 0.0460427887738, 0.0443948060274, 0.0594001300633, 0.0747791156173, 0.0918395295739, 0.101697146893, 0.0828564986587, 0.0690147802234, 0.0807249248028, 0.0708045661449, 0.0731273144484, 0.0920770689845, 0.0851102918386, 0.0861316993833, 0.0940371751785, 0.0864822417498, 0.10473407805, 0.108043842018, 0.13076916337, 0.15005274117, 0.146521702409, 0.157445579767, 0.18261115253, 0.135672703385, 0.0895537436008, 0.0861700996757, 0.0859622657299, 0.0598900765181, 0.0450860187411, 0.0408743433654, 0.0334801599383, 0.0328203178942, 0.0440084785223, 0.0540536791086, 0.0610088668764], "dvar": [0.0259573757648, 0.0176790617406, 0.0168163310736, 0.0217231754214, 0.0281840953976, 0.0359463654459, 0.042731333524, 0.0328664369881, 0.025805991143, 0.0295304059982, 0.0260749030858, 0.0280348900706, 0.0342455357313, 0.0325965285301, 0.0335436314344, 0.0367837660015, 0.0328082665801, 0.0388465821743, 0.0409171506763, 0.0486644506454, 0.0573599077761, 0.0595534108579, 0.0582090429962, 0.064138635993, 0.0500213131309, 0.0328870750964, 0.0341032259166, 0.0348985716701, 0.0229957681149, 0.0173371918499, 0.0162632614374, 0.0133735220879, 0.0141724543646, 0.0173514466733, 0.019280007109, 0.0242190770805], "dmean": [0.0900299474597, 0.0694487690926, 0.0637850239873, 0.0778450667858, 0.0993479266763, 0.136276006699, 0.16034886241, 0.128870517015, 0.0877488926053, 0.0842635035515, 0.0794783830643, 0.0817953646183, 0.105626583099, 0.0988743752241, 0.100159011781, 0.101607054472, 0.101014718413, 0.110434249043, 0.120355941355, 0.153951004148, 0.210370108485, 0.208632916212, 0.216852709651, 0.189563110471, 0.132259041071, 0.100510537624, 0.106779053807, 0.112019762397, 0.0873680189252, 0.0633685365319, 0.0588910020888, 0.0529724396765, 0.057243026793, 0.0684424564242, 0.0739643797278, 0.0846405252814], "max": [1, 1, 1, 1, 1, 1, 1, 1, 1, 1, 1, 1, 1, 1, 1, 1, 1, 1, 1, 1, 1, 1, 1, 1, 1, 1, 1, 1, 1, 1, 1, 1, 1, 1, 1, 1], "var": [0.0515878163278, 0.0226725116372, 0.0172161236405, 0.0225418172777, 0.0309949163347, 0.0625577941537, 0.103034228086, 0.061784747988, 0.0279123336077, 0.0283481143415, 0.0314374044538, 0.0575812384486, 0.0497432947159, 0.0360648296773, 0.0422372072935, 0.0624919943511, 0.0436872318387, 0.0353108383715, 0.0406105592847, 0.0514946132898, 0.106042467058, 0.147272348404, 0.106905817986, 0.066714450717, 0.0433699861169, 0.0291422791779, 0.058245446533, 0.0788210183382, 0.0403806678951, 0.0257308948785, 0.0262350719422, 0.0201682001352, 0.0211100894958, 0.0246236473322, 0.0237500481308, 0.046936891973], "mean": [0.132741764188, 0.0826760903001, 0.0655260160565, 0.0790047943592, 0.10444559902, 0.20559373498, 0.290364027023, 0.194213151932, 0.0870430022478, 0.0747489705682, 0.085445702076, 0.122715465724, 0.133210375905, 0.107115097344, 0.114566586912, 0.135702669621, 0.113632939756, 0.102116525173, 0.113157913089, 0.148357927799, 0.315925598145, 0.437757015228, 0.318848401308, 0.171743556857, 0.108487531543, 0.087291277945, 0.142193108797, 0.181196451187, 0.122719727457, 0.0766253322363, 0.0713880360126, 0.0646682232618, 0.0750815197825, 0.0885823071003, 0.0868500545621, 0.121518701315]}, "tuning_equal_tempered_deviation": 0.0271874312311, "chords_changes_rate": 0.0693760290742, "key_key": "E", "tuning_diatonic_strength": 0.664147496223, "key_scale": "major", "chords_number_rate": 0.00287356320769, "tuning_frequency": 435.952270508, "tuning_nontempered_energy_ratio": 0.748732447624, "chords_histogram": [23.4605903625, 0.533661723137, 8.49753665924, 4.61822652817, 2.0114941597, 1.10837435722, 0, 0, 0.348932683468, 0.164203613997, 1.14942526817, 0.123152710497, 0.287356317043, 0.41050902009, 0, 1.31362891197, 1.35467982292, 17.4466342926, 0.287356317043, 11.5558290482, 1.2110016346, 1.02627253532, 21.1001644135, 1.99096882343], "key_strength": 0.759650826454, "chords_key": "E", "chords_strength": {"dmean2": 0.0105565181002, "median": 0.512212157249, "min": 0.217504873872, "dvar2": 0.000110612490971, "dvar": 8.79739091033e-05, "dmean": 0.0105683971196, "max": 0.809772849083, "var": 0.0104286214337, "mean": 0.507888376713}, "chords_scale": "major", "hpcp_entropy": {"dmean2": 1.07775878906, "median": 2.11274957657, "min": 0, "dvar2": 0.800927698612, "dvar": 0.309188693762, "dmean": 0.64887791872, "max": 4.64886856079, "var": 0.749511897564, "mean": 2.09157729149}}, "metadata": {"audio_properties": {"equal_loudness": 0, "codec": "mp3", "downmix": "mix", "sample_rate": 44100, "analysis_sample_rate": 44100, "bit_rate": 192000, "md5_encoded": "aec192fa818033bf2bcd98ff4c23b946", "length": 226.168167114, "replay_gain": -5.38117408752, "lossless": false}, "version": {"essentia_build_sha": "2d9f1f26377add8aeb1075a9c2973f962c4f09fd", "essentia": "2.1-beta2", "extractor": "music 1.0", "essentia_git_sha": "v2.1_beta2-1-ge3940c0"}, "tags": {"title": ["Be Bop a Lula"], "language": ["eng"], "acoustid_fingerprint": ["AQADtNGaZdGSCTmP5jusgWH2IeehPUe648ddOMezaBeYLHGO8-DyR0XCfIcuIU-SAL0DP1VQ-cQz5Xgc7PBxJHGOnA_4JMdPVDnG5-iJOAmhSskXxDSXIFpSqdAzsA8Ff80QWUnG44ns4IqQT0HC4HHC4q-CD_XR7MhzJDm-JUwCyrWID80TVCJxLVGaIdYVnGD4oLE7PAoaHhoZ5FkaVL6CJukUClcW48MPX0rxOUGOZIVrfE2DyR96eAwxdbZw1FsavCEsRXglZ_CP2inyJTsSeQezbDz8Cm-OH86xJwxxZSS0DPvAiWEkURgTXcEvXFmEnjhCikdyacUvPFeqDJWJK2iOO4gOmel0hImDU0Tz4LgWPPi0FBEXH-UviA8qFz-e7EcTSUXI9Oh-TDmYo1mUGvmxVtDyHH2i4PiaBk9lYYsh0cqJPUfs44k_5GNS1Dya94Ge4w--5Lgyw1WgS0PkvaDTcXh-nAum6KgkBQ9jPGh-oe-D5JkR3QmqqYa1Hh-sFh_xD-n0IG9Qi-jhZKIjhBdxZc2haxFCfvDxLHDoB3HCQ89KpGP2oD-IME8uaKIoBk-OsC-8JccDvxfCM1D0UAjTfcL5BN-Hf8J_5Cd0KsiVDNcR5gm6ZsenFxf2hDe6s4Rz5MeXHSV55Eqh5xPRlEet5cTOI08iI9dbaAjD4yszVHI0WIZPInwCVXzwXPjmoIcW_AieicQsHVV8OG2Q9cdziEZt5MdvhNF1nNmhUoUd4kc_VC6epYIYTsGPV4Hz4GFsUOEv4tMHP5jK48uh2R-aZ8GPE79wMUEeXJSOdrlwH-_hMbuQ1gm0J8N0XmjONHgCHscZJM_RP3BxG9dOMOmC_EieHL_RHU3cCp92NMvzIPyLZF-E-guaC4yl4HExMn7w5sgtOA_eIM_RNEepLWg4HiUTF18QkXyQiKxxHk1t9Foa9GimMVyQ_EGY_bgJRmmSBPeH_RKeHHkZikh6_EOfOaie4MmHlguaJJQQPx5O6YPyLKDqo9kaOWj54KjyHG8OLZOyIj9YPglyJskUYWLizGia5Ieu5whz9MIdl8OTcMnxhccDH0-HXNygvMbTRNzBmSmO57iuBM0T6GAuZXgaHRHJ40-OKzz-oD_84tHhpsiTfUiWmMGvKcSTYPzhbhqYsTkaPN6RhxySqS0abTvoo8KUNdeCJ00SSXgmEpHyPkj2D29xH1-W46oc4ydSIXkiPEoa0CHeE6NfXEuR79CmPXCo_PgW1MuFj8SPX_iN8C_cE9OZCc-EZ8fJInaiQD7iN3hGXGiWMV1QSi_-6GjUop-FC11y_MeexbhIw_xQ6Xh8Effxw1SzHJ4W8fjwf7g2pQquPGiO6jxOhM4O8fTgHz20Rj0c5kH4HM01lDSDHwmb9MiFU9h2Bz_e4zpylUiaZsbdZiitgEmH68i-QGPCoUGuHcHplNDXC2HTSmjiLPhx_CWeJ3iWg3uOZkWn6LiSLFOC0wizF8me4XjqYaIeoTnGj-ARWcoFfXWCb0cPMY6EXsaD8_i-BG-WCs2PUCfO48KPnWie4caTH9Q7ZDp0GSmPkjF-_Cmq_fAk_OjjoDxSiYe-DzehM7iO_MIDP8aVI34Mj9mhHxY1nFQA_4f27KiOMJoy5HmD6j60PMfRLIkmIbTKB6Nz5D_kR5FwPJHW4UlK_NB-fInhJ-gh6w5xqkf0pEbJH_5zMCQTIs9yNB80Jz2-43gm8BjJQ1uGb8zwRMI1TfBldB-eyCueQ5Xw5dBI-mhynMinYB8Y0hTyBT80PFmQ8yiF6Me-HOKDR4FvHM9hKoe2ZkfVwF8CplmE_MZEHU5-wKnQh8c9hGgiKcMPHb_wb8iX6PiD8of7E1WTGXF6XBf-Qf8i9Mf2VOgdSGmSBI4kH-GOX8F9hDlqBToRZlHOos8VMPmPUIbSrUf8pYSfHT9ufTCnJMe7HI9SHpEeNCMvSFdw5fgDLWNwOB9CLzlOzAy-2EH-VJgyGeGFH_fB8M-EhsLfoMkVo_9wB6OIhprSo-yOG9_x2XgQhtHRP4F-5L5Q_cHKBJcIZsnTRHiT488RZmmGJKJmPM1xbyn-BHkWJFU2zFbQ_OiJ50nQH004Hs-i49Tx5UKkJzScQ15y5FGFH-bRh8dv4USvBa7RLjte4Y2gR9PxJDquR7hUNI9QMhPyHbroIKySKA8iJV1KyMhxMNSV4Mf2IZyXQ_cRPcWz5Bneo0GlH1-eBPeRbwHlHvrxDw_CREevfOiT4MyR5eHx4zvO7GiuHNOR__iyD3m4pImhXggvNDfuDV_TBF_2AGG2CNqTIOKF-fiPhsqD2DlE1zJKBqHVo3mGKziPpw2uKPQwZQxPVCnBA8eF40uUUMJznHrA3Eaa7Eh6uMPXw1VxnFKK_kHyKLmIWEp_7CmsHhd_JH8QWcpQp4J_on-KPVmO2DvkEWG2xqiozMLh41aN49HhB98sIr8Q3kdDJS5eojkDp4nioqSG_mge5HyG5P3RL0fjJMpx41EeXGi65YgEHRku6fiDZ8IRvmkIsZqKsMdIvohDHX_QkmgeHPqDS0rxBHeK6kfUXShDlPsD42IEy0P1IyRUpHyE94EjqXiGEwc18jgRdhWS-6gMP8LFBT7xG__xJBmuEwd14dTwLFOC5sRzPE8wZb_gW6jToFaCJh6eK8FlY3_Q4kLD5QkufUFzIbyYQjvSHNOqCH9u_GGEK6GF7-gCx8SXI1m6GHmYcHhW-Cr-B2-ooT-SpQCECDECAUOMJAQIQIwAAgChkAISMVKKYAAhRhASCgAiiKYAAaWIICJRJJxyBiqDCFLAKaIMAwQYQRABwlCACAJMISTQMEgBgCwwAiGGKAGAYMeQAMwATYQzRABCkHOGAGEAQAwpQgARzABilEFACCSEBhIoZAEQxDkGlCAMAAGoIWAYARgxwBAqDBCGEIQMMIQIQYCADhFjgDKIISEwIlYRhBh1BCEBGGEEIAIIwIAIhgwWABCDDDEKMAoEpw44gxQDDAgFFGAEMEMUAl4YAwwlAAAFFCAMCKqhVY4RJoAGUDAJABRCISaAUMIoIRgwwhCCgCDaCGAQAEoCAAjikDoBACySGAgFYEAhgIQzFDCKhAACGgEAkEILggRxhDljjAEWMUCQAgoRQKAjzjhiiCGCEUWooRQAwgiTRAgDBAMAOeIAkIgAIBQADAihAHFISOAIEkQwg4gBAhgkmQAAEMEQQIgJghRhQDCkDEJEEGaFAAogAZxgDklAAQCAKAUYQ0QA4YgShhCAHFDIAIMMQQoABIRgBhiCEBFMEUBEQYIqwIASgAEDEAACIoYYZEoABoxhyhgjEAOEEKmUMAgBwxRiiAnAEDQAANAoCEICAhgSAABAsGEICImUEkBQwQAQRAGAAADEISIgMEAZQJBhZBgBhAAGEAEAIVIoAQBlgDhlCAAGCUGAEII4hJyADCHNiBVEGGCMUZIRCoAQggDgrBVEIaJAIoYAZgwzAgAKBEEAEEOIMEYRhogUADAgDBHAEUEEEQABAowRiBiBhBNIIIUAQ4IBgBZhRhIEADAEOCKUEAA4CowQTCChjABmAZkQQoYpIpjASBghiGCCAgWQQYYIwwBABClggEMKAaMAQAQAgRyDwhEiBEBAEGIAAgUAwAgBAiAACEGGEEMVQQAYBAigDhnGgBBCAA"], "date": ["1960"], "genre": ["Rock & Roll"], "musicbrainz_releasegroupid": ["44afcfc0-bfbc-4ec0-b918-9112ea3ca3d7"], "musicbrainz album type": ["Compilation"], "musicbrainz_recordingid": ["07e9c991-2f43-4afa-9ab1-5b65cfe35695"], "composer": ["G. Vincent/T. Davis"], "musicbrainz album release country": ["DE"], "musicbrainz_albumartistid": ["17995d1c-5b3c-4ee9-98f5-105ee3b4ada1", "f491f5ad-0946-40a6-bab9-da319c3f3995"], "musicbrainz_albumid": ["cc33a1b8-e735-4b73-b537-16c19bf3de1b"], "artist": ["Gene Vincent (Live Rock N Roll) 34"], "tracknumber": ["34"], "bpm": ["130.67"], "catalognumber": ["SPV 50722 CD"], "album": ["Live Rock N Roll Rebels"], "label": ["Yellow"], "acoustid_id": ["04033ed3-3933-4f84-80c5-532b5c47ee5a"], "musicbrainz_artistid": ["f491f5ad-0946-40a6-bab9-da319c3f3995"], "file_name": "Gene Vincent (Live Rock N Roll) 34 - Be Bop a Lula.mp3"}}, "rhythm": {"bpm_histogram_first_peak_bpm": {"dmean2": 0, "median": 86, "min": 86, "dvar2": 0, "dvar": 0, "dmean": 0, "max": 86, "var": 0, "mean": 86}, "bpm": 86.5329971313, "bpm_histogram_second_peak_spread": {"dmean2": 0, "median": 0, "min": 0, "dvar2": 0, "dvar": 0, "dmean": 0, "max": 0, "var": 0, "mean": 0}, "bpm_histogram_first_peak_weight": {"dmean2": 0, "median": 0.512345671654, "min": 0.512345671654, "dvar2": 0, "dvar": 0, "dmean": 0, "max": 0.512345671654, "var": 0, "mean": 0.512345671654}, "onset_rate": 3.4927072525, "beats_position": [0.719818592072, 1.43963718414, 2.17106580734, 2.90249419212, 3.62231278419, 4.34213161469, 5.0387301445, 5.74693870544, 6.45514726639, 7.17496585846, 7.89478445053, 8.6146030426, 9.33442115784, 10.0542402267, 10.7624483109, 11.4822673798, 12.202085495, 12.9219045639, 13.6301136017, 14.3383216858, 15.0465307236, 15.7547388077, 16.4513378143, 17.1479358673, 17.8561439514, 18.5643539429, 19.272562027, 19.9807701111, 20.6889801025, 21.3971881866, 22.1053962708, 22.8136043549, 23.5218143463, 24.2416324615, 24.9382305145, 25.6348285675, 26.343038559, 27.0512466431, 27.747844696, 28.4560546875, 29.1642627716, 29.8724708557, 30.5806789398, 31.3004989624, 32.0087051392, 32.7169151306, 33.4251251221, 34.1333312988, 34.8531494141, 35.5613594055, 36.2927894592, 37.0242156982, 37.755645752, 38.4870758057, 39.2185020447, 39.9383201599, 40.6697502136, 41.4011802673, 42.0977783203, 42.771156311, 43.4561424255, 44.164352417, 44.8841705322, 45.6039886475, 46.3121986389, 47.0204086304, 47.7170066833, 48.4019927979, 49.0869827271, 49.7951927185, 50.4917907715, 51.2000007629, 51.8965988159, 52.5931968689, 53.2897949219, 53.9863929749, 54.6829910278, 55.3447608948, 56.0065307617, 56.6566886902, 57.3068466187, 57.9686164856, 58.6303825378, 59.315372467, 60.01197052, 60.708568573, 61.4167785645, 62.1249885559, 62.8215866089, 63.5297966003, 64.2263946533, 64.9346008301, 65.6428070068, 66.3394088745, 67.0360107422, 67.7326049805, 68.4292068481, 69.1258010864, 69.8224029541, 70.5189971924, 71.2155990601, 71.9122009277, 72.608795166, 73.3053970337, 74.001991272, 74.7102050781, 75.4067993164, 76.1034011841, 76.8116073608, 77.5082092285, 78.2164154053, 78.9130172729, 79.6212234497, 80.3178253174, 81.0144195557, 81.7110214233, 82.4192276001, 83.1158294678, 83.8008117676, 84.4974136353, 85.1940155029, 85.8906097412, 86.5872116089, 87.2954177856, 87.9804077148, 88.6770019531, 89.3736038208, 90.0702056885, 90.7667999268, 91.4401779175, 92.1135559082, 92.7985458374, 93.5067520142, 94.2033538818, 94.8999557495, 95.5965499878, 96.2699279785, 96.9317016602, 97.61668396, 98.3016738892, 98.9866638184, 99.683265686, 100.368255615, 101.041633606, 101.726615906, 102.400001526, 103.073379517, 103.769973755, 104.454963684, 105.139953613, 105.813331604, 106.486709595, 107.171699524, 107.856689453, 108.541679382, 109.226661682, 109.911651611, 110.596641541, 111.270019531, 111.943397522, 112.628387451, 113.336593628, 114.033195496, 114.729797363, 115.43800354, 116.146209717, 116.866027832, 117.574241638, 118.282447815, 118.979042053, 119.675643921, 120.372245789, 121.068840027, 121.777046204, 122.462036133, 123.135414124, 123.820404053, 124.505393982, 125.178771973, 125.852149963, 126.537139893, 127.23374176, 127.91872406, 128.592102051, 129.265487671, 129.927261353, 130.589019775, 131.262405396, 131.924163818, 132.597549438, 133.25932312, 133.932693481, 134.606079102, 135.279449463, 135.952835083, 136.637817383, 137.322814941, 138.007797241, 138.692779541, 139.3777771, 140.062759399, 140.747756958, 141.432739258, 142.129333496, 142.825942993, 143.510925293, 144.195922852, 144.869293213, 145.554275513, 146.25088501, 146.93586731, 147.620864868, 148.305847168, 149.002441406, 149.687438965, 150.384033203, 151.080627441, 151.777236938, 152.485443115, 153.182037354, 153.878631592, 154.56362915, 155.24861145, 155.933609009, 156.618591309, 157.315185547, 158.011795044, 158.708389282, 159.404983521, 160.101577759, 160.798187256, 161.483169556, 162.168167114, 162.829925537, 163.514923096, 164.199905396, 164.896499634, 165.581497192, 166.278091431, 166.951477051, 167.624847412, 168.298233032, 168.959991455, 169.633377075, 170.318359375, 170.991744995, 171.665115356, 172.338500977, 173.011871338, 173.685256958, 174.358642578, 175.032012939, 175.70539856, 176.378768921, 177.063766479, 177.748748779, 178.422134399, 179.095504761, 179.792098999, 180.465484619, 181.150466919, 181.823852539, 182.485626221, 183.170608521, 183.85559082, 184.517364502, 185.179138184, 185.852508545, 186.525894165, 187.199264526, 187.884262085, 188.569244385, 189.265853882, 189.950836182, 190.635818481, 191.332427979, 192.029022217, 192.725616455, 193.410614014, 194.095596313, 194.792190552, 195.488800049, 196.185394287, 196.870376587, 197.566986084, 198.251968384, 198.936950684, 199.621948242, 200.31854248, 201.015136719, 201.711746216, 202.408340454, 203.104934692, 203.801544189, 204.486526489, 205.171508789, 205.868118286, 206.564712524, 207.261306763, 207.95791626, 208.654510498, 209.339492798, 210.024490356, 210.721084595, 211.417678833, 212.11428833, 212.79927063, 213.48425293, 214.180862427, 214.877456665, 215.574050903, 216.2706604, 216.967254639, 217.663848877, 218.360443115, 219.057052612, 219.753646851, 220.461853027, 221.158447266, 221.855056763, 222.563262939, 223.271469116, 223.979675293, 224.68788147, 225.396102905], "beats_loudness": {"dmean2": 0.0128145236522, "median": 0.0266211088747, "min": 0.000103721096821, "dvar2": 9.38093071454e-05, "dvar": 3.71852911485e-05, "dmean": 0.00793164037168, "max": 0.0521279089153, "var": 8.95655393833e-05, "mean": 0.0258524287492}, "danceability": 1.12014579773, "bpm_histogram_second_peak_weight": {"dmean2": 0, "median": 0.0493827164173, "min": 0.0493827164173, "dvar2": 0, "dvar": 0, "dmean": 0, "max": 0.0493827164173, "var": 0, "mean": 0.0493827164173}, "beats_count": 325, "bpm_histogram_second_peak_bpm": {"dmean2": 0, "median": 91, "min": 91, "dvar2": 0, "dvar": 0, "dmean": 0, "max": 91, "var": 0, "mean": 91}, "bpm_histogram_first_peak_spread": {"dmean2": 0, "median": 0.461038976908, "min": 0.461038976908, "dvar2": 0, "dvar": 0, "dmean": 0, "max": 0.461038976908, "var": 0, "mean": 0.461038976908}, "beats_loudness_band_ratio": {"dmean2": [0.327996253967, 0.249449059367, 0.201404422522, 0.188117384911, 0.218586504459, 0.125645548105], "median": [0.281290203333, 0.136078879237, 0.122334286571, 0.0687789022923, 0.117473550141, 0.0492232777178], "min": [0.000135458030854, 0.000857118691783, 0.000420752825448, 0.000988938263617, 0.000367897911929, 0.000760276685469], "dvar2": [0.0788253098726, 0.0658805072308, 0.0400239378214, 0.0471456423402, 0.041553389281, 0.0280851647258], "dvar": [0.0296080522239, 0.0253081992269, 0.014695474878, 0.0156758185476, 0.0136037431657, 0.00941212382168], "dmean": [0.187655806541, 0.14487361908, 0.11950070411, 0.10332685709, 0.118197157979, 0.065882883966], "max": [0.95832079649, 0.929547727108, 0.788425266743, 0.696543157101, 0.764134347439, 0.737004935741], "var": [0.0488489083946, 0.033359054476, 0.0197892878205, 0.0129022467881, 0.0321626625955, 0.00615688040853], "mean": [0.318483293056, 0.198141828179, 0.164303302765, 0.102559834719, 0.178546607494, 0.0678439512849]}}, "lowlevel": {"barkbands_spread": {"dmean2": 7.25766181946, "median": 19.474357605, "min": 0.519876241684, "dvar2": 59.7239608765, "dvar": 26.9945716858, "dmean": 4.7214717865, "max": 74.2602310181, "var": 129.914260864, "mean": 21.0726566315}, "melbands_spread": {"dmean2": 10.9955730438, "median": 19.4153556824, "min": 0.385597676039, "dvar2": 217.914199829, "dvar": 101.152656555, "dmean": 7.1010966301, "max": 164.248931885, "var": 469.942871094, "mean": 26.3516731262}, "hfc": {"dmean2": 6.52519130707, "median": 10.9949741364, "min": 1.95164875549e-06, "dvar2": 118.159698486, "dvar": 57.0869026184, "dmean": 4.40377283096, "max": 115.842689514, "var": 268.293762207, "mean": 17.3544540405}, "barkbands_kurtosis": {"dmean2": 4.34063005447, "median": 1.82653427124, "min": -1.93354225159, "dvar2": 88.7973403931, "dvar": 39.9881515503, "dmean": 2.80275678635, "max": 230.481704712, "var": 97.0592880249, "mean": 4.39177942276}, "gfcc": {"mean": [-61.9576187134, 150.132476807, -166.453918457, 63.2866516113, -56.9586143494, -17.066236496, -10.391752243, -13.7648248672, -6.56240081787, -16.2532482147, -10.7501249313, -12.742348671, -0.196687325835], "icov": [[0.00309702381492, -0.00399463484064, 0.00447575375438, -0.00388155388646, 0.00206698128022, -0.00124465220142, -0.000474902772112, 0.000692197645549, -0.00162679096684, 0.00259627285413, -0.00252647534944, 0.00191383936908, -0.000975920644123], [-0.00399463484064, 0.0092983180657, -0.00875493977219, 0.00743441749364, -0.00532243540511, 0.00361304963008, -0.00254611647688, 0.00192086433526, -0.00131282408256, -0.000633860297967, 0.00149308762047, -0.000249355100095, 0.000869293930009], [0.00447575375438, -0.00875493977219, 0.0112506896257, -0.00892849359661, 0.00587685173377, -0.00392112974077, 0.00196976703592, -0.00323538156226, 0.00289975688793, -0.000327190908138, -0.000638084486127, 0.000200463022338, -0.000795448664576], [-0.00388155388646, 0.00743441749364, -0.00892849359661, 0.009302245453, -0.00491539668292, 0.00335498014465, -0.00130443519447, 0.00211163843051, -0.00280088256113, 0.000268486095592, 0.000738735194318, -0.000320620834827, 0.00175028911326], [0.00206698128022, -0.00532243540511, 0.00587685173377, -0.00491539668292, 0.00572942942381, -0.00260360399261, 0.00255939504132, -0.00312505615875, 0.0016033508582, -0.00069266668288, 0.00134786369745, -0.00120501767378, 0.00135200854857], [-0.00124465220142, 0.00361304963008, -0.00392112974077, 0.00335498014465, -0.00260360399261, 0.00646853912622, -0.00315829529427, 0.00145995151252, -0.00230369460769, 0.00164204835892, -0.00210244976915, 0.0031993528828, 0.00134270172566], [-0.000474902772112, -0.00254611647688, 0.00196976703592, -0.00130443519447, 0.00255939504132, -0.00315829529427, 0.00809633173048, -0.00373358768411, 0.00276168971322, -0.00329036498442, 0.00222375546582, -0.00182137975935, 0.000691581692081], [0.000692197645549, 0.00192086433526, -0.00323538156226, 0.00211163843051, -0.00312505615875, 0.00145995151252, -0.00373358768411, 0.012588346377, -0.00643958477303, 0.00294940546155, -0.00131495797541, 0.00177459209226, 3.03155156871e-05], [-0.00162679096684, -0.00131282408256, 0.00289975688793, -0.00280088256113, 0.0016033508582, -0.00230369460769, 0.00276168971322, -0.00643958477303, 0.0140224974602, -0.00502228643745, 0.00375139177777, -0.00248279841617, 0.000713112181984], [0.00259627285413, -0.000633860297967, -0.000327190908138, 0.000268486095592, -0.00069266668288, 0.00164204835892, -0.00329036498442, 0.00294940546155, -0.00502228643745, 0.0148517228663, -0.00659182062373, 0.00430272286758, -0.00231677549891], [-0.00252647534944, 0.00149308762047, -0.000638084486127, 0.000738735194318, 0.00134786369745, -0.00210244976915, 0.00222375546582, -0.00131495797541, 0.00375139177777, -0.00659182062373, 0.0174790080637, -0.00930911209434, 0.00382251408882], [0.00191383936908, -0.000249355100095, 0.000200463022338, -0.000320620834827, -0.00120501767378, 0.0031993528828, -0.00182137975935, 0.00177459209226, -0.00248279841617, 0.00430272286758, -0.00930911209434, 0.0188892986625, -0.00780374510214], [-0.000975920644123, 0.000869293930009, -0.000795448664576, 0.00175028911326, 0.00135200854857, 0.00134270172566, 0.000691581692081, 3.03155156871e-05, 0.000713112181984, -0.00231677549891, 0.00382251408882, -0.00780374510214, 0.0171288922429]], "cov": [[3529.08203125, 369.66519165, -908.681762695, 544.583862305, 223.422363281, 311.679229736, 272.534606934, -106.58745575, 491.733612061, -329.090179443, 88.7243728638, -215.203414917, -151.245880127], [369.66519165, 595.025024414, 173.578536987, -38.9961357117, 179.535720825, 10.7515516281, 114.615570068, 37.6728897095, 32.5442581177, -8.8384437561, -38.8900032043, -39.7172012329, -28.7647438049], [-908.681762695, 173.578536987, 834.079223633, 158.961471558, -132.837875366, -19.9520397186, -6.74794864655, 81.5122146606, -132.58366394, 95.4562072754, -32.7597236633, 23.9162006378, 10.7238645554], [544.583862305, -38.9961357117, 158.961471558, 621.648803711, 142.398696899, 50.4093055725, -5.584836483, 28.9172706604, 129.637985229, -65.23462677, -3.21653008461, -49.9656524658, -74.4167938232], [223.422363281, 179.535720825, -132.837875366, 142.398696899, 602.606384277, 51.8981704712, -35.5070304871, 87.379486084, 84.4116439819, -38.50157547, -60.1607322693, -42.041721344, -81.9054260254], [311.679229736, 10.7515516281, -19.9520397186, 50.4093055725, 51.8981704712, 328.332427979, 108.980506897, 28.7946281433, 66.2080612183, -30.7224750519, 10.3931856155, -83.0540084839, -70.2197265625], [272.534606934, 114.615570068, -6.74794864655, -5.584836483, -35.5070304871, 108.980506897, 231.011444092, 33.3598175049, 31.309343338, 5.30835056305, 0.819595694542, -33.0679740906, -20.9918956757], [-106.58745575, 37.6728897095, 81.5122146606, 28.9172706604, 87.379486084, 28.7946281433, 33.3598175049, 143.02166748, 40.7536582947, 5.79620313644, -23.4875450134, -14.4733629227, -20.1735248566], [491.733612061, 32.5442581177, -132.58366394, 129.637985229, 84.4116439819, 66.2080612183, 31.309343338, 40.7536582947, 184.586990356, -28.2800140381, -4.58281517029, -38.0441818237, -34.0474586487], [-329.090179443, -8.8384437561, 95.4562072754, -65.23462677, -38.50157547, -30.7224750519, 5.30835056305, 5.79620313644, -28.2800140381, 125.292953491, 17.144826889, 18.603427887, 20.7934341431], [88.7243728638, -38.8900032043, -32.7597236633, -3.21653008461, -60.1607322693, 10.3931856155, 0.819595694542, -23.4875450134, -4.58281517029, 17.144826889, 101.288703918, 35.2629356384, 5.74983501434], [-215.203414917, -39.7172012329, 23.9162006378, -49.9656524658, -42.041721344, -83.0540084839, -33.0679740906, -14.4733629227, -38.0441818237, 18.603427887, 35.2629356384, 113.596496582, 55.1444396973], [-151.245880127, -28.7647438049, 10.7238645554, -74.4167938232, -81.9054260254, -70.2197265625, -20.9918956757, -20.1735248566, -34.0474586487, 20.7934341431, 5.74983501434, 55.1444396973, 100.248168945]]}, "spectral_energyband_middle_low": {"dmean2": 0.00389627926052, "median": 0.00808626413345, "min": 5.97409413605e-11, "dvar2": 2.03253803193e-05, "dvar": 8.26693394629e-06, "dmean": 0.00246887095273, "max": 0.0508431680501, "var": 3.21857623931e-05, "mean": 0.00902080256492}, "melbands_crest": {"dmean2": 4.69454574585, "median": 13.0820026398, "min": 3.29330277443, "dvar2": 17.9923591614, "dvar": 6.92871236801, "dmean": 2.92175078392, "max": 34.2342071533, "var": 24.444442749, "mean": 13.7416133881}, "spectral_kurtosis": {"dmean2": 4.77881288528, "median": 2.36182928085, "min": -1.18772161007, "dvar2": 26.1102046967, "dvar": 8.62493896484, "dmean": 2.70361065865, "max": 66.6821975708, "var": 16.8424968719, "mean": 3.51219677925}, "spectral_rms": {"dmean2": 0.000735792855266, "median": 0.00423204805702, "min": 5.91053719745e-07, "dvar2": 5.23756909843e-07, "dvar": 2.41529164668e-07, "dmean": 0.000480446615256, "max": 0.00808627344668, "var": 1.61764705808e-06, "mean": 0.00415037106723}, "zerocrossingrate": {"dmean2": 0.00870915316045, "median": 0.0498046875, "min": 0.00634765625, "dvar2": 6.94468253641e-05, "dvar": 6.21346116532e-05, "dmean": 0.0073742447421, "max": 0.24169921875, "var": 0.000654091010801, "mean": 0.0533872060478}, "silence_rate_60dB": {"dmean2": 0.0299794655293, "median": 0, "min": 0, "dvar2": 0.0325664207339, "dvar": 0.014765211381, "dmean": 0.0149881942198, "max": 1, "var": 0.0392803288996, "mean": 0.0409566834569}, "erbbands_kurtosis": {"dmean2": 1.88032603264, "median": -0.384615957737, "min": -1.93438029289, "dvar2": 11.9438009262, "dvar": 5.39502048492, "dmean": 1.22405064106, "max": 54.2076148987, "var": 15.9578275681, "mean": 1.06750404835}, "erbbands": {"dmean2": [0.0244957581162, 0.519452571869, 1.85952174664, 5.04409694672, 6.05928421021, 4.37887382507, 7.57525587082, 8.82371234894, 5.57651042938, 11.7020149231, 10.046792984, 16.2432765961, 15.0839080811, 15.0268974304, 13.3202705383, 9.29741191864, 10.5193748474, 11.8647994995, 18.7206935883, 45.2764549255, 30.2833900452, 37.6546936035, 28.5406188965, 18.3687152863, 13.5801706314, 12.2588443756, 7.83712768555, 3.64637804031, 1.87396466732, 1.24663853645, 0.483325183392, 0.129691839218, 0.0201445240527, 0.00214421749115, 0.000377199787181, 7.26982907508e-05, 1.61366151588e-05, 3.07687491841e-06, 3.68597579836e-06, 7.80747905083e-06], "median": [0.0171009413898, 0.305624455214, 1.19035327435, 2.88639307022, 4.52145385742, 3.52206659317, 4.77092075348, 5.6511592865, 3.84349679947, 7.99654340744, 5.938393116, 8.2926940918, 8.42669296265, 8.1405878067, 5.3722858429, 3.44934105873, 3.52632284164, 4.17163562775, 6.58434963226, 7.68063735962, 8.12564277649, 8.05201911926, 10.6024188995, 9.23674583435, 9.16967773438, 9.00565814972, 6.99905014038, 3.14348888397, 1.52595150471, 0.690727233887, 0.211192250252, 0.0388640910387, 0.00656208302826, 0.00130929460283, 0.000409066764405, 0.000119051575894, 2.68228650384e-05, 5.03959836351e-06, 1.02743942989e-05, 2.19102312258e-05], "min": [4.21638113313e-10, 1.98785365946e-09, 3.2610016909e-09, 2.51859120226e-08, 6.85829206759e-08, 3.58778642351e-08, 2.57187036112e-08, 6.44400799388e-08, 1.94117191654e-07, 1.71092821688e-07, 5.77935672652e-08, 1.32488708005e-07, 3.09450427949e-07, 8.98705820873e-07, 1.47445817333e-07, 4.95733786465e-07, 1.06323898308e-06, 1.8370482735e-07, 4.1677782292e-07, 4.44537221256e-07, 4.34073598399e-07, 5.20364380918e-07, 5.45932209661e-07, 3.51775753415e-07, 8.39860149426e-07, 8.93195419849e-07, 6.55135750094e-07, 2.97619180856e-07, 3.14806783308e-07, 6.28631994459e-07, 4.15179215452e-07, 5.08403900312e-07, 5.34963191967e-07, 2.88161857043e-07, 1.3844804414e-07, 8.51171293448e-08, 7.33470955083e-08, 1.81430444002e-08, 3.30148064442e-09, 2.42780850979e-10], "dvar2": [0.00136991811451, 0.600030660629, 7.66924667358, 60.3731536865, 104.133140564, 48.6886253357, 149.023391724, 239.546798706, 146.194412231, 536.862792969, 462.695587158, 1329.95703125, 1253.72998047, 1311.91162109, 1237.2911377, 674.347045898, 625.809143066, 809.413452148, 1799.85693359, 16829.90625, 6017.05664063, 9420.8515625, 4111.09277344, 1955.90368652, 827.680358887, 749.371948242, 230.753997803, 101.855239868, 29.3861465454, 36.0523490906, 16.4319381714, 3.05549693108, 0.0332117117941, 0.000178831469384, 5.60728267374e-06, 1.33187754159e-07, 3.90071003276e-10, 2.3239542235e-11, 2.02755954387e-11, 7.4082712187e-11], "dvar": [0.000484020420117, 0.255061119795, 2.82342886925, 21.869884491, 39.0153198242, 24.1627120972, 74.2594299316, 121.912742615, 73.2266845703, 261.401611328, 227.073791504, 723.123779297, 783.474365234, 747.427734375, 758.371704102, 361.737365723, 283.827880859, 370.508636475, 801.020629883, 7495.02929688, 2567.97558594, 4060.35302734, 1750.55249023, 1043.46276855, 347.407104492, 341.221923828, 116.066070557, 44.5530471802, 13.5996637344, 15.4454860687, 8.03100776672, 1.08727610111, 0.015696791932, 9.20202000998e-05, 2.95972517961e-06, 5.66241986633e-08, 1.58368831937e-10, 1.02556374851e-11, 9.28157117136e-12, 3.26415942886e-11], "dmean": [0.0148593243212, 0.331412672997, 1.1369304657, 3.00436687469, 3.66624927521, 2.87789678574, 5.0222158432, 5.84449958801, 3.4853887558, 7.72686243057, 6.68458223343, 11.1788263321, 10.4128189087, 10.2666559219, 9.37425136566, 6.26288938522, 6.86802625656, 7.86644077301, 12.3785934448, 29.9444656372, 19.3677310944, 24.1128692627, 18.0187397003, 12.1970100403, 8.77080917358, 8.10307216644, 5.19465494156, 2.40328121185, 1.26174855232, 0.805129528046, 0.326846063137, 0.0832602754235, 0.0136427450925, 0.00150654907338, 0.000246692041401, 4.40763978986e-05, 9.76283808996e-06, 1.93867981579e-06, 2.41708130488e-06, 5.0377034313e-06], "max": [0.293890237808, 9.26704311371, 20.8974246979, 63.9784736633, 160.116744995, 141.804016113, 191.654067993, 302.9659729, 326.980407715, 562.804321289, 542.209289551, 976.012023926, 1498.21533203, 949.808837891, 904.114685059, 931.993225098, 671.021911621, 572.558227539, 614.408996582, 1861.7911377, 1187.70727539, 1049.71655273, 916.918823242, 1196.00134277, 549.24407959, 486.259094238, 368.583740234, 294.780731201, 180.296920776, 164.685836792, 243.229644775, 84.8813247681, 9.85343074799, 0.672641992569, 0.109965734184, 0.0207556784153, 0.000675105606206, 0.000201925286092, 8.88716240297e-05, 7.43206765037e-05], "var": [0.00116050464567, 0.736413955688, 5.55934047699, 53.1873779297, 74.1597900391, 86.0498275757, 395.264282227, 551.26348877, 149.692703247, 581.581298828, 1095.40209961, 4620.12060547, 7142.99316406, 3574.96777344, 4481.53173828, 1433.18078613, 636.617004395, 979.693481445, 2254.80688477, 20426.125, 6999.875, 11432.0888672, 4709.80517578, 3773.57348633, 826.988342285, 900.650817871, 366.822814941, 123.262123108, 38.9520378113, 35.8246574402, 19.5290966034, 2.15725851059, 0.0321590155363, 0.000190324499272, 6.77320031173e-06, 9.95231630441e-08, 3.60350277395e-10, 3.48048083409e-11, 4.79544008669e-11, 1.70724198667e-10], "mean": [0.0294573158026, 0.656978785992, 1.98076629639, 5.52141523361, 6.91047859192, 6.36856937408, 12.7178125381, 13.3287334442, 6.69904279709, 15.5271263123, 16.3449001312, 29.8483505249, 26.0849475861, 23.8381538391, 21.1616687775, 12.5099067688, 12.5577611923, 15.4378929138, 24.4573459625, 55.7219200134, 38.8699493408, 47.3993988037, 35.5540008545, 25.5561466217, 18.0412693024, 17.6782608032, 11.930308342, 5.66588592529, 2.91725730896, 1.69359493256, 0.633950412273, 0.157040923834, 0.0280976202339, 0.00361274112947, 0.00064739579102, 0.000136690723593, 2.92277636618e-05, 6.29270834906e-06, 1.14769100037e-05, 2.34838717006e-05]}, "spectral_strongpeak": {"dmean2": 1.06933104992, "median": 0.577899515629, "min": 0, "dvar2": 4.2941827774, "dvar": 1.82669758797, "dmean": 0.636850595474, "max": 15.5651702881, "var": 4.07752037048, "mean": 1.3519179821}, "spectral_energy": {"dmean2": 0.00656054681167, "median": 0.0183579847217, "min": 3.58078094953e-10, "dvar2": 5.03216142533e-05, "dvar": 2.1369629394e-05, "dmean": 0.00420727673918, "max": 0.0670225173235, "var": 0.000106912120827, "mean": 0.0193141996861}, "average_loudness": 0.864660799503, "spectral_rolloff": {"dmean2": 611.965270996, "median": 990.52734375, "min": 107.666015625, "dvar2": 685309.3125, "dvar": 332482.9375, "dmean": 372.560668945, "max": 12726.1230469, "var": 1145291.625, "mean": 1408.70605469}, "spectral_centroid": {"dmean2": 363.417114258, "median": 1464.32629395, "min": 166.146713257, "dvar2": 161241.75, "dvar": 84114.59375, "dmean": 244.031768799, "max": 10561.5078125, "var": 449736.09375, "mean": 1515.10876465}, "pitch_salience": {"dmean2": 0.106530323625, "median": 0.538161873817, "min": 0.0481223799288, "dvar2": 0.00927350204438, "dvar": 0.00374821992591, "dmean": 0.0672781616449, "max": 0.934143781662, "var": 0.0134378587827, "mean": 0.533184885979}, "spectral_energyband_middle_high": {"dmean2": 0.00266060326248, "median": 0.00243399711326, "min": 1.22604468245e-10, "dvar2": 2.00790673262e-05, "dvar": 9.71353620116e-06, "dmean": 0.00178733933717, "max": 0.0383049659431, "var": 5.03821647726e-05, "mean": 0.0057031698525}, "spectral_contrast_coeffs": {"dmean2": [0.0809372887015, 0.0722146332264, 0.0611264444888, 0.0503803379834, 0.0376575067639, 0.0320784263313], "median": [-0.628365755081, -0.721708059311, -0.752830862999, -0.788320839405, -0.788354635239, -0.612072348595], "min": [-0.973189949989, -0.948176383972, -0.97255885601, -0.957301974297, -0.962907075882, -0.96246522665], "dvar2": [0.00430465955287, 0.00344208045863, 0.00234837154858, 0.00180882331915, 0.0010864023352, 0.000920191116165], "dvar": [0.00166465481743, 0.00143968022894, 0.00101110781543, 0.000780322472565, 0.00051627488574, 0.000462799012894], "dmean": [0.0492822192609, 0.0448288358748, 0.0383014976978, 0.0318262763321, 0.0239005293697, 0.0211284533143], "max": [-0.31615409255, -0.300068706274, -0.40787550807, -0.510598540306, -0.539441466331, -0.431649148464], "var": [0.00565451337025, 0.00906756799668, 0.00671708909795, 0.00528663210571, 0.00358262658119, 0.00317933317274], "mean": [-0.623434185982, -0.705900371075, -0.741919577122, -0.770363032818, -0.772654056549, -0.620380401611]}, "melbands_skewness": {"dmean2": 1.05550181866, "median": 2.48746824265, "min": -4.17773771286, "dvar2": 1.26290225983, "dvar": 0.594434976578, "dmean": 0.695181488991, "max": 12.02257061, "var": 3.2937939167, "mean": 2.61817622185}, "spectral_spread": {"dmean2": 399927.5625, "median": 3091137, "min": 889448.375, "dvar2": 288076431360, "dvar": 203885985792, "dmean": 256872.671875, "max": 39865852, "var": 551729364992, "mean": 3017212.5}, "dissonance": {"dmean2": 0.0263549685478, "median": 0.474901199341, "min": 0.172350510955, "dvar2": 0.000959749449976, "dvar": 0.000361454352969, "dmean": 0.0159353576601, "max": 0.5, "var": 0.00118210888468, "mean": 0.464835971594}, "spectral_skewness": {"dmean2": 0.527777671814, "median": 0.775776863098, "min": -1.02848160267, "dvar2": 0.249670833349, "dvar": 0.0866830423474, "dmean": 0.308606952429, "max": 6.32962322235, "var": 0.274424910545, "mean": 0.873975038528}, "spectral_flux": {"dmean2": 0.0272234808654, "median": 0.0585169419646, "min": 1.89229522221e-05, "dvar2": 0.000673747854307, "dvar": 0.000302230357192, "dmean": 0.0173676684499, "max": 0.223512217402, "var": 0.000926330510993, "mean": 0.0634026899934}, "spectral_contrast_valleys": {"dmean2": [0.658584654331, 0.563539981842, 0.53763538599, 0.472812414169, 0.36913010478, 0.281000047922], "median": [-7.32004976273, -6.89227628708, -7.58637332916, -7.93992805481, -7.3102645874, -12.278134346], "min": [-27.5208854675, -27.5770301819, -26.9894046783, -27.5080833435, -27.1678371429, -27.1236877441], "dvar2": [0.304912805557, 0.245505854487, 0.226665452123, 0.224057197571, 0.155778571963, 0.10107498616], "dvar": [0.13673171401, 0.117380172014, 0.118912197649, 0.129427194595, 0.0968956723809, 0.0607225224376], "dmean": [0.395641833544, 0.348609387875, 0.33917081356, 0.311504930258, 0.254415839911, 0.194913893938], "max": [-5.63469171524, -5.18858909607, -5.63080596924, -5.87211894989, -5.68841981888, -8.73115634918], "var": [1.00381100178, 0.767795085907, 0.776357769966, 0.788484573364, 0.641156494617, 0.344498068094], "mean": [-7.57724285126, -7.05588817596, -7.70596647263, -8.01298236847, -7.43427562714, -12.2205886841]}, "erbbands_flatness_db": {"dmean2": 0.021361688152, "median": 0.218867197633, "min": 0.0709570273757, "dvar2": 0.000525941024534, "dvar": 0.000281306274701, "dmean": 0.0146842058748, "max": 0.45250198245, "var": 0.00234829098918, "mean": 0.230165034533}, "spectral_energyband_high": {"dmean2": 0.000254730053712, "median": 0.000284200330498, "min": 1.52708262702e-10, "dvar2": 3.79421095431e-07, "dvar": 1.96183563617e-07, "dmean": 0.000175324574229, "max": 0.0174394268543, "var": 7.37027676223e-07, "mean": 0.000484149961267}, "spectral_entropy": {"dmean2": 0.196158707142, "median": 7.38645362854, "min": 5.01072597504, "dvar2": 0.042224470526, "dvar": 0.0231204498559, "dmean": 0.136869519949, "max": 9.81565666199, "var": 0.196237012744, "mean": 7.28324842453}, "silence_rate_20dB": {"dmean2": 0, "median": 1, "min": 1, "dvar2": 0, "dvar": 0, "dmean": 0, "max": 1, "var": 0, "mean": 1}, "melbands_flatness_db": {"dmean2": 0.0334202237427, "median": 0.227478712797, "min": 0.0395801588893, "dvar2": 0.00106088479515, "dvar": 0.000520648376551, "dmean": 0.0228010565042, "max": 0.534848630428, "var": 0.0039480458945, "mean": 0.234766215086}, "barkbands": {"dmean2": [2.16761918637e-06, 0.00187938008457, 0.00189121474978, 0.00221599987708, 0.00136567791924, 0.00117754738312, 0.000613918586168, 0.000390350585803, 0.00080275995424, 0.000457727233879, 0.000424303958425, 0.000256905332208, 0.00025860813912, 0.000279626896372, 0.000730319297872, 0.000552609097213, 0.00072233506944, 0.000534505757969, 0.00029663569876, 0.000257955281995, 0.000135735899676, 4.85915406898e-05, 2.24379582505e-05, 2.83891085928e-06, 9.52750198735e-08, 9.18550746576e-09, 1.59614454986e-09], "median": [1.13449686978e-06, 0.00106787285767, 0.000808995915577, 0.00132113671862, 0.00119470572099, 0.000766429759096, 0.000404790043831, 0.000186830206076, 0.000381701043807, 0.000198648194782, 0.000122639467008, 5.8708479628e-05, 6.78652431816e-05, 8.46969196573e-05, 0.000119523021567, 0.000119814445497, 0.000137410766911, 0.000207120203413, 0.00014821937657, 0.000198889465537, 0.000116003502626, 3.72238173441e-05, 1.04015362012e-05, 7.90446961219e-07, 7.20740871429e-08, 1.13985