{"tonal": {"thpcp": [1, 0.942098557949, 0.38797172904, 0.121566981077, 0.123753935099, 0.35147574544, 0.542767584324, 0.326134860516, 0.118188776076, 0.0993046462536, 0.112031437457, 0.245992869139, 0.347449064255, 0.249384537339, 0.362892627716, 0.528571665287, 0.306618541479, 0.123978532851, 0.153341516852, 0.185252010822, 0.481892466545, 0.960069000721, 0.732526957989, 0.223555386066, 0.124202899635, 0.125120311975, 0.462975531816, 0.924640953541, 0.692760765553, 0.358143091202, 0.272853136063, 0.12470408529, 0.164449945092, 0.240538671613, 0.22801373899, 0.484160959721], "hpcp": {"dmean2": [0.0903205052018, 0.0924277082086, 0.0630719587207, 0.057506095618, 0.0649409592152, 0.0894665420055, 0.106483884156, 0.103958360851, 0.104628771544, 0.0834452882409, 0.0870585590601, 0.0780251994729, 0.073718033731, 0.0982546955347, 0.150155395269, 0.142370060086, 0.159518733621, 0.113153077662, 0.075671993196, 0.0766854137182, 0.13384437561, 0.11792742461, 0.156628414989, 0.137631654739, 0.0936516746879, 0.0664568096399, 0.0767676234245, 0.0862439498305, 0.0992109403014, 0.144724264741, 0.16601087153, 0.129422530532, 0.134875565767, 0.0752913728356, 0.0643146261573, 0.0946196243167], "median": [0.0135747902095, 0.00880419649184, 0.00187428528443, 0.00120500964113, 0.00294963829219, 0.0147277005017, 0.0230536088347, 0.0193948298693, 0.00684267189354, 0.00336964428425, 0.0024548699148, 0.00150553858839, 0.00125438300893, 0.00410115625709, 0.0364342927933, 0.0579195842147, 0.0374339595437, 0.00636971183121, 0.00170525512658, 0.00317952362821, 0.0204597637057, 0.0320051237941, 0.0236037522554, 0.00618879776448, 0.00383251300082, 0.00371145457029, 0.00496504828334, 0.00665656663477, 0.0106950495392, 0.0434700064361, 0.0612231343985, 0.0345642119646, 0.00536630302668, 0.00156281050295, 0.00222169468179, 0.00839128345251], "min": [0, 0, 0, 0, 0, 0, 0, 0, 0, 0, 0, 0, 0, 0, 0, 0, 0, 0, 0, 0, 0, 0, 0, 0, 0, 0, 0, 0, 0, 0, 0, 0, 0, 0, 0, 0], "dvar2": [0.039672985673, 0.0390046685934, 0.0326454639435, 0.0280660688877, 0.0296807587147, 0.0333220399916, 0.0427951328456, 0.0450039580464, 0.0490279868245, 0.0458174310625, 0.0459969826043, 0.0492293685675, 0.0445722565055, 0.0568143837154, 0.0679109990597, 0.0689585134387, 0.0773889869452, 0.0574276186526, 0.0472759380937, 0.0450119487941, 0.064756937325, 0.0658557265997, 0.0746074467897, 0.0803746432066, 0.0508226715028, 0.0408062711358, 0.0453404225409, 0.0490395352244, 0.0511685088277, 0.0605513937771, 0.0762248113751, 0.0593798346817, 0.0639645829797, 0.0440628901124, 0.0306292455643, 0.0431755632162], "dvar": [0.0165646113455, 0.0149418190122, 0.0122425397858, 0.0108092492446, 0.0112551460043, 0.0125214504078, 0.0170001164079, 0.0166780948639, 0.0186198428273, 0.0183921009302, 0.0171314701438, 0.0172575190663, 0.0166690219194, 0.0211889669299, 0.0246107596904, 0.0277242772281, 0.0288630314171, 0.0209998749197, 0.0170872528106, 0.0162738487124, 0.0227126516402, 0.0270101465285, 0.0276039931923, 0.0292560234666, 0.0200017020106, 0.0137649662793, 0.0152834085748, 0.0179176609963, 0.0191106628627, 0.0221758130938, 0.0288407225162, 0.0238954108208, 0.022762503475, 0.0156915225089, 0.0111814942211, 0.0157301425934], "dmean": [0.0539724119008, 0.0541899986565, 0.0355560258031, 0.0324522927403, 0.0364338718355, 0.052144639194, 0.0637366995215, 0.0606095269322, 0.0604268945754, 0.0481583960354, 0.0498380474746, 0.0425382740796, 0.0412332080305, 0.0555432215333, 0.087371557951, 0.0853199064732, 0.0925589874387, 0.0633405447006, 0.041478715837, 0.0426118671894, 0.0758389309049, 0.0694089978933, 0.0896769687533, 0.0785455852747, 0.0536939464509, 0.0366350784898, 0.0429367348552, 0.0490559078753, 0.0563168078661, 0.0841824114323, 0.096680983901, 0.0753419548273, 0.0752470344305, 0.0409850180149, 0.0360560752451, 0.0553497821093], "max": [1, 1, 1, 1, 1, 1, 1, 1, 1, 1, 1, 1, 1, 1, 1, 1, 1, 1, 1, 1, 1, 1, 1, 1, 1, 1, 1, 1, 1, 1, 1, 1, 1, 1, 1, 1], "var": [0.085600681603, 0.0334451682866, 0.0133615778759, 0.0107323592529, 0.0103992633522, 0.0169162228703, 0.0295411478728, 0.0195261854678, 0.0408821664751, 0.0995793640614, 0.035886388272, 0.0144528532401, 0.0206572748721, 0.0207726601511, 0.0378126241267, 0.134176015854, 0.0941133871675, 0.019889542833, 0.0164463575929, 0.0133391199633, 0.0388062931597, 0.147633865476, 0.0866436958313, 0.043171711266, 0.0348980613053, 0.0123548582196, 0.0151923326775, 0.0306670013815, 0.0257066059858, 0.0370387583971, 0.129137307405, 0.143292367458, 0.0370753966272, 0.0150400400162, 0.0136690251529, 0.0363491475582], "mean": [0.148488134146, 0.0892226397991, 0.0323336012661, 0.0271673575044, 0.0306491013616, 0.067297719419, 0.0950536876917, 0.0682255998254, 0.0992786809802, 0.144604474306, 0.0838834419847, 0.0339175388217, 0.0419505424798, 0.0506804846227, 0.131834164262, 0.262651741505, 0.200401723385, 0.0611593648791, 0.0339789204299, 0.0342299006879, 0.126658946276, 0.252959489822, 0.189522653818, 0.0979793220758, 0.0746460407972, 0.0341160334647, 0.044989541173, 0.0658055841923, 0.062379065901, 0.132454767823, 0.273575901985, 0.257735460997, 0.106139719486, 0.0332577973604, 0.0338560938835, 0.0961552932858]}, "tuning_equal_tempered_deviation": 0.0294487476349, "chords_changes_rate": 0.035908780992, "key_key": "G", "tuning_diatonic_strength": 0.667958021164, "key_scale": "major", "chords_number_rate": 0.00170183798764, "tuning_frequency": 438.984558105, "tuning_nontempered_energy_ratio": 0.684062540531, "chords_histogram": [28.0122528076, 2.17835259438, 10.6364870071, 0, 4.59496259689, 0.612661659718, 0.459496259689, 0, 0, 0, 0, 0, 0, 0.0510551407933, 0, 1.259360075, 0, 3.47174954414, 0.442477881908, 4.98638534546, 0.272294074297, 11.0449285507, 11.742682457, 20.2348537445], "key_strength": 0.721721172333, "chords_key": "G", "chords_strength": {"dmean2": 0.00624033436179, "median": 0.534484386444, "min": 0.230537503958, "dvar2": 3.52119132003e-05, "dvar": 3.99333584937e-05, "dmean": 0.00700239604339, "max": 0.783924281597, "var": 0.00869226735085, "mean": 0.534616172314}, "chords_scale": "major", "hpcp_entropy": {"dmean2": 0.95557320118, "median": 1.70495450497, "min": 0, "dvar2": 0.681416928768, "dvar": 0.256805330515, "dmean": 0.565250635147, "max": 3.99036383629, "var": 0.559354424477, "mean": 1.69030725956}}, "metadata": {"audio_properties": {"equal_loudness": 0, "codec": "mp3", "downmix": "mix", "sample_rate": 44100, "analysis_sample_rate": 44100, "bit_rate": 192000, "md5_encoded": "a84b0c68e99adde066f3c0a267737265", "length": 272.796722412, "replay_gain": -5.86015319824, "lossless": false}, "version": {"essentia_build_sha": "2d9f1f26377add8aeb1075a9c2973f962c4f09fd", "essentia": "2.1-beta2", "extractor": "music 1.0", "essentia_git_sha": "v2.1_beta2-1-ge3940c0"}, "tags": {"title": ["Nothing Takes the Place of You"], "acoustid_fingerprint": ["AQABz06YRgkJT8px5CN3yFNY5PiOihrOw7fw4_h25NDxI7iPHyd-fMc_PNqRG7qO9CFu_MOPa8H3FT5yHNpbfLiSIlai4HRShPOM5j10_DCV4CJwHVeiBIrxHJ_yQaiNuziAHG7xw6IDvPiRQx9ywvnxo6IfPAifoqkO1ZnxHNqOt0d-XKUHpM2hywh_osf5ofqe4cLjL7gRJtscJGOPH3-IhxWa4zl8vEEIOdpwHjVSEf9h_jiO5zgPIz80fWmI7_hynDqao-SHK8uL9rCj4_PR8-geCz-SY9vxon-MH8f34Xh47D-6IYWmLzGe48-Ihm9RH3o64T9udCMbmBu-PDhgHb1y4eh2nPB7HNdxpM_h5_gRHz8eKYfzHG8GTT7-COWH_PBzuD9-VO3xZAuuiIh8HH9ChP8M_6j841I6nBce4cyLy5EQhssORc_Rn0irHFeO3MemBtfhGIc_4cR__BDf4kc-YftwKhJ65KETnB60Ph9Shzgj7Erw57g6HD-OH7BdCcdV48dvJE-YI6Su48yOdm3QjDzOWQsaMUdlEs-CE_mgXBd-1AYe3AfUdIdzQjeuwUd-PMfl4vCP2DiqPR304zvCPCiZ4TnyoxaPTzp05chB3IaN86B245-G93CPyqSRLxKSk8ezP5jYHf1SBT96odlzjMOPcD8OSISPU0j14-B-EC9uHGkObdfxC2FzNM2QH9oX5IweHBfY_ng04_DxHr0c4ziTG20enB9-Ba6y7DiFo8KF58ibEkeTO-h1zEe3o-EknLjRyNFw5bgEPSMuhUe0LI5xos2OOjnO4jnSPCHEBPmCNkedPPhx5ogTxoKykDnyDP8PPzm-w_pRHU90_PgJn8EeHD_e4SlCJishKkd15Mdf7B4uKQ8-Gt2PT_hhBD-AGz_EH4cxjka-4kN-9A_0FPlI-Lgz48_x7REmTbhS4noOGM8RdkgcpcGdHM-ooYl7fMf3431wXXh1_GhCD1eWIcdOQ0-O80JzXIWPUgp-o3s-fArSwJtwXMSP_0jlQ8eN8PiHPkcajoc2xHOPv6h5PDnOY_zhJNqFp-hTPCXmo33BUMlx5UF-JH3Q8wCjCDARGKKANIM58YhAACBJFGFGAYIYAIoJAxCxVAxWGECEQIAsYggY4EgAADHyGALCAKWYdEAICoAGwjgmgECIQICYQwxbo4EhSAABhEEKAAGEI4IBZQ0CQABiEDFQQhIUFBIiQgwRCDBFBHAQGMEdoMQA8xgADjEmDAGCOCiMMEAIBKFkgBBijQDGI2YIAUoQIqghhAAAhAEQECCJAQYAwxhwiBBgEAOACUCQIM05BAkCCCmjDHAAAsWgIMRwxpQBRClGFUPOAAEIIwgpRphBwEjFgCRCCQwYEsQAQJhSQjEDHEkKOJGEQmYIAASDhBABhAEIMUuMJMYJQZRgHDGBqGJCSmcZYUIQZhhzAjBliGAAGAMAAAIIAjECSBMBDBAWKSiNYYQAYoBhjkACrADKAUABYEYCIABRAAEHhKCAIeIMEURRAZBwyC2jiEGGAUsMogoJQASRwCIDjDDMGIQMMoQgxTRVCGFjhAM"], "date": ["1976"], "genre": ["Soul"], "musicbrainz album type": ["Compilation"], "musicip_puid": ["6389a778-2b3d-ea22-7341-036a665934a1"], "musicbrainz_recordingid": ["07f613ea-0324-4201-9b38-1221bab243e2"], "musicbrainz_albumid": ["eb052b03-2072-422d-afca-ac85f5cc39dd"], "artist": ["Al Green"], "tracknumber": ["08"], "bpm": ["123.39"], "album": ["The Immortal Soul of al Green (Disc 4)"], "acoustid_id": ["02dfdafd-df88-47fd-8fce-bc91c6bfa016"], "file_name": "Al Green - Nothing Takes the Place of You.mp3"}}, "rhythm": {"bpm_histogram_first_peak_bpm": {"dmean2": 0, "median": 123, "min": 123, "dvar2": 0, "dvar": 0, "dmean": 0, "max": 123, "var": 0, "mean": 123}, "bpm": 123.134429932, "bpm_histogram_second_peak_spread": {"dmean2": 0, "median": 0.33333337307, "min": 0.33333337307, "dvar2": 0, "dvar": 0, "dmean": 0, "max": 0.33333337307, "var": 0, "mean": 0.33333337307}, "bpm_histogram_first_peak_weight": {"dmean2": 0, "median": 0.515260338783, "min": 0.515260338783, "dvar2": 0, "dvar": 0, "dmean": 0, "max": 0.515260338783, "var": 0, "mean": 0.515260338783}, "onset_rate": 2.81513309479, "beats_position": [0.487619042397, 0.975238084793, 1.46285712719, 1.95047616959, 2.42648530006, 2.90249419212, 3.39011335373, 3.87773227692, 4.35374164581, 4.82975053787, 5.30575942993, 5.78176879883, 6.26938772202, 6.74539661407, 7.22140598297, 7.69741487503, 8.17342376709, 8.64943313599, 9.12544155121, 9.61306095123, 10.1006803513, 10.5766887665, 11.0526981354, 11.5287075043, 12.0047159195, 12.4923353195, 12.9799547195, 13.4559631348, 13.9319725037, 14.4079818726, 14.8839902878, 15.3599996567, 15.8360090256, 16.3004074097, 16.7880268097, 17.2756462097, 17.7632656097, 18.2508831024, 18.7385025024, 19.2261219025, 19.7137413025, 20.1897506714, 20.6773700714, 21.1649875641, 21.6526069641, 22.128616333, 22.616235733, 23.0922451019, 23.5682544708, 24.0558719635, 24.5434913635, 25.0311107635, 25.5187301636, 25.9947395325, 26.470746994, 26.9351463318, 27.4111557007, 27.8871650696, 28.3747844696, 28.8624038696, 29.3384113312, 29.8260307312, 30.3020401001, 30.7896595001, 31.265668869, 31.7416782379, 32.2176856995, 32.6936950684, 33.1697044373, 33.6457138062, 34.1333312988, 34.5977325439, 35.0853500366, 35.572971344, 36.0489807129, 36.5249862671, 37.000995636, 37.4653968811, 37.94140625, 38.4058036804, 38.8818130493, 39.3578224182, 39.8454399109, 40.3214492798, 40.7974586487, 41.2734680176, 41.7494773865, 42.2370948792, 42.7247161865, 43.2123336792, 43.6883430481, 44.164352417, 44.6403617859, 45.1163711548, 45.6039886475, 46.0799980164, 46.5560073853, 47.0436286926, 47.5312461853, 47.9956436157, 48.4600448608, 48.9476623535, 49.4352836609, 49.9229011536, 50.4105224609, 50.8865280151, 51.362537384, 51.8501586914, 52.3261680603, 52.8021774292, 53.2781867981, 53.7541923523, 54.2418136597, 54.7294311523, 55.2054405212, 55.6814498901, 56.1690673828, 56.6450767517, 57.1210861206, 57.608707428, 58.0963249207, 58.5955543518, 59.0831718445, 59.5707931519, 60.0468025208, 60.5344200134, 61.0220413208, 61.5096588135, 61.9856681824, 62.4616775513, 62.9492950439, 63.4369163513, 63.924533844, 64.4121551514, 64.8881607056, 65.3641738892, 65.8517913818, 66.3394088745, 66.8270263672, 67.3146438599, 67.8022689819, 68.2898864746, 68.7775039673, 69.26512146, 69.7527389526, 70.2403640747, 70.7163696289, 71.1923828125, 71.6800003052, 72.1676177979, 72.6436233521, 73.1196365356, 73.6072540283, 74.094871521, 74.5824966431, 75.0701141357, 75.5577316284, 76.0337371826, 76.5097503662, 76.9857559204, 77.4733810425, 77.9609985352, 78.4486160278, 78.924621582, 79.4122467041, 79.8998641968, 80.3874816895, 80.8750991821, 81.3511123657, 81.8271179199, 82.3147354126, 82.7907485962, 83.2667541504, 83.742767334, 84.2187728882, 84.6947860718, 85.170791626, 85.6468048096, 86.1228103638, 86.598815918, 87.0748291016, 87.5624465942, 88.0384597778, 88.514465332, 89.0020828247, 89.4780960083, 89.9541015625, 90.4417190552, 90.9177322388, 91.393737793, 91.8697509766, 92.3457565308, 92.8333740234, 93.3209991455, 93.8086166382, 94.2846221924, 94.760635376, 95.2366409302, 95.7126541138, 96.2002716064, 96.6878890991, 97.1755065918, 97.6515197754, 98.1275253296, 98.6035385132, 99.0795440674, 99.555557251, 100.031562805, 100.519180298, 101.006797791, 101.494422913, 101.982040405, 102.469657898, 102.957275391, 103.444892883, 103.932518005, 104.40852356, 104.884536743, 105.372154236, 105.84815979, 106.324172974, 106.811790466, 107.299407959, 107.787025452, 108.274642944, 108.750656128, 109.238273621, 109.714286804, 110.201904297, 110.68952179, 111.165527344, 111.641540527, 112.12915802, 112.605171204, 113.081176758, 113.56879425, 114.056411743, 114.555641174, 115.054870605, 115.554100037, 116.041717529, 116.529342651, 117.016960144, 117.516189575, 118.015419006, 118.503036499, 118.979042053, 119.466667175, 119.954284668, 120.441902161, 120.929519653, 121.417137146, 121.881538391, 122.357551575, 122.833557129, 123.321174622, 123.808792114, 124.296417236, 124.784034729, 125.271652222, 125.759269714, 126.246894836, 126.734512329, 127.222129822, 127.709747314, 128.185760498, 128.673370361, 129.172607422, 129.671829224, 130.159454346, 130.647079468, 131.134689331, 131.622314453, 132.121536255, 132.609161377, 133.09677124, 133.572784424, 134.060409546, 134.548019409, 135.024032593, 135.511657715, 135.999267578, 136.4868927, 136.974502563, 137.462127686, 137.949752808, 138.437362671, 138.924987793, 139.412597656, 139.900222778, 140.411056519, 140.898681641, 141.386306763, 141.873916626, 142.361541748, 142.849151611, 143.348388672, 143.847610474, 144.335235596, 144.834457397, 145.333694458, 145.82131958, 146.308929443, 146.796554565, 147.284164429, 147.771789551, 148.259414673, 148.747024536, 149.234649658, 149.722259521, 150.233108521, 150.720718384, 151.208343506, 151.695953369, 152.183578491, 152.682815552, 153.182037354, 153.669662476, 154.157272339, 154.656509399, 155.144119263, 155.643356323, 156.154190063, 156.653427124, 157.152648926, 157.640274048, 158.127883911, 158.627120972, 159.126342773, 159.625579834, 160.124801636, 160.612426758, 161.100036621, 161.587661743, 162.075286865, 162.562896729, 163.050521851, 163.549743652, 164.048980713, 164.548202515, 165.047439575, 165.535049438, 166.034286499, 166.533508301, 167.021133423, 167.520355225, 168.019592285, 168.507202148, 168.994827271, 169.482452393, 169.970062256, 170.457687378, 170.945297241, 171.432922363, 171.932144165, 172.419769287, 172.919006348, 173.406616211, 173.905853271, 174.405075073, 174.892700195, 175.380310059, 175.879547119, 176.378768921, 176.866394043, 177.354003906, 177.853240967, 178.352462769, 178.840087891, 179.327713013, 179.826934814, 180.326171875, 180.825393677, 181.324615479, 181.812240601, 182.311477661, 182.810699463, 183.298324585, 183.785934448, 184.285171509, 184.784393311, 185.283630371, 185.782852173, 186.270477295, 186.758087158, 187.257324219, 187.756546021, 188.26739502, 188.766616821, 189.265853882, 189.753463745, 190.241088867, 190.72869873, 191.216323853, 191.703948975, 192.191558838, 192.67918396, 193.166793823, 193.654418945, 194.142044067, 194.629653931, 195.117279053, 195.593276978, 196.069290161, 196.556915283, 197.044525146, 197.543762207, 198.042984009, 198.542221069, 199.041442871, 199.529067993, 200.028289795, 200.527526855, 201.015136719, 201.514373779, 202.013595581, 202.501220703, 202.988845825, 203.476455688, 203.975692749, 204.474914551, 204.962539673, 205.461761475, 205.960998535, 206.448608398, 206.936233521, 207.423858643, 207.923080444, 208.422302246, 208.921539307, 209.420761108, 209.90838623, 210.407608032, 210.906845093, 211.406066895, 211.905303955, 212.404525757, 212.903762817, 213.391372681, 213.890609741, 214.389831543, 214.877456665, 215.376678467, 215.875915527, 216.363540649, 216.851150513, 217.338775635, 217.826385498, 218.337234497, 218.82484436, 219.312469482, 219.811691284, 220.310928345, 220.798538208, 221.28616333, 221.785385132, 222.284622192, 222.772247314, 223.259857178, 223.759094238, 224.25831604, 224.757553101, 225.256774902, 225.744400024, 226.232009888, 226.71963501, 227.218856812, 227.718093872, 228.205703735, 228.693328857, 229.192550659, 229.69178772, 230.179412842, 230.667022705, 231.143035889, 231.630645752, 232.129882813, 232.617507935, 233.105117798, 233.604354858, 234.10357666, 234.591201782, 235.102035522, 235.601272583, 236.100494385, 236.588119507, 237.07572937, 237.574966431, 238.074188232, 238.561813354, 239.061035156, 239.53704834, 240.024673462, 240.512283325, 240.999908447, 241.487518311, 241.975143433, 242.462768555, 242.938766479, 243.414779663, 243.902404785, 244.401626587, 244.900863647, 245.388473511, 245.876098633, 246.363708496, 246.862945557, 247.362167358, 247.861404419, 248.360626221, 248.848251343, 249.335861206, 249.835098267, 250.334320068, 250.82194519, 251.309570313, 251.797180176, 252.284805298, 252.772415161, 253.260040283, 253.747665405, 254.235275269, 254.722900391, 255.210510254, 255.698135376, 256.185760498, 256.684997559, 257.184204102, 257.671844482, 258.171051025, 258.670288086, 259.157897949, 259.64553833, 260.133148193, 260.620758057, 261.119995117, 261.619232178, 262.106842041, 262.594451904, 263.093688965, 263.592926025, 264.092163086, 264.591369629, 265.07901001, 265.566619873, 266.054229736, 266.5418396, 267.02947998, 267.528717041, 268.027923584, 268.538757324, 269.061218262, 269.572052002, 270.094512939, 270.616943359, 271.139404297, 271.673461914, 272.207519531], "beats_loudness": {"dmean2": 0.0563490539789, "median": 0.0211733970791, "min": 2.49131176133e-07, "dvar2": 0.00299824168906, "dvar": 0.00116432865616, "dmean": 0.0314755178988, "max": 0.197088167071, "var": 0.00127959169913, "mean": 0.0360503122211}, "danceability": 1.044308424, "bpm_histogram_second_peak_weight": {"dmean2": 0, "median": 0.0143626574427, "min": 0.0143626574427, "dvar2": 0, "dvar": 0, "dmean": 0, "max": 0.0143626574427, "var": 0, "mean": 0.0143626574427}, "beats_count": 558, "bpm_histogram_second_peak_bpm": {"dmean2": 0, "median": 117, "min": 117, "dvar2": 0, "dvar": 0, "dmean": 0, "max": 117, "var": 0, "mean": 117}, "bpm_histogram_first_peak_spread": {"dmean2": 0, "median": 0.46355137229, "min": 0.46355137229, "dvar2": 0, "dvar": 0, "dmean": 0, "max": 0.46355137229, "var": 0, "mean": 0.46355137229}, "beats_loudness_band_ratio": {"dmean2": [0.396000027657, 0.212793603539, 0.170525446534, 0.155888497829, 0.0792592987418, 0.0678982660174], "median": [0.606485843658, 0.159342080355, 0.0681876018643, 0.0169174075127, 0.0116121750325, 0.0384477265179], "min": [0.0108317108825, 0.00451506348327, 0.000456818728708, 7.5057905633e-05, 3.75547570002e-05, 0.000361810351023], "dvar2": [0.0849065110087, 0.0286068413407, 0.0355423986912, 0.0626447796822, 0.023361550644, 0.00462689390406], "dvar": [0.0341120511293, 0.0113718649372, 0.0140013536438, 0.0219674352556, 0.00861596502364, 0.00173008115962], "dmean": [0.23743583262, 0.129038661718, 0.0994910597801, 0.0860100835562, 0.0436349399388, 0.0409694463015], "max": [0.993021190166, 0.768574118614, 0.775175213814, 0.810747683048, 0.782673835754, 0.347120165825], "var": [0.0620814152062, 0.0183425005525, 0.0149118909612, 0.0178873054683, 0.00654027983546, 0.00229401281103], "mean": [0.585673928261, 0.189305365086, 0.109069667757, 0.0667058750987, 0.0363365784287, 0.0523014441133]}}, "lowlevel": {"barkbands_spread": {"dmean2": 7.52852058411, "median": 7.79423809052, "min": 0.278540462255, "dvar2": 270.657806396, "dvar": 111.778266907, "dmean": 4.97153759003, "max": 113.271202087, "var": 184.231826782, "mean": 12.6348772049}, "melbands_spread": {"dmean2": 5.81421089172, "median": 6.53157901764, "min": 0.289482653141, "dvar2": 150.497650146, "dvar": 61.7796821594, "dmean": 3.8409948349, "max": 152.808013916, "var": 197.613632202, "mean": 12.0338029861}, "hfc": {"dmean2": 6.71541786194, "median": 3.20657968521, "min": 1.14505368116e-16, "dvar2": 258.66015625, "dvar": 121.307037354, "dmean": 4.67356395721, "max": 293.356842041, "var": 543.778747559, "mean": 11.6707687378}, "barkbands_kurtosis": {"dmean2": 9.87097454071, "median": 8.51158237457, "min": -1.9466034174, "dvar2": 427.531921387, "dvar": 174.851821899, "dmean": 6.48095560074, "max": 316.080871582, "var": 363.399139404, "mean": 14.2392969131}, "gfcc": {"mean": [-102.652061462, 137.885986328, -88.1998977661, 45.1375274658, -47.9432220459, 8.1928730011, -26.6934356689, 7.7011384964, -14.1867313385, -2.34445238113, -3.39499306679, -0.591034889221, -3.6559844017], "icov": [[0.000190000369912, -8.37321422296e-05, 0.000256425410043, -0.000183600728633, 0.000306947098579, -0.000279812869849, 7.08887455403e-05, -0.000197573448531, 0.000237842003116, -0.000244989059865, 8.74493271112e-05, 2.11435326491e-05, 7.30708707124e-05], [-8.37321422296e-05, 0.00421215454116, -0.00118731101975, 0.00292361387983, -0.00173057045322, 0.00254646874964, -0.00190474605188, 0.00274938624352, -0.00298530166037, 0.00445959530771, -0.0049949195236, 0.00431799096987, -0.00247475318611], [0.000256425410043, -0.00118731101975, 0.00122578931041, -0.00114283908624, 0.000695804366842, -0.00100494897924, 0.000796766078565, -0.000867795199156, 0.00103064766154, -0.00194288999774, 0.00204441696405, -0.00155822758097, 0.0010013137944], [-0.000183600728633, 0.00292361387983, -0.00114283908624, 0.00465806480497, -0.0010952987941, 0.00208634627052, -0.00107660482172, 0.00155258376617, -0.00270862155594, 0.00328215444461, -0.00440573459491, 0.00322401593439, -0.00199731066823], [0.000306947098579, -0.00173057045322, 0.000695804366842, -0.0010952987941, 0.00375124299899, -0.000866748567205, -8.91435338417e-05, -0.000104981874756, 0.000872497621458, -0.00164246070199, 0.00202305917628, -0.00126378831919, 0.000922674662434], [-0.000279812869849, 0.00254646874964, -0.00100494897924, 0.00208634627052, -0.000866748567205, 0.00488787237555, -0.000918134930544, 0.00120810745284, -0.000227586337132, 0.00271668867208, -0.00254052877426, 0.00287926057354, -0.00136865943205], [7.08887455403e-05, -0.00190474605188, 0.000796766078565, -0.00107660482172, -8.91435338417e-05, -0.000918134930544, 0.00569519866258, -0.000381609104807, 0.00148916000035, -0.00134280894417, 0.00154085352551, -0.00115725724027, 0.000756451918278], [-0.000197573448531, 0.00274938624352, -0.000867795199156, 0.00155258376617, -0.000104981874756, 0.00120810745284, -0.000381609104807, 0.00962282437831, -0.00420783273876, 0.00351820746437, -0.00186549278442, 0.00178115407471, -0.000680431607179], [0.000237842003116, -0.00298530166037, 0.00103064766154, -0.00270862155594, 0.000872497621458, -0.000227586337132, 0.00148916000035, -0.00420783273876, 0.0131025817245, -0.00479122204706, 0.00183353724424, 0.000749637256376, -0.000425466540037], [-0.000244989059865, 0.00445959530771, -0.00194288999774, 0.00328215444461, -0.00164246070199, 0.00271668867208, -0.00134280894417, 0.00351820746437, -0.00479122204706, 0.0151586299762, -0.00619071396068, 0.00253838580102, -0.000819509383291], [8.74493271112e-05, -0.0049949195236, 0.00204441696405, -0.00440573459491, 0.00202305917628, -0.00254052877426, 0.00154085352551, -0.00186549278442, 0.00183353724424, -0.00619071396068, 0.0160868056118, -0.00904203299433, 0.00309901731089], [2.11435326491e-05, 0.00431799096987, -0.00155822758097, 0.00322401593439, -0.00126378831919, 0.00287926057354, -0.00115725724027, 0.00178115407471, 0.000749637256376, 0.00253838580102, -0.00904203299433, 0.0169334243983, -0.00636805174872], [7.30708707124e-05, -0.00247475318611, 0.0010013137944, -0.00199731066823, 0.000922674662434, -0.00136865943205, 0.000756451918278, -0.000680431607179, -0.000425466540037, -0.000819509383291, 0.00309901731089, -0.00636805174872, 0.0154315568507]], "cov": [[11346.3134766, -1996.7611084, -2195.68432617, 255.207870483, -1140.4510498, 787.858398438, -271.145751953, 357.524627686, -199.161315918, 10.72772789, 21.536359787, -32.4304885864, -53.9497337341], [-1996.7611084, 1889.42858887, -19.7868309021, -275.972442627, 604.104553223, -480.557037354, 366.610687256, -271.896759033, 170.206832886, -145.689498901, 143.822097778, -124.715568542, 85.9319915771], [-2195.68432617, -19.7868309021, 2003.27514648, 88.7658309937, -22.0152835846, 51.24168396, -152.813171387, 27.0503120422, -24.4713973999, 112.575424194, -106.084159851, 62.4709396362, -44.3425331116], [255.207870483, -275.972442627, 88.7658309937, 441.265472412, -65.917427063, -28.9865150452, -44.3758125305, 40.731098175, 37.9340362549, 12.5974082947, 37.8441238403, 6.56923055649, 8.05475234985], [-1140.4510498, 604.104553223, -22.0152835846, -65.917427063, 539.058776855, -149.236846924, 150.387527466, -115.553497314, 42.0184898376, -31.30377388, 20.1168937683, -33.3646202087, 18.930437088], [787.858398438, -480.557037354, 51.24168396, -28.9865150452, -149.236846924, 426.56362915, -72.3188247681, 53.9076347351, -82.5032806396, 7.17052030563, -49.174079895, 4.256316185, -25.4582500458], [-271.145751953, 366.610687256, -152.813171387, -44.3758125305, 150.387527466, -72.3188247681, 275.102050781, -66.4295043945, 13.557970047, -32.8418273926, 27.0394096375, -24.9186763763, 15.3451757431], [357.524627686, -271.896759033, 27.0503120422, 40.731098175, -115.553497314, 53.9076347351, -66.4295043945, 171.880874634, 14.030292511, 5.74590778351, -23.8717556, 4.50292205811, -11.9106435776], [-199.161315918, 170.206832886, -24.4713973999, 37.9340362549, 42.0184898376, -82.5032806396, 13.557970047, 14.030292511, 128.921340942, 6.58910751343, 19.3425388336, -27.2517776489, 13.6352272034], [10.72772789, -145.689498901, 112.575424194, 12.5974082947, -31.30377388, 7.17052030563, -32.8418273926, 5.74590778351, 6.58910751343, 113.846336365, 10.8204240799, 22.8960647583, -11.2152938843], [21.536359787, 143.822097778, -106.084159851, 37.8441238403, 20.1168937683, -49.174079895, 27.0394096375, -23.8717556, 19.3425388336, 10.8204240799, 133.714279175, 35.3598861694, 15.6489248276], [-32.4304885864, -124.715568542, 62.4709396362, 6.56923055649, -33.3646202087, 4.256316185, -24.9186763763, 4.50292205811, -27.2517776489, 22.8960647583, 35.3598861694, 114.726799011, 21.4492435455], [-53.9497337341, 85.9319915771, -44.3425331116, 8.05475234985, 18.930437088, -25.4582500458, 15.3451757431, -11.9106435776, 13.6352272034, -11.2152938843, 15.6489248276, 21.4492435455, 83.5802001953]]}, "spectral_energyband_middle_low": {"dmean2": 0.00370335858315, "median": 0.00373432226479, "min": 5.21555703031e-22, "dvar2": 7.58816167945e-05, "dvar": 3.33025454893e-05, "dmean": 0.00243155285716, "max": 0.179212704301, "var": 9.61000841926e-05, "mean": 0.00659114634618}, "melbands_crest": {"dmean2": 3.20054745674, "median": 16.6017532349, "min": 2.28573679924, "dvar2": 12.2448301315, "dvar": 5.04631996155, "dmean": 2.08144545555, "max": 34.8379364014, "var": 25.9158935547, "mean": 16.7260227203}, "spectral_kurtosis": {"dmean2": 6.51402854919, "median": 5.42399120331, "min": -1.21563637257, "dvar2": 96.3477935791, "dvar": 41.9815864563, "dmean": 4.01337623596, "max": 130.676376343, "var": 177.586364746, "mean": 9.58941268921}, "spectral_rms": {"dmean2": 0.000772099185269, "median": 0.00360483210534, "min": 3.22311014683e-12, "dvar2": 2.93596099255e-06, "dvar": 1.28053466142e-06, "dmean": 0.000528607692104, "max": 0.0184212755412, "var": 4.72629153592e-06, "mean": 0.00400729430839}, "zerocrossingrate": {"dmean2": 0.00947996322066, "median": 0.02294921875, "min": 0.001953125, "dvar2": 0.000213049992453, "dvar": 0.000162833573995, "dmean": 0.00814256444573, "max": 0.5048828125, "var": 0.000719169678632, "mean": 0.0311510134488}, "silence_rate_60dB": {"dmean2": 0.0333673804998, "median": 0, "min": 0, "dvar2": 0.0365008898079, "dvar": 0.016401104629, "dmean": 0.0166822709143, "max": 1, "var": 0.0775711536407, "mean": 0.0847659558058}, "erbbands_kurtosis": {"dmean2": 2.41734051704, "median": 0.98941808939, "min": -1.8300485611, "dvar2": 14.0230035782, "dvar": 6.84726476669, "dmean": 1.60689401627, "max": 94.5318222046, "var": 22.889957428, "mean": 2.38210582733}, "erbbands": {"dmean2": [0.109329283237, 1.25379705429, 2.72546625137, 3.32918858528, 3.68352270126, 6.02966594696, 7.26247501373, 7.07780361176, 8.26372718811, 8.70870113373, 12.9187936783, 14.2262048721, 15.3299913406, 12.5950984955, 25.6485671997, 25.900352478, 13.6427555084, 15.5341281891, 17.6045951843, 10.7851133347, 5.28544855118, 7.31977510452, 8.15728282928, 5.54990959167, 3.92527651787, 2.79371666908, 3.64183926582, 3.59417891502, 4.06967735291, 2.36192822456, 2.2291932106, 2.1814661026, 1.29552102089, 0.920638740063, 0.518127143383, 0.377983510494, 0.0550955124199, 0.00840318854898, 0.00048965861788, 2.28480457736e-05], "median": [0.132845073938, 1.13154494762, 1.35026192665, 1.3481426239, 1.95941734314, 2.98825216293, 3.9180932045, 4.11322259903, 3.92108774185, 2.47721624374, 2.2345597744, 1.67348217964, 1.58146905899, 1.09475386143, 0.976458251476, 0.910975575447, 0.559514403343, 0.575351119041, 0.490363478661, 0.726011157036, 0.560163199902, 0.635296106339, 1.12053382397, 1.00794351101, 0.547236025333, 0.418714821339, 0.268448501825, 0.205377399921, 0.146570965648, 0.10104881227, 0.0636440962553, 0.041276216507, 0.0188901331276, 0.00764620117843, 0.00215658522211, 0.000453636341263, 0.000128327970742, 2.91431388177e-05, 8.62033812155e-06, 1.59696955961e-05], "min": [3.06131365796e-21, 6.65809670778e-21, 1.58259732929e-20, 3.85866443318e-20, 1.36909726337e-19, 2.81136588975e-19, 6.73895463048e-19, 4.1336231462e-19, 3.886042302e-19, 1.15641080066e-18, 2.71469820294e-18, 4.11010743536e-18, 4.14658651397e-18, 1.69614780471e-18, 2.14906568943e-18, 3.05261947435e-18, 2.69664477928e-18, 7.14330925842e-18, 7.23738202795e-18, 6.71367743853e-18, 1.39049788889e-17, 1.71922194586e-17, 9.2922277097e-18, 1.3859826408e-17, 1.03164270277e-17, 1.7049714437e-17, 2.00650657025e-17, 1.43797491277e-17, 1.27701937948e-17, 1.61101530665e-17, 2.04294883932e-17, 1.52679640889e-17, 1.75072114902e-17, 1.08808628177e-17, 9.22267174636e-18, 5.36779585208e-18, 3.27089299926e-18, 1.3122673445e-18, 3.15314528663e-19, 3.51529949909e-20], "dvar2": [0.2515886724, 38.4093933105, 143.541244507, 125.844612122, 90.4142303467, 451.968841553, 299.678253174, 295.865722656, 491.316955566, 1379.39819336, 3752.32299805, 5093.14892578, 12135.1083984, 3825.08105469, 15983.4316406, 24566.9140625, 8393.48828125, 8005.71923828, 19434.8125, 5424.62695313, 565.226989746, 1040.33422852, 1399.79577637, 455.497833252, 219.390197754, 223.686599731, 563.268005371, 200.485549927, 333.763885498, 120.008583069, 65.6084136963, 71.5610961914, 20.9369869232, 11.3739519119, 3.37952041626, 2.58583831787, 0.0570699349046, 0.00154625752475, 4.83800340589e-06, 4.24550972156e-09], "dvar": [0.0963765457273, 13.6509580612, 51.8860015869, 50.0828895569, 32.7596626282, 166.215606689, 117.669143677, 118.830749512, 296.996063232, 755.783447266, 2343.28320313, 2711.01464844, 6176.47949219, 1965.72412109, 8408.06152344, 11881.1679688, 5394.81494141, 4295.18408203, 9822.16894531, 3068.01635742, 347.491455078, 554.233032227, 944.021728516, 283.546386719, 103.002212524, 89.971244812, 206.429824829, 76.6039123535, 117.952636719, 43.3311004639, 24.1342029572, 26.1517944336, 7.68931674957, 4.13260650635, 1.31949603558, 0.932487010956, 0.0202455278486, 0.000547293457203, 1.73697867467e-06, 1.61670010712e-09], "dmean": [0.0662926808, 0.731050908566, 1.62294793129, 2.04744172096, 2.2229449749, 3.72796154022, 4.73886728287, 4.48038339615, 5.43143081665, 5.85059118271, 9.0645866394, 9.93158721924, 10.5922231674, 8.85489940643, 18.555978775, 18.208158493, 10.7154045105, 11.1300792694, 12.8994884491, 8.0288028717, 3.88180541992, 5.16012907028, 6.18094491959, 4.15886354446, 2.68903064728, 1.8228354454, 2.22739243507, 2.20173048973, 2.314245224, 1.42168438435, 1.34755170345, 1.32305169106, 0.786150753498, 0.553593337536, 0.328920811415, 0.213667467237, 0.0304271765053, 0.00463631283492, 0.00027359375963, 1.40621050377e-05], "max": [5.63297748566, 55.4911193848, 150.892044067, 238.956710815, 119.456542969, 372.592376709, 354.368713379, 331.184204102, 1652.24609375, 1573.95336914, 3020.98852539, 3059.13671875, 5898.54296875, 2077.43383789, 5859.81396484, 6271.08789063, 4219.80517578, 3134.72192383, 6207.99951172, 3105.40625, 1165.21105957, 1275.64953613, 2218, 944.806396484, 595.965454102, 726.777099609, 1013.50439453, 169.463241577, 268.429321289, 188.908432007, 103.766021729, 110.96824646, 42.1365394592, 35.456993103, 24.6644210815, 15.1072416306, 2.79000639915, 0.528449952602, 0.0282421931624, 0.000595674559008], "var": [0.0971619859338, 10.0694189072, 47.4717750549, 73.6986465454, 42.2505493164, 170.507461548, 222.270462036, 195.527084351, 1796.51000977, 2212.00488281, 8612.83105469, 10777.9179688, 11235.0029297, 4927.83740234, 38376.0703125, 47737.890625, 24743.5683594, 14052.9121094, 18664.7480469, 12642.5791016, 1546.58642578, 1879.53356934, 4728.20751953, 1511.71679688, 284.724517822, 146.440368652, 177.152145386, 83.206489563, 77.1942367554, 31.0793247223, 18.742559433, 19.2798995972, 5.86255741119, 3.10731744766, 1.15039694309, 0.590435445309, 0.012120927684, 0.000323929911247, 1.06709296688e-06, 1.81808856858e-09], "mean": [0.205473005772, 1.75042939186, 3.23429942131, 3.81706809998, 4.05616474152, 6.3158531189, 8.92315769196, 8.45414161682, 11.2573833466, 10.7041120529, 17.2317733765, 19.2286968231, 17.1469802856, 16.8994312286, 38.1031646729, 36.9406318665, 22.7510032654, 21.7453708649, 21.6473274231, 16.5037975311, 8.5455827713, 10.6873912811, 13.8843803406, 9.68343067169, 4.88673400879, 2.93238091469, 2.79075360298, 2.69350123405, 2.10479211807, 1.43230831623, 1.28005623817, 1.22388851643, 0.713064551353, 0.503517270088, 0.292753458023, 0.143162697554, 0.0195941459388, 0.00296655599959, 0.000185522236279, 2.93640932796e-05]}, "spectral_strongpeak": {"dmean2": 0.525181472301, "median": 0.216777920723, "min": 9.9047103852e-10, "dvar2": 2.12743115425, "dvar": 0.962349593639, "dmean": 0.325741887093, "max": 18.6953868866, "var": 2.90227890015, "mean": 0.733965575695}, "spectral_energy": {"dmean2": 0.0100825922564, "median": 0.0133196841925, "min": 1.06481498148e-20, "dvar2": 0.00112149911001, "dvar": 0.000437532522483, "dmean": 0.00656610215083, "max": 0.347826987505, "var": 0.000725859717932, "mean": 0.0213042646646}, "average_loudness": 0.538878381252, "spectral_rolloff": {"dmean2": 621.566040039, "median": 344.53125, "min": 64.599609375, "dvar2": 3583056.5, "dvar": 1327338.625, "dmean": 349.097076416, "max": 18755.4199219, "var": 1223142.25, "mean": 713.201782227}, "spectral_centroid": {"dmean2": 290.40145874, "median": 608.758666992, "min": 114.054824829, "dvar2": 278053.40625, "dvar": 119671.085938, "dmean": 190.960464478, "max": 11234.8671875, "var": 359647.5, "mean": 805.195251465}, "pitch_salience": {"dmean2": 0.0897377729416, "median": 0.472105383873, "min": 0.0819588303566, "dvar2": 0.00851724110544, "dvar": 0.00344937015325, "dmean": 0.0580419413745, "max": 0.925849616528, "var": 0.0136867677793, "mean": 0.472205728292}, "spectral_energyband_middle_high": {"dmean2": 0.00171872670762, "median": 0.000281744927634, "min": 1.59358273615e-21, "dvar2": 2.99628791254e-05, "dvar": 1.96810415218e-05, "dmean": 0.00134846649598, "max": 0.162056148052, "var": 0.000159078714205, "mean": 0.00404639635235}, "spectral_contrast_coeffs": {"dmean2": [0.0588741712272, 0.0701678916812, 0.0590173192322, 0.0470854900777, 0.03525948897, 0.030071573332], "median": [-0.699786543846, -0.712974071503, -0.771537899971, -0.786956548691, -0.793183684349, -0.785223484039], "min": [-0.946691215038, -0.95294970274, -0.966569304466, -0.962420523167, -0.960819482803, -0.958838284016], "dvar2": [0.00262819812633, 0.00338747515343, 0.00241210334934, 0.00156319327652, 0.000913799740374, 0.00113124912605], "dvar": [0.000993629801087, 0.0013175640488, 0.00108870409895, 0.00074660993414, 0.000449098297395, 0.000563497596886], "dmean": [0.0363154001534, 0.04331420362, 0.0377148836851, 0.0303230378777, 0.0227690432221, 0.0200283247977], "max": [-0.347529947758, -0.295042365789, -0.368297338486, -0.44473990798, -0.510477542877, -0.500840902328], "var": [0.00425437558442, 0.00561492983252, 0.00759039819241, 0.00569561775774, 0.00357505842112, 0.00345157086849], "mean": [-0.697168290615, -0.708883583546, -0.75185918808, -0.773204445839, -0.785311758518, -0.776862621307]}, "melbands_skewness": {"dmean2": 1.21825170517, "median": 3.14630889893, "min": -2.51481628418, "dvar2": 2.34711551666, "dvar": 1.09217441082, "dmean": 0.83674031496, "max": 17.0280094147, "var": 4.90193939209, "mean": 3.42712330818}, "spectral_spread": {"dmean2": 1042585.875, "median": 3307411.5, "min": 721210.375, "dvar2": 3340345016320.0, "dvar": 1860355489790.0, "dmean": 773213.75, "max": 40479656, "var": 5049040240640.0, "mean": 4092514.5}, "dissonance": {"dmean2": 0.0445691682398, "median": 0.443364560604, "min": 0.156299546361, "dvar2": 0.00175969011616, "dvar": 0.00066129717743, "dmean": 0.0269558727741, "max": 0.5, "var": 0.00177257321775, "mean": 0.434594035149}, "spectral_skewness": {"dmean2": 0.627811312675, "median": 1.78917634487, "min": -0.694401562214, "dvar2": 0.583129823208, "dvar": 0.278348684311, "dmean": 0.408791452646, "max": 9.95136070251, "var": 1.59428870678, "mean": 2.1005384922}, "spectral_flux": {"dmean2": 0.0307224914432, "median": 0.0335117131472, "min": 1.03189873313e-10, "dvar2": 0.00289462180808, "dvar": 0.00134216283914, "dmean": 0.0198927577585, "max": 0.531747579575, "var": 0.00342091429047, "mean": 0.0531211830676}, "spectral_contrast_valleys": {"dmean2": [0.480713754892, 0.582467794418, 0.566135704517, 0.482998222113, 0.405498445034, 0.535232722759], "median": [-6.96596622467, -7.3611907959, -8.47185897827, -9.22279548645, -8.79166030884, -11.7508811951], "min": [-27.666223526, -27.2347202301, -27.3132019043, -27.3273391724, -27.1212940216, -27.2961387634], "dvar2": [0.229442313313, 0.281701743603, 0.311371773481, 0.253682911396, 0.263257265091, 1.05278480053], "dvar": [0.109439730644, 0.136316150427, 0.151389524341, 0.136405289173, 0.158801689744, 0.576467216015], "dmean": [0.300417870283, 0.364879339933, 0.356761276722, 0.316661149263, 0.289662957191, 0.434616655111], "max": [-4.67054986954, -4.57536411285, -5.41807413101, -5.4192404747, -5.96333169937, -7.5200343132], "var": [0.753170311451, 1.07182955742, 1.2700586319, 1.36272227764, 1.52522742748, 2.25431156158], "mean": [-7.05279445648, -7.5105137825, -8.55051231384, -9.29991722107, -8.99008369446, -11.5838727951]}, "erbbands_flatness_db": {"dmean2": 0.0271663796157, "median": 0.186123132706, "min": 0.0534444786608, "dvar2": 0.000974732160103, "dvar": 0.00060108472826, "dmean": 0.0202476382256, "max": 0.373995900154, "var": 0.00333936000243, "mean": 0.186977013946}, "spectral_energyband_high": {"dmean2": 0.000482552422909, "median": 2.3014654289e-05, "min": 7.43824798277e-21, "dvar2": 2.79364962807e-06, "dvar": 1.04371667931e-06, "dmean": 0.000295828038361, "max": 0.0212910547853, "var": 8.92510911399e-07, "mean": 0.000313336786348}, "spectral_entropy": {"dmean2": 0.312902569771, "median": 6.96843147278, "min": 4.30159711838, "dvar2": 0.182136267424, "dvar": 0.101388476789, "dmean": 0.228981748223, "max": 9.80606174469, "var": 0.520899534225, "mean": 6.90591239929}, "silence_rate_20dB": {"dmean2": 0, "median": 1, "min": 1, "dvar2": 0, "dvar": 0, "dmean": 0, "max": 1, "var": 0, "mean": 1}, "melbands_flatness_db": {"dmean2": 0.0356234759092, "median": 0.310719966888, "min": 0.00621308060363, "dvar2": 0.00274113495834, "dvar": 0.00152229098603, "dmean": 0.0266745425761, "max": 0.734371066093, "var": 0.0127548668534, "mean": 0.323755770922}, "barkbands": {"dmean2":