{"tonal": {"thpcp": [1, 0.537184536457, 0.265260964632, 0.249491006136, 0.3156427145, 0.765181064606, 0.983879685402, 0.638733744621, 0.728768348694, 0.849176585674, 0.483605533838, 0.300755113363, 0.282002955675, 0.273409247398, 0.618630170822, 0.792575716972, 0.473241239786, 0.304687470198, 0.273144125938, 0.284062504768, 0.69158655405, 0.919032216072, 0.574869215488, 0.54522550106, 0.617979288101, 0.362018048763, 0.299320101738, 0.345792382956, 0.302596002817, 0.525976896286, 0.644990861416, 0.390923917294, 0.324285179377, 0.360179811716, 0.373700171709, 0.809094548225], "hpcp": {"dmean2": [0.236721470952, 0.176471084356, 0.13143876195, 0.13753400743, 0.177242517471, 0.23400644958, 0.237496107817, 0.231055468321, 0.242317244411, 0.232662752271, 0.176754161716, 0.136371836066, 0.130919516087, 0.129434540868, 0.182895049453, 0.190848439932, 0.168235823512, 0.139103010297, 0.127205744386, 0.13977278769, 0.197330087423, 0.221995562315, 0.199647799134, 0.180462449789, 0.155929073691, 0.127715840936, 0.118715360761, 0.128941699862, 0.125506132841, 0.170833110809, 0.173421874642, 0.146238610148, 0.131920620799, 0.143096327782, 0.177246317267, 0.232849165797], "median": [0.164542883635, 0.0849392861128, 0.0221849903464, 0.0163378827274, 0.0273681096733, 0.103671677411, 0.144596964121, 0.115589618683, 0.100317627192, 0.0957998037338, 0.0658361762762, 0.0343941189349, 0.0337378494442, 0.0404041260481, 0.0796652659774, 0.0925463661551, 0.0674198567867, 0.0417055785656, 0.0342050790787, 0.0371372513473, 0.114312462509, 0.155217379332, 0.10148344934, 0.0575390420854, 0.0447073876858, 0.0329605489969, 0.0364405475557, 0.0414218902588, 0.038851775229, 0.0556747242808, 0.0638055354357, 0.0454014874995, 0.0302425120026, 0.0311365798116, 0.0412004143, 0.124755978584], "min": [5.86700043641e-05, 5.83837099839e-05, 7.00082819094e-06, 3.07410527967e-06, 6.9553875619e-06, 8.25595361675e-06, 1.42894168675e-05, 0.00026323858765, 5.99998429607e-06, 1.11794406621e-05, 6.66622963763e-06, 3.73407829102e-06, 4.29659121437e-06, 3.17212507071e-05, 1.33532421387e-05, 1.04511309473e-05, 2.01961411221e-05, 1.56375408551e-05, 1.15391503641e-05, 1.09292914203e-05, 6.01162810199e-06, 6.13797965343e-06, 0.000102414000139, 1.73645294126e-05, 5.66225344301e-06, 6.11352379565e-06, 2.11429814954e-05, 1.56762998813e-05, 8.46048442327e-06, 1.79269027285e-05, 1.04521986941e-05, 0.000107478335849, 3.19189916809e-06, 1.86454394679e-06, 5.14585462952e-06, 1.92264778889e-05], "dvar2": [0.0965537577868, 0.0661445260048, 0.0666915178299, 0.0793358311057, 0.0960753187537, 0.105383180082, 0.0953846871853, 0.094532251358, 0.105793610215, 0.109997473657, 0.0768424421549, 0.0636301338673, 0.0642177090049, 0.0559174083173, 0.0730815529823, 0.0821143165231, 0.0681888386607, 0.059314109385, 0.0569235943258, 0.0623139031231, 0.0665991455317, 0.0844320952892, 0.0722738280892, 0.0752113237977, 0.0677453950047, 0.0521305166185, 0.0457383953035, 0.0506240911782, 0.0524823889136, 0.0737890079618, 0.0763193070889, 0.0632030293345, 0.0601889900863, 0.0692233368754, 0.0902783423662, 0.0943033024669], "dvar": [0.039096057415, 0.0242480672896, 0.0239951182157, 0.0289914924651, 0.0342524200678, 0.0392520576715, 0.0402384065092, 0.034534484148, 0.0408839806914, 0.0446201898158, 0.0288829654455, 0.0236011277884, 0.0234576743096, 0.0199970882386, 0.0275401882827, 0.0332958959043, 0.0251624528319, 0.0220513809472, 0.0207869485021, 0.0223045125604, 0.0261911135167, 0.0341761037707, 0.0265185385942, 0.0283110123128, 0.027977751568, 0.0189225878567, 0.0168384723365, 0.0190512686968, 0.0190421119332, 0.0281769558787, 0.0315589047968, 0.0228858385235, 0.0218927096575, 0.0261044707149, 0.0324756912887, 0.0360786542296], "dmean": [0.141086146235, 0.103053182364, 0.0744295045733, 0.0764898657799, 0.0990943908691, 0.137637197971, 0.141556426883, 0.134960323572, 0.141945526004, 0.137623935938, 0.103056028485, 0.0781900957227, 0.0746496990323, 0.0731438323855, 0.108377873898, 0.113961808383, 0.0982646644115, 0.0799603238702, 0.0731175169349, 0.079552732408, 0.118184402585, 0.134456083179, 0.117349527776, 0.10513433069, 0.092776067555, 0.0744735598564, 0.0687866285443, 0.0753926113248, 0.0726101845503, 0.102113418281, 0.10296203196, 0.0848594233394, 0.076333552599, 0.0831052213907, 0.101110622287, 0.137121424079], "max": [1, 1, 1, 1, 1, 1, 1, 1, 1, 1, 1, 1, 1, 1, 1, 1, 1, 1, 1, 1, 1, 1, 1, 1, 1, 1, 1, 1, 1, 1, 1, 1, 1, 1, 1, 1], "var": [0.110360510647, 0.0435929745436, 0.0260410625488, 0.0305698048323, 0.0319047570229, 0.0816796123981, 0.119097836316, 0.0496279969811, 0.0781064108014, 0.111698113382, 0.0414283797145, 0.0272451695055, 0.0243267137557, 0.0186325740069, 0.060573451221, 0.102554984391, 0.0373658798635, 0.0231691319495, 0.0218011643738, 0.0218708571047, 0.0596863888204, 0.099617190659, 0.0419485531747, 0.057311039418, 0.0894128084183, 0.0314366556704, 0.0239555146545, 0.0299267750233, 0.0252792630345, 0.0565538443625, 0.0856525972486, 0.0339411310852, 0.0307873189449, 0.0401561744511, 0.0359300673008, 0.0817156732082], "mean": [0.314857929945, 0.169136807323, 0.0835195183754, 0.0785542204976, 0.099382609129, 0.240923330188, 0.309782326221, 0.201110392809, 0.229458495975, 0.26736998558, 0.152267038822, 0.094695135951, 0.0887908712029, 0.0860850661993, 0.194780617952, 0.249548748136, 0.149003759027, 0.0959332659841, 0.0860015898943, 0.0894393324852, 0.217751517892, 0.28936457634, 0.181002125144, 0.171668574214, 0.194575682282, 0.113984256983, 0.0942433029413, 0.108875475824, 0.095274746418, 0.165608003736, 0.203080490232, 0.123085491359, 0.102103762329, 0.11340547353, 0.117662467062, 0.254749834538]}, "tuning_equal_tempered_deviation": 0.0849183648825, "chords_changes_rate": 0.0519060194492, "key_key": "A", "tuning_diatonic_strength": 0.50433743, "key_scale": "minor", "chords_number_rate": 0.00143850396853, "tuning_frequency": 441.272583008, "tuning_nontempered_energy_ratio": 0.694018602371, "chords_histogram": [20.2229690552, 3.58427238464, 9.42220115662, 11.040517807, 2.87700796127, 2.81707024574, 0.0959002673626, 1.24670338631, 0.455526262522, 15.5358428955, 1.03092777729, 0.0479501336813, 0.0239750668406, 0.239750653505, 0.155837923288, 0.371613532305, 0.335650920868, 0.239750653505, 0.83912730217, 0.683289408684, 0.851114869118, 1.15080320835, 8.82282447815, 17.9093742371], "key_strength": 0.720512747765, "chords_key": "A", "chords_strength": {"dmean2": 0.00788134150207, "median": 0.527244329453, "min": 0.217835992575, "dvar2": 5.73253455514e-05, "dvar": 6.94651607773e-05, "dmean": 0.0103266341612, "max": 0.74865603447, "var": 0.00926179718226, "mean": 0.518079340458}, "chords_scale": "minor", "hpcp_entropy": {"dmean2": 0.919733345509, "median": 2.04320287704, "min": 0.0424855574965, "dvar2": 0.614873111248, "dvar": 0.231067448854, "dmean": 0.554616093636, "max": 4.49042415619, "var": 0.529992222786, "mean": 2.0380961895}}, "metadata": {"audio_properties": {"equal_loudness": 0, "codec": "flac", "downmix": "mix", "sample_rate": 44100, "analysis_sample_rate": 44100, "bit_rate": 0, "md5_encoded": "11788c916e8d65df7a861dce55567c96", "length": 387.333343506, "replay_gain": -13.9716663361, "lossless": true}, "version": {"essentia_build_sha": "70f2e5ece6736b2c40cc944ad0e695b16b925413", "essentia": "2.1-beta2", "extractor": "music 1.0", "essentia_git_sha": "v2.1_beta2"}, "tags": {"title": ["A Song for Europe"], "barcode": ["5099997213529"], "media": ["HDCD"], "albumartist": ["Roxy Music"], "tracktotal": ["14"], "musicbrainz_releasegroupid": ["6d8df6b4-8fac-4aad-972a-955d733d677d"], "releasetype": ["album", "compilation"], "musicbrainz_recordingid": ["07f7d6c1-7c00-46ea-a844-27fad8ac8df8"], "mood": ["Melancholy", "Dramatic", "Mellow", "Sad"], "musicbrainz_albumartistid": ["331ce348-1b08-40b9-8ed7-0763b92bd003"], "originalyear": ["2012"], "musicbrainz_releasetrackid": ["bce2b44c-3c8d-4671-a27a-552d80763566"], "discnumber": ["5"], "totaldiscs": ["5"], "catalognumber": ["50999 972135 2 9"], "releasecountry": ["AU"], "file_name": "5-07 A Song for Europe.flac", "website": ["http://www.roxymusic.co.uk/"], "originaldate": ["2012"], "albumartistsort": ["Roxy Music"], "date": ["2012"], "genre": ["Rock", "Pop", "New Wave", "Glam Rock"], "musicbrainz_albumid": ["308f1fe1-3288-4b54-9cf9-e41f04cc33a8"], "disctotal": ["5"], "discsubtitle": ["Heart Still Beating"], "musicbrainz_artistid": ["331ce348-1b08-40b9-8ed7-0763b92bd003"], "asin": ["B00920HM9G"], "grouping": ["Progressive Rock"], "artist": ["Roxy Music"], "tracknumber": ["7"], "artistsort": ["Roxy Music"], "album": ["5 Album Set"], "label": ["EMI"], "releasestatus": ["official"], "acoustid_id": ["69a97096-6a5a-4184-83d7-f40113e62df6"], "script": ["Latn"], "totaltracks": ["14"]}}, "rhythm": {"bpm_histogram_first_peak_bpm": {"dmean2": 0, "median": 133, "min": 133, "dvar2": 0, "dvar": 0, "dmean": 0, "max": 133, "var": 0, "mean": 133}, "bpm": 133.366439819, "bpm_histogram_second_peak_spread": {"dmean2": 0, "median": 0.0956522226334, "min": 0.0956522226334, "dvar2": 0, "dvar": 0, "dmean": 0, "max": 0.0956522226334, "var": 0, "mean": 0.0956522226334}, "bpm_histogram_first_peak_weight": {"dmean2": 0, "median": 0.352392077446, "min": 0.352392077446, "dvar2": 0, "dvar": 0, "dmean": 0, "max": 0.352392077446, "var": 0, "mean": 0.352392077446}, "onset_rate": 2.82944369316, "beats_position": [0.452789098024, 0.917188167572, 1.38158726692, 1.8575963974, 2.32199549675, 2.7863945961, 3.25079369545, 3.7151927948, 4.19120168686, 4.66721057892, 5.13160991669, 5.59600877762, 6.025578022, 6.46675729752, 6.90793657303, 7.3491153717, 7.79029464722, 8.2198638916, 8.66104316711, 9.10222244263, 9.53179073334, 9.96135997772, 10.3909292221, 10.8204984665, 11.261677742, 11.7028570175, 12.144036293, 12.5852155685, 13.0147848129, 13.4443531036, 13.873922348, 14.3034915924, 14.7330608368, 15.1742401123, 15.6154193878, 16.0565986633, 16.4977779388, 16.9505672455, 17.4033565521, 17.8445339203, 18.2857131958, 18.7152824402, 19.1564617157, 19.6092510223, 20.0388202667, 20.4683895111, 20.8979587555, 21.339138031, 21.7803173065, 22.221496582, 22.6626758575, 23.1038551331, 23.5682544708, 24.009431839, 24.4622211456, 24.9034004211, 25.3445796967, 25.7857589722, 26.2269382477, 26.6681175232, 27.1092967987, 27.5504760742, 27.9916553497, 28.4444446564, 28.8740139008, 29.3035831451, 29.7331504822, 30.1627197266, 30.5922889709, 31.0218582153, 31.4630374908, 31.9042167664, 32.322177887, 32.7517471313, 33.1813163757, 33.6108856201, 34.0404510498, 34.4700202942, 34.8995895386, 35.3175506592, 35.7355079651, 36.1650772095, 36.5946464539, 37.0242156982, 37.4421768188, 37.8717460632, 38.3013153076, 38.730884552, 39.1488418579, 39.5784111023, 40.0079803467, 40.4259414673, 40.8438987732, 41.2618598938, 41.6914291382, 42.1209983826, 42.5389556885, 42.9685249329, 43.3980941772, 43.8276634216, 44.257232666, 44.6868019104, 45.1163711548, 45.5575485229, 45.9987297058, 46.439907074, 46.8810882568, 47.322265625, 47.7750549316, 48.2162361145, 48.6690254211, 49.1102027893, 49.5513839722, 50.0041732788, 50.445350647, 50.8749198914, 51.3160972595, 51.7572784424, 52.1984558105, 52.6396369934, 53.0692062378, 53.510383606, 53.9515647888, 54.392742157, 54.8455314636, 55.3099327087, 55.7627182007, 56.2155075073, 56.668296814, 57.1210861206, 57.5622673035, 58.0034446716, 58.4562339783, 58.8974151611, 59.3385925293, 59.7797737122, 60.2209510803, 60.6505203247, 61.0916976929, 61.5328788757, 61.9624481201, 62.4036254883, 62.8331947327, 63.2743759155, 63.7155532837, 64.1567306519, 64.5863037109, 65.0158691406, 65.4570541382, 65.9098434448, 66.3626327515, 66.8154220581, 67.2682037354, 67.720993042, 68.1737823486, 68.6149673462, 69.0561447144, 69.508934021, 69.9501113892, 70.4029006958, 70.844078064, 71.2852630615, 71.7264404297, 72.1676177979, 72.608795166, 73.0499725342, 73.4911575317, 73.9323348999, 74.3735122681, 74.8146896362, 75.2442626953, 75.673828125, 76.1150131226, 76.5561904907, 76.9973678589, 77.4385452271, 77.8797302246, 78.3209075928, 78.7620849609, 79.2032623291, 79.6444396973, 80.0856246948, 80.526802063, 80.9679794312, 81.4091567993, 81.8503417969, 82.291519165, 82.7326965332, 83.1622695923, 83.6034469604, 84.0562362671, 84.4974136353, 84.9502029419, 85.3913803101, 85.8441696167, 86.2853469849, 86.7265319824, 87.1677093506, 87.6088867188, 88.0500640869, 88.4912490845, 88.9324264526, 89.3736038208, 89.814781189, 90.2559585571, 90.7087478638, 91.1499328613, 91.579498291, 92.0206756592, 92.4618606567, 92.8914260864, 93.3209991455, 93.7621765137, 94.2033538818, 94.64453125, 95.0857162476, 95.5268936157, 95.9680709839, 96.4092483521, 96.8504257202, 97.2916107178, 97.7327880859, 98.1739654541, 98.6151428223, 99.0447158813, 99.474281311, 99.9154663086, 100.356643677, 100.797821045, 101.238998413, 101.680175781, 102.10974884, 102.550926208, 103.003715515, 103.444892883, 103.886077881, 104.327255249, 104.768432617, 105.221221924, 105.67401123, 106.115188599, 106.556373596, 106.985939026, 107.415504456, 107.856689453, 108.297866821, 108.739044189, 109.180221558, 109.621406555, 110.062583923, 110.492149353, 110.921722412, 111.351287842, 111.780860901, 112.210426331, 112.63999939, 113.069564819, 113.499137878, 113.940315247, 114.381492615, 114.822669983, 115.26385498, 115.705032349, 116.146209717, 116.587387085, 117.028572083, 117.469749451, 117.922538757, 118.375328064, 118.828117371, 119.280906677, 119.733695984, 120.1980896, 120.639274597, 121.080451965, 121.533241272, 121.997642517, 122.438819885, 122.879997253, 123.321174622, 123.762359619, 124.215148926, 124.667930603, 125.132331848, 125.608345032, 126.072738647, 126.537139893, 127.001541138, 127.465942383, 127.907119751, 128.348297119, 128.777862549, 129.219039917, 129.671829224, 130.12461853, 130.565795898, 131.006988525, 131.448165894, 131.877731323, 132.307296753, 132.736862183, 133.166442871, 133.596008301, 134.02557373, 134.45513916, 134.884719849, 135.30267334, 135.720626831, 136.15020752, 136.579772949, 137.020950317, 137.462127686, 137.914916992, 138.367706299, 138.832107544, 139.273284912, 139.71446228, 140.167251587, 140.620040894, 141.061218262, 141.50239563, 141.943572998, 142.384765625, 142.825942993, 143.267120361, 143.708297729, 144.149475098, 144.590652466, 145.031829834, 145.473007202, 145.902587891, 146.33215332, 146.773330688, 147.214508057, 147.655685425, 148.096862793, 148.526443481, 148.956008911, 149.397186279, 149.838363647, 150.279541016, 150.720718384, 151.161895752, 151.603088379, 152.032653809, 152.462219238, 152.903396606, 153.344573975, 153.774139404, 154.203720093, 154.644897461, 155.086074829, 155.527252197, 155.980041504, 156.432830811, 156.874008179, 157.315185547, 157.756362915, 158.209152222, 158.661941528, 159.114730835, 159.567520142, 160.00869751, 160.449890137, 160.891067505, 161.332244873, 161.796646118, 162.261047363, 162.702224731, 163.1434021, 163.584579468, 164.025756836, 164.478546143, 164.931335449, 165.372512817, 165.813690186, 166.266479492, 166.719268799, 167.172058105, 167.624847412, 168.06602478, 168.507202148, 168.959991455, 169.412780762, 169.865570068, 170.306747437, 170.759536743, 171.20072937, 171.653518677, 172.106307983, 172.55909729, 173.011871338, 173.464660645, 173.905853271, 174.335418701, 174.764984131, 175.206161499, 175.658950806, 176.100128174, 176.541305542, 177.005706787, 177.458496094, 177.9112854, 178.352462769, 178.805252075, 179.258041382, 179.69921875, 180.140411377, 180.581588745, 181.022766113, 181.47555542, 181.916732788, 182.357910156, 182.810699463, 183.26348877, 183.716278076, 184.180679321, 184.645080566, 185.109481812, 185.573867798, 186.015060425, 186.456237793, 186.897415161, 187.326980591, 187.756546021, 188.197723389, 188.638900757, 189.080093384, 189.53288269, 189.985671997, 190.438461304, 190.89125061, 191.332427979, 191.785217285, 192.226394653, 192.67918396, 193.131973267, 193.584762573, 194.025939941, 194.478729248, 194.931518555, 195.384307861, 195.825485229, 196.278274536, 196.731063843, 197.183853149, 197.636642456, 198.089431763, 198.542221069, 198.995010376, 199.447799683, 199.912200928, 200.376602173, 200.840988159, 201.293777466, 201.746566772, 202.199356079, 202.640533447, 203.093322754, 203.546112061, 203.998901367, 204.451690674, 204.916091919, 205.380493164, 205.844894409, 206.309295654, 206.762084961, 207.214874268, 207.667663574, 208.120452881, 208.584854126, 209.049255371, 209.502029419, 209.943222046, 210.396011353, 210.860397339, 211.313186646, 211.765975952, 212.218765259, 212.671554565, 213.124343872, 213.577133179, 214.029922485, 214.482711792, 214.92388916, 215.365081787, 215.829467773, 216.28225708, 216.735046387, 217.176239014, 217.62902832, 218.081817627, 218.522994995, 218.964172363, 219.41696167, 219.869750977, 220.322540283, 220.77532959, 221.228118896, 221.680908203, 222.122085571, 222.563262939, 223.004440308, 223.445617676, 223.898406982, 224.351196289, 224.803985596, 225.256774902, 225.709564209, 226.139129639, 226.580307007, 227.021499634, 227.462677002, 227.90385437, 228.3334198, 228.762985229, 229.204162598, 229.645339966, 230.086532593, 230.527709961, 230.980499268, 231.421676636, 231.874465942, 232.327255249, 232.780044556, 233.232833862, 233.685623169, 234.126800537, 234.579589844, 235.03237915, 235.473556519, 235.926345825, 236.379135132, 236.8203125, 237.273101807, 237.725891113, 238.17868042, 238.631469727, 239.084259033, 239.53704834, 240.001449585, 240.454238892, 240.918640137, 241.371429443, 241.835830688, 242.277008057, 242.729797363, 243.18258667, 243.635375977, 244.076553345, 244.529342651, 244.97052002, 245.434921265, 245.89932251, 246.363708496, 246.816497803, 247.269287109, 247.722076416, 248.174865723, 248.627655029, 249.080444336, 249.533233643, 249.986022949, 250.450424194, 250.903213501, 251.356002808, 251.808792114, 252.261581421, 252.725982666, 253.178771973, 253.643173218, 254.095962524, 254.56036377, 255.013153076, 255.465942383, 255.930328369, 256.383117676, 256.835906982, 257.300323486, 257.753112793, 258.217498779, 258.670288086, 259.123077393, 259.575866699, 260.028656006, 260.481445312, 260.922637939, 261.363800049, 261.804992676, 262.269378662, 262.722167969, 263.186584473, 263.639373779, 264.103759766, 264.556549072, 265.009338379, 265.473724365, 265.926513672, 266.379302979, 266.843719482, 267.308105469, 267.749298096, 268.202087402, 268.654876709, 269.107666016, 269.560455322, 270.024841309, 270.466033936, 270.918823242, 271.371612549, 271.824401855, 272.277191162, 272.729980469, 273.182769775, 273.647155762, 274.099945068, 274.552734375, 274.993927002, 275.446716309, 275.887878418, 276.329071045, 276.781860352, 277.246246338, 277.710662842, 278.163452148, 278.616241455, 279.069030762, 279.510192871, 279.962982178, 280.404174805, 280.856964111, 281.309753418, 281.750915527, 282.203704834, 282.656494141, 283.120910645, 283.573699951, 284.038085938, 284.502502441, 284.955291748, 285.408081055, 285.860870361, 286.313659668, 286.766448975, 287.230834961, 287.695220947, 288.159637451, 288.600799561, 289.053588867, 289.506378174, 289.95916748, 290.400360107, 290.841522217, 291.294311523, 291.74710083, 292.199890137, 292.652679443, 293.10546875, 293.558258057, 294.022674561, 294.475463867, 294.928253174, 295.38104248, 295.845428467, 296.298217773, 296.75100708, 297.203796387, 297.656585693, 298.109375, 298.562164307, 299.014953613, 299.46774292, 299.920532227, 300.373321533, 300.837738037, 301.302124023, 301.74331665, 302.18447876, 302.637268066, 303.090057373, 303.54284668, 303.995635986, 304.448425293, 304.88961792, 305.342407227, 305.795196533, 306.24798584, 306.689147949, 307.141937256, 307.594726562, 308.047515869, 308.511932373, 308.96472168, 309.405883789, 309.858673096, 310.311462402, 310.775878906, 311.228668213, 311.693054199, 312.145843506, 312.598632812, 313.051422119, 313.515808105, 313.980224609, 314.433013916, 314.885803223, 315.350189209, 315.814605713, 316.26739502, 316.720184326, 317.172973633, 317.625762939, 318.078552246, 318.531341553, 318.972503662, 319.436920166, 319.889709473, 320.342498779, 320.806884766, 321.259674072, 321.712463379, 322.176879883, 322.641265869, 323.094055176, 323.558441162, 324.011230469, 324.475646973, 324.940032959, 325.404449463, 325.85723877, 326.310028076, 326.762817383, 327.215606689, 327.679992676, 328.132781982, 328.585571289, 329.049957275, 329.514373779, 329.967163086, 330.419952393, 330.872741699, 331.325531006, 331.778320312, 332.231109619, 332.672271729, 333.113464355, 333.554656982, 333.995819092, 334.448608398, 334.901397705, 335.354187012, 335.818572998, 336.271362305, 336.735778809, 337.188568115, 337.641357422, 338.105743408, 338.570159912, 339.022949219, 339.475738525, 339.940124512, 340.392913818, 340.845703125, 341.298492432, 341.751281738, 342.215698242, 342.680084229, 343.144470215, 343.608886719, 344.073272705, 344.526062012, 344.978851318, 345.443267822, 345.896057129, 346.348846436, 346.813232422, 347.266021729, 347.718811035, 348.171600342, 348.624389648, 349.077178955, 349.529968262, 349.994384766, 350.458770752, 350.923156738, 351.387573242, 351.851959229, 352.316375732, 352.769165039, 353.221954346, 353.674743652, 354.127532959, 354.591918945, 355.044708252, 355.497497559, 355.938690186, 356.379852295, 356.867462158, 357.355102539, 357.842712402, 358.37677002, 358.922454834, 359.456512451, 360.060211182, 360.675537109, 361.279266357, 361.882995605, 362.498321533, 363.113647461, 363.717376709, 364.332702637, 364.948028564, 365.563354492, 366.074188232, 366.585021973, 367.061035156, 367.53704834, 368.013061523, 368.47744751, 368.941864014, 369.40625, 369.870635986, 370.33505249, 370.799438477, 371.26385498, 371.728240967, 372.192657471, 372.657043457, 373.121429443, 373.597442627, 374.073455811, 374.514648438, 374.955810547, 375.385375977, 375.814971924, 376.244537354, 376.685699463, 377.115264893, 377.55645752, 377.986022949, 378.427215576, 378.856781006, 379.286346436, 379.715911865, 380.145477295, 380.644714355, 381.155548096, 381.666381836, 382.153991699, 382.65322876, 383.15246582, 383.640075684, 384.139312744, 384.638549805, 385.137756348, 385.636993408, 386.136230469, 386.635467529], "beats_loudness": {"dmean2": 0.0216404180974, "median": 0.0272580087185, "min": 1.05511453512e-05, "dvar2": 0.000371623202227, "dvar": 0.000115731243568, "dmean": 0.011607343331, "max": 0.0929554849863, "var": 0.000306352507323, "mean": 0.0261537954211}, "danceability": 1.02832484245, "bpm_histogram_second_peak_weight": {"dmean2": 0, "median": 0.121353559196, "min": 0.121353559196, "dvar2": 0, "dvar": 0, "dmean": 0, "max": 0.121353559196, "var": 0, "mean": 0.121353559196}, "beats_count": 858, "bpm_histogram_second_peak_bpm": {"dmean2": 0, "median": 140, "min": 140, "dvar2": 0, "dvar": 0, "dmean": 0, "max": 140, "var": 0, "mean": 140}, "bpm_histogram_first_peak_spread": {"dmean2": 0, "median": 0.569800615311, "min": 0.569800615311, "dvar2": 0, "dvar": 0, "dmean": 0, "max": 0.569800615311, "var": 0, "mean": 0.569800615311}, "beats_loudness_band_ratio": {"dmean2": [0.377101361752, 0.209349647164, 0.152784332633, 0.13644516468, 0.188298091292, 0.0948486849666], "median": [0.340471804142, 0.13719829917, 0.0805730372667, 0.106052018702, 0.145732015371, 0.0541236251593], "min": [0.000591656542383, 0.000321213388816, 0.00169277971145, 0.000856796395965, 0.000882050138898, 6.01027750236e-05], "dvar2": [0.0818149968982, 0.034446619451, 0.0266332868487, 0.0158842653036, 0.0263132974505, 0.0113788349554], "dvar": [0.0308642257005, 0.012659791857, 0.00951640307903, 0.00576214911416, 0.00874011684209, 0.00399484438822], "dmean": [0.224301800132, 0.122939117253, 0.0878245159984, 0.0788104683161, 0.106036581099, 0.054315444082], "max": [0.964046061039, 0.915712118149, 0.692247986794, 0.893579244614, 0.695287942886, 0.789882600307], "var": [0.0581310018897, 0.0196700878441, 0.010596467182, 0.0103377671912, 0.0148322917521, 0.00486146099865], "mean": [0.37403023243, 0.174967676401, 0.11233060807, 0.131968036294, 0.170396983624, 0.0719583928585]}}, "lowlevel": {"barkbands_spread": {"dmean2": 7.1907582283, "median": 27.4176959991, "min": 1.06636214256, "dvar2": 70.0211410522, "dvar": 30.3002166748, "dmean": 4.61079931259, "max": 99.6102676392, "var": 153.965423584, "mean": 27.1843128204}, "melbands_spread": {"dmean2": 11.2979593277, "median": 34.6219482422, "min": 0.751707315445, "dvar2": 173.257064819, "dvar": 77.7321090698, "dmean": 7.26376008987, "max": 202.389907837, "var": 456.572937012, "mean": 36.1223564148}, "hfc": {"dmean2": 8.20528507233, "median": 20.1977958679, "min": 0.0016951803118, "dvar2": 158.198928833, "dvar": 70.0129394531, "dmean": 5.33519935608, "max": 181.779678345, "var": 424.895233154, "mean": 23.495891571}, "barkbands_kurtosis": {"dmean2": 2.31889867783, "median": -0.415796756744, "min": -1.88047122955, "dvar2": 37.6501159668, "dvar": 14.8479795456, "dmean": 1.42381131649, "max": 126.048339844, "var": 41.8800392151, "mean": 1.54565680027}, "gfcc": {"mean": [-17.3861675262, 95.6730575562, -135.166137695, 29.1470794678, -36.7902107239, 3.69455385208, -36.1302490234, 2.52209448814, -23.9726524353, 0.47876778245, -17.4090538025, 0.377736270428, -9.39032173157], "icov": [[0.000224579503993, 0.000131462846184, 5.98409023951e-05, -0.000357616838301, 2.74728226941e-05, -7.66945595387e-06, 0.000146971855429, -0.000270563701633, 0.000144365025335, -0.000266048649792, 0.000589385279454, -0.000228315780987, 8.16682295408e-05], [0.000131462846184, 0.00124995363876, -7.95638698037e-05, -4.24575264333e-05, -0.000805485411547, 0.000485434749862, 0.000284528796328, 0.00052924011834, -0.000666767125949, 0.00121922465041, -0.000860345317051, 0.000743746117223, -0.000508014461957], [5.98409023951e-05, -7.95638698037e-05, 0.00146215071436, -0.000205907723284, -0.000466106372187, -0.000746668316424, 0.00054991786601, 0.000297050632071, 9.58747696131e-05, -0.000275299244095, 0.000469560240163, -0.00114183092955, 0.00178208225407], [-0.000357616838301, -4.24575264333e-05, -0.000205907723284, 0.00351077644154, 0.000170612329384, -0.00154123327229, 5.58474812351e-06, 0.000677992822602, -0.000975417380687, 4.01107354264e-05, -0.000171186300577, 0.0014510207111, -0.000713650893886], [2.74728226941e-05, -0.000805485411547, -0.000466106372187, 0.000170612329384, 0.00410014390945, 0.000639699981548, -0.00174621969927, 0.000339019141393, -0.000467331992695, -0.00104464695323, 0.000149967338075, -0.000139693394885, -0.000576516904403], [-7.66945595387e-06, 0.000485434749862, -0.000746668316424, -0.00154123327229, 0.000639699981548, 0.00690026255324, -0.00145099440124, -0.0020513262134, 0.00071978464257, 4.44373690698e-05, 0.000356429140083, 0.000635482429061, -0.00165392342024], [0.000146971855429, 0.000284528796328, 0.00054991786601, 5.58474812351e-06, -0.00174621969927, -0.00145099440124, 0.00858495477587, -0.00280855898745, 0.000385441759136, -8.9336426754e-06, 0.000223252514843, 0.000671810703352, -0.000892061972991], [-0.000270563701633, 0.00052924011834, 0.000297050632071, 0.000677992822602, 0.000339019141393, -0.0020513262134, -0.00280855898745, 0.00976329296827, -0.00286549935117, 0.000426170416176, -0.0010456572054, -0.00169491255656, 0.00271680136211], [0.000144365025335, -0.000666767125949, 9.58747696131e-05, -0.000975417380687, -0.000467331992695, 0.00071978464257, 0.000385441759136, -0.00286549935117, 0.0138748660684, -0.00419520679861, -0.00162710004952, 0.00247995043173, -0.00114255270455], [-0.000266048649792, 0.00121922465041, -0.000275299244095, 4.01107354264e-05, -0.00104464695323, 4.44373690698e-05, -8.9336426754e-06, 0.000426170416176, -0.00419520679861, 0.0136654013768, -0.00163257285021, -0.000538727967069, -0.00147022947203], [0.000589385279454, -0.000860345317051, 0.000469560240163, -0.000171186300577, 0.000149967338075, 0.000356429140083, 0.000223252514843, -0.0010456572054, -0.00162710004952, -0.00163257285021, 0.0142920883372, -0.00511337630451, 0.00395788624883], [-0.000228315780987, 0.000743746117223, -0.00114183092955, 0.0014510207111, -0.000139693394885, 0.000635482429061, 0.000671810703352, -0.00169491255656, 0.00247995043173, -0.000538727967069, -0.00511337630451, 0.0175771471113, -0.0073842681013], [8.16682295408e-05, -0.000508014461957, 0.00178208225407, -0.000713650893886, -0.000576516904403, -0.00165392342024, -0.000892061972991, 0.00271680136211, -0.00114255270455, -0.00147022947203, 0.00395788624883, -0.0073842681013, 0.0179096441716]], "cov": [[10429.4521484, -2683.42285156, -204.604370117, 1219.81738281, -697.456726074, 709.904785156, 66.5842056274, 434.627685547, -102.010734558, 280.461608887, -535.758605957, 43.3162307739, 78.5569076538], [-2683.42285156, 1917.20410156, 87.2677307129, -318.618774414, 420.196777344, -334.150939941, -72.2873764038, -223.34777832, 72.4195404053, -139.482162476, 184.608306885, -52.8708267212, -11.2388887405], [-204.604370117, 87.2677307129, 873.540039062, 31.1084308624, 82.050239563, 53.4188156128, -45.7420921326, -23.4144096375, -8.09250450134, 4.72310972214, 7.94905805588, 21.7708206177, -66.3339309692], [1219.81738281, -318.618774414, 31.1084308624, 492.778961182, -95.7414703369, 171.962356567, 16.9234867096, 44.5477981567, 12.119553566, 37.8387145996, -73.8586730957, -27.2188854218, 17.8031368256], [-697.456726074, 420.196777344, 82.050239563, -95.7414703369, 380.834777832, -87.590171814, 38.5742416382, -46.4077224731, 32.4277458191, -2.18124842644, 45.1642036438, -1.73770833015, 7.44393634796], [709.904785156, -334.150939941, 53.4188156128, 171.962356567, -87.590171814, 264.627838135, 53.2729263306, 85.3954162598, -9.2948513031, 26.6638717651, -50.516254425, 1.71895468235, 13.6074438095], [66.5842056274, -72.2873764038, -45.7420921326, 16.9234867096, 38.5742416382, 53.2729263306, 157.855148315, 59.1917114258, 7.03867149353, 10.304807663, -6.35627746582, -0.551995098591, 10.3887662888], [434.627685547, -223.34777832, -23.4144096375, 44.5477981567, -46.4077224731, 85.3954162598, 59.1917114258, 169.282867432, 18.2370796204, 22.5980815887, -8.42548847198, 11.5962715149, -10.8894119263], [-102.010734558, 72.4195404053, -8.09250450134, 12.119553566, 32.4277458191, -9.2948513031, 7.03867149353, 18.2370796204, 94.22681427, 24.2795200348, 19.6488685608, -10.2389011383, 1.01773190498], [280.461608887, -139.482162476, 4.72310972214, 37.8387145996, -2.18124842644, 26.6638717651, 10.304807663, 22.5980815887, 24.2795200348, 98.5771713257, -3.91058111191, 10.1846704483, 9.9845123291], [-535.758605957, 184.608306885, 7.94905805588, -73.8586730957, 45.1642036438, -50.516254425, -6.35627746582, -8.42548847198, 19.6488685608, -3.91058111191, 114.609237671, 17.3823890686, -15.5325593948], [43.3162307739, -52.8708267212, 21.7708206177, -27.2188854218, -1.73770833015, 1.71895468235, -0.551995098591, 11.5962715149, -10.2389011383, 10.1846704483, 17.3823890686, 80.9238510132, 23.0750732422], [78.5569076538, -11.2388887405, -66.3339309692, 17.8031368256, 7.44393634796, 13.6074438095, 10.3887662888, -10.8894119263, 1.01773190498, 9.9845123291, -15.5325593948, 23.0750732422, 79.9654388428]]}, "spectral_energyband_middle_low": {"dmean2": 0.00455668801442, "median": 0.00507827382535, "min": 1.06992388282e-08, "dvar2": 9.55268988037e-05, "dvar": 3.4355205571e-05, "dmean": 0.00271736737341, "max": 0.0857984051108, "var": 4.79958871438e-05, "mean": 0.00673499237746}, "melbands_crest": {"dmean2": 3.93832373619, "median": 11.1580581665, "min": 2.87858438492, "dvar2": 15.5895147324, "dvar": 6.22045612335, "dmean": 2.43750548363, "max": 32.3408317566, "var": 26.1653728485, "mean": 12.1430244446}, "spectral_kurtosis": {"dmean2": 3.9336411953, "median": 5.13121795654, "min": -0.722432613373, "dvar2": 35.1271743774, "dvar": 11.7070007324, "dmean": 2.26851677895, "max": 57.0830993652, "var": 35.4198989868, "mean": 7.00009012222}, "spectral_rms": {"dmean2": 0.00093183782883, "median": 0.00439720414579, "min": 2.47210446105e-05, "dvar2": 2.52005656876e-06, "dvar": 9.66809125202e-07, "dmean": 0.00058211106807, "max": 0.013831699267, "var": 3.80998471883e-06, "mean": 0.00412192149088}, "zerocrossingrate": {"dmean2": 0.0097324019298, "median": 0.0693359375, "min": 0.00390625, "dvar2": 0.000125637743622, "dvar": 0.000102386373328, "dmean": 0.00810145307332, "max": 0.30859375, "var": 0.00109154521488, "mean": 0.0698844492435}, "silence_rate_60dB": {"dmean2": 0.034710150212, "median": 0, "min": 0, "dvar2": 0.0375845357776, "dvar": 0.0170844271779, "dmean": 0.0173840075731, "max": 1, "var": 0.126586914062, "mean": 0.148714259267}, "erbbands_kurtosis": {"dmean2": 1.05325949192, "median": -0.0939540863037, "min": -1.71119606495, "dvar2": 1.67842876911, "dvar": 0.68807810545, "dmean": 0.657747089863, "max": 18.387670517, "var": 2.67559051514, "mean": 0.348994731903}, "erbbands": {"dmean2": [0.0482000932097, 0.882468283176, 3.99750137329, 5.94712972641, 5.77930784225, 6.89626073837, 6.90615797043, 8.77579402924, 6.81906700134, 11.3981561661, 8.40463447571, 10.3027420044, 12.3051395416, 23.7111301422, 19.6635723114, 16.5422401428, 21.7226428986, 34.1253242493, 38.4279251099, 56.8243598938, 44.2966270447, 33.9382553101, 23.9201641083, 16.9715213776, 13.6912155151, 17.0833568573, 10.7133226395, 5.83926153183, 4.05344629288, 2.89149403572, 1.56846129894, 0.915082037449, 0.513532102108, 0.318563133478, 0.218962997198, 0.0962566137314, 0.0312109999359, 0.0143754417077, 0.0048125628382, 0.000220436471864], "median": [0.0153099009767, 0.382756471634, 1.15321540833, 1.78824913502, 2.5751183033, 4.12866544724, 4.46502637863, 4.82991027832, 4.78190565109, 5.81559276581, 4.63006639481, 6.79821825027, 8.22956371307, 11.2152862549, 12.5295505524, 12.3897180557, 15.9866342545, 17.6116790771, 20.6114044189, 26.0617256165, 28.8844585419, 29.6685199738, 21.4307594299, 15.396894455, 12.4705963135, 9.50486564636, 6.4662027359, 4.0277299881, 2.7141160965, 1.35870361328, 0.735775649548, 0.392422765493, 0.232169538736, 0.129230841994, 0.0743208527565, 0.0298934169114, 0.00583732640371, 0.000813662714791, 9.32365292101e-05, 3.4194719774e-05], "min": [4.97969381286e-08, 2.65896687779e-07, 8.31250190458e-07, 1.78216021141e-06, 2.9762527447e-06, 3.99137161367e-06, 4.30719819633e-06, 3.89049409932e-06, 4.43032740804e-06, 1.13587129817e-05, 3.63314211427e-05, 9.92537243292e-05, 0.000228667006013, 0.000434622808825, 0.000725499878172, 0.000375966861611, 0.00150531553663, 0.0010374400299, 0.000828746298794, 0.000651833426673, 0.000799326226115, 0.000741621945053, 0.000665754370857, 0.000465020479169, 0.000456781737739, 0.00046335926163, 0.000251477380516, 0.000177625144715, 7.80658083386e-05, 9.18242076295e-05, 8.21584108053e-05, 3.57036951755e-05, 1.13434680316e-05, 1.91678172996e-05, 6.32636374576e-06, 1.36111145821e-06, 4.92193464652e-07, 2.06348289566e-07, 3.67201877793e-08, 4.74547512397e-09], "dvar2": [0.0168782193214, 5.94853830338, 140.559432983, 349.828552246, 182.484710693, 204.484344482, 242.465148926, 546.650756836, 190.469314575, 893.123352051, 652.834594727, 672.292236328, 683.455078125, 2896.77807617, 2081.54296875, 1071.61853027, 1433.14685059, 5321.45947266, 7130.25488281, 14064.0908203, 5840.58740234, 3019.63061523, 1956.70495605, 886.491271973, 810.664672852, 1258.47436523, 502.603881836, 209.383132935, 125.360290527, 90.1537094116, 36.5991020203, 15.5873355865, 3.50376963615, 1.23681008816, 0.386534839869, 0.0550940297544, 0.00721443118528, 0.00244870688766, 0.00029480617377, 6.30198996987e-07], "dvar": [0.00730043370277, 2.25346851349, 48.3935699463, 119.574691772, 65.0195999146, 77.2775650024, 92.6777191162, 198.776092529, 74.1457519531, 384.508728027, 336.478973389, 348.633911133, 271.787536621, 1167.83984375, 868.00604248, 463.668609619, 602.596130371, 2248.84008789, 2906.14404297, 5517.41210938, 2422.55834961, 1237.72814941, 796.368225098, 359.959594727, 333.379760742, 502.054199219, 215.27734375, 88.2480773926, 53.7580184937, 41.9961929321, 16.7063388824, 6.95542287827, 1.76156997681, 0.626674950123, 0.180532842875, 0.0265855696052, 0.00329690263607, 0.00101262901444, 0.000118991818454, 2.55325772969e-07], "dmean": [0.0303808562458, 0.524815440178, 2.21222281456, 3.28053951263, 3.34804558754, 4.16914987564, 4.26406431198, 5.28221273422, 4.25886726379, 7.50587415695, 5.60742092133, 6.87134170532, 7.83870172501, 15.130657196, 12.6673536301, 10.6352586746, 13.8803396225, 21.679397583, 24.1017284393, 35.3403396606, 27.8015842438, 21.2071495056, 14.9100236893, 10.5354661942, 8.51093196869, 10.6274986267, 6.72963380814, 3.68808674812, 2.58208298683, 1.90493619442, 1.04861569405, 0.605735301971, 0.344927877188, 0.21425178647, 0.145109534264, 0.0648684054613, 0.0210205726326, 0.00894610118121, 0.00288045941852, 0.000132803645101], "max": [1.43564879894, 19.1169471741, 89.8878936768, 164.926620483, 120.970230103, 179.90814209, 243.578689575, 292.976745605, 210.586486816, 780.195739746, 802.925598145, 905.239013672, 635.102722168, 744.87902832, 1065.57641602, 667.478637695, 728.238220215, 1138.33496094, 1894.4005127, 1617.85461426, 974.514038086, 844.993408203, 1013.52874756, 424.781219482, 502.046234131, 465.120513916, 372.433990479, 190.026702881, 200.567977905, 196.865692139, 195.113937378, 160.312454224, 62.1740989685, 39.3892974854, 19.0704193115, 5.92706155777, 1.49113953114, 0.737771034241, 0.278320193291, 0.0116615537554], "var": [0.00810681190342, 2.10349774361, 38.6788825989, 81.2283477783, 65.9111633301, 138.746765137, 168.3855896, 249.825073242, 155.402160645, 1517.20068359, 960.43560791, 1219.40637207, 629.067626953, 2727.26342773, 2222.52929688, 1438.87976074, 1501.46179199, 5236.08496094, 8721.27832031, 13750.4023438, 7958.20605469, 4041.87744141, 2517.98217773, 1091.23913574, 885.940368652, 1642.00805664, 787.402099609, 205.056549072, 126.394775391, 104.338165283, 47.444480896, 19.701997757, 6.09951639175, 2.09470105171, 0.447229713202, 0.0870351567864, 0.00773141533136, 0.00112312613055, 0.000106011932075, 2.27213362791e-07], "mean": [0.0416761636734, 0.786300241947, 3.20720648766, 4.22407770157, 5.23261165619, 7.96528673172, 8.47694778442, 9.3046875, 8.64792156219, 15.9949016571, 11.3108882904, 14.9185628891, 16.1025981903, 29.4751567841, 25.8213043213, 23.2109508514, 28.3309173584, 41.6808891296, 49.5701026917, 72.6056137085, 64.5838012695, 50.7693519592, 36.1906471252, 25.0613155365, 20.0619430542, 24.1137943268, 16.7276878357, 8.66984176636, 5.99604892731, 4.10642910004, 2.32389259338, 1.31190228462, 0.793053150177, 0.472584068775, 0.289201527834, 0.140414074063, 0.0383039601147, 0.0102426419035, 0.00253848568536, 0.000137068826007]}, "spectral_strongpeak": {"dmean2": 1.35536921024, "median": 0.373452067375, "min": 0, "dvar2": 5.61095571518, "dvar": 2.22209525108, "dmean": 0.779481112957, "max": 14.8540716171, "var": 4.02331972122, "mean": 1.27645981312}, "spectral_energy": {"dmean2": 0.0111077772453, "median": 0.0198187883943, "min": 6.26408336757e-07, "dvar2": 0.000593954348005, "dvar": 0.000216590982745, "dmean": 0.00665964838117, "max": 0.196098804474, "var": 0.000332528696163, "mean": 0.0213201548904}, "average_loudness": 0.85143238306, "spectral_rolloff": {"dmean2": 627.653991699, "median": 2067.1875, "min": 107.666015625, "dvar2": 1046808.5625, "dvar": 453426.71875, "dmean": 381.61920166, "max": 16537.5, "var": 1490468, "mean": 1987.43432617}, "spectral_centroid": {"dmean2": 312.545532227, "median": 1783.68591309, "min": 167.34866333, "dvar2": 115816.367188, "dvar": 50930.03125, "dmean": 200.437774658, "max": 4509.48779297, "var": 500973.4375, "mean": 1705.20581055}, "pitch_salience": {"dmean2": 0.0886089652777, "median": 0.571913421154, "min": 0.144853189588, "dvar2": 0.0069943536073, "dvar": 0.00265802256763, "dmean": 0.0546907708049, "max": 0.991464555264, "var": 0.0103323720396, "mean": 0.568007707596}, "spectral_energyband_middle_high": {"dmean2": 0.00301119149663, "median": 0.00616383366287, "min": 3.34108563038e-07, "dvar2": 1.82392941497e-05, "dvar": 7.75572880229e-06, "dmean": 0.00193740881514, "max": 0.0413890369236, "var": 5.12389560754e-05, "mean": 0.0078506693244}, "spectral_contrast_coeffs": {"dmean2": [0.073336429894, 0.0660861507058, 0.05