{"tonal": {"thpcp": [1, 0.712734997272, 0.508199036121, 0.437115311623, 0.263389438391, 0.202843159437, 0.216481253505, 0.289521634579, 0.559139609337, 0.616233110428, 0.351460725069, 0.285572499037, 0.346197217703, 0.322033196688, 0.357585012913, 0.452985674143, 0.383460998535, 0.29765188694, 0.33359465003, 0.357275098562, 0.544912338257, 0.923528730869, 0.751037120819, 0.342627108097, 0.306278139353, 0.318301320076, 0.370242267847, 0.473119676113, 0.415012747049, 0.331733524799, 0.343378394842, 0.331758409739, 0.300865292549, 0.249503910542, 0.276432216167, 0.683125734329], "hpcp": {"dmean2": [0.217283070087, 0.224736258388, 0.208217695355, 0.219746083021, 0.21379211545, 0.262713521719, 0.345202207565, 0.299972087145, 0.192132085562, 0.176471143961, 0.175369694829, 0.181103736162, 0.199988469481, 0.194533392787, 0.172489568591, 0.172287598252, 0.178681150079, 0.174317896366, 0.145991057158, 0.162252247334, 0.26945823431, 0.301515430212, 0.298211425543, 0.296591877937, 0.255676925182, 0.156459510326, 0.124652005732, 0.128046929836, 0.172135800123, 0.286721855402, 0.281737923622, 0.202788814902, 0.169008567929, 0.183966755867, 0.182670846581, 0.201681390405], "median": [0.0255409795791, 0.0220150202513, 0.0183844547719, 0.0190762523562, 0.0208183676004, 0.0976023972034, 0.178849816322, 0.145188331604, 0.0306467190385, 0.0167805962265, 0.0166155286133, 0.0215580500662, 0.0232941284776, 0.028029885143, 0.0271833054721, 0.0250169970095, 0.0198836438358, 0.0167725160718, 0.0156073272228, 0.0248255990446, 0.112855002284, 0.148224815726, 0.117113307118, 0.0471208952367, 0.0284738913178, 0.01643916592, 0.0123766809702, 0.0150594972074, 0.0267279781401, 0.0367950499058, 0.0371714234352, 0.02973097004, 0.0262446291745, 0.035094961524, 0.0312022604048, 0.02349405922], "min": [0, 0, 0, 0, 0, 0, 0, 0, 0, 0, 0, 0, 0, 0, 0, 0, 0, 0, 0, 0, 0, 0, 0, 0, 0, 0, 0, 0, 0, 0, 0, 0, 0, 0, 0, 0], "dvar2": [0.116915941238, 0.121562443674, 0.11958450079, 0.125140681863, 0.115854755044, 0.109511889517, 0.149460420012, 0.124121487141, 0.0940494611859, 0.0939497277141, 0.0960664749146, 0.090598218143, 0.103727929294, 0.0917349159718, 0.0833329856396, 0.0832445397973, 0.0934607684612, 0.0950436964631, 0.0705563947558, 0.0629091411829, 0.0953368470073, 0.127602934837, 0.115837410092, 0.131768494844, 0.122926011682, 0.0687621533871, 0.0500902682543, 0.0549174509943, 0.0730197504163, 0.130988761783, 0.132036596537, 0.0855718776584, 0.0755168423057, 0.0830939263105, 0.0772514939308, 0.097966901958], "dvar": [0.0450315624475, 0.0442584902048, 0.0424454770982, 0.0462896227837, 0.0439351573586, 0.0401746556163, 0.0606874898076, 0.0493765920401, 0.0347809009254, 0.0356453210115, 0.0357736609876, 0.0349104069173, 0.0441164746881, 0.0362991318107, 0.0322280786932, 0.0326854363084, 0.035692051053, 0.0364132411778, 0.0271564647555, 0.0250394046307, 0.0393185205758, 0.0608479343355, 0.046162545681, 0.0524438992143, 0.049248367548, 0.0269640032202, 0.0191853828728, 0.0210412032902, 0.0282915309072, 0.0632744282484, 0.0716781541705, 0.0323780477047, 0.0283805858344, 0.0317963287234, 0.0286383572966, 0.0367596186697], "dmean": [0.123945564032, 0.125997260213, 0.113932996988, 0.120921649039, 0.119186513126, 0.148880571127, 0.202469527721, 0.175286740065, 0.10943120718, 0.100687205791, 0.100224107504, 0.104785002768, 0.11637634784, 0.113548859954, 0.0999061986804, 0.101688504219, 0.102715298533, 0.0994222611189, 0.083822414279, 0.0930529162288, 0.160751968622, 0.181035116315, 0.17717024684, 0.169142395258, 0.145313054323, 0.0901372358203, 0.0707596465945, 0.0731972903013, 0.0990752354264, 0.172183558345, 0.16341753304, 0.114842660725, 0.0964611321688, 0.107036754489, 0.104510992765, 0.113676421344], "max": [1, 1, 1, 1, 1, 1, 1, 1, 1, 1, 1, 1, 1, 1, 1, 1, 1, 1, 1, 1, 1, 1, 1, 1, 1, 1, 1, 1, 1, 1, 1, 1, 1, 1, 1, 1], "var": [0.0710888579488, 0.0510470867157, 0.038269687444, 0.0456631071866, 0.0513683520257, 0.0503222718835, 0.104322850704, 0.0758288428187, 0.0403078943491, 0.0423534177244, 0.0449744164944, 0.0485987588763, 0.0787733718753, 0.0542815290391, 0.0410252213478, 0.0434178635478, 0.0438128560781, 0.0411362498999, 0.0297094937414, 0.0279768183827, 0.0660579651594, 0.139606192708, 0.0727112144232, 0.0647507384419, 0.0592428073287, 0.0282034501433, 0.0206159539521, 0.021724594757, 0.0285962447524, 0.0836350694299, 0.106612160802, 0.0356848537922, 0.0290472898632, 0.0358259044588, 0.0301902592182, 0.0446418151259], "mean": [0.150588199496, 0.127475783229, 0.0989498496056, 0.110898472369, 0.118770681322, 0.181147828698, 0.307013094425, 0.249670878053, 0.113901175559, 0.101817511022, 0.105814434588, 0.123081415892, 0.157281443477, 0.137964680791, 0.110279768705, 0.114150926471, 0.11028803885, 0.10001809895, 0.0829437822104, 0.0918956920505, 0.227094769478, 0.332434803247, 0.23693792522, 0.168943047523, 0.145312339067, 0.0875598117709, 0.067432127893, 0.0719659030437, 0.0962470695376, 0.185877457261, 0.204857334495, 0.116837777197, 0.0949342399836, 0.115088008344, 0.107055038214, 0.1188737005]}, "tuning_equal_tempered_deviation": 0.131012707949, "chords_changes_rate": 0.0850386545062, "key_key": "E", "tuning_diatonic_strength": 0.432821631432, "key_scale": "minor", "chords_number_rate": 0.00250113685615, "tuning_frequency": 439.238189697, "tuning_nontempered_energy_ratio": 0.745198249817, "chords_histogram": [35.0841293335, 7.34424734116, 0.0454752147198, 0.636653006077, 1.0231924057, 13.1878128052, 7.45793533325, 19.9408817291, 0.181900858879, 0, 0.0682128220797, 2.31923604012, 1.22783088684, 0, 0, 0.477489769459, 0.0227376073599, 0.181900858879, 4.47930860519, 1.52341973782, 0.591177821159, 0.0682128220797, 0.568440198898, 3.56980443001], "key_strength": 0.659881830215, "chords_key": "E", "chords_strength": {"dmean2": 0.0136846043169, "median": 0.51373064518, "min": -1, "dvar2": 0.000974364753347, "dvar": 0.000535215483978, "dmean": 0.0125302588567, "max": 0.787444651127, "var": 0.0243933517486, "mean": 0.489461541176}, "chords_scale": "minor", "hpcp_entropy": {"dmean2": 1.17966508865, "median": 2.3236322403, "min": 0, "dvar2": 0.907904267311, "dvar": 0.347038298845, "dmean": 0.71475982666, "max": 4.68045711517, "var": 0.829588532448, "mean": 2.27988767624}}, "metadata": {"audio_properties": {"equal_loudness": 0, "codec": "mp3", "downmix": "mix", "sample_rate": 44100, "analysis_sample_rate": 44100, "bit_rate": 245901, "md5_encoded": "ff665ceb6e6e82579da2fcc96451a0f5", "length": 204.173065186, "replay_gain": -7.22304725647, "lossless": false}, "version": {"essentia_build_sha": "2d9f1f26377add8aeb1075a9c2973f962c4f09fd", "essentia": "2.1-beta2", "extractor": "music 1.0", "essentia_git_sha": "v2.1_beta2-1-ge3940c0"}, "tags": {"title": ["Kris Kringle Was a Car Thief"], "barcode": ["721616016420"], "media": ["CD"], "albumartist": ["Wesley Willis"], "musicbrainz_recordingid": ["07f85a11-7854-43a7-83ee-3cbfabd15c17"], "musicbrainz_albumartistid": ["b0a16d0c-3d99-487d-be88-902131ad03d3"], "discnumber": ["1/1"], "album": ["Greatest Hits"], "catalognumber": ["Virus 164CD"], "musicbrainz album release country": ["US"], "musicbrainz album type": ["album", "compilation"], "musicbrainz album status": ["official"], "originaldate": ["1995-06-28"], "date": ["1995-06-28"], "file_name": "12 - Wesley Willis - Kris Kringle Was a Car Thief.mp3", "musicbrainz_releasegroupid": ["de232723-ed5b-39fd-8283-4ad55149a887"], "script": ["Latn"], "asin": ["B000000FAL"], "musicbrainz_albumid": ["5bb4bb1a-db88-45c4-b55a-c13c062dd8f3"], "artist": ["Wesley Willis"], "artistsort": ["Willis, Wesley"], "tracknumber": ["12/22"], "label": ["Alternative Tentacles"], "albumartistsort": ["Willis, Wesley"], "musicbrainz_artistid": ["b0a16d0c-3d99-487d-be88-902131ad03d3"]}}, "rhythm": {"bpm_histogram_first_peak_bpm": {"dmean2": 0, "median": 172, "min": 172, "dvar2": 0, "dvar": 0, "dmean": 0, "max": 172, "var": 0, "mean": 172}, "bpm": 172.265426636, "bpm_histogram_second_peak_spread": {"dmean2": 0, "median": 0, "min": 0, "dvar2": 0, "dvar": 0, "dmean": 0, "max": 0, "var": 0, "mean": 0}, "bpm_histogram_first_peak_weight": {"dmean2": 0, "median": 0.549912452698, "min": 0.549912452698, "dvar2": 0, "dvar": 0, "dmean": 0, "max": 0.549912452698, "var": 0, "mean": 0.549912452698}, "onset_rate": 3.55070734024, "beats_position": [0.417959183455, 0.847528338432, 1.26548755169, 1.68344664574, 2.08979582787, 2.50775504112, 2.92571425438, 3.36689329147, 3.80807256699, 4.2492518425, 4.66721057892, 5.08516979218, 5.50312900543, 5.93269824982, 6.29260778427, 6.62929677963, 6.96598625183, 7.30267572403, 7.63936471939, 7.97605419159, 8.31274318695, 8.64943313599, 8.98612213135, 9.32281208038, 9.65950107574, 9.98458003998, 10.321269989, 10.6579589844, 10.9830379486, 11.3197278976, 11.6448068619, 12.0279359818, 12.3994560242, 12.782585144, 13.1657142639, 13.5604534149, 13.9551925659, 14.3499317169, 14.7446708679, 15.0929698944, 15.4412698746, 15.7779588699, 16.114648819, 16.4629478455, 16.8112468719, 17.1711559296, 17.5310649872, 17.8793640137, 18.2276649475, 18.575963974, 18.9242630005, 19.272562027, 19.6324710846, 19.9923801422, 20.3406791687, 20.6889801025, 21.037279129, 21.3855781555, 21.7454872131, 22.1053962708, 22.4536952972, 22.8019943237, 23.1502952576, 23.4985942841, 23.8585033417, 24.2184123993, 24.5667114258, 24.9150104523, 25.2633094788, 25.6232185364, 25.9831295013, 26.3314285278, 26.6797275543, 27.0280265808, 27.3879356384, 27.747844696, 28.1077537537, 28.4560546875, 28.8159637451, 29.1642627716, 29.5125617981, 29.8724708557, 30.2323799133, 30.5806789398, 30.9289798737, 31.2772789001, 31.6371879578, 31.9970970154, 32.3453979492, 32.6936950684, 33.0419960022, 33.3902931213, 33.7385940552, 34.0868911743, 34.4468002319, 34.8067131042, 35.1550102234, 35.5033111572, 35.8632202148, 36.2231292725, 36.5714263916, 36.9197273254, 37.2680282593, 37.6163253784, 37.976234436, 38.3361434937, 38.6844444275, 39.0327415466, 39.3810424805, 39.7409515381, 40.1008605957, 40.4491615295, 40.7974586487, 41.1457595825, 41.4940567017, 41.8539657593, 42.2138786316, 42.5621757507, 42.9104766846, 43.2703857422, 43.6302947998, 43.9785919189, 44.3268928528, 44.6868019104, 45.046710968, 45.3950119019, 45.743309021, 46.0916099548, 46.439907074, 46.7882080078, 47.1481170654, 47.508026123, 47.8563270569, 48.204624176, 48.5529251099, 48.9128341675, 49.2727432251, 49.6210403442, 49.9693412781, 50.3292503357, 50.6891593933, 51.0374603271, 51.3857574463, 51.7340583801, 52.0823554993, 52.4306564331, 52.7905654907, 53.1504745483, 53.4987754822, 53.8702926636, 54.2185935974, 54.5668907166, 54.9151916504, 55.2634925842, 55.6117897034, 55.9600906372, 56.3199996948, 56.668296814, 57.0165977478, 57.3765068054, 57.7248077393, 58.0847167969, 58.4446258545, 58.7929229736, 59.1412239075, 59.4895210266, 59.8494338989, 60.2093429565, 60.5576400757, 60.9059410095, 61.2542381287, 61.6025390625, 61.9624481201, 62.3223571777, 62.6706581116, 63.0189552307, 63.3788642883, 63.7387733459, 64.0870742798, 64.4353713989, 64.7836685181, 65.1319732666, 65.4802703857, 65.8401794434, 66.200088501, 66.5483856201, 66.8966903687, 67.2565994263, 67.6165084839, 67.964805603, 68.3131027222, 68.6730117798, 69.0213165283, 69.3812255859, 69.7295227051, 70.0778198242, 70.4377288818, 70.7976379395, 71.145942688, 71.4942398071, 71.8425369263, 72.2024459839, 72.5623550415, 72.91065979, 73.2589569092, 73.6072540283, 73.9555511475, 74.3154602051, 74.6637649536, 75.0120620728, 75.3719711304, 75.731880188, 76.0917892456, 76.4400863647, 76.7883911133, 77.1366882324, 77.4849853516, 77.8448944092, 78.2048034668, 78.5531082153, 78.9014053345, 79.2497024536, 79.5979995728, 79.9579086304, 80.3178253174, 80.6661224365, 81.0144195557, 81.3627166748, 81.7226257324, 82.08253479, 82.4308395386, 82.7791366577, 83.1274337769, 83.4873428345, 83.8472518921, 84.1955566406, 84.5438537598, 84.8921508789, 85.2520599365, 85.6119689941, 85.9602737427, 86.3085708618, 86.6684799194, 87.0283889771, 87.3766860962, 87.7249908447, 88.0732879639, 88.421585083, 88.7814941406, 89.1414031982, 89.4897003174, 89.8380050659, 90.1863021851, 90.5345993042, 90.8945083618, 91.2544174194, 91.602722168, 91.9510192871, 92.2993164063, 92.6592254639, 93.0075302124, 93.36743927, 93.7157363892, 94.0640335083, 94.4239425659, 94.7838516235, 95.1321487427, 95.4804534912, 95.8403625488, 96.2002716064, 96.5485687256, 96.8968658447, 97.2451705933, 97.5934677124, 97.95337677, 98.3132858276, 98.6615829468, 99.0098876953, 99.3581848145, 99.7180938721, 100.07800293, 100.426300049, 100.774604797, 101.122901917, 101.482810974, 101.842720032, 102.191017151, 102.53931427, 102.887619019, 103.247528076, 103.607437134, 103.955734253, 104.304031372, 104.652336121, 105.012245178, 105.372154236, 105.720451355, 106.068748474, 106.417053223, 106.77696228, 107.136871338, 107.485168457, 107.833465576, 108.181770325, 108.541679382, 108.90158844, 109.249885559, 109.598182678, 109.946479797, 110.306388855, 110.666305542, 111.014602661, 111.36289978, 111.711196899, 112.071105957, 112.431015015, 112.779319763, 113.127616882, 113.475914001, 113.82421875, 114.184127808, 114.544036865, 114.892333984, 115.240631104, 115.588935852, 115.94884491, 116.308753967, 116.657051086, 117.005348206, 117.353645325, 117.713554382, 118.07346344, 118.421768188, 118.770065308, 119.118362427, 119.478271484, 119.838180542, 120.186485291, 120.53478241, 120.883079529, 121.231384277, 121.591293335, 121.951202393, 122.299499512, 122.647796631, 122.99609375, 123.356010437, 123.715919495, 124.064216614, 124.412513733, 124.760810852, 125.12071991, 125.480628967, 125.828933716, 126.177230835, 126.525527954, 126.885437012, 127.245346069, 127.593650818, 127.941947937, 128.290252686, 128.650161743, 129.010070801, 129.35836792, 129.706665039, 130.054962158, 130.414871216, 130.774780273, 131.123077393, 131.471374512, 131.81968689, 132.179595947, 132.539505005, 132.887802124, 133.236099243, 133.584396362, 133.94430542, 134.304214478, 134.652511597, 135.000808716, 135.349105835, 135.697418213, 136.057327271, 136.417236328, 136.765533447, 137.113830566, 137.462127686, 137.822036743, 138.181945801, 138.53024292, 138.878540039, 139.226852417, 139.586761475, 139.946670532, 140.294967651, 140.643264771, 140.99156189, 141.351470947, 141.711380005, 142.059677124, 142.407974243, 142.756271362, 143.10458374, 143.464492798, 143.824401855, 144.172698975, 144.532608032, 144.89251709, 145.240814209, 145.589111328, 145.949020386, 146.308929443, 146.657226563, 147.005523682, 147.35383606, 147.713745117, 148.073654175, 148.421951294, 148.770248413, 149.118545532, 149.466842651, 149.826751709, 150.186660767, 150.534957886, 150.883255005, 151.231567383, 151.579864502, 151.93977356, 152.299682617, 152.647979736, 152.996276855, 153.344573975, 153.692871094, 154.041183472, 154.401092529, 154.761001587, 155.109298706, 155.469207764, 155.829116821, 156.17741394, 156.537322998, 156.874008179, 157.222305298, 157.570602417, 157.930511475, 158.290420532, 158.63873291, 158.987030029, 159.346939087, 159.706848145, 160.055145264, 160.403442383, 160.751739502, 161.100036621, 161.459945679, 161.819854736, 162.168167114, 162.516464233, 162.864761353, 163.22467041, 163.584579468, 163.932876587, 164.281173706, 164.641082764, 165.000991821, 165.34928894, 165.69758606, 166.057495117, 166.417419434, 166.765716553, 167.114013672, 167.462310791, 167.81060791, 168.158905029, 168.518814087, 168.878723145, 169.227020264, 169.575332642, 169.935241699, 170.295150757, 170.643447876, 170.991744995, 171.340042114, 171.688339233, 172.036636353, 172.39654541, 172.756454468, 173.104751587, 173.453063965, 173.801361084, 174.161270142, 174.521179199, 174.869476318, 175.217773438, 175.566070557, 175.925979614, 176.285888672, 176.634185791, 176.982498169, 177.330795288, 177.690704346, 178.050613403, 178.398910522, 178.747207642, 179.095504761, 179.455413818, 179.815322876, 180.163619995, 180.511917114, 180.860229492, 181.22013855, 181.580047607, 181.928344727, 182.276641846, 182.624938965, 182.973236084, 183.333145142, 183.693054199, 184.041351318, 184.401260376, 184.761169434, 185.109481812, 185.457778931, 185.80607605, 186.154373169, 186.502670288, 186.862579346, 187.222488403, 187.570785522, 187.919082642, 188.26739502, 188.615692139, 188.975601196, 189.335510254, 189.683807373, 190.032104492, 190.39201355, 190.751922607, 191.100219727, 191.448516846, 191.796829224, 192.145126343, 192.5050354, 192.864944458, 193.213241577, 193.561538696, 193.921447754, 194.281356812, 194.629653931, 194.97795105, 195.337860107, 195.697769165, 196.069290161, 196.429199219, 196.800720215, 197.172241211, 197.555374146, 197.926895142, 198.286804199, 198.646713257, 198.995010376, 199.354919434, 199.703216553, 200.074737549, 200.446258545, 200.875823975, 201.305389404, 201.734954834, 202.164535522, 202.663757324, 203.151382446, 203.63899231], "beats_loudness": {"dmean2": 0.033777423203, "median": 0.0124397790059, "min": 0, "dvar2": 0.00360238924623, "dvar": 0.0012049357174, "dmean": 0.019100273028, "max": 0.293901979923, "var": 0.00104610680137, "mean": 0.0225169174373}, "danceability": 1.17464315891, "bpm_histogram_second_peak_weight": {"dmean2": 0, "median": 0.353765338659, "min": 0.353765338659, "dvar2": 0, "dvar": 0, "dmean": 0, "max": 0.353765338659, "var": 0, "mean": 0.353765338659}, "beats_count": 572, "bpm_histogram_second_peak_bpm": {"dmean2": 0, "median": 167, "min": 167, "dvar2": 0, "dvar": 0, "dmean": 0, "max": 167, "var": 0, "mean": 167}, "bpm_histogram_first_peak_spread": {"dmean2": 0, "median": 0, "min": 0, "dvar2": 0, "dvar": 0, "dmean": 0, "max": 0, "var": 0, "mean": 0}, "beats_loudness_band_ratio": {"dmean2": [0.373302906752, 0.499841958284, 0.242127671838, 0.200055375695, 0.0946661904454, 0.140947937965], "median": [0.624016344547, 0.15525123477, 0.0619416832924, 0.0269108768553, 0.0213654320687, 0.03649892658], "min": [0, 0, 0, 0, 0, 0], "dvar2": [0.0783836692572, 0.0839927196503, 0.0942486673594, 0.0812595039606, 0.020705666393, 0.00726461410522], "dvar": [0.0295127294958, 0.0241692345589, 0.032961320132, 0.0286792274565, 0.00754373148084, 0.00239070923999], "dmean": [0.210582286119, 0.257739692926, 0.133231282234, 0.111323565245, 0.0526062361896, 0.0716910213232], "max": [0.958711147308, 0.832158207893, 0.946539163589, 0.948165535927, 0.610535740852, 0.423927873373], "var": [0.0883631780744, 0.0337140746415, 0.0378880612552, 0.0350354351103, 0.0105627896264, 0.00293919444084], "mean": [0.511248469353, 0.216908767819, 0.149775475264, 0.123898044229, 0.0593233890831, 0.0578529313207]}}, "lowlevel": {"barkbands_spread": {"dmean2": 9.3354177475, "median": 16.016494751, "min": 0.0939260050654, "dvar2": 114.403961182, "dvar": 51.4261436462, "dmean": 6.06189537048, "max": 111.51676178, "var": 208.101715088, "mean": 20.0429477692}, "melbands_spread": {"dmean2": 10.1532087326, "median": 15.0183353424, "min": 0.126819893718, "dvar2": 147.097473145, "dvar": 70.0638046265, "dmean": 6.54444360733, "max": 274.829193115, "var": 386.208740234, "mean": 19.5772724152}, "hfc": {"dmean2": 7.86872911453, "median": 3.69966936111, "min": 1.06232840689e-16, "dvar2": 436.001312256, "dvar": 204.818099976, "dmean": 5.74827098846, "max": 360.894256592, "var": 566.007141113, "mean": 12.2288341522}, "barkbands_kurtosis": {"dmean2": 8.30146694183, "median": 3.45146751404, "min": -1.86285841465, "dvar2": 12989.2773438, "dvar": 4935.89111328, "dmean": 5.14173746109, "max": 5270.95556641, "var": 3818.10644531, "mean": 7.9412817955}, "gfcc": {"mean": [-77.4807510376, 80.3100585938, -106.310562134, 27.1208534241, -57.181312561, 13.4600248337, -34.3122291565, 4.75334835052, -22.9935302734, 1.79558217525, -19.8660011292, -0.84316444397, -11.8964195251], "icov": [[0.000152492415509, -0.000272971141385, 0.000352751580067, -0.000267661263933, 0.000298563827528, -0.000340429600328, 0.000374465627829, -0.000486084929435, 0.000607925467193, -0.000415083515691, 0.000618310528807, -0.000404228863772, 0.000663066632114], [-0.000272971141385, 0.00158922502305, -0.000555172620807, 0.000586970651057, -0.000595243822318, 0.000449571380159, -0.000527347554453, 0.00112665467896, -0.0021835390944, 0.00207896321081, -0.00184474198613, 0.00150366360322, -0.00088432157645], [0.000352751580067, -0.000555172620807, 0.00194129208103, -0.00168274855241, 0.000292858981993, -0.00083412847016, 0.000527296739165, -0.00145644147415, 0.00228128978051, -0.00194369745441, 0.00229880237021, -0.00159427931067, 0.00215785740875], [-0.000267661263933, 0.000586970651057, -0.00168274855241, 0.00374076236039, -0.000534685445018, 3.35353433911e-05, 0.000815704057459, 0.000150573469, -0.000856236903928, 0.00093746453058, -0.00063013820909, 0.00303379097022, -0.00389201124199], [0.000298563827528, -0.000595243822318, 0.000292858981993, -0.000534685445018, 0.00529601750895, -0.00185425858945, 0.000207512581255, 0.00089673086768, -0.00256968545727, 0.000473793683341, 0.000964294828009, -0.00150344567373, 0.00193738867529], [-0.000340429600328, 0.000449571380159, -0.00083412847016, 3.35353433911e-05, -0.00185425858945, 0.00860700476915, -0.00432247854769, -0.000562835193705, 0.00341450213455, -0.00320986332372, -0.000597562699113, 0.00217920914292, -0.00228935922496], [0.000374465627829, -0.000527347554453, 0.000527296739165, 0.000815704057459, 0.000207512581255, -0.00432247854769, 0.0105535360053, -0.00548426574096, 0.000893501855899, 0.00396073097363, -0.00309948134236, 0.000545982155018, 0.00056048494298], [-0.000486084929435, 0.00112665467896, -0.00145644147415, 0.000150573469, 0.00089673086768, -0.000562835193705, -0.00548426574096, 0.0162447914481, -0.0100592300296, 0.00126646750141, 0.00183737452608, -0.00713761616498, 0.00364429107867], [0.000607925467193, -0.0021835390944, 0.00228128978051, -0.000856236903928, -0.00256968545727, 0.00341450213455, 0.000893501855899, -0.0100592300296, 0.0214849505574, -0.0103254485875, -0.000655545038171, 0.00744063034654, -0.00536963995546], [-0.000415083515691, 0.00207896321081, -0.00194369745441, 0.00093746453058, 0.000473793683341, -0.00320986332372, 0.00396073097363, 0.00126646750141, -0.0103254485875, 0.0191624127328, -0.0071423263289, -0.0015809063334, 0.00544390361756], [0.000618310528807, -0.00184474198613, 0.00229880237021, -0.00063013820909, 0.000964294828009, -0.000597562699113, -0.00309948134236, 0.00183737452608, -0.000655545038171, -0.0071423263289, 0.0197178181261, -0.00872115697712, 0.00363532663323], [-0.000404228863772, 0.00150366360322, -0.00159427931067, 0.00303379097022, -0.00150344567373, 0.00217920914292, 0.000545982155018, -0.00713761616498, 0.00744063034654, -0.0015809063334, -0.00872115697712, 0.0271892603487, -0.0132235623896], [0.000663066632114, -0.00088432157645, 0.00215785740875, -0.00389201124199, 0.00193738867529, -0.00228935922496, 0.00056048494298, 0.00364429107867, -0.00536963995546, 0.00544390361756, 0.00363532663323, -0.0132235623896, 0.0237544272095]], "cov": [[21598.0078125, 1130.98046875, -1640.4510498, 32.9546775818, -926.327026367, 285.894134521, -493.108337402, 140.737518311, -445.589111328, 82.2261352539, -348.71194458, -52.4592475891, -408.609619141], [1130.98046875, 1343.64746094, -614.918029785, -246.126800537, 103.086235046, -97.2200241089, 65.0808334351, -45.7745246887, 150.296783447, -97.2999572754, 94.6488876343, -70.5819168091, 24.1906337738], [-1640.4510498, -614.918029785, 2062.48876953, 753.128662109, 13.7100400925, 201.315979004, -91.3396606445, 73.6993103027, -172.374603271, 105.759719849, -187.26550293, 18.1684856415, -56.3602180481], [32.9546775818, -246.126800537, 753.128662109, 684.044372559, -4.65644836426, 63.1298065186, -115.557388306, -4.89441728592, -66.858215332, 14.1286973953, -120.316871643, -28.279876709, 27.8399181366], [-926.327026367, 103.086235046, 13.7100400925, -4.65644836426, 279.649139404, 20.2240009308, 40.8699760437, -0.163779497147, 72.5268859863, 3.52111315727, 27.2515697479, -10.4985523224, 11.4609994888], [285.894134521, -97.2200241089, 201.315979004, 63.1298065186, 20.2240009308, 215.140533447, 69.4294662476, 41.3411750793, -45.9570388794, 30.3269252777, -9.65574645996, 9.79785346985, -18.8460197449], [-493.108337402, 65.0808334351, -91.3396606445, -115.557388306, 40.8699760437, 69.4294662476, 211.301757813, 62.8505783081, 25.1441860199, -25.4566745758, 54.2853317261, 18.3615455627, 7.71279907227], [140.737518311, -45.7745246887, 73.6993103027, -4.89441728592, -0.163779497147, 41.3411750793, 62.8505783081, 134.504516602, 39.7846374512, 32.3075294495, 8.71912002563, 25.9575214386, -16.5448589325], [-445.589111328, 150.296783447, -172.374603271, -66.858215332, 72.5268859863, -45.9570388794, 25.1441860199, 39.7846374512, 152.734664917, 37.9911346436, 50.2314338684, -16.2339057922, 14.7905273438], [82.2261352539, -97.2999572754, 105.759719849, 14.1286973953, 3.52111315727, 30.3269252777, -25.4566745758, 32.3075294495, 37.9911346436, 122.904159546, 24.9283485413, 5.61051559448, -35.2003898621], [-348.71194458, 94.6488876343, -187.26550293, -120.316871643, 27.2515697479, -9.65574645996, 54.2853317261, 8.71912002563, 50.2314338684, 24.9283485413, 114.236076355, 22.5135822296, 5.47581958771], [-52.4592475891, -70.5819168091, 18.1684856415, -28.279876709, -10.4985523224, 9.79785346985, 18.3615455627, 25.9575214386, -16.2339057922, 5.61051559448, 22.5135822296, 71.5986862183, 21.3943634033], [-408.609619141, 24.1906337738, -56.3602180481, 27.8399181366, 11.4609994888, -18.8460197449, 7.71279907227, -16.5448589325, 14.7905273438, -35.2003898621, 5.47581958771, 21.3943634033, 86.1721725464]]}, "spectral_energyband_middle_low": {"dmean2": 0.00632358063012, "median": 0.00279463687912, "min": 1.5721115579e-22, "dvar2": 0.000311533513013, "dvar": 0.000149702944327, "dmean": 0.00426516123116, "max": 0.416673541069, "var": 0.000275211699773, "mean": 0.00773142743856}, "melbands_crest": {"dmean2": 5.77430105209, "median": 14.3305082321, "min": 1.54096400738, "dvar2": 25.082616806, "dvar": 9.87740516663, "dmean": 3.54330873489, "max": 39.9598999023, "var": 27.4937076569, "mean": 14.4426841736}, "spectral_kurtosis": {"dmean2": 2.69975662231, "median": 2.91589450836, "min": -1.24529910088, "dvar2": 17.7343254089, "dvar": 6.97485589981, "dmean": 1.73408293724, "max": 45.7642631531, "var": 21.6235485077, "mean": 4.72398042679}, "spectral_rms": {"dmean2": 0.00103631371167, "median": 0.00242780102417, "min": 3.11877476969e-12, "dvar2": 1.90473133443e-06, "dvar": 1.06663867427e-06, "dmean": 0.000753058237024, "max": 0.0212080441415, "var": 4.91775745104e-06, "mean": 0.00307475565933}, "zerocrossingrate": {"dmean2": 0.0123507613316, "median": 0.0556640625, "min": 0, "dvar2": 0.000166972415172, "dvar": 0.000154161956743, "dmean": 0.0107118673623, "max": 0.54296875, "var": 0.00356701831333, "mean": 0.0673915818334}, "silence_rate_60dB": {"dmean2": 0.185168340802, "median": 0, "min": 0, "dvar2": 0.17181622982, "dvar": 0.0839988067746, "dmean": 0.0925736352801, "max": 1, "var": 0.187707737088, "mean": 0.250398010015}, "erbbands_kurtosis": {"dmean2": 1.95910036564, "median": -0.464078843594, "min": -1.81727588177, "dvar2": 20.4929504395, "dvar": 8.52843761444, "dmean": 1.25661110878, "max": 77.9595489502, "var": 16.787519455, "mean": 0.784818887711}, "erbbands": {"dmean2": [0.0456540696323, 0.417739063501, 0.477058887482, 1.29110193253, 4.50285863876, 4.15931940079, 3.27865076065, 2.89320135117, 18.3178443909, 45.6195487976, 30.4881706238, 41.7025947571, 28.9463787079, 36.8927650452, 56.9355926514, 82.231880188, 42.8901443481, 31.2502422333, 16.8746051788, 13.0481977463, 9.78950786591, 7.00829792023, 4.94341373444, 4.51176929474, 2.47295165062, 2.21582055092, 2.28285765648, 1.65045619011, 1.20918619633, 1.05953645706, 0.684855103493, 0.406071603298, 0.366937339306, 0.22770190239, 0.177000746131, 0.0844885706902, 0.027808226645, 0.00549737969413, 0.000396043004002, 2.10122088902e-05], "median": [0.00869640521705, 0.128103494644, 0.234062224627, 1.09411048889, 1.88861966133, 3.02856707573, 1.42810344696, 0.837654709816, 1.87815403938, 2.00634980202, 1.84290885925, 2.32339143753, 1.96564495564, 1.8228328228, 1.4478225708, 1.55130577087, 1.52955687046, 1.63064074516, 1.41687047482, 1.50728058815, 1.65186023712, 1.51503634453, 1.26774716377, 1.18856143951, 1.13039958477, 1.02145290375, 1.07731258869, 0.892141640186, 0.664095938206, 0.519412517548, 0.271095812321, 0.226200550795, 0.154156595469, 0.0833218544722, 0.0429727584124, 0.0140615664423, 0.00335098803043, 0.000737689086236, 6.39779609628e-05, 1.07942541945e-05], "min": [7.20425202209e-23, 5.59807656678e-22, 1.5615757336e-21, 3.81973023728e-21, 7.95689184242e-21, 3.20366598877e-20, 5.30529604955e-20, 4.21654380208e-20, 1.30381061181e-19, 1.81748860898e-19, 2.85364619278e-19, 3.05343409216e-19, 3.75943507142e-19, 6.98977802269e-19, 7.28600846064e-19, 1.24349141247e-18, 1.44564546198e-18, 1.74447283347e-18, 2.205010189e-18, 2.52887497347e-18, 3.22771644603e-18, 4.43724661428e-18, 5.30899613183e-18, 6.9698139152e-18, 7.39657541837e-18, 8.42822101628e-18, 7.74798738519e-18, 9.42526234044e-18, 1.02222773304e-17, 9.33313509972e-18, 1.04541071048e-17, 1.01817719502e-17, 8.74193009077e-18, 7.13092719183e-18, 5.72361421001e-18, 4.38004128466e-18, 2.41090557643e-18, 7.70491857223e-19, 2.56363796249e-19, 2.71530307877e-20], "dvar2": [0.00929937046021, 0.891742229462, 0.754030525684, 3.73989367485, 90.0918426514, 71.7942886353, 136.374588013, 262.663085938, 7681.25292969, 35825.7929688, 16266.8916016, 102854.703125, 28807.7851563, 40332.4140625, 195882.953125, 177881.03125, 35122.9179688, 25344.9296875, 6484.82080078, 3219.17529297, 827.24017334, 595.12677002, 314.985778809, 192.459594727, 27.7775936127, 20.8433666229, 20.0994205475, 9.34597396851, 6.40727567673, 4.48482751846, 2.23225665092, 0.582904815674, 0.523258209229, 0.172788232565, 0.107897646725, 0.0331881009042, 0.00371712562628, 0.000144811652717, 7.51716186187e-07, 1.43201206448e-09], "dvar": [0.00433672312647, 0.342297554016, 0.324526488781, 1.47234809399, 48.9004936218, 30.9989757538, 59.6499481201, 118.745758057, 3245.69995117, 17362.1425781, 7399.11132813, 49458.078125, 12168.4941406, 16805.7910156, 72733.59375, 79945.5703125, 15335.1386719, 10395.1943359, 2543.79199219, 1279.15380859, 370.763458252, 249.397842407, 133.629013062, 100.234291077, 12.1590194702, 8.4689617157, 8.94806003571, 5.67124128342, 3.42007398605, 2.54035973549, 1.14597666264, 0.350682020187, 0.331648439169, 0.115789011121, 0.0663934275508, 0.0169669911265, 0.00189572235104, 7.53659987822e-05, 4.12753649925e-07, 6.9740885289e-10], "dmean": [0.0289063155651, 0.243755996227, 0.287340760231, 0.79346549511, 3.11817264557, 2.64470243454, 2.12153291702, 1.85015034676, 11.4933252335, 30.7446365356, 19.9170265198, 27.4653930664, 18.7575321198, 24.0623111725, 36.5007019043, 54.6249084473, 27.8137054443, 20.3120975494, 10.8709506989, 8.25226020813, 6.29498434067, 4.57265329361, 3.18127894402, 3.00997042656, 1.56451356411, 1.35144972801, 1.44204449654, 1.17255318165, 0.910678267479, 0.790709257126, 0.508466243744, 0.322698205709, 0.292399197817, 0.177991271019, 0.133976027369, 0.0625971704721, 0.0195678826421, 0.00399708515033, 0.000290440919343, 1.50213936649e-05], "max": [0.838943004608, 8.46589946747, 6.68026638031, 23.2852172852, 130.009918213, 176.396896362, 302.548614502, 820.313781738, 1513.4161377, 3545.45532227, 3399.81762695, 9442.8984375, 4786.63818359, 3886.83984375, 12342.0195313, 9029.94042969, 3472.28735352, 3262.11645508, 1699.42346191, 1191.99450684, 720.946228027, 619.79296875, 488.883880615, 319.800262451, 107.496788025, 47.2855949402, 36.8495063782, 30.4011497498, 26.1243877411, 29.0709877014, 17.9548511505, 6.97060060501, 6.64809656143, 3.89352631569, 2.6770825386, 1.59340417385, 0.473170042038, 0.116463661194, 0.00918754376471, 0.000541134213563], "var": [0.00541906571016, 0.32354336977, 0.436949878931, 3.30582499504, 85.7628250122, 56.6342735291, 125.829940796, 171.374069214, 3917.87866211, 33146.734375, 13663.7548828, 68653.1328125, 21323.1171875, 20594.25, 64779.828125, 116146.851563, 22961.3164063, 13391.8818359, 3216.25268555, 2555.62988281, 903.992553711, 588.879821777, 298.792480469, 217.871780396, 25.6333808899, 11.3112392426, 14.8163051605, 13.8395824432, 8.3115978241, 7.0871181488, 2.69590544701, 0.995206594467, 0.848261356354, 0.348922908306, 0.171618938446, 0.0343134179711, 0.00328228622675, 0.000139801355544, 8.01132500783e-07, 1.58602941891e-09], "mean": [0.0364557206631, 0.294348925352, 0.443374842405, 1.59200572968, 4.79486608505, 5.12839651108, 3.64592146873, 2.63918423653, 14.2488327026, 43.2124977112, 28.0802326202, 33.9351844788, 26.6205692291, 29.7938861847, 41.8562431335, 66.5964355469, 35.2461700439, 25.5135974884, 15.4767770767, 13.9073629379, 11.1584062576, 8.35493755341, 5.59017419815, 5.0331492424, 2.71918797493, 2.20459961891, 2.46182823181, 2.25663685799, 1.74893665314, 1.58831906319, 0.938594520092, 0.631120502949, 0.523552060127, 0.337196499109, 0.225839704275, 0.0957118570805, 0.0270799268037, 0.00563436420634, 0.000426261976827, 2.80510630546e-05]}, "spectral_strongpeak": {"dmean2": 0.785845994949, "median": 0.294483542442, "min": 0, "dvar2": 2.48187327385, "dvar": 1.15047264099, "dmean": 0.521570384502, "max": 18.2555236816, "var": 3.05228662491, "mean": 0.985382676125}, "spectral_energy": {"dmean2": 0.0102363768965, "median": 0.00604157336056, "min": 9.96992472036e-21, "dvar2": 0.000543848203961, "dvar": 0.000262105226284, "dmean": 0.0071368040517, "max": 0.461025625467, "var": 0.000670080946293, "mean": 0.0147311845794}, "average_loudness": 0.244562521577, "spectral_rolloff": {"dmean2": 844.35748291, "median": 882.861328125, "min": 21.533203125, "dvar2": 1859215.5, "dvar": 820724.5, "dmean": 508.526824951, "max": 19638.28125, "var": 5529295, "mean": 1484.84130859}, "spectral_centroid": {"dmean2": 379.604766846, "median": 1104.79614258, "min": 208.776702881, "dvar2": 201509.0625, "dvar": 88853.7578125, "dmean": 245.065048218, "max": 11558.0507813, "var": 1408201.75, "mean": 1315.39746094}, "pitch_salience": {"dmean2": 0.129727050662, "median": 0.605858802795, "min": 0.00461292685941, "dvar2": 0.0155132319778, "dvar": 0.00642716465518, "dmean": 0.081906452775, "max": 0.998517811298, "var": 0.018369037658, "mean": 0.588394999504}, "spectral_energyband_middle_high": {"dmean2": 0.00450542895123, "median": 0.000422318698838, "min": 1.08647750078e-21, "dvar2": 0.000281559157884, "dvar": 0.000120355965919, "dmean": 0.00311821210198, "max": 0.301066249609, "var": 0.000227049284149, "mean": 0.00519452476874}, "spectral_contrast_coeffs": {"dmean2": [0.0767556279898, 0.0786093994975, 0.061338018626, 0.049272954464, 0.0329084992409, 0.0237777996808], "median": [-0.66026198864, -0.794588983059, -0.821809768677, -0.835310459137, -0.831480264664, -0.783363342285], "min": [-0.990266978741, -0.985083520412, -0.994160830975, -0.983312547207, -0.98666125536, -0.965148806572], "dvar2": [0.00412406865507, 0.00452692713588, 0.00277835223824, 0.00189886102453, 0.000788440462202, 0.000387622683775], "dvar": [0.00176041212399, 0.00208362028934, 0.00131629582029, 0.000893854128662, 0.000371235131752, 0.000182760253665], "dmean": [0.0481029264629, 0.0499745570123, 0.0390894711018, 0.0315648280084, 0.0207038894296, 0.0155378794298], "max": [-0.290131658316, -0.325201064348, -0.340267568827, -0.469623684883, -0.548016428947, -0.64850205183], "var": [0.00863638985902, 0.0115466155112, 0.00746860448271, 0.00584722263739, 0.00257671973668, 0.00142513576429], "mean": [-0.66101205349, -0.764041662216, -0.798495173454, -0.809580922127, -0.818842411041, -0.783592700958]}, "melbands_skewness": {"dmean2": 1.44287276268, "median": 3.12921667099, "min": -3.66582727432, "dvar2": 3.81367564201, "dvar": 1.67780339718, "dmean": 0.959354519844, "max": 58.9507102966, "var": 6.72857952118, "mean": 3.18122458458}, "spectral_spread": {"dmean2": 828360.125, "median": 5452852, "min": 929194.625, "dvar2": 1074563842050.0, "dvar": 656308699136, "dmean": 640923.875, "max": 42181820, "var": 17726001119200.0, "mean": 5620331.5}, "dissonance": {"dmean2": 0.0360731631517, "median": 0.474925816059, "min": 0.168809697032, "dvar2": 0.00224345712923, "dvar": 0.000873556884471, "dmean": 0.0216765198857, "max": 0.500000059605, "var": 0.00184474431444, "mean": 0.459980815649}, "spectral_skewness": {"dmean2": 0.324926197529, "median": 1.41169714928, "min": -0.0882652923465, "dvar2": 0.138286203146, "dvar": 0.0627044960856, "dmean": 0.217682316899, "max": 5.14271688461, "var": 0.373911887407, "mean": 1.56278657913}, "spectral_flux": {"dmean2": 0.0347567982972, "median": 0.043085642159, "min": 6.39875583075e-11, "dvar2": 0.00211625313386, "dvar": 0.000938433106057, "dmean": 0.0220615044236, "max": 0.517867147923, "var": 0.00280980858952, "mean": 0.0582911781967}, "spectral_contrast_valleys": {"dmean2": [0.668471038342, 0.583404898643, 0.507780194283, 0.397789120674, 0.353585243225, 0.377418488264], "median": [-7.62190771103, -7.25188827515, -7.78907585144, -8.21886634827, -8.12530136108, -10.4825162888], "min": [-28.243139267, -27.7520465851, -27.928232193, -27.6900157928, -27.5094223022, -27.4535903931], "dvar2": [0.331710278988, 0.209204807878, 0.169707074761, 0.112835742533, 0.148750454187, 0.211170300841], "dvar": [0.162844642997, 0.0850749313831, 0.0815852433443, 0.0608065240085, 0.0838488489389, 0.148875847459], "dmean": [0.416146427393, 0.34903922677, 0.318092346191, 0.261403858662, 0.233095020056, 0.307750165462], "max": [-5.61118745804, -5.07933568954, -4.68561697006, -5.60002660751, -6.22249794006, -8.66763401031], "var": [5.54589271545, 5.26836967468, 5.2098069191, 5.05485343933, 4.84294366837, 4.23800134659], "mean": [-8.10552692413, -7.60562849045, -8.03454017639, -8.41213226318, -8.40340709686, -10.7409181595]}, "erbbands_flatness_db": {"dmean2": 0.0292976908386, "median": 0.116676643491, "min": 0.0298516824841, "dvar2": 0.0011474393541, "dvar": 0.000712781620678, "dmean": 0.0219768062234, "max": 0.424705058336, "var": 0.00615270668641, "mean": 0.149484172463}, "spectral_energyband_high": {"dmean2": 0.000146069200127, "median": 0.000100415265479, "min": 6.80639912484e-21, "dvar2": 7.48898827396e-08, "dvar": 5.37696287495e-08, "dmean": 0.000118089446914, "max": 0.00238843634725, "var": 1.58107098969e-07, "mean": 0.000253288657404}, "spectral_entropy": {"dmean2": 0.244600728154, "median": 7.71811962128, "min": 5.4836025238, "dvar2": 0.0721613094211, "dvar": 0.0411635152996, "dmean": 0.17707324028, "max": 9.83219432831, "var": 0.350724428892, "mean": 7.64394140244}, "silence_rate_20dB": {"dmean2": 0.000454959052149, "median": 1, "min": 0, "dvar2": 0.000454782682937, "dvar": 0.000227351512876, "dmean": 0.000227453652769, "max": 1, "var": 0.000227325668675, "mean": 0.999772548676}, "melbands_flatness_db": {"dmean2": 0.0448927395046, "median": 0.200250566006, "min": 0.0031780153513, "dvar2": 0.00200118427165, "dvar": 0.000914342002943, "dmean": 0.0293530412018, "max": 0.543154418468, "var": 0.00436041969806, "mean": 0.203267142177}, "barkbands": {"dmean2": [6.01746869506e-05, 0.00170698529109, 0.000346786400769, 0.000755246612243, 0.00130704196636, 0.000323332555126, 0.0023224814795, 0.00140585703775, 0.00188358058222, 0.00109683547635, 0.00101710157469, 0.00223918654956, 0.000950331334025, 0.000554782978725, 0.000293520948617, 0.000192871419131, 0.000147244165419, 9.54827482929e-05, 6.71167217661e-05, 4.51094383607e-05, 4.98947738379e-05, 3.27947491314e-05, 2.8251322874e-05, 1.99167297978e-05, 2.30198293139e-05, 1.55714405992e-05, 1.94536437448e-06], "median": [1.28936899273e-05, 0.000528212403879, 0.000122272787848, 0.000424472906161, 0.000801462796517, 7.9669553088e-05, 0.000141281285323, 7.02817778802e-05, 9.12915420486e-05, 6.01560423092e-05, 3.25404616888e-05, 3.70052075596e-05, 3.08909184241e-05, 3.28311216435e-05, 2.46561230597e-05, 2.76399987342e-05, 2.63776655629e-05, 2.20901201828e-05, 2.19877401832e-05, 2.23905917665e-05, 2.41198758886e-05, 1.87745354197e-05, 1.11102999654e-05, 1.01770838228e-05, 7.01110184309e-06, 2.28124440582e-06, 3.18010279443e-07], "min": [5.37075979278e