{"tonal": {"thpcp": [1, 0.595947861671, 0.42260441184, 0.360411018133, 0.302381634712, 0.395091801882, 0.450231224298, 0.460804492235, 0.59693390131, 0.550040185452, 0.37500372529, 0.326525986195, 0.259003698826, 0.200352594256, 0.236584365368, 0.232859253883, 0.185056388378, 0.191357240081, 0.223416045308, 0.374732524157, 0.619224131107, 0.59106773138, 0.381239503622, 0.354391038418, 0.384518355131, 0.328715592623, 0.3050763309, 0.314749032259, 0.321403801441, 0.360422551632, 0.349708467722, 0.276180326939, 0.254217594862, 0.296868920326, 0.477520883083, 0.933611452579], "hpcp": {"dmean2": [0.265342801809, 0.272512018681, 0.222463592887, 0.209449663758, 0.212324261665, 0.199908435345, 0.189141601324, 0.197109892964, 0.214705362916, 0.222859099507, 0.215041905642, 0.192633002996, 0.188465341926, 0.219903722405, 0.290447026491, 0.313353478909, 0.336128741503, 0.335223406553, 0.265420764685, 0.221721097827, 0.210498303175, 0.218145653605, 0.236796364188, 0.29400369525, 0.380476146936, 0.318788975477, 0.245211139321, 0.207793459296, 0.167221784592, 0.136474087834, 0.133988812566, 0.138760045171, 0.125203147531, 0.130068153143, 0.164104998112, 0.23809286952], "median": [0.0983438491821, 0.107162736356, 0.0618341043591, 0.0483250506222, 0.0508941188455, 0.0499390363693, 0.0435182861984, 0.0405244790018, 0.0482166111469, 0.0572476536036, 0.0523615330458, 0.0389465130866, 0.035165771842, 0.0392595566809, 0.0859616547823, 0.167570650578, 0.209409505129, 0.120701313019, 0.0492917373776, 0.0389913246036, 0.041218303144, 0.0550187081099, 0.0622270703316, 0.0724937617779, 0.0696769207716, 0.0716405659914, 0.0609523616731, 0.0495406165719, 0.0356573052704, 0.0252171643078, 0.024911545217, 0.0244955103844, 0.0221173353493, 0.0211532898247, 0.0231349505484, 0.0517436079681], "min": [0, 0, 0, 0, 0, 0, 0, 0, 0, 0, 0, 0, 0, 0, 0, 0, 0, 0, 0, 0, 0, 0, 0, 0, 0, 0, 0, 0, 0, 0, 0, 0, 0, 0, 0, 0], "dvar2": [0.128775522113, 0.125898003578, 0.104770727456, 0.103074833751, 0.107168547809, 0.102549947798, 0.102849625051, 0.11163879931, 0.118230231106, 0.11635876447, 0.114564925432, 0.105685800314, 0.104378573596, 0.117623455822, 0.145554825664, 0.140559881926, 0.15103623271, 0.155353158712, 0.138593003154, 0.125719666481, 0.111491851509, 0.112263537943, 0.120668105781, 0.131195440888, 0.20790758729, 0.150935605168, 0.12313722074, 0.108422711492, 0.0840508788824, 0.064299620688, 0.0652680844069, 0.0614060461521, 0.0553587153554, 0.0628277212381, 0.0856057181954, 0.11527428031], "dvar": [0.0476767532527, 0.0443351939321, 0.0368820466101, 0.0381453335285, 0.039551332593, 0.0365541651845, 0.0367285236716, 0.0396837778389, 0.041566632688, 0.0415103547275, 0.0415639318526, 0.0370621234179, 0.0364707633853, 0.042003005743, 0.0519881546497, 0.0529685467482, 0.056284148246, 0.0553405322134, 0.0503921508789, 0.0452793501318, 0.038872834295, 0.0409891270101, 0.044531237334, 0.0460591129959, 0.07612708956, 0.0561762601137, 0.0442316457629, 0.0384211465716, 0.0293753836304, 0.0221018493176, 0.0232277996838, 0.0223751850426, 0.019682938233, 0.0220055859536, 0.0298490002751, 0.040163140744], "dmean": [0.153206184506, 0.155740514398, 0.124188371003, 0.118532292545, 0.121680483222, 0.113368220627, 0.106756910682, 0.110452026129, 0.119717605412, 0.125830635428, 0.121366277337, 0.106751739979, 0.103719480336, 0.121935799718, 0.16338019073, 0.178951814771, 0.191897943616, 0.188662022352, 0.148255169392, 0.124375522137, 0.116714030504, 0.123846895993, 0.135472550988, 0.165299400687, 0.211148113012, 0.181775435805, 0.138708412647, 0.116913497448, 0.0936851724982, 0.0756772905588, 0.0750093907118, 0.0780502259731, 0.0692505016923, 0.0722017213702, 0.0903691798449, 0.132398888469], "max": [1, 1, 1, 1, 1, 1, 1, 1, 1, 1, 1, 1, 1, 1, 1, 1, 1, 1, 1, 1, 1, 1, 1, 1, 1, 1, 1, 1, 1, 1, 1, 1, 1, 1, 1, 1], "var": [0.083752848208, 0.0709989592433, 0.0468355827034, 0.0450453571975, 0.0525022111833, 0.0373312570155, 0.0375290364027, 0.0422880463302, 0.0377896986902, 0.0418051443994, 0.0429440662265, 0.0321965441108, 0.0288491100073, 0.0361147113144, 0.0532623268664, 0.134066939354, 0.13829857111, 0.067961871624, 0.061379224062, 0.0551042668521, 0.0346473827958, 0.0539838820696, 0.0642762929201, 0.0530358999968, 0.0929471552372, 0.0778519064188, 0.0417954027653, 0.0373649038374, 0.0283288508654, 0.0202941577882, 0.033995885402, 0.0296309702098, 0.02039735578, 0.0220416709781, 0.0286847222596, 0.0426241494715], "mean": [0.235230103135, 0.224534079432, 0.144824787974, 0.134625628591, 0.146070361137, 0.124872066081, 0.115892015398, 0.119566470385, 0.122094474733, 0.136916875839, 0.132846817374, 0.104915037751, 0.0965718701482, 0.112774193287, 0.181400045753, 0.354659169912, 0.379878759384, 0.226387932897, 0.160538434982, 0.136912494898, 0.114868357778, 0.150086984038, 0.171033278108, 0.175049841404, 0.226762518287, 0.208948582411, 0.142455950379, 0.124040290713, 0.0983900055289, 0.0761096924543, 0.0898733735085, 0.0884582847357, 0.0702989920974, 0.0726925507188, 0.0848710089922, 0.142352923751]}, "tuning_equal_tempered_deviation": 0.187530398369, "chords_changes_rate": 0.0631738826632, "key_key": "D", "tuning_diatonic_strength": 0.497730702162, "key_scale": "minor", "chords_number_rate": 0.00136674265377, "tuning_frequency": 434.193115234, "tuning_nontempered_energy_ratio": 0.892049491405, "chords_histogram": [33.4092636108, 11.1009874344, 10.189825058, 1.45785880089, 0.592255115509, 2.46013665199, 0.151860281825, 3.31055426598, 0, 0.835231602192, 0.0759301409125, 0.516324996948, 0, 0.015186028555, 0, 0, 4.73804092407, 0.0455580875278, 0.759301424026, 0, 0.212604403496, 0, 5.77069091797, 24.3583908081], "key_strength": 0.73727875948, "chords_key": "D", "chords_strength": {"dmean2": 0.0123495627195, "median": 0.489005535841, "min": 0.204886287451, "dvar2": 0.000139013922308, "dvar": 8.85520275915e-05, "dmean": 0.0108294794336, "max": 0.785331964493, "var": 0.0083299940452, "mean": 0.490003407001}, "chords_scale": "minor", "hpcp_entropy": {"dmean2": 1.07617557049, "median": 3.01427054405, "min": 0, "dvar2": 0.772482097149, "dvar": 0.278325527906, "dmean": 0.641798138618, "max": 4.71935319901, "var": 0.716075897217, "mean": 2.92426657677}}, "metadata": {"audio_properties": {"equal_loudness": 0, "codec": "mp3", "downmix": "mix", "sample_rate": 44100, "analysis_sample_rate": 44100, "bit_rate": 256000, "md5_encoded": "3713994f72c58d87ffacdce5c9991ad1", "length": 305.7371521, "replay_gain": -11.416261673, "lossless": false}, "version": {"essentia_build_sha": "70f2e5ece6736b2c40cc944ad0e695b16b925413", "essentia": "2.1-beta2", "extractor": "music 1.0", "essentia_git_sha": "v2.1_beta2"}, "tags": {"title": ["Cry of Madness"], "barcode": ["4012466003620"], "media": ["CD"], "albumartist": ["Torchure"], "musicbrainz_recordingid": ["07fd2550-204a-4e37-b818-d9e2172f83e9"], "originalyear": ["1993"], "discnumber": ["1/1"], "album": ["The Essence"], "catalognumber": ["3770036.2 42"], "contentgroup": ["Death Metal"], "musicbrainz album type": ["album"], "musicbrainz album status": ["official"], "file_name": "09 Cry of Madness.mp3", "musicbrainz_albumartistid": ["f31f6e85-e045-44e0-b826-8458c6adec79"], "date": ["1993"], "genre": ["Death Metal"], "musicbrainz album release country": ["DE"], "musicbrainz_releasegroupid": ["256ca6f1-ef29-31b7-ada0-2e7cb3c119ab"], "script": ["Latn"], "originaldate": ["1993"], "musicbrainz_albumid": ["9d08eb03-9c59-4e1e-98ec-467c8428a677"], "artist": ["Torchure"], "artistsort": ["Torchure"], "tracknumber": ["9/12"], "label": ["1MF Recordz"], "albumartistsort": ["Torchure"], "musicbrainz_artistid": ["f31f6e85-e045-44e0-b826-8458c6adec79"]}}, "rhythm": {"bpm_histogram_first_peak_bpm": {"dmean2": 0, "median": 117, "min": 117, "dvar2": 0, "dvar": 0, "dmean": 0, "max": 117, "var": 0, "mean": 117}, "bpm": 118.392593384, "bpm_histogram_second_peak_spread": {"dmean2": 0, "median": 0, "min": 0, "dvar2": 0, "dvar": 0, "dmean": 0, "max": 0, "var": 0, "mean": 0}, "bpm_histogram_first_peak_weight": {"dmean2": 0, "median": 0.0818330571055, "min": 0.0818330571055, "dvar2": 0, "dvar": 0, "dmean": 0, "max": 0.0818330571055, "var": 0, "mean": 0.0818330571055}, "onset_rate": 2.6786699295, "beats_position": [0.522448956966, 1.06811785698, 1.60217678547, 2.12462592125, 2.65868473053, 3.20435357094, 3.73841261864, 4.27247142792, 4.80653047562, 5.34058952332, 5.87464857101, 6.40870714188, 6.94276618958, 7.4884352684, 8.0224943161, 8.56816291809, 9.10222244263, 9.63628101349, 10.1703395844, 10.7043991089, 11.2384576797, 11.7725172043, 12.294965744, 12.840634346, 13.3746938705, 13.9087524414, 14.4428119659, 14.9884805679, 15.5341491699, 16.0682086945, 16.6138763428, 17.1595458984, 17.693605423, 18.2392749786, 18.784942627, 19.3306121826, 19.8646717072, 20.3987293243, 20.9327888489, 21.4668483734, 21.9892959595, 22.5117454529, 23.0341949463, 23.5682544708, 24.0790920258, 24.589931488, 25.1007709503, 25.6000003815, 26.0992279053, 26.5984573364, 27.1092967987, 27.6085262299, 28.1193637848, 28.6185932159, 29.1178226471, 29.6286621094, 30.1394996643, 30.6503391266, 31.1495685577, 31.6487979889, 32.1480255127, 32.6356468201, 33.111656189, 33.5992736816, 34.0985031128, 34.6093406677, 35.1201820374, 35.6426315308, 36.1534690857, 36.6643066406, 37.1751480103, 37.6859855652, 38.1968231201, 38.7076644897, 39.2185020447, 39.7293434143, 40.216960907, 40.6929702759, 41.1689796448, 41.6565971375, 42.1442184448, 42.6318359375, 43.1310653687, 43.6302947998, 44.1179122925, 44.5939216614, 45.0699310303, 45.5459403992, 46.0219497681, 46.5095672607, 46.9855766296, 47.473197937, 47.9724235535, 48.4600448608, 48.9476623535, 49.4585037231, 49.9577331543, 50.4685707092, 50.9678001404, 51.4786376953, 51.9894790649, 52.5003166199, 53.0111541748, 53.4987754822, 54.0096130371, 54.5088424683, 55.0080718994, 55.5073013306, 56.0065307617, 56.4825401306, 56.9585494995, 57.4461669922, 57.9337844849, 58.433013916, 58.9322433472, 59.4198646545, 59.919090271, 60.4299316406, 60.9291610718, 61.4399986267, 61.9508361816, 62.4616775513, 62.9725151062, 63.4833564758, 63.9709739685, 64.470199585, 64.9694290161, 65.4570541382, 65.9446716309, 66.443901062, 66.9547348022, 67.4655761719, 67.964805603, 68.4756469727, 68.9864807129, 69.4973220825, 70.0081634521, 70.5189971924, 71.0182266235, 71.5290679932, 72.0399093628, 72.5391387939, 73.0267562866, 73.5259857178, 74.0252151489, 74.5244445801, 75.0236740112, 75.5229034424, 76.0221328735, 76.5329666138, 77.0438079834, 77.5662536621, 78.0770950317, 78.5879364014, 79.098777771, 79.6096115112, 80.1320648193, 80.503578186, 80.8750991821, 81.2466201782, 81.6181411743, 82.0244903564, 82.4308395386, 82.8371887207, 83.2435379028, 83.661491394, 84.0678405762, 84.4741897583, 84.8341064453, 85.1940155029, 85.5655288696, 85.9138336182, 86.2621307373, 86.6220397949, 86.9703369141, 87.3186416626, 87.6669387817, 88.0152359009, 88.3519287109, 88.7002258301, 89.0485229492, 89.4084320068, 89.7683410645, 90.116645813, 90.4649429321, 90.8132400513, 91.1615371704, 91.5098419189, 91.8581390381, 92.2064361572, 92.5431289673, 92.8798141479, 93.2281188965, 93.5764160156, 93.9247131348, 94.2730178833, 94.6213150024, 94.9812240601, 95.3411331177, 95.6894302368, 96.037727356, 96.3976364136, 96.7459411621, 97.1058502197, 97.4541473389, 97.802444458, 98.1507492065, 98.4990463257, 98.8589553833, 99.2188644409, 99.5671615601, 99.9154663086, 100.263763428, 100.612060547, 100.971969604, 101.320266724, 101.656959534, 101.993652344, 102.330337524, 102.678634644, 103.015327454, 103.352012634, 103.688705444, 104.025398254, 104.362083435, 104.698776245, 105.047073364, 105.395370483, 105.732063293, 106.068748474, 106.393829346, 106.730522156, 107.067207336, 107.392288208, 107.740585327, 108.065666199, 108.39074707, 108.727432251, 109.064125061, 109.389205933, 109.725891113, 110.062583923, 110.387664795, 110.724349976, 111.061042786, 111.397727966, 111.734420776, 112.071105957, 112.407798767, 112.744483948, 113.081176758, 113.406257629, 113.731338501, 114.056411743, 114.532424927, 115.008430481, 115.472831726, 115.937232971, 116.401634216, 116.877639771, 117.342041016, 117.81804657, 118.317276001, 118.816505432, 119.315734863, 119.826576233, 120.337409973, 120.848251343, 121.370697021, 121.97441864, 122.578140259, 123.205078125, 123.866844177, 124.528617859, 125.178771973, 125.817321777, 126.455871582, 127.082809448, 127.709747314, 128.336685181, 128.963623047, 129.648620605, 130.333602905, 130.960540771, 131.564254761, 132.179595947, 132.794921875, 133.398635864, 134.002349854, 134.61769104, 135.233016968, 135.836730957, 136.440444946, 137.067382812, 137.682723999, 138.298049927, 138.913375854, 139.528701782, 140.155639648, 140.782577515, 141.397918701, 142.013244629, 142.640182495, 143.255508423, 143.882446289, 144.544219971, 145.205978394, 145.856140137, 146.517913818, 147.133239746, 147.760177612, 148.37550354, 148.979232788, 149.582946777, 150.186660767, 150.790390015, 151.394104004, 151.997817993, 152.601531982, 153.20526123, 153.797363281, 154.389480591, 154.981582642, 155.585296631, 156.189025879, 156.804351807, 157.419677734, 158.035003662, 158.650344849, 159.265670776, 159.880996704, 160.496322632, 161.100036621, 161.703765869, 162.307479858, 162.911193848, 163.538131714, 164.16506958, 164.792022705, 165.407348633, 166.022674561, 166.649612427, 167.276550293, 167.891876221, 168.507202148, 169.122543335, 169.737869263, 170.364807129, 170.980133057, 171.595458984, 172.222396851, 172.849334717, 173.464660645, 174.09161377, 174.706939697, 175.322265625, 175.96081543, 176.610977173, 177.261123657, 177.9112854, 178.561447144, 179.211608887, 179.873382568, 180.535140991, 181.185302734, 181.835464478, 182.485626221, 183.147384644, 183.809158325, 184.459320068, 185.109481812, 185.748016357, 186.421401978, 187.094787598, 187.779769897, 188.453155518, 189.149749756, 189.857955933, 190.554550171, 191.251159668, 191.924530029, 192.597915649, 193.271286011, 193.944671631, 194.606430054, 195.279815674, 195.941589355, 196.59173584, 197.230285645, 197.880447388, 198.530609131, 199.180770874, 199.830932617, 200.469467163, 201.119628906, 201.769790649, 202.408340454, 203.070114136, 203.731872559, 204.405258179, 205.07862854, 205.740402222, 206.402175903, 207.052337646, 207.702484131, 208.352645874, 209.002807617, 209.65296936, 210.303131104, 210.941680908, 211.603439331, 212.265213013, 212.903762817, 213.553924561, 214.204071045, 214.84262085, 215.481170654, 216.108108521, 216.758270264, 217.396820068, 218.035369873, 218.662307739, 219.289245605, 219.916183472, 220.531509399, 221.146850586, 221.762176514, 222.377502441, 222.981216431, 223.584945679, 224.200271606, 224.815597534, 225.430923462, 226.034637451, 226.638366699, 227.23046875, 227.82258606, 228.403076172, 228.995193481, 229.575683594, 230.167800903, 230.759902954, 231.340408325, 231.920898438, 232.501403809, 233.081893921, 233.662399292, 234.242904663, 234.800170898, 235.38067627, 235.961181641, 236.541671753, 237.122177124, 237.702667236, 238.271560669, 238.840454102, 239.420944214, 239.989837646, 240.558731079, 241.127609253, 241.696502686, 242.265396118, 242.834274292, 243.414779663, 243.995285034, 244.575775146, 245.179489136, 245.771606445, 246.363708496, 246.932601929, 247.501495361, 248.070373535, 248.639266968, 249.196548462, 249.753829956, 250.31111145, 250.856781006, 251.402450562, 251.959716797, 252.516998291, 253.074279785, 253.643173218, 254.235275269, 254.827392578, 255.419494629, 255.953552246, 256.464385986, 256.963623047, 257.462860107, 257.96206665, 258.461303711, 258.821228027, 259.169525146, 259.506195068, 259.831298828, 260.15637207, 260.481445312, 260.806518555, 261.131591797, 261.456695557, 261.793365479, 262.118438721, 262.45513916, 262.780212402, 263.105316162, 263.430389404, 263.755462646, 264.068939209, 264.382385254, 264.695861816, 265.009338379, 265.322814941, 265.647888184, 265.972961426, 266.309661865, 266.646331787, 266.994628906, 267.342956543, 267.679626465, 268.016326904, 268.352996826, 268.689697266, 269.037994385, 269.374694824, 269.711364746, 270.048065186, 270.373138428, 270.69821167, 271.02331543, 271.348388672, 271.673461914, 272.010162354, 272.346832275, 272.671936035, 273.008605957, 273.333679199, 273.647155762, 273.972229004, 274.285705566, 274.599182129, 274.912658691, 275.226104736, 275.551208496, 275.887878418, 276.236175537, 276.572875977, 276.897949219, 277.223022461, 277.548126221, 277.861572266, 278.175048828, 278.488525391, 278.802001953, 279.115447998, 279.428924561, 279.765625, 280.102294922, 280.427398682, 280.752471924, 281.077545166, 281.391021729, 281.704498291, 282.029571533, 282.343048096, 282.656494141, 282.969970703, 283.283447266, 283.596923828, 283.910369873, 284.235473633, 284.560546875, 284.885620117, 285.210693359, 285.663482666, 286.116271973, 286.580688477, 287.045074463, 287.509460449, 287.973876953, 288.438262939, 288.902679443, 289.36706543, 289.831481934, 290.29586792, 290.760253906, 291.213043213, 291.677459717, 292.1534729, 292.617858887, 293.070648193, 293.5234375, 293.987854004, 294.46383667, 294.939849854, 295.415863037, 295.891876221, 296.367889404, 296.855499268, 297.354736328, 297.853973389, 298.341583252, 298.887237549, 299.432922363, 299.97857666, 300.559082031, 301.139587402, 301.76651001, 302.393463135, 303.02041626, 303.658966064, 304.297485352, 304.924438477], "beats_loudness": {"dmean2": 0.0354168452322, "median": 0.0341376923025, "min": 1.11075706855e-07, "dvar2": 0.000838153762743, "dvar": 0.000270225194981, "dmean": 0.0198499653488, "max": 0.09525898844, "var": 0.000399384327466, "mean": 0.0367830134928}, "danceability": 1.03594684601, "bpm_histogram_second_peak_weight": {"dmean2": 0, "median": 0.0769230797887, "min": 0.0769230797887, "dvar2": 0, "dvar": 0, "dmean": 0, "max": 0.0769230797887, "var": 0, "mean": 0.0769230797887}, "beats_count": 612, "bpm_histogram_second_peak_bpm": {"dmean2": 0, "median": 178, "min": 178, "dvar2": 0, "dvar": 0, "dmean": 0, "max": 178, "var": 0, "mean": 178}, "bpm_histogram_first_peak_spread": {"dmean2": 0, "median": 0.514563143253, "min": 0.514563143253, "dvar2": 0, "dvar": 0, "dmean": 0, "max": 0.514563143253, "var": 0, "mean": 0.514563143253}, "beats_loudness_band_ratio": {"dmean2": [0.365294247866, 0.153978198767, 0.0899494886398, 0.105133496225, 0.121786735952, 0.107078440487], "median": [0.619664788246, 0.0890264213085, 0.0473037734628, 0.0295024495572, 0.0845743641257, 0.0558127053082], "min": [0.00322849885561, 0.000192813604372, 4.36466143583e-06, 1.18105817819e-05, 2.4616585506e-05, 1.87845762412e-05], "dvar2": [0.0720721110702, 0.0441110208631, 0.00936919823289, 0.018726747483, 0.0105725610629, 0.0134523315355], "dvar": [0.0251839067787, 0.0130524020642, 0.00330013502389, 0.00693014543504, 0.00390229630284, 0.00463660154492], "dmean": [0.209169372916, 0.086940318346, 0.0516658052802, 0.0602540783584, 0.0683732181787, 0.0584878064692], "max": [0.99942612648, 0.941075921059, 0.52699893713, 0.65908151865, 0.454893112183, 0.841708660126], "var": [0.0454093962908, 0.0166904423386, 0.00443093664944, 0.010143998079, 0.00538785243407, 0.00406818976626], "mean": [0.595634639263, 0.123294495046, 0.0660892426968, 0.0698951631784, 0.101319678128, 0.0726104900241]}}, "lowlevel": {"barkbands_spread": {"dmean2": 11.8562040329, "median": 30.9186019897, "min": 0.153628349304, "dvar2": 157.971496582, "dvar": 57.9513702393, "dmean": 7.20469427109, "max": 125.248329163, "var": 195.804031372, "mean": 30.2269687653}, "melbands_spread": {"dmean2": 15.2013368607, "median": 25.3331184387, "min": 0.119554959238, "dvar2": 258.388092041, "dvar": 99.5312652588, "dmean": 9.40275478363, "max": 218.747253418, "var": 304.06930542, "mean": 27.1341056824}, "hfc": {"dmean2": 13.9916200638, "median": 25.3358612061, "min": 1.10078740846e-16, "dvar2": 351.665222168, "dvar": 129.174057007, "dmean": 8.23278808594, "max": 226.541610718, "var": 290.664489746, "mean": 27.4879894257}, "barkbands_kurtosis": {"dmean2": 6.41197252274, "median": 0.601532101631, "min": -1.92172944546, "dvar2": 1165.32873535, "dvar": 668.441833496, "dmean": 3.99296498299, "max": 3574.85302734, "var": 18159.9375, "mean": 14.6264610291}, "gfcc": {"mean": [10.1796865463, 93.0192260742, -117.996734619, 60.131942749, -41.5704650879, 0.414319366217, -35.1407165527, 7.17943477631, -24.8249664307, 0.99468266964, -18.4917831421, -0.853472530842, -9.60550689697], "icov": [[0.000150654319441, -0.000241315574385, 0.000291170523269, -0.00044106063433, 0.00024050893262, -6.86642379151e-05, 0.00024557224242, -0.000588971714024, 0.000715770700481, -0.000432028115029, 0.000213213104871, -0.000467176520033, 0.000553599791601], [-0.000241315574385, 0.00354403327219, -1.11927110993e-05, 0.00209080986679, -0.00108404806815, 0.00256908941083, -0.00218431884423, 0.00276969303377, -0.0019710380584, 0.00215438916348, -0.00375280133449, 0.00422448990867, -0.00322888093069], [0.000291170523269, -1.11927110993e-05, 0.00246900063939, -0.000686938816216, -0.00119993137196, -0.000247877003858, 0.00116066948976, -0.000962290214375, 0.00192938256077, -0.000611329800449, -8.73788521858e-05, -0.00109002087265, 0.00139438640326], [-0.00044106063433, 0.00209080986679, -0.000686938816216, 0.00457594264299, -0.000690841116011, 0.00147761683911, -0.00122589571401, 0.00148117623758, -0.00303367944434, 0.0018102369504, -0.00218435120769, 0.00438168318942, -0.00541267963126], [0.00024050893262, -0.00108404806815, -0.00119993137196, -0.000690841116011, 0.00798477884382, 0.000315768324072, -0.00173166708555, -0.000505071773659, 0.000840844644699, -0.00319752772339, 0.000335149466991, -0.00036754377652, -0.00134534330573], [-6.86642379151e-05, 0.00256908941083, -0.000247877003858, 0.00147761683911, 0.000315768324072, 0.00829388946295, -0.00435711070895, -0.000133287438075, 0.00180702202488, 1.09012707981e-05, -0.00369618460536, 0.00192637695, 0.000307555892505], [0.00024557224242, -0.00218431884423, 0.00116066948976, -0.00122589571401, -0.00173166708555, -0.00435711070895, 0.0114566683769, -0.00356365321204, -0.000796952284873, 0.00217922893353, 0.0019076350145, -0.00421319389716, 0.00178167514969], [-0.000588971714024, 0.00276969303377, -0.000962290214375, 0.00148117623758, -0.000505071773659, -0.000133287438075, -0.00356365321204, 0.0118125239387, -0.00580301741138, -0.00113924022298, 0.00143899745308, 0.00077723612776, -0.00524120545015], [0.000715770700481, -0.0019710380584, 0.00192938256077, -0.00303367944434, 0.000840844644699, 0.00180702202488, -0.000796952284873, -0.00580301741138, 0.021492715925, -0.00557330017909, -0.0061301253736, 0.00412517087534, 0.00141722604167], [-0.000432028115029, 0.00215438916348, -0.000611329800449, 0.0018102369504, -0.00319752772339, 1.09012707981e-05, 0.00217922893353, -0.00113924022298, -0.00557330017909, 0.0168082024902, -0.00301708723418, -0.00268116639927, 0.00439151795581], [0.000213213104871, -0.00375280133449, -8.73788521858e-05, -0.00218435120769, 0.000335149466991, -0.00369618460536, 0.0019076350145, 0.00143899745308, -0.0061301253736, -0.00301708723418, 0.0228944178671, -0.00847067032009, -0.00300429272465], [-0.000467176520033, 0.00422448990867, -0.00109002087265, 0.00438168318942, -0.00036754377652, 0.00192637695, -0.00421319389716, 0.00077723612776, 0.00412517087534, -0.00268116639927, -0.00847067032009, 0.0275778565556, -0.010140389204], [0.000553599791601, -0.00322888093069, 0.00139438640326, -0.00541267963126, -0.00134534330573, 0.000307555892505, 0.00178167514969, -0.00524120545015, 0.00141722604167, 0.00439151795581, -0.00300429272465, -0.010140389204, 0.0267199613154]], "cov": [[18307.4980469, -1707.99389648, -1280.10839844, 793.729675293, -710.67767334, 341.518707275, -151.485992432, 839.260131836, -332.471862793, 422.629516602, -337.299835205, 217.468185425, -230.322433472], [-1707.99389648, 1747.29870605, -341.812744141, 55.7387199402, 145.375747681, -454.595306396, 80.9514694214, -349.060760498, 215.189788818, -261.019989014, 232.03817749, -173.593383789, 206.042678833], [-1280.10839844, -341.812744141, 753.055908203, -89.0010070801, 116.349250793, 97.0708007812, -46.0792732239, 30.2346515656, -72.697807312, 69.3650970459, -31.9367675781, 50.8002586365, -50.2228393555], [793.729675293, 55.7387199402, -89.0010070801, 538.238830566, 13.9989509583, -93.1622924805, 12.5508203506, 35.618019104, 84.4069290161, -40.9873580933, 50.8439331055, -38.8602600098, 105.121864319], [-710.67767334, 145.375747681, 116.349250793, 13.9989509583, 195.35760498, -31.4250488281, 34.1366462708, -17.663520813, 29.0347118378, 3.89078211784, 34.5848884583, -2.10688924789, 34.4222335815], [341.518707275, -454.595306396, 97.0708007812, -93.1622924805, -31.4250488281, 295.112945557, 46.5414085388, 104.641792297, -69.9401550293, 70.1121368408, -45.6605148315, 56.5446968079, -64.992401123], [-151.485992432, 80.9514694214, -46.0792732239, 12.5508203506, 34.1366462708, 46.5414085388, 146.763534546, 31.2983856201, 23.5454349518, -21.3284301758, 18.0938453674, 8.32744407654, 22.8554458618], [839.260131836, -349.060760498, 30.2346515656, 35.618019104, -17.663520813, 104.641792297, 31.2983856201, 215.472625732, -5.97636842728, 73.0162582397, -37.5528488159, 45.5228500366, -14.4766807556], [-332.471862793, 215.189788818, -72.697807312, 84.4069290161, 29.0347118378, -69.9401550293, 23.5454349518, -5.97636842728, 115.239250183, -13.9037256241, 56.1833305359, -30.9806098938, 44.041519165], [422.629516602, -261.019989014, 69.3650970459, -40.9873580933, 3.89078211784, 70.1121368408, -21.3284301758, 73.0162582397, -13.9037256241, 128.749710083, -20.6796474457, 37.7464294434, -45.5107269287], [-337.299835205, 232.03817749, -31.9367675781, 50.8439331055, 34.5848884583, -45.6605148315, 18.0938453674, -37.5528488159, 56.1833305359, -20.6796474457, 100.003135681, -4.15423965454, 50.7748756409], [217.468185425, -173.593383789, 50.8002586365, -38.8602600098, -2.10688924789, 56.5446968079, 8.32744407654, 45.5228500366, -30.9806098938, 37.7464294434, -4.15423965454, 76.0887908936, -4.54011058807], [-230.322433472, 206.042678833, -50.2228393555, 105.121864319, 34.4222335815, -64.992401123, 22.8554458618, -14.4766807556, 44.041519165, -45.5107269287, 50.7748756409, -4.54011058807, 98.2585830688]]}, "spectral_energyband_middle_low": {"dmean2": 0.00794903561473, "median": 0.0111738741398, "min": 2.39432916251e-22, "dvar2": 9.36704236665e-05, "dvar": 3.39361031365e-05, "dmean": 0.00478768814355, "max": 0.0553783066571, "var": 6.01122810622e-05, "mean": 0.0124013246968}, "melbands_crest": {"dmean2": 6.3436665535, "median": 14.5495529175, "min": 1.0009573698, "dvar2": 32.6763763428, "dvar": 11.8084049225, "dmean": 3.8481118679, "max": 39.9656791687, "var": 28.137966156, "mean": 15.2069673538}, "spectral_kurtosis": {"dmean2": 3.29887056351, "median": 3.31103277206, "min": -1.22110688686, "dvar2": 76.8907699585, "dvar": 32.2644424438, "dmean": 1.94910645485, "max": 193.609405518, "var": 157.344146729, "mean": 5.3861117363}, "spectral_rms": {"dmean2": 0.00176674732938, "median": 0.00568942399696, "min": 3.14328511136e-12, "dvar2": 3.66689982911e-06, "dvar": 1.34004073971e-06, "dmean": 0.00106570823118, "max": 0.0116515494883, "var": 3.52079655386e-06, "mean": 0.00561400130391}, "zerocrossingrate": {"dmean2": 0.0126054892316, "median": 0.0634765625, "min": 0, "dvar2": 0.000156333917403, "dvar": 0.000102898804471, "dmean": 0.0100805023685, "max": 0.5185546875, "var": 0.000958811782766, "mean": 0.0640738606453}, "silence_rate_60dB": {"dmean2": 0.0130639523268, "median": 0, "min": 0, "dvar2": 0.0138020263985, "dvar": 0.00649177609012, "dmean": 0.00653148023412, "max": 1, "var": 0.0617865249515, "mean": 0.0661452040076}, "erbbands_kurtosis": {"dmean2": 1.25066506863, "median": -0.289357542992, "min": -1.79827666283, "dvar2": 2.85223984718, "dvar": 1.21268010139, "dmean": 0.765736460686, "max": 44.7841758728, "var": 3.58148002625, "mean": 0.104246690869}, "erbbands": {"dmean2": [0.46118298173, 3.47523570061, 6.15648031235, 11.4490804672, 13.4823989868, 9.40045642853, 10.7888431549, 13.9589729309, 12.3511209488, 13.0884475708, 13.2009439468, 16.9130363464, 14.7691411972, 17.402721405, 24.819683075, 29.0219116211, 26.9421520233, 26.7003746033, 25.0365829468, 29.0274715424, 35.7072868347, 45.34740448, 47.3005714417, 26.7281723022, 30.118844986, 35.7177810669, 24.1738357544, 11.6217546463, 6.38435840607, 4.02551746368, 2.24157834053, 1.62185370922, 1.05205905437, 0.956373035908, 0.579890310764, 0.211580991745, 0.0701736137271, 0.0125752091408, 0.000664766761474, 3.76302959921e-05], "median": [0.0758376345038, 1.25007867813, 4.55292797089, 9.23670196533, 8.87260437012, 6.7858915329, 8.54033470154, 10.8439979553, 7.97569942474, 7.2232093811, 6.6793794632, 5.17248153687, 4.97992515564, 6.36925697327, 5.82060480118, 6.21055698395, 5.70426034927, 7.80025005341, 14.6396827698, 24.3069076538, 31.6433734894, 46.3626556396, 47.2130012512, 21.6538791656, 30.2259025574, 37.221572876, 21.0420303345, 9.10107803345, 4.69126081467, 3.23441362381, 1.72788095474, 1.21138811111, 0.731261610985, 0.345949500799, 0.142225652933, 0.056864246726, 0.0177804492414, 0.00279399380088, 8.79835206433e-05, 4.87703182444e-05], "min": [4.10600662285e-22, 2.05283407867e-21, 7.36928341478e-21, 6.22643727111e-21, 1.28510343758e-20, 9.35330923353e-20, 1.05768631634e-19, 2.31834504816e-19, 2.37425211781e-19, 3.19037358407e-19, 3.02636796703e-19, 1.40228237953e-18, 8.21594144889e-19, 1.00447012984e-18, 1.42096146193e-18, 9.45145046504e-19, 3.30462211592e-18, 3.21041492954e-18, 3.7141244956e-18, 2.43763054125e-18, 3.32298304397e-18, 5.95080970501e-18, 7.37935269084e-18, 6.61353399049e-18, 8.65728883459e-18, 1.09156176383e-17, 1.15923539498e-17, 1.27995578794e-17, 1.46855991591e-17, 1.32568390384e-17, 1.11487113447e-17, 1.22031863003e-17, 1.04395321824e-17, 1.05168917676e-17, 7.26110474073e-18, 4.04976709122e-18, 2.84030661294e-18, 1.05332569157e-18, 2.80137535741e-19, 3.05366680133e-20], "dvar2": [0.687535822392, 30.7734699249, 67.1413421631, 186.399780273, 352.012390137, 146.849395752, 227.270339966, 372.290893555, 484.086639404, 585.357299805, 715.146789551, 1892.73828125, 1938.23864746, 2406.94873047, 5746.02294922, 7664.78564453, 7666.76953125, 8128.12207031, 4420.47167969, 2410.92944336, 2873.95898438, 4046.54541016, 3785.68188477, 1718.88208008, 1452.89697266, 2200.08178711, 1312.95458984, 338.890655518, 130.551147461, 68.5192184448, 59.1890945435, 37.1446495056, 9.562541008, 7.2837023735, 3.17902398109, 0.434571832418, 0.0380969382823, 0.0014405209804, 7.24408346287e-06, 1.18336282995e-08], "dvar": [0.249394088984, 11.1558523178, 23.8993358612, 70.1869659424, 128.30241394, 55.1020736694, 86.5573196411, 142.024185181, 168.269714355, 210.50479126, 266.098510742, 700.960327148, 703.767578125, 892.326660156, 2237.1887207, 2912.6887207, 3062.97558594, 3115.23168945, 1616.96850586, 908.455383301, 1065.19812012, 1488.77050781, 1434.91845703, 602.785095215, 522.067687988, 775.576416016, 459.93560791, 121.889251709, 51.8997688293, 28.7273921967, 23.9086017609, 14.8223295212, 3.68137025833, 2.71110796928, 1.18044483662, 0.183153048158, 0.0156942941248, 0.000586683861911, 2.89440663437e-06, 5.11905584588e-09], "dmean": [0.26171463728, 1.99227905273, 3.68071508408, 7.01793718338, 7.97366285324, 5.71452522278, 6.82225084305, 8.70922374725, 7.27888917923, 7.719145298, 8.02842140198, 10.1179971695, 8.88916492462, 10.4901742935, 15.096906662, 17.6687965393, 16.297498703, 15.8479671478, 14.7912416458, 17.3088054657, 20.9213161469, 26.7415485382, 27.7488803864, 15.1331253052, 17.355594635, 20.3374633789, 13.5858097076, 6.66707611084, 3.91525697708, 2.57934260368, 1.40852367878, 1.0095089674, 0.660601854324, 0.583314418793, 0.346113830805, 0.133303880692, 0.0447796024382, 0.00809258036315, 0.000415823335061, 2.29052493523e-05], "max": [3.70812869072, 22.3904743195, 49.6632804871, 129.006378174, 133.062255859, 127.967681885, 177.094070435, 178.149414062, 219.768417358, 232.881881714, 396.31451416, 635.102722168, 842.449157715, 833.594299316, 1527.23583984, 1515.90612793, 1163.5222168, 1497.8034668, 1709.69714355, 1132.94543457, 960.234680176, 1128.13769531, 938.380981445, 440.352722168, 287.27243042, 359.544769287, 311.013916016, 178.83215332, 228.101333618, 167.69569397, 169.608428955, 158.195663452, 73.1228713989, 51.9325675964, 48.7417449951, 25.5999279022, 6.95474529266, 0.862954795361, 0.0596587471664, 0.00500171259046], "var": [0.1874281317, 9.21176433563, 30.7127952576, 181.512893677, 139.151641846, 121.42842865, 262.666717529, 332.504608154, 232.801620483, 242.978012085, 407.312316895, 1099.70202637, 1251.77380371, 2413.58569336, 5722.00683594, 4920.96484375, 5125.41357422, 4104.51904297, 2032.70214844, 1391.91589355, 2163.49755859, 3976.64379883, 3827.49975586, 665.506530762, 803.515441895, 1082.93737793, 510.426940918, 158.350219727, 89.7776107788, 52.8738975525, 33.5043449402, 19.1217918396, 4.70088815689, 2.55649876595, 1.12991511822, 0.279119700193, 0.0324352458119, 0.00122776220087, 4.47405091109e-06, 6.49972831113e-09], "mean": [0.235789865255, 2.26553535461, 5.96571779251, 13.4749307632, 12.1259002686, 10.3567218781, 14.1491508484, 16.5970497131, 12.9294147491, 12.0520820618, 13.0124473572, 14.4516925812, 13.8855466843, 18.4945144653, 24.8430862427, 26.456029892, 24.0129489899, 22.9840164185, 25.14802742, 33.2313270569, 42.8506088257, 60.6211357117, 60.8174209595, 27.2872562408, 35.5109596252, 42.711151123, 25.4596328735, 12.4205007553, 7.69458770752, 5.27432823181, 2.81843733788, 1.96236157417, 1.2244143486, 0.807632863522, 0.487802118063, 0.239352047443, 0.0880997925997, 0.0160190183669, 0.000712713110261, 6.06292887824e-05]}, "spectral_strongpeak": {"dmean2": 0.496355205774, "median": 0.346544623375, "min": 0, "dvar2": 0.897829890251, "dvar": 0.336777031422, "dmean": 0.286425620317, "max": 13.8859548569, "var": 0.375548452139, "mean": 0.480425179005}, "spectral_energy": {"dmean2": 0.0236188694835, "median": 0.0331787839532, "min": 1.01272473643e-20, "dvar2": 0.000789341575, "dvar": 0.000287973496597, "dmean": 0.0139669384807, "max": 0.139152571559, "var": 0.000406595179811, "mean": 0.0359138064086}, "average_loudness": 0.949035227299, "spectral_rolloff": {"dmean2": 1152.94177246, "median": 1765.72265625, "min": 21.533203125, "dvar2": 1788647.375, "dvar": 722675.75, "dmean": 679.746948242, "max": 19789.0136719, "var": 1869356.625, "mean": 1722.13378906}, "spectral_centroid": {"dmean2": 434.8309021, "median": 1926.06616211, "min": 166.134155273, "dvar2": 170880.234375, "dvar": 67982.3203125, "dmean": 268.277404785, "max": 11577.890625, "var": 464950.625, "mean": 1845.9888916}, "pitch_salience": {"dmean2": 0.14686922729, "median": 0.603262782097, "min": 0.00591082265601, "dvar2": 0.0203966572881, "dvar": 0.00731946574524, "dmean": 0.0889003425837, "max": 0.996071100235, "var": 0.0145086087286, "mean": 0.584860563278}, "spectral_energyband_middle_high": {"dmean2": 0.00408163992688, "median": 0.00540307536721, "min": 1.23805733829e-21, "dvar2": 3.70757043129e-05, "dvar": 1.41052469189e-05, "dmean": 0.00244008889422, "max": 0.123884037137, "var": 4.21817603637e-05, "mean": 0.00690302718431}, "spectral_contrast_coeffs": {"dmean2": [0.0887316763401, 0.0759121328592, 0.0557445622981, 0.0499727353454, 0.0324443131685, 0.0338215492666], "median": [-0.63757109642, -0.743120074272, -0.822312116623, -0.793640732765, -0.802173137665, -0.718214392662], "min": [-0.97136592865, -0.996665596962, -0.998565971851, -0.988526284695, -0.989361524582, -0.962260961533], "dvar2": [0.00532707106322, 0.00370144657791, 0.0020445054397, 0.00158199097496, 0.000660818477627, 0.000986937549897], "dvar": [0.0019722902216, 0.00138837844133, 0.000719872652553, 0.000587625196204, 0.00024813922937, 0.000420434807893], "dmean": [0.0542429126799, 0.0461865924299, 0.0331775061786, 0.0299203898758, 0.0192672852427, 0.0212803538889], "max": [-0.354800075293, -0.429963946342, -0.561487555504, -0.565734624863, -0.591356635094, -0.572327375412], "var": [0.00553497066721, 0.00492297345772, 0.00281161931343, 0.00236499682069, 0.0016507091932, 0.00243339920416], "mean": [-0.636663138866, -0.738911032677, -0.813610851765, -0.787449359894, -0.795449733734, -0.722745835781]}, "melbands_skewness": {"dmean2": 1.57231092453, "median": 3.06170201302, "min": -1.20987021923, "dvar2": 3.27773666382, "dvar": 1.36214494705, "dmean": 0.974743962288, "max": 81.2802886963, "var": 8.62498664856, "mean": 3.51202702522}, "spectral_spread": {"dmean2": 602366.6875, "median": 3810351.25, "min": 486015.8125, "dvar2": 622862467072, "dvar": 285531242496, "dmean": 384568.875, "max": 41198432, "var": 2648008556540.0, "mean": 3972178.5}, "dissonance": {"dmean2": 0.0132045391947, "median": 0.487117350101, "min": 0.227763563395, "dvar2": 0.000251354940701, "dvar": 9.55367650022e-05, "dmean": 0.00785100832582, "max": 0.500000059605, "var": 0.000547024479602, "mean": 0.481883913279}, "spectral_skewness": {"dmean2": 0.387011110783, "median": 1.08877646923, "min": -0.0648419260979, "dvar2": 0.277317374945, "dvar": 0.119942001998, "dmean": 0.235912561417, "max": 11.71164608, "var": 0.95318031311, "mean": 1.24212217331}, "spectral_flux": {"dmean2": 0.0454795137048, "median": 0.0940076112747, "min": 6.63394963962e-11, "dvar2": 0.00222110608593, "dvar": 0.00103615259286, "dmean": 0.0282764397562, "max": 0.322449266911, "var": 0.00290098972619, "mean": 0.101972252131}, "spectral_contrast_valleys": {"dmean2": [0.661525785923, 0.599791586399, 0.540254116058, 0.470569252968, 0.386163383722, 0.372349500656], "median": [-6.56651544571, -6.51222610474, -7.18075561523, -7.19947052002, -6.40073871613, -9.73644256592], "min": [-28.0535469055, -27.8884181976, -27.8744831085, -27.360830307, -27.3348922729, -27.3689556122], "dvar2": [0.285358935595, 0.271264255047, 0.215842619538, 0.193621337414, 0.156951084733, 0.223839908838], "dvar": [0.112477824092, 0.103666372597, 0.0841867476702, 0.0760843232274, 0.0650431141257, 0.100192889571], "dmean": [0.400818020105, 0.36415886879, 0.327609837055, 0.284809738398, 0.23132905364, 0.243215411901], "max": [-5.1203994751, -4.53883171082, -4.82940816879, -4.84841585159, -5.10146379471, -7.3013882637], "var": [1.78840351105, 1.98106336594, 2.13939666748, 2.22542953491, 2.76298356056, 2.50973248482], "mean": [-6.85079669952, -6.76847696304, -7.36504268646, -7.49098443985, -6.82484817505, -10.2693777084]}, "erbbands_flatness_db": {"dmean2": 0.0202672444284, "median": 0.137650340796, "min": 0.0301705803722, "dvar2": 0.000423135294113, "dvar": 0.000197135203052, "dmean": 0.0132392309606, "max": 0.434887290001, "var": 0.00249467417598, "mean": 0.147430434823}, "spectral_energyband_high": {"dmean2": 0.00102403154597, "median": 0.00117993785534, "min": 7.03124280965e-21, "dvar2": 2.40052918343e-06, "dvar": 8.97785639609e-07, "dmean": 0.000597804726567, "max": 0.0185569096357, "var": 1.5575648149e-06, "mean": 0.00140942726284}, "spectral_entropy": {"dmean2": 0.148745670915, "median": 7.85813713074, "min": 4.24016141891, "dvar2": 0.0344722792506, "dvar": 0.015721032396, "dmean": 0.0958435535431, "max": 9.81936645508, "var": 0.298309236765, "mean": 7.69114208221}, "silence_rate_20dB": {"dmean2": 0, "median": 1, "min": 1, "dvar2": 0, "dvar": 0, "dmean": 0, "max": 1, "var": 0, "mean": 1}, "melbands_flatness_db": {"dmean2": 0.0489306747913, "median": 0.182952195406, "min": 1.29429963636e-07, "dvar2": 0.00255770632066, "dvar": 0.00099810352549, "dmean": 0.0309393592179, "max": 0.615242540836, "var": 0.00672616716474, "mean": 0.200297176838}, "barkbands": {"dmean2": [0.000606514979154, 0.015555457212, 0.00570385949686, 0.00482034496963, 0.00299825472757, 0.00160708476324, 0.000895376026165, 0.000621856597718, 0.000716739916243, 0.000502378097735, 0.000567389011849, 0.000737184716854, 0.000630336056929, 0.000522682385053, 0.000517215870786, 0.000663738464937, 0.000883532338776, 0.000812126498204, 0.00048979773419, 0.000786043121479, 0.00041670826613, 0.000164130076882, 8.84798646439e-05, 6.65435436531e-05, 8.35196406115e-05, 3.84901759389e-05, 4.73595218864e-06], "median": [1.12254774649e-05, 