{"tonal": {"thpcp": [1, 0.725397408009, 0.389887154102, 0.48228764534, 0.398890644312, 0.45400762558, 0.733242332935, 0.536632120609, 0.332478255033, 0.448218345642, 0.351892232895, 0.448597043753, 0.832714915276, 0.734941720963, 0.647097170353, 0.895082354546, 0.666338980198, 0.402544617653, 0.469860881567, 0.37942057848, 0.487438380718, 0.797618687153, 0.586876094341, 0.381953090429, 0.526782512665, 0.424846291542, 0.589228689671, 0.935192465782, 0.61302113533, 0.407842874527, 0.606565237045, 0.46797695756, 0.452735453844, 0.672638893127, 0.556692540646, 0.646546721458], "hpcp": {"dmean2": [0.160737544298, 0.147016644478, 0.118976444006, 0.139423295856, 0.116710007191, 0.118320181966, 0.13403762877, 0.146485894918, 0.157468914986, 0.184126242995, 0.167279094458, 0.12433231622, 0.126466527581, 0.118108823895, 0.132290765643, 0.166372388601, 0.141081020236, 0.0963027924299, 0.0994465127587, 0.102134674788, 0.120861798525, 0.160919219255, 0.159188836813, 0.162107750773, 0.172272115946, 0.161740705371, 0.134511902928, 0.125471815467, 0.1200292781, 0.131187319756, 0.162700518966, 0.146299988031, 0.114847294986, 0.12272811681, 0.114090457559, 0.135694250464], "median": [0.0513384267688, 0.0415811613202, 0.0326503142715, 0.0283885616809, 0.0243853460997, 0.0264664832503, 0.0294582024217, 0.0352176167071, 0.0579012818635, 0.0746338963509, 0.0534791722894, 0.0284659769386, 0.013790614903, 0.0153460744768, 0.0383970811963, 0.0502464883029, 0.0361547768116, 0.0157591886818, 0.00878907274455, 0.0106457090005, 0.0287441182882, 0.0409042835236, 0.0418868325651, 0.0566368736327, 0.0478988103569, 0.0342248827219, 0.0210112575442, 0.0148852374405, 0.0166781656444, 0.0344736911356, 0.0431101433933, 0.0340616963804, 0.021992078051, 0.0139915449545, 0.0164342224598, 0.038928039372], "min": [0, 0, 0, 0, 4.13565703639e-06, 0, 0, 4.93785501021e-06, 0, 0, 0, 0, 0, 0, 0, 0, 0, 0, 0, 0, 0, 6.18859166934e-06, 7.71020859247e-06, 8.82540189195e-06, 6.35213382338e-06, 0, 0, 0, 0, 0, 0, 0, 0, 0, 0, 0], "dvar2": [0.0709427297115, 0.0543306097388, 0.0429809577763, 0.0576299130917, 0.0424972362816, 0.0446585342288, 0.0551387928426, 0.054485168308, 0.0512947924435, 0.074605718255, 0.0612456165254, 0.046525105834, 0.062339194119, 0.0534837469459, 0.0455457009375, 0.0712366551161, 0.0559240654111, 0.0364959910512, 0.0489244125783, 0.0516307540238, 0.0429208911955, 0.0675176531076, 0.059966634959, 0.0624812096357, 0.0788331925869, 0.0680781677365, 0.0611385889351, 0.0585211515427, 0.0495714768767, 0.0502724386752, 0.0694986358285, 0.0568591952324, 0.0438852608204, 0.0598958022892, 0.0511287376285, 0.0502530783415], "dvar": [0.0294033009559, 0.0209933314472, 0.0157807264477, 0.0236543696374, 0.0176736675203, 0.0175574868917, 0.0224389005452, 0.020778041333, 0.0202307775617, 0.0309487842023, 0.0242533460259, 0.0171049218625, 0.024322450161, 0.0211641881615, 0.0175968594849, 0.0291648507118, 0.0219835247844, 0.0138819226995, 0.019194027409, 0.019082877785, 0.0165238045156, 0.0274393279105, 0.0232997629791, 0.0243172664195, 0.0328431278467, 0.0263412538916, 0.0232633072883, 0.0236377865076, 0.0190507601947, 0.0184449832886, 0.0277464315295, 0.0218413062394, 0.016449065879, 0.02379293181, 0.0191740114242, 0.0191228371114], "dmean": [0.0979604423046, 0.0880950912833, 0.0705493912101, 0.0858826190233, 0.0710304006934, 0.0717803165317, 0.0814146995544, 0.0870800092816, 0.0959072932601, 0.110825844109, 0.101973310113, 0.0731870830059, 0.0751746594906, 0.0708874613047, 0.0789480432868, 0.100756324828, 0.084748506546, 0.0570398308337, 0.0583146847785, 0.0597476251423, 0.0734420344234, 0.0975599512458, 0.0953402817249, 0.0968430265784, 0.103440284729, 0.0975653678179, 0.0788287967443, 0.0734241977334, 0.0699255689979, 0.0782933682203, 0.097565330565, 0.0864115208387, 0.067778840661, 0.0730509608984, 0.0681584179401, 0.0814565122128], "max": [1, 1, 1, 1, 1, 1, 1, 1, 1, 1, 1, 1, 1, 1, 1, 1, 1, 1, 1, 1, 1, 1, 1, 1, 1, 1, 1, 1, 1, 1, 1, 1, 1, 1, 1, 1], "var": [0.111104026437, 0.0474048294127, 0.0255768913776, 0.0638816133142, 0.0413566380739, 0.036551464349, 0.078724719584, 0.0478386022151, 0.0484859123826, 0.108971573412, 0.063666574657, 0.0272234231234, 0.055107370019, 0.0368982292712, 0.0282811466604, 0.0739241093397, 0.0436233170331, 0.0240595526993, 0.0596203692257, 0.0339073836803, 0.0299557279795, 0.0965581163764, 0.0703204795718, 0.0482968874276, 0.106278076768, 0.062940351665, 0.0351490005851, 0.0534884110093, 0.0342244692147, 0.0359023399651, 0.0902678146958, 0.0530486926436, 0.0266366880387, 0.0658099129796, 0.0407374277711, 0.0449177660048], "mean": [0.226036339998, 0.148167416453, 0.0985757634044, 0.146607026458, 0.113110184669, 0.109426312149, 0.162577047944, 0.134552776814, 0.156270563602, 0.241700336337, 0.175328791142, 0.0942358598113, 0.116569086909, 0.0964120030403, 0.10973379761, 0.1772249192, 0.129704162478, 0.0803601071239, 0.10833452642, 0.0850524678826, 0.108426056802, 0.20126748085, 0.177635654807, 0.15640360117, 0.21634170413, 0.161054357886, 0.0972951725125, 0.113565534353, 0.0917060822248, 0.117814019322, 0.192784711719, 0.141848146915, 0.0923181921244, 0.127323508263, 0.10268548876, 0.142416775227]}, "tuning_equal_tempered_deviation": 0.0412622503936, "chords_changes_rate": 0.0640661343932, "key_key": "F", "tuning_diatonic_strength": 0.404232472181, "key_scale": "major", "chords_number_rate": 0.00619994848967, "tuning_frequency": 446.399932861, "tuning_nontempered_energy_ratio": 0.697156965733, "chords_histogram": [13.5365543365, 5.21828985214, 12.2965641022, 6.8199429512, 2.86747598648, 1.31748902798, 4.72746038437, 1.75665199757, 3.46163773537, 1.5758202076, 6.32911396027, 1.23998963833, 2.1441488266, 2.2991476059, 2.06664943695, 2.89330911636, 4.08163261414, 5.96745014191, 1.23998963833, 2.7124774456, 1.91165077686, 3.43580460548, 4.80495977402, 5.29578924179], "key_strength": 0.754754006863, "chords_key": "F", "chords_strength": {"dmean2": 0.00809296499938, "median": 0.507527351379, "min": 0.227315247059, "dvar2": 6.2908824475e-05, "dvar": 6.30771755823e-05, "dmean": 0.00968024786562, "max": 0.759576380253, "var": 0.0112376054749, "mean": 0.502360880375}, "chords_scale": "major", "hpcp_entropy": {"dmean2": 0.917388379574, "median": 1.81051468849, "min": 0.0402365513146, "dvar2": 0.602516531944, "dvar": 0.222699537873, "dmean": 0.540880084038, "max": 3.67602348328, "var": 0.489172101021, "mean": 1.78266847134}}, "metadata": {"audio_properties": {"equal_loudness": 0, "codec": "flac", "downmix": "mix", "sample_rate": 44100, "analysis_sample_rate": 44100, "bit_rate": 0, "md5_encoded": "6abb91f99fccf79001b6591859356ce7", "length": 179.693328857, "replay_gain": -1.07190132141, "lossless": true}, "version": {"essentia_build_sha": "5c9e65ec81695c916afb4cba055c226bfc528ee6", "essentia": "2.1-beta1", "extractor": "music 1.0", "essentia_git_sha": "v2.1_beta1-28-g21ef5f4"}, "tags": {"title": ["Symphonie no. 9: II. A Tempo II"], "barcode": ["028943902427"], "media": ["CD"], "albumartist": ["Mahler; Berliner Philharmoniker, Karajan"], "tracktotal": ["15"], "albumartistsort": ["Mahler, Gustav; Berliner Philharmoniker, Karajan, Herbert von"], "performer": ["Berliner Philharmoniker (orchestra)"], "releasetype": ["album", "live"], "musicbrainz_recordingid": ["07fd9e60-4fa4-49ec-9d54-df9167458208"], "composer": ["Gustav Mahler"], "musicbrainz_releasegroupid": ["2d15bd90-5382-3529-b47b-cb63d9733296"], "musicbrainz_albumartistid": ["8d610e51-64b4-4654-b8df-064b0fb7a9d9", "dea28aa9-1086-4ffa-8739-0ccc759de1ce", "d2ced2f1-6b58-47cf-ae87-5943e2ab6d99"], "artists": ["Gustav Mahler"], "discnumber": ["1"], "composersort": ["Mahler, Gustav"], "catalognumber": ["439 024-2"], "producer": ["Michel Glotz"], "releasecountry": ["DE"], "engineer": ["G\u00fcnter Hermanns"], "isrc": ["DEF058231412"], "originaldate": ["1994-09-15"], "work": ["Symphony no. 9 in D major: II. Im Tempo eines gem\u00e4chlichen Landlers. Etwas t\u00e4ppisch und sehr derb"], "date": ["1994-09-15"], "file_name": "CD1 12 Symphonie no. 9_ II. A Tempo II.flac", "musicbrainz_albumid": ["55134263-a20f-472a-bb39-3c8dab52e4d8"], "disctotal": ["2"], "acoustid_id": ["c364bdd5-e4e7-470b-847e-b69ce5e5087b"], "releasestatus": ["official"], "musicbrainz_artistid": ["8d610e51-64b4-4654-b8df-064b0fb7a9d9"], "asin": ["B000001GK9"], "musicbrainz_workid": ["1b592ca5-fdd6-33e7-8a12-c8244f6bbd31"], "musicbrainz_releasetrackid": ["6d668d31-a01e-34d6-8951-3d044fc46f7a"], "artist": ["Gustav Mahler"], "tracknumber": ["12"], "artistsort": ["Mahler, Gustav"], "album": ["Symphonie no. 9"], "label": ["Deutsche Grammophon"], "totaltracks": ["15"], "totaldiscs": ["2"], "script": ["Latn"], "conductor": ["Herbert von Karajan"]}}, "rhythm": {"bpm_histogram_first_peak_bpm": {"dmean2": 0, "median": 185, "min": 185, "dvar2": 0, "dvar": 0, "dmean": 0, "max": 185, "var": 0, "mean": 185}, "bpm": 184.570159912, "bpm_histogram_second_peak_spread": {"dmean2": 0, "median": 0, "min": 0, "dvar2": 0, "dvar": 0, "dmean": 0, "max": 0, "var": 0, "mean": 0}, "bpm_histogram_first_peak_weight": {"dmean2": 0, "median": 0.154185026884, "min": 0.154185026884, "dvar2": 0, "dvar": 0, "dmean": 0, "max": 0.154185026884, "var": 0, "mean": 0.154185026884}, "onset_rate": 1.38555908203, "beats_position": [0.336689323187, 0.684988677502, 1.04489791393, 1.40480720997, 1.764716506, 2.11301589012, 2.47292518616, 2.83283448219, 3.1811337471, 3.52943301201, 3.87773227692, 4.22603178024, 4.57433080673, 4.92263031006, 5.27092981339, 5.61922883987, 5.9675283432, 6.31582736969, 6.66412687302, 7.01242637634, 7.36072540283, 7.70902490616, 8.04571437836, 8.39401340485, 8.74231243134, 9.0906124115, 9.43891143799, 9.77560043335, 10.1122903824, 10.4489793777, 10.7856683731, 11.1223583221, 11.4590473175, 11.7957363129, 12.144036293, 12.4807252884, 12.8290243149, 13.177324295, 13.5256233215, 13.8855323792, 14.2338323593, 14.5821313858, 14.90721035, 15.2439002991, 15.5805892944, 15.9172782898, 16.2539672852, 16.5906581879, 16.9273471832, 17.2640361786, 17.600725174, 17.9374141693, 18.2741031647, 18.5991840363, 18.9358730316, 19.2609519958, 19.5976409912, 19.9227199554, 20.247800827, 20.5728797913, 20.9095687866, 21.246257782, 21.5713367462, 21.8964176178, 22.2331066132, 22.5465755463, 22.8716545105, 23.1967334747, 23.5218143463, 23.8468933105, 24.1835823059, 24.5202713013, 24.8453502655, 25.1704311371, 25.4955101013, 25.8205890656, 26.1456680298, 26.4591369629, 26.7842178345, 27.1092967987, 27.4343757629, 27.7594547272, 28.0845336914, 28.409614563, 28.7346935272, 29.0597724915, 29.3964614868, 29.7331504822, 30.0698413849, 30.4065303802, 30.7432193756, 31.079908371, 31.4165973663, 31.753288269, 32.0899772644, 32.4150543213, 32.7401351929, 33.0768241882, 33.4135131836, 33.750202179, 34.0985031128, 34.4351921082, 34.7718811035, 35.1085700989, 35.4452590942, 35.7819480896, 36.118637085, 36.4669380188, 36.8152389526, 37.151927948, 37.4886169434, 37.8253059387, 38.1619949341, 38.4986839294, 38.823764801, 39.1372337341, 39.462310791, 39.7873916626, 40.1008605957, 40.4259414673, 40.7510185242, 41.0644874573, 41.3779602051, 41.703037262, 42.0281181335, 42.3531951904, 42.678276062, 43.0033569336, 43.3284339905, 43.6535148621, 43.9785919189, 44.3036727905, 44.6287536621, 44.953830719, 45.2789115906, 45.6156005859, 45.9406776428, 46.2657585144, 46.590839386, 46.9159164429, 47.2526054382, 47.5776863098, 47.9027671814, 48.2278442383, 48.5529251099, 48.8780021667, 49.2030830383, 49.5281639099, 49.841632843, 50.1551017761, 50.4685707092, 50.7820396423, 51.0955085754, 51.4089775085, 51.7340583801, 52.0591392517, 52.3842163086, 52.7092971802, 53.0227661133, 53.3362350464, 53.6497039795, 53.9631729126, 54.2766418457, 54.5901107788, 54.9151916504, 55.240272522, 55.5653495789, 55.878818512, 56.1922874451, 56.5173683167, 56.8424491882, 57.1559181213, 57.4809951782, 57.8060760498, 58.1311569214, 58.4446258545, 58.7697029114, 59.094783783, 59.4082527161, 59.7217216492, 60.0351905823, 60.3486595154, 60.6621322632, 60.9756011963, 61.2890701294, 61.6025390625, 61.9160079956, 62.2294769287, 62.5545578003, 62.8912467957, 63.227935791, 63.5646247864, 63.9129257202, 64.2612228394, 64.5979156494, 64.9462127686, 65.2945098877, 65.6544189453, 66.0143280029, 66.3626327515, 66.7109298706, 67.1056671143, 67.5004043579, 67.895149231, 68.2898864746, 68.6962356567, 69.0909729004, 69.485710144, 69.9617233276, 70.4377288818, 70.9137420654, 71.4013595581, 71.8773651123, 72.3649902344, 72.817779541, 73.2705688477, 73.7233581543, 74.1645355225, 74.6057128906, 75.0468902588, 75.4996795654, 75.9408569336, 76.3820419312, 76.8232192993, 77.2643966675, 77.6939697266, 78.1119232178, 78.5298843384, 78.947845459, 79.3658065796, 79.7837600708, 80.2017211914, 80.5964584351, 80.9912033081, 81.3859405518, 81.7922897339, 82.1870269775, 82.5701599121, 82.9532852173, 83.3364181519, 83.719543457, 84.1142807007, 84.5090255737, 84.8921508789, 85.2868881226, 85.6816329956, 86.0763702393, 86.4827194214, 86.8890686035, 87.3070297241, 87.7133789062, 88.1313400269, 88.537689209, 88.9440383911, 89.3155517578, 89.6754608154, 90.0469818115, 90.4185028076, 90.7900238037, 91.1615371704, 91.5330581665, 91.8929672241, 92.2528762817, 92.6127853394, 92.972694397, 93.3442153931, 93.7273483276, 94.1104736328, 94.5052108765, 94.888343811, 95.2714691162, 95.6546020508, 96.037727356, 96.432472229, 96.8155975342, 97.1987304688, 97.5934677124, 97.9882049561, 98.4061660767, 98.8125152588, 99.2304763794, 99.6368255615, 100.054779053, 100.472740173, 100.890701294, 101.355102539, 101.819496155, 102.2838974, 102.759910583, 103.235916138, 103.711929321, 104.187934875, 104.66394043, 105.139953613, 105.67401123, 106.208068848, 106.742126465, 107.322631836, 107.903129578, 108.472015381, 109.040908813, 109.621406555, 110.213516235, 110.805618286, 111.455780029, 112.094329834, 112.732879639, 113.371429443, 114.009971619, 114.625305176, 115.240631104, 115.855964661, 116.424850464, 116.993736267, 117.527801514, 118.061859131, 118.595916748, 119.141586304, 119.687255859, 120.232925415, 120.743759155, 121.254600525, 121.765441895, 122.276275635, 122.787117004, 123.297958374, 123.797187805, 124.296417236, 124.784034729, 125.271652222, 125.759269714, 126.246894836, 126.676460266, 127.094421387, 127.523986816, 127.953559875, 128.383132935, 128.812698364, 129.242263794, 129.660217285, 130.089797974, 130.519363403, 130.937316895, 131.355285645, 131.784851074, 132.214416504, 132.643981934, 133.085174561, 133.526351929, 133.955917358, 134.37387085, 134.7918396, 135.209793091, 135.627746582, 136.034103394, 136.440444946, 136.846801758, 137.241546631, 137.647888184, 138.054244995, 138.460586548, 138.878540039, 139.296508789, 139.71446228, 140.14402771, 140.573608398, 140.99156189, 141.490783691, 141.990020752, 142.500854492, 143.000091553, 143.499313354, 143.998550415, 144.497772217, 144.997009277, 145.496231079, 145.99546814, 146.494689941, 146.993927002, 147.400268555, 147.806625366, 148.20135498, 148.596099854, 149.002441406, 149.408798218, 149.815139771, 150.209884644, 150.604629517, 150.999359131, 151.394104004, 151.835281372, 152.27645874, 152.717636108, 153.158813477, 153.599990845, 154.041183472, 154.48236084, 154.923538208, 155.353103638, 155.782669067, 156.212234497, 156.641815186, 157.082992554, 157.512557983, 157.930511475, 158.360092163, 158.789657593, 159.172790527, 159.555908203, 159.927429199, 160.298950195, 160.658859253, 161.018768311, 161.378677368, 161.750198364, 162.12171936, 162.481628418, 162.864761353, 163.236282349, 163.607803345, 163.979324341, 164.350830078, 164.722351074, 165.151931763, 165.581497192, 166.022674561, 166.463851929, 166.893417358, 167.322982788, 167.764175415, 168.205352783, 168.646530151, 169.076095581, 169.482452393, 169.877182007, 170.27192688, 170.666656494, 171.061401367, 171.45614624, 171.850875854, 172.245620728, 172.675186157, 173.104751587, 173.545944214, 174.045166016, 174.544403076, 175.043624878, 175.53125, 176.018859863, 176.506484985, 176.994094849, 177.481719971, 177.969345093, 178.456954956, 178.956192017], "beats_loudness": {"dmean2": 0.0225005652755, "median": 0.0114083494991, "min": 6.05597824688e-06, "dvar2": 0.00102134433109, "dvar": 0.000385428866139, "dmean": 0.01343543455, "max": 0.166262194514, "var": 0.000756554596592, "mean": 0.022179575637}, "danceability": 0.945287585258, "bpm_histogram_second_peak_weight": {"dmean2": 0, "median": 0.121145375073, "min": 0.121145375073, "dvar2": 0, "dvar": 0, "dmean": 0, "max": 0.121145375073, "var": 0, "mean": 0.121145375073}, "beats_count": 455, "bpm_histogram_second_peak_bpm": {"dmean2": 0, "median": 178, "min": 178, "dvar2": 0, "dvar": 0, "dmean": 0, "max": 178, "var": 0, "mean": 178}, "bpm_histogram_first_peak_spread": {"dmean2": 0, "median": 0, "min": 0, "dvar2": 0, "dvar": 0, "dmean": 0, "max": 0, "var": 0, "mean": 0}, "beats_loudness_band_ratio": {"dmean2": [0.262372821569, 0.278892368078, 0.312118560076, 0.22133654356, 0.0802963450551, 0.0211858544499], "median": [0.103137157857, 0.188848048449, 0.296569108963, 0.152510166168, 0.0421800985932, 0.00443993974477], "min": [0.00043201886001, 0.000755622400902, 0.000946356391069, 0.000223096663831, 0.000156878842972, 9.28864974412e-05], "dvar2": [0.0700614526868, 0.0551056489348, 0.0553325675428, 0.0474204085767, 0.0129117257893, 0.00339222699404], "dvar": [0.0247577410191, 0.0193823073059, 0.0196942668408, 0.0170565098524, 0.00487406365573, 0.0011791883735], "dmean": [0.151975855231, 0.161536425352, 0.181714311242, 0.129708394408, 0.0476612821221, 0.0122171938419], "max": [0.996294856071, 0.887791335583, 0.959649503231, 0.924139976501, 0.54249227047, 0.359124153852], "var": [0.0433801263571, 0.0317793861032, 0.0426421314478, 0.0296838879585, 0.0067116622813, 0.000988093670458], "mean": [0.189976215363, 0.231780767441, 0.336680948734, 0.20857386291, 0.0703095644712, 0.0138035230339]}}, "lowlevel": {"barkbands_spread": {"dmean2": 3.65986895561, "median": 10.4999275208, "min": 0.281971305609, "dvar2": 13.6754255295, "dvar": 5.59908723831, "dmean": 2.3646235466, "max": 51.661605835, "var": 37.7464332581, "mean": 11.4538135529}, "melbands_spread": {"dmean2": 5.64451169968, "median": 14.3637533188, "min": 0.405214637518, "dvar2": 33.8266181946, "dvar": 14.2496738434, "dmean": 3.63054347038, "max": 94.0976791382, "var": 92.1120300293, "mean": 16.2645301819}, "hfc": {"dmean2": 4.49235630035, "median": 4.83196258545, "min": 0.000106674197013, "dvar2": 105.751708984, "dvar": 46.8598022461, "dmean": 3.1235601902, "max": 186.968978882, "var": 299.764923096, "mean": 11.5506296158}, "barkbands_kurtosis": {"dmean2": 6.78919315338, "median": 1.09850525856, "min": -1.76303434372, "dvar2": 3688.03271484, "dvar": 1489.97509766, "dmean": 4.33328914642, "max": 1724.70019531, "var": 4809.25097656, "mean": 7.46960878372}, "gfcc": {"mean": [-117.402198792, 149.328430176, -150.392684937, -6.35303640366, -50.4975967407, -14.3035507202, -32.9598083496, -3.12351870537, -15.8626899719, -1.3892275095, -3.86760473251, -4.7769241333, -8.90027332306], "icov": [[0.000245444098255, -0.00046803263831, 0.000565680034924, -0.000751581974328, 0.00103303778451, -0.000952582107857, 0.000580255582463, -0.000367039028788, 0.000444220378995, -0.000519919209182, 0.000664343882818, -0.000244438590016, 1.37802180689e-06], [-0.00046803263831, 0.00417275028303, -0.00242295349017, 0.00220590247773, -0.00457914732397, 0.00402451120317, -0.00395626435056, 0.00326334917918, -0.00369649403729, 0.00588793260977, -0.00495448103175, 0.00451567722484, -0.00227106409147], [0.000565680034924, -0.00242295349017, 0.00399836152792, -0.00257175648585, 0.00221123662777, -0.00290777604096, 0.00161699624732, -0.00243489327841, 0.00239378469996, -0.00286489143036, 0.00412786705419, -0.00326612731442, 0.000514848332386], [-0.000751581974328, 0.00220590247773, -0.00257175648585, 0.00635439576581, -0.00445774849504, 0.00117358367424, -0.00112135359086, -0.000198451438337, -0.00262427260168, 0.00307879806496, -0.00134964287281, 0.00262075965293, -0.000145507918205], [0.00103303778451, -0.00457914732397, 0.00221123662777, -0.00445774849504, 0.0131833376363, -0.00747905159369, 0.00255065318197, 0.000137680384796, 0.0017711261753, -0.00542373815551, 0.00375094008632, -0.00339884590358, 0.00169543386437], [-0.000952582107857, 0.00402451120317, -0.00290777604096, 0.00117358367424, -0.00747905159369, 0.0141766322777, -0.00720207858831, 0.0023988254834, -0.000440209609224, 0.00203729653731, -0.00175594142638, -0.000280662934529, 0.00104831415229], [0.000580255582463, -0.00395626435056, 0.00161699624732, -0.00112135359086, 0.00255065318197, -0.00720207858831, 0.0177503302693, -0.0103250546381, 0.00260551297106, -0.00174334971234, -0.00129987718537, 0.00281336624175, -0.0018272518646], [-0.000367039028788, 0.00326334917918, -0.00243489327841, -0.000198451438337, 0.000137680384796, 0.0023988254834, -0.0103250546381, 0.0191242601722, -0.00967691093683, 0.00377555401064, 0.00128060975112, -0.00267893867567, 0.00158375303727], [0.000444220378995, -0.00369649403729, 0.00239378469996, -0.00262427260168, 0.0017711261753, -0.000440209609224, 0.00260551297106, -0.00967691093683, 0.0207395348698, -0.013831439428, 0.00479074241593, -0.000744667660911, -0.000668445136398], [-0.000519919209182, 0.00588793260977, -0.00286489143036, 0.00307879806496, -0.00542373815551, 0.00203729653731, -0.00174334971234, 0.00377555401064, -0.013831439428, 0.0291919540614, -0.0158908795565, 0.00826775748283, -0.001939094509], [0.000664343882818, -0.00495448103175, 0.00412786705419, -0.00134964287281, 0.00375094008632, -0.00175594142638, -0.00129987718537, 0.00128060975112, 0.00479074241593, -0.0158908795565, 0.0283231809735, -0.0175084825605, 0.00648347754031], [-0.000244438590016, 0.00451567722484, -0.00326612731442, 0.00262075965293, -0.00339884590358, -0.000280662934529, 0.00281336624175, -0.00267893867567, -0.000744667660911, 0.00826775748283, -0.0175084825605, 0.0303273964673, -0.0167602263391], [1.37802180689e-06, -0.00227106409147, 0.000514848332386, -0.000145507918205, 0.00169543386437, 0.00104831415229, -0.0018272518646, 0.00158375303727, -0.000668445136398, -0.001939094509, 0.00648347754031, -0.0167602263391, 0.0193400643766]], "cov": [[13191.5361328, -1538.83349609, -681.533325195, 1306.88537598, -558.557617188, 624.04309082, -144.956512451, 290.407440186, -59.5720176697, -73.2220687866, -451.871307373, -248.954391479, -249.666183472], [-1538.83349609, 1439.15014648, 341.485687256, -179.980621338, 295.251098633, -148.149078369, 176.263900757, -95.9323806763, 57.2893028259, -82.5320968628, 92.8263015747, -37.0092658997, 95.8319854736], [-681.533325195, 341.485687256, 718.954162598, 217.753356934, 162.25567627, 109.78894043, 110.424263, 91.5337982178, 28.3721237183, -34.7852592468, -53.281085968, 19.5913887024, 37.7425117493], [1306.88537598, -179.980621338, 217.753356934, 518.156433105, 78.0607223511, 179.481399536, 49.0605659485, 118.700561523, 40.3090667725, -10.5684680939, -106.501113892, -57.7605476379, -58.8022689819], [-558.557617188, 295.251098633, 162.25567627, 78.0607223511, 238.558349609, 65.2687911987, 62.031791687, -6.08011817932, 25.6699085236, 3.95253276825, 12.401345253, -8.52453041077, 2.62494468689], [624.04309082, -148.149078369, 109.78894043, 179.481399536, 65.2687911987, 210.428588867, 53.8036613464, 58.8519096375, 1.26473975182, 5.49622297287, -38.2805900574, -5.95249223709, -27.6081581116], [-144.956512451, 176.263900757, 110.424263, 49.0605659485, 62.031791687, 53.8036613464, 142.915649414, 67.1677398682, 34.1873512268, -3.57410502434, 1.64661359787, -13.2263832092, 6.59532594681], [290.407440186, -95.9323806763, 91.5337982178, 118.700561523, -6.08011817932, 58.8519096375, 67.1677398682, 145.05657959, 55.6320381165, 8.79175662994, -35.0381622314, -4.15114688873, -10.0662117004], [-59.5720176697, 57.2893028259, 28.3721237183, 40.3090667725, 25.6699085236, 1.26473975182, 34.1873512268, 55.6320381165, 107.411643982, 41.0762519836, 2.15600919724, -12.931555748, -1.46343791485], [-73.2220687866, -82.5320968628, -34.7852592468, -10.5684680939, 3.95253276825, 5.49622297287, -3.57410502434, 8.79175662994, 41.0762519836, 83.3447265625, 35.7096595764, 4.47517776489, -8.85873413086], [-451.871307373, 92.8263015747, -53.281085968, -106.501113892, 12.401345253, -38.2805900574, 1.64661359787, -35.0381622314, 2.15600919724, 35.7096595764, 107.744300842, 51.7556266785, 27.9492816925], [-248.954391479, -37.0092658997, 19.5913887024, -57.7605476379, -8.52453041077, -5.95249223709, -13.2263832092, -4.15114688873, -12.931555748, 4.47517776489, 51.7556266785, 113.901107788, 76.2348251343], [-249.666183472, 95.8319854736, 37.7425117493, -58.8022689819, 2.62494468689, -27.6081581116, 6.59532594681, -10.0662117004, -1.46343791485, -8.85873413086, 27.9492816925, 76.2348251343, 120.001167297]]}, "spectral_energyband_middle_low": {"dmean2": 0.00461632292718, "median": 0.00420503877103, "min": 7.33793648067e-09, "dvar2": 8.65174151841e-05, "dvar": 3.76271818823e-05, "dmean": 0.00304270978086, "max": 0.248180866241, "var": 0.000181418232387, "mean": 0.00900970119983}, "melbands_crest": {"dmean2": 4.75851869583, "median": 12.6707735062, "min": 3.91371631622, "dvar2": 18.0359954834, "dvar": 7.08452653885, "dmean": 2.96565771103, "max": 39.5312232971, "var": 30.4629192352, "mean": 13.6919622421}, "spectral_kurtosis": {"dmean2": 11.1664590836, "median": 12.0421514511, "min": 1.41771316528, "dvar2": 140.871490479, "dvar": 45.8938446045, "dmean": 6.35301113129, "max": 88.9602432251, "var": 142.818359375, "mean": 16.0117435455}, "spectral_rms": {"dmean2": 0.000658278353512, "median": 0.00272324029356, "min": 3.21544102917e-05, "dvar2": 6.96081713158e-07, "dvar": 3.06497838665e-07, "dmean": 0.000450108404038, "max": 0.0166154485196, "var": 4.90498723593e-06, "mean": 0.0032940923702}, "zerocrossingrate": {"dmean2": 0.0048317629844, "median": 0.03662109375, "min": 0, "dvar2": 1.96585988306e-05, "dvar": 1.41247455758e-05, "dmean": 0.00392681872472, "max": 0.15234375, "var": 0.000274006946711, "mean": 0.0395040996373}, "silence_rate_60dB": {"dmean2": 0.0739209130406, "median": 0, "min": 0, "dvar2": 0.078539647162, "dvar": 0.0355926863849, "dmean": 0.0369556806982, "max": 1, "var": 0.205042511225, "mean": 0.287984490395}, "erbbands_kurtosis": {"dmean2": 1.71397566795, "median": 0.090834736824, "min": -1.72453987598, "dvar2": 6.94289445877, "dvar": 2.95676350594, "dmean": 1.09061813354, "max": 39.8565979004, "var": 8.66397762299, "mean": 0.888134539127}, "erbbands": {"dmean2": [0.0182179994881, 0.28018411994, 1.22513020039, 2.58363652229, 3.09437847137, 3.60133171082, 7.62872552872, 19.4559593201, 23.140625, 24.8143939972, 22.8537864685, 20.5322608948, 23.4578971863, 24.8623161316, 22.2601261139, 18.8723201752, 44.982131958, 26.8389034271, 23.150018692, 16.8374328613, 10.8001146317, 8.62275218964, 8.20083045959, 6.26272773743, 4.04242610931, 2.64927697182, 1.01549851894, 0.631526470184, 0.587605834007, 0.377822250128, 0.256855726242, 0.144963368773, 0.0756593048573, 0.0380427949131, 0.0220435392112, 0.0118554523215, 0.00300288293511, 0.000708162260707, 9.31953618419e-05, 1.06756879177e-05], "median": [0.000844935479108, 0.0203192681074, 0.125570207834, 0.273235797882, 0.407406508923, 1.07395601273, 3.223985672, 5.69585609436, 9.39427185059, 12.9567623138, 8.95142364502, 5.24299812317, 6.12342834473, 7.33311128616, 5.76485490799, 6.64537715912, 6.6521654129, 5.58319759369, 4.11813354492, 3.59694385529, 2.67184305191, 1.96743929386, 1.33470010757, 1.05507576466, 0.680594027042, 0.356494873762, 0.143391877413, 0.0559603534639, 0.0308803133667, 0.0176199562848, 0.0108080627397, 0.0047122137621, 0.00224019307643, 0.00107461027801, 0.000541445275303, 0.000183173629921, 5.3100844525e-05, 1.75088025571e-05, 7.52466894482e-06, 9.20771708479e-06], "min": [6.70919098411e-06, 1.68785834376e-06, 1.31502599743e-06, 2.55493841905e-06, 3.59488126378e-06, 2.68824373961e-06, 2.25438407142e-06, 4.50980178357e-06, 6.60583418721e-06, 7.86842701928e-06, 1.13780533866e-05, 8.63079003466e-06, 1.0110693438e-05, 9.37343156693e-06, 1.0429208487e-05, 5.22129039382e-06, 1.17449408208e-05, 9.65248455032e-06, 8.03578404884e-06, 9.85504175333e-06, 1.02843869172e-05, 1.06480529212e-05, 1.07111718535e-05, 1.01176128737e-05, 1.01486693893e-05, 8.99572842172e-06, 1.20634967971e-05, 8.7635626187e-06, 9.7457677839e-06, 1.1052688933e-05, 8.64223784447e-06, 9.35391472012e-06, 7.87763110566e-06, 6.59454690322e-06, 3.78259642275e-06, 2.38459870161e-06, 7.75314560997e-07, 3.3721224213e-07, 7.69157537661e-08, 8.77984440706e-09], "dvar2": [0.00764827802777, 1.3129183054, 16.9131832123, 96.8514175415, 143.588302612, 173.56578064, 688.131225586, 2676.78686523, 2845.19677734, 2522.9387207, 3072.09179688, 3881.73583984, 7235.51318359, 4947.54296875, 6485.83447266, 4021.43212891, 24340.5449219, 19661.8808594, 23003.75, 3747.61572266, 927.685241699, 820.48223877, 2018.578125, 798.966125488, 597.879699707, 144.595062256, 14.369644165, 11.687204361, 29.0953216553, 12.5243825912, 6.00686693192, 0.918794989586, 0.229864731431, 0.0620875358582, 0.0236794743687, 0.019364150241, 0.00131628720555, 6.69171276968e-05, 1.00583577023e-06, 2.00779970427e-09], "dvar": [0.00270132161677, 0.456548511982, 6.61724185944, 37.1162109375, 56.7604370117, 65.3507385254, 231.201553345, 1068.68945312, 1176.26220703, 1042.71569824, 1214.50537109, 1536.85266113, 3266.17993164, 2007.16101074, 2458.58276367, 1563.09277344, 11016.8554688, 7215.28808594, 8118.18652344, 1563.97143555, 368.109802246, 340.331695557, 705.301086426, 367.763641357, 220.192382812, 87.9708099365, 7.41032409668, 5.40904188156, 11.9181509018, 5.22278022766, 3.35966801643, 0.432239532471, 0.134430497885, 0.0443457514048, 0.0150608075783, 0.0109382010996, 0.000767407007515, 3.68561195501e-05, 5.93218658196e-07, 1.25073662538e-09], "dmean": [0.0112667335197, 0.175877407193, 0.778582513332, 1.62959897518, 1.95654153824, 2.27173852921, 4.70267963409, 12.2938261032, 15.1015672684, 16.0264167786, 14.3465042114, 13.2273244858, 14.7814273834, 15.6092786789, 13.7265586853, 11.7847738266, 29.0848426819, 16.5062046051, 14.0738716125, 10.5203371048, 6.73507499695, 5.42090749741, 4.98526000977, 3.99637913704, 2.56047058105, 1.75527751446, 0.68481451273, 0.430773556232, 0.394399046898, 0.256432920694, 0.173968806863, 0.0986200198531, 0.0572740361094, 0.0296705607325, 0.0167667046189, 0.00938342604786, 0.00250695180148, 0.000555153354071, 7.46973455534e-05, 7.9413093772e-06], "max": [2.1649825573, 20.5678825378, 90.174621582, 166.090270996, 227.648574829, 385.714935303, 697.012207031, 664.733093262, 715.099914551, 773.637329102, 719.492248535, 1168.8190918, 3116.9753418, 1230.36413574, 1578.15283203, 1512.88037109, 4242.09082031, 4297.76855469, 4001.99389648, 1677.08154297, 709.189208984, 653.110046387, 1194.1385498, 912.241149902, 963.319824219, 934.869506836, 98.2341766357, 104.274383545, 218.651916504, 158.464584351, 117.906967163, 28.3861446381, 18.6664543152, 14.2226428986, 6.88088941574, 6.21753311157, 1.40883135796, 0.316324323416, 0.0380245298147, 0.00208265823312], "var": [0.0071629723534, 0.907835841179, 18.8292751312, 76.8766326904, 116.337059021, 129.772369385, 396.202453613, 2434.78466797, 2967.19580078, 2423.9699707, 2278.56176758, 3245.60595703, 6036.79443359, 4631.67285156, 4876.74365234, 3568.89648438, 36046.8867188, 11517.1826172, 10097.1376953, 3933.72949219, 947.137329102, 897.758178711, 1126.33532715, 945.580871582, 608.621948242, 648.948364258, 27.5476207733, 12.1242551804, 16.5513916016, 7.3163022995, 5.95540618896, 1.1770349741, 0.447264254093, 0.164352089167, 0.0535820275545, 0.0228565149009, 0.0015265296679, 6.57294876873e-05, 1.11731731067e-06, 3.58314511395e-09], "mean": [0.0216426644474, 0.292258530855, 1.35490357876, 2.71112132072, 3.24355530739, 4.06056118011, 8.8317232132, 22.0881385803, 28.7471065521, 30.1875343323, 24.2020740509, 24.263917923, 27.091053009, 29.2128276825, 25.298789978, 22.0266456604, 53.4719047546, 28.1992492676, 22.7513694763, 19.4616603851, 13.2873382568, 10.757399559, 9.35846805573, 7.6584649086, 5.54045295715, 4.41957950592, 1.59083712101, 0.940471231937, 0.789254426956, 0.527660548687, 0.371431350708, 0.215017095208, 0.126448497176, 0.0683535635471, 0.0362818315625, 0.0154326902702, 0.00404302449897, 0.000886203197297, 0.000127089471789, 2.47580137511e-05]}, "spectral_strongpeak": {"dmean2": 0.942145884037, "median": 0.679278612137, "min": 0, "dvar2": 2.74395394325, "dvar": 1.06549930573, "dmean": 0.573072135448, "max": 18.4587841034, "var": 2.34808349609, "mean": 1.18111109734}, "spectral_energy": {"dmean2": 0.006669041235, "median": 0.00760143855587, "min": 1.05975368569e-06, "dvar2": 0.000172406536876, "dvar": 7.36088477424e-05, "dmean": 0.00445422483608, "max": 0.28297495842, "var": 0.000494493113365, "mean": 0.0161499287933}, "average_loudness": 0.139468237758, "spectral_rolloff": {"dmean2": 311.072875977, "median": 1012.06054688, "min": 21.533203125, "dvar2": 155882.390625, "dvar": 66979.125, "dmean": 179.23399353, "max": 6007.76367188, "var": 283420.15625, "mean": 1085.78186035}, "spectral_centroid": {"dmean2": 177.248031616, "median": 817.536254883, "min": 282.154205322, "dvar2": 35896.375, "dvar": 15600.5019531, "dmean": 114.973075867, "max": 3114.00024414, "var": 159583.390625, "mean": 911.430664062}, "pitch_salience": {"dmean2": 0.0942852348089, "median": 0.523323059082, "min": 0.0168869383633, "dvar2": 0.00634687719867, "dvar": 0.00246632331982, "dmean": 0.059006690979, "max": 0.838905632496, "var": 0.012563384138, "mean": 0.517462611198}, "spectral_energyband_middle_high": {"dmean2": 0.00264148926362, "median": 0.00172464211937, "min": 3.21157700434e-09, "dvar2": 4.13731286244e-05, "dvar": 1.71810916072e-05, "dmean": 0.00172425422352, "max": 0.112687796354, "var": 6.62416205159e-05, "mean": 0.00475255819038}, "spectral_contrast_coeffs": {"dmean2": [0.0722499266267, 0.0694179311395, 0.0575212463737, 0.0472300238907, 0.0314157791436, 0.0193055588752], "median": [-0.624481081963, -0.697423815727, -0.72521340847, -0.728507041931, -0.760631561279, -0.77392333746], "min": [-0.944457054138, -0.93549656868, -0.951841890812, -0.942897617817, -0.928589105606, -0.903197228909], "dvar2": [0.00338184298016, 0.00310919759795, 0.00206269999035, 0.0014069165336, 0.000603893422522, 0.000247134274105], "dvar": [0.00126001494937, 0.0011835237965, 0.000800387584604, 0.000537177838851, 0.000239790781052, 9.85989245237e-05], "dmean": [0.0440688729286, 0.0429617203772, 0.0359128043056, 0.0292023196816, 0.0193823631853, 0.0119745582342], "max": [-0.292996168137, -0.376988857985, -0.419623017311, -0.499624699354, -0.481995820999, -0.560139656067], "var": [0.00717589678243, 0.00599374715239, 0.00468360399827, 0.00524855265394, 0.00275447312742, 0.00173804699443], "mean": [-0.621316671371, -0.692269325256, -0.720413804054, -0.7228282094, -0.758619070053, -0.775686442852]}, "melbands_skewness": {"dmean2": 0.750987887383, "median": 1.33500123024, "min": -3.0946829319, "dvar2": 1.15284621716, "dvar": 0.457747489214, "dmean": 0.486488729715, "max": 35.1055755615, "var": 2.6919567585, "mean": 1.44268167019}, "spectral_spread": {"dmean2": 336412.5625, "median": 2156513, "min": 911224, "dvar2": 85088428032, "dvar": 35318272000, "dmean": 203660.0625, "max": 9334862, "var": 765117988864, "mean": 2299766}, "dissonance": {"dmean2": 0.0499386936426, "median": 0.443897813559, "min": 0.201567798853, "dvar2": 0.00182179373223, "dvar": 0.000661420286633, "dmean": 0.0294345282018, "max": 0.500000059605, "var": 0.00181046815123, "mean": 0.435212135315}, "spectral_skewness": {"dmean2": 0.828724980354, "median": 2.32998561859, "min": 0.668697953224, "dvar2": 0.631964087486, "dvar": 0.204946324229, "dmean": 0.474972695112, "max": 7.6325097084, "var": 0.923654854298, "mean": 2.57514476776}, "spectral_flux": {"dmean2": 0.0182623453438, "median": 0.0387480258942, "min": 0.000208449317142, "dvar2": 0.000500659924001, "dvar": 0.000192394669284, "dmean": 0.0110119925812, "max": 0.32847687602, "var": 0.00167453137692, "mean": 0.0500031560659}, "spectral_contrast_valleys": {"dmean2": [0.650462090969, 0.490926533937, 0.40839985013, 0.326244324446, 0.232436567545, 0.188140422106], "median": [-8.74867725372, -6.90250587463, -7.88517093658, -8.58115291595, -9.20737075806, -12.7171936035], "min": [-12.9721908569, -13.1531867981, -13.6521492004, -14.8315439224, -14.2148017883, -16.1714267731], "dvar2": [0.263100028038, 0.141759172082, 0.0986550450325, 0.0638256520033, 0.0338911674917, 0.0348264984787], "dvar": [0.0952650979161, 0.052688870579, 0.0382699295878, 0.0254061445594, 0.0165308471769, 0.0215374510735], "dmean": [0.389177829027, 0.29821908474, 0.249463438988, 0.201393812895, 0.152407988906, 0.135082677007], "max": [-5.23372507095, -4.34277105331, -5.17117547989, -5.74507761002, -6.34921264648, -8.34412002563], "var": [2.13698673248, 1.32719135284, 1.46791565418, 1.6816726923, 1.66830015182, 1.59833240509], "mean": [-8.76615619659, -7.05055189133, -7.9982175827, -8.67730903625, -9.12523651123, -12.4826831818]}, "erbbands_flatness_db": {"dmean2": 0.023263733834, "median": 0.25625026226, "min": 0.0274389758706, "dvar2": 0.000416300375946, "dvar": 0.000185071476153, "dmean": 0.0155728161335, "max": 0.4345510602, "var": 0.00330039160326, "mean": 0.2553370893}, "spectral_energyband_high": {"dmean2": 6.00673592999e-05, "median": 7.66270750319e-06, "min": 4.67768135337e-09, "dvar2": 8.70334346814e-08, "dvar": 4.48024373156e-08, "dmean": 4.43090648332e-05, "max": 0.00861211586744, "var": 1.64572554695e-07, "mean": 0.000120439312013}, "spectral_entropy": {"dmean2": 0.175542384386, "median": 6.74979305267, "min": 5.26816177368, "dvar2": 0.0222592856735, "dvar": 0.0099619217217, "dmean": 0.11833717674, "max": 8.51667976379, "var": 0.248840987682, "mean": 6.75126266479}, "silence_rate_20dB": {"dmean2": 0, "median": 1, "min": 1, "dvar2": 0, "dvar": 0, "dmean": 0, "max": 1, "var": 0, "mean": 1}, "melbands_flatness_db": {"dmean2": 0.025917282328, "median": 0.272234201431, "min": 0.062505312264, "dvar2": 0.000536452629603, "dvar": 0.000233979968471, "dmean": 0.0175100304186, "max": 0.459396988153, "var": 0.00469051301479, "mean": 0.270523637533}, "barkbands": {"dmean2": [3.03875494865e-05, 0.00102024129592, 0.0012119122548, 0.00106573302764, 0.00103511183988, 0.00188875128515, 0.0016365404008, 0.00123046978842, 0.000851718592457, 0.000875002006069, 0.000584209628869, 0.000461791380076, 0.000989792053588, 0.000548320880625, 0.000344025087543, 0.000287718488835, 0.000153580695041, 0.000152391919983, 0.000112947032903, 5.35059880349e-05, 1.85021490324e-05, 1.7285154172e-05, 7.97325174062e-06, 5.35803474122e-06, 2.8602535167e-06, 2.0359152586e-06, 5.18618151091e-07], "median": [1.12872285172e-05, 6.30854337942e-05, 0.000115102069685, 7.44282151572e-05, 0.000342294399161, 0.000656102667563, 0.000766598619521, 0.000452448730357, 0.000192062536371, 0.000217792505282, 0.000108575215563, 0.000123816367704, 0.000116364244604, 6.39365825919e-05, 5.62407512916e-05, 5.23831258761e-05, 2.98507129628e-05, 2.20000074478e-05, 1.78479804163e-05, 7.41406483939e-06, 1.88556555258e-06, 8.32217779134e-07, 3.99134421514e-07, 1.60388040626e-07, 8.27096187095e-08, 3.06948919615e-08, 1.60937076998e-08], "min": [4.18986836337e-08, 1.0869491085e-08, 1.08616649008e-09, 2.38352976245e-10, 6.5821603723e-10, 4.59231486172e-10, 5.14588149869e-10, 3.08715386588e-10, 3.34091421195e-10, 3.47252976374e-10, 1.13094367205e-10, 7.05687383529e-11, 2.33866981336e-10, 1.22047025264e-10, 1.33693334181e-10, 1.75466335905e-10, 1.75205877584e-10, 1.79013900925e-10, 1.57353893804e-10, 1.86740858887e-10, 2.63534138956e-10, 2.60820642861e-10, 3.0900795811e-10, 4.56196608267e-10, 5.90922699661e-10, 5.1491366726e-10, 5.36126865125e-10], "dvar2": [2.20614264634e-08, 1.87843834283e-05, 1.56265796249e-05, 1.95670072571e-05, 1.29795917019e-05, 2.39115615841e-05, 1.21929133456e-05, 7.33732349545e-06, 5.70162774238e-06, 7.62358877182e-06, 4.33348304796e-06, 3.18821730616e-06, 1.08409931272e-05, 1.32589266286e-05, 2.71259045803e-06,