{"tonal": {"thpcp": [1, 0.579413294792, 0.250216543674, 0.200645536184, 0.215035244823, 0.377264499664, 0.528539121151, 0.394398868084, 0.231162473559, 0.203103333712, 0.210193485022, 0.382032901049, 0.552570223808, 0.421714216471, 0.393663793802, 0.509365320206, 0.435709774494, 0.327957093716, 0.298137128353, 0.329935789108, 0.672864377499, 0.931830108166, 0.579865157604, 0.239855229855, 0.18433021009, 0.170469596982, 0.28824454546, 0.450588583946, 0.404582262039, 0.300026416779, 0.206864923239, 0.146054878831, 0.258993774652, 0.355584830046, 0.419721871614, 0.810455858707], "hpcp": {"dmean2": [0.245256736875, 0.209239259362, 0.16236884892, 0.155150949955, 0.161429911852, 0.203428953886, 0.237254083157, 0.225570052862, 0.22311013937, 0.224170088768, 0.258769869804, 0.213598579168, 0.188808232546, 0.223524928093, 0.298400312662, 0.315581917763, 0.262434065342, 0.163661852479, 0.124412290752, 0.124439708889, 0.161817654967, 0.19776558876, 0.196093097329, 0.196075990796, 0.14788711071, 0.117051005363, 0.175795540214, 0.218755915761, 0.295524358749, 0.449883848429, 0.380953729153, 0.293848484755, 0.21198657155, 0.181250020862, 0.183142825961, 0.226668134332], "median": [0.102295443416, 0.0813396051526, 0.0402819775045, 0.0304213706404, 0.0314318910241, 0.0814360454679, 0.117565110326, 0.0977198556066, 0.0716943517327, 0.0734180957079, 0.0815126299858, 0.0672552660108, 0.0541473440826, 0.070312641561, 0.205684751272, 0.286222040653, 0.173264458776, 0.0483097322285, 0.0270431153476, 0.0268961079419, 0.0637025013566, 0.0951121971011, 0.094443321228, 0.0595589391887, 0.0409790463746, 0.0260909833014, 0.0446474924684, 0.0580786168575, 0.0850271880627, 0.252884030342, 0.360349208117, 0.16438575089, 0.0387710370123, 0.0301384143531, 0.0354284569621, 0.0744092911482], "min": [0, 0, 0, 0, 0, 0, 0, 0, 0, 0, 0, 0, 0, 0, 0, 0, 0, 0, 0, 0, 0, 0, 0, 0, 0, 0, 0, 0, 0, 0, 0, 0, 0, 0, 0, 0], "dvar2": [0.100916936994, 0.0791758298874, 0.0588343963027, 0.0662003904581, 0.0678685158491, 0.0719199478626, 0.0917643681169, 0.0791956037283, 0.0855576023459, 0.0903387591243, 0.104659534991, 0.0772653147578, 0.072347112, 0.0859452858567, 0.0983423814178, 0.110871650279, 0.085294097662, 0.0583294853568, 0.0538626648486, 0.0516942217946, 0.0548146814108, 0.0672959014773, 0.0615368038416, 0.0777571424842, 0.0520749054849, 0.0399094112217, 0.0701799094677, 0.097259066999, 0.113610312343, 0.181467458606, 0.136001497507, 0.104752607644, 0.0902681946754, 0.0842937454581, 0.0813494846225, 0.0952005982399], "dvar": [0.0406376160681, 0.0297324433923, 0.0225035510957, 0.0247738528997, 0.0252040419728, 0.0275829620659, 0.0367070734501, 0.0301525443792, 0.0327129438519, 0.0369946658611, 0.0402121730149, 0.0299220867455, 0.0273692756891, 0.031556494534, 0.0379440635443, 0.0473224148154, 0.0322693698108, 0.0215715654194, 0.0199247002602, 0.0183654054999, 0.0204146821052, 0.0267964117229, 0.0244961567223, 0.0292302668095, 0.0191603973508, 0.0145883113146, 0.0270069111139, 0.037414252758, 0.0433868393302, 0.0717954784632, 0.0554044470191, 0.0396392196417, 0.0327103175223, 0.0303872022778, 0.0297299642116, 0.0353447832167], "dmean": [0.145233765244, 0.123336710036, 0.0945830866694, 0.088634096086, 0.0916726961732, 0.119827479124, 0.141176834702, 0.13279221952, 0.13015408814, 0.132019117475, 0.153317853808, 0.126169249415, 0.108838491142, 0.128547847271, 0.178829327226, 0.190573632717, 0.157088190317, 0.0934257432818, 0.0702234208584, 0.0706938356161, 0.0949556827545, 0.119981326163, 0.116776108742, 0.113330565393, 0.0846318602562, 0.0657884702086, 0.100680202246, 0.125445231795, 0.170746594667, 0.261008292437, 0.223736092448, 0.173580497503, 0.118031278253, 0.100617714226, 0.102399751544, 0.131505802274], "max": [1, 1, 1, 1, 1, 1, 1, 1, 1, 1, 1, 1, 1, 1, 1, 1, 1, 1, 1, 1, 1, 1, 1, 1, 1, 1, 1, 1, 1, 1, 1, 1, 1, 1, 1, 1], "var": [0.0851967707276, 0.0498050190508, 0.0257666427642, 0.0254777502269, 0.0269167795777, 0.0454127378762, 0.0845159292221, 0.0504930429161, 0.0519366413355, 0.0939602404833, 0.0608620904386, 0.0368070527911, 0.039477661252, 0.0369342938066, 0.0740540996194, 0.124756388366, 0.05821736902, 0.0235852692276, 0.0258234310895, 0.0194868128747, 0.0284278430045, 0.0621157027781, 0.0479627363384, 0.0363316237926, 0.0192519985139, 0.0122285736725, 0.0325048305094, 0.0546842478216, 0.052308421582, 0.101898990571, 0.124082580209, 0.0661151334643, 0.0305557399988, 0.0247291736305, 0.0258896555752, 0.0481468886137], "mean": [0.233532145619, 0.174263000488, 0.102137885988, 0.0897401049733, 0.0928728505969, 0.168799161911, 0.244150146842, 0.186332136393, 0.173938214779, 0.225060299039, 0.192515999079, 0.144906058908, 0.131730273366, 0.145780339837, 0.297301471233, 0.411724090576, 0.256210267544, 0.105978734791, 0.0814453065395, 0.0753210708499, 0.127359285951, 0.199090123177, 0.178762480617, 0.132565051317, 0.09140214324, 0.0645335540175, 0.114434994757, 0.157113224268, 0.185451835394, 0.358095526695, 0.441844582558, 0.256010621786, 0.110556818545, 0.0886541455984, 0.0950121581554, 0.166692271829]}, "tuning_equal_tempered_deviation": 0.0141879618168, "chords_changes_rate": 0.0384687557817, "key_key": "G", "tuning_diatonic_strength": 0.744267940521, "key_scale": "major", "chords_number_rate": 0.00187652464956, "tuning_frequency": 441.527557373, "tuning_nontempered_energy_ratio": 0.692014932632, "chords_histogram": [49.0335884094, 1.21974098682, 10.2082939148, 0.262713462114, 2.04541182518, 0.525426924229, 0, 0, 2.17676854134, 0.769375145435, 1.21974098682, 0, 0, 0, 0, 0.0750609859824, 0, 1.63257646561, 0, 1.51998496056, 0, 0.975792825222, 19.1217861176, 9.21373653412], "key_strength": 0.905398905277, "chords_key": "G", "chords_strength": {"dmean2": 0.00905333459377, "median": 0.565758228302, "min": -1, "dvar2": 0.00076632539276, "dvar": 0.000408507330576, "dmean": 0.00899933092296, "max": 0.780923783779, "var": 0.019968079403, "mean": 0.555512368679}, "chords_scale": "major", "hpcp_entropy": {"dmean2": 1.06204998493, "median": 2.27291917801, "min": 0, "dvar2": 0.746614992619, "dvar": 0.281054466963, "dmean": 0.631758511066, "max": 4.48524665833, "var": 0.589858531952, "mean": 2.23578119278}}, "metadata": {"audio_properties": {"equal_loudness": 0, "codec": "mp3", "downmix": "mix", "sample_rate": 44100, "analysis_sample_rate": 44100, "bit_rate": 128000, "md5_encoded": "bbd6472959447f8f4585c02e51097b25", "length": 247.431838989, "replay_gain": -10.0606327057, "lossless": false}, "version": {"essentia_build_sha": "70f2e5ece6736b2c40cc944ad0e695b16b925413", "essentia": "2.1-beta2", "extractor": "music 1.0", "essentia_git_sha": "v2.1_beta2"}, "tags": {"title": ["Dancing Queen"], "musicbrainz_albumartistid": ["89ad4ac3-39f7-470e-963a-56509c546377"], "albumartist": ["Various Artists"], "date": ["2000-11-12"], "genre": ["Pop"], "musicbrainz album type": ["live"], "musicbrainz_recordingid": ["07fd37e2-ee6c-49a2-a13c-c9a47bae4d34"], "musicbrainz_artistid": ["acaacdc4-194e-45ae-9959-c8e83e3120b2"], "originaldate": ["2000-11-12"], "musicbrainz_albumid": ["8b32e5f8-5669-4c5a-8629-39d3ded6361f"], "artist": ["Jimmy Barnes"], "tracknumber": ["4/26"], "artistsort": ["Barnes, Jimmy"], "album": ["The Andrew Denton Breakfast Show Musical Challenge"], "musicbrainz album release country": ["AU"], "albumartistsort": ["Various Artists"], "discnumber": ["1/1"], "script": ["Latn"], "musicbrainz album status": ["official"], "file_name": "Dancing Queen - Jimmy Barnes.mp3"}}, "rhythm": {"bpm_histogram_first_peak_bpm": {"dmean2": 0, "median": 101, "min": 101, "dvar2": 0, "dvar": 0, "dmean": 0, "max": 101, "var": 0, "mean": 101}, "bpm": 101.87172699, "bpm_histogram_second_peak_spread": {"dmean2": 0, "median": 0.399999976158, "min": 0.399999976158, "dvar2": 0, "dvar": 0, "dmean": 0, "max": 0.399999976158, "var": 0, "mean": 0.399999976158}, "bpm_histogram_first_peak_weight": {"dmean2": 0, "median": 0.558472573757, "min": 0.558472573757, "dvar2": 0, "dvar": 0, "dmean": 0, "max": 0.558472573757, "var": 0, "mean": 0.558472573757}, "onset_rate": 4.08578205109, "beats_position": [0.557278871536, 1.13777780533, 1.71827661991, 2.31038546562, 2.90249419212, 3.48299312592, 4.07510185242, 4.66721057892, 5.24770975113, 5.83981847763, 6.43192720413, 7.02403593063, 7.61614513397, 8.19664382935, 8.78875255585, 9.38086128235, 9.96135997772, 10.5418596268, 11.1223583221, 11.7028570175, 12.2833557129, 12.8522443771, 13.4443531036, 14.0248527527, 14.6053514481, 15.1858501434, 15.7779588699, 16.3700675964, 16.9505672455, 17.5310649872, 18.1231746674, 18.7152824402, 19.2957820892, 19.8878898621, 20.4799995422, 21.0721092224, 21.6642169952, 22.2447166443, 22.8368244171, 23.4289340973, 24.0210418701, 24.6131515503, 25.1936511993, 25.7857589722, 26.3778686523, 26.9699764252, 27.5620861053, 28.142583847, 28.7346935272, 29.3268013, 29.9189109802, 30.5110206604, 31.1031284332, 31.6952381134, 32.2873458862, 32.8794555664, 33.4715652466, 34.0636711121, 34.6557807922, 35.2478904724, 35.8283882141, 36.4088897705, 36.9893875122, 37.5698852539, 38.1503829956, 38.730884552, 39.3113822937, 39.8918800354, 40.4723815918, 41.041267395, 41.6101570129, 42.1906585693, 42.771156311, 43.3516540527, 43.9437637329, 44.5242614746, 45.1163711548, 45.6968688965, 46.2889785767, 46.8694763184, 47.4615859985, 48.0420837402, 48.6341934204, 49.2263031006, 49.8184127808, 50.4105224609, 51.0026283264, 51.5947380066, 52.1752357483, 52.7673454285, 53.3594551086, 53.9515647888, 54.5436706543, 55.1241722107, 55.7162818909, 56.3083877563, 56.9004974365, 57.4926071167, 58.0847167969, 58.6768226624, 59.2689323425, 59.8610420227, 60.4415397644, 61.0220413208, 61.6025390625, 62.1946487427, 62.7867546082, 63.3672561646, 63.95936203, 64.5514755249, 65.1435852051, 65.7240829468, 66.316192627, 66.9082946777, 67.5004043579, 68.0925140381, 68.6846237183, 69.26512146, 69.8572311401, 70.4493408203, 71.0414505005, 71.6335601807, 72.2256698608, 72.817779541, 73.4098815918, 74.001991272, 74.5941009521, 75.1862106323, 75.766708374, 76.3472061157, 76.9277114868, 77.5198135376, 78.1003189087, 78.6924285889, 79.2729263306, 79.8534240723, 80.4455337524, 81.0376434326, 81.6297454834, 82.2218551636, 82.8139648438, 83.4060745239, 83.9865722656, 84.5670700073, 85.170791626, 85.7629013062, 86.3666229248, 86.9587249756, 87.5508346558, 88.1429443359, 88.7466659546, 89.3503875732, 89.9541015625, 90.5462112427, 91.1383209229, 91.730430603, 92.3225402832, 92.9146499634, 93.5067520142, 94.0872573853, 94.667755127, 95.2598648071, 95.8635787964, 96.4556884766, 97.0594100952, 97.6515197754, 98.2436294556, 98.8473434448, 99.4510650635, 100.054779053, 100.646888733, 101.238998413, 101.842720032, 102.434829712, 103.026939392, 103.619049072, 104.211151123, 104.814872742, 105.41859436, 106.02230835, 106.602806091, 107.194915771, 107.787025452, 108.379135132, 108.971244812, 109.563354492, 110.155464172, 110.747573853, 111.339683533, 111.920181274, 112.512290955, 113.104400635, 113.684898376, 114.277008057, 114.880722046, 115.472831726, 116.064941406, 116.645439148, 117.22593689, 117.81804657, 118.421768188, 119.013877869, 119.617591858, 120.221313477, 120.813423157, 121.393920898, 121.986030579, 122.578140259, 123.158638, 123.739135742, 124.331245422, 124.923355103, 125.503852844, 126.095962524, 126.688072205, 127.268569946, 127.849067688, 128.417953491, 128.986846924, 129.590560913, 130.194290161, 130.786392212, 131.378494263, 131.970611572, 132.562713623, 133.154830933, 133.746932983, 134.339050293, 134.931152344, 135.511657715, 136.103759766, 136.695877075, 137.276367188, 137.856872559, 138.448974609, 139.041091919, 139.621582031, 140.202087402, 140.782577515, 141.374694824, 141.966796875, 142.558914185, 143.151016235, 143.743133545, 144.335235596, 144.915740967, 145.496231079, 146.088348389, 146.680450439, 147.260955811, 147.853057861, 148.445159912, 149.037277222, 149.629379272, 150.209884644, 150.790390015, 151.370880127, 151.962997437, 152.555099487, 153.158813477, 153.739318848, 154.331420898, 154.923538208, 155.50402832, 156.107757568, 156.711471558, 157.315185547, 157.907302856, 158.499404907, 159.091522217, 159.683624268, 160.264129639, 160.844619751, 161.425125122, 162.017227173, 162.609344482, 163.201446533, 163.781951904, 164.362442017, 164.942947388, 165.51184082, 166.150375366, 166.754104614, 167.357818604, 167.949935913, 168.542037964, 169.134140015, 169.714645386, 170.318359375, 170.910476685, 171.502578735, 172.094696045, 172.698410034, 173.290512085, 173.894241333, 174.497955322, 175.101669312, 175.693786621, 176.285888672, 176.878005981, 177.470108032, 178.050613403, 178.631103516, 179.211608887, 179.792098999, 180.384216309, 180.976318359, 181.580047607, 182.183761597, 182.775863647, 183.356369019, 183.93687439, 184.52897644, 185.121078491, 185.724807739, 186.31690979, 186.9090271, 187.50112915, 188.081634521, 188.662124634, 189.254241943, 189.846343994, 190.426849365, 191.007339478, 191.587844849, 192.179946899, 192.772064209, 193.352554321, 193.944671631, 194.536773682, 195.128890991, 195.720993042, 196.324707031, 196.916824341, 197.508926392, 198.089431763, 198.669921875, 199.262039185, 199.854141235, 200.434646606, 201.015136719, 201.607254028, 202.187744141, 202.77986145, 203.371963501, 203.964080811, 204.556182861, 205.148300171, 205.728790283, 206.309295654, 206.901397705, 207.493515015, 208.074005127, 208.677734375, 209.269836426, 209.861953735, 210.454055786, 211.046157837, 211.638275146, 212.230377197, 212.810882568, 213.391372681, 213.971878052, 214.563980103, 215.144485474, 215.724990845, 216.305480957, 216.87437439, 217.454864502, 218.035369873, 218.615875244, 219.196365356, 219.776870728, 220.368972778, 220.949478149, 221.518356323, 222.110473633, 222.702575684, 223.294692993, 223.886795044, 224.490524292, 225.082626343, 225.674728394, 226.255233765, 226.835739136, 227.427841187, 228.019943237, 228.600448608, 229.204162598, 229.796279907, 230.37677002, 230.968887329, 231.549377441, 232.141494751, 232.733596802, 233.325714111, 233.917816162, 234.509933472, 235.102035522, 235.682540894, 236.263031006, 236.843536377, 237.435638428, 238.027755737, 238.60824585, 239.188751221, 239.780853271, 240.372970581, 240.953460693, 241.533966064, 242.126068115, 242.648529053, 243.170974731, 243.69342041, 244.181045532, 244.668655396, 245.156280518, 245.655502319, 246.189559937, 246.723617554], "beats_loudness": {"dmean2": 0.0234830137342, "median": 0.0306509919465, "min": 0, "dvar2": 0.000359693716746, "dvar": 0.000141994154546, "dmean": 0.0147330379114, "max": 0.0872972756624, "var": 0.000230434801779, "mean": 0.0325731933117}, "danceability": 1.24909245968, "bpm_histogram_second_peak_weight": {"dmean2": 0, "median": 0.00715990457684, "min": 0.00715990457684, "dvar2": 0, "dvar": 0, "dmean": 0, "max": 0.00715990457684, "var": 0, "mean": 0.00715990457684}, "beats_count": 420, "bpm_histogram_second_peak_bpm": {"dmean2": 0, "median": 115, "min": 115, "dvar2": 0, "dvar": 0, "dmean": 0, "max": 115, "var": 0, "mean": 115}, "bpm_histogram_first_peak_spread": {"dmean2": 0, "median": 0.42787283659, "min": 0.42787283659, "dvar2": 0, "dvar": 0, "dmean": 0, "max": 0.42787283659, "var": 0, "mean": 0.42787283659}, "beats_loudness_band_ratio": {"dmean2": [0.321993142366, 0.277136832476, 0.147991806269, 0.1772647053, 0.224628284574, 0.10884872824], "median": [0.319499880075, 0.290283977985, 0.108015924692, 0.0574028715491, 0.0998779758811, 0.077778428793], "min": [0, 0, 0, 0, 0, 0], "dvar2": [0.0595889873803, 0.0418138243258, 0.0183892827481, 0.0397857092321, 0.0438820384443, 0.0134161245078], "dvar": [0.0207439418882, 0.0148112839088, 0.00706795044243, 0.0131796402857, 0.0155709721148, 0.00475933169946], "dmean": [0.183800831437, 0.162159994245, 0.085105150938, 0.0963958501816, 0.126069560647, 0.0625491514802], "max": [0.829593658447, 0.794932067394, 0.700604856014, 0.646288514137, 0.626772284508, 0.668791174889], "var": [0.0321320518851, 0.0232768245041, 0.00838690344244, 0.0114300251007, 0.0169387422502, 0.00467477925122], "mean": [0.328292697668, 0.302074223757, 0.132288679481, 0.101722061634, 0.13850620389, 0.0883827656507]}}, "lowlevel": {"barkbands_spread": {"dmean2": 9.60673999786, "median": 24.3712787628, "min": 1.15126466751, "dvar2": 129.716629028, "dvar": 62.7856140137, "dmean": 6.3830499649, "max": 108.428909302, "var": 203.671600342, "mean": 25.9029541016}, "melbands_spread": {"dmean2": 12.593421936, "median": 25.6325931549, "min": 1.10133576393, "dvar2": 304.687255859, "dvar": 154.994308472, "dmean": 8.36598587036, "max": 279.534576416, "var": 711.853027344, "mean": 31.2044754028}, "hfc": {"dmean2": 13.5048322678, "median": 22.4723987579, "min": 1.07199033967e-16, "dvar2": 552.760986328, "dvar": 290.855957031, "dmean": 9.71372699738, "max": 361.619018555, "var": 915.750427246, "mean": 29.0949459076}, "barkbands_kurtosis": {"dmean2": 3.57434153557, "median": 0.693373441696, "min": -1.90777301788, "dvar2": 33.2763748169, "dvar": 14.4437389374, "dmean": 2.29582452774, "max": 66.8503112793, "var": 40.3793983459, "mean": 3.12190747261}, "gfcc": {"mean": [12.8063240051, 88.8084793091, -116.383270264, 35.6303100586, -62.5008926392, 17.7974395752, -55.3203697205, 8.21210384369, -26.2507133484, -2.77655172348, -16.9625034332, -0.955128610134, -6.85347652435], "icov": [[0.000433164212154, -0.000783206080087, 0.000933078234084, -0.000912497984245, 0.00118515372742, -0.00120538740885, 0.00157853169367, -0.00117480976041, 0.00137582118623, -0.00119836337399, 0.00146105699241, -0.00139932287857, 0.00111473409925], [-0.000783206080087, 0.00296656531282, -0.00137677381281, 0.00209262152202, -0.00210160412826, 0.00276103336364, -0.00346728856675, 0.00284826778807, -0.00315617513843, 0.00369238574058, -0.00411043781787, 0.0038386376109, -0.00244656088762], [0.000933078234084, -0.00137677381281, 0.00350811425596, -0.00219600228593, 0.00314845424145, -0.00282575865276, 0.00242863944732, -0.00231144344434, 0.00256374711171, -0.00242063449696, 0.00309529691003, -0.00350967608392, 0.00410807318985], [-0.000912497984245, 0.00209262152202, -0.00219600228593, 0.00625098170713, -0.00216502230614, 0.00246441178024, -0.00219033705071, 0.00135745864827, -0.00348281906918, 0.00311786495149, -0.00424573617056, 0.00494559062645, -0.00326744746417], [0.00118515372742, -0.00210160412826, 0.00314845424145, -0.00216502230614, 0.00788024906069, -0.00283937063068, 0.00282151415013, -0.00352288573049, 0.00298251351342, -0.00369126722217, 0.00379791646264, -0.00414826441556, 0.00295002199709], [-0.00120538740885, 0.00276103336364, -0.00282575865276, 0.00246441178024, -0.00283937063068, 0.0109102958813, -0.00602053105831, 0.00303492881358, -0.00176446477417, 0.00281234132126, -0.00396282039583, 0.00596568919718, -0.00247880327515], [0.00157853169367, -0.00346728856675, 0.00242863944732, -0.00219033705071, 0.00282151415013, -0.00602053105831, 0.0135746570304, -0.00564290350303, 0.00530986161903, -0.00447778310627, 0.00299501023255, -0.00493654236197, 0.00263321539387], [-0.00117480976041, 0.00284826778807, -0.00231144344434, 0.00135745864827, -0.00352288573049, 0.00303492881358, -0.00564290350303, 0.0156387723982, -0.00698738079518, 0.00469534657896, -0.000827559735626, -2.45359806286e-05, -0.00249194423668], [0.00137582118623, -0.00315617513843, 0.00256374711171, -0.00348281906918, 0.00298251351342, -0.00176446477417, 0.00530986161903, -0.00698738079518, 0.0164342783391, -0.00649069529027, 0.00306812836789, -0.00172693643253, 0.000570280535612], [-0.00119836337399, 0.00369238574058, -0.00242063449696, 0.00311786495149, -0.00369126722217, 0.00281234132126, -0.00447778310627, 0.00469534657896, -0.00649069529027, 0.0163051765412, -0.00566467735916, 0.00199429155327, -0.00133189267945], [0.00146105699241, -0.00411043781787, 0.00309529691003, -0.00424573617056, 0.00379791646264, -0.00396282039583, 0.00299501023255, -0.000827559735626, 0.00306812836789, -0.00566467735916, 0.0196737907827, -0.00787799991667, 0.00211109477095], [-0.00139932287857, 0.0038386376109, -0.00350967608392, 0.00494559062645, -0.00414826441556, 0.00596568919718, -0.00493654236197, -2.45359806286e-05, -0.00172693643253, 0.00199429155327, -0.00787799991667, 0.021087942645, -0.00675387540832], [0.00111473409925, -0.00244656088762, 0.00410807318985, -0.00326744746417, 0.00295002199709, -0.00247880327515, 0.00263321539387, -0.00249194423668, 0.000570280535612, -0.00133189267945, 0.00211109477095, -0.00675387540832, 0.0181073341519]], "cov": [[17521.5703125, 1.5313013792, -1492.75964355, 526.75958252, -851.71697998, 317.447113037, -950.244750977, 186.632766724, -430.916137695, 52.2127456665, -453.235351562, 31.9595794678, -216.48197937], [1.5313013792, 1282.80053711, -375.082519531, -74.8604812622, 89.7395477295, -119.736419678, 104.669021606, -93.8367385864, 95.523399353, -123.876373291, 150.811767578, -86.908241272, 123.55255127], [-1492.75964355, -375.082519531, 987.798522949, 33.0915107727, -123.46925354, 98.0583114624, 54.5286216736, 19.5642776489, -41.9258918762, 36.0817832947, -39.4526748657, 22.9238967896, -131.48840332], [526.75958252, -74.8604812622, 33.0915107727, 276.567932129, -35.8153991699, 3.69220495224, -44.0939712524, 21.163734436, 19.1060523987, -8.55150604248, -1.27844142914, -25.7117557526, 4.84869337082], [-851.71697998, 89.7395477295, -123.46925354, -35.8153991699, 263.170715332, -29.2162742615, 55.1548080444, 8.70120716095, 32.7747039795, 6.46561193466, 26.3622512817, 10.325504303, 32.6309432983], [317.447113037, -119.736419678, 98.0583114624, 3.69220495224, -29.2162742615, 168.94418335, 22.4009742737, 1.39784407616, -39.6289596558, 10.7474966049, -18.8224506378, -11.7209501266, -32.6180076599], [-950.244750977, 104.669021606, 54.5286216736, -44.0939712524, 55.1548080444, 22.4009742737, 179.551239014, 4.18855619431, 9.80825424194, -1.97763955593, 39.1055259705, 5.14683771133, 17.7665863037], [186.632766724, -93.8367385864, 19.5642776489, 21.163734436, 8.70120716095, 1.39784407616, 4.18855619431, 104.787689209, 17.2304458618, 2.75270247459, -22.3265552521, 22.4900379181, -1.55091118813], [-430.916137695, 95.523399353, -41.9258918762, 19.1060523987, 32.7747039795, -39.6289596558, 9.80825424194, 17.2304458618, 116.042320251, 7.31266260147, 24.4975013733, -8.83654689789, 33.3058700562], [52.2127456665, -123.876373291, 36.0817832947, -8.55150604248, 6.46561193466, 10.7474966049, -1.97763955593, 2.75270247459, 7.31266260147, 97.9664764404, 0.0852704122663, 18.4368610382, -14.7541027069], [-453.235351562, 150.811767578, -39.4526748657, -1.27844142914, 26.3622512817, -18.8224506378, 39.1055259705, -22.3265552521, 24.4975013733, 0.0852704122663, 101.275596619, 5.56484889984, 30.87109375], [31.9595794678, -86.908241272, 22.9238967896, -25.7117557526, 10.325504303, -11.7209501266, 5.14683771133, 22.4900379181, -8.83654689789, 18.4368610382, 5.56484889984, 83.889251709, 7.7849149704], [-216.48197937, 123.55255127, -131.48840332, 4.84869337082, 32.6309432983, -32.6180076599, 17.7665863037, -1.55091118813, 33.3058700562, -14.7541027069, 30.87109375, 7.7849149704, 100.54511261]]}, "spectral_energyband_middle_low": {"dmean2": 0.00899058766663, "median": 0.0114947641268, "min": 1.40730362111e-22, "dvar2": 0.000164173659869, "dvar": 7.12526380084e-05, "dmean": 0.00568704586476, "max": 0.129228740931, "var": 0.000109804910608, "mean": 0.0139008127153}, "melbands_crest": {"dmean2": 4.2761425972, "median": 10.5124225616, "min": 1.54418468475, "dvar2": 15.2207756042, "dvar": 5.46462726593, "dmean": 2.58023095131, "max": 32.5320129395, "var": 15.3993740082, "mean": 11.0689506531}, "spectral_kurtosis": {"dmean2": 2.37266111374, "median": 3.75747489929, "min": -1.34886193275, "dvar2": 9.08084392548, "dvar": 3.87381696701, "dmean": 1.52925026417, "max": 52.7105445862, "var": 10.4263677597, "mean": 4.23284292221}, "spectral_rms": {"dmean2": 0.000994165195152, "median": 0.00491391029209, "min": 3.13418106572e-12, "dvar2": 1.10342341486e-06, "dvar": 5.18998092502e-07, "dmean": 0.000655569077935, "max": 0.0114765353501, "var": 1.82981329999e-06, "mean": 0.00488345790654}, "zerocrossingrate": {"dmean2": 0.0146759795025, "median": 0.0673828125, "min": 0.0048828125, "dvar2": 0.000270684075076, "dvar": 0.00026448443532, "dmean": 0.0130195040256, "max": 0.525390625, "var": 0.00380472070538, "mean": 0.0770983621478}, "silence_rate_60dB": {"dmean2": 0.00375410611741, "median": 0, "min": 0, "dvar2": 0.00430393218994, "dvar": 0.00187359086704, "dmean": 0.00187687692232, "max": 1, "var": 0.018956579268, "mean": 0.0193300172687}, "erbbands_kurtosis": {"dmean2": 1.4256528616, "median": -0.0447978973389, "min": -1.80817949772, "dvar2": 3.70706343651, "dvar": 1.70112371445, "dmean": 0.911234438419, "max": 61.5401306152, "var": 4.05899906158, "mean": 0.477046251297}, "erbbands": {"dmean2": [0.0407018996775, 0.302318066359, 1.64393091202, 5.25416469574, 16.1273078918, 15.1015195847, 24.0194702148, 22.0938873291, 23.0263061523, 14.9011526108, 16.3014888763, 16.7029361725, 27.2425479889, 21.5629138947, 20.1420402527, 26.7383499146, 22.5221977234, 34.0295791626, 47.6655311584, 49.568271637, 37.2159538269, 25.7426681519, 20.4205646515, 13.040312767, 10.3410615921, 6.7271528244, 7.7732052803, 6.2399225235, 5.24620246887, 7.79345083237, 9.98650741577, 8.2897977829, 5.64219760895, 2.91124391556, 1.26008236408, 0.485763758421, 0.127840027213, 0.00892850011587, 0.000182280346053, 2.27453547268e-05], "median": [0.0260324664414, 0.268037796021, 1.55646181107, 4.00095939636, 5.98670578003, 10.4359140396, 18.0106391907, 13.4228448868, 12.978729248, 7.75180912018, 10.5327730179, 10.45773983, 14.4260091782, 10.6778125763, 9.54082870483, 13.615237236, 9.9295425415, 14.5099563599, 17.9239711761, 26.6370334625, 19.8857707977, 18.6748828888, 14.1916446686, 8.50334835052, 6.41132450104, 4.93813800812, 4.7558836937, 3.4326570034, 2.1728079319, 2.50380659103, 2.6944437027, 1.97472083569, 1.53869831562, 0.643963098526, 0.246107980609, 0.0658923611045, 0.0144094470888, 0.000887608388439, 3.85169842048e-05, 3.50583541149e-05], "min": [5.68157377017e-23, 3.74399696505e-22, 8.45246966165e-22, 4.30303272449e-21, 1.96749464651e-20, 1.67608214789e-20, 3.61772610779e-20, 3.93389877171e-20, 1.08036314971e-19, 1.37185112857e-19, 1.38222384421e-19, 1.77931784262e-19, 3.7093332587e-19, 5.64957585832e-19, 9.57642401392e-19, 9.61080991198e-19, 1.80701058291e-18, 1.27268571821e-18, 2.59572440185e-18, 2.90796564434e-18, 3.01769839043e-18, 5.0977503334e-18, 5.9786323385e-18, 5.0511763426e-18, 5.55757465925e-18, 7.26681559568e-18, 9.90307329511e-18, 1.07909491123e-17, 1.02093129287e-17, 1.10579274453e-17, 9.33051293718e-18, 1.01323553532e-17, 1.03275286187e-17, 8.14620205824e-18, 6.09967988139e-18, 4.38710664786e-18, 2.10950039996e-18, 9.19346420572e-19, 2.4921424157e-19, 2.75082596243e-20], "dvar2": [0.0040701944381, 0.175898328424, 5.10316371918, 63.9005050659, 889.665039062, 457.162322998, 908.749694824, 1778.19995117, 1713.19641113, 1417.80932617, 1097.04699707, 1304.04406738, 4347.37060547, 2323.48193359, 2116.74389648, 2760.36474609, 4556.94140625, 4687.11572266, 10999.7460938, 9336.6796875, 5635.3125, 1763.22717285, 1336.70874023, 577.940795898, 330.328674316, 201.408065796, 411.742248535, 340.979949951, 758.616394043, 706.137512207, 866.913085938, 733.036376953, 288.404876709, 125.390159607, 22.6290531158, 2.11318254471, 0.0884869098663, 0.000399760581786, 1.62563367212e-07, 1.37249078769e-09], "dvar": [0.00154568068683, 0.063726298511, 1.78606832027, 23.2149581909, 378.400512695, 166.795700073, 331.007263184, 657.474304199, 674.030761719, 548.225463867, 427.945617676, 523.244445801, 1743.98144531, 999.063842773, 966.4765625, 1050.20397949, 1811.92993164, 2124.31884766, 4510.67333984, 3668.82421875, 2288.38012695, 832.696533203, 653.993286133, 272.899536133, 158.119094849, 83.4611816406, 168.150863647, 145.53604126, 321.344207764, 295.185333252, 383.103820801, 330.130126953, 148.593414307, 64.3081741333, 12.9995689392, 1.07768929005, 0.0411533303559, 0.000186022734852, 7.94476022747e-08, 7.30231375368e-10], "dmean": [0.0244339685887, 0.181842282414, 0.986499071121, 3.23001980782, 10.2759037018, 8.98052597046, 14.4220333099, 13.3621025085, 14.3572902679, 9.25588989258, 10.0396184921, 10.6163740158, 17.1992092133, 13.8775835037, 13.0419778824, 16.6421833038, 14.3772211075, 22.043712616, 30.008020401, 31.3048286438, 24.0768013, 17.2788314819, 13.7755413055, 8.81022453308, 6.92625570297, 4.36048555374, 5.12946748734, 4.11322975159, 3.52241539955, 5.18527364731, 6.73098468781, 5.60727977753, 3.91598081589, 2.04183506966, 0.912776887417, 0.342868059874, 0.088306427002, 0.00614501349628, 0.000128786603455, 1.63100085047e-05], "max": [0.655032515526, 6.38506793976, 26.0648651123, 66.2622909546, 294.299468994, 169.086044312, 266.669677734, 473.087890625, 403.458190918, 519.721191406, 680.037963867, 633.376281738, 910.874816895, 640.309631348, 688.471679688, 672.990844727, 1919.68640137, 1041.48278809, 1521.02294922, 1315.29003906, 1000.71582031, 788.954833984, 866.931884766, 376.441314697, 242.245071411, 261.253479004, 424.43145752, 480.088348389, 1220.16662598, 708.692321777, 530.268432617, 688.38494873, 432.369415283, 273.131103516, 125.909393311, 36.3195610046, 5.19874620438, 0.373704373837, 0.00764797534794, 0.000682302226778], "var": [0.00256348075345, 0.114608436823, 3.32966327667, 35.0818252563, 462.610778809, 245.744018555, 683.076904297, 761.186523438, 1120.8996582, 734.851806641, 517.174255371, 834.518798828, 2876.1796875, 2341.09448242, 2395.88598633, 2359.50195312, 4748.94677734, 4763.54541016, 6497.56054688, 9767.51464844, 6985.49316406, 3897.58618164, 2122.09326172, 912.168518066, 508.381713867, 153.386688232, 299.079620361, 248.631530762, 462.761474609, 416.664672852, 612.610290527, 701.906066895, 340.432159424, 136.599090576, 33.4898262024, 2.4666788578, 0.0722294598818, 0.000304666289594, 1.57934152867e-07, 1.96424476684e-09], "mean": [0.0437016934156, 0.361723095179, 2.04947423935, 5.82598352432, 13.6445121765, 15.1760730743, 25.7500553131, 22.2736721039, 24.5265216827, 15.2131710052, 16.6996192932, 19.1334686279, 30.3834629059, 25.5025100708, 24.1995983124, 29.9406986237, 28.0492038727, 37.2391471863, 47.6582717896, 62.5385894775, 54.3600578308, 43.895072937, 31.8669242859, 19.6550865173, 14.3682041168, 8.81551837921, 9.89937782288, 7.38163661957, 5.59871959686, 7.52043390274, 9.45829772949, 8.02196216583, 6.08739709854, 2.98944401741, 1.35416579247, 0.446169525385, 0.101932860911, 0.0068452404812, 0.000167719350429, 4.46702506451e-05]}, "spectral_strongpeak": {"dmean2": 1.12479639053, "median": 0.563960969448, "min": 0, "dvar2": 3.47437644005, "dvar": 1.31144881248, "dmean": 0.646122217178, "max": 19.8587722778, "var": 1.70771610737, "mean": 0.993192911148}, "spectral_energy": {"dmean2": 0.011099377647, "median": 0.0247501786798, "min": 1.00686677904e-20, "dvar2": 0.000198375943, "dvar": 8.91543313628e-05, "dmean": 0.00722749391571, "max": 0.135003641248, "var": 0.000188464997336, "mean": 0.0263200066984}, "average_loudness": 0.96278911829, "spectral_rolloff": {"dmean2": 863.0390625, "median": 1614.99023438, "min": 107.666015625, "dvar2": 2461966.75, "dvar": 1172887.375, "dmean": 523.534179688, "max": 19401.4160156, "var": 5803494.5, "mean": 1987.00537109}, "spectral_centroid": {"dmean2": 369.704345703, "median": 1244.80029297, "min": 194.761764526, "dvar2": 173872.203125, "dvar": 89007.4921875, "dmean": 248.181793213, "max": 11752.2832031, "var": 1196221.75, "mean": 1398.29528809}, "pitch_salience": {"dmean2": 0.100816585124, "median": 0.635548114777, "min": 0.243838906288, "dvar2": 0.00709139509127, "dvar": 0.00267363665625, "dmean": 0.061319604516, "max": 0.972409307957, "var": 0.0075230835937, "mean": 0.627824187279}, "spectral_energyband_middle_high": {"dmean2": 0.00319966813549, "median": 0.00494399946183, "min": 1.09776076132e-21, "dvar2": 1.84453492693e-05, "dvar": 8.84379733179e-06, "dmean": 0.00217040604912, "max": 0.0520887225866, "var": 4.45182013209e-05, "mean": 0.00725012971088}, "spectral_contrast_coeffs": {"dmean2": [0.0850480273366, 0.0761360004544, 0.0599596314132, 0.0525283962488, 0.0368264727294, 0.0294912941754], "median": [-0.607920348644, -0.724712967873, -0.77800822258, -0.776069641113, -0.78647518158, -0.781032085419], "min": [-0.977898418903, -0.978293478489, -0.984664559364, -0.969905257225, -0.979524791241, -0.964192450047], "dvar2": [0.00469332933426, 0.0037282218691, 0.00227404525504, 0.00175868591759, 0.000873936689459, 0.000640590675175], "dvar": [0.00180470419582, 0.00135776319075, 0.000880289473571, 0.000733360473532, 0.000375049101422, 0.000303445442114], "dmean": [0.0515229441226, 0.0457517281175, 0.03669796139, 0.0329236090183, 0.0232728663832, 0.0197325032204], "max": [-0.28615924716, -0.476630568504, -0.560899674892, -0.514358639717, -0.569796442986, -0.585672020912], "var": [0.00697095831856, 0.00434452388436, 0.00304001802579, 0.0033679169137, 0.00222681718878, 0.00187980616465], "mean": [-0.60660803318, -0.722350299358, -0.774209320545, -0.771808207035, -0.782525479794, -0.779758155346]}, "melbands_skewness": {"dmean2": 0.993712246418, "median": 2.13097381592, "min": -1.57608699799, "dvar2": 1.04535782337, "dvar": 0.470395982265, "dmean": 0.659177005291, "max": 11.3668136597, "var": 2.37897372246, "mean": 2.41612458229}, "spectral_spread": {"dmean2": 1021016.5, "median": 4596944, "min": 1203217.875, "dvar2": 1646858993660.0, "dvar": 949816655872, "dmean": 785688.0625, "max": 43042688, "var": 14061214367700.0, "mean": 5296418.5}, "dissonance": {"dmean2": 0.0246218312532, "median": 0.476892888546, "min": 0.261540263891, "dvar2": 0.000606114161201, "dvar": 0.000224542338401, "dmean": 0.0147877698764, "max": 0.5, "var": 0.000558359839488, "mean": 0.470827460289}, "spectral_skewness": {"dmean2": 0.327652096748, "median": 1.56443655491, "min": -0.162012711167, "dvar2": 0.112131625414, "dvar": 0.052761759609, "dmean": 0.218305155635, "max": 4.90564775467, "var": 0.217873439193, "mean": 1.57740652561}, "spectral_flux": {"dmean2": 0.0323246978223, "median": 0.0843622609973, "min": 6.2298909087e-11, "dvar2": 0.0010474686278, "dvar": 0.000474057625979, "dmean": 0.0210129767656, "max": 0.304311543703, "var": 0.00143341103103, "mean": 0.0871091112494}, "spectral_contrast_valleys": {"dmean2": [0.606780171394, 0.568656265736, 0.482504874468, 0.426192641258, 0.378988623619, 0.48441439867], "median": [-7.02611732483, -6.43150234222, -6.99349737167, -7.20753192902, -7.20926141739, -9.63025760651], "min": [-28.1236248016, -27.8811645508, -27.6800632477, -27.7108402252, -27.5317554474, -27.4294490814], "dvar2": [0.249845728278, 0.214740529656, 0.161775946617, 0.1404299438, 0.141074970365, 0.282962471247], "dvar": [0.101335167885, 0.0956195667386, 0.0749062150717, 0.0745548382401, 0.0843273103237, 0.171446546912], "dmean": [0.368098020554, 0.358138680458, 0.305660098791, 0.282956361771, 0.271829247475, 0.402561545372], "max": [-5.57304620743, -4.86487960815, -5.03599262238, -5.68286657333, -5.49027681351, -6.90273237228], "var": [4.04466199875, 4.1908955574, 3.95940065384, 4.03279590607, 4.03576231003, 3.64381051064], "mean": [-7.3020658493, -6.68043470383, -7.24566745758, -7.51497602463, -7.51868629456, -9.84870529175]}, "erbbands_flatness_db": {"dmean2": 0.0248746648431, "median": 0.147597551346, "min": 0.0373532734811, "dvar2": 0.00053218397079, "dvar": 0.000294713740004, "dmean": 0.0183898042887, "max": 0.382514387369, "var": 0.00160844111815, "mean": 0.148334339261}, "spectral_energyband_high": {"dmean2": 0.00113263982348, "median": 0.000593907025177, "min": 7.04086201544e-21, "dvar2": 7.53512222218e-06, "dvar": 3.86715464629e-06, "dmean": 0.000823201029561, "max": 0.0423004515469, "var": 1.02143940239e-05, "mean": 0.00146952026989}, "spectral_entropy": {"dmean2": 0.244455769658, "median": 7.69557332993, "min": 5.74452066422, "dvar2": 0.0650079026818, "dvar": 0.0346481055021, "dmean": 0.173882454634, "max": 9.818983078, "var": 0.188374757767, "mean": 7.68622732162}, "silence_rate_20dB": {"dmean2": 0, "median": 1, "min": 1, "dvar2": 0, "dvar": 0, "dmean": 0, "max": 1, "var": 0, "mean": 1}, "melbands_flatness_db": {"dmean2": 0.0336904525757, "median": 0.158965274692, "min": 0.00131828931626, "dvar2": 0.00103431206662, "dvar": 0.000519221590366, "dmean": 0.0230281669647, "max": 0.448258459568, "var": 0.00347093702294, "mean": 0.168965563178}, "barkbands": {"dmean2": [0.000125442529679, 0.00127412995789, 0.00193847413175, 0.00238013779745, 0.00518117379397, 0.00259197410196, 0.00136045087129, 0.000700200151186, 0.000750533712562, 0.000931072281674, 0.000545706017874, 0.000639542122371, 0.000519526191056, 0.000699157244526, 0.00115809356794, 0.00073979748413, 0.000553778663743, 0.000362613034667, 0.000241008296143, 0.000148270934005, 0.000178968446562, 0.000149350176798, 0.000342881976394, 0.000358780060196, 0.000205675838515, 8.08812619653e-05, 2.01097893893e-09], "median": [3.38383179042e-05, 0.00110020663124, 0.00163416436408, 0.00125439488329, 0.0036091580987, 0.00213035661727, 0.000734595116228, 0.000396134739276, 0.000420245662099, 0.00042543199379, 0.000186252596905, 0.000289423740469, 0.000183006006409, 0.000245019240538, 0.000443622091552, 0.000345568289049, 0.000333583477186, 0.000225749507081, 0.00013721374853, 9.98456162051e-05, 0.000106356565084, 6.10567585682e-05, 9.404541197e-05, 9.66939041973e-05, 4.4921933295e-05, 9.44631574384e-06, 3.71021074974e-10], "min": [3.37866290737e-25, 5.27880129098e-25, 7.94273600366e-26, 3.40652498151e-25, 7.99014097274e-24, 3.95882863866e-24, 3.07899747714e-24, 4.95271567644e-24, 7.92697845778e-24, 7.96121659879e-24, 1.62622792087e-23, 1.7112237391e-23, 3.08056841475e-23, 2.74764323811e-23, 4.12919080309e-23, 4.36779945436e-23, 8.50794059346e-23, 7.6909129363e-23, 1.27217048587e-22, 1.62194724605e-22, 2.60168749923e-22, 2.8620880859e-22, 3.12625753444e-22, 5.69930117865e-22, 8.9603935958e-22, 1.23526237255e-21, 1.91466502802e-21], "dvar2": [5.57068240425e-08, 3.21032302963e-06, 7.4833974395e-06, 1.47979972098e-05, 5.46849441889e-05, 1.73803637153e-05, 7.8430339272e-06, 2.20672586693e-06, 2.47399157161e-06, 4.73284444524e-06, 1.77972572146e-06, 1.58368902703e-06, 2.05732430913e-06, 1.98057750822e-06, 5.14482144354e-06, 1.96954010789e-06, 8.40578252337e-07, 4.23193114329e-07, 1.74344208403e-07, 8.45268388616e-08, 2.25100976081e-07, 4.94131199957e-07, 9.89764203041e-07, 1.22092023958e-06, 5.81334802519e-07, 4.48259456221e-08, 2.01927509562e-17], "dvar": [2.30369430199e-08, 1.19469996207e-06, 2.61107243205e-06, 5.47134368389e-06, 2.28284989134e-05, 6.53801089356e-06, 3.09488427774e-06, 8.59314809531e-07, 1.00522436242e-06, 1.95521693058e-06, 7.78232731591e-07, 6.18153478626e-07, 8.21650530725e-07, 8.65028312091e-07, 2.04413777283e-06, 8.08360994142e-07, 3.66178142031e-07, 2.01839213787e-07, 8.46048422432e-08, 3.59240388548e-08, 9.23957372834e-08, 2.09631750181e-07, 4.36121865732e-07, 5.92223841522e-07, 3.26731367295e-07, 2.12390425247e-08, 6.74037924229e-18], "dmean": [7.64927681303e-05, 0.000766086217482, 0.00116520095617, 0.00144680787344, 0.00320117385127, 0.00159923720639, 0.000846478971653, 0.000428345199907, 0.000475838111015, 0.000587766349781, 0.000347674795194, 0.000395405368181, 0.000326087436406, 0.000445709156338, 0.000725661637262, 0.000472996383905, 0.000357729673851, 0.000239472065005, 0.000159996532602, 9.5735238574e-05, 0.000117907577078, 9.93711146293e-05, 0.000230303659919, 0.000248504773481, 0.000150117557496, 5.61690249015e-05, 1.0865658373e-09], "max": [0.0032359638717, 0.024939879775, 0.0302270464599, 0.0342738330364, 0.0667534992099, 0.0412015020847, 0.0364371612668, 0.027231361717, 0.0285117402673, 0.0292726792395, 0.0187567286193, 0.0137548102066, 0.0343033745885, 0.0187790300697, 0.0259809158742, 0.0134084979072, 0.0133544197306, 0.0133891403675, 0.00576562527567, 0.00491902092472, 0.0110019883141, 0.0245081353933, 0.0176940113306, 0.0267755687237, 0.0180189348757, 0.00433999393135, 1.54348953174e-07], "var": [3.62084122685e-08, 2.21294817493e-06, 4.75542674394e-06, 6.72044279781e-06, 3.38924546668e-05, 9.6707