{"tonal": {"thpcp": [1, 0.959023654461, 0.956282138824, 0.979991197586, 0.957657277584, 0.950738370419, 0.957215309143, 0.938653290272, 0.929377555847, 0.959531128407, 0.943283140659, 0.869110584259, 0.864816665649, 0.884231448174, 0.877742767334, 0.87756228447, 0.890886843204, 0.907161831856, 0.891159057617, 0.862045884132, 0.879076242447, 0.882215559483, 0.802404940128, 0.764097929001, 0.775653004646, 0.773400247097, 0.818261027336, 0.884597182274, 0.921307325363, 0.961849749088, 0.967281639576, 0.900248229504, 0.857352435589, 0.857317864895, 0.879361867905, 0.957334935665], "hpcp": {"dmean2": [0.346926480532, 0.348886162043, 0.331674277782, 0.317202806473, 0.310322910547, 0.299671679735, 0.2950938344, 0.296549648046, 0.280027866364, 0.300090432167, 0.307366788387, 0.306394636631, 0.312679111958, 0.317191183567, 0.318246632814, 0.322244882584, 0.307439535856, 0.304423958063, 0.295918613672, 0.287126749754, 0.275591433048, 0.288608640432, 0.281445533037, 0.297996759415, 0.328365504742, 0.343719244003, 0.35077854991, 0.345023036003, 0.326214313507, 0.31052929163, 0.308337241411, 0.307092636824, 0.328666210175, 0.339257091284, 0.322699934244, 0.328213393688], "median": [0.139392465353, 0.139575377107, 0.138718619943, 0.135331869125, 0.139639794827, 0.139926478267, 0.13953229785, 0.135311156511, 0.128838568926, 0.125757455826, 0.124090284109, 0.123011320829, 0.121908679605, 0.121348932385, 0.12864407897, 0.122327335179, 0.121434748173, 0.123934864998, 0.127657487988, 0.108264401555, 0.0914986729622, 0.0883028954268, 0.0893121957779, 0.0955908745527, 0.10496904701, 0.115282043815, 0.120443165302, 0.120632477105, 0.114843316376, 0.106463976204, 0.102523840964, 0.108740471303, 0.13153475523, 0.137303262949, 0.137665644288, 0.133596628904], "min": [0, 0, 0, 0, 0, 0, 0, 0, 0, 0, 0, 0, 0, 0, 0, 0, 0, 0, 0, 0, 0, 0, 0, 0, 0, 0, 0, 0, 0, 0, 0, 0, 0, 0, 0, 0], "dvar2": [0.146486118436, 0.147562101483, 0.134681046009, 0.122139044106, 0.123809583485, 0.110788755119, 0.107484422624, 0.11061565578, 0.0969020426273, 0.122169494629, 0.122954271734, 0.122214376926, 0.125454992056, 0.131005868316, 0.126969128847, 0.131984144449, 0.114353954792, 0.115960523486, 0.111477904022, 0.112946629524, 0.118830986321, 0.134138986468, 0.119556024671, 0.124658770859, 0.140591293573, 0.155582427979, 0.153383031487, 0.142767697573, 0.133251011372, 0.127102583647, 0.134465903044, 0.123015746474, 0.132456332445, 0.140234053135, 0.123366683722, 0.123464979231], "dvar": [0.0551830418408, 0.0553763359785, 0.0501090735197, 0.0461026132107, 0.0461008921266, 0.0417492799461, 0.0417238250375, 0.0428987108171, 0.0375929102302, 0.0456336773932, 0.0467454381287, 0.046899035573, 0.04725253582, 0.0491138473153, 0.0483925119042, 0.0504679493606, 0.0443400628865, 0.0444900467992, 0.0432934612036, 0.0426373705268, 0.0450332947075, 0.0497417971492, 0.0446236021817, 0.0475337728858, 0.0531639829278, 0.0582637488842, 0.058735974133, 0.0560884587467, 0.0503010302782, 0.0472083948553, 0.0498433001339, 0.0467207916081, 0.0489377751946, 0.0538101755083, 0.045966502279, 0.0480704158545], "dmean": [0.20007622242, 0.19901522994, 0.190512984991, 0.184635192156, 0.179344534874, 0.173796370625, 0.171635791659, 0.172547504306, 0.164071246982, 0.174687385559, 0.17912954092, 0.178840056062, 0.180649161339, 0.184185966849, 0.184916615486, 0.186081469059, 0.177830979228, 0.177950009704, 0.174650371075, 0.165771126747, 0.159716621041, 0.164668664336, 0.162001490593, 0.170814648271, 0.188285142183, 0.19501632452, 0.201029166579, 0.198068827391, 0.18637637794, 0.176300376654, 0.177260547876, 0.176214471459, 0.190311253071, 0.195866256952, 0.188329130411, 0.189777761698], "max": [1, 1, 1, 1, 1, 1, 1, 1, 1, 1, 1, 1, 1, 1, 1, 1, 1, 1, 1, 1, 1, 1, 1, 1, 1, 1, 1, 1, 1, 1, 1, 1, 1, 1, 1, 1], "var": [0.0700425580144, 0.0659104287624, 0.0647787824273, 0.0657357871532, 0.0628198906779, 0.0612703822553, 0.0660417303443, 0.0661108866334, 0.0548291429877, 0.0563927739859, 0.0591748543084, 0.058557856828, 0.0590618997812, 0.0612710677087, 0.0618628263474, 0.0603000037372, 0.0558864623308, 0.0573714636266, 0.0588049590588, 0.052784550935, 0.0548736490309, 0.0582819469273, 0.0563525147736, 0.0599480494857, 0.0678246766329, 0.0724390596151, 0.0761467888951, 0.0762398615479, 0.0666742548347, 0.0628571435809, 0.0650673136115, 0.0649521350861, 0.0697443634272, 0.0756730735302, 0.0671874508262, 0.0681989192963], "mean": [0.239674985409, 0.234212815762, 0.232520669699, 0.234104722738, 0.229565039277, 0.227296486497, 0.234671100974, 0.230697348714, 0.212557077408, 0.211506918073, 0.216255173087, 0.214668244123, 0.214624106884, 0.217882871628, 0.221863225102, 0.217949450016, 0.210829272866, 0.214994370937, 0.215762153268, 0.19624298811, 0.186874300241, 0.189700305462, 0.189149349928, 0.2001208812, 0.216344609857, 0.225322768092, 0.235238164663, 0.236566632986, 0.220172375441, 0.209681406617, 0.209672957659, 0.215064227581, 0.234133973718, 0.244568511844, 0.234546989202, 0.233876496553]}, "tuning_equal_tempered_deviation": 0.163803234696, "chords_changes_rate": 0.186343327165, "key_key": "F#", "tuning_diatonic_strength": 0.472478121519, "key_scale": "minor", "chords_number_rate": 0.00701978290454, "tuning_frequency": 434.193115234, "tuning_nontempered_energy_ratio": 0.888569295406, "chords_histogram": [4.24377775192, 2.90363740921, 2.20165920258, 6.66879367828, 9.66815567017, 0.989151239395, 3.70134019852, 8.58328056335, 7.91320991516, 2.7440969944, 8.10465812683, 4.2756857872, 0.382897257805, 3.76515626907, 3.3184428215, 5.20102119446, 6.12635612488, 5.58391809464, 1.69112956524, 1.08487558365, 2.3611998558, 2.20165920258, 3.76515626907, 2.52074027061], "key_strength": 0.40150937438, "chords_key": "G#", "chords_strength": {"dmean2": 0.0273800753057, "median": 0.419620335102, "min": 0.200828999281, "dvar2": 0.000514992454555, "dvar": 0.000278435181826, "dmean": 0.0208483915776, "max": 0.786758899689, "var": 0.00954227242619, "mean": 0.425178617239}, "chords_scale": "minor", "hpcp_entropy": {"dmean2": 1.31834805012, "median": 2.50488805771, "min": 0, "dvar2": 1.12247490883, "dvar": 0.438139408827, "dmean": 0.78631490469, "max": 4.69131183624, "var": 0.985462486744, "mean": 2.39665007591}}, "metadata": {"audio_properties": {"equal_loudness": 0, "codec": "mp3", "downmix": "mix", "sample_rate": 44100, "analysis_sample_rate": 44100, "bit_rate": 160029, "md5_encoded": "1ca6005bb1f8916ecbb6dc7f1907e50e", "length": 145.475921631, "replay_gain": -8.88373374939, "lossless": false}, "version": {"essentia_build_sha": "70f2e5ece6736b2c40cc944ad0e695b16b925413", "essentia": "2.1-beta2", "extractor": "music 1.0", "essentia_git_sha": "v2.1_beta2"}, "tags": {"title": ["Ed's Airport and Hotel - Hicks in Mississippi"], "barcode": ["724353568023"], "media": ["CD"], "albumartist": ["Rodney Carrington"], "musicbrainz_recordingid": ["011d1740-1416-4be6-a7e3-c2656b693d41"], "encoding": ["Lavf56.36.100"], "musicbrainz_albumartistid": ["89b2959b-a1e9-4ac8-bd8d-4e2c085ab0d0"], "originalyear": ["2001"], "discnumber": ["1/1"], "album": ["Live! C'mon Laugh You Bastards"], "catalognumber": ["35680"], "musicbrainz album release country": ["US"], "musicbrainz album type": ["other/spokenword"], "musicbrainz album status": ["official"], "originaldate": ["2001"], "date": ["2001"], "file_name": "Rodney Carrington - Ed's Airport and Hotel (Hicks in Mississippi).mp3", "musicbrainz_releasegroupid": ["071f4bcc-9d04-3629-86d7-e88da40f0040"], "script": ["Latn"], "asin": ["B00005QD8B"], "musicbrainz_albumid": ["b6451a67-e131-4fd9-ad65-359e19f98b44"], "artist": ["Rodney Carrington"], "artistsort": ["Carrington, Rodney"], "tracknumber": ["1/27"], "label": ["Capitol Records"], "albumartistsort": ["Carrington, Rodney"], "musicbrainz_artistid": ["89b2959b-a1e9-4ac8-bd8d-4e2c085ab0d0"]}}, "rhythm": {"bpm_histogram_first_peak_bpm": {"dmean2": 0, "median": 129, "min": 129, "dvar2": 0, "dvar": 0, "dmean": 0, "max": 129, "var": 0, "mean": 129}, "bpm": 129.477981567, "bpm_histogram_second_peak_spread": {"dmean2": 0, "median": 0.100000023842, "min": 0.100000023842, "dvar2": 0, "dvar": 0, "dmean": 0, "max": 0.100000023842, "var": 0, "mean": 0.100000023842}, "bpm_histogram_first_peak_weight": {"dmean2": 0, "median": 0.0896551758051, "min": 0.0896551758051, "dvar2": 0, "dvar": 0, "dmean": 0, "max": 0.0896551758051, "var": 0, "mean": 0.0896551758051}, "onset_rate": 4.03446865082, "beats_position": [0.708208620548, 1.40480720997, 2.10140585899, 2.80961441994, 3.52943301201, 4.22603178024, 4.94585037231, 5.65405893326, 6.31582736969, 6.97759628296, 7.61614513397, 8.24308395386, 8.893242836, 9.54340076447, 10.1935596466, 10.8088884354, 11.4242172241, 12.0279359818, 12.6432647705, 13.2702035904, 13.8623123169, 14.4544210434, 15.0697498322, 15.6850786209, 16.2887973785, 16.904127121, 17.5194549561, 18.1231746674, 18.7268924713, 19.3190021515, 19.9111099243, 20.4916095734, 21.0837192535, 21.6758270264, 22.2679367065, 22.7323360443, 23.1967334747, 23.6611328125, 24.1255321503, 24.589931488, 25.0427207947, 25.4955101013, 25.9599094391, 26.4126987457, 26.8770961761, 27.353105545, 27.8175048828, 28.3747844696, 28.932062149, 29.4893417358, 30.0466213226, 30.6155090332, 31.2076187134, 31.8113365173, 32.4034461975, 32.8678436279, 33.332244873, 33.7966423035, 34.2610435486, 34.7138328552, 35.1550102234, 35.5961914062, 36.0373687744, 36.4785499573, 36.9197273254, 37.3609046936, 37.8020858765, 38.2432632446, 38.6844444275, 39.1372337341, 39.5900230408, 40.0312004089, 40.4607696533, 40.9019508362, 41.3315200806, 41.795917511, 42.2603149414, 42.7363243103, 43.2123336792, 43.6767349243, 44.1527442932, 44.6171417236, 45.0815429688, 45.5343284607, 45.9987297058, 46.4863471985, 46.9507484436, 47.415145874, 47.9027671814, 48.3903846741, 48.866394043, 49.3656234741, 49.8648529053, 50.3640823364, 50.8284797668, 51.2812690735, 51.7340583801, 52.1868476868, 52.6396369934, 53.0924263, 53.5452156067, 53.9980049133, 54.45079422, 54.9035835266, 55.4028091431, 55.9136505127, 56.4128799438, 56.912109375, 57.4113349915, 57.9105644226, 58.4097938538, 58.9090232849, 59.4198646545, 60.0235824585, 60.6273002625, 61.2310180664, 61.8347396851, 62.4500656128, 63.0653953552, 63.6807250977, 64.2960510254, 64.9113845825, 65.4918823242, 66.0607681274, 66.6296615601, 67.1172790527, 67.6048965454, 68.0809020996, 68.6149673462, 69.1374130249, 69.659866333, 70.1939239502, 70.7279815674, 71.2620391846, 71.7844848633, 72.3069381714, 72.8409957886, 73.3750534058, 73.9091110229, 74.3851242065, 74.8611297607, 75.3487548828, 75.8131484985, 76.2891616821, 76.7651672363, 77.252784729, 77.6359176636, 78.0074386597, 78.3789520264, 78.7504730225, 79.098777771, 79.4470748901, 79.8069839478, 80.1668930054, 80.526802063, 80.8867111206, 81.2466201782, 81.5949172974, 81.9432220459, 82.2799072266, 82.6282043457, 82.9765090942, 83.3364181519, 83.6963272095, 84.0562362671, 84.4277572632, 84.7992706299, 85.1824035645, 85.5539245605, 85.9254379272, 86.3085708618, 86.691696167, 87.0748291016, 87.4463500977, 87.8526992798, 88.270652771, 88.6770019531, 89.0833511353, 89.4897003174, 89.8844451904, 90.2791824341, 90.6739196777, 91.0802688599, 91.486618042, 91.9045791626, 92.2528762817, 92.5895690918, 92.9494781494, 93.2977752686, 93.6228561401, 93.9247131348, 94.2381820679, 94.551651001, 94.8767318726, 95.2018127441, 95.5152816772, 95.8287506104, 96.1538314819, 96.4789123535, 96.9200897217, 97.3612670898, 97.802444458, 98.2436294556, 98.6848068237, 99.1375961304, 99.6019973755, 100.066390991, 100.519180298, 100.983581543, 101.447982788, 101.889160156, 102.341949463, 102.79473877, 103.247528076, 103.700317383, 104.153106689, 104.605895996, 105.058685303, 105.499862671, 105.975868225, 106.463493347, 106.997550964, 107.519996643, 108.042449951, 108.56489563, 109.087341309, 109.609794617, 110.120635986, 110.619865417, 111.130699158, 111.664756775, 112.198822021, 112.732879639, 113.266937256, 113.800994873, 114.33505249, 114.880722046, 115.449615479, 116.018501282, 116.587387085, 117.144668579, 117.713554382, 118.282447815, 118.851333618, 119.466667175, 120.070381165, 120.674102783, 121.277824402, 121.89315033, 122.520088196, 123.147026062, 123.773963928, 124.412513733, 125.039451599, 125.654785156, 126.281723022, 126.862220764, 127.442718506, 128.011611938, 128.568893433, 129.137771606, 129.729888916, 130.321990967, 130.867660522, 131.413330078, 131.958999634, 132.516281128, 133.073562622, 133.630844116, 134.188110352, 134.745391846, 135.314285278, 135.894775391, 136.4868927, 136.962905884, 137.438903809, 137.914916992, 138.390930176, 138.866943359, 139.354553223, 139.830566406, 140.30657959, 140.782577515, 141.270202637, 141.769424438, 142.268661499, 142.767883301, 143.267120361, 143.754730225, 144.242355347, 144.71836853], "beats_loudness": {"dmean2": 0.0184672623873, "median": 0.00984408054501, "min": 4.19063908339e-05, "dvar2": 0.000411402375903, "dvar": 0.00015325791901, "dmean": 0.0107760140672, "max": 0.0941229239106, "var": 0.000191118946532, "mean": 0.0139948772267}, "danceability": 1.08651304245, "bpm_histogram_second_peak_weight": {"dmean2": 0, "median": 0.062068965286, "min": 0.062068965286, "dvar2": 0, "dvar": 0, "dmean": 0, "max": 0.062068965286, "var": 0, "mean": 0.062068965286}, "beats_count": 291, "bpm_histogram_second_peak_bpm": {"dmean2": 0, "median": 136, "min": 136, "dvar2": 0, "dvar": 0, "dmean": 0, "max": 136, "var": 0, "mean": 136}, "bpm_histogram_first_peak_spread": {"dmean2": 0, "median": 0.633802771568, "min": 0.633802771568, "dvar2": 0, "dvar": 0, "dmean": 0, "max": 0.633802771568, "var": 0, "mean": 0.633802771568}, "beats_loudness_band_ratio": {"dmean2": [0.129103928804, 0.19096326828, 0.289031356573, 0.32167994976, 0.221263736486, 0.255923777819], "median": [0.0251855440438, 0.0671222880483, 0.216971844435, 0.204381227493, 0.167688563466, 0.0993744283915], "min": [0.000177793262992, 5.1960676501e-05, 0.00524010695517, 0.000980635290034, 0.00461811572313, 0.00248760124668], "dvar2": [0.0313924401999, 0.0521587282419, 0.0498445108533, 0.0740091949701, 0.041157450527, 0.0778459608555], "dvar": [0.0131115727127, 0.0199728216976, 0.0192366037518, 0.0283533427864, 0.0143680404872, 0.0285246688873], "dmean": [0.0751801505685, 0.108506150544, 0.1679045856, 0.186931803823, 0.12945638597, 0.145178347826], "max": [0.762210190296, 0.925103187561, 0.908323705196, 0.908992111683, 0.723365724087, 0.935433864594], "var": [0.0139880832285, 0.0211778208613, 0.0300463885069, 0.0458316132426, 0.020460749045, 0.0291670337319], "mean": [0.0714198127389, 0.117632471025, 0.247795760632, 0.247911140323, 0.196911051869, 0.164027452469]}}, "lowlevel": {"barkbands_spread": {"dmean2": 9.32533550262, "median": 19.2663078308, "min": 1.69259035587, "dvar2": 149.042663574, "dvar": 63.6101531982, "dmean": 6.03590011597, "max": 109.712661743, "var": 172.963485718, "mean": 22.8533706665}, "melbands_spread": {"dmean2": 18.8711109161, "median": 30.2100944519, "min": 1.6941473484, "dvar2": 784.45513916, "dvar": 351.308288574, "dmean": 12.1324157715, "max": 217.516479492, "var": 902.742370605, "mean": 39.2635765076}, "hfc": {"dmean2": 7.40417766571, "median": 7.03334140778, "min": 1.10023875611e-16, "dvar2": 158.230316162, "dvar": 91.3961257935, "dmean": 5.71146678925, "max": 267.594299316, "var": 430.886077881, "mean": 15.1059856415}, "barkbands_kurtosis": {"dmean2": 2.76007294655, "median": 0.102542638779, "min": -1.91178405285, "dvar2": 30.9496517181, "dvar": 13.8453960419, "dmean": 1.76916456223, "max": 52.0227928162, "var": 21.7891159058, "mean": 1.29713582993}, "gfcc": {"mean": [-84.6337280273, 61.5382766724, -173.790512085, 29.8424358368, -88.5678787231, 3.43722319603, -39.1978416443, -4.644053936, -25.3515968323, -1.89514100552, -20.0182323456, -14.7839727402, -11.0312690735], "icov": [[0.00026907393476, 5.69902840653e-06, 0.000341697275871, -7.0237867476e-05, 0.00036312546581, -4.99801990372e-06, 0.000281665299553, -0.000182666553883, 6.1515282141e-05, 5.26214134879e-05, 0.000176075307536, 0.0003262697428, -0.000337236182531], [5.69902840653e-06, 0.00294649880379, -0.00197326531634, 0.00278301723301, -0.00258353003301, 0.00229074666277, -0.00204049027525, 0.00308334780857, -0.00226944009773, 0.00277203111909, -0.00191415566951, 0.00178568868432, 0.000346704560798], [0.000341697275871, -0.00197326531634, 0.00364851299673, -0.00337975635193, 0.00254871184006, -0.00169583235402, 0.00230405433103, -0.00244318367913, 0.00275146635249, -0.00240493682213, 0.00197134795599, -0.00140228134114, 0.000738494622055], [-7.0237867476e-05, 0.00278301723301, -0.00337975635193, 0.00545746972784, -0.00301866489463, 0.00315581494942, -0.0024513383396, 0.00348316412419, -0.00278029590845, 0.00230241497047, -0.00135383941233, 0.0017315678997, -0.000599958759267], [0.00036312546581, -0.00258353003301, 0.00254871184006, -0.00301866489463, 0.00769448047504, -0.00339960982092, 0.00388253643177, -0.00433346582577, 0.00188389699906, -0.00197398010641, 0.00172251707409, -0.00166297645774, -0.000940044410527], [-4.99801990372e-06, 0.00229074666277, -0.00169583235402, 0.00315581494942, -0.00339960982092, 0.00625620316714, -0.00368480267935, 0.00209304690361, -0.00139051419683, 0.00124658364803, -0.000873812648933, -0.000240584166022, 0.00138424290344], [0.000281665299553, -0.00204049027525, 0.00230405433103, -0.0024513383396, 0.00388253643177, -0.00368480267935, 0.00784907955676, -0.00382671947591, 0.00263420841657, -0.00147494277917, 0.000493467086926, -0.000544023234397, -0.000801582005806], [-0.000182666553883, 0.00308334780857, -0.00244318367913, 0.00348316412419, -0.00433346582577, 0.00209304690361, -0.00382671947591, 0.0109021123499, -0.00442594941705, 0.00266481982544, -0.00192161276937, -0.000503113900777, 0.000548779498786], [6.1515282141e-05, -0.00226944009773, 0.00275146635249, -0.00278029590845, 0.00188389699906, -0.00139051419683, 0.00263420841657, -0.00442594941705, 0.0116226440296, -0.00558565650135, 0.00273897498846, -0.00143429590389, 0.00104529061355], [5.26214134879e-05, 0.00277203111909, -0.00240493682213, 0.00230241497047, -0.00197398010641, 0.00124658364803, -0.00147494277917, 0.00266481982544, -0.00558565650135, 0.0124588320032, -0.00435990467668, 0.00318399723619, -0.000697254494298], [0.000176075307536, -0.00191415566951, 0.00197134795599, -0.00135383941233, 0.00172251707409, -0.000873812648933, 0.000493467086926, -0.00192161276937, 0.00273897498846, -0.00435990467668, 0.0124032264575, -0.00384829728864, 0.0015331764007], [0.0003262697428, 0.00178568868432, -0.00140228134114, 0.0017315678997, -0.00166297645774, -0.000240584166022, -0.000544023234397, -0.000503113900777, -0.00143429590389, 0.00318399723619, -0.00384829728864, 0.0107406759635, -0.00295519921929], [-0.000337236182531, 0.000346704560798, 0.000738494622055, -0.000599958759267, -0.000940044410527, 0.00138424290344, -0.000801582005806, 0.000548779498786, 0.00104529061355, -0.000697254494298, 0.0015331764007, -0.00295519921929, 0.0129270404577]], "cov": [[6061.93945312, -395.607696533, -1099.44152832, -339.787475586, -285.37677002, -218.731933594, -103.602012634, -34.2897262573, 53.2333831787, -62.1842842102, -112.602912903, -232.169113159, 166.113220215], [-395.607696533, 1150.66235352, 150.038955688, -200.401748657, 55.5168762207, -169.71383667, -9.53968906403, -157.407302856, -5.97659683228, -96.278137207, 35.8543815613, -107.554252625, -64.3023223877], [-1099.44152832, 150.038955688, 1076.7512207, 559.46862793, -52.2677307129, -132.380874634, -109.947875977, -74.3067474365, -63.5649490356, 37.7508087158, -51.0001602173, -13.357460022, -51.3701820374], [-339.787475586, -200.401748657, 559.46862793, 727.430664062, -27.4529895782, -202.581604004, -88.9070281982, -82.0160675049, -4.07101297379, 32.4508171082, -58.6883163452, -44.8535346985, 14.761557579], [-285.37677002, 55.5168762207, -52.2677307129, -27.4529895782, 264.581207275, 90.6269226074, -28.0049419403, 66.74269104, 21.0122070312, -0.755429565907, 8.74113273621, 49.6433296204, 6.31608104706], [-218.731933594, -169.71383667, -132.380874634, -202.581604004, 90.6269226074, 391.470550537, 128.156188965, 93.2502670288, -1.88781797886, 8.15984630585, 33.0079841614, 88.2406311035, -17.4843235016], [-103.602012634, -9.53968906403, -109.947875977, -88.9070281982, -28.0049419403, 128.156188965, 237.937820435, 53.8551216125, -17.1657238007, -7.45595264435, 29.5020179749, 28.4191246033, 0.399799257517], [-34.2897262573, -157.407302856, -74.3067474365, -82.0160675049, 66.74269104, 93.2502670288, 53.8551216125, 191.207336426, 35.9266815186, 9.01722049713, 18.6645832062, 64.7592926025, 4.02811908722], [53.2333831787, -5.97659683228, -63.5649490356, -4.07101297379, 21.0122070312, -1.88781797886, -17.1657238007, 35.9266815186, 133.990737915, 42.3675231934, -3.39086341858, -1.31028234959, -4.31478118896], [-62.1842842102, -96.278137207, 37.7508087158, 32.4508171082, -0.755429565907, 8.15984630585, -7.45595264435, 9.01722049713, 42.3675231934, 127.086135864, 19.010925293, -8.0900478363, -2.13973999023], [-112.602912903, 35.8543815613, -51.0001602173, -58.6883163452, 8.74113273621, 33.0079841614, 29.5020179749, 18.6645832062, -3.39086341858, 19.010925293, 112.111244202, 36.2503395081, -9.28130435944], [-232.169113159, -107.554252625, -13.357460022, -44.8535346985, 49.6433296204, 88.2406311035, 28.4191246033, 64.7592926025, -1.31028234959, -8.0900478363, 36.2503395081, 158.451278687, 20.2765483856], [166.113220215, -64.3023223877, -51.3701820374, 14.761557579, 6.31608104706, -17.4843235016, 0.399799257517, 4.02811908722, -4.31478118896, -2.13973999023, -9.28130435944, 20.2765483856, 95.1900405884]]}, "spectral_energyband_middle_low": {"dmean2": 0.00294837681577, "median": 0.00138920266181, "min": 3.2506602681e-22, "dvar2": 3.8906611735e-05, "dvar": 1.99880487344e-05, "dmean": 0.00214089429937, "max": 0.111998520792, "var": 7.20018870197e-05, "mean": 0.0046478016302}, "melbands_crest": {"dmean2": 5.61093759537, "median": 9.80886554718, "min": 1.99318921566, "dvar2": 23.856262207, "dvar": 10.018497467, "dmean": 3.43739080429, "max": 33.8191490173, "var": 30.4857139587, "mean": 11.221198082}, "spectral_kurtosis": {"dmean2": 2.20758342743, "median": 2.6834897995, "min": -1.22551167011, "dvar2": 4.44660711288, "dvar": 1.57227432728, "dmean": 1.28883981705, "max": 20.0288562775, "var": 3.54895186424, "mean": 2.93030667305}, "spectral_rms": {"dmean2": 0.000697939947713, "median": 0.00220474787056, "min": 3.17505071713e-12, "dvar2": 6.35928813608e-07, "dvar": 4.22915007903e-07, "dmean": 0.000540148233995, "max": 0.010778519325, "var": 2.97157407658e-06, "mean": 0.00259860511869}, "zerocrossingrate": {"dmean2": 0.0139989024028, "median": 0.08349609375, "min": 0.0107421875, "dvar2": 0.000300253654132, "dvar": 0.000294695288176, "dmean": 0.0130397435278, "max": 0.5048828125, "var": 0.00189751107246, "mean": 0.0918746292591}, "silence_rate_60dB": {"dmean2": 0.204309657216, "median": 0, "min": 0, "dvar2": 0.188429355621, "dvar": 0.0917089134455, "dmean": 0.102138526738, "max": 1, "var": 0.232905849814, "mean": 0.369235664606}, "erbbands_kurtosis": {"dmean2": 1.96169400215, "median": 0.0521466732025, "min": -1.9074215889, "dvar2": 10.6308374405, "dvar": 4.80949878693, "dmean": 1.24647605419, "max": 43.6407699585, "var": 9.53836154938, "mean": 0.770521819592}, "erbbands": {"dmean2": [0.00132911431137, 0.024027524516, 0.183978065848, 0.506464421749, 1.90413761139, 2.82395029068, 2.87772274017, 3.35607862473, 9.5608959198, 15.905837059, 22.3247203827, 25.1100502014, 19.4906597137, 17.5052032471, 17.4315814972, 15.5622816086, 18.5749988556, 27.2504692078, 27.9839019775, 19.4165706635, 12.101893425, 13.7905292511, 10.899102211, 9.30666542053, 14.4314308167, 19.3927383423, 12.4953918457, 10.2669057846, 5.99050951004, 3.20901966095, 1.35324764252, 1.08177101612, 0.876279532909, 0.394231915474, 0.0989703312516, 0.0163962990046, 0.0031441540923, 0.000319948972901, 1.39348812809e-05, 6.86420798957e-06], "median": [8.41360815684e-05, 0.00100339844357, 0.00869874376804, 0.0492826253176, 0.163563236594, 0.237774014473, 0.291577845812, 0.499834746122, 1.14622938633, 1.9887471199, 3.386500597, 4.42900133133, 4.49603891373, 4.07707738876, 3.70241570473, 3.69361281395, 5.40365982056, 8.35896587372, 7.73825216293, 4.47214508057, 3.18168473244, 3.78112959862, 3.23853182793, 3.46377563477, 4.51682376862, 4.94431018829, 3.3084590435, 2.63400530815, 2.34411406517, 1.23642706871, 0.444152832031, 0.245417714119, 0.133635789156, 0.0542787760496, 0.0138213969767, 0.00243441108614, 0.000426925194915, 4.7638623073e-05, 6.09657854511e-06, 7.20259731679e-06], "min": [7.52808321022e-22, 5.04417726371e-21, 7.01064165031e-21, 1.27016200309e-20, 4.77221433391e-20, 1.98912470867e-19, 2.40425266616e-19, 9.06789301886e-19, 1.39234349427e-18, 7.39907577857e-19, 5.70063306465e-19, 7.56178117108e-19, 8.45233260735e-19, 1.70416297805e-18, 1.62080581638e-18, 3.22205398115e-18, 2.39310589042e-18, 2.10473894156e-18, 4.70330140009e-18, 6.47334838336e-18, 6.17373363932e-18, 1.16206054764e-17, 9.47083172039e-18, 9.05894292463e-18, 1.72849579858e-17, 1.32077160905e-17, 1.10668609959e-17, 1.33118175978e-17, 2.19568492701e-17, 1.70562805967e-17, 1.55730746209e-17, 1.45240276245e-17, 1.27470724423e-17, 1.17641833512e-17, 9.35965451016e-18, 5.04475039001e-18, 2.49263246852e-18, 1.01614557739e-18, 3.18993983124e-19, 2.8772928308e-20], "dvar2": [0.000120725439047, 0.0675133466721, 3.51455497742, 4.27010250092, 45.0331192017, 119.005874634, 147.106872559, 116.615753174, 1762.6973877, 3865.66088867, 4491.83203125, 8639.05175781, 3564.11499023, 3347.51513672, 3440.20336914, 3520.77001953, 2098.99462891, 3717.98852539, 5007.6015625, 2382.90551758, 2946.75317383, 1779.72192383, 1117.46118164, 631.177001953, 1370.94970703, 2828.77929688, 1055.32348633, 747.846679688, 222.769668579, 93.6299057007, 24.2505817413, 25.0298461914, 34.463558197, 12.0387840271, 0.888355195522, 0.00842170231044, 0.000257318955846, 4.19612842961e-06, 1.99540721724e-08, 1.51025650319e-10], "dvar": [5.4307794926e-05, 0.0298042744398, 1.54248607159, 1.92817699909, 21.9584007263, 62.9257659912, 69.8504104614, 52.9327163696, 847.112670898, 1838.33911133, 2326.64819336, 3998.33203125, 1622.04785156, 1674.99829102, 1680.34545898, 1580.58740234, 1041.59069824, 1855.33740234, 2340.21313477, 1097.88476562, 1168.04089355, 848.055358887, 534.678894043, 317.539001465, 653.142578125, 1442.99072266, 553.018005371, 420.70111084, 105.574539185, 38.713344574, 10.1662368774, 10.2895507812, 14.6308250427, 5.12136602402, 0.388566076756, 0.0039437697269, 0.000118473704788, 1.79972914793e-06, 7.97024579668e-09, 7.96480451037e-11], "dmean": [0.000794032937847, 0.0142112523317, 0.107021406293, 0.33582213521, 1.34849381447, 1.94541752338, 1.99499213696, 2.23133778572, 6.48776197433, 11.0160579681, 15.2949762344, 17.2245025635, 13.070069313, 11.5340442657, 11.1589994431, 10.0962171555, 12.3862371445, 18.3198719025, 19.1878566742, 13.2244205475, 8.3987827301, 9.72346782684, 7.50212526321, 6.4868555069, 10.1510314941, 13.7891960144, 9.0408115387, 7.49577331543, 4.13897228241, 2.09790706635, 0.875892937183, 0.704064488411, 0.564036428928, 0.25736361742, 0.062576726079, 0.0101830232888, 0.00197965023108, 0.000201093702344, 9.19026388146e-06, 5.18035858477e-06], "max": [0.369268357754, 8.61318588257, 46.3825798035, 32.7971763611, 123.955924988, 296.681854248, 326.919128418, 164.090881348, 1200.35681152, 1606.41479492, 1429.16345215, 2849.05761719, 1150.64562988, 1898.15234375, 2694.03100586, 1724.01708984, 993.179016113, 1360.31591797, 1325.1920166, 848.359130859, 1792.55175781, 1059.98291016, 1014.47210693, 500.333343506, 689.044189453, 1236.65661621, 665.398071289, 521.359985352, 350.464996338, 275.565185547, 158.228439331, 155.348632812, 176.086517334, 103.601745605, 33.0947875977, 2.90713500977, 0.475831210613, 0.0659695714712, 0.00550847640261, 0.000305643508909], "var": [5.24962524651e-05, 0.0280441548675, 1.43932378292, 2.83749079704, 49.5346221924, 128.824111938, 124.528266907, 89.3191604614, 1273.3092041, 4682.65429688, 4836.29980469, 10744.2705078, 3186.73388672, 5009.33642578, 5257.34521484, 2391.54370117, 1895.53540039, 3633.29492188, 4547.71240234, 3006.765625, 1568.20166016, 2224.70458984, 1586.23706055, 872.952453613, 1749.57751465, 3967.38671875, 1733.11669922, 1456.28967285, 368.581604004, 67.3966903687, 14.3894224167, 11.2256278992, 14.4757928848, 5.0539484024, 0.384096622467, 0.00450896192342, 0.000133060806547, 1.89221941582e-06, 6.69333033443e-09, 3.24277299457e-10], "mean": [0.000731434556656, 0.0130431866273, 0.108393274248, 0.581086814404, 2.49239897728, 3.23660421371, 3.10319471359, 3.34795427322, 8.4976272583, 15.7548666, 21.1689033508, 26.2876472473, 19.949306488, 20.6512947083, 18.4865398407, 15.2915058136, 18.3305454254, 27.4792041779, 29.985200882, 22.4373245239, 14.0150613785, 17.0089111328, 13.4855527878, 11.9713220596, 18.033618927, 24.8193435669, 17.5518531799, 14.7614402771, 8.69550704956, 3.73720550537, 1.36978304386, 0.965247809887, 0.718155741692, 0.303228646517, 0.0748730674386, 0.012583611533, 0.00241558323614, 0.000247317366302, 1.54846893565e-05, 1.40814390761e-05]}, "spectral_strongpeak": {"dmean2": 0.909711480141, "median": 0.583002150059, "min": 0, "dvar2": 1.95189845562, "dvar": 0.776658415794, "dmean": 0.568808317184, "max": 15.4261932373, "var": 1.7537728548, "mean": 1.04617452621}, "spectral_energy": {"dmean2": 0.00481078680605, "median": 0.00498243607581, "min": 1.03329705754e-20, "dvar2": 6.26325927442e-05, "dvar": 3.53549730789e-05, "dmean": 0.00362213538028, "max": 0.119080901146, "var": 0.000162688214914, "mean": 0.00996742304415}, "average_loudness": 0.598324239254, "spectral_rolloff": {"dmean2": 1094.32629395, "median": 2368.65234375, "min": 129.19921875, "dvar2": 1992851.875, "dvar": 1010411.75, "dmean": 678.514343262, "max": 18389.3554688, "var": 2854654.25, "mean": 2808.49731445}, "spectral_centroid": {"dmean2": 498.530578613, "median": 2036.80041504, "min": 287.453735352, "dvar2": 293031.03125, "dvar": 168549.703125, "dmean": 339.463562012, "max": 10624.0615234, "var": 715949.375, "mean": 2142.83081055}, "pitch_salience": {"dmean2": 0.111759588122, "median": 0.693722367287, "min": 0.0956718176603, "dvar2": 0.00959582347423, "dvar": 0.00407633464783, "dmean": 0.0697728097439, "max": 0.922998428345, "var": 0.0131615987048, "mean": 0.668044030666}, "spectral_energyband_middle_high": {"dmean2": 0.00228789215907, "median": 0.0019214033382, "min": 1.64824632878e-21, "dvar2": 1.48667622852e-05, "dvar": 8.13861333882e-06, "dmean": 0.0016790011432, "max": 0.0842292383313, "var": 4.0516617446e-05, "mean": 0.00423903111368}, "spectral_contrast_coeffs": {"dmean2": [0.0830305814743, 0.0878323167562, 0.070596717298, 0.0558054409921, 0.0410713590682, 0.0330587886274], "median": [-0.616585016251, -0.76555120945, -0.79431784153, -0.798510849476, -0.799966931343, -0.726093173027], "min": [-0.959662497044, -0.95900374651, -0.963167130947, -0.964532971382, -0.96705955267, -0.958410263062], "dvar2": [0.00439143879339, 0.00497903767973, 0.00312709645368, 0.00203053699806, 0.0012385401642, 0.000793825020082], "dvar": [0.00195318972692, 0.00255617871881, 0.00151116249617, 0.0010895121377, 0.000583188026212, 0.000369259418221], "dmean": [0.0528677143157, 0.0573585368693, 0.0457257777452, 0.0376121141016, 0.0267512071878, 0.021735612303], "max": [-0.233187824488, -0.313383698463, -0.33335351944, -0.505716085434, -0.510120272636, -0.532668411732], "var": [0.0144503060728, 0.0135484021157, 0.00816476158798, 0.00526895467192, 0.00377122475766, 0.00330554018728], "mean": [-0.598131120205, -0.732895791531, -0.770337700844, -0.779202580452, -0.783958494663, -0.717197716236]}, "melbands_skewness": {"dmean2": 0.979173183441, "median": 1.17431592941, "min": -3.29370641708, "dvar2": 1.46292769909, "dvar": 0.686617434025, "dmean": 0.655071973801, "max": 11.418419838, "var": 1.85128951073, "mean": 1.45627522469}, "spectral_spread": {"dmean2": 611751.875, "median": 3679831.5, "min": 1824494.875, "dvar2": 696772067328, "dvar": 495277670400, "dmean": 410421.46875, "max": 41013616, "var": 1139863322620.0, "mean": 3819897}, "dissonance": {"dmean2": 0.029430065304, "median": 0.480914145708, "min": 0.203389823437, "dvar2": 0.00106316234451, "dvar": 0.0004494660825, "dmean": 0.0181957557797, "max": 0.500000119209, "var": 0.00126481812913, "mean": 0.468769311905}, "spectral_skewness": {"dmean2": 0.337728977203, "median": 1.08649420738, "min": -0.43580070138, "dvar2": 0.0852506607771, "dvar": 0.0357730835676, "dmean": 0.214491143823, "max": 3.58671236038, "var": 0.225608199835, "mean": 1.03025507927}, "spectral_flux": {"dmean2": 0.0237833429128, "median": 0.0486315265298, "min": 1.01651222162e-10, "dvar2": 0.000887392670847, "dvar": 0.000399621232646, "dmean": 0.0157924853265, "max": 0.359721034765, "var": 0.00157662585843, "mean": 0.0576105900109}, "spectral_contrast_valleys": {"dmean2": [0.78980666399, 0.689693033695, 0.575044035912, 0.515544652939, 0.404467821121, 0.43158814311], "median": [-9.81041717529, -7.62361240387, -7.8174571991, -7.87509441376, -7.64874887466, -10.6198186874], "min": [-27.0636062622, -27.5691642761, -27.2714481354, -27.2170696259, -27.0539150238, -27.2581615448], "dvar2": [0.440481990576, 0.356485515833, 0.257164686918, 0.225941836834, 0.156971126795, 0.207183495164], "dvar": [0.200036808848, 0.182057142258, 0.153577014804, 0.144520968199, 0.118139602244, 0.130378112197], "dmean": [0.48673209548, 0.420748949051, 0.36665725708, 0.344535499811, 0.284124553204, 0.307612001896], "max": [-5.72335290909, -5.51768827438, -5.34384965897, -5.65177249908, -5.42283201218, -7.04121398926], "var": [0.563954174519, 0.638018369675, 1.177475214, 1.01787686348, 0.775063693523, 0.813115417957], "mean": [-9.74941062927, -7.6906042099, -7.8818731308, -8.0028963089, -7.74834012985, -10.6308441162]}, "erbbands_flatness_db": {"dmean2": 0.0271456222981, "median": 0.210889354348, "min": 0.0576591230929, "dvar2": 0.000598455546424, "dvar": 0.000289763003821, "dmean": 0.0184224192053, "max": 0.376106917858, "var": 0.00154318660498, "mean": 0.210709199309}, "spectral_energyband_high": {"dmean2": 0.000656219664961, "median": 0.000266701768851, "min": 7.35852118109e-21, "dvar2": 2.72663601208e-06, "dvar": 1.40584529618e-06, "dmean": 0.000483749608975, "max": 0.0351677872241, "var": 4.51387859357e-06, "mean": 0.00102764228359}, "spectral_entropy": {"dmean2": 0.199453786016, "median": 7.78371286392, "min": 5.68015241623, "dvar2": 0.0380514226854, "dvar": 0.0210565533489, "dmean": 0.13691355288, "max": 9.80038261414, "var": 0.124189011753, "mean": 7.71446371078}, "silence_rate_20dB": {"dmean2": 0, "median": 1, "min": 1, "dvar2": 0, "dvar": 0, "dmean": 0, "max": 1, "var": 0, "mean": 1}, "melbands_flatness_db": {"dmean2": 0.0325986742973, "median": 0.129438593984, "min": 0.00680320523679, "dvar2": 0.00111537193879, "dvar": 0.000578223727643, "dmean": 0.0220776535571, "max": 0.392213374376, "var": 0.00302509986795, "mean": 0.140973210335}, "barkbands": {"dmean2": [1.09876691567e-05, 7.99128392828e-05, 0.000194734588149, 0.00027184584178, 0.000746361562051, 0.000406333885621, 0.000814535829704, 0.00109507760499, 0.0010547345737, 0.000581414613407, 0.000541527348105, 0.000405183032854, 0.000470004510134, 0.000607046822552, 0.000528835342266, 0.000249676319072, 0.000258815154666, 0.00020983950526, 0.000235563857132, 0.000403486163123, 0.000283014087472, 0.000164209632203, 5.62944987905e-05, 5.24040224263e-05, 2.33729570027e-05, 2.12002692024e-06, 6.70413982107e-08], "median": [6.75551405038e-07, 2.7512583074e-06, 6.65066772854e-06, 1.85915287148e-05, 7.5537689554e-05, 4.44046308985e-05, 8.29039054224e-05, 9.75553994067e-05, 0.00017112835485, 0.000113319714728, 7.55264118197e-05, 7.85095762694e-05, 0.000103896665678, 0.00014955586812, 9.85988008324e-05, 5.27656266058e-05, 6.18289777776e-05, 5.45824659639e-05, 7.51416155254e-05, 0.000105868377432, 6.76664421917e-05, 6.18415215285e-05, 1.79461949301e-05, 9.90407079371e-06, 3.21862285091e-06, 3.05726075567e-07, 6.24065776833e-09], "min": [2.37930010009e-23, 2.32551493248e-23, 4.56614188402e-24, 3.57063768138e-24, 5.98893228042e-23, 7.66628028121e-23, 9.06260573531e-23, 3.39080027196e-23, 2.94176644521e-23, 4.23621303775e-23, 3.62058030752e-23, 7.01522580307e-23, 5.93732878653e-23, 5.86397481977e-23, 1.26146583271e-22, 9.60526567637e-23, 1.60887929184e-22, 1.66561353706e-22, 2.22417804992e-22, 2.91503870178e-22, 2.84898668399e-22, 5.55112861441e-22, 5.49758704705e-22, 7.10451059494e-22, 1.26740922436e-21, 1.29773975234e-21, 2.04023391267e-21], "dvar2": [1.3201170157e-09, 7.68887787217e-07, 3.71465011995e-06, 8.74089437275e-07, 6.63282571622e-06, 1.897242214e-06, 9.91946490103e-06, 1.5551901015e-05, 1.03341290014e-05, 3.05165963255e-06, 4.17462524638e-06, 2.26677616411e-06, 1.4119395928e-06, 1.85301530564e-06, 2.41288057623e-06, 8.44148530632e-07, 5.59015575163e-07, 3.61303818863e-07, 3.57473084023e-07, 1.07652169845e-06, 5.12885321768e-07, 1.77599758899e-07, 3.45392372481e-08, 8.61621600734e-08, 4.4090974427e-08, 1.0730544231e-10, 8.21427669807e-13], "dvar": [4.91871376962e-10, 3.30440087737e-07, 1.56217561198e-06, 3.94092666056e-07, 3.42412408827e-06, 8.47971307394e-07, 5.3249245866e-06, 7.44152248444e-06, 5.03655746797e-06, 1.50820483213e-06, 1.76170601662e-06, 1.16451599297e-06, 6.7092645395e-07, 9.3480156238e-07, 1.0323534525e-06, 3.57616130486e-07, 2.77873795085e-07, 1.66772849752e-07, 1.6780397516e-07, 5.53567247152e-07, 2.84381570737e-07, 7.92920928916e-08, 1.45202498913e-08, 3.63068899389e-08, 1.93234406254e-08, 5.04502169207e-11, 3.11444663462e-13], "dmean": [6.30519707556e-06, 4.81474417029e-05, 0.000113946720376, 0.000186104938621, 0.000528886390384, 0.000266216316959, 0.000562756787986, 0.000740816292819, 0.000711201806553, 0.000384872342693, 0.000343898223946, 0.00026618828997, 0.000303516862914, 0.000408815772971, 0.000351194292307, 0.000166958285263, 0.000181335053639, 0.000138665200211, 0.000161978357937, 0.000287738395855, 0.000203435716685, 0.000111078334157, 3.60255617124e-05, 3.41754021065e-05, 1.51655640366e-05, 1.32017487431e-06, 4.0151775238e-08], "max": [0.000571334094275, 0.0301881767809, 0.0440712869167, 0.0142552051693, 0.0615601725876, 0.0221595838666, 0.111662767828, 0.0971014648676, 0.0958747714758, 0.0340903736651, 0.0486907958984, 0.0613646991551, 0.0224040728062, 0.026961889118, 0.0309454724193, 0.0264068096876, 0.0176597628742, 0.014424319379, 0.0101560428739, 0.0195271782577, 0.011653188616, 0.00886636041105, 0.00544187333435, 0.00901742000133, 0.00600797962397, 0.000301538850181, 3.32035851898e-05], "var": [4.26825436106e-10, 3.00684945387e-07, 1.3729377315e-06, 7.74464126607e-07, 7.71566374169e-06, 1.37464633099e-06, 9.32687726163e-06, 1.74917604454e-05, 1.46500142364e-05, 3.37978394782e-06, 3.59143541573e-06, 2.53928533311e-06, 1.06804327515e-06, 1.79559913249e-06, 2.07606581171e-06, 5.11128689595e-07, 7.65877814501e-07, 4.3826398155e-07, 4.50308107247e-07, 1.59061664817e-06, 9.352358461e-07, 2.44609253741e-07, 2.13540474192e-08, 3.73933382036e-08, 1.97431795357e-08, 5.96685478804e-11, 2.28832333941e-13], "mean": [5.44651811651e-06, 4.2955733079e-05, 0.000111672001367, 0.000310813571559, 0.000979665317573, 0.000395935581764, 0.000726395403035, 0.000975342351012, 0.00108388368972, 0.000593791366555, 0.000513533188496, 0.000382324098609, 0.000410042208387, 0.000583762070164, 0.00053626409499, 0.000245408271439, 0.000303708773572, 0.000230260338867, 0.000284562120214, 0.000519439287018, 0.000387227337342, 0.000224499817705, 5.52912606508e-05, 4.54069158877e-05, 1.81266568688e-05, 1.64119353485e-06, 3.96962747118e-08]}, "erbbands_skewness": {"dmean2": 0.638405919075, "median": 0.274351686239, "min": -5.41605949402, "dvar2": 0.415637820959, "dvar": 0.202250108123, "dmean": 0.424921810627, "max": 4.71701908112, "var": 0.967449605465, "mean": 0.0938740447164}, "erbbands_spread": {"dmean2": 12.6284217834, "median": 27.6883678436, "min": 3.27665162086, "dvar2": 228.596740723, "dvar": 98.927192688, "dmean": 8.2699756