{"tonal": {"thpcp": [1, 0.718268334866, 0.159572273493, 0.0706696286798, 0.0729168057442, 0.141226232052, 0.270185828209, 0.236520498991, 0.122313506901, 0.11964481324, 0.10045606643, 0.0851519331336, 0.163169518113, 0.236648067832, 0.415751695633, 0.808439552784, 0.66003882885, 0.184825211763, 0.0803148150444, 0.0841308310628, 0.140518605709, 0.295848250389, 0.286620497704, 0.15959623456, 0.193167433143, 0.171250626445, 0.148918375373, 0.249258324504, 0.2121270895, 0.121271833777, 0.193143188953, 0.212351754308, 0.152207449079, 0.171322256327, 0.175150126219, 0.480150490999], "hpcp": {"dmean2": [0.196764081717, 0.193097695708, 0.116808228195, 0.0719674751163, 0.0788686648011, 0.0924165397882, 0.108130343258, 0.112413913012, 0.0992695093155, 0.0861301124096, 0.0813139677048, 0.0872104167938, 0.111421920359, 0.0971438065171, 0.0771112218499, 0.0880604609847, 0.0989750400186, 0.102549426258, 0.080368205905, 0.0998706445098, 0.194950997829, 0.205789625645, 0.234101250768, 0.13282507658, 0.0769704505801, 0.0808790549636, 0.104516662657, 0.116000778973, 0.098885692656, 0.0875223949552, 0.0606817938387, 0.0616639330983, 0.070747807622, 0.0917769670486, 0.116377979517, 0.206437662244], "median": [0.067792147398, 0.0571217052639, 0.0133522413671, 0.000782762770541, 0.000749557628296, 0.00271985703148, 0.00698060262948, 0.0060773184523, 0.00254491576925, 0.000434469082393, 0.00052333867643, 0.00379288825206, 0.00569372205064, 0.00524019449949, 0.0033127781935, 0.00109159655403, 0.00127928121947, 0.00195062858984, 0.0010911191348, 0.00137646868825, 0.0475465171039, 0.119088999927, 0.0893729478121, 0.00847700051963, 0.000519888941199, 0.000454302993603, 0.000741630559787, 0.000891956151463, 0.00140372593887, 0.00215185456909, 0.00123621500097, 0.000829450786114, 0.00147814676166, 0.00220789527521, 0.00286395521834, 0.0295639261603], "min": [0, 0, 0, 0, 0, 0, 0, 0, 0, 0, 0, 0, 0, 0, 0, 0, 0, 0, 0, 0, 0, 0, 0, 0, 0, 0, 0, 0, 0, 0, 0, 0, 0, 0, 0, 0], "dvar2": [0.099556401372, 0.0908597931266, 0.0616245046258, 0.0505139231682, 0.0610883533955, 0.059569761157, 0.0585786961019, 0.0623657926917, 0.0602825172246, 0.0614100806415, 0.0558232553303, 0.0517883338034, 0.0662165209651, 0.05057182163, 0.0426315329969, 0.0515306890011, 0.0589404180646, 0.0724049806595, 0.049458026886, 0.0667911618948, 0.0931959822774, 0.10279212147, 0.114668652415, 0.0832575708628, 0.0577215701342, 0.0666156038642, 0.075843654573, 0.0832951590419, 0.05830629915, 0.0570265315473, 0.0369191803038, 0.0354268215597, 0.0429256185889, 0.0590554662049, 0.0685785338283, 0.113220028579], "dvar": [0.0456610880792, 0.0390903949738, 0.0227463077754, 0.0184350740165, 0.0223212335259, 0.0220280103385, 0.0243750661612, 0.0254009831697, 0.0224012602121, 0.0239685494453, 0.0216210819781, 0.0192693956196, 0.0266226492822, 0.0216863844544, 0.016291860491, 0.0212635751814, 0.0240664165467, 0.0261263102293, 0.0195547509938, 0.0250985212624, 0.0361248925328, 0.0542724058032, 0.0481287576258, 0.0301379393786, 0.0210195556283, 0.0236912239343, 0.0279203765094, 0.031820628792, 0.0245651043952, 0.0201975218952, 0.0140511738136, 0.0139080155641, 0.0150249432772, 0.0225491989404, 0.0289271902293, 0.0447138696909], "dmean": [0.117239683867, 0.117198571563, 0.0662693157792, 0.0393985696137, 0.0429157987237, 0.0534054599702, 0.0657314434648, 0.067329838872, 0.0564513728023, 0.0478694885969, 0.0458678491414, 0.0501732341945, 0.0652407631278, 0.0579176321626, 0.0441641993821, 0.0534125976264, 0.0576650835574, 0.0571345798671, 0.0453678183258, 0.0557478740811, 0.113426655531, 0.124419219792, 0.138081416488, 0.0730763971806, 0.0411020554602, 0.0428352989256, 0.0580106265843, 0.0659047067165, 0.0568215884268, 0.048637997359, 0.0344868227839, 0.0343138426542, 0.0392139852047, 0.0528714582324, 0.0679067596793, 0.119858451188], "max": [1, 1, 1, 1, 1, 1, 1, 1, 1, 1, 1, 1, 1, 1, 1, 1, 1, 1, 1, 1, 1, 1, 1, 1, 1, 1, 1, 1, 1, 1, 1, 1, 1, 1, 1, 1], "var": [0.146538749337, 0.10791105032, 0.0233623124659, 0.0140544455498, 0.0162337645888, 0.022518530488, 0.0556284077466, 0.0551885738969, 0.0218720771372, 0.0501829646528, 0.0398962795734, 0.0200803205371, 0.0416128970683, 0.034675668925, 0.0171194896102, 0.038078751415, 0.0442653819919, 0.0257188584656, 0.0388298630714, 0.0377747826278, 0.0566938519478, 0.175943002105, 0.100397251546, 0.0211608242244, 0.0136483982205, 0.0148029904813, 0.0257186088711, 0.0610016435385, 0.0514718331397, 0.0176353249699, 0.0259580239654, 0.0196207016706, 0.0107264332473, 0.0301535464823, 0.0528380647302, 0.0573972761631], "mean": [0.296392709017, 0.241985559464, 0.0677612125874, 0.0294452756643, 0.0308443158865, 0.0515173822641, 0.108464837074, 0.105081729591, 0.05851168558, 0.0708196684718, 0.0627844557166, 0.0545969344676, 0.0913838893175, 0.077770717442, 0.0444610714912, 0.0708107799292, 0.0778530836105, 0.0558027848601, 0.0628107190132, 0.0642141029239, 0.176034316421, 0.366623222828, 0.263333857059, 0.0585029013455, 0.0259091258049, 0.0267329942435, 0.0517768152058, 0.0990564003587, 0.0867139101028, 0.0448429733515, 0.0438645668328, 0.0368295274675, 0.0312186758965, 0.0598217360675, 0.0867606773973, 0.152424231172]}, "tuning_equal_tempered_deviation": 0.162162318826, "chords_changes_rate": 0.0466949678957, "key_key": "A", "tuning_diatonic_strength": 0.634401082993, "key_scale": "major", "chords_number_rate": 0.00303214066662, "tuning_frequency": 436.204162598, "tuning_nontempered_energy_ratio": 0.837690711021, "chords_histogram": [52.5166778564, 4.4572467804, 0.879320800304, 1.09157061577, 2.7895693779, 0.242571249604, 0.879320800304, 0, 0, 0.394178301096, 0.151607036591, 0, 0, 1.15221345425, 0, 0.0606428124011, 0.121285624802, 19.466342926, 0.0303214062005, 0.121285624802, 1.87992727757, 2.91085505486, 6.7010307312, 4.15403270721], "key_strength": 0.817847907543, "chords_key": "A", "chords_strength": {"dmean2": 0.00810537487268, "median": 0.587885320187, "min": -1, "dvar2": 0.00122767908033, "dvar": 0.000624489039183, "dmean": 0.00971835106611, "max": 0.778994739056, "var": 0.0122369732708, "mean": 0.574268460274}, "chords_scale": "major", "hpcp_entropy": {"dmean2": 0.82005828619, "median": 1.68024814129, "min": 0, "dvar2": 0.57646304369, "dvar": 0.224217638373, "dmean": 0.487475663424, "max": 4.02621030807, "var": 0.443487524986, "mean": 1.67181456089}}, "metadata": {"audio_properties": {"equal_loudness": 0, "codec": "mp3", "downmix": "mix", "sample_rate": 44100, "analysis_sample_rate": 44100, "bit_rate": 128000, "md5_encoded": "d7fdde9e0ea6db94fa0795f8abfb6df6", "length": 153.103668213, "replay_gain": -6.57411956787, "lossless": false}, "version": {"essentia_build_sha": "70f2e5ece6736b2c40cc944ad0e695b16b925413", "essentia": "2.1-beta2", "extractor": "music 1.0", "essentia_git_sha": "v2.1_beta2"}, "tags": {"title": ["Milej pane D\u00e4nikene"], "albumartist": ["Karel Pl\u00edhal"], "date": ["2000"], "genre": ["Folk"], "musicbrainz album release country": ["CZ"], "musicbrainz_recordingid": ["01272289-63cc-4fcf-9e09-aaa234e4f686"], "artistsort": ["Pl\u00edhal, Karel"], "musicbrainz album status": ["official"], "musicbrainz_albumartistid": ["ff18364e-fd4b-4bd7-b199-452fc9e5eb52"], "musicbrainz_albumid": ["57163fdf-03ee-4550-a2c3-2d365419a79a"], "artist": ["Karel Pl\u00edhal"], "bpm": ["76"], "album": ["Kluzi\u0161t\u011b"], "tracknumber": ["7/24"], "label": ["Monitor-EMI Records Ltd."], "albumartistsort": ["Pl\u00edhal, Karel", "Pl\u00edhal, Karel"], "musicbrainz album type": ["album"], "musicbrainz_artistid": ["ff18364e-fd4b-4bd7-b199-452fc9e5eb52"], "file_name": "07 Milej pane D\u00e4nikene.mp3"}}, "rhythm": {"bpm_histogram_first_peak_bpm": {"dmean2": 0, "median": 152, "min": 152, "dvar2": 0, "dvar": 0, "dmean": 0, "max": 152, "var": 0, "mean": 152}, "bpm": 151.0753479, "bpm_histogram_second_peak_spread": {"dmean2": 0, "median": 0.163265287876, "min": 0.163265287876, "dvar2": 0, "dvar": 0, "dmean": 0, "max": 0.163265287876, "var": 0, "mean": 0.163265287876}, "bpm_histogram_first_peak_weight": {"dmean2": 0, "median": 0.509138405323, "min": 0.509138405323, "dvar2": 0, "dvar": 0, "dmean": 0, "max": 0.509138405323, "var": 0, "mean": 0.509138405323}, "onset_rate": 3.65063619614, "beats_position": [0.452789098024, 0.905578196049, 1.3235373497, 1.71827661991, 2.11301589012, 2.50775504112, 2.89088439941, 3.30884337425, 3.70358276367, 4.08671188354, 4.46984100342, 4.87619018555, 5.28253936768, 5.6888885498, 6.08362817764, 6.47836732864, 6.87310647964, 7.2910656929, 7.6858048439, 8.08054447174, 8.48689365387, 8.893242836, 9.287981987, 9.682721138, 10.0658502579, 10.4605894089, 10.8437185287, 11.2268476486, 11.6331968307, 12.051156044, 12.4342851639, 12.840634346, 13.235373497, 13.6417226791, 14.0364627838, 14.4428119659, 14.8375511169, 15.2322902679, 15.6270294189, 16.0217685699, 16.4397277832, 16.8460769653, 17.2640361786, 17.6703853607, 18.0419044495, 18.4366436005, 18.8081626892, 19.2029018402, 19.5976409912, 19.9923801422, 20.3871192932, 20.7934684753, 21.1998176575, 21.5945568085, 21.9892959595, 22.3840351105, 22.7787742615, 23.1735134125, 23.5682544708, 23.974603653, 24.3577327728, 24.764081955, 25.1704311371, 25.5651702881, 25.9366893768, 26.343038559, 26.7493877411, 27.1673469543, 27.5853061676, 27.9800453186, 28.3747844696, 28.7695236206, 29.1642627716, 29.5473918915, 29.9305210114, 30.3252601624, 30.7199993134, 31.1263484955, 31.5326976776, 31.9274368286, 32.3337860107, 32.7401351929, 33.1348762512, 33.5412254333, 33.935962677, 34.3307037354, 34.7138328552, 35.1085700989, 35.5033111572, 35.9096603394, 36.2927894592, 36.6759185791, 37.0822677612, 37.4770050049, 37.8717460632, 38.2664833069, 38.6612243652, 39.0791816711, 39.4855308533, 39.8918800354, 40.2982292175, 40.7045783997, 41.099319458, 41.5056686401, 41.88879776, 42.2835350037, 42.678276062, 43.0730133057, 43.4561424255, 43.8508834839, 44.2340126038, 44.6403617859, 45.046710968, 45.4414520264, 45.83618927, 46.2309303284, 46.625667572, 47.0320167542, 47.4383659363, 47.8447151184, 48.2510643005, 48.6458053589, 49.0405426025, 49.4468917847, 49.8532409668, 50.2363700867, 50.6194992065, 51.0026283264, 51.3857574463, 51.7804985046, 52.1752357483, 52.5815849304, 52.9879341125, 53.3826751709, 53.7774124146, 54.1721534729, 54.5668907166, 54.9616317749, 55.367980957, 55.7743301392, 56.1690673828, 56.5638084412, 56.9585494995, 57.3300666809, 57.7248077393, 58.1427650452, 58.5491142273, 58.9554634094, 59.3502044678, 59.7449417114, 60.1396827698, 60.5460319519, 60.952381134, 61.3471183777, 61.741859436, 62.1249885559, 62.5197257996, 62.9260749817, 63.32081604, 63.7271652222, 64.1219024658, 64.5282516479, 64.9229888916, 65.3293380737, 65.7240829468, 66.1188201904, 66.5019454956, 66.9082946777, 67.3030395508, 67.7093887329, 68.1041259766, 68.4988632202, 68.8936004639, 69.2883453369, 69.6714706421, 70.0546035767, 70.4493408203, 70.8556900024, 71.2620391846, 71.6800003052, 72.0979614258, 72.5043106079, 72.8990478516, 73.2937850952, 73.6769180298, 74.0716552734, 74.4663925171, 74.8727416992, 75.2790908813, 75.673828125, 76.068572998, 76.4633102417, 76.8580474854, 77.2643966675, 77.6707458496, 78.0654830933, 78.4602279663, 78.85496521, 79.2497024536, 79.6676635742, 80.0740127563, 80.46875, 80.8634872437, 81.2466201782, 81.6297454834, 82.0244903564, 82.4076156616, 82.8023605347, 83.1970977783, 83.591835022, 83.9865722656, 84.3929214478, 84.7876663208, 85.1824035645, 85.5887527466, 85.9951019287, 86.4014511108, 86.807800293, 87.2141494751, 87.6088867188, 88.0036239624, 88.3983688354, 88.7931060791, 89.1994552612, 89.6058044434, 90.000541687, 90.3952789307, 90.7784118652, 91.1731491089, 91.5678863525, 91.9510192871, 92.3573684692, 92.7637176514, 93.158454895, 93.5531921387, 93.9595413208, 94.3658905029, 94.760635376, 95.1553726196, 95.5501098633, 95.9448471069, 96.3279800415, 96.7343292236, 97.1290664673, 97.5121994019, 97.9069366455, 98.3132858276, 98.7312469482, 99.1492080688, 99.555557251, 99.9502944946, 100.356643677, 100.75138092, 101.146118164, 101.51763916, 101.900772095, 102.295509338, 102.701858521, 103.108207703, 103.514556885, 103.909294128, 104.304031372, 104.698776245, 105.093513489, 105.488250732, 105.894599915, 106.289337158, 106.69568634, 107.090431213, 107.473556519, 107.868293762, 108.274642944, 108.680992126, 109.064125061, 109.447257996, 109.830383301, 110.236732483, 110.643081665, 111.037818909, 111.444168091, 111.850517273, 112.256866455, 112.663215637, 113.05796051, 113.452697754, 113.847434998, 114.242172241, 114.636917114, 115.031654358, 115.426391602, 115.821128845, 116.215873718, 116.610610962, 117.005348206, 117.400085449, 117.794830322, 118.201179504, 118.607528687, 119.00226593, 119.397003174, 119.814964294, 120.221313477, 120.627662659, 121.022399902, 121.417137146, 121.811882019, 122.183395386, 122.589744568, 122.972877502, 123.367614746, 123.762359619, 124.168708801, 124.575057983, 124.969795227, 125.364532471, 125.759269714, 126.154014587, 126.548751831, 126.943489075, 127.349838257, 127.756187439, 128.150924683, 128.545669556, 128.917190552, 129.311920166, 129.729888916, 130.12461853, 130.519363403, 130.925704956, 131.332061768, 131.726806641, 132.133148193, 132.539505005, 132.934234619, 133.305755615, 133.700500488, 134.095230103, 134.489974976, 134.884719849, 135.291061401, 135.697418213, 136.092147827, 136.4868927, 136.893234253, 137.299591064, 137.694335938, 138.089065552, 138.483810425, 138.878540039, 139.284896851, 139.668029785, 140.062759399, 140.457504272, 140.852249146, 141.24697876, 141.641723633, 142.036453247, 142.442810059, 142.849151611, 143.255508423, 143.661849976, 144.079818726, 144.486160278, 144.880905151, 145.264038086, 145.6587677, 146.041900635, 146.436645508, 146.842987061, 147.237731934, 147.632461548, 148.038818359, 148.433563232, 148.839904785, 149.234649658, 149.606170654, 150.012512207, 150.418869019, 150.813598633, 151.208343506, 151.603088379, 151.997817993, 152.404174805, 152.810516357], "beats_loudness": {"dmean2": 0.074810795486, "median": 0.0546147301793, "min": 0, "dvar2": 0.00354384980164, "dvar": 0.00113419035915, "dmean": 0.0413382165134, "max": 0.232290223241, "var": 0.0014382628724, "mean": 0.0629362687469}, "danceability": 1.35024130344, "bpm_histogram_second_peak_weight": {"dmean2": 0, "median": 0.10704960674, "min": 0.10704960674, "dvar2": 0, "dvar": 0, "dmean": 0, "max": 0.10704960674, "var": 0, "mean": 0.10704960674}, "beats_count": 384, "bpm_histogram_second_peak_bpm": {"dmean2": 0, "median": 157, "min": 157, "dvar2": 0, "dvar": 0, "dmean": 0, "max": 157, "var": 0, "mean": 157}, "bpm_histogram_first_peak_spread": {"dmean2": 0, "median": 0.378980875015, "min": 0.378980875015, "dvar2": 0, "dvar": 0, "dmean": 0, "max": 0.378980875015, "var": 0, "mean": 0.378980875015}, "beats_loudness_band_ratio": {"dmean2": [0.378354817629, 0.238286569715, 0.142332747579, 0.0575876198709, 0.021375041455, 0.0102887237445], "median": [0.835660815239, 0.121515184641, 0.0320006087422, 0.0151724936441, 0.00273690279573, 0.000605226377957], "min": [0, 0, 0, 0, 0, 0], "dvar2": [0.0899679809809, 0.0573089122772, 0.027401432395, 0.00463089160621, 0.000806603347883, 0.0050265006721], "dvar": [0.0309049841017, 0.0180257000029, 0.00998005084693, 0.00162266683765, 0.000272708450211, 0.00266091059893], "dmean": [0.201361298561, 0.137369632721, 0.078424975276, 0.0319763310254, 0.0111987199634, 0.00661875447258], "max": [0.995932102203, 0.867131054401, 0.810923695564, 0.325922399759, 0.13187392056, 0.917348206043], "var": [0.0415044277906, 0.025216633454, 0.0098290424794, 0.00147885270417, 0.000190809761989, 0.00247709802352], "mean": [0.767774105072, 0.171845033765, 0.0713549107313, 0.0281656309962, 0.00792821869254, 0.00515977106988]}}, "lowlevel": {"barkbands_spread": {"dmean2": 3.61024069786, "median": 4.49933671951, "min": 0.103443957865, "dvar2": 45.4130783081, "dvar": 25.6614437103, "dmean": 2.41696476936, "max": 92.9449310303, "var": 92.4690933228, "mean": 6.92410326004}, "melbands_spread": {"dmean2": 4.11075401306, "median": 4.46357822418, "min": 0.175913006067, "dvar2": 77.9626083374, "dvar": 39.0141143799, "dmean": 2.73786950111, "max": 159.911117554, "var": 194.067657471, "mean": 7.70258140564}, "hfc": {"dmean2": 4.16798639297, "median": 6.48083782196, "min": 1.10298201789e-16, "dvar2": 50.8679504395, "dvar": 25.4322471619, "dmean": 2.93892264366, "max": 123.766304016, "var": 75.8428421021, "mean": 8.91869449615}, "barkbands_kurtosis": {"dmean2": 15.2729673386, "median": 11.3038053513, "min": -1.91667640209, "dvar2": 1249.52587891, "dvar": 542.566711426, "dmean": 9.88917446136, "max": 632.90814209, "var": 1371.71618652, "mean": 22.5769691467}, "gfcc": {"mean": [-106.750404358, 151.471725464, -84.8355636597, 20.7182865143, -49.0002593994, 1.73652136326, -40.7001647949, -10.8241434097, -27.4862117767, -8.83420467377, -18.9213085175, -13.1958169937, -11.618601799], "icov": [[0.000522846938111, -0.00152883818373, 0.000761625531595, -0.00143242720515, 0.00140679674223, -0.0013090352295, 0.0012928340584, -0.000894664204679, 0.00109138875268, -0.000528825563379, 0.000740323914215, -7.4533658335e-05, 0.000524844799656], [-0.00152883818373, 0.00597928091884, -0.0022814902477, 0.00508289318532, -0.00470844702795, 0.00447490531951, -0.00431705452502, 0.00338471261784, -0.00393920065835, 0.00257187057287, -0.0036398076918, 0.00156011304352, -0.00229198555462], [0.000761625531595, -0.0022814902477, 0.00267051672563, -0.00240060617216, 0.00145643332507, -0.00223234575242, 0.00168930902146, -0.00129714026116, 0.00130599644035, -0.000366479536751, 0.00142866850365, -0.000163764547324, 0.000491625629365], [-0.00143242720515, 0.00508289318532, -0.00240060617216, 0.00651286821812, -0.00426729815081, 0.00356695358641, -0.00337131298147, 0.00332043832168, -0.0035917237401, 0.0019360887818, -0.00213559227996, 0.000822373200208, -0.00158400821965], [0.00140679674223, -0.00470844702795, 0.00145643332507, -0.00426729815081, 0.0072328094393, -0.00402861088514, 0.0033235065639, -0.0015776809305, 0.00173936295323, -0.00147319596726, 0.00121278862935, 0.00112910359167, 0.000354354997398], [-0.0013090352295, 0.00447490531951, -0.00223234575242, 0.00356695358641, -0.00402861088514, 0.00838519167155, -0.00420983554795, 0.00148030463606, -0.00210316455923, 0.000484357879031, -0.00234913849272, -9.87327512121e-05, -0.000176119458047], [0.0012928340584, -0.00431705452502, 0.00168930902146, -0.00337131298147, 0.0033235065639, -0.00420983554795, 0.00757635664195, -0.00228581903502, 0.00326540088281, -0.00120664061978, 0.00140500115231, -0.000969610526226, 0.000713479472324], [-0.000894664204679, 0.00338471261784, -0.00129714026116, 0.00332043832168, -0.0015776809305, 0.00148030463606, -0.00228581903502, 0.00800526235253, -0.00430650124326, 0.00285002449527, -0.0029471248854, 0.000717920076568, -0.00155605655164], [0.00109138875268, -0.00393920065835, 0.00130599644035, -0.0035917237401, 0.00173936295323, -0.00210316455923, 0.00326540088281, -0.00430650124326, 0.0111989472061, -0.00500627513975, 0.00314250728115, -0.00128400733229, 0.000931441027205], [-0.000528825563379, 0.00257187057287, -0.000366479536751, 0.0019360887818, -0.00147319596726, 0.000484357879031, -0.00120664061978, 0.00285002449527, -0.00500627513975, 0.00780948065221, -0.00367265404202, 0.00179222342558, -0.00147372344509], [0.000740323914215, -0.0036398076918, 0.00142866850365, -0.00213559227996, 0.00121278862935, -0.00234913849272, 0.00140500115231, -0.0029471248854, 0.00314250728115, -0.00367265404202, 0.0108623206615, -0.00368852238171, 0.00405164062977], [-7.4533658335e-05, 0.00156011304352, -0.000163764547324, 0.000822373200208, 0.00112910359167, -9.87327512121e-05, -0.000969610526226, 0.000717920076568, -0.00128400733229, 0.00179222342558, -0.00368852238171, 0.0122486650944, -0.00332285417244], [0.000524844799656, -0.00229198555462, 0.000491625629365, -0.00158400821965, 0.000354354997398, -0.000176119458047, 0.000713479472324, -0.00155605655164, 0.000931441027205, -0.00147372344509, 0.00405164062977, -0.00332285417244, 0.0120053673163]], "cov": [[12807.6552734, 830.189941406, -1303.32470703, 396.505981445, -989.078613281, 199.336990356, -527.014343262, 165.033950806, -322.837921143, -121.631286621, 27.4233531952, -102.963165283, -238.544174194], [830.189941406, 1593.0559082, 115.390060425, -393.505065918, 375.449493408, -166.223068237, 190.540679932, -100.784355164, 65.7506713867, -67.6449127197, 147.993759155, -101.275375366, 81.9077224731], [-1303.32470703, 115.390060425, 799.473632812, 121.921791077, 218.331329346, 38.0484657288, 54.0178375244, -27.6295394897, 49.029258728, -32.6171340942, -34.6262435913, -21.6616096497, 47.5601997375], [396.505981445, -393.505065918, 121.921791077, 561.234008789, 26.9991760254, 37.8984031677, -67.4237823486, -41.9266433716, 18.5840320587, 13.597984314, -63.8289909363, -9.44871616364, -5.91692829132], [-989.078613281, 375.449493408, 218.331329346, 26.9991760254, 492.740966797, 0.0579104982316, 58.3211708069, -69.0759429932, 86.3256530762, 35.9840278625, 35.8673248291, -60.9834289551, 51.3135375977], [199.336990356, -166.223068237, 38.0484657288, 37.8984031677, 0.0579104982316, 247.217819214, 36.5313796997, 31.4177417755, -8.39650249481, 34.7817153931, 20.8686141968, 15.7701034546, -29.2372760773], [-527.014343262, 190.540679932, 54.0178375244, -67.4237823486, 58.3211708069, 36.5313796997, 277.461395264, -2.44340896606, -11.3898229599, -14.6040868759, 39.7061576843, 13.0183820724, 19.6106376648], [165.033950806, -100.784355164, -27.6295394897, -41.9266433716, -69.0759429932, 31.4177417755, -2.44340896606, 200.392501831, 22.5944652557, -18.8191699982, 15.4646682739, 19.0531845093, -6.24655389786], [-322.837921143, 65.7506713867, 49.029258728, 18.5840320587, 86.3256530762, -8.39650249481, -11.3898229599, 22.5944652557, 172.935180664, 79.3366775513, 3.70120573044, -7.86742925644, 20.9399414062], [-121.631286621, -67.6449127197, -32.6171340942, 13.597984314, 35.9840278625, 34.7817153931, -14.6040868759, -18.8191699982, 79.3366775513, 218.41835022, 41.8446235657, -8.23787689209, -2.33562850952], [27.4233531952, 147.993759155, -34.6262435913, -63.8289909363, 35.8673248291, 20.8686141968, 39.7061576843, 15.4646682739, 3.70120573044, 41.8446235657, 160.517852783, 20.1096878052, -24.8134937286], [-102.963165283, -101.275375366, -21.6616096497, -9.44871616364, -60.9834289551, 15.7701034546, 13.0183820724, 19.0531845093, -7.86742925644, -8.23787689209, 20.1096878052, 109.521224976, 11.6598463058], [-238.544174194, 81.9077224731, 47.5601997375, -5.91692829132, 51.3135375977, -29.2372760773, 19.6106376648, -6.24655389786, 20.9399414062, -2.33562850952, -24.8134937286, 11.6598463058, 112.405090332]]}, "spectral_energyband_middle_low": {"dmean2": 0.0119455652311, "median": 0.0127446930856, "min": 9.51234795915e-23, "dvar2": 0.000605818582699, "dvar": 0.000296487589367, "dmean": 0.00829748157412, "max": 0.360313653946, "var": 0.000646983040497, "mean": 0.0204460434616}, "melbands_crest": {"dmean2": 4.44763088226, "median": 19.905582428, "min": 1.70209217072, "dvar2": 22.6508045197, "dvar": 9.68354511261, "dmean": 2.86849689484, "max": 34.3044319153, "var": 43.7910118103, "mean": 20.2893333435}, "spectral_kurtosis": {"dmean2": 12.2752275467, "median": 14.872171402, "min": -1.26506507397, "dvar2": 170.473602295, "dvar": 70.7312316895, "dmean": 7.57045888901, "max": 109.805877686, "var": 294.064086914, "mean": 20.276966095}, "spectral_rms": {"dmean2": 0.00127766397782, "median": 0.00491707818583, "min": 3.14165967547e-12, "dvar2": 2.45998353421e-06, "dvar": 1.26091003949e-06, "dmean": 0.000917559373192, "max": 0.0187979899347, "var": 5.11051803187e-06, "mean": 0.00512067833915}, "zerocrossingrate": {"dmean2": 0.00585826393217, "median": 0.01611328125, "min": 0.00439453125, "dvar2": 0.00014400674263, "dvar": 0.000112854977488, "dmean": 0.00496870977804, "max": 0.5654296875, "var": 0.0022761230357, "mean": 0.0246409159154}, "silence_rate_60dB": {"dmean2": 0.032155316323, "median": 0, "min": 0, "dvar2": 0.0353711210191, "dvar": 0.0158174484968, "dmean": 0.016075219959, "max": 1, "var": 0.0428677611053, "mean": 0.0448824875057}, "erbbands_kurtosis": {"dmean2": 3.41680026054, "median": 0.822589874268, "min": -1.85702931881, "dvar2": 68.6932525635, "dvar": 31.3141136169, "dmean": 2.16651725769, "max": 150.676223755, "var": 83.5793914795, "mean": 3.33454489708}, "erbbands": {"dmean2": [0.00702554546297, 0.410237640142, 5.32563591003, 16.7488994598, 24.2108860016, 7.87799692154, 10.5658502579, 9.95851230621, 12.4617033005, 13.0551795959, 8.70210933685, 5.63564348221, 10.7018728256, 7.37634897232, 5.93372583389, 13.0993328094, 8.09876823425, 3.0571782589, 4.10921812057, 2.42076086998, 3.20789337158, 4.78747272491, 3.51401543617, 2.85616159439, 1.23365318775, 0.635426223278, 1.07079386711, 1.56281232834, 2.30588746071, 1.05133914948, 0.597317576408, 0.263951033354, 0.206591650844, 0.108867712319, 0.0606179460883, 0.0256307478994, 0.0031526144594, 0.000320799852489, 1.48662247739e-05, 1.8448150513e-05], "median": [0.00426550582051, 0.220131158829, 4.27026987076, 12.6029500961, 9.72420597076, 5.84423685074, 9.59027767181, 7.66433620453, 5.30798721313, 4.95970153809, 3.48244547844, 2.42583799362, 2.23823952675, 2.42110729218, 1.87177085876, 2.39395809174, 2.01624965668, 1.08578622341, 1.19847881794, 1.23980379105, 0.905874967575, 0.573139369488, 0.288104891777, 0.349197894335, 0.273699402809, 0.166783034801, 0.127433925867, 0.0972090512514, 0.088348634541, 0.031923096627, 0.0282214116305, 0.020731151104, 0.0164319332689, 0.00786476302892, 0.0041828379035, 0.00151470769197, 0.000307058508042, 4.37690214312e-05, 1.43308234328e-05, 2.83218523691e-05], "min": [1.31266921634e-22, 1.3548481322e-21, 3.82723787069e-21, 6.38518163171e-21, 6.50323823814e-21, 1.82879665263e-20, 4.57284765041e-20, 9.67203484824e-20, 1.33783604007e-19, 1.51780546745e-19, 2.56945459316e-19, 4.2858548812e-19, 8.82764047789e-19, 8.48982198368e-19, 7.83204537564e-19, 1.57879310627e-18, 1.49237175741e-18, 2.52941987869e-18, 3.46312419015e-18, 2.96388077901e-18, 5.22644392028e-18, 4.10520142715e-18, 7.29033151332e-18, 7.38770804221e-18, 8.46634742507e-18, 8.6987512628e-18, 1.03329598866e-17, 1.04827904197e-17, 1.05485934646e-17, 1.22683813675e-17, 1.23430501342e-17, 1.1257076968e-17, 1.01744116971e-17, 9.67473753164e-18, 6.85117429508e-18, 4.75474293521e-18, 2.45270487394e-18, 1.18844647181e-18, 2.31825690173e-19, 2.59482503034e-20], "dvar2": [0.000237278552959, 0.661468327045, 94.7733764648, 899.905578613, 4590.65722656, 266.803070068, 488.936584473, 688.652160645, 1215.29040527, 1406.31628418, 685.911071777, 293.974395752, 4643.828125, 550.185913086, 377.729888916, 5977.26416016, 589.907409668, 77.5542373657, 172.887420654, 81.3964614868, 305.876617432, 1301.3527832, 968.014404297, 973.241638184, 52.0491905212, 6.78744792938, 16.0679607391, 66.2793884277, 223.385482788, 43.1494827271, 12.1884126663, 1.74140560627, 0.976350843906, 0.306159257889, 0.108483582735, 0.0351055338979, 0.000417108647525, 3.41613531418e-06, 2.45774134378e-09, 8.4707996173e-10], "dvar": [9.864212916e-05, 0.335914641619, 41.9120941162, 410.732452393, 2134.34863281, 129.667205811, 220.486785889, 331.803863525, 627.375854492, 675.546813965, 390.910461426, 163.514328003, 1620.03515625, 219.776107788, 160.003433228, 2073.60668945, 238.439239502, 36.7552757263, 69.6675033569, 31.2474250793, 117.346832275, 550.070617676, 423.693023682, 519.362060547, 27.0170955658, 3.02233791351, 6.86597728729, 31.7424297333, 95.9832229614, 18.5812854767, 5.53925514221, 0.926167368889, 0.440223872662, 0.161504462361, 0.0523585379124, 0.0143650118262, 0.000182281874004, 1.34916354e-06, 1.02242636579e-09, 4.07098355026e-10], "dmean": [0.00471860449761, 0.291942298412, 3.6335144043, 11.0868206024, 16.4679470062, 5.34807872772, 7.12471103668, 6.92704439163, 8.4641866684, 8.95920848846, 6.35146474838, 4.06069898605, 6.22905254364, 4.73029470444, 3.85234212875, 7.80926561356, 5.11317157745, 2.03980755806, 2.60816240311, 1.53535079956, 2.00302529335, 3.05327439308, 2.21282100677, 2.03767561913, 0.85013961792, 0.424223423004, 0.670663356781, 1.06039178371, 1.4868824482, 0.687169969082, 0.397494494915, 0.182239279151, 0.136739060283, 0.0743872150779, 0.0412317737937, 0.0167655348778, 0.00210000993684, 0.000202289782465, 9.95039044938e-06, 1.29011032186e-05], "max": [0.243988096714, 9.18994045258, 107.258155823, 281.988647461, 1098.44689941, 244.837249756, 504.226318359, 518.737915039, 829.102539062, 584.008544922, 995.86340332, 395.487548828, 855.42565918, 296.985900879, 391.976409912, 1072.72875977, 454.473846436, 131.914520264, 121.027565002, 232.367767334, 467.798492432, 903.671508789, 1035.01672363, 1629.61791992, 243.792144775, 65.308807373, 89.7003860474, 175.958847046, 354.024261475, 113.096382141, 62.9999580383, 28.0321960449, 21.4595909119, 13.8485851288, 7.34373283386, 4.7265458107, 0.547985613346, 0.0503347627819, 0.00114649999887, 0.000395241513615], "var": [0.000434611254605, 1.31301558018, 130.430831909, 819.528198242, 3775.0871582, 448.864227295, 692.362609863, 1058.81359863, 1802.22680664, 2070.49511719, 1547.9498291, 722.870117188, 1073.79248047, 440.814605713, 362.277252197, 1635.6619873, 452.093200684, 114.816268921, 125.749816895, 48.9203643799, 134.930404663, 614.361328125, 511.088409424, 877.508117676, 41.8890304565, 4.87981653214, 10.1610116959, 63.4894599915, 172.756286621, 42.3692512512, 12.5822725296, 2.5135641098, 1.02634513378, 0.378162622452, 0.102558322251, 0.0230978503823, 0.000331301387632, 2.03459080694e-06, 1.71062053411e-09, 9.95569182649e-10], "mean": [0.0126960305497, 0.692933738232, 8.38230514526, 21.9710483551, 28.9872646332, 12.5740222931, 18.7391872406, 18.660200119, 18.7381973267, 21.2995243073, 15.5065565109, 11.0584850311, 8.9719877243, 11.0799198151, 8.64798259735, 12.7817182541, 10.6134204865, 4.33769845963, 5.58046674728, 3.3335621357, 3.02672100067, 3.73569941521, 2.5299680233, 2.59248018265, 1.25724637508, 0.704455316067, 0.827337026596, 1.38918471336, 2.03160262108, 0.999722421169, 0.5912322402, 0.284781932831, 0.210102528334, 0.11414951086, 0.0587019734085, 0.0229488071054, 0.00289542693645, 0.000261712557403, 2.25280164159e-05, 3.60220983566e-05]}, "spectral_strongpeak": {"dmean2": 0.442776441574, "median": 0.631020724773, "min": 0, "dvar2": 0.34535613656, "dvar": 0.150388032198, "dmean": 0.271805047989, "max": 9.59398937225, "var": 0.31554543972, "mean": 0.765472054482}, "spectral_energy": {"dmean2": 0.0166078265756, "median": 0.0247821006924, "min": 1.01167751285e-20, "dvar2": 0.000711960718036, "dvar": 0.000342578452546, "dmean": 0.011612219736, "max": 0.36219856143, "var": 0.000824536546133, "mean": 0.0321152061224}, "average_loudness": 0.921791732311, "spectral_rolloff": {"dmean2": 280.873382568, "median": 322.998046875, "min": 129.19921875, "dvar2": 635379.125, "dvar": 321498.71875, "dmean": 163.055450439, "max": 19939.7460938, "var": 3207818, "mean": 651.249938965}, "spectral_centroid": {"dmean2": 164.743347168, "median": 351.367645264, "min": 127.050918579, "dvar2": 126727.9375, "dvar": 73267.671875, "dmean": 110.254386902, "max": 11689.4306641, "var": 690466.375, "mean": 501.928192139}, "pitch_salience": {"dmean2": 0.102482676506, "median": 0.423562705517, "min": 0.0474426671863, "dvar2": 0.0111402273178, "dvar": 0.00486994767562, "dmean": 0.0661291778088, "max": 0.947459757328, "var": 0.0212256740779, "mean": 0.42058134079}, "spectral_energyband_middle_high": {"dmean2": 0.000922778039239, "median": 0.000728511076886, "min": 1.22453618664e-21, "dvar2": 8.10820893093e-06, "dvar": 3.15533861794e-06, "dmean": 0.000595482764766, "max": 0.0364356078207, "var": 4.4380685722e-06, "mean": 0.00136988423765}, "spectral_contrast_coeffs": {"dmean2": [0.0743052214384, 0.0663696601987, 0.0582323223352, 0.0492469295859, 0.0392779931426, 0.0330286957324], "median": [-0.482496112585, -0.653097808361, -0.738713502884, -0.747100114822, -0.78111577034, -0.792742729187], "min": [-0.986742854118, -0.971385598183, -0.976978302002, -0.972085595131, -0.967509627342, -0.961964607239], "dvar2": [0.0040930332616, 0.00351044349372, 0.00279889511876, 0.00169971794821, 0.00116323924158, 0.00103016092908], "dvar": [0.00170285149943, 0.00156113842968, 0.00117589079309, 0.000736806599889, 0.000514884945005, 0.00047194713261], "dmean": [0.0457796193659, 0.0421078912914, 0.0365247167647, 0.0309046804905, 0.0254406295717, 0.0220359414816], "max": [-0.234875574708, -0.345494031906, -0.459903895855, -0.539236605167, -0.584009170532, -0.602286875248], "var": [0.0102581689134, 0.00952269136906, 0.00616020755842, 0.00451450468972, 0.00305422674865, 0.00262752058916], "mean": [-0.488239377737, -0.647013008595, -0.736251175404, -0.747846364975, -0.7806250453, -0.788292050362]}, "melbands_skewness": {"dmean2": 1.35130250454, "median": 3.41802167892, "min": -0.689925134182, "dvar2": 2.90299034119, "dvar": 1.30324625969, "dmean": 0.902527809143, "max": 19.660490036, "var": 5.23029232025, "mean": 3.86678147316}, "spectral_spread": {"dmean2": 850948.8125, "median": 2719920, "min": 808633.25, "dvar2": 1530364559360.0, "dvar": 857361416192, "dmean": 552657.4375, "max": 42419252, "var": 8930800435200.0, "mean": 3182807.5}, "dissonance": {"dmean2": 0.0526717342436, "median": 0.404956996441, "min": 0.160079658031, "dvar2": 0.00234185834415, "dvar": 0.000895666424185, "dmean": 0.0323206819594, "max": 0.499999970198, "var": 0.00335561833344, "mean": 0.397507071495}, "spectral_skewness": {"dmean2": 0.991935372353, "median": 3.0531103611, "min": -0.221857130527, "dvar2": 0.877834022045, "dvar": 0.391887009144, "dmean": 0.629472076893, "max": 9.02626228333, "var": 2.01910662651, "mean": 3.28843188286}, "spectral_flux": {"dmean2": 0.0454457737505, "median": 0.0468254238367, "min": 6.39171632288e-11, "dvar2": 0.00321708805859, "dvar": 0.0012937738793, "dmean": 0.0283928476274, "max": 0.430157721043, "var": 0.00233892351389, "mean": 0.0597364865243}, "spectral_contrast_valleys": {"dmean2": [0.714339911938, 0.596696317196, 0.578948318958, 0.592236459255, 0.58870857954, 0.509499490261], "median": [-7.9404630661, -7.61694908142, -8.45712757111, -9.11795043945, -9.5226316452, -12.0581254959], "min": [-28.1838779449, -27.7361907959, -27.7034931183, -27.5206184387, -27.4757061005, -27.386384964], "dvar2": [0.404351532459, 0.32961127162, 0.312637627125, 0.352453589439, 0.386428326368, 0.337727546692], "dvar": [0.198390930891, 0.172013252974, 0.169907718897, 0.181681588292, 0.21032114327, 0.196739837527], "dmean": [0.445906996727, 0.378598541021, 0.37304776907, 0.386875241995, 0.399364084005, 0.352757573128], "max": [-5.65580368042, -4.61306476593, -5.5024023056, -6.61293697357, -5.78079795837, -8.10043048859], "var": [3.17225337029, 3.34108018875, 2.8885409832, 2.5298435688, 2.49466538429, 2.2654364109], "mean": [-8.11817932129, -7.72196149826, -8.63889122009, -9.28589916229, -9.63245105743, -12.0305013657]}, "erbbands_flatness_db": {"dmean2": 0.0290508102626, "median": 0.230123788118, "min": 0.0618608146906, "dvar2": 0.00109526677988, "dvar": 0.000509844219778, "dmean": 0.0196782648563, "max": 0.486887156963, "var": 0.00253549846821, "mean": 0.232462406158}, "spectral_energyband_high": {"dmean2": 0.000113883797894, "median": 1.29794880195e-05, "min": 7.1065655208e-21, "dvar2": 2.48822743742e-07, "dvar": 1.38115140658e-07, "dmean": 8.00615089247e-05, "max": 0.00914286728948, "var": 4.18527406509e-07, "mean": 0.000130906584673}, "spectral_entropy": {"dmean2": 0.43015474081, "median": 6.14992141724, "min": 3.16995000839, "dvar2": 0.239786580205, "dvar": 0.120019547641, "dmean": 0.290015786886, "max": 9.8111743927, "var": 0.633667290211, "mean": 6.14588785172}, "silence_rate_20dB": {"dmean2": 0, "median": 1, "min": 1, "dvar2": 0, "dvar": 0, "dmean": 0, "max": 1, "var": 0, "mean": 1}, "melbands_flatness_db": {"dmean2": 0.0490397326648, "median": 0.371292799711, "min": 0.00395753746852, "dvar2": 0.0028132237494, "dvar": 0.00142152782064, "dmean": 0.034204185009, "max": 0.7485242486, "var": 0.00949011091143, "mean": 0.373073458672}, "barkbands": {"dmean2": [8.51494951348e-06, 0.00108844600618, 0.00592600787058, 0.00820479635149, 0.0036620197352, 0.00135821825825, 0.000955060939305, 0.000477311114082, 0.000280872453004, 0.000348220084561, 0.000109056119982, 0.000334841402946, 0.000154337729327, 5.28071614099e-05, 8.04498777143e-05, 4.92267063237e-05, 8.32762743812e-05, 6.58833305351e-05, 4.25151774834e-05, 1.37632478072e-05, 3.35056465701e-05, 5.53853533347e-05, 2.30996120081e-05, 1.20029781101e-05, 8.72784858075e-06, 3.35775439453e-06, 7.09371974494e-08], "median": [1.4681210132e-06, 0.000429533072747, 0.00448747351766, 0.00420287437737, 0.00220453413203, 0.001057420508, 0.000372673850507, 0.000134767702548, 8.42256922624e-05, 8.18570697447e-05, 2.11238839256e-05, 4.52172535006e-05, 3.28128990077e-05, 1.07376845335e-05, 2.63999027084e-05, 1.40250594995e-05, 9.95114714897e-06, 3.88470425605e-06, 6.54120231047e-06, 2.84811699203e-06, 2.94256528832e-06, 2.09082213587e-06, 9.33692604121e-07, 1.06157744995e-06, 6.47021465738e-07, 2.2237821895e-07, 9.17809916956e-09], "min": [1.53040445423e-24, 5.06298580922e-24, 1.518524209e-24, 7.23442642503e-25, 5.86360784167e-24, 1.34150056782e-23, 9.41170303383e-24, 7.58882534215e-24, 1.75065226932e-23, 1.68176972394e-23, 1.79340632158e-23, 3.36895229587e-23, 2.70620721466e-23, 5.58640117295e-23, 3.51711141792e-23, 9.12000262369e-23, 5.32338169428e-23, 9.30233299134e-23, 1.63614346069e-22, 1.73999680953e-22, 2.42653664933e-22, 3.37393713948e-22, 4.75407819703e-22, 5.41889836108e-22, 9.51267801856e-22, 1.26430669122e-21, 1.82388579281e-21], "dvar2": [5.82127734905e-10, 5.55625774723e-06, 0.000113909482025, 0.000304304267047, 0.000103943275462, 1.17782783491e-05, 7.08476136424e-06, 1.95467873709e-06, 7.85966392414e-07, 3.34538890456e-06, 1.13168447058e-07, 3.42419730259e-06, 1.73048263719e-07, 2.30602896778e-08, 7.00896407579e-08, 5.91481601475e-08, 3.72282613625e-07, 4.09744046692e-07, 1.70824037582e-07, 4.2850389903e-09, 2.20494289493e-08, 1.22005218373e-07, 1.88267925694e-08, 3.15008263918e-09, 2.04000860649e-09, 5.80483439094e-10, 2.04244024579e-13], "dvar": [2.68915445467e-10, 2.69346060122e-06, 4.55928711744e-05, 0.000149567073095, 4.85391974507e-05, 5.26696749148e-06, 3.62982132174e-06, 1.02879641872e-06, 3.90296150954e-07, 1.17276147193e-06, 6.23050198101e-08, 1.19078117677e-06, 7.51198712123e-08, 1.15768408193e-08, 2.71913851435e-08, 2.18500861848e-08, 1.60449133091e-07, 1.95262956026e-07, 7.73018271616e-08, 1.7402805863e-09, 9.94152138389e-09, 5.33639514799e-08, 8.37812308419e-09, 1.53732104824e-09, 1.08102538032e-09, 2.36142827514e-10, 7.44540063283e-14], "dmean": [5.13562417837e-06, 0.000779459543992, 0.0039056034293, 0.00555388024077, 0.00248639495112, 0.000929589965381, 0.000647718494292, 0.000336179189617, 0.000196079636225, 0.00020778326143, 7.37245281925e-05, 0.000200649505132, 9.85963852145e-05, 3.52323586412e-05, 5.06245378347e-05, 3.01945347019e-05, 5.36912921234e-05, 4.22995071858e-05, 2.70735363301e-05, 8.92812840902e-06, 2.1310932425e-05, 3.63436265616e-05, 1.52016082211e-05, 7.99647932581e-06, 6.09281505604e-06, 2.15668887904e-06, 4.14855669817e-08], "max": [0.00051703536883, 0.024609869346, 0.105625763535, 0.207040578127, 0.175513803959, 0.0847716331482, 0.0508153922856, 0.0394433289766, 0.0159481316805, 0.0232746750116, 0.0106555502862, 0.0247510261834, 0.00908315274864, 0.00242526945658, 0.00453915586695, 0.00621375720948, 0.0147760622203, 0.023971375078, 0.015393126756, 0.0018958542496, 0.00329148164019, 0.00668566767126, 0.00233115139417, 0.0011080262484, 0.00100006535649, 0.000634194118902, 7.57388124839e-06], "var": [3.41985412211e-10, 1.05915578388e-05, 0.000121192773804, 0.000292317359708, 0.000114270100312, 1.56690475706e-05, 1.06891193354e-05, 4.54705241282e-06, 1.32568720801e-06, 8.75908881426e-07, 1.94148114474e-07, 9.61813384492e-07, 1.67973041698e-07, 4.20592627393e-08, 4.2438099257e-08, 2.23119034359e-08, 1.86008705327e-07, 2.49113782047e-07, 1.02734119878e-07, 2.24561347295e-0