{"tonal": {"thpcp": [1, 0.645659506321, 0.274872303009, 0.171838730574, 0.140267819166, 0.225729063153, 0.340301066637, 0.271353632212, 0.190206125379, 0.190989166498, 0.156715035439, 0.184211850166, 0.230763107538, 0.19276304543, 0.311930656433, 0.428230494261, 0.273274689913, 0.15932649374, 0.153551027179, 0.168663665652, 0.438751488924, 0.746320724487, 0.575850188732, 0.28827086091, 0.183533355594, 0.129797771573, 0.157760605216, 0.197437852621, 0.179452866316, 0.224390119314, 0.2594217062, 0.180698722601, 0.182585150003, 0.247028455138, 0.302438765764, 0.69896709919], "hpcp": {"dmean2": [0.361152291298, 0.322358071804, 0.230843812227, 0.177252575755, 0.148315787315, 0.158877715468, 0.190732240677, 0.177041977644, 0.152160987258, 0.134255096316, 0.121673680842, 0.127948507667, 0.148736909032, 0.135833844543, 0.154468894005, 0.169972300529, 0.162970811129, 0.145432084799, 0.146432623267, 0.166154742241, 0.260543912649, 0.324963897467, 0.308224022388, 0.279061257839, 0.205603003502, 0.139477416873, 0.126344352961, 0.129565387964, 0.13115952909, 0.137206688523, 0.133957207203, 0.127484306693, 0.158260598779, 0.191313296556, 0.244687378407, 0.349261730909], "median": [0.334436774254, 0.204571098089, 0.0368869639933, 0.0208605919033, 0.0179712735116, 0.0386110842228, 0.0650480166078, 0.0547312647104, 0.0230945311487, 0.0206576157361, 0.0206073187292, 0.039597760886, 0.0497780069709, 0.0421444475651, 0.0491242930293, 0.0433171615005, 0.031257390976, 0.0253091100603, 0.0193613767624, 0.0186467971653, 0.10453915596, 0.21949891746, 0.158526703715, 0.0375737771392, 0.0180226992816, 0.0156359095126, 0.0246026162058, 0.0332189761102, 0.0334541723132, 0.0345217213035, 0.0284980684519, 0.0196935590357, 0.0261062737554, 0.0361737050116, 0.0499239750206, 0.216956883669], "min": [0, 0, 0, 0, 0, 0, 0, 0, 0, 0, 0, 0, 0, 0, 0, 0, 0, 0, 0, 0, 0, 0, 0, 0, 0, 0, 0, 0, 0, 0, 0, 0, 0, 0, 0, 0], "dvar2": [0.161307394505, 0.128509670496, 0.117857784033, 0.103292532265, 0.0865113660693, 0.07855591923, 0.0817922875285, 0.0758691877127, 0.0810042396188, 0.0686013326049, 0.0582482665777, 0.0550415441394, 0.0653847977519, 0.0530009679496, 0.0650872141123, 0.0832971036434, 0.079824604094, 0.0761008486152, 0.0829776376486, 0.0880508720875, 0.112125262618, 0.135841712356, 0.125662237406, 0.162418782711, 0.125964298844, 0.0817939937115, 0.0687265843153, 0.0627290308475, 0.0655843019485, 0.0672855079174, 0.065734282136, 0.0624430216849, 0.0839169323444, 0.102569378912, 0.122780740261, 0.141332745552], "dvar": [0.070644557476, 0.0494666881859, 0.0453416146338, 0.0378308296204, 0.0309285018593, 0.0285883508623, 0.0319670848548, 0.0279912315309, 0.0297715291381, 0.026102649048, 0.0218077655882, 0.0207066908479, 0.024963831529, 0.0199379976839, 0.0241421423852, 0.0340327210724, 0.0294228717685, 0.0274789817631, 0.0298910345882, 0.031632874161, 0.0419969856739, 0.0571258626878, 0.0490718111396, 0.0613784603775, 0.0459901280701, 0.0292548593134, 0.0246490482241, 0.0237022191286, 0.02398798801, 0.0252186954021, 0.02610062249, 0.0228116884828, 0.0313235558569, 0.0391735732555, 0.045624487102, 0.0541201718152], "dmean": [0.210560202599, 0.186550751328, 0.131262645125, 0.0972721129656, 0.0809769704938, 0.0904998481274, 0.112427182496, 0.102619633079, 0.0855972394347, 0.0765641182661, 0.0684212967753, 0.0734846293926, 0.0865016281605, 0.0783750638366, 0.0900967642665, 0.100244224072, 0.0930439159274, 0.0800999626517, 0.0806028321385, 0.0914482325315, 0.151327654719, 0.193787649274, 0.180508047342, 0.155555456877, 0.111572995782, 0.075677536428, 0.0711028501391, 0.0743805840611, 0.0742433518171, 0.0791344940662, 0.0777269676328, 0.0723230242729, 0.0884408801794, 0.108774587512, 0.137502014637, 0.205553278327], "max": [1, 1, 1, 1, 1, 1, 1, 1, 1, 1, 1, 1, 1, 1, 1, 1, 1, 1, 1, 1, 1, 1, 1, 1, 1, 1, 1, 1, 1, 1, 1, 1, 1, 1, 1, 1], "var": [0.157050967216, 0.0832716152072, 0.0465509593487, 0.0280702318996, 0.0214007087052, 0.0289473179728, 0.049020614475, 0.0320613607764, 0.0315013900399, 0.0368785560131, 0.0236035846174, 0.0199563466012, 0.0277496166527, 0.0190182868391, 0.0439701192081, 0.094857186079, 0.0396304130554, 0.0205535870045, 0.022803587839, 0.0256401654333, 0.0562034696341, 0.108398497105, 0.0732825547457, 0.0523936413229, 0.032858595252, 0.0205214656889, 0.0221724119037, 0.0284920185804, 0.0233458094299, 0.0347769670188, 0.0560318492353, 0.0269845873117, 0.0278513263911, 0.0411159731448, 0.0477760992944, 0.0927298292518], "mean": [0.459690272808, 0.296803385019, 0.126356124878, 0.0789925903082, 0.0644797533751, 0.103765457869, 0.156433090568, 0.124738626182, 0.0874359086156, 0.0877958610654, 0.0720403790474, 0.0846803933382, 0.106079556048, 0.0886112973094, 0.143391489983, 0.196853399277, 0.125621721148, 0.0732408389449, 0.0705859139562, 0.077533043921, 0.20168979466, 0.343076378107, 0.264712721109, 0.132515311241, 0.0843684971333, 0.059666775167, 0.0725210160017, 0.0907602608204, 0.0824927389622, 0.103149957955, 0.119253635406, 0.0830654427409, 0.0839326158166, 0.113556578755, 0.139028161764, 0.321308374405]}, "tuning_equal_tempered_deviation": 0.0346050038934, "chords_changes_rate": 0.0392538532615, "key_key": "A", "tuning_diatonic_strength": 0.663628458977, "key_scale": "major", "chords_number_rate": 0.00113544205669, "tuning_frequency": 440.763122559, "tuning_nontempered_energy_ratio": 0.679125487804, "chords_histogram": [49.6512565613, 0.113544203341, 11.6139497757, 0.0162205994129, 0, 0, 0, 0, 0, 0.0973236039281, 0, 0.0162205994129, 0, 0.519059181213, 0.98945659399, 7.68856430054, 0.113544203341, 12.6520681381, 0.502838611603, 0.697485804558, 7.51013803482, 0.0811030045152, 3.94160580635, 3.79562044144], "key_strength": 0.790861129761, "chords_key": "A", "chords_strength": {"dmean2": 0.00871147960424, "median": 0.557135879993, "min": -1, "dvar2": 0.000666041800287, "dvar": 0.00035544790444, "dmean": 0.00869571603835, "max": 0.827093183994, "var": 0.0132490601391, "mean": 0.550680696964}, "chords_scale": "major", "hpcp_entropy": {"dmean2": 1.09085321426, "median": 2.00492143631, "min": 0, "dvar2": 0.807397484779, "dvar": 0.316184341908, "dmean": 0.652376890182, "max": 4.55780029297, "var": 0.647507190704, "mean": 1.99241983891}}, "metadata": {"audio_properties": {"equal_loudness": 0, "codec": "mp3", "downmix": "mix", "sample_rate": 44100, "analysis_sample_rate": 44100, "bit_rate": 192017, "md5_encoded": "fe957f81d20decf853032552b0be878f", "length": 286.249786377, "replay_gain": -5.56425666809, "lossless": false}, "version": {"essentia_build_sha": "2d9f1f26377add8aeb1075a9c2973f962c4f09fd", "essentia": "2.1-beta2", "extractor": "music 1.0", "essentia_git_sha": "v2.1_beta2-1-ge3940c0"}, "tags": {"title": ["Bad Chardonnay"], "barcode": ["600753713037"], "language": ["eng"], "musicbrainz_recordingid": ["012c93e1-b4dc-400a-b8e5-02126edf1ffb"], "musicbrainz_albumartistid": ["f9227504-4fa5-44ee-b205-5301a1f86936"], "discnumber": ["03"], "bpm": ["145.42"], "catalognumber": ["UMC 5371303"], "musicbrainz album type": ["Album", "Compilation", "Live"], "musicbrainz album release country": ["GB"], "file_name": "Graham Parker & The Figgs - Bad Chardonnay.mp3", "acoustid_fingerprint": ["AQADtMquPNmQY-cKfXrw_cEf_MGTD_5x9fiHjdGRU8aPF9QVHy_yCp-g5UMeeBKPHr-MevzAxD2uU8i3D1qO8EH9onmOvCku5YE8QQvHBH12_OgPc1k-1D5OaFa2EeaKUC-OeFtpXLlC_IXe4pKFJpJolDZ0OniO84gkOoeP67C0JeiPI7SKhtQl_NCJaHy0gdePWy4aN8bk5fhw5EO3Qw8b_MXzENuP8FJ0XNKFH-3BB300HBe-RRmDRiiPXMc_aD-mrAueBxeHbkbzLMd-XE6hX8WD_kSu42cMOxFc4duDLLkk4oN0VJwOOxd8dObxPdD3wV-OG9fRnEfLBfKko6TQWIuPmTQaQnuGL0yDwxVF7FFiXEdzBu09XIceo3mgSTyuB33QqD5e5Efz6KhV47Aa5JPxD1omoU-WUDh9dBeaiFnw0dB7MNmmoBZV5PAd_KiPMMqiId41PGjMEGcIln3wBz7yQE_h44nyQFF-HO_h4w30IX4T9FfQWECeBglJxcaFJxJ-VseToHkulPpwDbmUH0m94_nxtUOVKWtifNlwOUfD8ZiPL46GdCWkLQmPbk_Q7EKs49PxXPjReEN99IEZ9QKj3gg35WiyScFlSD2DSsrQaIoUfE_QfCjOiXiWKUbDnMZ0_Gh3bOsC3WhSIY-P0_jRFH2wW0Iz_eiUMDmSivGQH18y1MrQ-Jh19A_CJAplqHq2IHsCOzz2FQ-aFWUQt-mM_0F_NGOiQ5t0-IwH5cdPlCR6GCfTFU8mtIfU40kU4d5R67Ca0DjEZRdidXFwShL4w2JC_MX_YSoffGGKQ9HRHNc9XJscohnjoW8wS0HYQ5fCMEG-oyn2Zcf5BLclfAijHS2fDOpTNKfQRvmG_EE7pmjCrTiNawz4CrGY4IdiRcf3oxKP7YuGShfx5HiMP0mHyp_A5EeV8Nj6QFeKhg90PngO58ej6LiN8HLQHPmDK_rQGJW0Gjp6bNNRJ5nxQ7viCFQ-o-EFXX7xpdHwB82PPiOH33hq1Cu0vBhf4VpxZ0dk1IH7w-PxCJd8NOIUR_gQLmR-OM6hC9fx5YBIPXiP6C4m3Dv-oHmPMsN1hB-0aBsittHwHr3woLmAOtGKMJEEOVn0I8yP6Rqa8EJP9MmOiy1yNBzz4sMPRR_8HOJ2_MhzWPXRBzdJ9EJzzJ6D8Omhh0FOHmYWHGcTB9SNSxHyQxx7fDxOHf6RNzlapsP5IP4Hxjp8vNC5Y_zh40qW4xzEB2V1NHxe-DRCNTjxIVVz_Omg2MKPdgjzYNcRUhFhGYffQptzPOLRjDvacLiUD--GPpkkWCWqQ3nm40epEeaU4xSabImCH_qJPsUzI62O16il4Uny4DWeXUcPhzryEw_qC_fBdJEuQYwvdA800S7cJDf8Cz2-w8-Df3jCoJc-hEG2aMGh6xF-PDNCqzG8I1ZubLqhUhLsZMHhyMeXYVOnEjUPfWg-C91xXyiZo_GhL8YbKT0aPUef45uu4mjW4VUEuQ8ciuiVCCeePsKvQ3vhMVEGRos-PEeYHwxZDXmO99ijHI0eQzuNSkEzSjm0VONQ54gtxfgRRj0m_dCl4qmPnEfRnAi1sJPgDXWDXhJ-tNFxJRfe7EP1rvAP7Rnm4b2RD1MeF_3RhDnBLDo-oclzXHCY7HhyD55ehI2P58eT-ah8aHmO8_g09IMVZii9gu_RZznE_oD1H9Uyog9XpKPOIaQUfKhWiN3R4U2HfLzBePCPPA7ELRzORSZywt8D6pIRUriSXJC9D9ULP0fP44e-4XwQ5svRK0nEomIQRsqhfsblo3YOZ0mCLN2F7OhT6OgZY4-Gi0bzB11D6MSPLz687bhy9BemXDm062gmI_NanIk-_ER1NHW0Gbcu9Dk8hujRuD9Ci4H2HZ8umEf-48qFw9N4hD_oo9dxyhG6KQfPyLh0VGfRnCT045mDPT-ah6gu48nRH9YT9Bf6ZCZcp0Z_TD-aLzkkf_iFLnJ8TNm048eJf-gP_UdoPfiDeS8abTOq48wDHj1yEm0UCdfx5PgUJkUj1F2Pyh_8BT-klA9-NBWTo6qGH2eO3vAP8TTahZOO_MT1BHUSDc7W4ysYPMGXUUAexQwqLXyhUyl8hA97nA-aDKGP99CVB-GJRpESBX_wo1mjoA-R-YL2HY0UpXjQ6_BzXMRXQ8yjIzyDF30eON4Kxi9eotGUBb3kBF9MhOkG7Tl-5D0aZ0Efo0fKEZUmJcW1B-UDLZx0_AHDG02kNFCTHPou9IaWKgs-XNrRLocvPEYTKmB3dPvRXMY-fC5-fEGnMUZzPbiy4xMPLdUxkQzyKejR-EQp8cGUjIuDH9WPhmNEPNfxMEHOQ084Bfkyoc_hMMmMUnrQsBJRdjmaH-HmEHKlBfOSI7uO72i5iEg1Ha0aXJmJHz0kcaGI98L1w2mPP5WgiTzadEZ6dE0WBj_K54ItxF8gPgWnn8hx9rCOUCMP_Wg4InxRNTlS5libQ1TIeAh5Ct3xHJWjI5egn_i1Io9yoRl1VI-Mf8Up6eiT437QKzumRB-65CHiG_yO5vmgUS6qyUajHT8LhmQqpA9-oQ4-Hs3R4wf9bMh59PTgHFJs4YnwH-_RjngeVJQePMJNwXuQU8d38Cm-o_WFw3eI4cfz40fOQ0-y408R-hMuEXdwonqDWheqs0ngSRKJ_riOn8Ho7MUvhD8S7UaXaccdHAGoAAQQQISAiihDAEOGKUSGYEiBb7AAgBBBBFICEKSAIFIIhYBAFBEDkEJOOCCoMgoowQwCRgAkDFULEeKEAgAABYVjRCQgDJJACcIcQEQTAUgBkiEAiLBMGMCMQUAwihBwBAgCDnAAEOaQMUgAixQgZAEJAICGCKaAdEgUoJRSxjIAFARICYGEkQwAAEQAwghhnBDCECKMYwIpyQQjiBEBEILGGGqA0JZYopAQkDgggEJMCSKEAIoKIQQGBBAGkCQKCgUAsghgARgBwBAKMBACQCAQEMQgYoQBBCkmFJIECIaEQMoAwRQwCgBgGDFCKGQEFYIhDxgyhgEjAAVMEIIQEoAAgxggDgAjKHDAEKQAEBIAwiwSlhIBgDJAAACcIMwoJJRBygAFCBDACEGBEBIIBAgBxjihAFHICiiIIwIYAARwhhDhKBKAAYUEIoQBZIRygAkIkGJWOUGIAdhQoCARwhADBDMKIESQEiI4QBkiBCFjgEAAESaAEEIYQBgwhBhAFAFAQCKEQ0AIIpxzxhgHkCAKCCIEMQIgoIQxSggFmDYCEiYIEEQoQYEiCgghhGAACAAMVIoIYAlggBBAAAJIEGU4IcIJx6AQjikzBFIKYQCUQIYJAYQgAAkjBDAWCAIYAUIARBQTxiLFgEAEAMEYAAQIZYQUCgBkBAIGOAMEUkwAhwQjyBpgmEBQSKYIAEZQQZgxiDOiDAIAOGSQk4YQQoQgBgBEiGCGGcCEoAYAhAwgQgkDjCBKICWMsggI54hgxChFgCFUAUEFERIZgARgyAghhAfMGIKEQV455AwjQDliELNYMKKEIoIgxgRiSBhllDWKCsKQAUQgYwghRAgiDBCAIGCQA4YYgACQABLEpCMCCCAsEgIQQwFBQAiCkABSQAUAMMo4YQyQBCAgjACKCUEIYEIYRZAE"], "date": ["2005"], "genre": ["Rock"], "album": ["These Dreams Will Never Sleep: The Best of Graham Parker 1976/2015 (Disc 3)"], "musicbrainz_albumid": ["ff177af9-c084-4aa3-bb3c-7d65e905e558"], "originalalbum": ["These Dreams Will Never Sleep: The Best of Graham Parker 1976/2015"], "tracknumber": ["09/16"], "artistsort": ["Parker, Graham & Figgs, The"], "artist": ["Graham Parker & The Figgs"], "label": ["Universal UMC"], "acoustid_id": ["26962348-1e02-4c2d-82a6-05ead58f984c"], "musicbrainz_artistid": ["45e8f301-a438-419f-be8d-d8889034b178"], "musicbrainz_releasegroupid": ["d5f937a5-bb7f-4b03-a7c6-7587cb677cfa"]}}, "rhythm": {"bpm_histogram_first_peak_bpm": {"dmean2": 0, "median": 144, "min": 144, "dvar2": 0, "dvar": 0, "dmean": 0, "max": 144, "var": 0, "mean": 144}, "bpm": 144.883346558, "bpm_histogram_second_peak_spread": {"dmean2": 0, "median": 0, "min": 0, "dvar2": 0, "dvar": 0, "dmean": 0, "max": 0, "var": 0, "mean": 0}, "bpm_histogram_first_peak_weight": {"dmean2": 0, "median": 0.529154539108, "min": 0.529154539108, "dvar2": 0, "dvar": 0, "dmean": 0, "max": 0.529154539108, "var": 0, "mean": 0.529154539108}, "onset_rate": 3.89845561981, "beats_position": [0.383129239082, 0.777868449688, 1.17260766029, 1.5673469305, 1.97369611263, 2.39165520668, 2.80961441994, 3.22757363319, 3.64553284645, 4.06349182129, 4.48145103455, 4.8994102478, 5.32897949219, 5.74693870544, 6.17650794983, 6.59446716309, 7.01242637634, 7.4303855896, 7.84834432602, 8.26630401611, 8.68426322937, 9.10222244263, 9.53179073334, 9.96135997772, 10.379319191, 10.7972784042, 11.2268476486, 11.656416893, 12.0743761063, 12.4923353195, 12.9102945328, 13.328253746, 13.7462129593, 14.1641721725, 14.5821313858, 15.0000905991, 15.4180498123, 15.8360090256, 16.2539672852, 16.6719264984, 17.0898857117, 17.5078449249, 17.9258041382, 18.3437633514, 18.7617225647, 19.179681778, 19.5976409912, 20.0156002045, 20.4451694489, 20.8747386932, 21.2926979065, 21.7106571198, 22.128616333, 22.5349655151, 22.9413146973, 23.3592739105, 23.7772331238, 24.195192337, 24.6131515503, 25.0311107635, 25.4490699768, 25.8670291901, 26.2965984344, 26.7261676788, 27.1441268921, 27.5620861053, 27.9800453186, 28.3980045319, 28.8159637451, 29.2339229584, 29.6518821716, 30.0698413849, 30.476190567, 30.8825397491, 31.3004989624, 31.7184581757, 32.1364173889, 32.5543746948, 32.9723358154, 33.3902931213, 33.8082542419, 34.2146034241, 34.63256073, 35.0389099121, 35.4568710327, 35.8748283386, 36.2927894592, 36.7107467651, 37.1287078857, 37.5350570679, 37.9530143738, 38.3709754944, 38.7889328003, 39.2185020447, 39.6364631653, 40.0544204712, 40.4723815918, 40.8903388977, 41.3083000183, 41.7262573242, 42.1326065063, 42.5389556885, 42.9569168091, 43.374874115, 43.7928352356, 44.1991844177, 44.6171417236, 45.0234909058, 45.4414520264, 45.8594093323, 46.2773704529, 46.683719635, 47.0900688171, 47.508026123, 47.9259872437, 48.3439445496, 48.7619056702, 49.1798629761, 49.5978240967, 50.0157814026, 50.4337387085, 50.8400878906, 51.2464370728, 51.6643981934, 52.0823554993, 52.5003166199, 52.9182739258, 53.3362350464, 53.7425842285, 54.1489334106, 54.5552825928, 54.9616317749, 55.367980957, 55.7743301392, 56.1922874451, 56.6102485657, 57.0282058716, 57.4345550537, 57.8409042358, 58.247253418, 58.6536026001, 59.0715637207, 59.4895210266, 59.884262085, 60.2906112671, 60.6969604492, 61.1033096313, 61.5096588135, 61.9276161194, 62.34557724, 62.7519264221, 63.1582756042, 63.5646247864, 63.9709739685, 64.3773193359, 64.7952804565, 65.2016296387, 65.6195907593, 66.0143280029, 66.4322891235, 66.8502502441, 67.2565994263, 67.6629486084, 68.0809020996, 68.4872512817, 68.9052124023, 69.3115615845, 69.7295227051, 70.1358718872, 70.5422210693, 70.9601821899, 71.3665313721, 71.7728805542, 72.1792297363, 72.5855789185, 72.9919281006, 73.3982772827, 73.8162307739, 74.2341918945, 74.6289291382, 75.0236740112, 75.4300231934, 75.8363723755, 76.2427215576, 76.6490707397, 77.0438079834, 77.4501571655, 77.8565063477, 78.2512435913, 78.6692047119, 79.0871658325, 79.5051269531, 79.9230804443, 80.3410415649, 80.7590026855, 81.1769561768, 81.5949172974, 82.012878418, 82.4308395386, 82.8487930298, 83.2667541504, 83.684715271, 84.1026763916, 84.5206298828, 84.9385910034, 85.356552124, 85.7745132446, 86.2040786743, 86.6336517334, 87.0516052246, 87.4695663452, 87.8875274658, 88.3054885864, 88.7234420776, 89.1414031982, 89.5593643188, 89.9773254395, 90.3952789307, 90.8132400513, 91.2312011719, 91.6491622925, 92.0671157837, 92.4850769043, 92.9030380249, 93.3209991455, 93.7389526367, 94.1685256958, 94.5980911255, 95.0160522461, 95.4340133667, 95.8519744873, 96.2699279785, 96.6878890991, 97.1058502197, 97.5238113403, 97.9417648315, 98.3597259521, 98.7776870728, 99.1956481934, 99.6136016846, 100.031562805, 100.449523926, 100.867477417, 101.285438538, 101.703399658, 102.121360779, 102.53931427, 102.945663452, 103.375236511, 103.793197632, 104.211151123, 104.629112244, 105.047073364, 105.465034485, 105.882987976, 106.300949097, 106.718910217, 107.136871338, 107.554824829, 107.97278595, 108.39074707, 108.808708191, 109.226661682, 109.644622803, 110.062583923, 110.468933105, 110.875282288, 111.293243408, 111.711196899, 112.12915802, 112.547119141, 112.965080261, 113.383033752, 113.800994873, 114.218955994, 114.636917114, 115.054870605, 115.472831726, 115.890792847, 116.297142029, 116.715103149, 117.121452332, 117.539405823, 117.957366943, 118.375328064, 118.793289185, 119.211242676, 119.629203796, 120.047164917, 120.453514099, 120.859863281, 121.277824402, 121.695777893, 122.113739014, 122.531700134, 122.949661255, 123.356010437, 123.762359619, 124.18031311, 124.586662292, 124.993011475, 125.399360657, 125.817321777, 126.246894836, 126.653244019, 127.059593201, 127.477546692, 127.895507813, 128.313461304, 128.731430054, 129.149383545, 129.567337036, 129.985305786, 130.403259277, 130.809616089, 131.215957642, 131.633926392, 132.040267944, 132.446624756, 132.84135437, 133.25932312, 133.677276611, 134.083618164, 134.489974976, 134.907928467, 135.325897217, 135.743850708, 136.15020752, 136.556549072, 136.962905884, 137.369247437, 137.787200928, 138.193557739, 138.599899292, 138.994644165, 139.412597656, 139.818954468, 140.225296021, 140.643264771, 141.049606323, 141.455963135, 141.862304688, 142.268661499, 142.68661499, 143.10458374, 143.510925293, 143.917282104, 144.335235596, 144.753189087, 145.14793396, 145.542678833, 145.983856201, 146.401809692, 146.819763184, 147.214508057, 147.644073486, 148.050430298, 148.445159912, 148.863128662, 149.281082153, 149.699050903, 150.093780518, 150.511749268, 150.91809082, 151.324447632, 151.719177246, 152.125534058, 152.53187561, 152.938232422, 153.344573975, 153.750930786, 154.157272339, 154.552017212, 154.958358765, 155.364715576, 155.782669067, 156.200637817, 156.595367432, 157.013336182, 157.431289673, 157.849243164, 158.267211914, 158.685165405, 159.103118896, 159.521087646, 159.939041138, 160.357009888, 160.774963379, 161.19291687, 161.61088562, 162.017227173, 162.423583984, 162.841537476, 163.259490967, 163.677459717, 164.095413208, 164.50177002, 164.908111572, 165.326080322, 165.744033813, 166.150375366, 166.568344116, 166.974685669, 167.392654419, 167.81060791, 168.216964722, 168.623306274, 169.029663086, 169.436004639, 169.830749512, 170.237091064, 170.643447876, 171.03817749, 171.432922363, 171.839263916, 172.245620728, 172.640365601, 173.035095215, 173.453063965, 173.847793579, 174.254150391, 174.660491943, 175.066848755, 175.473190308, 175.879547119, 176.285888672, 176.692245483, 177.098587036, 177.516555786, 177.922897339, 178.32925415, 178.723983765, 179.130340576, 179.536682129, 179.94303894, 180.349380493, 180.767349243, 181.173690796, 181.591659546, 182.009613037, 182.41595459, 182.83392334, 183.251876831, 183.669830322, 184.087799072, 184.505752563, 184.923721313, 185.341674805, 185.759628296, 186.165985107, 186.583938599, 186.99029541, 187.408248901, 187.826202393, 188.232559204, 188.638900757, 189.045257568, 189.451599121, 189.869567871, 190.264297485, 190.670654297, 191.07699585, 191.4949646, 191.901306152, 192.319274902, 192.725616455, 193.143585205, 193.561538696, 193.979492188, 194.397460938, 194.815414429, 195.23336792, 195.639724731, 196.046066284, 196.452423096, 196.858764648, 197.276733398, 197.683074951, 198.089431763, 198.507385254, 198.925354004, 199.343307495, 199.761260986, 200.179229736, 200.597183228, 201.003540039, 201.42149353, 201.839447021, 202.257415771, 202.663757324, 203.081726074, 203.499679565, 203.917633057, 204.335601807, 204.741943359, 205.148300171, 205.566253662, 205.984207153, 206.390563965, 206.808517456, 207.214874268, 207.632827759, 208.050796509, 208.46875, 208.863494873, 209.269836426, 209.687789917, 210.094146729, 210.51210022, 210.93006897, 211.348022461, 211.765975952, 212.172332764, 212.578674316, 212.985031128, 213.391372681, 213.797729492, 214.204071045, 214.610427856, 215.016769409, 215.423126221, 215.829467773, 216.247436523, 216.665390015, 217.083358765, 217.478088379, 217.896057129, 218.31401062, 218.731964111, 219.149932861, 219.556274414, 219.962631226, 220.380584717, 220.798538208, 221.20489502, 221.611236572, 222.029205322, 222.447158813, 222.865127563, 223.259857178, 223.677825928, 224.08416748, 224.490524292, 224.885253906, 225.303222656, 225.721176147, 226.1275177, 226.533874512, 226.940216064, 227.346572876, 227.741317749, 228.147659302, 228.554016113, 228.971969604, 229.378311157, 229.784667969, 230.191009521, 230.597366333, 230.992111206, 231.410064697, 231.828018188, 232.234375, 232.640716553, 233.047073364, 233.453414917, 233.871383667, 234.266113281, 234.684082031, 235.102035522, 235.508392334, 235.914733887, 236.332687378, 236.739044189, 237.145385742, 237.563354492, 237.958084106, 238.352828979, 238.782394409, 239.188751221, 239.606704712, 240.013061523, 240.419403076, 240.814147949, 241.243713379, 241.66166687, 242.068023682, 242.462768555, 242.880722046, 243.298675537, 243.716644287, 244.111373901, 244.529342651, 244.935684204, 245.342041016, 245.748382568, 246.15473938, 246.561080933, 246.967437744, 247.373779297, 247.780136108, 248.174865723, 248.569610596, 248.964355469, 249.370697021, 249.777053833, 250.171783447, 250.578140259, 250.984481812, 251.379226685, 251.785568237, 252.191925049, 252.586654663, 252.993011475, 253.399353027, 253.817321777, 254.212051392, 254.618408203, 255.024749756, 255.419494629, 255.814239502, 256.220581055, 256.626922607, 257.02166748, 257.428009033, 257.834381104, 258.252319336, 258.658691406, 259.065032959, 259.471374512, 259.877716064, 260.295684814, 260.713653564, 261.131591797, 261.549560547, 261.9559021, 262.36227417, 262.780212402, 263.198181152, 263.616149902, 264.034088135, 264.452056885, 264.870025635, 265.287963867, 265.705932617, 266.123901367, 266.5418396, 266.95980835, 267.3777771, 267.79574585, 268.213684082, 268.631652832, 269.049621582, 269.479187012, 269.908752441, 270.326721191, 270.756286621, 271.185852051, 271.62701416, 272.079803467, 272.532592773, 272.98538208, 273.484619141, 273.995452881, 274.506286621, 275.040344238, 275.574401855, 276.10848999, 276.5496521, 277.002441406, 277.443634033, 277.89642334, 278.337585449, 278.778778076, 279.219940186, 279.684356689, 280.137145996, 280.589935303, 281.077545166, 281.565155029, 282.05279541, 282.56362915, 283.074462891, 283.585296631, 284.096130371, 284.606964111, 285.117828369, 285.628662109], "beats_loudness": {"dmean2": 0.0290958154947, "median": 0.0383542701602, "min": 6.16572626289e-10, "dvar2": 0.000471756589832, "dvar": 0.000153728193254, "dmean": 0.015621304512, "max": 0.110326744616, "var": 0.00028549390845, "mean": 0.038402557373}, "danceability": 1.30893647671, "bpm_histogram_second_peak_weight": {"dmean2": 0, "median": 0.0714285746217, "min": 0.0714285746217, "dvar2": 0, "dvar": 0, "dmean": 0, "max": 0.0714285746217, "var": 0, "mean": 0.0714285746217}, "beats_count": 687, "bpm_histogram_second_peak_bpm": {"dmean2": 0, "median": 152, "min": 152, "dvar2": 0, "dvar": 0, "dmean": 0, "max": 152, "var": 0, "mean": 152}, "bpm_histogram_first_peak_spread": {"dmean2": 0, "median": 0.400990098715, "min": 0.400990098715, "dvar2": 0, "dvar": 0, "dmean": 0, "max": 0.400990098715, "var": 0, "mean": 0.400990098715}, "beats_loudness_band_ratio": {"dmean2": [0.401502966881, 0.213795170188, 0.228958576918, 0.123208448291, 0.0938518866897, 0.0662378892303], "median": [0.481082141399, 0.139837116003, 0.0787305235863, 0.0526118017733, 0.0820390731096, 0.0543328970671], "min": [0.00494817597792, 0.000478040863527, 0.000623314350378, 1.80657862074e-05, 2.87067050522e-05, 9.59102180786e-06], "dvar2": [0.0772323310375, 0.0449052192271, 0.0580387488008, 0.0251305047423, 0.00763625185937, 0.0100803682581], "dvar": [0.0237843096256, 0.0146266696975, 0.0203530788422, 0.0088140880689, 0.00252084853128, 0.00451074447483], "dmean": [0.220531314611, 0.119428053498, 0.126815006137, 0.0671560019255, 0.053473610431, 0.0376938134432], "max": [0.926400005817, 0.967120528221, 0.689344584942, 0.755518138409, 0.372185319662, 0.940720081329], "var": [0.0364386439323, 0.023257240653, 0.0203706882894, 0.00751580391079, 0.00318185798824, 0.0063778012991], "mean": [0.469402551651, 0.183314442635, 0.140508949757, 0.0800001844764, 0.0914180800319, 0.0659711658955]}}, "lowlevel": {"barkbands_spread": {"dmean2": 8.10986709595, "median": 24.532995224, "min": 0.403774261475, "dvar2": 86.9491195679, "dvar": 39.6056175232, "dmean": 5.36480140686, "max": 102.475471497, "var": 174.320510864, "mean": 25.4688739777}, "melbands_spread": {"dmean2": 11.5101795197, "median": 24.9618492126, "min": 0.421888440847, "dvar2": 189.917816162, "dvar": 91.3614120483, "dmean": 7.62731266022, "max": 230.043441772, "var": 394.951202393, "mean": 28.4039936066}, "hfc": {"dmean2": 8.80325984955, "median": 20.5927295685, "min": 1.24315769886e-16, "dvar2": 132.06048584, "dvar": 60.4554672241, "dmean": 6.03509616852, "max": 119.417037964, "var": 234.980880737, "mean": 22.9339885712}, "barkbands_kurtosis": {"dmean2": 3.07637262344, "median": 0.445858865976, "min": -1.91417074203, "dvar2": 26.6696395874, "dvar": 11.3229551315, "dmean": 1.92308020592, "max": 160.430099487, "var": 71.1443939209, "mean": 2.61400771141}, "gfcc": {"mean": [-1.56178855896, 95.4680099487, -125.511817932, 37.2798728943, -48.3714981079, 3.84422588348, -45.8425827026, 6.49360322952, -28.5701217651, -3.89313411713, -16.9886398315, -5.23931360245, -11.6344242096], "icov": [[0.000191610655747, -0.000309230847051, 0.000360430713044, -0.000365559826605, 0.000489851750899, -0.000556096376386, 0.000400789431296, -0.000299053674098, 0.000353761279257, -0.000409969885368, 0.0006608251133, -0.000344834930729, 0.000537624349818], [-0.000309230847051, 0.0019393916009, -0.000249448028626, 0.000420164840762, -0.00155928672757, 0.00198945356533, -0.00087214197265, 0.000964573817328, -0.00129488785751, 0.0022708484903, -0.00268635922112, 0.00271030864678, -0.00183567847125], [0.000360430713044, -0.000249448028626, 0.00235748081468, -0.00116296403576, 0.000808863376733, -0.000263366790023, 0.000579392130021, -0.000297744030831, 0.00022755273676, -0.00126666249707, 0.000966642342974, -0.00136837805621, 0.000483681302285], [-0.000365559826605, 0.000420164840762, -0.00116296403576, 0.00487193837762, -0.00129450275563, 7.13638073648e-05, -0.000458049558802, 0.00144379818812, -0.000730080879293, -0.000436927570263, -0.000355063180905, 0.000887634698302, -0.00174132396933], [0.000489851750899, -0.00155928672757, 0.000808863376733, -0.00129450275563, 0.00642996607348, -0.00126699160319, -0.000666148203891, 2.6331641493e-05, -0.000555236940272, -0.000754742824938, 0.00244079390541, -0.00300764851272, -0.00021899928106], [-0.000556096376386, 0.00198945356533, -0.000263366790023, 7.13638073648e-05, -0.00126699160319, 0.00833238381892, -0.00337704620324, -0.000534237129614, 0.000313962547807, 0.00140666321386, -0.000282079738099, 0.000596575438976, 0.000473642256111], [0.000400789431296, -0.00087214197265, 0.000579392130021, -0.000458049558802, -0.000666148203891, -0.00337704620324, 0.00922900624573, -0.0032967752777, 0.000683317834046, -0.000174133878318, -0.00112036603969, 0.000626481778454, 0.000152706139488], [-0.000299053674098, 0.000964573817328, -0.000297744030831, 0.00144379818812, 2.6331641493e-05, -0.000534237129614, -0.0032967752777, 0.0123095326126, -0.00438737729564, 0.000398017728003, 0.000960855919402, 0.0025126375258, -0.00195039936807], [0.000353761279257, -0.00129488785751, 0.00022755273676, -0.000730080879293, -0.000555236940272, 0.000313962547807, 0.000683317834046, -0.00438737729564, 0.015179197304, -0.00706755183637, 0.00206063943915, 0.000945090258028, 0.000208129597013], [-0.000409969885368, 0.0022708484903, -0.00126666249707, -0.000436927570263, -0.000754742824938, 0.00140666321386, -0.000174133878318, 0.000398017728003, -0.00706755183637, 0.0197265706956, -0.00786705408245, -0.000560677261092, 0.00286021386273], [0.0006608251133, -0.00268635922112, 0.000966642342974, -0.000355063180905, 0.00244079390541, -0.000282079738099, -0.00112036603969, 0.000960855919402, 0.00206063943915, -0.00786705408245, 0.0207861606032, -0.00573105551302, 0.00057016685605], [-0.000344834930729, 0.00271030864678, -0.00136837805621, 0.000887634698302, -0.00300764851272, 0.000596575438976, 0.000626481778454, 0.0025126375258, 0.000945090258028, -0.000560677261092, -0.00573105551302, 0.0202146321535, -0.00683789467439], [0.000537624349818, -0.00183567847125, 0.000483681302285, -0.00174132396933, -0.00021899928106, 0.000473642256111, 0.000152706139488, -0.00195039936807, 0.000208129597013, 0.00286021386273, 0.00057016685605, -0.00683789467439, 0.0228771995753]], "cov": [[19002.9140625, -504.071960449, -2034.09899902, 363.904296875, -1039.91931152, 1106.85095215, -310.73236084, 274.920288086, -340.944519043, -60.1554985046, -510.091949463, -266.574371338, -480.019500732], [-504.071960449, 1836.03503418, -153.648757935, -27.7137241364, 321.742919922, -380.4871521, 70.8324966431, -82.0515213013, 89.2081069946, -130.851379395, 129.175582886, -120.64654541, 140.066635132], [-2034.09899902, -153.648757935, 783.652832031, 85.8415298462, 46.3459281921, -96.8439331055, -19.188167572, -39.0772666931, 39.1200523376, 65.4175186157, 44.5835037231, 75.7570037842, 37.6817245483], [363.904296875, -27.7137241364, 85.8415298462, 268.797241211, 23.5062580109, 25.6874866486, -7.60697507858, -18.4000797272, 5.81741142273, 20.236120224, -6.93713569641, 9.72905158997, 6.54242229462], [-1039.91931152, 321.742919922, 46.3459281921, 23.5062580109, 300.672485352, -79.6253967285, 57.0119247437, -22.0720310211, 41.5564498901, -17.1575469971, 32.8184013367, 16.1705322266, 59.1116523743], [1106.85095215, -380.4871521, -96.8439331055, 25.6874866486, -79.6253967285, 290.897064209, 41.2523193359, 57.469039917, -37.5647087097, 7.66959762573, -58.2766571045, 0.650659441948, -53.6701622009], [-310.73236084, 70.8324966431, -19.188167572, -7.60697507858, 57.0119247437, 41.2523193359, 164.419708252, 41.7505645752, 14.1902236938, -8.20393466949, 12.4124975204, -12.1184825897, 11.9313697815], [274.920288086, -82.0515213013, -39.0772666931, -18.4000797272, -22.0720310211, 57.469039917, 41.7505645752, 121.835273743, 24.8716487885, 6.03952217102, -22.9004802704, -18.7478179932, -10.9259271622], [-340.944519043, 89.2081069946, 39.1200523376, 5.81741142273, 41.5564498901, -37.5647087097, 14.1902236938, 24.8716487885, 102.190116882, 29.3133144379, 13.2752914429, -8.23933982849, 10.5992698669], [-60.1554985046, -130.851379395, 65.4175186157, 20.236120224, -17.1575469971, 7.66959762573, -8.20393466949, 6.03952217102, 29.3133144379, 88.9214172363, 19.9486694336, 18.4423408508, -15.0509672165], [-510.091949463, 129.175582886, 44.5835037231, -6.93713569641, 32.8184013367, -58.2766571045, 12.4124975204, -22.9004802704, 13.2752914429, 19.9486694336, 86.5091629028, 17.9118270874, 20.9501914978], [-266.574371338, -120.64654541, 75.7570037842, 9.72905158997, 16.1705322266, 0.650659441948, -12.1184825897, -18.7478179932, -8.23933982849, 18.4423408508, 17.9118270874, 82.3769378662, 16.2914905548], [-480.019500732, 140.066635132, 37.6817245483, 6.54242229462, 59.1116523743, -53.6701622009, 11.9313697815, -10.9259271622, 10.5992698669, -15.0509672165, 20.9501914978, 16.2914905548, 72.7311630249]]}, "spectral_energyband_middle_low": {"dmean2": 0.00803697295487, "median": 0.0103739993647, "min": 1.8405591569e-22, "dvar2": 0.000147604179801, "dvar": 6.29346468486e-05, "dmean": 0.00524386623874, "max": 0.115485303104, "var": 0.000143917321111, "mean": 0.0141572365537}, "melbands_crest": {"dmean2": 5.10534095764, "median": 14.2498064041, "min": 1.79794335365, "dvar2": 24.3297176361, "dvar": 9.24670982361, "dmean": 3.16004323959, "max": 33.1129684448, "var": 30.6334056854, "mean": 14.8367519379}, "spectral_kurtosis": {"dmean2": 3.39903140068, "median": 4.36431264877, "min": -1.2246478796, "dvar2": 43.6703071594, "dvar": 14.9244651794, "dmean": 2.00756382942, "max": 156.855453491, "var": 143.434127808, "mean": 6.52327060699}, "spectral_rms": {"dmean2": 0.00121955922805, "median": 0.00486351968721, "min": 3.26549919917e-12, "dvar2": 2.92766480925e-06, "dvar": 1.1815363905e-06, "dmean": 0.000790572550613, "max": 0.0112587222829, "var": 3.04780564875e-06, "mean": 0.00491147814319}, "zerocrossingrate": {"dmean2": 0.0104935904965, "median": 0.0576171875, "min": 0.00439453125, "dvar2": 0.00014213504619, "dvar": 0.000135681635584, "dmean": 0.00917749293149, "max": 0.6162109375, "var": 0.00344737269916, "mean": 0.0664512440562}, "silence_rate_60dB": {"dmean2": 0.0110326921567, "median": 0, "min": 0, "dvar2": 0.0125337745994, "dvar": 0.00548556353897, "dmean": 0.00551589857787, "max": 1, "var": 0.0402470454574, "mean": 0.0420147627592}, "erbbands_kurtosis": {"dmean2": 1.20186960697, "median": -0.421314150095, "min": -1.77642381191, "dvar2": 5.5253610611, "dvar": 3.77207875252, "dmean": 0.842575073242, "max": 221.802780151, "var": 121.797813416, "mean": 1.54481339455}, "erbbands": {"dmean2": [0.0914785638452, 1.41756880283, 4.85822677612, 7.44321870804, 11.8799533844, 14.2972764969, 8.4362821579, 10.1947183609, 29.3807449341, 27.1706371307, 18.2946434021, 40.1891212463, 21.7305297852, 24.1590766907, 14.6671447754, 16.1520385742, 25.3419017792, 17.7002830505, 25.3230056763, 34.4385871887, 29.3948745728, 23.2960186005, 23.3674259186, 20.9288253784, 22.7348556519, 10.0735836029, 7.69307470322, 5.92356061935, 4.73251867294, 3.56626653671, 2.8839738369, 2.01901388168, 1.24107789993, 0.859668195248, 0.354859232903, 0.107829965651, 0.0176164489239, 0.0035718632862, 0.000574565085117, 2.66797342192e-05], "median": [0.00974245741963, 0.290065795183, 1.93482100964, 4.71674537659, 6.43660640717, 8.27704524994, 7.10833215714, 8.06467437744, 9.68631267548, 8.05617046356, 6.4204955101, 8.86826229095, 8.3666305542, 10.6932735443, 11.8594350815, 13.6008710861, 15.5185756683, 15.557390213, 22.4365653992, 29.3787937164, 29.9899253845, 25.5728187561, 23.1672725677, 19.3287353516, 18.2053050995, 8.2939491272, 4.41034984589, 3.16590118408, 2.32783174515, 1.62782418728, 1.07854938507, 0.679669618607, 0.514438986778, 0.357942312956, 0.157795503736, 0.0446644462645, 0.00725468108431, 0.00116685801186, 8.05767049314e-05, 3.71530295524e-05], "min": [6.5139943124e-22, 1.04267659098e-20, 2.48297567124e-20, 1.7410219652e-20, 7.7533648605e-20, 2.7617667185e-20, 1.56835718887e-19, 1.23609411719e-19, 6.68749934349e-19, 1.30142755616e-18, 3.99255059466e-19, 4.01227342389e-19, 1.61720023948e-18, 1.69253364582e-18, 2.78268852019e-18, 3.21050529902e-18, 2.30115545955e-18, 4.17103466415e-18, 6.50785256825e-18, 9.15800442043e-18, 2.04437655305e-17, 1.53316702309e-17, 6.57094907819e-18, 8.28608491726e-18, 1.24096605074e-17, 1.75318962141e-17, 2.61384772228e-17, 1.3665874061e-17, 1.84029455232e-17, 2.06058598434e-17, 1.9211670082e-17, 1.69539153416e-17, 1.29905067335e-17, 1.43302622203e-17, 8.73289314258e-18, 4.47190630913e-18, 3.27405406997e-18, 1.33740567351e-18, 4.22692601737e-19, 3.75426131518e-20], "dvar2": [0.0527543872595, 13.682062149, 136.90763855, 181.031097412, 710.641113281, 602.452758789, 236.976791382, 487.621856689, 5457.07275391, 6410.66210938, 2852.66845703, 12959.9775391, 3816.4519043, 3654.6105957, 1463.99609375, 1241.02746582, 2750.98339844, 1012.36694336, 1523.97839355, 2243.39477539, 1675.14807129, 1179.18200684, 2283.81567383, 995.155212402, 1196.22070313, 250.360931396, 228.501846313, 156.036026001, 101.80758667, 66.1932983398, 59.2773780823, 47.521232605, 12.7694263458, 7.05084609985, 1.01304543018, 0.0866238623857, 0.0017691408284, 6.64845865685e-05, 1.72249167463e-06, 1.59975166447e-09], "dvar": [0.0192833207548, 4.90668296814, 47.1831436157, 68.5197525024, 287.147064209, 243.264190674, 96.0265960693, 215.25189209, 2507.76757813, 2599.71728516, 1351.10375977, 5518.87207031, 1629.63647461, 1641.81665039, 715.172668457, 546.364196777, 1315.97875977, 409.851928711, 626.538269043, 863.317077637, 725.26965332, 500.962921143, 850.028137207, 452.026641846, 549.803344727, 99.6344604492, 91.161529541, 65.6736831665, 43.8941688538, 30.9505901337, 30.0650806427, 24.074300766, 6.66162967682, 3.5413942337, 0.504000067711, 0.0444183796644, 0.000983024481684, 3.44148102158e-05, 7.11638676876e-07, 6.99016899919e-10], "dmean": [0.0521269328892, 0.789426863194, 2.67025351524, 4.48253393173, 7.56313610077, 8.94655227661, 5.41291904449, 6.62295436859, 19.1972846985, 17.1095981598, 12.165309906, 25.8139972687, 14.0486621857, 15.76795578, 9.82680797577, 10.6733932495, 16.8601169586, 11.2833385468, 16.2378101349, 20.9913520813, 18.5774555206, 14.7370872498, 14.5581007004, 13.6008434296, 14.7449188232, 6.36057376862, 4.80841207504, 3.69272279739, 3.01044273376, 2.32471060753, 1.93579792976, 1.38384723663, 0.829952418804, 0.586059033871, 0.25198161602, 0.0775277838111, 0.0128693263978, 0.00260501587763, 0.000364128907677, 1.74296146724e-05], "max": [1.21219050884, 19.339635849, 66.0460662842, 125.366760254, 366.45300293, 211.042449951, 263.114196777, 436.669921875, 924.783691406, 916.604370117, 963.946166992, 1339.39855957, 987.14642334, 1093.67529297, 1489.32250977, 681.051513672, 1674.56506348, 378.800872803, 552.343139648, 539.367126465, 459.96963501, 792.320007324, 1805.14111328, 613.903747559, 473.309936523, 142.015060425, 330.612457275, 241.402267456, 188.504898071, 161.938720703, 157.045043945, 165.082748413, 100.066543579, 57.7116966248, 20.3035621643, 6.73532056808, 0.914543628693, 0.182932689786, 0.0129883857444, 0.000414843991166], "var": [0.0148799484596, 3.30950856209, 35.4373283386, 80.6041641235, 345.059265137, 509.368225098, 242.156555176, 508.299285889, 7175.38378906, 3717.62646484, 2469.16381836, 10209.5820313, 2990.75512695, 3500.0949707, 1730.35424805, 1148.28112793, 3193.3762207, 783.647827148, 1316.66894531, 1752.62573242, 1666.29589844, 1068.11584473, 1083.87890625, 1254.85412598, 1590.3729248, 218.624725342, 194.214294434, 156.266967773, 109.372619629, 79.1608428955, 86.9320907593, 66.2973022461, 19.3909664154, 8.8309803009, 1.3124474287, 0.128438830376, 0.00311104417779, 8.4595696535e-05, 1.01553985132e-06, 1.4261136716e-09], "mean": [0.0475518777966, 0.761668980122, 3.92449307442, 7.39948177338, 12.2148923874, 16.0981750488, 11.8116207123, 13.6455335617, 36.4741516113, 26.1262664795, 19.9408378601, 38.9923210144, 24.7604808807, 29.4710483551, 21.3390979767, 22.9893512726, 34.3562698364, 23.0189399719, 32.5638465881, 40.7981185913, 40.4862289429, 33.245677948, 30.4795150757, 30.1948375702, 31.838300705, 13.1078710556, 8.75947570801, 6.62302589417, 5.17982149124, 4.21356725693, 3.55840015411, 2.55079555511, 1.54999995232, 1.0479528904, 0.456608861685, 0.141400516033, 0.0241634361446, 0.00456858426332, 0.000478752510389, 4.68482794531e-05]}, "spectral_strongpeak": {"dmean2": 0.795498847961, "median": 0.509108543396, "min": 0, "dvar2": 1.42155194283, "dvar": 0.571935236454, "dmean": 0.473922252655, "max": 9.29557228088, "var": 1.00393104553, "mean": 0.931040227413}, "spectral_energy": {"dmean2": 0.0153934294358, "median": 0.0242451671511, "min": 1.0930072193e-20, "dvar2": 0.00063999753911, "dvar": 0.000244843278779, "dmean": 0.00960469059646, "max": 0.129927814007, "var": 0.000346638582414, "mean": 0.0278497077525}, "average_loudness": 0.936416864395, "spectral_rolloff": {"dmean2": 850.71105957, "median": 1636.5234375, "min": 107.666015625, "dvar2": 1373933.5, "dvar": 645089, "dmean": 526.466552734, "max": 19509.0820313, "var": 4172282.5, "mean": 1874.21020508}, "spectral_centroid": {"dmean2": 369.57131958, "median": 1506.84814453, "min": 193.254196167, "dvar2": 145567.953125, "dvar": 69406.28125, "dmean": 246.853424072, "max": 11128.7626953, "var": 402285.3125, "mean": 1515.99206543}, "pitch_salience": {"dmean2": 0.104721106589, "median": 0.574749171734, "min": 0.11491753906, "dvar2": 0.0103742722422, "dvar": 0.00382409780286, "dmean": 0.0641523376107, "max": 0.900410711765, "var": 0.0106332907453, "mean": 0.568468093872}, "spectral_energyband_middle_high": {"dmean2": 0.00259002740495, "median": 0.00574977323413, "min": 1.57830695591e-21, "dvar2": 1.1206318959e-05, "dvar": 5.49032074559e-06, "dmean": 0.00176580122206, "max": 0.0449119880795, "var": 2.37994499