{"tonal": {"thpcp": [1, 0.622095346451, 0.316542565823, 0.361754596233, 0.31212747097, 0.476071417332, 0.913517475128, 0.720129013062, 0.274701058865, 0.243447929621, 0.322155088186, 0.581481933594, 0.789821863174, 0.589965879917, 0.500864624977, 0.581367254257, 0.405644983053, 0.28437897563, 0.325482010841, 0.405854463577, 0.735387325287, 0.960716128349, 0.641720175743, 0.394499689341, 0.407835453749, 0.385003954172, 0.594424426556, 0.752803325653, 0.473915308714, 0.253424614668, 0.251539498568, 0.222775161266, 0.34309720993, 0.587551176548, 0.558118224144, 0.743577420712], "hpcp": {"dmean2": [0.144402787089, 0.12428907305, 0.0903317481279, 0.0768218711019, 0.0772775635123, 0.0997891426086, 0.130144640803, 0.145959287882, 0.181506916881, 0.176341980696, 0.154976770282, 0.116426087916, 0.104256398976, 0.100673362613, 0.121545560658, 0.142622694373, 0.124214440584, 0.0883082300425, 0.0961174666882, 0.11668921262, 0.14260776341, 0.176432326436, 0.172674015164, 0.156905740499, 0.144054368138, 0.125600978732, 0.10369759798, 0.115963950753, 0.149553075433, 0.16528648138, 0.174028798938, 0.162465170026, 0.126927182078, 0.112806268036, 0.119112104177, 0.134299322963], "median": [0.0259998440742, 0.0155189018697, 0.00414614100009, 0.00229689758271, 0.00265209330246, 0.00810914672911, 0.0117942783982, 0.0145230535418, 0.0259195398539, 0.029261155054, 0.0184097774327, 0.00471316976473, 0.00312647945248, 0.0040018428117, 0.0156774725765, 0.0214226096869, 0.0135892555118, 0.00438335817307, 0.00177224376239, 0.00247912644409, 0.0114547777921, 0.0212129354477, 0.0157542861998, 0.0096702426672, 0.00584959518164, 0.00441145803779, 0.00402909843251, 0.00419202353805, 0.0069131758064, 0.0175806954503, 0.0286386739463, 0.0202522724867, 0.00588336540386, 0.00378601253033, 0.0069692293182, 0.0190011635423], "min": [0, 0, 0, 0, 0, 0, 0, 0, 0, 0, 0, 0, 0, 0, 0, 0, 0, 0, 0, 0, 0, 0, 0, 0, 0, 0, 0, 0, 0, 0, 0, 0, 0, 0, 0, 0], "dvar2": [0.0789453312755, 0.0713987722993, 0.0561689808965, 0.0488796941936, 0.0490439012647, 0.0529112406075, 0.0757792294025, 0.0838893279433, 0.103125564754, 0.106500290334, 0.0849519595504, 0.0742747113109, 0.0680626481771, 0.0650507807732, 0.062403511256, 0.0738390907645, 0.0607549026608, 0.0518073737621, 0.0747408717871, 0.088172994554, 0.0932957604527, 0.11607542634, 0.112233892083, 0.112042605877, 0.0961596444249, 0.0930171459913, 0.0805089846253, 0.0804098322988, 0.1096284464, 0.105029441416, 0.102763280272, 0.0932690277696, 0.0778397992253, 0.0696100369096, 0.0727484747767, 0.0713098943233], "dvar": [0.0314761996269, 0.0280966926366, 0.0211656242609, 0.0189392715693, 0.0181697793305, 0.0199309345335, 0.0308963973075, 0.0326803661883, 0.0377253144979, 0.0417332835495, 0.033532153815, 0.0282966066152, 0.0265815835446, 0.0243190675974, 0.023759001866, 0.031921684742, 0.0256415139884, 0.0196420308203, 0.0283389668912, 0.0351120345294, 0.0360308736563, 0.0450042299926, 0.0444893762469, 0.040866561234, 0.0366266332567, 0.0356312319636, 0.0288737658411, 0.0299212876707, 0.0434328913689, 0.0403001792729, 0.0400678105652, 0.0388399511576, 0.0298485048115, 0.0273103471845, 0.0286906883121, 0.0282484162599], "dmean": [0.0862027779222, 0.0742984414101, 0.0514422208071, 0.0442673452199, 0.0440814010799, 0.0578117594123, 0.075810328126, 0.0852441266179, 0.107022337615, 0.103846237063, 0.0909850895405, 0.0660499036312, 0.0594218149781, 0.0567652098835, 0.0717154666781, 0.0870066508651, 0.0757652744651, 0.0509083755314, 0.0539291650057, 0.0662758722901, 0.0838959664106, 0.104559607804, 0.101696901023, 0.0901451334357, 0.0823979452252, 0.0728748068213, 0.0587952136993, 0.0661498233676, 0.0853629186749, 0.0991554036736, 0.103904880583, 0.0977938175201, 0.0726128220558, 0.0643636286259, 0.0701415687799, 0.0806073024869], "max": [1, 1, 1, 1, 1, 1, 1, 1, 1, 1, 1, 1, 1, 1, 1, 1, 1, 1, 1, 1, 1, 1, 1, 1, 1, 1, 1, 1, 1, 1, 1, 1, 1, 1, 1, 1], "var": [0.0704248920083, 0.036641318351, 0.0218872968107, 0.0256600752473, 0.0181644186378, 0.0235835779458, 0.0600022189319, 0.05019826442, 0.0608972944319, 0.101740285754, 0.0491385087371, 0.0262295678258, 0.0393420010805, 0.0285983365029, 0.0337267629802, 0.0945483520627, 0.0702605545521, 0.0218204781413, 0.027208250016, 0.0356019623578, 0.0591096580029, 0.0794727578759, 0.0526577681303, 0.0456317774951, 0.063327178359, 0.0386965237558, 0.0283088609576, 0.0309139117599, 0.0417207367718, 0.0697832331061, 0.0958564132452, 0.054343752563, 0.0333189256489, 0.0412654839456, 0.0330190323293, 0.0513090826571], "mean": [0.146611124277, 0.0922966897488, 0.0493553429842, 0.0489882119, 0.0433862544596, 0.0668193995953, 0.114427685738, 0.1086955145, 0.14481434226, 0.194753557444, 0.121155284345, 0.0616477914155, 0.0704529955983, 0.0607879348099, 0.0927166044712, 0.177910774946, 0.140247687697, 0.0534990057349, 0.0474123507738, 0.0627408474684, 0.113245673478, 0.153820618987, 0.114897951484, 0.0975451618433, 0.113223344088, 0.079000800848, 0.0553838163614, 0.0633887797594, 0.0790416002274, 0.143219292164, 0.187102884054, 0.12497729063, 0.0768302157521, 0.0794274061918, 0.074980892241, 0.115766271949]}, "tuning_equal_tempered_deviation": 0.0341887362301, "chords_changes_rate": 0.0800132825971, "key_key": "C", "tuning_diatonic_strength": 0.646033644676, "key_scale": "major", "chords_number_rate": 0.00348605588078, "tuning_frequency": 439.491973877, "tuning_nontempered_energy_ratio": 0.722025036812, "chords_histogram": [14.5418329239, 7.90172624588, 7.78552436829, 3.55245685577, 3.0876493454, 1.70982730389, 5.02988052368, 2.47343969345, 2.05843281746, 2.09163355827, 1.75962817669, 0.464807450771, 1.17861890793, 0.531208515167, 1.99203193188, 5.39508628845, 1.74302792549, 5.24568414688, 1.02921640873, 2.47343969345, 0.597609579563, 6.67330694199, 9.34594917297, 11.3379812241], "key_strength": 0.862182736397, "chords_key": "C", "chords_strength": {"dmean2": 0.0105585744604, "median": 0.498197615147, "min": -1, "dvar2": 0.000692554400302, "dvar": 0.000402401026804, "dmean": 0.0108650363982, "max": 0.77793854475, "var": 0.0409797765315, "mean": 0.47912466526}, "chords_scale": "major", "hpcp_entropy": {"dmean2": 0.992302894592, "median": 1.30824422836, "min": 0, "dvar2": 0.713159680367, "dvar": 0.283651232719, "dmean": 0.581021428108, "max": 4.4464302063, "var": 0.701240360737, "mean": 1.30676364899}}, "metadata": {"audio_properties": {"equal_loudness": 0, "codec": "flac", "downmix": "mix", "sample_rate": 44100, "analysis_sample_rate": 44100, "bit_rate": 0, "md5_encoded": "82144235f141f8b9776bfbb8e991befd", "length": 279.693328857, "replay_gain": -10.0032024384, "lossless": true}, "version": {"essentia_build_sha": "2d9f1f26377add8aeb1075a9c2973f962c4f09fd", "essentia": "2.1-beta2", "extractor": "music 1.0", "essentia_git_sha": "v2.1_beta2-1-ge3940c0"}, "tags": {"title": ["Time Enough at Last"], "barcode": ["731451983221"], "media": ["CD"], "albumartist": ["Ella Fitzgerald"], "language": ["eng"], "performer": ["Billy May & His Orchestra; Ella Fitzgerald (lead vocals)"], "releasetype": ["album"], "musicbrainz_recordingid": ["012cb1b5-1a5d-4b59-a0e1-d2fe5d4eb8e6"], "musicbrainz_albumartistid": ["54799c0e-eb45-4eea-996d-c4d71a63c499"], "musicbrainz_workid": ["022c751b-b0e1-4b0d-9e30-ee1ad3d39515"], "engineer": ["Val Valentin"], "isrc": ["USGR10110723"], "artist": ["Ella Fitzgerald"], "arranger": ["Billy May"], "date": ["2001"], "musicip_puid": ["4050881f-4f73-283d-5c68-3c0597e672e2"], "asin": ["B0000046RN"], "musicbrainz_albumid": ["8dd00d32-3606-4305-a87f-794e8416fe74"], "composer": ["Harold Arlen"], "album": ["Ella Fitzgerald Sings The Harold Arlen Song Book (Disc1)"], "label": ["Verve"], "musicbrainz_artistid": ["54799c0e-eb45-4eea-996d-c4d71a63c499"], "totaltracks": ["12"], "tracktotal": ["12"], "musicbrainz_releasegroupid": ["845afd12-a118-352c-b214-fda1a89c34cc"], "artistsort": ["Fitzgerald, Ella"], "originalyear": ["1961"], "lyricist": ["Johnny Mercer"], "work": ["This Time the Dream's on Me"], "discnumber": ["1"], "bpm": ["130"], "catalognumber": ["3145891082"], "releasecountry": ["US"], "file_name": "07 - This Time The Dream's On Me.flac", "producer": ["Norman Granz"], "genre": ["Jazz - Vocal"], "totaldiscs": ["2"], "script": ["Latn"], "originaldate": ["1961"], "musicbrainz_releasetrackid": ["21be5833-dd5e-3d26-b12e-c467ba18116b"], "tracknumber": ["7"], "disctotal": ["2"], "composersort": ["Arlen, Harold"], "conductor": ["Billy May"], "albumartistsort": ["Fitzgerald, Ella"], "acoustid_id": ["e69024d1-13d8-4eb4-ade1-9e7ba6a809a5"], "releasestatus": ["official"]}}, "rhythm": {"bpm_histogram_first_peak_bpm": {"dmean2": 0, "median": 133, "min": 133, "dvar2": 0, "dvar": 0, "dmean": 0, "max": 133, "var": 0, "mean": 133}, "bpm": 131.857818604, "bpm_histogram_second_peak_spread": {"dmean2": 0, "median": 0.441176503897, "min": 0.441176503897, "dvar2": 0, "dvar": 0, "dmean": 0, "max": 0.441176503897, "var": 0, "mean": 0.441176503897}, "bpm_histogram_first_peak_weight": {"dmean2": 0, "median": 0.106239460409, "min": 0.106239460409, "dvar2": 0, "dvar": 0, "dmean": 0, "max": 0.106239460409, "var": 0, "mean": 0.106239460409}, "onset_rate": 2.07001900673, "beats_position": [0.406349211931, 0.812698423862, 1.24226760864, 1.68344664574, 2.11301589012, 2.55419492722, 2.9837641716, 3.41333317757, 3.84290242195, 4.27247142792, 4.7020406723, 5.13160991669, 5.5727891922, 6.00235795975, 6.43192720413, 6.86149644852, 7.2910656929, 7.72063493729, 8.15020370483, 8.57977294922, 9.0093421936, 9.43891143799, 9.86848068237, 10.2980499268, 10.7392292023, 11.1804075241, 11.6215867996, 12.0743761063, 12.5155553818, 12.9567346573, 13.4095239639, 13.8623123169, 14.3267116547, 14.7911109924, 15.2555103302, 15.7199087143, 16.1843090057, 16.6835365295, 17.1711559296, 17.6587753296, 18.1580047607, 18.6456241608, 19.1332416534, 19.6905212402, 20.247800827, 20.7934684753, 21.339138031, 21.8848075867, 22.4072551727, 22.918094635, 23.4405441284, 23.9629936218, 24.4854412079, 25.0078907013, 25.5419502258, 26.076007843, 26.6100673676, 27.1557369232, 27.6897945404, 28.2238540649, 28.6650333405, 29.1178226471, 29.5590019226, 30.0234012604, 30.4994106293, 30.9754180908, 31.4398174286, 31.9158267975, 32.3686180115, 32.8446235657, 33.3206329346, 33.7850341797, 34.2378234863, 34.690612793, 35.1550102234, 35.6194114685, 36.0722007751, 36.5249862671, 36.9893875122, 37.3725166321, 37.755645752, 38.1271629333, 38.4986839294, 38.8818130493, 39.2649421692, 39.6480712891, 40.0312004089, 40.402721405, 40.7742385864, 41.134147644, 41.4940567017, 41.8771858215, 42.2603149414, 42.6550559998, 43.1426734924, 43.6186828613, 44.1063041687, 44.6519737244, 45.1860313416, 45.7200889587, 46.2773704529, 46.8346481323, 47.3919258118, 47.9492073059, 48.5064849854, 49.0753746033, 49.6326522827, 50.1899299622, 50.7355995178, 51.2812690735, 51.8269386292, 52.3261680603, 52.8253974915, 53.3246231079, 53.7541923523, 54.1721534729, 54.6017227173, 55.0312919617, 55.4492492676, 55.8672103882, 56.2851676941, 56.7031288147, 57.1326980591, 57.5622673035, 58.0266647339, 58.491065979, 58.9554634094, 59.4198646545, 59.884262085, 60.3602714539, 60.8246688843, 61.2890701294, 61.7534675598, 62.2062568665, 62.6242179871, 63.042175293, 63.4601364136, 63.8780937195, 64.3192749023, 64.7604522705, 65.2132415771, 65.6660308838, 66.1188201904, 66.5716094971, 67.0360107422, 67.5004043579, 67.964805603, 68.4988632202, 69.0213165283, 69.5553741455, 70.0197753906, 70.4725646973, 70.936958313, 71.3897476196, 71.8425369263, 72.3069381714, 72.7713394165, 73.2357330322, 73.6885223389, 74.1413116455, 74.5360565186, 74.9424057007, 75.3487548828, 75.731880188, 76.1150131226, 76.4981384277, 76.8696594238, 77.252784729, 77.7055740356, 78.1699752808, 78.6343765259, 79.098777771, 79.5747833252, 80.0507888794, 80.5500183105, 81.0376434326, 81.5252609253, 82.012878418, 82.5004959106, 82.9765090942, 83.4641265869, 83.9517440796, 84.4509735107, 84.9502029419, 85.449432373, 85.9486618042, 86.5872116089, 87.2141494751, 87.8643035889, 88.514465332, 89.1530151367, 89.7799530029, 90.3952789307, 90.9061203003, 91.4169616699, 91.9277954102, 92.3805847168, 92.8449859619, 93.2977752686, 93.7621765137, 94.2149658203, 94.6793670654, 95.1321487427, 95.5849380493, 96.037727356, 96.4905166626, 96.9433059692, 97.4193191528, 97.895324707, 98.3829498291, 98.8821716309, 99.381401062, 99.8922424316, 100.403083801, 101.053237915, 101.680175781, 102.307121277, 102.945663452, 103.584213257, 104.211151123, 104.838096619, 105.465034485, 106.068748474, 106.672470093, 107.264579773, 107.856689453, 108.460403442, 109.064125061, 109.66784668, 110.306388855, 110.94493866, 111.502220154, 112.071105957, 112.651611328, 113.139228821, 113.626846313, 114.126075745, 114.567253113, 115.008430481, 115.461219788, 115.914009094, 116.390022278, 116.866027832, 117.318817139, 117.783218384, 118.247619629, 118.700408936, 119.164802551, 119.629203796, 120.081993103, 120.53478241, 120.987571716, 121.440361023, 121.89315033, 122.345939636, 122.810340881, 123.263130188, 123.715919495, 124.18031311, 124.633102417, 125.039451599, 125.434196472, 125.840545654, 126.246894836, 126.64163208, 127.013153076, 127.373062134, 127.756187439, 128.150924683, 128.534057617, 128.905578613, 129.277099609, 129.741500854, 130.205886841, 130.658676147, 131.123077393, 131.587478638, 132.051879883, 132.458221436, 132.864578247, 133.2709198, 133.677276611, 134.095230103, 134.513198853, 134.931152344, 135.337509155, 135.743850708, 136.161804199, 136.579772949, 137.067382813, 137.555007935, 138.042633057, 138.518630981, 138.994644165, 139.482269287, 139.958267212, 140.445892334, 140.921905518, 141.397918701, 141.873916626, 142.34992981, 142.976867676, 143.592193604, 144.21913147, 144.846069336, 145.473007202, 146.099945068, 146.726898193, 147.35383606, 147.992385864, 148.607711792, 149.22303772, 149.826751709, 150.442077637, 151.057418823, 151.672744751, 152.288070679, 152.891784668, 153.507110596, 154.122451782, 154.691329956, 155.24861145, 155.805892944, 156.363174438, 156.932067871, 157.500946045, 158.069839478, 158.63873291, 159.103118896, 159.555908203, 160.00869751, 160.473098755, 160.833007813, 161.19291687, 161.552825928, 161.912734985, 162.272644043, 162.632553101, 163.004074097, 163.352371216, 163.700683594, 164.037368774, 164.385665894, 164.733963013, 165.105484009, 165.465393066, 165.836914063, 166.208435059, 166.556732178, 166.905029297, 167.253326416, 167.601623535, 167.949935913, 168.286621094, 168.623306274, 168.959991455, 169.308303833, 169.644989014, 169.993286133, 170.329971313, 170.666656494, 171.014968872, 171.363265991, 171.71156311, 172.059860229, 172.501037598, 172.942214966, 173.383392334, 173.824569702, 174.288970947, 174.753372192, 175.217773438, 175.670562744, 176.123352051, 176.587753296, 177.040542603, 177.493331909, 177.946121216, 178.410522461, 178.874923706, 179.350921631, 179.884979248, 180.407440186, 180.929885864, 181.463943481, 181.98638916, 182.520446777, 183.042892456, 183.565353394, 184.087799072, 184.598632813, 185.109481812, 185.608703613, 186.107940674, 186.607162476, 187.117996216, 187.559173584, 188.011962891, 188.464752197, 188.813064575, 189.161361694, 189.509658813, 189.869567871, 190.21786499, 190.577774048, 190.937683105, 191.297592163, 191.657501221, 192.00579834, 192.354095459, 192.702392578, 193.062316895, 193.410614014, 193.747299194, 194.083984375, 194.432281494, 194.768981934, 195.117279053, 195.442352295, 195.779037476, 196.115737915, 196.440811157, 196.777496338, 197.114196777, 197.462493896, 197.810791016, 198.159088135, 198.507385254, 198.867294312, 199.203994751, 199.55229187, 199.877365112, 200.202438354, 200.539138794, 200.92225647, 201.317001343, 201.711746216, 202.10647583, 202.489608765, 202.884353638, 203.267486572, 203.70866394, 204.149841309, 204.602630615, 205.055419922, 205.519821167, 205.984207153, 206.42539978, 206.866577148, 207.296142578, 207.725708008, 208.155273438, 208.584854126, 209.026031494, 209.548477173, 210.059310913, 210.570159912, 211.104217529, 211.638275146, 212.183944702, 212.741226196, 213.298492432, 213.844161987, 214.389831543, 214.947113037, 215.51600647, 216.084899902, 216.653778076, 217.292327881, 217.930877686, 218.522994995, 219.115097046, 219.707214355, 220.241271973, 220.77532959, 221.309387207, 221.820220947, 222.331054688, 222.841903687, 223.32951355, 223.817138672, 224.293151855, 224.803985596, 225.303222656, 225.802444458, 226.29006958, 226.789291382, 227.276916504, 227.694869995, 228.112823486, 228.530792236, 228.948745728, 229.366714478, 229.784667969, 230.20262146, 230.62059021, 231.038543701, 231.456497192, 231.944122314, 232.431747437, 232.930969238, 233.453414917, 233.964263916, 234.475097656, 234.974319458, 235.473556519, 235.984390259, 236.495239258, 236.99446106, 237.49369812, 237.981307983, 238.457321167, 238.944946289, 239.432556152, 239.920181274, 240.396179199, 240.814147949, 241.243713379, 241.66166687, 242.07963562, 242.50920105, 242.938766479, 243.368347168, 243.797912598, 244.20425415, 244.6222229, 245.05178833, 245.48135376, 245.910919189, 246.340499878, 246.735229492, 247.129974365, 247.536315918, 247.942672729, 248.360626221, 248.790206909, 249.2081604, 249.660949707, 250.102127075, 250.554916382, 251.007705688, 251.472106934, 251.936508179, 252.377685547, 252.830474854, 253.28326416, 253.736053467, 254.188842773, 254.64163208, 255.094421387, 255.547210693, 256.046447754, 256.545654297, 257.044891357, 257.532501221, 258.020141602, 258.519348145, 259.018585205, 259.529418945, 260.028656006, 260.620758057, 261.212860107, 261.804992676, 262.397094727, 262.989196777, 263.569702148, 264.161804199, 264.74230957, 265.322814941, 265.891693115, 266.379302979, 266.866943359, 267.354553223, 267.853790283, 268.341400146, 268.840637207, 269.351470947, 269.862304688, 270.373138428, 270.883972168, 271.383209229, 271.95211792, 272.520996094, 273.089874268, 273.647155762, 274.204437256, 274.76171875, 275.353820801, 275.934326172, 276.53805542, 277.14175415, 277.745483398, 278.360809326, 278.964538574], "beats_loudness": {"dmean2": 0.0198203232139, "median": 0.0109706483781, "min": 0, "dvar2": 0.000629123707768, "dvar": 0.000239244633121, "dmean": 0.0114887421951, "max": 0.124078817666, "var": 0.000348984933225, "mean": 0.0170226637274}, "danceability": 0.896158576012, "bpm_histogram_second_peak_weight": {"dmean2": 0, "median": 0.0640809461474, "min": 0.0640809461474, "dvar2": 0, "dvar": 0, "dmean": 0, "max": 0.0640809461474, "var": 0, "mean": 0.0640809461474}, "beats_count": 594, "bpm_histogram_second_peak_bpm": {"dmean2": 0, "median": 140, "min": 140, "dvar2": 0, "dvar": 0, "dmean": 0, "max": 140, "var": 0, "mean": 140}, "bpm_histogram_first_peak_spread": {"dmean2": 0, "median": 0.565517246723, "min": 0.565517246723, "dvar2": 0, "dvar": 0, "dmean": 0, "max": 0.565517246723, "var": 0, "mean": 0.565517246723}, "beats_loudness_band_ratio": {"dmean2": [0.31684294343, 0.411096990108, 0.317972272635, 0.122215747833, 0.0858737304807, 0.13699272275], "median": [0.0672656148672, 0.454859614372, 0.17486768961, 0.0341955907643, 0.0265906229615, 0.0111863575876], "min": [0, 0, 0, 0, 0, 0], "dvar2": [0.11434224993, 0.120717667043, 0.0951991230249, 0.0244612637907, 0.0145652312785, 0.0908972471952], "dvar": [0.0418581552804, 0.0458605661988, 0.0341188460588, 0.0104854581878, 0.00530974986032, 0.0310370139778], "dmean": [0.173039227724, 0.23567289114, 0.181067481637, 0.0707801133394, 0.0489734709263, 0.0716578662395], "max": [0.959841787815, 0.985332787037, 0.975332856178, 0.756498396397, 0.594188153744, 0.935188114643], "var": [0.0430306680501, 0.0861166119576, 0.0517625100911, 0.0133243529126, 0.00527169043198, 0.0189390815794], "mean": [0.157935813069, 0.475076347589, 0.245025068521, 0.0788274407387, 0.0520400814712, 0.0531108602881]}}, "lowlevel": {"barkbands_spread": {"dmean2": 4.55328989029, "median": 10.1491041183, "min": 0.170399054885, "dvar2": 73.1963119507, "dvar": 35.5109939575, "dmean": 3.09104347229, "max": 112.550437927, "var": 122.48109436, "mean": 12.6986608505}, "melbands_spread": {"dmean2": 5.68490600586, "median": 10.1091032028, "min": 0.314848810434, "dvar2": 180.201126099, "dvar": 106.026535034, "dmean": 3.90427494049, "max": 266.948608398, "var": 591.892578125, "mean": 16.0655822754}, "hfc": {"dmean2": 2.96655964851, "median": 4.6389298439, "min": 1.05048549662e-16, "dvar2": 72.0129547119, "dvar": 42.0906715393, "dmean": 2.28545093536, "max": 257.384399414, "var": 244.531021118, "mean": 9.87416934967}, "barkbands_kurtosis": {"dmean2": 8.07480430603, "median": 6.87491226196, "min": -1.91543197632, "dvar2": 333.438751221, "dvar": 157.12361145, "dmean": 5.543820858, "max": 490.289672852, "var": 762.234069824, "mean": 15.517036438}, "gfcc": {"mean": [-95.6629257202, 87.9977035522, -104.821960449, 6.17898893356, -57.8964157104, -14.33045578, -50.3449821472, 6.31523084641, -27.756319046, 5.33085775375, -8.85174274445, -0.0151324262843, -3.43686771393], "icov": [[0.00017385162937, -0.000262894696789, 0.00043980195187, -0.000331323186401, 0.000503387593199, -0.000553484074771, 0.000648573506624, -0.000631776405498, 0.000501299160533, -0.000554724480025, 0.000309770315653, -0.00032728567021, 0.000215055450099], [-0.000262894696789, 0.00151292432565, -0.00052828079788, 0.000331841787556, -0.00132790044881, 0.00121555139776, -0.00105485320091, 0.000798262190074, -0.000318789854646, 0.0012298078509, -0.000745309749618, 0.000816424028017, -0.000524614006281], [0.00043980195187, -0.00052828079788, 0.00242415699176, -0.000897103978787, 0.000651955138892, -0.00220646033995, 0.00208803103305, -0.00171743065584, 0.000735523295589, -0.00116011372302, 0.000392783695133, -0.00100333581213, 0.00013495546591], [-0.000331323186401, 0.000331841787556, -0.000897103978787, 0.00316897616722, -0.00142487813719, 0.000724977930076, -0.00132538331673, 0.0025104014203, -0.00285355118103, 0.00162188790273, 2.20582569455e-05, 0.000228148637689, 4.60930714326e-05], [0.000503387593199, -0.00132790044881, 0.000651955138892, -0.00142487813719, 0.00624116137624, -0.00276473490521, 0.00118356617168, -0.00210989755578, 0.000437020207755, -0.00208948156796, 0.00136654765811, -0.000501305039506, -0.000259299791651], [-0.000553484074771, 0.00121555139776, -0.00220646033995, 0.000724977930076, -0.00276473490521, 0.00799003522843, -0.00494632869959, 0.000321264640661, 0.00122127670329, 0.000934044423047, -0.000562952423934, 0.00233520776965, -0.00113654846791], [0.000648573506624, -0.00105485320091, 0.00208803103305, -0.00132538331673, 0.00118356617168, -0.00494632869959, 0.00776940956712, -0.00243189372122, 0.000392136455048, -0.000139227995533, -0.000549338175915, -0.00342194503173, 0.0037087937817], [-0.000631776405498, 0.000798262190074, -0.00171743065584, 0.0025104014203, -0.00210989755578, 0.000321264640661, -0.00243189372122, 0.0100976359099, -0.00386630580761, -0.000504345924128, -0.000468920130515, 0.00093332293909, -0.000982351717539], [0.000501299160533, -0.000318789854646, 0.000735523295589, -0.00285355118103, 0.000437020207755, 0.00122127670329, 0.000392136455048, -0.00386630580761, 0.0105732418597, -0.00506564090028, 0.0027245467063, -0.000345180393197, 9.48092274484e-05], [-0.000554724480025, 0.0012298078509, -0.00116011372302, 0.00162188790273, -0.00208948156796, 0.000934044423047, -0.000139227995533, -0.000504345924128, -0.00506564090028, 0.0154656628147, -0.00743230199441, 0.00102575100027, 0.000353812123649], [0.000309770315653, -0.000745309749618, 0.000392783695133, 2.20582569455e-05, 0.00136654765811, -0.000562952423934, -0.000549338175915, -0.000468920130515, 0.0027245467063, -0.00743230199441, 0.0129011403769, -0.00407660100609, -0.000831771816593], [-0.00032728567021, 0.000816424028017, -0.00100333581213, 0.000228148637689, -0.000501305039506, 0.00233520776965, -0.00342194503173, 0.00093332293909, -0.000345180393197, 0.00102575100027, -0.00407660100609, 0.0135499034077, -0.00501338252798], [0.000215055450099, -0.000524614006281, 0.00013495546591, 4.60930714326e-05, -0.000259299791651, -0.00113654846791, 0.0037087937817, -0.000982351717539, 9.48092274484e-05, 0.000353812123649, -0.000831771816593, -0.00501338252798, 0.0116659291089]], "cov": [[24100.4199219, 1311.36352539, -2712.45458984, -72.7326507568, -1079.20446777, -152.525115967, -915.651672363, 278.067443848, -621.96685791, 160.557403564, -150.505279541, -79.1714706421, -122.541633606], [1311.36352539, 1015.00146484, -93.5280456543, 71.587272644, 96.6584777832, -41.1737136841, 4.30406856537, -22.681060791, -34.8386993408, -47.9456558228, -9.05542469025, -20.8479003906, 9.2603597641], [-2712.45458984, -93.5280456543, 1054.94189453, 76.0387191772, 219.812713623, 195.119110107, 43.7795600891, 88.2016143799, 83.9004211426, 45.9232978821, 40.6192207336, 31.3710899353, 64.9996032715], [-72.7326507568, 71.587272644, 76.0387191772, 573.875671387, 105.83405304, 11.9673223495, 62.8248634338, -63.4344940186, 120.840835571, -39.1484832764, -61.2655639648, -11.2796621323, -29.3937492371], [-1079.20446777, 96.6584777832, 219.812713623, 105.83405304, 323.331298828, 121.514068604, 96.4718170166, 49.0408554077, 62.9130554199, 17.7068576813, -1.01097822189, -0.896904945374, 12.2591714859], [-152.525115967, -41.1737136841, 195.119110107, 11.9673223495, 121.514068604, 324.350708008, 177.683822632, 71.9214553833, -25.5859832764, 12.7715034485, 18.2359924316, -0.742687702179, -16.6744270325], [-915.651672363, 4.30406856537, 43.7795600891, 62.8248634338, 96.4718170166, 177.683822632, 356.282623291, 35.5853996277, 22.3516674042, -8.44271659851, 30.3046894073, 28.3826160431, -60.0657463074], [278.067443848, -22.681060791, 88.2016143799, -63.4344940186, 49.0408554077, 71.9214553833, 35.5853996277, 185.103164673, 40.6192131042, 57.4347000122, 23.2750682831, 8.19685554504, 8.5650472641], [-621.96685791, -34.8386993408, 83.9004211426, 120.840835571, 62.9130554199, -25.5859832764, 22.3516674042, 40.6192131042, 186.941986084, 41.6738090515, -10.9932003021, -0.978996396065, -0.316686153412], [160.557403564, -47.9456558228, 45.9232978821, -39.1484832764, 17.7068576813, 12.7715034485, -8.44271659851, 57.4347000122, 41.6738090515, 128.110351563, 63.9587364197, 18.1678409576, 11.8094930649], [-150.505279541, -9.05542469025, 40.6192207336, -61.2655639648, -1.01097822189, 18.2359924316, 30.3046894073, 23.2750682831, -10.9932003021, 63.9587364197, 139.185348511, 50.1320724487, 25.836561203], [-79.1714706421, -20.8479003906, 31.3710899353, -11.2796621323, -0.896904945374, -0.742687702179, 28.3826160431, 8.19685554504, -0.978996396065, 18.1678409576, 50.1320724487, 111.912437439, 42.9034614563], [-122.541633606, 9.2603597641, 64.9996032715, -29.3937492371, 12.2591714859, -16.6744270325, -60.0657463074, 8.5650472641, -0.316686153412, 11.8094930649, 25.836561203, 42.9034614563, 126.1485672]]}, "spectral_energyband_middle_low": {"dmean2": 0.00345733342692, "median": 0.0060892207548, "min": 1.28543571841e-22, "dvar2": 3.46671513398e-05, "dvar": 2.08835845115e-05, "dmean": 0.00251677888446, "max": 0.167913660407, "var": 0.000242737369263, "mean": 0.0114043010399}, "melbands_crest": {"dmean2": 3.83303332329, "median": 16.1027946472, "min": 1.57213902473, "dvar2": 14.8581781387, "dvar": 6.58273220062, "dmean": 2.5355322361, "max": 35.2211341858, "var": 43.2565727234, "mean": 16.8166446686}, "spectral_kurtosis": {"dmean2": 2.72044157982, "median": 6.63823986053, "min": -1.44504499435, "dvar2": 12.2549514771, "dvar": 5.32448196411, "dmean": 1.65418922901, "max": 138.573410034, "var": 20.845659256, "mean": 7.15040397644}, "spectral_rms": {"dmean2": 0.000489744998049, "median": 0.00291323848069, "min": 3.07828979321e-12, "dvar2": 3.4760293488e-07, "dvar": 2.18807940655e-07, "dmean": 0.000368043227354, "max": 0.0129049327224, "var": 3.65384175893e-06, "mean": 0.00328254210763}, "zerocrossingrate": {"dmean2": 0.00841436907649, "median": 0.03662109375, "min": 0.0009765625, "dvar2": 0.000247870833846, "dvar": 0.000222672635573, "dmean": 0.00719795329496, "max": 0.53515625, "var": 0.00478623341769, "mean": 0.0510419867933}, "silence_rate_60dB": {"dmean2": 0.0899958461523, "median": 0, "min": 0, "dvar2": 0.0935192480683, "dvar": 0.0429659672081, "dmean": 0.0449941903353, "max": 1, "var": 0.154483690858, "mean": 0.190918907523}, "erbbands_kurtosis": {"dmean2": 2.79608845711, "median": 0.953724324703, "min": -1.84129786491, "dvar2": 31.3882884979, "dvar": 14.4995613098, "dmean": 1.86331427097, "max": 137.316040039, "var": 66.3647384644, "mean": 3.7498793602}, "erbbands": {"dmean2": [0.00549991801381, 0.0667621642351, 0.224884957075, 0.288475930691, 1.38225579262, 4.36677646637, 10.669043541, 15.160077095, 12.1348199844, 12.2808418274, 10.9814071655, 9.53860855103, 5.82383060455, 5.25396633148, 5.31660079956, 4.82845115662, 7.86294698715, 7.09141874313, 8.68800926208, 8.49447536469, 4.0086812973, 2.89911627769, 3.92502498627, 3.26399827003, 2.63450956345, 2.75423049927, 1.60929477215, 0.848057806492, 0.449735730886, 0.558182179928, 0.720077872276, 0.561367452145, 0.61335760355, 0.503461062908, 0.208811655641, 0.0470238961279, 0.0104880640283, 0.00241416855715, 0.000436392379925, 1.80720671779e-05], "median": [0.00143123685848, 0.0159995127469, 0.0685534328222, 0.195878699422, 0.846659004688, 2.4180316925, 4.45874452591, 8.73742961884, 4.77667093277, 4.57884836197, 3.05864429474, 2.12693881989, 2.01495814323, 1.85599899292, 1.88913607597, 1.11880576611, 1.13869261742, 1.52858030796, 1.72695112228, 2.09248971939, 1.6873395443, 1.47475111485, 1.5194568634, 1.41191697121, 1.12986671925, 0.795150816441, 0.383219540119, 0.196754351258, 0.111362636089, 0.0957126915455, 0.0775454714894, 0.0502296127379, 0.0655215680599, 0.0710745975375, 0.03279171139, 0.0114014223218, 0.00334892305546, 0.000776814820711, 0.000133371650008, 1.88337780855e-05], "min": [6.12427556821e-23, 3.26148318729e-22, 3.79316660216e-22, 4.11210223311e-21, 4.40214576398e-21, 3.05704240909e-20, 4.24884811306e-20, 1.03145312332e-19, 8.00180855748e-20, 1.86977650496e-19, 2.05428973884e-19, 3.03513065315e-19, 5.04587876777e-19, 4.90076492194e-19, 9.86338744407e-19, 1.06143578388e-18, 1.82431354697e-18, 1.79600680602e-18, 1.80134005302e-18, 3.31494098726e-18, 3.99885371093e-18, 4.14234307742e-18, 3.81694387293e-18, 5.9960271196e-18, 6.91549296438e-18, 7.2593866866e-18, 6.22356010429e-18, 9.66726147327e-18, 1.03124499434e-17, 1.08056332225e-17, 9.90388393211e-18, 1.03498575322e-17, 9.82112368465e-18, 7.56772570456e-18, 5.10972459995e-18, 4.01749298526e-18, 2.27153143348e-18, 8.95851182453e-19, 2.38010364517e-19, 2.35880681401e-20], "dvar2": [0.000150455074618, 0.0347245968878, 0.597479641438, 0.341346651316, 11.1282615662, 127.82585144, 808.522277832, 1329.38903809, 1913.83325195, 2552.67626953, 3113.68798828, 1489.51428223, 366.286895752, 386.493469238, 569.90057373, 495.46005249, 2894.43530273, 991.78729248, 1848.08752441, 2633.76123047, 161.5209198, 53.2581939697, 255.634780884, 89.9029388428, 50.7188568115, 74.2616729736, 68.2964019775, 25.6507320404, 9.00507640839, 30.0756092072, 75.7600097656, 34.334274292, 38.9987449646, 14.1543064117, 3.40419220924, 0.14350810647, 0.00516414549202, 0.000285984540824, 6.73182375976e-06, 7.79491315939e-09], "dvar": [8.15863022581e-05, 0.0191374924034, 0.436814755201, 0.12953479588, 4.25480175018, 61.3852462769, 545.422241211, 745.337280273, 1143.61303711, 1615.1373291, 1959.76037598, 1055.71313477, 267.719268799, 256.528198242, 331.641784668, 373.068206787, 1526.97473145, 609.116271973, 1037.79772949, 2134.77441406, 107.961791992, 34.6183547974, 153.666671753, 53.1350135803, 27.8509178162, 41.8328323364, 43.2425842285, 18.0306186676, 5.85026931763, 13.5329780579, 36.4637031555, 17.6229343414, 20.0043125153, 7.10920810699, 1.62266385555, 0.0695912763476, 0.00272035668604, 0.000126508253743, 3.01828822558e-06, 3.93648402763e-09], "dmean": [0.00370730552822, 0.0496703870595, 0.185451552272, 0.183787569404, 0.876811146736, 3.01235055923, 8.0860414505, 10.8674888611, 9.24154567719, 9.35454654694, 8.94540119171, 7.53867483139, 4.52516078949, 3.96126103401, 4.02847766876, 3.76096391678, 5.76540565491, 5.28879976273, 6.44892215729, 6.98599100113, 2.92252087593, 2.03175020218, 2.81581759453, 2.324883461, 1.87619185448, 1.9854773283, 1.23135495186, 0.637575030327, 0.326238840818, 0.385295748711, 0.493899822235, 0.387434870005, 0.425488263369, 0.34751495719, 0.134733080864, 0.0308735184371, 0.00701643247157, 0.0015935965348, 0.00028963398654, 1.2612984392e-05], "max": [0.262361884117, 4.90985393524, 29.0341911316, 9.05990219116, 78.6520767212, 370.676940918, 915.571960449, 1021.12988281, 2035.04284668, 3060.85571289, 2464.88598633, 1170.70837402, 1162.19335938, 958.194396973, 1081.82507324, 1059.1159668, 3071.46411133, 1440.84594727, 1359.0255127, 5329.34667969, 528.826660156, 245.020980835, 887.208496094, 349.797943115, 180.478393555, 286.438781738, 541.660400391, 307.480529785, 182.506027222, 242.030410767, 537.036560059, 184.390945435, 273.288269043, 130.49055481, 67.2904205322, 12.7927980423, 2.2577753067, 0.646578848362, 0.0823211073875, 0.00277354172431], "var": [0.000596585217863, 0.138695135713, 1.53258609772, 0.370085984468, 17.8213024139, 400.396331787, 3188.44628906, 7034.38720703, 15242.8623047, 18402.2441406, 8583.74316406, 6127.09033203, 2448.62133789, 2651.06640625, 1406.04650879, 1471.84790039, 7216.11132813, 2686.80200195, 4101.25683594, 19982.3339844, 539.959960938, 171.802902222, 766.680908203, 267.196563721, 125.580665588, 201.102676392, 255.284744263, 73.3817672729, 14.91040802, 25.940071106, 69.105682373, 29.4545383453, 30.4050045013, 12.4023885727, 2.85968828201, 0.112028375268, 0.00505925482139, 0.0001779931481, 4.95003405376e-06, 8.81747030945e-09], "mean": [0.0116582363844, 0.177224695683, 0.391757160425, 0.408035069704, 2.24421572685, 9.18059921265, 23.2417945862, 39.140712738, 35.475353241, 27.9578037262, 22.9661750793, 22.0498065948, 13.3348255157, 12.3410158157, 10.2871952057, 9.28934192657, 14.4025850296, 12.5586414337, 14.7434873581, 17.183221817, 7.00951814651, 5.05115747452, 7.0184135437, 5.84789133072, 4.6158618927, 4.66090106964, 2.83348608017, 1.39043772221, 0.645368397236, 0.677066802979, 0.779665887356, 0.577617049217, 0.639607071877, 0.592072665691, 0.241620868444, 0.060013346374, 0.0143921384588, 0.00295208743773, 0.000555682985578, 3.94078015233e-05]}, "spectral_strongpeak": {"dmean2": 0.515091538429, "median": 0.770537316799, "min": 0, "dvar2": 1.06405377388, "dvar": 0.461052954197, "dmean": 0.325742155313, "max": 24.3093566895, "var": 2.077709198, "mean": 1.18403768539}, "spectral_energy": {"dmean2": 0.00392789300531, "median": 0.00869913212955, "min": 9.71276525391e-21, "dvar2": 4.01455836254e-05, "dvar": 2.47072803177e-05, "dmean": 0.00294140400365, "max": 0.170700713992, "var": 0.000317800062476, "mean": 0.014789680019}, "average_loudness": 0.106106959283, "spectral_rolloff": {"dmean2": 435.935668945, "median": 581.396484375, "min": 43.06640625, "dvar2": 1394350.375, "dvar": 698594.5625, "dmean": 262.52130127, "max": 19745.9472656, "var": 6912467, "mean": 1297.3104248}, "spectral_centroid": {"dmean2": 214.806976318, "median": 737.838134766, "min": 215.076980591, "dvar2": 138307.28125, "dvar": 77075.5625, "dmean": 148.459594727, "max": 11906.3955078, "var": 2077489.75, "mean": 1068.23022461}, "pitch_salience": {"dmean2": 0.0805021971464, "median": 0.493981927633, "min": 0.0366094410419, "dvar2": 0.00640536658466, "dvar": 0.00290932552889, "dmean": 0.0532083846629, "max": 0.83369910717, "var": 0.024828184396, "mean": 0.475213617086}, "spectral_energyband_middle_high": {"dmean2": 0.000757531321142, "median": 0.000562997418456, "min": 1.13689179632e-21, "dvar2": 4.38414781456e-06, "dvar": 3.06156084662e-06, "dmean": 0.000600097991992, "max": 0.114051632583, "var": 3.02944990835e-05, "mean": 0.00225469656289}, "spectral_contrast_coeffs": {"dmean2": [0.0611242800951, 0.0586845688522, 0.0504938960075, 0.0449094250798, 0.0353434309363, 0.0209278911352], "median": [-0.617051959038, -0.624572634697, -0.728646934032, -0.735759437084, -0.751988172531, -0.798280358315], "min": [-0.981704354286, -0.983505964279, -0.977293610573, -0.973676145077, -0.969660699368, -0.966173768044], "dvar2": [0.00254172133282, 0.00249016867019, 0.00169413094409, 0.00139349431265, 0.00108392792754, 0.000357002107194], "dvar": [0.00105366727803, 0.00116418523248, 0.000780221889727, 0.000655038049445, 0.000554780534003, 0.00018784184067], "dmean": [0.0381640344858, 0.038037288934, 0.0327471233904, 0.0287692528218, 0.0230219364166, 0.0135999927297], "max": [-0.244754135609, -0.249752447009, -0.393111854792, -0.422466158867, -0.493635177612, -0.503746747971], "var": [0.0150985149667, 0.0141530456021, 0.00796619430184, 0.00551105337217, 0.00418215151876, 0.00217670155689], "mean": [-0.607951760292, -0.621271967888, -0.719146132469, -0.728418171406, -0.749118864536, -0.794237375259]}, "melbands_skewness": {"dmean2": 0.942248821259, "median": 2.74597215652, "min": -0.898450374603, "dvar2": 1.24451673031, "dvar": 0.58871948719, "dmean": 0.63886898756, "max": 18.281036377, "var": 4.98868703842, "mean": 3.23187923431}, "spectral_spread": {"dmean2": 635316.0625, "median": 4182597.25, "min": 549079.1875, "dvar2": 919573299200, "dvar": 523154128896, "dmean": 430095.125, "max": 42684672, "var": 24388980178900.0, "mean": 5200951}, "dissonance": {"dmean2": 0.0396161824465, "median": 0.429527193308, "min": 0.154506400228, "dvar2": 0.00145343784243, "dvar": 0.000543139525689, "dmean": 0.0240647289902, "max": 0.499995172024, "var": 0.00239224988036, "mean": 0.420433700085}, "spectral_skewness": {"dmean2": 0.319002300501, "median": 2.09821152687, "min": -0.128574118018, "dvar2": 0.113582268357, "dvar": 0.0543481111526, "dmean": 0.204748377204, "max": 9.99803543091, "var": 0.470411509275, "mean": 2.06098127365}, "spectral_flux": {"dmean2": 0.0222616214305, "median": 0.0315746031702, "min": 6.34006736e-11, "dvar2": 0.000903235690203, "dvar": 0.00034707665327, "dmean": 0.0138842640445, "max": 0.258090794086, "var": 0.000867950206157, "mean": 0.0386683158576}, "spectral_contrast_valleys": {"dmean2": [0.525265753269, 0.46701169014, 0.426424056292, 0.376427799463, 0.311595261097, 0.251503109932], "median": [-8.55680656433, -7.56813430786, -8.57557296753, -9.05811595917, -8.90526676178, -11.2393608093], "min": [-28.6219291687, -28.0652217865, -27.8967647552, -27.7086524963, -27.5453414917, -27.498090744], "dvar2": [0.215244710445, 0.168930470943, 0.136124461889, 0.116136021912, 0.103500470519, 0.114724315703], "dvar": [0.0991311371326, 0.075825214386, 0.0616567507386, 0.0545190311968, 0.0533605590463, 0.078570343554], "dmean": [0.326332062483, 0.289973318577, 0.264842063189, 0.230296209455, 0.197507843375, 0.180507987738], "max": [-6.29461622238, -5.68931341171, -6.51699113846, -6.86800956726, -6.36293983459, -7.26735448837], "var": [6.86793136597, 7.12650060654, 6.41595602036, 6.11957597733, 6.14159297943, 4.88941478729], "mean": [-8.9017829895, -8.02318763733, -9.02724266052, -9.46109008789, -9.27385902405, -11.513217926]}, "erbbands_flatness_db": {"dmean2": 0.0199965406209, "median": 0.189703792334, "min": 0.024199552834, "dvar2": 0.000452162872534, "dvar": 0.000261655892245, "dmean": 0.0141746373847, "max": 0.455407291651, "var": 0.00305444584228, "mean": 0.193977281451}, "spectral_energyband_high": {"dmean2": 0.000137509618071, "median": 4.55363369838e-05, "min": 6.89303175372e-21, "dvar2": 6.99054112374e-07, "dvar": 4.16357551103e-07, "dmean": 0.000101568410173, "max": 0.028115529567, "var": 1.05027754671e-06, "mean": 0.000223203925998}, "spectral_entropy": {"dmean2": 0.219180211425, "median": 6.88316679001, "min": 3.50036406517, "dvar2": 0.0565086640418, "dvar": 0.0342331081629, "dmean": 0.153562247753, "max": 9.82768344879, "var": 0.51661747694, "mean": 6.87042045593}, "silence_rate_20dB": {"dmean2": 0, "median": 1, "min": 1, "dvar2": 0, "dvar": 0, "dmean": 0, "max": 1, "var": 0, "mean": 1}, "melbands_flatness_db": {"dmean2": 0.0257597602904, "median": 0.25270602107, "min": 0.00307588721626, "dvar2": 0.000725305522792, "dvar": 0.00042