{"metadata": {"tags": {"albumartist": ["Various Artists"], "musicbrainz_artistid": ["c59d4416-df60-4063-bec3-70da0abdbe67"], "musicbrainz album status": ["official"], "artist": ["The Tractors"], "asin": ["B000000HMN"], "artistsort": ["Tractors, The"], "title": ["The Last Time"], "tracknumber": ["4/11"], "musicbrainz_albumartistid": ["89ad4ac3-39f7-470e-963a-56509c546377"], "album": ["Stone Country"], "musicbrainz album type": ["compilation"], "script": ["Latn"], "albumartistsort": ["Various Artists"], "discnumber": ["1/1"], "file_name": "The Last Time - The Tractors.mp3", "musicbrainz_albumid": ["edd429f0-df14-43ec-9be2-b93d9e410918"], "musicbrainz_recordingid": ["01347110-90e8-451b-b051-625d37091d77"]}, "audio_properties": {"sample_rate": 22050, "downmix": "mix", "lossless": false, "analysis_sample_rate": 44100, "md5_encoded": "37cee0d65b029a0b4c087712bea3ac6f", "equal_loudness": 0, "replay_gain": -15.5724220276, "codec": "mp3", "bit_rate": 128000, "length": 237.635894775}, "version": {"extractor": "music 1.0", "essentia_build_sha": "70f2e5ece6736b2c40cc944ad0e695b16b925413", "essentia_git_sha": "v2.1_beta2", "essentia": "2.1-beta2"}}, "rhythm": {"beats_loudness_band_ratio": {"dvar2": [0.0847523957491, 0.0290647931397, 0.0384727418423, 0.0135134523734, 0.012456712313, 0.0100359888747], "var": [0.0402795337141, 0.0142170758918, 0.0167636536062, 0.00755864614621, 0.00518301129341, 0.00230993772857], "min": [0.00397877627984, 0.00234626536258, 0.00493981409818, 0.00282822549343, 0.00342748966068, 0.000393574271584], "dmean": [0.233622193336, 0.121589049697, 0.149113610387, 0.0662909671664, 0.0546190030873, 0.0509070940316], "mean": [0.420763462782, 0.228651046753, 0.199792727828, 0.0882569104433, 0.0739191621542, 0.0447611659765], "max": [0.909897446632, 0.716189086437, 0.640193760395, 0.741629958153, 0.708348155022, 0.564458370209], "dmean2": [0.44008693099, 0.210263356566, 0.271707266569, 0.113192729652, 0.0983682647347, 0.10041423142], "median": [0.40949934721, 0.208554685116, 0.180477097631, 0.0641272366047, 0.0540078356862, 0.0343002788723], "dvar": [0.02545485273, 0.00995366834104, 0.0117872450501, 0.00470685167238, 0.0043371822685, 0.00312771555036]}, "bpm_histogram_first_peak_weight": {"dvar2": 0, "var": 0, "min": 0.810047090054, "dmean": 0, "mean": 0.810047090054, "max": 0.810047090054, "dmean2": 0, "median": 0.810047090054, "dvar": 0}, "bpm": 162.066757202, "beats_count": 638, "bpm_histogram_first_peak_spread": {"dvar2": 0, "var": 0, "min": 0.0532110333443, "dmean": 0, "mean": 0.0532110333443, "max": 0.0532110333443, "dmean2": 0, "median": 0.0532110333443, "dvar": 0}, "danceability": 1.17823398113, "bpm_histogram_first_peak_bpm": {"dvar2": 0, "var": 0, "min": 161, "dmean": 0, "mean": 161, "max": 161, "dmean2": 0, "median": 161, "dvar": 0}, "beats_position": [0.348299324512, 0.719818592072, 1.10294783115, 1.48607707024, 1.88081634045, 2.26394557953, 2.65868473053, 3.06503391266, 3.47138309479, 3.86612248421, 4.27247142792, 4.67882061005, 5.07355976105, 5.46829938889, 5.85142850876, 6.23455762863, 6.62929677963, 7.01242637634, 7.40716552734, 7.79029464722, 8.17342376709, 8.56816291809, 8.96290206909, 9.35764122009, 9.75238037109, 10.1355104446, 10.5302495956, 10.9249887466, 11.3313379288, 11.7260770798, 12.1208162308, 12.5155553818, 12.9102945328, 13.3166437149, 13.7113828659, 14.0945119858, 14.4892511368, 14.8607711792, 15.2322902679, 15.6038093567, 15.9753284454, 16.3468475342, 16.7183666229, 17.0782756805, 17.4381847382, 17.8097057343, 18.181224823, 18.5527439117, 18.9242630005, 19.2957820892, 19.667301178, 20.0388202667, 20.4103393555, 20.7818584442, 21.153377533, 21.5248966217, 21.8964176178, 22.2679367065, 22.6394557953, 23.010974884, 23.3824939728, 23.7540130615, 24.1255321503, 24.497051239, 24.8685703278, 25.2400894165, 25.6116104126, 25.9831295013, 26.3546485901, 26.7261676788, 27.0860767365, 27.4575958252, 27.8175048828, 28.1890239716, 28.5605430603, 28.932062149, 29.3035831451, 29.6751022339, 30.0466213226, 30.4181404114, 30.7896595001, 31.1611785889, 31.5326976776, 31.9042167664, 32.2757377625, 32.6472549438, 33.0187759399, 33.3902931213, 33.7618141174, 34.1333312988, 34.5048522949, 34.8763694763, 35.2478904724, 35.6194114685, 35.9909286499, 36.362449646, 36.7223587036, 37.093875885, 37.4537849426, 37.8253059387, 38.1968231201, 38.5683441162, 38.9398651123, 39.3113822937, 39.6829032898, 40.0544204712, 40.4259414673, 40.7974586487, 41.1689796448, 41.5404968262, 41.9120178223, 42.2835350037, 42.6550559998, 43.0265769958, 43.3864860535, 43.7580032349, 44.1179122925, 44.4894332886, 44.86095047, 45.2324714661, 45.6039886475, 45.9871177673, 46.347026825, 46.718547821, 47.0900688171, 47.4615859985, 47.8331069946, 48.204624176, 48.5761451721, 48.9476623535, 49.3191833496, 49.690700531, 50.0622215271, 50.4337387085, 50.8052597046, 51.1767807007, 51.5482978821, 51.9198188782, 52.2913360596, 52.6628570557, 53.0227661133, 53.3942832947, 53.7541923523, 54.1257133484, 54.4972343445, 54.8687515259, 55.240272522, 55.6117897034, 55.9833106995, 56.3548278809, 56.726348877, 57.0978660583, 57.4693870544, 57.8409042358, 58.2124252319, 58.583946228, 58.9554634094, 59.3269844055, 59.6985015869, 60.070022583, 60.4415397644, 60.8130607605, 61.1845779419, 61.556098938, 61.9276161194, 62.2991371155, 62.6474380493, 63.0189552307, 63.3904762268, 63.7619934082, 64.1335144043, 64.5050354004, 64.8765487671, 65.2480697632, 65.6195907593, 65.9911117554, 66.3626327515, 66.7341461182, 67.1056671143, 67.4771881104, 67.8487091064, 68.2202224731, 68.5801315308, 68.9516525269, 69.3115615845, 69.6830825806, 70.0546035767, 70.4377288818, 70.8092498779, 71.1923828125, 71.5522918701, 71.9122009277, 72.2837142944, 72.6552352905, 73.0267562866, 73.3982772827, 73.7697982788, 74.1413116455, 74.5128326416, 74.8843536377, 75.2558746338, 75.6273880005, 75.9989089966, 76.3704299927, 76.7419509888, 77.1134643555, 77.4849853516, 77.8448944092, 78.2048034668, 78.5763244629, 78.947845459, 79.3193664551, 79.6908798218, 80.0624008179, 80.433921814, 80.8054428101, 81.1769561768, 81.5484771729, 81.9199981689, 82.291519165, 82.6630401611, 83.0345535278, 83.4060745239, 83.77759552, 84.1375045776, 84.5090255737, 84.8689346313, 85.2404556274, 85.6235809326, 86.0067138672, 86.3782272339, 86.74974823, 87.1096572876, 87.4811782837, 87.8410873413, 88.2126083374, 88.5841217041, 88.9556427002, 89.3271636963, 89.6986846924, 90.0702056885, 90.4417190552, 90.8132400513, 91.1847610474, 91.5562820435, 91.9277954102, 92.2993164062, 92.6708374023, 93.0423583984, 93.4138793945, 93.7853927612, 94.1569137573, 94.5284347534, 94.8999557495, 95.2714691162, 95.6429901123, 96.0028991699, 96.374420166, 96.7459411621, 97.1290664673, 97.4773712158, 97.8488845825, 98.2204055786, 98.5919265747, 98.9634475708, 99.3349609375, 99.7064819336, 100.07800293, 100.449523926, 100.821044922, 101.192558289, 101.564079285, 101.935600281, 102.307121277, 102.667030334, 103.026939392, 103.410064697, 103.781585693, 104.141494751, 104.513015747, 104.884536743, 105.25605011, 105.627571106, 105.999092102, 106.370613098, 106.742126465, 107.113647461, 107.485168457, 107.856689453, 108.22820282, 108.599723816, 108.971244812, 109.33115387, 109.702674866, 110.062583923, 110.434104919, 110.805618286, 111.177139282, 111.548660278, 111.920181274, 112.291702271, 112.663215637, 113.034736633, 113.406257629, 113.777778625, 114.149291992, 114.520812988, 114.892333984, 115.26385498, 115.635368347, 116.006889343, 116.378410339, 116.749931335, 117.121452332, 117.492965698, 117.864486694, 118.23600769, 118.607528687, 118.979042053, 119.350563049, 119.710472107, 120.081993103, 120.441902161, 120.813423157, 121.184944153, 121.55645752, 121.927978516, 122.299499512, 122.671020508, 123.042533875, 123.414054871, 123.785575867, 124.157096863, 124.528617859, 124.900131226, 125.271652222, 125.643173218, 126.014694214, 126.386207581, 126.757728577, 127.117637634, 127.48915863, 127.860679626, 128.232192993, 128.592102051, 128.963623047, 129.335144043, 129.718276978, 130.078186035, 130.449707031, 130.821228027, 131.204345703, 131.564254761, 131.935775757, 132.307296753, 132.678817749, 133.050338745, 133.421859741, 133.793380737, 134.164901733, 134.536407471, 134.907928467, 135.279449463, 135.650970459, 136.022491455, 136.394012451, 136.753921509, 137.125442505, 137.496963501, 137.880081177, 138.239990234, 138.61151123, 138.971420288, 139.342941284, 139.71446228, 140.085983276, 140.457504272, 140.829025269, 141.200546265, 141.572067261, 141.943572998, 142.315093994, 142.68661499, 143.058135986, 143.429656982, 143.801177979, 144.172698975, 144.544219971, 144.915740967, 145.287246704, 145.6587677, 146.018676758, 146.390197754, 146.76171875, 147.133239746, 147.504760742, 147.8646698, 148.236190796, 148.607711792, 148.979232788, 149.350738525, 149.722259521, 150.093780518, 150.465301514, 150.83682251, 151.208343506, 151.579864502, 151.951385498, 152.311294556, 152.682815552, 153.054321289, 153.425842285, 153.785751343, 154.157272339, 154.528793335, 154.900314331, 155.271835327, 155.643356323, 156.014877319, 156.386398315, 156.757904053, 157.129425049, 157.500946045, 157.872467041, 158.243988037, 158.615509033, 158.987030029, 159.358551025, 159.730072021, 160.101577759, 160.473098755, 160.844619751, 161.216140747, 161.587661743, 161.959182739, 162.330703735, 162.690612793, 163.062133789, 163.422042847, 163.793563843, 164.16506958, 164.536590576, 164.908111572, 165.279632568, 165.651153564, 166.022674561, 166.394195557, 166.765716553, 167.137237549, 167.508743286, 167.880264282, 168.251785278, 168.623306274, 168.994827271, 169.366348267, 169.737869263, 170.09777832, 170.469299316, 170.829208374, 171.20072937, 171.572235107, 171.943756104, 172.3152771, 172.698410034, 173.058319092, 173.429840088, 173.801361084, 174.184494019, 174.544403076, 174.915908813, 175.28742981, 175.658950806, 176.030471802, 176.401992798, 176.773513794, 177.14503479, 177.516555786, 177.888076782, 178.25958252, 178.631103516, 178.991012573, 179.374145508, 179.745666504, 180.1171875, 180.477096558, 180.848617554, 181.208526611, 181.580047607, 181.951568604, 182.323074341, 182.694595337, 183.066116333, 183.437637329, 183.809158325, 184.180679321, 184.552200317, 184.923721313, 185.29524231, 185.666748047, 186.038269043, 186.409790039, 186.781311035, 187.152832031, 187.524353027, 187.884262085, 188.255783081, 188.615692139, 188.987213135, 189.358734131, 189.730239868, 190.101760864, 190.47328186, 190.844802856, 191.216323853, 191.587844849, 191.959365845, 192.330886841, 192.702392578, 193.073913574, 193.44543457, 193.805343628, 194.176864624, 194.54838562, 194.919906616, 195.279815674, 195.65133667, 196.022857666, 196.394378662, 196.765899658, 197.137405396, 197.508926392, 197.880447388, 198.251968384, 198.62348938, 198.995010376, 199.366531372, 199.738052368, 200.109558105, 200.481079102, 200.852600098, 201.224121094, 201.59564209, 201.955551147, 202.327072144, 202.69859314, 203.070114136, 203.441635132, 203.813140869, 204.173049927, 204.544570923, 204.916091919, 205.287612915, 205.659133911, 206.042266846, 206.413787842, 206.796905518, 207.145217896, 207.516723633, 207.888244629, 208.259765625, 208.631286621, 209.002807617, 209.385940552, 209.769073486, 210.117370605, 210.488891602, 210.860397339, 211.231918335, 211.603439331, 211.974960327, 212.346481323, 212.718002319, 213.089523315, 213.461044312, 213.820953369, 214.192474365, 214.552383423, 214.92388916, 215.307022095, 215.690155029, 216.050064087, 216.409973145, 216.781494141, 217.153015137, 217.524536133, 217.896057129, 218.267562866, 218.639083862, 219.010604858, 219.382125854, 219.753646851, 220.125167847, 220.496688843, 220.868209839, 221.239730835, 221.611236572, 221.97114563, 222.342666626, 222.702575684, 223.07409668, 223.445617676, 223.817138672, 224.188659668, 224.560180664, 224.93170166, 225.303222656, 225.674728394, 226.04624939, 226.417770386, 226.789291382, 227.160812378, 227.532333374, 227.90385437, 228.275375366, 228.646896362, 229.0184021, 229.389923096, 229.761444092, 230.132965088, 230.504486084, 230.87600708, 231.247528076, 231.607437134, 231.97895813, 232.338867188, 232.710388184, 233.081893921, 233.453414917, 233.824935913, 234.196456909, 234.567977905, 234.939498901, 235.311019897, 235.682540894, 236.05406189, 236.425567627, 236.797088623, 237.168609619], "beats_loudness": {"dvar2": 0.000544678419828, "var": 0.000518546672538, "min": 3.19284580996e-08, "dmean": 0.0153579041362, "mean": 0.0420167036355, "max": 0.112488299608, "dmean2": 0.0264360550791, "median": 0.0442203804851, "dvar": 0.000209737627301}, "bpm_histogram_second_peak_weight": {"dvar2": 0, "var": 0, "min": 0.0989011004567, "dmean": 0, "mean": 0.0989011004567, "max": 0.0989011004567, "dmean2": 0, "median": 0.0989011004567, "dvar": 0}, "bpm_histogram_second_peak_spread": {"dvar2": 0, "var": 0, "min": 0, "dmean": 0, "mean": 0, "max": 0, "dmean2": 0, "median": 0, "dvar": 0}, "bpm_histogram_second_peak_bpm": {"dvar2": 0, "var": 0, "min": 167, "dmean": 0, "mean": 167, "max": 167, "dmean2": 0, "median": 167, "dvar": 0}, "onset_rate": 3.18948078156}, "lowlevel": {"spectral_energyband_high": {"dvar2": 6.3458975319e-07, "var": 9.30064629756e-07, "min": 7.60663982194e-21, "dmean": 0.000302369502606, "mean": 0.000532367441338, "max": 0.0106386505067, "dmean2": 0.00038776776637, "median": 0.000152795139002, "dvar": 3.62406240129e-07}, "spectral_energyband_middle_low": {"dvar2": 0.000118611380458, "var": 0.000153581175255, "min": 2.87213956223e-22, "dmean": 0.0050624506548, "mean": 0.0145893832669, "max": 0.0947336181998, "dmean2": 0.00804242957383, "median": 0.011795964092, "dvar": 5.0357542932e-05}, "spectral_energy": {"dvar2": 0.000446044403361, "var": 0.000442706368631, "min": 1.06596229068e-20, "dmean": 0.00872457586229, "mean": 0.0254315063357, "max": 0.142658695579, "dmean2": 0.0135660590604, "median": 0.020932354033, "dvar": 0.000191942715901}, "spectral_spread": {"dvar2": 531824508928, "var": 1722159464450.0, "min": 1016140.375, "dmean": 375882.65625, "mean": 3559016.25, "max": 40792632, "dmean2": 512538.15625, "median": 3475565.5, "dvar": 302165590016}, "spectral_energyband_low": {"dvar2": 0.000307942274958, "var": 0.00013632401533, "min": 4.07520021611e-23, "dmean": 0.00493470346555, "mean": 0.00783976912498, "max": 0.112255908549, "dmean2": 0.00827494543046, "median": 0.00438751280308, "dvar": 0.000119747812278}, "spectral_rolloff": {"dvar2": 887241.6875, "var": 1068940.5, "min": 43.06640625, "dmean": 329.332489014, "mean": 1119.09716797, "max": 19143.0175781, "dmean2": 544.86907959, "median": 818.26171875, "dvar": 443954.4375}, "barkbands": {"dvar2": [8.93441267635e-08, 0.000165529330843, 5.06816868437e-05, 2.80419735645e-05, 3.65255837096e-05, 8.38060623209e-06, 7.15992837286e-06, 2.64726368187e-05, 5.00513715451e-06, 4.49787285106e-06, 1.71787041836e-06, 8.85190729605e-07, 7.86366570082e-07, 6.0380858713e-07, 5.6887381561e-07, 2.42054483124e-07, 2.48042340445e-07, 2.7734466812e-07, 1.26052114524e-07, 1.54222760784e-07, 9.20067435572e-08, 4.27873985132e-08, 3.36052963235e-08, 6.20514910565e-08, 4.66899230389e-09, 7.01924209271e-18, 7.80935177893e-18], "var": [3.93143757549e-08, 5.36876505066e-05, 1.85390981642e-05, 1.19901933431e-05, 2.53824655374e-05, 7.27814858692e-06, 5.00316582475e-06, 1.99141395569e-05, 5.90868739891e-06, 6.3284078351e-06, 1.41915211316e-06, 9.27503208459e-07, 6.1296725562e-07, 5.39478776318e-07, 6.06755975241e-07, 2.04925996172e-07, 2.95053865784e-07, 2.87958073386e-07, 1.16774280912e-07, 1.27848821307e-07, 7.7703113277e-08, 3.95071175774e-08, 4.72753676206e-08, 5.95420175387e-08, 2.47331066738e-09, 1.75783324793e-18, 1.95124544594e-18], "min": [3.18640641141e-24, 6.60960638404e-24, 3.42796193148e-24, 3.92698232392e-24, 5.43583476295e-23, 6.75309584396e-24, 3.99484021787e-23, 1.7288946967e-23, 1.91469131917e-23, 4.39829807914e-23, 6.17582541955e-23, 7.52402909625e-23, 4.48341522418e-23, 9.12154437344e-23, 8.6191750298e-23, 1.03580661719e-22, 1.25469450313e-22, 1.87084649317e-22, 1.80389176607e-22, 2.40667704449e-22, 3.56681098024e-22, 6.03279673328e-22, 4.55938581101e-22, 7.98479505171e-22, 1.0285376994e-21, 1.45433376647e-21, 2.28183224579e-21], "dmean": [8.4237435658e-05, 0.0029492857866, 0.00200955802575, 0.00177367159631, 0.00245648389682, 0.0010386829963, 0.000799289322458, 0.0014498376986, 0.000637923018076, 0.000632809184026, 0.000255244085565, 0.000230537785683, 0.00020633659733, 0.000208758327062, 0.000236460356973, 0.00014477003424, 0.000162867334438, 0.000159501330927, 0.000116153372801, 0.000110356821097, 9.55129726208e-05, 6.9181973231e-05, 5.44869690202e-05, 5.18020024174e-05, 1.32455033963e-05, 9.40518107839e-10, 9.92855353488e-10], "mean": [8.79817598616e-05, 0.00366072868928, 0.00275438232347, 0.00243104645051, 0.00473272195086, 0.0020275101997, 0.00130077882204, 0.00238447450101, 0.00113289197907, 0.00120942597277, 0.000448390521342, 0.00040720513789, 0.000336566707119, 0.000362415798008, 0.000455611385405, 0.000252559839282, 0.000320346618537, 0.00030733764288, 0.000198452180484, 0.000188015255844, 0.00015164630895, 0.000101949153759, 8.58135026647e-05, 7.56764275138e-05, 1.76140438271e-05, 7.447738537e-10, 7.810552205e-10], "max": [0.00460377940908, 0.0991457700729, 0.0460582524538, 0.0542742349207, 0.0488451272249, 0.0338640809059, 0.0553500838578, 0.063700184226, 0.039575368166, 0.0435536056757, 0.0341799929738, 0.0268136635423, 0.0170932635665, 0.0142655707896, 0.0118263019249, 0.00877549126744, 0.00845581572503, 0.0109429406002, 0.00500005343929, 0.00460501760244, 0.00429654074833, 0.00290068774484, 0.00556714041159, 0.00560497725382, 0.00165222352371, 1.78290449071e-08, 1.88100184317e-08], "dmean2": [0.000140909498441, 0.00502997636795, 0.00346280541271, 0.0030511894729, 0.00401668250561, 0.00163683784194, 0.00130240910221, 0.00234862254001, 0.000993518275209, 0.000995557755232, 0.000407553743571, 0.000364447099855, 0.000329947215505, 0.000323960499372, 0.000368227512809, 0.00022997589258, 0.000259615248069, 0.000249304750469, 0.000182346790098, 0.000169405670022, 0.000144336518133, 9.65274739428e-05, 7.11903048796e-05, 6.96422139299e-05, 1.92234438146e-05, 1.74322367652e-09, 1.84147719295e-09], "median": [2.31533940678e-05, 0.00160589814186, 0.00125291454606, 0.00121885840781, 0.00330681330524, 0.00106232985854, 0.000602995743975, 0.000691183027811, 0.000327698653564, 0.000376805022825, 0.000124805228552, 0.000153131681145, 0.000112222711323, 0.000116329349112, 0.000188508798601, 9.40340250963e-05, 0.0001251718204, 0.000113864021841, 6.68828433845e-05, 5.62081113458e-05, 3.73565708287e-05, 2.45394385274e-05, 1.59262253874e-05, 1.22759720398e-05, 2.83507506538e-06, 2.26263688341e-10, 2.32197983063e-10], "dvar": [3.71673500865e-08, 6.08509217273e-05, 1.82465719263e-05, 1.00959714473e-05, 1.4064885363e-05, 3.37256619787e-06, 2.96231200991e-06, 1.00468232631e-05, 2.26281713367e-06, 2.03627041628e-06, 6.19176262262e-07, 3.79502296255e-07, 3.34976704153e-07, 2.53861941246e-07, 2.43692340973e-07, 9.95273552462e-08, 1.01169646882e-07, 1.14188679845e-07, 5.40909077529e-08, 6.4072573025e-08, 4.04254834052e-08, 2.13318749331e-08, 1.94614990789e-08, 3.22543058928e-08, 1.96941063457e-09, 2.18666725213e-18, 2.43373700211e-18]}, "melbands_skewness": {"dvar2": 1.10023701191, "var": 1.88130867481, "min": -1.32171559334, "dmean": 0.604169011116, "mean": 2.47295546532, "max": 15.1029539108, "dmean2": 0.947369635105, "median": 2.29400730133, "dvar": 0.474049538374}, "barkbands_skewness": {"dvar2": 0.459988415241, "var": 1.00362956524, "min": -1.95065557957, "dmean": 0.431347072124, "mean": 1.58677327633, "max": 9.73182201385, "dmean2": 0.673303544521, "median": 1.48127269745, "dvar": 0.207000792027}, "erbbands": {"dvar2": [0.0634696111083, 11.2666788101, 61.3298492432, 182.160903931, 480.489349365, 379.169006348, 545.499389648, 853.791870117, 1469.80212402, 3879.68334961, 13015.0849609, 2514.5847168, 5352.48486328, 2040.16906738, 2707.69921875, 1752.20947266, 1391.50231934, 1252.0526123, 1371.72546387, 817.67565918, 516.505249023, 619.252563477, 856.798217773, 319.488433838, 349.929473877, 413.017333984, 182.182998657, 114.211074829, 72.2912521362, 24.997379303, 27.7247619629, 24.6415710449, 20.9859485626, 2.01210594177, 0.00216309679672, 3.06130300487e-06, 2.75016009965e-08, 7.77046704759e-10, 1.58568505548e-10, 5.73619207689e-10], "var": [0.0249506048858, 3.42625331879, 23.0775814056, 76.6439437866, 252.35609436, 278.057373047, 638.571777344, 564.957580566, 877.791809082, 3579.77880859, 9749.80761719, 2786.81787109, 8766.86328125, 2541.38891602, 2720.14306641, 1784.78881836, 1130.23962402, 1260.73657227, 1528.14611816, 808.310546875, 492.183166504, 734.614807129, 947.80078125, 407.560791016, 244.299041748, 309.413574219, 183.479232788, 88.5548477173, 61.2339096069, 34.2616958618, 37.1879997253, 25.9615268707, 16.3343868256, 1.26259672642, 0.00141141819768, 2.19668891077e-06, 2.27983854018e-08, 7.49157014202e-10, 2.06015704496e-10, 6.25355156547e-10], "min": [2.53706300413e-22, 1.14528002569e-21, 5.53098799838e-21, 2.97659521711e-20, 4.77083526873e-20, 1.44593665541e-19, 1.01706354108e-19, 5.8010021262e-20, 2.68580607662e-19, 7.62115774642e-19, 7.95018796361e-19, 4.77169786302e-19, 1.13018441895e-18, 2.56501594199e-18, 3.52724040699e-18, 2.7740184266e-18, 2.41161364304e-18, 3.05454060132e-18, 3.84099001333e-18, 7.31694853107e-18, 4.74838894733e-18, 6.78330578018e-18, 7.33158466483e-18, 8.66912909788e-18, 9.46333167377e-18, 9.95431217098e-18, 1.3947196533e-17, 1.63681424277e-17, 1.90287357808e-17, 1.68613554854e-17, 1.49316853914e-17, 1.4366482805e-17, 1.79742277379e-17, 1.12608431213e-17, 8.29488611898e-18, 4.61054508851e-18, 2.88443525105e-18, 1.16051982035e-18, 3.17943076005e-19, 3.51596221293e-20], "dmean": [0.0624813474715, 0.753107726574, 2.12909173965, 4.32357215881, 7.98711156845, 7.63782835007, 9.67009353638, 8.65924167633, 11.2881851196, 15.2483043671, 31.8145637512, 13.8815908432, 20.8099632263, 12.8354177475, 9.93986701965, 9.8848657608, 8.65434551239, 10.3152923584, 11.7452144623, 9.42896080017, 6.95065259933, 8.13140201569, 9.20513820648, 6.07949399948, 5.75114154816, 5.36472129822, 4.29604244232, 3.33042407036, 2.77988862991, 1.49779391289, 1.55958664417, 1.14762222767, 0.854929745197, 0.295235127211, 0.0102037116885, 0.000386568892282, 3.9613500121e-05, 7.31804175302e-06, 5.54988082513e-06, 1.02194308056e-05], "mean": [0.0795047134161, 0.91759288311, 2.97751617432, 6.4491071701, 12.0665235519, 14.3873167038, 19.9838447571, 14.6559066772, 19.0153999329, 28.20154953, 51.7100372314, 26.638835907, 40.9415054321, 25.376783371, 19.8263931274, 18.4719657898, 15.415602684, 19.1214294434, 23.2823696136, 18.7153186798, 13.4459657669, 16.6942768097, 18.9178504944, 11.6462898254, 9.28414154053, 9.0922794342, 7.1859087944, 5.23597335815, 3.9476044178, 2.50232458115, 2.43267631531, 1.69309258461, 1.22525691986, 0.405259221792, 0.014092755504, 0.00055977125885, 6.47807173664e-05, 1.2799072465e-05, 1.55356356117e-05, 3.02173575619e-05], "max": [2.3292222023, 25.6548156738, 54.2200965881, 148.86579895, 175.988815308, 225.042449951, 354.893280029, 391.195709229, 588.15045166, 1515.17895508, 1575.40930176, 1128.09985352, 1849.17260742, 747.885131836, 1549.64953613, 1109.9095459, 805.932617188, 731.105773926, 661.167785645, 526.552001953, 474.020446777, 502.57019043, 571.715820312, 360.447143555, 290.171447754, 251.890441895, 266.021881104, 166.133087158, 96.1840591431, 147.616409302, 156.241012573, 104.047462463, 116.993347168, 31.2544403076, 1.04032874107, 0.0367768630385, 0.00316916476004, 0.000531190598849, 0.000152710475959, 0.000159919116413], "dmean2": [0.104015909135, 1.30465686321, 3.66152691841, 7.46312618256, 13.3196926117, 12.5251321793, 14.903752327, 13.9849672318, 18.3429908752, 23.9237098694, 52.3046150208, 21.2351207733, 33.128074646, 19.7025089264, 15.5128383636, 15.6140899658, 13.7180814743, 16.0244598389, 18.0594425201, 14.7281455994, 10.9238357544, 12.8529729843, 14.2996511459, 9.36168384552, 9.19758605957, 8.29976940155, 6.3605427742, 5.0682721138, 3.90976428986, 1.98278176785, 2.06644630432, 1.53669404984, 1.17148518562, 0.41460198164, 0.0142012955621, 0.000527235912159, 5.25991708855e-05, 9.51782476477e-06, 7.91417733126e-06, 1.56044661708e-05], "median": [0.0362256914377, 0.396672099829, 1.32587575912, 3.55157065392, 7.16619777679, 9.3998260498, 10.8847045898, 7.01102542877, 9.18281936646, 10.7388544083, 14.5019893646, 9.24175167084, 12.5995559692, 9.0504360199, 6.8030462265, 7.14246845245, 5.60057067871, 7.17859363556, 9.46461296082, 8.71158981323, 5.66549873352, 7.04244565964, 7.59804534912, 4.22826862335, 3.20922017097, 2.66028785706, 1.80142688751, 1.35708010197, 0.896183311939, 0.593601107597, 0.426011681557, 0.284513294697, 0.189490735531, 0.0668189972639, 0.00235775462352, 0.000109755681478, 1.965577394e-05, 4.50082916359e-06, 1.17183208204e-05, 2.46653034992e-05], "dvar": [0.0252809133381, 4.05712795258, 22.4636554718, 65.3921203613, 183.933380127, 144.527542114, 228.083587646, 331.46395874, 586.727844238, 1608.04296875, 4914.55419922, 1145.3548584, 2492.25683594, 902.405944824, 991.288452148, 720.729675293, 586.088012695, 541.44543457, 582.537353516, 352.476287842, 210.878463745, 253.612823486, 356.357635498, 143.575622559, 146.269485474, 166.454818726, 83.0082550049, 51.1914100647, 34.9554138184, 14.7054576874, 15.8275403976, 13.1826496124, 10.049279213, 0.896899223328, 0.000980415730737, 1.42616590892e-06, 1.33693474069e-08, 3.96926824742e-10, 7.81921610793e-11, 2.54147980439e-10]}, "silence_rate_30dB": {"dvar2": 0.00759599171579, "var": 0.00126845994964, "min": 0, "dmean": 0.00254030292854, "mean": 0.998729944229, "max": 1, "dmean2": 0.00508110225201, "median": 1, "dvar": 0.00253372872248}, "melbands_spread": {"dvar2": 123.125808716, "var": 176.113128662, "min": 0.392351388931, "dmean": 4.90651798248, "mean": 18.8446407318, "max": 191.818847656, "dmean2": 7.53729200363, "median": 16.2246017456, "dvar": 57.8339385986}, "melbands_crest": {"dvar2": 17.3175773621, "var": 18.2182178497, "min": 1.18526542187, "dmean": 2.88248324394, "mean": 12.2023849487, "max": 33.5975837708, "dmean2": 4.79545259476, "median": 11.5019378662, "dvar": 6.57638597488}, "zerocrossingrate": {"dvar2": 0.000108459571493, "var": 0.000671330024488, "min": 0.00537109375, "dmean": 0.00733495270833, "mean": 0.045978911221, "max": 0.50390625, "dmean2": 0.00854182057083, "median": 0.0419921875, "dvar": 0.00010638400272}, "barkbands_kurtosis": {"dvar2": 25.923822403, "var": 42.3305015564, "min": -1.89232397079, "dmean": 2.24665403366, "mean": 4.19347858429, "max": 116.721740723, "dmean2": 3.53065800667, "median": 2.27689266205, "dvar": 11.8915967941}, "spectral_flux": {"dvar2": 0.00201378948987, "var": 0.00270892167464, "min": 6.81592074447e-11, "dmean": 0.0232955534011, "mean": 0.0763733834028, "max": 0.331437915564, "dmean2": 0.0355462953448, "median": 0.0669351369143, "dvar": 0.000995004666038}, "barkbands_crest": {"dvar2": 11.5147476196, "var": 10.855509758, "min": 2.73440074921, "dmean": 2.20195841789, "mean": 8.81851482391, "max": 24.8432979584, "dmean2": 3.6741335392, "median": 8.15687084198, "dvar": 4.25575685501}, "barkbands_flatness_db": {"dvar2": 0.00100795039907, "var": 0.00192243268248, "min": 0.0550339780748, "dmean": 0.0228398032486, "mean": 0.18802498281, "max": 0.460738986731, "dmean2": 0.036777574569, "median": 0.183103993535, "dvar": 0.000432076281868}, "spectral_entropy": {"dvar2": 0.0685766786337, "var": 0.183699965477, "min": 5.57047891617, "dmean": 0.173793509603, "mean": 7.33084964752, "max": 9.81268978119, "dmean2": 0.24120092392, "median": 7.35303020477, "dvar": 0.0394750386477}, "pitch_salience": {"dvar2": 0.00879710447043, "var": 0.00916194729507, "min": 0.20771586895, "dmean": 0.0648537501693, "mean": 0.59053593874, "max": 0.959076106548, "dmean2": 0.105808936059, "median": 0.599016010761, "dvar": 0.00328873633407}, "erbbands_spread": {"dvar2": 143.564819336, "var": 284.313476562, "min": 3.61549663544, "dmean": 7.16316413879, "mean": 36.4515914917, "max": 131.191177368, "dmean2": 10.5847454071, "median": 34.3902435303, "dvar": 71.8952713013}, "dynamic_complexity": 4.67889070511, "spectral_contrast_valleys": {"dvar2": [0.338403344154, 0.236199587584, 0.206901714206, 0.224864602089, 0.316082984209, 0.264361023903], "var": [1.96520137787, 1.59296250343, 1.57284235954, 1.51495337486, 1.88087999821, 2.5481505394], "min": [-28.2510185242, -27.3219203949, -27.6080360413, -27.4295806885, -27.2870178223, -27.3218193054], "dmean": [0.417463213205, 0.353306889534, 0.323015421629, 0.313661962748, 0.331855475903, 0.35815089941], "mean": [-7.33467292786, -6.73398256302, -7.46688222885, -7.95592927933, -8.02505207062, -10.9776229858], "max": [-4.91501617432, -4.42730712891, -4.95244073868, -5.60020112991, -5.74487638474, -7.83821439743], "dmean2": [0.670522391796, 0.562185227871, 0.503885090351, 0.477755635977, 0.461929947138, 0.398642212152], "median": [-6.93271827698, -6.53611850739, -7.27414417267, -7.78996801376, -7.80790805817, -10.6581115723], "dvar": [0.167351409793, 0.113156683743, 0.106180749834, 0.122375115752, 0.180060908198, 0.193943619728]}, "hfc": {"dvar2": 105.669410706, "var": 219.300460815, "min": 1.16960546053e-16, "dmean": 4.93576860428, "mean": 15.6480865479, "max": 107.685699463, "dmean2": 6.7510433197, "median": 11.1684532166, "dvar": 58.4261779785}, "spectral_kurtosis": {"dvar2": 38.9713439941, "var": 28.0210838318, "min": -1.25271642208, "dmean": 2.76255869865, "mean": 5.00683498383, "max": 60.4685249329, "dmean2": 4.68121910095, "median": 3.47857546806, "dvar": 13.8726501465}, "mfcc": {"mean": [-673.889099121, 141.762481689, -1.85802352428, 25.1457366943, 2.18090558052, 1.72787761688, -5.69315052032, 1.6185284853, -1.68824052811, 1.44511854649, -3.52255296707, -1.37053072453, -7.67348003387], "cov": [[12647.3681641, -323.377807617, 147.838989258, 427.53918457, -432.813690186, 96.650718689, 4.50822591782, 89.9374847412, 44.1519126892, 186.789077759, -42.7961959839, 87.2935791016, -150.122085571], [-323.377807617, 1468.41320801, -395.307922363, 57.1434783936, 97.301612854, -15.977440834, 36.5627670288, -3.80294561386, -13.6188583374, -21.4884777069, 9.3472776413, -13.459769249, 27.1894302368], [147.838989258, -395.307922363, 712.055419922, 4.74226093292, -15.2376680374, 79.6561355591, 2.40966320038, 26.0529975891, 41.1084709167, 36.5348625183, 5.30741262436, 16.8804893494, 2.96719694138], [427.53918457, 57.1434783936, 4.74226093292, 389.48739624, 88.4179382324, 6.30987215042, 11.0812034607, 2.11333918571, 20.5885543823, -20.6541881561, -5.25298833847, 31.9209156036, 22.0149402618], [-432.813690186, 97.301612854, -15.2376680374, 88.4179382324, 229.412261963, 27.4143447876, -4.82810544968, 20.2326507568, 10.2212181091, -14.3153886795, 16.3666305542, -3.67122912407, 12.5382385254], [96.650718689, -15.977440834, 79.6561355591, 6.30987215042, 27.4143447876, 122.478385925, 35.3057174683, 8.61782264709, 16.9897327423, 12.7412395477, 6.69907951355, 1.17442059517, -0.0413059331477], [4.50822591782, 36.5627670288, 2.40966320038, 11.0812034607, -4.82810544968, 35.3057174683, 147.110031128, 38.5800209045, 15.2935256958, 24.3481807709, 5.13817453384, 5.71669244766, 6.48075819016], [89.9374847412, -3.80294561386, 26.0529975891, 2.11333918571, 20.2326507568, 8.61782264709, 38.5800209045, 110.145492554, 19.6680545807, -0.710198819637, 13.1284761429, -10.8926534653, -7.77136135101], [44.1519126892, -13.6188583374, 41.1084709167, 20.5885543823, 10.2212181091, 16.9897327423, 15.2935256958, 19.6680545807, 96.7069854736, 41.9275970459, 0.629900872707, 12.7776670456, -0.939998209476], [186.789077759, -21.4884777069, 36.5348625183, -20.6541881561, -14.3153886795, 12.7412395477, 24.3481807709, -0.710198819637, 41.9275970459, 94.6118164062, 26.9529380798, 2.25249910355, -6.62555408478], [-42.7961959839, 9.3472776413, 5.30741262436, -5.25298833847, 16.3666305542, 6.69907951355, 5.13817453384, 13.1284761429, 0.629900872707, 26.9529380798, 79.2081680298, 21.9453659058, -3.15930271149], [87.2935791016, -13.459769249, 16.8804893494, 31.9209156036, -3.67122912407, 1.17442059517, 5.71669244766, -10.8926534653, 12.7776670456, 2.25249910355, 21.9453659058, 80.0573196411, 31.7679805756], [-150.122085571, 27.1894302368, 2.96719694138, 22.0149402618, 12.5382385254, -0.0413059331477, 6.48075819016, -7.77136135101, -0.939998209476, -6.62555408478, -3.15930271149, 31.7679805756, 80.9130172729]], "icov": [[0.000108680644189, 1.88254114164e-06, 2.55484264926e-05, -0.000200719267013, 0.000259463791735, -0.000179839335033, 0.000164214827237, -0.000264035188593, 0.000223744398681, -0.000396259943955, 0.000258630141616, -0.000277263665339, 0.000264981761575], [1.88254114164e-06, 0.000840882188641, 0.000462320429506, -6.34251045994e-05, -0.000258241256233, -6.21670697001e-05, -0.000225577532547, 9.4928596809e-05, -8.77364218468e-05, 8.82348322193e-05, -0.000195102780708, 0.000278073479421, -0.000322186999256], [2.55484264926e-05, 0.000462320429506, 0.00186556077097, -0.000136082730023, 0.000188679085113, -0.00122101698071, 0.00045174814295, -0.000595300632995, -0.000149431623868, -0.000636132317595, 0.000263062102022, -0.000337376841344, -0.000173654450919], [-0.000200719267013, -6.34251045994e-05, -0.000136082730023, 0.0034112627618, -0.00167119211983, 0.000591202813666, -0.000704867881723, 0.000730417785235, -0.0011050880421, 0.00149529636838, 4.08628766309e-05, -0.000743144424632, -0.000485392054543], [0.000259463791735, -0.000258241256233, 0.000188679085113, -0.00167119211983, 0.00615880731493, -0.00181819405407, 0.00118917308282, -0.00134774157777, -0.000403884303523, 0.000348008907167, -0.00133925536647, 0.000994100002572, -0.000582820503041], [-0.000179839335033, -6.21670697001e-05, -0.00122101698071, 0.000591202813666, -0.00181819405407, 0.010376050137, -0.00294110784307, 0.00148205086589, -0.00156436290126, 0.00102151022293, -0.00113219732884, 0.000962587189861, -0.00012056149717], [0.000164214827237, -0.000225577532547, 0.00045174814295, -0.000704867881723, 0.00118917308282, -0.00294110784307, 0.00919078011066, -0.00411595962942, 0.00140582409222, -0.00364253646694, 0.00179442006629, -0.0016315211542, -0.000332848285325], [-0.000264035188593, 9.4928596809e-05, -0.000595300632995, 0.000730417785235, -0.00134774157777, 0.00148205086589, -0.00411595962942, 0.0127204377204, -0.00440323492512, 0.00478938501328, -0.00447354232892, 0.00401090970263, -0.00034607044654], [0.000223744398681, -8.77364218468e-05, -0.000149431623868, -0.0011050880421, -0.000403884303523, -0.00156436290126, 0.00140582409222, -0.00440323492512, 0.0162381958216, -0.00939040444791, 0.00546625582501, -0.00506031792611, 0.00189695844892], [-0.000396259943955, 8.82348322193e-05, -0.000636132317595, 0.00149529636838, 0.000348008907167, 0.00102151022293, -0.00364253646694, 0.00478938501328, -0.00939040444791, 0.0192566830665, -0.00861778575927, 0.00467483326793, -0.00115419633221], [0.000258630141616, -0.000195102780708, 0.000263062102022, 4.08628766309e-05, -0.00133925536647, -0.00113219732884, 0.00179442006629, -0.00447354232892, 0.00546625582501, -0.00861778575927, 0.0191498249769, -0.00847212504596, 0.00359007972293], [-0.000277263665339, 0.000278073479421, -0.000337376841344, -0.000743144424632, 0.000994100002572, 0.000962587189861, -0.0016315211542, 0.00401090970263, -0.00506031792611, 0.00467483326793, -0.00847212504596, 0.0200363658369, -0.00790438614786], [0.000264981761575, -0.000322186999256, -0.000173654450919, -0.000485392054543, -0.000582820503041, -0.00012056149717, -0.000332848285325, -0.00034607044654, 0.00189695844892, -0.00115419633221, 0.00359007972293, -0.00790438614786, 0.0163520723581]]}, "silence_rate_20dB": {"dvar2": 0, "var": 0, "min": 1, "dmean": 0, "mean": 1, "max": 1, "dmean2": 0, "median": 1, "dvar": 0}, "melbands_kurtosis": {"dvar2": 175.526672363, "var": 241.862609863, "min": -1.91192650795, "dmean": 5.2223277092, "mean": 11.7422599792, "max": 376.58581543, "dmean2": 8.3358259201, "median": 7.3562746048, "dvar": 77.4467086792}, "barkbands_spread": {"dvar2": 52.7288208008, "var": 103.238365173, "min": 0.522578656673, "dmean": 4.12842750549, "mean": 17.2693901062, "max": 86.9875793457, "dmean2": 6.14041423798, "median": 15.3171100616, "dvar": 28.3078098297}, "erbbands_skewness": {"dvar2": 0.234888419509, "var": 0.540579319, "min": -3.76465344429, "dmean": 0.33574962616, "mean": 0.437627851963, "max": 4.33572101593, "dmean2": 0.511060595512, "median": 0.439245998859, "dvar": 0.108258701861}, "average_loudness": 0.925763905048, "spectral_centroid": {"dvar2": 124733.710938, "var": 290029.0625, "min": 201.754837036, "dmean": 203.019058228, "mean": 1064.56970215, "max": 11358.2822266, "dmean2": 306.26940918, "median": 977.857910156, "dvar": 65475.5898438}, "dissonance": {"dvar2": 0.00094143813476, "var": 0.000825146038551, "min": 0.272202044725, "dmean": 0.0199117213488, "mean": 0.460006862879, "max": 0.5, "dmean2": 0.0330569222569, "median": 0.466705560684, "dvar": 0.000361008045729}, "erbbands_flatness_db": {"dvar2": 0.000528616830707, "var": 0.00174922298174, "min": 0.0936815440655, "dmean": 0.0163441058248, "mean": 0.201919153333, "max": 0.38324201107, "dmean2": 0.0225751250982, "median": 0.199278324842, "dvar": 0.000305021501845}, "spectral_strongpeak": {"dvar2": 1.14111208916, "var": 0.908701777458, "min": 0, "dmean": 0.436727851629, "mean": 0.803636550903, "max": 8.08240032196, "dmean2": 0.747298061848, "median": 0.455132961273, "dvar": 0.447185605764}, "spectral_rms": {"dvar2": 2.30415116675e-06, "var": 4.66114806841e-06, "min": 3.22484617135e-12, "dmean": 0.000759601127356, "mean": 0.00448889378458, "max": 0.0117974244058, "dmean2": 0.00115550588816, "median": 0.00451904954389, "dvar": 1.05457286281e-06}, "silence_rate_60dB": {"dvar2": 0.0292770564556, "var": 0.0984392464161, "min": 0, "dmean": 0.0125061068684, "mean": 0.110687769949, "max": 1, "dmean2": 0.0250146575272, "median": 0, "dvar": 0.0123523045331}, "melbands": {"dvar2": [8.62706474436e-06, 1.68191727425e-05, 5.1315419114e-06, 2.10676330425e-06, 6.14955069977e-07, 3.84941444054e-07, 3.0556569186e-07, 5.88737123053e-07, 7.0287495646e-07, 9.66104209965e-08, 1.33595563057e-07, 3.90840426689e-08, 3.60434739832e-08, 1.17652891873e-08, 1.00680139781e-08, 8.79766481887e-09, 5.7473070747e-09, 4.08554834408e-09, 3.38739414296e-09, 1.6501842115e-09, 7.17347126145e-10, 7.4795486471e-10, 1.43481959647e-09, 5.23026344457e-10, 2.45782921793e-10, 2.20903031978e-10, 1.97607832875e-10, 2.13890335998e-10, 8.33564675617e-11, 7.4999451094e-11, 3.78269637835e-11, 3.49838560898e-11, 1.25000114426e-11, 8.92765462251e-12, 9.38723838245e-12, 1.26124501468e-11, 1.0412242249e-11, 1.34392627235e-11, 7.59636624437e-12, 4.77080994068e-13], "var": [2.98251802633e-06, 6.0935503825e-06, 2.41228417508e-06, 1.22024584925e-06, 6.93578556366e-07, 2.72700646065e-07, 1.9574186183e-07, 5.25553787156e-07, 5.60097930702e-07, 1.17410309031e-07, 2.17036173922e-07, 4.83250452987e-08, 2.99131492909e-08, 1.3143877986e-08, 7.51954587486e-09, 6.17515993895e-09, 5.01223551552e-09, 4.1028993536e-09, 3.63315133534e-09, 1.43906841998e-09, 6.93095358884e-10, 8.88740081528e-10, 1.34831845688e-09, 6.63070376383e-10, 2.93671059692e-10, 1.37321862215e-10, 1.57210980345e-10, 1.49191353715e-10, 8.33850419268e-11, 4.69521921342e-11, 2.87998791482e-11, 2.61569464005e-11, 9.8222055489e-12, 1.24853504271e-11, 1.40327471865e-11, 1.08430391402e-11, 1.05300195646e-11, 1.00330993513e-11, 4.5834143772e-12, 2.73766930349e-13], "min": [2.15832955036e-24, 1.92900768521e-24, 4.63698987634e-24, 8.21338150917e-24, 6.35579196551e-24, 1.17449960165e-24, 6.30202202292e-24, 7.37124646043e-24, 6.0475343116e-24, 2.65840090274e-24, 5.40060762703e-24, 9.70922192423e-24, 9.3505536919e-24, 9.77075465256e-24, 5.12037307349e-24, 4.17279611515e-24, 6.14987205354e-24, 5.27588240703e-24, 8.7178288702e-24, 8.48878547295e-24, 4.82381304351e-24, 7.23425129791e-24, 6.31373779065e-24, 8.07282306194e-24, 6.57480972951e-24, 6.72781521853e-24, 6.18546