{"tonal": {"thpcp": [1, 0.759804785252, 0.413468629122, 0.31999078393, 0.253658592701, 0.243814796209, 0.296627253294, 0.309819608927, 0.288387566805, 0.340112805367, 0.439236104488, 0.474719703197, 0.401212900877, 0.301762640476, 0.219862475991, 0.166556507349, 0.162157982588, 0.185027986765, 0.263940930367, 0.317778706551, 0.261109232903, 0.223062723875, 0.212097644806, 0.190349787474, 0.212479561567, 0.25808018446, 0.269949287176, 0.271681308746, 0.266892910004, 0.228883042932, 0.198107331991, 0.202931880951, 0.21412961185, 0.197983086109, 0.20311793685, 0.584076941013], "hpcp": {"dmean2": [0.368271172047, 0.295468330383, 0.224954202771, 0.180108740926, 0.16294541955, 0.182053223252, 0.231711134315, 0.258725613356, 0.221580430865, 0.209705367684, 0.197455376387, 0.18228854239, 0.19753088057, 0.216864362359, 0.226703569293, 0.233087614179, 0.22745385766, 0.203090518713, 0.176900222898, 0.174741640687, 0.179528981447, 0.168435633183, 0.18785828352, 0.330504149199, 0.523940682411, 0.400865703821, 0.341141909361, 0.314259767532, 0.252966791391, 0.23690918088, 0.271830201149, 0.292517900467, 0.282345831394, 0.334018170834, 0.387726068497, 0.381963342428], "median": [0.106451541185, 0.0780051425099, 0.0552970245481, 0.0421299673617, 0.0416512936354, 0.0494426377118, 0.0819624960423, 0.100314021111, 0.078020080924, 0.0609743520617, 0.058965228498, 0.0537476204336, 0.0642191171646, 0.0832187533379, 0.0871053040028, 0.0807540118694, 0.0765829235315, 0.0661034807563, 0.0610110536218, 0.0649018734694, 0.0662652030587, 0.0602715983987, 0.0579063668847, 0.313250362873, 0.53479796648, 0.482169210911, 0.118349060416, 0.0855450630188, 0.0663963705301, 0.0669456571341, 0.0807632654905, 0.0884618908167, 0.0837749987841, 0.0980013459921, 0.126525357366, 0.131431594491], "min": [0, 0, 0, 0, 0, 0, 0, 0, 0, 0, 0, 0, 0, 0, 0, 0, 0, 0, 0, 0, 0, 0, 0, 0, 0, 0, 0, 0, 0, 0, 0, 0, 0, 0, 0, 0], "dvar2": [0.17566485703, 0.136813342571, 0.113757736981, 0.093135997653, 0.0672519281507, 0.0729306191206, 0.0898686945438, 0.108703233302, 0.0887465849519, 0.0941725224257, 0.0821776092052, 0.0740995407104, 0.0735895782709, 0.0739520713687, 0.0883641764522, 0.0962453559041, 0.093921482563, 0.0786148682237, 0.0626476928592, 0.0635529085994, 0.057667080313, 0.0517068132758, 0.0719021335244, 0.103169962764, 0.260418325663, 0.132861375809, 0.137400373816, 0.140525668859, 0.114211663604, 0.106221340597, 0.125443726778, 0.136504158378, 0.129458636045, 0.149132832885, 0.171171635389, 0.168961927295], "dvar": [0.0641951933503, 0.0483770780265, 0.0388763584197, 0.0316116325557, 0.0238897167146, 0.0262595508248, 0.032810267061, 0.0400666259229, 0.0323213599622, 0.0336582958698, 0.0301336012781, 0.0271760672331, 0.0272005386651, 0.0272235907614, 0.03222252056, 0.0353676639497, 0.0333515368402, 0.0286683291197, 0.0228561274707, 0.022746136412, 0.0212663989514, 0.0190744511783, 0.0259412508458, 0.0390976332128, 0.101502209902, 0.0500187575817, 0.0509535111487, 0.0508330315351, 0.0423623584211, 0.03885595873, 0.0452800728381, 0.049429949373, 0.04631331563, 0.053743775934, 0.0620115362108, 0.0632367804646], "dmean": [0.208967745304, 0.165542200208, 0.124453596771, 0.0994743779302, 0.0909257084131, 0.102692969143, 0.131833404303, 0.149635955691, 0.127258747816, 0.120110943913, 0.113028518856, 0.103264510632, 0.112323582172, 0.125353232026, 0.130533471704, 0.132763400674, 0.130110442638, 0.115818567574, 0.10069181025, 0.0996074527502, 0.102924875915, 0.0968105867505, 0.107202708721, 0.186624586582, 0.290943324566, 0.229292854667, 0.195218846202, 0.177478909492, 0.142466530204, 0.133747696877, 0.152987703681, 0.163388714194, 0.157445058227, 0.186002224684, 0.217951968312, 0.219140708447], "max": [1, 1, 1, 1, 1, 1, 1, 1, 1, 1, 1, 1, 1, 1, 1, 1, 1, 1, 1, 1, 1, 1, 1, 1, 1, 1, 1, 1, 1, 1, 1, 1, 1, 1, 1, 1], "var": [0.0722991526127, 0.0490865036845, 0.0329613611102, 0.0241120122373, 0.020345909521, 0.0239803176373, 0.0324339158833, 0.0435384400189, 0.0325032882392, 0.0308451727033, 0.0281947050244, 0.02379010804, 0.0252845045179, 0.0299603287131, 0.0344016999006, 0.0391236506402, 0.0368787050247, 0.0278784148395, 0.0205125231296, 0.0207409355789, 0.0222814157605, 0.0203870460391, 0.0242820493877, 0.0570538118482, 0.159902825952, 0.0778966397047, 0.0706526711583, 0.0517009533942, 0.0400119610131, 0.0358880721033, 0.0494290180504, 0.0487826876342, 0.0423657558858, 0.0528026968241, 0.0762784704566, 0.0876667872071], "mean": [0.22321768105, 0.167887821794, 0.122322075069, 0.092664912343, 0.0902177616954, 0.102941654623, 0.146845430136, 0.176798477769, 0.145270004869, 0.124102555215, 0.118002049625, 0.105902478099, 0.118214532733, 0.143584772944, 0.150188237429, 0.15115185082, 0.148487791419, 0.127340734005, 0.110218442976, 0.112902611494, 0.119132556021, 0.11014931649, 0.113006129861, 0.324955403805, 0.556357204914, 0.422722876072, 0.230036258698, 0.178029179573, 0.141124784946, 0.135648116469, 0.165030702949, 0.172370374203, 0.160446494818, 0.189224213362, 0.244372174144, 0.264113724232]}, "tuning_equal_tempered_deviation": 0.237736642361, "chords_changes_rate": 0.0816711559892, "key_key": "A#", "tuning_diatonic_strength": 0.406456172466, "key_scale": "minor", "chords_number_rate": 0.00215633423068, "tuning_frequency": 434.193115234, "tuning_nontempered_energy_ratio": 0.835385859013, "chords_histogram": [0, 14.3665771484, 17.3315372467, 0, 0, 0, 0.350404322147, 2.29110503197, 41.6981124878, 13.2614555359, 0, 0, 0.727762818336, 2.99191379547, 0.646900296211, 0.78167116642, 0, 0.377358496189, 2.39892172813, 2.72237205505, 0.0539083555341, 0, 0, 0], "key_strength": 0.430788755417, "chords_key": "D", "chords_strength": {"dmean2": 0.0143478345126, "median": 0.479372560978, "min": 0.259465783834, "dvar2": 0.000150259424117, "dvar": 8.71323281899e-05, "dmean": 0.0110611496493, "max": 0.758444130421, "var": 0.00712045421824, "mean": 0.483717471361}, "chords_scale": "minor", "hpcp_entropy": {"dmean2": 1.1839877367, "median": 3.00512361526, "min": 0, "dvar2": 0.825954258442, "dvar": 0.300840288401, "dmean": 0.702211260796, "max": 4.71959590912, "var": 0.614611804485, "mean": 2.91205096245}}, "metadata": {"audio_properties": {"equal_loudness": 0, "codec": "mp3", "downmix": "mix", "sample_rate": 44100, "analysis_sample_rate": 44100, "bit_rate": 128000, "md5_encoded": "109009deeb43d6359ab12f7d6f6bcc52", "length": 172.225311279, "replay_gain": 0.453310012817, "lossless": false}, "version": {"essentia_build_sha": "e76a03f03bb3900de42a1fa0d9be1e72f12def64", "essentia": "2.1-beta1", "extractor": "music 1.0", "essentia_git_sha": "v2.1_beta1-28-g21ef5f4-dirty"}, "tags": {"title": ["Going Nowhere"], "replaygain_album_gain": ["-0.67 dB"], "albumartist": ["The Bones"], "date": ["2002"], "file_name": "09 - The Bones - Going Nowhere.mp3", "replaygain_track_gain": ["-0.87 dB"], "replaygain_track_peak": ["0.459639"], "acoustid_id": ["332b065b-465b-4c0f-99bc-41d311528002"], "musicbrainz_recordingid": ["013e69fe-f6c2-4dcc-a705-4ea9e0ee77d9"], "musicbrainz_albumartistid": ["9a5f37c3-7273-41eb-a984-88271ed32e96"], "musicbrainz_albumid": ["7898e51d-fb9f-46c2-b029-94be73b4d824"], "artist": ["The Bones"], "tracknumber": ["9/13"], "replaygain_album_peak": ["0.480979"], "album": ["Bigger Than Jesus"], "discnumber": ["1/1"], "musicbrainz_artistid": ["9a5f37c3-7273-41eb-a984-88271ed32e96"], "musicbrainz_releasegroupid": ["2b1fc96b-a281-32c3-bf79-218123521f67"]}}, "rhythm": {"bpm_histogram_first_peak_bpm": {"dmean2": 0, "median": 96, "min": 96, "dvar2": 0, "dvar": 0, "dmean": 0, "max": 96, "var": 0, "mean": 96}, "bpm": 95.1337203979, "bpm_histogram_second_peak_spread": {"dmean2": 0, "median": 0.173913031816, "min": 0.173913031816, "dvar2": 0, "dvar": 0, "dmean": 0, "max": 0.173913031816, "var": 0, "mean": 0.173913031816}, "bpm_histogram_first_peak_weight": {"dmean2": 0, "median": 0.521428585052, "min": 0.521428585052, "dvar2": 0, "dvar": 0, "dmean": 0, "max": 0.521428585052, "var": 0, "mean": 0.521428585052}, "onset_rate": 1.29466283321, "beats_position": [0.592108845711, 1.19582760334, 1.79954648018, 2.40326523781, 3.01859402657, 3.63392281532, 4.2492518425, 4.87619018555, 5.50312900543, 6.13006782532, 6.7570066452, 7.38394546509, 8.01088428497, 8.63782310486, 9.27637195587, 9.91492080688, 10.5418596268, 11.1687984467, 11.7957363129, 12.4226751328, 13.0612239838, 13.6997728348, 14.3267116547, 14.9536504745, 15.5805892944, 16.2191371918, 16.8576869965, 17.4730148315, 18.1115646362, 18.7501125336, 19.3886623383, 20.0156002045, 20.642539978, 21.2694778442, 21.8964176178, 22.523355484, 23.1619052887, 23.800453186, 24.4273910522, 25.0543308258, 25.681268692, 26.3314285278, 26.9699764252, 27.5969161987, 28.2354640961, 28.8624038696, 29.4893417358, 30.1162815094, 30.7432193756, 31.3817672729, 32.0203170776, 32.6472549438, 33.2741928101, 33.9127426147, 34.539680481, 35.1782302856, 35.8167800903, 36.455329895, 37.0822677612, 37.7092056274, 38.3361434937, 38.9746932983, 39.6016311646, 40.2285690308, 40.8671188354, 41.5056686401, 42.1442184448, 42.771156311, 43.3980941772, 44.0250320435, 44.6519737244, 45.2905197144, 45.929069519, 46.5560073853, 47.1829452515, 47.8098869324, 48.4600448608, 49.0869827271, 49.7139205933, 50.3408622742, 50.9678001404, 51.5947380066, 52.2216758728, 52.8486175537, 53.4871635437, 54.1257133484, 54.7642631531, 55.3912010193, 56.0181388855, 56.6566886902, 57.2952384949, 57.9337844849, 58.5607261658, 59.187664032, 59.8146018982, 60.4415397644, 61.0684814453, 61.6954193115, 62.3223571777, 62.9609069824, 63.5994529724, 64.2263946533, 64.864944458, 65.5034942627, 66.1304321289, 66.7573699951, 67.3843078613, 68.0112457275, 68.6381835938, 69.2767333984, 69.9152832031, 70.5422210693, 71.1691589355, 71.7960968018, 72.423034668, 73.0615844727, 73.7001342773, 74.338684082, 74.9772338867, 75.6041717529, 76.2427215576, 76.8812713623, 77.5082092285, 78.1235351562, 78.738861084, 79.3774108887, 80.0043487549, 80.6312942505, 81.2698364258, 81.8967819214, 82.5237197876, 83.1622695923, 83.8008117676, 84.4393615723, 85.077911377, 85.7048492432, 86.3317871094, 86.9587249756, 87.5856704712, 88.2242126465, 88.8627624512, 89.4897003174, 90.116645813, 90.7435836792, 91.3705215454, 92.0090713501, 92.6476211548, 93.2861633301, 93.9247131348, 94.551651001, 95.1785888672, 95.8055343628, 96.432472229, 97.0594100952, 97.6863479614, 98.3248977661, 98.9634475708, 99.590385437, 100.217323303, 100.832649231, 101.471199036, 102.10974884, 102.736686707, 103.363624573, 103.990562439, 104.629112244, 105.279273987, 105.906211853, 106.533149719, 107.160087585, 107.787025452, 108.425575256, 109.064125061, 109.691062927, 110.329612732, 110.956550598, 111.595100403, 112.222038269, 112.848976135, 113.475914001, 114.102851868, 114.741401672, 115.379951477, 116.006889343, 116.633827209, 117.260765076, 117.887710571, 118.526252747, 119.164802551, 119.791740417, 120.418685913, 121.045623779, 121.695777893, 122.334327698, 122.961265564, 123.599815369, 124.226753235, 124.853691101, 125.480628967, 126.107574463, 126.734512329, 127.361450195, 127.988388062, 128.615325928, 129.253875732, 129.892425537, 130.519363403, 131.14630127, 131.784851074, 132.423400879, 133.061950684, 133.700500488, 134.327438354, 134.954376221, 135.581314087, 136.208251953, 136.846801758, 137.485351562, 138.112289429, 138.739227295, 139.366165161, 140.004714966, 140.631652832, 141.258590698, 141.897140503, 142.524078369, 143.151016235, 143.777954102, 144.404891968, 145.043441772, 145.681991577, 146.320541382, 146.959091187, 147.586029053, 148.212966919, 148.839904785, 149.47845459, 150.117004395, 150.743942261, 151.370880127, 151.997817993, 152.624755859, 153.251693726, 153.878631592, 154.505569458, 155.144119263, 155.794281006, 156.432830811, 157.059768677, 157.675094604, 158.302032471, 158.917373657, 159.381759644, 159.83454895, 160.298950195, 160.751739502, 161.216140747, 161.680541992, 162.110107422, 162.528076172, 162.957641602, 163.387207031, 163.816772461, 164.246353149, 164.675918579, 165.105484009, 165.535049438, 165.964630127, 166.394195557, 166.823760986, 167.253326416, 167.671295166, 168.112472534, 168.553649902, 168.983215332, 169.412780762, 169.84236145, 170.27192688, 170.70149231, 171.131057739, 171.560638428], "beats_loudness": {"dmean2": 0.0305951740593, "median": 0.0552074871957, "min": 0.0179506056011, "dvar2": 0.00074774940731, "dvar": 0.000253690086538, "dmean": 0.0181317441165, "max": 0.14315277338, "var": 0.000456492387457, "mean": 0.0578544251621}, "danceability": 1.13134229183, "bpm_histogram_second_peak_weight": {"dmean2": 0, "median": 0.0678571462631, "min": 0.0678571462631, "dvar2": 0, "dvar": 0, "dmean": 0, "max": 0.0678571462631, "var": 0, "mean": 0.0678571462631}, "beats_count": 281, "bpm_histogram_second_peak_bpm": {"dmean2": 0, "median": 140, "min": 140, "dvar2": 0, "dvar": 0, "dmean": 0, "max": 140, "var": 0, "mean": 140}, "bpm_histogram_first_peak_spread": {"dmean2": 0, "median": 0.418326675892, "min": 0.418326675892, "dvar2": 0, "dvar": 0, "dmean": 0, "max": 0.418326675892, "var": 0, "mean": 0.418326675892}, "beats_loudness_band_ratio": {"dmean2": [0.236687719822, 0.158404633403, 0.133114516735, 0.0932099968195, 0.0646067783237, 0.142608985305], "median": [0.306040644646, 0.143638417125, 0.0561891458929, 0.0873121544719, 0.105272896588, 0.229967296124], "min": [0.0383471697569, 0.0166014526039, 0.00887199025601, 0.0130187077448, 0.0117869516835, 0.0750793591142], "dvar2": [0.0379160195589, 0.0158436521888, 0.0219708122313, 0.00938441511244, 0.00302970269695, 0.0181866716594], "dvar": [0.0137286754325, 0.00546677038074, 0.00746479211375, 0.00349944736809, 0.0011281905463, 0.00574303790927], "dmean": [0.139258623123, 0.0906350463629, 0.0740489810705, 0.0553002543747, 0.0389596186578, 0.0816065147519], "max": [0.794904351234, 0.526329040527, 0.539317965508, 0.472484588623, 0.302775472403, 0.65967208147], "var": [0.0191125310957, 0.00747852306813, 0.00735171651468, 0.00385684357025, 0.00265247304924, 0.0101945828646], "mean": [0.324017494917, 0.157744288445, 0.0897759720683, 0.101692862809, 0.107207275927, 0.246441558003]}}, "lowlevel": {"barkbands_spread": {"dmean2": 16.8530464172, "median": 51.6198921204, "min": 8.02267837524, "dvar2": 239.851547241, "dvar": 98.4331436157, "dmean": 10.4617776871, "max": 105.840660095, "var": 408.147155762, "mean": 52.7189826965}, "melbands_spread": {"dmean2": 12.9702425003, "median": 26.8470649719, "min": 1.71390664577, "dvar2": 141.206298828, "dvar": 54.2246360779, "dmean": 7.92544364929, "max": 145.746582031, "var": 166.368789673, "mean": 27.8383731842}, "hfc": {"dmean2": 91.9649505615, "median": 295.863952637, "min": 1.09092959932e-16, "dvar2": 7281.84765625, "dvar": 2595.00170898, "dmean": 54.9462738037, "max": 1180.61572266, "var": 5730.25390625, "mean": 301.790710449}, "barkbands_kurtosis": {"dmean2": 3.12769937515, "median": 0.876738071442, "min": -1.66743659973, "dvar2": 23.5834674835, "dvar": 9.00855445862, "dmean": 1.85651636124, "max": 51.8840866089, "var": 13.3349704742, "mean": 1.95725619793}, "gfcc": {"mean": [50.8038024902, 86.3408203125, -103.069664001, -5.08899927139, 4.78860712051, -20.4790325165, 4.64902973175, -27.9958610535, 10.147611618, -4.94960975647, -1.79046607018, 1.09825968742, -10.5796575546], "icov": [[0.000420013646362, -0.000426099082688, 0.00147414556704, -0.0011723889038, 0.000710071413778, -0.000497909204569, 0.000504581897985, -0.000238962413277, 0.000213461724343, -0.000669428496622, 0.000811912643258, -0.000549575255718, 0.000159322677064], [-0.000426099082688, 0.00463090511039, -0.00286602578126, 0.00432908348739, -0.00280288420618, 0.00165453611407, 2.34242888837e-05, 0.000828116200864, -0.00325965764932, 0.00403389986604, -0.00459060026333, 0.00256539718248, -0.000990594853647], [0.00147414556704, -0.00286602578126, 0.0148270437494, -0.00991945900023, 0.0039946353063, -0.00467477412894, 0.00782219972461, -0.0034482544288, 0.000181226452696, -0.00385592970997, 0.00711516244337, -0.00344606093131, 0.00139284215402], [-0.0011723889038, 0.00432908348739, -0.00991945900023, 0.0150730097666, -0.00639968458563, 0.00493464712054, -0.00637944228947, 0.00161760067567, 0.00201043323614, -0.000534294929821, -0.000747542944737, -0.00196430692449, 0.00119480793364], [0.000710071413778, -0.00280288420618, 0.0039946353063, -0.00639968458563, 0.0122810509056, -0.0044952314347, -0.000232090562349, 0.00226240884513, -0.00319738686085, 0.00627267966047, -0.00614467170089, 0.0064120227471, -0.00552063202485], [-0.000497909204569, 0.00165453611407, -0.00467477412894, 0.00493464712054, -0.0044952314347, 0.0114507814869, -0.00214821449481, -0.00607628980651, 0.00434615975246, -0.00200996291824, 0.000842844427098, -0.00449760258198, 0.00265723047778], [0.000504581897985, 2.34242888837e-05, 0.00782219972461, -0.00637944228947, -0.000232090562349, -0.00214821449481, 0.0126521838829, 0.000234893741435, -0.0054743681103, -0.00140461768024, 0.0044528869912, -0.00432157889009, 0.000249337404966], [-0.000238962413277, 0.000828116200864, -0.0034482544288, 0.00161760067567, 0.00226240884513, -0.00607628980651, 0.000234893741435, 0.0194470845163, -0.00652214465663, 0.000533667334821, -0.00661120098084, 0.0112426970154, -0.00835410971195], [0.000213461724343, -0.00325965764932, 0.000181226452696, 0.00201043323614, -0.00319738686085, 0.00434615975246, -0.0054743681103, -0.00652214465663, 0.0230658091605, -0.0176791641861, 0.0112872207537, -0.0104653434828, 0.00871026795357], [-0.000669428496622, 0.00403389986604, -0.00385592970997, -0.000534294929821, 0.00627267966047, -0.00200996291824, -0.00140461768024, 0.000533667334821, -0.0176791641861, 0.0396536998451, -0.0271096900105, 0.0159619692713, -0.00815258082002], [0.000811912643258, -0.00459060026333, 0.00711516244337, -0.000747542944737, -0.00614467170089, 0.000842844427098, 0.0044528869912, -0.00661120098084, 0.0112872207537, -0.0271096900105, 0.0469583682716, -0.0251851323992, 0.00415331916884], [-0.000549575255718, 0.00256539718248, -0.00344606093131, -0.00196430692449, 0.0064120227471, -0.00449760258198, -0.00432157889009, 0.0112426970154, -0.0104653434828, 0.0159619692713, -0.0251851323992, 0.0364375114441, -0.0084119066596], [0.000159322677064, -0.000990594853647, 0.00139284215402, 0.00119480793364, -0.00552063202485, 0.00265723047778, 0.000249337404966, -0.00835410971195, 0.00871026795357, -0.00815258082002, 0.00415331916884, -0.0084119066596, 0.0208051204681]], "cov": [[4225.59912109, -167.393005371, -417.737823486, 189.948165894, -140.58883667, -70.0227432251, 235.837585449, -110.896232605, 46.2409629822, 43.1444969177, -4.36237096786, 102.225517273, -59.2391929626], [-167.393005371, 527.625732422, -6.96666622162, -181.670623779, 99.660736084, -8.09352207184, -98.2947235107, 42.1230316162, 32.5468635559, -13.3290405273, 39.7957878113, -41.5554924011, 39.2787857056], [-417.737823486, -6.96666622162, 244.015579224, 38.7262191772, -32.9527702332, 66.1834564209, -117.478370667, 58.3457183838, -27.548248291, 6.17024803162, -16.9940071106, -20.7673473358, 0.893359839916], [189.948165894, -181.670623779, 38.7262191772, 229.936218262, 19.2244110107, -29.2724666595, 100.592399597, -50.3621520996, 1.93848466873, -1.3816229105, -16.294834137, 37.1023025513, -21.5889987946], [-140.58883667, 99.660736084, -32.9527702332, 19.2244110107, 179.22102356, 16.804107666, 31.5125713348, -1.49158287048, 3.71751952171, -15.8532810211, 21.3358688354, -5.12249612808, 37.2582969666], [-70.0227432251, -8.09352207184, 66.1834564209, -29.2724666595, 16.804107666, 165.419052124, -39.714969635, 71.3547744751, -21.6615772247, 13.2742786407, 11.7118864059, -4.39065647125, 20.0177745819], [235.837585449, -98.2947235107, -117.478370667, 100.592399597, 31.5125713348, -39.714969635, 235.582473755, -55.9067726135, 66.7924041748, 11.1327095032, -1.78187847137, 47.9712333679, -20.0855922699], [-110.896232605, 42.1230316162, 58.3457183838, -50.3621520996, -1.49158287048, 71.3547744751, -55.9067726135, 128.544036865, 10.8588924408, 35.0069503784, 15.4996786118, -31.8287143707, 37.8257713318], [46.2409629822, 32.5468635559, -27.548248291, 1.93848466873, 3.71751952171, -21.6615772247, 66.7924041748, 10.8588924408, 111.31022644, 42.4209594727, 8.68603992462, 12.7744235992, -16.3059425354], [43.1444969177, -13.3290405273, 6.17024803162, -1.3816229105, -15.8532810211, 13.2742786407, 11.1327095032, 35.0069503784, 42.4209594727, 72.0319976807, 29.2046966553, 0.532590448856, 11.5738124847], [-4.36237096786, 39.7957878113, -16.9940071106, -16.294834137, 21.3358688354, 11.7118864059, -1.78187847137, 15.4996786118, 8.68603992462, 29.2046966553, 56.6537132263, 20.6497917175, 19.2592658997], [102.225517273, -41.5554924011, -20.7673473358, 37.1023025513, -5.12249612808, -4.39065647125, 47.9712333679, -31.8287143707, 12.7744235992, 0.532590448856, 20.6497917175, 65.4180984497, -0.467717885971], [-59.2391929626, 39.2787857056, 0.893359839916, -21.5889987946, 37.2582969666, 20.0177745819, -20.0855922699, 37.8257713318, -16.3059425354, 11.5738124847, 19.2592658997, -0.467717885971, 81.6561203003]]}, "spectral_energyband_middle_low": {"dmean2": 0.00790240056813, "median": 0.00767702655867, "min": 2.0633623804e-22, "dvar2": 0.000106449078885, "dvar": 4.575843559e-05, "dmean": 0.00496186967939, "max": 0.1063169837, "var": 0.000101218065538, "mean": 0.0113193755969}, "melbands_crest": {"dmean2": 8.52118301392, "median": 15.0352363586, "min": 1.82171022892, "dvar2": 53.7996482849, "dvar": 19.9221973419, "dmean": 5.13309431076, "max": 35.8194541931, "var": 49.1756286621, "mean": 16.2716312408}, "spectral_kurtosis": {"dmean2": 5.90528583527, "median": 20.8493404388, "min": -1.22657608986, "dvar2": 43.6786766052, "dvar": 19.1318035126, "dmean": 3.88012695312, "max": 88.6697921753, "var": 60.1442337036, "mean": 22.056350708}, "spectral_rms": {"dmean2": 0.0018708978314, "median": 0.00715410942212, "min": 3.15817142403e-12, "dvar2": 4.5530036914e-06, "dvar": 1.80445988462e-06, "dmean": 0.0011511084158, "max": 0.017307145521, "var": 3.51635685547e-06, "mean": 0.00748009374365}, "zerocrossingrate": {"dmean2": 0.048278093338, "median": 0.3203125, "min": 0.10595703125, "dvar2": 0.00157511373982, "dvar": 0.000980491749942, "dmean": 0.0369249358773, "max": 0.67919921875, "var": 0.00856470130384, "mean": 0.329621970654}, "silence_rate_60dB": {"dmean2": 0.000539301603567, "median": 0, "min": 0, "dvar2": 0.000539010739885, "dvar": 0.000269541749731, "dmean": 0.000269614451099, "max": 1, "var": 0.00228616339155, "mean": 0.00229141395539}, "erbbands_kurtosis": {"dmean2": 1.32136785984, "median": 0.537769198418, "min": -1.5363214016, "dvar2": 1.86664068699, "dvar": 0.785974144936, "dmean": 0.825775265694, "max": 17.6371917725, "var": 2.19996285439, "mean": 0.789205849171}, "erbbands": {"dmean2": [0.899453282356, 2.82613062859, 5.25581121445, 4.62099123001, 8.11873531342, 12.9098129272, 19.4622650146, 23.4404067993, 29.7454299927, 31.9219226837, 32.489402771, 33.9182357788, 25.2042751312, 36.5864105225, 46.2210655212, 63.4153633118, 76.1271057129, 76.2548751831, 76.6051483154, 50.732585907, 32.0076713562, 25.060585022, 18.9183444977, 15.3368721008, 8.98769378662, 6.8577246666, 5.38237476349, 4.1327290535, 2.93518447876, 1.93237638474, 1.22128486633, 0.383279293776, 0.0874553471804, 0.0583541095257, 0.037797190249, 0.023529721424, 0.0753619000316, 0.0891561061144, 0.0466339439154, 0.0235196780413], "median": [0.268938273191, 1.58546984196, 2.71351289749, 2.65016627312, 4.28700971603, 5.16894340515, 7.44715690613, 11.6877536774, 12.2116327286, 13.2280921936, 14.4210672379, 13.1770896912, 11.0409755707, 18.0523834229, 27.9983940125, 42.6516227722, 47.4772834778, 64.2022323608, 74.9771347046, 57.3363418579, 38.7878837585, 30.1497879028, 19.8581943512, 14.5771694183, 9.14052009583, 6.9538397789, 5.8617105484, 3.86776018143, 2.30454564095, 1.45961558819, 0.777897119522, 0.21117131412, 0.0339922681451, 0.0176461711526, 0.0124891400337, 0.0119661735371, 0.0495994612575, 0.109566517174, 0.121329091489, 0.0816693305969], "min": [1.93213997576e-22, 1.13828877432e-21, 1.54044415681e-21, 5.21074348942e-21, 2.30672416222e-20, 5.22682116634e-20, 3.12491807134e-20, 9.42912615278e-20, 1.73372132082e-19, 2.02471208658e-19, 3.14333647553e-19, 5.47203911743e-19, 1.05912164272e-18, 1.09525495983e-18, 1.58601615078e-18, 1.73129584631e-18, 2.23295297048e-18, 2.09117669503e-18, 3.87856469266e-18, 4.31399339429e-18, 6.15291433048e-18, 6.39340013638e-18, 7.40610619339e-18, 7.8930930626e-18, 1.0619734306e-17, 1.16818879793e-17, 1.24937971834e-17, 1.37053727625e-17, 1.35473771296e-17, 1.18551541935e-17, 9.76217962138e-18, 9.92480663853e-18, 1.05566551669e-17, 9.69004616324e-18, 6.74620797048e-18, 5.03223928325e-18, 2.73505263628e-18, 1.03419455496e-18, 3.02461641209e-19, 2.73307292165e-20], "dvar2": [2.84581851959, 11.4447956085, 35.4557609558, 40.2752685547, 128.153488159, 572.025268555, 1850.34094238, 1747.23999023, 3762.6171875, 4362.39208984, 4456.62353516, 7812.10205078, 3290.38720703, 6951.72851562, 8895.42089844, 13080.1298828, 18120.9277344, 11159.3955078, 9096.12304688, 3026.2434082, 1475.38208008, 802.432800293, 652.090820312, 450.285095215, 207.930419922, 136.007293701, 109.729164124, 88.3695678711, 52.1781044006, 15.4309902191, 5.29719543457, 0.437542498112, 0.0162396766245, 0.00727223884314, 0.00284106167965, 0.000934255716857, 0.0179478246719, 0.0200871359557, 0.00277296779677, 0.000472068379167], "dvar": [1.0312871933, 4.20604419708, 11.7972450256, 15.1716661453, 48.3918190002, 232.052062988, 743.852539062, 717.335083008, 1488.05969238, 1918.86413574, 1717.15246582, 2951.13671875, 1312.90429688, 2668.09204102, 3705.33642578, 5182.84375, 7209.69726562, 4591.31738281, 3423.55078125, 1126.68041992, 541.203430176, 298.864471436, 267.028381348, 194.917663574, 96.7182617188, 63.3714752197, 52.518371582, 42.6584320068, 26.5534534454, 7.53254795074, 2.4319357872, 0.19374807179, 0.00662037264556, 0.00296599511057, 0.00116605497897, 0.000387623615097, 0.00819794647396, 0.0097034489736, 0.0013103580568, 0.000179193884833], "dmean": [0.527959167957, 1.62574803829, 3.00226712227, 2.72551894188, 4.84454584122, 7.93796634674, 11.9289369583, 14.0645990372, 17.8307762146, 19.7037906647, 19.6641159058, 20.7155132294, 15.4985980988, 22.3684921265, 28.6414985657, 38.7461700439, 46.6914978027, 46.7609863281, 46.3220329285, 30.4103927612, 18.8717460632, 14.8876905441, 11.6795158386, 9.93593978882, 6.01525640488, 4.53663825989, 3.56555485725, 2.76107668877, 1.98038959503, 1.2896695137, 0.804325819016, 0.246937140822, 0.0528184473515, 0.0350225009024, 0.0227711964399, 0.0144544122741, 0.0501390509307, 0.0610525533557, 0.0316341817379, 0.0144367041066], "max": [10.8070068359, 23.7803535461, 42.479133606, 58.7128944397, 135.68812561, 260.844390869, 883.696960449, 663.32220459, 951.012084961, 1396.02905273, 1043.78173828, 1271.55664062, 778.188598633, 913.776245117, 1736.99377441, 1387.7557373, 1422.71032715, 1542.23339844, 1210.18859863, 462.604125977, 366.271362305, 250.470214844, 351.790802002, 266.098266602, 255.199020386, 189.730133057, 182.663528442, 148.518508911, 165.980682373, 87.7263183594, 41.6440925598, 13.5795373917, 1.27487909794, 0.844537436962, 0.523813068867, 0.301355332136, 1.56771159172, 1.60623586178, 0.671705663204, 0.23953743279], "var": [1.15344250202, 4.89702701569, 14.2638120651, 16.8816280365, 55.7658615112, 273.378601074, 832.855163574, 830.055236816, 2559.7902832, 3063.99414062, 2479.19335938, 3874.8527832, 1919.0078125, 3645.39233398, 6192.81152344, 9122.65039062, 14121.7451172, 11055.2373047, 6212.01123047, 2249.13647461, 838.985290527, 560.658752441, 442.962554932, 369.987426758, 201.609344482, 139.019226074, 120.664543152, 89.7707977295, 58.4705657959, 15.3414535522, 4.56224012375, 0.326187729836, 0.00721992505714, 0.00313731445931, 0.00127018685453, 0.000475176988402, 0.0157018229365, 0.0247042719275, 0.00850039348006, 0.00125665566884], "mean": [0.746750891209, 2.24687480927, 3.93229031563, 3.79862380028, 6.64713764191, 10.2594270706, 15.505525589, 19.5915546417, 26.4876251221, 29.3936710358, 29.4867343903, 30.3111820221, 23.9540271759, 34.784954071, 49.7600708008, 69.3704147339, 86.2667007446, 94.7443084717, 95.4211502075, 66.8695068359, 43.2545700073, 34.7619743347, 25.0461673737, 19.8403205872, 12.8593549728, 9.71750545502, 7.96581172943, 5.73147535324, 3.89376592636, 2.47789716721, 1.47163510323, 0.407651603222, 0.0619149655104, 0.0374329537153, 0.0249739214778, 0.0189183149487, 0.0944696366787, 0.154357656837, 0.137012735009, 0.0825608223677]}, "spectral_strongpeak": {"dmean2": 9.35180187225, "median": 0.265819311142, "min": 0, "dvar2": 654.851013184, "dvar": 225.739257812, "dmean": 4.98714733124, "max": 192.677810669, "var": 272.364440918, "mean": 4.87321615219}, "spectral_energy": {"dmean2": 0.032779186964, "median": 0.0524608120322, "min": 1.0223397417e-20, "dvar2": 0.00206720130518, "dvar": 0.000792631821241, "dmean": 0.0197678674012, "max": 0.30702573061, "var": 0.00107939797454, "mean": 0.0609548650682}, "average_loudness": 0.960056245327, "spectral_rolloff": {"dmean2": 7329.04931641, "median": 20801.0742188, "min": 64.599609375, "dvar2": 114535936, "dvar": 46672940, "dmean": 3847.28198242, "max": 21985.4003906, "var": 57917100, "mean": 17147.8691406}, "spectral_centroid": {"dmean2": 312.280578613, "median": 1469.15698242, "min": 321.114135742, "dvar2": 101536.617188, "dvar": 53281.9140625, "dmean": 198.820953369, "max": 11703.4404297, "var": 359378.875, "mean": 1473.30566406}, "pitch_salience": {"dmean2": 0.134080946445, "median": 0.614634394646, "min": 0.170645743608, "dvar2": 0.0142701398581, "dvar": 0.00546971708536, "dmean": 0.081341817975, "max": 0.895525515079, "var": 0.0126568153501, "mean": 0.593462407589}, "spectral_energyband_middle_high": {"dmean2": 0.00477771274745, "median": 0.00915334187448, "min": 1.32123786136e-21, "dvar2": 3.6938701669e-05, "dvar": 1.59944047482e-05, "dmean": 0.00311215012334, "max": 0.064898878336, "var": 6.52074959362e-05, "mean": 0.0111339958385}, "spectral_contrast_coeffs": {"dmean2": [0.0877772420645, 0.084370419383, 0.0630647838116, 0.0476244948804, 0.0368572436273, 0.0773092657328], "median": [-0.709661304951, -0.773529291153, -0.812011063099, -0.802139282227, -0.795810163021, -0.688286244869], "min": [-0.974806368351, -0.971047222614, -0.975221633911, -0.963577389717, -0.966086030006, -0.963673830032], "dvar2": [0.00455176504329, 0.00421297131106, 0.00236181612127, 0.00140070379712, 0.00106083950959, 0.00393200432882], "dvar": [0.00167108187452, 0.00149850372691, 0.000852949451655, 0.00049128982937, 0.000413049536292, 0.00160557217896], "dmean": [0.0528122857213, 0.0499772280455, 0.0374584086239, 0.028148856014, 0.0224304385483, 0.0487986691296], "max": [-0.443326085806, -0.512442588806, -0.561429142952, -0.60196185112, -0.582139074802, -0.366627156734], "var": [0.00454263389111, 0.0030333972536, 0.00213839067146, 0.00108133920003, 0.00112671952229, 0.00667300168425], "mean": [-0.707874953747, -0.769169688225, -0.806168317795, -0.799048423767, -0.791383683681, -0.691236436367]}, "melbands_skewness": {"dmean2": 1.22648441792, "median": 1.90352880955, "min": -0.790587425232, "dvar2": 1.52714502811, "dvar": 0.564937353134, "dmean": 0.747010886669, "max": 11.7669658661, "var": 1.35942518711, "mean": 2.08333492279}, "spectral_spread": {"dmean2": 579898.375, "median": 3932843.75, "min": 1582017.25, "dvar2": 713166553088, "dvar": 374312009728, "dmean": 373567.03125, "max": 41120560, "var": 2953339731970.0, "mean": 4005082.75}, "dissonance": {"dmean2": 0.0195367373526, "median": 0.48569342494, "min": 0.253789424896, "dvar2": 0.00037824496394, "dvar": 0.000137200462632, "dmean": 0.0114135388285, "max": 0.500000059605, "var": 0.000237919943174, "mean": 0.48150780797}, "spectral_skewness": {"dmean2": 0.446302473545, "median": 3.16562986374, "min": -0.0881572812796, "dvar2": 0.188532352448, "dvar": 0.0885938927531, "dmean": 0.30284589529, "max": 7.1245303154, "var": 0.424954712391, "mean": 3.20955467224}, "spectral_flux": {"dmean2": 0.0482307188213, "median": 0.133144006133, "min": 6.47666364983e-11, "dvar2": 0.00302374176681, "dvar": 0.0013709947234, "dmean": 0.0305525623262, "max": 0.433872580528, "var": 0.00245899218135, "mean": 0.143062219024}, "spectral_contrast_valleys": {"dmean2": [0.667567312717, 0.562115073204, 0.457270056009, 0.358907312155, 0.34531891346, 1.00045788288], "median": [-6.46367311478, -6.11073923111, -6.47316074371, -6.30856513977, -6.91995620728, -10.898235321], "min": [-27.8421173096, -27.6269760132, -27.4993934631, -27.5243167877, -27.4289703369, -27.3536453247], "dvar2": [0.317085325718, 0.231429100037, 0.16050606966, 0.117943532765, 0.148024335504, 0.710056900978], "dvar": [0.146485999227, 0.117502950132, 0.0907429009676, 0.0766372084618, 0.0918767899275, 0.298713237047], "dmean": [0.405782729387, 0.341835290194, 0.279483169317, 0.218954265118, 0.232468694448, 0.620951116085], "max": [-5.06821632385, -4.29647445679, -5.13449764252, -5.20095491409, -5.59842634201, -8.87784290314], "var": [1.09498739243, 1.10940790176, 1.04065358639, 1.02350723743, 1.19832777977, 1.02424144745], "mean": [-6.51939821243, -6.13958024979, -6.53881788254, -6.41223192215, -7.07385492325, -10.9491033554]}, "erbbands_flatness_db": {"dmean2": 0.025933848694, "median": 0.135964617133, "min": 0.0613583922386, "dvar2": 0.000461984163849, "dvar": 0.000201695031137, "dmean": 0.0167421307415, "max": 0.278026163578, "var": 0.000924493651837, "mean": 0.139131680131}, "spectral_energyband_high": {"dmean2": 0.000798644789029, "median": 0.00216775946319, "min": 7.33621396174e-21, "dvar2": 7.08135928562e-07, "dvar": 3.41703440654e-07, "dmean": 0.000527900643647, "max": 0.0133962826803, "var": 1.77002027613e-06, "mean": 0.00232858234085}, "spectral_entropy": {"dmean2": 0.15085272491, "median": 7.76060295105, "min": 6.49175405502, "dvar2": 0.0192093383521, "dvar": 0.00898105837405, "dmean": 0.0993151366711, "max": 9.81097221375, "var": 0.0664191842079, "mean": 7.71596097946}, "silence_rate_20dB": {"dmean2": 0, "median": 1, "min": 1, "dvar2": 0, "dvar": 0, "dmean": 0, "max": 1, "var": 0, "mean": 1}, "melbands_flatness_db": {"dmean2": 0.0492914095521, "median": 0.206987857819, "min": 0.00344339874573, "dvar2": 0.00178535329178, "dvar": 0.000664105522446, "dmean": 0.0304184406996, "max": 0.424925774336, "var": 0.00237876991741, "mean": 0.211785376072}, "barkbands": {"dmean2": [0.0101989097893, 0.0178512856364, 0.00408626068383, 0.00186452933121, 0.0033630435355, 0.00277032982558, 0.0019982138183, 0.00151403888594, 0.0014333028812, 0.00109161448199, 0.00110286823474, 0.00152960629202, 0.00175274116918, 0.00162893533707, 0.0012758775847, 0.000726375088561, 0.000482401112095, 0.000345262698829, 0.000226589516387, 0.00014905903663, 0.000113276721095, 7.63412244851e-05, 4.71451421618e-05, 9.34037689149e-06, 5.25944096808e-06, 4.01887518819e-05, 0.00117670174222], "median": [0.00257128896192, 0.00864925421774, 0.00201430753805, 0.000822980538942, 0.0017499383539, 0.00138186209369, 0.000894018739928, 0.00060753559228, 0.000557917112019, 0.000432064727647, 0.000522450252902, 0.000955688534304, 0.000961231358815, 0.00141069421079, 0.00124085322022, 0.000760864233598, 0.000537494546734, 0.000338585086865, 0.000216377869947, 0.000152849635924, 0.000117283772852, 5.98205115239e-05, 3.27406341967e-05, 4.39185896539e-06, 1.64631444477e-06, 2.87054263026e-05, 0.00336938188411], "min": [1.93289558618e-24, 1.00052285683e-23, 8.05098423664e-25, 1.09607489615e-24, 1.10694942261e-23, 1.0885673858e-23, 1.084254841e-23, 1.52682371598e-23, 2.66241186601e-23, 1.91317228861e-23, 3.98838134032e-23, 3.59829624912e-23, 4.87493130906e-23, 4.35843883086e-23, 6.71391122954e-23, 9.07773545639e-23, 9.57742456621e-23, 1.03420358872e-22, 2.09542686251e-22, 2.16880481065e-22, 3.76885125849e-22, 4.42851517523e-22, 3.88104772649e-22, 6.17803397765e-22, 9.20710485831e-22, 1.58801713945e-21, 2.09708076936e-21], "dvar2": [0.000446808815468, 0.000735122244805, 2.21922728088e-05, 7.25247491573e-06, 2.87256534648e-05, 2.54914575635e-05, 1.61934349308e-05, 1.16510809676e-05, 1.19818523672e-05, 6.00953808316e-06, 5.36429661224e-06, 7.56707186156e-06, 9.36456672207e-06, 4.07626203014e-06, 2.41608199758e-06, 6.52691028336e-07, 2.7709660344e-07, 2.02902981528e-07, 1.11490265908e-07, 6.41267661194e-08, 5.49266658822e-08, 3.41120305336e-08, 7.53763984562e-09, 1.86112555922e-10, 5.68968795689e-11, 4.55465576366e-09, 1.18862169529e-06], "dvar": [0.000175143752131, 0.000268523290288, 7.53410404286e-06, 2.73261684924e-06, 1.18950420074e-05, 1.0339178516e-05, 6.63786886435e-06, 4.64237155029e-06, 4.61681065644e-06, 2.34178492065e-06, 2.24644327318e-06, 2.9952850582e-06, 3.66162839782e-06, 1.65599556112e-06, 9.43979500789e-07, 2.39195458107e-07, 1.02431251037e-07, 8.65396430072e-08, 5.06060011674e-08, 2.88194659248e-08, 2.75030931363e-08, 1.71066201204e-08, 3.53206197623e-09, 7.69207406104e-11, 2.32878109158e-11, 2.08197881157e-09, 4.48965835176e-07], "dmean": [0.00605322327465, 0.0104013942182, 0.00234364462085, 0.00108775752597, 0.00208636699244, 0.001674841973, 0.00122923345771, 0.000914651551284, 0.000878555991221, 0.000660811667331, 0.000673540402204, 0.0009359716787, 0.00107450084761, 0.000989346415736, 0.000768135127146, 0.000426418788265, 0.000286625290755, 0.00021457625553, 0.000149621162564, 9.68890381046e-05, 7.57757661631e-05, 5.16259788128e-05, 3.11824405799e-05, 5.73266743231e-06, 3.16008413392e-06, 2.64015343419e-05, 0.000717363902368], "max": [0.157189637423, 0.179367944598, 0.0392155610025, 0.0266057681292, 0.057274941355, 0.0821452438831, 0.055017054081, 0.0567580685019, 0.0433082580566, 0.028569072485, 0.0500432103872, 0.033362377435, 0.0300148334354, 0.0319831185043, 0.0200360789895, 0.0069411015138, 0.00514205684885, 0.00661490112543, 0.00455164071172, 0.00406499858946, 0.00391586497426, 0.00416688621044, 0.00177318439819, 0.000198087334866, 7.44240678614e-05, 0.000824488641229, 0.0108075831085], "var": [0.000163077827892, 0.000316858990118, 9.56950771069e-06, 2.86219301415e-06, 1.59281516972e-05, 1.15001030281e-05, 1.24353045976e-05, 6.38329856884e-06, 6.48207196718e-06, 3.05524349642e-06, 3.60623221241e-06, 5.01878002979e-06, 7.02965235178e-06, 3.81527979698e-06, 1.6223456214e-06, 3.84195431025e-07, 1.9495541892e-07, 1.51149421868e-07, 1.04404513479e-07, 6.0571764493e-08, 6.45641620167e-08, 3.64766243877e-08, 6.95281832108e-09, 1.0594952693e-10, 2.49706488126e-11, 4.09252542966e-09, 2.64382674686e-06], "mean": [0.0067129554227, 0.0153280198574, 0.00302736903541, 0.00134097167756, 0.00298806186765, 0.00232118344866, 0.00191292841919, 0.00127480179071, 0.00128735299222, 0.000930446432903, 0.0010429052636, 0.00157738383859, 0.0018453814555, 0.00194551737513, 0.001533236471, 0.000874234130606, 0.000633153656963, 0.000438784452854, 0.000304962246446, 0.000208137964364, 0.000165491728694, 0.000100879333331, 5.83811088291e-05, 7.82642564445e-06, 3.38540780831e-06, 5.03514311276e-05, 0.00342674413696]}, "erbbands_skewness": {"dmean2": 0.448182761669, "median": -0.416567921638, "min": -2.23140025139, "dvar2": 0.14028313756, "dvar": 0.0579705312848, "dmean": 0.279125034809, "max": 3.09449839592, "var": 0.234929487109, "mean": -0.344118624926}, "erbbands_spread": {"dmean2": 8.08301830292, "median": 25.2090301514, "min": 5.19742631912, "dvar2": 50.5042648315, "dvar": 21.0645675659, "dmean": 5.15179824829, "max": 92.8223419189, "var": 84.9238586426, "mean": 26.2175827026}, "melbands_kurtosis": {"dmean2": 7.51718950272, "median": 3.37508320808, "min": -1.59139239788, "dvar2": 141.478897095, "dvar": 52.6913871765, "dmean": 4.45123100281, "max": 206.381225586, "var": 70.9390182495, "mean": 5.75684070587}, "melbands": {"dmean2": [0.00653862347826, 0.00289952987805, 0.000843939487822, 0.000716673210263, 0.000648125831503, 0.0005319523043, 0.000423649558797, 0.00033968151547, 0.000274800084298, 0.000208168406971, 0.000132369415951, 0.000156275185873, 0.000159599498147, 0.000164968107129, 0.000180791001185, 0.000173788226675, 0.000150995780132, 0.000138873350807, 8