{"tonal": {"thpcp": [1, 0.636644303799, 0.160245716572, 0.155491292477, 0.136471286416, 0.279752939939, 0.39934143424, 0.232850834727, 0.109863907099, 0.121845990419, 0.149303600192, 0.492730349302, 0.747722566128, 0.463424861431, 0.355546236038, 0.397717446089, 0.294388324022, 0.373419195414, 0.320570468903, 0.1186991781, 0.200786232948, 0.341665923595, 0.253090620041, 0.176853269339, 0.189147859812, 0.168694004416, 0.360324203968, 0.463871926069, 0.216565936804, 0.0669606924057, 0.0653744935989, 0.0805394276977, 0.430926144123, 0.627435922623, 0.296570211649, 0.487641960382], "hpcp": {"dmean2": [0.0359668731689, 0.0560277067125, 0.166934773326, 0.209210216999, 0.147199839354, 0.178671374917, 0.263328939676, 0.216629430652, 0.113738410175, 0.110206708312, 0.109063133597, 0.149048253894, 0.166556745768, 0.122756771743, 0.0801950618625, 0.085567265749, 0.122511379421, 0.219064772129, 0.26202121377, 0.222397759557, 0.199386104941, 0.178876712918, 0.156410321593, 0.205724775791, 0.164046645164, 0.0864260345697, 0.114193446934, 0.150800168514, 0.145754620433, 0.138573095202, 0.125067546964, 0.116141214967, 0.16408200562, 0.157043382525, 0.0977141186595, 0.0465428046882], "median": [0.00378422555514, 0.00965702161193, 0.0615171119571, 0.0894391387701, 0.0454597100616, 0.114220663905, 0.220365643501, 0.146377310157, 0.0225650556386, 0.0148472040892, 0.0183820743114, 0.03758559376, 0.0403658300638, 0.0255678258836, 0.0117576783523, 0.00946347787976, 0.0147742517292, 0.0842565000057, 0.122486770153, 0.0763007029891, 0.0372013486922, 0.0253602880985, 0.0424119643867, 0.0670849606395, 0.0510716959834, 0.0141287706792, 0.0190407969058, 0.0285022314638, 0.0260078050196, 0.0157417580485, 0.0158894751221, 0.0227067135274, 0.040644697845, 0.0347971506417, 0.0175651498139, 0.00631580408663], "min": [0, 0, 0, 0, 0, 0, 0, 0, 0, 0, 0, 0, 0, 0, 0, 0, 0, 0, 0, 0, 0, 0, 0, 0, 0, 0, 0, 0, 0, 0, 0, 0, 0, 0, 0, 0], "dvar2": [0.0117080062628, 0.0159332398325, 0.0527347140014, 0.083630092442, 0.0483783297241, 0.045452311635, 0.112062729895, 0.0626871734858, 0.0417789109051, 0.0500527732074, 0.0378865301609, 0.0530706681311, 0.0658436566591, 0.0421783924103, 0.0293322037905, 0.0344499200583, 0.0496144481003, 0.0792360082269, 0.106630668044, 0.0854659676552, 0.0837716013193, 0.0859016105533, 0.0525617487729, 0.084024310112, 0.0559049062431, 0.0301140025258, 0.0451056621969, 0.0632415637374, 0.0632659122348, 0.0650265440345, 0.0508142933249, 0.0393456481397, 0.0610873326659, 0.0665235966444, 0.0284246969968, 0.0114394072443], "dvar": [0.00481591047719, 0.00558959273621, 0.0225624833256, 0.0395666584373, 0.0180058162659, 0.0176493022591, 0.0531712770462, 0.0263688433915, 0.0153842773288, 0.0187333039939, 0.0134669831023, 0.0200300440192, 0.0288185179234, 0.0164521019906, 0.010525980033, 0.0134109100327, 0.0176950022578, 0.0311623215675, 0.047250546515, 0.0343307889998, 0.0323238633573, 0.0363492369652, 0.0197484288365, 0.03086871095, 0.0228259041905, 0.010660039261, 0.0167193524539, 0.0283141043037, 0.0235280971974, 0.0231302976608, 0.020011594519, 0.0142818335444, 0.0243020132184, 0.032677706331, 0.0119121288881, 0.00411771098152], "dmean": [0.0206799991429, 0.0314197167754, 0.103918202221, 0.129572167993, 0.086842045188, 0.107686668634, 0.157924592495, 0.131799474359, 0.0650791823864, 0.0623121261597, 0.0607504546642, 0.0879003405571, 0.10058966279, 0.0724270343781, 0.0452735833824, 0.0481292940676, 0.0683364719152, 0.133038073778, 0.159438103437, 0.132559075952, 0.115316942334, 0.102287583053, 0.0906901210546, 0.119078218937, 0.0969245955348, 0.0490823015571, 0.0669208168983, 0.0917621478438, 0.0846313238144, 0.0778675526381, 0.0702370852232, 0.0659115761518, 0.0967642664909, 0.0950618982315, 0.0593797042966, 0.0262777432799], "max": [1, 1, 1, 1, 1, 1, 1, 1, 1, 1, 1, 1, 1, 1, 1, 1, 1, 1, 1, 1, 1, 1, 1, 1, 1, 1, 1, 1, 1, 1, 1, 1, 1, 1, 1, 1], "var": [0.0115315848961, 0.00607313960791, 0.0568339563906, 0.11531637609, 0.028869304806, 0.0419550053775, 0.168504416943, 0.0706690847874, 0.0169150065631, 0.024392420426, 0.0125631485134, 0.0322256237268, 0.073583163321, 0.0301325079054, 0.0117325168103, 0.0190420374274, 0.0168187189847, 0.0634164810181, 0.12929622829, 0.0607217699289, 0.0527350567281, 0.0882798433304, 0.0323510505259, 0.0495726503432, 0.042229950428, 0.0100976740941, 0.024405548349, 0.064616151154, 0.0363511219621, 0.0234970487654, 0.0325512103736, 0.0172202922404, 0.0514173358679, 0.101307652891, 0.0253914054483, 0.00560749834403], "mean": [0.0271431524307, 0.0334395542741, 0.17891831696, 0.260508149862, 0.123134426773, 0.20246642828, 0.415194839239, 0.264331430197, 0.0665331929922, 0.0645591840148, 0.0566621758044, 0.116151981056, 0.165804505348, 0.0966784656048, 0.0456149280071, 0.050589825958, 0.0619900859892, 0.204579100013, 0.310450553894, 0.192411616445, 0.14762096107, 0.165130227804, 0.122228518128, 0.155041724443, 0.133099198341, 0.049283284694, 0.0833654105663, 0.141857922077, 0.105081923306, 0.0734285637736, 0.0785332173109, 0.0700408816338, 0.14960475266, 0.192597225308, 0.0899170562625, 0.027801733464]}, "tuning_equal_tempered_deviation": 0.0634177178144, "chords_changes_rate": 0.0480475090444, "key_key": "B", "tuning_diatonic_strength": 0.419652223587, "key_scale": "major", "chords_number_rate": 0.000989742693491, "tuning_frequency": 441.017791748, "tuning_nontempered_energy_ratio": 0.659645915031, "chords_histogram": [21.1085109711, 7.36908388138, 6.49631118774, 2.07845950127, 0.494871348143, 0.107971929014, 0.449883043766, 0.30592045188, 10.1313657761, 0.170955553651, 3.94097542763, 0, 0.431887716055, 0.395897060633, 0.989742696285, 3.31113910675, 0.287925153971, 0.0809789448977, 0, 0.629836261272, 2.13244557381, 4.46283960342, 9.99640083313, 24.6265964508], "key_strength": 0.603556990623, "chords_key": "G#", "chords_strength": {"dmean2": 0.00727997301146, "median": 0.487873792648, "min": 0.19504365325, "dvar2": 4.25249127147e-05, "dvar": 4.89395606564e-05, "dmean": 0.00890582706779, "max": 0.71912842989, "var": 0.00986013095826, "mean": 0.484057277441}, "chords_scale": "minor", "hpcp_entropy": {"dmean2": 0.973399996758, "median": 1.67209076881, "min": 0, "dvar2": 0.648405969143, "dvar": 0.244284242392, "dmean": 0.579512417316, "max": 4.56861114502, "var": 0.496059954166, "mean": 1.65760207176}}, "metadata": {"audio_properties": {"equal_loudness": 0, "codec": "mp3", "downmix": "mix", "sample_rate": 44100, "analysis_sample_rate": 44100, "bit_rate": 192010, "md5_encoded": "e19a4bddaf2f4440f194165e91bb7e5a", "length": 516.048950195, "replay_gain": 13.2590007782, "lossless": false}, "version": {"essentia_build_sha": "2d9f1f26377add8aeb1075a9c2973f962c4f09fd", "essentia": "2.1-beta2", "extractor": "music 1.0", "essentia_git_sha": "v2.1_beta2-1-ge3940c0"}, "tags": {"title": ["Sonata in A minor, W 62/21 (H 131): I. Allegretto"], "barcode": ["7318590011980"], "media": ["CD"], "albumartist": ["C.P.E. Bach; Mikl\u00f3s Sp\u00e1nyi"], "language": ["zxx"], "musicbrainz_recordingid": ["013f622d-c660-43d4-b525-b016c4328427"], "composer": ["Carl Philipp Emanuel Bach"], "musicbrainz_albumartistid": ["f6486fc7-90ef-48ad-8ca3-905af1354afe/45ff6707-e20a-4c29-b8c6-93af8886d77b"], "discnumber": ["1/1"], "album": ["The Solo Keyboard Music, Volume 12"], "catalognumber": ["BIS-CD-1198"], "musicbrainz album release country": ["SE"], "musicbrainz album type": ["album"], "musicbrainz album status": ["official"], "file_name": "14 Sonata in A minor, W 62_21 (H 131)_ I. Allegretto.mp3", "originaldate": ["2004"], "work": ["Sonata in A minor, Wq. 62 no. 21, H 131: I. Allegretto"], "date": ["2004"], "genre": ["Classical "], "musicbrainz_albumid": ["30b6777d-e4e3-46be-b7e6-476212d17819"], "musicbrainz_releasegroupid": ["2842cade-c167-3342-8e33-614e0db9ade4"], "musicbrainz_artistid": ["f6486fc7-90ef-48ad-8ca3-905af1354afe"], "asin": ["B0002UNPPA"], "musicbrainz_workid": ["92b4883a-86a4-4626-93e4-5cb74945bc8e"], "artist": ["Carl Philipp Emanuel Bach"], "artistsort": ["Bach, Carl Philipp Emanuel"], "tracknumber": ["14/16"], "label": ["BIS"], "isrc": ["SEAEL0498140"], "acoustid_id": ["c40905e5-f546-457e-9b38-f054324ae686"], "script": ["Latn"], "albumartistsort": ["Bach, Carl Philipp Emanuel; Sp\u00e1nyi, Mikl\u00f3s"]}}, "rhythm": {"bpm_histogram_first_peak_bpm": {"dmean2": 0, "median": 96, "min": 96, "dvar2": 0, "dvar": 0, "dmean": 0, "max": 96, "var": 0, "mean": 96}, "bpm": 96.1650619507, "bpm_histogram_second_peak_spread": {"dmean2": 0, "median": 0.698924720287, "min": 0.698924720287, "dvar2": 0, "dvar": 0, "dmean": 0, "max": 0.698924720287, "var": 0, "mean": 0.698924720287}, "bpm_histogram_first_peak_weight": {"dmean2": 0, "median": 0.137767225504, "min": 0.137767225504, "dvar2": 0, "dvar": 0, "dmean": 0, "max": 0.137767225504, "var": 0, "mean": 0.137767225504}, "onset_rate": 3.22440934181, "beats_position": [0.650158703327, 1.31192743778, 1.97369611263, 2.61224484444, 3.25079369545, 3.87773227692, 4.53950119019, 5.20126962662, 5.85142850876, 6.47836732864, 7.11691617966, 7.75546455383, 8.40562343597, 9.05578231812, 9.71755123138, 10.3677091599, 11.017868042, 11.6331968307, 12.2601356506, 12.8986845016, 13.5140132904, 14.1293420792, 14.7446708679, 15.3483896255, 15.9521083832, 16.5558280945, 17.1595458984, 17.7748756409, 18.3553733826, 18.9242630005, 19.4931507111, 20.062040329, 20.6309299469, 21.1998176575, 21.7803173065, 22.3375968933, 22.8948745728, 23.4405441284, 24.0210418701, 24.6015415192, 25.1820411682, 25.8902492523, 26.5868473053, 27.2950553894, 28.0032653809, 28.6302032471, 29.2687530518, 29.9305210114, 30.5922889709, 31.2540588379, 31.9158267975, 32.5775947571, 33.2858047485, 34.0056228638, 34.7370529175, 35.4568710327, 36.1999092102, 36.9429473877, 37.5814971924, 38.2200431824, 38.8469848633, 39.4739227295, 40.1008605957, 40.7277984619, 41.3431282043, 41.9700660706, 42.5970077515, 43.2471656799, 43.8857116699, 44.5126533508, 45.1279792786, 45.743309021, 46.347026825, 46.9507484436, 47.5776863098, 48.204624176, 48.8199539185, 49.4468917847, 50.0738296509, 50.7007713318, 51.3393173218, 51.9662590027, 52.6048049927, 53.2433547974, 53.8354644775, 54.4275741577, 55.0661201477, 55.7046699524, 56.3548278809, 57.0514259338, 57.736415863, 58.491065979, 59.2457122803, 60.0003623962, 60.7550086975, 61.4516105652, 62.1598167419, 62.8331947327, 63.5065765381, 64.1683425903, 64.8301086426, 65.4802703857, 66.1304321289, 66.7805862427, 67.4307479858, 68.0809020996, 68.7078475952, 69.3347854614, 69.9617233276, 70.6002731323, 71.2272109985, 71.8425369263, 72.4462585449, 73.0499725342, 73.6304779053, 74.210975647, 74.8495254517, 75.4764633179, 76.1150131226, 76.7419509888, 77.3805007935, 78.0074386597, 78.6343765259, 79.2613143921, 79.8882522583, 80.526802063, 81.1769561768, 81.8387298584, 82.5121078491, 83.1854858398, 83.835647583, 84.4858016968, 85.112739563, 85.7512893677, 86.3782272339, 87.0051651001, 87.6437149048, 88.3170928955, 89.0020828247, 89.6638565063, 90.3256225586, 90.9641723633, 91.579498291, 92.1948318481, 92.8217697144, 93.4370956421, 94.0408172607, 94.64453125, 95.2714691162, 95.8984146118, 96.5369567871, 97.1755065918, 97.825668335, 98.4526062012, 99.0911560059, 99.7297058105, 100.368255615, 101.006797791, 101.598907471, 102.191017151, 102.736686707, 103.293968201, 103.828025818, 104.350471497, 104.884536743, 105.41859436, 105.941040039, 106.463493347, 106.997550964, 107.531608582, 108.065666199, 108.599723816, 109.145393372, 109.691062927, 110.318000793, 110.933334351, 111.548660278, 112.152381897, 112.756095886, 113.359817505, 113.975143433, 114.59047699, 115.205802917, 115.821128845, 116.436462402, 117.040176392, 117.64389801, 118.259223938, 118.874557495, 119.489883423, 120.093605042, 120.708930969, 121.335868835, 121.986030579, 122.636184692, 123.274734497, 123.890068054, 124.528617859, 125.155555725, 125.770881653, 126.386207581, 126.989929199, 127.593650818, 128.185760498, 128.777862549, 129.369979858, 129.950469971, 130.530975342, 131.111465454, 131.691970825, 132.284072876, 132.876190186, 133.479904175, 134.083618164, 134.698959351, 135.325897217, 135.952835083, 136.579772949, 137.206710815, 137.822036743, 138.425750732, 139.041091919, 139.691238403, 140.353012085, 141.014785767, 141.74621582, 142.477645874, 143.151016235, 143.824401855, 144.46295166, 145.113098145, 145.635559082, 146.146392822, 146.657226563, 147.168075562, 147.678909302, 148.20135498, 148.688980103, 149.176589966, 149.652603149, 150.279541016, 150.894866943, 151.52180481, 152.148742676, 152.775695801, 153.402633667, 154.017959595, 154.644897461, 155.271835327, 155.898773193, 156.537322998, 157.175872803, 157.826034546, 158.47618103, 159.103118896, 159.730072021, 160.345397949, 160.949111938, 161.541213989, 162.110107422, 162.679000854, 163.247894287, 163.816772461, 164.374053955, 164.942947388, 165.465393066, 165.999450684, 166.556732178, 167.12562561, 167.694503784, 168.251785278, 168.820678711, 169.389572144, 169.958450317, 170.538955688, 171.107849121, 171.676727295, 172.245620728, 172.81451416, 173.383392334, 174.045166016, 174.706939697, 175.35710144, 176.007247925, 176.669021606, 177.31918335, 177.957733154, 178.596282959, 179.234832764, 179.873382568, 180.500320435, 181.138870239, 181.765808105, 182.381134033, 182.996459961, 183.623397827, 184.227111816, 184.830841064, 185.422943115, 186.038269043, 186.641998291, 187.257324219, 187.872650146, 188.499588013, 189.103302002, 189.718643188, 190.333969116, 190.949295044, 191.564620972, 192.191558838, 192.830108643, 193.468658447, 194.107208252, 194.745758057, 195.384307861, 196.022857666, 196.661407471, 197.299957275, 197.95010376, 198.577041626, 199.203994751, 199.842529297, 200.481079102, 201.119628906, 201.758178711, 202.408340454, 203.046890259, 203.685440063, 204.31237793, 204.950927734, 205.601089478, 206.239639282, 206.889785767, 207.53994751, 208.190109253, 208.840270996, 209.502029419, 210.140579224, 210.790740967, 211.417678833, 212.033004761, 212.683166504, 213.333328247, 213.98348999, 214.552383423, 215.109649658, 215.643707275, 216.177780151, 216.711837769, 217.245895386, 217.779953003, 218.302398682, 218.82484436, 219.347290039, 219.881362915, 220.415420532, 220.949478149, 221.506759644, 222.075637817, 222.64453125, 223.283081055, 223.921630859, 224.548568726, 225.163894653, 225.79083252, 226.417770386, 227.05632019, 227.694869995, 228.321807861, 228.937133789, 229.529251099, 230.132965088, 230.725082397, 231.328796387, 231.932510376, 232.536224365, 233.151565552, 233.766891479, 234.382217407, 235.03237915, 235.670928955, 236.286254883, 236.901580811, 237.528518677, 238.143844604, 238.747573853, 239.351287842, 239.96661377, 240.558731079, 241.162445068, 241.766159058, 242.381484985, 242.996826172, 243.6121521, 244.20425415, 244.79637146, 245.400085449, 246.003799438, 246.607528687, 247.199630737, 247.780136108, 248.45350647, 249.115280151, 249.777053833, 250.438812256, 251.088973999, 251.785568237, 252.482177734, 253.178771973, 253.886978149, 254.479095459, 255.07119751, 255.674911499, 256.278625488, 256.882354736, 257.486083984, 258.101409912, 258.71673584, 259.332061768, 259.947387695, 260.562713623, 261.178039551, 261.793365479, 262.408691406, 263.012420654, 263.616149902, 264.219848633, 264.846801758, 265.473724365, 266.10067749, 266.727600098, 267.354553223, 267.958282471, 268.573608398, 269.130889893, 269.699768066, 270.26864624, 270.814331055, 271.348388672, 271.882446289, 272.416503906, 272.950561523, 273.49621582, 274.053497314, 274.599182129, 275.156463623, 275.725341797, 276.294250488, 276.909576416, 277.513275146, 278.117004395, 278.720733643, 279.33605957, 279.951385498, 280.578308105, 281.20526123, 281.832183838, 282.459136963, 283.097686768, 283.736236572, 284.374786377, 285.001708984, 285.628662109, 286.267211914, 286.905761719, 287.544311523, 288.194458008, 288.833007813, 289.471557617, 290.098510742, 290.72543335, 291.340759277, 291.956085205, 292.571411133, 293.175140381, 293.790466309, 294.382568359, 294.974700928, 295.578399658, 296.193725586, 296.820678711, 297.436004639, 298.028106689, 298.62020874, 299.223937988, 299.827667236, 300.442993164, 301.046691895, 301.66204834, 302.254150391, 302.857849121, 303.461578369, 304.04208374, 304.622589111, 305.191467285, 305.760345459, 306.34085083, 306.921356201, 307.501861572, 308.082366943, 308.662841797, 309.243347168, 309.823852539, 310.40435791, 311.008056641, 311.611785889, 312.215515137, 312.819213867, 313.422943115, 314.038269043, 314.653594971, 315.292144775, 315.93069458, 316.557647705, 317.184570313, 317.811523438, 318.484893799, 319.15826416, 319.831634521, 320.5050354, 321.108734131, 321.712463379, 322.316192627, 322.919891357, 323.523620605, 324.127349854, 324.719451904, 325.311553955, 325.903656006, 326.507385254, 327.157531738, 327.796081543, 328.539123535, 329.293792725, 330.048431396, 330.803070068, 331.441619873, 332.091796875, 332.73034668, 333.368896484, 333.995819092, 334.576324463, 335.12197876, 335.679260254, 336.224945068, 336.770599365, 337.31628418, 337.954833984, 338.593383789, 339.289978027, 339.986572266, 340.671569824, 341.344940186, 342.018310547, 342.703308105, 343.365081787, 344.026855469, 344.688598633, 345.327148438, 345.942474365, 346.604248047, 347.277648926, 347.962615967, 348.659210205, 349.344207764, 350.017578125, 350.702575684, 351.352722168, 352.00289917, 352.664672852, 353.326446533, 353.87210083, 354.406158447, 354.951843262, 355.497497559, 356.031555176, 356.565612793, 357.111297607, 357.656951904, 358.214233398, 358.783111572, 359.352020264, 359.909301758, 360.478179932, 361.047058105, 361.615966797, 362.19644165, 362.846618652, 363.508392334, 364.123718262, 364.739044189, 365.354370117, 365.969696045, 366.585021973, 367.177124023, 367.769256592, 368.361358643, 368.953460693, 369.557189941, 370.160888672, 370.76461792, 371.379943848, 372.006896973, 372.63381958, 373.272369385, 373.922546387, 374.537872314, 375.153198242, 375.76852417, 376.395446777, 377.022399902, 377.62612915, 378.229827881, 378.845153809, 379.42565918, 380.006164551, 380.575042725, 381.143951416, 381.71282959, 382.281707764, 382.850616455, 383.442718506, 384.034820557, 384.638549805, 385.242248535, 385.857574463, 386.472930908, 387.088256836, 387.703582764, 388.272460938, 388.852966309, 389.445068359, 390.03717041, 390.629302979, 391.360717773, 392.092132568, 392.811950684, 393.531799316, 394.251617432, 394.95980835, 395.598358154, 396.248504639, 396.875457764, 397.502410889, 398.117736816, 398.733062744, 399.348388672, 399.952087402, 400.567443848, 401.194366455, 401.82131958, 402.459869385, 403.121612549, 403.771789551, 404.387115479, 405.014038086, 405.629394531, 406.233093262, 406.848419189, 407.440551758, 408.044250488, 408.647979736, 409.20526123, 409.762542725, 410.296600342, 410.842254639, 411.387939453, 411.945220947, 412.490875244, 413.024932861, 413.558990479, 414.081451416, 414.603881836, 415.184387207, 415.764892578, 416.345397949, 416.9375, 417.506378174, 418.133331299, 418.760253906, 419.398803711, 420.025756836, 420.652679443, 421.279632568, 421.894958496, 422.510284424, 423.114013672, 423.717712402, 424.32144165, 424.925170898, 425.517272949, 426.121002197, 426.724700928, 427.328430176, 427.932159424, 428.535858154, 429.151184082, 429.801361084, 430.439910889, 431.055236816, 431.682159424, 432.309112549, 432.936035156, 433.562988281, 434.189910889, 434.816864014, 435.443786621, 436.070739746, 436.697692871, 437.266571045, 437.835449219, 438.42755127, 439.019683838, 439.611785889, 440.215515137, 440.807617188, 441.388122559, 441.968597412, 442.537506104, 443.129608154, 443.698486328, 444.26739502, 444.824676514, 445.38192749, 445.950836182, 446.531341553, 447.111816406, 447.680725098, 448.249603271, 448.818481445, 449.375762939, 449.933044434, 450.513549805, 451.105651855, 451.697784424, 452.289886475, 452.881988525, 453.485717773, 454.089416504, 454.693145752, 455.273651123, 455.865753174, 456.527526855, 457.17767334, 457.816223145, 458.466400146, 459.104949951, 459.755096436, 460.39364624, 461.055419922, 461.705566406, 462.286071777, 462.866577148, 463.458679199, 464.05078125, 464.654510498, 465.235015869, 465.815490723, 466.395996094, 467.069366455, 467.742767334, 468.462585449, 469.170776367, 469.90222168, 470.633636475, 471.272186279, 471.922363281, 472.572509766, 473.234283447, 473.896057129, 474.476531982, 475.057037354, 475.637542725, 476.206420898, 476.77532959, 477.402252197, 478.040802002, 478.760620117, 479.480438232, 480.188659668, 480.896850586, 481.616668701, 482.336486816, 483.044708252, 483.752929688, 484.437896729, 485.064849854, 485.691772461, 486.318725586, 486.945648193, 487.572601318, 488.199523926, 488.826477051, 489.430206299, 490.033905029, 490.637634277, 491.241363525, 491.845062256, 492.460388184, 493.075714111, 493.632995605, 494.1902771, 494.747558594, 495.293243408, 495.850524902, 496.407806396, 496.97668457, 497.533966064, 498.079620361, 498.625305176, 499.170959473, 499.739868164, 500.320343018, 500.900848389, 501.458129883, 502.015411377, 502.584289551, 503.164794922, 503.78012085, 504.407073975, 505.033996582, 505.614501953, 506.171783447, 506.740661621, 507.228302002, 507.715911865, 508.215148926, 508.679534912, 509.143951416, 509.596710205, 510.095947266, 510.595184326, 511.082794189, 511.48916626, 511.895507813, 512.301879883, 512.719787598, 513.126159668, 513.544128418, 513.962097168, 514.380065918, 514.797973633, 515.215942383], "beats_loudness": {"dmean2": 0.0580018684268, "median": 0.0112372543663, "min": 3.18143042932e-06, "dvar2": 0.0181733202189, "dvar": 0.00745045766234, "dmean": 0.0330196171999, "max": 0.939016103745, "var": 0.0063956445083, "mean": 0.0332944095135}, "danceability": 1.01532351971, "bpm_histogram_second_peak_weight": {"dmean2": 0, "median": 0.0665083155036, "min": 0.0665083155036, "dvar2": 0, "dvar": 0, "dmean": 0, "max": 0.0665083155036, "var": 0, "mean": 0.0665083155036}, "beats_count": 843, "bpm_histogram_second_peak_bpm": {"dmean2": 0, "median": 105, "min": 105, "dvar2": 0, "dvar": 0, "dmean": 0, "max": 105, "var": 0, "mean": 105}, "bpm_histogram_first_peak_spread": {"dmean2": 0, "median": 0.747826099396, "min": 0.747826099396, "dvar2": 0, "dvar": 0, "dmean": 0, "max": 0.747826099396, "var": 0, "mean": 0.747826099396}, "beats_loudness_band_ratio": {"dmean2": [0.329145073891, 0.22684058547, 0.33706599474, 0.241171523929, 0.0642228424549, 0.0368105955422], "median": [0.209628760815, 0.159817814827, 0.283804386854, 0.125159621239, 0.0235075484961, 0.0155275091529], "min": [0.00597192626446, 0.00294831534848, 0.00246632681228, 0.00150883756578, 0.000521619862411, 0.000479135371279], "dvar2": [0.0722501054406, 0.0400133430958, 0.0762386992574, 0.0482549145818, 0.00741042755544, 0.00205800263211], "dvar": [0.0300022717565, 0.015156686306, 0.0288468655199, 0.0187715999782, 0.00274837622419, 0.000762557028793], "dmean": [0.188959404826, 0.135907620192, 0.199887052178, 0.141700148582, 0.0367886759341, 0.0211149994284], "max": [0.970027685165, 0.804584622383, 0.900382339954, 0.811422586441, 0.335320949554, 0.236548841], "var": [0.0498306713998, 0.0257305838168, 0.0452648773789, 0.0259698983282, 0.00286650564522, 0.000850685697515], "mean": [0.283738493919, 0.193458065391, 0.324598282576, 0.173976570368, 0.0421295426786, 0.0257586557418]}}, "lowlevel": {"barkbands_spread": {"dmean2": 6.3837890625, "median": 11.2250356674, "min": 0.402092963457, "dvar2": 54.7700576782, "dvar": 20.9384880066, "dmean": 3.88301539421, "max": 97.4348449707, "var": 59.4930267334, "mean": 13.0367021561}, "melbands_spread": {"dmean2": 6.74969005585, "median": 13.2898216248, "min": 0.78073143959, "dvar2": 60.532081604, "dvar": 24.4115352631, "dmean": 4.20116901398, "max": 125.2709198, "var": 105.847396851, "mean": 15.764424324}, "hfc": {"dmean2": 4.48052597046, "median": 3.8814997673, "min": 9.76631540084e-08, "dvar2": 95.3522872925, "dvar": 52.3143806458, "dmean": 3.07072472572, "max": 356.724060059, "var": 298.935119629, "mean": 9.28282165527}, "barkbands_kurtosis": {"dmean2": 5.92633867264, "median": 3.58380556107, "min": -1.62541520596, "dvar2": 657.105895996, "dvar": 193.890304565, "dmean": 3.52228498459, "max": 1035.11950684, "var": 175.725784302, "mean": 5.95860052109}, "gfcc": {"mean": [-95.0060424805, 99.9201812744, -117.898376465, 6.17042732239, -71.9206924438, 8.84383296967, -34.8978767395, 8.2179107666, -20.9384098053, 4.2910194397, -13.9956665039, 1.142973423, -12.1978149414], "icov": [[0.000202009352506, -0.000180604896741, 0.000335055548931, -0.000241418732912, 0.000606025976595, -0.0005591364461, 0.000823710754048, -0.000469989492558, 0.000436608854216, 7.85089287092e-05, 0.000136474453029, -3.71715068468e-05, 0.000351851747837], [-0.000180604896741, 0.00369459204376, 3.85745770473e-05, 0.00172169180587, -0.0014051203616, 0.00285429367796, -0.0011504838476, 0.0043437005952, -0.00182829948608, 0.00278392271139, -0.00208474765532, 0.00234654382803, -0.000763265648857], [0.000335055548931, 3.85745770473e-05, 0.00242197490297, -0.000420884694904, -3.66125095752e-05, -0.000286685681203, 0.00287500023842, -0.000648630259093, 0.00166240974795, -0.000663130893372, 0.00109756749589, -0.000822873436846, 0.00131644110661], [-0.000241418732912, 0.00172169180587, -0.000420884694904, 0.00627301540226, -0.00211090454832, 0.000724904879462, -0.00149006722495, 0.00277885631658, -0.00102781539317, 0.00375173706561, -0.00249301665463, 0.00269714789465, -0.00100430869497], [0.000606025976595, -0.0014051203616, -3.66125095752e-05, -0.00211090454832, 0.0109441345558, -0.00270024850033, -0.000276513921563, -0.00215165549889, 0.00165195728187, -0.000418596056988, 0.00291408505291, -0.00212182058021, 0.000882199208718], [-0.0005591364461, 0.00285429367796, -0.000286685681203, 0.000724904879462, -0.00270024850033, 0.00958484970033, -0.00353356311098, 0.000860842643306, -0.000331477785949, 0.000451484200312, -0.000176371380803, 0.000949956069235, -0.00024884720915], [0.000823710754048, -0.0011504838476, 0.00287500023842, -0.00149006722495, -0.000276513921563, -0.00353356311098, 0.0142052257434, -0.00501000089571, 0.000284990412183, -0.000679826771375, 0.000472907588119, -4.46747799288e-05, 1.46041966218e-05], [-0.000469989492558, 0.0043437005952, -0.000648630259093, 0.00277885631658, -0.00215165549889, 0.000860842643306, -0.00501000089571, 0.014767350629, -0.00501181744039, 0.00172531453427, -0.000301425374346, 0.000553797581233, 0.000597371836193], [0.000436608854216, -0.00182829948608, 0.00166240974795, -0.00102781539317, 0.00165195728187, -0.000331477785949, 0.000284990412183, -0.00501181744039, 0.012492085807, -0.00432890048251, 0.00049817271065, 0.00105933961459, 0.000487025215989], [7.85089287092e-05, 0.00278392271139, -0.000663130893372, 0.00375173706561, -0.000418596056988, 0.000451484200312, -0.000679826771375, 0.00172531453427, -0.00432890048251, 0.0161092244089, -0.00740667944774, 0.00134914764203, 0.00175158435013], [0.000136474453029, -0.00208474765532, 0.00109756749589, -0.00249301665463, 0.00291408505291, -0.000176371380803, 0.000472907588119, -0.000301425374346, 0.00049817271065, -0.00740667944774, 0.0183493085206, -0.00869845692068, 0.00120181031525], [-3.71715068468e-05, 0.00234654382803, -0.000822873436846, 0.00269714789465, -0.00212182058021, 0.000949956069235, -4.46747799288e-05, 0.000553797581233, 0.00105933961459, 0.00134914764203, -0.00869845692068, 0.0197362881154, -0.00876118522137], [0.000351851747837, -0.000763265648857, 0.00131644110661, -0.00100430869497, 0.000882199208718, -0.00024884720915, 1.46041966218e-05, 0.000597371836193, 0.000487025215989, 0.00175158435013, 0.00120181031525, -0.00876118522137, 0.0164256356657]], "cov": [[12114.8720703, -129.502761841, -929.46484375, 221.084503174, -507.454040527, 428.393798828, -381.572143555, 77.4202423096, -234.776107788, -245.694641113, -109.724342346, -228.717971802, -227.055633545], [-129.502761841, 940.427734375, -118.282577515, -36.3236541748, -36.2945709229, -288.609863281, -72.9013519287, -276.454528809, 7.84444665909, -103.859313965, 41.2616043091, -50.8839035034, 42.1116065979], [-929.46484375, -118.282577515, 813.056640625, -2.60540056229, 54.6701927185, -34.7650108337, -135.392440796, -32.6054801941, -105.72555542, 15.0747509003, -37.1535377502, 27.9405479431, -33.9165649414], [221.084503174, -36.3236541748, -2.60540056229, 231.354675293, 28.9315185547, 22.346364975, 5.58457279205, -21.7654094696, -22.8465003967, -56.2946777344, -12.5647411346, -23.703956604, 2.45854234695], [-507.454040527, -36.2945709229, 54.6701927185, 28.9315185547, 140.469314575, 30.8821258545, 36.6660499573, 20.5917186737, -4.9781961441, -5.83213949203, -20.6789741516, 8.90877628326, 5.74726867676], [428.393798828, -288.609863281, -34.7650108337, 22.346364975, 30.8821258545, 231.335723877, 56.6184921265, 100.875396729, -1.54144227505, 17.2308807373, -25.7903900146, -1.74764180183, -21.1449451447], [-381.572143555, -72.9013519287, -135.392440796, 5.58457279205, 36.6660499573, 56.6184921265, 154.064178467, 70.3534164429, 48.2290878296, 18.5236778259, 2.08431744576, 2.64605951309, 10.0250062943], [77.4202423096, -276.454528809, -32.6054801941, -21.7654094696, 20.5917186737, 100.875396729, 70.3534164429, 186.965118408, 47.3128051758, 39.2011909485, -15.5394992828, 5.41293382645, -21.2211418152], [-234.776107788, 7.84444665909, -105.72555542, -22.8465003967, -4.9781961441, -1.54144227505, 48.2290878296, 47.3128051758, 135.021148682, 42.1488227844, 15.3307971954, -9.33017730713, -3.64571809769], [-245.694641113, -103.859313965, 15.0747509003, -56.2946777344, -5.83213949203, 17.2308807373, 18.5236778259, 39.2011909485, 42.1488227844, 120.370674133, 40.3548545837, 19.8746433258, -11.5187034607], [-109.724342346, 41.2616043091, -37.1535377502, -12.5647411346, -20.6789741516, -25.7903900146, 2.08431744576, -15.5394992828, 15.3307971954, 40.3548545837, 97.9465484619, 42.2589149475, 18.3763332367], [-228.717971802, -50.8839035034, 27.9405479431, -23.703956604, 8.90877628326, -1.74764180183, 2.64605951309, 5.41293382645, -9.33017730713, 19.8746433258, 42.2589149475, 100.022117615, 46.5576705933], [-227.055633545, 42.1116065979, -33.9165649414, 2.45854234695, 5.74726867676, -21.1449451447, 10.0250062943, -21.2211418152, -3.64571809769, -11.5187034607, 18.3763332367, 46.5576705933, 95.5284805298]]}, "spectral_energyband_middle_low": {"dmean2": 0.00743212876841, "median": 0.00312188221142, "min": 6.24783102858e-13, "dvar2": 0.000730833795387, "dvar": 0.000354465766577, "dmean": 0.00514780823141, "max": 1.15309309959, "var": 0.00134461792186, "mean": 0.0124871367589}, "melbands_crest": {"dmean2": 5.70668745041, "median": 12.6349239349, "min": 2.63786268234, "dvar2": 25.2863845825, "dvar": 9.65669441223, "dmean": 3.48444843292, "max": 39.3292427063, "var": 28.6096687317, "mean": 13.7399330139}, "spectral_kurtosis": {"dmean2": 3.15943002701, "median": 5.81290340424, "min": -1.16529524326, "dvar2": 11.4924058914, "dvar": 4.17335796356, "dmean": 1.85227239132, "max": 36.8197402954, "var": 13.3109674454, "mean": 6.65875005722}, "spectral_rms": {"dmean2": 0.000813083315734, "median": 0.00227284501307, "min": 1.13690369119e-07, "dvar2": 1.31816409521e-06, "dvar": 7.6363454582e-07, "dmean": 0.000575350772124, "max": 0.0368319377303, "var": 7.32440003048e-06, "mean": 0.00299961143173}, "zerocrossingrate": {"dmean2": 0.00893782731146, "median": 0.04248046875, "min": 0.00146484375, "dvar2": 9.46146901697e-05, "dvar": 6.39205318294e-05, "dmean": 0.00706416089088, "max": 0.474609375, "var": 0.00038413744187, "mean": 0.0459862239659}, "silence_rate_60dB": {"dmean2": 0.127789780498, "median": 0, "min": 0, "dvar2": 0.127136126161, "dvar": 0.0598020032048, "dmean": 0.0638920143247, "max": 1, "var": 0.235754713416, "mean": 0.380635291338}, "erbbands_kurtosis": {"dmean2": 2.54155707359, "median": 2.04381275177, "min": -1.61385810375, "dvar2": 11.6671380997, "dvar": 5.61379575729, "dmean": 1.61507236958, "max": 204.660827637, "var": 30.4886054993, "mean": 3.25974535942}, "erbbands": {"dmean2": [0.0141752008349, 0.11681611836, 1.01144111156, 7.57755899429, 6.80046129227, 4.96431350708, 12.3979072571, 13.1577920914, 19.0698070526, 44.9208297729, 17.1991558075, 32.0724983215, 17.4911575317, 22.5272045135, 21.5674514771, 8.14252185822, 8.96820926666, 4.22924137115, 3.84360837936, 5.37614870071, 2.10486102104, 3.04905033112, 3.31797385216, 1.74225890636, 1.73365175724, 1.51517796516, 1.12835979462, 0.732429027557, 0.822006881237, 0.947625041008, 0.676945507526, 0.705406367779, 0.727362632751, 0.400938302279, 0.267917275429, 0.11639355123, 0.0302201770246, 0.00452696764842, 0.000361489132047, 1.72344189195e-05], "median": [0.0039749648422, 0.013292953372, 0.0642061159015, 0.211553186178, 0.440922856331, 0.763862013817, 1.08034849167, 1.56439685822, 3.79046869278, 11.0177688599, 5.88978862762, 4.58660888672, 4.36849355698, 6.68249988556, 5.40586471558, 4.14942455292, 3.51364517212, 2.22555804253, 2.1177406311, 2.3380382061, 1.20578503609, 1.12218952179, 1.07445502281, 0.802237272263, 0.747295498848, 0.691146910191, 0.553407430649, 0.387204051018, 0.308050096035, 0.259543091059, 0.173221260309, 0.0980065017939, 0.0630974769592, 0.0266349129379, 0.0106603503227, 0.00376305612735, 0.00104169850238, 0.000154685549205, 1.05946801341e-05, 7.75393164076e-06], "min": [6.81462395194e-12, 2.18599756352e-11, 3.47510110965e-11, 3.98184714367e-11, 2.46580533769e-11, 8.02093322316e-11, 6.9332617425e-10, 2.27863550251e-09, 2.76960765433e-09, 1.7955780196e-09, 1.16777953973e-09, 1.67915492622e-09, 3.74993103236e-09, 5.50401990651e-09, 7.58588214467e-09, 3.68105812498e-09, 2.0939227241e-08, 1.09595621467e-08, 2.59133869918e-08, 1.35659643519e-08, 1.92262170629e-08, 1.44287799486e-08, 2.83230008336e-08, 4.00157915692e-08, 3.41465593579e-08, 2.6865460967e-08, 3.94824155592e-08, 3.97420869547e-08, 3.00026670175e-08, 3.83962728279e-08, 2.78433009981e-08, 2.82824146325e-08, 1.9954573105e-08, 1.52720875946e-08, 9.69712488086e-09, 5.18516918291e-09, 2.31352426106e-09, 7.70630503855e-10, 1.62986263375e-10, 1.54360326604e-11], "dvar2": [0.00155039946549, 0.504003226757, 28.3027324677, 1829.34216309, 1252.31469727, 560.237915039, 3662.69824219, 2673.76342773, 3805.18823242, 24198.7148438, 1819.06481934, 12691.2382813, 2538.32983398, 2820.39941406, 5005.82275391, 382.223907471, 581.933288574, 126.077934265, 67.9790802002, 163.851303101, 26.7752571106, 56.0317497253, 76.2752685547, 16.8073387146, 21.4453678131, 17.2642688751, 8.48478031158, 2.87074899673, 4.16422367096, 7.24332523346, 3.47244858742, 5.00671577454, 4.29331207275, 1.37751996517, 0.625628650188, 0.116552561522, 0.00938069168478, 0.000235808096477, 2.85452279059e-06, 3.71242769859e-09], "dvar": [0.000549117510673, 0.184031739831, 11.8208351135, 787.312561035, 455.448516846, 194.043670654, 2178.08959961, 1300.31213379, 1694.3939209, 10014.1025391, 639.379150391, 4154.61132813, 1017.60162354, 1188.04467773, 2196.81982422, 210.759262085, 310.666442871, 62.9704818726, 33.0960998535, 80.0390319824, 10.9973258972, 26.4098758698, 38.0231399536, 7.37449121475, 9.19814777374, 8.04359722137, 3.74889445305, 1.31540811062, 1.82894039154, 3.25697422028, 1.61605739594, 2.16308045387, 1.73352360725, 0.573512911797, 0.263335466385, 0.0477270744741, 0.00394847523421, 9.50270186877e-05, 1.0366643437e-06, 1.43702294508e-09], "dmean": [0.00833810307086, 0.0702712982893, 0.657328486443, 4.98138475418, 4.27662420273, 2.98194241524, 8.82368278503, 8.80466842651, 12.2946853638, 29.9222011566, 10.4646205902, 18.6506233215, 11.0254306793, 14.5894851685, 13.8498258591, 5.58062696457, 6.30556249619, 2.92968678474, 2.63138461113, 3.65423679352, 1.40055918694, 2.023863554, 2.26729869843, 1.13962066174, 1.13318777084, 1.00861752033, 0.731976032257, 0.482795804739, 0.535040318966, 0.627701044083, 0.451313406229, 0.460932850838, 0.457528650761, 0.256774514914, 0.170968294144, 0.0728714764118, 0.018968289718, 0.0027823660057, 0.000208904530155, 1.10413202492e-05], "max": [1.19057774544, 32.5620803833, 168.434616089, 1510.85131836, 891.465820313, 563.134338379, 3415.34838867, 1761.89147949, 1499.07324219, 4153.59570313, 814.675842285, 1499.4432373, 1074.77612305, 1019.97674561, 994.793273926, 565.247497559, 468.878723145, 298.118560791, 193.320465088, 309.412384033, 106.49294281, 147.510101318, 217.32409668, 61.0108413696, 100.757247925, 96.0525741577, 53.325881958, 41.6763000488, 31.7287311554, 55.3766822815, 48.872013092, 47.5425720215, 41.9449920654, 21.5526390076, 13.982172966, 7.31777477264, 2.4039683342, 0.354953020811, 0.0488269478083, 0.00170127116144], "var": [0.000926840293687, 0.199048727751, 17.991153717, 1175.79162598, 659.78894043, 345.615753174, 9633.52148438, 4420.88183594, 5081.04785156, 35426.7773438, 1368.24707031, 5294.60449219, 2358.31298828, 3397.01000977, 3859.16772461, 838.932495117, 982.623962402, 170.210998535, 126.673805237, 237.849411011, 35.0233612061, 65.6073532104, 118.037971497, 21.1962528229, 19.4706764221, 18.9994449615, 8.43169689178, 4.07287120819, 4.52132177353, 6.4132475853, 3.19827318192, 3.06600260735, 2.04229784012, 0.670214176178, 0.280539959669, 0.0467103645205, 0.00399738457054, 8.45643298817e-05, 6.8652337859e-07, 3.52527473879e-09], "mean": [0.0121502783149, 0.0870155394077, 0.881846308708, 6.39762544632, 5.91070508957, 4.97112321854, 18.6561717987, 16.8104038239, 25.7850570679, 63.2494659424, 18.9102668762, 26.4556293488, 20.1097316742, 28.5916080475, 23.8112850189, 13.4827270508, 14.0205745697, 6.58094596863, 6.2071762085, 7.63887882233, 3.24597048759, 3.91119432449, 4.73091888428, 2.46155333519, 2.19285154343, 1.98905539513, 1.45208179951, 1.05272459984, 1.04181015491, 1.10226714611, 0.756293475628, 0.618707418442, 0.540477871895, 0.284194201231, 0.168423786759, 0.0676035881042, 0.0177187584341, 0.00243522995152, 0.000161774049047, 2.36665782722e-05]}, "spectral_strongpeak": {"dmean2": 0.68474817276, "median": 0.673400878906, "min": 0, "dvar2": 0.762678146362, "dvar": 0.302274554968, "dmean": 0.416952937841, "max": 8.1979675293, "var": 0.830514967442, "mean": 0.926169157028}, "spectral_energy": {"dmean2": 0.00888162013143, "median": 0.00529497023672, "min": 1.32486374302e-11, "dvar2": 0.000881205894984, "dvar": 0.000457303773146, "dmean": 0.00631690118462, "max": 1.39050650597, "var": 0.00192496902309, "mean": 0.0167301036417}, "average_loudness": 0.0140455225483, "spectral_rolloff": {"dmean2": 348.579650879, "median": 925.927734375, "min": 21.533203125, "dvar2": 348794.34375, "dvar": 150419.25, "dmean": 197.939712524, "max": 18367.8222656, "var": 345837.03125, "mean": 961.432983398}, "spectral_centroid": {"dmean2": 214.351242065, "median": 801.103027344, "min": 250.376037598, "dvar2": 64445.0234375, "dvar": 29799.0429688, "dmean": 136.68182373, "max": 10499.3701172, "var": 187027.6875, "mean": 907.868530273}, "pitch_salience": {"dmean2": 0.114660814404, "median": 0.548507928848, "min": 0.0349661260843, "dvar2": 0.0100270397961, "dvar": 0.00363819347695, "dmean": 0.0692487582564, "max": 0.926929533482, "var": 0.0106932595372, "mean": 0.544023215771}, "spectral_energyband_middle_high": {"dmean2": 0.0014526695013, "median": 0.00109544896986, "min": 3.57104970594e-12, "dvar2": 9.74002250587e-06, "dvar": 4.30537920693e-06, "dmean": 0.000962079328019, "max": 0.0460790731013, "var": 1.52139746206e-05, "mean": 0.0025457283482}, "spectral_contrast_coeffs": {"dmean2": [0.0853090956807, 0.0762482583523, 0.060754455626, 0.0408765822649, 0.0321457795799, 0.0260640569031], "median": [-0.657770633698, -0.707211494446, -0.733994841576, -0.749558448792, -0.777486801147, -0.77412956953], "min": [-0.964889585972, -0.960108339787, -0.976754069328, -0.958130955696, -0.963379502296, -0.959986031055], "dvar2": [0.00438426015899, 0.00377242290415, 0.0025322327856, 0.0011172813829, 0.000761966977734, 0.000567383074667], "dvar": [0.00176655757241, 0.00139138172381, 0.000995722017251, 0.000476249086205, 0.000356193020707, 0.000253458827501], "dmean": [0.0526878498495, 0.0463073179126, 0.0371546074748, 0.0257289092988, 0.0205609127879, 0.0170292351395], "m