{"tonal": {"thpcp": [1, 0.484489023685, 0.077757999301, 0.0562332049012, 0.0512350313365, 0.335451006889, 0.600510001183, 0.350118488073, 0.253920346498, 0.322236835957, 0.160418227315, 0.335959374905, 0.62083530426, 0.525152146816, 0.77244579792, 0.907288014889, 0.382443934679, 0.269299536943, 0.42500346899, 0.285629153252, 0.372409552336, 0.508073210716, 0.246016561985, 0.0418751724064, 0.0342044569552, 0.0873117446899, 0.527728736401, 0.804523229599, 0.419433116913, 0.346772700548, 0.44294282794, 0.191403567791, 0.158179849386, 0.24290175736, 0.195251002908, 0.646015107632], "hpcp": {"dmean2": [0.122548297048, 0.0856073051691, 0.0485743544996, 0.0448597185314, 0.0419033206999, 0.0413283742964, 0.0570547357202, 0.0563141666353, 0.111168198287, 0.141183361411, 0.0996951982379, 0.0296690277755, 0.0185467377305, 0.0220281202346, 0.0758673176169, 0.10965873301, 0.0750215649605, 0.0382016636431, 0.0404029153287, 0.0452832132578, 0.0843915119767, 0.111674956977, 0.106234103441, 0.0998497456312, 0.0931054502726, 0.0841424241662, 0.0658282786608, 0.0638884603977, 0.0686233118176, 0.0738959535956, 0.0894392877817, 0.058912627399, 0.0199969541281, 0.020017053932, 0.0388878695667, 0.105177104473], "median": [0.0620820373297, 0.0386035107076, 0.00720100942999, 0.00311006302945, 0.00224074162543, 0.00409546634182, 0.00395758869126, 0.0133092487231, 0.0545847006142, 0.0807906538248, 0.0326931551099, 0.00615151226521, 0.00275689456612, 0.00283681601286, 0.0138616478071, 0.0241165626794, 0.0201762448996, 0.00274869590066, 0.00112217583228, 0.00278218812309, 0.0150841930881, 0.0274106059223, 0.0389310717583, 0.0225887410343, 0.0111449128017, 0.0126793086529, 0.00310231070034, 0.00187284999993, 0.00439242832363, 0.0175378564745, 0.0266169309616, 0.0139347277582, 0.00197666464373, 0.00123995600734, 0.00381106860004, 0.0383862778544], "min": [0, 0, 0, 0, 0, 0, 0, 0, 0, 0, 0, 0, 0, 0, 0, 0, 0, 0, 0, 0, 0, 0, 0, 0, 0, 0, 0, 0, 0, 0, 0, 0, 0, 0, 0, 0], "dvar2": [0.0444954447448, 0.019232545048, 0.0139592122287, 0.0199272502214, 0.0121733313426, 0.0120913917199, 0.0231038425118, 0.0119935963303, 0.0292301829904, 0.0544893853366, 0.029027139768, 0.00478147855029, 0.00425602030009, 0.0048436592333, 0.0229152664542, 0.0478982888162, 0.018208200112, 0.0100355809554, 0.0191747043282, 0.0140782827511, 0.0263152569532, 0.0508739463985, 0.0300712995231, 0.0358504913747, 0.037889752537, 0.0264708101749, 0.0264545399696, 0.0320669487119, 0.0261408183724, 0.0254831016064, 0.0343819409609, 0.0161681454629, 0.00607946841046, 0.00867522507906, 0.0116801615804, 0.032742254436], "dvar": [0.0216135941446, 0.00822207517922, 0.00634518871084, 0.00921917520463, 0.00472427671775, 0.00561054842547, 0.0113777881488, 0.00539803132415, 0.0138671807945, 0.0262248460203, 0.0122308004647, 0.00176739378367, 0.00155394093599, 0.00179039104842, 0.00917453691363, 0.0209345463663, 0.00770203769207, 0.00449563795701, 0.00858021434397, 0.0055838348344, 0.0115308333188, 0.0240411572158, 0.0136423194781, 0.0158684607595, 0.0175644066185, 0.010378845036, 0.0104972869158, 0.013409643434, 0.0106332786381, 0.0111572900787, 0.0158029720187, 0.00723955500871, 0.00236784899607, 0.00311466073617, 0.00470664724708, 0.0148245049641], "dmean": [0.0764256343246, 0.0532798059285, 0.0288367196918, 0.0275572855026, 0.0246309582144, 0.0264831315726, 0.0372813008726, 0.035263556987, 0.0718920826912, 0.0906578749418, 0.0636037141085, 0.0172519087791, 0.0108801489696, 0.0127511247993, 0.0462745092809, 0.0675596147776, 0.0465520322323, 0.023414734751, 0.0243602581322, 0.0270211324096, 0.0525668784976, 0.0692613944411, 0.0660911500454, 0.0603819228709, 0.0569996796548, 0.0502525232732, 0.0389520823956, 0.037953581661, 0.0420373417437, 0.0454659238458, 0.0575656667352, 0.0369994565845, 0.0115858102217, 0.0112205101177, 0.0226142499596, 0.066124625504], "max": [1, 1, 1, 1, 1, 1, 1, 1, 1, 1, 1, 0.723658204079, 1, 0.737997174263, 1, 1, 0.924499392509, 1, 1, 1, 1, 1, 1, 1, 1, 1, 1, 1, 1, 1, 1, 1, 1, 1, 1, 1], "var": [0.111205667257, 0.0308782476932, 0.0521031953394, 0.086170822382, 0.0149441584945, 0.014595576562, 0.032231412828, 0.0115795554593, 0.0628188550472, 0.131228402257, 0.0414269976318, 0.00209351954982, 0.00173388049006, 0.00172736460809, 0.0279131419957, 0.0854173451662, 0.0260477568954, 0.0405040197074, 0.0662824884057, 0.0137674184516, 0.0295818559825, 0.0944970473647, 0.0490399375558, 0.102772317827, 0.139348849654, 0.0287019405514, 0.0341421328485, 0.0831032767892, 0.0320893004537, 0.0449321642518, 0.0673867017031, 0.0188699085265, 0.00230231299065, 0.00240874174051, 0.00598036451265, 0.0532612390816], "mean": [0.226187109947, 0.117921225727, 0.0974931642413, 0.12453084439, 0.053812019527, 0.044471360743, 0.0682904422283, 0.0548937059939, 0.181623458862, 0.281144291162, 0.136211320758, 0.021861217916, 0.0158096440136, 0.0144044365734, 0.0943101346493, 0.168829962611, 0.0984338149428, 0.0713882520795, 0.0905950441957, 0.0451006703079, 0.0944530591369, 0.174544304609, 0.147643536329, 0.217168718576, 0.255078852177, 0.107521928847, 0.0757120251656, 0.119487300515, 0.0803030058742, 0.104700818658, 0.142841890454, 0.0691661536694, 0.0117729660124, 0.009616388008, 0.0245471987873, 0.148367926478]}, "tuning_equal_tempered_deviation": 0.0014862366952, "chords_changes_rate": 0.0292876642197, "key_key": "F", "tuning_diatonic_strength": 0.535991728306, "key_scale": "major", "chords_number_rate": 0.00322660710663, "tuning_frequency": 444.598632813, "tuning_nontempered_energy_ratio": 0.622127473354, "chords_histogram": [21.1218662262, 21.4693470001, 7.17299556732, 3.32588720322, 5.73343276978, 2.23380494118, 9.40680027008, 3.02804660797, 1.61330354214, 0, 0, 0, 0, 0, 0.273020595312, 0, 0, 0.397120863199, 0, 1.73740386963, 5.48523187637, 0.347480773926, 14.6438322067, 2.01042437553], "key_strength": 0.820479631424, "chords_key": "A", "chords_strength": {"dmean2": 0.00455358857289, "median": 0.558266282082, "min": 0.242961421609, "dvar2": 1.98900252144e-05, "dvar": 3.11520634568e-05, "dmean": 0.00685727084056, "max": 0.706049919128, "var": 0.00586163718253, "mean": 0.54769384861}, "chords_scale": "minor", "hpcp_entropy": {"dmean2": 0.723328948021, "median": 1.47108089924, "min": 0, "dvar2": 0.419744968414, "dvar": 0.163610309362, "dmean": 0.42859607935, "max": 3.32369637489, "var": 0.323934197426, "mean": 1.44203197956}}, "metadata": {"audio_properties": {"equal_loudness": 0, "codec": "mp3", "downmix": "mix", "sample_rate": 44100, "analysis_sample_rate": 44100, "bit_rate": 160000, "md5_encoded": "ea987c0968a92ffd92168358a8489ace", "length": 187.036727905, "replay_gain": -4.81367492676, "lossless": false}, "version": {"essentia_build_sha": "2d9f1f26377add8aeb1075a9c2973f962c4f09fd", "essentia": "2.1-beta2", "extractor": "music 1.0", "essentia_git_sha": "v2.1_beta2-1-ge3940c0"}, "tags": {"title": ["Stilles Potpourri"], "acoustid_fingerprint": ["AQADtEkSTYkypigz4g8Ov_jxH1_yQIdfPDjh19CDI8WVEh8X8Aq6KKWIjAmSH9sToydxnHg0_CmeIFmOkOzxHH_QNMlQPsf34U_QVjnC7Ib-wD_mJMalB4eIJyk-EkdYjgpy-MeDPoNwHM8L_QmOdJmGPzj8CQebPkFkHs0eaNONPzi81_gDHX6OXHrwPBcufQhjLdCsI6dwBpexC8tzPOuDHznElcgzvCeewS8eHucTLMfWI3_xBzqsqQ3yN_Bx5nicJ_gf4lmOP6ilp2gk8fiP-EeSF0uZGs2yXJFxMoE7jseZMmiS8DiSI9ePq8iTQ3OTG-kdVKJzfMflH3mRfNphTsfxw2MvzNHx_AJ_NGeOPScCUU2CXDq8H2WOV8hzdD98QYee40d69MWTDn10PGQ2-CruDCkPjWSqID-uGk2PM8ejPEh7JHyOXsE-LNXiJGgvwVv4oh4X_MdxHB_64y_SitCP8siPD0eP1CZ0HmGeDM8xH_SObTqu43DVpnhgscfnHD_y4_lQPmj4Q0dzBv2g2YZP_AxOXTC-HDp3wQ9yHmd6-Dp-NNeOHOexFx9XMIQPHbgG6CqeIfixvQbe47fxRclh_Xjh5Yi2O5CCPAz27OhzvMXh8cMVeXgamDMOID0eH3pOGEf-4Q9yH2KDD__CItmN5uiph7gwpdHxO4Nf_IgUJMff4Pkx8Bn2KCOaz0SP62iXIeeh42rxoF-O48aP8jgN2_h49Dt05DJxHXsKhjl8bD9--EXtI4-OQy_-4T2aPYZ2aG4OP8RzB1fioz8uo_2DZpRiPA-6FemULCE29gjZU-CfwOeFs1ij3IL74Id-_Dgl_Dn2HP2C5iiXLOHQZBGNf8E0L0cT5cKpPPjR9wjzLJgz8zjzINNxHnu0CKdI_FlS9Dp-GMXjiMGLNs2MHz90w1IS_EGPshELv0IPbeGOLzCTbdgenGj2B-eJPg4SJVJyXALzPIO_TfixoTtwSg-SXw1yCbP0BT_eJUHzEP1xSsePLDq0Z8cTJUeJMJ_w5diPHo6zI9cGPyS-46WMaP_APLjSYz9u-CGew-HxTzhxJgoaOugZPDj-GPmhXcgpHR1u9Gj-4MSPhqPRLxdObD8uE2fBfI7QKBbe4D-aoZ-AkkfyI09UXNIO6xjh5UF5IT-0OJKN8FmC_3hObD-FCxzT4HsxPYvRU3jQHD2PkFNWCN-R8wJ-4Ieb48CPHz9-wUwWJ-iLosHXYdqlw0xe1LoKZrnB5HHRH4qCM5lwG2eEkYoC5stT-CjxGy-N5FFwH00SUYG5ZB1K-XiOHP6S40rwC9V--Mf14xduAz8YHTv-C83RhznuTIfr4BnO40wUhGge6JnxQzcabg8uyM6RHi3Q7A_640WjG32W49mxzcSPOwH1RBtu_PjToCF6HD_60AhpiZA3HU_QcER8bLvRRzl6bYabhDkqSTT-IhmZI1LO4Dl4PCKmJ7jRJ0aPZkSeRIkjaA1u_ECO44eZ4Dpu_MghPsZ1tMkG_SF2pMcv_BKY9B9K5cH6oDmPJEJ4MPnx49zBfZjOHM0YFT8eiihLI58U3Byc4FHQfCN-NE-OWhm-D40b6MuK00eKSxW6LcduPAmYn8PG42Eewz-ujIebok8-PMh76EeZSBHsJGsi1Id2NBwT7LGLT_Qhxb4QRsMePTiD-_jG4NGN5uaGnsGTBZWVo2GO5whXPvCJHsdF4ovRHNoF5EWZKBf2PnjawUqPsCmSN3LwwyMxJ8eZzOgfNBfyZMEF7cRTXDKHHz6OLwpk8jhxQidx_vDzYPKRTzle5OUh_UJ5B6lFMMfzo-8G88WU-8hHXMTRcDxavEOPH1d0vIIPjcazHFMedBf0EX-Qk01Q22ioFKtOvC_Cl4HNwjW0Hz8eHZeOU8Gh5TT645TxpNByDeEl_Hj2INIfNPXBJ3zwf-hTiIfmHwePHTfOQ-913EdoZWiO77iQPBli78RjvF9wZ1SC3iF87kSf6sCDXNqRLJPIw-glEVcS3IBHXDnxB0-EPNMIedRxtKPxHFYP4dIxXYc-scSZQ1f4gMlboc91fMiZo3mZgzmuHM2L8MS0Bs3wCfqPU8f0I73RF9deDB-FXdyC-6imLoPfYHpG4EE-DQkrZkDzJD56iTh-HQ_hvML14MnCCKeQvxo6VccL8UL-4SI86Qp2UD_6Yu6DH5ePZJuEkCdu3FODKVWioz-evWC4MGgWPMVOoskR0jhKHu4-6GyMvDhsRYWPMhcmMg8a8fhz6Dt-oeGmDaXwhkedLGh2rEIzHuGF48qHZ9JwQ7uORscX6YiVRDiZBr7xHDhGSY_h59DT4zmaMU9Qq8F1TPFRv3i4wz8uFj9-NNWD0sfzFPnRE-IVFBdCRnqOKfvxHPkh6-mQP-jRbCn-HGu04z08mch7NBvqQwDiQICIAGIEV6Ao7hgECEHhEDIADEEYUkIYIwERyABJDGiQeYW4goQIRSBxIDhhBGDGEAEVYUoQAIiAkkEBJAEEkoEEAkQRgwFCxAEnBFNEEAEYE0AABIhCCjAAJOEOAIQMYMggAoACAhFFhWIEMAOEQUYIRxgjAhAAGENUMKQEERQSaAgjRgFrDCJMCNcaEkYRRYRgIFmijDMOAWUQY4I4SAEEAgAMiDACASeEsQIyQIwTRjhipNEQAmScIBABIYBjQiBjBGAQIeQMEkKBYJwhAAnAsADIEKOcRAkoIwgChiiBNHKCcGIYZAIR4xRRQllgBAPKSDYRU0IYAQwQQgkGABOGGAGQI4oJJQwiwACBCCIIAAIcAQoAQkAzAhAhiDNGIcYcs0IBLRAhBDAhLFFACMwAAIAQR5whCAghsQBEAISMUUAoIIlACgmCQFAUYMCIYGASpRRxRCNBhCSIAEodsQAQARQhQEDgoBDEAWIEoYgoxYAQkhAjMAJIEyMEkcgIh4QyAhHAkCAAGkAQMIARCQQiDgAgCCAOMIqsUAIgoIAiTRCEGKKEEiWEUKIIRiiT1AgoiBCWOAEQMAIYZBwBlAAkrRCGOQVCAoJZR6ByiChNDnBEAEsFksAgIAAQwEglgBGMIWCEAMAphxQQQiiCiDIMKEgUBEQYIhBiACEAmVCICaEYEsoIQIBCwBEghEGIAUKEpBQxxJAhABCEgATEEIGcAAIQIYggBCOlFEKEUCCZEoQYYQRiBBGFqVAAISOIJsYCIQAjAAhELEOCGAEAMNIiY5ATBAAAhPAEGMEcIEgxREgzBkEEDCECAAGEGQgQgCgQRhEBEDBIKAOMQEB4QYBxhAACkFFIAGChYYpowQRByiBBgXCACbCIMgApZBBhRAihkBHIGIGIIJYAiwxBDloDiCBUECYQIEoQZhgByhDGiCJOACCUERIIaI0ChiFCFA"], "date": ["1984"], "genre": ["Rock/Folk"], "musicbrainz album type": ["Album"], "musicip_puid": ["2ad4f3a5-8699-4f5f-ce2c-c9b34994e84e"], "musicbrainz_recordingid": ["01486310-49bc-4d60-94f2-42cf89081bae"], "musicbrainz_albumartistid": ["3faa1142-e9d3-487c-9513-5938c2855607"], "musicbrainz_albumid": ["34cbb2c1-6e84-40db-9645-5109dace2da8"], "artist": ["Haindling"], "tracknumber": ["08"], "bpm": ["148.91"], "album": ["Stilles Potpourri"], "musicbrainz album release country": ["Germany"], "acoustid_id": ["be88ec71-206d-49ed-a5b6-0e46cc525f23"], "musicbrainz_artistid": ["3faa1142-e9d3-487c-9513-5938c2855607"], "file_name": "Haindling - Stilles Potpourri.mp3"}}, "rhythm": {"bpm_histogram_first_peak_bpm": {"dmean2": 0, "median": 152, "min": 152, "dvar2": 0, "dvar": 0, "dmean": 0, "max": 152, "var": 0, "mean": 152}, "bpm": 152.380935669, "bpm_histogram_second_peak_spread": {"dmean2": 0, "median": 0.568965494633, "min": 0.568965494633, "dvar2": 0, "dvar": 0, "dmean": 0, "max": 0.568965494633, "var": 0, "mean": 0.568965494633}, "bpm_histogram_first_peak_weight": {"dmean2": 0, "median": 0.254464298487, "min": 0.254464298487, "dvar2": 0, "dvar": 0, "dmean": 0, "max": 0.254464298487, "var": 0, "mean": 0.254464298487}, "onset_rate": 2.1866004467, "beats_position": [0.476009070873, 0.96362811327, 1.43963718414, 1.91564619541, 2.38004541397, 2.83283448219, 3.27401351929, 3.7151927948, 4.15637159348, 4.59755086899, 5.05034017563, 5.50312900543, 5.9675283432, 6.43192720413, 6.88471651077, 7.33750534058, 7.75546455383, 8.18503379822, 8.6146030426, 9.05578231812, 9.49696159363, 9.93814086914, 10.3909292221, 10.8437185287, 11.2848978043, 11.7144670486, 12.144036293, 12.5852155685, 13.0380039215, 13.479183197, 13.9203624725, 14.361541748, 14.7795009613, 15.2090702057, 15.6386394501, 16.0682086945, 16.4977779388, 16.9273471832, 17.3685264587, 17.8097057343, 18.2508831024, 18.7036724091, 19.1564617157, 19.5860309601, 20.0272102356, 20.45677948, 20.8863487244, 21.3043079376, 21.733877182, 22.1518363953, 22.5697956085, 22.9877548218, 23.3941040039, 23.8236732483, 24.2532424927, 24.6828117371, 25.1123809814, 25.5419502258, 25.9831295013, 26.4243087769, 26.865486145, 27.3066654205, 27.7362346649, 28.1658039093, 28.5837631226, 29.0133323669, 29.4429016113, 29.8608608246, 30.290430069, 30.7199993134, 31.1611785889, 31.6023578644, 32.0435371399, 32.4847145081, 32.9026756287, 33.332244873, 33.750202179, 34.1797714233, 34.5977325439, 35.0156898499, 35.4336509705, 35.8516082764, 36.269569397, 36.6875267029, 37.1054878235, 37.5350570679, 37.9646263123, 38.3941955566, 38.8353729248, 39.2881622314, 39.7409515381, 40.1705207825, 40.6116981506, 41.0528793335, 41.4940567017, 41.9352378845, 42.3648071289, 42.7943763733, 43.2239456177, 43.6535148621, 44.0830841064, 44.5126533508, 44.953830719, 45.3833999634, 45.8129692078, 46.2309303284, 46.6488876343, 47.0784568787, 47.508026123, 47.9259872437, 48.3671646118, 48.80834198, 49.2379112244, 49.655872345, 50.0738296509, 50.5033988953, 50.9329681396, 51.362537384, 51.7804985046, 52.2216758728, 52.6628570557, 53.1040344238, 53.5336036682, 53.9631729126, 54.392742157, 54.8339233398, 55.275100708, 55.7046699524, 56.1342391968, 56.5522003174, 56.9701576233, 57.3765068054, 57.794467926, 58.2240333557, 58.6536026001, 59.094783783, 59.5359611511, 59.977142334, 60.4299316406, 60.8827209473, 61.3238983154, 61.7650794983, 62.2062568665, 62.6358261108, 63.0653953552, 63.5065765381, 63.9361457825, 64.3657150269, 64.7952804565, 65.2248535156, 65.6544189453, 66.0839920044, 66.5251693726, 66.9663467407, 67.4075241089, 67.8487091064, 68.2898864746, 68.7310638428, 69.1722412109, 69.6134262085, 70.0429916382, 70.4725646973, 70.902130127, 71.3316955566, 71.7728805542, 72.2024459839, 72.6436233521, 73.0731964111, 73.5027618408, 73.9323348999, 74.3735122681, 74.8263015747, 75.2790908813, 75.731880188, 76.1730575562, 76.6142425537, 77.0438079834, 77.4733810425, 77.9029464722, 78.3209075928, 78.7504730225, 79.1800460815, 79.6212234497, 80.0624008179, 80.5151901245, 80.9563674927, 81.4091567993, 81.8967819214, 82.3843994141, 82.8720169067, 83.3131942749, 83.7543716431, 84.1955566406, 84.6483459473, 85.0430831909, 85.449432373, 85.8441696167, 86.2389068604, 86.6336517334, 87.0283889771, 87.4231262207, 87.8178634644, 88.2126083374, 88.6073455811, 89.0020828247, 89.3852157593, 89.7683410645, 90.151473999, 90.5345993042, 90.9177322388, 91.3008575439, 91.67237854, 92.0438995361, 92.4154205322, 92.7985458374, 93.181678772, 93.5648040771, 93.9595413208, 94.3542861938, 94.737411499, 95.1205444336, 95.5036697388, 95.8868026733, 96.2699279785, 96.6646728516, 97.0594100952, 97.4541473389, 97.8488845825, 98.2436294556, 98.6383666992, 99.0331039429, 99.4278411865, 99.8225860596, 100.217323303, 100.600448608, 100.971969604, 101.355102539, 101.738227844, 102.121360779, 102.516098022, 102.910835266, 103.305580139, 103.700317383, 104.095054626, 104.48979187, 104.884536743, 105.279273987, 105.685623169, 106.080360413, 106.475097656, 106.881446838, 107.276191711, 107.670928955, 108.05405426, 108.437187195, 108.831924438, 109.215057373, 109.598182678, 109.992919922, 110.376052856, 110.759178162, 111.142311096, 111.525436401, 111.908569336, 112.291702271, 112.674827576, 113.05796051, 113.452697754, 113.835823059, 114.218955994, 114.59047699, 114.985214233, 115.379951477, 115.774688721, 116.169433594, 116.564170837, 116.947296143, 117.330429077, 117.701950073, 118.096687317, 118.491424561, 118.886169434, 119.280906677, 119.675643921, 120.070381165, 120.453514099, 120.836639404, 121.231384277, 121.614509583, 121.997642517, 122.392379761, 122.787117004, 123.181854248, 123.576599121, 123.971336365, 124.366073608, 124.760810852, 125.155555725, 125.550292969, 125.945030212, 126.339767456, 126.711288452, 127.094421387, 127.477546692, 127.872291565, 128.25541687, 128.650161743, 129.056503296, 129.451248169, 129.834381104, 130.217498779, 130.623855591, 131.018585205, 131.424942017, 131.81968689, 132.214416504, 132.609161377, 133.003890991, 133.398635864, 133.781768799, 134.176498413, 134.559631348, 134.954376221, 135.349105835, 135.743850708, 136.126983643, 136.521713257, 136.91645813, 137.299591064, 137.682723999, 138.065841675, 138.472198486, 138.878540039, 139.284896851, 139.679641724, 140.085983276, 140.480728149, 140.875457764, 141.270202637, 141.66494751, 142.059677124, 142.454421997, 142.849151611, 143.255508423, 143.661849976, 144.068206787, 144.46295166, 144.869293213, 145.264038086, 145.670379639, 146.07673645, 146.483078003, 146.901046753, 147.330612183, 147.760177612, 148.189743042, 148.607711792, 149.025665283, 149.466842651, 149.90802002, 150.32598877, 150.743942261, 151.150299072, 151.556640625, 151.951385498, 152.346115112, 152.729248047, 153.112380981, 153.495513916, 153.89024353, 154.284988403, 154.679718018, 155.086074829, 155.480819702, 155.887161255, 156.293518066, 156.699859619, 157.106216431, 157.512557983, 157.918914795, 158.325256348, 158.731613159, 159.137954712, 159.544311523, 159.927429199, 160.310562134, 160.705307007, 161.100036621, 161.483169556, 161.86630249, 162.249435425, 162.644165039, 163.015686035, 163.39881897, 163.793563843, 164.199905396, 164.606262207, 165.000991821, 165.395736694, 165.802078247, 166.185211182, 166.579956055, 166.974685669, 167.357818604, 167.752563477, 168.135681152, 168.530426025, 168.936782837, 169.34312439, 169.749481201, 170.155822754, 170.550567627, 170.95690918, 171.363265991, 171.757995605, 172.152740479, 172.547485352, 172.942214966, 173.336959839, 173.720092773, 174.103210449, 174.497955322, 174.892700195, 175.28742981, 175.670562744, 176.065307617, 176.460037231, 176.866394043, 177.272735596, 177.679092407, 178.08543396, 178.491790771, 178.886520386, 179.281265259, 179.68762207, 180.093963623, 180.511917114, 180.929885864, 181.405899048, 181.893508911, 182.381134033, 182.880355835, 183.391204834, 183.902038574, 184.401260376, 184.912109375, 185.422943115, 185.933776855, 186.444625854], "beats_loudness": {"dmean2": 0.0304396785796, "median": 0.0141228651628, "min": 5.79298421144e-06, "dvar2": 0.00160637020599, "dvar": 0.000596348370891, "dmean": 0.0176482331008, "max": 0.173410743475, "var": 0.000746252713725, "mean": 0.0224976111203}, "danceability": 0.864510238171, "bpm_histogram_second_peak_weight": {"dmean2": 0, "median": 0.167410716414, "min": 0.167410716414, "dvar2": 0, "dvar": 0, "dmean": 0, "max": 0.167410716414, "var": 0, "mean": 0.167410716414}, "beats_count": 449, "bpm_histogram_second_peak_bpm": {"dmean2": 0, "median": 140, "min": 140, "dvar2": 0, "dvar": 0, "dmean": 0, "max": 140, "var": 0, "mean": 140}, "bpm_histogram_first_peak_spread": {"dmean2": 0, "median": 0.296296298504, "min": 0.296296298504, "dvar2": 0, "dvar": 0, "dmean": 0, "max": 0.296296298504, "var": 0, "mean": 0.296296298504}, "beats_loudness_band_ratio": {"dmean2": [0.307994455099, 0.335435450077, 0.335924208164, 0.145761325955, 0.0883213430643, 0.0340635217726], "median": [0.227076500654, 0.29341134429, 0.217424601316, 0.0614937916398, 0.0236436091363, 0.00479552475736], "min": [0.00011942711717, 0.00280495174229, 0.00367392739281, 0.00470438413322, 0.000101307079603, 4.89088670292e-05], "dvar2": [0.0892231762409, 0.0874421223998, 0.0867677032948, 0.0431336574256, 0.0157501287758, 0.00729579152539], "dvar": [0.0351974852383, 0.0288858208805, 0.029317677021, 0.016227370128, 0.00628400733694, 0.00259834085591], "dmean": [0.183708503842, 0.196192279458, 0.190182283521, 0.0855195894837, 0.0521121807396, 0.0194996260107], "max": [0.867973029613, 0.973503172398, 0.813610434532, 0.976028859615, 0.500169157982, 0.605804741383], "var": [0.0576320439577, 0.0501536391675, 0.0384144075215, 0.020203910768, 0.0073973252438, 0.00187816482503], "mean": [0.269949585199, 0.334294170141, 0.272555470467, 0.110063172877, 0.0598746426404, 0.0172420479357]}}, "lowlevel": {"barkbands_spread": {"dmean2": 2.75976777077, "median": 9.27561187744, "min": 0.599699378014, "dvar2": 12.9366836548, "dvar": 6.19430685043, "dmean": 1.86492824554, "max": 79.4127502441, "var": 42.4758834839, "mean": 10.4582700729}, "melbands_spread": {"dmean2": 3.8060836792, "median": 11.131608963, "min": 0.785642504692, "dvar2": 31.4511966705, "dvar": 17.5527133942, "dmean": 2.63218474388, "max": 185.277786255, "var": 122.92766571, "mean": 13.5657625198}, "hfc": {"dmean2": 2.8581237793, "median": 4.02823448181, "min": 1.1970281522e-16, "dvar2": 72.2275695801, "dvar": 37.8859825134, "dmean": 2.10923337936, "max": 210.856689453, "var": 185.626312256, "mean": 8.49745941162}, "barkbands_kurtosis": {"dmean2": 3.23292279243, "median": 3.32115006447, "min": -1.82839214802, "dvar2": 36.2132911682, "dvar": 14.8710250854, "dmean": 2.13361501694, "max": 133.08001709, "var": 82.713218689, "mean": 5.87312841415}, "gfcc": {"mean": [-115.355476379, 136.380218506, -144.8177948, 13.1439809799, -74.2736434937, -6.92574834824, -39.9940948486, -7.97271680832, -17.8950881958, -8.06094360352, -7.6640253067, -8.60536193848, -3.99839186668], "icov": [[0.000340313097695, -0.000742520322092, 0.000580071471632, -0.000794380553998, 0.000399826793, -0.000243041489739, 0.000406404520618, -0.000568474759348, 0.000860447704326, -0.000537277839612, 0.000658099364955, -0.000142865712405, 0.000478781788843], [-0.000742520322092, 0.00532519817352, -0.00290445797145, 0.00187997857574, -0.00349278678186, 0.00274344556965, -0.00286561832763, 0.00230556307361, -0.00523278396577, 0.00431636301801, -0.00448979856446, 0.00352443638258, -0.00224987557158], [0.000580071471632, -0.00290445797145, 0.00304490816779, -0.00150515523273, 0.000851104210597, -0.0013591524912, 0.00115719914902, -0.000234424456721, 0.00205611251295, -0.00203047296964, 0.00328101683408, -0.00294254766777, 0.00247074640356], [-0.000794380553998, 0.00187997857574, -0.00150515523273, 0.00498538324609, -0.00221568439156, -0.000897125748452, -0.00124783499632, 0.000325466389768, -0.00232353806496, 0.00161375256721, -0.00256657414138, 0.00333844334818, -0.00262801465578], [0.000399826793, -0.00349278678186, 0.000851104210597, -0.00221568439156, 0.00783207453787, -0.00264880130999, 0.000682376965415, -0.00184691313189, 0.0031568496488, -0.00363998441026, 0.00416823569685, -0.00356927118264, 0.00272075715475], [-0.000243041489739, 0.00274344556965, -0.0013591524912, -0.000897125748452, -0.00264880130999, 0.00902614463121, -0.00505457585678, 0.00167956680525, -0.00176075857598, 0.00145682354923, -0.00138567283284, -0.00167917169165, 0.00046971483971], [0.000406404520618, -0.00286561832763, 0.00115719914902, -0.00124783499632, 0.000682376965415, -0.00505457585678, 0.0121313212439, -0.00507898675278, 0.000449440121884, 0.000957190291956, -0.0026205747854, 0.00238222698681, -0.00168262212537], [-0.000568474759348, 0.00230556307361, -0.000234424456721, 0.000325466389768, -0.00184691313189, 0.00167956680525, -0.00507898675278, 0.0134991686791, -0.00628193980083, -0.00434743985534, 0.00412650965154, -0.00311796879396, 0.000660052581225], [0.000860447704326, -0.00523278396577, 0.00205611251295, -0.00232353806496, 0.0031568496488, -0.00176075857598, 0.000449440121884, -0.00628193980083, 0.0172007400542, -0.00576434796676, -0.000906178553123, 0.000503146613482, -0.00104408757761], [-0.000537277839612, 0.00431636301801, -0.00203047296964, 0.00161375256721, -0.00363998441026, 0.00145682354923, 0.000957190291956, -0.00434743985534, -0.00576434796676, 0.016686392948, -0.00851992890239, 0.00251386803575, -0.0012274942128], [0.000658099364955, -0.00448979856446, 0.00328101683408, -0.00256657414138, 0.00416823569685, -0.00138567283284, -0.0026205747854, 0.00412650965154, -0.000906178553123, -0.00851992890239, 0.0220633614808, -0.0101469522342, 0.00511074159294], [-0.000142865712405, 0.00352443638258, -0.00294254766777, 0.00333844334818, -0.00356927118264, -0.00167917169165, 0.00238222698681, -0.00311796879396, 0.000503146613482, 0.00251386803575, -0.0101469522342, 0.0183262526989, -0.0107597811148], [0.000478781788843, -0.00224987557158, 0.00247074640356, -0.00262801465578, 0.00272075715475, 0.00046971483971, -0.00168262212537, 0.000660052581225, -0.00104408757761, -0.0012274942128, 0.00511074159294, -0.0107597811148, 0.0160296261311]], "cov": [[9350.16308594, 1159.46936035, -565.811950684, 1586.75024414, 431.191986084, 240.389038086, 488.619995117, 412.544158936, 284.59072876, 85.3335952759, -28.6299629211, -534.835754395, -139.914520264], [1159.46936035, 1575.00830078, 783.493713379, 431.370391846, 409.435943604, 98.8560562134, 373.377105713, 17.1486339569, 302.276763916, -71.2702255249, 108.349067688, -154.720748901, -21.6841583252], [-565.811950684, 783.493713379, 1180.58984375, 162.694900513, 301.986450195, 132.100494385, 116.804191589, -43.7324714661, 70.777961731, -36.7587013245, 7.611784935, 31.8037967682, -48.7790985107], [1586.75024414, 431.370391846, 162.694900513, 710.269836426, 264.348480225, 221.963394165, 265.893707275, 149.402191162, 174.08682251, 52.8329353333, 51.0668106079, -84.9561538696, 16.98462677], [431.191986084, 409.435943604, 301.986450195, 264.348480225, 363.296356201, 154.216064453, 158.380432129, 89.912979126, 95.6341781616, 43.2739448547, 24.0167751312, 5.64131832123, -6.2068862915], [240.389038086, 98.8560562134, 132.100494385, 221.963394165, 154.216064453, 271.428131104, 162.879562378, 82.1262893677, 74.2923812866, 42.4725952148, 44.3110580444, 42.6229476929, 24.8844718933], [488.619995117, 373.377105713, 116.804191589, 265.893707275, 158.380432129, 162.879562378, 295.534484863, 121.180374146, 154.521850586, 38.1789054871, 72.1003799438, -18.5103721619, 35.3532409668], [412.544158936, 17.1486339569, -43.7324714661, 149.402191162, 89.912979126, 82.1262893677, 121.180374146, 214.192825317, 113.580940247, 101.495803833, 27.0053730011, 29.0542793274, 33.6149902344], [284.59072876, 302.276763916, 70.777961731, 174.08682251, 95.6341781616, 74.2923812866, 154.521850586, 113.580940247, 207.711975098, 69.146484375, 70.2985992432, -6.14553499222, 36.9777336121], [85.3335952759, -71.2702255249, -36.7587013245, 52.8329353333, 43.2739448547, 42.4725952148, 38.1789054871, 101.495803833, 69.146484375, 144.874862671, 46.887638092, 39.5101852417, 20.1839027405], [-28.6299629211, 108.349067688, 7.611784935, 51.0668106079, 24.0167751312, 44.3110580444, 72.1003799438, 27.0053730011, 70.2985992432, 46.887638092, 109.153953552, 42.1688613892, 26.0164871216], [-534.835754395, -154.720748901, 31.8037967682, -84.9561538696, 5.64131832123, 42.6229476929, -18.5103721619, 29.0542793274, -6.14553499222, 39.5101852417, 42.1688613892, 177.040176392, 78.0998153687], [-139.914520264, -21.6841583252, -48.7790985107, 16.98462677, -6.2068862915, 24.8844718933, 35.3532409668, 33.6149902344, 36.9777336121, 20.1839027405, 26.0164871216, 78.0998153687, 124.557662964]]}, "spectral_energyband_middle_low": {"dmean2": 0.00322925741784, "median": 0.00515394471586, "min": 1.82840943678e-22, "dvar2": 6.58225762891e-05, "dvar": 3.42513303622e-05, "dmean": 0.00245280913077, "max": 0.221341595054, "var": 0.000296087644529, "mean": 0.0114422719926}, "melbands_crest": {"dmean2": 2.87277054787, "median": 14.1014957428, "min": 1.9252063036, "dvar2": 9.14711284637, "dvar": 4.21282052994, "dmean": 1.96922326088, "max": 32.6580696106, "var": 26.8590812683, "mean": 14.7443475723}, "spectral_kurtosis": {"dmean2": 6.27744674683, "median": 6.89816188812, "min": -1.23117780685, "dvar2": 53.8484954834, "dvar": 18.9107990265, "dmean": 3.62059044838, "max": 88.4990539551, "var": 75.2231216431, "mean": 9.54843139648}, "spectral_rms": {"dmean2": 0.000422302458901, "median": 0.00294248387218, "min": 3.19653049689e-12, "dvar2": 4.99670534282e-07, "dvar": 2.8914178074e-07, "dmean": 0.000324975320837, "max": 0.0147675219923, "var": 4.75492970509e-06, "mean": 0.0033228895627}, "zerocrossingrate": {"dmean2": 0.00497587351128, "median": 0.03125, "min": 0.00439453125, "dvar2": 6.82079480612e-05, "dvar": 4.60886585643e-05, "dmean": 0.00414411677048, "max": 0.51025390625, "var": 0.000487079756567, "mean": 0.0353301428258}, "silence_rate_60dB": {"dmean2": 0.0422150492668, "median": 0, "min": 0, "dvar2": 0.0444034226239, "dvar": 0.0206576026976, "dmean": 0.0211049038917, "max": 1, "var": 0.187375962734, "mean": 0.249751731753}, "erbbands_kurtosis": {"dmean2": 1.67706775665, "median": 0.838291168213, "min": -1.62776982784, "dvar2": 7.33884382248, "dvar": 3.17253804207, "dmean": 1.07881081104, "max": 64.8076629639, "var": 9.98470592499, "mean": 1.53632581234}, "erbbands": {"dmean2": [0.00399349676445, 0.0710234493017, 0.234608784318, 0.880676925182, 3.47998929024, 4.09325361252, 3.53322172165, 10.8312911987, 10.8877925873, 14.2892112732, 13.7463283539, 14.8324584961, 10.0751152039, 7.95669460297, 9.60180187225, 23.802816391, 9.68068599701, 6.03720664978, 8.09837436676, 11.0945520401, 4.45465040207, 5.19593667984, 4.88576889038, 3.85843992233, 3.30968904495, 1.91001498699, 0.87546557188, 0.747363448143, 0.446511507034, 0.23627820611, 0.17303301394, 0.191435664892, 0.0685455277562, 0.0339028313756, 0.0137545699254, 0.00397759629413, 0.000511789985467, 5.8048095525e-05, 3.74507226297e-06, 4.84755855723e-06], "median": [0.00169592851307, 0.0276808384806, 0.117153778672, 0.606724143028, 1.27355575562, 2.36042618752, 3.4072124958, 6.56766843796, 5.58250999451, 7.82222747803, 9.22430038452, 6.97565460205, 4.63182926178, 3.74809598923, 3.5369682312, 3.80819392204, 3.26889848709, 2.41959667206, 2.11586856842, 1.91385293007, 1.39957511425, 1.32611191273, 1.08907914162, 0.808251142502, 0.612993001938, 0.472963124514, 0.322731584311, 0.250951737165, 0.175575911999, 0.104994103312, 0.0593889355659, 0.0287690572441, 0.0114904744551, 0.00387797364965, 0.00115607841872, 0.000303140783217, 4.55559857073e-05, 6.85804934619e-06, 4.89342119181e-06, 1.0390078387e-05], "min": [6.8359666918e-22, 3.73273854416e-21, 1.2523268097e-20, 3.46401882475e-20, 3.0798208952e-20, 9.02813484121e-20, 7.33338716893e-20, 2.16043148709e-19, 4.38221366774e-19, 4.67486810051e-19, 1.02893172171e-18, 6.96496053636e-19, 1.22247771619e-18, 2.83925464599e-18, 2.81239795266e-18, 1.29893805271e-18, 1.78955417686e-18, 2.54851575673e-18, 4.80244892267e-18, 4.94227718778e-18, 7.69888677121e-18, 8.67819003431e-18, 9.56892541487e-18, 1.00230310275e-17, 1.30576340946e-17, 1.53912752115e-17, 1.46159042295e-17, 1.57564589083e-17, 1.6143579435e-17, 1.81435714616e-17, 1.73149730615e-17, 1.13136379239e-17, 1.74490904717e-17, 1.32025834348e-17, 8.34311653896e-18, 5.95235156967e-18, 3.1031207119e-18, 1.1275799374e-18, 2.76358897154e-19, 3.44227560687e-20], "dvar2": [0.000306744099362, 0.0724114701152, 0.868375122547, 10.8486099243, 158.565353394, 212.391830444, 84.0607376099, 1163.61010742, 3060.08227539, 1956.43029785, 891.005859375, 1867.6385498, 1464.99230957, 408.481719971, 1068.31213379, 67915.0625, 982.29309082, 222.378845215, 605.639099121, 2240.19311523, 156.364044189, 262.27243042, 365.902496338, 263.133270264, 126.252685547, 39.8304748535, 11.2275571823, 10.2237710953, 4.54671907425, 4.49982118607, 3.66139531136, 13.3654499054, 2.25315999985, 0.388964354992, 0.0357112437487, 0.00195859069936, 6.6528453317e-05, 1.1373695088e-06, 7.00891178429e-10, 1.45392836659e-10], "dvar": [0.000214454485103, 0.0449978671968, 0.548066020012, 6.12788295746, 91.9380874634, 123.416671753, 57.4629974365, 563.368713379, 1431.68994141, 1362.86950684, 442.061828613, 931.38861084, 725.018981934, 227.831207275, 538.060852051, 31153.2460938, 451.350250244, 102.203521729, 327.452667236, 1147.09191895, 84.9478149414, 126.536331177, 172.396987915, 180.727920532, 67.2121047974, 23.4376487732, 5.90156841278, 5.66771125793, 2.41471791267, 1.75776004791, 2.37140488625, 12.164100647, 1.21387064457, 0.245456695557, 0.0237507615238, 0.00114958547056, 6.61883386783e-05, 1.28235262764e-06, 6.94383384126e-10, 7.67086325015e-11], "dmean": [0.00344038452022, 0.0545520633459, 0.177430719137, 0.655323207378, 2.6023080349, 3.16221261024, 2.70332670212, 7.91169643402, 7.83990859985, 10.8604574203, 9.91456317902, 10.5167312622, 6.97870063782, 5.51856565475, 6.69064188004, 16.3644161224, 6.44571304321, 4.00310707092, 5.50336885452, 7.37163066864, 2.95377349854, 3.38969516754, 3.27433133125, 2.68517565727, 2.27898216248, 1.30382716656, 0.583640158176, 0.517370223999, 0.307717531919, 0.148842871189, 0.118855640292, 0.175398677588, 0.0520328693092, 0.0240132231265, 0.0102023072541, 0.00281280907802, 0.000412027700804, 5.29492172063e-05, 2.97670476357e-06, 3.65097389476e-06], "max": [0.490891039371, 5.77864980698, 39.383769989, 150.943252563, 369.075195313, 471.059082031, 320.711242676, 977.816101074, 1906.98937988, 2224.35913086, 579.913574219, 1200.53979492, 1249.96850586, 601.303710938, 926.627868652, 8582.40136719, 775.274230957, 277.15637207, 738.988586426, 1228.42919922, 283.972106934, 325.338745117, 432.141723633, 867.151062012, 262.717346191, 178.774780273, 111.584136963, 101.72127533, 87.9792480469, 109.166763306, 165.406311035, 404.875946045, 111.881721497, 52.5562324524, 15.5571670532, 2.91151428223, 0.859647035599, 0.133155450225, 0.00302065303549, 0.000248746073339], "var": [0.00473452266306, 0.577723443508, 7.89383792877, 49.3781394958, 603.772521973, 1429.63146973, 329.033081055, 2085.54394531, 4490.62597656, 8074.90820313, 1708.71264648, 2390.03344727, 2224.76196289, 869.578613281, 1631.46984863, 83159.7578125, 1299.52209473, 348.143493652, 1009.043396, 3087.89672852, 274.212280273, 308.24697876, 496.579162598, 446.386383057, 222.841018677, 67.2564086914, 15.9995498657, 15.0541639328, 7.26356124878, 7.0011267662, 12.7386169434, 84.9757614136, 6.99353313446, 1.43995058537, 0.147055178881, 0.0055626234971, 0.000483026058646, 1.01756604636e-05, 5.42176170626e-09, 5.78085135317e-10], "mean": [0.0321886129677, 0.354194909334, 0.984677970409, 3.03034806252, 11.0465326309, 12.8817939758, 7.86255311966, 22.0461139679, 22.1219139099, 28.3659896851, 24.4230232239, 21.4447975159, 14.7357339859, 11.3751516342, 13.5804290771, 34.6456985474, 12.38808918, 8.39569568634, 11.1397504807, 14.6314725876, 6.22435188293, 6.30678606033, 6.34496212006, 5.11267852783, 4.59842157364, 2.56088638306, 1.23140478134, 1.03094029427, 0.604377448559, 0.316709190607, 0.269175767899, 0.398494929075, 0.124609082937, 0.0614977739751, 0.0253910459578, 0.00642085261643, 0.00104766874574, 0.000131035194499, 1.15814245873e-05, 1.88582853298e-05]}, "spectral_strongpeak": {"dmean2": 0.434543669224, "median": 0.54663836956, "min": 0, "dvar2": 1.00927782059, "dvar": 0.49351772666, "dmean": 0.278498381376, "max": 17.9041671753, "var": 1.58725011349, "mean": 0.88053894043}, "spectral_energy": {"dmean2": 0.00407903362066, "median": 0.00887466594577, "min": 1.0473252814e-20, "dvar2": 0.000106973595393, "dvar": 5.53509562451e-05, "dmean": 0.00308325863443, "max": 0.223531708121, "var": 0.0004252200888, "mean": 0.0161914732307}, "average_loudness": 0.162647590041, "spectral_rolloff": {"dmean2": 268.107727051, "median": 689.0625, "min": 129.19921875, "dvar2": 227899.25, "dvar": 117754.820313, "dmean": 160.259490967, "max": 19078.4179688, "var": 618099.3125, "mean": 917.352844238}, "spectral_centroid": {"dmean2": 151.376907349, "median": 690.727172852, "min": 228.148773193, "dvar2": 53870.8632813, "dvar": 30484.53125, "dmean": 104.577545166, "max": 11273.0390625, "var": 270633.96875, "mean": 831.807495117}, "pitch_salience": {"dmean2": 0.0712131112814, "median": 0.521437942982, "min": 0.0948151051998, "dvar2": 0.00462842732668, "dvar": 0.00200893334113, "dmean": 0.0466984510422, "max": 0.924332380295, "var": 0.0114755984396, "mean": 0.520497560501}, "spectral_energyband_middle_high": {"dmean2": 0.00121046346612, "median": 0.000831145152915, "min": 1.43069732281e-21, "dvar2": 3.06603324134e-05, "dvar": 1.44206387631e-05, "dmean": 0.000864535919391, "max": 0.170886799693, "var": 4.51033156423e-05, "mean": 0.00250259879977}, "spectral_contrast_coeffs": {"dmean2": [0.0524209588766, 0.060257088393, 0.0545225664973, 0.0487688593566, 0.0365541316569, 0.0245072357357], "median": [-0.589643597603, -0.686379313469, -0.710795402527, -0.725006103516, -0.778298020363, -0.7453083992], "min": [-0.965266227722, -0.964384198189, -0.979424774647, -0.973021686077, -0.965012311935, -0.957197606564], "dvar2": [0.00204743328504, 0.0027211913839, 0.00214245426469, 0.00172372546513, 0.00110952940304, 0.000462894910015], "dvar": [0.000863279565237, 0.00107801542617, 0.000883770117071, 0.000730031402782, 0.000496843480505, 0.000197979738005], "dmean": [0.0328808687627, 0.0381845980883, 0.0346168614924, 0.0304753743112, 0.0227618869394, 0.0149499550462], "max": [-0.183800086379, -0.320690304041, -0.38987788558, -0.482200145721, -0.516886770725, -0.588761806488], "var": [0.0212409794331, 0.00694104097784, 0.00403182394803, 0.00466710934415, 0.0050339861773, 0.00257351226173], "mean": [-0.563027024269, -0.676617860794, -0.708927810192, -0.716122031212, -0.759304761887, -0.748232960701]}, "melbands_skewness": {"dmean2": 0.561040937901, "median": 1.88138437271, "min": -1.83381640911, "dvar2": 0.367559611797, "dvar": 0.168330207467, "dmean": 0.388909190893, "max": 11.9022750854, "var": 1.18512248993, "mean": 2.03019332886}, "spectral_spread": {"dmean2": 405501.875, "median": 3013983.5, "min": 799082.375, "dvar2": 308181041152, "dvar": 167688290304, "dmean": 250273.625, "max": 41151064, "var": 894775656448, "mean": 3071738.25}, "dissonance": {"dmean2": 0.0461020693183, "median": 0.429979979992, "min": 0.176717668772, "dvar2": 0.00162044691388, "dvar": 0.000593863485847, "dmean": 0.0274551231414, "max": 0.500000059605, "var": 0.00233531277627, "mean": 0.420904695988}, "spectral_skewness": {"dmean2": 0.558857381344, "median": 1.96473360062, "min": -0.0196274835616, "dvar2": 0.289203166962, "dvar": 0.105099730194, "dmean": 0.329285979271, "max": 7.69706773758, "var": 0.729981839657, "mean": 2.20102572441}, "spectral_flux": {"dmean2": 0.0181102342904, "median": 0.0264456011355, "min": 7.00285246458e-11, "dvar2": 0.000968511332758, "dvar": 0.000387250183849, "dmean": 0.0111137414351, "max": 0.348735064268, "var": 0.000772679864895, "mean": 0.0332148820162}, "spectral_contrast_valleys": {"dmean2": [0.585010349751, 0.500541090965, 0.482118725777, 0.433039605618, 0.32672303915, 0.235199987888], "median": [-8.47025966644, -7.04390525818, -8.11844444275, -8.9319934845, -8.84035110474, -11.9224338531], "min": [-27.4982280731, -27.6779518127, -27.269153595, -27.3734798431, -27.1410312653, -27.2987728119], "dvar2": [0.30070823431, 0.212718382478, 0.202194169164, 0.187020510435, 0.12932805717, 0.0681769922376], "dvar": [0.12795445323, 0.100090131164, 0.0926657393575, 0.0864278152585, 0.0604306720197, 0.0341296009719], "dmean": [0.353796958923, 0.311773687601, 0.300893187523, 0.267838388681, 0.200530171394, 0.14629766345], "max": [-5.77920103073, -4.76937961578, -5.73237085342, -6.37800073624, -6.79048252106, -7.28498697281], "var": [3.54106044769, 1.45791351795, 1.15765845776, 1.26429128647, 1.33072447777, 0.710781276226], "mean": [-9.04679393768, -7.34463214874, -8.33436584473, -9.23000431061, -9.27860736847, -12.0713586807]}, "erbbands_flatness_db": {"dmean2": 0.0179072525352, "median": 0.223854213953, "min": 0.0605685822666, "dvar2": 0.000334634241881, "dvar": 0.000160751427757, "dmean": 0.0123604610562, "max": 0.473457872868, "var": 0.00178659590892, "mean": 0.230507493019}, "spectral_energyband_high": {"dmean2": 5.09653727931e-05, "median": 2.24926443479e-05, "min": 7.73511938876e-21, "dvar2": 6.93747637115e-08, "dvar": 5.85827955035e-08, "dmean": 3.71076712327e-05, "max": 0.0240160096437, "var": 4.29020474257e-07, "mean": 9.6458265034e-05}, "spectral_entropy": {"dmean2": 0.194712370634, "median": 6.84192085266, "min": 4.77530145645, "dvar2": 0.0491282939911, "dvar": 0.021591970697, "dmean": 0.131241008639, "max": 9.80112075806, "