{"tonal": {"thpcp": [1, 0.711542785168, 0.308484166861, 0.265513569117, 0.221663698554, 0.377149254084, 0.537388205528, 0.374214679003, 0.176566258073, 0.129809305072, 0.292303591967, 0.707590222359, 0.804301142693, 0.495279252529, 0.512946367264, 0.734910011292, 0.548111200333, 0.265800952911, 0.192104175687, 0.208088815212, 0.322572231293, 0.458230912685, 0.384122937918, 0.231252938509, 0.204847455025, 0.291064351797, 0.679131746292, 0.919908165932, 0.586615383625, 0.382217884064, 0.588210046291, 0.539270401001, 0.282510101795, 0.202555730939, 0.210061460733, 0.557544648647], "hpcp": {"dmean2": [0.112609893084, 0.101866438985, 0.156736537814, 0.240247815847, 0.249769330025, 0.225400939584, 0.178293094039, 0.186128094792, 0.15868729353, 0.146232262254, 0.104353763163, 0.101420141757, 0.18878158927, 0.264667540789, 0.214552477002, 0.127508580685, 0.124626331031, 0.122365243733, 0.137446850538, 0.17500127852, 0.141876682639, 0.0960695669055, 0.0762901455164, 0.115500748158, 0.205908402801, 0.238697469234, 0.195027351379, 0.191908657551, 0.22272066772, 0.195083647966, 0.140521109104, 0.109646424651, 0.107050523162, 0.140354394913, 0.174148753285, 0.159663632512], "median": [0.0213155113161, 0.0176360998303, 0.0237370580435, 0.081653483212, 0.123641237617, 0.0731771141291, 0.031698834151, 0.0205819699913, 0.0161774028093, 0.0208255201578, 0.0136524382979, 0.015115362592, 0.0660067349672, 0.132440418005, 0.0994193926454, 0.0338012501597, 0.018360953778, 0.0147805875167, 0.0280590783805, 0.0441056266427, 0.0362096503377, 0.0124627416953, 0.00627401238307, 0.0192167107016, 0.0841821283102, 0.123027667403, 0.0604665316641, 0.0635731592774, 0.0852003544569, 0.0685817673802, 0.02487481758, 0.0149965090677, 0.0210139378905, 0.0440507419407, 0.0528133623302, 0.0400555990636], "min": [0, 0, 0, 0, 0, 0, 0, 0, 0, 0, 0, 0, 0, 0, 0, 0, 0, 0, 0, 0, 0, 0, 0, 0, 0, 0, 0, 0, 0, 0, 0, 0, 0, 0, 0, 0], "dvar2": [0.0570462495089, 0.0454491302371, 0.07958009094, 0.105970568955, 0.113519780338, 0.10704535991, 0.0863955616951, 0.0984091833234, 0.0787238329649, 0.0896107628942, 0.0499659366906, 0.0468384511769, 0.0701669901609, 0.126232221723, 0.0723681971431, 0.0529744513333, 0.0628393962979, 0.0648514255881, 0.0568217523396, 0.077229604125, 0.0603258274496, 0.0519013553858, 0.0369192920625, 0.0511403791606, 0.0840490683913, 0.103511758149, 0.0765075162053, 0.0865150764585, 0.10050176084, 0.0862751305103, 0.0773901939392, 0.0563858896494, 0.0492234453559, 0.0610817447305, 0.0760841742158, 0.0702164471149], "dvar": [0.0211365055293, 0.016913710162, 0.0284389238805, 0.0406333170831, 0.0448423065245, 0.0395298600197, 0.031020052731, 0.0391302257776, 0.0307992510498, 0.0294381137937, 0.0171243064106, 0.0171654168516, 0.0266571044922, 0.0508249625564, 0.0290628708899, 0.0195485949516, 0.0232155155391, 0.0233243498951, 0.0223045200109, 0.0320522747934, 0.0243220832199, 0.0186149515212, 0.0136239109561, 0.0187297668308, 0.0318880341947, 0.0400456860662, 0.0299926642329, 0.032403729856, 0.0397995896637, 0.0318656899035, 0.0274638347328, 0.0203673020005, 0.0178031139076, 0.0219986103475, 0.0291841588914, 0.0270605906844], "dmean": [0.0646901801229, 0.058466155082, 0.0889582037926, 0.142257899046, 0.148632183671, 0.132283464074, 0.102860465646, 0.10848672688, 0.0934241190553, 0.0824719518423, 0.0590150803328, 0.0587772540748, 0.111928470433, 0.155940800905, 0.128917902708, 0.0742019712925, 0.0707543864846, 0.0693914145231, 0.0818199813366, 0.104354590178, 0.0855037346482, 0.054826118052, 0.0434509329498, 0.0656910166144, 0.119793973863, 0.141630500555, 0.116517461836, 0.113371051848, 0.132394522429, 0.115130111575, 0.0793757736683, 0.0621549189091, 0.0614944957197, 0.081184566021, 0.103030361235, 0.094060510397], "max": [1, 1, 1, 1, 1, 1, 1, 1, 1, 1, 1, 1, 1, 1, 1, 1, 1, 1, 1, 1, 1, 1, 1, 1, 1, 1, 1, 1, 1, 1, 1, 1, 1, 1, 1, 1], "var": [0.0233157966286, 0.0193022172898, 0.029886232689, 0.0772131830454, 0.12079641968, 0.0639808028936, 0.0402213260531, 0.0971696302295, 0.0907945409417, 0.0305737406015, 0.0204710643739, 0.0230772774667, 0.0539299100637, 0.136992305517, 0.06992636621, 0.0295579712838, 0.0299349594861, 0.02376107499, 0.0432394891977, 0.0740326717496, 0.0376216396689, 0.0190526116639, 0.013547857292, 0.0279680844396, 0.0872749984264, 0.0900474488735, 0.0477675944567, 0.0564527474344, 0.0940707847476, 0.0600108318031, 0.0270842909813, 0.0186836961657, 0.0174150615931, 0.024843679741, 0.0491642840207, 0.0404229424894], "mean": [0.0743450969458, 0.0658560469747, 0.0935737639666, 0.218332856894, 0.295739650726, 0.188589945436, 0.122878551483, 0.189102604985, 0.173369094729, 0.0908236727118, 0.0651192814112, 0.0675322860479, 0.179244041443, 0.321488231421, 0.228752627969, 0.0991740301251, 0.0853594914079, 0.0712622702122, 0.121249042451, 0.172763988376, 0.120305612683, 0.0567639730871, 0.0417321659625, 0.0939721688628, 0.227481931448, 0.258573353291, 0.159226447344, 0.164906218648, 0.236264914274, 0.176211297512, 0.0854518786073, 0.0617592334747, 0.0668981075287, 0.103703178465, 0.147315844893, 0.123491004109]}, "tuning_equal_tempered_deviation": 0.325023770332, "chords_changes_rate": 0.0413922853768, "key_key": "F#", "tuning_diatonic_strength": 0.622398436069, "key_scale": "major", "chords_number_rate": 0.00282220123336, "tuning_frequency": 434.193115234, "tuning_nontempered_energy_ratio": 0.968184649944, "chords_histogram": [15.6788959503, 29.4449672699, 8.40388870239, 1.0661649704, 0, 0, 0.344935715199, 3.54343056679, 3.29256820679, 0, 0.0940733775496, 0, 0, 0, 0.125431165099, 0.627155840397, 0, 1.85010969639, 0, 0, 0.188146755099, 0.470366895199, 23.5810604095, 11.2888050079], "key_strength": 0.780010700226, "chords_key": "A#", "chords_strength": {"dmean2": 0.00916636548936, "median": 0.561891973019, "min": 0.273406296968, "dvar2": 8.78407299751e-05, "dvar": 8.54626996443e-05, "dmean": 0.0104253198951, "max": 0.838826477528, "var": 0.0119548477232, "mean": 0.566556453705}, "chords_scale": "minor", "hpcp_entropy": {"dmean2": 1.00129020214, "median": 1.85947751999, "min": 0, "dvar2": 0.687047183514, "dvar": 0.240933507681, "dmean": 0.586523890495, "max": 4.28763628006, "var": 0.530744969845, "mean": 1.85243928432}}, "metadata": {"audio_properties": {"equal_loudness": 0, "codec": "mp3", "downmix": "mix", "sample_rate": 44100, "analysis_sample_rate": 44100, "bit_rate": 177698, "md5_encoded": "9a69e784f1c39c7fb110e6ab8888f2d5", "length": 148.009796143, "replay_gain": -6.54341125488, "lossless": false}, "version": {"essentia_build_sha": "2d9f1f26377add8aeb1075a9c2973f962c4f09fd", "essentia": "2.1-beta2", "extractor": "music 1.0", "essentia_git_sha": "v2.1_beta2-1-ge3940c0"}, "tags": {"title": ["Spiralling (Live at the Knopf Music Halle, Hamburg)"], "language": ["eng"], "media": ["(CD)"], "albumartist": ["Erasure"], "initialkey": ["F#"], "musicbrainz_recordingid": ["0149b456-d2de-4ee9-b52c-beb1a8f9eb04"], "encoding": ["Lame3.99"], "musicbrainz_albumartistid": ["43b58c98-3779-4b04-9a23-1c95cca3a145"], "remixer": ["Flood", "Flood"], "discnumber": ["02/05"], "bpm": ["90"], "catalognumber": ["ebx2"], "contentgroup": ["Pop,Alternative Rock,Dance,Electronic,Pop Rock,House,Synth-pop"], "originalalbum": ["EBX 2"], "musicbrainz album type": ["Single"], "musicbrainz album status": ["Official"], "file_name": "02-07 Spiralling (Live at the Knopf Music Halle, Hamburg).mp3", "originaldate": ["1999"], "acoustid_fingerprint": ["AQADtFqkS2LQXHjCIx-PGylOEv-xC7jwTM8wyadwuDwefAk-hIqW43wCPciLpkco8Xj84BcAjTqa-HiYPNBxOIcaJjl0vA-OH01SBhWVI79wXA18BjGPU6UClTqOPMdvHc3jJEgm6sip4tJhPQlz5D7eJDpOLYae2McLf4eOH5cUNRCPfCN-4XrwEP_RFU14_EEeCLl2OJn24A9-9MuRH_rRRFfwTQ9-lA8aHrGDOE-C78IRugmaIj_U5zh65mj4F-HDw9LhHI_wGo-mELmF5CfeYdyKLhLxCryOMIMUhsi94NuxayveHD_y4ymNH_0hVsWx5TMs_2B0Qd9kPEGOXj6mXApO3EXE_Kgh6S56KMhFnMbDw8eHVong5zGS-glSHRW1ZEKv6vAv9Ay-oYkvlFfxaBmP8hX2oyfegy-OV8SW5EGeI_nRH81b_GgjGs2DH7GHpFFpXMGP6IcUdheiLX_wDX1Z4sGPMGeg2TzyPseVXkYTZ2kSJOORB99xKk5gJ1uRp4Yq-sitNEQTM02GOndwfnh25FYaNKuOkImk4ziiZxyaLyekMEIuJdLxJTuaB_2P80F3pOmgpUUONhseo06yY0p75NAZjQhD7ih13Dlc1bhx6oSdLCSupCHuo3-Hpk6H5D0CvxS-FZcyhvCzZPiP5xf-ozKaL01xBfexG2zW4czhN8iRPFEkfNHhPweXPPiOclrgKgv4o3YQfmKhJdl0ZFOqhPiH57io4smN00GVkERD5sSuJMmIPEXy5UGlo9FTnMpj_MSHK8WZByesO8EtHXmOO4X4I39xJ8JJcShF2djiHM6GPgsYCo-O9yucv-hNfENy5NEkeagXMHmLM7iO3cerw9qJH4dvxNaFMxahhY4OzYuCI5nELD2uZcOPKcdT8HmM5kePPRP-47lwy8KB2g_8FD1-NHXQD8mPOEzCBpO8D82FH8-PUsoMH1fg5-AoYYyPFyVx9ITPoDfxHyf6B80yKRd-Jqh9NMsmnIk45KeQlDmskCaeZdnwLyXgfseTB89xjkVz_LhS9PiCS8KfIMl-DXl-7Dqe6Kh-NO9wRcF1bCSP3zixJdRM3KHw9dDj4fglPDnq0UOYV0j6DM8I-_jRxEt81PaGPAmSLhe848pUfA3xh7C4ybguHH9L_Dn6wqWEyemHk8GN7ByUPZE-5PrxKHTgB_sRK8_x5Lge3DEiMeNzeEyF-niUCe3R5HieEM-RC4ocIf0SHB5Tg6lRK8clOObBKF6O_ICyvsIeCdqRl2C64_lQXkMzpTmuxBceHj96TKl4vEGxXZaQ5wKVbkdJtMFfaPvB2EGYRhh-9MFRnMYl4omLe3OKwye-5EDyCzkf_OhxHc99VPKRH5ZxfGh2tMsTfPuQHx2aHtdy_MOXC__wKBx6-DrQKwhNJM3hVDzMtegvfEf4XdCyNTly4R_6yEGTC08j4xsuNE6LZEdwLVK0w7qOL0cvNM8C_EieB-EDV9lxoZqBq8gHHZGFo5-HP4bxwZ-Q69BI7PdRdtug5aZwCU90hDyap8f5JLiSdGgmpeiPfkTzZMKDWlKPD4-eI7cgVhfC9yj1Hs2LZz5-9GhiPG2MB_fxHFd9HB_6Y8qLo0oZMMmFBJFuBX_QZzh6w49QUcQZ49IxHdRPeDqOOfnhG72P48fDC7X0wGeiBO8WtPtxnLky1JaR9OgTXBXCdHkU1EkqEtfxHw_RSPGGa7nRZ8eP46tm7HqI5N8QvjgJy7zQk8J5PKwCJrMSlBmxB3mO5xHcS1B8vIj1JDyy5BzxqNCi7cg7TM-L5kuGjzKBkrRwuUElJteQI3l6fBF-oolIMejyHKdyNI0yoceegyf6o1mC5IpY5Ply8GUU_MZoRuhtNAvmIx-a_5B2Iq2kHJuyRMdJ4kHzH0d_TCmV4kmUFbxu-Jh7HB6P5EGc4xIHmxz-4PCP46ii3HDco_QR_FCaH99EZGUu5I9S7EMviE-UFRqlhVnxboU8H6FMmNzR49rR98F__EH6QdeNZtERfUF_MHmPpznS5lBuBjGVyPAT4TTeo1WHdE-F5Bf8xOjlo8_gPSmuoBb2BpxxFWO2oTeaD89xOeiToenR53Dyo6IQ6T30I_4qVGl09NHh_tgP_9jGG_1w4Qf_I1_hiCGeZCl2OjFyiejhk8eP6nhO_IpQ-2ieBUkexcgPJ3uOX8WPZom4gRMbwdbg8ugVPHCUN8d5fMcTJNkTCvmFWVKLhzr2WBuuY7IzNBd-7BNG_ci1PuCkJA_EejlefIKivEfIUmgYUUe540dziZnQZ1mJ47hxLT-SRyGJtI5GNJ9R5YmHvxNqH82j4f_wCWcllH8C9xMqpTrWVD1u_PiRzPuQ6cefVOhi4UpxRYFrPEqFJEeo6_iDR8ErZTq2OMgrFcnboz34aC6eXUHzvJgki8UfHjcqH86RXigLhVHwURX0nWguaA9yPg3aDZ4WGdTWoA1-3DmYCy5PvOpwThEYN4nw4Uf8oXnw8PCOUiJoEo-gI1LS41KOnriEH6eDS0mO45rw6UPjd6h_6CqOZ9HxJ8gvaEU6XMeTI_yD5LrgJcMZ40d_NHGGp8I_vPmMaz8-D-9y1OThC2EP9cgFgRExBhSECECACEUZcwQwTwACiBlgAAIjEYQIOQAhRQpgQkFhiADIACSEMAIQAgQGQEGDkIKGOAKAAUyBxQSwjggniABOCCAFgAxQZYAUAgAChEBOGYEAAUAYxQQRQBQICFVCCSIIIOAIgQBxQBinFGEAGWgAEAIJBgxBSihBIACEOyAQcBYxA4o2SAhACXgMEAEIEEJIhAQCAAqCBYBcGSEEY0QIQ4CyghJkASJKUCAAEQIZIaACQCihBBFAMGgwMdAipggQDmiigCOCOqQIAMIIIghA0BBDJCCAKIOQUgIIIxARBAnDpGHMIgEAAQCAJQgiQzFjFiFUCAOEA4IwgAjxBBlAFCNEAWgUJSICpQBSBQEiADEQEaCAQMoZCUBBwCEgBZAACMWIcEgRJ4gBiBGECTbIOOOQEsgJKBFCRgTjCBDGWAKAQIBIIwEAQgkEgEJIBCKBgc4QIRQCwgjDjBNAMASUZAooAwgkDlAlG1KAKwKIEkoIA4QBQEiCGCEGOAOAcYYIJKgDiBChgDFEMMMAIQIQAggAQCmAHCKKMOEpI8CAYRQgABADBRJECCOUYYIYYCQCAhDAACKYAeKkQIA6JBQVChLBFBHACSSUAgQRATFDxACCBAHICCkANgZ5oIigzDMkBBCICASQwQAhAQ4AAFklBBAGQQOQI4IBgpAwhAEFAAFOGSoMMAwCBgAixCCCMDEGiYAUVIw5IQxQgAFgjFYAAMEJBQABBw0CAgthAAEAGoMIFRAggYRASjHBIAFKAUKAAEQIYABzAAFDkMLAECuIAcMI6QgkSgDiAFBMAOoEBYIgRBCSgEgCAcUACwGAINgBRxTSQJDJCAFAEAAMYoAQIwAQAiCnEJAEEAScBRAxJIQCSgADABKEcAkIIYgQgYhADhjHCLNAKAWFR4wB5AhjCjhBCADACIGYcBBKZAxQDBhhKGKCAIKMAsAAqQA"], "date": ["1999"], "genre": ["New Wave", "Synthpop", "Dance", "Electropop", "Disco", "House", "Synthpop", "Electronic"], "musicbrainz album release country": ["GB"], "album": ["EBX 2"], "musicbrainz_artistid": ["43b58c98-3779-4b04-9a23-1c95cca3a145"], "artistwebpage": ["http://erasureinfo.com/"], "asin": ["B00002MOGH"], "musicbrainz_albumid": ["d91035b0-f4f7-42c2-a0b1-c1a4c75f26fc"], "artist": ["Erasure"], "artistsort": ["Erasure"], "tracknumber": ["07/15"], "label": ["Mute \u200e\u2013 ebx2, Mute \u200e\u2013 ebx 2", "Mute \u200e\u2013 ebx2, Mute \u200e\u2013 ebx 2; Mute"], "albumartistsort": ["Erasure"], "acoustid_id": ["218469ea-689f-4360-91b8-132b836b3e04"], "script": ["Latin"], "musicbrainz_releasegroupid": ["780154ef-4a4d-3405-a29c-4562a05bc669"]}}, "rhythm": {"bpm_histogram_first_peak_bpm": {"dmean2": 0, "median": 91, "min": 91, "dvar2": 0, "dvar": 0, "dmean": 0, "max": 91, "var": 0, "mean": 91}, "bpm": 90.0598297119, "bpm_histogram_second_peak_spread": {"dmean2": 0, "median": 0, "min": 0, "dvar2": 0, "dvar": 0, "dmean": 0, "max": 0, "var": 0, "mean": 0}, "bpm_histogram_first_peak_weight": {"dmean2": 0, "median": 0.574660658836, "min": 0.574660658836, "dvar2": 0, "dvar": 0, "dmean": 0, "max": 0.574660658836, "var": 0, "mean": 0.574660658836}, "onset_rate": 2.34416365623, "beats_position": [0.626938760281, 1.27709746361, 1.92725622654, 2.57741498947, 3.23918366432, 3.90095233917, 4.57433080673, 5.23609972, 5.89786815643, 6.57124710083, 7.24462556839, 7.90639448166, 8.56816291809, 9.22993183136, 9.90331077576, 10.5650787354, 11.2268476486, 11.900226593, 12.5619955063, 13.235373497, 13.9087524414, 14.5705213547, 15.2322902679, 15.9056682587, 16.5674381256, 17.2292060852, 17.9025840759, 18.575963974, 19.2493419647, 19.9111099243, 20.5728797913, 21.246257782, 21.9080276489, 22.5697956085, 23.2431735992, 23.9165534973, 24.5783214569, 25.2400894165, 25.9134693146, 26.5868473053, 27.2486171722, 27.9103851318, 28.5837631226, 29.2455329895, 29.9073009491, 30.5806789398, 31.2540588379, 31.9158267975, 32.5892066956, 33.2509727478, 33.9127426147, 34.5745124817, 35.2246704102, 35.8980484009, 36.5714263916, 37.2331962585, 37.8949661255, 38.5683441162, 39.2301139832, 39.8918800354, 40.5652618408, 41.2270278931, 41.88879776, 42.5621757507, 43.2239456177, 43.8857116699, 44.5590934753, 45.2324714661, 45.9058494568, 46.5676193237, 47.2409973145, 47.9143753052, 48.5877532959, 49.2495231628, 49.9112930298, 50.573059082, 51.2464370728, 51.9198188782, 52.5815849304, 53.2549667358, 53.9167327881, 54.578502655, 55.240272522, 55.8904304504, 56.5638084412, 57.2255783081, 57.8873443604, 58.5607261658, 59.222492218, 59.884262085, 60.5576400757, 61.2310180664, 61.8927879333, 62.5545578003, 63.227935791, 63.9013137817, 64.563079834, 65.2248535156, 65.8982315063, 66.5716094971, 67.2333755493, 67.895149231, 68.5569152832, 69.2186813354, 69.8920593262, 70.5538330078, 71.2155990601, 71.8889770508, 72.5507507324, 73.2241287231, 73.8975067139, 74.5592727661, 75.2210388184, 75.8828125, 76.5561904907, 77.2295684814, 77.8913345337, 78.5647125244, 79.2264862061, 79.8882522583, 80.5500183105, 81.2117919922, 81.8735580444, 82.5469360352, 83.2087097168, 83.870475769, 84.5438537598, 85.2172317505, 85.8789978027, 86.5407714844, 87.2141494751, 87.8875274658, 88.5492935181, 89.2110671997, 89.8844451904, 90.5462112427, 91.2079772949, 91.8813552856, 92.5431289673, 93.216506958, 93.8782730103, 94.5400466919, 95.2018127441, 95.8751907349, 96.5369567871, 97.1987304688, 97.8721084595, 98.5454864502, 99.2188644409, 99.8922424316, 100.577232361, 101.238998413, 101.912376404, 102.574150085, 103.235916138, 103.886077881, 104.547843933, 105.209609985, 105.882987976, 106.556373596, 107.218139648, 107.879905701, 108.541679382, 109.203445435, 109.876823425, 110.538589478, 111.200363159, 111.87374115, 112.535507202, 113.197273254, 113.870658875, 114.544036865, 115.217414856, 115.879180908, 116.54094696, 117.214332581, 117.876098633, 118.537864685, 119.211242676, 119.884620667, 120.546394348, 121.2081604, 121.869926453, 122.531700134, 123.193466187, 123.855232239, 124.528617859, 125.20199585, 125.863761902, 126.525527954, 127.198905945, 127.872291565, 128.534057617, 129.195831299, 129.857589722, 130.530975342, 131.192733765, 131.866119385, 132.539505005, 133.201263428, 133.863037109, 134.536407471, 135.209793091, 135.871566772, 136.533325195, 137.206710815, 137.880081177, 138.553466797, 139.226852417, 139.830566406, 140.434280396, 141.037994385, 141.641723633, 142.257049561, 142.930435181, 143.603805542, 144.265579224, 144.927337646, 145.589111328, 146.25088501, 146.912643433, 147.574417114], "beats_loudness": {"dmean2": 0.0467915199697, "median": 0.0189083889127, "min": 1.78552691068e-05, "dvar2": 0.00277672079392, "dvar": 0.00103208364453, "dmean": 0.02694215253, "max": 0.24291343987, "var": 0.00106106302701, "mean": 0.0294286180288}, "danceability": 0.97055208683, "bpm_histogram_second_peak_weight": {"dmean2": 0, "median": 0.0226244349033, "min": 0.0226244349033, "dvar2": 0, "dvar": 0, "dmean": 0, "max": 0.0226244349033, "var": 0, "mean": 0.0226244349033}, "beats_count": 222, "bpm_histogram_second_peak_bpm": {"dmean2": 0, "median": 99, "min": 99, "dvar2": 0, "dvar": 0, "dmean": 0, "max": 99, "var": 0, "mean": 99}, "bpm_histogram_first_peak_spread": {"dmean2": 0, "median": 0.412037044764, "min": 0.412037044764, "dvar2": 0, "dvar": 0, "dmean": 0, "max": 0.412037044764, "var": 0, "mean": 0.412037044764}, "beats_loudness_band_ratio": {"dmean2": [0.218216046691, 0.273407369852, 0.297123670578, 0.31108045578, 0.147234916687, 0.0711122229695], "median": [0.0415289774537, 0.0740297734737, 0.239575102925, 0.176544934511, 0.0528067499399, 0.0307594500482], "min": [6.67756685289e-05, 0.000275934435194, 0.0020250196103, 0.00453420123085, 0.00244418508373, 0.00114484981168], "dvar2": [0.0729917809367, 0.0994845554233, 0.0830681249499, 0.0891159027815, 0.0473988242447, 0.0120862014592], "dvar": [0.028044288978, 0.0345668718219, 0.0287252701819, 0.0286801103503, 0.0137069234625, 0.00412360951304], "dmean": [0.124079987407, 0.153990492225, 0.176516383886, 0.176270201802, 0.0828356742859, 0.0400578454137], "max": [0.866443097591, 0.917730569839, 0.952252268791, 0.870641469955, 0.881562650204, 0.543901264668], "var": [0.0578882284462, 0.0342703871429, 0.0517281554639, 0.0463936142623, 0.0239054579288, 0.00320563698187], "mean": [0.190787404776, 0.153973653913, 0.284358769655, 0.243524178863, 0.108085788786, 0.0472138151526]}}, "lowlevel": {"barkbands_spread": {"dmean2": 4.99795722961, "median": 13.3155612946, "min": 0.930901587009, "dvar2": 36.0197410583, "dvar": 17.2306919098, "dmean": 3.26165890694, "max": 96.1440124512, "var": 91.3284912109, "mean": 15.1994600296}, "melbands_spread": {"dmean2": 7.69500112534, "median": 16.8416690826, "min": 0.602707266808, "dvar2": 108.681900024, "dvar": 52.1086044312, "dmean": 5.01184749603, "max": 183.35005188, "var": 230.018081665, "mean": 20.5931186676}, "hfc": {"dmean2": 5.82328176498, "median": 9.79364967346, "min": 6.79640843604e-10, "dvar2": 88.5563201904, "dvar": 39.3186149597, "dmean": 3.96491456032, "max": 101.687599182, "var": 236.385604858, "mean": 14.900812149}, "barkbands_kurtosis": {"dmean2": 3.76300883293, "median": 1.86936092377, "min": -1.8963739872, "dvar2": 129.913009644, "dvar": 53.3079223633, "dmean": 2.3474817276, "max": 259.309570313, "var": 68.2095184326, "mean": 3.58194231987}, "gfcc": {"mean": [-61.9232711792, 82.0901412964, -153.374969482, 2.13613700867, -63.8313407898, 0.150471299887, -33.7815666199, 9.1333398819, -33.1131744385, -1.35826015472, -14.2668552399, 1.43436264992, -19.6323680878], "icov": [[0.000311836134642, -0.000483447860461, 0.000300706422422, -0.000330578332068, 0.000649002089631, -0.000387339910958, 0.000372616777895, -0.000655954761896, 0.000288945040666, -0.000183329641004, -0.00021288098651, 5.32336234755e-05, -2.04205152841e-05], [-0.000483447860461, 0.00264264293946, -0.00222770869732, 0.00121778377797, -0.00226946920156, 0.00317405932583, -0.00244862609543, 0.00213601300493, -0.00160218751989, 0.00148525473196, -0.00170550285839, 0.0016736042453, -0.000625058019068], [0.000300706422422, -0.00222770869732, 0.00364770158194, -0.00296999351121, 0.00260062376037, -0.00260492204688, 0.00200773333199, -0.00229799514636, 0.00194946280681, -0.0021078675054, 0.0021029713098, -0.00130244309548, 0.00115407281555], [-0.000330578332068, 0.00121778377797, -0.00296999351121, 0.00563260866329, -0.00343248946592, 0.00123764341697, -0.000698348158039, 0.00312843336724, -0.00337109924294, 0.00145670643542, -0.00241994508542, 0.000106467006844, -0.00160196505021], [0.000649002089631, -0.00226946920156, 0.00260062376037, -0.00343248946592, 0.00660516694188, -0.00327803520486, 0.00143614830449, -0.00258909841068, 0.00192111509386, -0.00240795360878, 0.00151337275747, -0.00135995622259, 0.000868591421749], [-0.000387339910958, 0.00317405932583, -0.00260492204688, 0.00123764341697, -0.00327803520486, 0.00750500708818, -0.00460670748726, 0.0023307367228, -0.0018363809213, 0.000159632312716, -0.00180825334974, 0.00150973023847, -0.00140782888047], [0.000372616777895, -0.00244862609543, 0.00200773333199, -0.000698348158039, 0.00143614830449, -0.00460670748726, 0.00776738440618, -0.0036038744729, 0.00127664906904, -0.00101264228579, -0.000519775087014, -0.000943182036281, -0.000909230555408], [-0.000655954761896, 0.00213601300493, -0.00229799514636, 0.00312843336724, -0.00258909841068, 0.0023307367228, -0.0036038744729, 0.0094247655943, -0.00428651459515, 0.00172725389712, -0.000786614546087, 0.000618984573521, 0.000804646522738], [0.000288945040666, -0.00160218751989, 0.00194946280681, -0.00337109924294, 0.00192111509386, -0.0018363809213, 0.00127664906904, -0.00428651459515, 0.00878041889518, -0.00454899435863, 0.00161324779037, 0.000756625493523, -0.00143011601176], [-0.000183329641004, 0.00148525473196, -0.0021078675054, 0.00145670643542, -0.00240795360878, 0.000159632312716, -0.00101264228579, 0.00172725389712, -0.00454899435863, 0.0133667532355, -0.00423406623304, 0.001040821895, -0.00110013666563], [-0.00021288098651, -0.00170550285839, 0.0021029713098, -0.00241994508542, 0.00151337275747, -0.00180825334974, -0.000519775087014, -0.000786614546087, 0.00161324779037, -0.00423406623304, 0.0123829999939, -0.00608486216515, 0.00355491228402], [5.32336234755e-05, 0.0016736042453, -0.00130244309548, 0.000106467006844, -0.00135995622259, 0.00150973023847, -0.000943182036281, 0.000618984573521, 0.000756625493523, 0.001040821895, -0.00608486216515, 0.0155439050868, -0.0049902042374], [-2.04205152841e-05, -0.000625058019068, 0.00115407281555, -0.00160196505021, 0.000868591421749, -0.00140782888047, -0.000909230555408, 0.000804646522738, -0.00143011601176, -0.00110013666563, 0.00355491228402, -0.0049902042374, 0.0105976955965]], "cov": [[6853.41552734, 2327.97167969, 945.094360352, 469.540008545, -240.132766724, -327.976135254, 132.479553223, 208.854476929, 207.907623291, 56.3436851501, 329.732757568, -80.1873016357, -24.2707614899], [2327.97167969, 2470.24291992, 1138.15698242, 661.783203125, 215.31590271, -295.181518555, 191.788467407, -22.4771881104, 239.168762207, 81.5326690674, 219.00730896, -43.3843536377, 34.4214668274], [945.094360352, 1138.15698242, 1314.11450195, 756.727478027, 178.96647644, 112.214523315, 82.1727218628, 1.19690728188, 219.453903198, 164.281829834, 121.358520508, 37.4743843079, 71.0366287231], [469.540008545, 661.783203125, 756.727478027, 948.423217773, 393.958862305, 260.494354248, 155.951477051, -43.059513092, 319.03729248, 205.517883301, 178.357757568, 99.9805526733, 171.498077393], [-240.132766724, 215.31590271, 178.96647644, 393.958862305, 459.768798828, 243.80027771, 149.938674927, 12.31772995, 154.985595703, 130.942977905, 87.2312545776, 63.0635147095, 93.8739395142], [-327.976135254, -295.181518555, 112.214523315, 260.494354248, 243.80027771, 532.807678223, 230.158096313, 41.7731895447, 152.730865479, 148.232910156, 78.5684432983, 74.7547302246, 121.330734253], [132.479553223, 191.788467407, 82.1727218628, 155.951477051, 149.938674927, 230.158096313, 335.47769165, 81.4457855225, 116.646507263, 87.9686355591, 92.6096801758, 43.3793678284, 81.3108062744], [208.854476929, -22.4771881104, 1.19690728188, -43.059513092, 12.31772995, 41.7731895447, 81.4457855225, 194.156524658, 69.4976730347, 19.293554306, 7.86709547043, -6.97132253647, -5.31715583801], [207.907623291, 239.168762207, 219.453903198, 319.03729248, 154.985595703, 152.730865479, 116.646507263, 69.4976730347, 310.943969727, 134.216796875, 63.9605827332, 24.9393730164, 97.3342819214], [56.3436851501, 81.5326690674, 164.281829834, 205.517883301, 130.942977905, 148.232910156, 87.9686355591, 19.293554306, 134.216796875, 167.708770752, 75.2863082886, 36.1174201965, 60.4100799561], [329.732757568, 219.00730896, 121.358520508, 178.357757568, 87.2312545776, 78.5684432983, 92.6096801758, 7.86709547043, 63.9605827332, 75.2863082886, 175.050720215, 57.1642341614, 22.5780582428], [-80.1873016357, -43.3843536377, 37.4743843079, 99.9805526733, 63.0635147095, 74.7547302246, 43.3793678284, -6.97132253647, 24.9393730164, 36.1174201965, 57.1642341614, 109.962104797, 57.0499992371], [-24.2707614899, 34.4214668274, 71.0366287231, 171.498077393, 93.8739395142, 121.330734253, 81.3108062744, -5.31715583801, 97.3342819214, 60.4100799561, 22.5780582428, 57.0499992371, 169.031326294]]}, "spectral_energyband_middle_low": {"dmean2": 0.00455514388159, "median": 0.00565768126398, "min": 1.43496688039e-15, "dvar2": 8.05777453934e-05, "dvar": 3.48261528416e-05, "dmean": 0.0031677915249, "max": 0.122676111758, "var": 0.000139395153383, "mean": 0.0095801204443}, "melbands_crest": {"dmean2": 4.66606855392, "median": 12.8173875809, "min": 2.88875055313, "dvar2": 21.0280456543, "dvar": 8.17424964905, "dmean": 2.94037866592, "max": 34.8237342834, "var": 28.3937072754, "mean": 13.7499494553}, "spectral_kurtosis": {"dmean2": 3.24321103096, "median": 6.50085449219, "min": -0.855557739735, "dvar2": 10.3704175949, "dvar": 3.30485200882, "dmean": 1.87659370899, "max": 25.6199703217, "var": 10.6693544388, "mean": 6.79594326019}, "spectral_rms": {"dmean2": 0.000868645496666, "median": 0.00345102418214, "min": 7.85308706952e-09, "dvar2": 3.68752853319e-06, "dvar": 1.50990013026e-06, "dmean": 0.000584437977523, "max": 0.026741264388, "var": 6.24339736532e-06, "mean": 0.00386790418997}, "zerocrossingrate": {"dmean2": 0.00848325435072, "median": 0.05078125, "min": 0.00537109375, "dvar2": 0.000129719599499, "dvar": 0.000127429477288, "dmean": 0.00711274519563, "max": 0.4853515625, "var": 0.00114065024536, "mean": 0.0580379255116}, "silence_rate_60dB": {"dmean2": 0.0433009117842, "median": 0, "min": 0, "dvar2": 0.0467567592859, "dvar": 0.0211791601032, "dmean": 0.0216470584273, "max": 1, "var": 0.148143306375, "mean": 0.180834382772}, "erbbands_kurtosis": {"dmean2": 1.79281008244, "median": 0.303615093231, "min": -1.78623771667, "dvar2": 5.99577093124, "dvar": 2.56990098953, "dmean": 1.14656472206, "max": 44.2851028442, "var": 9.55624580383, "mean": 1.26448273659}, "erbbands": {"dmean2": [0.0905459970236, 1.07868731022, 2.83853745461, 2.82601428032, 2.40737652779, 4.10101747513, 6.76289129257, 7.12057733536, 12.4624671936, 24.4589748383, 23.1065578461, 31.2643032074, 30.5563983917, 40.464389801, 24.3475246429, 33.5986671448, 39.4773216248, 22.4548492432, 14.4155635834, 14.0362138748, 7.543009758, 7.00227069855, 9.63647460938, 14.2151174545, 10.7171344757, 2.83295583725, 1.53574705124, 0.963552474976, 0.787218153477, 0.956441164017, 0.656106412411, 0.541288256645, 0.293954491615, 0.0831668898463, 0.0904995799065, 0.0330382138491, 0.00666290381923, 0.00115851173177, 6.94417249179e-05, 1.37280194394e-05], "median": [0.000114304231829, 0.00174490048084, 0.0216519907117, 0.160307317972, 0.852921366692, 2.22079133987, 1.43614554405, 2.10443115234, 4.70460271835, 7.254301548, 8.45769309998, 13.9363613129, 12.6142711639, 11.7104797363, 9.42746925354, 11.00715065, 8.87016105652, 7.24253463745, 4.76168823242, 4.02690792084, 3.18433904648, 3.67271375656, 6.09969997406, 9.51631736755, 7.04054069519, 1.88989901543, 0.571575641632, 0.410426080227, 0.417727559805, 0.448008835316, 0.176902472973, 0.0800289809704, 0.0412820614874, 0.0263401791453, 0.0348792821169, 0.0140615487471, 0.00263406988233, 0.000432090600953, 2.24162868108e-05, 1.65597848536e-05], "min": [2.20908373754e-15, 1.70917560703e-14, 7.72939587226e-14, 2.15872892478e-13, 3.93929273966e-13, 5.48735536177e-13, 1.12344974903e-12, 2.96742253166e-12, 4.86897935165e-12, 3.88232761911e-12, 1.17020076355e-12, 5.8623973731e-12, 1.408297437e-11, 4.97787661785e-12, 1.62162679118e-11, 1.42420667273e-11, 3.14734106832e-11, 5.15370836285e-11, 2.41188388705e-11, 2.89232943151e-11, 6.69795052755e-11, 1.18501958246e-10, 1.16141381235e-10, 3.81204755262e-11, 3.80283686485e-11, 6.10287098635e-11, 1.00589044039e-10, 1.26142568613e-10, 7.37001293327e-11, 8.76275510486e-11, 1.15516048116e-10, 8.05622582534e-11, 1.05351699586e-10, 8.49017800508e-11, 1.04681610602e-10, 4.70339635295e-11, 1.60318841536e-11, 1.0357086716e-11, 2.1029697081e-12, 1.30395436744e-13], "dvar2": [0.365316331387, 78.3327789307, 669.066345215, 451.683410645, 73.5923919678, 91.4697113037, 579.347351074, 281.456237793, 1352.01037598, 6346.2265625, 3284.79833984, 5933.91894531, 5294.85449219, 12431.6318359, 3611.26879883, 6158.10546875, 13005.0664063, 2885.74487305, 1933.12097168, 5890.45703125, 781.206787109, 268.997161865, 300.573883057, 646.728210449, 391.383483887, 36.8873786926, 18.183259964, 6.6621670723, 4.40015697479, 12.5435934067, 17.3986225128, 10.8084039688, 5.50850296021, 0.203015163541, 0.169251173735, 0.0140942782164, 0.000594632234424, 1.62171145348e-05, 8.53662669442e-08, 3.20535686882e-09], "dvar": [0.137814775109, 27.7146396637, 234.608810425, 154.601119995, 26.8386573792, 44.782699585, 300.212036133, 137.563217163, 559.927246094, 2817.19580078, 1703.91101074, 2980.41235352, 2640.04296875, 5235.62548828, 1635.51196289, 2930.41015625, 5333.16064453, 1219.54943848, 762.319946289, 1903.36694336, 270.626800537, 104.782028198, 115.374443054, 275.464569092, 171.56980896, 14.9917478561, 6.99132490158, 2.41735625267, 1.87295675278, 5.41497850418, 7.32776403427, 5.97511339188, 2.86237835884, 0.1026789397, 0.0923851206899, 0.00735559035093, 0.000300035491819, 6.68773327561e-06, 3.26341655921e-08, 1.18804011073e-09], "dmean": [0.0541257858276, 0.62398147583, 1.54743874073, 1.58039164543, 1.49983561039, 2.82561826706, 4.97730541229, 5.01367807388, 8.19711208344, 17.0981674194, 17.2628135681, 22.0316028595, 21.4418926239, 27.0640583038, 15.8402967453, 22.3607769012, 25.1139087677, 13.9673395157, 8.70620632172, 8.11175251007, 4.52628135681, 4.36190605164, 5.95000600815, 9.13894748688, 6.78815507889, 1.76582658291, 0.950695991516, 0.577525496483, 0.498044371605, 0.613003015518, 0.431457191706, 0.376804351807, 0.203915223479, 0.0536899156868, 0.0595282353461, 0.0221496839076, 0.00445042457432, 0.000728169747163, 4.12661902374e-05, 8.7390835688e-06], "max": [8.85293865204, 133.994522095, 321.916015625, 288.512817383, 187.301498413, 271.037689209, 676.949707031, 289.480102539, 908.426269531, 1341.68469238, 974.944030762, 1462.99609375, 1090.55871582, 2179.32958984, 1590.50500488, 1373.95300293, 1951.44165039, 819.964416504, 710.932861328, 1882.58996582, 700.461608887, 272.327453613, 234.394393921, 343.776489258, 347.163421631, 118.91834259, 90.561706543, 33.3532104492, 54.5284233093, 67.4566497803, 126.082359314, 112.211265564, 118.418464661, 18.7594718933, 19.8137454987, 4.88304424286, 0.701749265194, 0.0720066949725, 0.00444510998204, 0.000798160617705], "var": [0.166914135218, 20.0766086578, 141.231704712, 94.2767181396, 40.637298584, 237.307723999, 1388.10339355, 420.946624756, 1686.09106445, 7908.81201172, 5036.07324219, 9029.91210938, 6180.44921875, 15839.7744141, 6153.19238281, 11551.5810547, 20159.4785156, 3318.16967773, 1709.70275879, 2020.92236328, 682.77935791, 338.487030029, 382.22479248, 879.449279785, 662.602416992, 37.714881897, 19.6103820801, 6.65628480911, 5.01447582245, 9.1213388443, 10.8374834061, 13.6501255035, 5.54133796692, 0.281941384077, 0.271589666605, 0.0205511189997, 0.000715686706826, 1.11021454359e-05, 3.20516129193e-08, 1.45520651085e-09], "mean": [0.135336667299, 1.05521285534, 1.56617736816, 2.01401948929, 3.02111625671, 7.23045635223, 11.5846633911, 9.97404003143, 17.8169803619, 34.5629272461, 33.8601989746, 45.6041603088, 40.0955467224, 50.1510543823, 33.1025810242, 46.1513328552, 49.9336090088, 26.3196735382, 15.6095714569, 12.5598201752, 9.23226737976, 9.38386917114, 13.3764066696, 21.3749828339, 16.4614009857, 4.10448694229, 2.10453438759, 1.34067285061, 1.14114284515, 1.20511174202, 0.745700955391, 0.636774897575, 0.342597335577, 0.102763004601, 0.113153927028, 0.0420416258276, 0.00837355386466, 0.00129081227351, 5.90238596487e-05, 2.69087486231e-05]}, "spectral_strongpeak": {"dmean2": 0.871669411659, "median": 0.717913866043, "min": 1.09846530449e-06, "dvar2": 1.89018070698, "dvar": 0.787277877331, "dmean": 0.538816034794, "max": 11.9314641953, "var": 2.06352806091, "mean": 1.29491221905}, "spectral_energy": {"dmean2": 0.0112606212497, "median": 0.0122073069215, "min": 6.32127474822e-14, "dvar2": 0.00263039092533, "dvar": 0.000970713619608, "dmean": 0.00716178584844, "max": 0.732972621918, "var": 0.00113149581011, "mean": 0.0217341594398}, "average_loudness": 0.448641866446, "spectral_rolloff": {"dmean2": 522.774841309, "median": 1227.39257813, "min": 64.599609375, "dvar2": 794459.3125, "dvar": 410883.75, "dmean": 313.107757568, "max": 16795.8984375, "var": 1497314.125, "mean": 1506.82067871}, "spectral_centroid": {"dmean2": 297.933685303, "median": 1352.90979004, "min": 262.435394287, "dvar2": 88999.7890625, "dvar": 41776.3476563, "dmean": 197.003311157, "max": 4680.95800781, "var": 352014.84375, "mean": 1434.29663086}, "pitch_salience": {"dmean2": 0.101479612291, "median": 0.559005260468, "min": 0.0865442752838, "dvar2": 0.00900490768254, "dvar": 0.00357981328852, "dmean": 0.0639946311712, "max": 0.8898255229, "var": 0.0129416286945, "mean": 0.553150653839}, "spectral_energyband_middle_high": {"dmean2": 0.00293231988326, "median": 0.0026965723373, "min": 9.04578502218e-15, "dvar2": 2.6239114959e-05, "dvar": 1.15582943181e-05, "dmean": 0.00194314937107, "max": 0.0738655179739, "var": 7.17733346391e-05, "mean": 0.00591337494552}, "spectral_contrast_coeffs": {"dmean2": [0.0702385902405, 0.0703204795718, 0.0622269660234, 0.0509473122656, 0.0366872139275, 0.0267099589109], "median": [-0.619911193848, -0.704388797283, -0.71781539917, -0.756971180439, -0.747089982033, -0.762155056], "min": [-0.968791842461, -0.982722938061, -0.960909962654, -0.952065289021, -0.960670590401, -0.929188132286], "dvar2": [0.003636514768, 0.00336787896231, 0.00254276045598, 0.001722755027, 0.000889736227691, 0.000530229706783], "dvar": [0.00142565649003, 0.0013685306767, 0.00103779067285, 0.000644384359475, 0.000391940964619, 0.000210387341212], "dmean": [0.0427855215967, 0.0444362163544, 0.0391559451818, 0.0311015155166, 0.023140328005, 0.0165186114609], "max": [-0.231588199735, -0.313370704651, -0.419053405523, -0.51722484827, -0.529156148434, -0.621152698994], "var": [0.0187573116273, 0.00916411262006, 0.00632167188451, 0.00390223390423, 0.0045948959887, 0.00161531055346], "mean": [-0.602212905884, -0.703729629517, -0.709959149361, -0.748201727867, -0.739522397518, -0.756705582142]}, "melbands_skewness": {"dmean2": 0.89084225893, "median": 1.55110669136, "min": -3.59196949005, "dvar2": 1.45070743561, "dvar": 0.592606306076, "dmean": 0.567137420177, "max": 18.2141628265, "var": 2.05874109268, "mean": 1.77130138874}, "spectral_spread": {"dmean2": 472233.59375, "median": 3320070.5, "min": 1924195, "dvar2": 375060201472, "dvar": 243114639360, "dmean": 309784.5, "max": 25701422, "var": 1128817623040.0, "mean": 3543913.25}, "dissonance": {"dmean2": 0.0412433296442, "median": 0.457004129887, "min": 0.191685631871, "dvar2": 0.00171715207398, "dvar": 0.000619860657025, "dmean": 0.0245265625417, "max": 0.499995440245, "var": 0.00124897796195, "mean": 0.450662642717}, "spectral_skewness": {"dmean2": 0.358056306839, "median": 1.81198811531, "min": 0.181643098593, "dvar2": 0.104374840856, "dvar": 0.0357951372862, "dmean": 0.213616907597, "max": 3.84001111984, "var": 0.198599547148, "mean": 1.79685366154}, "spectral_flux": {"dmean2": 0.0283603128046, "median": 0.0499481782317, "min": 0.000101852223452, "dvar2": 0.00268498202786, "dvar": 0.00123344140593, "dmean": 0.0173605158925, "max": 0.760240256786, "var": 0.00285697332583, "mean": 0.0589014627039}, "spectral_contrast_valleys": {"dmean2": [0.616909563541, 0.525594115257, 0.501520633698, 0.424137175083, 0.305123656988, 0.270695358515], "median": [-9.56642913818, -7.21007108688, -7.53003740311, -8.07314300537, -8.1511554718, -11.1982135773], "min": [-17.3728713989, -18.5339698792, -19.3711872101, -19.905424118, -19.3891944885, -20.8985595703], "dvar2": [0.296961277723, 0.214854031801, 0.248603761196, 0.172589302063, 0.0895618647337, 0.0911703109741], "dvar": [0.118413209915, 0.0978277996182, 0.109989002347, 0.086534447968, 0.0544922724366, 0.061005294323], "dmean": [0.365869134665, 0.320855826139, 0.306942850351, 0.2590726614, 0.192283377051, 0.188068404794], "max": [-4.68437480927, -4.9632768631, -5.55919027328, -6.00925111771, -6.36768865585, -8.32746505737], "var": [3.78208780289, 1.44825279713, 0.903166532516, 0.632895648479, 0.529005408287, 0.608137369156], "mean": [-9.11759662628, -7.42260599136, -7.64748287201, -8.15644264221, -8.2132062912, -11.1474485397]}, "erbbands_flatness_db": {"dmean2": 0.0242380388081, "median": 0.211293935776, "min": 0.0622165240347, "dvar2": 0.000535072875209, "dvar": 0.000238336258917, "dmean": 0.0161546971649, "max": 0.37190464139, "var": 0.00287133804522, "mean": 0.212963536382}, "spectral_energyband_high": {"dmean2": 0.000102832629636, "median": 6.36596378172e-05, "min": 4.92800719394e-14, "dvar2": 9.13322324436e-08, "dvar": 4.79377888496e-08, "dmean": 6.94903937983e-05, "max": 0.00926616135985, "var": 1.53739833308e-07, "mean": 0.000180860035471}, "spectral_entropy": {"dmean2": 0.199653252959, "median": 7.24634456635, "min": 5.9284992218, "dvar2": 0.0362344570458, "dvar": 0.0168589130044, "dmean": 0.132838129997, "max": 8.80552768707, "var": 0.158179983497, "mean": 7.26372385025}, "silence_rate_20dB": {"dmean2": 0.00313774705864, "median": 1, "min": 0, "dvar2": 0.00438289996237, "dvar": 0.00156623276416, "dmean": 0.00156862742733, "max": 1, "var": 0.000940163561609, "mean": 0.999058961868}, "melbands_flatness_db": {"dmean2": 0.0304090026766, "median": 0.218086719513, "min": 0.0103670302778, "dvar2": 0.00109085359145, "dvar": 0.000471841281978, "dmean": 0.0198578517884, "max": 0.456739515066, "var": 0.00304191326723, "mean": 0.212992340326}, "barkbands": {"dmean2": [5.44405011169e-05, 0.00426531815901, 0.00245777703822, 0.00078652065713, 0.00107338931412, 0.000879286730196, 0.00132996460889, 0.00106685631908, 0.00153375382069, 0.000816827989183, 0.000941968115512, 0.000980661134236, 0.000915629148949, 0.000408640742535, 0.000298767874483, 0.000165651552379, 0.000125683145598, 0.000217487569898, 0.000281078449916, 7.48315214878e-05, 3.04955628962e-05, 2.37812018895e-05, 2.38541615545e-05, 2.27042437473e-05, 9.94149559119e-06, 4.7253925004e-06, 4.47790739599e-07], "median": [1.81480999117e-07, 4.88136083732e-06, 2.18941022467e-05, 4.98531371704e-05, 0.000630863825791, 0.000180342554813, 0.000370189489331, 0.00024139022571, 0.00065662706038, 0.000188220408745, 0.000226547796046, 0.000284295470919, 0.000157300906722, 0.000116331255413, 7.64430442359e-05, 5.36046900379e-05, 5.29849567101e-05, 0.000115759583423, 0.000175820809091, 3.42962521245e-05, 1.118588807e-05, 1.29706222651e-05, 7.55463770474e-06, 3.20696290146e-06, 4.01789293392e-06, 2.09822314901e-06, 1.05942987716e-07], "min": [2.98523725893e-17, 7.40710195341e-17, 7.91340067751e-17, 8.77341638992e-17, 1.61423436272e-16, 3.02697176338e-16, 3.42239400704e-16, 7.41214246119e-17, 2.95943094436e-16, 3.39874828822e-16, 2.25457724186e-16, 3.76202271985e-16, 6.80381544223e-16, 1.04556539987e-15, 2.84238581412e-16, 1.0637068339e-15, 1.80494271906e-15, 2.06088791188e-15, 4.35075508742e-16, 1.51166169036e-15, 3.03656907019e-15, 2.58406924669e-15, 3.22744370969e-15, 5.40335869581e-15, 1.25423700627e-14, 8.11039637413e-15, 1.4477448171e-14], "dvar2": [1.27948680984e-07, 0.00108970468864, 0.000467986246804, 2.57581632468e-05, 5.40060955245e-06, 6.10613142271e-06, 1.94141648535e-05, 7.76568140282e-06, 1.1009080481e-05, 4.64025242763e-06, 6.71448879075e-06, 6.15474436927e-06, 6.63441142024e-06, 1.39263056553e-06, 2.01394163923e-06, 5.75633862354e-07, 7.81608449074e-08, 1.54346651016e-07, 2.50377240718e-07, 2.29158860776e-08, 7.26892901426e-09, 4.71071359698e-09, 1.500123048e-08, 2.5428070316e-08, 2.48349474319e-09, 2.642253083e-10, 2.70010663134e-12], "dvar": [5.34389137385e-08, 0.000389672321035, 0.000