{"rhythm": {"bpm": 163.235641479, "bpm_histogram_second_peak_weight": {"mean": 0.0750988125801, "min": 0.0750988125801, "max": 0.0750988125801, "dmean2": 0, "dvar": 0, "dmean": 0, "median": 0.0750988125801, "dvar2": 0, "var": 0}, "bpm_histogram_first_peak_weight": {"mean": 0.134387344122, "min": 0.134387344122, "max": 0.134387344122, "dmean2": 0, "dvar": 0, "dmean": 0, "median": 0.134387344122, "dvar2": 0, "var": 0}, "danceability": 0.759816467762, "beats_loudness": {"mean": 0.0119612244889, "min": 1.71560365914e-08, "max": 0.150019720197, "dmean2": 0.0107594588771, "dvar": 0.000131140317535, "dmean": 0.0064802528359, "median": 0.00500778201967, "dvar2": 0.000316242192639, "var": 0.000387045874959}, "onset_rate": 1.32037627697, "bpm_histogram_second_peak_spread": {"mean": 0.441176474094, "min": 0.441176474094, "max": 0.441176474094, "dmean2": 0, "dvar": 0, "dmean": 0, "median": 0.441176474094, "dvar2": 0, "var": 0}, "bpm_histogram_first_peak_spread": {"mean": 0.20930236578, "min": 0.20930236578, "max": 0.20930236578, "dmean2": 0, "dvar": 0, "dmean": 0, "median": 0.20930236578, "dvar2": 0, "var": 0}, "beats_position": [0.49922901392, 1.01006805897, 1.52090704441, 2.04335594177, 2.55419492722, 3.08825397491, 3.62231278419, 4.15637159348, 4.69043064117, 5.22448968887, 5.74693870544, 6.26938772202, 6.80344676971, 7.32589578629, 7.91800451279, 8.52172279358, 9.16027164459, 9.79882049561, 10.4954195023, 11.1920175552, 11.8886165619, 12.5852155685, 13.2818136215, 13.9435825348, 14.6053514481, 15.2671203613, 15.9172782898, 16.6487064362, 17.3801364899, 18.1115646362, 18.8313827515, 19.5512008667, 20.2710208893, 21.0604991913, 21.8499774933, 22.6394557953, 23.4289340973, 24.2184123993, 25.0078907013, 25.8089790344, 26.6100673676, 27.3414955139, 28.0729255676, 28.6882534027, 29.3035831451, 29.8840808868, 30.476190567, 31.0682983398, 31.6487979889, 32.2292976379, 32.8097953796, 33.3902931213, 33.9707946777, 34.5512924194, 35.1317901611, 35.7471199036, 36.3508377075, 36.96616745, 37.5698852539, 38.1619949341, 38.7541046143, 39.3462142944, 39.9383201599, 40.4143295288, 40.8903388977, 41.3663482666, 41.8423576355, 42.3183670044, 42.7943763733, 43.3284339905, 43.8624954224, 44.3965530396, 44.9306106567, 45.4646720886, 45.9987297058, 46.532787323, 47.0668487549, 47.6009063721, 48.1349639893, 48.6690254211, 49.2263031006, 49.78358078, 50.3408622742, 50.8516998291, 51.362537384, 51.8849868774, 52.3609962463, 52.8253974915, 53.2897949219, 53.7541923523, 54.2185935974, 54.6829910278, 55.1473922729, 55.6001815796, 56.0529708862, 56.5986366272, 57.1443061829, 57.701587677, 58.2008171082, 58.7000427246, 59.1992721558, 59.7217216492, 60.2557830811, 60.7782287598, 61.3006782532, 61.8231277466, 62.3571853638, 62.8564147949, 63.3556442261, 63.8548736572, 64.3192749023, 64.7836685181, 65.2480697632, 65.7124710083, 66.1768722534, 66.6412658691, 67.0824508667, 67.5236282349, 67.964805603, 68.4059829712, 68.8471679688, 69.2883453369, 69.7295227051, 70.1590881348, 70.5886611938, 71.0414505005, 71.4942398071, 71.9470291138, 72.3998184204, 72.8990478516, 73.3866653442, 73.8858947754, 74.3735122681, 74.8611297607, 75.3487548828, 75.824760437, 76.3007659912, 76.7767791748, 77.252784729, 77.7636260986, 78.2628555298, 78.7736968994, 79.2845306396, 79.7953720093, 80.2713851929, 80.7357788086, 81.2001800537, 81.6645812988, 82.0360946655, 82.4076156616, 82.7907485962, 83.1738739014, 83.5453948975, 83.928527832, 84.3116531372, 84.7644424438, 85.2172317505, 85.6700210571, 86.1228103638, 86.5872116089, 87.0516052246, 87.6785507202, 88.3054885864, 88.9324264526, 89.5477523804, 90.1630859375, 90.7784118652, 91.393737793, 92.0206756592, 92.5199050903, 93.03074646, 93.5415878296, 93.9595413208, 94.3891143799, 94.8186798096, 95.2482528687, 95.6778182983, 96.1073913574, 96.5369567871, 96.9084777832, 97.2916107178, 97.6631240845, 98.0346450806, 98.4061660767, 98.7776870728, 99.1492080688, 99.532333374, 99.9619064331, 100.391471863, 100.821044922, 101.26222229, 101.703399658, 102.167800903, 102.597366333, 103.026939392, 103.479728699, 103.932518005, 104.385307312, 104.838096619, 105.279273987, 105.720451355, 106.173240662, 106.626029968, 107.009155273, 107.392288208, 107.763809204, 108.1353302, 108.506843567, 108.878364563, 109.249885559, 109.621406555, 109.992919922, 110.364440918, 110.735961914, 111.10748291, 111.479003906, 111.850517273, 112.210426331, 112.570335388, 112.941856384, 113.301765442, 113.6616745, 114.033195496, 114.404716492, 114.764625549, 115.124534607, 115.484443665, 115.844352722, 116.20426178, 116.564170837, 116.924079895, 117.283988953, 117.64389801, 118.003807068, 118.363716125, 118.723625183, 119.095146179, 119.466667175, 119.826576233, 120.1980896, 120.569610596, 120.941131592, 121.324264526, 121.695777893, 122.067298889, 122.438819885, 122.810340881, 123.181854248, 123.576599121, 123.971336365, 124.366073608, 124.772422791, 125.178771973, 125.573509216], "bpm_histogram_first_peak_bpm": {"mean": 161, "min": 161, "max": 161, "dmean2": 0, "dvar": 0, "dmean": 0, "median": 161, "dvar2": 0, "var": 0}, "beats_count": 254, "beats_loudness_band_ratio": {"mean": [0.0884633883834, 0.13830691576, 0.317492187023, 0.275559574366, 0.160190328956, 0.0472567677498], "min": [5.89195806242e-05, 0.000133691399242, 0.000136903559905, 0.000199872010853, 0.000452559732366, 0.000290400843369], "max": [0.996903002262, 0.783500552177, 0.877929389477, 0.861446261406, 0.726263284683, 0.75825381279], "dmean2": [0.11266515404, 0.151390820742, 0.288507789373, 0.270802766085, 0.186261922121, 0.0491051785648], "dvar": [0.0109570464119, 0.0110762063414, 0.0195635445416, 0.0212545972317, 0.0140950847417, 0.00266856187955], "dmean": [0.0658384561539, 0.0888063013554, 0.169081792235, 0.15948997438, 0.106343694031, 0.0279245264828], "median": [0.0368989780545, 0.0899498909712, 0.288649439812, 0.231005966663, 0.118806675076, 0.0228581223637], "dvar2": [0.0263415705413, 0.0330297350883, 0.050921741873, 0.0583139546216, 0.0383571758866, 0.00695061543956], "var": [0.0246841907501, 0.0188933350146, 0.035298474133, 0.0411019958556, 0.0200701560825, 0.0102385785431]}, "bpm_histogram_second_peak_bpm": {"mean": 112, "min": 112, "max": 112, "dmean2": 0, "dvar": 0, "dmean": 0, "median": 112, "dvar2": 0, "var": 0}}, "tonal": {"chords_number_rate": 0.00513761490583, "tuning_diatonic_strength": 0.623534321785, "chords_changes_rate": 0.0484403669834, "thpcp": [1, 0.687269747257, 0.378073483706, 0.330233424902, 0.320264548063, 0.603053450584, 0.826708197594, 0.552562534809, 0.294834911823, 0.262274891138, 0.325299978256, 0.658485233784, 0.790617406368, 0.54221624136, 0.678077101707, 0.834584414959, 0.472861200571, 0.211392268538, 0.196786224842, 0.226910665631, 0.572095394135, 0.765745282173, 0.424751520157, 0.170076534152, 0.150694593787, 0.239560708404, 0.683496534824, 0.965898096561, 0.629604816437, 0.431345283985, 0.409862428904, 0.234017506242, 0.224898263812, 0.33058282733, 0.387035399675, 0.719755411148], "hpcp": {"mean": [0.0430391170084, 0.0684197172523, 0.195209980011, 0.275865256786, 0.179818227887, 0.123194336891, 0.117058724165, 0.0668365508318, 0.0642320513725, 0.0944160819054, 0.110539212823, 0.205565690994, 0.285604923964, 0.196287631989, 0.107979647815, 0.0943162962794, 0.0914691314101, 0.172235026956, 0.236111938953, 0.157814577222, 0.0842063054442, 0.0749069973826, 0.0929072797298, 0.188066631556, 0.22580422461, 0.154859632254, 0.193662151694, 0.238361418247, 0.135051488876, 0.060374673456, 0.0562031157315, 0.0648068040609, 0.163393259048, 0.218700617552, 0.121311128139, 0.048574693501], "min": [0, 0, 0, 0, 0, 0, 0, 0, 0, 0, 0, 0, 0, 0, 0, 0, 0, 0, 0, 0, 0, 0, 0, 0, 0, 0, 0, 0, 0, 0, 0, 0, 0, 0, 0, 0], "max": [1, 1, 1, 1, 1, 1, 1, 1, 1, 1, 1, 1, 1, 1, 1, 1, 1, 1, 1, 1, 1, 1, 1, 1, 1, 1, 1, 1, 1, 1, 1, 1, 1, 1, 1, 1], "dmean2": [0.0798773020506, 0.0971547141671, 0.180716350675, 0.221830829978, 0.183871865273, 0.157135084271, 0.142085075378, 0.0968436747789, 0.103658393025, 0.161473214626, 0.184948518872, 0.221762910485, 0.245914116502, 0.220405116677, 0.179436311126, 0.180254817009, 0.154426082969, 0.182326838374, 0.202865704894, 0.175235614181, 0.136617332697, 0.145869925618, 0.164538547397, 0.218407586217, 0.24278730154, 0.194333583117, 0.202220663428, 0.180108651519, 0.135742098093, 0.100403428078, 0.0989454761147, 0.10910949856, 0.155662149191, 0.174947664142, 0.133472785354, 0.0845354124904], "dvar": [0.0133833736181, 0.0144458990544, 0.025354584679, 0.0360602214932, 0.0261440593749, 0.0282753314823, 0.0276446882635, 0.0181633755565, 0.0193674527109, 0.0343221463263, 0.0387222096324, 0.0433329455554, 0.0431780330837, 0.0402818620205, 0.0353756807745, 0.0367207229137, 0.0285792686045, 0.0314980410039, 0.0367678180337, 0.0295329019427, 0.0267768129706, 0.0319536998868, 0.031309813261, 0.0445373989642, 0.0388040617108, 0.0292697735131, 0.0330887064338, 0.0283016674221, 0.0176825970411, 0.0168777443469, 0.0170962903649, 0.0187346413732, 0.0238981433213, 0.0271944887936, 0.0191275831312, 0.0142761897296], "dmean": [0.0443292707205, 0.056945245713, 0.108488559723, 0.131369784474, 0.107951156795, 0.0914402455091, 0.0811147615314, 0.0556716695428, 0.0592469386756, 0.0912119597197, 0.107028111815, 0.130583152175, 0.140811651945, 0.12926466763, 0.103397913277, 0.101295694709, 0.090069539845, 0.107310414314, 0.117117851973, 0.103365264833, 0.0787076205015, 0.081250153482, 0.0944054797292, 0.127227470279, 0.140185922384, 0.114822879434, 0.119233071804, 0.106556504965, 0.080246374011, 0.0572701469064, 0.0560097321868, 0.0626023858786, 0.0926383435726, 0.103877715766, 0.0793148502707, 0.0479392595589], "median": [0.0122874723747, 0.021045871079, 0.0832422599196, 0.121812209487, 0.0746022164822, 0.0252597201616, 0.0132776424289, 0.00909466482699, 0.0132650146261, 0.0184909291565, 0.0270430687815, 0.0652715712786, 0.106784060597, 0.0718552917242, 0.0307738110423, 0.0219638757408, 0.0245958324522, 0.0569650307298, 0.0648166611791, 0.0452079810202, 0.0196258760989, 0.0143944295123, 0.026768244803, 0.0652340427041, 0.0940102785826, 0.0689039900899, 0.0800624191761, 0.0790431722999, 0.0488604269922, 0.0163982976228, 0.0140321049839, 0.0193598326296, 0.0526212304831, 0.0751511380076, 0.0445581041276, 0.0151903387159], "dvar2": [0.0394164510071, 0.039246160537, 0.0647093951702, 0.0902675688267, 0.0688308179379, 0.0729842036963, 0.0723359137774, 0.0492581799626, 0.0528733730316, 0.0934732705355, 0.100507803261, 0.118167124689, 0.119852893054, 0.107025876641, 0.0947634354234, 0.0982416123152, 0.0743802785873, 0.0847323611379, 0.0979321077466, 0.079764328897, 0.0703757628798, 0.0837395712733, 0.0820106342435, 0.117367811501, 0.11047565937, 0.0771786570549, 0.0843726173043, 0.0684404820204, 0.0482929125428, 0.0468928404152, 0.0469984821975, 0.0522874779999, 0.0637281537056, 0.068469569087, 0.0522458180785, 0.040859490633], "var": [0.0108839580789, 0.0180244930089, 0.061505343765, 0.107851080596, 0.0550328977406, 0.0496916659176, 0.0575897283852, 0.022188231349, 0.0191242787987, 0.0344107300043, 0.0398047417402, 0.080461256206, 0.122846409678, 0.0699982047081, 0.0385802313685, 0.0341522209346, 0.0297377984971, 0.0611514374614, 0.106450140476, 0.0545305721462, 0.0319814831018, 0.0308813583106, 0.0300919115543, 0.0706979781389, 0.0806766971946, 0.0424099713564, 0.0635263174772, 0.104861609638, 0.0376264005899, 0.0168285388499, 0.0162839703262, 0.0179834961891, 0.0559939332306, 0.0901811271906, 0.03129536286, 0.0126064755023]}, "tuning_frequency": 441.527557373, "chords_scale": "major", "chords_histogram": [20.5871562958, 11.7798166275, 12.3302755356, 0.990825712681, 2.93577980995, 0, 2.71559643745, 0.477064222097, 7.04587173462, 0.0366972461343, 1.68807339668, 0, 1.13761472702, 1.06422019005, 0, 0, 0, 1.02752292156, 0.0366972461343, 2.45871567726, 0.733944952488, 8.33027553558, 5.46788978577, 19.1559638977], "hpcp_entropy": {"mean": 1.6294015646, "min": 0, "max": 3.67119956017, "dmean2": 0.953776180744, "dvar": 0.222927048802, "dmean": 0.566274285316, "median": 1.67974030972, "dvar2": 0.608182489872, "var": 0.512410700321}, "chords_key": "F#", "key_key": "F#", "key_scale": "major", "tuning_nontempered_energy_ratio": 0.683137655258, "tuning_equal_tempered_deviation": 0.0136701408774, "key_strength": 0.809061467648, "chords_strength": {"mean": 0.536956489086, "min": 0.237884640694, "max": 0.755739867687, "dmean2": 0.00724292080849, "dvar": 6.41790029476e-05, "dmean": 0.00954754650593, "median": 0.540504395962, "dvar2": 5.78643266635e-05, "var": 0.00948025006801}}, "metadata": {"audio_properties": {"md5_encoded": "0870370620d67a5b09e17975aa81bef9", "downmix": "mix", "equal_loudness": 0, "bit_rate": 192000, "analysis_sample_rate": 44100, "length": 126.458778381, "lossless": false, "replay_gain": -7.87319946289, "sample_rate": 44100, "codec": "mp3"}, "version": {"essentia_git_sha": "v2.1_beta2", "essentia_build_sha": "70f2e5ece6736b2c40cc944ad0e695b16b925413", "extractor": "music 1.0", "essentia": "2.1-beta2"}, "tags": {"date": ["1993"], "album": ["Ti AmoPuccini's Greatest Love Songs"], "title": ["Ch'Ella Mi Creda"], "musicbrainz_recordingid": ["0150deb5-5a88-4651-b53a-c0eb617f9f4d"], "albumartist": ["Luciano Pavarotti.etc"], "artist": ["Luciano Pavarotti.etc"], "file_name": "57656.mp3", "tracknumber": ["8"]}}, "lowlevel": {"mfcc": {"mean": [-768.308959961, 156.453536987, -59.8302650452, 10.1765937805, -4.02317523956, -28.7929973602, -4.22222471237, 3.70945000648, -14.53794384, -1.93911242485, 3.30409479141, 2.11691236496, 4.24293613434], "cov": [[11606.8808594, 1756.76928711, -2389.29711914, -194.847412109, -694.21484375, -734.614990234, -279.861328125, -266.306610107, -611.20513916, -63.6202545166, 11.2317819595, -175.295562744, -175.112258911], [1756.76928711, 1869.39880371, -219.077789307, 175.873214722, 146.100357056, -250.266983032, 87.0303955078, 176.00944519, -63.8537330627, -43.8743247986, 88.6320037842, 67.4482879639, 20.380153656], [-2389.29711914, -219.077789307, 944.188293457, 45.2581138611, 110.385467529, 290.155212402, -10.4278259277, 90.4424819946, 208.319229126, 6.94763755798, -32.5664596558, 24.9448318481, 48.0433502197], [-194.847412109, 175.873214722, 45.2581138611, 227.781280518, 136.83454895, -23.3327617645, 31.1805801392, 46.8545684814, 48.0727348328, 23.4169654846, 26.4482421875, 14.4891395569, 30.4798221588], [-694.21484375, 146.100357056, 110.385467529, 136.83454895, 319.540313721, 64.3612136841, 12.6327762604, -2.68985056877, 69.3309402466, 60.1019210815, 71.3299255371, 9.82420635223, -5.37183189392], [-734.614990234, -250.266983032, 290.155212402, -23.3327617645, 64.3612136841, 272.207519531, -27.0302715302, -45.7009620667, 92.2100906372, 38.7817268372, 5.33673858643, -16.8286647797, -16.1016635895], [-279.861328125, 87.0303955078, -10.4278259277, 31.1805801392, 12.6327762604, -27.0302715302, 223.515304565, 126.492698669, -19.6527194977, -6.98122739792, 22.9408454895, 59.9217529297, 29.8782176971], [-266.306610107, 176.00944519, 90.4424819946, 46.8545684814, -2.68985056877, -45.7009620667, 126.492698669, 218.564422607, 22.7969360352, -29.9845466614, 23.1996173859, 34.241481781, 35.9435997009], [-611.20513916, -63.8537330627, 208.319229126, 48.0727348328, 69.3309402466, 92.2100906372, -19.6527194977, 22.7969360352, 148.735687256, 46.1712303162, -1.06621599197, -8.47258758545, 7.5733590126], [-63.6202545166, -43.8743247986, 6.94763755798, 23.4169654846, 60.1019210815, 38.7817268372, -6.98122739792, -29.9845466614, 46.1712303162, 110.548912048, 40.7074127197, 8.11557292938, -3.43591475487], [11.2317819595, 88.6320037842, -32.5664596558, 26.4482421875, 71.3299255371, 5.33673858643, 22.9408454895, 23.1996173859, -1.06621599197, 40.7074127197, 133.139877319, 39.0981712341, -16.5849208832], [-175.295562744, 67.4482879639, 24.9448318481, 14.4891395569, 9.82420635223, -16.8286647797, 59.9217529297, 34.241481781, -8.47258758545, 8.11557292938, 39.0981712341, 135.685943604, 50.6655769348], [-175.112258911, 20.380153656, 48.0433502197, 30.4798221588, -5.37183189392, -16.1016635895, 29.8782176971, 35.9435997009, 7.5733590126, -3.43591475487, -16.5849208832, 50.6655769348, 108.2707901]], "icov": [[0.000353563285898, -0.000362885097275, 0.000795827130787, -0.000228729273658, 0.000801564659923, -0.000461419636849, 0.000580133928452, -0.000124313315609, 0.000396990857553, -0.000407298299251, 4.90739657835e-05, 0.000177536348929, 8.74696124811e-05], [-0.000362885097275, 0.00110854092054, -0.000720870913938, -2.15715390368e-05, -0.00124083121773, 0.000949151231907, -0.00034473076812, -0.000457509275293, -0.000222400558414, 0.000671484682243, -0.000183467869647, -0.000437224167399, 7.0336907811e-05], [0.000795827130787, -0.000720870913938, 0.0042440011166, -0.000536956242286, 0.00133523193654, -0.00329644745216, 0.00215747510083, -0.00189883564599, -0.000853366218507, 7.61448391131e-05, 0.00105801981408, -0.000607360445429, -0.000189814789337], [-0.000228729273658, -2.15715390368e-05, -0.000536956242286, 0.00739691127092, -0.00342021905817, 0.00186284363735, -0.000790757243522, -0.000327609159285, -0.00214982428588, 0.000227671160246, -8.53333476698e-05, 0.000509439909365, -0.00186949572526], [0.000801564659923, -0.00124083121773, 0.00133523193654, -0.00342021905817, 0.0076152891852, -0.00182530772872, 0.000423197168857, 0.00138648925349, -4.07856387028e-05, -0.00169342255685, -0.00226156553254, 0.000996659393422, 0.000565940048546], [-0.000461419636849, 0.000949151231907, -0.00329644745216, 0.00186284363735, -0.00182530772872, 0.00874639302492, -0.00233603431843, 0.00310469046235, -0.00289722648449, 0.000292620505206, -0.00162380211987, 0.000938802724704, 0.000361406040611], [0.000580133928452, -0.00034473076812, 0.00215747510083, -0.000790757243522, 0.000423197168857, -0.00233603431843, 0.00944088771939, -0.00618844013661, 0.00339472829364, -0.00209909072146, 0.00172610289883, -0.00271065556444, 0.00061996106524], [-0.000124313315609, -0.000457509275293, -0.00189883564599, -0.000327609159285, 0.00138648925349, 0.00310469046235, -0.00618844013661, 0.0111857894808, -0.00398810440674, 0.00358380004764, -0.00373589177616, 0.00190309947357, -0.00172545353416], [0.000396990857553, -0.000222400558414, -0.000853366218507, -0.00214982428588, -4.07856387028e-05, -0.00289722648449, 0.00339472829364, -0.00398810440674, 0.0150467650965, -0.00643447320908, 0.00256588845514, 0.000560548272915, 0.000496128224768], [-0.000407298299251, 0.000671484682243, 7.61448391131e-05, 0.000227671160246, -0.00169342255685, 0.000292620505206, -0.00209909072146, 0.00358380004764, -0.00643447320908, 0.0150155164301, -0.00451199617237, -0.000280696578557, -0.00116721272934], [4.90739657835e-05, -0.000183467869647, 0.00105801981408, -8.53333476698e-05, -0.00226156553254, -0.00162380211987, 0.00172610289883, -0.00373589177616, 0.00256588845514, -0.00451199617237, 0.0127568282187, -0.00457102991641, 0.00384910986759], [0.000177536348929, -0.000437224167399, -0.000607360445429, 0.000509439909365, 0.000996659393422, 0.000938802724704, -0.00271065556444, 0.00190309947357, 0.000560548272915, -0.000280696578557, -0.00457102991641, 0.0120983486995, -0.00560892466456], [8.74696124811e-05, 7.0336907811e-05, -0.000189814789337, -0.00186949572526, 0.000565940048546, 0.000361406040611, 0.00061996106524, -0.00172545353416, 0.000496128224768, -0.00116721272934, 0.00384910986759, -0.00560892466456, 0.013600978069]]}, "barkbands_spread": {"mean": 17.2547626495, "min": 0.20395347476, "max": 117.052124023, "dmean2": 5.93879699707, "dvar": 38.3112106323, "dmean": 3.65882492065, "median": 14.4613838196, "dvar2": 100.229263306, "var": 223.554946899}, "spectral_strongpeak": {"mean": 1.45755207539, "min": 0, "max": 16.8538570404, "dmean2": 0.976202428341, "dvar": 0.848925292492, "dmean": 0.605032622814, "median": 0.835726857185, "dvar2": 2.10137152672, "var": 3.69940233231}, "melbands_crest": {"mean": 12.2747869492, "min": 1.89735031128, "max": 39.7232475281, "dmean2": 5.02188253403, "dvar": 9.1004447937, "dmean": 3.10774636269, "median": 10.8676538467, "dvar2": 22.5762271881, "var": 31.7016220093}, "spectral_energyband_middle_high": {"mean": 0.00620107771829, "min": 1.63770492565e-21, "max": 0.1141955778, "dmean2": 0.00297966971993, "dvar": 2.37991243921e-05, "dmean": 0.00189904146828, "median": 0.00187646877021, "dvar2": 6.10745410086e-05, "var": 0.000167980411788}, "spectral_rms": {"mean": 0.0025383613538, "min": 3.25880294971e-12, "max": 0.0112674729899, "dmean2": 0.000473328254884, "dvar": 1.49680730033e-07, "dmean": 0.000312876072712, "median": 0.00207834527828, "dvar2": 3.49070774064e-07, "var": 3.59010323336e-06}, "spectral_flux": {"mean": 0.0471047013998, "min": 1.04332605055e-10, "max": 0.324497461319, "dmean2": 0.0218973662704, "dvar": 0.000365127867553, "dmean": 0.0134595632553, "median": 0.0366395674646, "dvar2": 0.000951502122916, "var": 0.00170241261367}, "erbbands_flatness_db": {"mean": 0.253549695015, "min": 0.0384782887995, "max": 0.405891746283, "dmean2": 0.0220673419535, "dvar": 0.000162503580214, "dmean": 0.0143415713683, "median": 0.257454931736, "dvar2": 0.000355210795533, "var": 0.00241211196408}, "barkbands_flatness_db": {"mean": 0.178824797273, "min": 0.042905818671, "max": 0.460812240839, "dmean2": 0.0260690450668, "dvar": 0.0002769655257, "dmean": 0.0167862754315, "median": 0.177917078137, "dvar2": 0.000668734195642, "var": 0.0019130759174}, "spectral_entropy": {"mean": 7.03576993942, "min": 6.01427412033, "max": 9.79985332489, "dmean2": 0.167821928859, "dvar": 0.00870988518, "dmean": 0.107951484621, "median": 6.98877334595, "dvar2": 0.0191200748086, "var": 0.170283481479}, "spectral_energyband_high": {"mean": 4.02079203923e-05, "min": 7.75218564345e-21, "max": 0.00124636571854, "dmean2": 2.7039226552e-05, "dvar": 3.11563996824e-09, "dmean": 1.75223558472e-05, "median": 9.13939311431e-06, "dvar2": 7.63408891657e-09, "var": 8.63122373573e-09}, "barkbands_kurtosis": {"mean": 3.49545741081, "min": -1.87553548813, "max": 1527.36547852, "dmean2": 4.43194055557, "dvar": 747.557800293, "dmean": 2.86460351944, "median": 0.0994864702225, "dvar2": 1695.01135254, "var": 1482.53735352}, "spectral_complexity": {"mean": 11.4214391708, "min": 0, "max": 35, "dmean2": 2.80940151215, "dvar": 2.76238489151, "dmean": 1.67908942699, "median": 11, "dvar2": 7.12752246857, "var": 49.4995307922}, "spectral_contrast_coeffs": {"mean": [-0.658273935318, -0.714768528938, -0.725602686405, -0.730263531208, -0.711075901985, -0.788252174854], "min": [-0.947629868984, -0.970215499401, -0.963691830635, -0.968186736107, -0.957732796669, -0.959062337875], "max": [-0.364174753428, -0.403674274683, -0.436800837517, -0.435108155012, -0.549274861813, -0.669457256794], "dmean2": [0.0567586757243, 0.0604132041335, 0.0588079206645, 0.0464964210987, 0.0336887799203, 0.021500652656], "dvar": [0.000803520611953, 0.000905391701963, 0.000876613834407, 0.000538401480298, 0.000300432235235, 0.000112526817247], "dmean": [0.0350533351302, 0.0376556366682, 0.0365465916693, 0.0285170972347, 0.0210795644671, 0.0131111992523], "median": [-0.665032505989, -0.716602146626, -0.728361964226, -0.737121939659, -0.701841056347, -0.783918440342], "dvar2": [0.00216475129128, 0.00229604542255, 0.00225321971811, 0.00137684377842, 0.000711494474672, 0.000305726134684], "var": [0.0106789851561, 0.00762427970767, 0.00681841094047, 0.00678188633174, 0.00444400403649, 0.00163160008378]}, "spectral_centroid": {"mean": 1600.49902344, "min": 339.726776123, "max": 11366.7138672, "dmean2": 262.617980957, "dvar": 34791.2695312, "dmean": 170.208862305, "median": 1557.4309082, "dvar2": 65646.0546875, "var": 446071.78125}, "spectral_energyband_low": {"mean": 0.000180920265848, "min": 4.48688999869e-23, "max": 0.00629051728174, "dmean2": 9.2825939646e-05, "dvar": 4.1613528623e-08, "dmean": 5.88026123296e-05, "median": 6.45540567348e-05, "dvar2": 1.37972378411e-07, "var": 1.39051536507e-07}, "dissonance": {"mean": 0.450335174799, "min": 0.154582262039, "max": 0.500000178814, "dmean2": 0.0424684584141, "dvar": 0.000566601112951, "dmean": 0.025022868067, "median": 0.456253170967, "dvar2": 0.00153094902635, "var": 0.00116054108366}, "zerocrossingrate": {"mean": 0.0619913749397, "min": 0, "max": 0.505859375, "dmean2": 0.00746722426265, "dvar": 0.000134264846565, "dmean": 0.00597456516698, "median": 0.05615234375, "dvar2": 0.000223509050556, "var": 0.00173665618058}, "erbbands": {"mean": [0.00298841274343, 0.0210184417665, 0.0542053468525, 0.137067899108, 0.528550446033, 1.05734527111, 2.00628685951, 9.38769721985, 10.1887817383, 16.0672454834, 17.9978847504, 21.5825119019, 16.2766513824, 22.2086582184, 21.8261737823, 40.3854293823, 95.3123245239, 44.110294342, 18.6490097046, 14.3290901184, 15.099114418, 24.8192977905, 21.4167709351, 14.5091218948, 11.6355981827, 4.56769943237, 0.772173523903, 0.188317745924, 0.15451388061, 0.0916232019663, 0.0604533217847, 0.037072841078, 0.0212864372879, 0.0112962098792, 0.00392307247967, 0.00215484388173, 0.000720367301255, 0.000201534567168, 1.06357765617e-05, 1.28417486849e-05], "min": [1.35676936822e-21, 2.07007845184e-21, 2.95696147134e-21, 2.70289650049e-20, 3.58199604123e-19, 5.43217831768e-19, 1.83206831351e-19, 8.46236941011e-19, 1.29075010202e-18, 1.66600131069e-18, 1.84767126631e-18, 1.15586775659e-18, 1.85581547982e-18, 2.19546804025e-18, 2.75374650453e-18, 5.17079369021e-18, 5.90503642504e-18, 5.90966160544e-18, 7.20286708971e-18, 5.70806404168e-18, 9.03691675928e-18, 9.38301905374e-18, 8.39480622826e-18, 1.52934032014e-17, 1.97532467357e-17, 1.32009389998e-17, 1.74873988602e-17, 2.01615645927e-17, 2.01397121353e-17, 1.44197763975e-17, 1.34770055661e-17, 1.96431523049e-17, 1.87106848352e-17, 1.22339648637e-17, 7.61341750723e-18, 6.49872008069e-18, 3.60026349788e-18, 1.40540271159e-18, 2.77848907931e-19, 3.68696887988e-20], "max": [0.278015255928, 0.529782950878, 1.42109358311, 3.58931517601, 17.2503585815, 19.2628498077, 48.3469734192, 425.171051025, 255.392333984, 478.119903564, 343.842681885, 708.877319336, 1825.50439453, 1738.41357422, 685.636962891, 1850.79675293, 5445.76464844, 3797.87988281, 1418.75402832, 611.068115234, 297.081207275, 1504.09460449, 477.000671387, 278.093536377, 229.450546265, 257.894073486, 26.017282486, 6.13447332382, 3.1802508831, 3.48696279526, 4.05971908569, 1.60165679455, 0.991867601871, 0.27641505003, 0.0752233564854, 0.085825279355, 0.0291045233607, 0.0173352621496, 0.000429898616858, 0.000161233678227], "dmean2": [0.00288812466897, 0.0103733083233, 0.0237021464854, 0.0848468840122, 0.283247560263, 0.405069500208, 0.815368533134, 3.31692910194, 4.06909513474, 9.42695713043, 14.2603273392, 17.7829055786, 14.3535995483, 22.1194324493, 19.8639850616, 34.4296226501, 73.025138855, 34.6319274902, 14.3545894623, 11.9049663544, 12.4444561005, 20.032043457, 14.0992088318, 7.88467741013, 6.48505067825, 2.95868206024, 0.514523267746, 0.111059226096, 0.101107887924, 0.0603865385056, 0.0352329462767, 0.0241398308426, 0.0120290992782, 0.00676673371345, 0.00208048406057, 0.00124142272398, 0.000401580851758, 0.000134318514029, 4.32743036072e-06, 4.61590252598e-06], "dvar": [9.95990121737e-05, 0.000396965042455, 0.00138534023426, 0.0283377282321, 0.234810575843, 0.263789385557, 1.68244028091, 47.6589698792, 38.2353858948, 157.802993774, 319.614868164, 1096.03967285, 1763.59863281, 2302.30053711, 956.318725586, 4765.3125, 49100.34375, 10960.5800781, 1329.03198242, 625.715148926, 337.286743164, 2009.52929688, 318.789733887, 141.669754028, 106.808654785, 37.8834381104, 0.901237905025, 0.0343355312943, 0.0207870099694, 0.0134886167943, 0.00666553946212, 0.00357216224074, 0.000706155260559, 0.000129137988552, 1.04717764771e-05, 8.36524941406e-06, 5.95549010995e-07, 9.63102237961e-08, 6.4720485915e-11, 4.01221902924e-11], "dmean": [0.00164937926456, 0.00697665195912, 0.0166300050914, 0.0545540601015, 0.186129435897, 0.289755433798, 0.611788392067, 2.45945668221, 3.02115011215, 6.1572675705, 9.33735179901, 12.2918109894, 9.19548034668, 13.5130062103, 12.651266098, 22.8017539978, 47.3829689026, 22.7517642975, 9.40015888214, 7.39956569672, 7.50043010712, 12.7819223404, 8.94505882263, 5.21728992462, 4.15419530869, 1.83662557602, 0.326985746622, 0.0677697584033, 0.0611026622355, 0.0367676243186, 0.0220947805792, 0.015352354385, 0.00750077608973, 0.00417772633955, 0.0012866568286, 0.000789488374721, 0.000259852822637, 8.91056042747e-05, 2.83877147922e-06, 2.97656515613e-06], "median": [0.000439580471721, 0.00470057222992, 0.0146399158984, 0.045773640275, 0.172212377191, 0.401207029819, 0.723422050476, 1.69702196121, 2.88355112076, 6.14009475708, 7.27704000473, 3.96411561966, 3.48167610168, 4.22591114044, 5.32916927338, 6.32246398926, 4.16271400452, 3.28439068794, 2.779961586, 2.26797056198, 3.96154618263, 9.00461196899, 10.4158382416, 4.06372833252, 2.52159643173, 0.680348992348, 0.152733355761, 0.0427528619766, 0.0285232067108, 0.0195381231606, 0.0124343056232, 0.00612450717017, 0.00327801844105, 0.00225432217121, 0.000885035144165, 0.000342831510352, 0.000155114597874, 3.64316292689e-05, 4.14588748754e-06, 5.46330466022e-06], "dvar2": [0.000353815965354, 0.00110658386257, 0.00264000031166, 0.083683386445, 0.660406112671, 0.493312805891, 2.98641872406, 89.9454956055, 70.8282089233, 381.773834229, 740.27142334, 2412.70996094, 4250.50732422, 6011.51318359, 2300.73535156, 9766.14648438, 105546.539062, 24710.4101562, 2550.1472168, 1424.71557617, 890.954650879, 4488.54394531, 730.534973145, 318.475708008, 254.401641846, 90.4546127319, 1.95178842545, 0.0949274078012, 0.0562429614365, 0.0349771827459, 0.0138083230704, 0.00844936352223, 0.00180410977919, 0.00032007630216, 2.54192091234e-05, 1.96371256607e-05, 1.32876800762e-06, 2.20775817183e-07, 1.51827744821e-10, 1.00738813125e-10], "var": [0.000147508908412, 0.00192598521244, 0.0141692906618, 0.0788321197033, 1.33788979053, 3.51878023148, 16.3248615265, 1119.80334473, 505.776672363, 1241.63500977, 803.490539551, 2631.49731445, 3400.62475586, 4767.96142578, 1919.28540039, 14459.4433594, 159010.34375, 28599.0800781, 3591.55224609, 1432.6973877, 899.545898438, 4124.86816406, 952.800964355, 693.798034668, 542.205688477, 140.241821289, 3.13208508492, 0.147470533848, 0.0823520347476, 0.0355117619038, 0.0192596614361, 0.00980142038316, 0.00244026724249, 0.000469671678729, 5.07017539348e-05, 2.85982223431e-05, 2.52170730164e-06, 2.21033744197e-07, 3.05626191022e-10, 4.22508167341e-10]}, "pitch_salience": {"mean": 0.557694554329, "min": 0.0143925501034, "max": 0.865095734596, "dmean2": 0.105559140444, "dvar": 0.00356007087976, "dmean": 0.066561602056, "median": 0.566730797291, "dvar2": 0.00862473249435, "var": 0.0125304888934}, "silence_rate_60dB": {"mean": 0.409140974283, "min": 0, "max": 1, "dmean2": 0.0785897895694, "dvar": 0.0377424880862, "dmean": 0.0392876826227, "median": 0, "dvar2": 0.0834253951907, "var": 0.241740688682}, "melbands": {"mean": [2.7786978535e-05, 2.86495251203e-05, 3.38190220646e-05, 5.75598169235e-05, 6.2597784563e-05, 0.000195633823751, 0.00017897914222, 0.000184341100976, 0.000142466757097, 0.000139755851706, 7.87423487054e-05, 8.67659327923e-05, 7.56397930672e-05, 8.97645004443e-05, 0.000138636765769, 0.000230222765822, 5.96648933424e-05, 2.77143572021e-05, 3.04224431602e-05, 9.32058810577e-06, 2.00152189791e-05, 2.86360555037e-05, 1.70583280124e-05, 1.91947583517e-05, 1.0944708265e-05, 8.78689752426e-06, 7.37282971386e-06, 1.99964824787e-06, 5.65658353935e-07, 1.17525736698e-07, 8.34502031921e-08, 9.51839282948e-08, 6.64442580955e-08, 4.46984742553e-08, 3.30419815953e-08, 3.26884475044e-08, 1.94316367441e-08, 1.50268597565e-08, 1.15304112924e-08, 8.80131612035e-09], "min": [1.09774081261e-23, 1.60620876102e-24, 1.33079856523e-23, 3.60174483346e-23, 9.96695067058e-24, 1.65636130305e-23, 2.21106210141e-23, 1.84245658826e-23, 1.65946405076e-23, 6.65212401468e-24, 1.01145394462e-23, 9.45750429798e-24, 8.64351975065e-24, 8.77412435098e-24, 1.66965992019e-23, 1.37282812763e-23, 9.13192404746e-24, 1.15069586189e-23, 9.59553996804e-24, 7.83052285718e-24, 1.10511713539e-23, 1.19468937239e-23, 5.43822761474e-24, 8.4889298345e-24, 1.25815670321e-23, 1.70538017306e-23, 1.00757109236e-23, 8.16247473723e-24, 9.14952432312e-24, 1.16263913711e-23, 1.32743186466e-23, 1.16335913045e-23, 9.43779066396e-24, 8.13046039512e-24, 8.76990946717e-24, 7.14657808577e-24, 1.40305948633e-23, 1.33571727075e-23, 1.15023303719e-23, 1.02771899431e-23], "max": [0.0018077561399, 0.000784828094766, 0.00112596945837, 0.000968944106717, 0.00138931418769, 0.00860069785267, 0.00554783409461, 0.00446817930788, 0.00390108046122, 0.00459489133209, 0.0098909009248, 0.00779482536018, 0.00234926003031, 0.00410889368504, 0.0102407261729, 0.0132866343483, 0.00678272545338, 0.00312924268655, 0.00176081573591, 0.000272513367236, 0.000495147251058, 0.00190800824203, 0.000375023548258, 0.000689468462951, 0.000262841640506, 0.000207760123885, 0.000284508801997, 0.000127379884361, 2.37058320636e-05, 3.24448205902e-06, 3.18982051795e-06, 2.58927025243e-06, 3.7170818814e-06, 2.63476772489e-06, 3.19567902807e-06, 1.84759971944e-06, 9.85019141808e-07, 7.67592325701e-07, 4.78364825085e-07, 1.96995955548e-07], "dmean2": [2.0555971787e-05, 1.20676586448e-05, 2.08059154829e-05, 2.42078440351e-05, 2.51867786574e-05, 6.8412940891e-05, 7.48015445424e-05, 0.000113621426863, 0.000120104188682, 0.000116556715511, 7.3135823186e-05, 8.9513072453e-05, 7.52664564061e-05, 8.94768381841e-05, 0.000114955779281, 0.000182600648259, 5.88868388149e-05, 2.43431150011e-05, 3.13845157507e-05, 7.34977356842e-06, 1.93562536879e-05, 2.65058024524e-05, 1.06910219984e-05, 1.47369046317e-05, 6.962408861e-06, 5.49653668713e-06, 5.32790045327e-06, 1.66903282661e-06, 4.9263286428e-07, 8.80912267576e-08, 5.93329723131e-08, 7.17738757317e-08, 5.11611730758e-08, 3.35164216381e-08, 2.16495301686e-08, 2.25473755222e-08, 1.57981236981e-08, 1.00579944373e-08, 7.56816476155e-09, 6.12703754399e-09], "dvar": [3.94447718932e-09, 3.64331564917e-10, 1.70978842196e-09, 9.28319587867e-10, 1.3991003911e-09, 1.93595770526e-08, 1.38951099515e-08, 1.88203355123e-08, 2.56928771591e-08, 4.71531649282e-08, 5.09495770018e-08, 4.29627924348e-08, 1.65529634444e-08, 2.71566236165e-08, 8.14261582605e-08, 2.97353523138e-07, 4.23309636233e-08, 4.76024020202e-09, 4.86071582984e-09, 1.63022456645e-10, 9.24580745298e-10, 3.83556164607e-09, 1.73214165233e-10, 4.79567052736e-10, 1.23189056178e-10, 7.19470039101e-11, 1.06351899509e-10, 1.38738612612e-11, 9.682776499e-13, 1.9682031951e-14, 8.74302580068e-15, 1.2376349911e-14, 1.08300124917e-14, 4.37417851303e-15, 3.23514429797e-15, 2.49765727476e-15, 1.68864424837e-15, 4.23550646113e-16, 2.15834516698e-16, 1.03399376514e-16], "dmean": [1.23219933812e-05, 8.47365936352e-06, 1.33867852128e-05, 1.66215504578e-05, 1.88604426512e-05, 5.07390031999e-05, 5.42537964066e-05, 7.39534734748e-05, 7.87890676293e-05, 8.04645314929e-05, 4.68171710963e-05, 5.48368261661e-05, 4.76369750686e-05, 5.8075213019e-05, 7.69053513068e-05, 0.000116766699648, 4.12785157096e-05, 1.59964019986e-05, 1.89747879631e-05, 4.74286207464e-06, 1.16437749966e-05, 1.69256309164e-05, 6.77033267493e-06, 9.53155085881e-06, 4.61855961476e-06, 3.4656088701e-06, 3.29034855895e-06, 1.05800040728e-06, 3.15745097623e-07, 5.25255465789e-08, 3.56394096457e-08, 4.31510223109e-08, 3.09814041088e-08, 2.03492529494e-08, 1.36297764186e-08, 1.378598391e-08, 9.95770488288e-09, 6.09643624472e-09, 4.61163107701e-09, 3.74952868754e-09], "median": [5.24745246366e-06, 8.34424463392e-06, 1.06442821561e-05, 2.24970372074e-05, 2.51181045314e-05, 3.78049844585e-05, 4.90280799568e-05, 7.39847746445e-05, 5.1373084716e-05, 2.17503911699e-05, 1.47235550685e-05, 1.53807723109e-05, 1.44914174598e-05, 1.41564541991e-05, 7.14244379196e-06, 7.81091239332e-06, 4.75730848848e-06, 3.57726776201e-06, 3.83615497412e-06, 1.89654247151e-06, 4.73268801215e-06, 8.39254062157e-06, 8.80550760485e-06, 8.31068518892e-06, 2.36879964177e-06, 2.03080162464e-06, 9.71824874796e-07, 2.40733470491e-07, 9.19653189158e-08, 2.44950690842e-08, 1.61833639822e-08, 1.60303308405e-08, 1.03746131686e-08, 1.05220419044e-08, 6.65302035685e-09, 5.72392622189e-09, 2.56816323763e-09, 2.14455053715e-09, 2.11987138954e-09, 1.74191527869e-09], "dvar2": [1.37720572724e-08, 7.20548121169e-10, 5.19720266823e-09, 2.0787367383e-09, 2.45476772243e-09, 3.58554856916e-08, 2.66307527141e-08, 4.48468533421e-08, 6.00072951329e-08, 1.03665279028e-07, 1.2384172976e-07, 1.09375761781e-07, 4.01152249196e-08, 6.19053963646e-08, 1.58242343673e-07, 7.4744457379e-07, 8.91402365255e-08, 9.04768171495e-09, 1.14137783669e-08, 3.65395852464e-10, 2.48582887608e-09, 8.47361558698e-09, 3.95970450873e-10, 1.06389697052e-09, 2.70366701249e-10, 1.76001560548e-10, 2.61471816421e-10, 3.39693516371e-11, 2.01390792064e-12, 5.37543608529e-14, 2.3894670693e-14, 3.40000752975e-14, 2.77396242912e-14, 1.09359475143e-14, 7.02040303739e-15, 6.16896128364e-15, 4.00660136578e-15, 1.12970922933e-15, 5.48431757551e-16, 2.6037149583e-16], "var": [7.44098738181e-09, 3.71390052045e-09, 5.59173907178e-09, 9.67712310285e-09, 1.36595392775e-08, 4.64325808025e-07, 1.79933323352e-07, 1.25743923718e-07, 6.12879773598e-08, 1.13938909863e-07, 9.55748333809e-08, 8.52024655273e-08, 3.2388435045e-08, 5.68356099961e-08, 2.94057059591e-07, 1.00645331713e-06, 7.47014894387e-08, 1.30118911201e-08, 8.21064638501e-09, 4.74871419964e-10, 1.97018490411e-09, 7.20402759669e-09, 6.03598171445e-10, 1.07163478091e-09, 5.22676679715e-10, 2.95545671269e-10, 3.61379232094e-10, 3.49875094174e-11, 2.35215276076e-12, 6.28442000587e-14, 3.17227187986e-14, 4.12302231744e-14, 2.76643688019e-14, 9.31621553719e-15, 6.74698800179e-15, 6.42378606363e-15, 3.88108336498e-15, 1.1873847615e-15, 7.11330063472e-16, 3.09094127975e-16]}, "dynamic_complexity": 7.88244485855, "average_loudness": 0.0125472554937, "spectral_energyband_middle_low": {"mean": 0.00392810814083, "min": 4.99440789036e-22, "max": 0.0439036563039, "dmean2": 0.00166144419927, "dvar": 3.33040088663e-06, "dmean": 0.00111637474038, "median": 0.00185149302706, "dvar2": 7.49673290557e-06, "var": 3.43832689396e-05}, "spectral_contrast_valleys": {"mean": [-9.47488498688, -7.62009191513, -8.34157943726, -8.89939498901, -8.9166727066, -12.631978035], "min": [-28.0398273468, -27.4589595795, -27.0385780334, -27.0240764618, -27.2415885925, -27.3012199402], "max": [-6.83179044724, -5.21431016922, -5.74306488037, -6.53326845169, -6.43794870377, -10.0823736191], "dmean2": [0.557814061642, 0.429554849863, 0.413031458855, 0.342979669571, 0.317638933659, 0.23622611165], "dvar": [0.0938946008682, 0.0650032758713, 0.0583802945912, 0.0481150373816, 0.0491770841181, 0.0365499854088], "dmean": [0.332636326551, 0.262656152248, 0.250952214003, 0.211369618773, 0.198085933924, 0.15024331212], "median": [-9.23160362244, -7.32185935974, -8.12154006958, -8.68927001953, -8.67629432678, -12.6743135452], "dvar2": [0.213449820876, 0.126257643104, 0.11590821296, 0.0844218879938, 0.0774518400431, 0.0505495816469], "var": [1.92187774181, 2.37881731987, 2.15796685219, 1.8734703064, 1.75182139874, 0.835782706738]}, "erbbands_kurtosis": {"mean": 0.145979344845, "min": -1.77233111858, "max": 16.6727180481, "dmean2": 1.27742111683, "dvar": 0.968127906322, "dmean": 0.792228937149, "median": -0.303121805191, "dvar2": 2.36645936966, "var": 2.63097310066}, "melbands_spread": {"mean": 28.8132457733, "min": 0.302978038788, "max": 193.069961548, "dmean2": 8.86323451996, "dvar": 45.6699638367, "dmean": 5.60628700256, "median": 22.8045005798, "dvar2": 114.316436768, "var": 749.994018555}, "erbbands_crest": {"mean": 11.0766792297, "min": 2.36764192581, "max": 31.6175727844, "dmean2": 5.12221193314, "dvar": 8.92046737671, "dmean": 3.15212011337, "median": 9.96085643768, "dvar2": 20.2934436798, "var": 25.0696620941}, "barkbands_skewness": {"mean": 0.679269194603, "min": -2.78246808052, "max": 35.9990234375, "dmean2": 0.621604382992, "dvar": 0.627597033978, "dmean": 0.404332637787, "median": 0.524503111839, "dvar2": 1.41855669022, "var": 2.92333078384}, "gfcc"