{"tonal": {"thpcp": [1, 0.418630629778, 0.101641319692, 0.114812068641, 0.0880190134048, 0.264954060316, 0.373393774033, 0.201272577047, 0.440048694611, 0.654666364193, 0.310608536005, 0.105259634554, 0.102493025362, 0.101245649159, 0.345374524593, 0.445008099079, 0.22060662508, 0.164424464107, 0.181079223752, 0.193220794201, 0.719686508179, 0.969305574894, 0.410790145397, 0.113116130233, 0.116448476911, 0.0459512509406, 0.0264490041882, 0.0440749377012, 0.0462782718241, 0.16778691113, 0.260533064604, 0.156736016273, 0.187206059694, 0.237740144134, 0.235735997558, 0.768186986446], "hpcp": {"dmean2": [0.0747850164771, 0.0675947070122, 0.093024879694, 0.0904988124967, 0.0769738256931, 0.0348997153342, 0.0268730204552, 0.0363326668739, 0.0724437013268, 0.0735253766179, 0.0612507350743, 0.042872082442, 0.0506235435605, 0.0725000649691, 0.137387812138, 0.139830499887, 0.10542986542, 0.033950548619, 0.0246679708362, 0.0146864401177, 0.00943775568157, 0.012450308539, 0.0198706611991, 0.0383063741028, 0.0412072204053, 0.0436759889126, 0.0454667434096, 0.0469449236989, 0.0793318226933, 0.129934147, 0.128920212388, 0.108975723386, 0.0366345010698, 0.0224015582353, 0.033381011337, 0.0617808438838], "median": [0.00527076702565, 0.00933504197747, 0.00472276564687, 0.00576008111238, 0.00512895174325, 0.00100132194348, 0.000602272921242, 0.000810283701867, 0.00115274381824, 0.00128688057885, 0.00165567267686, 0.000676515919622, 0.000416577968281, 0.00427517108619, 0.0375703722239, 0.061078555882, 0.0291921310127, 0.000902599422261, 0.000206383236218, 0.000253461534157, 0.000434263405623, 0.000465594057459, 0.000871295807883, 0.001091318205, 0.00109306746162, 0.00208642240614, 0.000858651124872, 0.00075908791041, 0.00676433555782, 0.024959884584, 0.0300656110048, 0.0134407337755, 0.00102566438727, 0.000365375541151, 0.000976894283667, 0.00380384456366], "min": [0, 0, 0, 0, 0, 0, 0, 0, 0, 0, 0, 0, 0, 0, 0, 0, 0, 0, 0, 0, 0, 0, 0, 0, 0, 0, 0, 0, 0, 0, 0, 0, 0, 0, 0, 0], "dvar2": [0.0334134250879, 0.0216578133404, 0.036674708128, 0.0449534729123, 0.0274047870189, 0.0149036804214, 0.0156524572521, 0.0163389891386, 0.0358666926622, 0.0393500290811, 0.022862451151, 0.0175972282887, 0.0225876066834, 0.0221521835774, 0.0535256415606, 0.061744440347, 0.0293146334589, 0.0104220937937, 0.0120778344572, 0.0034215124324, 0.00199522566982, 0.00394455948845, 0.00521993264556, 0.015263187699, 0.0198847651482, 0.0127468816936, 0.0190660823137, 0.0228952243924, 0.0220598150045, 0.046807859093, 0.0575546063483, 0.0406143181026, 0.0111876139417, 0.0110135208815, 0.0122280269861, 0.0215388797224], "dvar": [0.0164315700531, 0.00863270834088, 0.0161619223654, 0.0215257983655, 0.0112892501056, 0.00659158406779, 0.00669450499117, 0.00568845542148, 0.0154906325042, 0.0178423319012, 0.00968513824046, 0.00767946103588, 0.00990189891309, 0.008918880485, 0.021638520062, 0.027640344575, 0.0118707045913, 0.00420493772253, 0.0052952663973, 0.00143212848343, 0.000869099865668, 0.0018239718629, 0.00200412748381, 0.00622389605269, 0.00842733774334, 0.00541459489614, 0.00802848208696, 0.00972054619342, 0.00870264600962, 0.0219205990434, 0.0270714592189, 0.0175373330712, 0.00472176680341, 0.00462090410292, 0.0049663526006, 0.0101511329412], "dmean": [0.0454100556672, 0.0413351543248, 0.0589719079435, 0.0556229017675, 0.0485176071525, 0.0208820514381, 0.0157561972737, 0.0217631906271, 0.0450771078467, 0.0441041216254, 0.0390731245279, 0.0258986465633, 0.0311225727201, 0.0438816770911, 0.0841285809875, 0.08396602422, 0.0647617578506, 0.0199130903929, 0.0147015536204, 0.00908490549773, 0.00563740497455, 0.00734606618062, 0.0115531533957, 0.023943958804, 0.0245177540928, 0.0274849012494, 0.0277953427285, 0.0279653519392, 0.0485242530704, 0.0821480229497, 0.0779352486134, 0.0694716200233, 0.0225392263383, 0.0129847927019, 0.0203617606312, 0.0394987948239], "max": [1, 1, 1, 1, 1, 1, 1, 1, 1, 1, 1, 1, 1, 1, 1, 1, 1, 1, 1, 0.693728148937, 1, 1, 0.9284979105, 1, 1, 1, 1, 1, 1, 1, 1, 1, 1, 1, 1, 1], "var": [0.0706889927387, 0.01610064134, 0.0603801943362, 0.127119213343, 0.0315385349095, 0.0177054535598, 0.0215960592031, 0.00937470886856, 0.0603174306452, 0.092553794384, 0.0240585114807, 0.0289136562496, 0.0308747794479, 0.0157931484282, 0.0960513725877, 0.153632551432, 0.0339239574969, 0.0168139487505, 0.0245728958398, 0.00386759242974, 0.00221597636119, 0.00744757289067, 0.00378369097598, 0.0241017807275, 0.056822899729, 0.0166062898934, 0.0314720757306, 0.0490475073457, 0.0167265348136, 0.114829644561, 0.168404579163, 0.0435850284994, 0.011959316209, 0.0261588599533, 0.00969324074686, 0.0368922241032], "mean": [0.113933332264, 0.0614141337574, 0.13427169621, 0.199757799506, 0.0947757288814, 0.0321177840233, 0.0312736108899, 0.0308930017054, 0.105383843184, 0.135784953833, 0.0673135146499, 0.0501707009971, 0.0552525520325, 0.0589573010802, 0.21959733963, 0.295763403177, 0.125344052911, 0.0345150306821, 0.0355318263173, 0.0140210669488, 0.00807036273181, 0.0134485494345, 0.0141208507121, 0.0511966794729, 0.079496242106, 0.047824729234, 0.0571220293641, 0.0725414529443, 0.0719299316406, 0.234396263957, 0.305129170418, 0.127736419439, 0.0310137309134, 0.0350325107574, 0.0268571674824, 0.0808452144265]}, "tuning_equal_tempered_deviation": 0.0798428505659, "chords_changes_rate": 0.046423137188, "key_key": "G", "tuning_diatonic_strength": 0.592858552933, "key_scale": "minor", "chords_number_rate": 0.00279046176001, "tuning_frequency": 444.085327148, "tuning_nontempered_energy_ratio": 0.731936216354, "chords_histogram": [30.7204456329, 9.91882324219, 0.887874186039, 0.355149656534, 0.329781830311, 3.88127851486, 0.887874186039, 11.0603752136, 5.20040607452, 15.0938606262, 5.96144104004, 0.101471334696, 0.45662099123, 0, 0, 0, 0, 0.38051751256, 0.963977694511, 0.887874186039, 1.75038051605, 1.95332324505, 5.17503786087, 4.0334854126], "key_strength": 0.808041930199, "chords_key": "G", "chords_strength": {"dmean2": 0.00444456422701, "median": 0.530583143234, "min": 0.213937878609, "dvar2": 2.09187910514e-05, "dvar": 3.7144007365e-05, "dmean": 0.00682771252468, "max": 0.74165636301, "var": 0.00774477235973, "mean": 0.526014328003}, "chords_scale": "minor", "hpcp_entropy": {"dmean2": 0.739365339279, "median": 1.35412693024, "min": 0, "dvar2": 0.350434780121, "dvar": 0.141621306539, "dmean": 0.425864368677, "max": 2.96704506874, "var": 0.33156940341, "mean": 1.32712376118}}, "metadata": {"audio_properties": {"equal_loudness": 0, "codec": "flac", "downmix": "mix", "sample_rate": 44100, "analysis_sample_rate": 44100, "bit_rate": 0, "md5_encoded": "d622a75bd6be4bbce10496db6c238fc9", "length": 183, "replay_gain": -0.0455875396729, "lossless": true}, "version": {"essentia_build_sha": "70f2e5ece6736b2c40cc944ad0e695b16b925413", "essentia": "2.1-beta2", "extractor": "music 1.0", "essentia_git_sha": "v2.1_beta2"}, "tags": {"title": ["Concerto for Flute and Strings in F major, op. 10 no. 5, RV 434: Largo e cantabile"], "barcode": ["636943405321"], "media": ["CD"], "albumartist": ["Antonio Vivaldi; Capella Istropolitana, City of London Sinfonia, Jaroslav Kr\u010dek, Nicholas Kraemer"], "tracktotal": ["27"], "language": ["zxx"], "performer": ["Capella Istropolitana (orchestra)", "Jaroslav Kr\u010dek"], "releasetype": ["album", "compilation"], "musicbrainz_recordingid": ["01518068-d4e8-4077-a124-db36fc4cf6e0"], "composer": ["Antonio Vivaldi"], "musicbrainz_albumid": ["6539e9df-fc88-45ca-885a-252c530f33ca"], "musicbrainz_albumartistid": ["ad79836d-9849-44df-8789-180bbc823f3c", "2e7119b5-a3a0-4d78-b8c8-55778f8b618c", "4ee56bc1-d642-4f71-adfb-48e4eea89f12", "7f52508a-fef9-4a46-91ac-2076ef35340a", "b07a699b-8448-43a6-90db-b5208de19d58"], "producer": ["Hubert Geschwandtner", "Karol Kopernick\u00fd"], "album": ["Famous Flute Concerti"], "catalognumber": ["8.554053"], "work": ["Concerto in F major, op. 10 no. 5, RV 434: II. Largo e cantabile"], "date": ["1997"], "file_name": "20 - Antonio Vivaldi - Concerto for Flute and Strings in F major, op. 10 no. 5, RV 434: Largo e cantabile.flac", "composersort": ["Vivaldi, Antonio"], "musicbrainz_releasegroupid": ["26ac78f1-f036-4825-a1e4-766ad2c3877a"], "albumartistsort": ["Vivaldi, Antonio; Capella Istropolitana, City of London Sinfonia, Kr\u010dek, Jaroslav, Kraemer, Nicholas"], "musicbrainz_artistid": ["ad79836d-9849-44df-8789-180bbc823f3c"], "originaldate": ["1997"], "musicbrainz_workid": ["622eebc3-f8c2-35e9-b634-315aeb990aae"], "musicbrainz_releasetrackid": ["5b139128-c41e-49fe-903e-fd37eaefc30d"], "artist": ["Antonio Vivaldi"], "artistsort": ["Vivaldi, Antonio"], "tracknumber": ["20"], "label": ["Naxos"], "releasestatus": ["official"], "acoustid_id": ["d1f42a78-32d5-4903-8cbc-4591a15ecc4a"], "script": ["Latn"], "totaltracks": ["27"]}}, "rhythm": {"bpm_histogram_first_peak_bpm": {"dmean2": 0, "median": 126, "min": 126, "dvar2": 0, "dvar": 0, "dmean": 0, "max": 126, "var": 0, "mean": 126}, "bpm": 126.323097229, "bpm_histogram_second_peak_spread": {"dmean2": 0, "median": 0.425925910473, "min": 0.425925910473, "dvar2": 0, "dvar": 0, "dmean": 0, "max": 0.425925910473, "var": 0, "mean": 0.425925910473}, "bpm_histogram_first_peak_weight": {"dmean2": 0, "median": 0.149100258946, "min": 0.149100258946, "dvar2": 0, "dvar": 0, "dmean": 0, "max": 0.149100258946, "var": 0, "mean": 0.149100258946}, "onset_rate": 2.69916319847, "beats_position": [0.406349211931, 0.824308395386, 1.24226760864, 1.64861679077, 2.06657600403, 2.48453521729, 2.90249419212, 3.32045340538, 3.73841261864, 4.15637159348, 4.57433080673, 4.99229001999, 5.41024923325, 5.8282084465, 6.30421733856, 6.78022670746, 7.25623559952, 7.73224496841, 8.19664382935, 8.66104316711, 9.13705158234, 9.6014509201, 10.0658502579, 10.5186395645, 10.95981884, 11.412607193, 11.8653964996, 12.3181858063, 12.7709751129, 13.2237634659, 13.7113828659, 14.1990022659, 14.6866207123, 15.1394100189, 15.5805892944, 16.0217685699, 16.4745578766, 16.9157371521, 17.3569164276, 17.8097057343, 18.1928348541, 18.575963974, 18.9590930939, 19.3422222137, 19.7369613647, 20.1200904846, 20.5032196045, 20.9676189423, 21.4436283112, 21.9196376801, 22.3840351105, 22.8484344482, 23.312833786, 23.7656230927, 24.1603622437, 24.5667114258, 24.9730606079, 25.3329696655, 25.7044887543, 26.076007843, 26.4475269318, 26.8190479279, 27.1789569855, 27.5388660431, 27.9103851318, 28.2819042206, 28.6534233093, 29.0133323669, 29.3732414246, 29.7215423584, 30.081451416, 30.4413604736, 30.8128795624, 31.17278862, 31.5559177399, 31.9390468597, 32.322177887, 32.8097953796, 33.2974128723, 33.7850341797, 34.2726516724, 34.7602729797, 35.2478904724, 35.7355079651, 36.2231292725, 36.7107467651, 37.2680282593, 37.8369140625, 38.3941955566, 39.0559616089, 39.7061233521, 40.3562812805, 41.006439209, 41.6682090759, 42.3299751282, 43.0033569336, 43.6883430481, 44.3733329773, 45.0583229065, 45.743309021, 46.4282989502, 47.1132888794, 47.8098869324, 48.5064849854, 49.2030830383, 49.8996810913, 50.5962791443, 51.2928771973, 52.0010871887, 52.6048049927, 53.2201347351, 53.8238525391, 54.4391822815, 55.0545120239, 55.6698417664, 56.2851676941, 56.7843971252, 57.2836265564, 57.7712478638, 58.247253418, 58.7232627869, 59.1992721558, 59.6752815247, 60.1512908936, 60.6273002625, 61.1033096313, 61.5677070618, 62.0437164307, 62.5197257996, 62.9957351685, 63.4717445374, 63.9477539062, 64.4121551514, 64.899772644, 65.3641738892, 65.8285675049, 66.29296875, 66.7573699951, 67.2565994263, 67.7674331665, 68.2782745361, 68.7310638428, 69.1838531494, 69.6482543945, 70.1242599487, 70.6002731323, 71.0762786865, 71.5522918701, 72.0399093628, 72.515914917, 72.9803161621, 73.4563217163, 73.9323348999, 74.3270721436, 74.7102050781, 75.0933303833, 75.488067627, 75.8828125, 76.2891616821, 76.6838989258, 77.0786361694, 77.461769104, 77.8448944092, 78.2280273438, 78.6111526489, 78.9942855835, 79.3774108887, 79.7605438232, 80.1436691284, 80.619682312, 81.0956878662, 81.5717010498, 82.0593185425, 82.5469360352, 83.0345535278, 83.5221786499, 84.0097961426, 84.4974136353, 84.9966430664, 85.4958724976, 86.0067138672, 86.4827194214, 86.9587249756, 87.3999099731, 87.8526992798, 88.3054885864, 88.7466659546, 89.1994552612, 89.6290206909, 90.0702056885, 90.5113830566, 90.9757843018, 91.4401779175, 91.9045791626, 92.4038085938, 92.9146499634, 93.4254837036, 93.9247131348, 94.4239425659, 94.9231719971, 95.4224014282, 95.9100189209, 96.3976364136, 96.8736495972, 97.3380508423, 97.825668335, 98.3016738892, 98.7892990112, 99.2653045654, 99.7297058105, 100.182495117, 100.635284424, 101.09967804, 101.564079285, 102.02848053, 102.492874146, 102.957275391, 103.410064697, 103.862854004, 104.327255249, 104.780044556, 105.232833862, 105.67401123, 106.126800537, 106.579589844, 107.043991089, 107.508384705, 107.97278595, 108.425575256, 108.889976501, 109.365982056, 109.841995239, 110.318000793, 110.782402039, 111.258407593, 111.722808838, 112.187210083, 112.663215637, 113.127616882, 113.603622437, 114.07963562, 114.544036865, 115.020042419, 115.496055603, 115.972061157, 116.448066711, 116.912467957, 117.376869202, 117.864486694, 118.340499878, 118.816505432, 119.292518616, 119.76852417, 120.244529724, 120.743759155, 121.231384277, 121.71900177, 122.195007324, 122.671020508, 123.147026062, 123.623039246, 124.110656738, 124.598274231, 125.085891724, 125.561904907, 126.037910461, 126.525527954, 127.001541138, 127.477546692, 127.860679626, 128.243804932, 128.626937866, 129.010070801, 129.393188477, 129.776321411, 130.159454346, 130.54258728, 130.925704956, 131.320449829, 131.703582764, 132.07510376, 132.446624756, 132.818145752, 133.189651489, 133.561172485, 133.909469604, 134.269378662, 134.640899658, 135.000808716, 135.372329712, 135.743850708, 136.115371704, 136.4868927, 136.904846191, 137.334411621, 137.76399231, 138.27482605, 138.78565979, 139.284896851, 139.795730591, 140.30657959, 140.805801392, 141.305038452, 141.804260254, 142.315093994, 142.756271362, 143.197463989, 143.638641357, 144.091430664, 144.544219971, 145.008621216, 145.473007202, 145.890975952, 146.308929443, 146.726898193, 147.144851685, 147.562805176, 147.980773926, 148.398727417, 148.805084229, 149.211425781, 149.617782593, 150.024124146, 150.418869019, 150.825210571, 151.231567383, 151.637908936, 152.044265747, 152.462219238, 152.86857605, 153.309753418, 153.739318848, 154.168884277, 154.598449707, 155.039627075, 155.480819702, 155.933609009, 156.397994995, 156.850784302, 157.303573608, 157.756362915, 158.22076416, 158.673553467, 159.114730835, 159.555908203, 159.99710083, 160.42666626, 160.844619751, 161.262588501, 161.680541992, 162.191375732, 162.690612793, 163.189834595, 163.723892212, 164.281173706, 164.850067139, 165.418960571, 165.976226807, 166.533508301, 167.090789795, 167.648071289, 168.205352783, 168.762634277, 169.34312439, 169.900405884, 170.469299316, 171.003356934, 171.525802612, 172.048248291, 172.582305908, 173.116363525, 173.662033081, 174.184494019, 174.706939697, 175.229385376, 175.775054932, 176.309112549, 176.843170166, 177.365615845, 177.888076782, 178.32925415, 178.747207642, 179.176773071, 179.606338501, 180.035919189, 180.465484619, 180.895050049, 181.336227417, 181.777404785, 182.218597412], "beats_loudness": {"dmean2": 0.0277525447309, "median": 0.0135709522292, "min": 0, "dvar2": 0.00138610415161, "dvar": 0.000509484787472, "dmean": 0.0162296965718, "max": 0.248870119452, "var": 0.000665270083118, "mean": 0.0215423200279}, "danceability": 0.929048120975, "bpm_histogram_second_peak_weight": {"dmean2": 0, "median": 0.0796915143728, "min": 0.0796915143728, "dvar2": 0, "dvar": 0, "dmean": 0, "max": 0.0796915143728, "var": 0, "mean": 0.0796915143728}, "beats_count": 390, "bpm_histogram_second_peak_bpm": {"dmean2": 0, "median": 133, "min": 133, "dvar2": 0, "dvar": 0, "dmean": 0, "max": 133, "var": 0, "mean": 133}, "bpm_histogram_first_peak_spread": {"dmean2": 0, "median": 0.560606062412, "min": 0.560606062412, "dvar2": 0, "dvar": 0, "dmean": 0, "max": 0.560606062412, "var": 0, "mean": 0.560606062412}, "beats_loudness_band_ratio": {"dmean2": [0.260126680136, 0.29299724102, 0.343511104584, 0.449165195227, 0.0969336479902, 0.0111957602203], "median": [0.11323453486, 0.0936864465475, 0.200124651194, 0.326418340206, 0.0293130502105, 0.0014692901168], "min": [0, 0, 0, 0, 0, 0], "dvar2": [0.0554589033127, 0.060674097389, 0.0845478400588, 0.128114819527, 0.0131445713341, 0.000521973823197], "dvar": [0.0228807087988, 0.0242492221296, 0.0363836623728, 0.056211117655, 0.00468291947618, 0.000173500840901], "dmean": [0.148838296533, 0.163334622979, 0.205027967691, 0.25954952836, 0.0561433210969, 0.00588722573593], "max": [0.990948915482, 0.811782181263, 0.888871133327, 0.991062402725, 0.402061790228, 0.111588954926], "var": [0.0356670953333, 0.0400703400373, 0.0654122829437, 0.0990445166826, 0.00463908025995, 9.85448568827e-05], "mean": [0.179956957698, 0.1813018471, 0.271464973688, 0.401520371437, 0.0560076534748, 0.00436525652185]}}, "lowlevel": {"barkbands_spread": {"dmean2": 4.00410985947, "median": 10.3659181595, "min": 0.226106256247, "dvar2": 20.0549316406, "dvar": 8.94310379028, "dmean": 2.71416306496, "max": 57.0338668823, "var": 44.5706481934, "mean": 11.3520212173}, "melbands_spread": {"dmean2": 5.95641803741, "median": 16.1248092651, "min": 0.574265122414, "dvar2": 47.8586807251, "dvar": 21.8452262878, "dmean": 4.0767250061, "max": 146.718383789, "var": 147.241439819, "mean": 18.0160427094}, "hfc": {"dmean2": 7.48878335953, "median": 8.6466550827, "min": 1.07365992101e-16, "dvar2": 207.430511475, "dvar": 109.665901184, "dmean": 5.45707035065, "max": 383.347808838, "var": 652.879882812, "mean": 16.0589389801}, "barkbands_kurtosis": {"dmean2": 5.10958576202, "median": 1.22706127167, "min": -1.73468136787, "dvar2": 662.84173584, "dvar": 258.948303223, "dmean": 3.47132754326, "max": 954.070495605, "var": 1617.56958008, "mean": 7.59783983231}, "gfcc": {"mean": [-112.399658203, 131.762145996, -131.074264526, -1.44540059566, -43.1920089722, 16.0289535522, -29.4879283905, 3.5020468235, -17.6983242035, -9.6823387146, -11.5336561203, -2.9661962986, 1.297976017], "icov": [[0.000257161154877, -0.000520118977875, 0.000743044074625, -0.000350013287971, 0.000663508719299, -0.000696533825248, 0.000514710962307, -0.000592429074459, 0.000766967306845, -0.000477100547869, 0.000408518506447, -0.000565936090425, 0.000373528484488], [-0.000520118977875, 0.00266197579913, -0.00185425404925, 0.000791507191025, -0.00194142432883, 0.00266255484894, -0.00145005155355, 0.00177539361175, -0.00281038787216, 0.00285783293657, -0.00326347025111, 0.00326935923658, -0.00164069840685], [0.000743044074625, -0.00185425404925, 0.00472775520757, -0.00254767760634, 0.00200568861328, -0.000410712964367, 0.000170556566445, -0.00201225280762, 0.00358806434087, -0.00329761207104, 0.00243385694921, -0.00270453328267, 0.00140163558535], [-0.000350013287971, 0.000791507191025, -0.00254767760634, 0.00473541812971, -0.000687276304234, -0.000328019581502, 0.00146815972403, 0.000228988283197, -0.00149980408605, 0.00169317761902, -0.00107567955274, 0.00117792084347, -0.000391799636418], [0.000663508719299, -0.00194142432883, 0.00200568861328, -0.000687276304234, 0.00552458362654, -0.00414758361876, 0.00157442246564, -0.00152575550601, 0.00142087507993, -0.00106134277303, 0.00182174704969, -0.00261230580509, 0.00115889450535], [-0.000696533825248, 0.00266255484894, -0.000410712964367, -0.000328019581502, -0.00414758361876, 0.0120780607685, -0.00623391102999, 0.00099571980536, 0.000630770111457, -0.000729310442694, -0.00117968511768, 0.00182945106644, -0.000756553607062], [0.000514710962307, -0.00145005155355, 0.000170556566445, 0.00146815972403, 0.00157442246564, -0.00623391102999, 0.0111316181719, -0.00462878216058, 0.000729999155737, 0.00267421943136, -0.00313435657881, 0.000339956895914, -0.00024586712243], [-0.000592429074459, 0.00177539361175, -0.00201225280762, 0.000228988283197, -0.00152575550601, 0.00099571980536, -0.00462878216058, 0.0124733513221, -0.00781941600144, 0.00109818635974, 0.00377792865038, -0.00217264587991, -0.00122240674682], [0.000766967306845, -0.00281038787216, 0.00358806434087, -0.00149980408605, 0.00142087507993, 0.000630770111457, 0.000729999155737, -0.00781941600144, 0.0165313910693, -0.00940528232604, 0.00174511224031, 0.00297839846462, -0.000865439826157], [-0.000477100547869, 0.00285783293657, -0.00329761207104, 0.00169317761902, -0.00106134277303, -0.000729310442694, 0.00267421943136, 0.00109818635974, -0.00940528232604, 0.0161759946495, -0.00936676934361, 0.00449718395248, 0.00153974222485], [0.000408518506447, -0.00326347025111, 0.00243385694921, -0.00107567955274, 0.00182174704969, -0.00117968511768, -0.00313435657881, 0.00377792865038, 0.00174511224031, -0.00936676934361, 0.0181064847857, -0.0124904438853, 0.00529139582068], [-0.000565936090425, 0.00326935923658, -0.00270453328267, 0.00117792084347, -0.00261230580509, 0.00182945106644, 0.000339956895914, -0.00217264587991, 0.00297839846462, 0.00449718395248, -0.0124904438853, 0.0181947294623, -0.00825826171786], [0.000373528484488, -0.00164069840685, 0.00140163558535, -0.000391799636418, 0.00115889450535, -0.000756553607062, -0.00024586712243, -0.00122240674682, -0.000865439826157, 0.00153974222485, 0.00529139582068, -0.00825826171786, 0.0107716927305]], "cov": [[11245.4150391, 535.571838379, -1196.45751953, 78.5574569702, -436.986114502, 235.423126221, -217.472793579, -42.7050552368, -202.911941528, -61.0369873047, 87.6013717651, 38.3700180054, -117.291374207], [535.571838379, 1314.22668457, 88.3494720459, -33.035369873, 42.7999610901, -201.927703857, 26.0431594849, -69.5883483887, 148.266265869, -27.6599674225, 82.3581542969, -143.863067627, 7.93243360519], [-1196.45751953, 88.3494720459, 607.705566406, 190.190216064, -67.0741500854, -94.0479736328, -15.5785570145, 7.37429952621, -12.4731607437, 39.0121002197, 5.07165813446, 15.910410881, -12.9917373657], [78.5574569702, -33.035369873, 190.190216064, 330.754241943, -36.2542800903, -21.1156368256, -67.6585464478, 5.84647655487, 0.245220974088, 14.0134086609, -19.3484592438, -12.0397472382, -20.6460418701], [-436.986114502, 42.7999610901, -67.0741500854, -36.2542800903, 343.159454346, 104.433525085, 61.8691253662, 26.681886673, -10.5085458755, -35.5617218018, 1.40453648567, 41.0485954285, 38.9566230774], [235.423126221, -201.927703857, -94.0479736328, -21.1156368256, 104.433525085, 215.652282715, 95.843963623, 31.641834259, -52.3242607117, -14.8378543854, 14.2120475769, 55.3740539551, 15.6272697449], [-217.472793579, 26.0431594849, -15.5785570145, -67.6585464478, 61.8691253662, 95.843963623, 202.410522461, 63.2168312073, -12.5949420929, -49.5199928284, 22.3415679932, 48.246635437, 55.0243415833], [-42.7050552368, -69.5883483887, 7.37429952621, 5.84647655487, 26.681886673, 31.641834259, 63.2168312073, 188.309951782, 77.1422271729, -7.84747123718, -67.6085739136, 1.11348032951, 53.6840705872], [-202.911941528, 148.266265869, -12.4731607437, 0.245220974088, -10.5085458755, -52.3242607117, -12.5949420929, 77.1422271729, 226.054519653, 117.338188171, -19.203130722, -121.204071045, -44.9261169434], [-61.0369873047, -27.6599674225, 39.0121002197, 14.0134086609, -35.5617218018, -14.8378543854, -49.5199928284, -7.84747123718, 117.338188171, 221.032485962, 76.4160766602, -71.8090362549, -120.659194946], [87.6013717651, 82.3581542969, 5.07165813446, -19.3484592438, 1.40453648567, 14.2120475769, 22.3415679932, -67.6085739136, -19.203130722, 76.4160766602, 191.664108276, 74.3575286865, -47.7827033997], [38.3700180054, -143.863067627, 15.910410881, -12.0397472382, 41.0485954285, 55.3740539551, 48.246635437, 1.11348032951, -121.204071045, -71.8090362549, 74.3575286865, 223.352706909, 110.185317993], [-117.291374207, 7.93243360519, -12.9917373657, -20.6460418701, 38.9566230774, 15.6272697449, 55.0243415833, 53.6840705872, -44.9261169434, -120.659194946, -47.7827033997, 110.185317993, 224.890853882]]}, "spectral_energyband_middle_low": {"dmean2": 0.00269615044817, "median": 0.0037049583625, "min": 2.08668363311e-22, "dvar2": 2.87794991891e-05, "dvar": 1.72501622728e-05, "dmean": 0.00209761969745, "max": 0.160310894251, "var": 0.000113539485028, "mean": 0.00709830131382}, "melbands_crest": {"dmean2": 4.06848716736, "median": 15.3670301437, "min": 1.65832102299, "dvar2": 16.6630477905, "dvar": 7.63813495636, "dmean": 2.725025177, "max": 39.1293106079, "var": 41.153755188, "mean": 16.561794281}, "spectral_kurtosis": {"dmean2": 9.4129152298, "median": 14.0755939484, "min": -1.24580132961, "dvar2": 93.9856567383, "dvar": 32.9655914307, "dmean": 5.4848985672, "max": 71.6966400146, "var": 109.373970032, "mean": 16.7305412292}, "spectral_rms": {"dmean2": 0.000762973271776, "median": 0.00341169349849, "min": 3.09562792067e-12, "dvar2": 9.16432327358e-07, "dvar": 4.74920881288e-07, "dmean": 0.000571009179112, "max": 0.0167334172875, "var": 4.79776599605e-06, "mean": 0.00380797497928}, "zerocrossingrate": {"dmean2": 0.0046178852208, "median": 0.04052734375, "min": 0, "dvar2": 0.000110521592433, "dvar": 7.54019420128e-05, "dmean": 0.00383847788908, "max": 0.52197265625, "var": 0.000929285131861, "mean": 0.0423622243106}, "silence_rate_60dB": {"dmean2": 0.0756249204278, "median": 0, "min": 0, "dvar2": 0.0820911675692, "dvar": 0.0363811887801, "dmean": 0.03780766204, "max": 1, "var": 0.119252979755, "mean": 0.138399079442}, "erbbands_kurtosis": {"dmean2": 5.86847448349, "median": 1.76185131073, "min": -1.74769067764, "dvar2": 123.729652405, "dvar": 55.8568687439, "dmean": 3.95765519142, "max": 207.627502441, "var": 236.286514282, "mean": 7.2822766304}, "erbbands": {"dmean2": [0.00319454399869, 0.0499921217561, 0.137470111251, 0.177714720368, 0.689876675606, 1.49482727051, 4.11687612534, 3.7722556591, 8.0842962265, 12.4245357513, 12.3638811111, 11.1397829056, 49.1196899414, 84.8430786133, 57.7842445374, 99.8687973022, 31.757226944, 29.5426826477, 15.7536039352, 7.6783323288, 10.6298828125, 6.63911581039, 2.55451369286, 1.08107161522, 0.704808831215, 0.329865545034, 0.180561557412, 0.117439188063, 0.0899408534169, 0.064151443541, 0.0490757785738, 0.0424861721694, 0.0234423484653, 0.0128191895783, 0.00650396803394, 0.00326051423326, 0.000931974325795, 0.000199286820134, 3.34627620759e-05, 9.81290122581e-06], "median": [0.00510095618665, 0.0909990519285, 0.202330797911, 0.30375251174, 0.425558269024, 1.3919672966, 1.4983124733, 1.6166125536, 1.34225320816, 1.32980716228, 2.49650931358, 4.09611654282, 13.5544776917, 10.7046947479, 5.14862680435, 4.51067686081, 2.46058249474, 5.07798147202, 4.54097652435, 2.4650592804, 2.76486182213, 1.65710544586, 0.739141285419, 0.517949402332, 0.411857277155, 0.231279939413, 0.140653342009, 0.0935782492161, 0.0591928437352, 0.0479147285223, 0.0378478728235, 0.0306029301137, 0.0178604740649, 0.00829256512225, 0.00414317054674, 0.00132899882738, 0.000281046406599, 5.66139533476e-05, 1.68705773831e-05, 1.52906468429e-05], "min": [1.40099626796e-22, 7.20817322877e-22, 4.15436114577e-21, 4.77943907802e-21, 2.25230068623e-20, 2.15389511235e-20, 7.17603156703e-20, 1.23252211866e-19, 1.15550501204e-19, 2.52560419793e-19, 2.80235996083e-19, 4.2651957869e-19, 8.67584869959e-19, 1.30352156388e-18, 9.5580699101e-19, 1.77601633216e-18, 1.703124246e-18, 2.84215515481e-18, 3.0923648824e-18, 3.11472791705e-18, 5.06253890909e-18, 7.07134619949e-18, 6.09487520281e-18, 9.2771242189e-18, 8.94076776642e-18, 1.0784673293e-17, 9.73510517275e-18, 1.10092338041e-17, 1.41097093992e-17, 1.28998419481e-17, 1.29719323928e-17, 1.0568137261e-17, 9.37284555938e-18, 8.66015749696e-18, 6.45722167013e-18, 4.18520344086e-18, 2.58786515205e-18, 1.06987654165e-18, 2.52927145147e-19, 3.03688278971e-20], "dvar2": [3.06272268062e-05, 0.0116187119856, 0.0914026126266, 0.131690189242, 4.13399744034, 10.9297523499, 174.047149658, 159.29737854, 925.224914551, 3512.21704102, 1368.55285645, 1146.65222168, 18992.6074219, 62262.5976562, 42454.6445312, 213317.578125, 43290.6289062, 9612.91992188, 1749.05566406, 356.954559326, 1100.87573242, 395.566741943, 88.81590271, 6.50131940842, 2.94195365906, 0.509719789028, 0.143180951476, 0.0645765140653, 0.0595574826002, 0.0167561136186, 0.00971047207713, 0.00806969497353, 0.00265016383491, 0.000850252923556, 0.00022695264488, 5.82084758207e-05, 6.64935942041e-06, 2.92656892498e-07, 5.49279599582e-09, 2.62643767845e-10], "dvar": [3.28608548443e-05, 0.00764069892466, 0.0718747153878, 0.13528098166, 6.90346002579, 9.70101833344, 145.230651855, 102.481254578, 466.090637207, 2426.29492188, 954.313842773, 578.49206543, 9231.12304688, 34597.7578125, 17426.5800781, 109311.421875, 28241.4394531, 4037.22998047, 832.691467285, 159.684158325, 498.246765137, 189.106536865, 39.5941925049, 2.51957678795, 1.14936184883, 0.199575915933, 0.0547585785389, 0.0243217162788, 0.0248696450144, 0.00837499182671, 0.00452995114028, 0.00386815494858, 0.00114887824748, 0.000393345137127, 9.9077282357e-05, 2.72603592748e-05, 2.55017130257e-06, 1.12783311579e-07, 2.00677852114e-09, 1.39256259302e-10], "dmean": [0.00277355220169, 0.0439021065831, 0.111305214465, 0.178630545735, 0.793328523636, 1.42026114464, 3.70410585403, 3.07106328011, 5.93297386169, 9.33985805511, 10.2498092651, 7.92232084274, 33.6001014709, 61.7570533752, 39.8204460144, 72.2077026367, 23.0893745422, 19.534029007, 10.6401796341, 4.97767925262, 6.96321296692, 4.41968154907, 1.6766628027, 0.673850297928, 0.433062493801, 0.205202996731, 0.113890483975, 0.0732155442238, 0.0561632290483, 0.0432107374072, 0.0325706265867, 0.0284549016505, 0.0161814726889, 0.00882192701101, 0.00447347667068, 0.00222198246047, 0.000591154035646, 0.000126694998471, 2.08676683542e-05, 7.11458460501e-06], "max": [0.759863615036, 6.73801898956, 32.8927154541, 23.4444904327, 211.421554565, 106.402740479, 699.529052734, 422.137298584, 846.861816406, 2726.41821289, 1082.12780762, 1078.41564941, 2473.74243164, 8602.15722656, 4188.09863281, 13838.8564453, 15445.0136719, 1781.8482666, 782.437133789, 313.595581055, 697.19329834, 605.656799316, 272.713012695, 32.4028663635, 32.1273117065, 16.8211154938, 5.39124059677, 4.99204492569, 8.49365234375, 2.68092751503, 1.77253115177, 1.82470417023, 0.864158451557, 0.755960822105, 0.240849405527, 0.145144864917, 0.034969098866, 0.00732584483922, 0.000778568501119, 0.000359060650226], "var": [0.0021787181031, 0.391149908304, 3.80039525032, 3.46863818169, 221.711898804, 95.8370666504, 801.004699707, 482.083679199, 1688.45922852, 9794.59277344, 4740.32910156, 2552.76977539, 23942.0019531, 174986.359375, 51219.984375, 427094.625, 426412.375, 10616.2949219, 2547.84619141, 341.475982666, 1197.16174316, 442.425323486, 84.3376159668, 5.17629146576, 2.20243430138, 0.578215420246, 0.185405761003, 0.0900836884975, 0.0808835104108, 0.0496397800744, 0.0258094854653, 0.0265178568661, 0.00528816320002, 0.0017969176406, 0.000233125407249, 6.12338481005e-05, 4.13069665228e-06, 1.73713189611e-07, 2.69170707945e-09, 8.92664608898e-10], "mean": [0.0205375961959, 0.324517399073, 0.728580892086, 0.894521057606, 4.00789070129, 4.82022190094, 9.55055904388, 7.49337387085, 12.9748439789, 20.6389350891, 25.9134750366, 16.9697818756, 64.6721191406, 146.808761597, 80.7175598145, 156.284347534, 68.9630126953, 36.6031837463, 20.079158783, 8.8249206543, 12.5286397934, 7.93999147415, 2.90265917778, 1.23947513103, 0.854510724545, 0.479742377996, 0.290951192379, 0.198955714703, 0.148023143411, 0.130400404334, 0.0987963229418, 0.0919774398208, 0.045572899282, 0.0226589608938, 0.00932622328401, 0.00384912872687, 0.000939937657677, 0.000192151550436, 3.37873134413e-05, 2.448131454e-05]}, "spectral_strongpeak": {"dmean2": 1.43215465546, "median": 1.84257638454, "min": 0, "dvar2": 3.87637710571, "dvar": 1.75131583214, "dmean": 0.947499036789, "max": 27.919752121, "var": 7.91696405411, "mean": 2.65326142311}, "spectral_energy": {"dmean2": 0.00769422668964, "median": 0.0119306445122, "min": 9.82248543073e-21, "dvar2": 0.000177978581632, "dvar": 9.51934416662e-05, "dmean": 0.0056908307597, "max": 0.287007391453, "var": 0.000612477946561, "mean": 0.0197808612138}, "average_loudness": 0.307623922825, "spectral_rolloff": {"dmean2": 275.822631836, "median": 947.4609375, "min": 21.533203125, "dvar2": 263731.90625, "dvar": 120225.867188, "dmean": 151.620040894, "max": 19466.015625, "var": 1268318.875, "mean": 1122.45117188}, "spectral_centroid": {"dmean2": 144.444488525, "median": 918.373168945, "min": 226.364425659, "dvar2": 52561.109375, "dvar": 25701.0625, "dmean": 100.685958862, "max": 11900.9628906, "var": 452027.125, "mean": 958.132324219}, "pitch_salience": {"dmean2": 0.0831642597914, "median": 0.419228166342, "min": 0.0313744433224, "dvar2": 0.00612011784688, "dvar": 0.0026539505925, "dmean": 0.0544828921556, "max": 0.815639019012, "var": 0.0152396913618, "mean": 0.419507056475}, "spectral_energyband_middle_high": {"dmean2": 0.00634306808934, "median": 0.0041261096485, "min": 1.29449868261e-21, "dvar2": 0.000164269338711, "dvar": 8.58927960508e-05, "dmean": 0.00457510212436, "max": 0.286055803299, "var": 0.000453504617326, "mean": 0.0113666169345}, "spectral_contrast_coeffs": {"dmean2": [0.04996419698, 0.0568942204118, 0.0635739639401, 0.0513551831245, 0.0340505503118, 0.0227780938148], "median": [-0.641087889671, -0.657395780087, -0.584660112858, -0.676958441734, -0.745091199875, -0.785519123077], "min": [-0.990889787674, -0.991641700268, -0.981649935246, -0.968721687794, -0.961811721325, -0.965636670589], "dvar2": [0.00175906019285, 0.00219446397386, 0.00285519543104, 0.00169350008946, 0.000756413908675, 0.000388864573324], "dvar": [0.00071319116978, 0.000966255553067, 0.0012169519905, 0.000738330243621, 0.00030040089041, 0.000154292894877], "dmean": [0.0323442518711, 0.0381121113896, 0.0416600480676, 0.0331645682454, 0.0212140120566, 0.0142062706873], "max": [-0.263760864735, -0.287320107222, -0.26405158639, -0.301087290049, -0.549320220947, -0.656792998314], "var": [0.00895475782454, 0.0089359851554, 0.0122363800183, 0.00664483988658, 0.00324308173731, 0.00131215224974], "mean": [-0.632553517818, -0.654665231705, -0.584659874439, -0.675756394863, -0.744061589241, -0.786953210831]}, "melbands_skewness": {"dmean2": 0.750364542007, "median": 0.49117782712, "min": -7.73532676697, "dvar2": 0.706404805183, "dvar": 0.306469231844, "dmean": 0.531457781792, "max": 21.5352745056, "var": 2.81679677963, "mean": 0.48687928915}, "spectral_spread": {"dmean2": 547437.1875, "median": 2569860, "min": 1046018.1875, "dvar2": 453660704768, "dvar": 230919241728, "dmean": 344818.3125, "max": 42013896, "var": 5762000093180.0, "mean": 2863929.5}, "dissonance": {"dmean2": 0.0811167061329, "median": 0.392131268978, "min": 0.126699000597, "dvar2": 0.00583325745538, "dvar": 0.00212346436456, "dmean": 0.0478411652148, "max": 0.499772369862, "var": 0.00414077099413, "mean": 0.383982360363}, "spectral_skewness": {"dmean2": 0.727898478508, "median": 2.83307886124, "min": -0.0827653035522, "dvar2": 0.464039444923, "dvar": 0.162257522345, "dmean": 0.429055571556, "max": 6.72478055954, "var": 0.728694856167, "mean": 2.96649503708}, "spectral_flux": {"dmean2": 0.0275440104306, "median": 0.0343162305653, "min": 6.52139314772e-11, "dvar2": 0.00119179277681, "dvar": 0.000418608658947, "dmean": 0.0162421502173, "max": 0.316897422075, "var": 0.000910523172934, "mean": 0.0412470288575}, "spectral_contrast_valleys": {"dmean2": [0.501766264439, 0.461070656776, 0.411542415619, 0.343046694994, 0.25560426712, 0.300504177809], "median": [-8.39181900024, -8.18802070618, -8.73100185394, -9.28399276733, -9.54293251038, -12.0612630844], "min": [-28.2428607941, -27.67710495, -27.9900093079, -27.6283359528, -27.4686183929, -27.3422870636], "dvar2": [0.206382706761, 0.157750084996, 0.126000583172, 0.0969653055072, 0.0657653510571, 0.10760307312], "dvar": [0.0846762135625, 0.0684224665165, 0.0560706667602, 0.0442978739738, 0.0335566885769, 0.0513845458627], "dmean": [0.304498761892, 0.281447201967, 0.248629972339, 0.206877365708, 0.158426657319, 0.210590660572], "max": [-5.67770290375, -5.26880121231, -6.69327783585, -7.37460899353, -8.07376384735, -10.2039699554], "var": [2.26120448112, 2.20316648483, 1.91077065468, 1.71776497364, 1.62223994732, 1.39038479328], "mean": [-8.53154850006, -8.28582191467, -8.88008499146, -9.42638111115, -9.69170475006, -12.1916837692]}, "erbbands_flatness_db": {"dmean2": 0.0334489531815, "median": 0.278828442097, "min": 0.0254177823663, "dvar2": 0.00102070055436, "dvar": 0.000492973194923, "dmean": 0.0236356109381, "max": 0.539510011673, "var": 0.00543604558334, "mean": 0.283974438906}, "spectral_energyband_high": {"dmean2": 8.9481827672e-06, "median": 1.20721879284e-05, "min": 7.05212750453e-21, "dvar2": 2.47110193419e-10, "dvar": 1.19598289605e-10, "dmean": 6.15211592958e-06, "max": 0.000299592502415, "var": 1.11600551023e-09, "mean": 2.40892604779e-05}, "spectral_entropy": {"dmean2": 0.261454075575, "median": 6.2195649147, "min": 3.83656954765, "dvar2": 0.0637225285172, "dvar": 0.0334397703409, "dmean": 0.18788535893, "max": 9.8223400116, "var": 0.396903276443, "mean": 6.19404268265}, "silence_rate_20dB": {"dmean2": 0, "median": 1, "min": 1, "dvar2": 0, "dvar": 0, "dmean": 0, "max": 1, "var": 0, "mean": 1}, "melbands_flatness_db": {"dmean2": 0.0268620736897, "median": 0.301390200853, "min": 0.00428047170863, "dvar2": 0.000702679273672, "dvar": 0.000365271203918, "dmean": 0.0195745807141, "max": 0.534563958645, "var": 0.00433952128515, "mean": 0.303053468466}, "barkbands": {"dmean2": [7.49290338717e-05, 0.000186439719982, 0.000112230773084, 7.01993267285e-05, 0.000481306342408, 0.000540433102287, 0.000592989323195, 0.000711364496965, 0.00046774285147, 0.00201223720796, 0.00210953713395, 0.00208438653499, 0.000520077999681, 0.000536422943696, 0.00025059573818, 0.000133165201987, 0.000164334109286, 3.9049769839e-05, 1.70034709299e-05, 7.69412326918e-06, 4.09101812693e-06, 2.3404932108e-06, 1.97167719307e-06, 1.53798180236e-06, 9.85230144579e-07, 5.80776600145e-07, 1.90444197301e-07], "median": [0.000134578614961, 0.000344385538483, 0.000142680190038, 8.57749400893e-05, 0.000494176638313, 0.00024313016911, 7.6581040048e-05, 7.67687743064e-05, 6.7073640821e-05, 0.000307978421915, 3.71796777472e-05, 5.73111901758e-05, 1.04299397208e-05, 2.67467348749e-05, 2.06275726669e-05, 1.25270616991e-05, 2.51978017332e-05, 6.76421768731e-06, 8.63314016897e-06, 4.6299423957e-06, 2.80427889265e-06, 1.64670359482e-06, 1.3946744275e-06, 1.24448058614e-06, 6.87354827278e-07, 1.90809771539e-07, 3.85626748312e-08], "min": [1.37403358598e-24, 5.40364908025e-24, 3.47554404913e-24, 1.59760781057e-24, 7.53590539718e-24, 1.49236642941e-23, 6.769037934e-24, 1.01171442649e-23, 1.64187529247e-23, 2.62383562111e-23, 2.34718083947e-23, 3.65456411977e-23, 3.0703987355e-23, 5.21595209185e-23, 5.05691268465e-23, 7.61541453005e-23, 1.11401270961e-22, 6.91879607711e-23, 1.47843754396e-22, 2.60579336247e-22, 2.58117938761e-22, 4.07002522546e-22, 4.63854857083e-22, 5.68706260124e-22, 8.14752355116e-22, 1.25794440811e-21, 2.02214882834e-21], "dvar2": [6.55907284042e-09, 1.52730251557e-07, 6.14036608226e-08, 1.93387279523e-08, 1.07003188532e-06, 2.07718426282e-06, 6.35796277493e-06, 9.45383544604e-06, 2.42534588324e-06, 2.77343278867e-05, 5.50036747882e-05, 8.61525404616e-05, 1.47512300828e-05, 3.47136733581e-06, 4.65975318775e-07, 2.55829661455e-07, 2.48298846373e-07, 1.98923597594e-08, 1.60988744557e-09, 2.54054111082e-10, 7.53994297553e-11, 2.88708536245e-11, 1.62051604774e-11, 1.16724017604e-11, 4.0991342265e-12, 1.96850044945e-12, 1.94872004818e-13], "dvar": [2.60567811772e-09, 1.04979235971e-07, 4.62422278247e-08, 2.29846115474e-08, 1.08181052383e-06, 1.4477568584e-06, 2.97979499919e-06, 7.21567039363e-06, 1.21547236631e-06, 1.42387070809e-05, 2.87210914394e-05, 4.33436325693e-05, 9.60221586865e-06, 1.44223054122e-06, 2.23669019306e-07, 1.18494867252e-07, 1.11181932994e-07, 8.87503137648e-09, 6.0691590642e-10, 9.52384421327e-11, 2.78787704727e-11, 1.24476037117e-11, 7.72377908159e-12, 5.47742406987e-12, 1.92