{"metadata": {"tags": {"label": ["Studio Ghibli Records"], "releasecountry": ["JP"], "catalognumber": ["TKCA-72620"], "format": ["CD"], "disctotal": ["1"], "musicbrainz_albumartistid": ["44c64a30-1d58-49c5-b314-6e02fba49526"], "album": ["\u30cf\u30a6\u30eb\u306e\u52d5\u304f\u57ce \u30a4\u30e1\u30fc\u30b8\u4ea4\u97ff\u7d44\u66f2"], "musicbrainz_recordingid": ["01562c57-a412-48fb-9070-7218412477e5"], "albumartistsort": ["\u3072\u3055\u3044\u3057\u3058\u3087\u3046"], "artist_latin": ["Joe Hisaishi"], "musicbrainz_artistid": ["44c64a30-1d58-49c5-b314-6e02fba49526"], "musicbrainz_albumid": ["af322574-a3e7-45d3-90ea-ee7c5629c237"], "performer": ["\u010cesk\u00e1 filharmonie (orchestra)"], "albumartist": ["\u4e45\u77f3\u8b72"], "barcode": ["4988008743630"], "originaldate": ["2004-01-21"], "totaltracks": ["10"], "artist": ["\u4e45\u77f3\u8b72"], "albumartist_latin": ["Joe Hisaishi"], "artistsort": ["\u3072\u3055\u3044\u3057\u3058\u3087\u3046"], "title": ["\u30b7\u30fc\u30af\u30ec\u30c3\u30c8\u30fb\u30ac\u30fc\u30c7\u30f3"], "tracknumber": ["8"], "tracktotal": ["10"], "totaldiscs": ["1"], "date": ["2004-01-21"], "file_name": "08. \u30b7\u30fc\u30af\u30ec\u30c3\u30c8\u30fb\u30ac\u30fc\u30c7\u30f3 (1).flac", "discnumber": ["1"]}, "audio_properties": {"downmix": "mix", "lossless": true, "analysis_sample_rate": 44100, "md5_encoded": "12146e8d7eac740db138f21217c47e3a", "equal_loudness": 0, "replay_gain": -0.920738220215, "codec": "flac", "bit_rate": 0, "length": 204.479995728}, "version": {"extractor": "music 1.0", "essentia_build_sha": "50a0fbec89d6a9cedea3d45b6611406f7e8c7b1a", "essentia_git_sha": "v2.1_beta1-7-ge0e83e8-dirty", "essentia": "2.1-beta1"}}, "rhythm": {"beats_loudness_band_ratio": {"dvar2": [0.0543345622718, 0.0629221871495, 0.0584853179753, 0.0491752661765, 0.00566613301635, 0.00422268547118], "var": [0.0313067212701, 0.0376651361585, 0.0679673105478, 0.0457174554467, 0.00434535834938, 0.00520758982748], "min": [0, 0, 0, 0, 0, 0], "dmean": [0.0914985761046, 0.140596330166, 0.199712514877, 0.140944749117, 0.0365153700113, 0.0123884119093], "mean": [0.099752150476, 0.187469020486, 0.447166770697, 0.235393971205, 0.0533228106797, 0.0192812234163], "max": [0.931729197502, 0.967094480991, 0.955798387527, 0.947773337364, 0.539740025997, 0.801794469357], "dmean2": [0.158671572804, 0.237144097686, 0.338318109512, 0.242735445499, 0.0613442398608, 0.0198101624846], "median": [0.0233415048569, 0.137557283044, 0.448670625687, 0.157874286175, 0.0303507223725, 0.00301547721028], "dvar": [0.0225788354874, 0.0231735799462, 0.0231735166162, 0.018270758912, 0.00214092875831, 0.00204223650508]}, "bpm_histogram_first_peak_weight": {"dvar2": 0, "var": 0, "min": 0.220417633653, "dmean": 0, "mean": 0.220417633653, "max": 0.220417633653, "dmean2": 0, "median": 0.220417633653, "dvar": 0}, "bpm": 126.329933167, "beats_count": 432, "bpm_histogram_first_peak_spread": {"dvar2": 0, "var": 0, "min": 0.616935491562, "dmean": 0, "mean": 0.616935491562, "max": 0.616935491562, "dmean2": 0, "median": 0.616935491562, "dvar": 0}, "danceability": 0.903339028358, "bpm_histogram_first_peak_bpm": {"dvar2": 0, "var": 0, "min": 126, "dmean": 0, "mean": 126, "max": 126, "dmean2": 0, "median": 126, "dvar": 0}, "beats_position": [0.487619042397, 0.975238084793, 1.46285712719, 1.95047616959, 2.43809509277, 2.92571425438, 3.41333317757, 3.90095233917, 4.38857126236, 4.87619018555, 5.36380958557, 5.85142850876, 6.35065746307, 6.84988641739, 7.33750534058, 7.81351470947, 8.28952407837, 8.76553249359, 9.24154186249, 9.72916126251, 10.2051696777, 10.6811790466, 11.1571884155, 11.6331968307, 12.1092061996, 12.5852155685, 13.0728340149, 13.5604534149, 14.0364627838, 14.512471199, 14.9768705368, 15.4528799057, 15.9288883209, 16.4048976898, 16.8809070587, 17.3453063965, 17.8097057343, 18.2857131958, 18.7501125336, 19.2261219025, 19.7369613647, 20.247800827, 20.758638382, 21.2230377197, 21.6874370575, 22.1518363953, 22.616235733, 23.0806350708, 23.5450344086, 23.9978218079, 24.4622211456, 24.9150104523, 25.37940979, 25.8670291901, 26.3546485901, 26.8422679901, 27.3298854828, 27.8175048828, 28.2935142517, 28.7695236206, 29.2455329895, 29.7215423584, 30.1975498199, 30.6735591888, 31.1379585266, 31.6023578644, 32.0783653259, 32.5543746948, 33.0419960022, 33.5296134949, 34.0172348022, 34.5048522949, 34.9924697876, 35.480091095, 35.9677085876, 36.4437179565, 36.9197273254, 37.4073448181, 37.8949661255, 38.3709754944, 38.8702049255, 39.369430542, 39.8570518494, 40.3330612183, 40.8206787109, 41.3083000183, 41.795917511, 42.2835350037, 42.7595443726, 43.2355537415, 43.7115631104, 44.1875724792, 44.6751937866, 45.1628112793, 45.650428772, 46.1148300171, 46.5792274475, 47.0436286926, 47.5196380615, 47.9840354919, 48.4484329224, 48.9128341675, 49.3772315979, 49.8300209045, 50.2944221497, 50.7588195801, 51.2232208252, 51.6992263794, 52.1752357483, 52.6396369934, 53.1040344238, 53.5568237305, 54.0212249756, 54.4740142822, 54.9384117126, 55.4028091431, 55.8672103882, 56.3316078186, 56.8076171875, 57.2836265564, 57.7596359253, 58.2356452942, 58.7116546631, 59.1992721558, 59.6520614624, 60.0932426453, 60.5344200134, 60.9756011963, 61.4283905029, 61.8811798096, 62.3223571777, 62.7635345459, 63.2047157288, 63.6575050354, 64.1335144043, 64.6095199585, 65.0623092651, 65.5150985718, 65.9678878784, 66.4322891235, 66.8966903687, 67.3610839844, 67.8254852295, 68.2898864746, 68.7542877197, 69.2070770264, 69.659866333, 70.1358718872, 70.6118774414, 71.0995025635, 71.5522918701, 72.0050811768, 72.4578704834, 72.91065979, 73.3634490967, 73.8046264648, 74.2574157715, 74.6869812012, 75.1165542603, 75.5577316284, 75.9989089966, 76.4400863647, 76.8812713623, 77.2992248535, 77.7287979126, 78.1467590332, 78.5763244629, 79.0639419556, 79.5399551392, 80.0275726318, 80.503578186, 80.9679794312, 81.4323806763, 81.9083862305, 82.3843994141, 82.8604049683, 83.3364181519, 83.8124237061, 84.2884368896, 84.7992706299, 85.3101119995, 85.8209533691, 86.3317871094, 86.842628479, 87.3534698486, 87.8991394043, 88.44480896, 89.0020828247, 89.5245361328, 90.0469818115, 90.5694351196, 91.0454406738, 91.521446228, 91.9974594116, 92.5199050903, 93.0423583984, 93.5648040771, 94.0408172607, 94.5168228149, 94.9928359985, 95.4804534912, 95.9564590454, 96.432472229, 96.9084777832, 97.3844909668, 97.8721084595, 98.3481140137, 98.8241271973, 99.3001327515, 99.7529220581, 100.217323303, 100.67011261, 101.111289978, 101.564079285, 102.016868591, 102.469657898, 102.922447205, 103.375236511, 103.828025818, 104.269203186, 104.721992493, 105.174781799, 105.627571106, 106.080360413, 106.533149719, 106.985939026, 107.450340271, 107.903129578, 108.355918884, 108.808708191, 109.261497498, 109.714286804, 110.167076111, 110.619865417, 111.072654724, 111.525436401, 111.989837646, 112.454238892, 112.918640137, 113.383033752, 113.847434998, 114.311836243, 114.776237488, 115.229019165, 115.681808472, 116.134597778, 116.598999023, 117.05178833, 117.516189575, 117.98059082, 118.433380127, 118.886169434, 119.350563049, 119.814964294, 120.27936554, 120.743759155, 121.2081604, 121.672561646, 122.125350952, 122.578140259, 123.030929565, 123.483718872, 123.92489624, 124.377685547, 124.830474854, 125.271652222, 125.71282959, 126.154014587, 126.630020142, 127.106025696, 127.582038879, 128.058044434, 128.522445679, 128.986846924, 129.462860107, 129.938858032, 130.414871216, 130.879272461, 131.343673706, 131.808074951, 132.284072876, 132.771697998, 133.247711182, 133.723709106, 134.176498413, 134.62928772, 135.093688965, 135.476821899, 135.859954834, 136.254684448, 136.637817383, 137.020950317, 137.404083252, 137.798812866, 138.216781616, 138.623123169, 139.02947998, 139.435821533, 139.900222778, 140.364624023, 140.829025269, 141.293426514, 141.757827759, 142.222213745, 142.68661499, 143.139404297, 143.592193604, 144.04498291, 144.509384155, 144.9737854, 145.438186646, 145.902587891, 146.366973877, 146.831375122, 147.307388306, 147.783401489, 148.259414673, 148.723800659, 149.188201904, 149.652603149, 150.128616333, 150.604629517, 151.09223938, 151.579864502, 152.067474365, 152.543487549, 153.019500732, 153.507110596, 154.006347656, 154.493972778, 154.958358765, 155.42276001, 155.887161255, 156.363174438, 156.839187622, 157.315185547, 157.802810669, 158.278823853, 158.766433716, 159.254058838, 159.75328064, 160.2525177, 160.751739502, 161.250976562, 161.750198364, 162.226211548, 162.71383667, 163.189834595, 163.665847778, 164.1534729, 164.641082764, 165.163528442, 165.674377441, 166.173599243, 166.672836304, 167.160446167, 167.659683228, 168.158905029, 168.646530151, 169.134140015, 169.621765137, 170.109390259, 170.608612061, 171.131057739, 171.641906738, 172.164352417, 172.628753662, 173.104751587, 173.569152832, 174.045166016, 174.521179199, 174.997192383, 175.403533936, 175.798278809, 176.193008423, 176.599365234, 177.005706787, 177.40045166, 177.806793213, 178.201538086, 178.607894897, 179.025848389, 179.432189941, 179.919815063, 180.419036865, 180.918273926, 181.47555542, 182.032836914, 182.590103149, 183.135772705, 183.693054199, 184.250335693, 184.807617188, 185.364898682, 185.910568237, 186.456237793, 187.013504028, 187.570785522, 188.116455078, 188.662124634, 189.161361694, 189.660583496, 190.148208618, 190.659042358, 191.158279419, 191.669113159, 192.168334961, 192.67918396, 193.178405762, 193.666030884, 194.153640747, 194.641265869, 195.140487671, 195.628112793, 196.115737915, 196.614959717, 197.114196777, 197.613418579, 198.066207886, 198.530609131, 198.995010376, 199.447799683, 199.900588989, 200.353378296, 200.782943726, 201.224121094, 201.653686523, 202.09487915, 202.536056519, 202.965621948, 203.406799316, 203.847976685], "beats_loudness": {"dvar2": 0.000847833987791, "var": 0.000710036256351, "min": 0, "dmean": 0.0114342244342, "mean": 0.0193786770105, "max": 0.173869147897, "dmean2": 0.0193002708256, "median": 0.0106001095846, "dvar": 0.000337153207511}, "bpm_histogram_second_peak_weight": {"dvar2": 0, "var": 0, "min": 0.148491874337, "dmean": 0, "mean": 0.148491874337, "max": 0.148491874337, "dmean2": 0, "median": 0.148491874337, "dvar": 0}, "bpm_histogram_second_peak_spread": {"dvar2": 0, "var": 0, "min": 0.255813986063, "dmean": 0, "mean": 0.255813986063, "max": 0.255813986063, "dmean2": 0, "median": 0.255813986063, "dvar": 0}, "bpm_histogram_second_peak_bpm": {"dvar2": 0, "var": 0, "min": 133, "dmean": 0, "mean": 133, "max": 133, "dmean2": 0, "median": 133, "dvar": 0}, "onset_rate": 0.400981634855}, "lowlevel": {"spectral_energyband_high": {"dvar2": 9.60849511067e-10, "var": 1.83894521832e-09, "min": 6.86816544435e-21, "dmean": 7.84373241913e-06, "mean": 2.4457633117e-05, "max": 0.000487952202093, "dmean2": 1.32108480102e-05, "median": 5.246708497e-06, "dvar": 3.35234118243e-10}, "spectral_energyband_middle_low": {"dvar2": 8.10603960417e-05, "var": 0.000242837122642, "min": 1.8035192975e-22, "dmean": 0.00282963900827, "mean": 0.0106654390693, "max": 0.215990170836, "dmean2": 0.00388178555295, "median": 0.0059768022038, "dvar": 3.78802869818e-05}, "spectral_energy": {"dvar2": 0.000118154908705, "var": 0.000506291631609, "min": 9.80000130459e-21, "dmean": 0.0037735553924, "mean": 0.0167615637183, "max": 0.244534313679, "dmean2": 0.0052176672034, "median": 0.00994000863284, "dvar": 5.69261646888e-05}, "spectral_spread": {"dvar2": 515425107968, "var": 11765844803600.0, "min": 436727.875, "dmean": 221315.28125, "mean": 2611555, "max": 41883252, "dmean2": 376003.125, "median": 2164734, "dvar": 244197113856}, "spectral_energyband_low": {"dvar2": 2.49608656304e-05, "var": 4.60619339719e-05, "min": 2.32921106137e-23, "dmean": 0.00070033071097, "mean": 0.00168406730518, "max": 0.104637876153, "dmean2": 0.00109392183367, "median": 4.30793479609e-05, "dvar": 1.12684820124e-05}, "spectral_rolloff": {"dvar2": 914106.75, "var": 8777026, "min": 107.666015625, "dmean": 200.209640503, "mean": 1521.97790527, "max": 21791.6015625, "dmean2": 348.976776123, "median": 1012.06054688, "dvar": 416445.0625}, "barkbands": {"dvar2": [2.35771802082e-09, 1.13813794087e-05, 5.59889804208e-06, 2.13345101656e-05, 1.0499763448e-05, 1.20684480862e-05, 8.74366287462e-06, 5.97252983425e-06, 3.7352228901e-06, 2.66673396254e-06, 6.33451782051e-06, 5.79306333748e-06, 5.31171463081e-06, 2.68786806146e-07, 9.01034269418e-08, 1.53645075329e-07, 2.18667068452e-07, 1.13963594117e-08, 1.52323735847e-08, 2.38773201211e-09, 3.41758094047e-10, 5.82423276274e-11, 4.70913022119e-12, 9.08575569381e-13, 1.53143922782e-13, 1.20823557864e-14, 1.36248796516e-15], "var": [1.66990055117e-09, 2.13259882003e-05, 6.97814311934e-06, 1.61089228641e-05, 1.68253718584e-05, 2.20427646127e-05, 2.59510125034e-05, 1.13630076157e-05, 1.89059937838e-05, 1.19339438243e-05, 1.71928350028e-05, 1.18303396448e-05, 3.32519357471e-06, 2.96632492791e-07, 8.81017712118e-08, 1.11415545234e-07, 1.23503681948e-07, 1.30255051189e-08, 1.39573979041e-08, 1.91863103183e-09, 3.492112155e-10, 7.61287977102e-11, 8.63502672144e-12, 2.043594894e-12, 4.59780976313e-13, 6.10979162771e-14, 4.74567361116e-15], "min": [4.35443133858e-25, 5.85340432029e-24, 2.08053070738e-24, 3.00948837898e-24, 1.70384694301e-23, 7.54374115255e-24, 1.17843292129e-23, 1.16990651819e-23, 2.38842154096e-23, 1.67053602911e-23, 1.10816955378e-23, 2.35205142447e-23, 2.3806356416e-23, 4.03619230652e-23, 2.09479709908e-23, 5.64879754619e-23, 6.78318394552e-23, 6.90691393861e-23, 1.26595804846e-22, 2.1218000603e-22, 2.76115756137e-22, 3.38287057903e-22, 3.54819663967e-22, 5.34783272203e-22, 9.07980467009e-22, 1.23722712845e-21, 2.0154673658e-21], "dmean": [1.98602065211e-05, 0.000414157955674, 0.000253329810221, 0.00053481530631, 0.000630961672869, 0.000875059515238, 0.00107891089283, 0.000670557492413, 0.000493421277497, 0.000403623300372, 0.000725435616914, 0.000465868128231, 0.000242600697675, 0.000146936537931, 9.29323578021e-05, 0.000116450595669, 8.27181138447e-05, 3.18800230161e-05, 2.809648322e-05, 1.18036077765e-05, 4.17547335019e-06, 1.61901186857e-06, 5.1021930858e-07, 2.33923472592e-07, 1.04614606755e-07, 3.08537586591e-08, 1.63446962631e-08], "mean": [2.63081092271e-05, 0.000987772247754, 0.000429664738476, 0.000800023786724, 0.00132669915911, 0.00226967851631, 0.00301104993559, 0.00167070189491, 0.00133913382888, 0.000967759115156, 0.0015326134162, 0.00106999964919, 0.000414024048951, 0.000272853678325, 0.000156748879817, 0.00019173786859, 0.000137097944389, 6.3411112933e-05, 5.52594683541e-05, 2.26735319302e-05, 9.20371985558e-06, 4.10589973399e-06, 1.51788719904e-06, 7.5608716088e-07, 3.83596329812e-07, 1.33195882768e-07, 1.11227123512e-07], "max": [0.000653982395306, 0.0816224366426, 0.0874479711056, 0.111404314637, 0.0955661833286, 0.0641414821148, 0.069183960557, 0.0502562634647, 0.110532984138, 0.115374416113, 0.0778962895274, 0.0446926951408, 0.0638485103846, 0.00855829101056, 0.00678449263796, 0.00510238483548, 0.00918190740049, 0.00157214875799, 0.00189300335478, 0.000669015338644, 0.000319842481986, 0.000151555606863, 4.02676123485e-05, 1.78182617674e-05, 8.14980376163e-06, 3.20774643114e-06, 8.96595622635e-07], "dmean2": [3.12043994199e-05, 0.000655539275613, 0.000401338853408, 0.000867317954544, 0.000959562486969, 0.00128894718364, 0.00137191463728, 0.000925628293771, 0.000599495891947, 0.000524044735357, 0.000968670821749, 0.000655139330775, 0.000385104009183, 0.000229267243412, 0.000151807631482, 0.000193360538105, 0.000138456613058, 5.30286197318e-05, 4.69927726954e-05, 2.02243954845e-05, 7.10954100214e-06, 2.71989324574e-06, 8.52092398418e-07, 3.80143120537e-07, 1.64299336802e-07, 4.69602561282e-08, 2.74072871065e-08], "median": [1.43344659591e-05, 1.82159437827e-05, 7.2632303727e-07, 4.37585867985e-07, 4.14398382418e-05, 0.000377232237952, 0.00118626444601, 0.000517029431649, 0.000255362392636, 0.00012397224782, 0.000247197313001, 0.00010012416169, 5.6746401242e-05, 8.84688051883e-05, 6.04324814049e-05, 6.67170534143e-05, 3.82256985176e-05, 1.89551428775e-05, 1.31362476168e-05, 4.37690550825e-06, 1.68225301422e-06, 7.29826865609e-07, 3.45831267623e-07, 1.72450711489e-07, 9.53131404913e-08, 3.42721975244e-08, 9.02035424133e-08], "dvar": [9.70580948945e-10, 5.19148807143e-06, 2.38514780904e-06, 8.7646085376e-06, 4.79710115542e-06, 4.96081520396e-06, 4.83169151266e-06, 2.94037386084e-06, 2.71945714303e-06, 2.062969088e-06, 3.80228425456e-06, 2.75429079011e-06, 2.0423146907e-06, 1.13044812622e-07, 3.55211220437e-08, 5.72220173467e-08, 7.60801199817e-08, 4.18524503942e-09, 5.57158053027e-09, 8.09219524722e-10, 1.22752932818e-10, 2.07626017074e-11, 1.72713514497e-12, 3.53765627903e-13, 6.52037424704e-14, 5.45643759193e-15, 5.19809031956e-16]}, "melbands_skewness": {"dvar2": 0.610841333866, "var": 1.75769865513, "min": -4.4150929451, "dmean": 0.505814671516, "mean": 1.41379451752, "max": 11.171298027, "dmean2": 0.750972092152, "median": 1.31937134266, "dvar": 0.258724689484}, "barkbands_skewness": {"dvar2": 0.618035197258, "var": 1.43386852741, "min": -6.70006990433, "dmean": 0.474385082722, "mean": 1.02386617661, "max": 9.43674659729, "dmean2": 0.706327915192, "median": 0.989268183708, "dvar": 0.255913436413}, "erbbands": {"dvar2": [0.00112300261389, 0.893710255623, 7.44990730286, 41.5819816589, 388.672576904, 58.1996688843, 525.940429688, 855.594055176, 1692.71191406, 2489.68554688, 3831.14111328, 2886.7902832, 1591.67004395, 3850.74316406, 7963.18310547, 11651.2236328, 15861.5996094, 772.11920166, 260.326751709, 705.169189453, 543.957702637, 275.914398193, 28.7313613892, 34.6362113953, 20.7760601044, 9.11514568329, 1.06719183922, 0.249158456922, 0.0800388306379, 0.0313670746982, 0.00610873522237, 0.000834096572362, 0.00026254466502, 2.8638749427e-05, 1.00234537967e-05, 5.42113070878e-07, 3.8421248405e-08, 2.22307883213e-09, 6.81174977535e-11, 1.46644835164e-10], "var": [0.00186438800301, 1.64740467072, 8.28875160217, 42.6675109863, 405.65133667, 98.4007720947, 719.864074707, 1799.67895508, 3694.01977539, 8855.40917969, 6027.90527344, 14862.2451172, 4177.54882812, 18939.1054688, 21631.0371094, 24123.6289062, 10374.2050781, 786.296691895, 354.460876465, 473.589782715, 399.550933838, 181.263931274, 32.6155052185, 33.6712760925, 19.859287262, 6.93292188644, 1.08073794842, 0.252162992954, 0.0925897285342, 0.034030046314, 0.0101445103064, 0.00147665641271, 0.000467779958853, 7.26544458303e-05, 2.23664119403e-05, 2.02692717721e-06, 1.71747984723e-07, 6.82840672894e-09, 3.27428167912e-10, 6.64403587702e-10], "min": [9.67385303e-23, 5.00806313574e-22, 3.0252824298e-21, 9.20076872752e-21, 2.31905060738e-20, 5.34518360342e-20, 6.10326943166e-20, 1.04517146141e-19, 9.35365238423e-20, 1.83562816282e-19, 3.55102071223e-19, 5.46755476453e-19, 4.46573202624e-19, 5.35269091371e-19, 1.03262012006e-18, 1.1273453283e-18, 1.46536948029e-18, 2.57616033959e-18, 1.60088906499e-18, 3.08104781085e-18, 3.88521729273e-18, 4.90296666994e-18, 4.60328285632e-18, 5.12907690397e-18, 6.19559354137e-18, 1.05701059508e-17, 9.60566960486e-18, 1.01216590807e-17, 1.17806045408e-17, 1.08246964269e-17, 1.09344525409e-17, 1.10282217351e-17, 9.37965325583e-18, 8.09389860092e-18, 6.75026984088e-18, 4.30501434874e-18, 2.35697815678e-18, 8.40070361243e-19, 2.60383842327e-19, 2.86635433655e-20], "dmean": [0.00473115453497, 0.114649377763, 0.326050430536, 0.838784575462, 2.63173508644, 1.73333668709, 4.07745075226, 7.55260562897, 12.1772632599, 18.6819400787, 14.4396162033, 12.1527070999, 9.91113567352, 16.9261302948, 27.5328350067, 20.2379722595, 13.7712879181, 7.32342147827, 3.98989582062, 7.81142997742, 5.73777103424, 3.4488902092, 1.6017639637, 1.40072906017, 1.11980521679, 0.703652024269, 0.225263625383, 0.097838409245, 0.053712554276, 0.0318236798048, 0.0163298342377, 0.00672377599403, 0.00370852160268, 0.00141271599568, 0.000765980337746, 0.000196779787075, 5.27820375282e-05, 1.1354119124e-05, 3.01711315842e-06, 4.34490721091e-06], "mean": [0.0104183778167, 0.274022966623, 0.605554819107, 1.47381007671, 4.46375799179, 3.79783773422, 9.44163513184, 20.3747520447, 32.9727516174, 51.1540565491, 35.5028038025, 33.7247695923, 25.4496059418, 42.4421157837, 62.5840568542, 48.5129699707, 26.1779289246, 13.8239078522, 8.45825481415, 12.2704124451, 10.3335762024, 6.436855793, 3.42836332321, 3.00428080559, 2.32195305824, 1.38675224781, 0.501129627228, 0.231335580349, 0.138833373785, 0.0837401300669, 0.047026772052, 0.0202040988952, 0.0109833264723, 0.00484748184681, 0.00252206088044, 0.000769385718741, 0.000225811527343, 5.10291501996e-05, 1.9211527615e-05, 2.13777893805e-05], "max": [0.737840056419, 22.6253662109, 72.7821807861, 168.604476929, 579.735107422, 155.790969849, 654.285644531, 614.005859375, 915.575500488, 1558.9440918, 1405.29614258, 3358.05908203, 944.543457031, 4731.78417969, 2718.44946289, 2316.73095703, 3541.51367188, 431.424377441, 368.450531006, 295.926757812, 327.342529297, 320.533813477, 69.1159133911, 120.606193542, 62.0058670044, 44.9323730469, 21.7889709473, 8.45601177216, 5.58675718307, 5.83069229126, 1.84789276123, 0.495330423117, 0.316344708204, 0.0922014638782, 0.0750678032637, 0.0210612062365, 0.00561329396442, 0.00107051036321, 0.000205524120247, 0.000273007550277], "dmean2": [0.00781030021608, 0.181008696556, 0.522003531456, 1.31833803654, 4.2329583168, 2.66515517235, 5.88011074066, 11.2019672394, 16.6102390289, 22.7309303284, 20.5387191772, 14.7790756226, 12.8157320023, 21.7842464447, 36.8959197998, 28.3688583374, 21.7932300568, 11.4770517349, 6.23942613602, 12.9592485428, 9.51404190063, 5.78138685226, 2.69325327873, 2.32045888901, 1.88939666748, 1.20419478416, 0.383600562811, 0.164265841246, 0.0918305441737, 0.0526804178953, 0.0273557174951, 0.0111004831269, 0.00601478666067, 0.00228180014528, 0.00121075531933, 0.000302976201056, 8.17090913188e-05, 1.80876886589e-05, 4.50224433735e-06, 6.03135003985e-06], "median": [0.00103174999822, 0.00186337286141, 0.00149795063771, 0.00263647641987, 0.0327004641294, 0.298068076372, 1.23271679878, 3.76931190491, 11.7312355042, 18.2357597351, 10.5229129791, 7.98561048508, 4.62715625763, 9.60603141785, 15.0184516907, 7.16176128387, 4.89770174026, 4.55963516235, 2.88538908958, 4.54786872864, 3.42282032967, 2.10430049896, 1.12738132477, 0.794282317162, 0.60356426239, 0.303661167622, 0.0979961454868, 0.0445888563991, 0.0257687550038, 0.0155631378293, 0.00946773774922, 0.00415224395692, 0.00273013697006, 0.00133433844894, 0.000589991512243, 0.00019516935572, 6.41075021122e-05, 1.84490509127e-05, 1.28311294247e-05, 1.37135739351e-05], "dvar": [0.000450947729405, 0.40787139535, 3.09587073326, 18.2565994263, 167.791564941, 25.5245819092, 235.729248047, 355.878204346, 752.105773926, 1751.76599121, 1822.8215332, 2096.11694336, 955.294555664, 3154.89355469, 4693.53857422, 5542.95263672, 6085.63916016, 320.171569824, 108.005859375, 266.8465271, 202.023391724, 96.1614990234, 10.2870359421, 12.4284858704, 7.44101047516, 3.05362510681, 0.388337790966, 0.0889107361436, 0.0274200197309, 0.0115364240482, 0.00221668579616, 0.000321135710692, 0.000102610923932, 1.15030043162e-05, 4.2355345613e-06, 2.33221939538e-07, 1.70457585824e-08, 8.48435266487e-10, 2.87888289596e-11, 7.10442121798e-11]}, "silence_rate_30dB": {"dvar2": 0.0197039078921, "var": 0.0120004722849, "min": 0, "dmean": 0.00840240716934, "mean": 0.987851977348, "max": 1, "dmean2": 0.01680672355, "median": 1, "dvar": 0.00833180639893}, "melbands_spread": {"dvar2": 60.4019699097, "var": 168.647598267, "min": 0.373223870993, "dmean": 3.38193225861, "mean": 13.9142169952, "max": 160.48210144, "dmean2": 5.1134929657, "median": 10.984790802, "dvar": 25.5099849701}, "melbands_crest": {"dvar2": 15.1570386887, "var": 36.4421005249, "min": 1.55017507076, "dmean": 2.72397589684, "mean": 15.4797420502, "max": 38.7343902588, "dmean2": 4.09946250916, "median": 14.4053554535, "dvar": 6.59365749359}, "zerocrossingrate": {"dvar2": 0.000219960667891, "var": 0.00574355619028, "min": 0.0029296875, "dmean": 0.00523337488994, "mean": 0.0525722242892, "max": 0.84716796875, "dmean2": 0.00644086534157, "median": 0.03857421875, "dvar": 0.000156812486239}, "barkbands_kurtosis": {"dvar2": 100.00252533, "var": 75.1240768433, "min": -1.98146426678, "dmean": 2.47197747231, "mean": 4.28352689743, "max": 393.440765381, "dmean2": 3.80594277382, "median": 2.08661556244, "dvar": 39.2461700439}, "spectral_flux": {"dvar2": 0.000479993701447, "var": 0.00100100494456, "min": 6.33386676441e-11, "dmean": 0.00952205341309, "mean": 0.038032758981, "max": 0.270370095968, "dmean2": 0.0160651281476, "median": 0.0315179899335, "dvar": 0.000169706501765}, "barkbands_crest": {"dvar2": 9.24280357361, "var": 20.4950313568, "min": 3.40009188652, "dmean": 2.19705080986, "mean": 12.1538209915, "max": 26.7237567902, "dmean2": 3.33654165268, "median": 11.4454021454, "dvar": 3.87939310074}, "barkbands_flatness_db": {"dvar2": 0.000474649568787, "var": 0.00442392798141, "min": 0.055514216423, "dmean": 0.0168477389961, "mean": 0.229309260845, "max": 0.580161929131, "dmean2": 0.0241787210107, "median": 0.223238140345, "dvar": 0.000225824856898}, "spectral_entropy": {"dvar2": 0.025175884366, "var": 0.441099464893, "min": 2.9870197773, "dmean": 0.119614206254, "mean": 6.44363451004, "max": 9.8181886673, "dmean2": 0.167879626155, "median": 6.4860253334, "dvar": 0.0133376419544}, "pitch_salience": {"dvar2": 0.00631121126935, "var": 0.011479921639, "min": 0.0991263687611, "dmean": 0.0562420114875, "mean": 0.49300506711, "max": 0.914431333542, "dmean2": 0.0868083834648, "median": 0.497561126947, "dvar": 0.00254365918227}, "erbbands_spread": {"dvar2": 25.041595459, "var": 111.173942566, "min": 0.365875601768, "dmean": 3.03517723083, "mean": 16.430557251, "max": 107.622421265, "dmean2": 4.56639194489, "median": 14.6139726639, "dvar": 10.6820173264}, "dynamic_complexity": 7.23133993149, "spectral_contrast_valleys": {"dvar2": [0.260955125093, 0.148533210158, 0.119529306889, 0.0879044383764, 0.0562145784497, 0.0467912144959], "var": [3.96693754196, 4.8475728035, 4.7314453125, 3.64843273163, 3.36314511299, 2.00256109238], "min": [-28.0552425385, -27.960111618, -27.8016147614, -27.5456771851, -27.4990615845, -27.3721981049], "dmean": [0.358761161566, 0.276126563549, 0.243054673076, 0.20141531527, 0.1420057863, 0.116942003369], "mean": [-9.70227050781, -7.70135354996, -8.69070243835, -9.60847854614, -9.79453468323, -12.9475126266], "max": [-5.27527761459, -4.51548910141, -5.64372873306, -6.99939441681, -7.31216239929, -10.9866132736], "dmean2": [0.606398582458, 0.457053184509, 0.401961714029, 0.33617323637, 0.232401713729, 0.188395664096], "median": [-9.82209968567, -7.20569419861, -8.3004322052, -9.24547672272, -9.57451057434, -12.8258600235], "dvar": [0.103108458221, 0.0650419741869, 0.052923515439, 0.0411257520318, 0.0303133111447, 0.0252720154822]}, "hfc": {"dvar2": 36.0003128052, "var": 178.59588623, "min": 1.08947607755e-16, "dmean": 2.25734829903, "mean": 10.755068779, "max": 137.825866699, "dmean2": 3.08348846436, "median": 6.73370313644, "dvar": 17.911699295}, "spectral_kurtosis": {"dvar2": 211.499923706, "var": 495.165924072, "min": -1.24446940422, "dmean": 7.05895137787, "mean": 21.5926685333, "max": 198.169998169, "dmean2": 12.4601840973, "median": 14.6012382507, "dvar": 67.8931274414}, "mfcc": {"mean": [-790.550415039, 162.534118652, -47.1304244995, -4.67845392227, -17.681438446, -18.9383068085, -12.3749046326, -5.49526834488, -6.0281701088, 1.60579657555, 2.08263516426, 8.90951347351, 17.8088684082], "cov": [[14721.3740234, 3874.87792969, -1876.25244141, 711.313354492, -346.164855957, 115.306289673, 50.28383255, 27.4936294556, -492.755554199, -495.271759033, -728.850219727, -699.503479004, -693.729187012], [3874.87792969, 2546.46191406, -302.07723999, -175.256500244, -156.29460144, -174.50920105, -125.580917358, -269.490203857, -230.484542847, -116.886383057, -28.9349098206, -126.820129395, -247.924072266], [-1876.25244141, -302.07723999, 1114.85168457, 249.030761719, 175.868148804, 116.809020996, -28.9225921631, -30.336933136, 32.1663703918, 30.3415775299, 33.4341316223, 10.1532917023, -43.9642295837], [711.313354492, -175.256500244, 249.030761719, 589.021789551, 230.444778442, 186.660858154, 57.7509040833, 93.5896911621, 14.0409059525, -29.1997413635, -120.664115906, -82.7426757812, -48.2171134949], [-346.164855957, -156.29460144, 175.868148804, 230.444778442, 271.284057617, 146.031112671, 51.7878875732, 44.0293502808, 40.7757225037, 13.1596021652, -3.7202372551, -1.3821618557, -9.95771408081], [115.306289673, -174.50920105, 116.809020996, 186.660858154, 146.031112671, 242.40222168, 134.783325195, 110.608459473, 52.3004646301, -25.8235416412, -71.4053497314, -62.7683563232, -40.0392189026], [50.28383255, -125.580917358, -28.9225921631, 57.7509040833, 51.7878875732, 134.783325195, 189.699172974, 137.376190186, 53.2040328979, -18.1546154022, -50.5656776428, -40.8433532715, -10.5609960556], [27.4936294556, -269.490203857, -30.336933136, 93.5896911621, 44.0293502808, 110.608459473, 137.376190186, 226.589004517, 108.396186829, -9.20795917511, -67.3396530151, -46.3384056091, 9.40456295013], [-492.755554199, -230.484542847, 32.1663703918, 14.0409059525, 40.7757225037, 52.3004646301, 53.2040328979, 108.396186829, 146.672271729, 56.1685600281, 1.07863152027, 3.5421898365, 31.2583255768], [-495.271759033, -116.886383057, 30.3415775299, -29.1997413635, 13.1596021652, -25.8235416412, -18.1546154022, -9.20795917511, 56.1685600281, 127.977134705, 95.8573608398, 57.0984306335, 39.6716270447], [-728.850219727, -28.9349098206, 33.4341316223, -120.664115906, -3.7202372551, -71.4053497314, -50.5656776428, -67.3396530151, 1.07863152027, 95.8573608398, 208.654922485, 141.78338623, 52.2072410583], [-699.503479004, -126.820129395, 10.1532917023, -82.7426757812, -1.3821618557, -62.7683563232, -40.8433532715, -46.3384056091, 3.5421898365, 57.0984306335, 141.78338623, 222.393707275, 149.061096191], [-693.729187012, -247.924072266, -43.9642295837, -48.2171134949, -9.95771408081, -40.0392189026, -10.5609960556, 9.40456295013, 31.2583255768, 39.6716270447, 52.2072410583, 149.061096191, 235.555557251]], "icov": [[0.000518914777786, -0.000693397771101, 0.000852525176015, -0.00112473906484, 0.00110289233271, -0.000993746914901, 0.000748243473936, -0.000869932817295, 0.00101835234091, -0.000449823215604, 0.000840437773149, -0.000453724525869, 0.000714783382136], [-0.000693397771101, 0.00149145000614, -0.00099717406556, 0.00150407897308, -0.00146178994328, 0.00159690051805, -0.00122045911849, 0.00177653052378, -0.00120922795031, 0.000907705165446, -0.00114072521683, 0.000659706245642, -0.000423636316555], [0.000852525176015, -0.00099717406556, 0.00257310015149, -0.00227174977772, 0.00166412629187, -0.00213801208884, 0.00162462831941, -0.000761998991948, 0.00108301592991, -0.000455893314211, 0.000950485933572, -0.000843664805871, 0.00154292222578], [-0.00112473906484, 0.00150407897308, -0.00227174977772, 0.00613650819287, -0.00485835084692, 0.00106658181176, -0.000137277587783, -0.000161272342666, 0.000214070561924, -0.000825716648251, 0.000716327107511, 0.000556353479624, -0.00132124277297], [0.00110289233271, -0.00146178994328, 0.00166412629187, -0.00485835084692, 0.0101979188621, -0.00584113178775, 0.00172529416159, -0.000367431959603, 0.000267493742285, -0.000392484042095, -0.000212369996007, -0.00136468734127, 0.0014971846249], [-0.000993746914901, 0.00159690051805, -0.00213801208884, 0.00106658181176, -0.00584113178775, 0.0139817651361, -0.00808704085648, 0.00235344702378, -0.00348841142841, 0.00238736486062, -0.000708839797881, 0.00135050166864, -0.000390162080294], [0.000748243473936, -0.00122045911849, 0.00162462831941, -0.000137277587783, 0.00172529416159, -0.00808704085648, 0.0149283986539, -0.00845686160028, 0.00388537161052, -0.00149419752415, 0.00127656490076, -0.000848093593959, 0.000889282440767], [-0.000869932817295, 0.00177653052378, -0.000761998991948, -0.000161272342666, -0.000367431959603, 0.00235344702378, -0.00845686160028, 0.0159559883177, -0.0108803259209, 0.00468882918358, -0.00189440557733, 0.00199220073409, -0.00168580655009], [0.00101835234091, -0.00120922795031, 0.00108301592991, 0.000214070561924, 0.000267493742285, -0.00348841142841, 0.00388537161052, -0.0108803259209, 0.0196286141872, -0.0103228576481, 0.00498674204573, -0.00148109451402, 0.000965142913628], [-0.000449823215604, 0.000907705165446, -0.000455893314211, -0.000825716648251, -0.000392484042095, 0.00238736486062, -0.00149419752415, 0.00468882918358, -0.0103228576481, 0.0189125388861, -0.0105009377003, 0.00378211052157, -0.00236981618218], [0.000840437773149, -0.00114072521683, 0.000950485933572, 0.000716327107511, -0.000212369996007, -0.000708839797881, 0.00127656490076, -0.00189440557733, 0.00498674204573, -0.0105009377003, 0.017930528149, -0.010614098981, 0.00545140728354], [-0.000453724525869, 0.000659706245642, -0.000843664805871, 0.000556353479624, -0.00136468734127, 0.00135050166864, -0.000848093593959, 0.00199220073409, -0.00148109451402, 0.00378211052157, -0.010614098981, 0.0161221642047, -0.00892137456685], [0.000714783382136, -0.000423636316555, 0.00154292222578, -0.00132124277297, 0.0014971846249, -0.000390162080294, 0.000889282440767, -0.00168580655009, 0.000965142913628, -0.00236981618218, 0.00545140728354, -0.00892137456685, 0.0107344901189]]}, "silence_rate_20dB": {"dvar2": 0, "var": 0, "min": 1, "dmean": 0, "mean": 1, "max": 1, "dmean2": 0, "median": 1, "dvar": 0}, "melbands_kurtosis": {"dvar2": 65.4443054199, "var": 86.1514511108, "min": -1.673584342, "dmean": 3.19447946548, "mean": 6.43553209305, "max": 134.646621704, "dmean2": 4.82298088074, "median": 3.43165159225, "dvar": 27.1712226868}, "barkbands_spread": {"dvar2": 67.4338684082, "var": 218.764907837, "min": 0.110947422683, "dmean": 2.51119112968, "mean": 10.8427705765, "max": 166.41418457, "dmean2": 3.8334274292, "median": 7.8193025589, "dvar": 27.9436149597}, "erbbands_skewness": {"dvar2": 0.26679867506, "var": 0.928144693375, "min": -3.24102544785, "dmean": 0.365186154842, "mean": 0.773996472359, "max": 8.36431598663, "dmean2": 0.53418815136, "median": 0.660604476929, "dvar": 0.119631566107}, "average_loudness": 0.0883047878742, "spectral_centroid": {"dvar2": 81877.5, "var": 790732.6875, "min": 295.120056152, "dmean": 106.572731018, "mean": 990.356628418, "max": 11610.4091797, "dmean2": 161.039520264, "median": 818.873962402, "dvar": 35972.515625}, "dissonance": {"dvar2": 0.00275174668059, "var": 0.00352277234197, "min": 0, "dmean": 0.031958937645, "mean": 0.418177217245, "max": 0.5, "dmean2": 0.0536581091583, "median": 0.431007921696, "dvar": 0.00102183688432}, "erbbands_flatness_db": {"dvar2": 0.000335288001224, "var": 0.0047004846856, "min": 0.0192683171481, "dmean": 0.0142090115696, "mean": 0.291202455759, "max": 0.519808232784, "dmean2": 0.0201422665268, "median": 0.289297789335, "dvar": 0.00016425724607}, "spectral_strongpeak": {"dvar2": 1.20247411728, "var": 2.03576135635, "min": 0, "dmean": 0.46960657835, "mean": 1.37160801888, "max": 13.1610851288, "dmean2": 0.741063654423, "median": 0.93366420269, "dvar": 0.515603482723}, "spectral_rms": {"dvar2": 4.57163594092e-07, "var": 5.5469763538e-06, "min": 3.09208301325e-12, "dmean": 0.000373542279704, "mean": 0.00328721292317, "max": 0.0154457129538, "dmean2": 0.000504803610966, "median": 0.00311409216374, "dvar": 2.29610222391e-07}, "silence_rate_60dB": {"dvar2": 0.036768078804, "var": 0.209571972489, "min": 0, "dmean": 0.0170319061726, "mean": 0.298932790756, "max": 1, "dmean2": 0.0340676829219, "median": 0, "dvar": 0.0167418196797}, "melbands": {"dvar2": [3.93312149072e-07, 1.82059852705e-06, 3.02784656014e-06, 7.90127785422e-07, 4.0094414544e-07, 4.20711899096e-07, 3.62248556485e-07, 2.37305300743e-07, 2.19419263203e-07, 9.3811038937e-08, 4.00915745047e-08, 6.62583801159e-08, 1.58295961228e-07, 8.23273182959e-08, 5.19376293084e-08, 3.54469449348e-08, 2.21898055486e-09, 8.56398840732e-10, 4.79209671944e-10, 8.92705076527e-10, 1.29361543699e-09, 6.84298839815e-10, 7.27588128635e-11, 3.65644944877e-11, 3.06338704403e-11, 2.71730485335e-11, 3.86124725943e-12, 3.9854968284e-12, 6.87255265718e-13, 2.28310697171e-13, 6.0873039194e-14, 4.27262392133e-14, 4.86975877104e-14, 4.51331341549e-15, 3.83032152748e-15, 3.56738698936e-16, 3.84903259117e-16, 1.97418233714e-16, 8.34678111451e-17, 2.1321969952e-17], "var": [7.47334354401e-07, 2.64652908299e-06, 2.66770553026e-06, 1.00858233054e-06, 6.19222873866e-07, 8.81989763002e-07, 9.07823277885e-07, 8.33225954011e-07, 3.75624324533e-07, 4.77502794638e-07, 1.03348561709e-07, 3.33075348635e-07, 4.30499255799e-07, 1.65916418382e-07, 6.62849473088e-08, 2.28737278007e-08, 2.27981233891e-09, 1.1063265859e-09, 4.22103574316e-10, 5.91888205115e-10, 8.64603832973e-10, 3.83936105131e-10, 6.3285890417e-11, 3.09210677896e-11, 2.64947976752e-11, 2.4514444294e-11, 3.62319592731e-12, 2.84781898584e-12, 5.50351593725e-13, 1.72730211211e-13, 6.05772214075e-14, 3.79816993557e-14, 4.64048490931e-14, 4.71578097142e-15, 5.19691389667e-15, 7.45572376217e-16, 4.88684276913e-16, 2.5078152115e-16, 1.60962107718e-16, 3.48234732991e-17], "min": [1.4437598181e-24, 2.21434695767e-24, 1.84769387525e-24, 1.89373653085e-24, 2.41313773642e-24, 2.58939430898e-24, 1.5971418896e-24, 1.68685598351e-24, 2.59431246229e-24, 2.9914175478e-24, 1.77186383188e-24, 1.92401143467e-24, 2.43461191076e-24, 3.35275942695e-24, 3.46026539112e-24, 2.38877633116e-24, 4.36060299187e-24, 2.43388181999e-24, 2.79333319399e-24, 3.2054175648e-24, 3.70612099198e-24, 4.36233611928e-24, 3.51870420698e-24, 3.20489967762e-24, 3.81615288876e-24, 4.20935232393e-24, 4.88284784379e-24, 5.97540126486e-24, 5.06813549321e-24, 6.19641958012e-24, 5.02837769244e-24, 5.35770621556e-24, 5.44304873816e-24, 5.55791674672e-24, 5.20744990679e-24, 6.62609002708e-24, 6.03544028506e-24, 6.48560573278e-24, 6.46129698398e-24, 6.35381547451e-24], "dmean": [7.97809188953e-05, 0.000168717248016, 0.000219747962547, 0.000153172601131, 0.000122124678455, 0.000169877777807, 0.00019469531253, 0.000188031059224, 0.000108374573756, 7.19505987945e-05, 4.80691087432e-05, 6.44436222501e-05, 0.000116180017358, 5.6165670685e-05, 3.58913421223e-05, 2.30487148656e-05, 1.26505592561e-05, 6.88863337928e-06, 7.00287364452e-06, 8.80100014911e-06, 8.12128473626e-06, 4.6922546062e-06, 2.07396738006e-06, 1.61465368365e-06, 1.20528966363e-06, 1.20793663427e-06, 4.81609276903e-07, 4.60912360722e-07, 1.68294846503e-07, 8.71087664223e-08, 4.97579719649e-08, 3.2360876645e-08, 4.17126742036e-08, 1.29738539911e-08, 1.24966152981e-08, 5.07798603167e-09, 4.27535429282e-09, 3.0878339885e-09, 2.04928918279e-09, 1.16494403013e-09], "mean": [0.000191508064745, 0.000359843746992, 0.00037137165782, 0.000297561171465, 0.000295157311484, 0.000452348031104, 0.00053892005235, 0.000519520137459, 0.000267277588136, 0.00019634734781, 0.000118396572361, 0.000157867238158, 0.000249945442192, 0.000129790540086, 7.7085205703e-05, 4.14617643401e-05, 2.27591081057e-05, 1.34512474688e-05, 1.20024697026e-05, 1.36155567816e-05, 1.33382282002e-05, 7.6450241977e-06, 3.58657439392e-06, 2.94206984108e-06, 2.35335187426e-06, 2.27686655307e-06, 9.82405822469e-07, 8.22262620659e-07, 3.14488517006e-07, 1.85215711213e-07, 1.05870860523e-07, 7.37194838507e-08, 8.60961222315e-08, 3.08059711074e-08, 3.11382031271e-08, 1.49128212001e-08, 1.04658797184e-08, 7.75621344928e-09, 5.83747983285e-09, 3.34963723425e-09], "max": [0.0151034435257, 0.0280639957637, 0.0379632040858, 0.0251797083765, 0.0170112345368, 0.0130792055279, 0.0148994373158, 0.0143703809008, 0.0121088307351, 0.0185577385128, 0.00465268921107, 0.0203574318439, 0.0123600549996, 0.00657983031124, 0.00445248605683, 0.00550967082381, 0.000743622367736, 0.000634727126453, 0.000348946545273, 0.000336473371135, 0.000493549159728, 0.000518055807333, 0.000145706697367, 9.5263676485e-05, 0.000120484110084, 9.33360352064e-05, 2.14258416236e-05, 2.91213400487e-05, 1.52761749632e-05, 8.86236830411e-06, 3.99295095121e-06, 4.79960908706e-06, 4.25178768637e-06, 2.03739432436e-06, 1.27814348616e-06, 2.94514961752e-07