{"tonal": {"thpcp": [1, 0.408122211695, 0.165406182408, 0.121392756701, 0.122429780662, 0.235943779349, 0.306968152523, 0.224465489388, 0.198316156864, 0.196957141161, 0.148844897747, 0.196281120181, 0.216859444976, 0.222519397736, 0.361385762691, 0.325714945793, 0.145443379879, 0.0958802327514, 0.099687717855, 0.193742409348, 0.638156831264, 0.781178176403, 0.373976051807, 0.151690885425, 0.125035539269, 0.156172350049, 0.278882712126, 0.351766496897, 0.31252142787, 0.278919279575, 0.240450277925, 0.179002583027, 0.174766033888, 0.191052958369, 0.324370265007, 0.922697722912], "hpcp": {"dmean2": [0.187821283937, 0.234672874212, 0.290044158697, 0.261106342077, 0.206027939916, 0.169483035803, 0.155486941338, 0.16465780139, 0.23542457819, 0.362639397383, 0.348647087812, 0.260823637247, 0.175417333841, 0.125691756606, 0.118109002709, 0.154502436519, 0.181427016854, 0.165534645319, 0.147326529026, 0.131564334035, 0.115334436297, 0.126985803246, 0.133596032858, 0.161191344261, 0.217744290829, 0.18063659966, 0.112436175346, 0.0929977968335, 0.0997268185019, 0.1637044698, 0.315717160702, 0.326817929745, 0.2446218431, 0.163416713476, 0.134606823325, 0.153035864234], "median": [0.037007369101, 0.0491294451058, 0.0499765127897, 0.0460120514035, 0.0337199941278, 0.0263823457062, 0.0364361852407, 0.038942605257, 0.113600820303, 0.432235479355, 0.502789020538, 0.158767908812, 0.0329015105963, 0.0254391562194, 0.0295540560037, 0.0616492182016, 0.078174546361, 0.0597573816776, 0.0346847698092, 0.0268437005579, 0.029416134581, 0.0443783886731, 0.0431172437966, 0.0454086177051, 0.0415179654956, 0.0393224209547, 0.0244259294122, 0.0172200426459, 0.0160064250231, 0.0542438514531, 0.248986333609, 0.312480270863, 0.122344776988, 0.024451173842, 0.021530399099, 0.0240640938282], "min": [0, 0, 0, 0, 0, 0, 0, 0, 0, 0, 0, 0, 0, 0, 0, 0, 0, 0, 0, 0, 0, 0, 0, 0, 0, 0, 0, 0, 0, 0, 0, 0, 0, 0, 0, 0], "dvar2": [0.0992834791541, 0.117486216128, 0.168538585305, 0.148293212056, 0.112211875618, 0.0816844850779, 0.0692293569446, 0.0800627097487, 0.0897326618433, 0.147166714072, 0.142914921045, 0.0979398414493, 0.0827346220613, 0.0613105259836, 0.0538377426565, 0.0600364878774, 0.0742358565331, 0.0664572417736, 0.0672496929765, 0.0587027147412, 0.0434045158327, 0.0447875931859, 0.0500829592347, 0.0594765245914, 0.127233594656, 0.0772775933146, 0.0472969450057, 0.0389896035194, 0.0392233207822, 0.0580208823085, 0.108272641897, 0.119706712663, 0.0941763669252, 0.0859700590372, 0.0707614272833, 0.0857598409057], "dvar": [0.0375920981169, 0.0447583571076, 0.0641055777669, 0.0557754226029, 0.0415818803012, 0.0307662002742, 0.025660790503, 0.0294177737087, 0.0316404923797, 0.0611268542707, 0.0592227764428, 0.0360166467726, 0.0305258408189, 0.0219770688564, 0.0194653905928, 0.022656230256, 0.0285763721913, 0.0243451800197, 0.0252773519605, 0.0225808694959, 0.0165527574718, 0.0169508885592, 0.0194861385971, 0.0217245481908, 0.0482729151845, 0.0305789429694, 0.0166963655502, 0.0141155133024, 0.0142667405307, 0.0208873152733, 0.0419831685722, 0.0498230680823, 0.0342037118971, 0.0311702433974, 0.0254884399474, 0.0311660580337], "dmean": [0.107703045011, 0.133833661675, 0.163992509246, 0.147941231728, 0.115908809006, 0.0951803028584, 0.0876076295972, 0.0925761386752, 0.133085072041, 0.211865916848, 0.20217269659, 0.149538144469, 0.0974338650703, 0.0694595351815, 0.065407268703, 0.0902365446091, 0.107917614281, 0.09524127841, 0.0847140476108, 0.076100230217, 0.066556148231, 0.0741223320365, 0.0787761807442, 0.0910745561123, 0.122104600072, 0.105287469923, 0.0640205740929, 0.0526671744883, 0.0565765723586, 0.0932984799147, 0.190190657973, 0.197984069586, 0.141318023205, 0.0903010591865, 0.0736719742417, 0.0854377374053], "max": [1, 1, 1, 1, 1, 1, 1, 1, 1, 1, 1, 1, 1, 1, 1, 1, 1, 1, 1, 1, 1, 1, 1, 1, 1, 1, 1, 1, 1, 1, 1, 1, 1, 1, 1, 1], "var": [0.0602219440043, 0.0777492001653, 0.0626315996051, 0.0542612634599, 0.04824000597, 0.0311960242689, 0.0244290437549, 0.0289805755019, 0.0342787206173, 0.14146630466, 0.147154554725, 0.0430455952883, 0.0234938189387, 0.0155921503901, 0.0142825413495, 0.0274685453624, 0.0431001745164, 0.0255428254604, 0.0327121987939, 0.0390092134476, 0.0194535125047, 0.0224395561963, 0.0298365354538, 0.025759594515, 0.0927812829614, 0.0741078928113, 0.0177614670247, 0.0113998968154, 0.0115952296183, 0.019280301407, 0.0790475904942, 0.110410377383, 0.0436072275043, 0.0240639541298, 0.0182092171162, 0.0260448064655], "mean": [0.145247131586, 0.183206319809, 0.16276678443, 0.14526617527, 0.125230833888, 0.0932277664542, 0.0910212919116, 0.0995038151741, 0.168937876821, 0.480557590723, 0.520817995071, 0.212557390332, 0.0861465185881, 0.0632235333323, 0.0637636333704, 0.12288376689, 0.159874543548, 0.116905666888, 0.103286623955, 0.102578826249, 0.0775211006403, 0.102226741612, 0.112944304943, 0.115892104805, 0.188216209412, 0.169638201594, 0.0757495313883, 0.0499361492693, 0.0519191585481, 0.100904531777, 0.332363575697, 0.406851649284, 0.194773450494, 0.079003341496, 0.0651207566261, 0.0813373699784]}, "tuning_equal_tempered_deviation": 0.199493199587, "chords_changes_rate": 0.0358546152711, "key_key": "C", "tuning_diatonic_strength": 0.632156610489, "key_scale": "major", "chords_number_rate": 0.00114603794646, "tuning_frequency": 434.193115234, "tuning_nontempered_energy_ratio": 0.955905020237, "chords_histogram": [38.1303215027, 0, 0.0327439419925, 0, 0, 0, 0.703994750977, 0, 0, 0, 0, 0, 0, 0.425671249628, 0, 1.19515395164, 0, 25.3110675812, 0.360183358192, 11.6077280045, 3.17616248131, 0.212835624814, 7.69482660294, 11.1493120193], "key_strength": 0.797081828117, "chords_key": "C", "chords_strength": {"dmean2": 0.00784998480231, "median": 0.564375758171, "min": -1, "dvar2": 0.00086257426301, "dvar": 0.000444679666543, "dmean": 0.00792647339404, "max": 0.824578464031, "var": 0.0228557419032, "mean": 0.557521164417}, "chords_scale": "major", "hpcp_entropy": {"dmean2": 1.04246771336, "median": 2.1811709404, "min": 0, "dvar2": 0.750756561756, "dvar": 0.275326251984, "dmean": 0.623828351498, "max": 4.1129117012, "var": 0.556020855904, "mean": 2.11303830147}}, "metadata": {"audio_properties": {"equal_loudness": 0, "codec": "flac", "downmix": "mix", "sample_rate": 44100, "analysis_sample_rate": 44100, "bit_rate": 0, "md5_encoded": "50d2777a4036a6f45daa9c25ac5a7635", "length": 283.586669922, "replay_gain": -11.6087303162, "lossless": true}, "version": {"essentia_build_sha": "ca57ba49d9b1854bd80e60cf9ccf267278fb7d6b", "essentia": "2.1-beta1", "extractor": "music 1.0", "essentia_git_sha": "v2.1_beta1-28-g21ef5f4-dirty"}, "tags": {"title": ["Daddy's Gonna Make You a Star"], "media": ["CD"], "albumartist": ["Various Artists"], "tracktotal": ["15"], "albumartistsort": ["Various Artists"], "releasetype": ["album", "compilation"], "musicbrainz_recordingid": ["78134e95-ef69-4c93-9921-e6e12ea478d3"], "musicbrainz_releasegroupid": ["ad8d366c-3450-3f6a-9a14-9b254eb8f645"], "musicbrainz_albumartistid": ["89ad4ac3-39f7-470e-963a-56509c546377"], "musicbrainz_releasetrackid": ["bd1b5711-2936-3b1c-9890-be6c222247ce"], "discnumber": ["1"], "totaldiscs": ["10"], "file_name": "1-12 Company of Strangers - Daddy's Gonna Make You a Star.flac", "compilation": ["1"], "artists": ["Company of Strangers"], "genre": ["Rock", "Retro"], "disctotal": ["10"], "musicbrainz_artistid": ["c1d1b8c4-9ac3-46bc-8fc2-874fd40bb8ac"], "asin": ["B00015HS8G"], "musicbrainz_albumid": ["10278ad5-4d8f-4f85-bf25-15484ee898c4"], "artist": ["Company of Strangers"], "tracknumber": ["12"], "artistsort": ["Company of Strangers"], "album": ["Box of Rock"], "totaltracks": ["15"], "acoustid_id": ["96c473ee-2e7f-41f3-9ff2-b2bac7c8603f"], "script": ["Latn"], "releasestatus": ["official"]}}, "rhythm": {"bpm_histogram_first_peak_bpm": {"dmean2": 0, "median": 123, "min": 123, "dvar2": 0, "dvar": 0, "dmean": 0, "max": 123, "var": 0, "mean": 123}, "bpm": 122.078079224, "bpm_histogram_second_peak_spread": {"dmean2": 0, "median": 0, "min": 0, "dvar2": 0, "dvar": 0, "dmean": 0, "max": 0, "var": 0, "mean": 0}, "bpm_histogram_first_peak_weight": {"dmean2": 0, "median": 0.624567449093, "min": 0.624567449093, "dvar2": 0, "dvar": 0, "dmean": 0, "max": 0.624567449093, "var": 0, "mean": 0.624567449093}, "onset_rate": 3.5894548893, "beats_position": [0.429569154978, 0.870748281479, 1.31192743778, 1.78793644905, 2.27555561066, 2.76317453384, 3.26240348816, 3.76163268089, 4.2492518425, 4.73687076569, 5.22448968887, 5.72371864319, 6.2229475975, 6.71056699753, 7.19818592072, 7.6858048439, 8.18503379822, 8.68426322937, 9.17188167572, 9.65950107574, 10.1471195221, 10.6347389221, 11.1223583221, 11.6215867996, 12.1092061996, 12.6084346771, 13.0960540771, 13.5836734772, 14.0829019547, 14.5821313858, 15.0697498322, 15.5573692322, 16.0449886322, 16.5326080322, 17.031835556, 17.5310649872, 18.0186843872, 18.5063037872, 18.9939231873, 19.4815406799, 19.96916008, 20.4683895111, 20.9676189423, 21.4552383423, 21.942855835, 22.4420852661, 22.9413146973, 23.4289340973, 23.9165534973, 24.40417099, 24.89179039, 25.37940979, 25.8670291901, 26.3778686523, 26.865486145, 27.353105545, 27.8407249451, 28.3399543762, 28.8275737762, 29.3268013, 29.8144207001, 30.3020401001, 30.8012695312, 31.2888889313, 31.776506424, 32.2757377625, 32.7633552551, 33.2509727478, 33.7385940552, 34.2378234863, 34.7370529175, 35.2246704102, 35.7122879028, 36.1999092102, 36.6991386414, 37.1983680725, 37.6859855652, 38.1736030579, 38.6612243652, 39.1488418579, 39.6480712891, 40.1473007202, 40.6349182129, 41.1225395203, 41.6101570129, 42.0977783203, 42.5970077515, 43.0962333679, 43.5838546753, 44.071472168, 44.5707015991, 45.0699310303, 45.5575485229, 46.0451698303, 46.532787323, 47.0204086304, 47.5196380615, 48.018863678, 48.5064849854, 48.994102478, 49.4817237854, 49.9693412781, 50.4685707092, 50.9678001404, 51.4554176331, 51.9430389404, 52.4306564331, 52.9182739258, 53.4175033569, 53.9167327881, 54.4043540955, 54.8919715881, 55.3795890808, 55.8672103882, 56.3664398193, 56.8656692505, 57.3532867432, 57.8409042358, 58.3285255432, 58.8161430359, 59.3037643433, 59.8029937744, 60.3022193909, 60.7898406982, 61.2774581909, 61.7650794983, 62.2643089294, 62.7635345459, 63.2511558533, 63.7387733459, 64.2263946533, 64.7256240845, 65.2248535156, 65.7124710083, 66.200088501, 66.6877059937, 67.1753311157, 67.6745529175, 68.1737823486, 68.6614074707, 69.1490249634, 69.6366424561, 70.1358718872, 70.6351013184, 71.122718811, 71.6103363037, 72.0979614258, 72.5855789185, 73.0848083496, 73.5840377808, 74.0716552734, 74.5592727661, 75.0468902588, 75.5345077515, 76.0337371826, 76.5329666138, 77.0205917358, 77.5082092285, 78.0074386597, 78.5066680908, 78.9942855835, 79.4819030762, 79.9695205688, 80.4571380615, 80.9447631836, 81.4439926147, 81.9316101074, 82.4308395386, 82.9184570312, 83.4060745239, 83.8936920166, 84.3813171387, 84.8805389404, 85.3797683716, 85.8673934937, 86.3550109863, 86.8542404175, 87.3534698486, 87.8410873413, 88.328704834, 88.8163223267, 89.3039474487, 89.7915649414, 90.3023986816, 90.7900238037, 91.2776412964, 91.7652587891, 92.2528762817, 92.7404937744, 93.2397232056, 93.7389526367, 94.2265777588, 94.7141952515, 95.2018127441, 95.6894302368, 96.1770477295, 96.6762771606, 97.1755065918, 97.6631240845, 98.1623535156, 98.6499786377, 99.1492080688, 99.6368255615, 100.124443054, 100.612060547, 101.09967804, 101.598907471, 102.098136902, 102.585754395, 103.073379517, 103.560997009, 104.06022644, 104.559455872, 105.047073364, 105.534690857, 106.02230835, 106.509933472, 107.009155273, 107.496780396, 107.996009827, 108.483627319, 108.971244812, 109.470474243, 109.969703674, 110.457321167, 110.94493866, 111.432563782, 111.920181274, 112.419410706, 112.918640137, 113.406257629, 113.893875122, 114.381492615, 114.869110107, 115.368339539, 115.86756897, 116.355194092, 116.842811584, 117.342041016, 117.841270447, 118.328887939, 118.816505432, 119.304122925, 119.791740417, 120.27936554, 120.778594971, 121.277824402, 121.765441895, 122.253059387, 122.74067688, 123.228294373, 123.727523804, 124.226753235, 124.714370728, 125.20199585, 125.689613342, 126.188842773, 126.688072205, 127.175689697, 127.66330719, 128.150924683, 128.638549805, 129.137771606, 129.637008667, 130.12461853, 130.612243652, 131.099868774, 131.587478638, 132.086715698, 132.5859375, 133.073562622, 133.572784424, 134.072021484, 134.559631348, 135.04725647, 135.534866333, 136.022491455, 136.510116577, 136.99772644, 137.496963501, 137.996185303, 138.483810425, 138.971420288, 139.45904541, 139.958267212, 140.457504272, 140.945129395, 141.432739258, 141.92036438, 142.407974243, 142.895599365, 143.394821167, 143.894058228, 144.381668091, 144.869293213, 145.356918335, 145.856140137, 146.355377197, 146.842987061, 147.330612183, 147.818222046, 148.305847168, 148.79347229, 149.292694092, 149.791931152, 150.279541016, 150.767166138, 151.254776001, 151.742401123, 152.253234863, 152.740859985, 153.228485107, 153.716094971, 154.203720093, 154.691329956, 155.190567017, 155.689788818, 156.17741394, 156.665023804, 157.164260864, 157.663482666, 158.151107788, 158.63873291, 159.126342773, 159.613967896, 160.101577759, 160.600814819, 161.100036621, 161.587661743, 162.075286865, 162.562896729, 163.050521851, 163.549743652, 164.048980713, 164.536590576, 165.024215698, 165.5234375, 166.022674561, 166.510284424, 166.997909546, 167.485534668, 167.973144531, 168.472381592, 168.971603394, 169.459228516, 169.946838379, 170.434463501, 170.922088623, 171.421310425, 171.920547485, 172.408157349, 172.895782471, 173.383392334, 173.871017456, 174.370239258, 174.869476318, 175.35710144, 175.844711304, 176.332336426, 176.819946289, 177.31918335, 177.818405151, 178.306030273, 178.793640137, 179.292877197, 179.792098999, 180.279724121, 180.767349243, 181.254959106, 181.742584229, 182.24180603, 182.741043091, 183.228652954, 183.716278076, 184.203903198, 184.691513062, 185.179138184, 185.678359985, 186.177597046, 186.665206909, 187.152832031, 187.640457153, 188.139678955, 188.638900757, 189.126525879, 189.614151001, 190.101760864, 190.589385986, 191.07699585, 191.57623291, 192.075454712, 192.563079834, 193.050704956, 193.549926758, 194.03755188, 194.536773682, 195.024398804, 195.512008667, 195.999633789, 196.498855591, 196.998092651, 197.485717773, 197.973327637, 198.460952759, 198.948562622, 199.447799683, 199.947021484, 200.434646606, 200.92225647, 201.409881592, 201.897506714, 202.396728516, 202.895965576, 203.383575439, 203.871200562, 204.358810425, 204.858047485, 205.357269287, 205.844894409, 206.332519531, 206.820129395, 207.307754517, 207.806976318, 208.306213379, 208.793823242, 209.281448364, 209.769073486, 210.268295288, 210.76751709, 211.255142212, 211.742767334, 212.230377197, 212.718002319, 213.22883606, 213.716461182, 214.204071045, 214.691696167, 215.179321289, 215.666931152, 216.166168213, 216.665390015, 217.153015137, 217.640625, 218.128250122, 218.615875244, 219.103485107, 219.602722168, 220.10194397, 220.589569092, 221.077178955, 221.564804077, 222.064025879, 222.563262939, 223.050872803, 223.538497925, 224.026123047, 224.525344849, 225.024581909, 225.512191772, 225.999816895, 226.487426758, 226.97505188, 227.47428894, 227.973510742, 228.461135864, 228.948745728, 229.43637085, 229.923980713, 230.423217773, 230.922439575, 231.410064697, 231.897689819, 232.385299683, 232.872924805, 233.360534668, 233.859771729, 234.35899353, 234.846618652, 235.334228516, 235.821853638, 236.321090698, 236.8203125, 237.307937622, 237.795547485, 238.283172607, 238.770782471, 239.270019531, 239.769241333, 240.256866455, 240.744491577, 241.243713379, 241.742950439, 242.230560303, 242.718185425, 243.205795288, 243.705032349, 244.20425415, 244.691879272, 245.179489136, 245.667114258, 246.15473938, 246.642349243, 247.141586304, 247.640808105, 248.128433228, 248.616043091, 249.103668213, 249.602905273, 250.102127075, 250.589752197, 251.077362061, 251.564987183, 252.052597046, 252.551834106, 253.03944397, 253.53868103, 254.026306152, 254.513916016, 255.001541138, 255.500762939, 256, 256.487609863, 256.975219727, 257.462860107, 257.96206665, 258.461303711, 258.948944092, 259.436553955, 259.924163818, 260.411773682, 260.911010742, 261.410247803, 261.897857666, 262.385467529, 262.87310791, 263.360717773, 263.859954834, 264.359191895, 264.846801758, 265.334411621, 265.822021484, 266.309661865, 266.808898926, 267.308105469, 267.79574585, 268.283355713, 268.770965576, 269.258575439, 269.7578125, 270.257049561, 270.744659424, 271.232299805, 271.719909668, 272.219146729, 272.718353271, 273.217590332, 273.728424072, 274.239257812, 274.75012207, 275.144836426, 275.551208496, 275.945922852, 276.340667725, 276.712188721, 277.083709717, 277.46685791, 277.89642334, 278.314361572, 278.743927002, 279.161895752, 279.568237305, 279.974609375, 280.380950928, 280.798919678, 281.240081787, 281.681274414, 282.122436523, 282.56362915, 283.00479126], "beats_loudness": {"dmean2": 0.0235821139067, "median": 0.0489512607455, "min": 0, "dvar2": 0.000382536440156, "dvar": 0.000122584839119, "dmean": 0.013506625779, "max": 0.0908081680536, "var": 0.000240180132096, "mean": 0.0478805340827}, "danceability": 1.1470707655, "bpm_histogram_second_peak_weight": {"dmean2": 0, "median": 0.0121107269078, "min": 0.0121107269078, "dvar2": 0, "dvar": 0, "dmean": 0, "max": 0.0121107269078, "var": 0, "mean": 0.0121107269078}, "beats_count": 579, "bpm_histogram_second_peak_bpm": {"dmean2": 0, "median": 117, "min": 117, "dvar2": 0, "dvar": 0, "dmean": 0, "max": 117, "var": 0, "mean": 117}, "bpm_histogram_first_peak_spread": {"dmean2": 0, "median": 0.342440783978, "min": 0.342440783978, "dvar2": 0, "dvar": 0, "dmean": 0, "max": 0.342440783978, "var": 0, "mean": 0.342440783978}, "beats_loudness_band_ratio": {"dmean2": [0.688529491425, 0.517254948616, 0.133347883821, 0.12219222635, 0.0811298489571, 0.23075017333], "median": [0.339144796133, 0.174211546779, 0.0898343771696, 0.060127697885, 0.0549752600491, 0.131351336837], "min": [0, 0, 0, 0, 0, 0], "dvar2": [0.135868951678, 0.0753524154425, 0.0188070349395, 0.0157456342131, 0.00489404983819, 0.0163748301566], "dvar": [0.0405946932733, 0.0224713943899, 0.00648945663124, 0.00587182492018, 0.00169878650922, 0.00497900461778], "dmean": [0.347990900278, 0.263025790453, 0.0778128579259, 0.0704160407186, 0.0453697256744, 0.118148311973], "max": [0.940168142319, 0.85185521841, 0.629791498184, 0.519906640053, 0.362896084785, 0.720056056976], "var": [0.0564871020615, 0.0334553942084, 0.00768027221784, 0.00796625390649, 0.00257955421694, 0.00730520440266], "mean": [0.410429149866, 0.237703368068, 0.111350618303, 0.0947153866291, 0.0662049353123, 0.126507818699]}}, "lowlevel": {"barkbands_spread": {"dmean2": 10.5694417953, "median": 32.8516921997, "min": 1.35636973381, "dvar2": 151.758010864, "dvar": 66.8877487183, "dmean": 6.75408172607, "max": 120.678916931, "var": 250.641693115, "mean": 34.8801994324}, "melbands_spread": {"dmean2": 12.5882759094, "median": 31.3656654358, "min": 1.81617236137, "dvar2": 248.811965942, "dvar": 112.119697571, "dmean": 8.0518989563, "max": 196.309829712, "var": 537.502319336, "mean": 35.4637374878}, "hfc": {"dmean2": 14.9647569656, "median": 28.3045425415, "min": 1.01712086883e-16, "dvar2": 596.935546875, "dvar": 292.301727295, "dmean": 10.6868648529, "max": 227.347946167, "var": 898.671569824, "mean": 35.49792099}, "barkbands_kurtosis": {"dmean2": 2.27800750732, "median": 0.330293655396, "min": -1.92232859135, "dvar2": 16.838218689, "dvar": 6.66990947723, "dmean": 1.42489826679, "max": 42.9900054932, "var": 16.1315574646, "mean": 1.63696277142}, "gfcc": {"mean": [39.5232582092, 59.4527015686, -100.680381775, 32.2362327576, -53.9208297729, 16.320646286, -33.7405662537, 9.97959041595, -20.5228862762, 2.02265715599, -14.7354478836, 1.09904849529, -10.5298471451], "icov": [[0.000106178835267, -2.45464361797e-05, 0.000163679927937, -8.43166199047e-05, 0.0002646704379, -0.000353222305421, 0.000349018926499, -0.000381960126106, 0.00024061158183, -0.000334384647431, 0.000466683821287, -0.000401253142627, 0.000351764960214], [-2.45464361797e-05, 0.00163155095652, 0.000705057289451, -0.000399648066377, -0.000783392111771, 0.00078903400572, -0.000353114621248, 7.66382436268e-05, -0.000444835342932, 0.00108434876893, -0.00181040400639, 0.000443634780822, -0.000369359127944], [0.000163679927937, 0.000705057289451, 0.00223344448023, -0.000394896982471, -0.00020258272707, -0.000351815251634, -3.0042945582e-05, 6.22793013463e-05, -0.000377062213374, -0.000444073491963, 0.000468313577585, -0.0015486846678, 0.00135657878127], [-8.43166199047e-05, -0.000399648066377, -0.000394896982471, 0.00448385765776, -0.000350548099959, 2.83943372779e-05, 0.00144680554513, -0.000578282109927, 0.000265041715465, -0.000490297563374, 0.000264707166934, 0.000239968096139, -0.000387783104088], [0.0002646704379, -0.000783392111771, -0.00020258272707, -0.000350548099959, 0.00631846208125, -0.000152591048391, -0.00156732054893, 1.79101753019e-05, -0.000613934302237, -0.00199730414897, 0.00126393407118, -0.00132251577452, -0.0003019386495], [-0.000353222305421, 0.00078903400572, -0.000351815251634, 2.83943372779e-05, -0.000152591048391, 0.00851331930608, -0.00507468357682, 0.00209457054734, -0.000428834027844, 5.89252522332e-05, -0.00146451801993, 0.0017066943692, -0.000208590936381], [0.000349018926499, -0.000353114621248, -3.0042945582e-05, 0.00144680554513, -0.00156732054893, -0.00507468357682, 0.0128087960184, -0.0052515710704, 0.00174993032124, 0.00214919121936, -0.00156708015129, -0.000994962756522, 0.00166916160379], [-0.000381960126106, 7.66382436268e-05, 6.22793013463e-05, -0.000578282109927, 1.79101753019e-05, 0.00209457054734, -0.0052515710704, 0.0152529366314, -0.00357268447988, -0.00226302351803, 0.000233970669797, 0.000296665326459, -0.000523717026226], [0.00024061158183, -0.000444835342932, -0.000377062213374, 0.000265041715465, -0.000613934302237, -0.000428834027844, 0.00174993032124, -0.00357268447988, 0.0132320942357, -0.00566084915772, 0.00088322837837, 0.000762126466725, -0.00117515632883], [-0.000334384647431, 0.00108434876893, -0.000444073491963, -0.000490297563374, -0.00199730414897, 5.89252522332e-05, 0.00214919121936, -0.00226302351803, -0.00566084915772, 0.0200222115964, -0.00742822140455, 0.00210010469891, 0.00172514060978], [0.000466683821287, -0.00181040400639, 0.000468313577585, 0.000264707166934, 0.00126393407118, -0.00146451801993, -0.00156708015129, 0.000233970669797, 0.00088322837837, -0.00742822140455, 0.0243005305529, -0.0102475732565, 0.00275369780138], [-0.000401253142627, 0.000443634780822, -0.0015486846678, 0.000239968096139, -0.00132251577452, 0.0017066943692, -0.000994962756522, 0.000296665326459, 0.000762126466725, 0.00210010469891, -0.0102475732565, 0.026731621474, -0.0103352088481], [0.000351764960214, -0.000369359127944, 0.00135657878127, -0.000387783104088, -0.0003019386495, -0.000208590936381, 0.00166916160379, -0.000523717026226, -0.00117515632883, 0.00172514060978, 0.00275369780138, -0.0103352088481, 0.0222409889102]], "cov": [[21102.828125, -435.592010498, -1212.12561035, 396.640014648, -991.554992676, 434.114227295, -470.346801758, 297.440826416, -247.850540161, 186.720932007, -309.279174805, -69.7904968262, -248.953369141], [-435.592010498, 958.706054688, -298.676177979, 51.3418807983, 116.654624939, -99.5732040405, 15.2539196014, 6.40109729767, 18.5223331451, -29.3208503723, 66.2344818115, 16.7505455017, 44.4154510498], [-1212.12561035, -298.676177979, 676.223266602, -1.75096893311, 57.3222846985, 29.354549408, 36.4423294067, -13.5268068314, 32.518371582, 22.0062122345, 5.577647686, 19.9978961945, -20.4519844055], [396.640014648, 51.3418807983, -1.75096893311, 253.109359741, -2.09591269493, -20.2044639587, -46.6535224915, 9.31305503845, 4.20482254028, 14.3735151291, -7.19335412979, -1.13000190258, 2.0746948719], [-991.554992676, 116.654624939, 57.3222846985, -2.09591269493, 234.173904419, -12.8256378174, 50.5215873718, 2.27280497551, 31.9768829346, 11.1591625214, 23.4626064301, 15.072974205, 18.330991745], [434.114227295, -99.5732040405, 29.354549408, -20.2044639587, -12.8256378174, 182.678588867, 63.2273674011, 4.614839077, -11.3501501083, 3.89711093903, 0.426762372255, -6.64709949493, -17.8033466339], [-470.346801758, 15.2539196014, 36.4423294067, -46.6535224915, 50.5215873718, 63.2273674011, 143.323684692, 23.8130912781, -3.71389889717, -10.873623848, 19.9184684753, 6.08921957016, -3.24988222122], [297.440826416, 6.40109729767, -13.5268068314, 9.31305503845, 2.27280497551, 4.614839077, 23.8130912781, 89.2222213745, 23.4533939362, 19.7430324554, 1.40505325794, 0.119316913188, -3.63334560394], [-247.850540161, 18.5223331451, 32.518371582, 4.20482254028, 31.9768829346, -11.3501501083, -3.71389889717, 23.4533939362, 104.013290405, 34.1461982727, 8.42055797577, -0.79445540905, 4.9116191864], [186.720932007, -29.3208503723, 22.0062122345, 14.3735151291, 11.1591625214, 3.89711093903, -10.873623848, 19.7430324554, 34.1461982727, 76.1744689941, 15.2598009109, -0.603308558464, -9.33681583405], [-309.279174805, 66.2344818115, 5.577647686, -7.19335412979, 23.4626064301, 0.426762372255, 19.9184684753, 1.40505325794, 8.42055797577, 15.2598009109, 65.1854400635, 22.3632049561, 5.96922540665], [-69.7904968262, 16.7505455017, 19.9978961945, -1.13000190258, 15.072974205, -6.64709949493, 6.08921957016, 0.119316913188, -0.79445540905, -0.603308558464, 22.3632049561, 56.2650642395, 23.2125453949], [-248.953369141, 44.4154510498, -20.4519844055, 2.0746948719, 18.330991745, -17.8033466339, -3.24988222122, -3.63334560394, 4.9116191864, -9.33681583405, 5.96922540665, 23.2125453949, 62.192325592]]}, "spectral_energyband_middle_low": {"dmean2": 0.00723051978275, "median": 0.00909481476992, "min": 1.23628905293e-22, "dvar2": 0.000113355934445, "dvar": 4.52780041087e-05, "dmean": 0.00450543127954, "max": 0.0695165321231, "var": 7.95886735432e-05, "mean": 0.0112638752908}, "melbands_crest": {"dmean2": 4.57625150681, "median": 10.7478227615, "min": 1.66048908234, "dvar2": 23.5191783905, "dvar": 9.39627838135, "dmean": 2.81076431274, "max": 31.7381763458, "var": 20.6794757843, "mean": 11.5999107361}, "spectral_kurtosis": {"dmean2": 1.13640630245, "median": 2.56435918808, "min": -1.28961133957, "dvar2": 4.14227724075, "dvar": 1.59860646725, "dmean": 0.70532310009, "max": 48.3212013245, "var": 9.38863372803, "mean": 2.97051143646}, "spectral_rms": {"dmean2": 0.00116641493514, "median": 0.00498159183189, "min": 3.08136545793e-12, "dvar2": 2.70100599664e-06, "dvar": 1.19386061215e-06, "dmean": 0.000774055661168, "max": 0.012162678875, "var": 3.07977779812e-06, "mean": 0.00502718938515}, "zerocrossingrate": {"dmean2": 0.0161822475493, "median": 0.0849609375, "min": 0.0107421875, "dvar2": 0.00032576956437, "dvar": 0.000238313456066, "dmean": 0.0135467462242, "max": 0.5302734375, "var": 0.00353779271245, "mean": 0.0965357795358}, "silence_rate_60dB": {"dmean2": 0.00818799622357, "median": 0, "min": 0, "dvar2": 0.00910509750247, "dvar": 0.00407555978745, "dmean": 0.00409366283566, "max": 1, "var": 0.0377487540245, "mean": 0.0392959490418}, "erbbands_kurtosis": {"dmean2": 0.856179893017, "median": -0.449877262115, "min": -1.70897758007, "dvar2": 1.44850611687, "dvar": 0.645993292332, "dmean": 0.547819256783, "max": 16.847234726, "var": 2.12706851959, "mean": -0.0393391400576}, "erbbands": {"dmean2": [0.212222695351, 1.56493341923, 3.43287754059, 4.14897584915, 10.1521911621, 19.4817867279, 10.374004364, 8.12991046906, 13.6461925507, 20.1453361511, 31.2631187439, 23.5896205902, 33.9425201416, 33.1422309875, 27.0806522369, 28.6176891327, 23.4043521881, 33.8694877625, 23.6104297638, 26.515581131, 22.1637897491, 28.0372447968, 17.7727775574, 15.4502067566, 17.6004905701, 13.9473848343, 13.0445146561, 9.77073860168, 11.6040859222, 10.9213218689, 9.13756561279, 6.82445526123, 3.99591970444, 2.80076265335, 1.36149346828, 1.12885093689, 0.241719812155, 0.0492978170514, 0.00677247298881, 0.000912934017833], "median": [0.115508541465, 0.846905648708, 1.27844297886, 2.31407308578, 6.11795806885, 6.87755680084, 6.12825107574, 6.23141670227, 9.07049560547, 11.7884902954, 14.6995887756, 12.3460350037, 17.0663433075, 12.4184589386, 14.0633468628, 15.4195671082, 14.7871637344, 17.9517803192, 16.0761966705, 17.5335483551, 18.608543396, 24.1437892914, 16.2709255219, 13.3433084488, 17.1204395294, 14.242647171, 12.2135047913, 8.56850910187, 7.52318286896, 6.53838300705, 4.77825307846, 4.12320613861, 2.86622333527, 1.4174053669, 0.634576380253, 0.304548919201, 0.0758323445916, 0.0138443456963, 0.00188082782552, 0.000142948105349], "min": [7.92232370512e-23, 2.97039300839e-22, 2.70782864567e-21, 6.61583254446e-21, 1.08056905629e-20, 1.71237292012e-20, 5.50280480784e-20, 7.36541715321e-20, 1.38700714535e-19, 1.01771048679e-19, 1.38564527002e-19, 3.59027741163e-19, 4.77887830772e-19, 6.78004379343e-19, 7.06308742146e-19, 1.1884895886e-18, 9.43203446812e-19, 1.27982956017e-18, 2.16953923677e-18, 2.87151365591e-18, 2.85851885528e-18, 5.07433078231e-18, 5.00285989584e-18, 5.76533885447e-18, 7.11472520518e-18, 9.00617459181e-18, 9.35464510437e-18, 9.35360864706e-18, 9.1488367777e-18, 1.15298348119e-17, 1.19292381435e-17, 8.76008339649e-18, 9.68262635315e-18, 7.29556591223e-18, 6.22395260149e-18, 4.22369587708e-18, 2.17265998243e-18, 9.333779887e-19, 2.25987992247e-19, 2.80541374363e-20], "dvar2": [0.271794229746, 19.5097312927, 93.401802063, 72.0017623901, 223.994781494, 1813.51477051, 384.927368164, 215.478363037, 775.709716797, 1413.64221191, 3837.42236328, 1999.83215332, 3966.91650391, 7229.91113281, 2755.23876953, 4041.42626953, 1687.4666748, 3950.20605469, 1721.08410645, 2766.50708008, 1330.97424316, 2170.27612305, 779.467285156, 718.721435547, 648.14642334, 482.284820557, 400.524963379, 332.169555664, 517.801147461, 494.461395264, 414.913421631, 195.375549316, 50.1786346436, 27.4468898773, 8.33570384979, 14.6695461273, 0.206207811832, 0.00939591880888, 0.000179474445758, 1.17119489005e-05], "dvar": [0.10901684314, 7.11804676056, 32.3307533264, 25.8048343658, 82.6384658813, 678.972839355, 167.090698242, 88.0205993652, 325.742004395, 593.562316895, 1501.54345703, 798.25201416, 1650.80639648, 2956.09790039, 1112.74621582, 1646.04125977, 706.299804688, 1505.33129883, 718.692382812, 1063.82458496, 529.448974609, 837.378601074, 298.315460205, 272.531280518, 268.498077393, 185.567108154, 156.829116821, 164.275894165, 268.344390869, 239.657028198, 206.989486694, 95.5263290405, 26.2029247284, 14.1036787033, 3.96810054779, 6.1043715477, 0.09338683635, 0.00432768883184, 8.02009963081e-05, 4.84690599478e-06], "dmean": [0.126283690333, 0.902869462967, 1.87342965603, 2.4011592865, 6.00484800339, 11.4482774734, 6.56014680862, 5.1442527771, 8.8221950531, 13.0038938522, 19.3142127991, 14.7652206421, 21.4450511932, 21.4789848328, 17.0171394348, 18.0099582672, 14.8806610107, 20.8887405396, 14.9538526535, 16.42669487, 13.7323360443, 17.1053905487, 10.8786115646, 9.34857463837, 10.9304790497, 8.49748325348, 7.8757724762, 6.58314990997, 7.82229137421, 7.27331733704, 6.10739040375, 4.67475557327, 2.86021876335, 1.96361887455, 0.946592628956, 0.74636220932, 0.165713191032, 0.0332771427929, 0.00454951869324, 0.000589836738072], "max": [3.39146399498, 24.0730037689, 54.4185409546, 65.7963943481, 143.560043335, 318.033691406, 310.763763428, 157.038452148, 426.795806885, 579.605773926, 665.121459961, 600.47265625, 931.320373535, 1219.01000977, 859.15802002, 1096.09240723, 515.377380371, 1201.10058594, 697.627807617, 957.018798828, 566.143676758, 731.995422363, 418.743255615, 556.126647949, 333.279693604, 174.491210938, 241.474502563, 406.66192627, 422.682861328, 355.606964111, 323.867889404, 203.291870117, 146.858032227, 68.1857223511, 30.1966247559, 33.4161872864, 6.20682048798, 2.60555720329, 0.246347501874, 0.0285354200751], "var": [0.0968761071563, 4.94409894943, 20.0012321472, 24.0509338379, 105.010643005, 652.606018066, 439.60244751, 211.277053833, 877.179748535, 1490.33203125, 2340.19189453, 1541.49353027, 3869.04858398, 9012.98632812, 3435.40771484, 3908.08032227, 1606.20812988, 4551.35400391, 2102.3503418, 2704.39111328, 1516.76696777, 2545.84765625, 910.035461426, 793.566589355, 929.904296875, 399.646087646, 373.301116943, 551.755737305, 778.811157227, 619.376464844, 485.070068359, 243.759796143, 81.1648254395, 31.4824810028, 6.61440992355, 6.54812908173, 0.149859577417, 0.00763185415417, 0.000147676357301, 5.1112760957e-06], "mean": [0.192620262504, 1.27190649509, 2.35259127617, 3.58810210228, 9.03510189056, 14.8976697922, 12.5260877609, 11.0800819397, 18.6290302277, 24.76770401, 31.3371524811, 25.0997390747, 37.6156387329, 43.2396087646, 34.3899345398, 33.7557144165, 28.3037166595, 41.8648872375, 32.1977920532, 33.8455505371, 31.4167842865, 39.5594673157, 26.1313266754, 22.3996009827, 26.5070228577, 19.8294658661, 17.977142334, 15.0375757217, 16.8466148376, 15.3211393356, 12.1196956635, 9.83771896362, 6.40805435181, 3.68874263763, 1.54253387451, 0.932237744331, 0.225769460201, 0.0431534796953, 0.00621566921473, 0.000667988089845]}, "spectral_strongpeak": {"dmean2": 0.920165657997, "median": 0.324905455112, "min": 0, "dvar2": 2.13602876663, "dvar": 0.833799779415, "dmean": 0.530192553997, "max": 9.94870662689, "var": 1.33362340927, "mean": 0.84453189373}, "spectral_energy": {"dmean2": 0.015202363953, "median": 0.0254366640002, "min": 9.73218380347e-21, "dvar2": 0.000641177059151, "dvar": 0.000263335969066, "dmean": 0.00973892305046, "max": 0.151629030704, "var": 0.000380933051929, "mean": 0.029061216861}, "average_loudness": 0.938477575779, "spectral_rolloff": {"dmean2": 1171.00219727, "median": 1873.38867188, "min": 21.533203125, "dvar2": 2759275.5, "dvar": 1234213.625, "dmean": 717.259277344, "max": 19638.28125, "var": 6227906, "mean": 2473.18847656}, "spectral_centroid": {"dmean2": 378.6796875, "median": 1693.75195312, "min": 278.925354004, "dvar2": 176371.046875, "dvar": 79048.9296875, "dmean": 238.854934692, "max": 11711.9267578, "var": 1283445, "mean": 1821.30102539}, "pitch_salience": {"dmean2": 0.0977857559919, "median": 0.592676222324, "min": 0.19961309433, "dvar2": 0.00943587347865, "dvar": 0.00349548505619, "dmean": 0.0594053976238, "max": 0.907849490643, "var": 0.00796807743609, "mean": 0.586222529411}, "spectral_energyband_middle_high": {"dmean2": 0.00282507576048, "median": 0.00531656574458, "min": 1.12339568627e-21, "dvar2": 1.43702136484e-05, "dvar": 5.92811602473e-06, "dmean": 0.00182987691369, "max": 0.0504100620747, "var": 4.26101287303e-05, "mean": 0.00724951690063}, "spectral_contrast_coeffs": {"dmean2": [0.0785206183791, 0.0700569227338, 0.0589400008321, 0.0474297702312, 0.0321253947914, 0.0263509396464], "median": [-0.685604035854, -0.74367249012, -0.769746541977, -0.77242064476, -0.793699383736, -0.772928476334], "min": [-0.980950832367, -0.979541420937, -0.98443210125, -0.980375349522, -0.978162050247, -0.965261280537], "dvar2": [0.00474419537932, 0.00314172380604, 0.00209570117295, 0.00139186799061, 0.000642930739559, 0.000565312046092], "dvar": [0.00186089682393, 0.00118460180238, 0.000816175481305, 0.000563242589124, 0.000252302357694, 0.000243390881224], "dmean": [0.0473695322871, 0.0423272401094, 0.0364339724183, 0.0292210876942, 0.0195275451988, 0.0167310703546], "max": [-0.313025772572, -0.498588234186, -0.509369730949, -0.566806018353, -0.63291913271, -0.605062246323], "var": [0.00637896452099, 0.00449562817812, 0.00479748938233, 0.00334611255676, 0.00144351262134, 0.00145149312448], "mean": [-0.677206456661, -0.739980459213, -0.761075258255, -0.769143760204, -0.790880680084, -0.771042346954]}, "melbands_skewness": {"dmean2": 0.900167286396, "median": 2.24911355972, "min": -1.24732983112, "dvar2": 1.2364231348, "dvar": 0.53964650631, "dmean": 0.575892150402, "max": 13.9815807343, "var": 1.98615944386, "mean": 2.44695997238}, "spectral_spread": {"dmean2": 812141, "median": 5709195, "min": 1515971.125, "dvar2": 1221474254850.0, "dvar": 618075652096, "dmean": 572868.625, "max": 43633548, "var": 15278309113900.0, "mean": 6124297.5}, "dissonance": {"dmean2": 0.0224867332727, "median": 0.479224681854, "min": 0.29165661335, "dvar2": 0.000519418390468, "dvar": 0.000187156183529, "dmean": 0.0133021194488, "max": 0.500000119209, "var": 0.000524595845491, "mean": 0.473191529512}, "spectral_skewness": {"dmean2": 0.195065557957, "median": 1.28287351131, "min": -0.0713036432862, "dvar2": 0.0452710241079, "dvar": 0.0196970123798, "dmean": 0.125677600503, "max": 5.34741258621, "var": 0.166543573141, "mean": 1.30499219894}, "spectral_flux": {"dmean2": 0.0357367172837, "median": 0.0801205337048, "min": 6.39201261365e-11, "dvar2": 0.00198623747565, "dvar": 0.00110019871499, "dmean": 0.0243235211819, "max": 0.329190194607, "var": 0.00261404458433, "mean": 0.0883352160454}, "spectral_contrast_valleys": {"dmean2": [0.509905934334, 0.529610574245, 0.481644690037, 0.403270572424, 0.30749681592, 0.344942748547], "median": [-6.6317615509, -6.45925664902, -7.00356006622, -7.29195308685, -6.8720331192, -9.10711479187], "min": [-28.1378955841, -28.2208137512, -27.6696166992, -27.540019989, -27.5756645203, -27.4476642609], "dvar2": [0.240062534809, 0.208177134395, 0.18494066596, 0.14662989974, 0.123469375074, 0.216601505876], "dvar": [0.111509539187, 0.0930525064468, 0.0901874452829, 0.0755622386932, 0.0703724175692, 0.129981219769], "dmean": [0.311012238264, 0.323595225811, 0.301978200674, 0.256590396166, 0.201633378863, 0.271020948887], "max": [-4.93199110031, -4.82456874847, -5.28419160843, -5.69790506363, -5.55806779861, -7.28889846802], "var": [5.22353219986, 5.20225048065, 5.0572552681, 4.98917102814, 5.17646789551, 4.67590427399], "mean": [-6.98990869522, -6.77411746979, -7.33069372177, -7.6370139122, -7.25244379044, -9.42105293274]}, "erbbands_flatness_db": {"dmean2": 0.0186025723815, "median": 0.108796909451, "min": 0.0332592055202, "dvar2": 0.000329299480654, "dvar": 0.000179534414201, "dmean": 0.0130647467449, "max": 0.325576484203, "var": 0.00121548352763, "mean": 0.111445389688}, "spectral_energyband_high": {"dmean2": 0.00132973247673, "median": 0.00131866172887, "min": 7.05340947292e-21, "dvar2": 5.81445056014e-06, "dvar": 3.07753202833e-06, "dmean": 0.000964201055467, "max": 0.0267168134451, "var": 9.34592026169e-06, "mean": 0.0024305593688}, "spectral_entropy": {"dmean2": 0.165869519114, "median": 7.98296976089, "min": 4.99526262283, "dvar2": 0.0297815557569, "dvar": 0.0150262340903, "dmean": 0.112104810774, "max": 9.82611274719, "var": 0.188136786222, "mean": 7.96615409851}, "silence_rate_20dB": {"dmean2": 0, "median": 1, "min": 1, "dvar2": 0, "dvar": 0, "dmean": 0, "max": 1, "var": 0, "mean": 1}, "melbands_flatness_db": {"dmean2": 0.0304106045514, "median": 0.136976227164, "min": 0.00292804767378, "dvar2": 0.00118456967175, "dvar": 0.000475728273159, "dmean": 0.0193439684808, "max": 0.467824429274, "var": 0.00320833874866, "mean": 0.144612953067}, "barkbands": {"dmean2": [0.000483069539769, 0.00660955021158, 0.00294279539958, 0.00148929865099, 0.00458335084841, 0.0010486372048, 0.00101445498876, 0.00139679794665, 0.0011362786172, 0.00110552320257, 0.000858858868014, 0.000662326638121, 0.000516984029673, 0.000681617122609, 0.000556721817702, 0.000416823662817, 0.000589342438616, 0.00028730291524, 0.000342912768247, 0.000297868507914, 0.000259193271631, 0.00031842928729, 0.000358060700819, 0.000255545368418, 0.000209751888178, 0.000189647165826, 5.61057750019e-05], "median": [5.5414486269e-05, 0.00407004496083, 0.00127403484657, 0.000684524071403, 0.00254804221913, 0.000799035129603, 0.000527675903868, 0.000731233798433, 0.000453898304841, 0.000507402117364, 0.000318020465784, 0.000308134505758, 0.000266740476945, 0.000338146608556, 0.00028652488254, 0.000282034103293, 0.000454454217106, 0.000230072604609, 0.000316515681334, 0.000300247804262, 0.00025638245279, 0.000213023216929, 0.000182539544767, 0.00018450418429, 0.000107284424303, 5.26143339812e-05, 1.15906150313e-05], "min": [3.02278753847e-25