{"tonal": {"thpcp": [1, 0.740886271, 0.444910019636, 0.309130758047, 0.218110918999, 0.270819723606, 0.31894877553, 0.225705698133, 0.141057536006, 0.12237740308, 0.16925765574, 0.278712928295, 0.336731046438, 0.337415397167, 0.486911058426, 0.651037752628, 0.470737069845, 0.222724810243, 0.151018470526, 0.18507656455, 0.401908695698, 0.562668502331, 0.418349981308, 0.221727058291, 0.166317671537, 0.20500485599, 0.331280231476, 0.435000181198, 0.380737066269, 0.296700239182, 0.275525897741, 0.236394494772, 0.215971067548, 0.241705223918, 0.363954544067, 0.74863910675], "hpcp": {"dmean2": [0.0898604989052, 0.12031468004, 0.16899548471, 0.174044653773, 0.201815277338, 0.235153317451, 0.223537027836, 0.21614767611, 0.144135609269, 0.104807838798, 0.122324988246, 0.196201041341, 0.199405029416, 0.193648010492, 0.133765548468, 0.111136361957, 0.133609414101, 0.178465902805, 0.194539755583, 0.188620582223, 0.156978845596, 0.132875084877, 0.115780115128, 0.12215949595, 0.144607543945, 0.216155469418, 0.337172180414, 0.353255838156, 0.307632178068, 0.241289436817, 0.175893843174, 0.134983092546, 0.134499922395, 0.12704077363, 0.110394217074, 0.0906582176685], "median": [0.00896712671965, 0.0128672197461, 0.0239781010896, 0.0325311422348, 0.0387125276029, 0.0530013479292, 0.0521784648299, 0.0356778725982, 0.013790609315, 0.00894254911691, 0.0154466982931, 0.0314375050366, 0.0473192408681, 0.0383079200983, 0.0185182094574, 0.0102129094303, 0.0140216555446, 0.0264335069805, 0.0322432853281, 0.030852124095, 0.0219166763127, 0.014814902097, 0.0136191407219, 0.0181152839214, 0.0261213369668, 0.0503277480602, 0.162172630429, 0.226368904114, 0.134223654866, 0.0445215627551, 0.0210000686347, 0.0175949949771, 0.0187010858208, 0.0195933375508, 0.0173844601959, 0.010552700609], "min": [0, 0, 0, 0, 0, 0, 0, 0, 0, 0, 0, 0, 0, 0, 0, 0, 0, 0, 0, 0, 0, 0, 0, 0, 0, 0, 0, 0, 0, 0, 0, 0, 0, 0, 0, 0], "dvar2": [0.037509098649, 0.0550099350512, 0.0797692090273, 0.0755669102073, 0.0943130627275, 0.101123191416, 0.098887719214, 0.096088051796, 0.0626216083765, 0.0428597703576, 0.0489961504936, 0.0902793481946, 0.0862185955048, 0.0880227684975, 0.0575774908066, 0.0504289455712, 0.0573996976018, 0.0858991295099, 0.0975874438882, 0.0901803970337, 0.0722429603338, 0.0644447952509, 0.0506536886096, 0.0541278459132, 0.0625026971102, 0.0847138538957, 0.122643835843, 0.138798937201, 0.118058428168, 0.113983787596, 0.0862752497196, 0.0602574646473, 0.0590228773654, 0.0564156286418, 0.0476265586913, 0.0369855947793], "dvar": [0.0132981911302, 0.0205547977239, 0.0307310596108, 0.0290636755526, 0.0337504930794, 0.03782485798, 0.0405698157847, 0.036235243082, 0.0233461651951, 0.0159418936819, 0.0176994539797, 0.0336625687778, 0.035157661885, 0.0340176820755, 0.0215460881591, 0.0181020125747, 0.021527197212, 0.0320922620595, 0.0360649935901, 0.0335320606828, 0.0276600066572, 0.0254053846002, 0.0207823961973, 0.0196568015963, 0.0234713293612, 0.0327237509191, 0.0486039668322, 0.056331731379, 0.0439044237137, 0.0414794720709, 0.0323000997305, 0.0220950469375, 0.0230005420744, 0.0226737223566, 0.0174760892987, 0.012754782103], "dmean": [0.0498490184546, 0.06883161515, 0.0970529764891, 0.100820302963, 0.114717647433, 0.135907873511, 0.130673468113, 0.126829206944, 0.0812731385231, 0.0587042756379, 0.0697901695967, 0.115129597485, 0.117963843048, 0.113054580986, 0.0764983445406, 0.0624588392675, 0.0769784376025, 0.104201778769, 0.113702997565, 0.108701020479, 0.0891845971346, 0.0775534063578, 0.0677091777325, 0.0702607631683, 0.0822145864367, 0.124625369906, 0.198272168636, 0.203982099891, 0.180105134845, 0.134944021702, 0.0991721600294, 0.0776041895151, 0.0783045440912, 0.0747768878937, 0.0629965886474, 0.0509010627866], "max": [1, 1, 1, 1, 1, 1, 1, 1, 1, 1, 1, 1, 1, 1, 1, 1, 1, 1, 1, 1, 1, 1, 1, 1, 1, 1, 1, 1, 1, 1, 1, 1, 1, 1, 1, 1], "var": [0.013462969102, 0.0207548551261, 0.0399053506553, 0.0502428002656, 0.0424480289221, 0.0679489001632, 0.11637570709, 0.0725007131696, 0.0292050540447, 0.0175711903721, 0.0209523551166, 0.0602422952652, 0.099169023335, 0.0631270259619, 0.027313824743, 0.0207838434726, 0.0254399944097, 0.0486973263323, 0.0714802369475, 0.05896672979, 0.0466565340757, 0.0465818084776, 0.0378103144467, 0.0280307438225, 0.0301177781075, 0.0429610945284, 0.0856053605676, 0.130068257451, 0.093895457685, 0.0693574175239, 0.0499910674989, 0.0276791695505, 0.0413903482258, 0.0589342974126, 0.0331709831953, 0.0166216529906], "mean": [0.0455926582217, 0.0630582645535, 0.103836685419, 0.125451788306, 0.125706747174, 0.181402519345, 0.242549195886, 0.175376772881, 0.0829778686166, 0.0562631115317, 0.0689517185092, 0.149734228849, 0.209626555443, 0.155859559774, 0.0826061517, 0.0619629472494, 0.0763761624694, 0.123421043158, 0.162062719464, 0.141846567392, 0.110537990928, 0.102649323642, 0.0880706161261, 0.0804617106915, 0.0900491699576, 0.135594114661, 0.278911352158, 0.37255781889, 0.276022970676, 0.165754705667, 0.115169085562, 0.0812589302659, 0.100896008313, 0.118826858699, 0.084088422358, 0.0525520890951]}, "tuning_equal_tempered_deviation": 0.0305941700935, "chords_changes_rate": 0.0789754539728, "key_key": "B", "tuning_diatonic_strength": 0.810674369335, "key_scale": "major", "chords_number_rate": 0.005336179398, "tuning_frequency": 436.708374023, "tuning_nontempered_energy_ratio": 0.791382849216, "chords_histogram": [39.4521522522, 3.45072937012, 23.5147628784, 3.4863038063, 1.88545000553, 2.63251519203, 0.177872642875, 0.818214178085, 1.60085380077, 1.74315190315, 1.81430101395, 0.498043388128, 0.498043388128, 0, 0.106723584235, 0.924937725067, 0, 7.18605470657, 0.28459623456, 2.24119520187, 1.17395949364, 1.70757734776, 1.84987545013, 2.95268583298], "key_strength": 0.880052566528, "chords_key": "B", "chords_strength": {"dmean2": 0.0120509704575, "median": 0.574759423733, "min": -1, "dvar2": 0.00158380111679, "dvar": 0.000796597974841, "dmean": 0.0126912724227, "max": 0.872874319553, "var": 0.0341981835663, "mean": 0.556098818779}, "chords_scale": "major", "hpcp_entropy": {"dmean2": 1.12013149261, "median": 1.79197692871, "min": 0, "dvar2": 0.820964932442, "dvar": 0.283472746611, "dmean": 0.657806575298, "max": 4.45613861084, "var": 0.643916070461, "mean": 1.76800382137}}, "metadata": {"audio_properties": {"equal_loudness": 0, "codec": "mp3", "downmix": "mix", "sample_rate": 44100, "analysis_sample_rate": 44100, "bit_rate": 160032, "md5_encoded": "fbc626a679d34190c5e59678a836210b", "length": 130.455505371, "replay_gain": -8.34973907471, "lossless": false}, "version": {"essentia_build_sha": "70f2e5ece6736b2c40cc944ad0e695b16b925413", "essentia": "2.1-beta2", "extractor": "music 1.0", "essentia_git_sha": "v2.1_beta2"}, "tags": {"title": ["La donna e mobile"], "albumartist": ["The Three Tenors"], "date": ["2008"], "file_name": "Jos\u00e9 Carreras - La Dona E Mobile.mp3", "musicbrainz_releasegroupid": ["172db136-6e16-3afd-b8a5-417095d55a88"], "musicbrainz album type": ["album/live"], "musicbrainz_recordingid": ["01702d2c-5d7c-483f-bc55-5b2a152df92d"], "encoding": ["Lavf56.36.100"], "musicbrainz_artistid": ["7716ddac-2f24-44fa-81b1-bfa920811445"], "musicbrainz_albumartistid": ["986ff361-7c8d-4662-8bfc-5a01da5f09ed"], "musicbrainz_albumid": ["be6177d4-74ff-4b32-9d08-fc893c140cf0"], "artist": ["Jos\u00e9 Carreras"], "tracknumber": ["16/19"], "artistsort": ["Carreras, Jos\u00e9"], "album": ["Three Tenors (Live)"], "albumartistsort": ["Three Tenors, The"], "discnumber": ["1/1"], "script": ["Latn"], "musicbrainz album status": ["official"]}}, "rhythm": {"bpm_histogram_first_peak_bpm": {"dmean2": 0, "median": 144, "min": 144, "dvar2": 0, "dvar": 0, "dmean": 0, "max": 144, "var": 0, "mean": 144}, "bpm": 143.982513428, "bpm_histogram_second_peak_spread": {"dmean2": 0, "median": 0, "min": 0, "dvar2": 0, "dvar": 0, "dmean": 0, "max": 0, "var": 0, "mean": 0}, "bpm_histogram_first_peak_weight": {"dmean2": 0, "median": 0.234920635819, "min": 0.234920635819, "dvar2": 0, "dvar": 0, "dmean": 0, "max": 0.234920635819, "var": 0, "mean": 0.234920635819}, "onset_rate": 2.09238815308, "beats_position": [0.371519267559, 0.754648506641, 1.13777780533, 1.53251695633, 1.93886613846, 2.33360528946, 2.72834467888, 3.13469386101, 3.52943301201, 3.92417216301, 4.33052158356, 4.72526073456, 5.11999988556, 5.51473903656, 5.90947818756, 6.33904743195, 6.7570066452, 7.17496585846, 7.59292507172, 8.0224943161, 8.45206356049, 8.88163280487, 9.31120204926, 9.74077033997, 10.1587295532, 10.5766887665, 10.9946479797, 11.4242172241, 11.8421764374, 12.2601356506, 12.6780948639, 13.0960540771, 13.5140132904, 13.9319725037, 14.3499317169, 14.7678909302, 15.1858501434, 15.6038093567, 16.0217685699, 16.4397277832, 16.8576869965, 17.2872562408, 17.7052154541, 18.1463947296, 18.5875740051, 19.0287532806, 19.4467124939, 19.8646717072, 20.2826309204, 20.7005901337, 21.1185474396, 21.5365066528, 21.9544658661, 22.3724250793, 22.7903842926, 23.2083435059, 23.6263027191, 24.0442619324, 24.4622211456, 24.8801803589, 25.3097496033, 25.7393188477, 26.168888092, 26.5868473053, 27.0048065186, 27.4227657318, 27.8523349762, 28.2819042206, 28.711473465, 29.1410427094, 29.5706119537, 29.9769611359, 30.383310318, 30.7896595001, 31.2192287445, 31.6487979889, 32.0667572021, 32.4847145081, 32.8910636902, 33.2974128723, 33.7037620544, 34.1101112366, 34.5164604187, 34.9228096008, 35.329158783, 35.7355079651, 36.1302490234, 36.5365982056, 36.9429473877, 37.3609046936, 37.7788658142, 38.2084350586, 38.7773246765, 39.3462142944, 39.9151000977, 40.4956016541, 41.0760993958, 41.6565971375, 42.2370948792, 42.8175964355, 43.3980941772, 43.9785919189, 44.5707015991, 45.011882782, 45.4414520264, 45.8826293945, 46.3121986389, 46.7417678833, 47.1597251892, 47.5776863098, 47.9840354919, 48.3903846741, 48.7967338562, 49.2030830383, 49.6094322205, 50.0157814026, 50.4221305847, 50.8284797668, 51.234828949, 51.6411781311, 52.0359191895, 52.4190483093, 52.8021774292, 53.1853065491, 53.5800437927, 53.9863929749, 54.392742157, 54.7990913391, 55.2054405212, 55.6001815796, 56.0065307617, 56.4128799438, 56.8076171875, 57.2139663696, 57.608707428, 58.0034446716, 58.39818573, 58.7929229736, 59.187664032, 59.5824012756, 59.977142334, 60.3718795776, 60.7550086975, 61.1613578796, 61.5677070618, 61.9624481201, 62.3687973022, 62.7751464844, 63.1814956665, 63.5878448486, 63.9941940308, 64.4121551514, 64.8301086426, 65.2480697632, 65.6660308838, 66.0839920044, 66.5019454956, 66.9431304932, 67.3843078613, 67.8254852295, 68.2666625977, 68.7078475952, 69.1490249634, 69.60181427, 70.0546035767, 70.5189971924, 70.9833984375, 71.4361877441, 71.8889770508, 72.3417663574, 72.7945556641, 73.1660766602, 73.5492019653, 73.9323348999, 74.3154602051, 74.7102050781, 75.0933303833, 75.4764633179, 75.9060287476, 76.3239898682, 76.7419509888, 77.15990448, 77.5778656006, 77.9958267212, 78.4137878418, 78.8085250854, 79.2148742676, 79.6096115112, 80.0043487549, 80.4223098755, 80.8402709961, 81.2582321167, 81.6645812988, 81.9896621704, 82.3147354126, 82.6398162842, 82.9765090942, 83.3015823364, 83.626663208, 83.9633560181, 84.3000411987, 84.7063903809, 85.1011352539, 85.4842605591, 85.8673934937, 86.2853469849, 86.7033081055, 87.1212692261, 87.5392303467, 87.9687957764, 88.3983688354, 88.8163223267, 89.2342834473, 89.6522445679, 90.0818099976, 90.5113830566, 90.9177322388, 91.3356933594, 91.7420425415, 92.1367797852, 92.5315170288, 92.9262542725, 93.3209991455, 93.7157363892, 94.1104736328, 94.4936065674, 94.888343811, 95.2714691162, 95.6662139893, 96.0609512329, 96.4556884766, 96.8852615356, 97.3148269653, 97.7444000244, 98.1971893311, 98.6615829468, 99.1259841919, 99.5787734985, 100.043174744, 100.49596405, 100.960357666, 101.355102539, 101.738227844, 102.121360779, 102.516098022, 102.922447205, 103.317184448, 103.711929321, 104.095054626, 104.48979187, 104.884536743, 105.279273987, 105.67401123, 106.068748474, 106.463493347, 106.858230591, 107.252967834, 107.647705078, 108.042449951, 108.448799133, 108.843536377, 109.226661682, 109.621406555, 109.992919922, 110.352828979, 110.735961914, 111.10748291, 111.525436401, 111.943397522, 112.361358643, 112.790924072, 113.220497131, 113.650062561, 114.07963562, 114.497596741, 114.915550232, 115.321899414, 115.739860535, 116.146209717, 116.564170837, 116.982131958, 117.38848114, 117.725166321, 118.061859131, 118.398544312, 118.723625183, 119.071922302, 119.420227051, 119.780136108, 120.128433228, 120.488342285, 120.825035095, 121.173332214, 121.521629333, 121.881538391, 122.22983551, 122.578140259, 122.938049316, 123.286346436, 123.646255493, 124.006164551, 124.366073608, 124.725982666, 125.062675476, 125.410972595, 125.759269714, 126.107574463, 126.502311707, 126.89704895, 127.291786194, 127.686531067, 128.092880249, 128.499221802, 128.92880249, 129.35836792, 129.78793335], "beats_loudness": {"dmean2": 0.0264391377568, "median": 0.00928104575723, "min": 0, "dvar2": 0.00192315410823, "dvar": 0.000655270298012, "dmean": 0.0144421262667, "max": 0.172551035881, "var": 0.000592051306739, "mean": 0.0175412911922}, "danceability": 0.999311566353, "bpm_histogram_second_peak_weight": {"dmean2": 0, "median": 0.184126988053, "min": 0.184126988053, "dvar2": 0, "dvar": 0, "dmean": 0, "max": 0.184126988053, "var": 0, "mean": 0.184126988053}, "beats_count": 316, "bpm_histogram_second_peak_bpm": {"dmean2": 0, "median": 152, "min": 152, "dvar2": 0, "dvar": 0, "dmean": 0, "max": 152, "var": 0, "mean": 152}, "bpm_histogram_first_peak_spread": {"dmean2": 0, "median": 0.546012282372, "min": 0.546012282372, "dvar2": 0, "dvar": 0, "dmean": 0, "max": 0.546012282372, "var": 0, "mean": 0.546012282372}, "beats_loudness_band_ratio": {"dmean2": [0.208648979664, 0.339592844248, 0.334404289722, 0.128626227379, 0.1084382236, 0.0358974561095], "median": [0.0530635714531, 0.381112754345, 0.252858579159, 0.0671954154968, 0.0484570376575, 0.0138122476637], "min": [0, 0, 0, 0, 0, 0], "dvar2": [0.0721165239811, 0.0811138153076, 0.0692968815565, 0.0196735542268, 0.0139335375279, 0.00206751911901], "dvar": [0.0274860542268, 0.031684089452, 0.028466951102, 0.00878177490085, 0.0056002815254, 0.000766744196881], "dmean": [0.112566158175, 0.199445158243, 0.197285965085, 0.0781227722764, 0.0625887662172, 0.020687431097], "max": [0.904416024685, 0.950632333755, 0.852172255516, 0.842564761639, 0.7067745924, 0.177823275328], "var": [0.0236646626145, 0.0616182982922, 0.0455181524158, 0.025929665193, 0.00961999967694, 0.00101977074519], "mean": [0.111426256597, 0.398354917765, 0.301497191191, 0.123370476067, 0.0821509510279, 0.0250647068024]}}, "lowlevel": {"barkbands_spread": {"dmean2": 5.62862968445, "median": 10.9339542389, "min": 0.284312695265, "dvar2": 31.4829406738, "dvar": 12.6557826996, "dmean": 3.49686646461, "max": 52.4411201477, "var": 69.0465316772, "mean": 12.1527881622}, "melbands_spread": {"dmean2": 8.99668502808, "median": 13.2541599274, "min": 0.519710183144, "dvar2": 111.540641785, "dvar": 44.1577415466, "dmean": 5.60415363312, "max": 162.860549927, "var": 395.045776367, "mean": 18.7387657166}, "hfc": {"dmean2": 4.85406112671, "median": 4.6030459404, "min": 1.07123495833e-16, "dvar2": 74.2496871948, "dvar": 29.3588180542, "dmean": 3.15093660355, "max": 104.321876526, "var": 201.586883545, "mean": 10.2738180161}, "barkbands_kurtosis": {"dmean2": 6.24188280106, "median": 2.95458745956, "min": -1.81808137894, "dvar2": 88.532661438, "dvar": 33.2960700989, "dmean": 3.80172085762, "max": 112.995117188, "var": 79.7586898804, "mean": 5.9131436348}, "gfcc": {"mean": [-169.250946045, 172.349182129, -162.957351685, 14.973402977, -42.1977081299, -46.5809173584, -19.1987705231, -19.0049915314, -18.3283863068, -5.85901165009, -6.21262741089, -3.18112206459, -12.0315713882], "icov": [[0.000864469679072, -0.00242854608223, 0.00202225311659, -0.00197251187637, 0.00200565578416, -0.0016091093421, 0.00171214877628, -0.000692887639161, 9.82971396297e-05, 0.000689222593792, -0.00191231677309, 0.00148294318933, -0.000510325771756], [-0.00242854608223, 0.0087556745857, -0.00530904717743, 0.00699381157756, -0.00588365551084, 0.00571209192276, -0.00406190520152, 0.00267682154663, 0.000414051493863, -0.000897587568033, 0.00493669742718, -0.00304235634394, 0.00194400222972], [0.00202225311659, -0.00530904717743, 0.00603282637894, -0.00363186071627, 0.00435958337039, -0.00429367367178, 0.00555527210236, -0.00247754366137, 0.00085158192087, 0.00189736147877, -0.00467132451013, 0.00477557722479, -0.00219792150892], [-0.00197251187637, 0.00699381157756, -0.00363186071627, 0.00912276469171, -0.00528328446671, 0.00437516765669, -0.00355518446304, 0.00349242589436, -0.00190271157771, -3.14573335345e-05, 0.0043797637336, -0.00402188766748, 0.00227767578326], [0.00200565578416, -0.00588365551084, 0.00435958337039, -0.00528328446671, 0.0102970181033, -0.00536260986701, 0.0056546847336, -0.00284439953975, 0.000734258734155, 0.000808329728898, -0.00490675261244, 0.00315161724575, -0.000405710423365], [-0.0016091093421, 0.00571209192276, -0.00429367367178, 0.00437516765669, -0.00536260986701, 0.00714289210737, -0.00497371377423, 0.00283590424806, -0.000721617776435, -0.00151365948841, 0.00387989333831, -0.00335579551756, 0.00256560579874], [0.00171214877628, -0.00406190520152, 0.00555527210236, -0.00355518446304, 0.0056546847336, -0.00497371377423, 0.0106941349804, -0.00438375631347, 0.00146244547796, 0.0032033061143, -0.00627677841112, 0.00520799448714, -0.00198957254179], [-0.000692887639161, 0.00267682154663, -0.00247754366137, 0.00349242589436, -0.00284439953975, 0.00283590424806, -0.00438375631347, 0.00991440471262, -0.00189025618602, 0.000752184772864, 0.00417658966035, -0.00536548532546, 0.00347683788277], [9.82971396297e-05, 0.000414051493863, 0.00085158192087, -0.00190271157771, 0.000734258734155, -0.000721617776435, 0.00146244547796, -0.00189025618602, 0.00897871237248, -0.000897316029295, -0.00216078176163, 0.00179761147592, 0.000396911200369], [0.000689222593792, -0.000897587568033, 0.00189736147877, -3.14573335345e-05, 0.000808329728898, -0.00151365948841, 0.0032033061143, 0.000752184772864, -0.000897316029295, 0.0096479980275, -0.00564996618778, 0.00570533424616, -0.00126134883612], [-0.00191231677309, 0.00493669742718, -0.00467132451013, 0.0043797637336, -0.00490675261244, 0.00387989333831, -0.00627677841112, 0.00417658966035, -0.00216078176163, -0.00564996618778, 0.0178677197546, -0.0103614479303, 0.0036855333019], [0.00148294318933, -0.00304235634394, 0.00477557722479, -0.00402188766748, 0.00315161724575, -0.00335579551756, 0.00520799448714, -0.00536548532546, 0.00179761147592, 0.00570533424616, -0.0103614479303, 0.0203245338053, -0.00808849185705], [-0.000510325771756, 0.00194400222972, -0.00219792150892, 0.00227767578326, -0.000405710423365, 0.00256560579874, -0.00198957254179, 0.00347683788277, 0.000396911200369, -0.00126134883612, 0.0036855333019, -0.00808849185705, 0.0145494639874]], "cov": [[22934.9414062, 2033.5123291, -5411.29394531, 1528.4876709, -1002.02453613, -962.321594238, 462.167602539, -550.128967285, 341.600250244, -412.297332764, 349.253814697, 94.424949646, -268.62121582], [2033.5123291, 1281.86291504, 187.492477417, -420.086547852, -54.9587287903, -401.112792969, -209.510284424, -69.4736862183, -196.665725708, -42.280834198, -72.8418731689, -109.758377075, 10.4228038788], [-5411.29394531, 187.492477417, 2128.12670898, -653.521911621, 239.577972412, 154.054382324, -406.061523438, 79.7370681763, -210.211090088, 113.102867126, -131.330627441, -139.260528564, 85.2612533569], [1528.4876709, -420.086547852, -653.521911621, 580.799865723, -26.4673271179, 41.5208396912, 125.862052917, -49.520904541, 160.121032715, -44.323184967, 62.294418335, 72.8825683594, -42.3935203552], [-1002.02453613, -54.9587287903, 239.577972412, -26.4673271179, 255.233825684, 120.520858765, -77.1044311523, 13.6467819214, -2.051404953, 47.2463417053, 2.0397105217, -12.4438390732, -18.69024086], [-962.321594238, -401.112792969, 154.054382324, 41.5208396912, 120.520858765, 468.695404053, 78.1371383667, 9.32192707062, 52.7996902466, 51.8782081604, 26.6914405823, 3.35230708122, -36.0580101013], [462.167602539, -209.510284424, -406.061523438, 125.862052917, -77.1044311523, 78.1371383667, 305.705078125, 59.0392417908, 40.5725631714, -60.6043281555, 41.1152496338, 45.0363731384, -16.8130283356], [-550.128967285, -69.4736862183, 79.7370681763, -49.520904541, 13.6467819214, 9.32192707062, 59.0392417908, 178.960830688, 2.83396267891, -48.316619873, -20.5382213593, 32.7996902466, -7.00018358231], [341.600250244, -196.665725708, -210.211090088, 160.121032715, -2.051404953, 52.7996902466, 40.5725631714, 2.83396267891, 179.795700073, 23.0866546631, 40.8016815186, 12.9367733002, -29.1070137024], [-412.297332764, -42.280834198, 113.102867126, -44.323184967, 47.2463417053, 51.8782081604, -60.6043281555, -48.316619873, 23.0866546631, 184.300949097, 35.4508171082, -46.888343811, -9.05819892883], [349.253814697, -72.8418731689, -131.330627441, 62.294418335, 2.0397105217, 26.6914405823, 41.1152496338, -20.5382213593, 40.8016815186, 35.4508171082, 117.851051331, 38.092124939, -8.44430828094], [94.424949646, -109.758377075, -139.260528564, 72.8825683594, -12.4438390732, 3.35230708122, 45.0363731384, 32.7996902466, 12.9367733002, -46.888343811, 38.092124939, 117.708900452, 34.2834968567], [-268.62121582, 10.4228038788, 85.2612533569, -42.3935203552, -18.69024086, -36.0580101013, -16.8130283356, -7.00018358231, -29.1070137024, -9.05819892883, -8.44430828094, 34.2834968567, 103.851005554]]}, "spectral_energyband_middle_low": {"dmean2": 0.00593918282539, "median": 0.00453369971365, "min": 1.75909469029e-22, "dvar2": 9.32914044824e-05, "dvar": 4.96971479151e-05, "dmean": 0.00406786892563, "max": 0.174134910107, "var": 0.000228087446885, "mean": 0.00946712959558}, "melbands_crest": {"dmean2": 6.16374826431, "median": 13.7808856964, "min": 1.67008197308, "dvar2": 24.6431560516, "dvar": 9.3862285614, "dmean": 3.7543592453, "max": 32.5218963623, "var": 27.4408473969, "mean": 14.508641243}, "spectral_kurtosis": {"dmean2": 12.2515382767, "median": 7.30897331238, "min": -1.2535636425, "dvar2": 244.535369873, "dvar": 92.3571243286, "dmean": 7.04294157028, "max": 403.909576416, "var": 560.287658691, "mean": 14.5324192047}, "spectral_rms": {"dmean2": 0.000853433157317, "median": 0.00260752253234, "min": 3.09126140484e-12, "dvar2": 7.48593038224e-07, "dvar": 3.52646651436e-07, "dmean": 0.00057615165133, "max": 0.0132199367508, "var": 3.70133534489e-06, "mean": 0.00298613053747}, "zerocrossingrate": {"dmean2": 0.00693693105131, "median": 0.0400390625, "min": 0.00732421875, "dvar2": 0.000121996607049, "dvar": 7.33792985557e-05, "dmean": 0.00550152780488, "max": 0.52685546875, "var": 0.00366231868975, "mean": 0.0505091324449}, "silence_rate_60dB": {"dmean2": 0.123887501657, "median": 0, "min": 0, "dvar2": 0.12988756597, "dvar": 0.0580992661417, "dmean": 0.0619327276945, "max": 1, "var": 0.200604900718, "mean": 0.277758002281}, "erbbands_kurtosis": {"dmean2": 3.2071480751, "median": 0.0249891281128, "min": -1.90529966354, "dvar2": 23.1341629028, "dvar": 8.67779827118, "dmean": 1.93563199043, "max": 44.569683075, "var": 20.4228496552, "mean": 1.74297237396}, "erbbands": {"dmean2": [0.00525735365227, 0.0295725464821, 0.12622590363, 0.830902934074, 3.271276474, 6.5577712059, 11.422249794, 24.8398532867, 15.2528991699, 26.296503067, 25.7590026855, 25.0611591339, 27.7169532776, 6.96128034592, 7.63469743729, 14.8292512894, 25.6206951141, 50.398891449, 12.1672668457, 6.09502029419, 6.72706127167, 11.3023052216, 19.2105178833, 17.2955341339, 6.85292339325, 2.83863258362, 1.67352879047, 0.590201437473, 0.238736703992, 0.0878697857261, 0.0174289233983, 0.00266564381309, 0.000664714549202, 0.000251907593338, 9.81806442724e-05, 4.61094859929e-05, 1.88067169802e-05, 4.87615398015e-06, 3.48702201336e-06, 7.87255066825e-06], "median": [0.000948083412368, 0.00814063102007, 0.0455081015825, 0.203028976917, 1.03122448921, 2.60710191727, 3.11470508575, 5.35895061493, 4.21304702759, 6.28762054443, 5.12299966812, 2.88972568512, 1.76777243614, 1.65659737587, 2.21928262711, 2.81742572784, 3.0252532959, 2.52943754196, 1.49105036259, 1.37060499191, 2.04552578926, 2.95775008202, 3.87351179123, 3.46267867088, 1.52762961388, 0.579052090645, 0.306427717209, 0.122605487704, 0.0460968241096, 0.0123199187219, 0.00222445884719, 0.000322859967127, 9.35111165745e-05, 5.62371715205e-05, 3.72651484213e-05, 2.50638331636e-05, 1.616488953e-05, 5.21138463228e-06, 3.81294125873e-06, 8.20175591798e-06], "min": [5.71697595433e-23, 6.97609767108e-22, 2.57553084061e-21, 3.94180480891e-21, 1.5188196038e-20, 3.36368246269e-20, 2.87216431101e-20, 9.00772674453e-20, 6.74132036703e-20, 1.65342457231e-19, 3.50106003721e-19, 5.10639788632e-19, 5.70409274756e-19, 4.7823777987e-19, 1.00628651507e-18, 1.31107506704e-18, 1.57393135222e-18, 2.08171292164e-18, 2.71101042498e-18, 2.5577413021e-18, 3.99943728685e-18, 5.35980239223e-18, 4.71367796729e-18, 6.79459348682e-18, 7.20289852257e-18, 7.83247644013e-18, 7.76552361417e-18, 7.05552637028e-18, 1.14712414732e-17, 9.95739011004e-18, 9.36075796909e-18, 9.61719553951e-18, 1.00542000202e-17, 7.89638110554e-18, 6.11786999665e-18, 4.02762346622e-18, 2.47146574382e-18, 8.58053577953e-19, 2.53188379125e-19, 2.56185703617e-20], "dvar2": [0.000197055487661, 0.00362682738341, 0.0612264536321, 12.7819576263, 75.3618164062, 162.544570923, 1031.62805176, 5082.6796875, 1763.40673828, 4839.52441406, 4958.19091797, 5893.30273438, 11936.7958984, 403.379180908, 342.72857666, 1849.02612305, 6609.40185547, 56069.9023438, 5560.78369141, 569.439331055, 340.812469482, 728.757263184, 3245.59277344, 1893.13244629, 658.366027832, 165.732162476, 45.7886772156, 4.80262041092, 0.472907602787, 0.0723586603999, 0.00337976403534, 7.27798251319e-05, 8.17005366116e-06, 1.60246213454e-06, 2.64766129021e-07, 5.22075715992e-08, 6.30234353594e-09, 2.96712404646e-10, 2.73797842038e-11, 1.39379494057e-10], "dvar": [7.27899532649e-05, 0.00131770572625, 0.0271819029003, 9.66684150696, 50.8939590454, 85.0133743286, 541.846252441, 2880.95703125, 927.170410156, 1839.07995605, 1876.4465332, 2140.68725586, 4500.00830078, 155.030410767, 114.81653595, 705.594726562, 2340.47070312, 18578.671875, 2044.63745117, 186.746658325, 131.524841309, 285.177246094, 1270.5020752, 706.222106934, 249.504379272, 66.4302139282, 18.141412735, 1.89931774139, 0.196646019816, 0.0278332047164, 0.00130251119845, 2.89940180664e-05, 2.93285688713e-06, 5.94829430156e-07, 1.01266699915e-07, 2.10873256634e-08, 2.59999199947e-09, 1.19865034565e-10, 1.36303850151e-11, 7.01049079899e-11], "dmean": [0.00312591996044, 0.0171013120562, 0.0763001218438, 0.580790519714, 2.19781565666, 4.38935136795, 7.95078706741, 17.5877075195, 10.3454256058, 16.6062297821, 15.9886837006, 15.0475730896, 16.7686405182, 4.2550406456, 4.57451915741, 8.90087985992, 15.313826561, 29.2642936707, 7.29750347137, 3.62787747383, 4.04259634018, 6.92491436005, 11.8328351974, 10.572262764, 4.17351675034, 1.78745937347, 1.03748071194, 0.370356023312, 0.150615349412, 0.0547279603779, 0.0110640656203, 0.00166772631928, 0.000406113860663, 0.000152130087372, 6.04417364229e-05, 2.74817248282e-05, 1.1341589925e-05, 2.95089057545e-06, 2.35807806348e-06, 5.32587228008e-06], "max": [0.175850942731, 0.570632517338, 5.73838472366, 168.812683105, 372.383911133, 376.723297119, 1068.79882812, 1655.00061035, 1057.78112793, 792.418762207, 989.37677002, 962.859191895, 1531.53588867, 448.43182373, 246.068954468, 701.456176758, 1435.36962891, 2789.40966797, 2015.37182617, 553.46295166, 298.512756348, 399.279907227, 1210.31311035, 452.936859131, 606.147460938, 349.70425415, 234.206680298, 66.3964996338, 17.5344657898, 5.31458282471, 1.21509158611, 0.146482795477, 0.0408616028726, 0.0221144724637, 0.00913394894451, 0.00484453234822, 0.00121109175961, 0.000310251314659, 8.53090750752e-05, 0.00019838604203], "var": [8.49125935929e-05, 0.00190846109763, 0.072998046875, 33.7423667908, 165.946090698, 313.716827393, 1724.53918457, 7947.74511719, 2580.5612793, 3411.19140625, 2906.01220703, 3540.79956055, 7083.48730469, 300.39440918, 178.209030151, 1182.75109863, 4965.05175781, 37395.0234375, 3470.6171875, 299.020324707, 265.819000244, 733.720703125, 3323.13427734, 2076.35400391, 518.793823242, 133.41696167, 35.9658546448, 5.20217895508, 0.821794390678, 0.118113867939, 0.00587906129658, 0.000157439368195, 6.54133054923e-06, 1.20127992886e-06, 2.02697947316e-07, 3.83014473471e-08, 5.46518652556e-09, 2.86597551247e-10, 8.9596129127e-11, 4.20819767921e-10], "mean": [0.00365379848517, 0.0217737294734, 0.115688763559, 0.969003081322, 3.67980241776, 7.88478374481, 14.2608613968, 28.8306598663, 18.0116596222, 26.3329906464, 23.0365638733, 21.701374054, 23.7239665985, 6.45435190201, 7.08854532242, 13.6551465988, 24.3051376343, 45.4003067017, 11.6116886139, 6.58003759384, 7.41727781296, 13.6235628128, 24.1918487549, 21.4611034393, 8.18081951141, 3.48041200638, 2.10364866257, 0.869570672512, 0.38852635026, 0.145240828395, 0.0310091618448, 0.00478829909116, 0.000846359122079, 0.000322882289765, 0.000133967318106, 6.06628600508e-05, 2.92832610285e-05, 8.41888777359e-06, 7.19514355296e-06, 1.52925877046e-05]}, "spectral_strongpeak": {"dmean2": 0.897616326809, "median": 0.697062492371, "min": 0, "dvar2": 1.78925180435, "dvar": 0.661581635475, "dmean": 0.541419446468, "max": 12.5137195587, "var": 1.4024515152, "mean": 1.05687654018}, "spectral_energy": {"dmean2": 0.006852874998, "median": 0.00696915341541, "min": 9.79479426726e-21, "dvar2": 0.000106065257569, "dvar": 5.42589332326e-05, "dmean": 0.00464734900743, "max": 0.179135888815, "var": 0.00030993152177, "mean": 0.0129337580875}, "average_loudness": 0.232403025031, "spectral_rolloff": {"dmean2": 600.660888672, "median": 882.861328125, "min": 172.265625, "dvar2": 689544.75, "dvar": 315118.96875, "dmean": 341.799835205, "max": 19573.6816406, "var": 5504056, "mean": 1483.32006836}, "spectral_centroid": {"dmean2": 315.453796387, "median": 976.743286133, "min": 193.173355103, "dvar2": 127691.085938, "dvar": 62291.2929688, "dmean": 201.093170166, "max": 11755.2353516, "var": 1858701.25, "mean": 1241.48205566}, "pitch_salience": {"dmean2": 0.125716656446, "median": 0.542756319046, "min": 0.141417175531, "dvar2": 0.0106201088056, "dvar": 0.00395312812179, "dmean": 0.0761196017265, "max": 0.921592235565, "var": 0.0123342964798, "mean": 0.538688182831}, "spectral_energyband_middle_high": {"dmean2": 0.00198132242076, "median": 0.00100540416315, "min": 1.13900760962e-21, "dvar2": 2.36668056459e-05, "dvar": 8.21906087367e-06, "dmean": 0.00121130130719, "max": 0.0554678253829, "var": 3.47357345163e-05, "mean": 0.00323900510557}, "spectral_contrast_coeffs": {"dmean2": [0.0924634486437, 0.0813564658165, 0.0642044693232, 0.0508072301745, 0.0338803716004, 0.0305970795453], "median": [-0.577125906944, -0.677531123161, -0.753421783447, -0.758691072464, -0.759457290173, -0.659557461739], "min": [-0.97635114193, -0.978293776512, -0.977451920509, -0.97114688158, -0.968814432621, -0.965506494045], "dvar2": [0.0051441732794, 0.00407311785966, 0.00256252312101, 0.00157120684162, 0.000746676931158, 0.000732009881176], "dvar": [0.00187748088501, 0.00157292431686, 0.000973939662799, 0.000577714061365, 0.000293952936772, 0.00029814086156], "dmean": [0.0557851940393, 0.0502996779978, 0.0392554104328, 0.0307663213462, 0.0209052804857, 0.0190074201673], "max": [-0.266191661358, -0.369622766972, -0.371441811323, -0.478168725967, -0.555440187454, -0.469553232193], "var": [0.0112959938124, 0.00742657436058, 0.00861882977188, 0.00685604289174, 0.00412213243544, 0.00830493215472], "mean": [-0.588340580463, -0.679012000561, -0.743622899055, -0.755224347115, -0.764139890671, -0.682384312153]}, "melbands_skewness": {"dmean2": 0.997892618179, "median": 1.89812302589, "min": -2.52894020081, "dvar2": 0.780630588531, "dvar": 0.319023877382, "dmean": 0.630244314671, "max": 8.71691226959, "var": 1.69053077698, "mean": 1.94471991062}, "spectral_spread": {"dmean2": 373351.96875, "median": 2161190, "min": 344854.625, "dvar2": 605381132288, "dvar": 325981962240, "dmean": 220973.3125, "max": 42320892, "var": 22071077765100.0, "mean": 2716283}, "dissonance": {"dmean2": 0.0534438192844, "median": 0.447036445141, "min": 0.173665612936, "dvar2": 0.0026746976655, "dvar": 0.000938954821322, "dmean": 0.0312638618052, "max": 0.499999970198, "var": 0.0023102730047, "mean": 0.43712541461}, "spectral_skewness": {"dmean2": 0.930713236332, "median": 1.36454439163, "min": -0.479072242975, "dvar2": 0.811450600624, "dvar": 0.298475861549, "dmean": 0.543196439743, "max": 16.6530857086, "var": 3.08102440834, "mean": 1.92687892914}, "spectral_flux": {"dmean2": 0.0220235418528, "median": 0.046570584178, "min": 6.4699100244e-11, "dvar2": 0.000567726208828, "dvar": 0.00021320959786, "dmean": 0.0132356118411, "max": 0.228223413229, "var": 0.00117572862655, "mean": 0.0531436540186}, "spectral_contrast_valleys": {"dmean2": [0.743468463421, 0.559030711651, 0.462779551744, 0.382659912109, 0.293532162905, 0.359470874071], "median": [-8.65857887268, -7.29038286209, -8.43523025513, -8.72933387756, -8.44284343719, -13.9293394089], "min": [-28.4879455566, -28.0822868347, -28.1470127106, -27.6778812408, -27.4799118042, -27.3553028107], "dvar2": [0.345300555229, 0.215150550008, 0.151813417673, 0.110315658152, 0.0833925977349, 0.128258123994], "dvar": [0.145413532853, 0.105872988701, 0.0825063288212, 0.0659048855305, 0.0629130378366, 0.0593316145241], "dmean": [0.440346866846, 0.346203267574, 0.289711266756, 0.243873178959, 0.201108410954, 0.213708400726], "max": [-6.58292961121, -4.72936725616, -6.01792860031, -6.15955638885, -6.10118341446, -11.017408371], "var": [5.78683710098, 6.77899360657, 5.99151420593, 5.98330926895, 6.79209899902, 3.26166915894], "mean": [-8.99233055115, -7.62929487228, -8.73755168915, -9.09151363373, -8.94507789612, -13.9353761673]}, "erbbands_flatness_db": {"dmean2": 0.0298216305673, "median": 0.290566027164, "min": 0.0840048566461, "dvar2": 0.000689746753778, "dvar": 0.00026650755899, "dmean": 0.0187847912312, "max": 0.480532974005, "var": 0.00204504746944, "mean": 0.291974425316}, "spectral_energyband_high": {"dmean2": 4.68100552098e-05, "median": 1.11346653284e-05, "min": 6.96877532532e-21, "dvar2": 3.37658647709e-08, "dvar": 1.39205420524e-08, "dmean": 3.02705866488e-05, "max": 0.00641765492037, "var": 3.76178519446e-08, "mean": 7.54447173676e-05}, "spectral_entropy": {"dmean2": 0.246551096439, "median": 6.87637710571, "min": 4.42789840698, "dvar2": 0.05291621387, "dvar": 0.0223979428411, "dmean": 0.158489197493, "max": 9.82943248749, "var": 0.454470068216, "mean": 6.77021932602}, "silence_rate_20dB": {"dmean2": 0, "median": 1, "min": 1, "dvar2": 0, "dvar": 0, "dmean": 0, "max": 1, "var": 0, "mean": 1}, "melbands_flatness_db": {"dmean2": 0.0399002768099, "median": 0.294831573963, "min": 0.0027747892309, "dvar2": 0.00113871938083, "dvar": 0.000474742613733, "dmean": 0.0257950555533, "max": 0.674217283726, "var": 0.00845259521157, "mean": 0.303728759289}, "barkbands": {"dmean2": [1.93055348063e-05, 0.000138194780448, 0.000134593705297, 0.000543518108316, 0.00161264836788, 0.00248893490061, 0.0013013612479, 0.00119521084707, 0.00139559258241, 0.000477628724184, 0.000171174149727, 0.00038709747605, 0.000675504968967, 0.00087671977235, 0.000155321278726, 0.000107253690658, 0.000200305701583, 0.000393677910324, 0.000218028231757, 8.79924264154e-05, 2.60031683865e-05, 5.66908420296e-06, 9.2301542054e-07, 6.14318764747e-08, 1.67995342082e-08, 9.76745173631e-09, 1.95860661023e-09], "median": [1.95360689759e-06, 3.38336467394e-05, 4.15388640249e-05, 8.78794526216e-05, 0.000751151877921, 0.000617883750238, 0.000236218780628, 0.000206412107218, 0.000103164013126, 2.33741338889e-05, 2.87563270831e-05, 5.50314907741e-05, 5.26222283952e-05, 3.80848650821e-05, 2.141942241e-05, 2.41400084633e-05, 4.12793851865e-05, 6.94728369126e-05, 4.12231820519e-05, 1.22866458696e-05, 5.00937312609e-06, 1.06433526526e-06, 1.0204681189e-07, 6.29075724845e-09, 4.24829948997e-09, 6.63847821158e-09, 1.38253097859e-09], "min": [2.92946751205e-25, 2.19701233092e-24, 1.86211405538e-24, 6.64281230055e-25, 1.24030217768e-23, 1.22278394356e-23, 3.24316751734e-24, 9.18974676295e-24, 2.25273904299e-23, 2.0004698452e-23, 2.04517711705e-23, 3.10180360368e-23, 2.90053868104e-23, 3.52532282886e-23, 4.42664626908e-23, 5.73911517787e-23, 9.07365168125e-23, 9.7070255777e-23, 1.50425942263e-22, 1.8412711512e-22, 1.71211947488e-22, 3.37056763057e-22, 4.39927001888e-22, 6.11886764271e-22, 7.85976829752e-22, 1.3301392416e-21, 1.93626219682e-21], "dvar2": [5.03369745886e-09, 9.7232373264e-08, 6.33715231402e-08, 5.46705359739e-06, 8.85050485522e-06, 4.41236843471e-05, 1.15291968541e-05, 9.20826823858e-06, 1.75564855454e-05, 3.69254053112e-06, 3.58190391125e-07, 1.13587930173e-06, 4.69442193207e-06, 1.67905345734e-05, 4.69014509008e-07, 8.37839309042e-08, 2.3504887281e-07, 1.03333866264e-06, 3.31602848291e-07, 2.87566052748e-07, 7.5287713841e-09, 2.74537836908e-10, 9.51463820925e-12, 5.3725209367e-14, 7.87375823856e-15, 2.06465996135e-15, 2.40377296344e-17], "dvar": [2.88728352338e-09, 3.52127997871e-08, 2.59050381146e-08, 4.26249062002e-06, 4.67132258564e-06, 2.51687579294e-05, 4.95320045957e-06, 3.65198889085e-06, 6.38905248707e-06, 1.44845682826e-06, 1.14722283229e-07, 4.28605261504e-07, 1.67563575815e-06, 5.61308252145e-06, 1.60328752941e-07, 3.27586668902e-08, 9.14060862556e-08, 4.16021009642e-07, 1.24454530237e-07, 1.13721711159e-07, 3.0825020314e-09, 1.10253882413e-10, 3.57293860297e-12, 1.98665885717e-14, 2.97039144482e-15, 8.44851678596e-16, 8.99795820679e-18], "dmean": [1.23043319036e-05, 8.11777135823e-05, 8.04682276794e-05, 0.000384166458389, 0.00108690431807, 0.00176249642391, 0.000827136973385, 0.000750345468987, 0.000829141412396, 0.000294174911687, 0.000103322483483, 0.000232846316067, 0.000397502502892, 0.000509070348926, 9.25781278056e-05, 6.45631080261e-05, 0.000122940109577, 0.000240633191424, 0.000134119589347, 5.40750079381e-05, 1.62816941156e-05, 3.56318082595e-06, 5.75267392833e-07, 3.74349831134e-08, 1.02437764937e-08, 5.7235802764e-09, 1.14275899854e-09], "max": [0.00222299178131, 0.00320925121196, 0.00538746034727, 0.112519748509, 0.0721224918962, 0.138684779406, 0.0577797368169, 0.0487951263785, 0.0512317419052, 0.0356293879449, 0.0112759433687, 0.0152485147119, 0.0356501713395, 0.0483662746847, 0.0130345476791, 0.00449711410329, 0.00628918409348, 0.0177921187133, 0.00643551675603, 0.015562764369, 0.00243069697171, 0.0003725727438, 6.22399384156e-05, 3.26041049448e-06, 1.61365869644e-06, 7.90587705524e-07, 9.45304208244e-08], "var": [5.4718767295e-09, 4.6439289747e-08, 6.11175394738e-08, 1.45516596604e-05, 1.79156359081e-05, 7.50159233576e-05, 1.13325786515e-05, 6.12386747889e-06, 1.02874682852e-05, 2.14415035771e-06, 1.4285670602e-07, 6.32831358871e-07, 3.23369408761e-06, 1.00192328318e-05, 2.28821150472e-07, 6.28774756706e-08, 2.19831107984e-07, 1.24891710129e-06, 3.1475693163e-07, 1.73767759293e-07, 8.12508282877e-09, 4.66818972367e-10, 1.2789177703e-11, 5.88344477304e-14, 5.8207350276e-15, 1.58559601995e-15, 1.73601586297e-17], "mean": [1.51884914885e-05, 0.000103068348835, 0.000109390239231, 0.000602911342867, 0.00207071332261, 0.00301442085765, 0.00130278081633, 0.00108585378621, 0.00114935915917, 0.000377372489311, 0.00014252011897, 0.000321997911669, 0.000573511759285, 0.000731767620891, 0.000140225529321, 0.000106969542685, 0.000223180089961, 0.000484302465338, 0.000243215952651, 8.95312332432e-05, 3.4579752537e-05, 9.34965464694e-06, 1.44719638229e-06, 8.47731271847e-08, 2.09343777868e-08, 1.26970531866e-08, 2.15595763464e-09]}, "erbbands_skewness": {"dmean2": 0.835357248783, "median": 0.648521304131, "min": -3.78751134872, "dvar2": 0.533334553242, "dvar": 0.213409736753, "dmean": 0.523736417294, "max": 5.22607851028, "var": 1.20358157158, "mean": 0.738386452198}, "erbbands_spread": {"dmean2": 9.23875617981, "median":