{"metadata": {"tags": {"replaygain_track_peak": ["0.999969"], "genre": ["Rap & Hip-Hop"], "album": ["Kill Steelz, Volume 2"], "musicbrainz album type": ["compilation"], "script": ["Latn"], "albumartistsort": ["Rectangle, DJ"], "musicbrainz album release country": ["US"], "musicbrainz_artistid": ["10a9ff92-9637-4498-afea-7044b2ab0dc0"], "musicbrainz_recordingid": ["0184cd10-2677-4cdc-9daf-4922283af0a3"], "albumartist": ["DJ Rectangle"], "originaldate": ["2006"], "musicbrainz album status": ["official"], "artist": ["Busta Rhymes"], "musicbrainz_albumid": ["c7ec68fd-3f25-4b93-b6e3-63919fc564a6"], "discnumber": ["1/1"], "title": ["They're Out to Get Me"], "tracknumber": ["15/33"], "musicbrainz_albumartistid": ["901fc9df-8e2f-4d9c-8e5a-d9b67afc7823"], "replaygain_album_gain": ["-7.67 dB"], "replaygain_track_gain": ["-7.36 dB"], "artistsort": ["Busta Rhymes"], "date": ["2006"], "file_name": "15-Busta Rhymes-They're Out to Get Me.mp3"}, "audio_properties": {"sample_rate": 44100, "downmix": "mix", "lossless": false, "analysis_sample_rate": 44100, "md5_encoded": "b2276c80581682c4d743150ee6fe8109", "equal_loudness": 0, "replay_gain": -8.81737518311, "codec": "mp3", "bit_rate": 320000, "length": 193.279998779}, "version": {"extractor": "music 1.0", "essentia_build_sha": "ca57ba49d9b1854bd80e60cf9ccf267278fb7d6b", "essentia_git_sha": "v2.1_beta1-28-g21ef5f4-dirty", "essentia": "2.1-beta1"}}, "rhythm": {"beats_loudness_band_ratio": {"dvar2": [0.153744697571, 0.0218961648643, 0.0190303251147, 0.0179693121463, 0.0124700842425, 0.0110076973215], "var": [0.0880298167467, 0.00735444575548, 0.00620518997312, 0.00747120147571, 0.00495250103995, 0.0042596901767], "min": [0.0536994226277, 0.00240998039953, 0.000367883098079, 0.00145800318569, 0.00298296380788, 0.00398590881377], "dmean": [0.517282426357, 0.12047675252, 0.10067858547, 0.137728080153, 0.109163805842, 0.0878584012389], "mean": [0.61882185936, 0.0882770493627, 0.0665425732732, 0.0862574353814, 0.0888626649976, 0.0701846629381], "max": [0.983134865761, 0.510417461395, 0.420722007751, 0.41669678688, 0.332786917686, 0.332439392805], "dmean2": [1.03367912769, 0.239280432463, 0.196109816432, 0.275118380785, 0.216465547681, 0.172446936369], "median": [0.680853366852, 0.0628125295043, 0.0305859483778, 0.052921153605, 0.0698567926884, 0.056206651032], "dvar": [0.0442349873483, 0.00685983709991, 0.00614187633619, 0.00542028155178, 0.00367982825264, 0.00345613481477]}, "bpm_histogram_first_peak_weight": {"dvar2": 0, "var": 0, "min": 0.651567995548, "dmean": 0, "mean": 0.651567995548, "max": 0.651567995548, "dmean2": 0, "median": 0.651567995548, "dvar": 0}, "bpm": 89.6158370972, "beats_count": 288, "bpm_histogram_first_peak_spread": {"dvar2": 0, "var": 0, "min": 0.348432004452, "dmean": 0, "mean": 0.348432004452, "max": 0.348432004452, "dmean2": 0, "median": 0.348432004452, "dvar": 0}, "danceability": 1.37819087505, "bpm_histogram_first_peak_bpm": {"dvar2": 0, "var": 0, "min": 89, "dmean": 0, "mean": 89, "max": 89, "dmean2": 0, "median": 89, "dvar": 0}, "beats_position": [0.696598649025, 1.39319729805, 2.07818579674, 2.76317453384, 3.43655323982, 4.1099319458, 4.78331041336, 5.44507932663, 6.10684776306, 6.78022670746, 7.45360517502, 8.12698364258, 8.80036258698, 9.46213150024, 10.1355104446, 10.7972784042, 11.4706573486, 12.144036293, 12.8174142838, 13.479183197, 14.1525621414, 14.8143310547, 15.4877090454, 16.1610889435, 16.8228569031, 17.4846248627, 18.1580047607, 18.8313827515, 19.5047607422, 20.1781406403, 20.851518631, 21.5132884979, 22.1750564575, 22.8484344482, 23.5218143463, 24.1835823059, 24.8453502655, 25.5187301636, 26.1921081543, 26.865486145, 27.5388660431, 28.2006340027, 28.8624038696, 29.5357818604, 30.2091598511, 30.8825397491, 31.5559177399, 32.2292976379, 32.8910636902, 33.5528335571, 34.2262115479, 34.8995895386, 35.572971344, 36.2347373962, 36.8965072632, 37.5698852539, 38.2548751831, 38.91664505, 39.5784111023, 40.2401809692, 40.91355896, 41.5869369507, 42.2603149414, 42.9336967468, 43.6070747375, 44.2688446045, 44.9422225952, 45.6039886475, 46.2773704529, 46.9507484436, 47.6125144958, 48.2742843628, 48.9476623535, 49.6210403442, 50.2944221497, 50.9678001404, 51.6411781311, 52.302947998, 52.9763259888, 53.6380958557, 54.3114738464, 54.9848518372, 55.6466217041, 56.3083877563, 56.9701576233, 57.6319274902, 58.305305481, 58.9786834717, 59.6520614624, 60.3254394531, 60.9988212585, 61.6721992493, 62.34557724, 63.0189552307, 63.6923332214, 64.3541030884, 65.0158691406, 65.6892471313, 66.3626327515, 67.0360107422, 67.7093887329, 68.3827667236, 69.0445327759, 69.7062988281, 70.3796844482, 71.053062439, 71.7148284912, 72.3765945435, 73.0499725342, 73.7233581543, 74.396736145, 75.0701141357, 75.731880188, 76.3936462402, 77.0670318604, 77.7404098511, 78.4137878418, 79.075553894, 79.7373199463, 80.410697937, 81.0840835571, 81.7574615479, 82.4192276001, 83.0809936523, 83.7543716431, 84.4277572632, 85.1011352539, 85.7745132446, 86.4478912354, 87.1212692261, 87.7830352783, 88.44480896, 89.1181869507, 89.7799530029, 90.4417190552, 91.1150970459, 91.788482666, 92.4618606567, 93.1352386475, 93.7970046997, 94.458770752, 95.1321487427, 95.8055343628, 96.4789123535, 97.1522903442, 97.8140563965, 98.4758224487, 99.1492080688, 99.8225860596, 100.49596405, 101.169342041, 101.831108093, 102.504486084, 103.166259766, 103.828025818, 104.501403809, 105.174781799, 105.836547852, 106.509933472, 107.183311462, 107.856689453, 108.530067444, 109.203445435, 109.876823425, 110.550201416, 111.211967468, 111.87374115, 112.547119141, 113.220497131, 113.882263184, 114.555641174, 115.217414856, 115.890792847, 116.564170837, 117.22593689, 117.887710571, 118.561088562, 119.234466553, 119.896232605, 120.557998657, 121.231384277, 121.904762268, 122.578140259, 123.25151825, 123.92489624, 124.598274231, 125.271652222, 125.933418274, 126.595191956, 127.268569946, 127.941947937, 128.615325928, 129.277099609, 129.938858032, 130.612243652, 131.285614014, 131.958999634, 132.620773315, 133.282531738, 133.955917358, 134.62928772, 135.30267334, 135.964447021, 136.626205444, 137.299591064, 137.972961426, 138.646347046, 139.319732666, 139.993103027, 140.654876709, 141.316635132, 141.990020752, 142.663391113, 143.336776733, 144.010162354, 144.671920776, 145.333694458, 146.007064819, 146.680450439, 147.35383606, 148.027206421, 148.700592041, 149.362350464, 150.024124146, 150.697509766, 151.370880127, 152.044265747, 152.717636108, 153.37940979, 154.041183472, 154.714553833, 155.387939453, 156.061309814, 156.734695435, 157.408065796, 158.069839478, 158.743209839, 159.404983521, 160.066757202, 160.728515625, 161.401901245, 162.075286865, 162.748657227, 163.422042847, 164.095413208, 164.75718689, 165.418960571, 166.092330933, 166.765716553, 167.439086914, 168.100860596, 168.762634277, 169.436004639, 170.109390259, 170.78276062, 171.45614624, 172.129516602, 172.791290283, 173.464660645, 174.126434326, 174.799819946, 175.461578369, 176.123352051, 176.796737671, 177.470108032, 178.143493652, 178.816864014, 179.478637695, 180.140411377, 180.813781738, 181.487167358, 182.16053772, 182.83392334, 183.507293701, 184.169067383, 184.830841064, 185.504211426, 186.165985107, 186.839355469, 187.512741089, 188.18611145, 188.847885132, 189.521270752, 190.194641113, 190.868026733, 191.541397095, 192.203170776, 192.864944458], "beats_loudness": {"dvar2": 0.00920473318547, "var": 0.0031019973103, "min": 0.0177288260311, "dmean": 0.0781056657434, "mean": 0.0951047688723, "max": 0.280463904142, "dmean2": 0.153441593051, "median": 0.0746704190969, "dvar": 0.00286633940414}, "bpm_histogram_second_peak_weight": {"dvar2": 0, "var": 0, "min": 0, "dmean": 0, "mean": 0, "max": 0, "dmean2": 0, "median": 0, "dvar": 0}, "bpm_histogram_second_peak_spread": {"dvar2": 0, "var": 0, "min": 0, "dmean": 0, "mean": 0, "max": 0, "dmean2": 0, "median": 0, "dvar": 0}, "bpm_histogram_second_peak_bpm": {"dvar2": 0, "var": 0, "min": 0, "dmean": 0, "mean": 0, "max": 0, "dmean2": 0, "median": 0, "dvar": 0}, "onset_rate": 4.30431270599}, "lowlevel": {"spectral_energyband_high": {"dvar2": 4.85504551762e-06, "var": 6.77470552546e-06, "min": 2.00037941767e-09, "dmean": 0.000665657047648, "mean": 0.00101547152735, "max": 0.0349790453911, "dmean2": 0.000877599988598, "median": 0.000184573756997, "dvar": 2.71803764917e-06}, "spectral_energyband_middle_low": {"dvar2": 0.000151288390043, "var": 9.08602742129e-05, "min": 2.25368709805e-10, "dmean": 0.00523384287953, "mean": 0.00753996009007, "max": 0.19936683774, "dmean2": 0.00800686515868, "median": 0.00430761510506, "dvar": 6.37889388599e-05}, "spectral_energy": {"dvar2": 0.002650401555, "var": 0.00280013587326, "min": 3.95102928152e-09, "dmean": 0.0228994786739, "mean": 0.0515534989536, "max": 0.347400814295, "dmean2": 0.0326597243547, "median": 0.0358605533838, "dvar": 0.00136339582969}, "spectral_spread": {"dvar2": 544475873280, "var": 638482513920, "min": 1145821.75, "dmean": 527707.0625, "mean": 3649552.75, "max": 14200260, "dmean2": 804731.1875, "median": 3568232.25, "dvar": 244499841024}, "spectral_energyband_low": {"dvar2": 0.00267554214224, "var": 0.00250893691555, "min": 9.85400511189e-11, "dmean": 0.0182985812426, "mean": 0.0368906483054, "max": 0.335187494755, "dmean2": 0.026645924896, "median": 0.023161644116, "dvar": 0.00135493429843}, "spectral_rolloff": {"dvar2": 45362432, "var": 23348642, "min": 43.06640625, "dmean": 1480.43518066, "mean": 2263.74902344, "max": 21985.4003906, "dmean2": 2696.30834961, "median": 581.396484375, "dvar": 17655346}, "barkbands": {"dvar2": [7.05042184563e-05, 0.00227852980606, 0.000102776990389, 1.76300291059e-05, 5.36961015314e-05, 2.26640568144e-05, 1.77849815373e-05, 5.25464611201e-06, 3.17834269481e-06, 1.95557572624e-06, 1.69940960859e-06, 2.59912712863e-06, 1.17156844226e-06, 1.90975515579e-06, 9.67920982475e-07, 5.6270192772e-07, 9.27160613173e-07, 1.06279810552e-06, 4.67845495677e-07, 8.69343693921e-07, 1.16795433769e-06, 3.02952912534e-07, 3.26852926946e-08, 4.21958779029e-09, 3.93391097475e-10, 4.1731871292e-09, 1.16867632016e-07], "var": [4.48298123956e-05, 0.0018825737061, 4.68251855636e-05, 6.79741378917e-06, 2.07125922316e-05, 1.04267173811e-05, 9.77264062385e-06, 2.55158965956e-06, 1.50024243339e-06, 9.27408279949e-07, 9.3349206054e-07, 1.36212622692e-06, 5.39010045486e-07, 9.25540632579e-07, 5.05627042457e-07, 4.54597824273e-07, 6.50446793315e-07, 1.02673061519e-06, 4.00738429107e-07, 7.75797843744e-07, 1.22504513911e-06, 3.19213825151e-07, 2.6516252305e-08, 1.69187019949e-09, 1.76542905295e-10, 2.42898345881e-09, 3.74446926799e-07], "min": [3.7909762135e-11, 2.8233625507e-11, 2.82987973332e-11, 6.90464872777e-12, 1.30639162682e-11, 6.64449328891e-11, 3.43967909711e-11, 6.72603223117e-11, 3.05058756034e-11, 4.42306573312e-11, 3.78257009048e-11, 6.70203337272e-11, 8.52393919337e-11, 4.66893676498e-11, 1.98511571764e-11, 6.40936678731e-11, 9.47145001318e-11, 2.88511298185e-10, 5.50608378336e-11, 8.16733833342e-11, 1.44612793962e-10, 8.51925405221e-11, 9.32627655659e-11, 3.41596362308e-10, 1.73464770326e-10, 5.5149929068e-10, 7.619460618e-10], "dmean": [0.0026173919905, 0.0156417433172, 0.0029314327985, 0.00132522347849, 0.00220274995081, 0.00124432297889, 0.000942942744587, 0.000580373627599, 0.000454147404525, 0.000345617299899, 0.000365041370969, 0.000519115827046, 0.000311266048811, 0.000431691878475, 0.000276982813375, 0.00023950036848, 0.000337083882187, 0.000422032579081, 0.000222639224376, 0.000223663097131, 0.000239937420702, 0.0001653569052, 5.65806876693e-05, 1.38035438795e-05, 3.86734609492e-06, 1.71700667124e-05, 9.75930597633e-05], "mean": [0.00573803856969, 0.0282577611506, 0.00308939930983, 0.00136200815905, 0.00234977644868, 0.00146597716957, 0.00111892959103, 0.000648929097224, 0.000488654710352, 0.000398674834287, 0.000467862962978, 0.000680492026731, 0.000385153281968, 0.000564596441109, 0.000361251557479, 0.000314563629217, 0.000415468442952, 0.000573174911551, 0.000307297159452, 0.000308047805447, 0.000333415460773, 0.000225936702918, 7.18559167581e-05, 1.41538703247e-05, 3.53052746505e-06, 2.09096451727e-05, 0.000188957536011], "max": [0.069103717804, 0.314289629459, 0.079630561173, 0.0780589729548, 0.0863447785378, 0.106152392924, 0.0888769477606, 0.0293405950069, 0.0171548761427, 0.0182603187859, 0.019071156159, 0.0184555184096, 0.0124292336404, 0.0211723968387, 0.0217889621854, 0.0136509109288, 0.0168778374791, 0.0138898007572, 0.00923395249993, 0.0134585015476, 0.0187766794115, 0.00997046846896, 0.00358744431287, 0.000928642402869, 0.000645217194688, 0.00130084750708, 0.0101895555854], "dmean2": [0.004454751499, 0.0230013132095, 0.00467142323032, 0.00222322554328, 0.00361631554551, 0.00200358126312, 0.00147705094423, 0.000934968411457, 0.000726819736883, 0.000546058290638, 0.000582468113862, 0.000825083523523, 0.000503826304339, 0.000683967547957, 0.000430965446867, 0.000368144217646, 0.000508055265527, 0.000575648562517, 0.00031238788506, 0.000314940960379, 0.000336091936333, 0.00022449210519, 7.98990222393e-05, 2.16468961298e-05, 6.26657447356e-06, 2.47647712968e-05, 0.000123764082673], "median": [0.00437700143084, 0.0159344282001, 0.000689014676027, 0.00046935127466, 0.000819731969386, 0.000428883591667, 0.000235774932662, 0.000121619668789, 7.6134383562e-05, 7.83151117503e-05, 0.000114104594104, 0.000303829467157, 0.000157367932843, 0.000247923890129, 0.00013982236851, 9.99724288704e-05, 0.000110574648716, 0.000105438208266, 5.40051842108e-05, 4.81897513964e-05, 3.06191359414e-05, 3.25475484715e-05, 1.21303755805e-05, 2.5991791972e-06, 7.45352565446e-07, 4.49442541139e-06, 5.62688655918e-05], "dvar": [2.64216832875e-05, 0.0011188731296, 4.29558094766e-05, 6.87578676661e-06, 2.11323858821e-05, 9.0285375336e-06, 7.76283741288e-06, 2.07853986467e-06, 1.280113338e-06, 8.05788033631e-07, 6.85926181632e-07, 1.05872288714e-06, 4.63134853135e-07, 7.58243118071e-07, 4.08184888556e-07, 2.72112458788e-07, 4.11782707488e-07, 5.25973916865e-07, 2.22764313662e-07, 4.24688494149e-07, 5.85252735164e-07, 1.53876413833e-07, 1.5408497589e-08, 1.71495906365e-09, 1.76802544827e-10, 1.87228277326e-09, 9.25121810269e-08]}, "melbands_skewness": {"dvar2": 10.0516242981, "var": 14.4238653183, "min": -1.92824363708, "dmean": 1.82816839218, "mean": 4.49222660065, "max": 38.575050354, "dmean2": 2.64999175072, "median": 3.47064113617, "dvar": 5.03195762634}, "barkbands_skewness": {"dvar2": 5.31636428833, "var": 8.13184165955, "min": -2.43042850494, "dmean": 1.36780524254, "mean": 3.08145189285, "max": 18.4216327667, "dmean2": 1.9792444706, "median": 2.35724329948, "dvar": 2.61401438713}, "erbbands": {"dvar2": [4.0850148201, 92.6851806641, 179.359741211, 108.177200317, 476.118011475, 946.658508301, 1131.68469238, 1711.72070312, 4258.38037109, 2225.57910156, 2324.77563477, 1728.91479492, 1743.37927246, 2019.11108398, 2663.46972656, 4525.11474609, 2203.75268555, 3757.6340332, 4472.67675781, 1056.984375, 1796.59753418, 3293.52978516, 2574.74511719, 2525.82495117, 1134.21630859, 1950.11877441, 2240.375, 1460.92712402, 451.62612915, 132.184326172, 19.7664527893, 2.32184195518, 1.27580428123, 0.133311092854, 0.00707857077941, 0.0365336686373, 0.0134772770107, 0.0128092123196, 0.00442931894213, 3.31133414875e-05], "var": [2.17512321472, 90.1596450806, 98.8885116577, 46.7911338806, 169.363311768, 345.643920898, 396.47644043, 890.871826172, 2474.08276367, 915.180603027, 1204.9197998, 788.759521484, 911.250305176, 1077.77954102, 1545.59606934, 2404.40673828, 1105.47631836, 1964.60253906, 2315.30273438, 762.719360352, 1551.3815918, 2276.02124023, 2514.15014648, 2194.29833984, 950.617919922, 1737.78430176, 2243.52124023, 1538.20544434, 491.747680664, 113.077445984, 16.9332256317, 1.68095493317, 0.392595738173, 0.0511894375086, 0.00336470641196, 0.0139202168211, 0.00942338444293, 0.0171738453209, 0.0125598488376, 0.00010002219642], "min": [2.28346430653e-09, 1.45768697113e-09, 1.88930702194e-08, 4.24521005016e-08, 1.95473202069e-08, 7.51702060597e-08, 3.07290321189e-07, 4.71178992711e-07, 2.82496273485e-07, 1.02804744984e-06, 1.53446876539e-06, 8.39865379021e-07, 7.32801652248e-07, 1.49160553065e-06, 2.08882033803e-06, 3.0745334243e-06, 4.35332503912e-06, 2.4617490908e-06, 1.75044544903e-06, 1.89327136013e-06, 3.37823394148e-06, 5.59498175789e-06, 1.08759631985e-05, 1.12615180115e-05, 2.61338755081e-06, 3.6507913137e-06, 5.41946519661e-06, 5.19347986483e-06, 2.78087986771e-06, 3.37917276738e-06, 2.7275038974e-06, 3.90505647374e-06, 7.58632995712e-06, 2.58054797087e-06, 8.29121461265e-07, 2.39757696363e-06, 9.68338667917e-07, 2.6845418688e-07, 6.12674924128e-08, 1.42256864066e-08], "dmean": [0.599883079529, 3.19846892357, 3.82706952095, 3.5333173275, 6.25069379807, 8.14737129211, 6.68945598602, 11.481508255, 14.6058244705, 11.6979894638, 12.0382080078, 10.4428424835, 9.70798015594, 12.6357889175, 15.1561336517, 21.2220306396, 13.7771635056, 20.120059967, 19.027639389, 10.7609786987, 13.9335279465, 20.5838432312, 20.2084541321, 20.0729751587, 9.09518909454, 10.643614769, 10.4253368378, 8.93665122986, 6.15348339081, 3.48650097847, 1.47906243801, 0.473720192909, 0.188954383135, 0.0616833269596, 0.0223932545632, 0.0328496024013, 0.0345734544098, 0.0372524186969, 0.0149799948558, 0.00167907436844], "mean": [1.2268409729, 4.70471668243, 4.58470344543, 3.95074367523, 6.62539768219, 8.25277996063, 7.5081653595, 13.4932861328, 17.4997310638, 13.994811058, 13.7460651398, 11.2627296448, 11.2909297943, 16.1434078217, 20.5595703125, 28.1861515045, 18.3414573669, 27.343170166, 25.4188976288, 15.2390708923, 18.9842796326, 25.1799449921, 27.4619827271, 26.8124923706, 12.8445491791, 14.6251745224, 14.4351425171, 12.144408226, 8.38295650482, 4.6272611618, 1.89794945717, 0.599161028862, 0.158401802182, 0.0538457967341, 0.0211883950979, 0.0289761144668, 0.0445073843002, 0.0554300919175, 0.0259854607284, 0.00413611298427], "max": [11.6103849411, 62.1355400085, 100.874092102, 156.487564087, 253.373931885, 388.978118896, 1084.58886719, 587.493225098, 1609.9197998, 628.514404297, 607.969238281, 452.044616699, 575.350769043, 625.469543457, 910.917175293, 882.79486084, 629.174255371, 829.956298828, 972.039855957, 475.424133301, 804.056884766, 969.716491699, 753.119384766, 522.489013672, 442.35949707, 668.178833008, 796.941101074, 583.315917969, 399.268707275, 205.196624756, 82.8748931885, 23.5515594482, 15.2179203033, 11.1514539719, 2.29647088051, 4.82349491119, 2.68381905556, 1.81086969376, 2.25734567642, 0.193944558501], "dmean2": [0.959498882294, 4.4784321785, 5.80378723145, 5.76558303833, 10.4897603989, 13.4004592896, 10.8844823837, 18.4529819489, 22.7058963776, 18.9434814453, 19.275642395, 16.7023029327, 15.1929368973, 19.6957130432, 23.7251682281, 33.8082046509, 21.8313522339, 31.8327980042, 29.3526535034, 16.1442527771, 20.8029918671, 31.3380508423, 28.1909046173, 27.3328399658, 12.7464580536, 15.1069459915, 14.6577482224, 12.4838142395, 8.37554359436, 4.85397529602, 2.05120801926, 0.676540493965, 0.313714444637, 0.100946061313, 0.0360073186457, 0.0531879886985, 0.0486173704267, 0.0495478510857, 0.0190844293684, 0.00218398612924], "median": [0.96725910902, 1.37803184986, 1.05713760853, 1.41156947613, 2.38070964813, 2.40869784355, 2.33536720276, 3.80796146393, 3.67863559723, 3.56000733376, 2.6502969265, 1.87833404541, 2.28652501106, 4.32112979889, 6.68311405182, 13.0224485397, 8.25080871582, 13.0146856308, 10.3457698822, 6.64959335327, 5.90359210968, 6.68656778336, 5.74793100357, 4.08741521835, 2.69833993912, 2.30939865112, 1.3707395792, 1.29023003578, 1.1826595068, 0.726353287697, 0.315110892057, 0.107702985406, 0.0220034550875, 0.00972753111273, 0.00511171622202, 0.00477587571368, 0.00936372950673, 0.0107855880633, 0.00445882650092, 0.00194312620442], "dvar": [1.59849429131, 50.8746528625, 79.2886886597, 43.4186286926, 181.718338013, 372.595916748, 440.389007568, 704.099304199, 1911.27526855, 854.382568359, 922.627319336, 690.893371582, 740.819335938, 842.481079102, 1103.70361328, 1875.17041016, 893.904602051, 1498.13598633, 1855.22436523, 479.277099609, 893.180847168, 1455.90283203, 1274.09814453, 1198.59228516, 538.877441406, 961.042663574, 1100.28527832, 739.734924316, 230.731491089, 64.4925537109, 9.45844650269, 1.06711375713, 0.499827235937, 0.0565243735909, 0.0031956715975, 0.0154972067103, 0.00630291365087, 0.00700754392892, 0.00322342477739, 2.45614137384e-05]}, "silence_rate_30dB": {"dvar2": 0.12884901464, "var": 0.104603379965, "min": 0, "dmean": 0.0742431506515, "mean": 0.881321310997, "max": 1, "dmean2": 0.148504137993, "median": 1, "dvar": 0.0687330365181}, "melbands_spread": {"dvar2": 326.808288574, "var": 511.825408936, "min": 0.0941338762641, "dmean": 9.04132556915, "mean": 19.1856689453, "max": 179.392929077, "dmean2": 13.0095186234, "median": 11.3972234726, "dvar": 171.734603882}, "melbands_crest": {"dvar2": 34.5521888733, "var": 77.6708068848, "min": 3.08421993256, "dmean": 4.27840995789, "mean": 22.7939395905, "max": 38.2957954407, "dmean2": 6.60835647583, "median": 23.5521526337, "dvar": 15.5812606812}, "zerocrossingrate": {"dvar2": 0.000830849457998, "var": 0.00582419428974, "min": 0.001953125, "dmean": 0.0229141991585, "mean": 0.100425995886, "max": 0.595703125, "dmean2": 0.0273125972599, "median": 0.0810546875, "dvar": 0.000580385793}, "barkbands_kurtosis": {"dvar2": 4145.1640625, "var": 3486.609375, "min": -1.8708896637, "dmean": 19.0963821411, "mean": 25.948507309, "max": 720.766784668, "dmean2": 29.8244018555, "median": 6.31904506683, "dvar": 1907.35253906}, "spectral_flux": {"dvar2": 0.00572421215475, "var": 0.00472425622866, "min": 6.28572161077e-05, "dmean": 0.0401770807803, "mean": 0.110245160758, "max": 0.481334686279, "dmean2": 0.0640307217836, "median": 0.0934804677963, "dvar": 0.00239299540408}, "barkbands_crest": {"dvar2": 17.4431152344, "var": 27.6488857269, "min": 2.40105104446, "dmean": 3.06056141853, "mean": 13.5253782272, "max": 26.0564517975, "dmean2": 4.72773599625, "median": 13.6807470322, "dvar": 7.90007162094}, "barkbands_flatness_db": {"dvar2": 0.00279543176293, "var": 0.00702233333141, "min": 0.0184536818415, "dmean": 0.039655290544, "mean": 0.184579953551, "max": 0.565490424633, "dmean2": 0.0556801781058, "median": 0.173662498593, "dvar": 0.00145107612479}, "spectral_entropy": {"dvar2": 0.122259706259, "var": 0.170729160309, "min": 5.5454583168, "dmean": 0.229142442346, "mean": 7.49916982651, "max": 8.55149555206, "dmean2": 0.341928303242, "median": 7.58794975281, "dvar": 0.0561841316521}, "pitch_salience": {"dvar2": 0.0170569680631, "var": 0.0309350695461, "min": 0.0334179140627, "dmean": 0.0969571024179, "mean": 0.423211097717, "max": 0.840395748615, "dmean2": 0.148622870445, "median": 0.422817885876, "dvar": 0.00771492253989}, "erbbands_spread": {"dvar2": 333.183349609, "var": 310.596740723, "min": 1.26306784153, "dmean": 11.424744606, "mean": 34.6133422852, "max": 165.057250977, "dmean2": 17.4355716705, "median": 31.9977741241, "dvar": 139.943984985}, "dynamic_complexity": 2.66744804382, "spectral_contrast_valleys": {"dvar2": [0.30218192935, 0.426752775908, 0.388799965382, 0.297069549561, 0.342371493578, 0.939159572124], "var": [0.622756302357, 0.852194964886, 0.860959410667, 0.737227797508, 1.04310071468, 1.02101707458], "min": [-15.8823642731, -14.1379232407, -14.7605381012, -14.7738857269, -14.1958494186, -16.0542240143], "dmean": [0.424834012985, 0.533289730549, 0.502395987511, 0.436846286058, 0.471645027399, 0.756460309029], "mean": [-6.77191543579, -6.9856801033, -7.46645259857, -7.56320095062, -7.67212486267, -11.3382463455], "max": [-4.75657844543, -4.26227617264, -5.04835939407, -5.407143116, -5.08253908157, -8.25957679749], "dmean2": [0.662733733654, 0.790424644947, 0.726590096951, 0.587716281414, 0.593350410461, 1.16559886932], "median": [-6.6796131134, -6.92313289642, -7.40381383896, -7.44338560104, -7.66737937927, -11.3087034225], "dvar": [0.143588915467, 0.221443980932, 0.216259121895, 0.178120151162, 0.207266375422, 0.398928076029]}, "hfc": {"dvar2": 2594.73120117, "var": 4485.36328125, "min": 4.3367715989e-05, "dmean": 21.3728885651, "mean": 51.6969795227, "max": 977.695007324, "dmean2": 30.2817726135, "median": 26.5480918884, "dvar": 1224.17370605}, "spectral_kurtosis": {"dvar2": 42.9040603638, "var": 38.9209365845, "min": 1.5147857666, "dmean": 3.18478608131, "mean": 11.1622848511, "max": 71.7867202759, "dmean2": 4.85378456116, "median": 9.54305934906, "dvar": 17.363702774}, "mfcc": {"mean": [-680.47454834, 144.420288086, -16.045463562, 46.8939247131, 5.82483577728, 32.6164588928, 0.175609856844, 13.7508354187, -4.63593864441, 3.15083098412, 7.97479057312, 7.6401515007, 6.37223625183], "cov": [[6435.81298828, -1291.03686523, -857.317932129, 183.720748901, -521.843017578, -92.4010314941, -388.013977051, 261.811798096, -197.874282837, -39.3539924622, -154.930328369, -148.370605469, -210.770370483], [-1291.03686523, 1578.42370605, 347.709442139, -554.483154297, -20.5457515717, -212.73008728, -1.58260023594, -281.248474121, 120.722122192, 13.5230922699, 18.5741672516, -15.6147871017, 31.0104045868], [-857.317932129, 347.709442139, 818.489074707, -14.3413743973, 155.577789307, -78.5956726074, 105.55418396, -73.2403106689, 112.187347412, 28.9050884247, 43.8615989685, 31.1955699921, 4.35287332535], [183.720748901, -554.483154297, -14.3413743973, 625.075317383, 87.2070236206, 174.753494263, -10.9636306763, 137.090667725, -28.6980686188, 6.58268499374, -3.00724506378, 27.2736492157, -4.29331874847], [-521.843017578, -20.5457515717, 155.577789307, 87.2070236206, 472.104309082, 21.7429561615, 61.8885993958, 83.0630950928, -39.6418838501, -17.9220733643, 114.078071594, 28.504650116, 41.8031158447], [-92.4010314941, -212.73008728, -78.5956726074, 174.753494263, 21.7429561615, 258.195159912, 86.1350860596, 70.9068527222, -15.2101125717, -6.84097003937, -39.6093711853, -4.16575241089, 21.0451526642], [-388.013977051, -1.58260023594, 105.55418396, -10.9636306763, 61.8885993958, 86.1350860596, 243.341033936, 42.3702735901, 75.3262329102, -1.79288244247, -34.1531562805, -4.6542468071, 25.2710170746], [261.811798096, -281.248474121, -73.2403106689, 137.090667725, 83.0630950928, 70.9068527222, 42.3702735901, 258.16784668, -31.0162754059, 3.46534657478, 44.0884742737, -8.70653247833, 6.41585159302], [-197.874282837, 120.722122192, 112.187347412, -28.6980686188, -39.6418838501, -15.2101125717, 75.3262329102, -31.0162754059, 216.201034546, 59.207950592, -29.5726890564, 8.70856952667, -14.8074874878], [-39.3539924622, 13.5230922699, 28.9050884247, 6.58268499374, -17.9220733643, -6.84097003937, -1.79288244247, 3.46534657478, 59.207950592, 116.101577759, 48.9631690979, 20.9296512604, -4.09813070297], [-154.930328369, 18.5741672516, 43.8615989685, -3.00724506378, 114.078071594, -39.6093711853, -34.1531562805, 44.0884742737, -29.5726890564, 48.9631690979, 186.264083862, 56.5768852234, 10.5507955551], [-148.370605469, -15.6147871017, 31.1955699921, 27.2736492157, 28.504650116, -4.16575241089, -4.6542468071, -8.70653247833, 8.70856952667, 20.9296512604, 56.5768852234, 109.88470459, 32.7466201782], [-210.770370483, 31.0104045868, 4.35287332535, -4.29331874847, 41.8031158447, 21.0451526642, 25.2710170746, 6.41585159302, -14.8074874878, -4.09813070297, 10.5507955551, 32.7466201782, 91.1906356812]], "icov": [[0.000272678007605, 0.000201501650736, 0.000100490186014, 8.5340012447e-05, 0.000178830610821, 0.00020243646577, 0.000309155671857, -0.00027063608286, 4.95646272611e-05, -2.7778232834e-05, 0.000204926283914, 0.000102997124486, 0.000311716343276], [0.000201501650736, 0.0013729208149, -0.000320670718793, 0.000938378856517, 5.50027871213e-05, 0.000116366252769, 0.000548678915948, 0.000568408635445, -0.000514403218403, 0.000162226249813, -0.000214847823372, 0.000643772131298, -0.000468327983981], [0.000100490186014, -0.000320670718793, 0.00182506965939, -0.000549146905541, -0.000424337544246, 0.00083780917339, -0.000869825424161, 0.000370781664969, -0.000363620260032, -0.000101765799627, -0.000135762442369, -0.000176277404535, 0.000459864822915], [8.5340012447e-05, 0.000938378856517, -0.000549146905541, 0.00315428804606, -0.000468928163173, -0.00173573289067, 0.00154242967255, -0.000721995369531, -0.000373399176169, -0.000221963447984, 0.000729973835405, -0.000738168193493, 0.000401765049901], [0.000178830610821, 5.50027871213e-05, -0.000424337544246, -0.000468928163173, 0.00338175077923, 0.000185992073966, -0.000680339580867, -0.000573812052608, 0.000313266034937, 0.00136519921944, -0.00224830070511, 0.000663995801006, -0.000837542465888], [0.00020243646577, 0.000116366252769, 0.00083780917339, -0.00173573289067, 0.000185992073966, 0.00673881266266, -0.00258677080274, -0.000453248881968, 0.0011524904985, -0.000830302131362, 0.00127736316063, 0.000142746561323, -0.000634328695014], [0.000309155671857, 0.000548678915948, -0.000869825424161, 0.00154242967255, -0.000680339580867, -0.00258677080274, 0.00756608508527, -0.00162873324007, -0.00263144541532, 0.000722929544281, 0.0014390416909, 0.000285595655441, -0.00109503488056], [-0.00027063608286, 0.000568408635445, 0.000370781664969, -0.000721995369531, -0.000573812052608, -0.000453248881968, -0.00162873324007, 0.00633599935099, -3.40146034432e-05, 0.000160376308486, -0.00248986855149, 0.00187008013017, -0.000879068044014], [4.95646272611e-05, -0.000514403218403, -0.000363620260032, -0.000373399176169, 0.000313266034937, 0.0011524904985, -0.00263144541532, -3.40146034432e-05, 0.00793823692948, -0.00450438540429, 0.00258627091534, -0.00165913370438, 0.00199445430189], [-2.7778232834e-05, 0.000162226249813, -0.000101765799627, -0.000221963447984, 0.00136519921944, -0.000830302131362, 0.000722929544281, 0.000160376308486, -0.00450438540429, 0.0132018178701, -0.00521493051201, 0.000387212494388, -0.000444601202616], [0.000204926283914, -0.000214847823372, -0.000135762442369, 0.000729973835405, -0.00224830070511, 0.00127736316063, 0.0014390416909, -0.00248986855149, 0.00258627091534, -0.00521493051201, 0.0112917199731, -0.00495012523606, 0.00175654084887], [0.000102997124486, 0.000643772131298, -0.000176277404535, -0.000738168193493, 0.000663995801006, 0.000142746561323, 0.000285595655441, 0.00187008013017, -0.00165913370438, 0.000387212494388, -0.00495012523606, 0.0137001425028, -0.00515425484627], [0.000311716343276, -0.000468327983981, 0.000459864822915, 0.000401765049901, -0.000837542465888, -0.000634328695014, -0.00109503488056, -0.000879068044014, 0.00199445430189, -0.000444601202616, 0.00175654084887, -0.00515425484627, 0.0146899204701]]}, "silence_rate_20dB": {"dvar2": 0, "var": 0, "min": 1, "dmean": 0, "mean": 1, "max": 1, "dmean2": 0, "median": 1, "dvar": 0}, "melbands_kurtosis": {"dvar2": 16661.2949219, "var": 12579.6064453, "min": -1.83382725716, "dmean": 36.4799880981, "mean": 50.366519928, "max": 2137.87963867, "dmean2": 56.0350379944, "median": 15.1641368866, "dvar": 7819.54443359}, "barkbands_spread": {"dvar2": 175.139816284, "var": 313.815704346, "min": 0.224221140146, "dmean": 8.03011894226, "mean": 19.7784633636, "max": 115.78212738, "dmean2": 11.5888881683, "median": 14.5288219452, "dvar": 96.5474319458}, "erbbands_skewness": {"dvar2": 0.665179133415, "var": 1.09824728966, "min": -6.29165744781, "dmean": 0.589463949203, "mean": -0.10621971637, "max": 4.42603111267, "dmean2": 0.863611161709, "median": -0.13201251626, "dvar": 0.324439793825}, "average_loudness": 0.935014605522, "spectral_centroid": {"dvar2": 358977.53125, "var": 813422.75, "min": 99.1214752197, "dmean": 406.876251221, "mean": 1416.21826172, "max": 4517.31152344, "dmean2": 576.460449219, "median": 1205.78747559, "dvar": 216862.5}, "dissonance": {"dvar2": 0.00108699034899, "var": 0.000776829489041, "min": 0.280665040016, "dmean": 0.0180299151689, "mean": 0.472852230072, "max": 0.500000059605, "dmean2": 0.0297170709819, "median": 0.482347548008, "dvar": 0.000419512565713}, "erbbands_flatness_db": {"dvar2": 0.0012193673756, "var": 0.00183094083332, "min": 0.0569428429008, "dmean": 0.0272575728595, "mean": 0.152471616864, "max": 0.33160752058, "dmean2": 0.0410038866103, "median": 0.145748063922, "dvar": 0.000547599687707}, "spectral_strongpeak": {"dvar2": 61.8744316101, "var": 20.2709331512, "min": 0, "dmean": 0.592187583447, "mean": 0.693775415421, "max": 162.969909668, "dmean2": 1.02724194527, "median": 0.250940769911, "dvar": 24.5773506165}, "spectral_rms": {"dvar2": 5.29549697603e-06, "var": 9.60702982411e-06, "min": 1.96332939595e-06, "dmean": 0.00139451597352, "mean": 0.00637880573049, "max": 0.0184099860489, "dmean2": 0.00192827358842, "median": 0.00591488881037, "dvar": 3.07195227833e-06}, "silence_rate_60dB": {"dvar2": 0.0325263217092, "var": 0.0174610558897, "min": 0, "dmean": 0.0138154737651, "mean": 0.0177777782083, "max": 1, "dmean2": 0.0275141168386, "median": 0, "dvar": 0.0136244669557}, "melbands": {"dvar2": [0.000226587784709, 6.81803649059e-05, 3.56828127224e-06, 3.53460563929e-06, 1.03011257124e-06, 8.14147767869e-07, 8.52762752857e-07, 2.5120709779e-07, 1.35023029202e-07, 6.77491343026e-08, 4.51519603928e-08, 3.66656784934e-08, 2.93755881842e-08, 4.17719441259e-08, 1.71310485797e-08, 1.23501440186e-08, 1.54555124254e-08, 1.56413282326e-08, 4.06025568722e-09, 2.43252040733e-09, 3.06001557426e-09, 4.54009763118e-09, 2.19862128503e-09, 2.48017029136e-09, 1.92229432372e-09, 7.27933824329e-10, 7.6160949769e-10, 1.07527831084e-09, 1.18074183764e-09, 9.15901632315e-10, 4.77414940914e-10, 1.8816093128e-10, 1.06209985251e-10, 3.05860267669e-11, 9.47128833695e-12, 2.20188429122e-12, 6.18121276819e-13, 7.474135243e-13, 3.27594152976e-13, 5.38777667771e-14], "var": [0.000167273537954, 5.60679254704e-05, 1.55195255047e-06, 1.30961916511e-06, 4.02610538686e-07, 4.2962506086e-07, 5.00001590353e-07, 1.04686115776e-07, 7.38458894034e-08, 3.09785086472e-08, 2.29653469574e-08, 1.83207884419e-08, 1.75957701742e-08, 2.05075014748e-08, 9.22585918772e-09, 5.47622036606e-09, 7.62317231562e-09, 7.56866924689e-09, 2.14710604851e-09, 1.66597557971e-09, 2.37021735572e-09, 2.72222866471e-09, 1.88895543651e-09, 2.24834240115e-09, 1.50593215675e-09, 5.31385213609e-10, 5.65234414829e-10, 8.83738249247e-10, 1.00015207227e-09, 7.83203668586e-10, 4.66069960403e-10, 1.85570545042e-10, 8.68036614809e-11, 2.23061777382e-11, 6.78033931084e-12, 2.17739216414e-12, 3.18001972411e-13, 2.15496742087e-13, 1.08807162228e-13, 2.14654428807e-14], "min": [1.69142790052e-11, 7.75124756047e-12, 6.34269850183e-12, 3.51931721612e-12, 8.54722976423e-12, 1.10776205917e-11, 5.64854499979e-12, 1.27531414248e-11, 1.14048805122e-11, 4.55865466903e-12, 3.60563358684e-12, 6.09433163656e-12, 6.2273320181e-12, 7.76029674548e-12, 8.25450038183e-12, 8.15133377463e-12, 4.40465068932e-12, 3.28405293411e-12, 1.12775316429e-12, 4.74826428176e-12, 3.43773230368e-12, 4.56163188819e-12, 8.78681676031e-12, 1.32724543161e-11, 8.88229247098e-12, 1.59474961448e-12, 2.5292999032e-12, 2.08776962732e-12, 3.6822918846e-12, 2.82786272697e-12, 2.99596372016e-12, 1.26057497774e-12, 1.98592834885e-12, 1.80614247516e-12, 1.64184681475e-12, 1.28780590792e-12, 2.68557029913e-12, 2.0480776363e-12, 1.17851247424e-12, 1.07210019942e-12], "dmean": [0.00483740819618, 0.00264407065697, 0.000672583759297, 0.00054215779528, 0.00024550256785, 0.000254736049101, 0.00021455566457, 0.000129266656586, 9.47769658524e-05, 6.48032291792e-05, 4.91450336995e-05, 5.11622274644e-05, 4.92925501021e-05, 6.27634581178e-05, 4.03463818657e-05, 3.07767732011e-05, 4.01540455641e-05, 3.4169817809e-05, 1.82970179594e-05, 1.48353528857e-05, 1.67921971297e-05, 2.30157893384e-05, 1.69666145666e-05, 1.94705207832e-05, 1.69164777617e-05, 7.18260207577e-06, 6.34696652924e-06, 7.59223848945e-06, 7.08386278347e-06, 6.15801354797e-06, 5.04647505295e-06, 3.57635894943e-06, 3.11802909891e-06, 1.53238931944e-06, 9.03128238861e-07, 5.81677625178e-07, 1.8624832876e-07, 1.38531859761e-07, 8.5395292615e-08, 4.12736902433e-08], "mean": [0.0095671126619, 0.00368190906011, 0.000772751693148, 0.000566629460081, 0.000276548438706, 0.000302571483189, 0.000259280175669, 0.000150085819769, 0.00010684470908, 6.86038911226e-05, 5.55003862246e-05, 6.33100498817e-05, 6.54248287901e-05, 7.91996571934e-05, 5.45782277186e-05, 3.82134858228e-05, 5.23944909219e-05, 4.34658577433e-05, 2.3675038392e-05, 1.95203647309e-05, 2.20539732254e-05, 2.67812520178e-05, 2.24384566536e-05, 2.62554040091e-05, 2.18893965211e-05, 9.69497432379e-06, 8.53662277223e-06, 1.00297784229e-05, 9.33882347454e-06, 8.09958874015e-06, 6.64304707243e-06, 4.75690785606e-06, 4.08198366131e-06, 1.90350726825e-06, 1.09641325707e-06, 7.63193270359e-07, 2.09012284813e-07, 1.08912672658e-07, 6.84239225279e-08, 3.66451509137e-08], "max": [0.0965522229671, 0.0601422637701, 0.0264028608799, 0.0236588716507, 0.0285990033299, 0.0118450969458, 0.0208720006049, 0.00699670705944, 0.0046075261198, 0.00285108899698, 0.0027855609078, 0.0027617411688, 0.00285805435851, 0.00244045211002, 0.00205686176196, 0.00148753251415, 0.00168016192038, 0.00199167686515, 0.00152987602632, 0.000795126892626, 0.00114441872574, 0.00120278936811, 0.00103364919778, 0.000631969014648, 0.00044248305494, 0.000444939068984, 0.000453413027572, 0.000444334262284, 0.000642888247967, 0.000490555306897, 0.000335671240464, 0.00031727514579, 0.000169848281075, 9.33278570301e-05, 5.07763143105e-05, 3.0732669984e-05, 1.32724362629e-05, 9.81606626738e-06, 1.3068228327e-05, 8.03036255093e-06], "dmean2": [0.00729736313224, 0.00375035917386, 0.00109711196274, 0.000895812350791, 0.000394369708374, 0.000408463092754, 0.000333531759679, 0.000209260717384, 0.000152371227159, 0.000102957928902, 7.73778083385e-05, 8.03561561042e-05, 7.75205990067e-05, 0.000100723627838, 6.32442752249e-05, 4.97847795486e-05, 6.40469588689e-05, 5.35959625267e-05, 2.8329250199e-05, 2.28809985856e-05, 2.56267303484e-05, 3.57582794095e-05, 2.46305990004e-05, 2.68229596259e-05, 2.36054092966e-05, 1.02986350612e-05, 9.24271444092e-06, 1.1000754057e-05, 1.02431849882e-05, 8.91221316124e-06, 7.153981187e-06, 5.03980709254e-06, 4.34920821135e-06, 2.20495962822e-06, 1.29333830046e-06, 8.23928019145e-07, 2.82929107698e-07, 2.34505634467e-07, 1.43640065176e-07, 6.71025759402e-08], "median": [0.00649209553376, 0.000936193682719, 0.000293648947263, 0.000188478181371, 8.75436380738e-05, 8.54535828694e-05, 5.69822441321e-05, 3.56579257641e-05, 1.79198141268e-05, 1.06099196273e-05, 1.05658818939e-05, 1.59613373398e-05, 1.82834046427e-05, 3.223161184e-05, 2.36016858253e-05, 1.58155908139e-05, 2.38205557253e-05, 1.61908028531e-05, 9.2681229944e-06, 7.10950007488e-06, 6.32717456028e-06, 6.64350591251e-06, 5.68999166717e-06, 4.45844216301e-06, 3.13238297167e-06, 1.89915260762e-06, 1.66953941516e-06, 1.32010802645e-06, 8.37711127133e-07, 6.65350967211e-07, 6.8646585305e-07, 6.44414456019e-07, 5.86412170378e-07, 2.98100616192e-07, 1.76803780505e-07, 1.17403963884e-07, 3.92655508108e-08, 1.04122053202e-08, 8.19851297962e-09, 7.05196567807e-09], "dvar": [0.000103705569927, 3.44333529938e-05, 1.41331270243e-06, 1.3794848428e-06, 4.12620636325e-07, 3.36524294653e-07, 3.81489797974e-07, 9.64636654999e-08, 5.43881739645e-08, 2.72843010407e-08, 1.90158004898e-08, 1.50944661215e-08, 1.21319034818e-08, 1.6713473272e-08, 7.17315495891e-09, 4.82184825401e-09, 6.07342043324e-09, 6.39985264783e-09, 1.7226707838e-09, 1.07744491107e-09, 1.4741202703e-09, 1.93138616211e-09, 1.04250164057e-09, 1.19072662841e-09, 8.8364582318e-10, 3.36257466316e-10, 3.47175233006e-10, 5.16542586482e-10, 5.44096212529e-10, 4.29983854078e-10, 2.346010608e-10, 9.1501153876e-11, 5.08309401515e-11, 1.42274343348e-11, 4.30802659171e-12, 1.12760484543e-12, 2.64130758281e-13, 2.87936748012e-13, 1.33121663107e-13, 2.30561961667e-14]}, "spectral_skewness": {"dvar2": 0.325120538473, "var": 0.537383019924, "min": 0.340984523296, "dmean": 0.360058397055, "mean": 2.05404520035, "max": 6.30959033966, "dmean2": 0.523818492889, "median": 1.92106664181, "dvar": 0.14904114604}, "melbands_flatness_db": {"dvar2": 0.0039251097478, "var": 0.0109393326566, "min":