{"tonal": {"thpcp": [1, 0.796808242798, 0.68181347847, 0.437697321177, 0.286864846945, 0.352355152369, 0.395940065384, 0.412253260612, 0.659664690495, 0.766815304756, 0.543614566326, 0.460323750973, 0.454073488712, 0.52367579937, 0.925813138485, 0.969409167767, 0.531899392605, 0.322832614183, 0.288843929768, 0.298728227615, 0.46877592802, 0.569347083569, 0.445217639208, 0.454143643379, 0.462052971125, 0.350583851337, 0.333921164274, 0.325155287981, 0.318096131086, 0.564078569412, 0.71346950531, 0.529923260212, 0.405603945255, 0.399185806513, 0.497843056917, 0.880191266537], "hpcp": {"dmean2": [0.289746969938, 0.295898914337, 0.235576629639, 0.182526811957, 0.17156137526, 0.175735130906, 0.199782431126, 0.222059205174, 0.207679152489, 0.210905820131, 0.192822143435, 0.172613278031, 0.172899961472, 0.164963856339, 0.161720141768, 0.210704922676, 0.236819118261, 0.214479014277, 0.197859302163, 0.196794584394, 0.227096915245, 0.275758177042, 0.304275333881, 0.35488948226, 0.37100699544, 0.236194908619, 0.159378439188, 0.177245050669, 0.180506035686, 0.188893735409, 0.239786863327, 0.26854467392, 0.226433515549, 0.212617620826, 0.222728282213, 0.247038975358], "median": [0.133246719837, 0.145668208599, 0.0895177945495, 0.0312755554914, 0.0257607959211, 0.0293310694396, 0.0603382252157, 0.0735199078918, 0.0597476288676, 0.0486408695579, 0.0476528182626, 0.0413620397449, 0.0410846509039, 0.0395423918962, 0.0422507077456, 0.0697872340679, 0.100043043494, 0.0800644233823, 0.051928460598, 0.048855163157, 0.0833098143339, 0.152793675661, 0.198851585388, 0.132597491145, 0.0875892192125, 0.0575141310692, 0.0339870378375, 0.0426864996552, 0.0486275851727, 0.0597463175654, 0.0871283560991, 0.0952861458063, 0.0856512263417, 0.0683391094208, 0.0638535395265, 0.0843274667859], "min": [0, 0, 0, 0, 0, 0, 0, 0, 0, 0, 0, 0, 0, 0, 0, 0, 0, 0, 0, 0, 0, 0, 0, 0, 0, 0, 0, 0, 0, 0, 0, 0, 0, 0, 0, 0], "dvar2": [0.12564226985, 0.121259376407, 0.0978972390294, 0.0917140692472, 0.0955774411559, 0.0936940610409, 0.0889967158437, 0.0962683707476, 0.0924755036831, 0.103556551039, 0.0841671153903, 0.08096062392, 0.080026216805, 0.0759929791093, 0.0704801976681, 0.0860696658492, 0.099682316184, 0.0855184048414, 0.0896235927939, 0.0853684470057, 0.095192655921, 0.115531980991, 0.117988727987, 0.148972257972, 0.205320551991, 0.0979814976454, 0.0795489773154, 0.0837872475386, 0.0778409764171, 0.0786333531141, 0.102594099939, 0.12656006217, 0.0912568122149, 0.0942751243711, 0.105724819005, 0.110763929784], "dvar": [0.0487259551883, 0.048679035157, 0.0372327305377, 0.0339244678617, 0.0351296216249, 0.0349646098912, 0.034886199981, 0.0391655303538, 0.0352537855506, 0.0405543223023, 0.0343485660851, 0.0295771341771, 0.0294284000993, 0.0281929057091, 0.0253614466637, 0.0329284183681, 0.0405644662678, 0.0328532010317, 0.0341866202652, 0.0318342968822, 0.0353296808898, 0.0442562885582, 0.0468826778233, 0.0573476627469, 0.0769807621837, 0.0355252176523, 0.0293672513217, 0.031848013401, 0.0300239790231, 0.0287089385092, 0.040566034615, 0.0512861013412, 0.0342202596366, 0.0348729789257, 0.0379933379591, 0.040842730552], "dmean": [0.169481679797, 0.173895031214, 0.136527955532, 0.104049123824, 0.096806190908, 0.0984788909554, 0.117490641773, 0.132255718112, 0.120024800301, 0.122412584722, 0.113508671522, 0.0990966185927, 0.098770968616, 0.0951223149896, 0.0918372124434, 0.123409599066, 0.14254514873, 0.127605959773, 0.114951364696, 0.113644503057, 0.13057602942, 0.162110060453, 0.180219128728, 0.20248952508, 0.209964483976, 0.13472533226, 0.09015019238, 0.101909779012, 0.105509892106, 0.108085356653, 0.142236039042, 0.156763359904, 0.132168531418, 0.122156754136, 0.127026751637, 0.140964969993], "max": [1, 1, 1, 1, 1, 1, 1, 1, 1, 1, 1, 1, 1, 1, 1, 1, 1, 1, 1, 1, 1, 1, 1, 1, 1, 1, 1, 1, 1, 1, 1, 1, 1, 1, 1, 1], "var": [0.109209343791, 0.111386530101, 0.0465062409639, 0.0328887850046, 0.0319331660867, 0.0320207811892, 0.0471446327865, 0.0645006224513, 0.0410733446479, 0.050063893199, 0.0528662130237, 0.032232824713, 0.0288041401654, 0.0285620354116, 0.0257198289037, 0.0568061731756, 0.0794809609652, 0.0483700186014, 0.037311218679, 0.0355534590781, 0.0396655127406, 0.0868620947003, 0.093768261373, 0.0748979598284, 0.0819937437773, 0.0368868336082, 0.0267140157521, 0.033680729568, 0.0395071618259, 0.0365070775151, 0.0732411146164, 0.0971872061491, 0.0454892851412, 0.0412454381585, 0.0405182056129, 0.0459393560886], "mean": [0.291713863611, 0.305450499058, 0.16759583354, 0.10172111541, 0.0910116434097, 0.0941260829568, 0.14770630002, 0.179395198822, 0.140283331275, 0.143095821142, 0.145587965846, 0.110465236008, 0.105215005577, 0.102452971041, 0.100228704512, 0.17773514986, 0.224806636572, 0.166973173618, 0.127801477909, 0.12577919662, 0.156865045428, 0.277338892221, 0.315089344978, 0.251065790653, 0.214832156897, 0.137913763523, 0.0903880521655, 0.11102335155, 0.124756492674, 0.129896610975, 0.207853317261, 0.241615340114, 0.171287149191, 0.145043104887, 0.14307372272, 0.165004655719]}, "tuning_equal_tempered_deviation": 0.22537791729, "chords_changes_rate": 0.0814592689276, "key_key": "A", "tuning_diatonic_strength": 0.558716237545, "key_scale": "minor", "chords_number_rate": 0.00274862558581, "tuning_frequency": 434.193115234, "tuning_nontempered_energy_ratio": 0.926968455315, "chords_histogram": [22.7136440277, 12.3438282013, 10.9945030212, 12.1939029694, 0.0999500229955, 6.44677639008, 0.149925038218, 10.4947528839, 2.14892554283, 5.04747629166, 0.0749625191092, 0, 0, 0, 0, 0, 0, 0.649675190449, 0.899550199509, 0.0749625191092, 1.54922533035, 0.624687671661, 12.0439777374, 1.44927537441], "key_strength": 0.718685030937, "chords_key": "A", "chords_strength": {"dmean2": 0.0115530556068, "median": 0.512629687786, "min": 0.24721288681, "dvar2": 0.000120808188512, "dvar": 9.36171927606e-05, "dmean": 0.0112758297473, "max": 0.773522734642, "var": 0.0124931605533, "mean": 0.512876391411}, "chords_scale": "minor", "hpcp_entropy": {"dmean2": 1.0788602829, "median": 2.20298099518, "min": 0, "dvar2": 0.793242633343, "dvar": 0.299573212862, "dmean": 0.647498428822, "max": 4.47477197647, "var": 0.660831034184, "mean": 2.19324588776}}, "metadata": {"audio_properties": {"equal_loudness": 0, "codec": "mp3", "downmix": "mix", "analysis_sample_rate": 44100, "bit_rate": 177754, "md5_encoded": "277b149388e5b2b5e60f19a247bfe4b0", "length": 185.782852173, "replay_gain": -11.8738765717, "lossless": false}, "version": {"essentia_build_sha": "7598a69e7b456135ce4c070efb04a3d0ebb71fdd", "essentia": "2.1-beta1", "extractor": "music 1.0", "essentia_git_sha": "v2.1_beta1-6-g5578087"}, "tags": {"title": ["Premi\u00e8re descente aux enfers par la face Nord"], "barcode": ["3300622650322"], "media": ["CD"], "albumartist": ["Hubert-F\u00e9lix Thi\u00e9faine"], "musicbrainz_recordingid": ["018ae1ff-8943-42f9-bed2-5f17ff61fd34"], "musicbrainz_albumartistid": ["29e9c7d7-e79a-41d5-a255-c19ff04d5065"], "discnumber": ["1/1"], "album": ["...tout corps vivant branch\u00e9 sur le secteur \u00e9tant appel\u00e9 \u00e0 s'\u00e9mouvoir..."], "catalognumber": ["STE CD 26503"], "musicbrainz album release country": ["FR"], "musicbrainz album type": ["album"], "musicbrainz album status": ["official"], "isrc": ["FR40F7700190"], "originaldate": ["1978"], "date": ["1989"], "file_name": "07 Premi\u00e8re descente aux enfers par la face Nord.mp3", "musicbrainz_releasegroupid": ["c906628b-98f7-3b3c-9d17-5aa7714afd29"], "script": ["Latn"], "asin": ["B00004UN5M"], "musicbrainz_albumid": ["28b60d3c-e292-3f0e-b4ce-d71c3a3d8fda"], "artist": ["Hubert-F\u00e9lix Thi\u00e9faine"], "artistsort": ["Thi\u00e9faine, Hubert-F\u00e9lix"], "tracknumber": ["7/11"], "label": ["Sterne"], "albumartistsort": ["Thi\u00e9faine, Hubert-F\u00e9lix"], "musicbrainz_artistid": ["29e9c7d7-e79a-41d5-a255-c19ff04d5065"]}}, "rhythm": {"bpm_histogram_first_peak_bpm": {"dmean2": 0, "median": 88, "min": 88, "dvar2": 0, "dvar": 0, "dmean": 0, "max": 88, "var": 0, "mean": 88}, "bpm": 87.4533615112, "bpm_histogram_second_peak_spread": {"dmean2": 0, "median": 0.178571403027, "min": 0.178571403027, "dvar2": 0, "dvar": 0, "dmean": 0, "max": 0.178571403027, "var": 0, "mean": 0.178571403027}, "bpm_histogram_first_peak_weight": {"dmean2": 0, "median": 0.363636374474, "min": 0.363636374474, "dvar2": 0, "dvar": 0, "dmean": 0, "max": 0.363636374474, "var": 0, "mean": 0.363636374474}, "onset_rate": 3.71916365623, "beats_position": [0.754648506641, 1.52090704441, 2.28716540337, 2.99537420273, 3.70358276367, 4.41179132462, 5.10838985443, 5.80498838425, 6.5015873909, 7.22140598297, 8.03410434723, 8.83519268036, 9.64789104462, 10.4257593155, 11.2036275864, 11.9698867798, 12.7361450195, 13.3979139328, 14.0596818924, 14.7098407745, 15.3716096878, 16.0333786011, 16.602268219, 17.1711559296, 17.7400455475, 18.3089332581, 18.877822876, 19.458322525, 20.0388202667, 20.6193199158, 21.1301574707, 21.6526069641, 22.1750564575, 22.7787742615, 23.3824939728, 23.9862117767, 24.6015415192, 25.2168693542, 25.7973690033, 26.3662586212, 26.9235363007, 27.4924259186, 28.0497055054, 28.5721530914, 29.0946025848, 29.6286621094, 30.1394996643, 30.6503391266, 31.1611785889, 31.6255779266, 32.0899772644, 32.5543746948, 33.0187759399, 33.4715652466, 33.935962677, 34.4119720459, 34.8879814148, 35.3639907837, 35.9444885254, 36.5249862671, 37.1170959473, 37.6975975037, 38.2664833069, 38.8353729248, 39.4042625427, 40.124080658, 40.8438987732, 41.5637168884, 42.2951469421, 43.0033569336, 43.6999549866, 44.3965530396, 45.0931510925, 45.7897491455, 46.4863471985, 47.1829452515, 47.8795471191, 48.5761451721, 49.2611312866, 49.9461212158, 50.631111145, 51.3160972595, 52.0126991272, 52.7092971802, 53.4291152954, 54.1257133484, 54.8223114014, 55.5189094543, 56.2271194458, 56.9237174988, 57.608707428, 58.305305481, 58.9902954102, 59.6985015869, 60.3950996399, 61.0916976929, 61.7882995605, 62.4848976135, 63.1814956665, 63.8664855957, 64.5514755249, 65.2364578247, 65.9330596924, 66.6180496216, 67.2914276123, 67.964805603, 68.6149673462, 69.26512146, 69.9384994507, 70.6118774414, 71.3084793091, 72.0050811768, 72.701675415, 73.3866653442, 74.0716552734, 74.7450332642, 75.4184112549, 76.0917892456, 76.7535552979, 77.4153289795, 78.0887069702, 78.7504730225, 79.4354629517, 80.1088409424, 80.7938308716, 81.4788208008, 82.16381073, 82.8604049683, 83.5453948975, 84.2419967651, 84.9269790649, 85.6119689941, 86.3085708618, 87.0051651001, 87.7017669678, 88.386756897, 89.0717468262, 89.7451248169, 90.4185028076, 91.1267089844, 91.8233108521, 92.4966888428, 93.181678772, 93.8782730103, 94.5748748779, 95.2598648071, 95.9448471069, 96.6530609131, 97.3612670898, 98.0810852051, 98.8125152588, 99.5439453125, 100.286979675, 101.030021667, 101.77305603, 102.53931427, 103.282356262, 104.048614502, 104.791656494, 105.523078918, 106.254508972, 106.985939026, 107.636100769, 108.297866821, 108.971244812, 109.621406555, 110.283172607, 110.94493866, 111.61831665, 112.30330658, 112.988296509, 113.6616745, 114.346664429, 115.031654358, 115.716644287, 116.390022278, 117.05178833, 117.725166321, 118.398544312, 119.071922302, 119.745300293, 120.453514099, 121.138504028, 121.823486328, 122.508476257, 123.205078125, 123.890068054, 124.575057983, 125.271652222, 125.968254089, 126.664848328, 127.361450195, 128.046432495, 128.731430054, 129.416412354, 130.101409912, 130.79800415, 131.494598389, 132.179595947, 132.864578247, 133.561172485, 134.257781982, 134.954376221, 135.639358521, 136.324356079, 137.009338379, 137.717544556, 138.402542114, 139.110748291, 139.807342529, 140.503936768, 141.188934326, 141.873916626, 142.570526123, 143.255508423, 143.940490723, 144.625488281, 145.310470581, 145.972244263, 146.645614624, 147.307388306, 147.980773926, 148.654144287, 149.339141846, 150.012512207, 150.697509766, 151.370880127, 152.044265747, 152.729248047, 153.414230347, 154.087615967, 154.772598267, 155.457595825, 156.130966187, 156.804351807, 157.489334106, 158.162719727, 158.836090088, 159.49786377, 160.148025513, 160.798187256, 161.448348999, 162.110107422, 162.760269165, 163.410430908, 164.08380127, 164.75718689, 165.442169189, 166.138778687, 166.812149048, 167.485534668, 168.158905029, 168.832290649, 169.505661011, 170.167434692, 170.840820312, 171.525802612, 172.222396851, 172.942214966, 173.662033081, 174.381851196, 175.11328125, 175.833099365, 176.564529419, 177.284347534, 178.004165649, 178.700775146, 179.408981323, 180.093963623, 180.778961182, 181.487167358, 182.206985474, 182.926803589, 183.646621704, 184.354827881, 185.063034058], "beats_loudness": {"dmean2": 0.0183608140796, "median": 0.0245076008141, "min": 1.61543389776e-09, "dvar2": 0.000223551673116, "dvar": 8.65604743012e-05, "dmean": 0.0111322421581, "max": 0.0640615075827, "var": 0.000216742424527, "mean": 0.0232892632484}, "danceability": 1.11829960346, "bpm_histogram_second_peak_weight": {"dmean2": 0, "median": 0.0836363658309, "min": 0.0836363658309, "dvar2": 0, "dvar": 0, "dmean": 0, "max": 0.0836363658309, "var": 0, "mean": 0.0836363658309}, "beats_count": 276, "bpm_histogram_second_peak_bpm": {"dmean2": 0, "median": 83, "min": 83, "dvar2": 0, "dvar": 0, "dmean": 0, "max": 83, "var": 0, "mean": 83}, "bpm_histogram_first_peak_spread": {"dmean2": 0, "median": 0.481865286827, "min": 0.481865286827, "dvar2": 0, "dvar": 0, "dmean": 0, "max": 0.481865286827, "var": 0, "mean": 0.481865286827}, "beats_loudness_band_ratio": {"dmean2": [0.300206184387, 0.201887026429, 0.224050417542, 0.110426753759, 0.184539481997, 0.248202502728], "median": [0.383165597916, 0.0821083039045, 0.0631834566593, 0.0405657254159, 0.114259324968, 0.0870792865753], "min": [0.000842341396492, 0.000821451772936, 0.0016357768327, 0.000431440654211, 0.000972499663476, 0.00034987818799], "dvar2": [0.0696947798133, 0.0607122033834, 0.0520396269858, 0.0287605654448, 0.027977116406, 0.10344003886], "dvar": [0.0271381363273, 0.0232444051653, 0.019846746698, 0.0107943350449, 0.0119119910523, 0.0413851067424], "dmean": [0.174409657717, 0.116175338626, 0.122573211789, 0.0657660141587, 0.103844344616, 0.134361729026], "max": [0.881338000298, 0.923058688641, 0.847420215607, 0.830697119236, 0.819462537766, 0.991369247437], "var": [0.0650216042995, 0.0579343065619, 0.0180197805166, 0.0107944989577, 0.0217009205371, 0.0374948196113], "mean": [0.360926002264, 0.190693840384, 0.115054801106, 0.0753788053989, 0.159948214889, 0.136432439089]}}, "lowlevel": {"barkbands_spread": {"dmean2": 9.19333457947, "median": 29.0264968872, "min": 0.895311951637, "dvar2": 124.240440369, "dvar": 56.4648132324, "dmean": 5.97692918777, "max": 147.110244751, "var": 385.09866333, "mean": 30.4602718353}, "melbands_spread": {"dmean2": 18.1508293152, "median": 38.2324943542, "min": 1.23071980476, "dvar2": 644.337890625, "dvar": 316.678161621, "dmean": 11.9969921112, "max": 271.102478027, "var": 1178.75646973, "mean": 44.0537834167}, "hfc": {"dmean2": 9.58924198151, "median": 9.99555587769, "min": 1.11810956311e-16, "dvar2": 474.774169922, "dvar": 303.427459717, "dmean": 7.22517967224, "max": 456.201293945, "var": 1218.49462891, "mean": 19.9800453186}, "barkbands_kurtosis": {"dmean2": 2.22244000435, "median": -0.578522801399, "min": -1.94780015945, "dvar2": 17.6210975647, "dvar": 8.29162597656, "dmean": 1.41954231262, "max": 95.2302932739, "var": 39.8214874268, "mean": 1.72894382477}, "gfcc": {"mean": [-67.4261016846, 75.0501174927, -139.313201904, 32.5942115784, -57.5090141296, 1.20724916458, -57.2449760437, 6.27639722824, -27.2170333862, -4.40113115311, -10.4796075821, 0.322724789381, -13.4808740616], "icov": [[0.000189310114365, -0.000310698815156, 0.000306279718643, -0.000419572403189, 0.000589685165323, -0.000448618578957, 0.000519643828738, -0.000364007020835, 0.000328424997861, -0.000169208797161, 0.000280580658, -0.000203364368645, 0.000286775699351], [-0.000310698815156, 0.00147356756497, -0.000163801130839, 0.00102405704092, -0.00176322739571, 0.0008900045068, -0.000745588797145, 0.00117042579222, -0.000677273666952, 0.000821865804028, -0.000765820441302, 0.00136269268114, -0.0010543782264], [0.000306279718643, -0.000163801130839, 0.00201505585574, -0.000449947838206, 0.000596796162426, -0.00131924811285, 0.000710841675755, 0.000402642617701, 0.000589489995036, -0.00131900131237, 0.00147420261055, -0.000329287489876, 0.000168851140188], [-0.000419572403189, 0.00102405704092, -0.000449947838206, 0.00254708807915, -0.00169712747447, 0.00056118844077, -0.000970047549345, 0.00101700774394, -0.0011181923328, 0.000628171721473, 0.000115465416457, 0.000515701132827, 2.04835869226e-05], [0.000589685165323, -0.00176322739571, 0.000596796162426, -0.00169712747447, 0.00545777846128, -0.00156495789997, 0.00078523834236, -0.00194021803327, 1.35641685119e-05, -0.000611675728578, 0.000513604027219, -0.00175474968273, 0.00103220599703], [-0.000448618578957, 0.0008900045068, -0.00131924811285, 0.00056118844077, -0.00156495789997, 0.00439612520859, -0.00238708546385, -0.000273357116384, -0.00100115244277, 0.000220459667617, 0.000126464787172, 0.00023050668824, -0.00116863846779], [0.000519643828738, -0.000745588797145, 0.000710841675755, -0.000970047549345, 0.00078523834236, -0.00238708546385, 0.00670757889748, -0.00179330422543, 0.00208186870441, -0.000967319589108, 0.000497434812132, -0.00093992636539, 0.000867535709403], [-0.000364007020835, 0.00117042579222, 0.000402642617701, 0.00101700774394, -0.00194021803327, -0.000273357116384, -0.00179330422543, 0.00717440294102, -0.00470034172758, 0.00247413758188, -0.00171544356272, -0.000546335941181, 0.00121712684631], [0.000328424997861, -0.000677273666952, 0.000589489995036, -0.0011181923328, 1.35641685119e-05, -0.00100115244277, 0.00208186870441, -0.00470034172758, 0.0110548958182, -0.00428695930168, -0.000284282868961, 0.00187513313722, 7.87195531302e-05], [-0.000169208797161, 0.000821865804028, -0.00131900131237, 0.000628171721473, -0.000611675728578, 0.000220459667617, -0.000967319589108, 0.00247413758188, -0.00428695930168, 0.0118117919192, -0.00247012963519, -0.000129972278955, -9.99525364023e-05], [0.000280580658, -0.000765820441302, 0.00147420261055, 0.000115465416457, 0.000513604027219, 0.000126464787172, 0.000497434812132, -0.00171544356272, -0.000284282868961, -0.00247012963519, 0.012841494754, -0.00507758650929, 0.00161767657846], [-0.000203364368645, 0.00136269268114, -0.000329287489876, 0.000515701132827, -0.00175474968273, 0.00023050668824, -0.00093992636539, -0.000546335941181, 0.00187513313722, -0.000129972278955, -0.00507758650929, 0.0164004229009, -0.00783657748252], [0.000286775699351, -0.0010543782264, 0.000168851140188, 2.04835869226e-05, 0.00103220599703, -0.00116863846779, 0.000867535709403, 0.00121712684631, 7.87195531302e-05, -9.99525364023e-05, 0.00161767657846, -0.00783657748252, 0.0175332482904]], "cov": [[20410.5820312, 1326.875, -2250.35131836, 1568.32104492, -730.643920898, 304.816314697, -687.715759277, 500.586578369, 20.655254364, -363.630187988, -129.349227905, -228.206085205, -263.82598877], [1326.875, 1787.32995605, -460.551300049, -325.870635986, 239.123306274, -274.977111816, -81.6307983398, -84.174621582, -8.8861207962, -101.102043152, 65.5456314087, -75.2741928101, 27.8449115753], [-2250.35131836, -460.551300049, 1153.84191895, 3.85143089294, -27.1047210693, 220.039978027, 70.8181533813, -202.098999023, -59.4164619446, 125.496772766, -117.522850037, 17.3397216797, 44.3574981689], [1568.32104492, -325.870635986, 3.85143089294, 788.481506348, 49.028881073, 161.417800903, 17.5249958038, 76.8065872192, 57.8790588379, -2.73799133301, -55.6984176636, -18.4265651703, -47.9051742554], [-730.643920898, 239.123306274, -27.1047210693, 49.028881073, 414.274047852, 76.7892303467, 78.4011306763, 116.564994812, 84.2217330933, 8.76470184326, 41.2127151489, 24.9023933411, 2.29216361046], [304.816314697, -274.977111816, 220.039978027, 161.417800903, 76.7892303467, 475.789855957, 130.283203125, 114.350814819, 54.3564186096, 35.087387085, -29.8353500366, 24.9587173462, 2.84248876572], [-687.715759277, -81.6307983398, 70.8181533813, 17.5249958038, 78.4011306763, 130.283203125, 244.503692627, 62.1353721619, 7.73862314224, 16.5202503204, 9.33534812927, 25.8313426971, 4.03741884232], [500.586578369, -84.174621582, -202.098999023, 76.8065872192, 116.564994812, 114.350814819, 62.1353721619, 346.331085205, 136.917144775, -15.9242305756, 55.8462562561, 16.9926681519, -36.0127754211], [20.655254364, -8.8861207962, -59.4164619446, 57.8790588379, 84.2217330933, 54.3564186096, 7.73862314224, 136.917144775, 176.331954956, 36.3768157959, 29.3023090363, -8.48945808411, -18.6725692749], [-363.630187988, -101.102043152, 125.496772766, -2.73799133301, 8.76470184326, 35.087387085, 16.5202503204, -15.9242305756, 36.3768157959, 120.884368896, 11.4712715149, 9.94810581207, 4.68681764603], [-129.349227905, 65.5456314087, -117.522850037, -55.6984176636, 41.2127151489, -29.8353500366, 9.33534812927, 55.8462562561, 29.3023090363, 11.4712715149, 120.703514099, 35.1043128967, 2.98802232742], [-228.206085205, -75.2741928101, 17.3397216797, -18.4265651703, 24.9023933411, 24.9587173462, 25.8313426971, 16.9926681519, -8.48945808411, 9.94810581207, 35.1043128967, 99.9106521606, 38.3118019104], [-263.82598877, 27.8449115753, 44.3574981689, -47.9051742554, 2.29216361046, 2.84248876572, 4.03741884232, -36.0127754211, -18.6725692749, 4.68681764603, 2.98802232742, 38.3118019104, 81.9661483765]]}, "spectral_energyband_middle_low": {"dmean2": 0.00465639587492, "median": 0.00277164997533, "min": 2.15728769387e-22, "dvar2": 8.27474796097e-05, "dvar": 3.59420300811e-05, "dmean": 0.0029930905439, "max": 0.0642545819283, "var": 5.865559433e-05, "mean": 0.00561996130273}, "melbands_crest": {"dmean2": 5.60567331314, "median": 12.5378646851, "min": 2.52199459076, "dvar2": 28.4883289337, "dvar": 13.152422905, "dmean": 3.63436508179, "max": 38.7085342407, "var": 36.3105239868, "mean": 13.553027153}, "spectral_kurtosis": {"dmean2": 3.37450504303, "median": 5.07671356201, "min": -1.2452095747, "dvar2": 14.7627792358, "dvar": 5.39651870728, "dmean": 2.03968811035, "max": 45.650352478, "var": 25.0888786316, "mean": 6.13149595261}, "spectral_rms": {"dmean2": 0.000827141397167, "median": 0.00280386023223, "min": 3.15895096539e-12, "dvar2": 1.26392410493e-06, "dvar": 6.32197782124e-07, "dmean": 0.000599544262514, "max": 0.00875568669289, "var": 2.81309553429e-06, "mean": 0.00311230495572}, "zerocrossingrate": {"dmean2": 0.0145232547075, "median": 0.07666015625, "min": 0.00830078125, "dvar2": 0.000335595919751, "dvar": 0.000346877088305, "dmean": 0.0129674347118, "max": 0.5048828125, "var": 0.0036471534986, "mean": 0.0879472494125}, "silence_rate_60dB": {"dmean2": 0.0815000012517, "median": 0, "min": 0, "dvar2": 0.0906148329377, "dvar": 0.0390853770077, "dmean": 0.040744908154, "max": 1, "var": 0.157086402178, "mean": 0.195201203227}, "erbbands_kurtosis": {"dmean2": 1.69907283783, "median": 0.254031181335, "min": -1.90610456467, "dvar2": 6.67155313492, "dvar": 3.8090877533, "dmean": 1.1281452179, "max": 66.0191955566, "var": 13.1219482422, "mean": 1.11420059204}, "erbbands": {"dmean2": [0.0474315099418, 0.33800598979, 1.00107860565, 3.92216706276, 7.21049499512, 4.24295520782, 5.28822565079, 6.20240926743, 9.05494880676, 16.2778911591, 11.0139904022, 8.65191555023, 7.08874464035, 8.36632728577, 9.78335857391, 9.76609420776, 9.540558815, 13.3585014343, 16.2507400513, 15.7908697128, 15.9903144836, 29.4461975098, 28.5264816284, 27.2244777679, 16.9893836975, 7.55694580078, 6.38123607635, 6.81009531021, 7.05909967422, 8.67966842651, 7.98919534683, 6.01857948303, 2.9036886692, 1.08843266964, 0.415634423494, 0.115678057075, 0.0172268468887, 0.00223543099128, 0.000195267872186, 1.40914871736e-05], "median": [0.00142680341378, 0.0244568381459, 0.167539387941, 0.417802274227, 1.55662345886, 2.4676156044, 3.30698156357, 3.25879335403, 3.45617818832, 3.02579164505, 2.74131202698, 1.99888420105, 1.98195743561, 2.65637397766, 4.0696721077, 4.8447675705, 4.92352247238, 7.97087574005, 10.6170282364, 10.8245048523, 12.425989151, 23.4388999939, 19.6222686768, 13.6695652008, 8.91971206665, 2.33517503738, 1.23946666718, 0.969507217407, 0.973529160023, 0.681140184402, 0.624426603317, 0.41518637538, 0.313760459423, 0.138115882874, 0.0526031926274, 0.0140012782067, 0.00196270947345, 0.000196888897335, 1.5949803128e-05, 1.17438703455e-05], "min": [5.06691291657e-22, 2.74101482489e-21, 5.86098944193e-21, 4.83588333039e-20, 1.07573261849e-19, 6.65816738972e-20, 1.31406622969e-19, 2.14923327105e-19, 3.63516229962e-19, 2.77754402546e-19, 9.91087898496e-19, 1.74310012724e-18, 8.88796572599e-19, 2.74464338189e-18, 9.19989450101e-18, 3.78667981585e-18, 3.33194947502e-18, 6.78449733385e-18, 5.49569038249e-18, 6.47823205769e-18, 5.06897271989e-18, 8.72760745847e-18, 1.26955126204e-17, 1.49314091131e-17, 1.66583173866e-17, 1.36936987625e-17, 1.69503568106e-17, 2.1584886001e-17, 1.51130993346e-17, 2.09274809004e-17, 1.7486972035e-17, 1.76444771498e-17, 1.71248125105e-17, 1.1219077945e-17, 8.5694224012e-18, 5.48651736309e-18, 2.50614508421e-18, 1.07432274084e-18, 3.0178787675e-19, 3.55018745701e-20], "dvar2": [0.0205038543791, 1.21109187603, 9.02412033081, 104.472915649, 361.338592529, 61.6186752319, 134.279205322, 284.293548584, 565.069091797, 2648.19555664, 1777.92419434, 1433.75244141, 726.275390625, 1412.35119629, 1114.26037598, 676.226501465, 849.531433105, 1135.83215332, 1109.70556641, 1146.90429688, 949.757873535, 2224.98950195, 2988.09692383, 3336.98901367, 1983.23742676, 1108.80200195, 683.858459473, 1338.80712891, 1035.59277344, 2602.21923828, 2106.64086914, 960.065856934, 241.924591064, 26.9851589203, 3.31786298752, 0.236097916961, 0.00503612728789, 9.19220256037e-05, 9.08876472749e-07, 1.06194908422e-09], "dvar": [0.0106225851923, 0.46932092309, 3.13499379158, 42.6173667908, 147.928863525, 24.5599250793, 56.3835945129, 142.162231445, 285.578063965, 1282.01159668, 814.453430176, 657.571289062, 373.604003906, 735.26776123, 571.929016113, 312.084228516, 380.226043701, 473.658538818, 472.953491211, 485.652099609, 413.252532959, 1022.38293457, 1463.99645996, 1809.01965332, 892.894897461, 449.633331299, 312.780181885, 528.930725098, 519.337219238, 1251.66894531, 981.123901367, 581.925354004, 150.307632446, 15.9242725372, 1.83137822151, 0.125972762704, 0.00268721929751, 4.42229575128e-05, 4.26360031724e-07, 5.74405967235e-10], "dmean": [0.0335060842335, 0.204433947802, 0.553769350052, 2.31590557098, 4.36238956451, 2.59095978737, 3.29088425636, 3.93127202988, 5.87713956833, 10.905292511, 7.49672651291, 5.96231222153, 4.84157085419, 5.7555232048, 6.68915367126, 6.36406755447, 6.2329583168, 8.5665435791, 10.3262166977, 10.0570831299, 10.3209590912, 19.0236415863, 19.0021800995, 19.1160678864, 11.5400514603, 4.99653244019, 4.31246614456, 4.56671571732, 4.89612627029, 6.02730798721, 5.58258914948, 4.44251918793, 2.09960460663, 0.782503187656, 0.293605387211, 0.081423021853, 0.0120913088322, 0.00151909235865, 0.000123374673421, 1.00561210274e-05], "max": [1.06112217903, 7.44658613205, 22.8694972992, 69.6792755127, 140.205093384, 106.333053589, 144.68208313, 419.658325195, 588.884277344, 1366.68347168, 742.283996582, 927.08203125, 745.652282715, 1130.76538086, 852.129089355, 562.295043945, 515.514038086, 813.58190918, 517.602416992, 663.977111816, 451.501281738, 660.047180176, 723.947937012, 846.466369629, 1206.40686035, 1036.13037109, 966.06036377, 806.054870605, 914.25604248, 1769.35144043, 1083.76306152, 870.836608887, 476.867431641, 165.031707764, 50.7413482666, 10.879201889, 2.00562000275, 0.306912839413, 0.0323609262705, 0.000692394154612], "var": [0.0140010854229, 0.402115762234, 2.17480826378, 37.4435958862, 135.50189209, 46.9142951965, 108.874397278, 381.177368164, 774.80078125, 5036.64501953, 1548.3034668, 1092.25292969, 820.422607422, 2166.58203125, 1968.52514648, 754.391967773, 644.825683594, 1430.47021484, 973.031616211, 1256.27087402, 1116.12011719, 3753.52636719, 5022.44921875, 7027.82519531, 2111.43041992, 546.573425293, 474.820526123, 678.644592285, 1038.68591309, 2561.4050293, 2016.98950195, 1637.83618164, 401.662200928, 39.6318511963, 4.67665243149, 0.330536723137, 0.00571499904618, 7.61891715229e-05, 6.03617309025e-07, 1.51485934907e-09], "mean": [0.0355862267315, 0.195433199406, 0.563969016075, 2.0964114666, 4.62293243408, 4.5885720253, 6.03345155716, 7.20623016357, 10.6201124191, 20.2734107971, 12.4594678879, 9.42431735992, 8.31188297272, 10.8170280457, 13.0219116211, 11.8234434128, 11.3970012665, 16.6412677765, 19.578004837, 21.3809986115, 23.0310058594, 44.1489105225, 43.6921768188, 42.8199691772, 23.480298996, 7.56738138199, 6.18354558945, 6.40291976929, 7.28385829926, 8.92018222809, 8.32006168365, 6.98115873337, 3.43652558327, 1.2232016325, 0.457485973835, 0.125721484423, 0.0176192335784, 0.00196244893596, 0.000140467906022, 2.29873930948e-05]}, "spectral_strongpeak": {"dmean2": 1.18300223351, "median": 0.408597767353, "min": 0, "dvar2": 4.95424175262, "dvar": 2.0687251091, "dmean": 0.698173761368, "max": 31.3173084259, "var": 3.23065066338, "mean": 1.1065877676}, "spectral_energy": {"dmean2": 0.00721066724509, "median": 0.00805817265064, "min": 1.0228445319e-20, "dvar2": 0.000140944102895, "dvar": 6.44268802716e-05, "dmean": 0.00501766381785, "max": 0.0785785987973, "var": 0.000161283227499, "mean": 0.0128120593727}, "average_loudness": 0.833191812038, "spectral_rolloff": {"dmean2": 889.57800293, "median": 2562.45117188, "min": 21.533203125, "dvar2": 1952720.625, "dvar": 969450.9375, "dmean": 550.699951172, "max": 18970.7519531, "var": 5810785.5, "mean": 2765.06884766}, "spectral_centroid": {"dmean2": 406.660919189, "median": 1950.37341309, "min": 287.989135742, "dvar2": 223929.890625, "dvar": 121238.390625, "dmean": 272.074951172, "max": 10816.4873047, "var": 740324.75, "mean": 1940.38220215}, "pitch_salience": {"dmean2": 0.106590121984, "median": 0.617039859295, "min": 0.124103486538, "dvar2": 0.0106486249715, "dvar": 0.00457188207656, "dmean": 0.0676224455237, "max": 0.8558832407, "var": 0.0143840927631, "mean": 0.60439914465}, "spectral_energyband_middle_high": {"dmean2": 0.00185356219299, "median": 0.00289199175313, "min": 1.69064882675e-21, "dvar2": 8.04062892712e-06, "dvar": 4.57463465864e-06, "dmean": 0.00132491288241, "max": 0.0381565988064, "var": 2.74110661849e-05, "mean": 0.00453586922958}, "spectral_contrast_coeffs": {"dmean2": [0.0805195122957, 0.0720005184412, 0.0543343350291, 0.0466266348958, 0.0430627726018, 0.0293254479766], "median": [-0.603580236435, -0.724103927612, -0.800066947937, -0.780012845993, -0.752512812614, -0.784944057465], "min": [-0.969405174255, -0.968221068382, -0.965878486633, -0.952832639217, -0.959679424763, -0.958733677864], "dvar2": [0.00477313064039, 0.00361871044151, 0.00202263961546, 0.00141412822995, 0.00155490927864, 0.000767810852267], "dvar": [0.00215934100561, 0.00154278008267, 0.000856511062011, 0.000593964243308, 0.000783804047387, 0.000352398725227], "dmean": [0.0513794869184, 0.0444689281285, 0.0334865748882, 0.028735909611, 0.028194911778, 0.0187618657947], "max": [-0.235826805234, -0.365207612514, -0.463266253471, -0.553216874599, -0.477235853672, -0.591824412346], "var": [0.0144193740562, 0.00900743156672, 0.00456101307645, 0.00319674587809, 0.00569051271304, 0.00243282341398], "mean": [-0.597254812717, -0.713565945625, -0.789450764656, -0.775981247425, -0.746521711349, -0.786167085171]}, "melbands_skewness": {"dmean2": 0.95419895649, "median": 1.62784194946, "min": -4.39834976196, "dvar2": 1.31563353539, "dvar": 0.600258946419, "dmean": 0.640248537064, "max": 20.173242569, "var": 2.18760824203, "mean": 1.8920686245}, "spectral_spread": {"dmean2": 771500.875, "median": 3504079.5, "min": 1013118.5625, "dvar2": 1019758444540.0, "dvar": 592257351680, "dmean": 536131.5625, "max": 41525164, "var": 3992959320060.0, "mean": 3996555.5}, "dissonance": {"dmean2": 0.0188161153346, "median": 0.481599837542, "min": 0.233276367188, "dvar2": 0.00049381115241, "dvar": 0.000198809619178, "dmean": 0.0114869335666, "max": 0.500000119209, "var": 0.00139015633613, "mean": 0.469272434711}, "spectral_skewness": {"dmean2": 0.379243135452, "median": 1.51525616646, "min": -0.321027994156, "dvar2": 0.136461660266, "dvar": 0.056177880615, "dmean": 0.237996861339, "max": 5.12721347809, "var": 0.501757025719, "mean": 1.56847727299}, "spectral_flux": {"dmean2": 0.0309920813888, "median": 0.051599919796, "min": 1.01135773367e-10, "dvar2": 0.00139337638393, "dvar": 0.000634422060102, "dmean": 0.0198598150164, "max": 0.242807984352, "var": 0.00199923221953, "mean": 0.061803240329}, "spectral_contrast_valleys": {"dmean2": [0.749312281609, 0.588254988194, 0.495883405209, 0.413653045893, 0.392073780298, 0.464950919151], "median": [-8.33389663696, -7.23013734818, -7.66823911667, -7.59612369537, -7.59569549561, -10.3018093109], "min": [-27.1481246948, -27.1486988068, -27.1552371979, -27.2729644775, -27.1402435303, -27.3371925354], "dvar2": [0.418867886066, 0.263260364532, 0.182832762599, 0.144632995129, 0.173780590296, 0.312099397182], "dvar": [0.187661543489, 0.116716861725, 0.0875799283385, 0.0741464942694, 0.103617593646, 0.193772494793], "dmean": [0.471875458956, 0.360173016787, 0.306925624609, 0.261572241783, 0.272742927074, 0.351709604263], "max": [-5.58909082413, -5.24626255035, -5.62564992905, -6.15566253662, -5.53616046906, -6.75309562683], "var": [2.96645331383, 2.21453142166, 2.32055473328, 2.45091795921, 2.33172225952, 2.14774012566], "mean": [-8.831823349, -7.58121871948, -8.12245178223, -8.11229228973, -7.97042417526, -10.5690526962]}, "erbbands_flatness_db": {"dmean2": 0.0260880123824, "median": 0.184331119061, "min": 0.0315275005996, "dvar2": 0.000693428271916, "dvar": 0.0003571115667, "dmean": 0.0181992910802, "max": 0.397025108337, "var": 0.00266442843713, "mean": 0.184986293316}, "spectral_energyband_high": {"dmean2": 0.000790805905126, "median": 0.000147099519381, "min": 7.29006148408e-21, "dvar2": 8.37625157146e-06, "dvar": 5.41439840163e-06, "dmean": 0.000610261340626, "max": 0.0645292103291, "var": 1.95267257368e-05, "mean": 0.00110420980491}, "spectral_entropy": {"dmean2": 0.209972321987, "median": 7.58442735672, "min": 5.04821014404, "dvar2": 0.0483362823725, "dvar": 0.0283064059913, "dmean": 0.149403840303, "max": 9.80046463013, "var": 0.373773723841, "mean": 7.52513933182}, "silence_rate_20dB": {"dmean2": 0, "median": 1, "min": 1, "dvar2": 0, "dvar": 0, "dmean": 0, "max": 1, "var": 0, "mean": 1}, "melbands_flatness_db": {"dmean2": 0.0338758714497, "median": 0.155772596598, "min": 0.00721523817629, "dvar2": 0.00124970905017, "dvar": 0.000603452208452, "dmean": 0.0226809866726, "max": 0.445200324059, "var": 0.005067858845, "mean": 0.168181195855}, "barkbands": {"dmean2": [0.000150186664541, 0.00129742990248, 0.00090582552366, 0.00213220552541, 0.00151210813783, 0.000748442427721, 0.000807057891507, 0.000702063960489, 0.000366284599295, 0.000252875965089, 0.00025443569757, 0.000255798891885, 0.000226500138524, 0.000283447327092, 0.000345600099536, 0.000314824050292, 0.000572548306081, 0.00055013934616, 0.000489389349241, 0.000165320903761, 0.000161405143444, 0.000212921440834, 0.00028528724215, 0.000211979189771, 7.4357354606e-05, 1.4749904949e-05, 1.04089554043e-06], "median": [4.35396941612e-05, 9.01652674656e-05, 0.000151078653289, 0.000151265412569, 0.000859631574713, 0.000436950125732, 0.000228841628996, 0.000112346795504, 7.17063958291e-05, 7.34991626814e-05, 7.10543681635e-05, 0.000107361796836, 9.55181894824e-05, 0.000155993620865, 0.0001945583208, 0.000187551398994, 0.000386738945963, 0.000276516075246, 0.000231587851886, 3.8985228457e-05, 2.71397311735e-05, 2.60626875388e-05, 2.08885467146e-05, 1.95013126358e-05, 9.48820706981e-06, 1.75418176696e-06, 3.74171662543e-08], "min": [1.84598674081e-23, 1.37966250297e-23, 3.06295796279e-24, 2.75562682601e-23, 2.77664776033e-23, 2.16044878574e-23, 2.42353657975e-23, 2.59052328726e-23, 8.0917464151e-23, 1.68532117574e-23, 1.90760476078e-22, 1.25802437968e-22, 8.92232102281e-23, 1.68910379533e-22, 6.24908977172e-23, 9.59546234413e-23, 1.76559856446e-22, 2.5145326318e-22, 3.4204842243e-22, 2.76535606844e-22, 5.0889596225e-22, 4.78768543864e-22, 7.03463695627e-22, 9.29143244825e-22, 1.12438563729e-21, 1.42026830396e-21, 2.29064567751e-21], "dvar2": [1.45170488963e-07, 1.62895757967e-05, 6.90345586918e-06, 3.60890553566e-05, 9.39006167755e-06, 3.36788411914e-06, 4.25734060627e-06, 7.0675164352e-06, 2.14530587073e-06, 9.33965395689e-07, 8.79807089404e-07, 5.5440102642e-07, 4.63002720608e-07, 4.23293073482e-07, 4.83282974528e-07, 3.91350567952e-07, 8.69344887633e-07, 1.20179879559e-06, 1.03230706827e-06, 5.93958759509e-07, 4.62969268256e-07, 9.75644297796e-07, 2.66680854111e-06, 1.19056539916e-06, 1.19885584127e-07, 3.70487951429e-09, 2.53299499431e-11], "dvar": [6.70471038688e-08, 7.62770696383e-06, 2.39816995418e-06, 1.51681197167e-05, 3.62268565368e-06, 1.58041325449e-06, 2.31694275499e-06, 3.32644049195e-06, 1.02284411696e-06, 5.0376144145e-07, 4.72846636512e-07, 2.77300017615e-07, 2.03859769954e-07, 1.74705959921e-07, 2.07064928759e-07, 1.6476782605e-07, 3.94639982915e-07, 6.12223118424e-07, 5.3531522326e-07, 2.40984917355e-07, 1.98918257865e-07, 4.90116178753e-07, 1.24382086142e-06, 7.88146508057e-07, 6.88804249194e-08, 1.95969152017e-09, 1.15618061999e-11], "dmean": [9.36328870011e-05, 0.000885064597242, 0.000496329332236, 0.00127791718114, 0.000909254071303, 0.000469270220492, 0.000535312690772, 0.000466621568194, 0.00025099288905, 0.000170294893906, 0.000174220913323, 0.000167726655491, 0.000145695637912, 0.000179453272722, 0.000217948152567, 0.000201237548026, 0.000367455999367, 0.000366256776033, 0.000336220138706, 0.00010839177412, 0.000108559128421, 0.000146483886056, 0.00020007713465, 0.000162632553838, 5.3127809224e-05, 1.03631409729e-05, 6.52443759463e-07], "max": [0.00400262558833, 0.029145700857, 0.0216903816909, 0.0437042936683, 0.0265101157129, 0.0351314172149, 0.0524736121297, 0.0439615212381, 0.032444935292, 0.0214387625456, 0.0218744985759, 0.0218570139259, 0.0118603622541, 0.0138035854325, 0.0105429701507, 0.0107325660065, 0.0126148089767, 0.0162386596203, 0.0147714074701, 0.0213129092008, 0.0142529457808, 0.0245084483176, 0.0496384166181, 0.04199443385, 0.0104285310954, 0.00134766101837, 0.0001733465906], "var": [7.57593596745e-08, 9.36565720622e-06, 1.69463794464e-06, 1.37705055749e-05, 4.33016157331e-06, 3.95247116103e-06, 7.8013381426e-06, 6.92893809173e-06, 2.05905303119e-06, 1.14994725209e-06, 1.67326618339e-06, 6.39562586002e-07, 3.30288543182e-07, 4.61718059341e-07, 4.52158275266e-07, 4.08142341257e-07, 1.30590058234e-06, 2.05996707336e-06, 1.81964639978e-06, 2.82485274283e-07, 3.22819801113e-07, 1.0943849702e-06, 2.56946350419e-06, 2.33716878029e-06, 1.68459123984e-07, 4.76458250631e-09, 1.57860668981e-11], "mean": [0.000116677110782, 0.000991829903796, 0.000489726371597, 0.00110742880497, 0.00142814056017, 0.000886796333361, 0.000962374208029, 0.000742563861422, 0.000402460427722, 0.000278696592432, 0.000310668634484, 0.000283804838546, 0.000241433313931, 0.000327999383444, 0.000402938661864, 0.000396017072489, 0.000790109741502, 0.000756450404879, 0.000704877136741, 0.000153155444423, 0.000156381967827, 0.000221679089009, 0.000295293488307, 0.000265368784312, 8.28870397527e-05, 1.56114401761e-05, 6.6826390821e-07]}, "erbbands_skewness": {"dmean2": 0.5216537714, "median": -0.588360667229, "min": -6.4737443924, "dvar2": 0.277049571276, "dvar": 0.145014926791, "dmean": 0.349619299173, "max": 5.44778823853, "var": 1.12679064274, "mean": -0.510960876942}, "erbbands_spread": {"dmean2": 11.8350486755, "median": 30.2659721375, "min": 3.12353444099, "dvar2": 198.260009766, "dvar": 87.3705291748, "dmean": 7.65244293213, "max": 176.09854126, "var": 278.37322998, "mean": 33.4326934814}, "melbands_kurtosis": {"dmean2": 5.96275138855, "median": 2.11787509918, "min": -1.88080048561, "dvar2": 239.834823608, "dvar": 92.7182540894, "dmean": 3.77119064331, "