{"tonal": {"thpcp": [1, 0.957138359547, 0.812770426273, 0.831141471863, 0.825618863106, 0.725533425808, 0.817108213902, 0.970562934875, 0.953181803226, 0.999096751213, 0.935279905796, 0.714852869511, 0.764853179455, 0.796492338181, 0.797345876694, 0.951274752617, 0.758391082287, 0.480557650328, 0.553260803223, 0.600694000721, 0.617180407047, 0.807999551296, 0.813197553158, 0.662943542004, 0.755106568336, 0.858537912369, 0.889990568161, 0.974850356579, 0.869468986988, 0.707855820656, 0.82583552599, 0.880200147629, 0.758322000504, 0.8300126791, 0.940676391125, 0.937843739986], "hpcp": {"dmean2": [0.388690054417, 0.330656647682, 0.285726934671, 0.278027892113, 0.309426575899, 0.301946371794, 0.319543272257, 0.352636396885, 0.367174804211, 0.372828811407, 0.34947052598, 0.316397279501, 0.2862380445, 0.284927278757, 0.259518384933, 0.26307785511, 0.292247951031, 0.301145732403, 0.282955348492, 0.277681797743, 0.245859846473, 0.242452070117, 0.239841490984, 0.26848718524, 0.32812461257, 0.247535511851, 0.176164880395, 0.194317176938, 0.210774034262, 0.220738828182, 0.254607856274, 0.259304910898, 0.241853877902, 0.268923789263, 0.285204857588, 0.346932381392], "median": [0.0801216140389, 0.0779966637492, 0.0690587833524, 0.0671663805842, 0.0756102576852, 0.0739035606384, 0.078637085855, 0.0847500413656, 0.0822860896587, 0.0797435566783, 0.0840665847063, 0.0882212147117, 0.0883286818862, 0.0815693065524, 0.080459266901, 0.0884708613157, 0.0981207862496, 0.109155140817, 0.107252188027, 0.096010774374, 0.0783089026809, 0.0757088363171, 0.0743139907718, 0.0914312154055, 0.0977494716644, 0.081249512732, 0.046257879585, 0.0489608347416, 0.0571024231613, 0.0634127259254, 0.0747748166323, 0.0765916705132, 0.0678801760077, 0.0708845257759, 0.076076246798, 0.0801507681608], "min": [0, 0, 0, 0, 0, 0, 0, 0, 0, 0, 0, 0, 0, 0, 0, 0, 0, 0, 0, 0, 0, 0, 0, 0, 0, 0, 0, 0, 0, 0, 0, 0, 0, 0, 0, 0], "dvar2": [0.198670387268, 0.151166602969, 0.134016901255, 0.13125577569, 0.147347375751, 0.146147415042, 0.155148744583, 0.183728441596, 0.200623080134, 0.201507508755, 0.182308763266, 0.154709294438, 0.128650993109, 0.13277387619, 0.108354523778, 0.106815628707, 0.122221440077, 0.121786281466, 0.109941266477, 0.113620772958, 0.0972242280841, 0.0962832644582, 0.0987022146583, 0.104160584509, 0.154097810388, 0.0930592864752, 0.0650321692228, 0.0798533335328, 0.0823495611548, 0.0827753469348, 0.107846483588, 0.110051885247, 0.0997469574213, 0.122720904648, 0.129292219877, 0.165266379714], "dvar": [0.0754859000444, 0.0552585832775, 0.0472124479711, 0.0479795634747, 0.0540392547846, 0.0531215704978, 0.0566645786166, 0.0675544515252, 0.070857167244, 0.0737949982285, 0.067220620811, 0.0542888827622, 0.0466034933925, 0.0479951836169, 0.0380693525076, 0.0397457666695, 0.0475408770144, 0.0452207401395, 0.0413980446756, 0.0427676923573, 0.0356785804033, 0.0361817218363, 0.0390744656324, 0.0374636389315, 0.0555541068316, 0.0333801098168, 0.0227746292949, 0.0291140731424, 0.0299030952156, 0.0299331136048, 0.0416949875653, 0.0427705980837, 0.0359004661441, 0.0441679880023, 0.047176565975, 0.061028983444], "dmean": [0.217431604862, 0.185641497374, 0.157538309693, 0.157314777374, 0.173550605774, 0.168616741896, 0.179526492953, 0.19785541296, 0.205743312836, 0.207388356328, 0.195669874549, 0.177171126008, 0.161849021912, 0.160472333431, 0.145610749722, 0.150153756142, 0.167791455984, 0.172120556235, 0.16165292263, 0.159577667713, 0.13995988667, 0.139778256416, 0.138429448009, 0.151705905795, 0.184317350388, 0.14040197432, 0.0989049300551, 0.110531672835, 0.120246075094, 0.12444319576, 0.146497011185, 0.149007752538, 0.136474788189, 0.151408866048, 0.161044463515, 0.193855926394], "max": [1, 1, 1, 1, 1, 1, 1, 1, 1, 1, 1, 1, 1, 1, 1, 1, 1, 1, 1, 1, 1, 1, 1, 1, 1, 1, 1, 1, 1, 1, 1, 1, 1, 1, 1, 1], "var": [0.0814552530646, 0.0623614042997, 0.0446777977049, 0.0648754164577, 0.0665457844734, 0.0518013983965, 0.0588071942329, 0.0754897519946, 0.0730539262295, 0.0863297432661, 0.0776213407516, 0.0518439151347, 0.0533001571894, 0.057025924325, 0.0403563380241, 0.0504711121321, 0.0714604705572, 0.0580045096576, 0.0707365348935, 0.0654614120722, 0.0417998433113, 0.04912128672, 0.060163307935, 0.0453698150814, 0.0687960088253, 0.0455732233822, 0.0233384985477, 0.0334458686411, 0.0353424437344, 0.0321747362614, 0.0571880564094, 0.0576753541827, 0.0386978983879, 0.0512258559465, 0.0650309249759, 0.064342290163], "mean": [0.213832125068, 0.190716862679, 0.155267238617, 0.18114592135, 0.193070724607, 0.166336923838, 0.18206217885, 0.20633611083, 0.205714777112, 0.219348669052, 0.209947019815, 0.178280115128, 0.182309776545, 0.181098401546, 0.15914478898, 0.179231598973, 0.212891682982, 0.209079161286, 0.219150543213, 0.205152407289, 0.156802028418, 0.167769521475, 0.174709528685, 0.174896761775, 0.208660855889, 0.166352078319, 0.105409681797, 0.121357023716, 0.131761431694, 0.135377705097, 0.177233621478, 0.178373798728, 0.145415782928, 0.165631622076, 0.188319146633, 0.195218250155]}, "tuning_equal_tempered_deviation": 0.230064317584, "chords_changes_rate": 0.103220738471, "key_key": "G#", "tuning_diatonic_strength": 0.234887093306, "key_scale": "major", "chords_number_rate": 0.00329929310828, "tuning_frequency": 434.193115234, "tuning_nontempered_energy_ratio": 0.900713920593, "chords_histogram": [9.5993719101, 3.47211313248, 7.0699133873, 2.3723487854, 5.78161811829, 5.90730571747, 3.34642577171, 3.77062058449, 3.50353503227, 2.56087970734, 7.14846801758, 4.72898674011, 3.47211313248, 5.64022016525, 8.48389625549, 4.14768266678, 2.56087970734, 5.31029081345, 0.816967785358, 0.581304013729, 0.706991374493, 4.41476821899, 3.00078558922, 1.60251379013], "key_strength": 0.315473943949, "chords_key": "G#", "chords_strength": {"dmean2": 0.0174643397331, "median": 0.437172234058, "min": -1, "dvar2": 0.000736826390494, "dvar": 0.000419336836785, "dmean": 0.0146153979003, "max": 0.792789518833, "var": 0.0200247690082, "mean": 0.442855209112}, "chords_scale": "major", "hpcp_entropy": {"dmean2": 1.12427949905, "median": 2.72838568687, "min": 0, "dvar2": 0.832597434521, "dvar": 0.299393832684, "dmean": 0.665049731731, "max": 4.71590089798, "var": 0.728854775429, "mean": 2.66020298004}}, "metadata": {"audio_properties": {"equal_loudness": 0, "codec": "mp3", "downmix": "mix", "sample_rate": 44100, "analysis_sample_rate": 44100, "bit_rate": 231802, "md5_encoded": "cecc02e00c80dedc575b693245ae8b05", "length": 295.523254395, "replay_gain": -14.7428188324, "lossless": false}, "version": {"essentia_build_sha": "70f2e5ece6736b2c40cc944ad0e695b16b925413", "essentia": "2.1-beta2", "extractor": "music 1.0", "essentia_git_sha": "v2.1_beta2"}, "tags": {"title": ["One Thousand Memories"], "albumartist": ["Sadist"], "date": ["2007-04-17"], "genre": ["Progressive Death Metal"], "musicbrainz album release country": ["IT"], "album": ["Sadist"], "musicbrainz_recordingid": ["018de8f1-04b1-4159-ada1-aabbb547397d"], "musicbrainz album status": ["official"], "musicbrainz_albumartistid": ["8c013ad6-c1e7-455c-8f75-c95375cd794c"], "musicbrainz_albumid": ["98c5f79b-29b6-4407-b458-5e674f8fa842"], "artist": ["Sadist"], "artistsort": ["Sadist"], "tracknumber": ["2/11"], "label": ["Beyond Productions"], "albumartistsort": ["Sadist"], "musicbrainz album type": ["album"], "musicbrainz_artistid": ["8c013ad6-c1e7-455c-8f75-c95375cd794c"], "file_name": "02 One Thousand Memories.mp3"}}, "rhythm": {"bpm_histogram_first_peak_bpm": {"dmean2": 0, "median": 157, "min": 157, "dvar2": 0, "dvar": 0, "dmean": 0, "max": 157, "var": 0, "mean": 157}, "bpm": 154.47756958, "bpm_histogram_second_peak_spread": {"dmean2": 0, "median": 0.0574324727058, "min": 0.0574324727058, "dvar2": 0, "dvar": 0, "dmean": 0, "max": 0.0574324727058, "var": 0, "mean": 0.0574324727058}, "bpm_histogram_first_peak_weight": {"dmean2": 0, "median": 0.43507361412, "min": 0.43507361412, "dvar2": 0, "dvar": 0, "dmean": 0, "max": 0.43507361412, "var": 0, "mean": 0.43507361412}, "onset_rate": 3.69488668442, "beats_position": [0.417959183455, 0.847528338432, 1.27709746361, 1.71827661991, 2.13623571396, 2.53097510338, 2.92571425438, 3.32045340538, 3.7151927948, 4.1099319458, 4.5046710968, 4.87619018555, 5.25931978226, 5.64244890213, 6.03718805313, 6.420317173, 6.80344676971, 7.17496585846, 7.56970500946, 7.96444416046, 8.35918331146, 8.75392246246, 9.13705158234, 9.52018165588, 9.89170074463, 10.2864398956, 10.6811790466, 11.0759181976, 11.4706573486, 11.8421764374, 12.2369155884, 12.6200447083, 13.0031747818, 13.3863039017, 13.7694330215, 14.1641721725, 14.5589113235, 14.9652605057, 15.3483896255, 15.7315187454, 16.114648819, 16.4861679077, 16.8692970276, 17.2524261475, 17.6471652985, 18.0302944183, 18.4134235382, 18.7965526581, 19.179681778, 19.574420929, 19.9575500488, 20.3522891998, 20.7354183197, 21.1301574707, 21.5248966217, 21.8964176178, 22.2795467377, 22.6626758575, 23.0574150085, 23.4521541595, 23.8468933105, 24.2416324615, 24.6363716125, 25.0311107635, 25.4258499146, 25.8205890656, 26.2153282166, 26.6216773987, 27.0280265808, 27.4343757629, 27.8407249451, 28.2470741272, 28.6534233093, 29.0481624603, 29.4429016113, 29.8260307312, 30.2091598511, 30.6038990021, 30.9986381531, 31.3933773041, 31.776506424, 32.1480255127, 32.5311546326, 32.9142837524, 33.2974128723, 33.6921539307, 34.0868911743, 34.4816322327, 34.8763694763, 35.2594985962, 35.6426315308, 36.0373687744, 36.4204978943, 36.8036270142, 37.186756134, 37.5698852539, 37.9646263123, 38.3593635559, 38.7424926758, 39.1256217957, 39.5087509155, 39.8918800354, 40.2866210938, 40.6813583374, 41.0760993958, 41.4592285156, 41.8423576355, 42.2370948792, 42.6202278137, 43.0033569336, 43.3980941772, 43.7928352356, 44.1875724792, 44.5939216614, 45.0002708435, 45.4182319641, 45.83618927, 46.2541503906, 46.6488876343, 47.0436286926, 47.4383659363, 47.8331069946, 48.2278442383, 48.6225852966, 49.0057144165, 49.3888435364, 49.7719726562, 50.1551017761, 50.538230896, 50.9329681396, 51.3160972595, 51.7108383179, 52.0939674377, 52.4770965576, 52.8486175537, 53.2433547974, 53.6380958557, 54.0328330994, 54.4275741577, 54.8107032776, 55.1938323975, 55.5769615173, 55.9600906372, 56.3548278809, 56.7495689392, 57.1326980591, 57.515827179, 57.8873443604, 58.2820854187, 58.6768226624, 59.0599517822, 59.4430847168, 59.8378219604, 60.2093429565, 60.6040802002, 60.9988212585, 61.3935585022, 61.7766876221, 62.1598167419, 62.5429458618, 62.9260749817, 63.3092041016, 63.6923332214, 64.0870742798, 64.4818115234, 64.864944458, 65.2480697632, 65.6428070068, 66.0259399414, 66.409072876, 66.8038101196, 67.1869354248, 67.5816802979, 67.964805603, 68.3363265991, 68.7310638428, 69.1141967773, 69.508934021, 69.9036712646, 70.2868041992, 70.6699295044, 71.053062439, 71.4477996826, 71.8309249878, 72.2140579224, 72.608795166, 73.0035324097, 73.3750534058, 73.7581863403, 74.1413116455, 74.5360565186, 74.9307937622, 75.3255310059, 75.7202682495, 76.1034011841, 76.4865264893, 76.8812713623, 77.252784729, 77.6475296021, 78.0422668457, 78.4253921509, 78.8085250854, 79.2032623291, 79.5747833252, 79.9695205688, 80.3642578125, 80.7357788086, 81.1305236816, 81.5252609253, 81.9199981689, 82.3147354126, 82.6978683472, 83.0809936523, 83.4641265869, 83.8472518921, 84.2187728882, 84.6135101318, 85.0082550049, 85.4029922485, 85.7977294922, 86.1692504883, 86.5523757935, 86.935508728, 87.3070297241, 87.7017669678, 88.0965042114, 88.4912490845, 88.8743743896, 89.2691116333, 89.6638565063, 90.0469818115, 90.4301147461, 90.8132400513, 91.2079772949, 91.5911102295, 91.9742355347, 92.3457565308, 92.7404937744, 93.1352386475, 93.5299758911, 93.9131011963, 94.2962341309, 94.6793670654, 95.0624923706, 95.4456253052, 95.8403625488, 96.2350997925, 96.6182327271, 97.0129699707, 97.3960952759, 97.7792282104, 98.1623535156, 98.5454864502, 98.9286117554, 99.3117446899, 99.7064819336, 100.101219177, 100.49596405, 100.867477417, 101.26222229, 101.645347595, 102.02848053, 102.411605835, 102.806350708, 103.189476013, 103.560997009, 103.955734253, 104.350471497, 104.74521637, 105.128341675, 105.511474609, 105.906211853, 106.277732849, 106.672470093, 107.055595398, 107.438728333, 107.833465576, 108.204986572, 108.599723816, 108.994468689, 109.389205933, 109.783943176, 110.167076111, 110.538589478, 110.921722412, 111.316459656, 111.711196899, 112.105941772, 112.489067078, 112.872200012, 113.255325317, 113.638458252, 114.021583557, 114.404716492, 114.799453735, 115.194190979, 115.588935852, 115.972061157, 116.355194092, 116.749931335, 117.133056641, 117.516189575, 117.910926819, 118.305664062, 118.688796997, 119.071922302, 119.455055237, 119.838180542, 120.232925415, 120.61605072, 120.999183655, 121.38230896, 121.765441895, 122.1485672, 122.543312073, 122.926437378, 123.309570312, 123.704307556, 124.0990448, 124.505393982, 124.876914978, 125.260040283, 125.643173218, 126.014694214, 126.409431458, 126.804168701, 127.198905945, 127.582038879, 127.953559875, 128.336685181, 128.731430054, 129.114562988, 129.497680664, 129.892425537, 130.28717041, 130.681900024, 131.053421021, 131.448165894, 131.842895508, 132.226028442, 132.620773315, 133.003890991, 133.387023926, 133.77015686, 134.141677856, 134.513198853, 134.907928467, 135.30267334, 135.697418213, 136.092147827, 136.4868927, 136.881637573, 137.253143311, 137.636276245, 138.031021118, 138.414154053, 138.808883667, 139.20362854, 139.586761475, 139.96987915, 140.353012085, 140.73614502, 141.130874634, 141.50239563, 141.897140503, 142.291885376, 142.675003052, 143.058135986, 143.441268921, 143.824401855, 144.21913147, 144.602264404, 144.985397339, 145.380126953, 145.763259888, 146.146392822, 146.541137695, 146.924255371, 147.307388306, 147.702133179, 148.096862793, 148.479995728, 148.874740601, 149.257858276, 149.629379272, 150.024124146, 150.418869019, 150.813598633, 151.208343506, 151.59147644, 151.974594116, 152.357727051, 152.740859985, 153.12399292, 153.507110596, 153.901855469, 154.296600342, 154.679718018, 155.062850952, 155.457595825, 155.84072876, 156.223846436, 156.618591309, 157.001724243, 157.384857178, 157.767974854, 158.151107788, 158.534240723, 158.917373657, 159.312103271, 159.706848145, 160.101577759, 160.496322632, 160.867843628, 161.250976562, 161.634094238, 162.028839111, 162.423583984, 162.818313599, 163.201446533, 163.584579468, 163.979324341, 164.362442017, 164.745574951, 165.128707886, 165.51184082, 165.906570435, 166.289703369, 166.672836304, 167.055953979, 167.439086914, 167.822219849, 168.216964722, 168.611694336, 168.994827271, 169.389572144, 169.772689819, 170.155822754, 170.550567627, 170.933700562, 171.316818237, 171.699951172, 172.083084106, 172.477813721, 172.872558594, 173.267303467, 173.662033081, 174.056777954, 174.451522827, 174.823028564, 175.194549561, 175.589294434, 175.984039307, 176.367156982, 176.750289917, 177.14503479, 177.528152466, 177.9112854, 178.294418335, 178.67755127, 179.072280884, 179.44380188, 179.838546753, 180.233291626, 180.62802124, 181.022766113, 181.394287109, 181.789016724, 182.172149658, 182.555282593, 182.938415527, 183.321533203, 183.716278076, 184.111022949, 184.505752563, 184.900497437, 185.272018433, 185.655151367, 186.038269043, 186.421401978, 186.804534912, 187.187667847, 187.570785522, 187.965530396, 188.360275269, 188.731781006, 189.103302002, 189.486434937, 189.869567871, 190.264297485, 190.670654297, 191.053787231, 191.436920166, 191.820037842, 192.203170776, 192.586303711, 192.981033325, 193.375778198, 193.770523071, 194.165252686, 194.54838562, 194.931518555, 195.314651489, 195.697769165, 196.0809021, 196.475646973, 196.858764648, 197.253509521, 197.636642456, 198.019775391, 198.414505005, 198.797637939, 199.180770874, 199.575500488, 199.970245361, 200.364990234, 200.74810791, 201.131240845, 201.514373779, 201.897506714, 202.28062439, 202.663757324, 203.046890259, 203.430023193, 203.824752808, 204.219497681, 204.591018677, 204.985748291, 205.380493164, 205.775238037, 206.158370972, 206.541488647, 206.936233521, 207.330978394, 207.714096069, 208.097229004, 208.46875, 208.863494873, 209.23500061, 209.641357422, 210.024490356, 210.396011353, 210.790740967, 211.18548584, 211.568618774, 211.95173645, 212.346481323, 212.741226196, 213.124343872, 213.507476807, 213.890609741, 214.285354614, 214.66847229, 215.063217163, 215.446350098, 215.829467773, 216.224212646, 216.607345581, 216.990478516, 217.38520813, 217.768341064, 218.151473999, 218.534591675, 218.917724609, 219.312469482, 219.707214355, 220.090332031, 220.473464966, 220.8565979, 221.239730835, 221.622848511, 222.017593384, 222.400726318, 222.795455933, 223.190200806, 223.584945679, 223.968063354, 224.362808228, 224.745941162, 225.129058838, 225.512191772, 225.906936646, 226.29006958, 226.673187256, 227.044708252, 227.427841187, 227.82258606, 228.205703735, 228.600448608, 228.983581543, 229.378311157, 229.761444092, 230.156188965, 230.539321899, 230.922439575, 231.30557251, 231.688705444, 232.083435059, 232.478179932, 232.872924805, 233.256057739, 233.639175415, 234.033920288, 234.428665161, 234.811782837, 235.194915771, 235.578048706, 235.961181641, 236.344299316, 236.727432251, 237.110565186, 237.49369812, 237.876815796, 238.271560669, 238.654693604, 239.049423218, 239.432556152, 239.815689087, 240.21043396, 240.593551636, 240.97668457, 241.371429443, 241.766159058, 242.160903931, 242.544036865, 242.927154541, 243.310287476, 243.69342041, 244.088165283, 244.482894897, 244.877639771, 245.272369385, 245.643890381, 246.015411377, 246.41015625, 246.804885864, 247.188018799, 247.571151733, 247.965896606, 248.337417603, 248.720535278, 249.103668213, 249.498413086, 249.881530762, 250.264663696, 250.671020508, 251.054138184, 251.448883057, 251.820404053, 252.191925049, 252.586654663, 252.969787598, 253.352920532, 253.759277344, 254.14239502, 254.537139893, 254.920272827, 255.303390503, 255.698135376, 256.081268311, 256.464385986, 256.859130859, 257.242248535, 257.625396729, 258.020141602, 258.403259277, 258.80960083, 259.192749023, 259.575866699, 259.970611572, 260.342132568, 260.725250244, 261.119995117, 261.503112793, 261.897857666, 262.292602539, 262.675720215, 263.058868408, 263.453613281, 263.859954834, 264.266296387, 264.684265137, 265.113830566, 265.543395996, 265.972961426, 266.402526855, 266.820495605, 267.238464355, 267.656402588, 268.074371338, 268.503936768, 268.979949951, 269.444335938, 269.908752441, 270.373138428, 270.837554932, 271.301940918, 271.766357422, 272.230743408, 272.683532715, 273.136322021, 273.670379639, 274.204437256, 274.738494873, 275.260955811, 275.78338623, 276.305847168, 276.758636475, 277.223022461, 277.687438965, 278.151824951, 278.616241455, 279.080627441, 279.545043945, 280.009429932, 280.473815918, 280.915008545, 281.356170654, 281.808959961, 282.261749268, 282.726165771, 283.190551758, 283.654968262, 284.119354248, 284.583770752, 285.048156738, 285.512542725, 285.976959229, 286.429748535, 286.894134521, 287.358551025, 287.811340332, 288.275726318, 288.716918945, 289.146484375, 289.576049805, 290.005615234, 290.446807861, 290.876373291, 291.3175354, 291.758728027, 292.199890137, 292.641082764, 293.082275391, 293.5234375, 293.987854004, 294.440643311, 294.905029297], "beats_loudness": {"dmean2": 0.0264443103224, "median": 0.0433807522058, "min": 0, "dvar2": 0.000560718472116, "dvar": 0.000186264529475, "dmean": 0.0150335384533, "max": 0.112900935113, "var": 0.000411401910242, "mean": 0.0414921976626}, "danceability": 1.15804564953, "bpm_histogram_second_peak_weight": {"dmean2": 0, "median": 0.37349396944, "min": 0.37349396944, "dvar2": 0, "dvar": 0, "dmean": 0, "max": 0.37349396944, "var": 0, "mean": 0.37349396944}, "beats_count": 748, "bpm_histogram_second_peak_bpm": {"dmean2": 0, "median": 152, "min": 152, "dvar2": 0, "dvar": 0, "dmean": 0, "max": 152, "var": 0, "mean": 152}, "bpm_histogram_first_peak_spread": {"dmean2": 0, "median": 0.121621608734, "min": 0.121621608734, "dvar2": 0, "dvar": 0, "dmean": 0, "max": 0.121621608734, "var": 0, "mean": 0.121621608734}, "beats_loudness_band_ratio": {"dmean2": [0.378278970718, 0.333922356367, 0.104656904936, 0.137792259455, 0.0796552598476, 0.164106145501], "median": [0.426210135221, 0.188011497259, 0.046911071986, 0.0326991565526, 0.0497931540012, 0.147624224424], "min": [0, 0, 0, 0, 0, 0], "dvar2": [0.0861701443791, 0.0777877122164, 0.020375084132, 0.0270934347063, 0.00835679378361, 0.0275338180363], "dvar": [0.0293522849679, 0.026894338429, 0.0065923682414, 0.00861982628703, 0.00276673771441, 0.00985660590231], "dmean": [0.21614125371, 0.187514200807, 0.058373901993, 0.0763806775212, 0.0443399176002, 0.0946273803711], "max": [0.998318195343, 0.734077870846, 0.614318907261, 0.578023314476, 0.479957044125, 0.758105099201], "var": [0.0534317903221, 0.0334735102952, 0.00604666164145, 0.0111222127452, 0.00356052070856, 0.01519050356], "mean": [0.44110506773, 0.230639204383, 0.0715501904488, 0.0832556262612, 0.0664319097996, 0.162832647562]}}, "lowlevel": {"barkbands_spread": {"dmean2": 14.8724908829, "median": 38.9771690369, "min": 0.0102868555114, "dvar2": 249.66645813, "dvar": 95.342048645, "dmean": 9.05062866211, "max": 110.226737976, "var": 391.547241211, "mean": 40.1292114258}, "melbands_spread": {"dmean2": 22.1384830475, "median": 39.9154052734, "min": 0.00792782288045, "dvar2": 581.775146484, "dvar": 243.224822998, "dmean": 13.5465316772, "max": 235.837921143, "var": 850.567687988, "mean": 43.1440467834}, "hfc": {"dmean2": 21.4310073853, "median": 41.5571517944, "min": 1.05919842163e-16, "dvar2": 786.97479248, "dvar": 307.733398438, "dmean": 12.9672966003, "max": 163.803939819, "var": 714.094726562, "mean": 43.6362495422}, "barkbands_kurtosis": {"dmean2": 14.8679656982, "median": -0.406768321991, "min": -1.87786734104, "dvar2": 602618.625, "dvar": 209007.96875, "dmean": 8.13043403625, "max": 38590.15625, "var": 117842.695312, "mean": 5.22492027283}, "gfcc": {"mean": [25.0377559662, 59.1989212036, -104.406143188, 47.2765541077, -56.242389679, 19.418636322, -33.7793731689, 8.84553909302, -22.5945358276, -2.4513425827, -17.9279441833, 1.35535871983, -9.88593673706], "icov": [[0.00016301436699, -0.000110953114927, 0.000250039855018, -0.000449713668786, 0.000300391460769, -0.00041531806346, 0.000321608007653, -0.000299582374282, 0.000359387981007, -0.000369325309293, 0.000701075536199, -0.000601218489464, 0.00063186394982], [-0.000110953114927, 0.00142809667159, 1.81293507922e-05, 0.000621090875939, -0.00106571940705, 0.000885577697773, -0.000827537907753, 0.000780867296271, -0.00149514409713, 0.00244980654679, -0.00292208581232, 0.00247256876901, -0.00129438366275], [0.000250039855018, 1.81293507922e-05, 0.00188092491589, -0.000940077123232, -0.000135176756885, 0.000413348840084, -0.000697219686117, 1.85755616258e-05, -0.000109716071165, -0.00109200645238, 0.00207034195773, -0.00199275859632, 0.002269980032], [-0.000449713668786, 0.000621090875939, -0.000940077123232, 0.00504648545757, -0.00127176125534, 0.000303071486996, 0.000641121820081, -0.000171769075678, -0.00101174693555, 0.00151928502601, -0.0012883155141, 0.00228527304716, -0.00318235112354], [0.000300391460769, -0.00106571940705, -0.000135176756885, -0.00127176125534, 0.00601159594953, -0.00270353234373, -0.00128273968585, 0.00148045865353, -0.000603696738835, -0.00154621317051, 0.00122856232338, 6.62887396174e-05, 0.000228539880482], [-0.00041531806346, 0.000885577697773, 0.000413348840084, 0.000303071486996, -0.00270353234373, 0.00771513674408, -0.00305857905187, 0.000350420974428, 0.00274567538872, -0.00136353983544, -0.00278628710657, -0.000128601139295, 0.00196522730403], [0.000321608007653, -0.000827537907753, -0.000697219686117, 0.000641121820081, -0.00128273968585, -0.00305857905187, 0.0122086685151, -0.00621132925153, 0.000625334272627, 0.00223273574375, -0.00289988564327, 0.00118829030544, -0.000176857894985], [-0.000299582374282, 0.000780867296271, 1.85755616258e-05, -0.000171769075678, 0.00148045865353, 0.000350420974428, -0.00621132925153, 0.0148999709636, -0.00884352717549, 0.000899257604033, 0.00540871080011, -0.00446267286316, -0.00178684515413], [0.000359387981007, -0.00149514409713, -0.000109716071165, -0.00101174693555, -0.000603696738835, 0.00274567538872, 0.000625334272627, -0.00884352717549, 0.0194841809571, -0.0093228360638, 0.00141728052404, 0.00113079661969, 0.00081700674491], [-0.000369325309293, 0.00244980654679, -0.00109200645238, 0.00151928502601, -0.00154621317051, -0.00136353983544, 0.00223273574375, 0.000899257604033, -0.0093228360638, 0.0212810430676, -0.0118541242555, 0.00331447902136, 0.0029879254289], [0.000701075536199, -0.00292208581232, 0.00207034195773, -0.0012883155141, 0.00122856232338, -0.00278628710657, -0.00289988564327, 0.00540871080011, 0.00141728052404, -0.0118541242555, 0.0268830154091, -0.0126810157672, 0.00292656756938], [-0.000601218489464, 0.00247256876901, -0.00199275859632, 0.00228527304716, 6.62887396174e-05, -0.000128601139295, 0.00118829030544, -0.00446267286316, 0.00113079661969, 0.00331447902136, -0.0126810157672, 0.0250312779099, -0.0108254412189], [0.00063186394982, -0.00129438366275, 0.002269980032, -0.00318235112354, 0.000228539880482, 0.00196522730403, -0.000176857894985, -0.00178684515413, 0.00081700674491, 0.0029879254289, 0.00292656756938, -0.0108254412189, 0.0236026402563]], "cov": [[25550.6445312, -4659.65722656, -1704.8951416, 1446.1328125, -1529.05249023, 1126.8572998, -1031.41760254, 409.34085083, -618.004455566, 218.999389648, -579.192443848, 494.737243652, -343.963531494], [-4659.65722656, 2842.99926758, -121.382888794, -346.040252686, 594.632019043, -236.718460083, 327.5078125, -214.569976807, 137.222137451, -172.841506958, 242.933898926, -233.212600708, 125.879066467], [-1704.8951416, -121.382888794, 959.373718262, 29.7370910645, 74.5462493896, -107.792221069, 82.3546905518, 69.8471298218, 101.14969635, 44.8197288513, -39.6603317261, 6.07503461838, -36.5863075256], [1446.1328125, -346.040252686, 29.7370910645, 341.827911377, -60.8136062622, 35.4160385132, -65.5191421509, 50.4937820435, -14.4739713669, 0.157703861594, -59.814956665, 25.5006351471, 6.10282611847], [-1529.05249023, 594.632019043, 74.5462493896, -60.8136062622, 400.041900635, 60.089138031, 127.791191101, -79.0845184326, 36.9440536499, 9.4596157074, 85.4813232422, -63.6427497864, 2.00338768959], [1126.8572998, -236.718460083, -107.792221069, 35.4160385132, 60.089138031, 313.385406494, 15.7275323868, -27.6336860657, -66.8288269043, 59.2234230042, 39.7485466003, 26.0083351135, -54.8398475647], [-1031.41760254, 327.5078125, 82.3546905518, -65.5191421509, 127.791191101, 15.7275323868, 185.870300293, 32.0507125854, 42.0842247009, -14.0741548538, 43.2270584106, -19.0307693481, 16.3271026611], [409.34085083, -214.569976807, 69.8471298218, 50.4937820435, -79.0845184326, -27.6336860657, 32.0507125854, 179.709869385, 62.9981651306, 2.0194606781, -54.8362998962, 38.7713394165, 16.4223747253], [-618.004455566, 137.222137451, 101.14969635, -14.4739713669, 36.9440536499, -66.8288269043, 42.0842247009, 62.9981651306, 125.25983429, 29.735414505, 4.8187417984, -14.1445360184, 7.49648284912], [218.999389648, -172.841506958, 44.8197288513, 0.157703861594, 9.4596157074, 59.2234230042, -14.0741548538, 2.0194606781, 29.735414505, 114.853302002, 34.4142227173, 11.0488071442, -39.3745613098], [-579.192443848, 242.933898926, -39.6603317261, -59.814956665, 85.4813232422, 39.7485466003, 43.2270584106, -54.8362998962, 4.8187417984, 34.4142227173, 111.847763062, 4.56997776031, 0.31710934639], [494.737243652, -233.212600708, 6.07503461838, 25.5006351471, -63.6427497864, 26.0083351135, -19.0307693481, 38.7713394165, -14.1445360184, 11.0488071442, 4.56997776031, 90.4501266479, 18.0727729797], [-343.963531494, 125.879066467, -36.5863075256, 6.10282611847, 2.00338768959, -54.8398475647, 16.3271026611, 16.4223747253, 7.49648284912, -39.3745613098, 0.31710934639, 18.0727729797, 81.7083816528]]}, "spectral_energyband_middle_low": {"dmean2": 0.00923933554441, "median": 0.00796072930098, "min": 1.68267148662e-22, "dvar2": 0.000254489452345, "dvar": 9.59062308539e-05, "dmean": 0.00553811853752, "max": 0.0917709544301, "var": 0.000108355328848, "mean": 0.010530360043}, "melbands_crest": {"dmean2": 6.8592042923, "median": 12.5477542877, "min": 1.64990258217, "dvar2": 35.8146743774, "dvar": 13.9008789062, "dmean": 4.12568187714, "max": 39.9984817505, "var": 32.9440345764, "mean": 13.4715280533}, "spectral_kurtosis": {"dmean2": 2.61266207695, "median": 1.9004406929, "min": -1.25065016747, "dvar2": 46.9405784607, "dvar": 16.2112922668, "dmean": 1.56818079948, "max": 106.097564697, "var": 83.5588150024, "mean": 4.29457426071}, "spectral_rms": {"dmean2": 0.00166188634466, "median": 0.00540430098772, "min": 3.12409993708e-12, "dvar2": 3.79724701816e-06, "dvar": 1.4723231061e-06, "dmean": 0.00100512197241, "max": 0.0137030584738, "var": 4.07487414122e-06, "mean": 0.00530323153362}, "zerocrossingrate": {"dmean2": 0.0176807157695, "median": 0.095703125, "min": 0, "dvar2": 0.000342089420883, "dvar": 0.000247258227319, "dmean": 0.0146867623553, "max": 0.5263671875, "var": 0.00392100634053, "mean": 0.104639261961}, "silence_rate_60dB": {"dmean2": 0.0125716980547, "median": 0, "min": 0, "dvar2": 0.0143005745485, "dvar": 0.00624476931989, "dmean": 0.00628535496071, "max": 1, "var": 0.0672527402639, "mean": 0.0725115910172}, "erbbands_kurtosis": {"dmean2": 1.6004127264, "median": -0.0527746677399, "min": -1.7903418541, "dvar2": 4.56619167328, "dvar": 1.85274100304, "dmean": 0.996340870857, "max": 53.3931617737, "var": 7.42724227905, "mean": 0.641019701958}, "erbbands": {"dmean2": [0.426908582449, 2.69799041748, 4.7996840477, 7.10668182373, 16.9633560181, 19.8174362183, 9.81628894806, 10.2439403534, 14.0369291306, 18.1851425171, 15.6720113754, 24.8905105591, 21.5874633789, 25.7550048828, 36.4070892334, 54.1492576599, 46.4606513977, 38.5707817078, 31.6403388977, 27.4909648895, 32.2805213928, 32.1141395569, 29.0363235474, 30.7786769867, 23.5040073395, 26.1973266602, 32.0000686646, 28.7680835724, 25.9272098541, 22.5179767609, 16.0949001312, 10.1858644485, 6.2926735878, 3.46171307564, 1.43786799908, 0.564104139805, 0.17142342031, 0.0370496474206, 0.0033422713168, 9.36395663302e-05], "median": [0.0861646011472, 0.629519164562, 1.59881865978, 3.73559260368, 6.51079893112, 6.70096826553, 5.47515058517, 3.98385930061, 4.95202922821, 7.17364883423, 5.96081399918, 10.7876825333, 10.1140413284, 10.4200363159, 10.0423526764, 11.0424566269, 7.81917667389, 7.17476558685, 10.2098617554, 18.6565723419, 30.4060935974, 30.9017028809, 25.4913406372, 26.0498123169, 18.9960689545, 17.8523082733, 25.1680831909, 20.9970302582, 16.5809650421, 13.8740444183, 13.5624494553, 10.2530231476, 6.09168958664, 2.79640078545, 0.939149320126, 0.287464827299, 0.0730526149273, 0.0124693764374, 0.00102818396408, 7.44463541196e-05], "min": [1.35987578887e-22, 2.75182224453e-22, 7.86012574617e-22, 8.69875976078e-21, 1.06742383158e-20, 3.7518902795e-20, 5.4870715741e-20, 4.43797003542e-20, 1.18803479436e-19, 1.71090289738e-19, 2.01502877429e-19, 3.89246458397e-19, 2.77443149992e-19, 6.11563474784e-19, 8.75310116494e-19, 7.09390817109e-19, 1.82491221893e-18, 1.92885118521e-18, 1.91957083913e-18, 3.39851414648e-18, 3.12409677147e-18, 4.29919513313e-18, 4.96440096044e-18, 6.07512916081e-18, 7.13436412728e-18, 6.77793200133e-18, 9.45212337647e-18, 7.92789337815e-18, 9.48946065496e-18, 1.09167525301e-17, 1.11421790994e-17, 1.21937605772e-17, 9.67535460838e-18, 7.69935660979e-18, 6.09471224822e-18, 3.86576531345e-18, 2.36506529483e-18, 9.60007517558e-19, 2.51565967751e-19, 2.84220001643e-20], "dvar2": [0.644628405571, 24.1212368011, 52.4427680969, 120.632072449, 1070.16516113, 1820.12194824, 333.121032715, 553.979553223, 1070.29187012, 1856.24316406, 1849.61877441, 2689.94287109, 2114.79760742, 3428.8203125, 7398.67724609, 15291.7021484, 12775.4599609, 8708.52050781, 5661.71337891, 3001.83764648, 2364.7434082, 2506.09936523, 2625.22143555, 1777.0111084, 1068.04907227, 1423.72705078, 2068.22924805, 1614.50427246, 1311.60961914, 1043.53625488, 498.691253662, 221.547698975, 70.3811035156, 23.2955703735, 5.05795955658, 0.943393647671, 0.0889000669122, 0.00532106077299, 3.93176815123e-05, 2.21429949931e-08], "dvar": [0.233935654163, 8.87679767609, 19.0940341949, 45.7277946472, 403.533599854, 703.22479248, 140.338790894, 236.566802979, 421.982788086, 730.888916016, 690.378723145, 1056.29333496, 833.431640625, 1320.56726074, 2832.08398438, 5769.38525391, 4731.20605469, 3318.19458008, 2226.51782227, 1194.75915527, 941.559326172, 991.047424316, 999.494445801, 653.085754395, 387.630340576, 518.20513916, 752.013183594, 597.774658203, 562.80065918, 438.99041748, 219.141952515, 94.4063262939, 30.0748653412, 9.93626117706, 2.00258636475, 0.364793092012, 0.0393285825849, 0.00226435111836, 1.69870927493e-05, 9.59257473454e-09], "dmean": [0.240661665797, 1.55287230015, 2.75787997246, 4.23239326477, 10.0647363663, 11.8137731552, 5.94486093521, 6.13220214844, 8.364569664, 10.9607448578, 9.52830982208, 15.2873306274, 13.1709041595, 15.7896604538, 22.343000412, 33.0620269775, 28.3120994568, 23.5228462219, 19.4805431366, 16.8972301483, 19.6847076416, 19.5371932983, 17.383895874, 17.9326038361, 13.4202346802, 14.9356708527, 18.3731937408, 16.6182556152, 15.82417202, 13.6885128021, 10.0688114166, 6.34872484207, 3.88982462883, 2.11791706085, 0.87052321434, 0.336344361305, 0.106397025287, 0.0229517742991, 0.00207273638807, 5.84003282711e-05], "max": [6.02098751068, 36.3207893372, 65.5862808228, 104.025985718, 200.320266724, 291.488098145, 350.247833252, 441.189697266, 530.59576416, 612.495910645, 742.536560059, 646.897033691, 662.364624023, 761.297790527, 1175.12646484, 1777.7878418, 1311.95996094, 882.973571777, 1085.01501465, 766.849304199, 741.581665039, 884.672973633, 1043.37438965, 442.933502197, 335.294433594, 443.934082031, 365.699279785, 250.074920654, 337.44708252, 391.379638672, 282.295623779, 225.168930054, 124.173835754, 57.5635452271, 19.7374019623, 9.62346744537, 5.02371931076, 1.40026450157, 0.097104460001, 0.00185272260569], "var": [0.182058572769, 7.12097072601, 21.1594734192, 73.2302932739, 396.819793701, 618.159179688, 267.253295898, 397.792388916, 585.209106445, 905.880126953, 865.697753906, 1959.06591797, 1502.58056641, 2392.79907227, 5288.44580078, 12488.015625, 11542.6113281, 8054.24462891, 4782.40771484, 2244.6574707, 1922.63842773, 2146.08764648, 1891.3848877, 1001.93560791, 474.831329346, 817.764343262, 1169.15112305, 1004.14276123, 1027.21813965, 743.048095703, 461.317962646, 247.317504883, 90.0071411133, 22.7403240204, 3.46841025352, 0.593953728676, 0.112765610218, 0.00548940338194, 4.09256899729e-05, 2.30216095076e-08], "mean": [0.23180578649, 1.56877028942, 3.26481366158, 6.20503330231, 12.617814064, 14.0562505722, 9.74712944031, 8.494764328, 11.2862911224, 14.8960943222, 13.9108428955, 25.1290283203, 22.0936889648, 26.0478229523, 36.6202774048, 58.0534210205, 52.472694397, 42.5205192566, 34.9409599304, 31.7349433899, 39.9825210571, 40.6758728027, 35.022190094, 33.2128982544, 24.2767810822, 26.7860450745, 34.4068031311, 31.076002121, 28.527463913, 23.5442142487, 20.1711883545, 14.5034198761, 8.68514919281, 4.15893745422, 1.56991696358, 0.584321677685, 0.208193928003, 0.0424889810383, 0.00374159519561, 0.000130675398395]}, "spectral_strongpeak": {"dmean2": 0.895867347717, "median": 0.338384151459, "min": 0, "dvar2": 2.08497714996, "dvar": 0.754717767239, "dmean": 0.509270489216, "max": 12.4597940445, "var": 0.782567977905, "mean": 0.65330350399}, "spectral_energy": {"dmean2": 0.0225187595934, "median": 0.0299366321415, "min": 1.00039998764e-20, "dvar2": 0.000916692719329, "dvar": 0.00034543738002, "dmean": 0.0132584134117, "max": 0.19246815145, "var": 0.000467321428005, "mean": 0.0330042205751}, "average_loudness": 0.951769053936, "spectral_rolloff": {"dmean2": 1760.62219238, "median": 2497.8515625, "min": 21.533203125, "dvar2": 4436539.5, "dvar": 1799658.75, "dmean": 1038.51928711, "max": 19659.8144531, "var": 6804876.5, "mean": 3131.17724609}, "spectral_centroid": {"dmean2": 534.213867188, "median": 2051.07446289, "min": 107.566314697, "dvar2": 302195.25, "dvar": 124009.109375, "dmean": 327.653137207, "max": 11928.5859375, "var": 1193375, "mean": 2073.97241211}, "pitch_salience": {"dmean2": 0.140047773719, "median": 0.624835669994, "min": 0.00120253313798, "dvar2": 0.0164460223168, "dvar": 0.00606732210144, "dmean": 0.0837095379829, "max": 0.97505491972, "var": 0.0164256114513, "mean": 0.598436892033}, "spectral_energyband_middle_high": {"dmean2": 0.00404923595488, "median": 0.00568723119795, "min": 1.1130512838e-21, "dvar2": 2.61657114606e-05, "dvar": 1.06239531306e-05, "dmean": 0.00250192522071, "max": 0.045288246125, "var": 5.24699898961e-05, "mean": 0.00808385200799}, "spectral_contrast_coeffs": {"dmean2": [0.0951324179769, 0.0776670724154, 0.0661707669497, 0.0509648732841, 0.0345143601298, 0.0277412682772], "median": [-0.669629335403, -0.767306029797, -0.786228954792, -0.789934337139, -0.802716553211, -0.745483160019], "min": [-0.980411529541, -0.978524625301, -0.97844594717, -0.984256803989, -0.969593524933, -0.96500068903], "dvar2": [0.00636199861765, 0.00391587568447, 0.00286717596464, 0.00173474394251, 0.000838165462483, 0.000613718060777], "dvar": [0.00246343715116, 0.00141197780613, 0.00109851080924, 0.000656439398881, 0.000328309717588, 0.000245763978455], "dmean": [0.0583402737975, 0.0465975478292, 0.0401329137385, 0.0308940410614, 0.0207764972001, 0.0169160105288], "max": [-0.288948357105, -0.447473168373, -0.483761399984, -0.556889712811, -0.6119312644, -0.572458446026], "var": [0.0076182289049, 0.0039744162932, 0.00442529376596, 0.00292011583224, 0.00182755116839, 0.0016437190352], "mean": [-0.661148786545, -0.76212567091, -0.777314901352, -0.787606835365, -0.799326658249, -0.748802959919]}, "melbands_skewness": {"dmean2": 1.66994583607, "median": 2.23409128189, "min": -2.82443261147, "dvar2": 48.4200019836, "dvar": 16.9646282196, "dmean": 1.02520704269, "max": 345.048797607, "var": 12.2627849579, "mean": 2.576577425}, "spectral_spread": {"dmean2": 877581.375, "median": 5476816, "min": 785944.375, "dvar2": 979227508736, "dvar": 509822533632, "dmean": 590192.9375, "max": 42180968, "var": 11327055593500.0, "mean": 5582817.5}, "dissonance": {"dmean2": 0.0187554359436, "median": 0.486331909895, "min": 0.272737264633, "dvar2": 0.000481431314256, "dvar": 0.00017252539692, "dmean": 0.011000613682, "max": 0.500000059605, "var": 0.000673442962579, "mean": 0.478621721268}, "spectral_skewness": {"dmean2": 0.308822840452, "median": 1.05990767479, "min": -0.119287647307, "dvar2": 0.192714527249, "dvar": 0.0699824541807, "dmean": 0.193515360355, "max": 8.17016029358, "var": 0.797263383865, "mean": 1.29221510887}, "spectral_flux": {"dmean2": 0.0455684289336, "median": 0.10532964021, "min": 6.44088740676e-11, "dvar2": 0.00255350815132, "dvar": 0.00118419737555, "dmean": 0.0287831854075, "max": 0.399018019438, "var": 0.00309171807021, "mean": 0.108157090843}, "spectral_contrast_valleys": {"dmean2": [0.68551248312, 0.60654592514, 0.541296243668, 0.443317681551, 0.403043538332, 0.451373338699], "median": [-6.69533157349, -6.65278530121, -6.96830558777, -7.25247097015, -6.59215641022, -8.7918920517], "min": [-28.2927417755, -28.0317821503, -27.9465122223, -27.6441478729, -27.5052776337, -27.4032554626], "dvar2": [0.345117479563, 0.276438444853, 0.231125056744, 0.167301803827, 0.177395164967, 0.293774396181], "dvar": [0.146057903767, 0.115700364113, 0.101694330573, 0.0762150064111, 0.0778786763549, 0.135891422629], "dmean": [0.416179746389, 0.369213193655, 0.33648571372, 0.276506781578, 0.248995214701, 0.293801128864], "max": [-5.08857154846, -4.53914499283, -4.94414377213, -5.40543222427, -5.43589544296, -7.40674734116], "var": [3.81953883171, 3.67436957359, 3.99600791931, 4.27367305756, 4.79520797729, 5.46411132812], "mean": [-7.08388614655, -6.94826364517, -7.33441305161, -7.59700679779, -7.13985681534, -9.44760417938]}, "erbbands_flatness_db": {"dm