{"tonal": {"thpcp": [1, 0.773096144199, 0.314680665731, 0.205238699913, 0.161210492253, 0.19616523385, 0.328412681818, 0.333187073469, 0.228534474969, 0.191484585404, 0.181340113282, 0.281059920788, 0.480321764946, 0.449718862772, 0.404802441597, 0.488072395325, 0.320891976357, 0.156902506948, 0.170269697905, 0.190996289253, 0.388852000237, 0.635504603386, 0.46096137166, 0.197547495365, 0.160706177354, 0.171198651195, 0.284275859594, 0.445968359709, 0.405557781458, 0.290159851313, 0.261670082808, 0.211368784308, 0.187279611826, 0.227026373148, 0.252476722002, 0.547547638416], "hpcp": {"dmean2": [0.231293782592, 0.244042754173, 0.223622515798, 0.215587407351, 0.175243750215, 0.155151590705, 0.174608722329, 0.211652949452, 0.311044037342, 0.358213722706, 0.355748176575, 0.236164182425, 0.181320264935, 0.149085521698, 0.149694636464, 0.176312342286, 0.191321894526, 0.180316329002, 0.154154643416, 0.150776848197, 0.197804450989, 0.238008409739, 0.23513546586, 0.2627389431, 0.254599004984, 0.170360296965, 0.11227094382, 0.123330906034, 0.145797744393, 0.220338314772, 0.268536567688, 0.235794916749, 0.151690497994, 0.124655470252, 0.139399453998, 0.189215749502], "median": [0.037767983973, 0.0432763807476, 0.0355537459254, 0.0231867786497, 0.0146486489102, 0.0191217847168, 0.0243801437318, 0.026382625103, 0.112987063825, 0.233561888337, 0.183999270201, 0.0369542092085, 0.016534069553, 0.0142040606588, 0.0229350142181, 0.0398491099477, 0.0380208306015, 0.0223906878382, 0.0139573561028, 0.0125639531761, 0.0373424589634, 0.0694278627634, 0.0609893277287, 0.0526871681213, 0.0314720645547, 0.026455629617, 0.0142599660903, 0.0108690205961, 0.0156594123691, 0.0622110255063, 0.123705886304, 0.095103085041, 0.0249586217105, 0.0144340228289, 0.0163233894855, 0.0268901139498], "min": [0, 0, 0, 0, 0, 0, 0, 0, 0, 0, 0, 0, 0, 0, 0, 0, 0, 0, 0, 0, 0, 0, 0, 0, 0, 0, 0, 0, 0, 0, 0, 0, 0, 0, 0, 0], "dvar2": [0.124045960605, 0.129447817802, 0.129199683666, 0.138225495815, 0.105995304883, 0.0834096670151, 0.093862734735, 0.116749025881, 0.135519966483, 0.166984453797, 0.156477108598, 0.127576395869, 0.109851643443, 0.0866624489427, 0.0744258835912, 0.0829234197736, 0.0912712663412, 0.101997084916, 0.0806694850326, 0.075280636549, 0.0935748293996, 0.1045993343, 0.105882123113, 0.116538368165, 0.124977044761, 0.0756276994944, 0.047372713685, 0.0624916441739, 0.070937179029, 0.0910882651806, 0.11084716022, 0.0900518298149, 0.0692220926285, 0.0576665960252, 0.0725959092379, 0.097246222198], "dvar": [0.0508918240666, 0.0506511963904, 0.0485009364784, 0.0517655983567, 0.040050059557, 0.0304805692285, 0.0345610715449, 0.0426663048565, 0.0507915951312, 0.0721300393343, 0.0605670213699, 0.0478924140334, 0.0395353287458, 0.0308687612414, 0.0276752021164, 0.0334551036358, 0.0366403833032, 0.0372938737273, 0.030768532306, 0.0280217211694, 0.0345774441957, 0.042509354651, 0.0430208519101, 0.0438554510474, 0.0509721152484, 0.0290574524552, 0.0178784094751, 0.0241130031645, 0.0262135379016, 0.0346852503717, 0.0488328747451, 0.0344073027372, 0.0259055327624, 0.0214497484267, 0.0262285899371, 0.0362669527531], "dmean": [0.133494779468, 0.140927806497, 0.125209778547, 0.119512602687, 0.0981281772256, 0.0867605879903, 0.0970546677709, 0.117090985179, 0.176650851965, 0.207931831479, 0.20765376091, 0.134820848703, 0.100923672318, 0.0818341299891, 0.0842978432775, 0.103321120143, 0.110042147338, 0.101135671139, 0.0866813063622, 0.0849101319909, 0.112024061382, 0.139117866755, 0.137348517776, 0.149141311646, 0.145409032702, 0.0992010161281, 0.0641527324915, 0.0707840695977, 0.082765750587, 0.127695471048, 0.158057317138, 0.138834834099, 0.0859042182565, 0.0700690299273, 0.0780751481652, 0.108134098351], "max": [1, 1, 1, 1, 1, 1, 1, 1, 1, 1, 1, 1, 1, 1, 1, 1, 1, 1, 1, 1, 1, 1, 1, 1, 1, 1, 1, 1, 1, 1, 1, 1, 1, 1, 1, 1], "var": [0.0834260955453, 0.064746029675, 0.0439720004797, 0.0455405302346, 0.0360982082784, 0.0241021681577, 0.0307298023254, 0.0352802090347, 0.0633522719145, 0.153008058667, 0.0994376912713, 0.0463825836778, 0.0311456546187, 0.0221423376352, 0.0238091573119, 0.0526483245194, 0.053666703403, 0.0333448760211, 0.0296879839152, 0.0251421947032, 0.0346368402243, 0.0730667039752, 0.0704902783036, 0.05250370875, 0.0963251292706, 0.0493071936071, 0.018121086061, 0.0265299789608, 0.025247272104, 0.0477677285671, 0.0970057547092, 0.0520658120513, 0.0237593501806, 0.0205334480852, 0.0229996107519, 0.0399496741593], "mean": [0.179794028401, 0.163502335548, 0.116979166865, 0.105493403971, 0.0852142199874, 0.0755025669932, 0.0915266424417, 0.101787060499, 0.220746144652, 0.403154224157, 0.311676979065, 0.12686483562, 0.0827428475022, 0.0649926885962, 0.0790848433971, 0.13240095973, 0.134325772524, 0.0921346396208, 0.0771978199482, 0.0731080323458, 0.113310493529, 0.19364374876, 0.181306064129, 0.163197815418, 0.196768447757, 0.129368960857, 0.063255906105, 0.0686449483037, 0.0770009607077, 0.156767323613, 0.25620636344, 0.185838520527, 0.0796421095729, 0.0647893771529, 0.069019459188, 0.114607013762]}, "tuning_equal_tempered_deviation": 0.0920574143529, "chords_changes_rate": 0.0520028099418, "key_key": "F", "tuning_diatonic_strength": 0.667902112007, "key_scale": "major", "chords_number_rate": 0.00158116652165, "tuning_frequency": 437.465789795, "tuning_nontempered_energy_ratio": 0.753108024597, "chords_histogram": [28.4434299469, 11.7006320953, 42.5333786011, 0.0351370349526, 2.21363306046, 0.245959237218, 1.82712578773, 0.0351370349526, 1.58116650581, 0, 0, 0, 0.122979618609, 0, 0, 0, 0, 0.843288838863, 1.19465911388, 5.20028114319, 0.140548139811, 0.263527750969, 0.333801835775, 3.28531265259], "key_strength": 0.842264175415, "chords_key": "C", "chords_strength": {"dmean2": 0.0102581549436, "median": 0.569204568863, "min": 0.245150789618, "dvar2": 9.03299078345e-05, "dvar": 8.0143676314e-05, "dmean": 0.0101445131004, "max": 0.801845610142, "var": 0.00802983995527, "mean": 0.562378942966}, "chords_scale": "major", "hpcp_entropy": {"dmean2": 1.11998045444, "median": 1.95578503609, "min": 0, "dvar2": 0.850669801235, "dvar": 0.337377369404, "dmean": 0.669806718826, "max": 4.70628213882, "var": 0.736067354679, "mean": 1.95052587986}}, "metadata": {"audio_properties": {"equal_loudness": 0, "codec": "mp3", "downmix": "mix", "sample_rate": 44100, "analysis_sample_rate": 44100, "bit_rate": 128000, "md5_encoded": "c0f53171a1a58a245e4910e97ed2e464", "length": 264.280822754, "replay_gain": -12.5705223083, "lossless": false}, "version": {"essentia_build_sha": "70f2e5ece6736b2c40cc944ad0e695b16b925413", "essentia": "2.1-beta2", "extractor": "music 1.0", "essentia_git_sha": "v2.1_beta2"}, "tags": {"title": ["Come to Me"], "barcode": ["094632199720"], "media": ["CD"], "albumartist": ["Diesel"], "musicbrainz_recordingid": ["0192935e-e0db-40e0-8c6e-d9d705fd7a25"], "originalyear": ["1993"], "discnumber": ["1/1"], "bpm": ["96"], "catalognumber": ["3 21997 2/3 21997 2"], "contentgroup": ["Indie"], "musicbrainz album type": ["album"], "musicbrainz album status": ["official"], "file_name": "Diesel - Come to Me.mp3", "musicbrainz_albumartistid": ["c9ba869f-5751-4fb5-a710-17817111a173"], "date": ["1993"], "genre": ["Indie; Dubstep; Alternative Rock; Grunge"], "musicbrainz album release country": ["XE"], "album": ["Hepfidelity"], "musicbrainz_artistid": ["c9ba869f-5751-4fb5-a710-17817111a173"], "originaldate": ["1993"], "musicbrainz_albumid": ["c5562b1a-8303-4aae-bbc3-f8a08b0f08ed"], "artist": ["Diesel"], "musicbrainz_releasegroupid": ["3b780bba-9e35-3aa8-b06c-608167c525c1"], "tracknumber": ["7/12"], "label": ["Chrysalis/EMI Records Australia"], "albumartistsort": ["Diesel"], "acoustid_id": ["0c3a94c5-6ed8-4f93-a277-1465b210ebb7"], "script": ["Latn"]}}, "rhythm": {"bpm_histogram_first_peak_bpm": {"dmean2": 0, "median": 94, "min": 94, "dvar2": 0, "dvar": 0, "dmean": 0, "max": 94, "var": 0, "mean": 94}, "bpm": 93.9690246582, "bpm_histogram_second_peak_spread": {"dmean2": 0, "median": 0, "min": 0, "dvar2": 0, "dvar": 0, "dmean": 0, "max": 0, "var": 0, "mean": 0}, "bpm_histogram_first_peak_weight": {"dmean2": 0, "median": 0.822815537453, "min": 0.822815537453, "dvar2": 0, "dvar": 0, "dmean": 0, "max": 0.822815537453, "var": 0, "mean": 0.822815537453}, "onset_rate": 3.57168340683, "beats_position": [0.615328788757, 1.24226760864, 1.86920630932, 2.48453521729, 3.12308382988, 3.76163268089, 4.40018129349, 5.0387301445, 5.67727899551, 6.31582736969, 6.9543762207, 7.59292507172, 8.23147392273, 8.87002277374, 9.49696159363, 10.1239004135, 10.774058342, 11.4242172241, 12.0627660751, 12.7013149261, 13.3398637772, 13.9784126282, 14.6169614792, 15.2555103302, 15.8940582275, 16.5326080322, 17.1711559296, 17.8097057343, 18.4366436005, 19.0751914978, 19.7137413025, 20.3522891998, 20.9908390045, 21.640996933, 22.2911567688, 22.918094635, 23.5566444397, 24.195192337, 24.8453502655, 25.4722900391, 26.1108379364, 26.7493877411, 27.3879356384, 28.0264854431, 28.6650333405, 29.3035831451, 29.9421310425, 30.5806789398, 31.2192287445, 31.8577766418, 32.4847145081, 33.1348762512, 33.7734222412, 34.4119720459, 35.0505218506, 35.6890678406, 36.3392295837, 36.96616745, 37.6047172546, 38.2432632446, 38.8818130493, 39.520362854, 40.1589126587, 40.7974586487, 41.4243965149, 42.0745582581, 42.713104248, 43.3516540527, 43.9902038574, 44.6287536621, 45.2672996521, 45.9058494568, 46.5443992615, 47.1829452515, 47.8214950562, 48.4600448608, 49.1102027893, 49.7371406555, 50.3756904602, 51.0142402649, 51.6527900696, 52.2913360596, 52.9298858643, 53.5684356689, 54.2069816589, 54.8455314636, 55.4840812683, 56.122631073, 56.7727890015, 57.4113349915, 58.0498847961, 58.6768226624, 59.315372467, 59.9539222717, 60.5924720764, 61.2310180664, 61.8695678711, 62.5081176758, 63.1466636658, 63.7852134705, 64.4237594604, 65.0623092651, 65.7008590698, 66.3394088745, 66.9779586792, 67.6165084839, 68.2550582886, 68.8936004639, 69.5321502686, 70.1707000732, 70.8092498779, 71.4477996826, 72.0863494873, 72.724899292, 73.3634490967, 74.001991272, 74.6405410767, 75.2790908813, 75.917640686, 76.5561904907, 77.1947402954, 77.8332901001, 78.4834442139, 79.1219940186, 79.7605438232, 80.3990936279, 81.0376434326, 81.6761856079, 82.3147354126, 82.9416732788, 83.5802230835, 84.2187728882, 84.8573226929, 85.4958724976, 86.1344223022, 86.7729721069, 87.4115142822, 88.0500640869, 88.7002258301, 89.3271636963, 89.965713501, 90.6042633057, 91.2544174194, 91.8929672241, 92.5315170288, 93.1700668335, 93.8086166382, 94.4471664429, 95.0857162476, 95.7242584229, 96.3628082275, 97.0013580322, 97.6399078369, 98.2784576416, 98.9170074463, 99.555557251, 100.194099426, 100.832649231, 101.471199036, 102.098136902, 102.748298645, 103.38684845, 104.025398254, 104.675552368, 105.314102173, 105.952651978, 106.591201782, 107.229751587, 107.868293762, 108.506843567, 109.133781433, 109.772331238, 110.410881042, 111.049430847, 111.687980652, 112.338134766, 112.97668457, 113.615234375, 114.25378418, 114.892333984, 115.530883789, 116.169433594, 116.807983398, 117.446525574, 118.085075378, 118.723625183, 119.350563049, 120.000724792, 120.639274597, 121.277824402, 121.916366577, 122.554916382, 123.193466187, 123.832015991, 124.470565796, 125.109115601, 125.747665405, 126.386207581, 127.024757385, 127.66330719, 128.301864624, 128.94039917, 129.567337036, 130.217498779, 130.856048584, 131.494598389, 132.121536255, 132.771697998, 133.410247803, 134.048797607, 134.675735474, 135.325897217, 135.964447021, 136.602996826, 137.241546631, 137.880081177, 138.518630981, 139.157180786, 139.795730591, 140.434280396, 141.061218262, 141.711380005, 142.338317871, 142.988479614, 143.627029419, 144.265579224, 144.904129028, 145.542678833, 146.169616699, 146.819763184, 147.458312988, 148.096862793, 148.735412598, 149.373962402, 150.012512207, 150.651062012, 151.289611816, 151.928161621, 152.566711426, 153.20526123, 153.843811035, 154.48236084, 155.120910645, 155.759460449, 156.386398315, 157.0365448, 157.675094604, 158.313644409, 158.952194214, 159.590744019, 160.229293823, 160.867843628, 161.506393433, 162.144943237, 162.783493042, 163.422042847, 164.060592651, 164.699142456, 165.337677002, 165.976226807, 166.614776611, 167.253326416, 167.891876221, 168.530426025, 169.16897583, 169.807525635, 170.446075439, 171.084625244, 171.723175049, 172.361724854, 173.000274658, 173.638824463, 174.277359009, 174.915908813, 175.554458618, 176.193008423, 176.831558228, 177.470108032, 178.108657837, 178.747207642, 179.385757446, 180.024307251, 180.662857056, 181.30140686, 181.939956665, 182.57850647, 183.217056274, 183.85559082, 184.494140625, 185.13269043, 185.771240234, 186.409790039, 187.048339844, 187.686889648, 188.313827515, 188.963989258, 189.614151001, 190.241088867, 190.879638672, 191.518188477, 192.156738281, 192.795272827, 193.433822632, 194.072372437, 194.710922241, 195.349472046, 195.988021851, 196.626571655, 197.26512146, 197.903671265, 198.542221069, 199.180770874, 199.819320679, 200.457870483, 201.096420288, 201.734954834, 202.373504639, 203.012054443, 203.650604248, 204.289154053, 204.927703857, 205.566253662, 206.204803467, 206.843353271, 207.481903076, 208.120452881, 208.759002686, 209.39755249, 210.036102295, 210.6746521, 211.313186646, 211.95173645, 212.590286255, 213.22883606, 213.867385864, 214.505935669, 215.144485474, 215.783035278, 216.433197021, 217.060134888, 217.710296631, 218.337234497, 218.987380981, 219.625930786, 220.264480591, 220.891418457, 221.5415802, 222.180130005, 222.81867981, 223.457229614, 224.095779419, 224.734329224, 225.372879028, 225.999816895, 226.638366699, 227.276916504, 227.915466309, 228.554016113, 229.204162598, 229.831100464, 230.481262207, 231.119812012, 231.758361816, 232.385299683, 233.035461426, 233.67401123, 234.312561035, 234.95111084, 235.589660645, 236.228210449, 236.866760254, 237.516906738, 238.143844604, 238.782394409, 239.420944214, 240.059494019, 240.698043823, 241.336593628, 241.975143433, 242.613693237, 243.252243042, 243.890792847, 244.529342651, 245.167892456, 245.806442261, 246.444976807, 247.083526611, 247.733688354, 248.372238159, 249.010787964, 249.649337769, 250.287887573, 250.926437378, 251.564987183, 252.203536987, 252.842086792, 253.480636597, 254.119186401, 254.746124268, 255.384674072, 256.023223877, 256.661773682, 257.300323486, 257.938873291, 258.565795898, 259.2159729, 259.866119385, 260.504669189, 261.143218994, 261.781768799, 262.420318604, 263.058868408, 263.697418213], "beats_loudness": {"dmean2": 0.0589608363807, "median": 0.0348723269999, "min": 0, "dvar2": 0.00131297134794, "dvar": 0.000378720433218, "dmean": 0.0300809442997, "max": 0.136691063643, "var": 0.00057526724413, "mean": 0.037626195699}, "danceability": 1.19490969181, "bpm_histogram_second_peak_weight": {"dmean2": 0, "median": 0, "min": 0, "dvar2": 0, "dvar": 0, "dmean": 0, "max": 0, "var": 0, "mean": 0}, "beats_count": 413, "bpm_histogram_second_peak_bpm": {"dmean2": 0, "median": 0, "min": 0, "dvar2": 0, "dvar": 0, "dmean": 0, "max": 0, "var": 0, "mean": 0}, "bpm_histogram_first_peak_spread": {"dmean2": 0, "median": 0.177184462547, "min": 0.177184462547, "dvar2": 0, "dvar": 0, "dmean": 0, "max": 0.177184462547, "var": 0, "mean": 0.177184462547}, "beats_loudness_band_ratio": {"dmean2": [0.343427628279, 0.217474326491, 0.219784289598, 0.167855277658, 0.149766862392, 0.160601839423], "median": [0.398465394974, 0.117590337992, 0.0959859117866, 0.0848592743278, 0.0772829502821, 0.106399610639], "min": [0, 0, 0, 0, 0, 0], "dvar2": [0.0733501687646, 0.0300494395196, 0.0663756504655, 0.0335856080055, 0.0200455356389, 0.0189472492784], "dvar": [0.0266695506871, 0.0116675617173, 0.0247833039612, 0.0114981690422, 0.00718296226114, 0.00629609124735], "dmean": [0.201887264848, 0.123664312065, 0.124119870365, 0.0938891470432, 0.081861205399, 0.0915091559291], "max": [0.995795369148, 0.891847789288, 0.891447722912, 0.771237909794, 0.709045529366, 0.50824546814], "var": [0.0465900674462, 0.0155929662287, 0.0237848013639, 0.0117692742497, 0.00818637292832, 0.00710154557601], "mean": [0.397552698851, 0.144434228539, 0.149400517344, 0.109599381685, 0.101945698261, 0.128163009882]}}, "lowlevel": {"barkbands_spread": {"dmean2": 11.6740789413, "median": 24.5097122192, "min": 0.0548373609781, "dvar2": 210.858901978, "dvar": 96.5094223022, "dmean": 7.93900918961, "max": 108.081970215, "var": 311.864349365, "mean": 27.5492038727}, "melbands_spread": {"dmean2": 13.8670358658, "median": 24.6440677643, "min": 0.0420243479311, "dvar2": 339.604919434, "dvar": 153.893875122, "dmean": 9.25832557678, "max": 231.808578491, "var": 499.29901123, "mean": 28.9330615997}, "hfc": {"dmean2": 12.6589393616, "median": 15.4829292297, "min": 1.10071382248e-16, "dvar2": 474.340515137, "dvar": 238.476348877, "dmean": 9.2782535553, "max": 204.378036499, "var": 723.670715332, "mean": 24.8187236786}, "barkbands_kurtosis": {"dmean2": 11.1754636765, "median": 0.919745445251, "min": -1.96219599247, "dvar2": 26473.78125, "dvar": 9112.52441406, "dmean": 7.06241369247, "max": 10039.9306641, "var": 22798.4550781, "mean": 10.8870668411}, "gfcc": {"mean": [-22.5290355682, 69.7705154419, -117.488433838, 31.7326335907, -67.9488143921, 20.5094223022, -40.4737281799, 8.04313755035, -21.3337535858, 3.02745056152, -20.3858528137, 1.56834101677, -15.085694313], "icov": [[0.000101002995507, -0.000131623906782, 0.00014355739404, -0.000206588025321, 0.000211768216104, -0.000155152316438, 0.000212446262594, -0.000289288407657, 0.000297709513688, -0.000345502659911, 0.000336789060384, -0.00031195289921, 0.000305236142594], [-0.000131623906782, 0.00162762834225, -0.000445064768428, 0.000657343072817, -0.000873861426953, 0.000849439355079, -0.000975088914856, 0.00118656142149, -0.00110113434494, 0.00142431212589, -0.00181664084084, 0.00181352603249, -0.00109960848931], [0.00014355739404, -0.000445064768428, 0.00112498376984, -0.000605737732258, 0.000152072519995, -0.000873609504197, 0.000531180179678, -0.000613848562352, 0.000802061345894, -0.00107856292743, 0.00129537505563, -0.00130190420896, 0.000657837605104], [-0.000206588025321, 0.000657343072817, -0.000605737732258, 0.00338231306523, -0.00122413749341, -0.000615495897364, 0.000123433725093, 0.00107466580812, -0.00203002034687, 0.0012566227233, -0.000943728256971, 0.00105807953514, -0.0016911936691], [0.000211768216104, -0.000873861426953, 0.000152072519995, -0.00122413749341, 0.00341717037372, -0.000355516502168, 0.000189724465599, -0.00229069055058, 0.00167672731914, -0.00169600988738, 0.00131221034098, -0.000498611712828, 0.00124608923215], [-0.000155152316438, 0.000849439355079, -0.000873609504197, -0.000615495897364, -0.000355516502168, 0.00608023628592, -0.00338287674822, -0.000358989433153, 0.000180491741048, 0.000463005766505, -0.000335409771651, 0.000272852630587, 0.000558153551538], [0.000212446262594, -0.000975088914856, 0.000531180179678, 0.000123433725093, 0.000189724465599, -0.00338287674822, 0.00566792022437, -0.00219968589954, 4.32388296758e-05, -0.000158356633619, -3.4827960917e-05, 0.000415474030888, -0.00023564347066], [-0.000289288407657, 0.00118656142149, -0.000613848562352, 0.00107466580812, -0.00229069055058, -0.000358989433153, -0.00219968589954, 0.00981039553881, -0.00323369144462, 0.00013423517521, -0.000586690264754, 0.000394779752241, 0.000604790693615], [0.000297709513688, -0.00110113434494, 0.000802061345894, -0.00203002034687, 0.00167672731914, 0.000180491741048, 4.32388296758e-05, -0.00323369144462, 0.00876167416573, -0.00399413704872, 0.00158391601872, -0.00122079020366, -0.000620031962171], [-0.000345502659911, 0.00142431212589, -0.00107856292743, 0.0012566227233, -0.00169600988738, 0.000463005766505, -0.000158356633619, 0.00013423517521, -0.00399413704872, 0.0119891148061, -0.00595789169893, -0.000294836470857, 0.000874364399351], [0.000336789060384, -0.00181664084084, 0.00129537505563, -0.000943728256971, 0.00131221034098, -0.000335409771651, -3.4827960917e-05, -0.000586690264754, 0.00158391601872, -0.00595789169893, 0.0115371290594, -0.00390335731208, -0.000311821349896], [-0.00031195289921, 0.00181352603249, -0.00130190420896, 0.00105807953514, -0.000498611712828, 0.000272852630587, 0.000415474030888, 0.000394779752241, -0.00122079020366, -0.000294836470857, -0.00390335731208, 0.0124146211892, -0.00475378707051], [0.000305236142594, -0.00109960848931, 0.000657837605104, -0.0016911936691, 0.00124608923215, 0.000558153551538, -0.00023564347066, 0.000604790693615, -0.000620031962171, 0.000874364399351, -0.000311821349896, -0.00475378707051, 0.0133637655526]], "cov": [[17752.2578125, -943.102722168, -582.160095215, 439.730010986, -441.122253418, 207.123397827, -570.145385742, 254.340179443, -202.663726807, 285.908294678, -244.219604492, 257.765228271, -329.965362549], [-943.102722168, 1311.40551758, -168.97769165, -119.037582397, 90.9952468872, -144.206207275, 160.789169312, -106.484085083, 50.2957572937, -97.3382339478, 120.375656128, -143.729019165, 88.2766952515], [-582.160095215, -168.97769165, 1726.23986816, 270.039428711, 303.505493164, 343.131622314, 76.3726959229, 166.951782227, -24.0005455017, 106.402862549, -105.957695007, 103.35723877, -74.0297546387], [439.730010986, -119.037582397, 270.039428711, 473.268310547, 130.912078857, 127.042930603, 17.2087287903, 49.7296447754, 65.9058227539, 27.1591377258, -18.0185661316, 24.6765499115, 16.9395961761], [-441.122253418, 90.9952468872, 303.505493164, 130.912078857, 528.034240723, 139.04196167, 119.455184937, 135.55279541, -5.9626660347, 46.154914856, -29.2491874695, -22.3950595856, -51.8271560669], [207.123397827, -144.206207275, 343.131622314, 127.042930603, 139.04196167, 377.283782959, 198.677734375, 122.747344971, 2.67898130417, 33.8264656067, -35.7840576172, 9.73811817169, -47.6440429688], [-570.145385742, 160.789169312, 76.3726959229, 17.2087287903, 119.455184937, 198.677734375, 374.210601807, 100.778762817, 37.2063446045, 2.10263133049, 15.5987634659, -39.8522491455, -4.95160770416], [254.340179443, -106.484085083, 166.951782227, 49.7296447754, 135.55279541, 122.747344971, 100.778762817, 201.572463989, 46.6676979065, 54.97914505, -14.1000967026, 15.0899705887, -38.0006599426], [-202.663726807, 50.2957572937, -24.0005455017, 65.9058227539, -5.9626660347, 2.67898130417, 37.2063446045, 46.6676979065, 186.948318481, 56.5293235779, 35.8550376892, 18.8004016876, 29.7769412994], [285.908294678, -97.3382339478, 106.402862549, 27.1591377258, 46.154914856, 33.8264656067, 2.10263133049, 54.97914505, 56.5293235779, 165.799850464, 60.7371635437, 53.4163322449, -12.3144435883], [-244.219604492, 120.375656128, -105.957695007, -18.0185661316, -29.2491874695, -35.7840576172, 15.5987634659, -14.1000967026, 35.8550376892, 60.7371635437, 165.104980469, 37.8918075562, 38.5746040344], [257.765228271, -143.729019165, 103.35723877, 24.6765499115, -22.3950595856, 9.73811817169, -39.8522491455, 15.0899705887, 18.8004016876, 53.4163322449, 37.8918075562, 142.908569336, 29.7141704559], [-329.965362549, 88.2766952515, -74.0297546387, 16.9395961761, -51.8271560669, -47.6440429688, -4.95160770416, -38.0006599426, 29.7769412994, -12.3144435883, 38.5746040344, 29.7141704559, 117.529571533]]}, "spectral_energyband_middle_low": {"dmean2": 0.00643253140152, "median": 0.00579909607768, "min": 1.39315233999e-22, "dvar2": 0.000117883668281, "dvar": 4.79547015857e-05, "dmean": 0.00411435263231, "max": 0.0932856500149, "var": 0.000104004968307, "mean": 0.00912830512971}, "melbands_crest": {"dmean2": 5.33006095886, "median": 13.6281738281, "min": 1.64162778854, "dvar2": 26.8336830139, "dvar": 10.5919504166, "dmean": 3.34919142723, "max": 39.9956970215, "var": 33.045955658, "mean": 14.4617357254}, "spectral_kurtosis": {"dmean2": 2.14083170891, "median": 2.47147798538, "min": -1.36889433861, "dvar2": 15.7804374695, "dvar": 5.95216703415, "dmean": 1.34502065182, "max": 81.3824005127, "var": 15.4412651062, "mean": 3.27479910851}, "spectral_rms": {"dmean2": 0.00150337349623, "median": 0.00398819474503, "min": 3.14512565297e-12, "dvar2": 6.91760578775e-06, "dvar": 2.68628946287e-06, "dmean": 0.000982020399533, "max": 0.0142924878746, "var": 4.94211644764e-06, "mean": 0.00421237619594}, "zerocrossingrate": {"dmean2": 0.016187204048, "median": 0.07080078125, "min": 0, "dvar2": 0.000314876029734, "dvar": 0.000274111283943, "dmean": 0.0149214919657, "max": 0.53369140625, "var": 0.00234844745137, "mean": 0.0785098150373}, "silence_rate_60dB": {"dmean2": 0.0608030930161, "median": 0, "min": 0, "dvar2": 0.0641444548965, "dvar": 0.0294742397964, "dmean": 0.0303988754749, "max": 1, "var": 0.0840120390058, "mean": 0.0925942212343}, "erbbands_kurtosis": {"dmean2": 1.65053713322, "median": -0.205506086349, "min": -1.87941372395, "dvar2": 9.01584148407, "dvar": 4.46951723099, "dmean": 1.09819352627, "max": 84.7284164429, "var": 12.3335981369, "mean": 0.744491100311}, "erbbands": {"dmean2": [0.0872256755829, 1.53035831451, 8.26920413971, 8.74303436279, 4.96678972244, 6.1079120636, 11.1066684723, 16.2674388885, 17.3905239105, 19.87616539, 24.4483699799, 24.0006256104, 22.4828643799, 22.2462844849, 22.5037498474, 20.4196033478, 29.0426120758, 28.3902053833, 22.1868190765, 23.0142478943, 24.4909248352, 21.022600174, 18.0593166351, 12.9433870316, 9.39588165283, 8.05963993073, 6.98470497131, 11.8555335999, 13.1801605225, 8.9609003067, 8.33476352692, 6.37318706512, 2.47605323792, 1.54324269295, 0.803544402122, 0.574246823788, 0.184943184257, 0.0279334113002, 0.000561307242606, 3.91079156543e-05], "median": [0.0106103233993, 0.285204678774, 1.20330047607, 1.10816419125, 0.986093699932, 2.14181566238, 2.90638947487, 3.22879338264, 4.49334430695, 7.71718835831, 6.72733640671, 5.91114854813, 7.39215278625, 6.59726190567, 7.82392215729, 5.83223485947, 8.00974082947, 8.51227664948, 7.33882284164, 8.99622917175, 8.85215377808, 8.27340602875, 7.09490156174, 5.72919082642, 5.04121160507, 4.07471370697, 3.6799800396, 3.71305990219, 4.06989622116, 3.11848807335, 2.60976457596, 1.66125631332, 0.753443360329, 0.409962594509, 0.152029946446, 0.066035695374, 0.0145213184878, 0.00120450032409, 4.68856342195e-05, 2.68561270786e-05], "min": [7.11221404256e-23, 4.47781229227e-22, 3.41689691404e-21, 8.29300343652e-21, 1.56603368376e-20, 2.29776847806e-20, 6.4249509246e-20, 1.41964122997e-19, 1.33229664415e-19, 7.36628892403e-20, 1.23565325578e-19, 6.10294734821e-19, 7.32500537363e-19, 9.11615797362e-19, 1.1923849889e-18, 1.63523463799e-18, 1.82888082472e-18, 1.99383697568e-18, 2.64530333302e-18, 3.95415948807e-18, 3.13730395072e-18, 4.74405700246e-18, 4.83965012995e-18, 6.96249998423e-18, 6.94490088952e-18, 7.05509540918e-18, 8.70039735222e-18, 1.11164951414e-17, 1.23562767522e-17, 1.15607771571e-17, 1.21591604394e-17, 1.03372471638e-17, 1.09792948291e-17, 8.29914030887e-18, 6.99357219676e-18, 4.10686075146e-18, 2.58636237168e-18, 1.00050793471e-18, 2.67599106166e-19, 2.96779608334e-20], "dvar2": [0.0523133017123, 20.5636539459, 589.460876465, 502.436431885, 127.18674469, 218.166412354, 735.603820801, 1433.2277832, 1761.31970215, 2034.47766113, 7579.28417969, 6242.375, 4242.21289062, 3313.89892578, 2521.03271484, 2922.67260742, 6334.38183594, 4920.90869141, 3302.30395508, 4131.94677734, 3200.59936523, 1949.25805664, 1956.57775879, 797.028930664, 394.923553467, 381.993530273, 214.639007568, 952.131347656, 955.854309082, 447.799133301, 508.653015137, 289.323669434, 32.2946434021, 12.4296274185, 2.72409009933, 1.74078726768, 0.167414516211, 0.00365269812755, 1.45326941947e-06, 5.79791858968e-09], "dvar": [0.0184066016227, 7.17473506927, 206.532180786, 187.920837402, 47.4278450012, 92.4880523682, 309.838745117, 575.542297363, 756.474975586, 1036.39697266, 3550.81811523, 3038.91625977, 1894.80334473, 1676.19885254, 1210.09448242, 1273.56860352, 2565.91699219, 2185.92236328, 1505.10302734, 1624.80285645, 1446.46765137, 862.241333008, 772.695495605, 319.82598877, 161.732315063, 163.171020508, 100.074516296, 452.669128418, 428.004974365, 200.881530762, 219.406478882, 133.507095337, 15.722817421, 6.04899454117, 1.35529315472, 0.805170476437, 0.0770267993212, 0.00170886120759, 6.78823880662e-07, 2.47052445168e-09], "dmean": [0.0506952889264, 0.848816394806, 4.54484510422, 5.0483880043, 2.88054251671, 3.94083952904, 7.11673641205, 10.3861217499, 11.3189668655, 13.5992298126, 16.5368061066, 16.4219894409, 14.4051160812, 14.6477842331, 14.8569850922, 13.2074203491, 18.4386882782, 18.3136920929, 14.5792245865, 14.7763166428, 16.0464897156, 13.7439498901, 11.2771310806, 8.07916164398, 5.95950698853, 5.19139766693, 4.57854557037, 8.15804767609, 8.88000679016, 5.96804141998, 5.65774106979, 4.3671631813, 1.73653888702, 1.10433804989, 0.586418688297, 0.408764898777, 0.135176301003, 0.0197867732495, 0.00039872378693, 2.70579785138e-05], "max": [1.48613250256, 21.8354492188, 122.56438446, 132.230117798, 106.401695251, 209.011108398, 336.314666748, 471.364501953, 852.571350098, 1020.92236328, 1847.09472656, 1490.91821289, 2041.66467285, 2448.38720703, 1521.57348633, 1026.39379883, 1665.45837402, 1458.03137207, 1273.03051758, 2217.76513672, 1629.55456543, 752.45098877, 555.932678223, 575.660705566, 422.714202881, 459.805511475, 287.694091797, 687.304870605, 739.135498047, 439.891357422, 448.657226562, 266.590698242, 163.985031128, 79.1642913818, 15.6039037704, 13.2804393768, 2.92880487442, 0.439856410027, 0.00881359726191, 0.000518305459991], "var": [0.0167867224663, 4.52777290344, 123.887321472, 143.831268311, 50.5539054871, 211.409484863, 527.750915527, 1076.88891602, 1658.2064209, 2715.19335938, 8993.98144531, 9022.75488281, 4459.42382812, 15507.9287109, 3620.66918945, 3255.31225586, 5815.34130859, 4265.42333984, 2929.0078125, 2543.00512695, 3772.16381836, 2192.81347656, 1148.85266113, 562.911743164, 326.715087891, 304.160308838, 267.972625732, 1698.20422363, 1569.73803711, 498.197052002, 343.297027588, 204.968551636, 32.9099731445, 12.6644020081, 2.42921185493, 1.13636910915, 0.104146823287, 0.00220449687913, 8.83801419604e-07, 3.38207573058e-09], "mean": [0.0607295930386, 0.865654051304, 3.99515581131, 5.08577680588, 3.53476405144, 6.87183952332, 11.1820859909, 17.0988750458, 19.53956604, 24.187379837, 29.7541866302, 28.3037090302, 24.2175254822, 31.3036270142, 25.3203430176, 21.6317329407, 31.6115512848, 29.0767288208, 23.8366184235, 25.925485611, 27.9930381775, 25.69805336, 18.6083374023, 14.1552085876, 11.2714262009, 9.59253406525, 9.20670318604, 16.7068748474, 17.2108230591, 11.4832992554, 8.92852306366, 6.32844257355, 2.86993193626, 1.74353885651, 0.849003374577, 0.499900311232, 0.156985238194, 0.0215777605772, 0.000448719016276, 4.70341074106e-05]}, "spectral_strongpeak": {"dmean2": 0.895426034927, "median": 0.484888166189, "min": 0, "dvar2": 2.42228507996, "dvar": 0.978345811367, "dmean": 0.538845717907, "max": 23.006401062, "var": 2.08518815041, "mean": 1.03940439224}, "spectral_energy": {"dmean2": 0.0195533186197, "median": 0.0163033381104, "min": 1.01391098128e-20, "dvar2": 0.00182131538168, "dvar": 0.000663096259814, "dmean": 0.0119388941675, "max": 0.209382101893, "var": 0.000648388522677, "mean": 0.0232534594834}, "average_loudness": 0.8836414814, "spectral_rolloff": {"dmean2": 1275.79394531, "median": 1571.92382812, "min": 21.533203125, "dvar2": 3858379.5, "dvar": 1762073.125, "dmean": 785.62890625, "max": 19487.5488281, "var": 4475119, "mean": 2097.7722168}, "spectral_centroid": {"dmean2": 442.736968994, "median": 1477.63024902, "min": 125.711708069, "dvar2": 266398.0625, "dvar": 125319.054688, "dmean": 299.492797852, "max": 11778.8398438, "var": 819217.8125, "mean": 1532.32580566}, "pitch_salience": {"dmean2": 0.121735140681, "median": 0.537734508514, "min": 0.00164658098947, "dvar2": 0.014125932008, "dvar": 0.00573423597962, "dmean": 0.0761135146022, "max": 0.988036155701, "var": 0.0180278234184, "mean": 0.526634693146}, "spectral_energyband_middle_high": {"dmean2": 0.00285328296013, "median": 0.00263415253721, "min": 1.18870670493e-21, "dvar2": 2.47580519499e-05, "dvar": 1.15074699352e-05, "dmean": 0.00196387991309, "max": 0.0743785202503, "var": 5.16584441357e-05, "mean": 0.00523854466155}, "spectral_contrast_coeffs": {"dmean2": [0.0829634293914, 0.0762613192201, 0.0624864920974, 0.0540313348174, 0.0396705530584, 0.035147279501], "median": [-0.625348985195, -0.716157436371, -0.762790381908, -0.772617816925, -0.781688034534, -0.76407366991], "min": [-0.973195135593, -0.98322302103, -0.985376894474, -0.969482302666, -0.965284228325, -0.96575987339], "dvar2": [0.00510990526527, 0.00396868726239, 0.00256384233944, 0.00197800714523, 0.00115015439223, 0.0011710912222], "dvar": [0.00204162835144, 0.00164696271531, 0.00111322663724, 0.000875620578881, 0.000518449174706, 0.000560659973416], "dmean": [0.0527172200382, 0.048058513552, 0.0398850254714, 0.0340313464403, 0.0255687870085, 0.0235664602369], "max": [-0.215957120061, -0.335412710905, -0.369964420795, -0.466104984283, -0.508490383625, -0.510866045952], "var": [0.0103157870471, 0.00982719007879, 0.00598258152604, 0.00489841448143, 0.00354129006155, 0.00406424794346], "mean": [-0.620577991009, -0.705337405205, -0.754221200943, -0.766993999481, -0.777809023857, -0.75537776947]}, "melbands_skewness": {"dmean2": 1.56006205082, "median": 2.28219246864, "min": -2.24714756012, "dvar2": 9.31017875671, "dvar": 3.5461063385, "dmean": 1.02309203148, "max": 150.631576538, "var": 13.9311676025, "mean": 2.94391036034}, "spectral_spread": {"dmean2": 1008000.4375, "median": 5424822, "min": 780819.5, "dvar2": 1731102375940.0, "dvar": 939337187328, "dmean": 754491.5625, "max": 42573704, "var": 7308586254340.0, "mean": 5687351.5}, "dissonance": {"dmean2": 0.0310535132885, "median": 0.469276428223, "min": 0.179900079966, "dvar2": 0.00105192826595, "dvar": 0.000418166368036, "dmean": 0.0189151242375, "max": 0.499996215105, "var": 0.00124518887606, "mean": 0.459896862507}, "spectral_skewness": {"dmean2": 0.325468420982, "median": 1.32392823696, "min": -0.316331088543, "dvar2": 0.154295101762, "dvar": 0.0682474970818, "dmean": 0.217435345054, "max": 6.91946935654, "var": 0.309880107641, "mean": 1.37044966221}, "spectral_flux": {"dmean2": 0.0493351370096, "median": 0.0646253451705, "min": 6.56173657076e-11, "dvar2": 0.00515471491963, "dvar": 0.0025367999915, "dmean": 0.0317569375038, "max": 0.440303862095, "var": 0.00449638767168, "mean": 0.0822359919548}, "spectral_contrast_valleys": {"dmean2": [0.794615983963, 0.642298996449, 0.598309993744, 0.568413197994, 0.484482049942, 0.479951888323], "median": [-7.72278833389, -7.05632734299, -7.57786130905, -7.83238697052, -7.77617692947, -9.7863073349], "min": [-27.9608688354, -27.9876937866, -27.5975170135, -27.5366668701, -27.5298061371, -27.3734779358], "dvar2": [0.555875122547, 0.326113045216, 0.303914785385, 0.359452486038, 0.339539885521, 0.393849164248], "dvar": [0.282869637012, 0.151215270162, 0.153621181846, 0.185938432813, 0.18348929286, 0.234735786915], "dmean": [0.511824548244, 0.406789034605, 0.396230399609, 0.376456230879, 0.340115696192, 0.39585852623], "max": [-5.16323804855, -4.78769445419, -5.19955825806, -5.33826255798, -5.45502281189, -7.49398136139], "var": [2.99936199188, 2.61952590942, 2.45570850372, 2.58495116234, 2.64327716827, 2.93699145317], "mean": [-8.07594871521, -7.29340028763, -7.76131534576, -8.03987312317, -8.028465271, -10.0995998383]}, "erbbands_flatness_db": {"dmean2": 0.0283721871674, "median": 0.147971600294, "min": 0.0257856491953, "dvar2": 0.00091138080461, "dvar": 0.000524656905327, "dmean": 0.0212294217199, "max": 0.411986410618, "var": 0.00305384537205, "mean": 0.153324142098}, "spectral_energyband_high": {"dmean2": 0.00104609294794, "median": 0.000601413077675, "min": 7.08439804973e-21, "dvar2": 4.31415537605e-06, "dvar": 2.18276522901e-06, "dmean": 0.000786107906606, "max": 0.0301323775202, "var": 6.80885750626e-06, "mean": 0.00167257606518}, "spectral_entropy": {"dmean2": 0.263614147902, "median": 7.7284078598, "min": 4.91451692581, "dvar2": 0.0964431613684, "dvar": 0.0517518483102, "dmean": 0.19106580317, "max": 9.81857204437, "var": 0.284767448902, "mean": 7.65901517868}, "silence_rate_20dB": {"dmean2": 0, "median": 1, "min": 1, "dvar2": 0, "dvar": 0, "dmean": 0, "max": 1, "var": 0, "mean": 1}, "melbands_flatness_db": {"dmean2": 0.0449472889304, "median": 0.165856346488, "min": 0.00389928440563, "dvar2": 0.00305618392304, "dvar": 0.00131340173539, "dmean": 0.0303790979087, "max": 0.662646412849, "var": 0.0063421013765, "mean": 0.183448135853}, "barkbands": {"dmean2": [8.46809052746e-05, 0.00527011184022, 0.00829060096294, 0.00206256075762, 0.00169671222102, 0.0019199604867, 0.00113115645945, 0.00125124352053, 0.00106390577275, 0.000777529901825, 0.000587448419537, 0.000528153032064, 0.000645213585813, 0.00056051654974, 0.00045895963558, 0.000504759314936, 0.00041224056622, 0.000313366152113, 0.000228026721743, 0.000165832170751, 0.000242148133111, 0.000333794829203, 0.000344401982147, 0.000175177832716, 0.000119937416457, 0.000113239206257, 4.08743608205e-06], "median": [5.10163044964e-06, 0.000907387584448, 0.000934813637286, 0.000248822674621, 0.000684767670464, 0.000354156305548, 0.000307401991449, 0.000326397363096, 0.000208989091334, 0.000235878949752, 0.000154246154125, 9.42109400057e-05, 0.000154498731717, 0.000138735180371, 0.000144340287079, 0.000150309657329, 0.000152274704305, 9.20671882341e-05, 0.000109343614895, 8.05360687082e-05, 9.30097667151e-05, 0.000109674569103, 9.9831740954e-05, 5.60253829462e-05, 2.82637756754e-05, 1.03374386526e-05, 2.98448767921e-08], "min": [5.61864306199e-25, 1.95312454359e-24, 1.76023858593e-24, 1.77448482223e-24, 9.64523820507e-24, 2.05407373257e-23, 4.10140301994e-24, 3.98410176991e-24, 2.78769528399e-23, 1.32756975755e-23, 2.06245885067e-23, 4.23220657099e-23, 4.33809947237e-23, 3.14945490444e-23, 7.1960352469e-23, 4.33554955838e-23, 8.31756258239e-23, 8.26250892645e-23, 1.05877988758e-22, 1.38225558343e-22, 2.34125535811e-22, 3.26898405543e-22, 4.14512781286e-22, 6.30671246364e-22, 9.37735744996e-22, 1.29592332754e-21, 2.11933628992e-21], "dvar2": [3.69740185135e-08, 0.000233615195611, 0.000558923813514, 2.59313583229e-05, 1.24163516375e-05, 2.08169967664e-05, 7.27852057025e-06, 1.33144631036e-05, 1.02911653812e-05, 5.04888748765e-06, 2.03095851248e-06, 2.36395931097e-06, 2.98814734379e-06, 1.83397162345e-06, 1.51545305016e-06, 1.24103621602e-06, 6.71769328164e-07, 6.09032099419e-07, 2.16464655978e-07, 1.55812685421e-07, 3.36670808565e-07, 5.82766915613e-07, 8.28704514788e-07, 1.74411013631e-07, 6.55952234752e-08, 6.46708926411e-08, 8.50408424236e-11], "dvar": [2.38025226196e-08, 8.14469749457e-05, 0.000198076013476, 9.6150988611e-06, 5.28023110746e-06, 8.05772106105e-06, 3.40516044162e-06, 6.38346136839e-06, 5.08286666445e-06, 2.23614551942e-06, 1.03349077563e-06, 1.06727816274e-06, 1.20771005641e-06, 8.59057422531e-07, 6.29752832992e-07, 5.40566702512e-07, 2.99000276982e-07, 2.41417069446e-07, 8.68698322165e-08, 6.63465442585e-08, 1.58276193929e-07, 2.60512024397e-07, 3.62074359828e-07, 8.82244677314e-08, 3.25784448307e-08, 2.97891187273e-08, 3.56932539081e-11], "dmean": [6.41334117972e-05, 0.00295387278311, 0.00462210783735, 0.00116618257016, 0.00108218402602, 0.0012059523724, 0.000749088358134, 0.000849302043207, 0.000713889661711, 0.000506648386363, 0.000394504750147, 0.000339154270478, 0.000406145700254, 0.000362270569894, 0.000293780089123, 0.000319920101902, 0.000265572860371, 0.000194872452994, 0.000141983982758, 0.000107197804027, 0.000163395816344, 0.000225201802095, 0.000232323043747, 0.000123380596051, 8.81715022842e-05, 8.2431055489e-05, 2.56933958553e-06], "max": [0.00149009330198, 0.0809473246336, 0.126928180456, 0.0347005203366, 0.0443904511631, 0.0477444007993, 0.0719805434346, 0.0725492984056, 0.0690489783883, 0.0700144916773, 0.0425209179521, 0.0384807996452, 0.0320340581238, 0.0310609638691, 0.0290502905846, 0.025507664308, 0.0123436357826, 0.0105160260573, 0.00837741792202, 0.00744955474511, 0.0154893836007, 0.0205202121288, 0.0157660357654, 0.00872625224292, 0.00497513031587, 0.0018869111081