{"tonal": {"thpcp": [1, 0.628199398518, 0.379740148783, 0.355823457241, 0.441959887743, 0.825817465782, 0.893398404121, 0.482913255692, 0.331804126501, 0.327854514122, 0.275914698839, 0.417055517435, 0.606649458408, 0.458449363708, 0.252363294363, 0.197732448578, 0.183075591922, 0.278145521879, 0.339453846216, 0.553422868252, 0.905599474907, 0.72285592556, 0.31691712141, 0.208916500211, 0.194190323353, 0.225911200047, 0.347588479519, 0.3885602355, 0.31318244338, 0.332382529974, 0.391436010599, 0.413265198469, 0.601124167442, 0.734162330627, 0.662341296673, 0.885279238224], "hpcp": {"dmean2": [0.219732999802, 0.246404767036, 0.280377686024, 0.286063849926, 0.237420320511, 0.250609010458, 0.217315301299, 0.201808840036, 0.224187403917, 0.255481630564, 0.239020302892, 0.214241996408, 0.151657789946, 0.123436890543, 0.128126099706, 0.145912140608, 0.13967102766, 0.144373416901, 0.115964509547, 0.0859778299928, 0.0808079242706, 0.104943744838, 0.11813852936, 0.159825593233, 0.201709866524, 0.174365073442, 0.12556758523, 0.0978899672627, 0.0882238820195, 0.100293211639, 0.131757646799, 0.145164713264, 0.133016988635, 0.136623650789, 0.156854227185, 0.189087361097], "median": [0.0458703190088, 0.0563378147781, 0.0664372444153, 0.0453713387251, 0.0311232544482, 0.0279715135694, 0.019339742139, 0.0178772360086, 0.0277576185763, 0.0530676469207, 0.0562576428056, 0.0356618538499, 0.0129449181259, 0.0104882903397, 0.0153595507145, 0.031852055341, 0.0363629236817, 0.0215582530946, 0.0141222253442, 0.0095838829875, 0.0100071607158, 0.0202922150493, 0.027724262327, 0.0391069129109, 0.060068950057, 0.0696446374059, 0.0308523159474, 0.0135782565922, 0.0109489355236, 0.0129913287237, 0.0208623055369, 0.0247484594584, 0.0235429815948, 0.0181726291776, 0.0164135210216, 0.0229697525501], "min": [0, 0, 0, 0, 0, 0, 0, 0, 0, 0, 0, 0, 0, 0, 0, 0, 0, 0, 0, 0, 0, 0, 0, 0, 0, 0, 0, 0, 0, 0, 0, 0, 0, 0, 0, 0], "dvar2": [0.112247310579, 0.132088392973, 0.143547579646, 0.15800306201, 0.138024359941, 0.139073580503, 0.137937113643, 0.134186208248, 0.142164990306, 0.142973721027, 0.134717911482, 0.12369568646, 0.0909861922264, 0.0756854861975, 0.0781332552433, 0.0781506896019, 0.0744705945253, 0.0787305533886, 0.0635512545705, 0.0450155176222, 0.0379659757018, 0.045864213258, 0.0491785779595, 0.0678508132696, 0.117133110762, 0.073881469667, 0.0485088042915, 0.0383631810546, 0.0360494703054, 0.0408977419138, 0.059253141284, 0.0706029161811, 0.0623920559883, 0.0639430657029, 0.0814391672611, 0.100654877722], "dvar": [0.0402723178267, 0.0481227934361, 0.0520340204239, 0.0581663548946, 0.0532616525888, 0.0497898049653, 0.0488897114992, 0.0471303723752, 0.0491957403719, 0.0519199706614, 0.0513424351811, 0.0422653518617, 0.0317185223103, 0.0271325949579, 0.0269270502031, 0.0274540390819, 0.0271406043321, 0.0277375709265, 0.0220284797251, 0.0159895196557, 0.0136102149263, 0.0163460541517, 0.0181058067828, 0.0245862882584, 0.0442075356841, 0.0274650473148, 0.0173150915653, 0.0137832956389, 0.0130010060966, 0.0152936764061, 0.0223299767822, 0.0262376777828, 0.0222104601562, 0.023527611047, 0.0308057442307, 0.0363229140639], "dmean": [0.124151133001, 0.139776438475, 0.160000279546, 0.160740450025, 0.131859526038, 0.14134131372, 0.118154682219, 0.109839469194, 0.123989135027, 0.144692346454, 0.136625006795, 0.119270175695, 0.0834755301476, 0.0678490400314, 0.0707581490278, 0.0832078009844, 0.080126978457, 0.0806806236506, 0.064371265471, 0.0480929873884, 0.0456148721278, 0.0601475164294, 0.0680772736669, 0.09122595191, 0.114022932947, 0.101845644414, 0.0720973610878, 0.0551803447306, 0.0497103892267, 0.0570474155247, 0.0760982781649, 0.0827331244946, 0.0754491016269, 0.0773517563939, 0.088744610548, 0.105856157839], "max": [1, 1, 1, 1, 1, 1, 1, 1, 1, 1, 1, 1, 1, 1, 1, 1, 1, 1, 1, 1, 1, 1, 1, 1, 1, 1, 1, 1, 1, 1, 1, 1, 1, 1, 1, 1], "var": [0.0621014907956, 0.0826945528388, 0.0589765831828, 0.106066934764, 0.143161103129, 0.0656788647175, 0.040155954659, 0.0386109873652, 0.0441660694778, 0.0960257798433, 0.111009858549, 0.0420136526227, 0.036850925535, 0.0447408631444, 0.0262270346284, 0.0338663347065, 0.0819751173258, 0.0522091835737, 0.0218924172223, 0.0179000031203, 0.0141649153084, 0.0232212934643, 0.030259244144, 0.0452743209898, 0.119865790009, 0.0602530278265, 0.0202082302421, 0.0146285584196, 0.014017556794, 0.0179894268513, 0.0318160355091, 0.0374838337302, 0.023872056976, 0.0292473398149, 0.0431210547686, 0.0405394211411], "mean": [0.159410595894, 0.194690644741, 0.175644621253, 0.234764963388, 0.265187472105, 0.166590616107, 0.10070233047, 0.0943599194288, 0.117202222347, 0.218996450305, 0.236918061972, 0.128062546253, 0.0879902988672, 0.0869429111481, 0.0731691196561, 0.110597901046, 0.160875841975, 0.121575027704, 0.0669235810637, 0.0524361692369, 0.0485493540764, 0.0737607106566, 0.0900189056993, 0.146760806441, 0.240153640509, 0.191692337394, 0.0840424522758, 0.0554020367563, 0.0514968410134, 0.0599088184536, 0.0921761095524, 0.103041306138, 0.0830520614982, 0.08814368397, 0.103803925216, 0.109592750669]}, "tuning_equal_tempered_deviation": 0.274882942438, "chords_changes_rate": 0.0619718320668, "key_key": "A#", "tuning_diatonic_strength": 0.671803236008, "key_scale": "major", "chords_number_rate": 0.00140845065471, "tuning_frequency": 434.193115234, "tuning_nontempered_energy_ratio": 0.927970230579, "chords_histogram": [13.7726354599, 7.4346075058, 14.8289737701, 8.17907428741, 10.9154930115, 0.593561351299, 1.8108651638, 0.935613691807, 2.01207232475, 0.120724342763, 9.64788722992, 0.0201207250357, 1.24748492241, 0.503018081188, 0, 0.23138833046, 0.221327960491, 6.17706251144, 0.201207250357, 12.7565393448, 0.824949681759, 1.40845072269, 1.43863177299, 4.7183098793], "key_strength": 0.746235251427, "chords_key": "F", "chords_strength": {"dmean2": 0.00911464262754, "median": 0.51652109623, "min": 0.225872948766, "dvar2": 8.00078851171e-05, "dvar": 6.55566545902e-05, "dmean": 0.00915383640677, "max": 0.789432227612, "var": 0.010866236873, "mean": 0.512845158577}, "chords_scale": "major", "hpcp_entropy": {"dmean2": 1.02807211876, "median": 2.15895795822, "min": 0, "dvar2": 0.700766503811, "dvar": 0.25508877635, "dmean": 0.605017185211, "max": 4.50741672516, "var": 0.543333947659, "mean": 2.16374897957}}, "metadata": {"audio_properties": {"equal_loudness": 0, "codec": "flac", "downmix": "mix", "sample_rate": 44100, "analysis_sample_rate": 44100, "bit_rate": 0, "md5_encoded": "f8f5b5f61de13251c3aae8ba0dddfbee", "length": 461.546661377, "replay_gain": -14.3729896545, "lossless": true}, "version": {"essentia_build_sha": "70f2e5ece6736b2c40cc944ad0e695b16b925413", "essentia": "2.1-beta2", "extractor": "music 1.0", "essentia_git_sha": "v2.1_beta2"}, "tags": {"title": ["Intro / And When He Falleth"], "barcode": ["4028466112934"], "media": ["CD"], "albumartist": ["Theatre of Tragedy"], "tracktotal": ["10"], "language": ["eng"], "performer": ["Frank Claussen", "Hein Frode Hansen", "Liv Kristine Espen\u00e6s Krull", "Raymond I. Rohonyi", "Lorentz Aspen", "Vegard Thorsen"], "releasetype": ["album", "live"], "musicbrainz_recordingid": ["019e5c9b-745a-4607-9c06-019dae27efdf"], "composer": ["Theatre of Tragedy", "P\u00e5l Bj\u00e5stad"], "originaldate": ["2001-05-28"], "mixer": ["Matthias Klinkmann", "Siggi Bemm"], "musicbrainz_albumartistid": ["1b6ce503-df5f-45d5-86cf-54740c30042f"], "lyricist": ["Raymond I. Rohonyi"], "musicbrainz_releasegroupid": ["59ab6d5e-7123-3c1d-9fd1-594a199dcb49"], "discnumber": ["1"], "catalognumber": ["MAS DP0293"], "label": ["Massacre Records"], "file_name": "01. Intro _ And When He Falleth.flac", "musicip_puid": ["d36aefac-8a6f-d582-52f2-36dd4f62c8ca"], "albumartistsort": ["Theatre of Tragedy"], "date": ["2001-05-28"], "genre": ["Rock", "Goth Rock", "Doom Metal"], "musicbrainz_albumid": ["b4032fcf-7ac8-4e42-998f-4d414e552411"], "disctotal": ["2"], "musicbrainz_artistid": ["1b6ce503-df5f-45d5-86cf-54740c30042f"], "releasecountry": ["DE"], "asin": ["B00005JIE1"], "musicbrainz_workid": ["61f45859-ad92-3f06-9858-84a8aefc49bc"], "artist": ["Theatre of Tragedy"], "tracknumber": ["1"], "artistsort": ["Theatre of Tragedy"], "album": ["Closure:Live"], "owner": ["-=udachee=-"], "releasestatus": ["official"], "totaldiscs": ["2"], "script": ["Latn"], "totaltracks": ["10"]}}, "rhythm": {"bpm_histogram_first_peak_bpm": {"dmean2": 0, "median": 117, "min": 117, "dvar2": 0, "dvar": 0, "dmean": 0, "max": 117, "var": 0, "mean": 117}, "bpm": 117.130249023, "bpm_histogram_second_peak_spread": {"dmean2": 0, "median": 0, "min": 0, "dvar2": 0, "dvar": 0, "dmean": 0, "max": 0, "var": 0, "mean": 0}, "bpm_histogram_first_peak_weight": {"dmean2": 0, "median": 0.692475438118, "min": 0.692475438118, "dvar2": 0, "dvar": 0, "dmean": 0, "max": 0.692475438118, "var": 0, "mean": 0.692475438118}, "onset_rate": 3.24113821983, "beats_position": [0.348299324512, 0.708208620548, 1.06811785698, 1.42802715302, 1.78793644905, 2.14784574509, 2.50775504112, 2.86766433716, 3.22757363319, 3.58748292923, 3.94739222527, 4.3073015213, 4.6439909935, 4.98067998886, 5.30575942993, 5.630838871, 5.94430828094, 6.26938772202, 6.59446716309, 6.91954612732, 7.24462556839, 7.56970500946, 7.89478445053, 8.23147392273, 8.56816291809, 8.893242836, 9.21832180023, 9.54340076447, 9.86848068237, 10.1935596466, 10.5186395645, 10.8553285599, 11.1920175552, 11.5287075043, 11.8653964996, 12.2136955261, 12.5619955063, 12.9102945328, 13.2585935593, 13.5952835083, 13.9203624725, 14.2570514679, 14.5937414169, 14.9536504745, 15.301949501, 15.6618595123, 16.0217685699, 16.3700675964, 16.7183666229, 17.0666656494, 17.4149665833, 17.7748756409, 18.1347846985, 18.483083725, 18.8313827515, 19.1912918091, 19.5395908356, 19.8994998932, 20.2710208893, 20.642539978, 21.0140590668, 21.3739681244, 21.733877182, 22.0937862396, 22.4653053284, 22.8368244171, 23.2083435059, 23.5798625946, 23.974603653, 24.369342804, 24.764081955, 25.2633094788, 25.774148941, 26.2733783722, 26.8074378967, 27.3414955139, 27.8755550385, 28.409614563, 28.932062149, 29.4545116425, 29.988571167, 30.5342407227, 31.079908371, 31.66040802, 32.2409057617, 32.8097953796, 33.3786849976, 33.9475746155, 34.5048522949, 35.0737419128, 35.6310195923, 36.1882972717, 36.7455787659, 37.2912483215, 37.8369140625, 38.3825836182, 38.9050331116, 39.427482605, 39.9499320984, 40.4723815918, 40.9832191467, 41.4940567017, 42.0048980713, 42.5157356262, 43.0265769958, 43.5374145508, 44.0482521057, 44.5707015991, 45.0931510925, 45.6156005859, 46.1264381409, 46.6488876343, 47.1713371277, 47.6937866211, 48.204624176, 48.7154655457, 49.2263031006, 49.7371406555, 50.2479820251, 50.7588195801, 51.269657135, 51.7804985046, 52.2913360596, 52.8021774292, 53.3130149841, 53.8238525391, 54.3346939087, 54.8455314636, 55.367980957, 55.8904304504, 56.4012680054, 56.912109375, 57.4229469299, 57.9337844849, 58.4446258545, 58.9554634094, 59.4663009644, 59.9887504578, 60.5111999512, 61.0568695068, 61.590927124, 62.1365966797, 62.6822662354, 63.2163238525, 63.7619934082, 64.2960510254, 64.8301086426, 65.3641738892, 65.8750076294, 66.385848999, 66.8966903687, 67.4075241089, 67.9183654785, 68.4292068481, 68.9400405884, 69.450881958, 69.9617233276, 70.4725646973, 70.9833984375, 71.4942398071, 72.0050811768, 72.515914917, 73.0267562866, 73.5375976562, 74.0484313965, 74.5592727661, 75.0701141357, 75.580947876, 76.0917892456, 76.6026306152, 77.1134643555, 77.6243057251, 78.1351470947, 78.6459884644, 79.1568222046, 79.6676635742, 80.1901092529, 80.712562561, 81.2233963013, 81.7342376709, 82.256690979, 82.7791366577, 83.2899780273, 83.7892074585, 84.2884368896, 84.7992706299, 85.3101119995, 85.8209533691, 86.3433990479, 86.8542404175, 87.3766860962, 87.8875274658, 88.3983688354, 88.9092025757, 89.4200439453, 89.9308853149, 90.4417190552, 90.9525604248, 91.4750061035, 91.9974594116, 92.5083007812, 93.0191345215, 93.5299758911, 94.0408172607, 94.5400466919, 95.039276123, 95.5501098633, 96.0725631714, 96.5950088501, 97.1058502197, 97.6282958984, 98.1391372681, 98.6615829468, 99.1724243164, 99.683265686, 100.182495117, 100.693328857, 101.192558289, 101.703399658, 102.214241028, 102.736686707, 103.247528076, 103.769973755, 104.280815125, 104.791656494, 105.302490234, 105.813331604, 106.324172974, 106.835006714, 107.345848083, 107.856689453, 108.367523193, 108.878364563, 109.400817871, 109.92326355, 110.434104919, 110.94493866, 111.455780029, 111.966621399, 112.46585083, 112.97668457, 113.475914001, 113.986755371, 114.50920105, 115.031654358, 115.542495728, 116.053329468, 116.564170837, 117.075012207, 117.585845947, 118.096687317, 118.607528687, 119.118362427, 119.629203796, 120.151649475, 120.674102783, 121.184944153, 121.695777893, 122.206619263, 122.717460632, 123.228294373, 123.739135742, 124.249977112, 124.760810852, 125.271652222, 125.782493591, 126.293327332, 126.804168701, 127.315010071, 127.82585144, 128.336685181, 128.847518921, 129.35836792, 129.86920166, 130.3800354, 130.890884399, 131.413330078, 131.935775757, 132.446624756, 132.957458496, 133.468292236, 133.979141235, 134.489974976, 135.000808716, 135.511657715, 136.022491455, 136.533325195, 137.055786133, 137.566619873, 138.065841675, 138.576690674, 139.087524414, 139.598358154, 140.120819092, 140.643264771, 141.154098511, 141.653335571, 142.164169312, 142.68661499, 143.197463989, 143.708297729, 144.21913147, 144.729980469, 145.240814209, 145.751647949, 146.262496948, 146.773330688, 147.284164429, 147.795013428, 148.305847168, 148.816680908, 149.327529907, 149.838363647, 150.360809326, 150.883255005, 151.394104004, 151.904937744, 152.415786743, 152.926620483, 153.437454224, 153.948303223, 154.459136963, 154.969970703, 155.480819702, 155.991653442, 156.514099121, 157.0365448, 157.547393799, 158.058227539, 158.569061279, 159.079910278, 159.590744019, 160.101577759, 160.612426758, 161.123260498, 161.634094238, 162.144943237, 162.655776978, 163.166610718, 163.677459717, 164.188293457, 164.699142456, 165.209976196, 165.720809937, 166.231658936, 166.742492676, 167.253326416, 167.752563477, 168.263397217, 168.785842896, 169.296691895, 169.807525635, 170.318359375, 170.829208374, 171.351654053, 171.874099731, 172.384933472, 172.895782471, 173.406616211, 173.917449951, 174.42829895, 174.950744629, 175.461578369, 175.972427368, 176.494873047, 177.005706787, 177.516555786, 178.027389526, 178.538223267, 179.049072266, 179.559906006, 180.070739746, 180.581588745, 181.092422485, 181.603256226, 182.114105225, 182.624938965, 183.135772705, 183.646621704, 184.169067383, 184.679901123, 185.190750122, 185.713195801, 186.224029541, 186.73487854, 187.24571228, 187.756546021, 188.26739502, 188.77822876, 189.2890625, 189.799911499, 190.310745239, 190.809967041, 191.32081604, 191.843261719, 192.354095459, 192.864944458, 193.375778198, 193.886611938, 194.397460938, 194.908294678, 195.430740356, 195.953201294, 196.464035034, 196.974868774, 197.497314453, 197.996551514, 198.507385254, 199.018234253, 199.529067993, 200.051513672, 200.562347412, 201.073196411, 201.59564209, 202.10647583, 202.617324829, 203.128158569, 203.63899231, 204.149841309, 204.64906311, 205.171508789, 205.682357788, 206.193191528, 206.704025269, 207.214874268, 207.737319946, 208.248153687, 208.759002686, 209.258224487, 209.769073486, 210.279907227, 210.790740967, 211.313186646, 211.835647583, 212.346481323, 212.857315063, 213.368164062, 213.878997803, 214.389831543, 214.900680542, 215.411514282, 215.922348022, 216.433197021, 216.944030762, 217.454864502, 217.965713501, 218.476547241, 218.99899292, 219.49822998, 220.009063721, 220.51991272, 221.03074646, 221.5415802, 222.052429199, 222.563262939, 223.07409668, 223.584945679, 224.095779419, 224.606613159, 225.129058838, 225.651519775, 226.162353516, 226.673187256, 227.184036255, 227.694869995, 228.205703735, 228.728164673, 229.238998413, 229.761444092, 230.272293091, 230.783126831, 231.293960571, 231.80480957, 232.315643311, 232.826477051, 233.33732605, 233.84815979, 234.35899353, 234.869842529, 235.369064331, 235.879898071, 236.402359009, 236.913192749, 237.424026489, 237.934875488, 238.445709229, 238.956542969, 239.467391968, 239.978225708, 240.489059448, 241.011520386, 241.533966064, 242.044799805, 242.555648804, 243.066482544, 243.577316284, 244.088165283, 244.598999023, 245.109832764, 245.620681763, 246.131515503, 246.642349243, 247.141586304, 247.640808105, 248.151657104, 248.674102783, 249.184936523, 249.707382202, 250.218231201, 250.729064941, 251.25151062, 251.762359619, 252.273193359, 252.795639038, 253.306488037, 253.817321777, 254.328155518, 254.839004517, 255.349838257, 255.860671997, 256.371520996, 256.882354736, 257.393188477, 257.904022217, 258.414855957, 258.925720215, 259.436553955, 259.947387695, 260.469848633, 260.992279053, 261.503112793, 262.013977051, 262.524810791, 263.035644531, 263.546478271, 264.057312012, 264.568145752, 265.07901001, 265.58984375, 266.10067749, 266.61151123, 267.122344971, 267.644805908, 268.167236328, 268.689697266, 269.258575439, 269.827484131, 270.396362305, 270.953643799, 271.510925293, 272.068206787, 272.613861084, 273.171142578, 273.705200195, 274.239257812, 274.77331543, 275.295776367, 275.818237305, 276.340667725, 276.851501465, 277.362365723, 277.873199463, 278.384033203, 278.894866943, 279.405700684, 279.916534424, 280.427398682, 280.938232422, 281.449066162, 281.959899902, 282.470733643, 282.99319458, 283.515655518, 284.026489258, 284.537322998, 285.048156738, 285.558990479, 286.069824219, 286.592285156, 287.103118896, 287.613952637, 288.124816895, 288.647247314, 289.158081055, 289.668914795, 290.179779053, 290.690612793, 291.201446533, 291.712280273, 292.223114014, 292.733947754, 293.244812012, 293.755645752, 294.266479492, 294.777313232, 295.288146973, 295.79901123, 296.32144165, 296.843902588, 297.354736328, 297.865570068, 298.376403809, 298.887237549, 299.398101807, 299.908935547, 300.419769287, 300.930603027, 301.441436768, 301.952270508, 302.463134766, 302.973968506, 303.484802246, 303.995635986, 304.506469727, 305.028930664, 305.539764404, 306.062225342, 306.573059082, 307.083892822, 307.594726562, 308.105560303, 308.616424561, 309.127258301, 309.638092041, 310.148925781, 310.659759521, 311.170593262, 311.68145752, 312.19229126, 312.703125, 313.21395874, 313.72479248, 314.247253418, 314.769714355, 315.280548096, 315.791381836, 316.302215576, 316.813049316, 317.323883057, 317.834747314, 318.345581055, 318.856414795, 319.367248535, 319.878082275, 320.388916016, 320.899780273, 321.410614014, 321.921447754, 322.432281494, 322.943115234, 323.453948975, 323.976409912, 324.49887085, 325.00970459, 325.52053833, 326.03137207, 326.542205811, 327.053070068, 327.563903809, 328.074737549, 328.585571289, 329.096405029, 329.60723877, 330.118103027, 330.628936768, 331.139770508, 331.650604248, 332.161437988, 332.683898926, 333.206329346, 333.717193604, 334.228027344, 334.738861084, 335.249694824, 335.760528564, 336.271362305, 336.782226562, 337.293060303, 337.803894043, 338.314727783, 338.825561523, 339.348022461, 339.858856201, 340.369689941, 340.880523682, 341.379760742, 341.90222168, 342.41305542, 342.935516357, 343.446350098, 343.957183838, 344.468017578, 344.978851318, 345.489685059, 346.000549316, 346.511383057, 347.022216797, 347.533050537, 348.043884277, 348.554718018, 349.065582275, 349.576416016, 350.087249756, 350.598083496, 351.120544434, 351.642974854, 352.153839111, 352.664672852, 353.175506592, 353.686340332, 354.197174072, 354.708007812, 355.21887207, 355.729705811, 356.240539551, 356.751373291, 357.262207031, 357.773040771, 358.283905029, 358.79473877, 359.30557251, 359.81640625, 360.32723999, 360.83807373, 361.348937988, 361.859771729, 362.370605469, 362.893066406, 363.415496826, 363.926330566, 364.437194824, 364.948028564, 365.458862305, 365.969696045, 366.480529785, 366.991363525, 367.502227783, 368.013061523, 368.523895264, 369.034729004, 369.545562744, 370.056396484, 370.567260742, 371.078094482, 371.588928223, 372.099761963, 372.610595703, 373.14465332, 373.655517578, 374.166351318, 374.677185059, 375.188018799, 375.698852539, 376.209686279, 376.720550537, 377.231384277, 377.753814697, 378.276275635, 378.787109375, 379.297943115, 379.808776855, 380.319641113, 380.830474854, 381.341308594, 381.840545654, 382.339752197, 382.862213135, 383.373046875, 383.895507812, 384.406341553, 384.917175293, 385.428009033, 385.938873291, 386.449707031, 386.960540771, 387.482971191, 387.993835449, 388.504669189, 389.027099609, 389.537963867, 390.048797607, 390.559631348, 391.070465088, 391.581298828, 392.092132568, 392.602996826, 393.113830566, 393.624664307, 394.135498047, 394.646331787, 395.157196045, 395.668029785, 396.178863525, 396.689697266, 397.200531006, 397.711364746, 398.222229004, 398.733062744, 399.243896484, 399.754730225, 400.265563965, 400.776397705, 401.298858643, 401.809692383, 402.308929443, 402.819763184, 403.330596924, 403.853057861, 404.375488281, 404.886352539, 405.397186279, 405.90802002, 406.430480957, 406.952911377, 407.463745117, 407.974609375, 408.485443115, 408.996276855, 409.507110596, 410.017944336, 410.528778076, 411.039642334, 411.550476074, 412.061309814, 412.572143555, 413.082977295, 413.593811035, 414.104675293, 414.615509033, 415.126342773, 415.637176514, 416.148010254, 416.658843994, 417.169708252, 417.680541992, 418.191375732, 418.71383667, 419.22467041, 419.74710083, 420.257965088, 420.768798828, 421.279632568, 421.790466309, 422.301300049, 422.800537109, 423.31137085, 423.833831787, 424.344665527, 424.855499268, 425.366333008, 425.877166748, 426.399627686, 426.922088623, 427.432922363, 427.943756104, 428.454589844, 428.965423584, 429.476287842, 429.987121582, 430.497955322, 431.008789062, 431.519622803, 432.030456543, 432.541320801, 433.052154541, 433.562988281, 434.073822021, 434.584655762, 435.095489502, 435.60635376, 436.1171875, 436.62802124, 437.13885498, 437.649688721, 438.160522461, 438.671386719, 439.182220459, 439.693054199, 440.203887939, 440.71472168, 441.22555542, 441.748016357, 442.270477295, 442.781311035, 443.292144775, 443.802978516, 444.313812256, 444.824676514, 445.347106934, 445.857940674, 446.368804932, 446.891235352, 447.402069092, 447.912902832, 448.42376709, 448.93460083, 449.433837891, 449.933044434, 450.443878174, 450.966339111, 451.488800049, 452.011230469, 452.545288086, 453.079345703, 453.636627197, 454.182312012, 454.727966309, 455.273651123, 455.81930542, 456.364990234, 456.910644531, 457.456329346, 458.02520752, 458.594085693, 459.162994385, 459.731872559, 460.31237793, 460.892883301], "beats_loudness": {"dmean2": 0.0428155995905, "median": 0.0564058423042, "min": 0, "dvar2": 0.00169602409005, "dvar": 0.000583366490901, "dmean": 0.0247344449162, "max": 0.195529192686, "var": 0.00130260863807, "mean": 0.0551665574312}, "danceability": 1.0435128212, "bpm_histogram_second_peak_weight": {"dmean2": 0, "median": 0.0229007638991, "min": 0.0229007638991, "dvar2": 0, "dvar": 0, "dmean": 0, "max": 0.0229007638991, "var": 0, "mean": 0.0229007638991}, "beats_count": 918, "bpm_histogram_second_peak_bpm": {"dmean2": 0, "median": 167, "min": 167, "dvar2": 0, "dvar": 0, "dmean": 0, "max": 167, "var": 0, "mean": 167}, "bpm_histogram_first_peak_spread": {"dmean2": 0, "median": 0.196202516556, "min": 0.196202516556, "dvar2": 0, "dvar": 0, "dmean": 0, "max": 0.196202516556, "var": 0, "mean": 0.196202516556}, "beats_loudness_band_ratio": {"dmean2": [0.36452627182, 0.197334632277, 0.178569257259, 0.0875519812107, 0.0721142292023, 0.0637129619718], "median": [0.628864645958, 0.101395793259, 0.1152273193, 0.0455067455769, 0.0340165272355, 0.0365507267416], "min": [0, 0, 0, 0, 0, 0], "dvar2": [0.076555468142, 0.0232541617006, 0.0223123878241, 0.0102798752487, 0.0131592787802, 0.00522954622284], "dvar": [0.0256189517677, 0.00828009657562, 0.00769008789212, 0.00370101258159, 0.00586622441188, 0.00182656152174], "dmean": [0.21129719913, 0.111203432083, 0.104083605111, 0.0503167957067, 0.0415164902806, 0.0359692573547], "max": [0.980202794075, 0.511159598827, 0.786130547523, 0.835946977139, 0.975589096546, 0.51335299015], "var": [0.0639134123921, 0.00961262453347, 0.013447239995, 0.00769863091409, 0.0173658914864, 0.00239233206958], "mean": [0.585271239281, 0.126434624195, 0.142746970057, 0.0720271542668, 0.068377584219, 0.046891015023]}}, "lowlevel": {"barkbands_spread": {"dmean2": 7.20001506805, "median": 16.8687095642, "min": 0.617057085037, "dvar2": 63.5513458252, "dvar": 26.444021225, "dmean": 4.54640674591, "max": 101.893035889, "var": 102.321434021, "mean": 18.5583610535}, "melbands_spread": {"dmean2": 7.2287607193, "median": 12.8857088089, "min": 0.533090293407, "dvar2": 82.6721038818, "dvar": 32.4461021423, "dmean": 4.48185110092, "max": 158.402648926, "var": 141.64654541, "mean": 15.6901350021}, "hfc": {"dmean2": 8.07192325592, "median": 17.1543903351, "min": 1.10669480153e-16, "dvar2": 232.858779907, "dvar": 100.805221558, "dmean": 5.31387138367, "max": 253.818817139, "var": 316.06628418, "mean": 20.1190757751}, "barkbands_kurtosis": {"dmean2": 6.27504444122, "median": 5.02244567871, "min": -1.92677521706, "dvar2": 91.474395752, "dvar": 36.465675354, "dmean": 3.89588451385, "max": 180.859436035, "var": 93.5305023193, "mean": 7.99344730377}, "gfcc": {"mean": [9.45425510406, 92.9722290039, -97.5692596436, 41.0878944397, -55.2518806458, 14.0410604477, -29.7057285309, 18.1620883942, -18.087978363, 5.23498678207, -9.06942462921, -1.61788189411, -7.99874067307], "icov": [[0.000399054901209, -0.000485586439027, 0.000518994987942, -0.00108016864397, 0.000332032737788, -0.000908274902031, 0.000733663793653, -0.000736838439479, 0.000523361144587, -0.000945448409766, 0.00136479921639, -0.00124308327213, 0.000789667654317], [-0.000485586439027, 0.00246288767084, -0.0014017050853, 0.0013786572963, -0.000863497727551, 0.00132249493618, -0.0016353627434, 0.00154090987053, -0.00134564482141, 0.00206450046971, -0.00415735458955, 0.00362624716945, -0.00222387071699], [0.000518994987942, -0.0014017050853, 0.00285921571776, -0.00214707502164, 0.000151160755195, -0.00109656655695, 0.000688055355567, -0.00141412729863, 0.00115953746717, -0.00236568343826, 0.00315827620216, -0.003184158355, 0.00199702614918], [-0.00108016864397, 0.0013786572963, -0.00214707502164, 0.00530979549512, 0.000191140919924, 0.00190776214004, -0.00234779668972, 0.00145226705354, -0.00153198174667, 0.00288145197555, -0.00437767058611, 0.0041163014248, -0.00334489741363], [0.000332032737788, -0.000863497727551, 0.000151160755195, 0.000191140919924, 0.00428731227294, -0.000366005988326, 0.00104987446684, -0.000561927678064, -0.000332426658133, -0.00157769944053, 0.00121470657177, -0.00108433247078, 0.000627625617199], [-0.000908274902031, 0.00132249493618, -0.00109656655695, 0.00190776214004, -0.000366005988326, 0.00857325084507, -0.00317716645077, 0.00262893270701, -0.00168781541288, 0.000524964358192, -0.00340907229111, 0.00393928261474, -0.00289180665277], [0.000733663793653, -0.0016353627434, 0.000688055355567, -0.00234779668972, 0.00104987446684, -0.00317716645077, 0.0100993644446, -0.00323224277236, 0.00211797840893, -0.00076622958295, 0.00286585907452, -0.00449683470652, 0.00337851489894], [-0.000736838439479, 0.00154090987053, -0.00141412729863, 0.00145226705354, -0.000561927678064, 0.00262893270701, -0.00323224277236, 0.0122882220894, -0.00127578282263, 0.000734908680897, -0.0042571881786, 0.00253690290265, -0.00364711857401], [0.000523361144587, -0.00134564482141, 0.00115953746717, -0.00153198174667, -0.000332426658133, -0.00168781541288, 0.00211797840893, -0.00127578282263, 0.011104427278, -0.00189835811034, 0.0013117614435, -0.00233411230147, 0.00234139710665], [-0.000945448409766, 0.00206450046971, -0.00236568343826, 0.00288145197555, -0.00157769944053, 0.000524964358192, -0.00076622958295, 0.000734908680897, -0.00189835811034, 0.0136473784223, -0.00700384378433, 0.00586931686848, -0.00557258026674], [0.00136479921639, -0.00415735458955, 0.00315827620216, -0.00437767058611, 0.00121470657177, -0.00340907229111, 0.00286585907452, -0.0042571881786, 0.0013117614435, -0.00700384378433, 0.0220773089677, -0.0101213213056, 0.00388445239514], [-0.00124308327213, 0.00362624716945, -0.003184158355, 0.0041163014248, -0.00108433247078, 0.00393928261474, -0.00449683470652, 0.00253690290265, -0.00233411230147, 0.00586931686848, -0.0101213213056, 0.0225967057049, -0.00785684399307], [0.000789667654317, -0.00222387071699, 0.00199702614918, -0.00334489741363, 0.000627625617199, -0.00289180665277, 0.00337851489894, -0.00364711857401, 0.00234139710665, -0.00557258026674, 0.00388445239514, -0.00785684399307, 0.0198825281113]], "cov": [[9979.01074219, 196.026733398, 121.828956604, 1673.9453125, -668.585754395, 557.186767578, 34.8609085083, 246.272689819, -119.719604492, 226.659973145, -23.9191970825, 45.34765625, 136.58303833], [196.026733398, 885.74395752, 246.261367798, 66.3002166748, 103.82195282, 0.557988584042, 52.2961502075, -6.55881261826, 50.3583564758, 6.92312860489, 96.5562133789, -36.6349639893, 27.0879459381], [121.828956604, 246.261367798, 663.229370117, 208.716064453, 15.489109993, 15.8540821075, 60.2985191345, 39.150226593, -11.6503391266, 41.9546585083, 9.90823745728, 24.2759857178, 10.7434234619], [1673.9453125, 66.3002166748, 208.716064453, 618.168701172, -159.724304199, 74.0377044678, 60.3576507568, 53.7572517395, -14.4136037827, 17.4178695679, 25.0435314178, 3.63697314262, 42.5034942627], [-668.585754395, 103.82195282, 15.489109993, -159.724304199, 322.260040283, -33.0048789978, -29.3618545532, -13.5691747665, 31.5385169983, 21.3045578003, 8.63201713562, -5.13071680069, -4.18973302841], [557.186767578, 0.557988584042, 15.8540821075, 74.0377044678, -33.0048789978, 179.783447266, 27.1848373413, 0.777101278305, 3.13681674004, 30.0318946838, 7.71363210678, -7.00078821182, 15.2839126587], [34.8609085083, 52.2961502075, 60.2985191345, 60.3576507568, -29.3618545532, 27.1848373413, 141.214553833, 23.1213779449, -13.3561868668, -11.2006158829, 7.22552871704, 13.8207349777, -3.8278734684], [246.272689819, -6.55881261826, 39.150226593, 53.7572517395, -13.5691747665, 0.777101278305, 23.1213779449, 107.13684845, -1.73106217384, 17.1886310577, 14.1422424316, 9.69619941711, 16.9516773224], [-119.719604492, 50.3583564758, -11.6503391266, -14.4136037827, 31.5385169983, 3.13681674004, -13.3561868668, -1.73106217384, 104.9477005, 8.49177265167, 11.7559528351, -2.1811504364, -2.59197378159], [226.659973145, 6.92312860489, 41.9546585083, 17.4178695679, 21.3045578003, 30.0318946838, -11.2006158829, 17.1886310577, 8.49177265167, 116.241836548, 22.8150997162, -4.87511253357, 24.4359931946], [-23.9191970825, 96.5562133789, 9.90823745728, 25.0435314178, 8.63201713562, 7.71363210678, 7.22552871704, 14.1422424316, 11.7559528351, 22.8150997162, 82.4691390991, 15.4007511139, 12.1675071716], [45.34765625, -36.6349639893, 24.2759857178, 3.63697314262, -5.13071680069, -7.00078821182, 13.8207349777, 9.69619941711, -2.1811504364, -4.87511253357, 15.4007511139, 71.119178772, 14.8340377808], [136.58303833, 27.0879459381, 10.7434234619, 42.5034942627, -4.18973302841, 15.2839126587, -3.8278734684, 16.9516773224, -2.59197378159, 24.4359931946, 12.1675071716, 14.8340377808, 70.7259063721]]}, "spectral_energyband_middle_low": {"dmean2": 0.00774499727413, "median": 0.0105675105006, "min": 1.53417933905e-22, "dvar2": 0.000148940671352, "dvar": 5.7096072851e-05, "dmean": 0.00470231147483, "max": 0.109208755195, "var": 0.00013327250781, "mean": 0.0129055902362}, "melbands_crest": {"dmean2": 4.97507143021, "median": 15.8556184769, "min": 1.71635389328, "dvar2": 21.5850162506, "dvar": 8.04323577881, "dmean": 3.01535272598, "max": 35.4840240479, "var": 35.4973335266, "mean": 16.4554309845}, "spectral_kurtosis": {"dmean2": 1.50543022156, "median": 2.86646270752, "min": -1.23742890358, "dvar2": 3.59850120544, "dvar": 1.3772932291, "dmean": 0.90200740099, "max": 39.3508605957, "var": 20.0354213715, "mean": 4.25021266937}, "spectral_rms": {"dmean2": 0.00159420049749, "median": 0.00655184034258, "min": 3.1554700259e-12, "dvar2": 4.39541508968e-06, "dvar": 1.72132365606e-06, "dmean": 0.000991496257484, "max": 0.0146769592538, "var": 8.53427445691e-06, "mean": 0.0061816223897}, "zerocrossingrate": {"dmean2": 0.0097995987162, "median": 0.0439453125, "min": 0.00390625, "dvar2": 8.154167881e-05, "dvar": 5.54332618776e-05, "dmean": 0.00760675268248, "max": 0.51123046875, "var": 0.0009083035402, "mean": 0.0488696359098}, "silence_rate_60dB": {"dmean2": 0.0195200480521, "median": 0, "min": 0, "dvar2": 0.0221448279917, "dvar": 0.009660997428, "dmean": 0.00975953321904, "max": 1, "var": 0.130415797234, "mean": 0.154283419251}, "erbbands_kurtosis": {"dmean2": 1.13203418255, "median": -0.581747293472, "min": -1.76429021358, "dvar2": 11.6184749603, "dvar": 4.27519750595, "dmean": 0.70124655962, "max": 118.933036804, "var": 9.14908313751, "mean": 0.0501510351896}, "erbbands": {"dmean2": [0.507494211197, 4.31346416473, 9.14084339142, 8.70735645294, 11.9170703888, 10.2086400986, 11.5494070053, 19.4114227295, 37.5407409668, 27.4681358337, 19.9980220795, 27.1391048431, 17.9388217926, 22.9304237366, 16.365901947, 10.2351427078, 13.8694515228, 12.8563499451, 14.1577062607, 14.2574834824, 12.9921445847, 13.0195884705, 11.6071386337, 12.4848604202, 12.0453472137, 10.6957778931, 9.41117763519, 6.52813339233, 5.26767206192, 3.69466280937, 3.00099635124, 2.36989760399, 1.51017796993, 0.927382409573, 0.379008233547, 0.114013426006, 0.0288580618799, 0.00473300786689, 0.000547355506569, 4.87415672978e-05], "median": [0.397584527731, 2.77911782265, 4.61672830582, 6.30889749527, 5.53901481628, 5.43302106857, 6.9071187973, 12.4859991074, 15.8254346848, 15.8102636337, 12.5021591187, 14.6036968231, 10.8191413879, 10.1983032227, 9.96173191071, 6.45017433167, 6.87912034988, 6.96184825897, 6.82821416855, 6.58625459671, 8.86801815033, 9.79451751709, 9.5742855072, 11.9651355743, 8.87966060638, 8.62993049622, 8.23583030701, 5.42011880875, 3.26265287399, 2.26126432419, 1.98773288727, 1.85419511795, 1.1685141325, 0.696125864983, 0.262542098761, 0.0637777522206, 0.0104110687971, 0.00127895199694, 0.00015135933063, 6.71005836921e-05], "min": [9.07682858189e-23, 9.53281833166e-22, 3.78430646989e-21, 6.20748683792e-21, 2.211610024e-20, 2.84767524123e-20, 6.98463231304e-20, 7.46035616178e-20, 1.53561001315e-19, 1.39697984161e-19, 2.22651585095e-19, 4.43941889397e-19, 5.34185743262e-19, 8.05639019945e-19, 1.58834497439e-18, 2.10676946317e-18, 2.20736724016e-18, 2.64997256078e-18, 3.26740188348e-18, 3.16924553007e-18, 4.68508150633e-18, 4.60101224554e-18, 4.77161452457e-18, 6.48123058741e-18, 7.45834099471e-18, 9.08280046786e-18, 1.1005161594e-17, 1.3354227975e-17, 1.22807518535e-17, 1.23639629144e-17, 1.20575487458e-17, 1.20899080513e-17, 9.67810415674e-18, 9.71689892747e-18, 7.67199678385e-18, 4.4325866923e-18, 2.55886812889e-18, 1.02264111655e-18, 2.45471766286e-19, 3.00164198756e-20], "dvar2": [0.845958888531, 59.9985084534, 276.412811279, 164.096511841, 459.878540039, 465.988067627, 667.399169922, 1291.64123535, 5366.15527344, 2191.58056641, 2080.70751953, 3989.42529297, 1403.4317627, 2975.65576172, 1245.60412598, 568.546630859, 1236.27709961, 865.907226562, 1356.66223145, 6924.32763672, 771.033630371, 706.246643066, 449.158233643, 423.539825439, 376.949157715, 338.420623779, 301.051727295, 193.024856567, 193.839767456, 117.896537781, 74.6016464233, 86.5616378784, 41.4124221802, 9.62672805786, 0.79104924202, 0.0681622922421, 0.00390136265196, 0.000104298793303, 1.54156430199e-06, 7.4515362769e-09], "dvar": [0.322774738073, 21.9175796509, 99.0069885254, 59.6033554077, 164.262054443, 170.02885437, 244.878433228, 469.560424805, 2126.29711914, 856.338134766, 929.890014648, 1483.67077637, 557.171020508, 1130.26452637, 470.722045898, 247.843322754, 515.919372559, 347.599395752, 549.97467041, 2610.8215332, 315.610839844, 277.267791748, 179.629241943, 168.484710693, 145.917022705, 131.406768799, 116.499961853, 78.7691574097, 81.7303161621, 51.2829627991, 33.4822158813, 43.394443512, 21.6667385101, 5.17854499817, 0.3712259233, 0.0293822865933, 0.00168841925915, 4.66719357064e-05, 6.71490624882e-07, 3.01547609105e-09], "dmean": [0.313850492239, 2.539290905, 5.2421336174, 5.16099357605, 6.8830280304, 6.02815341949, 7.00872278214, 11.5031166077, 23.144821167, 16.7621364594, 12.589553833, 16.2347583771, 11.1227264404, 13.8530550003, 9.92623901367, 6.34225416183, 8.76821517944, 7.9753203392, 8.77137851715, 8.7827167511, 8.04265880585, 7.97774934769, 7.15837717056, 7.61120510101, 7.25489997864, 6.50015354156, 5.76627159119, 4.0621676445, 3.27862882614, 2.32846665382, 1.90753984451, 1.55412864685, 1.00362992287, 0.620493173599, 0.251707822084, 0.07525613904, 0.0189183969051, 0.00314733665437, 0.000360920123057, 3.12691408908e-05], "max": [6.82710170746, 41.3010063171, 105.355705261, 108.635910034, 175.21005249, 310.9324646, 391.972900391, 413.076812744, 1080.61291504, 696.773620605, 1572.58837891, 1170.72021484, 781.43145752, 936.727539062, 704.624633789, 934.744262695, 1060.49047852, 468.592376709, 985.065185547, 3021.27514648, 773.576477051, 1043.53515625, 423.738708496, 307.520202637, 263.653167725, 243.239257812, 186.187866211, 263.588806152, 298.822753906, 259.437103271, 282.221343994, 529.199523926, 284.656097412, 171.640853882, 31.7605762482, 8.30050468445, 0.839006066322, 0.112243160605, 0.0146557819098, 0.00104278093204], "var": [0.89346987009, 27.1564502716, 106.829414368, 118.473762512, 192.687438965, 188.190032959, 390.155639648, 720.989318848, 4786.59082031, 1737.38916016, 2465.43847656, 1909.07714844, 1193.54125977, 2237.84399414, 790.989990234, 578.58001709, 1087.50219727, 669.840637207, 909.183837891, 2403.82885742, 577.999572754, 532.11529541, 392.657226562, 339.664031982, 285.2449646, 326.644500732, 285.481964111, 182.832778931, 185.06578064, 118.546218872, 88.4149398804, 131.244781494, 65.2811431885, 11.5288600922, 0.765601694584, 0.0486918315291, 0.00266318325885, 7.56468216423e-05, 1.03487536762e-06, 5.0326010026e-09], "mean": [0.76615601778, 4.43003797531, 7.92446184158, 9.6457490921, 9.69329166412, 9.43545818329, 12.4078989029, 19.7536907196, 39.708770752, 29.6199951172, 23.1802749634, 26.4356861115, 20.9879245758, 23.3479766846, 17.3502750397, 12.2615814209, 16.735080719, 14.6044282913, 15.2062969208, 14.1910381317, 15.2211894989, 16.5062847137, 15.5218553543, 16.671541214, 14.5568122864, 15.0637683868, 14.2590608597, 9.71519470215, 7.00845718384, 5.00605392456, 4.22611188889, 3.58089494705, 2.31811523438, 1.33102369308, 0.50190615654, 0.134386345744, 0.0310707446188, 0.00484392652288, 0.000555749516934, 8.21101784823e-05]}, "spectral_strongpeak": {"dmean2": 0.420129060745, "median": 0.376996904612, "min": 0, "dvar2": 0.438389509916, "dvar": 0.17172794044, "dmean": 0.241208747029, "max": 9.68238735199, "var": 0.2684687078, "mean": 0.484988182783}, "spectral_energy": {"dmean2": 0.026186529547, "median": 0.0439997762442, "min": 1.02059159564e-20, "dvar2": 0.00156506628264, "dvar": 0.000597064150497, "dmean": 0.0159272868186, "max": 0.220798462629, "var": 0.00127658399288, "mean": 0.0479154698551}, "average_loudness": 0.883336424828, "spectral_rolloff": {"dmean2": 504.100830078, "median": 516.796875, "min": 64.599609375, "dvar2": 804282.8125, "dvar": 323484.125, "dmean": 297.749755859, "max": 19487.5488281, "var": 1269229.875, "mean": 854.800170898}, "spectral_centroid": {"dmean2": 341.888305664, "median": 1244.41455078, "min": 209.655807495, "dvar2": 110929.859375, "dvar": 47456.9101562, "dmean": 215.158798218, "max": 11541.1152344, "var": 380630.5, "mean": 1317.62744141}, "pitch_salience": {"dmean2": 0.127966880798, "median": 0.513993561268, "min": 0.0563794001937, "dvar2": 0.0139410430565, "dvar": 0.00507562095299, "dmean": 0.0764655843377, "max": 0.960725665092, "var": 0.0165171641856, "mean": 0.512816786766}, "spectral_energyband_middle_high": {"dmean2": 0.00188608944882, "median": 0.00271323090419, "min": 1.22407180632e-21, "dvar2": 1.27784869619e-05, "dvar": 5.221204