{"metadata": {"tags": {"label": ["Boxed"], "releasecountry": ["GB"], "musicbrainz_releasetrackid": ["7bb2e768-5685-3904-803b-008dd6b82a7c"], "catalognumber": ["NU:001CD"], "releasestatus": ["official"], "releasetype": ["album", "compilation"], "originalyear": ["2000"], "tracknumber": ["11"], "disctotal": ["2"], "musicbrainz_albumartistid": ["3c5f4153-2b05-4ac0-b511-fc65a30bade2"], "album": ["Global Underground: Nubreed 001"], "script": ["Latn"], "albumartistsort": ["Pappa, Anthony"], "acoustid_id": ["92ffbe17-e85d-4462-97d0-805569e37425"], "musicbrainz_artistid": ["38fde50a-50ce-4383-b9c6-38cbd2c5a3ef"], "musicbrainz_releasegroupid": ["ec1877b5-3af5-3661-809e-9b154ceb70ba"], "musicbrainz_recordingid": ["01a74576-132e-456d-b10d-3b70e11212d5"], "albumartist": ["Anthony Pappa"], "barcode": ["5033272330013"], "originaldate": ["2000-03-13"], "totaltracks": ["12"], "artist": ["Nova"], "musicbrainz_albumid": ["d722fea5-176e-476d-8f30-4197ad7e5f12"], "artistsort": ["Nova"], "title": ["Welcome to the Future (Humate mix)"], "asin": ["B00004S5CJ"], "tracktotal": ["12"], "djmixer": ["Anthony Pappa"], "totaldiscs": ["2"], "date": ["2000-03-13"], "media": ["CD"], "file_name": "1-11. Nova - Welcome to the Future (Humate mix).flac", "discnumber": ["1"]}, "audio_properties": {"sample_rate": 44100, "downmix": "mix", "lossless": true, "analysis_sample_rate": 44100, "md5_encoded": "cbf54f95ef9f330b814e5370877bbc2d", "equal_loudness": 0, "replay_gain": -9.73384475708, "codec": "flac", "bit_rate": 0, "length": 398}, "version": {"extractor": "music 1.0", "essentia_build_sha": "70f2e5ece6736b2c40cc944ad0e695b16b925413", "essentia_git_sha": "v2.1_beta2", "essentia": "2.1-beta2"}}, "rhythm": {"beats_loudness_band_ratio": {"dvar2": [0.0311718378216, 0.0189836937934, 0.0119012538344, 0.0255300719291, 0.00476954970509, 0.00146719114855], "var": [0.0578682795167, 0.0205827280879, 0.00742288772017, 0.0176010653377, 0.00266705430113, 0.000555368780624], "min": [0.000221084817895, 0.000713422428817, 0.000734910252504, 0.00055194151355, 0.000116799055832, 1.15019483928e-05], "dmean": [0.115287549794, 0.0531585924327, 0.0395209304988, 0.064815916121, 0.0345226936042, 0.0118473963812], "mean": [0.764219343662, 0.0954175516963, 0.0526637993753, 0.0731691643596, 0.0329094044864, 0.0140347676352], "max": [0.991699278355, 0.887957453728, 0.914325475693, 0.911383032799, 0.568900883198, 0.270986765623], "dmean2": [0.210729584098, 0.0912115424871, 0.0695468559861, 0.120129264891, 0.0631848052144, 0.0219782479107], "median": [0.846240997314, 0.0398922935128, 0.027196565643, 0.0370767116547, 0.0118305701762, 0.00873694941401], "dvar": [0.0122577548027, 0.00713829137385, 0.00466170208529, 0.00934664905071, 0.00177326053381, 0.000486234755954]}, "bpm_histogram_first_peak_weight": {"dvar2": 0, "var": 0, "min": 0.653179168701, "dmean": 0, "mean": 0.653179168701, "max": 0.653179168701, "dmean2": 0, "median": 0.653179168701, "dvar": 0}, "bpm": 130.041091919, "beats_count": 866, "bpm_histogram_first_peak_spread": {"dvar2": 0, "var": 0, "min": 0.299876093864, "dmean": 0, "mean": 0.299876093864, "max": 0.299876093864, "dmean2": 0, "median": 0.299876093864, "dvar": 0}, "danceability": 1.67522680759, "bpm_histogram_first_peak_bpm": {"dvar2": 0, "var": 0, "min": 129, "dmean": 0, "mean": 129, "max": 129, "dmean2": 0, "median": 129, "dvar": 0}, "beats_position": [0.510838985443, 1.02167797089, 1.55573689938, 2.03174591064, 2.49614500999, 2.94893407822, 3.41333317757, 3.87773227692, 4.34213161469, 4.80653047562, 5.27092981339, 5.73532867432, 6.18811798096, 6.64090681076, 7.10530614853, 7.56970500946, 8.03410434723, 8.498503685, 8.96290206909, 9.42730140686, 9.89170074463, 10.3444900513, 10.7972784042, 11.261677742, 11.7260770798, 12.1904764175, 12.6548748016, 13.1192741394, 13.5836734772, 14.0364627838, 14.4892511368, 14.9536504745, 15.4180498123, 15.8824491501, 16.3468475342, 16.8112468719, 17.2756462097, 17.7400455475, 18.181224823, 18.6456241608, 19.1100215912, 19.574420929, 20.0388202667, 20.5032196045, 20.9676189423, 21.4204082489, 21.8731975555, 22.3375968933, 22.8019943237, 23.2663936615, 23.7307929993, 24.195192337, 24.6595916748, 25.1239910126, 25.5767803192, 26.0411777496, 26.4939670563, 26.958366394, 27.4227657318, 27.8871650696, 28.3515644073, 28.8159637451, 29.2687530518, 29.7215423584, 30.1859397888, 30.6503391266, 31.1147384644, 31.5791378021, 32.0435371399, 32.5079345703, 32.9723358154, 33.4251251221, 33.8779144287, 34.3423118591, 34.8067131042, 35.2711105347, 35.7355079651, 36.1999092102, 36.6526985168, 37.1054878235, 37.5698852539, 38.034286499, 38.4986839294, 38.9630813599, 39.427482605, 39.8918800354, 40.3562812805, 40.8090705872, 41.2618598938, 41.7262573242, 42.1906585693, 42.6550559998, 43.1194534302, 43.5838546753, 44.0482521057, 44.5010414124, 44.953830719, 45.4182319641, 45.8826293945, 46.347026825, 46.8114280701, 47.2758255005, 47.7402267456, 48.204624176, 48.6574134827, 49.1102027893, 49.5746040344, 50.0390014648, 50.5033988953, 50.9678001404, 51.420589447, 51.8733787537, 52.3377761841, 52.8021774292, 53.2665748596, 53.73097229, 54.1953735352, 54.6597709656, 55.1241722107, 55.5885696411, 56.0413589478, 56.4941482544, 56.9585494995, 57.4229469299, 57.8873443604, 58.3517456055, 58.8161430359, 59.280544281, 59.7449417114, 60.2093429565, 60.6621322632, 61.1149177551, 61.5793190002, 62.0437164307, 62.5081176758, 62.9725151062, 63.4369163513, 63.9013137817, 64.3541030884, 64.806892395, 65.2712936401, 65.7356872559, 66.200088501, 66.6644897461, 67.1288909912, 67.5932846069, 68.0576858521, 68.5104751587, 68.9632644653, 69.4276657104, 69.8920593262, 70.3564605713, 70.8208618164, 71.2852630615, 71.7496566772, 72.2024459839, 72.6552352905, 73.1196365356, 73.5840377808, 74.0484313965, 74.5128326416, 74.9772338867, 75.4416275024, 75.9060287476, 76.3704299927, 76.8116073608, 77.276008606, 77.7404098511, 78.2048034668, 78.6692047119, 79.133605957, 79.5979995728, 80.0624008179, 80.503578186, 80.9679794312, 81.4323806763, 81.8967819214, 82.3611755371, 82.8255767822, 83.2899780273, 83.7543716431, 84.2071609497, 84.6715621948, 85.1243515015, 85.5887527466, 86.0531539917, 86.5175476074, 86.9819488525, 87.4463500977, 87.8991394043, 88.3519287109, 88.8163223267, 89.2807235718, 89.7451248169, 90.2095184326, 90.6739196777, 91.1383209229, 91.602722168, 92.0671157837, 92.5199050903, 92.972694397, 93.4370956421, 93.9014968872, 94.3658905029, 94.830291748, 95.2946929932, 95.7590942383, 96.2002716064, 96.6646728516, 97.1290664673, 97.5934677124, 98.0578689575, 98.5222625732, 98.9866638184, 99.4510650635, 99.9038543701, 100.356643677, 100.821044922, 101.285438538, 101.749839783, 102.214241028, 102.678634644, 103.143035889, 103.584213257, 104.048614502, 104.513015747, 104.977409363, 105.441810608, 105.906211853, 106.35900116, 106.811790466, 107.276191711, 107.740585327, 108.204986572, 108.669387817, 109.122177124, 109.574966431, 110.039360046, 110.503761292, 110.968162537, 111.432563782, 111.896957397, 112.349746704, 112.802536011, 113.266937256, 113.731338501, 114.195732117, 114.660133362, 115.124534607, 115.577323914, 116.041717529, 116.494506836, 116.958908081, 117.423309326, 117.887710571, 118.340499878, 118.793289185, 119.2576828, 119.722084045, 120.186485291, 120.650878906, 121.115280151, 121.568069458, 122.020858765, 122.48526001, 122.949661255, 123.414054871, 123.878456116, 124.331245422, 124.784034729, 125.248435974, 125.71282959, 126.177230835, 126.64163208, 127.106025696, 127.558815002, 128.011611938, 128.476013184, 128.94039917, 129.404800415, 129.86920166, 130.333602905, 130.786392212, 131.239181519, 131.703582764, 132.167984009, 132.516281128, 132.864578247, 133.212875366, 133.572784424, 133.94430542, 134.315826416, 134.675735474, 135.024032593, 135.349105835, 135.674194336, 136.010879517, 136.347564697, 136.695877075, 137.044174194, 137.404083252, 137.752380371, 138.205169678, 138.646347046, 139.075912476, 139.505477905, 139.946670532, 140.3878479, 140.81741333, 141.281814575, 141.74621582, 142.210617065, 142.675003052, 143.151016235, 143.638641357, 144.126251221, 144.590652466, 145.055053711, 145.519454956, 145.983856201, 146.448257446, 146.889434814, 147.35383606, 147.818222046, 148.282623291, 148.747024536, 149.199813843, 149.652603149, 150.117004395, 150.58140564, 151.045806885, 151.498596191, 151.962997437, 152.415786743, 152.880172729, 153.344573975, 153.80897522, 154.261764526, 154.714553833, 155.178955078, 155.643356323, 156.107757568, 156.572158813, 157.013336182, 157.477722168, 157.942123413, 158.406524658, 158.870925903, 159.32371521, 159.776504517, 160.240905762, 160.705307007, 161.169708252, 161.634094238, 162.086883545, 162.539672852, 163.004074097, 163.468475342, 163.932876587, 164.385665894, 164.8384552, 165.302856445, 165.76725769, 166.220046997, 166.684448242, 167.137237549, 167.601623535, 168.06602478, 168.530426025, 168.994827271, 169.447616577, 169.900405884, 170.364807129, 170.829208374, 171.293609619, 171.746398926, 172.199172974, 172.663574219, 173.127975464, 173.592376709, 174.056777954, 174.509567261, 174.962356567, 175.426757812, 175.891159058, 176.355545044, 176.819946289, 177.261123657, 177.725524902, 178.189926147, 178.654327393, 179.118728638, 179.571517944, 180.024307251, 180.488708496, 180.953109741, 181.417495728, 181.870285034, 182.323074341, 182.787475586, 183.251876831, 183.716278076, 184.180679321, 184.633468628, 185.086257935, 185.55065918, 186.015060425, 186.479446411, 186.943847656, 187.385025024, 187.84942627, 188.313827515, 188.77822876, 189.242630005, 189.695419312, 190.148208618, 190.612609863, 191.07699585, 191.541397095, 191.994186401, 192.446975708, 192.911376953, 193.375778198, 193.840179443, 194.304580688, 194.745758057, 195.210159302, 195.674560547, 196.138946533, 196.603347778, 197.056137085, 197.508926392, 197.973327637, 198.437728882, 198.902130127, 199.354919434, 199.80770874, 200.272109985, 200.73651123, 201.200897217, 201.665298462, 202.118087769, 202.570877075, 203.03527832, 203.499679565, 203.964080811, 204.416870117, 204.869659424, 205.334060669, 205.798446655, 206.2628479, 206.715637207, 207.168426514, 207.632827759, 208.097229004, 208.561630249, 209.026031494, 209.467208862, 209.931610107, 210.396011353, 210.860397339, 211.324798584, 211.777587891, 212.230377197, 212.694778442, 213.159179688, 213.623580933, 214.087982178, 214.540771484, 214.993560791, 215.457962036, 215.922348022, 216.386749268, 216.851150513, 217.338775635, 217.849609375, 218.337234497, 218.836456299, 219.335693359, 219.811691284, 220.276092529, 220.740493774, 221.20489502, 221.657684326, 222.122085571, 222.586486816, 223.050872803, 223.503662109, 223.956451416, 224.420852661, 224.885253906, 225.349655151, 225.814056396, 226.266845703, 226.71963501, 227.184036255, 227.6484375, 228.112823486, 228.577224731, 229.030014038, 229.482803345, 229.94720459, 230.411605835, 230.87600708, 231.328796387, 231.781585693, 232.245986938, 232.721984863, 233.197998047, 233.662399292, 234.138412476, 234.6144104, 235.078811646, 235.543212891, 236.007614136, 236.472015381, 236.936416626, 237.400817871, 237.865203857, 238.317993164, 238.770782471, 239.235183716, 239.699584961, 240.163986206, 240.616775513, 241.081176758, 241.533966064, 241.99836731, 242.462768555, 242.927154541, 243.379943848, 243.832733154, 244.285522461, 244.749923706, 245.202713013, 245.655502319, 246.108291626, 246.561080933, 247.013870239, 247.466659546, 247.919448853, 248.372238159, 248.825027466, 249.277816772, 249.730606079, 250.195007324, 250.659408569, 251.123809814, 251.576599121, 252.041000366, 252.505386353, 252.969787598, 253.422576904, 253.886978149, 254.351379395, 254.81578064, 255.280181885, 255.732971191, 256.197357178, 256.650146484, 257.114562988, 257.578948975, 258.043365479, 258.507751465, 258.983764648, 259.459777832, 259.924163818, 260.388580322, 260.852966309, 261.328979492, 261.804992676, 262.281005859, 262.756988525, 263.233001709, 263.709014893, 264.185028076, 264.66104126, 265.137054443, 265.613067627, 266.077453613, 266.5418396, 267.006256104, 267.447418213, 267.911834717, 268.376220703, 268.840637207, 269.293426514, 269.74621582, 270.210601807, 270.675018311, 271.139404297, 271.592193604, 272.04498291, 272.509368896, 272.9737854, 273.438171387, 273.902587891, 274.355377197, 274.808166504, 275.27255249, 275.736968994, 276.20135498, 276.654144287, 277.106933594, 277.57131958, 278.035736084, 278.50012207, 278.964538574, 279.417327881, 279.870117188, 280.334503174, 280.798919678, 281.263305664, 281.72769165, 282.180480957, 282.633270264, 283.097686768, 283.562072754, 284.026489258, 284.479278564, 284.932067871, 285.396453857, 285.860870361, 286.325256348, 286.778045654, 287.230834961, 287.695220947, 288.159637451, 288.624023438, 289.088439941, 289.541229248, 289.994018555, 290.458404541, 290.922821045, 291.387207031, 291.851593018, 292.292785645, 292.757171631, 293.221588135, 293.685974121, 294.138763428, 294.591552734, 295.055969238, 295.520355225, 295.984771729, 296.449157715, 296.901947021, 297.354736328, 297.819122314, 298.283538818, 298.747924805, 299.212341309, 299.653503418, 300.117919922, 300.582305908, 301.046691895, 301.499481201, 301.952270508, 302.416687012, 302.881072998, 303.345489502, 303.809875488, 304.262664795, 304.715454102, 305.179870605, 305.644256592, 306.108642578, 306.561431885, 307.014221191, 307.478637695, 307.943023682, 308.407440186, 308.871826172, 309.324615479, 309.777404785, 310.241821289, 310.706207275, 311.170593262, 311.611785889, 312.076171875, 312.540588379, 313.004974365, 313.469390869, 313.933776855, 314.386566162, 314.839355469, 315.303771973, 315.768157959, 316.232543945, 316.685333252, 317.138122559, 317.602539062, 318.066925049, 318.531341553, 318.984130859, 319.436920166, 319.901306152, 320.365722656, 320.830108643, 321.294494629, 321.747283936, 322.200073242, 322.664489746, 323.128875732, 323.593292236, 324.046081543, 324.49887085, 324.963256836, 325.42767334, 325.892059326, 326.356445312, 326.820861816, 327.262023926, 327.72644043, 328.190826416, 328.65524292, 329.108032227, 329.560821533, 330.02520752, 330.489593506, 330.95401001, 331.418395996, 331.859588623, 332.323974609, 332.788391113, 333.2527771, 333.717193604, 334.18157959, 334.622772217, 335.087158203, 335.551544189, 336.015960693, 336.48034668, 336.933135986, 337.385925293, 337.850341797, 338.314727783, 338.779144287, 339.231933594, 339.6847229, 340.149108887, 340.613494873, 341.077911377, 341.542297363, 341.99508667, 342.447875977, 342.91229248, 343.376678467, 343.841094971, 344.293884277, 344.746673584, 345.21105957, 345.675445557, 346.139862061, 346.592651367, 347.045440674, 347.50982666, 347.974243164, 348.43862915, 348.903045654, 349.355834961, 349.808624268, 350.273010254, 350.73739624, 351.201812744, 351.654602051, 352.107391357, 352.571777344, 353.036193848, 353.500579834, 353.964996338, 354.417785645, 354.870574951, 355.334960938, 355.799346924, 356.263763428, 356.716552734, 357.169342041, 357.633728027, 358.098144531, 358.562530518, 359.015319824, 359.468109131, 359.932525635, 360.396911621, 360.861297607, 361.325714111, 361.790100098, 362.231292725, 362.695678711, 363.160095215, 363.624481201, 364.088867188, 364.541656494, 364.994445801, 365.458862305, 365.923248291, 366.387664795, 366.840454102, 367.293243408, 367.757629395, 368.222045898, 368.686431885, 369.139221191, 369.592010498, 370.056396484, 370.520812988, 370.985198975, 371.437988281, 371.902404785, 372.355194092, 372.819580078, 373.283996582, 373.748382568, 374.212768555, 374.665557861, 375.118347168, 375.582763672, 376.047149658, 376.511566162, 376.964355469, 377.417144775, 377.881530762, 378.345947266, 378.810333252, 379.263122559, 379.715911865, 380.180297852, 380.644714355, 381.109100342, 381.573516846, 382.037902832, 382.479095459, 382.943481445, 383.384674072, 383.814239502, 384.243804932, 384.684967041, 385.126159668, 385.590545654, 386.054962158, 386.507751465, 386.960540771, 387.424926758, 387.889343262, 388.353729248, 388.806518555, 389.270935059, 389.735321045, 390.188110352, 390.652496338, 391.116912842, 391.581298828, 392.034088135, 392.486877441, 392.951293945, 393.415679932, 393.868469238, 394.321258545, 394.785675049, 395.250061035, 395.691253662, 396.120819092, 396.573608398, 397.026397705, 397.490783691], "beats_loudness": {"dvar2": 0.00148387870286, "var": 0.00157038006, "min": 8.36372237245e-06, "dmean": 0.0230308026075, "mean": 0.0755734443665, "max": 0.212556898594, "dmean2": 0.04039484635, "median": 0.0813646763563, "dvar": 0.000549719261471}, "bpm_histogram_second_peak_weight": {"dvar2": 0, "var": 0, "min": 0.0312138721347, "dmean": 0, "mean": 0.0312138721347, "max": 0.0312138721347, "dmean2": 0, "median": 0.0312138721347, "dvar": 0}, "bpm_histogram_second_peak_spread": {"dvar2": 0, "var": 0, "min": 0.181818187237, "dmean": 0, "mean": 0.181818187237, "max": 0.181818187237, "dmean2": 0, "median": 0.181818187237, "dvar": 0}, "bpm_histogram_second_peak_bpm": {"dvar2": 0, "var": 0, "min": 136, "dmean": 0, "mean": 136, "max": 136, "dmean2": 0, "median": 136, "dvar": 0}, "onset_rate": 5.67317819595}, "lowlevel": {"spectral_energyband_high": {"dvar2": 1.82079088518e-06, "var": 1.0704898159e-06, "min": 6.71816713371e-10, "dmean": 0.000541303714272, "mean": 0.000672797847074, "max": 0.00874547380954, "dmean2": 0.000848846102599, "median": 0.000236337538809, "dvar": 8.09924813439e-07}, "spectral_energyband_middle_low": {"dvar2": 0.00163242605049, "var": 0.000426340615377, "min": 1.29759439305e-10, "dmean": 0.00959490984678, "mean": 0.00930573884398, "max": 0.281133234501, "dmean2": 0.0165789555758, "median": 0.00330300582573, "dvar": 0.000610476650763}, "spectral_energy": {"dvar2": 0.0024980045855, "var": 0.00158088153694, "min": 2.0365056308e-09, "dmean": 0.0201463047415, "mean": 0.034925673157, "max": 0.300703823566, "dmean2": 0.0333604775369, "median": 0.0170490890741, "dvar": 0.000962143589277}, "spectral_spread": {"dvar2": 1342817828860.0, "var": 3927122116610.0, "min": 352741.96875, "dmean": 817177.5625, "mean": 4977138, "max": 23309148, "dmean2": 1205401.125, "median": 5122869, "dvar": 722429018112}, "spectral_energyband_low": {"dvar2": 0.00160872552078, "var": 0.00115128688049, "min": 6.709795497e-10, "dmean": 0.0150108132511, "mean": 0.0226776059717, "max": 0.292371511459, "dmean2": 0.0231958776712, "median": 0.00537724327296, "dvar": 0.000646005442832}, "spectral_rolloff": {"dvar2": 2950655.25, "var": 4107618.5, "min": 21.533203125, "dmean": 691.902893066, "mean": 1427.29907227, "max": 12360.0585938, "dmean2": 1131.35717773, "median": 538.330078125, "dvar": 1595675}, "barkbands": {"dvar2": [1.25348196889e-05, 0.00143878115341, 0.000180869479664, 0.000266100745648, 0.000744797987863, 8.69359064382e-06, 7.88510078564e-06, 1.80735423783e-05, 1.96737323677e-06, 2.28706562666e-06, 1.56348266955e-06, 1.13232090371e-06, 6.61038347971e-06, 4.14482883571e-06, 3.4024130855e-06, 1.53105122536e-06, 4.7237224976e-07, 1.87715670563e-07, 1.08977118884e-07, 1.98096529402e-07, 1.02135480518e-07, 5.20275413862e-08, 5.5467427984e-08, 3.89417920132e-08, 2.80359717664e-08, 9.49392653382e-09, 1.92170043767e-10], "var": [9.04507214727e-06, 0.000789834011812, 7.24587225704e-05, 5.89462033531e-05, 0.000149100043927, 3.73696957467e-06, 2.75867682831e-06, 7.45585293771e-06, 6.33322713384e-07, 1.85383657936e-06, 9.53162441419e-07, 4.62125456124e-07, 3.64567858924e-06, 1.97856525119e-06, 2.73842329079e-06, 4.57173825907e-07, 1.26057074112e-07, 6.04827832262e-08, 5.7961091926e-08, 8.79003394516e-08, 4.30908499993e-08, 3.67795855993e-08, 3.59838345787e-08, 2.63552468738e-08, 1.9467801593e-08, 3.62870866688e-09, 7.21534498815e-11], "min": [5.09003172944e-10, 3.61238594593e-10, 5.15659494271e-11, 2.68554883193e-11, 3.26872140466e-11, 2.176863724e-11, 6.75991207455e-12, 1.84784670204e-11, 1.59791763155e-11, 1.98345020963e-11, 2.646678883e-11, 3.09806034993e-11, 3.12006011305e-11, 2.55835855972e-11, 8.16308305673e-12, 2.4091208195e-11, 1.35672861834e-11, 3.30184837805e-11, 4.41750351576e-11, 3.88394837125e-11, 4.16935930225e-11, 1.06027041313e-10, 8.31136270918e-11, 5.04697984793e-11, 9.5460195304e-11, 1.71938643878e-10, 1.22940380098e-10], "dmean": [0.0013858374441, 0.0125638609752, 0.0032712444663, 0.00287491525523, 0.00530202779919, 0.000964950479101, 0.00083475979045, 0.000619722704869, 0.000377875141567, 0.000384817307349, 0.000341508508427, 0.000301137391943, 0.000596723868512, 0.000282178458292, 0.00034593071905, 0.000240368375671, 0.000175456865691, 0.00013490508718, 0.00013141828822, 0.000163158008945, 0.000120901655464, 9.56010990194e-05, 9.34084891924e-05, 7.42330157664e-05, 6.29090573057e-05, 3.03353044728e-05, 4.32382648796e-06], "mean": [0.00210277922451, 0.0168642029166, 0.00287737650797, 0.00201510172337, 0.00405246205628, 0.00130511331372, 0.000819051056169, 0.000603555701673, 0.000369565270375, 0.000494064588565, 0.000387699285056, 0.000316485326039, 0.000602454005275, 0.000298549421132, 0.000429496139986, 0.000212236191146, 0.000155595538672, 0.000125475329696, 0.0001469659328, 0.000160282361321, 0.000118438605568, 0.000122215846204, 0.000123626450659, 0.000103897131339, 8.55066391523e-05, 2.90678799502e-05, 4.26222231908e-06], "max": [0.0289060454816, 0.263188660145, 0.126773700118, 0.128616347909, 0.211566954851, 0.0244352966547, 0.0208134297282, 0.0832736343145, 0.0134644266218, 0.0293250903487, 0.024028243497, 0.013031498529, 0.0361755788326, 0.0541226901114, 0.0466958545148, 0.0187045838684, 0.00558688724414, 0.00619249977171, 0.00895976275206, 0.00325882923789, 0.00207756343298, 0.00156085297931, 0.0023477380164, 0.00161679601297, 0.00186883821152, 0.000639668374788, 9.04021362658e-05], "dmean2": [0.00203246134333, 0.0190625265241, 0.00529090920463, 0.00516663072631, 0.00989062059671, 0.00160130439326, 0.00141641160008, 0.00101211993024, 0.000643886451144, 0.000595189689193, 0.000538208521903, 0.000500283262227, 0.000910078990273, 0.000479996699141, 0.000569107476622, 0.000413511210354, 0.000303728244035, 0.000226591684623, 0.000210554208024, 0.000264714966761, 0.000198614259716, 0.000148214705405, 0.000148570979945, 0.000118646945339, 9.90980406641e-05, 4.94665437145e-05, 7.02787929185e-06], "median": [0.000530702644028, 0.00275620934553, 0.000483802839881, 0.000223708950216, 0.000901780033018, 0.000499128946103, 0.000200868249522, 0.000109685133793, 9.97682800516e-05, 9.96433664113e-05, 6.42947125016e-05, 6.62934326101e-05, 7.74397049099e-05, 4.74361222587e-05, 5.55052101845e-05, 4.7515033657e-05, 4.40841686213e-05, 3.55088341166e-05, 5.00626047142e-05, 3.64391962648e-05, 2.85496207653e-05, 3.48122011928e-05, 4.11557775806e-05, 3.6386460124e-05, 2.31841040659e-05, 5.86563601246e-06, 6.98019675838e-07], "dvar": [5.14746716362e-06, 0.000528806878719, 7.77467139415e-05, 9.57375450525e-05, 0.000259874155745, 3.25997712025e-06, 3.02762737192e-06, 7.07326989868e-06, 7.46915418404e-07, 1.07439325348e-06, 6.66749542688e-07, 4.17833859956e-07, 2.95545828521e-06, 1.713693905e-06, 1.40918189118e-06, 5.79125241984e-07, 1.74311296064e-07, 7.18840098557e-08, 4.81706372568e-08, 8.49078602982e-08, 4.27329815977e-08, 2.37912907153e-08, 2.41866473516e-08, 1.77858190398e-08, 1.28236923302e-08, 3.92892118839e-09, 7.84314349578e-11]}, "melbands_skewness": {"dvar2": 10.2593135834, "var": 16.7863445282, "min": -3.4652762413, "dmean": 1.73019564152, "mean": 4.26085662842, "max": 32.3436088562, "dmean2": 2.54439282417, "median": 3.1390645504, "dvar": 5.1783490181}, "barkbands_skewness": {"dvar2": 7.13375329971, "var": 9.99972724915, "min": -3.43865895271, "dmean": 1.39815890789, "mean": 2.76086544991, "max": 24.8319282532, "dmean2": 2.03561353683, "median": 1.9540296793, "dvar": 3.44540596008}, "erbbands": {"dvar2": [2.11602544785, 57.3171691895, 152.351638794, 1284.02270508, 7808.03955078, 7227.26074219, 1419.15759277, 566.236328125, 1514.96362305, 1189.18530273, 11275.4599609, 938.727844238, 2804.53173828, 5279.16894531, 1264.50146484, 2066.12304688, 16679.9824219, 14556.6279297, 9199.63085938, 3847.40478516, 6402.21289062, 1043.18078613, 585.875366211, 367.341461182, 306.134490967, 615.97052002, 180.325973511, 140.794509888, 66.5921783447, 55.0260162354, 48.1262969971, 20.2862434387, 10.6432981491, 4.53628063202, 1.04868769646, 0.280876159668, 0.0257898196578, 0.000562151370104, 6.91210698278e-06, 1.72114091868e-08], "var": [1.37634634972, 28.0551605225, 80.0010757446, 341.97354126, 1630.85351562, 1443.38757324, 318.611968994, 337.843780518, 565.93572998, 403.988006592, 4826.84960938, 322.019989014, 1501.15270996, 3429.75756836, 876.391479492, 1001.32318115, 6149.69091797, 8541.20605469, 6174.92578125, 1883.83325195, 1829.99645996, 303.002807617, 190.729187012, 137.169570923, 162.098480225, 255.982025146, 77.9080581665, 66.2525939941, 47.3391723633, 36.117023468, 28.900346756, 12.9099960327, 7.71246957779, 3.70262265205, 0.609667956829, 0.118249602616, 0.00882193353027, 0.000225491530728, 2.51932874562e-06, 7.56338103258e-09], "min": [1.86619466547e-08, 5.33213402321e-08, 6.82266261265e-08, 7.97114125817e-08, 8.24606587457e-08, 1.09107645585e-07, 2.09200052836e-07, 1.48587901094e-07, 5.03373378535e-08, 2.68646431323e-07, 4.44046577286e-07, 3.5969864598e-07, 5.77823186632e-07, 5.90610113704e-07, 1.48888045715e-06, 1.00262286651e-06, 1.16061448807e-06, 1.91369213098e-06, 4.19751074787e-07, 8.64007802193e-07, 1.2720512359e-06, 6.74669649925e-07, 1.01501245808e-06, 2.52077597906e-06, 2.43356475949e-06, 1.79355799901e-06, 1.07464131816e-06, 2.78194625025e-06, 3.50396135218e-06, 2.68727785624e-06, 2.29685792874e-06, 1.39344592753e-06, 7.43997304653e-07, 9.11118149816e-07, 7.09681955868e-07, 5.40055395959e-07, 3.024073294e-07, 1.07692876838e-07, 2.39083561837e-08, 1.31100452716e-09], "dmean": [0.546106934547, 2.19891381264, 3.42586946487, 6.91977834702, 16.7565155029, 17.0222206116, 8.55678749084, 8.64972400665, 11.9166345596, 9.90587520599, 14.4854850769, 8.61009025574, 11.9669237137, 15.1398439407, 10.7067956924, 13.9860172272, 26.5595779419, 18.3535289764, 17.055814743, 13.4388952255, 14.256146431, 9.16894340515, 7.53472566605, 6.61913871765, 6.87872123718, 8.65480136871, 5.18731927872, 4.48415136337, 3.42690706253, 3.0010664463, 2.67828416824, 1.72101724148, 1.22909414768, 0.799142241478, 0.377712935209, 0.171088397503, 0.0469654016197, 0.00792399886996, 0.000798156601377, 5.60056505492e-05], "mean": [0.737963020802, 2.74466204643, 3.53545308113, 5.50610351562, 11.961807251, 13.1730241776, 8.4902715683, 12.331155777, 12.9971723557, 9.32592105865, 14.3379878998, 8.92010593414, 12.7443752289, 19.1877765656, 12.9548416138, 15.4554071426, 25.6866607666, 21.5660743713, 21.4976921082, 14.8628721237, 12.6002473831, 8.47974014282, 7.24145412445, 6.3988237381, 7.74801588058, 8.41711235046, 5.01104354858, 4.83220720291, 4.45613050461, 3.97150325775, 3.35632586479, 2.18981266022, 1.7938965559, 1.18476688862, 0.44943806529, 0.174319282174, 0.0415965355933, 0.00718216598034, 0.0008046181174, 7.71165578044e-05], "max": [8.18810176849, 57.6003379822, 118.014205933, 341.524810791, 742.158630371, 562.426086426, 221.189300537, 234.193099976, 400.253143311, 295.879180908, 2074.82177734, 344.860076904, 867.258178711, 1641.60632324, 492.249328613, 552.865783691, 1067.5736084, 3159.78613281, 2668.47705078, 1332.98071289, 1000.51446533, 248.757797241, 409.409240723, 177.028045654, 562.930419922, 187.152679443, 89.6731033325, 91.8037109375, 58.3729171753, 58.9008903503, 72.1949996948, 35.4396514893, 31.1516780853, 31.9688606262, 9.21671772003, 3.38326096535, 1.07588493824, 0.174975439906, 0.0184087473899, 0.00078267819481], "dmean2": [0.835730850697, 3.39231586456, 5.24914550781, 11.8491153717, 30.9787712097, 31.7019042969, 15.3294630051, 13.9620409012, 20.1393165588, 16.7427997589, 23.5955066681, 14.4828643799, 19.5810394287, 23.9982261658, 16.7589111328, 22.7236042023, 41.9997558594, 30.3334064484, 27.8250923157, 22.8347625732, 24.6908035278, 15.7048568726, 12.5760602951, 10.9635858536, 11.0098304749, 14.1647844315, 8.47795772552, 7.24767971039, 5.36248111725, 4.72537994385, 4.32578611374, 2.71101236343, 1.9748210907, 1.25677287579, 0.59692299366, 0.278835386038, 0.0765633806586, 0.0127448197454, 0.00130946619902, 9.16509743547e-05], "median": [0.104631140828, 0.450020343065, 0.684419751167, 0.89453035593, 1.7554359436, 2.88980174065, 2.45189356804, 4.62215423584, 4.10380744934, 2.44329571724, 2.6031897068, 2.457903862, 2.70019626617, 3.65495038033, 2.61961460114, 3.38402938843, 3.5117726326, 3.29727268219, 3.35447883606, 2.73193621635, 2.87234210968, 2.53698277473, 2.21097898483, 1.85957360268, 2.69886732101, 1.94654870033, 1.10170471668, 1.39103937149, 1.41971743107, 1.32100009918, 1.08606243134, 0.783224582672, 0.577538251877, 0.308994472027, 0.130187734962, 0.0383682549, 0.00706543494016, 0.00118163099978, 0.000148378851009, 5.01137328683e-05], "dvar": [0.78157967329, 22.393819809, 70.7788848877, 483.882263184, 2757.96630859, 2512.26245117, 493.691040039, 225.75869751, 584.70715332, 453.756530762, 4445.56005859, 353.681152344, 1202.39013672, 2346.68041992, 570.313720703, 798.272155762, 6773.88525391, 6180.34863281, 3565.51196289, 1476.03173828, 2396.0925293, 391.960998535, 224.953979492, 149.779083252, 134.531829834, 257.835296631, 76.8691101074, 59.6135177612, 30.6321105957, 23.6986045837, 20.7606143951, 9.39122390747, 4.82502174377, 2.06456542015, 0.477768003941, 0.118607528508, 0.0103886360303, 0.000239087923546, 2.78657876152e-06, 6.87494239315e-09]}, "silence_rate_30dB": {"dvar2": 0.159380152822, "var": 0.0524571016431, "min": 0, "dmean": 0.0676739960909, "mean": 0.944463908672, "max": 1, "dmean2": 0.135355889797, "median": 1, "dvar": 0.0630962774158}, "melbands_spread": {"dvar2": 570.882141113, "var": 700.820556641, "min": 0.160409614444, "dmean": 10.5738210678, "mean": 21.7940826416, "max": 183.084274292, "dmean2": 16.5155448914, "median": 11.9868221283, "dvar": 294.454101562}, "melbands_crest": {"dvar2": 39.5454673767, "var": 74.0409317017, "min": 2.48324680328, "dmean": 4.46522092819, "mean": 18.0468044281, "max": 37.9488983154, "dmean2": 6.96804714203, "median": 16.1295032501, "dvar": 18.7677688599}, "zerocrossingrate": {"dvar2": 0.000444028584752, "var": 0.00270418752916, "min": 0.00146484375, "dmean": 0.0165406018496, "mean": 0.0573362447321, "max": 0.37158203125, "dmean2": 0.0186657328159, "median": 0.0400390625, "dvar": 0.000417096191086}, "barkbands_kurtosis": {"dvar2": 7211.609375, "var": 4216.64160156, "min": -1.90016889572, "dmean": 21.1700725555, "mean": 24.8533840179, "max": 1015.80541992, "dmean2": 32.8906669617, "median": 4.6613407135, "dvar": 3070.53173828}, "spectral_flux": {"dvar2": 0.00526204705238, "var": 0.00711719412357, "min": 0.000186621895409, "dmean": 0.0404081195593, "mean": 0.104999110103, "max": 0.549223124981, "dmean2": 0.0628624632955, "median": 0.0745242834091, "dvar": 0.00288670742884}, "barkbands_crest": {"dvar2": 23.2873001099, "var": 40.5742607117, "min": 1.96642494202, "dmean": 3.51726078987, "mean": 12.5521202087, "max": 26.2780094147, "dmean2": 5.46424198151, "median": 11.0571994781, "dvar": 11.111577034}, "barkbands_flatness_db": {"dvar2": 0.00389017653652, "var": 0.0097291059792, "min": 0.0138859944418, "dmean": 0.0468470528722, "mean": 0.170388147235, "max": 0.524652421474, "dmean2": 0.0640751868486, "median": 0.157423868775, "dvar": 0.0024320166558}, "spectral_entropy": {"dvar2": 0.188962295651, "var": 0.369232088327, "min": 4.94312000275, "dmean": 0.287455350161, "mean": 7.57784175873, "max": 9.20047187805, "dmean2": 0.420745253563, "median": 7.68935489655, "dvar": 0.104300528765}, "pitch_salience": {"dvar2": 0.0225713644177, "var": 0.0419411696494, "min": 0.0300714746118, "dmean": 0.110776387155, "mean": 0.500708639622, "max": 0.924326121807, "dmean2": 0.168470069766, "median": 0.559361815453, "dvar": 0.0113633293658}, "erbbands_spread": {"dvar2": 544.592834473, "var": 727.393676758, "min": 1.35004889965, "dmean": 14.5533895493, "mean": 45.1493721008, "max": 169.0234375, "dmean2": 22.5370101929, "median": 40.2794723511, "dvar": 247.654022217}, "dynamic_complexity": 3.77662324905, "spectral_contrast_valleys": {"dvar2": [0.293219476938, 0.74021178484, 0.770872294903, 0.767032623291, 0.693177938461, 0.88825148344], "var": [1.39693164825, 0.925773978233, 0.961653351784, 0.951408028603, 1.17671430111, 2.28704428673], "min": [-14.8990268707, -14.8025655746, -14.8451070786, -15.3038129807, -14.8344993591, -15.8393354416], "dmean": [0.449204087257, 0.589821875095, 0.578001260757, 0.561804413795, 0.621300160885, 0.656212747097], "mean": [-7.27814483643, -7.05415153503, -7.65470695496, -7.99475049973, -8.00470066071, -10.4320001602], "max": [-5.09484148026, -4.31552028656, -5.09200286865, -5.32209205627, -5.70918369293, -7.92867279053], "dmean2": [0.696716010571, 0.915568351746, 0.868401408195, 0.827349662781, 0.859648406506, 0.882587611675], "median": [-7.05342483521, -7.03926944733, -7.61654758453, -7.95481395721, -7.95880413055, -10.0293273926], "dvar": [0.132914617658, 0.316456109285, 0.35006582737, 0.368847936392, 0.370955020189, 0.493180006742]}, "hfc": {"dvar2": 440.208312988, "var": 240.893615723, "min": 8.70803251019e-06, "dmean": 9.84574127197, "mean": 14.0031776428, "max": 122.545211792, "dmean2": 15.4796218872, "median": 8.08643531799, "dvar": 185.807769775}, "spectral_kurtosis": {"dvar2": 79.7828903198, "var": 79.0868911743, "min": -1.03575944901, "dmean": 3.10432624817, "mean": 6.19987010956, "max": 251.831329346, "dmean2": 4.96805667877, "median": 3.48503494263, "dvar": 33.2861061096}, "mfcc": {"mean": [-691.392822266, 122.023590088, 15.1186761856, 25.093744278, 10.2728099823, 11.2144536972, 4.24174499512, 3.01853489876, -0.337930589914, 3.1921620369, 1.68980419636, 0.993667900562, 3.68846273422], "cov": [[9320.67382812, -2067.54248047, 203.011978149, -173.625473022, -271.984191895, 155.919326782, -32.5294036865, 4.2519903183, -103.60118866, -35.6439590454, -133.905487061, -145.781707764, -28.6170139313], [-2067.54248047, 2898.68530273, -517.465637207, 3.25961589813, 61.5474357605, -28.6777324677, -52.7464637756, 53.236907959, 120.409591675, -7.66312837601, -8.74459648132, -10.4667196274, 22.5729351044], [203.011978149, -517.465637207, 1271.20507812, 365.501800537, 35.9429740906, 6.33113479614, 96.823677063, 57.7568016052, 20.1633930206, 79.8940963745, 97.4463424683, 73.4173126221, 86.6985397339], [-173.625473022, 3.25961589813, 365.501800537, 532.403564453, 107.000694275, -27.2316532135, 5.66920137405, 32.6537590027, -1.22811937332, 19.9082965851, 33.6885185242, 50.0168228149, 29.7053718567], [-271.984191895, 61.5474357605, 35.9429740906, 107.000694275, 227.537368774, 102.155975342, 50.1635818481, 32.1438331604, 33.9414329529, 19.8536777496, 35.9613113403, 26.4466018677, 25.3148803711], [155.919326782, -28.6777324677, 6.33113479614, -27.2316532135, 102.155975342, 248.558807373, 137.781951904, 68.7653961182, 44.635345459, 45.4501342773, 45.1516036987, 32.8834190369, 38.274974823], [-32.5294036865, -52.7464637756, 96.823677063, 5.66920137405, 50.1635818481, 137.781951904, 233.399078369, 106.295051575, 54.8257637024, 61.7630386353, 60.6888694763, 57.5073280334, 45.5429992676], [4.2519903183, 53.236907959, 57.7568016052, 32.6537590027, 32.1438331604, 68.7653961182, 106.295051575, 157.475692749, 76.8637619019, 49.751701355, 30.6288719177, 26.9217567444, 38.0472145081], [-103.60118866, 120.409591675, 20.1633930206, -1.22811937332, 33.9414329529, 44.635345459, 54.8257637024, 76.8637619019, 117.232818604, 60.4519882202, 26.4528465271, 16.0335178375, 29.7937774658], [-35.6439590454, -7.66312837601, 79.8940963745, 19.9082965851, 19.8536777496, 45.4501342773, 61.7630386353, 49.751701355, 60.4519882202, 105.018844604, 49.3134002686, 26.7783584595, 39.7729949951], [-133.905487061, -8.74459648132, 97.4463424683, 33.6885185242, 35.9613113403, 45.1516036987, 60.6888694763, 30.6288719177, 26.4528465271, 49.3134002686, 84.9696502686, 54.2863006592, 31.9167156219], [-145.781707764, -10.4667196274, 73.4173126221, 50.0168228149, 26.4466018677, 32.8834190369, 57.5073280334, 26.9217567444, 16.0335178375, 26.7783584595, 54.2863006592, 97.6711807251, 46.4544029236], [-28.6170139313, 22.5729351044, 86.6985397339, 29.7053718567, 25.3148803711, 38.274974823, 45.5429992676, 38.0472145081, 29.7937774658, 39.7729949951, 31.9167156219, 46.4544029236, 73.4748764038]], "icov": [[0.000145836893353, 0.00010243793804, 2.76315654446e-06, -2.94731780741e-05, 0.00022592949972, -0.000252983649261, 0.000115840171929, -9.46708532865e-05, 2.59231237578e-05, 2.81684206129e-05, 0.000140134157846, 0.000205788499443, -0.000151592423208], [0.00010243793804, 0.000490226317197, 0.000230976758758, -0.000162323412951, 0.00012568369857, -5.65116097277e-05, 0.000167206919286, -7.61207556934e-05, -0.000571379729081, 0.000384332175599, -0.000183914424269, 0.000360473641194, -0.000520090456121], [2.76315654446e-06, 0.000230976758758, 0.00126800430007, -0.000869659881573, 0.000361403101124, 0.000222704416956, -0.000361352140317, 0.00015903019812, -0.000165813791682, 0.00013945979299, -0.00119743158575, 0.000790681107901, -0.00130140851252], [-2.94731780741e-05, -0.000162323412951, -0.000869659881573, 0.00302807125263, -0.0018193165306, 0.000995920971036, 0.000482008559629, -0.00104019907303, 0.00114411639515, -0.000739687529858, 0.000809137069155, -0.00160875136498, 0.000790352642071], [0.00022592949972, 0.00012568369857, 0.000361403101124, -0.0018193165306, 0.00714150071144, -0.00335576129146, 0.000508667028043, 0.000629513757303, -0.00177738792263, 0.00169893179554, -0.00190305453725, 0.001132934005, -0.00108377612196], [-0.000252983649261, -5.65116097277e-05, 0.000222704416956, 0.000995920971036, -0.00335576129146, 0.0081006065011, -0.00374055281281, -0.000189563288586, 0.000214997635339, -0.000402123405365, -0.000922809587792, 0.000533206155524, -0.00119927350897], [0.000115840171929, 0.000167206919286, -0.000361352140317, 0.000482008559629, 0.000508667028043, -0.00374055281281, 0.00953448936343, -0.00446209078655, 0.000816818443127, -0.00135875912383, -0.00115815456957, -0.00262365606613, 0.000965437735431], [-9.46708532865e-05, -7.61207556934e-05, 0.00015903019812, -0.00104019907303, 0.000629513757303, -0.000189563288586, -0.00446209078655, 0.0127191338688, -0.00642469944432, 0.000801036367193, 0.000217503533349, 0.00110625172965, -0.0023415631149], [2.59231237578e-05, -0.000571379729081, -0.000165813791682, 0.00114411639515, -0.00177738792263, 0.000214997635339, 0.000816818443127, -0.00642469944432, 0.0171810388565, -0.00784284994006, 0.00145511422306, -0.00029993976932, 7.58422320359e-05], [2.81684206129e-05, 0.000384332175599, 0.00013945979299, -0.000739687529858, 0.00169893179554, -0.000402123405365, -0.00135875912383, 0.000801036367193, -0.00784284994006, 0.0200328473002, -0.00935006421059, 0.00468969298527, -0.00648836279288], [0.000140134157846, -0.000183914424269, -0.00119743158575, 0.000809137069155, -0.00190305453725, -0.000922809587792, -0.00115815456957, 0.000217503533349, 0.00145511422306, -0.00935006421059, 0.0262858048081, -0.0118056675419, 0.00345565052703], [0.000205788499443, 0.000360473641194, 0.000790681107901, -0.00160875136498, 0.001132934005, 0.000533206155524, -0.00262365606613, 0.00110625172965, -0.00029993976932, 0.00468969298527, -0.0118056675419, 0.0222633965313, -0.0112925795838], [-0.000151592423208, -0.000520090456121, -0.00130140851252, 0.000790352642071, -0.00108377612196, -0.00119927350897, 0.000965437735431, -0.0023415631149, 7.58422320359e-05, -0.00648836279288, 0.00345565052703, -0.0112925795838, 0.0256592780352]]}, "silence_rate_20dB": {"dvar2": 0, "var": 0, "min": 1, "dmean": 0, "mean": 1, "max": 1, "dmean2": 0, "median": 1, "dvar": 0}, "melbands_kurtosis": {"dvar2": 17125.0195312, "var": 14687.0087891, "min": -1.84991383553, "dmean": 38.6557159424, "mean": 53.7415237427, "max": 1517.05932617, "dmean2": 58.2680587769, "median": 13.7076864243, "dvar": 8197.78515625}, "barkbands_spread": {"dvar2": 251.96711731, "var": 379.836090088, "min": 0.12624950707, "dmean": 8.82802009583, 