{"tonal": {"thpcp": [1, 0.577337384224, 0.140384301543, 0.0577308386564, 0.0954812318087, 0.174078717828, 0.168571487069, 0.0852063521743, 0.0443327724934, 0.044833086431, 0.0631538629532, 0.110154487193, 0.149799689651, 0.210523888469, 0.538557767868, 0.850206911564, 0.546970009804, 0.132174417377, 0.049194894731, 0.0606789775193, 0.130109652877, 0.180870622396, 0.131710603833, 0.0665793046355, 0.0568613708019, 0.0920921415091, 0.149101600051, 0.178157866001, 0.219722554088, 0.344568669796, 0.355011880398, 0.208688154817, 0.136503666639, 0.153773486614, 0.272600501776, 0.720410227776], "hpcp": {"dmean2": [0.169547617435, 0.17977951467, 0.165931895375, 0.199680358171, 0.257828831673, 0.313918143511, 0.289857923985, 0.293893843889, 0.141875088215, 0.0677020475268, 0.0912509486079, 0.108682505786, 0.0994808524847, 0.0778394863009, 0.0482575967908, 0.0484530851245, 0.0652272105217, 0.0884370282292, 0.113289408386, 0.19000826776, 0.275758832693, 0.219750225544, 0.256401658058, 0.139526054263, 0.0570037253201, 0.0563406832516, 0.0837544053793, 0.0918238759041, 0.0887371003628, 0.0686460658908, 0.054845135659, 0.0736763477325, 0.106095917523, 0.132059946656, 0.168008819222, 0.15705023706], "median": [0.0109037887305, 0.00875807367265, 0.00657629873604, 0.0074066775851, 0.0341215990484, 0.227732434869, 0.362833589315, 0.153740286827, 0.0142597202212, 0.00407421914861, 0.00458059087396, 0.00655858498067, 0.0082755535841, 0.00638182647526, 0.00357343815267, 0.00288818194531, 0.00431365892291, 0.0104428660125, 0.0138814551756, 0.0253205746412, 0.130557596684, 0.208285272121, 0.107643999159, 0.0127019733191, 0.00300539331511, 0.00377111742273, 0.0102809853852, 0.0136772776023, 0.0103300279006, 0.00468003377318, 0.00323923397809, 0.00393542833626, 0.00832128059119, 0.0124419042841, 0.0163572710007, 0.0118524935097], "min": [0, 0, 0, 0, 0, 0, 0, 0, 0, 0, 0, 0, 0, 0, 0, 0, 0, 0, 0, 0, 0, 0, 0, 0, 0, 0, 0, 0, 0, 0, 0, 0, 0, 0, 0, 0], "dvar2": [0.0893463790417, 0.104126162827, 0.108038000762, 0.13070717454, 0.140864312649, 0.124252691865, 0.12488783896, 0.134818896651, 0.067280985415, 0.0334398001432, 0.0455566830933, 0.059030495584, 0.0507301874459, 0.0402174890041, 0.0231699217111, 0.0277971383184, 0.0350537821651, 0.0445312596858, 0.0493876934052, 0.0860032886267, 0.116407908499, 0.0931680798531, 0.113025069237, 0.0627351254225, 0.0208417698741, 0.0223037265241, 0.0315121412277, 0.0323737598956, 0.0352366417646, 0.0322254151106, 0.0230591837317, 0.0323192887008, 0.0482791922987, 0.0601332522929, 0.0770243704319, 0.070887349546], "dvar": [0.0338426716626, 0.036806140095, 0.0392069071531, 0.0471500568092, 0.0518162921071, 0.0473630055785, 0.0528614036739, 0.0483929999173, 0.0233456306159, 0.0117539400235, 0.0162361115217, 0.0219911914319, 0.0192482620478, 0.0141205899417, 0.00798085145652, 0.00970958545804, 0.0123602924868, 0.0161232035607, 0.0188047345728, 0.0321767181158, 0.0441952832043, 0.0435169488192, 0.0420989170671, 0.0213736388832, 0.00740364240482, 0.00826951675117, 0.013003109023, 0.0135673284531, 0.013843937777, 0.0121100973338, 0.00849965587258, 0.0132636427879, 0.0198787581176, 0.0235610362142, 0.0293125733733, 0.0285241845995], "dmean": [0.095995798707, 0.100624300539, 0.090570025146, 0.106692887843, 0.144679456949, 0.186873868108, 0.176264747977, 0.170510217547, 0.0781282782555, 0.0370109528303, 0.0511423759162, 0.0624270811677, 0.0578262656927, 0.0441855750978, 0.0262828897685, 0.026575371623, 0.0362897925079, 0.0512742623687, 0.066071100533, 0.106283381581, 0.15952026844, 0.133612811565, 0.149786144495, 0.076670974493, 0.0313746370375, 0.032577585429, 0.0503305010498, 0.0569051317871, 0.0519915483892, 0.0382764302194, 0.0312061905861, 0.0429331175983, 0.0615187883377, 0.0767388269305, 0.0963457152247, 0.0914206951857], "max": [1, 1, 1, 1, 1, 1, 1, 1, 1, 1, 1, 1, 1, 1, 1, 1, 1, 1, 1, 1, 1, 1, 1, 1, 1, 1, 1, 1, 1, 1, 1, 1, 1, 1, 1, 1], "var": [0.0941801145673, 0.0413251891732, 0.0281297154725, 0.0323633216321, 0.0483577102423, 0.106216214597, 0.156429812312, 0.0866705551744, 0.0180231463164, 0.00753415608779, 0.0144148301333, 0.0397162996233, 0.0352712459862, 0.0116656422615, 0.0053039137274, 0.0069154156372, 0.00944626983255, 0.0153085226193, 0.0219887420535, 0.0330794006586, 0.0839197263122, 0.169576570392, 0.0929884910583, 0.015979193151, 0.00500331073999, 0.00733325630426, 0.0200407486409, 0.0309567023069, 0.0203049425036, 0.0099951531738, 0.00762799475342, 0.0167740620673, 0.0289499331266, 0.0313251204789, 0.0373682528734, 0.0887597128749], "mean": [0.166866376996, 0.0980897769332, 0.0641608759761, 0.0722782164812, 0.128130525351, 0.338614702225, 0.470030397177, 0.271366119385, 0.0659848898649, 0.0271352492273, 0.0448790825903, 0.0818222910166, 0.0792337208986, 0.0400495752692, 0.0208377502859, 0.0210729129612, 0.0296842344105, 0.051775958389, 0.0704104080796, 0.0989526286721, 0.253138512373, 0.399623095989, 0.257092535496, 0.0621259920299, 0.0231230966747, 0.0285209640861, 0.0611554943025, 0.085014693439, 0.0619079880416, 0.0312942974269, 0.026726571843, 0.0432861074805, 0.0700822845101, 0.0837396159768, 0.103276282549, 0.161957755685]}, "tuning_equal_tempered_deviation": 0.0223188959062, "chords_changes_rate": 0.0344827584922, "key_key": "E", "tuning_diatonic_strength": 0.759315431118, "key_scale": "major", "chords_number_rate": 0.00254083494656, "tuning_frequency": 447.949737549, "tuning_nontempered_energy_ratio": 0.712074518204, "chords_histogram": [44.8638839722, 4.319419384, 25.4446468353, 0, 0, 0, 0, 1.27041745186, 4.53720521927, 0, 0, 0, 0, 0, 0, 0.907441020012, 0, 2.43194198608, 0, 0.326678752899, 0, 0.399274051189, 15.0998182297, 0.399274051189], "key_strength": 0.854740858078, "chords_key": "E", "chords_strength": {"dmean2": 0.00757367350161, "median": 0.610941171646, "min": 0.258702546358, "dvar2": 4.99258931086e-05, "dvar": 6.26136607025e-05, "dmean": 0.00855936016887, "max": 0.787106871605, "var": 0.0059755044058, "mean": 0.596582055092}, "chords_scale": "major", "hpcp_entropy": {"dmean2": 1.21451151371, "median": 1.85698103905, "min": 0, "dvar2": 0.968661248684, "dvar": 0.379306733608, "dmean": 0.732219278812, "max": 4.64006614685, "var": 0.735843837261, "mean": 1.85840690136}}, "metadata": {"audio_properties": {"equal_loudness": 0, "codec": "mp3", "downmix": "mix", "sample_rate": 44100, "analysis_sample_rate": 44100, "bit_rate": 192039, "md5_encoded": "9bd8421b1ccdf75dcfc0f36d51ff2a4d", "length": 127.869384766, "replay_gain": -5.50786399841, "lossless": false}, "version": {"essentia_build_sha": "2d9f1f26377add8aeb1075a9c2973f962c4f09fd", "essentia": "2.1-beta2", "extractor": "music 1.0", "essentia_git_sha": "v2.1_beta2-1-ge3940c0"}, "tags": {"title": ["Picture of You"], "language": ["eng"], "acoustid_fingerprint": ["AQADtEmmRNGqCT_uHY0eVE6EE88j6GhQWcMt3MI_tIfHEFpe485RpUWYS7gi_MhznEcXZimaHMKPH_-O42kOLTdKKUuFHx_EB7qUHfeO7rLguDAzHuUNPTkuI0yOPlFwCf_R5DEinYcWZkEkaYyJj8I_uDl-4xmdgTyqo2mKL9h3hKSOJAoXG5wS58UULZMz_PCDPttxN8eDNk4RZjz0nMiPHM22HKfQnE6gHifkozqaMTweLYh1_HhwUQ96mM8R_skAVUUYsTEqihaOM5hs2AJ_eD3C8gkuPEoaRJLUOCN8HfnR9Iee5MiZ40eTPCtqZRqe_PiHiVkeEd9yqOpy4kpysPJRPcJ_TGt23AidRQ1USjKR92iOUMeVHZ7SWNAv_GiiJ0afyMdznGKg68J3oV_gNDiPTouS4xoRWodZoTqNi-ix_fjxO2By_HiD5hqS5kfs8GhGPqB7zERTZXiS48Y_PDtq4T-ePoj_4FMCTQ_8HfXxIh_GW2COOscd5Nh76DtuaBF3IZSGhtGC0sf940OTLM9Qy8PDBVN-1EcyVUcqhUqO__C_gnqGksTz4h9BbscPP0Ge4wnu41coaPvx1Ei_E8YfXMwOh_rwGz4cU0KfII-RvEeTPEZPXMkOll_Qo7kWY3SOMIImqkXOzBkaPghxGbovOGKI98GLftAinDku4bkRMj_84zw-BmfW4XyIH1sj_Agk3cjRN-iOJtTR52g6ZKcJPcODyYR3PB-u9BAfdUF1fJhylOGhPyiaOMQrHB8qHSfxHbfwC9_hH312nHC24mGgCRfO44FWVP9wC9bxrUWfET-qH43CLDg0Gy_xHNdxJxdIrXjww8-hiDxyB73wuSnKZziPRzlKXULDhROuCz98PAyeGPmQcFmOix_WpQ44qcmxH2eK00efIo15Qp_ROQp-Dj9-nE9waCTh92g5PBx04JGeIDzxVfCPDz9i_fhx9RD5B-VSaD7eCsduaE6PPziYVMIX4gp2IuFzlOSDJ9LS4v7Q3OjD49Lx8LiO5MuRJulS4b9wJaGwS2AVYz--TKjEI7wDzTrCGO9xhM8VeMziFKJ7hM2PCo2u4k6OIxeeV8EfQtHxHFu8I5VzXE0V_IeP64Kr4sTTwA-uJ0HdIxe0TCTCLtsxPsGzo6Ee1Cf6o1nGBPeKSTaDJlmK_Bp-_IG4JxXxCXG2o7rhH_1xRTiHOC-u4PgNzdDSJHijGhG3MuDy4MaT5AkeMccx96guodFJnDmO5EyIMDwmLjmeThsK54efBSUlHY9XNEnK4Afy7MOZpYNY5EGfRLjx53hxHc999MMJJydO9InwKKOgG48lVM5iodEoD5yOZwqeGv0-3Ij443qGt2jGDA-u4x_65dBlHE_g08J5eGH04FAPf-jmIHnR9wmc5-jx7PAe7PiRTCfC6Me5C_3RGM-JD-eF8BCTmUVfVM-hhcePJ9RRvQK1o50EnbnwoHnQR7h-HMdvHOUp_LA6QT9RjWNx6njguJCbAD_-41LQ58V3ClZw_DhzHA3P4pNQ5UQabQdffMkjmDlefMNPPD181JKO5BGRU6bRx8MDroc18WAkK6pw48Z1RPqRzNuPo--F5vjxNAgtHT86DzeNB82J8DnQIzp64dCZ4z-YKM_R83gOLXvQD-ESH__xg5rEo12OkPBz4R_-D_Fx6jhOEif-4j3-wydKHvmRvIfz43lyfEcTHeEZJMcVHM-DLw-SZZSOkDFuo4oXNCHOK_gTnEckchLEh-iPPzj65dCiEnkS3BeahQvKGz-eonmOfsiJZ0fdGJWKT0qFLiT-Qzzu4BrafLjyoMeWQIpu7AhT1NFy_DhTNN8VhMoOtfmKXGkCPzk-44vwMHCvDGdc7A_65USzcESiSGwQtTmu4_uSoM1FPCWO6snRHH-RK-EH4Xnw5oSjH1d46Dxu_Irx4r7x4ju0Hz9wqngl_IPv4j_04MN_OMezY4MOCj2Pv5h7PH2GKifSqQkmTUmO_zAffMlc3B9qm7AORqaMKy8evUhUHfF3oZsd2Dkqbj7YX-hjbFHYDD2-GOd25Dp6NL1x7Wg0LVagfTk-eKTxxYhThETz5fgyHlr0oHoUoId45A_a6niPLlPQxDx25-jPwWDyGSdK-ZASKnmGP8G_FI241ajIHDMzfFyN62i6B05PnIElJTt63Dly8dBufD3CpTMKy8cf5H4gHn2D8DD640HScBfCfEdFHufhHQ_2K2D0wMly1CrxBc_UIFFVhEmVJyCfo1Iu4pLxD80u_MR1dD-q5whzHPfxHcmPfgrO40eXiVbQRvCOEy-JGz2JPDkSh8edEj8YZi2aacVPnFHhC-NP5BMqM4W_w2NR7XjQTYmOPzEOfzhTyL_giDtOIpYOizpqDj96vMPGx8EZkBH-xQhzGkKkozmOw8dwHdkn6D7-A7-Gv0IL75CLX3hwUpDCgD0q07DMI9TxCyfaI_-G_3ihKss1NDd-HB6Z4mnA7UOPHz_0EdcBAgEghDAuAHEAAAIQRIIBZiAiAgABgkEMgQQEAEAIYyACRABhhBDIOSIJRIgZA4AkQgAlkDGAUwCEJcIgA4UngRAAFDANQEIYAIIhYIATBmiCCCCOOCOEEwYowgAwiiIhGBRAACGAQA4QhIBwAAnhqCJEYOGAEIgYKhgAABAhCCJCGKEYAIY5pAwhCiAFjOCGAEEIIAAAIwhhQAGDlCMEAWAMEcYAQIQgSghAiADKIOAEAAUIwwgTTAiBEACKGMCIQwBJRhRgwHjBBEBAQkSAEyQECoQUFFBABKBCEsYAMBAIAo1hgAGkAEDIAaUMEMIQoRSAzCDFoAIAGWWIUEAxIwQVDDighBNIAwScBYIICRAAkDkhqAACGsCEAAIJwQwixAgGDHDCIWOUYwgYABQQgIBlgDOMGSYMEUArJAKCgCBkgFZKEScFFBQAA41SChAgQWmCCGiQYcwoAwQFigApgDBACkUkAAIoQCQBQmIDBAHKEqYEAwQZYYBkhgDmJCAMWCMAAAYAY4SjABAAiGAMKGKQAEI4AgghAIBEADACGsAJFIAQAZICxhABgAAMEUEBkogQA4gFCihBgBAiEUMosQIAMIAmkkgAAAgKECMcIIAIIQRgSBABjECAGAQAEIJgogyxQAkDgECAMGAMEQIYJAkADkgHACLGEWaEQkCCQjwwggIKkFUOGQAMsgQSpQwCjDEBlHEEESAMMIoAiQwRTmhDBCECMKSAAIIASQEgAAkAFbEACACUAQIkIoAEQAqBDCKCEGYEIEAYBIgQwChBBMMCGAURAIwo44AAQgKCKBAAMqEEEk4gIgBThgKCGNEECKIMMMAYQIEiyAygBDOEGAGBI4IIQBwhhgBJhCHAFIaAU4AYABhmQghigQjMMAQMEIaJQgAYTAhglAGUEwAAAAwohxETRABCBCOCAOAZFEYCAgQBhAiACKSAKQKYkgAC"], "genre": ["Oldies"], "musicbrainz album type": ["Compilation"], "musicbrainz_releasegroupid": ["b98e04c8-1667-4562-85d8-0de4569bf580"], "musicip_puid": ["317b4c9d-05d9-2458-1f1e-b8ca3d461fab"], "musicbrainz_recordingid": ["01a80c72-9d20-4ec4-8587-67a83da5ac22"], "musicbrainz album release country": ["DE"], "musicbrainz_albumartistid": ["89ad4ac3-39f7-470e-963a-56509c546377"], "musicbrainz_albumid": ["fd65aaf0-f5c3-45e6-b061-181d9feda84d"], "tracknumber": ["19/28"], "bpm": ["143.78"], "album": ["Teen Scene!, Volume 5"], "catalognumber": ["DJ-CD 55117"], "artist": ["Rondels"], "label": ["Dee-Jay"], "acoustid_id": ["ecb4fca4-8dc3-4108-9ee9-57cfc67b201b"], "musicbrainz_artistid": ["99262e60-c433-4594-8046-b05ced754a25"], "file_name": "Rondels - Picture of You.mp3"}}, "rhythm": {"bpm_histogram_first_peak_bpm": {"dmean2": 0, "median": 144, "min": 144, "dvar2": 0, "dvar": 0, "dmean": 0, "max": 144, "var": 0, "mean": 144}, "bpm": 143.867736816, "bpm_histogram_second_peak_spread": {"dmean2": 0, "median": 0, "min": 0, "dvar2": 0, "dvar": 0, "dmean": 0, "max": 0, "var": 0, "mean": 0}, "bpm_histogram_first_peak_weight": {"dmean2": 0, "median": 0.60526317358, "min": 0.60526317358, "dvar2": 0, "dvar": 0, "dmean": 0, "max": 0.60526317358, "var": 0, "mean": 0.60526317358}, "onset_rate": 2.97926473618, "beats_position": [0.441179126501, 0.905578196049, 1.34675729275, 1.764716506, 2.18267560005, 2.58902478218, 2.99537420273, 3.41333317757, 3.83129239082, 4.2492518425, 4.66721057892, 5.07355976105, 5.47990942001, 5.88625860214, 6.29260778427, 6.71056699753, 7.12852573395, 7.56970500946, 7.98766422272, 8.40562343597, 8.82358264923, 9.21832180023, 9.63628101349, 10.0542402267, 10.47219944, 10.8901586533, 11.3081178665, 11.7144670486, 12.1208162308, 12.5271654129, 12.933514595, 13.3630838394, 13.7694330215, 14.2106122971, 14.6285715103, 15.0349206924, 15.4412698746, 15.8476190567, 16.2539672852, 16.6719264984, 17.0898857117, 17.5078449249, 17.9258041382, 18.3321533203, 18.7385025024, 19.1332416534, 19.5395908356, 19.9575500488, 20.363899231, 20.7818584442, 21.1998176575, 21.6061668396, 22.0125160217, 22.430475235, 22.8484344482, 23.2547836304, 23.6611328125, 24.0790920258, 24.4854412079, 24.9034004211, 25.3097496033, 25.7277088165, 26.1224479675, 26.5404071808, 26.958366394, 27.3763256073, 27.7942848206, 28.2122440338, 28.6302032471, 29.0481624603, 29.4661216736, 29.8724708557, 30.3020401001, 30.7199993134, 31.1379585266, 31.5559177399, 31.9738769531, 32.391834259, 32.8097953796, 33.2277526855, 33.6341018677, 34.0520629883, 34.4584121704, 34.8763694763, 35.2943305969, 35.7122879028, 36.1302490234, 36.5482063293, 36.9545555115, 37.3609046936, 37.7788658142, 38.1968231201, 38.6031723022, 39.0095214844, 39.427482605, 39.8454399109, 40.2634010315, 40.6813583374, 41.099319458, 41.5172767639, 41.9352378845, 42.3531951904, 42.771156311, 43.1891136169, 43.6070747375, 44.0250320435, 44.4313812256, 44.8377304077, 45.2556915283, 45.6736488342, 46.0916099548, 46.5095672607, 46.9275283813, 47.3338775635, 47.7402267456, 48.1581840515, 48.5761451721, 48.994102478, 49.4120635986, 49.8300209045, 50.2479820251, 50.6659393311, 51.0839004517, 51.5018577576, 51.9198188782, 52.3377761841, 52.7557373047, 53.1736946106, 53.5916557312, 54.0212249756, 54.4275741577, 54.8571434021, 55.2867126465, 55.7046699524, 56.1110191345, 56.5173683167, 56.9353294373, 57.3532867432, 57.7712478638, 58.1892051697, 58.6071662903, 59.0251235962, 59.4430847168, 59.8726501465, 60.2906112671, 60.708568573, 61.1381378174, 61.556098938, 61.9624481201, 62.380405426, 62.7867546082, 63.2047157288, 63.6226730347, 64.0406341553, 64.4585952759, 64.8765487671, 65.2945098877, 65.7240829468, 66.1536483765, 66.5832214355, 67.0127868652, 67.4307479858, 67.8487091064, 68.2666625977, 68.6846237183, 69.1025848389, 69.5205459595, 69.9384994507, 70.3564605713, 70.7860336304, 71.2155990601, 71.6335601807, 72.0515213013, 72.4694747925, 72.8874359131, 73.3170089722, 73.7233581543, 74.152923584, 74.5824966431, 75.0004501343, 75.4184112549, 75.8479766846, 76.2659378052, 76.6955108643, 77.1250762939, 77.554649353, 77.9726028442, 78.3905639648, 78.8085250854, 79.2264862061, 79.6444396973, 80.0624008179, 80.4803619385, 80.8983230591, 81.3162765503, 81.7226257324, 82.1521987915, 82.5817642212, 82.9881134033, 83.4176864624, 83.8472518921, 84.2652130127, 84.6831741333, 85.1011352539, 85.5190887451, 85.9486618042, 86.3666229248, 86.7961883545, 87.2141494751, 87.6321105957, 88.0500640869, 88.479637146, 88.9092025757, 89.3387756348, 89.7567367554, 90.1863021851, 90.6042633057, 91.0222167969, 91.4401779175, 91.8697509766, 92.2993164063, 92.7288894653, 93.158454895, 93.5880279541, 93.9943771362, 94.4123306274, 94.8419036865, 95.2598648071, 95.6662139893, 96.0841674805, 96.5021286011, 96.9200897217, 97.3380508423, 97.7560043335, 98.1739654541, 98.5919265747, 99.0098876953, 99.4278411865, 99.8458023071, 100.263763428, 100.67011261, 101.076461792, 101.494422913, 101.900772095, 102.307121277, 102.713470459, 103.119819641, 103.537773132, 103.955734253, 104.362083435, 104.768432617, 105.163169861, 105.581130981, 105.999092102, 106.417053223, 106.846618652, 107.276191711, 107.694145203, 108.112106323, 108.530067444, 108.959632874, 109.389205933, 109.818771362, 110.236732483, 110.666305542, 111.095870972, 111.502220154, 111.920181274, 112.338134766, 112.756095886, 113.174057007, 113.592018127, 114.009971619, 114.427932739, 114.84589386, 115.26385498, 115.681808472, 116.099769592, 116.517730713, 116.924079895, 117.330429077, 117.748390198, 118.166343689, 118.58430481, 119.00226593, 119.420227051, 119.838180542, 120.256141663, 120.674102783, 121.092063904, 121.498413086, 121.916366577, 122.334327698, 122.752288818, 123.181854248, 123.611427307, 124.052604675, 124.493782043, 124.900131226, 125.306480408, 125.71282959, 126.119178772, 126.525527954, 126.931877136, 127.338226318], "beats_loudness": {"dmean2": 0.0364482142031, "median": 0.039380274713, "min": 2.66247712766e-09, "dvar2": 0.000845603703056, "dvar": 0.000264196656644, "dmean": 0.020163141191, "max": 0.096423022449, "var": 0.000356163684046, "mean": 0.0422027260065}, "danceability": 1.19901299477, "bpm_histogram_second_peak_weight": {"dmean2": 0, "median": 0.0164473690093, "min": 0.0164473690093, "dvar2": 0, "dvar": 0, "dmean": 0, "max": 0.0164473690093, "var": 0, "mean": 0.0164473690093}, "beats_count": 305, "bpm_histogram_second_peak_bpm": {"dmean2": 0, "median": 136, "min": 136, "dvar2": 0, "dvar": 0, "dmean": 0, "max": 136, "var": 0, "mean": 136}, "bpm_histogram_first_peak_spread": {"dmean2": 0, "median": 0.374149650335, "min": 0.374149650335, "dvar2": 0, "dvar": 0, "dmean": 0, "max": 0.374149650335, "var": 0, "mean": 0.374149650335}, "beats_loudness_band_ratio": {"dmean2": [0.651370108128, 0.323282688856, 0.147635906935, 0.125836923718, 0.114909686148, 0.284829735756], "median": [0.477027207613, 0.240022853017, 0.0640270635486, 0.0326227508485, 0.0364261344075, 0.0235639065504], "min": [0.0471903160214, 0.00361709529534, 0.000147040234879, 0.000117896597658, 8.7635969976e-05, 1.87316290976e-05], "dvar2": [0.159782856703, 0.0627024918795, 0.0129885245115, 0.00928270164877, 0.00382851855829, 0.0359631702304], "dvar": [0.0434997789562, 0.0225152056664, 0.00525067606941, 0.00297421123832, 0.00121587293688, 0.0102910250425], "dmean": [0.34869030118, 0.187039792538, 0.083179667592, 0.0652849078178, 0.0580616183579, 0.142127633095], "max": [0.992316544056, 0.924421131611, 0.555055975914, 0.429984033108, 0.175344899297, 0.481434613466], "var": [0.0697606056929, 0.0313714370131, 0.00896906666458, 0.00308102322742, 0.00159471307416, 0.0102973151952], "mean": [0.51367354393, 0.275117903948, 0.0912066102028, 0.0490368045866, 0.0434788838029, 0.0773202702403]}}, "lowlevel": {"barkbands_spread": {"dmean2": 5.38999128342, "median": 7.31078338623, "min": 0.446385324001, "dvar2": 58.7363510132, "dvar": 36.4705734253, "dmean": 3.97187948227, "max": 91.0873794556, "var": 227.548400879, "mean": 13.2184247971}, "melbands_spread": {"dmean2": 5.87981891632, "median": 5.95845890045, "min": 0.426954865456, "dvar2": 141.632034302, "dvar": 78.4576416016, "dmean": 4.18866491318, "max": 223.380966187, "var": 258.15927124, "mean": 11.5790500641}, "hfc": {"dmean2": 6.29963541031, "median": 9.38992881775, "min": 1.28035475369e-16, "dvar2": 136.895996094, "dvar": 76.4640655518, "dmean": 4.6930141449, "max": 145.73979187, "var": 233.276596069, "mean": 13.8829898834}, "barkbands_kurtosis": {"dmean2": 10.2352018356, "median": 12.6832618713, "min": -1.89510142803, "dvar2": 196.185119629, "dvar": 83.2428131104, "dmean": 6.58359241486, "max": 290.469390869, "var": 400.86114502, "mean": 17.4554615021}, "gfcc": {"mean": [-67.4129867554, 136.34815979, -105.488105774, 50.9935646057, -57.6094818115, -3.97329139709, -40.10313797, -8.19659328461, -23.5739994049, -17.0765399933, -10.3116989136, -15.2002811432, -12.051607132], "icov": [[0.000192741601495, -0.000444233010057, 0.000490655133035, -0.000532288046088, 0.000458920490928, -0.000345159700373, 0.000353261828423, -0.000159376548254, 0.000429310428444, -0.000126179074869, 0.000649035442621, -0.000475417386042, 0.000651959213428], [-0.000444233010057, 0.00447689415887, -0.000814632570837, 0.0024037710391, -0.00227454863489, 0.00356865581125, -0.00280617550015, 0.00286981114186, -0.00354159157723, 0.00299292756245, -0.00403744261712, 0.00461629219353, -0.00458173686638], [0.000490655133035, -0.000814632570837, 0.00397147703916, -0.00186493049841, 0.000199724046979, -0.00193019094877, 1.69477425516e-05, 0.000934964395128, -0.000661463302094, -0.000312760908855, 0.00154393713456, -0.00261854077689, 0.001182023203], [-0.000532288046088, 0.0024037710391, -0.00186493049841, 0.00732656056061, -0.00300353113562, 0.00254756817594, -0.000415251735831, 0.000705473707058, -0.00201434502378, 0.00141326291487, -0.00233311229385, 0.00134781573433, -0.00301539688371], [0.000458920490928, -0.00227454863489, 0.000199724046979, -0.00300353113562, 0.00638241507113, -0.00116019940469, -0.00109782000072, -0.000684347411152, -0.00020112976199, -0.00225742068142, 0.00265761394985, -0.000859853229485, 0.000109658343717], [-0.000345159700373, 0.00356865581125, -0.00193019094877, 0.00254756817594, -0.00116019940469, 0.00956700835377, -0.00228208838962, 0.00288994214498, 5.72294593439e-05, 0.000350642279955, -0.00113967352081, 0.00406994391233, -0.00262847542763], [0.000353261828423, -0.00280617550015, 1.69477425516e-05, -0.000415251735831, -0.00109782000072, -0.00228208838962, 0.00929481908679, -0.0035302049946, 0.00500680180266, -0.0013093368616, 0.00052959821187, -0.000289875140879, 0.00297741009854], [-0.000159376548254, 0.00286981114186, 0.000934964395128, 0.000705473707058, -0.000684347411152, 0.00288994214498, -0.0035302049946, 0.0116721391678, -0.00385046424344, 0.00153910217341, -0.00178045313805, 0.00167548959143, 0.00177632633131], [0.000429310428444, -0.00354159157723, -0.000661463302094, -0.00201434502378, -0.00020112976199, 5.72294593439e-05, 0.00500680180266, -0.00385046424344, 0.015574157238, -0.00389338424429, 0.00467035360634, -0.00080465071369, 0.00110635743476], [-0.000126179074869, 0.00299292756245, -0.000312760908855, 0.00141326291487, -0.00225742068142, 0.000350642279955, -0.0013093368616, 0.00153910217341, -0.00389338424429, 0.0165800265968, -0.00206700526178, 0.000545819522813, 0.002098336583], [0.000649035442621, -0.00403744261712, 0.00154393713456, -0.00233311229385, 0.00265761394985, -0.00113967352081, 0.00052959821187, -0.00178045313805, 0.00467035360634, -0.00206700526178, 0.0164812598377, -0.00300477468409, 0.00608162768185], [-0.000475417386042, 0.00461629219353, -0.00261854077689, 0.00134781573433, -0.000859853229485, 0.00406994391233, -0.000289875140879, 0.00167548959143, -0.00080465071369, 0.000545819522813, -0.00300477468409, 0.0169889219105, -0.00599938537925], [0.000651959213428, -0.00458173686638, 0.001182023203, -0.00301539688371, 0.000109658343717, -0.00262847542763, 0.00297741009854, 0.00177632633131, 0.00110635743476, 0.002098336583, 0.00608162768185, -0.00599938537925, 0.0218491069973]], "cov": [[15896.6220703, -1179.38586426, -2025.75915527, -47.7388038635, -1569.21740723, 7.16518259048, -630.980957031, 263.675292969, -496.4246521, -66.6456985474, -107.266807556, 141.422866821, -445.141326904], [-1179.38586426, 2227.14599609, 84.4842987061, -11.7043895721, 659.444091797, -390.836212158, 345.885162354, -191.617630005, 256.499237061, -212.17918396, 151.779129028, -324.088317871, 290.305603027], [-2025.75915527, 84.4842987061, 653.189147949, 121.641265869, 253.606109619, 60.7472991943, 44.2323226929, -90.4713363647, 98.7921142578, 22.7383995056, -38.8779182434, 45.789894104, 83.1851348877], [-47.7388038635, -11.7043895721, 121.641265869, 239.024642944, 110.438499451, -29.0180931091, -24.6322460175, -13.1077985764, 46.234085083, 1.44812846184, -20.460231781, 26.3539562225, 36.2055015564], [-1569.21740723, 659.444091797, 253.606109619, 110.438499451, 532.556518555, -86.9375228882, 157.692642212, -68.7983169556, 136.57069397, -23.0720405579, 6.90901279449, -81.6879425049, 128.550537109], [7.16518259048, -390.836212158, 60.7472991943, -29.0180931091, -86.9375228882, 224.764953613, -20.8286800385, -3.4430744648, -61.6386909485, 41.961566925, -31.5541801453, 35.3774986267, -41.2805366516], [-630.980957031, 345.885162354, 44.2323226929, -24.6322460175, 157.692642212, -20.8286800385, 238.501708984, 7.2433218956, -1.67355525494, -18.8379840851, 46.4680137634, -71.2390670776, 18.5789470673], [263.675292969, -191.617630005, -90.4713363647, -13.1077985764, -68.7983169556, -3.4430744648, 7.2433218956, 143.884552002, -16.6204853058, 17.6681613922, 5.27811574936, 9.07244873047, -57.5514183044], [-496.4246521, 256.499237061, 98.7921142578, 46.234085083, 136.57069397, -61.6386909485, -1.67355525494, -16.6204853058, 142.573379517, -4.96093940735, -13.6399583817, -25.4619598389, 53.1776542664], [-66.6456985474, -212.17918396, 22.7383995056, 1.44812846184, -23.0720405579, 41.961566925, -18.8379840851, 17.6681613922, -4.96093940735, 92.1980819702, -11.0974731445, 28.3892860413, -34.9600410461], [-107.266807556, 151.779129028, -38.8779182434, -20.460231781, 6.90901279449, -31.5541801453, 46.4680137634, 5.27811574936, -13.6399583817, -11.0974731445, 99.7883911133, -26.4498596191, -9.56580734253], [141.422866821, -324.088317871, 45.789894104, 26.3539562225, -81.6879425049, 35.3774986267, -71.2390670776, 9.07244873047, -25.4619598389, 28.3892860413, -26.4498596191, 128.63343811, -16.1392402649], [-445.141326904, 290.305603027, 83.1851348877, 36.2055015564, 128.550537109, -41.2805366516, 18.5789470673, -57.5514183044, 53.1776542664, -34.9600410461, -9.56580734253, -16.1392402649, 115.856048584]]}, "spectral_energyband_middle_low": {"dmean2": 0.0107644759119, "median": 0.016653874889, "min": 3.41233585912e-22, "dvar2": 0.000192136096302, "dvar": 7.55878427299e-05, "dmean": 0.00676646642387, "max": 0.125042825937, "var": 0.000264765520114, "mean": 0.0196775272489}, "melbands_crest": {"dmean2": 4.57157373428, "median": 15.1933059692, "min": 2.17128300667, "dvar2": 16.58244133, "dvar": 6.18232345581, "dmean": 2.77047419548, "max": 29.637178421, "var": 19.9901046753, "mean": 15.5789985657}, "spectral_kurtosis": {"dmean2": 5.35776138306, "median": 5.00918102264, "min": -1.20895791054, "dvar2": 45.5751152039, "dvar": 17.8686695099, "dmean": 3.20331120491, "max": 84.249206543, "var": 61.3280448914, "mean": 7.3373260498}, "spectral_rms": {"dmean2": 0.00128536170814, "median": 0.00525277014822, "min": 3.28340848434e-12, "dvar2": 2.0558502456e-06, "dvar": 8.31193403883e-07, "dmean": 0.000844460621011, "max": 0.0116509720683, "var": 4.33516333942e-06, "mean": 0.00507463002577}, "zerocrossingrate": {"dmean2": 0.00855441112071, "median": 0.025390625, "min": 0.00341796875, "dvar2": 0.000191606828594, "dvar": 0.000170800849446, "dmean": 0.00823898147792, "max": 0.4970703125, "var": 0.00168920913711, "mean": 0.0388379506767}, "silence_rate_60dB": {"dmean2": 0.0435888133943, "median": 0, "min": 0, "dvar2": 0.0460517220199, "dvar": 0.0213142447174, "dmean": 0.0217904485762, "max": 1, "var": 0.0647014677525, "mean": 0.0695352181792}, "erbbands_kurtosis": {"dmean2": 2.31429934502, "median": 0.204754441977, "min": -1.8267660141, "dvar2": 12.839050293, "dvar": 5.75314283371, "dmean": 1.51451957226, "max": 46.1464614868, "var": 21.875667572, "mean": 1.86293566227}, "erbbands": {"dmean2": [0.00881876330823, 0.380752056837, 5.13472557068, 14.1687574387, 15.9168872833, 28.9136428833, 11.3906736374, 12.7801389694, 15.0333957672, 16.104970932, 8.69843864441, 10.6001882553, 8.94308948517, 7.34481859207, 12.4711637497, 11.9670171738, 9.51198673248, 8.8801574707, 7.89904260635, 6.39610910416, 6.9048871994, 7.0223698616, 9.76710033417, 9.72920608521, 14.8780488968, 10.1803913116, 4.38389348984, 2.67438983917, 2.07769799232, 3.95864462852, 5.22478628159, 1.3414555788, 0.775227069855, 0.200110003352, 0.0483259446919, 0.0276582427323, 0.0161460712552, 0.00134768872522, 4.76087770949e-05, 1.7792755898e-05], "median": [0.0111750513315, 0.332609593868, 3.5584924221, 10.7679214478, 13.3788967133, 17.2012290955, 10.3305931091, 8.6803894043, 5.93999624252, 7.32642936707, 3.1565322876, 4.31480455399, 2.47589683533, 2.15398263931, 2.56333208084, 2.37887144089, 1.90494763851, 1.51408457756, 2.07749962807, 2.17389249802, 2.5864982605, 2.01025009155, 2.27903795242, 2.24428391457, 2.36813211441, 1.5139131546, 0.770451784134, 0.449316293001, 0.302976965904, 0.291407883167, 0.262521386147, 0.115280479193, 0.0506690107286, 0.0203660875559, 0.0044618002139, 0.000949767534621, 0.00018292288587, 1.75634704647e-05, 1.86937068065e-05, 3.424998431e-05], "min": [8.50615309775e-22, 8.8775430564e-21, 1.70238002902e-20, 3.74902325857e-20, 4.79471849333e-20, 1.31552788368e-19, 1.55761301744e-19, 1.12034065947e-19, 5.51283825018e-19, 2.06921298182e-18, 3.08130382325e-18, 7.37847639638e-19, 2.24126820359e-18, 1.61495051501e-18, 1.48084344461e-18, 2.83650799277e-18, 5.84855984154e-18, 4.54981721025e-18, 6.96767399896e-18, 5.53454471022e-18, 4.02186504839e-18, 6.9036266449e-18, 9.88906416426e-18, 9.37504089673e-18, 1.46242471731e-17, 1.29446420501e-17, 1.82178340827e-17, 1.17652363522e-17, 1.74333376441e-17, 1.54393741098e-17, 1.42029624328e-17, 2.29718776367e-17, 1.50902741128e-17, 1.3909233906e-17, 1.27488426088e-17, 7.0167804032e-18, 4.02602783482e-18, 1.24886043503e-18, 3.84466672776e-19, 3.98278062227e-20], "dvar2": [0.000144790115883, 0.339370936155, 72.9223709106, 496.394470215, 527.38861084, 3174.09155273, 318.05657959, 563.16003418, 1131.15563965, 1503.96899414, 515.821105957, 602.448791504, 772.284484863, 248.629928589, 1224.52819824, 3698.95898438, 1084.52526855, 793.653015137, 502.77645874, 203.546157837, 226.780715942, 368.354400635, 481.994903564, 672.390136719, 2105.59985352, 814.562194824, 188.200073242, 63.7024726868, 54.4807014465, 215.320236206, 318.371154785, 29.786113739, 10.7513952255, 0.671453118324, 0.0338119901717, 0.0131366150454, 0.0039759138599, 3.62912287528e-05, 2.55591974252e-08, 4.86816587042e-10], "dvar": [6.00284038228e-05, 0.123955532908, 27.5051517487, 175.862930298, 197.930633545, 1213.75317383, 138.769348145, 236.896362305, 597.467834473, 706.227294922, 239.577941895, 284.771484375, 329.345855713, 129.027023315, 511.734161377, 1209.46716309, 442.114685059, 343.779083252, 229.264465332, 93.3016891479, 102.370277405, 144.479217529, 195.457717896, 279.610412598, 837.231323242, 377.87689209, 88.566078186, 33.4764556885, 29.0785369873, 112.104705811, 172.673202515, 18.3888397217, 5.6696472168, 0.346144616604, 0.0196371804923, 0.00745564745739, 0.00203002733178, 2.12865870708e-05, 1.66157736459e-08, 2.02168018437e-10], "dmean": [0.00563167594373, 0.235666587949, 3.22649097443, 8.58248901367, 9.6362657547, 17.9570960999, 7.45584583282, 8.3521900177, 10.3011798859, 10.9375915527, 5.73086690903, 7.22626876831, 5.85554838181, 4.80858469009, 8.06230735779, 7.4649605751, 6.01537036896, 5.68193674088, 5.20505285263, 4.24006891251, 4.59450435638, 4.57224035263, 6.40081739426, 6.45148134232, 9.41573524475, 6.70933151245, 3.01025652885, 1.92565333843, 1.5120023489, 2.90256667137, 3.92599749565, 1.05004477501, 0.609110355377, 0.156359270215, 0.0392860099673, 0.0226851031184, 0.0119613483548, 0.0011237206636, 3.81782920158e-05, 1.17354393296e-05], "max": [0.109445795417, 4.01183891296, 65.3401794434, 133.252456665, 190.165847778, 639.974975586, 252.669540405, 255.221588135, 658.683959961, 984.629211426, 463.002105713, 409.02456665, 529.559814453, 586.608886719, 667.839294434, 1714.01245117, 815.06652832, 615.224243164, 589.146484375, 203.700973511, 258.209716797, 391.009490967, 268.761871338, 332.249908447, 629.693908691, 529.631286621, 260.572967529, 149.937332153, 191.363327026, 280.122558594, 268.581298828, 217.999832153, 73.2652130127, 17.1911640167, 5.14219379425, 2.91455221176, 1.14184129238, 0.26687836647, 0.00590302748606, 0.000218874338316], "var": [0.000401297089411, 0.478092730045, 49.8021240234, 297.803436279, 483.173736572, 2874.20410156, 545.693481445, 568.251831055, 2119.734375, 1771.65771484, 945.76953125, 921.005432129, 1090.24279785, 667.206359863, 1505.34899902, 1425.10449219, 871.635192871, 653.310241699, 421.378326416, 214.930892944, 249.676681519, 228.639907837, 459.759613037, 453.415802002, 1049.89282227, 657.256652832, 148.620895386, 64.8907852173, 58.0081138611, 206.438934326, 396.0909729, 47.2414283752, 14.6128177643, 0.795680999756, 0.0436666086316, 0.0132466843352, 0.00348908640444, 4.55617519037e-05, 3.9198258861e-08, 6.48951170579e-10], "mean": [0.0178931094706, 0.619875192642, 5.92036628723, 16.2914829254, 20.7207527161, 35.1774787903, 18.0110206604, 17.4771747589, 23.112077713, 21.753074646, 12.9461889267, 14.3479261398, 10.6499233246, 9.07950401306, 12.9935913086, 10.8258399963, 9.34928417206, 8.84977245331, 8.12222385406, 7.14143896103, 8.07185745239, 7.8150305748, 11.9290876389, 10.8410921097, 13.8905572891, 10.5671129227, 4.45404672623, 2.9996573925, 2.29608368874, 4.43464756012, 6.31405115128, 1.83977234364, 1.05704402924, 0.271176069975, 0.0643732473254, 0.0331063605845, 0.0164286009967, 0.00166213454213, 6.59178913338e-05, 3.72369067918e-05]}, "spectral_strongpeak": {"dmean2": 0.502715229988, "median": 0.585435330868, "min": 0, "dvar2": 0.605759620667, "dvar": 0.226384729147, "dmean": 0.303496092558, "max": 8.22842884064, "var": 0.457010030746, "mean": 0.762840807438}, "spectral_energy": {"dmean2": 0.0153731899336, "median": 0.0282813813537, "min": 1.1050290455e-20, "dvar2": 0.000370466790628, "dvar": 0.000141714379424, "dmean": 0.00976112671196, "max": 0.139138787985, "var": 0.000453162181657, "mean": 0.0308391600847}, "average_loudness": 0.946293711662, "spectral_rolloff": {"dmean2": 495.817474365, "median": 344.53125, "min": 86.1328125, "dvar2": 1287562.125, "dvar": 686411.3125, "dmean": 331.334991455, "max": 19896.6796875, "var": 2002490.375, "mean": 849.799865723}, "spectral_centroid": {"dmean2": 283.127960205, "median": 549.167480469, "min": 121.426223755, "dvar2": 161405.578125, "dvar": 94269.9921875, "dmean": 193.040908813, "max": 11183.3457031, "var": 417740.03125, "mean": 784.690734863}, "pitch_salience": {"dmean2": 0.110357694328, "median": 0.570365667343, "min": 0.154982015491, "dvar2": 0.0115472199395, "dvar": 0.0043497341685, "dmean": 0.0677389502525, "max": 0.977517485619, "var": 0.0136544248089, "mean": 0.564025342464}, "spectral_energyband_middle_high": {"dmean2": 0.00144771288615, "median": 0.000750963401515, "min": 1.25006377602e-21, "dvar2": 1.29130849018e-05, "dvar": 5.2634959502e-06, "dmean": 0.00100809161086, "max": 0.0543386638165, "var": 1.27286448333e-05, "mean": 0.00220196461305}, "spectral_contrast_coeffs": {"dmean2": [0.0786091983318, 0.0703506022692, 0.0572857558727, 0.0452188178897, 0.0336949713528, 0.0249016620219], "median": [-0.53622931242, -0.718171715736, -0.802118897438, -0.80419754982, -0.79959654808, -0.765450954437], "min": [-0.992163717747, -0.990199804306, -0.995068192482, -0.982502520084, -0.968207240105, -0.961648285389], "dvar2": [0.0043905293569, 0.0031753918156, 0.00199545663781, 0.00124971929472, 0.000782312767114, 0.00045698726899], "dvar": [0.00158136652317, 0.00121214427054, 0.000749432248995, 0.000500477617607, 0.000360889098374, 0.000208768818993], "dmean": [0.047010242939, 0.0430330149829, 0.0345469899476, 0.0276746414602, 0.0216061994433, 0.0159303545952], "max": [-0.292272210121, -0.460278749466, -0.576272428036, -0.611357927322, -0.619156956673, -0.620877981186], "var": [0.00575685035437, 0.00479265162721, 0.00324534787796, 0.00223745079711, 0.00280263298191, 0.00133497465868], "mean": [-0.538495838642, -0.716933727264, -0.796368837357, -0.800354242325, -0.791799008846, -0.764334857464]}, "melbands_skewness": {"dmean2": 1.26109111309, "median": 4.00270557404, "min": -1.18391466141, "dvar2": 1.59594881535, "dvar": 0.676335155964, "dmean": 0.819563627243, "max": 18.6577186584, "var": 3.04805898666, "mean": 4.15643882751}, "spectral_spread": {"dmean2": 553284.5, "median": 3328975.5, "min": 948399.4375, "dvar2": 1053046145020.0, "dvar": 465345413120, "dmean": 406751, "max": 41386532, "var": 2626234875900.0, "mean": 3795320}, "dissonance": {"dmean2": 0.0287941768765, "median": 0.459266722202, "min": 0.308544307947, "dvar2": 0.00061455112882, "dvar": 0.000238293461734, "dmean": 0.0174518879503, "max": 0.500000059605, "var": 0.000756954425015, "mean": 0.454507172108}, "spectral_skewness": {"dmean2": 0.534124195576, "median": 1.65830016136, "min": -0.0116480998695, "dvar2": 0.323694139719, "dvar": 0.138412177563, "dmean": 0.331148952246, "max": 6.96001529694, "var": 0.741099476814, "mean": 1.83961379528}, "spectral_flux": {"dmean2": 0.0362745076418, "median": 0.0628168955445, "min": 1.05120363803e-10, "dvar2": 0.00164032087196, "dvar": 0.000711179454811, "dmean": 0.0230360962451, "max": 0.273242235184, "var": 0.0018138687592, "mean": 0.0699206218123}, "spectral_contrast_valleys": {"dmean2": [0.642215669155, 0.588473498821, 0.592490255833, 0.510557830334, 0.398727089167, 0.34348526597], "median": [-7.16253376007, -6.83727645874, -7.75717449188, -8.37442207336, -8.11296272278, -11.0896892548], "min": [-27.4467525482, -27.0227642059, -27.3461818695, -27.1721343994, -27.0667324066, -27.3084220886], "dvar2": [0.316454142332, 0.254345864058, 0.308774381876, 0.285313248634, 0.251833319664, 0.212478548288], "dvar": [0.14190864563, 0.122066900134, 0.169346019626, 0.162096053362, 0.163790717721, 0.163332238793], "dmean": [0.403010904789, 0.36441347003, 0.37652015686, 0.341985940933, 0.291813582182, 0.279829919338], "max": [-5.47779798508, -5.01098680496, -5.43190002441, -5.86347579956, -5.67052030563, -8.03669071198], "var": [1.52830064297, 1.70284152031, 1.75435566902, 1.60384392738, 1.81256186962, 2.10313606262], "mean": [-7.38089466095, -7.03810214996, -7.91986656189, -8.43219947815, -8.20700454712, -11.1833486557]}, "erbbands_flatness_db": {"dmean2": 0.0217155963182, "median": 0.196838185191, "min": 0.0215802472085, "dvar2": 0.000481962168124, "dvar": 0.000279217929346, "dmean": 0.0155696980655, "max": 0.346305042505, "var": 0.00257782870904, "mean": 0.190372213721}, "spectral_energyband_high": {"dmean2": 0.00033729680581, "median": 6.56688498566e-05, "min": 8.32486523818e-21, "dvar2": 1.06151469481e-06, "dvar": 7.23103141809e-07, "dmean": 0.000288057199214, "max": 0.0186765566468, "var": 2.10100415643e-06, "mean": 0.000538893975317}, "spectral_entropy": {"dmean2": 0.287710785866, "median": 6.94211292267, "min": 4.81088113785, "dvar2": 0.0959629490972, "dvar": 0.0571081489325, "dmean": 0.203533813357, "max": 9.80018615723, "var": 0.525831818581, "mean": 6.93914794922}, "silence_rate_20dB": {"dmean2": 0, "median": 1, "min": 1, "dvar2": 0, "dvar": 0, "dmean": 0, "max": 1, "var": 0, "mean": 1}, "melbands_flatness_db": {"dmean2": 0.0423771105707, "median": 0.289980113506, "min": 0.00627405010164, "dvar2": 0.00201841047965, "dvar": 0.00116804265417, "dmean": 0.0295781325549, "max": 0.613932907581, "var": 0.0109371012077, "mean": 0.293852359056}, "barkbands": {"dmean2": [2.45905266638e-06, 0.00108989200089, 0.00634182663634, 0.00563844386488, 0.00607950566337, 0.00143887614831, 0.00109105603769, 0.000497448490933, 0.000478614936583, 0.000267240044195, 0.000254213402513, 0.00034954721923, 0.000214295621845, 0.000173990803887, 0.00015105510829, 0.000128765779664, 0.000123127028928, 0.000194596883375, 0.000255826715147, 0.00021401635604, 8.11894278741e-05, 5.71452765143e-05, 0.00017841810768, 4.46494195785e-05, 1.0501147699e-05, 6.83653752276e-06, 3.03053212747e-07], "median": [5.90962599745e-07, 0.000684863538481, 0.00340016232803, 0.00317568122409, 0.00466085365042, 0.000893262564205, 0.000422397715738, 0.000160925090313, 0.000181059498573, 7.20529642422e-05, 4.54877736047e-05, 5.97191210545e-05, 3.57395547326e-05, 3.17655067192e-05, 3.40642982337e-05, 5.30789839104e-05, 2.79526720988e-05, 4.52409440186e-05, 4.62606112706e-05, 3.02447660943e-05, 1.35545560624e-05, 8.11870995676e-06, 9.45241936279e-06, 3.83939277526e-06, 1.1514457583e-06, 1.24150744796e-07, 3.12769987687e-09], "min": [2.95526038431e-23, 3.70380891955e-23, 1.42894011936e-23, 1.06354093136e-23, 3.79592389191e-23, 9.4116249366e-24, 6.4213782556e-23, 1.58419387774e-22, 3.19211492447e-23, 7.30605420637e-23, 2.84425471763e-23, 6.54726089232e-23, 1.17494634541e-22, 9.22492049299e-23, 1.19966571209e-22, 9.33854423125e-23, 1.08952987499e-22, 1.94091816748e-22, 2.24849465577e-22, 2.91678050666e-22, 3.88416858645e-22, 4.61751160686e-22, 5.05025116451e-22, 1.01148780253e-21, 1.55314489312e-21, 1.96458202564e-21, 2.48731210906e-21], "dvar2": [3.04597735923e-10, 2.95792074212e-06, 0.000117336487165, 7.26506696083e-05, 0.000108635074866, 6.70011377224e-06, 5.48459638594e-06, 