{"tonal": {"thpcp": [1, 0.706477999687, 0.454557418823, 0.602248370647, 0.622214019299, 0.461801290512, 0.373895347118, 0.349665880203, 0.330330550671, 0.347675532103, 0.35512933135, 0.333607792854, 0.301065087318, 0.2781932652, 0.271783441305, 0.300762474537, 0.297706067562, 0.250654101372, 0.256499141455, 0.259192228317, 0.236896455288, 0.264700591564, 0.393033444881, 0.531872570515, 0.598375439644, 0.524718523026, 0.345715850592, 0.242511257529, 0.211109355092, 0.210261195898, 0.243729323149, 0.262745469809, 0.263468295336, 0.302349746227, 0.33229508996, 0.658364355564], "hpcp": {"dmean2": [0.244686424732, 0.228097140789, 0.208120718598, 0.199154704809, 0.19235445559, 0.180334851146, 0.189682736993, 0.19868324697, 0.195208057761, 0.224836006761, 0.305249094963, 0.341144353151, 0.348284095526, 0.350238054991, 0.264848828316, 0.18035851419, 0.158126741648, 0.163496732712, 0.178810060024, 0.189444199204, 0.190722391009, 0.205264791846, 0.22534224391, 0.359353929758, 0.537367463112, 0.386192172766, 0.290890514851, 0.318731665611, 0.303180903196, 0.251027107239, 0.240889430046, 0.263857871294, 0.266477227211, 0.266068577766, 0.262474030256, 0.25905251503], "median": [0.00818433612585, 0.00854882784188, 0.0106924623251, 0.0161038767546, 0.0160529911518, 0.013594539836, 0.0101858638227, 0.00884663313627, 0.00756446784362, 0.00932911969721, 0.0128860287368, 0.0244923047721, 0.0432847850025, 0.0365433506668, 0.020103270188, 0.0103089027107, 0.00814580917358, 0.00831002742052, 0.0116551239043, 0.0131935263053, 0.0122358258814, 0.010339429602, 0.00974291935563, 0.0560956895351, 0.0781824439764, 0.0764037594199, 0.02302204445, 0.0384655483067, 0.0375400707126, 0.0247655510902, 0.0132545027882, 0.0102121680975, 0.0103354640305, 0.0140291769058, 0.0152781205252, 0.0108357220888], "min": [3.31144451593e-06, 2.20864126277e-06, 1.50003893395e-06, 1.72509749063e-06, 2.15609793486e-06, 3.28902342517e-06, 3.48748994838e-06, 1.69878978795e-06, 1.31460899411e-06, 1.21802725062e-06, 1.53421615323e-06, 1.8552855181e-06, 4.60387855128e-06, 4.44677607447e-06, 3.56509622179e-06, 2.54781548392e-06, 2.90159914584e-06, 2.0514771677e-06, 1.41277405419e-06, 9.35920866141e-07, 4.99614941418e-07, 2.75938475625e-07, 3.4442379615e-07, 1.23751010506e-06, 1.72072157056e-06, 2.97700785268e-06, 8.60690420268e-07, 4.96724169352e-07, 5.36924176231e-07, 8.78219736933e-07, 7.99331132839e-07, 4.98163728935e-07, 3.39207122124e-06, 1.05092258309e-05, 7.11750135451e-06, 5.27684460394e-06], "dvar2": [0.162466108799, 0.147736847401, 0.12990693748, 0.110601074994, 0.105695977807, 0.104750819504, 0.121833376586, 0.132454246283, 0.136396795511, 0.142518758774, 0.199162483215, 0.217103600502, 0.190488234162, 0.209455147386, 0.15072247386, 0.098921880126, 0.0974378958344, 0.0976009890437, 0.0954336449504, 0.110008373857, 0.110338486731, 0.111690558493, 0.126687377691, 0.136254072189, 0.277849286795, 0.161311164498, 0.148752480745, 0.167670235038, 0.155592128634, 0.124857753515, 0.144664615393, 0.181962147355, 0.180256545544, 0.17624849081, 0.163079112768, 0.173175662756], "dvar": [0.0577540881932, 0.0526815392077, 0.0467715151608, 0.0402452722192, 0.0385900214314, 0.0377127751708, 0.0443414151669, 0.0475222617388, 0.0477351993322, 0.0503554195166, 0.0754287838936, 0.0819504484534, 0.0733110904694, 0.0803341642022, 0.054400794208, 0.0345539115369, 0.0337896905839, 0.0344631187618, 0.03484294191, 0.0401328615844, 0.0399448871613, 0.0424710400403, 0.049846328795, 0.0564996600151, 0.120081692934, 0.0613428242505, 0.0565230287611, 0.0639825537801, 0.0612310916185, 0.0470823198557, 0.0539735145867, 0.0657844170928, 0.0642499253154, 0.0633902177215, 0.058743994683, 0.061987247318], "dmean": [0.132391139865, 0.123350590467, 0.113873615861, 0.110930256546, 0.107141248882, 0.0989639684558, 0.103853702545, 0.107690572739, 0.104132317007, 0.120166815817, 0.166471675038, 0.189570829272, 0.199236512184, 0.197182551026, 0.143740266562, 0.0974471047521, 0.0851230919361, 0.0883481353521, 0.0982694774866, 0.105072721839, 0.105412743986, 0.11510707438, 0.125786244869, 0.202922075987, 0.295387983322, 0.220711812377, 0.16454577446, 0.18154270947, 0.173308178782, 0.142350047827, 0.132678151131, 0.143469497561, 0.14426933229, 0.144113600254, 0.143218740821, 0.140213266015], "max": [1, 1, 1, 1, 1, 1, 1, 1, 1, 1, 1, 1, 1, 1, 1, 1, 1, 1, 1, 1, 1, 1, 1, 1, 1, 1, 1, 1, 1, 1, 1, 1, 1, 1, 1, 1], "var": [0.0413041673601, 0.0367279052734, 0.0333136357367, 0.0337694324553, 0.0343967378139, 0.0282717607915, 0.033247616142, 0.0351188629866, 0.031964648515, 0.0338996760547, 0.0595860108733, 0.081538759172, 0.0791079178452, 0.0699680224061, 0.0393414571881, 0.0276433881372, 0.0260066855699, 0.0237453449517, 0.0258772019297, 0.0302339568734, 0.0298599712551, 0.0363717265427, 0.0454114377499, 0.0654985010624, 0.145059198141, 0.0695907995105, 0.0548863112926, 0.078252799809, 0.0851021781564, 0.0555901005864, 0.0545904524624, 0.0515120327473, 0.0476154796779, 0.0491588115692, 0.0489512272179, 0.04749924317], "mean": [0.090673469007, 0.0837850347161, 0.08185454458, 0.0905823260546, 0.0896618068218, 0.0754909068346, 0.0772512853146, 0.0780623778701, 0.071347437799, 0.0797213688493, 0.118372090161, 0.1601870507, 0.180216103792, 0.158032432199, 0.104121185839, 0.0730384811759, 0.0635809898376, 0.0633255466819, 0.0734053328633, 0.0791325345635, 0.0793502256274, 0.0910603702068, 0.10007917881, 0.198283299804, 0.301175624132, 0.212773948908, 0.13690161705, 0.181382521987, 0.187395691872, 0.139083296061, 0.112608164549, 0.105310842395, 0.0994875058532, 0.104711391032, 0.106956295669, 0.100474536419]}, "tuning_equal_tempered_deviation": 0.16711948812, "chords_changes_rate": 0.0832226648927, "key_key": "F#", "tuning_diatonic_strength": 0.600565433502, "key_scale": "major", "chords_number_rate": 0.00221336865798, "tuning_frequency": 434.193115234, "tuning_nontempered_energy_ratio": 0.851741969585, "chords_histogram": [17.9504203796, 12.4169988632, 47.4324913025, 4.67020797729, 0.531208515167, 0, 0.597609579563, 0.243470564485, 1.12881803513, 1.17308545113, 1.12881803513, 0.0664010643959, 0, 0.0664010643959, 0.486941128969, 0.464807450771, 0.0221336875111, 6.66224002838, 0.486941128969, 0.796812772751, 0, 1.12881803513, 0.110668435693, 2.43470573425], "key_strength": 0.56393301487, "chords_key": "C#", "chords_strength": {"dmean2": 0.0185080301017, "median": 0.525994062424, "min": 0.191596701741, "dvar2": 0.000238363150856, "dvar": 0.000137998737046, "dmean": 0.0145244281739, "max": 0.792398989201, "var": 0.0102303083986, "mean": 0.516564369202}, "chords_scale": "major", "hpcp_entropy": {"dmean2": 1.35918140411, "median": 2.34604477882, "min": 0.0465457327664, "dvar2": 1.14867925644, "dvar": 0.440584361553, "dmean": 0.820116519928, "max": 4.69130373001, "var": 0.852280020714, "mean": 2.41489911079}}, "metadata": {"audio_properties": {"equal_loudness": 0, "codec": "mp3", "downmix": "mix", "sample_rate": 44100, "analysis_sample_rate": 44100, "bit_rate": 160000, "md5_encoded": "686ae5725525e5a32a999398c27e7869", "length": 209.763259888, "replay_gain": -4.0845489502, "lossless": false}, "version": {"essentia_build_sha": "70f2e5ece6736b2c40cc944ad0e695b16b925413", "essentia": "2.1-beta2", "extractor": "music 1.0", "essentia_git_sha": "v2.1_beta2"}, "tags": {"title": ["Canon es canon"], "barcode": ["3383005628125"], "media": ["CD"], "albumartist": ["Massilia Sound System"], "length": ["209000"], "musicbrainz_recordingid": ["01b52deb-8c23-45c8-ae3e-7e34f860fd1d"], "musicbrainz_albumartistid": ["4aa1d914-1a37-4076-8311-50484464da71"], "discnumber": ["1/1"], "album": ["Parla patois"], "catalognumber": ["RP-06"], "musicbrainz album release country": ["FR"], "musicbrainz album type": ["album"], "musicbrainz album status": ["official"], "file_name": "04 - canon es canon.mp3", "originaldate": ["1992"], "date": ["1992"], "genre": ["Reggae"], "musicbrainz_releasegroupid": ["12b082e9-1713-3aa4-b9de-accdd9479c06"], "script": ["Latn"], "asin": ["B00004SZQV"], "musicbrainz_albumid": ["7cd30065-4486-4768-b73b-4df2c864b5a5"], "artist": ["Massilia Sound System"], "artistsort": ["Massilia Sound System"], "tracknumber": ["4/15"], "label": ["R\u00f2ker Promocion"], "albumartistsort": ["Massilia Sound System"], "musicbrainz_artistid": ["4aa1d914-1a37-4076-8311-50484464da71"]}}, "rhythm": {"bpm_histogram_first_peak_bpm": {"dmean2": 0, "median": 96, "min": 96, "dvar2": 0, "dvar": 0, "dmean": 0, "max": 96, "var": 0, "mean": 96}, "bpm": 94.864982605, "bpm_histogram_second_peak_spread": {"dmean2": 0, "median": 0.5, "min": 0.5, "dvar2": 0, "dvar": 0, "dmean": 0, "max": 0.5, "var": 0, "mean": 0.5}, "bpm_histogram_first_peak_weight": {"dmean2": 0, "median": 0.537993907928, "min": 0.537993907928, "dvar2": 0, "dvar": 0, "dmean": 0, "max": 0.537993907928, "var": 0, "mean": 0.537993907928}, "onset_rate": 5.10056495667, "beats_position": [0.626938760281, 1.25387752056, 1.88081634045, 2.50775504112, 3.15791368484, 3.80807256699, 4.46984100342, 5.13160991669, 5.79337835312, 6.48997735977, 7.17496585846, 7.84834432602, 8.52172279358, 9.17188167572, 9.82204055786, 10.47219944, 11.1455783844, 11.7957363129, 12.4342851639, 13.0728340149, 13.6997728348, 14.3267116547, 14.9652605057, 15.6038093567, 16.2307472229, 16.8576869965, 17.4846248627, 18.1347846985, 18.7617225647, 19.3886623383, 20.0156002045, 20.6541500092, 21.2926979065, 21.9196376801, 22.5465755463, 23.1735134125, 23.8120632172, 24.4390010834, 25.0775508881, 25.7160987854, 26.3546485901, 26.9815864563, 27.6085262299, 28.2354640961, 28.8740139008, 29.5125617981, 30.1394996643, 30.7664394379, 31.4049873352, 32.0435371399, 32.6704750061, 33.2974128723, 33.9243545532, 34.5629005432, 35.2014503479, 35.8283882141, 36.455329895, 37.0822677612, 37.7092056274, 38.3477554321, 38.9863014221, 39.613243103, 40.2401809692, 40.8787307739, 41.5172767639, 42.1442184448, 42.771156311, 43.4097061157, 44.0482521057, 44.6751937866, 45.3021316528, 45.9406776428, 46.5792274475, 47.2061653137, 47.8331069946, 48.4600448608, 49.0985946655, 49.7371406555, 50.3640823364, 50.9910202026, 51.6295700073, 52.2681159973, 52.8950538635, 53.5219955444, 54.1489334106, 54.7874832153, 55.4260292053, 56.0529708862, 56.6799087524, 57.3068466187, 57.9453964233, 58.583946228, 59.2108840942, 59.8378219604, 60.4647598267, 61.1033096313, 61.741859436, 62.3687973022, 62.9957351685, 63.6226730347, 64.2612228394, 64.899772644, 65.5267105103, 66.1536483765, 66.7921981812, 67.4307479858, 68.0576858521, 68.6846237183, 69.3231735229, 69.9617233276, 70.5886611938, 71.2155990601, 71.8425369263, 72.481086731, 73.1196365356, 73.7465744019, 74.3735122681, 75.0120620728, 75.6506118774, 76.2775497437, 76.9160995483, 77.554649353, 78.1815872192, 78.8085250854, 79.4470748901, 80.0856246948, 80.712562561, 81.3395004272, 81.9664382935, 82.5933761597, 83.2319259644, 83.870475769, 84.4974136353, 85.1243515015, 85.7512893677, 86.3898391724, 87.0283889771, 87.6553268433, 88.2822647095, 88.9092025757, 89.5593643188, 90.1863021851, 90.8132400513, 91.4401779175, 92.0903396606, 92.7172775269, 93.3442153931, 93.9711532593, 94.609703064, 95.2482528687, 95.8751907349, 96.5021286011, 97.1406784058, 97.7792282104, 98.4061660767, 99.0331039429, 99.6600418091, 100.298591614, 100.937141418, 101.564079285, 102.191017151, 102.817955017, 103.456504822, 104.095054626, 104.721992493, 105.360542297, 105.987480164, 106.626029968, 107.252967834, 107.879905701, 108.506843567, 109.145393372, 109.783943176, 110.410881042, 111.037818909, 111.676368713, 112.314918518, 112.941856384, 113.56879425, 114.195732117, 114.834281921, 115.472831726, 116.099769592, 116.738319397, 117.376869202, 118.003807068, 118.630744934, 119.2576828, 119.896232605, 120.53478241, 121.161720276, 121.788658142, 122.427207947, 123.065757751, 123.692695618, 124.319633484, 124.94657135, 125.585121155, 126.223670959, 126.850608826, 127.477546692, 128.116104126, 128.754638672, 129.381591797, 130.020126343, 130.658676147, 131.285614014, 131.912567139, 132.539505005, 133.166442871, 133.804992676, 134.44354248, 135.070480347, 135.697418213, 136.324356079, 136.962905884, 137.601455688, 138.228393555, 138.855331421, 139.482269287, 140.13243103, 140.759368896, 141.386306763, 142.013244629, 142.663391113, 143.290344238, 143.917282104, 144.544219971, 145.171157837, 145.809707642, 146.448257446, 147.075195312, 147.713745117, 148.352294922, 148.979232788, 149.606170654, 150.244720459, 150.883255005, 151.51020813, 152.137145996, 152.775695801, 153.414230347, 154.041183472, 154.668121338, 155.295059204, 155.92199707, 156.560546875, 157.19909668, 157.826034546, 158.452972412, 159.091522217, 159.730072021, 160.357009888, 160.995559692, 161.634094238, 162.261047363, 162.887985229, 163.514923096, 164.141860962, 164.768798828, 165.407348633, 166.034286499, 166.672836304, 167.311386108, 167.949935913, 168.576873779, 169.203811646, 169.830749512, 170.469299316, 171.096237183, 171.734786987, 172.361724854, 172.98866272, 173.627212524, 174.265762329, 174.892700195, 175.519638062, 176.158187866, 176.796737671, 177.423675537, 178.050613403, 178.689163208, 179.327713013, 179.954650879, 180.593200684, 181.231735229, 181.858688354, 182.485626221, 183.112564087, 183.751113892, 184.389663696, 185.016601562, 185.643539429, 186.270477295, 186.9090271, 187.547576904, 188.174514771, 188.801452637, 189.440002441, 190.078552246, 190.705490112, 191.332427979, 191.970977783, 192.609527588, 193.236465454, 193.875015259, 194.501953125, 195.140487671, 195.767440796, 196.394378662, 197.021316528, 197.659866333, 198.298416138, 198.925354004, 199.55229187, 200.190841675, 200.829391479, 201.456329346, 202.083267212, 202.721817017, 203.360351562, 203.987304688, 204.614242554, 205.252792358, 205.891326904, 206.518280029, 207.145217896, 207.7837677, 208.422302246, 209.060852051], "beats_loudness": {"dmean2": 0.0812686383724, "median": 0.0466107390821, "min": 3.25489804709e-06, "dvar2": 0.00629990408197, "dvar": 0.00216292473488, "dmean": 0.0458482578397, "max": 0.274260997772, "var": 0.00213665468618, "mean": 0.0576148480177}, "danceability": 1.40482580662, "bpm_histogram_second_peak_weight": {"dmean2": 0, "median": 0.0121580548584, "min": 0.0121580548584, "dvar2": 0, "dvar": 0, "dmean": 0, "max": 0.0121580548584, "var": 0, "mean": 0.0121580548584}, "beats_count": 330, "bpm_histogram_second_peak_bpm": {"dmean2": 0, "median": 89, "min": 89, "dvar2": 0, "dvar": 0, "dmean": 0, "max": 89, "var": 0, "mean": 89}, "bpm_histogram_first_peak_spread": {"dmean2": 0, "median": 0.448598146439, "min": 0.448598146439, "dvar2": 0, "dvar": 0, "dmean": 0, "max": 0.448598146439, "var": 0, "mean": 0.448598146439}, "beats_loudness_band_ratio": {"dmean2": [0.483583211899, 0.11924175173, 0.193767398596, 0.227857351303, 0.0826580375433, 0.170170009136], "median": [0.645575523376, 0.046574935317, 0.0548717975616, 0.0316764190793, 0.0353703051805, 0.0957226902246], "min": [0.00235045840964, 0.0011075346265, 0.000109504326247, 0.000344496307662, 0.000478031957755, 0.00203439220786], "dvar2": [0.145924642682, 0.0140991918743, 0.0518276467919, 0.0624723248184, 0.0109383892268, 0.0250718742609], "dvar": [0.0474542118609, 0.00493856100366, 0.0172289926559, 0.0227560214698, 0.0037942037452, 0.0091847050935], "dmean": [0.268438249826, 0.0666118934751, 0.105442762375, 0.12465326488, 0.0469849072397, 0.101395592093], "max": [0.991572260857, 0.497805714607, 0.681102216244, 0.84715282917, 0.549490213394, 0.736180901527], "var": [0.0679136663675, 0.00485911034048, 0.0141657162458, 0.0278019532561, 0.00351554225199, 0.00988707412034], "mean": [0.591447651386, 0.0673365592957, 0.0989918783307, 0.11176802963, 0.0505531206727, 0.108220808208]}}, "lowlevel": {"barkbands_spread": {"dmean2": 23.0396270752, "median": 23.8380203247, "min": 0.0691956952214, "dvar2": 596.890380859, "dvar": 263.2237854, "dmean": 14.9105596542, "max": 111.946296692, "var": 561.238769531, "mean": 29.4136486053}, "melbands_spread": {"dmean2": 29.6041278839, "median": 17.888507843, "min": 0.0895433351398, "dvar2": 1664.20703125, "dvar": 756.834411621, "dmean": 19.03058815, "max": 282.301239014, "var": 1316.96826172, "mean": 30.2059211731}, "hfc": {"dmean2": 42.567325592, "median": 19.4910907745, "min": 0.000261989567662, "dvar2": 4513.79003906, "dvar": 1660.70715332, "dmean": 26.7004947662, "max": 343.252807617, "var": 1934.3572998, "mean": 35.8259544373}, "barkbands_kurtosis": {"dmean2": 62.3386001587, "median": 2.97185945511, "min": -1.90809738636, "dvar2": 35887.515625, "dvar": 19143.5605469, "dmean": 42.4450874329, "max": 3525.35302734, "var": 32261.9863281, "mean": 48.3025512695}, "gfcc": {"mean": [-7.08359956741, 47.0480422974, -91.0734176636, 48.869392395, -53.8179626465, 36.4540367126, -34.7188835144, 24.3137378693, -15.9819040298, 12.1801404953, -11.5982780457, 3.30460858345, -9.19542217255], "icov": [[0.00013374631817, -2.53575799434e-05, 3.24623542838e-05, -1.93457217392e-05, 5.25308314536e-05, -0.000111189830932, 2.21424106712e-05, -5.59148211323e-05, 8.05063609732e-05, -0.00012158035679, 0.000387114967452, -0.000248163414653, 0.000270436197752], [-2.53575799434e-05, 0.00118557724636, -0.000135855327244, 0.000538818421774, -0.000292938406346, 0.000227498065215, -0.000190489532542, 2.50973300808e-07, -0.00077604589751, 0.00142683205195, -0.00145494309254, 0.00102505320683, -0.00109420868102], [3.24623542838e-05, -0.000135855327244, 0.00168435019441, -0.00121609622147, -9.89789987216e-05, -2.71911194432e-05, -8.91727031558e-05, -0.0013825239148, 0.000141949363751, 0.000113423317089, 0.000400810386054, -0.000761630595662, 0.000420014577685], [-1.93457217392e-05, 0.000538818421774, -0.00121609622147, 0.00290394295007, -0.0013791564852, 0.000265309674433, 0.00062999437796, 0.000420298485551, -2.3764989237e-05, -0.000243042421062, -0.00113970634993, 0.00124511541799, -0.00131194421556], [5.25308314536e-05, -0.000292938406346, -9.89789987216e-05, -0.0013791564852, 0.004369023256, -0.00157223443966, -0.00071903312346, 0.00126301893033, -0.00103274255525, -0.00114002102055, 0.000252386002103, 0.00087149644969, -0.000722505443264], [-0.000111189830932, 0.000227498065215, -2.71911194432e-05, 0.000265309674433, -0.00157223443966, 0.0062876525335, -0.00362043408677, -7.34363638912e-05, -0.000138573697768, -0.000155660047312, -0.000227268130402, 0.000238835636992, 0.00080743979197], [2.21424106712e-05, -0.000190489532542, -8.91727031558e-05, 0.00062999437796, -0.00071903312346, -0.00362043408677, 0.0079344548285, -0.00475267367437, 0.00154410803225, 0.0021921095904, -0.00476171309128, 0.00223704637028, -0.000100211887911], [-5.59148211323e-05, 2.50973300808e-07, -0.0013825239148, 0.000420298485551, 0.00126301893033, -7.34363638912e-05, -0.00475267367437, 0.0115167982876, -0.00498120905831, -0.00160134676844, 0.00504554621875, -0.00601558294147, 0.00296592898667], [8.05063609732e-05, -0.00077604589751, 0.000141949363751, -2.3764989237e-05, -0.00103274255525, -0.000138573697768, 0.00154410803225, -0.00498120905831, 0.00943044852465, -0.00359775754623, -0.00187666062266, 0.00446721864864, -0.00574053963646], [-0.00012158035679, 0.00142683205195, 0.000113423317089, -0.000243042421062, -0.00114002102055, -0.000155660047312, 0.0021921095904, -0.00160134676844, -0.00359775754623, 0.0131963696331, -0.00511753279716, 0.00148582307156, 0.00318104214966], [0.000387114967452, -0.00145494309254, 0.000400810386054, -0.00113970634993, 0.000252386002103, -0.000227268130402, -0.00476171309128, 0.00504554621875, -0.00187666062266, -0.00511753279716, 0.0167008619756, -0.00657646125183, 0.000287390837912], [-0.000248163414653, 0.00102505320683, -0.000761630595662, 0.00124511541799, 0.00087149644969, 0.000238835636992, 0.00223704637028, -0.00601558294147, 0.00446721864864, 0.00148582307156, -0.00657646125183, 0.0199054181576, -0.00925221852958], [0.000270436197752, -0.00109420868102, 0.000420014577685, -0.00131194421556, -0.000722505443264, 0.00080743979197, -0.000100211887911, 0.00296592898667, -0.00574053963646, 0.00318104214966, 0.000287390837912, -0.00925221852958, 0.021818196401]], "cov": [[9896.59277344, -891.690368652, -294.888397217, -509.054473877, -589.716308594, -19.6915664673, -186.507492065, 137.566665649, -454.147064209, -60.2112426758, -445.14831543, 101.929794312, -292.300476074], [-891.690368652, 1642.45129395, 8.03965091705, -126.183753967, 214.321304321, 127.828567505, 261.925079346, 43.2426528931, 258.431884766, -90.1807556152, 202.116653442, -29.9418525696, 149.156555176], [-294.888397217, 8.03965091705, 1206.22668457, 578.329956055, 276.908111572, 141.499786377, 161.696350098, 222.902648926, 149.928024292, 69.2612762451, 44.796295166, 32.3251800537, 32.4548034668], [-509.054473877, -126.183753967, 578.329956055, 859.2421875, 374.135009766, 55.0234298706, -5.73586797714, 3.13768100739, 139.221252441, 111.249458313, 72.0844650269, -37.5747566223, 53.9421958923], [-589.716308594, 214.321304321, 276.908111572, 374.135009766, 543.981872559, 198.055679321, 155.224716187, 23.9139785767, 182.405715942, 86.8059234619, 107.525871277, -54.2688102722, 54.2774848938], [-19.6915664673, 127.828567505, 141.499786377, 55.0234298706, 198.055679321, 367.552337646, 275.43081665, 108.371231079, 75.6958084106, 25.0767879486, 70.7725296021, -13.2792854309, -3.57433962822], [-186.507492065, 261.925079346, 161.696350098, -5.73586797714, 155.224716187, 275.43081665, 420.838195801, 167.152023315, 83.8023529053, -4.22273302078, 103.153930664, 3.61701011658, 8.98750972748], [137.566665649, 43.2426528931, 222.902648926, 3.13768100739, 23.9139785767, 108.371231079, 167.152023315, 244.617279053, 95.8591384888, 23.5010719299, 3.12713932991, 37.6192207336, -1.63609886169], [-454.147064209, 258.431884766, 149.928024292, 139.221252441, 182.405715942, 75.6958084106, 83.8023529053, 95.8591384888, 284.476104736, 77.6171112061, 77.1597976685, -24.3537425995, 66.8557815552], [-60.2112426758, -90.1807556152, 69.2612762451, 111.249458313, 86.8059234619, 25.0767879486, -4.22273302078, 23.5010719299, 77.6171112061, 135.539306641, 34.2160301208, -16.1032466888, -6.30680608749], [-445.14831543, 202.116653442, 44.796295166, 72.0844650269, 107.525871277, 70.7725296021, 103.153930664, 3.12713932991, 77.1597976685, 34.2160301208, 141.678466797, 9.44196987152, 37.5668945312], [101.929794312, -29.9418525696, 32.3251800537, -37.5747566223, -54.2688102722, -13.2792854309, 3.61701011658, 37.6192207336, -24.3537425995, -16.1032466888, 9.44196987152, 90.1445999146, 21.9928150177], [-292.300476074, 149.156555176, 32.4548034668, 53.9421958923, 54.2774848938, -3.57433962822, 8.98750972748, -1.63609886169, 66.8557815552, -6.30680608749, 37.5668945312, 21.9928150177, 89.0901412964]]}, "spectral_energyband_middle_low": {"dmean2": 0.00758927967399, "median": 0.00332391657867, "min": 1.24018612269e-07, "dvar2": 0.000233060884057, "dvar": 9.98964605969e-05, "dmean": 0.00497715268284, "max": 0.155753776431, "var": 0.000125983569887, "mean": 0.00704668276012}, "melbands_crest": {"dmean2": 7.88083457947, "median": 20.8286952972, "min": 2.6066801548, "dvar2": 50.5969238281, "dvar": 23.5283699036, "dmean": 5.10163211823, "max": 37.8606948853, "var": 61.1519851685, "mean": 19.9492416382}, "spectral_kurtosis": {"dmean2": 1.87032139301, "median": 1.43444013596, "min": -1.2168571949, "dvar2": 5.75102329254, "dvar": 2.34623122215, "dmean": 1.23028504848, "max": 19.1397247314, "var": 5.03537750244, "mean": 2.16727948189}, "spectral_rms": {"dmean2": 0.00257003330626, "median": 0.00588718149811, "min": 2.05563355848e-05, "dvar2": 6.13487964074e-06, "dvar": 3.18784600495e-06, "dmean": 0.00186842412222, "max": 0.0281800571829, "var": 1.88314825209e-05, "mean": 0.00646737916395}, "zerocrossingrate": {"dmean2": 0.0334441587329, "median": 0.06787109375, "min": 0.001953125, "dvar2": 0.00110221956857, "dvar": 0.000867192458827, "dmean": 0.0293840561062, "max": 0.396484375, "var": 0.00437075039372, "mean": 0.0825532525778}, "silence_rate_60dB": {"dmean2": 0.109708845615, "median": 0, "min": 0, "dvar2": 0.124679967761, "dvar": 0.0518948286772, "dmean": 0.0549036972225, "max": 1, "var": 0.0723996162415, "mean": 0.0785832852125}, "erbbands_kurtosis": {"dmean2": 3.14416432381, "median": -0.104129314423, "min": -1.96443641186, "dvar2": 37.0233726501, "dvar": 17.2459144592, "dmean": 2.04265570641, "max": 115.781173706, "var": 37.2518081665, "mean": 1.53425443172}, "erbbands": {"dmean2": [1.32938301563, 6.3397898674, 3.55714702606, 3.72887897491, 14.8884038925, 6.29301166534, 3.4080119133, 14.2526950836, 10.9849386215, 13.4578180313, 16.7551136017, 30.5858974457, 45.9351272583, 27.3114471436, 22.3740310669, 39.7997665405, 45.490322113, 30.2518119812, 19.5868263245, 25.3751392365, 18.2070541382, 19.3889064789, 20.3249664307, 26.7467327118, 26.5906581879, 24.6281318665, 27.147983551, 26.0482215881, 23.560131073, 18.1959476471, 16.7836074829, 17.4894218445, 16.1212348938, 11.3333463669, 6.80895662308, 2.53992509842, 0.860956728458, 0.108576625586, 0.00746542634442, 0.000272121425951], "median": [0.446579188108, 2.01430869102, 1.48495411873, 0.860650539398, 1.590082407, 0.838484883308, 0.57423555851, 2.53525900841, 3.1112101078, 3.42805862427, 3.25666451454, 3.00234913826, 2.84131097794, 2.64067530632, 2.39029288292, 3.09561300278, 4.4251832962, 5.07016801834, 4.81647539139, 5.69373512268, 6.14422893524, 7.93669557571, 6.17382669449, 4.06033086777, 4.69537973404, 3.70844340324, 3.62730503082, 3.63145756721, 3.80292439461, 3.48645114899, 3.77848505974, 3.44107413292, 3.05940556526, 1.68967700005, 0.765446960926, 0.266184687614, 0.0546177998185, 0.00326723302715, 0.000137141876621, 6.58057033434e-05], "min": [1.88915194599e-09, 1.25921735261e-08, 1.87217892744e-07, 3.05001344714e-06, 4.80912749481e-05, 2.14021019929e-05, 1.56530259119e-05, 1.52007050929e-05, 2.99299026665e-05, 4.92134458909e-05, 2.68207932095e-05, 4.38591159764e-05, 4.9572543503e-05, 3.22786290781e-05, 1.89894599316e-05, 2.14238025364e-05, 4.57052556158e-05, 4.67644422315e-05, 4.07516345149e-05, 6.09958769928e-05, 6.09684575466e-05, 0.000131399268867, 4.32173219451e-05, 2.63994643319e-05, 2.19976791414e-05, 2.27341388381e-05, 1.31859296744e-05, 1.78800091817e-05, 1.7709324311e-05, 2.01803577511e-05, 1.97914050659e-05, 1.6495692762e-05, 1.64414941537e-05, 9.62354624789e-06, 6.13731936028e-06, 2.98004010801e-06, 1.15692705549e-06, 3.46789931882e-07, 2.24234479873e-08, 3.36615735286e-09], "dvar2": [4.38895893097, 107.566589355, 28.5813140869, 117.213317871, 1765.91674805, 222.452331543, 64.1245040894, 946.555847168, 461.173126221, 805.203796387, 1860.92126465, 4409.1328125, 10191.6054688, 4414.41894531, 5441.14257812, 23573.640625, 16233.171875, 5984.51464844, 1559.64294434, 7063.16503906, 1119.99401855, 801.280395508, 1143.50476074, 2532.73486328, 2682.56787109, 2645.28857422, 2971.81665039, 2838.70263672, 1928.56921387, 935.680480957, 657.335327148, 821.294616699, 780.024230957, 415.435028076, 144.300720215, 18.1189098358, 3.39021849632, 0.0686153173447, 0.000662567908876, 1.45974377119e-06], "dvar": [2.22485852242, 79.5632705688, 16.722990036, 51.5334854126, 686.139099121, 84.0536804199, 24.0104904175, 382.444854736, 192.641799927, 334.290222168, 822.77923584, 2057.73876953, 4892.55078125, 2176.90673828, 2522.1328125, 9495.14257812, 7470.25390625, 2793.14794922, 679.873596191, 2664.39599609, 457.87387085, 337.760375977, 464.915039062, 998.910095215, 1036.98876953, 986.391601562, 1120.64038086, 1076.64880371, 760.246643066, 363.595214844, 257.979278564, 312.294708252, 284.400024414, 144.425964355, 49.6888504028, 6.36681127548, 1.12725436687, 0.0235397927463, 0.000229969897191, 5.50698132429e-07], "dmean": [0.895637691021, 5.15050888062, 2.64585924149, 2.43996667862, 8.85118293762, 3.69683504105, 2.00566506386, 8.74995994568, 6.90523672104, 8.32931613922, 10.6815919876, 20.6501235962, 29.9670200348, 18.7568531036, 15.5519962311, 27.0353069305, 31.2555408478, 19.9459781647, 12.3168554306, 15.6058073044, 11.5517215729, 12.3292341232, 12.5651044846, 16.4092655182, 16.2678489685, 14.7023706436, 16.22813797, 15.6291427612, 14.5520744324, 11.1651277542, 10.2844810486, 10.5846824646, 9.74515914917, 6.72854566574, 3.98721528053, 1.49184167385, 0.486177444458, 0.0597522482276, 0.00401319563389, 0.000155627043569], "max": [23.2305374146, 173.930831909, 67.052734375, 130.42489624, 405.826538086, 107.377326965, 62.6473083496, 407.348724365, 210.862411499, 419.522827148, 1508.4810791, 931.617797852, 1011.63861084, 1018.70593262, 1492.43591309, 3122.75805664, 1696.11828613, 1665.01928711, 723.910217285, 3298.86962891, 468.033660889, 240.855773926, 199.202194214, 307.534393311, 281.367614746, 337.271057129, 285.673370361, 281.993896484, 317.862640381, 172.375732422, 150.98664856, 204.212142944, 192.576980591, 128.875778198, 87.5812225342, 27.7193470001, 11.2798614502, 3.17520880699, 0.168701738119, 0.040291685611], "var": [5.77969646454, 396.858886719, 70.5538635254, 54.9374427795, 548.819519043, 67.7239151001, 23.1813583374, 646.000854492, 290.255493164, 499.392242432, 1122.77819824, 3898.49707031, 8810.29589844, 4274.17919922, 3861.51953125, 10984.1337891, 11152.6494141, 8588.63378906, 943.001647949, 2509.99536133, 785.82824707, 547.814147949, 522.310119629, 890.055480957, 932.33026123, 840.867248535, 965.276489258, 950.241394043, 787.522277832, 441.973449707, 314.736663818, 356.274536133, 289.736022949, 129.427566528, 41.9429664612, 5.95000600815, 0.828880429268, 0.0154025629163, 0.000132109256811, 3.01020207871e-07], "mean": [1.35218036175, 9.35064601898, 4.92967224121, 2.71345663071, 7.94275379181, 3.43541908264, 2.16250658035, 11.4192342758, 8.98936367035, 10.0595932007, 13.1345472336, 27.7692108154, 37.7537879944, 25.0210609436, 20.2406845093, 33.0601463318, 38.8848686218, 28.905090332, 15.3067188263, 18.5465202332, 15.3157081604, 16.8251647949, 14.8123340607, 15.5603055954, 16.3556880951, 14.7377233505, 15.795873642, 15.5676116943, 15.3953514099, 12.8044624329, 11.7888088226, 11.683760643, 10.1173248291, 6.39733886719, 3.51933813095, 1.34463083744, 0.383606523275, 0.0427933260798, 0.00253800116479, 0.000157100279466]}, "spectral_strongpeak": {"dmean2": 0.713161468506, "median": 0.438676863909, "min": 0, "dvar2": 1.25847947598, "dvar": 0.517410218716, "dmean": 0.437847316265, "max": 10.4479494095, "var": 1.20959377289, "mean": 0.786243855953}, "spectral_energy": {"dmean2": 0.0411361195147, "median": 0.0355253778398, "min": 4.33127013366e-07, "dvar2": 0.00312205054797, "dvar": 0.00188484729733, "dmean": 0.0302337408066, "max": 0.813968479633, "var": 0.00807826407254, "mean": 0.0621747411788}, "average_loudness": 0.84294718504, "spectral_rolloff": {"dmean2": 2757.39038086, "median": 1076.66015625, "min": 43.06640625, "dvar2": 13386436, "dvar": 5864049, "dmean": 1645.3951416, "max": 19250.6835938, "var": 9081660, "mean": 2304.81054688}, "spectral_centroid": {"dmean2": 808.715148926, "median": 1586.68530273, "min": 76.9722213745, "dvar2": 726302.6875, "dvar": 342043, "dmean": 534.179626465, "max": 7088.58154297, "var": 877542.625, "mean": 1726.39318848}, "pitch_salience": {"dmean2": 0.172904923558, "median": 0.398158401251, "min": 0.0176693722606, "dvar2": 0.0283489115536, "dvar": 0.0142749566585, "dmean": 0.119000434875, "max": 0.871670722961, "var": 0.0492448024452, "mean": 0.40778362751}, "spectral_energyband_middle_high": {"dmean2": 0.00413891905919, "median": 0.00205796887167, "min": 3.18844470826e-08, "dvar2": 3.85340390494e-05, "dvar": 1.9017197701e-05, "dmean": 0.00287508964539, "max": 0.0774672329426, "var": 4.8668236559e-05, "mean": 0.00482152961195}, "spectral_contrast_coeffs": {"dmean2": [0.0972639322281, 0.0884305462241, 0.0772908180952, 0.063655205071, 0.0447208806872, 0.0374925881624], "median": [-0.653134286404, -0.748588562012, -0.799494624138, -0.794805765152, -0.809647381306, -0.806345999241], "min": [-0.938568711281, -0.974390029907, -0.958528161049, -0.941366672516, -0.913231253624, -0.905050992966], "dvar2": [0.00702333869413, 0.00500657362863, 0.00405608536676, 0.00273113441654, 0.00145208858885, 0.00114065711387], "dvar": [0.00284985336475, 0.00221756612882, 0.00206057098694, 0.00126177316997, 0.000584456895012, 0.000489549536724], "dmean": [0.0620501562953, 0.0562918260694, 0.0513919815421, 0.0421748794615, 0.028044430539, 0.0236607249826], "max": [-0.32370647788, -0.334624767303, -0.443150520325, -0.454150170088, -0.5557076931, -0.612736582756], "var": [0.00861177686602, 0.00884012039751, 0.00856110546738, 0.00607197871432, 0.00193185685202, 0.00144351227209], "mean": [-0.651067197323, -0.736030161381, -0.774283587933, -0.776914954185, -0.802427649498, -0.800406813622]}, "melbands_skewness": {"dmean2": 3.8116350174, "median": 3.68746376038, "min": -3.53760886192, "dvar2": 22.6708869934, "dvar": 10.9861774445, "dmean": 2.66264390945, "max": 44.3378448486, "var": 35.1753387451, "mean": 5.87516832352}, "spectral_spread": {"dmean2": 1739064.125, "median": 7069047.5, "min": 2013847.625, "dvar2": 2877913825280.0, "dvar": 1229295190020.0, "dmean": 1190330.375, "max": 13264180, "var": 3779921444860.0, "mean": 6949327.5}, "dissonance": {"dmean2": 0.0366973169148, "median": 0.47651976347, "min": 0.195573404431, "dvar2": 0.00185693032108, "dvar": 0.000775911437813, "dmean": 0.0228247903287, "max": 0.499999493361, "var": 0.00148802320473, "mean": 0.463182359934}, "spectral_skewness": {"dmean2": 0.361802786589, "median": 1.13479733467, "min": -0.341563552618, "dvar2": 0.15164335072, "dvar": 0.0699427947402, "dmean": 0.245482236147, "max": 3.48585605621, "var": 0.205096796155, "mean": 1.23911428452}, "spectral_flux": {"dmean2": 0.0764402747154, "median": 0.109825409949, "min": 0.000364496343536, "dvar2": 0.00546645699069, "dvar": 0.00215174863115, "dmean": 0.0468463413417, "max": 0.463800191879, "var": 0.00471177604049, "mean": 0.118574343622}, "spectral_contrast_valleys": {"dmean2": [0.820577323437, 0.858315706253, 0.880268216133, 0.840460300446, 0.799018085003, 0.846238136292], "median": [-7.38637828827, -7.39184617996, -7.84895849228, -7.9226436615, -7.56626796722, -9.0958738327], "min": [-14.3405561447, -12.3981208801, -13.1474256516, -13.3622169495, -13.3073787689, -15.0302829742], "dvar2": [0.490357607603, 0.565848350525, 0.707162261009, 0.725912868977, 0.805850863457, 0.873857855797], "dvar": [0.278559595346, 0.272374123335, 0.311933249235, 0.336746543646, 0.388797104359, 0.390591144562], "dmean": [0.573204159737, 0.55926156044, 0.582788825035, 0.568278670311, 0.585807561874, 0.646237790585], "max": [-5.13899326324, -4.56574440002, -5.12798309326, -5.79290437698, -5.32973337173, -7.14312028885], "var": [1.29119479656, 1.07841682434, 1.364844203, 1.20077371597, 1.26395750046, 1.54209148884], "mean": [-7.67450714111, -7.51111316681, -7.96040582657, -8.079454422, -7.63568162918, -9.29360389709]}, "erbbands_flatness_db": {"dmean2": 0.0358517616987, "median": 0.115680217743, "min": 0.0445614680648, "dvar2": 0.00112827087287, "dvar": 0.000591898395214, "dmean": 0.025648040697, "max": 0.423362702131, "var": 0.00341590633616, "mean": 0.131929039955}, "spectral_energyband_high": {"dmean2": 0.00421991804615, "median": 0.000808295037132, "min": 4.85879603218e-09, "dvar2": 4.97885557706e-05, "dvar": 1.85388198588e-05, "dmean": 0.00260399398394, "max": 0.0330659076571, "var": 2.00398626475e-05, "mean": 0.00275860540569}, "spectral_entropy": {"dmean2": 0.413716316223, "median": 8.06837463379, "min": 5.17168712616, "dvar2": 0.179071426392, "dvar": 0.0890837609768, "dmean": 0.292675286531, "max": 8.9860534668, "var": 0.346280544996, "mean": 7.91418170929}, "silence_rate_20dB": {"dmean2": 0.037196945399, "median": 1, "min": 0, "dvar2": 0.0375828333199, "dvar": 0.018251368776, "dmean": 0.0185964144766, "max": 1, "var": 0.0272153802216, "mean": 0.971997797489}, "melbands_flatness_db": {"dmean2": 0.0862669125199, "median": 0.216862976551, "min": 0.0136040979996, "dvar2": 0.00724108004943, "dvar": 0.00392630929127, "dmean": 0.064776673913, "max": 0.741305232048, "var": 0.0170201789588, "mean": 0.235574781895}, "barkbands": {"dmean2": [0.00202208315022, 0.0327989831567, 0.00132750649936, 0.00251300283708, 0.00302925473079, 0.0013200227404, 0.000773113919422, 0.000758615264203, 0.0016972112935, 0.00100474967621, 0.000601845153142, 0.00108565366827, 0.00103920034599, 0.000545939663425, 0.000466832600068, 0.000369920308003, 0.000340536993463, 0.000370250811102, 0.00059121940285, 0.000547091593035, 0.000657534226775, 0.000618959078565, 0.000586561509408, 0.000917210534681, 0.000961346784607, 0.000475453038234, 4.34472858615e-05], "median": [0.000616497069132, 0.0126813426614, 0.000400808698032, 0.000193247862626, 0.000374177267076, 0.000243430316914, 0.000151361207827, 0.000115643757454, 0.000134807618451, 7.12748733349e-05, 4.92848012072e-05, 7.94812076492e-05, 8.79061699379e-05, 8.42782683321e-05, 9.31628746912e-05, 9.30771420826e-05, 0.000131753477035, 9.40152967814e-05, 8.49521602504e-05, 8.14738305053e-05, 9.3479451607e-05, 0.000103288737591, 0.000132733417558, 0.000178572678124, 0.000129174513859, 3.79176490242e-05, 7.40735544014e-08], "min": [9.91325164318e-12, 4.31610303053e-11, 1.54509127714e-10, 1.57521418132e-09, 7.2060477585e-09, 1.72686687172e-09, 1.51540680005e-09, 1.69962732777e-09, 1.78886627733e-09, 1.62949365112e-09, 4.07731265417e-10, 4.13076461925e-10, 9.6175423181e-10, 7.45730921459e-10, 9.42617428557e-10, 7.33199390091e-10, 2.23009433142e-09, 4.71475525288e-10, 3.48732570599e-10, 5.05363528802e-10, 4.15343315296e-10, 5.83175452373e-10, 6.65221988605e-10, 9.0495377858e-10, 8.19752654646e-10, 6.60490884208e-10, 7.39187253074e-11], "dvar2": [1.34944530146e-05, 0.00277729774825, 3.9999663386e-06, 6.22519000899e-05, 6.03824883001e-05, 7.91225102148e-06, 2.54924316323e-06, 2.73655018646e-06, 1.35563705044e-05, 6.5694962359e-06, 3.19283594763e-06, 1.49145362229e-05, 7.6984615589e-06, 1.6081700096e-06, 1.98601992452e-06, 5.17169723935e-07, 2.54640724506e-07, 3.91714593206e-07, 1.26174995785e-06, 1.31514207169e-06, 1.77270203494e-06, 1.29027546336e-06, 8.30308920285e-07, 2.38506845562e-06, 2.83875738205e-06, 8.2154804204e-07, 2.16679687526e-08], "dvar": [5.9268086261e-06, 0.00176227721386, 1.83314796232e-06, 2.64104000962e-05, 2.28071457968e-05, 3.1833999401e-06, 1.05917661131e-06, 1.25075757751e-06, 6.39925019641e-06, 3.14567341775e-06, 1.34136871566e-06, 6.27861163593e-06, 3.56875420948e-06, 7.60498664931e-07, 7.47370847876e-07, 2.07315466128e-07, 1.10550203658e-07, 1.59311269954e-07, 4.91601781505e-07, 4.89067190301e-07, 6.70880012876e-07, 5.07342861056e-07, 3.21685377003e-07, 8.90016735866e-07, 9.84922507996e-07, 2.78233386553e-07, 7.64847918333e-09], "dmean": [0.00134990538936, 0.0249557662755, 0.000891776930075, 0.00160344969481, 0.00176515232306, 0.000810305646155, 0.000476214481751, 0.000473146908917, 0.00112992397044, 0.000656044285279, 0.000382712169085, 0.000726291444153, 0.000706378137693, 0.000348975590896, 0.000284383044345, 0.000228319491725, 0.000217474691453, 0.000228723380133, 0.000358080142178, 0.000325610744767, 0.000395875715185, 0.000381321035093, 0.000359817116987, 0.000554794853088, 0.000569519528653, 0.00027361602406, 2.32311904256e-05], "max": [0.0450946949422, 0.77040886879, 0.0253715347499, 0.0955243334174, 0.0618092939258, 0.03540353477, 0.0265574399382, 0.0551446974277, 0.0493110194802, 0.0436658151448, 0.0313994735479, 0.0642425268888, 0.0352410525084, 0.0306156240404, 0.0498611740768, 0.0104076536372, 0.0107362009585, 0.00386014278047, 0.00605880049989, 0.0064355856739, 0.00716497236863, 0.00844646897167, 0.00560546433553, 0.0119431475177, 0.0119661046192, 0.00585677707568, 0.00223657535389], "var": [1.47499513332e-05, 0.00744532467797, 3.71368696506e-06, 2.54887108895e-05, 1.73319331225e-05, 5.10992731506e-06, 1.56719499955e-06, 1.88462001915e-06, 1.269994209e-05, 5.27921110915e-06, 1.76714434019e-06, 7.69016514823e-06, 5.39841857972e-06, 2.43901490649e-06, 6.85609222728e-07, 2.72054649031e-07, 2.53934643979e-07, 1.71840582652e-07, 4.31966583392e-07, 4.08084076753e-07, 5.85877558024e-07, 5.4077185041e-07, 3.91036024894e-07, 9.65368371908e-07, 8.73032092841