{"tonal": {"thpcp": [1, 0.559862017632, 0.202679365873, 0.149285078049, 0.220111712813, 0.48924306035, 0.596274495125, 0.380925923586, 0.257860600948, 0.246561303735, 0.223564818501, 0.234379708767, 0.212958216667, 0.185211062431, 0.289098978043, 0.332042038441, 0.323582231998, 0.352059274912, 0.272001564503, 0.324500888586, 0.771673858166, 0.828842878342, 0.367740631104, 0.15556101501, 0.149846300483, 0.210980221629, 0.314193993807, 0.352630883455, 0.327649623156, 0.36881390214, 0.388777315617, 0.30439427495, 0.275525957346, 0.280329048634, 0.348593711853, 0.78651535511], "hpcp": {"dmean2": [0.218136265874, 0.213959857821, 0.207843557, 0.191503658891, 0.20362265408, 0.238578006625, 0.307256668806, 0.324733108282, 0.263409435749, 0.185063913465, 0.152549371123, 0.169774204493, 0.217522487044, 0.248036786914, 0.203331843019, 0.158284395933, 0.151184752584, 0.148181080818, 0.141804724932, 0.136791497469, 0.130943343043, 0.15505489707, 0.15487383306, 0.195872992277, 0.25468558073, 0.202779963613, 0.232610911131, 0.307907253504, 0.305987089872, 0.214359119534, 0.157282590866, 0.155845955014, 0.195135608315, 0.247981026769, 0.237120136619, 0.214241623878], "median": [0.0315596461296, 0.0285579562187, 0.0309971421957, 0.0335619784892, 0.0275774262846, 0.045540317893, 0.182556450367, 0.211329177022, 0.0846048593521, 0.016270428896, 0.00807403214276, 0.0166155360639, 0.0637498795986, 0.0875407457352, 0.0446585789323, 0.0140713769943, 0.01339562051, 0.0198945850134, 0.0295489430428, 0.0242792461067, 0.0174203272909, 0.020897526294, 0.0212849248201, 0.031569570303, 0.0250156074762, 0.0232948493212, 0.0429791212082, 0.16140973568, 0.172190099955, 0.0634728372097, 0.00894254166633, 0.00664734467864, 0.00816819816828, 0.0170728936791, 0.0247905999422, 0.0276028104126], "min": [0, 0, 0, 0, 0, 0, 0, 0, 0, 0, 0, 0, 0, 0, 0, 0, 0, 0, 0, 0, 0, 0, 0, 0, 0, 0, 0, 0, 0, 0, 0, 0, 0, 0, 0, 0], "dvar2": [0.114481166005, 0.104688599706, 0.110381357372, 0.0948096066713, 0.11112524569, 0.122357651591, 0.115995429456, 0.132957458496, 0.119023531675, 0.10538815707, 0.0966275110841, 0.0995279401541, 0.095896422863, 0.111027888954, 0.0959525033832, 0.07347740978, 0.0760805606842, 0.0719078555703, 0.0679721906781, 0.0661645308137, 0.06117913872, 0.0795454606414, 0.0712207853794, 0.0831569507718, 0.158576384187, 0.0894322767854, 0.112220317125, 0.119087383151, 0.120733961463, 0.0969790294766, 0.0924664735794, 0.0994661822915, 0.129057377577, 0.163585945964, 0.136234045029, 0.115749612451], "dvar": [0.0438917353749, 0.0430478975177, 0.0398307740688, 0.0349979028106, 0.041737627238, 0.0448284372687, 0.0466912388802, 0.0586527474225, 0.0448781363666, 0.0367707759142, 0.0333646088839, 0.0352983698249, 0.0390483215451, 0.0459291897714, 0.0369673147798, 0.0299218036234, 0.0304146353155, 0.0270348191261, 0.0252874009311, 0.0247713327408, 0.0226406063884, 0.0306757893413, 0.0315343737602, 0.0319242812693, 0.0588252432644, 0.0339664518833, 0.0406524688005, 0.0486671626568, 0.0503547638655, 0.034160386771, 0.0322886705399, 0.0355711430311, 0.0481016077101, 0.0628176555037, 0.0534530617297, 0.0431776866317], "dmean": [0.126797780395, 0.124730855227, 0.117335192859, 0.107771866024, 0.113552607596, 0.135392680764, 0.181546077132, 0.193045422435, 0.150875255466, 0.100446552038, 0.0817155838013, 0.0935255140066, 0.128768488765, 0.147497430444, 0.118162237108, 0.0924106091261, 0.0872834250331, 0.0843228921294, 0.0814886465669, 0.0778902545571, 0.073910728097, 0.0912754908204, 0.0912482365966, 0.112897619605, 0.143214508891, 0.113628603518, 0.13071025908, 0.183556139469, 0.183031722903, 0.121874339879, 0.0844633579254, 0.083268865943, 0.107902407646, 0.138985812664, 0.134667500854, 0.122326865792], "max": [1, 1, 1, 1, 1, 1, 1, 1, 1, 1, 1, 1, 1, 1, 1, 1, 1, 1, 1, 1, 1, 1, 1, 1, 1, 1, 1, 1, 1, 1, 1, 1, 1, 1, 1, 1], "var": [0.0558855198324, 0.0630092248321, 0.0389752350748, 0.0327596329153, 0.039214335382, 0.045666590333, 0.0888772234321, 0.139657065272, 0.0718143433332, 0.0264119468629, 0.0218374785036, 0.031807731837, 0.068812020123, 0.0872494652867, 0.0522511564195, 0.0384970866144, 0.0402505807579, 0.0280551705509, 0.0263339094818, 0.0248769391328, 0.0209321603179, 0.0437121018767, 0.060415096581, 0.0390082672238, 0.0556055381894, 0.0317082628608, 0.0378064922988, 0.0900381430984, 0.103576041758, 0.0355668254197, 0.0221393816173, 0.0234500057995, 0.0364876836538, 0.0567753985524, 0.0589836388826, 0.0503114387393], "mean": [0.139560371637, 0.14711458981, 0.115183778107, 0.104259908199, 0.106077410281, 0.131908982992, 0.29761993885, 0.3784032166, 0.211853578687, 0.0766945257783, 0.0564899519086, 0.0832909792662, 0.185131147504, 0.225632175803, 0.144143596292, 0.0975752770901, 0.0932995900512, 0.0845976471901, 0.0886900350451, 0.0805840715766, 0.0700844600797, 0.109395980835, 0.125645771623, 0.122444562614, 0.133220359683, 0.102926269174, 0.122792184353, 0.29200387001, 0.313636809587, 0.139154240489, 0.0588647909462, 0.0567023195326, 0.0798355937004, 0.118892014027, 0.133436664939, 0.123983666301]}, "tuning_equal_tempered_deviation": 0.201638281345, "chords_changes_rate": 0.0658711194992, "key_key": "B", "tuning_diatonic_strength": 0.629255414009, "key_scale": "major", "chords_number_rate": 0.00214797141962, "tuning_frequency": 434.193115234, "tuning_nontempered_energy_ratio": 0.951185703278, "chords_histogram": [21.9331741333, 0.214797139168, 7.99522686005, 0.477326959372, 1.07398569584, 0, 0, 0, 0, 0, 0, 0, 0, 0, 0, 0.548925995827, 0, 41.8138427734, 2.21957039833, 14.2959423065, 1.00238668919, 3.48448681831, 4.43914079666, 0.501193344593], "key_strength": 0.752120494843, "chords_key": "B", "chords_strength": {"dmean2": 0.0115423463285, "median": 0.535478174686, "min": 0.287604629993, "dvar2": 0.000115524620924, "dvar": 8.6070940597e-05, "dmean": 0.0108273047954, "max": 0.777292788029, "var": 0.00672213640064, "mean": 0.532775104046}, "chords_scale": "minor", "hpcp_entropy": {"dmean2": 1.0320186615, "median": 1.94370079041, "min": 0, "dvar2": 0.70347648859, "dvar": 0.25866740942, "dmean": 0.616750717163, "max": 4.0146818161, "var": 0.541729569435, "mean": 1.88782894611}}, "metadata": {"audio_properties": {"equal_loudness": 0, "codec": "mp3", "downmix": "mix", "sample_rate": 44100, "analysis_sample_rate": 44100, "bit_rate": 160021, "md5_encoded": "62d1000acdf992771c45f70c8d3bdf77", "length": 194.507751465, "replay_gain": -11.8787193298, "lossless": false}, "version": {"essentia_build_sha": "70f2e5ece6736b2c40cc944ad0e695b16b925413", "essentia": "2.1-beta2", "extractor": "music 1.0", "essentia_git_sha": "v2.1_beta2"}, "tags": {"title": ["Barbed Wire and Roses"], "barcode": ["078636704920"], "media": ["CD"], "albumartist": ["PinMonkey"], "musicbrainz_recordingid": ["01be3995-2287-4d9a-886f-32aa80f55a7e"], "encoding": ["Lavf56.36.100"], "musicbrainz_albumartistid": ["1dbc8abd-3754-4079-a0c0-4e859f3af157"], "originalyear": ["2002"], "discnumber": ["1/1"], "album": ["PinMonkey"], "catalognumber": ["BNA-07863-67049-2"], "musicbrainz album release country": ["US"], "musicbrainz album type": ["album"], "musicbrainz album status": ["official"], "originaldate": ["2002"], "date": ["2002"], "file_name": "Pinmonkey - Barbed Wire And Roses.mp3", "musicbrainz_releasegroupid": ["1a227c2b-90ff-3396-9595-4a58be204199"], "script": ["Latn"], "asin": ["B00006JTE5"], "musicbrainz_albumid": ["1a1d3afb-a09f-4898-aded-bc139beead75"], "artist": ["PinMonkey"], "artistsort": ["PinMonkey"], "tracknumber": ["9/11"], "label": ["BNA Records"], "albumartistsort": ["PinMonkey"], "musicbrainz_artistid": ["1dbc8abd-3754-4079-a0c0-4e859f3af157"]}}, "rhythm": {"bpm_histogram_first_peak_bpm": {"dmean2": 0, "median": 126, "min": 126, "dvar2": 0, "dvar": 0, "dmean": 0, "max": 126, "var": 0, "mean": 126}, "bpm": 124.834861755, "bpm_histogram_second_peak_spread": {"dmean2": 0, "median": 0.357142806053, "min": 0.357142806053, "dvar2": 0, "dvar": 0, "dmean": 0, "max": 0.357142806053, "var": 0, "mean": 0.357142806053}, "bpm_histogram_first_peak_weight": {"dmean2": 0, "median": 0.475124388933, "min": 0.475124388933, "dvar2": 0, "dvar": 0, "dmean": 0, "max": 0.475124388933, "var": 0, "mean": 0.475124388933}, "onset_rate": 3.80413484573, "beats_position": [0.476009070873, 0.96362811327, 1.45124709606, 1.92725622654, 2.39165520668, 2.85605430603, 3.34367346764, 3.8196823597, 4.28408145905, 4.76009082794, 5.23609972, 5.72371864319, 6.21133756638, 6.68734693527, 7.17496585846, 7.66258478165, 8.15020370483, 8.63782310486, 9.12544155121, 9.61306095123, 10.0890703201, 10.5650787354, 11.0410881042, 11.5170974731, 11.9931058884, 12.4691152573, 12.9567346573, 13.4443531036, 13.9319725037, 14.4079818726, 14.8839902878, 15.3716096878, 15.8476190567, 16.3236274719, 16.8112468719, 17.2872562408, 17.7748756409, 18.2508831024, 18.7385025024, 19.2261219025, 19.7137413025, 20.1897506714, 20.6657600403, 21.1417675018, 21.6177768707, 22.1053962708, 22.5814056396, 23.0574150085, 23.5334243774, 24.009431839, 24.497051239, 24.9730606079, 25.4722900391, 25.9599094391, 26.435918808, 26.9119262695, 27.3879356384, 27.8639450073, 28.3515644073, 28.8275737762, 29.3035831451, 29.7795906067, 30.2672100067, 30.7548294067, 31.2308387756, 31.7184581757, 32.2060775757, 32.6936950684, 33.1813163757, 33.6573219299, 34.1333312988, 34.6093406677, 35.0853500366, 35.572971344, 36.0605888367, 36.5482063293, 37.0242156982, 37.5002250671, 37.9878463745, 38.4754638672, 38.9630813599, 39.4507026672, 39.9383201599, 40.4259414673, 40.9019508362, 41.3779602051, 41.8423576355, 42.3183670044, 42.7943763733, 43.2703857422, 43.7463951111, 44.22240448, 44.6984100342, 45.1860313416, 45.6620407104, 46.1496582031, 46.625667572, 47.1016769409, 47.5892944336, 48.0885238647, 48.5645332336, 49.052154541, 49.5281639099, 50.0157814026, 50.5033988953, 50.9678001404, 51.4321975708, 51.9082069397, 52.3726081848, 52.8486175537, 53.3362350464, 53.8238525391, 54.3114738464, 54.7990913391, 55.2867126465, 55.7627182007, 56.2387275696, 56.7147369385, 57.1907463074, 57.6667556763, 58.1427650452, 58.6303825378, 59.1180038452, 59.5940132141, 60.0816307068, 60.5576400757, 61.0452613831, 61.5328788757, 62.0088882446, 62.4848976135, 62.9725151062, 63.4601364136, 63.9477539062, 64.4237594604, 64.899772644, 65.3873901367, 65.8634033203, 66.3394088745, 66.8270263672, 67.3030395508, 67.779045105, 68.2550582886, 68.7310638428, 69.2070770264, 69.694694519, 70.1707000732, 70.6583175659, 71.1343307495, 71.6335601807, 72.1095657349, 72.5855789185, 73.0731964111, 73.5608139038, 74.0368270874, 74.5128326416, 75.0004501343, 75.488067627, 75.975692749, 76.4516983032, 76.9277114868, 77.4153289795, 77.8913345337, 78.3673477173, 78.85496521, 79.3425827026, 79.8185958862, 80.2946014404, 80.7706069946, 81.2466201782, 81.7342376709, 82.2218551636, 82.7094802856, 83.1854858398, 83.661491394, 84.1491165161, 84.6251220703, 85.1011352539, 85.5771408081, 86.0531539917, 86.5407714844, 87.0283889771, 87.5043945312, 87.9804077148, 88.4680252075, 88.9556427002, 89.4316558838, 89.907661438, 90.3952789307, 90.8829040527, 91.3472976685, 91.8116989136, 92.2993164062, 92.7869338989, 93.274559021, 93.7621765137, 94.2381820679, 94.7141952515, 95.1785888672, 95.6662139893, 96.1538314819, 96.6414489746, 97.1174621582, 97.6050796509, 98.0810852051, 98.5687026978, 99.0563278198, 99.5439453125, 100.019950867, 100.49596405, 100.971969604, 101.447982788, 101.935600281, 102.423217773, 102.899223328, 103.375236511, 103.851242065, 104.327255249, 104.814872742, 105.302490234, 105.778503418, 106.254508972, 106.742126465, 107.218139648, 107.694145203, 108.181770325, 108.669387817, 109.15700531, 109.644622803, 110.120635986, 110.596641541, 111.061042786, 111.548660278, 112.024665833, 112.500679016, 112.988296509, 113.452697754, 113.940315247, 114.416320801, 114.892333984, 115.379951477, 115.86756897, 116.343582153, 116.819587708, 117.3072052, 117.794830322, 118.282447815, 118.770065308, 119.234466553, 119.722084045, 120.1980896, 120.674102783, 121.161720276, 121.637733459, 122.113739014, 122.589744568, 123.065757751, 123.541763306, 124.017776489, 124.470565796, 124.94657135, 125.434196472, 125.921813965, 126.421043396, 126.920272827, 127.419502258, 127.907119751, 128.383132935, 128.870742798, 129.35836792, 129.834381104, 130.310379028, 130.786392212, 131.262405396, 131.726806641, 132.214416504, 132.702041626, 133.189651489, 133.665664673, 134.153289795, 134.62928772, 135.116912842, 135.592926025, 136.068939209, 136.544937134, 137.020950317, 137.508575439, 137.996185303, 138.483810425, 138.971420288, 139.447433472, 139.923446655, 140.411056519, 140.898681641, 141.374694824, 141.850692749, 142.326705933, 142.802719116, 143.290344238, 143.754730225, 144.253967285, 144.741577148, 145.217590332, 145.705215454, 146.181228638, 146.657226562, 147.144851685, 147.620864868, 148.096862793, 148.584487915, 149.072113037, 149.5597229, 150.035736084, 150.511749268, 150.999359131, 151.486984253, 151.951385498, 152.438995361, 152.915008545, 153.391021729, 153.867019653, 154.354644775, 154.830657959, 155.318267822, 155.805892944, 156.293518066, 156.769515991, 157.245529175, 157.733154297, 158.209152222, 158.685165405, 159.172790527, 159.648788452, 160.124801636, 160.600814819, 161.076828003, 161.564437866, 162.04045105, 162.516464233, 163.004074097, 163.491699219, 163.979324341, 164.466934204, 164.954559326, 165.430557251, 165.906570435, 166.37097168, 166.858596802, 167.346206665, 167.822219849, 168.309844971, 168.785842896, 169.273468018, 169.749481201, 170.225479126, 170.713104248, 171.189117432, 171.665115356, 172.152740479, 172.628753662, 173.104751587, 173.580764771, 174.056777954, 174.544403076, 175.032012939, 175.519638062, 176.007247925, 176.494873047, 176.982498169, 177.470108032, 177.946121216, 178.422134399, 178.909744263, 179.397369385, 179.873382568, 180.349380493, 180.825393677, 181.30140686, 181.789016724, 182.276641846, 182.741043091, 183.228652954, 183.704666138, 184.180679321, 184.645080566, 185.13269043, 185.620315552, 186.107940674, 186.595550537, 187.083175659, 187.559173584, 188.046798706, 188.52281189, 189.010421753, 189.498046875, 189.985671997, 190.508117676, 191.018951416, 191.529785156, 192.040634155, 192.539855957, 193.050704956, 193.561538696, 194.060760498], "beats_loudness": {"dmean2": 0.0312575884163, "median": 0.0435746498406, "min": 0.000392518209992, "dvar2": 0.000637438846752, "dvar": 0.000212414612179, "dmean": 0.0179563593119, "max": 0.115033634007, "var": 0.000495496729854, "mean": 0.0443900749087}, "danceability": 1.34218001366, "bpm_histogram_second_peak_weight": {"dmean2": 0, "median": 0.0223880596459, "min": 0.0223880596459, "dvar2": 0, "dvar": 0, "dmean": 0, "max": 0.0223880596459, "var": 0, "mean": 0.0223880596459}, "beats_count": 403, "bpm_histogram_second_peak_bpm": {"dmean2": 0, "median": 120, "min": 120, "dvar2": 0, "dvar": 0, "dmean": 0, "max": 120, "var": 0, "mean": 120}, "bpm_histogram_first_peak_spread": {"dmean2": 0, "median": 0.505181372166, "min": 0.505181372166, "dvar2": 0, "dvar": 0, "dmean": 0, "max": 0.505181372166, "var": 0, "mean": 0.505181372166}, "beats_loudness_band_ratio": {"dmean2": [0.55178964138, 0.472892791033, 0.307196438313, 0.201638385653, 0.0957576185465, 0.107489086688], "median": [0.360552549362, 0.153535842896, 0.15514421463, 0.0799127593637, 0.0451190322638, 0.0354287810624], "min": [1.04924320112e-05, 0.0006158563192, 0.000334403914167, 0.000168605416548, 0.000897464749869, 0.00025598242064], "dvar2": [0.13527558744, 0.0946694165468, 0.0618755035102, 0.0416247621179, 0.00881884340197, 0.0143390316516], "dvar": [0.0426181778312, 0.0277145151049, 0.021761752665, 0.0151357883587, 0.00294231320731, 0.00616486882791], "dmean": [0.288144052029, 0.246006280184, 0.173966854811, 0.113917648792, 0.0529183000326, 0.057457190007], "max": [0.954847455025, 0.836631298065, 0.827599287033, 0.846778869629, 0.454303622246, 0.974313318729], "var": [0.0771613046527, 0.0323731116951, 0.0310805886984, 0.0240351334214, 0.00340221705846, 0.00565020367503], "mean": [0.391449809074, 0.214171648026, 0.209620267153, 0.13826957345, 0.0613446608186, 0.0481117852032]}}, "lowlevel": {"barkbands_spread": {"dmean2": 7.28081560135, "median": 16.4847640991, "min": 0.605431318283, "dvar2": 124.117034912, "dvar": 56.6450157166, "dmean": 4.803170681, "max": 118.293289185, "var": 162.664413452, "mean": 18.9273090363}, "melbands_spread": {"dmean2": 9.08001422882, "median": 18.2018203735, "min": 0.697094500065, "dvar2": 243.563720703, "dvar": 122.865539551, "dmean": 6.09107875824, "max": 255.809707642, "var": 325.464355469, "mean": 21.815454483}, "hfc": {"dmean2": 9.12673568726, "median": 14.5592260361, "min": 1.1583317167e-16, "dvar2": 219.444076538, "dvar": 103.573097229, "dmean": 6.41637992859, "max": 175.347732544, "var": 317.603149414, "mean": 19.8654003143}, "barkbands_kurtosis": {"dmean2": 4.77369832993, "median": 1.86544585228, "min": -1.94676828384, "dvar2": 123.618339539, "dvar": 52.5626525879, "dmean": 3.01270031929, "max": 208.134140015, "var": 82.8280334473, "mean": 4.15206193924}, "gfcc": {"mean": [-4.89370393753, 96.3832092285, -115.588691711, 17.6656246185, -53.1322860718, 8.50790119171, -33.2092323303, 10.3612861633, -25.1416625977, 1.63143658638, -14.6059913635, 1.89384901524, -9.7670917511], "icov": [[0.000232258316828, -8.29089112813e-05, 0.000103831865999, -0.000169947117683, 0.000229153214605, -0.000230948498938, 0.000250048673479, -0.000637548801024, 0.000240755573031, -0.000428205443313, 0.000319877988659, -0.000431355030742, 0.000641789403744], [-8.29089112813e-05, 0.00156995875295, -0.000299048115266, 0.000512507918756, -0.00132036104333, 0.000864079338498, -0.000974103459157, 0.00136304064654, -0.00169368903153, 0.0021250047721, -0.00188200268894, 0.00184195500333, -0.00135346071329], [0.000103831865999, -0.000299048115266, 0.00180005212314, -0.0010841343319, 7.08172519808e-05, -0.000574895588215, 0.000563885900192, -0.000446285266662, -0.000692815170623, -0.000522643967997, 0.00113347580191, -0.00210867263377, 0.00229621678591], [-0.000169947117683, 0.000512507918756, -0.0010841343319, 0.00331065058708, -0.00069694762351, -0.00043223038665, 0.000342271872796, 7.95477972133e-05, -0.000669618486427, 0.000216190805077, -0.000907479377929, 0.00165122316685, -0.00297096790746], [0.000229153214605, -0.00132036104333, 7.08172519808e-05, -0.00069694762351, 0.00446340302005, -0.00168904662132, 0.000347240129486, -0.00174014410004, 0.000635244359728, -0.00204753107391, 0.00194387615193, -0.0013443515636, 0.000834944250528], [-0.000230948498938, 0.000864079338498, -0.000574895588215, -0.00043223038665, -0.00168904662132, 0.00636715907604, -0.00379350921139, 0.00280427094549, -0.00063721369952, -0.000445796002168, -0.000505873176735, 0.00147243612446, -0.00143784307875], [0.000250048673479, -0.000974103459157, 0.000563885900192, 0.000342271872796, 0.000347240129486, -0.00379350921139, 0.00812296289951, -0.00407462008297, 0.00228236638941, -0.000795619736891, -3.98743286496e-05, -0.00169588602148, 0.00187069841195], [-0.000637548801024, 0.00136304064654, -0.000446285266662, 7.95477972133e-05, -0.00174014410004, 0.00280427094549, -0.00407462008297, 0.0111951436847, -0.00503762206063, 0.0013072071597, -0.00322528951801, 0.00184392661322, -0.00170077790972], [0.000240755573031, -0.00169368903153, -0.000692815170623, -0.000669618486427, 0.000635244359728, -0.00063721369952, 0.00228236638941, -0.00503762206063, 0.0118240471929, -0.00601252075285, 0.0016934532905, -0.000798869878054, 0.000590906420257], [-0.000428205443313, 0.0021250047721, -0.000522643967997, 0.000216190805077, -0.00204753107391, -0.000445796002168, -0.000795619736891, 0.0013072071597, -0.00601252075285, 0.0148708689958, -0.00473281554878, 0.00145560340025, -0.00123436178546], [0.000319877988659, -0.00188200268894, 0.00113347580191, -0.000907479377929, 0.00194387615193, -0.000505873176735, -3.98743286496e-05, -0.00322528951801, 0.0016934532905, -0.00473281554878, 0.0124842347577, -0.00427454803139, 0.00327354553156], [-0.000431355030742, 0.00184195500333, -0.00210867263377, 0.00165122316685, -0.0013443515636, 0.00147243612446, -0.00169588602148, 0.00184392661322, -0.000798869878054, 0.00145560340025, -0.00427454803139, 0.0154911819845, -0.00722743058577], [0.000641789403744, -0.00135346071329, 0.00229621678591, -0.00297096790746, 0.000834944250528, -0.00143784307875, 0.00187069841195, -0.00170077790972, 0.000590906420257, -0.00123436178546, 0.00327354553156, -0.00722743058577, 0.0169566255063]], "cov": [[6618.96777344, -731.329467773, 368.328277588, 369.266662598, -105.874641418, 161.534317017, 7.40215826035, 424.024597168, 164.39112854, 304.548370361, 23.5581512451, 113.37776947, -173.230941772], [-731.329467773, 1458.70898438, -52.2848014832, -115.241607666, 273.82409668, -61.5023918152, 87.2757034302, -32.609085083, 88.7794113159, -110.760063171, 87.9762649536, -91.2309265137, 32.3778572083], [368.328277588, -52.2848014832, 1104.36828613, 386.810943604, 174.737548828, 134.613876343, -19.2770309448, 99.37865448, 191.811798096, 128.045639038, -22.7178554535, 86.3976745605, -41.1383590698], [369.266662598, -115.241607666, 386.810943604, 553.226623535, 125.772247314, 113.980003357, -19.1558227539, 71.6254577637, 109.563438416, 91.0804138184, -2.35190415382, 26.2426509857, 48.5961723328], [-105.874641418, 273.82409668, 174.737548828, 125.772247314, 399.1847229, 117.342628479, 63.7185058594, 54.621131897, 81.020614624, 53.097442627, 1.07173848152, 5.94833517075, 16.351228714], [161.534317017, -61.5023918152, 134.613876343, 113.980003357, 117.342628479, 286.749816895, 106.472297668, 9.1465845108, 23.0349197388, 54.3668060303, -2.04910635948, 9.88169002533, 6.18905830383], [7.40215826035, 87.2757034302, -19.2770309448, -19.1558227539, 63.7185058594, 106.472297668, 215.619064331, 55.3415412903, -2.24982762337, 14.1572647095, 32.5036888123, 4.73973035812, -9.55146408081], [424.024597168, -32.609085083, 99.37865448, 71.6254577637, 54.621131897, 9.1465845108, 55.3415412903, 188.241653442, 90.1147460938, 60.2154159546, 39.0279006958, 14.8097906113, -8.67723369598], [164.39112854, 88.7794113159, 191.811798096, 109.563438416, 81.020614624, 23.0349197388, -2.24982762337, 90.1147460938, 186.511047363, 81.9622573853, 20.3176555634, 10.4719257355, 1.34487938881], [304.548370361, -110.760063171, 128.045639038, 91.0804138184, 53.097442627, 54.3668060303, 14.1572647095, 60.2154159546, 81.9622573853, 139.75692749, 30.1688938141, 20.2000732422, -5.17250919342], [23.5581512451, 87.9762649536, -22.7178554535, -2.35190415382, 1.07173848152, -2.04910635948, 32.5036888123, 39.0279006958, 20.3176555634, 30.1688938141, 120.057151794, 14.8871984482, -6.4470410347], [113.37776947, -91.2309265137, 86.3976745605, 26.2426509857, 5.94833517075, 9.88169002533, 4.73973035812, 14.8097906113, 10.4719257355, 20.2000732422, 14.8871984482, 99.5693588257, 23.5036430359], [-173.230941772, 32.3778572083, -41.1383590698, 48.5961723328, 16.351228714, 6.18905830383, -9.55146408081, -8.67723369598, 1.34487938881, -5.17250919342, -6.4470410347, 23.5036430359, 92.9425964355]]}, "spectral_energyband_middle_low": {"dmean2": 0.00853406172246, "median": 0.00854348018765, "min": 4.04411070296e-22, "dvar2": 0.000211381426197, "dvar": 9.04113112483e-05, "dmean": 0.00554981874302, "max": 0.134381368756, "var": 0.000169579550857, "mean": 0.0130854351446}, "melbands_crest": {"dmean2": 5.00408267975, "median": 12.1612501144, "min": 2.01661992073, "dvar2": 23.77576828, "dvar": 9.88070297241, "dmean": 3.14759230614, "max": 34.2829742432, "var": 24.7029781342, "mean": 13.0158252716}, "spectral_kurtosis": {"dmean2": 3.27662992477, "median": 5.59952402115, "min": -1.21192216873, "dvar2": 18.3709182739, "dvar": 6.74228811264, "dmean": 1.997382164, "max": 54.8200187683, "var": 17.6636962891, "mean": 6.37292909622}, "spectral_rms": {"dmean2": 0.00142388220411, "median": 0.00473096687347, "min": 3.2120959538e-12, "dvar2": 4.57098667539e-06, "dvar": 1.98287784769e-06, "dmean": 0.000960231758654, "max": 0.0156196290627, "var": 4.39351424575e-06, "mean": 0.00485475407913}, "zerocrossingrate": {"dmean2": 0.0105108721182, "median": 0.04736328125, "min": 0.00439453125, "dvar2": 0.000195890606847, "dvar": 0.000202619950869, "dmean": 0.00953229703009, "max": 0.55810546875, "var": 0.00166958780028, "mean": 0.0551975779235}, "silence_rate_60dB": {"dmean2": 0.0348615087569, "median": 0, "min": 0, "dvar2": 0.0377102904022, "dvar": 0.0171262491494, "dmean": 0.0174286738038, "max": 1, "var": 0.0544226542115, "mean": 0.0577703490853}, "erbbands_kurtosis": {"dmean2": 1.42453837395, "median": 0.0882868766785, "min": -1.75855994225, "dvar2": 15.0939874649, "dvar": 5.94962930679, "dmean": 0.926522552967, "max": 148.111907959, "var": 9.42722988129, "mean": 0.815900981426}, "erbbands": {"dmean2": [0.35509198904, 2.05589962006, 3.01609182358, 2.89702749252, 10.8204250336, 16.341999054, 14.0632019043, 10.6552505493, 16.5727615356, 36.7250061035, 41.1868095398, 40.3679046631, 31.9116592407, 32.296913147, 31.9278106689, 25.3221225739, 17.2713623047, 21.6615047455, 23.920463562, 13.1411418915, 14.3944997787, 12.0018892288, 13.7157211304, 9.33198070526, 10.3148870468, 9.82094192505, 6.93856287003, 3.93507814407, 4.14080429077, 3.72908878326, 2.94450426102, 2.02759933472, 1.23871970177, 0.710590779781, 0.314401715994, 0.140619948506, 0.045470956713, 0.0132299764082, 0.00124148640316, 3.46123779309e-05], "median": [0.0805829465389, 0.687492609024, 1.11361122131, 1.17918753624, 3.16940355301, 7.26481723785, 6.38758563995, 5.21335315704, 5.45803785324, 14.2377262115, 10.7588920593, 13.2826385498, 12.6956033707, 11.3268289566, 15.3744850159, 11.8784389496, 6.2969212532, 9.87611198425, 9.85350227356, 7.82675981522, 7.89260149002, 6.87233829498, 6.85458755493, 5.07745218277, 4.80021381378, 3.64896464348, 2.23484015465, 1.01190209389, 0.88179397583, 0.805650949478, 0.505930840969, 0.363251149654, 0.290180295706, 0.159716397524, 0.068938523531, 0.0355868302286, 0.0133145861328, 0.00252972589806, 0.000143127006595, 3.64583029295e-05], "min": [9.20206018748e-22, 8.32456231559e-21, 1.24348042001e-20, 7.03478853873e-20, 2.83269758528e-19, 3.42521636383e-19, 5.33438178784e-19, 6.20441862793e-19, 2.39830032617e-19, 1.02574707636e-18, 1.10703235739e-18, 1.27603786764e-18, 2.88895620669e-18, 2.23685023194e-18, 3.70425664449e-18, 3.38895483373e-18, 3.33384826811e-18, 6.1713112409e-18, 3.90082288217e-18, 6.55238176857e-18, 1.17389675775e-17, 1.07491086626e-17, 1.22510320813e-17, 1.66360430671e-17, 1.0827005088e-17, 1.27592477137e-17, 1.71731909958e-17, 1.77515755324e-17, 1.55222542984e-17, 1.39104515158e-17, 2.34760789616e-17, 1.98142827387e-17, 1.47271219715e-17, 1.21827913351e-17, 9.00001044189e-18, 5.32710849211e-18, 3.21515612202e-18, 1.25457770063e-18, 3.61325312863e-19, 3.49182760297e-20], "dvar2": [1.08440291882, 40.1614227295, 76.8914031982, 40.006111145, 678.476745605, 1023.95092773, 849.716430664, 548.825378418, 2259.61694336, 7365.76318359, 11702.8154297, 14243.7919922, 9200.22949219, 9825.75488281, 5830.45507812, 3170.0168457, 1601.8046875, 2343.06762695, 2996.26269531, 699.20703125, 712.907470703, 605.44921875, 680.256774902, 335.184661865, 572.313537598, 450.403045654, 756.380493164, 116.168670654, 151.657714844, 172.233901978, 143.313796997, 78.9059295654, 32.0023155212, 11.4786214828, 1.44077730179, 0.266048669815, 0.0113793238997, 0.000972129113507, 7.5778621067e-06, 3.58374352416e-09], "dvar": [0.435473710299, 14.3115844727, 26.5916748047, 14.8988113403, 267.069641113, 414.918945312, 354.677459717, 235.003646851, 935.388183594, 3052.96606445, 5248.48876953, 6009.4765625, 3860.69042969, 4035.20263672, 2699.58300781, 1386.65270996, 793.567138672, 1062.85375977, 1339.12524414, 303.72052002, 311.112457275, 256.51751709, 299.123687744, 149.165496826, 244.697235107, 207.801376343, 283.031738281, 49.0563316345, 69.7489089966, 85.2312393188, 67.3740997314, 37.8605461121, 15.9197225571, 5.53423881531, 0.809991657734, 0.137675002217, 0.00548085337505, 0.000456441193819, 3.50974187313e-06, 1.62825708472e-09], "dmean": [0.216147020459, 1.1602203846, 1.67038607597, 1.67936527729, 6.59424638748, 10.1219367981, 8.93816566467, 6.89194917679, 10.3181028366, 23.6944217682, 27.8022613525, 26.6981754303, 21.5324249268, 21.2335414886, 21.6605949402, 16.8448162079, 11.7808732986, 14.58685112, 15.8757219315, 8.58763408661, 9.1651391983, 7.78244352341, 9.0628824234, 6.17536067963, 6.90185022354, 6.63835287094, 4.40450716019, 2.59730195999, 2.83032441139, 2.58790779114, 2.02722406387, 1.40415263176, 0.860873162746, 0.496954083443, 0.232609242201, 0.10084040463, 0.0324452333152, 0.00931497849524, 0.000835648621432, 2.36621017393e-05], "max": [5.91357088089, 43.3958969116, 66.0039825439, 78.022064209, 224.164367676, 410.704101562, 395.11730957, 256.589263916, 668.094909668, 832.189331055, 1567.43591309, 2463.52197266, 2071.01220703, 1636.96899414, 1288.93273926, 701.990356445, 624.24987793, 766.641418457, 694.099060059, 430.173034668, 406.086029053, 424.109069824, 432.485992432, 301.434509277, 463.032928467, 368.053405762, 835.433837891, 117.779121399, 209.33694458, 252.154251099, 290.172546387, 171.69303894, 135.616012573, 112.977363586, 34.8067703247, 18.2210464478, 1.6993534565, 0.337144345045, 0.031908929348, 0.000500612251926], "var": [0.382995486259, 9.98606681824, 18.1240825653, 13.6194820404, 266.927398682, 560.453979492, 679.353881836, 508.790100098, 1147.12646484, 5230.59912109, 13693.1875, 9873.35253906, 6530.42382812, 9921.00878906, 6873.12353516, 3650.36621094, 2742.00366211, 2770.10229492, 3519.1472168, 649.02935791, 729.929992676, 942.971374512, 1020.2845459, 410.7421875, 639.059020996, 784.187438965, 262.022277832, 80.8369674683, 126.117378235, 163.219100952, 121.343849182, 64.7996368408, 29.3581504822, 9.45185852051, 1.8774061203, 0.352626502514, 0.0125210434198, 0.000950496876612, 7.03054683981e-06, 3.13083137193e-09], "mean": [0.239063024521, 1.37911236286, 2.14156579971, 2.16647171974, 8.06608390808, 15.2469367981, 15.878247261, 13.0670089722, 14.8994169235, 40.7902412415, 52.8071517944, 47.110534668, 39.4542312622, 42.6366119385, 44.8820114136, 34.7979888916, 25.3084163666, 28.8405838013, 29.0403766632, 16.0788631439, 16.7378768921, 16.9971351624, 19.3704147339, 13.0368213654, 14.200176239, 13.8170576096, 6.59475040436, 3.95563769341, 4.34074497223, 4.0531668663, 2.92979979515, 2.05827498436, 1.3424539566, 0.79011952877, 0.379046261311, 0.168166801333, 0.0547413975, 0.0151126356795, 0.00124554324429, 5.33699130756e-05]}, "spectral_strongpeak": {"dmean2": 0.947830021381, "median": 0.572001516819, "min": 0, "dvar2": 1.68481314182, "dvar": 0.703864753246, "dmean": 0.569958388805, "max": 13.6027793884, "var": 1.61313092709, "mean": 1.13951230049}, "spectral_energy": {"dmean2": 0.0195396058261, "median": 0.022941596806, "min": 1.05755000925e-20, "dvar2": 0.00145991065074, "dvar": 0.00057753251167, "dmean": 0.0124655626714, "max": 0.25007212162, "var": 0.000679552787915, "mean": 0.0286613050848}, "average_loudness": 0.930371284485, "spectral_rolloff": {"dmean2": 641.372619629, "median": 990.52734375, "min": 43.06640625, "dvar2": 1490839.125, "dvar": 733227.4375, "dmean": 389.366668701, "max": 18712.3535156, "var": 2203848.5, "mean": 1333.14379883}, "spectral_centroid": {"dmean2": 330.403503418, "median": 1108.3112793, "min": 247.881576538, "dvar2": 178240.9375, "dvar": 94975.65625, "dmean": 223.640579224, "max": 10867.5400391, "var": 400220.71875, "mean": 1226.2043457}, "pitch_salience": {"dmean2": 0.10681411624, "median": 0.541823983192, "min": 0.138112649322, "dvar2": 0.00976902712137, "dvar": 0.00403242139146, "dmean": 0.0668304264545, "max": 0.858754396439, "var": 0.0117684714496, "mean": 0.534440159798}, "spectral_energyband_middle_high": {"dmean2": 0.00271799648181, "median": 0.00317637436092, "min": 1.55520809886e-21, "dvar2": 2.04699499591e-05, "dvar": 9.64223181654e-06, "dmean": 0.00186547485646, "max": 0.0630202069879, "var": 5.05001589772e-05, "mean": 0.00596089381725}, "spectral_contrast_coeffs": {"dmean2": [0.08263541013, 0.0723422318697, 0.0618576668203, 0.0504118576646, 0.0396898053586, 0.0278428122401], "median": [-0.659176468849, -0.70409822464, -0.708959460258, -0.741075158119, -0.767993271351, -0.781554877758], "min": [-0.958141207695, -0.965916574001, -0.976922571659, -0.961225569248, -0.956094503403, -0.958436071873], "dvar2": [0.0047243097797, 0.00369796878658, 0.00273589557037, 0.00168455112725, 0.00115978287067, 0.000615563069005], "dvar": [0.00189091789071, 0.00157705473248, 0.00120838719886, 0.000757739355322, 0.000567946990486, 0.000271260418231], "dmean": [0.0500839017332, 0.0454749576747, 0.0398948043585, 0.0324851088226, 0.026044709608, 0.0179622545838], "max": [-0.212032228708, -0.310617089272, -0.343074560165, -0.450633168221, -0.471031695604, -0.573387622833], "var": [0.0106590464711, 0.00662520853803, 0.00646288134158, 0.00401268759742, 0.00341136241332, 0.00138818030246], "mean": [-0.641190588474, -0.697095930576, -0.702413678169, -0.734586954117, -0.756618142128, -0.778426289558]}, "melbands_skewness": {"dmean2": 0.995203256607, "median": 1.9032933712, "min": -5.30982351303, "dvar2": 1.88873302937, "dvar": 0.837054133415, "dmean": 0.665483832359, "max": 15.6315116882, "var": 2.40585398674, "mean": 2.12495303154}, "spectral_spread": {"dmean2": 661078.25, "median": 3974752.5, "min": 964787.375, "dvar2": 709494571008, "dvar": 442856996864, "dmean": 496693, "max": 40392972, "var": 2139529805820.0, "mean": 4242757}, "dissonance": {"dmean2": 0.0376532711089, "median": 0.45528832078, "min": 0.189380884171, "dvar2": 0.00125153711997, "dvar": 0.000478336762171, "dmean": 0.0228324588388, "max": 0.499999940395, "var": 0.00136022025254, "mean": 0.447320818901}, "spectral_skewness": {"dmean2": 0.382382005453, "median": 1.78433513641, "min": 0.0313719622791, "dvar2": 0.160426422954, "dvar": 0.0686591863632, "dmean": 0.245924502611, "max": 5.66130447388, "var": 0.312387615442, "mean": 1.83484661579}, "spectral_flux": {"dmean2": 0.0467445328832, "median": 0.0712967216969, "min": 1.02837252602e-10, "dvar2": 0.00343101262115, "dvar": 0.00166718300898, "dmean": 0.0310522243381, "max": 0.431731641293, "var": 0.0036703706719, "mean": 0.08622957021}, "spectral_contrast_valleys": {"dmean2": [0.617726206779, 0.589407920837, 0.538275778294, 0.473579078913, 0.43966910243, 0.42915096879], "median": [-6.92988967896, -6.82467269897, -7.49911975861, -8.0159072876, -7.83982276917, -10.3812141418], "min": [-27.2511825562, -27.5707321167, -27.3915252686, -26.9998378754, -27.2887859344, -27.2458305359], "dvar2": [0.301125705242, 0.292076528072, 0.248314157128, 0.193268239498, 0.226440891623, 0.2652361691], "dvar": [0.138672322035, 0.136939466, 0.121388323605, 0.103586003184, 0.126472458243, 0.1628934443], "dmean": [0.385167062283, 0.374952405691, 0.348902404308, 0.315284579992, 0.31647837162, 0.350858181715], "max": [-4.9856801033, -4.52361917496, -5.06008148193, -5.85254430771, -5.82400989532, -7.26334762573], "var": [1.92000436783, 1.07828474045, 0.924117565155, 0.826178848743, 0.96737074852, 1.3487174511], "mean": [-7.33767318726, -6.93384027481, -7.54941511154, -8.09164810181, -7.94635152817, -10.4688005447]}, "erbbands_flatness_db": {"dmean2": 0.0243105255067, "median": 0.159941330552, "min": 0.0348281115294, "dvar2": 0.000605272594839, "dvar": 0.000321358296787, "dmean": 0.0177357103676, "max": 0.406127184629, "var": 0.0028947123792, "mean": 0.165822848678}, "spectral_energyband_high": {"dmean2": 0.000507206481416, "median": 0.000198940309929, "min": 7.68122420977e-21, "dvar2": 1.85150486232e-06, "dvar": 9.34427816901e-07, "dmean": 0.000366759399185, "max": 0.0201464500278, "var": 2.18696845877e-06, "mean": 0.000672858557664}, "spectral_entropy": {"dmean2": 0.241514846683, "median": 7.34890651703, "min": 5.38615608215, "dvar2": 0.0625964552164, "dvar": 0.0344815254211, "dmean": 0.172214180231, "max": 9.78676319122, "var": 0.231111973524, "mean": 7.33982515335}, "silence_rate_20dB": {"dmean2": 0, "median": 1, "min": 1, "dvar2": 0, "dvar": 0, "dmean": 0, "max": 1, "var": 0, "mean": 1}, "melbands_flatness_db": {"dmean2": 0.037105049938, "median": 0.207771152258, "min": 0.00381497340277, "dvar2": 0.00166647019796, "dvar": 0.000780462287366, "dmean": 0.0256200972944, "max": 0.452851355076, "var": 0.00385030545294, "mean": 0.212493956089}, "barkbands": {"dmean2": [0.00086832488887, 0.00970954447985, 0.00219151726924, 0.00129473791458, 0.00436631729826, 0.00129325583111, 0.00178868323565, 0.00189420999959, 0.00194667535834, 0.000857650476974, 0.000945036124904, 0.000759541988373, 0.000459219882032, 0.000505880161654, 0.000390432134736, 0.000248243071837, 0.000216709595406, 0.000269093114184, 0.000190481048776, 0.000199954069103, 0.000135165231768, 0.000114923939691, 0.000105282466393, 8.11752033769e-05, 5.14811981702e-05, 2.69923748419e-05, 7.79022866482e-06], "median": [4.56118941656e-05, 0.00324737885967, 0.000756992434617, 0.000370312249288, 0.00209407205693, 0.000656270014588, 0.000552929705009, 0.000392651680158, 0.00068946799729, 0.000160394454724, 0.00026122800773, 0.000341942068189, 0.000119002055726, 0.000172043728526, 0.000174487242475, 0.000116191702546, 0.000102297082776, 0.000120955883176, 9.01481689652e-05, 7.13587651262e-05, 3.39977996191e-05, 2.64056106971e-05, 1.92426596186e-05, 1.75750719791e-05, 1.20935510495e-05, 7.83132509241e-06, 8.80544746451e-07], "min": [2.95513093223e-24, 3.52401868401e-23, 1.33661026129e-23, 2.83048657047e-23, 1.04904988785e-22, 8.64946350203e-23, 3.03188275958e-23, 5.33355232016e-23, 6.36198586468e-23, 7.42390876343e-23, 9.61981100928e-23, 8.36647763831e-23, 9.31925752875e-23, 1.24217079984e-22, 6.15020952824e-23, 2.197877806e-22, 1.75703544778e-22, 2.16951566899e-22, 2.61676471372e-22, 2.83829629344e-22, 4.47911536426e-22, 4.80242565176e-22, 6.7421606541e-22, 8.79757169522e-22, 1.21576021636e-21, 1.60474694812e-21, 2.39832536777e-21], "dvar2": [6.52338803775e-06, 0.000867899798322, 3.71601963707e-05, 7.60858529247e-06, 7.71522172727e-05, 7.25466361473e-06, 2.02166411327e-05, 2.35534316744e-05, 2.51167748502e-05, 7.40998302717e-06, 7.31788895791e-06, 2.59996431851e-06, 1.12904467642e-06, 1.39036899327e-06, 6.68569384743e-07, 2.33017374285e-07, 1.87371341553e-07, 2.39707020455e-07, 1.79915048193e-07, 1.58797149652e-07, 2.26773266832e-07, 1.26111444843e-07, 1.81692328738e-07, 1.29382186742e-07, 4.72673988838e-08, 5.73564085116e-09, 3.28161692265e-10], "dvar": [2.61457489614e-06, 0.000328863126924, 1.29444451886e-05, 2.79358368971e-06, 3.21169245581e-05, 3.09045844915e-06, 8.31382840261e-06, 1.05349135993e-05, 1.06793204395e-05, 3.22682444676e-06, 3.37530764227e-06, 1.14627152925e-06, 5.21947015386e-07, 6.16379395524e-07, 2.87998972226e-07, 1.00817388216e-07, 7.89365088849e-08, 1.06619566509e-07, 7.60951479606e-08, 7.32220044597e-08, 8.70211707138e-08, 5.88142370361e-08, 8.74435031051e-08, 6.531290353e-08, 2.43694362467e-08, 2.8667492824e-09, 1.51362450351e-10], "dmean": [0.000521052046679, 0.00576738547534, 0.00122613960411, 0.000750318460632, 0.00273158727214, 0.000837452127598, 0.00111881759949, 0.00125574180856, 0.00129661918618, 0.000565511523746, 0.000639616278931, 0.000500022782944, 0.000305894616758, 0.000327842601109, 0.000253018020885, 0.000157116432092, 0.000138383780723, 0.000175775145181, 0.000125740567455, 0.000133630048367, 8.65405236254e-05, 7.92036007624e-05, 7.35117937438e-05, 5.73252582399e-05, 3.75557683583e-05, 1.95029188035e-05, 5.30925626663e-06], "max": [0.0171385742724, 0.19778187573, 0.0505203679204, 0.0276907701045, 0.0951904579997, 0.0329025089741, 0.046555660665, 0.0653050541878, 0.0868079811335, 0.0564390085638, 0.0396235100925, 0.0188304763287, 0.0132361557335, 0.0145463347435, 0.00863143149763, 0.00687994062901, 0.00736666982993, 0.00739216711372, 0.0077767111361, 0.00670294091105, 0.0124280005693, 0.00658749230206, 0.00853526964784, 0.00838095322251, 0.00581616675481, 0.00206205598079, 0.000203108109417], "var": [2.24958375838e-06, 0.000264340429567, 9.38533594308e-06, 2.5004337658