{"metadata": {"tags": {"label": ["Silva Screen Records"], "releasecountry": ["GB"], "catalognumber": ["SILCD 1375"], "genre": ["Soundtrack"], "releasetype": ["soundtrack"], "tracknumber": ["25"], "disctotal": ["2"], "musicbrainz_albumartistid": ["46e5aa54-d0a2-4121-8ad8-e5d6147c0c08"], "album": ["Doctor Who: Series 6"], "script": ["Latn"], "albumartistsort": ["Gold, Murray"], "acoustid_id": ["6583460a-2ced-46b1-9263-507ab540b944"], "musicbrainz_artistid": ["46e5aa54-d0a2-4121-8ad8-e5d6147c0c08"], "musicbrainz_albumid": ["6c0d1322-7d94-4859-821b-0a936be72786"], "musicbrainz_recordingid": ["01bf758f-d9ad-4935-9847-d2e59df19ae3"], "albumartist": ["Murray Gold"], "barcode": ["738572137526"], "originaldate": ["2011-12-19"], "releasestatus": ["official"], "artist": ["Murray Gold"], "isrc": ["GBAJC1100295"], "artistsort": ["Gold, Murray"], "title": ["Double Doctor"], "asin": ["B005ZRGVHY"], "tracktotal": ["31"], "discnumber": ["1"], "date": ["2011-12-19"], "copyright": ["2011 Silva Screen Records Ltd"], "media": ["CD"], "file_name": "125_double_doctor.flac"}, "audio_properties": {"sample_rate": 44100, "downmix": "mix", "lossless": true, "analysis_sample_rate": 44100, "md5_encoded": "a4e2e5f95a9f9aed68207906d30c1f5c", "equal_loudness": 0, "replay_gain": -12.5380477905, "codec": "flac", "bit_rate": 0, "length": 122.946662903}, "version": {"extractor": "music 1.0", "essentia_build_sha": "70f2e5ece6736b2c40cc944ad0e695b16b925413", "essentia_git_sha": "v2.1_beta2", "essentia": "2.1-beta2"}}, "rhythm": {"beats_loudness_band_ratio": {"dvar2": [0.0792337805033, 0.0448381304741, 0.0419674739242, 0.0243359785527, 0.00777575280517, 0.00243673264049], "var": [0.0565107576549, 0.0261692013592, 0.0203504767269, 0.0170787461102, 0.00417888490483, 0.00108300684951], "min": [0.00485292868689, 0.00292472704314, 0.000690834654961, 0.00137370463926, 0.00091793196043, 0.000122449506307], "dmean": [0.172335401177, 0.131899029016, 0.128609701991, 0.0907965525985, 0.0435740500689, 0.0176734514534], "mean": [0.344286471605, 0.238889545202, 0.222744494677, 0.149758502841, 0.070039190352, 0.0215972606093], "max": [0.993419885635, 0.833386301994, 0.765668511391, 0.75840741396, 0.461466610432, 0.233965188265], "dmean2": [0.289393305779, 0.227828904986, 0.223367720842, 0.156260251999, 0.0756262019277, 0.0300667248666], "median": [0.293627023697, 0.214130371809, 0.194124519825, 0.113488771021, 0.0495944693685, 0.00908517464995], "dvar": [0.0281300209463, 0.0151111474261, 0.0140788275748, 0.00883907545358, 0.00281795323826, 0.000860575586557]}, "bpm_histogram_first_peak_weight": {"dvar2": 0, "var": 0, "min": 0.313479632139, "dmean": 0, "mean": 0.313479632139, "max": 0.313479632139, "dmean2": 0, "median": 0.313479632139, "dvar": 0}, "bpm": 178.205825806, "beats_count": 320, "bpm_histogram_first_peak_spread": {"dvar2": 0, "var": 0, "min": 0, "dmean": 0, "mean": 0, "max": 0, "dmean2": 0, "median": 0, "dvar": 0}, "danceability": 0.980143845081, "bpm_histogram_first_peak_bpm": {"dvar2": 0, "var": 0, "min": 178, "dmean": 0, "mean": 178, "max": 178, "dmean2": 0, "median": 178, "dvar": 0}, "beats_position": [0.31346938014, 0.626938760281, 0.940408170223, 1.26548755169, 1.59056687355, 1.91564619541, 2.24072551727, 2.57741498947, 2.91410422325, 3.25079369545, 3.5758728981, 3.90095233917, 4.23764181137, 4.57433080673, 4.8994102478, 5.22448968887, 5.56117916107, 5.89786815643, 6.23455762863, 6.57124710083, 6.90793657303, 7.24462556839, 7.58131504059, 7.91800451279, 8.24308395386, 8.57977294922, 8.91646194458, 9.25315189362, 9.58984088898, 9.92653083801, 10.2632198334, 10.6115188599, 10.95981884, 11.3081178665, 11.656416893, 11.9931058884, 12.3297958374, 12.6780948639, 13.0147848129, 13.3746938705, 13.722992897, 14.0712919235, 14.4195919037, 14.7678909302, 15.1394100189, 15.5109291077, 15.8824491501, 16.2539672852, 16.6138763428, 16.9737873077, 17.3336963654, 17.693605423, 18.0535144806, 18.4018135071, 18.7501125336, 19.1100215912, 19.458322525, 19.8066215515, 20.154920578, 20.5032196045, 20.851518631, 21.1882076263, 21.5365066528, 21.8848075867, 22.221496582, 22.5581855774, 22.8948745728, 23.2315635681, 23.5682544708, 23.9049434662, 24.2416324615, 24.5667114258, 24.9034004211, 25.2400894165, 25.5651702881, 25.9018592834, 26.2385482788, 26.563627243, 26.9003162384, 27.2370071411, 27.5736961365, 27.9103851318, 28.2470741272, 28.5837631226, 28.9204521179, 29.2571430206, 29.5822219849, 29.9073009491, 30.2323799133, 30.5690689087, 30.9057598114, 31.2308387756, 31.567527771, 31.9042167664, 32.2292976379, 32.5659866333, 32.9026756287, 33.239364624, 33.5644454956, 33.901134491, 34.2262115479, 34.5629005432, 34.8995895386, 35.2246704102, 35.5497512817, 35.8748283386, 36.211517334, 36.5482063293, 36.8848991394, 37.2215881348, 37.5466651917, 37.8717460632, 38.2084350586, 38.545124054, 38.8702049255, 39.1952819824, 39.5319709778, 39.8686599731, 40.2053489685, 40.5420417786, 40.8787307739, 41.2154197693, 41.5521087646, 41.88879776, 42.2254867554, 42.550567627, 42.8872566223, 43.2239456177, 43.560634613, 43.8973236084, 44.2456245422, 44.5823135376, 44.919002533, 45.2556915283, 45.5923805237, 45.9174575806, 46.2425384521, 46.5676193237, 46.9043083191, 47.2409973145, 47.5776863098, 47.9027671814, 48.2278442383, 48.5529251099, 48.8896141052, 49.2263031006, 49.5629920959, 49.8996810913, 50.2363700867, 50.573059082, 50.9097480774, 51.2464370728, 51.5715179443, 51.9082069397, 52.2448959351, 52.5815849304, 52.9182739258, 53.2549667358, 53.5800437927, 53.9167327881, 54.2534217834, 54.578502655, 54.9035835266, 55.240272522, 55.5653495789, 55.9020385742, 56.2387275696, 56.5638084412, 56.8888893127, 57.2139663696, 57.550655365, 57.8873443604, 58.2124252319, 58.5375061035, 58.8741950989, 59.2108840942, 59.6868934631, 60.1512908936, 60.6273002625, 61.0916976929, 61.5677070618, 62.0437164307, 62.5197257996, 62.9957351685, 63.4717445374, 63.9825820923, 64.4818115234, 64.9926528931, 65.5034942627, 66.0027160645, 66.5019454956, 67.0011749268, 67.5120162964, 68.022857666, 68.6265716553, 69.2302932739, 69.8340148926, 70.4029006958, 70.971786499, 71.5290679932, 72.0863494873, 72.6436233521, 73.2009048462, 73.7697982788, 74.3270721436, 74.8843536377, 75.4416275024, 76.0221328735, 76.6026306152, 77.1715164185, 77.7404098511, 78.3209075928, 78.924621582, 79.5399551392, 80.1552810669, 80.7706069946, 81.3859405518, 81.9896621704, 82.5933761597, 83.1970977783, 83.684715271, 84.1839447021, 84.6715621948, 85.0662994385, 85.449432373, 85.8325576782, 86.2156906128, 86.598815918, 86.9819488525, 87.3650741577, 87.7482070923, 88.1197280884, 88.5028533936, 88.8859863281, 89.2691116333, 89.6522445679, 90.035369873, 90.4068908691, 90.7784118652, 91.1615371704, 91.5330581665, 91.9045791626, 92.2761001587, 92.6476211548, 93.0191345215, 93.4022674561, 93.7853927612, 94.1569137573, 94.5284347534, 94.9115600586, 95.2830810547, 95.6546020508, 96.0261230469, 96.4092483521, 96.7807693481, 97.1522903442, 97.5238113403, 97.895324707, 98.2668457031, 98.6383666992, 99.0214920044, 99.404624939, 99.7761459351, 100.147659302, 100.530792236, 100.913917542, 101.297050476, 101.680175781, 102.063308716, 102.44644165, 102.829566956, 103.201087952, 103.584213257, 103.967346191, 104.327255249, 104.687164307, 105.047073364, 105.41859436, 105.790107727, 106.161628723, 106.521537781, 106.881446838, 107.252967834, 107.624488831, 107.996009827, 108.367523193, 108.739044189, 109.110565186, 109.493690491, 109.876823425, 110.25995636, 110.654693604, 111.037818909, 111.432563782, 111.838912964, 112.245262146, 112.63999939, 113.034736633, 113.429473877, 113.82421875, 114.218955994, 114.613693237, 115.008430481, 115.391563416, 115.774688721, 116.169433594, 116.564170837, 116.935691833, 117.3072052, 117.748390198, 118.189567566, 118.630744934, 119.071922302, 119.524711609, 119.965896606, 120.418685913, 120.883079529, 121.335868835, 121.788658142, 122.241447449], "beats_loudness": {"dvar2": 0.00105762504973, "var": 0.000626418041065, "min": 2.28415100167e-08, "dmean": 0.0155227091163, "mean": 0.0285569969565, "max": 0.156076192856, "dmean2": 0.0278989057988, "median": 0.0238513126969, "dvar": 0.000369750254322}, "bpm_histogram_second_peak_weight": {"dvar2": 0, "var": 0, "min": 0.134796231985, "dmean": 0, "mean": 0.134796231985, "max": 0.134796231985, "dmean2": 0, "median": 0.134796231985, "dvar": 0}, "bpm_histogram_second_peak_spread": {"dvar2": 0, "var": 0, "min": 0, "dmean": 0, "mean": 0, "max": 0, "dmean2": 0, "median": 0, "dvar": 0}, "bpm_histogram_second_peak_bpm": {"dvar2": 0, "var": 0, "min": 185, "dmean": 0, "mean": 185, "max": 185, "dmean2": 0, "median": 185, "dvar": 0}, "onset_rate": 1.86237502098}, "lowlevel": {"spectral_energyband_high": {"dvar2": 1.23032648958e-07, "var": 2.64771443881e-07, "min": 8.04501161926e-21, "dmean": 6.54661707813e-05, "mean": 0.00021077466954, "max": 0.0101361731067, "dmean2": 9.62927661021e-05, "median": 3.57181343134e-05, "dvar": 5.16156610786e-08}, "spectral_energyband_middle_low": {"dvar2": 4.79389091197e-05, "var": 0.000105427716335, "min": 3.1776687987e-22, "dmean": 0.00298302038573, "mean": 0.00963166821748, "max": 0.0955531075597, "dmean2": 0.0045218160376, "median": 0.0066125523299, "dvar": 1.97911758733e-05}, "spectral_energy": {"dvar2": 0.000130683954922, "var": 0.000431517371908, "min": 1.10686451404e-20, "dmean": 0.00509124621749, "mean": 0.0206013955176, "max": 0.154225081205, "dmean2": 0.00756973866373, "median": 0.0149585567415, "dvar": 5.78472099733e-05}, "spectral_spread": {"dvar2": 282734297088, "var": 1821081337860.0, "min": 1083139.375, "dmean": 229258.546875, "mean": 3005520, "max": 40272696, "dmean2": 351251.625, "median": 2810931.5, "dvar": 227487825920}, "spectral_energyband_low": {"dvar2": 9.03922700672e-05, "var": 0.000138543080539, "min": 3.02941141613e-23, "dmean": 0.00283887912519, "mean": 0.00667062494904, "max": 0.142928659916, "dmean2": 0.00426999572664, "median": 0.00223179836757, "dvar": 3.87594045606e-05}, "spectral_rolloff": {"dvar2": 834201, "var": 2011739.25, "min": 64.599609375, "dmean": 263.759643555, "mean": 1198.86999512, "max": 18927.6855469, "dmean2": 450.645111084, "median": 947.4609375, "dvar": 322946.1875}, "barkbands": {"dvar2": [5.40476150945e-07, 4.9351110647e-05, 1.54970748554e-05, 7.8549473983e-06, 1.0189151908e-05, 9.43876148085e-06, 4.71648945677e-06, 1.13380647235e-05, 2.97884344036e-06, 1.86525267054e-06, 3.18952675116e-06, 4.48260652774e-06, 5.10014206156e-06, 8.1069231328e-07, 1.13431576665e-06, 5.57614953323e-07, 9.80863546829e-07, 2.59030059624e-07, 6.29485157333e-07, 5.80284904572e-08, 2.10168860093e-08, 7.19198300914e-09, 3.63681813553e-08, 5.42408229443e-10, 2.39337016872e-09, 3.93228005713e-10, 3.38945232992e-10], "var": [1.80068809641e-07, 5.57623752684e-05, 2.44102120632e-05, 5.20255161973e-06, 8.77773527463e-06, 7.92271293903e-06, 6.13538713878e-06, 1.83227075468e-05, 1.03617412606e-05, 1.57460863193e-06, 4.30880663771e-06, 2.91008700515e-06, 5.63625326322e-06, 5.011339681e-07, 7.08963796114e-07, 4.34376062231e-07, 9.54045617618e-07, 1.38500055868e-07, 1.97538753355e-07, 6.9247064971e-08, 2.35075283683e-08, 1.5317718649e-08, 1.6913958234e-08, 1.44711853611e-09, 1.62277624671e-09, 7.94330767828e-10, 4.92744178793e-10], "min": [7.66716080776e-24, 6.60737509097e-24, 4.1138910825e-24, 2.40186483519e-23, 2.74622991491e-23, 4.82892178562e-23, 1.64025134341e-23, 1.0694679431e-22, 9.07164797455e-23, 1.25123361257e-22, 9.05402419084e-23, 2.4353827462e-23, 9.81143100296e-23, 1.67387108058e-22, 1.32821671815e-22, 1.92232629367e-22, 1.85881062146e-22, 1.91939829442e-22, 2.5120345302e-22, 4.76166792246e-22, 5.2971941628e-22, 5.72889469598e-22, 4.93655220048e-22, 7.11022724904e-22, 1.19698305489e-21, 1.8932635472e-21, 2.6368276301e-21], "dmean": [0.000128145184135, 0.00176150153857, 0.00118353147991, 0.000586080015637, 0.00118191307411, 0.00094644719502, 0.000597074802499, 0.00103246967774, 0.000461195915705, 0.000401624274673, 0.000475137028843, 0.000464280397864, 0.000415610760683, 0.00020261669124, 0.000241592380917, 0.000180956805707, 0.000236525433138, 8.71407828527e-05, 9.70925248112e-05, 5.0041358918e-05, 2.58001273323e-05, 1.85807275557e-05, 1.21143584693e-05, 4.78425681649e-06, 3.46787555827e-06, 2.12588952309e-06, 1.45589626754e-06], "mean": [0.000135152338771, 0.0036338896025, 0.00237384415232, 0.000926295528188, 0.00234337290749, 0.00187630380969, 0.0011822457891, 0.00187501951586, 0.0011221159948, 0.000674269453157, 0.000857004604768, 0.000749911414459, 0.000774493208155, 0.000318221922498, 0.00040187779814, 0.000314645469189, 0.000435271795141, 0.000165691701113, 0.000174295375473, 0.000107410807686, 5.97889156779e-05, 4.57437017758e-05, 2.5042985726e-05, 1.28748160932e-05, 7.85931024438e-06, 5.39634447705e-06, 3.27981251758e-06], "max": [0.00676959985867, 0.124121911824, 0.0606932267547, 0.0299780070782, 0.0270671024919, 0.0347511842847, 0.0576670095325, 0.0643472522497, 0.0414092615247, 0.0221224352717, 0.0232814326882, 0.0331376455724, 0.0379679612815, 0.0149294231087, 0.0174684226513, 0.0089198416099, 0.0175708364695, 0.0112762004137, 0.0209998209029, 0.00480604358017, 0.00278484541923, 0.00158222753089, 0.00727116921917, 0.000516079191584, 0.00195108272601, 0.00076486117905, 0.000832106277812], "dmean2": [0.000238024411374, 0.00271860510111, 0.00168569793459, 0.000974281458184, 0.00193756935187, 0.00148834078573, 0.000924307911191, 0.00150216848124, 0.000654975359794, 0.00063169002533, 0.000708898587618, 0.000763302610721, 0.000645206135232, 0.000331130082486, 0.000400389108108, 0.000301975902403, 0.000393644848373, 0.000146929000039, 0.000163943361258, 8.24032103992e-05, 4.19808602601e-05, 2.76629325526e-05, 1.8510118025e-05, 6.80440507494e-06, 5.00941723658e-06, 2.94376809507e-06, 1.87591444956e-06], "median": [1.20837030408e-05, 0.000862946966663, 0.000636046112049, 0.000283828820102, 0.00132636202034, 0.000839907326736, 0.000477751425933, 0.000457831280073, 0.000199445290491, 0.000227901095059, 0.000154971086886, 0.000187493453268, 0.000132282963023, 0.000100452918559, 0.000109834829345, 9.66376246652e-05, 0.000100689285318, 5.20921166753e-05, 4.29408537457e-05, 2.36035648413e-05, 1.012228131e-05, 5.8955320128e-06, 2.10493408304e-06, 1.25474002743e-06, 5.68666052914e-07, 3.47123943811e-07, 2.18952493469e-07], "dvar": [1.57534302048e-07, 1.85582375707e-05, 7.38425978852e-06, 2.70323153018e-06, 3.57326393896e-06, 3.25489054376e-06, 2.04376169677e-06, 6.06388630331e-06, 1.58934130923e-06, 7.73126146214e-07, 1.51890571942e-06, 1.68466226569e-06, 2.12946883948e-06, 3.18781047781e-07, 4.21776746862e-07, 1.99682204993e-07, 3.85162735483e-07, 8.63019167241e-08, 2.0101957432e-07, 2.18680469288e-08, 7.51434825474e-09, 3.49394468913e-09, 1.47663659078e-08, 2.60343385738e-10, 1.02478425745e-09, 1.94263716224e-10, 1.74806336073e-10]}, "melbands_skewness": {"dvar2": 0.976442754269, "var": 2.42307424545, "min": -0.262091249228, "dmean": 0.529269039631, "mean": 2.05317234993, "max": 16.3510551453, "dmean2": 0.834655344486, "median": 1.75786018372, "dvar": 0.386085063219}, "barkbands_skewness": {"dvar2": 0.651705205441, "var": 1.36715054512, "min": -1.69166254997, "dmean": 0.424475759268, "mean": 1.30321550369, "max": 17.8511543274, "dmean2": 0.671974956989, "median": 1.16818189621, "dvar": 0.267661601305}, "erbbands": {"dvar2": [0.0452106893063, 3.06805944443, 25.8776798248, 30.1960124969, 103.602119446, 110.313941956, 1322.1262207, 250.718093872, 488.304107666, 3436.33129883, 3283.79370117, 1671.83532715, 2175.00830078, 1761.10412598, 3523.90600586, 10041.5117188, 13421.046875, 1905.44689941, 2639.52636719, 2538.34960938, 1884.19189453, 1843.32446289, 814.156982422, 2950.98803711, 283.271240234, 133.966949463, 30.8578166962, 33.9961929321, 10.5212974548, 4.99234628677, 76.9588851929, 0.758435726166, 0.202927142382, 0.760444998741, 0.0799380242825, 0.00517942523584, 0.00268133333884, 0.000244397699134, 8.18164517113e-06, 3.04472891344e-08], "var": [0.0253595113754, 3.90487337112, 45.5279655457, 28.3407382965, 65.1397399902, 85.6037139893, 1000.51068115, 251.319763184, 640.201599121, 5841.72802734, 4579.71630859, 6827.89208984, 1583.33947754, 2398.56811523, 4391.33154297, 6735.95898438, 14584.0996094, 1323.36669922, 1640.59082031, 1612.72375488, 1570.38195801, 2365.90283203, 480.895385742, 805.415771484, 255.568115234, 172.235198975, 43.0913543701, 41.1417655945, 21.1298274994, 7.44939804077, 29.3746051788, 1.03903377056, 0.377932488918, 0.436816811562, 0.0508223176003, 0.0108091207221, 0.00352247525007, 0.000331338436808, 1.44744535646e-05, 5.12509537032e-08], "min": [2.81897816272e-22, 1.16379313964e-21, 3.83318323135e-21, 5.35645717044e-20, 4.55548784354e-20, 1.41788140322e-19, 1.46278865093e-19, 5.35292769416e-19, 3.2044392734e-19, 1.03081759011e-18, 1.94900213212e-18, 1.99380368166e-18, 2.47569697945e-18, 4.06041662802e-18, 3.82261502321e-18, 1.55282201318e-18, 4.05738914697e-18, 6.71337303606e-18, 7.51045668203e-18, 9.96782003038e-18, 1.08397064463e-17, 9.13709743045e-18, 1.05667136831e-17, 1.22005757183e-17, 1.39723097364e-17, 2.22089209812e-17, 2.10849876696e-17, 2.0335426377e-17, 2.07013611538e-17, 1.6802356001e-17, 1.58920321564e-17, 1.42472116325e-17, 1.25522035792e-17, 1.18616244002e-17, 9.46678349847e-18, 6.18197814849e-18, 3.36853422594e-18, 1.78131111526e-18, 3.40729420339e-19, 3.82376968979e-20], "dmean": [0.0396364182234, 0.455133080482, 1.4969574213, 1.39934957027, 2.91411995888, 3.94101381302, 9.32654953003, 5.88780260086, 7.5265789032, 15.9116334915, 19.8500785828, 11.2936449051, 11.0599060059, 13.3753080368, 16.4006671906, 21.7785549164, 20.8379669189, 10.8540086746, 10.4737815857, 10.9839696884, 11.0590257645, 9.70677375793, 4.96054172516, 5.44152498245, 3.55900764465, 2.4602432251, 1.20766031742, 0.95853638649, 0.689484775066, 0.407659232616, 0.379731893539, 0.127417996526, 0.0784409716725, 0.0491341240704, 0.0232815463096, 0.00921827089041, 0.00451559992507, 0.0012774199713, 0.000251168647083, 1.8995920982e-05], "mean": [0.0645441785455, 0.94733774662, 3.14071655273, 2.72619175911, 4.71433019638, 7.51165437698, 17.0786991119, 11.407793045, 14.9996061325, 30.4830379486, 38.6512832642, 28.6166324615, 18.9584732056, 25.5806446075, 30.8698539734, 36.9150505066, 39.7609138489, 19.182308197, 18.4008026123, 19.7370281219, 21.3815879822, 19.6492080688, 10.2566652298, 9.83153533936, 7.42584991455, 5.32553005219, 2.98842167854, 2.21291422844, 1.69581973553, 0.990018010139, 0.710680127144, 0.323471754789, 0.197033315897, 0.108760640025, 0.0498382598162, 0.0225188024342, 0.0104350401089, 0.00297041144222, 0.000563644047361, 5.63407957088e-05], "max": [2.2675011158, 31.770942688, 83.0233688354, 62.7926254272, 99.3370132446, 91.829536438, 377.990997314, 231.643081665, 349.627105713, 1211.2980957, 747.146118164, 1187.01293945, 847.917297363, 628.706848145, 752.488098145, 1695.10668945, 1975.52148438, 596.05078125, 1088.54309082, 792.40435791, 584.137573242, 1214.39746094, 665.515930176, 1499.9239502, 249.620407104, 245.658584595, 94.0004196167, 124.245674133, 58.2022857666, 39.3737564087, 335.435760498, 27.3348999023, 8.06962871552, 36.8104438782, 7.83919334412, 2.50862979889, 1.51156258583, 0.651975750923, 0.134445458651, 0.00796665623784], "dmean2": [0.0687266141176, 0.684714138508, 2.09030604362, 2.24207305908, 4.80600595474, 6.49141788483, 15.0275783539, 9.2600812912, 11.6570768356, 22.8715724945, 28.8750152588, 15.8796615601, 17.4577865601, 20.1321678162, 24.8206958771, 35.7178230286, 32.0286483765, 17.5680465698, 17.1395130157, 18.0703487396, 18.5478630066, 15.9962310791, 8.26427459717, 9.23939418793, 5.93080091476, 4.0281624794, 1.95898270607, 1.53578341007, 1.02789354324, 0.637527167797, 0.593582034111, 0.190261989832, 0.111579082906, 0.0703906193376, 0.0344574339688, 0.012992605567, 0.00639635650441, 0.00174533005338, 0.000317574216751, 2.49907589023e-05], "median": [0.0105953812599, 0.222094163299, 0.773662805557, 1.00240015984, 1.93849468231, 4.4806804657, 6.10007476807, 5.86413574219, 6.37923955917, 9.37598800659, 12.0530414581, 6.7879281044, 6.80826282501, 8.87546920776, 7.80769538879, 10.1133537292, 7.20864677429, 7.15179538727, 6.09002876282, 7.27222633362, 7.04907035828, 5.20351409912, 3.56307411194, 2.53416252136, 1.90800309181, 1.13951456547, 0.626319825649, 0.334229230881, 0.204920321703, 0.11807847023, 0.0586904473603, 0.0339190736413, 0.0160203352571, 0.00738849956542, 0.00362068973482, 0.00157831097022, 0.000603328109719, 0.00024147410295, 3.77641736122e-05, 2.06451677514e-05], "dvar": [0.0140128098428, 1.23886179924, 12.8720092773, 10.8369150162, 36.1487503052, 38.4401397705, 436.660095215, 100.317337036, 201.22869873, 1865.55615234, 1616.07739258, 884.978820801, 867.679016113, 789.815917969, 1623.6907959, 3796.75512695, 5632.73144531, 734.065612793, 984.215576172, 939.520507812, 682.498291016, 782.738952637, 273.412261963, 937.75201416, 102.967094421, 52.7436141968, 11.2572774887, 12.6146392822, 4.69847297668, 1.96284782887, 30.8869476318, 0.317716151476, 0.0946735069156, 0.32451787591, 0.0315732136369, 0.00259040459059, 0.00119043944869, 0.000111906243546, 4.68564394396e-06, 1.59459005999e-08]}, "silence_rate_30dB": {"dvar2": 0.00639380933717, "var": 0.00226054433733, "min": 0, "dmean": 0.00264400383458, "mean": 0.997734129429, "max": 1, "dmean2": 0.00528900651261, "median": 1, "dvar": 0.00263686780818}, "melbands_spread": {"dvar2": 63.953792572, "var": 122.905273438, "min": 0.456708014011, "dmean": 4.30400419235, "mean": 18.8116436005, "max": 113.452362061, "dmean2": 6.8456735611, "median": 16.4640655518, "dvar": 25.0222091675}, "melbands_crest": {"dvar2": 21.5603847504, "var": 29.3795928955, "min": 1.68003892899, "dmean": 3.02380681038, "mean": 13.1702919006, "max": 31.438375473, "dmean2": 4.90346860886, "median": 11.9050674438, "dvar": 7.85878944397}, "zerocrossingrate": {"dvar2": 4.98799745401e-05, "var": 0.00109967647586, "min": 0.0029296875, "dmean": 0.00521294400096, "mean": 0.0448790937662, "max": 0.4990234375, "dmean2": 0.0063736657612, "median": 0.0380859375, "dvar": 4.06265244237e-05}, "barkbands_kurtosis": {"dvar2": 144.601623535, "var": 163.267532349, "min": -1.89160645008, "dmean": 2.25817584991, "mean": 3.38821721077, "max": 373.034576416, "dmean2": 3.65369844437, "median": 1.29790782928, "dvar": 66.3604431152}, "spectral_flux": {"dvar2": 0.000523812836036, "var": 0.00137732829899, "min": 1.05207627332e-10, "dmean": 0.0120113911107, "mean": 0.056893851608, "max": 0.260723412037, "dmean2": 0.0199125185609, "median": 0.0538204759359, "dvar": 0.000192405015696}, "barkbands_crest": {"dvar2": 12.3148918152, "var": 14.2824134827, "min": 2.5659122467, "dmean": 2.2393860817, "mean": 9.09016132355, "max": 26.1865158081, "dmean2": 3.71478629112, "median": 8.28817462921, "dvar": 4.37310934067}, "barkbands_flatness_db": {"dvar2": 0.000687233172357, "var": 0.00318497838452, "min": 0.0253328979015, "dmean": 0.0170889981091, "mean": 0.157531067729, "max": 0.441833406687, "dmean2": 0.0261928476393, "median": 0.152907267213, "dvar": 0.000290283176582}, "spectral_entropy": {"dvar2": 0.0248468518257, "var": 0.171967491508, "min": 5.48647356033, "dmean": 0.114697761834, "mean": 7.13706445694, "max": 9.79411888123, "dmean2": 0.173141226172, "median": 7.16765117645, "dvar": 0.0122834248468}, "pitch_salience": {"dvar2": 0.00853518210351, "var": 0.0139013389125, "min": 0.0703627541661, "dmean": 0.0641213357449, "mean": 0.552675545216, "max": 0.859030723572, "dmean2": 0.105015769601, "median": 0.561359345913, "dvar": 0.00310905068181}, "erbbands_spread": {"dvar2": 56.7605247498, "var": 180.246231079, "min": 3.62019634247, "dmean": 4.91637945175, "mean": 28.3943843842, "max": 130.473556519, "dmean2": 7.77183198929, "median": 26.5847682953, "dvar": 24.4705524445}, "dynamic_complexity": 6.04861307144, "spectral_contrast_valleys": {"dvar2": [0.244146645069, 0.172911092639, 0.122016116977, 0.0955050960183, 0.0703553110361, 0.0729592144489], "var": [1.77332961559, 1.91082179546, 1.80400598049, 1.91435360909, 1.76320409775, 1.47586798668], "min": [-26.920545578, -27.2518806458, -26.9441490173, -27.6512832642, -27.1216678619, -27.2851486206], "dmean": [0.351172715425, 0.302107274532, 0.257954597473, 0.206881418824, 0.172849968076, 0.166521176696], "mean": [-7.6973657608, -6.89606380463, -7.68565177917, -8.22682476044, -8.58634376526, -11.8910455704], "max": [-5.48508119583, -4.8369641304, -5.62223720551, -5.94868850708, -6.08345079422, -8.44628715515], "dmean2": [0.584241271019, 0.499711453915, 0.420519173145, 0.325329989195, 0.247885122895, 0.215459868312], "median": [-7.41986274719, -6.58289861679, -7.36179828644, -7.85550117493, -8.34369659424, -11.9341049194], "dvar": [0.107983037829, 0.0848757848144, 0.0638983920217, 0.0571714937687, 0.0520888790488, 0.0575719662011]}, "hfc": {"dvar2": 56.2593574524, "var": 258.58114624, "min": 1.23318110658e-16, "dmean": 2.8507900238, "mean": 13.0519351959, "max": 126.280189514, "dmean2": 4.15186309814, "median": 7.62097549438, "dvar": 23.6054039001}, "spectral_kurtosis": {"dvar2": 56.9475517273, "var": 57.492855072, "min": -1.19313704967, "dmean": 3.40827441216, "mean": 9.71446418762, "max": 65.4396362305, "dmean2": 5.99870109558, "median": 7.2157459259, "dvar": 18.9944515228}, "mfcc": {"mean": [-712.534851074, 164.267272949, -21.4307250977, 23.8533554077, 0.625402390957, 1.08734214306, -3.29649710655, 2.44465565681, -1.73872435093, -1.11909282207, -2.390873909, 1.21937274933, 2.36906504631], "cov": [[12620.5507812, 210.360153198, -966.678771973, 196.134399414, -344.440338135, 185.616790771, -146.597335815, -53.3284950256, -143.757354736, 53.4256362915, 67.9138946533, 195.709442139, 45.2781906128], [210.360153198, 1975.12817383, -78.7339859009, 90.8934860229, 137.926177979, -37.0620498657, -12.2011651993, -126.558509827, -62.3791618347, -21.1823291779, 59.7970848083, 24.9042701721, -2.15184640884], [-966.678771973, -78.7339859009, 459.28894043, 98.7839202881, 132.4503479, 66.8091812134, 61.7111206055, 63.7993621826, 71.551399231, 24.1884021759, 25.1393318176, 14.7426681519, 16.8698596954], [196.134399414, 90.8934860229, 98.7839202881, 293.957946777, 80.1507720947, 63.5222969055, 15.8993272781, 34.5761032104, 71.2717208862, 26.0189247131, 3.51192975044, 31.2734603882, 37.1883010864], [-344.440338135, 137.926177979, 132.4503479, 80.1507720947, 163.729324341, 62.6648788452, 41.6852302551, 32.6218299866, 37.2167358398, 9.07325935364, 3.69074082375, 9.04830646515, 16.3970870972], [185.616790771, -37.0620498657, 66.8091812134, 63.5222969055, 62.6648788452, 139.373306274, 58.4190406799, 31.4018650055, 33.2084503174, -2.94478821754, 1.30125617981, 8.71467208862, 9.99380779266], [-146.597335815, -12.2011651993, 61.7111206055, 15.8993272781, 41.6852302551, 58.4190406799, 99.3532714844, 43.6432685852, 21.1339530945, 1.85658478737, 0.670980215073, 0.495207756758, 3.68491840363], [-53.3284950256, -126.558509827, 63.7993621826, 34.5761032104, 32.6218299866, 31.4018650055, 43.6432685852, 106.532424927, 59.642288208, 15.8000955582, -3.72513389587, 5.22570466995, 14.3344602585], [-143.757354736, -62.3791618347, 71.551399231, 71.2717208862, 37.2167358398, 33.2084503174, 21.1339530945, 59.642288208, 125.080337524, 30.5482559204, 2.71355032921, 16.293346405, 21.740568161], [53.4256362915, -21.1823291779, 24.1884021759, 26.0189247131, 9.07325935364, -2.94478821754, 1.85658478737, 15.8000955582, 30.5482559204, 78.0562896729, 25.2891464233, 14.8291769028, 10.1614217758], [67.9138946533, 59.7970848083, 25.1393318176, 3.51192975044, 3.69074082375, 1.30125617981, 0.670980215073, -3.72513389587, 2.71355032921, 25.2891464233, 68.2552261353, 24.5314159393, -4.74542093277], [195.709442139, 24.9042701721, 14.7426681519, 31.2734603882, 9.04830646515, 8.71467208862, 0.495207756758, 5.22570466995, 16.293346405, 14.8291769028, 24.5314159393, 74.3742752075, 30.7810440063], [45.2781906128, -2.15184640884, 16.8698596954, 37.1883010864, 16.3970870972, 9.99380779266, 3.68491840363, 14.3344602585, 21.740568161, 10.1614217758, -4.74542093277, 30.7810440063, 70.1792907715]], "icov": [[0.000126072845887, -2.59857970377e-05, 0.000259592110524, -0.000143124896567, 0.000269907264737, -0.00045422965195, 0.000252845347859, -0.000236691514147, 0.000247748685069, -0.000161538584507, -5.04458257637e-05, -0.000302606116747, 4.39496070612e-05], [-2.59857970377e-05, 0.000709337880835, 0.000288045499474, -0.00026258797152, -0.00110000162385, 0.000693694339134, -0.000467094447231, 0.000997296301648, -3.28854730469e-05, 0.000426290876931, -0.000764797674492, 6.20098871877e-05, -4.29788342444e-05], [0.000259592110524, 0.000288045499474, 0.00382844544947, -0.000722269236576, -0.00191812124103, -0.000529456534423, -0.000406469596783, -0.000617202720605, -0.000184466000064, -4.70880768262e-05, -0.00165185669903, -0.000327941670548, 7.0862355642e-05], [-0.000143124896567, -0.00026258797152, -0.000722269236576, 0.00504230428487, -0.00119782518595, -0.00120369240176, 0.00102631060872, 7.04401245457e-05, -0.00188308337238, -0.000695185735822, 0.000922236591578, -0.000560668762773, -0.00103874376509], [0.000269907264737, -0.00110000162385, -0.00191812124103, -0.00119782518595, 0.0117090940475, -0.00405252724886, -9.02100582607e-05, -0.00194336741697, 0.000454863446066, -0.00104517058935, 0.0012359136017, -0.000303824606817, -0.000641804072075], [-0.00045422965195, 0.000693694339134, -0.000529456534423, -0.00120369240176, -0.00405252724886, 0.013524627313, -0.00682017300278, 0.00208347826265, -0.00215563131496, 0.00282331486233, -0.000942969170865, 0.00061983714113, -4.37501075794e-05], [0.000252845347859, -0.000467094447231, -0.000406469596783, 0.00102631060872, -9.02100582607e-05, -0.00682017300278, 0.0169291235507, -0.00638908753172, 0.00184125674423, -0.000654234900139, 0.000144926918438, -0.000203217394301, 0.000408071588026], [-0.000236691514147, 0.000997296301648, -0.000617202720605, 7.04401245457e-05, -0.00194336741697, 0.00208347826265, -0.00638908753172, 0.0171426534653, -0.00645270384848, -9.73819624051e-05, 0.000542645982932, 0.000905402936041, -0.0010616715299], [0.000247748685069, -3.28854730469e-05, -0.000184466000064, -0.00188308337238, 0.000454863446066, -0.00215563131496, 0.00184125674423, -0.00645270384848, 0.0138483736664, -0.00369679951109, 0.00088033179054, -0.00144804734737, -0.000756760709919], [-0.000161538584507, 0.000426290876931, -4.70880768262e-05, -0.000695185735822, -0.00104517058935, 0.00282331486233, -0.000654234900139, -9.73819624051e-05, -0.00369679951109, 0.0172841977328, -0.00678977742791, 0.000713118235581, -0.00173591007479], [-5.04458257637e-05, -0.000764797674492, -0.00165185669903, 0.000922236591578, 0.0012359136017, -0.000942969170865, 0.000144926918438, 0.000542645982932, 0.00088033179054, -0.00678977742791, 0.0215978808701, -0.00789840705693, 0.00527964252979], [-0.000302606116747, 6.20098871877e-05, -0.000327941670548, -0.000560668762773, -0.000303824606817, 0.00061983714113, -0.000203217394301, 0.000905402936041, -0.00144804734737, 0.000713118235581, -0.00789840705693, 0.0209221933037, -0.00898381695151], [4.39496070612e-05, -4.29788342444e-05, 7.0862355642e-05, -0.00103874376509, -0.000641804072075, -4.37501075794e-05, 0.000408071588026, -0.0010616715299, -0.000756760709919, -0.00173591007479, 0.00527964252979, -0.00898381695151, 0.0198876913637]]}, "silence_rate_20dB": {"dvar2": 0, "var": 0, "min": 1, "dmean": 0, "mean": 1, "max": 1, "dmean2": 0, "median": 1, "dvar": 0}, "melbands_kurtosis": {"dvar2": 386.639770508, "var": 546.664916992, "min": -1.87457799911, "dmean": 4.46649599075, "mean": 9.04413223267, "max": 373.941040039, "dmean2": 7.1977930069, "median": 4.31698846817, "dvar": 153.52456665}, "barkbands_spread": {"dvar2": 43.1872024536, "var": 119.817092896, "min": 0.41687437892, "dmean": 3.32059907913, "mean": 16.2778930664, "max": 131.283248901, "dmean2": 5.33621835709, "median": 14.3079662323, "dvar": 18.4965953827}, "erbbands_skewness": {"dvar2": 0.175178661942, "var": 0.405659377575, "min": -6.87533712387, "dmean": 0.311092555523, "mean": 0.298230051994, "max": 3.22408652306, "dmean2": 0.488666832447, "median": 0.28764295578, "dvar": 0.0768392011523}, "average_loudness": 0.408565312624, "spectral_centroid": {"dvar2": 76564.0390625, "var": 283686.15625, "min": 145.343963623, "dmean": 155.89012146, "mean": 1055.70898438, "max": 10852.9287109, "dmean2": 245.399978638, "median": 927.756347656, "dvar": 39136.6132812}, "dissonance": {"dvar2": 0.000810915429611, "var": 0.000786569726188, "min": 0.279740959406, "dmean": 0.0198096204549, "mean": 0.456781804562, "max": 0.5, "dmean2": 0.0329437591136, "median": 0.462937772274, "dvar": 0.000302889413433}, "erbbands_flatness_db": {"dvar2": 0.000300032494124, "var": 0.00182613357902, "min": 0.0194377712905, "dmean": 0.0133606344461, "mean": 0.190388903022, "max": 0.347206443548, "dmean2": 0.0201427321881, "median": 0.188739001751, "dvar": 0.000143345780089}, "spectral_strongpeak": {"dvar2": 1.9986218214, "var": 1.45233881474, "min": 0, "dmean": 0.464260578156, "mean": 0.880975842476, "max": 11.6075954437, "dmean2": 0.782586157322, "median": 0.40501999855, "dvar": 0.737964630127}, "spectral_rms": {"dvar2": 7.1706028848e-07, "var": 5.27270640305e-06, "min": 3.2861341686e-12, "dmean": 0.000495515647344, "mean": 0.0038504905533, "max": 0.012266356498, "dmean2": 0.000727463979274, "median": 0.00382017204538, "dvar": 3.20363142237e-07}, "silence_rate_60dB": {"dvar2": 0.0493247136474, "var": 0.184439107776, "min": 0, "dmean": 0.0226628892124, "mean": 0.243957698345, "max": 1, "dmean2": 0.0453343391418, "median": 0, "dvar": 0.0221488643438}, "melbands": {"dvar2": [3.27931661559e-06, 6.08049776929e-06, 1.01873035874e-06, 5.8900741351e-07, 1.02576052541e-06, 1.50702177848e-07, 1.41844225254e-07, 4.910909297e-07, 2.06782004852e-07, 5.38770841274e-08, 5.46273497548e-08, 2.72320228589e-08, 5.63727660108e-08, 4.20920507338e-08, 8.39424032506e-08, 3.21628377264e-08, 9.42012778893e-09, 6.34976782266e-09, 4.81102357952e-09, 4.36209912635e-09, 3.93777943586e-09, 3.39376304836e-09, 1.17508025532e-09, 6.01200589312e-10, 3.13720005529e-09, 2.34538444221e-10, 1.12224604609e-10, 6.77751813005e-11, 1.54335780267e-11, 2.32361976882e-11, 1.30869421203e-11, 4.5970089714e-12, 2.8570234286e-12, 1.73447237475e-12, 2.71025910048e-11, 5.36941975257e-12, 1.35494629297e-13, 1.25446257115e-13, 6.57524165323e-14, 1.32006829513e-12], "var": [2.92430036097e-06, 1.0157813449e-05, 8.89179773367e-07, 3.91569130898e-07, 7.98229336851e-07, 1.51680367821e-07, 1.79277222401e-07, 8.49244031542e-07, 3.20373459317e-07, 2.07023134635e-07, 3.86129777041e-08, 3.53474085557e-08, 7.813237346e-08, 2.84093992775e-08, 7.32746556764e-08, 3.19030455387e-08, 5.70274760747e-09, 3.94571086915e-09, 3.44468031876e-09, 2.91568880151e-09, 3.13264192364e-09, 3.62165941681e-09, 7.77187203482e-10, 3.84967169254e-10, 7.70744634782e-10, 1.89642274107e-10, 1.03146963193e-10, 7.59686341611e-11, 2.01781855114e-11, 1.67131569001e-11, 1.54289428456e-11, 8.46437156476e-12, 4.02485987247e-12, 2.03669199561e-12, 1.07219936055e-11, 2.28233838079e-12, 2.76213351236e-13, 1.92303746711e-13, 1.20136376975e-13, 6.4701748733e-13], "min": [2.57639545898e-24, 1.73763752378e-24, 8.63112674583e-24, 5.94671749348e-24, 5.77324027511e-24, 1.08718743142e-23, 4.56877076298e-24, 1.5009314078e-23, 1.51078743595e-23, 1.36355207002e-23, 1.38726191561e-23, 1.73140753423e-23, 1.4500913735e-23, 3.19618237018e-24, 5.94864783612e-24, 1.18592284004e-23, 1.21237910488e-23, 1.34046416236e-23, 1.05886188178e-23, 1.47584247557e-23, 1.21668975641e-23, 9.81833164261e-24, 9.40778633943e-24, 9.37803366153e-24, 9.9848562354e-24, 9.12880646916e-24, 1.26657298132e-23, 1.50943753717e-23, 1.43235446713e-23, 1.18142570179e-23, 1.22106004582e-23, 1.19456914999e-23, 1.07305396278e-23, 8.65194794056e-24, 8.98176989618e-24, 8.28297560709e-24, 8.56290053272e-24, 9.7041779476e-24, 7.38005724788e-24, 1.0571472926e-23], "dmean": [0.00040294622886, 0.000714910856914, 0.000258640182437, 0.000248028838541, 0.000279134197626, 0.000143929137266, 0.000118723422929, 0.000189061727724, 0.00015942142636, 6.29526402918e-05, 5.5579112086e-05, 5.29784920218e-05, 6.0968039179e-05, 4.76969762531e-05, 6.08574046055e-05, 3.35712975357e-05, 2.21017289732e-05, 1.64359171322e-05, 1.59242936206e-05, 1.60271083587e-05, 1.45832527778e-05, 1.26006052596e-05, 6.24884705758e-06, 4.67985182695e-06, 4.93132438351e-06, 3.14299336424e-06, 1.99522878574e-06, 1.77832134796e-06, 8.79110018559e-07, 7.63717764585e-07, 6.16635929873e-07, 4.46034960078e-07, 3.18806144151e-07, 2.28035503369e-07, 2.47752922178e-07, 1.42035233353e-07, 7.22959043742e-08, 6.14613782091e-08, 4.62492195652e-08, 4.81763962057e-08], "mean": [0.000786868622527, 0.0015522983158, 0.000521416775882, 0.000440108007751, 0.000532891135663, 0.000283324683551, 0.000234888109844, 0.00035557517549, 0.000319277489325, 0.000155259593157, 8.87197311386e-05, 9.75903167273e-05, 0.000111655681394, 8.0147794506e-05, 0.00010984975961, 5.97549733357e-05, 3.45831067534e-05, 2.72767156275e-05, 2.70581513178e-05, 2.63854744844e-05, 2.6392750442e-05, 2.36084961216e-05, 1.12995494419e-05, 8.37073184812e-06, 7.94628249423e-06, 5.81429640079e-06, 3.98001338908e-06, 3.45164471582e-06, 1.94744347937e-06, 1.5273938061e-06, 1.2350066072e-06, 1.02594242435e-06, 7.09849189207e-07, 4.8037503575e-07, 4.25297258744e-07, 2.78176798929e-07, 1.71272077409e-07, 1.40297117923e-07, 1.06106917031e-07, 9.07408335138e-08], "max": [0.030143532902, 0.0420150347054, 0.0118359941989, 0.00728374812752, 0.00996010191739, 0.00454512052238, 0.00635311333463, 0.0152154965326, 0.00583516759798, 0.00645550806075, 0.004210437648, 0.00234700203873, 0.00353645021096, 0.00289527187124, 0.00352023937739, 0.00291917612776, 0.00141152727883, 0.00163496553432, 0.00102310348302, 0.000845301605295, 0.000845202070195, 0.00151043571532, 0.000731424894184, 0.000397871801397, 0.00155737774912, 0.000211578502785, 0.000279938452877, 0.000152043037815, 7.88740508142e-05, 9.91527776932e-05, 6.10048045928e-05, 4.9193869927e-05, 3.27426605509e-05, 2.09251720662e-05, 0.000199757589144, 8.67198396008e-05, 9.1240999609e-06, 6.13399288341e-06, 5.80462437938e-06, 4.86728895339e-05], "dmean2": [0.00065679725958, 0.00101686816197, 0.000417128176196, 0.000411029788665, 0.000448646809673, 0.000226509670028, 0.000184302014532, 0.000272496312391, 0.000229332581512, 8.99682563613e-05, 8.80032093846e-05, 8.03053408163e-05, 9.12458926905e-05, 7.8611265053e-05, 9.6903728263e-05, 5.19015848113e-05, 3.61244274245e-05, 2.67876494036e-05, 2.6393267035e-05, 2.659274287e-05, 2.45405153692e-05, 2.0884694095e-05, 1.04420250864e-05, 7.92484115664e-06, 8.42782264954e-06, 5.26242274645e-06, 3.32768740918e-06, 2.93239781968e-06, 1.44392720358e-06, 1.26389284105e-06, 9.78903017312e-07, 6.59953911963e-07, 4.97868882121e-07, 3.60915350939e-07, 3.88947285046e-07, 2.20295035547e-07, 1.08694386824e-07, 9.06522004129e-08, 6.64572326059e-08, 7.09234484475e-08], "median": [0.000177287874976, 0.000405310012866, 0.000214328581933, 0.00022791804804, 0.00022495345911, 0.000140971242217, 9.65380459093e-05, 0.000102710742794, 9.03259206098e-05, 3.27540983562e-05, 2.90310817945e-05, 3.06921065203e-05, 2.20864985749e-05, 2.23713450396e-05, 1.90118280443e-05, 1.21783250506e-05, 1.11342678792e-05, 8.01284659246e-06, 8.12025245978e-06, 7.91035381553e-06, 6.93222636983e-06, 4.73368891107e-06, 3.71850319425e-06, 2.43218710239e-06, 1.83750228189e-06, 1.26851625737e-06, 1.01738623925e-06, 6.42127474748e-07, 4.06036832601e-07, 2.13834908891e-07, 1.61824686984e-07, 1.16452696375e-07, 8.41020550979e-08, 4.832993028e-08, 3.34912400035e-08, 2.34401404953e-08, 1.67506257753e-08, 1.06897175556e-08, 8.1889037773e-09, 5.2152344665e-09], "dvar": [1.10949736154e-06, 2.89890931526e-06, 3.60640598274e-07, 2.01096312935e-07, 3.39632066471e-07, 5.88264263968e-08, 5.81337076255e-08, 2.70677332992e-07, 1.02576507288e-07, 2.7781268841e-08, 2.17995257401e-08, 1.21371686035e-08, 2.76071041583e-08, 1.56973793963e-08, 3.26476481405e-08, 1.32823831933e-08, 3.60102703212e-09, 2.39509123645e-09, 1.81384784