{"metadata": {"tags": {"album": ["Rare Precious &amp; Beautiful"], "albumartist": ["Various Artists"], "genre": ["Other"], "artist": ["Bee Gees"], "date": ["1997"], "tracknumber": ["6"], "title": ["The Battle Of The Blue and Gre"], "file_name": "200675.mp3", "musicbrainz_recordingid": ["01bfab21-2521-4a10-8ec4-19d3902298d0"]}, "audio_properties": {"sample_rate": 44100, "downmix": "mix", "lossless": false, "analysis_sample_rate": 44100, "md5_encoded": "bb294b98b80a1cde5668189e23e224f2", "equal_loudness": 0, "replay_gain": -7.43389320374, "codec": "mp3", "bit_rate": 234740, "length": 123.872650146}, "version": {"extractor": "music 1.0", "essentia_build_sha": "70f2e5ece6736b2c40cc944ad0e695b16b925413", "essentia_git_sha": "v2.1_beta2", "essentia": "2.1-beta2"}}, "rhythm": {"beats_loudness_band_ratio": {"dvar2": [0.10506618768, 0.0221386402845, 0.035765953362, 0.0846788436174, 0.0337614044547, 0.00614024978131], "var": [0.0567075870931, 0.00913622882217, 0.0157499182969, 0.0461577624083, 0.0219029504806, 0.0028650003951], "min": [0.002348277485, 0.00111818371806, 0.000227668482694, 5.78580547881e-05, 3.93819864257e-05, 0.000391452165786], "dmean": [0.246417194605, 0.075821146369, 0.130764767528, 0.20929928124, 0.12214962393, 0.0482548847795], "mean": [0.350470066071, 0.0852604582906, 0.179911509156, 0.214683562517, 0.150638535619, 0.0649346038699], "max": [0.998538076878, 0.578992426395, 0.622376918793, 0.767069876194, 0.788361430168, 0.298437803984], "dmean2": [0.415600657463, 0.129224941134, 0.228458225727, 0.362391382456, 0.211223736405, 0.0826947018504], "median": [0.301370859146, 0.0548308417201, 0.151684820652, 0.11630936712, 0.101947262883, 0.0503803379834], "dvar": [0.0387896634638, 0.00831234455109, 0.0129460757598, 0.0348661206663, 0.011995579116, 0.00222471309826]}, "bpm_histogram_first_peak_weight": {"dvar2": 0, "var": 0, "min": 0.539923965931, "dmean": 0, "mean": 0.539923965931, "max": 0.539923965931, "dmean2": 0, "median": 0.539923965931, "dvar": 0}, "bpm": 128.369628906, "beats_count": 264, "bpm_histogram_first_peak_spread": {"dvar2": 0, "var": 0, "min": 0.440944850445, "dmean": 0, "mean": 0.440944850445, "max": 0.440944850445, "dmean2": 0, "median": 0.440944850445, "dvar": 0}, "danceability": 1.27483463287, "bpm_histogram_first_peak_bpm": {"dvar2": 0, "var": 0, "min": 129, "dmean": 0, "mean": 129, "max": 129, "dmean2": 0, "median": 129, "dvar": 0}, "beats_position": [0.406349211931, 0.835918366909, 1.27709746361, 1.72988653183, 2.18267560005, 2.6470746994, 3.11147379875, 3.5758728981, 4.04027223587, 4.5046710968, 4.96907043457, 5.4334692955, 5.89786815643, 6.3622674942, 6.81505680084, 7.27945566177, 7.75546455383, 8.2198638916, 8.68426322937, 9.14866161346, 9.61306095123, 10.0890703201, 10.5650787354, 11.0294780731, 11.505487442, 11.9814968109, 12.445895195, 12.9219045639, 13.3979139328, 13.8623123169, 14.3383216858, 14.8027210236, 15.2787294388, 15.7547388077, 16.2191371918, 16.6719264984, 17.1363258362, 17.600725174, 18.0651245117, 18.5295238495, 19.0055332184, 19.4699325562, 19.9459400177, 20.4335594177, 20.9095687866, 21.3739681244, 21.8499774933, 22.3027667999, 22.7555541992, 23.2083435059, 23.6611328125, 24.1255321503, 24.589931488, 25.0543308258, 25.5187301636, 25.9831295013, 26.4475269318, 26.9119262695, 27.3763256073, 27.8291149139, 28.2935142517, 28.7463035583, 29.2107028961, 29.6751022339, 30.1394996643, 30.6038990021, 31.0682983398, 31.5326976776, 31.9970970154, 32.4614944458, 32.9258956909, 33.3786849976, 33.8314743042, 34.2958717346, 34.7718811035, 35.2478904724, 35.7355079651, 36.1999092102, 36.6643066406, 37.1287078857, 37.5931053162, 38.0575065613, 38.5219039917, 38.9979133606, 39.4739227295, 39.9383201599, 40.402721405, 40.8787307739, 41.3547401428, 41.8191375732, 42.2951469421, 42.7595443726, 43.2355537415, 43.6999549866, 44.164352417, 44.6403617859, 45.1163711548, 45.5807685852, 46.0451698303, 46.5211791992, 46.9971885681, 47.473197937, 47.9492073059, 48.4136047363, 48.8780021667, 49.3424034119, 49.8068008423, 50.2712020874, 50.7355995178, 51.2000007629, 51.6760063171, 52.152015686, 52.6396369934, 53.1156463623, 53.5800437927, 54.0444450378, 54.5088424683, 54.9616317749, 55.4260292053, 55.8904304504, 56.3664398193, 56.819229126, 57.2836265564, 57.7596359253, 58.2240333557, 58.6768226624, 59.129611969, 59.5940132141, 60.0584106445, 60.5228118896, 60.9756011963, 61.4399986267, 61.9043960571, 62.3687973022, 62.8331947327, 63.2975959778, 63.7619934082, 64.2263946533, 64.67918396, 65.1435852051, 65.6195907593, 66.0955963135, 66.5832214355, 67.0592269897, 67.5352401733, 68.0112457275, 68.4756469727, 68.9400405884, 69.4044418335, 69.8804550171, 70.3564605713, 70.8208618164, 71.2968673706, 71.7728805542, 72.2372741699, 72.701675415, 73.1660766602, 73.6420822144, 74.1180953979, 74.5824966431, 75.0468902588, 75.5112915039, 75.975692749, 76.4516983032, 76.9277114868, 77.3921051025, 77.8565063477, 78.3325119019, 78.8085250854, 79.2961425781, 79.7721557617, 80.2481613159, 80.712562561, 81.1769561768, 81.6413574219, 82.105758667, 82.5817642212, 83.0577774048, 83.533782959, 84.0097961426, 84.4974136353, 84.9618148804, 85.4262084961, 85.8906097412, 86.3666229248, 86.842628479, 87.3070297241, 87.7598190308, 88.2242126465, 88.6770019531, 89.1414031982, 89.6174163818, 90.0818099976, 90.5462112427, 91.0106124878, 91.4750061035, 91.9510192871, 92.4154205322, 92.8914260864, 93.36743927, 93.8318328857, 94.2962341309, 94.7722396851, 95.2482528687, 95.7242584229, 96.2002716064, 96.6762771606, 97.1522903442, 97.61668396, 98.0810852051, 98.5570983887, 99.0331039429, 99.5207214355, 99.9851226807, 100.449523926, 100.913917542, 101.378318787, 101.85433197, 102.318725586, 102.79473877, 103.259140015, 103.72353363, 104.187934875, 104.66394043, 105.139953613, 105.615959167, 106.091972351, 106.556373596, 107.020767212, 107.496780396, 107.97278595, 108.448799133, 108.924804688, 109.400817871, 109.876823425, 110.352828979, 110.828842163, 111.304847717, 111.769248962, 112.245262146, 112.709655762, 113.174057007, 113.638458252, 114.102851868, 114.578865051, 115.054870605, 115.530883789, 115.995285034, 116.471290588, 116.935691833, 117.411697388, 117.887710571, 118.352104187, 118.816505432, 119.280906677, 119.745300293, 120.209701538, 120.674102783, 121.138504028, 121.602897644, 122.055686951, 122.508476257, 122.972877502, 123.437278748], "beats_loudness": {"dvar2": 0.00015083674225, "var": 0.000122199868201, "min": 7.27232702502e-07, "dmean": 0.0104002961889, "mean": 0.0232353396714, "max": 0.0506704449654, "dmean2": 0.0165969338268, "median": 0.0231315307319, "dvar": 6.08166592428e-05}, "bpm_histogram_second_peak_weight": {"dvar2": 0, "var": 0, "min": 0.0266159698367, "dmean": 0, "mean": 0.0266159698367, "max": 0.0266159698367, "dmean2": 0, "median": 0.0266159698367, "dvar": 0}, "bpm_histogram_second_peak_spread": {"dvar2": 0, "var": 0, "min": 0, "dmean": 0, "mean": 0, "max": 0, "dmean2": 0, "median": 0, "dvar": 0}, "bpm_histogram_second_peak_bpm": {"dvar2": 0, "var": 0, "min": 123, "dmean": 0, "mean": 123, "max": 123, "dmean2": 0, "median": 123, "dvar": 0}, "onset_rate": 4.17305421829}, "lowlevel": {"spectral_energyband_high": {"dvar2": 3.77105891403e-07, "var": 6.43034184122e-07, "min": 7.36522909887e-21, "dmean": 0.00026146628079, "mean": 0.000592724303715, "max": 0.00778525928035, "dmean2": 0.000379090197384, "median": 0.000313850003295, "dvar": 1.91981868625e-07}, "spectral_energyband_middle_low": {"dvar2": 1.53041255544e-05, "var": 1.59240025823e-05, "min": 1.70100928411e-22, "dmean": 0.00222865259275, "mean": 0.00506276264787, "max": 0.0388483852148, "dmean2": 0.003485431429, "median": 0.00407293019816, "dvar": 6.70682493364e-06}, "spectral_energy": {"dvar2": 3.1733969081e-05, "var": 0.000118311334518, "min": 1.05175239404e-20, "dmean": 0.00414417497814, "mean": 0.0140444943681, "max": 0.0590687431395, "dmean2": 0.00561762554571, "median": 0.0103614795953, "dvar": 1.81661380338e-05}, "spectral_spread": {"dvar2": 758676520960, "var": 3894304309250.0, "min": 1425533, "dmean": 361706.625, "mean": 3457151.75, "max": 42015652, "dmean2": 529368.1875, "median": 3194936.75, "dvar": 387681615872}, "spectral_energyband_low": {"dvar2": 7.77173681854e-06, "var": 9.52327263803e-06, "min": 2.70982429968e-23, "dmean": 0.00130232644733, "mean": 0.00253146956675, "max": 0.0196054279804, "dmean2": 0.00189101370052, "median": 0.00119956838898, "dvar": 3.82990992875e-06}, "spectral_rolloff": {"dvar2": 1126215.5, "var": 2309969, "min": 21.533203125, "dmean": 556.440185547, "mean": 1969.0994873, "max": 20542.6757812, "dmean2": 899.738098145, "median": 1765.72265625, "dvar": 555584}, "barkbands": {"dvar2": [1.31763833178e-09, 5.59464206162e-06, 1.03989179934e-06, 4.75684629464e-07, 4.01233273806e-06, 3.65285103499e-07, 6.62234356241e-07, 4.77888534078e-06, 6.35682226857e-06, 4.09318317907e-06, 2.60304727817e-06, 5.18836714036e-06, 1.15889258723e-06, 1.79323001248e-06, 2.61265358859e-06, 2.37433641814e-06, 6.74055797845e-07, 1.38289124152e-06, 6.37111781998e-07, 2.20343409296e-07, 7.43753787447e-08, 3.91343490946e-08, 1.71501373103e-08, 7.4590804644e-09, 1.38866373955e-09, 1.58001595748e-12, 6.57989288585e-17], "var": [6.23741058803e-10, 4.94445976074e-06, 2.01478542294e-06, 2.05693638122e-07, 1.3647149899e-06, 3.8511296907e-07, 5.69399105643e-07, 3.71003898181e-06, 4.63591004518e-06, 3.60035664926e-06, 2.21137042899e-06, 5.41339022675e-06, 1.0836513411e-06, 2.19609364649e-06, 2.9524915135e-06, 3.42330895364e-06, 5.92650451381e-07, 1.6225347963e-06, 1.54564827426e-06, 2.88296945428e-07, 1.25330089418e-07, 3.22092397198e-08, 1.84162320949e-08, 7.37512406701e-09, 1.51361834178e-09, 1.59252136218e-12, 1.4380108124e-17], "min": [4.33000228849e-25, 8.01045177447e-24, 1.73501002532e-24, 1.67282116193e-24, 2.78022066914e-23, 1.02533379447e-23, 1.30591741897e-23, 1.24254901131e-23, 1.06399302754e-23, 2.40151142551e-23, 2.77440707981e-23, 5.48639001847e-23, 3.63053415442e-23, 3.7486761724e-23, 5.96271369937e-23, 8.72261236496e-23, 1.00181125601e-22, 1.10599864012e-22, 1.68259689193e-22, 1.9023939874e-22, 3.32351214068e-22, 4.5406424759e-22, 4.64827692973e-22, 5.46841408725e-22, 9.9366010143e-22, 1.54674615832e-21, 1.96890675045e-21], "dmean": [1.08228587123e-05, 0.000896988785826, 0.000453985121567, 0.000297688122373, 0.000878466758877, 0.000318831211189, 0.00034015395795, 0.00074107106775, 0.000732984626666, 0.000645875465125, 0.00040084173088, 0.000561231630854, 0.000231624013395, 0.000343153544236, 0.000436734087998, 0.000381806137739, 0.000189080252312, 0.000353214301867, 0.000238996435655, 0.000184955395525, 0.000113721638627, 5.57279236091e-05, 2.28907247219e-05, 1.52707762027e-05, 5.86260966884e-06, 2.45984693947e-07, 7.77270636743e-10], "mean": [1.17411345855e-05, 0.00148464378435, 0.000841025670525, 0.000359988160199, 0.00102944823448, 0.000613557989709, 0.0005323086516, 0.00108337495476, 0.00105441675987, 0.00101693649776, 0.000568023126107, 0.000934859970585, 0.000325035682181, 0.000552910845727, 0.000696382892784, 0.000680254830513, 0.000296264683129, 0.000630887341686, 0.000557936786208, 0.000386845815228, 0.000238625114434, 8.30957433209e-05, 3.34884571203e-05, 2.35042898566e-05, 8.64280082169e-06, 2.89275419618e-07, 6.2928900979e-10], "max": [0.00048391596647, 0.0162329636514, 0.0117454510182, 0.00816276483238, 0.00926457252353, 0.00679206941277, 0.0090338466689, 0.0307793319225, 0.0275425408036, 0.0192259885371, 0.0239751636982, 0.0277738422155, 0.0199257619679, 0.0188068952411, 0.0343788042665, 0.0205585937947, 0.022940132767, 0.0186807885766, 0.0137419393286, 0.00561433611438, 0.00536985928193, 0.00329294684343, 0.00391868548468, 0.00206159008667, 0.000891412317287, 2.4898114134e-05, 2.41460838879e-07], "dmean2": [1.763275759e-05, 0.00138654082548, 0.000615641998593, 0.000513318693265, 0.00155310076661, 0.000504024501424, 0.000551827833988, 0.00115870987065, 0.00115778855979, 0.000985789811239, 0.000612100004219, 0.000849233940244, 0.000340360682458, 0.000513382663485, 0.000667590124067, 0.000577995728236, 0.000286935712211, 0.000544370384887, 0.000356671924237, 0.000276824983303, 0.000164446624694, 8.29315540614e-05, 3.4426280763e-05, 2.27461077884e-05, 8.51031290949e-06, 3.73351355165e-07, 1.44111089728e-09], "median": [4.08430605603e-06, 0.00043981365161, 0.000287344068056, 0.000219858295168, 0.000616840086877, 0.000413875968661, 0.000284081266727, 0.000495344982482, 0.000346786604496, 0.000276053498965, 0.000133536203066, 0.000140589050716, 4.32478482253e-05, 8.04712835816e-05, 0.000152758002514, 0.000112458546937, 9.87144157989e-05, 0.000177979862201, 0.000146870181197, 0.00018539710436, 0.000111926718091, 3.58908691851e-05, 9.80832828645e-06, 6.26175096841e-06, 1.80257666216e-06, 1.63911888507e-08, 2.19047405214e-10], "dvar": [5.36343913726e-10, 2.44089892476e-06, 6.6934694587e-07, 1.81483059691e-07, 1.4430676174e-06, 1.48006634504e-07, 2.99075139765e-07, 2.15613204091e-06, 2.82515497929e-06, 1.79117228072e-06, 1.1810631122e-06, 2.23653410103e-06, 5.31271609816e-07, 8.29457292184e-07, 1.20051447539e-06, 1.05184221866e-06, 3.3094391938e-07, 5.4103122693e-07, 2.62544403995e-07, 1.01114181916e-07, 3.83697873474e-08, 1.82868031828e-08, 8.62326210438e-09, 3.74453490437e-09, 7.13757941639e-10, 8.27209828413e-13, 2.34577916526e-17]}, "melbands_skewness": {"dvar2": 1.15554094315, "var": 5.39364480972, "min": -1.32437932491, "dmean": 0.611222982407, "mean": 1.85539972782, "max": 54.2412033081, "dmean2": 0.92634755373, "median": 1.61928057671, "dvar": 0.547422707081}, "barkbands_skewness": {"dvar2": 0.917900621891, "var": 4.07512569427, "min": -2.11250066757, "dmean": 0.483117133379, "mean": 0.95902210474, "max": 42.6229362488, "dmean2": 0.734584093094, "median": 0.792621850967, "dvar": 0.397645413876}, "erbbands": {"dvar2": [0.0038465608377, 0.328852921724, 1.66246819496, 1.76702451706, 27.8641529083, 52.9189529419, 23.4227867126, 28.3225975037, 127.451911926, 335.405639648, 3524.69067383, 4502.32470703, 3266.97851562, 4737.01806641, 2629.95458984, 11440.5117188, 1777.29223633, 4627.71142578, 4930.609375, 10181.6943359, 3781.68212891, 744.56854248, 1991.01196289, 1856.58007812, 1964.65222168, 711.158691406, 206.891967773, 103.07460022, 49.3632659912, 30.0087032318, 12.0789957047, 7.17262840271, 1.3829010725, 0.389107018709, 0.0255007632077, 0.000242526672082, 1.40838733387e-06, 2.57885379717e-09, 3.06315667276e-11, 4.81988407519e-11], "var": [0.0019364671316, 0.33461534977, 3.31374597549, 1.10525369644, 9.33679580688, 17.6092586517, 35.6323242188, 20.5979881287, 103.454170227, 261.055908203, 2536.9519043, 2992.71801758, 3394.72412109, 3942.93701172, 2595.5065918, 11604.6757812, 2425.56738281, 6649.10058594, 5392.10546875, 11565.0146484, 5035.90087891, 1297.06921387, 2665.37451172, 3663.0456543, 3938.40673828, 928.703918457, 296.858795166, 161.411270142, 41.9386177063, 23.0433502197, 13.253950119, 6.22046518326, 1.54248762131, 0.405142247677, 0.0309427101165, 0.000275555968983, 1.3652548887e-06, 2.29794316908e-09, 8.82669284885e-11, 2.11458142663e-10], "min": [4.97934052085e-23, 2.68340117015e-21, 2.74098008976e-21, 2.70103590957e-21, 2.52935029213e-20, 5.14882094264e-20, 9.34003363093e-20, 1.21311051613e-19, 1.55387829697e-19, 2.11248111945e-19, 3.47935559342e-19, 3.19773006315e-19, 7.01105104009e-19, 1.14071877085e-18, 1.26359707123e-18, 2.55212846805e-18, 1.69907561049e-18, 2.22752170258e-18, 4.03463464909e-18, 3.72477485958e-18, 3.9820189311e-18, 5.71401684696e-18, 5.54024605259e-18, 8.21468682269e-18, 7.91700354539e-18, 8.5176433764e-18, 1.24614420137e-17, 1.31588297163e-17, 1.60854981211e-17, 1.4780786141e-17, 1.42277993578e-17, 1.23694876537e-17, 1.15858084696e-17, 1.0931458147e-17, 6.80549490011e-18, 5.14351782311e-18, 2.78423741588e-18, 1.10219459158e-18, 2.80963759926e-19, 2.93097135956e-20], "dmean": [0.0171053670347, 0.232825085521, 0.581570506096, 0.638996899128, 2.26846599579, 3.17617821693, 2.36172652245, 2.50123119354, 4.58166456223, 6.98586845398, 18.8426742554, 17.1324520111, 19.0911617279, 18.5816650391, 14.0671787262, 25.1900100708, 10.9801311493, 17.6719551086, 17.8676433563, 25.575340271, 15.3047857285, 9.32559108734, 16.656747818, 13.9856901169, 11.4962377548, 9.35049057007, 5.52431488037, 4.04287242889, 2.07330179214, 1.02868568897, 0.597561538219, 0.399761766195, 0.223135381937, 0.0993776470423, 0.0241603981704, 0.0029132864438, 0.000174627348315, 8.30422595754e-06, 3.07208074446e-06, 5.20476351085e-06], "mean": [0.023277901113, 0.401574671268, 1.12956178188, 1.0194362402, 2.50298523903, 3.41849040985, 4.43330430984, 4.27010631561, 7.32476854324, 10.6566333771, 27.5585403442, 24.7244300842, 31.1667041779, 30.4299163818, 22.9053268433, 42.1189956665, 19.2396526337, 30.7099571228, 29.0947666168, 44.1730270386, 28.4081821442, 17.4009399414, 29.359085083, 30.2233848572, 26.8175067902, 19.970331192, 11.8152189255, 8.08545398712, 3.28284287453, 1.53767347336, 0.861816883087, 0.575005590916, 0.348006099463, 0.149339661002, 0.0340923555195, 0.00393827445805, 0.000225410462008, 1.44055848068e-05, 1.01712466858e-05, 1.80694169103e-05], "max": [0.468701124191, 3.81067371368, 13.2069864273, 14.9750337601, 28.8435707092, 35.5941085815, 87.5866241455, 49.892578125, 179.198562622, 300.037506104, 913.295532227, 826.329467773, 668.700256348, 838.915710449, 651.798522949, 1358.12316895, 1010.58630371, 1026.74157715, 1615.25219727, 1988.55957031, 899.055541992, 669.36151123, 647.665161133, 699.843505859, 800.835083008, 389.817138672, 226.335418701, 198.25201416, 124.469902039, 122.643409729, 112.040763855, 80.5752563477, 34.2516784668, 12.0530757904, 5.19043111801, 0.394993841648, 0.0205143932253, 0.000864760950208, 9.75899674813e-05, 7.841471961e-05], "dmean2": [0.0280442759395, 0.353167533875, 0.78856664896, 1.05164551735, 4.00292301178, 5.61570835114, 3.67220854759, 4.09908485413, 7.40077447891, 11.1609115601, 29.3976020813, 27.0786437988, 28.7557563782, 28.1789112091, 21.3065090179, 38.2668304443, 15.6094760895, 25.7358169556, 26.9145050049, 38.5001716614, 21.9841003418, 13.547129631, 25.2662410736, 20.9209403992, 17.5042438507, 14.0748586655, 8.20314598083, 5.8001999855, 3.08892393112, 1.55878007412, 0.901648581028, 0.597696185112, 0.329941540956, 0.144976347685, 0.0345265716314, 0.00424422044307, 0.000263069290668, 1.22204401123e-05, 4.08337200497e-06, 6.93895799486e-06], "median": [0.00607382226735, 0.121753163636, 0.46729528904, 0.717985510826, 1.42368531227, 1.85552167892, 2.52876710892, 2.88059186935, 3.99614858627, 5.6429643631, 12.4074993134, 8.96257781982, 9.54612731934, 7.67530965805, 6.06948280334, 6.13433361053, 3.03266334534, 4.19839572906, 6.94700574875, 8.23188018799, 5.98328828812, 5.93999481201, 9.18256855011, 8.48497962952, 7.92158555984, 8.95441818237, 6.03916454315, 3.54998803139, 1.49460983276, 0.555723011494, 0.247176229954, 0.151617318392, 0.0878958180547, 0.0322053842247, 0.00671130977571, 0.0006273513427, 3.24217908201e-05, 5.15396322953e-06, 7.1206713983e-06, 1.31969081849e-05], "dvar": [0.00150225870311, 0.148716926575, 1.07790017128, 0.70196557045, 10.0018806458, 19.2307567596, 10.9296770096, 10.7442483902, 54.4630851746, 150.113967896, 1582.24560547, 2010.93725586, 1518.38000488, 2050.29052734, 1223.58691406, 4808.86523438, 871.848083496, 2249.29248047, 2279.54589844, 4460.06982422, 1815.19812012, 397.730743408, 843.733459473, 830.722473145, 727.147644043, 305.844940186, 102.814559937, 55.0307922363, 22.9890365601, 13.3402557373, 6.20244169235, 3.59303498268, 0.70358556509, 0.192081511021, 0.0143168028444, 0.000132433415274, 7.20380342045e-07, 1.25084442804e-09, 1.70713963799e-11, 2.8650073633e-11]}, "silence_rate_30dB": {"dvar2": 0, "var": 0, "min": 1, "dmean": 0, "mean": 1, "max": 1, "dmean2": 0, "median": 1, "dvar": 0}, "melbands_spread": {"dvar2": 231.166061401, "var": 421.55267334, "min": 0.235395073891, "dmean": 9.00497341156, "mean": 32.8287124634, "max": 181.220474243, "dmean2": 13.7428627014, "median": 28.7157859802, "dvar": 105.500038147}, "melbands_crest": {"dvar2": 21.255903244, "var": 26.200630188, "min": 1.71035051346, "dmean": 3.39807987213, "mean": 11.9633398056, "max": 39.9261550903, "dmean2": 5.52962255478, "median": 10.8310127258, "dvar": 8.5498046875}, "zerocrossingrate": {"dvar2": 0.000232797523495, "var": 0.0013393163681, "min": 0, "dmean": 0.00938589125872, "mean": 0.0672119706869, "max": 0.51318359375, "dmean2": 0.010920509696, "median": 0.06298828125, "dvar": 0.000157525966642}, "barkbands_kurtosis": {"dvar2": 1309.62390137, "var": 4529.20947266, "min": -1.83907687664, "dmean": 2.75593328476, "mean": 5.09083461761, "max": 1882.05871582, "dmean2": 4.30295276642, "median": 0.261846899986, "dvar": 541.30657959}, "spectral_flux": {"dvar2": 0.000446550810011, "var": 0.000909757160116, "min": 6.47923312225e-11, "dmean": 0.0159430988133, "mean": 0.0663565471768, "max": 0.199841529131, "dmean2": 0.0237309038639, "median": 0.0621973536909, "dvar": 0.000219509194721}, "barkbands_crest": {"dvar2": 12.7158107758, "var": 15.175614357, "min": 2.51739215851, "dmean": 2.47601914406, "mean": 8.32081985474, "max": 26.906835556, "dmean2": 4.06352138519, "median": 7.3226723671, "dvar": 5.09613895416}, "barkbands_flatness_db": {"dvar2": 0.000636766431853, "var": 0.00154057040345, "min": 0.0361751578748, "dmean": 0.0192512627691, "mean": 0.155574724078, "max": 0.508447289467, "dmean2": 0.0293960142881, "median": 0.15050560236, "dvar": 0.000282559369225}, "spectral_entropy": {"dvar2": 0.0281202401966, "var": 0.0852785855532, "min": 5.60845422745, "dmean": 0.126545652747, "mean": 7.59723806381, "max": 9.81180381775, "dmean2": 0.180105417967, "median": 7.59907674789, "dvar": 0.0141464434564}, "pitch_salience": {"dvar2": 0.0085122352466, "var": 0.0126934694126, "min": 0.00809439551085, "dmean": 0.07145255059, "mean": 0.586887419224, "max": 0.911405861378, "dmean2": 0.113452203572, "median": 0.600481033325, "dvar": 0.00361576071009}, "erbbands_spread": {"dvar2": 119.842826843, "var": 233.315338135, "min": 3.97629666328, "dmean": 7.58202266693, "mean": 34.5018081665, "max": 135.460083008, "dmean2": 11.4554510117, "median": 33.1155090332, "dvar": 52.3510704041}, "dynamic_complexity": 3.47652411461, "spectral_contrast_valleys": {"dvar2": [0.32365322113, 0.237187489867, 0.180686324835, 0.147245407104, 0.145466148853, 0.185597360134], "var": [1.46765255928, 1.60152900219, 1.67146945, 1.62671816349, 1.76668846607, 1.5405176878], "min": [-27.9850158691, -27.4904327393, -27.5132961273, -27.5528068542, -27.3763198853, -27.4003219604], "dmean": [0.439336329699, 0.367171794176, 0.321201235056, 0.287910610437, 0.270282149315, 0.341951310635], "mean": [-7.77902603149, -6.80034780502, -7.5084195137, -7.9567656517, -7.4474978447, -11.0080604553], "max": [-6.10431337357, -5.35099697113, -5.50749731064, -6.16947078705, -5.3170132637, -7.98970031738], "dmean2": [0.722086191177, 0.610269188881, 0.511638581753, 0.434155225754, 0.378661423922, 0.441917568445], "median": [-7.6464214325, -6.66397476196, -7.38445043564, -7.79355573654, -7.27046966553, -10.8893184662], "dvar": [0.13324406743, 0.0971137285233, 0.0891404598951, 0.0797575265169, 0.0834403187037, 0.114550679922]}, "hfc": {"dvar2": 56.5535240173, "var": 368.187744141, "min": 1.13812495165e-16, "dmean": 5.0642323494, "mean": 17.0193920135, "max": 123.256996155, "dmean2": 6.39827919006, "median": 9.60166931152, "dvar": 37.6033248901}, "spectral_kurtosis": {"dvar2": 8.62726020813, "var": 6.31988716125, "min": -1.2280613184, "dmean": 1.85722386837, "mean": 3.15025162697, "max": 35.653678894, "dmean2": 3.23939633369, "median": 2.62022733688, "dvar": 2.92214488983}, "mfcc": {"mean": [-667.304260254, 124.538299561, -26.028585434, 37.8267364502, -14.3060216904, -0.699815988541, 1.25941944122, 0.851382791996, 5.28315830231, 5.1709485054, -3.48166060448, -0.681604206562, -4.20078325272], "cov": [[5661.79980469, -208.883499146, -951.303283691, -85.1728363037, -219.952972412, -99.4943771362, 215.00604248, -78.3811721802, -17.9706382751, 35.3552627563, 3.04575490952, -16.6468772888, -188.704421997], [-208.883499146, 903.209533691, -97.0695953369, 79.8304367065, -54.8404693604, 57.646068573, 134.716888428, 29.8512744904, -31.8478126526, 10.8250617981, 22.556640625, 37.4914245605, 19.2676277161], [-951.303283691, -97.0695953369, 737.826599121, 62.9624519348, 39.7699432373, 31.5515823364, -200.349105835, 47.4766426086, 22.900686264, -25.1204986572, -6.10501194, 25.5952415466, 59.5402336121], [-85.1728363037, 79.8304367065, 62.9624519348, 292.936340332, 105.476531982, -67.5993423462, -99.9630126953, 23.7351894379, 71.6400146484, 12.6018657684, -31.3525066376, 17.3079090118, 43.467956543], [-219.952972412, -54.8404693604, 39.7699432373, 105.476531982, 239.03036499, -27.4536705017, -71.9870529175, 13.4781074524, 54.5227813721, 42.3522033691, -12.4989395142, 10.313624382, 43.880695343], [-99.4943771362, 57.646068573, 31.5515823364, -67.5993423462, -27.4536705017, 208.724365234, 103.01625824, 26.7172393799, -38.3451843262, -16.9425525665, 43.9658546448, -15.3518571854, -10.2697839737], [215.00604248, 134.716888428, -200.349105835, -99.9630126953, -71.9870529175, 103.01625824, 335.57635498, 42.9645576477, -34.4194297791, 18.3062496185, 46.1282958984, 11.2154979706, -18.5689792633], [-78.3811721802, 29.8512744904, 47.4766426086, 23.7351894379, 13.4781074524, 26.7172393799, 42.9645576477, 118.645317078, 34.8977241516, -2.20530319214, 6.29011917114, 7.75715875626, 9.70788955688], [-17.9706382751, -31.8478126526, 22.900686264, 71.6400146484, 54.5227813721, -38.3451843262, -34.4194297791, 34.8977241516, 147.134307861, 48.0450820923, -11.1903123856, -1.90303361416, 11.8261899948], [35.3552627563, 10.8250617981, -25.1204986572, 12.6018657684, 42.3522033691, -16.9425525665, 18.3062496185, -2.20530319214, 48.0450820923, 101.42149353, 24.1407146454, 4.39916801453, 9.99033355713], [3.04575490952, 22.556640625, -6.10501194, -31.3525066376, -12.4989395142, 43.9658546448, 46.1282958984, 6.29011917114, -11.1903123856, 24.1407146454, 92.5019073486, 29.5880622864, -6.61256074905], [-16.6468772888, 37.4914245605, 25.5952415466, 17.3079090118, 10.313624382, -15.3518571854, 11.2154979706, 7.75715875626, -1.90303361416, 4.39916801453, 29.5880622864, 92.0246124268, 27.0827503204], [-188.704421997, 19.2676277161, 59.5402336121, 43.467956543, 43.880695343, -10.2697839737, -18.5689792633, 9.70788955688, 11.8261899948, 9.99033355713, -6.61256074905, 27.0827503204, 82.5090179443]], "icov": [[0.000254500104347, 0.000121322504128, 0.000325581931975, -0.000138044022606, 0.000252977828495, -1.89878592209e-05, 3.08079979732e-05, -3.37093988492e-05, 2.7953661629e-05, -0.000187737459783, 0.000122680838103, -0.000240036679315, 0.000372850190615], [0.000121322504128, 0.0014207852073, 0.000307791837258, -0.000896703801118, 0.000666557869408, -0.000426174636232, -0.000366295513231, -0.000200129215955, 0.000515789026394, -0.000565196038224, 0.000245543109486, -0.000580010935664, -6.5873915446e-05], [0.000325581931975, 0.000307791837258, 0.00245824409649, -0.000182063697139, 0.000703337020241, -0.00112268363591, 0.00172616692726, -0.00119907909539, 0.000113433241495, -0.000337946927175, 0.000228155360674, -0.00096047174884, -0.000631270173471], [-0.000138044022606, -0.000896703801118, -0.000182063697139, 0.00557414954528, -0.00180259929039, 0.000920292572118, 0.00105551781598, -0.000658353790641, -0.00177005655132, 0.000974595837761, 0.000450893479865, -0.000227377793635, -0.00127684499603], [0.000252977828495, 0.000666557869408, 0.000703337020241, -0.00180259929039, 0.0064404271543, -0.000961102952715, 0.00117187364958, -0.000733216525987, -0.000145820114994, -0.00278170290403, 0.00087106693536, -0.000703807221726, -0.00167124881409], [-1.89878592209e-05, -0.000426174636232, -0.00112268363591, 0.000920292572118, -0.000961102952715, 0.00785760767758, -0.00242261472158, -0.000539194967132, 0.000612774631009, 0.00233301520348, -0.00390912313014, 0.00334192882292, -0.000391759327613], [3.08079979732e-05, -0.000366295513231, 0.00172616692726, 0.00105551781598, 0.00117187364958, -0.00242261472158, 0.00600198237225, -0.00271355872974, 0.000800687877927, -0.00202724337578, 0.000111933455628, -0.00139549281448, -0.000302723055938], [-3.37093988492e-05, -0.000200129215955, -0.00119907909539, -0.000658353790641, -0.000733216525987, -0.000539194967132, -0.00271355872974, 0.0114476326853, -0.0036708319094, 0.00270717870444, -0.000692989910021, -5.42329814834e-07, -0.000310020666802], [2.7953661629e-05, 0.000515789026394, 0.000113433241495, -0.00177005655132, -0.000145820114994, 0.000612774631009, 0.000800687877927, -0.0036708319094, 0.0108802402392, -0.00548192253336, 0.0015544060152, 0.000201239978196, 0.000722860451788], [-0.000187737459783, -0.000565196038224, -0.000337946927175, 0.000974595837761, -0.00278170290403, 0.00233301520348, -0.00202724337578, 0.00270717870444, -0.00548192253336, 0.0158549081534, -0.00593118695542, 0.0024465364404, -0.00198434316553], [0.000122680838103, 0.000245543109486, 0.000228155360674, 0.000450893479865, 0.00087106693536, -0.00390912313014, 0.000111933455628, -0.000692989910021, 0.0015544060152, -0.00593118695542, 0.0170948393643, -0.00704007595778, 0.00315419747494], [-0.000240036679315, -0.000580010935664, -0.00096047174884, -0.000227377793635, -0.000703807221726, 0.00334192882292, -0.00139549281448, -5.42329814834e-07, 0.000201239978196, 0.0024465364404, -0.00704007595778, 0.0158631205559, -0.00522057898343], [0.000372850190615, -6.5873915446e-05, -0.000631270173471, -0.00127684499603, -0.00167124881409, -0.000391759327613, -0.000302723055938, -0.000310020666802, 0.000722860451788, -0.00198434316553, 0.00315419747494, -0.00522057898343, 0.0170276742429]]}, "silence_rate_20dB": {"dvar2": 0, "var": 0, "min": 1, "dmean": 0, "mean": 1, "max": 1, "dmean2": 0, "median": 1, "dvar": 0}, "melbands_kurtosis": {"dvar2": 2797.41137695, "var": 9970.19238281, "min": -1.67751348019, "dmean": 5.54975795746, "mean": 10.9989757538, "max": 3368.46411133, "dmean2": 8.33922576904, "median": 3.08868932724, "dvar": 1297.84289551}, "barkbands_spread": {"dvar2": 68.2842407227, "var": 125.647720337, "min": 0.27067694068, "dmean": 5.7959728241, "mean": 23.8654136658, "max": 91.1437683105, "dmean2": 8.72816467285, "median": 22.3796043396, "dvar": 32.321346283}, "erbbands_skewness": {"dvar2": 0.296597152948, "var": 0.555565714836, "min": -2.92019915581, "dmean": 0.398576170206, "mean": 0.132856711745, "max": 3.62850427628, "dmean2": 0.600886881351, "median": 0.18075838685, "dvar": 0.125971421599}, "average_loudness": 0.646312952042, "spectral_centroid": {"dvar2": 189141.21875, "var": 582667.125, "min": 165.407653809, "dmean": 295.441833496, "mean": 1796.07080078, "max": 11396.3349609, "dmean2": 448.660400391, "median": 1745.83728027, "dvar": 87710.453125}, "dissonance": {"dvar2": 0.000679731601849, "var": 0.000436737784185, "min": 0.308779478073, "dmean": 0.016161205247, "mean": 0.473255246878, "max": 0.500000059605, "dmean2": 0.027527788654, "median": 0.477992624044, "dvar": 0.000246907380642}, "erbbands_flatness_db": {"dvar2": 0.00048607843928, "var": 0.00145053339656, "min": 0.0245827045292, "dmean": 0.0177238993347, "mean": 0.201895236969, "max": 0.322749614716, "dmean2": 0.0257278196514, "median": 0.201400190592, "dvar": 0.000240917768679}, "spectral_strongpeak": {"dvar2": 2.71915078163, "var": 2.89602398872, "min": 0, "dmean": 0.658195137978, "mean": 1.16672456264, "max": 13.1245775223, "dmean2": 1.08865499496, "median": 0.40993142128, "dvar": 1.08571970463}, "spectral_rms": {"dvar2": 4.32738545442e-07, "var": 1.99271994461e-06, "min": 3.20327943858e-12, "dmean": 0.000562754401471, "mean": 0.00342187448405, "max": 0.0075913136825, "dmean2": 0.000759645656217, "median": 0.00317942770198, "dvar": 2.51714624255e-07}, "silence_rate_60dB": {"dvar2": 0.105435483158, "var": 0.0632418245077, "min": 0, "dmean": 0.0472352392972, "mean": 0.0678410828114, "max": 1, "dmean2": 0.0944881886244, "median": 0, "dvar": 0.0450015813112}, "melbands": {"dvar2": [3.81337144972e-07, 4.25422911121e-07, 8.28263679864e-08, 2.8378673278e-07, 2.32663186495e-08, 1.52295758227e-08, 2.76528240306e-08, 4.69600003328e-08, 2.33645465642e-07, 1.83883912541e-07, 8.28287696208e-08, 8.41759799641e-08, 5.36903854709e-08, 4.46074643889e-08, 4.22285815205e-08, 1.31455024643e-08, 1.71291176798e-08, 1.3932965004e-08, 1.17970309077e-08, 1.99312584215e-08, 6.54615694984e-09, 1.56251833694e-09, 1.16848841714e-09, 4.93847451821e-09, 1.34216160408e-09, 1.38311007092e-09, 4.41281539088e-10, 3.7565928146e-10, 1.44470144181e-10, 7.38700906e-11, 4.29293510462e-11, 2.22129866584e-11, 1.12556778134e-11, 8.90641900508e-12, 4.19541484886e-12, 7.38451140514e-12, 1.89632814659e-12, 8.1579946791e-13, 4.77371234989e-13, 2.92345629042e-13], "var": [2.79044940044e-07, 6.84355597969e-07, 4.16361096711e-08, 9.17601141737e-08, 2.84989933874e-08, 1.2125736859e-08, 2.33454056087e-08, 4.03876256883e-08, 1.65235789495e-07, 1.2111715364e-07, 8.55925961218e-08, 6.65863169047e-08, 4.56340956134e-08, 4.71525183343e-08, 4.34779536818e-08, 1.42171403539e-08, 2.3404476579e-08, 1.17847083203e-08, 1.60290927198e-08, 2.7402943914e-08, 6.76969902358e-09, 1.83611026383e-09, 1.65482816339e-09, 4.2861052485e-09, 2.39059616547e-09, 3.21754378696e-09, 6.31491303693e-10, 3.919645164e-10, 1.54193949276e-10, 8.43897035585e-11, 5.1309127086e-11, 1.73948425108e-11, 8.52322813022e-12, 6.77866356796e-12, 3.86972441938e-12, 5.93484549699e-12, 1.52621643622e-12, 8.20142293922e-13, 5.23681629745e-13, 2.60909403891e-13], "min": [1.23427879079e-24, 2.02969670786e-24, 7.9296663041e-25, 5.91217958533e-24, 2.82128707181e-24, 2.29482930823e-24, 3.53020343239e-24, 2.42378361155e-24, 2.91247978689e-24, 1.82457354541e-24, 3.46141239487e-24, 4.08394237266e-24, 4.01314762844e-24, 4.77028922553e-24, 4.0829598464e-24, 4.0970997837e-24, 3.36984102657e-24, 5.80033173074e-24, 4.91460067851e-24, 5.94300077533e-24, 4.08051634975e-24, 5.12364290194e-24, 4.93840731734e-24, 5.39019466308e-24, 5.74178602423e-24, 6.40280925875e-24, 5.30201500223e-24, 5.48983568402e-24, 6.63793319585e-24, 7.18638400704e-24, 6.62877688733e-24, 8.34652624161e-24, 7.04228830751e-24, 7.15885197259e-24, 7.47695224401e-24, 8.24818920775e-24, 6.74809446583e-24, 7.3608090418e-24, 8.21320480433e-24, 8.19262421217e-24], "dmean": [0.000204124226002, 0.000304554909235, 0.00013579998631, 0.000229278070037, 7.89397454355e-05, 5.9809506638e-05, 6.90870801918e-05, 8.42771696625e-05, 0.000156168971444, 0.000108624277345, 9.52943300945e-05, 7.6467404142e-05, 5.67773240618e-05, 5.48271054868e-05, 4.70857266919e-05, 2.77941562672e-05, 3.38509344147e-05, 2.86553513433e-05, 3.10837785946e-05, 3.32156087097e-05, 1.77931433427e-05, 1.03615275293e-05, 1.34944639285e-05, 1.84435630217e-05, 1.16604405775e-05, 9.25138010643e-06, 7.42990050639e-06, 6.4003679654e-06, 4.10882512369e-06, 3.00989563584e-06, 2.39297105509e-06, 1.37479889872e-06, 7.37466052669e-07, 5.23487813098e-07, 3.6006892401e-07, 3.11030873945e-07, 2.29318715128e-07, 1.67899727899e-07, 1.24815386471e-07, 7.42698844647e-08], "mean": [0.000320357910823, 0.000587716756854, 0.000211277510971, 0.000235865722061, 0.000143702345667, 0.000106192703242, 0.000111142915557, 0.000128104424221, 0.000225803043577, 0.00015269353753, 0.000151741085574, 0.000121325232612, 8.31529614516e-05, 9.07862049644e-05, 7.65210425016e-05, 4.30311229138e-05, 5.57871171623e-05, 4.13555062551e-05, 5.2445619076e-05, 5.86113892496e-05, 2.89653744403e-05, 1.68217975443e-05, 2.20172714762e-05, 3.09367278533e-05, 2.35428997257e-05, 2.13458333747e-05, 1.51051826833e-05, 1.26215600176e-05, 7.90463218436e-06, 5.64246829526e-06, 4.30900490755e-06, 2.03484410122e-06, 1.0200435554e-06, 7.59785109494e-07, 4.9214787623e-07, 4.21020331487e-07, 3.24666729057e-07, 2.56070194382e-07, 1.86257224755e-07, 1.05628423341e-07], "max": [0.00456603290513, 0.00588248856366, 0.00296886009164, 0.00241981470026, 0.00255489628762, 0.00136513262987, 0.00230485363863, 0.00372554035857, 0.00780479982495, 0.00511966971681, 0.00336776254699, 0.00353175913915, 0.00323166768067, 0.0025218683295, 0.00245558726601, 0.00187952513807, 0.00177789770532, 0.00204730825499, 0.00231554871425, 0.00209250533953, 0.00129297573585, 0.00106828904245, 0.000397002469981, 0.00109571614303, 0.000635894772131, 0.000813796068542, 0.000306264351821, 0.000258562795352, 0.000171881329152, 0.000169397477293, 0.000112810215796, 9.01698149391e-05, 5.10082136316e-05, 6.80586163071e-05, 5.10511927132e-05, 0.000101289864688, 3.43855062965e-05, 2.56743242062e-05, 1.60411891557e-05, 1.17843210319e-05], "dmean2": [0.000320942606777, 0.000426673999755, 0.000228256176342, 0.000407622865168, 0.000125992897665, 9.70307955868e-05, 0.00011146475299, 0.000133926514536, 0.000244986295002, 0.000171045365278, 0.000144219360664, 0.000116723742394, 8.72868622537e-05, 8.18949920358e-05, 7.12276814738e-05, 4.06490871683e-05, 4.96683642268e-05, 4.3758758693e-05, 4.67815843876e-05, 5.10509999003e-05, 2.57984393102e-05, 1.52580851136e-05, 2.09644367715e-05, 2.83663139271e-05, 1.76851808646e-05, 1.43558227137e-05, 1.11649378596e-05, 9.8236487247e-06, 6.23280539003e-06, 4.50784136774e-06, 3.51897347173e-06, 2.07618813874e-06, 1.1361386214e-06, 8.00673603862e-07, 5.55362305477e-07, 4.72143710795e-07, 3.50154863327e-07, 2.51890043046e-07, 1.84148106541e-07, 1.11449502072e-07], "median": [8.81490122993e-05, 0.000250250857789, 0.000155063826242, 0.000124804981169, 9.18446312426e-05, 7.15691421647e-05, 6.13210722804e-05, 6.57912023598e-05, 0.000100952835055, 4.65465564048e-05, 4.39816103608e-05, 2.88000519504e-05, 2.04232364922e-05, 1.56684964168e-05, 9.59706721915e-06, 5.81037420488e-06, 7.114543223e-06, 9.0391458798e-06, 1.14046797535e-05, 8.781449651e-06, 6.24515450909e-06, 5.25032737642e-06, 6.79680579196e-06, 8.48156014399e-06, 6.12784242549e-06, 5.38459880772e-06, 5.68325185668e-06, 5.60841635888e-06, 4.00197041017e-06, 2.35672177951e-06, 1.84951431947e-06, 8.63733362166e-07, 3.75195384095e-07, 2.40104668592e-07, 1.39397812404e-07, 1.00666433411e-07, 8.56077519984e-08, 6.47207230031e-08, 4.09995379869e-08, 2.05717132218e-08], "dvar": [1.59938011279e-07, 2.40222618686e-07, 3.13562829035e-08, 1.02684978742e-07, 9.9513739471e-09, 5.89565196663e-09, 1.2081462053e-08, 2.18138627162e-08, 1.05048528098e-07, 8.14148464201e-08, 3.85089435895e-08, 3.59819232187e-08, 2.43155611201e-08, 2.04744470267e-08, 1.789790538e-08, 6.03467320559e-09, 8.26844814839e-09, 6.16557827016e-09, 5.63309932033e-09, 8.57700221957e-09, 3.19665471871e-09, 8.15627287931e-10, 5.18240450553e-10, 1.88375537391e-09, 6.13418316142e-10, 5.20662513104e-10, 1.84121690117e-10, 1.58636451197e-10, 6.6583592806e-11, 3.28726247611e-11, 2.17494546678e-11, 1.02223984486e-11, 5.08828049139e-12, 3.90740261327e-12, 1.95005882102e-12, 3.65573803868e-12, 9.08003923786e-13, 3.98362088759e-13, 2.42667431288e-13, 1.35639316077e-13]}, "spectral_skewness": {"dvar2": 0.115000806749, "var": 0.139398500323, "min": -0.0671501904726, "dmean": 0.243380695581, "mean": 0.992025434971, "max": 4.79735803604, "dmean2": 0.407903969288, "median": 0.950304389, "dvar": 0.0420229882002}, "melbands_flatness_db": {"dvar2": 0.000946679443587, "var": 0.00333976536058, "min": 0.00397368846461, "dmean": 0.0238887090236, "mean": 0.173303797841, "max": 0.507351517677, "dmean2": 0.0345740504563, "median": 0.163523167372, "dvar": 0.000489125319291}, "spectral_decrease": {"dvar2": 1.89310457504e-18, "var": 6.17245978118e-18, "min": -1.34007169805e-08, "dmean": 9.98622851078e-10, "mean": -3.31213190208e-09, "max": 2.30348676794e-21, "dmean2": 1.37358457941e-09, "median": -2.49929499319e-09, "dvar": 1.0460284076e-18}, "erbbands_crest": {"dvar2": 19.0157356262, "var": 15.793756485, "min": 2.26614499092, "dmean": 2.95068669319, "mean": 8.85709476471, "max": 30.6427021027, "dmean2": 4.84050941467, "median": 7.99098491669, "dvar": 7.41332149506}, "gfcc": {"mean": [-55.6574172974, 124.476104736, -163.985351562, 54.2285652161, -70.2984161377, 3.82408738136, -23.8680820465, 4.94843053818, -14.4605569839, -9.05315494537, -6.2957