{"tonal": {"thpcp": [1, 0.825178623199, 0.360633671284, 0.211051464081, 0.203313365579, 0.275293678045, 0.463975667953, 0.533958375454, 0.514392316341, 0.616003990173, 0.565632939339, 0.389788299799, 0.380332261324, 0.414364099503, 0.522381782532, 0.956258296967, 0.977289736271, 0.502484500408, 0.287733435631, 0.265408813953, 0.382186114788, 0.681249320507, 0.710514247417, 0.443112671375, 0.317561030388, 0.282325804234, 0.29682892561, 0.345820724964, 0.303012877703, 0.285973191261, 0.399888634682, 0.372888058424, 0.249860420823, 0.228441923857, 0.27618727088, 0.582123279572], "hpcp": {"dmean2": [0.245415732265, 0.264300882816, 0.277608305216, 0.27996557951, 0.281951069832, 0.234714910388, 0.237119778991, 0.263599693775, 0.315411686897, 0.387015968561, 0.414797574282, 0.289413958788, 0.217907786369, 0.184080585837, 0.220341816545, 0.290447413921, 0.319489479065, 0.260226279497, 0.188717707992, 0.180539757013, 0.182257160544, 0.200256258249, 0.18491743505, 0.174817696214, 0.178806826472, 0.169207751751, 0.158792808652, 0.158401831985, 0.178179219365, 0.280786126852, 0.382888317108, 0.327887445688, 0.208167642355, 0.15209043026, 0.151151835918, 0.185011476278], "median": [0.0602093562484, 0.0795058384538, 0.0791699886322, 0.0797858536243, 0.0658923089504, 0.0545859262347, 0.0499073937535, 0.0487699881196, 0.0833210796118, 0.23572050035, 0.218992650509, 0.0841098502278, 0.0243162065744, 0.0226585529745, 0.0493915602565, 0.125011175871, 0.141055136919, 0.0659732818604, 0.025021718815, 0.0203668773174, 0.0310030058026, 0.0420793779194, 0.0364986211061, 0.029876947403, 0.032027579844, 0.0312786959112, 0.0277332477272, 0.0232841614634, 0.0320225730538, 0.122200518847, 0.226285725832, 0.178655311465, 0.0611282587051, 0.0198507104069, 0.0201577059925, 0.0336291193962], "min": [0, 0, 0, 0, 0, 0, 0, 0, 0, 0, 0, 0, 0, 0, 0, 0, 0, 0, 0, 0, 0, 0, 0, 0, 0, 0, 0, 0, 0, 0, 0, 0, 0, 0, 0, 0], "dvar2": [0.107068382204, 0.103916972876, 0.112220130861, 0.108751535416, 0.116550520062, 0.0965232104063, 0.101003423333, 0.124297879636, 0.142293825746, 0.145441278815, 0.15376123786, 0.121239051223, 0.10819979012, 0.0836268141866, 0.092874802649, 0.10705216974, 0.119616657495, 0.114108785987, 0.0815306007862, 0.0823389738798, 0.0780029669404, 0.0974796637893, 0.0841831117868, 0.0905981510878, 0.0863593667746, 0.0782704427838, 0.072473756969, 0.0826891064644, 0.0709469467402, 0.0937469005585, 0.143081694841, 0.115727312863, 0.0809486806393, 0.0767318680882, 0.0754190757871, 0.0916623100638], "dvar": [0.0435974001884, 0.0438648574054, 0.0444942079484, 0.0457286350429, 0.0476823225617, 0.0365973711014, 0.0389828123152, 0.0480908714235, 0.0518415719271, 0.0572918914258, 0.0644999817014, 0.0459516532719, 0.0407149754465, 0.0329743511975, 0.035950936377, 0.0456277877092, 0.0489730015397, 0.043230433017, 0.0321381129324, 0.0313964672387, 0.0304126087576, 0.0367835685611, 0.0316963195801, 0.0331973433495, 0.0349007248878, 0.0330251418054, 0.0272213388234, 0.0307464152575, 0.0268633328378, 0.0356853716075, 0.0579423494637, 0.0470190048218, 0.0308537855744, 0.0288165062666, 0.0280831083655, 0.0337186716497], "dmean": [0.145120933652, 0.15832836926, 0.161844149232, 0.166894868016, 0.165554612875, 0.137102231383, 0.137006089091, 0.150980874896, 0.178225472569, 0.229919567704, 0.241406038404, 0.16878940165, 0.121976710856, 0.10556179285, 0.127527758479, 0.174107566476, 0.190206676722, 0.149883508682, 0.11057458818, 0.10570935905, 0.106527544558, 0.116939127445, 0.10681053251, 0.101104900241, 0.104581832886, 0.101238496602, 0.0919593051076, 0.0902559161186, 0.102292321622, 0.164322912693, 0.223216697574, 0.195948749781, 0.121011830866, 0.0856866836548, 0.0852137729526, 0.104066729546], "max": [1, 1, 1, 1, 1, 1, 1, 1, 1, 1, 1, 1, 1, 1, 1, 1, 1, 1, 1, 1, 1, 1, 1, 1, 1, 1, 1, 1, 1, 1, 1, 1, 1, 1, 1, 1], "var": [0.0579007156193, 0.0633042529225, 0.0585826262832, 0.082612529397, 0.0771802440286, 0.040656413883, 0.042058609426, 0.0527928769588, 0.0581061989069, 0.101364701986, 0.111962676048, 0.0520210191607, 0.036077003926, 0.0337704233825, 0.0408206768334, 0.077832005918, 0.0778846889734, 0.0476953908801, 0.0382554344833, 0.0345490463078, 0.0333169065416, 0.0393848083913, 0.0327051542699, 0.0352152138948, 0.0657852515578, 0.0586415603757, 0.0254844501615, 0.0260527860373, 0.0280257873237, 0.050898745656, 0.111622639, 0.0845795497298, 0.0321226269007, 0.0250630844384, 0.0225001666695, 0.029659261927], "mean": [0.164691627026, 0.189532518387, 0.182587400079, 0.218655213714, 0.200775623322, 0.138358265162, 0.135001778603, 0.147081628442, 0.185423314571, 0.339431017637, 0.346896290779, 0.178360626101, 0.102133125067, 0.0942088365555, 0.135659813881, 0.241814523935, 0.25220233202, 0.157286152244, 0.112720660865, 0.100213654339, 0.105361640453, 0.122751645744, 0.107556685805, 0.101508319378, 0.141943454742, 0.132359400392, 0.0886898189783, 0.0810871645808, 0.0980347320437, 0.206628993154, 0.354957461357, 0.2929033041, 0.128009617329, 0.074914291501, 0.0721675977111, 0.0977175459266]}, "tuning_equal_tempered_deviation": 0.17689281702, "chords_changes_rate": 0.0741049125791, "key_key": "C", "tuning_diatonic_strength": 0.649669229984, "key_scale": "major", "chords_number_rate": 0.00374687765725, "tuning_frequency": 436.204162598, "tuning_nontempered_energy_ratio": 0.872739374638, "chords_histogram": [23.3555374146, 0.29142382741, 3.53871774673, 0.0416319742799, 0.374687761068, 0, 0, 0.374687761068, 0.457951694727, 0, 0, 0, 1.33222317696, 0, 0.0416319742799, 0.791007518768, 0.249791845679, 30.474603653, 0.915903389454, 19.1090755463, 6.07826805115, 4.57951688766, 6.03663635254, 1.9567027092], "key_strength": 0.685435473919, "chords_key": "C", "chords_strength": {"dmean2": 0.013219723478, "median": 0.556437134743, "min": 0.240104645491, "dvar2": 0.000135914597195, "dvar": 0.000103576378024, "dmean": 0.012242381461, "max": 0.754599750042, "var": 0.00943025760353, "mean": 0.54320192337}, "chords_scale": "minor", "hpcp_entropy": {"dmean2": 1.09614038467, "median": 2.12078475952, "min": 0, "dvar2": 0.793359696865, "dvar": 0.271818488836, "dmean": 0.644463419914, "max": 4.16800689697, "var": 0.500093281269, "mean": 2.08503031731}}, "metadata": {"audio_properties": {"equal_loudness": 0, "codec": "mp3", "downmix": "mix", "sample_rate": 48000, "analysis_sample_rate": 44100, "bit_rate": 320000, "md5_encoded": "3e30a6f7291376bf5f5f57fea7ded838", "length": 111.455986023, "replay_gain": -13.3121910095, "lossless": false}, "version": {"essentia_build_sha": "70f2e5ece6736b2c40cc944ad0e695b16b925413", "essentia": "2.1-beta2", "extractor": "music 1.0", "essentia_git_sha": "v2.1_beta2"}, "tags": {"title": ["Sick as a Dog"], "barcode": ["9341004015777"], "media": ["CD"], "albumartist": ["Kasey Chambers & Shane Nicholson"], "language": ["eng"], "musicbrainz_recordingid": ["01cf9ed9-fc34-4e49-a681-bbf0eb03802b"], "musicbrainz_albumartistid": ["7333182d-8933-4896-adaa-fe98e6b59bd7", "8073707c-fe4f-41e2-a899-d90731e93269"], "discnumber": ["1/2"], "album": ["Wreck and Ruin"], "catalognumber": ["LMCD0178"], "musicbrainz album release country": ["US"], "musicbrainz album type": ["album"], "musicbrainz album status": ["official"], "file_name": "12 Sick as a Dog.mp3", "originaldate": ["2012-10-22"], "date": ["2012-10-22"], "genre": ["Country"], "script": ["Latn"], "asin": ["B0097RF502"], "musicbrainz_albumid": ["0d6583ad-5cea-4174-ad61-d501233fbe58"], "artist": ["Kasey Chambers & Shane Nicholson"], "artistsort": ["Chambers, Kasey & Nicholson, Shane"], "tracknumber": ["12/13"], "label": ["Liberation Music"], "albumartistsort": ["Chambers, Kasey & Nicholson, Shane"], "musicbrainz_artistid": ["7333182d-8933-4896-adaa-fe98e6b59bd7", "8073707c-fe4f-41e2-a899-d90731e93269"]}}, "rhythm": {"bpm_histogram_first_peak_bpm": {"dmean2": 0, "median": 152, "min": 152, "dvar2": 0, "dvar": 0, "dmean": 0, "max": 152, "var": 0, "mean": 152}, "bpm": 150.643829346, "bpm_histogram_second_peak_spread": {"dmean2": 0, "median": 0.176470577717, "min": 0.176470577717, "dvar2": 0, "dvar": 0, "dmean": 0, "max": 0.176470577717, "var": 0, "mean": 0.176470577717}, "bpm_histogram_first_peak_weight": {"dmean2": 0, "median": 0.509157538414, "min": 0.509157538414, "dvar2": 0, "dvar": 0, "dmean": 0, "max": 0.509157538414, "var": 0, "mean": 0.509157538414}, "onset_rate": 4.29677343369, "beats_position": [0.406349211931, 0.835918366909, 1.25387752056, 1.67183673382, 2.08979582787, 2.50775504112, 2.91410422325, 3.32045340538, 3.7151927948, 4.1099319458, 4.49306106567, 4.87619018555, 5.27092981339, 5.66566896439, 6.06040811539, 6.45514726639, 6.84988641739, 7.24462556839, 7.63936471939, 8.03410434723, 8.42884349823, 8.82358264923, 9.21832180023, 9.62467098236, 10.0310201645, 10.4257593155, 10.8204984665, 11.2268476486, 11.6331968307, 12.0279359818, 12.4342851639, 12.840634346, 13.235373497, 13.6301136017, 14.0248527527, 14.4312019348, 14.8375511169, 15.2322902679, 15.6386394501, 16.0449886322, 16.4513378143, 16.8692970276, 17.2756462097, 17.6819953918, 18.088344574, 18.483083725, 18.877822876, 19.272562027, 19.667301178, 20.0736503601, 20.4799995422, 20.8747386932, 21.2694778442, 21.6642169952, 22.0705661774, 22.4653053284, 22.8600444794, 23.2663936615, 23.6611328125, 24.0558719635, 24.4506111145, 24.8569602966, 25.2633094788, 25.6580486298, 26.0527877808, 26.4475269318, 26.8422679901, 27.2370071411, 27.6549663544, 28.0497055054, 28.4444446564, 28.8391838074, 29.2455329895, 29.6518821716, 30.0582313538, 30.4645805359, 30.8593196869, 31.2540588379, 31.6487979889, 32.0435371399, 32.4382743835, 32.8330154419, 33.2277526855, 33.6341018677, 34.0404510498, 34.4468002319, 34.8531494141, 35.2478904724, 35.6542396545, 36.0605888367, 36.455329895, 36.8500671387, 37.244808197, 37.6511573792, 38.0575065613, 38.4522438049, 38.8585929871, 39.2649421692, 39.6596832275, 40.0544204712, 40.4491615295, 40.8555107117, 41.2618598938, 41.6565971375, 42.0629463196, 42.4692955017, 42.8640365601, 43.2703857422, 43.6651229858, 44.071472168, 44.4778213501, 44.8841705322, 45.2789115906, 45.6852607727, 46.0916099548, 46.4863471985, 46.8926963806, 47.2990455627, 47.6937866211, 48.0885238647, 48.4948730469, 48.901222229, 49.2959632874, 49.690700531, 50.0970497131, 50.5033988953, 50.8981399536, 51.2928771973, 51.6876182556, 52.1055755615, 52.5003166199, 52.8950538635, 53.2897949219, 53.696144104, 54.1024932861, 54.4972343445, 54.8919715881, 55.2867126465, 55.6814498901, 56.0761909485, 56.4709281921, 56.854057312, 57.2487983704, 57.6319274902, 58.0266647339, 58.4214057922, 58.8161430359, 59.2108840942, 59.6056213379, 60.0003623962, 60.3950996399, 60.7898406982, 61.1845779419, 61.5793190002, 61.9624481201, 62.34557724, 62.7403144836, 63.135055542, 63.5297966003, 63.924533844, 64.3192749023, 64.7024002075, 65.0855331421, 65.4802703857, 65.8750076294, 66.2697525024, 66.6644897461, 67.0592269897, 67.4423599243, 67.8254852295, 68.2202224731, 68.6149673462, 69.0097045898, 69.4044418335, 69.7875747681, 70.1823120117, 70.5770492554, 70.9833984375, 71.3781356812, 71.7844848633, 72.1792297363, 72.5855789185, 72.9803161621, 73.3750534058, 73.7814025879, 74.18775177, 74.5824966431, 74.9772338867, 75.3719711304, 75.766708374, 76.1614532471, 76.5561904907, 76.9625396729, 77.368888855, 77.7752380371, 78.1815872192, 78.5879364014, 78.9942855835, 79.3890228271, 79.7837600708, 80.1785049438, 80.584854126, 80.9912033081, 81.3859405518, 81.7806777954, 82.1754150391, 82.5701599121, 82.9765090942, 83.3712463379, 83.77759552, 84.1723327637, 84.5670700073, 84.9618148804, 85.3797683716, 85.7745132446, 86.1808624268, 86.5755996704, 86.9819488525, 87.3766860962, 87.7830352783, 88.1893844604, 88.5841217041, 88.9788665771, 89.3736038208, 89.7683410645, 90.1863021851, 90.5926513672, 90.9873886108, 91.393737793, 91.8000869751, 92.1948318481, 92.5895690918, 92.9843063354, 93.3906555176, 93.7970046997, 94.2033538818, 94.5980911255, 94.9928359985, 95.3875732422, 95.7823104858, 96.188659668, 96.5950088501, 97.0129699707, 97.4309310913, 97.8372802734, 98.2436294556, 98.6499786377, 99.0563278198, 99.474281311, 99.9154663086, 100.356643677, 100.786209106, 101.134513855, 101.482810974, 101.85433197, 102.225845337, 102.643806458, 103.061767578, 103.491333008, 104.025398254, 104.513015747, 105.012245178, 105.523078918, 106.02230835, 106.521537781, 107.020767212, 107.519996643, 108.007614136, 108.506843567, 108.994468689, 109.482086182, 109.969703674, 110.468933105, 110.968162537], "beats_loudness": {"dmean2": 0.0239140503109, "median": 0.0353604033589, "min": 1.68569480596e-09, "dvar2": 0.000402800622396, "dvar": 0.00013142444368, "dmean": 0.0133272055537, "max": 0.0787878334522, "var": 0.000311073323246, "mean": 0.034502517432}, "danceability": 1.25509178638, "bpm_histogram_second_peak_weight": {"dmean2": 0, "median": 0.0512820519507, "min": 0.0512820519507, "dvar2": 0, "dvar": 0, "dmean": 0, "max": 0.0512820519507, "var": 0, "mean": 0.0512820519507}, "beats_count": 274, "bpm_histogram_second_peak_bpm": {"dmean2": 0, "median": 144, "min": 144, "dvar2": 0, "dvar": 0, "dmean": 0, "max": 144, "var": 0, "mean": 144}, "bpm_histogram_first_peak_spread": {"dmean2": 0, "median": 0.379464328289, "min": 0.379464328289, "dvar2": 0, "dvar": 0, "dmean": 0, "max": 0.379464328289, "var": 0, "mean": 0.379464328289}, "beats_loudness_band_ratio": {"dmean2": [0.298375487328, 0.131070673466, 0.226134240627, 0.230757623911, 0.166934847832, 0.0457038655877], "median": [0.423445761204, 0.076357126236, 0.18348762393, 0.106230787933, 0.104789398611, 0.0292326379567], "min": [2.98473096336e-05, 3.13589189318e-05, 0.00435979058966, 0.0030456171371, 0.003634726163, 0.000216994390939], "dvar2": [0.061766512692, 0.0304400213063, 0.0407406762242, 0.0421155020595, 0.0234596896917, 0.00419327430427], "dvar": [0.0221540872008, 0.0102394716814, 0.0143159357831, 0.0146997626871, 0.00753181334585, 0.00335819786415], "dmean": [0.170259431005, 0.0784689635038, 0.128387480974, 0.133457571268, 0.0965570807457, 0.0273987744004], "max": [0.826852560043, 0.734792888165, 0.987531840801, 0.663003742695, 0.531852900982, 0.975582122803], "var": [0.0471897274256, 0.0120479315519, 0.030061526224, 0.018645895645, 0.0104587674141, 0.00395648600534], "mean": [0.377837628126, 0.104546815157, 0.231587737799, 0.154314532876, 0.127761691809, 0.0404479876161]}}, "lowlevel": {"barkbands_spread": {"dmean2": 7.64234447479, "median": 19.2001934052, "min": 0.420079171658, "dvar2": 79.9167175293, "dvar": 38.8485565186, "dmean": 5.10998773575, "max": 108.034141541, "var": 139.643493652, "mean": 21.3374252319}, "melbands_spread": {"dmean2": 11.3227481842, "median": 24.0861740112, "min": 0.420708239079, "dvar2": 196.573440552, "dvar": 90.5427093506, "dmean": 7.49379777908, "max": 205.671081543, "var": 344.345245361, "mean": 27.6487083435}, "hfc": {"dmean2": 7.92245912552, "median": 15.2034320831, "min": 1.48830364699e-10, "dvar2": 83.6502761841, "dvar": 50.7538909912, "dmean": 5.90517091751, "max": 99.9543991089, "var": 283.067810059, "mean": 19.8782901764}, "barkbands_kurtosis": {"dmean2": 3.15509700775, "median": 0.349563121796, "min": -1.87745082378, "dvar2": 41.4845199585, "dvar": 19.6956825256, "dmean": 2.0405933857, "max": 156.879776001, "var": 85.6090545654, "mean": 2.43660092354}, "gfcc": {"mean": [-47.0569877625, 100.181274414, -148.466903687, 16.143995285, -56.9488105774, -2.73143911362, -31.2824344635, 9.26734256744, -18.5299301147, 5.88658428192, -7.72655582428, -1.74021911621, -9.58025741577], "icov": [[0.000231295533013, -0.000390304572647, 0.000508642522618, -0.000649968569633, 0.000657757860608, -0.000816376297735, 0.000567594426684, -0.000786718679592, 0.00076460884884, -0.0007883439539, 0.000574866717216, -0.000552666839212, 0.000316706078593], [-0.000390304572647, 0.00182877946645, -0.000481230876176, 0.000454980210634, -0.00143479346298, 0.00151783251204, -0.00137151556555, 0.00166763470042, -0.00134412490297, 0.00106142740697, -0.00149753247388, 0.00165167043451, -0.000419943797169], [0.000508642522618, -0.000481230876176, 0.00265381974168, -0.0019078918267, 0.00115462322719, -0.00318501587026, 0.00208878703415, -0.00159964920022, 0.000974360096734, -0.00209273560904, 0.00138894713018, -0.00151730258949, 0.00169884890784], [-0.000649968569633, 0.000454980210634, -0.0019078918267, 0.00518423924223, -0.00347022991627, 0.00176682230085, -0.000821008114144, 0.00185073900502, -0.00280317291617, 0.00264835497364, -0.000672200287227, -0.000828918651678, -0.000559102627449], [0.000657757860608, -0.00143479346298, 0.00115462322719, -0.00347022991627, 0.00714268628508, -0.00352382101119, 0.000453165004728, -0.00314734200947, 0.00129462871701, -0.000910253671464, 0.0014995088568, -0.000629115849733, 0.000252005906077], [-0.000816376297735, 0.00151783251204, -0.00318501587026, 0.00176682230085, -0.00352382101119, 0.00947678461671, -0.0041179638356, 0.001955144573, -0.00038240358117, 0.000521560490597, -0.00139206764288, 0.0013248299947, 0.000118088442832], [0.000567594426684, -0.00137151556555, 0.00208878703415, -0.000821008114144, 0.000453165004728, -0.0041179638356, 0.00821446347982, -0.00342295411974, 0.000918135745451, -0.000874347344507, -0.000825315888505, -0.00256624096073, 0.00236114207655], [-0.000786718679592, 0.00166763470042, -0.00159964920022, 0.00185073900502, -0.00314734200947, 0.001955144573, -0.00342295411974, 0.00910337083042, -0.00375355640426, 0.000957269396167, 0.00128830096219, 0.00123463349883, -0.00085548160132], [0.00076460884884, -0.00134412490297, 0.000974360096734, -0.00280317291617, 0.00129462871701, -0.00038240358117, 0.000918135745451, -0.00375355640426, 0.0114258313552, -0.00628510583192, 0.00163610943127, 0.00169063569047, -0.00141889089718], [-0.0007883439539, 0.00106142740697, -0.00209273560904, 0.00264835497364, -0.000910253671464, 0.000521560490597, -0.000874347344507, 0.000957269396167, -0.00628510583192, 0.0146419694647, -0.0053254282102, -2.69749052677e-05, 6.04150918662e-05], [0.000574866717216, -0.00149753247388, 0.00138894713018, -0.000672200287227, 0.0014995088568, -0.00139206764288, -0.000825315888505, 0.00128830096219, 0.00163610943127, -0.0053254282102, 0.0148083493114, -0.00574680464342, 0.0020968678873], [-0.000552666839212, 0.00165167043451, -0.00151730258949, -0.000828918651678, -0.000629115849733, 0.0013248299947, -0.00256624096073, 0.00123463349883, 0.00169063569047, -2.69749052677e-05, -0.00574680464342, 0.0199251081795, -0.00989150162786], [0.000316706078593, -0.000419943797169, 0.00169884890784, -0.000559102627449, 0.000252005906077, 0.000118088442832, 0.00236114207655, -0.00085548160132, -0.00141889089718, 6.04150918662e-05, 0.0020968678873, -0.00989150162786, 0.0172686316073]], "cov": [[23882.4746094, 1974.90380859, -371.548431396, 1760.77233887, 286.483734131, 1102.39489746, 73.5604476929, 954.835449219, -372.953186035, 432.273132324, -275.476531982, 347.489837646, -70.5555877686], [1974.90380859, 1188.53479004, -266.340209961, 201.709655762, 147.653121948, -22.8921031952, 117.092689514, -24.2102394104, 40.4067115784, 2.37277698517, 57.2838287354, -25.8504390717, -12.2427196503], [-371.548431396, -266.340209961, 1491.68933105, 471.856658936, 318.803253174, 477.142883301, -8.96004295349, 211.585510254, 98.6943969727, 131.147766113, -74.9760513306, 34.0249481201, -91.0987472534], [1760.77233887, 201.709655762, 471.856658936, 674.129272461, 327.691589355, 244.734817505, 44.3299789429, 162.032577515, 71.970413208, 41.6224746704, -51.7432556152, 59.8243598938, -10.1528158188], [286.483734131, 147.653121948, 318.803253174, 327.691589355, 413.112518311, 209.710586548, 102.2526474, 148.7681427, 64.5192184448, 21.5788288116, -32.5271606445, 11.5706272125, -20.6876945496], [1102.39489746, -22.8921031952, 477.142883301, 244.734817505, 209.710586548, 399.992462158, 102.78162384, 148.241394043, 6.48259353638, 74.2515335083, -24.6895236969, 29.6680545807, -52.0315055847], [73.5604476929, 117.092689514, -8.96004295349, 44.3299789429, 102.2526474, 102.78162384, 231.572875977, 72.7055664062, 18.0816860199, 16.386013031, 29.0567989349, 11.0536928177, -22.2094249725], [954.835449219, -24.2102394104, 211.585510254, 162.032577515, 148.7681427, 148.241394043, 72.7055664062, 271.693267822, 58.2072677612, 49.648223877, -55.1772270203, 9.77196121216, -16.429485321], [-372.953186035, 40.4067115784, 98.6943969727, 71.970413208, 64.5192184448, 6.48259353638, 18.0816860199, 58.2072677612, 167.877746582, 49.2622718811, -5.17777633667, -16.094871521, 4.89979887009], [432.273132324, 2.37277698517, 131.147766113, 41.6224746704, 21.5788288116, 74.2515335083, 16.386013031, 49.648223877, 49.2622718811, 128.555099487, 22.8034954071, 15.8322715759, -10.1304349899], [-275.476531982, 57.2838287354, -74.9760513306, -51.7432556152, -32.5271606445, -24.6895236969, 29.0567989349, -55.1772270203, -5.17777633667, 22.8034954071, 113.12966156, 23.1583881378, 5.10610437393], [347.489837646, -25.8504390717, 34.0249481201, 59.8243598938, 11.5706272125, 29.6680545807, 11.0536928177, 9.77196121216, -16.094871521, 15.8322715759, 23.1583881378, 94.1473083496, 39.9268913269], [-70.5555877686, -12.2427196503, -91.0987472534, -10.1528158188, -20.6876945496, -52.0315055847, -22.2094249725, -16.429485321, 4.89979887009, -10.1304349899, 5.10610437393, 39.9268913269, 93.1068191528]]}, "spectral_energyband_middle_low": {"dmean2": 0.0054042506963, "median": 0.0069688949734, "min": 1.98720447609e-17, "dvar2": 4.04246347898e-05, "dvar": 1.74345404957e-05, "dmean": 0.00349707179703, "max": 0.0552217774093, "var": 3.71268724848e-05, "mean": 0.00804406963289}, "melbands_crest": {"dmean2": 5.37412118912, "median": 12.0081310272, "min": 1.72269785404, "dvar2": 22.1071014404, "dvar": 8.96264076233, "dmean": 3.34793686867, "max": 33.5700759888, "var": 26.4516372681, "mean": 12.8141651154}, "spectral_kurtosis": {"dmean2": 4.04458475113, "median": 5.26323461533, "min": -0.672393083572, "dvar2": 24.5652236938, "dvar": 8.79329872131, "dmean": 2.40050148964, "max": 73.7268218994, "var": 26.7781200409, "mean": 6.17692422867}, "spectral_rms": {"dmean2": 0.00113916792907, "median": 0.00429977383465, "min": 2.92469759522e-09, "dvar2": 1.88605918083e-06, "dvar": 9.02152521576e-07, "dmean": 0.000794958439656, "max": 0.010752142407, "var": 3.86687634091e-06, "mean": 0.0041968440637}, "zerocrossingrate": {"dmean2": 0.0105626424775, "median": 0.05517578125, "min": 0.01318359375, "dvar2": 0.00020525684522, "dvar": 0.000195216969587, "dmean": 0.00951777212322, "max": 0.77734375, "var": 0.00472781481221, "mean": 0.0657157227397}, "silence_rate_60dB": {"dmean2": 0.0341666676104, "median": 0, "min": 0, "dvar2": 0.0392557606101, "dvar": 0.0167864002287, "dmean": 0.0170797742903, "max": 1, "var": 0.0945989340544, "mean": 0.105789251626}, "erbbands_kurtosis": {"dmean2": 1.52108716965, "median": -0.217409968376, "min": -1.71445512772, "dvar2": 15.9536151886, "dvar": 8.98820972443, "dmean": 0.97294396162, "max": 154.824539185, "var": 24.6626091003, "mean": 0.603165626526}, "erbbands": {"dmean2": [0.0966245681047, 1.37069785595, 3.44646811485, 1.97112166882, 2.39868545532, 4.55308103561, 8.65152263641, 9.17692565918, 17.3398666382, 40.4791488647, 39.5922813416, 27.6373958588, 40.76197052, 32.1692886353, 25.2248096466, 39.7654418945, 16.8729057312, 36.2015800476, 29.2502307892, 36.1459655762, 36.7425804138, 21.9787635803, 17.0725460052, 20.0150947571, 15.4765605927, 7.80202150345, 3.61814689636, 2.07851648331, 1.96166884899, 1.03463637829, 1.22254300117, 1.64086997509, 0.604341268539, 0.474434345961, 0.276891022921, 0.0713004991412, 0.0218776129186, 0.00264013116248, 0.000278816209175, 2.04179195862e-05], "median": [0.0184232722968, 0.299290120602, 0.578931033611, 0.50151181221, 0.805096328259, 2.76688241959, 4.88173866272, 6.59679317474, 10.5777759552, 20.6125640869, 20.1928482056, 11.6690711975, 13.9679107666, 11.3873729706, 13.1080684662, 18.0633716583, 9.4709148407, 16.0651321411, 14.1844120026, 13.5566444397, 10.0971107483, 7.5813126564, 11.4877223969, 11.5487251282, 10.0402889252, 6.14697408676, 2.89216566086, 1.71856033802, 1.06383359432, 0.466896027327, 0.309643149376, 0.204991698265, 0.0702564865351, 0.0412182360888, 0.0295086912811, 0.0129366666079, 0.00264266110025, 0.000364730134606, 4.90411512146e-05, 2.71745957434e-05], "min": [6.79397516931e-17, 3.79175992904e-16, 1.28011898736e-15, 3.11845153345e-15, 6.29913161291e-15, 1.12469051677e-14, 1.83132250141e-14, 2.80479680009e-14, 4.08056258867e-14, 5.71005306297e-14, 7.75704506054e-14, 1.02804341374e-13, 1.33846262524e-13, 1.71759701188e-13, 2.17953747498e-13, 2.74451034815e-13, 3.43813654846e-13, 4.29502679082e-13, 5.36099810378e-13, 6.69716831905e-13, 8.38468996924e-13, 1.05319312299e-12, 1.32782749639e-12, 1.6782714541e-12, 2.1188333206e-12, 2.64945509108e-12, 3.22883299958e-12, 3.73110613586e-12, 3.91215055143e-12, 3.46841956197e-12, 2.30751073631e-12, 9.77416606852e-13, 6.40335332501e-13, 1.74251476963e-12, 2.56761582482e-12, 1.53889184382e-12, 8.98914948554e-13, 1.73618161948e-12, 1.06188788231e-12, 1.09496579284e-13], "dvar2": [0.0420925877988, 9.70529651642, 68.1232910156, 21.2216053009, 22.9537162781, 46.679233551, 154.444320679, 156.847824097, 744.549865723, 4319.046875, 5810.86230469, 3177.9296875, 7003.82763672, 4630.36914062, 3506.10205078, 6414.41064453, 1024.62963867, 7928.84082031, 4723.65869141, 6304.96337891, 8367.69042969, 3885.63671875, 1035.08740234, 1379.76721191, 586.569763184, 151.606994629, 36.6192512512, 10.0065202713, 11.8720436096, 4.66710662842, 12.7539710999, 97.4761886597, 5.03593587875, 4.02728414536, 2.35815811157, 0.0893281400204, 0.00302627962083, 4.68974576506e-05, 5.10637391926e-07, 1.23457433165e-09], "dvar": [0.0187360588461, 3.62572455406, 25.222951889, 8.11364459991, 8.95304489136, 17.0917835236, 60.9564094543, 64.138671875, 295.990844727, 1729.56469727, 2416.05908203, 1349.51452637, 2716.22387695, 2138.15112305, 1586.46484375, 3208.22216797, 538.353027344, 3262.92529297, 2049.96289062, 2690.59594727, 4405.11181641, 1838.50927734, 490.975891113, 710.379150391, 305.567474365, 73.7602386475, 16.4763011932, 4.61710309982, 5.07934856415, 2.11141180992, 5.77821969986, 40.9569778442, 2.19073057175, 1.93920683861, 1.15583395958, 0.0485410653055, 0.00132468610536, 2.38838074438e-05, 2.2748169215e-07, 5.52384527008e-10], "dmean": [0.0639043077826, 0.833007335663, 2.05813336372, 1.17093765736, 1.42943847179, 2.67827701569, 5.3351225853, 5.847427845, 10.7532072067, 25.5260772705, 25.311170578, 17.7581348419, 25.6123390198, 22.6534175873, 17.112827301, 27.0035018921, 11.5221538544, 23.592508316, 19.3745079041, 24.0527420044, 26.2766551971, 15.0599040985, 11.6220283508, 14.1562728882, 10.7930955887, 5.37783050537, 2.38353872299, 1.40732610226, 1.27472710609, 0.687801897526, 0.81700271368, 1.08095932007, 0.408036470413, 0.335904508829, 0.198413282633, 0.0504284724593, 0.0142850792035, 0.00184104673099, 0.000190076534636, 1.4289596038e-05], "max": [1.43250346184, 21.0606155396, 62.4430656433, 34.1807975769, 40.5182304382, 44.8335952759, 116.48474884, 126.978843689, 273.394897461, 651.19329834, 636.700134277, 886.141113281, 823.121582031, 838.685791016, 839.183166504, 1080.20178223, 537.445129395, 1652.22973633, 855.364257812, 659.33380127, 1246.50952148, 889.571350098, 354.596923828, 473.450012207, 250.920700073, 145.258392334, 73.1448516846, 42.1042747498, 39.7390785217, 60.3488044739, 79.1668624878, 176.318695068, 37.7697715759, 36.7388496399, 35.8303146362, 7.96160364151, 1.09576666355, 0.159733489156, 0.0153172295541, 0.000556732644327], "var": [0.0266221016645, 3.66890454292, 25.4146766663, 7.88361692429, 10.5358028412, 19.6239509583, 123.558868408, 112.411392212, 437.613861084, 2785.15161133, 3110.46801758, 1891.30859375, 4940.60107422, 7539.05712891, 2922.8449707, 7363.984375, 1516.61108398, 7862.39990234, 3636.76757812, 4615.67138672, 12695.5722656, 3798.45068359, 1341.12145996, 1885.46582031, 1176.52734375, 227.883407593, 39.3455238342, 13.0780773163, 8.91097354889, 3.86522531509, 10.7458124161, 51.5582847595, 3.9840362072, 3.81113958359, 1.99718117714, 0.0883698984981, 0.00215674214996, 5.30330580659e-05, 3.96923525159e-07, 1.20375354129e-09], "mean": [0.0821846947074, 1.05115878582, 2.66840958595, 1.41323983669, 1.95131707191, 3.91017055511, 8.8646812439, 9.76152324677, 16.8119926453, 38.9283447266, 37.7187690735, 26.1964588165, 40.0288772583, 48.6641769409, 31.5402965546, 49.1169395447, 22.9128189087, 42.8078842163, 33.9598197937, 39.3637084961, 47.2515182495, 28.6757278442, 24.577331543, 29.4046096802, 26.0956668854, 11.9688768387, 4.82110834122, 2.83992648125, 2.1106338501, 1.05108737946, 1.14397144318, 1.37613928318, 0.544128477573, 0.447445452213, 0.265307873487, 0.0702652782202, 0.016137233004, 0.00229590502568, 0.000233968530665, 3.44387990481e-05]}, "spectral_strongpeak": {"dmean2": 1.15912389755, "median": 0.497191667557, "min": 0, "dvar2": 3.12464332581, "dvar": 1.29611778259, "dmean": 0.6856970191, "max": 12.3068656921, "var": 2.30456972122, "mean": 1.15625238419}, "spectral_energy": {"dmean2": 0.0120464982465, "median": 0.0189502555877, "min": 8.76770241153e-15, "dvar2": 0.000310701318085, "dvar": 0.000135686175781, "dmean": 0.00810511223972, "max": 0.118498787284, "var": 0.000296207494102, "mean": 0.0220173969865}, "average_loudness": 0.949108242989, "spectral_rolloff": {"dmean2": 757.846740723, "median": 1528.85742188, "min": 107.666015625, "dvar2": 1627030.75, "dvar": 855221.875, "dmean": 469.963348389, "max": 19659.8144531, "var": 4151540.5, "mean": 1840.75695801}, "spectral_centroid": {"dmean2": 369.783935547, "median": 1454.89648438, "min": 292.95098877, "dvar2": 135681.34375, "dvar": 68132.3828125, "dmean": 247.4269104, "max": 4193.69140625, "var": 316288.46875, "mean": 1508.70214844}, "pitch_salience": {"dmean2": 0.114262759686, "median": 0.533448934555, "min": 0.0890269652009, "dvar2": 0.0104178646579, "dvar": 0.00397610105574, "dmean": 0.0711896345019, "max": 0.99942034483, "var": 0.0119625711814, "mean": 0.531981289387}, "spectral_energyband_middle_high": {"dmean2": 0.00324514717795, "median": 0.00422356463969, "min": 1.63786922893e-16, "dvar2": 1.74495253304e-05, "dvar": 1.04568716779e-05, "dmean": 0.00245748553425, "max": 0.053357552737, "var": 6.14929595031e-05, "mean": 0.00762501917779}, "spectral_contrast_coeffs": {"dmean2": [0.0786133855581, 0.0870398283005, 0.0683352425694, 0.0567092634737, 0.042180467397, 0.0291553679854], "median": [-0.661047637463, -0.718114495277, -0.731110453606, -0.729576826096, -0.74909299612, -0.742897868156], "min": [-0.999444723129, -0.999642789364, -0.999451160431, -0.999509096146, -0.988856971264, -0.976101338863], "dvar2": [0.00389625062235, 0.00493825180456, 0.00295349839143, 0.00205280771479, 0.00114540208597, 0.000621870509349], "dvar": [0.00156270398293, 0.00195761281066, 0.00127485429402, 0.000918156758416, 0.000625931075774, 0.000331582617946], "dmean": [0.0485379882157, 0.0535968504846, 0.0437191389501, 0.0380564555526, 0.0295030362904, 0.0208039134741], "max": [-0.302688926458, -0.368296980858, -0.437574952841, -0.54026901722, -0.565683662891, -0.619213521481], "var": [0.00853230431676, 0.00748135708272, 0.00639792764559, 0.00474686408415, 0.00409939093515, 0.00270909327082], "mean": [-0.652903735638, -0.711354911327, -0.729136765003, -0.733941555023, -0.748421490192, -0.748613476753]}, "melbands_skewness": {"dmean2": 0.948498427868, "median": 1.55595612526, "min": -0.841876089573, "dvar2": 1.15718150139, "dvar": 0.492344021797, "dmean": 0.626517534256, "max": 10.6919355392, "var": 1.55778968334, "mean": 1.75782954693}, "spectral_spread": {"dmean2": 704187.3125, "median": 3086306.5, "min": 1066606.25, "dvar2": 856256610304, "dvar": 651273764864, "dmean": 543860.625, "max": 36936688, "var": 3457569521660.0, "mean": 3642596.25}, "dissonance": {"dmean2": 0.0380720160902, "median": 0.466684401035, "min": 0.200242221355, "dvar2": 0.00146129133645, "dvar": 0.000521003152244, "dmean": 0.0225149765611, "max": 0.500000059605, "var": 0.000966322608292, "mean": 0.460112959146}, "spectral_skewness": {"dmean2": 0.439844667912, "median": 1.52636659145, "min": 0.228747680783, "dvar2": 0.182841524482, "dvar": 0.0703938081861, "dmean": 0.269496709108, "max": 7.01043987274, "var": 0.289949983358, "mean": 1.59425592422}, "spectral_flux": {"dmean2": 0.0376212894917, "median": 0.0773293524981, "min": 2.04197058338e-05, "dvar2": 0.00168785755523, "dvar": 0.000795139523689, "dmean": 0.0244815517217, "max": 0.289564520121, "var": 0.00231283181347, "mean": 0.0816478580236}, "spectral_contrast_valleys": {"dmean2": [0.750153899193, 0.707809984684, 0.556709110737, 0.497941702604, 0.473361879587, 0.463690429926], "median": [-7.53389406204, -6.46511459351, -7.29880142212, -7.77599954605, -7.66925430298, -10.9113292694], "min": [-21.3190689087, -21.3131065369, -21.3084888458, -21.2999687195, -21.5684146881, -22.6923408508], "dvar2": [0.473830252886, 0.360271394253, 0.216273084283, 0.173042595387, 0.173347115517, 0.223653286695], "dvar": [0.217957019806, 0.157873645425, 0.10514524579, 0.0960321500897, 0.105495132506, 0.130486965179], "dmean": [0.478348165751, 0.455538183451, 0.37557476759, 0.357818424702, 0.346305817366, 0.378654509783], "max": [-5.22406864166, -4.89930486679, -5.33388519287, -5.8176445961, -5.95306015015, -7.97612476349], "var": [4.33245897293, 2.63208460808, 2.38440680504, 2.08365726471, 2.11879968643, 2.15559005737], "mean": [-8.26998233795, -6.92700624466, -7.64192485809, -8.09046268463, -8.00732135773, -11.1134405136]}, "erbbands_flatness_db": {"dmean2": 0.0293392594904, "median": 0.191064625978, "min": 0.0498725771904, "dvar2": 0.000767154386267, "dvar": 0.000430753629189, "dmean": 0.0216787196696, "max": 0.514195859432, "var": 0.0040394240059, "mean": 0.194472700357}, "spectral_energyband_high": {"dmean2": 0.000262177840341, "median": 0.000187093450222, "min": 7.72778820373e-15, "dvar2": 2.44198020027e-07, "dvar": 1.20815286664e-07, "dmean": 0.000182212534128, "max": 0.0070734731853, "var": 3.44001449548e-07, "mean": 0.000367570726667}, "spectral_entropy": {"dmean2": 0.246312946081, "median": 7.38610553741, "min": 4.22446870804, "dvar2": 0.0536205992103, "dvar": 0.0285134930164, "dmean": 0.17660497129, "max": 9.57346153259, "var": 0.236475080252, "mean": 7.36324453354}, "silence_rate_20dB": {"dmean2": 0, "median": 1, "min": 1, "dvar2": 0, "dvar": 0, "dmean": 0, "max": 1, "var": 0, "mean": 1}, "melbands_flatness_db": {"dmean2": 0.0354263484478, "median": 0.187666416168, "min": 0.00366735621355, "dvar2": 0.00119547743816, "dvar": 0.000558666302823, "dmean": 0.0237036347389, "max": 0.560672044754, "var": 0.00365674472414, "mean": 0.194219306111}, "barkbands": {"dmean2": [4.26015867561e-05, 0.00521269906312, 0.00288022682071, 0.000447828264441, 0.00124551472254, 0.00117888266686, 0.00154638919048, 0.00221591140144, 0.00132930569816, 0.00121119793039, 0.000766549026594, 0.000926764332689, 0.000435378140537, 0.000667969696224, 0.00075924716657, 0.000728282553609, 0.000483547599288, 0.000352845381713, 0.000402206060244, 0.000170198210981, 6.48472632747e-05, 4.65976845589e-05, 3.95224706153e-05, 5.61493507121e-05, 3.82622783945e-05, 1.19359738164e-05, 1.38775772029e-06], "median": [2.49055460699e-06, 0.00115319970064, 0.000398877455154, 9.41509933909e-05, 0.000827890704386, 0.000936485652346, 0.000725616817363, 0.001154206926, 0.000428166938946, 0.000401539495215, 0.000295809353702, 0.000346885412, 0.00013977981871, 0.000302624161122, 0.000270717544481, 0.000147208353155, 0.000141789932968, 0.00020035149646, 0.000218374945689, 0.000127525592688, 5.05867501488e-05, 2.44674556598e-05, 1.12804427772e-05, 6.50011770631e-06, 4.08152845921e-06, 1.93600362763e-06, 1.90146764112e-07], "min": [1.24443594933e-18, 1.8654204943e-18, 1.24229758405e-18, 1.24572666128e-18, 3.13254910976e-18, 3.15084944684e-18, 3.18228148293e-18, 3.23034501922e-18, 4.5983003339e-18, 4.71634562476e-18, 4.85983829998e-18, 6.4889878872e-18, 7.58819015291e-18, 8.87092808012e-18, 1.12974251839e-17, 1.43151033084e-17, 1.81255273438e-17, 2.56747316472e-17, 3.76030516202e-17, 5.6032897057e-17, 8.78264110811e-17, 1.10316029186e-16, 8.75147625135e-17, 3.60299393836e-17, 2.67046936017e-16, 5.54439126971e-16, 6.99427461206e-15], "dvar2": [9.41627398277e-09, 0.00013529464195, 4.67689387733e-05, 1.19295157219e-06, 3.35568438459e-06, 2.23980782721e-06, 6.68056691211e-06, 1.16282117233e-05, 7.79710444476e-06, 5.5429600252e-06, 2.52669087786e-06, 3.5857506191e-06, 9.8534621884e-07, 2.30916157307e-06, 2.45679257205e-06, 3.15152851726e-06, 1.67070516e-06, 4.53062284578e-07, 4.46674533805e-07, 7.14143766345e-08, 9.54396295327e-09, 6.75286004892e-09, 1.40930946912e-08, 8.64876952278e-08, 3.00314368928e-08, 1.22324872454e-09, 1.26071791895e-11], "dvar": [3.68023500563e-09, 5.20126741321e-05, 1.74670767592e-05, 4.28162110211e-07, 1.2627436945e-06, 9.12091650207e-07, 2.53017697105e-06, 5.11467942488e-06, 3.20519734487e-06, 2.39062615037e-06, 1.25362851122e-06, 1.80050994913e-06, 4.70220328452e-07, 9.81007929113e-07, 1.059035867e-06, 1.5524428818e-06, 7.95690539235e-07, 2.06010739134e-07, 2.27008300158e-07, 3.35385266226e-08, 4.42051328875e-09, 2.89705814893e-09, 6.21317308713e-09, 3.66895491766e-08, 1.558951368e-08, 6.11984074528e-10, 6.14850921912e-12], "dmean": [2.57794345089e-05, 0.0032321640756, 0.00171932519879, 0.000251788034802, 0.000751006708015, 0.000752324995119, 0.00094312580768, 0.00142801285256, 0.000851902586874, 0.000800806737971, 0.000530992168933, 0.000628092442639, 0.00028842271422, 0.000438767805463, 0.000500796770211, 0.000484052492538, 0.00032768631354, 0.000237436644966, 0.000277624145383, 0.000114509086416, 4.30767831858e-05, 3.04537516058e-05, 2.64386180788e-05, 3.69764311472e-05, 2.77391336567e-05, 8.15588100522e-06, 9.67600612967e-07], "max": [0.000688028754666, 0.0789337307215, 0.053028203547, 0.00877836719155, 0.0127637619153, 0.0121078062803, 0.0226670596749, 0.0316273793578, 0.0381942428648, 0.0231849066913, 0.0200289506465, 0.024345388636, 0.0144771886989, 0.028093509376, 0.0127980774269, 0.0211155116558, 0.0174007304013, 0.00678583234549, 0.0075408811681, 0.00343436258845, 0.00135799974669, 0.00106627948117, 0.00285078189336, 0.00501189706847, 0.00322020309977, 0.000939160643611, 7.9612917034e-05], "var": [3.83685483385e-09, 5.67945753573e-05, 1.80377592187e-05, 3.09294534873e-07, 1.64898187904e-06, 1.83452971214e-06, 3.3604546843e-06, 8.50926880958e-06, 4.4513976718e-06, 5.52164647161e-06, 3.01090858557e-06, 4.25717826147e-06, 9.55809355219e-07, 2.38856341639e-06, 2.05573155654e-06, 3.33068965119e-06, 1.55906320742e-06, 5.03035096244e-07, 6.72187013606e-07, 9.40699464991e-08, 1.221387258e-08, 5.10297848422e-09, 1.0592379418e-08, 5.20250189595e-08, 3.25176117144e-08, 1.13573839222e-09, 1.26175059983e-11], "mean": [2.66538263531e-05, 0.00411099428311, 0.00211335904896, 0.0002552861406, 0.00117985252291, 0.00132185372058, 0.00133795500733, 0.0021762275137, 0.00119815976359, 0.001334347995, 0.000943959224969, 0.00111191812903, 0.000446976308012, 0.00077247392619, 0.000822367321234, 0.000730689382181, 0.000548494164832, 0.000467862701043, 0.000600269646384, 0.000245123985223, 8.62758461153e-05, 4.97271503264e-05, 3.68774490198e-05, 4.90823804284e-05, 3.90613349737e-05, 1.03513420981e-05, 1.19589469705e-06]}, "erbbands_skewness": {"dmean2": 0.58122497797, "median": 0.23745238781, "min": -2.65684247017, "dvar2": 0.30169776082, "dvar": 0.145200431347, "dmean": 0.383422940969, "max": 11.1900262833, "var": 0.793574810028, "mean": 0.279176682234}, "erbbands_spread": {"dmean2": 9.5773267746, "median": 26.9387607574, "min": 1.05331087112, "dvar2": 116.090751648, "dvar": 56.3736457825, "dmean": 6.51336860657, "max": 129.863891602, "var": 223.531188965, "mean": 29.5183067322}, "melbands_kurtosis": {"dmean2": 6.75734090805, "median": 3.01776599884, "min": -1.75291419029, "dvar2": 166.462844849, "dvar": 73.6243438721, "dmean": 4.31133127213, "max": 267.64541626, "var": 170.005477905, "mean": 6.3589553833}, "melbands": {"dmean2": [0.00119713507593, 0.0017776916502, 0.000348154775565, 0.000234849925619, 0