{"metadata": {"tags": {"album": ["My Diary"], "albumartist": ["R. Kelly"], "genre": ["R&B"], "artist": ["R. Kelly"], "date": ["2005"], "tracknumber": ["9"], "title": ["Africa"], "file_name": "159333.mp3", "musicbrainz_recordingid": ["01de9e43-6491-4d27-abb1-bd6dba091e87"]}, "audio_properties": {"sample_rate": 44100, "downmix": "mix", "lossless": false, "analysis_sample_rate": 44100, "md5_encoded": "bb1842a251a44d2e6cba66bf46324af5", "equal_loudness": 0, "replay_gain": -10.6846046448, "codec": "mp3", "bit_rate": 169108, "length": 248.842453003}, "version": {"extractor": "music 1.0", "essentia_build_sha": "70f2e5ece6736b2c40cc944ad0e695b16b925413", "essentia_git_sha": "v2.1_beta2", "essentia": "2.1-beta2"}}, "rhythm": {"beats_loudness_band_ratio": {"dvar2": [0.182289958, 0.0861125811934, 0.0784104093909, 0.0287378579378, 0.00187141273636, 0.0892598554492], "var": [0.0922403112054, 0.0362258590758, 0.0399214625359, 0.0101050660014, 0.000623287574854, 0.0162304509431], "min": [0, 0, 0, 0, 0, 0], "dmean": [0.339635074139, 0.186337381601, 0.201878234744, 0.0936259701848, 0.0242522321641, 0.0564372763038], "mean": [0.491521865129, 0.175668478012, 0.22181019187, 0.0824978649616, 0.0232672039419, 0.0367159284651], "max": [0.994927406311, 0.869022130966, 0.927663326263, 0.723642349243, 0.164932876825, 0.996897220612], "dmean2": [0.585770189762, 0.336370974779, 0.348992735147, 0.166506707668, 0.0442110337317, 0.108462743461], "median": [0.472166955471, 0.101965732872, 0.143546074629, 0.0486641451716, 0.0150899635628, 0.0120898326859], "dvar": [0.0681944265962, 0.0337087139487, 0.0307059958577, 0.010742591694, 0.000628315669019, 0.0299999900162]}, "bpm_histogram_first_peak_weight": {"dvar2": 0, "var": 0, "min": 0.434389144182, "dmean": 0, "mean": 0.434389144182, "max": 0.434389144182, "dmean2": 0, "median": 0.434389144182, "dvar": 0}, "bpm": 120.038536072, "beats_count": 443, "bpm_histogram_first_peak_spread": {"dvar2": 0, "var": 0, "min": 0.288888931274, "dmean": 0, "mean": 0.288888931274, "max": 0.288888931274, "dmean2": 0, "median": 0.288888931274, "dvar": 0}, "danceability": 1.20781564713, "bpm_histogram_first_peak_bpm": {"dvar2": 0, "var": 0, "min": 120, "dmean": 0, "mean": 120, "max": 120, "dmean2": 0, "median": 120, "dvar": 0}, "beats_position": [0.522448956966, 1.06811785698, 1.6137868166, 2.13623571396, 2.67029476166, 3.20435357094, 3.7151927948, 4.23764181137, 4.76009082794, 5.2941493988, 5.8282084465, 6.420317173, 7.01242637634, 7.69741487503, 8.38240337372, 9.05578231812, 9.72916126251, 10.4025392532, 11.0759181976, 11.7376871109, 12.3994560242, 13.0728340149, 13.7462129593, 14.4195919037, 15.0929698944, 15.7547388077, 16.4165077209, 17.0898857117, 17.7516555786, 18.4134235382, 19.0868015289, 19.7485713959, 20.4219493866, 21.0953292847, 21.7570972443, 22.4188652039, 23.0806350708, 23.7424030304, 24.40417099, 25.0775508881, 25.7277088165, 26.4010887146, 27.0744667053, 27.7362346649, 28.409614563, 29.0829925537, 29.7447605133, 30.4181404114, 31.079908371, 31.7416782379, 32.4034461975, 33.0768241882, 33.7385940552, 34.4119720459, 35.0853500366, 35.7471199036, 36.4204978943, 37.0822677612, 37.7440338135, 38.4058036804, 39.0791816711, 39.7409515381, 40.402721405, 41.0760993958, 41.7378692627, 42.3996353149, 43.0730133057, 43.7463951111, 44.4197731018, 45.0931510925, 45.7549209595, 46.4166870117, 47.0900688171, 47.7518348694, 48.4136047363, 49.0869827271, 49.748752594, 50.4105224609, 51.0839004517, 51.7572784424, 52.4190483093, 53.0808143616, 53.7541923523, 54.4275741577, 55.1009521484, 55.7743301392, 56.4593200684, 57.1443061829, 57.8409042358, 58.3517456055, 58.8509750366, 59.3502044678, 59.8610420227, 60.3718795776, 60.8711090088, 61.3703384399, 61.8695678711, 62.3687973022, 62.8796348572, 63.3788642883, 63.8780937195, 64.3657150269, 64.864944458, 65.3641738892, 65.8634033203, 66.3626327515, 66.8618545532, 67.5236282349, 68.1970062256, 68.9168243408, 69.6366424561, 70.3680725098, 71.0995025635, 71.8425369263, 72.57396698, 73.3053970337, 74.0252151489, 74.7450332642, 75.4648513794, 76.1846694946, 76.8928756714, 77.6243057251, 78.3557357788, 79.0871658325, 79.8069839478, 80.4571380615, 81.1072998047, 81.7574615479, 82.4192276001, 83.0809936523, 83.742767334, 84.4045333862, 85.077911377, 85.7396774292, 86.4014511108, 87.0748291016, 87.7365951538, 88.3983688354, 89.0717468262, 89.7335128784, 90.4068908691, 91.0802688599, 91.7536468506, 92.4154205322, 93.0887985229, 93.7505645752, 94.4123306274, 95.0857162476, 95.7474822998, 96.4092483521, 97.0826263428, 97.7444000244, 98.4061660767, 99.0795440674, 99.7529220581, 100.41469574, 101.076461792, 101.738227844, 102.400001526, 103.073379517, 103.735145569, 104.396911621, 105.070289612, 105.743675232, 106.405441284, 107.078819275, 107.752197266, 108.413963318, 109.087341309, 109.74911499, 110.410881042, 111.084259033, 111.746032715, 112.407798767, 113.139228821, 113.882263184, 114.613693237, 115.333511353, 115.914009094, 116.494506836, 117.075012207, 117.551017761, 118.027030945, 118.479812622, 118.955825806, 119.43183136, 119.907844543, 120.383850098, 120.883079529, 121.38230896, 121.904762268, 122.415596008, 122.926437378, 123.437278748, 123.948112488, 124.447341919, 124.934967041, 125.434196472, 125.945030212, 126.432647705, 126.920272827, 127.40789032, 127.895507812, 128.383132935, 128.893966675, 129.381591797, 129.880813599, 130.3800354, 130.890884399, 131.390106201, 131.877731323, 132.376953125, 132.887802124, 133.387023926, 133.886260986, 134.37387085, 134.87310791, 135.38394165, 135.894775391, 136.394012451, 136.893234253, 137.392471313, 137.891693115, 138.402542114, 138.901763916, 139.401000977, 139.900222778, 140.399459839, 140.898681641, 141.397918701, 141.897140503, 142.396362305, 142.895599365, 143.394821167, 143.894058228, 144.393280029, 144.89251709, 145.391738892, 145.890975952, 146.390197754, 146.889434814, 147.388656616, 147.887893677, 148.387115479, 148.886352539, 149.373962402, 149.873199463, 150.372421265, 150.883255005, 151.382492065, 151.881713867, 152.380950928, 152.891784668, 153.391021729, 153.89024353, 154.401092529, 154.900314331, 155.387939453, 155.875549316, 156.374786377, 156.885620117, 157.384857178, 157.884078979, 158.383300781, 158.882537842, 159.381759644, 159.880996704, 160.380218506, 160.891067505, 161.390289307, 161.889526367, 162.388748169, 162.887985229, 163.387207031, 163.886444092, 164.385665894, 164.884887695, 165.384124756, 165.871749878, 166.37097168, 166.88180542, 167.369430542, 167.868652344, 168.367889404, 168.878723145, 169.389572144, 169.888793945, 170.399627686, 170.898864746, 171.386474609, 171.88571167, 172.384933472, 172.884170532, 173.383392334, 173.882629395, 174.381851196, 174.881088257, 175.380310059, 175.879547119, 176.378768921, 176.878005981, 177.377227783, 177.876464844, 178.387298584, 178.886520386, 179.385757446, 179.884979248, 180.384216309, 180.88343811, 181.382675171, 181.881896973, 182.381134033, 182.880355835, 183.379592896, 183.878814697, 184.389663696, 184.888885498, 185.3881073, 185.88734436, 186.398178101, 186.897415161, 187.385025024, 187.884262085, 188.383483887, 188.882720947, 189.381942749, 189.88117981, 190.380401611, 190.89125061, 191.378860474, 191.878097534, 192.377319336, 192.888153076, 193.387390137, 193.886611938, 194.385848999, 194.885070801, 195.384307861, 195.883529663, 196.382766724, 196.881988525, 197.369613647, 197.868835449, 198.36807251, 198.87890625, 199.378143311, 199.877365112, 200.376602173, 200.887435913, 201.386657715, 201.897506714, 202.408340454, 202.895965576, 203.383575439, 203.8828125, 204.382034302, 204.892883301, 205.380493164, 205.891326904, 206.390563965, 206.889785767, 207.377410889, 207.87663269, 208.375869751, 208.875091553, 209.374328613, 209.885162354, 210.384399414, 210.883621216, 211.382858276, 211.882080078, 212.3697052, 212.868927002, 213.368164062, 213.878997803, 214.389831543, 214.877456665, 215.376678467, 215.875915527, 216.363540649, 216.87437439, 217.373596191, 217.872833252, 218.383666992, 218.882904053, 219.382125854, 219.881362915, 220.380584717, 220.879821777, 221.379043579, 221.866668701, 222.377502441, 222.876724243, 223.375961304, 223.875183105, 224.374420166, 224.873641968, 225.372879028, 225.87210083, 226.371337891, 226.870559692, 227.369796753, 227.869018555, 228.368255615, 228.867477417, 229.366714478, 229.877548218, 230.37677002, 230.87600708, 231.375228882, 231.874465942, 232.373687744, 232.872924805, 233.372146606, 233.871383667, 234.35899353, 234.869842529, 235.38067627, 235.879898071, 236.379135132, 236.878356934, 237.377593994, 237.876815796, 238.387664795, 238.886886597, 239.374511719, 239.873733521, 240.372970581, 240.872192383, 241.371429443, 241.870651245, 242.369888306, 242.880722046, 243.379943848, 243.879180908, 244.37840271, 244.877639771, 245.365249634, 245.864486694, 246.352111816, 246.909378052, 247.466659546, 248.012329102], "beats_loudness": {"dvar2": 0.0244146883488, "var": 0.0084240809083, "min": 0, "dmean": 0.102423906326, "mean": 0.0723179206252, "max": 0.403558552265, "dmean2": 0.193318769336, "median": 0.0308779664338, "dvar": 0.0101568615064}, "bpm_histogram_second_peak_weight": {"dvar2": 0, "var": 0, "min": 0.151583716273, "dmean": 0, "mean": 0.151583716273, "max": 0.151583716273, "dmean2": 0, "median": 0.151583716273, "dvar": 0}, "bpm_histogram_second_peak_spread": {"dvar2": 0, "var": 0, "min": 0.468253970146, "dmean": 0, "mean": 0.468253970146, "max": 0.468253970146, "dmean2": 0, "median": 0.468253970146, "dvar": 0}, "bpm_histogram_second_peak_bpm": {"dvar2": 0, "var": 0, "min": 91, "dmean": 0, "mean": 91, "max": 91, "dmean2": 0, "median": 91, "dvar": 0}, "onset_rate": 3.11822080612}, "lowlevel": {"spectral_energyband_high": {"dvar2": 3.62565651812e-06, "var": 2.88618593913e-06, "min": 7.19853604957e-21, "dmean": 0.000374112540158, "mean": 0.000579365296289, "max": 0.0291928946972, "dmean2": 0.000533425598405, "median": 0.000144985955558, "dvar": 1.8378683535e-06}, "spectral_energyband_middle_low": {"dvar2": 0.000128973697429, "var": 0.000207958306419, "min": 1.49212611082e-22, "dmean": 0.00397934066132, "mean": 0.0114583279938, "max": 0.168399348855, "dmean2": 0.00597127433866, "median": 0.00663562072441, "dvar": 5.37137057108e-05}, "spectral_energy": {"dvar2": 0.00138405384496, "var": 0.00321327499114, "min": 1.00928305116e-20, "dmean": 0.0136066721752, "mean": 0.0406111106277, "max": 0.428798794746, "dmean2": 0.0192722063512, "median": 0.0192781426013, "dvar": 0.000734145985916}, "spectral_spread": {"dvar2": 2032158638080.0, "var": 17416678539300.0, "min": 1259889, "dmean": 748445.875, "mean": 6291342, "max": 42516228, "dmean2": 1060108.25, "median": 5539902, "dvar": 1053025304580.0}, "spectral_energyband_low": {"dvar2": 0.00135214673355, "var": 0.00244785565883, "min": 9.96116595356e-24, "dmean": 0.0108805848286, "mean": 0.0259711816907, "max": 0.404804080725, "dmean2": 0.0157235711813, "median": 0.00360182486475, "dvar": 0.000685401668306}, "spectral_rolloff": {"dvar2": 2753138.75, "var": 6047987.5, "min": 43.06640625, "dmean": 355.08303833, "mean": 1059.6505127, "max": 19638.28125, "dmean2": 605.585876465, "median": 538.330078125, "dvar": 1286718}, "barkbands": {"dvar2": [3.25722612615e-06, 0.0012461845763, 1.44919522427e-05, 1.02957992567e-05, 3.38461177307e-05, 8.09587891126e-06, 8.58428666106e-06, 2.69670526905e-05, 2.97633705486e-05, 4.04932188758e-06, 2.56001749221e-06, 1.41158341194e-06, 1.80731785804e-06, 4.15329623138e-07, 6.05572893164e-07, 2.10128760614e-07, 6.21192413064e-08, 3.43122827928e-08, 1.19328227299e-08, 2.74450560056e-08, 7.56173150762e-08, 1.72403701981e-07, 3.83235374102e-07, 5.73543900373e-07, 2.10023685554e-07, 6.99410307448e-09, 1.48152795587e-10], "var": [7.83680388849e-06, 0.00217599375173, 1.23182217067e-05, 5.54008283871e-06, 2.43207359745e-05, 7.38096377972e-06, 1.50103405758e-05, 4.50246479886e-05, 3.47380737367e-05, 3.56372788701e-06, 2.18556829168e-06, 1.98049178834e-06, 2.73493742498e-06, 2.63657057076e-07, 4.00349790652e-07, 1.46870902995e-07, 4.67798280113e-08, 3.44940467301e-08, 1.21608252357e-08, 1.95940081937e-08, 3.79637583592e-08, 1.08648876562e-07, 2.89723345759e-07, 3.40501998153e-07, 1.2741824662e-07, 3.62934815534e-09, 3.06593500587e-11], "min": [1.29295732176e-25, 2.68165021133e-24, 7.99849244593e-25, 9.34459088953e-25, 6.55756444126e-24, 6.73083182264e-24, 6.24664517066e-24, 6.29766238312e-24, 1.85568894108e-23, 1.31904154007e-23, 1.17472330288e-23, 1.77729588863e-23, 2.06861512118e-23, 3.47254740321e-23, 3.73376796347e-23, 6.60397368052e-23, 7.72883758209e-23, 9.50142949314e-23, 1.28446598748e-22, 1.61595228183e-22, 2.14684418523e-22, 3.28046103497e-22, 4.05912909999e-22, 5.58385081719e-22, 8.84153485036e-22, 1.37577957813e-21, 1.91010887035e-21], "dmean": [0.000462424592115, 0.0102014606819, 0.000803350179922, 0.000568080227822, 0.00176888296846, 0.000578521401621, 0.000851153046824, 0.00129831489176, 0.00107775221113, 0.000558634230401, 0.000372096692445, 0.000287881994154, 0.000302563246805, 0.00015583106142, 0.000162554453709, 7.85127849667e-05, 5.67536735616e-05, 4.77092617075e-05, 3.11237381538e-05, 4.07689149142e-05, 4.20812430093e-05, 7.36671281629e-05, 0.000101154393633, 0.000103846665297, 6.28070993116e-05, 1.79252128873e-05, 9.62055992204e-07], "mean": [0.00112133938819, 0.0232507307082, 0.00135773303919, 0.000869118317496, 0.00332644302398, 0.00105517334305, 0.00155707250815, 0.00252780737355, 0.00172309530899, 0.000872602628078, 0.000540861918125, 0.000460394338006, 0.000546572089661, 0.000215521475184, 0.000224982068175, 0.000118488373118, 9.24127671169e-05, 8.08905024314e-05, 5.56387603865e-05, 6.00563907938e-05, 4.83886615257e-05, 9.12793548196e-05, 0.000145168291056, 0.000156658061314, 8.88291979209e-05, 2.313807272e-05, 5.96836059685e-07], "max": [0.0310106314719, 0.370955437422, 0.0392119958997, 0.0534696802497, 0.0517338514328, 0.0416374057531, 0.0597949363291, 0.0905098393559, 0.159110277891, 0.0311950687319, 0.0272704698145, 0.0352575406432, 0.026483790949, 0.00733105232939, 0.0113770803437, 0.0102659799159, 0.00323631381616, 0.00357733527198, 0.00129920383915, 0.0035162451677, 0.0105006843805, 0.00581961032003, 0.015739697963, 0.0140981273726, 0.01115977671, 0.000790626334492, 0.0001446758979], "dmean2": [0.000704014615621, 0.0147586409003, 0.0013132141903, 0.000935299263801, 0.0027983316686, 0.000926118518692, 0.00128915417008, 0.00196516606957, 0.00166438252199, 0.000888958224095, 0.000584962894209, 0.000434889050666, 0.000449489365565, 0.00024838297395, 0.000267127295956, 0.000128544168547, 9.14050324354e-05, 7.34288041713e-05, 4.63269134343e-05, 6.40129146632e-05, 6.84856568114e-05, 0.000114371614472, 0.000145994446939, 0.000153702247189, 9.54015413299e-05, 2.78054285445e-05, 1.77054403139e-06], "median": [0.00016522637452, 0.00288324803114, 0.000172342115548, 9.11153329071e-05, 0.00148985884152, 0.000223012873903, 0.000219220266445, 0.000402351783123, 0.000192320614588, 0.000103101410787, 3.74830124201e-05, 3.46492961398e-05, 3.51570852217e-05, 1.92033239728e-05, 2.48162141361e-05, 1.63176882779e-05, 1.69099585037e-05, 1.51031690621e-05, 1.10631899588e-05, 1.04173823274e-05, 5.25176437804e-06, 1.16491355584e-05, 3.22333653457e-05, 3.33713651344e-05, 1.95854408958e-05, 4.5275037337e-06, 2.1850251386e-08], "dvar": [1.46261186273e-06, 0.000628999841865, 5.85030329603e-06, 3.6670433019e-06, 1.27644680106e-05, 3.14860403705e-06, 4.08224605053e-06, 1.27363964566e-05, 1.31384249471e-05, 1.73448165697e-06, 1.05495155367e-06, 6.70774966238e-07, 7.81576034115e-07, 1.63276965282e-07, 2.33228263369e-07, 8.1674649266e-08, 2.36947741428e-08, 1.43998351021e-08, 5.35146638114e-09, 1.15148397484e-08, 3.14007273516e-08, 7.87681884162e-08, 1.87687589914e-07, 2.66887667522e-07, 1.00210669984e-07, 2.96857205484e-09, 5.22797638514e-11]}, "melbands_skewness": {"dvar2": 5.44830274582, "var": 11.4248027802, "min": -5.81781339645, "dmean": 1.13919138908, "mean": 3.54285287857, "max": 33.9079742432, "dmean2": 1.69453775883, "median": 2.65887784958, "dvar": 2.49183511734}, "barkbands_skewness": {"dvar2": 6.18551111221, "var": 31.0283222198, "min": -7.38736248016, "dmean": 0.987796187401, "mean": 3.30957126617, "max": 97.7075500488, "dmean2": 1.4373511076, "median": 2.22620582581, "dvar": 3.20403981209}, "erbbands": {"dvar2": [1.8144235611, 54.2654380798, 37.3695220947, 41.8011932373, 209.175338745, 690.221984863, 403.082122803, 794.627685547, 1266.27734375, 6128.24365234, 6764.92431641, 19956.3554688, 6668.95410156, 2636.19921875, 4078.14624023, 1859.90197754, 4793.21679688, 974.07800293, 1379.63659668, 956.466003418, 328.397460938, 197.849853516, 105.408256531, 36.8773422241, 36.9629058838, 60.4727058411, 119.875411987, 113.954437256, 209.565490723, 405.392578125, 304.87197876, 255.122543335, 142.524734497, 58.0401573181, 3.8179397583, 0.309108197689, 0.0204411055893, 0.0012035088148, 6.70725171403e-07, 2.3211921274e-09], "var": [2.40161657333, 102.857261658, 45.3608779907, 19.8501243591, 138.376663208, 462.1847229, 329.487335205, 854.924682617, 2490.14135742, 9108.74414062, 9706.93164062, 21662.3808594, 6332.45458984, 2022.54101562, 4986.5390625, 3335.59033203, 7285.21386719, 840.76574707, 693.391601562, 736.852844238, 245.902389526, 160.789703369, 116.688278198, 41.9944152832, 32.6204719543, 44.1488800049, 49.5310401917, 65.2122879028, 129.991012573, 229.591323853, 232.630615234, 146.406799316, 90.9070053101, 34.148475647, 2.3619351387, 0.174935430288, 0.00915406737477, 0.000296764366794, 1.62435910056e-07, 4.37222924532e-09], "min": [6.62973535333e-23, 6.5746540557e-22, 2.88391875754e-21, 3.81768853904e-21, 9.4815432311e-21, 2.10674953329e-20, 4.29714027431e-20, 7.08524138622e-20, 9.92588946965e-20, 1.53625637725e-19, 3.15965132064e-19, 4.861211213e-19, 4.58905948569e-19, 7.3702495682e-19, 8.82504519872e-19, 1.23736717401e-18, 1.24263031745e-18, 2.27606231529e-18, 2.33844641593e-18, 2.92990081983e-18, 4.06833564161e-18, 5.1900918139e-18, 4.96451924727e-18, 4.92610870194e-18, 7.73521985243e-18, 7.84108573595e-18, 8.90977496323e-18, 8.72285447867e-18, 9.72369752492e-18, 1.18010483096e-17, 1.12961587704e-17, 9.10031270861e-18, 9.43771554456e-18, 6.95968757015e-18, 6.32990203025e-18, 4.36342943001e-18, 2.47933078388e-18, 9.79973796389e-19, 2.50684710205e-19, 2.53621896082e-20], "dmean": [0.382997989655, 2.03034353256, 1.40159630775, 1.21616351604, 3.71931743622, 7.32551908493, 5.2617764473, 5.44288301468, 10.0230369568, 20.6167526245, 22.5958042145, 26.9259910583, 20.2063808441, 12.7287063599, 14.6836948395, 10.1606311798, 15.0507793427, 7.86117506027, 7.73307943344, 6.53912591934, 3.46305727959, 2.94679164886, 2.66622495651, 1.73717737198, 1.64310157299, 1.91144526005, 1.62584018707, 1.84536612034, 2.57341241837, 3.00799775124, 2.92477965355, 2.2815682888, 1.64661943913, 0.928746402264, 0.333467543125, 0.107402354479, 0.0300516225398, 0.00446618441492, 0.000106994993985, 1.84114796866e-05], "mean": [0.782375991344, 4.67893838882, 3.08491230011, 1.96086227894, 6.53585147858, 12.5237045288, 9.17466449738, 10.4924240112, 20.1441497803, 41.4439048767, 41.3822174072, 44.6565971375, 32.6803779602, 20.6632423401, 26.287191391, 18.4208011627, 27.3654747009, 12.6642122269, 10.9403104782, 9.89789485931, 5.68588638306, 5.17226314545, 4.85883426666, 3.23015761375, 2.82962393761, 2.85657024384, 1.94275951385, 2.11141204834, 3.13140058517, 4.00360631943, 4.20924806595, 3.33048081398, 2.49638485909, 1.28565621376, 0.474419802427, 0.149165004492, 0.0360829308629, 0.00371753145009, 0.000109294844151, 5.06516626047e-05], "max": [17.1567935944, 81.416015625, 69.8865737915, 90.8679351807, 158.172180176, 237.39125061, 238.439422607, 434.992858887, 839.593139648, 1257.60180664, 1362.7310791, 3354.34619141, 1763.25305176, 802.734069824, 1347.76416016, 1794.18579102, 1363.625, 476.115356445, 369.588409424, 503.319458008, 301.850524902, 228.427505493, 218.235610962, 84.0929870605, 87.3707504272, 200.811981201, 403.355957031, 350.463317871, 243.471878052, 367.212371826, 425.750396729, 360.021087646, 214.86882019, 202.563598633, 43.7480506897, 8.94693851471, 1.42592263222, 0.412219971418, 0.00943020731211, 0.000483177602291], "dmean2": [0.564431250095, 2.96183276176, 2.19518136978, 2.0028898716, 6.13915395737, 11.4488286972, 8.2200756073, 8.56816387177, 15.0148591995, 31.8417720795, 33.2262229919, 41.1475524902, 32.1969909668, 19.8936061859, 22.7722225189, 15.2858343124, 22.3979949951, 12.1191501617, 12.6126527786, 10.5505104065, 5.49621486664, 4.67207384109, 4.10493564606, 2.58508300781, 2.46972537041, 3.01033973694, 2.65711283684, 2.93290567398, 4.0435218811, 4.50132417679, 4.2214512825, 3.35515737534, 2.45794796944, 1.40037977695, 0.510823965073, 0.164481669664, 0.0474629029632, 0.00760699668899, 0.000180167291546, 2.65742910415e-05], "median": [0.0815352872014, 0.621965885162, 0.479985237122, 0.397592961788, 1.81137549877, 4.18674373627, 2.44796013832, 2.4647102356, 3.57358932495, 10.2712755203, 7.80191659927, 6.47980260849, 4.97556972504, 2.62938380241, 1.89548790455, 1.58872497082, 1.77434003353, 1.18707752228, 1.26821231842, 1.22454690933, 0.92053091526, 0.972530245781, 0.994448065758, 0.614379346371, 0.611379742622, 0.49375462532, 0.240204453468, 0.238396525383, 0.374917805195, 0.677109479904, 0.952440500259, 0.702505588531, 0.507369816303, 0.264961361885, 0.111811310053, 0.0331993699074, 0.00573794357479, 0.000252298661508, 2.58958898485e-05, 2.65025319095e-05], "dvar": [0.856434285641, 27.4088096619, 15.9558324814, 14.5873594284, 75.7503585815, 266.7762146, 159.496398926, 316.649780273, 620.692321777, 2652.22924805, 3226.77319336, 8697.1171875, 2837.01318359, 1073.94299316, 1705.11352539, 863.137451172, 2097.14501953, 399.871246338, 516.314331055, 378.611907959, 132.931365967, 77.4986419678, 43.1670532227, 16.5772686005, 16.2094688416, 25.6298522949, 45.6246337891, 49.6157684326, 94.9338150024, 175.407394409, 151.901733398, 116.692489624, 68.5047225952, 27.7109260559, 1.76273584366, 0.134890764952, 0.00842183083296, 0.000441793643404, 2.44272030159e-07, 1.17196830018e-09]}, "silence_rate_30dB": {"dvar2": 0.0896874517202, "var": 0.0989885702729, "min": 0, "dmean": 0.0429224595428, "mean": 0.888598620892, "max": 1, "dmean2": 0.0858529284596, "median": 1, "dvar": 0.0410787574947}, "melbands_spread": {"dvar2": 638.823913574, "var": 700.655273438, "min": 0.0674204230309, "dmean": 5.96103811264, "mean": 14.9798107147, "max": 294.568023682, "dmean2": 9.18580532074, "median": 8.71636581421, "dvar": 300.718170166}, "melbands_crest": {"dvar2": 28.4607009888, "var": 51.1155281067, "min": 1.55192029476, "dmean": 3.28713440895, "mean": 18.2323074341, "max": 37.6733398438, "dmean2": 5.13818025589, "median": 17.3927879333, "dvar": 11.9044790268}, "zerocrossingrate": {"dvar2": 0.000382861937396, "var": 0.00422171410173, "min": 0.001953125, "dmean": 0.0107097020373, "mean": 0.046973541379, "max": 0.52490234375, "dmean2": 0.0125060332939, "median": 0.03271484375, "dvar": 0.000363441358786}, "barkbands_kurtosis": {"dvar2": 44820.9726562, "var": 330029.40625, "min": -1.97176730633, "dmean": 23.7116928101, "mean": 67.7002029419, "max": 15147.0439453, "dmean2": 32.6134033203, "median": 8.21629714966, "dvar": 25373.875}, "spectral_flux": {"dvar2": 0.00340166687965, "var": 0.00411319406703, "min": 6.3510349757e-11, "dmean": 0.0267281867564, "mean": 0.0713881924748, "max": 0.452719956636, "dmean2": 0.0431213714182, "median": 0.0547567978501, "dvar": 0.00140300241765}, "barkbands_crest": {"dvar2": 19.6420764923, "var": 31.3981742859, "min": 2.44740772247, "dmean": 2.66941952705, "mean": 14.3035354614, "max": 26.868812561, "dmean2": 4.21563100815, "median": 13.4664735794, "dvar": 8.10587596893}, "barkbands_flatness_db": {"dvar2": 0.00196500332095, "var": 0.00814232602715, "min": 0.0397042483091, "dmean": 0.0274235755205, "mean": 0.214380532503, "max": 0.673390746117, "dmean2": 0.0398176424205, "median": 0.199438482523, "dvar": 0.000955533003435}, "spectral_entropy": {"dvar2": 0.135657057166, "var": 0.659983336926, "min": 3.9521446228, "dmean": 0.231412738562, "mean": 7.19553136826, "max": 9.81972503662, "dmean2": 0.317331343889, "median": 7.28493690491, "dvar": 0.0743177086115}, "pitch_salience": {"dvar2": 0.0150777678937, "var": 0.0328179895878, "min": 0.00637841690332, "dmean": 0.0736047625542, "mean": 0.468147099018, "max": 0.944979548454, "dmean2": 0.114877723157, "median": 0.494142174721, "dvar": 0.00645377952605}, "erbbands_spread": {"dvar2": 544.623901367, "var": 696.678955078, "min": 1.29572558403, "dmean": 10.3600597382, "mean": 34.1681900024, "max": 227.51210022, "dmean2": 15.502158165, "median": 27.5732917786, "dvar": 238.577545166}, "dynamic_complexity": 5.70294570923, "spectral_contrast_valleys": {"dvar2": [0.354787349701, 0.419679641724, 0.350062966347, 0.352039664984, 0.285290300846, 0.250587999821], "var": [6.5255856514, 5.81935358047, 5.83908605576, 5.67580747604, 5.49559497833, 4.82582759857], "min": [-28.1780529022, -28.2881278992, -27.7774963379, -27.6901435852, -27.5793781281, -27.4076461792], "dmean": [0.406127214432, 0.443588674068, 0.407921046019, 0.379486531019, 0.324522852898, 0.292903035879], "mean": [-8.14405345917, -7.70263576508, -8.33256626129, -8.89550971985, -9.04347515106, -10.5515642166], "max": [-4.65724849701, -4.64831876755, -4.97834968567, -5.36693286896, -6.1487402916, -7.08153963089], "dmean2": [0.645792543888, 0.694632530212, 0.603597760201, 0.539710283279, 0.442739874125, 0.380565464497], "median": [-7.62489748001, -7.40880489349, -8.15703964233, -8.6767206192, -8.68009567261, -10.1317005157], "dvar": [0.180354565382, 0.190773203969, 0.179175138474, 0.178754419088, 0.153640881181, 0.147615462542]}, "hfc": {"dvar2": 316.151702881, "var": 426.245574951, "min": 1.07551578344e-16, "dmean": 5.55771064758, "mean": 14.995516777, "max": 254.738372803, "dmean2": 7.78490543365, "median": 7.90341234207, "dvar": 156.870697021}, "spectral_kurtosis": {"dvar2": 9.7281255722, "var": 53.6547279358, "min": -1.51790440083, "dmean": 1.62226033211, "mean": 5.78277349472, "max": 78.7349014282, "dmean2": 2.4205622673, "median": 4.05642986298, "dvar": 4.57301425934}, "mfcc": {"mean": [-727.288085938, 129.269866943, 38.4434204102, 1.08057439327, 9.42770004272, -0.429290980101, -2.63376426697, 9.90567684174, -2.46904993057, 9.79068470001, 3.41922092438, 2.75045156479, 1.11100900173], "cov": [[17546.234375, -293.239044189, -1100.62390137, -418.8543396, 46.733959198, 312.728149414, 315.210449219, 571.118530273, 49.7512207031, 368.194854736, 117.482513428, -54.9747428894, 58.8084449768], [-293.239044189, 1480.19592285, 73.7840194702, -81.0948944092, 49.0400352478, -99.1624145508, 55.2025413513, 41.9274368286, -51.0000457764, 34.5228271484, 18.9118270874, 56.9131393433, 24.5617218018], [-1100.62390137, 73.7840194702, 992.647094727, 266.924926758, 162.674163818, 67.7508544922, 5.35449886322, 55.112827301, 88.1250228882, 3.82550930977, 54.9386444092, 86.1403121948, 41.5669364929], [-418.8543396, -81.0948944092, 266.924926758, 568.936584473, 265.290863037, 156.201400757, 6.17294788361, 48.6178131104, 190.18145752, 58.1777648926, 64.1535873413, 69.8122787476, 103.160202026], [46.733959198, 49.0400352478, 162.674163818, 265.290863037, 438.165252686, 169.321594238, 49.2907752991, 86.2404251099, 162.301071167, 85.2474212646, 48.4081344604, 86.8448638916, 73.0182037354], [312.728149414, -99.1624145508, 67.7508544922, 156.201400757, 169.321594238, 380.00958252, 197.820617676, 85.546546936, 149.376312256, 74.5594940186, 112.754714966, 76.9247207642, 45.3056259155], [315.210449219, 55.2025413513, 5.35449886322, 6.17294788361, 49.2907752991, 197.820617676, 321.119934082, 137.374252319, 73.3851623535, 65.6052246094, 95.547958374, 58.7507972717, 22.0619335175], [571.118530273, 41.9274368286, 55.112827301, 48.6178131104, 86.2404251099, 85.546546936, 137.374252319, 222.31678772, 92.3129119873, 81.165473938, 58.1049690247, 44.9165000916, 56.6685066223], [49.7512207031, -51.0000457764, 88.1250228882, 190.18145752, 162.301071167, 149.376312256, 73.3851623535, 92.3129119873, 262.363769531, 102.657073975, 71.6905441284, 76.1616592407, 69.8767700195], [368.194854736, 34.5228271484, 3.82550930977, 58.1777648926, 85.2474212646, 74.5594940186, 65.6052246094, 81.165473938, 102.657073975, 156.339355469, 71.5076217651, 48.905292511, 40.3933601379], [117.482513428, 18.9118270874, 54.9386444092, 64.1535873413, 48.4081344604, 112.754714966, 95.547958374, 58.1049690247, 71.6905441284, 71.5076217651, 133.362167358, 63.0206680298, 30.2365665436], [-54.9747428894, 56.9131393433, 86.1403121948, 69.8122787476, 86.8448638916, 76.9247207642, 58.7507972717, 44.9165000916, 76.1616592407, 48.905292511, 63.0206680298, 120.680900574, 47.4233818054], [58.8084449768, 24.5617218018, 41.5669364929, 103.160202026, 73.0182037354, 45.3056259155, 22.0619335175, 56.6685066223, 69.8767700195, 40.3933601379, 30.2365665436, 47.4233818054, 112.511207581]], "icov": [[7.35356588848e-05, 1.48041708599e-05, 7.54358334234e-05, 4.89108242618e-05, -1.15928105515e-05, -9.18820223887e-05, 7.41297189961e-05, -0.000224810166401, 7.9363999248e-05, -0.000134719346534, 6.40594180368e-06, 5.9618094383e-05, 1.0588380519e-06], [1.48041708599e-05, 0.000773573701736, -5.25677241967e-05, 0.00015584542416, -0.000267249066383, 0.000461316551082, -0.000323186744936, 1.54879544425e-05, 0.000296222249744, -0.000205604272196, -8.70458970894e-05, -0.00034039808088, -0.000200120790396], [7.54358334234e-05, -5.25677241967e-05, 0.00133117090445, -0.000507343036588, -0.000127831837744, -8.63730019773e-06, 0.000287104339805, -0.000625688408036, 0.00011438583897, 0.000436759582954, -0.000326338369632, -0.000653017603327, 0.000425810692832], [4.89108242618e-05, 0.00015584542416, -0.000507343036588, 0.00342584680766, -0.00127266196068, -0.000444336328655, 0.000569766620174, 0.000400935387006, -0.00126979639754, 0.000452664244222, -0.00079835933866, 0.000861199165229, -0.00184439739678], [-1.15928105515e-05, -0.000267249066383, -0.000127831837744, -0.00127266196068, 0.00419604266062, -0.00140761316288, 0.00070973415859, -0.0007531583542, -0.000510371697601, -0.000970418797806, 0.00163779023569, -0.00145877501927, 0.000202428913326], [-9.18820223887e-05, 0.000461316551082, -8.63730019773e-06, -0.000444336328655, -0.00140761316288, 0.00613453565165, -0.00326468027197, 0.00137196586002, -0.00142126821447, 0.000797809800133, -0.00236060749739, -1.19560525036e-06, -1.84813252417e-05], [7.41297189961e-05, -0.000323186744936, 0.000287104339805, 0.000569766620174, 0.00070973415859, -0.00326468027197, 0.00689384248108, -0.00358187709935, 0.000444374367362, 0.000168150145328, -0.00148595636711, -0.000811742909718, 0.00111475563608], [-0.000224810166401, 1.54879544425e-05, -0.000625688408036, 0.000400935387006, -0.0007531583542, 0.00137196586002, -0.00358187709935, 0.0087940050289, -0.0013129923027, -0.00154247530736, -0.000134605696076, 0.000854772806633, -0.00276780081913], [7.9363999248e-05, 0.000296222249744, 0.00011438583897, -0.00126979639754, -0.000510371697601, -0.00142126821447, 0.000444374367362, -0.0013129923027, 0.00794969219714, -0.00301915057935, 0.000362406979548, -0.00157633575145, -0.000792754115537], [-0.000134719346534, -0.000205604272196, 0.000436759582954, 0.000452664244222, -0.000970418797806, 0.000797809800133, 0.000168150145328, -0.00154247530736, -0.00301915057935, 0.0116506125778, -0.00446551060304, -0.000164383440278, -0.000446956604719], [6.40594180368e-06, -8.70458970894e-05, -0.000326338369632, -0.00079835933866, 0.00163779023569, -0.00236060749739, -0.00148595636711, -0.000134605696076, 0.000362406979548, -0.00446551060304, 0.0147571535781, -0.00444448832422, 0.000400640186854], [5.9618094383e-05, -0.00034039808088, -0.000653017603327, 0.000861199165229, -0.00145877501927, -1.19560525036e-06, -0.000811742909718, 0.000854772806633, -0.00157633575145, -0.000164383440278, -0.00444448832422, 0.0143912509084, -0.00366281787865], [1.0588380519e-06, -0.000200120790396, 0.000425810692832, -0.00184439739678, 0.000202428913326, -1.84813252417e-05, 0.00111475563608, -0.00276780081913, -0.000792754115537, -0.000446956604719, 0.000400640186854, -0.00366281787865, 0.0136054893956]]}, "silence_rate_20dB": {"dvar2": 0.00946285203099, "var": 0.0027910170611, "min": 0, "dmean": 0.0037323879078, "mean": 0.997200965881, "max": 1, "dmean2": 0.00746547197923, "median": 1, "dvar": 0.00371860223822}, "melbands_kurtosis": {"dvar2": 12246.5927734, "var": 13180.8710938, "min": -1.91649413109, "dmean": 22.5349941254, "mean": 45.3045959473, "max": 2477.88500977, "dmean2": 34.7450485229, "median": 13.6343345642, "dvar": 4954.87792969}, "barkbands_spread": {"dvar2": 198.011062622, "var": 200.313262939, "min": 0.011816829443, "dmean": 5.09150314331, "mean": 13.5056247711, "max": 120.443656921, "dmean2": 7.91861772537, "median": 9.84979248047, "dvar": 90.1404190063}, "erbbands_skewness": {"dvar2": 0.77387201786, "var": 1.84266829491, "min": -6.7008228302, "dmean": 0.500378072262, "mean": 1.30476021767, "max": 12.3038787842, "dmean2": 0.733419775963, "median": 1.2347137928, "dvar": 0.394590348005}, "average_loudness": 0.774217844009, "spectral_centroid": {"dvar2": 344876.625, "var": 1593265.75, "min": 51.1325340271, "dmean": 201.515167236, "mean": 899.782226562, "max": 11826.9667969, "dmean2": 294.001831055, "median": 624.887695312, "dvar": 190416.09375}, "dissonance": {"dvar2": 0.00268440577202, "var": 0.00396194076166, "min": 0.0958222001791, "dmean": 0.0340648703277, "mean": 0.416728228331, "max": 0.499999940395, "dmean2": 0.0557442232966, "median": 0.430559039116, "dvar": 0.00105545448605}, "erbbands_flatness_db": {"dvar2": 0.000786595395766, "var": 0.00346516515128, "min": 0.0411304235458, "dmean": 0.0190723128617, "mean": 0.171074911952, "max": 0.40621343255, "dmean2": 0.0268413629383, "median": 0.164239779115, "dvar": 0.000415304792114}, "spectral_strongpeak": {"dvar2": 1.25669026375, "var": 0.973735392094, "min": 0, "dmean": 0.354038506746, "mean": 0.747435390949, "max": 10.9058542252, "dmean2": 0.58382242918, "median": 0.429419487715, "dvar": 0.494795799255}, "spectral_rms": {"dvar2": 3.14405610879e-06, "var": 1.37985171023e-05, "min": 3.13793934413e-12, "dmean": 0.000895093311556, "mean": 0.00508153345436, "max": 0.0204533692449, "dmean2": 0.00123560917564, "median": 0.00433681253344, "dvar": 1.72578916136e-06}, "silence_rate_60dB": {"dvar2": 0.0614359974861, "var": 0.145101681352, "min": 0, "dmean": 0.0279929079115, "mean": 0.176152274013, "max": 1, "dmean2": 0.0559910424054, "median": 0, "dvar": 0.0272095315158}, "melbands": {"dvar2": [0.00011481896945, 2.73025088973e-05, 1.55807299507e-06, 2.05330456993e-06, 5.77156185955e-07, 3.49274813516e-07, 2.92998322493e-07, 9.71936742644e-07, 4.37345335058e-07, 8.72688815434e-07, 1.7244774142e-07, 4.78344439614e-08, 4.81893529525e-08, 2.11383444082e-08, 1.80013479678e-08, 1.49104817382e-08, 4.08129530172e-09, 3.56147666913e-09, 4.14248679803e-09, 1.52174350898e-09, 3.32966237915e-10, 2.76688116863e-10, 1.88257451295e-10, 5.69639682646e-11, 2.79393088526e-11, 2.01207002448e-11, 3.87720064388e-11, 2.59905257038e-11, 3.82878971583e-11, 6.53836360054e-11, 4.70808149411e-11, 6.38136626874e-11, 1.09854000896e-10, 1.5436944778e-10, 1.15312044635e-10, 1.04961359049e-10, 1.08211377359e-10, 8.3466983325e-11, 6.59746701714e-11, 3.65033454852e-11], "var": [0.000187536381418, 4.53096326964e-05, 9.58184159572e-07, 1.39101837249e-06, 4.75931727806e-07, 3.76810788794e-07, 6.16342845206e-07, 1.61973537161e-06, 5.50859567738e-07, 9.86316763374e-07, 1.58845679721e-07, 3.41644401658e-08, 4.56154722883e-08, 2.99362810097e-08, 2.19969216175e-08, 2.16296953681e-08, 2.7351665377e-09, 1.62874669307e-09, 3.46750739233e-09, 1.12744269476e-09, 2.03101271912e-10, 1.71359343382e-10, 2.16087772675e-10, 5.87720566658e-11, 2.75346117434e-11, 1.65586815093e-11, 2.50805140545e-11, 1.82705725549e-11, 1.60890918643e-11, 2.60085789711e-11, 2.42998850208e-11, 3.66871290292e-11, 5.97532440194e-11, 8.24545223765e-11, 8.1602634372e-11, 6.98038432612e-11, 5.51364683077e-11, 4.76622838419e-11, 4.38510235068e-11, 1.89141341478e-11], "min": [1.06326281844e-24, 1.46552458908e-24, 7.57382692697e-25, 1.11899860241e-24, 1.23516083589e-24, 1.52514620326e-24, 2.21967788245e-24, 1.56055678879e-24, 2.27666322209e-24, 2.86433264761e-24, 1.89067949762e-24, 2.04876544809e-24, 2.43976790564e-24, 2.27007721961e-24, 2.8274910684e-24, 2.48602690634e-24, 3.53103410293e-24, 2.54279984518e-24, 3.40287142153e-24, 3.20297032106e-24, 3.79879755442e-24, 3.73840039136e-24, 3.15841683764e-24, 4.48528166908e-24, 3.28039859663e-24, 5.14299405438e-24, 4.95037828158e-24, 5.04241113352e-24, 5.03349503314e-24, 3.13673460123e-24, 4.3777094406e-24, 4.47764746767e-24, 5.53573555579e-24, 5.38406324169e-24, 5.33187693737e-24, 5.80189643635e-24, 5.53910241413e-24, 5.4306797936e-24, 6.26647240065e-24, 4.93616221921e-24], "dmean": [0.00309317954816, 0.00138505490031, 0.000261121924268, 0.000396768737119, 0.000220529240323, 0.000118509640743, 0.000158319686307, 0.000254718499491, 0.000180812741746, 0.000171808307641, 0.00010154145275, 5.41501067346e-05, 4.85280179419e-05, 3.58784964192e-05, 3.21162333421e-05, 2.74463727692e-05, 1.50783534991e-05, 1.24140733533e-05, 1.29398194986e-05, 6.81080200593e-06, 3.61296815754e-06, 3.14629210152e-06, 3.33898810823e-06, 1.92213474293e-06, 1.46532647705e-06, 1.20343963772e-06, 1.50490495798e-06, 1.21691084587e-06, 1.03001298157e-06, 9.21173295865e-07, 1.19443166113e-06, 1.40000179272e-06, 1.64611856235e-06, 1.78437824161e-06, 1.74504668848e-06, 1.5957659798e-06, 1.38735049404e-06, 1.24297116599e-06, 1.04185266991e-06, 7.19268484772e-07], "mean": [0.00686933519319, 0.00326866237447, 0.000462502910523, 0.000721196469385, 0.000393233087379, 0.000224905685172, 0.000314531149343, 0.000514745654073, 0.000315317214699, 0.000275218917523, 0.000156945243361, 8.16983956611e-05, 7.92343125795e-05, 6.17264449829e-05, 5.23442831764e-05, 4.83695366711e-05, 2.15847594518e-05, 1.64957600646e-05, 1.82544008567e-05, 1.01396553873e-05, 5.57973498871e-06, 5.00484566146e-06, 5.9008543758e-06, 3.32143667947e-06, 2.52877316598e-06, 1.99810847334e-06, 2.25791927733e-06, 1.73928356162e-06, 1.19526316666e-06, 1.03291881715e-06, 1.31269985104e-06, 1.63835591138e-06, 2.00090948965e-06, 2.33131981986e-06, 2.43453428084e-06, 2.2490999072e-06, 1.9504550437e-06, 1.83238421414e-06, 1.44822070069e-06, 9.57437123361e-07], "max": [0.123812519014, 0.0574065446854, 0.0184785872698, 0.0130621697754, 0.00702223880216, 0.00847299676389, 0.0129883568734, 0.0156878586859, 0.0108572356403, 0.0257955975831, 0.00914518442005, 0.00352309457958, 0.00376929738559, 0.00458772433922, 0.00255186646245, 0.00218923622742, 0.000831531069707, 0.000591827789322, 0.00124189513735, 0.0009944899939, 0.000270536897006, 0.000259422231466, 0.000275366532151, 0.000283001252683, 7.09630985511e-05, 4.36611007899e-05, 8.35942555568e-05, 0.000149243947817, 0.00017473938351, 0.000373861024855, 0.000212831553654, 0.000154832043336, 0.000186459583347, 0.000261681096163, 0.000247113755904, 0.000237409272813, 0.000202671333682, 0.000188968202565, 0.000197177301743, 0.000145681260619], "dmean2": [0.00449300324544, 0.00206577940844, 0.000426323880674, 0.000636028475128, 0.000341381062753, 0.000186545279576, 0.000236499327002, 0.000387084030081, 0.000263929221546, 0.00026460897061, 0.00016143162793, 8.45832328196e-05, 7.64878568589e-05, 5.34189275641e-05, 4.92047511216e-05, 4.00672288379e-05, 2.38664651988e-05, 2.03687268368e-05, 2.10420148505e-05, 1.11197623482e-05, 5.76815682507e-06, 5.10209656568e-06, 5.29855196874e-06, 2.95397649097e-06, 2.23083020501e-06, 1.82628286893e-06, 2.37759059019e-06, 1.92367770069e-06, 1.69575264408e-06, 1.51491121869e-06, 1.89301181308e-06, 2.21510504161e-06, 2.60490969595e-06, 2.70176542472e-06, 2.56643966168e-06, 2.3313687052e-06, 2.08317624129e-06, 1.85698229416e-06, 1.56536418672e-06, 1.11665610802e-06], "median": [0.00081683055032, 0.000437432026956, 0.000100146586192, 0.000286172202323, 0.000116487397463, 4.65241282654e-05, 4.57228634332e