{"tonal": {"thpcp": [1, 0.634098649025, 0.238925933838, 0.223530724645, 0.225146248937, 0.296549141407, 0.702194809914, 0.996799826622, 0.686512291431, 0.38441157341, 0.380667388439, 0.347471684217, 0.277212798595, 0.288290143013, 0.326405227184, 0.44070366025, 0.467295020819, 0.332857012749, 0.338475108147, 0.430475801229, 0.503677487373, 0.752547264099, 0.834878742695, 0.549315333366, 0.309781879187, 0.216707080603, 0.19902035594, 0.266597568989, 0.338627666235, 0.319918841124, 0.290469735861, 0.253686755896, 0.233123809099, 0.264841526747, 0.262526273727, 0.616138517857], "hpcp": {"dmean2": [0.185845315456, 0.181362912059, 0.2069876194, 0.218004062772, 0.200893908739, 0.18464165926, 0.236374214292, 0.284160852432, 0.338977396488, 0.365260124207, 0.337510347366, 0.328911989927, 0.233592912555, 0.167012006044, 0.150173768401, 0.160248324275, 0.188801184297, 0.198476493359, 0.177926197648, 0.149919390678, 0.148274883628, 0.152289643884, 0.14615239203, 0.229436054826, 0.30872425437, 0.2120834589, 0.139148965478, 0.147339046001, 0.162599563599, 0.201683238149, 0.320337206125, 0.377813637257, 0.347971379757, 0.241846501827, 0.228711530566, 0.210188940167], "median": [0.0206672437489, 0.0197306200862, 0.0220373664051, 0.0311899725348, 0.0285787750036, 0.0211277864873, 0.0179153773934, 0.0248707085848, 0.053303938359, 0.120623648167, 0.128064066172, 0.0691580027342, 0.0193807519972, 0.0110187307, 0.0113965310156, 0.0236903354526, 0.0306263267994, 0.0289706401527, 0.0201550722122, 0.0187888778746, 0.0204034596682, 0.0230160225183, 0.0235718246549, 0.0837030336261, 0.093887552619, 0.0976807028055, 0.0194227993488, 0.0157569684088, 0.0146226473153, 0.0324870459735, 0.124512806535, 0.192160889506, 0.115035042167, 0.0325508490205, 0.0185336116701, 0.0176744870842], "min": [0, 0, 0, 0, 0, 0, 0, 0, 0, 0, 0, 0, 0, 0, 0, 0, 0, 0, 0, 0, 0, 0, 0, 0, 0, 0, 0, 0, 0, 0, 0, 0, 0, 0, 0, 0], "dvar2": [0.0945817604661, 0.0913566797972, 0.10053447634, 0.0961198657751, 0.0866860151291, 0.0873821601272, 0.128855749965, 0.154955849051, 0.166000545025, 0.156530842185, 0.148225024343, 0.163879573345, 0.131861388683, 0.0916085615754, 0.0771507620811, 0.0722686946392, 0.0880465358496, 0.103444047272, 0.084297247231, 0.07008587569, 0.0797719284892, 0.0677843913436, 0.0639144554734, 0.0784547999501, 0.151412531734, 0.0663363039494, 0.0648877695203, 0.0750847458839, 0.075800165534, 0.0941179320216, 0.132742553949, 0.16016215086, 0.141426101327, 0.108996264637, 0.124013058841, 0.110430918634], "dvar": [0.0337271876633, 0.0337361879647, 0.0386471040547, 0.0383834391832, 0.0377269051969, 0.0326788984239, 0.0503888763487, 0.0606999769807, 0.0605984292924, 0.0581174045801, 0.0618474781513, 0.0584967769682, 0.0474782139063, 0.0333508327603, 0.0269302539527, 0.0271214898676, 0.0329112410545, 0.0388090461493, 0.0326790250838, 0.0262094791979, 0.0286009423435, 0.024803744629, 0.024208728224, 0.0342057459056, 0.0771136134863, 0.0298252999783, 0.0245335847139, 0.0269990134984, 0.0271054971963, 0.0342489220202, 0.0494606383145, 0.0668137222528, 0.0540325194597, 0.0399050712585, 0.0472413301468, 0.0419223308563], "dmean": [0.1049175933, 0.104408189654, 0.116383120418, 0.127470374107, 0.119754604995, 0.107711829245, 0.13276912272, 0.160255879164, 0.188069298863, 0.210298374295, 0.195039451122, 0.18521374464, 0.129269450903, 0.0913475230336, 0.0824987441301, 0.0913524702191, 0.106676831841, 0.110658563673, 0.101666234434, 0.0859109163284, 0.0843606293201, 0.087652489543, 0.0851832255721, 0.129678621888, 0.174197420478, 0.122556775808, 0.0806632339954, 0.0830745697021, 0.0896460488439, 0.11291513592, 0.184537217021, 0.216102913022, 0.197792217135, 0.136476159096, 0.129775479436, 0.119740657508], "max": [1, 1, 1, 1, 1, 1, 1, 1, 1, 1, 1, 1, 1, 1, 1, 1, 1, 1, 1, 1, 1, 1, 1, 1, 1, 1, 1, 1, 1, 1, 1, 1, 1, 1, 1, 1], "var": [0.0308673325926, 0.0342810750008, 0.0418992489576, 0.0560073070228, 0.0697757378221, 0.0363756194711, 0.0488364472985, 0.065625846386, 0.0645275786519, 0.0874856337905, 0.110907837749, 0.0648801624775, 0.0391162224114, 0.0257971957326, 0.0209001414478, 0.0265853237361, 0.035557821393, 0.0346234068274, 0.0358828604221, 0.0306133367121, 0.0252200812101, 0.0275123622268, 0.0278085600585, 0.0542550571263, 0.165281310678, 0.0552871078253, 0.0262083262205, 0.0235480964184, 0.0227334648371, 0.0299898218364, 0.0709463730454, 0.1237353459, 0.0698468610644, 0.0431642197073, 0.0575511716306, 0.0477877222002], "mean": [0.0945459008217, 0.0983239337802, 0.111323416233, 0.1503059268, 0.159375146031, 0.113523863256, 0.115439966321, 0.146817624569, 0.171783700585, 0.256662964821, 0.284742861986, 0.187348902225, 0.105653882027, 0.0739098861814, 0.0678776726127, 0.0909254848957, 0.115491993725, 0.109111182392, 0.0990673005581, 0.0865221321583, 0.079508960247, 0.0903265699744, 0.0895369276404, 0.210139542818, 0.341058939695, 0.216265007854, 0.081487827003, 0.0762371495366, 0.0767881423235, 0.101140737534, 0.239489808679, 0.339967489243, 0.234141156077, 0.131107002497, 0.129830017686, 0.118508324027]}, "tuning_equal_tempered_deviation": 0.217462480068, "chords_changes_rate": 0.101851850748, "key_key": "F", "tuning_diatonic_strength": 0.628309726715, "key_scale": "minor", "chords_number_rate": 0.00771604944021, "tuning_frequency": 434.193115234, "tuning_nontempered_energy_ratio": 0.888570487499, "chords_histogram": [30.6327152252, 0.0771604925394, 9.72222232819, 0, 6.0956788063, 2.23765420914, 0, 7.48456811905, 1.62037038803, 35.648147583, 2.31481480598, 0.617283940315, 0, 0, 0, 0.0771604925394, 0, 0, 0, 0, 0, 0.462962955236, 1.08024692535, 1.92901229858], "key_strength": 0.778367400169, "chords_key": "C", "chords_strength": {"dmean2": 0.0147809013724, "median": 0.488106906414, "min": -1, "dvar2": 0.00165523367468, "dvar": 0.00159828655887, "dmean": 0.0130028668791, "max": 0.721565186977, "var": 0.00814419239759, "mean": 0.47982737422}, "chords_scale": "major", "hpcp_entropy": {"dmean2": 1.16919088364, "median": 2.22654771805, "min": 0, "dvar2": 0.974821984768, "dvar": 0.345621168613, "dmean": 0.705984711647, "max": 4.37046384811, "var": 0.712347924709, "mean": 2.2471165657}}, "metadata": {"audio_properties": {"equal_loudness": 0, "codec": "mp3", "downmix": "mix", "analysis_sample_rate": 44100, "bit_rate": 192000, "md5_encoded": "47f16307c45b7a1b43186f084dce1d72", "length": 60.1077537537, "replay_gain": -0.448900222778, "lossless": false}, "version": {"essentia_build_sha": "46c2b6830b139c2e69ed9f3e0d9145e1b8fbae31", "essentia": "2.1-beta1", "extractor": "music 1.0", "essentia_git_sha": "v2.1_beta1-6-g5578087"}, "tags": {"title": ["R.e.v.o.l.u.t.i.o.n. (intalude)"], "replaygain_album_gain": ["+0.14 dB"], "albumartist": ["Das Department"], "date": ["2001"], "file_name": "22 - Das Department - R.e.v.o.l.u.t.i.o.n. (intalude).mp3", "replaygain_track_gain": ["+5.38 dB"], "replaygain_track_peak": ["0.217264"], "acoustid_id": ["27c24a14-c137-4177-865d-65ded14d40db"], "musicbrainz_recordingid": ["01e80558-97bb-42ff-bc11-c47d10f99416"], "musicbrainz_albumartistid": ["04276f3a-8205-463d-b78c-33b1606e1537"], "musicbrainz_albumid": ["ec5d1d16-4e44-42c8-b3b2-6daea1dd645b"], "artist": ["Das Department"], "tracknumber": ["22/36"], "replaygain_album_peak": ["0.502977"], "album": ["Brennstoff"], "discnumber": ["1/1"], "musicbrainz_artistid": ["04276f3a-8205-463d-b78c-33b1606e1537"], "musicbrainz_releasegroupid": ["f82c29a0-80f3-3b3a-932a-d91b0b37640d"]}}, "rhythm": {"bpm_histogram_first_peak_bpm": {"dmean2": 0, "median": 91, "min": 91, "dvar2": 0, "dvar": 0, "dmean": 0, "max": 91, "var": 0, "mean": 91}, "bpm": 90.1804733276, "bpm_histogram_second_peak_spread": {"dmean2": 0, "median": 0.5, "min": 0.5, "dvar2": 0, "dvar": 0, "dmean": 0, "max": 0.5, "var": 0, "mean": 0.5}, "bpm_histogram_first_peak_weight": {"dmean2": 0, "median": 0.647727251053, "min": 0.647727251053, "dvar2": 0, "dvar": 0, "dmean": 0, "max": 0.647727251053, "var": 0, "mean": 0.647727251053}, "onset_rate": 4.42389059067, "beats_position": [0.684988677502, 1.369977355, 2.04335594177, 2.70512461662, 3.3785033226, 4.04027223587, 4.71365070343, 5.3754196167, 6.04879808426, 6.71056699753, 7.38394546509, 8.05732440948, 8.71909236908, 9.36925125122, 10.0194101334, 10.6811790466, 11.354557991, 12.0163259506, 12.6780948639, 13.3514738083, 14.0248527527, 14.6866207123, 15.3483896255, 16.0217685699, 16.6835365295, 17.3453063965, 18.0186843872, 18.6804523468, 19.3422222137, 20.0156002045, 20.6773700714, 21.339138031, 21.9892959595, 22.6510658264, 23.312833786, 23.9862117767, 24.6595916748, 25.3213596344, 25.9831295013, 26.6448974609, 27.3066654205, 27.9684352875, 28.6302032471, 29.3035831451, 29.9769611359, 30.6387290955, 31.3004989624, 31.9506568909, 32.6240348816, 33.2858047485, 33.9475746155, 34.6209526062, 35.2943305969, 35.9561004639, 36.6178665161, 37.2796363831, 37.9530143738, 38.6263923645, 39.2765541077, 39.9383201599, 40.6116981506, 41.2734680176, 41.9352378845, 42.5970077515, 43.2587738037, 43.9205436707, 44.5823135376, 45.2440795898, 45.9058494568, 46.5792274475, 47.2409973145, 47.9027671814, 48.5761451721, 49.2379112244, 49.8996810913, 50.573059082, 51.234828949, 51.8965988159, 52.5583648682, 53.2201347351, 53.8935127258, 54.5552825928, 55.2170524597, 55.878818512, 56.5405883789, 57.2255783081, 57.9105644226, 58.6187744141, 59.3385925293], "beats_loudness": {"dmean2": 0.0276187006384, "median": 0.0388302877545, "min": 0, "dvar2": 0.000415334972786, "dvar": 0.000130996151711, "dmean": 0.0157275758684, "max": 0.0740268975496, "var": 0.000210577112739, "mean": 0.0392383895814}, "danceability": 1.29332053661, "bpm_histogram_second_peak_weight": {"dmean2": 0, "median": 0.0113636367023, "min": 0.0113636367023, "dvar2": 0, "dvar": 0, "dmean": 0, "max": 0.0113636367023, "var": 0, "mean": 0.0113636367023}, "beats_count": 89, "bpm_histogram_second_peak_bpm": {"dmean2": 0, "median": 83, "min": 83, "dvar2": 0, "dvar": 0, "dmean": 0, "max": 83, "var": 0, "mean": 83}, "bpm_histogram_first_peak_spread": {"dmean2": 0, "median": 0.337209284306, "min": 0.337209284306, "dvar2": 0, "dvar": 0, "dmean": 0, "max": 0.337209284306, "var": 0, "mean": 0.337209284306}, "beats_loudness_band_ratio": {"dmean2": [0.875805020332, 0.250347524881, 0.358319699764, 0.183438926935, 0.366911232471, 0.270346969366], "median": [0.141754940152, 0.106418602169, 0.128542006016, 0.0711200386286, 0.0798350796103, 0.0407998263836], "min": [0, 0, 0, 0, 0, 0], "dvar2": [0.267187088728, 0.0261132474989, 0.118036314845, 0.042476721108, 0.053215958178, 0.0385878533125], "dvar": [0.0951377898455, 0.0127033926547, 0.038237709552, 0.0148994661868, 0.0177544746548, 0.0117283575237], "dmean": [0.443269848824, 0.140945926309, 0.205924943089, 0.104082345963, 0.187941461802, 0.135513722897], "max": [0.977336525917, 0.968444645405, 0.916506946087, 0.702330172062, 0.503635883331, 0.584718048573], "var": [0.102778598666, 0.0294275525957, 0.051968023181, 0.0157583411783, 0.0226923916489, 0.0122015317902], "mean": [0.302934467793, 0.153497755527, 0.224417418242, 0.103506706655, 0.154841542244, 0.0873565226793]}}, "lowlevel": {"barkbands_spread": {"dmean2": 9.37355136871, "median": 16.4032211304, "min": 0.0541695952415, "dvar2": 126.443878174, "dvar": 53.923500061, "dmean": 6.10597133636, "max": 95.9421005249, "var": 205.833450317, "mean": 18.6111373901}, "melbands_spread": {"dmean2": 14.1717824936, "median": 17.560256958, "min": 0.259213030338, "dvar2": 522.061157227, "dvar": 262.387634277, "dmean": 9.22842502594, "max": 244.078811646, "var": 922.171447754, "mean": 25.4932937622}, "hfc": {"dmean2": 11.2831449509, "median": 11.4272165298, "min": 1.10557737978e-16, "dvar2": 260.339141846, "dvar": 146.477218628, "dmean": 8.09634017944, "max": 261.430267334, "var": 652.31072998, "mean": 21.3582038879}, "barkbands_kurtosis": {"dmean2": 11.4919071198, "median": 1.70873332024, "min": -1.94575047493, "dvar2": 935.989685059, "dvar": 389.132171631, "dmean": 7.18994045258, "max": 358.119049072, "var": 539.848022461, "mean": 9.0001411438}, "gfcc": {"mean": [-62.9231491089, 119.269790649, -114.402931213, 38.1817588806, -53.6726722717, 15.5060882568, -36.0452613831, 6.19056415558, -2.96560573578, 1.61786258221, -9.94508171082, -6.69713592529, -2.19839930534], "icov": [[0.000217338165385, -0.000578385661356, 0.000385970168281, -0.00049394503003, 0.000581308733672, -0.000499430927448, 0.000647802022286, -0.0006887508207, 0.00041762139881, -0.000473907828564, 0.000670534151141, -0.000596235622652, 0.000630006194115], [-0.000578385661356, 0.002386668697, -0.00109373300802, 0.00173422845546, -0.00198489241302, 0.00175763259176, -0.00176835886668, 0.00167286756914, -0.00133449176792, 0.00193734234199, -0.00261364132166, 0.00304813752882, -0.00265336735174], [0.000385970168281, -0.00109373300802, 0.00129680347163, -0.000885402900167, 0.000908981426619, -0.000627354660537, 0.00112372124568, -0.00129799719434, 0.000414301408455, -0.000781776441727, 0.000853733741678, -0.0015210704878, 0.00119265331887], [-0.00049394503003, 0.00173422845546, -0.000885402900167, 0.00257514533587, -0.00168019847479, 0.000677528500091, -0.000995157752186, 0.0016560878139, -0.00103440473322, 0.00146787974518, -0.0020525790751, 0.00284982821904, -0.00215048948303], [0.000581308733672, -0.00198489241302, 0.000908981426619, -0.00168019847479, 0.00367709202692, -0.00220079859719, 0.00115521543194, -0.00176606373861, 0.0011351541616, -0.0013727581827, 0.00198205653578, -0.00152061390691, 0.00104332028423], [-0.000499430927448, 0.00175763259176, -0.000627354660537, 0.000677528500091, -0.00220079859719, 0.00424020271748, -0.00184576842003, 0.000483294250444, -0.000710932828952, 0.00104668200947, -0.000812012411188, 0.00138474127743, -0.00121072493494], [0.000647802022286, -0.00176835886668, 0.00112372124568, -0.000995157752186, 0.00115521543194, -0.00184576842003, 0.00731874257326, -0.00544160045683, 0.00216780533083, -0.000270408985671, -0.000726083060727, 0.000318534555845, 0.000659915385768], [-0.0006887508207, 0.00167286756914, -0.00129799719434, 0.0016560878139, -0.00176606373861, 0.000483294250444, -0.00544160045683, 0.0109214745462, -0.00378407211974, 0.000984326354228, 0.00260138255544, -0.00340542197227, 0.00231013004668], [0.00041762139881, -0.00133449176792, 0.000414301408455, -0.00103440473322, 0.0011351541616, -0.000710932828952, 0.00216780533083, -0.00378407211974, 0.0100012691692, -0.00310542015359, -0.00193244242109, 0.00433115102351, -0.00226434203796], [-0.000473907828564, 0.00193734234199, -0.000781776441727, 0.00146787974518, -0.0013727581827, 0.00104668200947, -0.000270408985671, 0.000984326354228, -0.00310542015359, 0.0104087330401, -0.00351989129558, 0.0013944292441, 0.00102074875031], [0.000670534151141, -0.00261364132166, 0.000853733741678, -0.0020525790751, 0.00198205653578, -0.000812012411188, -0.000726083060727, 0.00260138255544, -0.00193244242109, -0.00351989129558, 0.0149834509939, -0.00685093272477, 0.00454868422821], [-0.000596235622652, 0.00304813752882, -0.0015210704878, 0.00284982821904, -0.00152061390691, 0.00138474127743, 0.000318534555845, -0.00340542197227, 0.00433115102351, 0.0013944292441, -0.00685093272477, 0.0217255484313, -0.00834102649242], [0.000630006194115, -0.00265336735174, 0.00119265331887, -0.00215048948303, 0.00104332028423, -0.00121072493494, 0.000659915385768, 0.00231013004668, -0.00226434203796, 0.00102074875031, 0.00454868422821, -0.00834102649242, 0.01645180583]], "cov": [[31868.1777344, -1628.36633301, -4786.07177734, 1644.91577148, -1154.62939453, 1866.50524902, -744.001708984, 926.073852539, -698.68536377, 227.788040161, -963.63470459, 96.8535385132, -605.383666992], [-1628.36633301, 3192.6574707, 858.74432373, -561.382507324, 453.021148682, -665.083679199, 178.844543457, -277.454650879, 299.018066406, -181.123168945, 294.878753662, -180.198806763, 275.252716064], [-4786.07177734, 858.74432373, 2089.90673828, -209.338790894, 138.442977905, -374.856445312, 60.8777999878, -86.9081878662, 165.991256714, -22.5017948151, 185.453674316, 2.63545179367, 90.6072235107], [1644.91577148, -561.382507324, -209.338790894, 1041.33703613, 147.608947754, 281.061889648, -83.9851837158, -30.398311615, -3.67076611519, -1.06472468376, -44.8371429443, -50.6495018005, 3.00150871277], [-1154.62939453, 453.021148682, 138.442977905, 147.608947754, 713.125671387, 153.250473022, 128.353088379, 13.9803495407, 45.998664856, -49.3477096558, 16.1332130432, -38.0779724121, 71.1066818237], [1866.50524902, -665.083679199, -374.856445312, 281.061889648, 153.250473022, 645.627380371, 62.2101325989, 182.166442871, -85.9446792603, 14.781498909, -127.482933044, 28.4482460022, -68.1839904785], [-744.001708984, 178.844543457, 60.8777999878, -83.9851837158, 128.353088379, 62.2101325989, 302.590576172, 112.745765686, 6.35386133194, -34.3279533386, 20.8572025299, -1.89482355118, 6.69014263153], [926.073852539, -277.454650879, -86.9081878662, -30.398311615, 13.9803495407, 182.166442871, 112.745765686, 273.042114258, -31.2550792694, 15.6610708237, -81.6638870239, 46.3461990356, -67.4247817993], [-698.68536377, 299.018066406, 165.991256714, -3.67076611519, 45.998664856, -85.9446792603, 6.35386133194, -31.2550792694, 186.923950195, 23.400510788, 63.7958908081, -48.9207992554, 39.1943092346], [227.788040161, -181.123168945, -22.5017948151, -1.06472468376, -49.3477096558, 14.781498909, -34.3279533386, 15.6610708237, 23.400510788, 143.066070557, 12.7820901871, 3.42298769951, -40.5018768311], [-963.63470459, 294.878753662, 185.453674316, -44.8371429443, 16.1332130432, -127.482933044, 20.8572025299, -81.6638870239, 63.7958908081, 12.7820901871, 149.673812866, -8.52373981476, 27.6637039185], [96.8535385132, -180.198806763, 2.63545179367, -50.6495018005, -38.0779724121, 28.4482460022, -1.89482355118, 46.3461990356, -48.9207992554, 3.42298769951, -8.52373981476, 90.3449478149, -0.290980815887], [-605.383666992, 275.252716064, 90.6072235107, 3.00150871277, 71.1066818237, -68.1839904785, 6.69014263153, -67.4247817993, 39.1943092346, -40.5018768311, 27.6637039185, -0.290980815887, 121.966598511]]}, "spectral_energyband_middle_low": {"dmean2": 0.00844672229141, "median": 0.00677987141535, "min": 1.55401256438e-22, "dvar2": 0.000122120880405, "dvar": 5.80264277232e-05, "dmean": 0.00573906861246, "max": 0.076172798872, "var": 0.000148983221152, "mean": 0.0114220855758}, "melbands_crest": {"dmean2": 6.19830417633, "median": 14.8232297897, "min": 1.59110796452, "dvar2": 28.7140197754, "dvar": 12.7907791138, "dmean": 3.90199327469, "max": 36.2012023926, "var": 54.5994224548, "mean": 16.066986084}, "spectral_kurtosis": {"dmean2": 18.8469142914, "median": 4.42052078247, "min": -1.38947117329, "dvar2": 5582.77929688, "dvar": 2025.97802734, "dmean": 11.1237916946, "max": 796.313354492, "var": 4961.99853516, "mean": 21.7240943909}, "spectral_rms": {"dmean2": 0.00152382848319, "median": 0.00522579438984, "min": 3.15123708378e-12, "dvar2": 2.20567585529e-06, "dvar": 1.00067620679e-06, "dmean": 0.00102699594572, "max": 0.00983402878046, "var": 4.31766738984e-06, "mean": 0.00507005816326}, "zerocrossingrate": {"dmean2": 0.0131692551076, "median": 0.03857421875, "min": 0.00146484375, "dvar2": 0.000518823449966, "dvar": 0.000365503103239, "dmean": 0.0117643903941, "max": 0.52197265625, "var": 0.00538388872519, "mean": 0.0579765178263}, "silence_rate_60dB": {"dmean2": 0.0571870170534, "median": 0, "min": 0, "dvar2": 0.0631901621819, "dvar": 0.0277649927884, "dmean": 0.0285824649036, "max": 1, "var": 0.0542206577957, "mean": 0.0575289577246}, "erbbands_kurtosis": {"dmean2": 2.99076700211, "median": 0.376809835434, "min": -1.89711785316, "dvar2": 79.1138916016, "dvar": 29.163394928, "dmean": 1.86010694504, "max": 160.401565552, "var": 35.736618042, "mean": 1.67708790302}, "erbbands": {"dmean2": [0.311475902796, 1.85952401161, 3.89697980881, 4.49055290222, 4.00879716873, 9.35680389404, 13.508849144, 18.6333007812, 27.4071578979, 48.9306907654, 55.8214645386, 46.9768257141, 53.4491348267, 46.9679298401, 23.797121048, 13.7695980072, 32.1961135864, 48.6320762634, 52.3170700073, 38.6801147461, 26.5541057587, 18.9305076599, 12.6814670563, 9.36749172211, 8.30366420746, 8.36297607422, 7.3523850441, 6.66145181656, 6.52966451645, 5.7208609581, 7.64029312134, 3.82387423515, 1.29277741909, 0.451551109552, 0.151091039181, 0.0581346899271, 0.0150734419003, 0.00134958222043, 3.97397452616e-05, 2.08601741178e-05], "median": [0.185700684786, 0.785210132599, 1.30332994461, 1.67445409298, 1.94551575184, 2.54583358765, 3.34710407257, 4.19014453888, 6.06544446945, 6.97932958603, 4.55470657349, 5.80010128021, 6.2139339447, 5.19437026978, 3.32378530502, 2.64418077469, 6.89148521423, 10.0815696716, 12.455748558, 13.0320482254, 12.1615495682, 8.15744018555, 4.32634830475, 2.84731793404, 2.73416090012, 2.50732135773, 1.79204821587, 1.42058944702, 1.45900571346, 1.08636498451, 0.828653335571, 0.485504806042, 0.243046462536, 0.0935951396823, 0.0359472930431, 0.00887862592936, 0.00158409634605, 0.000133956986247, 2.1932162781e-05, 3.44781947206e-05], "min": [6.18842384375e-23, 4.63113857947e-22, 2.60493715177e-21, 8.44955706097e-21, 2.48544331903e-20, 3.56922618203e-20, 7.6707980182e-20, 1.48029967676e-19, 1.54700442608e-19, 2.23861440139e-19, 2.57896484376e-19, 3.18878203687e-19, 7.62483559822e-19, 1.02198092303e-18, 1.08538617813e-18, 1.59511751566e-18, 1.94966470379e-18, 1.71344125619e-18, 2.84899180257e-18, 3.92583971903e-18, 3.7228326395e-18, 5.35063144078e-18, 5.56357916331e-18, 7.09061123596e-18, 8.16917948129e-18, 8.11931620679e-18, 8.51688981486e-18, 1.11384824292e-17, 1.1578418438e-17, 1.13872131579e-17, 1.25620486829e-17, 9.20792063449e-18, 9.93640205636e-18, 8.29150956772e-18, 6.64001038753e-18, 4.05030806734e-18, 2.5912677595e-18, 9.98031355956e-19, 2.50286603686e-19, 2.95993366699e-20], "dvar2": [0.222417011857, 8.25040435791, 47.9351463318, 67.7808151245, 40.7089157104, 522.439575195, 1423.71386719, 2623.09204102, 4398.27001953, 13779.4570312, 22790.7578125, 17286.6640625, 24069.796875, 14948.8720703, 3676.93969727, 1064.44848633, 4942.05078125, 11744.609375, 19146.3691406, 14445.4375, 2426.48095703, 1304.97875977, 905.290466309, 272.814483643, 326.801574707, 331.017028809, 329.875518799, 379.261505127, 286.893127441, 282.401550293, 1097.13464355, 270.478881836, 13.1453809738, 1.42000520229, 0.130794554949, 0.0224521290511, 0.00154267600738, 9.79965625447e-06, 5.76513370376e-09, 4.64162708269e-10], "dvar": [0.07278034091, 3.26181602478, 19.6234703064, 26.5272941589, 15.3886623383, 233.799316406, 563.473876953, 1239.27453613, 2036.04748535, 6478.89355469, 9902.95800781, 7665.84716797, 11218.7207031, 7871.67382812, 2048.31225586, 426.862579346, 2105.08642578, 4872.68896484, 8280.86621094, 5906.99658203, 1057.00561523, 568.897094727, 358.882110596, 117.563598633, 155.730041504, 141.936141968, 158.279449463, 205.714508057, 113.876594543, 120.493690491, 564.196960449, 144.640991211, 5.71073722839, 0.594389736652, 0.0575886145234, 0.00896517839283, 0.000622798805125, 4.18111039835e-06, 2.52485543584e-09, 2.10683706592e-10], "dmean": [0.180922701955, 1.15541303158, 2.44215941429, 2.7388985157, 2.44635176659, 5.93666791916, 8.57231044769, 11.90766716, 17.8385791779, 31.9875259399, 36.3350257874, 30.5714626312, 35.7517166138, 31.8596954346, 16.0470809937, 8.66988182068, 20.2665424347, 29.78083992, 34.483631134, 25.9527320862, 16.7053089142, 12.2090797424, 8.18404579163, 6.0592675209, 5.69729709625, 5.39437866211, 4.70822477341, 4.47333097458, 4.12063312531, 3.71109700203, 5.4089884758, 2.77722454071, 0.885444104671, 0.29957139492, 0.102916255593, 0.0373954810202, 0.00956021714956, 0.000881718064193, 2.6617291951e-05, 1.40368056236e-05], "max": [2.07772517204, 16.7722625732, 43.4057121277, 52.1268196106, 51.7503013611, 383.074371338, 487.291534424, 643.035583496, 1223.44543457, 1132.64428711, 1384.23376465, 1315.39904785, 1540.99023438, 1539.5065918, 928.743347168, 304.360931396, 646.517883301, 939.860290527, 1249.41809082, 1533.40344238, 702.764648438, 614.965881348, 541.935241699, 189.551696777, 206.990020752, 277.423431396, 286.912445068, 501.737823486, 166.947387695, 210.307342529, 701.456176758, 482.962280273, 41.3592414856, 10.3691215515, 2.83889913559, 1.20174467564, 0.351907402277, 0.0333679765463, 0.000770172453485, 0.000181842638995], "var": [0.158573046327, 4.70063591003, 26.9805583954, 31.9324264526, 31.9453029633, 383.332733154, 835.004333496, 1696.49768066, 4547.50390625, 10831.6191406, 12130.1347656, 13689.0537109, 19278.21875, 15730.4619141, 4873.81298828, 579.296081543, 3051.85449219, 6651.43994141, 10855.1240234, 8341.30761719, 2487.64770508, 1144.23950195, 585.334289551, 299.54385376, 325.222991943, 308.073303223, 390.955657959, 398.675292969, 201.550262451, 317.024536133, 2760.09838867, 593.321960449, 13.0967540741, 0.861469209194, 0.0825931504369, 0.00941292662174, 0.000644811429083, 5.68726727579e-06, 4.62263205492e-09, 7.39875605227e-10], "mean": [0.340220630169, 1.65597403049, 3.4877986908, 3.85811185837, 4.13696813583, 8.16142845154, 10.9797210693, 15.1430912018, 24.9551315308, 41.4570236206, 41.2638969421, 42.2278633118, 47.7961235046, 43.8109855652, 22.9206848145, 11.6175289154, 25.6867160797, 37.3883781433, 46.8230857849, 38.0689506531, 27.7247982025, 20.2252178192, 13.5318412781, 9.97300243378, 8.80782318115, 8.64200496674, 7.56544113159, 6.73961925507, 6.04881095886, 5.96581029892, 10.8571968079, 5.23696899414, 1.35014915466, 0.411150872707, 0.140215829015, 0.0437572151423, 0.010742938146, 0.00112478539813, 4.65256271127e-05, 3.86454958061e-05]}, "spectral_strongpeak": {"dmean2": 1.116933465, "median": 0.324400007725, "min": 0, "dvar2": 3.10468482971, "dvar": 1.24390995502, "dmean": 0.664420902729, "max": 13.8291292191, "var": 1.80602550507, "mean": 0.952800154686}, "spectral_energy": {"dmean2": 0.0170746445656, "median": 0.0279916990548, "min": 1.01785527571e-20, "dvar2": 0.000331555871526, "dvar": 0.00014296619338, "dmean": 0.0113447969779, "max": 0.0991258248687, "var": 0.000436607486336, "mean": 0.0307737309486}, "average_loudness": 0.961852669716, "spectral_rolloff": {"dmean2": 791.17980957, "median": 818.26171875, "min": 64.599609375, "dvar2": 2256265.25, "dvar": 1103142.625, "dmean": 474.489868164, "max": 19379.8828125, "var": 7879590.5, "mean": 1644.43127441}, "spectral_centroid": {"dmean2": 440.936676025, "median": 1079.33422852, "min": 193.716339111, "dvar2": 345066.5, "dvar": 189177.515625, "dmean": 300.592254639, "max": 11689.5839844, "var": 2109283, "mean": 1372.02758789}, "pitch_salience": {"dmean2": 0.142982780933, "median": 0.528113663197, "min": 0.125798672438, "dvar2": 0.0151113066822, "dvar": 0.00620680861175, "dmean": 0.0885291546583, "max": 0.880881667137, "var": 0.021854383871, "mean": 0.53091019392}, "spectral_energyband_middle_high": {"dmean2": 0.00399205507711, "median": 0.0024369508028, "min": 1.27633090041e-21, "dvar2": 3.61691782018e-05, "dvar": 1.82929816219e-05, "dmean": 0.00275188614614, "max": 0.0531471967697, "var": 5.93637123529e-05, "mean": 0.00590333808213}, "spectral_contrast_coeffs": {"dmean2": [0.0868223458529, 0.0926737561822, 0.0734717175364, 0.0570382513106, 0.0411566719413, 0.0326134562492], "median": [-0.707167029381, -0.740965723991, -0.773094773293, -0.7802760005, -0.810129344463, -0.775007009506], "min": [-0.980948209763, -0.974775135517, -0.972579836845, -0.980003654957, -0.965215682983, -0.964231729507], "dvar2": [0.00541190523654, 0.0059819156304, 0.00344893545844, 0.00217554089613, 0.00130313646514, 0.0007903270307], "dvar": [0.0021503448952, 0.0026946819853, 0.00162626628298, 0.000989249907434, 0.0005462707486, 0.000389690714655], "dmean": [0.0530128329992, 0.059357598424, 0.0468441210687, 0.0368908233941, 0.025685345754, 0.0214153975248], "max": [-0.250285506248, -0.328624367714, -0.445655822754, -0.554876208305, -0.622634828091, -0.499432504177], "var": [0.00821388978511, 0.01078131143, 0.00810662377626, 0.00446895463392, 0.00254893838428, 0.00384912407026], "mean": [-0.701084852219, -0.724338769913, -0.753393828869, -0.780998051167, -0.808359324932, -0.773010909557]}, "melbands_skewness": {"dmean2": 1.69414710999, "median": 1.81462430954, "min": -2.65456819534, "dvar2": 4.46900320053, "dvar": 2.08932161331, "dmean": 1.14435052872, "max": 23.4833221436, "var": 8.14477157593, "mean": 2.76976418495}, "spectral_spread": {"dmean2": 922564.125, "median": 3716210.5, "min": 165360.09375, "dvar2": 2019678748670.0, "dvar": 1267222708220.0, "dmean": 643613.875, "max": 42818220, "var": 24950182248400.0, "mean": 4417411.5}, "dissonance": {"dmean2": 0.0485023334622, "median": 0.468289732933, "min": 0.0392406769097, "dvar2": 0.00449090637267, "dvar": 0.00161006965209, "dmean": 0.0291776917875, "max": 0.500000119209, "var": 0.00329262972809, "mean": 0.449122697115}, "spectral_skewness": {"dmean2": 0.908846139908, "median": 1.62894439697, "min": -0.716415524483, "dvar2": 3.94317483902, "dvar": 1.52791857719, "dmean": 0.569570064545, "max": 24.4162921906, "var": 9.64390563965, "mean": 2.36667442322}, "spectral_flux": {"dmean2": 0.0472694262862, "median": 0.094318382442, "min": 6.42513472981e-11, "dvar2": 0.00237214262597, "dvar": 0.000990657834336, "dmean": 0.0304098147899, "max": 0.298875898123, "var": 0.00302208703943, "mean": 0.0993070602417}, "spectral_contrast_valleys": {"dmean2": [0.648591160774, 0.734161019325, 0.718081951141, 0.65543615818, 0.663830399513, 0.687332808971], "median": [-6.77336025238, -6.82131481171, -7.72478628159, -7.51291322708, -7.70802307129, -10.2845573425], "min": [-28.0230751038, -27.8652000427, -27.6339683533, -27.6091632843, -27.4860095978, -27.3613319397], "dvar2": [0.387940049171, 0.474008798599, 0.455662161112, 0.476306140423, 0.593036055565, 0.61519318819], "dvar": [0.283072590828, 0.292281776667, 0.289814323187, 0.314416855574, 0.368547230959, 0.394539356232], "dmean": [0.419423550367, 0.474275141954, 0.468094438314, 0.444238960743, 0.462115496397, 0.521495163441], "max": [-5.3158082962, -4.58010435104, -5.29040193558, -5.6885342598, -5.6287779808, -7.97922706604], "var": [7.83587121964, 7.51706218719, 7.52436637878, 7.96757888794, 8.22568511963, 6.87153196335], "mean": [-7.40075397491, -7.20019388199, -8.17401695251, -8.13595676422, -8.36295509338, -10.9877710342]}, "erbbands_flatness_db": {"dmean2": 0.0333655029535, "median": 0.181268870831, "min": 0.0648236572742, "dvar2": 0.00110545451753, "dvar": 0.000560669519473, "dmean": 0.0231359731406, "max": 0.689117491245, "var": 0.00858501065522, "mean": 0.20230409503}, "spectral_energyband_high": {"dmean2": 0.000736426853109, "median": 0.000202029303182, "min": 6.99328135876e-21, "dvar2": 3.09633946927e-06, "dvar": 1.63011941368e-06, "dmean": 0.000509795208927, "max": 0.0345178321004, "var": 6.85525037625e-06, "mean": 0.000961432582699}, "spectral_entropy": {"dmean2": 0.318175852299, "median": 7.50134754181, "min": 3.50061535835, "dvar2": 0.103533811867, "dvar": 0.0528655201197, "dmean": 0.217505410314, "max": 9.82409572601, "var": 0.846038579941, "mean": 7.33294010162}, "silence_rate_20dB": {"dmean2": 0, "median": 1, "min": 1, "dvar2": 0, "dvar": 0, "dmean": 0, "max": 1, "var": 0, "mean": 1}, "melbands_flatness_db": {"dmean2": 0.061531059444, "median": 0.233049318194, "min": 0.0036465364974, "dvar2": 0.0034600943327, "dvar": 0.00181158352643, "dmean": 0.0423600971699, "max": 0.831820607185, "var": 0.0211216770113, "mean": 0.260054051876}, "barkbands": {"dmean2": [0.000347074383171, 0.00878242682666, 0.00337489042431, 0.00149764062371, 0.00214731646702, 0.00213685072958, 0.0024030636996, 0.00288121472113, 0.00209706602618, 0.00173262169119, 0.000851369870361, 0.000334551616106, 0.000790961028542, 0.00108175328933, 0.00106158608105, 0.000572730787098, 0.000372093869373, 0.000235307918047, 0.000161093223142, 0.000177617228474, 0.000175036286237, 0.000185834345757, 0.000240822089836, 0.000102752557723, 2.98583199765e-05, 9.52308619162e-06, 2.36009299215e-07], "median": [0.000145165278809, 0.00547506753355, 0.00114272651263, 0.000459320435766, 0.000815576757304, 0.000474459928228, 0.000403135985835, 0.000190444174223, 0.000195903965505, 0.00016669233446, 8.00314082881e-05, 4.41068041255e-05, 0.000141989105032, 0.000182670512004, 0.000229677039897, 0.000231588521274, 0.000134326095576, 6.18436242803e-05, 5.75823505642e-05, 5.15960309713e-05, 3.82377402275e-05, 4.00158423872e-05, 2.98135310004e-05, 1.82966468856e-05, 6.36427648715e-06, 1.26104350784e-06, 9.1492013965e-09], "min": [5.61893987091e-25, 4.30073160461e-24, 1.63099999687e-24, 4.00064127417e-25, 1.15223208961e-23, 1.54258405246e-23, 6.10707634943e-24, 1.18185815534e-23, 1.44143220511e-23, 2.04197954826e-23, 2.30351675728e-23, 2.03664795294e-23, 2.00075004859e-23, 3.41747639233e-23, 5.34537576741e-23, 3.94042553926e-23, 7.75121725042e-23, 8.37755513869e-23, 1.3177482184e-22, 1.77505202111e-22, 2.63058757626e-22, 3.20825060097e-22, 4.45655873865e-22, 4.99095962157e-22, 9.36724084528e-22, 1.37912616591e-21, 1.96967455823e-21], "dvar2": [2.76070892369e-07, 0.000157445363584, 3.2269363146e-05, 8.51961704029e-06, 1.99599162443e-05, 3.01216696244e-05, 2.66216175078e-05, 4.94845007779e-05, 2.96467605949e-05, 2.02026039915e-05, 5.55572387384e-06, 6.58563408251e-07, 3.09819279209e-06, 5.76592219659e-06, 7.9118353824e-06, 1.43890906656e-06, 5.4775495073e-07, 2.70946856062e-07, 7.85458880159e-08, 1.68680386992e-07, 2.10863632333e-07, 2.57972828877e-07, 1.10172447876e-06, 1.02181004991e-07, 5.87551030051e-09, 6.18831652588e-10, 2.69314545708e-13], "dvar": [2.09172483778e-07, 5.7712673879e-05, 1.32878540171e-05, 3.23257927448e-06, 8.53170422488e-06, 1.38101531775e-05, 1.21696366477e-05, 2.24149061978e-05, 1.35815362228e-05, 1.01668110801e-05, 2.86351883005e-06, 2.70647319667e-07, 1.2637326563e-06, 2.358890697e-06, 3.38746485795e-06, 5.80912967507e-07, 2.30011835356e-07, 1.08771601504e-07, 3.90105547865e-08, 7.55399227614e-08, 1.09792260616e-07, 9.74151888045e-08, 6.17814066572e-07, 4.69490117894e-08, 2.45141218436e-09, 2.46342252153e-10, 1.11490596486e-13], "dmean": [0.000273240293609, 0.00527524994686, 0.00210149260238, 0.000867547176313, 0.00137265352532, 0.00135017861612, 0.0015230786521, 0.00186198775191, 0.0013536317274, 0.001155916485, 0.000571765878703, 0.000206437180168, 0.000490769336466, 0.000658533768728, 0.000691208872013, 0.000350425689248, 0.00023663349566, 0.00015011409414, 0.00010829832172, 0.000120049000543, 0.000115231378004, 0.00011532400822, 0.000177411624463, 7.01506287442e-05, 1.97698282136e-05, 6.09450535194e-06, 1.48061744198e-07], "max": [0.0056261960417, 0.0635928437114, 0.0386291742325, 0.0163205862045, 0.0671355947852, 0.0634585991502, 0.0695630982518, 0.0540852211416, 0.051705095917, 0.0454981960356, 0.0319325849414, 0.00706837931648, 0.0173926278949, 0.0182341653854, 0.0345386527479, 0.0173304416239, 0.0114036407322, 0.00888942554593, 0.00301915081218, 0.00738458288833, 0.00874201022089, 0.004166001454, 0.0296293441206, 0.0057586482726, 0.000656420248561, 0.000219546447624, 5.14581142852e-06], "var": [1.70428575075e-06, 9.74535796558e-05, 1.88904377865e-05, 3.06171796183e-06, 1.65285182447e-05, 2.01592138183e-05, 2.36273990595e-05, 2.94220917567e-05, 2.59051230387e-05, 2.08478122659e-05, 5.41765439266e-06, 3.39809361094e-07, 1.63256299857e-06, 2.9657826417e-06, 4.46900685347e-06, 1.11293081773e-06, 4.0833441517e-07, 1.85811103393e-07, 1.00919827162e-07, 1.86210627362e-07, 2.4744187499e-07, 1.44335658092e-07, 3.15238230542e-06, 1.46146163615e-07, 3.241149793e-09, 2.52207504881e-10, 1.58769902065e-13], "mean": [0.000868601666298, 0.00890534650534, 0.00297440146096, 0.00107240304351, 0.00219267676584, 0.00170300516766, 0.00204975367524, 0.00203574914485, 0.00185159477405, 0.00154879246838, 0.000728381506633, 0.000242637528572, 0.000583466491662, 0.000772900588345, 0.00087542826077, 0.000549160758965, 0.000361457234249, 0.000232540158322, 0.000177890091436, 0.000191781364265, 0.00017514861247, 0.000161253876286, 0.000367683067452, 0.000118286465295, 2.62823941739e-05, 6.94593200024e-06, 1.79189683536e-07]}, "erbbands_skewness": {"dmean2": 0.835998237133, "median": 0.100951626897, "min": -7.3713593483, "dvar2": 0.921935379505, "dvar": 0.399171113968, "dmean": 0.560901463032, "max": 8.91962242126, "var": 1.24676787853, "mean": 0.201614797115}, "erbbands_spread": {"dmean2": 14.0317983627, "median": 28.0847129822, "min": 0.267779916525, "dvar2": 309.831970215, "dvar": 141.200119019, "dmean": 9.3450012207, "max": 147.177139282, "var": 523.571105957, "mean": 33.5457191467}, "melbands_kurtosis": {"dmean2": 24.414686203, "median": 4.6133813858, "min": -1.90886151791, "dvar2": 4690.33349609, "dvar": 1965.33203125, "dmean": 15.8068647385, "max": 990.357177734, "var": 2936.37768555, "mean": 22.5737056732}, "melbands": {"dmean2": [0.002514913911, 0.00207764678635, 0.000713862071279, 0.000429178442573, 0.000464071548777, 0.000422498764237, 0.000431161402958, 0.000555788283236, 0.000441724725533, 0.000305402150843, 0.000271411816357, 0.00020304476493, 9.89830587059e-05, 3.59589794243e-05, 6.0785045207e-05, 8.26655741548e-05, 9.8325588624e-05, 9.10327071324e-05, 7.20737298252e-05, 4.43983226432e-05, 3.13570199069e-05, 2.25025087275e-05, 1.58138391271e-05, 1.07610258056e-05, 8.07187279861e-06, 6.81460460328e-06, 6.36218055661e-06, 5.96254767515e-06, 4.79302480016e-06, 4.11046767113e-06, 4.38019151261e-06, 3.82184362024e-06, 3.8131315705e-06, 2.95515292237e-06, 4.75130036648e-06, 5.06629066876e-06, 1.67420989783e-06, 1.08643735075e-06, 5.07592687882e-07, 3.51590017544e-07], "median": [0.00169846159406, 0.000879949366208, 0.000315193203278, 0.000161687989021, 0.000124292797409, 9.29451780394e-05, 9.07310313778e-05, 6.65719198878e-05, 2.99872135656e-05, 3.05062621919e-05, 2.84821107925e-05, 1.81851173693e-05, 1.09046122816e-05, 5.68459472561e-06, 8.26546056487e-06, 1.55887937581e-05, 1.71552946995e-05, 1.81282066478e-05, 1.59105802595e-05, 1.76498615474e-05, 1.13255700853e-05, 8.5266028691e-06, 5.00467740494e-06, 2.44468219535e-06, 2.18793184104e-06, 2.07142556974e-06, 1.48743106365e-06, 1.59008391165e-06, 1.09428401629e-06, 7.87067847341e-07, 7.80501409281e-07, 7.94995344222e-07, 7.20842876945e-07, 4.94427808917e-07, 4.83442704535e-07, 3.66537108221e-07, 2.60060517121e-07, 1.74872653247e-07, 1.08139431632e-07, 6.80963410105e-08], "min": [1.15268759762e-24, 1.0313906685e-24, 1.77600278783e-24, 2.90120913392e-24, 2.51206838811e-24, 3.02737678609e-24, 2.22741739679e-24, 2.61889277645e-24, 2.03887155462e-24, 1.93893904958e-24, 3.6223135927e-24, 3.81213127587e-24, 4.13500691678e-24, 4.04640284876e-24, 3.81921485236e-24, 2.42818072223e-24, 2.29791000728e-24, 3.37046698769e-24, 4.178306703e-24, 4.15473238371e-24, 2.98180685539e-24, 4.46523592462e-24, 3.17599502519e-24, 4.51286103519e-24, 4.49976988846e-24, 5.26274235093e-24, 4.90583643386e-24, 4.44421080934e-24, 4.37220555806e-24, 3.68593404141e-24, 6.48346081998e-24, 5.84765194657e-24, 6.76839580122e-24, 4.66192221968e-24, 5.85378810113e-24, 4.58447422259e-24, 5.98278973609e-24, 6.14877553688e-24, 7.23888585573e-24, 6.1108644595e-24], "dvar2": [1.29435356939e-05, 1.29132149596e-05, 1.62240371537e-06, 7.85164729677e-07, 1.28249507725e-06, 1.19682954391e-06, 9.12146333576e-07, 1.72436193679e-06, 1.41074110616e-06, 7.16423187441e-07, 5.99109455379e-07, 2.86379332692e-07, 7.07187552962e-08, 6.15933348769e-09, 2.50331648743e-08, 3.30804859061e-08, 5.09413453642e-08, 5.82539101401e-08, 5.02191142004e-08, 1.31304327411e-08, 3.60072216488e-09, 2.01992933491e-09, 1.02883834785e-09, 6.07759675919e-10, 2.11289902241e-10, 1.54286902698e-10, 2.98344848826e-10, 1.56675061813e-10, 1.42545295012e-10, 1.10813379306e-10, 2.29167074206e-10, 1.07576302033e-10, 1.13115891653e-10, 7.70592686883e-11, 4.12341327749e-10, 9.53880752164e-10, 3.20528395492e-11, 9.71016322904e-12, 1.59744895263e-12, 9.03625210682e-13], "dvar": [4.45067780674e-06, 5.28627879248e-06, 6.44153260509e-07, 3.43054040286e-07, 5.21760796346e-07, 5.70670351863e-07, 4.23820040396e-07, 8.15372459329e-07, 6.12607038875e-07, 3.21022241678e-07, 2.85156147584e-07, 1.51466949205e-07, 3.96225914301e-08, 