{"tonal": {"thpcp": [1, 0.623088359833, 0.461630344391, 0.476701706648, 0.439756393433, 0.75979155302, 0.769724309444, 0.444034963846, 0.410493582487, 0.347174167633, 0.250860929489, 0.379079341888, 0.443487137556, 0.401178747416, 0.674185395241, 0.757642149925, 0.432771593332, 0.321043759584, 0.317238032818, 0.263168185949, 0.353974103928, 0.369745373726, 0.28091147542, 0.352988362312, 0.370003908873, 0.300912261009, 0.485308676958, 0.590285420418, 0.553464472294, 0.815260589123, 0.796946048737, 0.387973278761, 0.2306201756, 0.214131757617, 0.26006090641, 0.727239787579], "hpcp": {"dmean2": [0.0922964289784, 0.0964761152864, 0.106454454362, 0.109288334846, 0.10764952749, 0.142288342118, 0.166455030441, 0.184130087495, 0.196381732821, 0.17276288569, 0.132975116372, 0.0902656912804, 0.0801330804825, 0.0995688512921, 0.156762838364, 0.157870784402, 0.161678373814, 0.131012752652, 0.123323120177, 0.142654210329, 0.147808670998, 0.170601278543, 0.154588297009, 0.117807738483, 0.111253067851, 0.103350564837, 0.111003957689, 0.132866859436, 0.143924057484, 0.172992065549, 0.17605677247, 0.138867810369, 0.124021835625, 0.104190796614, 0.0955364629626, 0.0931596979499], "median": [0.0181979238987, 0.0151553545147, 0.0108319921419, 0.00864834524691, 0.0156173817813, 0.032725378871, 0.0398046672344, 0.0375203676522, 0.0336157232523, 0.0269370116293, 0.0134961437434, 0.00716351345181, 0.00702811498195, 0.0121875917539, 0.0347214788198, 0.0463890358806, 0.0362108573318, 0.0141132669523, 0.0108438767493, 0.0226105563343, 0.0347366333008, 0.0372621640563, 0.0215548314154, 0.00643159262836, 0.00477293785661, 0.00876623671502, 0.015239559114, 0.0200733207166, 0.0226179137826, 0.0435009002686, 0.0445975139737, 0.0265028737485, 0.0113563286141, 0.00981616042554, 0.00951104611158, 0.0146461464465], "min": [0, 0, 0, 0, 0, 0, 0, 0, 0, 0, 0, 0, 0, 0, 0, 0, 0, 0, 0, 0, 0, 0, 0, 0, 0, 0, 0, 0, 0, 0, 0, 0, 0, 0, 0, 0], "dvar2": [0.0327340178192, 0.0424224212766, 0.0530825778842, 0.0600262582302, 0.0495069697499, 0.0646250471473, 0.0772793516517, 0.0889747589827, 0.1001444906, 0.0856856107712, 0.0705313533545, 0.0447696000338, 0.040893714875, 0.0472358353436, 0.0739077851176, 0.0710872262716, 0.0769454836845, 0.0682485252619, 0.0696806833148, 0.076832473278, 0.071902371943, 0.0889408513904, 0.0843338817358, 0.0647437125444, 0.0643896684051, 0.0584074407816, 0.0561093240976, 0.0708505436778, 0.0713218674064, 0.0907749310136, 0.0911353752017, 0.0702025145292, 0.0748644024134, 0.0626240968704, 0.0506835691631, 0.0406234562397], "dvar": [0.0137067511678, 0.0161549728364, 0.0213334560394, 0.0233237985522, 0.0183732528239, 0.0249993186444, 0.0310097504407, 0.0354090072215, 0.0413160994649, 0.0352440439165, 0.0264910310507, 0.0164695717394, 0.0153220165521, 0.0177272129804, 0.0291626006365, 0.0317787006497, 0.0294101834297, 0.0264437682927, 0.0275536905974, 0.0274945572019, 0.029139071703, 0.0340364761651, 0.0309106875211, 0.0267602074891, 0.0259302537888, 0.0213417056948, 0.0221222955734, 0.0272798389196, 0.0274507366121, 0.0348157323897, 0.0358824133873, 0.0266402475536, 0.0274778809398, 0.0242115259171, 0.0190490242094, 0.015826722607], "dmean": [0.055548530072, 0.0568946748972, 0.062201179564, 0.0644501373172, 0.0633748024702, 0.0832990854979, 0.0984598919749, 0.109413139522, 0.11575397104, 0.103553242981, 0.0775769799948, 0.0518953204155, 0.0459644570947, 0.0578440353274, 0.0938571244478, 0.0954384282231, 0.095701880753, 0.0769861117005, 0.0709012001753, 0.0818888023496, 0.0876171961427, 0.0993316546082, 0.08925909549, 0.0684979632497, 0.0654662624002, 0.0588524900377, 0.0655385404825, 0.0780251994729, 0.0844079330564, 0.103464066982, 0.105830021203, 0.082279779017, 0.0704287439585, 0.0604669973254, 0.0551154837012, 0.0548313744366], "max": [1, 1, 1, 1, 1, 1, 1, 1, 1, 1, 1, 1, 1, 1, 1, 1, 1, 1, 1, 1, 1, 1, 1, 1, 1, 1, 1, 1, 1, 1, 1, 1, 1, 1, 1, 1], "var": [0.0351706966758, 0.0210230965167, 0.0399307124317, 0.0442445911467, 0.0242593828589, 0.0434038750827, 0.0587511695921, 0.0511701181531, 0.0957280993462, 0.0973422378302, 0.0355806350708, 0.0196550898254, 0.0197212416679, 0.0207323208451, 0.0727677121758, 0.125410780311, 0.0548856072128, 0.0498364940286, 0.0662834942341, 0.0356003306806, 0.0900699868798, 0.0888027772307, 0.0396119467914, 0.0556311160326, 0.0428700968623, 0.0227790344507, 0.0379208438098, 0.0468915179372, 0.0329261682928, 0.0636585354805, 0.0813842490315, 0.034092400223, 0.0333969965577, 0.0384985618293, 0.0247551240027, 0.0360309109092], "mean": [0.0906353443861, 0.0688595697284, 0.0865277126431, 0.0906987190247, 0.0737623423338, 0.118963271379, 0.144696116447, 0.135670229793, 0.199844077229, 0.195354655385, 0.0951035320759, 0.0565317124128, 0.0524899214506, 0.0637484937906, 0.178267613053, 0.245129078627, 0.152737081051, 0.113159023225, 0.116853453219, 0.107797078788, 0.186247006059, 0.188681811094, 0.108845882118, 0.100623913109, 0.0851024836302, 0.0614933073521, 0.0929233729839, 0.108711592853, 0.0983405783772, 0.165262445807, 0.1857201159, 0.106084905565, 0.0786971598864, 0.0777642652392, 0.0645101740956, 0.0867693424225]}, "tuning_equal_tempered_deviation": 0.103132963181, "chords_changes_rate": 0.0677618086338, "key_key": "C", "tuning_diatonic_strength": 0.538828849792, "key_scale": "major", "chords_number_rate": 0.00273785088211, "tuning_frequency": 445.112548828, "tuning_nontempered_energy_ratio": 0.789175093174, "chords_histogram": [5.88637924194, 10.4038333893, 19.062286377, 14.0314855576, 4.12388753891, 0.9582477808, 2.99452424049, 0.838466823101, 4.27789163589, 4.08966445923, 6.53661870956, 5.16769313812, 1.47159481049, 0.308008223772, 0.564681708813, 1.89938402176, 0.4791238904, 0.496235460043, 3.85010266304, 1.72826826572, 4.5174536705, 0.65023958683, 0.65023958683, 5.01368904114], "key_strength": 0.653957784176, "chords_key": "G", "chords_strength": {"dmean2": 0.009610905312, "median": 0.551880896091, "min": -1, "dvar2": 0.0007577802171, "dvar": 0.000405138358474, "dmean": 0.0112936906517, "max": 0.849978148937, "var": 0.0381582826376, "mean": 0.531017065048}, "chords_scale": "major", "hpcp_entropy": {"dmean2": 0.851008355618, "median": 1.74523305893, "min": 0, "dvar2": 0.57520711422, "dvar": 0.209473118186, "dmean": 0.509175658226, "max": 4.44170856476, "var": 0.470663100481, "mean": 1.7434592247}}, "metadata": {"audio_properties": {"equal_loudness": 0, "codec": "flac", "downmix": "mix", "sample_rate": 44100, "analysis_sample_rate": 44100, "bit_rate": 0, "md5_encoded": "414c87ebef3966d44c65d6d9f779c655", "length": 271.306671143, "replay_gain": -13.1156196594, "lossless": true}, "version": {"essentia_build_sha": "cead25079874084f62182a551b7393616cd33d87", "essentia": "2.1-beta2", "extractor": "music 1.0", "essentia_git_sha": "v2.1_beta2-1-ge3940c0"}, "tags": {"title": ["Le Rindovani"], "barcode": ["3300621902125"], "media": ["CD"], "albumartist": ["Bratsch"], "tracktotal": ["14"], "musicbrainz_releasegroupid": ["57a70f67-a1d4-3d2b-af4e-b027a3c0405d"], "releasetype": ["album"], "musicbrainz_recordingid": ["01e86cb9-933b-4168-a9a5-f582ec637e98"], "originalyear": ["1991"], "acoustid_fingerprint": ["AQADtLZ0CcmDnMCdEUtFhSG6S8R3DVeJH_yRYxd63EezHGXRo3lm_Gh8B1WS9MdFHU8DLDr24MpzXDnh3viDG9fxDD8qE2866DCOQz7-4yeO4z9-XMeF7fioQ4p-_JhyoniSHQ-hU8fFY7FJ9E_w3Vgm6LhxwYc_Dv1R_UGT9MR_PMnyDCd1GDlzLM-x62gWXUEp9Dr6KDziD_oZ5Bc-PWguosd9PDnOJFeQHjqe4U8DjUmSo6kcxDqe5Az2OLgLqsc-IskRZukDRjq-_Rj1Dns74n_A_UcbF1vjw-MxDVd4XDui04Ls5Alyolc0tMf1oM-HB1bzoPITfLmFD1_xIKR0JEv-Bce6iC9KHVc6R8OxXfh6nC9-oUmS-DgfGb_Q1EKfLIKL8_hyJBcvxNoT9FFUrCouwtOPfwL2pR-m5bjwG7_ht8ez48ezH8maDllycRm-DyePv7CSh8ef44xwCryOJn6K8NC8R_COV_iBHzl-Fsdx8IejG_ijor_B4R_-gHp28McnjPvR_Pgp-F0RZsmO5MfxHk-IW4Hp5Pie4MeFR3i6KtjxFNSRPEeePENFRQkafcP14zg-9IPf5Ii0I_lPXPg74Uc_-ER_5EKdKEWjC0caHc8-PEHuHI01aEYe4LhoCp8SHXkPLRGZxwiVnniC44n4oDyeWXiTIfyhZogb4QpOHA13pSj74AzqU3hvHNWLK8HLIObxJK8QhiNe4oR79DmuHumX4Iiu6LgPJoniTLhYBvlAPdCPaJOyo1py5A9UGzlxWsSVM2h8PCN-XDem18gcoc8H3fjRD2-OHFcahGYC_yR2PDWO-jqOT9fx7EGfJKngUcKPHhf-I_-wG3kPHdmaB1-Ea8LuhLi_pHiO53gRfjqS5U-Gp7lwOseTaBZ-ET6NZzmx60Gin8iV4ThxYQpKHu3oIRBxDDgQ_1gX4cOP48vx2UhTyDPiAz2w57h0PGH04U-FXxR-8DlRv2h4W0geHNnGYZZa4Y-QH6p3hFTj4XrwDekoBZql49NxrrCa5fjz4MeJsDv8jDCPeryEkoTxw5tWJM8Qp7ThH7-I78GPH22C60geEjkTWbg7DWveEfVh_wL_4ywS_UR47AzuZ3hPPDuuHU11BuG3GMkVLzgPcxt-ZcdagtslRL-MZA6e46TxTGiu4FSyI1-h72h4Jqj0CU-SDrokZZgQFj-J9wq2r_gTFTkuHVqaCP3RR0cD_bjJRMiPH43yo4-xS0ai5wh2PNGPsk_QOEd-qKSCHI1C-ei84jVevEfaiEdzKaug_fgnzDeY6Spx6cSeHD_8ol-Ou9CFK1qOsLGOJuqLpziGHNIT6cObXJhTnBceP0nQhCK0K0lwoekx8VHxcDlqB44mcGGOZ9hf-AzRi8SPJ4lwKhWqnFNwkY3gh0ePPKHxfQl-wS_-IFZ4YbmhRQyDSU6OH__Q_HgsiC9MEpF-_OhTIUw36Hpw0wijTEcPnkJ5-Ilw95j_4FkOV4fm1Hhw6eijo4nSB0-YUcETpviJH36CXdGDO8Rx5cEuighvaNHUI39wijnxHX2SB80SnTgVnMezRENzFRURDqqGtHxQOzxeHw2j49nxhApyKEu0XKiuIx8e5MfxQ7lyNEfphMEfRRiD5shCKQ-e4MeV47nBH0eYJUle6JoX5DRGhxy66sOb4wn6XGj04MmPU7ij48qD5w5OE3tw5widZEfSJNNxMdrxHL6N8OMy6MGlaMh_MImsF92H_Ib-I8yeNEIbPWCWHbdxvNkuNDHxoD-uzHiy5GCpTkGZA2eOG3kOKakyEqEThgv-4MmPqyn-4k1yPEl_NGM-VB6eXCmeO8iRXDkeZbiIK2Cu2PBzIRcPPcmRJ6g-E90R5jtUKhdCKmmqoFkuoHnAZ8alxIUT5cQPw88IxxXChYmEBz-mHJq8BPWOL5GK6jh2HFKZHc-NXth-HLrgOMe1I1lSRR1xZcP148IzNExyoaZe3NMRR9yRXPgMlw-uL3iaE7FkJFfM4LZwWUFzGm1sXEO4iUiWPMfA-mgXeCouC3aKP3gO5heu6UFUHdqdC7nRcPFxvHlRJxpRUenxI_-hq0mVoo-UI_yIU8ijC3qfFKeuECEZFuiPOsnRLFGZZEFyFjkv3GTgJ3g0tImOKeFxFqTOINKPJtTwHc8RZnzQnziHksf2lGgY6riU4c2HxEf-KWh3fKrQ1MOJR1KS4FGEbvvh60LzTzioLMZTxLSYGOE9NHpwKj0iL3jUD2ji4LDG5ERfaGWE5jmeC0-J-5nQz4JPaNdRRkeY6XjxJ4mP_MekH8-YQ4r9oJlylCaNR1wOXdKg58NFpGGSq1jzJbhyYvh4HNeG68H1o_UD30PyRDmyOEF1NNUTPD32GY0iMYPjbOh39JkceFzQHD_xhpHwSwjHSiqamME1HP_QPFDkTcXBqMkRKTqaPBbK6JgyDn1xojzCcIcuhN3gCUye4z1uDh0RJlQeJDqeEWWNbcfXwd10dOWDVmEcvJeRT0iew8909A8m6woaJUv04FKY1DhxCXyHS3i-gD2aJfmC2il6bEeyI2YYOXikC82TC9WOExep4A7yiELySWjCHV2P_3gmERePv8i1HJehKYWYkUf_BvkBAxUghgEEFDDbIODQkAAQAARVDhFgjGAMKcYQJU6kjoiBRrEEFBKGEu4EUIx4ZCgzwAjkhESQCAQAEkgRAghRhBCBkDDCCGIQEoYgAogCQCNGBHGAQAcIE04AIYwBABDABFIKCqCURwYAi4wCkFAJBAUKgAEFYIogYpgBBBoKBBNKKIIAACEBpYBgCkpBBDCCAEIEcEQwAIUSAhqHhHBOAPaOcMIIZgA0RBlmFQGIGSCBFswhApxgFiGgmULAGMKE4I46BTggAimCHANEGEAlMeAQ9BJhRAClFGGEYWEkIsYwoQgSTCgCCIZAISegAIQAjSUACBDGELBGIySYQABYIQgowADBBFJCCCaEYYooYIAywIKFpCMAGUONYAQAABBxBjAgjADGMabQI4YEhpAkZAiCDDAGAMEwUAxAqJChzChECAEAEAINSIgBRoUFggDAsAPIMAGEQQAIQQzDBglAiCNGAEIMEIYJRgFhABBBKHEMIEEAAgYAhwABEiCkEFJEGcQgMYIwEaAxBAEAFHFCASCFcRYIoUFBiAAwAkGACAAAU44IZhAAhjmDCACMGQQcAcQBYJCRACCpFJBAIQKIAl4AIAQx0jIniAEIASaAAY4AJoBiCAAlBBCYAEYIUIAwRRVAAEEFrWMAQQAoIVRAAQlxjACJkGBAQEIUAQQCAohByhkAKECCEGUEMIooYISyyApADUOIQUaoF8AIoIAkCBABAHBEeAIQ4wQB4YDzwCBCGCJAEYk8oJwI8SWHyljEiAhCSWYABYMAoQgRTAAkEBTAGAEpYUgIQAAwxjBhGBMECAAYAQAZAQhTBApDjLPUEWOUYsgI4wghBCgoiCJOECIAMQAqogEyiBkBkBAUAKIUQYwCAAAQgBEnGAMICEQUIJBopAQSQiAEHBEEACOIAQpQAp5BjEBgJBZIAooEMIQAoAQBADKABDAAMEcYE1JQYYQBgHFGjRIGCEIRoQIhBAQQFg"], "discnumber": ["1"], "totaldiscs": ["1"], "album": ["Transports en commun"], "catalognumber": ["GRI 19021-2"], "releasecountry": ["FR"], "file_name": "11 - Le Rindovani.flac", "musicbrainz_albumartistid": ["aa3f9680-c2b2-4afc-8c6f-a5137acdc9a3"], "albumartistsort": ["Bratsch"], "date": ["1991"], "genre": ["Folk"], "disctotal": ["1"], "musicbrainz_artistid": ["aa3f9680-c2b2-4afc-8c6f-a5137acdc9a3"], "originaldate": ["1991"], "musicbrainz_albumid": ["0ee43a64-80f7-3879-a484-c14d92dd6298"], "musicbrainz_releasetrackid": ["f16b8b05-b89a-38b2-a831-373421b4f4db"], "tracknumber": ["5"], "artistsort": ["Bratsch"], "artist": ["Bratsch"], "label": ["Griffe"], "releasestatus": ["official"], "acoustid_id": ["da4f7c42-dd68-4300-9ed2-14632bee6e37"], "script": ["Latn"], "totaltracks": ["14"]}}, "rhythm": {"bpm_histogram_first_peak_bpm": {"dmean2": 0, "median": 172, "min": 172, "dvar2": 0, "dvar": 0, "dmean": 0, "max": 172, "var": 0, "mean": 172}, "bpm": 172.265411377, "bpm_histogram_second_peak_spread": {"dmean2": 0, "median": 0, "min": 0, "dvar2": 0, "dvar": 0, "dmean": 0, "max": 0, "var": 0, "mean": 0}, "bpm_histogram_first_peak_weight": {"dmean2": 0, "median": 0.123152710497, "min": 0.123152710497, "dvar2": 0, "dvar": 0, "dmean": 0, "max": 0.123152710497, "var": 0, "mean": 0.123152710497}, "onset_rate": 2.15977025032, "beats_position": [0.359909296036, 0.731428563595, 1.10294783115, 1.47446703911, 1.8575963974, 2.24072551727, 2.62385487556, 3.00698399544, 3.3785033226, 3.73841261864, 4.09832191467, 4.45823097229, 4.81814050674, 5.18965959549, 5.56117916107, 5.9675283432, 6.38548755646, 6.80344676971, 7.23301553726, 7.66258478165, 8.08054447174, 8.48689365387, 8.893242836, 9.26476192474, 9.62467098236, 9.99619007111, 10.379319191, 10.7508392334, 11.1223583221, 11.4938774109, 11.8653964996, 12.2253055573, 12.5852155685, 12.933514595, 13.2934236526, 13.6649427414, 14.0364627838, 14.3963718414, 14.7678909302, 15.1394100189, 15.4993190765, 15.8592290878, 16.2307472229, 16.602268219, 16.9737873077, 17.3453063965, 17.7168254852, 18.088344574, 18.4714736938, 18.8546028137, 19.2377319336, 19.6092510223, 19.96916008, 20.3406791687, 20.7005901337, 21.0604991913, 21.43201828, 21.8035373688, 22.1750564575, 22.5465755463, 22.8948745728, 23.2547836304, 23.614692688, 23.9629936218, 24.3229026794, 24.6712017059, 25.0311107635, 25.37940979, 25.7393188477, 26.0992279053, 26.4475269318, 26.7958278656, 27.1557369232, 27.5156459808, 27.8871650696, 28.2354640961, 28.5837631226, 28.932062149, 29.2803630829, 29.6286621094, 29.9653511047, 30.3136501312, 30.6503391266, 30.9986381531, 31.3353290558, 31.6720180511, 31.9970970154, 32.3337860107, 32.6704750061, 33.0187759399, 33.3670730591, 33.7153739929, 34.0636711121, 34.4003639221, 34.7486610413, 35.0853500366, 35.422039032, 35.7587280273, 36.1070289612, 36.455329895, 36.8036270142, 37.151927948, 37.4886169434, 37.8253059387, 38.1619949341, 38.4986839294, 38.8353729248, 39.1720619202, 39.520362854, 39.8802719116, 40.2401809692, 40.6116981506, 40.9832191467, 41.3547401428, 41.7262573242, 42.0977783203, 42.4692955017, 42.8408164978, 43.2007255554, 43.560634613, 43.9089317322, 44.2688446045, 44.6287536621, 45.0002708435, 45.3717918396, 45.743309021, 46.1380500793, 46.5443992615, 46.9391365051, 47.3338775635, 47.7634468079, 48.16979599, 48.5761451721, 48.9824943542, 49.3888435364, 49.7951927185, 50.2015419006, 50.5962791443, 50.9910202026, 51.3857574463, 51.7804985046, 52.210067749, 52.6396369934, 53.0692062378, 53.4871635437, 54.0676651001, 54.6481628418, 55.2170524597, 55.7859382629, 56.3664398193, 56.9817695618, 57.608707428, 58.2124252319, 58.8161430359, 59.4314727783, 60.0584106445, 60.6853485107, 61.3238983154, 61.9740562439, 62.5893859863, 63.2047157288, 63.8084335327, 64.4005432129, 64.9926528931, 65.6195907593, 66.2465286255, 66.8966903687, 67.5468444824, 68.1970062256, 68.8355560303, 69.474105835, 70.0894317627, 70.7047576904, 71.3200912476, 71.9354171753, 72.5507507324, 73.1660766602, 73.7814025879, 74.3851242065, 75.0004501343, 75.6041717529, 76.2194976807, 76.8348312378, 77.4153289795, 77.9958267212, 78.5763244629, 79.1568222046, 79.7373199463, 80.2481613159, 80.7473907471, 81.2466201782, 81.7342376709, 82.2218551636, 82.7094802856, 83.1970977783, 83.6963272095, 84.1839447021, 84.6715621948, 85.1475753784, 85.6235809326, 86.0995864868, 86.5872116089, 87.0748291016, 87.5740585327, 87.9687957764, 88.36353302, 88.7698822021, 89.1878433228, 89.6058044434, 90.023765564, 90.4417190552, 90.8596801758, 91.2660293579, 91.67237854, 92.0787277222, 92.4850769043, 92.8798141479, 93.274559021, 93.7970046997, 94.3194503784, 94.8419036865, 95.4340133667, 96.0145111084, 96.6414489746, 97.2683868408, 97.895324707, 98.5222625732, 99.1492080688, 99.7761459351, 100.403083801, 101.030021667, 101.575691223, 102.121360779, 102.62059021, 103.119819641, 103.619049072, 104.199546814, 104.791656494, 105.383758545, 105.987480164, 106.602806091, 107.160087585, 107.705757141, 108.251426697, 108.843536377, 109.447257996, 110.062583923, 110.68952179, 111.316459656, 111.931785583, 112.547119141, 113.15083313, 113.754554749, 114.369888306, 114.973602295, 115.577323914, 116.169433594, 116.749931335, 117.330429077, 117.89931488, 118.479812622, 119.071922302, 119.652427673, 120.256141663, 120.766983032, 121.277824402, 121.788658142, 122.299499512, 122.810340881, 123.321174622, 123.66947937, 124.029388428, 124.377685547, 124.725982666, 125.062675476, 125.399360657, 125.736053467, 126.072738647, 126.397819519, 126.734512329, 127.059593201, 127.384666443, 127.721359253, 128.046432495, 128.383132935, 128.719818115, 129.056503296, 129.381591797, 129.706665039, 130.031738281, 130.356826782, 130.681900024, 131.006988525, 131.332061768, 131.668746948, 132.005432129, 132.388565063, 132.771697998, 133.154830933, 133.537963867, 133.921081543, 134.292602539, 134.675735474, 135.04725647, 135.418777466, 135.778686523, 136.138595581, 136.498504639, 136.858413696, 137.229934692, 137.601455688, 137.972961426, 138.332870483, 138.704391479, 139.052688599, 139.412597656, 139.760910034, 140.109207153, 140.457504272, 140.805801392, 141.142486572, 141.479187012, 141.827484131, 142.187393188, 142.535690308, 142.872375488, 143.209060669, 143.545761108, 143.870834351, 144.207519531, 144.544219971, 144.880905151, 145.217590332, 145.554275513, 145.902587891, 146.239273071, 146.575958252, 146.912643433, 147.237731934, 147.562805176, 147.911102295, 148.259414673, 148.607711792, 148.956008911, 149.292694092, 149.629379272, 149.954467773, 150.279541016, 150.604629517, 150.929702759, 151.254776001, 151.603088379, 151.951385498, 152.299682617, 152.636367798, 152.984664917, 153.321365356, 153.669662476, 154.017959595, 154.366256714, 154.702941895, 155.039627075, 155.376327515, 155.713012695, 156.061309814, 156.386398315, 156.723083496, 157.048156738, 157.373245239, 157.698318481, 158.011795044, 158.336868286, 158.673553467, 159.021850586, 159.358551025, 159.695236206, 160.031921387, 160.357009888, 160.670471191, 160.983947754, 161.309020996, 161.634094238, 161.959182739, 162.284255981, 162.609344482, 162.934417725, 163.259490967, 163.596191406, 163.932876587, 164.281173706, 164.629470825, 164.977767944, 165.337677002, 165.69758606, 166.069107056, 166.429016113, 166.788925171, 167.137237549, 167.485534668, 167.833831787, 168.158905029, 168.48399353, 168.809066772, 169.134140015, 169.459228516, 169.795913696, 170.132598877, 170.469299316, 170.805984497, 171.154281616, 171.502578735, 171.862487793, 172.222396851, 172.57069397, 172.919006348, 173.267303467, 173.615600586, 173.963897705, 174.312194824, 174.660491943, 175.008789062, 175.36869812, 175.717010498, 176.076919556, 176.436828613, 176.796737671, 177.14503479, 177.493331909, 177.841629028, 178.189926147, 178.538223267, 178.886520386, 179.223220825, 179.559906006, 179.896591187, 180.233291626, 180.569976807, 180.906661987, 181.243347168, 181.591659546, 181.928344727, 182.265029907, 182.601715088, 182.938415527, 183.275100708, 183.611785889, 183.93687439, 184.261947632, 184.610244751, 184.946929932, 185.283630371, 185.63192749, 186.073104858, 186.514282227, 186.967071533, 187.41986084, 187.872650146, 188.325439453, 188.77822876, 189.231018066, 189.683807373, 190.148208618, 190.600997925, 191.053787231, 191.4949646, 191.959365845, 192.42376709, 192.864944458, 193.387390137, 193.909835815, 194.432281494, 195.047622681, 195.65133667, 196.255050659, 196.858764648, 197.450881958, 198.054595947, 198.658325195, 199.273651123, 199.900588989, 200.527526855, 201.154464722, 201.781402588, 202.396728516, 203.023666382, 203.63899231, 204.254333496, 204.869659424, 205.484985352, 206.111923218, 206.657592773, 207.203262329, 207.748931885, 208.282989502, 208.828659058, 209.385940552, 209.931610107, 210.465667725, 211.01133728, 211.498947144, 211.986572266, 212.474197388, 212.950195312, 213.437820435, 213.995101929, 214.540771484, 215.08644104, 215.736587524, 216.386749268, 217.036911011, 217.687072754, 218.348846436, 219.033828735, 219.707214355, 220.380584717, 221.053970337, 221.727340698, 222.400726318, 223.062484741, 223.724258423, 224.374420166, 224.978134155, 225.581848145, 226.185577393, 226.80090332, 227.416229248, 228.031555176, 228.646896362, 229.250610352, 229.854324341, 230.481262207, 231.108200073, 231.723526001, 232.315643311, 232.907745361, 233.499862671, 234.091964722, 234.684082031, 235.276184082, 235.868301392, 236.460403442, 237.064117432, 237.656234741, 238.236724854, 238.840454102, 239.432556152, 240.04788208, 240.651611328, 241.243713379, 241.835830688, 242.427932739, 243.02003479, 243.6121521, 244.192642212, 244.773147583, 245.353652954, 245.922531128, 246.503036499, 247.060317993, 247.617584229, 248.186477661, 248.755371094, 249.312652588, 249.869934082, 250.427200317, 250.99609375, 251.576599121, 252.145477295, 252.702758789, 253.260040283, 253.817321777, 254.235275269, 254.664840698, 255.094421387, 255.535598755, 255.976776123, 256.406341553, 256.835906982, 257.265472412, 257.683441162, 258.113006592, 258.542572021, 258.972137451, 259.401733398, 259.831298828, 260.249237061, 260.667205811, 261.085174561, 261.503112793, 261.897857666, 262.304199219, 262.710571289, 263.116912842, 263.523254395, 263.929595947, 264.335968018, 264.75390625, 265.183502197, 265.613067627, 266.065856934, 266.51864624, 266.971435547, 267.435821533, 267.87701416, 268.31817627, 268.759368896, 269.200531006, 269.653320312, 270.106109619, 270.558898926], "beats_loudness": {"dmean2": 0.018876278773, "median": 0.0146293472499, "min": 0, "dvar2": 0.000481892144307, "dvar": 0.00017619371647, "dmean": 0.0110928509384, "max": 0.108969353139, "var": 0.000514312356245, "mean": 0.0234645735472}, "danceability": 0.893614709377, "bpm_histogram_second_peak_weight": {"dmean2": 0, "median": 0.121510669589, "min": 0.121510669589, "dvar2": 0, "dvar": 0, "dmean": 0, "max": 0.121510669589, "var": 0, "mean": 0.121510669589}, "beats_count": 610, "bpm_histogram_second_peak_bpm": {"dmean2": 0, "median": 178, "min": 178, "dvar2": 0, "dvar": 0, "dmean": 0, "max": 178, "var": 0, "mean": 178}, "bpm_histogram_first_peak_spread": {"dmean2": 0, "median": 0, "min": 0, "dvar2": 0, "dvar": 0, "dmean": 0, "max": 0, "var": 0, "mean": 0}, "beats_loudness_band_ratio": {"dmean2": [0.346725463867, 0.220542788506, 0.283965080976, 0.152495607734, 0.0707603991032, 0.0470430925488], "median": [0.174734517932, 0.0996721684933, 0.366189539433, 0.0704899132252, 0.036432787776, 0.0204906724393], "min": [0, 0, 0, 0, 0, 0], "dvar2": [0.11727206409, 0.0618943981826, 0.0620140470564, 0.0248861666769, 0.00786540098488, 0.016018262133], "dvar": [0.0420017205179, 0.022876990959, 0.0251257829368, 0.00951765384525, 0.00284251337871, 0.00546181527898], "dmean": [0.200773999095, 0.128231137991, 0.171615943313, 0.0876927897334, 0.0409993194044, 0.026857720688], "max": [0.990332186222, 0.859988033772, 0.972906410694, 0.594799518585, 0.380684226751, 0.816815674305], "var": [0.0713846758008, 0.0305600780994, 0.0790412649512, 0.0156949069351, 0.00301960413344, 0.00344401388429], "mean": [0.265265703201, 0.171359851956, 0.40074250102, 0.115422599018, 0.0533600971103, 0.0314776003361]}}, "lowlevel": {"barkbands_spread": {"dmean2": 4.9924993515, "median": 14.236120224, "min": 0.409061133862, "dvar2": 62.5354537964, "dvar": 30.780878067, "dmean": 3.3151717186, "max": 123.33102417, "var": 122.501625061, "mean": 15.7364530563}, "melbands_spread": {"dmean2": 6.42642498016, "median": 15.2879981995, "min": 0.314567804337, "dvar2": 152.840408325, "dvar": 75.5632400513, "dmean": 4.25177812576, "max": 241.950241089, "var": 375.193481445, "mean": 18.5479621887}, "hfc": {"dmean2": 4.20416259766, "median": 8.07940196991, "min": 1.09356268065e-16, "dvar2": 57.3622703552, "dvar": 28.7966461182, "dmean": 3.04755592346, "max": 159.751617432, "var": 286.988952637, "mean": 15.1896085739}, "barkbands_kurtosis": {"dmean2": 4.3152089119, "median": 2.86789536476, "min": -1.89545464516, "dvar2": 109.712280273, "dvar": 46.8436088562, "dmean": 2.83940887451, "max": 268.264556885, "var": 115.627586365, "mean": 5.93809890747}, "gfcc": {"mean": [-74.2624588013, 102.159851074, -129.495239258, 22.4761753082, -62.818397522, -6.21552562714, -28.282781601, 3.49850940704, -11.7867383957, 7.48311138153, -8.8685836792, -0.740480482578, -13.7581520081], "icov": [[0.000153084823978, -0.000241647008806, 0.000375285395421, -0.000431614316767, 0.000491304032039, -0.000658890930936, 0.000484423158923, -0.000527304306161, 0.000164028795552, -0.000144737918163, 0.000485927419504, -0.000425801379606, 0.00030655079172], [-0.000241647008806, 0.00161038094666, -0.000318008766044, -2.03465833692e-06, -0.00142434251029, 0.00144313613418, -0.00180899479892, 0.00134014710784, 0.000107907872007, 0.000504248600919, -0.00112852163147, 0.00159225903917, -0.000637923949398], [0.000375285395421, -0.000318008766044, 0.00232992973179, -0.00158007559367, 7.72419516579e-05, -0.00247251428664, 0.00119588139933, -0.00135124113876, 0.000488841847982, 0.00030190058169, 0.00205337139778, -0.00177399860695, 0.0013211092446], [-0.000431614316767, -2.03465833692e-06, -0.00158007559367, 0.00436457665637, -0.00246045342647, 0.000614488497376, 0.000627140747383, 0.0010491797002, -0.000544199137948, 0.000556724087801, -0.000908368034288, 0.000130234388052, 9.51484253164e-05], [0.000491304032039, -0.00142434251029, 7.72419516579e-05, -0.00246045342647, 0.00637953542173, -0.00284168659709, 0.00107583589852, -0.000773396051954, -0.000189026075532, -0.00133757351432, -0.000499343557749, 0.00109012692701, -0.00142157170922], [-0.000658890930936, 0.00144313613418, -0.00247251428664, 0.000614488497376, -0.00284168659709, 0.00979833118618, -0.0039130365476, 0.00163382606115, 0.000582002161536, -5.26940057171e-05, -0.00145752716344, 0.000885664252564, -8.72275122674e-05], [0.000484423158923, -0.00180899479892, 0.00119588139933, 0.000627140747383, 0.00107583589852, -0.0039130365476, 0.00671254936606, -0.00449161836877, 0.000180388960871, 0.00197980320081, 0.00039052014472, -0.00261585786939, 0.00253009144217], [-0.000527304306161, 0.00134014710784, -0.00135124113876, 0.0010491797002, -0.000773396051954, 0.00163382606115, -0.00449161836877, 0.0108682373539, -0.00395034160465, -0.00037873518886, -0.000841442612, 0.00207674992271, -0.00136155297514], [0.000164028795552, 0.000107907872007, 0.000488841847982, -0.000544199137948, -0.000189026075532, 0.000582002161536, 0.000180388960871, -0.00395034160465, 0.00871186517179, -0.00386074837297, 0.00131858570967, 0.00220343400724, -0.000697512354236], [-0.000144737918163, 0.000504248600919, 0.00030190058169, 0.000556724087801, -0.00133757351432, -5.26940057171e-05, 0.00197980320081, -0.00037873518886, -0.00386074837297, 0.0124212168157, -0.00653079431504, 0.000831273267977, 0.00165258243214], [0.000485927419504, -0.00112852163147, 0.00205337139778, -0.000908368034288, -0.000499343557749, -0.00145752716344, 0.00039052014472, -0.000841442612, 0.00131858570967, -0.00653079431504, 0.0147435674444, -0.00494899461046, -0.000186688164831], [-0.000425801379606, 0.00159225903917, -0.00177399860695, 0.000130234388052, 0.00109012692701, 0.000885664252564, -0.00261585786939, 0.00207674992271, 0.00220343400724, 0.000831273267977, -0.00494899461046, 0.0114464638755, -0.0040409876965], [0.00030655079172, -0.000637923949398, 0.0013211092446, 9.51484253164e-05, -0.00142157170922, -8.72275122674e-05, 0.00253009144217, -0.00136155297514, -0.000697512354236, 0.00165258243214, -0.000186688164831, -0.0040409876965, 0.00959081668407]], "cov": [[28232.390625, 422.592803955, -1122.90734863, 1436.97900391, -1330.99499512, 691.335021973, -663.591430664, 218.388397217, -452.163879395, -96.2909469604, -490.538482666, 354.913208008, -595.097290039], [422.592803955, 1497.96325684, 80.7648925781, 311.251617432, 428.470916748, 41.3575439453, 190.579391479, -55.755279541, -19.7157802582, -23.2065410614, 67.1921615601, -130.06439209, 26.681022644], [-1122.90734863, 80.7648925781, 1966.91455078, 805.377258301, 512.674865723, 488.439758301, -13.4672670364, -53.7477645874, -173.424728394, -163.310958862, -138.587554932, 112.338951111, -101.146789551], [1436.97900391, 311.251617432, 805.377258301, 882.12512207, 398.043701172, 251.933227539, -178.303588867, -78.8857803345, -77.0568771362, -26.1010875702, -38.5821228027, 27.7523822784, -37.9535636902], [-1330.99499512, 428.470916748, 512.674865723, 398.043701172, 598.815307617, 135.578231812, -25.9045257568, -44.5083236694, 30.2759113312, 40.2234687805, 55.8572006226, -64.2936325073, 56.2481269836], [691.335021973, 41.3575439453, 488.439758301, 251.933227539, 135.578231812, 313.746459961, 83.0852661133, 11.7472858429, -75.3927383423, -52.2508354187, -37.4606323242, 52.9217033386, -61.3391990662], [-663.591430664, 190.579391479, -13.4672670364, -178.303588867, -25.9045257568, 83.0852661133, 442.036895752, 116.671783447, -1.60261285305, -70.0420074463, 3.05067801476, 14.593793869, -47.4604988098], [218.388397217, -55.755279541, -53.7477645874, -78.8857803345, -44.5083236694, 11.7472858429, 116.671783447, 189.525588989, 91.9409713745, 19.9422054291, -10.1683292389, -26.9640636444, -21.1740512848], [-452.163879395, -19.7157802582, -173.424728394, -77.0568771362, 30.2759113312, -75.3927383423, -1.60261285305, 91.9409713745, 241.371505737, 100.807479858, 24.2698841095, -91.3868713379, 17.2231216431], [-96.2909469604, -23.2065410614, -163.310958862, -26.1010875702, 40.2234687805, -52.2508354187, -70.0420074463, 19.9422054291, 100.807479858, 173.895172119, 76.8993606567, -38.7579994202, 13.6183404922], [-490.538482666, 67.1921615601, -138.587554932, -38.5821228027, 55.8572006226, -37.4606323242, 3.05067801476, -10.1683292389, 24.2698841095, 76.8993606567, 142.207366943, 18.3657627106, 44.3323326111], [354.913208008, -130.06439209, 112.338951111, 27.7523822784, -64.2936325073, 52.9217033386, 14.593793869, -26.9640636444, -91.3868713379, -38.7579994202, 18.3657627106, 183.223327637, 25.1175785065], [-595.097290039, 26.681022644, -101.146789551, -37.9535636902, 56.2481269836, -61.3391990662, -47.4604988098, -21.1740512848, 17.2231216431, 13.6183404922, 44.3323326111, 25.1175785065, 167.016998291]]}, "spectral_energyband_middle_low": {"dmean2": 0.0048317364417, "median": 0.00760558247566, "min": 1.37541899928e-22, "dvar2": 5.59100990358e-05, "dvar": 2.44678776653e-05, "dmean": 0.00322327041067, "max": 0.0883996337652, "var": 0.000136474729516, "mean": 0.0114335725084}, "melbands_crest": {"dmean2": 4.06730794907, "median": 14.4094753265, "min": 1.43353390694, "dvar2": 16.7375717163, "dvar": 6.9883055687, "dmean": 2.61783099174, "max": 36.0222320557, "var": 35.8906288147, "mean": 15.320526123}, "spectral_kurtosis": {"dmean2": 3.99731874466, "median": 4.215528965, "min": -1.27378320694, "dvar2": 25.0743465424, "dvar": 8.63955211639, "dmean": 2.31198072433, "max": 63.2146377563, "var": 28.7490768433, "mean": 5.96120500565}, "spectral_rms": {"dmean2": 0.00068506487878, "median": 0.00363633874804, "min": 3.13390632889e-12, "dvar2": 7.68525012518e-07, "dvar": 4.00011174406e-07, "dmean": 0.000482046336401, "max": 0.0114102214575, "var": 4.88960859002e-06, "mean": 0.00398845318705}, "zerocrossingrate": {"dmean2": 0.0079158898443, "median": 0.04345703125, "min": 0.00244140625, "dvar2": 0.000181038994924, "dvar": 0.000160528099514, "dmean": 0.00666761957109, "max": 0.537109375, "var": 0.00378313963301, "mean": 0.0528222024441}, "silence_rate_60dB": {"dmean2": 0.0434782616794, "median": 0, "min": 0, "dvar2": 0.0474095605314, "dvar": 0.0212652720511, "dmean": 0.0217372700572, "max": 1, "var": 0.128232672811, "mean": 0.151035428047}, "erbbands_kurtosis": {"dmean2": 1.55169332027, "median": 0.162679553032, "min": -1.80359148979, "dvar2": 6.65951156616, "dvar": 2.95310020447, "dmean": 1.01681756973, "max": 61.5611419678, "var": 25.4336490631, "mean": 1.75374126434}, "erbbands": {"dmean2": [0.0380863025784, 0.805337488651, 1.93654501438, 0.873525857925, 2.19397950172, 6.88790941238, 6.6703338623, 8.01078033447, 14.8504657745, 36.4107704163, 45.1347961426, 22.9042739868, 22.4380512238, 12.7365503311, 16.4796657562, 30.1126174927, 15.156879425, 13.394610405, 9.62471008301, 8.72291469574, 6.63353776932, 8.62971496582, 6.03609991074, 7.2899222374, 4.59411621094, 2.03485774994, 2.70757007599, 3.17173647881, 2.42091226578, 2.20143198967, 1.1528352499, 0.786833643913, 0.464968949556, 0.287627398968, 0.167068377137, 0.0581533722579, 0.0170978829265, 0.0030389840249, 0.000390367495129, 3.12273186864e-05], "median": [0.0069027133286, 0.163971409202, 0.445029765368, 0.558454573154, 1.07197868824, 2.14135479927, 3.07342386246, 5.10151100159, 7.81762456894, 17.0582275391, 12.8114337921, 6.73349571228, 4.07593345642, 2.55297851562, 2.91142964363, 4.26383781433, 5.13587093353, 4.79078769684, 3.47760343552, 4.0583152771, 3.54980278015, 3.84925127029, 3.25931072235, 4.79447555542, 3.48535990715, 1.87934231758, 1.70125210285, 1.22752428055, 0.70330953598, 0.436510801315, 0.214808046818, 0.102720171213, 0.0405751690269, 0.0231725219637, 0.0133452611044, 0.00412982609123, 0.00108617916703, 0.000212324521272, 3.44496911566e-05, 2.03034251172e-05], "min": [9.36844269065e-23, 2.40335877998e-22, 1.13553914599e-21, 4.34388648024e-21, 1.13197275759e-20, 1.55947650026e-20, 1.96433875861e-20, 5.33071117387e-20, 1.18523065208e-19, 1.83565814812e-19, 2.84560625572e-19, 2.37439997635e-19, 5.48731921129e-19, 8.61956733071e-19, 7.40352084039e-19, 1.03769208139e-18, 1.35718097701e-18, 1.99524855939e-18, 2.58028507572e-18, 2.83181705151e-18, 3.04094671514e-18, 4.58464027327e-18, 4.8591930991e-18, 5.89839416472e-18, 5.55617382888e-18, 6.80609419246e-18, 9.54687857e-18, 9.43539861167e-18, 1.0407540145e-17, 1.1085533771e-17, 1.19261924645e-17, 1.01382969915e-17, 1.01635599146e-17, 7.28693014664e-18, 6.38296483936e-18, 3.74873373243e-18, 2.28473344285e-18, 8.92473183627e-19, 2.29670548635e-19, 2.79432306107e-20], "dvar2": [0.00991061702371, 4.02912807465, 28.5772819519, 2.71527671814, 20.0359725952, 263.913726807, 217.528045654, 296.143493652, 1184.22741699, 8015.59619141, 13074.1484375, 4335.03613281, 5754.91259766, 2782.94726562, 3280.51489258, 9901.93554688, 2106.95605469, 1801.2644043, 881.579101562, 473.71585083, 217.380706787, 373.09161377, 150.695327759, 206.796707153, 84.4162368774, 17.0604400635, 30.1746788025, 35.8860816956, 26.8459224701, 34.7716445923, 23.9794006348, 21.4988460541, 8.57995986938, 3.91598963737, 1.87572360039, 0.175751343369, 0.0171584747732, 0.000497165194247, 8.18803164293e-06, 3.74513078327e-08], "dvar": [0.00437733298168, 1.96920645237, 15.5952091217, 1.17083954811, 7.09550285339, 101.878715515, 99.102684021, 127.047210693, 522.707397461, 3639.1328125, 6049.66845703, 1985.5715332, 2237.66064453, 1186.99389648, 1707.35144043, 3894.3137207, 933.51751709, 753.364074707, 391.121185303, 207.577346802, 93.4246444702, 152.707717896, 68.624671936, 95.3895950317, 38.5105895996, 8.03972148895, 13.8854999542, 17.1172943115, 13.1862220764, 15.9207181931, 10.9237117767, 9.43532466888, 3.96767282486, 2.07491970062, 0.914277791977, 0.100228957832, 0.0103404866531, 0.000305870722514, 4.94744244861e-06, 2.03813055322e-08], "dmean": [0.0256325956434, 0.54382789135, 1.33350396156, 0.566121280193, 1.32857406139, 4.29547595978, 4.35357713699, 5.16992855072, 9.72719764709, 24.1179790497, 31.1180019379, 15.7951316833, 14.8485813141, 8.73721027374, 11.2099332809, 19.392244339, 9.93956756592, 8.75492763519, 6.34084558487, 5.77929496765, 4.45293903351, 5.56296253204, 3.95036029816, 4.85803365707, 3.05532503128, 1.38987755775, 1.82115864754, 2.1350736618, 1.62648427486, 1.45876193047, 0.757364273071, 0.507759034634, 0.305581986904, 0.19692581892, 0.112403564155, 0.0407657586038, 0.011743972078, 0.0020570626948, 0.000274349731626, 2.17755477934e-05], "max": [0.943690538406, 21.3386802673, 73.0727233887, 21.2530078888, 76.7028961182, 196.412689209, 343.937011719, 247.119995117, 544.375854492, 1448.85791016, 1748.01171875, 1453.41540527, 1406.0534668, 1365.96191406, 1317.13183594, 1382.13183594, 1024.91674805, 1019.0447998, 686.038024902, 400.439147949, 337.893737793, 267.471618652, 267.734008789, 282.789215088, 222.280776978, 67.9028320312, 114.435928345, 91.9094085693, 84.3247299194, 115.844177246, 105.867607117, 98.1543655396, 72.6518325806, 77.8021011353, 44.4631958008, 15.9890432358, 5.48654985428, 0.84653365612, 0.0936732217669, 0.00512118032202], "var": [0.0111565496773, 4.83207941055, 36.9776611328, 4.64527225494, 12.523812294, 188.642929077, 288.831573486, 363.476989746, 1908.44689941, 12825.4716797, 24334.0234375, 8568.34179688, 7314.96679688, 3556.74682617, 6464.17919922, 14021.5986328, 2440.84375, 1616.10852051, 1054.7890625, 690.035705566, 403.786376953, 566.18536377, 309.539093018, 488.832611084, 166.325439453, 24.0081958771, 71.1236801147, 128.779037476, 77.6455917358, 49.6830253601, 23.1305065155, 17.1561031342, 8.28537464142, 4.8962059021, 1.90543186665, 0.270905196667, 0.026040295139, 0.000717538874596, 1.08961812657e-05, 4.18964596349e-08], "mean": [0.0524146482348, 1.08189153671, 2.47165179253, 1.35716438293, 2.41815853119, 7.5936050415, 9.55804347992, 11.5355501175, 21.9011993408, 52.9986724854, 74.3744049072, 43.849899292, 36.2206306458, 20.4066429138, 25.125825882, 41.2446746826, 20.5731964111, 17.5276966095, 13.3846292496, 12.9482727051, 11.415561676, 13.5620307922, 10.8193740845, 14.0895814896, 8.24023914337, 3.58895730972, 5.29448509216, 6.91226816177, 5.10945606232, 3.84571075439, 1.66730010509, 0.944014370441, 0.58015447855, 0.354090720415, 0.196140453219, 0.0739468932152, 0.0205639954656, 0.00373785663396, 0.000489413854666, 5.78503022552e-05]}, "spectral_strongpeak": {"dmean2": 0.62282705307, "median": 0.705716133118, "min": 0, "dvar2": 1.01127064228, "dvar": 0.415926396847, "dmean": 0.384537816048, "max": 8.11080932617, "var": 1.46671450138, "mean": 1.19904923439}, "spectral_energy": {"dmean2": 0.00739816110581, "median": 0.0135535346344, "min": 1.00669035693e-20, "dvar2": 0.000134761372465, "dvar": 6.69029832352e-05, "dmean": 0.00511611020193, "max": 0.13344797492, "var": 0.000433832115959, "mean": 0.0213173497468}, "average_loudness": 0.603476941586, "spectral_rolloff": {"dmean2": 464.272583008, "median": 904.39453125, "min": 64.599609375, "dvar2": 1269392.375, "dvar": 586880.75, "dmean": 275.86630249, "max": 19810.546875, "var": 5736082, "mean": 1361.90356445}, "spectral_centroid": {"dmean2": 237.218017578, "median": 1067.70214844, "min": 113.623130798, "dvar2": 128483.570312, "dvar": 67529.4609375, "dmean": 158.56590271, "max": 11983.4052734, "var": 1595181.125, "mean": 1246.25061035}, "pitch_salience": {"dmean2": 0.0868811830878, "median": 0.490575790405, "min": 0.0749109983444, "dvar2": 0.00726312492043, "dvar": 0.00312463799492, "dmean": 0.0554003119469, "max": 0.826178789139, "var": 0.0165929608047, "mean": 0.487192630768}, "spectral_energyband_middle_high": {"dmean2": 0.00163854123093, "median": 0.00167445873376, "min": 1.21558351152e-21, "dvar2": 1.0638128515e-05, "dvar": 5.06245896759e-06, "dmean": 0.00115536677185, "max": 0.0493558421731, "var": 3.35450240527e-05, "mean": 0.00404752744362}, "spectral_contrast_coeffs": {"dmean2": [0.0701603069901, 0.0622704289854, 0.0522406436503, 0.0445216149092, 0.0342743322253, 0.0264261532575], "median": [-0.653897464275, -0.650163412094, -0.713887929916, -0.702819108963, -0.727182984352, -0.715366482735], "min": [-0.978296816349, -0.9825309515, -0.979524612427, -0.972162544727, -0.96832716465, -0.964404642582], "dvar2": [0.00348766008392, 0.00296805263497, 0.00193035940174, 0.00144529412501, 0.000907525070943, 0.000645466498099], "dvar": [0.00129630835727, 0.00120520999189, 0.000835717073642, 0.000617720303126, 0.000403938902309, 0.000317315105349], "dmean": [0.0424883440137, 0.0389039330184, 0.0332267060876, 0.0282807741314, 0.0220645722002, 0.0175567045808], "max": [-0.260450154543, -0.344235628843, -0.334893375635, -0.426799416542, -0.501077950001, -0.562934398651], "var": [0.0105334939435, 0.00910204742104, 0.0110283112153, 0.00661588087678, 0.00513288192451, 0.00361492717639], "mean": [-0.657422184944, -0.650630116463, -0.703664362431, -0.704472541809, -0.727536916733, -0.71863424778]}, "melbands_skewness": {"dmean2": 0.816071867943, "median": 2.13594055176, "min": -2.32351112366, "dvar2": 1