{"tonal": {"thpcp": [1, 0.739221930504, 0.257756710052, 0.170742124319, 0.183844998479, 0.298377066851, 0.444602429867, 0.356812149286, 0.266131162643, 0.318468332291, 0.275960326195, 0.473137795925, 0.84187823534, 0.616526007652, 0.370763301849, 0.562518954277, 0.450941085815, 0.188911750913, 0.186200931668, 0.218945249915, 0.477831602097, 0.85592597723, 0.659569740295, 0.345322996378, 0.358335733414, 0.278180211782, 0.346875011921, 0.495837688446, 0.33822992444, 0.285975456238, 0.409559488297, 0.330534487963, 0.32293766737, 0.490005940199, 0.522776842117, 0.688753187656], "hpcp": {"dmean2": [0.133819937706, 0.152967482805, 0.186828523874, 0.19948476553, 0.159236237407, 0.082283899188, 0.0625365674496, 0.0651566907763, 0.0886898711324, 0.104847796261, 0.0974280387163, 0.0885978117585, 0.0921115279198, 0.0862403586507, 0.110138393939, 0.130360111594, 0.107075445354, 0.0806975066662, 0.0795673429966, 0.0771456956863, 0.0562320202589, 0.0495558977127, 0.0598506964743, 0.10289695859, 0.133027106524, 0.114000208676, 0.0894024893641, 0.0692111328244, 0.0680825933814, 0.0910092964768, 0.106664575636, 0.0834846124053, 0.0752628371119, 0.0805669948459, 0.0985843092203, 0.116391114891], "median": [0.0135457636788, 0.0162743739784, 0.0290173180401, 0.0482175908983, 0.0354653857648, 0.00895597971976, 0.00294462917373, 0.00357367657125, 0.00720920180902, 0.00990561395884, 0.00888988934457, 0.00576114468277, 0.00348055874929, 0.00439544394612, 0.0165130235255, 0.0250723436475, 0.0223679337651, 0.0112358257174, 0.00523998681456, 0.00513837300241, 0.0048433188349, 0.00362523715012, 0.00519097270444, 0.0183141641319, 0.0315833501518, 0.029570966959, 0.010103976354, 0.00526357442141, 0.006688662339, 0.0100962165743, 0.0111182304099, 0.00910895131528, 0.00536730978638, 0.0039153881371, 0.00475515238941, 0.00941302441061], "min": [0, 0, 0, 0, 0, 0, 0, 0, 0, 0, 0, 0, 0, 0, 0, 0, 0, 0, 0, 0, 0, 0, 0, 0, 0, 0, 0, 0, 0, 0, 0, 0, 0, 0, 0, 0], "dvar2": [0.0797149315476, 0.0958139970899, 0.110775388777, 0.110201783478, 0.0870317295194, 0.0401806794107, 0.0436844341457, 0.0379905998707, 0.0533529073, 0.0611261017621, 0.0611230693758, 0.0562837384641, 0.0620178431273, 0.0526144504547, 0.0559139214456, 0.0663205683231, 0.0424377843738, 0.037561789155, 0.0425315946341, 0.0409175790846, 0.0250580124557, 0.0263294391334, 0.0302880555391, 0.0438404008746, 0.0589025318623, 0.0505608469248, 0.0447526499629, 0.0386522226036, 0.0320617556572, 0.0421131923795, 0.0568161830306, 0.0414274856448, 0.0414848066866, 0.0467922538519, 0.0578616857529, 0.0759219452739], "dvar": [0.0318915583193, 0.0377648994327, 0.0410065501928, 0.0439665913582, 0.0352837741375, 0.0146115701646, 0.0159442927688, 0.014610959217, 0.0209214221686, 0.0243430398405, 0.0236005075276, 0.0210570562631, 0.0230940375477, 0.0193346049637, 0.0215575136244, 0.0281332693994, 0.0175072979182, 0.0147224273533, 0.0166387241334, 0.0160625968128, 0.00960728619248, 0.0100101353601, 0.0118482178077, 0.0177293010056, 0.0244918260723, 0.0208353903145, 0.0168223436922, 0.0150754032657, 0.0124567598104, 0.0174160767347, 0.0241472218186, 0.0169272180647, 0.0157440304756, 0.0180475283414, 0.0220514740795, 0.0290666148067], "dmean": [0.0793730542064, 0.0892302840948, 0.108562290668, 0.117510996759, 0.0953763574362, 0.0478056892753, 0.0352774374187, 0.0377770587802, 0.0517687126994, 0.0612226575613, 0.0565722882748, 0.0509091801941, 0.0529493391514, 0.0493405684829, 0.0658520236611, 0.0796478539705, 0.0662897005677, 0.0493504032493, 0.0474360883236, 0.0465813800693, 0.0326101630926, 0.0285312905908, 0.035366743803, 0.06300380826, 0.0806753411889, 0.0693686753511, 0.0527805164456, 0.0398593358696, 0.0397841185331, 0.0538619123399, 0.0636949837208, 0.04989823699, 0.043625164777, 0.0460317656398, 0.0571506358683, 0.0674154683948], "max": [1, 1, 1, 1, 1, 1, 1, 1, 1, 1, 1, 1, 1, 1, 1, 1, 1, 1, 1, 1, 1, 1, 1, 1, 1, 1, 1, 1, 1, 1, 1, 1, 1, 1, 1, 1], "var": [0.0623742565513, 0.064357496798, 0.0772055462003, 0.11799480021, 0.0848154872656, 0.0207133889198, 0.0214580856264, 0.0196590051055, 0.0358320064843, 0.0580160729587, 0.0428591966629, 0.0285668447614, 0.044261161238, 0.0318789817393, 0.0447205044329, 0.107631459832, 0.0618946217, 0.0374784730375, 0.0858668610454, 0.0623564720154, 0.0150532824919, 0.0237332470715, 0.0236994810402, 0.042536329478, 0.0988153666258, 0.0704983994365, 0.0327884927392, 0.0562051944435, 0.0306550618261, 0.035215664655, 0.0661883801222, 0.0362371839583, 0.0315796025097, 0.0655158385634, 0.0377888083458, 0.037237405777], "mean": [0.121309801936, 0.129422828555, 0.170513272285, 0.247568026185, 0.183007717133, 0.0638123229146, 0.0422702915967, 0.0455141440034, 0.073868624866, 0.110069349408, 0.0883352831006, 0.065885566175, 0.0788425728679, 0.0683189556003, 0.117133788764, 0.208422139287, 0.152632132173, 0.0917891412973, 0.139261707664, 0.111638598144, 0.0467685088515, 0.0460973978043, 0.0542038418353, 0.118295826018, 0.211899906397, 0.163288384676, 0.0854909345508, 0.0887124687433, 0.0688685253263, 0.0858751609921, 0.122753560543, 0.0837349146605, 0.070798382163, 0.101393833756, 0.0818297713995, 0.0799490436912]}, "tuning_equal_tempered_deviation": 0.0832168385386, "chords_changes_rate": 0.0435206852853, "key_key": "A#", "tuning_diatonic_strength": 0.52270179987, "key_scale": "major", "chords_number_rate": 0.00390320061706, "tuning_frequency": 440.508636475, "tuning_nontempered_energy_ratio": 0.761044740677, "chords_histogram": [19.2232627869, 12.0999221802, 4.62529277802, 1.36612021923, 1.32708823681, 0, 1.40515220165, 1.44418418407, 1.17096018791, 0, 2.12724423409, 1.1514441967, 4.37158489227, 2.90788435936, 0.995316147804, 6.7135052681, 5.65964078903, 1.46370017529, 4.87900066376, 1.05386412144, 0.565964102745, 1.58079624176, 3.25917243958, 20.6089000702], "key_strength": 0.802597820759, "chords_key": "G", "chords_strength": {"dmean2": 0.0067462339066, "median": 0.555870175362, "min": -1, "dvar2": 0.000781309325248, "dvar": 0.000431223772466, "dmean": 0.00826176814735, "max": 0.810349106789, "var": 0.0373933501542, "mean": 0.53476113081}, "chords_scale": "minor", "hpcp_entropy": {"dmean2": 0.782977700233, "median": 1.5563710928, "min": 0, "dvar2": 0.514799058437, "dvar": 0.202380254865, "dmean": 0.462951332331, "max": 3.9135787487, "var": 0.501587867737, "mean": 1.47606348991}}, "metadata": {"audio_properties": {"equal_loudness": 0, "codec": "flac", "downmix": "mix", "sample_rate": 44100, "analysis_sample_rate": 44100, "bit_rate": 0, "md5_encoded": "b1e263dae8a8226c56fc959b5bbba6a5", "length": 237.893325806, "replay_gain": -7.78227615356, "lossless": true}, "version": {"essentia_build_sha": "2d9f1f26377add8aeb1075a9c2973f962c4f09fd", "essentia": "2.1-beta2", "extractor": "music 1.0", "essentia_git_sha": "v2.1_beta2-1-ge3940c0"}, "tags": {"title": ["Sitting and Counting"], "artist": ["R\u00f3is\u00edn Murphy"], "date": ["2016-07-08"], "file_name": "09 - Sitting and Counting.flac", "album": ["Take Her Up to Monto"], "tracknumber": ["9"], "musicbrainz_recordingid": ["01ec5b88-b885-4825-addb-d9db07700cab"], "totaltracks": ["9"]}}, "rhythm": {"bpm_histogram_first_peak_bpm": {"dmean2": 0, "median": 136, "min": 136, "dvar2": 0, "dvar": 0, "dmean": 0, "max": 136, "var": 0, "mean": 136}, "bpm": 136.072982788, "bpm_histogram_second_peak_spread": {"dmean2": 0, "median": 0.444444477558, "min": 0.444444477558, "dvar2": 0, "dvar": 0, "dmean": 0, "max": 0.444444477558, "var": 0, "mean": 0.444444477558}, "bpm_histogram_first_peak_weight": {"dmean2": 0, "median": 0.144016221166, "min": 0.144016221166, "dvar2": 0, "dvar": 0, "dmean": 0, "max": 0.144016221166, "var": 0, "mean": 0.144016221166}, "onset_rate": 2.29917287827, "beats_position": [0.510838985443, 1.04489791393, 1.5673469305, 2.08979582787, 2.60063481331, 3.16952371597, 3.72680258751, 4.29569149017, 4.86458063126, 5.4334692955, 5.97913837433, 6.52480697632, 7.07047605515, 7.65097475052, 8.24308395386, 8.82358264923, 9.42730140686, 10.0310201645, 10.6463489532, 11.261677742, 11.8653964996, 12.4110651016, 12.9567346573, 13.479183197, 14.0132427216, 14.5356912613, 15.0581407547, 15.5805892944, 16.1030387878, 16.6951465607, 17.2872562408, 17.9025840759, 18.5063037872, 19.1100215912, 19.7137413025, 20.3174591064, 20.9095687866, 21.5016784668, 22.0937862396, 22.6858959198, 23.2896137238, 23.7888431549, 24.2880725861, 24.7989120483, 25.2633094788, 25.7393188477, 26.2037181854, 26.6681175232, 27.132516861, 27.5853061676, 28.0497055054, 28.5141029358, 28.9901123047, 29.4429016113, 29.895690918, 30.3600902557, 30.8128795624, 31.2076187134, 31.5907478333, 31.9854869843, 32.3686180115, 32.7517471313, 33.1348762512, 33.5180053711, 33.901134491, 34.2842636108, 34.6673927307, 35.0621299744, 35.4452590942, 35.8748283386, 36.2927894592, 36.7107467651, 37.1287078857, 37.5466651917, 37.9530143738, 38.3825836182, 38.7889328003, 39.1952819824, 39.613243103, 40.0195922852, 40.4607696533, 40.9019508362, 41.3431282043, 41.7843093872, 42.2370948792, 42.678276062, 43.1194534302, 43.5490226746, 43.9669837952, 44.3849411011, 44.7912902832, 45.2092514038, 45.6272087097, 46.0451698303, 46.532787323, 47.0204086304, 47.508026123, 48.0072555542, 48.4948730469, 48.994102478, 49.4701118469, 49.9461212158, 50.4337387085, 50.9097480774, 51.3857574463, 51.8617668152, 52.2681159973, 52.6744651794, 53.0808143616, 53.510383606, 53.9399528503, 54.3811340332, 54.8223114014, 55.275100708, 55.7278900146, 56.1690673828, 56.6102485657, 57.0398178101, 57.4809951782, 57.9221763611, 58.3749656677, 58.8161430359, 59.2573242188, 59.6520614624, 60.0468025208, 60.4415397644, 60.8362808228, 61.2542381287, 61.6721992493, 62.0901565552, 62.5545578003, 63.0073471069, 63.4601364136, 63.9013137817, 64.3308868408, 64.7604522705, 65.1900177002, 65.6195907593, 66.0259399414, 66.4322891235, 66.8386383057, 67.2682037354, 67.6977767944, 68.1273422241, 68.6265716553, 69.1374130249, 69.6482543945, 70.1474838257, 70.6351013184, 71.1343307495, 71.6103363037, 72.0747375488, 72.5507507324, 73.0035324097, 73.4447174072, 73.8858947754, 74.3270721436, 74.7682495117, 75.2094345093, 75.638999939, 76.068572998, 76.5097503662, 76.9509277344, 77.3572769165, 77.7636260986, 78.1699752808, 78.5647125244, 78.9710617065, 79.3658065796, 79.7605438232, 80.1668930054, 80.5732421875, 80.9912033081, 81.4207687378, 81.8503417969, 82.2799072266, 82.7094802856, 83.1274337769, 83.6382751465, 84.1491165161, 84.6483459473, 85.1591796875, 85.6700210571, 86.1808624268, 86.6452560425, 87.0980453491, 87.5624465942, 88.0268478394, 88.479637146, 88.9324264526, 89.3852157593, 89.8263931274, 90.2791824341, 90.7203598022, 91.1731491089, 91.6143264771, 92.0555114746, 92.4966888428, 92.9378662109, 93.36743927, 93.7853927612, 94.2033538818, 94.6329269409, 95.039276123, 95.4572296143, 95.8868026733, 96.316368103, 96.7575454712, 97.2103347778, 97.6631240845, 98.1391372681, 98.6035385132, 99.0795440674, 99.555557251, 99.9967346191, 100.437911987, 100.879089355, 101.273826599, 101.680175781, 102.086524963, 102.492874146, 102.910835266, 103.328796387, 103.746757507, 104.141494751, 104.536231995, 104.930976868, 105.325714111, 105.732063293, 106.150024414, 106.579589844, 107.009155273, 107.438728333, 107.868293762, 108.297866821, 108.715827942, 109.133781433, 109.540130615, 109.969703674, 110.399269104, 110.828842163, 111.270019531, 111.711196899, 112.12915802, 112.547119141, 112.965080261, 113.383033752, 113.800994873, 114.207344055, 114.625305176, 115.043266296, 115.472831726, 115.914009094, 116.343582153, 116.773147583, 117.214332581, 117.655509949, 118.096687317, 118.549476624, 118.990653992, 119.420227051, 119.861404419, 120.302581787, 120.674102783, 121.057228088, 121.428749084, 121.881538391, 122.334327698, 122.775505066, 123.216690063, 123.66947937, 124.122268677, 124.575057983, 125.039451599, 125.480628967, 125.921813965, 126.362991333, 126.804168701, 127.245346069, 127.686531067, 128.17414856, 128.650161743, 129.126159668, 129.683441162, 130.240722656, 130.79800415, 131.355285645, 131.924163818, 132.493057251, 133.061950684, 133.642440796, 134.280990601, 134.907928467, 135.546478271, 136.185028076, 136.835189819, 137.473739624, 138.112289429, 138.797271729, 139.493881226, 140.13243103, 140.759368896, 141.339859009, 141.92036438, 142.512466431, 143.10458374, 143.708297729, 144.30039978, 144.89251709, 145.484619141, 146.07673645, 146.680450439, 147.202896118, 147.725341797, 148.247802734, 148.677368164, 149.118545532, 149.5597229, 150.000900269, 150.442077637, 150.883255005, 151.324447632, 151.765625, 152.206802368, 152.647979736, 153.065933228, 153.495513916, 153.925079346, 154.366256714, 154.807434082, 155.260223389, 155.713012695, 156.154190063, 156.595367432, 157.0365448, 157.477722168, 157.930511475, 158.383300781, 158.824493408, 159.277282715, 159.730072021, 160.17124939, 160.612426758, 161.053604126, 161.506393433, 161.959182739, 162.400360107, 162.853149414, 163.305938721, 163.816772461, 164.316009521, 164.815231323, 165.326080322, 165.836914063, 166.347747803, 166.870193481, 167.392654419, 167.915100098, 168.48399353, 169.064483643, 169.633377075, 170.190658569, 170.759536743, 171.340042114, 171.908935547, 172.55909729, 173.197631836, 173.836181641, 174.521179199, 175.194549561, 175.867935181, 176.55291748, 177.226303101, 177.9112854, 178.491790771, 179.060684204, 179.629562378, 180.221679688, 180.790557861, 181.347839355, 181.90512085, 182.474014282, 183.019683838, 183.565353394, 184.122619629, 184.633468628, 185.13269043, 185.643539429, 186.06149292, 186.479446411, 186.897415161, 187.315368652, 187.733337402, 188.151290894, 188.569244385, 188.987213135, 189.405166626, 189.811508179, 190.21786499, 190.624221802, 191.030563354, 191.436920166, 191.843261719, 192.238006592, 192.644348145, 193.050704956, 193.457046509, 193.886611938, 194.316192627, 194.792190552, 195.268203735, 195.744216919, 196.243438721, 196.742675781, 197.230285645, 197.752746582, 198.263580322, 198.774414063, 199.331695557, 199.900588989, 200.469467163, 201.038360596, 201.59564209, 202.152923584, 202.721817017, 203.267486572, 203.801544189, 204.335601807, 204.869659424, 205.357269287, 205.833282471, 206.320907593, 206.750473022, 207.168426514, 207.574783325, 207.992736816, 208.410705566, 208.828659058, 209.246612549, 209.65296936, 210.070922852, 210.477279663, 210.883621216, 211.278366089, 211.684707642, 212.091064453, 212.509017944, 212.926986694, 213.333328247, 213.751281738, 214.204071045, 214.66847229, 215.132873535, 215.59727478, 216.061676025, 216.537689209, 217.013687134, 217.489700317, 217.965713501, 218.430114746, 218.906112671, 219.370513916, 219.8465271, 220.334152222, 220.821762085, 221.320999146, 221.785385132, 222.238174438, 222.702575684, 223.178588867, 223.654602051, 224.107391357, 224.548568726, 225.001358032, 225.4425354, 225.906936646, 226.371337891, 226.824127197, 227.40461731, 227.985122681, 228.554016113, 229.157730103, 229.761444092, 230.353561401, 230.957275391, 231.56098938, 232.245986938, 232.9193573, 233.581130981, 234.254501343, 234.95111084, 235.670928955, 236.39074707, 237.122177124], "beats_loudness": {"dmean2": 0.0171634666622, "median": 0.0111056929454, "min": 0, "dvar2": 0.000394659145968, "dvar": 0.000148948383867, "dmean": 0.0104315187782, "max": 0.0931044891477, "var": 0.000365920626791, "mean": 0.0183435175568}, "danceability": 0.931760787964, "bpm_histogram_second_peak_weight": {"dmean2": 0, "median": 0.101419880986, "min": 0.101419880986, "dvar2": 0, "dvar": 0, "dmean": 0, "max": 0.101419880986, "var": 0, "mean": 0.101419880986}, "beats_count": 494, "bpm_histogram_second_peak_bpm": {"dmean2": 0, "median": 144, "min": 144, "dvar2": 0, "dvar": 0, "dmean": 0, "max": 144, "var": 0, "mean": 144}, "bpm_histogram_first_peak_spread": {"dmean2": 0, "median": 0.532894790173, "min": 0.532894790173, "dvar2": 0, "dvar": 0, "dmean": 0, "max": 0.532894790173, "var": 0, "mean": 0.532894790173}, "beats_loudness_band_ratio": {"dmean2": [0.20272128284, 0.319466948509, 0.284901469946, 0.17181687057, 0.105660609901, 0.0908908322453], "median": [0.0679580941796, 0.377421617508, 0.224080756307, 0.0472776293755, 0.0218797679991, 0.00408966233954], "min": [0, 0, 0, 0, 0, 0], "dvar2": [0.0648473501205, 0.0831036195159, 0.0665430799127, 0.0499508231878, 0.0340216308832, 0.0672739669681], "dvar": [0.0256316922605, 0.0320800505579, 0.0230251830071, 0.0180959179997, 0.0133370915428, 0.0221316758543], "dmean": [0.118668854237, 0.191159293056, 0.167818248272, 0.0979507490993, 0.061180818826, 0.0466182120144], "max": [0.886558532715, 0.985524952412, 0.92697006464, 0.893194258213, 0.915384352207, 0.910111308098], "var": [0.0346391946077, 0.0719251483679, 0.0376471802592, 0.0275674313307, 0.0154361221939, 0.0117591451854], "mean": [0.146065562963, 0.421503931284, 0.259095668793, 0.12526807189, 0.068196028471, 0.0277427025139]}}, "lowlevel": {"barkbands_spread": {"dmean2": 3.57571458817, "median": 8.18932151794, "min": 0.33637085557, "dvar2": 29.0335826874, "dvar": 15.3142213821, "dmean": 2.34898757935, "max": 139.916397095, "var": 77.5755386353, "mean": 10.0038261414}, "melbands_spread": {"dmean2": 5.98220205307, "median": 10.1483974457, "min": 0.417162209749, "dvar2": 115.94581604, "dvar": 57.4438362122, "dmean": 3.88341569901, "max": 196.666976929, "var": 421.950134277, "mean": 15.8068141937}, "hfc": {"dmean2": 5.30607175827, "median": 4.41483688354, "min": 1.05158564684e-16, "dvar2": 137.123016357, "dvar": 52.2745323181, "dmean": 3.42697834969, "max": 142.985305786, "var": 218.565292358, "mean": 10.9048633575}, "barkbands_kurtosis": {"dmean2": 8.21196269989, "median": 4.34058523178, "min": -1.90323507786, "dvar2": 358.587219238, "dvar": 152.09703064, "dmean": 5.25115728378, "max": 490.630981445, "var": 832.475769043, "mean": 12.8468999863}, "gfcc": {"mean": [-136.030151367, 126.924858093, -135.997390747, -0.505972146988, -69.4659042358, -22.0445728302, -46.581287384, -15.1393623352, -25.5530147552, -7.04574728012, -17.8870811462, -12.0208997726, -8.72781276703], "icov": [[0.000414774811361, -0.000952532922383, 0.00101874198299, -0.000817455991637, 0.00113291863818, -0.00103896483779, 0.00137509545311, -0.000525643816218, 0.000579437473789, -0.000265432521701, 0.000593003991526, -0.000663934275508, 0.000309425056912], [-0.000952532922383, 0.00351598043926, -0.00233260146342, 0.00212037377059, -0.00323084252886, 0.00283962418325, -0.00332271680236, 0.00177637138404, -0.00143129390199, 0.00144056859426, -0.00173036043998, 0.00282682385296, -0.000155242698384], [0.00101874198299, -0.00233260146342, 0.00344539270736, -0.00229304819368, 0.00239192019217, -0.00304677663371, 0.00387739692815, -0.00221942644566, 0.00187846028712, -0.000995193840936, 0.00142907910049, -0.00180529756472, 0.00112146825995], [-0.000817455991637, 0.00212037377059, -0.00229304819368, 0.00334808160551, -0.00237696687691, 0.00215690443292, -0.0026431682054, 0.000499115791172, -0.00160615995992, 0.00112705258653, -0.000784728210419, 0.00154196412768, -0.000202317402], [0.00113291863818, -0.00323084252886, 0.00239192019217, -0.00237696687691, 0.00606642570347, -0.00339188985527, 0.00240223202854, -0.00122678617481, 0.000436464499217, -0.000278500519926, 0.00149755377788, -0.000895943085197, 0.00064637005562], [-0.00103896483779, 0.00283962418325, -0.00304677663371, 0.00215690443292, -0.00339188985527, 0.00718443095684, -0.00458077294752, 0.00183320615906, -0.000775242689997, -0.00022099025955, -0.000717166985851, 0.0018803908024, -0.000270209042355], [0.00137509545311, -0.00332271680236, 0.00387739692815, -0.0026431682054, 0.00240223202854, -0.00458077294752, 0.00925638061017, -0.00288414559327, 0.00209399778396, -0.000979439471848, -0.000186018296517, -0.00214024377055, 0.00210950593464], [-0.000525643816218, 0.00177637138404, -0.00221942644566, 0.000499115791172, -0.00122678617481, 0.00183320615906, -0.00288414559327, 0.00975118856877, -0.00208997749723, -0.00016939327179, 0.000911630806513, -0.00244026118889, -0.000162051714142], [0.000579437473789, -0.00143129390199, 0.00187846028712, -0.00160615995992, 0.000436464499217, -0.000775242689997, 0.00209399778396, -0.00208997749723, 0.00965931918472, -0.00260591856204, 0.000978926778771, -0.00098862068262, -0.00144337443635], [-0.000265432521701, 0.00144056859426, -0.000995193840936, 0.00112705258653, -0.000278500519926, -0.00022099025955, -0.000979439471848, -0.00016939327179, -0.00260591856204, 0.00875724572688, -0.00272729131393, 0.00284112244844, 0.00037104182411], [0.000593003991526, -0.00173036043998, 0.00142907910049, -0.000784728210419, 0.00149755377788, -0.000717166985851, -0.000186018296517, 0.000911630806513, 0.000978926778771, -0.00272729131393, 0.0119757205248, -0.00559004116803, 0.00187106849626], [-0.000663934275508, 0.00282682385296, -0.00180529756472, 0.00154196412768, -0.000895943085197, 0.0018803908024, -0.00214024377055, -0.00244026118889, -0.00098862068262, 0.00284112244844, -0.00559004116803, 0.0146482111886, -0.00369650358334], [0.000309425056912, -0.000155242698384, 0.00112146825995, -0.000202317402, 0.00064637005562, -0.000270209042355, 0.00210950593464, -0.000162051714142, -0.00144337443635, 0.00037104182411, 0.00187106849626, -0.00369650358334, 0.0126664638519]], "cov": [[21158.6074219, 1017.83154297, -3078.34228516, 434.998840332, -1717.00427246, -334.665588379, -1189.58239746, -300.231658936, -242.088668823, -319.56628418, -385.04083252, -29.6035614014, 79.864692688], [1017.83154297, 1428.82629395, -232.096237183, -188.216506958, 421.282745361, -45.5078430176, 180.961196899, -193.796691895, -6.40675640106, -97.1965484619, 31.0015792847, -209.77911377, -108.578239441], [-3078.34228516, -232.096237183, 1609.43408203, 343.296020508, 143.321380615, 195.529907227, -48.8921089172, 199.755279541, -25.1033840179, 63.4260673523, -30.4860057831, 40.1396636963, -45.6034812927], [434.998840332, -188.216506958, 343.296020508, 718.914367676, 25.3247871399, 20.0795783997, -39.8655281067, 101.682243347, 29.4680786133, -23.0837879181, -51.0620803833, 17.7112350464, -8.02321910858], [-1717.00427246, 421.282745361, 143.321380615, 25.3247871399, 610.414672852, 102.254089355, 215.587371826, -33.8342475891, 45.4325561523, -8.60240077972, 25.502204895, -93.7650909424, -56.1847724915], [-334.665588379, -45.5078430176, 195.529907227, 20.0795783997, 102.254089355, 290.710754395, 88.6519165039, 10.7569742203, -15.1174983978, 40.2035293579, 0.352751791477, -17.2274208069, -30.9966144562], [-1189.58239746, 180.961196899, -48.8921089172, -39.8655281067, 215.587371826, 88.6519165039, 352.478515625, -3.43395662308, 8.53931522369, 17.6395759583, 71.2904891968, -26.356590271, -50.6532783508], [-300.231658936, -193.796691895, 199.755279541, 101.682243347, -33.8342475891, 10.7569742203, -3.43395662308, 176.399993896, 23.0293369293, 17.7131175995, -10.6496162415, 61.0229301453, 15.1690168381], [-242.088668823, -6.40675640106, -25.1033840179, 29.4680786133, 45.4325561523, -15.1174983978, 8.53931522369, 23.0293369293, 137.816329956, 29.0956993103, 1.46860647202, 3.22167420387, 20.3356876373], [-319.56628418, -97.1965484619, 63.4260673523, -23.0837879181, -8.60240077972, 40.2035293579, 17.6395759583, 17.7131175995, 29.0956993103, 152.515365601, 26.2265911102, -5.08957099915, -7.29512453079], [-385.04083252, 31.0015792847, -30.4860057831, -51.0620803833, 25.502204895, 0.352751791477, 71.2904891968, -10.6496162415, 1.46860647202, 26.2265911102, 127.341880798, 28.755065918, -12.6533536911], [-29.6035614014, -209.77911377, 40.1396636963, 17.7112350464, -93.7650909424, -17.2274208069, -26.356590271, 61.0229301453, 3.22167420387, -5.08957099915, 28.755065918, 135.63621521, 40.3204193115], [79.864692688, -108.578239441, -45.6034812927, -8.02321910858, -56.1847724915, -30.9966144562, -50.6532783508, 15.1690168381, 20.3356876373, -7.29512453079, -12.6533536911, 40.3204193115, 106.57926178]]}, "spectral_energyband_middle_low": {"dmean2": 0.00467926682904, "median": 0.00611705286428, "min": 1.41153683805e-22, "dvar2": 6.58059652778e-05, "dvar": 3.10392024403e-05, "dmean": 0.00315613625571, "max": 0.117553539574, "var": 0.000216578817344, "mean": 0.0120558654889}, "melbands_crest": {"dmean2": 4.08933115005, "median": 14.3379716873, "min": 1.66612899303, "dvar2": 18.4529705048, "dvar": 7.24222946167, "dmean": 2.55451393127, "max": 34.2016792297, "var": 45.8884811401, "mean": 15.6896572113}, "spectral_kurtosis": {"dmean2": 6.79601860046, "median": 8.97436904907, "min": -1.27107429504, "dvar2": 51.454826355, "dvar": 17.306848526, "dmean": 3.93933868408, "max": 75.406829834, "var": 68.4594268799, "mean": 11.0171108246}, "spectral_rms": {"dmean2": 0.000670171866659, "median": 0.00292073562741, "min": 3.13502284029e-12, "dvar2": 7.07543051703e-07, "dvar": 3.29009480993e-07, "dmean": 0.000447144004283, "max": 0.0110804438591, "var": 4.68806229037e-06, "mean": 0.00336716603488}, "zerocrossingrate": {"dmean2": 0.00619242619723, "median": 0.03271484375, "min": 0.0048828125, "dvar2": 0.000102274585515, "dvar": 0.000106860577944, "dmean": 0.00522255059332, "max": 0.873046875, "var": 0.00419168546796, "mean": 0.0440318472683}, "silence_rate_60dB": {"dmean2": 0.0870668590069, "median": 0, "min": 0, "dvar2": 0.0927517712116, "dvar": 0.0416320897639, "dmean": 0.0435291826725, "max": 1, "var": 0.212971672416, "mean": 0.307602226734}, "erbbands_kurtosis": {"dmean2": 3.01278877258, "median": 1.08952975273, "min": -1.89628911018, "dvar2": 32.716835022, "dvar": 14.7795038223, "dmean": 1.92913722992, "max": 244.059524536, "var": 91.5060043335, "mean": 3.28313136101}, "erbbands": {"dmean2": [0.000206569049624, 0.00617976952344, 0.0697558820248, 0.749069750309, 2.77252578735, 8.31704521179, 11.0527906418, 16.0511493683, 19.3217964172, 12.256152153, 9.03940200806, 12.7402963638, 19.1817398071, 20.706413269, 7.99052000046, 9.79314804077, 18.7525920868, 41.8403129578, 42.5177307129, 22.6613674164, 5.63167190552, 6.43162727356, 3.67314314842, 2.85172057152, 1.71403300762, 1.48833060265, 1.36819684505, 0.994804143906, 0.609678387642, 0.328783392906, 0.170506939292, 0.0880634188652, 0.0533197410405, 0.0338017120957, 0.0228137783706, 0.00759037910029, 0.00111924519297, 0.000138045186759, 9.2151994977e-06, 7.53978611101e-06], "median": [0.000133410008857, 0.00314893596806, 0.054662976414, 0.261218845844, 1.42909145355, 3.2097029686, 5.6141295433, 3.17956519127, 4.22103309631, 5.13965082169, 6.60330295563, 3.24728775024, 2.13145542145, 2.07316875458, 1.25632894039, 1.42622637749, 1.44916892052, 1.40935313702, 2.10957145691, 1.27134621143, 0.856696307659, 0.691732704639, 0.888918697834, 0.651953995228, 0.320848613977, 0.280170381069, 0.206047907472, 0.158296704292, 0.0847546458244, 0.0446862019598, 0.0261542201042, 0.0138542549685, 0.00708766141906, 0.00333978305571, 0.00157272361685, 0.000443597789854, 0.000124067970319, 3.22120940837e-05, 1.07725036287e-05, 1.06478964881e-05], "min": [7.9723494772e-23, 3.94316225551e-22, 2.47728052465e-21, 7.50446605262e-21, 5.87096528859e-21, 3.48637176522e-20, 4.40754335981e-20, 3.60140770838e-20, 9.96332391601e-20, 1.63965912369e-19, 2.44470955293e-19, 4.59989089883e-19, 6.26581714287e-19, 4.92889423265e-19, 1.0220291063e-18, 6.94234748636e-19, 1.8049161616e-18, 2.05214431667e-18, 2.61849792488e-18, 2.14844447679e-18, 3.93680193009e-18, 4.32396133426e-18, 5.65244896678e-18, 5.63209163832e-18, 6.44330022042e-18, 8.50836571865e-18, 9.82480215683e-18, 8.82560271845e-18, 1.14499407453e-17, 1.03697437813e-17, 1.15826949618e-17, 1.06169500161e-17, 1.05057570894e-17, 8.66360849447e-18, 5.6465433108e-18, 4.2358930688e-18, 2.28454980876e-18, 8.51943194768e-19, 2.43757175973e-19, 2.76505120715e-20], "dvar2": [2.83328745354e-07, 0.000295883568469, 0.0715566724539, 8.93336963654, 61.2138252258, 411.54977417, 701.503601074, 2261.68969727, 5743.03271484, 1165.16174316, 694.934875488, 1676.26293945, 5517.04882813, 10586.7675781, 913.213439941, 2954.52587891, 9434.5390625, 32611.2304688, 29119.1230469, 17088.1816406, 478.938934326, 1212.49658203, 122.24079895, 194.573638916, 69.9610137939, 52.4836387634, 72.5192565918, 50.4861450195, 15.2606239319, 6.60170412064, 0.800040781498, 0.214761838317, 0.118697069585, 0.0746162906289, 0.0232633370906, 0.00926271080971, 0.000225960917305, 9.85398060038e-07, 3.21802073877e-09, 1.56345783542e-10], "dvar": [1.16158730634e-07, 0.000151423111674, 0.0469734556973, 4.43834066391, 29.7889900208, 186.400634766, 322.684143066, 988.82434082, 2670.8425293, 673.123352051, 299.587493896, 880.190612793, 2695.94506836, 4957.87646484, 420.569580078, 1390.08691406, 3565.71191406, 13942.0888672, 10299.0683594, 5783.23779297, 243.269134521, 499.704803467, 54.1271514893, 83.5650405884, 29.2175369263, 23.8496417999, 35.2750778198, 23.3893814087, 8.90720367432, 5.12951421738, 0.6504098773, 0.138369813561, 0.0828986093402, 0.0458238236606, 0.0139738740399, 0.00462073227391, 9.96609815047e-05, 5.15120063938e-07, 1.26904009523e-09, 6.70081212739e-11], "dmean": [0.000123475954751, 0.0038375009317, 0.0476579926908, 0.520312786102, 1.89075887203, 5.50349855423, 7.27095079422, 10.649181366, 13.0131578445, 8.48617935181, 6.19170713425, 8.74924468994, 13.012591362, 13.9355621338, 5.2389550209, 6.70323610306, 12.1558856964, 27.2560997009, 25.4224815369, 13.365357399, 3.8207988739, 4.13862895966, 2.36295056343, 1.88685560226, 1.1044216156, 0.983751177788, 0.94751906395, 0.673613250256, 0.438207060099, 0.25818926096, 0.1226875633, 0.0615460127592, 0.0400001555681, 0.0239217896014, 0.0156128043309, 0.00554169388488, 0.000777038745582, 9.58985983743e-05, 6.18749118075e-06, 4.97165910929e-06], "max": [0.00996246933937, 0.584846138954, 14.6737384796, 97.1686325073, 205.850723267, 463.743286133, 429.062225342, 925.212158203, 1502.21191406, 1722.7956543, 442.134796143, 1529.28540039, 3066.48095703, 3292.88037109, 804.847167969, 1684.83874512, 2032.7722168, 4078.09423828, 2287.41967773, 1846.84155273, 580.117675781, 901.438354492, 362.80581665, 495.482910156, 240.384796143, 237.93572998, 409.639587402, 346.03112793, 285.270050049, 243.11756897, 79.5860977173, 30.7146892548, 21.5978851318, 15.7081794739, 9.98485660553, 4.79982089996, 0.701853275299, 0.0437688194215, 0.00191751960665, 0.000144087389344], "var": [1.03450747702e-06, 0.00247747451067, 0.467864453793, 32.8672523499, 155.521530151, 1260.55065918, 1402.98583984, 3997.40014648, 13569.6943359, 5452.37841797, 1200.91223145, 2817.42578125, 7093.58154297, 26700.6230469, 1877.82080078, 4375.43701172, 6741.87939453, 33264.90625, 15672.5693359, 7522.33203125, 916.492919922, 1082.4576416, 169.18057251, 287.094665527, 63.3670692444, 76.6708755493, 108.303604126, 65.5457992554, 34.5689125061, 25.7476482391, 3.49108457565, 0.621600210667, 0.375393092632, 0.180661007762, 0.052369248122, 0.0130362417549, 0.000185290075024, 1.98224006454e-06, 5.66270585978e-09, 4.88633133955e-10], "mean": [0.000503038114402, 0.0230792108923, 0.214201882482, 1.78689682484, 5.57985782623, 16.4539546967, 18.6625423431, 26.1905555725, 35.7696685791, 24.6542510986, 17.6216697693, 20.5031967163, 27.8292331696, 32.0025978088, 12.0451278687, 15.5447063446, 21.0735263824, 44.7825317383, 34.9331893921, 17.7155971527, 8.17206096649, 8.02565097809, 5.04720544815, 4.08183765411, 2.15918874741, 2.17056751251, 1.93310213089, 1.34045028687, 0.892748832703, 0.539122521877, 0.276540994644, 0.14030353725, 0.084373369813, 0.0525954067707, 0.0341936014593, 0.0108000757173, 0.00148014735896, 0.000228843840887, 2.25015446631e-05, 1.97609824681e-05]}, "spectral_strongpeak": {"dmean2": 0.950437307358, "median": 0.762017667294, "min": 0, "dvar2": 3.72717905045, "dvar": 1.4566681385, "dmean": 0.56909173727, "max": 16.4123039246, "var": 3.53717279434, "mean": 1.39689540863}, "spectral_energy": {"dmean2": 0.00632754666731, "median": 0.00874396413565, "min": 1.00740775839e-20, "dvar2": 0.000108173386252, "dvar": 4.71249513794e-05, "dmean": 0.00417273724452, "max": 0.125845640898, "var": 0.000347672234057, "mean": 0.0164264757186}, "average_loudness": 0.375184088945, "spectral_rolloff": {"dmean2": 337.697570801, "median": 710.595703125, "min": 193.798828125, "dvar2": 509453.1875, "dvar": 261031.03125, "dmean": 194.86366272, "max": 21360.9375, "var": 5355517, "mean": 1249.05273438}, "spectral_centroid": {"dmean2": 199.212539673, "median": 666.406677246, "min": 238.784255981, "dvar2": 107169.679688, "dvar": 58617.3398438, "dmean": 131.150756836, "max": 11645.3779297, "var": 1582432.875, "mean": 930.677185059}, "pitch_salience": {"dmean2": 0.0915611386299, "median": 0.488948583603, "min": 0.0655036792159, "dvar2": 0.00787602458149, "dvar": 0.00314874527976, "dmean": 0.0568237602711, "max": 0.841596186161, "var": 0.018958741799, "mean": 0.477438271046}, "spectral_energyband_middle_high": {"dmean2": 0.00280499947257, "median": 0.000611951225437, "min": 1.12438018468e-21, "dvar2": 5.42450907233e-05, "dvar": 2.12468403333e-05, "dmean": 0.00178893760312, "max": 0.0915054157376, "var": 7.05424972693e-05, "mean": 0.00407236488536}, "spectral_contrast_coeffs": {"dmean2": [0.0637888982892, 0.0625818669796, 0.0530041642487, 0.0459919199347, 0.029091052711, 0.0232600104064], "median": [-0.478841573, -0.671364665031, -0.747467696667, -0.762648582458, -0.800246179104, -0.764278352261], "min": [-0.979672253132, -0.978178083897, -0.977417647839, -0.97692656517, -0.968437552452, -0.964905083179], "dvar2": [0.00303176394664, 0.00274313311093, 0.00204891222529, 0.00170714652631, 0.000635168806184, 0.000493258819915], "dvar": [0.00114468322136, 0.00106575596146, 0.000814081926364, 0.000664400460664, 0.000264620699454, 0.000208260447835], "dmean": [0.0382200703025, 0.0381223745644, 0.0327151231468, 0.0283090472221, 0.018175508827, 0.0145492274314], "max": [-0.181736469269, -0.247413620353, -0.421616107225, -0.485686033964, -0.584705233574, -0.570937275887], "var": [0.0143799930811, 0.00841583684087, 0.0071188127622, 0.00500153377652, 0.00289489747956, 0.00292891729623], "mean": [-0.492043972015, -0.668222725391, -0.740365922451, -0.756114184856, -0.794937074184, -0.765147507191]}, "melbands_skewness": {"dmean2": 0.940794289112, "median": 2.03392004967, "min": -2.87865900993, "dvar2": 1.17090904713, "dvar": 0.506682813168, "dmean": 0.607578456402, "max": 16.0629177094, "var": 4.82610940933, "mean": 2.5069334507}, "spectral_spread": {"dmean2": 475556.09375, "median": 2773931.25, "min": 1063564.25, "dvar2": 464708337664, "dvar": 249894420480, "dmean": 298427.5, "max": 42608908, "var": 18562104164400.0, "mean": 3485105.25}, "dissonance": {"dmean2": 0.0423094369471, "median": 0.437883645296, "min": 0.190907537937, "dvar2": 0.00179862696677, "dvar": 0.000658787088469, "dmean": 0.0251733269542, "max": 0.500000059605, "var": 0.00194699026179, "mean": 0.43064314127}, "spectral_skewness": {"dmean2": 0.600874602795, "median": 2.20499277115, "min": -0.0759946107864, "dvar2": 0.320992797613, "dvar": 0.115029394627, "dmean": 0.361639261246, "max": 6.75902700424, "var": 0.758752882481, "mean": 2.27135276794}, "spectral_flux": {"dmean2": 0.0228838864714, "median": 0.0312057957053, "min": 6.39013217341e-11, "dvar2": 0.000897332793102, "dvar": 0.000337859353749, "dmean": 0.0137735512108, "max": 0.237568929791, "var": 0.00104068580549, "mean": 0.039692286402}, "spectral_contrast_valleys": {"dmean2": [0.674139797688, 0.504944503307, 0.464673519135, 0.39853695035, 0.309572905302, 0.236305773258], "median": [-9.5083732605, -7.41551494598, -8.3360824585, -8.87448978424, -8.97845172882, -12.0179338455], "min": [-28.0707836151, -27.8196697235, -27.8277683258, -27.7211914063, -27.5698871613, -27.4504737854], "dvar2": [0.400464445353, 0.209977075458, 0.189718753099, 0.158791661263, 0.138257205486, 0.0992884933949], "dvar": [0.155818745494, 0.0883551165462, 0.0828538089991, 0.0756950452924, 0.0736475065351, 0.0642547607422], "dmean": [0.393177896738, 0.301800578833, 0.279735445976, 0.24630188942, 0.202818840742, 0.16692404449], "max": [-6.9147143364, -4.897397995, -5.76527738571, -6.15317678452, -6.17522287369, -8.07820415497], "var": [4.88905763626, 5.81664562225, 5.40631389618, 5.27114868164, 5.23603773117, 4.12830686569], "mean": [-9.79556465149, -7.68247938156, -8.51432704926, -9.00960254669, -9.17345142365, -12.2547740936]}, "erbbands_flatness_db": {"dmean2": 0.0241036359221, "median": 0.254905819893, "min": 0.0422023460269, "dvar2": 0.000685045903083, "dvar": 0.00029524564161, "dmean": 0.0158789586276, "max": 0.454403221607, "var": 0.00284313200973, "mean": 0.2530811131}, "spectral_energyband_high": {"dmean2": 5.84379922657e-05, "median": 1.72965264937e-05, "min": 6.99217791275e-21, "dvar2": 9.18613949352e-08, "dvar": 5.73271421445e-08, "dmean": 4.41184274678e-05, "max": 0.0132614085451, "var": 2.82428487708e-07, "mean": 0.000112713503768}, "spectral_entropy": {"dmean2": 0.239597469568, "median": 6.71204376221, "min": 4.38110637665, "dvar2": 0.0626790523529, "dvar": 0.029397835955, "dmean": 0.157755956054, "max": 9.82132816315, "var": 0.404525876045, "mean": 6.72044420242}, "silence_rate_20dB": {"dmean2": 0, "median": 1, "min": 1, "dvar2": 0, "dvar": 0, "dmean": 0, "max": 1, "var": 0, "mean": 1}, "melbands_flatness_db": {"dmean2": 0.0275693293661, "median": 0.289697498083, "min": 0.00280437339097, "dvar2": 0.00085214257706, "dvar": 0.000415899907239, "dmean": 0.0183440670371, "max": 0.542668759823, "var": 0.00538308639079, "mean": 0.28828060627}, "barkbands": {"dmean2": [1.7681733766e-07, 1.94313724933e-05, 8.00704801804e-05, 0.000445481884526, 0.00200098566711, 0.00166019343305, 0.00128559872974, 0.000474872475024, 0.000615121389274, 0.000615082681179, 0.000390955188777, 0.000240714260144, 0.000490972888656, 0.00107846944593, 0.000678223150317, 9.17659126571e-05, 0.000122069403005, 6.46454063826e-05, 4.33533350588e-05, 3.38880345225e-05, 3.01707132166e-05, 1.54784120241e-05, 7.17347211321e-06, 3.43955048265e-06, 3.01905220113e-06, 9.86058012131e-07, 5.80220387292e-08], "median": [4.26881463511e-08, 5.0532385103e-06, 3.21015468217e-05, 7.79165784479e-05, 0.000993366469629, 0.00044716586126, 0.00030217578751, 0.000232233200222, 9.2456182756e-05, 6.01192659815e-05, 2.75947313639e-05, 2.93111897918e-05, 2.42476544372e-05, 1.94074218598e-05, 2.83387616946e-05, 1.14878612294e-05, 1.20235654322e-05, 1.61872230819e-05, 7.50051458454e-06, 5.38280619367e-06, 4.43114549853e-06, 2.13659814108e-06, 1.0272065083e-06, 5.26685255409e-07, 2.52698640679e-07, 7.27857525362e-08, 3.72972017715e-08], "min": [5.28732098876e-25, 2.05310753573e-24, 1.23440776955e-24, 8.26237036303e-25, 8.96983837499e-24, 5.55061228917e-24, 6.1955904873e-24, 3.39678890952e-24, 1.83350617243e-23, 1.55286748545e-23, 1.10412900822e-23, 7.4407427396e-24, 3.27519018194e-23, 2.66197799251e-23, 4.45186962321e-23, 4.55774958728e-23, 5.57134150272e-23, 9.61253897391e-23, 1.23604027775e-22, 1.59614594087e-22, 1.8403713449e-22, 3.22481869946e-22, 3.95373071972e-22, 6.10453990919e-22, 8.63941682198e-22, 1.26704228414e-21, 1.97792475588e-21], "dvar2": [1.72372410941e-13, 3.08165382101e-09, 1.39838633118e-07, 3.3385676943e-06, 1.98672732949e-05, 1.82355270226e-05, 2.15505915548e-05, 1.88037313364e-06, 4.70818986287e-06, 8.02580325399e-06, 4.13565248891e-06, 1.68776273313e-06, 6.40320149614e-06, 1.94865715457e-05, 1.5689576685e-05, 1.43548746223e-07, 3.86886711112e-07, 4.99365029327e-08, 4.90581086865e-08, 2.75426668139e-08, 3.36660974654e-08, 9.11842334972e-09, 2.75012368434e-09, 3.74296094119e-10, 4.73766248454e-10, 1.7862442081e-10, 2.37243303345e-13], "dvar": [6.32250260718e-14, 1.49566148355e-09, 9.27888095248e-08, 1.47949447182e-06, 9.04584703676e-06, 8.08011282061e-06, 1.0079193089e-05, 8.53074823226e-07, 2.1946882498e-06, 3.91839466829e-06, 2.06288132176e-06, 8.04290380074e-07, 2.34917479247e-06, 7.42999236536e-06, 5.2624318414e-06, 6.09738535218e-08, 1.77886704478e-07, 2.18516280626e-08, 2.16948894405e-08, 1.17214273843e-08, 1.66844547067e-08, 5.45411138475e-09, 1.73037872919e-09, 2.70222622056e-10, 2.94354707275e-10, 8.62862212236e-11, 8.62035052715e-14], "dmean": [1.01287554344e-07, 1.17148319987e-05, 5.58490210096e-05, 0.000305455789203, 0.00132676179055, 0.00109312776476, 0.0008