{"tonal": {"thpcp": [1, 0.461278915405, 0.162573680282, 0.136887684464, 0.179759249091, 0.458463102579, 0.715747475624, 0.476857930422, 0.172179311514, 0.126704066992, 0.187146440148, 0.372040748596, 0.393607735634, 0.234888657928, 0.3209400177, 0.484547436237, 0.376612901688, 0.216761499643, 0.182067587972, 0.243589371443, 0.569339811802, 0.798125982285, 0.531499803066, 0.242012783885, 0.168964341283, 0.185413807631, 0.310528129339, 0.377716690302, 0.279852539301, 0.191693663597, 0.163355022669, 0.196133062243, 0.3045566082, 0.347900867462, 0.43517100811, 0.902882933617], "hpcp": {"dmean2": [0.292296499014, 0.217785894871, 0.121131941676, 0.102845899761, 0.133042290807, 0.206261396408, 0.257064551115, 0.207071647048, 0.126711204648, 0.10609176755, 0.122912287712, 0.165365606546, 0.174098551273, 0.137823268771, 0.152861267328, 0.177301898599, 0.166167005897, 0.15058350563, 0.132230862975, 0.160577133298, 0.24170294404, 0.246899425983, 0.227365672588, 0.185645475984, 0.136067166924, 0.122761502862, 0.158374324441, 0.174515396357, 0.147527962923, 0.12429907918, 0.12370749563, 0.149056121707, 0.189813345671, 0.203071519732, 0.263016611338, 0.315997958183], "median": [0.169219329953, 0.0723235532641, 0.0147033622488, 0.0108099300414, 0.0139340767637, 0.0475283525884, 0.0740921497345, 0.0474675260484, 0.0130619518459, 0.00819628871977, 0.018353883177, 0.0399546436965, 0.0408574938774, 0.0266627557576, 0.0288888029754, 0.0259531643242, 0.0194229520857, 0.0148625094444, 0.0132820177823, 0.0236506350338, 0.0992090180516, 0.137898936868, 0.0701708421111, 0.0165028590709, 0.0109423948452, 0.0106908315793, 0.0244668498635, 0.0312194153666, 0.0319986790419, 0.0174598433077, 0.0134218614548, 0.011373700574, 0.0178018659353, 0.0233970396221, 0.0507561601698, 0.154309287667], "min": [0, 0, 0, 0, 0, 0, 0, 0, 0, 0, 0, 0, 0, 0, 0, 0, 0, 0, 0, 0, 0, 0, 0, 0, 0, 0, 0, 0, 0, 0, 0, 0, 0, 0, 0, 0], "dvar2": [0.114764392376, 0.0887931808829, 0.0542061626911, 0.0469487793744, 0.0667271539569, 0.0873180478811, 0.114442616701, 0.0838514789939, 0.0611958540976, 0.0567627958953, 0.0571571551263, 0.0685956925154, 0.0745451450348, 0.0625388100743, 0.0647367611527, 0.0836070850492, 0.0844035074115, 0.0924326330423, 0.0756578296423, 0.0772509798408, 0.0968770161271, 0.0891749039292, 0.104885242879, 0.10726313293, 0.07713355124, 0.0718104615808, 0.0808610245585, 0.0854276493192, 0.0736280456185, 0.0637267157435, 0.0715566053987, 0.0829824283719, 0.11139781028, 0.105866931379, 0.124009698629, 0.126789748669], "dvar": [0.0524719208479, 0.0343952067196, 0.0207674112171, 0.0174464508891, 0.0242852792144, 0.0355885475874, 0.0539686828852, 0.0363694392145, 0.0231647901237, 0.0209440439939, 0.0216821320355, 0.028653902933, 0.0316816456616, 0.023902816698, 0.0246260482818, 0.0356259904802, 0.0326131023467, 0.0327616557479, 0.0268655344844, 0.0293843485415, 0.0369046069682, 0.0403634160757, 0.0389231704175, 0.0386783145368, 0.0285381600261, 0.0268840622157, 0.0326643697917, 0.0356491282582, 0.0290001984686, 0.023694081232, 0.0258344076574, 0.0314343608916, 0.0437657535076, 0.0420897677541, 0.0479060262442, 0.0531641542912], "dmean": [0.175642877817, 0.127952724695, 0.0682879835367, 0.0578135848045, 0.0744957178831, 0.123339027166, 0.15375046432, 0.12496022135, 0.0722206383944, 0.0586488507688, 0.0700413286686, 0.100103661418, 0.105199925601, 0.0794823542237, 0.089452713728, 0.106108643115, 0.097084030509, 0.0846759751439, 0.0749015510082, 0.0919285789132, 0.142222300172, 0.150305658579, 0.132507622242, 0.102829352021, 0.0759417340159, 0.0692693591118, 0.0926741138101, 0.104196809232, 0.0871641561389, 0.0711427628994, 0.0687821432948, 0.0831455513835, 0.109671376646, 0.117207288742, 0.150732085109, 0.187381342053], "max": [1, 1, 1, 1, 1, 1, 1, 1, 1, 1, 1, 1, 1, 1, 1, 1, 1, 1, 1, 1, 1, 1, 1, 1, 1, 1, 1, 1, 1, 1, 1, 1, 1, 1, 1, 1], "var": [0.142881408334, 0.0450852885842, 0.018000850454, 0.0150563521311, 0.0214101709425, 0.0573457814753, 0.116423539817, 0.0617544576526, 0.0196974407881, 0.015572831966, 0.0195931605995, 0.0460822544992, 0.0502961277962, 0.0247359406203, 0.0362330712378, 0.0832904428244, 0.0581557750702, 0.0323848389089, 0.0234556570649, 0.0299750380218, 0.0593700073659, 0.105325549841, 0.06655947119, 0.0331001318991, 0.0230729989707, 0.0279278960079, 0.0449905470014, 0.0567535385489, 0.0333199128509, 0.0202574264258, 0.0191264376044, 0.0283659175038, 0.0501032285392, 0.0535380095243, 0.0544452853501, 0.119756653905], "mean": [0.356602996588, 0.164493441582, 0.0579742640257, 0.0488145574927, 0.0641026869416, 0.163489311934, 0.255237698555, 0.170048967004, 0.0613996610045, 0.0451830476522, 0.0667369812727, 0.132670849562, 0.140361696482, 0.0837619975209, 0.114448167384, 0.172791063786, 0.134301289916, 0.0772977992892, 0.0649258494377, 0.0868647024035, 0.203028291464, 0.284614115953, 0.189534425735, 0.0863024815917, 0.0602531917393, 0.066119119525, 0.11073525995, 0.134694904089, 0.0997962504625, 0.0683585330844, 0.058252889663, 0.0699416399002, 0.108605802059, 0.124062493443, 0.155183285475, 0.321970760822]}, "tuning_equal_tempered_deviation": 0.0726575702429, "chords_changes_rate": 0.0890371799469, "key_key": "A", "tuning_diatonic_strength": 0.69215208292, "key_scale": "major", "chords_number_rate": 0.00209723552689, "tuning_frequency": 442.548919678, "tuning_nontempered_energy_ratio": 0.738320589066, "chords_histogram": [40.9723548889, 1.37273597717, 5.71973323822, 2.99332690239, 0.591039061546, 0, 0, 0.133460432291, 0.648236393929, 1.37273597717, 5.87225914001, 0.400381326675, 0, 0.0190657768399, 0.0381315536797, 1.14394664764, 0, 2.87893223763, 0.0953288823366, 0.781696856022, 0.0953288823366, 16.5490951538, 15.3860816956, 2.93612957001], "key_strength": 0.878660857677, "chords_key": "A", "chords_strength": {"dmean2": 0.0123906796798, "median": 0.496627986431, "min": 0.245809599757, "dvar2": 0.000132229062729, "dvar": 0.000124526282889, "dmean": 0.0138676511124, "max": 0.745881199837, "var": 0.00831994879991, "mean": 0.497563332319}, "chords_scale": "major", "hpcp_entropy": {"dmean2": 1.10214614868, "median": 1.86889123917, "min": 0, "dvar2": 0.767934203148, "dvar": 0.289010852575, "dmean": 0.663375914097, "max": 4.01810884476, "var": 0.57056760788, "mean": 1.81816089153}}, "metadata": {"audio_properties": {"equal_loudness": 0, "codec": "vorbis", "downmix": "mix", "sample_rate": 44100, "analysis_sample_rate": 44100, "bit_rate": 320000, "md5_encoded": "7c99e19b649550c59520acc8d5173276", "length": 243.512023926, "replay_gain": -12.9321670532, "lossless": false}, "version": {"essentia_build_sha": "cead25079874084f62182a551b7393616cd33d87", "essentia": "2.1-beta2", "extractor": "music 1.0", "essentia_git_sha": "v2.1_beta2-1-ge3940c0"}, "tags": {"title": ["New York Girls"], "barcode": ["606949356521"], "media": ["CD"], "albumartist": ["Various Artists"], "tracktotal": ["18"], "albumartistsort": ["Various Artists"], "performer": ["Finbar Furey (vocal)"], "releasetype": ["album", "soundtrack"], "musicbrainz_recordingid": ["01f76469-a704-4ddc-9985-376b7580877b"], "musicbrainz_releasegroupid": ["b5cf50f8-e30c-3019-b11b-8e6e76ea2018"], "musicbrainz_albumartistid": ["89ad4ac3-39f7-470e-963a-56509c546377"], "discnumber": ["1"], "catalognumber": ["493 565-2"], "releasecountry": ["US"], "isrc": ["USIR10211853"], "compilation": ["1"], "originaldate": ["2002-12-17"], "producer": ["Martin Scorsese"], "date": ["2002-12-17"], "file_name": "08 Finbar Furey - New York Girls.ogg", "disctotal": ["1"], "musicbrainz_artistid": ["dfec4640-e9da-46b6-acc5-2b7a773d7c9c"], "asin": ["B00007DT8M"], "musicbrainz_albumid": ["b037df76-2cb9-4fbb-8d88-cce526d68b0c"], "artist": ["Finbar Furey"], "tracknumber": ["8"], "artistsort": ["Furey, Finbar"], "album": ["Gangs of New York"], "label": ["Interscope Records"], "releasestatus": ["official"], "totaldiscs": ["1"], "script": ["Latn"], "totaltracks": ["18"]}}, "rhythm": {"bpm_histogram_first_peak_bpm": {"dmean2": 0, "median": 129, "min": 129, "dvar2": 0, "dvar": 0, "dmean": 0, "max": 129, "var": 0, "mean": 129}, "bpm": 128.84487915, "bpm_histogram_second_peak_spread": {"dmean2": 0, "median": 0.147058844566, "min": 0.147058844566, "dvar2": 0, "dvar": 0, "dmean": 0, "max": 0.147058844566, "var": 0, "mean": 0.147058844566}, "bpm_histogram_first_peak_weight": {"dmean2": 0, "median": 0.464354515076, "min": 0.464354515076, "dvar2": 0, "dvar": 0, "dmean": 0, "max": 0.464354515076, "var": 0, "mean": 0.464354515076}, "onset_rate": 4.07340526581, "beats_position": [0.406349211931, 0.824308395386, 1.26548755169, 1.71827661991, 2.17106580734, 2.62385487556, 3.06503391266, 3.50621318817, 3.94739222527, 4.38857126236, 4.82975053787, 5.27092981339, 5.72371864319, 6.17650794983, 6.6176867485, 7.05886602402, 7.51165533066, 7.96444416046, 8.4172334671, 8.88163280487, 9.35764122009, 9.83365058899, 10.3096599579, 10.774058342, 11.2384576797, 11.7028570175, 12.1904764175, 12.689704895, 13.1889343262, 13.6765527725, 14.1641721725, 14.6517915726, 15.15102005, 15.6386394501, 16.114648819, 16.5674381256, 17.0202255249, 17.4846248627, 17.9606342316, 18.4250335693, 18.9010429382, 19.3770523071, 19.853061676, 20.3058490753, 20.7818584442, 21.246257782, 21.7106571198, 22.1750564575, 22.6510658264, 23.1270751953, 23.5914726257, 24.0674819946, 24.5434913635, 25.0078907013, 25.4839000702, 25.9715194702, 26.4475269318, 26.9351463318, 27.4111557007, 27.8755550385, 28.3399543762, 28.804353714, 29.2571430206, 29.7215423584, 30.1859397888, 30.6619491577, 31.1379585266, 31.6139678955, 32.0899772644, 32.5659866333, 33.0419960022, 33.5063934326, 33.9707946777, 34.4468002319, 34.9228096008, 35.3872108459, 35.8516082764, 36.3160095215, 36.7804069519, 37.244808197, 37.7208137512, 38.1852149963, 38.6496124268, 39.1024017334, 39.5668029785, 40.0312004089, 40.4956016541, 40.9483909607, 41.4011802673, 41.8655776978, 42.3415870667, 42.7943763733, 43.2587738037, 43.7115631104, 44.164352417, 44.6519737244, 45.1279792786, 45.6039886475, 46.0683898926, 46.532787323, 46.9971885681, 47.4848060608, 47.9608154297, 48.4368247986, 48.9244422913, 49.4004516602, 49.8764610291, 50.3408622742, 50.8052597046, 51.2812690735, 51.7572784424, 52.2216758728, 52.6860771179, 53.1620864868, 53.6148757935, 54.0908851624, 54.5668907166, 55.0429000854, 55.5073013306, 55.9833106995, 56.4709281921, 56.9353294373, 57.3997268677, 57.8641242981, 58.3285255432, 58.7929229736, 59.2573242188, 59.7217216492, 60.1977310181, 60.673740387, 61.1381378174, 61.590927124, 62.0553283691, 62.5197257996, 62.9841270447, 63.4369163513, 63.9013137817, 64.3657150269, 64.8301086426, 65.2945098877, 65.7472991943, 66.200088501, 66.6644897461, 67.1404953003, 67.6165084839, 68.0809020996, 68.5453033447, 69.0097045898, 69.485710144, 69.9617233276, 70.4377288818, 70.9137420654, 71.3897476196, 71.8657608032, 72.3301544189, 72.7945556641, 73.2589569092, 73.7233581543, 74.210975647, 74.6869812012, 75.1629943848, 75.6273880005, 76.0917892456, 76.5561904907, 77.0205917358, 77.5082092285, 77.9958267212, 78.4602279663, 78.924621582, 79.4006347656, 79.8766403198, 80.3410415649, 80.8054428101, 81.2582321167, 81.7110214233, 82.1754150391, 82.6398162842, 83.1042175293, 83.5570068359, 84.0097961426, 84.4741897583, 84.9385910034, 85.4029922485, 85.8673934937, 86.3317871094, 86.7961883545, 87.2605895996, 87.7249908447, 88.177772522, 88.6305618286, 89.0949630737, 89.5593643188, 90.0121536255, 90.4765548706, 90.9293441772, 91.393737793, 91.8581390381, 92.3225402832, 92.7753295898, 93.2281188965, 93.6809082031, 94.1453018188, 94.5980911255, 95.0624923706, 95.5152816772, 95.9680709839, 96.432472229, 96.8968658447, 97.3612670898, 97.825668335, 98.2900695801, 98.7428588867, 99.1956481934, 99.6600418091, 100.124443054, 100.588844299, 101.053237915, 101.529251099, 102.005256653, 102.469657898, 102.934059143, 103.398452759, 103.862854004, 104.327255249, 104.803260803, 105.279273987, 105.743675232, 106.208068848, 106.684082031, 107.160087585, 107.636100769, 108.112106323, 108.588119507, 109.064125061, 109.528526306, 109.992919922, 110.468933105, 110.933334351, 111.409339905, 111.87374115, 112.349746704, 112.825759888, 113.301765442, 113.777778625, 114.25378418, 114.729797363, 115.194190979, 115.670204163, 116.146209717, 116.6222229, 117.098228455, 117.574241638, 118.050247192, 118.514648438, 118.979042053, 119.455055237, 119.931060791, 120.407073975, 120.87147522, 121.324264526, 121.788658142, 122.253059387, 122.717460632, 123.181854248, 123.646255493, 124.110656738, 124.575057983, 125.039451599, 125.515464783, 125.991470337, 126.455871582, 126.943489075, 127.431106567, 127.895507812, 128.371520996, 128.847518921, 129.323532104, 129.78793335, 130.263946533, 130.751556396, 131.22756958, 131.703582764, 132.167984009, 132.632385254, 133.09677124, 133.561172485, 134.037185669, 134.513198853, 134.989196777, 135.453598022, 135.917999268, 136.394012451, 136.858413696, 137.34602356, 137.833648682, 138.298049927, 138.77406311, 139.250061035, 139.71446228, 140.190475464, 140.666488647, 141.119277954, 141.572067261, 142.048065186, 142.524078369, 142.988479614, 143.441268921, 143.894058228, 144.346847534, 144.811248779, 145.264038086, 145.728439331, 146.192825317, 146.645614624, 147.110015869, 147.574417114, 148.027206421, 148.479995728, 148.932785034, 149.397186279, 149.849975586, 150.302764893, 150.767166138, 151.231567383, 151.695953369, 152.148742676, 152.613143921, 153.065933228, 153.530334473, 153.983123779, 154.435913086, 154.900314331, 155.364715576, 155.829116821, 156.293518066, 156.746307373, 157.210693359, 157.663482666, 158.127883911, 158.592285156, 159.056686401, 159.532699585, 159.99710083, 160.449890137, 160.902679443, 161.36706543, 161.831466675, 162.307479858, 162.783493042, 163.247894287, 163.700683594, 164.16506958, 164.641082764, 165.128707886, 165.604721069, 166.092330933, 166.579956055, 167.0443573, 167.508743286, 167.973144531, 168.437545776, 168.91355896, 169.389572144, 169.85395813, 170.318359375, 170.78276062, 171.247161865, 171.71156311, 172.175964355, 172.65196228, 173.116363525, 173.592376709, 174.056777954, 174.532791138, 174.997192383, 175.473190308, 175.937591553, 176.413604736, 176.878005981, 177.342407227, 177.818405151, 178.282806396, 178.747207642, 179.199996948, 179.664398193, 180.128799438, 180.593200684, 181.05758667, 181.521987915, 181.98638916, 182.450790405, 182.903579712, 183.367980957, 183.820770264, 184.285171509, 184.749572754, 185.225570679, 185.689971924, 186.154373169, 186.618774414, 187.094787598, 187.570785522, 188.046798706, 188.52281189, 189.010421753, 189.474822998, 189.939224243, 190.426849365, 190.90284729, 191.378860474, 191.843261719, 192.307662964, 192.783676147, 193.248062134, 193.724075317, 194.188476562, 194.664489746, 195.140487671, 195.616500854, 196.092514038, 196.556915283, 197.032928467, 197.497314453, 197.973327637, 198.437728882, 198.925354004, 199.401351929, 199.865753174, 200.330154419, 200.782943726, 201.258956909, 201.734954834, 202.210968018, 202.675369263, 203.139770508, 203.604171753, 204.068572998, 204.521362305, 204.974151611, 205.426940918, 205.891326904, 206.344116211, 206.808517456, 207.261306763, 207.725708008, 208.190109253, 208.654510498, 209.118911743, 209.583312988, 210.047698975, 210.523712158, 210.999725342, 211.464126587, 211.940139771, 212.427749634, 212.903762817, 213.379776001, 213.855773926, 214.320175171, 214.784576416, 215.248977661, 215.713378906, 216.20098877, 216.677001953, 217.153015137, 217.617416382, 218.081817627, 218.546203613, 219.033828735, 219.509841919, 219.974243164, 220.43862915, 220.891418457, 221.379043579, 221.855056763, 222.331054688, 222.795455933, 223.248245239, 223.701034546, 224.165435791, 224.629837036, 225.094238281, 225.558639526, 226.023040771, 226.487426758, 226.940216064, 227.40461731, 227.857406616, 228.321807861, 228.786209106, 229.250610352, 229.703399658, 230.156188965, 230.608978271, 231.073379517, 231.526168823, 231.97895813, 232.431747437, 232.896133423, 233.360534668, 233.824935913, 234.289337158, 234.753738403, 235.20652771, 235.659317017, 236.112106323, 236.56489563, 237.029296875, 237.49369812, 237.934875488, 238.399276733, 238.875274658, 239.386123657, 239.896957397, 240.407791138, 240.907028198, 241.417861938, 241.928695679, 242.427932739, 242.938766479], "beats_loudness": {"dmean2": 0.0374812930822, "median": 0.0288843419403, "min": 0, "dvar2": 0.00104844733141, "dvar": 0.000360140460543, "dmean": 0.0202116947621, "max": 0.120089352131, "var": 0.000482101517264, "mean": 0.033624894917}, "danceability": 1.19922363758, "bpm_histogram_second_peak_weight": {"dmean2": 0, "median": 0.0558766871691, "min": 0.0558766871691, "dvar2": 0, "dvar": 0, "dmean": 0, "max": 0.0558766871691, "var": 0, "mean": 0.0558766871691}, "beats_count": 520, "bpm_histogram_second_peak_bpm": {"dmean2": 0, "median": 123, "min": 123, "dvar2": 0, "dvar": 0, "dmean": 0, "max": 123, "var": 0, "mean": 123}, "bpm_histogram_first_peak_spread": {"dmean2": 0, "median": 0.485042750835, "min": 0.485042750835, "dvar2": 0, "dvar": 0, "dmean": 0, "max": 0.485042750835, "var": 0, "mean": 0.485042750835}, "beats_loudness_band_ratio": {"dmean2": [0.290311127901, 0.43945863843, 0.390940546989, 0.254832953215, 0.0991834327579, 0.0299058686942], "median": [0.184735178947, 0.245535731316, 0.231409937143, 0.11333540082, 0.0471855886281, 0.0127573534846], "min": [0, 0, 0, 0, 0, 0], "dvar2": [0.0616763830185, 0.101347506046, 0.0865459814668, 0.0747784525156, 0.0124678211287, 0.00171109684743], "dvar": [0.0230543725193, 0.0323962755501, 0.0299394410104, 0.0249681323767, 0.0047549456358, 0.000583628832828], "dmean": [0.167555809021, 0.243773370981, 0.218804121017, 0.142569169402, 0.0587604902685, 0.0168468914926], "max": [0.876994967461, 0.874898791313, 0.884353816509, 0.871494650841, 0.578879535198, 0.318147629499], "var": [0.0344870202243, 0.0441089048982, 0.037950720638, 0.0227090884, 0.00773807568476, 0.00060324446531], "mean": [0.233019635081, 0.295481532812, 0.279562175274, 0.158772349358, 0.072028465569, 0.0203353818506]}}, "lowlevel": {"barkbands_spread": {"dmean2": 5.67817687988, "median": 13.7859363556, "min": 1.18624770641, "dvar2": 60.8338661194, "dvar": 30.1645774841, "dmean": 3.84736585617, "max": 114.533355713, "var": 95.4120101929, "mean": 15.3323545456}, "melbands_spread": {"dmean2": 6.82737874985, "median": 15.3438587189, "min": 1.49533009529, "dvar2": 100.711479187, "dvar": 49.4521789551, "dmean": 4.67471885681, "max": 224.634918213, "var": 194.096115112, "mean": 18.2681217194}, "hfc": {"dmean2": 6.22637748718, "median": 10.0736894608, "min": 1.11904288754e-16, "dvar2": 89.0657424927, "dvar": 49.3168678284, "dmean": 4.65327644348, "max": 127.870246887, "var": 204.77204895, "mean": 14.2642965317}, "barkbands_kurtosis": {"dmean2": 3.43815660477, "median": 2.41654109955, "min": -1.88437128067, "dvar2": 28.5040111542, "dvar": 12.1162805557, "dmean": 2.2295088768, "max": 122.524353027, "var": 30.0636234283, "mean": 3.77403235435}, "gfcc": {"mean": [-38.3899307251, 113.882316589, -126.69934082, 17.7154121399, -59.4738311768, -3.27136731148, -41.9997444153, 4.41299200058, -22.5729446411, -1.4530582428, -10.5963420868, -1.62724995613, -9.11040115356], "icov": [[0.000268978648819, -0.000596861995291, 0.000489900063258, -0.000629457645118, 0.000874387042131, -0.00102045887616, 0.000894765427802, -0.000770949351136, 0.000631104048807, -0.000684051017743, 0.000788955425378, -0.000544915208593, 0.000590135692619], [-0.000596861995291, 0.00287696183659, -0.00142439291812, 0.00162335170899, -0.00326573080383, 0.00274965888821, -0.00309120421298, 0.00225069350563, -0.00208460306749, 0.00265878951177, -0.00303620565683, 0.00281650526449, -0.00126322114374], [0.000489900063258, -0.00142439291812, 0.00256522698328, -0.00195113115478, 0.0014308213722, -0.00294855143875, 0.00181657297071, -0.0013969046995, 0.00115924782585, -0.00149733340368, 0.00155582465231, -0.00161105382722, 0.00173229293432], [-0.000629457645118, 0.00162335170899, -0.00195113115478, 0.00512465182692, -0.00342039810494, 0.00201205583289, -0.00122108252253, 0.00127040431835, -0.0025817186106, 0.00316630513407, -0.00262145930901, 0.00226354808547, -0.00277862232178], [0.000874387042131, -0.00326573080383, 0.0014308213722, -0.00342039810494, 0.00847494229674, -0.00403437856585, 0.00266181421466, -0.00235655601136, 0.00232058623806, -0.00477879494429, 0.00381650123745, -0.0022168669384, -5.02580369357e-05], [-0.00102045887616, 0.00274965888821, -0.00294855143875, 0.00201205583289, -0.00403437856585, 0.00981241185218, -0.00571944145486, 0.00329309958033, -0.00304347323254, 0.00198853877373, -0.00336360000074, 0.00272039650008, -0.000301618594676], [0.000894765427802, -0.00309120421298, 0.00181657297071, -0.00122108252253, 0.00266181421466, -0.00571944145486, 0.0112343570217, -0.00621930556372, 0.00306916097179, -0.00127754395362, 0.00119936361443, -0.00313348672353, 0.00258567743003], [-0.000770949351136, 0.00225069350563, -0.0013969046995, 0.00127040431835, -0.00235655601136, 0.00329309958033, -0.00621930556372, 0.0139547334984, -0.00507522048429, 0.000651062175166, 0.000295645557344, 0.000725638645235, -0.00325620640069], [0.000631104048807, -0.00208460306749, 0.00115924782585, -0.0025817186106, 0.00232058623806, -0.00304347323254, 0.00306916097179, -0.00507522048429, 0.0145697025582, -0.00576880061999, 0.00152717391029, -0.000847737130243, 0.00196442264132], [-0.000684051017743, 0.00265878951177, -0.00149733340368, 0.00316630513407, -0.00477879494429, 0.00198853877373, -0.00127754395362, 0.000651062175166, -0.00576880061999, 0.0181603897363, -0.00809265766293, 0.00249451980926, -0.000133428009576], [0.000788955425378, -0.00303620565683, 0.00155582465231, -0.00262145930901, 0.00381650123745, -0.00336360000074, 0.00119936361443, 0.000295645557344, 0.00152717391029, -0.00809265766293, 0.0205452945083, -0.00716348644346, 0.00200857408345], [-0.000544915208593, 0.00281650526449, -0.00161105382722, 0.00226354808547, -0.0022168669384, 0.00272039650008, -0.00313348672353, 0.000725638645235, -0.000847737130243, 0.00249451980926, -0.00716348644346, 0.020338723436, -0.00684138992801], [0.000590135692619, -0.00126322114374, 0.00173229293432, -0.00277862232178, -5.02580369357e-05, -0.000301618594676, 0.00258567743003, -0.00325620640069, 0.00196442264132, -0.000133428009576, 0.00200857408345, -0.00684138992801, 0.0182742029428]], "cov": [[11472.7109375, 681.608947754, -384.484710693, 432.721435547, -303.492095947, 493.565704346, -172.955429077, 162.963424683, -2.95218467712, 34.0068969727, -115.26210022, -104.735588074, -186.286987305], [681.608947754, 1232.76049805, 375.849060059, 147.678421021, 329.142944336, 107.17375946, 171.379653931, -7.70676136017, 63.5700912476, -4.44556427002, 63.3731880188, -69.7002410889, -12.8431529999], [-384.484710693, 375.849060059, 997.735717773, 292.290130615, 215.638366699, 249.31187439, 75.5930404663, 17.1098709106, 63.397151947, 33.1952323914, 34.5545158386, -14.1152267456, -30.3335857391], [432.721435547, 147.678421021, 292.290130615, 435.895874023, 163.141464233, 83.8839111328, -3.02795553207, 21.4843215942, 49.3047332764, -2.3543806076, 9.93706798553, -13.0920267105, 29.5845661163], [-303.492095947, 329.142944336, 215.638366699, 163.141464233, 330.33605957, 84.4376525879, 53.3534736633, 14.6917581558, 37.8371086121, 32.1560668945, 17.8110561371, -10.1665620804, 24.692199707], [493.565704346, 107.17375946, 249.31187439, 83.8839111328, 84.4376525879, 272.474700928, 83.6683349609, 17.9037876129, 33.6470947266, 27.3986721039, 19.7022361755, -12.5140295029, -33.5953369141], [-172.955429077, 171.379653931, 75.5930404663, -3.02795553207, 53.3534736633, 83.6683349609, 191.602020264, 46.3144378662, 11.1369581223, 4.08642339706, 21.133523941, 4.7489938736, -9.23654651642], [162.963424683, -7.70676136017, 17.1098709106, 21.4843215942, 14.6917581558, 17.9037876129, 46.3144378662, 112.889839172, 29.6315193176, 11.8372354507, -5.87412977219, 7.87117815018, 10.2410802841], [-2.95218467712, 63.5700912476, 63.397151947, 49.3047332764, 37.8371086121, 33.6470947266, 11.1369581223, 29.6315193176, 101.983123779, 31.5369529724, 11.559466362, -5.91556215286, -3.87741827965], [34.0068969727, -4.44556427002, 33.1952323914, -2.3543806076, 32.1560668945, 27.3986721039, 4.08642339706, 11.8372354507, 31.5369529724, 87.0682754517, 26.6953086853, 1.87100994587, -7.82664060593], [-115.26210022, 63.3731880188, 34.5545158386, 9.93706798553, 17.8110561371, 19.7022361755, 21.133523941, -5.87412977219, 11.559466362, 26.6953086853, 75.1847381592, 16.0113391876, -0.641712844372], [-104.735588074, -69.7002410889, -14.1152267456, -13.0920267105, -10.1665620804, -12.5140295029, 4.7489938736, 7.87117815018, -5.91556215286, 1.87100994587, 16.0113391876, 70.501121521, 23.6911411285], [-186.286987305, -12.8431529999, -30.3335857391, 29.5845661163, 24.692199707, -33.5953369141, -9.23654651642, 10.2410802841, -3.87741827965, -7.82664060593, -0.641712844372, 23.6911411285, 79.1685180664]]}, "spectral_energyband_middle_low": {"dmean2": 0.00779150845483, "median": 0.0109252203256, "min": 1.42088616506e-22, "dvar2": 0.000140526186442, "dvar": 6.65546904202e-05, "dmean": 0.00545120658353, "max": 0.198237478733, "var": 0.000190643957467, "mean": 0.0145853497088}, "melbands_crest": {"dmean2": 4.89632225037, "median": 12.1335945129, "min": 1.75305366516, "dvar2": 18.7299480438, "dvar": 7.92593765259, "dmean": 3.10013866425, "max": 33.735660553, "var": 24.2392234802, "mean": 13.113120079}, "spectral_kurtosis": {"dmean2": 4.04341030121, "median": 6.42468357086, "min": -1.2577265501, "dvar2": 15.8470602036, "dvar": 5.74293231964, "dmean": 2.41168045998, "max": 68.9876098633, "var": 19.9669284821, "mean": 7.15248203278}, "spectral_rms": {"dmean2": 0.000914786825888, "median": 0.00414808001369, "min": 3.14276968165e-12, "dvar2": 1.07144649064e-06, "dvar": 6.2430382286e-07, "dmean": 0.000686166575179, "max": 0.0141124827787, "var": 3.81897325497e-06, "mean": 0.00423021474853}, "zerocrossingrate": {"dmean2": 0.00843468960375, "median": 0.03955078125, "min": 0.00341796875, "dvar2": 0.000127339008031, "dvar": 0.000129660620587, "dmean": 0.00725014787167, "max": 0.79052734375, "var": 0.00171807885636, "mean": 0.0469701066613}, "silence_rate_60dB": {"dmean2": 0.0442452542484, "median": 0, "min": 0, "dvar2": 0.0487677156925, "dvar": 0.021630268544, "dmean": 0.0221205186099, "max": 1, "var": 0.0869615748525, "mean": 0.0961960181594}, "erbbands_kurtosis": {"dmean2": 1.36407124996, "median": -0.226883888245, "min": -1.82564854622, "dvar2": 3.46124482155, "dvar": 1.53031599522, "dmean": 0.893472909927, "max": 36.79114151, "var": 6.31208372116, "mean": 0.579294264317}, "erbbands": {"dmean2": [0.0186530966312, 0.296612799168, 0.957151293755, 1.9118514061, 5.74079608917, 13.1691398621, 9.73095989227, 20.8935565948, 44.2279396057, 44.4376564026, 24.7654247284, 25.7252559662, 17.9220695496, 31.8541088104, 28.5877037048, 18.6197414398, 26.3615875244, 27.7832355499, 14.6366376877, 10.2376794815, 16.9363689423, 7.09218502045, 8.35455322266, 5.56213998795, 5.2566986084, 3.59219861031, 1.74514222145, 1.29003751278, 1.45329511166, 1.24134230614, 0.867041230202, 0.700188815594, 0.565939307213, 0.289565593004, 0.112139105797, 0.0417154543102, 0.0101241385564, 0.00175711745396, 0.000202707698918, 1.72546078829e-05], "median": [0.0249088536948, 0.254432559013, 0.672381460667, 1.61503624916, 3.9045882225, 6.35419273376, 7.93928098679, 9.67214298248, 16.2526893616, 14.4359779358, 10.6479768753, 9.2744102478, 7.63386821747, 11.1919078827, 7.20361995697, 6.87620401382, 7.75724649429, 5.63252496719, 7.14895009995, 6.00791120529, 9.97999763489, 5.54142189026, 5.37868690491, 4.5439748764, 3.33172678947, 2.18144321442, 1.15674090385, 0.614881038666, 0.475663751364, 0.352069407701, 0.238381698728, 0.135003060102, 0.0947343483567, 0.0486919246614, 0.0229522511363, 0.00795839726925, 0.00181931001134, 0.000348823727109, 5.17458502145e-05, 2.40941262746e-05], "min": [1.02384900048e-22, 4.88380378543e-22, 1.98626744589e-21, 3.62479712878e-21, 6.49175100972e-21, 2.93764050325e-20, 5.08517844179e-20, 9.44527685424e-20, 2.39298000387e-19, 1.71685691758e-19, 2.47059927213e-19, 6.11477344603e-19, 8.77739649351e-19, 9.9243299757e-19, 9.94357846855e-19, 1.0542672299e-18, 1.73206998397e-18, 2.7192694098e-18, 1.49615062864e-18, 3.99338728785e-18, 4.114005524e-18, 5.59708742275e-18, 5.78339248493e-18, 7.22998620609e-18, 9.2138250497e-18, 9.09655234554e-18, 1.1776671297e-17, 9.84782838354e-18, 1.10175171908e-17, 1.25405444685e-17, 1.19085685543e-17, 1.20038473532e-17, 1.02461787142e-17, 8.77820857808e-18, 7.68687114563e-18, 4.32678450169e-18, 2.56667588669e-18, 9.76524453234e-19, 2.83962858333e-19, 2.82335516187e-20], "dvar2": [0.00116974848788, 0.368232131004, 3.00031709671, 7.79523897171, 91.5005722046, 627.138916016, 274.45690918, 3236.52758789, 15696.5478516, 13371.1757812, 3517.06103516, 4440.57177734, 1384.21679688, 5699.69970703, 17514.5390625, 3335.3269043, 6504.98193359, 10169.4658203, 1335.9342041, 551.795349121, 916.695739746, 138.808181763, 673.397033691, 179.451049805, 117.491226196, 49.5558891296, 10.6343784332, 8.75965118408, 11.4004592896, 10.04728508, 5.30755472183, 4.52133989334, 3.58662366867, 0.834740996361, 0.0878772810102, 0.0118969734758, 0.000738715403713, 2.3331531338e-05, 3.16022521929e-07, 9.09421593587e-10], "dvar": [0.000515335588716, 0.202464461327, 1.3122947216, 3.16665887833, 40.1508598328, 273.380218506, 123.476104736, 1481.51977539, 7102.55908203, 6089.0546875, 1551.3416748, 2161.80761719, 639.317810059, 2503.51171875, 9337.58984375, 2031.69946289, 4193.77734375, 5408.46240234, 637.982055664, 280.406433105, 415.011291504, 69.500579834, 327.731079102, 97.1889266968, 61.4354667664, 25.2685146332, 5.27437973022, 4.09442472458, 5.0670208931, 4.59101819992, 2.52296829224, 2.23835659027, 1.87568068504, 0.42869669199, 0.0384120158851, 0.00460247183219, 0.000277761253528, 8.70382064022e-06, 1.21878429127e-07, 3.81829901031e-10], "dmean": [0.0121470522135, 0.205133482814, 0.604334712029, 1.19999456406, 3.77411532402, 8.60308456421, 6.48845100403, 14.2931098938, 29.7086009979, 30.6847915649, 16.3547306061, 17.2518024445, 11.9903964996, 20.7363739014, 20.1620235443, 13.3161306381, 19.9973678589, 19.6801662445, 9.75726985931, 6.97294807434, 11.4250221252, 4.83047437668, 5.65920972824, 4.02951383591, 3.62491035461, 2.44411945343, 1.18674600124, 0.862089216709, 0.959022641182, 0.810227334499, 0.569223403931, 0.456673175097, 0.374562352896, 0.188280746341, 0.069836653769, 0.025172572583, 0.00600207829848, 0.00104453973472, 0.000121508055599, 1.17639792734e-05], "max": [0.36494153738, 11.1806554794, 20.2299938202, 34.5170326233, 142.242401123, 435.263793945, 235.869796753, 955.104919434, 2928.83325195, 2134.64501953, 1222.86767578, 1352.04577637, 671.436096191, 1211.39440918, 3142.82128906, 2132.0402832, 2404.74072266, 2366.18994141, 723.799438477, 576.030822754, 406.22442627, 219.462982178, 1263.07739258, 666.079223633, 248.058914185, 190.972137451, 60.7485351562, 52.3896331787, 55.4923591614, 63.3395462036, 51.7730827332, 65.6868896484, 51.7300834656, 24.6893177032, 5.23017644882, 1.61369884014, 0.368731707335, 0.058350559324, 0.00662191119045, 0.000320372579154], "var": [0.00132085150108, 0.647668719292, 2.41138863564, 7.31969738007, 95.5017852783, 740.987854004, 309.111755371, 2803.48193359, 15145.6484375, 13282.7197266, 2684.8112793, 5156.79589844, 1581.73034668, 5519.91699219, 18318.9882812, 5520.90136719, 16122.0537109, 13556.2910156, 1521.47595215, 694.310791016, 1172.99060059, 239.000839233, 682.795471191, 242.793548584, 134.132110596, 69.5968170166, 12.0582618713, 7.0517616272, 9.12106704712, 8.07400226593, 4.86809635162, 5.12636089325, 4.64443540573, 1.02308726311, 0.0636576265097, 0.00480149174109, 0.000253594073001, 7.93092567619e-06, 1.35909530741e-07, 8.35232383256e-10], "mean": [0.0328768566251, 0.492308080196, 1.1986553669, 2.44345164299, 7.27305221558, 15.8888044357, 13.3044309616, 25.2602481842, 55.5785064697, 52.7432327271, 28.2053394318, 29.9787216187, 21.6450748444, 32.8941612244, 32.1072349548, 23.1684684753, 34.8589935303, 32.1165733337, 17.4891929626, 13.2187099457, 23.2118148804, 10.4384469986, 11.7149658203, 9.23152065277, 6.95944690704, 4.72339010239, 2.32567358017, 1.44814896584, 1.4961233139, 1.19903945923, 0.834813833237, 0.646693825722, 0.530445933342, 0.260072112083, 0.0871467366815, 0.0277237892151, 0.00633031362668, 0.00112845900003, 0.000145852667629, 3.17692683893e-05]}, "spectral_strongpeak": {"dmean2": 0.829597711563, "median": 0.743934333324, "min": 0, "dvar2": 1.40400600433, "dvar": 0.646290659904, "dmean": 0.531127810478, "max": 12.9834461212, "var": 1.68720078468, "mean": 1.14902460575}, "spectral_energy": {"dmean2": 0.00945448037237, "median": 0.0176367331296, "min": 1.01239265249e-20, "dvar2": 0.000187858080608, "dvar": 9.6321971796e-05, "dmean": 0.00684808008373, "max": 0.204141244292, "var": 0.000355157884769, "mean": 0.0222565513104}, "average_loudness": 0.880412936211, "spectral_rolloff": {"dmean2": 534.821411133, "median": 882.861328125, "min": 107.666015625, "dvar2": 1011827.25, "dvar": 496124.6875, "dmean": 326.818572998, "max": 19638.28125, "var": 2335553.25, "mean": 1237.77819824}, "spectral_centroid": {"dmean2": 258.544769287, "median": 907.376708984, "min": 213.73425293, "dvar2": 95143.9453125, "dvar": 51047.1523438, "dmean": 178.173110962, "max": 11821.3916016, "var": 543936.4375, "mean": 1052.97192383}, "pitch_salience": {"dmean2": 0.0997955799103, "median": 0.589082360268, "min": 0.12564215064, "dvar2": 0.00747430184856, "dvar": 0.00305401952937, "dmean": 0.0628374516964, "max": 0.901751160622, "var": 0.0088506070897, "mean": 0.584781825542}, "spectral_energyband_middle_high": {"dmean2": 0.00249459245242, "median": 0.00242289667949, "min": 1.26684114354e-21, "dvar2": 2.49308232014e-05, "dvar": 1.42565895658e-05, "dmean": 0.00186439580284, "max": 0.0959745571017, "var": 5.89712253714e-05, "mean": 0.00467697903514}, "spectral_contrast_coeffs": {"dmean2": [0.0772026255727, 0.0787910819054, 0.0635116547346, 0.0498688705266, 0.0376270785928, 0.0305981747806], "median": [-0.622186660767, -0.694038391113, -0.754084527493, -0.763692259789, -0.774383187294, -0.776526927948], "min": [-0.971613168716, -0.970860123634, -0.97344738245, -0.968034684658, -0.969167768955, -0.964312195778], "dvar2": [0.0039120297879, 0.00424120435491, 0.00265756458975, 0.00159732403699, 0.000936460157391, 0.000730467552785], "dvar": [0.00169844902121, 0.00189369497821, 0.00113825895824, 0.000744204618968, 0.000481343420688, 0.000334508600645], "dmean": [0.0485853664577, 0.0507610403001, 0.0407425425947, 0.0322881266475, 0.0252765789628, 0.0201414544135], "max": [-0.253819167614, -0.380007982254, -0.475138008595, -0.47171446681, -0.521130442619, -0.61933940649], "var": [0.00818850472569, 0.0066398549825, 0.00429528066888, 0.0034671574831, 0.00288910418749, 0.00147448154166], "mean": [-0.61045897007, -0.689282298088, -0.748026132584, -0.758092224598, -0.766509771347, -0.775103747845]}, "melbands_skewness": {"dmean2": 0.751409828663, "median": 2.04916477203, "min": -1.81606304646, "dvar2": 0.572570979595, "dvar": 0.271863788366, "dmean": 0.517027437687, "max": 10.1170148849, "var": 1.26899945736, "mean": 2.11025285721}, "spectral_spread": {"dmean2": 761815.5, "median": 3306673, "min": 1171438.875, "dvar2": 1188073439230.0, "dvar": 642052063232, "dmean": 505809.21875, "max": 44996384, "var": 5851355021310.0, "mean": 3721899.25}, "dissonance": {"dmean2": 0.0382375195622, "median": 0.457628011703, "min": 0.235943183303, "dvar2": 0.00123838020954, "dvar": 0.000479778595036, "dmean": 0.0229078251868, "max": 0.499987602234, "var": 0.00107344891876, "mean": 0.450891911983}, "spectral_skewness": {"dmean2": 0.43707922101, "median": 1.86988317966, "min": -0.0859952792525, "dvar2": 0.14262008667, "dvar": 0.0587153211236, "dmean": 0.273080915213, "max": 6.9255399704, "var": 0.304345577955, "mean": 1.90613174438}, "spectral_flux": {"dmean2": 0.03323296085, "median": 0.0602719299495, "min": 6.55086956902e-11, "dvar2": 0.0014483431587, "dvar": 0.000614046934061, "dmean": 0.0210673864931, "max": 0.399821221828, "var": 0.00163465598598, "mean": 0.067594371736}, "spectral_contrast_valleys": {"dmean2": [0.640543520451, 0.554346740246, 0.493349462748, 0.433241665363, 0.386699825525, 0.522728919983], "median": [-7.24641132355, -6.52486085892, -7.38818597794, -7.86121416092, -7.99089002609, -10.9160814285], "min": [-27.743227005, -27.7638263702, -27.9758777618, -27.7856788635, -27.483789444, -27.3678703308], "dvar2": [0.313482373953, 0.230069518089, 0.187201142311, 0.156560093164, 0.145971417427, 0.287811726332], "dvar": [0.152381584048, 0.101937174797, 0.090344786644, 0.0815917626023, 0.0782568603754, 0.152583703399], "dmean": [0.39475029707, 0.346904993057, 0.320877939463, 0.291694641113, 0.267928421497, 0.378588020802], "max": [-5.63632154465, -4.94878530502, -4.91657304764, -5.73334884644, -6.26025629044, -7.85605096817], "var": [3.38944530487, 2.40200614929, 2.20790529251, 2.15693497658, 1.94716751575, 1.80698943138], "mean": [-7.83576154709, -6.79389953613, -7.59077978134, -8.08299350739, -8.19213008881, -11.0074157715]}, "erbbands_flatness_db": {"dmean2": 0.0267408303916, "median": 0.181187048554, "min": 0.0467289015651, "dvar2": 0.000629413523711, "dvar": 0.000300609186525, "dmean": 0.0182332452387, "max": 0.342422991991, "var": 0.00179490435403, "mean": 0.1855340451}, "spectral_energyband_high": {"dmean2": 0.000162488286151, "median": 8.75991827343e-05, "min": 7.11664759231e-21, "dvar2": 1.09745336374e-07, "dvar": 5.4357780499e-08, "dmean": 0.000110474546091, "max": 0.00729137659073, "var": 1.28147249256e-07, "mean": 0.000202080263989}, "spectral_entropy": {"dmean2": 0.262628048658, "median": 7.22174167633, "min": 5.12154436111, "dvar2": 0.0590802542865, "dvar": 0.0304011143744, "dmean": 0.18145725131, "max": 9.81808853149, "var": 0.187684059143, "mean": 7.20231246948}, "silence_rate_20dB": {"dmean2": 0, "median": 1, "min": 1, "dvar2": 0, "dvar": 0, "dmean": 0, "max": 1, "var": 0, "mean": 1}, "melbands_flatness_db": {"dmean2": 0.0329150855541, "median": 0.215121656656, "min": 0.00409287307411, "dvar2": 0.000887875154149, "dvar": 0.000454867229564, "dmean": 0.0228985697031, "max": 0.511514604092, "var": 0.00304382573813, "mean": 0.21909673512}, "barkbands": {"dmean2": [5.86745518376e-05, 0.00108668080065, 0.000853160745464, 0.00086585135432, 0.00299301813357, 0.00213740160689, 0.00345045351423, 0.00126199214719, 0.00119229464326, 0.000857721897773, 0.000671045563649, 0.000569102936424, 0.000657763972413, 0.000539930770174, 0.000224370363867, 0.000299638079014, 0.000133756635478, 0.000156923604663, 0.000100547309557, 7.75764710852e-05, 3.76650204998e-05, 3.88536136597e-05, 3.34347423632e-05, 3.3232387068e-05, 1.99903188332e-05, 6.73211570756e-06, 1.17054821658e-06], "median": [1.60952695296e-05, 0.00107566930819, 0.000560762302484, 0.000572003773414, 0.00185479805805, 0.00107689376455, 0.00119591108523, 0.000388702756027, 0.000405124737881, 0.00029416277539, 0.000116185547085, 0.000162151060067, 0.000153863147716, 0.000102476296888, 0.000117313575174, 0.000167535836226, 8.2984479377e-05, 9.61436235229e-05, 6.33400122751e-05, 4.20959513576e-05, 2.19043413381e-05, 1.28704159579e-05, 9.12858922675e-06, 5.89954606767e-06, 3.89978913518e-06, 1.25555777686e-06, 2.22564807473e-07], "min": [1.08237534045e-24, 3.10133289038e-24, 8.50545883705e-25, 7.39079196848e-25, 8.3104035119e-24, 8.41218313475e-24, 1.07388345003e-23, 5.9148305524e-24, 2.58501798477e-23, 1.98392285662e-23, 1.80762695934e-23, 1.84771150629e-23, 4.00781350877e-23, 2.73868777357e-23, 4.38271807626e-23, 7.7100708967e-23, 8.83563467566e-23, 1.32120279807e-22, 1.60738638836e-22, 2.14739398972e-22, 2.69100270957e-22, 2.98844416539e-22, 4.25639102686e-22, 6.02646161223e-22, 8.62398796485e-22, 1.27937961431e-21, 2.09621057374e-21], "dvar2": [1.30083188665e-08, 4.77099456475e-06, 1.81052394055e-06, 1.8767527763e-06, 2.57144401985e-05, 2.535