{"tonal": {"thpcp": [1, 0.766632080078, 0.264251381159, 0.200200483203, 0.222956225276, 0.326853007078, 0.747102558613, 0.82091909647, 0.435058623552, 0.330044567585, 0.332408040762, 0.245216473937, 0.227500230074, 0.250983893871, 0.279227346182, 0.42282602191, 0.494696438313, 0.335639864206, 0.217410340905, 0.191569164395, 0.197148695588, 0.393846064806, 0.49105155468, 0.280203014612, 0.138512402773, 0.145991563797, 0.189634755254, 0.396114081144, 0.466282308102, 0.2840090096, 0.216514289379, 0.202135130763, 0.160138487816, 0.150317072868, 0.145425990224, 0.481816053391], "hpcp": {"dmean2": [0.178814157844, 0.182616651058, 0.200030982494, 0.206736579537, 0.223426431417, 0.200762495399, 0.157278046012, 0.145233213902, 0.141233429313, 0.174919426441, 0.191309228539, 0.149315848947, 0.107070632279, 0.106794118881, 0.129779055715, 0.188739076257, 0.208372071385, 0.16816060245, 0.155610188842, 0.143419101834, 0.120501659811, 0.108443714678, 0.1096553877, 0.237677320838, 0.388587296009, 0.28451436758, 0.150858640671, 0.138319730759, 0.140973836184, 0.18881341815, 0.272257208824, 0.288010448217, 0.25167787075, 0.219619587064, 0.195107296109, 0.184965863824], "median": [0.00883493386209, 0.0112380580977, 0.0144765302539, 0.0235019680113, 0.0285974107683, 0.021468501538, 0.011853389442, 0.00845252070576, 0.00883501581848, 0.0198574122041, 0.0256080757827, 0.0203872043639, 0.00633431039751, 0.00434652017429, 0.0120299095288, 0.0362210981548, 0.0445789247751, 0.0278958622366, 0.0143994884565, 0.0121084423736, 0.00959730986506, 0.00725471507758, 0.00735120428726, 0.0443950593472, 0.119053661823, 0.113954856992, 0.0172494072467, 0.00602750573307, 0.0061762155965, 0.0249655228108, 0.0665559247136, 0.0836320370436, 0.0471185818315, 0.0130885401741, 0.00787972658873, 0.00722938217223], "min": [0, 0, 0, 0, 0, 0, 0, 0, 0, 0, 0, 0, 0, 0, 0, 0, 0, 0, 0, 0, 0, 0, 0, 0, 0, 0, 0, 0, 0, 0, 0, 0, 0, 0, 0, 0], "dvar2": [0.113803803921, 0.115062050521, 0.120920911431, 0.109496213496, 0.114639721811, 0.10027167201, 0.0887903049588, 0.0820845514536, 0.0813311263919, 0.089909479022, 0.107030361891, 0.0723960399628, 0.0577816851437, 0.0578979067504, 0.0643277615309, 0.0864090174437, 0.100785255432, 0.0791282430291, 0.0926068350673, 0.0852820649743, 0.0720912367105, 0.0661890879273, 0.0664454698563, 0.0895744040608, 0.202454209328, 0.100925117731, 0.0694701001048, 0.0823424905539, 0.0793060809374, 0.0848952382803, 0.133090436459, 0.145113870502, 0.132543683052, 0.1327406317, 0.129290267825, 0.118166804314], "dvar": [0.0413258075714, 0.0428021363914, 0.0445570014417, 0.043745432049, 0.0485271215439, 0.0385786555707, 0.0326221585274, 0.0301118828356, 0.0294377431273, 0.0376963280141, 0.0461231432855, 0.0268941614777, 0.0204510185868, 0.0209347829223, 0.0235415995121, 0.0344633609056, 0.0413106679916, 0.0291904956102, 0.0338986068964, 0.0311470534652, 0.0262507926673, 0.0240566208959, 0.0236543472856, 0.0380317047238, 0.0981085076928, 0.0470625348389, 0.0254617761821, 0.0301429592073, 0.0300624277443, 0.0323906652629, 0.0571246147156, 0.0626085177064, 0.0492975376546, 0.0481006875634, 0.0475670881569, 0.0427365340292], "dmean": [0.0972839146852, 0.101275213063, 0.110734865069, 0.120155334473, 0.130109772086, 0.11577886343, 0.0882705226541, 0.0810146555305, 0.0798085778952, 0.102621056139, 0.113256126642, 0.0855424255133, 0.0587932132185, 0.0594469197094, 0.0734360441566, 0.112121172249, 0.124324075878, 0.0958015695214, 0.0862759873271, 0.0796353593469, 0.0666161030531, 0.0603179298341, 0.060942787677, 0.131880477071, 0.216105788946, 0.161622732878, 0.0862596333027, 0.0766128376126, 0.0785074084997, 0.107689857483, 0.161208540201, 0.170182332397, 0.142851278186, 0.120862059295, 0.106391333044, 0.100736171007], "max": [1, 1, 1, 1, 1, 1, 1, 1, 1, 1, 1, 1, 1, 1, 1, 1, 1, 1, 1, 1, 1, 1, 1, 1, 1, 1, 1, 1, 1, 1, 1, 1, 1, 1, 1, 1], "var": [0.0328783728182, 0.0382983200252, 0.0397243797779, 0.066218316555, 0.083101823926, 0.0428384244442, 0.026777703315, 0.0244304798543, 0.0250737052411, 0.0610689632595, 0.0884822010994, 0.030319198966, 0.0153595199808, 0.0177862998098, 0.0199810620397, 0.0479628145695, 0.0642386600375, 0.0291779488325, 0.0281570293009, 0.0256397686899, 0.0200240965933, 0.0194503907114, 0.0177574362606, 0.0468149334192, 0.159341901541, 0.0933731496334, 0.0268868934363, 0.03045736067, 0.0376848354936, 0.0350557714701, 0.113772444427, 0.128646448255, 0.0495815910399, 0.0512272939086, 0.0655754804611, 0.0363945402205], "mean": [0.0783045440912, 0.0863875150681, 0.0961087793112, 0.145534798503, 0.170272260904, 0.115525715053, 0.0748316496611, 0.0659372359514, 0.0678576827049, 0.135560020804, 0.169017717242, 0.0964445993304, 0.0476753376424, 0.050249632448, 0.065271422267, 0.136340662837, 0.160492256284, 0.097754612565, 0.0745232328773, 0.0695739910007, 0.0551189407706, 0.0517384558916, 0.0500549636781, 0.165838897228, 0.344195455313, 0.263871282339, 0.0909541249275, 0.0689080953598, 0.0767405182123, 0.112501323223, 0.25714930892, 0.28255662322, 0.149745196104, 0.113599836826, 0.114413335919, 0.084402397275]}, "tuning_equal_tempered_deviation": 0.213431611657, "chords_changes_rate": 0.0766416341066, "key_key": "F", "tuning_diatonic_strength": 0.527424871922, "key_scale": "major", "chords_number_rate": 0.00211823615246, "tuning_frequency": 434.193115234, "tuning_nontempered_energy_ratio": 0.904327511787, "chords_histogram": [5.56518411636, 0, 1.2709416151, 0.0385133847594, 6.37396478653, 0, 0, 0, 0, 0, 0, 0, 0, 0, 0, 1.98343920708, 0.0577700734138, 11.9006357193, 4.89119958878, 5.85403442383, 1.67533218861, 26.1120738983, 29.7515888214, 4.52532243729], "key_strength": 0.576409101486, "chords_key": "A#", "chords_strength": {"dmean2": 0.0115765137598, "median": 0.462611973286, "min": 0.194948226213, "dvar2": 0.000104014572571, "dvar": 8.27353214845e-05, "dmean": 0.011383973062, "max": 0.835302889347, "var": 0.00829465873539, "mean": 0.466724276543}, "chords_scale": "major", "hpcp_entropy": {"dmean2": 1.1092851162, "median": 1.93836951256, "min": 0, "dvar2": 0.905222952366, "dvar": 0.342725008726, "dmean": 0.665632545948, "max": 4.850522995, "var": 0.61486941576, "mean": 1.97467720509}}, "metadata": {"audio_properties": {"equal_loudness": 0, "codec": "flac", "downmix": "mix", "analysis_sample_rate": 44100, "bit_rate": 0, "md5_encoded": "4718c811450514cd30f4db1e39c9f1d8", "length": 241.110992432, "replay_gain": -10.9756908417, "lossless": true}, "version": {"essentia_build_sha": "0a826ad6289770054bb7564d59068f1232327ff9", "essentia": "2.1-beta1", "extractor": "music 1.0", "essentia_git_sha": "v2.1_beta1-5-gf9dded9"}, "tags": {"title": ["When You Walk"], "license": ["http://creativecommons.org/licenses/by-nc-nd/3.0/"], "albumartist": ["Various Artists"], "date": ["2008-06"], "file_name": "02 - When You Walk.flac", "tracktotal": ["10"], "musicbrainz_releasegroupid": ["c3593a35-fbb1-386c-abb4-16825b0e6d82"], "disctotal": ["1"], "musicbrainz_recordingid": ["01fc68a1-1b68-49b1-870e-03e940c47beb"], "musicbrainz_albumartistid": ["89ad4ac3-39f7-470e-963a-56509c546377"], "musicbrainz_albumid": ["01bdff33-5261-4fba-b9ff-45d31a634f47"], "musicbrainz_releasetrackid": ["b9ae7a63-f929-3092-87e9-50b0b6e24933"], "artist": ["Pipo Pegoraro"], "tracknumber": ["2"], "releasetype": ["album", "compilation"], "album": ["netBloc, Volume 14: Kills 99:.9% of Bacterium Poppus Radiolus!"], "totaltracks": ["10"], "totaldiscs": ["1"], "musicbrainz_artistid": ["e9da2343-bb07-43e4-a05c-146a97f9c7b8"], "discnumber": ["1"]}}, "rhythm": {"bpm_histogram_first_peak_bpm": {"dmean2": 0, "median": 96, "min": 96, "dvar2": 0, "dvar": 0, "dmean": 0, "max": 96, "var": 0, "mean": 96}, "bpm": 95.8817520142, "bpm_histogram_second_peak_spread": {"dmean2": 0, "median": 0.5, "min": 0.5, "dvar2": 0, "dvar": 0, "dmean": 0, "max": 0.5, "var": 0, "mean": 0.5}, "bpm_histogram_first_peak_weight": {"dmean2": 0, "median": 0.681462168694, "min": 0.681462168694, "dvar2": 0, "dvar": 0, "dmean": 0, "max": 0.681462168694, "var": 0, "mean": 0.681462168694}, "onset_rate": 4.48725032806, "beats_position": [0.615328788757, 1.26548755169, 1.90403628349, 2.53097510338, 3.15791368484, 3.78485250473, 4.41179132462, 5.0387301445, 5.66566896439, 6.29260778427, 6.91954612732, 7.55809497833, 8.18503379822, 8.80036258698, 9.42730140686, 10.0658502579, 10.6811790466, 11.2965078354, 11.9118366241, 12.538775444, 13.1541042328, 13.7810430527, 14.4195919037, 15.0465307236, 15.6618595123, 16.2887973785, 16.904127121, 17.5310649872, 18.1580047607, 18.784942627, 19.4002723694, 20.0388202667, 20.6657600403, 21.2926979065, 21.8964176178, 22.523355484, 23.1502952576, 23.7772331238, 24.40417099, 25.0311107635, 25.6580486298, 26.2849884033, 26.9119262695, 27.5388660431, 28.1658039093, 28.7927436829, 29.4196815491, 30.0466213226, 30.6735591888, 31.3004989624, 31.9274368286, 32.5543746948, 33.1697044373, 33.7850341797, 34.4119720459, 35.0389099121, 35.6658477783, 36.2927894592, 36.8965072632, 37.5234451294, 38.1503829956, 38.7773246765, 39.4042625427, 40.0312004089, 40.6581382751, 41.2850799561, 41.9120178223, 42.5389556885, 43.1658935547, 43.7928352356, 44.4197731018, 45.046710968, 45.6736488342, 46.3005905151, 46.9159164429, 47.5544662476, 48.1814041138, 48.80834198, 49.4236717224, 50.0390014648, 50.6659393311, 51.2928771973, 51.9198188782, 52.5467567444, 53.1620864868, 53.8006324768, 54.4275741577, 55.0545120239, 55.6814498901, 56.3083877563, 56.912109375, 57.5390472412, 58.1659851074, 58.7929229736, 59.4198646545, 60.0468025208, 60.6621322632, 61.2774581909, 61.9043960571, 62.531337738, 63.1582756042, 63.7852134705, 64.4121551514, 65.0274810791, 65.6544189453, 66.29296875, 66.9431304932, 67.5816802979, 68.2202224731, 68.8587722778, 69.508934021, 70.1707000732, 70.8092498779, 71.4942398071, 72.1908340454, 72.8758239746, 73.5724258423, 74.2574157715, 74.8959655762, 75.5345077515, 76.1614532471, 76.8116073608, 77.4501571655, 78.0887069702, 78.7272567749, 79.3774108887, 80.0159606934, 80.654510498, 81.2930603027, 81.9199981689, 82.5469360352, 83.1738739014, 83.8008117676, 84.4277572632, 85.0546951294, 85.6816329956, 86.3085708618, 86.935508728, 87.5624465942, 88.177772522, 88.7931060791, 89.4200439453, 90.0469818115, 90.6739196777, 91.3008575439, 91.9277954102, 92.5431289673, 93.1700668335, 93.7970046997, 94.4239425659, 95.0508804321, 95.6778182983, 96.2931518555, 96.9200897217, 97.5470275879, 98.1739654541, 98.8009033203, 99.4278411865, 100.043174744, 100.658500671, 101.285438538, 101.912376404, 102.53931427, 103.154647827, 103.793197632, 104.420135498, 105.047073364, 105.67401123, 106.300949097, 106.927886963, 107.554824829, 108.181770325, 108.808708191, 109.424034119, 110.039360046, 110.666305542, 111.293243408, 111.920181274, 112.547119141, 113.162445068, 113.800994873, 114.427932739, 115.054870605, 115.658592224, 116.28553009, 116.912467957, 117.539405823, 118.166343689, 118.793289185, 119.420227051, 120.047164917, 120.674102783, 121.301040649, 121.927978516, 122.531700134, 123.158638, 123.785575867, 124.412513733, 125.039451599, 125.666389465, 126.293327332, 126.920272827, 127.547210693, 128.17414856, 128.789474487, 129.428024292, 130.04335022, 130.658676147, 131.285614014, 131.912567139, 132.539505005, 133.166442871, 133.793380737, 134.420318604, 135.04725647, 135.662582397, 136.277908325, 136.893234253, 137.531784058, 138.158721924, 138.78565979, 139.412597656, 140.039550781, 140.666488647, 141.293426514, 141.92036438, 142.547302246, 143.174240112, 143.801177979, 144.416503906, 145.031829834, 145.647155762, 146.285705566, 146.912643433, 147.539596558, 148.166534424, 148.79347229, 149.420410156, 150.035736084, 150.674285889, 151.301223755, 151.928161621, 152.555099487, 153.182037354, 153.80897522, 154.435913086, 155.062850952, 155.689788818, 156.305114746, 156.908843994, 157.524169922, 158.13949585, 158.778045654, 159.404983521, 160.031921387, 160.670471191, 161.309020996, 161.924346924, 162.55128479, 163.178222656, 163.793563843, 164.420501709, 165.047439575, 165.674377441, 166.301315308, 166.928253174, 167.55519104, 168.182128906, 168.797454834, 169.4243927, 170.039718628, 170.666656494, 171.293609619, 171.920547485, 172.547485352, 173.186035156, 173.801361084, 174.42829895, 175.055236816, 175.682174683, 176.309112549, 176.924438477, 177.539764404, 178.166702271, 178.793640137, 179.420593262, 180.047531128, 180.662857056, 181.30140686, 181.928344727, 182.555282593, 183.182220459, 183.809158325, 184.424484253, 185.039810181, 185.666748047, 186.293685913, 186.920639038, 187.547576904, 188.174514771, 188.801452637, 189.428390503, 190.055328369, 190.670654297, 191.285980225, 191.912918091, 192.539855957, 193.166793823, 193.793731689, 194.420669556, 195.047622681, 195.662948608, 196.301498413, 196.928436279, 197.555374146, 198.182312012, 198.809249878, 199.424575806, 200.039901733, 200.6668396, 201.293777466, 201.920715332, 202.547653198, 203.162994385, 203.801544189, 204.428482056, 205.055419922, 205.659133911, 206.286071777, 206.913009644, 207.53994751, 208.166885376, 208.793823242, 209.420761108, 210.047698975, 210.6746521, 211.301589966, 211.916915894, 212.555465698, 213.182403564, 213.809341431, 214.424667358, 215.039993286, 215.666931152, 216.293869019, 216.920806885, 217.547744751, 218.174682617, 218.801635742, 219.428573608, 220.055511475, 220.682449341, 221.309387207, 221.924713135, 222.540039062, 223.166976929, 223.793914795, 224.409240723, 225.036193848, 225.651519775, 226.278457642, 226.882171631, 227.532333374, 228.15927124, 228.786209106, 229.413146973, 230.040084839, 230.667022705, 231.293960571, 231.920898438, 232.536224365, 233.151565552, 233.778503418, 234.405441284, 235.03237915, 235.659317017, 236.286254883, 236.889968872, 237.528518677, 238.167068481, 238.794006348, 239.420944214, 240.04788208, 240.674819946], "beats_loudness": {"dmean2": 0.100492186844, "median": 0.0410499051213, "min": 1.37101290321e-08, "dvar2": 0.00875511858612, "dvar": 0.0035963896662, "dmean": 0.0580281242728, "max": 0.278455108404, "var": 0.00400660606101, "mean": 0.0651677399874}, "danceability": 1.27983307838, "bpm_histogram_second_peak_weight": {"dmean2": 0, "median": 0.00783289782703, "min": 0.00783289782703, "dvar2": 0, "dvar": 0, "dmean": 0, "max": 0.00783289782703, "var": 0, "mean": 0.00783289782703}, "beats_count": 384, "bpm_histogram_second_peak_bpm": {"dmean2": 0, "median": 88, "min": 88, "dvar2": 0, "dvar": 0, "dmean": 0, "max": 88, "var": 0, "mean": 88}, "bpm_histogram_first_peak_spread": {"dmean2": 0, "median": 0.307692289352, "min": 0.307692289352, "dvar2": 0, "dvar": 0, "dmean": 0, "max": 0.307692289352, "var": 0, "mean": 0.307692289352}, "beats_loudness_band_ratio": {"dmean2": [0.532817602158, 0.268397420645, 0.233296617866, 0.175892710686, 0.22705322504, 0.15302233398], "median": [0.540416002274, 0.072302505374, 0.0704776197672, 0.0415864475071, 0.0307199824601, 0.02018452622], "min": [0.000370245805243, 0.000278862833511, 0.000349804118741, 0.000610389048234, 1.23302640986e-06, 1.39202734317e-06], "dvar2": [0.15723285079, 0.0831473097205, 0.0641606971622, 0.0293506234884, 0.0508690141141, 0.0293707251549], "dvar": [0.059649515897, 0.0302108563483, 0.0215951688588, 0.0109762037173, 0.0151847824454, 0.0104998545721], "dmean": [0.303258538246, 0.150168389082, 0.128765270114, 0.0967614725232, 0.1208833009, 0.0831922441721], "max": [0.994287371635, 0.852355539799, 0.799611449242, 0.792590677738, 0.562314093113, 0.786153912544], "var": [0.108952909708, 0.0375449508429, 0.0265876054764, 0.0121875740588, 0.0136501872912, 0.00939754862338], "mean": [0.532263100147, 0.154634699225, 0.132609352469, 0.0796715393662, 0.0859947875142, 0.0588273815811]}}, "lowlevel": {"barkbands_spread": {"dmean2": 12.7123117447, "median": 11.2480611801, "min": 0.141946971416, "dvar2": 393.811950684, "dvar": 183.287948608, "dmean": 8.36048412323, "max": 131.639160156, "var": 363.068817139, "mean": 17.5264625549}, "melbands_spread": {"dmean2": 12.7299900055, "median": 10.1194229126, "min": 0.0569473132491, "dvar2": 647.239929199, "dvar": 299.209625244, "dmean": 8.33257293701, "max": 280.979705811, "var": 618.253234863, "mean": 17.2651500702}, "hfc": {"dmean2": 15.5552768707, "median": 12.7432785034, "min": 1.22993233818e-16, "dvar2": 916.297485352, "dvar": 373.44052124, "dmean": 10.3837566376, "max": 274.388122559, "var": 499.804046631, "mean": 19.0025272369}, "barkbands_kurtosis": {"dmean2": 20.9449672699, "median": 5.21633720398, "min": -1.96057617664, "dvar2": 6173.76806641, "dvar": 3354.1706543, "dmean": 14.8822689056, "max": 1913.24084473, "var": 5849.88134766, "mean": 21.5126857758}, "gfcc": {"mean": [-57.574848175, 97.2778244019, -80.7047805786, 10.6418838501, -47.4397468567, 12.4967737198, -31.4873847961, 10.0205926895, -20.0659351349, -0.597945153713, -14.8259115219, -2.6232213974, -13.6920862198], "icov": [[0.000105865190562, -3.98708762077e-05, 5.24748465978e-05, -0.000129878288135, 3.74681803805e-05, -9.79729375103e-05, 5.26300864294e-05, -0.000276464154013, 0.000260515545961, -0.000375029398128, 0.00039527376066, -0.000377504300559, 0.000224726783927], [-3.98708762077e-05, 0.000723872857634, -0.000154680426931, 0.000460548500996, -0.000306632427964, 0.000524544157088, -0.000576505728532, 0.000275459693512, -0.000701136654243, 0.00134950457141, -0.00121210399084, 0.000767405726947, -0.000562054279726], [5.24748465978e-05, -0.000154680426931, 0.000589874107391, -0.000123159159557, 0.000185458018677, -0.000319466256769, -7.13232366252e-05, -4.02788318752e-05, -2.65759917966e-05, -0.000160654701176, 0.000323627959006, -6.04441556789e-05, -0.000148505656398], [-0.000129878288135, 0.000460548500996, -0.000123159159557, 0.00153874768876, -0.000751262996346, -2.57265928667e-05, 0.000258388958173, -5.24433562532e-05, -0.000618130667135, 0.000548045209143, -0.000662923615891, 0.000537796469871, -0.000886557274498], [3.74681803805e-05, -0.000306632427964, 0.000185458018677, -0.000751262996346, 0.00234643230215, -0.000394946400775, -0.000361725949915, -0.000878845865373, -0.00041522065294, -0.000489028752781, -1.76904195541e-05, 0.000775503285695, -0.000471782608656], [-9.79729375103e-05, 0.000524544157088, -0.000319466256769, -2.57265928667e-05, -0.000394946400775, 0.00450731394812, -0.00213788938709, -0.000335566059221, -0.000288916460704, -0.00038251458318, -0.00013388057414, -0.00110447651241, 0.00146096688695], [5.26300864294e-05, -0.000576505728532, -7.13232366252e-05, 0.000258388958173, -0.000361725949915, -0.00213788938709, 0.00477186217904, -0.000543816247955, -8.65983820404e-05, -0.000904131156858, -0.000409773376305, 0.0004410155816, -0.000874359218869], [-0.000276464154013, 0.000275459693512, -4.02788318752e-05, -5.24433562532e-05, -0.000878845865373, -0.000335566059221, -0.000543816247955, 0.00749147450551, -0.00280542112887, 0.000686265528202, 0.000211040882277, -0.00173070596065, 0.000880712002981], [0.000260515545961, -0.000701136654243, -2.65759917966e-05, -0.000618130667135, -0.00041522065294, -0.000288916460704, -8.65983820404e-05, -0.00280542112887, 0.0107424333692, -0.00487295817584, -0.000429084757343, 0.00072299601743, -0.00204649963416], [-0.000375029398128, 0.00134950457141, -0.000160654701176, 0.000548045209143, -0.000489028752781, -0.00038251458318, -0.000904131156858, 0.000686265528202, -0.00487295817584, 0.0136339785531, -0.00515896873549, 0.00135425373446, -0.00136345194187], [0.00039527376066, -0.00121210399084, 0.000323627959006, -0.000662923615891, -1.76904195541e-05, -0.00013388057414, -0.000409773376305, 0.000211040882277, -0.000429084757343, -0.00515896873549, 0.0150233786553, -0.00686703296378, 0.000902529864106], [-0.000377504300559, 0.000767405726947, -6.04441556789e-05, 0.000537796469871, 0.000775503285695, -0.00110447651241, 0.0004410155816, -0.00173070596065, 0.00072299601743, 0.00135425373446, -0.00686703296378, 0.0156655721366, -0.00448859576136], [0.000224726783927, -0.000562054279726, -0.000148505656398, -0.000886557274498, -0.000471782608656, 0.00146096688695, -0.000874359218869, 0.000880712002981, -0.00204649963416, -0.00136345194187, 0.000902529864106, -0.00448859576136, 0.0130556281656]], "cov": [[24547.8066406, -6007.91308594, -2140.97167969, 2976.92504883, 358.03237915, 1340.78125, -470.548980713, 1250.51379395, -274.302093506, 715.83795166, -413.635742188, 636.32220459, -477.233764648], [-6007.91308594, 4772.25537109, 1028.44543457, -1330.01367188, 177.665252686, -534.500549316, 503.671478271, -343.653808594, 229.45249939, -300.199523926, 262.650665283, -221.499862671, 263.698730469], [-2140.97167969, 1028.44543457, 2148.60742188, -204.310592651, -0.86932271719, 50.4357528687, 228.800201416, -68.6770553589, 107.225753784, -32.9365615845, 56.4441261292, -45.9020462036, 99.6595611572], [2976.92504883, -1330.01367188, -204.310592651, 1461.76391602, 428.236999512, 282.602996826, -56.6990509033, 266.589141846, 96.614151001, 181.015716553, -11.366894722, 95.8454284668, 18.2952842712], [358.03237915, 177.665252686, -0.86932271719, 428.236999512, 760.687194824, 152.042175293, 180.54637146, 163.023040771, 168.749252319, 103.118850708, 67.0187530518, 5.87106609344, 76.7309951782], [1340.78125, -534.500549316, 50.4357528687, 282.602996826, 152.042175293, 452.852661133, 148.582901001, 147.342178345, 47.6103096008, 111.650932312, 13.1235618591, 71.1264572144, -28.8257656097], [-470.548980713, 503.671478271, 228.800201416, -56.6990509033, 180.54637146, 148.582901001, 395.525726318, 47.6732902527, 103.682167053, 47.4203987122, 74.3452453613, 3.04455709457, 58.8178405762], [1250.51379395, -343.653808594, -68.6770553589, 266.589141846, 163.023040771, 147.342178345, 47.6732902527, 256.439239502, 71.6835708618, 79.6491928101, 8.51035118103, 59.1335906982, -4.40426015854], [-274.302093506, 229.45249939, 107.225753784, 96.614151001, 168.749252319, 47.6103096008, 103.682167053, 71.6835708618, 196.802398682, 77.1973800659, 62.567779541, 8.94932365417, 62.9211959839], [715.83795166, -300.199523926, -32.9365615845, 181.015716553, 103.118850708, 111.650932312, 47.4203987122, 79.6491928101, 77.1973800659, 162.385162354, 43.0002784729, 41.7182884216, 16.1367378235], [-413.635742188, 262.650665283, 56.4441261292, -11.366894722, 67.0187530518, 13.1235618591, 74.3452453613, 8.51035118103, 62.567779541, 43.0002784729, 129.70854187, 36.3702430725, 41.4914970398], [636.32220459, -221.499862671, -45.9020462036, 95.8454284668, 5.87106609344, 71.1264572144, 3.04455709457, 59.1335906982, 8.94932365417, 41.7182884216, 36.3702430725, 114.38419342, 16.536611557], [-477.233764648, 263.698730469, 99.6595611572, 18.2952842712, 76.7309951782, -28.8257656097, 58.8178405762, -4.40426015854, 62.9211959839, 16.1367378235, 41.4914970398, 16.536611557, 123.138420105]]}, "spectral_energyband_middle_low": {"dmean2": 0.0126886703074, "median": 0.00684628961608, "min": 4.35304807098e-22, "dvar2": 0.00116886640899, "dvar": 0.000411338551203, "dmean": 0.0075168912299, "max": 0.198424220085, "var": 0.00031869878876, "mean": 0.011780099012}, "melbands_crest": {"dmean2": 5.82108354568, "median": 17.2792682648, "min": 3.1805768013, "dvar2": 33.9523735046, "dvar": 14.1237401962, "dmean": 3.68129372597, "max": 39.5378761292, "var": 67.0151672363, "mean": 18.9258232117}, "spectral_kurtosis": {"dmean2": 21.57771492, "median": 5.95046329498, "min": -1.31976699829, "dvar2": 9003.30371094, "dvar": 3278.48266602, "dmean": 12.8859109879, "max": 1350.3782959, "var": 13815.2568359, "mean": 35.220954895}, "spectral_rms": {"dmean2": 0.0015240086941, "median": 0.00556294620037, "min": 3.29781037547e-12, "dvar2": 3.36386256095e-06, "dvar": 1.91673984773e-06, "dmean": 0.0010696768295, "max": 0.017748689279, "var": 1.40740212373e-05, "mean": 0.00583225069568}, "zerocrossingrate": {"dmean2": 0.0204892363399, "median": 0.0361328125, "min": 0.0009765625, "dvar2": 0.000896765326615, "dvar": 0.000720924814232, "dmean": 0.0173911638558, "max": 0.81640625, "var": 0.00349513906986, "mean": 0.0522940978408}, "silence_rate_60dB": {"dmean2": 0.0716555938125, "median": 0, "min": 0, "dvar2": 0.0755683779716, "dvar": 0.0345395207405, "dmean": 0.0358243435621, "max": 1, "var": 0.127663344145, "mean": 0.150216653943}, "erbbands_kurtosis": {"dmean2": 2.95496368408, "median": 0.384731531143, "min": -1.91616284847, "dvar2": 28.3417205811, "dvar": 12.6317653656, "dmean": 1.88898038864, "max": 116.226982117, "var": 21.9762916565, "mean": 1.80751478672}, "erbbands": {"dmean2": [0.712573409081, 3.36831283569, 9.02535533905, 14.7269525528, 20.0210933685, 15.1415290833, 9.62695407867, 7.3145570755, 12.9874258041, 22.1105804443, 25.2199287415, 37.8850021362, 28.3424987793, 24.2993812561, 19.8449306488, 38.3123092651, 24.236410141, 19.994052887, 17.4813480377, 28.5538654327, 22.4618606567, 15.7735891342, 18.7596607208, 12.1442890167, 9.06663417816, 6.13895893097, 4.66394376755, 5.34199571609, 4.27886009216, 3.78826570511, 3.99385666847, 3.58490204811, 3.38868570328, 2.33389425278, 2.14004993439, 0.945838809013, 0.311632812023, 0.0634692236781, 0.0108566097915, 0.000718917464837], "median": [0.169668003917, 0.518165946007, 0.969625592232, 1.96773290634, 3.7759578228, 4.48738241196, 3.26415252686, 2.7936193943, 4.30107069016, 7.22712135315, 8.63640785217, 8.65937137604, 6.89141654968, 4.65854024887, 4.20078086853, 5.56202554703, 4.22899484634, 4.59086942673, 3.78115344048, 3.3926858902, 2.9449596405, 2.96520805359, 3.23827457428, 2.35209536552, 1.77931022644, 1.52720916271, 0.873776912689, 0.61081725359, 0.751843929291, 0.707619905472, 0.642416059971, 0.495655626059, 0.282854884863, 0.190140321851, 0.146777004004, 0.0744189918041, 0.0206348951906, 0.00312842964195, 0.000367471366189, 7.62142881285e-05], "min": [2.21208437048e-22, 1.60542155672e-21, 5.50318172432e-21, 3.61893553632e-20, 7.0504183749e-20, 2.02071706271e-19, 7.05223791375e-19, 5.72039854538e-19, 3.73835799242e-19, 5.0640317633e-19, 3.28210894798e-18, 3.06921809411e-18, 1.11521803334e-18, 9.34400900925e-19, 1.93991720745e-18, 7.33157060276e-18, 5.6423664623e-18, 9.01230234579e-18, 5.40542057583e-18, 7.80459797195e-18, 8.05531724279e-18, 9.33095878753e-18, 8.45131341744e-18, 1.64909655138e-17, 1.31750978775e-17, 1.78977184943e-17, 1.61891421975e-17, 2.10220061377e-17, 1.79850770388e-17, 1.50942627777e-17, 1.29027114376e-17, 1.4328066883e-17, 1.81095247076e-17, 1.07842166893e-17, 1.19917490096e-17, 8.60659341639e-18, 3.26823795629e-18, 1.5313944164e-18, 3.12526076968e-19, 3.73551565766e-20], "dvar2": [1.84130454063, 79.1583938599, 942.131164551, 2931.7722168, 4386.39990234, 1387.38342285, 559.518371582, 267.003936768, 1328.71350098, 5623.38916016, 3321.58032227, 7746.20996094, 4718.10986328, 11320.6660156, 3262.57495117, 14668.3212891, 5839.71386719, 1973.88305664, 1725.06384277, 11094.5849609, 6963.22314453, 1900.13024902, 2662.58911133, 1380.71691895, 866.133117676, 296.259460449, 173.649276733, 362.036682129, 137.075561523, 94.1028213501, 88.6926956177, 77.1213302612, 93.5975341797, 41.2950363159, 41.3144264221, 7.74790239334, 0.825466871262, 0.0588026978076, 0.00279232813045, 1.28128631331e-05], "dvar": [1.07039821148, 41.7844657898, 361.356292725, 1051.1854248, 1514.69494629, 512.460205078, 267.237548828, 125.336265564, 549.801879883, 2318.65112305, 1607.77282715, 3411.53198242, 2032.24743652, 4229.0078125, 1279.77294922, 6278.23925781, 2395.89672852, 914.760498047, 754.768859863, 4070.63525391, 2554.91162109, 813.177001953, 1091.08251953, 584.484313965, 357.305938721, 135.589492798, 75.5039138794, 143.795822144, 61.1126174927, 39.561794281, 37.5941963196, 33.4294166565, 39.9654922485, 17.9599723816, 16.3748531342, 2.94572734833, 0.332247614861, 0.0222628880292, 0.00102270243224, 4.63744936496e-06], "dmean": [0.496668964624, 2.44252848625, 5.4131064415, 8.25170898438, 11.2968082428, 9.21366596222, 6.19093751907, 4.73097896576, 8.38884449005, 14.1319484711, 16.9611129761, 24.7125720978, 18.2687358856, 15.5455207825, 12.2776060104, 24.3530807495, 15.5469770432, 13.1124477386, 11.2025527954, 17.2693786621, 13.4015083313, 9.95902919769, 11.7095365524, 7.80386972427, 5.86972618103, 4.15217733383, 3.09997487068, 3.44496750832, 2.85264825821, 2.48128819466, 2.559705019, 2.35197114944, 2.17724299431, 1.50044751167, 1.30550646782, 0.574135541916, 0.19594578445, 0.0389966480434, 0.00645989598706, 0.000428174709668], "max": [13.3702850342, 70.1189880371, 214.194473267, 313.532440186, 437.291381836, 306.365386963, 599.844421387, 326.163818359, 637.991088867, 1233.28869629, 1004.43798828, 1289.47338867, 1002.06542969, 3080.33911133, 788.291442871, 2422.57299805, 1775.27392578, 736.111083984, 492.957092285, 818.111022949, 741.402160645, 449.980957031, 522.15234375, 350.983856201, 554.090942383, 174.578872681, 148.096618652, 182.59588623, 154.780029297, 183.854919434, 119.635040283, 92.2470169067, 104.33820343, 65.5461349487, 43.6686096191, 29.8785076141, 10.6677703857, 3.64193892479, 0.802668869495, 0.0552980229259], "var": [4.06621837616, 75.1224517822, 293.935302734, 655.512207031, 973.285888672, 672.141662598, 786.604980469, 311.341339111, 909.688598633, 2913.48071289, 3470.5378418, 6889.06298828, 4087.71801758, 5539.89794922, 1895.92773438, 10250.3710938, 4584.27294922, 1822.14733887, 1186.30944824, 3412.44604492, 2266.49902344, 1116.08203125, 1373.05053711, 650.725097656, 417.226715088, 180.002853394, 94.0597305298, 134.113052368, 74.382194519, 58.4700889587, 51.4040336609, 44.0104751587, 41.7429046631, 18.7428207397, 13.9533748627, 2.40353941917, 0.299801647663, 0.0172130670398, 0.000693770998623, 3.0733949643e-06], "mean": [1.0353833437, 3.75043511391, 6.32243013382, 7.29129981995, 12.3653059006, 13.5658187866, 10.1473674774, 7.92424154282, 12.8760681152, 19.8352966309, 27.67070961, 37.6362380981, 27.743391037, 21.5558433533, 16.9644527435, 33.1614875793, 22.2191162109, 19.6250896454, 15.477473259, 18.3927631378, 15.4101276398, 13.4261751175, 14.4797668457, 9.77839851379, 7.2595539093, 5.41261005402, 3.87609910965, 3.59451985359, 3.40986514091, 3.24614143372, 3.12758278847, 2.72416090965, 2.22290635109, 1.51527190208, 1.20845246315, 0.538737297058, 0.18261000514, 0.0345874354243, 0.00528627401218, 0.000398015574319]}, "spectral_strongpeak": {"dmean2": 0.595622718334, "median": 0.368042886257, "min": 0, "dvar2": 1.08210134506, "dvar": 0.439315617085, "dmean": 0.358899146318, "max": 8.25034141541, "var": 0.760129392147, "mean": 0.669460713863}, "spectral_energy": {"dmean2": 0.0233371201903, "median": 0.0317200310528, "min": 1.11474421717e-20, "dvar2": 0.00118490052409, "dvar": 0.000676117371768, "dmean": 0.0161272548139, "max": 0.322891354561, "var": 0.00323249096982, "mean": 0.0492914021015}, "average_loudness": 0.857597887516, "spectral_rolloff": {"dmean2": 1263.60864258, "median": 538.330078125, "min": 21.533203125, "dvar2": 8751558, "dvar": 3773001, "dmean": 742.688293457, "max": 20758.0078125, "var": 5960742, "mean": 1309.67871094}, "spectral_centroid": {"dmean2": 441.929656982, "median": 826.86114502, "min": 95.2615432739, "dvar2": 418499.53125, "dvar": 214773.5, "dmean": 303.715270996, "max": 10028.4746094, "var": 620030.1875, "mean": 1038.72473145}, "pitch_salience": {"dmean2": 0.132870405912, "median": 0.505532026291, "min": 0.0168298073113, "dvar2": 0.0174543950707, "dvar": 0.00803990010172, "dmean": 0.0863045826554, "max": 0.938877344131, "var": 0.0335352607071, "mean": 0.480484604836}, "spectral_energyband_middle_high": {"dmean2": 0.00305182114244, "median": 0.00147327466402, "min": 1.63756083547e-21, "dvar2": 5.19644818269e-05, "dvar": 2.12770846701e-05, "dmean": 0.00205338560045, "max": 0.0903072357178, "var": 4.14101741626e-05, "mean": 0.00382802821696}, "spectral_contrast_coeffs": {"dmean2": [0.0800990983844, 0.0746878162026, 0.0645016878843, 0.0554483607411, 0.0393887907267, 0.0323813259602], "median": [-0.650508165359, -0.750426232815, -0.768932580948, -0.795823633671, -0.801739454269, -0.80906611681], "min": [-0.957197487354, -0.973080813885, -0.963814377785, -0.956951379776, -0.962988078594, -0.966929733753], "dvar2": [0.00532844522968, 0.00433747377247, 0.0030129996594, 0.00216154195368, 0.00124164193403, 0.000911239418201], "dvar": [0.00243399874307, 0.00189479580149, 0.00136518396903, 0.000992535497062, 0.00056612235494, 0.000446288904641], "dmean": [0.0531612224877, 0.0478427968919, 0.0418732278049, 0.035899784416, 0.0256872046739, 0.0214806254953], "max": [-0.212230846286, -0.222857072949, -0.366814494133, -0.489951044321, -0.532227993011, -0.588079333305], "var": [0.0154708987102, 0.00854435004294, 0.00720714777708, 0.0046786875464, 0.00322371115908, 0.00289149605669], "mean": [-0.630024909973, -0.73433816433, -0.75724619627, -0.783463180065, -0.799455881119, -0.811097443104]}, "melbands_skewness": {"dmean2": 1.96772515774, "median": 2.93482995033, "min": -3.52263426781, "dvar2": 7.48767948151, "dvar": 3.61454749107, "dmean": 1.33370101452, "max": 64.1635437012, "var": 13.6937570572, "mean": 3.89781808853}, "spectral_spread": {"dmean2": 1677231.375, "median": 4534707.5, "min": 92695.0703125, "dvar2": 5087923535870.0, "dvar": 2780701655040.0, "dmean": 1183962.25, "max": 41718376, "var": 9670703972350.0, "mean": 5132614}, "dissonance": {"dmean2": 0.0409807749093, "median": 0.460755586624, "min": 0.0278300233185, "dvar2": 0.00232180696912, "dvar": 0.000938433513511, "dmean": 0.0252350755036, "max": 0.500000059605, "var": 0.00586195662618, "mean": 0.435029536486}, "spectral_skewness": {"dmean2": 0.858536958694, "median": 1.97300922871, "min": -0.126080676913, "dvar2": 3.31085109711, "dvar": 1.32242846489, "dmean": 0.564297735691, "max": 28.8055381775, "var": 14.3316106796, "mean": 2.96936535835}, "spectral_flux": {"dmean2": 0.0520838797092, "median": 0.0787504166365, "min": 1.05581446364e-10, "dvar2": 0.00388675299473, "dvar": 0.00254892767407, "dmean": 0.0374492406845, "max": 0.587095856667, "var": 0.00808852165937, "mean": 0.0986352562904}, "spectral_contrast_valleys": {"dmean2": [0.648015379906, 0.669981241226, 0.634410500526, 0.611007750034, 0.576397895813, 0.70282292366], "median": [-6.92521238327, -7.00907039642, -7.6572842598, -8.13513183594, -8.12020969391, -10.2376718521], "min": [-27.2374515533, -26.4355564117, -27.1210021973, -27.1730079651, -27.2926063538, -27.2180194855], "dvar2": [0.395463466644, 0.491989374161, 0.42482405901, 0.42195174098, 0.459409832954, 0.664176821709], "dvar": [0.215397462249, 0.246375784278, 0.229299202561, 0.240177571774, 0.269713401794, 0.368936657906], "dmean": [0.422809749842, 0.441207677126, 0.429997563362, 0.428804606199, 0.430008471012, 0.538550794125], "max": [-5.05606603622, -4.85123825073, -5.23342084885, -5.46690225601, -5.27673339844, -7.5521979332], "var": [3.07930994034, 1.5264788866, 1.98065471649, 3.20552706718, 4.15608072281, 4.03608608246], "mean": [-7.62680387497, -7.22459316254, -7.88896226883, -8.52427768707, -8.6697177887, -10.7457199097]}, "erbbands_flatness_db": {"dmean2": 0.0373410321772, "median": 0.151100665331, "min": 0.0248648095876, "dvar2": 0.00148062745575, "dvar": 0.000749652215745, "dmean": 0.0261673722416, "max": 0.578128457069, "var": 0.00999911222607, "mean": 0.175786107779}, "spectral_energyband_high": {"dmean2": 0.00101341004483, "median": 0.000187797646504, "min": 8.1257101966e-21, "dvar2": 5.73820989302e-06, "dvar": 2.41208567786e-06, "dmean": 0.000668511318509, "max": 0.0216989163309, "var": 2.65822586698e-06, "mean": 0.000771259423345}, "spectral_entropy": {"dmean2": 0.385134071112, "median": 7.41522359848, "min": 3.63881635666, "dvar2": 0.199327036738, "dvar": 0.106712549925, "dmean": 0.279639780521, "max": 9.79206371307, "var": 0.855056405067, "mean": 7.21988010406}, "silence_rate_20dB": {"dmean2": 0, "median": 1, "min": 1, "dvar2": 0, "dvar": 0, "dmean": 0, "max": 1, "var": 0, "mean": 1}, "melbands_flatness_db": {"dmean2": 0.0585503838956, "median": 0.25962433219, "min": 0.00987239275128, "dvar2": 0.00389498146251, "dvar": 0.00212292047217, "dmean": 0.0428883247077, "max": 0.855320036411, "var": 0.0226311739534, "mean": 0.297210931778}, "barkbands": {"dmean2": [0.00319940061308, 0.0165871884674, 0.00898265372962, 0.00593269150704, 0.00490126572549, 0.000971909204964, 0.0012898897985, 0.00106716330629, 0.00148157111835, 0.000741471827496, 0.000611014722381, 0.000861614360474, 0.000539562257472, 0.000434019166278, 0.000441358366515, 0.0004832962004, 0.000290404015686, 0.000321369851008, 0.000215346793993, 0.000133156165248, 0.000126439656015, 0.000115875547635, 0.000129909909447, 0.000189674596186, 0.000252532219747, 0.000182806761586, 6.3165971369e-05], "median": [0.000520954374224, 0.0044407621026, 0.000902773055714, 0.000443565280875, 0.00168879888952, 0.000379449920729, 0.000319325830787, 0.000344001542544, 0.00031182586099, 0.000155236557475, 9.6229108749e-05, 0.000119966964121, 7.67072051531e-05, 7.3664887168e-05, 6.16088000243e-05, 4.65042576252e-05, 5.2887298807e-05, 5.41879635421e-05, 3.70517373085e-05, 3.30724869855e-05, 1.60198724188e-05, 2.21072805289e-05, 2.2789437935e-05, 2.03322797461e-05, 2.02691753657e-05, 1.34706360768e-05, 1.92021138901e-06], "min": [6.52630503903e-24, 7.67613252283e-24, 5.66846179752e-24, 1.60488087146e-23, 7.09459215211e-23, 7.37372269482e-23, 2.75388628331e-23, 8.58794623537e-23, 1.41566807106e-22, 2.95421309257e-23, 3.44753577935e-23, 1.53119492047e-22, 1.25657640971e-22, 1.86395765487e-22, 9.63565827824e-23, 1.48600088988e-22, 1.71737972562e-22, 1.91969200311e-22, 2.81932324203e-22, 3.49381294751e-22, 4.40827590741e-22, 5.99173911063e-22, 4.77388832452e-22, 9.03740459551e-22, 1.26287588687e-21, 1.97176997475e-21, 2.64821449017e-21], "dvar2": [4.43746612291e-05, 0.00123710127082, 0.00101116753649, 0.000513492617756, 0.000172263316927, 4.30414729635e-06, 1.85878088814e-05, 5.94726316194e-06, 1.14972717711e-05, 3.9698825276e-06, 4.87538591187e-06, 6.70318968332e-06, 2.89632566819e-06, 1.07437926999e-06, 1.71683859662e-06, 3.36148832503e-06, 6.25004815902e-07, 8.03123441528e-07, 4.61973343135e-07, 1.27794052673e-07, 1.69263344674e-07, 8.88502214025e-08, 9.54047720825e-08, 2.54828364632e-07, 5.22358561739e-07, 3.04655401351e-07, 9.54449248525e-08], "dvar": [2.0223293177e-05, 0.000685835140757, 0.000363050436135, 0.000177812893526, 6.01156752964e-05, 2.29359397963e-06, 7.56328563511e-06, 2.85118062493e-06, 5.01975318912e-06, 1.76115247541e-06, 1.86424836102e-06, 2.8336842206e-06, 1.18785112591e-06, 4.53903425068e-07, 7.00931366282e-07, 1.20166419038e-06, 2.63931809741e-07, 3.24007231711e-07, 1.9142547103e-07, 5.63166793199e-08, 6.86114987047e-08, 3.97221242565e-08, 4.08301339405e-08, 1.11377858047e-07, 2.14434550116e-07, 1.17935719857e-07, 3.50015589845e-08], "dmean": [0.00227779895067, 0.0116793122143, 0.00501376949251, 0.00319468369707, 0.00291227386333, 0.000642922939733, 0.000820475281216, 0.000719599425793, 0.000956503441557, 0.000475145730888, 0.000381991936592, 0.000541630783118, 0.000345762906363, 0.00027132089599, 0.00027548064827, 0.00028319019475, 0.000183347685379, 0.000200675014639, 0.000137145907502, 8.8431785116e-05, 8.18827902549e-05, 7.68274985603e-05, 8.42225490487e-05, 0.000124006735859, 0.000157677131938, 0.000113001326099, 3.781331543e-05], "max": [0.0744071155787, 0.316488236189, 0.19002571702, 0.142351165414, 0.0884797275066, 0.0722013264894, 0.0819934085011, 0.0471892468631, 0.0424678735435, 0.0482994839549, 0.0569961741567, 0.0484611578286, 0.0358102545142, 0.0145828630775, 0.0111667150632, 0.0169259756804, 0.00939192343503, 0.00828719045967, 0.00837582256645, 0.00310810282826, 0.00453614862636, 0.00527588045225, 0.00399933382869, 0.00491665210575, 0.00539093464613, 0.00669579626992, 0.00484569417313], "var": [7.92627542978e-05, 0.00202416675165, 0.000237855667365, 0.000100831748568, 5.27907577634e-05, 7.98379187472e-06, 1.04810733319e-05, 5.82247048442e-06, 9.69768188952e-06, 3.09112465402e-06, 2.66131519311e-06, 4.40808207713e-06, 2.20917058869e-06, 6.96585459536e-07, 8.57811414789e-07, 9.24793368995e-07, 3.42831555145e-07, 3.79419816454e-07, 2.12264268384e-07, 7.16527921441e-08, 7.11472694093e-08, 5.18350233847e-08, 5.92806941313e-08, 1.29000937932e-07, 1.98857236455e-07, 9.92524604726e-08, 2.4