{"tonal": {"thpcp": [1, 0.853306293488, 0.728243410587, 0.763501524925, 0.757690906525, 0.66056483984, 0.566449284554, 0.5269292593, 0.523700714111, 0.554700553417, 0.59279447794, 0.626910150051, 0.789810359478, 0.887026786804, 0.725024580956, 0.572196662426, 0.525994539261, 0.536389350891, 0.622253358364, 0.715141952038, 0.748122870922, 0.726909816265, 0.672099113464, 0.623974859715, 0.570953547955, 0.525820493698, 0.52922642231, 0.57704603672, 0.616658627987, 0.676870703697, 0.669315397739, 0.554251074791, 0.510072767735, 0.634341180325, 0.797986626625, 0.930524170399], "hpcp": {"dmean2": [0.285700410604, 0.26757133007, 0.260380983353, 0.260791093111, 0.270151078701, 0.284626990557, 0.328603446484, 0.360273331404, 0.342359811068, 0.315380603075, 0.289871811867, 0.29692709446, 0.331794708967, 0.357964426279, 0.362133145332, 0.350388050079, 0.340633749962, 0.343344390392, 0.304856002331, 0.276281058788, 0.268421560526, 0.283939570189, 0.289314568043, 0.335607141256, 0.354786574841, 0.313292443752, 0.287343412638, 0.303217947483, 0.350377470255, 0.416074633598, 0.433025807142, 0.379213124514, 0.36324390769, 0.394718021154, 0.370491057634, 0.327259689569], "median": [0.067019417882, 0.0617071762681, 0.0618765875697, 0.0682275742292, 0.0769448131323, 0.0857907086611, 0.106094360352, 0.111318670213, 0.0935284644365, 0.0719141364098, 0.0635855942965, 0.0682017356157, 0.074654571712, 0.0911035686731, 0.111713603139, 0.114023089409, 0.104550659657, 0.0824225842953, 0.0718528926373, 0.0655184686184, 0.0688385665417, 0.0691370815039, 0.0814649760723, 0.0832846611738, 0.0799666196108, 0.0679337084293, 0.0610491111875, 0.0829787179828, 0.110686562955, 0.138605684042, 0.111007302999, 0.105193808675, 0.0870849937201, 0.0836237221956, 0.081499889493, 0.0754484683275], "min": [0, 0, 0, 0, 0, 0, 0, 0, 0, 0, 0, 0, 0, 0, 0, 0, 0, 0, 0, 0, 0, 0, 0, 0, 0, 0, 0, 0, 0, 0, 0, 0, 0, 0, 0, 0], "dvar2": [0.12644611299, 0.120863519609, 0.108718127012, 0.112824611366, 0.118809051812, 0.118998512626, 0.144441306591, 0.158683553338, 0.13710719347, 0.141711249948, 0.122899919748, 0.131876289845, 0.144610285759, 0.154334172606, 0.147427856922, 0.140138566494, 0.138860031962, 0.158495888114, 0.140071585774, 0.132040768862, 0.118418045342, 0.122832745314, 0.123040594161, 0.143555253744, 0.166887447238, 0.150517627597, 0.128992915154, 0.121847033501, 0.139634415507, 0.168557181954, 0.203559488058, 0.166174530983, 0.158108323812, 0.210142076015, 0.167502835393, 0.145889505744], "dvar": [0.0477205216885, 0.0432895235717, 0.0391086526215, 0.0400094278157, 0.0420552790165, 0.0432088710368, 0.0518989004195, 0.0591168254614, 0.0511395931244, 0.0507396347821, 0.0435041151941, 0.0476185679436, 0.0534782670438, 0.0582587271929, 0.0555207692087, 0.0522890277207, 0.0502214245498, 0.0587101317942, 0.0508345924318, 0.0473822280765, 0.0421549901366, 0.0443008244038, 0.0450502000749, 0.0534270890057, 0.0628125220537, 0.0548405833542, 0.0474113449454, 0.0449174270034, 0.052395530045, 0.0638830512762, 0.0904442891479, 0.0667349770665, 0.0614227056503, 0.0814017951488, 0.0698129087687, 0.0579633563757], "dmean": [0.157993286848, 0.147307574749, 0.143691524863, 0.144720852375, 0.150189727545, 0.158829420805, 0.18502214551, 0.203431084752, 0.19129383564, 0.172889217734, 0.158844038844, 0.163477316499, 0.184506624937, 0.200002342463, 0.205106198788, 0.19807036221, 0.189985394478, 0.187653720379, 0.167317673564, 0.152528226376, 0.149845913053, 0.158597633243, 0.162735894322, 0.186070680618, 0.19498026371, 0.171294465661, 0.158108741045, 0.170324787498, 0.195763453841, 0.230953514576, 0.241123735905, 0.218754410744, 0.203820765018, 0.217449754477, 0.207934215665, 0.18360735476], "max": [1, 1, 1, 1, 1, 1, 1, 1, 1, 1, 1, 1, 1, 1, 1, 1, 1, 1, 1, 1, 1, 1, 1, 1, 1, 1, 1, 1, 1, 1, 1, 1, 1, 1, 1, 1], "var": [0.0470040440559, 0.0422715544701, 0.0402780771255, 0.041678160429, 0.0445902906358, 0.0457927510142, 0.0655444040895, 0.08454785496, 0.0581616610289, 0.0452807843685, 0.0386657342315, 0.0407958514988, 0.0517506115139, 0.0647662952542, 0.0587944947183, 0.05289099738, 0.0474879816175, 0.0523791648448, 0.046547152102, 0.0426540896297, 0.0402814224362, 0.0462724305689, 0.049465700984, 0.05714263767, 0.0605881437659, 0.0463172458112, 0.0401523895562, 0.0481780469418, 0.067609205842, 0.076796874404, 0.113825432956, 0.0785799100995, 0.0656446889043, 0.0802318751812, 0.075859002769, 0.060553342104], "mean": [0.156623780727, 0.1456964463, 0.144803762436, 0.15337523818, 0.163908243179, 0.17334125936, 0.218383327127, 0.245263770223, 0.200470000505, 0.158212929964, 0.14543800056, 0.148312181234, 0.172053664923, 0.197737440467, 0.206856697798, 0.200991272926, 0.185836061835, 0.172529652715, 0.157869204879, 0.14538988471, 0.146331623197, 0.159553796053, 0.170506715775, 0.187155410647, 0.185066357255, 0.153250962496, 0.141035616398, 0.175395950675, 0.220644071698, 0.257290840149, 0.276500970125, 0.235940024257, 0.201360017061, 0.211108908057, 0.209502264857, 0.18264682591]}, "tuning_equal_tempered_deviation": 0.251839399338, "chords_changes_rate": 0.105303026736, "key_key": "B", "tuning_diatonic_strength": 0.719703495502, "key_scale": "minor", "chords_number_rate": 0.00321969692595, "tuning_frequency": 438.224517822, "tuning_nontempered_energy_ratio": 0.906314969063, "chords_histogram": [22.9166660309, 0.833333313465, 0.208333328366, 1.7803030014, 4.69696950912, 2.91666674614, 7.27272748947, 9.79166698456, 0.0568181835115, 1.42045450211, 1.43939399719, 7.02651500702, 1.7803030014, 3.4848484993, 1.76136362553, 0.151515156031, 2.72727274895, 0.454545468092, 0.814393937588, 0.265151500702, 2.57575750351, 1.23106062412, 6.875, 17.5189399719], "key_strength": 0.77516913414, "chords_key": "B", "chords_strength": {"dmean2": 0.0176882222295, "median": 0.490967750549, "min": -1, "dvar2": 0.000934378593229, "dvar": 0.000490981852636, "dmean": 0.0129962172359, "max": 0.767842292786, "var": 0.010114107281, "mean": 0.488449692726}, "chords_scale": "minor", "hpcp_entropy": {"dmean2": 1.21012592316, "median": 2.89068365097, "min": 0, "dvar2": 0.932832181454, "dvar": 0.321992665529, "dmean": 0.707473039627, "max": 4.99165010452, "var": 0.642634391785, "mean": 2.82238340378}}, "metadata": {"audio_properties": {"equal_loudness": 0, "codec": "mp3", "downmix": "mix", "sample_rate": 44100, "analysis_sample_rate": 44100, "bit_rate": 192000, "md5_encoded": "9c686f07b91a39e625185fd86d8b9699", "length": 245.133056641, "replay_gain": -12.1316547394, "lossless": false}, "version": {"essentia_build_sha": "2d9f1f26377add8aeb1075a9c2973f962c4f09fd", "essentia": "2.1-beta2", "extractor": "music 1.0", "essentia_git_sha": "v2.1_beta2-1-ge3940c0"}, "tags": {"title": ["Spitting Blood"], "barcode": ["5036706000285"], "media": ["CD"], "albumartist": ["Hellfish & Producer"], "language": ["eng"], "musicbrainz_recordingid": ["10132fbe-3d94-4d62-8766-36cbfca3b771"], "album": ["Constant Mutation"], "musicbrainz_albumartistid": ["085770f0-f620-42aa-9c85-c2d1db536282"], "discnumber": ["01/01"], "originalartist": ["Hellfish & Producer"], "bpm": ["108.94"], "catalognumber": ["ZIQ023CD"], "contentgroup": ["Breaks,Hardcore"], "originalalbum": ["Constant Mutation"], "musicbrainz album type": ["Album"], "musicbrainz album status": ["Official"], "file_name": "12 - Spitting Blood.mp3", "originaldate": ["2000-04-09"], "acoustid_fingerprint": ["AQABz0mSRFKSLJKSJPBx_DhgEkfRwy9wwzqOA8fhFzdwWMCBw-9x_DB-AMfhF_J2wMeBfXjxwj-Ov8QxazoOsS-0c8KP50IThx20dfgR5j364Gj1wGfUoeWMH7eK8CEO_ziewzp0HIcP-Thw-AVu_IaF4zgOHy9-_DCOEzis9sBJ-MCPHzhcFeLxQ8eOnPiRw6EKPUOeHW9xkfjR5MKV43sRpk6hRxfyOMWPS3h3OA_24zvSD_oX5MkOxgqNXJCOMLkYVGlw8TiaSzG-4zvCH3qOkhncUQfeQzzOFD9hjsdnYB8OH8fh48ct4T-OP9CP4yMOcVexwz9OwAdS-fiN48drwM6Fs3iP80hYGzlu4hT6J6iNiySc40Pu4UxoHA-q6-hj-OhzSHeCb1HQC9nx48fh1zg8Tsd7OD9-BbngQ9-Df7iW42Vg-YHO5bBDIy87PIRv5ISeKMZ_fPTwC_6CsD_O4zn6Hz6eoj-iC9Vha8R5nNgLXTBzIRd81B4eoUhVBjriHc4F9Ah7WA1U4wuOnHB34LgOv8MV-MQF6sePIz1O3DDkFj90wSfeCy_64yx6WJ3Q7-j54if843iTC4cPmeHxKNB_-KWCo8d5oXZx-Btu_MjB1_DxZPhhG3mEX3jxshB_4TyKn2jH4xEoPQ7OQqKHlFl2_LiI80L64cmgL5ioI2923NLRMA-KCL1W-INj6A0e48P9Qs8qHFabD4d-mEd-_Md1XEcOv9AJM2KFQ_bwBsdb2BTBHx_8H3lr4DzxwMbx4wl-5MALn8AvAseRHzxyHz8OHWnoE7yDY-Rh9_hxWbgFT9JQpzri-FD9IF2-42SGH0-uYB8cPcdHkMzRG_EPc-3wQ4dP4sUV6If14NqOH_2C_vDxBtdxC9aEHz9ufBBzPLvwiYcvnMWhHz-86_iI04Mf5XgZ_MOPbwd-AGWcsmYAYcQTDQjrGBBOGGEdA0qZARhgTgEDTBAEGgMoEAIpoBBTACDTjEHOausYEAggJ5oSTlkhDBPGCusMM05JARw1hhgGhHMIESCMUgwIBQQhWCiBhLOAQAWcII5I4QQDkABEhGCKOUuMIIKIA4CgSAqBgFFKGFK8Q0QJYyjAgihjpIBGCIUEAgAzJ5gSwQFBgCLMKIEAQEAIIQBTyiAAjBNAGAAVIYIARRQGjGhjGFDMOUIMRAxZA6hCIACqLDDAKaIEQsQwRYgAwgAGgMCKGAEEEIQBCwRjnEhFhWLGCmGYQAAwwoSgihCiEAACECYEtAAgRIFDRCgphHECEQAUU1QQhgABACBmGVMAQSakgI4KA4wFQAkoGEKAGUAMIMQJJKhQRhmDgEdKIA0MAg4KpZRAzALqEPOIESEkEQshCIAhAAgiAQCMAg"], "date": ["2000-04-09"], "genre": ["Electronic"], "musicbrainz album release country": ["GB"], "musicip_puid": ["8a668a50-e622-153c-08bf-e7f7c7335a38"], "musicbrainz_artistid": ["085770f0-f620-42aa-9c85-c2d1db536282"], "asin": ["B00004WWX6"], "musicbrainz_albumid": ["b4440fdb-97d8-42c3-9748-8466e3a3366b"], "artist": ["Hellfish & Producer"], "artistsort": ["Hellfish & Producer"], "tracknumber": ["12/12"], "label": ["Planet Mu"], "albumartistsort": ["Hellfish & Producer", "Hellfish & Producer"], "acoustid_id": ["d16162d5-126e-48ba-83d9-e8e9d3061464"], "script": ["Latin"], "musicbrainz_releasegroupid": ["efe1291c-d3e0-32f5-8e11-a2ad39af48b9"]}}, "rhythm": {"bpm_histogram_first_peak_bpm": {"dmean2": 0, "median": 108, "min": 108, "dvar2": 0, "dvar": 0, "dmean": 0, "max": 108, "var": 0, "mean": 108}, "bpm": 106.930404663, "bpm_histogram_second_peak_spread": {"dmean2": 0, "median": 0.230769217014, "min": 0.230769217014, "dvar2": 0, "dvar": 0, "dmean": 0, "max": 0.230769217014, "var": 0, "mean": 0.230769217014}, "bpm_histogram_first_peak_weight": {"dmean2": 0, "median": 0.366359442472, "min": 0.366359442472, "dvar2": 0, "dvar": 0, "dmean": 0, "max": 0.366359442472, "var": 0, "mean": 0.366359442472}, "onset_rate": 3.76920294762, "beats_position": [0.568888902664, 1.14938771725, 1.74149656296, 2.29877543449, 2.85605430603, 3.41333317757, 3.97061228752, 4.52789115906, 5.07355976105, 5.61922883987, 6.17650794983, 6.72217655182, 7.26784563065, 7.8251247406, 8.38240337372, 8.93968200684, 9.4853515625, 10.0310201645, 10.5766887665, 11.1223583221, 11.6796369553, 12.2369155884, 12.782585144, 13.328253746, 13.8855323792, 14.4312019348, 14.9768705368, 15.5225391388, 16.0798187256, 16.637096405, 17.1943759918, 17.7400455475, 18.2857131958, 18.8429927826, 19.3886623383, 19.9459400177, 20.4916095734, 21.037279129, 21.5945568085, 22.1518363953, 22.6975059509, 23.2431735992, 23.800453186, 24.3461227417, 24.89179039, 25.4490699768, 25.9831295013, 26.5404071808, 27.0976867676, 27.6549663544, 28.2122440338, 28.7695236206, 29.3268013, 29.895690918, 30.4645805359, 31.0566883087, 31.6255779266, 32.1828575134, 32.7401351929, 33.2974128723, 33.8546943665, 34.4235839844, 35.0040817261, 35.5845794678, 36.1534690857, 36.7107467651, 37.2680282593, 37.8136940002, 38.3593635559, 38.91664505, 39.4739227295, 40.0312004089, 40.5768699646, 41.1225395203, 41.6798171997, 42.2370948792, 42.7827644348, 43.3284339905, 43.8741035461, 44.4197731018, 44.9654426575, 45.5111083984, 46.0567779541, 46.6024475098, 47.1481170654, 47.6937866211, 48.2510643005, 48.7851219177, 49.3307914734, 49.8764610291, 50.4221305847, 50.9678001404, 51.513469696, 52.0707473755, 52.6280250549, 53.1736946106, 53.7193641663, 54.2650337219, 54.7990913391, 55.3447608948, 55.8904304504, 56.4361000061, 56.9817695618, 57.515827179, 58.0731048584, 58.6187744141, 59.1644439697, 59.7101135254, 60.2557830811, 60.801448822, 61.3471183777, 61.8927879333, 62.438457489, 62.9957351685, 63.5297966003, 64.0870742798, 64.6327438354, 65.1784133911, 65.7124710083, 66.258140564, 66.8038101196, 67.3494796753, 67.895149231, 68.4524230957, 68.9980926514, 69.543762207, 70.1010437012, 70.6583175659, 71.2155990601, 71.7728805542, 72.3533782959, 72.91065979, 73.4679336548, 74.0252151489, 74.5941009521, 75.1629943848, 75.7202682495, 76.2775497437, 76.8464355469, 77.403717041, 77.9726028442, 78.5298843384, 79.098777771, 79.6676635742, 80.2365493774, 80.8170471191, 81.3975524902, 81.9780502319, 82.5585479736, 83.1390457153, 83.719543457, 84.3000411987, 84.8805389404, 85.4610443115, 86.0531539917, 86.6336517334, 87.2141494751, 87.7946472168, 88.3751449585, 88.9440383911, 89.5129241943, 90.0702056885, 90.6390914917, 91.2079772949, 91.7652587891, 92.3225402832, 92.8798141479, 93.4487075806, 94.0175933838, 94.5748748779, 95.1437606812, 95.7126541138, 96.281539917, 96.8620376587, 97.4309310913, 97.9882049561, 98.5454864502, 99.1027679443, 99.6716537476, 100.240539551, 100.809432983, 101.378318787, 101.935600281, 102.481269836, 103.05015564, 103.619049072, 104.187934875, 104.74521637, 105.302490234, 105.859771729, 106.417053223, 106.962722778, 107.531608582, 108.100494385, 108.669387817, 109.226661682, 109.783943176, 110.34122467, 110.898498535, 111.455780029, 112.024665833, 112.593559265, 113.15083313, 113.719726563, 114.288612366, 114.857505798, 115.426391602, 115.995285034, 116.564170837, 117.121452332, 117.690338135, 118.259223938, 118.828117371, 119.397003174, 119.954284668, 120.511566162, 121.068840027, 121.637733459, 122.206619263, 122.763900757, 123.33278656, 123.901672363, 124.458953857, 125.016235352, 125.585121155, 126.154014587, 126.722900391, 127.291786194, 127.860679626, 128.417953491, 128.975234985, 129.544128418, 130.113006592, 130.681900024, 131.239181519, 131.796463013, 132.353744507, 132.922622681, 133.491516113, 134.048797607, 134.61769104, 135.186569214, 135.755462646, 136.324356079, 136.893234253, 137.450515747, 138.007797241, 138.565078735, 139.122360229, 139.691238403, 140.260131836, 140.81741333, 141.374694824, 141.931976318, 142.500854492, 143.058135986, 143.627029419, 144.195922852, 144.776412964, 145.368530273, 145.949020386, 146.541137695, 147.121627808, 147.702133179, 148.282623291, 148.851516724, 149.432022095, 150.012512207, 150.604629517, 151.196731567, 151.765625, 152.334503174, 152.903396606, 153.460678101, 154.017959595, 154.586837769, 155.155731201, 155.724624634, 156.293518066, 156.850784302, 157.408065796, 157.976959229, 158.545852661, 159.103118896, 159.660400391, 160.217681885, 160.786575317, 161.343856812, 161.912734985, 162.470016479, 163.027297974, 163.596191406, 164.16506958, 164.733963013, 165.291244507, 165.848526001, 166.417419434, 166.986297607, 167.55519104, 168.124084473, 168.692962646, 169.250244141, 169.807525635, 170.364807129, 170.922088623, 171.490966797, 172.048248291, 172.617141724, 173.186035156, 173.75491333, 174.312194824, 174.869476318, 175.426757813, 175.995635986, 176.564529419, 177.121810913, 177.690704346, 178.25958252, 178.816864014, 179.374145508, 179.94303894, 180.511917114, 181.069198608, 181.626480103, 182.195373535, 182.764266968, 183.321533203, 183.890426636, 184.459320068, 185.016601563, 185.573867798, 186.14276123, 186.711654663, 187.268936157, 187.826202393, 188.383483887, 188.952377319, 189.521270752, 190.078552246, 190.64743042, 191.204711914, 191.761993408, 192.330886841, 192.888153076, 193.44543457, 194.014328003, 194.583221436, 195.140487671, 195.709381104, 196.278274536, 196.847167969, 197.416046143, 197.973327637, 198.530609131, 199.087890625, 199.656768799, 200.225662231, 200.782943726, 201.34022522, 201.909118652, 202.477996826, 203.03527832, 203.592559814, 204.161453247, 204.730331421, 205.299224854, 205.868118286, 206.43699646, 207.005889893, 207.563171387, 208.132064819, 208.700942993, 209.269836426, 209.82711792, 210.384399414, 210.941680908, 211.510559082, 212.067840576, 212.62512207, 213.182403564, 213.739685059, 214.296951294, 214.854232788, 215.423126221, 215.992019653, 216.560897827, 217.12979126, 217.687072754, 218.244354248, 218.801635742, 219.370513916, 219.939407349, 220.508300781, 221.077178955, 221.634460449, 222.203353882, 222.772247314, 223.32951355, 223.886795044, 224.444076538, 225.012969971, 225.581848145, 226.139129639, 226.708023071, 227.265304565, 227.787750244, 228.298583984, 228.832641602, 229.378311157, 229.94720459, 230.527709961, 231.108200073, 231.688705444, 232.280807495, 232.872924805, 233.453414917, 234.02230835, 234.591201782, 235.171691895, 235.763809204, 236.332687378, 236.901580811, 237.470474243, 238.050964355, 238.631469727, 239.211975098, 239.79246521, 240.372970581, 240.953460693, 241.533966064, 242.114456177, 242.694961548, 243.275466919, 243.86756897, 244.459671021], "beats_loudness": {"dmean2": 0.0178893040866, "median": 0.0290882140398, "min": 0, "dvar2": 0.000271863420494, "dvar": 0.00012541252363, "dmean": 0.0107832141221, "max": 0.0913423225284, "var": 0.000589060247876, "mean": 0.0334219187498}, "danceability": 0.862337887287, "bpm_histogram_second_peak_weight": {"dmean2": 0, "median": 0.092165902257, "min": 0.092165902257, "dvar2": 0, "dvar": 0, "dmean": 0, "max": 0.092165902257, "var": 0, "mean": 0.092165902257}, "beats_count": 435, "bpm_histogram_second_peak_bpm": {"dmean2": 0, "median": 103, "min": 103, "dvar2": 0, "dvar": 0, "dmean": 0, "max": 103, "var": 0, "mean": 103}, "bpm_histogram_first_peak_spread": {"dmean2": 0, "median": 0.581578969955, "min": 0.581578969955, "dvar2": 0, "dvar": 0, "dmean": 0, "max": 0.581578969955, "var": 0, "mean": 0.581578969955}, "beats_loudness_band_ratio": {"dmean2": [0.330841451883, 0.23185543716, 0.124794699252, 0.0969680994749, 0.122525602579, 0.147249236703], "median": [0.576004624367, 0.0568826235831, 0.0564099922776, 0.0691715702415, 0.0662331357598, 0.100527107716], "min": [0, 0, 0, 0, 0, 0], "dvar2": [0.0764217153192, 0.059080440551, 0.0277212224901, 0.0172193571925, 0.0300360359251, 0.0379730388522], "dvar": [0.0287261214107, 0.0192860458046, 0.00994544383138, 0.00667551299557, 0.0112247783691, 0.0128019126132], "dmean": [0.190414786339, 0.124426968396, 0.0699704289436, 0.0591808184981, 0.0718496218324, 0.0843986570835], "max": [0.997854173183, 0.840172529221, 0.739332914352, 0.681163847446, 0.771060109138, 0.976479053497], "var": [0.0753323510289, 0.0187127161771, 0.010719511658, 0.0101979421452, 0.0149213764817, 0.0167499501258], "mean": [0.489987641573, 0.117327496409, 0.0877481102943, 0.0935424566269, 0.108289629221, 0.135327830911]}}, "lowlevel": {"barkbands_spread": {"dmean2": 13.6760730743, "median": 32.1713256836, "min": 0.0160459764302, "dvar2": 199.323257446, "dvar": 80.1512069702, "dmean": 8.41760253906, "max": 121.000511169, "var": 348.300415039, "mean": 33.6267776489}, "melbands_spread": {"dmean2": 18.7792816162, "median": 26.8601169586, "min": 0.0134387053549, "dvar2": 542.273986816, "dvar": 216.173202515, "dmean": 11.5814619064, "max": 270.070159912, "var": 911.027160645, "mean": 35.9012908936}, "hfc": {"dmean2": 11.1663866043, "median": 22.6843738556, "min": 1.09228021982e-16, "dvar2": 228.275985718, "dvar": 95.6840286255, "dmean": 7.33572721481, "max": 184.224822998, "var": 443.707519531, "mean": 25.8511314392}, "barkbands_kurtosis": {"dmean2": 33.5688972473, "median": 0.754838466644, "min": -1.92910456657, "dvar2": 157403.640625, "dvar": 47317.8710938, "dmean": 17.9274234772, "max": 8390.64648438, "var": 36231.9804688, "mean": 14.7777547836}, "gfcc": {"mean": [1.97375118732, 61.6709480286, -111.392295837, 47.4565353394, -59.3366584778, 18.5687580109, -32.5776977539, 15.6637372971, -30.9200496674, -0.00527399545535, -18.8551292419, 2.23511719704, -12.9855604172], "icov": [[0.000205950520467, -0.00037811481161, 0.000269829964964, -0.000401756551582, 0.000528745818883, -0.000626139924861, 0.000691979308613, -0.000630272901617, 0.000759523012675, -0.000655760697555, 0.000797153566964, -0.0006435677642, 0.000897465040907], [-0.00037811481161, 0.00201865541749, -0.000793933810201, 0.00108297425322, -0.00115621229634, 0.00203603436239, -0.00204031332396, 0.00256741349585, -0.00216254591942, 0.00251157139428, -0.00248044799082, 0.00278197554871, -0.00252602132969], [0.000269829964964, -0.000793933810201, 0.00157973216847, -0.00113263609819, 0.00106536922976, -0.001605958445, 0.00151641538832, -0.000494663720019, 0.00100919615943, -0.00206900131889, 0.00155531277414, -0.0008750873385, 0.00125492340885], [-0.000401756551582, 0.00108297425322, -0.00113263609819, 0.00375518877991, -0.00237946305424, 0.00180253549479, -0.00163672561757, 0.00121726561338, -0.00120687636081, 0.00190685747657, -0.00101883453317, 0.00109210470691, -0.00126896437723], [0.000528745818883, -0.00115621229634, 0.00106536922976, -0.00237946305424, 0.00662356708199, -0.00312690087594, 0.00034454150591, 0.000227690994507, 0.000572596502025, -0.00170879450161, 0.00121454882901, -0.00110127381049, 0.00106276047882], [-0.000626139924861, 0.00203603436239, -0.001605958445, 0.00180253549479, -0.00312690087594, 0.0109970960766, -0.00442238105461, 0.000923193409108, -0.00111290020868, 0.00157467846293, -0.00218443758786, 0.000662589562126, -0.00055147241801], [0.000691979308613, -0.00204031332396, 0.00151641538832, -0.00163672561757, 0.00034454150591, -0.00442238105461, 0.0125902006403, -0.00607757922262, 0.000812750775367, -0.00139310315717, 0.00122809305321, 0.000120911914564, 0.00199614861049], [-0.000630272901617, 0.00256741349585, -0.000494663720019, 0.00121726561338, 0.000227690994507, 0.000923193409108, -0.00607757922262, 0.0156849380583, -0.00628740340471, 0.00172818510327, -0.00285050459206, 0.00120749766938, -0.00220782752149], [0.000759523012675, -0.00216254591942, 0.00100919615943, -0.00120687636081, 0.000572596502025, -0.00111290020868, 0.000812750775367, -0.00628740340471, 0.0165457166731, -0.00557243078947, 0.00105268345214, -0.00209746207111, 0.0011112827342], [-0.000655760697555, 0.00251157139428, -0.00206900131889, 0.00190685747657, -0.00170879450161, 0.00157467846293, -0.00139310315717, 0.00172818510327, -0.00557243078947, 0.0134483557194, -0.00408211071044, 0.00224678823724, -0.00434223096818], [0.000797153566964, -0.00248044799082, 0.00155531277414, -0.00101883453317, 0.00121454882901, -0.00218443758786, 0.00122809305321, -0.00285050459206, 0.00105268345214, -0.00408211071044, 0.0196010507643, -0.00861061085016, 0.00219617644325], [-0.0006435677642, 0.00278197554871, -0.0008750873385, 0.00109210470691, -0.00110127381049, 0.000662589562126, 0.000120911914564, 0.00120749766938, -0.00209746207111, 0.00224678823724, -0.00861061085016, 0.0211780834943, -0.0101648829877], [0.000897465040907, -0.00252602132969, 0.00125492340885, -0.00126896437723, 0.00106276047882, -0.00055147241801, 0.00199614861049, -0.00220782752149, 0.0011112827342, -0.00434223096818, 0.00219617644325, -0.0101648829877, 0.0227783042938]], "cov": [[16460.6347656, -611.764526367, 65.4291915894, 437.679260254, -862.224182129, 293.092987061, -617.320983887, 75.7769241333, -604.317626953, 90.0759353638, -485.963592529, 2.70602917671, -492.129730225], [-611.764526367, 1547.77648926, -8.69685935974, -90.059715271, 121.332588196, -166.160110474, 103.929611206, -145.282241821, 74.7560195923, -149.680282593, 70.2950820923, -113.594711304, 68.684173584], [65.4291915894, -8.69685935974, 1148.74902344, 188.085632324, -44.3433609009, 65.8127593994, -96.5665054321, -51.6649017334, -31.0996322632, 101.441818237, -54.6632080078, -9.07161998749, -27.1578788757], [437.679260254, -90.059715271, 188.085632324, 432.895507813, 90.7564544678, 17.4461212158, -0.605851113796, -11.3905477524, -17.0043735504, -3.59520721436, -27.2040939331, -5.64089488983, -18.090795517], [-862.224182129, 121.332588196, -44.3433609009, 90.7564544678, 273.994110107, 26.321439743, 67.8881454468, -15.561000824, 40.6162605286, -8.59419822693, 28.8023815155, -5.34513568878, 26.5398025513], [293.092987061, -166.160110474, 65.8127593994, 17.4461212158, 26.321439743, 153.262969971, 25.4195671082, 30.0888328552, -6.84704828262, 24.5170631409, -5.85519170761, 12.9071512222, -18.1248378754], [-617.320983887, 103.929611206, -96.5665054321, -0.605851113796, 67.8881454468, 25.4195671082, 160.135604858, 43.4652786255, 47.3142738342, -12.1026182175, 28.852678299, -11.5458927155, 16.2121734619], [75.7769241333, -145.282241821, -51.6649017334, -11.3905477524, -15.561000824, 30.0888328552, 43.4652786255, 117.136756897, 34.1227722168, 23.6038646698, 11.2016477585, 17.3697357178, 1.62028825283], [-604.317626953, 74.7560195923, -31.0996322632, -17.0043735504, 40.6162605286, -6.84704828262, 47.3142738342, 34.1227722168, 113.017028809, 26.0482463837, 33.8709526062, 7.98118543625, 29.714389801], [90.0759353638, -149.680282593, 101.441818237, -3.59520721436, -8.59419822693, 24.5170631409, -12.1026182175, 23.6038646698, 26.0482463837, 128.277175903, 10.7289190292, 22.7597122192, 10.7108860016], [-485.963592529, 70.2950820923, -54.6632080078, -27.2040939331, 28.8023815155, -5.85519170761, 28.852678299, 11.2016477585, 33.8709526062, 10.7289190292, 89.8910827637, 29.3418445587, 30.3299312592], [2.70602917671, -113.594711304, -9.07161998749, -5.64089488983, -5.34513568878, 12.9071512222, -11.5458927155, 17.3697357178, 7.98118543625, 22.7597122192, 29.3418445587, 85.1744308472, 29.8686389923], [-492.129730225, 68.684173584, -27.1578788757, -18.090795517, 26.5398025513, -18.1248378754, 16.2121734619, 1.62028825283, 29.714389801, 10.7108860016, 30.3299312592, 29.8686389923, 79.4525985718]]}, "spectral_energyband_middle_low": {"dmean2": 0.009561073035, "median": 0.00574058666825, "min": 1.69150748606e-22, "dvar2": 0.000214913728996, "dvar": 9.52255941229e-05, "dmean": 0.00603128317744, "max": 0.100400522351, "var": 0.000164349985425, "mean": 0.0104023879394}, "melbands_crest": {"dmean2": 7.15438938141, "median": 13.9590234756, "min": 1.7483433485, "dvar2": 37.0826644897, "dvar": 14.5300912857, "dmean": 4.46612215042, "max": 39.9732666016, "var": 42.6087226868, "mean": 14.9124727249}, "spectral_kurtosis": {"dmean2": 2.03864645958, "median": 2.51403856277, "min": -1.64796555042, "dvar2": 15.4231510162, "dvar": 5.90148735046, "dmean": 1.23525714874, "max": 48.0809402466, "var": 9.82745265961, "mean": 3.20983743668}, "spectral_rms": {"dmean2": 0.00112580484711, "median": 0.00478089461103, "min": 3.14441333214e-12, "dvar2": 1.30640819407e-06, "dvar": 5.53298548311e-07, "dmean": 0.000705520738848, "max": 0.011002923362, "var": 5.17920125276e-06, "mean": 0.00465192971751}, "zerocrossingrate": {"dmean2": 0.0152696128935, "median": 0.076171875, "min": 0, "dvar2": 0.000272358709481, "dvar": 0.000191636121599, "dmean": 0.0126777831465, "max": 0.52197265625, "var": 0.00332579249516, "mean": 0.0873485580087}, "silence_rate_60dB": {"dmean2": 0.0586396344006, "median": 0, "min": 0, "dvar2": 0.0631513372064, "dvar": 0.0285004843026, "dmean": 0.0293644033372, "max": 1, "var": 0.107259109616, "mean": 0.122182235122}, "erbbands_kurtosis": {"dmean2": 2.2143599987, "median": -0.427097082138, "min": -1.81532514095, "dvar2": 39.0043563843, "dvar": 14.0660476685, "dmean": 1.31897032261, "max": 90.2269592285, "var": 14.1956157684, "mean": 0.443705350161}, "erbbands": {"dmean2": [0.144790232182, 1.83200216293, 6.37455797195, 11.7780923843, 19.6062450409, 21.0633049011, 22.781457901, 16.5966720581, 11.3727712631, 11.3410768509, 18.415019989, 25.691576004, 19.7076873779, 19.6000671387, 24.2095241547, 14.5182933807, 16.7263660431, 14.1543416977, 15.111207962, 18.1805496216, 16.907497406, 19.0769882202, 22.1619930267, 34.7034912109, 24.8534603119, 23.486618042, 12.2595186234, 10.6887245178, 8.71587657928, 6.71983289719, 6.15838384628, 4.29858827591, 2.70021772385, 1.78393363953, 0.830126166344, 0.321620941162, 0.0798117145896, 0.0117149399593, 0.000295411911793, 2.09470163099e-05], "median": [0.0363745838404, 0.526067316532, 2.08629488945, 3.45971846581, 3.5280482769, 3.27903795242, 4.99337720871, 4.70579910278, 3.90466332436, 3.83640909195, 6.43755435944, 8.94962596893, 8.6321105957, 12.4426012039, 13.8947563171, 7.71414804459, 7.2724647522, 6.97926712036, 8.43651390076, 9.42018795013, 9.52328586578, 11.5961208344, 18.2672767639, 22.5357475281, 19.0230789185, 16.2002449036, 11.3563308716, 10.6499671936, 7.81385231018, 5.96013641357, 4.09128761292, 3.24148273468, 1.80981874466, 0.857336938381, 0.435469657183, 0.16945630312, 0.0467946007848, 0.00661298679188, 0.000177744834218, 4.41386036982e-05], "min": [1.92115070159e-22, 1.22002849659e-21, 1.56316597621e-21, 5.78308906151e-21, 7.90724081083e-21, 1.58870230996e-20, 3.43198819424e-20, 1.03684563005e-19, 1.59766962634e-19, 1.82495119982e-19, 2.76543022389e-19, 3.29085741693e-19, 7.09301843494e-19, 9.21429674945e-19, 1.16340078703e-18, 1.53996400755e-18, 1.7526377265e-18, 1.42142468307e-18, 1.82169345238e-18, 3.61975973132e-18, 3.6975705436e-18, 5.00668395182e-18, 6.06194142031e-18, 5.8888340248e-18, 7.15815466888e-18, 5.81283349729e-18, 5.85603424556e-18, 9.18451721342e-18, 1.16564885714e-17, 1.11802988907e-17, 1.21496304915e-17, 1.16931566608e-17, 9.40039480969e-18, 8.19345475073e-18, 6.4085329921e-18, 4.46462587896e-18, 2.09077158333e-18, 1.02391445771e-18, 2.46787655545e-19, 2.72045874043e-20], "dvar2": [0.0663122907281, 8.31874084473, 89.4526824951, 469.500701904, 1398.79968262, 2078.70849609, 2256.7253418, 1117.58642578, 328.281555176, 380.761108398, 1144.43530273, 1910.48046875, 1269.49230957, 774.828979492, 1146.70288086, 693.172485352, 937.449157715, 1039.45019531, 938.266784668, 1199.8873291, 1036.06652832, 1424.00732422, 1204.20056152, 3942.25854492, 1861.95581055, 1533.46142578, 400.289123535, 274.606079102, 307.8331604, 275.578491211, 517.104980469, 97.364402771, 49.12525177, 26.3511619568, 3.65531349182, 0.465549439192, 0.0278928242624, 0.00062665680889, 3.52638693357e-07, 7.72541142169e-10], "dvar": [0.026829931885, 3.8701505661, 42.2562026978, 178.648544312, 500.704833984, 755.010986328, 770.564880371, 373.111846924, 118.21321106, 145.401367188, 437.850585938, 727.433532715, 490.041107178, 301.183685303, 442.144226074, 284.079711914, 358.355010986, 391.768127441, 379.906066895, 495.219299316, 388.796325684, 554.133911133, 463.552856445, 1489.36499023, 721.640441895, 625.543212891, 155.919448853, 111.28653717, 125.021369934, 109.407371521, 175.976470947, 38.6413536072, 19.1724948883, 9.72878074646, 1.3405213356, 0.190010994673, 0.0118307042867, 0.000254905462498, 1.48391166022e-07, 3.21362186861e-10], "dmean": [0.0887572318316, 1.19318115711, 4.12668800354, 7.02019691467, 11.290397644, 11.7791175842, 12.4940814972, 9.12098884583, 6.45286464691, 6.65656661987, 10.9947395325, 15.0529298782, 11.5956449509, 11.6627492905, 14.526758194, 8.67282581329, 9.9738779068, 8.44827079773, 9.14136981964, 11.121805191, 10.2479877472, 11.5211658478, 13.3551225662, 20.9734916687, 15.3048744202, 14.6440658569, 7.58344936371, 6.62313365936, 5.55402755737, 4.28568935394, 3.95421481133, 2.72470974922, 1.70209085941, 1.12167572975, 0.523665249348, 0.203853234649, 0.0520537905395, 0.00741125596687, 0.000186693068827, 1.34035453812e-05], "max": [1.97642087936, 20.929933548, 57.1200637817, 140.106872559, 206.838592529, 341.863861084, 393.749572754, 377.304840088, 134.154769897, 222.436630249, 562.463500977, 458.665435791, 668.704589844, 429.382446289, 324.129516602, 758.514221191, 295.590423584, 696.840942383, 1008.38208008, 384.305389404, 710.952758789, 1441.72729492, 634.273864746, 1154.73010254, 654.951904297, 628.46484375, 299.859527588, 249.398300171, 444.443634033, 503.517883301, 715.474365234, 245.920028687, 189.717514038, 147.933624268, 39.1410217285, 12.6100463867, 2.92587256432, 0.403679579496, 0.0112806363031, 0.00035482738167], "var": [0.0313514024019, 5.797352314, 70.4356765747, 173.865356445, 568.887268066, 627.744567871, 571.934814453, 271.595153809, 121.12663269, 157.414337158, 461.021972656, 711.95489502, 623.012878418, 470.418365479, 753.700317383, 414.104370117, 436.209686279, 388.444946289, 525.93951416, 811.678710938, 705.532165527, 1099.99975586, 988.631469727, 2884.63842773, 1380.83569336, 1797.79956055, 373.769714355, 266.042907715, 261.493408203, 234.298843384, 288.077209473, 106.934410095, 58.8284187317, 31.4371795654, 5.304874897, 0.688870370388, 0.0381519123912, 0.000566326489206, 3.56401670842e-07, 1.57244850474e-09], "mean": [0.099757514894, 1.48584473133, 5.51075124741, 8.17388057709, 14.0228252411, 12.17628479, 12.3623075485, 9.34502601624, 7.59598445892, 8.03115653992, 13.3603162766, 17.5431213379, 15.7057714462, 18.5025463104, 22.9612407684, 13.2321949005, 14.0852451324, 12.1936721802, 14.1699781418, 17.2687778473, 16.667131424, 20.1358661652, 26.9767589569, 40.5067100525, 29.6279773712, 29.755022049, 16.4916000366, 14.4024953842, 12.0451431274, 9.82807064056, 8.69504451752, 6.18212127686, 3.99426317215, 2.49261045456, 1.25372564793, 0.481587290764, 0.118917398155, 0.0152995297685, 0.000393939437345, 4.96381762787e-05]}, "spectral_strongpeak": {"dmean2": 0.722458302975, "median": 0.396900832653, "min": 0, "dvar2": 2.20798969269, "dvar": 0.769313216209, "dmean": 0.421772032976, "max": 19.3532791138, "var": 0.794257283211, "mean": 0.599554419518}, "spectral_energy": {"dmean2": 0.0122384736314, "median": 0.0234283804893, "min": 1.01345183142e-20, "dvar2": 0.00023114940268, "dvar": 9.34267372941e-05, "dmean": 0.00755589734763, "max": 0.12409093976, "var": 0.000481135823065, "mean": 0.0274902097881}, "average_loudness": 0.74021178484, "spectral_rolloff": {"dmean2": 1277.76318359, "median": 1937.98828125, "min": 21.533203125, "dvar2": 2454912, "dvar": 1072097.125, "dmean": 772.994812012, "max": 19573.6816406, "var": 5560566, "mean": 2462.51293945}, "spectral_centroid": {"dmean2": 564.791015625, "median": 1984.67944336, "min": 113.897903442, "dvar2": 294157.09375, "dvar": 134477.53125, "dmean": 361.429534912, "max": 11715.6962891, "var": 1060630.125, "mean": 2009.02709961}, "pitch_salience": {"dmean2": 0.169578209519, "median": 0.620187044144, "min": 0.00593995349482, "dvar2": 0.0232073757797, "dvar": 0.00985310785472, "dmean": 0.105246670544, "max": 0.956439912319, "var": 0.0213210638613, "mean": 0.585510373116}, "spectral_energyband_middle_high": {"dmean2": 0.00245831348002, "median": 0.00370567245409, "min": 1.25381274597e-21, "dvar2": 8.25399274618e-06, "dvar": 3.51968833456e-06, "dmean": 0.00155884819105, "max": 0.0299030803144, "var": 1.38925834108e-05, "mean": 0.00446761911735}, "spectral_contrast_coeffs": {"dmean2": [0.10150770098, 0.0902413055301, 0.0668139085174, 0.0500559993088, 0.0423680655658, 0.0333274938166], "median": [-0.65218180418, -0.79616767168, -0.80982363224, -0.824729084969, -0.790484964848, -0.75752556324], "min": [-0.982460677624, -0.988774597645, -0.993360280991, -0.98087567091, -0.965050876141, -0.963488817215], "dvar2": [0.00650504976511, 0.00525961816311, 0.00287080858834, 0.00157814566046, 0.00129473058041, 0.00116384541616], "dvar": [0.00270881340839, 0.00184883642942, 0.00105851131957, 0.00059381488245, 0.000515718420502, 0.00046615843894], "dmean": [0.0642144978046, 0.0529823713005, 0.0400200225413, 0.030032236129, 0.0255108252168, 0.020554471761], "max": [-0.259413093328, -0.466764897108, -0.508121848106, -0.575554549694, -0.55730932951, -0.569628357887], "var": [0.0101594608277, 0.00383463362232, 0.00317069562152, 0.00172554946039, 0.00209968630224, 0.00156373286154], "mean": [-0.652397930622, -0.792678236961, -0.806426584721, -0.822397172451, -0.791848838329, -0.757607460022]}, "melbands_skewness": {"dmean2": 1.91634261608, "median": 2.95408153534, "min": -3.57460141182, "dvar2": 22.427986145, "dvar": 9.52576446533, "dmean": 1.18173372746, "max": 162.424560547, "var": 24.0249061584, "mean": 3.32481002808}, "spectral_spread": {"dmean2": 861461.0625, "median": 5022372, "min": 1260368.125, "dvar2": 1182056185860.0, "dvar": 514737766400, "dmean": 553910.3125, "max": 45700180, "var": 7929018187780.0, "mean": 5310221}, "dissonance": {"dmean2": 0.0220378618687, "median": 0.487954109907, "min": 0.238830566406, "dvar2": 0.000818770669866, "dvar": 0.000299914885545, "dmean": 0.0127629041672, "max": 0.500000178814, "var": 0.000384650542401, "mean": 0.482656151056}, "spectral_skewness": {"dmean2": 0.32084774971, "median": 1.1489136219, "min": -0.232640102506, "dvar2": 0.214766532183, "dvar": 0.0866782441735, "dmean": 0.20039921999, "max": 5.43531084061, "var": 0.205228239298, "mean": 1.23999595642}, "spectral_flux": {"dmean2": 0.0355617813766, "median": 0.0969790220261, "min": 6.43439190817e-11, "dvar2": 0.00127751380205, "dvar": 0.000603343942203, "dmean": 0.0233649387956, "max": 0.344407916069, "var": 0.00313936010934, "mean": 0.102549292147}, "spectral_contrast_valleys": {"dmean2": [0.759695291519, 0.810194373131, 0.698036730289, 0.586629331112, 0.500982224941, 0.493265271187], "median": [-6.99572658539, -6.55724239349, -6.92758226395, -7.33730220795, -6.84988451004, -9.33096313477], "min": [-28.0208358765, -27.7123222351, -27.5961933136, -27.673374176, -27.5105361938, -27.3878211975], "dvar2": [0.386860996485, 0.613473951817, 0.521311759949, 0.413986355066, 0.38842356205, 0.428583920002], "dvar": [0.164062708616, 0.261574119329, 0.225448057055, 0.187070459127, 0.171182334423, 0.188331767917], "dmean": [0.461620092392, 0.492469787598, 0.430152595043, 0.3691662848, 0.320310175419, 0.321464568377], "max": [-5.28103637695, -4.44903087616, -5.44883012772, -5.97311401367, -5.60586500168, -7.40616703033], "var": [2.99812078476, 2.98701143265, 2.6864657402, 2.51824212074, 2.66137838364, 2.83922338486], "mean": [-7.43398952484, -6.90205383301, -7.22926044464, -7.64183998108, -7.21970844269, -9.69134616852]}, "erbbands_flatness_db": {"dmean2": 0.0270184986293, "median": 0.11918720603, "min": 0.0394271090627, "dvar2": 0.00104138534516, "dvar": 0.000446851219749, "dmean": 0.0170252881944, "max": 0.374618917704, "var": 0.00228531030007, "mean": 0.129926174879}, "spectral_energyband_high": {"dmean2": 0.000919181969948, "median": 0.00121564150322, "min": 7.13160631358e-21, "dvar2": 2.66372626356e-06, "dvar": 1.09070708731e-06, "dmean": 0.000602116168011, "max": 0.0253669843078, "var": 4.57231681139e-06, "mean": 0.00180516822729}, "spectral_entropy": {"dmean2": 0.239226639271, "median": 7.96980953217, "min": 5.75485229492, "dvar2": 0.0845517143607, "dvar": 0.0357683040202, "dmean": 0.150932103395, "max": 9.82461071014, "var": 0.152131021023, "mean": 7.9119143486}, "silence_rate_20dB": {"dmean2": 0, "median": 1, "min": 1, "dvar2": 0, "dvar": 0, "dmean": 0, "max": 1, "var": 0, "mean": 1}, "melbands_flatness_db": {"dmean2": 0.0515391603112, "median": 0.155552208424, "min": 0.00326103670523, "dvar2": 0.00325657334179, "dvar": 0.00131903809961, "dmean": 0.0327245593071, "max": 0.714940130711, "var": 0.00616925209761, "mean": 0.16431042552}, "barkbands": {"dmean2": [0.000803895527497, 0.007025687024, 0.00673837959766, 0.0052490462549, 0.00610601110384, 0.00217407918535, 0.000748677994125, 0.000784585310612, 0.00112203520257, 0.000544332200661, 0.000703347381204, 0.000369721266907, 0.000384356011637, 0.000275338010397, 0.000340700818924, 0.000341143051628, 0.000358536810381, 0.000573689467274, 0.00055048672948, 0.000503568793647, 0.000271761469776, 0.000224440867896, 0.00020688069344, 0.000176191344508, 0.000131039443659, 5.24740571564e-05, 2.68991766461e-06], "median": [0.000167831283761, 0.0020528389141, 0.00161053193733, 0.000929714064114, 0.00117000727914, 0.000635999429505, 0.000243207396124, 0.000232079415582, 0.00041261233855, 0.000239667977439, 0.00037562038051, 0.000165227480466, 0.000144553050632, 0.000140446180012, 0.000165228077094, 0.000161348769325, 0.000191123515833, 0.000390616653021, 0.000336520432029, 0.000355389085598, 0.000278504798189, 0.000207125529414, 0.000156768554007, 0.000137526571052, 6.79825025145e-05, 3.09001443384e-05, 1.06048253201e-06], "min": [1.78669757234e-24, 5.98114732769e-24, 1.12319810344e-24, 1.32733361204e-24, 4.52177871329e-24, 1.33268867596e-23, 1.42932697675e-23, 1.08265794987e-23, 1.55317009249e-23, 1.86308782528e-23, 1.92942187663e-23, 3.25269691763e-23, 3.23979336204e-23, 1.52965556885e-23, 2.50645753603e-23, 7.73796691157e-23, 7.54303180883e-23, 9.55934702971e-23, 9.41516155781e-23, 1.00112109738e-22, 2.34803375588e-22, 3.76459317665e-22, 4.41478217972e-22, 5.85970575698e-22, 8.83797550996e-22, 1.26007284319e-21, 1.878996499