{"metadata": {"tags": {"album": ["Best of Dance 2006"], "albumartist": ["Various Artists"], "genre": ["Blues"], "artist": ["Various Artists"], "date": ["2005"], "tracknumber": ["9"], "title": ["Wanna Be With You"], "file_name": "175356.mp3", "musicbrainz_recordingid": ["10135f99-60f1-4051-882d-cd7950c5af07"]}, "audio_properties": {"sample_rate": 44100, "downmix": "mix", "lossless": false, "analysis_sample_rate": 44100, "md5_encoded": "7694b70df2268792f3541078b0239698", "equal_loudness": 0, "replay_gain": -12.4568481445, "codec": "mp3", "bit_rate": 320045, "length": 186.592651367}, "version": {"extractor": "music 1.0", "essentia_build_sha": "70f2e5ece6736b2c40cc944ad0e695b16b925413", "essentia_git_sha": "v2.1_beta2", "essentia": "2.1-beta2"}}, "rhythm": {"beats_loudness_band_ratio": {"dvar2": [0.0894615128636, 0.0144263710827, 0.0249771047384, 0.0163486432284, 0.0143369901925, 0.0351184159517], "var": [0.142884597182, 0.00716356001794, 0.0268024336547, 0.0149618964642, 0.00627524917945, 0.0255812257528], "min": [3.09321148961e-05, 4.81259849039e-05, 0.001427909825, 0.00173892849125, 0.00305831781588, 0.00467961654067], "dmean": [0.143789559603, 0.0768214985728, 0.0704076960683, 0.0578009225428, 0.0475466810167, 0.0758221745491], "mean": [0.515757381916, 0.0896043106914, 0.126015126705, 0.096666187048, 0.0675630494952, 0.13428580761], "max": [0.972026526928, 0.489953458309, 0.745030641556, 0.816429913044, 0.505679607391, 0.964071214199], "dmean2": [0.254185020924, 0.139591857791, 0.11692097038, 0.0967453047633, 0.0841631516814, 0.135342329741], "median": [0.720055103302, 0.0622840225697, 0.0457229726017, 0.0400937311351, 0.0291558858007, 0.070555023849], "dvar": [0.0391613505781, 0.00554550811648, 0.00908482074738, 0.00691165309399, 0.00464246002957, 0.0143852457404]}, "bpm_histogram_first_peak_weight": {"dvar2": 0, "var": 0, "min": 0.506944417953, "dmean": 0, "mean": 0.506944417953, "max": 0.506944417953, "dmean2": 0, "median": 0.506944417953, "dvar": 0}, "bpm": 140.307632446, "beats_count": 433, "bpm_histogram_first_peak_spread": {"dvar2": 0, "var": 0, "min": 0.431168794632, "dmean": 0, "mean": 0.431168794632, "max": 0.431168794632, "dmean2": 0, "median": 0.431168794632, "dvar": 0}, "danceability": 1.21919846535, "bpm_histogram_first_peak_bpm": {"dvar2": 0, "var": 0, "min": 140, "dmean": 0, "mean": 140, "max": 140, "dmean2": 0, "median": 140, "dvar": 0}, "beats_position": [0.429569154978, 0.870748281479, 1.30031740665, 1.74149656296, 2.18267560005, 2.62385487556, 3.06503391266, 3.50621318817, 3.94739222527, 4.37696123123, 4.80653047562, 5.23609972, 5.66566896439, 6.09523820877, 6.52480697632, 6.9543762207, 7.38394546509, 7.81351470947, 8.24308395386, 8.66104316711, 9.0906124115, 9.52018165588, 9.93814086914, 10.3560991287, 10.7856683731, 11.2152376175, 11.6448068619, 12.0743761063, 12.4923353195, 12.9102945328, 13.3398637772, 13.7694330215, 14.1990022659, 14.6285715103, 15.0465307236, 15.4760990143, 15.9056682587, 16.3236274719, 16.7531967163, 17.1827659607, 17.600725174, 18.0186843872, 18.4482536316, 18.877822876, 19.3073921204, 19.7369613647, 20.154920578, 20.5728797913, 21.0024490356, 21.43201828, 21.8499774933, 22.2795467377, 22.7091159821, 23.1270751953, 23.5566444397, 23.9862117767, 24.40417099, 24.8337402344, 25.2633094788, 25.681268692, 26.1108379364, 26.5404071808, 26.958366394, 27.3763256073, 27.8058948517, 28.2354640961, 28.6766433716, 29.1178226471, 29.5590019226, 30.0234012604, 30.4878005981, 30.9521980286, 31.4165973663, 31.869386673, 32.3453979492, 32.7981834412, 33.239364624, 33.6805419922, 34.1333312988, 34.5861206055, 35.0389099121, 35.4684791565, 35.8980484009, 36.3160095215, 36.7455787659, 37.1751480103, 37.5931053162, 38.0226745605, 38.4522438049, 38.8702049255, 39.2997741699, 39.7293434143, 40.1473007202, 40.5768699646, 41.006439209, 41.4360084534, 41.8655776978, 42.2835350037, 42.713104248, 43.1426734924, 43.560634613, 43.9785919189, 44.4081611633, 44.8377304077, 45.2556915283, 45.6852607727, 46.1148300171, 46.532787323, 46.9623565674, 47.3919258118, 47.8098869324, 48.2394561768, 48.6690254211, 49.0869827271, 49.5165519714, 49.9461212158, 50.3640823364, 50.7936515808, 51.2232208252, 51.6411781311, 52.0707473755, 52.5003166199, 52.9182739258, 53.3478431702, 53.7774124146, 54.1953735352, 54.6133308411, 55.0429000854, 55.4724693298, 55.9020385742, 56.3316078186, 56.7495689392, 57.1675262451, 57.5970954895, 58.0266647339, 58.4446258545, 58.8741950989, 59.3037643433, 59.7217216492, 60.1512908936, 60.5808601379, 60.9988212585, 61.4283905029, 61.8579597473, 62.2759170532, 62.7054862976, 63.135055542, 63.5530128479, 63.9825820923, 64.4121551514, 64.8301086426, 65.2596817017, 65.6892471313, 66.107208252, 66.536781311, 66.9663467407, 67.3843078613, 67.8022689819, 68.2318344116, 68.6614074707, 69.0909729004, 69.5205459595, 69.9384994507, 70.3564605713, 70.7976379395, 71.2155990601, 71.6335601807, 72.0747375488, 72.4926986694, 72.91065979, 73.3402252197, 73.7697982788, 74.18775177, 74.6173248291, 75.0468902588, 75.4648513794, 75.9060287476, 76.3239898682, 76.7419509888, 77.1715164185, 77.6010894775, 78.0190429688, 78.4486160278, 78.8781814575, 79.2961425781, 79.7257156372, 80.1552810669, 80.5732421875, 81.0028076172, 81.4323806763, 81.861946106, 82.291519165, 82.7210845947, 83.1506576538, 83.591835022, 84.0214080811, 84.4509735107, 84.8921508789, 85.3333282471, 85.7745132446, 86.2273025513, 86.6800918579, 87.1212692261, 87.5624465942, 88.0036239624, 88.44480896, 88.8859863281, 89.3387756348, 89.7915649414, 90.244354248, 90.6971435547, 91.1499328613, 91.602722168, 92.0438995361, 92.4734649658, 92.9146499634, 93.3442153931, 93.7737884521, 94.2033538818, 94.6329269409, 95.0624923706, 95.4804534912, 95.8984146118, 96.316368103, 96.7459411621, 97.1755065918, 97.6050796509, 98.0346450806, 98.4526062012, 98.8821716309, 99.3117446899, 99.7297058105, 100.147659302, 100.577232361, 101.006797791, 101.43637085, 101.865936279, 102.2838974, 102.701858521, 103.13142395, 103.560997009, 103.97895813, 104.40852356, 104.838096619, 105.25605011, 105.685623169, 106.115188599, 106.533149719, 106.962722778, 107.392288208, 107.810249329, 108.239814758, 108.669387817, 109.087341309, 109.516914368, 109.946479797, 110.364440918, 110.782402039, 111.211967468, 111.641540527, 112.082717896, 112.523895264, 112.988296509, 113.452697754, 113.905487061, 114.358276367, 114.822669983, 115.27545929, 115.728248596, 116.192649841, 116.633827209, 117.075012207, 117.492965698, 117.922538757, 118.352104187, 118.781677246, 119.211242676, 119.629203796, 120.047164917, 120.476730347, 120.906303406, 121.335868835, 121.765441895, 122.195007324, 122.636184692, 123.07736969, 123.518547058, 123.959724426, 124.400901794, 124.830474854, 125.260040283, 125.689613342, 126.107574463, 126.537139893, 126.966712952, 127.384666443, 127.814239502, 128.243804932, 128.661773682, 129.091339111, 129.520904541, 129.938858032, 130.356826782, 130.786392212, 131.215957642, 131.645523071, 132.07510376, 132.493057251, 132.911010742, 133.340591431, 133.77015686, 134.188110352, 134.61769104, 135.04725647, 135.476821899, 135.906387329, 136.324356079, 136.74230957, 137.171875, 137.601455688, 138.031021118, 138.448974609, 138.878540039, 139.296508789, 139.726074219, 140.155639648, 140.573608398, 141.003173828, 141.432739258, 141.850692749, 142.280273438, 142.709838867, 143.127792358, 143.557373047, 143.986938477, 144.404891968, 144.834457397, 145.264038086, 145.681991577, 146.111557007, 146.541137695, 146.959091187, 147.388656616, 147.818222046, 148.236190796, 148.665756226, 149.095321655, 149.513290405, 149.931243896, 150.372421265, 150.790390015, 151.208343506, 151.637908936, 152.055877686, 152.485443115, 152.915008545, 153.344573975, 153.774139404, 154.203720093, 154.621673584, 155.039627075, 155.469207764, 155.898773193, 156.316726685, 156.746307373, 157.175872803, 157.593826294, 158.023391724, 158.452972412, 158.870925903, 159.300491333, 159.730072021, 160.148025513, 160.577590942, 161.007156372, 161.425125122, 161.854690552, 162.284255981, 162.702224731, 163.131790161, 163.561355591, 163.979324341, 164.408889771, 164.8384552, 165.256408691, 165.68598938, 166.11555481, 166.556732178, 166.997909546, 167.439086914, 167.891876221, 168.333053589, 168.774230957, 169.215423584, 169.668212891, 170.121002197, 170.562179565, 170.991744995, 171.421310425, 171.850875854, 172.292053223, 172.73324585, 173.186035156, 173.638824463, 174.080001831, 174.521179199, 174.973968506, 175.415145874, 175.856323242, 176.29750061, 176.72706604, 177.226303101, 177.725524902, 178.236373901, 178.747207642, 179.246429443, 179.745666504, 180.186843872, 180.62802124, 181.069198608, 181.487167358, 181.90512085, 182.323074341, 182.741043091, 183.100952148, 183.460861206, 183.820770264, 184.180679321, 184.540588379, 184.900497437, 185.272018433, 185.63192749, 185.991836548], "beats_loudness": {"dvar2": 0.00177517498378, "var": 0.00220521446317, "min": 1.50181769798e-10, "dmean": 0.0222605727613, "mean": 0.0588361099362, "max": 0.167369782925, "dmean2": 0.0390847101808, "median": 0.0588703230023, "dvar": 0.000696693430655}, "bpm_histogram_second_peak_weight": {"dvar2": 0, "var": 0, "min": 0.0532407425344, "dmean": 0, "mean": 0.0532407425344, "max": 0.0532407425344, "dmean2": 0, "median": 0.0532407425344, "dvar": 0}, "bpm_histogram_second_peak_spread": {"dvar2": 0, "var": 0, "min": 0.258064508438, "dmean": 0, "mean": 0.258064508438, "max": 0.258064508438, "dmean2": 0, "median": 0.258064508438, "dvar": 0}, "bpm_histogram_second_peak_bpm": {"dvar2": 0, "var": 0, "min": 133, "dmean": 0, "mean": 133, "max": 133, "dmean2": 0, "median": 133, "dvar": 0}, "onset_rate": 3.82086086273}, "lowlevel": {"spectral_energyband_high": {"dvar2": 6.28885709375e-06, "var": 5.05946354679e-06, "min": 7.66290829843e-21, "dmean": 0.000956269563176, "mean": 0.00227449159138, "max": 0.0175067521632, "dmean2": 0.00139206566382, "median": 0.00169049319811, "dvar": 2.70110172096e-06}, "spectral_energyband_middle_low": {"dvar2": 0.000235066414461, "var": 0.00012838015391, "min": 2.3684252423e-22, "dmean": 0.00485831219703, "mean": 0.00706264656037, "max": 0.0768639147282, "dmean2": 0.00744637101889, "median": 0.00391303468496, "dvar": 0.000114253445645}, "spectral_energy": {"dvar2": 0.000833339581732, "var": 0.00110210385174, "min": 1.05855732783e-20, "dmean": 0.0125590404496, "mean": 0.0326192714274, "max": 0.187045633793, "dmean2": 0.0172278210521, "median": 0.0208727754653, "dvar": 0.00041910118307}, "spectral_spread": {"dvar2": 854509617152, "var": 2418997460990.0, "min": 2315324, "dmean": 508793.46875, "mean": 6896079.5, "max": 53655040, "dmean2": 742532, "median": 6753558, "dvar": 619034968064}, "spectral_energyband_low": {"dvar2": 0.00117783388123, "var": 0.000993241323158, "min": 2.94610959781e-23, "dmean": 0.0110174836591, "mean": 0.0203726254404, "max": 0.175969973207, "dmean2": 0.0164871010929, "median": 0.00512656848878, "dvar": 0.000578107370529}, "spectral_rolloff": {"dvar2": 2939961.5, "var": 8323894.5, "min": 64.599609375, "dmean": 868.017028809, "mean": 2678.765625, "max": 18690.8203125, "dmean2": 1332.66833496, "median": 1550.390625, "dvar": 1580884.75}, "barkbands": {"dvar2": [2.54258196719e-07, 0.000171747451532, 0.00138550112024, 0.000234297345742, 0.000102051235444, 3.95702591049e-06, 1.72179522906e-06, 3.1853787732e-06, 9.77294803306e-07, 1.3101357581e-06, 9.94796437226e-07, 1.46869217588e-06, 8.97512848042e-07, 4.56531239479e-07, 4.46582703262e-07, 2.45175897362e-07, 3.52830738848e-07, 1.42283710147e-07, 1.41332179737e-07, 3.02567570998e-07, 1.68425117408e-07, 3.26360293457e-07, 1.81511182973e-07, 1.86563269722e-07, 1.90763714158e-07, 1.23955430809e-07, 4.89218007196e-14], "var": [4.20638343712e-07, 0.00032238670974, 0.00045148449135, 6.07509900874e-05, 2.15463333006e-05, 1.07772689262e-06, 2.27179862122e-06, 2.94556843983e-06, 1.77724621153e-06, 1.34355559567e-06, 4.55263091226e-07, 7.41949349958e-07, 4.30386762673e-07, 4.98156623507e-07, 2.11250920756e-07, 1.84638096812e-07, 3.44437381727e-07, 1.34169837906e-07, 1.21630534977e-07, 1.26300335523e-07, 1.32662918872e-07, 1.7030060917e-07, 1.50487167616e-07, 1.402922436e-07, 2.19155523951e-07, 9.80163648023e-08, 9.99672265404e-15], "min": [8.0608637334e-25, 4.67870641873e-24, 1.46679465514e-24, 1.5639978395e-23, 2.49714282424e-23, 3.22424396696e-23, 6.81966087378e-23, 2.27288307952e-23, 3.25078882088e-23, 3.00412242878e-23, 4.06575755107e-23, 7.49683422095e-23, 9.59966413285e-23, 6.89652558712e-23, 1.69375075404e-22, 1.65928750369e-22, 8.35819207445e-23, 1.61089095026e-22, 3.7204328694e-22, 3.04961963439e-22, 3.19636038453e-22, 5.32497064947e-22, 5.74307197795e-22, 7.52701742758e-22, 1.03266370699e-21, 1.59005237534e-21, 2.47424524032e-21], "dmean": [0.000178532500286, 0.00496509578079, 0.00716429203749, 0.00278726429678, 0.00192675879225, 0.000535389815923, 0.000589363160543, 0.000668094377033, 0.00037303744466, 0.00043860389269, 0.000334502576152, 0.000486874778289, 0.000306262780214, 0.000235931380303, 0.000233551429119, 0.000204243959161, 0.000194500113139, 0.000138734598295, 0.000152226668433, 0.00018383670249, 0.000172836575075, 0.000195129105123, 0.000178450762178, 0.00016883839271, 0.000169590726728, 0.000132669039886, 1.34302506893e-08], "mean": [0.000388855230995, 0.0129812275991, 0.00561749842018, 0.00213290331885, 0.00165947887581, 0.00055620924104, 0.00104604952503, 0.000941487727687, 0.00064433348598, 0.000714521796908, 0.000441149284597, 0.000704244244844, 0.000390081899241, 0.000370575144188, 0.000368342967704, 0.000350448943209, 0.000343730469467, 0.000277980754618, 0.000281735439785, 0.00031540679629, 0.000345797685441, 0.000350580114173, 0.000377532182029, 0.000364590843674, 0.000395944196498, 0.000258526997641, 8.40630764998e-09], "max": [0.00463834870607, 0.107017472386, 0.144647046924, 0.0651328414679, 0.0494158379734, 0.0161667428911, 0.0202710554004, 0.0309718940407, 0.0253079161048, 0.0104271601886, 0.00826967786998, 0.008993614465, 0.0074080391787, 0.00928889960051, 0.00935130752623, 0.00615464057773, 0.0103654041886, 0.00822185818106, 0.00608893064782, 0.00390888797119, 0.00335836480372, 0.00382769107819, 0.00477817840874, 0.00334757240489, 0.00729401735589, 0.00372074404731, 4.87605893795e-06], "dmean2": [0.000262544315774, 0.00755445798859, 0.0119316233322, 0.00483350921422, 0.00348773552105, 0.000934542855248, 0.00090880645439, 0.00112023029942, 0.000582483713515, 0.000719036266673, 0.000565410009585, 0.000816897430923, 0.000508798810188, 0.000367121770978, 0.000390668865293, 0.000337880221196, 0.000316639023367, 0.000226612552069, 0.000246551033342, 0.000310585077386, 0.000273200363154, 0.000307519134367, 0.000274284917396, 0.000255976046901, 0.000254150218097, 0.000196347595192, 2.5428418482e-08], "median": [4.62209754915e-05, 0.00188190850895, 0.00013690040214, 0.00015733622422, 0.000522421789356, 0.000216851010919, 0.000487008772325, 0.000410180073231, 0.000261253968347, 0.000308705290081, 0.000222457470954, 0.000406698265579, 0.000189660655451, 0.000197892208234, 0.000242576992605, 0.000230463934713, 0.000204992073122, 0.000200573005714, 0.000191253406228, 0.00022872792033, 0.000262780464254, 0.000249852193519, 0.000280050328001, 0.000259784341324, 0.000269318406936, 0.000161663716426, 4.46740200388e-10], "dvar": [1.15811644719e-07, 8.38502746774e-05, 0.000564674381167, 8.84896144271e-05, 3.59776677215e-05, 1.36816368013e-06, 7.8974585449e-07, 1.26012014334e-06, 4.91043067541e-07, 5.28529369603e-07, 3.78104545007e-07, 5.51282937522e-07, 3.61607987998e-07, 2.36331416659e-07, 1.59841960112e-07, 9.70500693143e-08, 1.47498326442e-07, 5.87246908879e-08, 6.16620141614e-08, 1.10737765624e-07, 6.88898680323e-08, 1.26589299043e-07, 8.0502985611e-08, 7.95996868419e-08, 9.55399599434e-08, 5.73628931022e-08, 1.70620133554e-14]}, "melbands_skewness": {"dvar2": 2.67181038857, "var": 8.71384239197, "min": -1.95310235023, "dmean": 1.0544667244, "mean": 3.50466418266, "max": 17.7029800415, "dmean2": 1.38882470131, "median": 2.56847453117, "dvar": 1.70724868774}, "barkbands_skewness": {"dvar2": 0.749153971672, "var": 2.50595664978, "min": -3.18122220039, "dmean": 0.609058797359, "mean": 1.63007104397, "max": 10.1249761581, "dmean2": 0.809164226055, "median": 1.44446122646, "dvar": 0.441904217005}, "erbbands": {"dvar2": [0.132034748793, 11.9266881943, 1196.0748291, 1588.81738281, 1325.38464355, 1178.92138672, 280.826019287, 297.821594238, 287.348083496, 695.36529541, 1299.6373291, 576.514404297, 862.512695312, 1265.60095215, 1493.45410156, 2074.39770508, 2098.70532227, 1150.41247559, 1564.40075684, 674.433776855, 792.320251465, 801.17376709, 489.135681152, 251.060348511, 486.002410889, 720.965637207, 326.24407959, 297.865356445, 332.245666504, 379.141113281, 135.018875122, 82.0876846313, 52.5431442261, 25.5389080048, 9.90458583832, 3.43729996681, 0.4314917624, 0.00305802910589, 9.99966687232e-07, 3.83110165814e-09], "var": [0.338472723961, 17.8440761566, 410.932281494, 673.197692871, 332.708435059, 248.823913574, 70.8533782959, 82.5497665405, 427.516967773, 527.709716797, 1170.5994873, 1187.18371582, 525.912719727, 1221.9420166, 698.304138184, 1000.01593018, 890.903442383, 1407.24902344, 859.036254883, 361.753692627, 841.283630371, 891.875976562, 503.582763672, 208.788101196, 302.895111084, 300.332305908, 195.795684814, 237.841339111, 191.306640625, 204.05090332, 119.031692505, 66.1864700317, 38.8461799622, 25.329875946, 12.0272541046, 2.74320864677, 0.320665180683, 0.00232883240096, 7.9267226738e-07, 4.9484474296e-09], "min": [2.02657407296e-22, 1.04119027101e-21, 2.85411521388e-21, 4.16909336173e-20, 3.3330392984e-20, 7.8625443003e-20, 2.79165003985e-19, 2.60682635474e-19, 3.01377155727e-19, 9.16512706589e-19, 7.80077846547e-19, 8.20973604333e-19, 8.02914855693e-19, 2.14714208092e-18, 2.07840647394e-18, 3.408040372e-18, 4.62834187939e-18, 3.518937168e-18, 7.47804443691e-18, 8.17124081538e-18, 8.3000692327e-18, 5.06019095692e-18, 7.97609401963e-18, 1.28111532972e-17, 1.87195985335e-17, 1.61161087669e-17, 1.09017631902e-17, 1.53042591198e-17, 1.6367292086e-17, 1.74951230728e-17, 1.79591862857e-17, 1.16513401993e-17, 1.4107876367e-17, 8.03905487195e-18, 9.61360723002e-18, 5.73083260163e-18, 2.6228873588e-18, 1.21180264019e-18, 3.19653944006e-19, 3.68478428296e-20], "dmean": [0.156124278903, 1.24044632912, 6.88519191742, 8.76655292511, 6.78730869293, 6.72565889359, 4.23944377899, 4.70351648331, 7.12992763519, 10.6572170258, 13.9772539139, 9.10183334351, 8.74017620087, 14.9604597092, 15.3992910385, 17.3145160675, 14.3093805313, 12.193154335, 12.585018158, 10.0953321457, 11.2189064026, 9.79277610779, 7.53703165054, 6.91327095032, 8.12554550171, 9.0078163147, 7.15554380417, 7.01907396317, 6.53833293915, 6.7347946167, 5.00508451462, 3.77814865112, 2.74757766724, 1.95496714115, 1.25451588631, 0.672354876995, 0.253480345011, 0.0216668769717, 0.00039039758849, 2.67461291514e-05], "mean": [0.40448397398, 2.80856251717, 6.05542850494, 7.8583984375, 5.62335157394, 5.84593391418, 4.25426054001, 5.05034542084, 12.9815721512, 16.6254940033, 20.9017066956, 16.5137004852, 13.3096151352, 25.5792942047, 23.4711799622, 25.5974216461, 19.1631450653, 19.0350112915, 20.782169342, 17.0172519684, 21.1871109009, 18.8808765411, 15.537607193, 14.1885442734, 14.3513240814, 15.287481308, 13.3999023438, 13.9565839767, 11.8464050293, 12.6550674438, 10.6242113113, 8.10490608215, 5.75688171387, 4.38140439987, 2.81589746475, 1.3281109333, 0.464801073074, 0.0375901125371, 0.000726377475075, 7.79686670285e-05], "max": [3.43331456184, 23.3061008453, 141.161941528, 185.292434692, 168.440628052, 182.879318237, 96.5026473999, 143.7240448, 213.896194458, 438.792633057, 578.215515137, 671.934875488, 341.755950928, 343.810882568, 270.821899414, 378.206634521, 350.220245361, 526.066772461, 676.633972168, 269.386962891, 388.627624512, 509.535766602, 475.487609863, 201.972305298, 242.406616211, 208.959182739, 133.591156006, 181.520248413, 136.713317871, 135.506759644, 149.842956543, 72.6473693848, 71.9670639038, 82.6577224731, 53.8784103394, 26.4955749512, 5.90722990036, 0.481063097715, 0.00871706847101, 0.000562850793358], "dmean2": [0.192478105426, 1.83240652084, 11.3108768463, 13.5921916962, 11.6826848984, 12.1823282242, 7.57442378998, 8.15293502808, 11.0425596237, 17.244720459, 23.1845741272, 13.9645090103, 14.6069574356, 24.3405017853, 25.7455863953, 29.171962738, 23.8863124847, 18.6552619934, 20.7175655365, 16.608253479, 18.4192066193, 15.8340406418, 12.2520856857, 11.359131813, 13.3598022461, 15.1927947998, 11.4924077988, 11.1468820572, 10.2404308319, 10.667424202, 7.71764802933, 5.81270360947, 4.17173099518, 2.99301290512, 1.8809068203, 1.01752078533, 0.37976744771, 0.0326523557305, 0.000578910112381, 4.0399718273e-05], "median": [0.0828264802694, 0.308089613914, 0.281148374081, 0.547655701637, 1.28974330425, 1.72993052006, 1.46087670326, 2.1046962738, 5.6097111702, 9.19085788727, 10.085308075, 7.12565517426, 6.37507343292, 13.584066391, 15.2739086151, 14.9191160202, 10.0622901917, 9.99136352539, 13.1219825745, 11.902671814, 13.51167202, 11.8977746964, 11.0490083694, 10.8629045486, 9.46206092834, 11.194231987, 9.99376678467, 10.0957756042, 8.3345708847, 9.13757419586, 7.88335847855, 5.83799219131, 4.08148384094, 3.0605635643, 1.84946274757, 0.823156893253, 0.286200493574, 0.0225924700499, 0.000455733650597, 5.98251717747e-05], "dvar": [0.0707345679402, 5.71714687347, 487.195678711, 712.402404785, 492.776306152, 412.842895508, 96.3211669922, 104.464736938, 131.07093811, 287.979675293, 522.434753418, 303.608276367, 325.235687256, 513.124389648, 561.796691895, 775.182189941, 795.967407227, 600.858337402, 596.600769043, 254.628295898, 308.754608154, 349.866149902, 197.670181274, 97.2473754883, 192.014938354, 265.19128418, 126.397438049, 122.598899841, 131.969390869, 150.376113892, 61.043182373, 35.345905304, 22.6373100281, 12.1495075226, 4.98000335693, 1.52934646606, 0.200075864792, 0.00149937462993, 4.88478974603e-07, 1.98493554926e-09]}, "silence_rate_30dB": {"dvar2": 0.104201026261, "var": 0.0515252687037, "min": 0, "dmean": 0.0559980086982, "mean": 0.94550204277, "max": 1, "dmean2": 0.112009957433, "median": 1, "dvar": 0.0528672151268}, "melbands_spread": {"dvar2": 287.117126465, "var": 707.967651367, "min": 1.06486093998, "dmean": 9.25165939331, "mean": 31.7609767914, "max": 221.01802063, "dmean2": 13.8989238739, "median": 23.5452289581, "dvar": 143.302093506}, "melbands_crest": {"dvar2": 28.013967514, "var": 60.1763000488, "min": 1.71208977699, "dmean": 3.67812514305, "mean": 16.9297485352, "max": 34.7013778687, "dmean2": 5.62885808945, "median": 17.0555839539, "dvar": 12.7451524734}, "zerocrossingrate": {"dvar2": 0.000301563355606, "var": 0.00521411048248, "min": 0.005859375, "dmean": 0.0171984862536, "mean": 0.105423241854, "max": 0.52587890625, "dmean2": 0.0188114382327, "median": 0.0888671875, "dvar": 0.000316154590109}, "barkbands_kurtosis": {"dvar2": 67.3078613281, "var": 79.3764801025, "min": -1.87376368046, "dmean": 3.32370471954, "mean": 4.72144937515, "max": 111.482147217, "dmean2": 4.74713563919, "median": 1.65047121048, "dvar": 33.8269081116}, "spectral_flux": {"dvar2": 0.0025408344809, "var": 0.00558475451544, "min": 1.02886213438e-10, "dmean": 0.0288811568171, "mean": 0.0936234071851, "max": 0.363320440054, "dmean2": 0.0401267558336, "median": 0.071130387485, "dvar": 0.00151442410424}, "barkbands_crest": {"dvar2": 14.7676916122, "var": 41.6105270386, "min": 1.8824955225, "dmean": 2.73683261871, "mean": 12.0389232635, "max": 25.9890022278, "dmean2": 4.13189411163, "median": 10.7464818954, "dvar": 7.21058368683}, "barkbands_flatness_db": {"dvar2": 0.000759281858336, "var": 0.00253260158934, "min": 0.0375752821565, "dmean": 0.0212105959654, "mean": 0.130968183279, "max": 0.32425391674, "dmean2": 0.0297655574977, "median": 0.120149053633, "dvar": 0.000460732670035}, "spectral_entropy": {"dvar2": 0.0232714600861, "var": 0.1401116997, "min": 6.66757392883, "dmean": 0.107108272612, "mean": 8.11460494995, "max": 9.79029941559, "dmean2": 0.156139478087, "median": 8.24289703369, "dvar": 0.0117722181603}, "pitch_salience": {"dvar2": 0.0108725652099, "var": 0.0393955409527, "min": 0.0809856206179, "dmean": 0.0800558626652, "mean": 0.51878207922, "max": 0.89147567749, "dmean2": 0.114863939583, "median": 0.578698456287, "dvar": 0.00712617300451}, "erbbands_spread": {"dvar2": 158.154998779, "var": 554.929748535, "min": 4.01918411255, "dmean": 9.440533638, "mean": 52.1536064148, "max": 170.290084839, "dmean2": 13.1479415894, "median": 48.5413551331, "dvar": 102.04234314}, "dynamic_complexity": 2.66723370552, "spectral_contrast_valleys": {"dvar2": [0.547118127346, 0.429561465979, 0.255565434694, 0.215731739998, 0.138042002916, 0.139707237482], "var": [3.73109555244, 2.00607657433, 1.74419736862, 1.71753895283, 1.81122243404, 1.6572740078], "min": [-27.4780044556, -27.5348968506, -27.4467964172, -27.242521286, -27.3611221313, -27.2926692963], "dmean": [0.512735724449, 0.465254276991, 0.370893985033, 0.316619306803, 0.250867038965, 0.232752412558], "mean": [-8.13413524628, -7.0270690918, -7.20448827744, -7.51814031601, -7.31088256836, -9.12299537659], "max": [-5.45744657516, -4.72560119629, -5.20516109467, -5.58320379257, -5.60948085785, -7.43037843704], "dmean2": [0.8045347929, 0.737772464752, 0.580607831478, 0.497382700443, 0.381574302912, 0.322782814503], "median": [-7.65045928955, -6.9112944603, -7.02400255203, -7.23613214493, -6.96533298492, -8.80722141266], "dvar": [0.266029000282, 0.18792770803, 0.121539391577, 0.10418754071, 0.0802948996425, 0.083953820169]}, "hfc": {"dvar2": 757.743347168, "var": 600.735168457, "min": 1.17748432278e-16, "dmean": 10.8136558533, "mean": 29.2998161316, "max": 182.208557129, "dmean2": 15.5423870087, "median": 23.0811004639, "dvar": 317.787109375}, "spectral_kurtosis": {"dvar2": 1.13777637482, "var": 3.68096804619, "min": -1.28983461857, "dmean": 0.528380870819, "mean": 2.33704972267, "max": 23.9121932983, "dmean2": 0.81927639246, "median": 1.87943887711, "dvar": 0.476805597544}, "mfcc": {"mean": [-624.476074219, 72.4371948242, 6.73850917816, 2.17829608917, 2.72755360603, 2.70515799522, 0.636433303356, 5.51965141296, 1.63341522217, 3.81292867661, 0.779138982296, 4.20884895325, 4.64629268646], "cov": [[7905.79882812, 162.543792725, 468.262115479, 770.310791016, 216.62147522, 549.389038086, 418.685028076, 262.488800049, 202.391830444, 30.7690944672, 158.333236694, 150.847106934, 189.735839844], [162.543792725, 1069.33374023, 168.46232605, -75.5268249512, 189.619171143, -39.8709869385, 28.0760269165, 44.6848297119, -14.0736560822, 83.0855178833, -29.8092880249, -47.0339355469, -58.276096344], [468.262115479, 168.46232605, 545.699829102, 341.309204102, 257.604888916, 250.240264893, 190.044830322, 150.995803833, 162.806930542, 73.3596038818, 103.759078979, 88.8110733032, 58.2751426697], [770.310791016, -75.5268249512, 341.309204102, 540.336303711, 275.100311279, 332.743927002, 250.627883911, 176.166397095, 206.892547607, 65.8667602539, 151.207504272, 157.718460083, 147.558486938], [216.62147522, 189.619171143, 257.604888916, 275.100311279, 309.44644165, 176.62159729, 155.196792603, 132.264358521, 132.240585327, 72.3988265991, 85.8306427002, 91.8565673828, 68.2926330566], [549.389038086, -39.8709869385, 250.240264893, 332.743927002, 176.62159729, 401.210083008, 280.007385254, 157.644134521, 173.660552979, 95.6531448364, 131.601516724, 114.776611328, 109.070846558], [418.685028076, 28.0760269165, 190.044830322, 250.627883911, 155.196792603, 280.007385254, 274.605987549, 159.516296387, 148.311462402, 100.004875183, 111.699447632, 97.2574005127, 86.8282470703], [262.488800049, 44.6848297119, 150.995803833, 176.166397095, 132.264358521, 157.644134521, 159.516296387, 183.044998169, 121.394187927, 76.8039550781, 77.8434753418, 71.1410140991, 68.9464035034], [202.391830444, -14.0736560822, 162.806930542, 206.892547607, 132.240585327, 173.660552979, 148.311462402, 121.394187927, 196.375701904, 91.6769180298, 107.922203064, 95.0874176025, 75.5014266968], [30.7690944672, 83.0855178833, 73.3596038818, 65.8667602539, 72.3988265991, 95.6531448364, 100.004875183, 76.8039550781, 91.6769180298, 119.719429016, 73.8988494873, 43.2720832825, 33.4757347107], [158.333236694, -29.8092880249, 103.759078979, 151.207504272, 85.8306427002, 131.601516724, 111.699447632, 77.8434753418, 107.922203064, 73.8988494873, 126.67149353, 97.3469772339, 68.263053894], [150.847106934, -47.0339355469, 88.8110733032, 157.718460083, 91.8565673828, 114.776611328, 97.2574005127, 71.1410140991, 95.0874176025, 43.2720832825, 97.3469772339, 128.408676147, 92.8566055298], [189.735839844, -58.276096344, 58.2751426697, 147.558486938, 68.2926330566, 109.070846558, 86.8282470703, 68.9464035034, 75.5014266968, 33.4757347107, 68.263053894, 92.8566055298, 123.039512634]], "icov": [[0.000163603908732, -0.000111036133603, 1.15956545415e-05, -0.000365289102774, 0.000299981620628, -6.32644660072e-05, -7.34406858101e-05, -9.25046479097e-05, 7.54256761866e-05, 0.000152697364683, -2.73443183687e-05, 7.72971980041e-05, -1.00414772533e-05], [-0.000111036133603, 0.0016281909775, -0.000577230588533, 0.00118523067795, -0.00183766777627, 0.000526568444911, -0.000470438506454, 0.000152383639943, 0.000668359512929, -0.00142561667599, 0.000643524108455, 0.00028247339651, 1.70247869846e-06], [1.15956545415e-05, -0.000577230588533, 0.004050466232, -0.00170045357663, -0.0010171161266, -0.0011432954343, 0.000792077335063, -0.000790100370068, -0.000772704486735, 0.000591997057199, -0.000518143060617, 0.000102970261651, 0.00181428645737], [-0.000365289102774, 0.00118523067795, -0.00170045357663, 0.00910286046565, -0.00461723469198, -0.00195984169841, -0.00083574821474, 0.000339337188052, -0.00203889724799, 0.00378102622926, -0.00228230049834, 0.000765845587011, -0.00337636168115], [0.000299981620628, -0.00183766777627, -0.0010171161266, -0.00461723469198, 0.0101429102942, 0.000339400517987, 0.000120652934129, -0.00187125382945, -0.000410239852499, -0.00114459649194, 0.00201880116947, -0.00330118555576, 0.00165335542988], [-6.32644660072e-05, 0.000526568444911, -0.0011432954343, -0.00195984169841, 0.000339400517987, 0.0113065671176, -0.00946959666908, 0.00201802048832, -0.000777234847192, -2.64268746832e-05, -0.00131794717163, 0.00198660767637, -0.00170458154753], [-7.34406858101e-05, -0.000470438506454, 0.000792077335063, -0.00083574821474, 0.000120652934129, -0.00946959666908, 0.0185784120113, -0.00634263549, 0.000628409849014, -0.00386424548924, 0.000180929593625, -0.0021606865339, 0.00148461433128], [-9.25046479097e-05, 0.000152383639943, -0.000790100370068, 0.000339337188052, -0.00187125382945, 0.00201802048832, -0.00634263549, 0.0141537738964, -0.00318485521711, -0.00173531973269, 0.000811124511529, 0.00132070574909, -0.00304371491075], [7.54256761866e-05, 0.000668359512929, -0.000772704486735, -0.00203889724799, -0.000410239852499, -0.000777234847192, 0.000628409849014, -0.00318485521711, 0.0154640702531, -0.00616829423234, -0.00226880214177, -0.00275882636197, 0.000799048459157], [0.000152697364683, -0.00142561667599, 0.000591997057199, 0.00378102622926, -0.00114459649194, -2.64268746832e-05, -0.00386424548924, -0.00173531973269, -0.00616829423234, 0.0221436228603, -0.0118131041527, 0.00639640446752, -0.00188038754277], [-2.73443183687e-05, 0.000643524108455, -0.000518143060617, -0.00228230049834, 0.00201880116947, -0.00131794717163, 0.000180929593625, 0.000811124511529, -0.00226880214177, -0.0118131041527, 0.0314569957554, -0.018362712115, 0.00380693282932], [7.72971980041e-05, 0.00028247339651, 0.000102970261651, 0.000765845587011, -0.00330118555576, 0.00198660767637, -0.0021606865339, 0.00132070574909, -0.00275882636197, 0.00639640446752, -0.018362712115, 0.0326341353357, -0.0145849492401], [-1.00414772533e-05, 1.70247869846e-06, 0.00181428645737, -0.00337636168115, 0.00165335542988, -0.00170458154753, 0.00148461433128, -0.00304371491075, 0.000799048459157, -0.00188038754277, 0.00380693282932, -0.0145849492401, 0.0215011946857]]}, "silence_rate_20dB": {"dvar2": 0, "var": 0, "min": 1, "dmean": 0, "mean": 1, "max": 1, "dmean2": 0, "median": 1, "dvar": 0}, "melbands_kurtosis": {"dvar2": 1476.91870117, "var": 1863.2454834, "min": -1.82064521313, "dmean": 14.7961063385, "mean": 26.066116333, "max": 447.444793701, "dmean2": 20.6922740936, "median": 9.00852966309, "dvar": 762.142211914}, "barkbands_spread": {"dvar2": 114.695228577, "var": 243.896957397, "min": 2.27851676941, "dmean": 7.41695833206, "mean": 31.7126655579, "max": 115.701705933, "dmean2": 10.9026212692, "median": 31.1224098206, "dvar": 53.879901886}, "erbbands_skewness": {"dvar2": 0.130740612745, "var": 0.407953023911, "min": -2.98691105843, "dmean": 0.268969029188, "mean": 0.219523996115, "max": 3.56465244293, "dmean2": 0.418739140034, "median": 0.135215640068, "dvar": 0.0602577961981}, "average_loudness": 0.88711565733, "spectral_centroid": {"dvar2": 196573.84375, "var": 637009.5625, "min": 239.91104126, "dmean": 309.279998779, "mean": 1903.57958984, "max": 11491.84375, "dmean2": 452.660583496, "median": 1912.2590332, "dvar": 114813.835938}, "dissonance": {"dvar2": 0.000683765450958, "var": 0.000855674617924, "min": 0.236388713121, "dmean": 0.0137869613245, "mean": 0.473268091679, "max": 0.500000059605, "dmean2": 0.0232686307281, "median": 0.482880711555, "dvar": 0.000248986150837}, "erbbands_flatness_db": {"dvar2": 0.000284252193524, "var": 0.00187102286145, "min": 0.0515499264002, "dmean": 0.0127535071224, "mean": 0.116920985281, "max": 0.332898586988, "dmean2": 0.0188563819975, "median": 0.105006583035, "dvar": 0.000149024956045}, "spectral_strongpeak": {"dvar2": 0.618842899799, "var": 0.574942052364, "min": 0, "dmean": 0.324326187372, "mean": 0.724198520184, "max": 8.56102371216, "dmean2": 0.52435362339, "median": 0.530639708042, "dvar": 0.258552342653}, "spectral_rms": {"dvar2": 2.36652249441e-06, "var": 6.78976130075e-06, "min": 3.21362532939e-12, "dmean": 0.000928187335376, "mean": 0.00500338152051, "max": 0.013508646749, "dmean2": 0.00127155380324, "median": 0.00451261363924, "dvar": 1.37147219448e-06}, "silence_rate_60dB": {"dvar2": 0.0328534319997, "var": 0.0509708039463, "min": 0, "dmean": 0.0136884022504, "mean": 0.0538758225739, "max": 1, "dmean2": 0.0273802112788, "median": 0, "dvar": 0.0135018769652}, "melbands": {"dvar2": [1.0165979802e-05, 0.000147690967424, 2.96856251225e-05, 6.93179072186e-06, 4.89922967972e-07, 1.36279936669e-07, 6.96798991839e-08, 9.74584679625e-08, 6.64720047894e-08, 1.99575964643e-08, 2.26300649331e-08, 2.31878125589e-08, 2.10529833566e-08, 2.31044001708e-08, 1.11256124313e-08, 8.33262525646e-09, 4.33772884278e-09, 4.49332571151e-09, 1.62038515938e-09, 1.09688180761e-09, 1.44573164551e-09, 1.15011422608e-09, 1.28300670088e-09, 2.24942814375e-10, 1.88405221979e-10, 3.19894999379e-10, 3.35126260076e-10, 3.23533588809e-10, 1.66645225397e-10, 1.19563262069e-10, 1.33264219104e-10, 1.08548926792e-10, 1.55075105535e-10, 1.06621787788e-10, 5.6307437879e-11, 4.11030931513e-11, 3.2009134926e-11, 2.54061702232e-11, 2.79224265237e-11, 1.9470789564e-11], "var": [2.5166589694e-05, 6.61690792185e-05, 1.63266686286e-05, 1.55628799803e-06, 1.14550644525e-07, 3.8167129901e-08, 1.01563877308e-07, 7.91537289047e-08, 6.64484574031e-08, 3.62816585664e-08, 1.50743151295e-08, 2.44618778567e-08, 9.44508737888e-09, 1.15539711132e-08, 4.30235091997e-09, 4.3548453732e-09, 5.12392173135e-09, 2.77318501496e-09, 8.34827207363e-10, 5.29763732882e-10, 1.74632475147e-09, 1.30573374335e-09, 9.33718213858e-10, 2.23059015703e-10, 1.37167346925e-10, 2.50666820634e-10, 1.37265365741e-10, 1.37800965083e-10, 8.25092077994e-11, 8.57107371188e-11, 9.45541145381e-11, 6.04185937392e-11, 7.23341317399e-11, 6.04781155711e-11, 4.75571630687e-11, 2.92070638508e-11, 2.4622357972e-11, 1.87287945569e-11, 1.93749495614e-11, 1.98394443235e-11], "min": [1.44285302249e-24, 2.31105874085e-24, 7.34942499007e-24, 2.80229741489e-24, 9.08784486666e-24, 7.07791563258e-24, 7.16192458582e-24, 8.10146817913e-24, 5.87735926497e-24, 5.34735557162e-24, 3.78262156712e-24, 8.14045526278e-24, 5.91990490017e-24, 6.40022810587e-24, 1.07686013777e-23, 8.24872721089e-24, 5.89543482932e-24, 1.01354702926e-23, 1.4485742362e-23, 8.28031556811e-24, 8.83463865988e-24, 4.71082686264e-24, 5.34345504888e-24, 8.40717781231e-24, 1.00735084239e-23, 1.46295075289e-23, 1.27020150482e-23, 1.01317066372e-23, 6.10878186671e-24, 9.00530477242e-24, 7.94412119411e-24, 9.88484444984e-24, 8.27461052605e-24, 8.16209135083e-24, 1.11960148936e-23, 7.08170532036e-24, 6.74701530411e-24, 9.03060117507e-24, 1.10732618258e-23, 5.38672564725e-24], "dmean": [0.00130405463278, 0.00282467855141, 0.00132087990642, 0.000500039139297, 0.000166254874784, 0.000101440731669, 0.000113750749733, 0.000126867598738, 0.000107005595055, 5.23984672327e-05, 4.58436625195e-05, 6.35459655314e-05, 5.13123886776e-05, 5.97754697083e-05, 3.62512109859e-05, 2.81901302515e-05, 2.34177296079e-05, 2.06716922548e-05, 1.54705976456e-05, 1.32719187604e-05, 1.43360384754e-05, 1.15322181955e-05, 8.83601751411e-06, 6.60074238112e-06, 5.89017145103e-06, 6.62304319121e-06, 6.07981110079e-06, 6.31515877103e-06, 4.78108904645e-06, 4.56716225017e-06, 4.47276806881e-06, 3.73550165023e-06, 4.25387315772e-06, 3.70769339497e-06, 3.25955966218e-06, 2.59469538832e-06, 2.30854993788e-06, 1.98238535631e-06, 1.89028787645e-06, 1.75127786406e-06], "mean": [0.00365266692825, 0.00342839560471, 0.00129825843032, 0.000430289772339, 0.000162427488249, 0.000107650237624, 0.000205969728995, 0.000193818952539, 0.000165684628882, 9.1076384706e-05, 6.73511021887e-05, 0.000108162508695, 7.22234617569e-05, 8.62838933244e-05, 4.65062585135e-05, 3.82301841455e-05, 3.43727951986e-05, 3.31114606524e-05, 2.45342507696e-05, 2.11969163502e-05, 2.59602275037e-05, 2.0204059183e-05, 1.59882711159e-05, 1.27898674691e-05, 1.11711888167e-05, 1.11596746137e-05, 9.48466276895e-06, 1.03820739241e-05, 8.27359599498e-06, 8.20191235107e-06, 8.19368688099e-06, 6.40499229121e-06, 7.14517955203e-06, 6.90126125846e-06, 6.5234653448e-06, 5.18792921866e-06, 4.78002993987e-06, 4.05662831326e-06, 3.62241326002e-06, 3.8102173221e-06], "max": [0.0312543697655, 0.0543529614806, 0.026170451194, 0.012648194097, 0.00407414184883, 0.00314559810795, 0.00363562884741, 0.00418067676947, 0.00379802542739, 0.00359485018998, 0.00177894183435, 0.00152263219934, 0.00125598907471, 0.00123516935855, 0.000683755089995, 0.000882899388671, 0.00103408680297, 0.00124087464064, 0.000409046071582, 0.000248040247243, 0.0006520266179, 0.000758565496653, 0.000819349661469, 0.000275943457382, 0.000174133761902, 0.000324018619722, 0.000125392747577, 0.000135991285788, 0.000105426763184, 0.000103101447166, 0.000142155811773, 8.17231702968e-05, 8.08522090665e-05, 7.94774605311e-05, 0.00010926451796, 6.76646959619e-05, 4.77996763948e-05, 4.8448167945e-05, 6.23468295089e-05, 7.25555510144e-05], "dmean2": [0.00183623621706, 0.00446170754731, 0.0019724117592, 0.000892047944944, 0.000300241983496, 0.000175672554178, 0.000175782071892, 0.000207614459214, 0.000174832559424, 8.09095581644e-05, 7.66057128203e-05, 0.000103149082861, 8.61832231749e-05, 0.000100445693533, 6.18011399638e-05, 4.63735959784e-05, 3.58333672921e-05, 3.40524165949e-05, 2.59142780124e-05, 2.22728012886e-05, 2.36229971051e-05, 1.87115529116e-05, 1.43317456605e-05, 1.08057784018e-05, 9.78441403277e-06, 1.08259928311e-05, 1.04512546386e-05, 1.06840561784e-05, 7.85757492849e-06, 7.35076309866e-06, 7.26213875168e-06, 5.93179447606e-06, 6.93725723977e-06, 5.917127055e-06, 5.14381827088e-06, 4.08693904319e-06, 3.58504053111e-06, 3.05374896925e-06, 2.93299945042e-06, 2.73350269708e-06], "median": [0.000648881949019, 0.000328544934746, 0.000100905592262, 0.000118453594041, 5.86494970776e-05, 4.23431556555e-05, 9.26352513488e-05, 0.000102901060018, 8.3214676124e-05, 3.64686420653e-05, 2.96080943372e-05, 5.43351306987e-05, 4.23234341724e-05, 4.94342057209e-05, 2.5702676794e-05, 1.80246752279e-05, 1.7