{"metadata": {"tags": {"originalyear": ["2012"], "album": ["Ayy Ladies"], "musicbrainz album type": ["single"], "script": ["Latn"], "albumartistsort": ["Travis Porter feat. Tyga"], "musicbrainz album release country": ["US"], "musicbrainz_artistid": ["53423220-42b5-4082-a374-417ce6f8a919/ce09ea31-3d4a-4487-a797-e315175457a0"], "musicbrainz_releasegroupid": ["467e8889-c98c-4112-9fda-6c78e905eb1a"], "musicbrainz_recordingid": ["101df6df-31e9-40ef-bfc4-ea3d229a0a7b"], "albumartist": ["Travis Porter feat. Tyga"], "originaldate": ["2012"], "musicbrainz album status": ["official"], "artist": ["Travis Porter feat. Tyga"], "musicbrainz_albumid": ["acd11311-1d31-4729-840c-c00d53577a13"], "discnumber": ["1/1"], "title": ["Ayy Ladies"], "tracknumber": ["1/1"], "musicbrainz_albumartistid": ["53423220-42b5-4082-a374-417ce6f8a919/ce09ea31-3d4a-4487-a797-e315175457a0"], "encoding": ["Lavf56.36.100"], "artistsort": ["Travis Porter feat. Tyga"], "date": ["2012"], "media": ["Digital Media"], "file_name": "Travis Porter - Ayy Ladies.mp3"}, "audio_properties": {"sample_rate": 44100, "downmix": "mix", "lossless": false, "analysis_sample_rate": 44100, "md5_encoded": "175df735a49e3000617d7935373c8f62", "equal_loudness": 0, "replay_gain": -15.3335285187, "codec": "mp3", "bit_rate": 160020, "length": 213.133056641}, "version": {"extractor": "music 1.0", "essentia_build_sha": "70f2e5ece6736b2c40cc944ad0e695b16b925413", "essentia_git_sha": "v2.1_beta2", "essentia": "2.1-beta2"}}, "rhythm": {"beats_loudness_band_ratio": {"dvar2": [0.276141434908, 0.053013458848, 0.0715100690722, 0.0842082351446, 0.01945467107, 0.0637813583016], "var": [0.0999604985118, 0.0142422718927, 0.0299637280405, 0.0251347795129, 0.00861912872642, 0.0182754676789], "min": [1.81695577339e-05, 9.2205387773e-05, 0.00259500695392, 0.000610045099165, 0.00013388885418, 5.11921825819e-05], "dmean": [0.427926570177, 0.106452696025, 0.152409359813, 0.203629419208, 0.105841249228, 0.206276878715], "mean": [0.369395792484, 0.073832705617, 0.152879059315, 0.17132461071, 0.0973413810134, 0.157319098711], "max": [0.988766849041, 0.663725733757, 0.859751284122, 0.843190312386, 0.795760214329, 0.481175899506], "dmean2": [0.834593474865, 0.202711686492, 0.258814811707, 0.386909395456, 0.19965288043, 0.406370818615], "median": [0.271774768829, 0.0245504509658, 0.0934291929007, 0.125438481569, 0.0841797739267, 0.120913438499], "dvar": [0.0929334610701, 0.0185479968786, 0.0274010766298, 0.0253617949784, 0.00715609127656, 0.0171876810491]}, "bpm_histogram_first_peak_weight": {"dvar2": 0, "var": 0, "min": 0.772861361504, "dmean": 0, "mean": 0.772861361504, "max": 0.772861361504, "dmean2": 0, "median": 0.772861361504, "dvar": 0}, "bpm": 96.0009307861, "beats_count": 340, "bpm_histogram_first_peak_spread": {"dvar2": 0, "var": 0, "min": 0.222551941872, "dmean": 0, "mean": 0.222551941872, "max": 0.222551941872, "dmean2": 0, "median": 0.222551941872, "dvar": 0}, "danceability": 1.67331504822, "bpm_histogram_first_peak_bpm": {"dvar2": 0, "var": 0, "min": 96, "dmean": 0, "mean": 96, "max": 96, "dmean2": 0, "median": 96, "dvar": 0}, "beats_position": [0.626938760281, 1.27709746361, 1.93886613846, 2.62385487556, 3.27401351929, 3.90095233917, 4.52789115906, 5.15482997894, 5.78176879883, 6.40870714188, 7.03564596176, 7.66258478165, 8.27791404724, 8.893242836, 9.52018165588, 10.1471195221, 10.774058342, 11.4009971619, 12.0279359818, 12.6548748016, 13.2818136215, 13.9087524414, 14.5356912613, 15.1626300812, 15.7895689011, 16.4165077209, 17.0434455872, 17.6703853607, 18.2973232269, 18.9126529694, 19.5279808044, 20.154920578, 20.7818584442, 21.4087982178, 22.035736084, 22.6510658264, 23.2780036926, 23.9049434662, 24.5202713013, 25.1472110748, 25.774148941, 26.4010887146, 27.0280265808, 27.6549663544, 28.2819042206, 28.9088420868, 29.5357818604, 30.1627197266, 30.7896595001, 31.4165973663, 32.0319252014, 32.6472549438, 33.2741928101, 33.901134491, 34.5280723572, 35.1550102234, 35.7819480896, 36.4088897705, 37.0358276367, 37.6627655029, 38.2897033691, 38.9050331116, 39.520362854, 40.1473007202, 40.7742385864, 41.4011802673, 42.0281181335, 42.6550559998, 43.281993866, 43.9089317322, 44.5358734131, 45.1511993408, 45.7781410217, 46.4050788879, 47.0204086304, 47.6473464966, 48.2742843628, 48.901222229, 49.5281639099, 50.1551017761, 50.7820396423, 51.4089775085, 52.0359191895, 52.6512451172, 53.2781867981, 53.9051246643, 54.5204544067, 55.1473922729, 55.7743301392, 56.4012680054, 57.0282058716, 57.6551475525, 58.2820854187, 58.9090232849, 59.5359611511, 60.1512908936, 60.7782287598, 61.4051704407, 62.0204963684, 62.6474380493, 63.2743759155, 63.9013137817, 64.5282516479, 65.1551895142, 65.7821273804, 66.409072876, 67.0360107422, 67.6513366699, 68.2782745361, 68.8936004639, 69.5205459595, 70.1474838257, 70.7744216919, 71.4013595581, 72.0282974243, 72.6552352905, 73.2821731567, 73.9091110229, 74.5360565186, 75.1629943848, 75.789932251, 76.4052581787, 77.0321960449, 77.6591339111, 78.2860794067, 78.9130172729, 79.5283432007, 80.1552810669, 80.7822189331, 81.4091567993, 82.0244903564, 82.6398162842, 83.2667541504, 83.8936920166, 84.5206298828, 85.1475753784, 85.7745132446, 86.4014511108, 87.0283889771, 87.6553268433, 88.2822647095, 88.9208145142, 89.5477523804, 90.1630859375, 90.7900238037, 91.4053497314, 92.0206756592, 92.6476211548, 93.274559021, 93.9014968872, 94.5284347534, 95.1553726196, 95.7823104858, 96.4092483521, 97.0361862183, 97.6631240845, 98.2784576416, 98.8937835693, 99.5207214355, 100.147659302, 100.774604797, 101.413146973, 102.02848053, 102.655418396, 103.282356262, 103.909294128, 104.536231995, 105.139953613, 105.766891479, 106.393829346, 107.020767212, 107.647705078, 108.274642944, 108.90158844, 109.528526306, 110.155464172, 110.782402039, 111.420951843, 112.036277771, 112.663215637, 113.278549194, 113.905487061, 114.520812988, 115.147750854, 115.774688721, 116.401634216, 117.028572083, 117.655509949, 118.282447815, 118.897773743, 119.5131073, 120.140045166, 120.766983032, 121.393920898, 122.020858765, 122.647796631, 123.274734497, 123.901672363, 124.528617859, 125.155555725, 125.782493591, 126.409431458, 127.036369324, 127.66330719, 128.290252686, 128.917190552, 129.532516479, 130.147842407, 130.774780273, 131.40171814, 132.028656006, 132.655593872, 133.282531738, 133.909469604, 134.524810791, 135.140136719, 135.767074585, 136.394012451, 137.020950317, 137.647888184, 138.27482605, 138.913375854, 139.540313721, 140.155639648, 140.782577515, 141.409515381, 142.036453247, 142.663391113, 143.290344238, 143.905670166, 144.520996094, 145.14793396, 145.774871826, 146.401809692, 147.028747559, 147.655685425, 148.282623291, 148.897949219, 149.513290405, 150.140228271, 150.767166138, 151.405715942, 152.02104187, 152.647979736, 153.274917603, 153.913467407, 154.528793335, 155.155731201, 155.782669067, 156.409606934, 157.0365448, 157.663482666, 158.290420532, 158.917373657, 159.532699585, 160.148025513, 160.774963379, 161.413513184, 162.028839111, 162.655776978, 163.282714844, 163.90965271, 164.536590576, 165.151931763, 165.778869629, 166.405807495, 167.021133423, 167.648071289, 168.275009155, 168.901947021, 169.528884888, 170.155822754, 170.78276062, 171.409698486, 172.036636353, 172.663574219, 173.278915405, 173.894241333, 174.521179199, 175.148117065, 175.775054932, 176.401992798, 177.028930664, 177.65586853, 178.282806396, 178.909744263, 179.52507019, 180.140411377, 180.767349243, 181.394287109, 182.021224976, 182.648162842, 183.275100708, 183.902038574, 184.52897644, 185.155914307, 185.782852173, 186.409790039, 187.025115967, 187.640457153, 188.26739502, 188.905944824, 189.53288269, 190.148208618, 190.775146484, 191.402084351, 192.029022217, 192.655960083, 193.282897949, 193.909835815, 194.525161743, 195.140487671, 195.767440796, 196.394378662, 197.021316528, 197.648254395, 198.275192261, 198.902130127, 199.529067993, 200.156005859, 200.782943726, 201.409881592, 202.02520752, 202.640533447, 203.267486572, 203.894424438, 204.521362305, 205.148300171, 205.775238037, 206.402175903, 207.02911377, 207.656051636, 208.282989502, 208.89831543, 209.513641357, 210.117370605, 210.732696533, 211.359634399, 211.986572266, 212.613510132], "beats_loudness": {"dvar2": 0.00499698147178, "var": 0.00174654216971, "min": 1.98633429149e-10, "dmean": 0.0417053066194, "mean": 0.0619145296514, "max": 0.229181095958, "dmean2": 0.0727152526379, "median": 0.05453549698, "dvar": 0.00184588693082}, "bpm_histogram_second_peak_weight": {"dvar2": 0, "var": 0, "min": 0.00294985249639, "dmean": 0, "mean": 0.00294985249639, "max": 0.00294985249639, "dmean2": 0, "median": 0.00294985249639, "dvar": 0}, "bpm_histogram_second_peak_spread": {"dvar2": 0, "var": 0, "min": 0.5, "dmean": 0, "mean": 0.5, "max": 0.5, "dmean2": 0, "median": 0.5, "dvar": 0}, "bpm_histogram_second_peak_bpm": {"dvar2": 0, "var": 0, "min": 88, "dmean": 0, "mean": 88, "max": 88, "dmean2": 0, "median": 88, "dvar": 0}, "onset_rate": 4.06760454178}, "lowlevel": {"spectral_energyband_high": {"dvar2": 2.21739937842e-05, "var": 1.65781148098e-05, "min": 7.66449238162e-21, "dmean": 0.00128017622046, "mean": 0.00190003111493, "max": 0.0345932841301, "dmean2": 0.00189839839004, "median": 0.000565899943467, "dvar": 1.17459476314e-05}, "spectral_energyband_middle_low": {"dvar2": 0.000308874441544, "var": 0.000146278689499, "min": 2.84855173764e-22, "dmean": 0.00635308725759, "mean": 0.00997540634125, "max": 0.0942342504859, "dmean2": 0.0103140128776, "median": 0.00599525962025, "dvar": 0.000118036834465}, "spectral_energy": {"dvar2": 0.00173105613794, "var": 0.00140215072315, "min": 1.07885879575e-20, "dmean": 0.0153771191835, "mean": 0.0334766097367, "max": 0.255065947771, "dmean2": 0.0223369989544, "median": 0.0241889543831, "dvar": 0.000909785041586}, "spectral_spread": {"dvar2": 2397623025660.0, "var": 3874541797380.0, "min": 509130.59375, "dmean": 770817.375, "mean": 5046444, "max": 40778736, "dmean2": 1115649.125, "median": 4738626, "dvar": 1170592366590.0}, "spectral_energyband_low": {"dvar2": 0.00165690679569, "var": 0.00105198321398, "min": 1.92034442264e-22, "dmean": 0.00887593068182, "mean": 0.015162050724, "max": 0.236146599054, "dmean2": 0.0136060873047, "median": 0.00658788206056, "dvar": 0.000820045825094}, "spectral_rolloff": {"dvar2": 5658464, "var": 4895518, "min": 21.533203125, "dmean": 856.743652344, "mean": 1884.58349609, "max": 19379.8828125, "dmean2": 1375.3236084, "median": 1270.45898438, "dvar": 2541155.75}, "barkbands": {"dvar2": [1.58073612511e-06, 0.00155295419972, 0.000278476130916, 5.55836813874e-05, 7.11376633262e-05, 3.62763385056e-05, 1.84415312106e-05, 1.87258519873e-05, 1.6806396161e-05, 1.90327264136e-05, 9.64018545346e-06, 3.05247385768e-06, 4.01440001951e-06, 3.08246467284e-06, 2.31877334045e-06, 1.41719772273e-06, 5.14570899668e-07, 1.67384300198e-07, 1.76631971271e-07, 1.54850184231e-07, 7.40491884699e-07, 7.92993034793e-07, 7.59855936394e-07, 1.12369127692e-06, 9.84423422778e-07, 8.58695727857e-07, 1.09139364213e-07], "var": [3.12757561005e-06, 0.000766969460528, 5.8046385675e-05, 1.31126198539e-05, 1.9242761482e-05, 1.57797730935e-05, 1.67997695826e-05, 1.47590908455e-05, 1.65477831615e-05, 9.56128678808e-06, 9.01276780496e-06, 2.42151622842e-06, 5.020545359e-06, 3.12216002385e-06, 1.83166048373e-06, 1.12656789497e-06, 4.1980365495e-07, 1.84444445495e-07, 1.90112189102e-07, 1.62146662319e-07, 6.4377667286e-07, 6.41897031528e-07, 5.53109202883e-07, 6.07481354109e-07, 3.94264276338e-07, 2.45257552933e-07, 2.19204903118e-08], "min": [1.85297257744e-23, 5.61262354052e-23, 7.98698821124e-23, 4.8848491839e-23, 2.87895765548e-23, 7.04336731146e-23, 2.21988787722e-23, 2.73254286266e-23, 4.03611499815e-23, 7.34885085711e-23, 5.02045405797e-23, 1.10345181846e-22, 1.50975595299e-22, 1.11143837249e-22, 1.65129451256e-22, 1.85885908907e-22, 1.5402051004e-22, 2.60764472435e-22, 2.85920931158e-22, 4.96138024063e-22, 4.62695168443e-22, 5.41028273782e-22, 6.72748809369e-22, 8.25462031739e-22, 1.12140447513e-21, 1.69980365221e-21, 2.49138621591e-21], "dmean": [0.000381612131605, 0.00760142691433, 0.00249594799243, 0.00123099179473, 0.00158343208022, 0.00154274958186, 0.00127042608801, 0.00122754962649, 0.00138356210664, 0.000980103504844, 0.0010071672732, 0.000545718241483, 0.000608264992479, 0.000534521182999, 0.000476076413179, 0.000378899421776, 0.000247983494774, 0.000169821913005, 0.000165492514498, 0.000152463515406, 0.000280793407001, 0.000287355011096, 0.00023186695762, 0.000234707986237, 0.000198193869437, 0.000147802798892, 2.29710913118e-05], "mean": [0.00143961561844, 0.0115299317986, 0.0018618843751, 0.000962495920248, 0.00130062887911, 0.00184458727017, 0.00176857318729, 0.00163570942823, 0.00201017549261, 0.00123055186123, 0.00136355543509, 0.000758078298531, 0.000907813780941, 0.000726270547602, 0.00063713954296, 0.000534146267455, 0.00040836725384, 0.000282407476334, 0.000269135547569, 0.00024749719887, 0.0003910921223, 0.00039439520333, 0.000326472858433, 0.00027580439928, 0.000216467102291, 0.000136059170472, 1.76403827936e-05], "max": [0.0301555600017, 0.221261888742, 0.0774135366082, 0.0393529236317, 0.0752104818821, 0.0630623027682, 0.0569370575249, 0.0567009486258, 0.055922370404, 0.0418220609426, 0.031816214323, 0.0254625510424, 0.042913723737, 0.0198949724436, 0.0201927106827, 0.0205793567002, 0.0077080084011, 0.00729123083875, 0.00515963183716, 0.00662240805104, 0.00740242144093, 0.0078380163759, 0.00813029892743, 0.0089988252148, 0.00764861097559, 0.00911577511579, 0.00444758217782], "dmean2": [0.000587267917581, 0.0117596555501, 0.00463997665793, 0.00223121768795, 0.00273190066218, 0.00252367137, 0.00197865953669, 0.00191648257896, 0.00213056756184, 0.00159854232334, 0.00154733948875, 0.000863078748807, 0.000908788992092, 0.000792003120296, 0.000730208703317, 0.000567719922401, 0.000379083357984, 0.000247767311521, 0.000244129201747, 0.000216720771277, 0.000399275741074, 0.000393521098886, 0.000347112916643, 0.000359345955076, 0.000297488702927, 0.000231852405705, 3.94126873289e-05], "median": [0.000710614782292, 0.00405754894018, 0.000185591052286, 0.000139034222229, 0.000176528163138, 0.000568303978071, 0.000375807110686, 0.000317760190228, 0.000409184518503, 0.000299539300613, 0.0002776577021, 0.000146693113493, 0.000203116680495, 0.000134135363623, 0.000136274349643, 0.000121532764751, 0.000143162571476, 0.000103845464764, 0.000100017721707, 8.7144842837e-05, 9.66884545051e-05, 8.44135793159e-05, 7.00545788277e-05, 3.45336848113e-05, 3.19912433042e-05, 1.6714559024e-05, 9.74904423856e-07], "dvar": [6.18505964667e-07, 0.000693971989676, 9.6531395684e-05, 2.01553648367e-05, 2.67490158876e-05, 1.42708140629e-05, 8.16406554804e-06, 8.04692263046e-06, 8.1239049905e-06, 7.35382946004e-06, 4.76981131214e-06, 1.32114246298e-06, 1.9413314476e-06, 1.41783232266e-06, 1.03926902284e-06, 6.28682755632e-07, 2.20254548822e-07, 8.23233108349e-08, 8.75798349398e-08, 7.88715368572e-08, 4.19281036557e-07, 4.15373534679e-07, 3.8803821667e-07, 5.1996886441e-07, 4.04592498171e-07, 3.21900841982e-07, 3.80595430727e-08]}, "melbands_skewness": {"dvar2": 5.23600101471, "var": 7.76206159592, "min": -2.55494737625, "dmean": 1.11078083515, "mean": 2.73500394821, "max": 34.7850570679, "dmean2": 1.61244976521, "median": 2.02048969269, "dvar": 2.62654733658}, "barkbands_skewness": {"dvar2": 2.70000338554, "var": 3.50062322617, "min": -3.29661870003, "dmean": 0.826752007008, "mean": 1.54272150993, "max": 25.931892395, "dmean2": 1.19384622574, "median": 1.12837362289, "dvar": 1.29613184929}, "erbbands": {"dvar2": [1.12588906288, 101.897697449, 394.891265869, 430.737182617, 693.221069336, 833.137756348, 1404.00964355, 3898.5690918, 3277.00878906, 8408.38867188, 6829.53125, 11143.1044922, 21979.8710938, 7365.27783203, 19081.46875, 3396.90161133, 8430.01171875, 6692.68066406, 4834.94140625, 6451.82226562, 2606.03955078, 1685.60437012, 527.36895752, 408.013824463, 421.962860107, 291.888000488, 1553.64160156, 668.309753418, 1180.33117676, 831.626525879, 756.65234375, 569.43951416, 238.573410034, 110.783248901, 61.5974464417, 26.0321922302, 2.06728482246, 0.264243096113, 0.00252808723599, 5.13503607635e-07], "var": [0.611983418465, 42.9366722107, 98.3718490601, 93.5954437256, 181.227416992, 230.664810181, 430.446258545, 1594.7208252, 2124.72973633, 8790.42382812, 5809.85302734, 11409.8691406, 9292.81542969, 5587.14208984, 19157.2382812, 3795.93066406, 10417.3652344, 7384.79492188, 5612.90039062, 4822.29541016, 2285.78198242, 1351.34240723, 627.846374512, 410.587036133, 498.333343506, 345.283752441, 1085.60961914, 736.546875, 860.382324219, 728.893066406, 424.608703613, 307.474334717, 131.097198486, 52.6463851929, 19.7631835938, 7.43206453323, 0.62184548378, 0.0558404661715, 0.000505267700646, 1.10675287601e-07], "min": [1.99572266959e-21, 1.20102125533e-20, 7.73906691436e-20, 1.62364477779e-19, 1.04064956227e-19, 1.01169791771e-19, 2.23247749673e-19, 7.28554472251e-19, 3.24771555359e-19, 3.76998937904e-19, 8.47780666829e-19, 7.52841735807e-19, 2.66081028117e-18, 1.09757458106e-18, 2.2464602095e-18, 6.31186701135e-18, 7.02767850777e-18, 5.67453551632e-18, 8.80514571472e-18, 7.42922175561e-18, 9.72100836075e-18, 9.12059435004e-18, 1.40045681259e-17, 1.10093190037e-17, 2.12837806775e-17, 2.63579050782e-17, 1.4069323133e-17, 2.02764186208e-17, 1.82202213259e-17, 2.22025516905e-17, 1.93539997412e-17, 1.76437128349e-17, 1.21522046776e-17, 8.91402088131e-18, 9.97321324798e-18, 6.4554779734e-18, 3.31669791888e-18, 1.37495574421e-18, 3.20118612715e-19, 3.29834004105e-20], "dmean": [0.213623672724, 1.82233834267, 3.13941788673, 3.29062604904, 4.76661491394, 4.9917049408, 7.96675491333, 14.7126646042, 14.4864282608, 27.6768608093, 21.2480258942, 34.8954086304, 32.1739311218, 26.2630882263, 41.9194602966, 20.178232193, 26.7971382141, 26.9572353363, 21.906337738, 25.1554603577, 17.3975257874, 14.1601924896, 9.93129348755, 7.57750463486, 7.90706348419, 6.96197223663, 12.1142272949, 9.25229644775, 10.6459875107, 8.93285751343, 6.62716341019, 5.47579622269, 3.36322927475, 2.25461196899, 1.4217184782, 0.863669157028, 0.226987987757, 0.0445083416998, 0.00349791604094, 7.53702988732e-05], "mean": [0.450347155333, 2.08377552032, 2.61890983582, 2.60579872131, 4.08064556122, 4.03481912613, 7.61118364334, 17.9436092377, 19.1091690063, 41.904750824, 29.6795349121, 51.5167350769, 40.9910583496, 37.3665275574, 59.336139679, 31.7612781525, 40.8804244995, 39.547580719, 33.8607902527, 34.5365180969, 26.661655426, 23.8238754272, 17.1429958344, 12.8095541, 13.4048500061, 11.6053380966, 16.0927524567, 14.0206308365, 14.3670358658, 12.4854125977, 8.94367218018, 6.59902000427, 3.91427898407, 2.60856556892, 1.41292023659, 0.76002830267, 0.218164071441, 0.0392626859248, 0.00267753843218, 9.06346249394e-05], "max": [6.79895067215, 54.6871032715, 99.4383773804, 106.771728516, 171.188720703, 370.60848999, 417.665130615, 664.071105957, 971.996948242, 1093.27929688, 1357.57409668, 1208.19921875, 1324.76403809, 1055.7989502, 1362.21813965, 746.567993164, 2128.96630859, 1175.7052002, 1044.00244141, 1201.86486816, 512.845092773, 405.693481445, 344.146453857, 287.067779541, 314.244873047, 276.477294922, 312.845428467, 221.769866943, 284.060516357, 261.802368164, 247.279525757, 185.837799072, 138.278930664, 75.2433853149, 69.3293228149, 44.2134933472, 18.8830738068, 6.28609848022, 0.683143138885, 0.00968817062676], "dmean2": [0.325516760349, 2.87385034561, 5.53771972656, 5.97669029236, 8.26502323151, 8.63847732544, 13.4827318192, 24.1922798157, 23.0265216827, 42.6843566895, 32.6513748169, 53.8158378601, 52.0817832947, 40.9921302795, 63.7867164612, 31.1477108002, 39.6851577759, 40.2356987, 31.8636245728, 38.1941413879, 25.5308322906, 21.3278141022, 14.1750850677, 11.4367485046, 11.5383796692, 9.66260719299, 17.2553215027, 12.9296722412, 14.9028959274, 12.6211853027, 10.4155321121, 8.409283638, 5.18234586716, 3.39238643646, 2.21468043327, 1.39101207256, 0.345911502838, 0.0727940946817, 0.00604098848999, 0.000121060591482], "median": [0.223988011479, 0.356441110373, 0.318210959435, 0.479017347097, 0.652746319771, 0.436991453171, 1.69635510445, 5.46734142303, 6.36833095551, 7.89055919647, 8.71396350861, 10.5210809708, 11.6379203796, 10.792265892, 11.2765579224, 6.90051794052, 9.52096366882, 9.20211791992, 7.54653024673, 8.08617210388, 7.92942047119, 8.35574531555, 6.55482339859, 5.08721828461, 5.08936595917, 4.20709133148, 4.44054317474, 3.6014790535, 2.96569752693, 2.7891087532, 1.90595793724, 1.0500934124, 0.392911106348, 0.369683504105, 0.192403942347, 0.082155123353, 0.0275829862803, 0.00415269937366, 0.000168545986526, 3.89065608033e-05], "dvar": [0.464841395617, 44.0956993103, 142.994155884, 152.69480896, 255.949203491, 317.760498047, 534.316650391, 1490.90466309, 1384.61584473, 3723.88745117, 3050.25878906, 5497.50830078, 8340.66699219, 3176.46166992, 9854.06835938, 1533.32336426, 4069.3190918, 3128.89404297, 2364.77612305, 2856.67749023, 1185.73303223, 726.240844727, 263.033569336, 191.631652832, 221.652893066, 157.767227173, 788.744445801, 411.387634277, 582.803161621, 479.034362793, 335.567016602, 262.396179199, 111.525314331, 48.1980361938, 23.6134281158, 9.75428676605, 0.788652598858, 0.0928538218141, 0.000880392792169, 1.80879681011e-07]}, "silence_rate_30dB": {"dvar2": 0.0688212588429, "var": 0.0420688092709, "min": 0, "dmean": 0.0370410718024, "mean": 0.955991268158, "max": 1, "dmean2": 0.0740902125835, "median": 1, "dvar": 0.0356698781252}, "melbands_spread": {"dvar2": 459.16973877, "var": 546.237121582, "min": 0.102270901203, "dmean": 10.495054245, "mean": 28.2557315826, "max": 273.394348145, "dmean2": 15.5543298721, "median": 23.492515564, "dvar": 222.293899536}, "melbands_crest": {"dvar2": 32.0692825317, "var": 62.3014984131, "min": 1.76509046555, "dmean": 4.02289199829, "mean": 18.4061107635, "max": 37.9093933105, "dmean2": 6.16133499146, "median": 17.2330093384, "dvar": 14.6963720322}, "zerocrossingrate": {"dvar2": 0.000465043995064, "var": 0.00258521386422, "min": 0.0009765625, "dmean": 0.0161508377641, "mean": 0.0681908726692, "max": 0.51513671875, "dmean2": 0.017273068428, "median": 0.05810546875, "dvar": 0.000424598692916}, "barkbands_kurtosis": {"dvar2": 1216.26049805, "var": 844.380432129, "min": -1.93627357483, "dmean": 6.84725856781, "mean": 7.77695417404, "max": 1311.17590332, "dmean2": 10.3935232162, "median": 1.20801234245, "dvar": 558.593811035}, "spectral_flux": {"dvar2": 0.00485896505415, "var": 0.00568079948425, "min": 1.03868129375e-10, "dmean": 0.0374222025275, "mean": 0.101735986769, "max": 0.455072373152, "dmean2": 0.0548387989402, "median": 0.0871323645115, "dvar": 0.00259844353423}, "barkbands_crest": {"dvar2": 20.4654006958, "var": 24.6485366821, "min": 2.09228610992, "dmean": 3.11671638489, "mean": 11.4583711624, "max": 25.8402481079, "dmean2": 4.84602642059, "median": 10.4908885956, "dvar": 9.09816265106}, "barkbands_flatness_db": {"dvar2": 0.00237534241751, "var": 0.00688326824456, "min": 0.0206357035786, "dmean": 0.0303149390966, "mean": 0.148529335856, "max": 0.711959838867, "dmean2": 0.0431502275169, "median": 0.127979055047, "dvar": 0.00135293148924}, "spectral_entropy": {"dvar2": 0.160922780633, "var": 0.326093971729, "min": 3.76006197929, "dmean": 0.227695539594, "mean": 7.65834188461, "max": 9.81032466888, "dmean2": 0.32948333025, "median": 7.70552158356, "dvar": 0.0785637646914}, "pitch_salience": {"dvar2": 0.02072612755, "var": 0.0254493188113, "min": 0.071708932519, "dmean": 0.0875976011157, "mean": 0.497395098209, "max": 0.917700409889, "dmean2": 0.137871667743, "median": 0.504646360874, "dvar": 0.00889301858842}, "erbbands_spread": {"dvar2": 299.458557129, "var": 391.028625488, "min": 0.686102688313, "dmean": 9.97561645508, "mean": 36.5055198669, "max": 185.092483521, "dmean2": 15.2178649902, "median": 34.183555603, "dvar": 132.569458008}, "dynamic_complexity": 3.305788517, "spectral_contrast_valleys": {"dvar2": [0.56962198019, 0.684327602386, 0.608758866787, 0.421320974827, 0.341788947582, 0.697921693325], "var": [2.77116894722, 2.24701189995, 2.08012771606, 1.90757501125, 1.91394865513, 2.86289048195], "min": [-26.9229946136, -27.154209137, -27.1742668152, -27.2695083618, -27.2159671783, -27.3001422882], "dmean": [0.501968383789, 0.558443248272, 0.506472170353, 0.44982624054, 0.411575973034, 0.494926065207], "mean": [-8.04299163818, -7.32722616196, -7.46793794632, -7.81227016449, -7.80576324463, -10.248960495], "max": [-4.75750637054, -4.62446737289, -4.96627426147, -5.39538288116, -5.4038734436, -7.1348900795], "dmean2": [0.763883054256, 0.842995285988, 0.727088630199, 0.605148553848, 0.518500804901, 0.618577301502], "median": [-7.68685054779, -7.0284409523, -7.22544765472, -7.61861896515, -7.55704402924, -9.9750289917], "dvar": [0.294680476189, 0.335743457079, 0.31439858675, 0.246224105358, 0.226634919643, 0.416799038649]}, "hfc": {"dvar2": 2242.59277344, "var": 1694.20593262, "min": 1.14532102593e-16, "dmean": 15.4512643814, "mean": 30.0479984283, "max": 349.713104248, "dmean2": 22.6320171356, "median": 18.1906147003, "dvar": 1126.22155762}, "spectral_kurtosis": {"dvar2": 76.3860092163, "var": 66.2350158691, "min": -1.35366761684, "dmean": 2.2940621376, "mean": 5.10169553757, "max": 148.155029297, "dmean2": 3.60735583305, "median": 3.32532835007, "dvar": 31.8210697174}, "mfcc": {"mean": [-660.879821777, 102.193389893, -2.54992222786, 12.1944770813, -3.4869530201, 9.02757072449, 0.217467918992, 8.95313644409, 5.88728284836, 7.34906148911, 4.77637290955, 5.73236465454, 5.2832198143], "cov": [[11875.3427734, -794.360778809, -381.242218018, -550.895507812, -624.687561035, -332.16027832, -602.268066406, -261.368408203, -25.7734508514, -103.644218445, 100.832038879, 99.732383728, 142.997940063], [-794.360778809, 2070.17163086, 185.73739624, 262.291137695, 91.6386260986, 35.9417190552, 221.381622314, 73.8223190308, -8.98103904724, 75.1390380859, 56.4631919861, 40.3551445007, -15.2310810089], [-381.242218018, 185.73739624, 1030.81616211, 325.773498535, 140.042739868, 150.300094604, 95.7684173584, 45.3076515198, 17.493894577, 6.71716356277, 51.167804718, 35.0468444824, 50.6334838867], [-550.895507812, 262.291137695, 325.773498535, 635.231933594, 253.003540039, 47.6902961731, 37.3062782288, 57.0439376831, 53.0224304199, 70.2371139526, -3.03261208534, 38.0367279053, 52.7594146729], [-624.687561035, 91.6386260986, 140.042739868, 253.003540039, 490.081878662, 105.650268555, 95.5517807007, 97.9074020386, 57.9090385437, 98.3200378418, -29.6081142426, 8.16625213623, 31.0782222748], [-332.16027832, 35.9417190552, 150.300094604, 47.6902961731, 105.650268555, 428.532897949, 248.544723511, 95.253578186, 72.3030929565, 75.3259124756, 65.7420654297, 38.3846969604, 24.8607769012], [-602.268066406, 221.381622314, 95.7684173584, 37.3062782288, 95.5517807007, 248.544723511, 517.727966309, 230.539596558, 57.4277687073, 114.994934082, 57.0737380981, 43.42993927, 2.18008255959], [-261.368408203, 73.8223190308, 45.3076515198, 57.0439376831, 97.9074020386, 95.253578186, 230.539596558, 304.139678955, 130.179412842, 104.878997803, 64.1325073242, 43.1791381836, 37.860584259], [-25.7734508514, -8.98103904724, 17.493894577, 53.0224304199, 57.9090385437, 72.3030929565, 57.4277687073, 130.179412842, 244.973251343, 122.878433228, 86.0456161499, 38.213596344, 47.9390068054], [-103.644218445, 75.1390380859, 6.71716356277, 70.2371139526, 98.3200378418, 75.3259124756, 114.994934082, 104.878997803, 122.878433228, 268.621795654, 95.8595657349, 47.8522567749, 15.8954372406], [100.832038879, 56.4631919861, 51.167804718, -3.03261208534, -29.6081142426, 65.7420654297, 57.0737380981, 64.1325073242, 86.0456161499, 95.8595657349, 200.157272339, 51.3414840698, 19.0713977814], [99.732383728, 40.3551445007, 35.0468444824, 38.0367279053, 8.16625213623, 38.3846969604, 43.42993927, 43.1791381836, 38.213596344, 47.8522567749, 51.3414840698, 149.805236816, 48.7961540222], [142.997940063, -15.2310810089, 50.6334838867, 52.7594146729, 31.0782222748, 24.8607769012, 2.18008255959, 37.860584259, 47.9390068054, 15.8954372406, 19.0713977814, 48.7961540222, 164.40385437]], "icov": [[9.9551405583e-05, 2.00348240469e-05, 4.20771175413e-06, 5.01682443428e-05, 8.35153550724e-05, 1.2799923752e-05, 9.60666293395e-05, 2.69206998382e-06, 1.11802055471e-05, -2.94728124572e-05, -3.96965333493e-05, -7.01822064002e-05, -9.67207743088e-05], [2.00348240469e-05, 0.000554027617909, -1.92387888092e-05, -0.000224036091822, 2.51548190136e-05, 0.000163399832672, -0.000300468120258, 9.74658614723e-05, 0.000112690511742, -3.12249394483e-05, -0.000184189819265, -6.54134637443e-05, 7.47385347495e-05], [4.20771175413e-06, -1.92387888092e-05, 0.00126036209986, -0.000628884939943, -5.61879060115e-05, -0.000335395452566, -6.72110618325e-05, 3.06021975121e-05, 0.000164244600455, 0.00036377509241, -0.000450559164165, 1.96100791072e-05, -0.000173228996573], [5.01682443428e-05, -0.000224036091822, -0.000628884939943, 0.00248896400444, -0.000954985502176, 0.000171937499545, 0.000273861689493, -4.63314199806e-06, -0.000224294912186, -0.000294402852887, 0.000329145550495, -0.000375360395992, -0.000350391899701], [8.35153550724e-05, 2.51548190136e-05, -5.61879060115e-05, -0.000954985502176, 0.0031523865182, -0.000603432301432, 0.000253174017416, -0.000698459334671, 7.10763415555e-05, -0.00103526900057, 0.0011805226095, 0.000289151532343, -0.000237108411966], [1.2799923752e-05, 0.000163399832672, -0.000335395452566, 0.000171937499545, -0.000603432301432, 0.00376126798801, -0.00201718695462, 0.00101698306389, -0.000828466785606, 0.000242562382482, -0.000726276135538, -0.000192558465642, -0.000250502722338], [9.60666293395e-05, -0.000300468120258, -6.72110618325e-05, 0.000273861689493, 0.000253174017416, -0.00201718695462, 0.00450739404187, -0.0031138593331, 0.00136822136119, -0.00091888330644, 0.000346663669916, -0.000268871488515, 0.000465382356197], [2.69206998382e-06, 9.74658614723e-05, 3.06021975121e-05, -4.63314199806e-06, -0.000698459334671, 0.00101698306389, -0.0031138593331, 0.0069069233723, -0.00278539652936, 0.00013372466492, -0.000531676283572, -0.000291020347504, -0.000624980952125], [1.11802055471e-05, 0.000112690511742, 0.000164244600455, -0.000224294912186, 7.10763415555e-05, -0.000828466785606, 0.00136822136119, -0.00278539652936, 0.00718580745161, -0.00204187282361, -0.00136673520319, 0.000224558141781, -0.00104875699617], [-2.94728124572e-05, -3.12249394483e-05, 0.00036377509241, -0.000294402852887, -0.00103526900057, 0.000242562382482, -0.00091888330644, 0.00013372466492, -0.00204187282361, 0.00619768025354, -0.0020525266882, -0.000707770406734, 0.000589938776102], [-3.96965333493e-05, -0.000184189819265, -0.000450559164165, 0.000329145550495, 0.0011805226095, -0.000726276135538, 0.000346663669916, -0.000531676283572, -0.00136673520319, -0.0020525266882, 0.00758018530905, -0.00138071493711, 0.000182566363947], [-7.01822064002e-05, -6.54134637443e-05, 1.96100791072e-05, -0.000375360395992, 0.000289151532343, -0.000192558465642, -0.000268871488515, -0.000291020347504, 0.000224558141781, -0.000707770406734, -0.00138071493711, 0.00835231691599, -0.0021014586091], [-9.67207743088e-05, 7.47385347495e-05, -0.000173228996573, -0.000350391899701, -0.000237108411966, -0.000250502722338, 0.000465382356197, -0.000624980952125, -0.00104875699617, 0.000589938776102, 0.000182566363947, -0.0021014586091, 0.00741120940074]]}, "silence_rate_20dB": {"dvar2": 0, "var": 0, "min": 1, "dmean": 0, "mean": 1, "max": 1, "dmean2": 0, "median": 1, "dvar": 0}, "melbands_kurtosis": {"dvar2": 5951.96435547, "var": 4462.03515625, "min": -1.90193426609, "dmean": 15.9138689041, "mean": 21.894990921, "max": 1538.70446777, "dmean2": 24.3501224518, "median": 5.71820735931, "dvar": 2744.1081543}, "barkbands_spread": {"dvar2": 223.700759888, "var": 319.131866455, "min": 0.106208175421, "dmean": 8.2656955719, "mean": 25.839307785, "max": 132.156036377, "dmean2": 12.2590923309, "median": 23.1289749146, "dvar": 106.37348938}, "erbbands_skewness": {"dvar2": 0.756982922554, "var": 1.04414916039, "min": -5.88835430145, "dmean": 0.52683699131, "mean": 0.43418443203, "max": 7.82233524323, "dmean2": 0.796877264977, "median": 0.340828418732, "dvar": 0.353597193956}, "average_loudness": 0.961740136147, "spectral_centroid": {"dvar2": 311006.5625, "var": 619035, "min": 81.2983856201, "dmean": 360.718597412, "mean": 1614.64367676, "max": 11112.9335938, "dmean2": 522.346069336, "median": 1535.72888184, "dvar": 169743.875}, "dissonance": {"dvar2": 0.00188219605479, "var": 0.00140393746551, "min": 0.175742536783, "dmean": 0.0238182917237, "mean": 0.459133774042, "max": 0.500000119209, "dmean2": 0.0393374823034, "median": 0.469354838133, "dvar": 0.000720009673387}, "erbbands_flatness_db": {"dvar2": 0.00128775194753, "var": 0.0034843289759, "min": 0.0447860620916, "dmean": 0.0240569598973, "mean": 0.167123109102, "max": 0.531454443932, "dmean2": 0.035482224077, "median": 0.158111602068, "dvar": 0.000653964816593}, "spectral_strongpeak": {"dvar2": 2.01872587204, "var": 1.59983670712, "min": 0, "dmean": 0.573064148426, "mean": 0.956124126911, "max": 9.66073131561, "dmean2": 0.958818614483, "median": 0.357882380486, "dvar": 0.843677997589}, "spectral_rms": {"dvar2": 4.70655959361e-06, "var": 6.91163268129e-06, "min": 3.24429524044e-12, "dmean": 0.00115535710938, "mean": 0.00507428403944, "max": 0.0157748162746, "dmean2": 0.00159674847964, "median": 0.00485787820071, "dvar": 2.75412367046e-06}, "silence_rate_60dB": {"dvar2": 0.0818162113428, "var": 0.0687760785222, "min": 0, "dmean": 0.0394378490746, "mean": 0.0742919370532, "max": 1, "dmean2": 0.0788842886686, "median": 0, "dvar": 0.0378834009171}, "melbands": {"dvar2": [0.000105033643194, 0.000106435618363, 1.41695936691e-05, 3.72714043806e-06, 1.57817805757e-06, 1.67885605151e-06, 6.7558153205e-07, 9.83622612694e-07, 4.55715081671e-07, 4.60665347646e-07, 5.65842867672e-07, 1.39948753031e-07, 1.83742827176e-07, 5.37555422397e-08, 3.43065522657e-08, 4.17055439073e-08, 2.73988174371e-08, 1.71433125473e-08, 1.70834688618e-08, 9.73644809221e-09, 3.33429395205e-09, 2.10212625085e-09, 1.06382880283e-09, 3.50616841116e-10, 3.23798182711e-10, 2.86961066021e-10, 2.54743504069e-10, 1.48430656655e-10, 5.1389625888e-10, 5.59283896973e-10, 1.88668108914e-10, 3.02356195636e-10, 5.25912202676e-10, 2.34742142391e-10, 2.77004114091e-10, 2.73472244849e-10, 2.06349451415e-10, 1.63737440273e-10, 5.86792142654e-11, 8.62765067722e-11], "var": [5.54212820134e-05, 3.86482497561e-05, 3.26138410855e-06, 1.01641023775e-06, 4.73407197887e-07, 7.12000769454e-07, 4.8461345159e-07, 9.46796319568e-07, 3.67890123698e-07, 4.79219806948e-07, 2.38686169496e-07, 1.02019818371e-07, 1.68282085156e-07, 5.15352240882e-08, 4.20795629452e-08, 4.44782415343e-08, 2.81009757686e-08, 1.86374791156e-08, 1.13541860358e-08, 7.44005523856e-09, 2.83977796833e-09, 1.60133062366e-09, 9.764075104e-10, 3.59228619073e-10, 2.88284146555e-10, 2.98976954305e-10, 2.51467624501e-10, 1.5800477593e-10, 3.78718140182e-10, 4.63009824925e-10, 2.17592749374e-10, 2.36970276735e-10, 3.4938141269e-10, 2.02787897585e-10, 1.47164336273e-10, 1.20829818373e-10, 1.19631957118e-10, 8.21197831957e-11, 3.76550179926e-11, 3.65261813851e-11], "min": [1.74772985521e-23, 3.23929133096e-23, 2.49163089532e-23, 8.05730932337e-24, 6.81404560408e-24, 1.48358214768e-23, 4.90762596482e-24, 4.03032231364e-24, 7.60696204322e-24, 5.10162066648e-24, 1.33917973903e-23, 4.16353449369e-24, 6.87356121508e-24, 8.98798533125e-24, 2.29981352865e-23, 1.15358979812e-23, 9.76109899508e-24, 1.3531372128e-23, 1.09518411442e-23, 1.13140198075e-23, 1.08947560136e-23, 7.85951349544e-24, 1.13485182726e-23, 1.4077748235e-23, 7.495940126e-24, 1.37187202821e-23, 1.83670563449e-23, 1.67256987029e-23, 7.67323109242e-24, 9.36831883948e-24, 1.1287741273e-23, 8.13617569237e-24, 1.42684664029e-23, 1.15809214285e-23, 9.89393133861e-24, 1.27400184223e-23, 1.07511217977e-23, 9.38184780401e-24, 6.35991139715e-24, 8.16199826525e-24], "dmean": [0.00201513408683, 0.00184114812873, 0.000619814731181, 0.000357880198862, 0.000265946146101, 0.0003183184308, 0.000227765660384, 0.000304641813273, 0.000170798128238, 0.000226719945204, 0.000160298499395, 0.000107544590719, 0.00013795470295, 7.70039259805e-05, 5.18215128977e-05, 6.52913513477e-05, 5.11052530783e-05, 3.75535273633e-05, 3.79879456887e-05, 3.06984184135e-05, 1.92378702195e-05, 1.55676443683e-05, 1.24231510199e-05, 7.12620658305e-06, 6.39936479274e-06, 6.60448677081e-06, 5.3875037338e-06, 4.73389900435e-06, 7.20595880921e-06, 7.53284120947e-06, 5.09798746862e-06, 5.58216061108e-06, 6.74554758007e-06, 4.6714740165e-06, 4.00882709073e-06, 3.56390319212e-06, 3.41219583788e-06, 2.66983897745e-06, 1.84772954981e-06, 1.93373170987e-06], "mean": [0.00362156960182, 0.0018762742402, 0.000516430765856, 0.00029782767524, 0.000248452328378, 0.000389925349737, 0.00030781381065, 0.000453288783319, 0.000225579511607, 0.000330327398842, 0.000197474219021, 0.000146157297422, 0.000188566729776, 0.00011160284339, 7.68562968005e-05, 9.30884198169e-05, 7.05874917912e-05, 5.47858508071e-05, 4.8840247473e-05, 4.18257804995e-05, 2.82730306935e-05, 2.49165568675e-05, 1.99084315682e-05, 1.1966866623e-05, 1.00435081549e-05, 1.03088677861e-05, 8.36081653688e-06, 7.49019272916e-06, 9.69054144662e-06, 1.00254083009e-05, 7.50119988879e-06, 7.5749703683e-06, 8.51734330354e-06, 6.31795865047e-06, 5.34802575203e-06, 4.19489879278e-06, 4.01493525715e-06, 2.93783523375e-06, 2.24398695536e-06, 2.15620320887e-06], "max": [0.061683434993, 0.0562542900443, 0.0202330928296, 0.0164057444781, 0.0125504713506, 0.0137716671452, 0.0134898144752, 0.0110269552097, 0.0136465029791, 0.00810392387211, 0.00694727059454, 0.00481061916798, 0.00456171575934, 0.00312158837914, 0.00375887914561, 0.00341757736169, 0.0025997532066, 0.00197090976872, 0.00174988096114, 0.00177343678661, 0.000596034864429, 0.000518469780218, 0.000380517973099, 0.000438457878772, 0.000266888178885, 0.000204121271963, 0.000250508339377, 0.000182611009222, 0.00018098471628, 0.000203470757697, 0.000120956850878, 0.000143541925354, 0.000204019597732, 0.000128634870634, 0.000145140380482, 0.000144547680975, 0.000118927870062, 0.000120598451758, 5.90692325204e-05, 6.84239421389e-05], "dmean2": [0.00312871299684, 0.00297016440891, 0.00111081637442, 0.000615181575995, 0.000450414518127, 0.000522566959262, 0.000358421792043, 0.000470838916954, 0.000264639384113, 0.00034987644176, 0.00026145458105, 0.000170477564097, 0.000210559301195, 0.000119004303997, 7.94144143583e-05, 9.83208519756e-05, 7.68025929574e-05, 5.55625883862e-05, 5.92837823206e-05, 4.63707583549e-05, 2.88106275548e-05, 2.38280972553e-05, 1.8482312953e-05, 1.04877171907e-05, 9.88926331047e-06, 9.72636189545e-06, 7.94807965576e-06, 6.63893843011e-06, 1.06739771581e-05, 1.07451087388e-05, 7.03366322341e-06, 7.81930521043e-06, 9.44592466112e-06, 6.70780627843e-06, 6.42425766273e-06, 5.72526460019e-06, 5.13259692525e-06, 4.09403173762e-06, 2.82439691546e-06, 2.95765971714e-06], "median": [0.00160053861327, 0.000293919583783, 9.89903637674e-05, 4.06350955018e-05, 5.25234208908e-05, 0.000122629106045, 9.27067885641e-05, 8.21114372229e-05, 5.85185262025e-05, 6.23656305834e-05, 5.19913301105e-05, 3.83549522667e-05, 3.84059094358e-05, 1.97670306079e-05, 1.4017943613e-05, 2.18213826884e-05, 1.42289882206e-05, 1.05966191768e-05, 1.00537181424e-05, 9.86190298136e-06, 8.16334068077e-06, 8.11677455204e-06, 6.82228528603e-06, 4.51480264019e-06, 3.54287453774e-06, 3.70454017684e-06, 2.6314137358e-06, 2.47169873546e-06, 2.56940688814e-06, 2.26561041927e-06, 1.70096359398e-06, 1.46726915773e-06, 1.543997314e-06, 1.39259464049e-06, 1.03377760752e-06, 7.79677804985e-07, 5.21905292317e-07, 2.27290797739e-07, 2.32041770687e-07, 3.16265499123e-07], "dvar": [4.65959274152e-05, 4.34542998846e-05, 5.09032861373e-06, 1.40151166761e-06, 6.00048736032e-07, 6.49577430067e-07, 2.88257893999e-07, 4.27476209097e-07, 2.04968458206e-07, 2.29168534815e-07, 2.14132327869e-07, 5.94443