{"metadata": {"tags": {"album": ["The Mirror"], "albumartist": ["Ja Rule"], "genre": ["Other"], "artist": ["Ja Rule"], "date": ["2020"], "tracknumber": ["1"], "title": ["Body feat. Ashley Joi"], "file_name": "107551.mp3", "musicbrainz_recordingid": ["101ea7ee-37a0-4db3-bd4f-6ed2901fbfd0"]}, "audio_properties": {"sample_rate": 44100, "downmix": "mix", "lossless": false, "analysis_sample_rate": 44100, "md5_encoded": "391cce793db6006a3eadd7ea30ce091e", "equal_loudness": 0, "replay_gain": -11.3081302643, "codec": "mp3", "bit_rate": 192000, "length": 229.642456055}, "version": {"extractor": "music 1.0", "essentia_build_sha": "70f2e5ece6736b2c40cc944ad0e695b16b925413", "essentia_git_sha": "v2.1_beta2", "essentia": "2.1-beta2"}}, "rhythm": {"beats_loudness_band_ratio": {"dvar2": [0.138107642531, 0.0701442360878, 0.0631694719195, 0.0326228179038, 0.0197223983705, 0.0472145490348], "var": [0.14693172276, 0.022645926103, 0.019738342613, 0.0154461748898, 0.00671511283144, 0.0172633584589], "min": [0.000136614165967, 3.18883940054e-06, 7.72976454755e-06, 1.24147745737e-05, 5.39928862509e-07, 1.3591370589e-06], "dmean": [0.308577418327, 0.131564289331, 0.11437766999, 0.100927747786, 0.0758957341313, 0.110843837261], "mean": [0.602420449257, 0.0985933169723, 0.0926433876157, 0.0877128764987, 0.0594377964735, 0.0875640586019], "max": [0.999602198601, 0.800144076347, 0.80792760849, 0.840278506279, 0.336602568626, 0.966499328613], "dmean2": [0.534636616707, 0.238581046462, 0.206586971879, 0.18163330853, 0.135199084878, 0.192648097873], "median": [0.830904006958, 0.0326490029693, 0.039752997458, 0.0338805988431, 0.0230691246688, 0.0311291478574], "dvar": [0.106214500964, 0.0262517724186, 0.0229126475751, 0.0137833645567, 0.00751405162737, 0.0189733859152]}, "bpm_histogram_first_peak_weight": {"dvar2": 0, "var": 0, "min": 0.61282658577, "dmean": 0, "mean": 0.61282658577, "max": 0.61282658577, "dmean2": 0, "median": 0.61282658577, "dvar": 0}, "bpm": 110.501579285, "beats_count": 422, "bpm_histogram_first_peak_spread": {"dvar2": 0, "var": 0, "min": 0.382775187492, "dmean": 0, "mean": 0.382775187492, "max": 0.382775187492, "dmean2": 0, "median": 0.382775187492, "dvar": 0}, "danceability": 1.3497569561, "bpm_histogram_first_peak_bpm": {"dvar2": 0, "var": 0, "min": 110, "dmean": 0, "mean": 110, "max": 110, "dmean2": 0, "median": 110, "dvar": 0}, "beats_position": [0.487619042397, 0.986848056316, 1.49768710136, 2.02013611794, 2.55419492722, 3.08825397491, 3.63392281532, 4.17959165573, 4.71365070343, 5.25931978226, 5.80498838425, 6.35065746307, 6.88471651077, 7.4303855896, 7.97605419159, 8.52172279358, 9.06739234924, 9.61306095123, 10.1587295532, 10.7043991089, 11.2384576797, 11.7725172043, 12.3181858063, 12.8638544083, 13.3979139328, 13.9435825348, 14.4892511368, 15.0465307236, 15.5921993256, 16.1378688812, 16.6835365295, 17.2175960541, 17.7516555786, 18.2973232269, 18.8429927826, 19.3886623383, 19.9227199554, 20.4799995422, 21.0140590668, 21.548116684, 22.0937862396, 22.6394557953, 23.1851234436, 23.7307929993, 24.2648525238, 24.8105201721, 25.3561897278, 25.8902492523, 26.435918808, 26.9815864563, 27.527256012, 28.0729255676, 28.6185932159, 29.1642627716, 29.6983222961, 30.2323799133, 30.778049469, 31.3237190247, 31.869386673, 32.4150543213, 32.9491157532, 33.5063934326, 34.0520629883, 34.5977325439, 35.1317901611, 35.6658477783, 36.211517334, 36.7571868896, 37.3028564453, 37.848526001, 38.3941955566, 38.9282531738, 39.462310791, 40.0079803467, 40.5536499023, 41.099319458, 41.6449890137, 42.1906585693, 42.7363243103, 43.281993866, 43.8276634216, 44.3733329773, 44.9073905945, 45.4414520264, 45.9871177673, 46.532787323, 47.0784568787, 47.6241264343, 48.1581840515, 48.6922454834, 49.2379112244, 49.78358078, 50.3176422119, 50.8633079529, 51.4089775085, 51.9546470642, 52.5003166199, 53.0459861755, 53.603263855, 54.1489334106, 54.6829910278, 55.2170524597, 55.7743301392, 56.3083877563, 56.8424491882, 57.3997268677, 57.9453964233, 58.491065979, 59.0251235962, 59.5707931519, 60.1164627075, 60.6505203247, 61.1961898804, 61.741859436, 62.2991371155, 62.8331947327, 63.3672561646, 63.924533844, 64.4585952759, 64.9926528931, 65.5267105103, 66.0723800659, 66.6064376831, 67.1637191772, 67.7093887329, 68.2434463501, 68.7891159058, 69.3347854614, 69.8804550171, 70.4261245728, 70.971786499, 71.5174560547, 72.0515213013, 72.608795166, 73.1428527832, 73.6769180298, 74.2225799561, 74.7682495117, 75.3139190674, 75.859588623, 76.3936462402, 76.9393157959, 77.4849853516, 78.0190429688, 78.5647125244, 79.1103820801, 79.6560516357, 80.2017211914, 80.7473907471, 81.2930603027, 81.8271179199, 82.3611755371, 82.9068450928, 83.4525146484, 83.9981842041, 84.5438537598, 85.077911377, 85.6351928711, 86.1808624268, 86.7265319824, 87.2605895996, 87.8062591553, 88.3519287109, 88.8859863281, 89.4316558838, 89.9773254395, 90.5229949951, 91.0570526123, 91.5911102295, 92.1367797852, 92.6824493408, 93.2281188965, 93.7621765137, 94.3194503784, 94.853515625, 95.3991851807, 95.9448471069, 96.5021286011, 97.0477981567, 97.5818557739, 98.1159133911, 98.6615829468, 99.2072525024, 99.7529220581, 100.286979675, 100.821044922, 101.366706848, 101.912376404, 102.44644165, 102.980499268, 103.537773132, 104.095054626, 104.640724182, 105.186393738, 105.743675232, 106.277732849, 106.811790466, 107.345848083, 107.891517639, 108.437187195, 108.971244812, 109.516914368, 110.062583923, 110.608253479, 111.153923035, 111.69959259, 112.245262146, 112.779319763, 113.324989319, 113.870658875, 114.427932739, 114.961990356, 115.496055603, 116.03011322, 116.575782776, 117.121452332, 117.655509949, 118.201179504, 118.74684906, 119.292518616, 119.838180542, 120.395462036, 120.941131592, 121.475189209, 122.009246826, 122.554916382, 123.100585938, 123.646255493, 124.18031311, 124.737594604, 125.271652222, 125.805709839, 126.351379395, 126.89704895, 127.442718506, 127.988388062, 128.534057617, 129.079727173, 129.61378479, 130.147842407, 130.693511963, 131.239181519, 131.784851074, 132.33052063, 132.876190186, 133.421859741, 133.955917358, 134.489974976, 135.035644531, 135.581314087, 136.126983643, 136.672653198, 137.218322754, 137.76399231, 138.309661865, 138.855331421, 139.389389038, 139.923446655, 140.469116211, 141.014785767, 141.560455322, 142.106124878, 142.640182495, 143.174240112, 143.719909668, 144.265579224, 144.811248779, 145.356918335, 145.890975952, 146.448257446, 146.993927002, 147.527984619, 148.073654175, 148.61932373, 149.153381348, 149.699050903, 150.233108521, 150.790390015, 151.336044312, 151.881713867, 152.415786743, 152.94984436, 153.507110596, 154.052780151, 154.598449707, 155.144119263, 155.689788818, 156.223846436, 156.769515991, 157.315185547, 157.860855103, 158.406524658, 158.940582275, 159.474639893, 160.020309448, 160.565979004, 161.100036621, 161.657318115, 162.214599609, 162.748657227, 163.282714844, 163.816772461, 164.350830078, 164.908111572, 165.453781128, 165.999450684, 166.545120239, 167.090789795, 167.624847412, 168.170516968, 168.716186523, 169.250244141, 169.795913696, 170.341583252, 170.887252808, 171.432922363, 171.978591919, 172.524261475, 173.06993103, 173.603988647, 174.138046265, 174.68371582, 175.229385376, 175.775054932, 176.309112549, 176.866394043, 177.40045166, 177.934509277, 178.480178833, 179.025848389, 179.571517944, 180.1171875, 180.651245117, 181.196914673, 181.742584229, 182.276641846, 182.822311401, 183.367980957, 183.925262451, 184.470932007, 185.004989624, 185.55065918, 186.096328735, 186.630386353, 187.16444397, 187.710113525, 188.255783081, 188.801452637, 189.335510254, 189.88117981, 190.426849365, 190.972518921, 191.506576538, 192.052246094, 192.597915649, 193.143585205, 193.689254761, 194.234924316, 194.768981934, 195.303039551, 195.848709106, 196.394378662, 196.951644897, 197.485717773, 198.019775391, 198.577041626, 199.122711182, 199.668380737, 200.214050293, 200.759719849, 201.293777466, 201.827835083, 202.373504639, 202.919174194, 203.46484375, 204.010513306, 204.544570923, 205.07862854, 205.624298096, 206.169967651, 206.704025269, 207.261306763, 207.806976318, 208.352645874, 208.89831543, 209.443984985, 209.989654541, 210.535324097, 211.069381714, 211.603439331, 212.149108887, 212.694778442, 213.22883606, 213.786117554, 214.331787109, 214.877456665, 215.411514282, 215.957183838, 216.502853394, 217.036911011, 217.582580566, 218.128250122, 218.673919678, 219.219589233, 219.753646851, 220.299316406, 220.844985962, 221.379043579, 221.924713135, 222.47038269, 223.016052246, 223.561721802, 224.095779419, 224.641448975, 225.18711853, 225.732788086, 226.278457642, 226.835739136, 227.393005371, 227.938674927, 228.495956421, 229.041625977], "beats_loudness": {"dvar2": 0.0166153535247, "var": 0.00804520025849, "min": 2.40791064243e-06, "dmean": 0.0934783741832, "mean": 0.117650508881, "max": 0.430895835161, "dmean2": 0.160256117582, "median": 0.110459446907, "dvar": 0.00669871596619}, "bpm_histogram_second_peak_weight": {"dvar2": 0, "var": 0, "min": 0.00237529701553, "dmean": 0, "mean": 0.00237529701553, "max": 0.00237529701553, "dmean2": 0, "median": 0.00237529701553, "dvar": 0}, "bpm_histogram_second_peak_spread": {"dvar2": 0, "var": 0, "min": 0.5, "dmean": 0, "mean": 0.5, "max": 0.5, "dmean2": 0, "median": 0.5, "dvar": 0}, "bpm_histogram_second_peak_bpm": {"dvar2": 0, "var": 0, "min": 115, "dmean": 0, "mean": 115, "max": 115, "dmean2": 0, "median": 115, "dvar": 0}, "onset_rate": 3.75342416763}, "lowlevel": {"spectral_energyband_high": {"dvar2": 4.58206022813e-06, "var": 7.26659482098e-06, "min": 6.87913528099e-21, "dmean": 0.000766671961173, "mean": 0.00128802575637, "max": 0.0618895627558, "dmean2": 0.000972580572125, "median": 0.000482841103803, "dvar": 2.92727099804e-06}, "spectral_energyband_middle_low": {"dvar2": 0.000217258930206, "var": 8.68475835887e-05, "min": 2.02284648431e-22, "dmean": 0.0049612945877, "mean": 0.00794489216059, "max": 0.0925791636109, "dmean2": 0.00831802468747, "median": 0.00513331172988, "dvar": 7.85214142525e-05}, "spectral_energy": {"dvar2": 0.00892445724458, "var": 0.0093357115984, "min": 9.85974248563e-21, "dmean": 0.0379237122834, "mean": 0.0940611287951, "max": 0.520844101906, "dmean2": 0.0546776503325, "median": 0.0556783899665, "dvar": 0.00442811846733}, "spectral_spread": {"dvar2": 1426096521220.0, "var": 4793956827140.0, "min": 1129193.625, "dmean": 664273.125, "mean": 5576046, "max": 42730992, "dmean2": 960055.5625, "median": 5330482.5, "dvar": 746878926848}, "spectral_energyband_low": {"dvar2": 0.00919715687633, "var": 0.0090012922883, "min": 1.69992504213e-23, "dmean": 0.0351302735507, "mean": 0.0815850123763, "max": 0.506783306599, "dmean2": 0.0517755895853, "median": 0.0441524721682, "dvar": 0.00447908695787}, "spectral_rolloff": {"dvar2": 1929857, "var": 3556722.25, "min": 43.06640625, "dmean": 441.964904785, "mean": 1051.48071289, "max": 20284.2773438, "dmean2": 711.415344238, "median": 236.865234375, "dvar": 1004036.375}, "barkbands": {"dvar2": [3.41699487763e-05, 0.00733210053295, 0.00178240926471, 8.59098290675e-05, 1.85325916391e-05, 1.6132447854e-05, 1.43194738484e-05, 2.21326126848e-06, 8.72768214322e-06, 3.22923710883e-06, 1.83132772236e-06, 1.5293190927e-06, 1.22029325667e-06, 9.2890400083e-07, 1.30127170905e-06, 1.15184195693e-06, 7.63981802265e-07, 3.85310556794e-07, 4.85873670186e-07, 4.28572008104e-07, 3.15988444299e-07, 3.57186593192e-07, 2.40331502255e-07, 1.76289802312e-07, 4.00143846946e-07, 2.24981384633e-08, 5.30675711707e-11], "var": [0.000120030606922, 0.0066977115348, 0.000364040548448, 1.73862481461e-05, 8.77196907823e-06, 1.19518699648e-05, 7.29141174816e-06, 1.02196418084e-06, 5.78438948651e-06, 1.97945928448e-06, 1.19902244933e-06, 8.6068047267e-07, 7.74657507918e-07, 5.92205196881e-07, 5.88328532558e-07, 4.96880034007e-07, 3.98204747398e-07, 2.13401818883e-07, 3.59731501476e-07, 2.97382285908e-07, 3.40291279599e-07, 3.53447035195e-07, 3.39852903153e-07, 2.40101769577e-07, 5.08851030645e-07, 2.05307859602e-08, 2.31891068847e-11], "min": [6.00200924737e-25, 4.32153662769e-24, 3.56692648525e-24, 2.54552989556e-24, 1.08508101503e-23, 2.5784305229e-23, 1.04952318861e-23, 1.23179809935e-23, 1.65301921493e-23, 2.18069710968e-23, 2.86609701391e-23, 3.11857289326e-23, 2.48251008553e-23, 4.46328854259e-23, 8.36082182116e-23, 9.49518676348e-23, 8.37911266566e-23, 9.26839998173e-23, 1.28613748907e-22, 2.13425648953e-22, 2.70383501525e-22, 3.84527383107e-22, 5.33949427293e-22, 5.71450587307e-22, 7.13386783264e-22, 1.23930709591e-21, 2.10059366163e-21], "dmean": [0.00229813833721, 0.0313046462834, 0.00752766150981, 0.00177138973959, 0.00137577997521, 0.00145730713848, 0.00104439118877, 0.000362176651834, 0.000598131446168, 0.000459069211502, 0.000375892152078, 0.000344143452821, 0.000331464252668, 0.000291961187031, 0.000256092607742, 0.000240805966314, 0.000167462960235, 0.000154975321493, 0.000220785484998, 0.000188069097931, 0.000197411412955, 0.000180975010153, 0.000166357756825, 0.000121409044368, 8.24939124868e-05, 3.17266712955e-05, 1.35220250286e-06], "mean": [0.00894900131971, 0.0666969940066, 0.00539139658213, 0.00128056725953, 0.00199323380366, 0.00207261485048, 0.00126944947988, 0.000403944286518, 0.000793053593952, 0.000716018432286, 0.00054467463633, 0.000427431310527, 0.000400645774789, 0.000360544741852, 0.000337407720508, 0.000269915995887, 0.000190616527107, 0.000189320824575, 0.000319210463203, 0.000266756891506, 0.000311070849421, 0.000272312958259, 0.000245767150773, 0.000183064461453, 0.000129980413476, 4.44447396148e-05, 1.30611988425e-06], "max": [0.0597478337586, 0.447804898024, 0.200432300568, 0.055520310998, 0.0329617597163, 0.0381963141263, 0.0564555898309, 0.0195998884737, 0.031938329339, 0.0243082121015, 0.0151795186102, 0.0286312997341, 0.0107008917257, 0.0106191318482, 0.0224219709635, 0.00958983413875, 0.0142687894404, 0.00746584683657, 0.0096658244729, 0.00721519486979, 0.00760405184701, 0.0171992946416, 0.0175396092236, 0.0140508040786, 0.0261286292225, 0.00411938596517, 0.000204462732654], "dmean2": [0.0032377447933, 0.0466959103942, 0.0139160510153, 0.00331010576338, 0.00226642517373, 0.00226262863725, 0.0016614618944, 0.000589940929785, 0.000962781428825, 0.000751387269702, 0.000622775463853, 0.000561724475119, 0.000534140795935, 0.000476160174003, 0.000408533087466, 0.000377273885533, 0.000258466548985, 0.000236602849327, 0.000331446004566, 0.000272148667136, 0.000277751445537, 0.000251160381595, 0.000225774390856, 0.00016468433023, 0.00010671903874, 4.28843632108e-05, 2.21822028834e-06], "median": [0.00389169086702, 0.034969381988, 0.000257636420429, 0.000152827968122, 0.000846238515805, 0.000605881097727, 0.00027333831531, 9.2124704679e-05, 0.000127593506477, 0.000111660403491, 8.90244991751e-05, 7.93483632151e-05, 5.20607172803e-05, 5.57002858841e-05, 6.88616200932e-05, 5.16924665135e-05, 2.27768960031e-05, 2.72111137747e-05, 8.96068086149e-05, 8.4070932644e-05, 0.000101657155028, 8.99268561625e-05, 7.05323691363e-05, 4.46675512649e-05, 2.52591999015e-05, 9.45313604461e-06, 2.07458484169e-07], "dvar": [1.58523944265e-05, 0.00364374066703, 0.000619524740614, 2.95983554679e-05, 6.9526408879e-06, 6.90060960551e-06, 5.68575933357e-06, 8.72286420872e-07, 3.35857816935e-06, 1.20553511351e-06, 6.94416826263e-07, 5.92475146277e-07, 5.10886252414e-07, 3.96903914179e-07, 5.14412135999e-07, 4.68237203677e-07, 3.43565801586e-07, 1.65611098168e-07, 2.15124757119e-07, 1.92098553953e-07, 1.71860776277e-07, 1.85900020711e-07, 1.4445782881e-07, 1.02759052822e-07, 2.30671247436e-07, 1.1488648255e-08, 2.19730570544e-11]}, "melbands_skewness": {"dvar2": 18.9424514771, "var": 32.4666061401, "min": -3.3864736557, "dmean": 2.19489908218, "mean": 6.4465880394, "max": 51.9556884766, "dmean2": 3.29188871384, "median": 4.90550374985, "dvar": 8.64322566986}, "barkbands_skewness": {"dvar2": 11.5868797302, "var": 14.9743423462, "min": -6.4054851532, "dmean": 1.58099532127, "mean": 4.07547998428, "max": 35.8567962646, "dmean2": 2.36345219612, "median": 3.21674799919, "dvar": 5.13492107391}, "erbbands": {"dvar2": [16.686006546, 321.74331665, 2541.27294922, 1443.51708984, 363.445220947, 198.867385864, 527.858215332, 1596.43395996, 3756.07592773, 1151.26550293, 951.801696777, 2766.63891602, 4441.00292969, 2674.19775391, 2328.94628906, 2137.02954102, 2194.53466797, 2111.73413086, 2469.51831055, 3127.49731445, 1851.15930176, 2651.24389648, 1077.45227051, 828.689331055, 1498.6697998, 787.34967041, 408.074707031, 616.411132812, 417.654449463, 243.962936401, 292.068847656, 100.109535217, 47.5340995789, 21.63555336, 43.0728378296, 2.50589227676, 0.0350385047495, 0.00074439146556, 3.50598412524e-07, 1.11344427012e-08], "var": [14.4825029373, 245.111206055, 602.113525391, 296.634552002, 97.0562515259, 112.666618347, 323.258789062, 1157.64892578, 2128.20458984, 467.855773926, 489.744171143, 1881.30236816, 2944.81665039, 1861.36755371, 1239.68676758, 1161.19885254, 1418.63757324, 1496.74963379, 1497.75036621, 1407.83276367, 1173.93261719, 1429.17272949, 643.921569824, 531.057739258, 1135.16101074, 573.265258789, 471.252563477, 570.038879395, 396.476379395, 338.219512939, 311.56439209, 144.753723145, 57.1113967896, 37.9457244873, 41.4183654785, 1.95238411427, 0.038037724793, 0.000671559537295, 3.44022026866e-07, 1.26224648511e-08], "min": [1.74916741222e-22, 8.87080626e-22, 5.43427572137e-21, 7.92846074004e-21, 2.2059399594e-20, 3.30793727487e-20, 5.01654636164e-20, 1.58002780258e-19, 1.3431743277e-19, 2.0916666703e-19, 3.64992049422e-19, 5.37501651844e-19, 6.16779313836e-19, 7.36027583796e-19, 1.61969305166e-18, 1.50390596387e-18, 1.64209041431e-18, 1.92297468735e-18, 4.7073715423e-18, 3.58806465179e-18, 4.38168241099e-18, 5.14573797587e-18, 6.03923365813e-18, 5.468925713e-18, 6.28823446125e-18, 9.67401788451e-18, 1.08340692104e-17, 1.27453601784e-17, 1.24393877242e-17, 1.44099925052e-17, 1.56626036873e-17, 9.95044510161e-18, 1.10812531114e-17, 7.09373797867e-18, 6.62414919929e-18, 4.69315272116e-18, 2.29995976998e-18, 9.18317304493e-19, 2.67092716535e-19, 2.81489917881e-20], "dmean": [1.3436177969, 6.03367614746, 9.58858966827, 7.0350985527, 4.77214622498, 4.48392152786, 6.68585157394, 14.1334037781, 18.1566410065, 8.28124809265, 7.88257408142, 11.3442049026, 16.0167369843, 14.7754898071, 13.2391529083, 13.1217956543, 14.0290288925, 14.1381855011, 14.5463762283, 12.703918457, 11.2060432434, 9.83151531219, 8.32091903687, 8.55793476105, 12.2423553467, 8.05159282684, 7.10330915451, 8.13833904266, 6.42698860168, 5.18602466583, 5.06480169296, 2.94470000267, 1.90971469879, 1.00245392323, 0.579176783562, 0.201882556081, 0.0477792620659, 0.00732267880812, 0.000161885487614, 4.63124961243e-05], "mean": [3.30483746529, 9.30321216583, 7.82147216797, 5.23401641846, 4.883872509, 6.79185533524, 10.2419509888, 19.7571048737, 22.9569683075, 10.005112648, 9.57293891907, 15.4791412354, 24.1982936859, 25.2540874481, 18.0847988129, 16.4380474091, 17.7547779083, 18.9510059357, 19.3371353149, 16.0036621094, 14.0595235825, 11.5693492889, 10.1518526077, 12.1983633041, 18.1166858673, 11.7884263992, 11.2777204514, 12.4401502609, 9.72529506683, 7.72514724731, 7.20669651031, 4.55859375, 2.72821497917, 1.52194988728, 0.896316230297, 0.282102286816, 0.0666931346059, 0.00952985975891, 0.000245565955993, 0.000113866008178], "max": [22.2551040649, 111.371154785, 252.842269897, 209.644180298, 138.068084717, 109.809898376, 253.975250244, 368.53817749, 587.921203613, 681.893554688, 418.747375488, 589.139343262, 846.570922852, 930.594116211, 637.758361816, 930.803100586, 517.201660156, 578.026428223, 606.413696289, 916.609375, 548.247253418, 977.833557129, 444.933685303, 399.799468994, 653.369812012, 329.296478271, 248.622772217, 360.194549561, 463.867095947, 621.251220703, 554.232971191, 337.155883789, 191.062103271, 246.894104004, 256.780548096, 75.4490203857, 3.8723385334, 0.523518741131, 0.0159134268761, 0.00101361214183], "dmean2": [2.05114793777, 8.84818553925, 16.8953113556, 13.0083789825, 8.37269020081, 7.29266643524, 10.6200790405, 21.8909053802, 28.4255161285, 13.4848327637, 12.7085590363, 18.3235206604, 26.1899642944, 23.910577774, 22.5179958344, 21.4469203949, 22.5330429077, 22.5124740601, 23.3644065857, 19.2233390808, 17.1359443665, 15.0180978775, 12.4356460571, 13.4457616806, 18.1641349792, 11.4769515991, 9.97982883453, 11.2855091095, 8.95324134827, 7.1725897789, 7.09614229202, 4.05235528946, 2.60898828506, 1.28984224796, 0.817176580429, 0.28079855442, 0.0634074509144, 0.0103466119617, 0.000222592469072, 6.47288761684e-05], "median": [1.84806513786, 3.41102433205, 0.864245355129, 0.753584802151, 1.68494069576, 2.42904520035, 2.84751200676, 5.33118772507, 5.48076915741, 3.43571209908, 2.65625429153, 3.02970814705, 4.48752832413, 6.49774932861, 4.64198827744, 3.48558425903, 2.81718993187, 3.44375801086, 3.98758387566, 3.78166294098, 2.73353338242, 1.50431215763, 1.38246762753, 3.13700985909, 5.38085603714, 3.78628945351, 3.4877948761, 4.21198225021, 3.36083126068, 2.30751776695, 2.04023122787, 1.20047020912, 0.601247251034, 0.328094810247, 0.148307129741, 0.0531425103545, 0.0150425732136, 0.00218987348489, 8.82231761352e-05, 7.453175931e-05], "dvar": [6.78091669083, 167.008895874, 909.154174805, 502.087219238, 128.559509277, 74.8765640259, 210.983612061, 685.324951172, 1521.7611084, 439.827362061, 379.251342773, 1062.43395996, 1725.53894043, 1035.9888916, 855.745727539, 829.053588867, 932.811218262, 899.890930176, 1025.14111328, 1285.28601074, 843.51940918, 1211.33740234, 484.261688232, 357.047973633, 673.245361328, 355.504180908, 227.621185303, 313.259338379, 213.86479187, 142.111633301, 153.509033203, 58.7344169617, 26.2193984985, 14.533782959, 22.3542251587, 1.20230734348, 0.0194637663662, 0.000384170096368, 1.86269303981e-07, 5.7465743275e-09]}, "silence_rate_30dB": {"dvar2": 0.15286681056, "var": 0.242330238223, "min": 0, "dmean": 0.0930232554674, "mean": 0.58770596981, "max": 1, "dmean2": 0.186065331101, "median": 1, "dvar": 0.0843790397048}, "melbands_spread": {"dvar2": 387.480438232, "var": 514.182556152, "min": 0.0644252821803, "dmean": 6.9271068573, "mean": 15.640958786, "max": 268.624755859, "dmean2": 10.4658145905, "median": 7.29833889008, "dvar": 182.832244873}, "melbands_crest": {"dvar2": 36.3002319336, "var": 103.835090637, "min": 1.75121796131, "dmean": 3.70698475838, "mean": 24.2314662933, "max": 38.236038208, "dmean2": 5.79926252365, "median": 25.2918777466, "dvar": 16.2648010254}, "zerocrossingrate": {"dvar2": 0.000303640321363, "var": 0.00269451620989, "min": 0.00146484375, "dmean": 0.0114536760375, "mean": 0.0455361381173, "max": 0.521484375, "dmean2": 0.0127096809447, "median": 0.0283203125, "dvar": 0.000292506301776}, "barkbands_kurtosis": {"dvar2": 20525.5117188, "var": 11087.2255859, "min": -1.97207832336, "dmean": 31.0405750275, "mean": 44.0746841431, "max": 1991.32177734, "dmean2": 49.3642311096, "median": 12.2134466171, "dvar": 7779.35791016}, "spectral_flux": {"dvar2": 0.0142069738358, "var": 0.0137885054573, "min": 6.54880594197e-11, "dmean": 0.055180799216, "mean": 0.120990350842, "max": 0.667795658112, "dmean2": 0.0873365104198, "median": 0.0807394534349, "dvar": 0.00709713902324}, "barkbands_crest": {"dvar2": 23.7931671143, "var": 38.1486244202, "min": 2.08805441856, "dmean": 2.9642598629, "mean": 15.8293781281, "max": 26.4997825623, "dmean2": 4.73740291595, "median": 17.7293548584, "dvar": 10.265411377}, "barkbands_flatness_db": {"dvar2": 0.00412801932544, "var": 0.0144841047004, "min": 0.0282299015671, "dmean": 0.0410146601498, "mean": 0.223258689046, "max": 0.78380125761, "dmean2": 0.0583429932594, "median": 0.201212346554, "dvar": 0.00216158409603}, "spectral_entropy": {"dvar2": 0.161445572972, "var": 0.37881270051, "min": 3.63921785355, "dmean": 0.230829030275, "mean": 7.57754993439, "max": 9.81430721283, "dmean2": 0.331300407648, "median": 7.7050485611, "dvar": 0.0840824320912}, "pitch_salience": {"dvar2": 0.0219065267593, "var": 0.048527572304, "min": 0.00858911406249, "dmean": 0.0911261662841, "mean": 0.368660569191, "max": 0.982974231243, "dmean2": 0.143150746822, "median": 0.331416428089, "dvar": 0.00961676426232}, "erbbands_spread": {"dvar2": 645.592102051, "var": 729.334777832, "min": 0.931487619877, "dmean": 13.8060331345, "mean": 50.0610275269, "max": 198.758346558, "dmean2": 21.1087551117, "median": 46.4997673035, "dvar": 268.426055908}, "dynamic_complexity": 3.47387361526, "spectral_contrast_valleys": {"dvar2": [0.629400551319, 0.621181249619, 0.654775202274, 0.542179942131, 0.418518543243, 0.35403701663], "var": [3.16323304176, 2.1062734127, 1.9994571209, 2.02830290794, 2.21406793594, 2.19252300262], "min": [-27.9297561646, -27.6665935516, -27.7220878601, -27.4890766144, -27.4231204987, -27.3745746613], "dmean": [0.533221960068, 0.518627285957, 0.497454017401, 0.470662206411, 0.421303927898, 0.410933732986], "mean": [-7.55757045746, -7.43789672852, -7.87945222855, -8.15417861938, -8.11855506897, -10.1145458221], "max": [-4.6670665741, -4.80843305588, -4.89675998688, -5.2869553566, -5.24413776398, -6.95155572891], "dmean2": [0.812735199928, 0.802672207355, 0.754854977131, 0.668022692204, 0.551984667778, 0.506039261818], "median": [-7.22670888901, -7.2188076973, -7.79195594788, -8.04034900665, -7.94770526886, -9.85785865784], "dvar": [0.331998467445, 0.293052524328, 0.327099323273, 0.293161302805, 0.262551903725, 0.245071440935]}, "hfc": {"dvar2": 635.306762695, "var": 897.880004883, "min": 1.07168739304e-16, "dmean": 10.5932044983, "mean": 22.7227115631, "max": 519.640258789, "dmean2": 13.6987686157, "median": 14.0790643692, "dvar": 384.815887451}, "spectral_kurtosis": {"dvar2": 21.7042713165, "var": 30.3610801697, "min": -1.33259260654, "dmean": 1.58873176575, "mean": 3.6603102684, "max": 81.3358764648, "dmean2": 2.49603056908, "median": 2.3274564743, "dvar": 9.52640533447}, "mfcc": {"mean": [-676.737731934, 104.361747742, 26.8408184052, 26.7253684998, 3.3347325325, 18.4625835419, 6.65622377396, 5.30537557602, 2.44776058197, 8.96562957764, -0.232348695397, -1.2743844986, 5.5094871521], "cov": [[11518.0166016, -982.051269531, -815.26776123, 143.242599487, -237.152175903, -22.2170562744, -162.014434814, -132.49597168, -105.083976746, 35.4765129089, 102.020301819, 79.368888855, -12.1613807678], [-982.051269531, 1794.0748291, 358.83581543, 122.349067688, 130.48538208, 41.3333702087, 175.942352295, 143.117050171, 43.7659454346, -5.57383871078, 9.96376228333, 46.5164604187, 72.6905899048], [-815.26776123, 358.83581543, 1045.15124512, 390.128295898, 312.979888916, 280.640167236, 153.52961731, 227.02204895, 179.235671997, 49.2055435181, 5.60139942169, 66.8419418335, 139.179397583], [143.242599487, 122.349067688, 390.128295898, 536.768066406, 230.667037964, 205.812911987, 48.8142585754, 55.6069908142, 105.845344543, 90.0923614502, 22.7838058472, 60.0426712036, 108.040435791], [-237.152175903, 130.48538208, 312.979888916, 230.667037964, 442.521636963, 183.93850708, 100.338516235, 125.928871155, 101.861381531, 61.3156776428, 46.4728279114, 78.4149169922, 63.7346115112], [-22.2170562744, 41.3333702087, 280.640167236, 205.812911987, 183.93850708, 360.328308105, 139.187362671, 105.88004303, 123.436958313, 120.785896301, 65.0892791748, 77.0462112427, 100.886734009], [-162.014434814, 175.942352295, 153.52961731, 48.8142585754, 100.338516235, 139.187362671, 379.335296631, 317.016540527, 155.600006104, 80.5888214111, 101.863975525, 69.8979492188, 47.7496070862], [-132.49597168, 143.117050171, 227.02204895, 55.6069908142, 125.928871155, 105.88004303, 317.016540527, 481.414245605, 252.905517578, 69.5819396973, 86.1301116943, 76.4969482422, 40.5938186646], [-105.083976746, 43.7659454346, 179.235671997, 105.845344543, 101.861381531, 123.436958313, 155.600006104, 252.905517578, 283.871398926, 149.078872681, 86.6892852783, 65.3168792725, 52.3180770874], [35.4765129089, -5.57383871078, 49.2055435181, 90.0923614502, 61.3156776428, 120.785896301, 80.5888214111, 69.5819396973, 149.078872681, 265.803039551, 145.340118408, 55.9768943787, 50.3357963562], [102.020301819, 9.96376228333, 5.60139942169, 22.7838058472, 46.4728279114, 65.0892791748, 101.863975525, 86.1301116943, 86.6892852783, 145.340118408, 222.878204346, 100.272026062, 26.1370048523], [79.368888855, 46.5164604187, 66.8419418335, 60.0426712036, 78.4149169922, 77.0462112427, 69.8979492188, 76.4969482422, 65.3168792725, 55.9768943787, 100.272026062, 148.745727539, 62.0677947998], [-12.1613807678, 72.6905899048, 139.179397583, 108.040435791, 63.7346115112, 100.886734009, 47.7496070862, 40.5938186646, 52.3180770874, 50.3357963562, 26.1370048523, 62.0677947998, 143.075698853]], "icov": [[0.000102150981547, 4.07071129302e-05, 0.000111049295811, -0.00012776395306, 5.96956015215e-05, -4.85930831928e-05, 6.63742248435e-05, -9.4418093795e-05, 7.58700698498e-05, 1.92009119928e-05, -4.37571761722e-05, -6.08005975664e-05, -1.13652304208e-05], [4.07071129302e-05, 0.000655398936942, -0.000177472058567, -6.89110456733e-05, -4.63864162157e-05, 0.000270132673904, -0.000359699391993, 3.44429863617e-05, 0.000167611025972, -1.95648990484e-05, 6.84204642312e-05, -0.000121021934319, -0.000178791451617], [0.000111049295811, -0.000177472058567, 0.00189654459246, -0.000853429082781, -0.000376235868316, -0.00073944235919, 0.000392090238165, -0.000670168781653, -0.00024765037233, 0.000584683322813, -1.7882535758e-05, 0.000396606134018, -0.000636483135168], [-0.00012776395306, -6.89110456733e-05, -0.000853429082781, 0.00340120517649, -0.000933927716687, -0.000514695653692, 0.000119400705444, 0.000628916139249, -0.000540270935744, -0.000496079504956, 0.000430885469541, -3.41919294442e-05, -0.000845132104587], [5.96956015215e-05, -4.63864162157e-05, -0.000376235868316, -0.000933927716687, 0.00361227081157, -0.000958642689511, 0.000192640422028, -0.000565105408896, 0.000244899420068, 1.60763520398e-05, 4.59518778371e-05, -0.00108660629485, 0.000630528666079], [-4.85930831928e-05, 0.000270132673904, -0.00073944235919, -0.000514695653692, -0.000958642689511, 0.00555145554245, -0.00195228972007, 0.00125080428552, -0.000603632652201, -0.00132507435046, 0.000654811912682, -0.000733588763978, -0.00133866455872], [6.63742248435e-05, -0.000359699391993, 0.000392090238165, 0.000119400705444, 0.000192640422028, -0.00195228972007, 0.00740536442026, -0.00522980932146, 0.00177994847763, -0.000357240060112, -0.00151872518472, 0.000541787652764, -0.000462791533209], [-9.4418093795e-05, 3.44429863617e-05, -0.000670168781653, 0.000628916139249, -0.000565105408896, 0.00125080428552, -0.00522980932146, 0.00852053891867, -0.00607753591612, 0.00234646466561, -0.000152897569933, -0.000504237774294, 0.000492660328746], [7.58700698498e-05, 0.000167611025972, -0.00024765037233, -0.000540270935744, 0.000244899420068, -0.000603632652201, 0.00177994847763, -0.00607753591612, 0.0110745821148, -0.00515974732116, 0.00119521073066, -0.00102084409446, 7.18410092304e-06], [1.92009119928e-05, -1.95648990484e-05, 0.000584683322813, -0.000496079504956, 1.60763520398e-05, -0.00132507435046, -0.000357240060112, 0.00234646466561, -0.00515974732116, 0.00956100132316, -0.00554686132818, 0.00255208928138, -0.00137267436367], [-4.37571761722e-05, 6.84204642312e-05, -1.7882535758e-05, 0.000430885469541, 4.59518778371e-05, 0.000654811912682, -0.00151872518472, -0.000152897569933, 0.00119521073066, -0.00554686132818, 0.0107390806079, -0.00623820442706, 0.0019803752657], [-6.08005975664e-05, -0.000121021934319, 0.000396606134018, -3.41919294442e-05, -0.00108660629485, -0.000733588763978, 0.000541787652764, -0.000504237774294, -0.00102084409446, 0.00255208928138, -0.00623820442706, 0.013122911565, -0.00441794097424], [-1.13652304208e-05, -0.000178791451617, -0.000636483135168, -0.000845132104587, 0.000630528666079, -0.00133866455872, -0.000462791533209, 0.000492660328746, 7.18410092304e-06, -0.00137267436367, 0.0019803752657, -0.00441794097424, 0.0110493097454]]}, "silence_rate_20dB": {"dvar2": 0.0775186046958, "var": 0.0189357660711, "min": 0, "dmean": 0.0299292206764, "mean": 0.980689525604, "max": 1, "dmean2": 0.0598644949496, "median": 1, "dvar": 0.0290337670594}, "melbands_kurtosis": {"dvar2": 72918.0390625, "var": 73535.9609375, "min": -1.89239501953, "dmean": 73.4935531616, "mean": 119.06375885, "max": 4412.34814453, "dmean2": 113.672515869, "median": 32.8529853821, "dvar": 32704.4082031}, "barkbands_spread": {"dvar2": 143.353363037, "var": 213.317138672, "min": 0.13763000071, "dmean": 5.74886035919, "mean": 15.0861148834, "max": 114.071731567, "dmean2": 8.86101150513, "median": 10.5260038376, "dvar": 65.4106826782}, "erbbands_skewness": {"dvar2": 0.917656183243, "var": 1.25837779045, "min": -6.17275428772, "dmean": 0.549987077713, "mean": 0.389203161001, "max": 14.1043663025, "dmean2": 0.830268740654, "median": 0.344515323639, "dvar": 0.419073134661}, "average_loudness": 0.946507811546, "spectral_centroid": {"dvar2": 356359.0625, "var": 891763, "min": 48.0005302429, "dmean": 356.472564697, "mean": 1369.99157715, "max": 11423.3417969, "dmean2": 527.424804688, "median": 1217.98803711, "dvar": 188313.609375}, "dissonance": {"dvar2": 0.00238256412558, "var": 0.00183860061225, "min": 0.0732295960188, "dmean": 0.0254122707993, "mean": 0.455979019403, "max": 0.500000059605, "dmean2": 0.0423102974892, "median": 0.468100726604, "dvar": 0.000916423916351}, "erbbands_flatness_db": {"dvar2": 0.001093193423, "var": 0.00303298258223, "min": 0.055872078985, "dmean": 0.0221919901669, "mean": 0.151290178299, "max": 0.496139794588, "dmean2": 0.0312263891101, "median": 0.141349747777, "dvar": 0.000620726728812}, "spectral_strongpeak": {"dvar2": 0.800526618958, "var": 0.447820365429, "min": 0, "dmean": 0.317852884531, "mean": 0.657335340977, "max": 18.9535560608, "dmean2": 0.52282845974, "median": 0.489686667919, "dvar": 0.325117588043}, "spectral_rms": {"dvar2": 1.26915674628e-05, "var": 2.51421115536e-05, "min": 3.10149345442e-12, "dmean": 0.00180671620183, "mean": 0.0081624109298, "max": 0.0225419737399, "dmean2": 0.00252650375478, "median": 0.00737023586407, "dvar": 6.76237687003e-06}, "silence_rate_60dB": {"dvar2": 0.0612145140767, "var": 0.0798901319504, "min": 0, "dmean": 0.0287158749998, "mean": 0.0875543430448, "max": 1, "dmean2": 0.0574375577271, "median": 0, "dvar": 0.0278906282037}, "melbands": {"dvar2": [0.000777288514655, 0.000545266084373, 3.80956989829e-05, 1.10143764687e-06, 5.21561901223e-07, 7.43077180232e-07, 7.51866309656e-07, 1.20242646062e-07, 5.61371429342e-08, 1.72547885313e-07, 1.18092245316e-07, 4.89691664995e-08, 3.26966400621e-08, 2.43571811609e-08, 1.79454460181e-08, 1.17950849088e-08, 8.02356936447e-09, 7.25557480763e-09, 1.15443592463e-08, 7.15782189076e-09, 2.38341613112e-09, 3.83976095364e-09, 2.01318828275e-09, 5.17187570548e-10, 6.26503626755e-10, 1.07627584622e-09, 1.00010810744e-09, 2.57638493872e-10, 1.29429786333e-10, 2.80694550936e-10, 3.30873523025e-10, 1.36028063813e-10, 1.64277438874e-10, 8.36443136976e-11, 1.25027085907e-10, 6.38129202257e-11, 4.05035310846e-11, 4.29078717001e-11, 1.64056563473e-11, 1.41736154063e-11], "var": [0.000718793016858, 0.000215782405576, 7.87441695138e-06, 4.48294628086e-07, 3.32713824491e-07, 5.46337730611e-07, 4.18181627992e-07, 4.98003629446e-08, 3.25018945091e-08, 1.13271639179e-07, 7.81476927614e-08, 3.27156115532e-08, 1.80941981398e-08, 1.39898945761e-08, 8.9354816879e-09, 7.77753861314e-09, 5.28186072657e-09, 4.32740066003e-09, 4.38122826907e-09, 2.50432208304e-09, 1.50252710274e-09, 1.7623511539e-09, 1.00257624425e-09, 3.52678136695e-10, 3.50458106979e-10, 7.35667304852e-10, 6.18108175754e-10, 2.04608566201e-10, 1.55125107204e-10, 2.44677639261e-10, 2.1465240696e-10, 1.26067226103e-10, 1.58246180049e-10, 8.79032957535e-11, 1.06870706729e-10, 8.78359537881e-11, 4.74951571128e-11, 3.53503927519e-11, 2.32405154149e-11, 2.45990016551e-11], "min": [1.7390132972e-24, 2.08500453479e-24, 3.04817214562e-24, 1.71219675959e-24, 1.49597471863e-24, 3.96980090499e-24, 2.09809804809e-24, 1.95692902252e-24, 2.99400205334e-24, 2.4388723513e-24, 3.04255880864e-24, 2.32418893619e-24, 4.9107368378e-24, 3.99527795679e-24, 4.92623006598e-24, 3.65722305434e-24, 2.34125968896e-24, 6.74714309957e-24, 5.49866145983e-24, 4.33756509799e-24, 4.22596021257e-24, 4.42212270399e-24, 4.54808091359e-24, 4.33621259597e-24, 3.37991399146e-24, 4.51762338847e-24, 5.56015711169e-24, 4.77792303251e-24, 6.22376189352e-24, 7.25386080229e-24, 6.91620388017e-24, 6.65344299011e-24, 5.78253542315e-24, 7.97480867218e-24, 7.89675088561e-24, 4.65994651755e-24, 6.8713129615e-24, 6.67810199315e-24, 7.83555184545e-24, 5.02142546129e-24], "dmean": [0.00999542605132, 0.0056420546025, 0.001174384146, 0.000317561265547, 0.000217378517846, 0.000311047653668, 0.000257767678704, 8.55970210978e-05, 6.22642255621e-05, 8.35080791148e-05, 8.34261882119e-05, 6.17891564616e-05, 4.80198323203e-05, 3.95213974116e-05, 3.53224641003e-05, 3.29856375174e-05, 2.6574549338e-05, 2.48441465374e-05, 1.90543414647e-05, 1.76236462721e-05, 1.25710621433e-05, 1.08663189167e-05, 9.15508917387e-06, 6.51743039271e-06, 7.14818588676e-06, 9.84400503512e-06, 9.04843636818e-06, 4.66415940537e-06, 4.15023077949e-06, 5.26716394234e-06, 5.0497110351e-06, 3.80472761208e-06, 3.48214530277e-06, 2.83622080133e-06, 3.11144663101e-06, 2.44435204877e-06, 1.71031899754e-06, 1.57979673077e-06, 9.89586396827e-07, 7.99861993528e-07], "mean": [0.0230936203152, 0.00667739333585, 0.000909182417672, 0.000419205316575, 0.000348732457496, 0.00044028944103, 0.000326456472976, 9.84032303677e-05, 7.39283277653e-05, 0.000110705921543, 0.000124595797388, 0.000104941413156, 6.66155756335e-05, 4.82197356177e-05, 3.96724499296e-05, 4.11023029301e-05, 3.34133401338e-05, 3.12565352942e-05, 2.51767487498e-05, 1.89092006622e-05, 1.55186717166e-05, 1.21973389469e-05, 9.69661596173e-06, 8.56741280586e-06, 9.57534939516e-06, 1.36142571137e-05, 1.24729322124e-05, 6.5403132794e-06, 6.27248391538e-06, 7.96147196525e-06, 7.08554216544e-06, 5.65866048419e-06, 4.87965826323e-06, 3.97819576392e-06, 4.26488759331e-06, 3.55045131073e-06, 2.50584071182e-06, 2.05384253604e-06, 1.45327078371e-06, 1.1918770042e-06], "max": [0.154530346394, 0.129903838038, 0.0353991910815, 0.00760731846094, 0.00677947839722, 0.00739489961416, 0.00926649011672, 0.00599464261904, 0.00296043255366, 0.0047546220012, 0.00429715262726, 0.00409425003454, 0.0024806780275, 0.00437725894153, 0.00166685564909, 0.00129572628066, 0.00122521654703, 0.000985540449619, 0.00236235768534, 0.000836998340674, 0.000667011248879, 0.00127155648079, 0.000637222663499, 0.000285922928015, 0.000376703916118, 0.000402319885325, 0.000409636792028, 0.000255428574746, 0.00013788943761, 0.000183400276001, 0.000266282499069, 0.000199308240553, 0.000480354210595, 0.00028086223756, 0.000322726060404, 0.000278934225207, 0.00020358277834, 0.000138425079058, 0.000170429353602, 0.000210560217965], "dmean2": [0.0147944008932, 0.00874776486307, 0.00216109561734, 0.000532734207809, 0.000346362037817, 0.000482400122564, 0.000403754471336, 0.000139277632115, 9.97617753455e-05, 0.000135114547447, 0.000136468661367, 0.000100165925687, 8.05994131952e-05, 6.5004453063e-05, 5.75836129428e-05, 5.26394542248e-05, 4.28962193837e-05, 4.02768673666e-05, 2.97436763503e-05, 2.87684906652e-05, 1.98773686861e-05, 1.68946044141e-05, 1.40868633025e-05, 9.96816743282e-06, 1.1486987205e-05, 1.47149967233e-05, 1.38590112329e-05, 6.59659917801e-06, 5.72453973291e-06, 7.77862533141e-06, 7.36102674637e-06, 5.38118501936e-06, 4.9234886319e-06, 4.14759870182e-06, 4.53281882073e-06, 3.2883788208e-06, 2.43660383603e-06, 2.24226960199e-06, 1.33397418267e-06, 1.06197023797e-06], "median": [0.0129414089024, 0.0021283342503, 0.000177658250323, 0.000167384292581, 9.71229746938e-05, 0.000123643665574, 8.27919575386e-05, 2.81837546936e-05, 1.89348284039e-05, 1.73571170308e-05, 1.96857126866e-05, 2.40725166805e-05, 1.34485162562e-05, 8.54325480759e-06, 6.19544789515e-06, 5.21266429132e-06, 5.24999268237e-06, 5.46551245861e-06, 5.06196010974e-06, 4.12656663684e-06, 2.65291646429e-06, 1