{"tonal": {"thpcp": [1, 0.631407439709, 0.402062773705, 0.396942466497, 0.482539892197, 0.665093481541, 0.661552906036, 0.377534091473, 0.20143134892, 0.173596128821, 0.199308678508, 0.293318718672, 0.305849015713, 0.249612897635, 0.296895802021, 0.299787551165, 0.224126026034, 0.208314463496, 0.232062354684, 0.344821214676, 0.764863610268, 0.889176428318, 0.475637078285, 0.218285143375, 0.165948450565, 0.162541374564, 0.205293148756, 0.238865062594, 0.42121592164, 0.593188226223, 0.398844361305, 0.24613699317, 0.341042876244, 0.418483734131, 0.557380437851, 0.928947985172], "hpcp": {"dmean2": [0.38152629137, 0.353006750345, 0.259593635798, 0.165934577584, 0.144257485867, 0.148668467999, 0.176598757505, 0.192154422402, 0.17296372354, 0.199805051088, 0.204812899232, 0.175974324346, 0.180359765887, 0.199580535293, 0.245679944754, 0.360768705606, 0.369658082724, 0.273336231709, 0.180636361241, 0.137783154845, 0.126441776752, 0.139054968953, 0.154234424233, 0.23844511807, 0.356666922569, 0.254794299603, 0.193361461163, 0.247512251139, 0.299430221319, 0.380027800798, 0.436884194613, 0.40888312459, 0.380283981562, 0.331826984882, 0.33532205224, 0.384043395519], "median": [0.134370058775, 0.137873798609, 0.07423196733, 0.0274082832038, 0.0239767469466, 0.0346808731556, 0.0553129091859, 0.0572085827589, 0.0430775135756, 0.0407891049981, 0.0352822728455, 0.0306303314865, 0.0300610568374, 0.0331318378448, 0.0702418088913, 0.1933837533, 0.236638039351, 0.115538731217, 0.0314437225461, 0.0222194083035, 0.0237548220903, 0.0358822420239, 0.0435025393963, 0.0691511780024, 0.0766059234738, 0.060725864023, 0.0367875099182, 0.055146895349, 0.0720605701208, 0.124059811234, 0.266226947308, 0.265928655863, 0.134298980236, 0.0528332665563, 0.0461469963193, 0.0704835876822], "min": [0, 0, 0, 0, 0, 0, 0, 0, 0, 0, 0, 0, 0, 0, 0, 0, 0, 0, 0, 0, 0, 0, 0, 0, 0, 0, 0, 0, 0, 0, 0, 0, 0, 0, 0, 0], "dvar2": [0.165011242032, 0.149243727326, 0.115001820028, 0.0716181099415, 0.0610455572605, 0.0563909560442, 0.0658735111356, 0.0762536674738, 0.0668153390288, 0.081853248179, 0.0962799116969, 0.0770394429564, 0.0900429785252, 0.0898962318897, 0.0885417461395, 0.123251602054, 0.11966535449, 0.0962992459536, 0.0688590854406, 0.0569398365915, 0.0459764041007, 0.0465612448752, 0.053566429764, 0.078875221312, 0.167128741741, 0.089616984129, 0.085903853178, 0.111620232463, 0.127148881555, 0.147705763578, 0.16779987514, 0.151731207967, 0.158236786723, 0.158926978707, 0.170549347997, 0.20163115859], "dvar": [0.0647741854191, 0.0585548132658, 0.0422587543726, 0.0265646409243, 0.022460622713, 0.0204595625401, 0.0255887433887, 0.0288941841573, 0.0247298646718, 0.0322215035558, 0.0363348908722, 0.0282818283886, 0.032880526036, 0.0333511270583, 0.0330636464059, 0.0506241880357, 0.0531052984297, 0.0366582535207, 0.0256482176483, 0.020588291809, 0.0167043358088, 0.0170790385455, 0.0203079823405, 0.0323840640485, 0.0731213539839, 0.0354121923447, 0.0319977588952, 0.0421525537968, 0.0491876639426, 0.0568697825074, 0.0641090795398, 0.0665678754449, 0.0618378557265, 0.0596401244402, 0.0667582079768, 0.0748413652182], "dmean": [0.218755826354, 0.208896324039, 0.148320302367, 0.0941721946001, 0.0815352872014, 0.0849695950747, 0.104749560356, 0.112629085779, 0.100050739944, 0.116747759283, 0.118746824563, 0.0996865704656, 0.100755855441, 0.111901365221, 0.140567228198, 0.215385600924, 0.223314881325, 0.162635922432, 0.102191887796, 0.0777329578996, 0.0715792551637, 0.0798916444182, 0.0896868631244, 0.140275150537, 0.205504849553, 0.146619707346, 0.109790340066, 0.141735777259, 0.17238779366, 0.217471674085, 0.254698187113, 0.239547207952, 0.219743102789, 0.187574476004, 0.187126025558, 0.212922856212], "max": [1, 1, 1, 1, 1, 1, 1, 1, 1, 1, 1, 1, 1, 1, 1, 1, 1, 1, 1, 1, 1, 1, 1, 1, 1, 1, 1, 1, 1, 1, 1, 1, 1, 1, 1, 1], "var": [0.0910105407238, 0.0878864973783, 0.0409163683653, 0.0228779986501, 0.0185424219817, 0.0177208725363, 0.0305377822369, 0.0327259525657, 0.0242066606879, 0.0384478904307, 0.0430120639503, 0.0248388759792, 0.024375397712, 0.0270506702363, 0.0326099433005, 0.0858210995793, 0.103706143796, 0.0441397130489, 0.0223563294858, 0.016231501475, 0.0140330595896, 0.0171698257327, 0.0222174860537, 0.0450028702617, 0.102408483624, 0.0423457585275, 0.0278388932347, 0.0417634360492, 0.0526379235089, 0.0637142434716, 0.116401575506, 0.138632684946, 0.080720089376, 0.0579406693578, 0.064210511744, 0.0737404972315], "mean": [0.268950849771, 0.267519116402, 0.152667433023, 0.0814549177885, 0.0701988935471, 0.0805965512991, 0.118612378836, 0.12367939204, 0.100938595831, 0.120058879256, 0.121228247881, 0.0906322002411, 0.0842383131385, 0.0938415005803, 0.139438986778, 0.30929595232, 0.359565645456, 0.192338377237, 0.0882702618837, 0.067106321454, 0.0657285675406, 0.083016552031, 0.0965923815966, 0.170331522822, 0.239873766899, 0.161284893751, 0.0995330065489, 0.137911096215, 0.169226676226, 0.225393787026, 0.375648468733, 0.404380530119, 0.255328863859, 0.16258636117, 0.160515800118, 0.195129737258]}, "tuning_equal_tempered_deviation": 0.229900225997, "chords_changes_rate": 0.0435769408941, "key_key": "G", "tuning_diatonic_strength": 0.711443126202, "key_scale": "major", "chords_number_rate": 0.00181570590939, "tuning_frequency": 434.193115234, "tuning_nontempered_energy_ratio": 0.917963862419, "chords_histogram": [45.3472518921, 1.04403090477, 14.1398096085, 0.998638212681, 0, 0, 0, 0, 0, 0, 0, 0, 0.272355884314, 1.08942353725, 0, 0.136177942157, 0, 2.49659562111, 0.295052200556, 16.4775314331, 2.17884707451, 0.0680889710784, 15.3200178146, 0.136177942157], "key_strength": 0.743728220463, "chords_key": "G", "chords_strength": {"dmean2": 0.0107467016205, "median": 0.578460931778, "min": 0.249525398016, "dvar2": 0.000102612379123, "dvar": 7.91902566561e-05, "dmean": 0.00976083707064, "max": 0.839594602585, "var": 0.00852006580681, "mean": 0.567266941071}, "chords_scale": "major", "hpcp_entropy": {"dmean2": 1.18013894558, "median": 2.24158620834, "min": 0, "dvar2": 0.837296843529, "dvar": 0.314035147429, "dmean": 0.710771501064, "max": 4.45636558533, "var": 0.573632001877, "mean": 2.24532866478}}, "metadata": {"audio_properties": {"equal_loudness": 0, "codec": "mp3", "downmix": "mix", "sample_rate": 44100, "analysis_sample_rate": 44100, "bit_rate": 320041, "md5_encoded": "d100fc2a407f97f82a2b2e7d8d7781db", "length": 204.56489563, "replay_gain": -13.8817634583, "lossless": false}, "version": {"essentia_build_sha": "2d9f1f26377add8aeb1075a9c2973f962c4f09fd", "essentia": "2.1-beta2", "extractor": "music 1.0", "essentia_git_sha": "v2.1_beta2-1-ge3940c0"}, "tags": {"title": ["Noch'n Bier"], "artist": ["Puhdys"], "date": ["2003"], "genre": ["Ostrock"], "musicbrainz_albumid": ["4dba8462-94fd-4055-b1ce-5e5802837519"], "album": ["Undercover"], "tracknumber": ["10/14"], "musicbrainz_recordingid": ["1023f0cb-7bd2-4cfe-a2ed-306eabfe3eb4"], "musicbrainz_albumartistid": ["60955940-d401-4f4a-8a9b-43c870454aac"], "file_name": "10 - Noch'n Bier.mp3"}}, "rhythm": {"bpm_histogram_first_peak_bpm": {"dmean2": 0, "median": 148, "min": 148, "dvar2": 0, "dvar": 0, "dmean": 0, "max": 148, "var": 0, "mean": 148}, "bpm": 146.792404175, "bpm_histogram_second_peak_spread": {"dmean2": 0, "median": 0, "min": 0, "dvar2": 0, "dvar": 0, "dmean": 0, "max": 0, "var": 0, "mean": 0}, "bpm_histogram_first_peak_weight": {"dmean2": 0, "median": 0.69138276577, "min": 0.69138276577, "dvar2": 0, "dvar": 0, "dmean": 0, "max": 0.69138276577, "var": 0, "mean": 0.69138276577}, "onset_rate": 4.71699476242, "beats_position": [0.441179126501, 0.859138309956, 1.27709746361, 1.69505667686, 2.11301589012, 2.53097510338, 2.96054410934, 3.40172338486, 3.85451245308, 4.3073015213, 4.73687076569, 5.15482997894, 5.5727891922, 5.97913837433, 6.38548755646, 6.80344676971, 7.22140598297, 7.61614513397, 8.0224943161, 8.42884349823, 8.84680271149, 9.25315189362, 9.65950107574, 10.0658502579, 10.47219944, 10.8901586533, 11.2965078354, 11.7028570175, 12.1092061996, 12.5155553818, 12.933514595, 13.3514738083, 13.7462129593, 14.1525621414, 14.5589113235, 14.9768705368, 15.3832197189, 15.7895689011, 16.2075271606, 16.6138763428, 17.0202255249, 17.426574707, 17.8329238892, 18.2392749786, 18.6456241608, 19.0635814667, 19.4699325562, 19.8762817383, 20.2942390442, 20.7005901337, 21.1069393158, 21.5132884979, 21.9196376801, 22.3375968933, 22.7323360443, 23.1502952576, 23.5566444397, 23.9629936218, 24.3809528351, 24.7756919861, 25.1936511993, 25.6000003815, 26.0063495636, 26.4243087769, 26.830657959, 27.2370071411, 27.6433563232, 28.0497055054, 28.4560546875, 28.8624038696, 29.2803630829, 29.686712265, 30.0930614471, 30.4994106293, 30.9057598114, 31.3237190247, 31.7300682068, 32.1364173889, 32.5543746948, 32.960723877, 33.3670730591, 33.7734222412, 34.1797714233, 34.5977325439, 34.9924697876, 35.3988189697, 35.8051681519, 36.2231292725, 36.6294784546, 37.0358276367, 37.4537849426, 37.8601341248, 38.2664833069, 38.672832489, 39.0791816711, 39.4971427917, 39.9034919739, 40.309841156, 40.7161903381, 41.1225395203, 41.5404968262, 41.9468460083, 42.3531951904, 42.7595443726, 43.1658935547, 43.5838546753, 43.9902038574, 44.3965530396, 44.8145103455, 45.2208595276, 45.6272087097, 46.0335578918, 46.439907074, 46.8462562561, 47.2526054382, 47.6705665588, 48.076915741, 48.4832649231, 48.901222229, 49.3075714111, 49.7139205933, 50.1202697754, 50.5266189575, 50.9329681396, 51.3393173218, 51.7572784424, 52.1636276245, 52.5699768066, 52.9879341125, 53.3942832947, 53.8006324768, 54.2069816589, 54.6133308411, 55.0196800232, 55.4260292053, 55.8439903259, 56.2503395081, 56.6566886902, 57.0746459961, 57.4693870544, 57.8873443604, 58.2936935425, 58.7000427246, 59.1180038452, 59.5127410889, 59.9307022095, 60.3370513916, 60.7434005737, 61.1497497559, 61.556098938, 61.9740562439, 62.380405426, 62.7867546082, 63.1931037903, 63.5994529724, 64.0174102783, 64.4237594604, 64.8301086426, 65.2364578247, 65.6428070068, 66.0607681274, 66.4671173096, 66.8734664917, 67.2798156738, 67.686164856, 68.0925140381, 68.4988632202, 68.9168243408, 69.3347854614, 69.7295227051, 70.1474838257, 70.5538330078, 70.9601821899, 71.3665313721, 71.7728805542, 72.1908340454, 72.5855789185, 73.0035324097, 73.4098815918, 73.8162307739, 74.2341918945, 74.6405410767, 75.0468902588, 75.4532394409, 75.859588623, 76.2775497437, 76.6722869873, 77.0902481079, 77.49659729, 77.9029464722, 78.3209075928, 78.7156448364, 79.133605957, 79.5399551392, 79.9463043213, 80.3526535034, 80.7590026855, 81.1769561768, 81.5833053589, 81.9896621704, 82.4076156616, 82.8139648438, 83.2203140259, 83.626663208, 84.0330123901, 84.4509735107, 84.8573226929, 85.263671875, 85.6700210571, 86.0763702393, 86.4943313599, 86.900680542, 87.3070297241, 87.7133789063, 88.1197280884, 88.5260772705, 88.9324264526, 89.3503875732, 89.7567367554, 90.1630859375, 90.5810394287, 90.9873886108, 91.393737793, 91.8116989136, 92.2064361572, 92.6243972778, 93.03074646, 93.4370956421, 93.8434448242, 94.2497940063, 94.667755127, 95.0624923706, 95.4804534912, 95.8868026733, 96.2931518555, 96.7111129761, 97.1174621582, 97.5238113403, 97.9417648315, 98.3481140137, 98.7544631958, 99.1608123779, 99.5671615601, 99.9735107422, 100.379859924, 100.797821045, 101.204170227, 101.610519409, 102.016868591, 102.423217773, 102.829566956, 103.235916138, 103.653877258, 104.06022644, 104.466575623, 104.884536743, 105.290885925, 105.697235107, 106.10358429, 106.509933472, 106.927886963, 107.334236145, 107.740585327, 108.146934509, 108.553283691, 108.959632874, 109.365982056, 109.783943176, 110.190292358, 110.596641541, 111.014602661, 111.420951843, 111.827301025, 112.233650208, 112.63999939, 113.05796051, 113.464309692, 113.870658875, 114.277008057, 114.683357239, 115.089706421, 115.496055603, 115.914009094, 116.320358276, 116.726707458, 117.144668579, 117.551017761, 117.957366943, 118.363716125, 118.770065308, 119.17641449, 119.582763672, 120.000724792, 120.407073975, 120.813423157, 121.219772339, 121.626121521, 122.044082642, 122.450431824, 122.856781006, 123.274734497, 123.681083679, 124.087432861, 124.493782043, 124.900131226, 125.318092346, 125.724441528, 126.13079071, 126.537139893, 126.943489075, 127.361450195, 127.767799377, 128.17414856, 128.580490112, 128.986846924, 129.404800415, 129.811157227, 130.217498779, 130.623855591, 131.030197144, 131.436553955, 131.842895508, 132.260864258, 132.667205811, 133.073562622, 133.491516113, 133.897872925, 134.304214478, 134.710571289, 135.116912842, 135.534866333, 135.941223145, 136.347564697, 136.753921509, 137.160263062, 137.578231812, 137.984573364, 138.390930176, 138.797271729, 139.20362854, 139.621582031, 140.027938843, 140.434280396, 140.840637207, 141.24697876, 141.66494751, 142.071289063, 142.477645874, 142.883987427, 143.290344238, 143.708297729, 144.103042603, 144.520996094, 144.927337646, 145.333694458, 145.740036011, 146.146392822, 146.564346313, 146.970703125, 147.377044678, 147.795013428, 148.20135498, 148.607711792, 149.014053345, 149.420410156, 149.826751709, 150.233108521, 150.651062012, 151.057418823, 151.463760376, 151.881713867, 152.288070679, 152.694412231, 153.100769043, 153.507110596, 153.925079346, 154.331420898, 154.73777771, 155.155731201, 155.562088013, 155.968429565, 156.363174438, 156.78112793, 157.187484741, 157.593826294, 158.011795044, 158.418136597, 158.824493408, 159.242446899, 159.648788452, 160.055145264, 160.461486816, 160.867843628, 161.274185181, 161.680541992, 162.098495483, 162.504852295, 162.911193848, 163.317550659, 163.723892212, 164.141860962, 164.548202515, 164.954559326, 165.360900879, 165.76725769, 166.185211182, 166.591567993, 166.997909546, 167.404266357, 167.81060791, 168.228561401, 168.634918213, 169.041259766, 169.447616577, 169.85395813, 170.27192688, 170.678268433, 171.084625244, 171.490966797, 171.897323608, 172.3152771, 172.721633911, 173.127975464, 173.545944214, 173.940673828, 174.34703064, 174.753372192, 175.171340942, 175.577682495, 175.984039307, 176.401992798, 176.808334351, 177.214691162, 177.621032715, 178.027389526, 178.445343018, 178.851699829, 179.258041382, 179.664398193, 180.070739746, 180.488708496, 180.895050049, 181.30140686, 181.707748413, 182.114105225, 182.520446777, 182.926803589, 183.34475708, 183.751113892, 184.157455444, 184.575408936, 184.981765747, 185.399719238, 185.80607605, 186.212417603, 186.618774414, 187.013504028, 187.431472778, 187.837814331, 188.244171143, 188.662124634, 189.068481445, 189.474822998, 189.88117981, 190.287521362, 190.705490112, 191.111831665, 191.518188477, 191.924530029, 192.330886841, 192.748840332, 193.155181885, 193.561538696, 193.967880249, 194.374237061, 194.780578613, 195.186935425, 195.604888916, 196.011245728, 196.41758728, 196.83555603, 197.230285645, 197.648254395, 198.054595947, 198.460952759, 198.87890625, 199.285263062, 199.691604614, 200.109558105, 200.515914917, 200.875823975, 201.235733032, 201.59564209, 201.955551147, 202.315460205, 202.675369263, 203.03527832, 203.406799316, 203.778320313, 204.149841309], "beats_loudness": {"dmean2": 0.0169188529253, "median": 0.059472233057, "min": 0.000748689693864, "dvar2": 0.000201462869882, "dvar": 7.35751891625e-05, "dmean": 0.00995496939868, "max": 0.0843794941902, "var": 0.000298300641589, "mean": 0.0551275275648}, "danceability": 1.2239086628, "bpm_histogram_second_peak_weight": {"dmean2": 0, "median": 0.0140280565247, "min": 0.0140280565247, "dvar2": 0, "dvar": 0, "dmean": 0, "max": 0.0140280565247, "var": 0, "mean": 0.0140280565247}, "beats_count": 500, "bpm_histogram_second_peak_bpm": {"dmean2": 0, "median": 167, "min": 167, "dvar2": 0, "dvar": 0, "dmean": 0, "max": 167, "var": 0, "mean": 167}, "bpm_histogram_first_peak_spread": {"dmean2": 0, "median": 0.287190079689, "min": 0.287190079689, "dvar2": 0, "dvar": 0, "dmean": 0, "max": 0.287190079689, "var": 0, "mean": 0.287190079689}, "beats_loudness_band_ratio": {"dmean2": [0.21986810863, 0.118917614222, 0.139561474323, 0.11353071034, 0.0750640854239, 0.0625280886889], "median": [0.67514282465, 0.0829158723354, 0.0886670723557, 0.0394414588809, 0.0317346230149, 0.0543551929295], "min": [0.00520322518423, 0.0115476381034, 0.0149159915745, 0.00238176994026, 0.00127939262893, 0.003186120186], "dvar2": [0.0261434838176, 0.0192562323064, 0.0253239888698, 0.0176684428006, 0.0107813645154, 0.00665397522971], "dvar": [0.0135338073596, 0.00658905180171, 0.00901984144002, 0.0063667180948, 0.00375779252499, 0.00246271421202], "dmean": [0.131808742881, 0.0674834251404, 0.0804073289037, 0.0633273944259, 0.041899997741, 0.0363865122199], "max": [0.931016802788, 0.731323778629, 0.688813388348, 0.486366957426, 0.523759305477, 0.694163918495], "var": [0.0511051490903, 0.00928605441004, 0.013874206692, 0.00599238602445, 0.00362615380436, 0.00715435342863], "mean": [0.605017900467, 0.10936126858, 0.13207192719, 0.0712922438979, 0.0517468750477, 0.0682965815067]}}, "lowlevel": {"barkbands_spread": {"dmean2": 12.4836988449, "median": 25.2556591034, "min": 1.1589217186, "dvar2": 200.656433105, "dvar": 94.9625396729, "dmean": 8.58456707001, "max": 153.048568726, "var": 239.439086914, "mean": 27.234418869}, "melbands_spread": {"dmean2": 12.4721879959, "median": 21.976732254, "min": 0.670918464661, "dvar2": 269.634429932, "dvar": 126.071380615, "dmean": 8.23126125336, "max": 229.488174438, "var": 302.834472656, "mean": 24.7771396637}, "hfc": {"dmean2": 19.3006649017, "median": 24.0431041718, "min": 1.22016948937e-16, "dvar2": 866.951843262, "dvar": 350.632995605, "dmean": 12.9946870804, "max": 210.161453247, "var": 609.30847168, "mean": 30.1230316162}, "barkbands_kurtosis": {"dmean2": 4.33060121536, "median": 1.57249116898, "min": -1.88667964935, "dvar2": 80.7604827881, "dvar": 36.6573066711, "dmean": 2.93126630783, "max": 217.685455322, "var": 71.4562835693, "mean": 4.00121021271}, "gfcc": {"mean": [42.6485519409, 71.4685592651, -98.4131774902, 21.3346843719, -51.0411987305, 4.54852485657, -31.9553546906, 10.6315317154, -18.5394172668, 10.1814537048, -14.1485309601, 7.76487493515, -14.3305063248], "icov": [[0.000317110127071, 0.000208039506106, 0.000215376130654, -0.00020977226086, -0.000131524328026, -0.000308111455524, 0.000109650209197, -0.000284240784822, 0.000148646024172, 9.40740483202e-06, 0.000466433266411, -0.000149112762301, 0.000402095756726], [0.000208039506106, 0.00142704811879, 0.000608259346336, -0.000865571724717, -0.000439996598288, 0.00048745496315, -0.00078447535634, -0.000475718843518, 0.000375194562366, -9.90401531453e-05, -0.00088808737928, 0.000612357107457, -0.000672783062328], [0.000215376130654, 0.000608259346336, 0.00173128640745, -0.000849868054502, 5.02870279888e-05, -0.00045624905033, 0.000372097012587, -0.000875417026691, 0.000773537671193, -0.000535672297701, -0.000253560050623, -0.000472516258014, 0.000770918442868], [-0.00020977226086, -0.000865571724717, -0.000849868054502, 0.00519591104239, -0.000746776582673, -0.000747206155211, -0.000573201512452, 0.00319648045115, -0.00348529941402, -0.000615164346527, 0.00274284160696, -0.00201439997181, 0.000226154181291], [-0.000131524328026, -0.000439996598288, 5.02870279888e-05, -0.000746776582673, 0.00640015630051, -0.00111113768071, -0.000832449062727, -0.00133177719545, -0.000242943817284, -0.0011347370455, 0.000250478304224, 0.000400798948249, -0.000877406855579], [-0.000308111455524, 0.00048745496315, -0.00045624905033, -0.000747206155211, -0.00111113768071, 0.00798021350056, -0.0026882418897, -0.00215250509791, 0.00283765234053, -0.0013971477747, 0.00146701303311, -0.00161734514404, 0.00124080432579], [0.000109650209197, -0.00078447535634, 0.000372097012587, -0.000573201512452, -0.000832449062727, -0.0026882418897, 0.00875017885119, -0.000784873438533, -0.000234839477343, 0.00137112534139, -0.00387379294261, 0.00258516380563, -0.00147823942825], [-0.000284240784822, -0.000475718843518, -0.000875417026691, 0.00319648045115, -0.00133177719545, -0.00215250509791, -0.000784873438533, 0.0122789368033, -0.00628802552819, -0.00130856840406, 0.00421217223629, -0.00629102811217, 0.00298392400146], [0.000148646024172, 0.000375194562366, 0.000773537671193, -0.00348529941402, -0.000242943817284, 0.00283765234053, -0.000234839477343, -0.00628802552819, 0.0146185588092, -0.00247331685387, -0.00480209523812, 0.00740701332688, -0.00352793955244], [9.40740483202e-06, -9.90401531453e-05, -0.000535672297701, -0.000615164346527, -0.0011347370455, -0.0013971477747, 0.00137112534139, -0.00130856840406, -0.00247331685387, 0.0123425126076, -0.00440471339971, -0.0012015508255, 0.000201579285203], [0.000466433266411, -0.00088808737928, -0.000253560050623, 0.00274284160696, 0.000250478304224, 0.00146701303311, -0.00387379294261, 0.00421217223629, -0.00480209523812, -0.00440471339971, 0.0223533045501, -0.0129549792036, 0.00376589712687], [-0.000149112762301, 0.000612357107457, -0.000472516258014, -0.00201439997181, 0.000400798948249, -0.00161734514404, 0.00258516380563, -0.00629102811217, 0.00740701332688, -0.0012015508255, -0.0129549792036, 0.027983982116, -0.011230153963], [0.000402095756726, -0.000672783062328, 0.000770918442868, 0.000226154181291, -0.000877406855579, 0.00124080432579, -0.00147823942825, 0.00298392400146, -0.00352793955244, 0.000201579285203, 0.00376589712687, -0.011230153963, 0.0213811919093]], "cov": [[5191.31689453, -1125.88525391, 76.7124328613, 3.39510178566, 92.7899246216, 404.437408447, -158.315597534, 194.264175415, -149.734542847, -42.6420783997, -269.165039063, -26.6543064117, -184.472579956], [-1125.88525391, 1477.55639648, -486.955383301, 195.994628906, 116.608726501, -154.216262817, 212.257919312, -56.7098693848, 133.45765686, 32.1062660217, 120.267181396, -6.9617524147, 116.353713989], [76.7124328613, -486.955383301, 929.190124512, 33.1932029724, -6.32429122925, 136.658477783, -74.3901977539, 80.9188919067, -56.0529441833, 59.9443893433, -12.5633277893, 51.371131897, -55.8646316528], [3.39510178566, 195.994628906, 33.1932029724, 309.928161621, 62.8740005493, 15.3827295303, 43.9598731995, -26.759098053, 63.3511199951, 29.4867801666, -3.13152742386, -0.109964519739, 20.7583580017], [92.7899246216, 116.608726501, -6.32429122925, 62.8740005493, 207.662033081, 54.4046974182, 51.5525932312, 44.506061554, 31.1416225433, 37.4074325562, 6.9668431282, 9.47644042969, 12.7407197952], [404.437408447, -154.216262817, 136.658477783, 15.3827295303, 54.4046974182, 226.75138855, 30.4400787354, 65.5852203369, -39.478427887, 26.1972045898, -22.5409240723, 24.0312213898, -25.6921081543], [-158.315597534, 212.257919312, -74.3901977539, 43.9598731995, 51.5525932312, 30.4400787354, 175.533798218, 9.49924850464, 30.8280334473, 9.86399555206, 37.4920539856, 1.99965941906, 22.4731769562], [194.264175415, -56.7098693848, 80.9188919067, -26.759098053, 44.506061554, 65.5852203369, 9.49924850464, 149.687713623, 30.8409442902, 35.3565177917, -3.66624736786, 24.4724979401, -12.0304346085], [-149.734542847, 133.45765686, -56.0529441833, 63.3511199951, 31.1416225433, -39.478427887, 30.8280334473, 30.8409442902, 131.997817993, 34.7174987793, 26.8386287689, -11.5806903839, 20.4053821564], [-42.6420783997, 32.1062660217, 59.9443893433, 29.4867801666, 37.4074325562, 26.1972045898, 9.86399555206, 35.3565177917, 34.7174987793, 116.710296631, 36.2536811829, 25.5375232697, 6.75732278824], [-269.165039063, 120.267181396, -12.5633277893, -3.13152742386, 6.9668431282, -22.5409240723, 37.4920539856, -3.66624736786, 26.8386287689, 36.2536811829, 94.38646698, 36.1792602539, 20.4949760437], [-26.6543064117, -6.9617524147, 51.371131897, -0.109964519739, 9.47644042969, 24.0312213898, 1.99965941906, 24.4724979401, -11.5806903839, 25.5375232697, 36.1792602539, 73.8910598755, 24.4346103668], [-184.472579956, 116.353713989, -55.8646316528, 20.7583580017, 12.7407197952, -25.6921081543, 22.4731769562, -12.0304346085, 20.4053821564, 6.75732278824, 20.4949760437, 24.4346103668, 73.4689865112]]}, "spectral_energyband_middle_low": {"dmean2": 0.00971872638911, "median": 0.0108403880149, "min": 2.76384776639e-22, "dvar2": 0.000191380284377, "dvar": 7.24281853763e-05, "dmean": 0.00598757201806, "max": 0.0845793187618, "var": 9.63705970207e-05, "mean": 0.0133303115144}, "melbands_crest": {"dmean2": 6.08658218384, "median": 13.273648262, "min": 2.98069548607, "dvar2": 27.2908439636, "dvar": 12.1029596329, "dmean": 3.89542460442, "max": 37.6394805908, "var": 31.3135929108, "mean": 14.14640522}, "spectral_kurtosis": {"dmean2": 1.94171464443, "median": 3.98348593712, "min": -1.17233371735, "dvar2": 5.1342253685, "dvar": 2.11298465729, "dmean": 1.28450739384, "max": 32.7413101196, "var": 5.25111341476, "mean": 4.22717475891}, "spectral_rms": {"dmean2": 0.00125687790569, "median": 0.00548658426851, "min": 3.20328811219e-12, "dvar2": 1.46652541844e-06, "dvar": 7.80645336818e-07, "dmean": 0.000850435520988, "max": 0.0100239804015, "var": 3.02686771647e-06, "mean": 0.00544458674267}, "zerocrossingrate": {"dmean2": 0.0185253098607, "median": 0.0654296875, "min": 0.00244140625, "dvar2": 0.000366131775081, "dvar": 0.000351124268491, "dmean": 0.0175825040787, "max": 0.5009765625, "var": 0.00181995518506, "mean": 0.0727528557181}, "silence_rate_60dB": {"dmean2": 0.018163241446, "median": 0, "min": 0, "dvar2": 0.0214678999037, "dvar": 0.00899955444038, "dmean": 0.00908059068024, "max": 1, "var": 0.0345736220479, "mean": 0.0358642600477}, "erbbands_kurtosis": {"dmean2": 1.30743706226, "median": -0.361295312643, "min": -1.83724164963, "dvar2": 3.65525221825, "dvar": 1.69082415104, "dmean": 0.862236022949, "max": 21.5118255615, "var": 3.91208910942, "mean": 0.263414919376}, "erbbands": {"dmean2": [0.267077982426, 1.58158183098, 4.24238634109, 6.7069606781, 14.3657407761, 11.7145843506, 15.5820665359, 16.4192447662, 29.8899307251, 30.5552959442, 45.0726394653, 32.3947372437, 46.8636436462, 32.950252533, 23.3168907166, 33.8410491943, 30.8264923096, 45.6452713013, 32.8886260986, 29.9989356995, 18.5586395264, 25.4095726013, 24.1442222595, 15.3813800812, 13.519276619, 14.5241222382, 10.2292938232, 8.34939289093, 16.8638210297, 18.6409645081, 7.98318910599, 8.96419715881, 3.93726110458, 2.34963107109, 1.38543176651, 0.75889569521, 0.44794601202, 0.11127371341, 0.0161285903305, 0.000540636538062], "median": [0.168534874916, 0.777017474174, 1.37294876575, 1.81274330616, 3.5442173481, 5.82423496246, 11.6185417175, 11.5919380188, 20.6761837006, 17.3188686371, 20.9147491455, 14.8926401138, 17.9911575317, 13.5991334915, 10.3049201965, 13.9134235382, 13.5418653488, 17.2057437897, 16.3131427765, 13.8846492767, 12.9677810669, 15.4552764893, 16.458694458, 13.7018241882, 11.7001485825, 8.33374881744, 7.3845539093, 5.68926525116, 4.16478729248, 3.18358659744, 2.19518446922, 1.26103889942, 0.853976666927, 0.557986438274, 0.547069847584, 0.258247554302, 0.103716485202, 0.0210844930261, 0.00198926939629, 0.000103215468698], "min": [7.49434015831e-22, 5.16602969211e-21, 9.62432316744e-21, 1.18919207173e-19, 2.01743406041e-19, 1.31410138486e-19, 2.35380964144e-19, 2.54952600275e-19, 2.99882311113e-19, 4.00318400143e-19, 1.02915040759e-18, 9.91517929017e-19, 1.54921519552e-18, 2.19236239064e-18, 4.7010907599e-18, 2.06503840806e-18, 1.69913278935e-18, 4.38475621415e-18, 5.33935903698e-18, 9.75159005518e-18, 5.81734824908e-18, 9.03689607976e-18, 1.50022802936e-17, 1.0837639322e-17, 1.23772474351e-17, 1.32128082144e-17, 1.89363512869e-17, 1.41995693379e-17, 1.77030332654e-17, 1.82821142881e-17, 1.50978874831e-17, 1.17049969241e-17, 1.31351185841e-17, 1.30471355182e-17, 8.16242389723e-18, 5.9852671542e-18, 4.28479350507e-18, 1.54879467757e-18, 3.47707050697e-19, 3.58120446816e-20], "dvar2": [0.145769387484, 5.64618301392, 57.109375, 157.547958374, 880.789672852, 421.420166016, 429.239044189, 600.446838379, 2178.55224609, 5271.72460938, 9622.39355469, 6555.58740234, 12723.8867188, 9342.11132813, 3000.20214844, 7590.67236328, 6256.67382813, 18252.625, 5232.59716797, 9582.96972656, 965.884765625, 2409.98046875, 1748.8927002, 633.26940918, 491.880279541, 784.370544434, 290.727508545, 280.543487549, 1641.04345703, 2082.90771484, 306.234466553, 365.474853516, 51.0833969116, 18.7686519623, 4.22174406052, 1.08769643307, 0.340684294701, 0.0223982166499, 0.00069405377144, 8.84799192136e-07], "dvar": [0.0874886512756, 2.66158819199, 23.5997085571, 66.848991394, 317.588439941, 154.501434326, 175.935180664, 227.225982666, 840.145385742, 2033.50561523, 3756.6394043, 2521.92211914, 5251.61816406, 3646.18310547, 1268.04907227, 3375.1262207, 2496.14257813, 7287.88183594, 2235.93701172, 3927.14233398, 433.379669189, 993.640319824, 771.227722168, 293.63961792, 202.836639404, 285.879272461, 112.237098694, 128.363769531, 607.640258789, 778.952514648, 128.090011597, 140.690139771, 20.5090942383, 7.48101139069, 2.12515687943, 0.545343458652, 0.161779150367, 0.0108639178798, 0.000309346301947, 3.87208416441e-07], "dmean": [0.195842787623, 1.06706535816, 2.69567489624, 4.15823698044, 8.25179100037, 6.92582988739, 9.87686252594, 10.0612382889, 18.6027050018, 18.7051067352, 28.0594444275, 20.0835151672, 29.2677211761, 20.2989578247, 14.6890439987, 22.0923175812, 19.3454017639, 28.6020545959, 20.6482830048, 19.2505950928, 11.8463029861, 16.2913475037, 15.5658483505, 10.0220470428, 8.50399494171, 8.6072845459, 6.36719989777, 5.36372661591, 9.8134469986, 11.0454673767, 5.10688686371, 5.44376468658, 2.5401456356, 1.53177273273, 0.96406018734, 0.543391287327, 0.300299912691, 0.0781517252326, 0.0104404967278, 0.00034239233355], "max": [2.89039421082, 15.9762878418, 51.346912384, 66.8304595947, 184.916290283, 197.910736084, 214.600540161, 258.43661499, 579.644714355, 1341.70458984, 1533.0982666, 1443.00036621, 2379.92944336, 2273.13842773, 1050.89428711, 1291.33776855, 923.790710449, 1841.20288086, 1428.96142578, 2341.55102539, 567.817321777, 873.57409668, 551.734680176, 505.16986084, 341.278808594, 183.343856812, 193.88899231, 398.301361084, 395.686431885, 372.92477417, 356.431182861, 271.093811035, 74.860710144, 33.1098709106, 16.6366176605, 7.74502754211, 3.32609343529, 0.884071230888, 0.144514665008, 0.00553469546139], "var": [0.183111697435, 4.43833827972, 27.618932724, 66.1949005127, 239.593658447, 165.188217163, 366.656982422, 391.381378174, 1564.44665527, 2950.60205078, 6699.77832031, 3772.22021484, 9360.9296875, 6337.10253906, 2514.91967773, 5823.13964844, 4488.23095703, 11708.7050781, 4281.11425781, 7763.47314453, 1276.40856934, 2324.64794922, 1935.82019043, 707.628051758, 357.543426514, 264.844329834, 166.511917114, 235.389175415, 515.123901367, 655.06237793, 173.848190308, 141.329467773, 26.9784698486, 9.05668830872, 3.57070207596, 0.928446114063, 0.244072511792, 0.0166442170739, 0.000359047466191, 4.38436018158e-07], "mean": [0.336098223925, 1.5724234581, 3.36446976662, 4.64508724213, 8.42041778564, 9.48529434204, 17.907541275, 17.3931694031, 32.7914466858, 30.7455558777, 43.5222015381, 30.6085968018, 45.7160186768, 33.0268058777, 24.5115699768, 36.1847076416, 32.8860397339, 45.8691558838, 36.1642417908, 32.941116333, 23.2018127441, 32.1033172607, 31.4377384186, 20.6525554657, 16.5956306458, 12.9427318573, 11.025021553, 9.1275100708, 10.2946615219, 10.9966239929, 6.25521469116, 5.49675369263, 2.96481060982, 1.79720878601, 1.37004804611, 0.743396937847, 0.37070441246, 0.0948662310839, 0.0106001067907, 0.000373901537387]}, "spectral_strongpeak": {"dmean2": 0.888563156128, "median": 0.344751834869, "min": 0, "dvar2": 2.28059744835, "dvar": 0.894258201122, "dmean": 0.522440135479, "max": 15.0009822845, "var": 1.19308698177, "mean": 0.753399550915}, "spectral_energy": {"dmean2": 0.0152014521882, "median": 0.0308551695198, "min": 1.05175821016e-20, "dvar2": 0.000255308201304, "dvar": 0.000123966572573, "dmean": 0.0100347986445, "max": 0.102992191911, "var": 0.000351284543285, "mean": 0.0334872603416}, "average_loudness": 0.966045677662, "spectral_rolloff": {"dmean2": 1324.22680664, "median": 1227.39257813, "min": 43.06640625, "dvar2": 4579247, "dvar": 2136890.25, "dmean": 804.386352539, "max": 19143.0175781, "var": 4049971.5, "mean": 1701.28479004}, "spectral_centroid": {"dmean2": 410.710021973, "median": 1403.32751465, "min": 222.198638916, "dvar2": 211525.4375, "dvar": 98530.9609375, "dmean": 271.615447998, "max": 10337.3310547, "var": 304053.78125, "mean": 1405.37475586}, "pitch_salience": {"dmean2": 0.128901392221, "median": 0.595007836819, "min": 0.137504026294, "dvar2": 0.0125248627737, "dvar": 0.00593261374161, "dmean": 0.0844938084483, "max": 0.957050979137, "var": 0.0149132329971, "mean": 0.579722881317}, "spectral_energyband_middle_high": {"dmean2": 0.00332895782776, "median": 0.00415481673554, "min": 1.36190259342e-21, "dvar2": 2.48063261097e-05, "dvar": 1.15616312542e-05, "dmean": 0.00224915938452, "max": 0.0621526911855, "var": 5.31898513145e-05, "mean": 0.00669146608561}, "spectral_contrast_coeffs": {"dmean2": [0.0907712951303, 0.0787392705679, 0.0653945207596, 0.046046435833, 0.0330117307603, 0.0311345849186], "median": [-0.684213995934, -0.741632223129, -0.786702334881, -0.806776285172, -0.813588142395, -0.765536308289], "min": [-0.962635159492, -0.969541966915, -0.96343588829, -0.963326573372, -0.96305423975, -0.963191092014], "dvar2": [0.00596908293664, 0.00393855432048, 0.00268602604046, 0.0013741850853, 0.000744312012102, 0.000848721014336], "dvar": [0.0025440773461, 0.00149252591655, 0.00102869153488, 0.000574269855861, 0.000335557735525, 0.000423707911978], "dmean": [0.0594239234924, 0.0482866503298, 0.0401755385101, 0.0286144781858, 0.0209288969636, 0.0209231711924], "max": [-0.248016104102, -0.4258685112, -0.496312022209, -0.556976914406, -0.591023087502, -0.573306381702], "var": [0.00700102653354, 0.00401534838602, 0.00358232343569, 0.00266225961968, 0.00168287521228, 0.00243058847263], "mean": [-0.671280443668, -0.736401975155, -0.7787758708, -0.796898126602, -0.80432009697, -0.758988261223]}, "melbands_skewness": {"dmean2": 1.12178862095, "median": 2.32929229736, "min": -1.06181609631, "dvar2": 1.34305095673, "dvar": 0.638816595078, "dmean": 0.756527483463, "max": 12.819434166, "var": 2.26253294945, "mean": 2.58788657188}, "spectral_spread": {"dmean2": 1148765.375, "median": 5006479, "min": 1639539.5, "dvar2": 1731059384320.0, "dvar": 1045280456700.0, "dmean": 896715.3125, "max": 39141120, "var": 3665270669310.0, "mean": 5422825}, "dissonance": {"dmean2": 0.0258308798075, "median": 0.476674467325, "min": 0.236514464021, "dvar2": 0.000584473193157, "dvar": 0.000230145698879, "dmean": 0.0156157081947, "max": 0.500000119209, "var": 0.000568720744923, "mean": 0.470477253199}, "spectral_skewness": {"dmean2": 0.31409189105, "median": 1.5644313097, "min": 0.0624686814845, "dvar2": 0.100082270801, "dvar": 0.0458994433284, "dmean": 0.210739836097, "max": 4.95130062103, "var": 0.161932140589, "mean": 1.55833697319}, "spectral_flux": {"dmean2": 0.0437956079841, "median": 0.0954774841666, "min": 1.02555262893e-10, "dvar2": 0.00154821493197, "dvar": 0.000812218640931, "dmean": 0.0286669321358, "max": 0.282868474722, "var": 0.00231362157501, "mean": 0.100726798177}, "spectral_contrast_valleys": {"dmean2": [0.630706489086, 0.587041258812, 0.516047537327, 0.431504815817, 0.389046400785, 0.580324649811], "median": [-6.69433927536, -6.11529254913, -6.86991930008, -7.11830329895, -6.91241550446, -9.59164333344], "min": [-27.3831310272, -27.2627105713, -27.10297966, -27.245306015, -27.0344753265, -27.1820983887], "dvar2": [0.306872159243, 0.260854125023, 0.202648386359, 0.168252557516, 0.204790100455, 0.542470097542], "dvar": [0.153012230992, 0.114225462079, 0.0985715538263, 0.0899609699845, 0.114505954087, 0.285500824451], "dmean": [0.417506158352, 0.362573057413, 0.333667993546, 0.288226664066, 0.278007417917, 0.473316967487], "max": [-5.38098430634, -4.31234073639, -5.12004327774, -5.74394845963, -5.70867204666, -7.56010627747], "var": [0.849495887756, 0.501611709595, 0.594307303429, 0.641805052757, 0.622976183891, 1.19930267334], "mean": [-6.90001440048, -6.21025943756, -6.95748901367, -7.28061246872, -7.08130073547, -9.69632816315]}, "erbbands_flatness_db": {"dmean2": 0.0283711832017, "median": 0.116301327944, "min": 0.0242843981832, "dvar2": 0.000763148069382, "dvar": 0.000439518189523, "dmean": 0.0220162793994, "max": 0.299363434315, "var": 0.00197244388983, "mean": 0.121221154928}, "spectral_energyband_high": {"dmean2": 0.00181575503666, "median": 0.000732024549507, "min": 7.76390672811e-21, "dvar2": 1.20703834909e-05, "dvar": 4.74445005239e-06, "dmean": 0.00118033017498, "max": 0.0279422290623, "var": 5.39861594007e-06, "mean": 0.00158678460866}, "spectral_entropy": {"dmean2": 0.231237709522, "median": 7.85649585724, "min": 5.42570734024, "dvar2": 0.0696549713612, "dvar": 0.0374609939754, "dmean": 0.175670966506, "max": 9.81053543091, "var": 0.131106033921, "mean": 7.83497285843}, "silence_rate_20dB": {"dmean2": 0, "median": 1, "min": 1, "dvar2": 0, "dvar": 0, "dmean": 0, "max": 1, "var": 0, "mean": 1}, "melbands_flatness_db": {"dmean2": 0.0429658032954, "median": 0.170909240842, "min": 0.0051077795215, "dvar2": 0.0018453465309, "dvar": 0.000884086475708, "dmean": 0.0311251524836, "max": 0.462117403746, "var": 0.00354221370071, "mean": 0.18017564714}, "barkbands": {"dmean2": [0.000625101441983, 0.00726779736578, 0.00406069261953, 0.00301437731832, 0.00393634103239, 0.00198848871514, 0.00204480905086, 0.00200840481557, 0.00144323217683, 0.00140966696199, 0.000638677447569, 0.00081501348177, 0.000702619901858, 0.000919375801459, 0.000659760611597, 0.000381261314033, 0.000509040488396, 0.000438288174337, 0.000287590315565, 0.000297599704936, 0.000214177314774, 0.00045846964349, 0.000385604944313, 0.000336860422976, 0.00019090504793, 0.000208743134863, 8.16788888187e-05], "median": [0.000253760023043, 0.00492878165096, 0.000988648622297, 0.000553482328542, 0.0021344947163, 0.00176521320827, 0.00136115762871, 0.00092958775349, 0.000537444255315, 0.000553565041628, 0.000208430865314, 0.00030919816345, 0.000265215407126, 0.000298106460832, 0.000294052879326, 0.000210146870813, 0.000275218946626, 0.000291098665912, 0.00024683502852, 0.000172263069544, 0.000163720193086, 0.000110974920972, 8.50857322803e-05, 5.44759823242e-05, 6.6674372647e-05, 5.6429336837e-05, 1.17577119454e-05], "min": [4.37205409677e-24, 2.46987111388e-23, 4.10037828962e-24, 8.24290667958e-23, 4.46542919554e-23, 2.67787858846e-23, 1.71057482212e-23, 3.19240017657e-23, 5.61529935671e-23, 7.66209237644e-23, 8.67799817869e-23, 5.40046855085e-23, 4.21505137065e-23, 7.65333097168e-23, 1.62608769296e-22, 1.14665892931e-22, 1.12243357889e-22, 2.82208337168e-22, 2.18724850483e-22, 2.89846959354e-22, 4.29880877193e-22, 5.35591520154e-22, 5.58530535048e-22, 6.02027340864e-22, 1.17108317365e-21, 1.97891410105e-21, 2.58133847246e-21], "dvar2": [1.01018122223e-06, 0.00011544112931, 5.95112032897e-05, 3.81301288144e-05, 4.64337026642e-05, 6.65376956022e-06, 1.14912090794e-05, 1.82950971066e-05, 1.06868674266e-05, 1.18081134133e-05, 2.43204885919e-06, 4.73086356578e-06, 3.26731606037e-06, 7.64423202781e-06, 2.67490986516e-06, 5.56581312594e-07, 9.56486928771e-07, 6.02680472639e-07, 2.22608875333e-07, 3.03063046658e-07, 1.53501332534e-07, 1.1893255305e-06, 7.52677351556e-07, 4.48579612566e-07, 1.01428462074e-07, 7.42646903973e-08, 1.63129865172e-08], "dvar": [5.27998565758e-07, 6.08697991993e-05, 2.35929910559e-05, 1.45806507135e-05, 1.6738413251e-05, 2.5612423542e-06, 4.44821534984e-06, 7.25247127775e-06, 4.25243570135e-06, 4.67557720185e-06, 9.91294200503e-07, 2.08403162105e-06, 1.28432247948e-06, 3.0763947052e-06, 1.08920153252e-06, 2.49685314202e-07, 3.79421067009e-07, 2.59576353301e-07, 9.5116412524e-08, 1.11782483714e-07, 6.58865886294e-08, 4.52169729215e-07, 2.90817126825e-07, 1.74342673631e-07, 4.50045796185e-08, 3.65611718678e-08, 7.54421147775e-09], "dmean": [0.000430252257502, 0.00521096447483, 0.00249542715028, 0.00179726874921, 0.00231550028548, 0.00123687949963, 0.00126186537091, 0.00124371843413, 0.000897256657481, 0.00086824427126, 0.000394686678192, 0.000525080889929, 0.000435560068581, 0.00056728022173, 0.0004