{"tonal": {"thpcp": [1, 0.488002121449, 0.271957278252, 0.222596302629, 0.146838963032, 0.19902177155, 0.242099806666, 0.221279278398, 0.30089750886, 0.421735703945, 0.464302390814, 0.679409861565, 0.871858298779, 0.701599776745, 0.543864309788, 0.450131058693, 0.266574561596, 0.283886104822, 0.39068326354, 0.324321120977, 0.501087903976, 0.71295696497, 0.549189567566, 0.688638865948, 0.776173710823, 0.426168590784, 0.242692157626, 0.198011338711, 0.15162140131, 0.177888825536, 0.25453209877, 0.351508140564, 0.655694067478, 0.89239025116, 0.80340719223, 0.993925273418], "hpcp": {"dmean2": [0.150110095739, 0.122292466462, 0.122372612357, 0.136836886406, 0.138652190566, 0.178085103631, 0.205947473645, 0.201555073261, 0.223076671362, 0.225682169199, 0.184027552605, 0.143357604742, 0.118153721094, 0.0961221680045, 0.108620800078, 0.148222476244, 0.175199910998, 0.214672595263, 0.248518064618, 0.283639609814, 0.296402126551, 0.240614131093, 0.171782851219, 0.140973120928, 0.103166803718, 0.0627539455891, 0.0797144770622, 0.0944745242596, 0.103417932987, 0.14826592803, 0.189416483045, 0.211015447974, 0.251225143671, 0.259342432022, 0.252687245607, 0.20319288969], "median": [0.0178782679141, 0.0175633970648, 0.0290069822222, 0.0311343073845, 0.0410291440785, 0.0491210669279, 0.0587141662836, 0.0869461521506, 0.080618776381, 0.081692494452, 0.040326949209, 0.0174702871591, 0.0149509236217, 0.0148529671133, 0.0171244349331, 0.0204650275409, 0.0335326641798, 0.081760212779, 0.128874614835, 0.171922624111, 0.176455721259, 0.143107384443, 0.073765732348, 0.0232575051486, 0.0184133499861, 0.0224798861891, 0.0304541662335, 0.0291061606258, 0.0274946205318, 0.0346786081791, 0.0467640645802, 0.0570229366422, 0.09532443434, 0.11294426769, 0.0995898768306, 0.0408716835082], "min": [0, 0, 0, 0, 0, 0, 0, 0, 0, 0, 0, 0, 0, 0, 0, 0, 0, 0, 0, 0, 0, 0, 0, 0, 0, 0, 0, 0, 0, 0, 0, 0, 0, 0, 0, 0], "dvar2": [0.0690644532442, 0.0473421104252, 0.038073245436, 0.0491285696626, 0.0428123921156, 0.0673772618175, 0.0859890729189, 0.0705799087882, 0.088889695704, 0.0974077954888, 0.0824104845524, 0.0802371576428, 0.0677226483822, 0.0519401915371, 0.0600360743701, 0.0796101689339, 0.079715654254, 0.0830641239882, 0.087782740593, 0.0921918973327, 0.111150220037, 0.0922112092376, 0.0539134964347, 0.0595769546926, 0.0363746322691, 0.013921818696, 0.0162881240249, 0.0262104626745, 0.0321439914405, 0.0593049488962, 0.0781113132834, 0.0869216024876, 0.101604625583, 0.102483652532, 0.101585552096, 0.088038906455], "dvar": [0.0255645681173, 0.0170859508216, 0.0140947913751, 0.0195286553353, 0.015718748793, 0.0251761097461, 0.0348075814545, 0.0265411250293, 0.0339547358453, 0.0375578403473, 0.0313348844647, 0.0281066205353, 0.023520603776, 0.0178470164537, 0.0200560148805, 0.0271151196212, 0.0290243141353, 0.0316747277975, 0.0354177840054, 0.0340499579906, 0.0422690175474, 0.0358683131635, 0.0194782987237, 0.0218811500818, 0.0140123479068, 0.00503305904567, 0.00632756110281, 0.0105430521071, 0.0115889087319, 0.0214076414704, 0.0290585625917, 0.0317558124661, 0.037651989609, 0.0388450063765, 0.0372679904103, 0.0327094234526], "dmean": [0.0849498808384, 0.0704649016261, 0.0714356824756, 0.0807702243328, 0.0809791386127, 0.104714937508, 0.122318170965, 0.118299603462, 0.131630331278, 0.133263468742, 0.10635818541, 0.0799796506763, 0.0655857920647, 0.0529527962208, 0.0600129440427, 0.0821381434798, 0.0999941378832, 0.126999557018, 0.147184893489, 0.168613806367, 0.17362691462, 0.141942694783, 0.101497240365, 0.0807049423456, 0.0600730888546, 0.0364154726267, 0.0468394048512, 0.0560524426401, 0.0589665621519, 0.0847039967775, 0.109148949385, 0.121903546154, 0.146336883307, 0.149969503284, 0.146940439939, 0.116545259953], "max": [1, 1, 1, 1, 1, 1, 1, 1, 1, 1, 1, 1, 1, 1, 1, 1, 1, 1, 1, 1, 1, 1, 1, 1, 1, 1, 1, 1, 1, 1, 1, 1, 1, 1, 1, 1], "var": [0.0722936987877, 0.0255605764687, 0.0229922030121, 0.0473329648376, 0.0244678035378, 0.0515871085227, 0.103310339153, 0.0452149994671, 0.0832747593522, 0.105603419244, 0.0452119223773, 0.0277623943985, 0.0232651885599, 0.0143014574423, 0.0163594521582, 0.0279010944068, 0.0371133908629, 0.0725312530994, 0.108833864331, 0.0602387487888, 0.10738094151, 0.127430692315, 0.0371807701886, 0.026779089123, 0.0213664416224, 0.00605222722515, 0.00934031698853, 0.0183296892792, 0.014160355553, 0.0251930784434, 0.0446012727916, 0.0457000434399, 0.0696220695972, 0.109258934855, 0.0743316113949, 0.0739750638604], "mean": [0.143280878663, 0.0848531499505, 0.0903635695577, 0.124358095229, 0.103234410286, 0.159500911832, 0.226940795779, 0.174812123179, 0.219200119376, 0.247063264251, 0.135653406382, 0.0772511586547, 0.0630288422108, 0.0482624918222, 0.0566236563027, 0.0810199230909, 0.111888289452, 0.208713486791, 0.284056067467, 0.255731940269, 0.316375613213, 0.318309247494, 0.155335590243, 0.0865665152669, 0.0708544626832, 0.0467402003706, 0.063350468874, 0.0770626068115, 0.0704352408648, 0.0957784578204, 0.134242370725, 0.147791743279, 0.216262444854, 0.277520567179, 0.223325699568, 0.173117041588]}, "tuning_equal_tempered_deviation": 0.0625093281269, "chords_changes_rate": 0.0460789427161, "key_key": "G#", "tuning_diatonic_strength": 0.497714996338, "key_scale": "minor", "chords_number_rate": 0.00191271083895, "tuning_frequency": 440, "tuning_nontempered_energy_ratio": 0.746729850769, "chords_histogram": [11.0415582657, 2.15614676476, 0.330377340317, 0, 0.347765594721, 0.156494528055, 0.678142905235, 31.1250209808, 3.63415050507, 1.87793421745, 0.573813259602, 0.817249178886, 0, 0, 13.5802469254, 1.84315776825, 9.42444801331, 3.33854985237, 0.139106243849, 0, 0, 3.18205523491, 0.39993044734, 15.3538513184], "key_strength": 0.746779620647, "chords_key": "G#", "chords_strength": {"dmean2": 0.00744557660073, "median": 0.640364348888, "min": -1, "dvar2": 0.000807734089904, "dvar": 0.000431695138104, "dmean": 0.00758695276454, "max": 0.869548916817, "var": 0.0194718502462, "mean": 0.628038465977}, "chords_scale": "major", "hpcp_entropy": {"dmean2": 1.01546859741, "median": 1.95601594448, "min": 0, "dvar2": 0.68492102623, "dvar": 0.240768298507, "dmean": 0.595528066158, "max": 3.99082899094, "var": 0.499894112349, "mean": 1.90175080299}}, "metadata": {"audio_properties": {"equal_loudness": 0, "codec": "mp3", "downmix": "mix", "sample_rate": 44100, "analysis_sample_rate": 44100, "bit_rate": 256000, "md5_encoded": "87606cb4394a026da21cca573ca64daa", "length": 267.023681641, "replay_gain": -9.92893791199, "lossless": false}, "version": {"essentia_build_sha": "70f2e5ece6736b2c40cc944ad0e695b16b925413", "essentia": "2.1-beta2", "extractor": "music 1.0", "essentia_git_sha": "v2.1_beta2"}, "tags": {"title": ["Napoleon War: France: Cancan"], "media": ["Digital Media"], "albumartist": ["Michael Curran & Geoff Knorr"], "musicbrainz_recordingid": ["1026524c-18e2-4ae4-a83f-c8b0012bf6b8"], "originalyear": ["2010"], "discnumber": ["1/2"], "album": ["Sid Meier's Civilization V Original Soundtrack"], "musicbrainz album release country": ["US"], "musicbrainz album type": ["album", "soundtrack"], "musicbrainz album status": ["official"], "file_name": "10 - Napoleon War - France - Cancan.mp3", "musicbrainz_albumartistid": ["187705de-9b0d-4936-ab2d-88c744834548", "bfc1a109-bbd6-4b31-b5af-dcf98df47540"], "date": ["2010-09-21"], "genre": ["Soundtrack"], "musicbrainz_releasegroupid": ["06a525a9-618b-4c3f-9211-a78d0139081e"], "script": ["Latn"], "originaldate": ["2010-09-21"], "musicbrainz_albumid": ["19b76165-8971-4760-8ed6-328dc766775a"], "artist": ["Michael Curran"], "artistsort": ["Curran, Michael"], "tracknumber": ["10/17"], "label": ["2K Games"], "albumartistsort": ["Curran, Michael & Knorr, Geoff"], "acoustid_id": ["aa4d8450-0495-48b6-af70-7e796314dfba"], "musicbrainz_artistid": ["187705de-9b0d-4936-ab2d-88c744834548"], "conductor": ["Stanislav Mistr", "Andy Brick"]}}, "rhythm": {"bpm_histogram_first_peak_bpm": {"dmean2": 0, "median": 126, "min": 126, "dvar2": 0, "dvar": 0, "dmean": 0, "max": 126, "var": 0, "mean": 126}, "bpm": 124.96484375, "bpm_histogram_second_peak_spread": {"dmean2": 0, "median": 0.403225779533, "min": 0.403225779533, "dvar2": 0, "dvar": 0, "dmean": 0, "max": 0.403225779533, "var": 0, "mean": 0.403225779533}, "bpm_histogram_first_peak_weight": {"dmean2": 0, "median": 0.340699821711, "min": 0.340699821711, "dvar2": 0, "dvar": 0, "dmean": 0, "max": 0.340699821711, "var": 0, "mean": 0.340699821711}, "onset_rate": 1.21329653263, "beats_position": [0.476009070873, 0.952018141747, 1.42802715302, 1.90403628349, 2.39165520668, 2.86766433716, 3.35528349876, 3.84290242195, 4.31891155243, 4.80653047562, 5.28253936768, 5.75854873657, 6.24616765976, 6.72217655182, 7.19818592072, 7.6858048439, 8.16181373596, 8.63782310486, 9.10222244263, 9.57823085785, 10.0542402267, 10.5418596268, 11.0294780731, 11.5170974731, 12.0047159195, 12.4923353195, 12.9799547195, 13.4675731659, 13.9551925659, 14.4428119659, 14.9420404434, 15.4412698746, 15.9404983521, 16.4281177521, 16.9157371521, 17.4149665833, 17.9025840759, 18.390203476, 18.877822876, 19.365442276, 19.853061676, 20.3406791687, 20.8863487244, 21.43201828, 21.9660758972, 22.4885253906, 23.010974884, 23.5334243774, 24.009431839, 24.4854412079, 24.9498405457, 25.4955101013, 26.0527877808, 26.6100673676, 27.1673469543, 27.7130146027, 28.2586841583, 28.804353714, 29.3500213623, 29.8840808868, 30.4181404114, 30.9521980286, 31.4862575531, 32.0203170776, 32.5543746948, 33.0303840637, 33.5063934326, 33.9707946777, 34.4351921082, 34.9112014771, 35.3755989075, 35.8632202148, 36.3508377075, 36.8384590149, 37.3260765076, 37.8136940002, 38.3013153076, 38.8121528625, 39.3229942322, 39.8338317871, 40.3330612183, 40.8438987732, 41.3199081421, 41.8075294495, 42.2951469421, 42.7827644348, 43.2587738037, 43.7347831726, 44.2107925415, 44.6868019104, 45.1628112793, 45.650428772, 46.1264381409, 46.6024475098, 47.0784568787, 47.5544662476, 48.0304756165, 48.5064849854, 48.9824943542, 49.5165519714, 50.0390014648, 50.5266189575, 50.9910202026, 51.4554176331, 51.9198188782, 52.3958282471, 52.8602256775, 53.3362350464, 53.8006324768, 54.2650337219, 54.7294311523, 55.2170524597, 55.7046699524, 56.1922874451, 56.6799087524, 57.1675262451, 57.643535614, 58.1195449829, 58.5955543518, 59.0831718445, 59.5591812134, 60.0468025208, 60.5344200134, 61.0104293823, 61.4864387512, 61.9740562439, 62.4500656128, 62.9260749817, 63.4020843506, 63.8780937195, 64.3657150269, 64.8533325195, 65.3525619507, 65.8517913818, 66.351020813, 66.8502502441, 67.3378677368, 67.8254852295, 68.3014984131, 68.7658920288, 69.2419052124, 69.7179107666, 70.1939239502, 70.6583175659, 71.122718811, 71.6103363037, 72.0979614258, 72.57396698, 73.0499725342, 73.5259857178, 74.0136032104, 74.5128326416, 75.0120620728, 75.5112915039, 75.9989089966, 76.4981384277, 76.9973678589, 77.4385452271, 77.8797302246, 78.3209075928, 78.8085250854, 79.2961425781, 79.7837600708, 80.2713851929, 80.7590026855, 81.2350082397, 81.7110214233, 82.198638916, 82.6862564087, 83.1622695923, 83.649887085, 84.1375045776, 84.6251220703, 85.112739563, 85.5887527466, 86.0763702393, 86.5523757935, 87.0283889771, 87.5043945312, 87.9920196533, 88.4680252075, 88.9440383911, 89.4200439453, 89.8960494995, 90.3720626831, 90.8596801758, 91.3356933594, 91.8233108521, 92.2993164062, 92.7869338989, 93.274559021, 93.7621765137, 94.2497940063, 94.737411499, 95.2134246826, 95.6894302368, 96.1654434204, 96.6414489746, 97.1058502197, 97.5818557739, 98.0578689575, 98.5338745117, 99.0098876953, 99.474281311, 99.9386825562, 100.403083801, 100.867477417, 101.331878662, 101.796279907, 102.272285461, 102.759910583, 103.235916138, 103.711929321, 104.187934875, 104.66394043, 105.139953613, 105.627571106, 106.10358429, 106.579589844, 107.055595398, 107.531608582, 108.019226074, 108.506843567, 108.98285675, 109.470474243, 109.946479797, 110.434104919, 110.921722412, 111.409339905, 111.896957397, 112.38457489, 112.860588074, 113.336593628, 113.812606812, 114.288612366, 114.764625549, 115.252243042, 115.739860535, 116.215873718, 116.691879272, 117.167892456, 117.64389801, 118.119903564, 118.607528687, 119.095146179, 119.582763672, 120.070381165, 120.546394348, 121.022399902, 121.498413086, 121.97441864, 122.450431824, 122.926437378, 123.402442932, 123.878456116, 124.342857361, 124.818862915, 125.294876099, 125.759269714, 126.235282898, 126.722900391, 127.198905945, 127.674919128, 128.150924683, 128.638549805, 129.126159668, 129.61378479, 130.089797974, 130.565795898, 131.041809082, 131.517822266, 132.005432129, 132.481445312, 132.969070435, 133.445083618, 133.932693481, 134.420318604, 134.907928467, 135.38394165, 135.871566772, 136.359176636, 136.835189819, 137.299591064, 137.775604248, 138.251602173, 138.716003418, 139.180404663, 139.644805908, 140.13243103, 140.620040894, 141.107666016, 141.595275879, 142.071289062, 142.547302246, 143.034912109, 143.510925293, 143.986938477, 144.47454834, 144.950561523, 145.426574707, 145.914199829, 146.401809692, 146.901046753, 147.388656616, 147.8646698, 148.340682983, 148.816680908, 149.292694092, 149.768707275, 150.256317139, 150.743942261, 151.231567383, 151.719177246, 152.206802368, 152.694412231, 153.20526123, 153.716094971, 154.226928711, 154.853881836, 155.480819702, 156.107757568, 156.734695435, 157.361633301, 157.988571167, 158.615509033, 159.254058838, 159.892608643, 160.519546509, 161.158096313, 161.796646118, 162.435195923, 163.073745728, 163.596191406, 164.130249023, 164.652694702, 165.140319824, 165.639541626, 166.127166748, 166.62638855, 167.12562561, 167.624847412, 168.135681152, 168.634918213, 169.145751953, 169.668212891, 170.190658569, 170.70149231, 171.235549927, 171.769607544, 172.303665161, 172.837722778, 173.383392334, 173.871017456, 174.370239258, 174.869476318, 175.35710144, 175.856323242, 176.343948364, 176.843170166, 177.354003906, 177.864852905, 178.375686646, 178.886520386, 179.397369385, 179.908203125, 180.419036865, 180.929885864, 181.452331543, 181.974777222, 182.4972229, 182.973236084, 183.449249268, 183.913650513, 184.389663696, 184.87727356, 185.353286743, 185.829299927, 186.305297852, 186.781311035, 187.257324219, 187.733337402, 188.209335327, 188.685348511, 189.172973633, 189.648971558, 190.124984741, 190.600997925, 191.07699585, 191.553009033, 192.029022217, 192.5050354, 192.981033325, 193.468658447, 193.956283569, 194.443893433, 194.919906616, 195.3959198, 195.883529663, 196.371154785, 196.858764648, 197.346389771, 197.834014893, 198.321624756, 198.809249878, 199.296859741, 199.784484863, 200.272109985, 200.759719849, 201.247344971, 201.723358154, 202.210968018, 202.69859314, 203.186203003, 203.662216187, 204.13822937, 204.614242554, 205.07862854, 205.543029785, 206.019042969, 206.495056152, 206.959457397, 207.423858643, 207.888244629, 208.375869751, 208.863494873, 209.351104736, 209.838729858, 210.326339722, 210.813964844, 211.301589966, 211.789199829, 212.276824951, 212.776046753, 213.275283813, 213.762893677, 214.227294922, 214.703308105, 215.179321289, 215.655319214, 216.131332397, 216.595733643, 217.071746826, 217.547744751, 218.023757935, 218.511383057, 218.99899292, 219.486618042, 219.962631226, 220.43862915, 220.914642334, 221.390655518, 221.878265381, 222.365890503, 222.853515625, 223.341125488, 223.82875061, 224.327972412, 224.827209473, 225.326431274, 225.814056396, 226.313278198, 226.80090332, 227.300125122, 227.787750244, 228.275375366, 228.762985229, 229.250610352, 229.738220215, 230.237457275, 230.748291016, 231.259140015, 231.769973755, 232.257598877, 232.756820679, 233.244445801, 233.720443726, 234.196456909, 234.684082031, 235.183303833, 235.670928955, 236.158538818, 236.64616394, 237.133789062, 237.621398926, 238.109024048, 238.596633911, 239.084259033, 239.560272217, 240.036270142, 240.512283325, 240.988296509, 241.464309692, 241.940307617, 242.416320801, 242.903945923, 243.391555786, 243.86756897, 244.343582153, 244.819580078, 245.295593262, 245.771606445, 246.247619629, 246.735229492, 247.211242676, 247.687255859, 248.163253784, 248.650878906, 249.138504028, 249.626113892, 250.125350952, 250.612960815, 251.100585938, 251.58821106, 252.075820923, 252.575057983, 253.085891724, 253.585113525, 254.095962524, 254.606796265, 255.117630005, 255.686523438, 256.255401611, 256.824310303, 257.3699646, 257.904022217, 258.449707031, 258.983764648, 259.517822266, 260.051879883, 260.469848633, 260.887786865, 261.305755615, 261.712097168, 262.130065918, 262.536407471, 262.942749023, 263.349121094, 263.755462646, 264.161804199, 264.579772949, 264.986114502, 265.427307129, 265.856872559, 266.286437988], "beats_loudness": {"dmean2": 0.0225205104798, "median": 0.019043982029, "min": 0, "dvar2": 0.00058501411695, "dvar": 0.000209132951568, "dmean": 0.0131338993087, "max": 0.119594886899, "var": 0.000382212194381, "mean": 0.0252924412489}, "danceability": 0.910919368267, "bpm_histogram_second_peak_weight": {"dmean2": 0, "median": 0.068139962852, "min": 0.068139962852, "dvar2": 0, "dvar": 0, "dmean": 0, "max": 0.068139962852, "var": 0, "mean": 0.068139962852}, "beats_count": 544, "bpm_histogram_second_peak_bpm": {"dmean2": 0, "median": 120, "min": 120, "dvar2": 0, "dvar": 0, "dmean": 0, "max": 120, "var": 0, "mean": 120}, "bpm_histogram_first_peak_spread": {"dmean2": 0, "median": 0.543209910393, "min": 0.543209910393, "dvar2": 0, "dvar": 0, "dmean": 0, "max": 0.543209910393, "var": 0, "mean": 0.543209910393}, "beats_loudness_band_ratio": {"dmean2": [0.290445417166, 0.19032818079, 0.25966501236, 0.128970101476, 0.0490784831345, 0.0138016305864], "median": [0.328708410263, 0.147348225117, 0.300603598356, 0.0923559516668, 0.0401117131114, 0.00493040680885], "min": [0, 0, 0, 0, 0, 0], "dvar2": [0.0484318546951, 0.0263462457806, 0.037142727524, 0.0187282431871, 0.00333790294826, 0.000961467216257], "dvar": [0.0191450733691, 0.00926851015538, 0.0139029677957, 0.00651183258742, 0.00122290418949, 0.000340689643053], "dmean": [0.174852386117, 0.108961269259, 0.151964232326, 0.076962441206, 0.0300665628165, 0.00794987659901], "max": [0.968233764172, 0.705875456333, 0.922313630581, 0.64436173439, 0.379491746426, 0.253798484802], "var": [0.0501436293125, 0.0120581034571, 0.0289716143161, 0.012022767216, 0.00243670796044, 0.000295323727187], "mean": [0.369698166847, 0.172748610377, 0.319852590561, 0.121724545956, 0.0522546246648, 0.0100882127881]}}, "lowlevel": {"barkbands_spread": {"dmean2": 4.15068340302, "median": 12.0331134796, "min": 0.150519192219, "dvar2": 15.5729169846, "dvar": 6.24897766113, "dmean": 2.58321642876, "max": 83.3501281738, "var": 39.6206741333, "mean": 12.7539262772}, "melbands_spread": {"dmean2": 5.59089040756, "median": 14.8142948151, "min": 0.329347014427, "dvar2": 35.9250221252, "dvar": 14.2353563309, "dmean": 3.49942111969, "max": 165.267852783, "var": 183.151901245, "mean": 17.0708141327}, "hfc": {"dmean2": 4.17548513412, "median": 8.258436203, "min": 1.06169154399e-16, "dvar2": 36.8002281189, "dvar": 15.1531429291, "dmean": 2.7069478035, "max": 108.259658813, "var": 205.101226807, "mean": 13.6061782837}, "barkbands_kurtosis": {"dmean2": 3.18445968628, "median": 1.50167322159, "min": -1.64574110508, "dvar2": 1062.6060791, "dvar": 517.766479492, "dmean": 1.89736247063, "max": 1961.42932129, "var": 2025.85754395, "mean": 3.65835571289}, "gfcc": {"mean": [-79.271522522, 167.710601807, -137.282821655, 12.5511398315, -45.710067749, -8.21350383759, -30.0103282928, 7.61749792099, -11.7400846481, -10.4531459808, -4.49431037903, -6.5719909668, -14.5661478043], "icov": [[0.000305864756228, -0.000596288533416, 0.000691812194418, -0.000758225796744, 0.00067793764174, -0.000666079460643, 0.0004442386562, -0.000611836498138, 0.00081015721662, -0.000773970852606, 0.00100458727684, -0.000604353437666, 0.000654787931126], [-0.000596288533416, 0.00260232039727, -0.00125324260443, 0.00207677017897, -0.00206216028892, 0.00194070895668, -0.000905602704734, 0.00150461390149, -0.00244000391103, 0.00312583171763, -0.00353925512172, 0.00308062508702, -0.00253710523248], [0.000691812194418, -0.00125324260443, 0.00327543867752, -0.00116215320304, 0.000651547510643, -0.00242264429107, 0.000808067445178, -0.000841932953335, 0.000966876803432, -0.00121854955796, 0.00203270581551, -4.73335239803e-05, -8.55444886838e-05], [-0.000758225796744, 0.00207677017897, -0.00116215320304, 0.00867845676839, -0.00299283512868, 1.98362304218e-05, -6.79801232764e-05, 0.00136820680927, -0.00345223257318, 0.00302896648645, -0.00119162874762, 0.000393770460505, -0.00168859120458], [0.00067793764174, -0.00206216028892, 0.000651547510643, -0.00299283512868, 0.00889480952173, -0.00195336760953, -0.000292379001621, 4.18890595029e-05, -0.000259699794697, -0.00145295844413, 0.000615085067693, -0.000753981759772, 0.0018358095549], [-0.000666079460643, 0.00194070895668, -0.00242264429107, 1.98362304218e-05, -0.00195336760953, 0.0105182407424, -0.00168151129037, 0.000626584747806, 0.00019849819364, -0.00139395706356, -0.00120223965496, 0.0013659306569, -0.00171201920602], [0.0004442386562, -0.000905602704734, 0.000808067445178, -6.79801232764e-05, -0.000292379001621, -0.00168151129037, 0.00960540305823, -0.00370927620679, 0.00145473924931, -0.000317232683301, 0.0013627698645, -0.000901096849702, -0.00117864191998], [-0.000611836498138, 0.00150461390149, -0.000841932953335, 0.00136820680927, 4.18890595029e-05, 0.000626584747806, -0.00370927620679, 0.0164042450488, -0.00592033332214, 0.00217762752436, -0.00146057282109, -0.00295115401968, 0.00102073687594], [0.00081015721662, -0.00244000391103, 0.000966876803432, -0.00345223257318, -0.000259699794697, 0.00019849819364, 0.00145473924931, -0.00592033332214, 0.0173950511962, -0.00438868068159, -0.00283535639755, 0.000329908594722, 0.000208578494494], [-0.000773970852606, 0.00312583171763, -0.00121854955796, 0.00302896648645, -0.00145295844413, -0.00139395706356, -0.000317232683301, 0.00217762752436, -0.00438868068159, 0.0148219298571, -0.00557666365057, 0.00476383604109, -0.00602334178984], [0.00100458727684, -0.00353925512172, 0.00203270581551, -0.00119162874762, 0.000615085067693, -0.00120223965496, 0.0013627698645, -0.00146057282109, -0.00283535639755, -0.00557666365057, 0.0259609911591, -0.0137364445254, 0.00577020319179], [-0.000604353437666, 0.00308062508702, -4.73335239803e-05, 0.000393770460505, -0.000753981759772, 0.0013659306569, -0.000901096849702, -0.00295115401968, 0.000329908594722, 0.00476383604109, -0.0137364445254, 0.0250764172524, -0.00826301705092], [0.000654787931126, -0.00253710523248, -8.55444886838e-05, -0.00168859120458, 0.0018358095549, -0.00171201920602, -0.00117864191998, 0.00102073687594, 0.000208578494494, -0.00602334178984, 0.00577020319179, -0.00826301705092, 0.0182765778154]], "cov": [[16884.8398438, -567.658325195, -2727.69311523, 526.651672363, -901.902099609, 203.654495239, -417.802520752, 206.530593872, -549.917541504, 80.851600647, -320.080596924, 123.388793945, -386.884185791], [-567.658325195, 1471.98364258, 261.288726807, -133.083847046, 238.366149902, -180.020507812, 57.5849838257, -41.9366760254, 162.673492432, -138.171264648, 113.222442627, -70.6856231689, 63.7542724609], [-2727.69311523, 261.288726807, 911.171936035, -54.0506401062, 177.074462891, 60.3419075012, 62.4200592041, -46.766242981, 89.4730834961, 12.1573915482, 20.8191814423, -55.9975318909, 98.865272522], [526.651672363, -133.083847046, -54.0506401062, 180.344116211, 5.7729640007, 38.661190033, -17.9538459778, 9.38256645203, -1.43345868587, 3.64088582993, -12.9698057175, 14.2857255936, -7.80375337601], [-901.902099609, 238.366149902, 177.074462891, 5.7729640007, 216.181213379, -6.51017665863, 35.1086349487, -15.0628843307, 64.7404022217, -12.8179836273, 36.8404426575, -14.6527786255, 24.3256530762], [203.654495239, -180.020507812, 60.3419075012, 38.661190033, -6.51017665863, 161.057022095, 7.34749746323, 1.81673014164, -23.7534160614, 49.0879249573, -22.3401374817, 0.557150781155, 11.4349565506], [-417.802520752, 57.5849838257, 62.4200592041, -17.9538459778, 35.1086349487, 7.34749746323, 132.999176025, 20.68242836, 17.0966873169, -4.30204200745, 10.4557237625, 5.23121500015, 23.6304016113], [206.530593872, -41.9366760254, -46.766242981, 9.38256645203, -15.0628843307, 1.81673014164, 20.68242836, 85.9294052124, 17.2193698883, -1.28381061554, 10.1972942352, 23.2730484009, -7.67207860947], [-549.917541504, 162.673492432, 89.4730834961, -1.43345868587, 64.7404022217, -23.7534160614, 17.0966873169, 17.2193698883, 114.350143433, 4.95157146454, 43.2240066528, 1.0295470953, 21.1286563873], [80.851600647, -138.171264648, 12.1573915482, 3.64088582993, -12.8179836273, 49.0879249573, -4.30204200745, -1.28381061554, 4.95157146454, 114.933792114, 1.09058153629, 1.52459073067, 22.1628227234], [-320.080596924, 113.222442627, 20.8191814423, -12.9698057175, 36.8404426575, -22.3401374817, 10.4557237625, 10.1972942352, 43.2240066528, 1.09058153629, 80.4900436401, 28.3635540009, 7.67301416397], [123.388793945, -70.6856231689, -55.9975318909, 14.2857255936, -14.6527786255, 0.557150781155, 5.23121500015, 23.2730484009, 1.0295470953, 1.52459073067, 28.3635540009, 72.7946548462, 11.8334035873], [-386.884185791, 63.7542724609, 98.865272522, -7.80375337601, 24.3256530762, 11.4349565506, 23.6304016113, -7.67207860947, 21.1286563873, 22.1628227234, 7.67301416397, 11.8334035873, 87.7381439209]]}, "spectral_energyband_middle_low": {"dmean2": 0.006259937305, "median": 0.00913734268397, "min": 1.24333793532e-22, "dvar2": 6.54484829283e-05, "dvar": 2.72261186183e-05, "dmean": 0.00400503491983, "max": 0.0907552838326, "var": 0.000127830411657, "mean": 0.0124745648354}, "melbands_crest": {"dmean2": 5.12543964386, "median": 11.0838890076, "min": 1.63640904427, "dvar2": 19.3030567169, "dvar": 7.24387216568, "dmean": 3.1062374115, "max": 33.1536445618, "var": 24.1192264557, "mean": 12.1318378448}, "spectral_kurtosis": {"dmean2": 9.88198280334, "median": 9.75074768066, "min": -1.25492489338, "dvar2": 113.647491455, "dvar": 37.9174041748, "dmean": 5.58062601089, "max": 154.102157593, "var": 142.400939941, "mean": 13.5341463089}, "spectral_rms": {"dmean2": 0.000840209191665, "median": 0.00399827538058, "min": 3.11115000949e-12, "dvar2": 6.50908361877e-07, "dvar": 2.66889912837e-07, "dmean": 0.000538347172551, "max": 0.0118531193584, "var": 3.4108836644e-06, "mean": 0.00421781418845}, "zerocrossingrate": {"dmean2": 0.00524451164529, "median": 0.03466796875, "min": 0.0029296875, "dvar2": 9.1082045401e-05, "dvar": 6.13065858488e-05, "dmean": 0.00400827964768, "max": 0.89404296875, "var": 0.00253535504453, "mean": 0.0401741974056}, "silence_rate_60dB": {"dmean2": 0.0326984971762, "median": 0, "min": 0, "dvar2": 0.0370201431215, "dvar": 0.0160825587809, "dmean": 0.0163478255272, "max": 1, "var": 0.0573851205409, "mean": 0.0611251182854}, "erbbands_kurtosis": {"dmean2": 1.36848843098, "median": 0.0473730564117, "min": -1.69135975838, "dvar2": 3.09034991264, "dvar": 1.22561407089, "dmean": 0.841987609863, "max": 35.3995056152, "var": 5.17594766617, "mean": 0.628544032574}, "erbbands": {"dmean2": [0.0740515291691, 0.509717583656, 1.88963186741, 4.35974121094, 5.53853082657, 5.96771001816, 6.93641996384, 11.835152626, 35.6966133118, 46.6393203735, 27.5206508636, 42.99817276, 29.6772918701, 30.5249557495, 22.2105178833, 21.4723815918, 34.7391357422, 14.179058075, 18.6566963196, 15.9559879303, 6.91535425186, 14.4744586945, 11.1650896072, 8.94902706146, 3.6987080574, 2.06677556038, 1.012550354, 0.513175189495, 0.322707414627, 0.253597348928, 0.17263828218, 0.107844717801, 0.0695719867945, 0.0428851470351, 0.0185153596103, 0.00615092879161, 0.00294396467507, 0.00104047218338, 0.00016590298037, 1.96870842046e-05], "median": [0.0131003502756, 0.212146997452, 0.844923555851, 2.14207553864, 3.14558720589, 3.4070110321, 4.33593797684, 7.90545463562, 18.2015914917, 27.2799034119, 17.5763339996, 14.288187027, 13.3148403168, 11.1392240524, 8.85893917084, 8.93214988708, 9.9352722168, 6.12697649002, 4.74799537659, 4.55453300476, 5.26509571075, 8.50053310394, 8.3099822998, 6.05387926102, 1.81627619267, 0.454520970583, 0.193188786507, 0.109015025198, 0.0950022116303, 0.0632924810052, 0.0298374872655, 0.0162189565599, 0.00626602256671, 0.00277562229894, 0.0011894996278, 0.000427873805165, 0.00013900466729, 2.27265627473e-05, 9.07548474061e-06, 1.88326248463e-05], "min": [9.95146832868e-23, 4.65972134509e-22, 2.98841654894e-21, 2.62354609022e-21, 1.31683873877e-20, 3.3085108083e-20, 2.5372689309e-20, 6.57401274839e-20, 1.37939204308e-19, 2.01519653685e-19, 2.72201616643e-19, 4.83357407476e-19, 2.23590124898e-19, 7.05760786689e-19, 5.17304744719e-19, 1.0454185687e-18, 1.2266112411e-18, 2.56690212059e-18, 2.05803466981e-18, 2.91418232024e-18, 3.65395165554e-18, 3.78460772842e-18, 4.3768822819e-18, 6.69283993172e-18, 7.20316983781e-18, 7.60967120624e-18, 9.8702896459e-18, 1.15224001126e-17, 9.90003506072e-18, 8.76247725719e-18, 1.18907022803e-17, 1.08266543634e-17, 9.77252020622e-18, 8.56801619416e-18, 4.79966876863e-18, 3.99002769379e-18, 2.27009234601e-18, 9.73453855403e-19, 2.58597545795e-19, 2.81964545069e-20], "dvar2": [0.0479334108531, 0.896548092365, 13.1749095917, 69.7720413208, 107.722290039, 89.0922927856, 112.492637634, 265.374816895, 5215.12255859, 5509.60791016, 2404.21386719, 9583.22460938, 5642.52392578, 6399.30224609, 2307.6965332, 5635.02246094, 7236.72851562, 1187.7857666, 3949.31762695, 1722.74645996, 144.257019043, 862.563110352, 375.194335938, 304.123626709, 72.7743759155, 33.427444458, 9.93841743469, 2.74286985397, 1.12696361542, 1.05601906776, 0.671848297119, 0.333281934261, 0.175580948591, 0.11610326916, 0.0258918236941, 0.00441008061171, 0.00193633791059, 0.000381736608688, 1.05875560621e-05, 8.83923263473e-08], "dvar": [0.0161813497543, 0.354106396437, 4.8418340683, 32.3086051941, 41.7089042664, 32.6523551941, 44.0146484375, 111.103149414, 2205.21704102, 2371.07128906, 863.003051758, 3615.9453125, 1996.52124023, 2517.61206055, 927.875976562, 2305.65454102, 2874.10839844, 433.191650391, 1526.85266113, 620.349243164, 53.9649200439, 321.506622314, 138.679336548, 108.395393372, 27.6215457916, 12.6140556335, 4.02932786942, 1.15184128284, 0.510175466537, 0.434329241514, 0.314389646053, 0.171341240406, 0.0973622128367, 0.0662337839603, 0.0152935273945, 0.00272512040101, 0.00108565879054, 0.000211180042243, 4.77166940982e-06, 3.19288169237e-08], "dmean": [0.0421362109482, 0.309756070375, 1.14709413052, 2.83892893791, 3.4469602108, 3.62830376625, 4.21129465103, 7.3222026825, 22.4688243866, 29.6446876526, 16.6886806488, 26.7844810486, 18.3131732941, 19.0683364868, 14.0222225189, 13.8152618408, 22.1604175568, 8.59230613708, 11.4377708435, 9.63939666748, 4.23225212097, 8.64760780334, 6.72431135178, 5.37781095505, 2.25767374039, 1.26424384117, 0.64055109024, 0.321690529585, 0.211306467652, 0.161956593394, 0.114957466722, 0.0738170593977, 0.0484063439071, 0.0313373245299, 0.0134984115139, 0.00482963910326, 0.0023468141444, 0.000841237604618, 0.000116823728604, 1.22701203509e-05], "max": [2.70643830299, 12.1799726486, 58.2525024414, 168.908996582, 142.909118652, 100.751358032, 133.414306641, 406.253143311, 1219.60913086, 1016.74182129, 672.457275391, 1213.2611084, 1137.6998291, 1346.39257812, 1079.48193359, 2421.53051758, 1152.98046875, 802.539245605, 1079.23925781, 552.85546875, 239.908889771, 430.636169434, 364.535247803, 241.226699829, 143.410934448, 111.166618347, 65.0740356445, 50.6714515686, 38.7919616699, 29.8664932251, 21.5034694672, 22.329000473, 14.5385093689, 14.4520187378, 7.39420509338, 3.73218488693, 1.96248018742, 0.949309647083, 0.124085202813, 0.0115778986365], "var": [0.0165092684329, 0.636063098907, 11.1071004868, 111.381576538, 118.75655365, 70.8020019531, 80.3193511963, 304.858032227, 4300.02148438, 5475.63818359, 1755.29675293, 7401.10449219, 4143.77539062, 5727.671875, 2625.02539062, 6728.61474609, 7381.90087891, 1121.07971191, 3981.484375, 1379.08435059, 191.675109863, 832.400634766, 561.330444336, 394.904663086, 109.510910034, 51.7560577393, 18.1890563965, 5.77927398682, 3.10490298271, 1.98725366592, 1.4776648283, 0.873469889164, 0.529600024223, 0.271815001965, 0.0722770541906, 0.012550896965, 0.00303868576884, 0.000404460035497, 6.22439620201e-06, 2.26938059456e-08], "mean": [0.0524476096034, 0.487581253052, 1.92034673691, 5.47470712662, 6.5363740921, 6.28814554214, 7.19423103333, 13.1719064713, 36.6441459656, 52.6797790527, 31.033246994, 44.8780403137, 34.1518592834, 34.6011886597, 26.1976299286, 28.8940258026, 40.9822349548, 18.0121192932, 21.8394680023, 17.9210414886, 10.4233064651, 18.7662620544, 17.7959308624, 13.9486761093, 5.89322042465, 3.10463738441, 1.61991965771, 0.875268042088, 0.630233705044, 0.460938692093, 0.317210227251, 0.205685511231, 0.137388467789, 0.0801631584764, 0.0369363538921, 0.0135305048898, 0.00490676239133, 0.00131270452403, 0.000138720541145, 3.06766378344e-05]}, "spectral_strongpeak": {"dmean2": 0.901152908802, "median": 0.589270234108, "min": 0, "dvar2": 1.43618750572, "dvar": 0.551882445812, "dmean": 0.536552131176, "max": 10.2076034546, "var": 1.29324054718, "mean": 0.995422542095}, "spectral_energy": {"dmean2": 0.00852487236261, "median": 0.0163858607411, "min": 9.92123577091e-21, "dvar2": 0.000119220043416, "dvar": 4.80335911561e-05, "dmean": 0.00541605986655, "max": 0.144008859992, "var": 0.000337449921062, "mean": 0.0217307824641}, "average_loudness": 0.67062330246, "spectral_rolloff": {"dmean2": 329.160003662, "median": 818.26171875, "min": 86.1328125, "dvar2": 289665.625, "dvar": 130547.78125, "dmean": 191.232681274, "max": 21683.9355469, "var": 3142146.25, "mean": 1077.73474121}, "spectral_centroid": {"dmean2": 198.426040649, "median": 854.196166992, "min": 163.006240845, "dvar2": 50736.0664062, "dvar": 25997.8457031, "dmean": 126.404144287, "max": 11706.1035156, "var": 932808.0625, "mean": 970.290771484}, "pitch_salience": {"dmean2": 0.110756903887, "median": 0.600353300571, "min": 0.13294839859, "dvar2": 0.00823264662176, "dvar": 0.00298355566338, "dmean": 0.0665417835116, "max": 0.865865468979, "var": 0.00816465355456, "mean": 0.595454573631}, "spectral_energyband_middle_high": {"dmean2": 0.00224505597726, "median": 0.00238564098254, "min": 1.16859405875e-21, "dvar2": 1.79023700184e-05, "dvar": 7.01147973814e-06, "dmean": 0.0014330331469, "max": 0.0626981407404, "var": 4.64420299977e-05, "mean": 0.00508408201858}, "spectral_contrast_coeffs": {"dmean2": [0.0837104469538, 0.0771167576313, 0.0595315508544, 0.0451092682779, 0.031694304198, 0.0188763849437], "median": [-0.648260831833, -0.735371530056, -0.76420801878, -0.780900359154, -0.732203662395, -0.77032661438], "min": [-0.980278670788, -0.977851331234, -0.976082742214, -0.972852766514, -0.967126190662, -0.964537262917], "dvar2": [0.00406464794651, 0.00360650010407, 0.00222324905917, 0.00126418843865, 0.00061631470453, 0.000220370013267], "dvar": [0.00148649874609, 0.0013083802769, 0.000806205731351, 0.000461494229967, 0.000236771724303, 9.14978954825e-05], "dmean": [0.049859624356, 0.0465160086751, 0.0361776277423, 0.0271385442466, 0.0195141900331, 0.0118226902559], "max": [-0.371421277523, -0.478311866522, -0.515067875385, -0.495528817177, -0.567976415157, -0.621943712234], "var": [0.0065276385285, 0.00458058668301, 0.00471512787044, 0.0045070592314, 0.00371663295664, 0.00216434453614], "mean": [-0.646076858044, -0.731307089329, -0.758135259151, -0.773931086063, -0.740598738194, -0.774416804314]}, "melbands_skewness": {"dmean2": 0.709258079529, "median": 1.4609773159, "min": -1.11055123806, "dvar2": 0.414791345596, "dvar": 0.159069448709, "dmean": 0.440527796745, "max": 7.82355356216, "var": 0.774453997612, "mean": 1.59067821503}, "spectral_spread": {"dmean2": 317648.21875, "median": 2141939.25, "min": 765509.1875, "dvar2": 493021265920, "dvar": 257468497920, "dmean": 200009.546875, "max": 42373200, "var": 12133784879100.0, "mean": 2566477.25}, "dissonance": {"dmean2": 0.0440906696022, "median": 0.450866937637, "min": 0.204404622316, "dvar2": 0.00141285778955, "dvar": 0.00051302916836, "dmean": 0.0259230528027, "max": 0.499999970198, "var": 0.00103964237496, "mean": 0.445888608694}, "spectral_skewness": {"dmean2": 0.739641904831, "median": 1.961160779, "min": -0.0941747426987, "dvar2": 0.480699419975, "dvar": 0.15945777297, "dmean": 0.423245549202, "max": 10.8153800964, "var": 1.0567599535, "mean": 2.27051496506}, "spectral_flux": {"dmean2": 0.0218386463821, "median": 0.0627341642976, "min": 6.16415182786e-11, "dvar2": 0.000442967255367, "dvar": 0.000163016375154, "dmean": 0.0131133543327, "max": 0.234455049038, "var": 0.00105423131026, "mean": 0.0674023702741}, "spectral_contrast_valleys": {"dmean2": [0.672940254211, 0.516726255417, 0.420051038265, 0.328904479742, 0.233585819602, 0.184318110347], "median": [-7.37641859055, -6.23284006119, -7.27223062515, -7.87402772903, -8.39831638336, -12.1051044464], "min": [-28.1875076294, -27.9186782837, -27.8712596893, -27.5971794128, -27.539937973, -27.3953456879], "dvar2": [0.285452276468, 0.170960992575, 0.112915486097, 0.0788211449981, 0.0510064996779, 0.0415430366993], "dvar": [0.111248515546, 0.0760172009468, 0.0538951903582, 0.0415716171265, 0.0339583307505, 0.0328000970185], "dmean": [0.3988750875, 0.308154374361, 0.253904938698, 0.203626140952, 0.149277001619, 0.135823190212], "max": [-5.1726603508, -4.68040037155, -5.56573581696, -6.1582903862, -6.31791591644, -8.21064662933], "var": [3.55014944077, 3.80859446526, 3.61978411674, 3.53425049782, 3.7398955822, 2.81941962242], "mean": [-7.55229759216, -6.46695756912, -7.47846794128, -8.12571811676, -8.65726184845, -12.159570694]}, "erbbands_flatness_db": {"dmean2": 0.0210572294891, "median": 0.23057474196, "min": 0.0443352274597, "dvar2": 0.000318470672937, "dvar": 0.000134551810334, "dmean": 0.0136241558939, "max": 0.390951246023, "var": 0.00146862328984, "mean": 0.230515837669}, "spectral_energyband_high": {"dmean2": 3.7383641029e-05, "median": 1.27194443849e-05, "min": 7.08580441833e-21, "dvar2": 1.86233108934e-08, "dvar": 1.10466462644e-08, "dmean": 2.61077311734e-05, "max": 0.00556296668947, "var": 9.90574875459e-08, "mean": 0.000101274257759}, "spectral_entropy": {"dmean2": 0.169460847974, "median": 7.04444360733, "min": 4.40124940872, "dvar2": 0.0220003072172, "dvar": 0.010000474751, "dmean": 0.108764700592, "max": 9.82941913605, "var": 0.218329504132, "mean": 6.9920964241}, "silence_rate_20dB": {"dmean2": 0, "median": 1, "min": 1, "dvar2": 0, "dvar": 0, "dmean": 0, "max": 1, "var": 0, "mean": 1}, "melbands_flatness_db": {"dmean2": 0.0284750238061, "median": 0.259508520365, "min": 0.00340521731414, "dvar2": 0.00058990198886, "dvar": 0.000252758472925, "dmean": 0.0183316078037, "max": 0.61264449358, "var": 0.00656649889424, "mean": 0.268311440945}, "barkbands": {"dmean2": [0.000393648253521, 0.00229292176664, 0.00187275512144, 0.00190019141883, 0.00157068658154, 0.0013720060233, 0.00291899289005, 0.00137405504938, 0.00192817056086, 0.0011608680943, 0.000724542071112, 0.000483948795591, 0.000717232062016, 0.000367444008589, 0.000335193733918, 0.000153446962941, 0.000268722942565, 0.000200936265173, 0.000135599999339, 4.22846387664e-05, 1.74211763806e-05, 9.02151896298e-06, 6.08835489402e-06, 4.26192718805e-06, 3.04209720525e-06, 1.45179797073e-06, 1.0637967307e-06], "median": [7.91076035966e-06, 0.000822906324174, 0.000659193727188, 0.000770779675804, 0.000992488930933, 0.00085344852414, 0.00164750381373, 0.000791851838585, 0.000673580972943, 0.000354314921424, 0.000202606621315, 0.000154816138092, 0.000177432404598, 9.8310316389e-05, 7.11944521754e-05, 8.14878221718e-05, 0.000141040582093, 0.000140982068842, 6.51208683848e-05, 9.07429330255e-06, 3.19563514495e-06, 2.61551303993e-06, 1.15909631404e-06, 5.30236945906e-07, 2.05891510063e-07, 7.97434651645e-08, 4.34515579073e-09], "min": [4.07115459226e-25, 2.34075718456e-24, 1.2251721805e-24, 2.56313579185e-25, 1.02083973278e-23, 5.58537383939e-24, 8.51540716192e-24, 1.14035460539e-23, 1.57881059626e-23, 9.52721830276e-24, 1.0977873554e-23, 2.72137