{"tonal": {"thpcp": [1, 0.622937858105, 0.473811477423, 0.418723970652, 0.259025484324, 0.202700912952, 0.198820650578, 0.216917321086, 0.316534996033, 0.33592876792, 0.233248412609, 0.187825933099, 0.168773859739, 0.244192168117, 0.643644094467, 0.808019936085, 0.645745515823, 0.754367053509, 0.625450909138, 0.274555295706, 0.284917920828, 0.355239599943, 0.358802676201, 0.57996827364, 0.589964926243, 0.296038985252, 0.219464346766, 0.3585267663, 0.669478833675, 0.97480648756, 0.818265736103, 0.422745555639, 0.271069198847, 0.280196607113, 0.376216113567, 0.819550096989], "hpcp": {"dmean2": [0.467027455568, 0.361781150103, 0.256726592779, 0.19921348989, 0.209729209542, 0.236815705895, 0.29939520359, 0.337107479572, 0.300985991955, 0.253910899162, 0.219614505768, 0.177761077881, 0.157449379563, 0.133959129453, 0.12216501683, 0.150017127395, 0.150062322617, 0.139003843069, 0.128196656704, 0.113091699779, 0.138658761978, 0.231690436602, 0.273308515549, 0.31582313776, 0.352166831493, 0.248212814331, 0.136951640248, 0.114471286535, 0.120174117386, 0.131072819233, 0.186422005296, 0.193428337574, 0.162018954754, 0.180488482118, 0.291727423668, 0.446555674076], "median": [0.0776094794273, 0.0644108727574, 0.0231709294021, 0.00726472446695, 0.00577619252726, 0.016989685595, 0.0816697105765, 0.106553241611, 0.0606352314353, 0.0265351999551, 0.0219855103642, 0.0130665376782, 0.00896108988672, 0.00781596731395, 0.0084027769044, 0.0145791498944, 0.0162605773658, 0.0124236699194, 0.00895272288471, 0.00717743299901, 0.0144852725789, 0.0576022043824, 0.0791642442346, 0.077439814806, 0.0384399816394, 0.0245568230748, 0.0136114405468, 0.0181265883148, 0.0212329793721, 0.0227035023272, 0.037442792207, 0.0428162962198, 0.0208580084145, 0.00772345019504, 0.0103375455365, 0.0309928953648], "min": [0, 0, 0, 0, 0, 0, 0, 0, 0, 0, 0, 0, 0, 0, 0, 0, 0, 0, 0, 0, 0, 0, 0, 0, 0, 0, 0, 0, 0, 0, 0, 0, 0, 0, 0, 0], "dvar2": [0.286630302668, 0.196553245187, 0.163078188896, 0.14004856348, 0.154141426086, 0.147029697895, 0.150752872229, 0.171743139625, 0.15979206562, 0.148113772273, 0.136023446918, 0.117376290262, 0.123331665993, 0.092767059803, 0.0751855447888, 0.0971716418862, 0.0890057832003, 0.0968573689461, 0.0962640866637, 0.0812342837453, 0.0811142027378, 0.108703456819, 0.128620803356, 0.137714505196, 0.194189205766, 0.112959466875, 0.0667399913073, 0.0473545081913, 0.0468174293637, 0.0491650514305, 0.0848988816142, 0.0823471099138, 0.0920607894659, 0.139830261469, 0.21695278585, 0.330413132906], "dvar": [0.104080326855, 0.0742599740624, 0.0580242685974, 0.0483858659863, 0.0547509863973, 0.0534056946635, 0.0550637952983, 0.0637413337827, 0.0565534718335, 0.053911510855, 0.0488419868052, 0.0411540269852, 0.0428032875061, 0.0321887247264, 0.026800358668, 0.0352044776082, 0.0326131060719, 0.0339188240469, 0.0335207208991, 0.0286366865039, 0.0290804039687, 0.0406737290323, 0.0489257499576, 0.0491318367422, 0.0714296549559, 0.0425853654742, 0.0237836930901, 0.0177619364113, 0.01912756823, 0.018648872152, 0.0332148522139, 0.0324185602367, 0.0328655950725, 0.0466900914907, 0.0727561414242, 0.109575852752], "dmean": [0.257538765669, 0.203933522105, 0.138913527131, 0.105624735355, 0.109814234078, 0.127683460712, 0.169144630432, 0.191327020526, 0.167370304465, 0.139681115746, 0.120284058154, 0.0942425727844, 0.081890180707, 0.0715266019106, 0.0668420940638, 0.0839057415724, 0.0846005156636, 0.0752993673086, 0.0682327598333, 0.0607661195099, 0.0763882175088, 0.132336199284, 0.154699370265, 0.175564482808, 0.192177817225, 0.138388350606, 0.0759805440903, 0.0658842176199, 0.0708648785949, 0.0762584730983, 0.108499489725, 0.11274561286, 0.0891425088048, 0.0934877321124, 0.15246501565, 0.239294916391], "max": [1, 1, 1, 1, 1, 1, 1, 1, 1, 1, 1, 1, 1, 1, 1, 1, 1, 1, 1, 1, 1, 1, 1, 1, 1, 1, 1, 1, 1, 1, 1, 1, 1, 1, 1, 1], "var": [0.114946201444, 0.0908544659615, 0.0441307686269, 0.0330380946398, 0.0372019186616, 0.0405468121171, 0.0813348069787, 0.106513403356, 0.0548768825829, 0.0528717823327, 0.046399846673, 0.0260980241001, 0.0246714744717, 0.0228363741189, 0.0226537659764, 0.0343995206058, 0.0367021746933, 0.0243247002363, 0.02123304829, 0.0181832183152, 0.0215296950191, 0.0614559091628, 0.0840936303139, 0.0504121854901, 0.0920761376619, 0.0743574649096, 0.0216463729739, 0.0226415190846, 0.0343463234603, 0.0331557914615, 0.063950188458, 0.0602990612388, 0.024799592793, 0.0270115174353, 0.0466267950833, 0.0878978148103], "mean": [0.256806254387, 0.215566650033, 0.111369490623, 0.0714113712311, 0.0738159269094, 0.0991116240621, 0.215904995799, 0.26344332099, 0.164108812809, 0.124822467566, 0.110310032964, 0.0682385340333, 0.0534001998603, 0.0523779727519, 0.0571454204619, 0.0833890289068, 0.0884981900454, 0.0614477358758, 0.0494814887643, 0.0444623455405, 0.0643307939172, 0.169563740492, 0.212867453694, 0.170117348433, 0.198732957244, 0.164770871401, 0.0723297595978, 0.0750597268343, 0.093585498631, 0.0945241674781, 0.152788773179, 0.155422315001, 0.0779894962907, 0.0578164160252, 0.0944514796138, 0.176369726658]}, "tuning_equal_tempered_deviation": 0.220626845956, "chords_changes_rate": 0.0509818047285, "key_key": "A", "tuning_diatonic_strength": 0.492596119642, "key_scale": "minor", "chords_number_rate": 0.00162132945843, "tuning_frequency": 434.193115234, "tuning_nontempered_energy_ratio": 0.944810628891, "chords_histogram": [9.87209510803, 0.558457911015, 35.7052764893, 8.46694278717, 2.28787612915, 0.738605678082, 0, 2.88236355782, 0.504413604736, 9.49378490448, 0, 0.900738596916, 0.180147722363, 3.7650873661, 0.162132948637, 0, 0, 0, 0.0540443174541, 0, 0.59448748827, 0.144118174911, 6.68348026276, 17.0059452057], "key_strength": 0.709110856056, "chords_key": "E", "chords_strength": {"dmean2": 0.0108246179298, "median": 0.57143676281, "min": -1, "dvar2": 0.000801496324129, "dvar": 0.00042370436131, "dmean": 0.00987020693719, "max": 0.830604612827, "var": 0.0278407204896, "mean": 0.55865240097}, "chords_scale": "minor", "hpcp_entropy": {"dmean2": 1.02473819256, "median": 2.07746362686, "min": 0, "dvar2": 0.69082146883, "dvar": 0.248287647963, "dmean": 0.60571873188, "max": 4.48959541321, "var": 0.467485368252, "mean": 2.06622171402}}, "metadata": {"audio_properties": {"equal_loudness": 0, "codec": "mp3", "downmix": "mix", "sample_rate": 44100, "analysis_sample_rate": 44100, "bit_rate": 320000, "md5_encoded": "d0373f08fc0d7ded1dc1d844c274b2ef", "length": 257.697967529, "replay_gain": -11.3004283905, "lossless": false}, "version": {"essentia_build_sha": "70f2e5ece6736b2c40cc944ad0e695b16b925413", "essentia": "2.1-beta2", "extractor": "music 1.0", "essentia_git_sha": "v2.1_beta2"}, "tags": {"title": ["Into Thin Air"], "media": ["Digital Media"], "albumartist": ["Pet Shop Boys"], "musicbrainz_recordingid": ["102ed34d-9817-4c25-a481-f4538c9059a7"], "musicbrainz_albumartistid": ["be540c02-7898-4b79-9acc-c8122c7d9e83"], "album": ["Super"], "musicbrainz album release country": ["XW"], "musicbrainz album type": ["album"], "musicbrainz album status": ["official"], "date": ["2016-04-01"], "file_name": "12 - Into Thin Air.mp3", "musicbrainz_releasegroupid": ["d542454b-eda4-4867-b5fa-3f4fd9064a09"], "script": ["Latn"], "originaldate": ["2016"], "musicbrainz_albumid": ["e6a5c1ed-c7dd-4bfe-8b23-82a82878ab9c"], "artist": ["Pet Shop Boys"], "artistsort": ["Pet Shop Boys"], "tracknumber": ["12/12"], "label": ["x2 Recordings"], "albumartistsort": ["Pet Shop Boys"], "acoustid_id": ["d7608306-1db3-4f41-a48d-e5bcc0cc7f84"], "musicbrainz_artistid": ["be540c02-7898-4b79-9acc-c8122c7d9e83"]}}, "rhythm": {"bpm_histogram_first_peak_bpm": {"dmean2": 0, "median": 129, "min": 129, "dvar2": 0, "dvar": 0, "dmean": 0, "max": 129, "var": 0, "mean": 129}, "bpm": 128.014328003, "bpm_histogram_second_peak_spread": {"dmean2": 0, "median": 0.439024448395, "min": 0.439024448395, "dvar2": 0, "dvar": 0, "dmean": 0, "max": 0.439024448395, "var": 0, "mean": 0.439024448395}, "bpm_histogram_first_peak_weight": {"dmean2": 0, "median": 0.46961325407, "min": 0.46961325407, "dvar2": 0, "dvar": 0, "dmean": 0, "max": 0.46961325407, "var": 0, "mean": 0.46961325407}, "onset_rate": 4.66400766373, "beats_position": [0.476009070873, 0.975238084793, 1.47446703911, 1.97369611263, 2.47292518616, 2.97215414047, 3.47138309479, 3.97061228752, 4.5046710968, 5.0387301445, 5.5727891922, 6.10684776306, 6.64090681076, 7.17496585846, 7.70902490616, 8.24308395386, 8.77714252472, 9.35764122009, 9.93814086914, 10.5418596268, 11.1455783844, 11.749297142, 12.3414058685, 12.933514595, 13.4907932281, 14.0480718613, 14.6053514481, 15.0929698944, 15.5805892944, 16.0682086945, 16.5558280945, 17.0434455872, 17.5310649872, 17.995464325, 18.4598636627, 18.9358730316, 19.4118824005, 19.8762817383, 20.3406791687, 20.8166885376, 21.2926979065, 21.7570972443, 22.221496582, 22.6858959198, 23.1502952576, 23.614692688, 24.0907020569, 24.5667114258, 25.0311107635, 25.4955101013, 25.9599094391, 26.435918808, 26.9119262695, 27.3763256073, 27.8407249451, 28.316734314, 28.7927436829, 29.2571430206, 29.7215423584, 30.1859397888, 30.6503391266, 31.1147384644, 31.5907478333, 32.0667572021, 32.5311546326, 32.9955558777, 33.4599533081, 33.935962677, 34.4119720459, 34.8763694763, 35.3407707214, 35.8051681519, 36.2811775208, 36.7571868896, 37.2215881348, 37.6859855652, 38.1503829956, 38.6263923645, 39.0907936096, 39.5668029785, 40.0312004089, 40.4956016541, 40.9599990845, 41.4360084534, 41.9120178223, 42.3764152527, 42.8408164978, 43.3168258667, 43.7928352356, 44.257232666, 44.7216300964, 45.1860313416, 45.650428772, 46.1148300171, 46.590839386, 47.0668487549, 47.5312461853, 47.9956436157, 48.4600448608, 48.9360542297, 49.4120635986, 49.8764610291, 50.3408622742, 50.8168716431, 51.2928771973, 51.7572784424, 52.2216758728, 52.6860771179, 53.1504745483, 53.6148757935, 54.0908851624, 54.5668907166, 55.0312919617, 55.4956893921, 55.9600906372, 56.4361000061, 56.912109375, 57.3765068054, 57.8409042358, 58.3169136047, 58.7929229736, 59.2573242188, 59.7217216492, 60.1861228943, 60.6621322632, 61.1381378174, 61.6025390625, 62.0669364929, 62.531337738, 62.9957351685, 63.4601364136, 63.9361457825, 64.4121551514, 64.8765487671, 65.3409500122, 65.8053512573, 66.2813568115, 66.7573699951, 67.2217712402, 67.686164856, 68.1621780396, 68.6265716553, 69.0909729004, 69.566986084, 70.0313796997, 70.4957809448, 70.9601821899, 71.4361877441, 71.9122009277, 72.3882064819, 72.8642196655, 73.3286132812, 73.7930145264, 74.2574157715, 74.7218093872, 75.1862106323, 75.6506118774, 76.1266174316, 76.6026306152, 77.0670318604, 77.5314254761, 77.9958267212, 78.4602279663, 78.9362335205, 79.4122467041, 79.8766403198, 80.3410415649, 80.8170471191, 81.2930603027, 81.7574615479, 82.2218551636, 82.6862564087, 83.1506576538, 83.6150588989, 84.0910644531, 84.5670700073, 85.0314712524, 85.4958724976, 85.9602737427, 86.4362792969, 86.9122848511, 87.3766860962, 87.8410873413, 88.3054885864, 88.7814941406, 89.2458953857, 89.7219009399, 90.1863021851, 90.6623077393, 91.1267089844, 91.5911102295, 92.0671157837, 92.5315170288, 92.9959182739, 93.460319519, 93.9363250732, 94.4123306274, 94.8767318726, 95.3411331177, 95.8055343628, 96.281539917, 96.7459411621, 97.2103347778, 97.6863479614, 98.1623535156, 98.6383666992, 99.1027679443, 99.5671615601, 100.031562805, 100.49596405, 100.971969604, 101.447982788, 101.912376404, 102.376777649, 102.841178894, 103.305580139, 103.781585693, 104.245986938, 104.721992493, 105.186393738, 105.650794983, 106.115188599, 106.591201782, 107.067207336, 107.531608582, 107.996009827, 108.460403442, 108.936416626, 109.41242218, 109.876823425, 110.34122467, 110.805618286, 111.28163147, 111.746032715, 112.210426331, 112.686439514, 113.15083313, 113.615234375, 114.091247559, 114.567253113, 115.031654358, 115.496055603, 115.960449219, 116.436462402, 116.912467957, 117.376869202, 117.841270447, 118.305664062, 118.781677246, 119.2576828, 119.722084045, 120.186485291, 120.650878906, 121.12689209, 121.602897644, 122.067298889, 122.531700134, 122.99609375, 123.460494995, 123.936508179, 124.412513733, 124.876914978, 125.341316223, 125.805709839, 126.281723022, 126.757728577, 127.222129822, 127.686531067, 128.150924683, 128.626937866, 129.10295105, 129.567337036, 130.031738281, 130.496139526, 130.960540771, 131.424942017, 131.889343262, 132.353744507, 132.829742432, 133.305755615, 133.781768799, 134.257781982, 134.722167969, 135.186569214, 135.650970459, 136.126983643, 136.602996826, 137.067382812, 137.531784058, 137.996185303, 138.472198486, 138.936599731, 139.412597656, 139.876998901, 140.341400146, 140.805801392, 141.281814575, 141.757827759, 142.222213745, 142.68661499, 143.162628174, 143.638641357, 144.103042603, 144.567428589, 145.031829834, 145.496231079, 145.972244263, 146.448257446, 146.912643433, 147.377044678, 147.841445923, 148.305847168, 148.781860352, 149.257858276, 149.722259521, 150.186660767, 150.66267395, 151.138687134, 151.603088379, 152.067474365, 152.53187561, 152.996276855, 153.472290039, 153.948303223, 154.412689209, 154.877090454, 155.341491699, 155.805892944, 156.281906128, 156.757904053, 157.222305298, 157.686706543, 158.162719727, 158.63873291, 159.103118896, 159.567520142, 160.031921387, 160.496322632, 160.960723877, 161.436737061, 161.912734985, 162.37713623, 162.841537476, 163.329162598, 163.816772461, 164.316009521, 164.815231323, 165.302856445, 165.778869629, 166.254867554, 166.730880737, 167.218505859, 167.717727661, 168.205352783, 168.681350708, 169.157363892, 169.633377075, 170.109390259, 170.573776245, 171.03817749, 171.514190674, 171.990203857, 172.466217041, 172.942214966, 173.406616211, 173.882629395, 174.358642578, 174.846252441, 175.345489502, 175.821487427, 176.309112549, 176.796737671, 177.284347534, 177.771972656, 178.271194458, 178.75881958, 179.234832764, 179.710830688, 180.186843872, 180.651245117, 181.115646362, 181.591659546, 182.067657471, 182.532058716, 182.996459961, 183.460861206, 183.93687439, 184.401260376, 184.87727356, 185.341674805, 185.80607605, 186.270477295, 186.73487854, 187.210876465, 187.686889648, 188.151290894, 188.615692139, 189.091690063, 189.567703247, 190.032104492, 190.496505737, 190.960906982, 191.436920166, 191.912918091, 192.377319336, 192.841720581, 193.317733765, 193.793731689, 194.258132935, 194.72253418, 195.186935425, 195.65133667, 196.127349854, 196.603347778, 197.067749023, 197.532150269, 197.996551514, 198.460952759, 198.936950684, 199.412963867, 199.877365112, 200.341766357, 200.817779541, 201.293777466, 201.758178711, 202.222579956, 202.686981201, 203.151382446, 203.615783691, 204.091781616, 204.5677948, 205.032196045, 205.49659729, 205.972610474, 206.448608398, 206.913009644, 207.377410889, 207.841812134, 208.306213379, 208.782211304, 209.258224487, 209.722625732, 210.187026978, 210.651428223, 211.115829468, 211.591827393, 212.067840576, 212.532241821, 212.996643066, 213.47265625, 213.948654175, 214.41305542, 214.877456665, 215.34185791, 215.806259155, 216.28225708, 216.758270264, 217.222671509, 217.687072754, 218.151473999, 218.627471924, 219.103485107, 219.567886353, 220.032287598, 220.496688843, 220.961090088, 221.437088013, 221.901489258, 222.377502441, 222.841903687, 223.31791687, 223.793914795, 224.281539917, 224.76914978, 225.256774902, 225.756011963, 226.255233765, 226.766067505, 227.265304565, 227.787750244, 228.310195923, 228.832641602, 229.285430908, 229.738220215, 230.179412842, 230.608978271, 231.038543701, 231.479721069, 231.828018188, 232.164718628, 232.501403809, 232.838088989, 233.17477417, 233.499862671, 233.813323975, 234.126800537, 234.451873779, 234.77696228, 235.113647461, 235.46194458, 235.798629761, 236.14692688, 236.518447876, 236.889968872, 237.273101807, 237.656234741, 238.074188232, 238.492156982, 238.910110474, 239.374511719, 239.827301025, 240.280090332, 240.732879639, 241.255325317, 241.777770996, 242.381484985, 242.985214233, 243.588928223, 244.20425415, 244.807983398, 245.411697388, 246.015411377, 246.619140625, 247.222854614, 247.826568604, 248.383850098, 248.941131592, 249.498413086, 249.997634888, 250.496871948, 250.99609375, 251.483718872, 251.971328735, 252.458953857, 252.934967041, 253.410964966, 253.886978149, 254.328155518, 254.769332886, 255.210510254, 255.651702881, 256.104492188, 256.557281494, 257.010070801], "beats_loudness": {"dmean2": 0.0820446535945, "median": 0.0459855869412, "min": 0, "dvar2": 0.0067398310639, "dvar": 0.00253188493662, "dmean": 0.0446938723326, "max": 0.302344083786, "var": 0.0026496599894, "mean": 0.0618580430746}, "danceability": 1.23675239086, "bpm_histogram_second_peak_weight": {"dmean2": 0, "median": 0.0423572733998, "min": 0.0423572733998, "dvar2": 0, "dvar": 0, "dmean": 0, "max": 0.0423572733998, "var": 0, "mean": 0.0423572733998}, "beats_count": 544, "bpm_histogram_second_peak_bpm": {"dmean2": 0, "median": 123, "min": 123, "dvar2": 0, "dvar": 0, "dmean": 0, "max": 123, "var": 0, "mean": 123}, "bpm_histogram_first_peak_spread": {"dmean2": 0, "median": 0.413793087006, "min": 0.413793087006, "dvar2": 0, "dvar": 0, "dmean": 0, "max": 0.413793087006, "var": 0, "mean": 0.413793087006}, "beats_loudness_band_ratio": {"dmean2": [0.413863301277, 0.199861973524, 0.15734949708, 0.117174357176, 0.0945054739714, 0.0701832398772], "median": [0.606852173805, 0.119018048048, 0.0958652496338, 0.0549202188849, 0.0292525067925, 0.0108212325722], "min": [0, 0, 0, 0, 0, 0], "dvar2": [0.10996761173, 0.0362305901945, 0.0200520996004, 0.015738742426, 0.00832821987569, 0.00417493004352], "dvar": [0.0364561751485, 0.011864900589, 0.00765390647575, 0.00577682303265, 0.00241762003861, 0.0012769746827], "dmean": [0.233593314886, 0.112626321614, 0.0927578136325, 0.0675115957856, 0.0497993193567, 0.0363369882107], "max": [0.985902667046, 0.768087208271, 0.854566454887, 0.610218286514, 0.275381624699, 0.230628550053], "var": [0.0838401988149, 0.0205775238574, 0.0196303576231, 0.0110023869202, 0.00255844858475, 0.00126619613729], "mean": [0.564254522324, 0.160152852535, 0.140555128455, 0.0927849262953, 0.0464782193303, 0.0290085524321]}}, "lowlevel": {"barkbands_spread": {"dmean2": 9.92787647247, "median": 15.0737552643, "min": 0.289895892143, "dvar2": 149.856781006, "dvar": 66.5184326172, "dmean": 6.29773664474, "max": 125.551963806, "var": 192.795043945, "mean": 18.0926647186}, "melbands_spread": {"dmean2": 10.5031404495, "median": 13.1011629105, "min": 0.333275586367, "dvar2": 197.457962036, "dvar": 81.1351776123, "dmean": 6.4725227356, "max": 176.763442993, "var": 296.548309326, "mean": 17.166847229}, "hfc": {"dmean2": 12.01567173, "median": 17.5348167419, "min": 1.05686286062e-16, "dvar2": 337.161590576, "dvar": 150.987854004, "dmean": 8.04236125946, "max": 214.719070435, "var": 464.18649292, "mean": 22.3102226257}, "barkbands_kurtosis": {"dmean2": 11.9813575745, "median": 3.49940705299, "min": -1.91813135147, "dvar2": 1116.23352051, "dvar": 462.643798828, "dmean": 7.64856147766, "max": 483.064849854, "var": 697.82019043, "mean": 10.7162504196}, "gfcc": {"mean": [-22.0275917053, 97.3772735596, -99.010887146, 15.4935922623, -50.2369155884, 17.0946922302, -31.1454792023, 12.3874826431, -19.4145431519, 4.80637121201, -13.5423774719, 4.02825498581, -9.21300029755], "icov": [[0.000146893129568, -0.000370714697056, 0.0001997747313, -0.00050613185158, 0.000266551563982, -0.000444084900664, 0.000346745859133, -0.000292040786007, 0.000655927346088, -0.000764193362556, 0.00087492656894, -0.000656204472762, 0.000278456078377], [-0.000370714697056, 0.00196138047613, -0.000521440641023, 0.00158834736794, -0.00142526521813, 0.00131643319037, -0.00107943208423, 0.00115191377699, -0.00179932301398, 0.00261441920884, -0.00322991702706, 0.00271625863388, -0.00137621280737], [0.0001997747313, -0.000521440641023, 0.00193486816715, -0.00142844941001, 0.000122745754197, -0.00079961650772, -0.000224868097575, 0.000403406302212, -4.83394396724e-05, -0.00162068731152, 0.00184824992903, -0.00138920906466, 7.94407824287e-05], [-0.00050613185158, 0.00158834736794, -0.00142844941001, 0.00392268504947, -0.00130030093715, 0.000318272126606, -0.000425669772085, -0.000784843985457, -0.0019410320092, 0.0030602090992, -0.00281157065183, 0.00254861474968, -0.00151206227019], [0.000266551563982, -0.00142526521813, 0.000122745754197, -0.00130030093715, 0.00420867698267, -0.000327771907905, -0.00027578449226, 5.79000334255e-05, 0.00021027920593, -0.00134025153238, 0.0033945441246, -0.00117525598034, 0.000112706613436], [-0.000444084900664, 0.00131643319037, -0.00079961650772, 0.000318272126606, -0.000327771907905, 0.00673859147355, -0.00282614980824, 0.000365496147424, -0.00240548630245, 0.000634573458228, -0.00240187975578, 0.00113553029951, -0.000977395917289], [0.000346745859133, -0.00107943208423, -0.000224868097575, -0.000425669772085, -0.00027578449226, -0.00282614980824, 0.00870200525969, -0.00261308206245, 2.41968950832e-06, -0.000683318183292, -0.00146551209036, 0.000632270413917, 0.000816601153929], [-0.000292040786007, 0.00115191377699, 0.000403406302212, -0.000784843985457, 5.79000334255e-05, 0.000365496147424, -0.00261308206245, 0.0124062774703, -0.00483411503956, 0.00127706397325, -0.00277809938416, -0.00169485795777, -0.000539534434211], [0.000655927346088, -0.00179932301398, -4.83394396724e-05, -0.0019410320092, 0.00021027920593, -0.00240548630245, 2.41968950832e-06, -0.00483411503956, 0.0144784804434, -0.00764874788001, 0.00297165033408, -0.000654356612358, 2.97754813801e-05], [-0.000764193362556, 0.00261441920884, -0.00162068731152, 0.0030602090992, -0.00134025153238, 0.000634573458228, -0.000683318183292, 0.00127706397325, -0.00764874788001, 0.018777616322, -0.00928501971066, -0.000190266873688, 0.000528234348167], [0.00087492656894, -0.00322991702706, 0.00184824992903, -0.00281157065183, 0.0033945441246, -0.00240187975578, -0.00146551209036, -0.00277809938416, 0.00297165033408, -0.00928501971066, 0.0188738666475, -0.00727660302073, -0.00190378923435], [-0.000656204472762, 0.00271625863388, -0.00138920906466, 0.00254861474968, -0.00117525598034, 0.00113553029951, 0.000632270413917, -0.00169485795777, -0.000654356612358, -0.000190266873688, -0.00727660302073, 0.0203902628273, -0.006544272881], [0.000278456078377, -0.00137621280737, 7.94407824287e-05, -0.00151206227019, 0.000112706613436, -0.000977395917289, 0.000816601153929, -0.000539534434211, 2.97754813801e-05, 0.000528234348167, -0.00190378923435, -0.006544272881, 0.0188388861716]], "cov": [[32881.5664062, -1330.96252441, 586.82019043, 3503.52758789, -790.093811035, 1681.9810791, -562.475097656, 839.260009766, -204.830368042, 618.811035156, -234.922744751, 714.878112793, 43.4552192688], [-1330.96252441, 2076.39746094, -299.234893799, -704.888793945, 431.431976318, -398.797180176, 67.1931991577, -273.620513916, -68.344871521, -225.834487915, -13.284863472, -236.971481323, 4.80072975159], [586.82019043, -299.234893799, 1140.97436523, 656.47479248, 76.0571365356, 361.926422119, 189.14402771, 183.315246582, 230.44682312, 178.900131226, 83.6244659424, 110.774345398, 74.2706985474], [3503.52758789, -704.888793945, 656.47479248, 1179.77624512, -48.4406700134, 472.852722168, 98.974319458, 301.674255371, 179.96295166, 179.550750732, 76.8418655396, 155.512405396, 74.2855300903], [-790.093811035, 431.431976318, 76.0571365356, -48.4406700134, 418.025512695, -75.3158340454, 46.8735961914, -60.3256263733, 21.9285030365, -56.8189086914, -51.4581718445, -67.4748687744, 1.73737406731], [1681.9810791, -398.797180176, 361.926422119, 472.852722168, -75.3158340454, 470.419281006, 143.703109741, 197.606430054, 154.120315552, 165.691757202, 110.352745056, 117.366653442, 53.7526397705], [-562.475097656, 67.1931991577, 189.14402771, 98.974319458, 46.8735961914, 143.703109741, 250.039215088, 95.3863525391, 118.020362854, 67.4072494507, 103.25843811, 20.848487854, 35.0381469727], [839.260009766, -273.620513916, 183.315246582, 301.674255371, -60.3256263733, 197.606430054, 95.3863525391, 224.054962158, 121.175895691, 110.847702026, 92.173538208, 90.5321121216, 41.4061737061], [-204.830368042, -68.344871521, 230.44682312, 179.96295166, 21.9285030365, 154.120315552, 118.020362854, 121.175895691, 202.31187439, 109.90120697, 88.944732666, 46.7693634033, 39.5608062744], [618.811035156, -225.834487915, 178.900131226, 179.550750732, -56.8189086914, 165.691757202, 67.4072494507, 110.847702026, 109.90120697, 175.457687378, 99.9088287354, 85.4155426025, 31.8764266968], [-234.922744751, -13.284863472, 83.6244659424, 76.8418655396, -51.4581718445, 110.352745056, 103.25843811, 92.173538208, 88.944732666, 99.9088287354, 176.662826538, 68.9741973877, 51.3851127625], [714.878112793, -236.971481323, 110.774345398, 155.512405396, -67.4748687744, 117.366653442, 20.848487854, 90.5321121216, 46.7693634033, 85.4155426025, 68.9741973877, 128.386032104, 41.4191932678], [43.4552192688, 4.80072975159, 74.2706985474, 74.2855300903, 1.73737406731, 53.7526397705, 35.0381469727, 41.4061737061, 39.5608062744, 31.8764266968, 51.3851127625, 41.4191932678, 79.5094299316]]}, "spectral_energyband_middle_low": {"dmean2": 0.00710304034874, "median": 0.0102460077032, "min": 1.42522590979e-22, "dvar2": 0.000105680788693, "dvar": 4.23020173912e-05, "dmean": 0.00448807282373, "max": 0.0901779085398, "var": 9.44789499044e-05, "mean": 0.0119263464585}, "melbands_crest": {"dmean2": 6.80404758453, "median": 17.6314640045, "min": 1.58846497536, "dvar2": 36.5906906128, "dvar": 14.2507915497, "dmean": 4.18490552902, "max": 35.2301254272, "var": 48.5185012817, "mean": 17.9070186615}, "spectral_kurtosis": {"dmean2": 4.78042888641, "median": 4.19819355011, "min": -1.3081561327, "dvar2": 98.4994354248, "dvar": 37.5723876953, "dmean": 2.96974039078, "max": 118.648757935, "var": 138.888153076, "mean": 8.69901371002}, "spectral_rms": {"dmean2": 0.00179490062874, "median": 0.00605926197022, "min": 3.10674793183e-12, "dvar2": 3.50924733539e-06, "dvar": 1.60374383995e-06, "dmean": 0.00115866609849, "max": 0.0174647532403, "var": 9.88142528513e-06, "mean": 0.00624168477952}, "zerocrossingrate": {"dmean2": 0.0137284556404, "median": 0.041015625, "min": 0.001953125, "dvar2": 0.000196167835384, "dvar": 0.000149817351485, "dmean": 0.0110559910536, "max": 0.52490234375, "var": 0.00253987126052, "mean": 0.0492846444249}, "silence_rate_60dB": {"dmean2": 0.00540637969971, "median": 0, "min": 0, "dvar2": 0.00681893760338, "dvar": 0.00269579538144, "dmean": 0.002702946309, "max": 1, "var": 0.0674934834242, "mean": 0.0727927908301}, "erbbands_kurtosis": {"dmean2": 1.39784348011, "median": 0.02674305439, "min": -1.85078179836, "dvar2": 9.40132808685, "dvar": 4.41376924515, "dmean": 0.897896707058, "max": 153.031051636, "var": 12.4739580154, "mean": 0.551950633526}, "erbbands": {"dmean2": [0.805103302002, 5.69145917892, 6.58218383789, 5.65406227112, 9.22027301788, 16.2496109009, 12.7167816162, 12.8954219818, 11.9164562225, 21.9081058502, 14.6463384628, 29.0466156006, 36.8403282166, 33.8154945374, 39.5377502441, 21.399477005, 36.5293731689, 33.1106910706, 31.7907276154, 26.3711853027, 19.3506450653, 18.4780864716, 19.6526985168, 11.2242898941, 10.1161899567, 8.31178474426, 7.15444278717, 5.96683645248, 5.76494264603, 5.70686101913, 5.37539052963, 3.61623477936, 2.11759829521, 1.12018787861, 0.51150649786, 0.306749224663, 0.134778633714, 0.0175308659673, 0.00120234198403, 5.78025028517e-05], "median": [0.385478317738, 2.51219058037, 1.65664768219, 1.69304132462, 3.06538105011, 8.97598838806, 7.91315174103, 9.27281761169, 9.99321556091, 15.260093689, 8.79746341705, 17.9697990417, 19.6153869629, 13.3180112839, 16.1308097839, 9.6291475296, 9.57191467285, 12.8991107941, 9.61588287354, 8.45038414001, 6.93981456757, 6.2496509552, 8.25701522827, 5.11628723145, 3.28518390656, 3.42043638229, 3.34217214584, 2.34778785706, 2.10056018829, 1.93800830841, 1.71167516708, 1.37755095959, 0.818415820599, 0.428131103516, 0.220360070467, 0.120669491589, 0.0332395359874, 0.00421010795981, 0.00028295192169, 6.28324196441e-05], "min": [1.06981112915e-22, 7.16849137954e-22, 2.12308364428e-21, 9.18813645172e-21, 1.37153541054e-20, 9.14712961909e-21, 5.30336057616e-20, 1.16447513955e-19, 8.38548012874e-20, 2.14985688769e-19, 3.22281379824e-19, 4.5235586719e-19, 4.27978260002e-19, 5.1646758624e-19, 9.87893947356e-19, 1.60848630532e-18, 1.21131367305e-18, 1.94521302453e-18, 2.53880134761e-18, 2.82338456555e-18, 3.8508301539e-18, 4.51330132211e-18, 6.02562322833e-18, 6.84904678654e-18, 7.2232703267e-18, 6.57045152905e-18, 1.01464538196e-17, 1.02369300078e-17, 9.56271907873e-18, 1.04909323585e-17, 1.06867020212e-17, 1.06913747645e-17, 9.33618739618e-18, 8.57700102998e-18, 5.99988178126e-18, 4.63348818357e-18, 2.39755467455e-18, 9.81131952644e-19, 2.49704087589e-19, 2.65163828282e-20], "dvar2": [1.64873826504, 76.8392562866, 186.339187622, 178.851028442, 495.419494629, 684.958007812, 402.06149292, 438.521362305, 380.300140381, 1160.16027832, 756.618408203, 2788.35888672, 5636.52587891, 6278.69042969, 9338.82324219, 2232.08398438, 8313.05566406, 4953.40966797, 5077.7265625, 3553.75610352, 1726.41772461, 1791.3939209, 1527.04272461, 480.518157959, 565.821472168, 273.042572021, 196.129928589, 121.689872742, 104.659141541, 125.367767334, 162.996063232, 71.1068344116, 21.9117507935, 4.87200593948, 0.809647738934, 0.225336804986, 0.0433010049164, 0.000748550985008, 5.13412123837e-06, 1.02339132724e-08], "dvar": [0.710009694099, 38.6925086975, 86.9174728394, 70.8403320312, 178.625534058, 248.778320312, 160.561935425, 171.756622314, 160.769851685, 525.563049316, 325.677520752, 1246.12133789, 2882.32421875, 2760.22973633, 4254.69189453, 971.198120117, 3508.82128906, 2002.59326172, 2075.68603516, 1421.22509766, 756.010742188, 753.954711914, 620.556396484, 198.47328186, 228.163803101, 120.61000824, 84.2007522583, 52.6947402954, 45.4111366272, 62.4515724182, 96.7086334229, 38.3028945923, 10.882604599, 2.37632060051, 0.382164001465, 0.0941806137562, 0.0167714543641, 0.000289480551146, 1.87410046237e-06, 3.77537734408e-09], "dmean": [0.522224187851, 3.6915230751, 4.22375106812, 3.43706917763, 5.39976167679, 9.68424797058, 7.82721853256, 8.08014678955, 7.82660961151, 14.5031337738, 9.25778675079, 18.8189315796, 24.2232627869, 21.843744278, 25.511724472, 13.1292657852, 22.6435451508, 20.0901069641, 19.3753414154, 16.0088996887, 12.0027999878, 11.455663681, 12.3225488663, 7.05692720413, 6.27271461487, 5.30992889404, 4.53168058395, 3.79659247398, 3.76006007195, 3.78781867027, 3.62683367729, 2.43646740913, 1.44666242599, 0.755779504776, 0.337431430817, 0.188020527363, 0.0791185349226, 0.0102903963998, 0.000695748080034, 3.44763502653e-05], "max": [8.4237985611, 66.9477081299, 146.508209229, 139.193695068, 210.957000732, 173.52456665, 259.472869873, 213.541641235, 236.064346313, 428.040679932, 462.560974121, 851.809875488, 2335.66796875, 1626.51049805, 2756.22045898, 1441.24865723, 1926.86987305, 1283.40551758, 1021.71697998, 1163.62841797, 590.193725586, 1037.45068359, 454.959991455, 229.495956421, 523.34588623, 172.200515747, 152.529067993, 90.5740966797, 113.68321228, 287.382873535, 356.608703613, 232.663635254, 164.1902771, 53.1796951294, 17.8139724731, 6.05741453171, 2.04654288292, 0.447342067957, 0.030809879303, 0.00143731024582], "var": [1.43277978897, 80.9070281982, 130.01499939, 80.2751083374, 265.681762695, 376.65322876, 296.520904541, 354.527008057, 392.519561768, 1157.57141113, 563.256958008, 2813.01733398, 8989.05761719, 5878.62792969, 9795.15917969, 2043.76159668, 8021.75048828, 4189.04736328, 3630.36425781, 2056.20117188, 1119.15490723, 1252.31176758, 1192.34277344, 348.699432373, 354.68359375, 201.066604614, 134.340011597, 81.8190689087, 85.5951156616, 144.239593506, 248.375991821, 93.4425354004, 25.1235313416, 5.37890005112, 0.868183791637, 0.162971898913, 0.0188653580844, 0.000336766330292, 1.78909499482e-06, 6.1940075291e-09], "mean": [0.824323773384, 5.63963747025, 6.15909194946, 4.95335817337, 8.5514831543, 15.3739328384, 13.4885387421, 15.6510210037, 16.5012054443, 26.3888607025, 15.7046918869, 35.6455955505, 48.3983726501, 38.4869308472, 44.6992874146, 21.0670585632, 35.5904808044, 32.7058258057, 30.4071025848, 22.5305919647, 17.6360111237, 17.9384078979, 21.7816543579, 12.1219148636, 9.4452753067, 8.44585514069, 7.29210090637, 5.73522567749, 5.78477525711, 6.05731153488, 5.83272790909, 4.14388084412, 2.43761181831, 1.25434458256, 0.577079296112, 0.272108882666, 0.0892693325877, 0.0120955454186, 0.000842958921567, 8.35052342154e-05]}, "spectral_strongpeak": {"dmean2": 0.591274738312, "median": 0.428215742111, "min": 0, "dvar2": 1.24346530437, "dvar": 0.479926943779, "dmean": 0.348292261362, "max": 10.2030925751, "var": 0.676292657852, "mean": 0.640383780003}, "spectral_energy": {"dmean2": 0.0281521752477, "median": 0.0376325212419, "min": 9.89317948474e-21, "dvar2": 0.00129091425333, "dvar": 0.000597029051278, "dmean": 0.0182570423931, "max": 0.312643051147, "var": 0.0021773208864, "mean": 0.0500611402094}, "average_loudness": 0.834353029728, "spectral_rolloff": {"dmean2": 735.013793945, "median": 732.12890625, "min": 64.599609375, "dvar2": 1521973.25, "dvar": 628549.3125, "dmean": 430.777832031, "max": 19573.6816406, "var": 3690245.75, "mean": 1077.93188477}, "spectral_centroid": {"dmean2": 376.813293457, "median": 1017.04907227, "min": 135.328720093, "dvar2": 201241.265625, "dvar": 97360.1953125, "dmean": 242.667633057, "max": 11502.2089844, "var": 1120561.375, "mean": 1178.78137207}, "pitch_salience": {"dmean2": 0.151621520519, "median": 0.473821163177, "min": 0.0483384653926, "dvar2": 0.019489210099, "dvar": 0.00835469923913, "dmean": 0.0954560264945, "max": 0.853272438049, "var": 0.0261253286153, "mean": 0.455454409122}, "spectral_energyband_middle_high": {"dmean2": 0.00374047528021, "median": 0.00308106117882, "min": 1.06696676178e-21, "dvar2": 4.04937163694e-05, "dvar": 1.80188071681e-05, "dmean": 0.00241151708178, "max": 0.0902258902788, "var": 6.08103000559e-05, "mean": 0.00579512724653}, "spectral_contrast_coeffs": {"dmean2": [0.0864112377167, 0.0743267834187, 0.0673567131162, 0.048949226737, 0.0343175604939, 0.0256954021752], "median": [-0.650970160961, -0.728373169899, -0.739327609539, -0.789179325104, -0.805583536625, -0.794515252113], "min": [-0.982298731804, -0.975395977497, -0.978544652462, -0.971423268318, -0.968255937099, -0.96528416872], "dvar2": [0.00484663387761, 0.00365579500794, 0.00300613208674, 0.00157101661898, 0.00084839592455, 0.000465613615233], "dvar": [0.00184884516057, 0.00140570069198, 0.00119336275384, 0.000597263046075, 0.000331411371008, 0.0002070490591], "dmean": [0.0523627512157, 0.0455445460975, 0.0417086668313, 0.029688404873, 0.0209711864591, 0.0162588637322], "max": [-0.229856356978, -0.473720610142, -0.470356345177, -0.570293009281, -0.625445842743, -0.63515663147], "var": [0.0127748791128, 0.00523168034852, 0.00535696977749, 0.00272708199918, 0.00192882330157, 0.001502636238], "mean": [-0.633625507355, -0.728381633759, -0.736929178238, -0.78562015295, -0.803415954113, -0.795206069946]}, "melbands_skewness": {"dmean2": 1.67532134056, "median": 2.89376068115, "min": -1.22419130802, "dvar2": 4.01565933228, "dvar": 1.70751357079, "dmean": 1.09224140644, "max": 22.1757831573, "var": 6.9321346283, "mean": 3.48967194557}, "spectral_spread": {"dmean2": 906088.0625, "median": 4815965, "min": 665441.125, "dvar2": 1552185688060.0, "dvar": 885500149760, "dmean": 654718.1875, "max": 47087344, "var": 14284371263500.0, "mean": 5078746}, "dissonance": {"dmean2": 0.0346177592874, "median": 0.465659469366, "min": 0.196153789759, "dvar2": 0.00122677942272, "dvar": 0.000483470561448, "dmean": 0.0211002193391, "max": 0.5, "var": 0.00129414885305, "mean": 0.45528537035}, "spectral_skewness": {"dmean2": 0.46818447113, "median": 1.69317138195, "min": -0.0838530361652, "dvar2": 0.450303822756, "dvar": 0.190150544047, "dmean": 0.308465689421, "max": 8.84666824341, "var": 1.0942966938, "mean": 2.00403952599}, "spectral_flux": {"dmean2": 0.0554776340723, "median": 0.0920866057277, "min": 6.4715316439e-11, "dvar2": 0.00380930374376, "dvar": 0.00147272390313, "dmean": 0.0347110517323, "max": 0.471114754677, "var": 0.00433055590838, "mean": 0.10313604027}, "spectral_contrast_valleys": {"dmean2": [0.690199434757, 0.616297602654, 0.597883284092, 0.559379637241, 0.458586961031, 0.497656613588], "median": [-6.82142591476, -6.59366321564, -7.14273738861, -7.52300786972, -7.55412101746, -9.65141582489], "min": [-28.2203502655, -27.9528636932, -28.0237159729, -27.5836429596, -27.4773082733, -27.4475688934], "dvar2": [0.3594147861, 0.304849326611, 0.308419376612, 0.308618754148, 0.294404774904, 0.423408746719], "dvar": [0.15596601367, 0.134913742542, 0.139524504542, 0.14379234612, 0.152415990829, 0.219703406096], "dmean": [0.417662262917, 0.380871862173, 0.373100340366, 0.360134482384, 0.312805652618, 0.367516517639], "max": [-4.91372776031, -4.69115495682, -4.85930967331, -5.14363098145, -5.3380112648, -7.31322860718], "var": [7.05637311935, 4.72556257248, 4.56092119217, 4.82074165344, 5.4198179245, 6.03500795364], "mean": [-7.55602550507, -7.00439405441, -7.53368091583, -7.94673061371, -8.11454486847, -10.4263086319]}, "erbbands_flatness_db": {"dmean2": 0.0256476681679, "median": 0.132363781333, "min": 0.0513031557202, "dvar2": 0.000765098608099, "dvar": 0.000407961197197, "dmean": 0.0177281014621, "max": 0.422636687756, "var": 0.00446073384956, "mean": 0.152225792408}, "spectral_energyband_high": {"dmean2": 0.000768755679019, "median": 0.000419701536885, "min": 7.00552831703e-21, "dvar2": 1.79997380201e-06, "dvar": 9.11274696591e-07, "dmean": 0.000532596546691, "max": 0.0252459719777, "var": 2.34710910263e-06, "mean": 0.000942685990594}, "spectral_entropy": {"dmean2": 0.297110408545, "median": 7.66646337509, "min": 4.0148358345, "dvar2": 0.119751505554, "dvar": 0.0603702738881, "dmean": 0.202356874943, "max": 9.81988239288, "var": 0.44613558054, "mean": 7.51332855225}, "silence_rate_20dB": {"dmean2": 0, "median": 1, "min": 1, "dvar2": 0, "dvar": 0, "dmean": 0, "max": 1, "var": 0, "mean": 1}, "melbands_flatness_db": {"dmean2": 0.0615125522017, "median": 0.239794760942, "min": 0.00331848929636, "dvar2": 0.00395140564069, "dvar": 0.00176419492345, "dmean": 0.040794480592, "max": 0.664622724056, "var": 0.00914546009153, "mean": 0.251408159733}, "barkbands": {"dmean2": [0.00120578077622, 0.0242593027651, 0.00479280296713, 0.00204020785168, 0.00404449738562, 0.00146471324842, 0.00104957656004, 0.000769764883444, 0.00127758830786, 0.00121728610247, 0.00112299993634, 0.000481546798255, 0.000809583580121, 0.000610309478361, 0.00061556667788, 0.000376653915737, 0.000345317384927, 0.000343687599525, 0.000204088908504, 0.000175871289684, 0.00016232150665, 0.000160304858582, 0.00018727859424, 0.000143351397128, 8.27103940537e-05, 6.87665233272e-05, 6.95793869454e-06], "median": [0.000307146343403, 0.0132593624294, 0.000721616437659, 0.000489328056574, 0.00249420385808, 0.00108818034641, 0.000951896305196, 0.00040030706441, 0.00072514731437, 0.00045283586951, 0.000384330458473, 0.00017011257296, 0.000185049400898, 0.000219251262024, 0.000178083981154, 0.000118442731036, 9.57986776484e-05, 0.00014334138541, 6.64341059746e-05, 7.07091385266e-05, 7.27796505089e-05, 5.99437262281e-05, 6.18642225163e-05, 5.73527213419e-05, 3.46680462826e-05, 2.14904666791e-05, 1.56432770382e-06], "min": [4.04618295379e-25, 3.83653271582e-24, 1.09062367008e-24, 1.84188253418e-24, 4.07391871157e-24, 1.40361484441e-23, 4.78205903023e-24, 5.84039718726e-24, 1.83477734289e-23, 1.40926513953e-23, 1.9727134587e-23, 3.40500450142e-23, 2.31235941471e-23, 2.70372009399e-23, 4.7851415831e-23, 6.56172102826e-23, 6.94694642074e-23, 9.95934999575e-23, 1.20530587823e-22, 1.334294355e-22, 2.62375667191e-22, 2.58005377776e-22, 3.85884324838e-22, 5.41457616063e-22, 9.28417038408e-22, 1.25224481865e-21, 1.92454636282e-21], "dvar2": [5.54110238227e-06, 0.00128797069192, 0.000120119781059, 2.12871582335e-05, 4.753750909e-05, 5.5102495935e-06, 2.62543130702e-06, 1.70000475919e-06, 4.88663863507e-06, 7.028