{"tonal": {"thpcp": [1, 0.567261993885, 0.278567701578, 0.443828374147, 0.282201707363, 0.360432952642, 0.628373324871, 0.386306226254, 0.272256404161, 0.380965590477, 0.212115958333, 0.436541795731, 0.73879134655, 0.391431719065, 0.569831311703, 0.946337223053, 0.470583260059, 0.218104749918, 0.333816289902, 0.201031386852, 0.435310095549, 0.795047581196, 0.48898935318, 0.349271565676, 0.488573849201, 0.273994773626, 0.376791298389, 0.632451534271, 0.352325379848, 0.221328735352, 0.31887280941, 0.177111491561, 0.142074123025, 0.231927037239, 0.163971096277, 0.540070414543], "hpcp": {"dmean2": [0.156206130981, 0.100855000317, 0.0813595354557, 0.0957118570805, 0.0573027059436, 0.0502691566944, 0.0731495767832, 0.064902715385, 0.138453215361, 0.219981014729, 0.145089507103, 0.0813369899988, 0.0921053215861, 0.0642814710736, 0.0877465084195, 0.131502985954, 0.0969242826104, 0.0718453377485, 0.0820699483156, 0.0563359931111, 0.102316252887, 0.143736809492, 0.0999436303973, 0.145379781723, 0.19809229672, 0.110778391361, 0.0646946430206, 0.0793699920177, 0.0637468844652, 0.122755080462, 0.174736469984, 0.125135838985, 0.103694327176, 0.118952773511, 0.0801573619246, 0.106347002089], "median": [0.014173515141, 0.0117255374789, 0.00973039492965, 0.00961131602526, 0.00566843803972, 0.00368786929175, 0.00380054535344, 0.00551043218002, 0.0362710505724, 0.0624310150743, 0.0389763042331, 0.00676684267819, 0.00349165359512, 0.00364706804976, 0.010964024812, 0.0146398730576, 0.0139727462083, 0.00616386113688, 0.00498904613778, 0.00640271557495, 0.0108278300613, 0.0133292227983, 0.0148733416572, 0.0268634781241, 0.0364040955901, 0.0235000606626, 0.00374823901802, 0.00319836148992, 0.00434338673949, 0.0155580863357, 0.0206418149173, 0.0158844515681, 0.00770492013544, 0.00575992465019, 0.00640093628317, 0.0114521505311], "min": [0, 0, 0, 0, 0, 0, 0, 0, 0, 0, 0, 0, 0, 0, 0, 0, 0, 0, 0, 0, 0, 0, 0, 0, 0, 0, 0, 0, 0, 0, 0, 0, 0, 0, 0, 0], "dvar2": [0.0802396312356, 0.0322427712381, 0.0297386534512, 0.0447738319635, 0.0180957522243, 0.0133376140147, 0.0349207818508, 0.023336134851, 0.0391147062182, 0.102822214365, 0.0423186793923, 0.0270601268858, 0.0450012534857, 0.0195203274488, 0.026656575501, 0.0630296319723, 0.0272500868887, 0.0222612731159, 0.035629697144, 0.0136448806152, 0.0302530582994, 0.0692570284009, 0.030854864046, 0.0517349280417, 0.101633727551, 0.0278989076614, 0.0193829797208, 0.040912553668, 0.020315406844, 0.0455332845449, 0.0893185809255, 0.0497785694897, 0.047897990793, 0.0667373687029, 0.0284671355039, 0.0359032414854], "dvar": [0.0420143902302, 0.0150608820841, 0.0119578270242, 0.0208789166063, 0.00819889176637, 0.00579752167687, 0.0165317319334, 0.00932863261551, 0.0179064068943, 0.0532595999539, 0.0196283124387, 0.0115803470835, 0.02428323403, 0.00943261571229, 0.0120447091758, 0.0316473133862, 0.0118839647621, 0.0100834276527, 0.0191989410669, 0.00660595297813, 0.0154310446233, 0.0398412533104, 0.0142389414832, 0.0242467466742, 0.0552760586143, 0.0136186946183, 0.00857787765563, 0.0202508550137, 0.00867268256843, 0.0196446534246, 0.0464483611286, 0.0222718305886, 0.0193747337908, 0.0336180739105, 0.0125006167218, 0.0159810632467], "dmean": [0.0950520560145, 0.0627925470471, 0.0483607314527, 0.0582646913826, 0.0357795469463, 0.0310452990234, 0.0449283234775, 0.0380516834557, 0.0850007683039, 0.132546618581, 0.0890649333596, 0.0494621321559, 0.0564564689994, 0.0397104471922, 0.05343606323, 0.0790047720075, 0.0578764155507, 0.0443302169442, 0.0515313670039, 0.035633713007, 0.065882794559, 0.0902637094259, 0.0618685819209, 0.0884058475494, 0.120840229094, 0.0699872747064, 0.0383325219154, 0.0468442179263, 0.037669595331, 0.0743982568383, 0.104856692255, 0.076783940196, 0.0603547208011, 0.070038408041, 0.0484306290746, 0.0650152042508], "max": [1, 1, 1, 1, 1, 0.953847706318, 1, 1, 1, 1, 1, 1, 1, 1, 1, 1, 1, 1, 1, 0.892039775848, 1, 1, 1, 1, 1, 1, 1, 1, 1, 1, 1, 1, 1, 1, 1, 1], "var": [0.0918265134096, 0.028299510479, 0.0156236700714, 0.0359325520694, 0.0128264240921, 0.00832444243133, 0.0269409101456, 0.0114442100748, 0.0379193983972, 0.125299096107, 0.0416725128889, 0.0223289933056, 0.0702085644007, 0.029287667945, 0.0281856562942, 0.0925300866365, 0.0299443043768, 0.0245450660586, 0.0552425757051, 0.0156377833337, 0.0385110042989, 0.112349368632, 0.0298126041889, 0.0480426512659, 0.133226841688, 0.0314517877996, 0.0176599100232, 0.0536923594773, 0.0161151252687, 0.0354528017342, 0.114786021411, 0.0467665269971, 0.0368515998125, 0.0793854817748, 0.0226514134556, 0.0315274372697], "mean": [0.160401836038, 0.0893564671278, 0.056133210659, 0.0808722525835, 0.0449188686907, 0.0360327214003, 0.0588211417198, 0.0415862128139, 0.136972203851, 0.253619164228, 0.143868505955, 0.0706501081586, 0.112563379109, 0.0715717598796, 0.0914127007127, 0.159367516637, 0.097974665463, 0.0690494403243, 0.0966201722622, 0.0537966713309, 0.1107153669, 0.187371641397, 0.0992745831609, 0.144520133734, 0.240009248257, 0.119348935783, 0.0553155429661, 0.084662206471, 0.0509854108095, 0.110402978957, 0.201639309525, 0.124017074704, 0.0885819643736, 0.123911693692, 0.0694903284311, 0.0955614969134]}, "tuning_equal_tempered_deviation": 0, "chords_changes_rate": 0.0843091309071, "key_key": "F", "tuning_diatonic_strength": 0.368247836828, "key_scale": "major", "chords_number_rate": 0.00497658085078, "tuning_frequency": 434.946166992, "tuning_nontempered_energy_ratio": 0.596652746201, "chords_histogram": [17.9156913757, 12.4414520264, 18.8817329407, 1.05386412144, 3.16159248352, 3.07377052307, 1.84426224232, 1.02459013462, 0.175644025207, 0.848946154118, 0.0878220126033, 0, 0.468384087086, 0.0292740054429, 0, 3.1323184967, 5.06440258026, 7.11358308792, 4.06908655167, 6.58665084839, 1.49297428131, 1.58079624176, 3.01522254944, 6.93793916702], "key_strength": 0.705344557762, "chords_key": "C", "chords_strength": {"dmean2": 0.00848587043583, "median": 0.380803465843, "min": 0.120781496167, "dvar2": 6.53363458696e-05, "dvar": 7.05580532667e-05, "dmean": 0.0104961469769, "max": 0.627226233482, "var": 0.00788449589163, "mean": 0.383446574211}, "chords_scale": "major", "hpcp_entropy": {"dmean2": 0.79723161459, "median": 1.47492420673, "min": 0, "dvar2": 0.548336386681, "dvar": 0.216533899307, "dmean": 0.471783965826, "max": 3.39519333839, "var": 0.419460952282, "mean": 1.45892822742}}, "metadata": {"audio_properties": {"equal_loudness": 0, "codec": "mp3", "downmix": "mix", "sample_rate": 44100, "analysis_sample_rate": 44100, "bit_rate": 191576, "md5_encoded": "4d362cf0a1c19844c19fcb709a135db7", "length": 158.563262939, "replay_gain": -7.23950576782, "lossless": false}, "version": {"essentia_build_sha": "70f2e5ece6736b2c40cc944ad0e695b16b925413", "essentia": "2.1-beta2", "extractor": "music 1.0", "essentia_git_sha": "v2.1_beta2"}, "tags": {"title": ["Emaline"], "barcode": ["8436006492006"], "media": ["CD"], "albumartist": ["Art Tatum"], "language": ["eng"], "musicbrainz_recordingid": ["10310c38-61e1-4f91-b624-db0945d180ec"], "musicbrainz_albumartistid": ["e073f6af-d696-4340-b847-e81fabc4d55b"], "discnumber": ["1/4"], "album": ["Art Tatum: Complete Original American Decca Recordings"], "catalognumber": ["DRCD11200"], "musicbrainz album release country": ["GB"], "musicbrainz album type": ["compilation"], "musicbrainz album status": ["official"], "originaldate": ["2001"], "date": ["2001"], "file_name": "1.17. Emaline.mp3", "script": ["Latn"], "asin": ["B00005UVPF"], "musicbrainz_albumid": ["b092f1f6-fa1b-4be4-9117-d9d1a9faea5b"], "artist": ["Art Tatum"], "artistsort": ["Tatum, Art"], "tracknumber": ["11/21"], "label": ["Definitive Records"], "albumartistsort": ["Tatum, Art"], "acoustid_id": ["2f55e415-1d93-4b2a-b51a-c2ffffdeb42c"], "musicbrainz_artistid": ["e073f6af-d696-4340-b847-e81fabc4d55b"]}}, "rhythm": {"bpm_histogram_first_peak_bpm": {"dmean2": 0, "median": 123, "min": 123, "dvar2": 0, "dvar": 0, "dmean": 0, "max": 123, "var": 0, "mean": 123}, "bpm": 122.912567139, "bpm_histogram_second_peak_spread": {"dmean2": 0, "median": 0.450980365276, "min": 0.450980365276, "dvar2": 0, "dvar": 0, "dmean": 0, "max": 0.450980365276, "var": 0, "mean": 0.450980365276}, "bpm_histogram_first_peak_weight": {"dmean2": 0, "median": 0.334365338087, "min": 0.334365338087, "dvar2": 0, "dvar": 0, "dmean": 0, "max": 0.334365338087, "var": 0, "mean": 0.334365338087}, "onset_rate": 3.92859983444, "beats_position": [0.417959183455, 0.847528338432, 1.27709746361, 1.70666658878, 2.13623571396, 2.55419492722, 2.9837641716, 3.40172338486, 3.8196823597, 4.2492518425, 4.67882061005, 5.10838985443, 5.52634906769, 5.94430828094, 6.37387752533, 6.79183673859, 7.19818592072, 7.61614513397, 8.04571437836, 8.47528362274, 8.90485286713, 9.32281208038, 9.75238037109, 10.1703395844, 10.5882987976, 11.017868042, 11.4474372864, 11.8653964996, 12.2717456818, 12.6780948639, 13.0960540771, 13.5488433838, 13.9900226593, 14.4195919037, 14.8491611481, 15.3948297501, 15.9288883209, 16.4629478455, 16.99700737, 17.5310649872, 18.0767345428, 18.6224040985, 19.1564617157, 19.760181427, 20.3522891998, 20.9211788177, 21.5016784668, 22.0821762085, 22.6626758575, 23.2315635681, 23.800453186, 24.369342804, 24.9382305145, 25.4722900391, 26.0063495636, 26.5520172119, 27.0976867676, 27.6433563232, 28.1890239716, 28.7695236206, 29.3500213623, 29.9421310425, 30.5342407227, 31.1379585266, 31.7300682068, 32.3337860107, 32.9258956909, 33.5063934326, 34.0985031128, 34.5280723572, 34.9576416016, 35.3872108459, 35.8051681519, 36.2347373962, 36.6643066406, 37.0822677612, 37.5002250671, 37.9065742493, 38.3129234314, 38.730884552, 39.1372337341, 39.5435829163, 39.9615402222, 40.402721405, 40.8322906494, 41.2618598938, 41.6914291382, 42.1209983826, 42.5389556885, 42.9569168091, 43.4561424255, 43.9553718567, 44.4662132263, 44.9654426575, 45.4646720886, 45.9522895813, 46.439907074, 46.9275283813, 47.415145874, 47.8911552429, 48.3671646118, 48.8431739807, 49.3191833496, 49.7951927185, 50.2712020874, 50.7588195801, 51.2464370728, 51.7224464417, 52.1984558105, 52.6744651794, 53.1504745483, 53.6380958557, 54.1257133484, 54.6133308411, 55.1009521484, 55.6001815796, 56.0994110107, 56.5986366272, 57.1094779968, 57.6203155518, 58.1427650452, 58.6652145386, 59.1760520935, 59.6868934631, 60.1861228943, 60.6853485107, 61.1729698181, 61.6721992493, 62.1598167419, 62.6474380493, 63.135055542, 63.6226730347, 64.1102905273, 64.5979156494, 65.0855331421, 65.5731506348, 66.049156189, 66.5483856201, 67.0360107422, 67.5120162964, 67.9996337891, 68.4872512817, 68.9632644653, 69.450881958, 69.9384994507, 70.4261245728, 70.9137420654, 71.3897476196, 71.8657608032, 72.3301544189, 72.8061676025, 73.2821731567, 73.7581863403, 74.2341918945, 74.7218093872, 75.1978225708, 75.673828125, 76.1730575562, 76.6606826782, 77.1483001709, 77.6475296021, 78.1351470947, 78.6227645874, 79.1103820801, 79.5979995728, 80.0856246948, 80.5732421875, 81.0608596802, 81.5368728638, 82.012878418, 82.5004959106, 82.9881134033, 83.4757385254, 83.9633560181, 84.4509735107, 84.9385910034, 85.4262084961, 85.9138336182, 86.4014511108, 86.8890686035, 87.3650741577, 87.8526992798, 88.3403167725, 88.8279342651, 89.3155517578, 89.7915649414, 90.2791824341, 90.7551879883, 91.2312011719, 91.7188186646, 92.2180480957, 92.6940536499, 93.181678772, 93.6692962646, 94.1569137573, 94.6561431885, 95.1553726196, 95.6429901123, 96.130607605, 96.6182327271, 97.1058502197, 97.5934677124, 98.0810852051, 98.5803146362, 99.0911560059, 99.590385437, 100.07800293, 100.565620422, 101.053237915, 101.540863037, 102.02848053, 102.516098022, 103.015327454, 103.537773132, 104.06022644, 104.582672119, 105.08190155, 105.581130981, 106.091972351, 106.602806091, 107.113647461, 107.624488831, 108.123718262, 108.622947693, 109.133781433, 109.621406555, 110.109024048, 110.596641541, 111.084259033, 111.571876526, 112.059501648, 112.547119141, 113.034736633, 113.510749817, 113.986755371, 114.474372864, 114.961990356, 115.449615479, 115.937232971, 116.424850464, 116.924079895, 117.434921265, 117.945755005, 118.456596375, 118.955825806, 119.455055237, 119.942672729, 120.430290222, 120.917915344, 121.405532837, 121.89315033, 122.392379761, 122.879997253, 123.356010437, 123.832015991, 124.308021545, 124.795646667, 125.294876099, 125.79410553, 126.293327332, 126.804168701, 127.303398132, 127.802627563, 128.301864624, 128.812698364, 129.311920166, 129.822769165, 130.333602905, 130.821228027, 131.320449829, 131.81968689, 132.342132568, 132.864578247, 133.398635864, 133.932693481, 134.44354248, 134.954376221, 135.441986084, 135.941223145, 136.452056885, 136.974502563, 137.473739624, 137.972961426, 138.460586548, 138.959823608, 139.45904541, 139.958267212, 140.457504272, 140.945129395, 141.432739258, 141.908752441, 142.396362305, 142.872375488, 143.36000061, 143.847610474, 144.335235596, 144.822860718, 145.310470581, 145.798095703, 146.297317505, 146.796554565, 147.284164429, 147.771789551, 148.259414673, 148.747024536, 149.22303772, 149.699050903, 150.186660767, 150.674285889, 151.150299072, 151.637908936, 152.148742676, 152.659591675, 153.089157104, 153.530334473, 153.959899902, 154.377868652, 154.865478516, 155.353103638, 155.852325439, 156.363174438, 156.86239624, 157.361633301, 157.860855103], "beats_loudness": {"dmean2": 0.0335142277181, "median": 0.0144089870155, "min": 3.52315865371e-09, "dvar2": 0.00133961194661, "dvar": 0.000513535283972, "dmean": 0.0190777685493, "max": 0.188413009048, "var": 0.000721810327377, "mean": 0.024157224223}, "danceability": 1.18512356281, "bpm_histogram_second_peak_weight": {"dmean2": 0, "median": 0.0866873040795, "min": 0.0866873040795, "dvar2": 0, "dvar": 0, "dmean": 0, "max": 0.0866873040795, "var": 0, "mean": 0.0866873040795}, "beats_count": 324, "bpm_histogram_second_peak_bpm": {"dmean2": 0, "median": 140, "min": 140, "dvar2": 0, "dvar": 0, "dmean": 0, "max": 140, "var": 0, "mean": 140}, "bpm_histogram_first_peak_spread": {"dmean2": 0, "median": 0.446153819561, "min": 0.446153819561, "dvar2": 0, "dvar": 0, "dmean": 0, "max": 0.446153819561, "var": 0, "mean": 0.446153819561}, "beats_loudness_band_ratio": {"dmean2": [0.11701028049, 0.401218861341, 0.429605126381, 0.31476777792, 0.0112440064549, 0.00151901284698], "median": [0.0189190097153, 0.226769715548, 0.505742847919, 0.052300542593, 0.00110866501927, 9.48124798015e-05], "min": [0.000647464185022, 1.89738591416e-06, 2.65457356363e-06, 1.02152853287e-05, 1.67454982147e-05, 1.60543204402e-05], "dvar2": [0.0290501303971, 0.11255043745, 0.116129986942, 0.132778674364, 0.00132401427254, 0.000191386207007], "dvar": [0.0122522404417, 0.0399452261627, 0.042687099427, 0.0510608032346, 0.000465024699224, 8.85044792085e-05], "dmean": [0.0665829926729, 0.22928763926, 0.257374286652, 0.177591457963, 0.0061186272651, 0.000799738976639], "max": [0.999818086624, 0.91249102354, 0.991859972477, 0.993161857128, 0.181497082114, 0.168812170625], "var": [0.0267254691571, 0.0651223510504, 0.0783365666866, 0.0661636590958, 0.000294879777357, 0.000317958940286], "mean": [0.0750782340765, 0.285935789347, 0.520517349243, 0.184331640601, 0.00479369284585, 0.00220816489309]}}, "lowlevel": {"barkbands_spread": {"dmean2": 4.00569152832, "median": 3.74589562416, "min": 0.0270625147969, "dvar2": 22.002040863, "dvar": 9.73103237152, "dmean": 2.44540691376, "max": 104.643608093, "var": 113.394058228, "mean": 6.44329881668}, "melbands_spread": {"dmean2": 3.24800205231, "median": 4.71229410172, "min": 0.0277833752334, "dvar2": 26.9875125885, "dvar": 12.1699762344, "dmean": 2.07748889923, "max": 165.460388184, "var": 114.406677246, "mean": 7.35736465454}, "hfc": {"dmean2": 6.74955844879, "median": 3.61491656303, "min": 1.12331815399e-16, "dvar2": 318.999450684, "dvar": 152.373718262, "dmean": 4.91880893707, "max": 293.365814209, "var": 316.558258057, "mean": 9.87187385559}, "barkbands_kurtosis": {"dmean2": 18.9105415344, "median": 4.098072052, "min": -1.88862454891, "dvar2": 17910.4550781, "dvar": 17252.9785156, "dmean": 13.523229599, "max": 17814.2578125, "var": 263822, "mean": 34.244846344}, "gfcc": {"mean": [-206.102996826, 139.417007446, -102.101867676, -74.1968917847, -73.4743881226, -12.0843076706, -35.5456962585, 4.47550201416, -15.0607337952, 5.83338975906, -5.39673900604, 9.93361663818, -2.18176722527], "icov": [[0.000907863955945, -0.00211353250779, 0.00155033159535, 0.00104420015123, -0.000419770076405, 0.00136268534698, 7.44288699934e-05, -0.0020638233982, 0.0025134938769, -0.00342223816551, 0.00282519613393, -0.0022741407156, 0.000655885261949], [-0.00211353250779, 0.00827115215361, -0.00443769386038, 0.000411746150348, 0.00264974310994, -0.0046608815901, 0.00263126497157, 0.00526894582435, -0.00578012084588, 0.00976362451911, -0.00927268434316, 0.00811011064798, -0.00334231858142], [0.00155033159535, -0.00443769386038, 0.0090491399169, -0.00396474543959, 0.00358773721382, 0.00460841320455, -0.00146028806921, -0.00145017588511, 0.00137311697472, -0.00529971066862, 0.00633121514693, -0.00648220162839, 0.00232398835942], [0.00104420015123, 0.000411746150348, -0.00396474543959, 0.012085525319, -0.00734560424462, 0.000725722580682, 0.00389559729956, -0.00517643988132, 0.00681386655197, -0.00769501645118, 0.00631242990494, -0.00337425991893, 0.000816502200905], [-0.000419770076405, 0.00264974310994, 0.00358773721382, -0.00734560424462, 0.0223833657801, -0.0175308603793, 0.00939163193107, 0.000926608161535, -0.00675970967859, 0.0102473478764, -0.0114776585251, 0.00703959260136, -0.0030582039617], [0.00136268534698, -0.0046608815901, 0.00460841320455, 0.000725722580682, -0.0175308603793, 0.0350249409676, -0.0268116351217, 0.00657281838357, 0.0123389009386, -0.021617975086, 0.0217231065035, -0.0144044645131, 0.00437576835975], [7.44288699934e-05, 0.00263126497157, -0.00146028806921, 0.00389559729956, 0.00939163193107, -0.0268116351217, 0.0399191640317, -0.0241376776248, -0.00166037166491, 0.0212163589895, -0.023676443845, 0.017356146127, -0.00662801414728], [-0.0020638233982, 0.00526894582435, -0.00145017588511, -0.00517643988132, 0.000926608161535, 0.00657281838357, -0.0241376776248, 0.0414213575423, -0.0275094155222, 0.00455793458968, 0.0163631979376, -0.0179552473128, 0.00948749296367], [0.0025134938769, -0.00578012084588, 0.00137311697472, 0.00681386655197, -0.00675970967859, 0.0123389009386, -0.00166037166491, -0.0275094155222, 0.0502811074257, -0.0336240306497, 0.00352412764914, 0.0142095312476, -0.011906016618], [-0.00342223816551, 0.00976362451911, -0.00529971066862, -0.00769501645118, 0.0102473478764, -0.021617975086, 0.0212163589895, 0.00455793458968, -0.0336240306497, 0.056299392134, -0.0372950360179, 0.015594502911, 0.00106600171421], [0.00282519613393, -0.00927268434316, 0.00633121514693, 0.00631242990494, -0.0114776585251, 0.0217231065035, -0.023676443845, 0.0163631979376, 0.00352412764914, -0.0372950360179, 0.06019917503, -0.0438451692462, 0.0182299092412], [-0.0022741407156, 0.00811011064798, -0.00648220162839, -0.00337425991893, 0.00703959260136, -0.0144044645131, 0.017356146127, -0.0179552473128, 0.0142095312476, 0.015594502911, -0.0438451692462, 0.0550362914801, -0.0295469947159], [0.000655885261949, -0.00334231858142, 0.00232398835942, 0.000816502200905, -0.0030582039617, 0.00437576835975, -0.00662801414728, 0.00948749296367, -0.011906016618, 0.00106600171421, 0.0182299092412, -0.0295469947159, 0.0294316727668]], "cov": [[10409.8740234, 2734.28125, -982.326721191, -1927.53686523, -803.238830566, -544.442138672, -225.947921753, -289.92175293, -95.6600494385, -83.4444274902, 161.913574219, -68.079864502, 45.3129386902], [2734.28125, 1061.33728027, -96.3186416626, -563.803833008, -313.149261475, -248.741928101, -142.293762207, -172.933303833, -23.4457321167, -29.6918258667, 66.2570495605, -55.5965232849, 5.72241353989], [-982.326721191, -96.3186416626, 490.062042236, 269.238800049, -86.640838623, -140.475875854, -112.497795105, 11.8058338165, 45.0422363281, 56.4238853455, -13.6313400269, 17.4526519775, -10.3286523819], [-1927.53686523, -563.803833008, 269.238800049, 573.62097168, 205.293319702, 101.867431641, -27.3119754791, 50.7158851624, 0.72001427412, 56.1324958801, -34.8451118469, 49.1283302307, -5.39544200897], [-803.238830566, -313.149261475, -86.640838623, 205.293319702, 252.502288818, 192.255752563, 64.3240203857, 16.0983963013, -29.1100273132, -0.708521485329, -5.47346496582, 26.1531734467, 8.32983493805], [-544.442138672, -248.741928101, -140.475875854, 101.867431641, 192.255752563, 248.820007324, 149.416824341, 49.3427734375, -38.6720695496, -34.5459480286, -23.8838634491, 22.7855358124, 16.1534404755], [-225.947921753, -142.293762207, -112.497795105, -27.3119754791, 64.3240203857, 149.416824341, 205.092956543, 116.568099976, 12.0719270706, -59.3957901001, -35.2369880676, -5.28852701187, 15.1477212906], [-289.92175293, -172.933303833, 11.8058338165, 50.7158851624, 16.0983963013, 49.3427734375, 116.568099976, 160.084030151, 68.9586334229, -9.443318367, -48.045627594, -6.34516859055, 5.09401893616], [-95.6600494385, -23.4457321167, 45.0422363281, 0.72001427412, -29.1100273132, -38.6720695496, 12.0719270706, 68.9586334229, 109.901306152, 56.1570777893, -5.27498722076, -39.1125259399, -14.467218399], [-83.4444274902, -29.6918258667, 56.4238853455, 56.1324958801, -0.708521485329, -34.5459480286, -59.3957901001, -9.443318367, 56.1570777893, 107.907081604, 48.2587509155, -3.75981593132, -27.6511859894], [161.913574219, 66.2570495605, -13.6313400269, -34.8451118469, -5.47346496582, -23.8838634491, -35.2369880676, -48.045627594, -5.27498722076, 48.2587509155, 95.4906158447, 47.3940238953, 1.04499673843], [-68.079864502, -55.5965232849, 17.4526519775, 49.1283302307, 26.1531734467, 22.7855358124, -5.28852701187, -6.34516859055, -39.1125259399, -3.75981593132, 47.3940238953, 111.97605896, 60.0198249817], [45.3129386902, 5.72241353989, -10.3286523819, -5.39544200897, 8.32983493805, 16.1534404755, 15.1477212906, 5.09401893616, -14.467218399, -27.6511859894, 1.04499673843, 60.0198249817, 89.5722122192]]}, "spectral_energyband_middle_low": {"dmean2": 0.00685354322195, "median": 0.00442530540749, "min": 1.94528593254e-22, "dvar2": 0.000212147453567, "dvar": 0.00010325571202, "dmean": 0.00482981139794, "max": 0.236826241016, "var": 0.000347819761373, "mean": 0.0117593370378}, "melbands_crest": {"dmean2": 4.9786696434, "median": 16.1274433136, "min": 1.63314783573, "dvar2": 25.4285373688, "dvar": 11.5459518433, "dmean": 3.15923452377, "max": 39.9974365234, "var": 38.6027908325, "mean": 17.1060600281}, "spectral_kurtosis": {"dmean2": 20.404920578, "median": 49.816078186, "min": -1.27793562412, "dvar2": 413.915374756, "dvar": 169.025466919, "dmean": 12.813747406, "max": 185.441375732, "var": 900.753173828, "mean": 54.0792884827}, "spectral_rms": {"dmean2": 0.00101582030766, "median": 0.00259064603597, "min": 3.17019739453e-12, "dvar2": 2.07954894904e-06, "dvar": 1.09356005851e-06, "dmean": 0.00074768619379, "max": 0.0167942456901, "var": 5.05649177285e-06, "mean": 0.00317084626295}, "zerocrossingrate": {"dmean2": 0.00384532217868, "median": 0.02685546875, "min": 0, "dvar2": 9.35198695515e-05, "dvar": 5.44743779756e-05, "dmean": 0.00309506966732, "max": 0.5029296875, "var": 0.000704425852746, "mean": 0.0315413959324}, "silence_rate_60dB": {"dmean2": 0.178090214729, "median": 0, "min": 0, "dvar2": 0.166008934379, "dvar": 0.0811081454158, "dmean": 0.0890320688486, "max": 1, "var": 0.211261227727, "mean": 0.303221076727}, "erbbands_kurtosis": {"dmean2": 6.60579776764, "median": 3.91601252556, "min": -1.74907433987, "dvar2": 143.335708618, "dvar": 70.2464675903, "dmean": 4.35633659363, "max": 151.269577026, "var": 180.629150391, "mean": 8.46377182007}, "erbbands": {"dmean2": [0.00195573596284, 0.00114839035086, 0.00307115470059, 0.0151729416102, 0.287056773901, 1.37221419811, 3.18568730354, 17.9161510468, 25.9933815002, 18.4140281677, 49.8748474121, 81.5604476929, 23.1082248688, 23.4811000824, 82.4726409912, 10.4896965027, 40.3985939026, 6.8074131012, 2.0460600853, 0.574384272099, 0.251637637615, 0.137479737401, 0.151199057698, 0.0557819753885, 0.0224234052002, 0.0110410358757, 0.00492404866964, 0.0027551818639, 0.00194154598285, 0.00144102633931, 0.00118073425256, 0.00102541351225, 0.000854890793562, 0.000703594821971, 0.000511606165674, 0.000401176192099, 0.000254318118095, 8.05627496447e-05, 1.44142350109e-05, 1.1077833733e-05], "median": [0.000884282868356, 0.000694418617059, 0.00158567132894, 0.00771845504642, 0.106425851583, 0.650411844254, 1.82347035408, 4.59230470657, 5.38631153107, 8.23867988586, 11.3904666901, 9.60908508301, 5.38662719727, 3.73500919342, 3.02726650238, 1.55900382996, 0.830759704113, 0.412947326899, 0.207235991955, 0.11364518106, 0.0701182857156, 0.0433645136654, 0.0250212736428, 0.0139329712838, 0.0081952214241, 0.00520841963589, 0.00372962048277, 0.00293097225949, 0.00250076455995, 0.00221567647532, 0.00205245334655, 0.0018841070123, 0.00168978958391, 0.00147435278632, 0.00108623038977, 0.000821415567771, 0.000490099773742, 0.000164521930856, 2.64778100245e-05, 8.15664861875e-06], "min": [1.78970981404e-22, 1.74463922441e-21, 3.21827521816e-21, 7.38988215074e-21, 3.95410556623e-20, 6.04104089267e-20, 1.67465881562e-19, 7.34770579458e-20, 1.6423852008e-19, 3.71742179262e-19, 2.55083036318e-19, 5.92663741956e-19, 8.1427861125e-19, 1.43477320681e-18, 1.07864755127e-18, 2.15601566094e-18, 2.12322373991e-18, 2.63118956382e-18, 4.85287964308e-18, 5.38576635089e-18, 5.97988055405e-18, 9.08394611301e-18, 9.74390306574e-18, 9.12912258216e-18, 1.19116043072e-17, 1.26193102608e-17, 1.21057518688e-17, 1.26857775317e-17, 1.27791769762e-17, 1.40847947192e-17, 1.38613773716e-17, 1.28386289284e-17, 1.22276286602e-17, 8.53146804598e-18, 6.61567349314e-18, 4.52524498297e-18, 2.90848614774e-18, 1.0828277085e-18, 2.7212960023e-19, 2.89648826778e-20], "dvar2": [5.88193461226e-06, 3.88036824006e-06, 2.46475683525e-05, 0.000832505524158, 0.549457192421, 7.72448587418, 35.4451560974, 3234.48291016, 7368.49267578, 1682.52807617, 31806.3769531, 81552.015625, 4646.30419922, 6240.88183594, 183353.328125, 1561.66540527, 93631.21875, 2366.01733398, 404.422485352, 10.122428894, 2.28436684608, 0.66396355629, 0.823302447796, 0.255576610565, 0.0253592226654, 0.0052261822857, 0.000885431712959, 0.000157478178153, 3.9554633986e-05, 1.14814338303e-05, 5.00753139931e-06, 3.29695785695e-06, 2.00894169211e-06, 9.95826439976e-07, 7.95738458237e-07, 3.72101197854e-07, 1.57084798502e-07, 1.18597167642e-08, 2.9759766873e-10, 5.63676882948e-10], "dvar": [2.46241256718e-06, 1.42179942486e-06, 8.80655443325e-06, 0.000377421965823, 0.234716668725, 3.19520521164, 16.8038692474, 1336.82824707, 3228.48535156, 763.225585938, 16532.7851562, 41452.15625, 2089.86914062, 4504.62402344, 79960.03125, 728.328063965, 44977.21875, 1121.67248535, 233.05291748, 4.56756877899, 0.910907924175, 0.273301690817, 0.352428525686, 0.111913964152, 0.0110972700641, 0.00217944639735, 0.000340185419191, 7.11757529643e-05, 1.82609510375e-05, 5.18397246196e-06, 2.37513813772e-06, 1.53768041855e-06, 9.85605993264e-07, 4.62143219693e-07, 3.44888150039e-07, 1.68515356336e-07, 6.96882551665e-08, 5.29364863056e-09, 1.32902994165e-10, 2.72494249387e-10], "dmean": [0.00120049424004, 0.00067661027424, 0.00178911257535, 0.00958853866905, 0.188813373446, 0.885507822037, 2.22920632362, 12.2101278305, 17.8972892761, 12.2424001694, 35.0611953735, 57.5654373169, 15.6764316559, 17.9497928619, 58.6198234558, 7.61063098907, 30.725687027, 5.11032247543, 1.53503704071, 0.391408294439, 0.166957780719, 0.087948076427, 0.0999040156603, 0.0354778319597, 0.0142178181559, 0.0069289333187, 0.00305466447026, 0.00173681636807, 0.00119660585187, 0.000880381267052, 0.000726607337128, 0.000622891471721, 0.000527524680365, 0.000436917383922, 0.00032097226358, 0.000251457095146, 0.000160657582455, 5.10915233463e-05, 9.32037892198e-06, 7.93931485532e-06], "max": [0.0224847141653, 0.0475764386356, 0.107412368059, 0.542672753334, 13.4504947662, 41.7406463623, 135.034439087, 988.501281738, 1741.05029297, 862.363952637, 5912.88574219, 5346.52392578, 1345.8795166, 1909.30664062, 7262.03320312, 840.993225098, 5104.07910156, 816.345336914, 711.401611328, 84.2070770264, 50.9087791443, 21.9223079681, 15.5837526321, 16.4478397369, 3.19204378128, 2.32260656357, 0.93285292387, 0.502064585686, 0.177795514464, 0.0982500612736, 0.0609316043556, 0.0446386784315, 0.0345649309456, 0.0203319638968, 0.0206490792334, 0.0109123988077, 0.00613642064855, 0.00137302093208, 0.00021991255926, 0.000346327346051], "var": [4.0644413275e-06, 1.58472278144e-06, 1.10676437544e-05, 0.000959959230386, 0.570739209652, 6.59923267365, 83.6069107056, 3613.78027344, 10190.9677734, 2307.22705078, 43728.2109375, 112225.414062, 4291.61914062, 14271.4433594, 110056.265625, 1280.69726562, 68470.3125, 1722.88928223, 479.539245605, 6.01841068268, 0.837482333183, 0.278811454773, 0.419613718987, 0.11589448154, 0.0118749011308, 0.00208694837056, 0.000285430432996, 8.17314066808e-05, 2.30957193708e-05, 6.95357948644e-06, 3.5346729419e-06, 2.35849438468e-06, 1.64013385984e-06, 9.30081569095e-07, 5.93992069753e-07, 3.55866376367e-07, 1.55310075911e-07, 1.62917590529e-08, 4.6035561474e-10, 7.0827160803e-10], "mean": [0.00158152414951, 0.00101549818646, 0.00258969934657, 0.0178223326802, 0.336786299944, 1.60707497597, 5.13776016235, 26.2548866272, 37.9177970886, 23.8672561646, 73.0874557495, 111.553977966, 28.0709667206, 32.6709632874, 72.3022155762, 11.3922147751, 39.1686553955, 6.67874765396, 2.4762403965, 0.546735525131, 0.218636229634, 0.119648836553, 0.124511957169, 0.0425084680319, 0.0190482698381, 0.0100352661684, 0.00552138406783, 0.00385555298999, 0.0030561031308, 0.00256106560118, 0.00230531883426, 0.0020774290897, 0.00184470636304, 0.00159740808886, 0.00118281738833, 0.00091134471586, 0.000559024105314, 0.000187932950212, 3.09012975777e-05, 1.81136692845e-05]}, "spectral_strongpeak": {"dmean2": 0.941159725189, "median": 0.964149832726, "min": 0, "dvar2": 1.92432940006, "dvar": 0.990394175053, "dmean": 0.643515169621, "max": 15.5089559555, "var": 2.90555763245, "mean": 1.52286076546}, "spectral_energy": {"dmean2": 0.00959829520434, "median": 0.00687923328951, "min": 1.03014052339e-20, "dvar2": 0.000410027336329, "dvar": 0.000198257199372, "dmean": 0.00686321873218, "max": 0.289097845554, "var": 0.000527158845216, "mean": 0.0154885072261}, "average_loudness": 0.495722711086, "spectral_rolloff": {"dmean2": 169.277603149, "median": 667.529296875, "min": 21.533203125, "dvar2": 254007.203125, "dvar": 118884.960938, "dmean": 96.4176559448, "max": 18841.5527344, "var": 716678.25, "mean": 816.139648438}, "spectral_centroid": {"dmean2": 79.1458206177, "median": 565.101928711, "min": 149.850280762, "dvar2": 44760.2578125, "dvar": 23969.1503906, "dmean": 53.5890579224, "max": 11513.5, "var": 249429.265625, "mean": 666.101989746}, "pitch_salience": {"dmean2": 0.129789367318, "median": 0.505646586418, "min": 0.000813229591586, "dvar2": 0.0146204223856, "dvar": 0.00639898236841, "dmean": 0.081133313477, "max": 0.852983593941, "var": 0.0193230845034, "mean": 0.492481172085}, "spectral_energyband_middle_high": {"dmean2": 0.00315208197571, "median": 0.000380698271329, "min": 1.42480830575e-21, "dvar2": 0.000154533263412, "dvar": 7.06198916305e-05, "dmean": 0.00230158050545, "max": 0.164065405726, "var": 0.000113060923468, "mean": 0.00340207642876}, "spectral_contrast_coeffs": {"dmean2": [0.0770882070065, 0.0715758800507, 0.0642279610038, 0.0448933206499, 0.0262384712696, 0.0155178643763], "median": [-0.595373988152, -0.719341754913, -0.738868355751, -0.823320686817, -0.85568523407, -0.868108153343], "min": [-0.978988289833, -0.971648395061, -0.972044348717, -0.967210173607, -0.96248114109, -0.962475121021], "dvar2": [0.0040116077289, 0.00374434329569, 0.00316703482531, 0.00158937380183, 0.000443856260972, 0.000146012956975], "dvar": [0.00172619486693, 0.00162968540099, 0.00165987212677, 0.000814929429907, 0.000181362775038, 5.29358731001e-05], "dmean": [0.0483093895018, 0.044959474355, 0.0422254651785, 0.0285428762436, 0.0160288568586, 0.00911303795874], "max": [-0.354536950588, -0.35444766283, -0.348624318838, -0.473245322704, -0.731414735317, -0.788497209549], "var": [0.0105397151783, 0.00960950739682, 0.0108524831012, 0.00524606835097, 0.000668706255965, 0.000153419459821], "mean": [-0.605393052101, -0.711365520954, -0.719349324703, -0.809579312801, -0.852409899235, -0.868483066559]}, "melbands_skewness": {"dmean2": 1.01662135124, "median": 0.330219447613, "min": -8.29411697388, "dvar2": 3.56829953194, "dvar": 2.53946828842, "dmean": 0.685848772526, "max": 161.046829224, "var": 34.0698280334, "mean": 0.457793712616}, "spectral_spread": {"dmean2": 506282.90625, "median": 1528276.5, "min": 469851.625, "dvar2": 573163241472, "dvar": 267563417600, "dmean": 318622.03125, "max": 42709376, "var": 2952163753980.0, "mean": 1891861.5}, "dissonance": {"dmean2": 0.100694596767, "median": 0.390058964491, "min": 0.0868346765637, "dvar2": 0.0080481916666, "dvar": 0.00307307578623, "dmean": 0.059387344867, "max": 0.500000059605, "var": 0.00661847973242, "mean": 0.377357453108}, "spectral_skewness": {"dmean2": 1.09572327137, "median": 5.79495048523, "min": -0.0362346582115, "dvar2": 0.967915892601, "dvar": 0.404354602098, "dmean": 0.690213084221, "max": 11.4780550003, "var": 2.86595273018, "mean": 5.80827045441}, "spectral_flux": {"dmean2": 0.0390760749578, "median": 0.0345489829779, "min": 6.61715265915e-11, "dvar2": 0.00308536808006, "dvar": 0.00122262979858, "dmean": 0.0240333620459, "max": 0.406891852617, "var": 0.0016752013471, "mean": 0.0459181144834}, "spectral_contrast_valleys": {"dmean2": [0.670400500298, 0.600238204002, 0.594088077545, 0.502067148685, 0.308793514967, 0.175803914666], "median": [-9.95371627808, -6.82832050323, -7.95835447311, -9.30012989044, -10.4159832001, -12.6660404205], "min": [-27.8715839386, -27.5079078674, -27.3766136169, -27.5594501495, -27.4713592529, -27.3456096649], "dvar2": [0.320032775402, 0.298191577196, 0.278022706509, 0.18753734231, 0.0932555943727, 0.0379437319934], "dvar": [0.128702163696, 0.137971535325, 0.126143530011, 0.0855447202921, 0.0508655644953, 0.0248372107744], "dmean": [0.393447339535, 0.383698582649, 0.374968141317, 0.307217627764, 0.18965806067, 0.111243441701], "max": [-7.6067481041, -4.38588523865, -5.5132226944, -6.17228651047, -7.48141908646, -11.0941009521], "var": [1.12475788593, 2.31953525543, 1.80285048485, 1.22401344776, 0.742035865784, 0.517078280449], "mean": [-10.075176239, -7.03696489334, -8.11182880402, -9.38769626617, -10.4927225113, -12.7547559738]}, "erbbands_flatness_db": {"dmean2": 0.0347621366382, "median": 0.35487383604, "min": 0.0331196114421, "dvar2": 0.00147124275099, "dvar": 0.000817665481009, "dmean": 0.0245273560286, "max": 0.536823093891, "var": 0.00720082269982, "mean": 0.34753382206}, "spectral_energyband_high": {"dmean2": 3.88572374277e-07, "median": 8.9668134251e-07, "min": 7.39518046874e-21, "dvar2": 2.74754611423e-12, "dvar": 1.16715719121e-12, "dmean": 2.58773525275e-07, "max": 5.16577383678e-05, "var": 1.32003739536e-12, "mean": 1.03292734366e-06}, "spectral_entropy": {"dmean2": 0.313860803843, "median": 5.78869438171, "min": 3.97325992584, "dvar2": 0.0984717607498, "dvar": 0.0520677193999, "dmean": 0.215689763427, "max": 9.81227302551, "var": 0.490754961967, "mean": 5.8669719696}, "silence_rate_20dB": {"dmean2": 0, "median": 1, "min": 1, "dvar2": 0, "dvar": 0, "dmean": 0, "max": 1, "var": 0, "mean": 1}, "melbands_flatness_db": {"dmean2": 0.0365799851716, "median": 0.399020791054, "min": 0.00390819553286, "dvar2": 0.00138966855593, "dvar": 0.000718736031558, "dmean": 0.0249715670943, "max": 0.677242279053, "var": 0.00623601349071, "mean": 0.392210900784}, "barkbands": {"dmean2": [0.000655579438899, 1.21572811622e-05, 2.76705350188e-06, 8.7330581664e-06, 0.000311337440507, 0.00180276890751, 0.00130904081743, 0.00196856586263, 0.00299179088324, 0.000741604715586, 0.00175277132075, 0.000133499299409, 0.000796123582404, 1.78510435944e-05, 2.81159664155e-05, 7.955935871e-06, 2.42537316808e-06, 2.7279643291e-06, 5.16850150234e-07, 2.44727601739e-07, 8.20421561798e-08, 4.98781638214e-08, 4.06290681099e-08, 4.65368081848e-08, 5.99967009407e-08, 1.12056113721e-07, 5.67316398303e-08], "median": [0.000149272527779, 7.32008265913e-06, 1.13218834485e-06, 2.47753041549e-06, 0.000159258226631, 0.000525066861883, 0.000345256587025, 0.000413874455262, 0.000332076015184, 0.000111306304461, 5.8565314248e-05, 2.5509219995e-05, 1.28355895868e-05, 4.58782551505e-06, 2.65207995653e-06, 1.33426465254e-06, 7.64996343605e-07, 3.90050161059e-07, 1.97890685172e-07, 1.10337197157e-07, 8.02894675189e-08, 6.93122927942e-08, 7.21724262576e-08, 9.67985585021e-08, 1.42234284795e-07, 2.51760695846e-07, 1.04750071728e-07], "min": [3.5803560533e-24, 1.02855313583e-23, 2.55843467389e-24, 1.81596076205e-24, 2.16628067664e-23, 8.69956200708e-24, 1.30383813939e-23, 1.3127484022e-23, 3.11168045776e-23, 4.04875097213e-23, 2.33606168724e-23, 3.58452147554e-23, 4.65725744849e-23, 4.76348703571e-23, 8.92672602211e-23, 7.36651187505e-23, 1.57912535176e-22, 1.63318163509e-22, 2.0349327169e-22, 2.81624958751e-22, 3.18799012857e-22, 3.81562250602e-22, 5.49865181995e-22, 7.05194948702e-22, 8.82358365782e-22, 1.59086168352e-21, 2.07757093913e-21], "dvar2": [8.27626138289e-07, 2.42997844069e-10, 1.93395334469e-11, 2.95261731731e-10, 3.39146794204e-07, 3.22535343003e-05, 1.49022207552e-05, 4.71545063192e-05, 9.91715496639e-05, 6.68552593197e-06, 8.15653183963e-05, 2.21402970624e-07, 3.62616556231e-05, 7.06013247864e-09, 9.37608746199e-08, 2.66071076283e-09, 2.11191383825e-10, 3.02281588649e-10, 1.23106360175e-11, 2.7618612692e-12, 1.61397709975e-13, 2.06038036974e-14, 7.41059469377e-15, 6.71682727613e-15, 9.87818632231e-15, 3.22546588776e-14, 4.11374341032e-15], "dvar": [3.08064272758e-07, 9.59550633395e-11, 6.7904709633e-12, 1.20292067973e-10, 1.45156889175e-07, 1.35812724693e-05, 6.88090085532e-06, 2.46635572694e-05, 5.0529044529e-05, 4.45425621365e-06, 3.55307711288e-05, 1.34053124157e-07, 1.73599473783e-05, 3.55005758124e-09, 5.43201394976e-08, 1.07252084991e-09, 8.67566435359e-11, 1.31723534857e-10, 5.12195017302e-12, 1.15392309423e-12, 6.81414018093e-14, 9.50529700794e-15, 3.37176330083e-15, 3.32151031838e-15, 4.53163558517e-15, 1.48505695724e-14, 1.66269221766e-15], "dmean": [0.000384200830013, 7.39416100259e-06, 1.58044906584e-06, 5.26415578861e-06, 0.000204207506613, 0.00123593898024, 0.000885249697603, 0.0013719573617, 0.00209359801374, 0.000546514289454, 0.00124309526291, 9.3105052656e-05, 0.000605076143984, 1.16819237519e-05, 2.11508377106e-05, 5.25750829183e-06, 1.51516837832e-06, 1.81787493148e-06, 3.2537323591e-07, 1.52790860852e-07, 5.17186542481e-08, 3.07216758699e-08, 2.49878198133e-08, 2.8533778007e-08, 3.79657478788e-08, 7.19949682093e-08, 3.52885933808e-08], "max": [0.00547638349235, 0.00029795159935, 8.69937503012e-05, 0.000297159334878, 0.00864409282804, 0.0966261178255, 0.0886619612575, 0.225077658892, 0.179683804512, 0.0586735457182, 0.152675807476, 0.0210523530841, 0.0996522828937, 0.00290734879673, 0.0111375730485, 0.00169218436349, 0.000416313880123, 0.000324882217683, 6.57420532661e-05, 5.30606084794e-05, 1.41335012813e-05, 3.32442891704e-06, 2.51061533163e-06, 2.12433178604e-06, 2.07829407373e-06, 2.91024662147e-06, 6.95809035278e-07], "var": [3.11737778702e-07, 1.46470890972e-10, 8.69199850984e-12, 2.29097782412e-10, 3.30706313889e-07, 3.59682890121e-05, 2.4530405426e-05, 6.8030138209e-05, 0.000141894313856, 1.33999183163e-05, 4.90128004458e-05, 3.85012356219e-07, 2.64857535512e-05, 5.69709879272e-09, 1.12543951047e-07, 9.94439419699e-10, 8.69051219876e-11, 1.55935722668e-10, 5.10235603768e-12, 1.10036741004e-12, 7.10512581387e-14, 1.23451977333e-14, 4.67533641874e-15, 5.41926893917e-15, 8.77138022859e-15, 3.57826222537e-14, 6.5047293791e-15], "mean": [0.000351966242306, 1.08979893412e-05, 2.03974877877e-06, 7.90981539467e-06, 0.000381853227736, 0.002662