{"tonal": {"thpcp": [1, 0.900976538658, 0.566179096699, 0.325871258974, 0.308765619993, 0.391692280769, 0.454130083323, 0.414471834898, 0.380175352097, 0.555733978748, 0.714526176453, 0.711722493172, 0.697243869305, 0.661408782005, 0.687083542347, 0.683203756809, 0.509696722031, 0.315063476562, 0.252292871475, 0.317488282919, 0.487031579018, 0.677725732327, 0.699842751026, 0.546085953712, 0.437931776047, 0.517826914787, 0.705700874329, 0.792561769485, 0.678819596767, 0.507283747196, 0.417832911015, 0.383810341358, 0.395098775625, 0.443261891603, 0.587333500385, 0.833498597145], "hpcp": {"dmean2": [0.255677759647, 0.223401725292, 0.158347472548, 0.127977594733, 0.159584000707, 0.22435708344, 0.262568891048, 0.283848792315, 0.253816127777, 0.23095202446, 0.258929401636, 0.295500457287, 0.314962923527, 0.301760911942, 0.244833797216, 0.197625055909, 0.191212981939, 0.215882375836, 0.231887742877, 0.270708680153, 0.321613460779, 0.344310075045, 0.365917682648, 0.294330745935, 0.200762853026, 0.170608967543, 0.163698866963, 0.190604001284, 0.204081580043, 0.199279025197, 0.249020934105, 0.297481387854, 0.306127101183, 0.2881706357, 0.267223209143, 0.254702657461], "median": [0.0906925424933, 0.0740916728973, 0.0472020097077, 0.0352795161307, 0.0472916960716, 0.0769923329353, 0.104756951332, 0.117307133973, 0.086861602962, 0.0597506165504, 0.0758395940065, 0.120978854597, 0.137030243874, 0.114672198892, 0.0699900314212, 0.0407966375351, 0.0400069691241, 0.0435992889106, 0.0560322366655, 0.0886289179325, 0.152857229114, 0.205090582371, 0.17983160913, 0.092339001596, 0.0462368167937, 0.0348515249789, 0.0351369120181, 0.0430261045694, 0.0457076504827, 0.0497999377549, 0.0642151385546, 0.102670527995, 0.137282773852, 0.134445726871, 0.114778965712, 0.10045812279], "min": [0, 0, 0, 0, 0, 0, 0, 0, 0, 0, 0, 0, 0, 0, 0, 0, 0, 0, 0, 0, 0, 0, 0, 0, 0, 0, 0, 0, 0, 0, 0, 0, 0, 0, 0, 0], "dvar2": [0.0988471135497, 0.0816589444876, 0.0503778904676, 0.0417820140719, 0.0616127662361, 0.0831513628364, 0.099353171885, 0.106732770801, 0.0988998636603, 0.0988774970174, 0.105714395642, 0.108794897795, 0.11591912806, 0.120411962271, 0.100794814527, 0.0864303037524, 0.0798069238663, 0.101694233716, 0.100984461606, 0.109405308962, 0.119438841939, 0.124173790216, 0.138301670551, 0.114834651351, 0.0787159800529, 0.0657860264182, 0.064875036478, 0.0807384476066, 0.0894733220339, 0.0737101957202, 0.106266409159, 0.129634931684, 0.109154962003, 0.100521281362, 0.0904536694288, 0.0908827185631], "dvar": [0.0397179983556, 0.0329134128988, 0.0196024142206, 0.0156095102429, 0.0229882132262, 0.031778190285, 0.0397063195705, 0.0422433428466, 0.0395104922354, 0.0373821221292, 0.0406508035958, 0.0433978401124, 0.0480429492891, 0.0482156574726, 0.0389408171177, 0.0336945876479, 0.0319205112755, 0.0379616469145, 0.0385164953768, 0.0417771674693, 0.0461582951248, 0.0483646951616, 0.0554133206606, 0.043743185699, 0.02862900123, 0.0248682312667, 0.0259345322847, 0.0316832847893, 0.0353066213429, 0.0283902734518, 0.0410076230764, 0.0517599694431, 0.042428497225, 0.0398561395705, 0.0364856868982, 0.036974914372], "dmean": [0.150785088539, 0.132298380136, 0.0928589701653, 0.0748939365149, 0.0931454822421, 0.1313187778, 0.154144600034, 0.166371166706, 0.151059433818, 0.134962484241, 0.150106042624, 0.175610154867, 0.185610324144, 0.178521379828, 0.143035516143, 0.115564547479, 0.112216159701, 0.125266462564, 0.133977726102, 0.157418653369, 0.187693953514, 0.203405067325, 0.215770184994, 0.170275434852, 0.113364100456, 0.0992049723864, 0.0969886109233, 0.112527623773, 0.118693493307, 0.115199051797, 0.144976258278, 0.173086583614, 0.180330917239, 0.170166701078, 0.157396480441, 0.152092352509], "max": [1, 1, 1, 1, 1, 1, 1, 1, 1, 1, 1, 1, 1, 1, 1, 1, 1, 1, 1, 1, 1, 1, 1, 1, 1, 1, 1, 1, 1, 1, 1, 1, 1, 1, 1, 1], "var": [0.0829751640558, 0.0490490719676, 0.0226833000779, 0.0171346273273, 0.0262792240828, 0.044370688498, 0.0767975226045, 0.0720258280635, 0.0534182041883, 0.0422422774136, 0.0520277284086, 0.0764689594507, 0.0855364277959, 0.0685398355126, 0.0513957701623, 0.0495339147747, 0.0443362481892, 0.0436363108456, 0.0464266054332, 0.0606741793454, 0.088415145874, 0.102871187031, 0.0897523537278, 0.0520659834146, 0.0266862232238, 0.0272461716086, 0.0469407141209, 0.0568605735898, 0.0460809096694, 0.0335664264858, 0.0651231706142, 0.0886912569404, 0.0652975961566, 0.0658776015043, 0.0641187801957, 0.0780769586563], "mean": [0.226017996669, 0.168618261814, 0.104229539633, 0.0834637209773, 0.105031713843, 0.161120161414, 0.224205747247, 0.231522515416, 0.180656582117, 0.144876927137, 0.171307891607, 0.233460500836, 0.262195885181, 0.224567621946, 0.167820006609, 0.138227805495, 0.126972436905, 0.130706876516, 0.146640241146, 0.194302126765, 0.275738656521, 0.330820769072, 0.29806175828, 0.187303811312, 0.107804976404, 0.102146081626, 0.129579946399, 0.150235667825, 0.137115895748, 0.125769898295, 0.183848336339, 0.23638010025, 0.235452592373, 0.230662748218, 0.218807756901, 0.227301508188]}, "tuning_equal_tempered_deviation": 0.174204662442, "chords_changes_rate": 0.0927431508899, "key_key": "A", "tuning_diatonic_strength": 0.621707081795, "key_scale": "major", "chords_number_rate": 0.00331225525588, "tuning_frequency": 432.191345215, "tuning_nontempered_energy_ratio": 0.888381361961, "chords_histogram": [24.2095756531, 13.4899129868, 9.99698925018, 0.391448348761, 1.47545921803, 0, 0, 0, 0.933453798294, 0.602228224277, 8.40108394623, 6.0222826004, 0.451671183109, 0, 0, 0, 0.692562460899, 2.01746463776, 8.28063869476, 17.5549526215, 1.35501360893, 0.933453798294, 0.301114112139, 2.8906955719], "key_strength": 0.735323250294, "chords_key": "A", "chords_strength": {"dmean2": 0.0163573473692, "median": 0.584914147854, "min": -1, "dvar2": 0.00163421733305, "dvar": 0.000841688248329, "dmean": 0.0139501234517, "max": 0.821808695793, "var": 0.0246932562441, "mean": 0.574419498444}, "chords_scale": "major", "hpcp_entropy": {"dmean2": 1.11983120441, "median": 2.33704137802, "min": 0, "dvar2": 0.791044771671, "dvar": 0.294683516026, "dmean": 0.663404107094, "max": 4.47888422012, "var": 0.645051717758, "mean": 2.29676818848}}, "metadata": {"audio_properties": {"equal_loudness": 0, "codec": "mp3", "downmix": "mix", "sample_rate": 44100, "analysis_sample_rate": 44100, "bit_rate": 192000, "md5_encoded": "6f02539fb13797449e41cec0217336ba", "length": 154.174697876, "replay_gain": -11.1986408234, "lossless": false}, "version": {"essentia_build_sha": "70f2e5ece6736b2c40cc944ad0e695b16b925413", "essentia": "2.1-beta2", "extractor": "music 1.0", "essentia_git_sha": "v2.1_beta2"}, "tags": {"title": ["So Bashiya Ba Hlala Ekhaya"], "barcode": ["5099747630323"], "media": ["CD-R"], "albumartist": ["Djavan"], "length": ["154213"], "musicbrainz_recordingid": ["10413b7f-e862-48d6-b721-242081387b55"], "musicbrainz_albumartistid": ["751e517d-9663-4692-8c20-942e16d484c5"], "discnumber": ["1/1"], "album": ["Meu Lado"], "musicbrainz album release country": ["BR"], "musicbrainz album type": ["album"], "musicbrainz album status": ["official"], "file_name": "10 So Bashiya Ba Hlala Ekhaya.mp3", "date": ["1986"], "genre": ["MPB"], "script": ["Latn"], "originaldate": ["1986"], "musicbrainz_albumid": ["6f9cb112-78ca-411a-84b6-04a50945bf5b"], "artist": ["Djavan"], "artistsort": ["Djavan"], "tracknumber": ["10/10"], "label": ["Sony BMG Music Entertainment"], "albumartistsort": ["Djavan"], "acoustid_id": ["786e3758-6772-4163-b76c-3c39e65e11d9"], "musicbrainz_artistid": ["751e517d-9663-4692-8c20-942e16d484c5"]}}, "rhythm": {"bpm_histogram_first_peak_bpm": {"dmean2": 0, "median": 129, "min": 129, "dvar2": 0, "dvar": 0, "dmean": 0, "max": 129, "var": 0, "mean": 129}, "bpm": 129.56690979, "bpm_histogram_second_peak_spread": {"dmean2": 0, "median": 0, "min": 0, "dvar2": 0, "dvar": 0, "dmean": 0, "max": 0, "var": 0, "mean": 0}, "bpm_histogram_first_peak_weight": {"dmean2": 0, "median": 0.634441077709, "min": 0.634441077709, "dvar2": 0, "dvar": 0, "dmean": 0, "max": 0.634441077709, "var": 0, "mean": 0.634441077709}, "onset_rate": 3.81991004944, "beats_position": [0.452789098024, 0.917188167572, 1.369977355, 1.83437633514, 2.29877543449, 2.76317453384, 3.23918366432, 3.7151927948, 4.19120168686, 4.66721057892, 5.15482997894, 5.61922883987, 6.08362817764, 6.54802703857, 7.01242637634, 7.46521520615, 7.92961454391, 8.38240337372, 8.84680271149, 9.29959201813, 9.75238037109, 10.2167797089, 10.6811790466, 11.1455783844, 11.6099767685, 12.0743761063, 12.538775444, 13.0031747818, 13.4675731659, 13.9319725037, 14.4079818726, 14.8723802567, 15.3483896255, 15.8127889633, 16.2771873474, 16.7415866852, 17.2059860229, 17.6703853607, 18.1347846985, 18.5875740051, 19.0635814667, 19.5279808044, 19.9923801422, 20.4451694489, 20.9095687866, 21.3623580933, 21.826757431, 22.2911567688, 22.7555541992, 23.2083435059, 23.6727428436, 24.1255321503, 24.5783214569, 25.0311107635, 25.4955101013, 25.948299408, 26.4126987457, 26.865486145, 27.3298854828, 27.7942848206, 28.2586841583, 28.7230834961, 29.1758728027, 29.6286621094, 30.0930614471, 30.5574588776, 31.0218582153, 31.4862575531, 31.9506568909, 32.4150543213, 32.8794555664, 33.3438529968, 33.8082542419, 34.2726516724, 34.7370529175, 35.2014503479, 35.6658477783, 36.1302490234, 36.5946464539, 37.059047699, 37.5234451294, 37.9878463745, 38.4522438049, 38.91664505, 39.3926506042, 39.8454399109, 40.309841156, 40.7626304626, 41.2270278931, 41.6798171997, 42.1442184448, 42.5970077515, 43.0614051819, 43.5141944885, 43.9785919189, 44.4197731018, 44.8841705322, 45.3485717773, 45.8245811462, 46.3005905151, 46.7765960693, 47.2409973145, 47.7053947449, 48.1581840515, 48.6341934204, 49.0985946655, 49.5746040344, 50.0390014648, 50.5033988953, 50.9678001404, 51.4321975708, 51.8965988159, 52.3609962463, 52.813785553, 53.2781867981, 53.73097229, 54.1953735352, 54.6481628418, 55.1125602722, 55.5653495789, 56.029750824, 56.4825401306, 56.946937561, 57.3997268677, 57.8641242981, 58.3169136047, 58.7697029114, 59.222492218, 59.6868934631, 60.1396827698, 60.6040802002, 61.0684814453, 61.5444869995, 61.9972763062, 62.4616775513, 62.9028549194, 63.3788642883, 63.8432655334, 64.3192749023, 64.7836685181, 65.2480697632, 65.6892471313, 66.1536483765, 66.6180496216, 67.0940551758, 67.5584564209, 68.0344696045, 68.4872512817, 68.9516525269, 69.416053772, 69.8804550171, 70.3564605713, 70.8208618164, 71.273651123, 71.7380523682, 72.1908340454, 72.6552352905, 73.1080245972, 73.5840377808, 74.0484313965, 74.5128326416, 74.9656219482, 75.4300231934, 75.8828125, 76.3472061157, 76.8116073608, 77.276008606, 77.7171859741, 78.1815872192, 78.6459884644, 79.1103820801, 79.5631713867, 80.0275726318, 80.4803619385, 80.9447631836, 81.4091567993, 81.8735580444, 82.3379592896, 82.8023605347, 83.2667541504, 83.7311553955, 84.1723327637, 84.6367340088, 85.1011352539, 85.5655288696, 86.0299301147, 86.5175476074, 86.9819488525, 87.4463500977, 87.9107437134, 88.386756897, 88.8511581421, 89.3271636963, 89.8031692505, 90.2791824341, 90.7435836792, 91.2079772949, 91.6607666016, 92.1367797852, 92.5895690918, 93.065574646, 93.5299758911, 93.9943771362, 94.4471664429, 94.9115600586, 95.3643493652, 95.8171386719, 96.2699279785, 96.7343292236, 97.1987304688, 97.6631240845, 98.1275253296, 98.5919265747, 99.0447158813, 99.497505188, 99.9619064331, 100.426300049, 100.879089355, 101.343490601, 101.796279907, 102.260681152, 102.725074768, 103.189476013, 103.653877258, 104.118278503, 104.582672119, 105.047073364, 105.499862671, 105.964263916, 106.417053223, 106.881446838, 107.345848083, 107.810249329, 108.274642944, 108.750656128, 109.203445435, 109.66784668, 110.132240295, 110.596641541, 111.061042786, 111.525436401, 111.989837646, 112.454238892, 112.907028198, 113.359817505, 113.82421875, 114.288612366, 114.753013611, 115.217414856, 115.681808472, 116.146209717, 116.610610962, 117.075012207, 117.539405823, 118.003807068, 118.456596375, 118.92099762, 119.385391235, 119.861404419, 120.314193726, 120.79019928, 121.242988586, 121.695777893, 122.160179138, 122.624580383, 123.07736969, 123.553375244, 124.006164551, 124.482177734, 124.94657135, 125.422584534, 125.886978149, 126.362991333, 126.827392578, 127.291786194, 127.756187439, 128.220581055, 128.6849823, 129.149383545, 129.602172852, 130.054962158, 130.519363403, 130.983764648, 131.436553955, 131.889343262, 132.353744507, 132.818145752, 133.282531738, 133.746932983, 134.211334229, 134.675735474, 135.12852478, 135.581314087, 136.045715332, 136.510116577, 136.974502563, 137.438903809, 137.903305054, 138.367706299, 138.832107544, 139.296508789, 139.749298096, 140.202087402, 140.666488647, 141.130874634, 141.58366394, 142.036453247, 142.500854492, 142.965255737, 143.429656982, 143.894058228, 144.346847534, 144.811248779, 145.264038086, 145.728439331, 146.192825317, 146.657226562, 147.121627808, 147.586029053, 148.050430298, 148.514831543, 148.990829468, 149.466842651, 149.931243896, 150.395645142, 150.860046387, 151.324447632, 151.800445557, 152.27645874, 152.752471924, 153.228485107, 153.704483032], "beats_loudness": {"dmean2": 0.0286420732737, "median": 0.032071352005, "min": 0, "dvar2": 0.000636729702819, "dvar": 0.000205764052225, "dmean": 0.0155813265592, "max": 0.102487795055, "var": 0.000280217936961, "mean": 0.0333427935839}, "danceability": 1.28991687298, "bpm_histogram_second_peak_weight": {"dmean2": 0, "median": 0.0151057401672, "min": 0.0151057401672, "dvar2": 0, "dvar": 0, "dmean": 0, "max": 0.0151057401672, "var": 0, "mean": 0.0151057401672}, "beats_count": 332, "bpm_histogram_second_peak_bpm": {"dmean2": 0, "median": 136, "min": 136, "dvar2": 0, "dvar": 0, "dmean": 0, "max": 136, "var": 0, "mean": 136}, "bpm_histogram_first_peak_spread": {"dmean2": 0, "median": 0.351851820946, "min": 0.351851820946, "dvar2": 0, "dvar": 0, "dmean": 0, "max": 0.351851820946, "var": 0, "mean": 0.351851820946}, "beats_loudness_band_ratio": {"dmean2": [0.384507626295, 0.149709314108, 0.220904752612, 0.326093703508, 0.125067144632, 0.0668083578348], "median": [0.377163887024, 0.104946032166, 0.0939035341144, 0.117717765272, 0.0777108371258, 0.0500854663551], "min": [0, 0, 0, 0, 0, 0], "dvar2": [0.0810833051801, 0.0167171321809, 0.0495564714074, 0.097933344543, 0.0132115539163, 0.00962886400521], "dvar": [0.0267107840627, 0.00610155286267, 0.0186983589083, 0.0338929258287, 0.00545349204913, 0.00445020664483], "dmean": [0.211828693748, 0.0862002149224, 0.124194681644, 0.188530802727, 0.0740292146802, 0.0388017967343], "max": [0.899076938629, 0.553987979889, 0.921261489391, 0.896610975266, 0.573800861835, 0.736602425575], "var": [0.0588284991682, 0.00909634772688, 0.0195136349648, 0.0507175624371, 0.00757232075557, 0.00442588841543], "mean": [0.397012501955, 0.12327490747, 0.1370703578, 0.23580300808, 0.10614913702, 0.0599811449647]}}, "lowlevel": {"barkbands_spread": {"dmean2": 8.62200737, "median": 13.7436561584, "min": 0.975152730942, "dvar2": 121.812591553, "dvar": 51.9035797119, "dmean": 5.58137750626, "max": 116.281028748, "var": 190.995635986, "mean": 17.4963169098}, "melbands_spread": {"dmean2": 13.0437250137, "median": 20.4973907471, "min": 1.03730463982, "dvar2": 245.995178223, "dvar": 100.475662231, "dmean": 8.08999538422, "max": 206.655227661, "var": 328.255157471, "mean": 24.5365428925}, "hfc": {"dmean2": 8.98270988464, "median": 14.8766136169, "min": 1.05613652987e-16, "dvar2": 149.056518555, "dvar": 71.4561233521, "dmean": 6.54555606842, "max": 126.81061554, "var": 368.454925537, "mean": 20.4305610657}, "barkbands_kurtosis": {"dmean2": 3.80853128433, "median": 1.28026390076, "min": -1.87174713612, "dvar2": 58.7632598877, "dvar": 23.8831615448, "dmean": 2.37183141708, "max": 142.20489502, "var": 36.31665802, "mean": 2.77242588997}, "gfcc": {"mean": [-66.9133682251, 86.1080627441, -152.632049561, 13.7030134201, -59.621131897, 9.65719127655, -27.9090518951, 12.6988124847, -30.6280002594, 2.625259161, -16.5366077423, -5.16221952438, -8.11442565918], "icov": [[0.000242275200435, -0.000560413114727, 0.000741480092984, -0.0005265903892, 0.000813733262476, -0.000907848007046, 0.000591447227634, -0.000646379310638, 0.00044390631956, -0.000264953298029, 0.000350041227648, -6.01800311415e-05, 0.000142685574247], [-0.000560413114727, 0.00237415893935, -0.00159959623124, 0.00089862011373, -0.00176218803972, 0.00271590007469, -0.00235976674594, 0.0018701547524, -0.000804693670943, 0.00111650757026, -0.000966537627392, 0.000534190156031, -0.000182053423487], [0.000741480092984, -0.00159959623124, 0.00351553084329, -0.00225655175745, 0.00218497379683, -0.00226636952721, 0.00159542204347, -0.00214502424933, 0.00152244733181, -0.000582722830586, 0.00143224967178, -0.00203547719866, 0.00222743256018], [-0.0005265903892, 0.00089862011373, -0.00225655175745, 0.00354189774953, -0.00353244389407, 0.00153247069102, 0.000746928097215, -1.94726635527e-06, -0.000794016465079, 0.00114026956726, -0.000881882268004, -7.84313378972e-05, 0.000591942982282], [0.000813733262476, -0.00176218803972, 0.00218497379683, -0.00353244389407, 0.0097014894709, -0.00510669033974, -0.000227904834901, 0.00121194799431, -0.000936743046623, -0.00083296810044, 0.00234591774642, 0.00095077441074, -0.00163061160129], [-0.000907848007046, 0.00271590007469, -0.00226636952721, 0.00153247069102, -0.00510669033974, 0.00988630577922, -0.00615424476564, 0.00238020159304, -8.95569319255e-05, 0.000548899173737, -0.000197278597625, -0.000454637338407, 0.000137667448143], [0.000591447227634, -0.00235976674594, 0.00159542204347, 0.000746928097215, -0.000227904834901, -0.00615424476564, 0.0104801040143, -0.00374449347146, 0.000831415236462, 0.0015935372794, -0.00205464544706, 0.000124696423882, 0.0015742831165], [-0.000646379310638, 0.0018701547524, -0.00214502424933, -1.94726635527e-06, 0.00121194799431, 0.00238020159304, -0.00374449347146, 0.0128309670836, -0.00549785932526, -0.00076879223343, -0.00128307263367, 0.00210555968806, -0.00143323838711], [0.00044390631956, -0.000804693670943, 0.00152244733181, -0.000794016465079, -0.000936743046623, -8.95569319255e-05, 0.000831415236462, -0.00549785932526, 0.0102585740387, -0.00363016873598, 0.00291242683306, -0.000406416947953, -0.000949460780248], [-0.000264953298029, 0.00111650757026, -0.000582722830586, 0.00114026956726, -0.00083296810044, 0.000548899173737, 0.0015935372794, -0.00076879223343, -0.00363016873598, 0.0173751357943, -0.00609699916095, 0.000599744496867, 0.00214141514152], [0.000350041227648, -0.000966537627392, 0.00143224967178, -0.000881882268004, 0.00234591774642, -0.000197278597625, -0.00205464544706, -0.00128307263367, 0.00291242683306, -0.00609699916095, 0.0122580146417, -0.00333302235231, 0.000142760967719], [-6.01800311415e-05, 0.000534190156031, -0.00203547719866, -7.84313378972e-05, 0.00095077441074, -0.000454637338407, 0.000124696423882, 0.00210555968806, -0.000406416947953, 0.000599744496867, -0.00333302235231, 0.0143149532378, -0.00726547744125], [0.000142685574247, -0.000182053423487, 0.00222743256018, 0.000591942982282, -0.00163061160129, 0.000137667448143, 0.0015742831165, -0.00143323838711, -0.000949460780248, 0.00214141514152, 0.000142760967719, -0.00726547744125, 0.016416888684]], "cov": [[26682.1621094, 2495.14526367, -3838.29296875, -164.101165771, -776.21282959, 417.401245117, 9.15127754211, 287.816040039, -323.873931885, 44.6962547302, 20.9777584076, -501.555511475, 19.3977737427], [2495.14526367, 1149.84545898, -81.369468689, 33.1023445129, 17.0665836334, -9.20589256287, 131.359024048, -40.9658317566, -64.2450714111, -53.8718910217, 20.2911281586, -52.1681365967, -33.4418258667], [-3838.29296875, -81.369468689, 1581.0682373, 659.706176758, 132.287994385, -64.220993042, -111.989936829, 6.08371305466, -1.61542236805, -35.6622161865, -58.3709144592, 133.095489502, -116.930305481], [-164.101165771, 33.1023445129, 659.706176758, 908.339904785, 199.956970215, -0.236835226417, -136.845932007, 31.1995449066, 34.1298599243, -31.6399917603, -76.7091140747, 32.27085495, -63.7079429626], [-776.21282959, 17.0665836334, 132.287994385, 199.956970215, 313.840637207, 148.863128662, 83.1950149536, -44.1147384644, 33.7534599304, -32.1425209045, -50.1325073242, -0.567147135735, 6.20149707794], [417.401245117, -9.20589256287, -64.220993042, -0.236835226417, 148.863128662, 314.810821533, 167.643539429, -23.9797744751, -25.0194187164, -22.6911888123, -10.6837100983, -8.78614711761, -3.31411218643], [9.15127754211, 131.359024048, -111.989936829, -136.845932007, 83.1950149536, 167.643539429, 262.307556152, -1.10080301762, -13.9105911255, -18.7246360779, 33.2734336853, -17.359336853, -3.2201666832], [287.816040039, -40.9658317566, 6.08371305466, 31.1995449066, -44.1147384644, -23.9797744751, -1.10080301762, 138.757125854, 62.6079444885, 26.442243576, 7.11273193359, -13.5227947235, -2.74213624001], [-323.873931885, -64.2450714111, -1.61542236805, 34.1298599243, 33.7534599304, -25.0194187164, -13.9105911255, 62.6079444885, 164.413589478, 28.1198158264, -22.4692611694, -5.15388202667, 15.2085008621], [44.6962547302, -53.8718910217, -35.6622161865, -31.6399917603, -32.1425209045, -22.6911888123, -18.7246360779, 26.442243576, 28.1198158264, 83.8780288696, 36.3810882568, -1.80252790451, -4.33346939087], [20.9777584076, 20.2911281586, -58.3709144592, -76.7091140747, -50.1325073242, -10.6837100983, 33.2734336853, 7.11273193359, -22.4692611694, 36.3810882568, 129.382888794, 23.5338878632, 6.51375150681], [-501.555511475, -52.1681365967, 133.095489502, 32.27085495, -0.567147135735, -8.78614711761, -17.359336853, -13.5227947235, -5.15388202667, -1.80252790451, 23.5338878632, 113.990989685, 35.2406196594], [19.3977737427, -33.4418258667, -116.930305481, -63.7079429626, 6.20149707794, -3.31411218643, -3.2201666832, -2.74213624001, 15.2085008621, -4.33346939087, 6.51375150681, 35.2406196594, 96.2330551147]]}, "spectral_energyband_middle_low": {"dmean2": 0.00562615226954, "median": 0.00463293772191, "min": 1.57290824431e-22, "dvar2": 8.60893342178e-05, "dvar": 3.62188220606e-05, "dmean": 0.003574203467, "max": 0.142838567495, "var": 6.77173229633e-05, "mean": 0.00687930407003}, "melbands_crest": {"dmean2": 5.32017421722, "median": 10.6449041367, "min": 1.81471729279, "dvar2": 20.7335605621, "dvar": 8.04709625244, "dmean": 3.21252036095, "max": 30.8015460968, "var": 22.4129371643, "mean": 11.5204019547}, "spectral_kurtosis": {"dmean2": 3.39219665527, "median": 5.24326229095, "min": -1.24455034733, "dvar2": 12.2895402908, "dvar": 4.39132118225, "dmean": 2.01299762726, "max": 33.7057723999, "var": 10.7508659363, "mean": 5.77789449692}, "spectral_rms": {"dmean2": 0.00100486318115, "median": 0.00378041551448, "min": 3.16400529908e-12, "dvar2": 1.14804902296e-06, "dvar": 6.42708357645e-07, "dmean": 0.000729614985175, "max": 0.0120767327026, "var": 4.22734683525e-06, "mean": 0.00382435577922}, "zerocrossingrate": {"dmean2": 0.00996626261622, "median": 0.0595703125, "min": 0.0087890625, "dvar2": 0.000189062615391, "dvar": 0.000154346314957, "dmean": 0.00824746768922, "max": 0.51611328125, "var": 0.00331852794625, "mean": 0.0693579241633}, "silence_rate_60dB": {"dmean2": 0.0873625576496, "median": 0, "min": 0, "dvar2": 0.091778062284, "dvar": 0.0417683385313, "dmean": 0.0436746999621, "max": 1, "var": 0.133010059595, "mean": 0.157958135009}, "erbbands_kurtosis": {"dmean2": 2.12421607971, "median": 0.670187711716, "min": -1.79443120956, "dvar2": 8.36348628998, "dvar": 3.6080031395, "dmean": 1.34963309765, "max": 33.1357307434, "var": 8.82452201843, "mean": 1.38508570194}, "erbbands": {"dmean2": [0.0444314293563, 0.451703876257, 1.0672506094, 2.84566378593, 5.78002929688, 3.98592352867, 3.46483135223, 5.05902147293, 5.37856340408, 12.3052167892, 36.0656051636, 57.557308197, 58.9655151367, 59.584651947, 56.9276618958, 42.1911697388, 71.528213501, 41.1658058167, 51.8488998413, 22.6543865204, 25.2646770477, 17.0726242065, 15.350394249, 17.5147972107, 13.6486577988, 9.6259727478, 7.07972669601, 3.54718947411, 2.27626013756, 1.29008829594, 0.764178395271, 0.440361589193, 0.270113438368, 0.142965897918, 0.0660863444209, 0.0256329458207, 0.00641725584865, 0.000835443963297, 3.52249662683e-05, 1.20808253996e-05], "median": [0.00191600224935, 0.0304108858109, 0.089378900826, 0.157567277551, 0.671896696091, 1.08414709568, 1.5558911562, 1.83957612514, 2.20027589798, 5.5464925766, 15.0644540787, 19.260433197, 15.288392067, 21.0225563049, 21.3414421082, 14.1627016068, 19.3698978424, 16.8022975922, 15.1341934204, 8.34957695007, 7.81026649475, 8.01632404327, 6.39891719818, 8.39340877533, 7.52114772797, 5.7553896904, 3.44315886497, 1.51470327377, 0.750988423824, 0.362034350634, 0.194412365556, 0.187338098884, 0.151156559587, 0.0775972157717, 0.0393773801625, 0.0114271650091, 0.00274617946707, 0.000322944775689, 1.93834421225e-05, 1.91315812117e-05], "min": [1.00345675675e-22, 9.89716756158e-22, 4.10416444962e-21, 6.59080709976e-21, 1.77494574072e-20, 2.71029588956e-20, 1.11082071535e-19, 1.6506517078e-19, 2.15081447849e-19, 1.06737130884e-19, 1.78062246155e-19, 5.61573383151e-19, 6.86522685291e-19, 5.67069274539e-19, 1.44633739857e-18, 1.09637072308e-18, 1.72025071039e-18, 1.73699512073e-18, 2.67566044791e-18, 2.86139330791e-18, 3.6048663444e-18, 5.20861569654e-18, 6.6899137803e-18, 6.61839078145e-18, 9.00446563667e-18, 9.49533032859e-18, 1.09065964066e-17, 1.03979134171e-17, 9.5207628237e-18, 1.03524424716e-17, 1.21076800268e-17, 1.14871878611e-17, 8.33759593555e-18, 9.01868238986e-18, 7.5303826358e-18, 4.37144150142e-18, 2.40633767829e-18, 9.86240826902e-19, 2.54596809214e-19, 2.98778541983e-20], "dvar2": [0.0102780777961, 1.03607094288, 7.04233980179, 87.8401794434, 246.863647461, 67.296043396, 33.6469650269, 96.6681365967, 101.101219177, 456.275268555, 5011.15869141, 26595.6230469, 16340.5341797, 13874.7558594, 12073.3496094, 8383.265625, 30216.4140625, 8393.9765625, 20478.3007812, 3295.7434082, 3582.88305664, 885.732971191, 902.624267578, 861.614013672, 700.016662598, 442.209716797, 306.889587402, 93.290725708, 35.2357635498, 11.0373125076, 4.19886255264, 0.977512657642, 0.429848790169, 0.140495494008, 0.0200749635696, 0.0052069015801, 0.000343784660799, 1.17508561743e-05, 4.34826361584e-08, 3.04299446752e-10], "dvar": [0.00473237223923, 0.42018571496, 2.69470477104, 35.9026832581, 94.7793121338, 25.8168754578, 15.1089658737, 40.0562744141, 38.4534187317, 174.205154419, 2080.08129883, 11375.2402344, 6994.52929688, 6360.10058594, 5852.68457031, 3508.22412109, 11794.4912109, 3452.51171875, 8006.83691406, 1367.43615723, 1539.90063477, 352.160430908, 352.282073975, 336.911773682, 271.771484375, 168.176071167, 114.979301453, 36.582950592, 14.0290288925, 4.56158065796, 1.67550384998, 0.40176409483, 0.172920197248, 0.0625713691115, 0.00978452991694, 0.00247938442044, 0.000169341117726, 5.46451201444e-06, 1.84953030669e-08, 1.41114578356e-10], "dmean": [0.0273737777025, 0.274128586054, 0.624946892262, 1.74611616135, 3.45223760605, 2.41816663742, 2.23210740089, 3.19811463356, 3.29441452026, 7.47418069839, 22.1806850433, 35.6470451355, 36.9985923767, 39.1755828857, 39.0955047607, 27.0226707458, 45.7779312134, 27.105096817, 33.3807640076, 14.5453262329, 16.1165046692, 10.622048378, 9.57797718048, 10.9308595657, 8.706407547, 6.13308477402, 4.43649196625, 2.25845575333, 1.43056488037, 0.816515624523, 0.485839635134, 0.283372879028, 0.175110340118, 0.0966203808784, 0.0466114059091, 0.0176697615534, 0.00437659025192, 0.000565334630664, 2.28696717386e-05, 8.50809465192e-06], "max": [0.860787928104, 8.04141521454, 31.0643138885, 86.1837921143, 209.85887146, 97.3909072876, 84.3276367188, 113.813270569, 117.043075562, 240.879058838, 1205.23217773, 3487.02001953, 1665.49084473, 1645.8963623, 1351.18286133, 1145.2956543, 1826.02233887, 1533.02478027, 2151.14379883, 1065.23547363, 1418.75134277, 288.432739258, 332.455230713, 338.846191406, 393.84753418, 275.232391357, 188.648132324, 105.458770752, 66.0731506348, 35.4580955505, 17.6035175323, 7.7094335556, 16.9574432373, 10.3749284744, 2.17451357841, 1.43404603004, 0.340512722731, 0.106395617127, 0.00611859699711, 0.000178620422957], "var": [0.00499605108052, 0.455305546522, 2.65181136131, 35.4252929688, 87.9621124268, 27.4168643951, 22.6958408356, 53.800907135, 69.2728881836, 418.254333496, 6442.1875, 19236.6074219, 14541.4951172, 17482.390625, 21224.3847656, 7924.53564453, 23830.4667969, 8068.66210938, 17021.5878906, 3038.16870117, 4470.27392578, 738.754150391, 584.618408203, 665.426269531, 552.046813965, 238.766860962, 129.981430054, 38.1495437622, 14.1200389862, 4.84418582916, 1.65565490723, 0.522765576839, 0.239684388041, 0.112057626247, 0.0247002150863, 0.00480073550716, 0.00033736275509, 8.00437646831e-06, 1.83360899797e-08, 4.66915117681e-10], "mean": [0.0274340417236, 0.288120001554, 0.652975380421, 1.69648528099, 3.56930923462, 2.78610491753, 3.17317032814, 4.2377820015, 4.92048788071, 12.4711055756, 39.2633705139, 55.2122421265, 59.4231948853, 73.5735549927, 77.5919494629, 48.6679573059, 80.8033447266, 50.1330795288, 57.3435249329, 26.7244358063, 28.2928524017, 18.0485210419, 15.6253566742, 19.0513801575, 16.503194809, 11.3216667175, 7.41871261597, 3.35255599022, 1.87021362782, 1.01896059513, 0.585333883762, 0.438982576132, 0.299946427345, 0.169097557664, 0.0856304988265, 0.0294777285308, 0.00707962550223, 0.000882589083631, 3.69322551705e-05, 2.46666895691e-05]}, "spectral_strongpeak": {"dmean2": 1.2780020237, "median": 1.04165017605, "min": 0, "dvar2": 2.55023312569, "dvar": 1.08502364159, "dmean": 0.796605408192, "max": 15.7000980377, "var": 3.32383227348, "mean": 1.69081509113}, "spectral_energy": {"dmean2": 0.00970145501196, "median": 0.0146488295868, "min": 1.02612021559e-20, "dvar2": 0.000172597108758, "dvar": 8.31196666695e-05, "dmean": 0.00677659921348, "max": 0.149493664503, "var": 0.000296386133414, "mean": 0.0193243660033}, "average_loudness": 0.925704240799, "spectral_rolloff": {"dmean2": 802.219299316, "median": 1528.85742188, "min": 107.666015625, "dvar2": 2065831.125, "dvar": 901711.25, "dmean": 474.981781006, "max": 19875.1464844, "var": 5596773.5, "mean": 1936.03137207}, "spectral_centroid": {"dmean2": 431.808135986, "median": 1498.95422363, "min": 229.532272339, "dvar2": 229026.203125, "dvar": 97315.0546875, "dmean": 270.117553711, "max": 11689.9248047, "var": 712499.375, "mean": 1577.33422852}, "pitch_salience": {"dmean2": 0.121080599725, "median": 0.611385881901, "min": 0.117537133396, "dvar2": 0.0112788137048, "dvar": 0.00433615967631, "dmean": 0.0742972120643, "max": 0.954157829285, "var": 0.0119297578931, "mean": 0.596876382828}, "spectral_energyband_middle_high": {"dmean2": 0.00513476412743, "median": 0.00533382222056, "min": 1.28199726936e-21, "dvar2": 5.70206866541e-05, "dvar": 2.86323484033e-05, "dmean": 0.00371079798788, "max": 0.0953208357096, "var": 0.000157770409714, "mean": 0.0106193730608}, "spectral_contrast_coeffs": {"dmean2": [0.089862011373, 0.0879621878266, 0.0700294598937, 0.0560882873833, 0.0363619327545, 0.0317680463195], "median": [-0.679114222527, -0.735304415226, -0.72974550724, -0.755768597126, -0.793645203114, -0.762416601181], "min": [-0.982123196125, -0.982058286667, -0.975029230118, -0.973725795746, -0.965296626091, -0.963478624821], "dvar2": [0.00508933188394, 0.00513584446162, 0.00325602572411, 0.00204332452267, 0.000926488370169, 0.000896641693544], "dvar": [0.00201928289607, 0.00206023058854, 0.00138737994712, 0.000913105264772, 0.000396548595745, 0.000376689567929], "dmean": [0.0547441057861, 0.0539252720773, 0.0439507775009, 0.0353881716728, 0.0229818411171, 0.020408520475], "max": [-0.332557380199, -0.314700216055, -0.377543389797, -0.404527306557, -0.564059376717, -0.627394676208], "var": [0.00705248909071, 0.0083764763549, 0.010390217416, 0.00793542712927, 0.00280818762258, 0.00222655804828], "mean": [-0.677002072334, -0.726624011993, -0.725061237812, -0.750640869141, -0.793139100075, -0.766235232353]}, "melbands_skewness": {"dmean2": 1.07739770412, "median": 1.04794704914, "min": -2.24858212471, "dvar2": 1.34316504002, "dvar": 0.56769824028, "dmean": 0.696495234966, "max": 12.8402767181, "var": 2.43400406837, "mean": 1.38969254494}, "spectral_spread": {"dmean2": 654772.5625, "median": 3275234.25, "min": 1514693.625, "dvar2": 895716491264, "dvar": 461094748160, "dmean": 446259.90625, "max": 42016292, "var": 8094254366720.0, "mean": 3824926}, "dissonance": {"dmean2": 0.0399395041168, "median": 0.470917969942, "min": 0.197394758463, "dvar2": 0.00170550472103, "dvar": 0.00062383688055, "dmean": 0.0236234162003, "max": 0.499999970198, "var": 0.00140121078584, "mean": 0.459609597921}, "spectral_skewness": {"dmean2": 0.415924549103, "median": 1.57261037827, "min": -0.0634718760848, "dvar2": 0.150467991829, "dvar": 0.060956582427, "dmean": 0.260329216719, "max": 4.26273536682, "var": 0.225020200014, "mean": 1.61224675179}, "spectral_flux": {"dmean2": 0.0319423414767, "median": 0.0695368871093, "min": 6.53963272423e-11, "dvar2": 0.00123165594414, "dvar": 0.000559302221518, "dmean": 0.0207697506994, "max": 0.255435168743, "var": 0.00196244567633, "mean": 0.0747167766094}, "spectral_contrast_valleys": {"dmean2": [0.820431649685, 0.719777107239, 0.574663758278, 0.529053926468, 0.470039129257, 0.380242675543], "median": [-8.28478431702, -6.89065027237, -7.29973125458, -7.63187170029, -7.42197370529, -10.5722026825], "min": [-28.0860748291, -27.9129810333, -27.8347091675, -27.6489524841, -27.5317955017, -27.3537940979], "dvar2": [0.475393474102, 0.441849917173, 0.259517818689, 0.28526955843, 0.264279603958, 0.182775914669], "dvar": [0.249416947365, 0.18800650537, 0.120927877724, 0.139491185546, 0.134895324707, 0.104005545378], "dmean": [0.522907614708, 0.448906481266, 0.374535739422, 0.354710906744, 0.340315788984, 0.288285046816], "max": [-5.46893453598, -5.12599420547, -4.71393346786, -5.32169389725, -5.28240585327, -8.77084255219], "var": [4.07507658005, 4.50882673264, 4.31316709518, 4.13770627975, 3.89269995689, 2.72280597687], "mean": [-8.5067358017, -7.48510837555, -7.67928028107, -8.09530448914, -7.86157894135, -10.926659584]}, "erbbands_flatness_db": {"dmean2": 0.0312178395689, "median": 0.205500602722, "min": 0.0320802219212, "dvar2": 0.000750240811612, "dvar": 0.000404331454774, "dmean": 0.021952688694, "max": 0.445503979921, "var": 0.0039458759129, "mean": 0.20491912961}, "spectral_energyband_high": {"dmean2": 0.000306774512865, "median": 0.000199720394448, "min": 7.2144164633e-21, "dvar2": 5.24745530583e-07, "dvar": 2.09441054722e-07, "dmean": 0.000199889138457, "max": 0.0080186938867, "var": 2.53785970017e-07, "mean": 0.000350729882484}, "spectral_entropy": {"dmean2": 0.246763303876, "median": 7.53213453293, "min": 5.37467765808, "dvar2": 0.0638916343451, "dvar": 0.0336874388158, "dmean": 0.170161277056, "max": 9.81553077698, "var": 0.229788184166, "mean": 7.48432445526}, "silence_rate_20dB": {"dmean2": 0, "median": 1, "min": 1, "dvar2": 0, "dvar": 0, "dmean": 0, "max": 1, "var": 0, "mean": 1}, "melbands_flatness_db": {"dmean2": 0.0403158180416, "median": 0.174380108714, "min": 0.00377077748999, "dvar2": 0.00154250278138, "dvar": 0.000655478797853, "dmean": 0.0255668815225, "max": 0.409880638123, "var": 0.00301819154993, "mean": 0.182107761502}, "barkbands": {"dmean2": [2.90086445602e-05, 0.00180059031118, 0.00103394989856, 0.00118572998326, 0.00149407959543, 0.000563711219002, 0.0004442401696, 0.00118544092402, 0.0026224385947, 0.00211223121732, 0.00170547224116, 0.00113356858492, 0.00178458553273, 0.00103653140832, 0.000704012811184, 0.000498981156852, 0.000310323463054, 0.00030652017449, 0.000327269954141, 0.000210544996662, 0.000127176288515, 5.82362190471e-05, 2.85797632387e-05, 1.73212592927e-05, 1.0541744814e-05, 4.15047134084e-06, 2.56371066598e-07], "median": [8.09247751477e-07, 0.000113474467071, 6.99725424056e-05, 5.50307922822e-05, 0.000384347658837, 0.000212483777432, 0.000172351836227, 0.000379282515496, 0.000755192129873, 0.000316286896123, 0.000419863790739, 0.000227747732424, 0.000433784822235, 0.000277521583484, 0.000167776277522, 0.000123611622257, 0.000136178103276, 0.00010160011152, 0.000169680148247, 0.00012167103705, 5.39238862984e-05, 1.88175818039e-05, 7.26338112145e-06, 9.50899448071e-06, 6.13140400674e-06, 1.82563246653e-06, 3.02975671218e-08], "min": [3.28492823594e-24, 3.70480004439e-24, 3.06832773897e-24, 1.69045279481e-24, 5.40405218817e-24, 2.3394148194e-23, 2.09752182464e-23, 7.76706846368e-24, 1.97847640316e-23, 1.8520625475e-23, 1.92308022381e-23, 2.29271788257e-23, 3.91210259287e-23, 3.28410431017e-23, 5.56254665026e-23, 5.02505721912e-23, 7.94856500536e-23, 1.26225683932e-22, 1.49382159379e-22, 2.18838194018e-22, 2.39096848884e-22, 2.95335891398e-22, 3.80096963559e-22, 5.58993703685e-22, 9.83131925923e-22, 1.41752301752e-21, 1.94745377279e-21], "dvar2": [6.3245573223e-09, 1.61037714861e-05, 7.56098097554e-06, 1.70823532244e-05, 1.1611959053e-05, 1.0592000308e-06, 6.09796416029e-07, 5.59602312933e-06, 4.33174609498e-05, 2.02995543077e-05, 1.41524888022e-05, 6.15953058514e-06, 1.76472822204e-05, 5.0654612096e-06, 3.42186353919e-06, 1.7070069589e-06, 2.74756160934e-07, 3.54067594799e-07, 3.15323035238e-07, 2.17181579387e-07, 1.12114143747e-07, 2.30210233099e-08, 5.51200596277e-09, 1.38693923013e-09, 6.66571742247e-10, 1.53611845466e-10, 2.22795111353e-12], "dvar": [2.62903587789e-09, 6.90461411068e-06, 2.92178106065e-06, 6.76254876453e-06, 4.48448827228e-06, 4.55220373397e-07, 2.29042655064e-07, 2.31518424698e-06, 1.86289889825e-05, 9.15126474865e-06, 6.97988070897e-06, 2.68638109446e-06, 6.81436722516e-06, 2.02494743462e-06, 1.35936409151e-06, 7.03697594417e-07, 1.10748068494e-07, 1.35251369215e-07, 1.23135080798e-07, 8.14915850356e-08, 4.25509050217e-08, 9.23750143045e-09, 2.23956186929e-09, 5.75319902829e-10, 3.08720549125e-10, 7.50670914318e-11, 9.8032996651e-13], "dmean": [1.92562383745e-05, 0.00110933335964, 0.000606923073065, 0.000726678408682, 0.000907014647964, 0.0003610480926, 0.000271070748568, 0.000723451084923, 0.0016312955413, 0.00132966844831, 0.00115822011139, 0.00071440654574, 0.00112870533485, 0.000662517093588, 0.000439394934801, 0.000317065045238, 0.000190839986317, 0.000187969097169, 0.000206004013307, 0.000133793408168, 7.98625769676e-05, 3.6664216168e-05, 1.81768555194e-05, 1.12848119898e-05, 7.33911201678e-06, 2.86206000055e-06, 1.61775290053e-07], "max": [0.000528635748196, 0.0342721566558, 0.0350452885032, 0.0418441668153, 0.044794652611, 0.0122477877885, 0.00708599342033, 0.0401650480926, 0.137551009655, 0.0640546828508, 0.0571452528238, 0.0317864194512, 0.0411014892161, 0.031129123643, 0.029037065804, 0.0231985971332, 0.0049005462788, 0.00508375419304, 0.00616782531142, 0.00534179946408, 0.00349662243389, 0.00163631874602, 0.000636715965811, 0.000576411897782, 0.000655065057799, 0.00027102950844, 4.29685387644e-05], "var": [2.55780641112e-09, 7.77528566687e-06, 2.79520463664e-06, 6.06171306572e-06, 4.58464865005e-06, 6.40284667952e-07, 4.22428172442e-07, 8.7765738499e-06, 3.56455129804e-05, 2.23983261094e-05, 2.57762349065e-05, 5.79603965889e-06, 1.2988589333e-05, 4.73302407045e-06, 2.37242034018e-06, 1.74603599135e-06, 2.2150300083e-07, 2.16445684487e-07, 2.64409948159e-07, 1.14523324157e-07, 4.47549020066e-08, 9.44054256991e-09, 2.28842877981e-09, 8.69596561426e-10, 6.44739928113e-10, 1.45987583133e-10, 1.02013948504e-12], "mean": [1.71151932591e-05, 0.00118389411364, 0.000595051213168, 0.000669781002216, 0.0010513268644, 0.000486575707328, 0.000409024272813, 0.00126920582261, 0.00249498290941, 0.00215907651, 0.00221514049917, 0.00111287354957, 0.00188294774853, 0.00112666399218, 0.000684375991113, 0.000529560667928, 0.000305185560137, 0.000285418645944, 0.000373205781216, 0.000244253926212, 0.000121706434584, 4.7294783144e-05, 2.1982124963e-05, 1.94330186787e-05, 1.33915409606e-05, 4.74951411888e-06, 1.77004139346e-07]}, "erbbands_skewness": {"dmean2": 0.708571970463, "median": 0.546606004238, "min": -2.91546058655, "dvar2": 0.431506186724, "dvar": 0.193455860019, "dmean": 0.45613399148,