{"tonal": {"thpcp": [1, 0.625029563904, 0.30952912569, 0.3528008461, 0.219437599182, 0.110141634941, 0.133341044188, 0.129692554474, 0.223982542753, 0.362180560827, 0.241371721029, 0.0764715746045, 0.0661427527666, 0.0895343348384, 0.42965066433, 0.721797943115, 0.389247685671, 0.0712889134884, 0.0503298938274, 0.0494367145002, 0.133688732982, 0.271257787943, 0.249721050262, 0.321468561888, 0.492199420929, 0.29608348012, 0.0680207163095, 0.054568476975, 0.0654054582119, 0.28721600771, 0.491117566824, 0.288597673178, 0.0874078422785, 0.0883632004261, 0.150217816234, 0.604883730412], "hpcp": {"dmean2": [0.0690194293857, 0.0761044919491, 0.0881687328219, 0.0953999534249, 0.0893755331635, 0.0574389696121, 0.0506494790316, 0.0652519091964, 0.132753103971, 0.150554865599, 0.119272686541, 0.054947797209, 0.0422495082021, 0.0438624098897, 0.077284052968, 0.106244727969, 0.114974312484, 0.128295317292, 0.13394382596, 0.108505494893, 0.056057292968, 0.0463739298284, 0.0552626512945, 0.115064710379, 0.131773427129, 0.107974752784, 0.0715992152691, 0.0733677446842, 0.120619401336, 0.221184685826, 0.222794398665, 0.218217417598, 0.156753391027, 0.116235822439, 0.102137468755, 0.0772783234715], "median": [0.00520000886172, 0.00568683445454, 0.0136871170253, 0.0166730694473, 0.0120962401852, 0.00563387665898, 0.00370265659876, 0.00674931658432, 0.0564778633416, 0.0942557007074, 0.0529655665159, 0.00519462488592, 0.00179330201354, 0.00179500808008, 0.0121570210904, 0.0237303003669, 0.0239404384047, 0.0437470152974, 0.0522911325097, 0.0301475189626, 0.00572891533375, 0.00281850551255, 0.00468183727935, 0.020419370383, 0.0307668484747, 0.0219837352633, 0.00455461395904, 0.00237093027681, 0.00722550740466, 0.145948395133, 0.283750981092, 0.160063132644, 0.0117777818814, 0.00326313218102, 0.00329583929852, 0.00476546073332], "min": [0, 0, 0, 0, 0, 0, 0, 0, 0, 0, 0, 0, 0, 0, 0, 0, 0, 0, 0, 0, 0, 0, 0, 0, 0, 0, 0, 0, 0, 0, 0, 0, 0, 0, 0, 0], "dvar2": [0.0338587723672, 0.0351585038006, 0.0371797606349, 0.0444423928857, 0.0384800024331, 0.0247214473784, 0.0225305017084, 0.0274771414697, 0.0448735542595, 0.0661900863051, 0.0381740517914, 0.0234769564122, 0.0242946706712, 0.0191779080778, 0.0337523557246, 0.0467821545899, 0.0508230291307, 0.050114415586, 0.0576478093863, 0.0430941097438, 0.0250809267163, 0.0254987590015, 0.0255035422742, 0.0496210344136, 0.0614964030683, 0.0422754473984, 0.0368151292205, 0.0430175289512, 0.0679833814502, 0.0940469279885, 0.0955619513988, 0.0869175344706, 0.0796355605125, 0.0690753012896, 0.0531920269132, 0.0427456982434], "dvar": [0.0132901687175, 0.0142870806158, 0.0151459695771, 0.0191559474915, 0.01507831458, 0.00924828276038, 0.00833261292428, 0.010351636447, 0.0181542672217, 0.0306916777045, 0.0153178172186, 0.00842947978526, 0.00844525918365, 0.00670357234776, 0.0119609152898, 0.018959838897, 0.0190542023629, 0.0190258007497, 0.0255726501346, 0.0167172718793, 0.00864354521036, 0.00901491753757, 0.00932640209794, 0.0191248692572, 0.0270356349647, 0.0163287278265, 0.0137149551883, 0.0158799812198, 0.0250796210021, 0.0359654054046, 0.0421659685671, 0.0342233031988, 0.0303264446557, 0.0284049343318, 0.0202593505383, 0.0157280229032], "dmean": [0.0401843897998, 0.0449321642518, 0.0527843758464, 0.0572579167783, 0.053957555443, 0.0325851403177, 0.0289053022861, 0.0373292043805, 0.0814433693886, 0.0950755774975, 0.0739416331053, 0.030945610255, 0.0232275165617, 0.0241501163691, 0.0451756343246, 0.0639655515552, 0.0682319924235, 0.0764040872455, 0.0817532092333, 0.0657724887133, 0.0308600980788, 0.0254817791283, 0.0307222437114, 0.0677367448807, 0.0796310976148, 0.0635970681906, 0.0402827896178, 0.0412160903215, 0.0678534805775, 0.131045877934, 0.134303539991, 0.130429282784, 0.0908925309777, 0.0671953186393, 0.0594451725483, 0.0434896424413], "max": [1, 1, 1, 1, 1, 1, 1, 1, 1, 1, 1, 1, 1, 1, 1, 1, 1, 1, 1, 1, 1, 1, 1, 1, 1, 1, 1, 1, 1, 1, 1, 1, 1, 1, 1, 1], "var": [0.0231180600822, 0.018949020654, 0.0351526103914, 0.0854949504137, 0.0410214401782, 0.00813232921064, 0.00773664889857, 0.0115208765492, 0.0538650415838, 0.141140565276, 0.0452285669744, 0.00732357241213, 0.00640550954267, 0.00498974369839, 0.0134517857805, 0.0503534078598, 0.0411639437079, 0.0389412082732, 0.0958358123899, 0.0387035049498, 0.00670052971691, 0.00744665414095, 0.00827398244292, 0.0408585183322, 0.107930973172, 0.039327505976, 0.0121393781155, 0.0141537310556, 0.0250825174153, 0.0747977718711, 0.158643692732, 0.0780660659075, 0.0549235194921, 0.0955249294639, 0.0392942689359, 0.0179602634162], "mean": [0.0559296309948, 0.0543992817402, 0.0939490273595, 0.15191590786, 0.101242884994, 0.0320758484304, 0.0277434438467, 0.0375549979508, 0.180216103792, 0.302756696939, 0.163269162178, 0.029901990667, 0.0211107730865, 0.0207361299545, 0.0560754686594, 0.113778539002, 0.10474499315, 0.134839341044, 0.206452056766, 0.124191619456, 0.028531152755, 0.0228886380792, 0.0274341870099, 0.120472177863, 0.205998271704, 0.121051713824, 0.0366630442441, 0.0370637662709, 0.0630085617304, 0.253717273474, 0.419447988272, 0.262167394161, 0.129831373692, 0.147981598973, 0.0920426622033, 0.0461986884475]}, "tuning_equal_tempered_deviation": 0.0150440549478, "chords_changes_rate": 0.0430132783949, "key_key": "C", "tuning_diatonic_strength": 0.57381695509, "key_scale": "minor", "chords_number_rate": 0.00141027150676, "tuning_frequency": 437.971466064, "tuning_nontempered_energy_ratio": 0.631374001503, "chords_histogram": [40.5218009949, 15.783288002, 3.30238580704, 5.28851795197, 0.31731107831, 4.03102588654, 0.293806552887, 5.1122341156, 1.31625342369, 0.481842756271, 1.18697845936, 1.88036191463, 0, 0.658126711845, 0.0705135762691, 0, 0.869667410851, 0, 1.46903276443, 0, 0.916676461697, 0, 6.7340464592, 9.76613044739], "key_strength": 0.787459552288, "chords_key": "C", "chords_strength": {"dmean2": 0.00608752621338, "median": 0.523759782314, "min": -1, "dvar2": 0.000504106457811, "dvar": 0.000266594695859, "dmean": 0.00797714386135, "max": 0.745578765869, "var": 0.0215997435153, "mean": 0.51086050272}, "chords_scale": "minor", "hpcp_entropy": {"dmean2": 0.786964714527, "median": 1.38420283794, "min": 0, "dvar2": 0.560684859753, "dvar": 0.223581969738, "dmean": 0.469328939915, "max": 4.18465232849, "var": 0.596812367439, "mean": 1.41451931}}, "metadata": {"audio_properties": {"equal_loudness": 0, "codec": "flac", "downmix": "mix", "sample_rate": 44100, "analysis_sample_rate": 44100, "bit_rate": 0, "md5_encoded": "1f60c1376dc5cdada4bc2a4dd53d0881", "length": 395.106658936, "replay_gain": -11.9766998291, "lossless": true}, "version": {"essentia_build_sha": "70f2e5ece6736b2c40cc944ad0e695b16b925413", "essentia": "2.1-beta2", "extractor": "music 1.0", "essentia_git_sha": "v2.1_beta2"}, "tags": {"title": ["One Bedroom Apartment"], "barcode": ["777215106123"], "media": ["CD"], "albumartist": ["Clann Z\u00fa"], "tracktotal": ["10"], "musicbrainz_releasegroupid": ["f337ebb7-0df6-3913-9697-1654be55a316"], "releasetype": ["album"], "musicbrainz_recordingid": ["104a24b3-8f47-4009-8252-286654b1ac43"], "artistsort": ["Clann Zu"], "musicbrainz_albumartistid": ["efb99b60-690c-4568-bdf1-759a132f5398"], "discnumber": ["1"], "album": ["Black Coats & Bandages"], "catalognumber": ["G7036"], "releasecountry": ["US"], "file_name": "05. One Bedroom Apartment.flac", "originaldate": ["2004-08-24"], "albumartistsort": ["Clann Zu"], "date": ["2004-08-24"], "genre": ["Melancholic", "Melancholy", "One Bedroom Apartment", "Great Lyrics", "Indie Rock", "Indie", "Heartbreaking", "Post-Rock", "Rock", "Alternative", "Progressive Rock", "Experimental"], "musicip_puid": ["513e63f3-bb42-945e-920f-fd115514314b"], "musicbrainz_artistid": ["efb99b60-690c-4568-bdf1-759a132f5398"], "asin": ["B000285HBM"], "musicbrainz_albumid": ["f9a91743-62f7-4a03-965c-34480b282035"], "tracknumber": ["5"], "disctotal": ["1"], "artist": ["Clann Z\u00fa"], "label": ["G7 Welcoming Committee"], "releasestatus": ["official"], "totaldiscs": ["1"], "script": ["Latn"], "totaltracks": ["10"]}}, "rhythm": {"bpm_histogram_first_peak_bpm": {"dmean2": 0, "median": 96, "min": 96, "dvar2": 0, "dvar": 0, "dmean": 0, "max": 96, "var": 0, "mean": 96}, "bpm": 95.8879394531, "bpm_histogram_second_peak_spread": {"dmean2": 0, "median": 0.491935491562, "min": 0.491935491562, "dvar2": 0, "dvar": 0, "dmean": 0, "max": 0.491935491562, "var": 0, "mean": 0.491935491562}, "bpm_histogram_first_peak_weight": {"dmean2": 0, "median": 0.168656721711, "min": 0.168656721711, "dvar2": 0, "dvar": 0, "dmean": 0, "max": 0.168656721711, "var": 0, "mean": 0.168656721711}, "onset_rate": 3.34579920769, "beats_position": [0.568888902664, 1.13777780533, 1.69505667686, 2.2523355484, 2.80961441994, 3.36689329147, 3.9125623703, 4.46984100342, 5.0387301445, 5.60761880875, 6.15328788757, 6.6989569664, 7.24462556839, 7.80190467834, 8.33596324921, 8.88163280487, 9.42730140686, 9.96135997772, 10.4954195023, 11.0410881042, 11.5867567062, 12.1672563553, 12.7477550507, 13.3398637772, 13.9319725037, 14.512471199, 15.0929698944, 15.6618595123, 16.2307472229, 16.7415866852, 17.2408161163, 17.7400455475, 18.2276649475, 18.7036724091, 19.179681778, 19.6789112091, 20.1781406403, 20.6773700714, 21.2114276886, 21.7570972443, 22.3375968933, 22.9297046661, 23.5218143463, 24.0674819946, 24.6131515503, 25.158821106, 25.7277088165, 26.2849884033, 26.830657959, 27.3879356384, 27.9452152252, 28.5024929047, 29.0713825226, 29.6634922028, 30.2091598511, 30.7664394379, 31.3121089935, 31.8577766418, 32.4034461975, 32.9491157532, 33.4947853088, 34.0404510498, 34.5745124817, 35.1317901611, 35.6658477783, 36.211517334, 36.7571868896, 37.2796363831, 37.790473938, 38.3129234314, 38.8353729248, 39.3578224182, 39.8802719116, 40.4143295288, 40.9367790222, 41.4476165771, 41.9584579468, 42.4692955017, 42.9801368713, 43.50258255, 44.0250320435, 44.5707015991, 45.0931510925, 45.6039886475, 46.1148300171, 46.6140594482, 47.1132888794, 47.6241264343, 48.1349639893, 48.6574134827, 49.1798629761, 49.7023124695, 50.2247619629, 50.7355995178, 51.2464370728, 51.7572784424, 52.2797279358, 52.8021774292, 53.3362350464, 53.8586845398, 54.3811340332, 54.8919715881, 55.4028091431, 55.9136505127, 56.4361000061, 56.946937561, 57.457775116, 57.9570045471, 58.4562339783, 58.9554634094, 59.4663009644, 59.977142334, 60.4879798889, 60.9988212585, 61.5096588135, 62.0204963684, 62.531337738, 63.0189552307, 63.5065765381, 64.0174102783, 64.5282516479, 65.0390930176, 65.5499343872, 66.0607681274, 66.5832214355, 67.1056671143, 67.6165084839, 68.1389541626, 68.6614074707, 69.1838531494, 69.7062988281, 70.2171401978, 70.7395935059, 71.2620391846, 71.7728805542, 72.2837142944, 72.7945556641, 73.3053970337, 73.8162307739, 74.3270721436, 74.8379135132, 75.3371429443, 75.8363723755, 76.3472061157, 76.8580474854, 77.368888855, 77.8797302246, 78.4021759033, 78.9014053345, 79.4122467041, 79.9230804443, 80.433921814, 80.9447631836, 81.4439926147, 81.9432220459, 82.4540557861, 82.9648971558, 83.4757385254, 83.9865722656, 84.4741897583, 84.9850311279, 85.507484436, 86.0299301147, 86.5407714844, 87.0400009155, 87.5508346558, 88.0616760254, 88.5609054565, 89.0601348877, 89.5709762573, 90.0702056885, 90.5694351196, 91.0686569214, 91.579498291, 92.0671157837, 92.5663452148, 93.065574646, 93.5648040771, 94.0640335083, 94.5632629395, 95.0624923706, 95.5733337402, 96.0841674805, 96.5950088501, 97.0826263428, 97.5934677124, 98.0926971436, 98.6035385132, 99.1027679443, 99.5787734985, 100.054779053, 100.542404175, 101.018409729, 101.51763916, 102.005256653, 102.655418396, 103.305580139, 104.095054626, 104.907752991, 105.708839417, 106.509933472, 107.299407959, 108.100494385, 108.90158844, 109.714286804, 110.503761292, 111.293243408, 112.082717896, 112.872200012, 113.638458252, 114.404716492, 115.159362793, 115.914009094, 116.657051086, 117.400085449, 118.143127441, 118.909385681, 119.664031982, 120.418685913, 121.161720276, 121.916366577, 122.671020508, 123.414054871, 124.18031311, 124.94657135, 125.71282959, 126.467483521, 127.23374176, 128, 128.754638672, 129.509292603, 130.263946533, 131.030197144, 131.796463013, 132.562713623, 133.328979492, 134.095230103, 134.838272095, 135.604537964, 136.370788574, 136.974502563, 137.578231812, 138.181945801, 138.78565979, 139.401000977, 140.016326904, 140.620040894, 141.223754883, 141.827484131, 142.442810059, 143.058135986, 143.685073853, 144.312011719, 144.915740967, 145.519454956, 146.123168945, 146.726898193, 147.342224121, 147.957550049, 148.561264038, 149.176589966, 149.791931152, 150.40725708, 151.010971069, 151.626296997, 152.241622925, 152.856964111, 153.472290039, 154.087615967, 154.702941895, 155.318267822, 155.945205688, 156.572158813, 157.19909668, 157.802810669, 158.418136597, 159.033462524, 159.648788452, 160.264129639, 160.867843628, 161.483169556, 162.098495483, 162.702224731, 163.305938721, 163.921264648, 164.524978638, 165.140319824, 165.744033813, 166.347747803, 166.951477051, 167.566802979, 168.182128906, 168.797454834, 169.412780762, 170.028121948, 170.643447876, 171.270385742, 171.897323608, 172.524261475, 173.139587402, 173.75491333, 174.381851196, 174.997192383, 175.624130249, 176.251068115, 176.866394043, 177.481719971, 178.097045898, 178.712371826, 179.327713013, 179.954650879, 180.581588745, 181.208526611, 181.835464478, 182.450790405, 183.066116333, 183.669830322, 184.285171509, 184.900497437, 185.515823364, 186.131149292, 186.758087158, 187.396636963, 188.035186768, 188.662124634, 189.2890625, 189.916000366, 190.542938232, 191.169876099, 191.796829224, 192.42376709, 193.039093018, 193.666030884, 194.304580688, 194.943130493, 195.570068359, 196.197006226, 196.83555603, 197.462493896, 198.101043701, 198.739593506, 199.378143311, 200.016693115, 200.632019043, 201.258956909, 201.874282837, 202.501220703, 203.139770508, 203.778320312, 204.416870117, 205.055419922, 205.693969727, 206.332519531, 206.971069336, 207.609603882, 208.259765625, 208.909927368, 209.57170105, 210.233459473, 210.883621216, 211.557006836, 212.230377197, 212.868927002, 213.507476807, 214.146026611, 214.784576416, 215.423126221, 216.050064087, 216.665390015, 217.292327881, 217.919265747, 218.546203613, 219.173141479, 219.811691284, 220.427032471, 221.053970337, 221.680908203, 222.307846069, 222.923171997, 223.550109863, 224.177047729, 224.803985596, 225.419311523, 226.04624939, 226.673187256, 227.300125122, 227.90385437, 228.530792236, 229.146118164, 229.761444092, 230.388381958, 231.015319824, 231.630645752, 232.257598877, 232.884536743, 233.523086548, 234.150024414, 234.77696228, 235.403900146, 236.030838013, 236.657775879, 237.284713745, 237.92326355, 238.561813354, 239.188751221, 239.827301025, 240.46585083, 241.092788696, 241.719726562, 242.346664429, 242.985214233, 243.623764038, 244.262313843, 244.900863647, 245.527801514, 246.15473938, 246.781677246, 247.408615112, 248.047164917, 248.674102783, 249.312652588, 249.939590454, 250.56652832, 251.193466187, 251.820404053, 252.447341919, 253.085891724, 253.71282959, 254.339767456, 254.966705322, 255.593643188, 256.232208252, 256.859130859, 257.486083984, 258.124633789, 258.739959717, 259.366882324, 259.993835449, 260.620758057, 261.247711182, 261.874633789, 262.489959717, 263.128509521, 263.755462646, 264.394012451, 265.009338379, 265.636291504, 266.263214111, 266.878540039, 267.505493164, 268.132415771, 268.770965576, 269.397918701, 270.024841309, 270.651794434, 271.267120361, 271.882446289, 272.509368896, 273.136322021, 273.774871826, 274.413421631, 275.040344238, 275.667297363, 276.294250488, 276.921173096, 277.548126221, 278.175048828, 278.790374756, 279.417327881, 280.044250488, 280.671203613, 281.298126221, 281.936676025, 282.57522583, 283.202178955, 283.829101562, 284.467651367, 285.106201172, 285.733154297, 286.371704102, 286.998626709, 287.625579834, 288.240905762, 288.879455566, 289.518005371, 290.156555176, 290.79510498, 291.433654785, 292.07220459, 292.710754395, 293.349304199, 293.987854004, 294.614776611, 295.230102539, 295.868652344, 296.507202148, 297.145751953, 297.772705078, 298.399627686, 299.03817749, 299.676727295, 300.30368042, 300.930603027, 301.557556152, 302.207702637, 302.857849121, 303.496398926, 304.13494873, 304.773498535, 305.41204834, 306.039001465, 306.67755127, 307.316101074, 307.943023682, 308.569976807, 309.208526611, 309.858673096, 310.4972229, 311.251861572, 312.006530762, 312.737945557, 313.492614746, 314.235626221, 314.967071533, 315.675262451, 316.395111084, 317.103302002, 317.811523438, 318.508117676, 319.216308594, 319.947753906, 320.690795898, 321.422210693, 322.153656006, 322.896697998, 323.616516113, 324.336334229, 325.056152344, 325.799163818, 326.542205811, 327.273651123, 328.005065918, 328.73651123, 329.456329346, 330.187744141, 330.919189453, 331.650604248, 332.382049561, 333.113464355, 333.856506348, 334.59954834, 335.330963135, 336.05078125, 336.782226562, 337.513641357, 338.24508667, 338.988098145, 339.731140137, 340.474182129, 341.217224121, 341.960266113, 342.691680908, 343.423126221, 344.177764893, 344.932434082, 345.663848877, 346.395263672, 347.138305664, 347.881347656, 348.624389648, 349.367431641, 350.110473633, 350.853515625, 351.596557617, 352.339599609, 353.094238281, 353.848876953, 354.591918945, 355.334960938, 356.101226807, 356.844268799, 357.575683594, 358.167785645, 358.759887695, 359.352020264, 359.793182373, 360.234375, 360.66394043, 361.105133057, 361.441802979, 361.766876221, 362.10357666, 362.4402771, 362.788574219, 363.136871338, 363.47354126, 363.79864502, 364.135314941, 364.460388184, 364.797088623, 365.133789062, 365.470458984, 365.807159424, 366.143859863, 366.480529785, 366.828826904, 367.153930664, 367.490600586, 367.827301025, 368.163970947, 368.489074707, 368.814147949, 369.150817871, 369.475921631, 369.800994873, 370.149291992, 370.497589111, 370.84588623, 371.205810547, 371.565704346, 371.925628662, 372.285522461, 372.63381958, 372.982116699, 373.400085449, 373.818054199, 374.235992432, 374.642364502, 375.048706055, 375.466674805, 375.873016357, 376.27935791, 376.69732666, 377.115264893, 377.55645752, 377.997619629, 378.427215576, 378.856781006, 379.286346436, 379.704315186, 380.122253418, 380.586669922, 381.062683105, 381.527069092, 382.014678955, 382.490692139, 382.966705322, 383.454315186, 383.941955566, 384.42956543, 384.94039917, 385.43963623, 385.938873291, 386.403259277, 386.867645264, 387.332061768, 387.796447754, 388.284088135, 388.748474121, 389.224487305, 389.677276611, 390.141662598, 390.594451904, 391.035644531, 391.488433838, 391.941223145, 392.394012451, 392.846801758, 393.299591064, 393.752380371, 394.205169678], "beats_loudness": {"dmean2": 0.0315188094974, "median": 0.016121648252, "min": 4.43212355705e-10, "dvar2": 0.00157102290541, "dvar": 0.000444751436589, "dmean": 0.0168349798769, "max": 0.183934345841, "var": 0.000712165201548, "mean": 0.025927061215}, "danceability": 1.05845034122, "bpm_histogram_second_peak_weight": {"dmean2": 0, "median": 0.0940298512578, "min": 0.0940298512578, "dvar2": 0, "dvar": 0, "dmean": 0, "max": 0.0940298512578, "var": 0, "mean": 0.0940298512578}, "beats_count": 671, "bpm_histogram_second_peak_bpm": {"dmean2": 0, "median": 117, "min": 117, "dvar2": 0, "dvar": 0, "dmean": 0, "max": 117, "var": 0, "mean": 117}, "bpm_histogram_first_peak_spread": {"dmean2": 0, "median": 0.590579688549, "min": 0.590579688549, "dvar2": 0, "dvar": 0, "dmean": 0, "max": 0.590579688549, "var": 0, "mean": 0.590579688549}, "beats_loudness_band_ratio": {"dmean2": [0.250659286976, 0.327135443687, 0.302426934242, 0.199975922704, 0.0899674370885, 0.0186165049672], "median": [0.22887390852, 0.334095776081, 0.209708914161, 0.0716047659516, 0.0289510469884, 0.00447416584939], "min": [0.000614819640759, 0.00132119748741, 0.00162845628802, 0.000549294927623, 2.88132487185e-05, 1.17000927276e-05], "dvar2": [0.0493947602808, 0.0678747296333, 0.071572214365, 0.045810341835, 0.0196422301233, 0.0022433407139], "dvar": [0.0182046610862, 0.0252325199544, 0.0263989996165, 0.0194603130221, 0.00715080182999, 0.000793317740317], "dmean": [0.143523409963, 0.187738627195, 0.172218948603, 0.115916036069, 0.0506790168583, 0.0105097228661], "max": [0.989671587944, 0.916041433811, 0.984634041786, 0.939587295055, 0.850121855736, 0.408302605152], "var": [0.0545012839139, 0.0453549213707, 0.0482397675514, 0.0305028818548, 0.00638159131631, 0.00149343244266], "mean": [0.280074745417, 0.35200971365, 0.270321011543, 0.139563769102, 0.0581085495651, 0.0175987631083]}}, "lowlevel": {"barkbands_spread": {"dmean2": 4.14149570465, "median": 8.68882465363, "min": 0.330422848463, "dvar2": 38.2355690002, "dvar": 16.7733631134, "dmean": 2.69307518005, "max": 133.119155884, "var": 220.211883545, "mean": 13.4721574783}, "melbands_spread": {"dmean2": 5.45297336578, "median": 11.0272159576, "min": 0.423212915659, "dvar2": 66.3904190063, "dvar": 27.45362854, "dmean": 3.54392290115, "max": 143.118438721, "var": 226.317855835, "mean": 15.385925293}, "hfc": {"dmean2": 4.40500307083, "median": 6.07768678665, "min": 1.21233509635e-16, "dvar2": 72.9287414551, "dvar": 33.6029930115, "dmean": 3.07419800758, "max": 132.99772644, "var": 220.295120239, "mean": 12.3228263855}, "barkbands_kurtosis": {"dmean2": 4.79923772812, "median": 2.53566503525, "min": -1.84938800335, "dvar2": 114.493179321, "dvar": 51.2713737488, "dmean": 3.17012166977, "max": 299.154632568, "var": 250.206970215, "mean": 6.95407009125}, "gfcc": {"mean": [-100.74054718, 131.843063354, -113.843452454, 4.87944316864, -51.4750862122, -7.72236585617, -44.7702865601, -0.444894164801, -21.7746753693, -7.47865009308, -12.2621364594, -3.41868638992, -8.16557025909], "icov": [[0.000168181941262, -0.000393313530367, 0.000407680519857, -0.000511502381414, 0.00035340397153, -0.000439485680545, 0.000564589106943, -0.000373383343685, 0.000429160310887, -0.000335758959409, 0.000389364635339, -0.000451218278613, 0.000390401488403], [-0.000393313530367, 0.00220679584891, -0.00122488546185, 0.00166059995536, -0.00170471612364, 0.001905088895, -0.00206051464193, 0.00216286582872, -0.00200005853549, 0.00226435810328, -0.00195626262575, 0.00233045476489, -0.00156308582518], [0.000407680519857, -0.00122488546185, 0.00190316140652, -0.00137689232361, 0.000673264381476, -0.00133213563822, 0.00151382526383, -0.000778023269959, 0.00113059254363, -0.00120198098011, 0.00170361425262, -0.00234915269539, 0.00160325900652], [-0.000511502381414, 0.00166059995536, -0.00137689232361, 0.00269438652322, -0.00118190993089, 0.00117346015759, -0.00244775833562, 0.00135002296884, -0.00212275632657, 0.00148272910155, -0.00116206437815, 0.0018651203718, -0.00168852834031], [0.00035340397153, -0.00170471612364, 0.000673264381476, -0.00118190993089, 0.00488633709028, -0.00111879431643, 0.000548766984139, -0.00252218963578, 0.000628155248705, -0.00174601736944, 0.001216706587, -0.000865274283569, 0.00058256147895], [-0.000439485680545, 0.001905088895, -0.00133213563822, 0.00117346015759, -0.00111879431643, 0.00545862084255, -0.0031095133163, 0.000505084404722, -0.00127946271095, 0.00123742606957, -0.00109982967842, 0.0011319196783, -0.00123918929603], [0.000564589106943, -0.00206051464193, 0.00151382526383, -0.00244775833562, 0.000548766984139, -0.0031095133163, 0.00769100571051, -0.00189349462744, 0.00221799826249, -0.00148160755634, 0.000961998826824, -0.00209794845432, 0.00165192026179], [-0.000373383343685, 0.00216286582872, -0.000778023269959, 0.00135002296884, -0.00252218963578, 0.000505084404722, -0.00189349462744, 0.0108741745353, -0.00370638002641, 0.00176970963366, -0.000935736868996, 0.00179802079219, -0.00116197997704], [0.000429160310887, -0.00200005853549, 0.00113059254363, -0.00212275632657, 0.000628155248705, -0.00127946271095, 0.00221799826249, -0.00370638002641, 0.0107405772433, -0.00530937453732, 0.00172809476499, -0.00264334329404, 0.00045804164256], [-0.000335758959409, 0.00226435810328, -0.00120198098011, 0.00148272910155, -0.00174601736944, 0.00123742606957, -0.00148160755634, 0.00176970963366, -0.00530937453732, 0.0132570788264, -0.00542617915198, 0.00291268946603, -0.000251245481195], [0.000389364635339, -0.00195626262575, 0.00170361425262, -0.00116206437815, 0.001216706587, -0.00109982967842, 0.000961998826824, -0.000935736868996, 0.00172809476499, -0.00542617915198, 0.0132447211072, -0.00498709687963, 0.00218525878154], [-0.000451218278613, 0.00233045476489, -0.00234915269539, 0.0018651203718, -0.000865274283569, 0.0011319196783, -0.00209794845432, 0.00179802079219, -0.00264334329404, 0.00291268946603, -0.00498709687963, 0.0152971306816, -0.00579895963892], [0.000390401488403, -0.00156308582518, 0.00160325900652, -0.00168852834031, 0.00058256147895, -0.00123918929603, 0.00165192026179, -0.00116197997704, 0.00045804164256, -0.000251245481195, 0.00218525878154, -0.00579895963892, 0.0142048513517]], "cov": [[22171.3261719, -829.314819336, -2483.4597168, 2607.89746094, -645.092590332, 646.745178223, -172.056472778, 202.96963501, -81.2959823608, -74.283531189, -142.44744873, -100.423233032, -8.59197711945], [-829.314819336, 2103.35375977, 233.390533447, -668.610046387, 320.466918945, -410.270629883, 60.5016899109, -190.136322021, 35.0957603455, -105.235336304, 80.5922088623, -86.0247573853, 26.3908748627], [-2483.4597168, 233.390533447, 1375.7010498, 94.5577545166, 116.15776062, 58.1472053528, 37.3660125732, -23.6577911377, 32.3309249878, 6.76129627228, -37.4098510742, 87.2867050171, -15.6005010605], [2607.89746094, -668.610046387, 94.5577545166, 1330.66687012, -9.19263935089, 261.568756104, 151.666503906, 95.2776412964, 84.0586547852, 27.6284599304, -47.4057502747, 26.5466213226, 31.5159988403], [-645.092590332, 320.466918945, 116.15776062, -9.19263935089, 346.476745605, -11.7687482834, 68.5659103394, 34.9251060486, 51.708404541, 17.4064273834, 9.99709796906, -9.88170719147, 11.5057430267], [646.745178223, -410.270629883, 58.1472053528, 261.568756104, -11.7687482834, 369.064422607, 90.5019378662, 66.22681427, 11.273598671, 18.6301517487, -17.7288398743, 29.3535346985, 3.85718035698], [-172.056472778, 60.5016899109, 37.3660125732, 151.666503906, 68.5659103394, 90.5019378662, 233.420211792, 22.1118297577, 11.4520816803, 2.57532310486, 9.28315162659, 6.24015855789, 5.73995161057], [202.96963501, -190.136322021, -23.6577911377, 95.2776412964, 34.9251060486, 66.22681427, 22.1118297577, 141.326766968, 39.2468528748, 18.1070365906, -8.31244754791, 5.04548835754, 3.22277116776], [-81.2959823608, 35.0957603455, 32.3309249878, 84.0586547852, 51.708404541, 11.273598671, 11.4520816803, 39.2468528748, 150.75213623, 50.41796875, 12.0500993729, 10.8693971634, 11.7948713303], [-74.283531189, -105.235336304, 6.76129627228, 27.6284599304, 17.4064273834, 18.6301517487, 2.57532310486, 18.1070365906, 50.41796875, 121.073669434, 34.8423957825, 3.14289498329, -8.48561000824], [-142.44744873, 80.5922088623, -37.4098510742, -47.4057502747, 9.99709796906, -17.7288398743, 9.28315162659, -8.31244754791, 12.0500993729, 34.8423957825, 108.267303467, 17.8667297363, -1.4798014164], [-100.423233032, -86.0247573853, 87.2867050171, 26.5466213226, -9.88170719147, 29.3535346985, 6.24015855789, 5.04548835754, 10.8693971634, 3.14289498329, 17.8667297363, 100.670074463, 27.3046073914], [-8.59197711945, 26.3908748627, -15.6005010605, 31.5159988403, 11.5057430267, 3.85718035698, 5.73995161057, 3.22277116776, 11.7948713303, -8.48561000824, -1.4798014164, 27.3046073914, 89.3504714966]]}, "spectral_energyband_middle_low": {"dmean2": 0.00635851128027, "median": 0.0078344643116, "min": 4.16822010659e-22, "dvar2": 0.000260487751802, "dvar": 0.000101622812508, "dmean": 0.0041176090017, "max": 0.179878756404, "var": 0.000170016472111, "mean": 0.0112576466054}, "melbands_crest": {"dmean2": 3.68116044998, "median": 12.727314949, "min": 2.08534312248, "dvar2": 14.7024469376, "dvar": 5.91455411911, "dmean": 2.3309738636, "max": 34.7451896667, "var": 28.0800952911, "mean": 13.9507427216}, "spectral_kurtosis": {"dmean2": 9.3581571579, "median": 11.1981458664, "min": -1.23900723457, "dvar2": 187.756546021, "dvar": 88.3387298584, "dmean": 6.00685453415, "max": 182.235916138, "var": 409.499664307, "mean": 17.5582294464}, "spectral_rms": {"dmean2": 0.00085157121066, "median": 0.00352684431709, "min": 3.28154560816e-12, "dvar2": 2.3199536372e-06, "dvar": 9.32417549393e-07, "dmean": 0.000571553653572, "max": 0.0154787795618, "var": 4.7524558795e-06, "mean": 0.00380146270618}, "zerocrossingrate": {"dmean2": 0.00607689889148, "median": 0.033203125, "min": 0.00390625, "dvar2": 6.41622609692e-05, "dvar": 4.73230938951e-05, "dmean": 0.00490596983582, "max": 0.5, "var": 0.00119373225607, "mean": 0.0405814871192}, "silence_rate_60dB": {"dmean2": 0.0625330582261, "median": 0, "min": 0, "dvar2": 0.0663766115904, "dvar": 0.0302862897515, "dmean": 0.0312646925449, "max": 1, "var": 0.143173411489, "mean": 0.173120990396}, "erbbands_kurtosis": {"dmean2": 2.24098801613, "median": 0.741638660431, "min": -1.82552933693, "dvar2": 24.1322574615, "dvar": 10.7043771744, "dmean": 1.49750030041, "max": 184.83895874, "var": 43.4000892639, "mean": 2.58577418327}, "erbbands": {"dmean2": [0.054734762758, 0.703572928905, 2.03284430504, 3.26682066917, 9.18319034576, 7.0311589241, 12.2652053833, 16.3701648712, 20.1529598236, 7.58971118927, 11.9550552368, 14.3684997559, 29.2334594727, 16.6606292725, 8.53636169434, 11.1326303482, 8.08727359772, 16.6196136475, 14.1774253845, 13.1513586044, 8.69265842438, 10.4471063614, 7.61577320099, 8.95456027985, 9.3340883255, 3.90469908714, 2.09637403488, 1.49130380154, 1.19135534763, 0.86907595396, 0.805216372013, 0.467213302851, 0.246609836817, 0.137213110924, 0.0859372168779, 0.0322059057653, 0.0125970439985, 0.00511083239689, 0.000626692606602, 3.131597623e-05], "median": [0.00122887012549, 0.0553875751793, 0.507371485233, 1.08762216568, 1.93056380749, 4.03376817703, 7.8907828331, 11.0640449524, 10.4266347885, 4.42955446243, 4.98901414871, 5.24584770203, 6.12027978897, 4.872797966, 3.07264018059, 3.83038544655, 2.41439199448, 5.431453228, 3.45538711548, 2.40805101395, 2.12983226776, 2.38262104988, 1.71953463554, 0.922456622124, 0.557473361492, 0.416064471006, 0.147244676948, 0.0541000515223, 0.0717449858785, 0.0789468437433, 0.0418848730624, 0.0268003512174, 0.0273163747042, 0.0109059419483, 0.00512664858252, 0.00195855088532, 0.00049827148905, 0.000103108228359, 2.27840027947e-05, 1.62400556292e-05], "min": [1.09876787795e-21, 8.60921261271e-21, 1.87015019026e-20, 5.79044394116e-20, 6.91486285955e-20, 1.13962908964e-19, 8.03826201933e-19, 4.74892196184e-19, 7.92662985977e-19, 1.76287387979e-18, 1.39743706569e-18, 2.95137939161e-18, 1.14068651081e-18, 3.26146458784e-18, 2.30676064218e-18, 1.49934788851e-18, 4.01554869723e-18, 7.27552332599e-18, 5.73887817386e-18, 1.11112623968e-17, 7.90958704402e-18, 8.72318038783e-18, 1.13241232654e-17, 1.54869171427e-17, 1.28803800426e-17, 1.05973044765e-17, 1.30857491364e-17, 1.43268922865e-17, 1.47937050478e-17, 2.05611408051e-17, 2.30257601818e-17, 2.7233184589e-17, 1.79483287129e-17, 1.10957916378e-17, 1.06324505536e-17, 5.42329305374e-18, 2.79139335536e-18, 1.64556043698e-18, 3.88133280088e-19, 3.09389815214e-20], "dvar2": [0.0769120380282, 11.6539239883, 75.7533569336, 112.300109863, 1709.56567383, 418.515258789, 576.70098877, 1171.55859375, 2523.76318359, 554.265991211, 1702.8359375, 2642.77832031, 15517.8095703, 4676.25830078, 1265.04748535, 3140.30297852, 1079.82836914, 3054.10107422, 2307.16162109, 1967.80615234, 510.697143555, 801.849609375, 550.628540039, 1120.62451172, 1091.51293945, 141.037155151, 35.4754638672, 20.2542934418, 14.3147439957, 6.12305784225, 5.73696136475, 2.12774038315, 0.584960103035, 0.210162580013, 0.101738154888, 0.0173869356513, 0.00573157379404, 0.0022757856641, 4.01075085392e-05, 5.59850121817e-08], "dvar": [0.0290867667645, 4.06244421005, 26.2193946838, 40.076915741, 628.514770508, 163.803710938, 220.890029907, 523.667297363, 911.012390137, 239.016082764, 681.036560059, 1127.11682129, 7114.01220703, 2624.96777344, 572.535644531, 1239.56677246, 543.616821289, 1387.04785156, 1052.89050293, 971.69317627, 222.030899048, 318.232421875, 233.843002319, 402.756072998, 384.374298096, 56.4189605713, 12.9249887466, 7.29416799545, 5.16256570816, 2.40921807289, 2.24892926216, 0.939462006092, 0.263502538204, 0.0924539044499, 0.0449992120266, 0.00796582829207, 0.00248942850158, 0.000837316852994, 1.44807445395e-05, 2.0297559189e-08], "dmean": [0.0321783721447, 0.393231779337, 1.15572333336, 1.93802726269, 5.4432759285, 4.53752279282, 7.74495697021, 10.891368866, 12.4168214798, 5.06235980988, 7.92607402802, 9.48409748077, 20.2073898315, 12.0994510651, 5.98647022247, 7.3869228363, 5.63151836395, 11.3253421783, 9.43695449829, 9.07324504852, 5.69643497467, 6.6968536377, 4.86908531189, 5.4331908226, 5.60170888901, 2.42280983925, 1.27042853832, 0.899553894997, 0.708883106709, 0.546192824841, 0.498421698809, 0.298724085093, 0.161687046289, 0.0886480584741, 0.0551283434033, 0.0211570300162, 0.00830112583935, 0.00307738152333, 0.00036841223482, 1.91725812329e-05], "max": [3.19680142403, 38.03515625, 116.004730225, 105.717483521, 485.518768311, 398.043670654, 398.04397583, 592.667663574, 752.04095459, 620.885498047, 1217.83813477, 1281.78991699, 2683.17456055, 2386.38818359, 1190.88439941, 1982.79846191, 989.890075684, 1137.94226074, 1240.55041504, 996.045288086, 673.982727051, 710.836425781, 1073.90515137, 721.17590332, 608.280090332, 236.503662109, 93.8043365479, 75.2493667603, 44.0813102722, 51.3531570435, 43.485824585, 40.5826568604, 18.5453128815, 9.0898809433, 6.75629281998, 2.50149321556, 1.93895554543, 1.76702237129, 0.161402359605, 0.0078704347834], "var": [0.0288912523538, 4.08185911179, 22.0314044952, 48.4681816101, 518.031616211, 281.018981934, 404.79397583, 1796.43933105, 2182.58691406, 604.384338379, 1416.93786621, 2385.85058594, 17109.6289062, 9762.74121094, 1748.67236328, 1922.27819824, 1346.48522949, 3171.12475586, 2604.99414062, 2397.10888672, 932.684814453, 1185.71228027, 658.34777832, 1298.96154785, 1019.62591553, 227.12991333, 68.8886795044, 34.2895584106, 13.3952445984, 11.7764520645, 9.47335910797, 3.88818216324, 0.688265740871, 0.170644447207, 0.0671099275351, 0.0125079220161, 0.00300113973208, 0.00058979250025, 9.46365980781e-06, 1.43360878724e-08], "mean": [0.0546585321426, 0.781412005424, 1.97116422653, 3.44637060165, 8.3266658783, 10.2244987488, 14.4468803406, 26.3881225586, 26.7108154297, 10.9916906357, 16.9121284485, 20.115020752, 45.2861480713, 28.6533870697, 13.8492288589, 13.8386859894, 10.8393802643, 22.3207359314, 18.7613296509, 19.0903205872, 14.266576767, 16.5030860901, 12.2712364197, 13.2522277832, 11.9843626022, 6.29536819458, 3.65517115593, 2.54211854935, 1.61315262318, 1.44117414951, 1.21764695644, 0.719307363033, 0.334453761578, 0.14976964891, 0.0793571323156, 0.0296418126673, 0.00993533991277, 0.00279908976518, 0.000325316446833, 3.40355945809e-05]}, "spectral_strongpeak": {"dmean2": 0.67167955637, "median": 0.656760811806, "min": 0, "dvar2": 1.23818767071, "dvar": 0.516651272774, "dmean": 0.403326451778, "max": 11.9082288742, "var": 1.20027172565, "mean": 1.02619588375}, "spectral_energy": {"dmean2": 0.0101768299937, "median": 0.0127495964989, "min": 1.10377551144e-20, "dvar2": 0.000682042329572, "dvar": 0.000258039712207, "dmean": 0.0064878189005, "max": 0.245582446456, "var": 0.000495770538691, "mean": 0.0196836814284}, "average_loudness": 0.475157946348, "spectral_rolloff": {"dmean2": 367.945648193, "median": 775.1953125, "min": 86.1328125, "dvar2": 520222.34375, "dvar": 229000.09375, "dmean": 216.67729187, "max": 18195.5566406, "var": 2064583.25, "mean": 1122.96350098}, "spectral_centroid": {"dmean2": 180.985916138, "median": 688.059448242, "min": 132.067367554, "dvar2": 69856.46875, "dvar": 31037.6679688, "dmean": 119.258155823, "max": 11538.5097656, "var": 401088.40625, "mean": 900.350280762}, "pitch_salience": {"dmean2": 0.0864796563983, "median": 0.524366855621, "min": 0.0356018804014, "dvar2": 0.0078510530293, "dvar": 0.00305397436023, "dmean": 0.0545461587608, "max": 0.814324021339, "var": 0.0141939967871, "mean": 0.517496883869}, "spectral_energyband_middle_high": {"dmean2": 0.001586437691, "median": 0.00135085149668, "min": 1.48500457749e-21, "dvar2": 1.35637319545e-05, "dvar": 7.21869355402e-06, "dmean": 0.00115632486995, "max": 0.0836895853281, "var": 3.24783250107e-05, "mean": 0.00376797583885}, "spectral_contrast_coeffs": {"dmean2": [0.0686681121588, 0.0668986737728, 0.0534151121974, 0.0472253002226, 0.034571763128, 0.0239192340523], "median": [-0.607125997543, -0.653655946255, -0.733972072601, -0.73720985651, -0.76441192627, -0.796644330025], "min": [-0.937850952148, -0.968230307102, -0.960493981838, -0.97058737278, -0.95810264349, -0.958039283752], "dvar2": [0.00354020483792, 0.00357506331056, 0.00219279527664, 0.00172652921174, 0.000930541486014, 0.000529012468178], "dvar": [0.00135863933247, 0.00135992863216, 0.000996394781396, 0.000785962329246, 0.000452156469692, 0.000241665082285], "dmean": [0.0422980971634, 0.0414660796523, 0.0341183282435, 0.0303606893867, 0.0225192755461, 0.0154549973086], "max": [-0.281319618225, -0.379281878471, -0.376104593277, -0.466243326664, -0.569584190845, -0.620231389999], "var": [0.00819316040725, 0.00742850732058, 0.00903044268489, 0.00560579774901, 0.00384245044552, 0.0034088473767], "mean": [-0.602905154228, -0.652781784534, -0.718317866325, -0.736788630486, -0.761464357376, -0.796607553959]}, "melbands_skewness": {"dmean2": 0.80870205164, "median": 1.83081817627, "min": -2.49546480179, "dvar2": 1.20431637764, "dvar": 0.544760882854, "dmean": 0.548113942146, "max": 17.6772632599, "var": 2.52027344704, "mean": 2.03592514992}, "spectral_spread": {"dmean2": 653424.75, "median": 2797542, "min": 454381.8125, "dvar2": 1037107855360.0, "dvar": 640631963648, "dmean": 461397.28125, "max": 41721096, "var": 2826228727810.0, "mean": 3108785.25}, "dissonance": {"dmean2": 0.0498511977494, "median": 0.42149117589, "min": 0.113511659205, "dvar2": 0.00258409278467, "dvar": 0.000947872817051, "dmean": 0.0298207830638, "max": 0.500000119209, "var": 0.0037055357825, "mean": 0.412737935781}, "spectral_skewness": {"dmean2": 0.696572840214, "median": 2.53326964378, "min": -0.0448220968246, "dvar2": 0.738052368164, "dvar": 0.340938776731, "dmean": 0.454975128174, "max": 11.8635730743, "var": 2.5244641304, "mean": 2.81341528893}, "spectral_flux": {"dmean2": 0.0294957514852, "median": 0.0367551669478, "min": 1.05060724009e-10, "dvar2": 0.00179473869503, "dvar": 0.00089038524311, "dmean": 0.0189083963633, "max": 0.440219670534, "var": 0.00245500425808, "mean": 0.0513924844563}, "spectral_contrast_valleys": {"dmean2": [0.658171474934, 0.532832205296, 0.4858481884, 0.472347229719, 0.416786968708, 0.406470775604], "median": [-8.12689399719, -7.25011873245, -8.19822406769, -8.90639209747, -9.29319667816, -11.9209213257], "min": [-27.8172969818, -27.5353031158, -27.4199104309, -27.2715568542, -27.2710208893, -27.3535861969], "dvar2": [0.323545098305, 0.226775944233, 0.194149374962, 0.204534679651, 0.250900328159, 0.357950806618], "dvar": [0.130395501852, 0.0998607799411, 0.0907752886415, 0.0985146313906, 0.132134363055, 0.215389639139], "dmean": [0.401391983032, 0.337425738573, 0.310953378677, 0.306468009949, 0.286301672459, 0.306967765093], "max": [-4.94154977798, -4.55619096756, -5.47574710846, -5.87255334854, -5.74092578888, -8.16337490082], "var": [2.86602139473, 2.07618427277, 2.08989953995, 2.48066282272, 3.2959446907, 2.62532162666], "mean": [-8.22618675232, -7.47457790375, -8.36989116669, -9.00510406494, -9.22995471954, -11.8287715912]}, "erbbands_flatness_db": {"dmean2": 0.0257428027689, "median": 0.232689067721, "min": 0.0358428992331, "dvar2": 0.00092135410523, "dvar": 0.000489657919388, "dmean": 0.0186431743205, "max": 0.476663023233, "var": 0.00480911089107, "mean": 0.227701187134}, "spectral_energyband_high": {"dmean2": 0.000123172620079, "median": 1.67205762409e-05, "min": 8.06117233736e-21,