{"tonal": {"thpcp": [1, 0.797425150871, 0.352637052536, 0.216457262635, 0.17334780097, 0.31604924798, 0.513331055641, 0.341840267181, 0.344580769539, 0.581883013248, 0.379130244255, 0.394276529551, 0.584706246853, 0.335417032242, 0.422051429749, 0.709255814552, 0.459527522326, 0.249099984765, 0.294571787119, 0.209523200989, 0.289068609476, 0.393230617046, 0.214195355773, 0.141472816467, 0.216193154454, 0.20983928442, 0.498568624258, 0.768096387386, 0.458929866552, 0.492439985275, 0.973646998405, 0.745035767555, 0.303338378668, 0.265954256058, 0.266883432865, 0.57741266489], "hpcp": {"dmean2": [0.144235238433, 0.12411365658, 0.116277270019, 0.11818728596, 0.107048027217, 0.16010594368, 0.187251672149, 0.123527422547, 0.155825585127, 0.206378668547, 0.146962806582, 0.121149435639, 0.123833194375, 0.100970454514, 0.130994334817, 0.165851205587, 0.098301127553, 0.0742338821292, 0.0970599725842, 0.107715010643, 0.166450098157, 0.214753821492, 0.171319976449, 0.17862726748, 0.229134425521, 0.236085534096, 0.164992511272, 0.130112826824, 0.148631170392, 0.272570937872, 0.399418801069, 0.299885928631, 0.212709724903, 0.138793170452, 0.116407543421, 0.137962520123], "median": [0.00830890145153, 0.00897935777903, 0.00606608157977, 0.00418676482514, 0.00946869328618, 0.0130542218685, 0.0126125151291, 0.0137795079499, 0.023099064827, 0.0282027218491, 0.0248778238893, 0.00878795795143, 0.005502584856, 0.00676340563223, 0.0138865280896, 0.0162841398269, 0.0111374352127, 0.00664562452585, 0.00499974470586, 0.00673829484731, 0.0136649738997, 0.0155654381961, 0.0133402459323, 0.026974465698, 0.0271175745875, 0.0331839099526, 0.0125289382413, 0.00655299425125, 0.0120070185512, 0.047361060977, 0.0691173374653, 0.0495503656566, 0.0119298975915, 0.00420207995921, 0.00360854016617, 0.00709393760189], "min": [0, 0, 0, 0, 0, 0, 0, 0, 0, 0, 0, 0, 0, 0, 0, 0, 0, 0, 0, 0, 0, 0, 0, 0, 0, 0, 0, 0, 0, 0, 0, 0, 0, 0, 0, 0], "dvar2": [0.0826037079096, 0.0527626015246, 0.0425883680582, 0.0674016922712, 0.0376501269639, 0.0640042051673, 0.106798171997, 0.0436171144247, 0.0501440577209, 0.0936907529831, 0.04657895118, 0.0532702058554, 0.0623275153339, 0.0369320623577, 0.0562334172428, 0.0886723175645, 0.0359029769897, 0.0189022161067, 0.0423415414989, 0.0447820052505, 0.0756506994367, 0.117284737527, 0.0854281485081, 0.0702492073178, 0.115579456091, 0.0967051610351, 0.0750822350383, 0.0537748895586, 0.0637528672814, 0.109959863126, 0.198490455747, 0.123129695654, 0.125179290771, 0.0821055099368, 0.0608142018318, 0.0613520815969], "dvar": [0.0382471829653, 0.0214087590575, 0.0158137008548, 0.0286462120712, 0.0160162635148, 0.0257948581129, 0.0475392490625, 0.016948595643, 0.0210468545556, 0.0440223775804, 0.0202156510204, 0.019506694749, 0.026818221435, 0.0145245939493, 0.0233417320997, 0.0398358628154, 0.0139018762857, 0.00731298187748, 0.0191585607827, 0.0175285376608, 0.0331619009376, 0.0529506951571, 0.0316616743803, 0.0264263935387, 0.0540235824883, 0.0393133535981, 0.0286457259208, 0.0220956522971, 0.0230848193169, 0.0427374914289, 0.0821114704013, 0.0570767112076, 0.0441001243889, 0.0295073296875, 0.0223548412323, 0.0234632343054], "dmean": [0.0818787068129, 0.0730347260833, 0.0665295124054, 0.0680043548346, 0.0644508525729, 0.0901705697179, 0.105424158275, 0.0716167986393, 0.0898304879665, 0.119526207447, 0.0880993902683, 0.0696798861027, 0.0711885914207, 0.0575442276895, 0.0778806954622, 0.0971754267812, 0.0566446445882, 0.041737806052, 0.0556711815298, 0.0620806030929, 0.0989284068346, 0.126517817378, 0.0979503244162, 0.104630999267, 0.133536070585, 0.138315588236, 0.0929043516517, 0.0732526406646, 0.0831905826926, 0.155955582857, 0.228780061007, 0.184603720903, 0.118297614157, 0.0751691684127, 0.0641081556678, 0.0783843174577], "max": [1, 1, 1, 1, 1, 1, 1, 1, 1, 1, 1, 1, 1, 1, 1, 1, 1, 0.753387868404, 1, 1, 1, 1, 1, 1, 1, 1, 1, 1, 1, 1, 1, 1, 1, 1, 1, 1], "var": [0.0850499793887, 0.0360027700663, 0.0313716568053, 0.102223724127, 0.0414600484073, 0.0361477807164, 0.0905255004764, 0.0248803924769, 0.034738432616, 0.0968018993735, 0.0405992791057, 0.0194350574166, 0.0396962463856, 0.0166158322245, 0.0263451579958, 0.0488564632833, 0.0143743082881, 0.00734013225883, 0.0271873921156, 0.0175349712372, 0.0522652156651, 0.115501120687, 0.0438521578908, 0.0377444550395, 0.141376152635, 0.0776489004493, 0.027062503621, 0.0288006700575, 0.0216633155942, 0.0476599782705, 0.112054288387, 0.0845124796033, 0.0336984544992, 0.0246247742325, 0.0168423168361, 0.0284340232611], "mean": [0.131750628352, 0.087736107409, 0.0884394794703, 0.149345040321, 0.0973068848252, 0.101194299757, 0.150069653988, 0.0860875323415, 0.108322955668, 0.182036325336, 0.117941506207, 0.0639335513115, 0.0756042599678, 0.0537758469582, 0.0741918310523, 0.100925862789, 0.0549749918282, 0.0363101586699, 0.0554877445102, 0.053856972605, 0.127961724997, 0.197138234973, 0.117788113654, 0.126388758421, 0.249894484878, 0.19121953845, 0.077854283154, 0.0682593360543, 0.0684978216887, 0.148197695613, 0.256658196449, 0.204665705562, 0.0905071869493, 0.0555555298924, 0.044491134584, 0.0811166316271]}, "tuning_equal_tempered_deviation": 0.0045040990226, "chords_changes_rate": 0.0627118647099, "key_key": "F", "tuning_diatonic_strength": 0.474610507488, "key_scale": "major", "chords_number_rate": 0.00932203419507, "tuning_frequency": 446.91595459, "tuning_nontempered_energy_ratio": 0.646536111832, "chords_histogram": [4.91525411606, 13.0508470535, 21.7796611786, 10.254237175, 6.27118635178, 0, 0.169491529465, 0, 1.61016952991, 0, 0, 0, 0, 0, 0.593220353127, 5.7627120018, 0.593220353127, 2.79661011696, 0, 0.423728823662, 13.1355934143, 0, 14.237288475, 4.40677976608], "key_strength": 0.650111794472, "chords_key": "C", "chords_strength": {"dmean2": 0.00987358950078, "median": 0.445002943277, "min": 0.239174202085, "dvar2": 7.67701349105e-05, "dvar": 6.67554486427e-05, "dmean": 0.0101914536208, "max": 0.747130692005, "var": 0.00941050704569, "mean": 0.460672259331}, "chords_scale": "major", "hpcp_entropy": {"dmean2": 1.05824184418, "median": 1.58329772949, "min": 0, "dvar2": 0.711728274822, "dvar": 0.280081570148, "dmean": 0.613913834095, "max": 3.48811769485, "var": 0.505013585091, "mean": 1.51889109612}}, "metadata": {"audio_properties": {"equal_loudness": 0, "codec": "mp3", "downmix": "mix", "sample_rate": 44100, "analysis_sample_rate": 44100, "bit_rate": 192000, "md5_encoded": "eb7306938dc33f3fcb4641baeb06880e", "length": 54.7265319824, "replay_gain": 8.61870384216, "lossless": false}, "version": {"essentia_build_sha": "70f2e5ece6736b2c40cc944ad0e695b16b925413", "essentia": "2.1-beta2", "extractor": "music 1.0", "essentia_git_sha": "v2.1_beta2"}, "tags": {"title": ["03 - Var II ; Poco allegro"], "artist": ["Grigory Sokolov"], "albumartist": ["Grigory Sokolov"], "date": ["2001"], "genre": ["Other"], "album": ["Beethoven - Diabelli Variations Op.120 - Grigory Sokolov Live Leningrad 1985"], "tracknumber": ["3"], "musicbrainz_recordingid": ["1054599b-c9a8-40de-b146-6a73c62c8129"], "file_name": "236850.mp3"}}, "rhythm": {"bpm_histogram_first_peak_bpm": {"dmean2": 0, "median": 172, "min": 172, "dvar2": 0, "dvar": 0, "dmean": 0, "max": 172, "var": 0, "mean": 172}, "bpm": 172.265563965, "bpm_histogram_second_peak_spread": {"dmean2": 0, "median": 0, "min": 0, "dvar2": 0, "dvar": 0, "dmean": 0, "max": 0, "var": 0, "mean": 0}, "bpm_histogram_first_peak_weight": {"dmean2": 0, "median": 0.422818779945, "min": 0.422818779945, "dvar2": 0, "dvar": 0, "dmean": 0, "max": 0.422818779945, "var": 0, "mean": 0.422818779945}, "onset_rate": 5.22459888458, "beats_position": [0.325079351664, 0.66176867485, 0.99845802784, 1.34675729275, 1.69505667686, 2.04335594177, 2.40326523781, 2.76317453384, 3.12308382988, 3.47138309479, 3.83129239082, 4.17959165573, 4.52789115906, 4.87619018555, 5.22448968887, 5.5727891922, 5.92108821869, 6.26938772202, 6.6176867485, 6.9543762207, 7.2910656929, 7.63936471939, 7.98766422272, 8.33596324921, 8.67265319824, 9.0093421936, 9.35764122009, 9.69433116913, 10.0310201645, 10.379319191, 10.7276191711, 11.0759181976, 11.4009971619, 11.749297142, 12.0975961685, 12.445895195, 12.7941951752, 13.1424942017, 13.4907932281, 13.8274831772, 14.1641721725, 14.4892511368, 14.8375511169, 15.1974601746, 15.5573692322, 15.9056682587, 16.2539672852, 16.6254863739, 16.99700737, 17.3569164276, 17.7168254852, 18.0651245117, 18.4134235382, 18.7733325958, 19.1216316223, 19.4699325562, 19.8182315826, 20.154920578, 20.5032196045, 20.851518631, 21.1998176575, 21.548116684, 21.8964176178, 22.2447166443, 22.5930156708, 22.9413146973, 23.2896137238, 23.6379127502, 23.9862117767, 24.3345127106, 24.6828117371, 25.0311107635, 25.37940979, 25.7277088165, 26.0876178741, 26.4475269318, 26.8190479279, 27.1905670166, 27.5504760742, 27.9103851318, 28.2819042206, 28.6302032471, 29.0017223358, 29.3500213623, 29.6983222961, 30.0466213226, 30.3949203491, 30.7432193756, 31.0915184021, 31.4514274597, 31.8113365173, 32.1828575134, 32.5543746948, 32.9258956909, 33.2974128723, 33.6921539307, 34.0868911743, 34.4700202942, 34.8531494141, 35.2246704102, 35.5845794678, 35.9561004639, 36.3160095215, 36.6643066406, 37.0242156982, 37.3725166321, 37.7324256897, 38.0923347473, 38.4522438049, 38.823764801, 39.1952819824, 39.5668029785, 39.9151000977, 40.2634010315, 40.6116981506, 40.9599990845, 41.3083000183, 41.6798171997, 42.0397262573, 42.4112472534, 42.7827644348, 43.1891136169, 43.5954627991, 43.9785919189, 44.3733329773, 44.7448501587, 45.1163711548, 45.4878921509, 45.8594093323, 46.2309303284, 46.6024475098, 46.9739685059, 47.3338775635, 47.6937866211, 48.0653038025, 48.4252128601, 48.7851219177, 49.14503479, 49.5281639099, 49.9112930298, 50.2944221497, 50.7355995178, 51.1883888245, 51.6063499451, 52.024307251, 52.4538764954, 52.8950538635, 53.3362350464, 53.7774124146, 54.2185935974], "beats_loudness": {"dmean2": 0.0433236733079, "median": 0.0333945080638, "min": 3.78191689379e-05, "dvar2": 0.00191802973859, "dvar": 0.000780036381911, "dmean": 0.026772076264, "max": 0.194385677576, "var": 0.00126316561364, "mean": 0.0409201383591}, "danceability": 1.26282215118, "bpm_histogram_second_peak_weight": {"dmean2": 0, "median": 0.181208059192, "min": 0.181208059192, "dvar2": 0, "dvar": 0, "dmean": 0, "max": 0.181208059192, "var": 0, "mean": 0.181208059192}, "beats_count": 150, "bpm_histogram_second_peak_bpm": {"dmean2": 0, "median": 167, "min": 167, "dvar2": 0, "dvar": 0, "dmean": 0, "max": 167, "var": 0, "mean": 167}, "bpm_histogram_first_peak_spread": {"dmean2": 0, "median": 0, "min": 0, "dvar2": 0, "dvar": 0, "dmean": 0, "max": 0, "var": 0, "mean": 0}, "beats_loudness_band_ratio": {"dmean2": [0.0535806454718, 0.253677994013, 0.300326198339, 0.198215782642, 0.00355776329525, 0.000149419327499], "median": [0.0123599525541, 0.196672528982, 0.235859498382, 0.0335452705622, 0.000439203518908, 2.20387883019e-05], "min": [0.00106072414201, 0.00162378232926, 0.00136042118538, 0.00136681855656, 4.51621563116e-05, 4.84257088829e-06], "dvar2": [0.00630863057449, 0.0744272917509, 0.0808309093118, 0.0825201570988, 4.68991856906e-05, 1.62099922818e-07], "dvar": [0.00544954836369, 0.0364438071847, 0.0398216508329, 0.0438758209348, 1.82267503988e-05, 1.33783061074e-07], "dmean": [0.0328767634928, 0.148977890611, 0.170802667737, 0.11907107383, 0.00210350519046, 0.000103061262053], "max": [0.954405009747, 0.981875896454, 0.992636322975, 0.984530627728, 0.0344721674919, 0.00443424936384], "var": [0.00694460561499, 0.124187268317, 0.118683941662, 0.133553296328, 2.09730587812e-05, 2.88742256771e-07], "mean": [0.0328032374382, 0.362660497427, 0.389133244753, 0.272979080677, 0.00210306886584, 0.000133373236167]}}, "lowlevel": {"barkbands_spread": {"dmean2": 2.04040908813, "median": 2.53252100945, "min": 0.179760545492, "dvar2": 7.33255529404, "dvar": 4.57513475418, "dmean": 1.39032900333, "max": 77.2287063599, "var": 17.981180191, "mean": 3.95599079132}, "melbands_spread": {"dmean2": 3.51931738853, "median": 4.39715194702, "min": 0.434327185154, "dvar2": 31.5853595734, "dvar": 21.2642097473, "dmean": 2.353317976, "max": 132.492294312, "var": 60.0411300659, "mean": 6.95010185242}, "hfc": {"dmean2": 7.90856599808, "median": 3.81986713409, "min": 1.18122595848e-16, "dvar2": 398.122924805, "dvar": 227.863311768, "dmean": 6.25218915939, "max": 297.711730957, "var": 362.774688721, "mean": 9.53465843201}, "barkbands_kurtosis": {"dmean2": 7.82974338531, "median": 4.14450740814, "min": -1.69601225853, "dvar2": 171.36958313, "dvar": 79.8682403564, "dmean": 5.06775283813, "max": 179.339279175, "var": 169.735443115, "mean": 7.9535036087}, "gfcc": {"mean": [-212.485565186, 196.413085938, -86.7974624634, -46.9697227478, -67.6256408691, -0.265434712172, -38.0968704224, -7.8099489212, -19.9142971039, -6.28524255753, -2.86086583138, -7.73015546799, -2.1655395031], "icov": [[0.00303436280228, -0.00568543747067, 0.00466421945021, -0.00222061527893, 0.00154991261661, 0.00181082927156, -0.0030512297526, 0.00333431293257, -0.0015394135844, 0.000677286123391, -0.000549724150915, -0.000890839670319, 0.000353564100806], [-0.00568543747067, 0.0155781786889, -0.0111674014479, 0.00668869633228, -0.00497305067256, -0.00304360431619, 0.00649304455146, -0.00599584076554, 0.00124637573026, 0.00397516321391, -0.00279843644239, 0.00751530285925, -0.0026569054462], [0.00466421945021, -0.0111674014479, 0.0121303573251, -0.00761492876336, 0.0075608342886, 0.00177806988358, -0.00483461003751, 0.00839239545166, -0.00481463130563, 0.0011567621259, 0.00080218934454, -0.00396354356781, 0.00208111223765], [-0.00222061527893, 0.00668869633228, -0.00761492876336, 0.00994142517447, -0.00629611872137, 0.000386103667552, 0.00454182131216, -0.00801429431885, 0.0086257820949, -0.00577644910663, 0.00382722006179, 0.00103400461376, 0.000194200896658], [0.00154991261661, -0.00497305067256, 0.0075608342886, -0.00629611872137, 0.0150794740766, -0.00559781398624, -0.0010704905726, 0.00768679566681, -0.0078765982762, 0.00957364682108, -0.00626175990328, 0.000298321072478, 0.000345343578374], [0.00181082927156, -0.00304360431619, 0.00177806988358, 0.000386103667552, -0.00559781398624, 0.0137241957709, -0.00943484250456, 0.00220432900824, 0.00906164385378, -0.0123099926859, 0.0132234059274, -0.00948657188565, 0.00398542918265], [-0.0030512297526, 0.00649304455146, -0.00483461003751, 0.00454182131216, -0.0010704905726, -0.00943484250456, 0.0201056916267, -0.01511190366, 0.00450495164841, 0.00788723025471, -0.0123898265883, 0.0125649739057, -0.00538909481838], [0.00333431293257, -0.00599584076554, 0.00839239545166, -0.00801429431885, 0.00768679566681, 0.00220432900824, -0.01511190366, 0.0263753365725, -0.0183598902076, 0.00445890566334, 0.007371511776, -0.0111819133162, 0.00753718568012], [-0.0015394135844, 0.00124637573026, -0.00481463130563, 0.0086257820949, -0.0078765982762, 0.00906164385378, 0.00450495164841, -0.0183598902076, 0.0308264773339, -0.0209183432162, 0.00956756062806, 0.00104585883673, -0.00412033731118], [0.000677286123391, 0.00397516321391, 0.0011567621259, -0.00577644910663, 0.00957364682108, -0.0123099926859, 0.00788723025471, 0.00445890566334, -0.0209183432162, 0.0401253774762, -0.0305432416499, 0.0162302684039, -0.00336557393894], [-0.000549724150915, -0.00279843644239, 0.00080218934454, 0.00382722006179, -0.00626175990328, 0.0132234059274, -0.0123898265883, 0.007371511776, 0.00956756062806, -0.0305432416499, 0.0476102568209, -0.0362270325422, 0.0193275213242], [-0.000890839670319, 0.00751530285925, -0.00396354356781, 0.00103400461376, 0.000298321072478, -0.00948657188565, 0.0125649739057, -0.0111819133162, 0.00104585883673, 0.0162302684039, -0.0362270325422, 0.0449958667159, -0.025821454823], [0.000353564100806, -0.0026569054462, 0.00208111223765, 0.000194200896658, 0.000345343578374, 0.00398542918265, -0.00538909481838, 0.00753718568012, -0.00412033731118, -0.00336557393894, 0.0193275213242, -0.025821454823, 0.0280559323728]], "cov": [[3535.24047852, 1226.40393066, -721.343322754, -846.689147949, 223.485809326, -406.162353516, 152.023635864, -50.8917884827, 171.916015625, -353.940063477, -70.7336807251, -222.629425049, 55.3951835632], [1226.40393066, 772.929443359, 127.787536621, -303.98727417, -26.3954715729, -279.162506104, -51.6642303467, -35.9956169128, 132.223373413, -158.971984863, -116.63143158, -172.509933472, 12.0179405212], [-721.343322754, 127.787536621, 804.821960449, 295.316040039, -264.733520508, -168.192672729, -201.580047607, -37.3589019775, 61.2117614746, 72.8894348145, -74.1467514038, -64.1923828125, -32.351940155], [-846.689147949, -303.98727417, 295.316040039, 486.182434082, -21.8578891754, 132.511871338, -62.1009559631, -9.71241664886, -106.449211121, 88.408203125, -4.26903533936, 35.8516960144, -40.3533477783], [223.485809326, -26.3954715729, -264.733520508, -21.8578891754, 255.226425171, 185.906524658, 85.8359375, -58.2419586182, -110.102867126, -60.9207954407, 28.7723064423, 37.544506073, 8.31198596954], [-406.162353516, -279.162506104, -168.192672729, 132.511871338, 185.906524658, 454.829772949, 166.485015869, -37.6334228516, -219.611099243, -2.56264138222, 26.8249340057, 80.6217956543, -11.4069976807], [152.023635864, -51.6642303467, -201.580047607, -62.1009559631, 85.8359375, 166.485015869, 227.101791382, 79.510017395, -54.735874176, -53.197555542, 1.90240049362, 5.64880990982, -4.40159893036], [-50.8917884827, -35.9956169128, -37.3589019775, -9.71241664886, -58.2419586182, -37.6334228516, 79.510017395, 189.435211182, 107.427566528, 2.84941720963, -38.6799545288, -16.4962768555, -1.9024232626], [171.916015625, 132.223373413, 61.2117614746, -106.449211121, -110.102867126, -219.611099243, -54.735874176, 107.427566528, 223.139633179, 39.9889259338, -30.6846790314, -53.4368934631, 9.25407981873], [-353.940063477, -158.971984863, 72.8894348145, 88.408203125, -60.9207954407, -2.56264138222, -53.197555542, 2.84941720963, 39.9889259338, 146.07194519, 79.2154693604, 34.8248786926, -25.6070747375], [-70.7336807251, -116.63143158, -74.1467514038, -4.26903533936, 28.7723064423, 26.8249340057, 1.90240049362, -38.6799545288, -30.6846790314, 79.2154693604, 151.128540039, 95.4444274902, -9.30426597595], [-222.629425049, -172.509933472, -64.1923828125, 35.8516960144, 37.544506073, 80.6217956543, 5.64880990982, -16.4962768555, -53.4368934631, 34.8248786926, 95.4444274902, 144.249572754, 47.924156189], [55.3951835632, 12.0179405212, -32.351940155, -40.3533477783, 8.31198596954, -11.4069976807, -4.40159893036, -1.9024232626, 9.25407981873, -25.6070747375, -9.30426597595, 47.924156189, 88.7500839233]]}, "spectral_energyband_middle_low": {"dmean2": 0.00911999493837, "median": 0.00606831209734, "min": 3.56199754032e-22, "dvar2": 0.000212731742067, "dvar": 0.000140099684359, "dmean": 0.00751896342263, "max": 0.193902865052, "var": 0.000365112384316, "mean": 0.0131367659196}, "melbands_crest": {"dmean2": 6.13528394699, "median": 15.9216632843, "min": 2.23369264603, "dvar2": 24.2657928467, "dvar": 11.2117776871, "dmean": 3.81881809235, "max": 34.5309677124, "var": 35.614730835, "mean": 16.8122596741}, "spectral_kurtosis": {"dmean2": 37.3342971802, "median": 82.3635253906, "min": -1.14732456207, "dvar2": 994.053710938, "dvar": 491.86026001, "dmean": 25.9310798645, "max": 240.447860718, "var": 1820.58190918, "mean": 85.6779327393}, "spectral_rms": {"dmean2": 0.00133889669087, "median": 0.00287075852975, "min": 3.2591670248e-12, "dvar2": 2.28169278671e-06, "dvar": 1.56540363605e-06, "dmean": 0.00112882442772, "max": 0.0167222432792, "var": 5.20314370078e-06, "mean": 0.0034059099853}, "zerocrossingrate": {"dmean2": 0.00334273697808, "median": 0.021484375, "min": 0.0068359375, "dvar2": 0.000114638176456, "dvar": 0.000133192108478, "dmean": 0.00317579624243, "max": 0.49560546875, "var": 0.000320726860082, "mean": 0.0258308649063}, "silence_rate_60dB": {"dmean2": 0.249575555325, "median": 0, "min": 0, "dvar2": 0.220395252109, "dvar": 0.109177641571, "dmean": 0.124734833837, "max": 1, "var": 0.170703932643, "mean": 0.218405425549}, "erbbands_kurtosis": {"dmean2": 6.2157959938, "median": 3.57148575783, "min": -1.68635904789, "dvar2": 72.3983001709, "dvar": 40.477191925, "dmean": 4.12574958801, "max": 92.5685195923, "var": 95.1499862671, "mean": 6.75116682053}, "erbbands": {"dmean2": [0.00194839388132, 0.0405558906496, 0.269967615604, 1.1139986515, 5.03076934814, 7.97039651871, 10.6140003204, 43.780921936, 31.0996322632, 39.6331787109, 25.8902416229, 35.53515625, 25.1202125549, 23.8667945862, 133.392791748, 28.0847034454, 22.9787502289, 5.19618988037, 0.766176521778, 0.568451166153, 0.250549554825, 0.163151904941, 0.0715457648039, 0.0389706008136, 0.0122162550688, 0.00743089010939, 0.0083078565076, 0.00209838268347, 0.00134240777697, 0.000802438415121, 0.000587979913689, 0.00049969216343, 0.000336389406584, 0.000223471113713, 0.000167948805029, 9.79191972874e-05, 9.4912302302e-06, 1.56971805154e-06, 6.38591291136e-06, 1.48062481458e-05], "median": [0.000897381221876, 0.0102660488337, 0.0677185207605, 0.249293640256, 0.87617868185, 1.32621526718, 2.30670595169, 8.36234474182, 12.4602041245, 5.95563602448, 7.00378990173, 5.18243408203, 3.78532075882, 2.26374316216, 2.66781044006, 1.56257390976, 0.711807608604, 0.351047337055, 0.160850718617, 0.067419283092, 0.0415598750114, 0.0182229019701, 0.0107258446515, 0.00524715799838, 0.00291795958765, 0.00195051333867, 0.00163471861742, 0.00131544144824, 0.0011093034409, 0.000980654265732, 0.000902003375813, 0.0008238008013, 0.000676828320138, 0.000530513527337, 0.000416057184339, 0.000224367890041, 1.74547349161e-05, 1.89834474895e-06, 4.3773006837e-06, 9.56537314778e-06], "min": [2.70249619839e-21, 1.93127407155e-21, 2.01411915834e-21, 4.03664268173e-20, 1.91747626272e-19, 9.55671553109e-20, 2.20094097738e-19, 4.36298533741e-19, 2.86267978055e-19, 6.63918889379e-19, 1.70961482207e-18, 3.94834854427e-18, 1.78742232562e-18, 1.44723675069e-18, 3.73423242912e-18, 4.04426096347e-18, 3.35938519478e-18, 2.81047558491e-18, 7.68465264722e-18, 4.77137257424e-18, 7.88152576892e-18, 1.27593519385e-17, 9.33901469951e-18, 1.95079198553e-17, 1.82471262025e-17, 1.28310602258e-17, 1.7159282781e-17, 2.45097387443e-17, 2.65283605327e-17, 2.35663376013e-17, 2.09820466967e-17, 1.45938466312e-17, 1.17600317318e-17, 1.21633534179e-17, 9.28641842026e-18, 6.31810395317e-18, 4.40027329526e-18, 1.24582499237e-18, 3.15290721371e-19, 3.28219547883e-20], "dvar2": [1.21742787087e-05, 0.0112961195409, 0.293935328722, 5.04512834549, 109.886283875, 343.245635986, 1005.35559082, 10576.2460938, 4972.2578125, 12059.0273438, 5323.17480469, 18208.3730469, 5933.69824219, 8845.77734375, 510625.15625, 18723.7207031, 23225.4648438, 1168.21972656, 5.0356669426, 7.18433904648, 0.709749102592, 0.497698009014, 0.100770644844, 0.0286582540721, 0.00200373865664, 0.00261773145758, 0.00680616078898, 6.03615189902e-05, 2.59909720626e-05, 7.41066560295e-06, 1.63702770806e-06, 2.72529405265e-06, 4.20219777197e-07, 1.45302806231e-07, 2.98990912029e-08, 6.1704246157e-09, 1.74878375669e-10, 1.0959720978e-11, 1.33834873739e-10, 6.82948031461e-10], "dvar": [5.88746297581e-06, 0.00615938333794, 0.153863623738, 2.5985326767, 61.1311187744, 202.916275024, 690.969543457, 6763.51269531, 2736.7487793, 7786.73046875, 2845.97167969, 10511.1679688, 3173.7121582, 3872.37890625, 282848.625, 10521.3525391, 14653.5361328, 642.884155273, 2.45510339737, 3.38758134842, 0.344589978456, 0.393041998148, 0.0466398112476, 0.0125030893832, 0.00108893902507, 0.0010198809905, 0.00264758896083, 2.48840642598e-05, 1.11716890387e-05, 4.09521999245e-06, 9.2194534318e-07, 1.54275630848e-06, 1.81814115763e-07, 5.71959226647e-08, 1.14697380482e-08, 2.21811702339e-09, 8.15157316647e-11, 5.79384543814e-12, 7.95037091716e-11, 4.05730282704e-10], "dmean": [0.00121405546088, 0.0257843527943, 0.179968267679, 0.740701138973, 3.62252783775, 5.56125497818, 7.82923221588, 35.1608276367, 21.425737381, 28.7564697266, 17.9927177429, 26.178976059, 17.5372142792, 15.8940916061, 96.9950714111, 21.5079593658, 16.8194847107, 3.72337436676, 0.527793884277, 0.371165931225, 0.166409164667, 0.119649276137, 0.0450231954455, 0.0256886091083, 0.00850515440106, 0.00468801567331, 0.00513708544895, 0.00130041711964, 0.000827313400805, 0.000514387735166, 0.00036539559369, 0.000319521204801, 0.00020355709421, 0.000132905479404, 0.000100783625385, 5.77632526984e-05, 6.32520323052e-06, 1.12001691832e-06, 5.18245360581e-06, 1.19767473734e-05], "max": [0.0599528290331, 2.07163167, 5.22899246216, 25.7515125275, 97.9964447021, 240.933685303, 1049.17272949, 1796.87194824, 1125.37011719, 1904.71777344, 1204.31628418, 2562.08764648, 1167.28747559, 1039.8828125, 11484.0117188, 2098.36499023, 3128.9765625, 713.407104492, 35.4542198181, 43.9819335938, 14.0377826691, 23.3313674927, 5.70002746582, 2.48046922684, 1.31418263912, 0.872604131699, 1.48185455799, 0.118520282209, 0.0709259063005, 0.0807263180614, 0.0395518392324, 0.0580957904458, 0.0146058285609, 0.00792116858065, 0.00218712165952, 0.000730657309759, 0.000193885018234, 5.13237428095e-05, 0.000157685397426, 0.000343129242538], "var": [1.49967945617e-05, 0.0154208363965, 0.279552727938, 4.35891675949, 109.048995972, 391.570343018, 1575.88500977, 15681.9150391, 6702.38818359, 18931.9316406, 5076.31445312, 17090.8164062, 6732.00927734, 5333.39013672, 386293.5625, 15710.2509766, 23462.3066406, 920.387634277, 3.75199198723, 3.98405075073, 0.627255618572, 1.21238684654, 0.0640941634774, 0.0180276110768, 0.00230920733884, 0.000887327594683, 0.00215367996134, 3.41940394719e-05, 1.43852339534e-05, 6.67393987897e-06, 1.92865081772e-06, 2.7815010526e-06, 3.15531508477e-07, 1.36014861596e-07, 2.35774759716e-08, 4.33912106246e-09, 1.32951621934e-10, 9.19344635142e-12, 1.53795420843e-10, 7.95826682332e-10], "mean": [0.00182855257299, 0.0374956130981, 0.242518126965, 0.972497522831, 4.64646482468, 7.62512016296, 10.8507699966, 48.6356620789, 38.6932601929, 49.5456123352, 27.9296913147, 35.2325973511, 26.1950111389, 20.4226474762, 107.812026978, 25.4923286438, 21.4186820984, 4.5616850853, 0.739141285419, 0.450065523386, 0.233013927937, 0.188383057714, 0.0580557957292, 0.0351350978017, 0.0128585677594, 0.00672356551513, 0.0061805662699, 0.00240883673541, 0.00178242637776, 0.00133594847284, 0.00113506265916, 0.00101500435267, 0.000767994963098, 0.000581147382036, 0.000434907851741, 0.000231154248468, 2.02107839868e-05, 2.79876053355e-06, 8.70879284776e-06, 1.95753527805e-05]}, "spectral_strongpeak": {"dmean2": 1.02712631226, "median": 0.845586419106, "min": 0, "dvar2": 3.35548233986, "dvar": 2.0375752449, "dmean": 0.750590860844, "max": 21.6001625061, "var": 4.07983064651, "mean": 1.4806740284}, "spectral_energy": {"dmean2": 0.0129783591256, "median": 0.00844728667289, "min": 1.08877236153e-20, "dvar2": 0.00049974094145, "dvar": 0.000298406608636, "dmean": 0.0105075864121, "max": 0.286624252796, "var": 0.000598291982897, "mean": 0.0172234512866}, "average_loudness": 0.813396215439, "spectral_rolloff": {"dmean2": 152.221740723, "median": 538.330078125, "min": 43.06640625, "dvar2": 303427.21875, "dvar": 290948.15625, "dmean": 95.4418411255, "max": 18475.4882812, "var": 360316.40625, "mean": 685.410400391}, "spectral_centroid": {"dmean2": 96.6727600098, "median": 450.777679443, "min": 221.218017578, "dvar2": 64015.015625, "dvar": 59958.8828125, "dmean": 69.182510376, "max": 11465.2285156, "var": 103804.515625, "mean": 535.357666016}, "pitch_salience": {"dmean2": 0.141144186258, "median": 0.526176512241, "min": 0.0954953059554, "dvar2": 0.0141500802711, "dvar": 0.00626117130741, "dmean": 0.0882251113653, "max": 0.816273152828, "var": 0.0168008208275, "mean": 0.51390182972}, "spectral_energyband_middle_high": {"dmean2": 0.0042633684352, "median": 0.000340950500686, "min": 1.52039310489e-21, "dvar2": 0.000329998147208, "dvar": 0.000184449774679, "dmean": 0.00316357379779, "max": 0.275662660599, "var": 0.000266423652647, "mean": 0.00390594662167}, "spectral_contrast_coeffs": {"dmean2": [0.0993967950344, 0.0863089635968, 0.0702240169048, 0.049290150404, 0.0295699294657, 0.0171932596713], "median": [-0.623550415039, -0.689825057983, -0.731611251831, -0.779556572437, -0.854176163673, -0.871709942818], "min": [-0.951095283031, -0.941055595875, -0.947355806828, -0.955830514431, -0.960675835609, -0.957344055176], "dvar2": [0.00582573143765, 0.00488773733377, 0.00316888676025, 0.00150578061584, 0.000588655297179, 0.000268520350801], "dvar": [0.00246128439903, 0.00220612157136, 0.00169523025397, 0.000826400471851, 0.000350186950527, 0.000104262966488], "dmean": [0.0626378506422, 0.0564886704087, 0.0480243973434, 0.0336665920913, 0.0200647562742, 0.0101533262059], "max": [-0.284710913897, -0.331432521343, -0.418868720531, -0.432223588228, -0.655748188496, -0.757815599442], "var": [0.0109617942944, 0.0105272252113, 0.00717828888446, 0.00493964552879, 0.00180891691707, 0.000233609782299], "mean": [-0.617789804935, -0.680241346359, -0.719210147858, -0.768404901028, -0.845774054527, -0.869083046913]}, "melbands_skewness": {"dmean2": 1.03052270412, "median": 0.602988481522, "min": -6.40854310989, "dvar2": 0.928143978119, "dvar": 0.486057162285, "dmean": 0.715388357639, "max": 9.02870082855, "var": 2.13942861557, "mean": 0.513328194618}, "spectral_spread": {"dmean2": 637057.6875, "median": 1161488, "min": 406637.1875, "dvar2": 749527498752, "dvar": 575856836608, "dmean": 390871.5, "max": 39564136, "var": 1478207864830.0, "mean": 1401074.75}, "dissonance": {"dmean2": 0.119452014565, "median": 0.353645771742, "min": 0.0775436162949, "dvar2": 0.010235587135, "dvar": 0.00369190075435, "dmean": 0.0712786763906, "max": 0.500000119209, "var": 0.00754597736523, "mean": 0.346233397722}, "spectral_skewness": {"dmean2": 1.80891060829, "median": 7.28400611877, "min": -0.0486732721329, "dvar2": 2.05376386642, "dvar": 0.925432085991, "dmean": 1.19471609592, "max": 13.1425476074, "var": 4.23208045959, "mean": 7.26195812225}, "spectral_flux": {"dmean2": 0.0516228675842, "median": 0.0494652613997, "min": 1.04344255458e-10, "dvar2": 0.00380449998192, "dvar": 0.00146464328282, "dmean": 0.0310125593096, "max": 0.394542515278, "var": 0.00202327035367, "mean": 0.0602242127061}, "spectral_contrast_valleys": {"dmean2": [0.80663216114, 0.708856523037, 0.66161775589, 0.629501819611, 0.365961223841, 0.184395000339], "median": [-8.61146354675, -6.94479370117, -8.21002197266, -9.96164035797, -11.0488433838, -13.1033630371], "min": [-27.7983455658, -27.7679042816, -27.6424026489, -27.2760887146, -27.3839435577, -27.3366127014], "dvar2": [0.475858151913, 0.447780907154, 0.451996833086, 0.48522606492, 0.236896276474, 0.0918088406324], "dvar": [0.255453765392, 0.28027895093, 0.274986326694, 0.258716493845, 0.159270361066, 0.0873492211103], "dmean": [0.48641911149, 0.458760529757, 0.42956918478, 0.393908023834, 0.227287515998, 0.112982444465], "max": [-6.37798786163, -4.65500068665, -5.72661066055, -7.14754724503, -8.17480659485, -11.896613121], "var": [0.616103470325, 1.11407470703, 1.04759645462, 0.679938912392, 0.298692822456, 0.119582042098], "mean": [-8.62141799927, -7.06964731216, -8.26703357697, -9.92833518982, -10.9804649353, -13.0879440308]}, "erbbands_flatness_db": {"dmean2": 0.0390494577587, "median": 0.369772523642, "min": 0.0736938714981, "dvar2": 0.00119398615789, "dvar": 0.000801338348538, "dmean": 0.0291158482432, "max": 0.562770307064, "var": 0.00418282812461, "mean": 0.372085571289}, "spectral_energyband_high": {"dmean2": 2.77913329683e-07, "median": 2.41356360675e-07, "min": 8.01998536676e-21, "dvar2": 5.11146116752e-12, "dvar": 2.01658199687e-12, "dmean": 1.75465487473e-07, "max": 4.10732864111e-05, "var": 1.77661000061e-12, "mean": 4.075734239e-07}, "spectral_entropy": {"dmean2": 0.363033771515, "median": 5.525411129, "min": 4.05084276199, "dvar2": 0.0994043499231, "dvar": 0.0545802339911, "dmean": 0.258444011211, "max": 9.79066753387, "var": 0.286607593298, "mean": 5.53232145309}, "silence_rate_20dB": {"dmean2": 0, "median": 1, "min": 1, "dvar2": 0, "dvar": 0, "dmean": 0, "max": 1, "var": 0, "mean": 1}, "melbands_flatness_db": {"dmean2": 0.0438983999193, "median": 0.444439888, "min": 0.00712705357, "dvar2": 0.00137957301922, "dvar": 0.000816334679257, "dmean": 0.032458063215, "max": 0.597975730896, "var": 0.00434746593237, "mean": 0.440458923578}, "barkbands": {"dmean2": [2.23630595428e-05, 0.000141146039823, 0.000331106624799, 0.000513656472322, 0.00211476348341, 0.00396124878898, 0.00221690209582, 0.00146565714385, 0.00143359624781, 0.000630099850241, 0.00246770121157, 0.0012032201048, 0.000451421452453, 4.08075502492e-05, 1.12916095532e-05, 6.06668390901e-06, 3.11960184263e-06, 1.12125360374e-06, 5.37891708063e-07, 2.26427374628e-07, 7.94299310769e-08, 3.43118422563e-08, 2.14119086905e-08, 1.91974418584e-08, 1.84333366349e-08, 1.23755148351e-08, 1.4910744861e-09], "median": [1.0731169823e-05, 3.5261058656e-05, 6.73315953463e-05, 9.84056678135e-05, 0.000394441769458, 0.000800737179816, 0.000574834470171, 0.000235043815337, 0.000171281601069, 8.16714746179e-05, 5.32572012162e-05, 3.26523877447e-05, 9.47064472712e-06, 2.76325931736e-06, 1.24247253552e-06, 7.19720901543e-07, 2.42524890837e-07, 1.5379455931e-07, 7.19753003864e-08, 3.90482988166e-08, 3.53229836492e-08, 3.02946219222e-08, 3.13259818085e-08, 3.97358377313e-08, 5.24627026266e-08, 2.424765988e-08, 1.93491822564e-09], "min": [1.81142453574e-23, 3.71871050205e-23, 1.37202021573e-24, 2.94113914302e-23, 3.98879154799e-23, 5.16301068987e-23, 2.48787670627e-23, 5.49049209518e-23, 1.39991104779e-22, 6.31763610458e-23, 5.83013773564e-23, 9.24307880885e-23, 7.28528760081e-23, 4.83799337049e-23, 1.51104892756e-22, 1.18986225363e-22, 2.02465922356e-22, 2.15626482527e-22, 3.94422652354e-22, 2.76027050306e-22, 5.47866094865e-22, 6.52939944059e-22, 7.59129406657e-22, 6.48792277503e-22, 1.23269500264e-21, 2.05375052048e-21, 2.28895860064e-21], "dvar2": [6.78391176567e-10, 1.42026195249e-07, 5.26564463144e-07, 1.08215567707e-06, 2.05095384445e-05, 7.93897852418e-05, 2.7132089599e-05, 3.80815254175e-05, 2.45677420025e-05, 4.29742203778e-06, 0.00013832130935, 4.89631638629e-05, 9.24090090848e-06, 8.22386354571e-08, 2.64300425989e-09, 5.78334935497e-10, 2.48106257761e-10, 2.34887265887e-11, 6.17421001478e-12, 4.71255803478e-12, 1.239502343e-13, 1.63788745072e-14, 4.63276369578e-15, 1.40135926002e-15, 6.20882508936e-16, 1.04882709876e-16, 6.12401429424e-18], "dvar": [2.72740552365e-10, 7.68089023495e-08, 2.74133725497e-07, 5.28173700332e-07, 1.23225099742e-05, 5.04728377564e-05, 1.63433687703e-05, 2.17228371184e-05, 1.47252803799e-05, 1.95410734705e-06, 7.54949796828e-05, 2.65033140749e-05, 5.69693975194e-06, 4.28356514703e-08, 1.30349397942e-09, 2.48195186625e-10, 1.97795835266e-10, 1.07791891732e-11, 2.85802219564e-12, 1.8175470894e-12, 4.86203044243e-14, 7.63605792367e-15, 3.06412580482e-15, 5.75599174664e-16, 2.55470774955e-16, 3.6812250411e-17, 1.96213465832e-18], "dmean": [1.37652195917e-05, 8.84904657141e-05, 0.000220962538151, 0.000325257482473, 0.0015450179344, 0.00311134965159, 0.00155857321806, 0.00105132278986, 0.00108372210525, 0.000410488748457, 0.00176788901445, 0.000894799188245, 0.00033169350354, 2.65345843218e-05, 7.47137801227e-06, 3.91003095501e-06, 2.31358058045e-06, 7.1065545626e-07, 3.61990885267e-07, 1.40119183811e-07, 4.76622403767e-08, 2.14498818707e-08, 1.40031017892e-08, 1.14532907602e-08, 1.10133742126e-08, 7.1873667018e-09, 8.19087964121e-10], "max": [0.000209093137528, 0.00739857088774, 0.00701646925882, 0.016294836998, 0.0513884089887, 0.137802094221, 0.0874014645815, 0.118117250502, 0.0865295603871, 0.0306132771075, 0.160914450884, 0.113750644028, 0.0565121211112, 0.0087479641661, 0.000928965455387, 0.00037294140202, 0.000544119917322, 8.00477137091e-05, 5.68665054743e-05, 4.00813260057e-05, 4.73463933304e-06, 2.04310049412e-06, 2.62696471509e-06, 7.07389915533e-07, 4.69582346341e-07, 1.08162673484e-07, 2.38889228399e-08], "var": [4.45623676848e-10, 1.92200687366e-07, 4.50561799425e-07, 8.33014325963e-07, 2.40994577325e-05, 0.000116536910355, 4.65802841063e-05, 3.97154617531e-05, 2.61644854618e-05, 3.45661510437e-06, 0.000108998807264, 3.57637363777e-05, 8.97870813787e-06, 5.89416124797e-08, 1.50487400319e-09, 3.77644804317e-10, 6.31571572818e-10, 1.46303386073e-11, 4.82077312097e-12, 1.44125195719e-12, 5.9129574338e-14, 1.0516578114e-14, 6.28131088673e-15, 1.04472281385e-15, 6.16049021302e-16, 5.79803118295e-17, 1.66243326711e-18], "mean": [1.7820211724e-05, 0.000127499937662, 0.000278971798252, 0.000393369497033, 0.00213352544233, 0.00427345512435, 0.00296011823229, 0.00154951878358, 0.00145794358104, 0.000564749992918, 0.00201705400832, 0.00098350585904, 0.000414055626607, 3.26212975779e-05, 8.7752523541e-06, 4.95743734064e-06, 3.71996702597e-06, 8.6773007979e-07, 5.03470459989e-07, 1.70750425355e-07, 7.69397203726e-08, 4.77299373358e-08, 4.15217265015e-08, 4.4947707778e-08, 5.55208217179e-08, 2.50806913016e-08, 2.30599939144e-09]}, "erbbands_skewness": {"dmean2": 0.975947797298, "median": 0.642311513424, "min": -5.59330224991, "dvar2": 0.863367438316, "dvar": 0.424283474684, "dmean": 0.656143546104, "max": 6.95890951157, "var": 2.57056379318, "mean": 0.467729836702}, "erbbands_spread": {"dmean2": 3.19084954262, "median": 5.05279254913, "min": 0.285442233086, "dvar2": 17.3245124817, "dvar": 7.94939184189, "dmean": 2.09551024437, "max": 75.6711730957, "var": 33.8667526245, "mean": 6.44064950943}, "melbands_kurtosis": {"dmean2": 6.02583742142, "median": 3.0743086338, "min": -1.88367211819, "dvar2": 113.627189636, "dvar": 45.3325233459, "dmean": 3.83969759941, "max": 154.60244751, "var": 90.6019134521, "mean": 5.65198898315}, "melbands": {"dmean2": [2.82182481897e-05, 0.000112649300718, 0.000275742611848, 0.000498176668771, 0.000360886362614, 0.000897575635463, 0.00048014515778, 0.000423270073952, 0.000226759919315, 0.000211357197259, 0.000122523939353, 7.55439978093e-05, 0.000389999098843, 0.000214699699427, 2.85727928713e-05, 4.44051402155e-05, 6.13551128481e-06, 1.19917649499e-06, 1.04741809537e-06, 4.74709622722e-07, 2.86390019255e-07, 2.07446589684e-07, 7.49862820726e-08, 4.83842086396e-08, 3.44206050329e-08, 1.23661596518e-08, 5.90009063828e-09, 5.49134426819e-09, 7.89416354507e-09, 1.76088188475e-09, 1.08712039371e-09, 8.63705440501e-10, 6.31315222321e-10, 4.40896374965e-10, 3.72691599804e-10, 4.32211988421e-10, 3.13508552452e-10, 2.72877442864e-10, 2.41598518969e-10, 2.10690853653e-10], "median": [1.02709236671e-05, 2.84834477497e-05, 6.17128971498e-05, 8.43268499011e-05, 8.78160208231e-05, 0.000180776522029, 0.000179062175448, 6.02966611041e-05, 4.81679526274e-05, 2.54849692283e-05, 1.70378225448e-05, 6.78752712702e-06, 8.45885915624e-06, 4.6109644245e-06, 1.79979042514e-06, 9.68921995081e-07, 3.84725126423e-07, 1.91687249185e-07, 1.02540646196e-07, 5.88771058574e-08, 3.52129205794e-08, 1.49160168661e-08, 1.05282520479e-08, 5.53336754194e-09, 3.53032714173e-09, 2.10720929594e-09, 1.45590461909e-09, 1.19485510375e-09, 1.01969155342e-09, 8.35236324548e-10, 7.05952185598e-10, 6.19763074194e-10, 5.64503666034e-10, 5.27018872987e-10, 5.1010479174e-10, 4.95940177814e-10, 4.95081420304e-10, 4.64221439067e-10, 4.51505222099e-10, 4.29469432239e-10], "min": [1.68624019869e-23, 1.01323030161e-24, 1.34284163136e-23, 1.01456229324e-23, 6.54261789369e-24, 9.52066286864e-24, 4.90163180523e-24, 7.90294344372e-24, 1.59849882896e-23, 2.3367022423e-23, 8.21718697417e-24, 6.12826278677e-24, 8.97920294279e-24, 1.37024934133e-23, 8.33387370155e-24, 5.7676551399e-24, 4.51761116113e-24, 1.22178003917e-23, 8.17550908597e-24, 5.68098969756e-24, 9.87122476631e-24, 1.41993211669e-23, 8.32480259e-24, 9.13432534005e-24, 1.6707810493e-23, 1.33025914215e-23, 1.04120039052e-23, 8.3325066056e-24, 9.83944866019e-24, 1.33841706831e-23, 1.27023234928e-23, 1.47633283151e-23, 1.23286661145e-23, 1.45227052286e-23, 1.24217887777e-23, 1.15220542611e-23, 7.4992675413e-24, 7.0871950034e-24, 1.09499092238e-23, 9.75084853648e-24], "dvar2": [4.55623139217e-09, 5.1