{"tonal": {"thpcp": [1, 0.419591039419, 0.133490666747, 0.104290351272, 0.159826830029, 0.265739232302, 0.291142016649, 0.402371138334, 0.529025137424, 0.38213121891, 0.226660326123, 0.493875354528, 0.869238734245, 0.580233633518, 0.137498542666, 0.101463012397, 0.212008953094, 0.386067926884, 0.432350546122, 0.239070221782, 0.147472709417, 0.257106274366, 0.582825899124, 0.966811001301, 0.624720990658, 0.1316870749, 0.153755038977, 0.338110744953, 0.561309933662, 0.673149883747, 0.444591015577, 0.204386621714, 0.19643253088, 0.232578441501, 0.393122434616, 0.916810572147], "hpcp": {"dmean2": [0.107461206615, 0.131863221526, 0.158445566893, 0.111324839294, 0.141580611467, 0.113028585911, 0.137840822339, 0.16246882081, 0.150340557098, 0.0644070804119, 0.0647662207484, 0.091411434114, 0.114175207913, 0.109313637018, 0.0799695551395, 0.0729536786675, 0.094521664083, 0.207992002368, 0.154470831156, 0.178422614932, 0.0781598389149, 0.0702850744128, 0.157463654876, 0.176518067718, 0.135277733207, 0.135334700346, 0.112130537629, 0.119920797646, 0.158806979656, 0.182862266898, 0.214228838682, 0.231945589185, 0.163954332471, 0.0845280438662, 0.0721873864532, 0.0869693085551], "median": [0.00754656596109, 0.0102814361453, 0.0175238549709, 0.0134951099753, 0.0110820177943, 0.0089398175478, 0.0574414953589, 0.090217448771, 0.0527144223452, 0.00587483914569, 0.00757697690278, 0.0120504647493, 0.014783882536, 0.010846266523, 0.00786782428622, 0.00524157006294, 0.00425231875852, 0.0464255698025, 0.0591400228441, 0.0439210683107, 0.0133533487096, 0.00927006546408, 0.00783546455204, 0.0359620451927, 0.0346124880016, 0.0283492226154, 0.00892421696335, 0.00620603654534, 0.00895145721734, 0.0287141669542, 0.0663551390171, 0.0832499116659, 0.0442316420376, 0.00568237900734, 0.00465606246144, 0.00698667671531], "min": [0, 0, 0, 0, 0, 0, 0, 0, 0, 0, 0, 0, 0, 0, 0, 0, 0, 0, 0, 0, 0, 0, 0, 0, 0, 0, 0, 0, 0, 0, 0, 0, 0, 0, 0, 0], "dvar2": [0.0542180985212, 0.0715184956789, 0.0821205601096, 0.0536211542785, 0.0756983608007, 0.045205578208, 0.0373219065368, 0.0609637722373, 0.0499155968428, 0.0193718429655, 0.0166104417294, 0.0414273105562, 0.0386545881629, 0.0461565926671, 0.0259295348078, 0.0256646294147, 0.0387576557696, 0.0910676941276, 0.0622956864536, 0.0769795775414, 0.0224693436176, 0.0237200874835, 0.125208050013, 0.0885924398899, 0.0522134043276, 0.0591679885983, 0.0538849420846, 0.0572523735464, 0.0921100229025, 0.0908420011401, 0.104207515717, 0.11114115268, 0.0651055276394, 0.0355607941747, 0.0315524712205, 0.0400426089764], "dvar": [0.0199565757066, 0.0254906229675, 0.0278361383826, 0.0218437947333, 0.0254388172179, 0.0169992428273, 0.013714610599, 0.0257371366024, 0.0190425459296, 0.00700660794973, 0.00538148498163, 0.0144679015502, 0.0160639286041, 0.0201051291078, 0.010347022675, 0.00813671387732, 0.0142004573718, 0.0309164784849, 0.0287801045924, 0.0254253875464, 0.00756440544501, 0.00833031721413, 0.0408343523741, 0.0300871618092, 0.0230164863169, 0.020550917834, 0.0180949792266, 0.019591005519, 0.030384125188, 0.0333411693573, 0.0377861075103, 0.0413065627217, 0.0226726662368, 0.0123543487862, 0.0107872169465, 0.013654474169], "dmean": [0.0613971613348, 0.0738516375422, 0.089229144156, 0.0651154145598, 0.0813611373305, 0.06394649297, 0.0814592093229, 0.096449971199, 0.0891026034951, 0.0366216935217, 0.03534155339, 0.0509273149073, 0.0673398822546, 0.0633645579219, 0.046674285084, 0.0391524732113, 0.0522704608738, 0.118288531899, 0.0903876870871, 0.10370182246, 0.0427306517959, 0.0382765121758, 0.084275841713, 0.0986720472574, 0.0792296603322, 0.0785912573338, 0.0620899870992, 0.0658194571733, 0.0868855789304, 0.102602407336, 0.123797975481, 0.131802305579, 0.0949321463704, 0.0464966222644, 0.0391062498093, 0.0481786467135], "max": [1, 1, 1, 1, 1, 1, 1, 1, 1, 1, 0.735776007175, 1, 1, 1, 1, 1, 1, 1, 1, 1, 1, 1, 1, 1, 1, 1, 1, 1, 1, 1, 1, 1, 1, 1, 1, 1], "var": [0.0345337502658, 0.0336983017623, 0.0433407723904, 0.0886287093163, 0.041997037828, 0.0233698207885, 0.0338558517396, 0.110568240285, 0.0520193725824, 0.0113971941173, 0.0039727431722, 0.021653605625, 0.0467430837452, 0.0727245807648, 0.0233535375446, 0.0111365169287, 0.0393147543073, 0.0532783269882, 0.143648847938, 0.0663696825504, 0.00583291333169, 0.010041680187, 0.0569561645389, 0.0562497675419, 0.100076168776, 0.0411351956427, 0.0183064714074, 0.0189480502158, 0.0241725184023, 0.0384606532753, 0.122957453132, 0.134115353227, 0.0306413006037, 0.0104029690847, 0.00831069145352, 0.0134776104242], "mean": [0.0767291635275, 0.084063924849, 0.116180054843, 0.152749955654, 0.110336013138, 0.0654455721378, 0.142600849271, 0.250982731581, 0.167535811663, 0.0397011302412, 0.0292962826788, 0.0612151585519, 0.111472696066, 0.124836273491, 0.0690287873149, 0.0425810553133, 0.0742364898324, 0.168284311891, 0.279155611992, 0.180381029844, 0.0380231365561, 0.0443950071931, 0.097625605762, 0.162071824074, 0.194364324212, 0.128370568156, 0.0590142980218, 0.0567176453769, 0.0671543627977, 0.113509602845, 0.264718562365, 0.288738548756, 0.121152110398, 0.0385439023376, 0.0301126446575, 0.0461481660604]}, "tuning_equal_tempered_deviation": 0.228632614017, "chords_changes_rate": 0.0671811178327, "key_key": "G", "tuning_diatonic_strength": 0.346953779459, "key_scale": "major", "chords_number_rate": 0.00363141181879, "tuning_frequency": 448.726654053, "tuning_nontempered_energy_ratio": 0.891179442406, "chords_histogram": [19.8365859985, 0, 0, 0.226963236928, 2.31502485275, 0.226963236928, 0.181570589542, 18.1570587158, 14.4348611832, 0, 0.0453926473856, 2.22423958778, 5.76486587524, 0.0453926473856, 0.0453926473856, 0.317748516798, 3.81298232079, 0, 0.272355884314, 0.226963236928, 0.0453926473856, 0, 0, 31.8202457428], "key_strength": 0.456532865763, "chords_key": "E", "chords_strength": {"dmean2": 0.00781317427754, "median": 0.413836479187, "min": -1, "dvar2": 0.00151771213859, "dvar": 0.000820673303679, "dmean": 0.00956679601222, "max": 0.711948037148, "var": 0.0586936362088, "mean": 0.396411538124}, "chords_scale": "minor", "hpcp_entropy": {"dmean2": 0.890633523464, "median": 1.82319223881, "min": 0, "dvar2": 0.687678337097, "dvar": 0.271454542875, "dmean": 0.527193784714, "max": 3.85959529877, "var": 0.769912838936, "mean": 1.75076699257}}, "metadata": {"audio_properties": {"equal_loudness": 0, "codec": "mp3", "downmix": "mix", "analysis_sample_rate": 44100, "bit_rate": 320000, "md5_encoded": "1905e1aceb39c96b0f232f12ddafa2cc", "length": 102.217140198, "replay_gain": 7.83588218689, "lossless": false}, "version": {"essentia_build_sha": "0a826ad6289770054bb7564d59068f1232327ff9", "essentia": "2.1-beta1", "extractor": "music 1.0", "essentia_git_sha": "v2.1_beta1-5-gf9dded9"}, "tags": {"title": ["Chopin: Nocturne Sakuhin 55-1 Kara (~Rijichou \"Touyou no Houseki\" Piano Anime Ver.)"], "musicbrainz_albumartistid": ["488ae249-bda2-4621-911b-fe3de54cb71f"], "albumartist": ["SUEMITSU & THE NODAME ORCHESTRA"], "date": ["2007-02-21"], "file_name": "13 - Chopin: Nocturne Sakuhin 55-1 Kara (~Rijichou \"Touyou no Houseki\" Piano Anime Ver.).mp3", "musicbrainz_releasegroupid": ["89155415-e43d-4d4e-83a1-9fc153781b7a"], "musicbrainz album type": ["album"], "mp3gain_album_minmax": ["016,206"], "musicbrainz_recordingid": ["10582266-f7e1-4c41-a38c-274c9c76f0de"], "mp3gain_undo": ["+004,+004,N"], "mp3gain_minmax": ["045,206"], "musicbrainz_albumid": ["a036b2ea-2fe7-4fbc-a004-fd0e544cd283"], "artist": ["SUEMITSU & THE NODAME ORCHESTRA"], "tracknumber": ["13/20"], "artistsort": ["SUEMITSU & THE NODAME ORCHESTRA"], "album": ["Orchestra de Nodame Story"], "musicbrainz album release country": ["JP"], "albumartistsort": ["SUEMITSU & THE NODAME ORCHESTRA"], "discnumber": ["1/2"], "musicbrainz_artistid": ["488ae249-bda2-4621-911b-fe3de54cb71f"]}}, "rhythm": {"bpm_histogram_first_peak_bpm": {"dmean2": 0, "median": 98, "min": 98, "dvar2": 0, "dvar": 0, "dmean": 0, "max": 98, "var": 0, "mean": 98}, "bpm": 97.5958251953, "bpm_histogram_second_peak_spread": {"dmean2": 0, "median": 0.0769230723381, "min": 0.0769230723381, "dvar2": 0, "dvar": 0, "dmean": 0, "max": 0.0769230723381, "var": 0, "mean": 0.0769230723381}, "bpm_histogram_first_peak_weight": {"dmean2": 0, "median": 0.29940122366, "min": 0.29940122366, "dvar2": 0, "dvar": 0, "dmean": 0, "max": 0.29940122366, "var": 0, "mean": 0.29940122366}, "onset_rate": 2.01491713524, "beats_position": [0.615328788757, 1.19582760334, 1.78793644905, 2.36843538284, 2.96054410934, 3.5758728981, 4.19120168686, 4.81814050674, 5.44507932663, 6.07201814651, 6.6989569664, 7.31428575516, 7.94122457504, 8.57977294922, 9.22993183136, 9.89170074463, 10.5534696579, 11.2152376175, 11.8770065308, 12.5155553818, 13.1308841705, 13.7462129593, 14.3731517792, 14.9652605057, 15.5573692322, 16.1378688812, 16.7996368408, 17.4614048004, 18.1231746674, 18.784942627, 19.4118824005, 20.0388202667, 20.6657600403, 21.2810878754, 21.8964176178, 22.523355484, 23.1502952576, 23.7772331238, 24.40417099, 25.0311107635, 25.6580486298, 26.2965984344, 26.9235363007, 27.5504760742, 28.1890239716, 28.8159637451, 29.4312915802, 30.0466213226, 30.6503391266, 31.2772789001, 31.9158267975, 32.5543746948, 33.1813163757, 33.7966423035, 34.4119720459, 35.0156898499, 35.6310195923, 36.2347373962, 36.8500671387, 37.4537849426, 38.0575065613, 38.672832489, 39.2881622314, 39.9383201599, 40.6000900269, 41.2618598938, 41.9352378845, 42.5970077515, 43.2587738037, 43.9089317322, 44.5590934753, 45.1163711548, 45.6852607727, 46.2541503906, 46.8230361938, 47.3919258118, 47.9492073059, 48.4948730469, 49.0289344788, 49.5746040344, 50.1202697754, 50.6659393311, 51.2116088867, 51.7572784424, 52.3726081848, 52.9879341125, 53.6148757935, 54.2418136597, 54.8455314636, 55.4492492676, 56.0413589478, 56.6334686279, 57.2371864319, 57.8525161743, 58.4446258545, 59.0483436584, 59.6404533386, 60.2325630188, 60.8362808228, 61.4516105652, 62.0669364929, 62.6706581116, 63.2743759155, 63.889705658, 64.5282516479, 65.1784133911, 65.8169631958, 66.4671173096, 67.1172790527, 67.7674331665, 68.4175949097, 69.0793609619, 69.7527389526, 70.4029006958, 71.053062439, 71.6335601807, 72.2024459839, 72.759727478, 73.3286132812, 73.8858947754, 74.5012207031, 75.1165542603, 75.7202682495, 76.3356018066, 76.9509277344, 77.554649353, 78.1583633423, 78.7620849609, 79.3425827026, 79.9463043213, 80.503578186, 81.0608596802, 81.6065292358, 82.1521987915, 82.6862564087, 83.2087097168, 83.8240356445, 84.4393615723, 85.0662994385, 85.6816329956, 86.2853469849, 86.8890686035, 87.4927902222, 88.0268478394, 88.5492935181, 89.0717468262, 89.5825805664, 90.1050338745, 90.6390914917, 91.1615371704, 91.6839904785, 92.2064361572, 92.7404937744, 93.274559021, 93.8086166382, 94.3542861938, 94.8999557495, 95.4572296143, 96.0145111084, 96.5717926025, 97.1755065918, 97.7792282104, 98.3713378906, 98.9634475708, 99.555557251, 100.194099426, 100.832649231, 101.459587097], "beats_loudness": {"dmean2": 0.0551119782031, "median": 0.0236226283014, "min": 0, "dvar2": 0.00618080701679, "dvar": 0.00237122923136, "dmean": 0.03082739003, "max": 0.478431969881, "var": 0.0033355280757, "mean": 0.0446354486048}, "danceability": 0.936325967312, "bpm_histogram_second_peak_weight": {"dmean2": 0, "median": 0.143712580204, "min": 0.143712580204, "dvar2": 0, "dvar": 0, "dmean": 0, "max": 0.143712580204, "var": 0, "mean": 0.143712580204}, "beats_count": 168, "bpm_histogram_second_peak_bpm": {"dmean2": 0, "median": 91, "min": 91, "dvar2": 0, "dvar": 0, "dmean": 0, "max": 91, "var": 0, "mean": 91}, "bpm_histogram_first_peak_spread": {"dmean2": 0, "median": 0.47916662693, "min": 0.47916662693, "dvar2": 0, "dvar": 0, "dmean": 0, "max": 0.47916662693, "var": 0, "mean": 0.47916662693}, "beats_loudness_band_ratio": {"dmean2": [0.346349567175, 0.377692192793, 0.0856630578637, 0.025556139648, 0.0038619809784, 0.279617398977], "median": [0.222612977028, 0.377825140953, 0.0382595583797, 0.00592063181102, 0.000624755281024, 0.332078874111], "min": [0, 0, 0, 0, 0, 0], "dvar2": [0.0727298632264, 0.0765500664711, 0.0076622874476, 0.00304816756397, 0.000132452230901, 0.0476577728987], "dvar": [0.0302495248616, 0.0281933546066, 0.00272894324735, 0.000986235449091, 5.67348397453e-05, 0.0180477481335], "dmean": [0.210637375712, 0.208240970969, 0.0480451993644, 0.0139338010922, 0.00225428375416, 0.167134359479], "max": [0.819034874439, 0.781905412674, 0.302060484886, 0.257601290941, 0.0782236754894, 0.761836349964], "var": [0.0501870475709, 0.0440167598426, 0.00293517787941, 0.00061016518157, 4.87876168336e-05, 0.0280815158039], "mean": [0.274645507336, 0.373407840729, 0.0560277923942, 0.0120318010449, 0.00186430057511, 0.346106797457]}}, "lowlevel": {"barkbands_spread": {"dmean2": 2.42506432533, "median": 3.24578809738, "min": 0.287970781326, "dvar2": 17.4914855957, "dvar": 7.18406295776, "dmean": 1.44462692738, "max": 133.3959198, "var": 122.050422668, "mean": 5.23632574081}, "melbands_spread": {"dmean2": 2.60951018333, "median": 3.21868133545, "min": 0.37913826108, "dvar2": 53.6682167053, "dvar": 17.4415016174, "dmean": 1.53268408775, "max": 175.525863647, "var": 583.736694336, "mean": 8.15093231201}, "hfc": {"dmean2": 106.250564575, "median": 87.0554122925, "min": 1.0309030875e-16, "dvar2": 74645.6953125, "dvar": 25452.7539062, "dmean": 66.335647583, "max": 3857.76367188, "var": 118574.117188, "mean": 206.529251099}, "barkbands_kurtosis": {"dmean2": 34.0270309448, "median": 25.7126197815, "min": -1.83745276928, "dvar2": 2366.63476562, "dvar": 850.673095703, "dmean": 20.3077278137, "max": 476.803497314, "var": 2111.86669922, "mean": 41.4122047424}, "gfcc": {"mean": [-193.330291748, 125.787223816, -19.1240653992, -20.5209980011, -41.6902389526, -21.4914951324, -21.703912735, -20.3000831604, -12.6293859482, -12.2331514359, -3.76162195206, -8.86531352997, -0.249407052994], "icov": [[9.04303742573e-05, -0.000416988594225, 0.000310237694066, 2.92678741971e-05, 8.26118775876e-05, 0.000117981951917, 0.000488816876896, -0.000713939778507, 0.00106675608549, -0.000694636662956, -0.000169631181052, 0.000590623298194, -0.00031153880991], [-0.000416988594225, 0.004624244757, -0.00373866548762, -4.29919236922e-06, 0.00427639018744, -0.00888758059591, 0.00481987232342, 0.00324720912613, -0.0131440898404, 0.0177974235266, -0.0109978094697, 0.00381119083613, -0.000313523836667], [0.000310237694066, -0.00373866548762, 0.00668403832242, -0.00147004961036, -0.00508995028213, 0.0154530070722, -0.0168301351368, 0.00673747109249, 0.0114184767008, -0.0240009836853, 0.0203282143921, -0.0112989330664, 0.00375763466582], [2.92678741971e-05, -4.29919236922e-06, -0.00147004961036, 0.00934640131891, -0.0100305834785, -0.000830914766993, 0.0219639483839, -0.0313279591501, 0.0139256836846, 0.0139757562429, -0.0247302558273, 0.0156206944957, -0.00293116085231], [8.26118775876e-05, 0.00427639018744, -0.00508995028213, -0.0100305834785, 0.0373879522085, -0.0376249291003, 0.000964728475083, 0.0421577095985, -0.0583799667656, 0.0345165617764, 0.00311272148974, -0.0202271081507, 0.0118553331122], [0.000117981951917, -0.00888758059591, 0.0154530070722, -0.000830914766993, -0.0376249291003, 0.0863840505481, -0.0744840949774, 0.00767233781517, 0.0802488774061, -0.11699668318, 0.0793857574463, -0.0183850340545, -0.00795855280012], [0.000488816876896, 0.00481987232342, -0.0168301351368, 0.0219639483839, 0.000964728475083, -0.0744840949774, 0.147423416376, -0.115338012576, -0.0164810158312, 0.139930665493, -0.160058185458, 0.0923911705613, -0.01670111157], [-0.000713939778507, 0.00324720912613, 0.00673747109249, -0.0313279591501, 0.0421577095985, 0.00767233781517, -0.115338012576, 0.185031890869, -0.110151536763, -0.0514774695039, 0.164948552847, -0.153293251991, 0.0629379376769], [0.00106675608549, -0.0131440898404, 0.0114184767008, 0.0139256836846, -0.0583799667656, 0.0802488774061, -0.0164810158312, -0.110151536763, 0.202992126346, -0.136128127575, -0.033265799284, 0.125506401062, -0.0882780179381], [-0.000694636662956, 0.0177974235266, -0.0240009836853, 0.0139757562429, 0.0345165617764, -0.11699668318, 0.139930665493, -0.0514774695039, -0.136128127575, 0.253991127014, -0.159441530704, 0.011101918295, 0.0433428697288], [-0.000169631181052, -0.0109978094697, 0.0203282143921, -0.0247302558273, 0.00311272148974, 0.0793857574463, -0.160058185458, 0.164948552847, -0.033265799284, -0.159441530704, 0.257657557726, -0.181099772453, 0.0551064051688], [0.000590623298194, 0.00381119083613, -0.0112989330664, 0.0156206944957, -0.0202271081507, -0.0183850340545, 0.0923911705613, -0.153293251991, 0.125506401062, 0.011101918295, -0.181099772453, 0.232304811478, -0.122379601002], [-0.00031153880991, -0.000313523836667, 0.00375763466582, -0.00293116085231, 0.0118553331122, -0.00795855280012, -0.01670111157, 0.0629379376769, -0.0882780179381, 0.0433428697288, 0.0551064051688, -0.122379601002, 0.09862075001]], "cov": [[39296.6640625, 4050.37524414, -1365.98449707, -966.624206543, -1276.87548828, -629.663696289, -788.662597656, -873.230773926, -630.137634277, -565.074951172, -202.118133545, -365.433410645, 30.4937286377], [4050.37524414, 1419.88024902, 278.650482178, -345.348388672, -79.832321167, -125.290641785, 38.6765556335, -201.484832764, -2.56300067902, -136.47454834, 24.2306518555, -123.983406067, 21.3403606415], [-1365.98449707, 278.650482178, 543.564025879, 4.8515996933, 59.5897827148, -37.5771713257, 77.7765274048, 7.75374221802, 47.0105247498, 13.1164073944, 39.4330940247, -0.0839972421527, -11.7911996841], [-966.624206543, -345.348388672, 4.8515996933, 483.977416992, 84.5669631958, 40.5165176392, -31.9901847839, 106.84576416, -12.7664213181, 28.6363162994, -10.2770738602, 58.8861083984, -15.6504020691], [-1276.87548828, -79.832321167, 59.5897827148, 84.5669631958, 178.544021606, 97.6554870605, 54.9631309509, 14.8564510345, 25.7309913635, 11.9645109177, 1.4592000246, -2.28846716881, -3.680996418], [-629.663696289, -125.290641785, -37.5771713257, 40.5165176392, 97.6554870605, 141.35144043, 59.2582092285, 41.5048103333, -8.46814155579, 11.9042854309, -25.2353801727, -3.13274908066, -19.134809494], [-788.662597656, 38.6765556335, 77.7765274048, -31.9901847839, 54.9631309509, 59.2582092285, 110.546195984, 56.2290802002, 47.8664627075, 7.37545251846, 8.63713932037, -13.146946907, -6.80676555634], [-873.230773926, -201.484832764, 7.75374221802, 106.84576416, 14.8564510345, 41.5048103333, 56.2290802002, 127.896789551, 60.9090042114, 52.3067703247, 2.75851941109, 30.1530284882, -3.64575123787], [-630.137634277, -2.56300067902, 47.0105247498, -12.7664213181, 25.7309913635, -8.46814155579, 47.8664627075, 60.9090042114, 99.2085113525, 57.1539878845, 39.7525062561, 10.4818258286, 15.7691431046], [-565.074951172, -136.47454834, 13.1164073944, 28.6363162994, 11.9645109177, 11.9042854309, 7.37545251846, 52.3067703247, 57.1539878845, 78.6521453857, 46.4922332764, 41.7431640625, 7.93685865402], [-202.118133545, 24.2306518555, 39.4330940247, -10.2770738602, 1.4592000246, -25.2353801727, 8.63713932037, 2.75851941109, 39.7525062561, 46.4922332764, 73.5850219727, 48.10338974, 28.8464794159], [-365.433410645, -123.983406067, -0.0839972421527, 58.8861083984, -2.28846716881, -3.13274908066, -13.146946907, 30.1530284882, 10.4818258286, 41.7431640625, 48.10338974, 80.1465301514, 42.3704338074], [30.4937286377, 21.3403606415, -11.7911996841, -15.6504020691, -3.680996418, -19.134809494, -6.80676555634, -3.64575123787, 15.7691431046, 7.93685865402, 28.8464794159, 42.3704338074, 57.4470062256]]}, "spectral_energyband_middle_low": {"dmean2": 0.00699550937861, "median": 0.00576418731362, "min": 1.41961502616e-22, "dvar2": 0.000291064847261, "dvar": 0.000118230287626, "dmean": 0.00452523864806, "max": 0.315457880497, "var": 0.000569108407944, "mean": 0.0141492281109}, "melbands_crest": {"dmean2": 4.8165307045, "median": 16.8350944519, "min": 1.45490944386, "dvar2": 19.0558872223, "dvar": 7.11740016937, "dmean": 2.88204789162, "max": 39.1093521118, "var": 37.7874031067, "mean": 17.2809867859}, "spectral_kurtosis": {"dmean2": 39.2589607239, "median": 29.8135795593, "min": -1.2747117281, "dvar2": 2242.32104492, "dvar": 815.839233398, "dmean": 23.1731624603, "max": 300.531707764, "var": 947.368591309, "mean": 38.2139701843}, "spectral_rms": {"dmean2": 0.000795572530478, "median": 0.00345255853608, "min": 3.04514746752e-12, "dvar2": 1.40087979617e-06, "dvar": 6.53511960991e-07, "dmean": 0.000536593084689, "max": 0.021765705198, "var": 8.33899593999e-06, "mean": 0.00403080834076}, "zerocrossingrate": {"dmean2": 0.051132876426, "median": 0.41015625, "min": 0.00048828125, "dvar2": 0.00205516093411, "dvar": 0.0012598244939, "dmean": 0.0390663817525, "max": 0.82373046875, "var": 0.0202011242509, "mean": 0.403400808573}, "silence_rate_60dB": {"dmean2": 0.0436165370047, "median": 0, "min": 0, "dvar2": 0.0471684299409, "dvar": 0.0213275961578, "dmean": 0.0218033157289, "max": 1, "var": 0.157556414604, "mean": 0.195958226919}, "erbbands_kurtosis": {"dmean2": 11.7899951935, "median": 9.23487949371, "min": -1.5248991251, "dvar2": 418.214691162, "dvar": 152.771484375, "dmean": 7.09359455109, "max": 243.473403931, "var": 465.723175049, "mean": 16.0354576111}, "erbbands": {"dmean2": [0.0308196209371, 0.141644999385, 0.491669088602, 3.0039536953, 11.0221014023, 19.6284484863, 18.4941444397, 14.6189699173, 6.11831617355, 7.81789779663, 3.45013070107, 3.42279839516, 3.06640791893, 2.4917345047, 1.17028272152, 1.18099439144, 0.929028570652, 0.652796387672, 0.52440983057, 0.513067901134, 0.312305092812, 0.2306034863, 0.202087178826, 0.175985202193, 0.153925165534, 0.1335259974, 0.114794358611, 0.0974262207747, 0.081514492631, 0.0666792690754, 0.0532393306494, 0.0412342473865, 0.0306973140687, 0.0219014268368, 0.0148573396727, 0.00946541130543, 0.005566066131, 0.00293848337606, 0.00144860520959, 0.00358253950253], "median": [0.00998475775123, 0.0677921995521, 0.25279957056, 1.14497327805, 3.1538374424, 6.16183423996, 5.96760082245, 3.68568944931, 3.05906248093, 3.67445468903, 1.61572647095, 1.09826779366, 0.903023421764, 0.598571717739, 0.408900648355, 0.267014443874, 0.197846010327, 0.110848136246, 0.0759431272745, 0.051162622869, 0.033472482115, 0.0261466689408, 0.0218465868384, 0.0190624948591, 0.0165668316185, 0.0146245500073, 0.0130075449124, 0.0116116646677, 0.0100996606052, 0.00862774252892, 0.00729943346232, 0.00597366550937, 0.00476545933634, 0.00366977998056, 0.00263896281831, 0.00173320202157, 0.0010336478008, 0.000590525451116, 0.000641300226562, 0.00314899673685], "min": [3.91748293978e-23, 6.05671600567e-22, 1.27629444873e-21, 3.40929880775e-21, 8.02367375219e-21, 1.91001011759e-20, 6.43377203035e-20, 6.98334178204e-20, 9.76177618988e-20, 1.5512810791e-19, 1.56015116945e-19, 3.37950455372e-19, 5.14633726822e-19, 4.83080560465e-19, 6.68563043229e-19, 9.7431412324e-19, 1.52569266044e-18, 2.15168330248e-18, 2.47084721952e-18, 2.88135958674e-18, 3.02760118993e-18, 4.02760361389e-18, 5.31917128054e-18, 6.13540870718e-18, 7.37828893657e-18, 6.5148132931e-18, 9.73618629781e-18, 9.40253886183e-18, 1.10325131481e-17, 9.46795809494e-18, 1.11865192889e-17, 1.00095769349e-17, 8.62901166535e-18, 7.40540226269e-18, 5.41080304008e-18, 4.3725515778e-18, 2.36467217725e-18, 9.61125141963e-19, 2.514486632e-19, 2.72580439514e-20], "dvar2": [0.00324230594561, 0.0674285143614, 0.773899972439, 52.7769584656, 1905.19604492, 2375.10229492, 2967.17553711, 7375.82519531, 337.93637085, 323.77947998, 60.0875015259, 103.429862976, 96.3460922241, 396.367858887, 10.1793117523, 18.1753520966, 16.3129425049, 5.39026641846, 6.20434617996, 3.54967594147, 1.38637757301, 0.460709959269, 0.346670150757, 0.252953231335, 0.199087038636, 0.148035302758, 0.108111687005, 0.0779161304235, 0.0545467846096, 0.0361410416663, 0.0227359570563, 0.0134159103036, 0.00733651360497, 0.00364248431288, 0.00161687098444, 0.000637582037598, 0.000221941576456, 6.49357752991e-05, 1.44326868394e-05, 8.01058922661e-05], "dvar": [0.00122589047533, 0.0243770368397, 0.284817487001, 18.3877391815, 626.440307617, 826.848693848, 1359.21948242, 4185.609375, 181.04977417, 132.839523315, 21.4240913391, 43.581993103, 45.8583183289, 213.921722412, 6.17589902878, 7.35167264938, 7.34290981293, 2.74939846992, 2.71632170677, 1.86618947983, 0.64081466198, 0.162899762392, 0.120527841151, 0.0878527835011, 0.0690139085054, 0.0516103208065, 0.0378572791815, 0.0272436272353, 0.0190710425377, 0.0126760518178, 0.00800794456154, 0.00475018518046, 0.00261373165995, 0.00131051300559, 0.000590569048654, 0.00023704180785, 8.38072301121e-05, 2.47330590355e-05, 5.72661156184e-06, 3.40300030075e-05], "dmean": [0.018347479403, 0.0854204893112, 0.295844346285, 1.77378344536, 6.50131082535, 11.9016571045, 12.1995515823, 10.9754171371, 4.07227516174, 4.82570362091, 2.02580118179, 2.04471635818, 1.99863791466, 1.75097262859, 0.79325658083, 0.740843832493, 0.607541263103, 0.429201692343, 0.331711024046, 0.343967199326, 0.191975146532, 0.134568378329, 0.116696387529, 0.101615794003, 0.088926307857, 0.0772371664643, 0.0664820447564, 0.0564588569105, 0.0472880937159, 0.0387901514769, 0.0310500208288, 0.0241595227271, 0.0181388966739, 0.0130349826068, 0.00886588450521, 0.00565974554047, 0.00333447824232, 0.00176964804996, 0.000909495691303, 0.0023484993726], "max": [0.986192166805, 2.45279884338, 9.95404338837, 94.3252410889, 927.728881836, 676.542236328, 1106.48132324, 3529.40185547, 829.473388672, 421.276031494, 106.176902771, 249.3699646, 266.131713867, 830.887573242, 89.4813919067, 80.2053070068, 111.288619995, 64.9711837769, 69.5844116211, 40.9113464355, 30.0564308167, 10.3348417282, 9.77119445801, 8.13315105438, 6.42556428909, 5.70598173141, 4.93467712402, 4.18919420242, 3.53900694847, 2.94638633728, 2.39976406097, 1.90669846535, 1.46710455418, 1.08360910416, 0.757576644421, 0.49344933033, 0.29172462225, 0.152063965797, 0.0822782218456, 0.178220376372], "var": [0.00383956939913, 0.0508336499333, 0.622230470181, 41.3791313171, 1882.6817627, 2947.70117188, 5596.93115234, 27863.9296875, 1056.64147949, 613.807922363, 56.4673042297, 116.694786072, 131.975158691, 661.059204102, 33.1576385498, 17.5973720551, 15.1626930237, 8.94978523254, 4.87878465652, 4.08862447739, 1.03798627853, 0.167563050985, 0.125311046839, 0.0869683846831, 0.0646538436413, 0.0485797412694, 0.0360978581011, 0.0260599832982, 0.0184213016182, 0.0124690765515, 0.00806620158255, 0.00493407435715, 0.00281200325117, 0.00147080176976, 0.000692104687914, 0.000286717549898, 0.000101569203252, 2.9889810321e-05, 1.2738307305e-05, 0.000195742715732], "mean": [0.0307964850217, 0.147029921412, 0.520916759968, 3.56173324585, 16.242313385, 24.616027832, 28.29164505, 36.7046661377, 10.4674749374, 11.3442764282, 4.26219034195, 4.02294015884, 4.3664765358, 4.064640522, 1.96649062634, 1.48332476616, 1.18151307106, 0.799976229668, 0.538459777832, 0.479718923569, 0.221501469612, 0.136525139213, 0.116209588945, 0.0997615605593, 0.0860047712922, 0.0747736096382, 0.06486222893, 0.0555882230401, 0.0471130721271, 0.039241835475, 0.0320287905633, 0.0254615414888, 0.019537974149, 0.0143796876073, 0.010011616163, 0.00648475065827, 0.0038344997447, 0.00208789040335, 0.00176407000981, 0.00793230067939]}, "spectral_strongpeak": {"dmean2": 21.5256633759, "median": 0.791315436363, "min": 0, "dvar2": 2275.50732422, "dvar": 784.824829102, "dmean": 11.8920040131, "max": 406.386962891, "var": 1482.04943848, "mean": 18.634098053}, "spectral_energy": {"dmean2": 0.0102923605591, "median": 0.0122181642801, "min": 9.50474629352e-21, "dvar2": 0.000563781650271, "dvar": 0.000235409155721, "dmean": 0.00676834164187, "max": 0.485589563847, "var": 0.00145557906944, "mean": 0.0252011585981}, "average_loudness": 0.140700668097, "spectral_rolloff": {"dmean2": 2133.88720703, "median": 21791.6015625, "min": 21.533203125, "dvar2": 56025032, "dvar": 20183070, "dmean": 1079.90283203, "max": 22028.4667969, "var": 39585460, "mean": 19600.0351562}, "spectral_centroid": {"dmean2": 78.824760437, "median": 311.553527832, "min": 161.055099487, "dvar2": 61051.1796875, "dvar": 30107.703125, "dmean": 46.6685714722, "max": 11806.8242188, "var": 3327704.25, "mean": 654.186950684}, "pitch_salience": {"dmean2": 0.0982477217913, "median": 0.529756009579, "min": 0.0454853251576, "dvar2": 0.00824229139835, "dvar": 0.00312715792097, "dmean": 0.0600290596485, "max": 0.928496003151, "var": 0.0196490250528, "mean": 0.519052863121}, "spectral_energyband_middle_high": {"dmean2": 0.000170452723978, "median": 5.75336525799e-05, "min": 1.17600687739e-21, "dvar2": 4.94024959607e-07, "dvar": 2.70594313179e-07, "dmean": 0.000118590527563, "max": 0.0242171753198, "var": 9.13282747206e-07, "mean": 0.000288274459308}, "spectral_contrast_coeffs": {"dmean2": [0.0816636905074, 0.0671509802341, 0.0608429275453, 0.0694650262594, 0.0366357453167, 0.0280046518892], "median": [-0.607315182686, -0.743908047676, -0.816516637802, -0.898367583752, -0.959582686424, -0.875347614288], "min": [-0.981501400471, -0.980579316616, -0.976343274117, -0.987372398376, -0.981514930725, -0.965992689133], "dvar2": [0.00458695553243, 0.00304265366867, 0.00250032288022, 0.00336239859462, 0.00127839203924, 0.000628564856015], "dvar": [0.0016349615762, 0.00114421290345, 0.000920609978493, 0.00126936612651, 0.000515836058185, 0.000230586854741], "dmean": [0.047932934016, 0.0404685586691, 0.0365249738097, 0.0417050383985, 0.021280111745, 0.016698339954], "max": [-0.228090435266, -0.356515496969, -0.610349059105, -0.603510737419, -0.799206852913, -0.825673937798], "var": [0.0160520896316, 0.00805045198649, 0.00374972796999, 0.0041536022909, 0.000717339979019, 0.000552461133339], "mean": [-0.607971012592, -0.736761391163, -0.819100916386, -0.887724876404, -0.947929859161, -0.880651414394]}, "melbands_skewness": {"dmean2": 1.3169285059, "median": 1.56919836998, "min": -1.97700178623, "dvar2": 2.40593361855, "dvar": 0.830563247204, "dmean": 0.776718616486, "max": 21.3659725189, "var": 2.38945555687, "mean": 1.78077542782}, "spectral_spread": {"dmean2": 1680557.25, "median": 3514465.25, "min": 867822.375, "dvar2": 2582462857220.0, "dvar": 1052885778430.0, "dmean": 1014720.75, "max": 42854016, "var": 40712783527900.0, "mean": 4655807}, "dissonance": {"dmean2": 0.0796981528401, "median": 0.412094414234, "min": 0.164295449853, "dvar2": 0.00457837805152, "dvar": 0.00170374684967, "dmean": 0.0480246320367, "max": 0.500000059605, "var": 0.00337734934874, "mean": 0.404810637236}, "spectral_skewness": {"dmean2": 2.56562590599, "median": 4.56793308258, "min": -0.0853895619512, "dvar2": 6.46368217468, "dvar": 2.33666419983, "dmean": 1.54263043404, "max": 15.3457078934, "var": 4.05716180801, "mean": 4.82002592087}, "spectral_flux": {"dmean2": 0.0198470838368, "median": 0.041289396584, "min": 6.36938626841e-11, "dvar2": 0.000850310723763, "dvar": 0.00038585474249, "dmean": 0.0127479350194, "max": 0.408139139414, "var": 0.00166310905479, "mean": 0.0507647283375}, "spectral_contrast_valleys": {"dmean2": [0.630108773708, 0.557595491409, 0.699659228325, 1.1682356596, 1.31916987896, 1.02811479568], "median": [-7.65573120117, -7.10261726379, -8.44291210175, -9.40896224976, -9.53698730469, -11.701002121], "min": [-28.3033370972, -28.0098667145, -27.8242263794, -27.7295570374, -27.5958347321, -27.4282512665], "dvar2": [0.299940109253, 0.240760594606, 0.392644435167, 0.914286851883, 1.16903436184, 0.800071179867], "dvar": [0.12685739994, 0.116591311991, 0.177083715796, 0.371394366026, 0.469150662422, 0.329391986132], "dmean": [0.376110523939, 0.34289675951, 0.435943871737, 0.707001388073, 0.78933185339, 0.623489916325], "max": [-5.71454954147, -5.00332736969, -5.82126569748, -6.3496389389, -6.41054821014, -8.7645072937], "var": [12.0198669434, 12.7374505997, 11.2778835297, 10.452958107, 10.3723506927, 8.00017166138], "mean": [-8.39297676086, -7.82960557938, -9.13180351257, -10.0029735565, -10.1214818954, -12.2296886444]}, "erbbands_flatness_db": {"dmean2": 0.0713969916105, "median": 0.229354441166, "min": 0.0233032274991, "dvar2": 0.00373758096248, "dvar": 0.00135373987723, "dmean": 0.0437380634248, "max": 0.414269775152, "var": 0.00374141940847, "mean": 0.228205725551}, "spectral_energyband_high": {"dmean2": 2.54271290032e-05, "median": 4.69953556603e-06, "min": 6.83201910561e-21, "dvar2": 4.93198548668e-09, "dvar": 1.88961357672e-09, "dmean": 1.52644497575e-05, "max": 0.00134785834234, "var": 2.56626164763e-09, "mean": 1.84195323527e-05}, "spectral_entropy": {"dmean2": 0.826152205467, "median": 6.04757022858, "min": 4.26871728897, "dvar2": 0.479236900806, "dvar": 0.17860083282, "dmean": 0.50076597929, "max": 9.82254981995, "var": 0.83043628931, "mean": 6.1763958931}, "silence_rate_20dB": {"dmean2": 0.000908677873667, "median": 1, "min": 0, "dvar2": 0.000907800567802, "dvar": 0.000454044376966, "dmean": 0.000454235734651, "max": 1, "var": 0.00136056577321, "mean": 0.998637616634}, "melbands_flatness_db": {"dmean2": 0.0929308235645, "median": 0.399837434292, "min": 0.00324656465091, "dvar2": 0.00630527362227, "dvar": 0.00228878576308, "dmean": 0.0566239655018, "max": 0.641236424446, "var": 0.0100964037701, "mean": 0.390801697969}, "barkbands": {"dmean2": [0.000254338869127, 0.000724823272321, 0.00056065415265, 0.00151300616562, 0.00490185059607, 0.00207994040102, 0.000473037507618, 0.000210035490454, 0.000150904088514, 0.000106951716589, 3.54103904101e-05, 2.87325128738e-05, 2.06217555387e-05, 1.27957137011e-05, 1.0014057807e-05, 6.70089957566e-06, 4.00640738007e-06, 3.62316905012e-06, 3.20340109283e-06, 2.83180065708e-06, 2.62215007751e-06, 2.24122868531e-06, 1.9155525024e-06, 1.89062711797e-06, 2.02397950488e-06, 2.87166471935e-06, 2.82937016891e-05], "median": [5.68263021705e-05, 0.000340735306963, 0.000221392925596, 0.000419214949943, 0.0017566725146, 0.000499201705679, 0.000219942914555, 8.23212758405e-05, 4.7510904551e-05, 2.10071593756e-05, 9.53928247327e-06, 5.98547376285e-06, 3.89523120248e-06, 1.93200412468e-06, 1.07723531073e-06, 6.28123586921e-07, 4.42164491687e-07, 3.96362679567e-07, 3.43952308413e-07, 3.09980407565e-07, 3.0543915841e-07, 2.79187418073e-07, 2.60390265794e-07, 2.86208660327e-07, 3.50975739138e-07, 5.20849198438e-07, 3.82594180337e-06], "min": [6.3389992862e-25, 1.29055119739e-24, 7.01491971518e-26, 1.39853619734e-24, 7.4375667856e-24, 1.10054324098e-23, 3.98034718643e-24, 2.8993773989e-24, 1.75358288759e-23, 1.3170904504e-23, 8.6093975722e-24, 1.97120783878e-23, 2.3927026891e-23, 3.63190330141e-23, 3.61830838811e-23, 5.91932066979e-23, 4.81989059044e-23, 1.0018346063e-22, 1.42608204475e-22, 1.36506876555e-22, 2.30324261234e-22, 2.85228980237e-22, 3.75254140151e-22, 5.6001515865e-22, 7.85264002416e-22, 1.28192022605e-21, 1.90564803232e-21], "dvar2": [2.68844672746e-07, 1.53583437168e-06, 1.21943037357e-06, 1.65522851603e-05, 0.000159559291205, 6.99722659192e-05, 1.40246049796e-06, 2.09063415468e-07, 1.84846527418e-07, 3.67494436659e-07, 1.02725499218e-08, 9.1097813737e-09, 8.33595859007e-09, 3.0763367409e-09, 1.66842928362e-09, 5.92412452427e-10, 1.38491662582e-10, 1.11373174572e-10, 8.36952937511e-11, 6.68016059135e-11, 5.61678967226e-11, 4.11968410774e-11, 2.94884117125e-11, 2.79896140987e-11, 3.04773498105e-11, 5.87817780562e-11, 1.76149850262e-08], "dvar": [9.95646232127e-08, 5.7349080862e-07, 4.33874248529e-07, 5.55747055841e-06, 5.67796232644e-05, 3.70785382984e-05, 5.68770474274e-07, 7.85913485402e-08, 7.52204627474e-08, 1.84313392992e-07, 6.01190963678e-09, 3.68810937346e-09, 3.9599652446e-09, 1.38967537477e-09, 8.13243028475e-10, 2.95155982988e-10, 4.82420145498e-11, 3.87906824717e-11, 2.89959913718e-11, 2.32751456997e-11, 1.9687921432e-11, 1.44086218651e-11, 1.0378146259e-11, 9.94414012939e-12, 1.10542902956e-11, 2.21465554229e-11, 8.89710261021e-09], "dmean": [0.000148643128341, 0.000435724999988, 0.000334141484927, 0.000895312521607, 0.00296339183114, 0.0014792305883, 0.000290977885015, 0.000125740349176, 9.0362438641e-05, 7.40973555367e-05, 2.38285738305e-05, 1.80785518751e-05, 1.34962920129e-05, 8.21269350126e-06, 6.49694220556e-06, 4.26566703027e-06, 2.32683100876e-06, 2.09489621739e-06, 1.84721670848e-06, 1.6381450223e-06, 1.51947722316e-06, 1.30141438603e-06, 1.11620909138e-06, 1.11327756258e-06, 1.20596052966e-06, 1.71831436546e-06, 1.95128650375e-05], "max": [0.00702017080039, 0.0168760344386, 0.0129305468872, 0.0646723508835, 0.205359011889, 0.27772808075, 0.0232545211911, 0.00735985627398, 0.00938320718706, 0.0209096930921, 0.00307984510437, 0.00154722330626, 0.0025671760086, 0.00146298657637, 0.00121939880773, 0.000555787002668, 0.000180497067049, 0.00018721363449, 0.000130989996251, 0.000121376659081, 0.000112745095976, 9.75133079919e-05, 8.59314968693e-05, 8.90356386662e-05, 0.000101921068563, 0.000150189749547, 0.00408096145838], "var": [1.4509645041e-07, 1.65272342656e-06, 7.89521152456e-07, 1.084960968e-05, 0.000215118838241, 0.000213740611798, 1.86546617442e-06, 3.20985805047e-07, 1.94056340774e-07, 5.13994791618e-07, 2.76665996779e-08, 1.05679998086e-08, 8.30530844098e-09, 3.66022878673e-09, 1.65769598048e-09, 5.82387027492e-10, 4.66900684781e-11, 4.15740011861e-11, 2.72825598918e-11, 2.18893531773e-11, 1.88464070738e-11, 1.39604291668e-11, 1.0401128743e-11, 1.0541045467e-11, 1.27077393747e-11, 2.67257223296e-11, 1.83074497784e-08], "mean": [0.000180142786121, 0.000784342410043, 0.000509214703925, 0.00166149006691, 0.00719543267041, 0.00416893744841, 0.0006278649671, 0.000286743044853, 0.000170395462192, 0.000161494652275, 5.2197752666e-05, 3.66817002941e-05, 2.52491845458e-05, 1.43944544106e-05, 9.30040641833e-06, 5.17802300237e-06, 2.29421061704e-06, 2.09679660657e-06, 1.78954269359e-06, 1.58467025813e-06, 1.48938818256e-06, 1.30026739953e-06, 1.14641841265e-06, 1.18819639283e-06, 1.34761125992e-06, 1.95839129447e-06, 3.10479663312e-05]}, "erbbands_skewness": {"dmean2": 1.07951486111, "median": 2.05889844894, "min": -1.17797994614, "dvar2": 1.0039396286, "dvar": 0.377429455519, "dmean": 0.654826879501, "max": 10.9559164047, "var": 2.6590988636, "mean": 2.3147778511}, "erbbands_spread": {"dmean2": 6.0316400528, "median": 8.47213840485, "min": 0.78933942318, "dvar2": 46.1187782288, "dvar": 18.4666957855, "dmean": 3.60218477249, "max": 107.623138428, "var": 84.5032424927, "mean": 10.8009347916}, "melbands_kurtosis": {"dmean2": 17.2567882538, "median": 9.21273422241, "min": -1.46400630474, "dvar2": 1121.2565918, "dvar": 371.584655762, "dmean": 10.0160417557, "max": 573.749633789, "var": 582.521911621, "mean": 16.4102973938}, "melbands": {"dmean2": [0.000228736927966, 0.000211409045733, 0.000696250412147, 0.00113178172614, 0.00066650606459, 0.000330544746248, 9.26944994717e-05, 7.803706103e-05, 2.72966026387e-05, 2.13463681575e-05, 1.61250372912e-05, 1.1424756849e-05, 4.61684567199e-06, 3.08399057758e-06, 2.94186747851e-06, 1.85202145531e-06, 1.193414505e-06, 8.84532596501e-07, 8.420533959e-07, 5.09636606694e-07, 3.52343334953e-07, 2.40559359099e-07, 2.00740061018e-07, 1.68253805555e-07, 1.39761539231e-07, 1.18243043801e-07, 1.00462294483e-07, 8.56298214558e-08, 7.33246139362e-08, 6.28333580721e-08, 5.4254297055e-08, 4.6983746671e-08, 4.07760190058e-08, 3.55100979732e-08, 3.11037524625e-08, 2.7425793192e-08, 2.4314514846e-08, 2.17244124912e-08, 1.96352853976e-08, 1.80656982707e-08], "median": [9.72685229499e-05, 0.000120096978208, 0.000270208809525, 0.000354793271981, 0.000240832945565, 8.67677445058e-05, 4.5345921535e-05, 3.54531985067e-05, 1.11552371891e-05, 6.53942061035e-06, 4.11613837059e-06, 2.35886659539e-06, 1.35830225645e-06, 7.36639094612e-07, 5.81239419262e-07, 2.86286336859e-07, 1.85812041309e-07, 1.24366010823e-07, 8.04053854608e-08, 4.89994498309e-08, 3.49151569878e-08, 2.68240754053e-08, 2.128184029e-08, 1.82527983839e-08, 1.51130485904e-08, 1.27351400536e-08, 1.0781519677e-08, 9.42192635023e-09, 8.23828560925e-09, 7.3971806458e-09, 6.46040509977e-09, 5.79111247845e-09, 5.15379205979e-09, 4.66911753705e-09, 4.24267021515e-09, 3.88107901372e-09, 3.56392804157e-09, 3.3362261842e-09, 3.17434123431e-09, 3.04062908185e-09], "min":