{"metadata": {"tags": {"album": ["Concerto for Classic Guitar and Jazz Piano Trio"], "genre": ["Jazz"], "artist": ["Alexandre Lagoya & Claude Bolling"], "musicbrainz_recordingid": ["105af16a-4402-4a4a-9e3c-300b3a2b2d08"], "title": ["Africaine"], "file_name": "1494359.mp3"}, "audio_properties": {"sample_rate": 44100, "downmix": "mix", "lossless": false, "analysis_sample_rate": 44100, "md5_encoded": "e5b574264727106ac386c7097f361bac", "equal_loudness": 0, "replay_gain": -5.14000511169, "codec": "mp3", "bit_rate": 320031, "length": 265.58694458}, "version": {"extractor": "music 1.0", "essentia_build_sha": "70f2e5ece6736b2c40cc944ad0e695b16b925413", "essentia_git_sha": "v2.1_beta2", "essentia": "2.1-beta2"}}, "rhythm": {"beats_loudness_band_ratio": {"dvar2": [0.0993349477649, 0.0836670473218, 0.0619584657252, 0.0209103450179, 0.00192015524954, 0.00464822584763], "var": [0.0739877745509, 0.0467236600816, 0.0369671657681, 0.00622962182388, 0.000568072195165, 0.00102807942312], "min": [0, 0, 0, 0, 0, 0], "dmean": [0.22653003037, 0.195808038116, 0.163342043757, 0.059496153146, 0.016810355708, 0.0160982180387], "mean": [0.414291828871, 0.306823194027, 0.243099972606, 0.0596373975277, 0.0166716687381, 0.0123865194619], "max": [0.967417180538, 0.96634542942, 0.939878165722, 0.674259305, 0.256094157696, 0.332304537296], "dmean2": [0.391746997833, 0.34097224474, 0.271332979202, 0.108186848462, 0.0295169726014, 0.0297197867185], "median": [0.419389009476, 0.266054749489, 0.190443813801, 0.0340955294669, 0.00914590526372, 0.00164220842998], "dvar": [0.0389989688993, 0.0298793241382, 0.0228631719947, 0.00735456170514, 0.000672990689054, 0.00153259688523]}, "bpm_histogram_first_peak_weight": {"dvar2": 0, "var": 0, "min": 0.386946380138, "dmean": 0, "mean": 0.386946380138, "max": 0.386946380138, "dmean2": 0, "median": 0.386946380138, "dvar": 0}, "bpm": 98.7132034302, "beats_count": 430, "bpm_histogram_first_peak_spread": {"dvar2": 0, "var": 0, "min": 0.435374259949, "dmean": 0, "mean": 0.435374259949, "max": 0.435374259949, "dmean2": 0, "median": 0.435374259949, "dvar": 0}, "danceability": 1.10367965698, "bpm_histogram_first_peak_bpm": {"dvar2": 0, "var": 0, "min": 99, "dmean": 0, "mean": 99, "max": 99, "dmean2": 0, "median": 99, "dvar": 0}, "beats_position": [0.638548731804, 1.27709746361, 1.90403628349, 2.55419492722, 3.19274377823, 3.83129239082, 4.46984100342, 5.0967798233, 5.71210861206, 6.32743740082, 6.94276618958, 7.56970500946, 8.19664382935, 8.82358264923, 9.45052146912, 10.0542402267, 10.6695690155, 11.2848978043, 11.9118366241, 12.538775444, 13.1424942017, 13.7578229904, 14.3847618103, 15.0349206924, 15.696688652, 16.3352375031, 16.9505672455, 17.5775051117, 18.2044448853, 18.8313827515, 19.458322525, 20.0968704224, 20.7470283508, 21.4087982178, 22.0473461151, 22.6858959198, 23.312833786, 23.9862117767, 24.6595916748, 25.3329696655, 26.0063495636, 26.6797275543, 27.353105545, 28.0264854431, 28.711473465, 29.3848514557, 30.0698413849, 30.7432193756, 31.3933773041, 32.0551452637, 32.7053070068, 33.3670730591, 34.0404510498, 34.690612793, 35.329158783, 35.9677085876, 36.6178665161, 37.2564163208, 37.8949661255, 38.5219039917, 39.1372337341, 39.7641716003, 40.3795013428, 40.9948310852, 41.6101570129, 42.2254867554, 42.8408164978, 43.467754364, 44.071472168, 44.6751937866, 45.2789115906, 45.894241333, 46.5095672607, 47.1248970032, 47.7402267456, 48.3671646118, 48.994102478, 49.6094322205, 50.2363700867, 50.8516998291, 51.4786376953, 52.0939674377, 52.7092971802, 53.3362350464, 53.9515647888, 54.5668907166, 55.1706123352, 55.7975502014, 56.4012680054, 57.0049858093, 57.608707428, 58.2240333557, 58.8393630981, 59.4546928406, 60.070022583, 60.673740387, 61.2774581909, 61.8927879333, 62.5081176758, 63.135055542, 63.7619934082, 64.3889312744, 64.9926528931, 65.6195907593, 66.2465286255, 66.8734664917, 67.5004043579, 68.1273422241, 68.7658920288, 69.392829895, 70.0081634521, 70.6234893799, 71.2272109985, 71.8425369263, 72.4578704834, 73.0731964111, 73.6885223389, 74.303855896, 74.9191818237, 75.5229034424, 76.1150131226, 76.7187271118, 77.3224487305, 77.9261627197, 78.5182723999, 79.1103820801, 79.7141036987, 80.3178253174, 80.9099273682, 81.5020370483, 82.0593185425, 82.6282043457, 83.2667541504, 83.8936920166, 84.5322418213, 85.1591796875, 85.7861175537, 86.4246673584, 87.0516052246, 87.6669387817, 88.270652771, 88.8859863281, 89.5013122559, 90.116645813, 90.7319717407, 91.3472976685, 91.9510192871, 92.5547409058, 93.158454895, 93.7737884521, 94.3891143799, 94.9928359985, 95.5965499878, 96.2002716064, 96.8272094727, 97.4541473389, 98.0810852051, 98.7080230713, 99.3349609375, 99.9619064331, 100.588844299, 101.227394104, 101.877548218, 102.527709961, 103.189476013, 103.828025818, 104.513015747, 105.209609985, 105.882987976, 106.556373596, 107.241355896, 107.926345825, 108.599723816, 109.273101807, 109.969703674, 110.654693604, 111.339683533, 112.013061523, 112.686439514, 113.336593628, 113.986755371, 114.648521423, 115.310295105, 115.960449219, 116.6222229, 117.283988953, 117.887710571, 118.503036499, 119.129974365, 119.756912231, 120.372245789, 120.975959778, 121.579681396, 122.183395386, 122.798728943, 123.402442932, 124.006164551, 124.621498108, 125.225212097, 125.828933716, 126.432647705, 127.036369324, 127.640090942, 128.232192993, 128.824310303, 129.428024292, 130.031738281, 130.647079468, 131.250793457, 131.866119385, 132.469833374, 133.085174561, 133.700500488, 134.304214478, 134.907928467, 135.511657715, 136.115371704, 136.719085693, 137.311203003, 137.903305054, 138.507034302, 139.110748291, 139.71446228, 140.31817627, 140.921905518, 141.525619507, 142.129333496, 142.733062744, 143.336776733, 143.940490723, 144.544219971, 145.14793396, 145.728439331, 146.308929443, 146.912643433, 147.504760742, 148.096862793, 148.700592041, 149.292694092, 149.884811401, 150.476913452, 151.069015503, 151.649520874, 152.230026245, 152.810516357, 153.414230347, 153.994735718, 154.586837769, 155.178955078, 155.759460449, 156.3515625, 156.932067871, 157.524169922, 158.116271973, 158.696777344, 159.32371521, 159.962265015, 160.577590942, 161.19291687, 161.819854736, 162.446792603, 163.073745728, 163.700683594, 164.339233398, 164.977767944, 165.604721069, 166.231658936, 166.870193481, 167.520355225, 168.205352783, 168.901947021, 169.575332642, 170.237091064, 170.898864746, 171.560638428, 172.222396851, 172.872558594, 173.522720337, 174.161270142, 174.823028564, 175.473190308, 176.123352051, 176.773513794, 177.388839722, 178.004165649, 178.631103516, 179.26965332, 179.873382568, 180.477096558, 181.069198608, 181.649703979, 182.24180603, 182.822311401, 183.414413452, 183.994918823, 184.587020874, 185.190750122, 185.852508545, 186.502670288, 187.152832031, 187.791381836, 188.441543579, 189.080093384, 189.718643188, 190.333969116, 190.937683105, 191.564620972, 192.191558838, 192.818496704, 193.457046509, 194.095596313, 194.745758057, 195.384307861, 196.022857666, 196.649795532, 197.253509521, 197.857223511, 198.472564697, 199.087890625, 199.691604614, 200.306930542, 200.957092285, 201.618865967, 202.26902771, 202.919174194, 203.569335938, 204.196273804, 204.82321167, 205.415328979, 206.00743103, 206.611160278, 207.214874268, 207.830200195, 208.445526123, 209.060852051, 209.664581299, 210.279907227, 210.895233154, 211.533782959, 212.172332764, 212.845703125, 213.530700684, 214.227294922, 214.900680542, 215.574050903, 216.259048462, 216.9556427, 217.62902832, 218.290786743, 218.940948486, 219.579498291, 220.218048096, 220.844985962, 221.471923828, 222.098861694, 222.725799561, 223.352737427, 223.979675293, 224.583404541, 225.18711853, 225.79083252, 226.406158447, 227.021499634, 227.625213623, 228.228927612, 228.832641602, 229.43637085, 230.040084839, 230.632202148, 231.235916138, 231.851242065, 232.454956055, 233.058685303, 233.650787354, 234.242904663, 234.846618652, 235.450332642, 236.05406189, 236.657775879, 237.261489868, 237.865203857, 238.468933105, 239.072647095, 239.676361084, 240.280090332, 240.872192383, 241.464309692, 242.068023682, 242.671737671, 243.26385498, 243.855957031, 244.459671021, 245.05178833, 245.643890381, 246.224395752, 246.804885864, 247.385391235, 247.965896606, 248.546386719, 249.12689209, 249.707382202, 250.31111145, 250.914825439, 251.495330811, 252.075820923, 252.656326294, 253.248428345, 253.817321777, 254.39781189, 254.989929199, 255.58203125, 256.162536621, 256.754638672, 257.323547363, 257.892425537, 258.461303711, 258.948944092, 259.448150635, 259.947387695, 260.434997559, 260.911010742, 261.387023926, 261.804992676, 262.222930908, 262.640899658, 263.070465088, 263.500030518, 263.941223145, 264.370788574, 264.811981201], "beats_loudness": {"dvar2": 0.00390499550849, "var": 0.00174428871833, "min": 0, "dmean": 0.0307203847915, "mean": 0.0412494540215, "max": 0.248850017786, "dmean2": 0.0543481446803, "median": 0.0288123171777, "dvar": 0.00138727924787}, "bpm_histogram_second_peak_weight": {"dvar2": 0, "var": 0, "min": 0.0815850794315, "dmean": 0, "mean": 0.0815850794315, "max": 0.0815850794315, "dmean2": 0, "median": 0.0815850794315, "dvar": 0}, "bpm_histogram_second_peak_spread": {"dvar2": 0, "var": 0, "min": 0.556962013245, "dmean": 0, "mean": 0.556962013245, "max": 0.556962013245, "dmean2": 0, "median": 0.556962013245, "dvar": 0}, "bpm_histogram_second_peak_bpm": {"dvar2": 0, "var": 0, "min": 94, "dmean": 0, "mean": 94, "max": 94, "dmean2": 0, "median": 94, "dvar": 0}, "onset_rate": 4.1302485466}, "lowlevel": {"spectral_energyband_high": {"dvar2": 9.11171355256e-07, "var": 3.55455853196e-07, "min": 7.08507901971e-21, "dmean": 0.000147602928337, "mean": 0.000139263822348, "max": 0.0153077365831, "dmean2": 0.000234509032452, "median": 8.49739080877e-06, "dvar": 3.76538935143e-07}, "spectral_energyband_middle_low": {"dvar2": 0.000206769982469, "var": 0.000385684048524, "min": 1.21301626783e-22, "dmean": 0.00589288165793, "mean": 0.016027867794, "max": 0.280882239342, "dmean2": 0.00824166461825, "median": 0.0102590257302, "dvar": 0.00010595517233}, "spectral_energy": {"dvar2": 0.00095454370603, "var": 0.00108254770748, "min": 9.98173304673e-21, "dmean": 0.0100628538057, "mean": 0.027122432366, "max": 0.442339718342, "dmean2": 0.0141213899478, "median": 0.0175464376807, "dvar": 0.000424620287959}, "spectral_spread": {"dvar2": 2168911560700.0, "var": 19746258944000.0, "min": 737798.125, "dmean": 761005.4375, "mean": 3421494.5, "max": 42693028, "dmean2": 1138289.625, "median": 2542400.75, "dvar": 1050912489470.0}, "spectral_energyband_low": {"dvar2": 0.000671768968459, "var": 0.000375836185412, "min": 1.419895198e-23, "dmean": 0.00515875313431, "mean": 0.00962558295578, "max": 0.364432990551, "dmean2": 0.00779294641688, "median": 0.00279420008883, "dvar": 0.00026962091215}, "spectral_rolloff": {"dvar2": 686341.25, "var": 4250521, "min": 21.533203125, "dmean": 133.258834839, "mean": 760.629882812, "max": 19616.7480469, "dmean2": 233.539978027, "median": 495.263671875, "dvar": 276705.3125}, "barkbands": {"dvar2": [1.25056089928e-07, 0.000410398264648, 7.82709321356e-05, 1.3760024558e-05, 9.406429308e-05, 1.38576997415e-05, 1.7732319975e-05, 2.67072555289e-05, 5.66570679439e-06, 6.16184115643e-06, 1.30598266423e-06, 2.51046060384e-07, 6.55397002447e-07, 1.45461484635e-07, 6.48340062526e-07, 5.58076855839e-08, 3.90422236762e-08, 3.68344821311e-08, 7.05880296437e-08, 9.98173188549e-09, 3.99535942108e-08, 1.06463078353e-08, 3.60006282563e-08, 6.17234334754e-08, 2.09276187491e-08, 8.0167401606e-09, 1.62344999666e-08], "var": [1.31957932581e-07, 0.000191566010471, 4.0380309656e-05, 1.52213769979e-05, 8.99256119737e-05, 2.18088989641e-05, 2.33964874496e-05, 7.00400269125e-05, 7.1474064498e-06, 7.21625565347e-06, 2.3631307613e-06, 3.46682639929e-07, 7.69581845361e-07, 1.41571277368e-07, 4.59690681964e-07, 4.70956109666e-08, 3.08665697446e-08, 3.16100638997e-08, 3.56908032018e-08, 5.67767743931e-09, 1.75208221265e-08, 4.21266577177e-09, 1.2185821241e-08, 2.23562128809e-08, 7.49758388707e-09, 2.7523496815e-09, 5.03350960912e-09], "min": [2.19283831996e-25, 1.79935030961e-24, 4.76614326843e-25, 8.82986703748e-25, 3.64412559673e-24, 3.57006970153e-24, 8.27684300241e-24, 9.61012837276e-24, 1.80048003731e-23, 1.25122498243e-23, 1.81492644707e-23, 1.80991008057e-23, 3.50750056774e-23, 3.05889493469e-23, 2.8236455687e-23, 4.90539301514e-23, 5.50659558615e-23, 1.09046148817e-22, 1.00383641973e-22, 1.64539698843e-22, 2.48118565118e-22, 3.35804077183e-22, 3.83292468692e-22, 4.42210886737e-22, 8.81488776007e-22, 1.14631420341e-21, 1.87748976222e-21], "dmean": [0.000114927053801, 0.00341026787646, 0.00181807973422, 0.0010913166916, 0.00263803498819, 0.00128801132087, 0.00108329439536, 0.00115293776616, 0.000552648853045, 0.000427425809903, 0.000150074774865, 9.19989106478e-05, 0.000142506614793, 8.97628779057e-05, 9.54195420491e-05, 4.50136576546e-05, 3.59027508239e-05, 3.54029361915e-05, 3.27600901073e-05, 1.8524538973e-05, 2.90312691504e-05, 1.77268502739e-05, 2.66365532298e-05, 3.12509255309e-05, 1.749182411e-05, 1.01536115835e-05, 1.10796399895e-05], "mean": [0.00066255038837, 0.00525573827326, 0.00315960077569, 0.00205798191018, 0.00478043453768, 0.00291915913112, 0.00244825449772, 0.00259091216139, 0.00101271772292, 0.000838725827634, 0.000277585582808, 0.00016669264005, 0.000253647827776, 0.000162163370987, 0.000154731722432, 7.57849047659e-05, 5.55172628083e-05, 5.72059070691e-05, 4.3013242248e-05, 2.22175985982e-05, 3.03575416183e-05, 1.69972063304e-05, 2.28000462812e-05, 2.68316434813e-05, 1.46046959344e-05, 8.23129175842e-06, 8.02955401014e-06], "max": [0.0103954467922, 0.254801541567, 0.164438992739, 0.0520647540689, 0.204506725073, 0.059303060174, 0.0687132328749, 0.160312920809, 0.0684090852737, 0.0548059642315, 0.083369359374, 0.0247648693621, 0.0460825525224, 0.00919568445534, 0.0290847495198, 0.00692177237943, 0.00523240724578, 0.00544206332415, 0.00658329250291, 0.00139402481727, 0.00573713937774, 0.00166627625003, 0.00270815566182, 0.0052194353193, 0.00238856906071, 0.00129158317577, 0.00239516911097], "dmean2": [0.000198007997824, 0.00526437489316, 0.00286978133954, 0.001717424253, 0.00402770284563, 0.00186843704432, 0.0016013685381, 0.00153533974662, 0.000810962810647, 0.000618318270426, 0.000210688333027, 0.000132409215439, 0.000195308661205, 0.000132016532007, 0.000138599352795, 6.50414222036e-05, 5.38523345313e-05, 5.22517402715e-05, 4.94567138958e-05, 2.80645272142e-05, 4.50795923825e-05, 2.82035744021e-05, 4.37600065197e-05, 5.11458238179e-05, 2.87357961497e-05, 1.69727209141e-05, 1.87747446034e-05], "median": [0.000664756866172, 0.000525761977769, 0.000752538384404, 0.000583050656132, 0.00202933279797, 0.00123105978128, 0.000722467608284, 0.000508550845552, 0.00029239198193, 0.000137778944918, 4.466151222e-05, 3.7629797589e-05, 5.00377354911e-05, 3.80006313208e-05, 2.57370938925e-05, 1.50395671881e-05, 1.11391536848e-05, 8.21641788207e-06, 4.59338252767e-06, 2.20261790673e-06, 1.89534239325e-06, 1.35020093239e-06, 7.7100122553e-07, 5.97325936269e-07, 3.21598236042e-07, 1.02474650987e-07, 1.72593992431e-08], "dvar": [4.8969098998e-08, 0.000161460353411, 2.92901258945e-05, 5.53612608201e-06, 4.36456903117e-05, 6.40438702249e-06, 7.46901105231e-06, 1.63238655659e-05, 2.80187236967e-06, 2.88406067739e-06, 8.03998773335e-07, 1.38311975206e-07, 3.67228466303e-07, 6.75328379884e-08, 2.86814326955e-07, 2.56283581024e-08, 1.83082118355e-08, 1.73819199034e-08, 2.96273228173e-08, 4.35977298707e-09, 1.6379074097e-08, 4.29103819144e-09, 1.42903759937e-08, 2.52542182722e-08, 8.63390248185e-09, 3.26846638643e-09, 6.49439924061e-09]}, "melbands_skewness": {"dvar2": 1.04635894299, "var": 1.55634796619, "min": -3.0162217617, "dmean": 0.588869571686, "mean": 2.10052657127, "max": 10.3369073868, "dmean2": 0.891920626163, "median": 1.98839557171, "dvar": 0.457859635353}, "barkbands_skewness": {"dvar2": 0.724384665489, "var": 1.20766377449, "min": -3.60922050476, "dmean": 0.478560656309, "mean": 1.37242770195, "max": 8.93815422058, "dmean2": 0.72168892622, "median": 1.34525811672, "dvar": 0.311738669872}, "erbbands": {"dvar2": [0.134355306625, 28.2725410461, 146.43888855, 66.0016326904, 565.876281738, 1657.63000488, 1008.7020874, 921.770202637, 2724.59814453, 4519.03759766, 17285.2636719, 3474.25, 5124.59863281, 5614.79101562, 1813.91394043, 536.58404541, 1278.72094727, 383.714172363, 918.855651855, 777.822509766, 137.810028076, 99.7337341309, 95.1542129517, 193.010910034, 73.7133102417, 21.9923095703, 39.6735267639, 52.601436615, 13.9897537231, 17.3472862244, 35.396484375, 33.6503181458, 13.3316078186, 3.4447684288, 0.664537012577, 0.0811941847205, 0.0263785198331, 0.00589167745784, 0.000393070629798, 4.02470323024e-06], "var": [0.0584404505789, 13.4583978653, 78.1962661743, 76.0556335449, 482.051940918, 1611.35400391, 1299.65209961, 1470.26318359, 5276.87011719, 6011.27392578, 47255.5546875, 4352.51806641, 5175.83349609, 7465.75048828, 3272.54980469, 784.236206055, 1715.48718262, 384.25579834, 1010.58825684, 387.796783447, 120.992996216, 83.24243927, 84.9563446045, 119.576965332, 37.3409500122, 11.6751394272, 20.9042053223, 21.9455299377, 5.8995513916, 6.01707744598, 11.8991127014, 11.6721305847, 4.95015287399, 1.27943897247, 0.225280761719, 0.0295545253903, 0.00897005479783, 0.00189910561312, 0.000124118756503, 1.17881506867e-06], "min": [8.79464104541e-23, 4.07884304955e-22, 1.20411385261e-21, 4.31278642791e-21, 1.12551848699e-20, 7.45894769292e-21, 1.14808799691e-20, 4.00047453256e-20, 6.87764877927e-20, 2.63859681111e-19, 2.40635990877e-19, 4.77819278179e-19, 4.30086174697e-19, 4.84634315848e-19, 7.015662572e-19, 9.20209997132e-19, 1.67454784417e-18, 1.65997509313e-18, 2.11423290704e-18, 1.78583475923e-18, 3.74711700793e-18, 4.04331508244e-18, 5.80693404517e-18, 6.67078398786e-18, 6.23053282326e-18, 8.78045106472e-18, 8.59668875574e-18, 9.89461950925e-18, 1.03183436052e-17, 1.19284035183e-17, 1.09470223775e-17, 9.36149415984e-18, 8.67745797947e-18, 8.17634121104e-18, 5.45551876963e-18, 3.94659161264e-18, 2.1612905917e-18, 9.49427463933e-19, 2.28324053694e-19, 2.71813746483e-20], "dmean": [0.0530394986272, 0.919094800949, 2.41246962547, 2.50155615807, 6.8375453949, 9.49507236481, 10.4891576767, 9.42414569855, 13.6171598434, 16.4657402039, 26.6067829132, 13.93516922, 9.36084365845, 13.8379678726, 4.64203739166, 4.31155109406, 6.95398855209, 4.41295289993, 5.31619167328, 3.28691363335, 2.2226831913, 2.02704024315, 1.89918661118, 1.72320878506, 1.22431838512, 0.881108999252, 1.02528870106, 1.08113348484, 0.663002252579, 0.656671524048, 0.808607578278, 0.724014878273, 0.466739296913, 0.231594339013, 0.096023388207, 0.0346468761563, 0.0183620043099, 0.0077641424723, 0.00172999524511, 0.000171890234924], "mean": [0.0807559490204, 1.40750944614, 4.11592626572, 5.24544429779, 11.4661712646, 16.7775650024, 21.3342628479, 22.1497650146, 34.0512619019, 36.3792724609, 60.0476226807, 27.6532478333, 17.9200801849, 28.0624160767, 9.32074928284, 8.14615249634, 12.9541015625, 8.3269405365, 9.3042049408, 5.69811439514, 3.84877538681, 3.37408828735, 3.11215949059, 2.42686462402, 1.58076381683, 1.04913926125, 1.14700520039, 1.09172928333, 0.650544524193, 0.585514605045, 0.687178373337, 0.614815950394, 0.400431782007, 0.196775510907, 0.0780675560236, 0.0292065814137, 0.0147367939353, 0.00596229406074, 0.00126752397045, 0.000144275487401], "max": [5.13386917114, 65.4891586304, 220.947052002, 111.594726562, 401.494781494, 948.007263184, 726.666015625, 522.461303711, 1213.41833496, 1677.52490234, 4429.04394531, 1232.15368652, 2020.87084961, 2163.57836914, 3183.4519043, 1268.0838623, 1726.06030273, 807.360717773, 1409.06005859, 1276.30932617, 316.286102295, 261.149536133, 243.651626587, 428.417053223, 229.291091919, 91.6214523315, 141.489471436, 200.933731079, 56.3427429199, 68.2632598877, 87.0267486572, 123.831993103, 65.5266265869, 27.3522071838, 16.4698810577, 4.2474155426, 2.25480151176, 1.2384455204, 0.40123835206, 0.035069450736], "dmean2": [0.0852771177888, 1.40976750851, 3.73368644714, 3.91968631744, 10.7549505234, 14.3480997086, 15.2644500732, 13.9311695099, 19.563325882, 24.5194072723, 34.3528366089, 19.842042923, 13.8180084229, 19.343000412, 6.34094524384, 6.08503770828, 9.35687541962, 6.4200258255, 7.49379491806, 4.80942964554, 3.19009709358, 2.97556853294, 2.76698327065, 2.56229400635, 1.84876084328, 1.34517538548, 1.56188845634, 1.68726909161, 1.0493106842, 1.07265353203, 1.33201336861, 1.19507467747, 0.758699834347, 0.378023564816, 0.160788923502, 0.0579439811409, 0.0307319462299, 0.0130763063207, 0.00291385664605, 0.000292194221402], "median": [0.00831887405366, 0.170267358422, 0.864530205727, 2.09331583977, 4.03702163696, 5.96724271774, 8.56346511841, 9.11926174164, 11.0156698227, 11.6536130905, 11.8504781723, 8.32679271698, 4.4459195137, 4.41287565231, 2.10390090942, 2.17132091522, 2.74919652939, 2.4571762085, 2.07444906235, 1.19154751301, 0.884486854076, 0.734924793243, 0.501660764217, 0.309957891703, 0.176754802465, 0.1128494367, 0.0850902870297, 0.0655055642128, 0.0494065880775, 0.0354908742011, 0.0214938540012, 0.0143483998254, 0.00903118774295, 0.00426535215229, 0.00185858213808, 0.000603454362135, 0.000168485974427, 3.12299198413e-05, 1.5405816157e-05, 2.15803684114e-05], "dvar": [0.0516866110265, 11.1296710968, 55.9570465088, 27.1711788177, 245.462753296, 770.33605957, 481.61618042, 400.266052246, 1229.31970215, 2060.60229492, 10908.0898438, 1682.93920898, 2333.25976562, 2846.36791992, 1085.15466309, 306.778137207, 740.67401123, 182.206771851, 481.138916016, 302.064880371, 65.5330963135, 47.2056121826, 45.3831863403, 87.1290893555, 30.0041027069, 9.38103294373, 16.9066448212, 21.4800796509, 5.74982976913, 6.84405612946, 14.0620326996, 13.5794019699, 5.50536966324, 1.43412208557, 0.269430190325, 0.0335543528199, 0.0107565214857, 0.00236452976242, 0.000158087845193, 1.57878162099e-06]}, "silence_rate_30dB": {"dvar2": 0.0474366992712, "var": 0.0262033753097, "min": 0, "dmean": 0.0216821115464, "mean": 0.973074555397, "max": 1, "dmean2": 0.0433680154383, "median": 1, "dvar": 0.021213632077}, "melbands_spread": {"dvar2": 41.3866920471, "var": 216.628005981, "min": 0.393920689821, "dmean": 2.38383674622, "mean": 9.78355789185, "max": 161.395492554, "dmean2": 3.71277952194, "median": 7.23728466034, "dvar": 17.215801239}, "melbands_crest": {"dvar2": 20.7070541382, "var": 35.7396392822, "min": 1.54303264618, "dmean": 2.93368291855, "mean": 15.9137411118, "max": 34.631187439, "dmean2": 4.63837003708, "median": 14.9883184433, "dvar": 8.63255786896}, "zerocrossingrate": {"dvar2": 0.00018890791398, "var": 0.00299756368622, "min": 0, "dmean": 0.0054153627716, "mean": 0.0301473867148, "max": 0.52978515625, "dmean2": 0.00696576712653, "median": 0.02099609375, "dvar": 0.000116429851914}, "barkbands_kurtosis": {"dvar2": 80.0921936035, "var": 55.5289459229, "min": -1.77217924595, "dmean": 3.06353616714, "mean": 6.02571201324, "max": 155.955917358, "dmean2": 4.80197095871, "median": 4.02574062347, "dvar": 32.9126663208}, "spectral_flux": {"dvar2": 0.00314225163311, "var": 0.00272064190358, "min": 6.24800142179e-11, "dmean": 0.0252527166158, "mean": 0.0583950951695, "max": 0.59391105175, "dmean2": 0.0403321124613, "median": 0.0458861626685, "dvar": 0.00133314682171}, "barkbands_crest": {"dvar2": 12.64220047, "var": 20.1635913849, "min": 3.49633336067, "dmean": 2.20216202736, "mean": 11.4358844757, "max": 26.53083992, "dmean2": 3.48785853386, "median": 10.3467445374, "dvar": 5.27468252182}, "barkbands_flatness_db": {"dvar2": 0.00180123315658, "var": 0.00453288899735, "min": 0.0335635729134, "dmean": 0.0283906329423, "mean": 0.228446349502, "max": 0.471487462521, "dmean2": 0.0413040705025, "median": 0.227803006768, "dvar": 0.000868189963512}, "spectral_entropy": {"dvar2": 0.216982975602, "var": 0.578231215477, "min": 4.01379489899, "dmean": 0.295179158449, "mean": 6.47889280319, "max": 9.82100868225, "dmean2": 0.428669899702, "median": 6.4512424469, "dvar": 0.10480017215}, "pitch_salience": {"dvar2": 0.00940671376884, "var": 0.0148968435824, "min": 0.119072385132, "dmean": 0.0646144673228, "mean": 0.56510001421, "max": 0.941683471203, "dmean2": 0.100578971207, "median": 0.577032089233, "dvar": 0.00396743649617}, "erbbands_spread": {"dvar2": 206.714584351, "var": 178.945785522, "min": 0.737670600414, "dmean": 5.72904920578, "mean": 20.442647934, "max": 137.728225708, "dmean2": 8.7546749115, "median": 17.616607666, "dvar": 91.9649505615}, "dynamic_complexity": 4.73339653015, "spectral_contrast_valleys": {"dvar2": [0.320528388023, 0.304026514292, 0.247493356466, 0.304377645254, 0.382020801306, 0.638646483421], "var": [6.44564151764, 6.25090885162, 5.56068325043, 5.30497837067, 5.17246770859, 4.49039554596], "min": [-28.4404907227, -28.501581192, -27.7948284149, -27.5889854431, -27.5432929993, -27.4221839905], "dmean": [0.415364533663, 0.367861688137, 0.348513394594, 0.36648696661, 0.407840013504, 0.488581180573], "mean": [-8.06713867188, -7.2071146965, -8.54396915436, -9.14161968231, -9.68776321411, -12.067653656], "max": [-4.70728826523, -4.46816253662, -5.45027017593, -6.01242637634, -5.88883781433, -7.63028430939], "dmean2": [0.659403204918, 0.587400317192, 0.539512276649, 0.561319172382, 0.591128587723, 0.685676395893], "median": [-7.57100057602, -6.7808175087, -8.19522571564, -8.82161426544, -9.44187545776, -12.055809021], "dvar": [0.142638489604, 0.136279031634, 0.12092757225, 0.143845379353, 0.184402793646, 0.304043501616]}, "hfc": {"dvar2": 162.891204834, "var": 200.322555542, "min": 1.0269343411e-16, "dmean": 4.15142583847, "mean": 10.2275114059, "max": 163.703308105, "dmean2": 5.73351955414, "median": 5.87108325958, "dvar": 76.9456863403}, "spectral_kurtosis": {"dvar2": 207.462905884, "var": 298.877349854, "min": -1.27850794792, "dmean": 8.30278301239, "mean": 20.1078205109, "max": 125.171035767, "dmean2": 13.4579601288, "median": 15.0407238007, "dvar": 84.219833374}, "mfcc": {"mean": [-759.91027832, 188.179275513, 13.6423034668, 12.7740812302, 3.15141582489, -0.64338105917, -9.5051908493, -3.74773192406, -2.63272881508, 1.32266438007, 2.08158826828, -0.107994109392, -5.42791843414], "cov": [[11953.2998047, 101.085418701, -519.703796387, 428.271331787, -165.097671509, 149.860687256, -50.9852409363, 46.5256309509, -54.7479743958, 201.731414795, -43.5055885315, 102.089622498, -62.8738670349], [101.085418701, 2098.3828125, -297.218383789, -66.1315765381, 177.153793335, -45.3139572144, -39.2591934204, -60.7834739685, -64.6173629761, -62.3036270142, 34.7154083252, -25.8316440582, -19.5958938599], [-519.703796387, -297.218383789, 835.202209473, -34.0692405701, 138.561782837, 140.119033813, 77.3567352295, 25.1228694916, 33.6050376892, 68.3721923828, -1.87316966057, 16.1797523499, 4.86600542068], [428.271331787, -66.1315765381, -34.0692405701, 240.415100098, 5.07791948318, 30.3044300079, 16.165845871, 8.22581672668, 10.8712863922, 21.2760887146, 12.9930505753, 2.84696531296, 9.18906784058], [-165.097671509, 177.153793335, 138.561782837, 5.07791948318, 217.517440796, 67.19581604, 37.1099243164, 3.50331068039, -7.68473148346, 30.062084198, 15.7661104202, 14.3736257553, 10.3063793182], [149.860687256, -45.3139572144, 140.119033813, 30.3044300079, 67.19581604, 164.969787598, 67.1421508789, 17.4433345795, 16.223608017, 30.5995807648, 9.95435619354, 9.99724388123, 7.39551973343], [-50.9852409363, -39.2591934204, 77.3567352295, 16.165845871, 37.1099243164, 67.1421508789, 120.42023468, 46.3787994385, 15.7460489273, 23.9111156464, 2.94144082069, 8.7541809082, 9.25837993622], [46.5256309509, -60.7834739685, 25.1228694916, 8.22581672668, 3.50331068039, 17.4433345795, 46.3787994385, 94.3040313721, 42.9907341003, 7.83288002014, -3.95475959778, -3.80775880814, -2.64800405502], [-54.7479743958, -64.6173629761, 33.6050376892, 10.8712863922, -7.68473148346, 16.223608017, 15.7460489273, 42.9907341003, 102.453704834, 36.541343689, -9.42223548889, -5.77183771133, -8.29777908325], [201.731414795, -62.3036270142, 68.3721923828, 21.2760887146, 30.062084198, 30.5995807648, 23.9111156464, 7.83288002014, 36.541343689, 111.720413208, 37.2529716492, 7.3822016716, 2.86766672134], [-43.5055885315, 34.7154083252, -1.87316966057, 12.9930505753, 15.7661104202, 9.95435619354, 2.94144082069, -3.95475959778, -9.42223548889, 37.2529716492, 94.4804382324, 37.4340820312, 4.49706268311], [102.089622498, -25.8316440582, 16.1797523499, 2.84696531296, 14.3736257553, 9.99724388123, 8.7541809082, -3.80775880814, -5.77183771133, 7.3822016716, 37.4340820312, 109.177841187, 45.7525901794], [-62.8738670349, -19.5958938599, 4.86600542068, 9.18906784058, 10.3063793182, 7.39551973343, 9.25837993622, -2.64800405502, -8.29777908325, 2.86766672134, 4.49706268311, 45.7525901794, 94.3181610107]], "icov": [[0.000119851756608, -3.72209215129e-05, 8.67961643962e-05, -0.000190930673853, 0.00017864270194, -0.00026536610676, 0.000268929405138, -0.000310192117468, 0.000409983331338, -0.000534719205461, 0.000459477101685, -0.00037002938916, 0.000262380694039], [-3.72209215129e-05, 0.000636162003502, 0.000268470903393, 0.000248455442488, -0.00085104414029, 0.000214968458749, -0.000153053566464, 0.000459036964457, -0.00025771628134, 0.000630388385616, -0.000574561650865, 0.000419039075496, -4.4361284381e-05], [8.67961643962e-05, 0.000268470903393, 0.00176313950215, 0.000353398994775, -0.00086098263273, -0.00108914589509, -6.00318162469e-06, -9.76803348749e-05, 0.000127647974296, -0.000865530746523, 0.000676132447552, -0.000396822171751, 0.000363375409506], [-0.000190930673853, 0.000248455442488, 0.000353398994775, 0.00481076259166, -0.000455131521448, -0.000501402129885, -0.000556560640689, 0.000464730459498, -0.000898402067833, 0.000363464961993, -0.00123687216546, 0.000955551862717, -0.000900497660041], [0.00017864270194, -0.00085104414029, -0.00086098263273, -0.000455131521448, 0.00704458449036, -0.00213212287053, 7.06044229446e-05, -0.00101098034065, 0.00206519151106, -0.00239070923999, 0.00104394333903, -0.00115548772737, 0.000158231894602], [-0.00026536610676, 0.000214968458749, -0.00108914589509, -0.000501402129885, -0.00213212287053, 0.0101060904562, -0.00501058669761, 0.00206012348644, -0.00205973582342, 0.00128124759067, -0.00167680997401, 0.000948954490013, -0.000637490302324], [0.000268929405138, -0.000153053566464, -6.00318162469e-06, -0.000556560640689, 7.06044229446e-05, -0.00501058669761, 0.014411514625, -0.00746824825183, 0.00314372056164, -0.00335554359481, 0.00229894090444, -0.00164679740556, 3.0674134905e-05], [-0.000310192117468, 0.000459036964457, -9.76803348749e-05, 0.000464730459498, -0.00101098034065, 0.00206012348644, -0.00746824825183, 0.0177650675178, -0.00837333314121, 0.00440615275875, -0.00281618908048, 0.00209131417796, -0.000721674994566], [0.000409983331338, -0.00025771628134, 0.000127647974296, -0.000898402067833, 0.00206519151106, -0.00205973582342, 0.00314372056164, -0.00837333314121, 0.0168566927314, -0.00815104879439, 0.0056284298189, -0.00255914125592, 0.00239672535099], [-0.000534719205461, 0.000630388385616, -0.000865530746523, 0.000363464961993, -0.00239070923999, 0.00128124759067, -0.00335554359481, 0.00440615275875, -0.00815104879439, 0.0168529115617, -0.00884602125734, 0.00379377417266, -0.00225041084923], [0.000459477101685, -0.000574561650865, 0.000676132447552, -0.00123687216546, 0.00104394333903, -0.00167680997401, 0.00229894090444, -0.00281618908048, 0.0056284298189, -0.00884602125734, 0.017915898934, -0.00766045413911, 0.00361110898666], [-0.00037002938916, 0.000419039075496, -0.000396822171751, 0.000955551862717, -0.00115548772737, 0.000948954490013, -0.00164679740556, 0.00209131417796, -0.00255914125592, 0.00379377417266, -0.00766045413911, 0.0152077041566, -0.00731232296675], [0.000262380694039, -4.4361284381e-05, 0.000363375409506, -0.000900497660041, 0.000158231894602, -0.000637490302324, 3.0674134905e-05, -0.000721674994566, 0.00239672535099, -0.00225041084923, 0.00361110898666, -0.00731232296675, 0.0145007297397]]}, "silence_rate_20dB": {"dvar2": 0.00174673064612, "var": 0.000524240778759, "min": 0, "dmean": 0.000699422962498, "mean": 0.999475479126, "max": 1, "dmean2": 0.0013989682775, "median": 1, "dvar": 0.00069892819738}, "melbands_kurtosis": {"dvar2": 228.675048828, "var": 163.255828857, "min": -1.72475087643, "dmean": 5.41230964661, "mean": 10.9836750031, "max": 209.011627197, "dmean2": 8.42945098877, "median": 7.39897632599, "dvar": 93.8223571777}, "barkbands_spread": {"dvar2": 61.7138061523, "var": 44.1895141602, "min": 0.326892793179, "dmean": 2.59746432304, "mean": 8.43649959564, "max": 90.5223846436, "dmean2": 4.06565475464, "median": 6.86270427704, "dvar": 26.3174724579}, "erbbands_skewness": {"dvar2": 0.416513681412, "var": 0.679686665535, "min": -2.69091677666, "dmean": 0.374065905809, "mean": 1.06433081627, "max": 9.57190036774, "dmean2": 0.570070326328, "median": 0.978066623211, "dvar": 0.18244703114}, "average_loudness": 0.434388190508, "spectral_centroid": {"dvar2": 77670.6328125, "var": 1387266, "min": 168.061569214, "dmean": 96.086151123, "mean": 646.204223633, "max": 11925.0234375, "dmean2": 147.631240845, "median": 460.947387695, "dvar": 36032.7734375}, "dissonance": {"dvar2": 0.00261773681268, "var": 0.00340567436069, "min": 0.161255210638, "dmean": 0.0342049337924, "mean": 0.41070869565, "max": 0.500000119209, "dmean2": 0.0561796203256, "median": 0.422139406204, "dvar": 0.00103335967287}, "erbbands_flatness_db": {"dvar2": 0.00155056687072, "var": 0.00436426559463, "min": 0.0351522304118, "dmean": 0.0265087112784, "mean": 0.228258907795, "max": 0.464650601149, "dmean2": 0.0371180586517, "median": 0.227242842317, "dvar": 0.000780940812547}, "spectral_strongpeak": {"dvar2": 0.934365272522, "var": 1.08484268188, "min": 0, "dmean": 0.365224421024, "mean": 0.853167712688, "max": 12.2685928345, "dmean2": 0.57799321413, "median": 0.527745485306, "dvar": 0.429035335779}, "spectral_rms": {"dvar2": 2.71180761047e-06, "var": 7.01385943103e-06, "min": 3.12062116599e-12, "dmean": 0.000831748358905, "mean": 0.00440988782793, "max": 0.0207738038152, "dmean2": 0.00112343078945, "median": 0.00413744803518, "dvar": 1.37185134008e-06}, "silence_rate_60dB": {"dvar2": 0.101187355816, "var": 0.130434051156, "min": 0, "dmean": 0.047385904938, "mean": 0.154209285975, "max": 1, "dmean2": 0.0947801023722, "median": 0, "dvar": 0.0451440252364}, "melbands": {"dvar2": [2.08142701013e-05, 4.26436017733e-05, 2.61513423538e-06, 6.98972280588e-06, 9.11823747174e-07, 4.48001458153e-07, 6.37922880742e-07, 5.31200385012e-07, 1.18138507332e-06, 1.09099175916e-07, 1.32301678946e-07, 9.7494954332e-08, 2.69042246259e-08, 3.64102681338e-09, 2.95945490336e-09, 8.59799609287e-09, 1.35672351131e-09, 1.74565628619e-09, 5.31055199815e-09, 3.31849159263e-10, 1.87560175724e-10, 1.45578410438e-10, 2.75876266276e-10, 2.64614267997e-11, 1.91732810184e-10, 9.20323539599e-11, 2.02065655874e-11, 9.92851460768e-12, 1.1146885498e-11, 6.18724099732e-11, 1.01163279143e-11, 4.74659461042e-12, 4.66188459364e-12, 6.71287114437e-12, 1.49504315178e-11, 8.80139017223e-12, 1.68552758556e-11, 7.49689720025e-12, 5.9932679479e-12, 1.65969505934e-12], "var": [8.86010820977e-06, 2.3182887162e-05, 2.63398169409e-06, 6.35350897937e-06, 1.20765116662e-06, 7.8252315916e-07, 1.10710550416e-06, 8.14495024315e-07, 3.17814487971e-06, 1.13081881636e-07, 1.32700208155e-07, 1.29229334789e-07, 5.37809086154e-08, 4.64968241687e-09, 4.50174786337e-09, 8.90535378772e-09, 1.23774634986e-09, 2.04271954907e-09, 2.60833576959e-09, 2.49460868629e-10, 1.74574882328e-10, 1.07251249548e-10, 2.23005308664e-10, 2.41080315433e-11, 1.1626869606e-10, 3.43770567568e-11, 1.09878642643e-11, 5.24595167653e-12, 5.91340561587e-12, 2.7308122777e-11, 4.01291066349e-12, 1.96206354115e-12, 1.63274634698e-12, 2.2436488431e-12, 4.987255834e-12, 2.71354900355e-12, 5.95661150612e-12, 2.74113934676e-12, 2.05895283462e-12, 6.12596724649e-13], "min": [9.75144688747e-25, 6.97989256535e-25, 7.63227511055e-25, 8.01893676236e-25, 3.52819913405e-25, 9.50233743259e-25, 1.16572312965e-24, 2.2661966156e-24, 2.11828125157e-24, 2.83457543376e-24, 1.78329817348e-24, 1.20945304228e-24, 1.99851343071e-24, 2.04281585914e-24, 3.22492589777e-24, 2.94363604555e-24, 2.14513190741e-24, 2.52867805168e-24, 1.93080155491e-24, 3.06009262276e-24, 3.57114294679e-24, 3.5447567328e-24, 4.25922844909e-24, 4.32747477815e-24, 4.10033450784e-24, 3.77599513552e-24, 3.53197087525e-24, 5.14613372078e-24, 5.08781244519e-24, 5.10805619374e-24, 5.70613700549e-24, 5.05996171094e-24, 5.22752523354e-24, 5.75908968819e-24, 5.19221700271e-24, 6.15925239857e-24, 5.35724354864e-24, 4.68188434489e-24, 6.49082128665e-24, 5.78750366913e-24], "dmean": [0.000714236637577, 0.0012755128555, 0.000517783802934, 0.000647408305667, 0.000343302905094, 0.000219771129196, 0.000212455008295, 0.00018006672326, 0.000218498782488, 7.62045165175e-05, 4.53824068245e-05, 5.77443825023e-05, 1.79946418939e-05, 1.02161193354e-05, 1.25786737044e-05, 1.42790213431e-05, 8.08631466498e-06, 8.32544537843e-06, 7.28743179934e-06, 3.25797054757e-06, 2.64958498519e-06, 2.10923712984e-06, 2.72329089057e-06, 1.03356421732e-06, 1.5591981537e-06, 1.01399768937e-06, 7.41288090467e-07, 5.54948826448e-07, 5.6096098433e-07, 8.64920025379e-07, 5.2002224038e-07, 3.65820881143e-07, 3.48424123331e-07, 3.85823540228e-07, 5.10104484874e-07, 3.84183948654e-07, 4.84860947836e-07, 3.50065846533e-07, 2.78386409036e-07, 1.6413270032e-07], "mean": [0.00111576879863, 0.00214610574767, 0.00106565537862, 0.00109187501948, 0.000719693896826, 0.000523917668033, 0.000517662498169, 0.000398239528295, 0.000487688492285, 0.000141832279041, 8.41360815684e-05, 0.000115870447189, 3.50565132976e-05, 1.86966881301e-05, 2.40311346715e-05, 2.51475685218e-05, 1.45547210195e-05, 1.43820761878e-05, 1.17091158245e-05, 5.370947747e-06, 4.37695871369e-06, 3.19411674354e-06, 4.3290724534e-06, 1.61925572684e-06, 2.11498718272e-06, 1.26370912312e-06, 8.96267749795e-07, 6.40359587578e-07, 6.32705507542e-07, 9.03676266262e-07, 5.03892749748e-07, 3.58001159384e-07, 3.23040410422e-07, 3.34999583629e-07, 4.32690143271e-07, 3.20600065606e-07, 4.0985540295e-07, 2.96318717119e-07, 2.36279376509e-07, 1.38166413421e-07], "max": [0.0575287416577, 0.105946421623, 0.0186428558081, 0.0579554140568, 0.0218341834843, 0.0107612879947, 0.0162152051926, 0.023282147944, 0.0359399393201, 0.0069497837685, 0.0102273607627, 0.0089098000899, 0.0137148629874, 0.00219177920371, 0.00212011253461, 0.00604386394843, 0.00086820445722, 0.0018192116404, 0.0030774413608, 0.000489303783979, 0.000374991883291, 0.000350585090928, 0.000461657589767, 0.000101693287434, 0.000436437258031, 0.000361634214642, 9.02071551536e-05, 7.27537262719e-05, 6.04812557867e-05, 0.000250967830652, 6.81569363223e-05, 4.24423305958e-05, 4.09357708122e-05, 3.44031323039e-05, 5.07697659486e-05, 4.86179815198e-05, 0.00010189061868, 4.77951980429e-05, 3.96815084969e-05, 1.81842115126e-05], "dmean2": [0.00113147962838, 0.00193933548871, 0.000809316290542, 0.000996204209514, 0.000502231356222, 0.000322451116517, 0.000307374430122, 0.00026554352371, 0.000281679851469, 0.000110891262011, 6.77317584632e-05, 8.12191574369e-05, 2.42673759203e-05, 1.46512184074e-05, 1.72600430233e-05, 1.97585595743e-05, 1.20513304864e-05, 1.18014586405e-05, 1.0732627743e-05, 4.80585913465e-06, 3.85490329791e-06, 3.16389287036e-06, 4.05409309678e-06, 1.51281994931e-06, 2.33930927607e-06, 1.55964369242e-06, 1.12854058898e-06, 8.61180296852e-07, 8.5919640469e-07, 1.34464028179e-06, 8.19040451461e-07, 5.8328959085e-07, 5.62625245948e-07, 6.38130813968e-07, 8.42994666073e-07, 6.39744087039e-07, 8.01780288384e-07, 5.72504006868e-07, 4.55372003216e-07, 2.69962384891e-07], "median": [0.000136893242598, 0.000443396478659, 0.000465198827442, 0.000386333529605, 0.00033320451621, 0.000218107423279, 0.000165921330336, 0.000121756536828, 9.09786904231e-05, 4.25182479376e-05, 1.66477311723e-05, 1.7128946638e-05, 6.5142467065e-06, 3.97604844693e-06, 5.73209581489e-06, 5.21567926626