{"metadata": {"tags": {"album": ["Wide receiver"], "genre": ["Ghotic rock"], "artist": ["The Sisters of Mercy"], "tracknumber": ["15/16"], "title": ["Jolene (demo (1982)"], "file_name": "1945217.mp3", "musicbrainz_recordingid": ["105a902b-bd44-42ff-a82b-4095a5ea5b6d"]}, "audio_properties": {"sample_rate": 44100, "downmix": "mix", "lossless": false, "analysis_sample_rate": 44100, "md5_encoded": "beb0c843e21bf44127a208b2459e0fd4", "equal_loudness": 0, "replay_gain": -10.2258396149, "codec": "mp3", "bit_rate": 192000, "length": 164.806533813}, "version": {"extractor": "music 1.0", "essentia_build_sha": "70f2e5ece6736b2c40cc944ad0e695b16b925413", "essentia_git_sha": "v2.1_beta2", "essentia": "2.1-beta2"}}, "rhythm": {"beats_loudness_band_ratio": {"dvar2": [0.0602198280394, 0.0131073147058, 0.00515432516113, 0.00639853719622, 0.0157639514655, 0.000804073002655], "var": [0.0411244183779, 0.00448117731139, 0.00203502830118, 0.00171436357778, 0.00822871085256, 0.000422237993916], "min": [0, 0, 0, 0, 0, 0], "dmean": [0.148149907589, 0.0426413342357, 0.0244323927909, 0.0376550257206, 0.0738744363189, 0.0144831463695], "mean": [0.785534799099, 0.0398770421743, 0.0226586554199, 0.0339355617762, 0.0985512956977, 0.019933167845], "max": [0.97773873806, 0.488357007504, 0.530944168568, 0.308580815792, 0.582057237625, 0.14129512012], "dmean2": [0.277273088694, 0.0793881937861, 0.043648250401, 0.071119569242, 0.137730717659, 0.026402015239], "median": [0.867085933685, 0.0150264566764, 0.00917977467179, 0.021355656907, 0.0692284107208, 0.0127173410729], "dvar": [0.0208079200238, 0.00429167738184, 0.002068500733, 0.00208940077573, 0.00551560893655, 0.000287843024125]}, "bpm_histogram_first_peak_weight": {"dvar2": 0, "var": 0, "min": 0.538720548153, "dmean": 0, "mean": 0.538720548153, "max": 0.538720548153, "dmean2": 0, "median": 0.538720548153, "dvar": 0}, "bpm": 108.724586487, "beats_count": 298, "bpm_histogram_first_peak_spread": {"dvar2": 0, "var": 0, "min": 0.459459424019, "dmean": 0, "mean": 0.459459424019, "max": 0.459459424019, "dmean2": 0, "median": 0.459459424019, "dvar": 0}, "danceability": 1.25316798687, "bpm_histogram_first_peak_bpm": {"dvar2": 0, "var": 0, "min": 108, "dmean": 0, "mean": 108, "max": 108, "dmean2": 0, "median": 108, "dvar": 0}, "beats_position": [0.545668900013, 1.09133780003, 1.63700675964, 2.19428563118, 2.73995471001, 3.27401351929, 3.80807256699, 4.35374164581, 4.8994102478, 5.4334692955, 5.9675283432, 6.52480697632, 7.08208608627, 7.63936471939, 8.19664382935, 8.75392246246, 9.31120204926, 9.86848068237, 10.4025392532, 10.9249887466, 11.4590473175, 11.9931058884, 12.538775444, 13.0728340149, 13.6301136017, 14.1873922348, 14.7446708679, 15.3135595322, 15.8824491501, 16.4397277832, 16.99700737, 17.5542850494, 18.1115646362, 18.6688423157, 19.2261219025, 19.760181427, 20.3174591064, 20.8747386932, 21.43201828, 21.9660758972, 22.5117454529, 23.0574150085, 23.614692688, 24.1719722748, 24.7292518616, 25.286529541, 25.8438091278, 26.4010887146, 26.9467563629, 27.4924259186, 28.0497055054, 28.5953731537, 29.1410427094, 29.6983222961, 30.2555999756, 30.8128795624, 31.358549118, 31.9042167664, 32.449886322, 32.9955558777, 33.5528335571, 34.0985031128, 34.6441726685, 35.2014503479, 35.7587280273, 36.3160095215, 36.8732872009, 37.4305648804, 37.976234436, 38.5219039917, 39.0791816711, 39.6364631653, 40.1821289062, 40.7277984619, 41.2850799561, 41.830745697, 42.3764152527, 42.9336967468, 43.4909744263, 44.0366439819, 44.5939216614, 45.1511993408, 45.708480835, 46.2541503906, 46.7998161316, 47.3570976257, 47.9143753052, 48.4600448608, 49.0173225403, 49.5746040344, 50.1202697754, 50.6659393311, 51.2232208252, 51.7804985046, 52.3377761841, 52.8834457397, 53.4291152954, 53.9863929749, 54.5436706543, 55.1009521484, 55.6582298279, 56.2155075073, 56.761177063, 57.3068466187, 57.8641242981, 58.39818573, 58.9554634094, 59.5011329651, 60.0584106445, 60.6040802002, 61.1497497559, 61.7070274353, 62.2643089294, 62.8099746704, 63.3788642883, 63.924533844, 64.4818115234, 65.0390930176, 65.5963668823, 66.142036438, 66.6877059937, 67.2333755493, 67.779045105, 68.3363265991, 68.8936004639, 69.450881958, 70.0081634521, 70.5538330078, 71.0995025635, 71.6567764282, 72.2140579224, 72.759727478, 73.3170089722, 73.8626708984, 74.4083404541, 74.9540100098, 75.488067627, 76.0453491211, 76.6026306152, 77.15990448, 77.7055740356, 78.2628555298, 78.8085250854, 79.3658065796, 79.9230804443, 80.46875, 81.0260314941, 81.5717010498, 82.1289749146, 82.6862564087, 83.2319259644, 83.7892074585, 84.3348770142, 84.8921508789, 85.4378204346, 85.9834899902, 86.5407714844, 87.08644104, 87.6437149048, 88.1893844604, 88.7466659546, 89.3039474487, 89.849609375, 90.3952789307, 90.9525604248, 91.5098419189, 92.0671157837, 92.6243972778, 93.1700668335, 93.7157363892, 94.2730178833, 94.8186798096, 95.3759613037, 95.9216308594, 96.4789123535, 97.0361862183, 97.5818557739, 98.1275253296, 98.6848068237, 99.2420806885, 99.7877502441, 100.3334198, 100.890701294, 101.43637085, 101.993652344, 102.550926208, 103.108207703, 103.653877258, 104.211151123, 104.756820679, 105.302490234, 105.84815979, 106.393829346, 106.95111084, 107.508384705, 108.05405426, 108.599723816, 109.15700531, 109.714286804, 110.271560669, 110.828842163, 111.374511719, 111.931785583, 112.477455139, 113.023124695, 113.56879425, 114.126075745, 114.683357239, 115.240631104, 115.786300659, 116.331970215, 116.889251709, 117.446525574, 117.992195129, 118.537864685, 119.095146179, 119.640815735, 120.186485291, 120.743759155, 121.301040649, 121.858322144, 122.415596008, 122.961265564, 123.50693512, 124.064216614, 124.609886169, 125.155555725, 125.71282959, 126.270111084, 126.827392578, 127.373062134, 127.91872406, 128.476013184, 129.033279419, 129.578948975, 130.12461853, 130.670288086, 131.22756958, 131.784851074, 132.33052063, 132.887802124, 133.445083618, 133.990753174, 134.536407471, 135.093688965, 135.639358521, 136.208251953, 136.753921509, 137.311203003, 137.856872559, 138.414154053, 138.959823608, 139.505477905, 140.062759399, 140.620040894, 141.177322388, 141.734603882, 142.280273438, 142.825942993, 143.371612549, 143.928878784, 144.47454834, 145.031829834, 145.589111328, 146.146392822, 146.692062378, 147.237731934, 147.783401489, 148.340682983, 148.886352539, 149.432022095, 149.97769165, 150.534957886, 151.09223938, 151.649520874, 152.19519043, 152.752471924, 153.298141479, 153.855422974, 154.412689209, 154.958358765, 155.50402832, 156.061309814, 156.618591309, 157.175872803, 157.733154297, 158.290420532, 158.847702026, 159.404983521, 159.962265015, 160.519546509, 161.076828003, 161.645706177, 162.214599609, 162.771881104, 163.329162598, 163.886444092, 164.443710327], "beats_loudness": {"dvar2": 0.000593067728914, "var": 0.000327482091961, "min": 0, "dmean": 0.0180502254516, "mean": 0.0604007467628, "max": 0.0994494333863, "dmean2": 0.0332740657032, "median": 0.06327290833, "dvar": 0.000186068980838}, "bpm_histogram_second_peak_weight": {"dvar2": 0, "var": 0, "min": 0.00336700328626, "dmean": 0, "mean": 0.00336700328626, "max": 0.00336700328626, "dmean2": 0, "median": 0.00336700328626, "dvar": 0}, "bpm_histogram_second_peak_spread": {"dvar2": 0, "var": 0, "min": 0, "dmean": 0, "mean": 0, "max": 0, "dmean2": 0, "median": 0, "dvar": 0}, "bpm_histogram_second_peak_bpm": {"dvar2": 0, "var": 0, "min": 115, "dmean": 0, "mean": 115, "max": 115, "dmean2": 0, "median": 115, "dvar": 0}, "onset_rate": 1.68055152893}, "lowlevel": {"spectral_energyband_high": {"dvar2": 2.09658388428e-08, "var": 2.73013682772e-08, "min": 6.89371433929e-21, "dmean": 8.92063981155e-05, "mean": 0.000298270140775, "max": 0.00187879207078, "dmean2": 0.000143885787111, "median": 0.000270380318398, "dvar": 8.42547720481e-09}, "spectral_energyband_middle_low": {"dvar2": 4.85128693981e-05, "var": 3.50391746906e-05, "min": 1.53195361533e-22, "dmean": 0.0031211769674, "mean": 0.0066844727844, "max": 0.0565649755299, "dmean2": 0.00516018178314, "median": 0.00497353170067, "dvar": 1.83328284038e-05}, "spectral_energy": {"dvar2": 0.000210272293771, "var": 0.00030009195325, "min": 1.01011944062e-20, "dmean": 0.00976762827486, "mean": 0.0390020124614, "max": 0.117653891444, "dmean2": 0.0139094591141, "median": 0.0356967002153, "dvar": 0.000100178280263}, "spectral_spread": {"dvar2": 661685665792, "var": 17669734531100.0, "min": 1359688.25, "dmean": 194820.796875, "mean": 2555399.75, "max": 43695012, "dmean2": 307839.875, "median": 2067257.875, "dvar": 466198265856}, "spectral_energyband_low": {"dvar2": 0.000302242813632, "var": 0.000400150485802, "min": 1.56159970235e-23, "dmean": 0.0102183381096, "mean": 0.0229298397899, "max": 0.115976922214, "dmean2": 0.014411627315, "median": 0.0157884750515, "dvar": 0.000147255836055}, "spectral_rolloff": {"dvar2": 673753, "var": 4255043, "min": 86.1328125, "dmean": 443.26965332, "mean": 1996.00878906, "max": 19466.015625, "dmean2": 713.524536133, "median": 2153.3203125, "dvar": 395942.46875}, "barkbands": {"dvar2": [8.57346993399e-09, 0.000146803969983, 0.000182273608516, 1.97909921553e-05, 8.90127739694e-06, 5.91207799516e-06, 2.03801528187e-06, 2.45744399763e-06, 1.04293314962e-06, 1.2353547163e-06, 4.1429848352e-07, 1.2923403574e-06, 1.18970137919e-06, 3.17058834298e-06, 2.59418288806e-06, 5.35278968528e-06, 2.03405329557e-06, 6.10317783867e-07, 3.89912145238e-07, 4.47374581825e-08, 4.10074774138e-09, 3.94866916942e-10, 2.95446271614e-11, 2.25217067218e-12, 9.69133735935e-13, 8.54753442504e-13, 5.51096874298e-13], "var": [1.30352191263e-08, 0.000240086563281, 0.000178939269972, 9.6838502941e-06, 5.29343515154e-06, 3.72685235561e-06, 1.70548946699e-06, 1.16247224469e-06, 7.9373336348e-07, 8.35748380723e-07, 4.21520866212e-07, 1.07056132492e-06, 9.30131477617e-07, 1.90944865608e-06, 1.86462932561e-06, 3.71525607079e-06, 1.50006485455e-06, 7.17252305549e-07, 3.93600345205e-07, 4.73835086723e-08, 4.50269910246e-09, 5.79861436645e-10, 3.28936634875e-11, 1.24897162924e-12, 1.69837952838e-13, 1.44255131928e-13, 9.28848266205e-14], "min": [4.65825815799e-25, 2.12571034914e-24, 1.00816285637e-24, 4.53970518293e-25, 1.04064337583e-23, 5.42507257028e-24, 4.62086319286e-24, 9.11832881862e-24, 1.47572083322e-23, 7.4658947807e-24, 1.45159068253e-23, 2.62941854751e-23, 2.21415901156e-23, 3.60960031035e-23, 4.68141236941e-23, 4.35010688198e-23, 8.01187708835e-23, 5.87819703525e-23, 1.26263536633e-22, 1.69593558321e-22, 2.2422695966e-22, 3.32527944154e-22, 4.21985250434e-22, 5.5365014924e-22, 9.1367813796e-22, 1.30344095739e-21, 1.96596557407e-21], "dmean": [4.23630699515e-05, 0.00557067291811, 0.00648796791211, 0.00166554527823, 0.00119053968228, 0.000724483572412, 0.000382837111829, 0.000349287496647, 0.00025567933335, 0.000254476937698, 0.000214146115468, 0.000338903366355, 0.000347621535184, 0.000696119503118, 0.000760281691328, 0.00126854493283, 0.000769958889578, 0.000414535577875, 0.000373585353373, 0.000129610169097, 3.64742772945e-05, 9.50292906055e-06, 2.22649600801e-06, 4.40375117705e-07, 5.51840813046e-08, 3.60452823145e-08, 1.22109016232e-08], "mean": [5.56262457394e-05, 0.0091769201681, 0.0120685882866, 0.00233588390984, 0.00175030098762, 0.00101680983789, 0.00054706458468, 0.000487056269776, 0.000422081415309, 0.000425917009125, 0.000348487868905, 0.000530472549144, 0.00054129777709, 0.00109815248288, 0.00138021016028, 0.00261043803766, 0.00168152991682, 0.00102546694688, 0.00100392068271, 0.000359374273103, 0.000103109268821, 2.70938526228e-05, 5.22794653079e-06, 9.27635312564e-07, 1.15434801273e-07, 5.24156824611e-08, 8.44014014234e-09], "max": [0.000756304827519, 0.0845297947526, 0.0709450021386, 0.0282774195075, 0.0277288686484, 0.0324182994664, 0.0351808704436, 0.033820964396, 0.0190730839968, 0.0210949014872, 0.0102169457823, 0.0210975892842, 0.0144006283954, 0.0197500940412, 0.0169076826423, 0.0207164548337, 0.0112936878577, 0.00913258641958, 0.00571679836139, 0.00252445298247, 0.000747659476474, 0.000296418467769, 7.85259908298e-05, 3.7857942516e-05, 3.25228938891e-05, 2.99967123283e-05, 2.44677121373e-05], "dmean2": [5.05356401845e-05, 0.0072318771854, 0.0104522192851, 0.00282330648042, 0.00197480572388, 0.00118269445375, 0.000610290677287, 0.000570159696508, 0.000402978999773, 0.000406671344535, 0.000336203956977, 0.000536441686563, 0.000564503367059, 0.00115772138815, 0.00127078709193, 0.0021370514296, 0.00129815377295, 0.000687853374984, 0.000614639197011, 0.000213001432712, 5.94689990976e-05, 1.51409540194e-05, 3.42212865689e-06, 6.67443430302e-07, 8.77528165688e-08, 5.99010689939e-08, 2.36909603046e-08], "median": [8.90665614861e-06, 0.00297051738016, 0.00643845601007, 0.00111421779729, 0.000888203736395, 0.000340687081916, 0.000193908635993, 0.000205106814974, 0.000175262481207, 0.000221296795644, 0.000160345196491, 0.000245317030931, 0.000249777804129, 0.000674316717777, 0.001008079038, 0.0021644027438, 0.0013938305201, 0.000814727856778, 0.000875815516338, 0.000319076672895, 8.91937670531e-05, 2.0503261112e-05, 3.52089364242e-06, 5.90169804582e-07, 8.35443429992e-08, 3.67691335157e-08, 3.04117619976e-09], "dvar": [6.18504625294e-09, 0.000104124716017, 6.97309951647e-05, 7.37643949833e-06, 3.34065589414e-06, 2.24028690354e-06, 9.32765999551e-07, 9.13997723728e-07, 4.27944911507e-07, 4.4017534151e-07, 1.83303512813e-07, 5.69372048176e-07, 4.87145598527e-07, 1.12475527203e-06, 9.69312736743e-07, 1.94153972188e-06, 7.2426917086e-07, 2.27561400834e-07, 1.41815277743e-07, 1.7029980981e-08, 1.68053415628e-09, 1.74954883914e-10, 1.31766975803e-11, 8.91937457052e-13, 3.24486260344e-13, 2.8550992408e-13, 1.84210191046e-13]}, "melbands_skewness": {"dvar2": 1.88667833805, "var": 4.17829608917, "min": -1.00125777721, "dmean": 0.957029640675, "mean": 2.71942067146, "max": 13.1577758789, "dmean2": 1.34750628471, "median": 2.13569879532, "dvar": 1.01846444607}, "barkbands_skewness": {"dvar2": 0.759154379368, "var": 1.85436201096, "min": -2.33083581924, "dmean": 0.647012233734, "mean": 1.02764928341, "max": 8.46419811249, "dmean2": 0.909512519836, "median": 0.741190910339, "dvar": 0.410426020622}, "erbbands": {"dvar2": [0.0646313354373, 12.001581192, 228.967666626, 158.921783447, 134.258895874, 149.676498413, 348.049499512, 437.310119629, 470.05847168, 800.772949219, 821.157531738, 588.045288086, 1222.37927246, 449.988983154, 627.612060547, 2420.30639648, 2348.28149414, 3931.16601562, 12394.3691406, 10349.0527344, 13034.8076172, 3482.29882812, 1769.75891113, 1376.18151855, 618.71282959, 113.827819824, 15.65229702, 3.69858765602, 0.652929186821, 0.120202481747, 0.0152063779533, 0.00223108264618, 0.000379805278499, 0.000136314993142, 4.48833816336e-05, 1.36482030939e-05, 2.89923195851e-06, 3.45533806012e-07, 1.83974204759e-08, 2.89154450384e-10], "var": [0.151044860482, 14.3044919968, 179.364822388, 106.381408691, 45.6745491028, 95.7135772705, 234.44720459, 286.964172363, 337.230834961, 612.586975098, 494.283813477, 409.459533691, 838.759643555, 391.083709717, 656.198547363, 2034.25732422, 1909.30773926, 2631.20043945, 8355.625, 7551.57421875, 8378.78320312, 3245.80102539, 1969.4720459, 1578.13183594, 606.749023438, 115.052726746, 16.4844703674, 4.2427945137, 0.966997385025, 0.176515474916, 0.0152289830148, 0.00171272200532, 0.00014740601182, 2.56026578427e-05, 7.67029541748e-06, 2.32316847359e-06, 4.880074016e-07, 5.80490642221e-08, 3.14535064661e-09, 3.45585116079e-10], "min": [8.17528110517e-23, 5.05764550488e-22, 1.29521822473e-21, 4.02551847574e-21, 1.49377978037e-20, 2.93928549407e-20, 2.69180597949e-20, 5.76125803647e-20, 8.99002572566e-20, 1.38156145348e-19, 2.44542506416e-19, 3.36570899056e-19, 6.93290625365e-19, 8.66741662722e-19, 9.82348218337e-19, 1.13703761033e-18, 1.44290604659e-18, 1.97692051177e-18, 2.32718745381e-18, 2.43045785136e-18, 2.78342347016e-18, 5.01334192857e-18, 4.90821430375e-18, 7.41770491994e-18, 6.38804662346e-18, 8.91502673294e-18, 8.82880473461e-18, 1.12909731751e-17, 1.19115538492e-17, 1.06647660186e-17, 1.07025871977e-17, 1.10537121329e-17, 9.13058503748e-18, 8.57133484278e-18, 6.49252242996e-18, 4.29700475887e-18, 2.26157610801e-18, 9.56386431029e-19, 2.50007921368e-19, 2.66624044401e-20], "dmean": [0.132379025221, 1.51885342598, 6.86636734009, 6.18833303452, 3.68043494225, 4.49588251114, 5.7136425972, 5.53384923935, 5.3851518631, 6.00483798981, 7.18696928024, 6.02384138107, 6.49807691574, 7.88243770599, 8.87660217285, 14.4487838745, 15.7635822296, 24.8918056488, 39.0617599487, 55.1464881897, 57.3828582764, 34.17420578, 23.2583007812, 20.3337917328, 14.7249536514, 6.33357143402, 2.37128448486, 0.978525400162, 0.38203650713, 0.137773215771, 0.0509075708687, 0.0184641275555, 0.00422047544271, 0.000905308639631, 0.000301667925669, 0.000171709529241, 6.6705266363e-05, 1.32340337586e-05, 6.03611806582e-06, 1.05770877781e-05], "mean": [0.202178671956, 2.47105884552, 12.3453989029, 11.417096138, 5.13700532913, 6.63825559616, 8.00253391266, 7.97789239883, 7.90491962433, 8.68550014496, 10.8547277451, 9.95794487, 11.3564929962, 13.6890773773, 16.2825641632, 23.5447044373, 26.6171512604, 42.5517959595, 73.4856948853, 110.68788147, 128.989608765, 86.6187133789, 60.2960128784, 54.3574790955, 40.5791625977, 17.943775177, 6.93619775772, 2.82492828369, 1.13814723492, 0.38229227066, 0.121580287814, 0.0381915234029, 0.00914329476655, 0.002027238952, 0.000640662794467, 0.000308330665575, 0.000105887200334, 2.09958143387e-05, 2.25600324484e-05, 4.61970630568e-05], "max": [2.04278850555, 23.3257350922, 85.8999938965, 74.1610183716, 73.3211364746, 145.360214233, 296.91204834, 343.179321289, 311.723358154, 929.701477051, 391.583618164, 394.851593018, 616.515991211, 423.964691162, 432.06829834, 1002.15924072, 693.742004395, 778.217041016, 1620.71643066, 1205.36352539, 1372.89685059, 529.885192871, 538.299316406, 358.766693115, 238.635253906, 135.856811523, 45.1397514343, 28.5125198364, 13.4716796875, 5.76488113403, 1.80743610859, 0.863101363182, 0.581110298634, 0.387497723103, 0.219567000866, 0.119887255132, 0.0554321706295, 0.0190792120993, 0.00451742857695, 0.000290628668154], "dmean2": [0.146720841527, 2.04140043259, 10.9380760193, 10.1137104034, 6.33915948868, 7.32692193985, 9.29253196716, 8.94327354431, 8.70305538177, 9.59738922119, 11.6484241486, 9.65735340118, 10.6227378845, 12.4384660721, 13.773680687, 22.908372879, 25.3005599976, 41.3256645203, 64.8202133179, 92.0415878296, 96.1011428833, 56.7624778748, 38.3898506165, 33.6597709656, 24.2939777374, 10.4851722717, 3.86851406097, 1.57349431515, 0.601125836372, 0.213142260909, 0.0783703178167, 0.0283563956618, 0.00633216742426, 0.0013945014216, 0.000491778540891, 0.000281321496004, 0.000111039502372, 2.42902860919e-05, 9.70167729974e-06, 1.52377851919e-05], "median": [0.04023642838, 1.03362822533, 6.67966985703, 8.31819629669, 2.83202648163, 3.26159906387, 2.67271542549, 2.73779892921, 2.84224557877, 3.46484494209, 4.69414663315, 4.39151859283, 5.08690690994, 7.88839054108, 8.74740409851, 10.853140831, 13.4949588776, 27.1708297729, 47.4373588562, 89.8286895752, 109.917884827, 75.1408615112, 49.7751998901, 44.7725105286, 35.9812240601, 16.0254154205, 6.22470855713, 2.37872886658, 0.870741546154, 0.256967037916, 0.0852727591991, 0.0242418516427, 0.00599239347503, 0.00143658835441, 0.000496166641824, 0.000236018269788, 7.85100201028e-05, 1.64386292454e-05, 2.1004683731e-05, 4.31745174865e-05], "dvar": [0.0581181123853, 7.27337265015, 86.3623886108, 59.3243522644, 48.2960929871, 57.5603942871, 138.716934204, 164.130218506, 184.490615845, 376.551208496, 320.245269775, 234.970565796, 421.538696289, 187.094802856, 273.74407959, 1058.79760742, 963.750915527, 1455.57958984, 4373.87158203, 3933.14599609, 4526.92578125, 1284.23242188, 667.073120117, 500.841033936, 228.407821655, 43.3031692505, 6.05029201508, 1.58400046825, 0.291703492403, 0.0540431663394, 0.00689012510702, 0.000960096309427, 0.000140055184602, 4.59047332697e-05, 1.49969009726e-05, 4.56336783827e-06, 9.67869368651e-07, 1.15378064436e-07, 6.1504552562e-09, 1.27198959698e-10]}, "silence_rate_30dB": {"dvar2": 0, "var": 0, "min": 1, "dmean": 0, "mean": 1, "max": 1, "dmean2": 0, "median": 1, "dvar": 0}, "melbands_spread": {"dvar2": 232.253311157, "var": 544.835327148, "min": 1.05203843117, "dmean": 10.988284111, "mean": 36.9906959534, "max": 156.270278931, "dmean2": 16.4907836914, "median": 35.435760498, "dvar": 112.616699219}, "melbands_crest": {"dvar2": 30.2900772095, "var": 49.3230476379, "min": 1.59872448444, "dmean": 4.04855966568, "mean": 17.9342346191, "max": 31.0513305664, "dmean2": 6.40343141556, "median": 18.1747779846, "dvar": 12.7459354401}, "zerocrossingrate": {"dvar2": 0.000192765161046, "var": 0.0028320949059, "min": 0.0048828125, "dmean": 0.00928945094347, "mean": 0.0615482665598, "max": 0.5390625, "dmean2": 0.0106799220666, "median": 0.05908203125, "dvar": 0.000129036343424}, "barkbands_kurtosis": {"dvar2": 32.3339538574, "var": 30.413274765, "min": -1.86806976795, "dmean": 2.11590766907, "mean": 1.43036437035, "max": 86.1161193848, "dmean2": 3.10017299652, "median": -0.819656133652, "dvar": 15.2019796371}, "spectral_flux": {"dvar2": 0.00143327435944, "var": 0.00164192926604, "min": 6.47899234263e-11, "dmean": 0.0240053087473, "mean": 0.102282747626, "max": 0.299671024084, "dmean2": 0.0368553958833, "median": 0.0960317254066, "dvar": 0.000720781332348}, "barkbands_crest": {"dvar2": 13.59308815, "var": 33.8928642273, "min": 1.53383708, "dmean": 3.10145235062, "mean": 11.4193735123, "max": 25.2836532593, "dmean2": 4.34711313248, "median": 9.91306591034, "dvar": 7.66196155548}, "barkbands_flatness_db": {"dvar2": 0.000786907679867, "var": 0.0018102475442, "min": 0.00699422229081, "dmean": 0.0212197545916, "mean": 0.195706233382, "max": 0.370836466551, "dmean2": 0.0298656485975, "median": 0.185951441526, "dvar": 0.00043099373579}, "spectral_entropy": {"dvar2": 0.0097235282883, "var": 0.0728129446507, "min": 6.86361169815, "dmean": 0.0664767920971, "mean": 7.53343296051, "max": 9.82129669189, "dmean2": 0.107700057328, "median": 7.51443386078, "dvar": 0.00427869101986}, "pitch_salience": {"dvar2": 0.0166942551732, "var": 0.0267081204802, "min": 0.0748186334968, "dmean": 0.0935711115599, "mean": 0.479677855968, "max": 0.965862929821, "dmean2": 0.139400422573, "median": 0.511672735214, "dvar": 0.00799921900034}, "erbbands_spread": {"dvar2": 128.099731445, "var": 195.889282227, "min": 3.86024451256, "dmean": 7.51379728317, "mean": 29.3637924194, "max": 83.9020385742, "dmean2": 11.5109891891, "median": 26.5212249756, "dvar": 55.5550079346}, "dynamic_complexity": 1.78105270863, "spectral_contrast_valleys": {"dvar2": [0.280203133821, 0.287065535784, 0.182306915522, 0.163068413734, 0.0851617604494, 0.105855621397], "var": [5.06898260117, 5.12142133713, 4.98288822174, 5.16999578476, 5.18683242798, 2.85995793343], "min": [-28.1258792877, -28.04164505, -28.0356445312, -27.6017074585, -27.5287685394, -27.4440670013], "dmean": [0.3687928617, 0.367582201958, 0.299069792032, 0.261998027563, 0.162714257836, 0.199115559459], "mean": [-7.33539104462, -7.14937353134, -7.37309122086, -7.02772760391, -6.79630279541, -12.3660173416], "max": [-5.73475551605, -5.22910928726, -5.33929824829, -5.59613656998, -5.71071910858, -9.26892948151], "dmean2": [0.611348450184, 0.601281046867, 0.487346470356, 0.417816251516, 0.255355983973, 0.28859525919], "median": [-7.05792331696, -6.90352630615, -7.11753082275, -6.76221132278, -6.50618457794, -12.2002658844], "dvar": [0.145272105932, 0.150376230478, 0.111923098564, 0.107962675393, 0.0785951465368, 0.0727730020881]}, "hfc": {"dvar2": 52.5674362183, "var": 141.877441406, "min": 1.07261707787e-16, "dmean": 4.96231555939, "mean": 28.5805110931, "max": 81.2127761841, "dmean2": 7.65313911438, "median": 27.5372447968, "dvar": 21.5966873169}, "spectral_kurtosis": {"dvar2": 25.0307846069, "var": 11.6662378311, "min": -1.28108942509, "dmean": 3.53472590446, "mean": 5.14240694046, "max": 27.5423030853, "dmean2": 6.28280067444, "median": 4.58004236221, "dvar": 8.05420017242}, "mfcc": {"mean": [-648.856384277, 159.437026978, -76.7085494995, 75.1767654419, 12.5604686737, 19.3437404633, -0.431543380022, 10.8551874161, 4.56392717361, 8.90353679657, -4.02480983734, -1.10276901722, 0.787022233009], "cov": [[3957.10864258, 1025.12231445, -643.562683105, 372.854492188, -85.773399353, 112.60282135, -106.002548218, 15.1672372818, -90.2071609497, -7.53526544571, -58.0243110657, -20.4960727692, -35.2760429382], [1025.12231445, 556.08380127, -162.876266479, 175.842224121, -22.0439758301, -7.52072477341, 10.5981292725, -6.1043214798, 12.0243616104, 0.842439949512, -4.19001102448, 3.0351228714, 14.0162258148], [-643.562683105, -162.876266479, 321.276733398, -43.2986068726, 47.6545944214, -8.35864257812, -5.00533819199, 32.5608825684, -4.68860197067, 18.2706432343, 0.647184729576, 15.0517225266, 16.0735683441], [372.854492188, 175.842224121, -43.2986068726, 211.682601929, 75.0932312012, 15.6543455124, -1.93983340263, -12.7796850204, 18.2118968964, -7.90870380402, -16.8337078094, -17.284526825, -0.811829447746], [-85.773399353, -22.0439758301, 47.6545944214, 75.0932312012, 143.633209229, 54.8288917542, 24.3835849762, 10.7444896698, 5.94615602493, 28.2798633575, 2.2144613266, 0.247407034039, -8.92951774597], [112.60282135, -7.52072477341, -8.35864257812, 15.6543455124, 54.8288917542, 128.231842041, 50.0550842285, 36.1096763611, 13.1187467575, 34.1954498291, 27.3042926788, 14.7951536179, 6.6431593895], [-106.002548218, 10.5981292725, -5.00533819199, -1.93983340263, 24.3835849762, 50.0550842285, 110.858879089, 57.5029373169, 45.8078117371, 32.1403694153, 19.5176239014, 22.424030304, 17.4439601898], [15.1672372818, -6.1043214798, 32.5608825684, -12.7796850204, 10.7444896698, 36.1096763611, 57.5029373169, 100.874816895, 51.3258323669, 40.4099388123, 12.7133512497, 15.3368091583, 17.4145088196], [-90.2071609497, 12.0243616104, -4.68860197067, 18.2118968964, 5.94615602493, 13.1187467575, 45.8078117371, 51.3258323669, 94.748046875, 45.764957428, 20.9913864136, 12.9056444168, 19.6047039032], [-7.53526544571, 0.842439949512, 18.2706432343, -7.90870380402, 28.2798633575, 34.1954498291, 32.1403694153, 40.4099388123, 45.764957428, 88.8495254517, 42.8006629944, 23.7008647919, 8.04620933533], [-58.0243110657, -4.19001102448, 0.647184729576, -16.8337078094, 2.2144613266, 27.3042926788, 19.5176239014, 12.7133512497, 20.9913864136, 42.8006629944, 78.8821868896, 35.6352005005, 11.8832950592], [-20.4960727692, 3.0351228714, 15.0517225266, -17.284526825, 0.247407034039, 14.7951536179, 22.424030304, 15.3368091583, 12.9056444168, 23.7008647919, 35.6352005005, 65.2345809937, 33.8724746704], [-35.2760429382, 14.0162258148, 16.0735683441, -0.811829447746, -8.92951774597, 6.6431593895, 17.4439601898, 17.4145088196, 19.6047039032, 8.04620933533, 11.8832950592, 33.8724746704, 61.987613678]], "icov": [[0.00150616141036, -0.00173381448258, 0.0022078899201, -0.00166889512911, 0.00156849483028, -0.00208593229763, 0.00318284705281, -0.00348427519202, 0.00313946953975, -0.00189204351045, 0.00190100318287, -0.00169903226197, 0.00100413023029], [-0.00173381448258, 0.00543260993436, -0.00140513759106, -0.00192603003234, 0.000585724948905, 0.00301154912449, -0.00453690765426, 0.00329239224084, -0.00164923316333, 0.000296366139082, -0.0018660192145, 0.00116316671483, -0.00155726785306], [0.0022078899201, -0.00140513759106, 0.00774867273867, -0.00215205829591, 0.000167633435922, -0.00138479657471, 0.00564980180934, -0.0075238388963, 0.00607176451012, -0.00347175030038, 0.00291667412966, -0.00287534599192, -0.000224489267566], [-0.00166889512911, -0.00192603003234, -0.00215205829591, 0.0136178992689, -0.00965051818639, 0.00182526244316, -0.0011602723971, 0.00558645557612, -0.00888870283961, 0.00644138688222, -0.00203917827457, 0.00423744460568, -0.00255606276914], [0.00156849483028, 0.000585724948905, 0.000167633435922, -0.00965051818639, 0.0169640425593, -0.00629029516131, 0.000348454515915, -0.00214053294621, 0.00648000044748, -0.00789377838373, 0.00458503747359, -0.00349208828993, 0.0042159142904], [-0.00208593229763, 0.00301154912449, -0.00138479657471, 0.00182526244316, -0.00629029516131, 0.015763990581, -0.00802809279412, 0.00135824736208, -0.00040283598355, 0.000898955040611, -0.00597661966458, 0.00343141541816, -0.00292157311924], [0.00318284705281, -0.00453690765426, 0.00564980180934, -0.0011602723971, 0.000348454515915, -0.00802809279412, 0.0232232566923, -0.0130766108632, 0.00139201083221, -0.00154035130981, 0.00399257708341, -0.00635946448892, 0.00187528831884], [-0.00348427519202, 0.00329239224084, -0.0075238388963, 0.00558645557612, -0.00214053294621, 0.00135824736208, -0.0130766108632, 0.0278287753463, -0.0141209335998, 0.000822002650239, -0.000922130129766, 0.00420741643757, -0.0030582989566], [0.00313946953975, -0.00164923316333, 0.00607176451012, -0.00888870283961, 0.00648000044748, -0.00040283598355, 0.00139201083221, -0.0141209335998, 0.028936015442, -0.0134124159813, 0.00241589057259, -0.000662734732032, -0.00249088136479], [-0.00189204351045, 0.000296366139082, -0.00347175030038, 0.00644138688222, -0.00789377838373, 0.000898955040611, -0.00154035130981, 0.000822002650239, -0.0134124159813, 0.0267905090004, -0.0111277885735, 0.000242654976319, 0.00157499802299], [0.00190100318287, -0.0018660192145, 0.00291667412966, -0.00203917827457, 0.00458503747359, -0.00597661966458, 0.00399257708341, -0.000922130129766, 0.00241589057259, -0.0111277885735, 0.0250682681799, -0.012473616749, 0.00384799181484], [-0.00169903226197, 0.00116316671483, -0.00287534599192, 0.00423744460568, -0.00349208828993, 0.00343141541816, -0.00635946448892, 0.00420741643757, -0.000662734732032, 0.000242654976319, -0.012473616749, 0.0318895690143, -0.015548360534], [0.00100413023029, -0.00155726785306, -0.000224489267566, -0.00255606276914, 0.0042159142904, -0.00292157311924, 0.00187528831884, -0.0030582989566, -0.00249088136479, 0.00157499802299, 0.00384799181484, -0.015548360534, 0.0266743246466]]}, "silence_rate_20dB": {"dvar2": 0, "var": 0, "min": 1, "dmean": 0, "mean": 1, "max": 1, "dmean2": 0, "median": 1, "dvar": 0}, "melbands_kurtosis": {"dvar2": 352.751556396, "var": 374.814544678, "min": -1.81962072849, "dmean": 7.59153842926, "mean": 11.3157291412, "max": 243.882324219, "dmean2": 10.8827219009, "median": 3.36719083786, "dvar": 169.1509552}, "barkbands_spread": {"dvar2": 57.4074554443, "var": 102.158302307, "min": 1.79943156242, "dmean": 5.98516511917, "mean": 30.0897026062, "max": 54.407875061, "dmean2": 8.99562931061, "median": 31.8043937683, "dvar": 28.9825496674}, "erbbands_skewness": {"dvar2": 0.178403630853, "var": 0.298587143421, "min": -3.9112637043, "dmean": 0.325945168734, "mean": -1.36274087429, "max": 0.821979701519, "dmean2": 0.515718519688, "median": -1.39880478382, "dvar": 0.0719358921051}, "average_loudness": 0.951653182507, "spectral_centroid": {"dvar2": 155335.265625, "var": 1128552.625, "min": 318.955200195, "dmean": 247.307220459, "mean": 2037.96081543, "max": 11977.7236328, "dmean2": 378.57824707, "median": 1994.52355957, "dvar": 77694.28125}, "dissonance": {"dvar2": 0.000101063007605, "var": 6.51691079838e-05, "min": 0.27736762166, "dmean": 0.00611328100786, "mean": 0.48908406496, "max": 0.5, "dmean2": 0.0103308008984, "median": 0.490837186575, "dvar": 4.02825899073e-05}, "erbbands_flatness_db": {"dvar2": 0.000288193899905, "var": 0.000746539852116, "min": 0.0346808843315, "dmean": 0.0126127619296, "mean": 0.238286390901, "max": 0.332974225283, "dmean2": 0.0196211449802, "median": 0.239352077246, "dvar": 0.00012379133841}, "spectral_strongpeak": {"dvar2": 2.8964278698, "var": 1.05538511276, "min": 0, "dmean": 0.509680151939, "mean": 0.796214401722, "max": 13.5615653992, "dmean2": 0.883696198463, "median": 0.547324120998, "dvar": 1.0632519722}, "spectral_rms": {"dvar2": 9.83283825917e-07, "var": 2.1879943688e-06, "min": 3.13923930254e-12, "dmean": 0.000750377192162, "mean": 0.00598855921999, "max": 0.0107137430459, "dmean2": 0.0010700924322, "median": 0.00590135995299, "dvar": 4.73546748481e-07}, "silence_rate_60dB": {"dvar2": 0.00140792818274, "var": 0.0190612655133, "min": 0, "dmean": 0.000563539040741, "mean": 0.0194393582642, "max": 1, "dmean2": 0.00112723687198, "median": 0, "dvar": 0.0005631428794}, "melbands": {"dvar2": [6.88097543389e-06, 3.8148224121e-05, 4.26298447564e-06, 5.15818953772e-07, 3.46709413179e-07, 2.16852058088e-07, 9.80959455887e-08, 1.04533285139e-07, 5.32794643959e-08, 2.09119708217e-08, 3.27913767251e-08, 9.09492925416e-09, 8.35641689179e-09, 8.87014284245e-09, 3.02846281386e-08, 1.0698316899e-08, 1.88210318441e-08, 4.6793715569e-08, 1.28578747649e-08, 3.35329204404e-08, 1.96433695976e-08, 6.29294305554e-09, 5.7161431144e-09, 1.53828050298e-09, 1.21072019077e-09, 6.82991663226e-10, 1.50320755843e-10, 5.42394393288e-11, 1.18519040068e-11, 2.27100933545e-12, 1.1982128614e-12, 3.43676042486e-13, 1.07886613597e-13, 3.24005484443e-14, 7.40436307238e-15, 2.58611758412e-15, 6.57569623464e-16, 2.12269288848e-16, 1.25510801025e-16, 8.93494689645e-17], "var": [1.60479394253e-05, 2.93874600175e-05, 2.64854452325e-06, 2.64806317318e-07, 2.38858433477e-07, 1.44087792364e-07, 7.17899695246e-08, 6.66097434987e-08, 3.38886358975e-08, 1.59116897436e-08, 2.24790923653e-08, 7.61719487485e-09, 8.95647112031e-09, 8.00137112122e-09, 2.1023938146e-08, 8.28575341671e-09, 1.16285114871e-08, 2.9040998939e-08, 8.96985064003e-09, 2.23365770324e-08, 1.1733751748e-08, 4.52820048125e-09, 3.65520391732e-09, 1.79483383711e-09, 1.1574599057e-09, 5.72781599928e-10, 1.3943531052e-10, 4.55428056378e-11, 9.96704455081e-12, 2.38002022604e-12, 1.19248252765e-12, 4.03292525243e-13, 1.4150367076e-13, 3.85950121959e-14, 6.49327664662e-15, 1.77113212842e-15, 4.04539970993e-16, 9.15142204799e-17, 2.67185707145e-17, 1.59363012084e-17], "min": [1.13826564255e-24, 1.27153767742e-24, 5.92459388939e-25, 2.82274567563e-24, 9.34261972334e-25, 1.06819379075e-24, 1.18653328033e-24, 1.49955348474e-24, 1.37583909138e-24, 1.94297150931e-24, 2.97296609123e-24, 3.27629435055e-24, 2.68739864075e-24, 3.07851706085e-24, 3.42515516438e-24, 2.8922200639e-24, 2.76740826642e-24, 3.11577200318e-24, 3.44071031814e-24, 2.72395484953e-24, 2.94453869964e-24, 3.86276115762e-24, 3.70428412936e-24, 2.68745169165e-24, 5.63984705148e-24, 3.63483636514e-24, 4.59078037667e-24, 5.0866066713e-24, 5.27830342114e-24, 4.80956463784e-24, 6.04482891313e-24, 6.23505877611e-24, 5.43840392515e-24, 6.27243658353e-24, 4.96502387871e-24, 6.18896997216e-24, 6.07592028798e-24, 4.99655070479e-24, 6.71318894849e-24, 6.15431491816e-24], "dmean": [0.00138487305958, 0.00290898396634, 0.000994438771158, 0.000270336895483, 0.000197140776436, 0.000127562918351, 8.10864075902e-05, 6.76756681059e-05, 5.77429782425e-05, 3.6505265598e-05, 3.32273230015e-05, 3.31464652845e-05, 3.1008527003e-05, 3.43382926076e-05, 4.0538925532e-05, 3.35546719725e-05, 5.33066559001e-05, 7.01686149114e-05, 5.88430993957e-05, 9.87624080153e-05, 7.00778327882e-05, 4.30963700637e-05, 3.67648717656e-05, 1.84693999472e-05, 1.86648030649e-05, 1.51107788042e-05, 7.13477993486e-06, 4.30376849181e-06, 2.04059779207e-06, 8.2154087977e-07, 5.43345038295e-07, 2.72483958952e-07, 1.31098687461e-07, 6.78736356008e-08, 3.38980612469e-08, 2.13927489057e-08, 8.48031067591e-09, 3.53502738193e-09, 1.27267107963e-09, 6.17627116117e-10], "mean": [0.00222348491661, 0.00539356702939, 0.00186326843686, 0.000400162592996, 0.000288227805868, 0.000182845033123, 0.00011861238454, 9.74740542006e-05, 8.7616914243e-05, 5.97702091909e-05, 5.59330146643e-05, 5.46596020286e-05, 5.27448864887e-05, 5.5405213061e-05, 6.32045412203e-05, 5.38388267159e-05, 8.32449077279e-05, 0.000120575248729, 0.000110522705654, 0.000184425589396, 0.00014364765957, 9.21337923501e-05, 7.21651231288e-05, 4.41156662419e-05, 4.42241725978e-05, 3.69495246559e-05, 1.81469240488e-05, 1.04774708234e-05, 5.01740805703e-06, 2.14806732401e-06, 1.3763969946e-06, 7.04625506387e-07, 3.32527150704e-07, 1.58228772307e-07, 7.34154070869e-08, 3.83113913927e-08, 1.65508513561e-08, 6.89501433726e-09, 2.54295673408e-09, 1.23713839173e-09], "max": [0.0212758183479, 0.0361412204802, 0.0112437261268, 0.0077968807891, 0.00860002543777, 0.00772607605904, 0.00414263270795, 0.00846984051168, 0.00374261685647, 0.0022198210936, 0.00324760051444, 0.0018970152596, 0.00161309645046, 0.00193799030967, 0.00348676368594, 0.0018500876613, 0.00185319129378, 0.0032444158569, 0.00100566179026, 0.00159891927615, 0.00158378086053, 0.000758843903895, 0.000883916392922, 0.000566752802115, 0.000331265851855, 0.000245720264502, 0.000119762000395, 8.62916713231e-05, 3.04771383526e-05, 2.15419713641e-05, 1.37090701173e-05, 9.14887732506e-06, 5.3545877563e-06, 2.89509057438e-06, 1.24952271108e-06, 6.87018143708e-07, 5.28933071564e-07, 4.04516185881e-07, 3.68286606545e-07, 3.13747221981e-07], "dmean2": [0.0016087545082, 0.00438309367746, 0.00162399513647, 0.000453685439425, 0.000320650811773, 0.000206274606171, 0.000131125882035, 0.000108553758764, 9.32770199142e-05, 5.81766435062e-05, 5.44264548807e-05, 5.23896269442e-05, 4.82556424686e-05, 5.40078581253e-05, 6.43361418042e-05, 5.44286813238e-05, 8.90119408723e-05, 0.000117246941954, 9.76098890533e-05, 0.000166179335793, 0.000117955110909, 7.1947084507e-05, 6.21075450908e-05, 3.07494265144e-05, 3.11370276904e-05, 2.51168366958e-05, 1.17886402222e-05, 7.20279876987e-06, 3.39054417964e-06, 1.34766025894e-06, 8.82672509306e-07, 4.37699526401e-07, 2.08617180419e-07, 1.06664600708e-07, 5.33343786913e-08, 3.40373027541e-08, 1.31814044124e-08, 5.4336295463e-09, 1.98968796994e-09, 9.85995396441e-10], "median": [0.000576215796173, 0.00336666265503, 0.00137410091702, 0.000218751505599, 0.000109633409011, 6.19822385488e-05, 4.14687383454e-05, 3.97867843276e-05, 3.78441218345e-05, 2.52370718954e-05, 2.42787391471e-05, 2.99594339594e-05, 2.52379268204e-05, 2.86459562631e-05, 2.69383635896e-05, 2.65423914243e-05, 5.12133119628e-05, 7.14940542821e-05, 8.59599749674e-05, 0.000146112608491, 0.000119247044495, 7.67018500483e-05, 5.76383681619e-05, 3.346034282e-05, 3.5377623135e-05, 3.16647710861e-05, 1.5630859707e-05, 9.09235131985e-06, 4.39398309027e-06, 1.80675124284e-06, 1.12298255317e-06, 5.31519958713e-07, 2.16966796529e-07, 1.00642623124e-07, 4.99236385565e-08, 2.37043256135e-08, 1.00293897631e-08, 4.28273905229e-09, 1.68761316033e-09, 8.75917949283e-10], "dvar": [6.06023741057e-06, 1.50258847498e-05, 1.57819260949e-06, 1.91091800161e-07, 1.36048413424e-07, 8.15082827899e-08, 3.91568129032e-08, 4.4964483692e-08, 2.13111484015e-08, 8.46454106807e-09, 1.13323253004e-08, 3.71986619285e-09, 3.7373477646e-09, 4.00518951338e-09, 1.21849232926e-08, 4.48066561631e-09, 6.9588841356e-09, 1.62958073702e-08, 4.82272222158e-09, 1.24515917577e-08, 6.86373979875e-09, 2.2528263699e-09, 2.05212136173e-09, 5.54556456311e-10, 4.36144842464e-10, 2.41298064863e-10, 5.73044979524e-11, 2.00652706256e-11, 4.41781463842e-12, 9.55648971415e-13, 4.90696676e-13, 1.4578309805e-13, 4.5904476238e-14, 1.40346193461e-14, 3.26186966977e-15, 1.08681219863e-15, 2.66149954596e-16, 7.97027761643e-17, 4.28535640148e-17, 2.99425286587e-17]}, "spectral_skewness": {"dvar2": 0.214525043964, "var": 0.109644658864, "min": -0.104525767267, "dmean": 0.333956748247, "mean": 0.721753954887, "max": 3.57055997849, "dmean2": 0.589422345161, "median": 0.690697014332, "dvar": 0.0699604675174}, "melbands_flatness_db": {"dvar2": 0.0013667086605, "var": 0.00421301135793, "min": 0.00325408671051, "dmean": 0.0290709137917, "mean": 0.24407684803, "max": 0.4658665061, "dmean2": 0.0401343777776, "median": 0.233555048704, "dvar": 0.00077060633339}, "spectral_decrease": {"dvar2": 1.49917932978e-17, "var": 2.14029641688e-17, "min": -3.08345100564e-08, "dmean": 2.57918997271e-09, "mean": -9.6469037203e-09, "max": 1.29771314287e-28, "dmean2": 3.65378682865e-09, "median": -8.62783888778e-09, "dvar": 7.23047920574e-18}, "erbbands_crest": {"dvar2": 11.101184845, "var": 7.38961744308, "min": 2.23784947395, "dmean": 2.23230481148, "mean": 8.2785091400