{"tonal": {"thpcp": [1, 0.65009611845, 0.255744129419, 0.218895435333, 0.207256913185, 0.215462714434, 0.249295502901, 0.262601107359, 0.262658655643, 0.265838414431, 0.25741147995, 0.251773536205, 0.242458596826, 0.225231230259, 0.224535733461, 0.299273401499, 0.415200054646, 0.381601125002, 0.272132605314, 0.25157058239, 0.29236254096, 0.33427169919, 0.308389037848, 0.253222763538, 0.248280882835, 0.275379866362, 0.272521138191, 0.253963112831, 0.249817058444, 0.268016368151, 0.349369764328, 0.483504652977, 0.442384719849, 0.263595670462, 0.191073864698, 0.586596727371], "hpcp": {"dmean2": [0.252232939005, 0.232985630631, 0.235731333494, 0.274412870407, 0.30587503314, 0.300581336021, 0.265879064798, 0.246309921145, 0.271372884512, 0.300945937634, 0.290706157684, 0.259625583887, 0.238128736615, 0.242449253798, 0.239166587591, 0.235513791442, 0.255566984415, 0.272603392601, 0.302217841148, 0.31903398037, 0.285486996174, 0.239358857274, 0.196371600032, 0.369105696678, 0.62006098032, 0.387868642807, 0.212567254901, 0.192993059754, 0.186874210835, 0.206047773361, 0.235356420279, 0.24487298727, 0.234841153026, 0.243770048022, 0.244470745325, 0.252347588539], "median": [0.0416501015425, 0.0376916304231, 0.0412465259433, 0.0599404685199, 0.0779654383659, 0.0769309103489, 0.0568714514375, 0.0434558317065, 0.0486141294241, 0.0497567094862, 0.0423945076764, 0.0383601933718, 0.040714584291, 0.0484681949019, 0.0525353699923, 0.0488998219371, 0.0458965748549, 0.0498262122273, 0.0723264068365, 0.0929280817509, 0.0822103172541, 0.0561088584363, 0.0361027233303, 0.253848522902, 0.415031731129, 0.310557246208, 0.0490368381143, 0.0395238474011, 0.0349842756987, 0.0371804870665, 0.0470324084163, 0.0539537593722, 0.0524560399354, 0.0474028363824, 0.0426199771464, 0.0403639450669], "min": [0, 0, 0, 0, 0, 0, 0, 0, 0, 0, 0, 0, 0, 0, 0, 0, 0, 0, 0, 0, 0, 0, 0, 0, 0, 0, 0, 0, 0, 0, 0, 0, 0, 0, 0, 0], "dvar2": [0.136716246605, 0.12353207916, 0.122005298734, 0.130595505238, 0.137977555394, 0.131352841854, 0.121673844755, 0.118364721537, 0.130537331104, 0.157530024648, 0.153772354126, 0.140621095896, 0.123818568885, 0.117654263973, 0.109650187194, 0.109368659556, 0.125423878431, 0.128617063165, 0.139005228877, 0.13654230535, 0.121997542679, 0.0981925278902, 0.0868832021952, 0.110196761787, 0.302765160799, 0.110632166266, 0.0810827389359, 0.0817067623138, 0.0798919647932, 0.087517619133, 0.102518297732, 0.111220248044, 0.106755785644, 0.114582881331, 0.125654995441, 0.134196400642], "dvar": [0.0482739917934, 0.0438419282436, 0.0426593832672, 0.0464751794934, 0.0547844320536, 0.0509274601936, 0.0438017398119, 0.0422134809196, 0.0483505614102, 0.0583930425346, 0.0576305836439, 0.0490704216063, 0.0437042340636, 0.042846634984, 0.039327736944, 0.0389321818948, 0.0446639768779, 0.0465651936829, 0.051237102598, 0.0524094328284, 0.0468950085342, 0.0354125760496, 0.0310779754072, 0.0413671955466, 0.121962413192, 0.0424223318696, 0.0306970048696, 0.0302596520633, 0.0293494649231, 0.0317603163421, 0.0375444702804, 0.0401221439242, 0.0386636704206, 0.0411007143557, 0.0453499890864, 0.0487087853253], "dmean": [0.139323830605, 0.128300189972, 0.12888109684, 0.153798505664, 0.175050616264, 0.172512277961, 0.148212119937, 0.136109292507, 0.15212136507, 0.168604627252, 0.160936012864, 0.142185419798, 0.13190805912, 0.13607224822, 0.133907690644, 0.130906432867, 0.14045612514, 0.150784134865, 0.170750245452, 0.182281434536, 0.163182720542, 0.134276390076, 0.108670122921, 0.208572939038, 0.342552244663, 0.222157970071, 0.121209025383, 0.109381049871, 0.105876356363, 0.115298375487, 0.132096722722, 0.137654483318, 0.132464274764, 0.136161118746, 0.136265948415, 0.13999800384], "max": [1, 1, 1, 1, 1, 1, 1, 1, 1, 1, 1, 1, 1, 1, 1, 1, 1, 1, 1, 1, 1, 1, 1, 1, 1, 1, 1, 1, 1, 1, 1, 1, 1, 1, 1, 1], "var": [0.0399754196405, 0.0369398072362, 0.0346313677728, 0.0461467802525, 0.080009624362, 0.0654136836529, 0.0401694402099, 0.0397922061384, 0.0508601889014, 0.0641218349338, 0.0628779381514, 0.0434679500759, 0.0410616025329, 0.0471216775477, 0.0421202629805, 0.0383031964302, 0.0383835360408, 0.0424398779869, 0.0573426671326, 0.0910745859146, 0.0863207280636, 0.0342092253268, 0.0254752226174, 0.0580062493682, 0.165071353316, 0.0620279610157, 0.0360680557787, 0.0317095518112, 0.0310658067465, 0.0313820466399, 0.0358960404992, 0.0381513051689, 0.0386681444943, 0.0417733490467, 0.0440600290895, 0.0446636341512], "mean": [0.121278695762, 0.112661503255, 0.112313613296, 0.149697676301, 0.207684621215, 0.190878301859, 0.136121749878, 0.125836536288, 0.146240830421, 0.167203947902, 0.154257342219, 0.126662969589, 0.124191023409, 0.137746036053, 0.136316090822, 0.127033293247, 0.124959424138, 0.13406278193, 0.174756065011, 0.241850823164, 0.221282482147, 0.131851539016, 0.0955758616328, 0.293417870998, 0.500203728676, 0.325180500746, 0.12792417407, 0.109492309391, 0.103670679033, 0.107775256038, 0.124698542058, 0.131354048848, 0.131382837892, 0.132973372936, 0.128758177161, 0.125938057899]}, "tuning_equal_tempered_deviation": 0.202493026853, "chords_changes_rate": 0.0985302105546, "key_key": "A#", "tuning_diatonic_strength": 0.466541349888, "key_scale": "minor", "chords_number_rate": 0.00204137177207, "tuning_frequency": 434.193115234, "tuning_nontempered_energy_ratio": 0.824640989304, "chords_histogram": [8.36962413788, 7.52585744858, 13.7452363968, 7.22645616531, 5.08982038498, 9.02286338806, 0.122482307255, 15.4599895477, 11.7719106674, 7.37615680695, 0, 1.38813281059, 1.2792596817, 0.027218291536, 0.027218291536, 0, 0.503538370132, 2.16385412216, 0.08165486902, 0.0952640175819, 1.45617854595, 1.2792596817, 5.19869375229, 0.789330422878], "key_strength": 0.546500444412, "chords_key": "A#", "chords_strength": {"dmean2": 0.0141623513773, "median": 0.445574223995, "min": -1, "dvar2": 0.000645839085337, "dvar": 0.00033941026777, "dmean": 0.0113644106314, "max": 0.791025578976, "var": 0.0158577021211, "mean": 0.444700777531}, "chords_scale": "major", "hpcp_entropy": {"dmean2": 1.16613149643, "median": 2.99777412415, "min": 0, "dvar2": 0.874635696411, "dvar": 0.30741545558, "dmean": 0.683334648609, "max": 4.71021509171, "var": 0.73431122303, "mean": 2.87245440483}}, "metadata": {"audio_properties": {"equal_loudness": 0, "codec": "mp3", "downmix": "mix", "analysis_sample_rate": 44100, "bit_rate": 219296, "md5_encoded": "bc222259a1f4084ef647972d002923c1", "length": 341.18637085, "replay_gain": -10.0197067261, "lossless": false}, "version": {"essentia_build_sha": "5a55991247aa8bc5301991e5ebe36927b56abb96", "essentia": "2.1-beta1", "extractor": "music 1.0", "essentia_git_sha": "v2.1_beta1-6-g5578087"}, "tags": {"title": ["\u6e21\u308b\u8005\u306e\u9014\u7d76\u3048\u305f\u6a4b"], "media": ["CD"], "albumartist": ["Golden City Factory"], "replaygain_track_peak": ["1.096514"], "discid": ["E8123110"], "replaygain_album_peak": ["1.096514"], "albumsort": ["Toho midnight Maximumtune V (2008-12-29, Golden City Factory, e3e1abcb-014f-4285-8c4b-09901b52d8f0)"], "musicbrainz_recordingid": ["106219cd-fed8-484c-a831-2dd2f5657e51"], "musicbrainz_albumartistid": ["737b5696-9a57-4955-9bac-1d04aec26417"], "discnumber": ["1/1"], "album": ["Toho midnight Maximumtune V"], "catalognumber": ["GCFT-0051"], "replaygain_track_gain": ["-10.43 dB"], "musicbrainz album status": ["official"], "file_name": "04 - Golden City Factory - \u6e21\u308b\u8005\u306e\u9014\u7d76\u3048\u305f\u6a4b.mp3", "replaygain_album_gain": ["-8.79 dB"], "artists": ["Golden City Factory"], "date": ["2008"], "genre": ["Touhou"], "musicbrainz album type": ["album"], "musicip_puid": ["4992214d-c573-331b-9c0c-cb63141e12cd"], "musicbrainz release track id": ["04fd0746-9c1f-3c2b-8237-692701239564"], "script": ["Jpan"], "originaldate": ["2008"], "musicbrainz_albumid": ["e3e1abcb-014f-4285-8c4b-09901b52d8f0"], "artist": ["Golden City Factory"], "artistsort": ["Golden City Factory"], "tracknumber": ["4/16"], "musicbrainz album release country": ["JP"], "albumartistsort": ["Golden City Factory"], "musicbrainz_artistid": ["737b5696-9a57-4955-9bac-1d04aec26417"], "musicbrainz_releasegroupid": ["91343b3d-f5a9-3068-ab19-f026c867b3f2"]}}, "rhythm": {"bpm_histogram_first_peak_bpm": {"dmean2": 0, "median": 144, "min": 144, "dvar2": 0, "dvar": 0, "dmean": 0, "max": 144, "var": 0, "mean": 144}, "bpm": 144.673553467, "bpm_histogram_second_peak_spread": {"dmean2": 0, "median": 0.133333325386, "min": 0.133333325386, "dvar2": 0, "dvar": 0, "dmean": 0, "max": 0.133333325386, "var": 0, "mean": 0.133333325386}, "bpm_histogram_first_peak_weight": {"dmean2": 0, "median": 0.604679822922, "min": 0.604679822922, "dvar2": 0, "dvar": 0, "dmean": 0, "max": 0.604679822922, "var": 0, "mean": 0.604679822922}, "onset_rate": 4.04155111313, "beats_position": [0.441179126501, 0.882358253002, 1.3235373497, 1.764716506, 2.20589566231, 2.6470746994, 3.07664394379, 3.49460315704, 3.92417216301, 4.35374164581, 4.77170038223, 5.20126962662, 5.630838871, 6.06040811539, 6.48997735977, 6.91954612732, 7.33750534058, 7.76707458496, 8.19664382935, 8.63782310486, 9.07900238037, 9.52018165588, 9.94974994659, 10.379319191, 10.8088884354, 11.2384576797, 11.6680269241, 12.0859861374, 12.5039453506, 12.9219045639, 13.3398637772, 13.7578229904, 14.1641721725, 14.5821313858, 14.9884805679, 15.3948297501, 15.8127889633, 16.2307472229, 16.6487064362, 17.0666656494, 17.4846248627, 17.8909740448, 18.2973232269, 18.7152824402, 19.1332416534, 19.5512008667, 19.9575500488, 20.363899231, 20.7818584442, 21.1998176575, 21.6177768707, 22.035736084, 22.4420852661, 22.8484344482, 23.2663936615, 23.6843528748, 24.102312088, 24.5202713013, 24.9266204834, 25.3329696655, 25.7509288788, 26.168888092, 26.5868473053, 27.0048065186, 27.4111557007, 27.8175048828, 28.2354640961, 28.6534233093, 29.0713825226, 29.4777317047, 29.8840808868, 30.3020401001, 30.7199993134, 31.1379585266, 31.5559177399, 31.962266922, 32.3686180115, 32.7865753174, 33.204536438, 33.6224937439, 34.0172348022, 34.4351921082, 34.8531494141, 35.2711105347, 35.6890678406, 36.0954170227, 36.5017662048, 36.9197273254, 37.3376846313, 37.755645752, 38.1736030579, 38.57995224, 38.9863014221, 39.4042625427, 39.8222198486, 40.2634010315, 40.7161903381, 41.1689796448, 41.6101570129, 42.0513381958, 42.492515564, 42.9220848083, 43.340045929, 43.7463951111, 44.164352417, 44.5823135376, 45.0002708435, 45.4066200256, 45.8129692078, 46.2309303284, 46.6488876343, 47.0668487549, 47.4848060608, 47.8911552429, 48.297504425, 48.7154655457, 49.1334228516, 49.5513839722, 49.9693412781, 50.3756904602, 50.7936515808, 51.2000007629, 51.6179580688, 52.0359191895, 52.4538764954, 52.8602256775, 53.2665748596, 53.6845359802, 54.1024932861, 54.5204544067, 54.9268035889, 55.333152771, 55.7511100769, 56.1690673828, 56.5870285034, 57.0049858093, 57.4113349915, 57.8176841736, 58.2356452942, 58.6536026001, 59.0715637207, 59.4779129028, 59.8958702087, 60.3022193909, 60.7201805115, 61.1381378174, 61.556098938, 61.9740562439, 62.380405426, 62.7867546082, 63.2047157288, 63.6226730347, 64.0406341553, 64.4469833374, 64.8533325195, 65.2712936401, 65.6892471313, 66.107208252, 66.5251693726, 66.9547348022, 67.3959197998, 67.837097168, 68.2782745361, 68.7310638428, 69.1722412109, 69.60181427, 70.0197753906, 70.4377288818, 70.844078064, 71.2620391846, 71.6800003052, 72.0979614258, 72.5043106079, 72.9222640991, 73.3286132812, 73.7465744019, 74.1645355225, 74.5824966431, 74.9888458252, 75.3951950073, 75.8131484985, 76.2311096191, 76.6490707397, 77.0670318604, 77.4849853516, 77.9029464722, 78.3209075928, 78.738861084, 79.1568222046, 79.5631713867, 79.9695205688, 80.3874816895, 80.8054428101, 81.2117919922, 81.6297454834, 82.0360946655, 82.4540557861, 82.8604049683, 83.2667541504, 83.684715271, 84.0910644531, 84.4974136353, 84.9153747559, 85.3333282471, 85.7512893677, 86.1692504883, 86.5872116089, 86.993560791, 87.3999099731, 87.8178634644, 88.235824585, 88.6537857056, 89.0717468262, 89.4897003174, 89.907661438, 90.3256225586, 90.7667999268, 91.2079772949, 91.6491622925, 92.1367797852, 92.6243972778, 93.100402832, 93.5764160156, 94.1336975098, 94.6909713745, 95.2598648071, 95.8171386719, 96.374420166, 96.9317016602, 97.4889755249, 98.046257019, 98.5919265747, 99.1492080688, 99.7064819336, 100.263763428, 100.821044922, 101.378318787, 101.935600281, 102.492874146, 102.922447205, 103.340408325, 103.758361816, 104.164710999, 104.582672119, 105.00063324, 105.406982422, 105.813331604, 106.231292725, 106.649246216, 107.067207336, 107.473556519, 107.879905701, 108.297866821, 108.715827942, 109.133781433, 109.551742554, 109.958091736, 110.364440918, 110.782402039, 111.200363159, 111.61831665, 112.024665833, 112.431015015, 112.848976135, 113.266937256, 113.684898376, 114.091247559, 114.50920105, 114.915550232, 115.333511353, 115.751472473, 116.169433594, 116.587387085, 117.005348206, 117.423309326, 117.852874756, 118.305664062, 118.74684906, 119.188026428, 119.652427673, 120.093605042, 120.511566162, 120.929519653, 121.347480774, 121.753829956, 122.160179138, 122.578140259, 122.99609375, 123.414054871, 123.832015991, 124.238365173, 124.644714355, 125.062675476, 125.480628967, 125.898590088, 126.316551208, 126.722900391, 127.129249573, 127.547210693, 127.965164185, 128.383132935, 128.789474487, 129.207427979, 129.625396729, 130.031738281, 130.449707031, 130.867660522, 131.274017334, 131.680358887, 132.098312378, 132.516281128, 132.934234619, 133.352203369, 133.758544922, 134.164901733, 134.582855225, 135.000808716, 135.418777466, 135.836730957, 136.243087769, 136.66104126, 137.067382812, 137.485351562, 137.903305054, 138.321273804, 138.716003418, 139.133972168, 139.551925659, 139.96987915, 140.3878479, 140.805801392, 141.200546265, 141.618499756, 142.036453247, 142.454421997, 142.86076355, 143.2787323, 143.685073853, 144.103042603, 144.520996094, 144.927337646, 145.333694458, 145.751647949, 146.169616699, 146.58757019, 146.993927002, 147.411880493, 147.818222046, 148.236190796, 148.654144287, 149.072113037, 149.47845459, 149.884811401, 150.302764893, 150.720718384, 151.138687134, 151.556640625, 151.962997437, 152.380950928, 152.78729248, 153.20526123, 153.623214722, 154.041183472, 154.447525024, 154.853881836, 155.271835327, 155.689788818, 156.107757568, 156.52571106, 156.932067871, 157.338409424, 157.756362915, 158.174331665, 158.580673218, 158.998641968, 159.404983521, 159.822952271, 160.240905762, 160.658859253, 161.076828003, 161.494781494, 161.889526367, 162.307479858, 162.72543335, 163.131790161, 163.538131714, 163.956100464, 164.374053955, 164.792022705, 165.209976196, 165.627929688, 166.034286499, 166.440628052, 166.858596802, 167.276550293, 167.694503784, 168.100860596, 168.507202148, 168.925170898, 169.34312439, 169.761077881, 170.167434692, 170.573776245, 170.991744995, 171.409698486, 171.827667236, 172.245620728, 172.65196228, 173.058319092, 173.476272583, 173.894241333, 174.312194824, 174.730148315, 175.136505127, 175.54284668, 175.96081543, 176.378768921, 176.796737671, 177.214691162, 177.621032715, 178.027389526, 178.445343018, 178.863311768, 179.281265259, 179.68762207, 180.093963623, 180.511917114, 180.929885864, 181.347839355, 181.754196167, 182.172149658, 182.57850647, 182.996459961, 183.414413452, 183.832382202, 184.238723755, 184.656692505, 185.063034058, 185.480987549, 185.898956299, 186.305297852, 186.711654663, 187.129608154, 187.547576904, 187.965530396, 188.383483887, 188.789840698, 189.196182251, 189.614151001, 190.032104492, 190.450057983, 190.868026733, 191.262756348, 191.680725098, 192.098678589, 192.516647339, 192.93460083, 193.352554321, 193.758911133, 194.165252686, 194.583221436, 195.001174927, 195.419128418, 195.837097168, 196.243438721, 196.649795532, 197.067749023, 197.485717773, 197.903671265, 198.310012817, 198.716369629, 199.13432312, 199.55229187, 199.970245361, 200.376602173, 200.782943726, 201.200897217, 201.618865967, 202.036819458, 202.454788208, 202.872741699, 203.267486572, 203.685440063, 204.103393555, 204.521362305, 204.927703857, 205.345672607, 205.75201416, 206.169967651, 206.587936401, 207.005889893, 207.412246704, 207.830200195, 208.236557007, 208.654510498, 209.072463989, 209.478820801, 209.885162354, 210.303131104, 210.721084595, 211.139038086, 211.557006836, 211.974960327, 212.381317139, 212.787658691, 213.205612183, 213.623580933, 214.041534424, 214.447891235, 214.854232788, 215.272201538, 215.690155029, 216.108108521, 216.514465332, 216.920806885, 217.338775635, 217.756729126, 218.163085938, 218.56942749, 218.987380981, 219.405349731, 219.823303223, 220.241271973, 220.659225464, 221.077178955, 221.483535767, 221.889877319, 222.307846069, 222.725799561, 223.143753052, 223.550109863, 223.956451416, 224.374420166, 224.792373657, 225.210342407, 225.605072021, 226.023040771, 226.440994263, 226.858947754, 227.276916504, 227.694869995, 228.101226807, 228.519180298, 228.925521851, 229.343490601, 229.761444092, 230.167800903, 230.574142456, 230.992111206, 231.410064697, 231.828018188, 232.245986938, 232.652328491, 233.058685303, 233.476638794, 233.894592285, 234.312561035, 234.718902588, 235.125259399, 235.543212891, 235.961181641, 236.379135132, 236.797088623, 237.215057373, 237.621398926, 238.027755737, 238.445709229, 238.86366272, 239.28163147, 239.687973022, 240.105941772, 240.512283325, 240.930252075, 241.348205566, 241.766159058, 242.172515869, 242.578857422, 242.996826172, 243.414779663, 243.821136475, 244.239089966, 244.645431519, 245.063400269, 245.48135376, 245.887710571, 246.294052124, 246.712020874, 247.129974365, 247.547927856, 247.965896606, 248.383850098, 248.790206909, 249.2081604, 249.614501953, 250.032470703, 250.450424194, 250.856781006, 251.263122559, 251.681091309, 252.0990448, 252.516998291, 252.934967041, 253.352920532, 253.759277344, 254.165618896, 254.583572388, 255.001541138, 255.419494629, 255.82585144, 256.232208252, 256.650146484, 257.068115234, 257.486083984, 257.904022217, 258.310394287, 258.71673584, 259.134674072, 259.552642822, 259.970611572, 260.376953125, 260.783294678, 261.201263428, 261.619232178, 262.03717041, 262.45513916, 262.861480713, 263.267852783, 263.685791016, 264.103759766, 264.510101318, 264.928070068, 265.334411621, 265.752380371, 266.170349121, 266.588287354, 266.994628906, 267.412597656, 267.818939209, 268.236907959, 268.654876709, 269.072814941, 269.467559814, 269.885528564, 270.303497314, 270.721435547, 271.139404297, 271.557373047, 271.9637146, 272.370056152, 272.788024902, 273.205993652, 273.623931885, 274.030303955, 274.436645508, 274.85458374, 275.27255249, 275.69052124, 276.10848999, 276.514831543, 276.921173096, 277.339141846, 277.757080078, 278.175048828, 278.581390381, 278.999359131, 279.405700684, 279.823669434, 280.241638184, 280.659576416, 281.077545166, 281.495513916, 281.890258789, 282.308197021, 282.726165771, 283.144134521, 283.562072754, 283.956817627, 284.374786377, 284.792724609, 285.210693359, 285.617034912, 286.023406982, 286.441345215, 286.859313965, 287.277282715, 287.683624268, 288.101593018, 288.50793457, 288.92590332, 289.343841553, 289.761810303, 290.168151855, 290.574493408, 290.992462158, 291.410430908, 291.828399658, 292.246337891, 292.652679443, 293.059051514, 293.476989746, 293.894958496, 294.312927246, 294.730865479, 295.137237549, 295.543579102, 295.961547852, 296.379486084, 296.797454834, 297.215423584, 297.621765137, 298.028106689, 298.446075439, 298.864044189, 299.281982422, 299.699951172, 300.094696045, 300.512634277, 300.930603027, 301.348571777, 301.75491333, 302.161254883, 302.579223633, 302.997192383, 303.415130615, 303.821502686, 304.227844238, 304.645812988, 305.063751221, 305.481719971, 305.888061523, 306.294403076, 306.712371826, 307.130340576, 307.548278809, 307.966247559, 308.384216309, 308.778961182, 309.196899414, 309.614868164, 310.032836914, 310.450775146, 310.857147217, 311.26348877, 311.68145752, 312.099395752, 312.517364502, 312.935333252, 313.341674805, 313.748016357, 314.165985107, 314.583953857, 315.00189209, 315.408233643, 315.814605713, 316.232543945, 316.650512695, 317.068481445, 317.486419678, 317.892791748, 318.299133301, 318.717102051, 319.135040283, 319.553009033, 319.970977783, 320.377319336, 320.783660889, 321.201629639, 321.619598389, 322.025939941, 322.443908691, 322.850250244, 323.268188477, 323.686157227, 324.104125977, 324.510467529, 324.928436279, 325.334777832, 325.752746582, 326.170684814, 326.588653564, 326.983398438, 327.401367188, 327.81930542, 328.23727417, 328.65524292, 329.061584473, 329.467926025, 329.885894775, 330.303863525, 330.721801758, 331.139770508, 331.569335938, 331.998901367, 332.428466797, 332.858032227, 333.2527771, 333.647521973, 334.042266846, 334.460235596, 334.866577148, 335.272918701, 335.690887451, 336.108825684, 336.526794434, 336.944763184, 337.385925293, 337.82711792, 338.268280029, 338.697875977, 339.139038086, 339.60345459, 340.067840576, 340.532226562], "beats_loudness": {"dmean2": 0.0573923662305, "median": 0.0657582655549, "min": 0, "dvar2": 0.00262083276175, "dvar": 0.000929328321945, "dmean": 0.0327260158956, "max": 0.207164406776, "var": 0.00176195381209, "mean": 0.0695647373796}, "danceability": 1.16684234142, "bpm_histogram_second_peak_weight": {"dmean2": 0, "median": 0.0320197045803, "min": 0.0320197045803, "dvar2": 0, "dvar": 0, "dmean": 0, "max": 0.0320197045803, "var": 0, "mean": 0.0320197045803}, "beats_count": 813, "bpm_histogram_second_peak_bpm": {"dmean2": 0, "median": 136, "min": 136, "dvar2": 0, "dvar": 0, "dmean": 0, "max": 136, "var": 0, "mean": 136}, "bpm_histogram_first_peak_spread": {"dmean2": 0, "median": 0.338274896145, "min": 0.338274896145, "dvar2": 0, "dvar": 0, "dmean": 0, "max": 0.338274896145, "var": 0, "mean": 0.338274896145}, "beats_loudness_band_ratio": {"dmean2": [0.259554564953, 0.107162728906, 0.0613817684352, 0.0512319728732, 0.0568223893642, 0.149664372206], "median": [0.620473563671, 0.0662088990211, 0.0343855284154, 0.0312765315175, 0.0255288779736, 0.153519481421], "min": [0, 0, 0, 0, 0, 0], "dvar2": [0.04685491696, 0.0149301392958, 0.00641437713057, 0.00332484883256, 0.00321405520663, 0.0178174860775], "dvar": [0.0163573995233, 0.00547889992595, 0.00229548290372, 0.00136777933221, 0.00119346519932, 0.00662771286443], "dmean": [0.152108520269, 0.0628574341536, 0.0357507988811, 0.0295141059905, 0.0312163494527, 0.0882198289037], "max": [0.944795250893, 0.613629758358, 0.52288800478, 0.594076216221, 0.460785478354, 0.834565401077], "var": [0.0575263760984, 0.0121608180925, 0.00387071631849, 0.00321057299152, 0.00250306422822, 0.0167083498091], "mean": [0.565610826015, 0.104895815253, 0.0556865930557, 0.0472519248724, 0.0407327711582, 0.186336234212]}}, "lowlevel": {"barkbands_spread": {"dmean2": 17.0668525696, "median": 31.5318164825, "min": 0.521626710892, "dvar2": 250.923034668, "dvar": 108.582168579, "dmean": 10.691991806, "max": 124.131858826, "var": 389.257598877, "mean": 32.1763916016}, "melbands_spread": {"dmean2": 14.4978342056, "median": 15.8961315155, "min": 0.157946586609, "dvar2": 243.073730469, "dvar": 100.57270813, "dmean": 8.88613414764, "max": 183.388793945, "var": 399.220581055, "mean": 20.8055496216}, "hfc": {"dmean2": 80.053855896, "median": 149.000457764, "min": 1.06691310507e-16, "dvar2": 11261.3007812, "dvar": 4741.74804688, "dmean": 52.328918457, "max": 1591.33740234, "var": 18225.3769531, "mean": 175.813476562}, "barkbands_kurtosis": {"dmean2": 14.4482307434, "median": 4.37595558167, "min": -1.70088350773, "dvar2": 1099.94128418, "dvar": 415.120056152, "dmean": 8.83762073517, "max": 562.716430664, "var": 729.65045166, "mean": 12.7419309616}, "gfcc": {"mean": [21.1014652252, 70.9723052979, -80.1873703003, 17.9085006714, -15.8247079849, -16.9804210663, 7.50821065903, -19.9663124084, 1.46153533459, -10.4544048309, -7.38931894302, 2.42927289009, -12.4185190201], "icov": [[0.000128351675812, -0.00038735839189, 0.000605634530075, -0.000470387923997, 0.000437879789388, -0.00016458639584, 8.84755427251e-05, -4.49868730357e-06, -3.3637505112e-05, 1.04677910713e-05, 0.00022812577663, -0.000458788330434, 0.000418517534854], [-0.00038735839189, 0.00313974265009, -0.00316030858085, 0.00219943630509, -0.0018552870024, 0.00152671162505, -0.000686039507855, 0.00134017551318, -0.000200739930733, 0.000970468099695, -0.00199304916896, 0.00309157418087, -0.00261687207967], [0.000605634530075, -0.00316030858085, 0.00548307783902, -0.00412862887606, 0.00380519451573, -0.00265260855667, 0.0025335426908, -0.00162677024491, -0.00106523244176, 0.00153854186647, -0.000561585125979, -0.00185142050032, 0.00206943205558], [-0.000470387923997, 0.00219943630509, -0.00412862887606, 0.00914238020778, -0.00634179776534, 0.00313635822386, -0.00263581541367, -0.000600275583565, 0.00397177552804, -0.00756776984781, 0.00803377851844, -0.00485390052199, 0.000596082769334], [0.000437879789388, -0.0018552870024, 0.00380519451573, -0.00634179776534, 0.0120211495087, -0.0053040208295, 0.000780289061368, 0.000873266486451, -0.00576454540715, 0.0102639896795, -0.00998442154378, 0.00745492381975, -0.00309839262627], [-0.00016458639584, 0.00152671162505, -0.00265260855667, 0.00313635822386, -0.0053040208295, 0.0128142377362, -0.0034325371962, -0.00481621362269, 0.00597869837657, -0.0093981558457, 0.00785132590681, -0.00413777539507, 0.00017551437486], [8.84755427251e-05, -0.000686039507855, 0.0025335426908, -0.00263581541367, 0.000780289061368, -0.0034325371962, 0.0153909428045, -0.00214398256503, -0.0093305753544, 0.00752272037789, 0.00132915517315, -0.00517850462347, 0.00667330808938], [-4.49868730357e-06, 0.00134017551318, -0.00162677024491, -0.000600275583565, 0.000873266486451, -0.00481621362269, -0.00214398256503, 0.0185804106295, -0.00453289691359, -0.00072459387593, -0.00424212915823, 0.00844818819314, -0.00798812042922], [-3.3637505112e-05, -0.000200739930733, -0.00106523244176, 0.00397177552804, -0.00576454540715, 0.00597869837657, -0.0093305753544, -0.00453289691359, 0.028331451118, -0.0202342104167, 0.0108880065382, -0.00988046545535, 0.00455312849954], [1.04677910713e-05, 0.000970468099695, 0.00153854186647, -0.00756776984781, 0.0102639896795, -0.0093981558457, 0.00752272037789, -0.00072459387593, -0.0202342104167, 0.042612478137, -0.0253367666155, 0.00920451339334, -0.00298856711015], [0.00022812577663, -0.00199304916896, -0.000561585125979, 0.00803377851844, -0.00998442154378, 0.00785132590681, 0.00132915517315, -0.00424212915823, 0.0108880065382, -0.0253367666155, 0.0463660806417, -0.0213293880224, 0.00196543731727], [-0.000458788330434, 0.00309157418087, -0.00185142050032, -0.00485390052199, 0.00745492381975, -0.00413777539507, -0.00517850462347, 0.00844818819314, -0.00988046545535, 0.00920451339334, -0.0213293880224, 0.0353118777275, -0.0111245792359], [0.000418517534854, -0.00261687207967, 0.00206943205558, 0.000596082769334, -0.00309839262627, 0.00017551437486, 0.00667330808938, -0.00798812042922, 0.00455312849954, -0.00298856711015, 0.00196543731727, -0.0111245792359, 0.0276062209159]], "cov": [[25199.8164062, -877.34979248, -2937.74169922, 529.305908203, -434.577270508, -340.391052246, 889.676940918, -550.998046875, 308.100860596, -92.0539321899, -329.198242188, 370.259246826, -565.660217285], [-877.34979248, 1266.55944824, 620.087585449, -196.30380249, 50.2260704041, -105.679008484, -235.101318359, -16.5622806549, -115.06401062, -58.8957328796, 75.73853302, -105.375579834, 114.210998535], [-2937.74169922, 620.087585449, 995.711242676, 42.847366333, -19.0147800446, 64.1251296997, -193.037704468, 94.4091873169, -59.7089118958, 32.0140075684, 56.3810691833, -34.9892539978, 94.3901443481], [529.305908203, -196.30380249, 42.847366333, 306.45425415, 43.1115455627, 52.1753997803, 90.772857666, 19.5264968872, 46.3375854492, 31.9651412964, -33.6540794373, 48.8290214539, -30.3564758301], [-434.577270508, 50.2260704041, -19.0147800446, 43.1115455627, 198.126861572, 35.2555122375, 3.11859273911, 21.3325977325, -1.36883234978, -19.0759010315, 10.9683628082, -28.2861461639, 25.2566947937], [-340.391052246, -105.679008484, 64.1251296997, 52.1753997803, 35.2555122375, 156.105270386, 32.4820556641, 59.3556060791, 17.2318153381, 32.9701576233, -6.61853551865, 11.2875738144, 7.24380397797], [889.676940918, -235.101318359, -193.037704468, 90.772857666, 3.11859273911, 32.4820556641, 197.248931885, -3.58999204636, 78.6689071655, 0.290821373463, -37.4579544067, 46.8162345886, -63.2506790161], [-550.998046875, -16.5622806549, 94.4091873169, 19.5264968872, 21.3325977325, 59.3556060791, -3.58999204636, 100.674438477, 15.5883665085, 28.1742839813, 10.4057712555, -8.19450473785, 27.736371994], [308.100860596, -115.06401062, -59.7089118958, 46.3375854492, -1.36883234978, 17.2318153381, 78.6689071655, 15.5883665085, 93.9039154053, 35.9671211243, -5.24131345749, 33.4051513672, -24.631526947], [-92.0539321899, -58.8957328796, 32.0140075684, 31.9651412964, -19.0759010315, 32.9701576233, 0.290821373463, 28.1742839813, 35.9671211243, 68.9838943481, 23.6160945892, 19.5174236298, 6.17373895645], [-329.198242188, 75.73853302, 56.3810691833, -33.6540794373, 10.9683628082, -6.61853551865, -37.4579544067, 10.4057712555, -5.24131345749, 23.6160945892, 56.58984375, 11.0530767441, 25.8555412292], [370.259246826, -105.375579834, -34.9892539978, 48.8290214539, -28.2861461639, 11.2875738144, 46.8162345886, -8.19450473785, 33.4051513672, 19.5174236298, 11.0530767441, 72.4071960449, -5.97353076935], [-565.660217285, 114.210998535, 94.3901443481, -30.3564758301, 25.2566947937, 7.24380397797, -63.2506790161, 27.736371994, -24.631526947, 6.17373895645, 25.8555412292, -5.97353076935, 75.792427063]]}, "spectral_energyband_middle_low": {"dmean2": 0.00895886681974, "median": 0.0103211058304, "min": 1.56357570425e-22, "dvar2": 0.000107365536678, "dvar": 4.63153701276e-05, "dmean": 0.00558621017262, "max": 0.0973805561662, "var": 0.000120769356727, "mean": 0.0125557091087}, "melbands_crest": {"dmean2": 8.12774658203, "median": 16.6573944092, "min": 1.55955195427, "dvar2": 46.8277854919, "dvar": 19.3036346436, "dmean": 4.99242639542, "max": 39.627872467, "var": 55.9927024841, "mean": 17.8086452484}, "spectral_kurtosis": {"dmean2": 5.55231332779, "median": 9.52479839325, "min": -1.25958299637, "dvar2": 321.614257812, "dvar": 112.512947083, "dmean": 3.43617653847, "max": 370.145629883, "var": 173.133346558, "mean": 12.9033889771}, "spectral_rms": {"dmean2": 0.00226428173482, "median": 0.00737868575379, "min": 3.09880376567e-12, "dvar2": 5.38220547242e-06, "dvar": 2.18272020902e-06, "dmean": 0.00147675652988, "max": 0.0168187450618, "var": 9.19106969377e-06, "mean": 0.00723372353241}, "zerocrossingrate": {"dmean2": 0.0531128235161, "median": 0.2431640625, "min": 0.02392578125, "dvar2": 0.00228040292859, "dvar": 0.00131403794512, "dmean": 0.0409595668316, "max": 0.8359375, "var": 0.0132402442396, "mean": 0.253416448832}, "silence_rate_60dB": {"dmean2": 0.0149731161073, "median": 0, "min": 0, "dvar2": 0.0167951732874, "dvar": 0.00742815202102, "dmean": 0.00748604862019, "max": 1, "var": 0.0459671095014, "mean": 0.0483157522976}, "erbbands_kurtosis": {"dmean2": 1.47540545464, "median": -0.519162893295, "min": -1.78455996513, "dvar2": 11.5165090561, "dvar": 4.1001458168, "dmean": 0.902795255184, "max": 56.4853172302, "var": 14.2147073746, "mean": 0.517607629299}, "erbbands": {"dmean2": [1.23111009598, 4.65343761444, 8.6326713562, 12.4746351242, 12.7930669785, 14.7997198105, 17.6282348633, 19.4481296539, 18.4321784973, 20.827123642, 24.211359024, 25.181804657, 38.0912818909, 35.7587127686, 28.7713375092, 27.9922504425, 26.2315120697, 26.171667099, 27.0243911743, 25.8696041107, 26.3115921021, 23.6132125854, 25.6805019379, 29.3401966095, 34.5347137451, 22.1574516296, 14.9961280823, 14.9313926697, 20.6637001038, 7.77113485336, 3.00964260101, 1.17282307148, 0.427011698484, 0.0641687810421, 0.0356485135853, 0.0537056587636, 0.149876251817, 0.433764874935, 0.124469049275, 0.016163399443], "median": [0.414276063442, 1.3852622509, 3.17120552063, 5.78798007965, 6.20385837555, 6.10580158234, 8.35960578918, 9.30798149109, 7.88793134689, 8.80032539368, 10.615272522, 13.5539226532, 14.9350643158, 16.1431217194, 15.8029689789, 17.1199226379, 17.6241703033, 17.3797931671, 17.117723465, 17.5968074799, 17.7964878082, 19.8392448425, 17.2441482544, 19.400806427, 20.4650840759, 16.2958030701, 12.7020940781, 14.8540058136, 12.5136814117, 6.70716905594, 2.24514341354, 1.04057431221, 0.339556068182, 0.0348530597985, 0.0106591312215, 0.044545866549, 0.126727610826, 0.259469032288, 0.103550881147, 0.0245472118258], "min": [1.18922598998e-22, 5.5252125773e-22, 1.53749227717e-21, 4.26863445103e-21, 1.54368930591e-20, 3.71276916017e-20, 4.15017386704e-20, 8.79405565255e-20, 9.97708419475e-20, 1.32570672886e-19, 2.17180457428e-19, 3.26343999854e-19, 3.39796619102e-19, 3.79871038238e-19, 5.89957000197e-19, 9.33225063685e-19, 1.22771769857e-18, 1.9365487212e-18, 2.55121009078e-18, 3.61461466791e-18, 2.71900305765e-18, 4.88121843727e-18, 6.31046659458e-18, 5.25445887327e-18, 4.96081761403e-18, 9.51028906279e-18, 9.58059858767e-18, 9.49743798479e-18, 1.01632480675e-17, 1.28168550531e-17, 1.32262168121e-17, 1.08042443863e-17, 1.03183080364e-17, 7.55223343886e-18, 6.18178417463e-18, 4.13262784113e-18, 2.19450437484e-18, 9.17528277586e-19, 2.52779105667e-19, 2.48046844157e-20], "dvar2": [3.31938314438, 60.0682296753, 185.751480103, 316.795410156, 324.67880249, 664.66003418, 818.700256348, 1114.16833496, 1406.91113281, 2180.93505859, 2205.45019531, 1705.50158691, 3755.10595703, 3766.07006836, 1833.6270752, 1610.38623047, 1206.78674316, 1361.60766602, 1553.65344238, 1262.75109863, 1276.54125977, 827.756164551, 1306.22729492, 1664.12255859, 2434.75732422, 1116.78393555, 427.607452393, 343.888122559, 728.28515625, 82.2434768677, 15.054441452, 2.23521566391, 0.348265528679, 0.00796180497855, 0.00292784720659, 0.00438586948439, 0.0352079719305, 0.30337163806, 0.0255590640008, 0.000374520779587], "dvar": [1.31680285931, 21.3335266113, 73.4662780762, 118.935043335, 129.093978882, 330.140563965, 331.473083496, 465.760925293, 594.06854248, 878.806396484, 843.498474121, 670.740661621, 1464.30834961, 1356.16882324, 686.818481445, 621.571777344, 457.758178711, 512.86706543, 570.432250977, 494.649536133, 485.44644165, 324.010772705, 511.830657959, 660.59967041, 1025.72631836, 473.016662598, 183.366119385, 139.765060425, 306.350921631, 34.8597145081, 7.26074790955, 1.04180753231, 0.158452197909, 0.00314072356559, 0.00114068714902, 0.0019457237795, 0.015736091882, 0.130602329969, 0.0112771010026, 0.000172356711118], "dmean": [0.754884600639, 2.72965693474, 5.12954807281, 7.34100437164, 7.60092926025, 9.45174026489, 10.7880945206, 11.9372625351, 11.2503070831, 12.5751419067, 14.300037384, 15.0612802505, 22.5567188263, 20.7672119141, 17.0109996796, 16.9342498779, 15.628364563, 15.5740013123, 15.8512458801, 15.5936870575, 15.5976352692, 14.2377138138, 15.4757032394, 17.9807014465, 21.5473594666, 14.1767635345, 9.45671272278, 9.2448797226, 12.830124855, 4.93979930878, 2.06403636932, 0.770031809807, 0.279648452997, 0.0390094146132, 0.0213385559618, 0.0343519225717, 0.0984466075897, 0.272879838943, 0.0800503715873, 0.0106792626902], "max": [10.7473688126, 49.246055603, 144.826034546, 158.700439453, 200.024734497, 530.204101562, 431.154449463, 572.837158203, 537.383239746, 685.400146484, 672.721252441, 556.180358887, 853.463867188, 501.000335693, 466.313903809, 556.422119141, 378.362487793, 309.188323975, 399.971008301, 328.11315918, 286.724334717, 276.746124268, 298.091888428, 249.010375977, 358.684661865, 225.463302612, 184.155975342, 106.79863739, 192.400177002, 64.7397842407, 34.5773429871, 11.6350793839, 4.81434631348, 0.746318340302, 0.444168418646, 0.528292238712, 1.53843522072, 4.34899425507, 1.14873147011, 0.17320241034], "var": [1.83635914326, 23.3538188934, 104.324249268, 178.866348267, 197.878326416, 695.18548584, 646.306884766, 815.213562012, 811.378967285, 1030.29455566, 941.471862793, 949.573608398, 1722.73388672, 1396.71154785, 916.127502441, 986.469543457, 772.87109375, 777.70123291, 848.694091797, 832.741394043, 940.109191895, 651.336120605, 730.741821289, 862.463439941, 1393.33618164, 771.889709473, 329.802001953, 281.557373047, 407.618164062, 74.4110565186, 15.4135246277, 2.40920138359, 0.327581584454, 0.00428316369653, 0.001279978198, 0.00394627824426, 0.0311125516891, 0.188548669219, 0.0182365998626, 0.000571506097913], "mean": [0.94186091423, 3.24854373932, 6.6204996109, 10.2712516785, 10.5342159271, 13.4926376343, 16.4662036896, 17.7233085632, 15.4425210953, 16.9506721497, 19.3041496277, 21.9708900452, 29.1998348236, 27.9297657013, 25.1030044556, 26.8812179565, 25.3749465942, 24.9982223511, 25.3917255402, 25.9841461182, 26.7241382599, 25.9908790588, 24.8698596954, 27.6410102844, 32.3507423401, 24.2470417023, 17.2333602905, 17.9672393799, 18.2668552399, 8.84643745422, 3.57476687431, 1.49808454514, 0.513883888721, 0.0545225925744, 0.0236620120704, 0.061824593693, 0.175289869308, 0.38935482502, 0.137760743499, 0.0296259075403]}, "spectral_strongpeak": {"dmean2": 6.09936141968, "median": 0.2707914114, "min": 0, "dvar2": 544.286071777, "dvar": 195.684783936, "dmean": 3.27428483963, "max": 231.547393799, "var": 197.866363525, "mean": 2.98097705841}, "spectral_energy": {"dmean2": 0.0392146036029, "median": 0.0558061264455, "min": 9.84264957375e-21, "dvar2": 0.00211681448855, "dvar": 0.000839516345877, "dmean": 0.0253211259842, "max": 0.289941936731, "var": 0.00201245537028, "mean": 0.0630559101701}, "average_loudness": 0.904130399227, "spectral_rolloff": {"dmean2": 7846.89746094, "median": 5404.83398438, "min": 21.533203125, "dvar2": 108905872, "dvar": 44963200, "dmean": 4241.22949219, "max": 22050, "var": 91666600, "mean": 10552.9921875}, "spectral_centroid": {"dmean2": 517.007629395, "median": 1653.7208252, "min": 135.522232056, "dvar2": 257661.640625, "dvar": 112316.992188, "dmean": 325.954742432, "max": 11748.2861328, "var": 1202026.125, "mean": 1635.12756348}, "pitch_salience": {"dmean2": 0.153654247522, "median": 0.569006621838, "min": 0.0588311627507, "dvar2": 0.0180076695979, "dvar": 0.00707516539842, "dmean": 0.0943991690874, "max": 0.962042748928, "var": 0.0197757557034, "mean": 0.54357945919}, "spectral_energyband_middle_high": {"dmean2": 0.00427928660065, "median": 0.00486497301608, "min": 1.17752563027e-21, "dvar2": 3.57006065315e-05, "dvar": 1.45541825987e-05, "dmean": 0.00266576977447, "max": 0.0355024114251, "var": 2.63899673882e-05, "mean": 0.0058413464576}, "spectral_contrast_coeffs": {"dmean2": [0.093328692019, 0.0831262618303, 0.061781425029, 0.0461537092924, 0.0355477370322, 0.0519388914108], "median": [-0.698346972466, -0.782104790211, -0.818737864494, -0.824703097343, -0.812062382698, -0.6426820755], "min": [-0.978364229202, -0.990119814873, -0.97817492485, -0.989151537418, -0.982332885265, -0.964528381824], "dvar2": [0.00534467911348, 0.00427119107917, 0.00231635360979, 0.00134208414238, 0.000912609975785, 0.00237447791733], "dvar": [0.00199798983522, 0.00150803674478, 0.00082333694445, 0.000483488140162, 0.000359782628948, 0.00101049547084], "dmean": [0.0564544536173, 0.0493015646935, 0.0365766212344, 0.0273180846125, 0.0216235499829, 0.0331727266312], "max": [-0.275280475616, -0.497331857681, -0.562493801117, -0.643716156483, -0.675100684166, -0.438273340464], "var": [0.00663696089759, 0.00433818949386, 0.00206518243067, 0.00188148824964, 0.00184438121505, 0.00894329603761], "mean": [-0.695056915283, -0.776333868504, -0.818287432194, -0.826510190964, -0.818931460381, -0.675396859646]}, "melbands_skewness": {"dmean2": 2.08429574966, "median": 3.1793680191, "min": -1.49710667133, "dvar2": 5.61247777939, "dvar": 2.09995651245, "dmean": 1.29211628437, "max": 33.6391334534, "var": 6.7841668129, "mean": 3.74302744865}, "spectral_spread": {"dmean2": 701854, "median": 4577428.5, "min": 629132.375, "dvar2": 896660340736, "dvar": 369357946880, "dmean": 442582.375, "max": 50930432, "var": 10130599968800.0, "mean": 4830993.5}, "dissonance": {"dmean2": 0.023976597935, "