{"tonal": {"thpcp": [1, 0.810498416424, 0.849519968033, 0.950544178486, 0.663804292679, 0.510515630245, 0.558773219585, 0.544758141041, 0.605035722256, 0.704713046551, 0.586978256702, 0.51258701086, 0.548364698887, 0.503547072411, 0.662605941296, 0.754668831825, 0.461086302996, 0.351017713547, 0.453656107187, 0.46939894557, 0.756398260593, 0.916405498981, 0.582054674625, 0.469576746225, 0.701547265053, 0.699442744255, 0.572020173073, 0.568831205368, 0.487640827894, 0.567319631577, 0.732909679413, 0.577368617058, 0.458105802536, 0.537678658962, 0.613319218159, 0.844951033592], "hpcp": {"dmean2": [0.199119016528, 0.214668110013, 0.238795056939, 0.297971516848, 0.266206145287, 0.252924621105, 0.267239391804, 0.230289250612, 0.198601126671, 0.205067411065, 0.220377877355, 0.215106189251, 0.233200997114, 0.215649843216, 0.199797123671, 0.210074111819, 0.196182847023, 0.212030500174, 0.203177303076, 0.151077091694, 0.133048564196, 0.156071990728, 0.178950160742, 0.227075397968, 0.240593239665, 0.212643951178, 0.180816322565, 0.231963396072, 0.249685540795, 0.220188245177, 0.206074267626, 0.200072094798, 0.214203774929, 0.231356859207, 0.212383016944, 0.191311985254], "median": [0.0248502697796, 0.0288419686258, 0.0519569516182, 0.0759368315339, 0.0708047524095, 0.0464541204274, 0.050450310111, 0.0407601371408, 0.0246582403779, 0.0211365129799, 0.0253708492965, 0.0295263081789, 0.0359091237187, 0.0290030669421, 0.024198744446, 0.0225953813642, 0.0251435153186, 0.0315884910524, 0.0315508544445, 0.0227840598673, 0.0184816997498, 0.0191143024713, 0.0246163699776, 0.0345292836428, 0.044009309262, 0.0354282185435, 0.0282544977963, 0.0363332554698, 0.0364564992487, 0.03276534006, 0.0280217975378, 0.0232111793011, 0.0276917498559, 0.0306888073683, 0.031034450978, 0.0274370331317], "min": [0, 0, 0, 0, 0, 0, 0, 0, 0, 0, 0, 0, 0, 0, 0, 0, 0, 0, 0, 0, 0, 0, 0, 0, 0, 0, 0, 0, 0, 0, 0, 0, 0, 0, 0, 0], "dvar2": [0.113346107304, 0.111743986607, 0.106089450419, 0.142973050475, 0.119866639376, 0.128076463938, 0.136909261346, 0.109218411148, 0.10297139734, 0.107342042029, 0.121988259256, 0.115161173046, 0.118051417172, 0.115152135491, 0.105144359171, 0.116602532566, 0.0994386076927, 0.107831180096, 0.0987618789077, 0.0671053603292, 0.064256079495, 0.082435682416, 0.0882711932063, 0.108888424933, 0.12131896615, 0.102352060378, 0.0864888429642, 0.122215054929, 0.145433187485, 0.106059521437, 0.108426310122, 0.111779294908, 0.108700066805, 0.121853977442, 0.106155842543, 0.105066515505], "dvar": [0.0426865778863, 0.0423674657941, 0.0439801104367, 0.0563856698573, 0.0456622876227, 0.0492285788059, 0.0542731322348, 0.0422354117036, 0.0375636480749, 0.0404613427818, 0.0443327613175, 0.0429460033774, 0.0451404303312, 0.0430360622704, 0.0389206595719, 0.0448283068836, 0.037776235491, 0.0404256284237, 0.0402770750225, 0.0253548640758, 0.0233776569366, 0.0309953037649, 0.0345105007291, 0.0433305129409, 0.0510105118155, 0.0382315665483, 0.031911034137, 0.0475908704102, 0.0549543052912, 0.0403355695307, 0.0421237647533, 0.0405195131898, 0.0405050329864, 0.0495072044432, 0.0406356491148, 0.0382115915418], "dmean": [0.113017864525, 0.123308539391, 0.138809666038, 0.172217741609, 0.15399774909, 0.143676683307, 0.151343762875, 0.133761361241, 0.111491061747, 0.11691942811, 0.124398127198, 0.122963309288, 0.133846521378, 0.123307466507, 0.112837061286, 0.119878940284, 0.110797718167, 0.121916569769, 0.118630453944, 0.0868574380875, 0.0749908387661, 0.088876619935, 0.102162711322, 0.134000629187, 0.140663251281, 0.120479799807, 0.102489255369, 0.132767751813, 0.143856689334, 0.124209463596, 0.116342313588, 0.111601673067, 0.121790520847, 0.133196756244, 0.122712351382, 0.106594860554], "max": [1, 1, 1, 1, 1, 1, 1, 1, 1, 1, 1, 1, 1, 1, 1, 1, 1, 1, 1, 1, 1, 1, 1, 1, 1, 1, 1, 1, 1, 1, 1, 1, 1, 1, 1, 1], "var": [0.04945641011, 0.0535904914141, 0.0758291259408, 0.0819254815578, 0.0581593215466, 0.0778872892261, 0.0934991240501, 0.0507572554052, 0.0416174866259, 0.05026717484, 0.0451241657138, 0.0525963269174, 0.0621211491525, 0.0471308082342, 0.0420278161764, 0.0509952306747, 0.0403063297272, 0.0562488883734, 0.0725518465042, 0.0308755747974, 0.024512572214, 0.0391232036054, 0.0367344431579, 0.0684024095535, 0.0943097025156, 0.0429198667407, 0.0313240364194, 0.0606403164566, 0.0624781064689, 0.043489035219, 0.0525494068861, 0.0393661856651, 0.0451364815235, 0.0724683627486, 0.0446143746376, 0.0342743508518], "mean": [0.114892989397, 0.131056129932, 0.180551990867, 0.213683381677, 0.173190042377, 0.181528300047, 0.203115493059, 0.141843944788, 0.10908870399, 0.119400545955, 0.116405762732, 0.129286080599, 0.150585472584, 0.125427499413, 0.109531328082, 0.117176420987, 0.107599638402, 0.141587883234, 0.161260187626, 0.0985264778137, 0.0750066488981, 0.0969387739897, 0.100302755833, 0.161629736423, 0.195820629597, 0.124375410378, 0.100340746343, 0.149908989668, 0.149459287524, 0.122231207788, 0.121549770236, 0.104200743139, 0.121226780117, 0.156610623002, 0.123374082148, 0.0978895947337]}, "tuning_equal_tempered_deviation": 0.0171950682998, "chords_changes_rate": 0.0674071237445, "key_key": "D#", "tuning_diatonic_strength": 0.331165075302, "key_scale": "minor", "chords_number_rate": 0.00689391046762, "tuning_frequency": 441.782684326, "tuning_nontempered_energy_ratio": 0.744504988194, "chords_histogram": [1.91497504711, 5.55342769623, 2.41286873817, 2.71926474571, 0.880888521671, 2.4511680603, 0.957487523556, 1.4553810358, 1.11068558693, 21.3328227997, 5.09383392334, 8.80888557434, 2.18307161331, 0.497893542051, 0.995787084103, 2.22137117386, 1.91497504711, 0.421294510365, 0, 4.74913835526, 2.14477205276, 1.72347760201, 10.6855611801, 17.7709693909], "key_strength": 0.572093367577, "chords_key": "A#", "chords_strength": {"dmean2": 0.0127525795251, "median": 0.543922126293, "min": 0.270454078913, "dvar2": 0.000130888380227, "dvar": 0.00010198570817, "dmean": 0.0124978646636, "max": 0.764815092087, "var": 0.00956534873694, "mean": 0.540888607502}, "chords_scale": "major", "hpcp_entropy": {"dmean2": 1.1415604353, "median": 1.8891941309, "min": 0, "dvar2": 0.863074839115, "dvar": 0.317426204681, "dmean": 0.672955334187, "max": 4.29632425308, "var": 0.537736535072, "mean": 1.86276590824}}, "metadata": {"audio_properties": {"equal_loudness": 0, "codec": "mp3", "downmix": "mix", "sample_rate": 44100, "analysis_sample_rate": 44100, "bit_rate": 192000, "md5_encoded": "07d39a9a79e447d3167b2afe5a90c77f", "length": 121.2081604, "replay_gain": -5.94036865234, "lossless": false}, "version": {"essentia_build_sha": "2d9f1f26377add8aeb1075a9c2973f962c4f09fd", "essentia": "2.1-beta2", "extractor": "music 1.0", "essentia_git_sha": "v2.1_beta2-1-ge3940c0"}, "tags": {"title": ["What Now My Love"], "acoustid_fingerprint": ["AQADtEmiRM_UoMocPB38BL1CfFfwtgnU4wE8fHtAilEmqKIS41fQB1Z-SM1x54FD42Ey6ElxHs-TIEzcEd_xJMjRKD4qn9AlnDouVH9g5cGzPIGrC3U2HVOEPsIzmejyJNDOYE8S5JKPLjma-MFzPFaM_ELzC06KSiXy6CquHM1RXvhyB9-UHE0SUZliHGH8Qhfyo1kuo3_w43kQPgqh_YiVPbiYJ2i0HJPo4FKPRzzyF-qfJPiUDDGTD-aPIzoePDFKaRXE_AnC93iONaiIpknm4AlR9mj4Ieeha9mFJ0LO9PAn4RGV4CFm7bCDExybHA_5gU0fVEceIWFVlAyeXXgmJgmcJzge9EeiZNSDPDNRypkEJ8uToHIkqcSFRxeuPkegKc2QKUxz1NokDc-P_8MeHk04oWOOH82OPhU-FZW8I1n-IueDhi9KplMRKksOMXRDhI-CPwjpJ9C6lIglFV-S4yJhcjmuU8FTYc6FvFGGZHnwo3korbie4DocPnh6HedxHWdwhVyCOxV-NMlL1DSS3Eau40kSo9EfVJJyXOmFKZOuwb-CUMcrhYai5MlQ9oSe3Lh0IQ-1wNHx5Dru_KgTGrUSK8gDceERC7dU7DqaXiG-HQ-FittxF7yRetATXUHOTAuaY5J57NHxb8iVPYe-0wi_h_iLoyCX4kpI5AmaC9qP55gZTsFtospoNE1mPKGIH3qOWoxRR8RTXVCfZAgzHrVyPMGox8bRqCRqIc9oQy-jgHqOI9aDJwQf5ThH8DWaH9Pz4FSKvodDZcTTJRf-IWGVILxI_DiXw1XY4bnEBD8GFsnDE7mSPcETJkqI7_CO3NiTC7pCI_kxKclOUKFe9Md-Ht_EwIsaXMIfHMmuC2G-5MGDH5MV8PlRSg92HheewD_yIqnboM-ORllxRWG24cd_-Bk-HyUvpNgDfgq-o0rwIYz3oaeHL6FgC8_x5EI2ZRGS_ajTRBOaJ0fP4A-6o4kS6Ui-BHkP5lIKf0Yx8sRzhFWeQVOuIOdxpcePh8WnEr0xJdyiCY-SsshuQW9x9EfaNKhFHXcecch3BpraHEc6hvhuXMUf_BQmJRly0QruK0j28GgmPD3Ovmi0pEEl5nhu9A-ac8UzZbiOMnuHZsw2JL2QG0-ULMG1C7Uew2mYo94eo0paOD6QjsmOhE121Hzw8Hh2NNGDnkK-HNeD5yPCEz5RnTp24z_WnGhq9MlyJFaEMEelKwjzVJkQPiPxBE8ER-kzPKOwM3iGa0cuQc3EGPeRH87CD49y_MKz0AjJQ9FGWci1HO_R5ArKLEQuPdCP04HVI9YVnDTQsFJRScmOb7iZ4UKXXGiuJzi540FIBs3iQzf-DXLIHFfq4eYG_cKUfrh28MrxI76Ii0QZHtfYCOdxPIQz5NmhS8pE5K7AHPXxEM8eYTpx5BvEqUSoJDxyKwlUShKFPFrwHXB2_BmeZESyTUuIMBGek8SzNCquC-V-NEuwe3iupAd3HPuJ44xz_DWe8XhHDnHKQEXeo2lC4uFioSz-Y0Q3ZYcjJVJetPjRo4k75Irw6QtkXYh0NPmPU8xxRkHeE-caJEucY_pRyTooKU6FikmOU0eDHntK4UnmYZeL72h-MErT41SxH80vhNeFh4LOH9eFMNmyDBN_4dPxJAePngETeT_-4wmHik4kFWiOPCuUC7lyNApzotquEPNRO0fTJDOuI5mOMDpuyQmehB2uH88zYkqO_krw40eCvPCjB8eEJkpCHdcugj8a9CmeusSuB8-HEM2hS8cZJsibCJeOMkqNpsqBp0Ia80jCbHiSHM3AHH-FK8kTnOLxoY8mNBXxMMfTB5U-hGGSruAFnUeYH7WKR8cfNFfAXDt-PFFxPgpOjH-ERrtR1cxxHGHeI9mTGFdhVsFJ5If-IcyTVai_4DwuZnjwskjixER43WgqKU2CXxsOXjv-46FHhH8CLX-gRz9y7WDyoz-OKU0Y1NvwB81OBY7SoBeeibiPO_CJ73iQ3EScRPpwSRcO_8JzIbmO_MepjGj2HH2OXcmRXBPyow9Z-AsPJw_KSEe9hUSYzxKSXPgYND9RJiy-NHhP-DkeGfrhJR96NEk_nEpkoQ-aH8l_5MfTBD4p4c5zPCe-I0GkVGxQx2D-41WNjTsqHc-40EPyIWVwHs-PP3ie4cp4-D1-fDpqCVMWCU8uCbHbDHqRqcozsB-eCT8qfkiT7EjW8BP-Bb_wJBKaj0ep8-CfQM1p9Asc6cIVBZWaHE-VzOCRNNMRPfXxLg3awROqlse6485InPo2NM_x9GgqGm-C5yzaH-nHQKRSBqFSCk1-lEuEXTqOmcxEPBsYTi-aHuMb_EETkSLaI7wOLXSCXHj0occZPDqq7EfFJNnR7MfR3KiDigqat1iPP6DCRKuMfIHWozlijjme8gCpg3miI8yUhlCzOgivH82JK9NxJQXTUxHKS6iFplG44aMR6ocWPUWsPngQKVUD7TzyZWSGHVdO9PLApCORL7ugRxKLPKzAkIzhvNlRCk-YYP3R8Ealona2IMzWG8me62gY4wr64zpq9dizB_kFkcdZXDcepUa17EiWfSMuHKcd7FKOicyLJnRGI3eQHHxyeErqHD9-lF3Q6OCPK8lx5eiTYNtLXEc3McebjMiJZlaKvoeuHN-O0kfT44pu5PhRKsmCZrIV7Hh0vD2aiUP1EVl_Iz82JsEzG11eNMfv4VNo7DlQFs1eIU8SOhoSOTp-YTrR5IuIZzmuow8Ou89QX_h_XIGpFLkS3IGmrwgz9pjCo5KiFRdjhNeC5jl0Bj_EX_ihXUuPNMkPk0e5XEftG82FJyt6YspPPIoyQ20jAIGAAEwABQxwmgAmBELEECYs0gIoQsARgghBBHFMCKMME0RAIgghRDljAPFECsoIQQYAopQCBDHAEIECCMEIQ5QIIARBlGGhgDBCKEaAYoIIaYhhRgEBhUKIEAKAIg4QAAwgCDjEDBJCCUwkEQICAAQFggASkDJGASGcYQIZxIghBjDCiAFCCCkEEI4YZQUxQBAphSGKGAEBAEJAZwACAgghiCCEIUiEIAowQgEHRlBrhDtOCNEIENoBIwwCEACChEFEAACgYAIAACwZhgCnBGBCEESYAUcAwCATRhjAWAECCQagRAogBxAQAHAjHIMACAWMAJIpYKAQSoAElULKCGYUUI4cggAABhglEBVMCGAEIAIIQ5gxACGDhBEEGCAEgoYBQpwCBCkmrDIAAQEBUEohgYBghhChgBASCSwgQUggIoRBBihngACAAQIIEggAABgywBAgmCEMEiGRUIwQgxgxFiHpDFNMQEQAQwYYBIAwYgmkAAJEEQMIM4IAoq0QhAkBCDAECISEQYYg85DQAAgACAVCEAQEYkQIgRAhQwCgAEKMOQMMdAwSDxABjgBQgDDQKCDAIAQRhQRiBBIKAFCKKiJIAgQRo4UCwDgsDDCIMEQFQdYQgIFgAiEAACGMKACQAsgRQIARQAEAiDAKGCGEUYhYxpARQClKlYLIAEGWYIRABAwQzAhhPEJAGEiUkkQQRJBxQAIggEFIEGUIAoAI4CBSQBAFASCUEQKkEEA5AAEDQBgkiXRAA-IosIIIIQwhihPChBCEIECEEVYAgBBADgkhjjJAEGmEQEYxBwAQQhgFNHIEIoCEE0QYAJEhwDFhCEEEEEGQEEAoQBCBjAADIEFMGiGUAQ4QgYAFwQghQUEAKUCIREIhhQhUAmiACDLAAAK4cd4QBQAAhjEiCAGGECMIUgBIIhQSCgBghCFQWCSFIYoA4wwQggADAHACAAA"], "genre": ["Oldies"], "musicbrainz album type": ["Compilation"], "musicip_puid": ["027ddf7b-4273-9c00-15e5-75526cc85faf"], "musicbrainz_recordingid": ["10696e09-d014-4134-b9ea-59ed486d9a5f"], "musicbrainz_albumid": ["3ffe2178-7f43-49b8-8bbb-735366da97d4"], "artist": ["Brenda Lee"], "tracknumber": ["04/12"], "bpm": ["112.61"], "album": ["All-Time Greatest Hits (Disc 2)"], "acoustid_id": ["48802184-1d71-44b4-83d9-cdc51ec8c093"], "file_name": "Brenda Lee - What Now My Love.mp3"}}, "rhythm": {"bpm_histogram_first_peak_bpm": {"dmean2": 0, "median": 108, "min": 108, "dvar2": 0, "dvar": 0, "dmean": 0, "max": 108, "var": 0, "mean": 108}, "bpm": 107.248725891, "bpm_histogram_second_peak_spread": {"dmean2": 0, "median": 0.222222208977, "min": 0.222222208977, "dvar2": 0, "dvar": 0, "dmean": 0, "max": 0.222222208977, "var": 0, "mean": 0.222222208977}, "bpm_histogram_first_peak_weight": {"dmean2": 0, "median": 0.286995530128, "min": 0.286995530128, "dvar2": 0, "dvar": 0, "dmean": 0, "max": 0.286995530128, "var": 0, "mean": 0.286995530128}, "onset_rate": 4.71870231628, "beats_position": [0.557278871536, 1.1261677742, 1.68344664574, 2.24072551727, 2.79800438881, 3.34367346764, 3.88934230804, 4.43501138687, 4.99229001999, 5.54956912994, 6.10684776306, 6.66412687302, 7.22140598297, 7.76707458496, 8.32435321808, 8.87002277374, 9.42730140686, 9.98458003998, 10.5418596268, 11.0875282288, 11.6331968307, 12.1904764175, 12.7477550507, 13.3050336838, 13.8623123169, 14.4195919037, 14.9768705368, 15.545759201, 16.114648819, 16.6835365295, 17.2524261475, 17.8213157654, 18.390203476, 18.9590930939, 19.5279808044, 20.0736503601, 20.6193199158, 21.1765975952, 21.7570972443, 22.3259868622, 22.8832645416, 23.4521541595, 24.0210418701, 24.5667114258, 25.1239910126, 25.7044887543, 26.2965984344, 26.8770961761, 27.4459857941, 28.0264854431, 28.6069831848, 29.1758728027, 29.7215423584, 30.2788200378, 30.8360996246, 31.4165973663, 31.9970970154, 32.5543746948, 33.111656189, 33.6573219299, 34.2029914856, 34.7602729797, 35.3059387207, 35.9212684631, 36.5365982056, 37.1635360718, 37.790473938, 38.4290237427, 39.0791816711, 39.7293434143, 40.3330612183, 40.91355896, 41.4940567017, 42.0745582581, 42.6550559998, 43.2239456177, 43.7928352356, 44.3733329773, 44.9422225952, 45.5227203369, 46.0799980164, 46.6372795105, 47.2061653137, 47.7634468079, 48.3207244873, 48.8780021667, 49.4236717224, 49.9809532166, 50.5266189575, 51.0722885132, 51.6295700073, 52.1752357483, 52.720905304, 53.2665748596, 53.7193641663, 54.1721534729, 54.6133308411, 55.0661201477, 55.5189094543, 55.971698761, 56.4128799438, 56.854057312, 57.2952384949, 57.736415863, 58.1659851074, 58.583946228, 59.0019035339, 59.4198646545, 59.8262138367, 60.2325630188, 60.6505203247, 61.0800895691, 61.5096588135, 61.9392280579, 62.3571853638, 62.8099746704, 63.2511558533, 63.6923332214, 64.1335144043, 64.5746917725, 65.0274810791, 65.5731506348, 66.1188201904, 66.6644897461, 67.2217712402, 67.779045105, 68.3363265991, 68.8936004639, 69.450881958, 70.0081634521, 70.5538330078, 71.0995025635, 71.6567764282, 72.2140579224, 72.7713394165, 73.3170089722, 73.8742828369, 74.4199523926, 74.9772338867, 75.5229034424, 76.0917892456, 76.6490707397, 77.2063446045, 77.7520141602, 78.2976837158, 78.85496521, 79.4122467041, 79.9579086304, 80.5151901245, 81.0840835571, 81.6413574219, 82.1521987915, 82.6630401611, 83.1622695923, 83.591835022, 84.0330123901, 84.4741897583, 84.9153747559, 85.3681640625, 85.8209533691, 86.2621307373, 86.7033081055, 87.1444854736, 87.5856704712, 88.1197280884, 88.6537857056, 89.2226715088, 89.7915649414, 90.3604507446, 90.9293441772, 91.4982299805, 92.0671157837, 92.6360092163, 93.216506958, 93.8202285767, 94.4355545044, 95.039276123, 95.6429901123, 96.246711731, 96.8272094727, 97.4077072144, 97.9882049561, 98.5454864502, 99.1027679443, 99.6600418091, 100.205711365, 100.75138092, 101.285438538, 101.842720032, 102.400001526, 102.968887329, 103.549385071, 104.129882813, 104.710380554, 105.290885925, 105.859771729, 106.417053223, 106.974327087, 107.54322052, 108.100494385, 108.669387817, 109.226661682, 109.783943176, 110.352828979, 110.921722412, 111.479003906, 112.024665833, 112.593559265, 113.139228821, 113.684898376, 114.242172241, 114.799453735, 115.356735229, 115.902404785, 116.355194092, 116.819587708, 117.283988953, 117.748390198, 118.212783813, 118.677185059, 119.141586304, 119.605987549, 120.070381165, 120.53478241], "beats_loudness": {"dmean2": 0.026528686285, "median": 0.0170043632388, "min": 2.70333202934e-07, "dvar2": 0.000708152889274, "dvar": 0.000264660717221, "dmean": 0.0157601237297, "max": 0.107619903982, "var": 0.000399481126806, "mean": 0.0231997091323}, "danceability": 1.23657536507, "bpm_histogram_second_peak_weight": {"dmean2": 0, "median": 0.0941704064608, "min": 0.0941704064608, "dvar2": 0, "dvar": 0, "dmean": 0, "max": 0.0941704064608, "var": 0, "mean": 0.0941704064608}, "beats_count": 224, "bpm_histogram_second_peak_bpm": {"dmean2": 0, "median": 103, "min": 103, "dvar2": 0, "dvar": 0, "dmean": 0, "max": 103, "var": 0, "mean": 103}, "bpm_histogram_first_peak_spread": {"dmean2": 0, "median": 0.53623187542, "min": 0.53623187542, "dvar2": 0, "dvar": 0, "dmean": 0, "max": 0.53623187542, "var": 0, "mean": 0.53623187542}, "beats_loudness_band_ratio": {"dmean2": [0.501160264015, 0.238268688321, 0.255904465914, 0.4129986763, 0.219232827425, 0.167413339019], "median": [0.208122804761, 0.109795182943, 0.0997293144464, 0.100156843662, 0.0821111276746, 0.0330035760999], "min": [0.000568373361602, 0.00108143140096, 0.000638751836959, 0.00232559675351, 0.00592372193933, 0.00150596618187], "dvar2": [0.147622406483, 0.0531634502113, 0.0608705729246, 0.141388639808, 0.0437494888902, 0.0673925876617], "dvar": [0.0451754927635, 0.020293129608, 0.0229068230838, 0.0493734739721, 0.0157040841877, 0.0233725756407], "dmean": [0.278777092695, 0.135356068611, 0.145633012056, 0.227909132838, 0.117942653596, 0.0905565842986], "max": [0.96676170826, 0.743568778038, 0.842072606087, 0.890068948269, 0.848767399788, 0.888691186905], "var": [0.0664080157876, 0.0225324220955, 0.0246117450297, 0.0636288374662, 0.0172571577132, 0.0161332897842], "mean": [0.289278745651, 0.153776302934, 0.152447447181, 0.229165539145, 0.126720026135, 0.0739059448242]}}, "lowlevel": {"barkbands_spread": {"dmean2": 8.69524002075, "median": 18.1705188751, "min": 0.993016123772, "dvar2": 94.9604110718, "dvar": 47.7304420471, "dmean": 5.9124250412, "max": 98.9029312134, "var": 167.912780762, "mean": 20.9590606689}, "melbands_spread": {"dmean2": 12.6062507629, "median": 21.5331192017, "min": 0.968016505241, "dvar2": 284.230987549, "dvar": 150.715057373, "dmean": 8.50643825531, "max": 241.951812744, "var": 473.831726074, "mean": 26.4942932129}, "hfc": {"dmean2": 9.79979705811, "median": 7.87729740143, "min": 1.12464746632e-16, "dvar2": 436.570800781, "dvar": 216.153259277, "dmean": 7.15246343613, "max": 318.590484619, "var": 616.266784668, "mean": 17.0012798309}, "barkbands_kurtosis": {"dmean2": 4.1119184494, "median": 0.98853379488, "min": -1.90887629986, "dvar2": 71.4916229248, "dvar": 28.6154537201, "dmean": 2.65125131607, "max": 131.844497681, "var": 56.313709259, "mean": 3.19529128075}, "gfcc": {"mean": [-54.9222793579, 107.101272583, -138.300033569, 35.9984092712, -54.3174667358, 10.0327234268, -33.3366088867, 5.99630117416, -23.461101532, 2.76963734627, -10.6974925995, -3.87993454933, -5.67386245728], "icov": [[0.00022422434995, -0.000395545357605, 0.000582151347771, -0.000657627242617, 0.000731471402105, -0.000514710554853, 0.000372719019651, -0.000540501787327, 0.000725172343664, -0.000542213558219, 5.47467534489e-05, -0.000153840737767, -9.7195028502e-05], [-0.000395545357605, 0.00303473719396, -0.00168512552045, 0.00232628686354, -0.00281628104858, 0.00217643124051, -0.00140441290569, 0.00150421401486, -0.00307802064344, 0.00331380055286, -0.00229944987223, 0.00280472356826, -0.00125219847541], [0.000582151347771, -0.00168512552045, 0.00359890051186, -0.0028785164468, 0.00224829744548, -0.00217949668877, 0.00146765343379, -0.0025407189969, 0.00188834837172, -0.00131767825224, 0.00056911399588, -0.00157475273591, 0.000797285116278], [-0.000657627242617, 0.00232628686354, -0.0028785164468, 0.0054074623622, -0.00339905917645, 0.0014749787515, -0.000403632817324, 0.00139476626646, -0.00407464848831, 0.0027794407215, -0.000880905368831, 0.00185412156861, 0.000527713447809], [0.000731471402105, -0.00281628104858, 0.00224829744548, -0.00339905917645, 0.00813288148493, -0.00291044008918, -0.000515492924023, -0.000888664391823, 0.00168329221196, -0.00322136911564, 0.000764877710026, -0.00175859872252, 0.000547638977878], [-0.000514710554853, 0.00217643124051, -0.00217949668877, 0.0014749787515, -0.00291044008918, 0.00771261565387, -0.004814974498, 0.00292031164281, -0.00099067017436, -0.00030015851371, 0.000708267092705, 0.000808575015981, -8.88186914381e-05], [0.000372719019651, -0.00140441290569, 0.00146765343379, -0.000403632817324, -0.000515492924023, -0.004814974498, 0.010791069828, -0.00456305174157, 0.0022565999534, -0.00139642693102, -0.00164925958961, 0.00182236719411, -0.00289116660133], [-0.000540501787327, 0.00150421401486, -0.0025407189969, 0.00139476626646, -0.000888664391823, 0.00292031164281, -0.00456305174157, 0.0113383801654, -0.00464544584975, 0.00297608738765, 0.000469956343295, -0.00363320135511, 0.00235021789558], [0.000725172343664, -0.00307802064344, 0.00188834837172, -0.00407464848831, 0.00168329221196, -0.00099067017436, 0.0022565999534, -0.00464544584975, 0.012853987515, -0.00676112156361, 0.00251068291254, 0.00010921186913, -0.00125168066006], [-0.000542213558219, 0.00331380055286, -0.00131767825224, 0.0027794407215, -0.00322136911564, -0.00030015851371, -0.00139642693102, 0.00297608738765, -0.00676112156361, 0.0149526409805, -0.00484768394381, 0.0013676949311, 0.000933700415771], [5.47467534489e-05, -0.00229944987223, 0.00056911399588, -0.000880905368831, 0.000764877710026, 0.000708267092705, -0.00164925958961, 0.000469956343295, 0.00251068291254, -0.00484768394381, 0.0124634802341, -0.00606372719631, 0.00193587725516], [-0.000153840737767, 0.00280472356826, -0.00157475273591, 0.00185412156861, -0.00175859872252, 0.000808575015981, 0.00182236719411, -0.00363320135511, 0.00010921186913, 0.0013676949311, -0.00606372719631, 0.0182192195207, -0.00640153698623], [-9.7195028502e-05, -0.00125219847541, 0.000797285116278, 0.000527713447809, 0.000547638977878, -8.88186914381e-05, -0.00289116660133, 0.00235021789558, -0.00125168066006, 0.000933700415771, 0.00193587725516, -0.00640153698623, 0.0150753650814]], "cov": [[11102.4824219, -551.361022949, -1094.33251953, 222.978591919, -644.316833496, 146.588439941, -163.001083374, 7.68653392792, -363.140075684, 76.4766769409, 37.6098594666, 34.3897438049, 42.5502700806], [-551.361022949, 1297.08837891, 26.7436637878, -200.768661499, 249.063201904, -163.594711304, 119.177391052, -30.682100296, 131.099502563, -101.736038208, 112.325897217, -92.0893783569, 91.0834197998], [-1094.33251953, 26.7436637878, 823.21496582, 345.063171387, 35.9914932251, 41.3081970215, -28.6780090332, 133.664627075, 95.6070785522, -19.8779010773, -21.742559433, 24.5200195313, -65.4787368774], [222.978591919, -200.768661499, 345.063171387, 561.159973145, 59.609992981, 44.3503189087, -49.8545570374, 70.4551391602, 104.698326111, 13.191192627, -40.0388221741, -10.1042833328, -66.8537063599], [-644.316833496, 249.063201904, 35.9914932251, 59.609992981, 304.66229248, 74.861618042, 96.8119277954, -11.1076440811, 67.6554489136, 32.8380470276, 28.3313331604, -21.3988380432, 13.07426548], [146.588439941, -163.594711304, 41.3081970215, 44.3503189087, 74.861618042, 291.441009521, 106.648765564, -17.4590606689, -17.5270824432, 61.4630012512, -9.5083656311, -1.68847727776, 1.03400528431], [-163.001083374, 119.177391052, -28.6780090332, -49.8545570374, 96.8119277954, 106.648765564, 193.862258911, 19.0242862701, 3.32642674446, 22.2412471771, 32.7619171143, -6.46834421158, 35.3797187805], [7.68653392792, -30.682100296, 133.664627075, 70.4551391602, -11.1076440811, -17.4590606689, 19.0242862701, 159.156951904, 42.430847168, -10.8250436783, -2.98671269417, 33.2898712158, -14.184419632], [-363.140075684, 131.099502563, 95.6070785522, 104.698326111, 67.6554489136, -17.5270824432, 3.32642674446, 42.430847168, 169.840881348, 29.4005622864, -5.78742456436, -16.2652015686, -2.59396243095], [76.4766769409, -101.736038208, -19.8779010773, 13.191192627, 32.8380470276, 61.4630012512, 22.2412471771, -10.8250436783, 29.4005622864, 122.361961365, 26.3587188721, 5.79787969589, -8.30590438843], [37.6098594666, 112.325897217, -21.742559433, -40.0388221741, 28.3313331604, -9.5083656311, 32.7619171143, -2.98671269417, -5.78742456436, 26.3587188721, 125.669502258, 28.4718093872, 11.6269845963], [34.3897438049, -92.0893783569, 24.5200195313, -10.1042833328, -21.3988380432, -1.68847727776, -6.46834421158, 33.2898712158, -16.2652015686, 5.79787969589, 28.4718093872, 94.168762207, 20.588224411], [42.5502700806, 91.0834197998, -65.4787368774, -66.8537063599, 13.07426548, 1.03400528431, 35.3797187805, -14.184419632, -2.59396243095, -8.30590438843, 11.6269845963, 20.588224411, 96.0526199341]]}, "spectral_energyband_middle_low": {"dmean2": 0.00441511394456, "median": 0.00366567471065, "min": 2.4407452333e-22, "dvar2": 6.84666156303e-05, "dvar": 3.0401713957e-05, "dmean": 0.00291254743934, "max": 0.0831728726625, "var": 6.29279529676e-05, "mean": 0.00626352895051}, "melbands_crest": {"dmean2": 5.57870721817, "median": 13.915312767, "min": 1.86232817173, "dvar2": 22.1557483673, "dvar": 9.68536663055, "dmean": 3.52466130257, "max": 32.8764533997, "var": 31.183713913, "mean": 14.6628866196}, "spectral_kurtosis": {"dmean2": 3.48926591873, "median": 4.32527017593, "min": -1.23156011105, "dvar2": 14.8990945816, "dvar": 5.37463951111, "dmean": 2.07901668549, "max": 33.1435012817, "var": 10.2115106583, "mean": 5.12112903595}, "spectral_rms": {"dmean2": 0.000929560395889, "median": 0.00346131785773, "min": 3.13816854447e-12, "dvar2": 1.0654715652e-06, "dvar": 5.65675918551e-07, "dmean": 0.000681529578287, "max": 0.0110975205898, "var": 3.44852310263e-06, "mean": 0.00369655084796}, "zerocrossingrate": {"dmean2": 0.0113229984418, "median": 0.05029296875, "min": 0.00537109375, "dvar2": 0.000251491816016, "dvar": 0.000192034902284, "dmean": 0.0100293159485, "max": 0.52392578125, "var": 0.00112347782124, "mean": 0.0557022206485}, "silence_rate_60dB": {"dmean2": 0.068212300539, "median": 0, "min": 0, "dvar2": 0.0746659263968, "dvar": 0.0329341068864, "dmean": 0.0340996161103, "max": 1, "var": 0.0950069278479, "mean": 0.106301471591}, "erbbands_kurtosis": {"dmean2": 1.71512746811, "median": 0.063605286181, "min": -1.91636943817, "dvar2": 6.89544200897, "dvar": 3.15512490273, "dmean": 1.13894701004, "max": 55.3227577209, "var": 8.3194103241, "mean": 0.982921481133}, "erbbands": {"dmean2": [0.0380792580545, 0.50581151247, 1.33883666992, 1.16781353951, 2.99735808372, 8.25532054901, 9.9359703064, 8.27526760101, 10.4109725952, 17.1488018036, 19.0376186371, 21.2557239532, 42.780380249, 45.0766334534, 33.1568946838, 46.438243866, 47.0576934814, 34.3622093201, 31.0112571716, 26.2518615723, 12.6628980637, 18.8706741333, 11.5197134018, 13.9090270996, 13.0825443268, 13.2201919556, 12.6359472275, 5.97338819504, 2.72388291359, 3.56193900108, 3.35418772697, 1.30684578419, 0.624996960163, 0.240766659379, 0.12380027771, 0.0304673556238, 0.00539089832455, 0.000654776638839, 4.02009827667e-05, 1.13375326691e-05], "median": [0.012291347608, 0.260157585144, 0.532445013523, 0.567507088184, 1.20186340809, 2.71190619469, 3.46384716034, 2.89287734032, 3.2267947197, 4.42283391953, 4.58605241776, 4.74620866776, 5.06486272812, 4.87357854843, 4.34081935883, 5.0727481842, 6.50755882263, 6.61616420746, 7.34335947037, 7.3002781868, 5.44357156754, 5.2548160553, 4.77601385117, 4.95085191727, 4.54744672775, 3.7180762291, 2.05886793137, 1.23189198971, 0.690633773804, 0.47221237421, 0.288032233715, 0.152852162719, 0.0876294746995, 0.0483226925135, 0.0224464777857, 0.00602161604911, 0.00104147335514, 0.000119554613775, 1.25874703372e-05, 1.54433073476e-05], "min": [8.18361122389e-22, 3.53693948095e-21, 2.10011027796e-20, 2.08278229815e-20, 1.43989833387e-20, 8.50624849817e-20, 1.69644429726e-19, 2.22954876037e-19, 8.6796795798e-19, 4.92410537389e-19, 3.23859020047e-19, 1.26505497706e-18, 2.15396694135e-18, 3.60634286179e-18, 4.86931903057e-18, 2.02913215203e-18, 2.70123832002e-18, 2.11280023022e-18, 3.55831013798e-18, 9.87340067218e-18, 7.55920739861e-18, 6.95057700288e-18, 9.50740799271e-18, 1.26446302593e-17, 9.17242466005e-18, 9.89561957061e-18, 6.61919686896e-18, 1.13536370696e-17, 1.69618480037e-17, 1.68461618319e-17, 1.48645960806e-17, 1.3794682626e-17, 1.31675374467e-17, 1.18671425221e-17, 7.29408774048e-18, 4.82772549424e-18, 2.72498770938e-18, 1.42908416875e-18, 3.28591863169e-19, 3.42309212524e-20], "dvar2": [0.00477185472846, 0.734196484089, 5.65480232239, 3.57795214653, 27.7295665741, 359.219909668, 439.74597168, 703.551086426, 1760.75109863, 3691.10546875, 6205.0078125, 5850.9140625, 30011.3496094, 33073.640625, 14219.9101563, 35112.5351563, 34413.2851563, 14029.8173828, 16369.7841797, 13389.7714844, 1267.32910156, 8038.40332031, 1760.26599121, 4060.58789063, 1923.96972656, 2462.49780273, 4508.02197266, 764.344177246, 91.72265625, 601.047851563, 1094.00378418, 101.524803162, 13.6415233612, 0.908484995365, 0.357672899961, 0.0162226390094, 0.000503734976519, 7.6179194366e-06, 2.97296054441e-08, 3.11135756048e-10], "dvar": [0.00243452074938, 0.317277312279, 2.6059794426, 1.37904369831, 11.4426088333, 155.609405518, 218.099563599, 285.992706299, 686.396606445, 1754.0246582, 2477.15698242, 2516.99121094, 11770.9804688, 14554.875, 6598.77929688, 17513.7460938, 18536.1484375, 8316.42578125, 6899.06445313, 6918.03076172, 569.012023926, 2996.92626953, 996.342346191, 1798.20092773, 796.796936035, 977.317749023, 1632.97241211, 301.0887146, 42.6499328613, 322.215240479, 455.289703369, 51.9963531494, 7.92692041397, 0.458146303892, 0.207583025098, 0.00898126978427, 0.000226433039643, 3.13932855533e-06, 1.08007522925e-08, 1.55106857913e-10], "dmean": [0.0262031927705, 0.331095695496, 0.883782804012, 0.712828814983, 1.80442488194, 5.25921916962, 6.53488779068, 5.26174497604, 6.55981874466, 11.0892095566, 12.090467453, 13.3576250076, 26.9257278442, 29.7388381958, 22.5149688721, 33.2350502014, 32.5471305847, 24.155046463, 20.3213176727, 17.6829090118, 8.18968105316, 11.8287734985, 8.02388381958, 9.40143203735, 8.59426593781, 8.59061336517, 7.72901010513, 3.82474446297, 1.84066355228, 2.5771420002, 2.27554225922, 0.926279604435, 0.42806494236, 0.164442643523, 0.0851089730859, 0.0201667621732, 0.00353228370659, 0.000413785252022, 2.40811150434e-05, 8.15577004687e-06], "max": [0.732615530491, 4.9074215889, 17.7183551788, 20.3068504333, 74.045463562, 250.990859985, 328.54486084, 503.421356201, 855.083190918, 1118.66174316, 1464.55456543, 1228.8482666, 1644.81359863, 3190.08569336, 2160.4597168, 3198.70581055, 4123.84912109, 3033.38305664, 2099.44921875, 4358.58251953, 712.466491699, 1951.48242188, 1495.69885254, 2249.39306641, 1023.33258057, 908.835693359, 1416.28796387, 473.143463135, 181.883956909, 900.049865723, 946.668395996, 356.33996582, 142.83215332, 21.189250946, 26.1704845428, 4.77977609634, 0.762231171131, 0.0648693591356, 0.0033975567203, 0.000261753855739], "var": [0.0092217521742, 0.588418900967, 4.17434883118, 2.3409717083, 18.6010303497, 268.732147217, 512.706970215, 732.704101563, 720.986572266, 3612.09204102, 3057.85180664, 3088.49755859, 13659.4609375, 28274.4238281, 12975.6044922, 41158.8945313, 48140.578125, 27866.6855469, 10160.2431641, 22746.6699219, 915.656677246, 2648.73681641, 2005.53796387, 2442.3125, 1058.91589355, 1359.67810059, 1331.92321777, 295.117431641, 64.5095672607, 494.927062988, 488.118469238, 82.5537109375, 13.4966821671, 0.667198717594, 0.326694250107, 0.0151373632252, 0.000333057978423, 3.75180798073e-06, 8.82467254826e-09, 5.19223053441e-10], "mean": [0.0524613298476, 0.599823117256, 1.36437261105, 1.10240876675, 2.50281715393, 7.70423603058, 10.9125976563, 9.09213638306, 9.50061225891, 17.3829574585, 16.3025856018, 17.4864749908, 34.3978919983, 47.1409721375, 37.9006729126, 57.6558265686, 58.5739021301, 44.3294487, 31.6579380035, 31.1697750092, 13.6229572296, 16.9406986237, 13.7821159363, 15.2218589783, 13.4655990601, 13.2928915024, 9.02950572968, 4.71561717987, 2.52394771576, 3.29352021217, 2.67199707031, 1.16207957268, 0.527791500092, 0.214797198772, 0.111352883279, 0.028584735468, 0.00491900136694, 0.000549941905774, 3.22005798807e-05, 2.24840914598e-05]}, "spectral_strongpeak": {"dmean2": 1.13845479488, "median": 0.389406621456, "min": 0, "dvar2": 3.63973546028, "dvar": 1.68030357361, "dmean": 0.718948841095, "max": 17.513917923, "var": 4.71163463593, "mean": 1.37530362606}, "spectral_energy": {"dmean2": 0.00855718925595, "median": 0.0122802387923, "min": 1.00943047348e-20, "dvar2": 0.000153945933562, "dvar": 7.81734925113e-05, "dmean": 0.0061477618292, "max": 0.126233831048, "var": 0.000292030716082, "mean": 0.0175407901406}, "average_loudness": 0.817197859287, "spectral_rolloff": {"dmean2": 752.245239258, "median": 1335.05859375, "min": 43.06640625, "dvar2": 1230278, "dvar": 623014, "dmean": 468.161437988, "max": 18733.8867188, "var": 1615399.875, "mean": 1525.41845703}, "spectral_centroid": {"dmean2": 420.607574463, "median": 1390.31713867, "min": 261.459289551, "dvar2": 207845.5625, "dvar": 113557.3125, "dmean": 291.544342041, "max": 11220.8320313, "var": 499493.0625, "mean": 1481.32324219}, "pitch_salience": {"dmean2": 0.11889821291, "median": 0.532301008701, "min": 0.105620719492, "dvar2": 0.0108240777627, "dvar": 0.00452345842496, "dmean": 0.0751771479845, "max": 0.925748050213, "var": 0.0146591681987, "mean": 0.528654396534}, "spectral_energyband_middle_high": {"dmean2": 0.0042472621426, "median": 0.00218070461415, "min": 1.39634408384e-21, "dvar2": 9.44805506151e-05, "dvar": 5.11953257956e-05, "dmean": 0.00310610909946, "max": 0.120848834515, "var": 0.000197375193238, "mean": 0.00743759516627}, "spectral_contrast_coeffs": {"dmean2": [0.0865053609014, 0.0805214717984, 0.0674876049161, 0.0553262159228, 0.0416929349303, 0.0296297315508], "median": [-0.657019615173, -0.736605346203, -0.766226172447, -0.766592919827, -0.787402629852, -0.764228701591], "min": [-0.968006670475, -0.954420983791, -0.966085672379, -0.966677010059, -0.957751572132, -0.959838151932], "dvar2": [0.00480793649331, 0.00449728826061, 0.00321111408994, 0.00212485971861, 0.0013395427959, 0.000680279452354], "dvar": [0.00186277367175, 0.00191412994172, 0.00153420458082, 0.00106202310417, 0.000638349622022, 0.000314307544613], "dmean": [0.0531054623425, 0.0497401282191, 0.0432511903346, 0.0359213277698, 0.0273561142385, 0.0190005712211], "max": [-0.314336270094, -0.361261069775, -0.3940936625, -0.448611617088, -0.537119150162, -0.549597620964], "var": [0.00770531361923, 0.00668228138238, 0.00714924745262, 0.00565167842433, 0.00272393831983, 0.00153065740597], "mean": [-0.653466463089, -0.728797852993, -0.748282909393, -0.756230652332, -0.779938697815, -0.760360121727]}, "melbands_skewness": {"dmean2": 1.08153498173, "median": 1.83639705181, "min": -2.94088363647, "dvar2": 1.43721544743, "dvar": 0.703417897224, "dmean": 0.735576450825, "max": 15.4953174591, "var": 3.40984845161, "mean": 2.08530449867}, "spectral_spread": {"dmean2": 620198.8125, "median": 3464526.75, "min": 1797835.375, "dvar2": 693155594240, "dvar": 378490814464, "dmean": 437199.34375, "max": 42032072, "var": 1662006853630.0, "mean": 3695270.25}, "dissonance": {"dmean2": 0.0375787764788, "median": 0.468132346869, "min": 0.276827871799, "dvar2": 0.00136259652209, "dvar": 0.000515291758347, "dmean": 0.0225865859538, "max": 0.499999910593, "var": 0.00102039193735, "mean": 0.459459483624}, "spectral_skewness": {"dmean2": 0.412246346474, "median": 1.44774389267, "min": -0.142342925072, "dvar2": 0.148670196533, "dvar": 0.0599648430943, "dmean": 0.258131355047, "max": 4.1501660347, "var": 0.203652352095, "mean": 1.49628531933}, "spectral_flux": {"dmean2": 0.0387847349048, "median": 0.0567368939519, "min": 6.68714597585e-11, "dvar2": 0.00190414185636, "dvar": 0.000864815723617, "dmean": 0.0249963607639, "max": 0.370869755745, "var": 0.00261332839727, "mean": 0.0705951452255}, "spectral_contrast_valleys": {"dmean2": [0.764288067818, 0.65196710825, 0.568668007851, 0.499199002981, 0.450935602188, 0.517102658749], "median": [-7.65320062637, -7.07634210587, -7.66685438156, -7.92306613922, -7.75276756287, -10.7571668625], "min": [-27.0239295959, -27.5308208466, -27.5412826538, -27.1358985901, -27.3621788025, -27.3346729279], "dvar2": [0.4030418396, 0.299135357141, 0.249213308096, 0.210078731179, 0.182413473725, 0.278968274593], "dvar": [0.187853142619, 0.128723397851, 0.118705682456, 0.101834401488, 0.101612687111, 0.162874355912], "dmean": [0.478501349688, 0.391883134842, 0.357131242752, 0.322027564049, 0.325375199318, 0.409787088633], "max": [-5.79315710068, -4.96795320511, -4.98477268219, -5.13895463943, -5.31411886215, -7.34583759308], "var": [1.2686047554, 1.17203533649, 1.27660119534, 1.21270096302, 1.29533112049, 1.43838810921], "mean": [-7.83516407013, -7.24895048141, -7.80348682404, -8.0827999115, -7.9291138649, -10.9162311554]}, "erbbands_flatness_db": {"dmean2": 0.0322021506727, "median": 0.185164615512, "min": 0.0296166911721, "dvar2": 0.000852849276271, "dvar": 0.000473749503726, "dmean": 0.0232077352703, "max": 0.378591954708, "var": 0.00279589020647, "mean": 0.188162833452}, "spectral_energyband_high": {"dmean2": 0.000566361879464, "median": 0.000140661068144, "min": 7.18338992019e-21, "dvar2": 5.39035545444e-06, "dvar": 2.42394253291e-06, "dmean": 0.000380601035431, "max": 0.0447731800377, "var": 3.47159812009e-06, "mean": 0.000529667828232}, "spectral_entropy": {"dmean2": 0.281900912523, "median": 7.4150352478, "min": 5.7637629509, "dvar2": 0.0725208967924, "dvar": 0.0384023338556, "dmean": 0.199908450246, "max": 9.80093002319, "var": 0.169464215636, "mean": 7.41260719299}, "silence_rate_20dB": {"dmean2": 0, "median": 1, "min": 1, "dvar2": 0, "dvar": 0, "dmean": 0, "max": 1, "var": 0, "mean": 1}, "melbands_flatness_db": {"dmean2": 0.0410377644002, "median": 0.201668098569, "min": 0.00609933491796, "dvar2": 0.0015160824405, "dvar": 0.000783995725214, "dmean": 0.0289920531213, "max": 0.437381625175, "var": 0.00396512821317, "mean": 0.205145552754}, "barkbands": {"dmean2": [4.79990812892e-05, 0.00196170900017, 0.00110714137554, 0.000460853712866, 0.00189595774282, 0.00107109209057, 0.00091211614199, 0.000897211197298, 0.00105101370718, 0.00162058847491, 0.000947461172473, 0.00115603487939, 0.00111397739965, 0.000701477460098, 0.000636420387309, 0.000281218293821, 0.000337286561262, 0.000220761809032, 0.00028040460893, 0.000306889938656, 0.000210776735912, 8.5500345449e-05, 0.000123892081319, 4.53122120234e-05, 1.81443392648e-05, 4.05020637118e-06, 2.30166406823e-07], "median": [1.49486522787e-05, 0.000978873460554, 0.000338961574016, 0.000135746551678, 0.000818521017209, 0.000395138427848, 0.000240674809902, 0.000161223433679, 0.000183540090802, 0.000124150756164, 9.25845524762e-05, 0.000101637473563, 0.000120429445815, 0.000102495294414, 0.000135892041726, 8.18098633317e-05, 8.84664768819e-05, 7.55644141464e-05, 8.12258585938e-05, 8.13559818198e-05, 3.82056859962e-05, 1.79880844371e-05, 1.11981435111e-05, 6.07195033808e-06, 3.78022491532e-06, 7.9901258232e-07, 2.00028882347e-08], "min": [3.6570179505e-24, 1.86586934884e-23, 1.68616999007e-23, 2.21471220027e-24, 2.75453504252e-23, 2.34060205507e-23, 5.21885573107e-23, 2.07957208361e-23, 6.29779972381e-23, 5.70452709816e-23, 1.11091191827e-22, 4.47524388738e-23, 4.36670640869e-23, 4.12052532382e-23, 1.4613895656e-22, 1.37472543277e-22, 9.54747246427e-23, 1.93261051552e-22, 1.91410762521e-22, 1.82021209913e-22, 1.71378340341e-22, 4.35060449544e-22, 5.14974255432e-22, 7.21832265007e-22, 1.19809245838e-21, 1.35490366801e-21, 2.47861257624e-21], "dvar2": [8.73934968837e-09, 1.11602139441e-05, 4.18752779296e-06, 6.59387410451e-07, 1.41294958667e-05, 7.22725144442e-06, 1.29235822897e-05, 1.19206124509e-05, 1.38317063829e-05, 3.92865767935e-05, 1.18868501886e-05, 1.78660702659e-05, 1.87109944818e-05, 7.19460103937e-06, 7.49696346247e-06, 1.30193075165e-06, 2.11037558984e-06, 7.27517942778e-07, 1.29871443733e-06, 1.28290946577e-06, 9.43181078128e-07, 1.35783807309e-07, 1.2812715795e-06, 8.73205721064e-08, 5.7290909794e-09, 2.9068666918e-10, 2.28491943248e-12], "dvar": [3.37955818885e-09, 4.88671639687e-06, 1.85066107861e-06, 2.5548806093e-07, 6.27267945674e-06, 3.16937848766e-06, 5.36520792593e-06, 4.73289310321e-06, 5.90151375945e-06, 1.61395801115e-05, 6.2543886088e-06, 8.90256706043e-06, 1.08899166662e-05, 3.74033743356e-06, 3.19763830703e-06, 6.00453120114e-07, 7.92977914443e-07, 4.04682509725e-07, 5.54344069315e-07, 4.98769168189e-07, 3.47730662043e-07, 6.3407881612e-08, 5.71072348521e-07, 5.21966256883e-08, 3.16037351844e-09, 1.38310932152e-10, 7.97426903155e-13], "dmean": [2.7868856705e-05, 0.00130405416712, 0.000716349226423, 0.00027206595405, 0.00121579447296, 0.000687204301357, 0.000579217623454, 0.000571791199036, 0.000657900294755, 0.00102681270801, 0.000637588032987, 0.000813614286017, 0.000