{"tonal": {"thpcp": [1, 0.9112829566, 0.415779918432, 0.351513981819, 0.415900081396, 0.377122074366, 0.453496813774, 0.45700058341, 0.320764064789, 0.377289414406, 0.447809010744, 0.434945553541, 0.602379262447, 0.559366285801, 0.323374122381, 0.500259757042, 0.629279851913, 0.366355955601, 0.202175557613, 0.214337602258, 0.279332071543, 0.626257121563, 0.806734442711, 0.45493042469, 0.192287653685, 0.169034421444, 0.236198306084, 0.354484468699, 0.36316677928, 0.296091735363, 0.330626100302, 0.329142183065, 0.230472922325, 0.245548158884, 0.316340327263, 0.541150987148], "hpcp": {"dmean2": [0.253765821457, 0.235735610127, 0.187385246158, 0.209458485246, 0.223638579249, 0.155325174332, 0.118920020759, 0.124762438238, 0.147994667292, 0.227375477552, 0.274724274874, 0.192381009459, 0.126973211765, 0.110003359616, 0.129644453526, 0.166419237852, 0.153830498457, 0.155425861478, 0.165762111545, 0.162427932024, 0.141759708524, 0.156364664435, 0.183938905597, 0.276189059019, 0.372816205025, 0.320531874895, 0.212581038475, 0.259651094675, 0.275830954313, 0.235830068588, 0.254713177681, 0.223187491298, 0.165957763791, 0.188063338399, 0.213582366705, 0.236179068685], "median": [0.0676114857197, 0.0622013770044, 0.0472126975656, 0.0699618384242, 0.0885545760393, 0.056248318404, 0.0254673175514, 0.0232641361654, 0.0358602628112, 0.112408287823, 0.141157537699, 0.071650467813, 0.0224124547094, 0.0222107060254, 0.0318244658411, 0.0473319925368, 0.0418587177992, 0.0358237326145, 0.0331052355468, 0.0286364816129, 0.0192524325103, 0.0221914406866, 0.0279932320118, 0.0774100720882, 0.174725785851, 0.180199548602, 0.0688983350992, 0.0200632251799, 0.0180707853287, 0.0262604095042, 0.0552751198411, 0.0617804266512, 0.0423675142229, 0.0325258150697, 0.0427788458765, 0.0552449114621], "min": [0, 0, 0, 0, 0, 0, 0, 0, 0, 0, 0, 0, 0, 0, 0, 0, 0, 0, 0, 0, 0, 0, 0, 0, 0, 0, 0, 0, 0, 0, 0, 0, 0, 0, 0, 0], "dvar2": [0.125122144818, 0.112221881747, 0.0892556458712, 0.0891544595361, 0.0884921401739, 0.0580256357789, 0.0488792583346, 0.0566862598062, 0.0601355470717, 0.0770103484392, 0.101340956986, 0.0703386962414, 0.0631612241268, 0.0480480492115, 0.0516040064394, 0.0712414011359, 0.0672950521111, 0.0755602121353, 0.0774478539824, 0.0830084532499, 0.0743654817343, 0.083431109786, 0.087459333241, 0.106565393507, 0.162157669663, 0.108294978738, 0.0840506702662, 0.163531824946, 0.175181567669, 0.127556458116, 0.133113339543, 0.100846134126, 0.0676810517907, 0.0954515337944, 0.108290754259, 0.121507957578], "dvar": [0.0481244623661, 0.0458678156137, 0.0313108824193, 0.0348016321659, 0.0383005850017, 0.0223793890327, 0.0184559449553, 0.0213403403759, 0.0233795773238, 0.0322439260781, 0.043965768069, 0.0266406293958, 0.0226305183023, 0.0170450229198, 0.0192720424384, 0.0267395619303, 0.0274471435696, 0.0273726545274, 0.0304161570966, 0.0330818258226, 0.027423189953, 0.0300216581672, 0.0335026718676, 0.0402736850083, 0.0669624358416, 0.0465890131891, 0.0306089315563, 0.0618596635759, 0.0721862986684, 0.0494939535856, 0.0475767962635, 0.0376730151474, 0.0254187621176, 0.0368297994137, 0.0427918694913, 0.0443280898035], "dmean": [0.14528876543, 0.134879097342, 0.105780020356, 0.124770835042, 0.135887354612, 0.0933251976967, 0.067950963974, 0.071293361485, 0.0865587368608, 0.138289898634, 0.163653612137, 0.113121412694, 0.0709503665566, 0.0618588887155, 0.0761731490493, 0.09915728122, 0.0897150114179, 0.0887468084693, 0.0962154567242, 0.0940705910325, 0.0810926556587, 0.0887978598475, 0.105591908097, 0.15728096664, 0.215455338359, 0.190839231014, 0.121843837202, 0.145222216845, 0.158241480589, 0.135673508048, 0.142537802458, 0.128071650863, 0.0956346020103, 0.108029924333, 0.123561345041, 0.134299784899], "max": [1, 1, 1, 1, 1, 1, 1, 1, 1, 1, 1, 1, 1, 1, 1, 1, 1, 1, 1, 1, 1, 1, 1, 1, 1, 1, 1, 1, 1, 1, 1, 1, 1, 1, 1, 1], "var": [0.0859323889017, 0.0804392024875, 0.0295213293284, 0.0543015748262, 0.0813033729792, 0.0329469926655, 0.0183798838407, 0.0217531509697, 0.02621085383, 0.0589559003711, 0.0924562811852, 0.0402917526662, 0.0189255233854, 0.0133516527712, 0.0197365898639, 0.0358977690339, 0.0483720302582, 0.0315982811153, 0.0396560579538, 0.0453490503132, 0.0275458898395, 0.0288249831647, 0.0388773903251, 0.0569167248905, 0.124651357532, 0.0992707163095, 0.0344990305603, 0.0545951388776, 0.0741995498538, 0.0512994937599, 0.0541398487985, 0.0507168062031, 0.0283903591335, 0.0514552071691, 0.0643951147795, 0.0496340319514], "mean": [0.205069556832, 0.190426543355, 0.110087104142, 0.170304745436, 0.214227408171, 0.124719522893, 0.0688271597028, 0.0729675143957, 0.0950937569141, 0.213198363781, 0.274638742208, 0.154873162508, 0.0654609948397, 0.0575448349118, 0.0804096162319, 0.120678089559, 0.123633824289, 0.100799292326, 0.112555913627, 0.112050741911, 0.0784605070949, 0.0835926085711, 0.107692569494, 0.184225454926, 0.34043264389, 0.310230463743, 0.141545057297, 0.119666837156, 0.141585960984, 0.128384664655, 0.154385119677, 0.155577912927, 0.109198562801, 0.128441631794, 0.152448803186, 0.148069664836]}, "tuning_equal_tempered_deviation": 0.262475401163, "chords_changes_rate": 0.0498122163117, "key_key": "F", "tuning_diatonic_strength": 0.586981356144, "key_scale": "major", "chords_number_rate": 0.00158134021331, "tuning_frequency": 434.193115234, "tuning_nontempered_energy_ratio": 0.934252023697, "chords_histogram": [46.5704689026, 0.0593002587557, 8.16366863251, 0.237201035023, 0, 0, 0, 0, 2.03597545624, 0, 0, 1.12670493126, 0, 0.118600517511, 0.0790670067072, 0.573235809803, 0.612769305706, 21.3678588867, 0.672069549561, 1.93714177608, 0.513935565948, 1.28483891487, 13.9157934189, 0.73136985302], "key_strength": 0.712911844254, "chords_key": "F", "chords_strength": {"dmean2": 0.0110370907933, "median": 0.524062991142, "min": -1, "dvar2": 0.000680180033669, "dvar": 0.000372202135623, "dmean": 0.010707068257, "max": 0.761807322502, "var": 0.0565019063652, "mean": 0.493804991245}, "chords_scale": "major", "hpcp_entropy": {"dmean2": 1.03275823593, "median": 1.93698036671, "min": 0, "dvar2": 0.744098424911, "dvar": 0.275323331356, "dmean": 0.616428315639, "max": 4.29197120667, "var": 0.643442988396, "mean": 1.89244961739}}, "metadata": {"audio_properties": {"equal_loudness": 0, "codec": "mp3", "downmix": "mix", "sample_rate": 44100, "analysis_sample_rate": 44100, "bit_rate": 192000, "md5_encoded": "21437a35af3bb451255914cfaca3404a", "length": 234.893066406, "replay_gain": -11.2134227753, "lossless": false}, "version": {"essentia_build_sha": "2d9f1f26377add8aeb1075a9c2973f962c4f09fd", "essentia": "2.1-beta2", "extractor": "music 1.0", "essentia_git_sha": "v2.1_beta2-1-ge3940c0"}, "tags": {"title": ["$100 Bill"], "barcode": ["011661957329"], "media": ["(CD)"], "albumartist": ["Anson Funderburgh & The Rockets"], "length": ["234933"], "musicbrainz_recordingid": ["106ac5f8-fbd0-478d-bcd2-2578b4b664ff"], "composer": ["Guy"], "musicbrainz_albumartistid": ["c8ef63fa-7547-4335-886c-354c21a3e9ed"], "discnumber": ["01/01"], "originalartist": ["Anson Funderburgh & The Rockets"], "album": ["Change in My Pocket"], "catalognumber": ["11661-9573-2"], "musicbrainz album release country": ["US"], "musicbrainz album type": ["Album"], "musicbrainz album status": ["Official"], "file_name": "07. $100 Bill_3-55.mp3", "acoustid_fingerprint": ["AQADtMqSKNISJVPw8Aibgwmk7_iM5glRRflwxtAf3EifB99xxcePSlRiD40q_BZq-UKYPYM-HiGXHM0Z3MF_XAmaTzN6hFYOb7GhMEnsEa9T5Dlc9eiVCCfudQilc2j4BTrwWdjyKI-Er4NGymjS4okOXjnSp7iCXCjVw_GCnqBzXCjJQLRyaHtZ6NU5VMfDyKCco09o5Bl6_CiPPDsefFAJUTz0O-DxLIEnfEmKm0QeNIerCuUao0xkwc8R6iOO5xx-40zRjDqk9MK5ISLjUviWGb_Rw8uOkMqlQNeDPGuQK4ohIk_wRCnO7Gh-VEz64NFmjNsz6JFyUE-OY1bSibhionmYod_xtNiFH4wcNHqOE_OWo42E5vlwR0VeKJZ5pHGPNyGDv3iDZkzMGMkqHVmLX2jSpjmYTYlw72jmH-HjQF-QHu9z_JhyoleOXGGJpkqO9sfHow8aLYqCS-zxHS-nCOsPSRkukcIuUjhl_DCjC2ckK9BF_GjOQuN8PEc-Go4lS_hD_MlhzthxnUimhjnCfBaeSD-e4-jKGBfhBn7QMw_62YiU_IWuSMmgJz6e6AifBU19PLqGHDqince3ED--HFOSpEGvHGfwI3qeHDpOBR_uBM_FBp4eXN4gVTvxo1cmhIkXgRyPa-lQJl-QB3uL4uJxRmiW8Ohr3KGhtDT6E0204Xvw7miC4kel40E01Ppx9M_h3dgj4cPpSkjfE0m_Hk0FWh9-HFOuY0-OnBekfUj_oEt4vIuIU0JF6kFjKUN-6MiPZskuVM-oo8_R7CWSItcb48yxU6g8GX6OKjw-olaQjB_yXEnwpcfx4BR-TPkOTdKHpwef42hylLk7JN-Rp8evBf6JG4_Qz3iOSQnx3cKVwxN1_LhMuIrxI3c4aPzRxEX0cAp-kI8ET0qO_NB3VOmDxhuDM4IuMGGP8D1eCx4ZIs5EQ3mOPNHRa3D_oczx4jmSp2EQXbRwTzijpJIQXgd1rD0eMZlQOSPyW9h19FEcRMqqGBd0wvUReT6uRGGDRqWP_hgfok-UPEOzDDNz_EIWWaugpbuQM6iWH1N-vENPNNWFJ7lw3CGPaD8Sh8cT4QyuznCOSz9OPDw8EucZ4XSWYHvxxAi9Ec0ZHidsVgpx2sHTRJlxcTPqw81xaMxx6kcTKke3eBIuBXsqNCrB6MFpvMmhOMcTSh8i5XRQXcfRE97RrigtwzFS3YMqf0hdoh2DH32kw6_xpMJv9A-RP9Bf4eNR7kiPnmHQp4LzC-UynKbQE2G2YB9OVLox5cePM4LG7mjcYL7RkmhGGx9eaM8EMc6O8BH-46KMRr5QjYuHnFCUh0V44oFPCT-uoKkslBfiVZwgPwJ31DkaxsYpRbgeNEedaDH44V0OJyW-R5j1QXsOOzoRCseTT0ZDyihPPDPC68OUT8aeLIeW_aiSLAtGnoGuHD3CXEqMXce341vQJDnRL8VzIIyXBNoTIc-Yw8mPaxf-CGUOn0H14z9CKWIJLfOC_4h9_GkkNFuPagz-oE9EIcwu7DWhJ4slfBLSC99i5Ea1OMyhJWFyIatEauiDpsN_4oqEM0uRPoT6cIi1eUG7o3mWCXwd_Ggu1GIc5NyRNOGFCv3wIHoExTLypzmaMUs19CSz4fiR3ER--LNxHWzO41kmwZUkcF5y5A0kRTly8XijHU3FFf2J4zeycKHhF_nQ5xKe45GP-ZFxJvHQLKNR6UmPo78IPzkqIX-hLV2Qk8Z4PLTg5-iJWgneGL-CHvkufLmhKXk2uJSKHxpDjSq-B-dx8QhzeKKMMm5EfJfQH2F87Db6LFs0VKmOH7pQK7ugw4suaJSeIUz-o8qTGbV4NE5y_MGP6UorRFs4TkhG1UMfNOl3PGVKnBmJKT_RLse5pMjRfCERnvhOhHoakAkzSJFuhOn2oz--49mDdHkNnUR0Be_w7Mfx8AouW7CPXISu4-ahUg--aHB-5Bkxq0edpkHzREdOHVL4HGEyfFFe_MGvGD5O5MqhJ0Fsws9x8HjSBJGsD82YQzOVI6cDP8ckHY9zoVR0pEefQkd2NCE6HhWVKPAJT4pkhFUOHXkCnkTfoPmx5zicUDl-fEdOfUJzaIuM03hywdVk5PjRbkIzKW2E7wwuNMkcCZN0SsiPXtCyBx9eeFOgB-ccsKQhPsvxh_gJPlmSQ_1hZSHyRNETHD2aiD0-IppmQp2SpfiDyycai0TlFTJ3AX_R7JRQZqExNifCDU0s4wuaW0ep48pp5IGmB96SfUNXHa9wNE6g8QfvHr1yND2ORoXWHEeWKoSvOcKPnjlQLYKjB3UvvC8uKcXxLEcSBfmDpknYCMfxHD2aeBmOqVkObw_4B_mDhDnq4_h60McvhE8I9cezI-Rl5If2xOiP0CQeJWgu8MYRJ9mhSEJ4LsOPLxEuwIv2FJcu4VKIpz1KiVqOXFcGTTyuoOF2lM3wQLfxbgnKqDma4T9iP6jyo9mDsziPPoFjDh19RNYJ7Rma08FTnEcz7jGkjApFxMvxw6ViXMN7NEeWa4dU5kh_3McfZEyWC-UTKEqVCGeyF3uCn0SfGOIzOFLCHG0uDacOJrJU9GYw_kHoHz9RJifK5mg6IleqQ_sR5jz-40rGoitVNMcvPKPgZRHmI-mP0GPROHrwvLgSHf0P6oMnMQyuS6ikB_lzJIosoXmON9_wKE9x6ejTDMlSnbiSKEdehcivwDmkHnnCBSPTLWh69Dk-5M7xhA_0hMaz4EYPn_gDbYwU4hlxUcdDK4TjHHtCfFQcfHvhlSvu4XvAUgCgFCIMOAAcSAAhogwARgghGKAKEQQMZYoQgIRBwAEgiAEGKe-EgIQAYAlSSiAFhWGWESGJQiIBghwyyDGCiACGAEKQcoYQABQQBinADEJEIeEkAcAAhZBAAiCEmBCAGcCEIkQ4AgwQUglALBEMESAIQUQZghxBgDAjBDBAIyQEEUJwlKwARCgABENMIUE4YAhYIgxgjhADIGIAIGQUYwYABQ4jRAIghCESCEyYMFQQIAABAABCkHLEMOCABYAQSoxjQgMAgAFEEGKEoI4J5AhKCAsACTKGCAQIMMIBBRAiVAFAqJCAKWeYMVAIQyRghhAjhEMEAYEAJSAQAYlRVBgEBCMMEwCAMUQAwpADShDCrCGKAAOkMwQaBQSiwACiEDAIAGaEY4QA4h1gSDkghEFOQCEcAggAIIhADBDjFBJCCEOMEEpIYADiXgkAiAFEAEERQ4oR6YgTABAEEBBKSaAEFUIQJIwgRAFkiAGCgCAEIAwQ4gAAVADHFDCCCCIEA8Yw5IVRxABDjKGAKQwJEAYKAoRAyhJKBDFAMACYIEoQRZAATBDAiGACANIEMIQqqQDECCIhEECCWIWYUAwgYJgTQgDChEhGACKcQIopIwgABDhBwADIEAcAIMgxIIAAADhJAHFGEQaMQEAAQBQRQgjEAFDMWIKMY9IApgARBhCroEHAgUUAIEZYAwEEAGCgEClSIS6IsxIiaIBBBEEGhBAAHACIY8AALAwjAhmhjCCSCSEEYRAyABwBTgIFECHUIMYBcEQIABSSwBLCGAFOGCOMBMIwAM0SEDgkiKEACEIoRJYogQAChAmkmABAAIoAkcwoBLAQQAEgHSECIMOIBYoQQQQAQhFFlAAMEEIAoEBQDSARDggihDAIAgIAQoQQgpAihgglDVDKOeGIIIxEDRgDgiEhgHFMAA"], "date": ["1999"], "genre": ["Blues"], "musicbrainz_releasegroupid": ["e268ae59-08f5-35c5-9be2-f2d02b875e2a"], "musicbrainz_artistid": ["c8ef63fa-7547-4335-886c-354c21a3e9ed"], "originaldate": ["1999"], "musicbrainz_albumid": ["7d1b549c-cf62-4b3a-98c9-457aee0197d9"], "originalalbum": ["Change in My Pocket"], "tracknumber": ["05/12"], "artistsort": ["Anson Funderburgh & The Rockets"], "language": ["eng"], "artist": ["Anson Funderburgh & The Rockets"], "label": ["Bullseye Blues"], "albumartistsort": ["Anson Funderburgh & The Rockets"], "acoustid_id": ["6fe33e3c-4de2-4df5-8fcd-9253f2ba9afe"], "script": ["Latin"]}}, "rhythm": {"bpm_histogram_first_peak_bpm": {"dmean2": 0, "median": 129, "min": 129, "dvar2": 0, "dvar": 0, "dmean": 0, "max": 129, "var": 0, "mean": 129}, "bpm": 129.08102417, "bpm_histogram_second_peak_spread": {"dmean2": 0, "median": 0.285714298487, "min": 0.285714298487, "dvar2": 0, "dvar": 0, "dmean": 0, "max": 0.285714298487, "var": 0, "mean": 0.285714298487}, "bpm_histogram_first_peak_weight": {"dmean2": 0, "median": 0.685258984566, "min": 0.685258984566, "dvar2": 0, "dvar": 0, "dmean": 0, "max": 0.685258984566, "var": 0, "mean": 0.685258984566}, "onset_rate": 3.88242602348, "beats_position": [0.441179126501, 0.905578196049, 1.369977355, 1.83437633514, 2.29877543449, 2.76317453384, 3.22757363319, 3.69197273254, 4.15637159348, 4.62077093124, 5.08516979218, 5.54956912994, 6.01396799088, 6.48997735977, 6.96598625183, 7.4303855896, 7.89478445053, 8.37079334259, 8.85841274261, 9.34603118896, 9.82204055786, 10.3096599579, 10.7856683731, 11.2732877731, 11.749297142, 12.1904764175, 12.6432647705, 13.0960540771, 13.5604534149, 14.0364627838, 14.512471199, 15.0000905991, 15.4877090454, 15.9637184143, 16.4397277832, 16.904127121, 17.3685264587, 17.8213157654, 18.2741031647, 18.7385025024, 19.2029018402, 19.6789112091, 20.154920578, 20.6193199158, 21.0837192535, 21.548116684, 22.0125160217, 22.4769153595, 22.9413146973, 23.405714035, 23.8585033417, 24.3112926483, 24.7756919861, 25.2400894165, 25.7044887543, 26.168888092, 26.6332874298, 27.0860767365, 27.5388660431, 28.0032653809, 28.4676647186, 28.932062149, 29.3964614868, 29.8608608246, 30.3252601624, 30.8128795624, 31.2888889313, 31.7648983002, 32.2409057617, 32.7169151306, 33.1929244995, 33.6689338684, 34.1333312988, 34.5977325439, 35.0505218506, 35.514919281, 35.9793205261, 36.455329895, 36.9313354492, 37.4073448181, 37.8949661255, 38.3709754944, 38.8469848633, 39.3113822937, 39.7757797241, 40.2401809692, 40.7045783997, 41.1689796448, 41.6333770752, 42.0977783203, 42.5621757507, 43.0265769958, 43.4909744263, 43.9553718567, 44.4197731018, 44.8841705322, 45.3485717773, 45.8129692078, 46.2773704529, 46.7417678833, 47.2061653137, 47.6705665588, 48.1349639893, 48.5993652344, 49.052154541, 49.5049438477, 49.9693412781, 50.4337387085, 50.8981399536, 51.362537384, 51.8269386292, 52.2913360596, 52.7557373047, 53.2201347351, 53.6845359802, 54.1489334106, 54.6133308411, 55.0777320862, 55.5421295166, 56.0181388855, 56.4941482544, 56.9585494995, 57.4229469299, 57.8873443604, 58.3517456055, 58.8161430359, 59.280544281, 59.7681617737, 60.2325630188, 60.6969604492, 61.1613578796, 61.6257591248, 62.1017684937, 62.5777778625, 63.0305671692, 63.5065765381, 63.9709739685, 64.4353713989, 64.899772644, 65.3641738892, 65.8285675049, 66.29296875, 66.7573699951, 67.2217712402, 67.686164856, 68.1505661011, 68.5917434692, 69.0677566528, 69.543762207, 70.0081634521, 70.4725646973, 70.936958313, 71.4013595581, 71.8657608032, 72.3301544189, 72.7945556641, 73.2589569092, 73.7233581543, 74.18775177, 74.6521530151, 75.1165542603, 75.5693435669, 76.0221328735, 76.4981384277, 76.9509277344, 77.4153289795, 77.8797302246, 78.3441238403, 78.8201370239, 79.2961425781, 79.7605438232, 80.2249450684, 80.6893386841, 81.1537399292, 81.6297454834, 82.105758667, 82.5469360352, 83.0113372803, 83.4757385254, 83.9401321411, 84.4045333862, 84.8689346313, 85.3449401855, 85.7977294922, 86.2621307373, 86.7265319824, 87.1909255981, 87.6669387817, 88.1429443359, 88.6073455811, 89.0717468262, 89.5361404419, 90.000541687, 90.4765548706, 90.9525604248, 91.4169616699, 91.8813552856, 92.3457565308, 92.8101577759, 93.2861633301, 93.7505645752, 94.2265777588, 94.6909713745, 95.1669845581, 95.6429901123, 96.1073913574, 96.5717926025, 97.0361862183, 97.5005874634, 97.9649887085, 98.4409942627, 98.9170074463, 99.404624939, 99.8806304932, 100.356643677, 100.844261169, 101.331878662, 101.796279907, 102.249069214, 102.725074768, 103.189476013, 103.665489197, 104.141494751, 104.629112244, 105.128341675, 105.604354858, 106.068748474, 106.533149719, 106.997550964, 107.46194458, 107.926345825, 108.402359009, 108.866752625, 109.319541931, 109.783943176, 110.248344421, 110.712738037, 111.188751221, 111.641540527, 112.105941772, 112.570335388, 113.034736633, 113.499137878, 113.963539124, 114.416320801, 114.880722046, 115.333511353, 115.797912598, 116.262313843, 116.726707458, 117.191108704, 117.64389801, 118.096687317, 118.549476624, 119.00226593, 119.466667175, 119.907844543, 120.36063385, 120.825035095, 121.301040649, 121.765441895, 122.22983551, 122.694236755, 123.158638, 123.623039246, 124.075828552, 124.528617859, 124.993011475, 125.45741272, 125.921813965, 126.362991333, 126.827392578, 127.291786194, 127.756187439, 128.220581055, 128.6849823, 129.149383545, 129.61378479, 130.054962158, 130.519363403, 130.983764648, 131.448165894, 131.912567139, 132.376953125, 132.84135437, 133.305755615, 133.746932983, 134.211334229, 134.675735474, 135.12852478, 135.592926025, 136.057327271, 136.510116577, 136.974502563, 137.438903809, 137.891693115, 138.344482422, 138.808883667, 139.273284912, 139.726074219, 140.178863525, 140.643264771, 141.107666016, 141.572067261, 142.036453247, 142.500854492, 142.965255737, 143.429656982, 143.894058228, 144.358459473, 144.822860718, 145.287246704, 145.751647949, 146.216049194, 146.680450439, 147.144851685, 147.60925293, 148.073654175, 148.538040161, 149.002441406, 149.466842651, 149.931243896, 150.395645142, 150.860046387, 151.324447632, 151.788833618, 152.253234863, 152.729248047, 153.182037354, 153.646438599, 154.110839844, 154.575241089, 155.039627075, 155.492416382, 155.945205688, 156.409606934, 156.874008179, 157.338409424, 157.779586792, 158.243988037, 158.708389282, 159.172790527, 159.637191772, 160.101577759, 160.554367065, 161.007156372, 161.471557617, 161.924346924, 162.37713623, 162.841537476, 163.305938721, 163.758728027, 164.211517334, 164.675918579, 165.140319824, 165.604721069, 166.069107056, 166.533508301, 166.997909546, 167.462310791, 167.926712036, 168.391113281, 168.855514526, 169.319900513, 169.784301758, 170.248703003, 170.70149231, 171.177505493, 171.641906738, 172.106307983, 172.57069397, 173.035095215, 173.49949646, 173.963897705, 174.42829895, 174.892700195, 175.35710144, 175.821487427, 176.285888672, 176.750289917, 177.214691162, 177.679092407, 178.143493652, 178.607894897, 179.072280884, 179.536682129, 180.001083374, 180.465484619, 180.929885864, 181.382675171, 181.835464478, 182.299865723, 182.764266968, 183.228652954, 183.693054199, 184.157455444, 184.610244751, 185.074645996, 185.527435303, 185.968612671, 186.409790039, 186.874191284, 187.338592529, 187.802993774, 188.26739502, 188.731781006, 189.196182251, 189.683807373, 190.148208618, 190.612609863, 191.07699585, 191.541397095, 192.00579834, 192.470199585, 192.93460083, 193.399002075, 193.86340332, 194.327789307, 194.792190552, 195.256591797, 195.720993042, 196.185394287, 196.649795532, 197.125808716, 197.601806641, 198.066207886, 198.530609131, 199.018234253, 199.482620239, 199.947021484, 200.411422729, 200.875823975, 201.34022522, 201.804626465, 202.26902771, 202.733413696, 203.197814941, 203.662216187, 204.126617432, 204.591018677, 205.055419922, 205.531417847, 205.995819092, 206.460220337, 206.913009644, 207.377410889, 207.841812134, 208.306213379, 208.770614624, 209.23500061, 209.699401855, 210.175415039, 210.639816284, 211.115829468, 211.580215454, 212.056228638, 212.509017944, 212.973419189, 213.437820435, 213.90222168, 214.366622925, 214.831008911, 215.295410156, 215.759811401, 216.224212646, 216.688613892, 217.153015137, 217.617416382, 218.081817627, 218.546203613, 219.010604858, 219.475006104, 219.939407349, 220.403808594, 220.879821777, 221.355819702, 221.820220947, 222.284622192, 222.749023438, 223.225036621, 223.689422607, 224.165435791, 224.629837036, 225.094238281, 225.558639526, 226.023040771, 226.487426758, 226.963439941, 227.427841187, 227.90385437, 228.379852295, 228.867477417, 229.366714478, 229.865936279, 230.353561401, 230.841171265, 231.328796387, 231.828018188, 232.327255249, 232.826477051, 233.325714111, 233.824935913, 234.312561035], "beats_loudness": {"dmean2": 0.0194170735776, "median": 0.0350936166942, "min": 0, "dvar2": 0.000308181915898, "dvar": 0.000116743933177, "dmean": 0.0115908766165, "max": 0.0927915796638, "var": 0.000258573767496, "mean": 0.0345284044743}, "danceability": 1.23802423477, "bpm_histogram_second_peak_weight": {"dmean2": 0, "median": 0.0398406386375, "min": 0.0398406386375, "dvar2": 0, "dvar": 0, "dmean": 0, "max": 0.0398406386375, "var": 0, "mean": 0.0398406386375}, "beats_count": 503, "bpm_histogram_second_peak_bpm": {"dmean2": 0, "median": 123, "min": 123, "dvar2": 0, "dvar": 0, "dmean": 0, "max": 123, "var": 0, "mean": 123}, "bpm_histogram_first_peak_spread": {"dmean2": 0, "median": 0.258620679379, "min": 0.258620679379, "dvar2": 0, "dvar": 0, "dmean": 0, "max": 0.258620679379, "var": 0, "mean": 0.258620679379}, "beats_loudness_band_ratio": {"dmean2": [0.395897895098, 0.302035331726, 0.163400158286, 0.12913146615, 0.164267092943, 0.0982845798135], "median": [0.448083519936, 0.11370741576, 0.0961779281497, 0.086721599102, 0.129845544696, 0.0789288133383], "min": [0, 0, 0, 0, 0, 0], "dvar2": [0.082850985229, 0.0322893708944, 0.0215445682406, 0.0205396059901, 0.0258917324245, 0.0050590983592], "dvar": [0.0261037237942, 0.0102161476389, 0.00828864984214, 0.00726216845214, 0.00920374505222, 0.00162449595518], "dmean": [0.215070277452, 0.155591636896, 0.0923961028457, 0.0733204111457, 0.0988791063428, 0.0543858408928], "max": [0.936966896057, 0.803347527981, 0.82519954443, 0.740410029888, 0.781182587147, 0.253193050623], "var": [0.0486500449479, 0.0142097761855, 0.0139779532328, 0.00886694341898, 0.0125616118312, 0.00234192912467], "mean": [0.438235014677, 0.13332118094, 0.127230942249, 0.107388466597, 0.154080718756, 0.0830378681421]}}, "lowlevel": {"barkbands_spread": {"dmean2": 8.71825027466, "median": 29.3023700714, "min": 2.53733682632, "dvar2": 71.1416320801, "dvar": 30.159330368, "dmean": 5.54534196854, "max": 104.951881409, "var": 107.991706848, "mean": 29.3973255157}, "melbands_spread": {"dmean2": 14.7896671295, "median": 36.6904296875, "min": 1.50428414345, "dvar2": 208.091033936, "dvar": 90.9341278076, "dmean": 9.51203346252, "max": 165.437438965, "var": 542.853393555, "mean": 40.3177375793}, "hfc": {"dmean2": 10.6628255844, "median": 20.0707759857, "min": 1.06789328101e-16, "dvar2": 255.834655762, "dvar": 111.073493958, "dmean": 7.23043298721, "max": 139.342300415, "var": 324.011352539, "mean": 23.1245307922}, "barkbands_kurtosis": {"dmean2": 2.32412958145, "median": -0.392443239689, "min": -1.85764801502, "dvar2": 25.5478534698, "dvar": 9.43657875061, "dmean": 1.39200234413, "max": 74.6402664185, "var": 10.7281255722, "mean": 0.594835996628}, "gfcc": {"mean": [-33.8112487793, 76.1731948853, -139.697555542, 39.9799118042, -53.7700538635, 18.0067825317, -37.2472190857, 7.23984050751, -19.8078041077, 9.73286914825, -16.1109695435, -2.72179722786, -6.41989850998], "icov": [[0.000133395398734, -0.000297295191558, 0.000336950557539, -0.000339483405696, 0.000353331211954, -0.000187748897588, 0.000295373058179, -0.000282118271571, 0.000516747066285, -0.000441991986008, 0.000421342905611, -0.000342193117831, 0.000355704454705], [-0.000297295191558, 0.00259802490473, -0.000521441630553, -7.45225188439e-05, -0.000429905456258, -0.000874275399838, -0.000447247264674, 0.000716859765816, -0.00143962679431, 0.00214658956975, -0.0015927280765, 0.00251376675442, -0.00134837429505], [0.000336950557539, -0.000521441630553, 0.00227481056936, -0.000324337859638, -0.000590045761783, -0.000739968148991, 0.000960128963925, -9.915814735e-05, 0.00157229811884, -0.000694188696798, 0.00139445485547, -0.00127546011936, 0.00201013823971], [-0.000339483405696, -7.45225188439e-05, -0.000324337859638, 0.00525747006759, -0.002567574149, 0.000202203911613, -0.000167785416124, 0.001461388194, -0.00142667244654, 0.00064860942075, 0.00161656842101, 0.00125391955953, -0.00104137125891], [0.000353331211954, -0.000429905456258, -0.000590045761783, -0.002567574149, 0.00662324251607, -0.00200681085698, -0.000656370364595, -0.000855562917423, -0.000919878075365, -0.000963022815995, 0.00128584960476, -0.000103088030301, -0.000397039984819], [-0.000187748897588, -0.000874275399838, -0.000739968148991, 0.000202203911613, -0.00200681085698, 0.00701407203451, -0.000654032977764, -0.00257816235535, 0.000438592745923, 0.000444652454462, -0.000972977140918, 0.000179687631316, 0.000542612280697], [0.000295373058179, -0.000447247264674, 0.000960128963925, -0.000167785416124, -0.000656370364595, -0.000654032977764, 0.00674935989082, -0.00340036698617, 0.000105101091322, 0.000906752655283, -0.000129851818201, 0.000243266273174, -0.000116914889077], [-0.000282118271571, 0.000716859765816, -9.915814735e-05, 0.001461388194, -0.000855562917423, -0.00257816235535, -0.00340036698617, 0.0117102330551, -0.00388424098492, -0.000780062691774, 0.00101677654311, -0.00186022929847, 0.00248813279904], [0.000516747066285, -0.00143962679431, 0.00157229811884, -0.00142667244654, -0.000919878075365, 0.000438592745923, 0.000105101091322, -0.00388424098492, 0.0145621532574, -0.00328909070231, -0.00216921744868, 0.00282470579259, -0.00190502777696], [-0.000441991986008, 0.00214658956975, -0.000694188696798, 0.00064860942075, -0.000963022815995, 0.000444652454462, 0.000906752655283, -0.000780062691774, -0.00328909070231, 0.012954171747, -0.00254047010094, 0.00124956993386, -0.00192546960898], [0.000421342905611, -0.0015927280765, 0.00139445485547, 0.00161656842101, 0.00128584960476, -0.000972977140918, -0.000129851818201, 0.00101677654311, -0.00216921744868, -0.00254047010094, 0.0128592550755, -0.00558317033574, 0.00112757901661], [-0.000342193117831, 0.00251376675442, -0.00127546011936, 0.00125391955953, -0.000103088030301, 0.000179687631316, 0.000243266273174, -0.00186022929847, 0.00282470579259, 0.00124956993386, -0.00558317033574, 0.0165594499558, -0.00541549408808], [0.000355704454705, -0.00134837429505, 0.00201013823971, -0.00104137125891, -0.000397039984819, 0.000542612280697, -0.000116914889077, 0.00248813279904, -0.00190502777696, -0.00192546960898, 0.00112757901661, -0.00541549408808, 0.0144798289984]], "cov": [[41591.3945313, 2415.8605957, -3968.62939453, 1471.57922363, -1807.50256348, 304.653259277, -1209.29064941, 73.4451828003, -814.283447266, 294.330718994, -748.225952148, -142.098266602, -286.208282471], [2415.8605957, 915.147583008, -165.541809082, 258.549377441, 82.0682220459, 185.589813232, 33.5614013672, 19.4139652252, 58.2249832153, -70.878112793, -39.7521286011, -135.784957886, 10.2255945206], [-3968.62939453, -165.541809082, 1183.83276367, -34.0071983337, 318.923156738, 97.082824707, 36.7028007507, -4.12622117996, -20.4204750061, -51.7419395447, -43.8818283081, 1.91736578941, -84.0338287354], [1471.57922363, 258.549377441, -34.0071983337, 411.109191895, 135.905593872, 77.9850387573, -12.6149520874, -7.61717367172, 18.2116699219, -15.2685337067, -106.393501282, -80.1348571777, 2.90503287315], [-1807.50256348, 82.0682220459, 318.923156738, 135.905593872, 406.814208984, 131.485778809, 124.198135376, 52.2549285889, 87.5602798462, -22.068605423, -28.135723114, -50.6461181641, 7.63040208817], [304.653259277, 185.589813232, 97.082824707, 77.9850387573, 131.485778809, 255.828170776, 67.9009094238, 81.4318008423, 22.7205677032, -16.597612381, -17.6393146515, -31.5597991943, -27.1441364288], [-1209.29064941, 33.5614013672, 36.7028007507, -12.6149520874, 124.198135376, 67.9009094238, 262.809448242, 85.3445053101, 71.7992324829, -23.095161438, 29.0303764343, -17.0408935547, 12.8886938095], [73.4451828003, 19.4139652252, -4.12622117996, -7.61717367172, 52.2549285889, 81.4318008423, 85.3445053101, 151.540115356, 39.7560653687, 11.1489629745, 2.1296377182, 0.531808614731, -20.1947078705], [-814.283447266, 58.2249832153, -20.4204750061, 18.2116699219, 87.5602798462, 22.7205677032, 71.7992324829, 39.7560653687, 140.205978394, 13.7429924011, 36.1137657166, -27.1642875671, 32.1694221497], [294.330718994, -70.878112793, -51.7419395447, -15.2685337067, -22.068605423, -16.597612381, -23.095161438, 11.1489629745, 13.7429924011, 105.198570251, 17.477973938, 14.5418491364, 10.0434799194], [-748.225952148, -39.7521286011, -43.8818283081, -106.393501282, -28.135723114, -17.6393146515, 29.0303764343, 2.1296377182, 36.1137657166, 17.477973938, 143.661560059, 44.3236122131, 25.3422222137], [-142.098266602, -135.784957886, 1.91736578941, -80.1348571777, -50.6461181641, -31.5597991943, -17.0408935547, 0.531808614731, -27.1642875671, 14.5418491364, 44.3236122131, 109.748680115, 20.3364620209], [-286.208282471, 10.2255945206, -84.0338287354, 2.90503287315, 7.63040208817, -27.1441364288, 12.8886938095, -20.1947078705, 32.1694221497, 10.0434799194, 25.3422222137, 20.3364620209, 104.920387268]]}, "spectral_energyband_middle_low": {"dmean2": 0.00689631421119, "median": 0.00510048959404, "min": 1.29297546162e-22, "dvar2": 0.000143118944834, "dvar": 5.51012344658e-05, "dmean": 0.00421999627724, "max": 0.0888834521174, "var": 8.8852350018e-05, "mean": 0.00833841599524}, "melbands_crest": {"dmean2": 5.102643013, "median": 12.3560342789, "min": 1.48521864414, "dvar2": 20.5281658173, "dvar": 8.49237537384, "dmean": 3.15151548386, "max": 32.2256088257, "var": 32.0187072754, "mean": 13.2897424698}, "spectral_kurtosis": {"dmean2": 1.91551530361, "median": 3.19477915764, "min": -1.28070628643, "dvar2": 3.91497468948, "dvar": 1.34502780437, "dmean": 1.11724495888, "max": 17.5578041077, "var": 2.9248149395, "mean": 3.36160254478}, "spectral_rms": {"dmean2": 0.00125522713643, "median": 0.0042790886946, "min": 3.11652418282e-12, "dvar2": 3.02246075989e-06, "dvar": 1.26039242332e-06, "dmean": 0.000817684456706, "max": 0.0135795837268, "var": 3.63095250577e-06, "mean": 0.00421264907345}, "zerocrossingrate": {"dmean2": 0.010826616548, "median": 0.0751953125, "min": 0.0126953125, "dvar2": 0.00013952505833, "dvar": 9.79757096502e-05, "dmean": 0.00905381329358, "max": 0.52734375, "var": 0.00495975604281, "mean": 0.0850095897913}, "silence_rate_60dB": {"dmean2": 0.0446861088276, "median": 0, "min": 0, "dvar2": 0.0494055859745, "dvar": 0.0218430906534, "dmean": 0.0223408453166, "max": 1, "var": 0.0858034938574, "mean": 0.0947909429669}, "erbbands_kurtosis": {"dmean2": 1.3675621748, "median": 0.12589481473, "min": -1.73236083984, "dvar2": 3.09300279617, "dvar": 1.26535201073, "dmean": 0.863972425461, "max": 25.6437759399, "var": 2.56876420975, "mean": 0.500641107559}, "erbbands": {"dmean2": [0.111998915672, 1.01699316502, 3.35599660873, 3.92392802238, 12.3049001694, 7.98510169983, 8.67008972168, 18.1122589111, 16.1980457306, 16.2325077057, 12.5128469467, 23.6094493866, 13.0544719696, 13.8387060165, 24.1458969116, 15.6525859833, 32.7639541626, 36.0523262024, 37.8575439453, 52.7177505493, 33.5091133118, 21.5129470825, 33.00258255, 20.3479747772, 17.5080413818, 14.7313318253, 17.4892482758, 15.6494235992, 8.93269634247, 3.44765400887, 1.93245506287, 1.14789414406, 0.618874251842, 0.397927135229, 0.357752025127, 0.114305786788, 0.0227840058506, 0.0039843712002, 0.0002378730278, 2.32014535868e-05], "median": [0.0315177291632, 0.311278641224, 0.472023755312, 1.3501522541, 1.63205969334, 1.55928301811, 2.27872276306, 3.7874712944, 5.5411157608, 7.00067663193, 4.63052129745, 8.58949375153, 6.77011013031, 7.68908548355, 12.8491563797, 7.92289066315, 16.7773666382, 24.4258594513, 28.411151886, 31.7784938812, 23.1612415314, 12.5277509689, 14.8047838211, 12.2839622498, 12.403968811, 9.17062473297, 8.57254314423, 8.52838897705, 5.08450984955, 1.71687853336, 0.873617112637, 0.645171821117, 0.440140008926, 0.294599056244, 0.110927551985, 0.0257323980331, 0.00585303641856, 0.000773705716711, 3.3449356124e-05, 2.60809010797e-05], "min": [5.53675216084e-23, 4.7867014451e-22, 1.79470626969e-21, 1.90934813076e-21, 1.28870264259e-20, 1.42948668259e-20, 3.62636174414e-20, 3.72247043779e-20, 8.88677355193e-20, 1.86013312998e-19, 2.2224693868e-19, 2.67526650314e-19, 2.73824389908e-19, 4.26872164427e-19, 1.00164675562e-18, 1.1506065777e-18, 1.28221173694e-18, 1.64981162834e-18, 2.84723880006e-18, 2.85142081844e-18, 3.72196203191e-18, 4.77772242621e-18, 6.10930123269e-18, 5.74951695731e-18, 6.23689466935e-18, 7.12359837161e-18, 8.28497153216e-18, 8.55184646755e-18, 9.99660426134e-18, 1.03173542972e-17, 9.82196906323e-18, 8.59851517053e-18, 8.42541439246e-18, 8.85515870892e-18, 6.36161158544e-18, 4.04061020184e-18, 2.20289715613e-18, 9.38807395446e-19, 2.11716864858e-19, 2.69903960932e-20], "dvar2": [0.0922147706151, 8.2109746933, 92.1737823486, 67.3255691528, 703.737731934, 260.325958252, 359.419433594, 2044.07531738, 1286.63696289, 1475.56176758, 1240.328125, 3126.20605469, 664.906005859, 789.781311035, 1705.90039063, 1079.73352051, 4046.52050781, 3173.36157227, 3794.76098633, 10145.5039063, 3568.57543945, 1956.49072266, 4521.13916016, 1407.38256836, 820.797058105, 612.092407227, 1168.44958496, 906.485412598, 307.637268066, 64.5263214111, 22.1417198181, 5.24405765533, 2.21727371216, 1.09594917297, 0.733470141888, 0.0677901729941, 0.00385080697015, 0.000324585009366, 2.65876633421e-06, 2.54830956337e-09], "dvar": [0.0404665507376, 2.87552833557, 32.8073120117, 24.080083847, 265.216796875, 100.79535675, 139.866378784, 720.680786133, 531.497741699, 625.506347656, 560.337158203, 1364.35791016, 308.540466309, 361.897705078, 705.563781738, 507.331298828, 1752.44311523, 1298.50366211, 1780.57141113, 4542.56738281, 1671.37145996, 947.303649902, 1855.32641602, 687.205383301, 356.000854492, 248.212661743, 449.438995361, 348.685089111, 118.726852417, 23.8636398315, 8.45992565155, 2.12829136848, 0.931271374226, 0.481303155422, 0.327107459307, 0.0306963846087, 0.00180581305176, 0.000138945732033, 9.97549591375e-07, 9.63110591279e-10], "dmean": [0.0698702335358, 0.569882571697, 1.90869879723, 2.27687168121, 7.33666563034, 4.74707365036, 5.16070556641, 10.2714300156, 10.037147522, 10.3246183395, 8.2032289505, 15.5700626373, 8.66743373871, 8.81905078888, 15.0724630356, 10.1748571396, 20.7569656372, 22.5434780121, 24.8069419861, 34.4104232788, 21.711894989, 14.0831279755, 20.5715293884, 13.4234628677, 11.1672315598, 9.05534362793, 10.8430109024, 9.67471122742, 5.54746103287, 2.1206073761, 1.21277570724, 0.737789571285, 0.419970184565, 0.285438209772, 0.254326075315, 0.0798976570368, 0.0162410847843, 0.0026837461628, 0.000145041907672, 1.46793763633e-05], "max": [3.15415692329, 22.8119564056, 72.6901397705, 82.3986129761, 192.396347046, 160.748413086, 325.580383301, 435.955810547, 616.253051758, 553.246398926, 590.479003906, 767.01171875, 465.497558594, 555.231628418, 800.439208984, 500.224029541, 1000.87628174, 962.11706543, 1263.88757324, 2024.64306641, 1065.61523438, 751.958190918, 549.389160156, 725.783203125, 455.238555908, 255.279220581, 562.207214355, 266.153656006, 152.457015991, 70.4573822021, 57.4772109985, 28.5006446838, 26.0851993561, 23.2476615906, 13.9167947769, 4.16469049454, 1.28621006012, 0.456284970045, 0.0467354282737, 0.000741192721762], "var": [0.0423591732979, 2.07836651802, 28.6375045776, 22.35430336, 322.88494873, 173.183456421, 206.558822632, 718.899658203, 1502.12756348, 1632.2109375, 1396.9395752, 3811.85058594, 1368.24230957, 1116.78735352, 1782.28564453, 1482.90905762, 3860.56030273, 2798.60668945, 6168.56689453, 11544.3662109, 4168.41455078, 2569.92382813, 2460.09204102, 2627.28979492, 1157.37719727, 452.50592041, 713.057495117, 516.340515137, 175.086074829, 30.2226390839, 11.7323255539, 3.62667965889, 1.6146440506, 0.822436869144, 0.454758673906, 0.0424936972558, 0.00272801727988, 0.000175657289219, 8.34021989249e-07, 1.06681330436e-09], "mean": [0.0850449800491, 0.695308983326, 2.45684909821, 2.91892981529, 9.01027107239, 6.83469247818, 7.12470674515, 12.168129921, 16.8435668945, 18.485250473, 14.5135478973, 29.3349189758, 18.4339790344, 17.9413928986, 25.7826290131, 19.3840560913, 35.6837692261, 40.1070404053, 51.5706710815, 69.3073120117, 42.7753868103, 27.329788208, 30.8780727386, 29.5297489166, 23.2241439819, 16.5156593323, 18.583147049, 16.5608577728, 9.7596282959, 3.77947425842, 2.20322585106, 1.40900266171, 0.861251294613, 0.563035845757, 0.343031466007, 0.0986922755837, 0.0217771232128, 0.00337911769748, 0.000146304199006, 3.24951397488e-05]}, "spectral_strongpeak": {"dmean2": 1.30377137661, "median": 0.556179821491, "min": 0, "dvar2": 4.20890712738, "dvar": 1.80118596554, "dmean": 0.769559800625, "max": 15.1538438797, "var": 3.23119068146, "mean": 1.2881308794}, "spectral_energy": {"dmean2": 0.01420718804, "median": 0.0187683645636, "min": 9.95554114811e-21, "dvar2": 0.000585906265769, "dvar": 0.000226536634727, "dmean": 0.00885684322566, "max": 0.189015209675, "var": 0.000318613165291, "mean": 0.0219117943197}, "average_loudness": 0.945224821568, "spectral_rolloff": {"dmean2": 809.617004395, "median": 2088.72070313, "min": 64.599609375, "dvar2": 905113.9375, "dvar": 414933.25, "dmean": 488.357299805, "max": 19659.8144531, "var": 7677239, "mean": 2520.29370117}, "spectral_centroid": {"dmean2": 407.87991333, "median": 1882.58337402, "min": 391.855194092, "dvar2": 160171.90625, "dvar": 73989.6875, "dmean": 264.901672363, "max": 11787.5253906, "var": 2283335.75, "mean": 2072.49267578}, "pitch_salience": {"dmean2": 0.106720454991, "median": 0.54432529211, "min": 0.151685327291, "dvar2": 0.00881641637534, "dvar": 0.00349394138902, "dmean": 0.0659566745162, "max": 0.894044399261, "var": 0.0130175678059, "mean": 0.54527002573}, "spectral_energyband_middle_high": {"dmean2": 0.00321490014903, "median": 0.00628594309092, "min": 1.18898832196e-21, "dvar2": 1.42398221215e-05, "dvar": 6.68202619636e-06, "dmean": 0.00215106504038, "max": 0.0384745150805, "var": 3.02267417283e-05, "mean": 0.00709703145549}, "spectral_contrast_coeffs": {"dmean2": [0.0901651009917, 0.0806331038475, 0.0630697458982, 0.0559627041221, 0.0389113426208, 0.034900277853], "median": [-0.656259894371, -0.740820705891, -0.760469675064, -0.733498215675, -0.773941457272, -0.729923307896], "min": [-0.985436856747, -0.983216822147, -0.977853477001, -0.974646925926, -0.968183279037, -0.966632246971], "dvar2": [0.00607759878039, 0.00443994998932, 0.00257928413339, 0.00208451133221, 0.00114045408554, 0.00130616163369], "dvar": [0.0023913255427, 0.00168219942134, 0.001047935104, 0.000881198677234, 0.000525859300978, 0.000566556525882], "dmean": [0.0546080134809, 0.0492392331362, 0.0393295139074, 0.0355470590293, 0.0252180378884, 0.0218599233776], "max": [-0.256905138493, -0.325952470303, -0.376481801271, -0.447783589363, -0.502055048943, -0.543097138405], "var": [0.0114969434217, 0.00886661093682, 0.00675853202119, 0.00517415022478, 0.00437883939594, 0.00396835943684], "mean": [-0.658462405205, -0.73042345047, -0.754089534283, -0.733296990395, -0.768257796764, -0.734560072422]}, "melbands_skewness": {"dmean2": 1.03692603111, "median": 1.5357426405, "min": -1.53266763687, "dvar2": 1.49234676361, "dvar": 0.619963765144, "dmean": 0.657197773457, "max": 10.9528903961, "var": 1.64715218544, "mean": 1.75774800777}, "spectral_spread": {"dmean2": 630728.6875, "median": 4173613.75, "min": 2284329.75, "dvar2": 1403903672320.0, "dvar": 559304867840, "dmean": 440088.75, "max": 43761160, "var": 31940965040100.0, "mean": 5162476.5}, "dissonance": {"dmean2": 0.0251563731581, "median": 0.478663265705, "min": 0.282892674208, "dvar2": 0.000645459163934, "dvar": 0.000237731612287, "dmean": 0.0150136034936, "max": 0.499999970198, "var": 0.000546201714315, "mean": 0.472351133823}, "spectral_skewness": {"dmean2": 0.305129557848, "median": 1.24654245377, "min": -0.0950636789203, "dvar2": 0.088377289474, "dvar": 0.0333713926375, "dmean": 0.186244949698, "max": 2.92820978165, "var": 0.145290926099, "mean": 1.26240479946}, "spectral_flux": {"dmean2": 0.0402041524649, "median": 0.0699776262045, "min": 6.29951854569e-11, "dvar2": 0.00233282381669, "dvar": 0.00112911930773, "dmean": 0.0260319616646, "max": 0.392865926027, "var": 0.00241701863706, "mean": 0.0789824649692}, "spectral_contrast_valleys": {"dmean2": [0.682338953018, 0.622821390629, 0.552657544613, 0.497519880533, 0.43076813221, 0.330328583717], "median": [-7.49189424515, -7.00673437119, -7.37419128418, -7.36429452896, -7.37812995911, -10.0467338562], "min": [-28.4275779724, -28.2368