{"tonal": {"thpcp": [1, 0.523031890392, 0.173290923238, 0.275114059448, 0.165115118027, 0.124334976077, 0.218224436045, 0.139648124576, 0.274446159601, 0.494727909565, 0.280482441187, 0.153444215655, 0.219601243734, 0.160804390907, 0.354188233614, 0.521500706673, 0.253314852715, 0.0674660429358, 0.0773240923882, 0.0653234496713, 0.27961653471, 0.478156477213, 0.271430641413, 0.273247897625, 0.474916309118, 0.271421194077, 0.0677702799439, 0.0701516270638, 0.0497036017478, 0.203173160553, 0.372828215361, 0.209295213223, 0.111019052565, 0.167529895902, 0.126121148467, 0.571022689342], "hpcp": {"dmean2": [0.0397857837379, 0.0319353602827, 0.0770463347435, 0.106233887374, 0.0756744965911, 0.0508472323418, 0.0669967606664, 0.0800903439522, 0.181810677052, 0.207149133086, 0.16636057198, 0.0897722393274, 0.0951323583722, 0.0703509971499, 0.0580228418112, 0.0818295031786, 0.0692335292697, 0.103498898447, 0.144039034843, 0.116001956165, 0.0782664641738, 0.0796000882983, 0.0836365371943, 0.133540198207, 0.145092964172, 0.0996907949448, 0.0429076105356, 0.0382689163089, 0.0483369417489, 0.112904295325, 0.160285443068, 0.132133230567, 0.122530661523, 0.158016636968, 0.112046740949, 0.046791151166], "median": [0.00376133807003, 0.00392438843846, 0.0132904211059, 0.019709251821, 0.0132694337517, 0.00726474355906, 0.00559119367972, 0.0105050094426, 0.167198002338, 0.298891812563, 0.151707202196, 0.0141986059025, 0.00622018333524, 0.00704303150997, 0.00895420927554, 0.00872100889683, 0.00976416841149, 0.0288438871503, 0.0401746146381, 0.0319631062448, 0.0115481764078, 0.00815422087908, 0.0120608042926, 0.0344235599041, 0.036726873368, 0.0185793191195, 0.00387451145798, 0.002283916343, 0.00327308196574, 0.0311919897795, 0.0559805259109, 0.0379146039486, 0.0368018038571, 0.0460872277617, 0.0283640809357, 0.00709787663072], "min": [0, 0, 0, 0, 0, 0, 0, 0, 0, 0, 0, 0, 0, 0, 0, 0, 0, 0, 0, 0, 0, 0, 0, 0, 0, 0, 0, 0, 0, 0, 0, 0, 0, 0, 0, 0], "dvar2": [0.0156031521037, 0.00876055192202, 0.0209356285632, 0.0458313003182, 0.0211001913995, 0.0120027931407, 0.0283851046115, 0.0246461443603, 0.0554488822818, 0.0843071341515, 0.0448626242578, 0.026150919497, 0.0412591844797, 0.0190991666168, 0.0147334234789, 0.0320186503232, 0.0216575805098, 0.0287475585938, 0.0609964430332, 0.0349958837032, 0.0270477402955, 0.0339941233397, 0.027744974941, 0.0633108094335, 0.0622030384839, 0.0295372530818, 0.0109693640843, 0.0125231901184, 0.0126509536058, 0.0342499800026, 0.0641902238131, 0.0438900403678, 0.0382259823382, 0.0684811919928, 0.0361192561686, 0.0134656829759], "dvar": [0.00712576601654, 0.00334687461145, 0.00890372600406, 0.0232113394886, 0.00926862284541, 0.0053226002492, 0.0138321490958, 0.00949578732252, 0.0232635550201, 0.0438970476389, 0.0192442983389, 0.0104763591662, 0.020303921774, 0.00862701609731, 0.00623217597604, 0.0151709942147, 0.00871797837317, 0.0119297262281, 0.0300081223249, 0.0143293738365, 0.0109698474407, 0.0168073885143, 0.0103736706078, 0.0239801686257, 0.0302697364241, 0.0122449202463, 0.00430637132376, 0.00577904656529, 0.00464557250962, 0.0143903670833, 0.031186921522, 0.0172415301204, 0.0151619911194, 0.0326503068209, 0.0150227546692, 0.0052631823346], "dmean": [0.0244968011975, 0.0187618695199, 0.0480049476027, 0.0664608851075, 0.0473618209362, 0.0315959006548, 0.0409607701004, 0.0462013222277, 0.112179853022, 0.128858625889, 0.105164542794, 0.0538291037083, 0.0594485588372, 0.0432542748749, 0.0360344573855, 0.0519919656217, 0.0418948195875, 0.0645510032773, 0.089758336544, 0.0707699805498, 0.0468778386712, 0.0495280064642, 0.0491158217192, 0.0802990198135, 0.0898832604289, 0.0604232177138, 0.0251924097538, 0.0234964042902, 0.0277670044452, 0.0712748765945, 0.100286751986, 0.0790001004934, 0.0748500674963, 0.0997853502631, 0.0697527676821, 0.0276227910072], "max": [1, 1, 1, 1, 1, 1, 1, 1, 1, 1, 1, 1, 1, 1, 1, 1, 1, 1, 1, 1, 1, 1, 1, 1, 1, 1, 1, 1, 1, 1, 1, 1, 1, 1, 1, 1], "var": [0.0118244122714, 0.00403046607971, 0.0255586262792, 0.0925244763494, 0.0296123828739, 0.0129607897252, 0.0399533361197, 0.0146888233721, 0.0635357499123, 0.175788417459, 0.054172642529, 0.0202317014337, 0.0711935460567, 0.0248461831361, 0.0140975369141, 0.0469354614615, 0.017742510885, 0.0351667553186, 0.113399982452, 0.0360375083983, 0.0218102969229, 0.0542344637215, 0.0201749056578, 0.0576435104012, 0.11846049875, 0.0325594320893, 0.00763530051336, 0.0157280936837, 0.00643829582259, 0.0363313928246, 0.0972068160772, 0.0320264957845, 0.0319381058216, 0.102117091417, 0.0353398062289, 0.00576212257147], "mean": [0.0315350033343, 0.0223430767655, 0.0913316830993, 0.16759608686, 0.0940837040544, 0.0499059855938, 0.0753090977669, 0.0566947720945, 0.256689727306, 0.449526309967, 0.235116586089, 0.0778988301754, 0.123671002686, 0.0742235928774, 0.05589184165, 0.0980976223946, 0.0627755075693, 0.12337077409, 0.222393214703, 0.126084238291, 0.068977214396, 0.0987165346742, 0.0722858011723, 0.159216925502, 0.234428301454, 0.113871686161, 0.0303277615458, 0.0347592122853, 0.0293646100909, 0.125694990158, 0.214943915606, 0.122015208006, 0.122832119465, 0.213487371802, 0.122010968626, 0.0304645244032]}, "tuning_equal_tempered_deviation": 0, "chords_changes_rate": 0.0340858772397, "key_key": "F", "tuning_diatonic_strength": 0.442992925644, "key_scale": "minor", "chords_number_rate": 0.00110668432899, "tuning_frequency": 442.03793335, "tuning_nontempered_energy_ratio": 0.593309044838, "chords_histogram": [26.4054889679, 20.4404602051, 14.6525011063, 6.68437337875, 2.01416563988, 0.509074807167, 0, 0.74147850275, 0.221336871386, 12.1071271896, 1.70429396629, 4.73660898209, 0.0110668437555, 0, 0.531208515167, 0.0110668437555, 0.210270032287, 0.276671081781, 0, 0, 0.940681695938, 0.143868967891, 3.89552903175, 3.76272678375], "key_strength": 0.723582804203, "chords_key": "F", "chords_strength": {"dmean2": 0.00557036092505, "median": 0.500886440277, "min": 0.214484706521, "dvar2": 3.07680602418e-05, "dvar": 3.96278192056e-05, "dmean": 0.00741417193785, "max": 0.720740139484, "var": 0.00946017540991, "mean": 0.499788820744}, "chords_scale": "minor", "hpcp_entropy": {"dmean2": 0.772311031818, "median": 1.45083558559, "min": 0, "dvar2": 0.51096957922, "dvar": 0.208359092474, "dmean": 0.463118374348, "max": 3.43590569496, "var": 0.427756696939, "mean": 1.39356851578}}, "metadata": {"audio_properties": {"equal_loudness": 0, "codec": "mp3", "downmix": "mix", "sample_rate": 44100, "analysis_sample_rate": 44100, "bit_rate": 192000, "md5_encoded": "bb811dfdf5e57a3947fcbc69b955a8e7", "length": 419.552642822, "replay_gain": -2.16526985168, "lossless": false}, "version": {"essentia_build_sha": "70f2e5ece6736b2c40cc944ad0e695b16b925413", "essentia": "2.1-beta2", "extractor": "music 1.0", "essentia_git_sha": "v2.1_beta2"}, "tags": {"musicbrainz_recordingid": ["106aa7b0-2465-46c4-b7b5-f0d6388ec966"], "file_name": "1495956.mp3"}}, "rhythm": {"bpm_histogram_first_peak_bpm": {"dmean2": 0, "median": 112, "min": 112, "dvar2": 0, "dvar": 0, "dmean": 0, "max": 112, "var": 0, "mean": 112}, "bpm": 112.35533905, "bpm_histogram_second_peak_spread": {"dmean2": 0, "median": 0.322709202766, "min": 0.322709202766, "dvar2": 0, "dvar": 0, "dmean": 0, "max": 0.322709202766, "var": 0, "mean": 0.322709202766}, "bpm_histogram_first_peak_weight": {"dmean2": 0, "median": 0.236775815487, "min": 0.236775815487, "dvar2": 0, "dvar": 0, "dmean": 0, "max": 0.236775815487, "var": 0, "mean": 0.236775815487}, "onset_rate": 2.6741476059, "beats_position": [0.545668900013, 1.10294783115, 1.63700675964, 2.15945577621, 2.67029476166, 3.19274377823, 3.70358276367, 4.20281171799, 4.73687076569, 5.28253936768, 5.8282084465, 6.3622674942, 6.8963265419, 7.4303855896, 7.96444416046, 8.48689365387, 8.99773216248, 9.52018165588, 10.0542402267, 10.5534696579, 11.0526981354, 11.5403175354, 12.0395460129, 12.5503854752, 13.0496139526, 13.5488433838, 14.0480718613, 14.5356912613, 15.0465307236, 15.5573692322, 16.0682086945, 16.5790481567, 17.0898857117, 17.600725174, 18.1115646362, 18.6224040985, 19.1332416534, 19.6440811157, 20.1781406403, 20.7121982574, 21.2810878754, 21.8383674622, 22.3724250793, 22.918094635, 23.4753742218, 23.9978218079, 24.5202713013, 25.0543308258, 25.6000003815, 26.1340579987, 26.6681175232, 27.2021770477, 27.7362346649, 28.2586841583, 28.7811336517, 29.3035831451, 29.8144207001, 30.3136501312, 30.8128795624, 31.3237190247, 31.8461666107, 32.3686180115, 32.9026756287, 33.4251251221, 33.9475746155, 34.4816322327, 35.0273017883, 35.572971344, 36.118637085, 36.6526985168, 37.186756134, 37.7208137512, 38.2548751831, 38.7889328003, 39.3229942322, 39.8454399109, 40.3795013428, 40.91355896, 41.4476165771, 41.981678009, 42.5273475647, 43.0730133057, 43.6186828613, 44.164352417, 44.6984100342, 45.2324714661, 45.7665290833, 46.3005905151, 46.8346481323, 47.3570976257, 47.8795471191, 48.4136047363, 48.9476623535, 49.4701118469, 49.9925613403, 50.5150108337, 51.0374603271, 51.5482978821, 52.0591392517, 52.5931968689, 53.1040344238, 53.6264839172, 54.1489334106, 54.6597709656, 55.1706123352, 55.7046699524, 56.2155075073, 56.7495689392, 57.2836265564, 57.8176841736, 58.3749656677, 58.9322433472, 59.4663009644, 59.9887504578, 60.4995918274, 61.0220413208, 61.556098938, 62.0669364929, 62.5661659241, 63.0886154175, 63.6110649109, 64.1799545288, 64.748840332, 65.3177337646, 65.8634033203, 66.409072876, 66.9315185547, 67.4539642334, 67.9764175415, 68.4988632202, 69.0097045898, 69.5205459595, 70.0546035767, 70.5886611938, 71.145942688, 71.6451721191, 72.1444015503, 72.6552352905, 73.1544647217, 73.6536941528, 74.1645355225, 74.6753692627, 75.1629943848, 75.673828125, 76.1846694946, 76.6955108643, 77.2063446045, 77.7404098511, 78.2628555298, 78.8085250854, 79.3541946411, 79.8998641968, 80.433921814, 80.9679794312, 81.5020370483, 82.0244903564, 82.5585479736, 83.0809936523, 83.6150588989, 84.1375045776, 84.6599502563, 85.1824035645, 85.7164611816, 86.2505187988, 86.7729721069, 87.2838058472, 87.8178634644, 88.3403167725, 88.8511581421, 89.3503875732, 89.8612213135, 90.3720626831, 90.9061203003, 91.4401779175, 91.9742355347, 92.5199050903, 93.065574646, 93.6112442017, 94.1569137573, 94.702583313, 95.2482528687, 95.8055343628, 96.3628082275, 96.9084777832, 97.4541473389, 97.9998168945, 98.5454864502, 99.0911560059, 99.6368255615, 100.182495117, 100.728164673, 101.26222229, 101.796279907, 102.330337524, 102.864395142, 103.398452759, 103.944122314, 104.48979187, 105.035461426, 105.569519043, 106.10358429, 106.649246216, 107.183311462, 107.71736908, 108.251426697, 108.773872375, 109.307937622, 109.830383301, 110.34122467, 110.840454102, 111.36289978, 111.87374115, 112.396186829, 112.918640137, 113.452697754, 113.963539124, 114.497596741, 115.008430481, 115.542495728, 116.064941406, 116.598999023, 117.109840393, 117.678726196, 118.259223938, 118.851333618, 119.43183136, 120.02394104, 120.569610596, 121.115280151, 121.660949707, 122.206619263, 122.74067688, 123.274734497, 123.808792114, 124.342857361, 124.888526917, 125.422584534, 125.968254089, 126.490699768, 127.024757385, 127.547210693, 128.104492188, 128.661773682, 129.207427979, 129.753097534, 130.28717041, 130.821228027, 131.355285645, 131.877731323, 132.400177002, 132.922622681, 133.456680298, 133.990753174, 134.513198853, 135.04725647, 135.55809021, 136.068939209, 136.579772949, 137.102218628, 137.636276245, 138.205169678, 138.762451172, 139.296508789, 139.842178345, 140.3878479, 140.933517456, 141.479187012, 142.024856567, 142.570526123, 143.081359863, 143.580581665, 144.068206787, 144.567428589, 145.078277588, 145.589111328, 146.111557007, 146.634017944, 147.179672241, 147.725341797, 148.271011353, 148.816680908, 149.362350464, 149.90802002, 150.430480957, 150.964538574, 151.498596191, 152.044265747, 152.578323364, 153.100769043, 153.623214722, 154.157272339, 154.691329956, 155.225387573, 155.759460449, 156.293518066, 156.839187622, 157.373245239, 157.930511475, 158.487792969, 159.033462524, 159.590744019, 160.136413574, 160.658859253, 161.169708252, 161.692153931, 162.214599609, 162.72543335, 163.213058472, 163.723892212, 164.246353149, 164.768798828, 165.291244507, 165.825302124, 166.347747803, 166.88180542, 167.404266357, 167.938323975, 168.460769653, 168.994827271, 169.528884888, 170.051330566, 170.573776245, 171.107849121, 171.653518677, 172.187576294, 172.721633911, 173.24407959, 173.766525269, 174.277359009, 174.788208008, 175.310653687, 175.821487427, 176.332336426, 176.831558228, 177.330795288, 177.83001709, 178.32925415, 178.851699829, 179.374145508, 179.884979248, 180.407440186, 180.929885864, 181.440719604, 181.951568604, 182.450790405, 182.973236084, 183.495681763, 184.006530762, 184.517364502, 185.039810181, 185.562271118, 186.084716797, 186.595550537, 187.106384277, 187.617233276, 188.128067017, 188.627304077, 189.126525879, 189.648971558, 190.148208618, 190.659042358, 191.169876099, 191.680725098, 192.191558838, 192.702392578, 193.201629639, 193.70085144, 194.200088501, 194.699310303, 195.210159302, 195.720993042, 196.243438721, 196.765899658, 197.276733398, 197.787567139, 198.298416138, 198.809249878, 199.331695557, 199.854141235, 200.376602173, 200.875823975, 201.386657715, 201.897506714, 202.408340454, 202.942398071, 203.453231812, 203.964080811, 204.474914551, 204.985748291, 205.49659729, 205.995819092, 206.518280029, 207.075546265, 207.632827759, 208.166885376, 208.712554932, 209.258224487, 209.792282104, 210.314727783, 210.837188721, 211.359634399, 211.882080078, 212.381317139, 212.88053894, 213.379776001, 213.913833618, 214.436279297, 214.947113037, 215.481170654, 216.003631592, 216.526077271, 217.048522949, 217.570968628, 218.105026245, 218.639083862, 219.173141479, 219.707214355, 220.241271973, 220.77532959, 221.28616333, 221.79699707, 222.307846069, 222.841903687, 223.375961304, 223.910018921, 224.490524292, 225.071014404, 225.651519775, 226.197189331, 226.742858887, 227.276916504, 227.82258606, 228.368255615, 228.902313232, 229.43637085, 229.970428467, 230.492874146, 231.003707886, 231.502944946, 232.002166748, 232.501403809, 233.012237549, 233.523086548, 234.02230835, 234.521530151, 235.009155273, 235.496780396, 235.984390259, 236.518447876, 237.052505493, 237.598175049, 238.132247925, 238.677902222, 239.211975098, 239.746032715, 240.268478394, 240.802536011, 241.336593628, 241.882263184, 242.427932739, 242.973602295, 243.519271851, 244.064941406, 244.610610962, 245.156280518, 245.701950073, 246.247619629, 246.781677246, 247.327346802, 247.873016357, 248.407073975, 248.941131592, 249.475189209, 250.009246826, 250.543304443, 251.065750122, 251.58821106, 252.122268677, 252.656326294, 253.178771973, 253.701217651, 254.235275269, 254.757720947, 255.280181885, 255.779403687, 256.301849365, 256.812683105, 257.346740723, 257.85760498, 258.3800354, 258.902496338, 259.436553955, 259.947387695, 260.458221436, 260.957458496, 261.468292236, 261.979125977, 262.501586914, 263.047241211, 263.604522705, 264.161804199, 264.707489014, 265.241546631, 265.775604248, 266.309661865, 266.843719482, 267.3777771, 267.911834717, 268.445892334, 268.979949951, 269.502410889, 270.024841309, 270.558898926, 271.10458374, 271.650238037, 272.207519531, 272.753204346, 273.298858643, 273.83291626, 274.366973877, 274.901031494, 275.423492432, 275.945922852, 276.468383789, 276.990844727, 277.513275146, 278.047332764, 278.569793701, 279.080627441, 279.591461182, 280.102294922, 280.601531982, 281.100769043, 281.588378906, 282.06439209, 282.586853027, 283.120910645, 283.654968262, 284.189025879, 284.734680176, 285.29196167, 285.837646484, 286.383300781, 286.905761719, 287.428192139, 287.939056396, 288.449890137, 288.960723877, 289.483154297, 290.005615234, 290.516448975, 291.015686035, 291.561340332, 292.107025146, 292.652679443, 293.198364258, 293.732421875, 294.266479492, 294.800537109, 295.322998047, 295.857055664, 296.379486084, 296.901947021, 297.424407959, 297.958465576, 298.492523193, 299.026580811, 299.560638428, 300.083068848, 300.617126465, 301.151184082, 301.708465576, 302.254150391, 302.788208008, 303.322265625, 303.856323242, 304.390380859, 304.877990723, 305.377227783, 305.876464844, 306.364074707, 306.840087891, 307.327697754, 307.850158691, 308.384216309, 308.906646729, 309.452331543, 309.98638916, 310.520446777, 311.019683838, 311.530517578, 312.041351318, 312.563812256, 313.074645996, 313.597106934, 314.131164551, 314.653594971, 315.187652588, 315.721710205, 316.255767822, 316.766601562, 317.2890625, 317.811523438, 318.322357178, 318.833190918, 319.344024658, 319.854858398, 320.354095459, 320.85333252, 321.36416626, 321.86340332, 322.362609863, 322.861846924, 323.361083984, 323.871917725, 324.382751465, 324.881988525, 325.381225586, 325.892059326, 326.414520264, 326.936950684, 327.447784424, 327.970245361, 328.481079102, 328.991912842, 329.514373779, 330.02520752, 330.53604126, 331.046875, 331.557739258, 332.068572998, 332.567779541, 333.078643799, 333.577850342, 334.0887146, 334.576324463, 335.052337646, 335.53994751, 336.062408447, 336.584838867, 337.118896484, 337.618133545, 338.117370605, 338.628204346, 339.150665283, 339.673095703, 340.195556641, 340.706390381, 341.217224121, 341.728057861, 342.238891602, 342.749755859, 343.2605896, 343.77142334, 344.28225708, 344.79309082, 345.303924561, 345.814788818, 346.325622559, 346.836456299, 347.347290039, 347.869750977, 348.368988037, 348.879821777, 349.390655518, 349.901489258, 350.435546875, 350.992828369, 351.550109863, 352.107391357, 352.641448975, 353.187103271, 353.709564209, 354.232025146, 354.754455566, 355.288513184, 355.799346924, 356.310211182, 356.797821045, 357.308654785, 357.796264648, 358.295501709, 358.79473877, 359.29397583, 359.793182373, 360.292419434, 360.791656494, 361.302490234, 361.801727295, 362.300933838, 362.811798096, 363.322631836, 363.810241699, 364.321075439, 364.83190918, 365.342773438, 365.853607178, 366.376037598, 366.898498535, 367.432556152, 367.95501709, 368.489074707, 369.011505127, 369.522338867, 370.033203125, 370.544036865, 371.043243408, 371.542480469, 372.041717529, 372.54095459, 373.040161133, 373.539398193, 374.038635254, 374.549468994, 375.060302734, 375.559539795, 376.082000732, 376.604431152, 377.115264893, 377.62612915, 378.136962891, 378.636169434, 379.147033691, 379.646240234, 380.145477295, 380.667938232, 381.190368652, 381.71282959, 382.258483887, 382.804168701, 383.349822998, 383.907104492, 384.464385986, 385.010070801, 385.555725098, 386.113006592, 386.658691406, 387.215942383, 387.761627197, 388.307281494, 388.841339111, 389.375427246, 389.897857666, 390.44354248, 391.000823975, 391.569702148, 392.126983643, 392.66104126, 393.195098877, 393.740753174, 394.286437988, 394.832092285, 395.354553223, 395.87701416, 396.411071777, 396.945129395, 397.479187012, 398.001617432, 398.512451172, 399.02331543, 399.522521973, 400.04498291, 400.567443848, 401.101501465, 401.612335205, 402.123168945, 402.634002686, 403.156463623, 403.678894043, 404.20135498, 404.712188721, 405.223022461, 405.733856201, 406.256317139, 406.778778076, 407.33605957, 407.893341064, 408.450592041, 409.054321289, 409.669647217, 410.296600342, 410.91192627, 411.527252197, 412.142578125, 412.757904053, 413.361633301, 413.965332031, 414.580657959, 415.184387207, 415.799713135, 416.415039062, 417.03036499, 417.645721436, 418.261047363, 418.864746094], "beats_loudness": {"dmean2": 0.0205961521715, "median": 0.00850022397935, "min": 1.65604603808e-07, "dvar2": 0.000768729136325, "dvar": 0.000333240895998, "dmean": 0.012239575386, "max": 0.160303846002, "var": 0.000836093851831, "mean": 0.0219012256712}, "danceability": 0.857013225555, "bpm_histogram_second_peak_weight": {"dmean2": 0, "median": 0.214105799794, "min": 0.214105799794, "dvar2": 0, "dvar": 0, "dmean": 0, "max": 0.214105799794, "var": 0, "mean": 0.214105799794}, "beats_count": 795, "bpm_histogram_second_peak_bpm": {"dmean2": 0, "median": 117, "min": 117, "dvar2": 0, "dvar": 0, "dmean": 0, "max": 117, "var": 0, "mean": 117}, "bpm_histogram_first_peak_spread": {"dmean2": 0, "median": 0.617886185646, "min": 0.617886185646, "dvar2": 0, "dvar": 0, "dmean": 0, "max": 0.617886185646, "var": 0, "mean": 0.617886185646}, "beats_loudness_band_ratio": {"dmean2": [0.122039824724, 0.336865752935, 0.398549407721, 0.205711111426, 0.0152904791757, 0.000930420239456], "median": [0.0610980242491, 0.263617366552, 0.504603922367, 0.061633143574, 0.00584580143914, 0.000115837028716], "min": [0.00108284177259, 9.34404597501e-05, 4.55579865957e-05, 1.53896271513e-05, 1.58089987963e-05, 1.09042298391e-06], "dvar2": [0.0171290505677, 0.0801059007645, 0.0990470722318, 0.0869485884905, 0.000399419601308, 9.10658582143e-06], "dvar": [0.00700256694108, 0.0281913112849, 0.0368925742805, 0.03033622168, 0.000136372400448, 2.98564987133e-06], "dmean": [0.0718734115362, 0.194622918963, 0.229048371315, 0.116528011858, 0.00848721899092, 0.000497976550832], "max": [0.999414205551, 0.896877884865, 0.986414372921, 0.955509781837, 0.106467083097, 0.0287818331271], "var": [0.0270603485405, 0.0467168465257, 0.0667582601309, 0.0318009927869, 0.000136735732667, 1.79670360012e-06], "mean": [0.112391881645, 0.302690297365, 0.50895011425, 0.1318782866, 0.00981414597481, 0.000449973595096]}}, "lowlevel": {"barkbands_spread": {"dmean2": 1.60177123547, "median": 4.2587518692, "min": 0.103679426014, "dvar2": 3.41634750366, "dvar": 1.39970195293, "dmean": 1.01421964169, "max": 37.1829833984, "var": 6.3980679512, "mean": 4.66164016724}, "melbands_spread": {"dmean2": 2.22225546837, "median": 6.5322599411, "min": 0.0274092722684, "dvar2": 8.70710372925, "dvar": 4.47055149078, "dmean": 1.43555724621, "max": 145.223052979, "var": 20.3422641754, "mean": 7.29395055771}, "hfc": {"dmean2": 3.01774835587, "median": 3.09151053429, "min": 1.14234873438e-16, "dvar2": 46.6608963013, "dvar": 25.9665603638, "dmean": 2.1346218586, "max": 154.797988892, "var": 150.887969971, "mean": 8.22636413574}, "barkbands_kurtosis": {"dmean2": 21.9409046173, "median": 2.39402937889, "min": -1.7025398016, "dvar2": 29565.9765625, "dvar": 10488.0634766, "dmean": 13.0274896622, "max": 3897.19750977, "var": 14319.0478516, "mean": 17.8778629303}, "gfcc": {"mean": [-232.473907471, 231.026504517, -131.82901001, -50.3968734741, -36.843662262, -31.170589447, -25.2136707306, -13.7513284683, -7.5739736557, -9.31481552124, -4.21147918701, -9.77123641968, -2.27861189842], "icov": [[0.000521009904332, -0.000910854316317, 0.00114176527131, -0.00126339285634, 0.00126509834081, -0.000214637228055, 0.000325556000462, -0.000312108342769, 0.000137897295645, 0.000232234757277, 7.06423234078e-05, 2.41730358539e-05, 0.000470172555652], [-0.000910854316317, 0.00425108103082, -0.00217540143058, 0.00409617694095, -0.00432812329382, 0.00143901153933, -0.00118317385204, 0.0040749842301, -0.00178825622424, 0.00218281452544, -0.00143584760372, 0.00307710166089, -0.00188246334437], [0.00114176527131, -0.00217540143058, 0.00468876119703, -0.00269336625934, 0.00194892694708, -0.00261192815378, 0.00313967000693, -0.00215466669761, 0.000911465496756, -0.00141392415389, 0.00241749035195, -0.000713999208529, 0.00170847494155], [-0.00126339285634, 0.00409617694095, -0.00269336625934, 0.00638666935265, -0.00468205101788, 0.000671957910527, -0.0025381622836, 0.00374272745103, -0.00126881804317, 0.000869191833772, -4.47654201707e-05, 0.00159863568842, -0.000786497839727], [0.00126509834081, -0.00432812329382, 0.00194892694708, -0.00468205101788, 0.00900874566287, -0.000272244418738, 1.70045732375e-05, -0.00434784544632, 0.00327149732038, -0.000286565715214, -0.000383155012969, -0.00201261695474, 0.00238478812389], [-0.000214637228055, 0.00143901153933, -0.00261192815378, 0.000671957910527, -0.000272244418738, 0.00724148098379, -0.00322846206836, 0.000880275387317, 0.000907903362531, 0.00173314218409, -0.000459320057416, -0.00129424734041, -0.000486918870592], [0.000325556000462, -0.00118317385204, 0.00313967000693, -0.0025381622836, 1.70045732375e-05, -0.00322846206836, 0.0103112319484, -0.00468259677291, 0.000555077625904, -0.00118968414608, 0.00180618267041, -0.000970626017079, -0.000660006480757], [-0.000312108342769, 0.0040749842301, -0.00215466669761, 0.00374272745103, -0.00434784544632, 0.000880275387317, -0.00468259677291, 0.0156784765422, -0.00727981468663, 0.00243314960971, -0.00144731684122, 0.00372535479255, -0.00122523750179], [0.000137897295645, -0.00178825622424, 0.000911465496756, -0.00126881804317, 0.00327149732038, 0.000907903362531, 0.000555077625904, -0.00727981468663, 0.014427726157, -0.00464570755139, 2.54039096035e-05, -0.00158253894188, 0.00262943678536], [0.000232234757277, 0.00218281452544, -0.00141392415389, 0.000869191833772, -0.000286565715214, 0.00173314218409, -0.00118968414608, 0.00243314960971, -0.00464570755139, 0.0142168384045, -0.00665549002588, 0.00220116903074, -0.00075833464507], [7.06423234078e-05, -0.00143584760372, 0.00241749035195, -4.47654201707e-05, -0.000383155012969, -0.000459320057416, 0.00180618267041, -0.00144731684122, 2.54039096035e-05, -0.00665549002588, 0.0184769928455, -0.00919754151255, 0.00469853822142], [2.41730358539e-05, 0.00307710166089, -0.000713999208529, 0.00159863568842, -0.00201261695474, -0.00129424734041, -0.000970626017079, 0.00372535479255, -0.00158253894188, 0.00220116903074, -0.00919754151255, 0.0195358768106, -0.00839656870812], [0.000470172555652, -0.00188246334437, 0.00170847494155, -0.000786497839727, 0.00238478812389, -0.000486918870592, -0.000660006480757, -0.00122523750179, 0.00262943678536, -0.00075833464507, 0.00469853822142, -0.00839656870812, 0.0153677808121]], "cov": [[15477.4521484, 1965.35705566, -3474.85302734, 704.211608887, -571.460449219, -1024.89416504, 211.292434692, -698.072692871, -30.252040863, -636.022033691, -1.73527824879, -462.024597168, -78.9260787964], [1965.35705566, 1764.95739746, -358.485778809, -557.870910645, 196.61618042, -382.163299561, -164.003890991, -256.889068604, -60.7332038879, -217.960449219, -10.6371278763, -201.846176147, -10.1695194244], [-3474.85302734, -358.485778809, 1232.14916992, -43.383140564, 128.760162354, 330.209838867, -122.584190369, 133.998626709, -22.6208438873, 117.714942932, -66.1805725098, 58.388885498, -19.0862598419], [704.211608887, -557.870910645, -43.383140564, 673.334228516, 17.7826328278, 119.685798645, 145.268539429, 16.8937530518, -17.9807853699, -2.55512595177, -35.3666725159, 18.4593753815, -18.1302909851], [-571.460449219, 196.61618042, 128.760162354, 17.7826328278, 293.655700684, 12.7815494537, 18.13215065, 22.8307857513, -37.8136329651, -18.9947376251, 0.820752799511, -4.99364423752, -11.8490715027], [-1024.89416504, -382.163299561, 330.209838867, 119.685798645, 12.7815494537, 322.882385254, 65.2106781006, 66.5042877197, -27.6770153046, 26.6495876312, -22.3177108765, 70.6027450562, 21.7579250336], [211.292434692, -164.003890991, -122.584190369, 145.268539429, 18.13215065, 65.2106781006, 192.957489014, 54.5513839722, 8.60931587219, -1.67877626419, -4.42197942734, 20.9659023285, 17.648645401], [-698.072692871, -256.889068604, 133.998626709, 16.8937530518, 22.8307857513, 66.5042877197, 54.5513839722, 164.50630188, 59.2858848572, 50.1151351929, 5.45850419998, 21.3046512604, -7.81910848618], [-30.252040863, -60.7332038879, -22.6208438873, -17.9807853699, -37.8136329651, -27.6770153046, 8.60931587219, 59.2858848572, 122.398193359, 52.2747497559, 24.7743453979, 0.527470052242, -20.4809894562], [-636.022033691, -217.960449219, 117.714942932, -2.55512595177, -18.9947376251, 26.6495876312, -1.67877626419, 50.1151351929, 52.2747497559, 146.999038696, 47.5387420654, 35.8106079102, -9.40087604523], [-1.73527824879, -10.6371278763, -66.1805725098, -35.3666725159, 0.820752799511, -22.3177108765, -4.42197942734, 5.45850419998, 24.7743453979, 47.5387420654, 101.410049438, 40.9677352905, -6.80604410172], [-462.024597168, -201.846176147, 58.388885498, 18.4593753815, -4.99364423752, 70.6027450562, 20.9659023285, 21.3046512604, 0.527470052242, 35.8106079102, 40.9677352905, 119.486328125, 43.9106483459], [-78.9260787964, -10.1695194244, -19.0862598419, -18.1302909851, -11.8490715027, 21.7579250336, 17.648645401, -7.81910848618, -20.4809894562, -9.40087604523, -6.80604410172, 43.9106483459, 99.2098770142]]}, "spectral_energyband_middle_low": {"dmean2": 0.00487799663097, "median": 0.00490317866206, "min": 2.77012886624e-22, "dvar2": 9.19365047594e-05, "dvar": 4.85864802613e-05, "dmean": 0.00336121139117, "max": 0.191235288978, "var": 0.000304455636069, "mean": 0.0124060325325}, "melbands_crest": {"dmean2": 4.11563968658, "median": 12.8707923889, "min": 2.10343527794, "dvar2": 14.1897439957, "dvar": 6.08651256561, "dmean": 2.59581589699, "max": 39.8788299561, "var": 38.7161636353, "mean": 14.4019918442}, "spectral_kurtosis": {"dmean2": 52.1316604614, "median": 77.6008453369, "min": -1.24782288074, "dvar2": 2303.91333008, "dvar": 821.216247559, "dmean": 30.065574646, "max": 390.19644165, "var": 3908.34130859, "mean": 92.0570755005}, "spectral_rms": {"dmean2": 0.000583806657232, "median": 0.0024378686212, "min": 3.21472384303e-12, "dvar2": 5.64110393952e-07, "dvar": 3.09071509719e-07, "dmean": 0.000407609739341, "max": 0.0142059186473, "var": 4.92904791827e-06, "mean": 0.00316526927054}, "zerocrossingrate": {"dmean2": 0.00288955587894, "median": 0.02490234375, "min": 0, "dvar2": 4.29355386586e-05, "dvar": 2.89514391625e-05, "dmean": 0.00217993021943, "max": 0.509765625, "var": 9.32930051931e-05, "mean": 0.0259189791977}, "silence_rate_60dB": {"dmean2": 0.108700461686, "median": 0, "min": 0, "dvar2": 0.110073752701, "dvar": 0.0513843595982, "dmean": 0.0543472245336, "max": 1, "var": 0.220063775778, "mean": 0.326895415783}, "erbbands_kurtosis": {"dmean2": 2.50629711151, "median": 1.45668244362, "min": -1.72205877304, "dvar2": 15.3364706039, "dvar": 7.16774368286, "dmean": 1.66605162621, "max": 81.3161849976, "var": 30.008014679, "mean": 3.28657960892}, "erbbands": {"dmean2": [0.00281444424763, 0.0522344745696, 0.3203137815, 0.872588276863, 2.45035052299, 3.74383544922, 8.1616268158, 13.8237285614, 19.5949401855, 43.5295944214, 23.9094390869, 25.895318985, 15.6180524826, 22.2221755981, 18.5486011505, 7.65835857391, 6.48479747772, 4.47056293488, 2.17508149147, 1.73412919044, 1.38070273399, 0.972831487656, 0.493801832199, 0.292977899313, 0.136801332235, 0.0755955576897, 0.0449505783617, 0.0236011873931, 0.0123286908492, 0.0043485336937, 0.0023279839661, 0.00130558549426, 0.000490485457703, 0.000115072594781, 5.25592367921e-05, 1.48702210936e-05, 4.75822525914e-06, 1.1904277244e-06, 2.6476743642e-06, 6.20540686214e-06], "median": [0.000656138989143, 0.00899571273476, 0.0808996260166, 0.319213628769, 0.785731911659, 1.8757109642, 4.52965736389, 6.6058754921, 8.98994445801, 13.615606308, 12.7474555969, 6.95141839981, 5.25344419479, 4.02604007721, 3.6919670105, 2.45209741592, 1.54771542549, 1.19548583031, 0.752136588097, 0.440855622292, 0.242714390159, 0.14328981936, 0.0526561290026, 0.0255953166634, 0.00909419544041, 0.00342030730098, 0.00175996706821, 0.000799173605628, 0.000327510555508, 0.000138835122925, 7.99347617431e-05, 4.06016406487e-05, 2.51691726589e-05, 1.57426748046e-05, 1.02986414277e-05, 7.01089993527e-06, 3.79034008802e-06, 9.27797714212e-07, 2.99035855278e-06, 6.89950593369e-06], "min": [4.72963133447e-22, 3.78940001222e-21, 2.69138657307e-20, 6.78783247438e-20, 8.58422384184e-20, 4.41489912803e-20, 1.99090275925e-19, 3.58048540264e-19, 6.2586651325e-19, 7.53175761678e-19, 9.60666780506e-19, 7.58799659265e-19, 2.83442246365e-18, 1.75898054744e-18, 2.24329500288e-18, 3.90128486254e-18, 2.2173750916e-18, 3.87116432131e-18, 7.40325903772e-18, 6.3753986183e-18, 5.85176930232e-18, 5.01865284169e-18, 6.50592441024e-18, 8.58608843619e-18, 1.11127868907e-17, 1.51942705681e-17, 1.62225437507e-17, 1.82082834553e-17, 1.72162639447e-17, 1.37092447949e-17, 1.41999647302e-17, 1.66370968952e-17, 1.53144830722e-17, 9.38217698387e-18, 8.93995961096e-18, 4.82295183493e-18, 3.22790173449e-18, 1.0842740338e-18, 3.17116748422e-19, 2.73582362031e-20], "dvar2": [7.3314527981e-05, 0.0193950124085, 0.538983166218, 3.61588525772, 31.7270927429, 72.9413223267, 318.01159668, 996.389526367, 1950.33581543, 15847.3994141, 2865.46166992, 13670.6708984, 1951.2565918, 11788.4257812, 4236.19287109, 1214.49401855, 787.519287109, 198.849395752, 26.5183963776, 19.1488113403, 20.9394016266, 9.70916938782, 3.24740314484, 1.00123000145, 0.378186434507, 0.134260982275, 0.0377431660891, 0.0225614886731, 0.00574947474524, 0.000612573698163, 0.000199194022571, 0.00016360313748, 1.74959368451e-05, 8.99601218407e-07, 3.36343958907e-07, 4.269983922e-09, 1.72918832031e-10, 7.83603390508e-12, 2.76310051228e-11, 1.5131139397e-10], "dvar": [2.75569145742e-05, 0.00696846470237, 0.195990666747, 1.48783016205, 12.3502931595, 26.2242527008, 132.278396606, 423.87310791, 760.992614746, 8016.62695312, 1544.13708496, 6916.53759766, 987.924621582, 5549.76367188, 1866.11254883, 534.210632324, 388.749664307, 109.406517029, 13.9313383102, 8.01176357269, 8.79311466217, 4.2893986702, 1.19389677048, 0.42684045434, 0.161662787199, 0.061967946589, 0.0171705316752, 0.00939786899835, 0.00242386711761, 0.000276083184872, 0.000103313948784, 6.38813871774e-05, 6.51619984637e-06, 3.55688740683e-07, 1.38347800771e-07, 1.82112158686e-09, 7.23252568946e-11, 3.14602120396e-12, 1.53531475727e-11, 8.25502652346e-11], "dmean": [0.00169325829484, 0.0309168882668, 0.191009029746, 0.556267142296, 1.54885482788, 2.35948753357, 5.25034284592, 8.70559501648, 12.14220047, 30.4319820404, 16.9768714905, 18.0458869934, 10.7735471725, 14.6496067047, 12.4258022308, 4.90969133377, 4.33833837509, 3.13047289848, 1.4996342659, 1.09659421444, 0.885693609715, 0.640986919403, 0.310007452965, 0.189813584089, 0.0912178605795, 0.0494591742754, 0.0299082864076, 0.0155694186687, 0.00811333209276, 0.00299506564625, 0.00165459152777, 0.000820005894639, 0.000297940336168, 7.29233215679e-05, 3.33490934281e-05, 9.59917178989e-06, 3.04321406475e-06, 7.36938375212e-07, 1.84752684618e-06, 4.30281079389e-06], "max": [0.221106305718, 2.20274806023, 12.5810098648, 27.3038673401, 100.831787109, 120.266166687, 497.576660156, 676.271911621, 715.014770508, 2526.26000977, 1050.94934082, 3386.97900391, 960.292114258, 3240.53540039, 1662.37207031, 1529.39160156, 999.839050293, 462.427612305, 103.042366028, 89.267906189, 140.995849609, 67.1644363403, 31.0276966095, 20.9667282104, 12.70054245, 11.175494194, 5.63619565964, 5.08061265945, 1.86692488194, 0.773611485958, 0.535695314407, 0.395256698132, 0.0994389653206, 0.0310358908027, 0.0243822075427, 0.00195679184981, 0.000276424048934, 8.52540324559e-05, 0.000105615770735, 0.000239215965848], "var": [5.39599714102e-05, 0.0156162045896, 0.449113696814, 4.44040250778, 36.5170440674, 97.2761993408, 518.969238281, 2090.77612305, 2540.26489258, 27879.7675781, 7415.45361328, 17637.3320312, 3929.02758789, 16426.9121094, 5031.76611328, 1138.71594238, 1141.20544434, 433.62411499, 50.8782081604, 26.7737064362, 19.5802593231, 10.0298919678, 2.63287258148, 0.985838830471, 0.422256082296, 0.112555548549, 0.0348783321679, 0.0125943319872, 0.00293889129534, 0.000418480718508, 0.000179545430001, 5.55497790629e-05, 6.37774382994e-06, 3.6765322875e-07, 1.35080270525e-07, 5.74748115767e-09, 3.27147725576e-10, 1.1586510397e-11, 1.07298329943e-10, 5.70182290272e-10], "mean": [0.00280065857805, 0.0480757877231, 0.319451093674, 1.14332425594, 3.12749385834, 5.90396213531, 13.103676796, 22.5958518982, 28.347694397, 73.4818725586, 45.7877960205, 41.4768867493, 28.6823825836, 33.8781738281, 27.0117969513, 10.9082660675, 10.2842531204, 7.74633550644, 3.86338162422, 2.66763710976, 1.88042700291, 1.39060664177, 0.673086047173, 0.390472859144, 0.199230134487, 0.0941012129188, 0.0535811036825, 0.0249906089157, 0.0115448953584, 0.00448618922383, 0.00243988703005, 0.000992753193714, 0.000402304052841, 0.000115269656817, 5.69219882891e-05, 2.64800146397e-05, 9.80669210549e-06, 2.04063826459e-06, 7.54490883992e-06, 1.73643857124e-05]}, "spectral_strongpeak": {"dmean2": 0.595526814461, "median": 0.796527028084, "min": 0, "dvar2": 0.686003446579, "dvar": 0.323025196791, "dmean": 0.381760179996, "max": 11.0551757812, "var": 1.37707316875, "mean": 1.18191492558}, "spectral_energy": {"dmean2": 0.00548942666501, "median": 0.0060917828232, "min": 1.05928103009e-20, "dvar2": 0.000116608243843, "dvar": 6.33433737676e-05, "dmean": 0.00379925011657, "max": 0.206853330135, "var": 0.000440590229118, "mean": 0.0153216077015}, "average_loudness": 0.155277848244, "spectral_rolloff": {"dmean2": 97.1763000488, "median": 624.462890625, "min": 21.533203125, "dvar2": 73364.3203125, "dvar": 44599.828125, "dmean": 55.9461517334, "max": 18820.0195312, "var": 105303.09375, "mean": 679.573120117}, "spectral_centroid": {"dmean2": 69.5126800537, "median": 519.142822266, "min": 189.738571167, "dvar2": 17199.6074219, "dvar": 11683.8818359, "dmean": 45.5796890259, "max": 10997.0458984, "var": 33251.6328125, "mean": 547.847106934}, "pitch_salience": {"dmean2": 0.0957440659404, "median": 0.573371708393, "min": 0.0101661793888, "dvar2": 0.0071735731326, "dvar": 0.00295054540038, "dmean": 0.0602190420032, "max": 0.901271283627, "var": 0.0200086832047, "mean": 0.555115818977}, "spectral_energyband_middle_high": {"dmean2": 0.0011909812456, "median": 0.000590178067796, "min": 1.29987343808e-21, "dvar2": 1.47072496475e-05, "dvar": 7.12060500518e-06, "dmean": 0.000812141399365, "max": 0.106033012271, "var": 2.9021728551e-05, "mean": 0.00245300261304}, "spectral_contrast_coeffs": {"dmean2": [0.0787404179573, 0.0672447010875, 0.0500860325992, 0.0400410704315, 0.0297114197165, 0.0672460123897], "median": [-0.59240591526, -0.69631499052, -0.744971990585, -0.760214686394, -0.756224572659, -0.826377511024], "min": [-0.955533206463, -0.972884118557, -0.970278322697, -0.964698255062, -0.963459193707, -0.963851749897], "dvar2": [0.00377192394808, 0.00303597119637, 0.00174703460652, 0.0011212900281, 0.000657690688968, 0.00350691913627], "dvar": [0.00137069134507, 0.00120614410844, 0.000748572638258, 0.000455301720649, 0.000303136766888, 0.00118435674813], "dmean": [0.0472752898932, 0.0415395349264, 0.0313776172698, 0.0248551722616, 0.0195741578937, 0.0383902937174], "max": [-0.318051695824, -0.39662027359, -0.434564501047, -0.496941298246, -0.517128348351, -0.560776889324], "var": [0.0107009252533, 0.0060256854631, 0.006227706559, 0.00288509088568, 0.00290143932216, 0.00523481145501], "mean": [-0.60025447607, -0.694980144501, -0.734579741955, -0.759070277214, -0.762222290039, -0.819973409176]}, "melbands_skewness": {"dmean2": 1.14871156216, "median": 0.847655653954, "min": -5.2019200325, "dvar2": 21.249874115, "dvar": 8.1689119339, "dmean": 0.730173289776, "max": 108.57460022, "var": 39.9096679688, "mean": 1.65404260159}, "spectral_spread": {"dmean2": 452643.53125, "median": 942162.375, "min": 222459.84375, "dvar2": 270730313728, "dvar": 183626334208, "dmean": 258795.609375, "max": 44168136, "var": 3276312674300.0, "mean": 1237027.5}, "dissonance": {"dmean2": 0.0724548697472, "median": 0.40185970068, "min": 0.105056814849, "dvar2": 0.0044792550616, "dvar": 0.00165127031505, "dmean": 0.0429149158299, "max": 0.500000059605, "var": 0.00440059090033, "mean": 0.390668272972}, "spectral_skewness": {"dmean2": 2.76900696754, "median": 5.98279857635, "min": 0.0316847749054, "dvar2": 5.38674163818, "dvar": 1.87771761417, "dmean": 1.57024598122, "max": 16.337720871, "var": 7.89740514755, "mean": 6.39560222626}, "spectral_flux": {"dmean2": 0.020651800558, "median": 0.0290820039809, "min": 1.02921379752e-10, "dvar2": 0.000922532111872, "dvar": 0.000357367505785, "dmean": 0.0124842273071, "max": 0.311279922724, "var": 0.000987707870081, "mean": 0.0385251492262}, "spectral_contrast_valleys": {"dmean2": [0.740418314934, 0.510311126709, 0.441108942032, 0.417434453964, 0.353561580181, 1.15846073627], "median": [-8.77176856995, -6.79269599915, -7.96786594391, -9.34921264648, -11.2949237823, -14.5688753128], "min": [-27.51815