{"tonal": {"thpcp": [1, 0.712977647781, 0.251621127129, 0.251030683517, 0.205884858966, 0.299557864666, 0.64561188221, 0.561205208302, 0.235720574856, 0.175313234329, 0.163919299841, 0.267543375492, 0.461471110582, 0.425108343363, 0.635814905167, 0.990831375122, 0.63301384449, 0.233065351844, 0.268177092075, 0.263366878033, 0.515557467937, 0.871859908104, 0.594643831253, 0.2126506567, 0.168642401695, 0.221915334463, 0.471931636333, 0.682718396187, 0.474264413118, 0.282332539558, 0.322076499462, 0.24825245142, 0.167668089271, 0.238082334399, 0.277895957232, 0.556098341942], "hpcp": {"dmean2": [0.200762093067, 0.169356927276, 0.133312672377, 0.115976959467, 0.100609198213, 0.0877823010087, 0.0900170654058, 0.11378724128, 0.171924829483, 0.1971129179, 0.175067022443, 0.115022361279, 0.0836457461119, 0.079372599721, 0.110510379076, 0.150453045964, 0.144372746348, 0.118276759982, 0.110456138849, 0.111540101469, 0.126636877656, 0.160788521171, 0.175048708916, 0.212774753571, 0.217843219638, 0.200575426221, 0.129267469049, 0.089046664536, 0.116811811924, 0.177027404308, 0.164540976286, 0.190054878592, 0.157936632633, 0.13480040431, 0.160315409303, 0.195669427514], "median": [0.0570048689842, 0.0398315563798, 0.0207426957786, 0.0155219994485, 0.011483955197, 0.00798059813678, 0.00863563921303, 0.0106003079563, 0.0640955716372, 0.110944405198, 0.0723849013448, 0.0160276442766, 0.00635289447382, 0.00587150175124, 0.0215306784958, 0.0335933119059, 0.0253388173878, 0.00911863613874, 0.00366604235023, 0.00298192631453, 0.0103505179286, 0.0149311125278, 0.0176478940994, 0.0545564219356, 0.0800616443157, 0.0450820662081, 0.00717685418203, 0.00364077044651, 0.0058148689568, 0.0323981717229, 0.0418467596173, 0.0290614627302, 0.00646891305223, 0.00374442432076, 0.00581666314974, 0.030225917697], "min": [0, 0, 0, 0, 0, 0, 0, 0, 0, 0, 0, 0, 0, 0, 0, 0, 0, 0, 0, 0, 0, 0, 0, 0, 0, 0, 0, 0, 0, 0, 0, 0, 0, 0, 0, 0], "dvar2": [0.0963069424033, 0.0753376483917, 0.069957010448, 0.053602732718, 0.0559160448611, 0.0461044162512, 0.0412303507328, 0.055997710675, 0.0728209912777, 0.0850976109505, 0.0718685537577, 0.0509200915694, 0.0413844175637, 0.0388197153807, 0.0485433936119, 0.072055593133, 0.0696528702974, 0.0637390017509, 0.0676662772894, 0.0732401609421, 0.069178134203, 0.0875754728913, 0.0982245579362, 0.100339606404, 0.105955913663, 0.0961370393634, 0.0727620124817, 0.0526648536325, 0.0632262378931, 0.081312045455, 0.0797439143062, 0.0872104912996, 0.0894209071994, 0.0832906141877, 0.100381560624, 0.110392473638], "dvar": [0.0379521474242, 0.0301591996104, 0.0260853543878, 0.0220091138035, 0.0220647118986, 0.0162988342345, 0.0160989649594, 0.0214337836951, 0.0276169050485, 0.0385132208467, 0.0312988199294, 0.0185939390212, 0.0160582438111, 0.0146080069244, 0.018113585189, 0.0318932347, 0.0310158450156, 0.0228554010391, 0.0236951205879, 0.02597239241, 0.0256301350892, 0.0356836430728, 0.0381540693343, 0.038079559803, 0.0455221682787, 0.0375522226095, 0.0251764692366, 0.0194579400122, 0.0228278264403, 0.0288989860564, 0.0333393141627, 0.0329155251384, 0.0316182076931, 0.0297379996628, 0.0360861830413, 0.0408819578588], "dmean": [0.118804454803, 0.101836137474, 0.0776985138655, 0.0682883635163, 0.0579162314534, 0.0492437668145, 0.052069094032, 0.0655783116817, 0.102511838078, 0.12067014724, 0.108795821667, 0.0661350265145, 0.0475931093097, 0.0447129309177, 0.0640871301293, 0.0901637673378, 0.085187099874, 0.0667642652988, 0.0608870722353, 0.0610435567796, 0.0720187276602, 0.0937968939543, 0.101696677506, 0.125009253621, 0.131321966648, 0.118445821106, 0.0711682736874, 0.0489454418421, 0.0645213723183, 0.100921906531, 0.096604116261, 0.108593679965, 0.0847786515951, 0.0719084739685, 0.0872452035546, 0.112695872784], "max": [1, 1, 1, 1, 1, 1, 1, 1, 1, 1, 1, 1, 1, 1, 1, 1, 1, 1, 1, 1, 1, 1, 1, 1, 1, 1, 1, 1, 1, 1, 1, 1, 1, 1, 1, 1], "var": [0.0824471414089, 0.0473559312522, 0.0270602386445, 0.0388733372092, 0.0309952348471, 0.0144575797021, 0.0280993189663, 0.033840239048, 0.0465214550495, 0.124549083412, 0.0735178366303, 0.0196616090834, 0.0387527123094, 0.0281140301377, 0.0244695097208, 0.092792019248, 0.0792601630092, 0.0221865586936, 0.0206852387637, 0.0190091282129, 0.0268752574921, 0.0646971985698, 0.0530127845705, 0.0622755885124, 0.13143119216, 0.0664279907942, 0.0231884215027, 0.0496784076095, 0.0361261814833, 0.0493131913245, 0.132209554315, 0.0653642192483, 0.0221260376275, 0.019880944863, 0.0262491051108, 0.0533606484532], "mean": [0.195916131139, 0.136097177863, 0.0810194909573, 0.092424608767, 0.0712397098541, 0.048114836216, 0.0683212429285, 0.079746350646, 0.159580633044, 0.286964774132, 0.2045994699, 0.0722064003348, 0.0720369592309, 0.0590817034245, 0.0859625563025, 0.185267865658, 0.161046117544, 0.0676435008645, 0.0503087230027, 0.04703906551, 0.0767755284905, 0.132425948977, 0.121991120279, 0.182456478477, 0.284333705902, 0.181652680039, 0.066881544888, 0.0769573748112, 0.0755770206451, 0.147946834564, 0.250193089247, 0.170641824603, 0.0610232464969, 0.0483944304287, 0.0636818856001, 0.135427758098]}, "tuning_equal_tempered_deviation": 0.042614787817, "chords_changes_rate": 0.0543589740992, "key_key": "F", "tuning_diatonic_strength": 0.628058850765, "key_scale": "major", "chords_number_rate": 0.00188034190796, "tuning_frequency": 439.491973877, "tuning_nontempered_energy_ratio": 0.662392735481, "chords_histogram": [37.0769233704, 10.1196584702, 6.5470085144, 0.170940175653, 2.66666674614, 0.0512820519507, 1.36752140522, 0.632478654385, 4.18803405762, 0, 0.0170940179378, 0, 0.991452991962, 0.273504287004, 0, 0, 0.239316239953, 1.5213675499, 0.0683760717511, 6.08547019958, 0, 11.6923074722, 3.9316239357, 12.3589744568], "key_strength": 0.860003471375, "chords_key": "F", "chords_strength": {"dmean2": 0.00861191935837, "median": 0.497095197439, "min": -1, "dvar2": 0.000755501678213, "dvar": 0.000409134110669, "dmean": 0.0100097237155, "max": 0.806797683239, "var": 0.0138802183792, "mean": 0.499198704958}, "chords_scale": "major", "hpcp_entropy": {"dmean2": 0.886540412903, "median": 1.69772720337, "min": 0, "dvar2": 0.61969602108, "dvar": 0.253133714199, "dmean": 0.534584224224, "max": 4.55079030991, "var": 0.577146291733, "mean": 1.70278668404}}, "metadata": {"audio_properties": {"equal_loudness": 0, "codec": "mp3", "downmix": "mix", "sample_rate": 44100, "analysis_sample_rate": 44100, "bit_rate": 128000, "md5_encoded": "f9a7b9a25ef29934e56e95d0c40c43c4", "length": 271.62121582, "replay_gain": -11.4110641479, "lossless": false}, "version": {"essentia_build_sha": "70f2e5ece6736b2c40cc944ad0e695b16b925413", "essentia": "2.1-beta2", "extractor": "music 1.0", "essentia_git_sha": "v2.1_beta2"}, "tags": {"title": ["Sabbath Bloody Sabbath"], "releasedate": ["1995"], "date": ["1995"], "file_name": "Life-13-Sabbath Bloody Sabbath.mp3", "musicip_puid": ["d8c9f8a6-f122-b7e4-3eb8-cdaa6cb70041"], "musicbrainz_recordingid": ["106fbc83-0ad7-4973-90f1-3c02945f5202"], "taggingdate": ["2007-08-28T13:24:18"], "musicbrainz album status": ["official"], "musicbrainz_albumartistid": ["3e55d51d-687f-4a9d-af96-2fabccf802e5"], "musicbrainz_albumid": ["1b9aa670-8be5-43db-87e2-3ea21aef4445"], "artist": ["The Cardigans"], "tracknumber": ["13/13"], "artistsort": ["Cardigans, The"], "album": ["Life"], "musicbrainz album release country": ["SE"], "musicbrainz album type": ["album"], "musicbrainz_artistid": ["3e55d51d-687f-4a9d-af96-2fabccf802e5"]}}, "rhythm": {"bpm_histogram_first_peak_bpm": {"dmean2": 0, "median": 120, "min": 120, "dvar2": 0, "dvar": 0, "dmean": 0, "max": 120, "var": 0, "mean": 120}, "bpm": 120.201080322, "bpm_histogram_second_peak_spread": {"dmean2": 0, "median": 0.475247561932, "min": 0.475247561932, "dvar2": 0, "dvar": 0, "dmean": 0, "max": 0.475247561932, "var": 0, "mean": 0.475247561932}, "bpm_histogram_first_peak_weight": {"dmean2": 0, "median": 0.234119787812, "min": 0.234119787812, "dvar2": 0, "dvar": 0, "dmean": 0, "max": 0.234119787812, "var": 0, "mean": 0.234119787812}, "onset_rate": 3.82493448257, "beats_position": [0.452789098024, 0.917188167572, 1.40480720997, 1.90403628349, 2.40326523781, 2.90249419212, 3.41333317757, 3.90095233917, 4.41179132462, 4.91102027893, 5.41024923325, 5.90947818756, 6.39709758759, 6.88471651077, 7.36072540283, 7.84834432602, 8.34757328033, 8.84680271149, 9.34603118896, 9.84526062012, 10.3444900513, 10.8437185287, 11.3313379288, 11.8189563751, 12.3065757751, 12.7941951752, 13.2818136215, 13.7810430527, 14.2802715302, 14.7795009613, 15.2787294388, 15.7779588699, 16.2771873474, 16.7880268097, 17.2872562408, 17.7980957031, 18.2973232269, 18.7965526581, 19.2957820892, 19.7834014893, 20.2710208893, 20.758638382, 21.246257782, 21.7454872131, 22.2447166443, 22.7555541992, 23.2431735992, 23.7424030304, 24.2416324615, 24.7524719238, 25.2400894165, 25.7393188477, 26.2385482788, 26.7493877411, 27.2370071411, 27.7246246338, 28.2122440338, 28.6998634338, 29.1874828339, 29.6751022339, 30.1743297577, 30.6735591888, 31.17278862, 31.6720180511, 32.171245575, 32.6704750061, 33.1697044373, 33.6689338684, 34.1681632996, 34.6673927307, 35.1666221619, 35.6658477783, 36.1534690857, 36.6410865784, 37.1287078857, 37.6279373169, 38.1271629333, 38.6263923645, 39.1372337341, 39.6596832275, 40.1821289062, 40.7161903381, 41.2502479553, 41.7726974487, 42.2835350037, 42.7943763733, 43.3052139282, 43.8392753601, 44.3617210388, 44.8725624084, 45.3950119019, 45.9058494568, 46.4166870117, 46.9159164429, 47.415145874, 47.9143753052, 48.4136047363, 48.9244422913, 49.4468917847, 49.9577331543, 50.4685707092, 50.9678001404, 51.4786376953, 51.9894790649, 52.5003166199, 53.0227661133, 53.5452156067, 54.0560531616, 54.5552825928, 55.0545120239, 55.5421295166, 56.029750824, 56.5405883789, 57.0514259338, 57.5622673035, 58.0731048584, 58.583946228, 59.094783783, 59.5940132141, 60.104850769, 60.6156921387, 61.1381378174, 61.6605873108, 62.1714286804, 62.6706581116, 63.1814956665, 63.6807250977, 64.1799545288, 64.6907958984, 65.2132415771, 65.7356872559, 66.258140564, 66.7689819336, 67.2682037354, 67.779045105, 68.2898864746, 68.7775039673, 69.26512146, 69.7643508911, 70.2635803223, 70.7511978149, 71.2272109985, 71.7148284912, 72.1908340454, 72.6784591675, 73.1660766602, 73.6536941528, 74.152923584, 74.6521530151, 75.1629943848, 75.6622238159, 76.1614532471, 76.6490707397, 77.1366882324, 77.6243057251, 78.1235351562, 78.6227645874, 79.133605957, 79.6212234497, 80.1204528809, 80.619682312, 81.1305236816, 81.6297454834, 82.1289749146, 82.6282043457, 83.1274337769, 83.6150588989, 84.1026763916, 84.5902938843, 85.077911377, 85.5771408081, 86.0763702393, 86.5872116089, 87.08644104, 87.5856704712, 88.0848999023, 88.5841217041, 89.0833511353, 89.5825805664, 90.0818099976, 90.5810394287, 91.0802688599, 91.579498291, 92.0671157837, 92.5547409058, 93.0423583984, 93.5299758911, 94.0175933838, 94.5168228149, 95.0160522461, 95.5152816772, 96.037727356, 96.5601806641, 97.0942382812, 97.6282958984, 98.1507492065, 98.6615829468, 99.1840362549, 99.7064819336, 100.228935242, 100.75138092, 101.26222229, 101.77305603, 102.2838974, 102.783126831, 103.282356262, 103.793197632, 104.304031372, 104.814872742, 105.325714111, 105.859771729, 106.370613098, 106.881446838, 107.392288208, 107.903129578, 108.413963318, 108.936416626, 109.458862305, 109.992919922, 110.503761292, 111.014602661, 111.53704834, 112.059501648, 112.570335388, 113.081176758, 113.603622437, 114.126075745, 114.648521423, 115.159362793, 115.670204163, 116.192649841, 116.703491211, 117.22593689, 117.736778259, 118.259223938, 118.770065308, 119.280906677, 119.791740417, 120.302581787, 120.801811218, 121.312652588, 121.835098267, 122.369155884, 122.879997253, 123.390838623, 123.901672363, 124.412513733, 124.911743164, 125.410972595, 125.921813965, 126.421043396, 126.920272827, 127.419502258, 127.907119751, 128.406341553, 128.893966675, 129.381591797, 129.86920166, 130.356826782, 130.832824707, 131.320449829, 131.808074951, 132.295684814, 132.794921875, 133.282531738, 133.77015686, 134.269378662, 134.768615723, 135.256240845, 135.755462646, 136.23147583, 136.719085693, 137.206710815, 137.694335938, 138.193557739, 138.704391479, 139.20362854, 139.691238403, 140.190475464, 140.689697266, 141.188934326, 141.688156128, 142.17578125, 142.675003052, 143.174240112, 143.661849976, 144.149475098, 144.63710022, 145.124710083, 145.612335205, 146.111557007, 146.610794067, 147.121627808, 147.632461548, 148.143310547, 148.654144287, 149.164993286, 149.675827026, 150.186660767, 150.697509766, 151.208343506, 151.719177246, 152.230026245, 152.740859985, 153.263305664, 153.774139404, 154.273376465, 154.784210205, 155.295059204, 155.782669067, 156.293518066, 156.815963745, 157.338409424, 157.860855103, 158.383300781, 158.89414978, 159.428207397, 159.939041138, 160.449890137, 160.960723877, 161.471557617, 161.982406616, 162.493240356, 162.992462158, 163.503311157, 164.002532959, 164.513381958, 165.035827637, 165.558273315, 166.069107056, 166.579956055, 167.102401733, 167.624847412, 168.124084473, 168.634918213, 169.134140015, 169.644989014, 170.155822754, 170.666656494, 171.177505493, 171.688339233, 172.187576294, 172.686798096, 173.209243774, 173.731704712, 174.242538452, 174.741760254, 175.240997314, 175.751831055, 176.251068115, 176.750289917, 177.237915039, 177.737136841, 178.236373901, 178.723983765, 179.211608887, 179.710830688, 180.210067749, 180.709289551, 181.208526611, 181.649703979, 182.102493286, 182.543670654, 182.950012207, 183.356369019, 183.762710571, 184.27355957, 184.761169434, 185.260406494, 185.759628296, 186.258865356, 186.758087158, 187.234100342, 187.721725464, 188.209335327, 188.685348511, 189.172973633, 189.637359619, 190.124984741, 190.600997925, 191.07699585, 191.564620972, 192.052246094, 192.516647339, 193.004257202, 193.491882324, 193.991104126, 194.46711731, 194.954742432, 195.442352295, 195.929977417, 196.41758728, 196.905212402, 197.381225586, 197.857223511, 198.333236694, 198.809249878, 199.296859741, 199.784484863, 200.272109985, 200.74810791, 201.224121094, 201.711746216, 202.187744141, 202.663757324, 203.151382446, 203.63899231, 204.126617432, 204.614242554, 205.090240479, 205.566253662, 206.042266846, 206.518280029, 206.994277954, 207.470291138, 207.934692383, 208.422302246, 208.909927368, 209.39755249, 209.861953735, 210.349563599, 210.825576782, 211.301589966, 211.777587891, 212.253601074, 212.718002319, 213.182403564, 213.658401489, 214.134414673, 214.598815918, 215.08644104, 215.562438965, 216.038452148, 216.502853394, 216.990478516, 217.454864502, 217.919265747, 218.395278931, 218.871292114, 219.347290039, 219.823303223, 220.299316406, 220.786941528, 221.262939453, 221.727340698, 222.203353882, 222.679367065, 223.143753052, 223.619766235, 224.095779419, 224.571792603, 225.047790527, 225.523803711, 225.999816895, 226.46421814, 226.940216064, 227.416229248, 227.869018555, 228.321807861, 228.786209106, 229.250610352, 229.726623535, 230.20262146, 230.667022705, 231.13142395, 231.595825195, 232.06022644, 232.524627686, 232.989013672, 233.441802979, 233.906204224, 234.35899353, 234.811782837, 235.264572144, 235.71736145, 236.170150757, 236.622940063, 237.07572937, 237.540130615, 238.00453186, 238.468933105, 238.933334351, 239.397735596, 239.850509644, 240.30329895, 240.767700195, 241.23210144, 241.696502686, 242.160903931, 242.625305176, 243.089706421, 243.530883789, 243.983673096, 244.436462402, 244.889251709, 245.342041016, 245.806442261, 246.270828247, 246.735229492, 247.188018799, 247.640808105, 248.105209351, 248.546386719, 248.999176025, 249.451965332, 249.904754639, 250.357543945, 250.82194519, 251.274734497, 251.715911865, 252.168701172, 252.621490479, 253.085891724, 253.53868103, 254.003082275, 254.467483521, 254.920272827, 255.373062134, 255.82585144, 256.278625488, 256.719818115, 257.172607422, 257.625396729, 258.078186035, 258.530975342, 258.995361328, 259.448150635, 259.900939941, 260.365356445, 260.818145752, 261.282531738, 261.735321045, 262.188110352, 262.640899658, 263.093688965, 263.546478271, 263.999267578, 264.452056885, 264.916442871, 265.369232178, 265.822021484, 266.274810791, 266.727600098, 267.180389404, 267.644805908, 268.109191895, 268.585205078, 269.061218262, 269.537231445, 270.024841309, 270.512481689, 271.000091553], "beats_loudness": {"dmean2": 0.0366500206292, "median": 0.0413152351975, "min": 2.54600951433e-10, "dvar2": 0.00113261770457, "dvar": 0.000388249318348, "dmean": 0.0204307287931, "max": 0.138850450516, "var": 0.000630933383945, "mean": 0.0421258918941}, "danceability": 1.0849313736, "bpm_histogram_second_peak_weight": {"dmean2": 0, "median": 0.0961887463927, "min": 0.0961887463927, "dvar2": 0, "dvar": 0, "dmean": 0, "max": 0.0961887463927, "var": 0, "mean": 0.0961887463927}, "beats_count": 552, "bpm_histogram_second_peak_bpm": {"dmean2": 0, "median": 126, "min": 126, "dvar2": 0, "dvar": 0, "dmean": 0, "max": 126, "var": 0, "mean": 126}, "bpm_histogram_first_peak_spread": {"dmean2": 0, "median": 0.620588302612, "min": 0.620588302612, "dvar2": 0, "dvar": 0, "dmean": 0, "max": 0.620588302612, "var": 0, "mean": 0.620588302612}, "beats_loudness_band_ratio": {"dmean2": [0.456201314926, 0.23092277348, 0.229815587401, 0.102508068085, 0.120030976832, 0.175869107246], "median": [0.461461663246, 0.195158749819, 0.112360194325, 0.0392707437277, 0.0467601567507, 0.0475594438612], "min": [6.48884379189e-05, 0.000499144080095, 0.00279403780587, 3.33357784257e-05, 2.51197088801e-05, 5.19354071002e-05], "dvar2": [0.0949104130268, 0.0496786981821, 0.048028383404, 0.0146008320153, 0.0159184839576, 0.0215034857392], "dvar": [0.0332082100213, 0.0163383688778, 0.0160387121141, 0.00504718162119, 0.00632179249078, 0.00717876525596], "dmean": [0.25322163105, 0.133490994573, 0.126882016659, 0.0573454536498, 0.0702012702823, 0.0943759158254], "max": [0.942564427853, 0.939782440662, 0.880370616913, 0.60823571682, 0.714383900166, 0.695050179958], "var": [0.0524974241853, 0.024281879887, 0.0187518876046, 0.00545345526189, 0.00824530702084, 0.00705772684887], "mean": [0.470898240805, 0.225025519729, 0.151674225926, 0.0618676096201, 0.0744726657867, 0.0818593800068]}}, "lowlevel": {"barkbands_spread": {"dmean2": 7.60249900818, "median": 14.8802175522, "min": 0.282111287117, "dvar2": 111.058570862, "dvar": 56.5627365112, "dmean": 5.21209764481, "max": 138.086669922, "var": 217.522720337, "mean": 18.7120075226}, "melbands_spread": {"dmean2": 8.49552249908, "median": 12.666721344, "min": 0.492228657007, "dvar2": 243.913070679, "dvar": 106.461357117, "dmean": 5.6146979332, "max": 278.291625977, "var": 321.555389404, "mean": 17.5645694733}, "hfc": {"dmean2": 8.52628707886, "median": 13.168384552, "min": 1.11086676967e-16, "dvar2": 226.928512573, "dvar": 120.322715759, "dmean": 6.28724908829, "max": 328.624359131, "var": 335.679382324, "mean": 17.7609958649}, "barkbands_kurtosis": {"dmean2": 5.92003536224, "median": 4.24114322662, "min": -1.95622575283, "dvar2": 139.98614502, "dvar": 69.3751525879, "dmean": 3.86795425415, "max": 436.05456543, "var": 171.321136475, "mean": 8.17798137665}, "gfcc": {"mean": [-33.2419471741, 93.0144958496, -89.174911499, 34.7040596008, -59.8660049438, 6.30416440964, -38.964466095, 10.9607725143, -29.2069549561, 5.72674608231, -25.7104434967, -3.0735039711, -6.90734672546], "icov": [[8.94510667422e-05, -0.000166530895513, 7.33496126486e-05, -0.000111490175186, 0.000106025880086, -0.000146056176163, 0.000201082773856, -6.61773592583e-05, 0.000272307108389, -0.000374355062377, 0.000432834436651, -0.000332079798682, 0.000286445516394], [-0.000166530895513, 0.00146646553185, -0.000321562751196, 0.000549112446606, -0.000696785456967, 0.00081094680354, -0.00100933236536, 0.0005397683708, -0.00082231964916, 0.0011867658468, -0.00184753409121, 0.0018718210049, -0.00172598846257], [7.33496126486e-05, -0.000321562751196, 0.0012580481125, -0.000427323422628, 0.000182546005817, -0.00011937211093, 0.000178940521437, -0.000280426262179, 0.000358503690222, -4.86869139422e-05, -0.000225280062295, -0.00086910801474, 0.000898871861864], [-0.000111490175186, 0.000549112446606, -0.000427323422628, 0.00196626735851, -0.000629901944194, 0.000180393675691, 0.000468689075205, -0.000220354471821, -0.000325093016727, 0.00122911809012, -0.00131154910196, 0.00162869424094, -0.000489683647174], [0.000106025880086, -0.000696785456967, 0.000182546005817, -0.000629901944194, 0.00295503647067, -0.00113102444448, 8.15940729808e-05, -3.80978417525e-06, 7.86199088907e-05, -0.000712860841304, 0.00148827733938, -0.000578023958951, 0.000491836981382], [-0.000146056176163, 0.00081094680354, -0.00011937211093, 0.000180393675691, -0.00113102444448, 0.00521013326943, -0.00172207155265, 0.000554793281481, 3.77356227546e-05, 0.000517868204042, 0.00059899140615, 0.000102579426311, 3.9031405322e-05], [0.000201082773856, -0.00100933236536, 0.000178940521437, 0.000468689075205, 8.15940729808e-05, -0.00172207155265, 0.00617434689775, -0.00162351806648, 0.00106356351171, 0.00103216513526, -0.000811948149931, -0.000633683113847, 0.00187046255451], [-6.61773592583e-05, 0.0005397683708, -0.000280426262179, -0.000220354471821, -3.80978417525e-06, 0.000554793281481, -0.00162351806648, 0.00774095999077, -0.00169571384322, -0.000483267504023, 0.00231840275228, -0.00105859746691, 0.000936058058869], [0.000272307108389, -0.00082231964916, 0.000358503690222, -0.000325093016727, 7.86199088907e-05, 3.77356227546e-05, 0.00106356351171, -0.00169571384322, 0.00739286281168, -0.00208000908606, 0.00191405077931, 0.000631777802482, 4.44197830802e-05], [-0.000374355062377, 0.0011867658468, -4.86869139422e-05, 0.00122911809012, -0.000712860841304, 0.000517868204042, 0.00103216513526, -0.000483267504023, -0.00208000908606, 0.00920123513788, -0.00473507726565, 0.00110399688128, -8.19585256977e-05], [0.000432834436651, -0.00184753409121, -0.000225280062295, -0.00131154910196, 0.00148827733938, 0.00059899140615, -0.000811948149931, 0.00231840275228, 0.00191405077931, -0.00473507726565, 0.0137895578519, -0.00577263906598, 0.00285941478796], [-0.000332079798682, 0.0018718210049, -0.00086910801474, 0.00162869424094, -0.000578023958951, 0.000102579426311, -0.000633683113847, -0.00105859746691, 0.000631777802482, 0.00110399688128, -0.00577263906598, 0.0154314478859, -0.00498369522393], [0.000286445516394, -0.00172598846257, 0.000898871861864, -0.000489683647174, 0.000491836981382, 3.9031405322e-05, 0.00187046255451, 0.000936058058869, 4.44197830802e-05, -8.19585256977e-05, 0.00285941478796, -0.00498369522393, 0.0125121567398]], "cov": [[20144.9980469, -162.355514526, -637.823913574, 315.796875, -136.249908447, 321.726348877, -559.414489746, 129.865036011, -370.701141357, 556.453063965, -343.30480957, 142.788696289, -206.84753418], [-162.355514526, 1591.1697998, 131.900741577, -167.279724121, 153.245529175, -140.85269165, 180.176437378, -120.463088989, 57.8106231689, -109.471458435, 122.442176819, -73.8508682251, 125.361320496], [-637.823913574, 131.900741577, 1003.81091309, 166.032669067, -20.7973556519, -21.3833179474, 38.9870872498, 7.22462558746, -42.298122406, -30.1244983673, 93.7889633179, 34.8993644714, -45.8833618164], [315.796875, -167.279724121, 166.032669067, 710.019226074, 85.6538848877, 9.81235599518, -81.6363677979, 20.0954284668, 2.83241534233, -41.9240989685, -8.83766937256, -45.3311347961, -23.4627857208], [-136.249908447, 153.245529175, -20.7973556519, 85.6538848877, 437.107330322, 81.0369415283, 31.1037197113, 2.36684083939, 24.1440792084, -22.8886241913, -40.3082618713, -27.2893409729, 4.94968032837], [321.726348877, -140.85269165, -21.3833179474, 9.81235599518, 81.0369415283, 261.125946045, 51.0463256836, 13.9441356659, -25.0859298706, -11.027712822, -40.912979126, 4.05175018311, -26.5687885284], [-559.414489746, 180.176437378, 38.9870872498, -81.6363677979, 31.1037197113, 51.0463256836, 253.864746094, 16.8022270203, -20.2991504669, -52.7134513855, 28.9857635498, -0.39336001873, -15.9780788422], [129.865036011, -120.463088989, 7.22462558746, 20.0954284668, 2.36684083939, 13.9441356659, 16.8022270203, 164.835189819, 30.8230228424, 9.92506313324, -40.4883003235, 2.82766294479, -23.968132019], [-370.701141357, 57.8106231689, -42.298122406, 2.83241534233, 24.1440792084, -25.0859298706, -20.2991504669, 30.8230228424, 180.28062439, 16.5834789276, -22.7564735413, -28.2356643677, 12.8912992477], [556.453063965, -109.471458435, -30.1244983673, -41.9240989685, -22.8886241913, -11.027712822, -52.7134513855, 9.92506313324, 16.5834789276, 172.984298706, 29.9329872131, 18.1085166931, -17.798532486], [-343.30480957, 122.442176819, 93.7889633179, -8.83766937256, -40.3082618713, -40.912979126, 28.9857635498, -40.4883003235, -22.7564735413, 29.9329872131, 142.461929321, 32.8735046387, -1.11232030392], [142.788696289, -73.8508682251, 34.8993644714, -45.3311347961, -27.2893409729, 4.05175018311, -0.39336001873, 2.82766294479, -28.2356643677, 18.1085166931, 32.8735046387, 99.9342956543, 15.6806869507], [-206.84753418, 125.361320496, -45.8833618164, -23.4627857208, 4.94968032837, -26.5687885284, -15.9780788422, -23.968132019, 12.8912992477, -17.798532486, -1.11232030392, 15.6806869507, 114.73626709]]}, "spectral_energyband_middle_low": {"dmean2": 0.00926068797708, "median": 0.0136928539723, "min": 1.98417210511e-22, "dvar2": 0.000254023092566, "dvar": 9.70607143245e-05, "dmean": 0.00569244660437, "max": 0.128263831139, "var": 0.00018582456687, "mean": 0.0161366648972}, "melbands_crest": {"dmean2": 4.70414304733, "median": 14.3825359344, "min": 1.47598969936, "dvar2": 22.6403484344, "dvar": 8.33598804474, "dmean": 2.82424712181, "max": 33.2794303894, "var": 24.6052150726, "mean": 15.0650815964}, "spectral_kurtosis": {"dmean2": 3.28205609322, "median": 3.82007312775, "min": -1.52477395535, "dvar2": 47.2333183289, "dvar": 21.0504226685, "dmean": 2.08908700943, "max": 111.363517761, "var": 69.9046707153, "mean": 5.96563720703}, "spectral_rms": {"dmean2": 0.00118345988449, "median": 0.00512684881687, "min": 3.12928632659e-12, "dvar2": 2.32838146985e-06, "dvar": 1.04522916899e-06, "dmean": 0.000764718395658, "max": 0.0129794767126, "var": 4.86208637085e-06, "mean": 0.00497221946716}, "zerocrossingrate": {"dmean2": 0.0116929523647, "median": 0.0439453125, "min": 0.00390625, "dvar2": 0.000200728230993, "dvar": 0.000171271298314, "dmean": 0.0103843454272, "max": 0.53466796875, "var": 0.00203943252563, "mean": 0.054123673588}, "silence_rate_60dB": {"dmean2": 0.0205180812627, "median": 0, "min": 0, "dvar2": 0.023177485913, "dvar": 0.0101542770863, "dmean": 0.0102581633255, "max": 1, "var": 0.087128803134, "mean": 0.0964184999466}, "erbbands_kurtosis": {"dmean2": 2.28369832039, "median": 0.207976818085, "min": -1.85770487785, "dvar2": 40.226726532, "dvar": 23.4173603058, "dmean": 1.52207112312, "max": 273.878387451, "var": 60.5959320068, "mean": 1.90142297745}, "erbbands": {"dmean2": [0.0545649379492, 1.3493667841, 4.84203672409, 5.9354801178, 15.6594696045, 20.401468277, 12.03931427, 18.2437095642, 16.6885643005, 17.0914382935, 11.2712755203, 17.0387039185, 12.2191171646, 18.0427589417, 8.90058994293, 5.84257125854, 7.44993448257, 5.85816335678, 16.5425434113, 31.0858078003, 23.9952602386, 8.02508640289, 7.42012500763, 7.28986883163, 8.81409740448, 8.67197418213, 7.17468309402, 6.71583461761, 4.85591411591, 3.39910244942, 2.62817835808, 2.16411375999, 1.49720215797, 1.02090251446, 0.701155662537, 0.274259597063, 0.0757056847215, 0.0193779990077, 0.00159236171748, 5.1050541515e-05], "median": [0.0281027369201, 0.794580996037, 3.65416717529, 3.81386804581, 8.87830257416, 6.16784906387, 8.94700813293, 9.68106842041, 8.13805389404, 8.77059555054, 7.5931596756, 6.95046377182, 6.02065324783, 7.69304180145, 5.82242584229, 2.86842703819, 2.56157851219, 2.28704571724, 4.87287902832, 6.41647672653, 5.55495214462, 2.30293107033, 2.44241857529, 2.6556353569, 4.49439907074, 4.1344909668, 3.18750929832, 2.13157773018, 1.28271651268, 0.889729857445, 0.607014536858, 0.457699745893, 0.349130243063, 0.331068485975, 0.272346675396, 0.0979594662786, 0.019006319344, 0.00184015312698, 6.85124614392e-05, 3.77818469133e-05], "min": [1.95969457164e-22, 1.38998321437e-21, 3.59356379051e-21, 7.73176542987e-21, 2.38146445421e-20, 1.13761963852e-20, 3.66386889192e-20, 7.60120175565e-20, 2.61586252745e-19, 2.27430672783e-19, 3.53511015164e-19, 3.96431064855e-19, 4.68954745446e-19, 6.21035519979e-19, 1.32700542827e-18, 9.62688306526e-19, 1.77465644723e-18, 2.58916837511e-18, 2.32151506276e-18, 2.06021573829e-18, 3.32941416644e-18, 3.11106578169e-18, 4.62293914922e-18, 7.86815439431e-18, 6.19001917122e-18, 8.89147193781e-18, 8.11456157263e-18, 1.32858044219e-17, 1.28008226385e-17, 1.21190504515e-17, 1.20449474763e-17, 1.23546678859e-17, 1.14909730395e-17, 8.19070354801e-18, 5.82617178467e-18, 4.43976992874e-18, 2.28155086544e-18, 9.6616494664e-19, 2.72380985588e-19, 2.72890987673e-20], "dvar2": [0.0192886702716, 8.72026824951, 78.6410446167, 118.912231445, 1084.26281738, 2674.79125977, 498.909088135, 1616.73864746, 2978.89794922, 1785.25378418, 1151.61682129, 1683.6472168, 981.375549316, 3382.99145508, 332.845458984, 174.28503418, 304.96661377, 154.370803833, 1775.31542969, 5939.34765625, 4362.36767578, 268.40713501, 210.295196533, 245.798553467, 281.849151611, 306.963775635, 387.090911865, 1156.22973633, 265.02456665, 164.717651367, 186.436248779, 103.166999817, 91.9242858887, 20.5825614929, 3.53808164597, 0.311637759209, 0.0273446273059, 0.00204935763031, 2.39483688347e-05, 1.82167045892e-08], "dvar": [0.00704546598718, 3.21429252625, 28.5375843048, 46.4994010925, 402.837249756, 941.213989258, 200.006256104, 765.606262207, 1341.98205566, 805.18182373, 562.772277832, 806.967773438, 515.496459961, 1500.12329102, 162.63053894, 76.9249954224, 137.627044678, 67.0445327759, 753.404541016, 2559.69799805, 1886.828125, 118.027023315, 95.6278533936, 123.429756165, 139.061584473, 153.183822632, 196.498596191, 507.488891602, 122.279083252, 66.2445144653, 79.5504379272, 51.8782043457, 42.2817344666, 12.8153266907, 1.82204711437, 0.15879663825, 0.0134748397395, 0.000935380754527, 9.94100173557e-06, 7.44531725161e-09], "dmean": [0.0316101573408, 0.784217238426, 2.872620821, 3.60358309746, 9.14181137085, 11.5772447586, 7.65162467957, 11.9086608887, 11.2347106934, 11.1865825653, 7.69654750824, 11.4666967392, 8.20205688477, 12.1620321274, 5.94173526764, 3.82388782501, 4.93757534027, 3.83212375641, 10.6036291122, 19.9766273499, 15.3225269318, 5.23350524902, 4.88888645172, 4.91735553741, 5.91362285614, 5.93429231644, 5.02561712265, 4.64018106461, 3.37339377403, 2.29808616638, 1.79454040527, 1.55090510845, 1.06955230236, 0.739814400673, 0.501307010651, 0.196902945638, 0.05506619066, 0.0129430079833, 0.000998477335088, 3.30235088768e-05], "max": [1.12689805031, 18.6984939575, 76.7366027832, 101.201911926, 270.612762451, 494.888061523, 399.630096436, 960.648254395, 1179.14001465, 929.756958008, 1006.49151611, 787.765380859, 1333.94848633, 1335.61523438, 698.301391602, 241.963882446, 368.8230896, 225.749221802, 981.25390625, 1095.79553223, 1398.57580566, 235.116210938, 251.896774292, 414.335571289, 357.162078857, 257.673278809, 627.002502441, 1228.82519531, 411.75958252, 365.237548828, 406.293548584, 279.541442871, 340.079528809, 288.068054199, 77.1193695068, 9.56134223938, 2.83281254768, 0.492108166218, 0.0639607161283, 0.00211046170443], "var": [0.00609719054773, 3.4755795002, 45.8211669922, 154.612289429, 457.167053223, 943.416442871, 879.891967773, 3074.30419922, 3720.17089844, 2815.44018555, 1989.40905762, 2869.88256836, 2349.50073242, 4580.01660156, 881.27911377, 218.650817871, 457.674407959, 171.793106079, 1675.17431641, 5902.54394531, 4046.31958008, 216.386672974, 179.166320801, 230.51524353, 274.518341064, 287.484100342, 330.531890869, 1111.20031738, 156.141159058, 72.5945968628, 89.9044494629, 98.5703277588, 78.2561950684, 39.4881439209, 4.18759536743, 0.307029128075, 0.0225914642215, 0.00112187233754, 9.07358935365e-06, 7.63748264632e-09], "mean": [0.0475867241621, 1.32487869263, 5.75158119202, 9.9220905304, 15.4248561859, 16.2247486115, 18.9219837189, 30.1112804413, 30.4010982513, 27.7044010162, 20.4834365845, 27.0395622253, 18.9706325531, 29.3072891235, 15.3032884598, 8.10818386078, 9.3623008728, 7.02812004089, 18.9082221985, 36.1715545654, 26.0829105377, 8.19260692596, 7.53203248978, 7.94095659256, 10.2268886566, 10.0374832153, 8.50516223907, 8.116065979, 4.93244838715, 3.25744962692, 2.51213884354, 2.28353476524, 1.66681051254, 1.22799360752, 0.806207418442, 0.301368504763, 0.0758926942945, 0.0139080826193, 0.000876277510542, 5.77297032578e-05]}, "spectral_strongpeak": {"dmean2": 0.627036809921, "median": 0.609504878521, "min": 0, "dvar2": 1.24224281311, "dvar": 0.507785379887, "dmean": 0.364009797573, "max": 13.3436508179, "var": 0.862386584282, "mean": 0.862091481686}, "spectral_energy": {"dmean2": 0.0150743946433, "median": 0.0269416943192, "min": 1.00372430051e-20, "dvar2": 0.000508819706738, "dvar": 0.000215342661249, "dmean": 0.00949569046497, "max": 0.172678485513, "var": 0.000510460697114, "mean": 0.0303247198462}, "average_loudness": 0.890956163406, "spectral_rolloff": {"dmean2": 694.12701416, "median": 667.529296875, "min": 107.666015625, "dvar2": 1848767.125, "dvar": 846782.5, "dmean": 412.611175537, "max": 20262.7441406, "var": 2898136.25, "mean": 1177.27026367}, "spectral_centroid": {"dmean2": 324.346832275, "median": 876.625854492, "min": 140.880523682, "dvar2": 199391.8125, "dvar": 102800.90625, "dmean": 225.598876953, "max": 11558.6845703, "var": 647723, "mean": 1066.08776855}, "pitch_salience": {"dmean2": 0.0954956486821, "median": 0.516921818256, "min": 0.0746384859085, "dvar2": 0.00975404959172, "dvar": 0.0038230502978, "dmean": 0.0592893213034, "max": 0.887723565102, "var": 0.0112794199958, "mean": 0.518794953823}, "spectral_energyband_middle_high": {"dmean2": 0.00184611766599, "median": 0.00202954979613, "min": 1.18153662826e-21, "dvar2": 1.02160674942e-05, "dvar": 4.79396203446e-06, "dmean": 0.00126585748512, "max": 0.0445490926504, "var": 1.69127197296e-05, "mean": 0.00344169256277}, "spectral_contrast_coeffs": {"dmean2": [0.0760038420558, 0.0704423114657, 0.0613507069647, 0.0537746436894, 0.0356456413865, 0.0282361377031], "median": [-0.585704147816, -0.662692070007, -0.726718962193, -0.758234858513, -0.796739757061, -0.76895570755], "min": [-0.983142852783, -0.984883904457, -0.977140069008, -0.969391942024, -0.967943608761, -0.963711202145], "dvar2": [0.00478624599054, 0.00367601239122, 0.00273790862411, 0.00205548363738, 0.000883359345607, 0.000635820440948], "dvar": [0.00178672454786, 0.00163657683879, 0.00123090366833, 0.000910620845389, 0.000380828016205, 0.000299220700981], "dmean": [0.0453130826354, 0.0444340519607, 0.0395121127367, 0.0338208116591, 0.02243398875, 0.0182550065219], "max": [-0.312226057053, -0.348261058331, -0.374283730984, -0.433208703995, -0.589460372925, -0.565425693989], "var": [0.0065958974883, 0.00963488221169, 0.00775223877281, 0.00590868666768, 0.00219499203376, 0.00197203457355], "mean": [-0.591983854771, -0.661891102791, -0.721993744373, -0.754564940929, -0.795120716095, -0.769593715668]}, "melbands_skewness": {"dmean2": 1.14113736153, "median": 2.78301477432, "min": -3.5682990551, "dvar2": 1.81366872787, "dvar": 0.791247725487, "dmean": 0.739742279053, "max": 17.7201442719, "var": 3.13476371765, "mean": 3.06785035133}, "spectral_spread": {"dmean2": 882173.6875, "median": 5207482, "min": 749161.375, "dvar2": 1499477049340.0, "dvar": 800549765120, "dmean": 625339, "max": 42151368, "var": 5763515285500.0, "mean": 5279778.5}, "dissonance": {"dmean2": 0.037092000246, "median": 0.449905723333, "min": 0.0830670371652, "dvar2": 0.00155444035772, "dvar": 0.000659527315293, "dmean": 0.0233274176717, "max": 0.5, "var": 0.00311127188616, "mean": 0.43459919095}, "spectral_skewness": {"dmean2": 0.388327687979, "median": 1.61326670647, "min": -0.284479349852, "dvar2": 0.297809720039, "dvar": 0.14563216269, "dmean": 0.263079166412, "max": 8.41091346741, "var": 0.78951561451, "mean": 1.78835558891}, "spectral_flux": {"dmean2": 0.0393207296729, "median": 0.0544401668012, "min": 6.44214542822e-11, "dvar2": 0.00229563727044, "dvar": 0.00110932136886, "dmean": 0.0254426132888, "max": 0.298403382301, "var": 0.00265780813061, "mean": 0.0675751566887}, "spectral_contrast_valleys": {"dmean2": [0.669137775898, 0.617015421391, 0.641275286674, 0.593158185482, 0.474596530199, 0.429964095354], "median": [-7.19438362122, -7.08014249802, -7.97237539291, -8.3735370636, -7.9214553833, -10.1732988358], "min": [-28.0316886902, -27.8565196991, -27.6816291809, -27.5996589661, -27.4479293823, -27.406206131], "dvar2": [0.340540617704, 0.342807590961, 0.360410422087, 0.342133074999, 0.270835757256, 0.31344345212], "dvar": [0.158007472754, 0.172514811158, 0.187020093203, 0.190901130438, 0.168545767665, 0.209214985371], "dmean": [0.411532819271, 0.397970199585, 0.423878729343, 0.408904373646, 0.354719728231, 0.355696320534], "max": [-5.09696578979, -4.86030244827, -5.61782646179, -5.91008472443, -5.64821720123, -7.3533115387], "var": [3.02709364891, 2.83280897141, 2.77512145042, 2.8033618927, 2.64198589325, 2.57082009315], "mean": [-7.56934499741, -7.38122844696, -8.21953964233, -8.62128162384, -8.17096996307, -10.4876861572]}, "erbbands_flatness_db": {"dmean2": 0.0262392181903, "median": 0.151942685246, "min": 0.0509567521513, "dvar2": 0.000863493129145, "dvar": 0.000525282579474, "dmean": 0.0194452498108, "max": 0.478572756052, "var": 0.0036659820471, "mean": 0.163096114993}, "spectral_energyband_high": {"dmean2": 0.00059793854598, "median": 0.000298888626276, "min": 7.14589537398e-21, "dvar2": 2.67839072876e-06, "dvar": 1.38932864502e-06, "dmean": 0.00045182480244, "max": 0.0369286425412, "var": 2.9385309972e-06, "mean": 0.000813706137706}, "spectral_entropy": {"dmean2": 0.282041490078, "median": 7.33740472794, "min": 4.05950689316, "dvar2": 0.114962495863, "dvar": 0.0685569792986, "dmean": 0.212049633265, "max": 9.8186712265, "var": 0.499692469835, "mean": 7.2306842804}, "silence_rate_20dB": {"dmean2": 0, "median": 1, "min": 1, "dvar2": 0, "dvar": 0, "dmean": 0, "max": 1, "var": 0, "mean": 1}, "melbands_flatness_db": {"dmean2": 0.038798995316, "median": 0.238012567163, "min": 0.00427568424493, "dvar2": 0.00173547957093, "dvar": 0.000929142115638, "dmean": 0.0282134637237, "max": 0.681556999683, "var": 0.00799497310072, "mean": 0.247950017452}, "barkbands": {"dmean2": [2.45368246397e-05, 0.00480432156473, 0.00446580909193, 0.00222702906467, 0.00584474951029, 0.00186202302575, 0.00125072128139, 0.000655182229821, 0.000644811778329, 0.000571148935705, 0.000250391633017, 0.000144090270624, 0.00016274828522, 0.000119176860608, 0.000456851528725, 0.000651737849694, 0.000162731317687, 0.000139049981954, 0.000157175760251, 0.000190909180674, 0.000170220708242, 0.000129043270135, 9.71507979557e-05, 9.09549416974e-05, 9.28784356802e-05, 4.79775153508e-05, 1.05225062725e-05], "median": [3.2559387364e-06, 0.00266651599668, 0.00298585300334, 0.00131089868955, 0.0026324018836, 0.00108419370372, 0.00041114439955, 0.000310474424623, 0.000233505415963, 0.00020281104662, 0.000113675559987, 4.0745428123e-05, 4.84143965878e-05, 2.90058196697e-05, 9.75995499175e-05, 0.000105609266029, 3.73382390535e-05, 3.95456045226e-05, 7.24900601199e-05, 8.543493459e-05, 6.52876478853e-05, 3.48051726178e-05, 2.26715656026e-05, 2.08499968721e-05, 3.68919245375e-05, 1.41693653859e-05, 2.04578171292e-07], "min": [2.76538700756e-24, 6.92006772089e-24, 2.76135277289e-24, 1.84583965769e-24, 3.47342122443e-24, 5.80585730695e-24, 1.67162402607e-23, 1.26803836934e-23, 1.99799092869e-23, 1.31560068658e-23, 3.14021008572e-23, 3.26658970481e-23, 3.44882477807e-23, 4.24460399343e-23, 4.73915130787e-23, 6.04756231616e-23, 4.28403820345e-23, 1.02133909751e-22, 1.01533864282e-22, 1.84406384502e-22, 2.53835345435e-22, 3.40246310712e-22, 4.4529393186e-22, 6.32330959221e-22, 8.52363980899e-22, 1.2583576955e-21, 1.97029433785e-21