{"metadata": {"tags": {"encoding": ["Lavf56.36.100"], "artist": ["Sukhwinder Singh"], "bpm": ["0"], "discnumber": ["0/0"], "title": ["Satakli"], "tracknumber": ["3/0"], "album": ["Happy New Year (Original Motion Picture Soundtrack)"], "musicbrainz_recordingid": ["1071c678-be7b-4458-9f93-ddd594e7cf64"], "artistsort": ["Singh, Sukhwinder"], "date": ["2014"], "file_name": "Sukhwinder Singh - Satakli.mp3", "musicbrainz_artistid": ["d5812475-f8e6-4b5c-951f-7e82720ef041"]}, "audio_properties": {"sample_rate": 44100, "downmix": "mix", "lossless": false, "analysis_sample_rate": 44100, "md5_encoded": "0ff4ca3a83988b1532ceaa032043cd19", "equal_loudness": 0, "replay_gain": -13.6182899475, "codec": "mp3", "bit_rate": 160019, "length": 222.406524658}, "version": {"extractor": "music 1.0", "essentia_build_sha": "70f2e5ece6736b2c40cc944ad0e695b16b925413", "essentia_git_sha": "v2.1_beta2", "essentia": "2.1-beta2"}}, "rhythm": {"beats_loudness_band_ratio": {"dvar2": [0.126263305545, 0.032730076462, 0.0436318330467, 0.0242150519043, 0.0108708599582, 0.00881679914892], "var": [0.0835911035538, 0.0112054822966, 0.0169317629188, 0.00807126797736, 0.00728671718389, 0.00929573830217], "min": [0.000450417457614, 0.000390085682739, 0.00108288589399, 0.000958509626798, 0.000838673324324, 0.0025792280212], "dmean": [0.180209487677, 0.0661237463355, 0.0953630954027, 0.0634919181466, 0.0423340983689, 0.0460838638246], "mean": [0.632109701633, 0.0767705589533, 0.109204903245, 0.0692944079638, 0.0578110069036, 0.0744921714067], "max": [0.98290002346, 0.792351484299, 0.773086369038, 0.613982856274, 0.594619035721, 0.59046036005], "dmean2": [0.32467135787, 0.120060324669, 0.169961154461, 0.112603552639, 0.0761300995946, 0.0826639831066], "median": [0.758084177971, 0.0400962606072, 0.0590396299958, 0.0359654203057, 0.027789387852, 0.0396170765162], "dvar": [0.0424574539065, 0.011215233244, 0.0147473989055, 0.00851171649992, 0.00338038429618, 0.00307051674463]}, "bpm_histogram_first_peak_weight": {"dvar2": 0, "var": 0, "min": 0.87090164423, "dmean": 0, "mean": 0.87090164423, "max": 0.87090164423, "dmean2": 0, "median": 0.87090164423, "dvar": 0}, "bpm": 135.937194824, "beats_count": 489, "bpm_histogram_first_peak_spread": {"dvar2": 0, "var": 0, "min": 0.0318906903267, "dmean": 0, "mean": 0.0318906903267, "max": 0.0318906903267, "dmean2": 0, "median": 0.0318906903267, "dvar": 0}, "danceability": 1.27790808678, "bpm_histogram_first_peak_bpm": {"dvar2": 0, "var": 0, "min": 136, "dmean": 0, "mean": 136, "max": 136, "dmean2": 0, "median": 136, "dvar": 0}, "beats_position": [0.476009070873, 0.96362811327, 1.45124709606, 1.93886613846, 2.40326523781, 2.85605430603, 3.29723358154, 3.73841261864, 4.17959165573, 4.62077093124, 5.06195020676, 5.50312900543, 5.94430828094, 6.38548755646, 6.82666635513, 7.26784563065, 7.70902490616, 8.15020370483, 8.59138298035, 9.03256225586, 9.47374153137, 9.91492080688, 10.3560991287, 10.7972784042, 11.2384576797, 11.6796369553, 12.1208162308, 12.5619955063, 13.0031747818, 13.4443531036, 13.8855323792, 14.3267116547, 14.7678909302, 15.2090702057, 15.6502494812, 16.0914287567, 16.5326080322, 16.9737873077, 17.4149665833, 17.8561439514, 18.2973232269, 18.7385025024, 19.179681778, 19.6208610535, 20.062040329, 20.5032196045, 20.94439888, 21.3855781555, 21.826757431, 22.2679367065, 22.7091159821, 23.1502952576, 23.5914726257, 24.0326519012, 24.4738311768, 24.9150104523, 25.3561897278, 25.7973690033, 26.2385482788, 26.6797275543, 27.1209068298, 27.5620861053, 28.0032653809, 28.4560546875, 28.9088420868, 29.3732414246, 29.9537410736, 30.5226306915, 31.1147384644, 31.6952381134, 32.2757377625, 32.8562355042, 33.4367332458, 34.0172348022, 34.6093406677, 35.2014503479, 35.7819480896, 36.3740577698, 36.96616745, 37.5466651917, 38.1387748718, 38.730884552, 39.3229942322, 39.9151000977, 40.5072097778, 41.099319458, 41.6798171997, 42.2603149414, 42.8524246216, 43.4445343018, 44.0366439819, 44.6287536621, 45.2092514038, 45.801361084, 46.3818588257, 46.9739685059, 47.5660743713, 48.1465759277, 48.7386856079, 49.3307914734, 49.9229011536, 50.5033988953, 50.9445800781, 51.3857574463, 51.8269386292, 52.2681159973, 52.7092971802, 53.1504745483, 53.5916557312, 54.0328330994, 54.4740142822, 54.9151916504, 55.3563690186, 55.7975502014, 56.2387275696, 56.6799087524, 57.1210861206, 57.5622673035, 58.0034446716, 58.4446258545, 58.8858032227, 59.3269844055, 59.7681617737, 60.2093429565, 60.6505203247, 61.0916976929, 61.5328788757, 61.9740562439, 62.4152374268, 62.8564147949, 63.2975959778, 63.7387733459, 64.1799545288, 64.621131897, 65.0623092651, 65.5034942627, 65.9446716309, 66.385848999, 66.8270263672, 67.2682037354, 67.7093887329, 68.1505661011, 68.5917434692, 69.0329208374, 69.474105835, 69.9152832031, 70.3564605713, 70.7976379395, 71.238822937, 71.6800003052, 72.1211776733, 72.5623550415, 73.0035324097, 73.4447174072, 73.8858947754, 74.3270721436, 74.7682495117, 75.2094345093, 75.6506118774, 76.0917892456, 76.5329666138, 76.9741516113, 77.4153289795, 77.8565063477, 78.2976837158, 78.738861084, 79.1800460815, 79.6212234497, 80.0624008179, 80.503578186, 80.9447631836, 81.3859405518, 81.8271179199, 82.2682952881, 82.7094802856, 83.1506576538, 83.591835022, 84.0330123901, 84.4741897583, 84.9153747559, 85.356552124, 85.7977294922, 86.2389068604, 86.6800918579, 87.1212692261, 87.5624465942, 88.0036239624, 88.44480896, 88.8859863281, 89.3271636963, 89.7683410645, 90.2095184326, 90.6507034302, 91.0918807983, 91.5330581665, 91.9742355347, 92.4154205322, 92.8565979004, 93.2977752686, 93.7389526367, 94.1801376343, 94.6213150024, 95.0624923706, 95.5036697388, 95.9448471069, 96.3860321045, 96.8272094727, 97.2683868408, 97.709564209, 98.1507492065, 98.5919265747, 99.0331039429, 99.474281311, 99.9154663086, 100.356643677, 100.797821045, 101.238998413, 101.680175781, 102.121360779, 102.562538147, 103.003715515, 103.433288574, 103.874465942, 104.315643311, 104.74521637, 105.186393738, 105.627571106, 106.080360413, 106.521537781, 106.974327087, 107.415504456, 107.856689453, 108.297866821, 108.739044189, 109.180221558, 109.621406555, 110.062583923, 110.503761292, 110.94493866, 111.386123657, 111.827301025, 112.268478394, 112.709655762, 113.15083313, 113.592018127, 114.033195496, 114.474372864, 114.915550232, 115.356735229, 115.797912598, 116.239089966, 116.680267334, 117.121452332, 117.5626297, 118.003807068, 118.444984436, 118.886169434, 119.327346802, 119.76852417, 120.209701538, 120.650878906, 121.092063904, 121.533241272, 121.97441864, 122.415596008, 122.856781006, 123.297958374, 123.739135742, 124.18031311, 124.621498108, 125.062675476, 125.503852844, 125.945030212, 126.386207581, 126.827392578, 127.268569946, 127.709747314, 128.139312744, 128.580490112, 129.021682739, 129.462860107, 129.904037476, 130.345214844, 130.79800415, 131.239181519, 131.680358887, 132.121536255, 132.562713623, 133.003890991, 133.445083618, 133.886260986, 134.327438354, 134.768615723, 135.209793091, 135.650970459, 136.092147827, 136.533325195, 136.974502563, 137.41569519, 137.856872559, 138.298049927, 138.739227295, 139.180404663, 139.621582031, 140.062759399, 140.503936768, 140.945129395, 141.386306763, 141.827484131, 142.268661499, 142.709838867, 143.151016235, 143.592193604, 144.033370972, 144.47454834, 144.915740967, 145.356918335, 145.798095703, 146.239273071, 146.680450439, 147.121627808, 147.562805176, 148.003982544, 148.445159912, 148.886352539, 149.327529907, 149.768707275, 150.209884644, 150.651062012, 151.09223938, 151.533416748, 151.974594116, 152.415786743, 152.856964111, 153.298141479, 153.739318848, 154.180496216, 154.621673584, 155.062850952, 155.50402832, 155.945205688, 156.386398315, 156.827575684, 157.268753052, 157.70993042, 158.151107788, 158.592285156, 159.033462524, 159.474639893, 159.915817261, 160.357009888, 160.798187256, 161.239364624, 161.680541992, 162.12171936, 162.562896729, 163.004074097, 163.445251465, 163.886444092, 164.32762146, 164.768798828, 165.209976196, 165.651153564, 166.092330933, 166.533508301, 166.974685669, 167.415863037, 167.857055664, 168.298233032, 168.7394104, 169.180587769, 169.621765137, 170.062942505, 170.504119873, 170.945297241, 171.386474609, 171.827667236, 172.268844604, 172.710021973, 173.151199341, 173.592376709, 174.033554077, 174.474731445, 174.915908813, 175.35710144, 175.798278809, 176.239456177, 176.680633545, 177.121810913, 177.562988281, 178.004165649, 178.445343018, 178.886520386, 179.327713013, 179.768890381, 180.210067749, 180.651245117, 181.092422485, 181.533599854, 181.974777222, 182.41595459, 182.857131958, 183.298324585, 183.739501953, 184.180679321, 184.621856689, 185.063034058, 185.504211426, 185.945388794, 186.386566162, 186.827758789, 187.268936157, 187.710113525, 188.151290894, 188.592468262, 189.03364563, 189.474822998, 189.916000366, 190.357177734, 190.798370361, 191.239547729, 191.680725098, 192.121902466, 192.563079834, 193.004257202, 193.44543457, 193.886611938, 194.327789307, 194.768981934, 195.210159302, 195.65133667, 196.092514038, 196.533691406, 196.974868774, 197.416046143, 197.857223511, 198.298416138, 198.739593506, 199.180770874, 199.621948242, 200.06312561, 200.504302979, 200.945480347, 201.386657715, 201.827835083, 202.26902771, 202.710205078, 203.151382446, 203.592559814, 204.033737183, 204.474914551, 204.916091919, 205.357269287, 205.798446655, 206.239639282, 206.68081665, 207.121994019, 207.563171387, 208.004348755, 208.445526123, 208.886703491, 209.327880859, 209.769073486, 210.210250854, 210.651428223, 211.092605591, 211.533782959, 211.974960327, 212.416137695, 212.857315063, 213.298492432, 213.739685059, 214.180862427, 214.622039795, 215.063217163, 215.504394531, 215.957183838, 216.409973145, 216.87437439, 217.327163696, 217.779953003, 218.23274231, 218.731964111, 219.231201172, 219.730422974, 220.229660034, 220.728881836, 221.228118896, 221.727340698], "beats_loudness": {"dvar2": 0.00273231533356, "var": 0.00246258359402, "min": 4.34788605119e-09, "dmean": 0.0296758785844, "mean": 0.0743555948138, "max": 0.173075467348, "dmean2": 0.0539201311767, "median": 0.0828757062554, "dvar": 0.000912691524718}, "bpm_histogram_second_peak_weight": {"dvar2": 0, "var": 0, "min": 0.0430327877402, "dmean": 0, "mean": 0.0430327877402, "max": 0.0430327877402, "dmean2": 0, "median": 0.0430327877402, "dvar": 0}, "bpm_histogram_second_peak_spread": {"dvar2": 0, "var": 0, "min": 0.416666686535, "dmean": 0, "mean": 0.416666686535, "max": 0.416666686535, "dmean2": 0, "median": 0.416666686535, "dvar": 0}, "bpm_histogram_second_peak_bpm": {"dvar2": 0, "var": 0, "min": 101, "dmean": 0, "mean": 101, "max": 101, "dmean2": 0, "median": 101, "dvar": 0}, "onset_rate": 4.65327596664}, "lowlevel": {"spectral_energyband_high": {"dvar2": 4.7329467634e-06, "var": 3.07734035232e-06, "min": 7.88695549878e-21, "dmean": 0.000763118965551, "mean": 0.00128464086447, "max": 0.0192376375198, "dmean2": 0.00108689838089, "median": 0.000751257641241, "dvar": 2.04438015317e-06}, "spectral_energyband_middle_low": {"dvar2": 0.000149802406668, "var": 0.000117817144201, "min": 2.31821228931e-22, "dmean": 0.00592947890982, "mean": 0.0107868397608, "max": 0.103030659258, "dmean2": 0.00911424774677, "median": 0.00745575036854, "dvar": 6.14695236436e-05}, "spectral_energy": {"dvar2": 0.00107667385601, "var": 0.00130914023612, "min": 1.07953394962e-20, "dmean": 0.0171176958829, "mean": 0.0379248261452, "max": 0.203580006957, "dmean2": 0.0252995379269, "median": 0.0254079345614, "dvar": 0.00046143057989}, "spectral_spread": {"dvar2": 1127923843070.0, "var": 2720819576830.0, "min": 2142633.5, "dmean": 706344.4375, "mean": 6283627.5, "max": 42026916, "dmean2": 971966, "median": 6117824, "dvar": 683024187392}, "spectral_energyband_low": {"dvar2": 0.00128988409415, "var": 0.000949954788666, "min": 2.85853467773e-23, "dmean": 0.0144210327417, "mean": 0.0234561953694, "max": 0.183778077364, "dmean2": 0.023976020515, "median": 0.011182080023, "dvar": 0.000514975516126}, "spectral_rolloff": {"dvar2": 3276801.75, "var": 4448741, "min": 21.533203125, "dmean": 753.224304199, "mean": 1585.24902344, "max": 19401.4160156, "dmean2": 1235.85095215, "median": 796.728515625, "dvar": 1508740}, "barkbands": {"dvar2": [5.78467734158e-07, 0.000912410556339, 0.000776016968302, 4.83198964503e-05, 2.76720857073e-05, 5.74672640141e-06, 1.32950144689e-05, 1.33166640808e-05, 2.06992554013e-05, 5.95293840888e-06, 6.5131825977e-07, 2.04809271054e-06, 2.28946350944e-06, 8.3482041191e-07, 3.75523114826e-07, 4.61964049236e-07, 2.40206048829e-07, 1.48426309465e-07, 2.88599323994e-07, 2.13980897001e-07, 9.23046528101e-08, 1.21562180766e-07, 1.71272120042e-07, 1.5198527592e-07, 2.09890160363e-07, 1.50555280243e-07, 3.3303819702e-09], "var": [4.07601987717e-07, 0.000521787791513, 0.000211319667869, 2.28909757425e-05, 1.22423198263e-05, 3.38797372024e-06, 9.02096053323e-06, 8.36578783492e-06, 1.19434453154e-05, 3.83877022614e-06, 3.91984883663e-07, 7.78277808422e-07, 1.20876143228e-06, 3.99026561126e-07, 2.5234882628e-07, 2.42852507881e-07, 1.53355856014e-07, 8.73120242773e-08, 2.28186280538e-07, 1.98133989215e-07, 7.01605245013e-08, 8.47454231234e-08, 1.00089131649e-07, 1.10374202222e-07, 1.23779841488e-07, 5.42748530563e-08, 1.26016697077e-09], "min": [1.83812203424e-24, 1.18633801753e-23, 7.24491433077e-24, 1.47883667602e-23, 4.05545061003e-23, 2.23439928912e-23, 2.93291700357e-23, 3.85498843224e-23, 2.14147825869e-23, 1.72704497565e-23, 6.33934808105e-23, 8.6366877419e-23, 4.89924021563e-23, 8.70413661147e-23, 5.2402231331e-23, 8.77535434291e-23, 1.28024122712e-22, 2.03876393032e-22, 2.12213882872e-22, 2.95578734339e-22, 2.91392419909e-22, 3.79963930056e-22, 6.52818724537e-22, 7.69254089277e-22, 8.48568562825e-22, 1.61531722987e-21, 2.30713577343e-21], "dmean": [0.000253099045949, 0.0106733012944, 0.0071863764897, 0.00214221584611, 0.00184329424519, 0.000845915579703, 0.00128020404372, 0.00107080675662, 0.00121723907068, 0.00068252364872, 0.000236476960708, 0.000378247932531, 0.000383249280276, 0.000270296266535, 0.000236080217292, 0.000237298270804, 0.000192875930225, 0.000151080952492, 0.000229219644098, 0.000187432597158, 0.000111988483695, 0.000123172227177, 0.000127695704577, 0.000131098713609, 0.000167885766132, 0.000113216839964, 1.83944794117e-05], "mean": [0.000393099267967, 0.0149104073644, 0.00656991871074, 0.00249450211413, 0.00230654003099, 0.00111643411219, 0.0017533742357, 0.00128885160666, 0.00156524800695, 0.000914192176424, 0.000318275036989, 0.0004275952233, 0.000501243863255, 0.000346730288584, 0.0003247440618, 0.000303165114019, 0.000295907870168, 0.00022147562413, 0.000389225548133, 0.000312595162541, 0.000182182731805, 0.000195134387468, 0.00018931433442, 0.000206496246392, 0.000254176120507, 0.000123803183669, 2.01883940463e-05], "max": [0.00790693610907, 0.170819461346, 0.132042437792, 0.0839937925339, 0.0672738030553, 0.0299357678741, 0.0357531644404, 0.055555075407, 0.0402658320963, 0.0301606506109, 0.0164439566433, 0.0190635174513, 0.0381419919431, 0.0127441762015, 0.0104981958866, 0.00584716862068, 0.00481820711866, 0.00348371942528, 0.0087696230039, 0.00648457184434, 0.00299728754908, 0.00314607843757, 0.00391382677481, 0.0041121263057, 0.00418759137392, 0.00387049559504, 0.000436257920228], "dmean2": [0.000410182634369, 0.0173523873091, 0.0126985935494, 0.00358284218237, 0.00306247896515, 0.00138243963011, 0.00207244930789, 0.00172044255305, 0.00197871169075, 0.00109841441736, 0.000379515433451, 0.000626164430287, 0.000610282237176, 0.000428224069765, 0.000375947362045, 0.000387211970519, 0.000308536778903, 0.000238694061409, 0.000356900243787, 0.000285887159407, 0.000171307139681, 0.000184039919986, 0.000188334553968, 0.000186477423995, 0.000259947904851, 0.000173800566699, 3.12267693516e-05], "median": [0.000115137925604, 0.00574099086225, 0.00173152133357, 0.000529019045644, 0.00107659713831, 0.000483528507175, 0.00075935467612, 0.000412354740547, 0.000366433290765, 0.00025337326224, 0.000115691887913, 0.00013548345305, 0.000166047408129, 0.000126144761452, 0.000145373109262, 0.000124314785353, 0.000162415119121, 0.000115341470519, 0.000234905543039, 0.00017011356249, 9.26007342059e-05, 0.000104538747109, 9.36574142543e-05, 9.94630390778e-05, 0.000117994306493, 4.68868820462e-05, 5.60971420782e-06], "dvar": [2.24852243491e-07, 0.000330058013787, 0.000279720232356, 1.81978812179e-05, 1.05948074633e-05, 2.28930343837e-06, 5.57253724764e-06, 5.57935209144e-06, 7.9764658949e-06, 2.38475263359e-06, 2.63018961277e-07, 7.74105899382e-07, 9.14542511055e-07, 3.3695553725e-07, 1.56407281793e-07, 1.80719439413e-07, 9.64705861861e-08, 5.9055601298e-08, 1.2089502377e-07, 9.48735987549e-08, 4.02849984482e-08, 5.28359613838e-08, 7.32274401116e-08, 7.12868342134e-08, 8.47866132858e-08, 5.79788910215e-08, 1.18514642544e-09]}, "melbands_skewness": {"dvar2": 3.96625447273, "var": 5.80784082413, "min": -1.57667422295, "dmean": 1.22533416748, "mean": 3.64736270905, "max": 21.9282360077, "dmean2": 1.90639233589, "median": 3.15730977058, "dvar": 1.68381941319}, "barkbands_skewness": {"dvar2": 1.57655775547, "var": 2.37388539314, "min": -2.93345665932, "dmean": 0.80113452673, "mean": 2.05562663078, "max": 13.7691555023, "dmean2": 1.22508513927, "median": 1.82557523251, "dvar": 0.668642699718}, "erbbands": {"dvar2": [0.617229342461, 56.5819511414, 667.730041504, 490.662872314, 446.421234131, 290.663299561, 421.090698242, 395.136810303, 2830.95654297, 3319.16210938, 7974.56494141, 11305.8154297, 4609.27197266, 4749.74365234, 1785.51538086, 2702.4309082, 5295.2265625, 1600.75598145, 1549.08447266, 847.463439941, 1314.57336426, 665.533874512, 433.318084717, 427.769927979, 1047.35058594, 494.285980225, 149.025863647, 160.985076904, 158.639877319, 121.026229858, 161.420684814, 85.1273040771, 34.3794898987, 20.6717758179, 15.6704902649, 4.9904499054, 0.416290819645, 0.0105899097398, 0.00011850761075, 2.28451728645e-08], "var": [0.399052649736, 29.9326324463, 234.652664185, 233.525543213, 164.71383667, 147.418762207, 242.655426025, 219.448272705, 1890.99377441, 2269.36938477, 4787.07128906, 6792.85058594, 2742.42431641, 3210.44506836, 821.164978027, 1217.63879395, 2613.7175293, 917.915771484, 934.055114746, 610.124450684, 715.612548828, 418.310058594, 270.671234131, 366.643981934, 817.507385254, 431.144348145, 127.966194153, 108.379615784, 105.555770874, 79.4041595459, 91.5202865601, 59.0703544617, 25.7684822083, 14.0484161377, 7.66888618469, 1.70795750618, 0.145433977246, 0.00408114492893, 5.24045208294e-05, 1.52904462425e-08], "min": [6.49325673693e-22, 1.58860652583e-21, 9.31820090952e-21, 2.83157979285e-20, 5.29034637556e-20, 1.49294778531e-19, 2.92067056987e-19, 2.2923687335e-19, 3.74827226905e-19, 4.47568662792e-19, 7.68473122938e-19, 5.40555912859e-19, 8.37450163255e-19, 1.0549500675e-18, 2.82808336502e-18, 3.8314216016e-18, 2.54843035033e-18, 4.10187533391e-18, 4.29488965804e-18, 4.43704230067e-18, 5.09381750318e-18, 6.95180205737e-18, 8.31265892162e-18, 1.29108178076e-17, 1.0486762541e-17, 1.43855079591e-17, 1.01953674907e-17, 1.63011110196e-17, 1.37657883801e-17, 2.17889316057e-17, 1.80668570773e-17, 1.54232705576e-17, 1.32499957732e-17, 1.02725583311e-17, 6.42836712883e-18, 5.67377202862e-18, 2.86519296205e-18, 1.21496826039e-18, 3.37648250105e-19, 3.19726794061e-20], "dmean": [0.276334971189, 2.60057711601, 7.33448410034, 7.17425632477, 6.287358284, 6.31775665283, 7.02095174789, 6.83120203018, 17.814874649, 17.4733943939, 25.4054222107, 28.4531822205, 18.2674293518, 17.6082668304, 12.0107021332, 14.8444795609, 17.3407249451, 12.6812467575, 13.8320951462, 11.1141090393, 12.4880342484, 9.99031543732, 8.2346572876, 8.71337127686, 12.7781648636, 8.80072784424, 4.78863954544, 4.441634655, 4.38793325424, 3.75184082985, 3.82828760147, 2.85894989967, 2.13585400581, 1.74181723595, 1.34543097019, 0.619212269783, 0.182800218463, 0.0335645005107, 0.00337531091645, 5.86485075473e-05], "mean": [0.412066429853, 3.37937045097, 7.71476793289, 8.68138885498, 7.00967597961, 7.94849681854, 9.34752750397, 9.05282783508, 23.7870540619, 24.4515647888, 32.1253929138, 37.43201828, 24.2822666168, 25.0710086823, 15.6489696503, 18.6406974792, 23.3554725647, 17.4102878571, 18.8593406677, 16.0526351929, 16.9835643768, 15.6271934509, 12.9482564926, 15.1627416611, 21.7022438049, 15.0467252731, 8.23973369598, 6.951379776, 6.8655705452, 5.97260046005, 5.49255609512, 4.26688671112, 3.37016892433, 2.71189284325, 1.91716980934, 0.687263250351, 0.199071109295, 0.0379682555795, 0.00386149738915, 0.000106740131741], "max": [6.15750980377, 40.8176574707, 147.053161621, 244.178222656, 271.305389404, 204.923309326, 295.560455322, 267.731445312, 565.980407715, 936.606628418, 1559.42443848, 933.511108398, 1090.27832031, 1157.61669922, 842.252380371, 899.342468262, 2053.19799805, 627.686157227, 667.543029785, 289.265533447, 383.391204834, 235.043136597, 171.723144531, 368.997528076, 528.580993652, 389.26083374, 175.166244507, 102.224761963, 135.675857544, 125.813186646, 103.993988037, 101.869995117, 62.1602935791, 35.7006340027, 41.3000907898, 22.0105648041, 6.31171226501, 0.758360683918, 0.114399939775, 0.00143611349631], "dmean2": [0.434340745211, 4.2299580574, 12.3911209106, 11.9768419266, 10.5664043427, 10.4652919769, 11.5081939697, 11.1349248886, 28.9834384918, 28.2961769104, 40.6681442261, 45.6833190918, 29.2125244141, 28.1563472748, 19.4469890594, 24.0958690643, 27.3784770966, 19.9462051392, 21.8052558899, 17.5638999939, 20.0588340759, 15.9395065308, 12.9269943237, 13.4389076233, 19.6753387451, 13.4377384186, 7.33825016022, 6.70514297485, 6.57359552383, 5.5838561058, 5.66292476654, 4.14152526855, 3.05648183823, 2.6476817131, 2.12319970131, 0.969043731689, 0.281618595123, 0.0523388795555, 0.00571899488568, 9.41117032198e-05], "median": [0.149391368032, 1.1846550703, 2.50465631485, 2.3165564537, 2.44117808342, 3.65515136719, 3.84256029129, 4.42243528366, 9.89533424377, 10.5637264252, 11.0967273712, 9.39733314514, 8.14179325104, 8.0430393219, 6.20957517624, 6.96789360046, 8.08817768097, 7.42643785477, 8.15854549408, 7.44367218018, 7.76968574524, 8.82318115234, 7.27510166168, 8.99478530884, 12.8361034393, 8.35481071472, 4.42134666443, 3.5483314991, 3.7192709446, 3.17685294151, 2.59192276001, 1.88445544243, 1.61841464043, 1.29111075401, 0.848218798637, 0.27178683877, 0.0742213353515, 0.0161979012191, 0.000850805430673, 6.2374281697e-05], "dvar": [0.232917949557, 20.4969520569, 255.399932861, 185.745269775, 167.676544189, 111.730438232, 164.457321167, 161.004806519, 1185.02819824, 1386.140625, 3346.6184082, 4429.38525391, 1922.87817383, 1902.42651367, 689.837341309, 1056.86547852, 2074.15258789, 674.577941895, 641.868896484, 338.977294922, 513.192321777, 267.312103271, 175.260772705, 185.089080811, 429.887268066, 211.449981689, 64.9955368042, 69.4805297852, 69.0308837891, 51.5677146912, 69.1304016113, 39.9666519165, 15.93562603, 8.62075805664, 6.12227773666, 1.89253652096, 0.159613013268, 0.00412502745166, 4.16142320319e-05, 8.66605098793e-09]}, "silence_rate_30dB": {"dvar2": 0.124509975314, "var": 0.0637903660536, "min": 0, "dmean": 0.0640985518694, "mean": 0.93152397871, "max": 1, "dmean2": 0.128210484982, "median": 1, "dvar": 0.059990670532}, "melbands_spread": {"dvar2": 211.716247559, "var": 370.039794922, "min": 0.456476062536, "dmean": 8.37575817108, "mean": 22.2135047913, "max": 233.994140625, "dmean2": 13.0360584259, "median": 17.3688354492, "dvar": 94.8670349121}, "melbands_crest": {"dvar2": 34.5796432495, "var": 39.0423965454, "min": 2.01177191734, "dmean": 4.31077337265, "mean": 16.7201709747, "max": 35.8778915405, "dmean2": 7.08193492889, "median": 16.4042396545, "dvar": 13.9016647339}, "zerocrossingrate": {"dvar2": 0.000348770001438, "var": 0.0024707459379, "min": 0.00341796875, "dmean": 0.0166906137019, "mean": 0.0750967413187, "max": 0.50927734375, "dmean2": 0.0194183308631, "median": 0.06298828125, "dvar": 0.000291166768875}, "barkbands_kurtosis": {"dvar2": 225.199630737, "var": 176.833435059, "min": -1.93609523773, "dmean": 5.3908572197, "mean": 7.03851461411, "max": 346.368835449, "dmean2": 8.50821971893, "median": 3.20995211601, "dvar": 95.5076599121}, "spectral_flux": {"dvar2": 0.00240858434699, "var": 0.00480910623446, "min": 6.59163904015e-11, "dmean": 0.0337170101702, "mean": 0.107943728566, "max": 0.386897027493, "dmean2": 0.0489517748356, "median": 0.0939634665847, "dvar": 0.00123305106536}, "barkbands_crest": {"dvar2": 23.3310470581, "var": 27.509765625, "min": 1.98317301273, "dmean": 3.549888134, "mean": 11.8194112778, "max": 25.9187221527, "dmean2": 5.668592453, "median": 10.9653635025, "dvar": 9.75713825226}, "barkbands_flatness_db": {"dvar2": 0.00155741639901, "var": 0.00236287387088, "min": 0.0127380760387, "dmean": 0.0308180712163, "mean": 0.116808511317, "max": 0.385606497526, "dmean2": 0.0454248972237, "median": 0.11327765882, "dvar": 0.000711464963388}, "spectral_entropy": {"dvar2": 0.0533122904599, "var": 0.144398733974, "min": 5.30664300919, "dmean": 0.184324666858, "mean": 7.83878421783, "max": 9.81461715698, "dmean2": 0.257924675941, "median": 7.88814258575, "dvar": 0.0288389548659}, "pitch_salience": {"dvar2": 0.0183224249631, "var": 0.0226988978684, "min": 0.0705450028181, "dmean": 0.0998706370592, "mean": 0.497067242861, "max": 0.906445384026, "dmean2": 0.158419072628, "median": 0.500598430634, "dvar": 0.00792789272964}, "erbbands_spread": {"dvar2": 234.370895386, "var": 484.940032959, "min": 4.33639955521, "dmean": 10.9080667496, "mean": 51.6352310181, "max": 187.060043335, "dmean2": 16.541513443, "median": 50.052734375, "dvar": 107.527679443}, "dynamic_complexity": 3.82224273682, "spectral_contrast_valleys": {"dvar2": [0.349441051483, 0.306641995907, 0.2641505301, 0.22436670959, 0.180355831981, 0.19412457943], "var": [2.68065500259, 2.04377484322, 1.77950441837, 1.333802104, 1.1390748024, 1.31981134415], "min": [-27.6312732697, -27.6753158569, -27.5341434479, -27.3335781097, -27.3956871033, -27.2678756714], "dmean": [0.437214791775, 0.442440003157, 0.424396157265, 0.403171122074, 0.353042006493, 0.370831757784], "mean": [-7.23163175583, -6.81830835342, -7.45136022568, -7.78755950928, -7.53673839569, -9.58253479004], "max": [-5.1493768692, -4.69004154205, -5.29487276077, -5.74679374695, -5.71446752548, -7.48773384094], "dmean2": [0.687482118607, 0.659581005573, 0.592149913311, 0.528374016285, 0.437125951052, 0.436666220427], "median": [-6.81891918182, -6.50560855865, -7.20682859421, -7.60147714615, -7.37326526642, -9.41027832031], "dvar": [0.164916113019, 0.152802586555, 0.147978618741, 0.128110989928, 0.112931810319, 0.123517356813]}, "hfc": {"dvar2": 620.258605957, "var": 530.41583252, "min": 1.18985087146e-16, "dmean": 10.6904039383, "mean": 23.4578590393, "max": 205.010528564, "dmean2": 14.598736763, "median": 17.5937652588, "dvar": 277.901306152}, "spectral_kurtosis": {"dvar2": 1.4551460743, "var": 1.89730644226, "min": -1.22596156597, "dmean": 0.719787657261, "mean": 2.97916674614, "max": 19.421880722, "dmean2": 1.10710418224, "median": 2.853110075, "dvar": 0.594540476799}, "mfcc": {"mean": [-637.178161621, 96.5802383423, 16.4747104645, 23.1765460968, 9.0942325592, 3.45046186447, 5.8611664772, 4.8062620163, 2.19932985306, 7.62371969223, 5.02972888947, 0.808266043663, 4.58612680435], "cov": [[9685.09082031, 1344.98449707, 536.549804688, 2.22545576096, -29.8886699677, 59.6676177979, 121.281997681, 274.041809082, 209.217025757, 213.466690063, 206.344329834, 7.05055427551, -62.1241378784], [1344.98449707, 924.25793457, 315.495147705, 48.5284767151, -39.5618972778, 0.383224308491, 34.9274291992, 59.7379608154, 22.8832988739, 74.5963973999, 64.4347839355, 16.3922843933, -2.42745161057], [536.549804688, 315.495147705, 538.153564453, 25.862455368, 69.9237594604, 8.94524765015, -11.4603233337, 65.2243041992, 55.3154563904, 28.4935569763, 35.9489822388, 17.9544658661, 30.2387485504], [2.22545576096, 48.5284767151, 25.862455368, 281.661712646, 120.630714417, 48.5306091309, 15.2452602386, -15.2483377457, 16.7618808746, 26.0646705627, -34.8291854858, 4.61367034912, 57.0324287415], [-29.8886699677, -39.5618972778, 69.9237594604, 120.630714417, 202.48727417, 74.2880630493, 11.9428987503, 20.121723175, 49.2036399841, 16.4243907928, 1.26634299755, 9.53151130676, 49.6499443054], [59.6676177979, 0.383224308491, 8.94524765015, 48.5306091309, 74.2880630493, 146.545593262, 89.6968078613, 48.1619682312, 30.7273979187, 13.6292705536, 26.529296875, 26.6921920776, 1.56572067738], [121.281997681, 34.9274291992, -11.4603233337, 15.2452602386, 11.9428987503, 89.6968078613, 175.93409729, 77.4745941162, 13.4576330185, 9.31020450592, 40.0379524231, 21.8047428131, -2.18084836006], [274.041809082, 59.7379608154, 65.2243041992, -15.2483377457, 20.121723175, 48.1619682312, 77.4745941162, 139.512313843, 59.968662262, 12.8369722366, 52.207485199, 18.9477558136, -5.30147838593], [209.217025757, 22.8832988739, 55.3154563904, 16.7618808746, 49.2036399841, 30.7273979187, 13.4576330185, 59.968662262, 108.546882629, 41.2777748108, 37.6923179626, 13.4413833618, 14.8265638351], [213.466690063, 74.5963973999, 28.4935569763, 26.0646705627, 16.4243907928, 13.6292705536, 9.31020450592, 12.8369722366, 41.2777748108, 108.627624512, 47.5669937134, 19.896938324, 11.2590999603], [206.344329834, 64.4347839355, 35.9489822388, -34.8291854858, 1.26634299755, 26.529296875, 40.0379524231, 52.207485199, 37.6923179626, 47.5669937134, 125.114616394, 37.5947532654, -1.05552625656], [7.05055427551, 16.3922843933, 17.9544658661, 4.61367034912, 9.53151130676, 26.6921920776, 21.8047428131, 18.9477558136, 13.4413833618, 19.896938324, 37.5947532654, 82.837348938, 24.8957118988], [-62.1241378784, -2.42745161057, 30.2387485504, 57.0324287415, 49.6499443054, 1.56572067738, -2.18084836006, -5.30147838593, 14.8265638351, 11.2590999603, -1.05552625656, 24.8957118988, 98.4469451904]], "icov": [[0.000138135757879, -0.000180585469934, -4.4650878408e-06, 1.82058283826e-05, 8.63349123392e-06, -2.31395779338e-06, 5.86549776926e-06, -0.000124810438138, -0.00013891060371, -9.72797643044e-05, -2.41624147748e-05, 8.56966507854e-05, 7.27482911316e-05], [-0.000180585469934, 0.00184517272282, -0.000990748638287, -0.000692931818776, 0.00100237189326, 2.0329966901e-06, -0.00018005099264, -0.000145873083966, 0.000594432814978, -0.000681294943206, -0.000400056684157, 9.28959416342e-05, 8.0494384747e-05], [-4.4650878408e-06, -0.000990748638287, 0.002777102869, 0.000398819480324, -0.00127303123008, 0.000306631933199, 0.000770007492974, -0.00106356746983, -0.000300606625387, 0.000267796043772, 3.2404634112e-05, -0.000237667933106, -0.000439267925685], [1.82058283826e-05, -0.000692931818776, 0.000398819480324, 0.005956731271, -0.0031635928899, -0.000530410965439, -0.000780762173235, 0.000904225278646, 0.000153990273247, -0.00151745509356, 0.00239115208387, 3.95195893361e-05, -0.00177762669045], [8.63349123392e-06, 0.00100237189326, -0.00127303123008, -0.0031635928899, 0.0103712091222, -0.00500516779721, 0.00199904991314, -0.000261574488832, -0.00221655098721, 0.000438968709204, -0.000641655642539, 0.00165579619352, -0.00300879427232], [-2.31395779338e-06, 2.0329966901e-06, 0.000306631933199, -0.000530410965439, -0.00500516779721, 0.0141643388197, -0.00643130997196, 0.000327894522343, -0.00138287374284, 0.000293453369522, 6.1452294176e-05, -0.00330213271081, 0.00339628825895], [5.86549776926e-06, -0.00018005099264, 0.000770007492974, -0.000780762173235, 0.00199904991314, -0.00643130997196, 0.0115116797388, -0.0058017433621, 0.00311657227576, -0.000285322515992, -0.00130033236928, 0.000610646675341, -0.00135336094536], [-0.000124810438138, -0.000145873083966, -0.00106356746983, 0.000904225278646, -0.000261574488832, 0.000327894522343, -0.0058017433621, 0.0151406060904, -0.00734630227089, 0.00291602150537, -0.0023755801376, -0.000657250406221, 0.00144763721619], [-0.00013891060371, 0.000594432814978, -0.000300606625387, 0.000153990273247, -0.00221655098721, -0.00138287374284, 0.00311657227576, -0.00734630227089, 0.0168911423534, -0.00495287170634, -0.00104505999479, 0.000875300785992, -0.00146656576544], [-9.72797643044e-05, -0.000681294943206, 0.000267796043772, -0.00151745509356, 0.000438968709204, 0.000293453369522, -0.000285322515992, 0.00291602150537, -0.00495287170634, 0.0138337388635, -0.0046544233337, -0.000975287053734, 3.84016584576e-06], [-2.41624147748e-05, -0.000400056684157, 3.2404634112e-05, 0.00239115208387, -0.000641655642539, 6.1452294176e-05, -0.00130033236928, -0.0023755801376, -0.00104505999479, -0.0046544233337, 0.0136549212039, -0.00422421516851, 0.000649933761451], [8.56966507854e-05, 9.28959416342e-05, -0.000237667933106, 3.95195893361e-05, 0.00165579619352, -0.00330213271081, 0.000610646675341, -0.000657250406221, 0.000875300785992, -0.000975287053734, -0.00422421516851, 0.0164474193007, -0.00492281652987], [7.27482911316e-05, 8.0494384747e-05, -0.000439267925685, -0.00177762669045, -0.00300879427232, 0.00339628825895, -0.00135336094536, 0.00144763721619, -0.00146656576544, 3.84016584576e-06, 0.000649933761451, -0.00492281652987, 0.014354086481]]}, "silence_rate_20dB": {"dvar2": 0, "var": 0, "min": 1, "dmean": 0, "mean": 1, "max": 1, "dmean2": 0, "median": 1, "dvar": 0}, "melbands_kurtosis": {"dvar2": 1925.61706543, "var": 1645.86035156, "min": -1.82110512257, "dmean": 16.692232132, "mean": 26.5530052185, "max": 642.714416504, "dmean2": 26.4977645874, "median": 13.4206485748, "dvar": 815.315795898}, "barkbands_spread": {"dvar2": 187.526367188, "var": 240.342086792, "min": 0.439896374941, "dmean": 8.96256732941, "mean": 26.3132457733, "max": 121.204200745, "dmean2": 13.7763433456, "median": 22.8197059631, "dvar": 82.8950271606}, "erbbands_skewness": {"dvar2": 0.291210234165, "var": 0.504184484482, "min": -2.74673748016, "dmean": 0.381003141403, "mean": 0.364509433508, "max": 6.51386356354, "dmean2": 0.594449877739, "median": 0.346072673798, "dvar": 0.126878857613}, "average_loudness": 0.842697381973, "spectral_centroid": {"dvar2": 191795.765625, "var": 501281.625, "min": 166.339859009, "dmean": 313.431640625, "mean": 1535.44812012, "max": 10980.9003906, "dmean2": 481.040252686, "median": 1406.21166992, "dvar": 87769.5625}, "dissonance": {"dvar2": 0.000755188171752, "var": 0.000583348912187, "min": 0.284313827753, "dmean": 0.0173161737621, "mean": 0.470064640045, "max": 0.499999940395, "dmean2": 0.02910724096, "median": 0.476215273142, "dvar": 0.000283246859908}, "erbbands_flatness_db": {"dvar2": 0.000546674767975, "var": 0.00174778257497, "min": 0.040128711611, "dmean": 0.0172867067158, "mean": 0.112235359848, "max": 0.358639150858, "dmean2": 0.0252960212529, "median": 0.103137254715, "dvar": 0.000268739095191}, "spectral_strongpeak": {"dvar2": 1.05802559853, "var": 0.496690243483, "min": 0, "dmean": 0.388329356909, "mean": 0.623008072376, "max": 7.92872667313, "dmean2": 0.65621393919, "median": 0.400087833405, "dvar": 0.399753838778}, "spectral_rms": {"dvar2": 3.582505542e-06, "var": 7.9707660916e-06, "min": 3.24531027052e-12, "dmean": 0.00126914819703, "mean": 0.00538786454126, "max": 0.014093070291, "dmean2": 0.0018044852186, "median": 0.00497877784073, "dvar": 1.64606728958e-06}, "silence_rate_60dB": {"dvar2": 0.0499605201185, "var": 0.0736519694328, "min": 0, "dmean": 0.0212965868413, "mean": 0.0800626277924, "max": 1, "dmean2": 0.042597617954, "median": 0, "dvar": 0.0208458732814}, "melbands": {"dvar2": [5.90345116507e-05, 9.65195140452e-05, 1.12342167995e-05, 1.81665018317e-06, 4.2021682134e-07, 1.90418219859e-07, 6.19361571808e-07, 4.05294315442e-07, 6.19693594217e-07, 3.72879355837e-07, 1.17212408668e-07, 9.77118261858e-08, 1.55200936547e-08, 2.89919785956e-08, 2.85070083095e-08, 1.38066802435e-08, 7.13596959301e-09, 5.6277298377e-09, 1.51906831558e-09, 2.18846119004e-09, 1.81160497714e-09, 8.08363598281e-10, 6.99541979898e-10, 3.8917916112e-10, 3.33069571923e-10, 6.79514777779e-10, 5.7324267555e-10, 2.09762207604e-10, 8.88124088161e-11, 5.92160626089e-11, 6.97382984693e-11, 6.31950949903e-11, 4.69356914445e-11, 3.53535777042e-11, 6.34360758367e-11, 4.56200216492e-11, 3.15994522215e-11, 1.7208253919e-11, 1.56505503002e-11, 1.8572638219e-11], "var": [3.55601659976e-05, 5.09237979713e-05, 5.956136647e-06, 7.46672867535e-07, 2.52139358281e-07, 1.12589070511e-07, 4.17258860352e-07, 2.76639127605e-07, 3.70818185047e-07, 2.20801325668e-07, 6.93721133871e-08, 6.46027373818e-08, 8.47081249589e-09, 1.073535838e-08, 1.4758939848e-08, 6.56715481995e-09, 3.57213281177e-09, 3.0651361449e-09, 9.38683797358e-10, 1.22083387843e-09, 9.51650425129e-10, 4.67410665728e-10, 4.1244627158e-10, 2.29357907666e-10, 2.6611043924e-10, 4.54563470198e-10, 5.2315429766e-10, 1.56989504729e-10, 6.816952558e-11, 4.04596495196e-11, 4.32264606054e-11, 4.00520797084e-11, 2.83480808272e-11, 2.29164187626e-11, 3.42004584375e-11, 2.66959336581e-11, 2.16314917367e-11, 1.30943693388e-11, 1.02680077982e-11, 1.13772498367e-11], "min": [4.25335222421e-24, 3.67662666602e-24, 6.15002943129e-24, 5.51886300432e-24, 9.66491397377e-24, 5.47209893543e-24, 6.01835947431e-24, 5.23675530056e-24, 6.25068847723e-24, 3.10921025817e-24, 4.06908338865e-24, 3.35728275539e-24, 1.01535628175e-23, 7.35305532796e-24, 5.60771832453e-24, 6.105936051e-24, 7.78880079276e-24, 7.45218201159e-24, 5.89829681669e-24, 4.40329298862e-24, 5.24082700612e-24, 6.49596702634e-24, 6.22159844249e-24, 1.07595689203e-23, 1.02418836844e-23, 8.88121064114e-24, 6.92992611562e-24, 1.00363167877e-23, 5.75939458293e-24, 7.14597224059e-24, 9.66845911468e-24, 6.46115065029e-24, 9.28253337148e-24, 1.28203410286e-23, 8.61571240374e-24, 8.64862131413e-24, 8.77381432865e-24, 8.55904852492e-24, 8.98843498196e-24, 8.41826840778e-24], "dmean": [0.0027193268761, 0.00332067464478, 0.00114142918028, 0.000451091793366, 0.000238350636209, 0.000156251262524, 0.000265746581135, 0.00019490912382, 0.000226898555411, 0.000166384474142, 9.20621096157e-05, 7.71068007452e-05, 3.62840655725e-05, 4.40262301709e-05, 4.41750053142e-05, 3.04519417114e-05, 2.49040367635e-05, 2.43647209572e-05, 1.50487867359e-05, 1.66754580277e-05, 1.46530383063e-05, 1.05321387309e-05, 1.00281204141e-05, 7.45974466554e-06, 7.24429082766e-06, 1.02392259578e-05, 8.64633420861e-06, 5.45604279978e-06, 3.35813979291e-06, 2.62144840235e-06, 2.85074952444e-06, 2.69474867309e-06, 2.33300670516e-06, 2.06156619242e-06, 2.39528480961e-06, 1.95734514818e-06, 1.74390913799e-06, 1.494624712e-06, 1.46750107888e-06, 1.60463127941e-06], "mean": [0.00394027959555, 0.00431202864274, 0.00146703887731, 0.000535000348464, 0.00033325314871, 0.000209164747503, 0.000358520075679, 0.000261615088675, 0.000286235619569, 0.000215759355342, 0.000118371899589, 0.000106623665488, 4.81563911308e-05, 4.89922167617e-05, 5.79018851568e-05, 4.00171775254e-05, 3.18583915941e-05, 3.17076592182e-05, 2.05562919291e-05, 2.214279084e-05, 1.90844311874e-05, 1.56856604008e-05, 1.45143776535e-05, 1.09138909465e-05, 1.17353320093e-05, 1.64472057804e-05, 1.41621303555e-05, 8.71305564942e-06, 5.39567054147e-06, 3.97566554966e-06, 4.18557328885e-06, 3.99794225814e-06, 3.59566524821e-06, 3.20703725265e-06, 3.37570168085e-06, 2.6913351121e-06, 2.56095222539e-06, 2.32424190472e-06, 2.14686451727e-06, 2.41409998125e-06], "max": [0.0501493476331, 0.057600159198, 0.0333506129682, 0.0168851558119, 0.00854814238846, 0.00671426765621, 0.00847607012838, 0.00944799929857, 0.0124010629952, 0.00516775902361, 0.00529995793477, 0.00508473627269, 0.00240524415858, 0.00200011860579, 0.00285272113979, 0.00303027662449, 0.00127137603704, 0.00108955753967, 0.000381202204153, 0.00053844199283, 0.000437582406448, 0.000313606637064, 0.000284695270238, 0.000198264548089, 0.000333105679601, 0.00057954742806, 0.000406846695114, 0.000236653620959, 0.00016777109704, 0.00010731000657, 7.40110190236e-05, 8.21882786113e-05, 6.87958381604e-05, 8.33298036014e-05, 6.43359890091e-05, 6.87353895046e-05, 6.63814207655e-05, 4.52550084447e-05, 3.32745366904e-05, 3.02898970403e-05], "dmean2": [0.00438878266141, 0.00553822750226, 0.00187284464482, 0.00075133