{"metadata": {"tags": {"genre": ["Easy Listening"], "album": ["So Alive"], "musicbrainz album type": ["live"], "script": ["Latn"], "albumartistsort": ["Gabriel, Peter"], "musicbrainz album release country": ["GB"], "acoustid_id": ["3ddf3de8-21a7-47b4-8637-a58e616cc259"], "musicbrainz_artistid": ["8e66ea2b-b57b-47d9-8df0-df4630aeb8e5", "c78a77fa-507c-4c07-947a-0355029453bd", "7944ed53-2a58-4035-9b93-140a71e41c34"], "musicbrainz_recordingid": ["10731130-87ec-4ff1-ad2b-f3e9b1449e0a"], "albumartist": ["Peter Gabriel"], "originaldate": ["1991"], "musicbrainz album status": ["bootleg"], "artist": ["Peter Gabriel feat. Sin\u00e9ad O'Connor & Sting"], "musicbrainz_albumid": ["c1956bf0-8d3e-498b-a6f5-ffec989b3a74"], "discnumber": ["1/1"], "title": ["Don't Give Up"], "tracknumber": ["10/10"], "musicbrainz_albumartistid": ["8e66ea2b-b57b-47d9-8df0-df4630aeb8e5"], "artistsort": ["Gabriel, Peter feat. O'Connor, Sin\u00e9ad & Sting"], "date": ["1991"], "media": ["CD"], "file_name": "Don't Give Up - Peter Gabriel.mp3"}, "audio_properties": {"sample_rate": 44100, "downmix": "mix", "lossless": false, "analysis_sample_rate": 44100, "md5_encoded": "e180340d624b93bbcf10bb607f3315d6", "equal_loudness": 0, "replay_gain": -9.76176452637, "codec": "mp3", "bit_rate": 128000, "length": 485.485717773}, "version": {"extractor": "music 1.0", "essentia_build_sha": "70f2e5ece6736b2c40cc944ad0e695b16b925413", "essentia_git_sha": "v2.1_beta2", "essentia": "2.1-beta2"}}, "rhythm": {"beats_loudness_band_ratio": {"dvar2": [0.170191809535, 0.0906139314175, 0.0806171298027, 0.0551209412515, 0.013343596831, 0.0143290758133], "var": [0.0844847783446, 0.0439304709435, 0.0387868359685, 0.0250743217766, 0.00919054448605, 0.00525409402326], "min": [0.00108697102405, 0.00117007223889, 0.000518846441992, 0.00011608384375, 0.00021119727171, 0.000307296140818], "dmean": [0.340412169695, 0.214427128434, 0.18544536829, 0.115888349712, 0.0684882104397, 0.0650233924389], "mean": [0.353944420815, 0.244514092803, 0.212199494243, 0.117273129523, 0.0731191337109, 0.0536437258124], "max": [0.989768624306, 0.940324306488, 0.966644704342, 0.878951609135, 0.756253838539, 0.543102324009], "dmean2": [0.607326209545, 0.375561863184, 0.326296687126, 0.202133923769, 0.124263904989, 0.119995370507], "median": [0.291970908642, 0.194574356079, 0.14210242033, 0.061603218317, 0.0338435098529, 0.0218031592667], "dvar": [0.0577438771725, 0.0316530577838, 0.0311242043972, 0.0215373858809, 0.00514921871945, 0.00513496994972]}, "bpm_histogram_first_peak_weight": {"dvar2": 0, "var": 0, "min": 0.861068665981, "dmean": 0, "mean": 0.861068665981, "max": 0.861068665981, "dmean2": 0, "median": 0.861068665981, "dvar": 0}, "bpm": 80.0317001343, "beats_count": 656, "bpm_histogram_first_peak_spread": {"dvar2": 0, "var": 0, "min": 0.0536912679672, "dmean": 0, "mean": 0.0536912679672, "max": 0.0536912679672, "dmean2": 0, "median": 0.0536912679672, "dvar": 0}, "danceability": 1.00580000877, "bpm_histogram_first_peak_bpm": {"dvar2": 0, "var": 0, "min": 80, "dmean": 0, "mean": 80, "max": 80, "dmean2": 0, "median": 80, "dvar": 0}, "beats_position": [0.812698423862, 1.63700675964, 2.46131515503, 3.30884337425, 4.14476203918, 4.98067998886, 5.81659841537, 6.59446716309, 7.37233543396, 8.10376358032, 8.83519268036, 9.55501079559, 10.2748298645, 11.0062580109, 11.7260770798, 12.4575052261, 13.1889343262, 13.8507022858, 14.512471199, 15.1858501434, 15.8824491501, 16.5790481567, 17.2640361786, 17.9490242004, 18.6340141296, 19.3306121826, 20.0156002045, 20.7005901337, 21.3507480621, 21.9892959595, 22.616235733, 23.2547836304, 23.8933334351, 24.5318813324, 25.1704311371, 25.8205890656, 26.470746994, 27.0860767365, 27.7014045715, 28.3283443451, 28.9668922424, 29.593832016, 30.290430069, 30.9870281219, 31.6836280823, 32.3802261353, 33.1000442505, 33.8198623657, 34.539680481, 35.2594985962, 36.0605888367, 36.8616790771, 37.6279373169, 38.3941955566, 39.1720619202, 39.9383201599, 40.6929702759, 41.4476165771, 42.2022666931, 42.9453048706, 43.6883430481, 44.4313812256, 45.1860313416, 45.929069519, 46.6721076965, 47.4267578125, 48.1814041138, 48.9360542297, 49.6790924072, 50.4337387085, 51.1883888245, 51.931427002, 52.6860771179, 53.4291152954, 54.1837615967, 54.9384117126, 55.6930618286, 56.4361000061, 57.1907463074, 57.9337844849, 58.6884346008, 59.4314727783, 60.1861228943, 60.9407691956, 61.6954193115, 62.4500656128, 63.2047157288, 63.95936203, 64.7024002075, 65.4454421997, 66.200088501, 66.9431304932, 67.6977767944, 68.4524230957, 69.1954650879, 69.9384994507, 70.6931533813, 71.4477996826, 72.2024459839, 72.9570999146, 73.7001342773, 74.4431762695, 75.1978225708, 75.9524688721, 76.6955108643, 77.4501571655, 78.1931991577, 78.947845459, 79.7024917603, 80.4571380615, 81.2001800537, 81.954826355, 82.6978683472, 83.4525146484, 84.2071609497, 84.9618148804, 85.7048492432, 86.4595031738, 87.2025375366, 87.9571838379, 88.7118377686, 89.4548721313, 90.2095184326, 90.9641723633, 91.7072067261, 92.4502487183, 93.2048950195, 93.9479370117, 94.702583313, 95.4572296143, 96.2002716064, 96.9549179077, 97.709564209, 98.4526062012, 99.1956481934, 99.9502944946, 100.704940796, 101.447982788, 102.191017151, 102.945663452, 103.700317383, 104.443351746, 105.186393738, 105.941040039, 106.69568634, 107.438728333, 108.193374634, 108.948028564, 109.702674866, 110.457321167, 111.211967468, 111.966621399, 112.709655762, 113.452697754, 114.184127808, 114.938774109, 115.681808472, 116.436462402, 117.191108704, 117.945755005, 118.700408936, 119.443443298, 120.186485291, 120.941131592, 121.695777893, 122.450431824, 123.193466187, 123.948112488, 124.69115448, 125.445800781, 126.200454712, 126.955101013, 127.709747314, 128.452789307, 129.207427979, 129.950469971, 130.705123901, 131.448165894, 132.202804565, 132.957458496, 133.712112427, 134.466751099, 135.209793091, 135.952835083, 136.707473755, 137.462127686, 138.216781616, 138.959823608, 139.702850342, 140.457504272, 141.200546265, 141.955184937, 142.709838867, 143.452880859, 144.195922852, 144.950561523, 145.705215454, 146.459854126, 147.214508057, 147.969161987, 148.723800659, 149.466842651, 150.209884644, 150.952926636, 151.695953369, 152.4506073, 153.20526123, 153.959899902, 154.702941895, 155.457595825, 156.212234497, 156.966888428, 157.721542358, 158.47618103, 159.219223022, 159.962265015, 160.705307007, 161.448348999, 162.202987671, 162.957641602, 163.700683594, 164.455322266, 165.209976196, 165.953018188, 166.70765686, 167.462310791, 168.216964722, 168.971603394, 169.714645386, 170.446075439, 171.189117432, 171.943756104, 172.710021973, 173.464660645, 174.219314575, 174.962356567, 175.70539856, 176.448425293, 177.203079224, 177.946121216, 178.700775146, 179.455413818, 180.210067749, 180.953109741, 181.696136475, 182.450790405, 183.205444336, 183.948471069, 184.703125, 185.457778931, 186.200805664, 186.943847656, 187.698501587, 188.453155518, 189.207794189, 189.96244812, 190.717086792, 191.471740723, 192.226394653, 192.969436646, 193.724075317, 194.478729248, 195.23336792, 195.976409912, 196.719451904, 197.474105835, 198.217132568, 198.971786499, 199.714828491, 200.469467163, 201.224121094, 201.967163086, 202.721817017, 203.476455688, 204.231109619, 204.985748291, 205.740402222, 206.495056152, 207.238098145, 207.981124878, 208.735778809, 209.490432739, 210.233459473, 210.976501465, 211.719543457, 212.462585449, 213.205612183, 213.960266113, 214.714920044, 215.469558716, 216.212600708, 216.967254639, 217.710296631, 218.464935303, 219.219589233, 219.962631226, 220.717269897, 221.471923828, 222.21496582, 222.958007812, 223.701034546, 224.455688477, 225.210342407, 225.964981079, 226.708023071, 227.462677002, 228.205703735, 228.960357666, 229.715011597, 230.45803833, 231.212692261, 231.955734253, 232.710388184, 233.465026855, 234.231292725, 234.985931396, 235.728973389, 236.472015381, 237.215057373, 237.981307983, 238.724349976, 239.479003906, 240.22203064, 240.97668457, 241.742950439, 242.485977173, 243.229019165, 243.983673096, 244.726715088, 245.469741821, 246.224395752, 246.967437744, 247.710464478, 248.465118408, 249.2081604, 249.962814331, 250.717453003, 251.472106934, 252.215148926, 252.969787598, 253.71282959, 254.467483521, 255.210510254, 255.953552246, 256.696594238, 257.462860107, 258.217498779, 258.972137451, 259.726806641, 260.481445312, 261.224487305, 261.979125977, 262.722167969, 263.465209961, 264.219848633, 264.962890625, 265.705932617, 266.460571289, 267.215240479, 267.96987915, 268.724517822, 269.479187012, 270.233825684, 270.976867676, 271.719909668, 272.46295166, 273.229187012, 273.972229004, 274.726898193, 275.469940186, 276.21295166, 276.96762085, 277.733886719, 278.488525391, 279.243164062, 279.986206055, 280.729248047, 281.472290039, 282.226928711, 282.969970703, 283.724609375, 284.467651367, 285.210693359, 285.953735352, 286.720001221, 287.463043213, 288.217681885, 288.972320557, 289.726989746, 290.481628418, 291.23626709, 291.990936279, 292.733947754, 293.476989746, 294.231658936, 294.986297607, 295.7293396, 296.483978271, 297.227020264, 297.981658936, 298.736328125, 299.490966797, 300.245605469, 300.988647461, 301.74331665, 302.497955322, 303.252593994, 303.995635986, 304.738677979, 305.481719971, 306.224761963, 306.979400635, 307.734039307, 308.488708496, 309.243347168, 309.98638916, 310.741027832, 311.495697021, 312.238739014, 312.993377686, 313.748016357, 314.502655029, 315.257324219, 316.000366211, 316.743408203, 317.486419678, 318.241088867, 318.995727539, 319.750366211, 320.5050354, 321.248077393, 321.991119385, 322.734130859, 323.477172852, 324.231842041, 324.986480713, 325.741119385, 326.495788574, 327.238800049, 327.981842041, 328.724884033, 329.479553223, 330.234191895, 330.988830566, 331.743499756, 332.498138428, 333.2527771, 333.995819092, 334.738861084, 335.493499756, 336.248168945, 336.99118042, 337.734222412, 338.488891602, 339.231933594, 339.986572266, 340.741210938, 341.495880127, 342.238891602, 342.993560791, 343.748199463, 344.491241455, 345.234283447, 345.988922119, 346.731964111, 347.486602783, 348.241271973, 348.995910645, 349.750549316, 350.505218506, 351.248260498, 351.991271973, 352.734313965, 353.488983154, 354.243621826, 354.998260498, 355.74130249, 356.49597168, 357.238983154, 357.982025146, 358.736694336, 359.491333008, 360.24597168, 361.000640869, 361.755279541, 362.509918213, 363.252960205, 363.996002197, 364.739044189, 365.493682861, 366.248352051, 366.991363525, 367.746032715, 368.489074707, 369.243713379, 369.998352051, 370.75302124, 371.507659912, 372.262298584, 373.005340576, 373.748382568, 374.491424561, 375.234466553, 375.989105225, 376.743743896, 377.486785889, 378.241455078, 378.99609375, 379.739135742, 380.493774414, 381.248443604, 381.991455078, 382.757720947, 383.500762939, 384.243804932, 384.986846924, 385.741485596, 386.496124268, 387.250793457, 388.005432129, 388.748474121, 389.503112793, 390.257781982, 391.000823975, 391.743835449, 392.486877441, 393.241546631, 393.996185303, 394.739227295, 395.482269287, 396.236907959, 396.991546631, 397.74621582, 398.500854492, 399.243896484, 399.998535156, 400.753204346, 401.507843018, 402.262481689, 403.005523682, 403.748565674, 404.503204346, 405.257873535, 406.00088501, 406.743927002, 407.486968994, 408.241638184, 408.996276855, 409.750915527, 410.505584717, 411.248596191, 411.991638184, 412.746307373, 413.500946045, 414.267211914, 415.010253906, 415.764892578, 416.51953125, 417.262573242, 418.005615234, 418.748657227, 419.491699219, 420.246337891, 420.989379883, 421.744018555, 422.487060547, 423.241729736, 423.996368408, 424.75100708, 425.50567627, 426.248687744, 426.991729736, 427.746398926, 428.501037598, 429.25567627, 430.010345459, 430.753356934, 431.496398926, 432.251068115, 433.005706787, 433.748748779, 434.503387451, 435.258056641, 436.012695312, 436.767333984, 437.510375977, 438.265014648, 439.019683838, 439.76272583, 440.505737305, 441.260406494, 442.015045166, 442.758087158, 443.50112915, 444.255767822, 445.010437012, 445.765075684, 446.519714355, 447.262756348, 448.00579834, 448.760437012, 449.515106201, 450.258117676, 451.001159668, 451.74420166, 452.487243652, 453.241882324, 453.996551514, 454.739593506, 455.494232178, 456.24887085, 457.003540039, 457.758178711, 458.512817383, 459.267486572, 460.010498047, 460.753540039, 461.496582031, 462.251251221, 463.005889893, 463.760528564, 464.515197754, 465.258209229, 466.001251221, 466.75592041, 467.510559082, 468.265197754, 469.019866943, 469.762908936, 470.517547607, 471.272186279, 472.015228271, 472.746643066, 473.478088379, 474.05859375, 474.639099121, 475.219573975, 475.800079346, 476.380584717, 476.961090088, 477.553192139, 478.145294189, 478.702575684, 479.271453857, 479.828735352, 480.246704102, 480.664672852, 481.082611084, 481.512176514, 481.941772461, 482.371337891, 482.80090332, 483.23046875, 483.671661377, 484.112823486, 484.554016113], "beats_loudness": {"dvar2": 0.000780405825935, "var": 0.000385656632716, "min": 1.9451422304e-06, "dmean": 0.019406542182, "mean": 0.025333032012, "max": 0.134295508265, "dmean2": 0.034440677613, "median": 0.0223949998617, "dvar": 0.000290033873171}, "bpm_histogram_second_peak_weight": {"dvar2": 0, "var": 0, "min": 0.0106870224699, "dmean": 0, "mean": 0.0106870224699, "max": 0.0106870224699, "dmean2": 0, "median": 0.0106870224699, "dvar": 0}, "bpm_histogram_second_peak_spread": {"dvar2": 0, "var": 0, "min": 0.461538493633, "dmean": 0, "mean": 0.461538493633, "max": 0.461538493633, "dmean2": 0, "median": 0.461538493633, "dvar": 0}, "bpm_histogram_second_peak_bpm": {"dvar2": 0, "var": 0, "min": 86, "dmean": 0, "mean": 86, "max": 86, "dmean2": 0, "median": 86, "dvar": 0}, "onset_rate": 3.20078396797}, "lowlevel": {"spectral_energyband_high": {"dvar2": 3.25191621187e-07, "var": 3.10798640157e-07, "min": 7.78178643092e-21, "dmean": 0.000115869945148, "mean": 0.000208243378438, "max": 0.0176970195025, "dmean2": 0.000163627686561, "median": 5.14463063155e-05, "dvar": 1.58161284958e-07}, "spectral_energyband_middle_low": {"dvar2": 9.88022729871e-05, "var": 0.000172700703843, "min": 3.65885173656e-22, "dmean": 0.00392616307363, "mean": 0.0106685934588, "max": 0.141597986221, "dmean2": 0.0059055048041, "median": 0.0060735270381, "dvar": 4.57132227893e-05}, "spectral_energy": {"dvar2": 0.000144643461681, "var": 0.000336075609084, "min": 1.13483719358e-20, "dmean": 0.00565923191607, "mean": 0.0185696780682, "max": 0.143078938127, "dmean2": 0.00839489232749, "median": 0.0124782063067, "dvar": 6.94664631737e-05}, "spectral_spread": {"dvar2": 277708275712, "var": 583737540608, "min": 1439686.875, "dmean": 299859.71875, "mean": 3451953.75, "max": 39474508, "dmean2": 471142.03125, "median": 3353174.75, "dvar": 159384993792}, "spectral_energyband_low": {"dvar2": 5.05762182001e-05, "var": 7.23750126781e-05, "min": 5.19871800543e-23, "dmean": 0.00241546519101, "mean": 0.00507858209312, "max": 0.105948269367, "dmean2": 0.00374076864682, "median": 0.00189346657135, "dvar": 2.35451461776e-05}, "spectral_rolloff": {"dvar2": 688155.5, "var": 919283.125, "min": 21.533203125, "dmean": 287.17175293, "mean": 1001.4095459, "max": 18755.4199219, "dmean2": 473.227325439, "median": 624.462890625, "dvar": 325887.4375}, "barkbands": {"dvar2": [5.37120392607e-09, 2.33093669522e-05, 1.92629995581e-05, 1.18832513181e-05, 1.59162500495e-05, 2.17541692109e-05, 1.02654621514e-05, 1.8274604372e-05, 2.35644220083e-05, 1.13245350803e-05, 6.75304545439e-06, 3.07902041641e-06, 1.12634336347e-06, 9.79121637101e-07, 8.43760005864e-07, 2.44001341798e-07, 2.46658089509e-07, 2.00699972197e-07, 4.29832368809e-07, 1.5948495502e-07, 8.16181469077e-08, 1.68800067257e-08, 9.83765602314e-09, 8.09721623085e-09, 2.4890799491e-11, 2.29058894248e-12, 1.51774502254e-12], "var": [8.57505089158e-09, 1.0702419786e-05, 2.97091410175e-05, 6.31050079392e-06, 1.54766985361e-05, 3.03303258988e-05, 1.28774681798e-05, 2.28111330216e-05, 3.58878387487e-05, 2.0302417397e-05, 2.44833609031e-05, 5.39221991858e-06, 1.2425064142e-06, 1.09962286388e-06, 2.26339238907e-06, 2.64428166474e-07, 1.6535358327e-07, 2.20979814003e-07, 3.5177964719e-07, 1.58024946018e-07, 5.0026681464e-08, 1.53623780363e-08, 7.84832732137e-09, 7.48804218631e-09, 2.50693181492e-11, 1.03986166466e-12, 6.53222213733e-13], "min": [2.0424474611e-24, 3.54451613023e-23, 1.17382684135e-23, 1.32776823495e-23, 1.09578812943e-22, 2.30573992508e-23, 6.5200672792e-23, 5.55167677808e-23, 8.91940728618e-23, 4.85047535882e-23, 1.77964268671e-22, 2.38362640262e-22, 5.85276983947e-23, 7.49299846369e-23, 1.2884017092e-22, 3.51074101901e-22, 1.95553026958e-22, 2.86603011851e-22, 2.60458520621e-22, 3.65413750379e-22, 5.11415369411e-22, 5.14307169407e-22, 7.33542292989e-22, 9.62379204317e-22, 1.20693204241e-21, 1.4603007356e-21, 2.40695684398e-21], "dmean": [2.68670682999e-05, 0.00128184515052, 0.0012787549058, 0.000820873246994, 0.00117577216588, 0.00116960913874, 0.000627992267255, 0.000711466185749, 0.00095675868215, 0.000587498827372, 0.00038596460945, 0.000271954282653, 0.000165073259268, 0.000157470523845, 0.000121011406009, 9.92747663986e-05, 0.000105301682197, 0.000104957252915, 0.000131292719743, 9.21069804463e-05, 4.59985130874e-05, 2.26571082749e-05, 1.16844967124e-05, 7.38333119443e-06, 9.64397600001e-07, 3.11047273271e-07, 6.98026383361e-07], "mean": [4.39118230133e-05, 0.00175956718158, 0.00244193524122, 0.00120469357353, 0.00222974666394, 0.00238554202951, 0.00118086347356, 0.00122558337171, 0.00171907315962, 0.00113229698036, 0.00096594641218, 0.000483055599034, 0.000265357812168, 0.000259426655248, 0.000249078526394, 0.000144264806295, 0.000162964672199, 0.000188919351785, 0.000224343559239, 0.000158441762323, 7.41065814509e-05, 3.71840978914e-05, 1.85559674719e-05, 1.18558918984e-05, 1.69334055045e-06, 3.8297631022e-07, 8.52598532219e-07], "max": [0.00127230933867, 0.0471578501165, 0.0825744867325, 0.062161732465, 0.0754134878516, 0.120071396232, 0.0852066203952, 0.108947709203, 0.130793437362, 0.0806362703443, 0.0832101851702, 0.0760326609015, 0.0406167991459, 0.0327826626599, 0.0485140495002, 0.0256365686655, 0.0126615259796, 0.00992240291089, 0.0175791475922, 0.00894795637578, 0.0168359298259, 0.00541533716023, 0.00301222759299, 0.00500104855746, 0.00022405735217, 3.35524273396e-05, 5.32473359272e-06], "dmean2": [3.4257882362e-05, 0.00213780882768, 0.00198707240634, 0.00135983480141, 0.00189258926548, 0.00177830609027, 0.000975658651441, 0.00106783327647, 0.00141643662937, 0.000875550671481, 0.000581143191084, 0.00039977801498, 0.000259576743701, 0.000250963377766, 0.000187024270417, 0.00015915952099, 0.000168097787537, 0.000163905846421, 0.000201531685889, 0.00013809176744, 6.87360952725e-05, 3.32273193635e-05, 1.70478087966e-05, 1.08939275378e-05, 1.46203819895e-06, 5.07069842115e-07, 1.22030598959e-06], "median": [9.65014260146e-06, 0.000520956236869, 0.000580860883929, 0.000299543025903, 0.000990972854197, 0.000690255081281, 0.000256421859376, 0.000149046332808, 0.000149603452883, 0.000118324329378, 6.2607912696e-05, 5.49794785911e-05, 3.57407916454e-05, 3.84295271942e-05, 3.37838500855e-05, 3.20648032357e-05, 4.00156422984e-05, 4.14053283748e-05, 4.47937636636e-05, 3.34283759003e-05, 1.55330289999e-05, 8.28807424114e-06, 3.64749848814e-06, 2.4851156013e-06, 7.12852170182e-07, 1.19895176454e-07, 6.98591406945e-07], "dvar": [3.41072015075e-09, 8.76503600011e-06, 8.59989722812e-06, 4.56641328128e-06, 6.62620823277e-06, 1.01236819319e-05, 4.70683016829e-06, 8.47303363116e-06, 1.17459994726e-05, 5.27101201442e-06, 3.26556755681e-06, 1.68596693584e-06, 4.99845157265e-07, 4.29401751489e-07, 3.88592496847e-07, 1.07498976831e-07, 9.99769511623e-08, 8.70147616183e-08, 1.82186781217e-07, 7.29981977088e-08, 3.54868312513e-08, 8.47408099247e-09, 4.60601823349e-09, 3.89241128218e-09, 1.22231495758e-11, 9.44495566826e-13, 5.44058504845e-13]}, "melbands_skewness": {"dvar2": 1.41548359394, "var": 3.67464613914, "min": -1.96165537834, "dmean": 0.733007967472, "mean": 2.55059838295, "max": 23.3258190155, "dmean2": 1.11072170734, "median": 2.25376820564, "dvar": 0.635091423988}, "barkbands_skewness": {"dvar2": 0.930646598339, "var": 2.59476971626, "min": -3.00475335121, "dmean": 0.608648240566, "mean": 1.91923201084, "max": 20.9201316833, "dmean2": 0.915441870689, "median": 1.69477200508, "dvar": 0.440521150827}, "erbbands": {"dvar2": [0.00990017596632, 1.56443715096, 12.2246484756, 105.081130981, 64.2487411499, 319.364105225, 1408.39465332, 1471.09204102, 1706.56787109, 4466.91748047, 9945.62890625, 11412.5878906, 18392.6582031, 6634.04638672, 7054.13964844, 2977.55419922, 1915.3861084, 2584.2175293, 932.95916748, 1637.18847656, 584.079101562, 724.619995117, 496.936096191, 955.45904541, 1095.11315918, 337.457458496, 211.819717407, 62.4888801575, 23.1069087982, 10.5177373886, 8.50509643555, 6.23565387726, 1.0543987751, 0.0139601714909, 0.000657840166241, 9.50663452386e-05, 6.01669535172e-06, 7.02613220938e-08, 2.56283017031e-09, 1.39286560064e-09], "var": [0.00673669110984, 0.685599625111, 15.858458519, 100.93586731, 57.8326759338, 283.374786377, 1568.45251465, 2047.94848633, 2391.99365234, 4454.19824219, 14376.7226562, 17569.0761719, 32360.6347656, 19749.6699219, 28920.2871094, 5993.53808594, 1974.72583008, 2909.14819336, 1533.37683105, 3969.13818359, 682.082397461, 470.649841309, 608.767700195, 1047.81689453, 794.444458008, 335.483398438, 124.142272949, 47.3741226196, 21.6872081757, 8.52134227753, 6.59885215759, 5.80816555023, 0.872629463673, 0.0140771511942, 0.000474985630717, 4.5104236051e-05, 2.54711017078e-06, 3.32636140854e-08, 1.20560217365e-09, 1.02626718235e-09], "min": [8.46263473395e-22, 8.57189174213e-21, 1.75346554043e-20, 2.24353192551e-20, 1.09467983666e-19, 4.05366580024e-19, 4.47635199133e-19, 2.68434248392e-19, 8.02566354162e-19, 1.07686228872e-18, 1.62117132681e-18, 1.86790244973e-18, 1.25059906528e-18, 4.42493775317e-18, 6.5833774669e-18, 9.59350756831e-18, 2.94176176263e-18, 3.66678991223e-18, 6.65023144477e-18, 8.66546220622e-18, 1.93001552464e-17, 1.14370119123e-17, 1.97067376786e-17, 1.74561794095e-17, 9.70894310434e-18, 2.00850752015e-17, 1.97463430863e-17, 1.68968332619e-17, 2.17839188912e-17, 1.96016658884e-17, 1.94434791768e-17, 2.00869760626e-17, 1.62962869023e-17, 1.32357889462e-17, 9.06225330144e-18, 5.39349511294e-18, 2.81375059976e-18, 1.23688141219e-18, 3.32350261679e-19, 3.60636303724e-20], "dmean": [0.0288990642875, 0.323849856853, 1.11446750164, 2.58334040642, 2.27740001678, 4.76720094681, 8.59413814545, 8.87897968292, 8.72585678101, 11.0630149841, 16.7641906738, 19.8991127014, 23.5083045959, 13.0008058548, 11.8200531006, 9.21932315826, 7.11950874329, 8.56268787384, 5.70011615753, 5.80034923553, 5.41264390945, 5.43089866638, 5.38852262497, 6.91551351547, 5.71195745468, 4.12611627579, 2.28332662582, 1.51964461803, 0.880599796772, 0.476696372032, 0.330439031124, 0.227137371898, 0.0786043033004, 0.0159558281302, 0.00555045856163, 0.0020634229295, 0.000464158743853, 0.000125123624457, 2.97091974062e-05, 2.27093551075e-05], "mean": [0.0431307256222, 0.436581104994, 2.13846349716, 4.45788526535, 4.27475690842, 8.44309425354, 16.2045650482, 17.8275814056, 17.4922084808, 20.0464076996, 30.9970474243, 36.6145744324, 48.0727119446, 32.3768424988, 29.7847652435, 18.1554145813, 12.6919298172, 15.0279636383, 10.5021762848, 11.7000484467, 8.74628734589, 8.81744480133, 10.1502017975, 12.3371229172, 10.2216911316, 7.16296386719, 3.82064461708, 2.45735907555, 1.43334829807, 0.777022123337, 0.523663282394, 0.358972728252, 0.125856727362, 0.0287579298019, 0.00896434951574, 0.00296050403267, 0.000472254381748, 0.00011810180149, 4.60580995423e-05, 4.57574351458e-05], "max": [0.912319719791, 13.0302000046, 54.1548881531, 140.950195312, 129.688583374, 379.477478027, 845.694580078, 886.592407227, 1247.95446777, 2022.97399902, 3081.87426758, 4137.72900391, 3779.58105469, 2774.56591797, 4124.90039062, 2608.87255859, 1424.53063965, 1948.61938477, 1118.59118652, 2260.09399414, 1377.92041016, 892.836120605, 599.019897461, 997.557434082, 1090.98803711, 465.646911621, 872.129211426, 222.539779663, 204.773468018, 120.315574646, 83.0122833252, 131.438644409, 52.6308784485, 6.04984617233, 0.944979667664, 0.249434217811, 0.0552950948477, 0.00552618410438, 0.000235293220612, 0.000226760865189], "dmean2": [0.0469368174672, 0.536530137062, 1.74818873405, 4.12479114532, 3.69737815857, 7.78967523575, 13.2561426163, 13.4373340607, 13.462931633, 16.8108119965, 24.6187000275, 29.2541007996, 35.1507453918, 19.5362472534, 17.683013916, 13.4270296097, 11.1099796295, 13.486038208, 8.65673446655, 9.17969799042, 8.55820560455, 8.59289646149, 8.35404586792, 10.6547613144, 8.74560260773, 6.14604473114, 3.39074087143, 2.23712730408, 1.28619432449, 0.694399058819, 0.485598027706, 0.333202958107, 0.118672683835, 0.0236391890794, 0.00856104958802, 0.00330696022138, 0.000773278821725, 0.000218937842874, 5.14462990395e-05, 3.85430248571e-05], "median": [0.0108227049932, 0.140862286091, 0.655416369438, 1.08100163937, 1.74930787086, 3.44160699844, 4.87190008163, 5.05471229553, 4.52545070648, 4.68440818787, 4.36734724045, 3.99224948883, 4.6540594101, 3.32451319695, 2.68638134003, 2.62055826187, 2.14834356308, 2.29085445404, 1.95614933968, 1.96744334698, 2.11782550812, 2.25822901726, 2.33421349525, 2.58528900146, 2.09903621674, 1.51388669014, 0.825766444206, 0.511187195778, 0.314930319786, 0.172352224588, 0.103253483772, 0.0700762793422, 0.0282440520823, 0.0110744228587, 0.00369828823023, 0.00122557522263, 8.29183845781e-05, 3.01090003632e-05, 3.9300393837e-05, 3.95273891627e-05], "dvar": [0.00386360986158, 0.604145467281, 5.57355213165, 43.3265686035, 26.1928901672, 129.013259888, 633.496887207, 692.928955078, 782.198059082, 2000.12780762, 4823.81005859, 5986.99951172, 8304.63085938, 2920.29370117, 3227.29150391, 1696.21557617, 832.780151367, 1132.50061035, 475.735076904, 686.059753418, 270.82144165, 293.132110596, 222.701416016, 421.730773926, 452.504852295, 154.222396851, 89.5711669922, 28.7491340637, 11.6168079376, 5.0960726738, 3.8993229866, 3.04287791252, 0.47357288003, 0.00681769615039, 0.000290675787255, 3.87068612326e-05, 2.4727953587e-06, 2.81483973907e-08, 9.07695807406e-10, 5.04464969797e-10]}, "silence_rate_30dB": {"dvar2": 0.00391135271639, "var": 0.00128974427935, "min": 0, "dmean": 0.00153044145554, "mean": 0.998708724976, "max": 1, "dmean2": 0.00306102936156, "median": 1, "dvar": 0.00152778008487}, "melbands_spread": {"dvar2": 126.703941345, "var": 214.813537598, "min": 0.288293212652, "dmean": 4.91973257065, "mean": 15.971698761, "max": 184.027236938, "dmean2": 7.49318742752, "median": 11.2825126648, "dvar": 59.5434494019}, "melbands_crest": {"dvar2": 21.0004806519, "var": 28.2445449829, "min": 2.20331120491, "dmean": 3.17938637733, "mean": 14.5529842377, "max": 39.7701835632, "dmean2": 5.16171550751, "median": 13.957780838, "dvar": 8.28474712372}, "zerocrossingrate": {"dvar2": 9.18250443647e-05, "var": 0.000648147950415, "min": 0, "dmean": 0.0068637970835, "mean": 0.0418097898364, "max": 0.4951171875, "dmean2": 0.00807688850909, "median": 0.03564453125, "dvar": 7.82619099482e-05}, "barkbands_kurtosis": {"dvar2": 181.787384033, "var": 351.768218994, "min": -1.87528049946, "dmean": 4.8966012001, "mean": 9.74585056305, "max": 451.810028076, "dmean2": 7.40786361694, "median": 4.57700538635, "dvar": 91.0485229492}, "spectral_flux": {"dvar2": 0.00118620519061, "var": 0.001647653291, "min": 1.0652873722e-10, "dmean": 0.0186681598425, "mean": 0.0593154169619, "max": 0.288419544697, "dmean2": 0.029493432492, "median": 0.0499339401722, "dvar": 0.000524545495864}, "barkbands_crest": {"dvar2": 14.1488618851, "var": 20.5755233765, "min": 2.16586732864, "dmean": 2.66215491295, "mean": 11.2676610947, "max": 26.8404693604, "dmean2": 4.28751134872, "median": 10.5145301819, "dvar": 5.76628732681}, "barkbands_flatness_db": {"dvar2": 0.00102138030343, "var": 0.00344065600075, "min": 0.0203196518123, "dmean": 0.0232448149472, "mean": 0.174907460809, "max": 0.48003283143, "dmean2": 0.0343908816576, "median": 0.172283649445, "dvar": 0.000513176026288}, "spectral_entropy": {"dvar2": 0.0721202716231, "var": 0.254568934441, "min": 4.39605712891, "dmean": 0.182037591934, "mean": 7.188393116, "max": 9.80112552643, "dmean2": 0.262502282858, "median": 7.24720859528, "dvar": 0.0388268046081}, "pitch_salience": {"dvar2": 0.011252541095, "var": 0.0162581168115, "min": 0.0142313074321, "dmean": 0.0738268941641, "mean": 0.536770045757, "max": 0.881218194962, "dmean2": 0.118211984634, "median": 0.543347716331, "dvar": 0.00450059585273}, "erbbands_spread": {"dvar2": 134.4868927, "var": 307.158691406, "min": 1.27397215366, "dmean": 7.11763381958, "mean": 31.4529647827, "max": 133.422027588, "dmean2": 10.7753391266, "median": 28.7444667816, "dvar": 62.6116218567}, "dynamic_complexity": 5.07785177231, "spectral_contrast_valleys": {"dvar2": [0.267776936293, 0.232762262225, 0.192267671227, 0.195217013359, 0.156841173768, 0.139480143785], "var": [0.977766513824, 0.774915754795, 0.80382758379, 0.810931801796, 0.819304645061, 0.47825306654], "min": [-26.6713485718, -27.5477142334, -27.6186962128, -27.4574966431, -27.1514606476, -27.2503967285], "dmean": [0.386461764574, 0.351537823677, 0.325483411551, 0.299438655376, 0.263839930296, 0.240277409554], "mean": [-7.74076938629, -7.24211645126, -7.90848445892, -8.31593990326, -8.06290817261, -11.3757324219], "max": [-5.4763879776, -4.68244218826, -4.88209486008, -5.74872589111, -5.56375408173, -8.08675765991], "dmean2": [0.645244121552, 0.568598687649, 0.510138690472, 0.449974298477, 0.371446102858, 0.342778235674], "median": [-7.60416126251, -7.14429187775, -7.85084724426, -8.2528219223, -8.04941558838, -11.40092659], "dvar": [0.108392164111, 0.105206124485, 0.0968792662024, 0.107259705663, 0.0985685363412, 0.0826770067215]}, "hfc": {"dvar2": 89.0287704468, "var": 247.009078979, "min": 1.20644715857e-16, "dmean": 3.51327848434, "mean": 11.4750862122, "max": 148.987731934, "dmean2": 4.9573636055, "median": 5.4709186554, "dvar": 43.4652023315}, "spectral_kurtosis": {"dvar2": 14.7817697525, "var": 13.0911197662, "min": -1.17035710812, "dmean": 2.29906821251, "mean": 5.3077673912, "max": 42.9284820557, "dmean2": 3.91662049294, "median": 4.50958824158, "dvar": 5.3306055069}, "mfcc": {"mean": [-714.426879883, 145.188964844, -5.30770730972, 38.6614112854, -7.1170873642, 0.992814600468, -1.80876231194, 3.38323760033, -5.44710159302, 1.28855490685, -4.10866308212, -1.34238088131, -3.94145321846], "cov": [[6232.41552734, -108.443061829, -1122.13879395, -31.8868942261, -450.559661865, -108.210975647, -19.0566196442, 52.5768280029, -113.10244751, 96.7945251465, -99.622177124, -5.18966960907, -106.761726379], [-108.443061829, 872.446960449, 294.124023438, 79.5871963501, 16.0896930695, -62.59425354, -11.7556715012, -64.8227233887, -19.3831977844, -24.0297889709, 29.4783535004, 12.5403223038, 17.2950878143], [-1122.13879395, 294.124023438, 1014.09277344, 271.276702881, 99.4686660767, 79.3786621094, -70.0880966187, -100.816490173, 2.66825151443, -7.18940496445, 40.2532501221, 64.0529937744, 4.86005592346], [-31.8868942261, 79.5871963501, 271.276702881, 427.271270752, 145.783508301, 58.3365898132, -6.76157045364, -48.9553260803, 19.4574203491, 24.8250522614, -1.290340662, 26.1563644409, 36.8431777954], [-450.559661865, 16.0896930695, 99.4686660767, 145.783508301, 267.041656494, 77.8982162476, 39.6548881531, -1.78835439682, 12.417965889, 5.02530002594, -12.8190345764, -3.63684868813, 36.8101463318], [-108.210975647, -62.59425354, 79.3786621094, 58.3365898132, 77.8982162476, 169.37550354, 77.3625183105, 26.1823921204, 25.2384586334, 4.87140607834, 8.26131153107, 2.25454735756, -5.89738750458], [-19.0566196442, -11.7556715012, -70.0880966187, -6.76157045364, 39.6548881531, 77.3625183105, 171.666549683, 77.5224990845, 15.2438154221, 10.0762701035, 2.22918844223, -11.2749681473, 0.137329280376], [52.5768280029, -64.8227233887, -100.816490173, -48.9553260803, -1.78835439682, 26.1823921204, 77.5224990845, 152.915512085, 50.939201355, 13.2782268524, 4.87267446518, -13.5480985641, -16.3236904144], [-113.10244751, -19.3831977844, 2.66825151443, 19.4574203491, 12.417965889, 25.2384586334, 15.2438154221, 50.939201355, 117.207473755, 40.2123146057, 18.8077983856, 0.00948011223227, -9.42562007904], [96.7945251465, -24.0297889709, -7.18940496445, 24.8250522614, 5.02530002594, 4.87140607834, 10.0762701035, 13.2782268524, 40.2123146057, 106.603340149, 41.5134887695, 8.6501159668, -2.19631552696], [-99.622177124, 29.4783535004, 40.2532501221, -1.290340662, -12.8190345764, 8.26131153107, 2.22918844223, 4.87267446518, 18.8077983856, 41.5134887695, 97.7660675049, 35.7425613403, -1.21236777306], [-5.18966960907, 12.5403223038, 64.0529937744, 26.1563644409, -3.63684868813, 2.25454735756, -11.2749681473, -13.5480985641, 0.00948011223227, 8.6501159668, 35.7425613403, 87.0127792358, 36.0477409363], [-106.761726379, 17.2950878143, 4.86005592346, 36.8431777954, 36.8101463318, -5.89738750458, 0.137329280376, -16.3236904144, -9.42562007904, -2.19631552696, -1.21236777306, 36.0477409363, 88.0002288818]], "icov": [[0.000324245658703, -0.000166878657183, 0.000493403873406, -0.00043407882913, 0.000612027186435, -0.000382416357752, 0.00027366715949, -0.000212975864997, 0.000572633114643, -0.000624921172857, 0.000668484135531, -0.000595182646066, 0.000557841907721], [-0.000166878657183, 0.00155253673438, -0.000734710134566, 0.000136074449983, -0.000390455214074, 0.0013627166627, -0.00097881257534, 0.000670740264468, -0.000511148828082, 0.000931304937694, -0.00109038338996, 0.000754258304369, -0.000498877663631], [0.000493403873406, -0.000734710134566, 0.00230905134231, -0.00134868489113, 0.000796630920377, -0.00157758023124, 0.00124739028979, 1.50286505232e-05, 0.000844419526402, -0.000667673477437, 0.000771530612838, -0.00182332575787, 0.00157331943046], [-0.00043407882913, 0.000136074449983, -0.00134868489113, 0.00418028933927, -0.00224777171388, 0.000123014586279, -0.000311262178002, 0.00111033115536, -0.00132951757405, -0.000192043851712, -1.99965143111e-05, 0.000312715012114, -0.00134969421197], [0.000612027186435, -0.000390455214074, 0.000796630920377, -0.00224777171388, 0.00677192257717, -0.00272091291845, 0.000168884245795, -0.000497928995173, 0.00100720766932, -0.00132115953602, 0.00166743481532, 0.000556513434276, -0.00152139586862], [-0.000382416357752, 0.0013627166627, -0.00157758023124, 0.000123014586279, -0.00272091291845, 0.0107392072678, -0.00527457240969, 0.00130874209572, -0.00237596151419, 0.00211313785985, -0.00181974621955, 9.61731566349e-05, 0.00114648160525], [0.00027366715949, -0.00097881257534, 0.00124739028979, -0.000311262178002, 0.000168884245795, -0.00527457240969, 0.0108225392178, -0.00511766970158, 0.00247975508682, -0.00169785914477, 0.000675521441735, 0.000252870871918, -0.000675558228977], [-0.000212975864997, 0.000670740264468, 1.50286505232e-05, 0.00111033115536, -0.000497928995173, 0.00130874209572, -0.00511766970158, 0.0113422768191, -0.00502572953701, 0.00129815598484, -0.000763020885643, 0.00042135224794, 0.000863008550368], [0.000572633114643, -0.000511148828082, 0.000844419526402, -0.00132951757405, 0.00100720766932, -0.00237596151419, 0.00247975508682, -0.00502572953701, 0.0131678888574, -0.00500897597522, 0.000852384429891, -0.000933451170567, 0.0014680121094], [-0.000624921172857, 0.000931304937694, -0.000667673477437, -0.000192043851712, -0.00132115953602, 0.00211313785985, -0.00169785914477, 0.00129815598484, -0.00500897597522, 0.0145546002313, -0.00702443113551, 0.00211213738658, -0.00102143466938], [0.000668484135531, -0.00109038338996, 0.000771530612838, -1.99965143111e-05, 0.00166743481532, -0.00181974621955, 0.000675521441735, -0.000763020885643, 0.000852384429891, -0.00702443113551, 0.0171230789274, -0.00805710721761, 0.00348137575202], [-0.000595182646066, 0.000754258304369, -0.00182332575787, 0.000312715012114, 0.000556513434276, 9.61731566349e-05, 0.000252870871918, 0.00042135224794, -0.000933451170567, 0.00211213738658, -0.00805710721761, 0.0196504183114, -0.00925683137029], [0.000557841907721, -0.000498877663631, 0.00157331943046, -0.00134969421197, -0.00152139586862, 0.00114648160525, -0.000675558228977, 0.000863008550368, 0.0014680121094, -0.00102143466938, 0.00348137575202, -0.00925683137029, 0.0174625832587]]}, "silence_rate_20dB": {"dvar2": 0, "var": 0, "min": 1, "dmean": 0, "mean": 1, "max": 1, "dmean2": 0, "median": 1, "dvar": 0}, "melbands_kurtosis": {"dvar2": 512.569946289, "var": 844.863586426, "min": -1.78174626827, "dmean": 8.31571006775, "mean": 17.9597835541, "max": 596.931213379, "dmean2": 12.7374105453, "median": 9.20279502869, "dvar": 238.029418945}, "barkbands_spread": {"dvar2": 54.4428634644, "var": 116.048995972, "min": 0.239405140281, "dmean": 3.87620949745, "mean": 13.6923303604, "max": 88.1649398804, "dmean2": 5.81136274338, "median": 10.6025791168, "dvar": 27.2738895416}, "erbbands_skewness": {"dvar2": 0.419001728296, "var": 1.2082221508, "min": -4.73359203339, "dmean": 0.441557049751, "mean": 0.904763042927, "max": 10.3627758026, "dmean2": 0.660016596317, "median": 0.800619125366, "dvar": 0.204447597265}, "average_loudness": 0.596023797989, "spectral_centroid": {"dvar2": 147915.6875, "var": 446488.59375, "min": 133.988861084, "dmean": 210.877761841, "mean": 1053.40014648, "max": 11077.1005859, "dmean2": 311.183532715, "median": 852.06237793, "dvar": 79182.4765625}, "dissonance": {"dvar2": 0.0016023691278, "var": 0.00176294241101, "min": 0.0438725352287, "dmean": 0.0233102738857, "mean": 0.448821365833, "max": 0.500000238419, "dmean2": 0.038506615907, "median": 0.459805339575, "dvar": 0.000605266250204}, "erbbands_flatness_db": {"dvar2": 0.000553888559807, "var": 0.00248933606781, "min": 0.0251777302474, "dmean": 0.0178339760751, "mean": 0.196860820055, "max": 0.406283915043, "dmean2": 0.0263608694077, "median": 0.191103637218, "dvar": 0.000278011895716}, "spectral_strongpeak": {"dvar2": 1.234395504, "var": 2.33241844177, "min": 0, "dmean": 0.430524736643, "mean": 1.08023917675, "max": 15.2889995575, "dmean2": 0.691322386265, "median": 0.491037726402, "dvar": 0.530306756496}, "spectral_rms": {"dvar2": 9.77016497927e-07, "var": 4.10976008425e-06, "min": 3.32739868644e-12, "dmean": 0.000599550199695, "mean": 0.00374259054661, "max": 0.0118147870526, "dmean2": 0.00087172165513, "median": 0.00348910596222, "dvar": 5.02588250129e-07}, "silence_rate_60dB": {"dvar2": 0.0692432671785, "var": 0.135429561138, "min": 0, "dmean": 0.0324262268841, "mean": 0.161453843117, "max": 1, "dmean2": 0.0648555606604, "median": 0, "dvar": 0.031365480274}, "melbands": {"dvar2": [1.23850077216e-06, 2.38802158492e-06, 2.35825086747e-06, 6.46406135729e-07, 1.19493211059e-06, 6.85135773892e-07, 3.77781503857e-07, 5.71786927139e-07, 7.06359969627e-07, 4.940777103e-07, 4.56426022311e-07, 1.12442123168e-07, 8.27598611863e-08, 4.234940576e-08, 1.33091209165e-08, 1.41927500863e-08, 1.13373159749e-08, 3.00191649316e-09, 9.31482802002e-09, 1.61133495435e-09, 8.65461924349e-10, 1.06904629593e-09, 4.77487493988e-10, 4.78125650183e-10, 8.18602630126e-10, 6.78696376877e-10, 5.08085573614e-10, 1.62286309391e-10, 7.10563205497e-11, 7.77532760399e-11, 1.97783369543e-11, 8.88931549897e-12, 5.96774669612e-12, 2.97059577457e-12, 3.03587125057e-12, 2.84353812198e-12, 2.66347512622e-12, 9.01379448512e-13, 5.52665755499e-14, 4.76016634489e-15], "var": [6.34440596059e-07, 2.94196615869e-06, 2.24076052291e-06, 5.56983877686e-07, 1.38142718242e-06, 1.02653007161e-06, 5.43699911759e-07, 6.13136705852e-07, 1.14513568406e-06, 7.54917891754e-07, 8.09211826436e-07, 2.89373957685e-07, 2.97435889252e-07, 1.17143855505e-07, 1.79996728633e-08, 1.77089329867e-08, 1.28848931524e-08, 3.4368714541e-09, 2.49639793282e-08, 1.65647384698e-09, 8.53772497145e-10, 6.36260155673e-10, 4.64129679134e-10, 5.00710695128e-10, 8.36974156648e-10, 4.7711823381e-10, 3.54565737881e-10, 1.39384725983e-10, 4.6367971962e-11, 4.42348067897e-11, 1.44524843482e-