{"tonal": {"thpcp": [1, 0.827363312244, 0.544999420643, 0.415462702513, 0.389308363199, 0.42000490427, 0.420073658228, 0.372019648552, 0.378749549389, 0.423826128244, 0.393480807543, 0.316769599915, 0.337579965591, 0.511636316776, 0.696389377117, 0.631062865257, 0.444812804461, 0.412531167269, 0.445274829865, 0.430906116962, 0.408063679934, 0.374732404947, 0.311251223087, 0.267687350512, 0.580913066864, 0.889069974422, 0.585673630238, 0.306457161903, 0.340366393328, 0.350535452366, 0.379962444305, 0.468791604042, 0.528842151165, 0.536288976669, 0.611676633358, 0.842270851135], "hpcp": {"dmean2": [0.527354121208, 0.398766428232, 0.299979895353, 0.270884186029, 0.290149837732, 0.298089385033, 0.264166086912, 0.256577223539, 0.282045722008, 0.285209208727, 0.237250357866, 0.257229924202, 0.32772809267, 0.363951742649, 0.345900654793, 0.289838254452, 0.266570180655, 0.297833204269, 0.292689681053, 0.27104973793, 0.247910737991, 0.210814699531, 0.178194925189, 0.33315077424, 0.512151181698, 0.328247249126, 0.205433398485, 0.228522464633, 0.233320176601, 0.256541013718, 0.322838902473, 0.369992852211, 0.369072109461, 0.412630051374, 0.542329013348, 0.588764965534], "median": [0.121320806444, 0.0549868345261, 0.0340272933245, 0.0324476510286, 0.0325651578605, 0.029267065227, 0.0281910263002, 0.0298664085567, 0.0332007072866, 0.0320659801364, 0.0265263635665, 0.0278223231435, 0.0465435236692, 0.0679798051715, 0.0641006082296, 0.0530598349869, 0.0469084829092, 0.0450438149273, 0.043079521507, 0.0453433506191, 0.0394087769091, 0.0334401912987, 0.0305312927812, 0.113393910229, 0.150640696287, 0.111441254616, 0.0314494594932, 0.0297376792878, 0.0289618931711, 0.0318501777947, 0.0400586463511, 0.0507395491004, 0.0605317205191, 0.0755213052034, 0.119127765298, 0.166498035192], "min": [0, 0, 0, 0, 0, 0, 0, 0, 0, 0, 0, 0, 0, 0, 0, 0, 0, 0, 0, 0, 0, 0, 0, 0, 0, 0, 0, 0, 0, 0, 0, 0, 0, 0, 0, 0], "dvar2": [0.243777409196, 0.207095220685, 0.162409439683, 0.154020398855, 0.160501077771, 0.168306484818, 0.152305662632, 0.138948336244, 0.151554346085, 0.162064298987, 0.12824600935, 0.132085472345, 0.1632027179, 0.174313142896, 0.172979861498, 0.1322170645, 0.109979592264, 0.124127402902, 0.129852771759, 0.115639463067, 0.10976370424, 0.0887326970696, 0.0711060166359, 0.10112837702, 0.218428626657, 0.101965725422, 0.0891177505255, 0.113191507757, 0.112759463489, 0.128564536572, 0.171536460519, 0.198655575514, 0.18866160512, 0.192362293601, 0.253287553787, 0.253516942263], "dvar": [0.0926166847348, 0.0762261003256, 0.0589033961296, 0.0545142367482, 0.0598966404796, 0.0628976300359, 0.0549829900265, 0.0505989976227, 0.0561806559563, 0.0568276233971, 0.045169044286, 0.0473098121583, 0.0610520914197, 0.069638133049, 0.0677938684821, 0.0470909290016, 0.0402142331004, 0.0455518215895, 0.0464612282813, 0.0436276271939, 0.0411622934043, 0.032716486603, 0.0254719201475, 0.0363865345716, 0.0791435316205, 0.0373792536557, 0.0335195884109, 0.0415686815977, 0.0420564524829, 0.046346206218, 0.0614822469652, 0.071699231863, 0.0683298110962, 0.0715936422348, 0.0944228097796, 0.0976932197809], "dmean": [0.291223049164, 0.216101631522, 0.162189230323, 0.148206323385, 0.159494459629, 0.162704855204, 0.144566893578, 0.141563400626, 0.153919875622, 0.154769584537, 0.128624588251, 0.138877779245, 0.182833328843, 0.208593845367, 0.198484018445, 0.160786405206, 0.14794370532, 0.163541555405, 0.160827383399, 0.150962620974, 0.139238938689, 0.116138644516, 0.0980140343308, 0.189156413078, 0.294132769108, 0.188277810812, 0.114265650511, 0.126452863216, 0.12772333622, 0.1399987638, 0.175865381956, 0.200780421495, 0.203617066145, 0.226685300469, 0.298424601555, 0.325013488531], "max": [1, 1, 1, 1, 1, 1, 1, 1, 1, 1, 1, 1, 1, 1, 1, 1, 1, 1, 1, 1, 1, 1, 1, 1, 1, 1, 1, 1, 1, 1, 1, 1, 1, 1, 1, 1], "var": [0.096500903368, 0.0650452375412, 0.0501457229257, 0.0456407591701, 0.0518661476672, 0.0542752072215, 0.0468859374523, 0.0451497919858, 0.0537436679006, 0.0469906739891, 0.0340931005776, 0.0362046845257, 0.060327373445, 0.091639533639, 0.0797799378633, 0.0425531342626, 0.0383596681058, 0.0461578667164, 0.044522985816, 0.040786202997, 0.0373234078288, 0.0275682210922, 0.02050925605, 0.0394852571189, 0.0938654541969, 0.0417334027588, 0.0289647616446, 0.0370484814048, 0.0388789474964, 0.0448066405952, 0.0583771802485, 0.0634415596724, 0.0599051006138, 0.0676446035504, 0.0980796068907, 0.114132300019], "mean": [0.262375235558, 0.172831386328, 0.131752431393, 0.123458310962, 0.133192867041, 0.133214667439, 0.11797567457, 0.12010987103, 0.134404659271, 0.124781481922, 0.10045465827, 0.107054084539, 0.162251219153, 0.220840513706, 0.200124010444, 0.141059994698, 0.130822777748, 0.141206517816, 0.136649876833, 0.129406034946, 0.118835948408, 0.0987046584487, 0.0848895907402, 0.184220403433, 0.281943798065, 0.185730084777, 0.0971843600273, 0.107937730849, 0.111162558198, 0.120494514704, 0.148664206266, 0.167707562447, 0.170069113374, 0.193976223469, 0.267102748156, 0.317122161388]}, "tuning_equal_tempered_deviation": 0.247275948524, "chords_changes_rate": 0.0805960074067, "key_key": "C#", "tuning_diatonic_strength": 0.439687609673, "key_scale": "minor", "chords_number_rate": 0.00304774800315, "tuning_frequency": 434.193115234, "tuning_nontempered_energy_ratio": 0.885903775692, "chords_histogram": [33.4913635254, 0.406366407871, 0.609549582005, 0.643413484097, 0, 0.169319331646, 0, 26.142906189, 13.8164577484, 0.54182189703, 0.54182189703, 1.69319331646, 2.03183197975, 0.778868973255, 5.41821861267, 0.0677277371287, 0, 0.474094152451, 8.94006061554, 1.52387404442, 0.0338638685644, 0, 2.16728758812, 0.507957994938], "key_strength": 0.583922445774, "chords_key": "C#", "chords_strength": {"dmean2": 0.0184160750359, "median": 0.557207345963, "min": 0.231608390808, "dvar2": 0.000248736876529, "dvar": 0.000139852258144, "dmean": 0.0137860421091, "max": 0.801622271538, "var": 0.0105536412448, "mean": 0.559199094772}, "chords_scale": "minor", "hpcp_entropy": {"dmean2": 1.23632144928, "median": 3.1989967823, "min": 0, "dvar2": 0.987200200558, "dvar": 0.361096858978, "dmean": 0.726042985916, "max": 4.63135433197, "var": 0.617600142956, "mean": 3.08828282356}}, "metadata": {"audio_properties": {"equal_loudness": 0, "codec": "mp3", "downmix": "mix", "sample_rate": 44100, "analysis_sample_rate": 44100, "bit_rate": 320061, "md5_encoded": "c380330de4f2424941ca18e2c59d7218", "length": 137.064483643, "replay_gain": -10.8605594635, "lossless": false}, "version": {"essentia_build_sha": "70f2e5ece6736b2c40cc944ad0e695b16b925413", "essentia": "2.1-beta2", "extractor": "music 1.0", "essentia_git_sha": "v2.1_beta2"}, "tags": {"title": ["My Untold Apocalypse (live)"], "albumartist": ["Misery Index"], "date": ["2010-02-24"], "genre": ["Grindcore / Death Metal / Deathgrind / Brutal Death Metal"], "musicip_puid": ["7cc5f04f-ef66-92db-185e-389c63209204"], "musicbrainz_recordingid": ["107db165-1957-49c4-b335-6e08a8ae6bc7"], "album": ["Pulling Out the Nails"], "musicbrainz album status": ["official"], "musicbrainz_albumartistid": ["f9b57146-c5ce-41ad-adfb-ee904a4f7b19"], "musicbrainz_albumid": ["9ae3e336-f621-4e6e-b6d8-a858460d3ce0"], "artist": ["Misery Index"], "artistsort": ["Misery Index"], "tracknumber": ["29/30"], "label": ["Anarchos"], "albumartistsort": ["Misery Index"], "musicbrainz album type": ["compilation"], "musicbrainz_artistid": ["f9b57146-c5ce-41ad-adfb-ee904a4f7b19"], "file_name": "29 My Untold Apocalypse (live).mp3"}}, "rhythm": {"bpm_histogram_first_peak_bpm": {"dmean2": 0, "median": 98, "min": 98, "dvar2": 0, "dvar": 0, "dmean": 0, "max": 98, "var": 0, "mean": 98}, "bpm": 98.5749816895, "bpm_histogram_second_peak_spread": {"dmean2": 0, "median": 0.250000059605, "min": 0.250000059605, "dvar2": 0, "dvar": 0, "dmean": 0, "max": 0.250000059605, "var": 0, "mean": 0.250000059605}, "bpm_histogram_first_peak_weight": {"dmean2": 0, "median": 0.571428596973, "min": 0.571428596973, "dvar2": 0, "dvar": 0, "dmean": 0, "max": 0.571428596973, "var": 0, "mean": 0.571428596973}, "onset_rate": 3.57458114624, "beats_position": [0.568888902664, 1.14938771725, 1.74149656296, 2.33360528946, 2.92571425438, 3.52943301201, 4.12154197693, 4.72526073456, 5.34058952332, 5.93269824982, 6.52480697632, 7.11691617966, 7.72063493729, 8.33596324921, 8.93968200684, 9.54340076447, 10.1587295532, 10.7624483109, 11.354557991, 11.9466667175, 12.538775444, 13.1424942017, 13.722992897, 14.3151016235, 14.90721035, 15.5109291077, 16.1030387878, 16.6835365295, 17.2524261475, 17.8213157654, 18.390203476, 18.9590930939, 19.5279808044, 20.1084804535, 20.6889801025, 21.2926979065, 21.8964176178, 22.5001354218, 23.1038551331, 23.7191829681, 24.3345127106, 24.9382305145, 25.5419502258, 26.1224479675, 26.7029476166, 27.2950553894, 27.8755550385, 28.4676647186, 29.0597724915, 29.6518821716, 30.2439899445, 30.8360996246, 31.4282073975, 32.0203170776, 32.6124267578, 33.239364624, 33.8663024902, 34.4816322327, 35.0853500366, 35.7006797791, 36.3160095215, 36.9313354492, 37.5466651917, 38.1619949341, 38.7773246765, 39.3810424805, 39.9847602844, 40.5768699646, 41.1689796448, 41.7494773865, 42.3299751282, 42.9104766846, 43.50258255, 44.0830841064, 44.6751937866, 45.2556915283, 45.83618927, 46.4282989502, 47.0204086304, 47.6241264343, 48.2278442383, 48.80834198, 49.4004516602, 49.9925613403, 50.5846710205, 51.2000007629, 51.8037185669, 52.4074363708, 53.0111541748, 53.6380958557, 54.2534217834, 54.8687515259, 55.4724693298, 56.0761909485, 56.6799087524, 57.2836265564, 57.8757362366, 58.491065979, 59.1063919067, 59.7333335876, 60.3602714539, 60.9756011963, 61.5793190002, 62.1714286804, 62.7635345459, 63.3904762268, 64.0174102783, 64.6327438354, 65.2480697632, 65.8634033203, 66.478729248, 67.0940551758, 67.7093887329, 68.3131027222, 68.9284362793, 69.543762207, 70.1590881348, 70.7744216919, 71.3897476196, 72.0050811768, 72.608795166, 73.2009048462, 73.8162307739, 74.4199523926, 75.0352783203, 75.6506118774, 76.2659378052, 76.8812713623, 77.49659729, 78.1003189087, 78.7156448364, 79.3309707642, 79.9463043213, 80.5500183105, 81.1653518677, 81.7806777954, 82.3960113525, 83.0229492188, 83.649887085, 84.2768249512, 84.8921508789, 85.5190887451, 86.1460266113, 86.7613601685, 87.3766860962, 88.0036239624, 88.6189575195, 89.2458953857, 89.8612213135, 90.4881591797, 91.0918807983, 91.7072067261, 92.3225402832, 92.9378662109, 93.5531921387, 94.1685256958, 94.7838516235, 95.3991851807, 96.0145111084, 96.6298370361, 97.2451705933, 97.860496521, 98.4758224487, 99.0795440674, 99.6948699951, 100.298591614, 100.902313232, 101.506027222, 102.10974884, 102.725074768, 103.340408325, 103.955734253, 104.582672119, 105.209609985, 105.836547852, 106.451881409, 107.067207336, 107.694145203, 108.321083069, 108.936416626, 109.551742554, 110.17868042, 110.805618286, 111.444168091, 112.071105957, 112.698051453, 113.31337738, 113.917098999, 114.520812988, 115.124534607, 115.716644287, 116.308753967, 116.912467957, 117.516189575, 118.119903564, 118.723625183, 119.327346802, 119.931060791, 120.523170471, 121.12689209, 121.71900177, 122.31111145, 122.90322113, 123.50693512, 124.122268677, 124.714370728, 125.318092346, 125.921813965, 126.525527954, 127.140861511, 127.7445755, 128.359909058, 128.986846924, 129.602172852, 130.205886841, 130.79800415, 131.390106201, 131.982223511, 132.5859375, 133.201263428, 133.828201294, 134.45513916, 135.082077026, 135.709014893, 136.335968018], "beats_loudness": {"dmean2": 0.0495225936174, "median": 0.0585301145911, "min": 3.9575820665e-07, "dvar2": 0.00148694741074, "dvar": 0.000549036369193, "dmean": 0.0280492622405, "max": 0.134511590004, "var": 0.000818621425424, "mean": 0.0589163377881}, "danceability": 1.15493512154, "bpm_histogram_second_peak_weight": {"dmean2": 0, "median": 0.0669642835855, "min": 0.0669642835855, "dvar2": 0, "dvar": 0, "dmean": 0, "max": 0.0669642835855, "var": 0, "mean": 0.0669642835855}, "beats_count": 225, "bpm_histogram_second_peak_bpm": {"dmean2": 0, "median": 103, "min": 103, "dvar2": 0, "dvar": 0, "dmean": 0, "max": 103, "var": 0, "mean": 103}, "bpm_histogram_first_peak_spread": {"dmean2": 0, "median": 0.372548997402, "min": 0.372548997402, "dvar2": 0, "dvar": 0, "dmean": 0, "max": 0.372548997402, "var": 0, "mean": 0.372548997402}, "beats_loudness_band_ratio": {"dmean2": [0.307244896889, 0.226783886552, 0.120593599975, 0.05533926934, 0.0638165771961, 0.069534599781], "median": [0.717097103596, 0.0997747257352, 0.0516154207289, 0.0241497270763, 0.0439502112567, 0.0330586731434], "min": [0.000107355568616, 0.00180184841156, 0.00455630151555, 0.00129003683105, 0.00214747921564, 8.90623850864e-05], "dvar2": [0.060960996896, 0.0483185760677, 0.0218179710209, 0.00550184492022, 0.00391411455348, 0.0213586296886], "dvar": [0.024073947221, 0.0152168339118, 0.00769672123715, 0.00178469356615, 0.00175022357143, 0.00814348552376], "dmean": [0.176037862897, 0.123336240649, 0.0704763904214, 0.0322143360972, 0.0366477407515, 0.0396625436842], "max": [0.93835401535, 0.615401804447, 0.553928792477, 0.306154727936, 0.473424255848, 0.8343334198], "var": [0.0463963486254, 0.0153473038226, 0.00803439412266, 0.00199066614732, 0.00371896428987, 0.00864424183965], "mean": [0.651083171368, 0.142670854926, 0.0832895562053, 0.0387249551713, 0.0614016614854, 0.0563281774521]}}, "lowlevel": {"barkbands_spread": {"dmean2": 12.7574949265, "median": 21.1638336182, "min": 1.05511283875, "dvar2": 131.291275024, "dvar": 55.4103622437, "dmean": 7.93700742722, "max": 96.6669082642, "var": 155.863189697, "mean": 23.1349906921}, "melbands_spread": {"dmean2": 12.4056758881, "median": 14.3651733398, "min": 0.726556777954, "dvar2": 158.575164795, "dvar": 70.3193206787, "dmean": 7.84638023376, "max": 167.121200562, "var": 379.210540771, "mean": 19.9251327515}, "hfc": {"dmean2": 11.8520288467, "median": 22.9539680481, "min": 1.14479030685e-16, "dvar2": 215.123733521, "dvar": 86.9347610474, "dmean": 7.3459854126, "max": 285.627227783, "var": 183.293426514, "mean": 24.7385406494}, "barkbands_kurtosis": {"dmean2": 9.34212493896, "median": 3.99052762985, "min": -1.80385315418, "dvar2": 165.292160034, "dvar": 67.4972686768, "dmean": 5.76323080063, "max": 156.056137085, "var": 105.714019775, "mean": 7.08409166336}, "gfcc": {"mean": [23.0201244354, 84.385887146, -104.312393188, 64.732673645, -45.6611709595, 0.948895215988, -33.9728851318, 12.622964859, -23.8629131317, -5.04635667801, -19.3248176575, -2.89225363731, -10.9803915024], "icov": [[0.000199101559701, -0.000343933294062, -7.73995852796e-05, -0.000458314170828, 0.000703961297404, -0.00075164961163, 0.000506231212057, -0.000504711701069, 0.000299920531688, -0.000468482699944, 0.000432809698395, -0.000570770935155, 0.00029778823955], [-0.000343933294062, 0.00244798953645, -0.000173875057953, 0.00103564979509, -0.00174950924702, 0.00285003241152, -0.0027652180288, 0.00133904628456, -0.00115631974768, 0.00378680950962, -0.00365549419075, 0.00247596483678, -0.0011893613264], [-7.73995852796e-05, -0.000173875057953, 0.00362228811719, -0.000467022880912, -0.00237909355201, -0.000509524659719, 0.00343518774025, -0.0035429042764, 0.00140788510907, 0.000802391092293, 0.00151924462989, -0.00302370567806, 0.00252321525477], [-0.000458314170828, 0.00103564979509, -0.000467022880912, 0.00580323208123, -0.00382052036002, 0.00019822147442, 0.00174309220165, 0.00272354390472, -0.00522847287357, 0.00638259621337, -0.00256657204591, 0.00082079495769, -0.000823074427899], [0.000703961297404, -0.00174950924702, -0.00237909355201, -0.00382052036002, 0.00974057521671, -0.00271636596881, -0.00175451650284, 8.27420735732e-05, 0.00368378288113, -0.00771824223921, 0.00231121131219, 0.00123685924336, -0.0019061100902], [-0.00075164961163, 0.00285003241152, -0.000509524659719, 0.00019822147442, -0.00271636596881, 0.0147948274389, -0.00914452876896, -0.00103490205947, 0.00591708766297, -0.00108916824684, -0.00474977307022, 0.00437263492495, -0.000257891806541], [0.000506231212057, -0.0027652180288, 0.00343518774025, 0.00174309220165, -0.00175451650284, -0.00914452876896, 0.0194388050586, -0.00660955999047, -0.00726671796292, 0.00752465426922, 0.00482267187908, -0.00925346743315, 0.00541690597311], [-0.000504711701069, 0.00133904628456, -0.0035429042764, 0.00272354390472, 8.27420735732e-05, -0.00103490205947, -0.00660955999047, 0.019578974694, -0.00874954182655, -0.000843726156745, 0.0029273359105, 0.000628905720077, -0.00630537280813], [0.000299920531688, -0.00115631974768, 0.00140788510907, -0.00522847287357, 0.00368378288113, 0.00591708766297, -0.00726671796292, -0.00874954182655, 0.0338685326278, -0.0194544475526, -0.00252270256169, 0.0117970416322, -0.00268919835798], [-0.000468482699944, 0.00378680950962, 0.000802391092293, 0.00638259621337, -0.00771824223921, -0.00108916824684, 0.00752465426922, -0.000843726156745, -0.0194544475526, 0.0359820611775, -0.015395225957, -0.00840457901359, 0.0126732643694], [0.000432809698395, -0.00365549419075, 0.00151924462989, -0.00256657204591, 0.00231121131219, -0.00474977307022, 0.00482267187908, 0.0029273359105, -0.00252270256169, -0.015395225957, 0.0358334928751, -0.0117369312793, -0.00573032675311], [-0.000570770935155, 0.00247596483678, -0.00302370567806, 0.00082079495769, 0.00123685924336, 0.00437263492495, -0.00925346743315, 0.000628905720077, 0.0117970416322, -0.00840457901359, -0.0117369312793, 0.0358404256403, -0.017085229978], [0.00029778823955, -0.0011893613264, 0.00252321525477, -0.000823074427899, -0.0019061100902, -0.000257891806541, 0.00541690597311, -0.00630537280813, -0.00268919835798, 0.0126732643694, -0.00573032675311, -0.017085229978, 0.036437638104]], "cov": [[11004.0957031, 255.534942627, 745.796447754, 516.291381836, -277.277557373, 412.831817627, -129.361877441, 249.695388794, -125.025779724, -38.7560348511, -0.395005047321, 167.847930908, 12.1765756607], [255.534942627, 1095.14831543, -168.009689331, 12.7499666214, 16.854631424, -120.060180664, 130.667999268, -48.6381225586, 9.23390865326, -159.51751709, 10.3259334564, -49.5097351074, 52.3426437378], [745.796447754, -168.009689331, 671.840270996, 165.676361084, 181.860839844, 68.9602813721, -105.009384155, 71.4116516113, -53.8010559082, 26.6355037689, -15.3593912125, 47.6082878113, -9.71713638306], [516.291381836, 12.7499666214, 165.676361084, 376.990142822, 120.707450867, 3.38267278671, -72.6405563354, -35.1570320129, -4.74750566483, -30.8951320648, 5.97604322433, -8.12154483795, 11.8201122284], [-277.277557373, 16.854631424, 181.860839844, 120.707450867, 245.796142578, 34.7626647949, -4.75036716461, 5.2665848732, -4.80207777023, 24.3555717468, 6.20127677917, 2.82456111908, 1.14519715309], [412.831817627, -120.060180664, 68.9602813721, 3.38267278671, 34.7626647949, 157.354232788, 51.9359436035, 47.5734329224, -15.8288583755, 15.5715684891, -2.00723409653, 17.5488586426, -7.21935558319], [-129.361877441, 130.667999268, -105.009384155, -72.6405563354, -4.75036716461, 51.9359436035, 158.700942993, 45.7551307678, 18.1533641815, -29.7353038788, -14.2848854065, 0.507095694542, 5.07027864456], [249.695388794, -48.6381225586, 71.4116516113, -35.1570320129, 5.2665848732, 47.5734329224, 45.7551307678, 109.720283508, 23.3694915771, 20.3886470795, -6.79258298874, 14.8108901978, 3.93914937973], [-125.025779724, 9.23390865326, -53.8010559082, -4.74750566483, -4.80207777023, -15.8288583755, 18.1533641815, 23.3694915771, 74.4690551758, 40.6608886719, 15.3176908493, -13.9033412933, -6.83276700974], [-38.7560348511, -159.51751709, 26.6355037689, -30.8951320648, 24.3555717468, 15.5715684891, -29.7353038788, 20.3886470795, 40.6608886719, 109.866889954, 36.4710235596, 17.7214851379, -19.2660083771], [-0.395005047321, 10.3259334564, -15.3593912125, 5.97604322433, 6.20127677917, -2.00723409653, -14.2848854065, -6.79258298874, 15.3176908493, 36.4710235596, 57.3052062988, 21.5174770355, 10.3442335129], [167.847930908, -49.5097351074, 47.6082878113, -8.12154483795, 2.82456111908, 17.5488586426, 0.507095694542, 14.8108901978, -13.9033412933, 17.7214851379, 21.5174770355, 61.8513259888, 21.4871387482], [12.1765756607, 52.3426437378, -9.71713638306, 11.8201122284, 1.14519715309, -7.21935558319, 5.07027864456, 3.93914937973, -6.83276700974, -19.2660083771, 10.3442335129, 21.4871387482, 47.8281898499]]}, "spectral_energyband_middle_low": {"dmean2": 0.012851389125, "median": 0.0144045203924, "min": 2.49339418877e-22, "dvar2": 0.000189144324395, "dvar": 7.65657023294e-05, "dmean": 0.00792976655066, "max": 0.11785069108, "var": 0.000159782619448, "mean": 0.017172569409}, "melbands_crest": {"dmean2": 7.67654848099, "median": 16.0436668396, "min": 1.86142277718, "dvar2": 33.6180343628, "dvar": 12.3492422104, "dmean": 4.59474802017, "max": 29.6247844696, "var": 26.2673397064, "mean": 16.1337795258}, "spectral_kurtosis": {"dmean2": 1.78310322762, "median": 2.95959067345, "min": -1.21696960926, "dvar2": 8.25260448456, "dvar": 3.26806688309, "dmean": 1.04053342342, "max": 88.1649093628, "var": 6.36496829987, "mean": 3.25040888786}, "spectral_rms": {"dmean2": 0.00282436260022, "median": 0.00649886019528, "min": 3.24672146806e-12, "dvar2": 6.45539648758e-06, "dvar": 2.50768971455e-06, "dmean": 0.00174575182609, "max": 0.0166830290109, "var": 6.27163490208e-06, "mean": 0.00667460821569}, "zerocrossingrate": {"dmean2": 0.0137885259464, "median": 0.04931640625, "min": 0.0068359375, "dvar2": 0.000251639663475, "dvar": 0.000191387531231, "dmean": 0.0108287101611, "max": 0.50146484375, "var": 0.00134472758509, "mean": 0.0566703975201}, "silence_rate_60dB": {"dmean2": 0.00338868191466, "median": 0, "min": 0, "dvar2": 0.00371602829546, "dvar": 0.00169117504265, "dmean": 0.00169405387715, "max": 1, "var": 0.0465533472598, "mean": 0.0489498637617}, "erbbands_kurtosis": {"dmean2": 1.00266695023, "median": -0.947354912758, "min": -1.8694435358, "dvar2": 1.74257528782, "dvar": 0.645374774933, "dmean": 0.606145858765, "max": 19.1417713165, "var": 1.16796708107, "mean": -0.670270979404}, "erbbands": {"dmean2": [0.33363711834, 4.26331758499, 28.1625671387, 29.2307662964, 19.5390911102, 16.9103107452, 19.6076030731, 23.8751907349, 27.605381012, 23.4222564697, 30.8323421478, 35.2829856873, 26.6297893524, 21.0780830383, 15.0898618698, 11.7902746201, 10.3595380783, 12.9309835434, 12.1817111969, 12.624461174, 21.4901256561, 22.5317764282, 22.4322738647, 30.3253288269, 19.8872318268, 11.103852272, 9.10415077209, 8.35186290741, 8.03236961365, 3.8937599659, 2.62131667137, 2.33795785904, 2.8779091835, 2.08791685104, 0.518343865871, 0.189287230372, 0.0648574829102, 0.00836096238345, 0.00100337108597, 0.000122337543871], "median": [0.16164368391, 1.41096699238, 9.81188964844, 16.0758972168, 12.0537605286, 11.4704055786, 11.3213920593, 7.79034805298, 7.52911376953, 7.17219638824, 4.82748126984, 6.12628936768, 5.47968101501, 5.44512367249, 4.54409694672, 3.79328370094, 4.1671295166, 5.45405292511, 6.9340634346, 10.8494434357, 25.2386436462, 31.3847694397, 32.2820281982, 43.0876312256, 28.0228042603, 15.0360507965, 11.5138664246, 10.9941740036, 6.48009586334, 3.33864712715, 1.83761930466, 1.104860425, 0.867644071579, 0.523776531219, 0.188931033015, 0.0572631061077, 0.0153921674937, 0.00296184397303, 0.000375984498532, 7.79856345616e-05], "min": [2.91562839108e-22, 2.48399005801e-21, 7.01610233482e-21, 4.3843570995e-20, 8.84021620814e-20, 5.72689320566e-20, 5.44008189919e-20, 3.18251381729e-19, 2.49394618643e-19, 3.39956058165e-19, 7.53217637696e-19, 2.2249566155e-18, 1.95629745153e-18, 5.80620974514e-19, 2.44991830925e-18, 3.13704607716e-18, 1.85439190199e-18, 5.00176181358e-18, 6.50890556917e-18, 6.28471025825e-18, 7.49526551008e-18, 6.76591182626e-18, 1.09527191703e-17, 1.48947038006e-17, 9.71438512558e-18, 1.26312158713e-17, 1.80889560345e-17, 1.94661555061e-17, 2.40610958324e-17, 1.60457537471e-17, 2.03019255622e-17, 1.46568066564e-17, 1.6693217791e-17, 9.59349598778e-18, 9.30456510854e-18, 6.39134004307e-18, 3.1525404108e-18, 1.23389342902e-18, 2.63361666683e-19, 2.73396795692e-20], "dvar2": [0.156674191356, 24.3572483063, 976.108520508, 1101.94311523, 503.886993408, 357.069976807, 820.979492188, 3969.89672852, 6598.875, 3034.52416992, 5474.89648438, 7357.96337891, 3210.79370117, 3168.36401367, 1179.15844727, 522.093505859, 350.302856445, 715.921630859, 714.502197266, 380.480895996, 528.412658691, 566.789733887, 509.883880615, 842.458129883, 458.783416748, 144.308654785, 104.87147522, 83.4789047241, 86.0686569214, 29.1128635406, 25.3656673431, 61.7282333374, 187.409484863, 116.025138855, 1.67486262321, 0.118849657476, 0.0147184114903, 0.00049576361198, 3.94813396269e-05, 8.89365253443e-07], "dvar": [0.0680563002825, 9.37058925629, 361.590667725, 450.821533203, 190.020187378, 135.687423706, 300.161132812, 1711.25219727, 2577.41918945, 1211.31494141, 2295.18261719, 2787.90112305, 1262.72192383, 1317.77819824, 463.386993408, 215.740539551, 137.570266724, 273.582550049, 288.196411133, 159.103256226, 203.963012695, 217.504516602, 191.09173584, 303.030334473, 169.49067688, 52.4704170227, 38.2104263306, 31.8171615601, 33.1861991882, 12.7030715942, 10.6847314835, 26.132440567, 81.2868499756, 48.5922851562, 0.703729271889, 0.0491068586707, 0.00564978457987, 0.000182962467079, 1.39377552841e-05, 3.28031489971e-07], "dmean": [0.213484853506, 2.48092746735, 16.3933372498, 17.8226222992, 11.5053348541, 10.1187810898, 11.6477994919, 14.8030939102, 16.474363327, 14.1360177994, 19.0552825928, 21.5348587036, 16.6857738495, 13.6987800598, 9.48664283752, 7.39825534821, 6.36722278595, 7.75317907333, 7.47803735733, 7.70301771164, 12.9750165939, 13.6049375534, 13.450466156, 18.0935668945, 11.8371429443, 6.55170440674, 5.38526105881, 4.95713663101, 4.65121936798, 2.3408973217, 1.53881049156, 1.41443920135, 1.80178380013, 1.33367371559, 0.317983269691, 0.110882006586, 0.0367354936898, 0.0049034319818, 0.00059814506676, 7.24393103155e-05], "max": [2.15253162384, 21.0872116089, 198.92729187, 255.583557129, 179.306304932, 168.733734131, 339.742401123, 1165.51452637, 1455.54760742, 894.554626465, 1354.95947266, 1487.34020996, 571.987609863, 1038.08105469, 532.579284668, 311.198425293, 210.12651062, 380.427429199, 406.206390381, 314.96307373, 256.960632324, 263.335601807, 243.297119141, 287.062530518, 245.460754395, 203.710372925, 116.257774353, 108.319587708, 95.2306900024, 116.154052734, 130.110671997, 140.665283203, 285.194885254, 291.699035645, 19.7018566132, 4.99905347824, 2.2256565094, 0.468145489693, 0.181665033102, 0.022226061672], "var": [0.111592628062, 10.5137739182, 391.686737061, 753.138793945, 274.862548828, 206.584854126, 336.902374268, 2288.51953125, 2252.98876953, 1422.41992188, 3005.00952148, 2919.03125, 1958.49963379, 1928.71386719, 702.524047852, 342.048583984, 184.673965454, 324.209686279, 353.653961182, 230.982177734, 389.91696167, 461.474517822, 419.400695801, 660.151184082, 416.171905518, 142.557434082, 102.768844604, 91.6103134155, 82.6152572632, 34.234161377, 15.1244268417, 28.4218769073, 89.7473831177, 52.4040336609, 0.937106490135, 0.0680936723948, 0.00585103593767, 0.000171932420926, 8.90559658728e-06, 2.15520699953e-07], "mean": [0.291106492281, 2.73199987411, 17.4716911316, 24.7166805267, 16.8337497711, 15.5896244049, 16.3391094208, 18.1636829376, 18.077129364, 17.4447841644, 22.4664478302, 25.0413970947, 22.1946277618, 18.8504161835, 13.1180334091, 10.3098068237, 8.81006526947, 10.5304870605, 11.67461586, 14.388548851, 28.8415241241, 34.2694168091, 34.8048286438, 45.8554801941, 31.3590679169, 17.4542617798, 13.7724924088, 13.0365428925, 9.25912094116, 5.09654092789, 2.77122545242, 2.0868370533, 2.30696940422, 1.6410176754, 0.447876542807, 0.143768057227, 0.0416761413217, 0.00681286724284, 0.00085991981905, 0.000117638875963]}, "spectral_strongpeak": {"dmean2": 0.636721074581, "median": 0.445741474628, "min": 0, "dvar2": 0.43765988946, "dvar": 0.164831623435, "dmean": 0.375351935625, "max": 5.32486820221, "var": 0.237922176719, "mean": 0.571939766407}, "spectral_energy": {"dmean2": 0.0448442362249, "median": 0.0432910621166, "min": 1.08047292886e-20, "dvar2": 0.00203582667746, "dvar": 0.000782626215369, "dmean": 0.0271591246128, "max": 0.285281538963, "var": 0.00120012485422, "mean": 0.0520927347243}, "average_loudness": 0.965558469296, "spectral_rolloff": {"dmean2": 1039.81994629, "median": 516.796875, "min": 107.666015625, "dvar2": 2097223.25, "dvar": 977681.9375, "dmean": 612.299926758, "max": 19272.2167969, "var": 2468183, "mean": 1179.13464355}, "spectral_centroid": {"dmean2": 544.490478516, "median": 1509.61303711, "min": 200.551864624, "dvar2": 219300.265625, "dvar": 105935.046875, "dmean": 343.774139404, "max": 11328.9570312, "var": 420440.5, "mean": 1554.68432617}, "pitch_salience": {"dmean2": 0.179603070021, "median": 0.59483730793, "min": 0.152457281947, "dvar2": 0.0194435995072, "dvar": 0.00723288208246, "dmean": 0.107988983393, "max": 0.8919506073, "var": 0.0135149983689, "mean": 0.579720497131}, "spectral_energyband_middle_high": {"dmean2": 0.00216569122858, "median": 0.00396012421697, "min": 1.46536267302e-21, "dvar2": 6.60968953525e-06, "dvar": 2.78156949207e-06, "dmean": 0.00141159514897, "max": 0.028098417446, "var": 9.04344415176e-06, "mean": 0.0045364163816}, "spectral_contrast_coeffs": {"dmean2": [0.0960061103106, 0.0960238724947, 0.0643570646644, 0.0467706695199, 0.0320872031152, 0.0325549095869], "median": [-0.618096292019, -0.764059305191, -0.818598628044, -0.822862386703, -0.798020482063, -0.731845736504], "min": [-0.962759494781, -0.979565501213, -0.972047567368, -0.96223449707, -0.963655591011, -0.960042357445], "dvar2": [0.005426148884, 0.00575979938731, 0.00276322523132, 0.00130317523144, 0.000599967082962, 0.000719454372302], "dvar": [0.00202306127176, 0.00210270169191, 0.00104670203291, 0.00045867744484, 0.000208434881642, 0.00030532621895], "dmean": [0.0585593171418, 0.0574589036405, 0.0391768738627, 0.0275704544038, 0.0187987741083, 0.0203247275203], "max": [-0.341546297073, -0.449433147907, -0.523760199547, -0.601803004742, -0.721234321594, -0.613592147827], "var": [0.00584435416386, 0.00454336917028, 0.00285376608372, 0.000943935010582, 0.000543862755876, 0.00140010844916], "mean": [-0.618393599987, -0.758359730244, -0.809282243252, -0.821119427681, -0.799638807774, -0.730138778687]}, "melbands_skewness": {"dmean2": 2.33660578728, "median": 4.22865104675, "min": -1.09226775169, "dvar2": 4.4419260025, "dvar": 1.7941249609, "dmean": 1.47199511528, "max": 15.1291246414, "var": 5.71164226532, "mean": 4.52310085297}, "spectral_spread": {"dmean2": 881880.8125, "median": 4259768, "min": 689287.25, "dvar2": 1091785129980.0, "dvar": 727739006976, "dmean": 567400.25, "max": 40719916, "var": 1577453355010.0, "mean": 4415472}, "dissonance": {"dmean2": 0.0166658405215, "median": 0.487141728401, "min": 0.221450105309, "dvar2": 0.000332735857228, "dvar": 0.000123662684928, "dmean": 0.00974281691015, "max": 0.500000059605, "var": 0.00020838167984, "mean": 0.483643770218}, "spectral_skewness": {"dmean2": 0.253829151392, "median": 1.13889181614, "min": -0.0201746933162, "dvar2": 0.0677986890078, "dvar": 0.0296263955534, "dmean": 0.157216161489, "max": 7.36096525192, "var": 0.111125327647, "mean": 1.14326691628}, "spectral_flux": {"dmean2": 0.0714866071939, "median": 0.130500406027, "min": 1.03945796415e-10, "dvar2": 0.00442082574591, "dvar": 0.00170837040059, "dmean": 0.0425955764949, "max": 0.425931215286, "var": 0.00336104584858, "mean": 0.136067375541}, "spectral_contrast_valleys": {"dmean2": [0.692457139492, 0.671052277088, 0.609830915928, 0.49878230691, 0.301720827818, 0.56424254179], "median": [-6.35995578766, -6.46670532227, -7.21430778503, -7.35646152496, -6.51769351959, -9.64744281769], "min": [-27.2408466339, -27.2787971497, -27.4210033417, -27.2514839172, -27.5483608246, -27.2487449646], "dvar2": [0.334173083305, 0.302746117115, 0.283233702183, 0.201600193977, 0.102125838399, 0.338945388794], "dvar": [0.174096122384, 0.164245486259, 0.165404602885, 0.123476102948, 0.083836607635, 0.169579222798], "dmean": [0.427557855844, 0.41965264082, 0.398296266794, 0.313613116741, 0.187923446298, 0.357197880745], "max": [-5.08534002304, -4.71367835999, -5.19935894012, -5.93001747131, -5.70727777481, -7.50692939758], "var": [1.85622239113, 1.25313580036, 1.25506353378, 0.935025691986, 1.00448274612, 1.41109144688], "mean": [-6.65706825256, -6.61335611343, -7.33050680161, -7.50097465515, -6.71882152557, -9.83887863159]}, "erbbands_flatness_db": {"dmean2": 0.0273853465915, "median": 0.12600825727, "min": 0.0601419582963, "dvar2": 0.000637806660961, "dvar": 0.000272746867267, "dmean": 0.0172570999712, "max": 0.368433505297, "var": 0.00108505575918, "mean": 0.130359888077}, "spectral_energyband_high": {"dmean2": 0.000734043889679, "median": 0.000835079699755, "min": 7.92794375216e-21, "dvar2": 1.79591154392e-06, "dvar": 7.66161804222e-07, "dmean": 0.00044815702131, "max": 0.0284698661417, "var": 1.31989668262e-06, "mean": 0.00110153749119}, "spectral_entropy": {"dmean2": 0.227720081806, "median": 7.7999792099, "min": 5.50023126602, "dvar2": 0.045960702002, "dvar": 0.0205117445439, "dmean": 0.14277638495, "max": 9.81568050385, "var": 0.0681210830808, "mean": 7.76267814636}, "silence_rate_20dB": {"dmean2": 0, "median": 1, "min": 1, "dvar2": 0, "dvar": 0, "dmean": 0, "max": 1, "var": 0, "mean": 1}, "melbands_flatness_db": {"dmean2": 0.058044873178, "median": 0.213837325573, "min": 0.00628183735535, "dvar2": 0.00215792306699, "dvar": 0.000909544411115, "dmean": 0.0368836931884, "max": 0.509414613247, "var": 0.00381124508567, "mean": 0.212605923414}, "barkbands": {"dmean2": [0.000632939627394, 0.0149940634146, 0.0273895543069, 0.00827914755791, 0.0051194014959, 0.00282548950054, 0.00182825501543, 0.00134920631535, 0.00152371544391, 0.000812570506241, 0.000445588171715, 0.000311449664878, 0.000242952854023, 0.000262085552095, 0.000247841846431, 0.00035732780816, 0.000463636068162, 0.000418780749897, 0.000541390909348, 0.000244225899223, 0.000211285834666, 0.000192950741621, 0.000100554942037, 0.000138693474582, 0.000130140673718, 3.53116229235e-05, 6.56120710119e-06], "median": [0.000394556467654, 0.00578312110156, 0.0104019679129, 0.00388370780274, 0.0037422706373, 0.00111080356874, 0.000520067871548, 0.000225080555538, 0.000256001425441, 0.000167977632373, 0.000120294993394, 8.26673058327e-05, 8.84430774022e-05, 0.000111790533992, 0.000153436034452, 0.000365157902706, 0.000559890759178, 0.000571312382817, 0.000788095057942, 0.000319824030157, 0.000287890987238, 0.000165541277966, 7.12918117642e-05, 5.15393985552e-05, 3.64191000699e-05, 9.41457801673e-06, 2.10125517697e-06], "min": [5.96516254056e-25, 1.04569326892e-23, 6.93499533579e-24, 2.0842430868e-23, 2.23865645588e-23, 2.67936227805e-23, 1.12751605193e-23, 2.20578982844e-23, 1.19419896912e-22, 1.8259196971e-23, 5.04297509018e-23, 8.09516312946e-23, 3.71183510595e-23, 1.16843515061e-22, 1.15424322738e-22, 1.26597647626e-22, 1.17039341892e-22, 2.23418206838e-22, 2.30162147162e-22, 2.7811123344e-22, 4.71608867532e-22, 5.75312345428e-22, 6.7024207447e-22, 8.81629029165e-22, 1.01491951155e-21, 1.91163095538e-21, 1.9680276691e-21], "dvar2": [5.7410682075e-07, 0.000296822399832, 0.000910732953344, 9.89513646346e-05, 3.17951453326e-05, 3.59675941581e-05, 2.86258709821e-05, 9.74662452791e-06, 1.18701445899e-05, 3.3559865642e-06, 1.02049034467e-06, 4.03147197403e-07, 1.90250545984e-07, 3.06805446826e-07, 2.24914060709e-07, 1.53379104972e-07, 2.34347382388e-07, 1.73071597942e-07, 2.89323509151e-07, 6.65499584329e-08, 5.37777822274e-08, 4.92888787562e-08, 3.02060136903e-08, 3.43419600313e-07, 3.39105923786e-07, 3.9058440926e-09, 2.21156359892e-09], "dvar": [2.67725653202e-07, 0.000120011682156, 0.000339371181326, 4.09844142268e-05, 1.15946522783e-05, 1.4980864762e-05, 1.08842632471e-05, 4.10536222262e-06, 4.5587457862e-06, 1.35743789542e-06, 4.15504615603e-07, 1.60721356224e-07, 7.38303569392e-08, 1.19625553907e-07, 9.14761173476e-08, 5.94878990512e-08, 8.73720154004e-08, 6.42787867378e-08, 1.03484602221e-07, 2.41273507839e-08, 2.01837941916e-08, 1.94510949569e-08, 1.27641595071e-08, 1.52264277631e-07, 1.41502297879e-07, 1.56023305387e-09, 7.96679999748e-10], "dmean": [0.000441091688117, 0.00895686261356, 0.0161230172962, 0.00503254076466, 0.00302941561677, 0.00173954665661, 0.00108047155663, 0.000828040472697, 0.000939316116273, 0.00051157787675, 0.000274150865152, 0.000193242667592, 0.000146706675878, 0.000158662340255, 0.000150645224494, 0.000213138977415, 0.000276516773738, 0.000249402946793, 0.00032299006125, 0.000145303885802, 0.000125754901092, 0.000112517474918, 5.89978153585e-05, 8.65504480316e-05, 8.23178852443e-05, 2.03038125619e-05, 3.87963700632e-06], "max": [0.00569524802268, 0.0791418105364, 0.230746969581, 0.0785387903452, 0.0531099662185, 0.095770791173, 0.0987553596497, 0.0478842817247, 0.0507921129465, 0.0240902863443, 0.0123134832829, 0.00770929642022, 0.00489370059222, 0.00726438965648, 0.00669901398942, 0.00401662802324, 0.0044568949379, 0.00389462383464, 0.00709982169792, 0.00370678515173, 0.00267103663646, 0.00283816386946, 0.00469717057422, 0.0101228840649, 0.0148746557534, 0.000834244536236, 0.00126654095948], "var": [6.21810329449e-07, 0.000158901748364, 0.000399790966185, 6.57258278807e-05, 1.7543503418e-05, 2.01220555027e-05, 8.93432297744e-06, 5.56783334105e-06, 5.1908491514e-06, 2.02638580049e-06, 5.94060395542e-07, 2.41654902311e-07, 9.36510957672e-08, 1.42468294939e-07, 1.18380697245e-07, 1.01686730147e-07, 1.67303326748e-07, 1.33001918812e-07, 2.29864483003e-07, 6.73292603892e-08, 6.39916564182e-08, 5.42287139638e-08, 1.94977722856e-08, 1.74987746959e-07, 1.54862107138e-07, 1.93538807203e-09, 5.16212461665e-10], "mean": [0.000683557591401, 0.0109962942079, 0.0177187304944, 0.0066701178439, 0.00482448935509, 0.00224039261229, 0.00116823264398, 0.000959069118835, 0.00109353673179, 0.000660089717712, 0.000355313939508, 0.000254977290751, 0.000190101301996, 0.000213290360989, 0.000237598695094, 0.000431028689491, 0.000624560751021, 0.000616249802988, 0.000839566986542, 0.000373575661797, 0.000343568040989, 0.00023536302615, 0.000107315223431, 0.000118325508083, 0.000104996674054, 2.4813996788e-05, 5.30033958057e-06]}, "erbbands_skewness": {"dmean2": 0.608492970467, "median": -0.253403246403, "min": -2.15962195396, "dvar2": 0.277264595032, "dvar": 0.117099605501, "dmean": 0.388429194689, "max": 4.11372661591, "var": 0.395996838808, "mean": -0.226430281997}, "erbbands_spread": {"dmean2": 19.3968009949, "median": 59.5726356506, "min": 4.08912420273, "dvar2": 287.141387939, "dvar": 116.693321228, "dmean": 12.2794895172, "max": 158.093170166, "var": 417.857849121, "mean": 60.4509773254}, "melbands_kurtosis": {"dmean2": 33.3930168152, "median": 21.2353305817, "min": -1.77446949482, "dvar2": 1733.0300293, "dvar": 703.55657959, "dmean": 20.5439720154, "max": 361.998901367, "var": 1241.75598145, "mean": 32.1227035522}, "melbands": {"dmean2": [0.00313352281228, 0.0114763984457, 0.00452871574089, 0.00128290068824, 0.000651073816698, 0.000535170780495, 0.000406967592426, 0.000257297651842, 0.000260015338426, 0.000222455302719, 0.000136637827381, 9.10853996174e-05, 5.61569468118e-05, 3.75868221454e-05, 2.74093672488e-05, 2.40570989263e-05, 2.55212034972e-05, 2.08681049116e-05, 1.96736418729e-05, 1.86504257726e-05, 3.08772250719e-05, 2.42263904511e-05, 3.25458750012e-05, 1.64476023201e-05, 2.91989745165e-05, 1.86957313417e-05, 1.28626879814e-05, 7.51990728531e-06, 6.39374366074e-06, 5.44074555364e-06, 5.29769022251e-06, 5.64180845686e-06, 2.75447791864e-06, 2.16154262489e-06, 1.58063471645e-06, 1.5561940927e-06, 1.46639956711e-06, 2.1276937332e-06, 2.2666147288e-06, 1.64061350461e-06], "median": [0.00150335486978, 0.00426455680281, 0.00283267442137, 0.000870151910931, 0.000427218445111, 0.00018380174879, 0.00011312343122, 7.03210534994e-05, 3.69876433979e-05, 3.67094471585e-05, 2.6580386475e-05, 2.15245945583e-05, 1.59312530741e-05, 9.49563946051e-06, 8.9633922471e-06, 8.81187406776e-06, 9.79083779384e-06, 1.02229851109e-05, 1.2