{"tonal": {"thpcp": [1, 0.636519432068, 0.367759585381, 0.542108058929, 0.581993579865, 0.435850650072, 0.379898905754, 0.350298702717, 0.31262883544, 0.350709617138, 0.377839297056, 0.43271446228, 0.608589231968, 0.610682487488, 0.405899047852, 0.342027038336, 0.338261365891, 0.293493717909, 0.487926632166, 0.642638087273, 0.440275967121, 0.280532419682, 0.263834893703, 0.300043731928, 0.463768541813, 0.518420219421, 0.392366439104, 0.470505297184, 0.569516777992, 0.417302012444, 0.288257420063, 0.252824515104, 0.264779746532, 0.424838066101, 0.554150760174, 0.796239495277], "hpcp": {"dmean2": [0.300743579865, 0.302051693201, 0.244063749909, 0.20790553093, 0.202429637313, 0.191097453237, 0.234521493316, 0.253697901964, 0.229405343533, 0.185944184661, 0.175674259663, 0.189819172025, 0.226159363985, 0.254377365112, 0.221802830696, 0.239996135235, 0.260236501694, 0.241713061929, 0.197599798441, 0.179922297597, 0.193132743239, 0.25114518404, 0.279234498739, 0.37054386735, 0.523941934109, 0.346870601177, 0.25843089819, 0.279208183289, 0.308178603649, 0.282822221518, 0.265615969896, 0.247499957681, 0.223001375794, 0.23268455267, 0.250283032656, 0.291872739792], "median": [0.0997547134757, 0.0969168245792, 0.0673240125179, 0.0487515889108, 0.044362526387, 0.0447406210005, 0.0969269871712, 0.125023365021, 0.0906231179833, 0.0433660671115, 0.0400231331587, 0.0504988990724, 0.0874384641647, 0.0999095961452, 0.0783942341805, 0.0851634740829, 0.0997822880745, 0.0715513378382, 0.0440182462335, 0.037112031132, 0.037100687623, 0.0621420145035, 0.0844996422529, 0.195929020643, 0.195410057902, 0.137414082885, 0.0520406998694, 0.100559175014, 0.105740569532, 0.0710801556706, 0.0516435354948, 0.0469419546425, 0.0472137890756, 0.0581407025456, 0.0625789687037, 0.0677011683583], "min": [0, 0, 0, 0, 0, 0, 0, 0, 0, 0, 0, 0, 0, 0, 0, 0, 0, 0, 0, 0, 0, 0, 0, 0, 0, 0, 0, 0, 0, 0, 0, 0, 0, 0, 0, 0], "dvar2": [0.136755928397, 0.139244988561, 0.107646539807, 0.0952089354396, 0.0956534445286, 0.0894610583782, 0.0894385054708, 0.0942990034819, 0.086660258472, 0.0821467936039, 0.083679318428, 0.0855108648539, 0.0906147807837, 0.105978175998, 0.089227616787, 0.0982758253813, 0.108351185918, 0.122697085142, 0.0988714247942, 0.0934657528996, 0.0975225120783, 0.118138425052, 0.136193037033, 0.128055915236, 0.252739757299, 0.126515477896, 0.125663384795, 0.120552673936, 0.135464191437, 0.131942182779, 0.138506039977, 0.13541072607, 0.114533737302, 0.121828660369, 0.123715154827, 0.148160219193], "dvar": [0.0510629564524, 0.0519591197371, 0.0387951433659, 0.0346130095422, 0.0353845879436, 0.0321775637567, 0.0321144200861, 0.036059230566, 0.0312461163849, 0.0301358997822, 0.0295492149889, 0.0292335860431, 0.0340728312731, 0.0387445315719, 0.0318298526108, 0.0358765535057, 0.0417429544032, 0.0423170849681, 0.035117123276, 0.0332183130085, 0.0345327667892, 0.0443125888705, 0.0518553927541, 0.048549387604, 0.0997612252831, 0.0461375229061, 0.0446844361722, 0.0455585308373, 0.0507558509707, 0.0481583625078, 0.0508619397879, 0.0484909676015, 0.0402111075819, 0.0433577485383, 0.0443274006248, 0.0519695319235], "dmean": [0.173943728209, 0.172766670585, 0.137705609202, 0.116952031851, 0.114414289594, 0.107238091528, 0.135515674949, 0.151398867369, 0.130996793509, 0.103743165731, 0.0978587567806, 0.106050111353, 0.13169413805, 0.146499186754, 0.125817015767, 0.138067260385, 0.150798037648, 0.136745944619, 0.109879352152, 0.098919481039, 0.106636159122, 0.141770675778, 0.161447808146, 0.21267606318, 0.293335497379, 0.195870444179, 0.143486902118, 0.161552503705, 0.175999894738, 0.158791080117, 0.148498013616, 0.136739075184, 0.123340576887, 0.130029320717, 0.140242189169, 0.162389472127], "max": [1, 1, 1, 1, 1, 1, 1, 1, 1, 1, 1, 1, 1, 1, 1, 1, 1, 1, 1, 1, 1, 1, 1, 1, 1, 1, 1, 1, 1, 1, 1, 1, 1, 1, 1, 1], "var": [0.0754566416144, 0.0802071839571, 0.0412122756243, 0.03939069435, 0.0423359014094, 0.0302251782268, 0.0454687476158, 0.0748147889972, 0.0382178835571, 0.0277376305312, 0.026553304866, 0.0271352063864, 0.047577008605, 0.0552497655153, 0.0347099117935, 0.048541393131, 0.0686484277248, 0.044554438442, 0.0301586221904, 0.0266343355179, 0.0282890088856, 0.0516202673316, 0.073126770556, 0.0773079246283, 0.143998920918, 0.0588500648737, 0.0419581532478, 0.0612056367099, 0.0689471140504, 0.0486620664597, 0.0471177026629, 0.0435010641813, 0.0341585054994, 0.0385992266238, 0.0409548468888, 0.0505393818021], "mean": [0.222880929708, 0.223647519946, 0.148650601506, 0.125259041786, 0.123879954219, 0.107484892011, 0.178691193461, 0.235350489616, 0.161240309477, 0.102738134563, 0.0966230779886, 0.109883673489, 0.169843882322, 0.189858719707, 0.143694609404, 0.17231105268, 0.208571597934, 0.152826651931, 0.105567224324, 0.0925907939672, 0.0969691053033, 0.1555865556, 0.202944159508, 0.291603237391, 0.366225540638, 0.233109682798, 0.134682953358, 0.198533818126, 0.213140919805, 0.159619644284, 0.139128684998, 0.128288328648, 0.114492669702, 0.128438815475, 0.138374403119, 0.158471092582]}, "tuning_equal_tempered_deviation": 0.201559111476, "chords_changes_rate": 0.0898327380419, "key_key": "A", "tuning_diatonic_strength": 0.404647439718, "key_scale": "major", "chords_number_rate": 0.00281901890412, "tuning_frequency": 434.193115234, "tuning_nontempered_energy_ratio": 0.882809340954, "chords_histogram": [20.9171199799, 3.87145280838, 3.27006196976, 0, 0.996053397655, 0.620184183121, 1.33433568478, 1.65382444859, 6.46495008469, 1.82296562195, 0, 0.0375869199634, 0, 0.0187934599817, 7.85566616058, 19.3948497772, 1.55985713005, 0.939673006535, 0.488629966974, 2.27400875092, 2.48073673248, 9.97932720184, 7.0099606514, 7.0099606514], "key_strength": 0.588627517223, "chords_key": "A", "chords_strength": {"dmean2": 0.0135245034471, "median": 0.41491022706, "min": -1, "dvar2": 0.00175501126796, "dvar": 0.000906285422388, "dmean": 0.0113773234189, "max": 0.747584998608, "var": 0.150261566043, "mean": 0.326725959778}, "chords_scale": "major", "hpcp_entropy": {"dmean2": 1.08747267723, "median": 2.49217796326, "min": 0, "dvar2": 0.881601035595, "dvar": 0.316209733486, "dmean": 0.644946217537, "max": 4.38332891464, "var": 1.04359078407, "mean": 2.30489420891}}, "metadata": {"audio_properties": {"equal_loudness": 0, "codec": "alac", "downmix": "mix", "analysis_sample_rate": 44100, "bit_rate": 971722, "md5_encoded": "a4b37b1a36754f2e624d4b24249756df", "length": 247.048324585, "replay_gain": -5.98566246033, "lossless": true}, "version": {"essentia_build_sha": "58c41094f73fb0f15362cc81d9bdd9e36dcadf45", "essentia": "2.1-beta1", "extractor": "music 1.0", "essentia_git_sha": "v2.1_beta1-16-g023b2af"}, "tags": {"title": ["How to go -music video-"], "barcode": ["4988010026882"], "media": ["DVD-Video"], "language": ["jpn"], "musicbrainz_recordingid": ["107fd9ab-d591-47b8-b611-0b979986a25b"], "composer": ["school food punishment", "\u6c5f\u53e3\u4eae"], "albumsort": ["How to go (2011-12-07, school food punishment, 5b6a1392-3958-405c-8c35-092f173a18f8)"], "musicbrainz_albumartistid": ["26116544-8da6-4680-bea8-2d47d09ea781"], "lyricist": ["\u6c5f\u53e3\u4eae", "\u5185\u6751\u53cb\u7f8e"], "discnumber": ["2/2"], "album": ["How to go"], "catalognumber": ["ESCL-3783", "ESCL-3784"], "isrc": ["JPES81101661"], "artist": ["school food punishment"], "date": ["2011-12-07"], "file_name": "2-02 - school food punishment - How to go -music video-.mp4", "musicbrainz_albumid": ["5b6a1392-3958-405c-8c35-092f173a18f8"], "musicbrainz_releasegroupid": ["1a25131b-56cd-4a98-bce2-fa81156634f7"], "musicbrainz_artistid": ["26116544-8da6-4680-bea8-2d47d09ea781"], "asin": ["B005OCST84"], "musicbrainz_workid": ["095f8643-4a8d-493d-b42d-b1802af6e758"], "tracknumber": ["2/2"], "encodedby": ["Lavf53.31.100"], "artistsort": ["school food punishment"], "composersort": ["school food punishment", "Eguchi, Ryou"], "label": ["Epic Records"], "albumartistsort": ["school food punishment"], "script": ["Jpan"]}}, "rhythm": {"bpm_histogram_first_peak_bpm": {"dmean2": 0, "median": 161, "min": 161, "dvar2": 0, "dvar": 0, "dmean": 0, "max": 161, "var": 0, "mean": 161}, "bpm": 161.965499878, "bpm_histogram_second_peak_spread": {"dmean2": 0, "median": 0.505263209343, "min": 0.505263209343, "dvar2": 0, "dvar": 0, "dmean": 0, "max": 0.505263209343, "var": 0, "mean": 0.505263209343}, "bpm_histogram_first_peak_weight": {"dmean2": 0, "median": 0.400684952736, "min": 0.400684952736, "dvar2": 0, "dvar": 0, "dmean": 0, "max": 0.400684952736, "var": 0, "mean": 0.400684952736}, "onset_rate": 2.84141135216, "beats_position": [0.66176867485, 1.3235373497, 1.98530614376, 2.6470746994, 3.30884337425, 3.97061228752, 4.62077093124, 5.28253936768, 5.93269824982, 6.52480697632, 7.10530614853, 7.55809497833, 8.01088428497, 8.47528362274, 8.90485286713, 9.29959201813, 9.69433116913, 10.0890703201, 10.4838094711, 10.8901586533, 11.2848978043, 11.6912469864, 12.0859861374, 12.4575052261, 12.840634346, 13.2237634659, 13.5952835083, 13.9784126282, 14.3499317169, 14.7214508057, 15.1045799255, 15.4760990143, 15.8592290878, 16.2307472229, 16.602268219, 16.9737873077, 17.3453063965, 17.7168254852, 18.088344574, 18.4598636627, 18.8546028137, 19.2377319336, 19.6092510223, 19.9923801422, 20.363899231, 20.7354183197, 21.1069393158, 21.4784584045, 21.8499774933, 22.221496582, 22.5930156708, 22.9761447906, 23.3476638794, 23.7307929993, 24.1139221191, 24.4854412079, 24.8569602966, 25.2284793854, 25.6000003815, 25.9715194702, 26.3546485901, 26.73777771, 27.1092967987, 27.4924259186, 27.8639450073, 28.2354640961, 28.6069831848, 28.9785022736, 29.3500213623, 29.7215423584, 30.0930614471, 30.4645805359, 30.8477096558, 31.2308387756, 31.6139678955, 31.9854869843, 32.357006073, 32.7285270691, 33.1000442505, 33.4715652466, 33.8546943665, 34.2378234863, 34.6209526062, 35.0040817261, 35.3872108459, 35.8167800903, 36.2463493347, 36.6759185791, 37.1054878235, 37.5002250671, 37.8949661255, 38.3013153076, 38.7076644897, 39.0907936096, 39.4739227295, 39.8570518494, 40.2285690308, 40.6116981506, 40.9948310852, 41.3779602051, 41.7494773865, 42.1209983826, 42.492515564, 42.8756446838, 43.2355537415, 43.6070747375, 43.9785919189, 44.350112915, 44.7332420349, 45.1047592163, 45.4762802124, 45.8478012085, 46.2309303284, 46.6024475098, 46.9739685059, 47.3454856873, 47.7170066833, 48.0885238647, 48.4600448608, 48.8431739807, 49.2263031006, 49.6210403442, 50.0041732788, 50.3873023987, 50.7704315186, 51.1535606384, 51.5482978821, 51.9430389404, 52.3842163086, 52.813785553, 53.2433547974, 53.6845359802, 54.1257133484, 54.5668907166, 55.0080718994, 55.4492492676, 55.8904304504, 56.3199996948, 56.7147369385, 57.0978660583, 57.4809951782, 57.8641242981, 58.247253418, 58.6071662903, 58.9902954102, 59.3618125916, 59.7449417114, 60.1280708313, 60.4995918274, 60.8827209473, 61.2542381287, 61.6257591248, 62.0088882446, 62.380405426, 62.7635345459, 63.135055542, 63.5065765381, 63.8780937195, 64.2380065918, 64.5979156494, 64.9694290161, 65.3409500122, 65.7124710083, 66.0839920044, 66.4555053711, 66.8270263672, 67.2217712402, 67.6048965454, 67.98802948, 68.3595428467, 68.7426757812, 69.1025848389, 69.474105835, 69.8572311401, 70.2403640747, 70.6234893799, 70.995010376, 71.3781356812, 71.7496566772, 72.1327896118, 72.515914917, 72.8874359131, 73.2589569092, 73.6420822144, 74.0136032104, 74.3851242065, 74.7450332642, 75.1165542603, 75.488067627, 75.859588623, 76.2427215576, 76.6026306152, 76.9625396729, 77.3340606689, 77.7171859741, 78.0887069702, 78.4718322754, 78.85496521, 79.2264862061, 79.5979995728, 79.9811325073, 80.3526535034, 80.7357788086, 81.1189117432, 81.4904327393, 81.8735580444, 82.256690979, 82.6282043457, 83.0113372803, 83.3712463379, 83.742767334, 84.1142807007, 84.4741897583, 84.8573226929, 85.228843689, 85.6119689941, 85.9951019287, 86.3666229248, 86.7381362915, 87.0980453491, 87.4695663452, 87.8526992798, 88.235824585, 88.6073455811, 88.9788665771, 89.3503875732, 89.7219009399, 90.093421936, 90.4649429321, 90.8480682373, 91.2312011719, 91.602722168, 91.9858474731, 92.3689804077, 92.7404937744, 93.1120147705, 93.4719238281, 93.8550567627, 94.2265777588, 94.5980911255, 94.9812240601, 95.3527450562, 95.7358703613, 96.1073913574, 96.467300415, 96.8504257202, 97.2219467163, 97.6050796509, 97.9882049561, 98.3597259521, 98.7428588867, 99.1259841919, 99.5091171265, 99.8806304932, 100.252151489, 100.635284424, 101.006797791, 101.378318787, 101.738227844, 102.121360779, 102.492874146, 102.864395142, 103.235916138, 103.607437134, 103.97895813, 104.362083435, 104.733604431, 105.105125427, 105.488250732, 105.84815979, 106.219680786, 106.591201782, 106.962722778, 107.345848083, 107.728981018, 108.112106323, 108.483627319, 108.855148315, 109.226661682, 109.598182678, 109.981315613, 110.364440918, 110.735961914, 111.10748291, 111.479003906, 111.850517273, 112.222038269, 112.593559265, 112.97668457, 113.336593628, 113.708114624, 114.091247559, 114.474372864, 114.84589386, 115.217414856, 115.600540161, 115.983673096, 116.366798401, 116.749931335, 117.133056641, 117.492965698, 117.864486694, 118.23600769, 118.607528687, 118.990653992, 119.362174988, 119.733695984, 120.10521698, 120.476730347, 120.836639404, 121.219772339, 121.591293335, 121.962806702, 122.345939636, 122.717460632, 123.088973999, 123.460494995, 123.84362793, 124.226753235, 124.609886169, 124.993011475, 125.364532471, 125.759269714, 126.13079071, 126.502311707, 126.873832703, 127.245346069, 127.616867065, 127.976776123, 128.348297119, 128.719818115, 129.10295105, 129.486068726, 129.86920166, 130.240722656, 130.612243652, 130.983764648, 131.343673706, 131.726806641, 132.098312378, 132.469833374, 132.852966309, 133.224487305, 133.607620239, 133.979141235, 134.362258911, 134.733779907, 135.116912842, 135.488433838, 135.859954834, 136.243087769, 136.614593506, 136.99772644, 137.369247437, 137.740768433, 138.123901367, 138.495422363, 138.866943359, 139.238449097, 139.621582031, 139.993103027, 140.364624023, 140.747756958, 141.130874634, 141.50239563, 141.873916626, 142.245437622, 142.616958618, 142.988479614, 143.36000061, 143.719909668, 144.091430664, 144.47454834, 144.857681274, 145.240814209, 145.612335205, 145.983856201, 146.355377197, 146.726898193, 147.098403931, 147.481536865, 147.853057861, 148.236190796, 148.607711792, 148.979232788, 149.350738525, 149.722259521, 150.105392456, 150.476913452, 150.860046387, 151.231567383, 151.603088379, 151.974594116, 152.357727051, 152.729248047, 153.112380981, 153.483901978, 153.867019653, 154.238540649, 154.610061646, 154.981582642, 155.353103638, 155.736236572, 156.107757568, 156.479278564, 156.86239624, 157.245529175, 157.628662109, 158.011795044, 158.39491272, 158.789657593, 159.219223022, 159.648788452, 160.078369141, 160.50793457, 160.9375, 161.36706543, 161.78503418, 162.144943237, 162.504852295, 162.876373291, 163.247894287, 163.619400024, 163.990921021, 164.362442017, 164.745574951, 165.117095947, 165.488616943, 165.860137939, 166.231658936, 166.603164673, 166.974685669, 167.346206665, 167.717727661, 168.100860596, 168.472381592, 168.855514526, 169.227020264, 169.59854126, 169.981674194, 170.35319519, 170.736328125, 171.119445801, 171.502578735, 171.874099731, 172.245620728, 172.617141724, 172.98866272, 173.360183716, 173.731704712, 174.103210449, 174.474731445, 174.85786438, 175.240997314, 175.612518311, 175.995635986, 176.367156982, 176.738677979, 177.110198975, 177.493331909, 177.864852905, 178.236373901, 178.793640137, 179.350921631, 179.908203125, 180.477096558, 181.04598999, 181.614868164, 182.172149658, 182.752655029, 183.321533203, 183.902038574, 184.494140625, 185.086257935, 185.678359985, 186.270477295, 186.850967407, 187.41986084, 187.988754272, 188.557632446, 189.126525879, 189.683807373, 190.241088867, 190.798370361, 191.367248535, 191.924530029, 192.481811523, 193.050704956, 193.607971191, 194.176864624, 194.745758057, 195.303039551, 195.860321045, 196.41758728, 196.986480713, 197.543762207, 198.101043701, 198.669921875, 199.227203369, 199.796096802, 200.364990234, 200.92225647, 201.479537964, 202.048431396, 202.617324829, 203.174606323, 203.731872559, 204.289154053, 204.846435547, 205.403717041, 205.972610474, 206.529876709, 207.098770142, 207.667663574, 208.236557007, 208.793823242, 209.362716675, 209.919998169, 210.477279663, 211.046157837, 211.603439331, 212.172332764, 212.741226196, 213.31010437, 213.878997803, 214.436279297, 214.993560791, 215.550842285, 216.108108521, 216.665390015, 217.222671509, 217.791564941, 218.360443115, 218.917724609, 219.486618042, 220.055511475, 220.61277771, 221.170059204, 221.727340698, 222.284622192, 222.841903687, 223.410797119, 223.979675293, 224.536956787, 225.094238281, 225.663131714, 226.232009888, 226.789291382, 227.358184814, 227.927078247, 228.507568359, 229.064849854, 229.622131348, 230.191009521, 230.725082397, 231.259140015, 231.828018188, 232.385299683, 232.942581177, 233.523086548, 234.10357666, 234.684082031, 235.311019897, 235.937957764, 236.448791504, 236.971237183, 237.482086182, 238.027755737, 238.561813354, 239.095870972, 239.641540527, 240.187210083, 240.732879639, 241.208877563, 241.684890747, 242.160903931, 242.625305176, 243.089706421, 243.554092407, 244.018493652, 244.471282959, 244.924072266, 245.388473511, 245.852874756, 246.317276001], "beats_loudness": {"dmean2": 0.0274288356304, "median": 0.0336534567177, "min": 0, "dvar2": 0.000626841851044, "dvar": 0.000222912800382, "dmean": 0.0155347213149, "max": 0.12090421468, "var": 0.000452578417026, "mean": 0.035374481231}, "danceability": 1.0358556509, "bpm_histogram_second_peak_weight": {"dmean2": 0, "median": 0.0804794505239, "min": 0.0804794505239, "dvar2": 0, "dvar": 0, "dmean": 0, "max": 0.0804794505239, "var": 0, "mean": 0.0804794505239}, "beats_count": 585, "bpm_histogram_second_peak_bpm": {"dmean2": 0, "median": 108, "min": 108, "dvar2": 0, "dvar": 0, "dmean": 0, "max": 108, "var": 0, "mean": 108}, "bpm_histogram_first_peak_spread": {"dmean2": 0, "median": 0.389033913612, "min": 0.389033913612, "dvar2": 0, "dvar": 0, "dmean": 0, "max": 0.389033913612, "var": 0, "mean": 0.389033913612}, "beats_loudness_band_ratio": {"dmean2": [0.344628989697, 0.169259294868, 0.160259380937, 0.12685765326, 0.0864055976272, 0.0421485230327], "median": [0.525505781174, 0.0956552177668, 0.0878311023116, 0.0978781878948, 0.0606450177729, 0.0173863377422], "min": [0, 0, 0, 0, 0, 0], "dvar2": [0.0746677666903, 0.0309618990868, 0.0272761434317, 0.0170556306839, 0.00650853477418, 0.00494162272662], "dvar": [0.0263361912221, 0.0105884764344, 0.0102202976122, 0.00622692750767, 0.00231783348136, 0.00188845850062], "dmean": [0.196971938014, 0.0961327403784, 0.0908348411322, 0.0725667178631, 0.0505644865334, 0.0239443574101], "max": [0.947293579578, 0.719726026058, 0.864070653915, 0.54331433773, 0.341011404991, 0.538954079151], "var": [0.0619647763669, 0.0137562239543, 0.0132205151021, 0.00826331600547, 0.00375209259801, 0.00213747937232], "mean": [0.490462183952, 0.130148991942, 0.123808994889, 0.118505910039, 0.0762550458312, 0.0286213513464]}}, "lowlevel": {"barkbands_spread": {"dmean2": 9.00228404999, "median": 24.0058994293, "min": 0.500772416592, "dvar2": 99.5553283691, "dvar": 38.3108024597, "dmean": 5.50891923904, "max": 135.261764526, "var": 176.265548706, "mean": 25.4429302216}, "melbands_spread": {"dmean2": 12.2377700806, "median": 24.3558864594, "min": 0.491253167391, "dvar2": 153.335266113, "dvar": 57.7755126953, "dmean": 7.36433696747, "max": 164.906646729, "var": 995.237976074, "mean": 33.4298248291}, "hfc": {"dmean2": 7.48193979263, "median": 15.7360963821, "min": 1.04268895539e-16, "dvar2": 102.188117981, "dvar": 47.1212387085, "dmean": 4.94558095932, "max": 148.352844238, "var": 309.527496338, "mean": 19.8778076172}, "barkbands_kurtosis": {"dmean2": 3.24361205101, "median": 1.20015335083, "min": -1.93110477924, "dvar2": 36.9871711731, "dvar": 15.2456607819, "dmean": 1.94781064987, "max": 177.110641479, "var": 24.4109306335, "mean": 2.29979324341}, "gfcc": {"mean": [-97.1159896851, 100.27734375, -107.626823425, 8.62301254272, -18.6880245209, -10.2095336914, -3.13809323311, -10.795882225, -0.555074572563, -9.60512256622, -5.77123403549, -2.12523603439, -3.36985635757], "icov": [[5.56303457415e-05, -8.18670014269e-05, 0.000368103355868, -0.000195345070097, 0.000300277606584, -0.000115706898214, 6.17733458057e-05, -0.000164647397469, 8.03099683253e-05, 0.000121432021842, -7.68685131334e-05, -8.34678357933e-05, 8.47164919833e-05], [-8.18670014269e-05, 0.00112717365846, 0.000325394503307, 0.00118546630256, -0.00119002291467, 0.000353330542566, -0.000217093402171, 0.000455457193311, -0.000199777554371, 4.60094161099e-05, 0.000139556766953, 0.000516966741998, -0.000178704693099], [0.000368103355868, 0.000325394503307, 0.00434001395479, -0.000463343050797, 0.000945293053519, -0.0013032873394, 1.78445748134e-06, -0.00175488519017, 0.000890049384907, -3.23826952808e-06, -0.00106984958984, -0.000295789854135, 0.000425172474934], [-0.000195345070097, 0.00118546630256, -0.000463343050797, 0.00528089841828, -0.00212038308382, 0.000676018942613, -0.00333252828568, 0.00129054044373, -0.000887652044185, -0.000351666036295, 0.000892393349204, -0.00111202744301, 0.00124500296079], [0.000300277606584, -0.00119002291467, 0.000945293053519, -0.00212038308382, 0.00918612070382, -0.00318767805584, -0.000204855314223, -0.00134839257225, 0.000472283136332, 0.00186272442807, -0.0038046091795, 0.0025932083372, -0.00154095992912], [-0.000115706898214, 0.000353330542566, -0.0013032873394, 0.000676018942613, -0.00318767805584, 0.0106120407581, -0.000557126360945, -0.00304712937213, 0.00330203189515, -0.00279701058753, 0.00304178684019, -0.00346643105149, 0.00391789339483], [6.17733458057e-05, -0.000217093402171, 1.78445748134e-06, -0.00333252828568, -0.000204855314223, -0.000557126360945, 0.0115991570055, 0.000851057644468, -0.00487286783755, 0.00343976751901, -0.00250439695083, 0.0024147417862, -0.00321794929914], [-0.000164647397469, 0.000455457193311, -0.00175488519017, 0.00129054044373, -0.00134839257225, -0.00304712937213, 0.000851057644468, 0.0110244164243, -0.00246631447226, -0.00273862690665, 0.00401744153351, -0.00243062246591, 0.000935035350267], [8.03099683253e-05, -0.000199777554371, 0.000890049384907, -0.000887652044185, 0.000472283136332, 0.00330203189515, -0.00487286783755, -0.00246631447226, 0.01454490982, -0.00140598346479, -0.00194986059796, -0.000397715950385, -0.000785536190961], [0.000121432021842, 4.60094161099e-05, -3.23826952808e-06, -0.000351666036295, 0.00186272442807, -0.00279701058753, 0.00343976751901, -0.00273862690665, -0.00140598346479, 0.0192665979266, -0.00685424637049, 0.00334669393487, -0.00591209623963], [-7.68685131334e-05, 0.000139556766953, -0.00106984958984, 0.000892393349204, -0.0038046091795, 0.00304178684019, -0.00250439695083, 0.00401744153351, -0.00194986059796, -0.00685424637049, 0.0238325037062, -0.0119510442019, 0.00637384830043], [-8.34678357933e-05, 0.000516966741998, -0.000295789854135, -0.00111202744301, 0.0025932083372, -0.00346643105149, 0.0024147417862, -0.00243062246591, -0.000397715950385, 0.00334669393487, -0.0119510442019, 0.0288989562541, -0.0115066869184], [8.47164919833e-05, -0.000178704693099, 0.000425172474934, 0.00124500296079, -0.00154095992912, 0.00391789339483, -0.00321794929914, 0.000935035350267, -0.000785536190961, -0.00591209623963, 0.00637384830043, -0.0115066869184, 0.0237749330699]], "cov": [[110074.703125, 9559.77929688, -10833.4990234, 1132.56945801, -1698.02758789, -1752.91320801, 341.177642822, -1426.48608398, 403.901397705, -1171.2791748, -359.029449463, -208.712219238, -187.52911377], [9559.77929688, 2341.32714844, -1181.78515625, -219.318588257, -18.881608963, -229.919876099, -5.5283164978, -208.609634399, 34.0682067871, -127.868667603, -40.7590560913, -78.3071746826, 2.630890131], [-10833.4990234, -1181.78515625, 1399.17663574, -89.9837265015, 140.016113281, 268.115539551, -67.0349884033, 230.52331543, -76.9342956543, 139.289337158, 35.6946716309, 42.5890655518, -0.699208199978], [1132.56945801, -219.318588257, -89.9837265015, 408.927398682, 24.1048870087, -54.6199188232, 153.938171387, -58.1025505066, 75.0147171021, -32.5393638611, 24.2682056427, 10.9239549637, 1.36289310455], [-1698.02758789, -18.881608963, 140.016113281, 24.1048870087, 185.051147461, 57.0176849365, 21.9229717255, 25.1415615082, -1.60775578022, 9.68711662292, 20.7456684113, -3.5366897583, 1.80122029781], [-1752.91320801, -229.919876099, 268.115539551, -54.6199188232, 57.0176849365, 211.56489563, -58.3049621582, 108.655921936, -62.3880805969, 43.6779441833, -12.0784101486, 14.3939237595, -21.7453556061], [341.177642822, -5.5283164978, -67.0349884033, 153.938171387, 21.9229717255, -58.3049621582, 181.480072021, -51.1988372803, 77.3986053467, -29.9368743896, 23.5843315125, -0.67768573761, 17.9486083984], [-1426.48608398, -208.609634399, 230.52331543, -58.1025505066, 25.1415615082, 108.655921936, -51.1988372803, 173.719284058, -23.5415725708, 43.9710083008, -15.4219245911, 15.245552063, -5.93335914612], [403.901397705, 34.0682067871, -76.9342956543, 75.0147171021, -1.60775578022, -62.3880805969, 77.3986053467, -23.5415725708, 115.296424866, -7.63864850998, 19.461101532, 3.93515372276, 16.4402046204], [-1171.2791748, -127.868667603, 139.289337158, -32.5393638611, 9.68711662292, 43.6779441833, -29.9368743896, 43.9710083008, -7.63864850998, 82.5695877075, 15.3759241104, 10.9261693954, 11.520401001], [-359.029449463, -40.7590560913, 35.6946716309, 24.2682056427, 20.7456684113, -12.0784101486, 23.5843315125, -15.4219245911, 19.461101532, 15.3759241104, 68.0026092529, 22.3087444305, 3.23019456863], [-208.712219238, -78.3071746826, 42.5890655518, 10.9239549637, -3.5366897583, 14.3939237595, -0.67768573761, 15.245552063, 3.93515372276, 10.9261693954, 22.3087444305, 55.2797279358, 19.1496448517], [-187.52911377, 2.630890131, -0.699208199978, 1.36289310455, 1.80122029781, -21.7453556061, 17.9486083984, -5.93335914612, 16.4402046204, 11.520401001, 3.23019456863, 19.1496448517, 60.8632164001]]}, "spectral_energyband_middle_low": {"dmean2": 0.00545558473095, "median": 0.00698336167261, "min": 1.11349521686e-22, "dvar2": 6.09369853919e-05, "dvar": 2.55617233051e-05, "dmean": 0.0034192292951, "max": 0.113489963114, "var": 9.36213691602e-05, "mean": 0.00961965881288}, "melbands_crest": {"dmean2": 6.96102046967, "median": 12.6493854523, "min": 1.455514431, "dvar2": 39.0509223938, "dvar": 14.4649381638, "dmean": 4.13070678711, "max": 37.1645507812, "var": 43.7464981079, "mean": 13.4770746231}, "spectral_kurtosis": {"dmean2": 4.65408468246, "median": 8.12363529205, "min": -1.27915751934, "dvar2": 283.370117188, "dvar": 108.171478271, "dmean": 2.79193282127, "max": 237.781112671, "var": 217.526931763, "mean": 10.0317640305}, "spectral_rms": {"dmean2": 0.00127598084509, "median": 0.00496235582978, "min": 3.10252583173e-12, "dvar2": 1.60823594797e-06, "dvar": 6.75532078276e-07, "dmean": 0.000802893307991, "max": 0.0113537507132, "var": 5.13415943715e-06, "mean": 0.00471540307626}, "zerocrossingrate": {"dmean2": 0.0127921979874, "median": 0.0576171875, "min": 0.00439453125, "dvar2": 0.000219103443669, "dvar": 0.000129043721245, "dmean": 0.00981463678181, "max": 0.5341796875, "var": 0.0153246670961, "mean": 0.0965692400932}, "silence_rate_60dB": {"dmean2": 0.0116552310064, "median": 0, "min": 0, "dvar2": 0.0130238393322, "dvar": 0.00579347275198, "dmean": 0.00582706788555, "max": 1, "var": 0.10801897943, "mean": 0.123202703893}, "erbbands_kurtosis": {"dmean2": 0.934440135956, "median": -0.152774333954, "min": -1.68568277359, "dvar2": 1.41425549984, "dvar": 0.575511515141, "dmean": 0.573815882206, "max": 20.9010848999, "var": 1.26162266731, "mean": 0.0820614472032}, "erbbands": {"dmean2": [0.361625403166, 1.67073714733, 3.93142199516, 4.10059642792, 5.86467027664, 9.21738052368, 10.5112724304, 16.6259536743, 19.8328781128, 18.6449184418, 30.697019577, 22.1319999695, 29.3559780121, 44.907623291, 31.8931941986, 24.9426994324, 22.9193477631, 23.0534496307, 28.6421794891, 28.7853527069, 39.2495193481, 25.6165904999, 16.5989398956, 9.13502120972, 9.11898994446, 6.96824264526, 5.13232326508, 3.06936764717, 1.69266474247, 0.879559457302, 0.42517837882, 0.388146549463, 0.62249404192, 0.0493865534663, 0.0174428373575, 0.0100974850357, 0.0256904885173, 0.0459873266518, 0.00542214605957, 0.00091680441983], "median": [0.131533548236, 0.787378191948, 1.58111464977, 1.91098237038, 3.1908094883, 5.2547955513, 5.9268989563, 5.91149663925, 6.90733909607, 9.74199008942, 14.1210327148, 12.6233549118, 21.0014572144, 22.1837463379, 24.6159954071, 19.8397731781, 15.5177183151, 17.6684684753, 19.4370098114, 17.4624328613, 21.4238395691, 18.2392158508, 12.3721113205, 7.75527381897, 6.26648664474, 5.19135284424, 3.54922056198, 2.11189770699, 1.11357438564, 0.583389341831, 0.31406763196, 0.138802051544, 0.0460835918784, 0.0179138239473, 0.00334428017959, 0.0021328642033, 0.00628432258964, 0.00833317358047, 0.00645246263593, 0.00147063250188], "min": [4.62147534892e-23, 1.77043863632e-22, 1.23957659604e-21, 1.99402105245e-21, 9.09288466548e-21, 1.09585509552e-20, 2.32615531336e-20, 3.55594023968e-20, 5.16509313625e-20, 1.37484074025e-19, 1.70933435615e-19, 2.59558703817e-19, 2.76457771087e-19, 4.84455696535e-19, 6.17276087492e-19, 8.87730440187e-19, 1.12024098421e-18, 1.27707122302e-18, 2.14772462286e-18, 2.02758429031e-18, 2.59134448051e-18, 3.90926301955e-18, 4.18753484942e-18, 5.1161650282e-18, 5.79479682404e-18, 5.71944935563e-18, 7.99715982829e-18, 8.78528676258e-18, 9.45499700192e-18, 9.3370526271e-18, 9.94610074904e-18, 9.53915104872e-18, 9.09991235319e-18, 6.65383712506e-18, 5.65758782634e-18, 4.08444994712e-18, 1.93141834025e-18, 8.70033014379e-19, 2.19492944228e-19, 2.56740997071e-20], "dvar2": [0.300344914198, 4.48444080353, 30.6510829926, 39.5280456543, 70.7178497314, 202.981155396, 343.629852295, 1910.67773438, 2707.18554688, 1584.28955078, 7452.93945312, 2787.20776367, 2110.12768555, 12286.8896484, 3306.87695312, 1508.00048828, 2267.82958984, 1495.53076172, 2973.11181641, 4065.15161133, 6479.53613281, 1742.85424805, 616.554260254, 295.089691162, 347.468475342, 196.749649048, 140.997879028, 59.584728241, 42.2626495361, 10.5874137878, 1.32972943783, 1.24096763134, 13.5924654007, 0.01502972655, 0.00120849173982, 0.000401035213144, 0.0183598902076, 0.0764800235629, 0.000174136599526, 4.17899764216e-06], "dvar": [0.111889958382, 1.56128776073, 11.2613840103, 14.8820838928, 27.9932956696, 74.8380050659, 143.35710144, 764.903930664, 1235.2512207, 697.440002441, 3275.23754883, 1185.84631348, 853.81060791, 5434.24267578, 1224.75915527, 592.308898926, 899.518798828, 570.680664062, 1111.66906738, 1614.59790039, 2539.80908203, 645.587097168, 233.547363281, 129.868209839, 152.244155884, 91.9666671753, 65.0297546387, 28.3732261658, 17.3069782257, 4.79623270035, 0.603702604771, 0.676234185696, 7.82297134399, 0.00779913784936, 0.000450406252639, 0.000151680840645, 0.00969126168638, 0.0403645262122, 7.82691349741e-05, 1.89107390725e-06], "dmean": [0.211316421628, 0.946995973587, 2.27931547165, 2.41844940186, 3.48549175262, 5.39682912827, 6.50764226913, 10.2284955978, 12.500834465, 11.7257738113, 18.8924560547, 13.667098999, 17.9162254333, 27.9967670441, 19.2817821503, 15.0508766174, 13.8901357651, 13.7813215256, 17.2647914886, 17.7950725555, 23.9626865387, 15.2585220337, 9.86070919037, 5.64061594009, 5.83764314651, 4.45949888229, 3.34297275543, 2.03480148315, 1.10277867317, 0.577764213085, 0.277365118265, 0.257715404034, 0.417346656322, 0.0299773644656, 0.00953658670187, 0.00553186796606, 0.016760841012, 0.0309997424483, 0.00361302820966, 0.000602667336352], "max": [3.93371987343, 14.4341783524, 50.974521637, 75.7405166626, 126.266136169, 160.438064575, 291.533325195, 826.831237793, 1631.67041016, 855.593811035, 2092.83032227, 1456.34814453, 659.055541992, 2032.81726074, 1256.68579102, 527.063171387, 1058.4119873, 523.436767578, 818.024536133, 1532.2076416, 1422.6060791, 648.979248047, 298.55078125, 440.183135986, 423.771697998, 342.540588379, 284.224182129, 156.174484253, 183.777160645, 119.170783997, 31.0582847595, 30.9067001343, 113.088531494, 3.27710866928, 0.395709395409, 0.250577867031, 4.19712162018, 8.56549453735, 0.327985465527, 0.0606129840016], "var": [0.12654209137, 1.8140553236, 14.5367050171, 23.5388450623, 45.7285194397, 147.117111206, 352.563964844, 1405.71032715, 2269.14086914, 1930.98425293, 8377.92871094, 2468.59692383, 1868.71179199, 12881.7744141, 2180.5715332, 1388.59753418, 1879.3013916, 1161.71374512, 2235.4152832, 4791.7265625, 6165.16845703, 1242.42492676, 408.58682251, 325.816314697, 409.068969727, 305.723999023, 203.867019653, 91.9621200562, 36.1603393555, 10.2454814911, 1.40033721924, 2.59653615952, 30.6304454803, 0.0321423746645, 0.000672897906043, 0.000231052923482, 0.0328226536512, 0.13613294065, 0.00034527661046, 8.27814619697e-06], "mean": [0.257052302361, 1.18855571747, 2.82307982445, 3.4104385376, 5.22933149338, 9.01771354675, 11.6035661697, 15.9355134964, 19.9474506378, 22.6685886383, 33.2042350769, 24.9603099823, 33.0218086243, 48.9835929871, 36.7515716553, 29.8313121796, 25.9723243713, 26.2395572662, 32.6075630188, 36.5081710815, 45.4744987488, 27.7988910675, 17.6611595154, 11.6006727219, 12.110502243, 10.3900279999, 7.61515808105, 4.66055011749, 2.30924010277, 1.20065653324, 0.601411044598, 0.556195914745, 1.00714635849, 0.0683056265116, 0.0121668297797, 0.007040547207, 0.0410136058927, 0.0742425844073, 0.0108916508034, 0.00207881210372]}, "spectral_strongpeak": {"dmean2": 0.727973103523, "median": 0.187035277486, "min": 0, "dvar2": 2.96425914764, "dvar": 1.26038491726, "dmean": 0.417745500803, "max": 30.6932373047, "var": 2.01576423645, "mean": 0.550424277782}, "spectral_energy": {"dmean2": 0.0149697884917, "median": 0.0252406001091, "min": 9.86630823174e-21, "dvar2": 0.000285896967398, "dvar": 0.000117648720334, "dmean": 0.00934886932373, "max": 0.132130339742, "var": 0.000409989472246, "mean": 0.0280534438789}, "average_loudness": 0.792866766453, "spectral_rolloff": {"dmean2": 846.578369141, "median": 1184.32617188, "min": 21.533203125, "dvar2": 2199546, "dvar": 870852.25, "dmean": 487.99005127, "max": 20004.3457031, "var": 23734486, "mean": 2775.09350586}, "spectral_centroid": {"dmean2": 364.116485596, "median": 1366.16174316, "min": 219.364120483, "dvar2": 152821.3125, "dvar": 65490.4648438, "dmean": 226.453094482, "max": 11939.4199219, "var": 7108860, "mean": 2150.93334961}, "pitch_salience": {"dmean2": 0.136430233717, "median": 0.604196131229, "min": 0.10917737335, "dvar2": 0.0144084962085, "dvar": 0.00529331807047, "dmean": 0.0808774530888, "max": 0.85822147131, "var": 0.0145613830537, "mean": 0.594822406769}, "spectral_energyband_middle_high": {"dmean2": 0.00330502307042, "median": 0.00494793010876, "min": 1.01413362938e-21, "dvar2": 2.25948479056e-05, "dvar": 9.65651724982e-06, "dmean": 0.00209803367034, "max": 0.0669570937753, "var": 4.45214864158e-05, "mean": 0.00658911094069}, "spectral_contrast_coeffs": {"dmean2": [0.0852353945374, 0.0733864530921, 0.0590966530144, 0.0436996296048, 0.0360373742878, 0.0399722494185], "median": [-0.701086640358, -0.779997348785, -0.806613087654, -0.816084086895, -0.799418330193, -0.71733546257], "min": [-0.990720033646, -0.982408642769, -0.979742705822, -0.973068296909, -0.96865272522, -0.968349277973], "dvar2": [0.00469132326543, 0.00387345557101, 0.00241844216362, 0.00135609053541, 0.00119457778055, 0.00174297892954], "dvar": [0.00167080492247, 0.00142337405123, 0.000878878636286, 0.000500505848322, 0.000438490358647, 0.000686529325321], "dmean": [0.0501613356173, 0.0442351922393, 0.0351085327566, 0.0260239709169, 0.0215207077563, 0.0243358891457], "max": [-0.28271317482, -0.438837349415, -0.496824324131, -0.578560233116, -0.630372464657, -0.457902371883], "var": [0.00999790709466, 0.00717742042616, 0.00453166943043, 0.00351049005985, 0.00307409465313, 0.00899203401059], "mean": [-0.71320194006, -0.780992507935, -0.810120224953, -0.819151937962, -0.810278177261, -0.734187424183]}, "melbands_skewness": {"dmean2": 1.01624810696, "median": 1.81095385551, "min": -1.98632705212, "dvar2": 1.10096669197, "dvar": 0.432994544506, "dmean": 0.618777513504, "max": 19.7529010773, "var": 1.66103601456, "mean": 1.96495556831}, "spectral_spread": {"dmean2": 648730.6875, "median": 3179646.5, "min": 367337.78125, "dvar2": 838253871104, "dvar": 356179902464, "dmean": 385073.8125, "max": 43310124, "var": 102954082238000.0, "mean": 6203198}, "dissonance": {"dmean2": 0.0248130206019, "median": 0.483334749937, "min": 0.151769936085, "dvar2": 0.000834890000988, "dvar": 0.00029132902273, "dmean": 0.0144556947052, "max": 0.500000059605, "var": 0.000563460635021, "mean": 0.476965516806}, "spectral_skewness": {"dmean2": 0.396856963634, "median": 1.74407744408, "min": -0.116729609668, "dvar2": 0.567253053188, "dvar": 0.211937025189, "dmean": 0.243759825826, "max": 12.9576253891, "var": 1.05480110645, "mean": 1.75901710987}, "spectral_flux": {"dmean2": 0.0356726646423, "median": 0.0906300246716, "min": 6.32716309901e-11, "dvar2": 0.00133096275385, "dvar": 0.000537402171176, "dmean": 0.0219033528119, "max": 0.26902282238, "var": 0.00218510907143, "mean": 0.0889554545283}, "spectral_contrast_valleys": {"dmean2": [0.684457063675, 0.564770281315, 0.470951914787, 0.435231238604, 0.3969424963, 0.614228725433], "median": [-6.7038936615, -6.33909320831, -6.50438070297, -6.95263147354, -7.15655946732, -11.0653009415], "min": [-28.6834545135, -28.2645015717, -27.818687439, -27.9564838409, -27.6333560944, -27.4207286835], "dvar2": [0.322973191738, 0.239823356271, 0.177887260914, 0.16457529366, 0.239553853869, 0.588193297386], "dvar": [0.126057729125, 0.0964999124408, 0.0767619013786, 0.0726029798388, 0.108762398362, 0.236405432224], "dmean": [0.401146501303, 0.33604413271, 0.282418638468, 0.265601813793, 0.250376105309, 0.363655358553], "max": [-5.29161548615, -4.61590147018, -5.23238658905, -5.58558511734, -5.53928184509, -9.1037569046], "var": [31.9791088104, 33.1891555786, 32.3093109131, 31.0291004181, 30.4976482391, 19.9090156555], "mean": [-8.56070899963, -8.17835235596, -8.37361049652, -8.77538585663, -9.04793548584, -12.4955739975]}, "erbbands_flatness_db": {"dmean2": 0.0273368339986, "median": 0.144721806049, "min": 0.0358344465494, "dvar2": 0.000891805626452, "dvar": 0.000369402259821, "dmean": 0.0168971829116, "max": 0.522463977337, "var": 0.00240868562832, "mean": 0.151778280735}, "spectral_energyband_high": {"dmean2": 0.000262266286882, "median": 0.00027599488385, "min": 6.73182443054e-21, "dvar2": 3.64460191804e-07, "dvar": 1.89020894936e-07, "dmean": 0.000180486109457, "max": 0.0121217723936, "var": 7.77887350978e-07, "mean": 0.000530830177013}, "spectral_entropy": {"dmean2": 0.168457999825, "median": 7.6762752533, "min": 4.61317300797, "dvar2": 0.036951392889, "dvar": 0.0150776021183, "dmean": 0.104934379458, "max": 9.83299350739, "var": 0.477939605713, "mean": 7.7737030983}, "silence_rate_20dB": {"dmean2": 0, "median": 1, "min": 1, "dvar2": 0, "dvar": 0, "dmean": 0, "max": 1, "var": 0, "mean": 1}, "melbands_flatness_db": {"dmean2": 0.0451017767191, "median": 0.196561530232, "min": 0.00201493618079, "dvar2": 0.00190706551075, "dvar": 0.000755355344154, "dmean": 0.0272393766791, "max": 0.611487269402, "var": 0.00670045195147, "mean": 0.195959851146}, "barkbands": {"dmean2": [0.00380134023726, 0.00833010673523, 0.00335923349485, 0.00151669338811, 0.00224822270684, 0.00175105920061, 0.00136244727764, 0.00134830607567, 0.0010335406987, 0.00131178298034, 0.000893046555575, 0.00071766221663, 0.000487250479637, 0.000513313512783, 0.000577515573241, 0.000686895044055, 0.000496841792483, 0.000278039224213, 0.000182613453944, 0.000148818347952, 0.000100044395367, 4.38354545622e-05, 1.81217328645e-05, 2.91653886961e-05, 2.7240153031e-06, 3.28426285705e-05, 4.20349824708e-05], "median": [0.000628336973023, 0.00443647382781, 0.00119627569802, 0.000589366012719, 0.00159005331807, 0.0