{"metadata": {"tags": {"album": ["Alma Del Sur"], "albumartist": ["Alma Del Sur"], "genre": ["New Age"], "artist": ["Alma Del Sur"], "date": ["1992"], "tracknumber": ["11"], "title": ["El Gatillo y el Armadillo"], "file_name": "193223.mp3", "musicbrainz_recordingid": ["108e0e27-a67a-4f3a-9d91-7d6fb9f75761"]}, "audio_properties": {"sample_rate": 44100, "downmix": "mix", "lossless": false, "analysis_sample_rate": 44100, "md5_encoded": "b96506d15ebaac000d9ebe4278a4d86a", "equal_loudness": 0, "replay_gain": -8.13444709778, "codec": "mp3", "bit_rate": 228273, "length": 226.246536255}, "version": {"extractor": "music 1.0", "essentia_build_sha": "70f2e5ece6736b2c40cc944ad0e695b16b925413", "essentia_git_sha": "v2.1_beta2", "essentia": "2.1-beta2"}}, "rhythm": {"beats_loudness_band_ratio": {"dvar2": [0.0533864721656, 0.0326230153441, 0.0326155908406, 0.0290822517127, 0.0126287080348, 0.00235444912687], "var": [0.0404102914035, 0.0130639234558, 0.0230896621943, 0.016703216359, 0.00585245201364, 0.000746796256863], "min": [0, 0, 0, 0, 0, 0], "dmean": [0.179704189301, 0.109752081335, 0.13403648138, 0.0985527411103, 0.0647330656648, 0.0233359597623], "mean": [0.413055598736, 0.137237995863, 0.217342123389, 0.147149384022, 0.0822064504027, 0.0302347857505], "max": [0.899315536022, 0.603815674782, 0.87864202261, 0.859844744205, 0.431783288717, 0.308399558067], "dmean2": [0.302209854126, 0.190480709076, 0.232815638185, 0.169381633401, 0.111877970397, 0.0405125692487], "median": [0.41524091363, 0.102259866893, 0.174008816481, 0.103350676596, 0.055321123451, 0.0249682534486], "dvar": [0.0181900821626, 0.0117779830471, 0.0122726634145, 0.0104310587049, 0.00469234772027, 0.00083900813479]}, "bpm_histogram_first_peak_weight": {"dvar2": 0, "var": 0, "min": 0.537688434124, "dmean": 0, "mean": 0.537688434124, "max": 0.537688434124, "dmean2": 0, "median": 0.537688434124, "dvar": 0}, "bpm": 106.221755981, "beats_count": 399, "bpm_histogram_first_peak_spread": {"dvar2": 0, "var": 0, "min": 0.456852793694, "dmean": 0, "mean": 0.456852793694, "max": 0.456852793694, "dmean2": 0, "median": 0.456852793694, "dvar": 0}, "danceability": 1.34999001026, "bpm_histogram_first_peak_bpm": {"dvar2": 0, "var": 0, "min": 105, "dmean": 0, "mean": 105, "max": 105, "dmean2": 0, "median": 105, "dvar": 0}, "beats_position": [0.615328788757, 1.20743763447, 1.79954648018, 2.39165520668, 2.99537420273, 3.59909296036, 4.19120168686, 4.76009082794, 5.34058952332, 5.93269824982, 6.53641700745, 7.12852573395, 7.70902490616, 8.28952407837, 8.87002277374, 9.42730140686, 9.98458003998, 10.5418596268, 11.0991382599, 11.656416893, 12.2136955261, 12.7709751129, 13.3398637772, 13.9087524414, 14.4776411057, 15.0465307236, 15.6038093567, 16.1610889435, 16.7299766541, 17.298866272, 17.8677539825, 18.4366436005, 19.0055332184, 19.574420929, 20.1317005157, 20.6889801025, 21.2578678131, 21.826757431, 22.3840351105, 22.9529247284, 23.5218143463, 24.0790920258, 24.6479816437, 25.2168693542, 25.774148941, 26.3314285278, 26.8887062073, 27.4575958252, 28.0264854431, 28.5837631226, 29.1410427094, 29.7099323273, 30.2788200378, 30.8477096558, 31.4049873352, 31.9738769531, 32.542766571, 33.111656189, 33.6689338684, 34.2262115479, 34.7951011658, 35.3639907837, 35.9328804016, 36.5017662048, 37.0706558228, 37.6395454407, 38.2084350586, 38.7773246765, 39.334602356, 39.8918800354, 40.4491615295, 41.0180473328, 41.5869369507, 42.1442184448, 42.7014961243, 43.2703857422, 43.8392753601, 44.4081611633, 44.9770507812, 45.5459403992, 46.1148300171, 46.6721076965, 47.2409973145, 47.7982749939, 48.3671646118, 48.9244422913, 49.4933319092, 50.0506095886, 50.6194992065, 51.1767807007, 51.7340583801, 52.2913360596, 52.8602256775, 53.4291152954, 53.9863929749, 54.5552825928, 55.1241722107, 55.6930618286, 56.2619476318, 56.8308372498, 57.3997268677, 57.9570045471, 58.5142860413, 59.0715637207, 59.6288414001, 60.1977310181, 60.766620636, 61.3355102539, 61.8927879333, 62.4500656128, 63.0189552307, 63.5762329102, 64.1451263428, 64.714012146, 65.2712936401, 65.8401794434, 66.409072876, 66.9779586792, 67.5468444824, 68.115737915, 68.6846237183, 69.2419052124, 69.7991790771, 70.3680725098, 70.936958313, 71.4942398071, 72.0631256104, 72.632019043, 73.1892929077, 73.7465744019, 74.303855896, 74.8727416992, 75.4416275024, 75.9989089966, 76.5678024292, 77.1366882324, 77.7055740356, 78.2744674683, 78.8433532715, 79.4122467041, 79.9695205688, 80.526802063, 81.0840835571, 81.6529693604, 82.2218551636, 82.7791366577, 83.3480224609, 83.9169158936, 84.4741897583, 85.0314712524, 85.5887527466, 86.1460266113, 86.7149200439, 87.2838058472, 87.8643035889, 88.421585083, 88.9788665771, 89.5477523804, 90.116645813, 90.6855316162, 91.2544174194, 91.8116989136, 92.3805847168, 92.9494781494, 93.5067520142, 94.0640335083, 94.6213150024, 95.1902008057, 95.7590942383, 96.3279800415, 96.8968658447, 97.4657592773, 98.0346450806, 98.5919265747, 99.1608123779, 99.7180938721, 100.286979675, 100.844261169, 101.401542664, 101.958816528, 102.516098022, 103.084983826, 103.653877258, 104.222763062, 104.791656494, 105.348930359, 105.917823792, 106.475097656, 107.043991089, 107.612876892, 108.170158386, 108.739044189, 109.296325684, 109.853607178, 110.422492981, 110.991378784, 111.560272217, 112.12915802, 112.698051453, 113.266937256, 113.847434998, 114.404716492, 114.961990356, 115.519271851, 116.076553345, 116.645439148, 117.202720642, 117.771606445, 118.328887939, 118.897773743, 119.466667175, 120.02394104, 120.581222534, 121.150108337, 121.71900177, 122.276275635, 122.833557129, 123.402442932, 123.971336365, 124.540222168, 125.109115601, 125.666389465, 126.235282898, 126.804168701, 127.361450195, 127.930335999, 128.499221802, 129.056503296, 129.625396729, 130.182678223, 130.739959717, 131.308837891, 131.889343262, 132.446624756, 133.003890991, 133.572784424, 134.130065918, 134.698959351, 135.256240845, 135.825119019, 136.394012451, 136.951293945, 137.508575439, 138.065841675, 138.623123169, 139.192016602, 139.760910034, 140.329788208, 140.898681641, 141.467575073, 142.036453247, 142.60534668, 143.174240112, 143.731521606, 144.30039978, 144.869293213, 145.426574707, 145.99546814, 146.552734375, 147.121627808, 147.678909302, 148.236190796, 148.79347229, 149.373962402, 149.942855835, 150.500137329, 151.057418823, 151.626296997, 152.183578491, 152.740859985, 153.298141479, 153.878631592, 154.447525024, 155.016418457, 155.573699951, 156.142578125, 156.711471558, 157.268753052, 157.826034546, 158.39491272, 158.963806152, 159.521087646, 160.089981079, 160.658859253, 161.216140747, 161.78503418, 162.353912354, 162.911193848, 163.48008728, 164.048980713, 164.606262207, 165.175140381, 165.744033813, 166.301315308, 166.858596802, 167.427474976, 167.996368408, 168.565261841, 169.122543335, 169.691421509, 170.260314941, 170.805984497, 171.363265991, 171.932144165, 172.501037598, 173.058319092, 173.627212524, 174.196090698, 174.753372192, 175.310653687, 175.879547119, 176.448425293, 177.017318726, 177.586212158, 178.155105591, 178.723983765, 179.281265259, 179.838546753, 180.395828247, 180.976318359, 181.545211792, 182.114105225, 182.671386719, 183.240264893, 183.809158325, 184.366439819, 184.923721313, 185.480987549, 186.06149292, 186.630386353, 187.187667847, 187.756546021, 188.313827515, 188.871109009, 189.428390503, 189.985671997, 190.542938232, 191.100219727, 191.669113159, 192.238006592, 192.806884766, 193.375778198, 193.944671631, 194.513549805, 195.094055176, 195.65133667, 196.208618164, 196.765899658, 197.323165894, 197.892059326, 198.460952759, 199.029830933, 199.598724365, 200.156005859, 200.713287354, 201.270568848, 201.827835083, 202.396728516, 202.965621948, 203.546112061, 204.115005493, 204.672286987, 205.24118042, 205.798446655, 206.355728149, 206.924621582, 207.493515015, 208.062393188, 208.631286621, 209.188568115, 209.745849609, 210.303131104, 210.872009277, 211.44090271, 212.009796143, 212.578674316, 213.135955811, 213.704849243, 214.273742676, 214.831008911, 215.388290405, 215.945571899, 216.502853394, 217.060134888, 217.640625, 218.197906494, 218.755187988, 219.324081421, 219.892959595, 220.461853027, 221.03074646, 221.588027954, 222.168518066, 222.737411499, 223.306304932, 223.875183105, 224.444076538, 225.012969971, 225.581848145], "beats_loudness": {"dvar2": 0.000822976289783, "var": 0.00041061497177, "min": 0, "dmean": 0.0177775193006, "mean": 0.0354535244405, "max": 0.142675936222, "dmean2": 0.0314514376223, "median": 0.0309782773256, "dvar": 0.000290418218356}, "bpm_histogram_second_peak_weight": {"dvar2": 0, "var": 0, "min": 0.00753768859431, "dmean": 0, "mean": 0.00753768859431, "max": 0.00753768859431, "dmean2": 0, "median": 0.00753768859431, "dvar": 0}, "bpm_histogram_second_peak_spread": {"dvar2": 0, "var": 0, "min": 0, "dmean": 0, "mean": 0, "max": 0, "dmean2": 0, "median": 0, "dvar": 0}, "bpm_histogram_second_peak_bpm": {"dvar2": 0, "var": 0, "min": 99, "dmean": 0, "mean": 99, "max": 99, "dmean2": 0, "median": 99, "dvar": 0}, "onset_rate": 4.69799280167}, "lowlevel": {"spectral_energyband_high": {"dvar2": 3.07290804358e-07, "var": 2.83377318055e-07, "min": 7.09742048983e-21, "dmean": 0.000229094366659, "mean": 0.000331578106852, "max": 0.0112806055695, "dmean2": 0.000318241945934, "median": 0.000124322832562, "dvar": 1.49491185653e-07}, "spectral_energyband_middle_low": {"dvar2": 0.000152191045345, "var": 0.000103223697806, "min": 1.3774392405e-22, "dmean": 0.00481848884374, "mean": 0.00959870684892, "max": 0.0941932871938, "dmean2": 0.00736475316808, "median": 0.00643086573109, "dvar": 6.22158186161e-05}, "spectral_energy": {"dvar2": 0.0002795602486, "var": 0.000350809452357, "min": 9.86995380411e-21, "dmean": 0.00781014934182, "mean": 0.022105390206, "max": 0.198230683804, "dmean2": 0.0113328630105, "median": 0.0172989424318, "dvar": 0.00012838494149}, "spectral_spread": {"dvar2": 2021285691390.0, "var": 14181198725100.0, "min": 945645.5, "dmean": 897603.6875, "mean": 4692609, "max": 42925048, "dmean2": 1213973.625, "median": 4082083.75, "dvar": 1076811530240.0}, "spectral_energyband_low": {"dvar2": 6.79274962749e-05, "var": 5.78310027777e-05, "min": 1.72468344164e-23, "dmean": 0.00304521177895, "mean": 0.00809129979461, "max": 0.0693318545818, "dmean2": 0.00497700739652, "median": 0.0062606795691, "dvar": 2.4671006031e-05}, "spectral_rolloff": {"dvar2": 747692.375, "var": 3697007.25, "min": 21.533203125, "dmean": 330.255767822, "mean": 1216.29174805, "max": 19444.4824219, "dmean2": 566.301513672, "median": 904.39453125, "dvar": 321653}, "barkbands": {"dvar2": [1.44153119996e-10, 2.22499656957e-05, 2.30668592849e-05, 3.29149297613e-05, 2.84352536255e-05, 1.72811678567e-06, 5.1696583796e-06, 1.29589525386e-05, 1.01231617009e-05, 8.3024315245e-06, 7.00687678545e-06, 2.57120859715e-06, 1.26078466565e-05, 2.35816219174e-06, 1.62900789746e-06, 7.6605169852e-07, 2.36059418057e-06, 4.55101002217e-07, 2.24151619932e-07, 1.80746425826e-07, 3.71102117924e-08, 1.98071070656e-08, 1.16549605522e-08, 8.12011169415e-09, 4.35208757921e-09, 7.30461136023e-10, 1.02581908246e-10], "var": [7.56113852085e-11, 1.30739526867e-05, 2.28228855121e-05, 1.28646606754e-05, 1.38212653837e-05, 9.69867755884e-07, 3.1793740618e-06, 8.97639711184e-06, 7.28388477e-06, 6.77606021782e-06, 6.70549252391e-06, 2.33000218941e-06, 1.05307271951e-05, 2.12467466554e-06, 1.59341198014e-06, 5.1386979294e-07, 2.05068363357e-06, 3.71775371377e-07, 2.02675479954e-07, 1.0695111996e-07, 2.54649137332e-08, 1.43046730017e-08, 6.10957551217e-09, 4.8587458501e-09, 2.38870723202e-09, 3.69884428641e-10, 2.67493527328e-11], "min": [2.49535316508e-25, 1.72654475895e-24, 2.09498599182e-24, 1.6711227444e-24, 5.5000108064e-24, 3.12374561199e-24, 1.07165444465e-23, 7.11364708728e-24, 1.83753598948e-23, 2.04656961432e-23, 1.21995769159e-23, 3.34433384028e-23, 2.97840019901e-23, 2.51692382698e-23, 3.29486784391e-23, 4.72865504021e-23, 5.89179699726e-23, 1.06696466657e-22, 9.72365981429e-23, 1.48174116721e-22, 2.46676779819e-22, 3.71273358696e-22, 4.28598959289e-22, 6.3314516465e-22, 7.35523154276e-22, 1.29185851031e-21, 1.85528634434e-21], "dmean": [2.36950495491e-06, 0.00130945385899, 0.00166583771352, 0.00150711939204, 0.00168483599555, 0.000428663304774, 0.000750436680391, 0.00116200326011, 0.000801348942332, 0.000702361692674, 0.000503280258272, 0.000294497265713, 0.000681464793161, 0.000248902797466, 0.0002844176488, 0.000207023025723, 0.000381613557693, 0.000150109801325, 0.000129543754156, 9.05505730771e-05, 5.56348568352e-05, 4.69108490506e-05, 3.61805250577e-05, 3.57401477231e-05, 2.68331168627e-05, 1.02008370959e-05, 1.58425018526e-06], "mean": [5.39896245755e-06, 0.00297293742187, 0.00407455209643, 0.00211330410093, 0.00234610494226, 0.000717768620234, 0.00106220063753, 0.0018214212032, 0.00115834001917, 0.00101312238257, 0.000801115122158, 0.000447560101748, 0.0010898540495, 0.000420355121605, 0.000441296811914, 0.000289178628009, 0.000556848419365, 0.000202276976779, 0.000189418831724, 0.000120220262033, 7.4927105743e-05, 6.33586751064e-05, 4.31965308962e-05, 4.08446176152e-05, 2.8441174436e-05, 1.02295425677e-05, 1.10998257696e-06], "max": [0.000601404346526, 0.048362120986, 0.0470336712897, 0.049194008112, 0.0552312992513, 0.0154200196266, 0.0260110776871, 0.0331344790757, 0.0526389926672, 0.0430490970612, 0.0903434231877, 0.0261934921145, 0.0697768032551, 0.0488279387355, 0.0372150763869, 0.0154097843915, 0.0261757038534, 0.0137399043888, 0.0072676576674, 0.010500379838, 0.00264272606, 0.00340042426251, 0.00131955777761, 0.000731878739316, 0.000737113354262, 0.000209729900234, 9.82187411864e-05], "dmean2": [3.98854945161e-06, 0.0020884652622, 0.00272186589427, 0.00258420081809, 0.00269056414254, 0.000675912247971, 0.00119442970026, 0.00175853946712, 0.00118336710148, 0.00106019771192, 0.000732097425498, 0.000448579346994, 0.000988835236058, 0.000362839607988, 0.000418825220549, 0.000316841818858, 0.000570823147427, 0.000226487885811, 0.000192782332306, 0.000138668925501, 8.64952380653e-05, 6.96145289112e-05, 5.43816386198e-05, 5.15450374223e-05, 3.90573768527e-05, 1.51529329742e-05, 2.75937577499e-06], "median": [4.7825560614e-06, 0.00177265959792, 0.00222601881251, 0.000687906111125, 0.000980200129561, 0.000403680431191, 0.000457425398054, 0.000664733117446, 0.000268648000201, 0.000149218045408, 0.000164709039382, 7.12850887794e-05, 0.000232645688811, 0.000117709547339, 8.04702285677e-05, 7.0698253694e-05, 0.000110889042844, 3.33037205564e-05, 4.19651914854e-05, 2.49922832154e-05, 1.92214574781e-05, 2.09877271118e-05, 1.34984738906e-05, 1.39968587973e-05, 8.48284798849e-06, 2.44321176979e-06, 5.66398199453e-08], "dvar": [6.40027822407e-11, 7.25803920432e-06, 8.4893008534e-06, 1.18081188702e-05, 1.13253181553e-05, 7.00063026216e-07, 2.13097109736e-06, 5.43094211025e-06, 4.40056510342e-06, 3.85067824027e-06, 3.35173922394e-06, 1.16007993256e-06, 5.73897614231e-06, 1.12184250156e-06, 8.02012777967e-07, 3.39596823551e-07, 1.10903454242e-06, 2.18168494825e-07, 1.03335722201e-07, 7.55799973717e-08, 1.58112687387e-08, 8.92989504564e-09, 4.96020913232e-09, 3.79194764477e-09, 1.95764915389e-09, 3.27943394662e-10, 3.85446084772e-11]}, "melbands_skewness": {"dvar2": 1.3834631443, "var": 2.31267142296, "min": -1.06309509277, "dmean": 0.708208620548, "mean": 2.46472287178, "max": 14.2924184799, "dmean2": 1.08390438557, "median": 2.18016457558, "dvar": 0.578277409077}, "barkbands_skewness": {"dvar2": 0.755854189396, "var": 1.4485360384, "min": -2.23193693161, "dmean": 0.530665457249, "mean": 1.57667922974, "max": 18.4369106293, "dmean2": 0.808993816376, "median": 1.40452432632, "dvar": 0.327399104834}, "erbbands": {"dvar2": [0.00429655285552, 1.65193915367, 20.5996894836, 129.528121948, 548.536132812, 293.622741699, 163.642303467, 127.646377563, 473.772918701, 6075.85107422, 2649.29443359, 7352.34570312, 7283.43798828, 6766.83886719, 15232.2578125, 5148.57275391, 33361.1210938, 4799.37402344, 3731.73144531, 4328.96533203, 1985.92419434, 2965.13671875, 1650.91027832, 932.136108398, 435.839691162, 738.179382324, 93.099822998, 47.3289489746, 26.7819595337, 21.8877182007, 5.7767663002, 1.49120795727, 4.91541862488, 1.27529382706, 0.118551500142, 0.0312770754099, 0.00141681160312, 7.56621593609e-05, 3.55789575224e-06, 7.4548207607e-09], "var": [0.00276628741995, 1.02706468105, 22.9757633209, 64.3115234375, 192.744491577, 159.022399902, 89.0208435059, 67.7756195068, 342.765441895, 3429.08764648, 2617.24462891, 5548.51855469, 5693.87402344, 6072.1015625, 14440.65625, 5172.74414062, 28001.0566406, 4615.26855469, 3630.45166016, 4122.67041016, 1599.87841797, 2499.62841797, 1412.14208984, 1039.64233398, 353.537597656, 438.299133301, 76.4773330688, 26.4950504303, 18.1455631256, 10.5876331329, 3.49009394646, 1.17298293114, 2.45930051804, 0.654872357845, 0.0642149746418, 0.0153184821829, 0.000686423911247, 2.57182018686e-05, 9.08503238861e-07, 2.72047739891e-09], "min": [6.16136402144e-23, 6.94664400302e-22, 3.13989945122e-21, 7.0981273092e-21, 1.64562316053e-20, 2.6814730073e-20, 5.21846761151e-20, 3.14932183812e-20, 1.22858887485e-19, 1.48520860595e-19, 2.48270454341e-19, 3.82887042149e-19, 4.71273797992e-19, 6.64627783164e-19, 8.64306649794e-19, 1.58222973152e-18, 1.56053681656e-18, 1.86353390212e-18, 2.1018787578e-18, 3.2751023146e-18, 3.31685983949e-18, 4.24937445842e-18, 5.53811771688e-18, 5.84033022163e-18, 6.14646438966e-18, 8.09170326358e-18, 8.79018367181e-18, 1.00462226904e-17, 1.04784775e-17, 1.04074830696e-17, 1.25574421141e-17, 1.17330110499e-17, 1.03688893037e-17, 6.31907671757e-18, 5.2265113355e-18, 3.93152286343e-18, 2.34320001611e-18, 1.04742861758e-18, 2.57295744456e-19, 2.60340799855e-20], "dmean": [0.0190066453069, 0.367832630873, 1.66839814186, 3.29276776314, 6.14427661896, 5.34365081787, 4.32990932465, 3.36366772652, 7.70588493347, 23.7365112305, 17.0045375824, 22.0011978149, 16.4404773712, 19.4497680664, 23.941947937, 14.2994756699, 34.3100700378, 14.9143619537, 12.1849794388, 15.0923213959, 11.3666257858, 14.4885396957, 11.5642051697, 7.83461046219, 4.90497159958, 5.21765422821, 2.70007038116, 1.91216635704, 1.63430523872, 1.51845955849, 0.84265345335, 0.457274496555, 0.796345233917, 0.437922686338, 0.1293810606, 0.0640549138188, 0.0141978180036, 0.00226646661758, 0.000284171837848, 1.96981945919e-05], "mean": [0.0506961718202, 0.844434857368, 4.25357484818, 6.03335428238, 7.6513004303, 7.63787603378, 6.43779087067, 5.79795122147, 12.3178939819, 34.4893913269, 28.4117469788, 33.2084579468, 24.0537528992, 29.81208992, 39.2459335327, 24.6650314331, 55.571182251, 27.0512828827, 20.37225914, 22.7743358612, 17.5644435883, 21.597869873, 16.8182086945, 11.6009969711, 7.07265996933, 7.12691354752, 3.82811784744, 2.46920514107, 2.21033930779, 1.84118616581, 1.04636442661, 0.597369790077, 0.841571927071, 0.45320007205, 0.142111077905, 0.0646707117558, 0.0140607655048, 0.00201149354689, 0.000208100347663, 3.45706030203e-05], "max": [0.539721250534, 13.3099718094, 41.4547080994, 101.735183716, 180.281173706, 205.078659058, 140.118804932, 137.244247437, 224.730987549, 816.269470215, 758.747436523, 1440.39709473, 1648.42700195, 1782.50939941, 3320.21728516, 1286.93579102, 3856.35888672, 1830.54943848, 2134.28491211, 1979.96630859, 888.725158691, 736.351135254, 496.058044434, 602.913330078, 429.141082764, 715.966308594, 155.487472534, 121.61529541, 151.781814575, 64.3678741455, 37.926109314, 19.6519508362, 14.9137897491, 9.88460159302, 7.21264982224, 2.01124310493, 0.352721005678, 0.0699361413717, 0.0236183758825, 0.000869288342074], "dmean2": [0.0293329898268, 0.589469909668, 2.7055542469, 5.59895992279, 10.3995504379, 8.50504493713, 6.72191286087, 5.33747529984, 12.0042057037, 37.2521476746, 24.9601745605, 32.1145935059, 24.6025314331, 29.4767360687, 34.5392303467, 21.2595081329, 49.6770553589, 21.3571224213, 18.1650695801, 21.7854557037, 17.5187759399, 21.4888629913, 17.0063800812, 11.4065628052, 7.40246915817, 7.98610544205, 4.09794187546, 2.97114109993, 2.44321107864, 2.30259203911, 1.24998688698, 0.648995280266, 1.17998301983, 0.643044173717, 0.187151610851, 0.0949091091752, 0.0213432461023, 0.00364754721522, 0.000493276689667, 3.09521055897e-05], "median": [0.0345152281225, 0.530301809311, 2.52633142471, 3.35004901886, 2.80152821541, 3.04362487793, 3.10074424744, 3.3329679966, 5.92700958252, 13.7775478363, 10.6513843536, 8.81199169159, 4.76345157623, 5.60396146774, 7.83896493912, 6.0222454071, 12.2261600494, 9.33378696442, 5.78163099289, 4.7020740509, 4.77752399445, 5.43705177307, 4.13300228119, 2.64710402489, 1.65555310249, 1.4395853281, 0.903196156025, 0.722909212112, 0.724736452103, 0.605886995792, 0.337300717831, 0.21574883163, 0.250163406134, 0.127128481865, 0.0432389639318, 0.0160246323794, 0.00328695983626, 0.000377821997972, 2.09651479963e-05, 2.17777014768e-05], "dvar": [0.00145310082007, 0.543486475945, 7.81568956375, 46.8044700623, 201.429244995, 120.419799805, 66.9077224731, 51.6219749451, 199.55279541, 2474.51464844, 1235.4519043, 3234.11547852, 3362.046875, 3189.78930664, 7322.76611328, 2327.95166016, 15431.3105469, 2240.78027344, 1723.46655273, 2328.80834961, 869.811157227, 1393.51318359, 785.953979492, 470.712646484, 196.52281189, 308.944976807, 40.9870948792, 19.4068202972, 12.066660881, 9.07224082947, 2.53515815735, 0.730325579643, 2.21569752693, 0.571927785873, 0.0521387942135, 0.0138989603147, 0.00062238733517, 2.97565602523e-05, 1.32818991005e-06, 2.87761836582e-09]}, "silence_rate_30dB": {"dvar2": 0.00654022954404, "var": 0.00235463818535, "min": 0, "dmean": 0.00266830879264, "mean": 0.997639834881, "max": 1, "dmean2": 0.00533716520295, "median": 1, "dvar": 0.00266112270765}, "melbands_spread": {"dvar2": 107.773757935, "var": 263.607421875, "min": 0.777997910976, "dmean": 5.5580739975, "mean": 20.1063423157, "max": 162.71131897, "dmean2": 8.47825717926, "median": 17.0783138275, "dvar": 44.7079086304}, "melbands_crest": {"dvar2": 17.6946296692, "var": 32.1797866821, "min": 1.60368895531, "dmean": 2.83848786354, "mean": 14.8878908157, "max": 38.5345230103, "dmean2": 4.51650476456, "median": 13.9571342468, "dvar": 7.25769615173}, "zerocrossingrate": {"dvar2": 0.000146305421367, "var": 0.00254381401464, "min": 0, "dmean": 0.00922778435051, "mean": 0.0502402558923, "max": 0.53564453125, "dmean2": 0.0107548171654, "median": 0.044921875, "dvar": 0.000104448627098}, "barkbands_kurtosis": {"dvar2": 104.686187744, "var": 66.6437835693, "min": -1.83315765858, "dmean": 2.98554706573, "mean": 4.52381801605, "max": 371.977294922, "dmean2": 4.71175432205, "median": 1.92159318924, "dvar": 42.3625335693}, "spectral_flux": {"dvar2": 0.00151394994464, "var": 0.00193279783707, "min": 6.33084765167e-11, "dmean": 0.023301275447, "mean": 0.0638014152646, "max": 0.309619009495, "dmean2": 0.0345745682716, "median": 0.0526661723852, "dvar": 0.000786150165368}, "barkbands_crest": {"dvar2": 11.6780328751, "var": 14.1467609406, "min": 2.56900167465, "dmean": 2.19746565819, "mean": 9.96092700958, "max": 26.43060112, "dmean2": 3.53538322449, "median": 9.18488788605, "dvar": 4.57457208633}, "barkbands_flatness_db": {"dvar2": 0.00108809035737, "var": 0.00260060490109, "min": 0.0196307953447, "dmean": 0.0253603570163, "mean": 0.160511747003, "max": 0.39458334446, "dmean2": 0.0355294160545, "median": 0.153960466385, "dvar": 0.000555565580726}, "spectral_entropy": {"dvar2": 0.108062118292, "var": 0.278080880642, "min": 5.0909614563, "dmean": 0.251401185989, "mean": 7.21838998795, "max": 9.81762313843, "dmean2": 0.33978074789, "median": 7.21895551682, "dvar": 0.0588847398758}, "pitch_salience": {"dvar2": 0.0108949579298, "var": 0.0140906674787, "min": 0.0451565533876, "dmean": 0.0712306797504, "mean": 0.4758438766, "max": 0.970181465149, "dmean2": 0.11264514178, "median": 0.467896610498, "dvar": 0.00469724647701}, "erbbands_spread": {"dvar2": 187.583175659, "var": 222.382019043, "min": 1.57265985012, "dmean": 8.35467910767, "mean": 32.0701217651, "max": 136.483505249, "dmean2": 12.4289731979, "median": 29.2972354889, "dvar": 87.060546875}, "dynamic_complexity": 3.48134708405, "spectral_contrast_valleys": {"dvar2": [0.314036846161, 0.345434784889, 0.371974259615, 0.380243301392, 0.380167245865, 0.316656529903], "var": [5.27972316742, 4.65815639496, 4.35568571091, 4.37318849564, 4.55012369156, 3.82767367363], "min": [-28.0881748199, -28.1787395477, -27.8274707794, -27.8233318329, -27.5773067474, -27.3729629517], "dmean": [0.379147559404, 0.414060741663, 0.401530563831, 0.436682850122, 0.453640878201, 0.535736501217], "mean": [-7.58874511719, -7.12647438049, -8.00392723083, -8.55063915253, -8.58661937714, -10.8154554367], "max": [-5.33214044571, -4.52211093903, -5.25429296494, -5.92805957794, -5.81487464905, -8.42426300049], "dmean2": [0.609962761402, 0.641290009022, 0.604420721531, 0.621847569942, 0.584604799747, 0.616225898266], "median": [-7.1714682579, -6.88241767883, -7.77547168732, -8.29009532928, -8.29698848724, -10.4862680435], "dvar": [0.147912070155, 0.161654636264, 0.179860562086, 0.197721332312, 0.213113948703, 0.20227766037]}, "hfc": {"dvar2": 139.375686646, "var": 303.144470215, "min": 1.04387963225e-16, "dmean": 5.95806455612, "mean": 14.7794008255, "max": 264.490936279, "dmean2": 7.53279352188, "median": 8.77767658234, "dvar": 85.510635376}, "spectral_kurtosis": {"dvar2": 30.7580795288, "var": 35.9893455505, "min": -1.26199650764, "dmean": 2.7070183754, "mean": 6.65898227692, "max": 95.2147521973, "dmean2": 4.16720247269, "median": 5.1796131134, "dvar": 13.5321655273}, "mfcc": {"mean": [-683.010009766, 139.670593262, 2.14340639114, 11.6356487274, 7.32614946365, 4.93798589706, 0.0674811974168, 2.09054350853, 1.05291581154, 0.563685834408, 6.5435128212, 4.10398864746, 1.24317085743], "cov": [[9679.12402344, -11.3675069809, -172.015960693, 630.711975098, 140.469482422, 234.665145874, 151.506225586, 163.71673584, 83.6816558838, 78.3673019409, -57.6653060913, -109.312950134, -120.022644043], [-11.3675069809, 1193.76208496, -29.5694789886, 9.72453212738, 185.150100708, 107.091346741, 83.0800170898, 72.5674285889, 35.4369087219, 1.51900219917, 17.6157932281, 46.0866127014, 12.9407396317], [-172.015960693, -29.5694789886, 654.079162598, 133.021148682, 169.710601807, 138.059402466, 111.384284973, 0.116068899632, 36.4281349182, -20.4286804199, 32.2252502441, -54.6929664612, 4.06488466263], [630.711975098, 9.72453212738, 133.021148682, 342.956604004, 123.986312866, 131.387039185, 74.8647994995, 51.427066803, 35.6843185425, 52.1472244263, 16.330411911, -30.398645401, -26.567445755], [140.469482422, 185.150100708, 169.710601807, 123.986312866, 267.070495605, 125.762649536, 91.8049240112, 44.1222076416, 51.3448677063, -7.25714159012, 19.2889671326, -9.57240200043, -5.55369186401], [234.665145874, 107.091346741, 138.059402466, 131.387039185, 125.762649536, 225.432235718, 117.753768921, 51.8124465942, 30.4122505188, 25.7794017792, 26.5011615753, -10.782989502, -6.78206205368], [151.506225586, 83.0800170898, 111.384284973, 74.8647994995, 91.8049240112, 117.753768921, 177.788604736, 62.3387145996, 28.2285709381, 5.21899557114, 7.59673023224, -20.4618339539, -15.7562637329], [163.71673584, 72.5674285889, 0.116068899632, 51.427066803, 44.1222076416, 51.8124465942, 62.3387145996, 133.485778809, 58.2956161499, 4.10299825668, -0.55219835043, 3.2875726223, -9.47708034515], [83.6816558838, 35.4369087219, 36.4281349182, 35.6843185425, 51.3448677063, 30.4122505188, 28.2285709381, 58.2956161499, 144.073303223, 51.7393341064, -9.82294845581, -22.3063755035, -27.8468570709], [78.3673019409, 1.51900219917, -20.4286804199, 52.1472244263, -7.25714159012, 25.7794017792, 5.21899557114, 4.10299825668, 51.7393341064, 155.778945923, 43.4886894226, -37.1166725159, -26.7588634491], [-57.6653060913, 17.6157932281, 32.2252502441, 16.330411911, 19.2889671326, 26.5011615753, 7.59673023224, -0.55219835043, -9.82294845581, 43.4886894226, 129.085418701, 42.0609169006, -14.3543395996], [-109.312950134, 46.0866127014, -54.6929664612, -30.398645401, -9.57240200043, -10.782989502, -20.4618339539, 3.2875726223, -22.3063755035, -37.1166725159, 42.0609169006, 142.597366333, 50.0875396729], [-120.022644043, 12.9407396317, 4.06488466263, -26.567445755, -5.55369186401, -6.78206205368, -15.7562637329, -9.47708034515, -27.8468570709, -26.7588634491, -14.3543395996, 50.0875396729, 133.22958374]], "icov": [[0.000123896606965, 6.55401072436e-06, 9.78666867013e-05, -0.000248308759183, 2.59716925939e-05, -4.37462185801e-05, -2.82737455564e-05, -2.85241349047e-05, -2.41355101025e-05, 6.60471923766e-05, 2.74405319942e-05, 6.41082515358e-05, 3.90355417039e-05], [6.55401072436e-06, 0.00103164662141, 0.000218334855163, 0.000340143713402, -0.000880490872078, -0.000234371502302, -0.000111724664748, -0.000325095257722, 0.000180228424142, -0.000280865322566, 0.000177483161679, -0.000361109501682, 1.80341812666e-05], [9.78666867013e-05, 0.000218334855163, 0.00245125917718, -0.000628993730061, -0.000712045584805, -0.000600516912527, -0.000815540668555, 0.0011711907573, -0.00107689981814, 0.00151052104775, -0.00141430750955, 0.00151368789375, -0.000849799776915], [-0.000248308759183, 0.000340143713402, -0.000628993730061, 0.00503183808178, -0.00162365334108, -0.00152071577031, 0.000472006620839, -0.00129840744194, 0.00117712072097, -0.00208630925044, 0.000902561412659, -0.000459603470517, 0.00068126397673], [2.59716925939e-05, -0.000880490872078, -0.000712045584805, -0.00162365334108, 0.00719247153029, -0.00167660729494, -0.000913134543225, 0.000721791468095, -0.00247753690928, 0.00238285725936, -0.00144382601138, 0.00072930206079, -0.000504294293933], [-4.37462185801e-05, -0.000234371502302, -0.000600516912527, -0.00152071577031, -0.00167660729494, 0.00901942141354, -0.00384726864286, -0.000609771406744, 0.000550977478269, -0.00118603638839, -0.000498141045682, -0.000403335958254, -0.000435781490523], [-2.82737455564e-05, -0.000111724664748, -0.000815540668555, 0.000472006620839, -0.000913134543225, -0.00384726864286, 0.010230707936, -0.00344954687171, 0.000963274971582, -1.68225105881e-05, 0.000376530661015, 0.000755533576012, 0.000789508339949], [-2.85241349047e-05, -0.000325095257722, 0.0011711907573, -0.00129840744194, 0.000721791468095, -0.000609771406744, -0.00344954687171, 0.0120008140802, -0.00525850150734, 0.00243390281685, -0.00102164433338, -0.000234104765696, -0.000476339046145], [-2.41355101025e-05, 0.000180228424142, -0.00107689981814, 0.00117712072097, -0.00247753690928, 0.000550977478269, 0.000963274971582, -0.00525850150734, 0.0121180256829, -0.0057468530722, 0.00392661383376, -0.00167951674666, 0.00232604215853], [6.60471923766e-05, -0.000280865322566, 0.00151052104775, -0.00208630925044, 0.00238285725936, -0.00118603638839, -1.68225105881e-05, 0.00243390281685, -0.0057468530722, 0.0121809924021, -0.00648232502863, 0.00499724037945, -0.00149701256305], [2.74405319942e-05, 0.000177483161679, -0.00141430750955, 0.000902561412659, -0.00144382601138, -0.000498141045682, 0.000376530661015, -0.00102164433338, 0.00392661383376, -0.00648232502863, 0.0133351394907, -0.00671295635402, 0.00359615916386], [6.41082515358e-05, -0.000361109501682, 0.00151368789375, -0.000459603470517, 0.00072930206079, -0.000403335958254, 0.000755533576012, -0.000234104765696, -0.00167951674666, 0.00499724037945, -0.00671295635402, 0.0124698346481, -0.00472107995301], [3.90355417039e-05, 1.80341812666e-05, -0.000849799776915, 0.00068126397673, -0.000504294293933, -0.000435781490523, 0.000789508339949, -0.000476339046145, 0.00232604215853, -0.00149701256305, 0.00359615916386, -0.00472107995301, 0.0100651606917]]}, "silence_rate_20dB": {"dvar2": 0, "var": 0, "min": 1, "dmean": 0, "mean": 1, "max": 1, "dmean2": 0, "median": 1, "dvar": 0}, "melbands_kurtosis": {"dvar2": 317.585906982, "var": 264.793182373, "min": -1.51401650906, "dmean": 6.55346250534, "mean": 11.8871517181, "max": 264.036468506, "dmean2": 10.2675018311, "median": 6.30507183075, "dvar": 129.188491821}, "barkbands_spread": {"dvar2": 71.4986495972, "var": 85.0827026367, "min": 0.935654878616, "dmean": 4.87670516968, "mean": 17.5084133148, "max": 111.962966919, "dmean2": 7.38181400299, "median": 16.6095638275, "dvar": 31.2044563293}, "erbbands_skewness": {"dvar2": 0.341322094202, "var": 0.447350949049, "min": -2.56077218056, "dmean": 0.397921293974, "mean": 0.35706371069, "max": 5.46066904068, "dmean2": 0.606108427048, "median": 0.321228593588, "dvar": 0.144219502807}, "average_loudness": 0.88859051466, "spectral_centroid": {"dvar2": 175551.59375, "var": 1142855, "min": 164.58190918, "dmean": 235.251403809, "mean": 1126.9552002, "max": 11718.6044922, "dmean2": 356.707489014, "median": 972.356262207, "dvar": 80734.484375}, "dissonance": {"dvar2": 0.00149459915701, "var": 0.0012590799015, "min": 0.174982249737, "dmean": 0.0255523156375, "mean": 0.442600816488, "max": 0.499999940395, "dmean2": 0.0424332842231, "median": 0.448159039021, "dvar": 0.000557660183404}, "erbbands_flatness_db": {"dvar2": 0.000774174754042, "var": 0.00238937325776, "min": 0.0436401478946, "dmean": 0.0230517089367, "mean": 0.171622261405, "max": 0.471738219261, "dmean2": 0.0312663428485, "median": 0.169031128287, "dvar": 0.000399406970246}, "spectral_strongpeak": {"dvar2": 3.95781254768, "var": 2.12736606598, "min": 0, "dmean": 0.604117572308, "mean": 0.928492486477, "max": 16.1144046783, "dmean2": 1.03236341476, "median": 0.422277361155, "dvar": 1.60035550594}, "spectral_rms": {"dvar2": 1.65630865467e-06, "var": 3.57450448973e-06, "min": 3.103098941e-12, "dmean": 0.000759743677918, "mean": 0.0042416700162, "max": 0.0139066809788, "dmean2": 0.0010689223418, "median": 0.00410816445947, "dvar": 8.01778696768e-07}, "silence_rate_60dB": {"dvar2": 0.0410669110715, "var": 0.0664154067636, "min": 0, "dmean": 0.0188834145665, "mean": 0.0715238600969, "max": 1, "dmean2": 0.0377707071602, "median": 0, "dvar": 0.0185250379145}, "melbands": {"dvar2": [1.0239122048e-06, 3.84359327654e-06, 5.5488135331e-06, 1.78209177193e-06, 2.81416163261e-07, 6.64011494678e-08, 1.2383557646e-07, 7.91195816419e-07, 1.62742637144e-07, 2.80647753925e-07, 1.79842430725e-07, 1.2309736519e-07, 1.63817716725e-07, 4.15087235695e-08, 7.14929200285e-08, 1.1213614215e-07, 2.37619133259e-08, 1.03315862532e-08, 5.09939646065e-09, 8.50800674357e-09, 4.27056656704e-09, 3.10031778028e-09, 8.30936208729e-09, 1.93771243495e-09, 7.98042187888e-10, 3.27400523359e-10, 1.21234827732e-10, 4.55049525838e-10, 6.11293238251e-11, 2.68925992586e-11, 2.36739846476e-11, 1.48369094788e-11, 5.4748978788e-12, 9.90959484609e-12, 3.02076701326e-12, 8.69000780623e-13, 5.14312821932e-13, 2.05520691611e-12, 2.91352619114e-12, 6.47773122035e-13], "var": [5.50012714484e-07, 3.98542988478e-06, 2.30419209402e-06, 7.90999536093e-07, 1.59382494758e-07, 3.6952236826e-08, 8.60209752318e-08, 4.49503062327e-07, 1.53654184487e-07, 2.27807063879e-07, 1.39629463547e-07, 1.06873194738e-07, 1.61928440434e-07, 3.83254032954e-08, 5.91300910457e-08, 9.16732219025e-08, 2.21819327351e-08, 9.8061807563e-09, 4.94385377081e-09, 6.57199450416e-09, 3.66088404036e-09, 2.88410362259e-09, 7.15745684943e-09, 1.37879108131e-09, 8.4366075237e-10, 2.23242035968e-10, 7.99399019202e-11, 2.33924185578e-10, 4.58183178897e-11, 1.3696359151e-11, 1.22461580807e-11, 8.84365844445e-12, 3.62995202473e-12, 4.11539032019e-12, 1.57632869431e-12, 5.95981597407e-13, 3.6727139884e-13, 1.04943842245e-12, 1.35360440304e-12, 3.23918273931e-13], "min": [3.91317262352e-25, 1.89089840652e-24, 1.75095034042e-24, 1.0580269514e-24, 1.6650674481e-24, 7.63112781097e-25, 2.30831784363e-24, 1.69410364308e-24, 1.835209757e-24, 2.50497238705e-24, 2.41557728876e-24, 2.46759517129e-24, 2.26424280435e-24, 3.87190168893e-24, 3.2174295498e-24, 2.75331605521e-24, 2.31422286194e-24, 2.8558111749e-24, 3.35077859722e-24, 3.63812552068e-24, 3.27901966776e-24, 3.32591291263e-24, 4.86150955073e-24, 4.98613142996e-24, 4.31485734241e-24, 3.2161356207e-24, 5.49926691057e-24, 4.8575250143e-24, 3.91883654621e-24, 5.15447040283e-24, 4.95396799313e-24, 5.74787958029e-24, 6.33598287932e-24, 4.64855931038e-24, 6.27548789751e-24, 4.57208003448e-24, 6.0931521656e-24, 5.57739293361e-24, 5.28005903109e-24, 5.16647607694e-24], "dmean": [0.000278249091934, 0.000723162200302, 0.000663295097183, 0.000398853764636, 0.00017547167954, 7.87996686995e-05, 0.000124089157907, 0.000271942204563, 0.000131355656777, 0.000133376976009, 7.95997111709e-05, 8.00761990831e-05, 7.3824179708e-05, 4.24676145485e-05, 5.75321719225e-05, 6.04338674748e-05, 2.83213212242e-05, 1.94258718693e-05, 1.60976378538e-05, 2.21568370762e-05, 1.3631190086e-05, 1.3572062926e-05, 2.08437122637e-05, 7.37253458283e-06, 6.56909696772e-06, 4.06447315981e-06, 2.81432130578e-06, 3.67598227058e-06, 1.85796977803e-06, 1.28183421566e-06, 1.19839114632e-06, 9.83936047305e-07, 8.49801551794e-07, 9.22855520002e-07, 5.59905572572e-07, 3.11405159437e-07, 2.54188194049e-07, 5.16526256433e-07, 5.94279640609e-07, 3.12092964805e-07], "mean": [0.000652011658531, 0.00186521164142, 0.00114562141243, 0.000550139928237, 0.000261380395386, 0.000135066191433, 0.000192191364476, 0.000400182500016, 0.000217066888581, 0.000196363544092, 0.000112548957986, 0.000117785049952, 0.000118090851174, 7.08781881258e-05, 9.24964479054e-05, 9.58199161687e-05, 4.85477467009e-05, 3.13731179631e-05, 2.45886858465e-05, 3.17563317367e-05, 2.04708903766e-05, 2.03788713407e-05, 2.90163643513e-05, 9.63795082498e-06, 9.32846705837e-06, 5.47102035853e-06, 3.8382868297e-06, 4.79422305943e-06, 2.50599759966e-06, 1.5886341771e-06, 1.46105787735e-06, 1.27801308736e-06, 1.10063103875e-06, 1.03591344214e-06, 6.60038892875e-07, 3.99560548203e-07, 3.23976564687e-07, 5.52470112325e-07, 5.95875690124e-07, 3.19731270793e-07], "max": [0.00947239249945, 0.019795563072, 0.0184766352177, 0.0137798544019, 0.00646947417408, 0.00336180650629, 0.00365172582678, 0.00807693600655, 0.00555996457115, 0.00973109714687, 0.00822096411139, 0.00741033395752, 0.0146831711754, 0.00314403907396, 0.00508903805166, 0.00583945959806, 0.00440176157281, 0.0030021474231, 0.00201216968708, 0.00153423775919, 0.00160803610925, 0.00121325079817, 0.00124711741228, 0.000893782183994, 0.000535701634362, 0.000332275958499, 0.000166572543094, 0.000621249957476, 0.000136117945658, 0.000102210440673, 7.76732049417e-05, 0.000136839647894, 2.48444921453e-05, 4.84499687445e-05, 3.18295169563e-05, 1.92389343283e-05, 1.06569686977e-05, 1.04205873868e-05, 1.00922616184e-05, 8.82471704244e-06], "dmean2": [0.000438962684711, 0.00116910843644, 0.00112751778215, 0.000650948612019, 0.000268591073109, 0.000124959973618, 0.000194224558072, 0.000424355210271, 0.000192564111785, 0.000194773587282, 0.000120017350127, 0.000122463025036, 0.000107193765871, 6.27145200269e-05, 8.48480922286e-05, 8.72329765116e-05, 4.10630746046e-05, 2.91748310701e-05, 2.35288462136e-05, 3.27913730871e-05, 2.15031614061e-05, 2.04922507692e-05, 3.03643519146e-05, 1.13469022835e-05, 9.6570702226e-06, 6.25741085969e-06, 4.345105026e-06, 5.67543429497e-06, 2.85113173959e-06, 2.01423199542e-06, 1.89694105757e-06, 1.49892036916e-06, 1.27964551666e-06, 1.43377167205e-06, 8.51026300097e-07, 4.57914097751e-07, 3.64805856634e-07, 7.64740093473e-07, 8.95893322195e-07, 4.60478304376e-07], "median": [0.000407221494243, 0.00124297884759, 0.000652180868201, 0.000233002268942, 0.000116547045764, 7.59752947488e-05, 8.95909470273e-05, 0.000159104572958, 7.86283999332e-05, 4.53894099337e-05, 1.86505567399e-05, 1.86084907909e-05, 2.47740099439e-05, 1.33973098855e-05, 2.24123978114e-05, 2.10261168831e-05, 1.36097669383e-05, 8.54260815686e-06, 4.85271721118e-06, 5.65594928048e-06, 4.31687521996e-06, 4.64977119918e-06, 4.57334954262e-06, 1.57454053351e-06, 1.72291674971e-06, 1.05902824998e-06, 8.77305467384e-07, 8.14936356619e-07, 4.95191500249e-07, 4.01337302947e-07, 3.82865266602e-07, 3.86914678074e-07, 3.60927828069e-07, 2.96635619179e-07, 1.910718197e-07, 1.26477203821e-07, 1.12618756987e-07, 1.65268204455e-07, 1.53014127591e-07, 8.92351010862e-08], "dvar": [3.31036801526e-07, 1.4232349