{"tonal": {"thpcp": [1, 0.546531558037, 0.332170695066, 0.187548235059, 0.0945630818605, 0.174072831869, 0.196362614632, 0.13998490572, 0.152294129133, 0.175086602569, 0.187919020653, 0.367425173521, 0.465710669756, 0.295306444168, 0.189309924841, 0.152282103896, 0.0839290767908, 0.0721556767821, 0.0845765694976, 0.141687422991, 0.540233433247, 0.71259444952, 0.37605074048, 0.370629072189, 0.403231203556, 0.162941455841, 0.064366325736, 0.0673011764884, 0.0504962056875, 0.0631973817945, 0.0820956677198, 0.0805251002312, 0.127874910831, 0.197142243385, 0.357035219669, 0.881805241108], "hpcp": {"dmean2": [0.117505148053, 0.0968208387494, 0.0716822147369, 0.064422570169, 0.0729773566127, 0.114892475307, 0.186636194587, 0.19850717485, 0.173028454185, 0.156395956874, 0.124352373183, 0.0871720835567, 0.0515750721097, 0.0482427291572, 0.0395476594567, 0.0439057983458, 0.0596945099533, 0.0725255087018, 0.0975525379181, 0.135130763054, 0.208650186658, 0.281689733267, 0.255691289902, 0.229824155569, 0.171889945865, 0.115337587893, 0.0946311503649, 0.117714799941, 0.115871474147, 0.12443010509, 0.121163167059, 0.130011588335, 0.153871029615, 0.172524571419, 0.165270060301, 0.148760601878], "median": [0.0046040546149, 0.00262377038598, 0.00230272207409, 0.00192413374316, 0.00150031642988, 0.0101247932762, 0.0934468433261, 0.135301247239, 0.0778520256281, 0.0105538778007, 0.00553236529231, 0.00430027581751, 0.00215461198241, 0.0022952305153, 0.00283384672366, 0.00256430520676, 0.00187528319657, 0.00262176897377, 0.0109486011788, 0.0179795585573, 0.0500085167587, 0.255804598331, 0.286562234163, 0.121899142861, 0.00814802292734, 0.00409813597798, 0.00279698427767, 0.0107229817659, 0.0138753168285, 0.00730812782422, 0.00261598196812, 0.00331724667922, 0.00948742870241, 0.0291484575719, 0.0306445844471, 0.016800172627], "min": [0, 0, 0, 0, 0, 0, 0, 0, 0, 0, 0, 0, 0, 0, 0, 0, 0, 0, 0, 0, 0, 0, 0, 0, 0, 0, 0, 0, 0, 0, 0, 0, 0, 0, 0, 0], "dvar2": [0.0603537857533, 0.0526567101479, 0.0363714918494, 0.038133110851, 0.0409489907324, 0.0572765655816, 0.083927296102, 0.0898066014051, 0.069841362536, 0.0809674784541, 0.0676775276661, 0.0400332026184, 0.0241267569363, 0.0245982017368, 0.0178426485509, 0.0209079943597, 0.0333473682404, 0.0431625954807, 0.0544975884259, 0.0726957917213, 0.0974296703935, 0.118068613112, 0.11742720753, 0.100688681006, 0.105273380876, 0.0632707551122, 0.0576468445361, 0.0732662975788, 0.0644751787186, 0.0837469398975, 0.0795698612928, 0.0806197077036, 0.0929267778993, 0.0834656283259, 0.0823996812105, 0.0759174227715], "dvar": [0.0227899383754, 0.0207810029387, 0.0132916765288, 0.0143203791231, 0.0160073433071, 0.0208910815418, 0.0330809429288, 0.0382822938263, 0.0260872226208, 0.0319536402822, 0.0289684161544, 0.0149820428342, 0.00906230229884, 0.00946766510606, 0.0063034244813, 0.00770362233743, 0.012685787864, 0.0155447954312, 0.0197628363967, 0.0264139808714, 0.0354987122118, 0.0477456375957, 0.0484072342515, 0.0362020023167, 0.0385288596153, 0.0226030275226, 0.0207622908056, 0.0266965925694, 0.0257102604955, 0.0289133787155, 0.0288010314107, 0.0302930250764, 0.0331956855953, 0.0323840342462, 0.0331611596048, 0.0270392522216], "dmean": [0.0667443647981, 0.0549464151263, 0.0402361564338, 0.0359929986298, 0.0406982637942, 0.063851736486, 0.112734995782, 0.122384667397, 0.101748935878, 0.0911823585629, 0.0749047473073, 0.050637152046, 0.0290937256068, 0.0274695102125, 0.0221304167062, 0.0249375831336, 0.0334757119417, 0.0402466021478, 0.0546937435865, 0.0760920867324, 0.120073109865, 0.166744112968, 0.152806326747, 0.131901741028, 0.095421731472, 0.0638251453638, 0.0520375333726, 0.0666215270758, 0.0665222108364, 0.0684394910932, 0.0670937895775, 0.0726134479046, 0.0864735767245, 0.099470064044, 0.0955771654844, 0.0848539248109], "max": [1, 1, 1, 1, 1, 1, 1, 1, 1, 1, 1, 1, 1, 1, 1, 1, 1, 1, 1, 1, 1, 1, 1, 1, 1, 1, 1, 1, 1, 1, 1, 1, 1, 1, 1, 1], "var": [0.0358649715781, 0.0329171232879, 0.0116266002879, 0.0128323435783, 0.0174440499395, 0.0201962925494, 0.0791298002005, 0.120744660497, 0.0398639403284, 0.0760941579938, 0.0992812886834, 0.02104232274, 0.0087822386995, 0.0109567418694, 0.00518344016746, 0.00855975411832, 0.0153666408733, 0.0128301559016, 0.0174536276609, 0.028736250475, 0.051886767149, 0.124107785523, 0.15235427022, 0.0675238370895, 0.0741136148572, 0.0265629440546, 0.0160083137453, 0.032719578594, 0.0387865528464, 0.0246273186058, 0.0329087041318, 0.0375223197043, 0.0335142686963, 0.066044524312, 0.101556874812, 0.0527539588511], "mean": [0.0802913308144, 0.0645868554711, 0.0355965346098, 0.0306031238288, 0.0358711518347, 0.0600933730602, 0.22912722826, 0.302230089903, 0.159493029118, 0.157193556428, 0.17102098465, 0.0691077634692, 0.0272994562984, 0.0285442043096, 0.021416772157, 0.026803676039, 0.0348189361393, 0.0341528169811, 0.0542351193726, 0.0836132243276, 0.151428043842, 0.373996853828, 0.42412635684, 0.231798440218, 0.140882343054, 0.0795441493392, 0.0401066951454, 0.0738288760185, 0.0832825601101, 0.0593712888658, 0.0645919516683, 0.0742588415742, 0.0797014087439, 0.155834704638, 0.197520166636, 0.125247240067]}, "tuning_equal_tempered_deviation": 0.251568734646, "chords_changes_rate": 0.0456613823771, "key_key": "E", "tuning_diatonic_strength": 0.536663115025, "key_scale": "major", "chords_number_rate": 0.00141220772639, "tuning_frequency": 434.193115234, "tuning_nontempered_energy_ratio": 0.979102492332, "chords_histogram": [49.3331222534, 1.39651656151, 1.39651656151, 0, 0, 0.282441556454, 0.298132747412, 0.596265494823, 14.7497253418, 0.125529572368, 0, 0.0627647861838, 0, 0, 0, 5.13102149963, 7.86128997803, 10.1678962708, 0.564883112907, 0.925780653954, 0.6433390975, 0, 1.69464933872, 4.77012395859], "key_strength": 0.734039545059, "chords_key": "E", "chords_strength": {"dmean2": 0.00619571097195, "median": 0.531012356281, "min": 0.19320191443, "dvar2": 4.20297037635e-05, "dvar": 4.23596575274e-05, "dmean": 0.00711809284985, "max": 0.77472358942, "var": 0.00731838867068, "mean": 0.523195505142}, "chords_scale": "major", "hpcp_entropy": {"dmean2": 0.856127023697, "median": 1.63040661812, "min": 0, "dvar2": 0.626431763172, "dvar": 0.243373736739, "dmean": 0.516173005104, "max": 3.89867973328, "var": 0.561777830124, "mean": 1.59348809719}}, "metadata": {"audio_properties": {"equal_loudness": 0, "codec": "mp3", "downmix": "mix", "sample_rate": 44100, "analysis_sample_rate": 44100, "bit_rate": 203309, "md5_encoded": "f3676fc6e027115d5ac33da2ccebfc71", "length": 295.888977051, "replay_gain": -6.92454528809, "lossless": false}, "version": {"essentia_build_sha": "70f2e5ece6736b2c40cc944ad0e695b16b925413", "essentia": "2.1-beta2", "extractor": "music 1.0", "essentia_git_sha": "v2.1_beta2"}, "tags": {"title": ["Bakersfield"], "media": ["CD"], "albumartist": ["The Pine Box Boys"], "musicbrainz_recordingid": ["109acf12-e55b-4a6c-895f-b7934dfdd9d3"], "musicbrainz_albumartistid": ["9efe4aa0-c5e6-420b-b507-a9564f411cff"], "album": ["Arkansas Killing Time"], "catalognumber": ["HHO 4191CD"], "musicbrainz album release country": ["XW"], "musicbrainz album type": ["album"], "musicbrainz album status": ["official"], "asin": ["B000SO7IYO"], "date": ["2007-08-21"], "file_name": "14 - Bakersfield.mp3", "musicbrainz_releasegroupid": ["e49fa805-7219-43cc-8df4-5ed77e5168eb"], "script": ["Latn"], "originaldate": ["2005"], "musicbrainz_albumid": ["374c92a5-6f3b-466d-820c-777f83badc7a"], "artist": ["The Pine Box Boys"], "artistsort": ["Pine Box Boys, The"], "tracknumber": ["14/14"], "label": ["Hi Horse"], "albumartistsort": ["Pine Box Boys, The"], "musicbrainz_artistid": ["9efe4aa0-c5e6-420b-b507-a9564f411cff"]}}, "rhythm": {"bpm_histogram_first_peak_bpm": {"dmean2": 0, "median": 99, "min": 99, "dvar2": 0, "dvar": 0, "dmean": 0, "max": 99, "var": 0, "mean": 99}, "bpm": 100.134300232, "bpm_histogram_second_peak_spread": {"dmean2": 0, "median": 0.261904776096, "min": 0.261904776096, "dvar2": 0, "dvar": 0, "dmean": 0, "max": 0.261904776096, "var": 0, "mean": 0.261904776096}, "bpm_histogram_first_peak_weight": {"dmean2": 0, "median": 0.41851106286, "min": 0.41851106286, "dvar2": 0, "dvar": 0, "dmean": 0, "max": 0.41851106286, "var": 0, "mean": 0.41851106286}, "onset_rate": 3.02125525475, "beats_position": [0.603718817234, 1.20743763447, 1.78793644905, 2.36843538284, 2.97215414047, 3.56426286697, 4.1679816246, 4.78331041336, 5.38702917099, 6.01396799088, 6.65251684189, 7.2910656929, 7.90639448166, 8.52172279358, 9.07900238037, 9.63628101349, 10.2051696777, 10.7624483109, 11.3313379288, 11.9350566864, 12.5271654129, 13.1192741394, 13.6997728348, 14.2918815613, 14.8607711792, 15.4412698746, 16.0101585388, 16.5790481567, 17.1595458984, 17.7400455475, 18.3553733826, 18.9590930939, 19.5512008667, 20.1433105469, 20.7354183197, 21.339138031, 21.9196376801, 22.5117454529, 23.1038551331, 23.6959629059, 24.2880725861, 24.89179039, 25.5071201324, 26.1108379364, 26.7261676788, 27.3066654205, 27.8871650696, 28.4560546875, 29.0133323669, 29.5822219849, 30.1627197266, 30.7316093445, 31.3004989624, 31.8809967041, 32.4614944458, 33.0303840637, 33.5992736816, 34.2029914856, 34.8067131042, 35.4104309082, 36.0257606506, 36.6294784546, 37.244808197, 37.8601341248, 38.4754638672, 39.0791816711, 39.6829032898, 40.2866210938, 40.8903388977, 41.5056686401, 42.1093864441, 42.7014961243, 43.2936058044, 43.8857116699, 44.4778213501, 45.0583229065, 45.650428772, 46.2541503906, 46.8462562561, 47.4383659363, 48.0420837402, 48.6341934204, 49.2495231628, 49.8648529053, 50.480178833, 51.0839004517, 51.7108383179, 52.3377761841, 52.9647140503, 53.5684356689, 54.1721534729, 54.7874832153, 55.3447608948, 55.9020385742, 56.4709281921, 57.0282058716, 57.5854873657, 58.1543769836, 58.7232627869, 59.2921524048, 59.8610420227, 60.4415397644, 61.0452613831, 61.6257591248, 62.2294769287, 62.8331947327, 63.4369163513, 64.0406341553, 64.6443557739, 65.2480697632, 65.8169631958, 66.3974609375, 66.9779586792, 67.5584564209, 68.1389541626, 68.7310638428, 69.3115615845, 69.8920593262, 70.4725646973, 71.064666748, 71.6567764282, 72.2372741699, 72.8293838501, 73.4214935303, 74.0252151489, 74.6289291382, 75.2326507568, 75.8479766846, 76.4633102417, 77.0786361694, 77.6359176636, 78.2048034668, 78.7504730225, 79.2961425781, 79.8302001953, 80.3410415649, 80.8402709961, 81.3395004272, 81.9083862305, 82.4772796631, 83.0577774048, 83.6382751465, 84.2187728882, 84.7992706299, 85.3797683716, 85.9718780518, 86.5639877319, 87.1677093506, 87.7714233398, 88.386756897, 88.9904708862, 89.6058044434, 90.2327423096, 90.8364639282, 91.4401779175, 92.0438995361, 92.6360092163, 93.2397232056, 93.8318328857, 94.4239425659, 95.0276641846, 95.6313781738, 96.223487854, 96.8155975342, 97.4077072144, 97.9882049561, 98.5687026978, 99.1492080688, 99.7413101196, 100.310203552, 100.902313232, 101.506027222, 102.10974884, 102.725074768, 103.328796387, 103.920906067, 104.513015747, 105.116729736, 105.720451355, 106.312561035, 106.904670715, 107.496780396, 108.100494385, 108.715827942, 109.33115387, 109.958091736, 110.573425293, 111.188751221, 111.792472839, 112.38457489, 112.97668457, 113.580406189, 114.184127808, 114.787841797, 115.391563416, 116.006889343, 116.6222229, 117.237548828, 117.852874756, 118.468208313, 119.071922302, 119.687255859, 120.302581787, 120.917915344, 121.533241272, 122.136962891, 122.74067688, 123.367614746, 123.982948303, 124.598274231, 125.20199585, 125.805709839, 126.409431458, 127.024757385, 127.628479004, 128.243804932, 128.847518921, 129.462860107, 130.078186035, 130.693511963, 131.308837891, 131.924163818, 132.539505005, 133.143218994, 133.758544922, 134.37387085, 134.989196777, 135.581314087, 136.173416138, 136.765533447, 137.34602356, 137.926528931, 138.507034302, 139.110748291, 139.702850342, 140.294967651, 140.887069702, 141.479187012, 142.071289062, 142.663391113, 143.243896484, 143.824401855, 144.416503906, 145.008621216, 145.612335205, 146.216049194, 146.819763184, 147.411880493, 148.015594482, 148.607711792, 149.188201904, 149.768707275, 150.349197388, 150.906478882, 151.463760376, 152.067474365, 152.647979736, 153.240081787, 153.832199097, 154.424301147, 154.99319458, 155.573699951, 156.154190063, 156.734695435, 157.326797485, 157.918914795, 158.499404907, 159.091522217, 159.683624268, 160.287338257, 160.867843628, 161.459945679, 162.052062988, 162.632553101, 163.213058472, 163.816772461, 164.420501709, 165.01260376, 165.616317749, 166.231658936, 166.835372925, 167.450698853, 168.042816162, 168.623306274, 169.227020264, 169.819137573, 170.399627686, 170.991744995, 171.572235107, 172.175964355, 172.779678345, 173.395004272, 174.0103302, 174.625671387, 175.252609253, 175.867935181, 176.483261108, 177.098587036, 177.702316284, 178.306030273, 178.909744263, 179.513473511, 180.1171875, 180.732513428, 181.336227417, 181.939956665, 182.532058716, 183.124176025, 183.716278076, 184.308380127, 184.900497437, 185.480987549, 186.073104858, 186.665206909, 187.268936157, 187.872650146, 188.476364136, 189.080093384, 189.672195435, 190.264297485, 190.868026733, 191.471740723, 192.08706665, 192.702392578, 193.317733765, 193.933059692, 194.54838562, 195.163711548, 195.790649414, 196.394378662, 196.998092651, 197.601806641, 198.205535889, 198.809249878, 199.401351929, 199.993469238, 200.585571289, 201.177688599, 201.781402588, 202.385116577, 202.988845825, 203.592559814, 204.184661865, 204.776779175, 205.357269287, 205.949386597, 206.541488647, 207.145217896, 207.737319946, 208.329421997, 208.89831543, 209.490432739, 210.094146729, 210.697860718, 211.289978027, 211.882080078, 212.462585449, 213.043075562, 213.623580933, 214.204071045, 214.784576416, 215.365081787, 215.957183838, 216.549285889, 217.153015137, 217.756729126, 218.348846436, 218.940948486, 219.544662476, 220.125167847, 220.717269897, 221.309387207, 221.947937012, 222.586486816, 223.190200806, 223.782302856, 224.374420166, 224.966522217, 225.558639526, 226.139129639, 226.731246948, 227.323348999, 227.90385437, 228.484344482, 229.064849854, 229.656951904, 230.260681152, 230.864395142, 231.479721069, 232.083435059, 232.687164307, 233.290878296, 233.894592285, 234.486709595, 235.078811646, 235.682540894, 236.30947876, 236.936416626, 237.563354492, 238.167068481, 238.759185791, 239.36289978, 239.955001831, 240.547119141, 241.139221191, 241.731338501, 242.323440552, 242.915557861, 243.507659912, 244.111373901, 244.726715088, 245.295593262, 245.864486694, 246.433380127, 247.002258301, 247.571151733, 248.140045166, 248.790206909, 249.428741455, 250.05569458, 250.682632446, 251.309570312, 251.936508179, 252.551834106, 253.167160034, 253.770874023, 254.362991333, 254.966705322, 255.547210693, 256.139312744, 256.743041992, 257.35836792, 257.973693848, 258.589019775, 259.204345703, 259.819671631, 260.423400879, 261.01550293, 261.619232178, 262.222930908, 262.815063477, 263.418762207, 264.010864258, 264.614593506, 265.229919434, 265.845245361, 266.472198486, 267.099121094, 267.702850342, 268.294952393, 268.887084961, 269.490783691, 270.094512939, 270.69821167, 271.325164795, 271.940490723, 272.55581665, 273.171142578, 273.774871826, 274.378601074, 274.970703125, 275.562805176, 276.166534424, 276.758636475, 277.350738525, 277.942840576, 278.546569824, 279.138671875, 279.719177246, 280.322906494, 280.903381348, 281.495513916, 282.087615967, 282.679718018, 283.271820068, 283.852325439, 284.432830811, 285.001708984, 285.582214355, 286.174316406, 286.766448975, 287.346923828, 287.91583252, 288.461486816, 289.007171631, 289.552825928, 290.063659668, 290.574493408, 291.085357666, 291.584564209, 292.08380127, 292.59463501, 293.024200439, 293.453796387, 293.871734619, 294.289703369, 294.719268799, 295.148834229], "beats_loudness": {"dmean2": 0.0786601826549, "median": 0.0182942878455, "min": 2.82035339527e-10, "dvar2": 0.0132450824603, "dvar": 0.00477998657152, "dmean": 0.0445368848741, "max": 0.436019897461, "var": 0.00491650681943, "mean": 0.0447481796145}, "danceability": 0.985443234444, "bpm_histogram_second_peak_weight": {"dmean2": 0, "median": 0.0623742453754, "min": 0.0623742453754, "dvar2": 0, "dvar": 0, "dmean": 0, "max": 0.0623742453754, "var": 0, "mean": 0.0623742453754}, "beats_count": 498, "bpm_histogram_second_peak_bpm": {"dmean2": 0, "median": 105, "min": 105, "dvar2": 0, "dvar": 0, "dmean": 0, "max": 105, "var": 0, "mean": 105}, "bpm_histogram_first_peak_spread": {"dmean2": 0, "median": 0.514018654823, "min": 0.514018654823, "dvar2": 0, "dvar": 0, "dmean": 0, "max": 0.514018654823, "var": 0, "mean": 0.514018654823}, "beats_loudness_band_ratio": {"dmean2": [0.418963849545, 0.262255072594, 0.292780548334, 0.0857219621539, 0.0429727211595, 0.0337308123708], "median": [0.618631720543, 0.181792601943, 0.127456068993, 0.024663515389, 0.00766287138686, 0.00292084994726], "min": [0.00194717431441, 0.0043257297948, 0.00223002932034, 0.000278514809906, 2.35276547755e-05, 8.48723266245e-06], "dvar2": [0.109477937222, 0.0448968410492, 0.073191948235, 0.0182866491377, 0.00395573070273, 0.0106103280559], "dvar": [0.0442137792706, 0.0161568522453, 0.0273527354002, 0.00662565371022, 0.00140344072133, 0.00386628531851], "dmean": [0.247536018491, 0.157265946269, 0.170802146196, 0.049389693886, 0.0233063399792, 0.0182889532298], "max": [0.990160524845, 0.801270186901, 0.928849518299, 0.645411252975, 0.353816956282, 0.713671147823], "var": [0.0838501006365, 0.028652748093, 0.0346793979406, 0.00556194828823, 0.00103193882387, 0.00252445973456], "mean": [0.553213298321, 0.228221103549, 0.19147208333, 0.0476797483861, 0.0194386467338, 0.0130782229826]}}, "lowlevel": {"barkbands_spread": {"dmean2": 3.67601060867, "median": 6.38287067413, "min": 0.145319864154, "dvar2": 78.404800415, "dvar": 34.4669914246, "dmean": 2.40685558319, "max": 140.719146729, "var": 98.6765823364, "mean": 8.60430622101}, "melbands_spread": {"dmean2": 3.60510420799, "median": 6.73864984512, "min": 0.319245576859, "dvar2": 79.9274902344, "dvar": 41.6239471436, "dmean": 2.38729357719, "max": 226.13923645, "var": 137.732299805, "mean": 8.99023246765}, "hfc": {"dmean2": 3.91855311394, "median": 2.37796521187, "min": 1.1161223444e-16, "dvar2": 221.589019775, "dvar": 100.646499634, "dmean": 2.78786182404, "max": 436.267120361, "var": 328.602508545, "mean": 8.18647289276}, "barkbands_kurtosis": {"dmean2": 7.70346403122, "median": 6.52051067352, "min": -1.91774320602, "dvar2": 279.778808594, "dvar": 111.137458801, "dmean": 4.91014528275, "max": 355.891540527, "var": 419.364044189, "mean": 12.2446603775}, "gfcc": {"mean": [-116.616729736, 138.796203613, -82.7300491333, 13.4522151947, -52.5501022339, 3.66279816628, -27.6981983185, 4.35900974274, -18.3915958405, 0.937581300735, -13.0340957642, -2.79533791542, -9.80056095123], "icov": [[0.000166770012584, -0.000272536504781, 0.000280212116195, -0.000367831788026, 0.000359766185284, -0.000460572075099, 0.000388638814911, -0.000400706456276, 0.000358004443115, -0.000163041011547, 0.000210632992093, -2.81077846012e-05, 0.000222256872803], [-0.000272536504781, 0.00207626051269, -0.00051353732124, 0.00130556640215, -0.00144973641727, 0.00139868061524, -0.00155841070227, 0.00144674873445, -0.00180704786908, 0.00220182887278, -0.00164145533927, 0.00229031126946, -0.00172103999648], [0.000280212116195, -0.00051353732124, 0.00203979853541, -0.00110877712723, -6.43850580673e-05, -0.00148786255158, 0.000704961596057, -0.000669326167554, -0.00010090834985, -0.000255774735706, 0.000989670166746, -0.000586726353504, 0.00119310582522], [-0.000367831788026, 0.00130556640215, -0.00110877712723, 0.00417935475707, -0.0015973735135, 0.000325160101056, -0.000273214507615, -0.000732277520001, -0.000828069401905, 0.00138981279451, -0.00102200149558, 0.00192887685262, -0.00137649988756], [0.000359766185284, -0.00144973641727, -6.43850580673e-05, -0.0015973735135, 0.00566126313061, -0.0014273134293, -0.0003673665924, -0.000579126528464, 9.5875831903e-05, -0.00101999007165, 0.000481129420223, -0.000212187733268, 0.000551141041797], [-0.000460572075099, 0.00139868061524, -0.00148786255158, 0.000325160101056, -0.0014273134293, 0.00705769425258, -0.00334428111091, 0.000830534787383, 6.98155854479e-05, -0.000875304453075, -0.000781175273005, 0.00048368552234, -0.00111582607497], [0.000388638814911, -0.00155841070227, 0.000704961596057, -0.000273214507615, -0.0003673665924, -0.00334428111091, 0.00863211415708, -0.00293377391063, 0.00042649282841, -0.000318475154927, -0.0014248250518, -0.000450682942756, 0.000793566054199], [-0.000400706456276, 0.00144674873445, -0.000669326167554, -0.000732277520001, -0.000579126528464, 0.000830534787383, -0.00293377391063, 0.0112633490935, -0.00380528578535, 0.00109935528599, -0.00060866138665, -0.000624155101832, -0.000904858869035], [0.000358004443115, -0.00180704786908, -0.00010090834985, -0.000828069401905, 9.5875831903e-05, 6.98155854479e-05, 0.00042649282841, -0.00380528578535, 0.0137329958379, -0.00542311370373, 0.00142226542812, -0.000851801538374, -0.00033635678119], [-0.000163041011547, 0.00220182887278, -0.000255774735706, 0.00138981279451, -0.00101999007165, -0.000875304453075, -0.000318475154927, 0.00109935528599, -0.00542311370373, 0.0148118576035, -0.00596971297637, 0.00290088634938, -0.00183825194836], [0.000210632992093, -0.00164145533927, 0.000989670166746, -0.00102200149558, 0.000481129420223, -0.000781175273005, -0.0014248250518, -0.00060866138665, 0.00142226542812, -0.00596971297637, 0.0153139606118, -0.0067475317046, 0.00217321724631], [-2.81077846012e-05, 0.00229031126946, -0.000586726353504, 0.00192887685262, -0.000212187733268, 0.00048368552234, -0.000450682942756, -0.000624155101832, -0.000851801538374, 0.00290088634938, -0.0067475317046, 0.0163602996618, -0.00687786238268], [0.000222256872803, -0.00172103999648, 0.00119310582522, -0.00137649988756, 0.000551141041797, -0.00111582607497, 0.000793566054199, -0.000904858869035, -0.00033635678119, -0.00183825194836, 0.00217321724631, -0.00687786238268, 0.0167143680155]], "cov": [[13516.4267578, -107.745803833, -1102.24206543, 677.488708496, -647.216064453, 272.158355713, -391.602874756, 201.331222534, -306.123413086, -120.245750427, -169.141357422, -191.787811279, -63.6631355286], [-107.745803833, 1457.26000977, -20.2551250458, -244.630203247, 245.784545898, -140.405593872, 172.453842163, -98.5270233154, 97.6796112061, -97.5276489258, 37.3791770935, -112.314743042, 41.946105957], [-1102.24206543, -20.2551250458, 929.540283203, 236.193328857, 207.936401367, 185.403930664, 78.6294174194, 69.7986068726, 71.959274292, 25.1889362335, -15.768863678, -9.92147922516, -26.577381134], [677.488708496, -244.630203247, 236.193328857, 476.79876709, 75.5346984863, 124.820968628, 1.49182844162, 95.2687683105, 9.51722240448, 8.70094585419, -17.4953804016, -22.4364128113, -6.67171430588], [-647.216064453, 245.784545898, 207.936401367, 75.5346984863, 329.776580811, 70.6800613403, 107.293304443, 21.255443573, 57.9308738708, 15.1920967102, 22.3274421692, -18.2875995636, 7.60118961334], [272.158355713, -140.405593872, 185.403930664, 124.820968628, 70.6800613403, 275.31362915, 83.6744766235, 52.530166626, 9.3019990921, 43.8950538635, 19.9627056122, 10.3077058792, 0.549593031406], [-391.602874756, 172.453842163, 78.6294174194, 1.49182844162, 107.293304443, 83.6744766235, 214.218002319, 39.2257232666, 39.8416595459, 18.5660018921, 46.1569480896, 6.60244178772, 11.0347166061], [201.331222534, -98.5270233154, 69.7986068726, 95.2687683105, 21.255443573, 52.530166626, 39.2257232666, 137.149154663, 31.4122581482, 17.3944358826, 9.43519973755, 15.4456443787, 6.08373022079], [-306.123413086, 97.6796112061, 71.959274292, 9.51722240448, 57.9308738708, 9.3019990921, 39.8416595459, 31.4122581482, 114.451179504, 35.2862510681, 16.4350242615, 2.05546712875, 13.1882801056], [-120.245750427, -97.5276489258, 25.1889362335, 8.70094585419, 15.1920967102, 43.8950538635, 18.5660018921, 17.3944358826, 35.2862510681, 109.7996521, 39.4554977417, 14.8733892441, 6.74106359482], [-169.141357422, 37.3791770935, -15.768863678, -17.4953804016, 22.3274421692, 19.9627056122, 46.1569480896, 9.43519973755, 16.4350242615, 39.4554977417, 106.263710022, 40.0494346619, 12.0322380066], [-191.787811279, -112.314743042, -9.92147922516, -22.4364128113, -18.2875995636, 10.3077058792, 6.60244178772, 15.4456443787, 2.05546712875, 14.8733892441, 40.0494346619, 106.447715759, 31.9322872162], [-63.6631355286, 41.946105957, -26.577381134, -6.67171430588, 7.60118961334, 0.549593031406, 11.0347166061, 6.08373022079, 13.1882801056, 6.74106359482, 12.0322380066, 31.9322872162, 78.5158920288]]}, "spectral_energyband_middle_low": {"dmean2": 0.00629461370409, "median": 0.00374797359109, "min": 2.08963586616e-22, "dvar2": 0.000369426532416, "dvar": 0.000161665782798, "dmean": 0.00434063794091, "max": 0.364964425564, "var": 0.000465791526949, "mean": 0.0109503054991}, "melbands_crest": {"dmean2": 4.13905477524, "median": 14.6174201965, "min": 1.73977708817, "dvar2": 18.9164028168, "dvar": 7.24791240692, "dmean": 2.58073425293, "max": 38.3501815796, "var": 28.4016170502, "mean": 15.45561409}, "spectral_kurtosis": {"dmean2": 7.39141273499, "median": 10.1392173767, "min": -1.3494155407, "dvar2": 84.786026001, "dvar": 31.0260505676, "dmean": 4.41440391541, "max": 106.97467041, "var": 128.585021973, "mean": 13.5746440887}, "spectral_rms": {"dmean2": 0.000897106190678, "median": 0.00289819156751, "min": 3.14396338824e-12, "dvar2": 2.71864087154e-06, "dvar": 1.30079899918e-06, "dmean": 0.000624468026217, "max": 0.0247916728258, "var": 8.92152638698e-06, "mean": 0.00375402043574}, "zerocrossingrate": {"dmean2": 0.00642724800855, "median": 0.02099609375, "min": 0.00244140625, "dvar2": 0.000149396859342, "dvar": 0.000119884411106, "dmean": 0.00529453530908, "max": 0.521484375, "var": 0.00120242149569, "mean": 0.0274455901235}, "silence_rate_60dB": {"dmean2": 0.09480458498, "median": 0, "min": 0, "dvar2": 0.0980618670583, "dvar": 0.0451591610909, "dmean": 0.047398570925, "max": 1, "var": 0.180405884981, "mean": 0.236189574003}, "erbbands_kurtosis": {"dmean2": 1.83402192593, "median": 1.6931347847, "min": -1.79313504696, "dvar2": 5.68030548096, "dvar": 2.45479512215, "dmean": 1.18726432323, "max": 37.5326271057, "var": 8.25614929199, "mean": 2.30335283279}, "erbbands": {"dmean2": [0.173080548644, 1.34051001072, 3.1751294136, 5.82889270782, 10.4224662781, 7.07467556, 7.48374891281, 15.142367363, 10.6944189072, 21.1816082001, 12.3085584641, 13.9029169083, 10.0272054672, 6.64654064178, 6.71097612381, 5.84292840958, 4.54316473007, 4.27151155472, 6.00495910645, 3.39151883125, 3.08630561829, 3.13979506493, 3.1221704483, 2.25593495369, 2.49402236938, 2.75171208382, 1.4604382515, 1.27733612061, 1.09107673168, 1.14892446995, 1.06280231476, 1.0793864727, 0.596142113209, 0.381325662136, 0.166537836194, 0.0749824568629, 0.0250392053276, 0.0052867657505, 0.00065030407859, 3.54618750862e-05], "median": [0.0338974669576, 0.266602754593, 0.693167686462, 1.26861691475, 1.79279828072, 3.42925024033, 3.37375307083, 3.86747074127, 2.47252750397, 5.28235816956, 3.13691139221, 4.78905200958, 2.66410970688, 1.8074272871, 1.9732708931, 0.999533116817, 0.864994704723, 0.638239085674, 0.931717693806, 0.384478390217, 0.278909385204, 0.243298172951, 0.246958211064, 0.193776756525, 0.186161726713, 0.139672935009, 0.0963593125343, 0.0678108483553, 0.0648679509759, 0.0511579290032, 0.0323126278818, 0.0221832506359, 0.0151642626151, 0.00891863927245, 0.0043289763853, 0.00171633716673, 0.000526177173015, 0.000221088455874, 1.4992450815e-05, 1.05751996671e-05], "min": [1.0215317689e-22, 4.55778537001e-22, 3.71509794825e-21, 1.40642449937e-20, 2.04895271136e-20, 5.59047819795e-20, 8.69844003609e-20, 6.42121051726e-20, 2.4522071697e-19, 1.94637588537e-19, 3.34007879928e-19, 5.17996164314e-19, 5.689055638e-19, 1.25030334821e-18, 1.37516429712e-18, 1.90150066506e-18, 2.5367110622e-18, 2.53384674254e-18, 3.11894509061e-18, 3.14210594097e-18, 4.05939133765e-18, 5.75496642318e-18, 6.94688860453e-18, 5.5025547408e-18, 9.85412074646e-18, 9.77920630711e-18, 1.23644972731e-17, 1.01381125303e-17, 1.25222389615e-17, 1.13591725623e-17, 1.21182770376e-17, 1.35987293292e-17, 1.01540713258e-17, 9.1835924255e-18, 6.14893931405e-18, 5.03842535346e-18, 2.38871087303e-18, 1.11215643109e-18, 2.66644746534e-19, 2.58993044756e-20], "dvar2": [0.791721284389, 33.0870437622, 162.133880615, 311.549682617, 1312.41333008, 447.368255615, 1054.13830566, 7456.53955078, 1618.31738281, 5984.45458984, 2676.05078125, 2623.80322266, 3017.1574707, 3106.6706543, 749.919372559, 1344.16455078, 523.227661133, 385.340057373, 732.329467773, 750.368713379, 1110.03137207, 286.40145874, 637.182434082, 165.200759888, 296.343017578, 362.403381348, 82.8517608643, 735.434387207, 181.863616943, 114.169242859, 94.388053894, 163.008468628, 24.7679595947, 13.5089635849, 1.9054902792, 0.312965244055, 0.0273006483912, 0.00108628522139, 1.98702928174e-05, 3.31557856725e-08], "dvar": [0.298938900232, 13.5336847305, 64.7217941284, 149.707290649, 537.06854248, 164.612121582, 388.27835083, 2693.01953125, 752.706420898, 2624.0480957, 1115.90258789, 1277.2878418, 1637.99377441, 1498.71862793, 382.855804443, 657.075012207, 230.661376953, 192.475219727, 333.731903076, 298.765472412, 421.397857666, 184.2684021, 304.608154297, 88.7043609619, 120.50806427, 174.693908691, 49.6383094788, 250.018325806, 68.286026001, 50.4504585266, 50.4445915222, 70.1551971436, 13.2939958572, 7.66248273849, 1.07812988758, 0.151936590672, 0.0119051383808, 0.000462909432827, 8.42476219987e-06, 1.42048488527e-08], "dmean": [0.104599580169, 0.829142928123, 1.9104398489, 3.87839794159, 6.63453722, 4.42435073853, 4.8436217308, 9.48189544678, 7.0888338089, 14.0500650406, 8.05385971069, 9.60118198395, 7.121571064, 4.83152770996, 4.71420145035, 3.9105618, 3.08235287666, 2.91491293907, 4.01346158981, 2.26223731041, 2.08565235138, 2.31760835648, 2.24190187454, 1.58079898357, 1.65524041653, 1.90652108192, 1.05432963371, 0.802579879761, 0.690536379814, 0.76567029953, 0.735553264618, 0.714731872082, 0.413429200649, 0.269160598516, 0.11407622695, 0.0501474998891, 0.0160259548575, 0.0033830225002, 0.000413987814682, 2.33130376728e-05], "max": [18.5519237518, 133.755493164, 334.5, 383.359161377, 769.378967285, 546.598571777, 725.517211914, 2069.83300781, 928.973693848, 2423.84790039, 1290.45129395, 1292.4732666, 2528.9140625, 3885.90234375, 956.226196289, 1698.5690918, 687.656005859, 767.59942627, 745.274047852, 963.141235352, 1342.24230957, 775.623291016, 934.078613281, 480.810058594, 554.933227539, 532.776916504, 360.614624023, 1249.27124023, 426.703399658, 410.10357666, 389.694458008, 474.499420166, 180.71257019, 176.43598938, 71.542930603, 21.0868549347, 4.53981733322, 0.678164601326, 0.0834664180875, 0.00325601454824], "var": [0.40556293726, 42.0502624512, 135.221176147, 301.94720459, 917.428649902, 531.188842773, 799.131408691, 2542.95410156, 1569.60510254, 5381.08935547, 2561.80371094, 3415.32714844, 6393.28076172, 4370.08496094, 1491.94116211, 1646.0880127, 603.94128418, 613.122802734, 834.989379883, 426.886962891, 465.761108398, 544.78326416, 620.171569824, 267.249053955, 290.072967529, 451.588745117, 177.246780396, 146.451034546, 60.2581863403, 84.9790802002, 122.977005005, 111.301429749, 29.5257530212, 14.7226524353, 2.2253882885, 0.24756012857, 0.0151699706912, 0.000531611789484, 8.59708688949e-06, 1.81221988527e-08], "mean": [0.201323390007, 1.93100428581, 3.34843397141, 6.28296852112, 10.5507946014, 10.0987024307, 11.2100305557, 15.6136550903, 12.2791690826, 26.6325016022, 17.3183860779, 21.5370635986, 16.7272472382, 12.6415224075, 11.37449646, 7.1810669899, 6.07766199112, 5.91380310059, 7.8384180069, 3.74922585487, 3.44494724274, 4.31640863419, 4.05122709274, 3.1271905899, 3.0764529705, 3.50520682335, 2.02290868759, 1.11339271069, 0.927924156189, 1.08813095093, 1.08996593952, 0.931147038937, 0.591654002666, 0.349567502737, 0.148759007454, 0.0589206442237, 0.0173697471619, 0.00357718835585, 0.000403583486332, 4.12016597693e-05]}, "spectral_strongpeak": {"dmean2": 0.35713917017, "median": 0.30649805069, "min": 0, "dvar2": 0.537042915821, "dvar": 0.223827078938, "dmean": 0.218654066324, "max": 14.4003448486, "var": 0.506765007973, "mean": 0.52637976408}, "spectral_energy": {"dmean2": 0.0123066194355, "median": 0.00860950164497, "min": 1.01316175275e-20, "dvar2": 0.00148778629955, "dvar": 0.000654942123219, "dmean": 0.00829086918384, "max": 0.629992723465, "var": 0.00205790949985, "mean": 0.0235895700753}, "average_loudness": 0.0794441625476, "spectral_rolloff": {"dmean2": 297.100158691, "median": 473.73046875, "min": 43.06640625, "dvar2": 1381599.75, "dvar": 542054.8125, "dmean": 172.537582397, "max": 19681.3476562, "var": 1697024.125, "mean": 641.973022461}, "spectral_centroid": {"dmean2": 147.825561523, "median": 464.255859375, "min": 101.919776917, "dvar2": 100007.210938, "dvar": 49888.5351562, "dmean": 99.1083221436, "max": 11594.1240234, "var": 341913.03125, "mean": 587.840942383}, "pitch_salience": {"dmean2": 0.0982782319188, "median": 0.537787616253, "min": 0.0615093819797, "dvar2": 0.0100327702239, "dvar": 0.0038607311435, "dmean": 0.060865573585, "max": 0.891774058342, "var": 0.0184493269771, "mean": 0.51891285181}, "spectral_energyband_middle_high": {"dmean2": 0.000698487681802, "median": 0.000291563919745, "min": 1.18435673657e-21, "dvar2": 8.76912781678e-06, "dvar": 4.29441934102e-06, "dmean": 0.000519370019902, "max": 0.117270469666, "var": 1.94005970116e-05, "mean": 0.00155044021085}, "spectral_contrast_coeffs": {"dmean2": [0.0683798566461, 0.0666268393397, 0.0504144132137, 0.0418790020049, 0.0310306102037, 0.025287212804], "median": [-0.657077550888, -0.711046695709, -0.729552567005, -0.77704846859, -0.813394665718, -0.809634804726], "min": [-0.97522598505, -0.974097013474, -0.974168002605, -0.96906298399, -0.963529765606, -0.963963150978], "dvar2": [0.00374333839864, 0.00367981172167, 0.0019380573649, 0.00131927721668, 0.000812784768641, 0.000635708041955], "dvar": [0.00143999885768, 0.00148658000398, 0.000868292350788, 0.000609373208135, 0.000422722485382, 0.000298234430375], "dmean": [0.0417459309101, 0.0416237488389, 0.0323214940727, 0.0265564676374, 0.0202967021614, 0.0164172649384], "max": [-0.278872132301, -0.368711441755, -0.403465926647, -0.51881814003, -0.529432952404, -0.582054495811], "var": [0.00859116297215, 0.00674049463123, 0.00591829558834, 0.00417859433219, 0.00339854438789, 0.0017942978302], "mean": [-0.647769570351, -0.705220222473, -0.723612070084, -0.76962685585, -0.803017914295, -0.80190217495]}, "melbands_skewness": {"dmean2": 0.929554998875, "median": 2.37359857559, "min": -0.844746530056, "dvar2": 1.38231933117, "dvar": 0.592783093452, "dmean": 0.60759305954, "max": 18.2012481689, "var": 2.82304883003, "mean": 2.71447682381}, "spectral_spread": {"dmean2": 762803.3125, "median": 3202622.5, "min": 881531.8125, "dvar2": 1406186684420.0, "dvar": 702762385408, "dmean": 509926.03125, "max": 52362040, "var": 5057453490180.0, "mean": 3606205}, "dissonance": {"dmean2": 0.0484710633755, "median": 0.42404460907, "min": 0.140424147248, "dvar2": 0.00210637971759, "dvar": 0.000778261339292, "dmean": 0.0290672183037, "max": 0.499999910593, "var": 0.00240959576331, "mean": 0.415546566248}, "spectral_skewness": {"dmean2": 0.621032595634, "median": 2.58769798279, "min": -0.0627822354436, "dvar2": 0.407230466604, "dvar": 0.160164028406, "dmean": 0.385992288589, "max": 8.80356788635, "var": 1.06159865856, "mean": 2.75284409523}, "spectral_flux": {"dmean2": 0.0293645150959, "median": 0.0283522047102, "min": 6.55771825731e-11, "dvar2": 0.00252900901251, "dvar": 0.00114093872253, "dmean": 0.0187483802438, "max": 0.61267966032, "var": 0.00329928123392, "mean": 0.0487002879381}, "spectral_contrast_valleys": {"dmean2": [0.548352360725, 0.539654076099, 0.491581648588, 0.436227858067, 0.387375742197, 0.419549971819], "median": [-7.4363155365, -7.3932185173, -8.57932662964, -9.32545471191, -9.31822395325, -11.7472915649], "min": [-27.8051185608, -27.8887233734, -27.5810165405, -27.5408039093, -27.6654605865, -27.3761005402], "dvar2": [0.259012788534, 0.263989239931, 0.211698532104, 0.187064498663, 0.18164665997, 0.258814156055], "dvar": [0.112653434277, 0.113772213459, 0.0980166047812, 0.0891892984509, 0.0946756079793, 0.13827547431], "dmean": [0.337536036968, 0.335474193096, 0.313601911068, 0.280895978212, 0.264236748219, 0.29681956768], "max": [-4.38292217255, -4.18882703781, -5.20870542526, -5.60511302948, -5.09379720688, -7.04893398285], "var": [2.11189484596, 1.80742788315, 1.82433104515, 1.80666637421, 2.02544999123, 2.02238440514], "mean": [-7.61703586578, -7.41747426987, -8.60764312744, -9.36773395538, -9.48110389709, -11.8916883469]}, "erbbands_flatness_db": {"dmean2": 0.0241647437215, "median": 0.191755771637, "min": 0.0282525978982, "dvar2": 0.000684430706315, "dvar": 0.000334331038175, "dmean": 0.0168377961963, "max": 0.382122129202, "var": 0.00268260971643, "mean": 0.191170573235}, "spectral_energyband_high": {"dmean2": 0.000187958823517, "median": 9.79561900749e-06, "min": 7.05514622909e-21, "dvar2": 1.94987478608e-06, "dvar": 8.66305470026e-07, "dmean": 0.000129310792545, "max": 0.0404903516173, "var": 1.74679928477e-06, "mean": 0.000216133266804}, "spectral_entropy": {"dmean2": 0.281944602728, "median": 6.65263175964, "min": 4.86816167831, "dvar2": 0.0922842621803, "dvar": 0.0448956377804, "dmean": 0.191394031048, "max": 9.81890201569, "var": 0.342272996902, "mean": 6.68680953979}, "silence_rate_20dB": {"dmean2": 0.00596452690661, "median": 1, "min": 0, "dvar2": 0.00718518067151, "dvar": 0.00297302869149, "dmean": 0.00298202945851, "max": 1, "var": 0.00328504526988, "mean": 0.996704339981}, "melbands_flatness_db": {"dmean2": 0.035364035517, "median": 0.319673001766, "min": 0.00320579437539, "dvar2": 0.00156243972015, "dvar": 0.000718447612599, "dmean": 0.0236194562167, "max": 0.70434743166, "var": 0.00605445448309, "mean": 0.319901138544}, "barkbands": {"dmean2": [0.000452577864053, 0.00589449563995, 0.00279336352833, 0.00291241845116, 0.00233969138935, 0.00162461388391, 0.000980524462648, 0.000706265389454, 0.000636047683656, 0.000253439240623, 0.000219879148062, 0.000151369444211, 9.8941505712e-05, 0.000113173759019, 9.49343957473e-05, 5.78544859309e-05, 6.05039640504e-05, 5.47255076526e-05, 4.79095288028e-05, 5.90710806136e-05, 3.63115359505e-05, 3.02520020341e-05, 3.718296648e-05, 4.32806664321e-05, 2.82740802504e-05, 1.48451954374e-05, 3.59139630746e-06], "median": [3.00346764561e-05, 0.00130909751169, 0.000542435736861, 0.000398102973122, 0.000896150711924, 0.000432023080066, 0.000250987359323, 0.000109008673462, 0.000214273211895, 4.58762915514e-05, 4.76724562759e-05, 2.03724102903e-05, 1.29774143716e-05, 1.71348565345e-05, 8.44871465233e-06, 4.76783588965e-06, 3.99487907998e-06, 3.98945394409e-06, 3.80296387448e-06, 2.89655235974e-06, 1.97163217308e-06, 1.88465537576e-06, 1.20352433441e-06, 9.85803580988e-07, 7.15817748187e-07, 3.24196889778e-07, 1.07769778879e-07], "min": [2.69456425878e-24, 1.18446370374e-24, 2.32370930876e-24, 2.14345873343e-24, 1.52336676972e-23, 7.67648908796e-24, 1.67020549639e-23, 1.76793573844e-23, 2.1341371191e-23, 2.19264756353e-23, 1.91681903481e-23, 3.90694154928e-23, 4.88861678359e-23, 4.38405251337e-23, 4.26809974217e-23, 5.33528655197e-23, 8.60915207868e-23, 1.25641851131e-22, 1.64971653831e-22, 1.76587889407e-22, 2.66247118835e-22, 3.90264004853e-22, 4.36215038987e-22, 5.83366198751e-22, 9.00720220378e-22, 1.36150818821e-21, 2.01935143922e-21], "dvar2": [8.99742281035e-06, 0.000649270135909, 0.000120745644381, 8.99238366401e-05, 6.45352192805e-05, 7.50559629523e-05, 1.2726802197e-05, 8.63690456754e-06, 6.29369333183e-06, 1.56938540385e-06, 2.48944002124e-06, 7.30503359136e-07, 2.59205336306e-07, 2.48276762704e-07, 3.28410578732e-07, 3.79826843755e-07, 1.10134301678e-07, 1.68703422787e-07, 8.15756209249e-08, 1.52420113864e-07, 2.43224576479e-07, 9.42933766623e-08, 1.32091457772e-07, 2.05260334951e-07, 6.66335679966