{"tonal": {"thpcp": [1, 0.42654812336, 0.07724365592, 0.0471063181758, 0.0834093168378, 0.287065684795, 0.441087663174, 0.247801601887, 0.0428698882461, 0.0213241744787, 0.0501755438745, 0.431973218918, 0.773755013943, 0.439582109451, 0.207538425922, 0.288471788168, 0.155402287841, 0.0294513627887, 0.0345310494304, 0.0525349527597, 0.402372449636, 0.772491753101, 0.443589836359, 0.0511387847364, 0.0224957857281, 0.0655464157462, 0.365266442299, 0.555445075035, 0.270577311516, 0.0473022796214, 0.0299424845725, 0.0242620632052, 0.105465620756, 0.188591733575, 0.204959109426, 0.734045267105], "hpcp": {"dmean2": [0.0911790728569, 0.0987509489059, 0.0453301556408, 0.0268750116229, 0.0502010658383, 0.123850338161, 0.162357613444, 0.124000348151, 0.0714964345098, 0.063407689333, 0.0510937236249, 0.0259389337152, 0.0292880628258, 0.0522225089371, 0.116599649191, 0.136330544949, 0.117407374084, 0.0421831011772, 0.0230396911502, 0.054758630693, 0.103661119938, 0.126092836261, 0.0967672914267, 0.0520333275199, 0.0356894135475, 0.0299474615604, 0.0462010651827, 0.0654468387365, 0.129724144936, 0.231225460768, 0.220030352473, 0.190996497869, 0.0923531353474, 0.06190386042, 0.0912311971188, 0.120467863977], "median": [0.00473897065967, 0.00285455025733, 0.000219060893869, 6.92378089298e-05, 0.000254338025115, 0.034552950412, 0.0763879939914, 0.042253240943, 0.000613869633526, 0.000111763962195, 0.000144466815982, 0.000380347919418, 0.000295458128676, 0.0010037337197, 0.0372455492616, 0.0771245211363, 0.0397035367787, 0.000735369569156, 0.000123638499645, 0.000322147156112, 0.00754916947335, 0.014994295314, 0.00992797780782, 0.000702077057213, 0.000208143697819, 6.78784854244e-05, 0.00160548067652, 0.0031511655543, 0.0193419754505, 0.0980047732592, 0.162123590708, 0.0733372196555, 0.000708539271727, 0.000239949673414, 0.000239934117417, 0.00263768644072], "min": [0, 0, 0, 0, 0, 0, 0, 0, 0, 0, 0, 0, 0, 0, 0, 0, 0, 0, 0, 0, 0, 0, 0, 0, 0, 0, 0, 0, 0, 0, 0, 0, 0, 0, 0, 0], "dvar2": [0.0474628917873, 0.0531767606735, 0.0267420355231, 0.0177009087056, 0.0276955720037, 0.0473993606865, 0.0755605325103, 0.0403641760349, 0.0306910835207, 0.0312000922859, 0.0238995924592, 0.0125595452264, 0.0181266013533, 0.0269333608449, 0.0418589264154, 0.0525230169296, 0.0409738495946, 0.0168443713337, 0.00973272696137, 0.02385035716, 0.0415739491582, 0.0563846901059, 0.0342520959675, 0.0360426791012, 0.022239478305, 0.0166878402233, 0.0231611672789, 0.0317999497056, 0.0528446175158, 0.0998290926218, 0.0970947742462, 0.0734548792243, 0.0493276491761, 0.0359079800546, 0.0624071285129, 0.0744513198733], "dvar": [0.0220275446773, 0.0211285986006, 0.00928256195039, 0.00620482722297, 0.00989198125899, 0.020216440782, 0.0391722656786, 0.018702391535, 0.0126788783818, 0.0145632922649, 0.00975618511438, 0.00470446888357, 0.00656270468608, 0.00965337827802, 0.0170205458999, 0.0282906573266, 0.0180036202073, 0.00640755658969, 0.00371565041132, 0.00912922527641, 0.0177223049104, 0.0279548466206, 0.0140048032627, 0.0124569553882, 0.00774162448943, 0.00572593975812, 0.0087449029088, 0.0145224472508, 0.0194552857429, 0.0426816083491, 0.0510132350028, 0.0279009453952, 0.0179798007011, 0.0125229619443, 0.021514467895, 0.0264490097761], "dmean": [0.0560364834964, 0.057440649718, 0.0242603495717, 0.0139776226133, 0.027565209195, 0.0766169205308, 0.100746288896, 0.0775481536984, 0.0433028116822, 0.0384070277214, 0.03017273359, 0.014066323638, 0.0158077385277, 0.0279749389738, 0.0698756724596, 0.085789680481, 0.0728648081422, 0.0236910711974, 0.012667639181, 0.0307829156518, 0.0627287775278, 0.0775958299637, 0.0577074214816, 0.0274605620652, 0.0185380354524, 0.015658929944, 0.0265091378242, 0.0387260876596, 0.0717988163233, 0.137216344476, 0.136194974184, 0.111464604735, 0.0487638004124, 0.0321527048945, 0.0482022017241, 0.0672021955252], "max": [1, 1, 1, 1, 1, 1, 1, 1, 1, 1, 1, 1, 1, 1, 1, 1, 1, 1, 1, 1, 1, 1, 1, 1, 1, 1, 1, 1, 1, 1, 1, 1, 1, 1, 1, 1], "var": [0.107909314334, 0.0429800525308, 0.00601155776531, 0.00362484203652, 0.0067253569141, 0.0571227259934, 0.147474363446, 0.0565677993, 0.0322216153145, 0.0687553435564, 0.0237754192203, 0.00379096693359, 0.00519236363471, 0.00662878667936, 0.0450932867825, 0.142446219921, 0.053084757179, 0.00561541784555, 0.00284833274782, 0.00819168612361, 0.0538913905621, 0.108145326376, 0.0304442439228, 0.00862177554518, 0.00507064629346, 0.00334031996317, 0.0144250299782, 0.0397546850145, 0.0213081911206, 0.107413843274, 0.174078524113, 0.0411170870066, 0.0119041381404, 0.00725818378851, 0.0144567210227, 0.0563372001052], "mean": [0.17013771832, 0.0955828130245, 0.0165359079838, 0.00822522770613, 0.0193538684398, 0.166622072458, 0.29845520854, 0.169556990266, 0.0800523757935, 0.111270241439, 0.0599422603846, 0.0113600725308, 0.0133194243535, 0.0202639475465, 0.155204370618, 0.297967940569, 0.17110286653, 0.0197254121304, 0.00867714546621, 0.0252827703953, 0.140891715884, 0.214248031378, 0.104367926717, 0.0182455834001, 0.0115495091304, 0.00935843959451, 0.0406805314124, 0.0727441981435, 0.079057469964, 0.283138245344, 0.385723143816, 0.164529487491, 0.0297946669161, 0.01816999726, 0.0321729034185, 0.110727876425]}, "tuning_equal_tempered_deviation": 0.00232905964367, "chords_changes_rate": 0.0368308350444, "key_key": "G", "tuning_diatonic_strength": 0.634866654873, "key_scale": "major", "chords_number_rate": 0.00128479662817, "tuning_frequency": 441.272583008, "tuning_nontempered_energy_ratio": 0.600571930408, "chords_histogram": [36.9807281494, 12.6980724335, 9.89293384552, 0.021413275972, 0.449678808451, 0, 0.192719489336, 0, 0.406852245331, 0, 0, 0, 0, 0, 0, 0.192719489336, 0.021413275972, 0.706638097763, 0, 0, 0, 7.36616706848, 14.9892930984, 16.0813713074], "key_strength": 0.836011648178, "chords_key": "G", "chords_strength": {"dmean2": 0.00567709608003, "median": 0.528304696083, "min": -1, "dvar2": 0.000492101244163, "dvar": 0.000495448592119, "dmean": 0.00827524717897, "max": 0.753323256969, "var": 0.00848526787013, "mean": 0.536105453968}, "chords_scale": "major", "hpcp_entropy": {"dmean2": 0.657288849354, "median": 1.39963245392, "min": 0, "dvar2": 0.389346122742, "dvar": 0.163555204868, "dmean": 0.390378564596, "max": 4.54620313644, "var": 0.357509672642, "mean": 1.36026263237}}, "metadata": {"audio_properties": {"equal_loudness": 0, "codec": "mp3", "downmix": "mix", "sample_rate": 44100, "analysis_sample_rate": 44100, "bit_rate": 182669, "md5_encoded": "cfddb6209607f128e701afe7c541e88e", "length": 216.816329956, "replay_gain": -9.89721679688, "lossless": false}, "version": {"essentia_build_sha": "2d9f1f26377add8aeb1075a9c2973f962c4f09fd", "essentia": "2.1-beta2", "extractor": "music 1.0", "essentia_git_sha": "v2.1_beta2-1-ge3940c0"}, "tags": {"title": ["Tuletko niinkuin \u00f6inen maa"], "media": ["CD"], "albumartist": ["Liekki"], "musicbrainz_recordingid": ["10bf57b1-6f6f-41b9-afc0-14ec7cd467f9"], "mood": ["Melancholy", "Melancholic", "Chill"], "originalyear": ["2003"], "discnumber": ["1/1"], "album": ["Korppi"], "catalognumber": ["RA094"], "contentgroup": ["Pop"], "musicbrainz album type": ["album"], "musicbrainz album status": ["official"], "file_name": "08 - Tuletko niinkuin \u00f6inen maa.mp3", "musicbrainz_albumartistid": ["5b67e977-4d74-44bd-9662-8d592977fe76"], "date": ["2003-04-25"], "genre": ["Pop", "Progressive Rock", "Alternative", "Progressive", "Indie Rock"], "musicbrainz album release country": ["FI"], "musicbrainz_releasegroupid": ["966c6350-84e8-3ac8-b05f-5004a88b84fe"], "musicbrainz_artistid": ["5b67e977-4d74-44bd-9662-8d592977fe76"], "originaldate": ["2003-04-25"], "musicbrainz_albumid": ["9f55c8d6-6729-466b-9b7a-5175b9c89adf"], "artist": ["Liekki"], "artistsort": ["Liekki"], "tracknumber": ["8/10"], "label": ["Ranka Recordings"], "albumartistsort": ["Liekki"], "acoustid_id": ["bd5f831f-39fe-4c1d-b6f5-2ac33e381562"], "script": ["Latn"]}}, "rhythm": {"bpm_histogram_first_peak_bpm": {"dmean2": 0, "median": 136, "min": 136, "dvar2": 0, "dvar": 0, "dmean": 0, "max": 136, "var": 0, "mean": 136}, "bpm": 135.799163818, "bpm_histogram_second_peak_spread": {"dmean2": 0, "median": 0.0666666701436, "min": 0.0666666701436, "dvar2": 0, "dvar": 0, "dmean": 0, "max": 0.0666666701436, "var": 0, "mean": 0.0666666701436}, "bpm_histogram_first_peak_weight": {"dmean2": 0, "median": 0.512244880199, "min": 0.512244880199, "dvar2": 0, "dvar": 0, "dmean": 0, "max": 0.512244880199, "var": 0, "mean": 0.512244880199}, "onset_rate": 3.98011445999, "beats_position": [0.429569154978, 0.882358253002, 1.3235373497, 1.78793644905, 2.22911548615, 2.65868473053, 3.08825397491, 3.52943301201, 3.98222208023, 4.43501138687, 4.8994102478, 5.35219955444, 5.80498838425, 6.25777769089, 6.71056699753, 7.1517457962, 7.59292507172, 8.03410434723, 8.48689365387, 8.93968200684, 9.4040813446, 9.86848068237, 10.321269989, 10.774058342, 11.2152376175, 11.6680269241, 12.1208162308, 12.5619955063, 13.0031747818, 13.4559631348, 13.9203624725, 14.3731517792, 14.8259410858, 15.2787294388, 15.7199087143, 16.1610889435, 16.5906581879, 17.0434455872, 17.4846248627, 17.9374141693, 18.4018135071, 18.8662128448, 19.3190021515, 19.7717914581, 20.2245807648, 20.6657600403, 21.1069393158, 21.548116684, 21.9892959595, 22.4536952972, 22.918094635, 23.3708839417, 23.8236732483, 24.2764625549, 24.7176418304, 25.158821106, 25.6000003815, 26.0411777496, 26.4939670563, 26.9467563629, 27.3995456696, 27.8639450073, 28.3283443451, 28.7811336517, 29.2339229584, 29.686712265, 30.1394996643, 30.5806789398, 31.0218582153, 31.474647522, 31.9274368286, 32.3802261353, 32.8330154419, 33.2858047485, 33.7385940552, 34.1913833618, 34.6441726685, 35.0969619751, 35.5497512817, 36.0141487122, 36.455329895, 36.8965072632, 37.3376846313, 37.7788658142, 38.2316551208, 38.6844444275, 39.1488418579, 39.5900230408, 40.0428123474, 40.4956016541, 40.9367790222, 41.3663482666, 41.795917511, 42.2370948792, 42.6898841858, 43.1310653687, 43.5722427368, 44.0018119812, 44.4429931641, 44.8841705322, 45.3369598389, 45.7897491455, 46.2309303284, 46.6721076965, 47.1248970032, 47.5660743713, 47.9956436157, 48.4368247986, 48.8780021667, 49.3075714111, 49.7371406555, 50.1783218384, 50.6194992065, 51.0606803894, 51.5018577576, 51.9430389404, 52.3842163086, 52.813785553, 53.2433547974, 53.6845359802, 54.1257133484, 54.5668907166, 55.0080718994, 55.4724693298, 55.936870575, 56.3896598816, 56.8424491882, 57.2836265564, 57.7248077393, 58.1659851074, 58.6071662903, 59.0483436584, 59.4895210266, 59.9307022095, 60.3718795776, 60.8130607605, 61.2542381287, 61.7186393738, 62.1598167419, 62.6009979248, 63.042175293, 63.4833564758, 63.924533844, 64.3657150269, 64.806892395, 65.2480697632, 65.6892471313, 66.107208252, 66.5483856201, 67.0127868652, 67.4539642334, 67.895149231, 68.3363265991, 68.7775039673, 69.2070770264, 69.6366424561, 70.0778198242, 70.5189971924, 70.9601821899, 71.3897476196, 71.8309249878, 72.2604980469, 72.701675415, 73.1428527832, 73.5724258423, 74.0136032104, 74.4431762695, 74.8843536377, 75.3255310059, 75.7551040649, 76.1846694946, 76.6142425537, 77.0321960449, 77.461769104, 77.9029464722, 78.3325119019, 78.7736968994, 79.2032623291, 79.6444396973, 80.0740127563, 80.503578186, 80.9447631836, 81.3859405518, 81.8271179199, 82.256690979, 82.6862564087, 83.1274337769, 83.5686187744, 84.0330123901, 84.4974136353, 84.9618148804, 85.4029922485, 85.8441696167, 86.2853469849, 86.7149200439, 87.1444854736, 87.5856704712, 88.0268478394, 88.479637146, 88.9324264526, 89.3736038208, 89.814781189, 90.2559585571, 90.6971435547, 91.1383209229, 91.579498291, 92.0090713501, 92.4386367798, 92.8798141479, 93.3326034546, 93.7853927612, 94.2265777588, 94.6561431885, 95.0973205566, 95.5384979248, 95.9680709839, 96.4092483521, 96.8504257202, 97.3032150269, 97.7444000244, 98.1971893311, 98.6383666992, 99.0795440674, 99.5207214355, 99.9619064331, 100.403083801, 100.844261169, 101.285438538, 101.738227844, 102.179405212, 102.632194519, 103.073379517, 103.514556885, 103.944122314, 104.373695374, 104.814872742, 105.267662048, 105.720451355, 106.173240662, 106.626029968, 107.067207336, 107.508384705, 107.949569702, 108.379135132, 108.808708191, 109.249885559, 109.691062927, 110.155464172, 110.619865417, 111.084259033, 111.525436401, 111.978225708, 112.431015015, 112.872200012, 113.31337738, 113.766166687, 114.218955994, 114.660133362, 115.10131073, 115.542495728, 115.983673096, 116.424850464, 116.877639771, 117.318817139, 117.771606445, 118.212783813, 118.653968811, 119.095146179, 119.536323547, 119.989112854, 120.430290222, 120.87147522, 121.324264526, 121.777046204, 122.206619263, 122.659408569, 123.100585938, 123.530158997, 123.959724426, 124.389297485, 124.830474854, 125.271652222, 125.71282959, 126.154014587, 126.595191956, 127.013153076, 127.431106567, 127.872291565, 128.313461304, 128.754638672, 129.195831299, 129.637008667, 130.078186035, 130.519363403, 130.960540771, 131.390106201, 131.81968689, 132.249252319, 132.678817749, 133.119995117, 133.549560547, 133.979141235, 134.420318604, 134.861495972, 135.279449463, 135.720626831, 136.15020752, 136.579772949, 137.020950317, 137.462127686, 137.903305054, 138.344482422, 138.797271729, 139.250061035, 139.691238403, 140.13243103, 140.573608398, 141.014785767, 141.455963135, 141.885528564, 142.326705933, 142.767883301, 143.220672607, 143.673461914, 144.126251221, 144.567428589, 145.008621216, 145.449798584, 145.890975952, 146.33215332, 146.773330688, 147.214508057, 147.655685425, 148.096862793, 148.538040161, 148.979232788, 149.420410156, 149.861587524, 150.302764893, 150.720718384, 151.161895752, 151.603088379, 152.032653809, 152.462219238, 152.903396606, 153.344573975, 153.785751343, 154.215332031, 154.644897461, 155.086074829, 155.527252197, 155.968429565, 156.409606934, 156.850784302, 157.28036499, 157.733154297, 158.174331665, 158.592285156, 159.033462524, 159.474639893, 159.915817261, 160.345397949, 160.76335144, 161.19291687, 161.61088562, 162.052062988, 162.470016479, 162.911193848, 163.329162598, 163.770339966, 164.211517334, 164.652694702, 165.09387207, 165.51184082, 165.953018188, 166.405807495, 166.858596802, 167.322982788, 167.764175415, 168.205352783, 168.646530151, 169.08770752, 169.528884888, 169.958450317, 170.411239624, 170.852416992, 171.316818237, 171.769607544, 172.222396851, 172.663574219, 173.104751587, 173.534332275, 173.963897705, 174.405075073, 174.846252441, 175.299041748, 175.751831055, 176.204620361, 176.657409668, 177.098587036, 177.539764404, 177.969345093, 178.398910522, 178.840087891, 179.281265259, 179.722442627, 180.175231934, 180.62802124, 181.069198608, 181.510375977, 181.951568604, 182.381134033, 182.810699463, 183.251876831, 183.681442261, 184.122619629, 184.575408936, 185.016601563, 185.457778931, 185.898956299, 186.340133667, 186.781311035, 187.222488403, 187.663665771, 188.10484314, 188.546035767, 188.987213135, 189.428390503, 189.869567871, 190.310745239, 190.740310669, 191.169876099, 191.611068726, 192.052246094, 192.481811523, 192.911376953, 193.352554321, 193.793731689, 194.234924316, 194.676101685, 195.117279053, 195.546844482, 195.976409912, 196.41758728, 196.858764648, 197.276733398, 197.717910767, 198.159088135, 198.600265503, 199.041442871, 199.482620239, 199.947021484, 200.411422729, 200.864212036, 201.317001343, 201.758178711, 202.210968018, 202.663757324, 203.116546631, 203.557723999, 204.010513306, 204.463302612, 204.927703857, 205.415328979, 205.891326904, 206.367340088, 206.85496521, 207.354187012, 207.853424072, 208.236557007, 208.619674683, 209.002807617, 209.385940552, 209.769073486, 210.152191162, 210.535324097, 210.918457031, 211.301589966, 211.673095703, 212.044616699, 212.416137695, 212.787658691, 213.170791626, 213.553924561, 213.937042236, 214.308563232, 214.691696167, 215.074829102, 215.457962036, 215.841079712, 216.235824585], "beats_loudness": {"dmean2": 0.045227214694, "median": 0.0383227206767, "min": 3.84640735929e-10, "dvar2": 0.00429666182026, "dvar": 0.00153686839622, "dmean": 0.0257262419909, "max": 0.250048220158, "var": 0.00124516524374, "mean": 0.0465432144701}, "danceability": 1.06694400311, "bpm_histogram_second_peak_weight": {"dmean2": 0, "median": 0.0571428574622, "min": 0.0571428574622, "dvar2": 0, "dvar": 0, "dmean": 0, "max": 0.0571428574622, "var": 0, "mean": 0.0571428574622}, "beats_count": 491, "bpm_histogram_second_peak_bpm": {"dmean2": 0, "median": 129, "min": 129, "dvar2": 0, "dvar": 0, "dmean": 0, "max": 129, "var": 0, "mean": 129}, "bpm_histogram_first_peak_spread": {"dmean2": 0, "median": 0.403800487518, "min": 0.403800487518, "dvar2": 0, "dvar": 0, "dmean": 0, "max": 0.403800487518, "var": 0, "mean": 0.403800487518}, "beats_loudness_band_ratio": {"dmean2": [0.344353020191, 0.278052151203, 0.121150143445, 0.0190969742835, 0.00568380439654, 0.00956071447581], "median": [0.522714436054, 0.555725216866, 0.0490060038865, 0.00251112924889, 0.00074794300599, 0.000608759233728], "min": [0.00200087949634, 0.000657091790345, 0.000666225503664, 2.71771273219e-06, 4.52210485946e-07, 3.72690720951e-07], "dvar2": [0.0662357732654, 0.0483353883028, 0.0170899797231, 0.00157352420501, 0.000107689360448, 0.00100275478326], "dvar": [0.026666495949, 0.0193542540073, 0.00571439042687, 0.000496534106787, 4.08828309446e-05, 0.00106893538032], "dmean": [0.204656794667, 0.170938521624, 0.0662700235844, 0.0104740168899, 0.00328884739429, 0.0064697470516], "max": [0.991411626339, 0.89061653614, 0.441798716784, 0.181461453438, 0.0605976693332, 0.950036644936], "var": [0.0541664138436, 0.0432569533587, 0.00713214930147, 0.000367570377421, 4.5253742428e-05, 0.00225275242701], "mean": [0.530668497086, 0.516320586205, 0.0812492519617, 0.00871469359845, 0.00334271928295, 0.00626240158454]}}, "lowlevel": {"barkbands_spread": {"dmean2": 1.27151894569, "median": 1.82499098778, "min": 0.242954134941, "dvar2": 15.2484416962, "dvar": 6.43762350082, "dmean": 0.835501790047, "max": 135.883834839, "var": 38.230014801, "mean": 3.1035990715}, "melbands_spread": {"dmean2": 1.19555068016, "median": 2.18947291374, "min": 0.284520715475, "dvar2": 12.7377195358, "dvar": 5.59129905701, "dmean": 0.780686914921, "max": 182.280776978, "var": 60.0083580017, "mean": 3.53857684135}, "hfc": {"dmean2": 2.99243974686, "median": 7.65909719467, "min": 1.16385172454e-16, "dvar2": 17.7037715912, "dvar": 7.95673274994, "dmean": 2.01195311546, "max": 81.6020965576, "var": 40.1817054749, "mean": 9.20966815948}, "barkbands_kurtosis": {"dmean2": 16.9072055817, "median": 17.0436191559, "min": -1.93182277679, "dvar2": 858.674499512, "dvar": 325.683441162, "dmean": 10.293674469, "max": 386.646759033, "var": 1185.90649414, "mean": 26.4830055237}, "gfcc": {"mean": [-146.115112305, 173.362838745, -59.1254501343, 22.9757003784, -59.1813621521, -24.2608165741, -39.7891082764, -17.1502742767, -25.1557540894, -12.936378479, -16.8957061768, -14.3191242218, -11.013299942], "icov": [[0.000307583948597, -0.000906785018742, 0.000588735041674, -0.000687802850734, 0.000727973121684, -0.000670461624395, 0.000689367181621, -0.00077634525951, 0.000763990392443, -0.000547218252905, 0.000826979696285, -0.000221241702093, 0.000254617945757], [-0.000906785018742, 0.00423738267273, -0.00205965689383, 0.00313428300433, -0.0021155923605, 0.00330310035497, -0.00275915162638, 0.0033926309552, -0.00341880647466, 0.00249054189771, -0.00368278915994, 0.0017018977087, -0.00117305957247], [0.000588735041674, -0.00205965689383, 0.00215654377826, -0.00135942129418, 0.000803303846624, -0.0020478584338, 0.00114160927478, -0.00205224193633, 0.00128169672098, -0.00172041030601, 0.00185159430839, -7.57318121032e-05, 0.000158688169904], [-0.000687802850734, 0.00313428300433, -0.00135942129418, 0.00453007314354, -0.00140715506859, 0.00229856534861, -0.00226258486509, 0.0018758760998, -0.00326342112385, 0.000743027485441, -0.00231839600019, 0.000100779812783, -0.00156187952962], [0.000727973121684, -0.0021155923605, 0.000803303846624, -0.00140715506859, 0.00537309097126, -0.000578501319978, 0.000700061384123, -0.00176670728251, -0.000802716938779, -0.00154206727166, 0.00119013502263, 1.51302647282e-05, 3.92622350773e-05], [-0.000670461624395, 0.00330310035497, -0.0020478584338, 0.00229856534861, -0.000578501319978, 0.00733270961791, -0.00255151814781, 0.00177178904414, -0.00299800327048, 8.70630101417e-05, -0.00462522404268, -0.000632653769571, 0.000708125415258], [0.000689367181621, -0.00275915162638, 0.00114160927478, -0.00226258486509, 0.000700061384123, -0.00255151814781, 0.00738912681118, -0.0014883709373, 0.00320899370126, -0.00175246712752, 0.000216718763113, -0.00220035179518, 0.000221284164581], [-0.00077634525951, 0.0033926309552, -0.00205224193633, 0.0018758760998, -0.00176670728251, 0.00177178904414, -0.0014883709373, 0.0101153226569, -0.0030212267302, 0.00107234122697, -0.00194251956418, 0.000960267556366, 0.000529899145477], [0.000763990392443, -0.00341880647466, 0.00128169672098, -0.00326342112385, -0.000802716938779, -0.00299800327048, 0.00320899370126, -0.0030212267302, 0.0124239753932, -0.000360098259989, 0.00347289466299, 9.78705575108e-05, 0.0016303275479], [-0.000547218252905, 0.00249054189771, -0.00172041030601, 0.000743027485441, -0.00154206727166, 8.70630101417e-05, -0.00175246712752, 0.00107234122697, -0.000360098259989, 0.0128445439041, -0.000421260861913, 0.00168960646261, -0.000944796425756], [0.000826979696285, -0.00368278915994, 0.00185159430839, -0.00231839600019, 0.00119013502263, -0.00462522404268, 0.000216718763113, -0.00194251956418, 0.00347289466299, -0.000421260861913, 0.0148238567635, -0.0012732106261, 0.00143753516022], [-0.000221241702093, 0.0017018977087, -7.57318121032e-05, 0.000100779812783, 1.51302647282e-05, -0.000632653769571, -0.00220035179518, 0.000960267556366, 9.78705575108e-05, 0.00168960646261, -0.0012732106261, 0.0123720606789, -0.00205250247382], [0.000254617945757, -0.00117305957247, 0.000158688169904, -0.00156187952962, 3.92622350773e-05, 0.000708125415258, 0.000221284164581, 0.000529899145477, 0.0016303275479, -0.000944796425756, 0.00143753516022, -0.00205250247382, 0.00926788989455]], "cov": [[18210.8613281, 37.969745636, -3202.68945313, 294.978302002, -1835.82592773, -95.0390777588, -664.546630859, 65.4954452515, -557.238586426, -48.8033218384, -264.955413818, 122.754646301, -202.46105957], [37.969745636, 2341.55078125, 528.32208252, -644.552246094, 464.43081665, -419.05871582, 142.65007019, -258.78805542, 195.47303772, -197.213088989, 128.169952393, -235.54725647, 92.5685195923], [-3202.68945313, 528.32208252, 1610.0859375, -92.3059387207, 420.853393555, 100.635704041, 139.729629517, 54.5083274841, 163.778762817, 68.1436233521, 48.2792739868, -92.0797805786, 46.0649223328], [294.978302002, -644.552246094, -92.3059387207, 583.292907715, -73.5740814209, 75.5229492188, 11.9891529083, 64.8785324097, -0.993170022964, 68.7427597046, -29.7608566284, 82.3337860107, 30.7721309662], [-1835.82592773, 464.43081665, 420.853393555, -73.5740814209, 518.000305176, -89.8899078369, 81.5656738281, -22.8791007996, 147.683502197, -13.9025268555, 34.4428710938, -70.706413269, 45.2514419556], [-95.0390777588, -419.05871582, 100.635704041, 75.5229492188, -89.8899078369, 337.475524902, 41.1852264404, 61.4978637695, -22.6546783447, 62.2976341248, 37.8284416199, 62.983455658, -50.9127807617], [-664.546630859, 142.65007019, 139.729629517, 11.9891529083, 81.5656738281, 41.1852264404, 242.852615356, -24.7674541473, -4.14730978012, 7.08367013931, 57.2674751282, 25.6969146729, 26.3259315491], [65.4954452515, -258.78805542, 54.5083274841, 64.8785324097, -22.8791007996, 61.4978637695, -24.7674541473, 166.94442749, 6.44484806061, 31.9144287109, -18.0184898376, 11.0196208954, -30.7551174164], [-557.238586426, 195.47303772, 163.778762817, -0.993170022964, 147.683502197, -22.6546783447, -4.14730978012, 6.44484806061, 157.857803345, -13.4398212433, 0.376451820135, -37.735042572, 0.360366106033], [-48.8033218384, -197.213088989, 68.1436233521, 68.7427597046, -13.9025268555, 62.2976341248, 7.08367013931, 31.9144287109, -13.4398212433, 113.002891541, -11.9106740952, 11.2695007324, -1.67039895058], [-264.955413818, 128.169952393, 48.2792739868, -29.7608566284, 34.4428710938, 37.8284416199, 57.2674751282, -18.0184898376, 0.376451820135, -11.9106740952, 109.453918457, 4.021048069, -3.08078360558], [122.754646301, -235.54725647, -92.0797805786, 82.3337860107, -70.706413269, 62.983455658, 25.6969146729, 11.0196208954, -37.735042572, 11.2695007324, 4.021048069, 122.16494751, 10.7276353836], [-202.46105957, 92.5685195923, 46.0649223328, 30.7721309662, 45.2514419556, -50.9127807617, 26.3259315491, -30.7551174164, 0.360366106033, -1.67039895058, -3.08078360558, 10.7276353836, 137.023651123]]}, "spectral_energyband_middle_low": {"dmean2": 0.0115735484287, "median": 0.0244190320373, "min": 2.47961853166e-22, "dvar2": 0.000254900456639, "dvar": 0.000101020166767, "dmean": 0.00751305557787, "max": 0.155708342791, "var": 0.000314878212521, "mean": 0.0276542883366}, "melbands_crest": {"dmean2": 3.70948863029, "median": 16.7100162506, "min": 1.80707085133, "dvar2": 15.0531187057, "dvar": 5.49996757507, "dmean": 2.32824516296, "max": 33.8175773621, "var": 23.943605423, "mean": 17.2467155457}, "spectral_kurtosis": {"dmean2": 39.2844467163, "median": 23.8908481598, "min": -1.22179567814, "dvar2": 3863.59399414, "dvar": 1505.91662598, "dmean": 24.2624130249, "max": 666.196960449, "var": 5317.98339844, "mean": 55.8175010681}, "spectral_rms": {"dmean2": 0.00109966855962, "median": 0.00551551301032, "min": 3.16574370884e-12, "dvar2": 1.65621611359e-06, "dvar": 6.88560135131e-07, "dmean": 0.000734199595172, "max": 0.0175605751574, "var": 4.91171158501e-06, "mean": 0.00563145196065}, "zerocrossingrate": {"dmean2": 0.00318279676139, "median": 0.0126953125, "min": 0.00390625, "dvar2": 4.15216054535e-05, "dvar": 3.41929626302e-05, "dmean": 0.00248695048504, "max": 0.6689453125, "var": 0.00213023996912, "mean": 0.0188475307077}, "silence_rate_60dB": {"dmean2": 0.00642604706809, "median": 0, "min": 0, "dvar2": 0.00895490776747, "dvar": 0.00320206629112, "dmean": 0.00321267941035, "max": 1, "var": 0.0401153862476, "mean": 0.0418674387038}, "erbbands_kurtosis": {"dmean2": 6.51553010941, "median": 7.14741802216, "min": -1.90313065052, "dvar2": 227.869735718, "dvar": 65.5440063477, "dmean": 3.97389101982, "max": 145.317611694, "var": 147.823944092, "mean": 10.2818593979}, "erbbands": {"dmean2": [0.00793147180229, 0.389490753412, 3.01090097427, 7.48542833328, 27.2593917847, 27.8823070526, 16.8581943512, 9.28411769867, 6.74071931839, 9.50872039795, 6.99236059189, 3.52012991905, 1.78867220879, 0.96621710062, 0.681253433228, 1.02422440052, 0.94886636734, 1.61266922951, 0.856448471546, 0.482100516558, 0.478340864182, 0.571724832058, 0.895477712154, 0.369981616735, 0.570077836514, 0.477704674006, 0.833853304386, 0.914938569069, 0.428552120924, 0.203616634011, 0.101737678051, 0.0469706319273, 0.0461947992444, 0.0400441139936, 0.0341040417552, 0.00947671849281, 0.00313983648084, 0.000579174607992, 5.04668823851e-05, 1.56707410497e-05], "median": [0.00289735081606, 0.13026458025, 2.02434563637, 9.6131401062, 22.5373916626, 37.8577728271, 30.9100189209, 16.0687999725, 9.85928058624, 5.32949113846, 6.3833489418, 2.72348737717, 1.9026838541, 0.545217990875, 0.506076157093, 0.391552805901, 0.265078097582, 0.387719631195, 0.219212844968, 0.169153347611, 0.154126003385, 0.161639437079, 0.153182730079, 0.158671110868, 0.173790037632, 0.0904622003436, 0.0784091576934, 0.0799323394895, 0.0503109209239, 0.0356111824512, 0.0179195404053, 0.00700144004077, 0.00399464275688, 0.00233364268206, 0.00147388107143, 0.000435042369645, 9.98912728392e-05, 1.40925794767e-05, 1.65796700458e-05, 3.48008543369e-05], "min": [1.08409935652e-21, 5.40607887912e-21, 1.47552332264e-20, 4.05315624406e-20, 6.05605486703e-20, 2.55811969845e-20, 2.29092168441e-19, 2.52437816116e-19, 2.36924741661e-19, 7.45915700839e-19, 3.15241969413e-19, 7.451877819e-19, 2.3290655674e-18, 3.95727299589e-18, 2.68184962005e-18, 2.88257740339e-18, 3.47026875589e-18, 3.12719869876e-18, 5.28132776752e-18, 5.00412258705e-18, 4.25190066801e-18, 6.34811696093e-18, 1.08163675453e-17, 1.62086057573e-17, 1.51510983576e-17, 9.28667980934e-18, 1.03175908709e-17, 1.4509035803e-17, 1.27347267717e-17, 1.29661909322e-17, 1.52251856163e-17, 1.38166740498e-17, 8.86585994451e-18, 1.30211678373e-17, 7.70641576914e-18, 6.31775364218e-18, 3.34159398737e-18, 1.30995372032e-18, 3.49400005068e-19, 3.23770220916e-20], "dvar2": [0.000205395481316, 0.523647248745, 38.5584793091, 144.360122681, 2081.8894043, 2516.91186523, 1379.50244141, 331.292999268, 200.751907349, 655.284301758, 787.723571777, 127.571807861, 25.3983440399, 31.9196643829, 5.34010887146, 20.7011394501, 17.2596473694, 63.8173522949, 17.7847099304, 5.22184991837, 4.49490642548, 2.61078834534, 6.78430509567, 0.935762465, 3.07751345634, 6.88047599792, 89.4438095093, 121.84487915, 8.56298160553, 2.27718830109, 0.438385307789, 0.0995540097356, 0.0434655807912, 0.0511224791408, 0.0254968833178, 0.00171087298077, 0.0035608089529, 8.90106384759e-05, 8.2434276294e-08, 4.64059707328e-10], "dvar": [0.000156234091264, 0.649482190609, 24.7518749237, 51.580657959, 918.357910156, 893.828796387, 619.737731934, 139.975799561, 97.1806411743, 297.888824463, 465.123321533, 81.6731719971, 16.510843277, 35.037361145, 2.76870989799, 10.7752227783, 10.2084312439, 42.6261672974, 11.600684166, 2.47444725037, 2.81257653236, 1.51098144054, 3.82077097893, 0.611970841885, 1.59805989265, 3.08956503868, 41.5159187317, 59.4427604675, 4.75241470337, 1.35646665096, 0.278218001127, 0.061072923243, 0.0254777371883, 0.0238280966878, 0.0106757972389, 0.000781383016147, 0.00126157270279, 3.16492223646e-05, 3.20023616496e-08, 1.95281943394e-10], "dmean": [0.00607685791329, 0.33546885848, 2.27875351906, 4.6481127739, 17.9577083588, 17.6707897186, 12.1029682159, 6.05914354324, 4.6704416275, 6.47260856628, 5.48448228836, 2.96911668777, 1.4549908638, 0.878530800343, 0.522413372993, 0.785652339458, 0.740638792515, 1.29097604752, 0.66689234972, 0.357874721289, 0.361649334431, 0.433167457581, 0.665557801723, 0.277270793915, 0.411249756813, 0.331541031599, 0.549973249435, 0.637873411179, 0.307921141386, 0.15795570612, 0.073818705976, 0.033623225987, 0.0309961736202, 0.0260802991688, 0.0219057332724, 0.0062226341106, 0.00189540162683, 0.000338735699188, 2.99343719234e-05, 1.05562039607e-05], "max": [0.591718256474, 41.5861091614, 216.821182251, 97.2336730957, 527.602416992, 479.469329834, 557.791931152, 234.333114624, 310.132415771, 432.819335938, 1004.80755615, 306.659515381, 198.36958313, 350.607269287, 72.0110092163, 131.267654419, 159.276687622, 337.178405762, 154.555221558, 91.2605514526, 89.4214248657, 62.9856567383, 71.0628967285, 36.0154495239, 37.2940216064, 91.0053405762, 365.684875488, 401.661529541, 126.816795349, 86.6641921997, 38.7076034546, 19.4595336914, 9.74447631836, 8.8359003067, 3.85664534569, 0.960512459278, 2.61696076393, 0.414200246334, 0.0117672048509, 0.000412710534874], "var": [0.00315484195016, 15.4171953201, 396.76675415, 114.261039734, 2518.09228516, 2365.81616211, 2797.05664063, 803.102111816, 560.31854248, 1433.83825684, 3671.41870117, 696.349304199, 169.331680298, 392.389068604, 15.6938056946, 48.7855949402, 54.4019889832, 195.774353027, 67.959602356, 9.07352733612, 16.4695320129, 16.420923233, 33.2095947266, 4.9577703476, 7.0093793869, 11.2451353073, 58.1605644226, 88.3045272827, 10.4093780518, 3.37286829948, 0.832323312759, 0.171501919627, 0.060059260577, 0.0336430035532, 0.0131094465032, 0.00114332104567, 0.000793369661551, 2.00643535209e-05, 2.8150051179e-08, 1.23415511144e-09], "mean": [0.0183923095465, 1.07916176319, 6.81680822372, 12.1956148148, 40.9712142944, 50.9519844055, 46.9147491455, 26.1693325043, 17.1550502777, 19.011423111, 21.2441425323, 11.7481279373, 5.98660802841, 3.38319158554, 1.88374435902, 2.54404091835, 2.23201942444, 3.66147041321, 1.88999342918, 1.01851224899, 1.10517823696, 1.43075048923, 2.18167710304, 0.912592351437, 1.12623953819, 0.787419617176, 0.837626218796, 0.946097254753, 0.577226817608, 0.333986520767, 0.156020700932, 0.0607586987317, 0.0505731478333, 0.03421581164, 0.0250955112278, 0.00754952710122, 0.00177509337664, 0.00028191608726, 3.75964882551e-05, 4.17976480094e-05]}, "spectral_strongpeak": {"dmean2": 0.47122618556, "median": 0.855740725994, "min": 0, "dvar2": 0.307817846537, "dvar": 0.123081937432, "dmean": 0.284867584705, "max": 4.47250890732, "var": 0.317662358284, "mean": 0.921600520611}, "spectral_energy": {"dmean2": 0.0136502627283, "median": 0.0311814080924, "min": 1.02724813775e-20, "dvar2": 0.000317085359711, "dvar": 0.000137286886456, "dmean": 0.00924675539136, "max": 0.316083103418, "var": 0.00102288369089, "mean": 0.0375406034291}, "average_loudness": 0.889566600323, "spectral_rolloff": {"dmean2": 90.9747238159, "median": 301.46484375, "min": 107.666015625, "dvar2": 341989.28125, "dvar": 143312.140625, "dmean": 50.2947349548, "max": 19444.4824219, "var": 2226137.75, "mean": 454.064666748}, "spectral_centroid": {"dmean2": 58.9707069397, "median": 275.773895264, "min": 109.242622375, "dvar2": 35771.0625, "dvar": 22973.6621094, "dmean": 39.4452476501, "max": 11424.9492188, "var": 128718.757813, "mean": 342.618652344}, "pitch_salience": {"dmean2": 0.0982361212373, "median": 0.531578123569, "min": 0.0879728719592, "dvar2": 0.00995817687362, "dvar": 0.00381276709959, "dmean": 0.0610464625061, "max": 0.848816752434, "var": 0.0157531034201, "mean": 0.514102876186}, "spectral_energyband_middle_high": {"dmean2": 0.000115378112241, "median": 0.00012301345123, "min": 1.546489179e-21, "dvar2": 1.28105696717e-07, "dvar": 9.60641628467e-08, "dmean": 9.58588498179e-05, "max": 0.0146131617948, "var": 1.05390938643e-06, "mean": 0.000450200896012}, "spectral_contrast_coeffs": {"dmean2": [0.0741716176271, 0.0576696321368, 0.0559351742268, 0.0503430999815, 0.0465844124556, 0.0387622192502], "median": [-0.47389164567, -0.615678608418, -0.669231951237, -0.74060946703, -0.748422324657, -0.767183065414], "min": [-0.962106823921, -0.969044089317, -0.964193820953, -0.969149649143, -0.957050323486, -0.962242782116], "dvar2": [0.00416199816391, 0.00296123279259, 0.00260112457909, 0.00196576397866, 0.00191224191803, 0.00117505947128], "dvar": [0.00162931066006, 0.00123861059546, 0.00113319884986, 0.000837265397422, 0.000869616051205, 0.000552518235054], "dmean": [0.0467255748808, 0.0362013205886, 0.0354741625488, 0.0315024219453, 0.0301353596151, 0.0255535878241], "max": [-0.213883340359, -0.339112311602, -0.438426584005, -0.53199338913, -0.569280743599, -0.573795437813], "var": [0.00973848346621, 0.00719588808715, 0.00786507409066, 0.00522972317412, 0.00595470191911, 0.00529840542004], "mean": [-0.480153799057, -0.619441270828, -0.674979150295, -0.746773302555, -0.758134961128, -0.772796154022]}, "melbands_skewness": {"dmean2": 0.955471515656, "median": 2.41698217392, "min": -0.500644683838, "dvar2": 1.62611269951, "dvar": 0.62656968832, "dmean": 0.600447654724, "max": 14.375752449, "var": 2.53333568573, "mean": 2.75349712372}, "spectral_spread": {"dmean2": 865733.5, "median": 2260162.75, "min": 182044.890625, "dvar2": 1044927086590.0, "dvar": 561844060160, "dmean": 528247.9375, "max": 41113236, "var": 2537985409020.0, "mean": 2393433.25}, "dissonance": {"dmean2": 0.0617128461599, "median": 0.374780029058, "min": 0.0851606354117, "dvar2": 0.00325388717465, "dvar": 0.00130973092746, "dmean": 0.0376563742757, "max": 0.499999970198, "var": 0.00523127662018, "mean": 0.36389669776}, "spectral_skewness": {"dmean2": 1.86691391468, "median": 3.93264317513, "min": -0.1856418401, "dvar2": 5.18190717697, "dvar": 2.17919588089, "dmean": 1.16751468182, "max": 22.9291610718, "var": 11.5296974182, "mean": 5.17943906784}, "spectral_flux": {"dmean2": 0.0420172810555, "median": 0.0446848534048, "min": 1.02428947268e-10, "dvar2": 0.00228837970644, "dvar": 0.000943088089116, "dmean": 0.0261930897832, "max": 0.389091193676, "var": 0.00163638347294, "mean": 0.0560231618583}, "spectral_contrast_valleys": {"dmean2": [0.724143385887, 0.534599661827, 0.66791510582, 0.681776225567, 0.770882546902, 0.761469662189], "median": [-7.50701713562, -7.2904958725, -9.71463489532, -10.3948307037, -10.3866605759, -12.825633049], "min": [-27.6047935486, -27.4152812958, -27.1893749237, -27.1774845123, -27.5047950745, -27.2600078583], "dvar2": [0.458363056183, 0.290937125683, 0.41815674305, 0.437997192144, 0.699500262737, 0.624140322208], "dvar": [0.214091956615, 0.131922587752, 0.176749125123, 0.180349200964, 0.285379827023, 0.257201075554], "dmean": [0.478051960468, 0.336012721062, 0.411004662514, 0.421941280365, 0.493917673826, 0.472799301147], "max": [-5.2817029953, -5.1600856781, -6.54737186432, -6.88255262375, -7.57488203049, -8.42524433136], "var": [2.05551743507, 2.18309950829, 1.66083419323, 1.5204898119, 1.70089769363, 1.42456197739], "mean": [-7.6676235199, -7.5548491478, -9.83959007263, -10.4883575439, -10.4606990814, -12.8195667267]}, "erbbands_flatness_db": {"dmean2": 0.0389415882528, "median": 0.281872630119, "min": 0.0322804711759, "dvar2": 0.00202759285457, "dvar": 0.00087433878798, "dmean": 0.0257712416351, "max": 0.513593912125, "var": 0.00603351229802, "mean": 0.292580604553}, "spectral_energyband_high": {"dmean2": 4.50934421679e-05, "median": 8.69630184752e-06, "min": 7.07013887769e-21, "dvar2": 1.39823313816e-07, "dvar": 7.73151214162e-08, "dmean": 3.25086948578e-05, "max": 0.0135095445439, "var": 1.53022213567e-07, "mean": 5.89283481531e-05}, "spectral_entropy": {"dmean2": 0.392006456852, "median": 5.43672466278, "min": 3.34358334541, "dvar2": 0.202413111925, "dvar": 0.081099614501, "dmean": 0.246390283108, "max": 9.81428527832, "var": 0.549885809422, "mean": 5.44956970215}, "silence_rate_20dB": {"dmean2": 0, "median": 1, "min": 1, "dvar2": 0, "dvar": 0, "dmean": 0, "max": 1, "var": 0, "mean": 1}, "melbands_flatness_db": {"dmean2": 0.0478724464774, "median": 0.433748215437, "min": 0.00389839219861, "dvar2": 0.00277674687095, "dvar": 0.00124348304234, "dmean": 0.0316985584795, "max": 0.901149213314, "var": 0.015115685761, "mean": 0.449633836746}, "barkbands": {"dmean2": [7.54600887376e-06, 0.00120253534988, 0.00300197256729, 0.0037206467241, 0.00865188334137, 0.00143337831832, 0.000460199953523, 0.000397923635319, 0.000152252978296, 4.17605988332e-05, 1.39029016282e-05, 2.87556213152e-05, 2.46359668381e-05, 3.11311559926e-05, 1.58801412908e-05, 8.71184329299e-06, 1.31631031763e-05, 1.64189914358e-05, 9.22119579627e-06, 1.16289347716e-05, 2.48817814281e-05, 1.11196122816e-05, 3.97884923586e-06, 2.32955449064e-06, 4.49892240795e-06, 1.54147926423e-06, 2.53953430729e-07], "median": [2.51361939263e-06, 0.000292178767268, 0.00217450247146, 0.00331540871412, 0.0126216541976, 0.00277668680064, 0.000507548451424, 0.000242395646637, 0.00010337276035, 2.0023471734e-05, 5.57410385227e-06, 7.97829943622e-06, 3.95579172618e-06, 6.73109479976e-06, 4.22623543272e-06, 2.06722347684e-06, 2.76927107734e-06, 2.55856730291e-06, 3.3941332731e-06, 1.97191229745e-06, 1.92747074834e-06, 1.35874438456e-06, 7.0318071721e-07, 2.5745814014e-07, 2.15736221776e-07, 6.11917982951e-08, 3.07952752188e-09], "min": [6.57893941635e-24, 2.88580907021e-23, 1.49026963712e-23, 1.12604245976e-23, 1.32064434766e-23, 4.34475682732e-23, 2.22915131306e-23, 3.12479101046e-23, 4.50589144909e-23, 8.148179631e-23, 6.74425208213e-23, 6.03701114378e-23, 6.71636868903e-23, 6.28246111236e-23, 1.14446513869e-22, 5.13824045745e-23, 7.79376840765e-23, 2.13752931566e-22, 3.63127795559e-22, 1.85848788268e-22, 3.17198420391e-22, 3.85734100478e-22, 4.58658977399e-22, 6.10632412323e-22, 1.16254247325e-21, 1.77805421115e-21, 2.2949653536e-21], "dvar2": [1.26844090786e-10, 4.99596990267e-06, 3.82095568057e-05, 3.62015452993e-05, 0.000187989033293, 9.15654072742e-06, 1.04223931885e-06, 1.39233782193e-06, 2.35624284528e-07, 2.5080723276e-08, 3.33668270791e-09, 1.63978199907e-08, 1.3213326433e-08, 2.140857269