{"tonal": {"thpcp": [1, 0.724046349525, 0.301478922367, 0.225232899189, 0.249270945787, 0.325242549181, 0.49893155694, 0.630823731422, 0.553969681263, 0.35458984971, 0.260664075613, 0.288548052311, 0.323337495327, 0.26191163063, 0.298173516989, 0.401706188917, 0.321069777012, 0.170190244913, 0.119506902993, 0.281669616699, 0.501861512661, 0.43464294076, 0.293905377388, 0.280154079199, 0.207575529814, 0.12684482336, 0.159583926201, 0.193353101611, 0.220596402884, 0.414341956377, 0.481795549393, 0.319959789515, 0.186718285084, 0.136209860444, 0.273119390011, 0.68209373951], "hpcp": {"dmean2": [0.3194462955, 0.341995209455, 0.34109634161, 0.238741651177, 0.161864310503, 0.174286663532, 0.216492757201, 0.305480569601, 0.307306349277, 0.295648723841, 0.224583059549, 0.177794054151, 0.183973103762, 0.209353834391, 0.18355037272, 0.168739020824, 0.192557141185, 0.17147821188, 0.105482876301, 0.101620242, 0.160728037357, 0.184889927506, 0.206830829382, 0.160346657038, 0.141075640917, 0.108139790595, 0.0811371430755, 0.101832583547, 0.121198914945, 0.135953590274, 0.206902682781, 0.226041808724, 0.167030915618, 0.124531239271, 0.114407047629, 0.201166018844], "median": [0.180918172002, 0.309762358665, 0.177280202508, 0.0499782785773, 0.0146993612871, 0.0183524619788, 0.0574981421232, 0.109000399709, 0.120416015387, 0.0929217934608, 0.0476232357323, 0.0281463861465, 0.0402275249362, 0.0378402173519, 0.0352489948273, 0.0464893393219, 0.0700123459101, 0.0598207563162, 0.0211793873459, 0.00796462316066, 0.0213884487748, 0.0588107407093, 0.0686715617776, 0.0479909703135, 0.027407001704, 0.017760630697, 0.0157538503408, 0.0316983014345, 0.0422253906727, 0.0521769039333, 0.0781205147505, 0.089443385601, 0.048732817173, 0.0204952377826, 0.0149547075853, 0.0380656458437], "min": [0, 0, 0, 0, 0, 0, 0, 0, 0, 0, 0, 0, 0, 0, 0, 0, 0, 0, 0, 0, 0, 0, 0, 0, 0, 0, 0, 0, 0, 0, 0, 0, 0, 0, 0, 0], "dvar2": [0.119108885527, 0.131126344204, 0.13176009059, 0.096940279007, 0.0800589770079, 0.0921080037951, 0.0898755192757, 0.128976896405, 0.131820380688, 0.126438558102, 0.0904124230146, 0.0817518681288, 0.0763864219189, 0.0967604666948, 0.0738201588392, 0.0590190328658, 0.0683653950691, 0.0587183088064, 0.0362045504153, 0.0468984656036, 0.0694408416748, 0.0713131725788, 0.078422807157, 0.0553466305137, 0.0579857453704, 0.0390434451401, 0.0250962693244, 0.0286399703473, 0.0362003035843, 0.0357676818967, 0.0737927183509, 0.0847419649363, 0.0618079230189, 0.0520179606974, 0.0462954603136, 0.0803194642067], "dvar": [0.0446464605629, 0.0503104403615, 0.0502359196544, 0.0343478545547, 0.0286841355264, 0.0323267243803, 0.031792588532, 0.0458225011826, 0.0491043403745, 0.0470118150115, 0.033364828676, 0.0297950468957, 0.0283490289003, 0.0361195318401, 0.0269486028701, 0.0214011333883, 0.0255479458719, 0.0217291601002, 0.0129365446046, 0.016391992569, 0.0253213625401, 0.0295112729073, 0.029269117862, 0.0201575011015, 0.0223653074354, 0.0147258732468, 0.00934350676835, 0.0105748185888, 0.013127126731, 0.0130274696276, 0.0279053598642, 0.0330818556249, 0.0233217384666, 0.0189055465162, 0.0165956187993, 0.0294507201761], "dmean": [0.187178507447, 0.195766538382, 0.199137941003, 0.134333878756, 0.0911372080445, 0.0983476415277, 0.123101867735, 0.175921425223, 0.178265333176, 0.171368777752, 0.129521265626, 0.102542035282, 0.106194399297, 0.121998555958, 0.105229973793, 0.097389832139, 0.111494332552, 0.100028589368, 0.0601387806237, 0.0566575527191, 0.0933678895235, 0.110709309578, 0.12291636318, 0.0937438905239, 0.0831491723657, 0.0636209398508, 0.0473180860281, 0.0588470287621, 0.0699870809913, 0.0787887200713, 0.122312732041, 0.132872238755, 0.0977350324392, 0.07049497962, 0.0634983107448, 0.114475719631], "max": [1, 1, 1, 1, 1, 1, 1, 1, 1, 1, 1, 1, 1, 1, 1, 1, 1, 1, 1, 1, 1, 1, 1, 1, 1, 1, 1, 1, 1, 1, 1, 1, 1, 1, 1, 1], "var": [0.0913553982973, 0.145334303379, 0.105850331485, 0.0367112904787, 0.0403390005231, 0.0447884611785, 0.0420900098979, 0.066035233438, 0.103541836143, 0.0919768437743, 0.0539370588958, 0.0412085056305, 0.0428367331624, 0.0512533076108, 0.0333256162703, 0.0394368246198, 0.0609529539943, 0.0397696010768, 0.0234457794577, 0.016165247187, 0.0468001924455, 0.0970333367586, 0.0647090300918, 0.0364889763296, 0.048445854336, 0.029945416376, 0.0142066366971, 0.0131636420265, 0.0157068111002, 0.0159365274012, 0.0560933426023, 0.0738022550941, 0.0456958115101, 0.0273011103272, 0.0155692873523, 0.0351573005319], "mean": [0.296675890684, 0.434948861599, 0.314923137426, 0.131127908826, 0.0979647934437, 0.108420111239, 0.141463875771, 0.217009708285, 0.274376064539, 0.240948483348, 0.154228448868, 0.113375537097, 0.125503644347, 0.140635281801, 0.113918162882, 0.129690229893, 0.174721643329, 0.139648929238, 0.0740240514278, 0.051979392767, 0.12251187861, 0.218284100294, 0.189047455788, 0.127833813429, 0.121852695942, 0.090284742415, 0.0551710091531, 0.0694108456373, 0.0840987116098, 0.0959481522441, 0.180217564106, 0.209556430578, 0.139166146517, 0.0812129080296, 0.0592443235219, 0.118792966008]}, "tuning_equal_tempered_deviation": 0.237674057484, "chords_changes_rate": 0.04471937567, "key_key": "A", "tuning_diatonic_strength": 0.665458261967, "key_scale": "minor", "chords_number_rate": 0.00103099422995, "tuning_frequency": 434.193115234, "tuning_nontempered_energy_ratio": 0.921181917191, "chords_histogram": [7.79045057297, 9.11141204834, 5.5609254837, 14.7303304672, 6.45660161972, 20.4845676422, 2.37128686905, 9.49803447723, 1.23074936867, 2.02332615852, 0.560603141785, 1.44983565807, 0.52194082737, 0.998775720596, 0.702364861965, 0.502609729767, 0.824795424938, 1.20497453213, 1.96533286572, 0.934338569641, 4.05953979492, 0.960113406181, 4.8907790184, 1.16631221771], "key_strength": 0.599827766418, "chords_key": "D", "chords_strength": {"dmean2": 0.00833168625832, "median": 0.549813508987, "min": -1, "dvar2": 0.000310406583594, "dvar": 0.000168631187989, "dmean": 0.00731896050274, "max": 0.876128792763, "var": 0.0141616519541, "mean": 0.547452688217}, "chords_scale": "major", "hpcp_entropy": {"dmean2": 0.989611923695, "median": 2.31799030304, "min": 0, "dvar2": 0.607343733311, "dvar": 0.207803487778, "dmean": 0.577665686607, "max": 4.65779829025, "var": 0.428511917591, "mean": 2.28606033325}}, "metadata": {"audio_properties": {"equal_loudness": 0, "codec": "flac", "downmix": "mix", "sample_rate": 44100, "analysis_sample_rate": 44100, "bit_rate": 0, "md5_encoded": "1b70cbde2e28984bcb6faba7ba1dadf2", "length": 720.653320312, "replay_gain": -8.08825302124, "lossless": true}, "version": {"essentia_build_sha": "70f2e5ece6736b2c40cc944ad0e695b16b925413", "essentia": "2.1-beta2", "extractor": "music 1.0", "essentia_git_sha": "v2.1_beta2"}, "tags": {"title": ["Sandman"], "language": ["eng"], "media": ["CD"], "albumartist": ["Disturbed Earth"], "tracktotal": ["7"], "musicbrainz_releasegroupid": ["79d246f2-fe0f-412a-8c8c-ec0fd7437b8c"], "releasetype": ["album"], "musicbrainz_recordingid": ["10c9b34e-6c87-4df4-9f61-14388a1bb332"], "musicbrainz_albumartistid": ["9d8684b0-0edd-480c-ba2a-9503e0ec4550"], "musicbrainz_releasetrackid": ["5c0b69e1-ae86-356e-a87a-05dbc860f2c0"], "discnumber": ["1"], "totaldiscs": ["1"], "album": ["Ghosts of Carthage"], "catalognumber": ["AW2012"], "releasecountry": ["US"], "file_name": "07_Sandman.flac", "albumartistsort": ["Disturbed Earth"], "date": ["2009"], "genre": ["Ambient"], "disctotal": ["1"], "musicbrainz_artistid": ["9d8684b0-0edd-480c-ba2a-9503e0ec4550"], "originaldate": ["2009"], "musicbrainz_albumid": ["e2341067-c465-46ba-9827-c8b7f60ebea4"], "tracknumber": ["7"], "artistsort": ["Disturbed Earth"], "artist": ["Disturbed Earth"], "label": ["Atmo Works"], "releasestatus": ["official"], "acoustid_id": ["c696f072-118c-4ed2-9923-df8248273309"], "script": ["Latn"], "totaltracks": ["7"]}}, "rhythm": {"bpm_histogram_first_peak_bpm": {"dmean2": 0, "median": 115, "min": 115, "dvar2": 0, "dvar": 0, "dmean": 0, "max": 115, "var": 0, "mean": 115}, "bpm": 113.93775177, "bpm_histogram_second_peak_spread": {"dmean2": 0, "median": 0.542372882366, "min": 0.542372882366, "dvar2": 0, "dvar": 0, "dmean": 0, "max": 0.542372882366, "var": 0, "mean": 0.542372882366}, "bpm_histogram_first_peak_weight": {"dmean2": 0, "median": 0.0818242803216, "min": 0.0818242803216, "dvar2": 0, "dvar": 0, "dmean": 0, "max": 0.0818242803216, "var": 0, "mean": 0.0818242803216}, "onset_rate": 0.83117544651, "beats_position": [0.53405892849, 1.07972788811, 1.62539684772, 2.17106580734, 2.71673464775, 3.27401351929, 3.83129239082, 4.38857126236, 4.91102027893, 5.4334692955, 5.9675283432, 6.48997735977, 7.01242637634, 7.56970500946, 8.12698364258, 8.68426322937, 9.24154186249, 9.79882049561, 10.3560991287, 10.8553285599, 11.3429479599, 11.8305664062, 12.3297958374, 12.8290243149, 13.328253746, 13.8274831772, 14.3267116547, 14.8259410858, 15.3251695633, 15.8243989944, 16.3236274719, 16.8460769653, 17.3685264587, 17.9025840759, 18.4250335693, 18.9590930939, 19.4815406799, 20.0039901733, 20.5264396667, 21.0604991913, 21.5829467773, 22.1170063019, 22.6046257019, 23.0922451019, 23.5682544708, 24.0558719635, 24.5318813324, 25.0195007324, 25.5071201324, 25.9947395325, 26.470746994, 26.9467563629, 27.4227657318, 27.8987751007, 28.4212245941, 28.9436721802, 29.4661216736, 29.988571167, 30.5110206604, 31.0218582153, 31.5559177399, 32.0899772644, 32.6240348816, 33.1580963135, 33.6921539307, 34.2262115479, 34.7602729797, 35.2943305969, 35.8516082764, 36.397277832, 36.9429473877, 37.4770050049, 38.0110664368, 38.545124054, 39.0791816711, 39.613243103, 40.1473007202, 40.6813583374, 41.2154197693, 41.7843093872, 42.3648071289, 42.9336967468, 43.4909744263, 44.0366439819, 44.5823135376, 45.139591217, 45.6852607727, 46.2309303284, 46.7765960693, 47.322265625, 47.8795471191, 48.4252128601, 48.9708824158, 49.5165519714, 50.0506095886, 50.5266189575, 51.0026283264, 51.4786376953, 52.0126991272, 52.5351448059, 53.0575942993, 53.5684356689, 54.0792732239, 54.5901107788, 55.0777320862, 55.5537414551, 56.029750824, 56.5173683167, 56.9933776855, 57.4809951782, 58.0498847961, 58.6187744141, 59.187664032, 59.7681617737, 60.3370513916, 60.9059410095, 61.463218689, 62.0204963684, 62.5661659241, 63.1118354797, 63.6575050354, 64.2031707764, 64.748840332, 65.3061218262, 65.8053512573, 66.3045806885, 66.8038101196, 67.2914276123, 67.7906570435, 68.2898864746, 68.6962356567, 69.1025848389, 69.508934021, 69.9152832031, 70.3100204468, 70.7163696289, 71.1111068726, 71.5058517456, 71.9122009277, 72.3069381714, 72.701675415, 73.1312484741, 73.5724258423, 74.001991272, 74.5128326416, 75.0236740112, 75.5229034424, 76.0801773071, 76.6374588013, 77.1947402954, 77.7404098511, 78.2744674683, 78.7620849609, 79.2497024536, 79.7373199463, 80.2249450684, 80.6661224365, 81.1072998047, 81.5484771729, 82.012878418, 82.4772796631, 82.9416732788, 83.3828582764, 83.8240356445, 84.2652130127, 84.7063903809, 85.1475753784, 85.5771408081, 86.0067138672, 86.4478912354, 86.8890686035, 87.3302459717, 87.7598190308, 88.1893844604, 88.6305618286, 89.0717468262, 89.5245361328, 89.9773254395, 90.4185028076, 90.8596801758, 91.3008575439, 91.7420425415, 92.1948318481, 92.6360092163, 93.0771865845, 93.5299758911, 93.9711532593, 94.4239425659, 94.8767318726, 95.3295211792, 95.7823104858, 96.223487854, 96.6646728516, 97.1174621582, 97.5586395264, 98.011428833, 98.4642181396, 98.9170074463, 99.3581848145, 99.8690261841, 100.379859924, 100.902313232, 101.424758911, 101.947212219, 102.469657898, 102.980499268, 103.491333008, 103.990562439, 104.501403809, 105.012245178, 105.534690857, 106.057144165, 106.579589844, 107.113647461, 107.647705078, 108.181770325, 108.715827942, 109.249885559, 109.772331238, 110.294784546, 110.817230225, 111.351287842, 111.896957397, 112.431015015, 112.988296509, 113.533966064, 114.07963562, 114.555641174, 115.031654358, 115.507659912, 115.995285034, 116.482902527, 116.97052002, 117.492965698, 118.027030945, 118.561088562, 119.083534241, 119.605987549, 120.128433228, 120.650878906, 121.173332214, 121.695777893, 122.218231201, 122.74067688, 123.263130188, 123.785575867, 124.308021545, 124.876914978, 125.445800781, 126.014694214, 126.548751831, 127.082809448, 127.616867065, 128.150924683, 128.6849823, 129.219039917, 129.753097534, 130.28717041, 130.821228027, 131.355285645, 131.889343262, 132.33052063, 132.771697998, 133.224487305, 133.677276611, 134.095230103, 134.513198853, 134.931152344, 135.395553589, 135.859954834, 136.324356079, 136.777145386, 137.229934692, 137.682723999, 138.135513306, 138.588302612, 139.041091919, 139.493881226, 139.935058594, 140.376235962, 140.805801392, 141.235366821, 141.66494751, 142.094512939, 142.524078369, 142.953643799, 143.383224487, 143.812789917, 144.277191162, 144.741577148, 145.205978394, 145.6587677, 146.111557007, 146.564346313, 147.01713562, 147.469924927, 147.922714233, 148.37550354, 148.863128662, 149.362350464, 149.849975586, 150.430480957, 150.999359131, 151.568252563, 152.148742676, 152.717636108, 153.286529541, 153.855422974, 154.435913086, 154.99319458, 155.550476074, 156.09614563, 156.641815186, 157.187484741, 157.686706543, 158.197555542, 158.708389282, 159.219223022, 159.730072021, 160.240905762, 160.751739502, 161.262588501, 161.773422241, 162.249435425, 162.72543335, 163.201446533, 163.677459717, 164.1534729, 164.629470825, 165.140319824, 165.651153564, 166.161987305, 166.684448242, 167.206893921, 167.7293396, 168.251785278, 168.774230957, 169.296691895, 169.819137573, 170.341583252, 170.875640869, 171.340042114, 171.792831421, 172.245620728, 172.663574219, 173.081542969, 173.49949646, 173.917449951, 174.335418701, 174.753372192, 175.171340942, 175.577682495, 175.984039307, 176.390380859, 176.796737671, 177.203079224, 177.609436035, 178.027389526, 178.422134399, 178.828475952, 179.234832764, 179.629562378, 180.024307251, 180.419036865, 180.813781738, 181.208526611, 181.603256226, 181.998001099, 182.392745972, 182.799087524, 183.205444336, 183.611785889, 184.0181427, 184.424484253, 184.830841064, 185.225570679, 185.63192749, 186.038269043, 186.433013916, 186.839355469, 187.24571228, 187.652053833, 188.058410645, 188.453155518, 188.975601196, 189.498046875, 190.008880615, 190.531341553, 191.053787231, 191.57623291, 192.156738281, 192.748840332, 193.352554321, 193.956283569, 194.571609497, 195.175323486, 195.779037476, 196.382766724, 196.986480713, 197.590194702, 198.182312012, 198.774414062, 199.366531372, 199.958633423, 200.550750732, 201.154464722, 201.758178711, 202.338684082, 202.919174194, 203.499679565, 204.033737183, 204.5677948, 205.101852417, 205.624298096, 206.146759033, 206.669204712, 207.191650391, 207.714096069, 208.259765625, 208.793823242, 209.339492798, 209.896774292, 210.454055786, 210.999725342, 211.61505127, 212.218765259, 212.88053894, 213.530700684, 214.180862427, 214.831008911, 215.481170654, 216.119720459, 216.758270264, 217.269119263, 217.791564941, 218.31401062, 218.778411865, 219.24281311, 219.707214355, 220.171600342, 220.624389648, 221.077178955, 221.5415802, 222.017593384, 222.481994629, 222.958007812, 223.422393799, 223.886795044, 224.351196289, 224.76914978, 225.18711853, 225.61668396, 226.04624939, 226.487426758, 226.928619385, 227.358184814, 227.787750244, 228.228927612, 228.67010498, 229.111282349, 229.552474976, 230.005249023, 230.574142456, 231.13142395, 231.688705444, 232.245986938, 232.803268433, 233.430206299, 234.068756104, 234.707290649, 235.345840454, 235.984390259, 236.506851196, 237.029296875, 237.540130615, 238.050964355, 238.561813354, 239.072647095, 239.583480835, 240.105941772, 240.628387451, 241.139221191, 241.65007019, 242.160903931, 242.718185425, 243.275466919, 243.844345093, 244.413238525, 244.982131958, 245.56262207, 246.131515503, 246.688796997, 247.246078491, 247.803344727, 248.325805664, 248.836639404, 249.359085083, 249.881530762, 250.403991699, 250.926437378, 251.448883057, 251.971328735, 252.493789673, 252.85369873, 253.213607788, 253.573516846, 253.933425903, 254.281723022, 254.64163208, 255.001541138, 255.349838257, 255.698135376, 256.046447754, 256.406341553, 256.766265869, 257.126159668, 257.486083984, 257.845977783, 258.2059021, 258.565795898, 258.902496338, 259.23916626, 259.575866699, 259.900939941, 260.237640381, 260.57434082, 260.922637939, 261.270935059, 261.735321045, 262.188110352, 262.640899658, 263.093688965, 263.558105469, 264.010864258, 264.463653564, 264.916442871, 265.380859375, 265.845245361, 266.321258545, 266.808898926, 267.296508789, 267.784118652, 268.271728516, 268.759368896, 269.23538208, 269.722991943, 270.210601807, 270.616943359, 271.02331543, 271.441253662, 271.847625732, 272.253967285, 272.660308838, 273.066650391, 273.473022461, 273.879364014, 274.297332764, 274.703674316, 275.110015869, 275.516357422, 275.922729492, 276.329071045, 276.723815918, 277.130157471, 277.524902344, 277.89642334, 278.267944336, 278.639465332, 279.010955811, 279.382476807, 279.742401123, 280.102294922, 280.473815918, 280.845336914, 281.21685791, 281.588378906, 281.959899902, 282.331420898, 282.691345215, 283.051239014, 283.41116333, 283.771057129, 284.119354248, 284.467651367, 284.815948486, 285.152648926, 285.512542725, 285.872467041, 286.22076416, 286.569061279, 286.917358398, 287.265655518, 287.613952637, 287.962249756, 288.322174072, 288.682067871, 289.041992188, 289.401885986, 289.773406982, 290.133331299, 290.493225098, 290.853149414, 291.213043213, 291.572967529, 291.932861328, 292.292785645, 292.652679443, 293.024200439, 293.384124756, 293.744018555, 294.103942871, 294.498687744, 294.893432617, 295.288146973, 295.682891846, 296.135681152, 296.588470459, 297.041259766, 297.50567627, 297.970062256, 298.434448242, 298.771148682, 299.107849121, 299.444519043, 299.781219482, 300.117919922, 300.454589844, 300.791290283, 301.127990723, 301.464660645, 301.801361084, 302.138031006, 302.474731445, 302.811431885, 303.159729004, 303.496398926, 303.833099365, 304.169799805, 304.518096924, 304.854766846, 305.203063965, 305.539764404, 305.876464844, 306.213134766, 306.549835205, 306.886535645, 307.211608887, 307.617950439, 308.035919189, 308.453857422, 308.860229492, 309.266571045, 309.672912598, 310.07925415, 310.485626221, 310.891967773, 311.309936523, 311.716278076, 312.122619629, 312.528961182, 312.935333252, 313.341674805, 313.701568604, 314.0730896, 314.433013916, 314.792907715, 315.141204834, 315.489532471, 315.84942627, 316.209350586, 316.580841064, 316.952362061, 317.335510254, 317.71862793, 318.113372803, 318.508117676, 318.891235352, 319.274383545, 319.6690979, 320.063842773, 320.458587646, 320.841705322, 321.224853516, 321.607971191, 322.002716064, 322.38583374, 322.838623047, 323.291412354, 323.74420166, 324.196990967, 324.649780273, 325.10256958, 325.566986084, 326.03137207, 326.495788574, 326.983398438, 327.471008301, 327.958648682, 328.446258545, 328.933868408, 329.421478271, 329.920715332, 330.419952393, 330.919189453, 331.430023193, 331.929260254, 332.440093994, 332.950927734, 333.461761475, 333.972595215, 334.390563965, 334.808532715, 335.226470947, 335.644439697, 336.062408447, 336.48034668, 336.89831543, 337.339508057, 337.769073486, 338.198638916, 338.628204346, 339.057769775, 339.475738525, 339.905303955, 340.334869385, 340.764434814, 341.194000244, 341.611968994, 342.018310547, 342.4246521, 342.84262085, 343.2605896, 343.666931152, 344.073272705, 344.479644775, 344.885986328, 345.292327881, 345.698669434, 346.116638184, 346.534606934, 346.952545166, 347.382110596, 347.904571533, 348.427032471, 348.961090088, 349.495147705, 350.029205322, 350.563262939, 351.050872803, 351.526885986, 352.01449585, 352.490509033, 352.966522217, 353.45413208, 353.930145264, 354.406158447, 354.882171631, 355.358184814, 355.845794678, 356.333404541, 356.855865479, 357.378326416, 357.900756836, 358.330322266, 358.759887695, 359.201080322, 359.642272949, 360.083435059, 360.524627686, 360.965789795, 361.395355225, 361.824951172, 362.266113281, 362.707305908, 363.148468018, 363.589660645, 364.030822754, 364.472015381, 364.91317749, 365.354370117, 365.900024414, 366.457305908, 367.002990723, 367.571868896, 368.129150391, 368.686431885, 369.243713379, 369.800994873, 370.358276367, 370.915557861, 371.472839355, 372.03012085, 372.575775146, 373.06338501, 373.551025391, 374.038635254, 374.537872314, 375.037078857, 375.536315918, 376.035552979, 376.546386719, 377.057220459, 377.579681396, 378.102111816, 378.624572754, 379.147033691, 379.669464111, 380.180297852, 380.598266602, 381.004608154, 381.410980225, 381.817321777, 382.22366333, 382.64163208, 383.059570312, 383.465942383, 383.872283936, 384.290252686, 384.708190918, 385.126159668, 385.532501221, 385.950469971, 386.368438721, 386.751556396, 387.134674072, 387.506195068, 387.866119385, 388.214416504, 388.562713623, 388.911010742, 389.270935059, 389.642456055, 390.013946533, 390.37387085, 390.733764648, 391.093688965, 391.465209961, 391.836730957, 392.208251953, 392.672637939, 393.137054443, 393.60144043, 394.077453613, 394.553466797, 395.017852783, 395.482269287, 395.946655273, 396.411071777, 396.887054443, 397.363067627, 397.839080811, 398.326690674, 398.802703857, 399.290344238, 399.766326904, 400.242340088, 400.718353271, 401.194366455, 401.670379639, 402.146392822, 402.622406006, 403.028747559, 403.423492432, 403.818237305, 404.21295166, 404.607696533, 405.002441406, 405.397186279, 405.791931152, 406.175048828, 406.558166504, 406.941314697, 407.324432373, 407.707580566, 408.090698242, 408.473815918, 408.868560791, 409.251678467, 409.623199463, 410.006347656, 410.389465332, 410.772613525, 411.167327881, 411.550476074, 411.93359375, 412.328338623, 412.711456299, 413.164245605, 413.628662109, 414.093048096, 414.5574646, 415.07989502, 415.59072876, 416.101593018, 416.612426758, 417.123260498, 417.645721436, 418.168151855, 418.690612793, 419.213043213, 419.73550415, 420.257965088, 420.780395508, 421.302856445, 421.825286865, 422.405792236, 422.986297607, 423.566802979, 424.14730835, 424.727783203, 425.296691895, 425.865570068, 426.434448242, 426.980133057, 427.525787354, 428.152740479, 428.779663086, 429.418212891, 430.056762695, 430.68371582, 431.322265625, 431.96081543, 432.599365234, 433.237915039, 433.876464844, 434.468566895, 435.072296143, 435.664398193, 436.256500244, 436.860229492, 437.440704346, 438.021209717, 438.613311768, 439.205444336, 439.785919189, 440.296783447, 440.807617188, 441.330047607, 441.782836914, 442.235626221, 442.700042725, 443.164428711, 443.628845215, 444.081634521, 444.534423828, 444.987213135, 445.428375244, 445.892791748, 446.357177734, 446.821594238, 447.274353027, 447.750366211, 448.238006592, 448.714019775, 449.224853516, 449.747283936, 450.269744873, 450.780578613, 451.279815674, 451.767425537, 452.2550354, 452.754272461, 453.241882324, 453.671478271, 454.112640381, 454.553833008, 454.97177124, 455.38973999, 455.796081543, 456.202453613, 456.597167969, 456.991912842, 457.386657715, 457.792999268, 458.199371338, 458.605712891, 459.012054443, 459.499664307, 459.987304688, 460.48651123, 460.985748291, 461.496582031, 462.007415771, 462.506652832, 463.005889893, 463.516723633, 463.992736816, 464.46875, 464.944763184, 465.327880859, 465.699401855, 466.082519531, 466.465667725, 466.8487854, 467.231933594, 467.603424072, 467.986572266, 468.369689941, 468.764434814, 469.159179688, 469.553924561, 469.937042236, 470.320159912, 470.703308105, 471.109649658, 471.515991211, 471.922363281, 472.328704834, 472.746643066, 473.164611816, 473.570953369, 473.977325439, 474.383666992, 474.790008545, 475.196350098, 475.683990479, 476.171600342, 476.659210205, 477.146850586, 477.634460449, 478.122070312, 478.702575684, 479.271453857, 479.840362549, 480.409240723, 480.978118896, 481.535400391, 482.081085205, 482.638366699, 483.207244873, 483.776123047, 484.345031738, 484.925537109, 485.506011963, 486.086517334, 486.655395508, 487.212677002, 487.769958496, 488.338867188, 488.907745361, 489.430206299, 489.964263916, 490.428649902, 490.893066406, 491.357452393, 491.821838379, 492.216583252, 492.611328125, 493.006072998, 493.412414551, 493.818756104, 494.213500977, 494.60824585, 495.002990723, 495.397735596, 495.792449951, 496.187194824, 496.605163574, 497.011505127, 497.41784668, 497.812591553, 498.207336426, 498.602081299, 498.996826172, 499.403167725, 499.809509277, 500.20425415, 500.610595703, 501.005340576, 501.388458252, 501.771606445, 502.177947998, 502.642333984, 503.106750488, 503.571136475, 504.105194092, 504.650878906, 505.196533203, 505.742218018, 506.299499512, 506.821929932, 507.344390869, 507.866851807, 508.44732666, 509.039459229, 509.631561279, 510.246887207, 510.862213135, 511.477539062, 512.092895508, 512.708190918, 513.323547363, 513.938842773, 514.496154785, 515.053405762, 515.622314453, 516.109924316, 516.5859375, 517.061950684, 517.537963867, 518.013977051, 518.501586914, 518.989196777, 519.476806641, 519.964416504, 520.452026367, 520.939697266, 521.438903809, 521.984558105, 522.518615723, 523.05267334, 523.540283203, 524.027954102, 524.50390625, 524.979919434, 525.467590332, 525.955200195, 526.454406738, 526.953613281, 527.452880859, 527.952087402, 528.439697266, 528.938964844, 529.449768066, 529.972229004, 530.483093262, 531.005493164, 531.539611816, 532.073669434, 532.596069336, 533.118530273, 533.582946777, 534.035705566, 534.50012207, 534.964538574, 535.394104004, 535.823669434, 536.264831543, 536.682800293, 537.100769043, 537.518737793, 537.948303223, 538.377868652, 538.807434082, 539.225402832, 539.631713867, 540.049682617, 540.467651367, 540.874023438, 541.257141113, 541.640258789, 542.023376465, 542.418151855, 542.801269531, 543.195983887, 543.579101562, 543.962280273, 544.345397949, 544.716918945, 545.088439941, 545.436706543, 545.78503418, 546.144958496, 546.504821777, 546.853149414, 547.189819336, 547.538146973, 547.874816895, 548.223144531, 548.641052246, 549.070617676, 549.488586426, 549.906555176, 550.312927246, 550.730895996, 551.148803711, 551.566772461, 551.984741211, 552.402709961, 552.832275391, 553.26184082, 553.69140625, 554.12097168, 554.53894043, 554.95690918, 555.386474609, 555.816040039, 556.245605469, 556.675170898, 557.116333008, 557.557556152, 557.998718262, 558.439880371, 558.973937988, 559.507995605, 560.042053223, 560.57611084, 561.121826172, 561.771972656, 562.422119141, 563.060668945, 563.68762207, 564.326171875, 564.976318359, 565.626464844, 566.195373535, 566.775878906, 567.344726562, 567.913635254, 568.470947266, 569.039794922, 569.608703613, 570.177612305, 570.758056641, 571.326965332, 571.895874023, 572.46472168, 573.022033691, 573.590942383, 574.055297852, 574.531311035, 574.995727539, 575.460144043, 575.924499512, 576.388916016, 576.934570312, 577.46862793, 578.002685547, 578.536743164, 579.070800781, 579.604858398, 580.138916016, 580.684631348, 581.218688965, 581.752746582, 582.27520752, 582.797607422, 583.331665039, 583.865722656, 584.446228027, 585.026733398, 585.665283203, 586.292236328, 586.930786133, 587.557739258, 588.184631348, 588.799987793, 589.415344238, 590.019042969, 590.622741699, 591.226501465, 591.830200195, 592.433898926, 593.014404297, 593.594909668, 594.187011719, 594.848815918, 595.498962402, 596.253601074, 597.008239746, 597.762878418, 598.51751709, 599.283813477, 600.050048828, 600.816345215, 601.582580566, 602.197875977, 602.813232422, 603.428588867, 604.043884277, 604.647583008, 605.251342773, 605.855041504, 606.331054688, 606.807067871, 607.283081055, 607.759094238, 608.188659668, 608.618225098, 609.047790527, 609.477355957, 609.906921387, 610.336486816, 610.766052246, 611.195617676, 611.63684082, 612.07800293, 612.530761719, 612.983581543, 613.436340332, 613.784667969, 614.13293457, 614.481262207, 614.829528809, 615.189453125, 615.537780762, 615.874450684, 616.211120605, 616.547851562, 616.907714844, 617.25604248, 617.615966797, 617.975891113, 618.347351074, 618.707275391, 619.078796387, 619.438720703, 619.810241699, 620.170166016, 620.530029297, 620.901550293, 621.273071289, 621.644592285, 622.016113281, 622.387634277, 622.770751953, 623.165527344, 623.54864502, 623.931762695, 624.338134766, 624.744506836, 625.150817871, 625.557189941, 625.975158691, 626.381469727, 626.787841797, 627.194213867, 627.612121582, 628.030090332, 628.448059082, 628.854431152, 629.260742188, 629.667114258, 630.073486328, 630.479797363, 630.886169434, 631.292480469, 631.745300293, 632.198059082, 632.650878906, 633.103637695, 633.54486084, 633.997619629, 634.450439453, 634.903198242, 635.356018066, 635.808776855, 636.26159668, 636.714355469, 637.178771973, 637.71282959, 638.235290527, 638.75769043, 639.291809082, 639.814208984, 640.336669922, 640.859130859, 641.381591797, 641.89239502, 642.414855957, 642.937316895, 643.459777832, 643.924133301, 644.388549805, 644.864562988, 645.387023926, 645.909484863, 646.431945801, 647.012390137, 647.592895508, 648.184997559, 648.777160645, 649.369262695, 649.961364746, 650.553466797, 651.145568848, 651.726074219, 652.31817627, 653.026367188, 653.74621582, 654.466003418, 655.185852051, 655.894042969, 656.613891602, 657.333679199, 658.065124512, 658.808166504, 659.562805176, 660.21295166, 660.863098145, 661.49005127, 662.117004395, 662.74395752, 663.370849609, 663.997802734, 664.624755859, 665.251708984, 665.890258789, 666.528808594, 667.167358398, 667.794250488, 668.409606934, 669.001708984, 669.593811035, 670.185913086, 670.766418457, 671.335327148, 671.788085938, 672.240905762, 672.693664551, 673.146484375, 673.610900879, 674.075256348, 674.539672852, 675.004089355, 675.480102539, 675.956115723, 676.443725586, 676.931335449, 677.418945312, 677.871704102, 678.324523926, 678.777282715, 679.230102539, 679.682861328, 680.135681152, 680.588439941, 681.041259766, 681.50567627, 681.958435059, 682.434448242, 682.898864746, 683.36328125, 683.885681152, 684.40814209, 684.930603027, 685.453063965, 685.987121582, 686.579223633, 687.171325684, 687.763427734, 688.425231934, 689.098571777, 689.760375977, 690.422119141, 691.072265625, 691.722412109, 692.372619629, 692.976318359, 693.56842041, 694.160522461, 694.752624512, 695.344726562, 695.925231934, 696.505737305, 697.086242676, 697.666748047, 698.247253418, 698.804504395, 699.361816406, 699.907470703, 700.418334961, 700.929138184, 701.451599121, 701.962463379, 702.473266602, 703.007324219, 703.552978516, 704.098693848, 704.644348145, 705.190002441, 705.735656738, 706.28137207, 706.838623047, 707.488769531, 708.138916016, 708.881958008, 709.625, 710.368041992, 711.111083984, 711.865722656, 712.620422363, 713.375061035, 714.129699707, 714.86114502, 715.592529297, 716.31237793, 717.032165527, 717.75201416, 718.471801758, 719.191650391, 719.911437988], "beats_loudness": {"dmean2": 0.0209138449281, "median": 0.0265288092196, "min": 7.39999242438e-11, "dvar2": 0.000568309449591, "dvar": 0.000195442364202, "dmean": 0.0122368978336, "max": 0.171565458179, "var": 0.00042097637197, "mean": 0.030408186838}, "danceability": 0.959313571453, "bpm_histogram_second_peak_weight": {"dmean2": 0, "median": 0.0724346041679, "min": 0.0724346041679, "dvar2": 0, "dvar": 0, "dmean": 0, "max": 0.0724346041679, "var": 0, "mean": 0.0724346041679}, "beats_count": 1492, "bpm_histogram_second_peak_bpm": {"dmean2": 0, "median": 148, "min": 148, "dvar2": 0, "dvar": 0, "dmean": 0, "max": 148, "var": 0, "mean": 148}, "bpm_histogram_first_peak_spread": {"dmean2": 0, "median": 0.528957486153, "min": 0.528957486153, "dvar2": 0, "dvar": 0, "dmean": 0, "max": 0.528957486153, "var": 0, "mean": 0.528957486153}, "beats_loudness_band_ratio": {"dmean2": [0.214205786586, 0.264468431473, 0.173965722322, 0.0858019739389, 0.0234282501042, 0.040691934526], "median": [0.28206795454, 0.388367444277, 0.164599180222, 0.0665738284588, 0.00586845073849, 0.00132741173729], "min": [0, 0, 0, 0, 0, 0], "dvar2": [0.0324562303722, 0.0461326949298, 0.0286780986935, 0.00944866798818, 0.00308699323796, 0.00954428687692], "dvar": [0.0121431816369, 0.0166890118271, 0.0100840562955, 0.00350894615985, 0.00110868248157, 0.00319597893395], "dmean": [0.125382557511, 0.156222164631, 0.10251507163, 0.0513968020678, 0.0137066897005, 0.0229743737727], "max": [0.93568366766, 0.950211942196, 0.825637459755, 0.495262086391, 0.472463190556, 0.761724174023], "var": [0.0421394146979, 0.0492382198572, 0.0220960229635, 0.00801141373813, 0.00229563191533, 0.00408242689446], "mean": [0.32450696826, 0.397534489632, 0.199378728867, 0.0955285057425, 0.0215977784246, 0.0276963543147]}}, "lowlevel": {"barkbands_spread": {"dmean2": 5.64845752716, "median": 8.55500984192, "min": 0.724220454693, "dvar2": 57.7440032959, "dvar": 22.1633682251, "dmean": 3.42223906517, "max": 111.588996887, "var": 169.001174927, "mean": 13.5864992142}, "melbands_spread": {"dmean2": 7.41777086258, "median": 9.96183204651, "min": 0.867110550404, "dvar2": 131.171890259, "dvar": 46.043636322, "dmean": 4.42922735214, "max": 159.480117798, "var": 218.342834473, "mean": 14.4784479141}, "hfc": {"dmean2": 6.04042005539, "median": 11.7980298996, "min": 1.22710324813e-16, "dvar2": 58.8805351257, "dvar": 22.6899337769, "dmean": 3.72078132629, "max": 118.182258606, "var": 105.774673462, "mean": 13.9995126724}, "barkbands_kurtosis": {"dmean2": 5.57625293732, "median": 2.89316320419, "min": -1.918664217, "dvar2": 69.67918396, "dvar": 25.2481651306, "dmean": 3.3228662014, "max": 135.087692261, "var": 63.4318504333, "mean": 5.31547689438}, "gfcc": {"mean": [-67.7220077515, 145.391418457, -78.2051467896, -18.5727214813, -51.6773109436, 13.7077560425, -37.444683075, -7.97347021103, -25.8301792145, -1.72760641575, -19.0915222168, -7.82305335999, -12.6122331619], "icov": [[0.000120848962979, -1.34513456942e-05, 6.23810265097e-05, -2.85942696792e-05, 0.000160737225087, 1.24437083286e-05, -2.65727594524e-05, 0.000101333840576, 0.000189998187125, 3.52129391104e-05, 6.8353714596e-05, 8.10569035821e-05, 5.10161553393e-05], [-1.34513456942e-05, 0.00128493166994, 0.000128670886625, 0.00102081883233, -0.000459945731563, 0.000304089393467, -0.000205986740184, 0.000319042184856, -0.000528491917066, 0.000331852934323, -0.000234954815824, 0.000221203357796, -0.00055071071256], [6.23810265097e-05, 0.000128670886625, 0.00198695529252, 0.000699995202012, -4.34618668805e-05, -0.000168079874129, -0.000252766039921, -0.00031261408003, -0.00117614760529, 0.000109185726615, -0.000171881154529, -0.00101552449632, -0.000334337877575], [-2.85942696792e-05, 0.00102081883233, 0.000699995202012, 0.0019678643439, -1.80125061888e-05, 7.39132665331e-05, -0.00130475184415, -0.000655415467918, 0.000344271451468, -4.9959642638e-05, -0.000254421291174, -0.000772435043473, 1.33077437567e-05], [0.000160737225087, -0.000459945731563, -4.34618668805e-05, -1.80125061888e-05, 0.00446730758995, 3.83615997634e-06, -0.00158798450138, 0.000197887115064, -0.000814231927507, 0.000125163176563, -0.000559501233511, 0.000653639261145, 0.000192474166397], [1.24437083286e-05, 0.000304089393467, -0.000168079874129, 7.39132665331e-05, 3.83615997634e-06, 0.00469114817679, 0.000503923103679, -0.000232179707382, -0.00100690464024, -0.00099013093859, 0.000704200996552, 0.000590140291024, 0.00110216566827], [-2.65727594524e-05, -0.000205986740184, -0.000252766039921, -0.00130475184415, -0.00158798450138, 0.000503923103679, 0.00596052547917, 0.000484721444082, -0.0015553998528, -0.00174398359377, -0.0012903054012, 0.00017118373944, -0.00058108905796], [0.000101333840576, 0.000319042184856, -0.00031261408003, -0.000655415467918, 0.000197887115064, -0.000232179707382, 0.000484721444082, 0.00767048122361, 0.000580224499572, -0.00137474096846, -0.00116853241343, 7.12039400241e-05, -0.000688851985615], [0.000189998187125, -0.000528491917066, -0.00117614760529, 0.000344271451468, -0.000814231927507, -0.00100690464024, -0.0015553998528, 0.000580224499572, 0.00891328696162, 0.000833616184536, -0.00029295362765, -0.00113691342995, -0.000634594936855], [3.52129391104e-05, 0.000331852934323, 0.000109185726615, -4.9959642638e-05, 0.000125163176563, -0.00099013093859, -0.00174398359377, -0.00137474096846, 0.000833616184536, 0.0111369229853, -0.000186865669093, -0.00196283706464, -0.00117328506894], [6.8353714596e-05, -0.000234954815824, -0.000171881154529, -0.000254421291174, -0.000559501233511, 0.000704200996552, -0.0012903054012, -0.00116853241343, -0.00029295362765, -0.000186865669093, 0.00967182312161, -0.000796870037448, -0.000536939536687], [8.10569035821e-05, 0.000221203357796, -0.00101552449632, -0.000772435043473, 0.000653639261145, 0.000590140291024, 0.00017118373944, 7.12039400241e-05, -0.00113691342995, -0.00196283706464, -0.000796870037448, 0.0115199396387, -8.19644046715e-05], [5.10161553393e-05, -0.00055071071256, -0.000334337877575, 1.33077437567e-05, 0.000192474166397, 0.00110216566827, -0.00058108905796, -0.000688851985615, -0.000634594936855, -0.00117328506894, -0.000536939536687, -8.19644046715e-05, 0.0125196296722]], "cov": [[11452.2373047, -1478.33288574, -1291.60864258, 1294.1105957, -780.894958496, -34.5921821594, -220.434936523, 6.60510921478, -702.113952637, 7.29444313049, -217.981826782, -114.427604675, -187.383636475], [-1478.33288574, 2886.73413086, 756.430603027, -2081.96826172, 421.850402832, -99.7713851929, -111.540740967, -305.987243652, 424.763366699, -205.529541016, 25.4572124481, -123.576919556, 138.255386353], [-1291.60864258, 756.430603027, 971.249694824, -797.069091797, 185.509338379, 18.8406162262, 13.145647049, -64.0971374512, 272.139892578, -43.403968811, 41.5918617249, 38.2821960449, 69.6552276611], [1294.1105957, -2081.96826172, -797.069091797, 2279.57861328, -252.900985718, 18.7842903137, 271.464752197, 279.903930664, -343.715759277, 196.409057617, 38.7825622559, 122.689239502, -86.877532959], [-780.894958496, 421.850402832, 185.509338379, -252.900985718, 368.76739502, -17.1593666077, 111.835472107, -40.2567634583, 133.789703369, -13.6244564056, 49.8577423096, -10.0991573334, 33.3551025391], [-34.5921821594, -99.7713851929, 18.8406162262, 18.7842903137, -17.1593666077, 239.008178711, -22.9143943787, 12.9359960556, 12.6636419296, 18.0536384583, -22.0847530365, -3.29930233955, -23.5286273956], [-220.434936523, -111.540740967, 13.145647049, 271.464752197, 111.835472107, -22.9143943787, 297.169067383, 26.8407669067, 49.5688514709, 57.114238739, 63.776260376, 32.4951553345, 22.4349651337], [6.60510921478, -305.987243652, -64.0971374512, 279.903930664, -40.2567634583, 12.9359960556, 26.8407669067, 178.996841431, -47.4793281555, 46.8170280457, 22.0105686188, 23.8636493683, -1.84019327164], [-702.113952637, 424.763366699, 272.139892578, -343.715759277, 133.789703369, 12.6636419296, 49.5688514709, -47.4793281555, 234.044586182, -24.524679184, 28.2517166138, 10.177901268, 36.5381088257], [7.29444313049, -205.529541016, -43.403968811, 196.409057617, -13.6244564056, 18.0536384583, 57.114238739, 46.8170280457, -24.524679184, 121.756599426, 14.9613819122, 31.3403911591, 4.42281675339], [-217.981826782, 25.4572124481, 41.5918617249, 38.7825622559, 49.8577423096, -22.0847530365, 63.776260376, 22.0105686188, 28.2517166138, 14.9613819122, 126.593727112, 18.7444553375, 16.8126487732], [-114.427604675, -123.576919556, 38.2821960449, 122.689239502, -10.0991573334, -3.29930233955, 32.4951553345, 23.8636493683, 10.177901268, 31.3403911591, 18.7444553375, 109.367645264, 4.16220378876], [-187.383636475, 138.255386353, 69.6552276611, -86.877532959, 33.3551025391, -23.5286273956, 22.4349651337, -1.84019327164, 36.5381088257, 4.42281675339, 16.8126487732, 4.16220378876, 94.1856155396]]}, "spectral_energyband_middle_low": {"dmean2": 0.0116165569052, "median": 0.0172576438636, "min": 3.43126448188e-22, "dvar2": 0.000183549243957, "dvar": 7.26454309188e-05, "dmean": 0.00722262030467, "max": 0.225953802466, "var": 0.000299814186292, "mean": 0.0210262089968}, "melbands_crest": {"dmean2": 6.33908653259, "median": 13.7541074753, "min": 1.66578161716, "dvar2": 25.8501567841, "dvar": 8.93217277527, "dmean": 3.72220802307, "max": 33.1690483093, "var": 24.6128826141, "mean": 14.5653152466}, "spectral_kurtosis": {"dm