{"tonal": {"thpcp": [1, 0.522900700569, 0.320361047983, 0.335888803005, 0.380484580994, 0.686181306839, 0.847270071507, 0.616851627827, 0.787704467773, 0.797057688236, 0.363511145115, 0.254249751568, 0.264655858278, 0.283599048853, 0.473878204823, 0.563701272011, 0.388132214546, 0.296743661165, 0.260660082102, 0.256913870573, 0.654646933079, 0.860741257668, 0.469561457634, 0.199629992247, 0.183641806245, 0.205957263708, 0.332115262747, 0.405698478222, 0.423671126366, 0.774075746536, 0.954402804375, 0.759426653385, 0.659069478512, 0.419246375561, 0.306090116501, 0.830996751785], "hpcp": {"dmean2": [0.191385790706, 0.171299040318, 0.146761700511, 0.116448760033, 0.116484194994, 0.133070811629, 0.161540284753, 0.15821442008, 0.147049099207, 0.145589590073, 0.128562048078, 0.129095703363, 0.17112185061, 0.175232380629, 0.14905191958, 0.0993964150548, 0.0936769098043, 0.0958605781198, 0.120026640594, 0.141921088099, 0.174228742719, 0.248161509633, 0.253770679235, 0.251712232828, 0.246612459421, 0.169360980392, 0.140164241195, 0.192395195365, 0.193422079086, 0.193693503737, 0.171372920275, 0.185937836766, 0.200166746974, 0.220476940274, 0.205178916454, 0.197420611978], "median": [0.026064991951, 0.0197207443416, 0.0199754424393, 0.0168569944799, 0.0161654390395, 0.01682305336, 0.0250740982592, 0.0288590267301, 0.0231192503124, 0.0186139121652, 0.0157928355038, 0.019802287221, 0.0533133111894, 0.0688430815935, 0.0431020781398, 0.0151475304738, 0.0131133906543, 0.0165650453418, 0.0321784466505, 0.0374870300293, 0.0370250269771, 0.0857584699988, 0.0981322750449, 0.0975582897663, 0.0396515056491, 0.0313251540065, 0.0209319144487, 0.0387552790344, 0.0441566482186, 0.0361901819706, 0.0151462210342, 0.0150484871119, 0.020571032539, 0.0688493847847, 0.0865415036678, 0.0689612030983], "min": [0, 0, 0, 0, 0, 0, 0, 0, 0, 0, 0, 0, 0, 0, 0, 0, 0, 0, 0, 0, 0, 0, 0, 0, 0, 0, 0, 0, 0, 0, 0, 0, 0, 0, 0, 0], "dvar2": [0.0963708609343, 0.0911061689258, 0.0779562741518, 0.0579535402358, 0.0608782060444, 0.0695124194026, 0.0810262486339, 0.0866396203637, 0.0771716088057, 0.083078160882, 0.0721847116947, 0.073543228209, 0.0845198780298, 0.0845234468579, 0.0665796473622, 0.0456469915807, 0.0455655045807, 0.0377197898924, 0.0524484664202, 0.0643136799335, 0.0767385140061, 0.115734159946, 0.126472294331, 0.114174477756, 0.152499333024, 0.0824716314673, 0.0719646140933, 0.096045807004, 0.106964990497, 0.100300699472, 0.0985895469785, 0.110170312226, 0.117263816297, 0.101007327437, 0.0822672843933, 0.0810247957706], "dvar": [0.0408130511642, 0.0399891622365, 0.0278149656951, 0.0218716301024, 0.0227179247886, 0.0253299362957, 0.0321359783411, 0.0359088853002, 0.0284824892879, 0.0301163196564, 0.0260212663561, 0.0251944921911, 0.0314227417111, 0.0350504256785, 0.0242274478078, 0.0163772124797, 0.0166426636279, 0.0142487436533, 0.0200625155121, 0.0253706444055, 0.0282925646752, 0.0430923961103, 0.0499193184078, 0.0430376008153, 0.0574279390275, 0.0307129267603, 0.0254812426865, 0.0372145809233, 0.0438566021621, 0.0368944741786, 0.0366694070399, 0.041809245944, 0.0435871146619, 0.0390528067946, 0.0365814007819, 0.0303280446678], "dmean": [0.11135353148, 0.0996571928263, 0.0834015160799, 0.066433146596, 0.0670436024666, 0.0756033062935, 0.0934933796525, 0.0927478969097, 0.0842522978783, 0.081716157496, 0.0714718401432, 0.0722011849284, 0.100065127015, 0.103422239423, 0.0869485884905, 0.0556829944253, 0.0524312071502, 0.0547731332481, 0.0703555643559, 0.0835883393884, 0.0999228954315, 0.144521415234, 0.147625565529, 0.144150838256, 0.138246253133, 0.0945815518498, 0.0782665237784, 0.111536614597, 0.111244022846, 0.110201306641, 0.0962050333619, 0.10528614372, 0.112508103251, 0.127548262477, 0.123043715954, 0.115391455591], "max": [1, 1, 1, 1, 1, 1, 1, 1, 1, 1, 1, 1, 1, 1, 1, 1, 1, 1, 1, 1, 1, 1, 1, 1, 1, 1, 1, 1, 1, 1, 1, 1, 1, 1, 1, 1], "var": [0.110093317926, 0.119865067303, 0.0282361134887, 0.0198605228215, 0.022163240239, 0.0227450691164, 0.0477124676108, 0.0734246820211, 0.0355802103877, 0.0264412444085, 0.0222811624408, 0.0199676398188, 0.0665366128087, 0.102228008211, 0.0336237624288, 0.0129848625511, 0.012972026132, 0.012584448792, 0.024008506909, 0.0337114296854, 0.0308199469, 0.0660307183862, 0.0990266948938, 0.0573048964143, 0.0679852664471, 0.0312071293592, 0.0219843667001, 0.0991432517767, 0.133320584893, 0.0449383929372, 0.0318508036435, 0.0347745791078, 0.0376141630113, 0.0618078038096, 0.0886415019631, 0.0439043678343], "mean": [0.204277992249, 0.206703588367, 0.0942705348134, 0.0659354254603, 0.068634070456, 0.0735466703773, 0.122892387211, 0.146186500788, 0.100655600429, 0.0769555047154, 0.067597836256, 0.0666263177991, 0.169771745801, 0.223218858242, 0.121772915125, 0.0517707020044, 0.0476244315505, 0.0534115731716, 0.0861285403371, 0.105211116374, 0.109872020781, 0.200743600726, 0.247508406639, 0.196944609284, 0.170918658376, 0.108724541962, 0.0793793573976, 0.215505123138, 0.259333282709, 0.135605558753, 0.0830802842975, 0.0871071442962, 0.0986723154783, 0.177949652076, 0.219725325704, 0.159970164299]}, "tuning_equal_tempered_deviation": 0.241650685668, "chords_changes_rate": 0.06534422189, "key_key": "A", "tuning_diatonic_strength": 0.537763535976, "key_scale": "major", "chords_number_rate": 0.00194476859178, "tuning_frequency": 434.193115234, "tuning_nontempered_energy_ratio": 0.948918581009, "chords_histogram": [18.2030334473, 35.6476097107, 12.446518898, 4.0840139389, 6.37884092331, 1.59471023083, 2.89770507812, 0.525087535381, 0.875145852566, 0.466744452715, 0, 0, 0, 0, 0, 0, 0, 1.41968107224, 0.73901206255, 1.55581486225, 0, 0.680669009686, 0.194476857781, 12.2909374237], "key_strength": 0.675657510757, "chords_key": "C#", "chords_strength": {"dmean2": 0.00971365720034, "median": 0.508029401302, "min": 0.16014701128, "dvar2": 8.1072372268e-05, "dvar": 7.2823226219e-05, "dmean": 0.0103407325223, "max": 0.760689496994, "var": 0.0137827694416, "mean": 0.504281938076}, "chords_scale": "minor", "hpcp_entropy": {"dmean2": 1.05967104435, "median": 2.04761171341, "min": 0, "dvar2": 0.776220142841, "dvar": 0.304463773966, "dmean": 0.636215686798, "max": 4.71411466599, "var": 0.569036126137, "mean": 2.06622958183}}, "metadata": {"audio_properties": {"equal_loudness": 0, "codec": "mp3", "downmix": "mix", "sample_rate": 44100, "analysis_sample_rate": 44100, "bit_rate": 160000, "md5_encoded": "84eae1c4bfb5d0afbdb82ad25e7f646e", "length": 238.733062744, "replay_gain": -13.3735198975, "lossless": false}, "version": {"essentia_build_sha": "70f2e5ece6736b2c40cc944ad0e695b16b925413", "essentia": "2.1-beta2", "extractor": "music 1.0", "essentia_git_sha": "v2.1_beta2"}, "tags": {"title": ["Fake Drugs"], "artist": ["Hollerado"], "genre": ["Alternative & Punk"], "album": ["Record In A Bag"], "tracknumber": ["4/12"], "file_name": "2236350.mp3", "musicbrainz_recordingid": ["10cec5ee-1c77-484b-aab2-4b840f2c9f5b"], "encodedby": ["iTunes v7.1.1.5"]}}, "rhythm": {"bpm_histogram_first_peak_bpm": {"dmean2": 0, "median": 101, "min": 101, "dvar2": 0, "dvar": 0, "dmean": 0, "max": 101, "var": 0, "mean": 101}, "bpm": 102.02192688, "bpm_histogram_second_peak_spread": {"dmean2": 0, "median": 0.384615421295, "min": 0.384615421295, "dvar2": 0, "dvar": 0, "dmean": 0, "max": 0.384615421295, "var": 0, "mean": 0.384615421295}, "bpm_histogram_first_peak_weight": {"dmean2": 0, "median": 0.564039409161, "min": 0.564039409161, "dvar2": 0, "dvar": 0, "dmean": 0, "max": 0.564039409161, "var": 0, "mean": 0.564039409161}, "onset_rate": 3.2125980854, "beats_position": [0.522448956966, 1.09133780003, 1.67183673382, 2.26394557953, 2.85605430603, 3.43655323982, 4.02866220474, 4.62077093124, 5.20126962662, 5.79337835312, 6.38548755646, 6.96598625183, 7.55809497833, 8.15020370483, 8.73070240021, 9.32281208038, 9.91492080688, 10.4954195023, 11.0875282288, 11.6796369553, 12.2601356506, 12.8522443771, 13.4443531036, 14.0248527527, 14.6169614792, 15.2090702057, 15.7895689011, 16.3816776276, 16.9737873077, 17.5542850494, 18.1463947296, 18.7385025024, 19.3190021515, 19.9111099243, 20.5032196045, 21.0837192535, 21.6874370575, 22.2679367065, 22.8484344482, 23.4405441284, 24.0210418701, 24.6131515503, 25.2052612305, 25.7973690033, 26.3778686523, 26.9699764252, 27.5620861053, 28.142583847, 28.7346935272, 29.3268013, 29.9073009491, 30.4994106293, 31.0915184021, 31.6720180511, 32.264125824, 32.8562355042, 33.4367332458, 34.028842926, 34.6209526062, 35.2014503479, 35.7935600281, 36.3856697083, 36.96616745, 37.5466651917, 38.1387748718, 38.730884552, 39.3113822937, 39.9151000977, 40.4956016541, 41.0760993958, 41.6682090759, 42.2603149414, 42.8524246216, 43.4445343018, 44.0250320435, 44.6171417236, 45.2092514038, 45.7897491455, 46.3702468872, 46.9623565674, 47.5428581238, 48.1349639893, 48.7386856079, 49.3191833496, 49.8996810913, 50.480178833, 51.0839004517, 51.6760063171, 52.2681159973, 52.8486175537, 53.4407234192, 54.0328330994, 54.6133308411, 55.2054405212, 55.7975502014, 56.3780479431, 56.9701576233, 57.5622673035, 58.1543769836, 58.7464828491, 59.3269844055, 59.9074821472, 60.4995918274, 61.0916976929, 61.6721992493, 62.2643089294, 62.8564147949, 63.4485244751, 64.0406341553, 64.621131897, 65.2132415771, 65.8053512573, 66.385848999, 66.9663467407, 67.5584564209, 68.1505661011, 68.7310638428, 69.3231735229, 69.9152832031, 70.4957809448, 71.087890625, 71.6800003052, 72.2604980469, 72.8409957886, 73.4331054688, 74.0252151489, 74.6057128906, 75.1978225708, 75.789932251, 76.3704299927, 76.9625396729, 77.554649353, 78.1467590332, 78.738861084, 79.3193664551, 79.9114761353, 80.503578186, 81.0840835571, 81.6761856079, 82.2682952881, 82.8487930298, 83.44090271, 84.0330123901, 84.6135101318, 85.205619812, 85.7977294922, 86.3782272339, 86.9703369141, 87.5624465942, 88.1429443359, 88.7350540161, 89.3271636963, 89.907661438, 90.4997711182, 91.0918807983, 91.67237854, 92.2644882202, 92.8565979004, 93.4370956421, 94.0175933838, 94.609703064, 95.2018127441, 95.7939224243, 96.3860321045, 96.9665298462, 97.5470275879, 98.1507492065, 98.7312469482, 99.3117446899, 99.9154663086, 100.49596405, 101.08807373, 101.680175781, 102.260681152, 102.852790833, 103.444892883, 104.025398254, 104.617500305, 105.209609985, 105.790107727, 106.370613098, 106.962722778, 107.54322052, 108.1353302, 108.727432251, 109.319541931, 109.92326355, 110.503761292, 111.084259033, 111.664756775, 112.245262146, 112.825759888, 113.429473877, 114.033195496, 114.613693237, 115.194190979, 115.786300659, 116.378410339, 116.97052002, 117.5626297, 118.143127441, 118.735237122, 119.327346802, 119.907844543, 120.499954224, 121.092063904, 121.672561646, 122.264671326, 122.856781006, 123.437278748, 124.029388428, 124.621498108, 125.20199585, 125.79410553, 126.386207581, 126.966712952, 127.558815002, 128.150924683, 128.731430054, 129.323532104, 129.915649414, 130.507751465, 131.099868774, 131.680358887, 132.260864258, 132.852966309, 133.445083618, 134.02557373, 134.606079102, 135.198181152, 135.778686523, 136.370788574, 136.962905884, 137.555007935, 138.147125244, 138.739227295, 139.331329346, 139.923446655, 140.503936768, 141.084442139, 141.66494751, 142.257049561, 142.849151611, 143.429656982, 144.021759033, 144.613876343, 145.205978394, 145.798095703, 146.378585815, 146.970703125, 147.562805176, 148.143310547, 148.735412598, 149.327529907, 149.90802002, 150.500137329, 151.09223938, 151.672744751, 152.264846802, 152.856964111, 153.437454224, 154.017959595, 154.610061646, 155.202178955, 155.794281006, 156.386398315, 156.966888428, 157.559005737, 158.151107788, 158.731613159, 159.312103271, 159.904220581, 160.496322632, 161.076828003, 161.668930054, 162.261047363, 162.841537476, 163.433654785, 164.025756836, 164.617858887, 165.209976196, 165.790466309, 166.382583618, 166.974685669, 167.55519104, 168.147293091, 168.7394104, 169.319900513, 169.900405884, 170.504119873, 171.084625244, 171.676727295, 172.268844604, 172.849334717, 173.429840088, 174.021942139, 174.614059448, 175.194549561, 175.798278809, 176.378768921, 176.959274292, 177.551376343, 178.143493652, 178.723983765, 179.316101074, 179.908203125, 180.500320435, 181.092422485, 181.672927856, 182.253417969, 182.845535278, 183.437637329, 184.029754639, 184.621856689, 185.202362061, 185.782852173, 186.374969482, 186.967071533, 187.559173584, 188.151290894, 188.731781006, 189.312286377, 189.904388428, 190.496505737, 191.088607788, 191.669113159, 192.26121521, 192.85333252, 193.44543457, 194.025939941, 194.606430054, 195.198547363, 195.790649414, 196.371154785, 196.974868774, 197.555374146, 198.147476196, 198.739593506, 199.320083618, 199.900588989, 200.49269104, 201.08480835, 201.665298462, 202.26902771, 202.849517822, 203.441635132, 204.033737183, 204.614242554, 205.194732666, 205.786849976, 206.378952026, 206.971069336, 207.563171387, 208.143676758, 208.72416687, 209.327880859, 209.919998169, 210.51210022, 211.092605591, 211.673095703, 212.265213013, 212.857315063, 213.437820435, 214.018310547, 214.622039795, 215.202529907, 215.794647217, 216.386749268, 216.967254639, 217.559356689, 218.151473999, 218.731964111, 219.324081421, 219.916183472, 220.496688843, 221.077178955, 221.680908203, 222.261398315, 222.853515625, 223.445617676, 224.026123047, 224.618225098, 225.210342407, 225.79083252, 226.382949829, 226.97505188, 227.567153931, 228.15927124, 228.751373291, 229.343490601, 229.935592651, 230.516098022, 231.096588135, 231.677093506, 232.164718628, 232.652328491, 233.128341675, 233.615966797, 234.10357666, 234.591201782, 235.078811646, 235.566436768, 236.05406189, 236.553283691, 237.052505493, 237.551742554, 238.050964355], "beats_loudness": {"dmean2": 0.0495610497892, "median": 0.0525806285441, "min": 3.37144399509e-07, "dvar2": 0.00127624697052, "dvar": 0.000402512669098, "dmean": 0.0259241499007, "max": 0.141473442316, "var": 0.000623407016974, "mean": 0.0524197854102}, "danceability": 1.11912310123, "bpm_histogram_second_peak_weight": {"dmean2": 0, "median": 0.019704433158, "min": 0.019704433158, "dvar2": 0, "dvar": 0, "dmean": 0, "max": 0.019704433158, "var": 0, "mean": 0.019704433158}, "beats_count": 407, "bpm_histogram_second_peak_bpm": {"dmean2": 0, "median": 123, "min": 123, "dvar2": 0, "dvar": 0, "dmean": 0, "max": 123, "var": 0, "mean": 123}, "bpm_histogram_first_peak_spread": {"dmean2": 0, "median": 0.417302787304, "min": 0.417302787304, "dvar2": 0, "dvar": 0, "dmean": 0, "max": 0.417302787304, "var": 0, "mean": 0.417302787304}, "beats_loudness_band_ratio": {"dmean2": [0.439613938332, 0.216946452856, 0.167463973165, 0.149457350373, 0.162936970592, 0.122520156205], "median": [0.593815147877, 0.0718931108713, 0.0582624338567, 0.046003267169, 0.0962016656995, 0.0450466349721], "min": [0.0153683852404, 0.00061609322438, 0.00103784841485, 0.000315391196636, 0.000210707978113, 9.62020931183e-05], "dvar2": [0.0875836089253, 0.0274877492338, 0.0278851091862, 0.0381597205997, 0.0199477579445, 0.00843455269933], "dvar": [0.0264104232192, 0.008728986606, 0.00962160062045, 0.0121886925772, 0.00633381074294, 0.00265793059953], "dmean": [0.233179420233, 0.113054953516, 0.0929690599442, 0.0805832222104, 0.0881896391511, 0.0631836280227], "max": [0.994168221951, 0.501489758492, 0.599461972713, 0.758670330048, 0.767570316792, 0.557882905006], "var": [0.0538135506213, 0.00904241297394, 0.0113843232393, 0.010929081589, 0.0115062305704, 0.00287154642865], "mean": [0.587785959244, 0.0985936447978, 0.0998732745647, 0.0815433040261, 0.117844440043, 0.0593753829598]}}, "lowlevel": {"barkbands_spread": {"dmean2": 9.13482761383, "median": 25.8848400116, "min": 0.267761260271, "dvar2": 131.044052124, "dvar": 64.6603164673, "dmean": 6.18571424484, "max": 112.799766541, "var": 250.327819824, "mean": 27.240442276}, "melbands_spread": {"dmean2": 11.3086738586, "median": 25.0837974548, "min": 0.302334547043, "dvar2": 269.461212158, "dvar": 126.572746277, "dmean": 7.55778217316, "max": 276.070373535, "var": 434.458679199, "mean": 27.9726886749}, "hfc": {"dmean2": 10.3372440338, "median": 19.7882537842, "min": 1.16679529638e-16, "dvar2": 223.207244873, "dvar": 112.964294434, "dmean": 7.22959280014, "max": 179.42527771, "var": 498.325531006, "mean": 25.8100299835}, "barkbands_kurtosis": {"dmean2": 4.45220041275, "median": 0.581396579742, "min": -1.94569301605, "dvar2": 135.432037354, "dvar": 73.6443634033, "dmean": 2.98362207413, "max": 490.068572998, "var": 367.693145752, "mean": 4.85614109039}, "gfcc": {"mean": [-2.7095746994, 93.5688552856, -122.693862915, 43.1234741211, -33.358757019, 17.1634216309, -31.2804470062, 12.843580246, -16.9792385101, 2.74460887909, -17.7020530701, -4.09260320663, -10.3744258881], "icov": [[0.00012944485934, -4.62911521026e-05, 9.33175033424e-05, -5.95846431679e-05, 8.03105795057e-05, -0.000107556443254, 0.000238074921072, -0.000203167932341, 0.000293212331599, -0.000120065735246, 0.000369535264326, -0.000191199884284, 0.000256079772953], [-4.62911521026e-05, 0.00145820062608, -0.00011696589354, 0.000346929271473, -0.000499390298501, 0.000537186162546, -0.000772613333538, 0.000509028905071, -0.00116724334657, 0.00141947262455, -0.00233437912539, 0.00238318974152, -0.00123948068358], [9.33175033424e-05, -0.00011696589354, 0.00126157782506, -9.24159539863e-05, -0.000456778012449, -0.000824264308903, 0.000668303633574, -8.1274069089e-05, -0.000296330195852, -0.000803085102234, 0.000935729709454, -0.00145300209988, 0.00153413589578], [-5.95846431679e-05, 0.000346929271473, -9.24159539863e-05, 0.00281114270911, -0.000509155914187, -0.000400786811952, 0.000520310364664, 0.000851183314808, -0.000768462603446, 0.000188435515156, -0.000149155632243, 0.00144683325198, -0.00141029304359], [8.03105795057e-05, -0.000499390298501, -0.000456778012449, -0.000509155914187, 0.00319508183748, 0.000716024951544, -0.00119248824194, -0.000646796775982, 0.00026849473943, -0.000257864332525, 0.000345900072716, 0.000653526454698, -0.000588909955695], [-0.000107556443254, 0.000537186162546, -0.000824264308903, -0.000400786811952, 0.000716024951544, 0.00521972449496, -0.00205722800456, -0.0027483550366, 0.0010617019143, 0.00019627000438, -0.000521394598763, 8.97189784155e-06, -0.000162538039149], [0.000238074921072, -0.000772613333538, 0.000668303633574, 0.000520310364664, -0.00119248824194, -0.00205722800456, 0.00839118566364, -0.000947926426306, -0.000316856021527, 0.00066598772537, -0.00039031644701, 0.00192572665401, -0.000215417574509], [-0.000203167932341, 0.000509028905071, -8.1274069089e-05, 0.000851183314808, -0.000646796775982, -0.0027483550366, -0.000947926426306, 0.0100128948689, -0.00425061956048, -0.00142887223046, 0.000987433595583, -0.000458636844996, -0.00102913810406], [0.000293212331599, -0.00116724334657, -0.000296330195852, -0.000768462603446, 0.00026849473943, 0.0010617019143, -0.000316856021527, -0.00425061956048, 0.0129341259599, -0.0039890659973, 0.00123627739958, 0.000995078473352, -0.000197421715711], [-0.000120065735246, 0.00141947262455, -0.000803085102234, 0.000188435515156, -0.000257864332525, 0.00019627000438, 0.00066598772537, -0.00142887223046, -0.0039890659973, 0.0183697659522, -0.00780725991353, 0.00033774113399, 0.00204459042288], [0.000369535264326, -0.00233437912539, 0.000935729709454, -0.000149155632243, 0.000345900072716, -0.000521394598763, -0.00039031644701, 0.000987433595583, 0.00123627739958, -0.00780725991353, 0.018489157781, -0.00710187386721, 0.000180816918146], [-0.000191199884284, 0.00238318974152, -0.00145300209988, 0.00144683325198, 0.000653526454698, 8.97189784155e-06, 0.00192572665401, -0.000458636844996, 0.000995078473352, 0.00033774113399, -0.00710187386721, 0.0197037439793, -0.00705344229937], [0.000256079772953, -0.00123948068358, 0.00153413589578, -0.00141029304359, -0.000588909955695, -0.000162538039149, -0.000215417574509, -0.00102913810406, -0.000197421715711, 0.00204459042288, 0.000180816918146, -0.00705344229937, 0.0179271157831]], "cov": [[12565.2382812, -2292.47753906, 105.637908936, 80.4928970337, -1001.43133545, 557.114379883, -673.06072998, 245.612304688, -418.171173096, 63.3792533875, -363.981628418, 304.588256836, -250.85357666], [-2292.47753906, 2413.79174805, -597.03125, -36.3072471619, 597.526428223, -409.357940674, 404.087249756, -155.739822388, 201.713607788, -128.858505249, 189.047943115, -302.396362305, 155.737182617], [105.637908936, -597.03125, 1392.21984863, 16.5000591278, -14.2900505066, 288.081695557, -129.00428772, 132.864181519, 21.7301673889, 111.62096405, -53.4371299744, 127.596672058, -114.160110474], [80.4928970337, -36.3072471619, 16.5000591278, 408.019897461, 55.3453712463, 11.4343280792, -17.5824356079, -19.1090316772, 12.4550876617, -6.41282176971, -16.646774292, -23.7355499268, 19.3372592926], [-1001.43133545, 597.526428223, -14.2900505066, 55.3453712463, 535.254455566, -104.717918396, 159.847747803, -9.19459724426, 75.3011779785, -23.5818309784, 35.5467033386, -95.1456069946, 44.946559906], [557.114379883, -409.357940674, 288.081695557, 11.4343280792, -104.717918396, 367.917755127, -7.14000558853, 126.481315613, -19.4110012054, 37.4109039307, -31.7782077789, 59.0274276733, -33.8792572021], [-673.06072998, 404.087249756, -129.00428772, -17.5824356079, 159.847747803, -7.14000558853, 231.468460083, 11.0027208328, 49.7210159302, -24.6437301636, 30.5227832794, -71.360748291, 30.7821292877], [245.612304688, -155.739822388, 132.864181519, -19.1090316772, -9.19459724426, 126.481315613, 11.0027208328, 173.821685791, 39.4487380981, 33.7689552307, -15.9392642975, 23.6981277466, -10.1262311935], [-418.171173096, 201.713607788, 21.7301673889, 12.4550876617, 75.3011779785, -19.4110012054, 49.7210159302, 39.4487380981, 127.300132751, 19.5101070404, 17.6790904999, -30.5930786133, 11.1613941193], [63.3792533875, -128.858505249, 111.62096405, -6.41282176971, -23.5818309784, 37.4109039307, -24.6437301636, 33.7689552307, 19.5101070404, 87.9010620117, 22.7879924774, 28.2934627533, -17.5722751617], [-363.981628418, 189.047943115, -53.4371299744, -16.646774292, 35.5467033386, -31.7782077789, 30.5227832794, -15.9392642975, 17.6790904999, 22.7879924774, 99.3054351807, 8.70959568024, 21.8856925964], [304.588256836, -302.396362305, 127.596672058, -23.7355499268, -95.1456069946, 59.0274276733, -71.360748291, 23.6981277466, -30.5930786133, 28.2934627533, 8.70959568024, 117.109657288, 2.29280376434], [-250.85357666, 155.737182617, -114.160110474, 19.3372592926, 44.946559906, -33.8792572021, 30.7821292877, -10.1262311935, 11.1613941193, -17.5722751617, 21.8856925964, 2.29280376434, 85.1893386841]]}, "spectral_energyband_middle_low": {"dmean2": 0.00715046562254, "median": 0.00636396696791, "min": 6.42911136439e-22, "dvar2": 0.000194146239664, "dvar": 7.24429555703e-05, "dmean": 0.00431062839925, "max": 0.0859960392118, "var": 0.000101179357443, "mean": 0.00935159251094}, "melbands_crest": {"dmean2": 4.50791692734, "median": 14.769865036, "min": 2.98700547218, "dvar2": 25.8607559204, "dvar": 9.91674518585, "dmean": 2.75505423546, "max": 34.5539321899, "var": 28.619846344, "mean": 15.2469501495}, "spectral_kurtosis": {"dmean2": 3.71403074265, "median": 3.86024141312, "min": -1.25239372253, "dvar2": 55.9452133179, "dvar": 29.5483455658, "dmean": 2.27524161339, "max": 376.931274414, "var": 80.1356048584, "mean": 5.44927930832}, "spectral_rms": {"dmean2": 0.00117205095012, "median": 0.00522305164486, "min": 3.27320679241e-12, "dvar2": 2.6825803161e-06, "dvar": 1.21199980185e-06, "dmean": 0.000756306864787, "max": 0.0129123497754, "var": 4.39107407146e-06, "mean": 0.00528621906415}, "zerocrossingrate": {"dmean2": 0.0125822778791, "median": 0.0546875, "min": 0.001953125, "dvar2": 0.000292509881547, "dvar": 0.000281867862213, "dmean": 0.0112395389006, "max": 0.490234375, "var": 0.00191542191897, "mean": 0.0620527938008}, "silence_rate_60dB": {"dmean2": 0.0295691080391, "median": 0, "min": 0, "dvar2": 0.032004866749, "dvar": 0.0145633667707, "dmean": 0.0147831160575, "max": 1, "var": 0.0494914613664, "mean": 0.0522221140563}, "erbbands_kurtosis": {"dmean2": 1.39060139656, "median": 0.13756942749, "min": -1.86709296703, "dvar2": 5.26075792313, "dvar": 2.42871236801, "dmean": 0.893535673618, "max": 66.7305984497, "var": 6.31703853607, "mean": 0.645543992519}, "erbbands": {"dmean2": [0.315644830465, 1.84703063965, 3.54528570175, 5.4567155838, 11.648815155, 8.409740448, 6.75890207291, 12.1154670715, 10.9848690033, 10.2377529144, 16.7963905334, 35.914516449, 33.5169868469, 25.5217208862, 19.0214118958, 16.6339054108, 25.8087425232, 31.2869377136, 45.5173912048, 28.9733276367, 33.62317276, 33.1558227539, 16.4745197296, 12.455116272, 14.0710334778, 11.2616062164, 8.80746078491, 6.1991353035, 5.11024713516, 4.87259435654, 3.23692035675, 2.42121911049, 2.2321805954, 1.3567751646, 0.688912391663, 0.356286108494, 0.152827724814, 0.0483537837863, 0.00323046464473, 6.46979024168e-05], "median": [0.157975420356, 1.4962836504, 4.54122114182, 5.60959529877, 4.22175073624, 2.17902588844, 2.66054534912, 4.4011554718, 4.20988225937, 2.81338810921, 4.57193231583, 10.0676984787, 8.52480506897, 6.2023525238, 5.3738899231, 9.19279766083, 13.9991559982, 16.5214080811, 27.1210861206, 22.3592166901, 29.6437530518, 32.1182174683, 17.8624038696, 13.4090194702, 13.2601270676, 9.35695838928, 5.77538204193, 3.70601320267, 2.72651052475, 2.92572259903, 1.84509038925, 1.16948413849, 0.667419075966, 0.341699331999, 0.134498655796, 0.0471518598497, 0.0110117578879, 0.00148303003516, 6.25379470875e-05, 4.1876330215e-05], "min": [2.61440570407e-22, 1.28601058975e-21, 1.12392366015e-20, 2.42764003476e-20, 4.88939532442e-19, 7.5093229276e-19, 9.06121973927e-19, 1.35618546515e-18, 3.34274542278e-19, 1.36759394015e-18, 1.62687566771e-18, 2.30438787459e-18, 2.17805485438e-18, 5.63605300627e-19, 1.99113333585e-18, 1.99963158266e-18, 4.03970940215e-18, 7.54462668595e-18, 6.79611012247e-18, 8.73614644393e-18, 1.13896798105e-17, 1.53220219963e-17, 2.13768748923e-17, 2.56059184921e-17, 1.97170691644e-17, 2.08489764972e-17, 2.07266811524e-17, 1.08261952782e-17, 1.48455576916e-17, 1.48288734587e-17, 1.85547629441e-17, 1.48859671189e-17, 1.44065514339e-17, 1.01462486788e-17, 8.17118539428e-18, 5.9159051647e-18, 3.3530144565e-18, 1.19852401321e-18, 3.42318279199e-19, 3.37703949087e-20], "dvar2": [0.879055380821, 21.3611030579, 42.4128379822, 82.5654144287, 921.023620605, 547.214599609, 218.972961426, 723.655761719, 556.828613281, 879.457946777, 2682.56445312, 10888.9472656, 8589.01367188, 6678.09130859, 4402.90039062, 985.890686035, 4912.63916016, 7005.75878906, 8501.02148438, 2922.42895508, 2763.2121582, 2361.02612305, 539.457336426, 290.13885498, 439.18737793, 433.93939209, 323.835632324, 167.621261597, 159.254104614, 196.300476074, 73.1418151855, 50.0265960693, 34.8172988892, 23.8684482574, 6.99034309387, 2.06672143936, 0.256557017565, 0.017876105383, 7.80591290095e-05, 2.10704911296e-08], "dvar": [0.339827746153, 7.5854845047, 14.0680589676, 30.292848587, 330.73916626, 189.773529053, 88.0181732178, 325.49206543, 228.827056885, 418.632751465, 1279.65185547, 5033.69140625, 3831.0390625, 3013.49194336, 1792.87255859, 403.550598145, 2231.421875, 3339.16992188, 3710.53540039, 1268.99780273, 1206.10070801, 1013.74926758, 229.852478027, 120.221893311, 185.534912109, 169.18347168, 122.676300049, 63.9153327942, 65.6869888306, 94.164100647, 36.1047973633, 27.8139133453, 16.9038085938, 12.4875774384, 3.76731300354, 1.11072802544, 0.122677862644, 0.00773970037699, 3.4575623431e-05, 9.5204075734e-09], "dmean": [0.185318380594, 1.06335759163, 2.08013653755, 3.21742367744, 6.58424472809, 4.65082502365, 4.16108369827, 7.76477575302, 6.87990093231, 6.58738565445, 11.3971195221, 24.3930950165, 22.050737381, 16.8172702789, 12.6235427856, 10.5093517303, 17.0502471924, 21.2709312439, 29.2208023071, 18.874710083, 22.1062030792, 21.2226047516, 10.6029939651, 7.82667064667, 8.96899604797, 7.02653598785, 5.34137201309, 3.81443023682, 3.12763834, 3.15496850014, 2.16112112999, 1.69132888317, 1.5225764513, 0.966653823853, 0.488202214241, 0.248942822218, 0.105578616261, 0.0329082645476, 0.00219126068987, 4.43550889031e-05], "max": [6.53257322311, 32.8030700684, 55.9305000305, 73.4101867676, 203.403213501, 154.79649353, 192.185272217, 344.165618896, 287.586853027, 691.679382324, 786.004882812, 1513.57006836, 1786.57666016, 1423.77697754, 1340.13500977, 496.528656006, 1405.65222168, 2066.3840332, 1546.75195312, 1084.88513184, 596.287475586, 736.103027344, 281.167816162, 194.756469727, 358.510772705, 638.861816406, 319.78729248, 186.315002441, 346.009399414, 431.277252197, 190.61680603, 173.176864624, 112.253089905, 131.930267334, 89.6253738403, 55.3621788025, 12.1911001205, 1.96739852428, 0.111754611135, 0.00190943304915], "var": [0.277855336666, 7.46269845963, 26.1131420135, 45.1351547241, 256.01651001, 128.999755859, 176.542129517, 787.184143066, 431.308654785, 706.148864746, 2939.49536133, 13442.6884766, 13077.0332031, 10429.0136719, 5378.52587891, 1175.51477051, 4760.10546875, 9448.58105469, 8406.63671875, 3579.5871582, 2812.50561523, 2598.99291992, 662.424560547, 330.87399292, 502.047027588, 350.480041504, 237.786758423, 164.912750244, 109.052986145, 160.092147827, 88.0035324097, 85.0647659302, 38.788192749, 33.9539489746, 10.3541126251, 3.23105120659, 0.323007851839, 0.0108592333272, 4.14706228185e-05, 1.37865523442e-08], "mean": [0.265540719032, 2.06103849411, 5.61795139313, 6.86282205582, 8.36701011658, 5.22398471832, 6.81410551071, 13.3834972382, 11.3034791946, 9.75471305847, 20.3263225555, 45.9241218567, 44.3842658997, 34.1561279297, 24.7008266449, 20.5805606842, 32.7129325867, 43.5507164001, 56.3650550842, 39.9529876709, 45.0853271484, 45.4833068848, 24.7811107635, 18.2504825592, 19.6869525909, 14.7633333206, 10.2895326614, 7.64911270142, 5.78047323227, 6.07472229004, 4.21070098877, 3.25477528572, 2.42973136902, 1.62707102299, 0.808244645596, 0.398649126291, 0.147739931941, 0.0376409962773, 0.00231246976182, 8.01755522843e-05]}, "spectral_strongpeak": {"dmean2": 0.970251739025, "median": 0.387335389853, "min": 0, "dvar2": 3.08641552925, "dvar": 1.19494390488, "dmean": 0.551064729691, "max": 13.827703476, "var": 1.99516630173, "mean": 0.929880857468}, "spectral_energy": {"dmean2": 0.0157734639943, "median": 0.0279622767121, "min": 1.0981728976e-20, "dvar2": 0.000672723399475, "dvar": 0.000283468805719, "dmean": 0.00984031986445, "max": 0.170896992087, "var": 0.000573274679482, "mean": 0.033143594861}, "average_loudness": 0.909159243107, "spectral_rolloff": {"dmean2": 830.796630859, "median": 1528.85742188, "min": 64.599609375, "dvar2": 2147636.25, "dvar": 1089345.125, "dmean": 510.95803833, "max": 18820.0195312, "var": 2990187.5, "mean": 1692.01574707}, "spectral_centroid": {"dmean2": 349.031829834, "median": 1605.00268555, "min": 100.7579422, "dvar2": 158182.71875, "dvar": 82509.3671875, "dmean": 237.180480957, "max": 11049.5126953, "var": 449371.875, "mean": 1603.23596191}, "pitch_salience": {"dmean2": 0.104354694486, "median": 0.50294137001, "min": 0.138806521893, "dvar2": 0.0124627109617, "dvar": 0.00475429370999, "dmean": 0.0638621822, "max": 0.897406101227, "var": 0.0148943215609, "mean": 0.501103579998}, "spectral_energyband_middle_high": {"dmean2": 0.00324132246897, "median": 0.00494432123378, "min": 2.03106484984e-21, "dvar2": 2.57585725194e-05, "dvar": 1.16580749818e-05, "dmean": 0.00224749464542, "max": 0.0858053863049, "var": 7.52620617277e-05, "mean": 0.0076583661139}, "spectral_contrast_coeffs": {"dmean2": [0.0741043686867, 0.0733757540584, 0.0629447922111, 0.0500226542354, 0.0345403254032, 0.0329922884703], "median": [-0.67325502634, -0.738954126835, -0.754869818687, -0.75761526823, -0.783789157867, -0.75771176815], "min": [-0.969929516315, -0.968537092209, -0.976054251194, -0.959519922733, -0.959415376186, -0.96204584837], "dvar2": [0.00488749006763, 0.00372307631187, 0.0024975517299, 0.00159514066763, 0.000778083747718, 0.00111189985182], "dvar": [0.00184174173046, 0.00151450291742, 0.0010681389831, 0.000671166693792, 0.000346523767803, 0.000460426206701], "dmean": [0.0444933660328, 0.0454717315733, 0.039983086288, 0.0316310115159, 0.0218854099512, 0.0207187365741], "max": [-0.307964891195, -0.424547046423, -0.430060505867, -0.481070578098, -0.522698581219, -0.523000299931], "var": [0.0052851587534, 0.00685180909932, 0.00634441012517, 0.00350316078402, 0.00191647151951, 0.0025467867963], "mean": [-0.666301906109, -0.72907602787, -0.744920432568, -0.754754185677, -0.780594050884, -0.758057713509]}, "melbands_skewness": {"dmean2": 1.14184939861, "median": 2.56426763535, "min": -2.23953795433, "dvar2": 1.97360384464, "dvar": 0.880730867386, "dmean": 0.759812235832, "max": 21.6823101044, "var": 4.50155305862, "mean": 2.91535234451}, "spectral_spread": {"dmean2": 804092.75, "median": 4000967.25, "min": 290692.28125, "dvar2": 1583113043970.0, "dvar": 971513528320, "dmean": 619463.0625, "max": 40985448, "var": 3783740358660.0, "mean": 4274871.5}, "dissonance": {"dmean2": 0.0235420297831, "median": 0.47983777523, "min": 0.22808881104, "dvar2": 0.000688272702973, "dvar": 0.000265310780378, "dmean": 0.0141834327951, "max": 0.500000059605, "var": 0.000626877706964, "mean": 0.472915709019}, "spectral_skewness": {"dmean2": 0.415155529976, "median": 1.37710833549, "min": -0.385143190622, "dvar2": 0.282878428698, "dvar": 0.120321057737, "dmean": 0.257123529911, "max": 16.1228160858, "var": 0.429427862167, "mean": 1.47254490852}, "spectral_flux": {"dmean2": 0.0381462797523, "median": 0.0698271393776, "min": 1.04793743128e-10, "dvar2": 0.00235811504535, "dvar": 0.00125032721553, "dmean": 0.025257140398, "max": 0.343617886305, "var": 0.00310715660453, "mean": 0.0820950642228}, "spectral_contrast_valleys": {"dmean2": [0.563167154789, 0.604842543602, 0.530576527119, 0.43444237113, 0.382938891649, 0.484177559614], "median": [-6.74064302444, -6.98532247543, -7.45693922043, -7.2633934021, -7.04261159897, -9.76834201813], "min": [-27.0171794891, -27.5724086761, -26.985830307, -27.2164268494, -27.3611946106, -27.1944122314], "dvar2": [0.281350284815, 0.327166855335, 0.245896339417, 0.188543707132, 0.216966614127, 0.55598282814], "dvar": [0.144629642367, 0.163971140981, 0.129846319556, 0.112392514944, 0.131455972791, 0.328380763531], "dmean": [0.360035061836, 0.378513157368, 0.345034658909, 0.292087227106, 0.269832313061, 0.399870157242], "max": [-5.10789775848, -4.86978054047, -5.46472549438, -5.95431613922, -5.58937978745, -7.43007898331], "var": [1.36667823792, 1.17401313782, 1.1577193737, 1.18455433846, 1.42975151539, 2.75681567192], "mean": [-7.08423423767, -7.17204046249, -7.64132785797, -7.5169916153, -7.35825967789, -10.3483905792]}, "erbbands_flatness_db": {"dmean2": 0.0258394274861, "median": 0.15146496892, "min": 0.0410098619759, "dvar2": 0.000860133906826, "dvar": 0.000516801897902, "dmean": 0.0197853501886, "max": 0.424172699451, "var": 0.003141424153, "mean": 0.159232333302}, "spectral_energyband_high": {"dmean2": 0.000677546893712, "median": 0.000553937687073, "min": 7.1951667426e-21, "dvar2": 1.93677738025e-06, "dvar": 1.0102565966e-06, "dmean": 0.000472810672363, "max": 0.0232138689607, "var": 3.32944728143e-06, "mean": 0.00107472296804}, "spectral_entropy": {"dmean2": 0.205957829952, "median": 7.70223855972, "min": 4.40275478363, "dvar2": 0.0716750621796, "dvar": 0.0428329780698, "dmean": 0.156439900398, "max": 9.81723690033, "var": 0.243283182383, "mean": 7.62057542801}, "silence_rate_20dB": {"dmean2": 0, "median": 1, "min": 1, "dvar2": 0, "dvar": 0, "dmean": 0, "max": 1, "var": 0, "mean": 1}, "melbands_flatness_db": {"dmean2": 0.0365834832191, "median": 0.191731646657, "min": 0.0142726581544, "dvar2": 0.00183729745913, "dvar": 0.000922116800211, "dmean": 0.0259822178632, "max": 0.761419057846, "var": 0.00805203802884, "mean": 0.212998881936}, "barkbands": {"dmean2": [0.00149154628161, 0.00865548755974, 0.00293164956383, 0.00247559207492, 0.00302354223095, 0.00127321097534, 0.000729185005184, 0.000616123608779, 0.00154834554996, 0.00109735387377, 0.000610024493653, 0.00041567417793, 0.000583860150073, 0.00109775969759, 0.000506230629981, 0.000682127312757, 0.00058044627076, 0.000291348231258, 0.000246712268563, 0.000249507866101, 0.000188636200619, 0.000148256658576, 0.000125440870761, 0.000117914729344, 0.000106637759018, 8.17173568066e-05, 2.34992839978e-05], "median": [0.000151435931912, 0.00647294474766, 0.00397495226935, 0.00143944681622, 0.000844638212584, 0.000478283094708, 0.000243618851528, 0.000109888082079, 0.000405260332627, 0.000183051306522, 9.46496220422e-05, 0.000182317045983, 0.000250058801612, 0.000494838575833, 0.000283331581159, 0.000491177430376, 0.000553986756131, 0.000260238739429, 0.000249450356932, 0.000200481008505, 0.000114041955385, 8.04758892627e-05, 7.61556220823e-05, 4.68075850222e-05, 2.50141929428e-05, 7.79016954766e-06, 2.47224335226e-07], "min": [5.54046319919e-24, 5.83022403703e-24, 8.66870965708e-24, 9.60003884178e-24, 2.10198109757e-22, 1.75539196652e-22, 5.93764369981e-23, 4.22491086979e-23, 1.14859170164e-22, 4.38182950333e-23, 3.8899034159e-23, 3.57460107634e-23, 8.96584910539e-23, 1.4174288086e-22, 1.14610167797e-22, 2.23936229706e-22, 2.36674023541e-22, 3.67452015497e-22, 5.27654140565e-22, 4.71217239113e-22, 3.57693742991e-22, 3.76175252009e-22, 6.47263528177e-22, 7.89116672859e-22, 9.48053995149e-22, 1.7412806207e-21, 2.31236118807e-21], "dvar2": [2.28323860938e-05, 0.000507333665155, 2.34940052906e-05, 2.3703356419e-05, 6.8170556915e-05, 6.82003883412e-06, 2.5709637157e-06, 4.67824338557e-06, 1.71693882294e-05, 1.27903476823e-05, 5.42702946404e-06, 6.98657629528e-07, 2.47444995694e-06, 5.18902334079e-06, 1.15073635243e-06, 1.23350071135e-06, 6.32606429463e-07, 1.76257728413e-07, 1.14071731616e-07, 1.89503055026e-07, 1.54486514248e-07, 1.40136535265e-07, 1.11159387473e-07, 1.0822777341e-07, 1.43029922128e-07, 7.2175026844e-08, 4.20162526993e-09], "dvar": [9.2518503152e-06, 0.000191515267943, 7.98054315965e-06, 8.86109501153e-06, 2.38686916418e-05, 3.06759534396e-06, 1.11136910164e-06, 2.16436478695e-06, 7.73725514591e-06, 5.66082326259e-06, 2.09346035263e-06, 2.98927290032e-07, 1.17092156415e-06, 2.28983208217e-06, 4.95670576584e-07, 5.44943134173e-07, 2.7403001468e-07, 7.37332186418e-08, 4.81917474815e-08, 8.05472097909e-08, 5.74944003517e-08, 6.27597387393e-08, 5.28167554137e-08, 5.67850726441e-08, 7.68119576833e-08, 3.84300271605e-08, 1.83118842312e-09], "dmean": [0.000971420435235, 0.00511343451217, 0.00176129245665, 0.00143442768604, 0.00169561977964, 0.000816258136183, 0.000455413479358, 0.000407795479987, 0.00104216311593, 0.000711067405064, 0.000393375579733, 0.000260448810877, 0.00038773266715, 0.000714718713425, 0.000330228562234, 0.000443584285676, 0.000371911650291, 0.000184151620488, 0.000156631635036, 0.000157518443302, 0.000115004440886, 9.21758328332e-05, 8.32629011711e-05, 8.23630252853e-05, 7.62811032473e-05, 5.72956923861e-05, 1.59091832757e-05], "max": [0.0331056043506, 0.144714087248, 0.0368528738618, 0.0429910756648, 0.0540584921837, 0.0337644442916, 0.0272465180606, 0.0338703244925, 0.0514587238431, 0.0757535099983, 0.0363431796432, 0.0198388714343, 0.0262182950974, 0.039992891252, 0.0188008267432, 0.0144971227273, 0.010576358065, 0.00618653697893, 0.00542583223432, 0.0121156461537, 0.00457629561424, 0.00962675642222, 0.0067360275425, 0.00683320639655, 0.00824688188732, 0.00821255426854, 0.000810600118712], "var": [1.16913524835e-05, 0.000178464993951, 1.83057345566e-05, 1.03817601484e-05, 1.69410322997e-05, 8.11938753031e-06, 1.88306273685e-06, 4.581266694e-06, 2.18685363507e-05, 2.15788586502e-05, 6.37615721644e-06, 9.89258637674e-07, 2.52511199506e-06, 6.52424569125e-06, 1.13421526748e-06, 1.21438472434e-06, 7.31438888124e-07, 1.90497104313e-07, 1.35330509465e-07, 1.97652155975e-07, 1.26087712715e-07, 1.07861929166e-07, 1.13515561395e-07, 1.55262966928e-07, 2.23432650159e-07, 1.17060295679e-07, 2.14774154017e-09], "mean": [0.00120486272499, 0.00922943092883, 0.00477052852511, 0.00238127051853, 0.001949503785, 0.00145584659185, 0.000685838749632, 0.000630302