{"tonal": {"thpcp": [1, 0.440372735262, 0.0334696099162, 0.0195225197822, 0.0514707528055, 0.436614841223, 0.639887094498, 0.259336024523, 0.0175721999258, 0.00671557988971, 0.0358033329248, 0.403625428677, 0.613076269627, 0.288819760084, 0.240866005421, 0.310399621725, 0.124713748693, 0.0356410741806, 0.0440500117838, 0.0623229891062, 0.594208776951, 0.936880230904, 0.398029088974, 0.0160486772656, 0.00663369940594, 0.0202171411365, 0.289740204811, 0.471517652273, 0.221170946956, 0.0688314512372, 0.0744082704186, 0.0442650318146, 0.107319399714, 0.138265043497, 0.124002330005, 0.6570276618], "hpcp": {"dmean2": [0.103843189776, 0.0579131245613, 0.0108331926167, 0.0035371070262, 0.0163656044751, 0.0736855268478, 0.0830066278577, 0.0666658133268, 0.0574583858252, 0.0519363433123, 0.0313143767416, 0.0161248836666, 0.0152785023674, 0.0265063978732, 0.11225490272, 0.139477670193, 0.0871430709958, 0.010547847487, 0.00340141612105, 0.0101685598493, 0.0457648597658, 0.0490629188716, 0.0401377901435, 0.0246205143631, 0.0196292623878, 0.0173901822418, 0.0407152287662, 0.0482081770897, 0.0475727580488, 0.120443724096, 0.147688880563, 0.0879571288824, 0.021676082164, 0.0164396297187, 0.0291072297841, 0.0934169515967], "median": [0.0468647703528, 0.0205793660134, 0.000890296360012, 0.000400885386625, 0.00366404699162, 0.0236508622766, 0.0295071937144, 0.0190431792289, 0.00470860861242, 0.00241544051096, 0.00215472304262, 0.0018329503946, 0.00123561685905, 0.00504077039659, 0.0972427800298, 0.160585939884, 0.0723031684756, 0.00146949512418, 0.000322571548168, 0.00142343912739, 0.00844781566411, 0.0133645571768, 0.00840098876506, 0.00182241387665, 0.000690631393809, 0.00133221840952, 0.00598827423528, 0.0071687810123, 0.0170089397579, 0.146658360958, 0.234441608191, 0.0821225345135, 0.0018501249142, 0.00054964661831, 0.00356585113332, 0.0299467518926], "min": [0, 0, 0, 0, 0, 0, 0, 0, 0, 0, 0, 0, 0, 0, 0, 0, 0, 0, 0, 0, 0, 0, 0, 0, 0, 0, 0, 0, 0, 0, 0, 0, 0, 0, 0, 0], "dvar2": [0.0411189012229, 0.0111825037748, 0.00234784651548, 0.000264570437139, 0.00134131999221, 0.018927263096, 0.0328057743609, 0.0195292104036, 0.023205190897, 0.0202060993761, 0.00612184405327, 0.00206028157845, 0.00326471868902, 0.00607682717964, 0.0267236288637, 0.0507975816727, 0.018042800948, 0.00130034075119, 0.000251260615187, 0.00118586746976, 0.0101428497583, 0.0170335266739, 0.0101227611303, 0.0155933313072, 0.0107398675755, 0.00429923180491, 0.0145076978952, 0.0175081640482, 0.0130450772122, 0.0305055789649, 0.0521360896528, 0.0226913504303, 0.00923920888454, 0.0104562016204, 0.0100117875263, 0.0291879009455], "dvar": [0.0180541537702, 0.00491011142731, 0.000807612959761, 9.03794862097e-05, 0.000491587270517, 0.00781957339495, 0.0147598627955, 0.00751673709601, 0.00942322332412, 0.0101288277656, 0.00270548136905, 0.000822510977741, 0.00131192407571, 0.00215482106432, 0.0111332638189, 0.0227994490415, 0.0073055010289, 0.000452152511571, 8.69100404088e-05, 0.000405370345106, 0.00431020418182, 0.00798093341291, 0.00390355288982, 0.00541042443365, 0.00389194511808, 0.0015370210167, 0.00541115319356, 0.00709330057725, 0.00462701683864, 0.0137239834294, 0.0242231804878, 0.00914509315044, 0.00339009659365, 0.00344090489671, 0.00334646250121, 0.012207115069], "dmean": [0.0652616992593, 0.0380376167595, 0.00629830826074, 0.00211147242226, 0.00979889836162, 0.0467176064849, 0.0534833036363, 0.0421640276909, 0.0357399024069, 0.0341804362833, 0.0205018874258, 0.00986703205854, 0.00936286989599, 0.0159153304994, 0.0720830559731, 0.0900224670768, 0.0554912798107, 0.00599116226658, 0.00197543855757, 0.00601336825639, 0.0292797964066, 0.0318919569254, 0.0249187294394, 0.0139433043078, 0.0107571417466, 0.0103448908776, 0.0252545606345, 0.0301027018577, 0.0292378477752, 0.0792465806007, 0.0962737128139, 0.0568704940379, 0.0124505730346, 0.0090113915503, 0.0168052874506, 0.059443693608], "max": [1, 1, 0.875032484531, 0.191660121083, 0.393664389849, 1, 1, 1, 1, 1, 0.875760257244, 0.718471944332, 1, 1, 1, 1, 1, 0.615310907364, 0.295198053122, 0.411077648401, 1, 1, 0.899298012257, 1, 1, 0.679270446301, 1, 1, 1, 1, 1, 1, 1, 1, 1, 1], "var": [0.131420433521, 0.0251340921968, 0.000671995512675, 9.0867302788e-05, 0.000754829146899, 0.0606333687901, 0.138579696417, 0.0286492519081, 0.0473839491606, 0.0760453417897, 0.0126365246251, 0.00180518603884, 0.00559987081215, 0.00419317279011, 0.0704119354486, 0.1565952003, 0.0320180542767, 0.000329281872837, 7.53098502173e-05, 0.000465381890535, 0.0458053983748, 0.121634483337, 0.0271873064339, 0.0142855327576, 0.0209647528827, 0.00400053570047, 0.0132539896294, 0.0216287635267, 0.00813283771276, 0.0746795013547, 0.154648393393, 0.0419604927301, 0.00284810829908, 0.0023079640232, 0.00269883289002, 0.0662739798427], "mean": [0.250136703253, 0.101376406848, 0.00686910562217, 0.0026251708623, 0.0139957927167, 0.157780230045, 0.239656150341, 0.112901829183, 0.0941563397646, 0.121337562799, 0.0487515479326, 0.0139323649928, 0.0172194819897, 0.024362526834, 0.232280701399, 0.366233557463, 0.155592575669, 0.00627354951575, 0.00259316316806, 0.00790303293616, 0.113261640072, 0.184319809079, 0.0864573940635, 0.0269067343324, 0.0290867555887, 0.0173035357147, 0.0419519655406, 0.0540488474071, 0.0484734475613, 0.256837069988, 0.390907555819, 0.172145023942, 0.0130835231394, 0.00763150071725, 0.0201203059405, 0.170676037669]}, "tuning_equal_tempered_deviation": 0.0384767763317, "chords_changes_rate": 0.0274420119822, "key_key": "G", "tuning_diatonic_strength": 0.624073088169, "key_scale": "major", "chords_number_rate": 0.00359359686263, "tuning_frequency": 444.085327148, "tuning_nontempered_energy_ratio": 0.615960538387, "chords_histogram": [42.3717727661, 3.88761854172, 12.3489055634, 0.065338127315, 1.89480566978, 0, 0.065338127315, 0, 0.163345307112, 0, 0, 0, 0, 0, 0, 2.48284864426, 0, 4.14897108078, 0, 1.96014368534, 2.67886304855, 12.3489055634, 11.6301860809, 3.95295643806], "key_strength": 0.856642663479, "chords_key": "G", "chords_strength": {"dmean2": 0.00334865157492, "median": 0.534393250942, "min": 0.213879823685, "dvar2": 1.5964231352e-05, "dvar": 2.87015081994e-05, "dmean": 0.00544665008783, "max": 0.722994625568, "var": 0.00752967922017, "mean": 0.520535826683}, "chords_scale": "major", "hpcp_entropy": {"dmean2": 0.567462921143, "median": 1.12462091446, "min": 0, "dvar2": 0.346890360117, "dvar": 0.138656511903, "dmean": 0.341387063265, "max": 3.10799217224, "var": 0.422835320234, "mean": 1.12935900688}}, "metadata": {"audio_properties": {"equal_loudness": 0, "codec": "flac", "downmix": "mix", "sample_rate": 44100, "analysis_sample_rate": 44100, "bit_rate": 0, "md5_encoded": "d18a63711d9911c72eed83472ada26da", "length": 142.080001831, "replay_gain": -6.54331207275, "lossless": true}, "version": {"essentia_build_sha": "5c9e65ec81695c916afb4cba055c226bfc528ee6", "essentia": "2.1-beta1", "extractor": "music 1.0", "essentia_git_sha": "v2.1_beta1-28-g21ef5f4"}, "tags": {"title": ["Another Year Ends"], "barcode": ["093624963127"], "media": ["CD"], "albumartist": ["Patrick Doyle"], "tracktotal": ["24"], "albumartistsort": ["Doyle, Patrick"], "performer": ["London Symphony Orchestra (orchestra)"], "releasetype": ["album", "soundtrack"], "musicbrainz_recordingid": ["10d601d8-b1b5-4c79-9364-a5ebde0bd3b3"], "arranger": ["Patrick Doyle", "Lawrence Ashmore", "James Shearman"], "musicbrainz_releasegroupid": ["93e9465f-9911-3f5c-aae0-7754d0b74378"], "mixer": ["Nick Wollage"], "musicbrainz_albumartistid": ["0627192d-4fed-4f4b-bad8-383bb42fa8fa"], "producer": ["Patrick Doyle", "Diarmuid Quinn", "David Heyman", "Maggie Rodford", "Mike Newell", "David Barron", "Tom Whalley"], "discnumber": ["1"], "catalognumber": ["9362-49631-2"], "releasecountry": ["GB"], "isrc": ["USWB10504716"], "originaldate": ["2005-11-09"], "artists": ["Patrick Doyle"], "date": ["2005-11-15"], "file_name": "20 Another Year Ends.flac", "disctotal": ["1"], "acoustid_id": ["13fe8102-925b-41d6-9542-3288afa8921c"], "releasestatus": ["official"], "musicbrainz_artistid": ["0627192d-4fed-4f4b-bad8-383bb42fa8fa"], "asin": ["B000BGH22W"], "musicbrainz_albumid": ["f1f5e933-13cd-4191-aec1-a03b416ff0ea"], "musicbrainz_releasetrackid": ["e77c93a2-d2c8-3293-940d-60858c4cc00f"], "artist": ["Patrick Doyle"], "tracknumber": ["20"], "artistsort": ["Doyle, Patrick"], "album": ["Harry Potter and the Goblet of Fire"], "label": ["Warner Bros. Records"], "totaltracks": ["24"], "totaldiscs": ["1"], "script": ["Latn"], "conductor": ["James Shearman"]}}, "rhythm": {"bpm_histogram_first_peak_bpm": {"dmean2": 0, "median": 133, "min": 133, "dvar2": 0, "dvar": 0, "dmean": 0, "max": 133, "var": 0, "mean": 133}, "bpm": 132.245193481, "bpm_histogram_second_peak_spread": {"dmean2": 0, "median": 0.367346942425, "min": 0.367346942425, "dvar2": 0, "dvar": 0, "dmean": 0, "max": 0.367346942425, "var": 0, "mean": 0.367346942425}, "bpm_histogram_first_peak_weight": {"dmean2": 0, "median": 0.151612907648, "min": 0.151612907648, "dvar2": 0, "dvar": 0, "dmean": 0, "max": 0.151612907648, "var": 0, "mean": 0.151612907648}, "onset_rate": 0.204089507461, "beats_position": [0.592108845711, 1.18421769142, 1.77632653713, 2.36843538284, 2.96054410934, 3.58748292923, 4.14476203918, 4.7020406723, 5.25931978226, 5.8282084465, 6.38548755646, 6.93115615845, 7.47682523727, 8.03410434723, 8.59138298035, 9.04417228699, 9.49696159363, 9.94974994659, 10.4025392532, 10.8553285599, 11.3081178665, 11.7609071732, 12.2136955261, 12.6664848328, 13.1192741394, 13.5836734772, 14.0480718613, 14.512471199, 15.0465307236, 15.5805892944, 16.114648819, 16.6487064362, 17.1827659607, 17.7168254852, 18.2392749786, 18.7617225647, 19.2841720581, 19.7950115204, 20.3058490753, 20.8282985687, 21.339138031, 21.8499774933, 22.3608150482, 22.8832645416, 23.3941040039, 23.8817234039, 24.369342804, 24.8569602966, 25.3445796967, 25.8321990967, 26.3198184967, 26.7958278656, 27.2718353271, 27.747844696, 28.2238540649, 28.711473465, 29.199092865, 29.686712265, 30.1859397888, 30.68516922, 31.17278862, 31.6487979889, 32.1248054504, 32.6008148193, 33.053604126, 33.5063934326, 33.9707946777, 34.4235839844, 34.8763694763, 35.329158783, 35.7819480896, 36.2347373962, 36.6875267029, 37.1403160095, 37.5002250671, 37.848526001, 38.2084350586, 38.5683441162, 38.9282531738, 39.2881622314, 39.6480712891, 40.124080658, 40.5884780884, 41.0528793335, 41.5172767639, 41.9932861328, 42.4692955017, 42.9336967468, 43.4097061157, 43.8857116699, 44.3617210388, 44.7912902832, 45.2208595276, 45.650428772, 46.0799980164, 46.497959137, 46.9275283813, 47.3454856873, 47.7634468079, 48.16979599, 48.5877532959, 49.0057144165, 49.4120635986, 49.8184127808, 50.2247619629, 50.631111145, 51.0374603271, 51.4438095093, 51.8501586914, 52.2681159973, 52.6860771179, 53.1040344238, 53.5568237305, 54.0096130371, 54.4624023438, 54.9268035889, 55.4144210815, 55.9020385742, 56.3896598816, 56.7960090637, 57.2023582458, 57.608707428, 58.0034446716, 58.39818573, 58.7929229736, 59.187664032, 59.5824012756, 59.977142334, 60.3602714539, 60.7434005737, 61.1381378174, 61.5328788757, 61.9276161194, 62.3223571777, 62.7170982361, 63.1118354797, 63.5065765381, 63.9013137817, 64.2960510254, 64.67918396, 65.0623092651, 65.4454421997, 65.8285675049, 66.2117004395, 66.5832214355, 66.9663467407, 67.3494796753, 67.7326049805, 68.115737915, 68.4756469727, 68.8355560303, 69.1954650879, 69.5553741455, 70.0081634521, 70.4609527588, 70.9137420654, 71.3665313721, 71.8309249878, 72.2837142944, 72.7365036011, 73.1892929077, 73.6420822144, 74.094871521, 74.5592727661, 75.0236740112, 75.488067627, 76.0105209351, 76.5329666138, 77.0554199219, 77.4849853516, 77.9261627197, 78.3557357788, 78.7620849609, 79.1684341431, 79.5747833252, 79.9695205688, 80.3642578125, 80.7590026855, 81.1537399292, 81.5484771729, 81.9432220459, 82.3379592896, 82.7326965332, 83.1390457153, 83.5453948975, 83.9517440796, 84.3580932617, 84.7528305054, 85.1475753784, 85.5423126221, 85.9370498657, 86.4014511108, 86.877456665, 87.3534698486, 87.8643035889, 88.3751449585, 88.8859863281, 89.4084320068, 89.9308853149, 90.4533309937, 90.9873886108, 91.5098419189, 92.0438995361, 92.5663452148, 93.0887985229, 93.6344680786, 94.1801376343, 94.7141952515, 95.2482528687, 95.7823104858, 96.316368103, 96.7575454712, 97.2103347778, 97.6631240845, 98.1623535156, 98.6615829468, 99.1724243164, 99.6368255615, 100.101219177, 100.554008484, 101.018409729, 101.471199036, 101.923988342, 102.36516571, 102.817955017, 103.259140015, 103.700317383, 104.153106689, 104.605895996, 105.070289612, 105.581130981, 106.080360413, 106.602806091, 107.067207336, 107.54322052, 108.019226074, 108.495239258, 108.971244812, 109.447257996, 109.92326355, 110.422492981, 110.933334351, 111.432563782, 111.920181274, 112.407798767, 112.907028198, 113.406257629, 113.917098999, 114.416320801, 114.903945923, 115.391563416, 115.890792847, 116.366798401, 116.842811584, 117.3072052, 117.794830322, 118.282447815, 118.758453369, 119.211242676, 119.664031982, 120.116821289, 120.511566162, 120.906303406, 121.301040649, 121.695777893, 122.078910828, 122.450431824, 122.82194519, 123.193466187, 123.564987183, 123.948112488, 124.319633484, 124.679542542, 125.039451599, 125.410972595, 125.782493591, 126.154014587, 126.618408203, 127.082809448, 127.547210693, 127.976776123, 128.417953491, 128.847518921, 129.277099609, 129.741500854, 130.194290161, 130.658676147, 131.123077393, 131.587478638, 132.051879883, 132.493057251, 132.934234619, 133.375411987, 133.816589355, 134.257781982, 134.698959351, 135.140136719, 135.592926025, 136.045715332, 136.498504639, 136.962905884, 137.41569519, 137.880081177, 138.321273804, 138.762451172, 139.20362854, 139.644805908, 140.085983276, 140.527160645, 140.968338013, 141.409515381], "beats_loudness": {"dmean2": 0.0124362977222, "median": 0.00747851189226, "min": 0, "dvar2": 0.000279813801171, "dvar": 9.82833371381e-05, "dmean": 0.00742026045918, "max": 0.0999898910522, "var": 0.000305121124256, "mean": 0.0151803428307}, "danceability": 0.824005782604, "bpm_histogram_second_peak_weight": {"dmean2": 0, "median": 0.10000000149, "min": 0.10000000149, "dvar2": 0, "dvar": 0, "dmean": 0, "max": 0.10000000149, "var": 0, "mean": 0.10000000149}, "beats_count": 311, "bpm_histogram_second_peak_bpm": {"dmean2": 0, "median": 152, "min": 152, "dvar2": 0, "dvar": 0, "dmean": 0, "max": 152, "var": 0, "mean": 152}, "bpm_histogram_first_peak_spread": {"dmean2": 0, "median": 0.520408153534, "min": 0.520408153534, "dvar2": 0, "dvar": 0, "dmean": 0, "max": 0.520408153534, "var": 0, "mean": 0.520408153534}, "beats_loudness_band_ratio": {"dmean2": [0.101111121476, 0.253252714872, 0.255379289389, 0.163702443242, 0.058523863554, 0.0168844535947], "median": [0.0257860217243, 0.306513190269, 0.405711740255, 0.0959170907736, 0.0339650735259, 0.00611374247819], "min": [0, 0, 0, 0, 0, 0], "dvar2": [0.0429255738854, 0.0471067018807, 0.0457225739956, 0.0358823239803, 0.00636890437454, 0.00108378368896], "dvar": [0.0146931493655, 0.0206987615675, 0.01865423657, 0.0126971686259, 0.00218682130799, 0.000406994920922], "dmean": [0.0600109174848, 0.153622716665, 0.155339881778, 0.0936094745994, 0.0346513576806, 0.0099309599027], "max": [0.982617139816, 0.945716917515, 0.877833425999, 0.942626059055, 0.330980122089, 0.16065004468], "var": [0.0308691654354, 0.0668894350529, 0.0464552305639, 0.0518829487264, 0.00393182877451, 0.000617234618403], "mean": [0.0909614413977, 0.345445722342, 0.394977539778, 0.194532752037, 0.056104183197, 0.0160162132233]}}, "lowlevel": {"barkbands_spread": {"dmean2": 2.96405434608, "median": 7.57901954651, "min": 0.400632947683, "dvar2": 40.3339729309, "dvar": 14.9144916534, "dmean": 1.91042327881, "max": 115.921409607, "var": 64.2881088257, "mean": 9.20226478577}, "melbands_spread": {"dmean2": 3.55342173576, "median": 9.79842948914, "min": 0.40561401844, "dvar2": 31.2422103882, "dvar": 14.3456830978, "dmean": 2.34477114677, "max": 158.755432129, "var": 177.54296875, "mean": 12.3958444595}, "hfc": {"dmean2": 2.15140938759, "median": 5.15795612335, "min": 1.08884695706e-16, "dvar2": 14.7440853119, "dvar": 5.6243724823, "dmean": 1.4820086956, "max": 69.5068817139, "var": 82.0798873901, "mean": 8.31493663788}, "barkbands_kurtosis": {"dmean2": 3.46098923683, "median": 3.70982933044, "min": -1.57877373695, "dvar2": 41.2770957947, "dvar": 22.3888263702, "dmean": 2.34578204155, "max": 197.344848633, "var": 663.760314941, "mean": 9.32410430908}, "gfcc": {"mean": [-148.01423645, 110.042686462, -146.970947266, -15.8294258118, -67.7812347412, -25.1396217346, -33.12084198, -2.90363526344, -14.3587179184, -0.641415834427, -6.49321937561, 1.16003596783, -5.11732053757], "icov": [[0.000521431793459, -0.00163741759025, 0.00137310463469, -0.000760907772928, 0.00163291580975, -0.000936899275985, 0.000903355772607, -0.00113291875459, 0.000916906225029, -0.0015028398484, 0.000976117677055, -0.00121403450612, 0.000748343241867], [-0.00163741759025, 0.00615807715803, -0.00437381258234, 0.00246836198494, -0.00587588269264, 0.00452301464975, -0.00408083666116, 0.00499012134969, -0.00398166198283, 0.00611518416554, -0.00367852975614, 0.00495040696114, -0.00287007912993], [0.00137310463469, -0.00437381258234, 0.00459914188832, -0.00215183920227, 0.00308801815845, -0.0022014756687, 0.00166836101562, -0.00165982637554, 0.00222131609917, -0.00375486072153, 0.00398794794455, -0.00482487305999, 0.00233600963838], [-0.000760907772928, 0.00246836198494, -0.00215183920227, 0.00398587854579, -0.00507599487901, 0.00147270469461, 0.00234211585484, -0.00237915851176, 0.000747843005229, 0.00256980629638, -0.00318136834539, 0.0051592788659, -0.00196911743842], [0.00163291580975, -0.00587588269264, 0.00308801815845, -0.00507599487901, 0.014209760353, -0.0072683384642, -0.00164585222956, 0.00145723938476, -0.00112382741645, -0.00431394157931, 0.00259487656876, -0.00337294605561, 0.00357953063212], [-0.000936899275985, 0.00452301464975, -0.0022014756687, 0.00147270469461, -0.0072683384642, 0.0140414144844, -0.00633592531085, -0.000729107181542, 0.0036673003342, -0.00160282233264, 0.00214722938836, -0.0014090151526, 0.000382351776352], [0.000903355772607, -0.00408083666116, 0.00166836101562, 0.00234211585484, -0.00164585222956, -0.00633592531085, 0.0178684070706, -0.0140058193356, 0.00342122884467, -0.0022606565617, -0.00170795631129, 0.000791887985542, -0.000222513161134], [-0.00113291875459, 0.00499012134969, -0.00165982637554, -0.00237915851176, 0.00145723938476, -0.000729107181542, -0.0140058193356, 0.0275072231889, -0.0168485771865, 0.00537966703996, 0.0011037166696, -0.00064909120556, -0.000563393870834], [0.000916906225029, -0.00398166198283, 0.00222131609917, 0.000747843005229, -0.00112382741645, 0.0036673003342, 0.00342122884467, -0.0168485771865, 0.026173915714, -0.0150618199259, 0.00452992506325, 0.000202365743462, -0.0015410548076], [-0.0015028398484, 0.00611518416554, -0.00375486072153, 0.00256980629638, -0.00431394157931, -0.00160282233264, -0.0022606565617, 0.00537966703996, -0.0150618199259, 0.0313952155411, -0.0188547987491, 0.0075166313909, -0.00243864650838], [0.000976117677055, -0.00367852975614, 0.00398794794455, -0.00318136834539, 0.00259487656876, 0.00214722938836, -0.00170795631129, 0.0011037166696, 0.00452992506325, -0.0188547987491, 0.0305377487093, -0.0184360295534, 0.00520087685436], [-0.00121403450612, 0.00495040696114, -0.00482487305999, 0.0051592788659, -0.00337294605561, -0.0014090151526, 0.000791887985542, -0.00064909120556, 0.000202365743462, 0.0075166313909, -0.0184360295534, 0.0309321191162, -0.0142915062606], [0.000748343241867, -0.00287007912993, 0.00233600963838, -0.00196911743842, 0.00357953063212, 0.000382351776352, -0.000222513161134, -0.000563393870834, -0.0015410548076, -0.00243864650838, 0.00520087685436, -0.0142915062606, 0.0183231253177]], "cov": [[31019.2753906, 2347.29370117, -6320.81103516, -46.0350456238, -2159.44018555, -1343.50939941, -1093.83703613, -6.77541255951, 27.9180622101, 6.07296705246, 142.591903687, -286.073303223, 77.6481933594], [2347.29370117, 3305.47485352, 1466.31054688, 201.226470947, 546.124816895, -451.73638916, 26.7327919006, -371.359222412, -17.0474414825, -322.603515625, -203.19329834, -280.164672852, -56.9926719666], [-6320.81103516, 1466.31054688, 2901.18481445, 352.665435791, 885.047546387, 87.2395401001, 228.043701172, -245.614852905, -69.6181716919, -217.285888672, -192.603042603, -98.21068573, -80.3509902954], [-46.0350456238, 201.226470947, 352.665435791, 881.15826416, 309.739074707, 24.4704933167, -65.6085586548, 0.485655725002, -30.2143230438, -60.565486908, -75.7958374023, -163.776092529, -95.4970169067], [-2159.44018555, 546.124816895, 885.047546387, 309.739074707, 577.961486816, 171.280349731, 215.292892456, 6.30704498291, 42.9739074707, -26.2180862427, -56.065952301, -76.9809570312, -63.4879455566], [-1343.50939941, -451.73638916, 87.2395401001, 24.4704933167, 171.280349731, 325.006591797, 201.328933716, 145.507568359, 43.0895881653, 85.9223327637, 27.2989120483, 50.496711731, -11.0068826675], [-1093.83703613, 26.7327919006, 228.043701172, -65.6085586548, 215.292892456, 201.328933716, 312.091217041, 161.733978271, 104.164787292, 66.6077041626, 21.1853046417, 26.6411457062, 7.63200187683], [-6.77541255951, -371.359222412, -245.614852905, 0.485655725002, 6.30704498291, 145.507568359, 161.733978271, 229.402267456, 120.997016907, 96.8407592773, 37.6188621521, 35.2110214233, 18.0736751556], [27.9180622101, -17.0474414825, -69.6181716919, -30.2143230438, 42.9739074707, 43.0895881653, 104.164787292, 120.997016907, 142.469650269, 77.5106201172, 27.2968235016, 10.3171510696, 20.1064682007], [6.07296705246, -322.603515625, -217.285888672, -60.565486908, -26.2180862427, 85.9223327637, 66.6077041626, 96.8407592773, 77.5106201172, 138.335083008, 82.5700149536, 54.4949798584, 21.526506424], [142.591903687, -203.19329834, -192.603042603, -75.7958374023, -56.065952301, 27.2989120483, 21.1853046417, 37.6188621521, 27.2968235016, 82.5700149536, 111.850822449, 77.5752105713, 32.5988388062], [-286.073303223, -280.164672852, -98.21068573, -163.776092529, -76.9809570312, 50.496711731, 26.6411457062, 35.2110214233, 10.3171510696, 54.4949798584, 77.5752105713, 138.03326416, 71.8744354248], [77.6481933594, -56.9926719666, -80.3509902954, -95.4970169067, -63.4879455566, -11.0068826675, 7.63200187683, 18.0736751556, 20.1064682007, 21.526506424, 32.5988388062, 71.8744354248, 107.102546692]]}, "spectral_energyband_middle_low": {"dmean2": 0.00231278594583, "median": 0.00550050614402, "min": 1.95066773096e-22, "dvar2": 2.07038247027e-05, "dvar": 9.87873227132e-06, "dmean": 0.0018542020116, "max": 0.114485390484, "var": 0.000239650311414, "mean": 0.0114746578038}, "melbands_crest": {"dmean2": 3.02612900734, "median": 14.6416034698, "min": 1.52671706676, "dvar2": 11.85409832, "dvar": 5.04947662354, "dmean": 2.10070967674, "max": 33.9273262024, "var": 36.4629096985, "mean": 15.7309436798}, "spectral_kurtosis": {"dmean2": 8.97540283203, "median": 8.81520938873, "min": -1.25201702118, "dvar2": 144.503082275, "dvar": 46.3837852478, "dmean": 5.0571641922, "max": 329.698669434, "var": 765.287109375, "mean": 16.570350647}, "spectral_rms": {"dmean2": 0.000344348605722, "median": 0.00273632910103, "min": 3.11520926242e-12, "dvar2": 2.02753227541e-07, "dvar": 8.90274307608e-08, "dmean": 0.000263224850642, "max": 0.0107301305979, "var": 3.97269695895e-06, "mean": 0.00317211658694}, "zerocrossingrate": {"dmean2": 0.00557365315035, "median": 0.03466796875, "min": 0, "dvar2": 0.000233760452829, "dvar": 0.000123323203297, "dmean": 0.00419814931229, "max": 0.52880859375, "var": 0.0023604312446, "mean": 0.0438716709614}, "silence_rate_60dB": {"dmean2": 0.0686498880386, "median": 0, "min": 0, "dvar2": 0.0737378373742, "dvar": 0.0331398919225, "dmean": 0.0343193337321, "max": 1, "var": 0.18148316443, "mean": 0.238235294819}, "erbbands_kurtosis": {"dmean2": 1.86901402473, "median": 1.07816123962, "min": -1.58890604973, "dvar2": 5.36289358139, "dvar": 2.38243412971, "dmean": 1.23938536644, "max": 36.1502075195, "var": 13.3678092957, "mean": 2.19838833809}, "erbbands": {"dmean2": [0.000897012592759, 0.0204683616757, 0.0970925986767, 0.137035578489, 0.706061124802, 1.74079418182, 4.52784204483, 5.70808553696, 9.90535259247, 18.6885910034, 13.7607307434, 6.85048294067, 12.1460027695, 14.2894306183, 16.2104911804, 12.2266216278, 8.04279613495, 7.74468183517, 7.47991657257, 10.1123456955, 7.48662376404, 5.45834779739, 3.37327694893, 4.68835115433, 3.45394492149, 2.17270994186, 0.727197527885, 0.384222000837, 0.202305153012, 0.189061209559, 0.0967756062746, 0.0344504788518, 0.0181876141578, 0.0062103732489, 0.00305038574152, 0.000753748347051, 0.000168372091139, 8.34926249809e-05, 4.95002950629e-06, 3.40298788615e-06], "median": [7.91951024439e-05, 0.000304968678392, 0.00179209653288, 0.0421725586057, 0.461379289627, 1.58515536785, 5.72686862946, 7.66846466064, 9.48959922791, 5.76736545563, 14.94597435, 6.8806347847, 5.89131259918, 7.19735336304, 3.93609571457, 3.74915337563, 2.30792140961, 3.44514894485, 3.5011548996, 3.57378458977, 2.72747397423, 2.3566660881, 1.9742975235, 1.57046616077, 1.25716876984, 0.955561041832, 0.37042850256, 0.153191894293, 0.0979419946671, 0.0603022016585, 0.0323107391596, 0.0145302284509, 0.00742769706994, 0.00299635855481, 0.00140968593769, 0.000429041479947, 0.000158561189892, 0.000409857835621, 2.16496664507e-05, 9.5981913546e-06], "min": [3.09625002291e-23, 5.2995549395e-22, 5.14667011148e-21, 3.13591359582e-21, 8.49266577246e-21, 2.99198853132e-20, 4.60629838202e-20, 7.71364662016e-20, 1.35605469306e-19, 1.95390322894e-19, 2.89691962954e-19, 4.47992903049e-19, 5.75447114879e-19, 9.31308693001e-19, 1.0064304445e-18, 1.60185148963e-18, 2.02346203573e-18, 1.87601357602e-18, 2.77411251839e-18, 4.30515083354e-18, 3.02803690732e-18, 5.08123401811e-18, 5.76132247901e-18, 7.13090568514e-18, 7.5183637015e-18, 8.4797179725e-18, 8.97671786302e-18, 9.93259206245e-18, 1.14667043876e-17, 1.12521205018e-17, 1.0872597629e-17, 1.26117688551e-17, 1.07055269976e-17, 8.33138463633e-18, 6.82518717536e-18, 4.38220518914e-18, 2.34969565867e-18, 1.01756874164e-18, 2.50776217061e-19, 2.74224848722e-20], "dvar2": [6.70882945997e-06, 0.00381400226615, 0.0843457058072, 0.148782879114, 2.59757256508, 21.1793613434, 295.3644104, 279.516967773, 666.384277344, 4381.96386719, 1097.52050781, 211.673660278, 1271.69750977, 1792.87426758, 2922.84179688, 3355.29248047, 619.013916016, 383.318145752, 345.066986084, 691.89465332, 529.106018066, 219.595291138, 37.4426689148, 172.718338013, 120.492698669, 25.4446182251, 3.69078302383, 0.936213374138, 0.270454406738, 0.261783391237, 0.0727881342173, 0.0070517626591, 0.00232135108672, 0.000256254832493, 7.0524707553e-05, 4.77703315482e-06, 1.96441149569e-07, 1.38671376604e-08, 9.04883112884e-11, 3.5604769133e-11], "dvar": [4.74848820886e-06, 0.003366390476, 0.0742665603757, 0.0705887675285, 1.23175668716, 9.38977622986, 123.677574158, 138.592605591, 582.62097168, 1803.16064453, 619.15057373, 186.752487183, 564.262390137, 755.374389648, 1053.90209961, 1222.81176758, 245.958999634, 159.563247681, 129.542068481, 251.091934204, 182.492462158, 83.7172698975, 13.072306633, 58.9636497498, 43.0043067932, 8.76169395447, 1.28093540668, 0.332303017378, 0.0949433147907, 0.0953214764595, 0.0266129933298, 0.00259534455836, 0.000847656454425, 9.50138637563e-05, 2.76313603536e-05, 1.72137606569e-06, 7.81552600415e-08, 5.64117019763e-09, 4.01274083406e-11, 1.56173927957e-11], "dmean": [0.00078834022861, 0.0203751921654, 0.0996140912175, 0.102748788893, 0.533616244793, 1.29586327076, 3.53978347778, 5.01504039764, 9.47904777527, 13.9874362946, 11.1202888489, 6.03604888916, 8.94058704376, 9.52851486206, 10.3158359528, 7.72222280502, 5.00370550156, 4.88179826736, 4.47937107086, 5.87334108353, 4.43182468414, 3.23904514313, 1.98010885715, 2.75774931908, 2.0063931942, 1.25922358036, 0.423948168755, 0.223480045795, 0.120054483414, 0.112207457423, 0.0581042319536, 0.0206341128796, 0.0108357788995, 0.00375795830041, 0.00191174889915, 0.000470483500976, 0.000106016428617, 5.78598337597e-05, 3.42065118275e-06, 2.55648387792e-06], "max": [0.170279890299, 2.32365942001, 10.6825265884, 18.8918972015, 47.912651062, 89.4720840454, 348.788482666, 505.245361328, 1626.9888916, 1286.45544434, 644.016418457, 581.17755127, 652.317565918, 570.578613281, 752.974975586, 1024.63586426, 357.368286133, 380.59072876, 356.649505615, 320.054931641, 477.969543457, 485.866333008, 62.5395011902, 200.979522705, 188.883605957, 69.0830078125, 25.8233699799, 14.5234193802, 6.74933242798, 8.73654460907, 3.98952627182, 1.32798087597, 1.06955325603, 0.25656580925, 0.200467586517, 0.0415618009865, 0.00809224694967, 0.00238416902721, 0.000282243243419, 0.000132869448862], "var": [0.000230452948017, 0.0619413778186, 1.46324944496, 2.34789538383, 13.1154975891, 80.0978240967, 767.577453613, 4467.46923828, 20770.9238281, 7844.49267578, 2783.50512695, 2136.51904297, 2228.35400391, 1540.42797852, 2232.27929688, 2383.01025391, 548.704467773, 348.346893311, 213.618682861, 375.483978271, 246.038726807, 127.105926514, 27.8383216858, 113.999481201, 77.5744094849, 19.6936187744, 3.15959620476, 0.911019146442, 0.31070047617, 0.327863633633, 0.0896034985781, 0.0129452608526, 0.00473432475701, 0.000711508619133, 0.000183946845937, 1.37100068969e-05, 7.21962010175e-07, 7.96636570044e-08, 7.03432034843e-10, 4.05811217963e-10], "mean": [0.00510035082698, 0.102060586214, 0.506857931614, 0.567846894264, 1.90391039848, 5.10037469864, 14.0653047562, 31.7255573273, 57.3501434326, 37.0639724731, 32.1790046692, 22.0014476776, 21.6437454224, 18.6683540344, 20.1071891785, 13.4036254883, 8.48522090912, 8.64696025848, 7.71418523788, 9.06366825104, 6.9113612175, 5.45352458954, 3.76827120781, 4.75352096558, 3.50431632996, 2.48495364189, 0.923261344433, 0.499812304974, 0.308315336704, 0.269515246153, 0.143636450171, 0.061444979161, 0.0336720123887, 0.0139515521005, 0.00688513834029, 0.00189207610674, 0.000480029440951, 0.000452345411759, 2.86160175165e-05, 1.73066491698e-05]}, "spectral_strongpeak": {"dmean2": 0.470894217491, "median": 1.00046873093, "min": 0, "dvar2": 0.5183416605, "dvar": 0.219277635217, "dmean": 0.307874083519, "max": 7.62391233444, "var": 0.998818159103, "mean": 1.26963531971}, "spectral_energy": {"dmean2": 0.00293380953372, "median": 0.00767468474805, "min": 9.9471417106e-21, "dvar2": 2.67900468316e-05, "dvar": 1.18795833259e-05, "dmean": 0.00221586297266, "max": 0.118014089763, "var": 0.00029668622301, "mean": 0.0143858995289}, "average_loudness": 0.115716271102, "spectral_rolloff": {"dmean2": 392.431274414, "median": 775.1953125, "min": 21.533203125, "dvar2": 2000967, "dvar": 777625.75, "dmean": 219.11000061, "max": 19573.6816406, "var": 3378074.25, "mean": 1147.58129883}, "spectral_centroid": {"dmean2": 165.651565552, "median": 762.942626953, "min": 159.741867065, "dvar2": 128909.445312, "dvar": 71032.03125, "dmean": 104.196968079, "max": 11927.1328125, "var": 1076755.375, "mean": 972.765441895}, "pitch_salience": {"dmean2": 0.066815726459, "median": 0.496277719736, "min": 0.114183485508, "dvar2": 0.00396313983947, "dvar": 0.00165990891401, "dmean": 0.0450760982931, "max": 0.822906434536, "var": 0.0131287416443, "mean": 0.493768036366}, "spectral_energyband_middle_high": {"dmean2": 0.00116992241237, "median": 0.00142851949204, "min": 1.17190227633e-21, "dvar2": 5.23918788531e-06, "dvar": 1.96141354536e-06, "dmean": 0.000751498562749, "max": 0.0269348565489, "var": 7.18328192306e-06, "mean": 0.00224480312318}, "spectral_contrast_coeffs": {"dmean2": [0.0509460344911, 0.0453471168876, 0.0477310419083, 0.044009052217, 0.0320844762027, 0.0191619955003], "median": [-0.600589454174, -0.607517957687, -0.652041614056, -0.713635087013, -0.735741615295, -0.755638182163], "min": [-0.976532459259, -0.978091478348, -0.973963439465, -0.971297860146, -0.967594265938, -0.965037882328], "dvar2": [0.00168247509282, 0.00138806155883, 0.00151765090413, 0.00124526000582, 0.000681143021211, 0.00022533016454], "dvar": [0.00064321589889, 0.000584729888942, 0.000619738828391, 0.000459053873783, 0.000240430890699, 7.96429085312e-05], "dmean": [0.0313051491976, 0.0293123926967, 0.0306592416018, 0.0264964476228, 0.0190212186426, 0.0112974578515], "max": [-0.291311472654, -0.324703127146, -0.376805782318, -0.46953073144, -0.529017567635, -0.621383547783], "var": [0.0223489105701, 0.0119786681607, 0.011440041475, 0.00786696001887, 0.00613385625184, 0.00275368010625], "mean": [-0.618919014931, -0.607304990292, -0.65177488327, -0.716213941574, -0.744750499725, -0.769596517086]}, "melbands_skewness": {"dmean2": 0.602570593357, "median": 1.71246814728, "min": -1.16142094135, "dvar2": 0.473774790764, "dvar": 0.203359246254, "dmean": 0.407660424709, "max": 18.8918895721, "var": 4.4289855957, "mean": 2.09942746162}, "spectral_spread": {"dmean2": 406345.5625, "median": 2766385, "min": 365348.5, "dvar2": 1076921892860.0, "dvar": 606420074496, "dmean": 238903.984375, "max": 42739988, "var": 14028081463300.0, "mean": 3238212}, "dissonance": {"dmean2": 0.0501698516309, "median": 0.412387609482, "min": 0.0541483908892, "dvar2": 0.00241643516347, "dvar": 0.000860295200255, "dmean": 0.0298455804586, "max": 0.499999940395, "var": 0.00405196938664, "mean": 0.400635808706}, "spectral_skewness": {"dmean2": 0.673258066177, "median": 2.07776427269, "min": -0.0586346797645, "dvar2": 0.409905731678, "dvar": 0.134943708777, "dmean": 0.381240606308, "max": 15.0639343262, "var": 3.06597471237, "mean": 2.57965564728}, "spectral_flux": {"dmean2": 0.0113644897938, "median": 0.0269437674433, "min": 6.30801105794e-11, "dvar2": 0.00017060074606, "dvar": 6.13787779002e-05, "dmean": 0.00671648932621, "max": 0.175933033228, "var": 0.000375802308554, "mean": 0.0291048344225}, "spectral_contrast_valleys": {"dmean2": [0.558498561382, 0.436470687389, 0.412784546614, 0.32163015008, 0.224644497037, 0.154377579689], "median": [-10.4713420868, -7.43945407867, -8.59233093262, -9.10738182068, -9.08334922791, -12.1799659729], "min": [-27.9152030945, -28.056854248, -27.5867195129, -27.6520519257, -27.5585594177, -27.4060935974], "dvar2": [0.310776114464, 0.198143109679, 0.158452600241, 0.120130732656, 0.0885954797268, 0.0574248582125], "dvar": [0.140975549817, 0.0998603105545, 0.0822167992592, 0.0663819685578, 0.0589242503047, 0.0411990918219], "dmean": [0.33183118701, 0.266658037901, 0.246435597539, 0.19000531733, 0.133401125669, 0.0943478122354], "max": [-6.07233190536, -5.12230110168, -6.53988933563, -7.26523733139, -7.50592565536, -10.5995092392], "var": [5.91207313538, 7.00515651703, 5.52990341187, 5.2513666153, 4.91750049591, 3.19120430946], "mean": [-9.92789840698, -8.17488574982, -9.17517566681, -9.66057395935, -9.64151763916, -12.5042152405]}, "erbbands_flatness_db": {"dmean2": 0.0163775440305, "median": 0.254314243793, "min": 0.0252140574157, "dvar2": 0.000269986165222, "dvar": 0.000121572898934, "dmean": 0.0116073926911, "max": 0.560754537582, "var": 0.00381733989343, "mean": 0.261520802975}, "spectral_energyband_high": {"dmean2": 2.84337711491e-05, "median": 2.16296903091e-05, "min": 7.1767337012e-21, "dvar2": 4.08947720132e-09, "dvar": 1.50603229887e-09, "dmean": 1.68333608599e-05, "max": 0.0016094124876, "var": 9.18227449631e-09, "mean": 5.57887797186e-05}, "spectral_entropy": {"dmean2": 0.134174078703, "median": 6.60576248169, "min": 3.31450200081, "dvar2": 0.0213607735932, "dvar": 0.0115343518555, "dmean": 0.0921251550317, "max": 9.81676483154, "var": 0.488067746162, "mean": 6.49823522568}, "silence_rate_20dB": {"dmean2": 0, "median": 1, "min": 1, "dvar2": 0, "dvar": 0, "dmean": 0, "max": 1, "var": 0, "mean": 1}, "melbands_flatness_db": {"dmean2": 0.0177491996437, "median": 0.274764299393, "min": 0.002711992478, "dvar2": 0.000400780932978, "dvar": 0.000192118779523, "dmean": 0.0123895667493, "max": 0.686880230904, "var": 0.00838720239699, "mean": 0.287558168173}, "barkbands": {"dmean2": [3.62912260243e-06, 7.13491463102e-05, 9.20187303564e-05, 5.8965113567e-05, 0.000525694456883, 0.000716621172614, 0.000782903807703, 0.000871631375048, 0.000265582173597, 0.000506043375935, 0.000394322240027, 0.000251777411904, 0.000145845027873, 0.000148014703882, 0.000186763718375, 0.000142294797115, 0.00014659993758, 6.48022760288e-05, 8.86255074874e-05, 3.78325712518e-05, 1.35235914058e-05, 7.61079490985e-06, 3.14744920615e-06, 1.16667456496e-06, 4.57499425011e-07, 1.02651597444e-07, 5.36760040859e-08], "median": [1.20910272017e-06, 1.52971972511e-06, 6.67854010317e-07, 1.07181385829e-05, 0.00059035862796, 0.00117274257354, 0.00049972377019, 0.000605251523666, 0.000173955253558, 0.000181402458111, 6.37503981125e-05, 5.01660833834e-05, 2.73518380709e-05, 5.08704542881e-05, 7.23904449842e-05, 3.37622768711e-05, 5.20005560247e-05, 3.05125395244e-05, 2.7322977985e-05, 1.67255675478e-05, 5.29540466232e-06, 2.73526575256e-06, 1.26252939481e-06, 5.38258973393e-07, 2.32964765701e-07, 6.82177159206e-08, 2.66838611651e-07], "min": [1.36678109464e-24, 1.39686953146e-24, 2.62032929216e-24, 8.43218549187e-25, 7.81045265803e-24, 7.39625887316e-24, 1.14204150555e-23, 3.74667396453e-24, 2.40851303936e-23, 1.77993099959e-23, 1.85722169782e-23, 2.53878190049e-23, 3.98213545522e-23, 4.86238274087e-23, 5.5520781505e-23, 4.99239837764e-23, 7.30165614905e-23, 8.46239176479e-23, 1.09108778062e-22, 1.68140249341e-22, 2.38516777372e-22, 3.18027544757e-22, 3.98038841231e-22, 6.07353477261e-22, 9.14579837529e-22, 1.29036621267e-21, 1.96587005248e-21], "dvar2": [2.52371162163e-11, 4.57617090888e-08, 7.41396064541e-08, 3.24847491129e-08, 2.16464013647e-06, 3.838837074e-06, 3.51497283191e-06, 6.34648449704e-06, 3.23944476577e-07, 1.86043394024e-06, 1.45358137615e-06, 1.3498528233e-06, 2.15971255102e-07, 1.53842123041e-07, 1.65056562196e-07, 2.07691840615e-07, 1.97603000629e-07, 1.60196158561e-08, 5.00595582764e-08, 7.61119611781e-09, 1.12419185072e-09, 3.31321414748e-10, 6.67590149828e-11, 7.791917285e-12, 1.50656635604e-12, 8.09322904917e-14, 6.05529030916e-15], "dvar": [1.13912473204e-11, 3.86751182191e-08, 5.53448877838e-08, 1.11665920954e-08, 8.85482222657e-07, 1.87694161013e-06, 2.75462866739e-06, 2.94188293992e-06, 2.58752038462e-07, 8.02166198355e-07, 5.50139134248e-07, 4.87514057568e-07, 8.62751008412e-08, 6.59279848492e-08, 6.08503327726e-08, 6.82889265136e-08, 7.77419231213e-08, 5.52264101117e-09, 1.74329830571e-08, 2.60791988005e-09, 3.99180632993e-10, 1.16992707189e-10, 2.53109772724e-11, 2.90957991207e-12, 5.69829502594e-13, 3.13373730177e-14, 2.50087769402e-15], "dmean": [2.16813305087e-06, 6.99420634191e-05, 9.14423726499e-05, 3.92729853047e-05, 0.000377010845114, 0.000620325736236, 0.000697140814736, 0.000665156112518, 0.00022511795396, 0.000352498842403, 0.000252274767263, 0.000158501119586, 9.0349916718e-05, 9.4272174465e-05, 0.000108535256004, 8.27419935376e-05, 8.73675817274e-05, 3.76119205612e-05, 5.19803506904e-05, 2.19230514631e-05, 7.87805674918e-06, 4.51297137261e-06, 1.89060142475e-06, 7.03806051661e-07, 2.7970145311e-07, 6.47813180876e-08, 3.74053392704e-08], "max": [6.94354093866e-05, 0.00833063479513, 0.00991168431938, 0.00406514061615, 0.0284313522279, 0.0501950830221, 0.107312969863, 0.0463170073926, 0.0206940881908, 0.0172584913671, 0.0144142862409, 0.0199543312192, 0.00681964214891, 0.00850052200258, 0.00582249090075, 0.00654350407422, 0.0165191311389, 0.00141058687586, 0.00288954074495, 0.00139810098335, 0.000424359488534, 0.000239624627284, 0.00014585799363, 4.16607035731e-05, 2.29240304179e-05, 5.27650490767e-06, 1.82282292371e-06], "var": [2.83941706952e-11, 7.55939993269e-07, 1.27391353999e-06, 1.17355639873e-07, 5.83172095503e-06, 5.66153539694e-05, 5.35061990377e-05, 1.20731792776e-05, 2.69059341917e-06, 2.52531913247e-06, 1.29610214117e-06, 9.39388712595e-07, 1.95636900457e-07, 1.50278125943e-07, 9.68287068304e-08, 8.26511765695e-08, 1.1016084045e-07, 1.10745945747e-08, 3.23565103599e-08, 6.30982155414e-09, 9.39247457588e-10, 