{"metadata": {"tags": {"encoding": ["Lavf56.36.100"], "artist": ["Eddy Herrera"], "bpm": ["0"], "discnumber": ["0/0"], "title": ["Pegame Tu Vicio"], "tracknumber": ["1/0"], "album": ["Vida"], "musicbrainz_recordingid": ["10db8f70-f62d-4c79-b261-f25e921a98ce"], "artistsort": ["Herrera, Eddy"], "date": ["2003"], "file_name": "Eddy Herrera - P\u00e9game Tu Vicio.mp3", "musicbrainz_artistid": ["9f6a8201-3c75-4350-aae9-80d071501c68"]}, "audio_properties": {"sample_rate": 44100, "downmix": "mix", "lossless": false, "analysis_sample_rate": 44100, "md5_encoded": "bb41d77d809c3c04d14d2c2660e9e36a", "equal_loudness": 0, "replay_gain": -11.1928462982, "codec": "mp3", "bit_rate": 160014, "length": 301.165710449}, "version": {"extractor": "music 1.0", "essentia_build_sha": "70f2e5ece6736b2c40cc944ad0e695b16b925413", "essentia_git_sha": "v2.1_beta2", "essentia": "2.1-beta2"}}, "rhythm": {"beats_loudness_band_ratio": {"dvar2": [0.0536281913519, 0.0060468185693, 0.0204853136092, 0.0436002649367, 0.00683836359531, 0.00138245790731], "var": [0.0331439822912, 0.00225414242595, 0.007947598584, 0.0134857501835, 0.00370809924789, 0.00108661560807], "min": [0, 0, 0, 0, 0, 0], "dmean": [0.159563526511, 0.0381687432528, 0.0688023194671, 0.0838530957699, 0.0446418970823, 0.0188673399389], "mean": [0.66987913847, 0.039753805846, 0.0864212587476, 0.105401851237, 0.0684598088264, 0.0333423241973], "max": [0.974364817142, 0.38520488143, 0.651293098927, 0.78701543808, 0.493958085775, 0.427099525928], "dmean2": [0.272864818573, 0.0664317980409, 0.120325624943, 0.149069860578, 0.077688165009, 0.0322009734809], "median": [0.696308851242, 0.0227841790766, 0.0550102442503, 0.0692977309227, 0.0543851330876, 0.0245523676276], "dvar": [0.0193352606148, 0.00220829597674, 0.00760470330715, 0.0148770762607, 0.00251652416773, 0.000547109113541]}, "bpm_histogram_first_peak_weight": {"dvar2": 0, "var": 0, "min": 0.617176115513, "dmean": 0, "mean": 0.617176115513, "max": 0.617176115513, "dmean2": 0, "median": 0.617176115513, "dvar": 0}, "bpm": 137.373184204, "beats_count": 688, "bpm_histogram_first_peak_spread": {"dvar2": 0, "var": 0, "min": 0.373707532883, "dmean": 0, "mean": 0.373707532883, "max": 0.373707532883, "dmean2": 0, "median": 0.373707532883, "dvar": 0}, "danceability": 1.24131941795, "bpm_histogram_first_peak_bpm": {"dvar2": 0, "var": 0, "min": 136, "dmean": 0, "mean": 136, "max": 136, "dmean2": 0, "median": 136, "dvar": 0}, "beats_position": [0.46439909935, 0.9287981987, 1.369977355, 1.8111563921, 2.24072551727, 2.67029476166, 3.11147379875, 3.55265307426, 3.99383211136, 4.43501138687, 4.87619018555, 5.31736946106, 5.75854873657, 6.19972801208, 6.62929677963, 7.05886602402, 7.50004529953, 7.94122457504, 8.38240337372, 8.8119726181, 9.24154186249, 9.682721138, 10.1239004135, 10.5534696579, 10.9830379486, 11.4242172241, 11.8653964996, 12.3065757751, 12.7477550507, 13.1889343262, 13.6185035706, 14.0480718613, 14.4892511368, 14.9304304123, 15.3599996567, 15.7895689011, 16.2191371918, 16.6487064362, 17.0898857117, 17.5310649872, 17.9722442627, 18.4134235382, 18.8429927826, 19.272562027, 19.7137413025, 20.154920578, 20.5844898224, 21.0140590668, 21.4552383423, 21.8964176178, 22.3375968933, 22.7787742615, 23.219953537, 23.6611328125, 24.0907020569, 24.5318813324, 24.9614505768, 25.4026298523, 25.8321990967, 26.2617683411, 26.7029476166, 27.132516861, 27.5736961365, 28.0032653809, 28.4444446564, 28.8856239319, 29.3268013, 29.7679805756, 30.2091598511, 30.6387290955, 31.0682983398, 31.5094776154, 31.9390468597, 32.3686180115, 32.8097953796, 33.2509727478, 33.6921539307, 34.1333312988, 34.5745124817, 35.0040817261, 35.4336509705, 35.8748283386, 36.3160095215, 36.7571868896, 37.1983680725, 37.6279373169, 38.0575065613, 38.4986839294, 38.9398651123, 39.3810424805, 39.8222198486, 40.2401809692, 40.6813583374, 41.1225395203, 41.5637168884, 42.0048980713, 42.4460754395, 42.8756446838, 43.3052139282, 43.7463951111, 44.1759643555, 44.6055335999, 45.046710968, 45.4762802124, 45.9058494568, 46.347026825, 46.7882080078, 47.2177772522, 47.6473464966, 48.0885238647, 48.5297050476, 48.959274292, 49.3888435364, 49.8300209045, 50.2712020874, 50.7123794556, 51.1535606384, 51.5947380066, 52.0359191895, 52.4770965576, 52.906665802, 53.3362350464, 53.7774124146, 54.2185935974, 54.6481628418, 55.08934021, 55.5189094543, 55.9600906372, 56.4012680054, 56.8424491882, 57.2720184326, 57.701587677, 58.1427650452, 58.5723342896, 59.0019035339, 59.4430847168, 59.884262085, 60.3254394531, 60.766620636, 61.1961898804, 61.6257591248, 62.0669364929, 62.5081176758, 62.9492950439, 63.3788642883, 63.8200454712, 64.2496109009, 64.6907958984, 65.1319732666, 65.5731506348, 66.0143280029, 66.443901062, 66.8734664917, 67.3146438599, 67.7558288574, 68.1853942871, 68.6149673462, 69.0561447144, 69.4973220825, 69.9384994507, 70.3796844482, 70.8208618164, 71.2504272461, 71.6916122437, 72.1211776733, 72.5623550415, 73.0035324097, 73.4331054688, 73.8626708984, 74.303855896, 74.7450332642, 75.1862106323, 75.6157836914, 76.0453491211, 76.4865264893, 76.9277114868, 77.3572769165, 77.7984542847, 78.2280273438, 78.6692047119, 79.1103820801, 79.5515594482, 79.9927444458, 80.4223098755, 80.8518829346, 81.2930603027, 81.7342376709, 82.16381073, 82.5933761597, 83.0345535278, 83.4757385254, 83.9053039551, 84.3348770142, 84.7760543823, 85.2172317505, 85.6584091187, 86.0995864868, 86.5407714844, 86.9703369141, 87.3999099731, 87.8410873413, 88.2822647095, 88.7234420776, 89.1530151367, 89.5825805664, 90.023765564, 90.4649429321, 90.9061203003, 91.3472976685, 91.7768707275, 92.2064361572, 92.6476211548, 93.0887985229, 93.5183639526, 93.9595413208, 94.3891143799, 94.830291748, 95.2714691162, 95.7010421753, 96.130607605, 96.5717926025, 97.0129699707, 97.4541473389, 97.895324707, 98.3365097046, 98.7660751343, 99.1956481934, 99.6368255615, 100.07800293, 100.519180298, 100.948753357, 101.378318787, 101.819496155, 102.260681152, 102.701858521, 103.13142395, 103.560997009, 104.002174377, 104.443351746, 104.884536743, 105.325714111, 105.766891479, 106.196456909, 106.626029968, 107.067207336, 107.496780396, 107.926345825, 108.367523193, 108.808708191, 109.249885559, 109.691062927, 110.132240295, 110.561813354, 110.991378784, 111.432563782, 111.87374115, 112.314918518, 112.744483948, 113.174057007, 113.615234375, 114.056411743, 114.497596741, 114.938774109, 115.368339539, 115.797912598, 116.239089966, 116.668663025, 117.098228455, 117.539405823, 117.98059082, 118.421768188, 118.862945557, 119.292518616, 119.722084045, 120.151649475, 120.581222534, 121.022399902, 121.463577271, 121.904762268, 122.345939636, 122.787117004, 123.228294373, 123.66947937, 124.0990448, 124.528617859, 124.969795227, 125.410972595, 125.852149963, 126.293327332, 126.722900391, 127.15246582, 127.593650818, 128.023223877, 128.452789307, 128.893966675, 129.335144043, 129.764709473, 130.194290161, 130.635467529, 131.076644897, 131.517822266, 131.958999634, 132.400177002, 132.84135437, 133.25932312, 133.700500488, 134.141677856, 134.582855225, 135.012420654, 135.441986084, 135.883178711, 136.324356079, 136.765533447, 137.206710815, 137.636276245, 138.065841675, 138.507034302, 138.94821167, 139.389389038, 139.818954468, 140.248519897, 140.689697266, 141.130874634, 141.572067261, 142.013244629, 142.442810059, 142.883987427, 143.313552856, 143.754730225, 144.195922852, 144.625488281, 145.055053711, 145.496231079, 145.925796509, 146.366973877, 146.796554565, 147.237731934, 147.667297363, 148.108474731, 148.5496521, 148.979232788, 149.420410156, 149.861587524, 150.302764893, 150.743942261, 151.17350769, 151.603088379, 152.044265747, 152.485443115, 152.926620483, 153.356185913, 153.785751343, 154.226928711, 154.668121338, 155.097686768, 155.527252197, 155.968429565, 156.409606934, 156.839187622, 157.268753052, 157.70993042, 158.151107788, 158.580673218, 159.021850586, 159.451431274, 159.892608643, 160.333786011, 160.774963379, 161.216140747, 161.645706177, 162.075286865, 162.516464233, 162.957641602, 163.39881897, 163.839996338, 164.269561768, 164.710739136, 165.140319824, 165.581497192, 166.022674561, 166.45223999, 166.88180542, 167.322982788, 167.764175415, 168.193740845, 168.623306274, 169.064483643, 169.505661011, 169.946838379, 170.388031006, 170.829208374, 171.258773804, 171.699951172, 172.129516602, 172.57069397, 173.011871338, 173.441452026, 173.871017456, 174.312194824, 174.753372192, 175.194549561, 175.635726929, 176.065307617, 176.494873047, 176.924438477, 177.354003906, 177.795196533, 178.236373901, 178.665939331, 179.095504761, 179.536682129, 179.977859497, 180.419036865, 180.860229492, 181.30140686, 181.73097229, 182.16053772, 182.601715088, 183.042892456, 183.484085083, 183.913650513, 184.343215942, 184.784393311, 185.225570679, 185.666748047, 186.107940674, 186.549118042, 186.99029541, 187.41986084, 187.84942627, 188.290603638, 188.720184326, 189.161361694, 189.590927124, 190.032104492, 190.47328186, 190.914459229, 191.355636597, 191.785217285, 192.214782715, 192.655960083, 193.097137451, 193.538314819, 193.979492188, 194.409072876, 194.838638306, 195.279815674, 195.720993042, 196.16217041, 196.59173584, 197.021316528, 197.462493896, 197.892059326, 198.321624756, 198.762802124, 199.203994751, 199.645172119, 200.086349487, 200.515914917, 200.945480347, 201.386657715, 201.827835083, 202.257415771, 202.686981201, 203.128158569, 203.569335938, 204.010513306, 204.451690674, 204.881271362, 205.310836792, 205.75201416, 206.193191528, 206.634368896, 207.075546265, 207.516723633, 207.946304321, 208.375869751, 208.817047119, 209.258224487, 209.687789917, 210.117370605, 210.558547974, 210.999725342, 211.44090271, 211.882080078, 212.311645508, 212.752838135, 213.182403564, 213.623580933, 214.064758301, 214.49432373, 214.92388916, 215.365081787, 215.806259155, 216.235824585, 216.665390015, 217.106567383, 217.547744751, 217.988937378, 218.430114746, 218.871292114, 219.312469482, 219.742034912, 220.171600342, 220.61277771, 221.053970337, 221.495147705, 221.936325073, 222.354278564, 222.795455933, 223.236633301, 223.677825928, 224.107391357, 224.536956787, 224.978134155, 225.419311523, 225.860488892, 226.29006958, 226.71963501, 227.160812378, 227.601989746, 228.043167114, 228.484344482, 228.925521851, 229.355102539, 229.784667969, 230.225845337, 230.667022705, 231.108200073, 231.537780762, 231.967346191, 232.40852356, 232.849700928, 233.279266357, 233.708831787, 234.150024414, 234.591201782, 235.03237915, 235.46194458, 235.89151001, 236.332687378, 236.773880005, 237.203445435, 237.644622803, 238.074188232, 238.515365601, 238.956542969, 239.397735596, 239.838912964, 240.268478394, 240.698043823, 241.139221191, 241.58039856, 242.021575928, 242.439544678, 242.880722046, 243.310287476, 243.739852905, 244.181045532, 244.610610962, 245.040176392, 245.48135376, 245.922531128, 246.363708496, 246.804885864, 247.246078491, 247.687255859, 248.128433228, 248.569610596, 248.999176025, 249.428741455, 249.869934082, 250.299499512, 250.729064941, 251.17024231, 251.599807739, 252.041000366, 252.482177734, 252.911743164, 253.352920532, 253.7940979, 254.235275269, 254.676452637, 255.106033325, 255.535598755, 255.976776123, 256.394744873, 256.835906982, 257.277099609, 257.718261719, 258.159454346, 258.600616455, 259.030212402, 259.459777832, 259.900939941, 260.342132568, 260.771697998, 261.212860107, 261.642456055, 262.083618164, 262.524810791, 262.9659729, 263.407165527, 263.836730957, 264.266296387, 264.707489014, 265.148651123, 265.58984375, 266.01940918, 266.448974609, 266.890167236, 267.331329346, 267.772521973, 268.202087402, 268.631652832, 269.072814941, 269.514007568, 269.955200195, 270.396362305, 270.825927734, 271.255493164, 271.696685791, 272.137878418, 272.579040527, 273.020233154, 273.449798584, 273.879364014, 274.320526123, 274.76171875, 275.19128418, 275.620849609, 276.062042236, 276.503204346, 276.944396973, 277.373962402, 277.803527832, 278.244720459, 278.685882568, 279.115447998, 279.545043945, 279.986206055, 280.427398682, 280.868560791, 281.309753418, 281.750915527, 282.192108154, 282.621673584, 283.051239014, 283.492431641, 283.93359375, 284.374786377, 284.815948486, 285.245513916, 285.675109863, 286.116271973, 286.545837402, 286.975402832, 287.416595459, 287.857757568, 288.298950195, 288.740142822, 289.181304932, 289.622497559, 290.052062988, 290.481628418, 290.922821045, 291.363983154, 291.805175781, 292.234741211, 292.664306641, 293.10546875, 293.546661377, 293.987854004, 294.417419434, 294.846984863, 295.288146973, 295.7293396, 296.170501709, 296.600097656, 297.029663086, 297.447601318, 297.877197266, 298.306762695, 298.736328125, 299.177490234, 299.665130615, 300.152740479, 300.640350342], "beats_loudness": {"dvar2": 0.000537648273166, "var": 0.00041009922279, "min": 0, "dmean": 0.0191096588969, "mean": 0.0617630258203, "max": 0.118706583977, "dmean2": 0.0326227657497, "median": 0.0612843185663, "dvar": 0.000203171221074}, "bpm_histogram_second_peak_weight": {"dvar2": 0, "var": 0, "min": 0.00873362459242, "dmean": 0, "mean": 0.00873362459242, "max": 0.00873362459242, "dmean2": 0, "median": 0.00873362459242, "dvar": 0}, "bpm_histogram_second_peak_spread": {"dvar2": 0, "var": 0, "min": 0, "dmean": 0, "mean": 0, "max": 0, "dmean2": 0, "median": 0, "dvar": 0}, "bpm_histogram_second_peak_bpm": {"dvar2": 0, "var": 0, "min": 144, "dmean": 0, "mean": 144, "max": 144, "dmean2": 0, "median": 144, "dvar": 0}, "onset_rate": 6.05605745316}, "lowlevel": {"spectral_energyband_high": {"dvar2": 2.17747174247e-06, "var": 1.26894644836e-06, "min": 7.05690479568e-21, "dmean": 0.000723073957488, "mean": 0.00105727568734, "max": 0.010068600066, "dmean2": 0.0011738758767, "median": 0.000644364452455, "dvar": 8.69605571552e-07}, "spectral_energyband_middle_low": {"dvar2": 9.52245754888e-05, "var": 7.3773029726e-05, "min": 1.87269974832e-22, "dmean": 0.00445787515491, "mean": 0.00872447993606, "max": 0.0719676166773, "dmean2": 0.00708747655153, "median": 0.00575307756662, "dvar": 3.91106696043e-05}, "spectral_energy": {"dvar2": 0.0013514412567, "var": 0.000804160954431, "min": 1.0085890757e-20, "dmean": 0.014785987325, "mean": 0.0327543877065, "max": 0.193491250277, "dmean2": 0.0229122191668, "median": 0.023715455085, "dvar": 0.000536028819624}, "spectral_spread": {"dvar2": 2904868782080.0, "var": 11361984708600.0, "min": 1507963.875, "dmean": 991005.75, "mean": 4635622, "max": 48789740, "dmean2": 1466019.625, "median": 3927198.5, "dvar": 1385344008190.0}, "spectral_energyband_low": {"dvar2": 0.00110629131086, "var": 0.000526012503542, "min": 6.64539976432e-24, "dmean": 0.0100628472865, "mean": 0.0151260048151, "max": 0.180830806494, "dmean2": 0.016334567219, "median": 0.0025274141226, "dvar": 0.000426432554377}, "spectral_rolloff": {"dvar2": 9680481, "var": 5977159.5, "min": 64.599609375, "dmean": 970.030578613, "mean": 2153.22412109, "max": 19724.4140625, "dmean2": 1673.87463379, "median": 1550.390625, "dvar": 3722845.25}, "barkbands": {"dvar2": [1.13321027584e-06, 0.000432319677202, 0.000218109154957, 1.20547301776e-05, 2.76106202364e-05, 8.66165282787e-06, 7.42113434171e-06, 2.23185870709e-05, 2.23327460844e-05, 5.55109454581e-06, 6.49222783977e-06, 2.61653240159e-05, 2.22404796659e-05, 1.76180274138e-05, 3.51603648596e-06, 1.1485211644e-06, 9.33723470098e-07, 5.41924634945e-07, 2.66779750291e-07, 1.36412452889e-07, 1.33473179176e-07, 6.67181225822e-08, 5.17046849779e-08, 3.36456338346e-08, 2.15767457235e-08, 1.40853757102e-07, 1.16761384561e-07], "var": [1.69035831732e-06, 0.000250304816291, 6.98755175108e-05, 4.88461773784e-06, 1.16246992548e-05, 4.87837814944e-06, 7.52958749217e-06, 1.71586489159e-05, 2.09269674087e-05, 6.56770043861e-06, 9.11595179787e-06, 1.58440780069e-05, 2.29590059462e-05, 1.90592381841e-05, 2.33783407566e-06, 8.13534370536e-07, 8.13724057025e-07, 4.63398777129e-07, 2.57527545955e-07, 1.22762230603e-07, 1.56491935854e-07, 4.28443840406e-08, 2.68270188286e-08, 1.52210120064e-08, 7.42899608497e-09, 4.6740510129e-08, 3.31065592718e-08], "min": [3.78238416929e-25, 1.06830640064e-24, 1.03939415543e-24, 8.02602763582e-25, 8.64421552597e-24, 8.81577462906e-24, 6.12030436352e-24, 8.86725569173e-24, 9.70595446236e-24, 1.63937002801e-23, 1.41692261233e-23, 2.27224410219e-23, 2.92510160081e-23, 2.41500504906e-23, 4.65094025036e-23, 4.29860720219e-23, 8.69432633725e-23, 9.00548841924e-23, 1.16982745855e-22, 1.82062571468e-22, 2.18305529891e-22, 3.48757324708e-22, 3.9092149833e-22, 4.73608207097e-22, 8.54759694671e-22, 1.26123515716e-21, 1.67023315701e-21], "dmean": [0.00044922195957, 0.00676266662776, 0.00359590863809, 0.000818349013571, 0.0016102505615, 0.000799959991127, 0.000729253573809, 0.000966721447185, 0.00107159314211, 0.000504355528392, 0.000557955179829, 0.000934661482461, 0.000842170382384, 0.000865263224114, 0.000421977834776, 0.000371389032807, 0.000406191655202, 0.000348273897544, 0.000213179053389, 0.000165564619238, 0.000175617125933, 0.000117637486255, 9.86509112408e-05, 7.34686473152e-05, 4.56364577985e-05, 0.000134784349939, 0.000103406950075], "mean": [0.000822581874672, 0.0101529201493, 0.00369200645946, 0.000814128841739, 0.00200170860626, 0.00131399510428, 0.00113923090976, 0.00146576773841, 0.0017319698818, 0.000777918729, 0.000922348233871, 0.00141603534576, 0.00119890284259, 0.00130292319227, 0.000586681941058, 0.000575209618546, 0.000671802146826, 0.000614292628597, 0.000377410644433, 0.000280249601929, 0.000306617585011, 0.000163496981259, 0.000115946328151, 7.57149246056e-05, 4.55567751487e-05, 0.000114619841042, 7.42967749829e-05], "max": [0.00906787440181, 0.114027738571, 0.0932765379548, 0.0259145572782, 0.0490415431559, 0.0590055063367, 0.0427678078413, 0.0653478130698, 0.0588779374957, 0.0824834704399, 0.0782847627997, 0.0904045775533, 0.091918669641, 0.0698588341475, 0.0457092039287, 0.0287126228213, 0.0143419634551, 0.00973816402256, 0.0192068275064, 0.00661573186517, 0.00768535537645, 0.0032896976918, 0.00256248610094, 0.00262256618589, 0.00192885030992, 0.00221218005754, 0.00266922009178], "dmean2": [0.000674883602187, 0.0108797298744, 0.00625344412401, 0.00142388197128, 0.00271515944041, 0.00127723626792, 0.00113971624523, 0.00153951882385, 0.00162161828484, 0.000752843217924, 0.000813723541796, 0.00145149172749, 0.00128433853388, 0.00130066927522, 0.000665597617626, 0.000592321273871, 0.000633597257547, 0.000559664564207, 0.000342155544786, 0.000267540395726, 0.000281185813947, 0.000194277847186, 0.000162575830473, 0.000120697914099, 7.79931506258e-05, 0.000225679264986, 0.000177537920536], "median": [0.000165349832969, 0.00139191444032, 0.000434300396591, 0.000143541066791, 0.000788909965195, 0.00068068044493, 0.000368576293113, 0.00026966346195, 0.00031819040305, 0.000230082659982, 0.000150129082613, 0.000318625126965, 0.000166619080119, 0.000231038022321, 0.000179088121513, 0.000281833810732, 0.000345275446307, 0.000396761810407, 0.000235525236349, 0.000144755496876, 0.000148466875544, 8.24339222163e-05, 4.7375298891e-05, 2.30934347201e-05, 1.29556920001e-05, 1.81065879588e-05, 2.27028431254e-06], "dvar": [4.94403593621e-07, 0.000171809064341, 7.99634144641e-05, 4.49219442089e-06, 1.05095714389e-05, 3.41280065186e-06, 3.32008653459e-06, 9.29390716919e-06, 9.96783364826e-06, 2.84462885247e-06, 3.43100759892e-06, 1.04088267108e-05, 1.0311886399e-05, 8.38402047521e-06, 1.57816305091e-06, 4.8198597824e-07, 4.12938703676e-07, 2.12389849708e-07, 1.20719732877e-07, 5.3942851963e-08, 5.48673106948e-08, 2.67681468102e-08, 2.10579109705e-08, 1.38947626738e-08, 8.20000689572e-09, 5.5443493352e-08, 4.463308656e-08]}, "melbands_skewness": {"dvar2": 3.59056353569, "var": 4.70853710175, "min": -3.29626321793, "dmean": 1.01839482784, "mean": 2.46722388268, "max": 15.8121213913, "dmean2": 1.5870423317, "median": 1.96709108353, "dvar": 1.50385177135}, "barkbands_skewness": {"dvar2": 1.66026878357, "var": 2.18283033371, "min": -3.94802880287, "dmean": 0.740090370178, "mean": 1.22202575207, "max": 12.5566043854, "dmean2": 1.15689182281, "median": 0.985983252525, "dvar": 0.682769477367}, "erbbands": {"dvar2": [0.268388211727, 28.7923545837, 284.299468994, 181.063400269, 106.800239563, 750.292297363, 409.252227783, 725.946899414, 673.723388672, 4363.18847656, 14563.9121094, 14951.2919922, 5952.75488281, 5095.15380859, 11348.3945312, 45686.1757812, 51647.8515625, 44859.7695312, 18644.9335938, 3875.48999023, 2943.8972168, 2092.39501953, 1292.11987305, 926.558959961, 550.478820801, 406.940643311, 342.381256104, 131.878250122, 83.472114563, 74.7427825928, 38.3903236389, 20.6745185852, 7.11616039276, 2.49666690826, 1.38794195652, 0.87423491478, 0.63386631012, 0.233352839947, 0.00307373795658, 5.21824290445e-07], "var": [0.240075409412, 13.3444871902, 88.6429824829, 70.8560638428, 33.782875061, 274.21963501, 280.887145996, 350.160797119, 791.982055664, 3792.32788086, 11895.34375, 13717.0419922, 7403.42578125, 9535.97949219, 14165.3320312, 28264.0214844, 59747.484375, 51837.6953125, 18381.2167969, 3303.35131836, 2181.39672852, 1993.41369629, 1163.77099609, 733.806884766, 655.735839844, 401.75302124, 349.146820068, 137.209747314, 52.4115447998, 39.1912956238, 19.7827510834, 9.38528633118, 3.06641221046, 0.876929044724, 0.47229501605, 0.287160128355, 0.207901850343, 0.0711009353399, 0.000834168400615, 1.48443547232e-07], "min": [2.72300364105e-23, 3.86353097543e-22, 1.87290613957e-21, 4.4338872044e-21, 1.39204932817e-20, 2.26264722936e-20, 4.67763204698e-20, 5.67157227102e-20, 8.53089072561e-20, 1.70541675122e-19, 2.6043238749e-19, 2.4896593229e-19, 5.18172457182e-19, 8.83343384411e-19, 8.83336870363e-19, 1.69219264061e-18, 1.34664445377e-18, 2.07153611857e-18, 2.17311741331e-18, 3.43436456781e-18, 3.57654202586e-18, 4.97407442412e-18, 5.15758733814e-18, 5.20667761237e-18, 7.59375376971e-18, 7.15145450591e-18, 9.05324282303e-18, 8.26127032607e-18, 1.20868466559e-17, 1.15989548511e-17, 9.64163872661e-18, 1.01567389833e-17, 8.60474053182e-18, 8.09845802046e-18, 5.9747925661e-18, 3.84198635238e-18, 2.5041784623e-18, 9.57213715039e-19, 2.29071333829e-19, 2.68202198381e-20], "dmean": [0.201902732253, 1.58676159382, 4.13467502594, 3.31825685501, 2.98302483559, 7.24393033981, 6.38527059555, 6.6873831749, 7.42962312698, 15.3755073547, 23.488368988, 25.5115661621, 15.2633590698, 17.0845527649, 25.1472301483, 39.3206100464, 41.1280174255, 41.711605072, 28.7712898254, 20.024974823, 18.7443943024, 19.8758716583, 16.7608509064, 13.9813661575, 9.2421169281, 8.53084659576, 8.11832523346, 5.59767723083, 4.08951473236, 3.66021990776, 2.67964744568, 1.84173440933, 1.04962491989, 0.509724915028, 0.346983850002, 0.30871295929, 0.279101490974, 0.159820839763, 0.0159003399312, 0.000224569579586], "mean": [0.325478851795, 2.11675071716, 4.45335817337, 3.63913083076, 3.24553132057, 8.40961170197, 9.82868766785, 10.5402469635, 13.3251495361, 21.5843734741, 39.433052063, 41.994140625, 25.5130214691, 29.7834091187, 43.1231994629, 62.758731842, 65.4120864868, 66.2925186157, 44.3878097534, 31.8587913513, 31.6691665649, 35.5462684631, 31.3138027191, 24.793718338, 17.2642650604, 15.192779541, 13.9759988785, 9.41557502747, 5.7723274231, 4.53455209732, 3.14884877205, 1.91822588444, 1.07676875591, 0.500539422035, 0.348812609911, 0.293384641409, 0.232147082686, 0.120820619166, 0.0112102404237, 0.000193568703253], "max": [3.31522774696, 30.4289112091, 94.2931442261, 112.715385437, 61.3205871582, 262.013580322, 223.489868164, 580.352661133, 653.179382324, 1083.1114502, 1699.87158203, 1752.82336426, 2116.58129883, 2333.92407227, 3034.81689453, 4084.74145508, 5035.14746094, 3996.10961914, 3205.35986328, 1135.41345215, 1528.99377441, 786.219177246, 472.998565674, 393.104248047, 997.064453125, 313.429321289, 331.829620361, 213.579956055, 111.744781494, 112.225563049, 67.542175293, 69.0252304077, 28.3693733215, 16.6339416504, 16.6212768555, 6.07562685013, 5.79734516144, 3.26470565796, 0.427111238241, 0.00542310392484], "dmean2": [0.310936838388, 2.61909413338, 7.2214474678, 5.61184215546, 5.1385011673, 12.3845500946, 10.3735189438, 10.6510295868, 11.5775518417, 24.3618774414, 37.1752891541, 38.3753242493, 22.9910125732, 24.258058548, 36.351020813, 60.4372062683, 61.4812011719, 61.9257125854, 43.2451324463, 31.3032722473, 29.4438552856, 30.6652679443, 26.5749855042, 22.869184494, 14.5281457901, 13.6587305069, 13.1252889633, 9.05791187286, 6.7743396759, 6.07368326187, 4.40770483017, 3.02330231667, 1.73286175728, 0.868566870689, 0.592402696609, 0.521136701107, 0.468904018402, 0.270359158516, 0.0276155844331, 0.000381680234568], "median": [0.0565178841352, 0.236779600382, 0.511395335197, 0.663710474968, 1.05758619308, 2.76055121422, 4.26970672607, 5.42108297348, 5.75367879868, 4.55073213577, 8.28332901001, 7.76983261108, 7.44689512253, 9.47588539124, 11.0983819962, 16.2597198486, 12.0946340561, 13.012629509, 12.3983592987, 13.0294876099, 17.1955242157, 20.4086265564, 20.558807373, 16.5137672424, 10.7763843536, 7.36031246185, 6.40493917465, 5.09950637817, 3.05764007568, 2.10877275467, 1.27241837978, 0.621651291847, 0.328815102577, 0.151043146849, 0.0887399017811, 0.0645262300968, 0.0325802564621, 0.00767055526376, 0.000312372780172, 5.45319198864e-05], "dvar": [0.115213029087, 11.1854496002, 103.520614624, 68.7738189697, 39.3154640198, 273.396911621, 163.157333374, 286.254302979, 299.236419678, 1872.79589844, 6023.77246094, 6715.40966797, 2760.07641602, 3014.04077148, 5811.16601562, 18248.4921875, 24676.4628906, 21393.7792969, 9031.21679688, 1692.42419434, 1266.47827148, 939.767578125, 521.604003906, 373.427978516, 261.481048584, 159.164031982, 137.016876221, 53.0229110718, 33.2990036011, 29.925359726, 15.6357250214, 8.51292324066, 2.89212322235, 0.956861913204, 0.523648142815, 0.334445476532, 0.249371215701, 0.0907502472401, 0.00116312713362, 1.98790388595e-07]}, "silence_rate_30dB": {"dvar2": 0.0323228240013, "var": 0.00681323511526, "min": 0, "dmean": 0.0114100687206, "mean": 0.993139088154, "max": 1, "dmean2": 0.0228218957782, "median": 1, "dvar": 0.0112807285041}, "melbands_spread": {"dvar2": 405.555633545, "var": 504.967010498, "min": 0.489660412073, "dmean": 10.7188262939, "mean": 30.8490867615, "max": 213.051925659, "dmean2": 17.1286735535, "median": 25.4099807739, "dvar": 168.738967896}, "melbands_crest": {"dvar2": 29.787147522, "var": 37.1026496887, "min": 1.73449099064, "dmean": 3.9115653038, "mean": 15.2500276566, "max": 34.14037323, "dmean2": 6.29732751846, "median": 14.9813327789, "dvar": 11.8459777832}, "zerocrossingrate": {"dvar2": 0.000728446466383, "var": 0.00298021873459, "min": 0.00341796875, "dmean": 0.0182597078383, "mean": 0.0770138353109, "max": 0.5341796875, "dmean2": 0.023288493976, "median": 0.06494140625, "dvar": 0.000494255393278}, "barkbands_kurtosis": {"dvar2": 170.77255249, "var": 106.828094482, "min": -1.89506685734, "dmean": 3.57042098045, "mean": 3.47295594215, "max": 225.636795044, "dmean2": 5.84243440628, "median": 0.4977247715, "dvar": 68.1823501587}, "spectral_flux": {"dvar2": 0.00550274690613, "var": 0.0040012570098, "min": 6.45284936596e-11, "dmean": 0.0402588620782, "mean": 0.0998670384288, "max": 0.404605656862, "dmean2": 0.0628865659237, "median": 0.0837450921535, "dvar": 0.00243882206269}, "barkbands_crest": {"dvar2": 19.3128948212, "var": 23.7042179108, "min": 1.99738037586, "dmean": 3.09210109711, "mean": 10.6619701385, "max": 25.3671894073, "dmean2": 4.93950748444, "median": 9.93527412415, "dvar": 7.73923683167}, "barkbands_flatness_db": {"dvar2": 0.00195965426974, "var": 0.00315822428092, "min": 0.0129934595898, "dmean": 0.0311485286802, "mean": 0.123047173023, "max": 0.407441049814, "dmean2": 0.0469706505537, "median": 0.113526724279, "dvar": 0.000861836888362}, "spectral_entropy": {"dvar2": 0.165397122502, "var": 0.248134762049, "min": 5.18010282516, "dmean": 0.278993159533, "mean": 7.55888175964, "max": 9.81878185272, "dmean2": 0.39701166749, "median": 7.58638048172, "dvar": 0.0783534348011}, "pitch_salience": {"dvar2": 0.0138682052493, "var": 0.0167061798275, "min": 0.0868306234479, "dmean": 0.08147931844, "mean": 0.503020524979, "max": 0.859033405781, "dmean2": 0.130765974522, "median": 0.506267726421, "dvar": 0.00553179392591}, "erbbands_spread": {"dvar2": 365.198608398, "var": 429.128265381, "min": 1.21329247952, "dmean": 11.0650987625, "mean": 37.4521522522, "max": 152.129394531, "dmean2": 17.155122757, "median": 33.9645309448, "dvar": 158.746582031}, "dynamic_complexity": 2.60948872566, "spectral_contrast_valleys": {"dvar2": [0.634887993336, 0.433907389641, 0.471267402172, 0.333282232285, 0.42050626874, 0.811328589916], "var": [3.68980693817, 3.39406633377, 3.32828450203, 3.28688764572, 3.34174799919, 2.97795701027], "min": [-28.1584148407, -28.0882396698, -27.7903862, -27.6935863495, -27.5252761841, -27.4311275482], "dmean": [0.557176351547, 0.479356408119, 0.502515614033, 0.459798932076, 0.476537585258, 0.660351753235], "mean": [-7.56392717361, -7.25737333298, -7.77342176437, -7.9942278862, -7.6398191452, -10.4894895554], "max": [-4.99038887024, -4.87214136124, -4.85759925842, -4.95475006104, -5.48129892349, -8.0494146347], "dmean2": [0.854891777039, 0.730094611645, 0.7359354496, 0.639157533646, 0.661034703255, 0.905009686947], "median": [-7.41794872284, -7.0543088913, -7.61828327179, -7.83948040009, -7.38911390305, -10.3381443024], "dvar": [0.302860379219, 0.205124750733, 0.224329054356, 0.178882926702, 0.212926581502, 0.40938988328]}, "hfc": {"dvar2": 427.199768066, "var": 441.620361328, "min": 1.0982095828e-16, "dmean": 11.5432481766, "mean": 26.9258861542, "max": 185.569244385, "dmean2": 17.5636978149, "median": 23.2985343933, "dvar": 185.739471436}, "spectral_kurtosis": {"dvar2": 12.4691486359, "var": 11.9027633667, "min": -1.31685948372, "dmean": 1.99102580547, "mean": 5.31137037277, "max": 37.4863586426, "dmean2": 3.24840402603, "median": 4.48090934753, "dvar": 5.10741853714}, "mfcc": {"mean": [-637.824951172, 110.076957703, -18.219203949, 29.3186244965, 1.06954729557, 8.50365829468, -1.04301536083, 8.37543869019, -2.09291577339, 0.964398920536, 3.28361415863, 7.13208913803, 1.31600022316], "cov": [[5688.91113281, -207.217834473, -155.580474854, 49.8576278687, 42.4117965698, 111.252426147, 38.4642028809, -61.6235733032, 13.9242954254, -21.636838913, -86.697517395, 60.5459251404, 0.127372428775], [-207.217834473, 1293.35644531, -305.449188232, 62.0981292725, 14.716583252, 76.0483856201, 75.1822509766, 170.059997559, 7.49120092392, 66.4186859131, 157.509109497, 37.5812454224, 7.69924497604], [-155.580474854, -305.449188232, 802.770874023, 156.854904175, 121.756187439, 33.1314926147, 36.31483078, 58.9402275085, 34.332862854, 34.8722038269, -21.2278862, -31.4374027252, 23.0850582123], [49.8576278687, 62.0981292725, 156.854904175, 499.79699707, 173.777420044, 69.6297225952, 27.6966571808, 33.3165206909, 77.7503814697, 31.6703109741, -40.3112335205, 4.57337141037, 51.2703323364], [42.4117965698, 14.716583252, 121.756187439, 173.777420044, 276.985229492, 102.684944153, 31.2785396576, 23.2528476715, 51.4236717224, 47.1519165039, -3.19741535187, -18.8069591522, 2.60865855217], [111.252426147, 76.0483856201, 33.1314926147, 69.6297225952, 102.684944153, 233.159042358, 141.252365112, 81.5334854126, 54.4044876099, 64.6993484497, 52.9391136169, 38.926235199, 18.2955913544], [38.4642028809, 75.1822509766, 36.31483078, 27.6966571808, 31.2785396576, 141.252365112, 248.381317139, 120.710075378, 52.2846069336, 64.81300354, 66.190826416, 61.400177002, 33.1760139465], [-61.6235733032, 170.059997559, 58.9402275085, 33.3165206909, 23.2528476715, 81.5334854126, 120.710075378, 185.302078247, 57.1579971313, 61.590587616, 73.3658676147, 37.4223365784, 28.1564598083], [13.9242954254, 7.49120092392, 34.332862854, 77.7503814697, 51.4236717224, 54.4044876099, 52.2846069336, 57.1579971313, 125.952285767, 66.5137405396, 26.140920639, 22.0481281281, 16.8672161102], [-21.636838913, 66.4186859131, 34.8722038269, 31.6703109741, 47.1519165039, 64.6993484497, 64.81300354, 61.590587616, 66.5137405396, 147.618057251, 86.1111831665, 33.0217895508, 2.66870141029], [-86.697517395, 157.509109497, -21.2278862, -40.3112335205, -3.19741535187, 52.9391136169, 66.190826416, 73.3658676147, 26.140920639, 86.1111831665, 156.892440796, 64.1251220703, 9.69911193848], [60.5459251404, 37.5812454224, -31.4374027252, 4.57337141037, -18.8069591522, 38.926235199, 61.400177002, 37.4223365784, 22.0481281281, 33.0217895508, 64.1251220703, 129.488189697, 53.4101753235], [0.127372428775, 7.69924497604, 23.0850582123, 51.2703323364, 2.60865855217, 18.2955913544, 33.1760139465, 28.1564598083, 16.8672161102, 2.66870141029, 9.69911193848, 53.4101753235, 103.922203064]], "icov": [[0.000185601020348, 2.84256548184e-05, 4.94606647408e-05, -1.04576674858e-05, -1.0321416994e-05, -0.000122393903439, -8.95447058724e-08, 3.43917126884e-05, 7.58199757911e-06, -2.41079269472e-05, 0.000181262206752, -0.000173515101778, 7.60042021284e-05], [2.84256548184e-05, 0.00119890575297, 0.000595007557422, -0.000433475564932, -8.50531359902e-05, -4.89111989737e-05, 0.000242928814259, -0.00122436636593, 0.00062050978886, 0.000126087616081, -0.00108113826718, 0.000421386008384, 3.81297431886e-05], [4.94606647408e-05, 0.000595007557422, 0.0017391149886, -0.000452666368801, -0.000499375921208, 0.00020174983365, -1.05806975625e-05, -0.00108684669249, 0.00051016418729, -0.000311775278533, -0.000171175968717, 0.000637143850327, -0.000318555597914], [-1.04576674858e-05, -0.000433475564932, -0.000452666368801, 0.00318326987326, -0.00149503583089, -6.99473312125e-05, 0.000153160130139, 0.000192443651031, -0.00127641088329, -0.000289214571239, 0.00165395590011, -0.000450051418738, -0.00119745312259], [-1.0321416994e-05, -8.50531359902e-05, -0.000499375921208, -0.00149503583089, 0.00594933563843, -0.00253950664774, 0.000662953476422, 0.000594598357566, -0.000591873074882, -0.000951705151238, 0.000128521802253, 0.00128906674217, 0.000225828101975], [-0.000122393903439, -4.89111989737e-05, 0.00020174983365, -6.99473312125e-05, -0.00253950664774, 0.00829103216529, -0.00377022125758, -0.00035159435356, -0.00043896608986, -0.000371127360268, -0.000650558969937, -0.00047348003136, 0.000281267915852], [-8.95447058724e-08, 0.000242928814259, -1.05806975625e-05, 0.000153160130139, 0.000662953476422, -0.00377022125758, 0.00826322101057, -0.00360484886914, 6.79046643199e-05, -0.000670009991154, 0.000303900334984, -0.00158791453578, -0.00031143182423], [3.43917126884e-05, -0.00122436636593, -0.00108684669249, 0.000192443651031, 0.000594598357566, -0.00035159435356, -0.00360484886914, 0.0110366521403, -0.0029673629906, 0.000187430618098, -0.0022542909719, 0.00090388674289, -0.00133265659679], [7.58199757911e-06, 0.00062050978886, 0.00051016418729, -0.00127641088329, -0.000591873074882, -0.00043896608986, 6.79046643199e-05, -0.0029673629906, 0.0128212170675, -0.00506429793313, 0.00154074374586, -0.000620081671514, -0.000431179592852], [-2.41079269472e-05, 0.000126087616081, -0.000311775278533, -0.000289214571239, -0.000951705151238, -0.000371127360268, -0.000670009991154, 0.000187430618098, -0.00506429793313, 0.0137180928141, -0.00686379242688, 0.000334365002345, 0.00139341375325], [0.000181262206752, -0.00108113826718, -0.000171175968717, 0.00165395590011, 0.000128521802253, -0.000650558969937, 0.000303900334984, -0.0022542909719, 0.00154074374586, -0.00686379242688, 0.0147998994216, -0.00553313130513, 0.00131560268346], [-0.000173515101778, 0.000421386008384, 0.000637143850327, -0.000450051418738, 0.00128906674217, -0.00047348003136, -0.00158791453578, 0.00090388674289, -0.000620081671514, 0.000334365002345, -0.00553313130513, 0.0140014719218, -0.00622498383746], [7.60042021284e-05, 3.81297431886e-05, -0.000318555597914, -0.00119745312259, 0.000225828101975, 0.000281267915852, -0.00031143182423, -0.00133265659679, -0.000431179592852, 0.00139341375325, 0.00131560268346, -0.00622498383746, 0.0137972040102]]}, "silence_rate_20dB": {"dvar2": 0, "var": 0, "min": 1, "dmean": 0, "mean": 1, "max": 1, "dmean2": 0, "median": 1, "dvar": 0}, "melbands_kurtosis": {"dvar2": 1144.75427246, "var": 741.391906738, "min": -1.88003778458, "dmean": 10.0063018799, "mean": 13.4799795151, "max": 427.229766846, "dmean2": 16.3491134644, "median": 4.45973491669, "dvar": 448.993530273}, "barkbands_spread": {"dvar2": 368.113342285, "var": 257.590789795, "min": 0.567883193493, "dmean": 9.8972568512, "mean": 27.6872177124, "max": 116.720787048, "dmean2": 15.9835481644, "median": 25.6072540283, "dvar": 146.559127808}, "erbbands_skewness": {"dvar2": 0.381349414587, "var": 0.578180491924, "min": -4.98721504211, "dmean": 0.414614260197, "mean": -0.0584768503904, "max": 6.96898794174, "dmean2": 0.6439499259, "median": -0.130659624934, "dvar": 0.158308625221}, "average_loudness": 0.928691983223, "spectral_centroid": {"dvar2": 343832.59375, "var": 1010471.625, "min": 154.481811523, "dmean": 333.062316895, "mean": 1772.70446777, "max": 11805.8125, "dmean2": 535.564575195, "median": 1638.93066406, "dvar": 140789.5625}, "dissonance": {"dvar2": 0.00129580311477, "var": 0.001067592646, "min": 0.195723086596, "dmean": 0.0198259465396, "mean": 0.4614777565, "max": 0.5, "dmean2": 0.0326544232666, "median": 0.471158087254, "dvar": 0.000496268155985}, "erbbands_flatness_db": {"dvar2": 0.0017256392166, "var": 0.00334660429507, "min": 0.0306470394135, "dmean": 0.0315552540123, "mean": 0.154531642795, "max": 0.411513268948, "dmean2": 0.0437979400158, "median": 0.150505498052, "dvar": 0.000904041167814}, "spectral_strongpeak": {"dvar2": 3.79055428505, "var": 3.6967227459, "min": 0, "dmean": 0.748335599899, "mean": 1.2357404232, "max": 17.5885353088, "dmean2": 1.23310649395, "median": 0.464180886745, "dvar": 1.6989415884}, "spectral_rms": {"dvar2": 5.59763202546e-06, "var": 5.57447356186e-06, "min": 3.13686056297e-12, "dmean": 0.00120079773478, "mean": 0.00513624306768, "max": 0.0137394303456, "dmean2": 0.00177849736065, "median": 0.00481009669602, "dvar": 2.41707357418e-06}, "silence_rate_60dB": {"dvar2": 0.0671890079975, "var": 0.0376290977001, "min": 0, "dmean": 0.0292961224914, "mean": 0.0391612686217, "max": 1, "dmean2": 0.0585967600346, "median": 0, "dvar": 0.0284345354885}, "melbands": {"dvar2": [2.57427273027e-05, 6.55979674775e-05, 5.15713554705e-06, 1.70102350694e-06, 4.89650631152e-07, 3.26432825659e-07, 1.82943480809e-07, 5.18730644217e-07, 1.01342664038e-06, 5.55462406737e-07, 1.49606250943e-07, 9.11963979888e-08, 1.47034995734e-07, 2.71891963166e-07, 2.8764523563e-07, 2.5087507538e-07, 1.80655234772e-07, 7.43203472098e-08, 1.02594279738e-08, 6.38802699626e-09, 5.35939248536e-09, 3.57452001332e-09, 3.20565152201e-09, 1.34836453114e-09, 7.18111570208e-10, 5.30940791332e-10, 1.80704479158e-10, 2.25013216393e-10, 1.7810555808e-10, 9.7790664455e-11, 4.72298727905e-11, 3.28272582728e-11, 2.94576897597e-11, 2.49667647667e-11, 1.47537156103e-11, 1.00507232745e-11, 8.30005768976e-12, 4.44293516907e-12, 2.24283785988e-12, 1.83414134575e-12], "var": [1.84606287803e-05, 2.27697273658e-05, 1.85865940239e-06, 6.62619868308e-07, 3.08928974846e-07, 1.66163758308e-07, 2.21379423238e-07, 4.39262493046e-07, 8.45328827381e-07, 5.08423681822e-07, 1.82544624749e-07, 1.61116460617e-07, 1.98654106498e-07, 1.9170346377e-07, 1.90386842291e-07, 2.74769291764e-07, 1.97835944959e-07, 7.69413475155e-08, 9.44992173402e-09, 4.12421696794e-09, 3.90051502208e-09, 3.12562709048e-09, 2.20616569457e-09, 1.03947306318e-09, 5.26737597983e-10, 5.215177179e-10, 1.90773064013e-10, 1.93783128433e-10, 1.52131099385e-10, 9.58452414657e-11, 3.92786532466e-11, 1.98232697618e-11, 1.63407603421e-11, 1.22592101401e-11, 7.84737292508e-12, 4.36324587572e-12, 3.61835691617e-12, 1.8793716583e-12, 8.19435014635e-13, 6.0463206707e-13], "min": [4.5768260189e-25, 1.30696354713e-24, 1.01090207725e-24, 1.15443295237e-24, 1.39495378275e-24, 1.2416409338e-24, 1.34389476066e-24, 1.70856543563e-24, 1.94068065724e-24, 1.39724700141e-24, 2.26117748809e-24, 3.30081550014e-24, 2.05422259062e-24, 3.82907876912e-24, 3.26816257512e-24, 2.82748732131e-24, 2.958449