{"tonal": {"thpcp": [1, 0.608157396317, 0.235008388758, 0.164342314005, 0.166367515922, 0.297348439693, 0.450479656458, 0.369996130466, 0.223004102707, 0.196558997035, 0.248219996691, 0.482371479273, 0.662037909031, 0.511512100697, 0.414940178394, 0.492273002863, 0.361581116915, 0.200505390763, 0.206078290939, 0.273381263018, 0.660016298294, 0.971821367741, 0.64667904377, 0.282443761826, 0.219133377075, 0.23870010674, 0.424235075712, 0.644760489464, 0.564393162727, 0.347938269377, 0.211204633117, 0.156815558672, 0.22096671164, 0.303199380636, 0.395737618208, 0.767962574959], "hpcp": {"dmean2": [0.262141257524, 0.243367254734, 0.2025295645, 0.164171680808, 0.145082369447, 0.120317481458, 0.122850805521, 0.150693699718, 0.223963186145, 0.260475873947, 0.226773813367, 0.152568548918, 0.128799796104, 0.143553748727, 0.193350851536, 0.236686751246, 0.225137040019, 0.198932304978, 0.143985614181, 0.125231236219, 0.126080974936, 0.150166735053, 0.203758910298, 0.285187393427, 0.279127568007, 0.24327275157, 0.155203491449, 0.117755129933, 0.119173042476, 0.162793383002, 0.180170282722, 0.172316431999, 0.150135025382, 0.139368399978, 0.162643969059, 0.2258695364], "median": [0.102577134967, 0.0764625295997, 0.0369809828699, 0.0290369912982, 0.0213870089501, 0.015751818195, 0.0132095701993, 0.0333319082856, 0.133201643825, 0.201680839062, 0.11940395087, 0.0274218395352, 0.0179339423776, 0.018993826583, 0.0395308919251, 0.0647407099605, 0.0556325502694, 0.0261430870742, 0.0128429057077, 0.00920630246401, 0.017296532169, 0.0298061780632, 0.0537339225411, 0.136532634497, 0.195192456245, 0.0986226275563, 0.0236632991582, 0.0123271336779, 0.0125587871298, 0.0262614879757, 0.0403687544167, 0.0369742698967, 0.0229076612741, 0.0164030306041, 0.0198973827064, 0.0647836253047], "min": [0, 0, 0, 0, 0, 0, 0, 0, 0, 0, 0, 0, 0, 0, 0, 0, 0, 0, 0, 0, 0, 0, 0, 0, 0, 0, 0, 0, 0, 0, 0, 0, 0, 0, 0, 0], "dvar2": [0.116379313171, 0.114234261215, 0.0986700057983, 0.0788533836603, 0.0666715726256, 0.0565961562097, 0.0622365176678, 0.0656400248408, 0.0736107453704, 0.0916107743979, 0.0813261345029, 0.0637623071671, 0.0650114268064, 0.0756728351116, 0.0963995456696, 0.125508993864, 0.104320861399, 0.108093865216, 0.0854662060738, 0.0820035859942, 0.0668988376856, 0.0730454400182, 0.0847072005272, 0.116531401873, 0.113918893039, 0.107248008251, 0.0785342305899, 0.0629531443119, 0.0618806146085, 0.0817561522126, 0.0878494530916, 0.0813347250223, 0.0874216407537, 0.08218498528, 0.0895034596324, 0.104072540998], "dvar": [0.0433781854808, 0.0420301444829, 0.036754630506, 0.0314140245318, 0.0263921115547, 0.0214084479958, 0.0233029052615, 0.0240623559803, 0.0287524834275, 0.0395493656397, 0.0332043766975, 0.0248042400926, 0.024370836094, 0.0287128686905, 0.0356493480504, 0.0455689541996, 0.0423116125166, 0.045252006501, 0.0339725241065, 0.0292539894581, 0.0248041134328, 0.0271825809032, 0.0332175828516, 0.0449345596135, 0.0472352355719, 0.0407129339874, 0.0282170344144, 0.0228953659534, 0.0227396935225, 0.0300940126181, 0.0338210500777, 0.0320730172098, 0.0323176719248, 0.029850685969, 0.032275531441, 0.0382556766272], "dmean": [0.152778983116, 0.141075447202, 0.116414695978, 0.0958757102489, 0.085974983871, 0.0687433183193, 0.0699907168746, 0.0866191089153, 0.133985638618, 0.15757137537, 0.135995134711, 0.0873496085405, 0.072446398437, 0.0822590962052, 0.112087272108, 0.13559409976, 0.133856326342, 0.114348687232, 0.081415489316, 0.0685513913631, 0.0714076608419, 0.0855819955468, 0.117642141879, 0.16670589149, 0.166488140821, 0.141633167863, 0.0860919356346, 0.064704246819, 0.0663482695818, 0.0930605605245, 0.10493503511, 0.100577682257, 0.0838770121336, 0.0775962918997, 0.0918709114194, 0.130433246493], "max": [1, 1, 1, 1, 1, 1, 1, 1, 1, 1, 1, 1, 1, 1, 1, 1, 1, 1, 1, 1, 1, 1, 1, 1, 1, 1, 1, 1, 1, 1, 1, 1, 1, 1, 1, 1], "var": [0.0806501805782, 0.0557099580765, 0.0512198768556, 0.0847174674273, 0.0487181432545, 0.021568575874, 0.0262119527906, 0.0263254418969, 0.0587620772421, 0.113941088319, 0.0649019852281, 0.0324386879802, 0.0285472963005, 0.0288535542786, 0.0543418377638, 0.0991450101137, 0.076494820416, 0.050695117563, 0.0317896157503, 0.0217082742602, 0.0278250314295, 0.0369242690504, 0.0435884445906, 0.0869310870767, 0.128632679582, 0.0643518790603, 0.0250580068678, 0.0182547979057, 0.0189503133297, 0.0347143337131, 0.0636126101017, 0.0475936420262, 0.0269288811833, 0.0235680174083, 0.0276018921286, 0.0543137714267], "mean": [0.229092821479, 0.177004590631, 0.143586665392, 0.170347064734, 0.125122204423, 0.0693832561374, 0.071311712265, 0.0946013629436, 0.228393271565, 0.336290866137, 0.223778009415, 0.097737364471, 0.0758293196559, 0.0826002284884, 0.146803095937, 0.22311411798, 0.19530364871, 0.120401203632, 0.0730856433511, 0.0542647466063, 0.0764637291431, 0.104919672012, 0.13694177568, 0.265747189522, 0.346041858196, 0.210447922349, 0.0813227370381, 0.0568693205714, 0.0575701221824, 0.102895006537, 0.155884817243, 0.12803414464, 0.0771687552333, 0.0680176392198, 0.08589451015, 0.166920721531]}, "tuning_equal_tempered_deviation": 0.0181451365352, "chords_changes_rate": 0.0503909662366, "key_key": "F", "tuning_diatonic_strength": 0.75391972065, "key_scale": "major", "chords_number_rate": 0.00289603252895, "tuning_frequency": 439.745910645, "tuning_nontempered_energy_ratio": 0.735132098198, "chords_histogram": [42.1083106995, 3.67796111107, 5.56038236618, 1.41905593872, 2.34578633308, 0, 0.115841299295, 0, 5.96582698822, 0, 0.926730394363, 0, 0, 0, 0, 0.405444532633, 0, 5.35765981674, 0, 0.434404879808, 0, 2.25890541077, 27.4254264832, 1.9982624054], "key_strength": 0.870757579803, "chords_key": "F", "chords_strength": {"dmean2": 0.00887285079807, "median": 0.591282010078, "min": 0.19059753418, "dvar2": 6.89175285515e-05, "dvar": 7.97070533736e-05, "dmean": 0.010609078221, "max": 0.829564630985, "var": 0.0107205081731, "mean": 0.580867350101}, "chords_scale": "major", "hpcp_entropy": {"dmean2": 1.0001322031, "median": 1.89919555187, "min": 0, "dvar2": 0.678148806095, "dvar": 0.241265818477, "dmean": 0.591521680355, "max": 4.01821756363, "var": 0.521103441715, "mean": 1.86827242374}}, "metadata": {"audio_properties": {"equal_loudness": 0, "codec": "mp3", "downmix": "mix", "sample_rate": 44100, "analysis_sample_rate": 44100, "bit_rate": 192000, "md5_encoded": "c3c9031ef293cef6342aa1e1edad220a", "length": 160.287353516, "replay_gain": -4.74552726746, "lossless": false}, "version": {"essentia_build_sha": "2d9f1f26377add8aeb1075a9c2973f962c4f09fd", "essentia": "2.1-beta2", "extractor": "music 1.0", "essentia_git_sha": "v2.1_beta2-1-ge3940c0"}, "tags": {"title": ["The Great Pretender (5)"], "language": ["eng"], "acoustid_fingerprint": ["AQADtNMTSQmVoD4efcF1lNmKxxGSUs-QJfiMR9lxHt4zcjjx5SjlEE44CRV39McelJlwHfnxmND4TNADuxnqrTPiXMFplsj5QVwmPUcuZ8cDv8IVsnhkvBWaPkaZN8FbvJGGIHkSHZfwzEF8aGk8hPZx4zhzfM1D5Ep0DcnSDz2eMbHxoPmDnhvyZNCjyAifEI6DcNCNWMSc58GeCrlSBsnSYDoefvjBJsSVREdyWQj1o4mLMzt-uMryIQ9PJPrC4eeOZvgRLUey7cf1U2i4o5Qy5GkcFeJxr9i3NvA8JD_-48k-PDSu489EhIH2CsEv4tmPHmG4HF_1Q3dRHle5COKzI7zwa8Mto-GPkiziH_ITZNeH8sbGRckJj_zRcSJO5fBI5EtJJOePK6XwMEwV4pIPLTsx3ccZgh6D-scUH_-DPEtSCVouxGaPMV4ihHg96OGxn0Suo48QxhzKLrOgZaHwozkdVNxSqEeO9kFT0TIaJ4tR8wihKB_y4LHxhF_gLE-RH_of5LrgkzhxHqF9aLnBNSOeN9BFGT3SoxbuCw-Rq9ORLD56_DkesL9wpUcyUYiUZ8bzGMf5I4yTINmH75OIM8GbHp-C-EHCJX7wlbiD5whzItnxJKNwGW9QKTus50L4J0j64kmGSzq-49Fy-D1yBnpjhJfho7rx8UiuHPmCkxT-HDHTHMp65Dgu3iCdD_HyItmzoylP0A--FX2WC82P77gUHTGbjIKmNMfpDc1x6DkuikzwrIF-BmEe1MIV5uCU49mZ4tKR1FEQ6pii5bik4jxRqynCbND_FPk7TH2Cj4gT2URS5vDQLtkDlrSM5ifqHMmPkNSagFpuFHuWFT-uEHmO5Dy-4JKOybngJAcjd4guH99Qw-OSI7zx7cnQPKiVXMKVo-kRSpC_BNEtoYnIvGDkBP1CNN8lIS9zSDtyNJRQvkPynMhbYXT04DnUncefFM2XD31CHi_Kp3j-oxZT6OLxJUR1XD66MMd__EmLPEaSo1e0GN9S9EHOHory8Ajf47KkDU-eHMksIswTfMEeHqfQB0mRJWqES0pqPBdxvug_JMuP_PjIELeNwjsYkcqqIM8OlWIYKPpxHemjo0xFEpd44cmR9tB_5Mcphjh1XKQY5NuRLJfRBzh1vNoRZhJjaLeCXFKO45l-BMlylHGEK3twZTwu-ENeJBcezUHlB16KNX-QJ0iUH_PDCBd3jDrCfITm8cgX6cTz4tyR-EekD02UscJ7_LDF47iO9kKzM8JxSTz6HD-OMlFS5Lyh3sM_NNp4xJpWYqts9CHuD3x05Cv6BdtJC_0TnPGGPNKNJk-IXgmeFy2XJ0gj69AcRFce9PTRHCd1uNERL4ca5zHCnE-EWjn48EjWH2ne4X8IZ0qEif_Q50XzBy_OHY2SsyhfnGLwDz-ihoeexciPG53zgIov8GKOMwgZvdB7ZH-IK8phb8MTI2dOQ3-KMBdqH68WPCKuUBf-FEn0HOl5VPzxLMQd1D-a4zNyZhuaCaZ2IrT2IvwSCk12fMinI8_xHOpGo7ehpcohND_qH_N0o-IH64iNH3WE6yDK9BHCJGH0BkkkZof7wWMWtONx5kiWxwgpkQse6cFzaUF1JccLP0jmCZEbPA_OScXFKoGbC0ieI-8x8sWzI08TJD825R_ukLiOpnkRXod-5GGFpzU4ykIyJTyRDz88KaiT40GPZJmOeGoqoVG0UKjM4Md9XPyQOc2hX8jFCZdqHM_QJFKL6riK5EPIo3mi1PjxoPmFXlaGK-sRHs1J4ZLiBU8OKVGsvAivoFfQ7MY1jExyNHVQZhSRPE8a5Mrk4JZynEf8I_maox3RrBcexseboznKh2i4HZNkHS8zXHxw5fiNL1kV7D1y_hCJs0f-o3mmoTiz7ChTWXD1ICfcLRqmCzl-tM_RJHvw43lwZdjLUEiInBTyQxcaJo-E8MePJ_ER5tKhTyHypBlKTTmekcJlvHDP4LmQNPHxFb6C51DUHJlOtBWFZnwQioNuI0yvGD1vXFZ6NNTBrDn6B0moDzlODv1ZHNdyvDrq6fCFPiWmnEOtC7-KH4101DqFUVqOn8h7JHeKf7hQXTeeNZmOR48CT2fRs8OD-8rwKYfTFNFz6IY3SRTiPYKTqMfxaWj2tMLU44oQagqSZcKFX7iy492RH8nhRcaPS0h_6EPM6LiJLqcwhSeuf0j0FZG548U_vMe4ER6ZIPmQ_Smu8MKkhsajI-mPdBn64_ph77iPM0EZXsGUqOmOH1me5dhq-IciVrh05Nos_CFqH95HPHmQJTw3IMl54Y-KC32yE819PPgRN1l2iLWNvGYw6mA67UMzJkGg2Wj-HO8MLdmO7sh2PcGvSmg-TNcoJEecCJU_XJEc9CiX6diqvOhR3geVI1RkGorIjMbLAbUk5NFxCe-PSLk-9EUfiJpipFH2CAy3z_iDM0Vz1FOOWYk-IvnsIGeuwMeX45l5PMfV4ze0J0FzHseHJ2dQakvRHO9xZ3gePHuE68H_oFm-IRk75DgX-XiXGBcu5UKXRKsivIgb5jh16OEDjxf6QE-CXEQv4_CyC0_uKMSvHwmrHnmOZif-B2eOZgjfQ0-OONGiSqieED8RBkkeHG_24Ldw6QrcHMmRZ8F1gn9x5UQ85hoSZT8a6cX4zMMvolTao6mDZ0eyPGuCtGKOUNXxKTVUEo-oYyIP8dHxhR0oI5ceNFFI5_ixZ0d3BZWRMxoePDv0I8c3LhibC1UiH0xO_Mh7aCkRPgteo-yDhrmE6zFyCS0JLS5ix8Q5o2GaHAwbvTisp_iPL8rRKkTz4HmQ84G-HGr0D3GP6wCAlCIKIGIMYYIZAoxSRDOnHAAAAQAEYggI4AQjxCEmmYCFASIEU4QBRARBDABnBCMYEIgMIM44gIgxADhiBQAEGGMJQIQJQ5AiDBiCjFBACACAkQgoiQQRDABIhBICAEYAAggAAJUgilAEgACAAGmAMcQbIDQURjkAEGJAECMF44ARQBBghBADjAAMMWCABEIYoIQwgAAhDCCIUSAQIgIABRACxghggBLGGCsQYIQICJRhGCjhgFDACYEgQgYqQjmAhBngEIGCICEMMIwAIARwFBCCiEKGCkIEMA4BwgQjRBmAlREAOSGIAIAbp4giAhNABBBCKEEAEEwwzAwBRhChBEBECcAEIEQB5AhAChDEABDKGeqYBIwYLgAgQCGmCJEMCEQIJApYYJQBChhgCUEEDEUQAUQRJASgQglDEEAEGcKQZY4wQBhCQkmihDJMEIWQEIYAIwgiRgoAhCBCKKKYIkAQoYBAggAChDKCAcMAAEYxJYSiAgBCCAHEIEiEQAZCIACBRhAAgBKAGOCEMUQ4oBB2BhhhgCOAMIeEIYIxQhFBAAAgMQEOEUQVMMgAwQQACDAmEFNIeSMsVRwAIQAhBgkCmjPWAopIMAIJBoARhBghCCIGGAEIA4wogYglxAkAETGEGCIMIMgABghSyGAmGEDAKoWMwggwoYAABBBmEJHWIKQMZQgog5QAgAiiABWNEK6AQQAoYIAhDigkARKEYCYEAEogQYEQxFgGCXwCIcgQYkBJABBjghLDlAJCIGcAEAQzgYAQAhKCEBBIMUCYEgIaQQQwgCgEgFCCCAIASEoAhYABxCkhCIDAAWSO4URIJgwQRhDAkAJIMWKAEIA6BRBiQEEjgLLOAMcQAAABpBwgwAIiOCEcIAiIUMQIpwAAAgBjkDOAESOAcMYBZgkwgAiDFBXAESOEAIAIQQwATBBkgIBCAaGMAcIgAYVCQikEkBEUKUWcAIYUIgAwyEEklAACEAA"], "date": ["1998"], "genre": ["Doo Wop"], "musicbrainz album type": ["Compilation"], "musicip_puid": ["8ad90198-78c5-d46a-1cdc-6dcb066bee84"], "musicbrainz_recordingid": ["10dec935-4f48-4a50-af01-a57ed6bd3516"], "musicbrainz_albumartistid": ["3fb55c03-3ad9-4341-8d0b-7c4c49aefca0"], "musicbrainz_albumid": ["27efb683-5042-4896-98d6-85d8dd479303"], "artist": ["Platters"], "tracknumber": ["02"], "bpm": ["91.67"], "album": ["Greatest Hits"], "musicbrainz album release country": ["Australia"], "acoustid_id": ["465759d6-6773-4b00-811e-476719b647fa"], "musicbrainz_artistid": ["3fb55c03-3ad9-4341-8d0b-7c4c49aefca0"], "file_name": "Platters - The Great Pretender (5).mp3"}}, "rhythm": {"bpm_histogram_first_peak_bpm": {"dmean2": 0, "median": 83, "min": 83, "dvar2": 0, "dvar": 0, "dmean": 0, "max": 83, "var": 0, "mean": 83}, "bpm": 83.4261398315, "bpm_histogram_second_peak_spread": {"dmean2": 0, "median": 0.45454543829, "min": 0.45454543829, "dvar2": 0, "dvar": 0, "dmean": 0, "max": 0.45454543829, "var": 0, "mean": 0.45454543829}, "bpm_histogram_first_peak_weight": {"dmean2": 0, "median": 0.583691000938, "min": 0.583691000938, "dvar2": 0, "dvar": 0, "dmean": 0, "max": 0.583691000938, "var": 0, "mean": 0.583691000938}, "onset_rate": 2.93202161789, "beats_position": [0.66176867485, 1.33514738083, 2.00852608681, 2.68190479279, 3.36689329147, 4.06349182129, 4.77170038223, 5.47990942001, 6.18811798096, 6.8963265419, 7.61614513397, 8.32435321808, 9.03256225586, 9.75238037109, 10.47219944, 11.1920175552, 11.9118366241, 12.6316547394, 13.3398637772, 14.0480718613, 14.7678909302, 15.4760990143, 16.1843090057, 16.904127121, 17.6239452362, 18.3437633514, 19.0635814667, 19.7834014893, 20.5032196045, 21.2230377197, 21.942855835, 22.6626758575, 23.3824939728, 24.102312088, 24.8105201721, 25.5187301636, 26.2385482788, 26.9699764252, 27.7014045715, 28.4212245941, 29.1410427094, 29.8608608246, 30.5806789398, 31.3004989624, 32.0319252014, 32.7517471313, 33.4831733704, 34.2146034241, 34.9460296631, 35.6658477783, 36.3856697083, 37.093875885, 37.8136940002, 38.5219039917, 39.2417221069, 39.9615402222, 40.7045783997, 41.4243965149, 42.1442184448, 42.8640365601, 43.5838546753, 44.3036727905, 45.0234909058, 45.743309021, 46.4631271362, 47.1829452515, 47.8911552429, 48.5993652344, 49.3191833496, 50.0390014648, 50.7704315186, 51.4902496338, 52.2216758728, 52.9647140503, 53.6729240417, 54.3811340332, 55.08934021, 55.8091583252, 56.5173683167, 57.2371864319, 57.9686164856, 58.6884346008, 59.3966445923, 60.1164627075, 60.8362808228, 61.556098938, 62.2759170532, 62.9957351685, 63.7155532837, 64.4237594604, 65.1319732666, 65.8401794434, 66.5599975586, 67.2682037354, 67.98802948, 68.7078475952, 69.4276657104, 70.1474838257, 70.8789138794, 71.5871200562, 72.3069381714, 73.0267562866, 73.7465744019, 74.4663925171, 75.1862106323, 75.9060287476, 76.6258468628, 77.345664978, 78.0654830933, 78.7853012085, 79.5051269531, 80.2249450684, 80.9447631836, 81.6529693604, 82.3727874756, 83.0809936523, 83.8008117676, 84.5206298828, 85.2404556274, 85.9602737427, 86.6800918579, 87.3999099731, 88.1197280884, 88.8395462036, 89.5593643188, 90.2791824341, 90.9990005493, 91.7188186646, 92.4386367798, 93.1468429565, 93.8782730103, 94.5980911255, 95.3179092407, 96.037727356, 96.7691574097, 97.4889755249, 98.2087936401, 98.9402236938, 99.6600418091, 100.379859924, 101.09967804, 101.819496155, 102.53931427, 103.259140015, 103.967346191, 104.687164307, 105.395370483, 106.10358429, 106.811790466, 107.531608582, 108.251426697, 108.971244812, 109.691062927, 110.410881042, 111.130699158, 111.862129211, 112.593559265, 113.31337738, 114.044807434, 114.776237488, 115.496055603, 116.20426178, 116.912467957, 117.64389801, 118.375328064, 119.095146179, 119.814964294, 120.546394348, 121.277824402, 121.997642517, 122.717460632, 123.437278748, 124.157096863, 124.876914978, 125.608345032, 126.339767456, 127.07119751, 127.802627563, 128.545669556, 129.277099609, 129.86920166, 130.46131897, 131.041809082, 131.622314453, 132.214416504, 132.806533813, 133.398635864, 134.013961792, 134.62928772, 135.221405029, 135.73223877, 136.254684448, 136.788757324, 137.322814941, 137.856872559, 138.437362671, 139.006256104, 139.575149536, 140.167251587, 140.747756958, 141.339859009, 141.931976318, 142.524078369, 143.11618042, 143.696685791, 144.288803101, 144.880905151, 145.473007202, 146.065124512, 146.668838501, 147.260955811, 147.853057861, 148.445159912, 149.04888916, 149.652603149, 150.256317139, 150.860046387, 151.463760376, 151.997817993, 152.53187561, 153.065933228, 153.599990845, 154.134063721, 154.656509399, 155.178955078, 155.713012695, 156.17741394, 156.641815186, 157.106216431, 157.570602417, 158.035003662, 158.511016846, 158.975418091, 159.451431274], "beats_loudness": {"dmean2": 0.0173637904227, "median": 0.0209866408259, "min": 1.1006068279e-09, "dvar2": 0.00029639530112, "dvar": 0.000104742830445, "dmean": 0.00996817555279, "max": 0.0665973350406, "var": 0.000216348213144, "mean": 0.0218949615955}, "danceability": 0.996092259884, "bpm_histogram_second_peak_weight": {"dmean2": 0, "median": 0.0772532224655, "min": 0.0772532224655, "dvar2": 0, "dvar": 0, "dmean": 0, "max": 0.0772532224655, "var": 0, "mean": 0.0772532224655}, "beats_count": 234, "bpm_histogram_second_peak_bpm": {"dmean2": 0, "median": 101, "min": 101, "dvar2": 0, "dvar": 0, "dmean": 0, "max": 101, "var": 0, "mean": 101}, "bpm_histogram_first_peak_spread": {"dmean2": 0, "median": 0.222857102752, "min": 0.222857102752, "dvar2": 0, "dvar": 0, "dmean": 0, "max": 0.222857102752, "var": 0, "mean": 0.222857102752}, "beats_loudness_band_ratio": {"dmean2": [0.307016283274, 0.215522617102, 0.283452361822, 0.131802409887, 0.109936721623, 0.122069738805], "median": [0.393165528774, 0.129497528076, 0.172204971313, 0.0761696249247, 0.0419365540147, 0.048242226243], "min": [0.0017494156491, 0.00354641280137, 0.00157251569908, 0.00073833425995, 0.00121640437283, 0.00173615769017], "dvar2": [0.065370246768, 0.0603609196842, 0.0541133359075, 0.0217776428908, 0.0229892898351, 0.0320514403284], "dvar": [0.0244711209089, 0.0217399727553, 0.0203696489334, 0.00774348853156, 0.00887857098132, 0.0110529316589], "dmean": [0.179896354675, 0.1213311553, 0.163477346301, 0.0778934061527, 0.0655655935407, 0.0692455694079], "max": [0.852899610996, 0.913270056248, 0.905214011669, 0.610155165195, 0.673924922943, 0.989745616913], "var": [0.053488008678, 0.0285958424211, 0.0306218247861, 0.0140984514728, 0.00967082753778, 0.0135127929971], "mean": [0.37377512455, 0.176969692111, 0.225783511996, 0.11699963361, 0.0747972875834, 0.0812107548118]}}, "lowlevel": {"barkbands_spread": {"dmean2": 6.55794906616, "median": 17.4378147125, "min": 0.71456861496, "dvar2": 69.1954650879, "dvar": 30.0485038757, "dmean": 4.24578475952, "max": 127.862716675, "var": 210.081604004, "mean": 20.4079380035}, "melbands_spread": {"dmean2": 8.68884754181, "median": 19.589641571, "min": 0.747641861439, "dvar2": 139.901199341, "dvar": 60.2866477966, "dmean": 5.59380149841, "max": 193.925674438, "var": 384.660919189, "mean": 24.7842731476}, "hfc": {"dmean2": 4.17003011703, "median": 7.32393836975, "min": 1.20349749868e-16, "dvar2": 42.820148468, "dvar": 25.6867923737, "dmean": 3.11289477348, "max": 167.529769897, "var": 290.82913208, "mean": 13.322810173}, "barkbands_kurtosis": {"dmean2": 3.34896636009, "median": 1.56350159645, "min": -1.86587357521, "dvar2": 38.9114761353, "dvar": 18.0734920502, "dmean": 2.1387720108, "max": 198.107452393, "var": 65.7985534668, "mean": 3.68287086487}, "gfcc": {"mean": [-67.9736709595, 99.3364105225, -128.701446533, 28.7401409149, -66.7565612793, 2.33500862122, -31.9229164124, 2.59957194328, -24.7114810944, -2.69603610039, -12.9818210602, -0.036528814584, -15.8664903641], "icov": [[0.000147434111568, -0.0003406740434, 0.000371559959603, -0.0004482397635, 0.000421291799285, -0.000336493278155, 0.000363137573004, -0.000465730467113, 0.000524391594809, -0.000742893724237, 0.000560651824344, -0.000358275225153, 0.000339152698871], [-0.0003406740434, 0.00197793007828, -0.000595608842559, 0.000684501836076, -0.00151686812751, 0.000634946743958, -0.00100672827102, 0.00186706450768, -0.00215820828453, 0.00329209654592, -0.00267410394736, 0.0011856793426, -0.000880991690792], [0.000371559959603, -0.000595608842559, 0.00305348611437, -0.00159763090778, 0.000343309395248, -0.00259695085697, 0.00145307881758, 8.49395582918e-05, 0.000716308946721, -0.00151660339907, 0.00174804229755, -0.00241243722849, 0.00161037396174], [-0.0004482397635, 0.000684501836076, -0.00159763090778, 0.0064301113598, -0.00191825639922, 0.000450026709586, 0.000286831986159, -0.000343277672073, -0.00205049617216, 0.00243233889341, -0.00144549668767, 0.00212203012779, -0.00380045850761], [0.000421291799285, -0.00151686812751, 0.000343309395248, -0.00191825639922, 0.00580125348642, -0.00102991727181, 0.000500460097101, -0.00156386557501, 0.00108414387796, -0.00495017599314, 0.00313768605702, -0.000598436512519, -0.00080664770212], [-0.000336493278155, 0.000634946743958, -0.00259695085697, 0.000450026709586, -0.00102991727181, 0.00702674826607, -0.00106643617619, -0.00241590407677, -9.02469400899e-05, 0.00140245188959, -0.00242136279121, 0.00142645381857, -0.000491411425173], [0.000363137573004, -0.00100672827102, 0.00145307881758, 0.000286831986159, 0.000500460097101, -0.00106643617619, 0.00586260622367, -0.00360566517338, 0.00321174669079, -0.000407592859119, -0.0011476870859, -0.000380011246307, 0.000851015443914], [-0.000465730467113, 0.00186706450768, 8.49395582918e-05, -0.000343277672073, -0.00156386557501, -0.00241590407677, -0.00360566517338, 0.0118770869449, -0.00358527060598, 0.00170032971073, -0.00106433744077, 0.000713550369255, 0.00120104977395], [0.000524391594809, -0.00215820828453, 0.000716308946721, -0.00205049617216, 0.00108414387796, -9.02469400899e-05, 0.00321174669079, -0.00358527060598, 0.0144928526133, -0.00624346593395, 0.000331067043589, -0.000444298784714, -0.00189114338718], [-0.000742893724237, 0.00329209654592, -0.00151660339907, 0.00243233889341, -0.00495017599314, 0.00140245188959, -0.000407592859119, 0.00170032971073, -0.00624346593395, 0.0165707357228, -0.00510122580454, 0.00284449802712, 0.000266725139227], [0.000560651824344, -0.00267410394736, 0.00174804229755, -0.00144549668767, 0.00313768605702, -0.00242136279121, -0.0011476870859, -0.00106433744077, 0.000331067043589, -0.00510122580454, 0.0150007707998, -0.00444686459377, 0.000239579676418], [-0.000358275225153, 0.0011856793426, -0.00241243722849, 0.00212203012779, -0.000598436512519, 0.00142645381857, -0.000380011246307, 0.000713550369255, -0.000444298784714, 0.00284449802712, -0.00444686459377, 0.0142796225846, -0.00489513436332], [0.000339152698871, -0.000880991690792, 0.00161037396174, -0.00380045850761, -0.00080664770212, -0.000491411425173, 0.000851015443914, 0.00120104977395, -0.00189114338718, 0.000266725139227, 0.000239579676418, -0.00489513436332, 0.019127657637]], "cov": [[22634.4589844, 1368.98034668, -1307.59680176, 806.229553223, -430.352935791, 417.795623779, -367.456329346, 566.065124512, -109.922279358, 205.462387085, -165.764099121, -127.951812744, -139.014343262], [1368.98034668, 1431.57336426, -151.210159302, 81.7727813721, 65.5239257813, -43.9239654541, 89.041885376, -90.3210220337, 84.6850357056, -134.103897095, 160.096069336, -0.888246774673, 81.9954223633], [-1307.59680176, -151.210159302, 896.206237793, 173.252868652, 184.739227295, 220.251571655, -203.381118774, -21.4164276123, 63.9966049194, 58.9872779846, -46.8493309021, 70.3910980225, 23.1403617859], [806.229553223, 81.7727813721, 173.252868652, 323.280639648, 123.522628784, 79.4936065674, -116.338478088, 32.6357803345, 66.4666595459, 31.8727970123, -16.7202701569, -3.47771430016, 54.9418869019], [-430.352935791, 65.5239257813, 184.739227295, 123.522628784, 344.623413086, 60.2895355225, -64.9555435181, 15.5193729401, 66.2869491577, 78.5187225342, -24.7805328369, -4.25760889053, 42.315196991], [417.795623779, -43.9239654541, 220.251571655, 79.4936065674, 60.2895355225, 281.861541748, 12.9128675461, 92.608291626, 5.8111615181, 25.1356182098, 9.03459644318, 5.07113742828, -7.37661552429], [-367.456329346, 89.041885376, -203.381118774, -116.338478088, -64.9555435181, 12.9128675461, 368.264862061, 72.7841567993, -68.4070892334, -56.3771858215, 70.9310531616, -9.99625301361, -28.162109375], [566.065124512, -90.3210220337, -21.4164276123, 32.6357803345, 15.5193729401, 92.608291626, 72.7841567993, 165.092041016, 2.35929870605, 21.9859104156, 1.46401655674, -12.2885093689, -19.7169475555], [-109.922279358, 84.6850357056, 63.9966049194, 66.4666595459, 66.2869491577, 5.8111615181, -68.4070892334, 2.35929870605, 124.344467163, 41.3473548889, 11.3739528656, 1.35246109962, 31.4288692474], [205.462387085, -134.103897095, 58.9872779846, 31.8727970123, 78.5187225342, 25.1356182098, -56.3771858215, 21.9859104156, 41.3473548889, 128.606842041, -10.2848310471, -8.94348621368, -3.23362827301], [-165.764099121, 160.096069336, -46.8493309021, -16.7202701569, -24.7805328369, 9.03459644318, 70.9310531616, 1.46401655674, 11.3739528656, -10.2848310471, 119.628959656, 20.7453327179, 11.953119278], [-127.951812744, -0.888246774673, 70.3910980225, -3.47771430016, -4.25760889053, 5.07113742828, -9.99625301361, -12.2885093689, 1.35246109962, -8.94348621368, 20.7453327179, 94.4283065796, 20.9422245026], [-139.014343262, 81.9954223633, 23.1403617859, 54.9418869019, 42.315196991, -7.37661552429, -28.162109375, -19.7169475555, 31.4288692474, -3.23362827301, 11.953119278, 20.9422245026, 79.9381866455]]}, "spectral_energyband_middle_low": {"dmean2": 0.00400540791452, "median": 0.00566127616912, "min": 4.61889495335e-22, "dvar2": 3.09528804792e-05, "dvar": 1.35720174512e-05, "dmean": 0.00259130075574, "max": 0.0734759345651, "var": 5.11469806952e-05, "mean": 0.00743667129427}, "melbands_crest": {"dmean2": 4.97562265396, "median": 11.521396637, "min": 2.15491199493, "dvar2": 19.5308647156, "dvar": 7.92384672165, "dmean": 3.05878472328, "max": 33.2725257874, "var": 27.6571731567, "mean": 12.7275085449}, "spectral_kurtosis": {"dmean2": 2.65471577644, "median": 3.78958654404, "min": -1.21658861637, "dvar2": 7.87676954269, "dvar": 2.84240698814, "dmean": 1.58443892002, "max": 27.9612522125, "var": 6.81538629532, "mean": 4.27143001556}, "spectral_rms": {"dmean2": 0.000653823197354, "median": 0.00324213225394, "min": 3.21926751749e-12, "dvar2": 5.53889719868e-07, "dvar": 2.86311262698e-07, "dmean": 0.000446419522632, "max": 0.00927749555558, "var": 2.60684555542e-06, "mean": 0.00330866500735}, "zerocrossingrate": {"dmean2": 0.00947613734752, "median": 0.05126953125, "min": 0.00830078125, "dvar2": 0.000132487373776, "dvar": 0.000104725826532, "dmean": 0.0077398554422, "max": 0.52001953125, "var": 0.00246566906571, "mean": 0.0624472387135}, "silence_rate_60dB": {"dmean2": 0.041147492826, "median": 0, "min": 0, "dvar2": 0.0455381125212, "dvar": 0.0201466716826, "dmean": 0.0205707661808, "max": 1, "var": 0.129256889224, "mean": 0.152520284057}, "erbbands_kurtosis": {"dmean2": 1.4295501709, "median": -0.0768602490425, "min": -1.76286935806, "dvar2": 4.93016862869, "dvar": 2.26918005943, "dmean": 0.912348926067, "max": 56.062461853, "var": 6.35675239563, "mean": 0.558984816074}, "erbbands": {"dmean2": [0.0362091474235, 0.272123813629, 0.79946821928, 2.79986858368, 3.89299941063, 4.07696151733, 4.34251260757, 8.79465007782, 9.48202037811, 17.6858062744, 25.6179771423, 24.5836753845, 9.81998920441, 9.41274929047, 23.6116733551, 21.2489700317, 14.3429803848, 11.0487508774, 21.8478355408, 14.8355808258, 7.38236713409, 6.48193645477, 7.8130030632, 13.9349069595, 18.1704597473, 3.4232237339, 3.62475419044, 3.06956887245, 1.86043655872, 1.9233944416, 1.13758480549, 0.760787904263, 0.514743506908, 0.274701416492, 0.110834531486, 0.0392505340278, 0.0114049138501, 0.00188037985936, 0.000151301908772, 8.60042473505e-06], "median": [0.0109889879823, 0.153895884752, 0.509711384773, 1.17987585068, 2.18602848053, 2.63068914413, 2.64953374863, 4.20579910278, 5.07178115845, 8.86530685425, 8.64606380463, 8.4286365509, 5.05395507813, 6.20797872543, 13.4414348602, 9.44477462769, 5.26366138458, 3.00766038895, 2.63599848747, 2.53370952606, 3.18367195129, 4.01990890503, 5.14835262299, 5.84580612183, 3.13371515274, 1.74982094765, 2.09703636169, 1.51481223106, 0.897605657578, 0.632781982422, 0.354097604752, 0.194117471576, 0.0779795199633, 0.0362332314253, 0.0151829505339, 0.00677027087659, 0.00219087512232, 0.000348491710611, 1.90651971934e-05, 1.42326280184e-05], "min": [1.60260740588e-21, 4.81146445787e-21, 4.06680520884e-21, 3.23249743365e-20, 3.26809418196e-19, 4.0419557662e-19, 5.38580243664e-19, 8.41941547186e-19, 8.18088760248e-19, 4.41959395962e-19, 2.71874352973e-18, 8.1341250145e-19, 2.445440367e-18, 4.59651900046e-18, 3.71526186895e-18, 6.2148002616e-18, 3.68110799505e-18, 3.14181353262e-18, 5.42070232406e-18, 9.19162600361e-18, 1.26494039187e-17, 1.18132616313e-17, 9.39259863241e-18, 1.20486226398e-17, 9.66464758253e-18, 1.00888886664e-17, 1.03297959208e-17, 1.11533419017e-17, 1.39280969327e-17, 1.48767225484e-17, 1.68674567696e-17, 1.65286303558e-17, 1.64833968112e-17, 1.19780815043e-17, 7.67004629197e-18, 7.14774460087e-18, 3.77768546746e-18, 1.25196691182e-18, 3.60308320149e-19, 3.72848332999e-20], "dvar2": [0.0156961716712, 0.781738519669, 3.53723263741, 44.0916366577, 56.8011054993, 50.5788917542, 64.5494384766, 422.929870605, 431.550994873, 2341.08813477, 4912.99511719, 7431.33398438, 723.65423584, 324.818237305, 1855.22558594, 3198.12280273, 2175.20361328, 1656.02526855, 9200.98535156, 3048.43725586, 312.784057617, 230.515151978, 705.130004883, 2472.73168945, 3193.23828125, 68.4088821411, 62.8347930908, 88.2353363037, 18.3348255157, 32.968296051, 7.74574518204, 4.38164281845, 4.89908266068, 0.745669007301, 0.106142282486, 0.0202693641186, 0.00163186830468, 3.71693204215e-05, 4.02651693321e-07, 3.17914472525e-10], "dvar": [0.00768144475296, 0.313479214907, 1.24064481258, 16.2141342163, 19.4853191376, 20.9421062469, 27.9926567078, 189.022293091, 198.882781982, 1158.0526123, 2106.16894531, 3084.87060547, 342.546508789, 145.66784668, 703.806030273, 1478.6730957, 915.567016602, 779.923950195, 4107.0703125, 1416.5859375, 147.108322144, 108.99005127, 432.711669922, 1136.6270752, 1540.40637207, 39.6622772217, 30.9965286255, 46.4821166992, 8.13744354248, 13.3479938507, 3.77416419983, 1.97145080566, 1.81708741188, 0.352814614773, 0.0543961338699, 0.00912651140243, 0.000703309953678, 1.95755928871e-05, 2.2277657763e-07, 1.80541956385e-10], "dmean": [0.024199526757, 0.167350664735, 0.459670811892, 1.66921138763, 2.31939172745, 2.56865024567, 2.81468820572, 5.9499373436, 6.44323539734, 11.7411565781, 16.4729232788, 15.2366838455, 6.35420846939, 5.94596719742, 14.5454826355, 13.4326353073, 9.34547042847, 7.31243896484, 14.7879304886, 10.0922698975, 5.02111911774, 4.21644449234, 5.27387714386, 9.38913345337, 12.5225152969, 2.41376876831, 2.43082284927, 2.11856651306, 1.25409567356, 1.29428040981, 0.791460692883, 0.5327450037, 0.354176312685, 0.192320138216, 0.0794502571225, 0.0273413192481, 0.00784808211029, 0.00129709171597, 9.92344575934e-05, 5.98923816142e-06], "max": [0.97187769413, 6.3485455513, 14.7544231415, 60.1765632629, 67.4683914185, 116.692779541, 125.106903076, 335.477630615, 287.216369629, 1156.16821289, 1264.8729248, 2039.34924316, 733.649841309, 413.922912598, 734.156677246, 1488.95678711, 786.330322266, 897.704284668, 1863.84020996, 1210.84912109, 269.040527344, 298.710174561, 1178.99658203, 1060.42749023, 878.700866699, 211.587020874, 221.756958008, 471.890228271, 90.7077865601, 137.434631348, 67.74193573, 45.7106513977, 68.4951553345, 19.4664592743, 8.0674943924, 3.71652674675, 1.1866106987, 0.224974989891, 0.0281100384891, 0.000680416531395], "var": [0.00887162517756, 0.292074918747, 1.82106697559, 22.6952037811, 30.1440982819, 57.7117118835, 99.2593688965, 489.131866455, 621.680175781, 3206.69140625, 6332.12744141, 8398.453125, 949.706420898, 457.700958252, 1518.38378906, 4240.45996094, 1857.81079102, 1650.01159668, 10846.0009766, 4885.19482422, 634.534484863, 400.489349365, 2840.48388672, 3043.6496582, 7281.98632813, 237.354873657, 147.934020996, 169.577255249, 26.5879364014, 57.7604637146, 14.6760892868, 6.37672138214, 4.45666646957, 1.14715898037, 0.168149873614, 0.0213327556849, 0.00170802720822, 5.19574641658e-05, 4.80364576561e-07, 7.20344506266e-10], "mean": [0.0320933908224, 0.26587164402, 0.934068799019, 2.68483734131, 4.12067127228, 5.18861055374, 6.30229997635, 12.036110878, 12.8778676987, 21.8353404999, 30.7587985992, 27.7094955444, 12.7450628281, 12.4037742615, 27.1933917999, 25.4479618073, 16.6489315033, 12.9586162567, 26.9367771149, 21.3001060486, 12.2255687714, 10.3388242722, 14.4213829041, 21.1665096283, 30.9058132172, 6.44846582413, 6.11822891235, 5.25687932968, 2.69004058838, 2.69891095161, 1.52714729309, 0.964515089989, 0.584332346916, 0.328542083502, 0.130167812109, 0.0446360185742, 0.0132211344317, 0.00227277888916, 0.000150459323777, 2.10740818147e-05]}, "spectral_strongpeak": {"dmean2": 0.908698856831, "median": 0.566762804985, "min": 0, "dvar2": 2.45399832726, "dvar": 0.984992980957, "dmean": 0.548276484013, "max": 17.5865840912, "var": 2.15799665451, "mean": 1.05667769909}, "spectral_energy": {"dmean2": 0.00536733027548, "median": 0.0107742073014, "min": 1.0622776211e-20, "dvar2": 5.31456644239e-05, "dvar": 2.5928929972e-05, "dmean": 0.00361922523007, "max": 0.0882237181067, "var": 0.00014347290562, "mean": 0.0138929262757}, "average_loudness": 0.668195009232, "spectral_rolloff": {"dmean2": 613.30078125, "median": 1098.19335938, "min": 107.666015625, "dvar2": 1181090.5, "dvar": 526375.875, "dmean": 364.694213867, "max": 18992.2851563, "var": 4269780.5, "mean": 1701.00378418}, "spectral_centroid": {"dmean2": 299.56137085, "median": 1180.71508789, "min": 244.836746216, "dvar2": 109921.078125, "dvar": 54609.3359375, "dmean": 194.943435669, "max": 11233.8378906, "var": 528819.625, "mean": 1354.68005371}, "pitch_salience": {"dmean2": 0.100796170533, "median": 0.577854156494, "min": 0.141626909375, "dvar2": 0.00763189932331, "dvar": 0.00291721010581, "dmean": 0.0621980465949, "max": 0.921119332314, "var": 0.0103933457285, "mean": 0.568337142467}, "spectral_energyband_middle_high": {"dmean2": 0.0016034222208, "median": 0.00199608877301, "min": 1.50747093218e-21, "dvar2": 7.20759089745e-06, "dvar": 3.70294901586e-06, "dmean": 0.00111266376916, "max": 0.045683927834, "var": 3.11926269205e-05, "mean": 0.00400304235518}, "spectral_contrast_coeffs": {"dmean2": [0.066486440599, 0.0684558972716, 0.056274112314, 0.0464538745582, 0.0325278304517, 0.0280092060566], "median": [-0.644404530525, -0.716988384724, -0.769577383995, -0.774735867977, -0.784878909588, -0.746770322323], "min": [-0.969307720661, -0.969206988811, -0.961007475853, -0.962822496891, -0.963469982147, -0.958309590816], "dvar2": [0.00332512380555, 0.00308761117049, 0.00192285748199, 0.00139883719385, 0.00069216376869, 0.000631626870017], "dvar": [0.00134773424361, 0.00124720891472, 0.000729334715288, 0.000602956104558, 0.00031090003904, 0.000305185996694], "dmean": [0.0408918894827, 0.0425491705537, 0.0342991240323, 0.029149921611, 0.0207261443138, 0.0187086872756], "max": [-0.312547028065, -0.419097274542, -0.454800486565, -0.503930270672, -0.534182727337, -0.545930147171], "var": [0.00738637708127, 0.00697047635913, 0.00424812408164, 0.00477179139853, 0.00336715136655, 0.00308888265863], "mean": [-0.639731049538, -0.7131331563, -0.766952455044, -0.764656841755, -0.777478218079, -0.743084609509]}, "melbands_skewness": {"dmean2": 0.85615414381, "median": 1.87420797348, "min": -4.13898086548, "dvar2": 0.913689792156, "dvar": 0.377734035254, "dmean": 0.552781462669, "max": 13.6831684113, "var": 1.95074832439, "mean": 2.16212725639}, "spectral_spread": {"dmean2": 682518.375, "median": 3660753.25, "min": 1405335.375, "dvar2": 931573465088, "dvar": 540095807488, "dmean": 492236.3125, "max": 41536168, "var": 2468166238210.0, "mean": 4175657}, "dissonance": {"dmean2": 0.0324896834791, "median": 0.464917033911, "min": 0.237739801407, "dvar2": 0.00094120868016, "dvar": 0.000336401542882, "dmean": 0.0194358695298, "max": 0.5, "var": 0.000897190184332, "mean": 0.45805105567}, "spectral_skewness": {"dmean2": 0.328625828028, "median": 1.40647149086, "min": -0.0304398834705, "dvar2": 0.0969107821584, "dvar": 0.0382501035929, "dmean": 0.202683240175, "max": 4.07478237152, "var": 0.187169268727, "mean": 1.447291255}, "spectral_flux": {"dmean2": 0.0245968271047, "median": 0.0488075688481, "min": 1.03066853663e-10, "dvar2": 0.000844373018481, "dvar": 0.00035940570524, "dmean": 0.0155310537666, "max": 0.306981116533, "var": 0.00140254385769, "mean": 0.056324288249}, "spectral_contrast_valleys": {"dmean2": [0.572436213493, 0.506811916828, 0.444512009621, 0.395668119192, 0.319039821625, 0.428467929363], "median": [-7.48785066605, -6.91151714325, -7.36482048035, -8.22655105591, -7.8450717926, -10.872133255], "min": [-27.017364502, -27.2106513977, -27.4977645874, -27.0148525238, -27.2090644836, -27.3715190887], "dvar2": [0.307219237089, 0.168978825212, 0.131756901741, 0.118252426386, 0.103715993464, 0.304266035557], "dvar": [0.142178416252, 0.0790669620037, 0.0628955885768, 0.0628373622894, 0.0650476738811, 0.179064005613], "dmean": [0.34920835495, 0.311243653297, 0.273270487785, 0.249768480659, 0.213777124882, 0.338157683611], "max": [-5.4078412056, -5.17253828049, -5.51726531982, -6.24097490311, -6.14470243454, -7.8437256813], "var": [3.07545137405, 2.23097419739, 2.26382517815, 1.96558403969, 2.01216721535, 2.14638924599], "mean": [-8.13724517822, -7.26213359833, -7.73512411118, -8.53088188171, -8.21302032471, -11.0180559158]}, "erbbands_flatness_db": {"dmean2": 0.0253737214953, "median": 0.176187038422, "min": 0.0235281325877, "dvar2": 0.000644137966447, "dvar": 0.000323469808791, "dmean": 0.0175390224904, "max": 0.338175594807, "var": 0.00232457323, "mean": 0.17519287765}, "spectral_energyband_high": {"dmean2": 0.00020751649572, "median": 0.000145817597513, "min": 7.58639893853e-21, "dvar2": 1.68823618196e-07, "dvar": 9.15119287015e-08, "dmean": 0.000152979817358, "max": 0.0126128839329, "var": 5.64477431908e-07, "mean": 0.000412107561715}, "spectral_entropy": {"dmean2": 0.216597795486, "median": 7.43972015381, "min": 5.52984285355, "dvar2": 0.0500578731298, "dvar": 0.0249543022364, "dmean": 0.147459596395, "max": 9.80236721039, "var": 0.182521820068, "mean": 7.44288825989}, "silence_rate_20dB": {"dmean2": 0, "median": 1, "min": 1, "dvar2": 0, "dvar": 0, "dmean": 0, "max": 1, "var": 0, "mean": 1}, "melbands_flatness_db": {"dmean2": 0.0301051791757, "median": 0.185934722424, "min": 0.00291276606731, "dvar2": 0.000862402259372, "dvar": 0.000379692937713, "dmean": 0.0196122061461, "max": 0.415076076984, "var": 0.00360346701927, "mean": 0.191984340549}, "barkbands": {"dmean2": [4.0987644752e-05, 0.00114285910968, 0.000812743382994, 0.00128397799563, 0.00111249322072, 0.000885938003194, 0.000681290752254, 0.00134935323149, 0.000855840335134, 0.000327510409988, 0.000477603985928, 0.000498050823808, 0.000315280893119, 0.000274076621281, 0.000466209981823, 0.000228797187447, 0.000157412287081, 0.000184273376362, 0.000388077285606, 0.000101872552477, 8.77873535501e-05, 5.55848382646e-05, 4.44402758148e-05, 3.23853601003e-05, 1.94541316887e-05, 6.75910587233e-06, 8.24297103463e-07], "median": [1.41079499372e-06, 0.000578875653446, 0.000397998082917, 0.000424124445999, 0.000914462492801, 0.000454796798294, 0.00036649487447, 0.000484756630613, 0.000249532138696, 0.000157507078256, 0.00023901356326, 0.000211716454942, 8.9612294687e-05, 3.74610863219e-05, 4.47995953436e-05, 5.35799335921e-05, 7.36897054594e-05, 8.43935704324e-05, 9.09160153242e-05, 3.35467411787e-05, 4.9066671636e-05, 2.32103666349e-05, 1.37892002385e-05, 6.57602231513e-06, 2.68064604825e-06, 1.38411633088e-06, 7.90515031213e-08], "min": [7.76183437158e-24, 3.22077140126e-23, 3.8694416262e-24, 1.47950626116e-23, 1.35917162007e-22, 9.25676838546e-23, 4.09615646383e-23, 1.05838198614e-22, 4.32622301367e-23, 1.10157546547e-22, 6.60992042957e-23, 1.66874739744e-22, 6.9194738664e-23, 9.1753711929e-23, 9.15646440582e-23, 2.40638093766e-22, 2.16687342672e-22, 1.54519877926e-22, 2.30113376626e-22, 2.03877642588e-22, 2.78791370379e-22, 3.81698565766e-22, 5.84598942222e-22, 9.30924126717e-22, 1.05673262314e-21, 1.96270855041e-21, 2.48997075963e-21], "dvar2": [2.15371596113e-08, 1.35084455906e-05, 3.39321854881e-06, 9.25075619307e-06, 2.79625055555e-06, 3.35929098583e-06, 2.73109890259e-06, 1.07571331682e-05, 8.56860242493e-06, 5.64635229239e-07, 7.26827295239e-07, 1.37558231472e-06, 9.90748503682e-07, 1.29677596306e-06, 3.13949885822e-06, 4.73219472497e-07, 1.78019945452e-07, 6.94536709034e-07, 1.34314757361e-06, 1.29877548716e-07, 5.27578229992e-08, 1.91378806136e-08, 1.26867449879e-08, 1.25975496701e-08, 3.19234305657e-09, 5.63082636074e-10, 1.10877236212e-11], "dvar": [1.10013980148e-08, 6.11553377894e-06, 1.15704597192e-06, 3.40925475939e-06, 1.07829703211e-06, 1.52488507865e-06, 1.25808446683e-06, 5.02004149894e-06, 3.69522831534e-06, 2.69975743095e-07, 2.78487306105e-07, 6.15571423168e-07, 4.26973770118e-07, 5.78244851113e-07, 1.32665104502e-06, 2.11353039958e-07, 7.93171750502e-08, 3.87335575169e-07, 6.41042277039e-07, 5.91028950225e-08, 2.72917919375e-