{"metadata": {"tags": {"album": ["Limitless (Original Motion Picture Soundtrack)"], "tracknumber": ["19"], "genre": ["Soundtrack"], "artist": ["Paul Leonard-Morgan"], "date": ["2011-03-14 07:00"], "discnumber": ["1"], "title": ["Phone Tap"], "file_name": "2068922.mp3", "musicbrainz_recordingid": ["10e4f52f-89fc-4732-9d49-7dd4a5d6cf91"]}, "audio_properties": {"sample_rate": 44100, "downmix": "mix", "lossless": false, "analysis_sample_rate": 44100, "md5_encoded": "ae11c391f774589624ba37d4b3aec018", "equal_loudness": 0, "replay_gain": -9.45585441589, "codec": "mp3", "bit_rate": 320000, "length": 158.223678589}, "version": {"extractor": "music 1.0", "essentia_build_sha": "70f2e5ece6736b2c40cc944ad0e695b16b925413", "essentia_git_sha": "v2.1_beta2", "essentia": "2.1-beta2"}}, "rhythm": {"beats_loudness_band_ratio": {"dvar2": [0.0432178489864, 0.0571769736707, 0.0119127687067, 0.00258647976443, 0.00148492516018, 0.00142865651287], "var": [0.0820191353559, 0.115410752594, 0.00678170565516, 0.00288570672274, 0.00117692479398, 0.000306757283397], "min": [0.0224966648966, 0.00198046700098, 9.95613572741e-06, 5.93842514718e-07, 6.95550488672e-06, 2.82366073634e-07], "dmean": [0.124959878623, 0.110515616834, 0.0288375224918, 0.0154415629804, 0.00980198662728, 0.00697651552036], "mean": [0.608573913574, 0.399453312159, 0.0389889627695, 0.0250752419233, 0.0142999403179, 0.00508373230696], "max": [0.996617436409, 0.998246133327, 0.690735578537, 0.363648295403, 0.226945638657, 0.192764431238], "dmean2": [0.202123239636, 0.183179840446, 0.0482897758484, 0.0269541237503, 0.0164330676198, 0.0130390375853], "median": [0.645102798939, 0.285165309906, 0.00281968479976, 0.00129670742899, 0.0005029993481, 5.91317439103e-05], "dvar": [0.0155595680699, 0.0187247917056, 0.00443851575255, 0.00102377589792, 0.000596912053879, 0.000485110766022]}, "bpm_histogram_first_peak_weight": {"dvar2": 0, "var": 0, "min": 0.187702268362, "dmean": 0, "mean": 0.187702268362, "max": 0.187702268362, "dmean2": 0, "median": 0.187702268362, "dvar": 0}, "bpm": 104.172462463, "beats_count": 310, "bpm_histogram_first_peak_spread": {"dvar2": 0, "var": 0, "min": 0.557251930237, "dmean": 0, "mean": 0.557251930237, "max": 0.557251930237, "dmean2": 0, "median": 0.557251930237, "dvar": 0}, "danceability": 0.967342436314, "bpm_histogram_first_peak_bpm": {"dvar2": 0, "var": 0, "min": 105, "dmean": 0, "mean": 105, "max": 105, "dmean2": 0, "median": 105, "dvar": 0}, "beats_position": [0.336689323187, 0.684988677502, 1.02167797089, 1.35836732388, 1.69505667686, 2.03174591064, 2.36843538284, 2.70512461662, 3.04181408882, 3.3785033226, 3.7151927948, 4.06349182129, 4.40018129349, 4.73687076569, 5.07355976105, 5.41024923325, 5.73532867432, 6.07201814651, 6.40870714188, 6.74539661407, 7.07047605515, 7.40716552734, 7.75546455383, 8.10376358032, 8.44045352936, 8.77714252472, 9.11383247375, 9.45052146912, 9.79882049561, 10.1355104446, 10.4605894089, 10.7972784042, 11.1339683533, 11.4590473175, 11.7841272354, 12.0975961685, 12.4226751328, 12.7477550507, 13.0728340149, 13.4559631348, 13.8507022858, 14.2454423904, 14.6517915726, 15.0813598633, 15.5225391388, 15.9521083832, 16.3932876587, 16.8344669342, 17.2756462097, 17.7284355164, 18.1347846985, 18.5527439117, 18.970703125, 19.4002723694, 19.8298416138, 20.2710208893, 20.7005901337, 21.1301574707, 21.5597267151, 21.9892959595, 22.5581855774, 23.1270751953, 23.6843528748, 24.2648525238, 24.8569602966, 25.4490699768, 26.0411777496, 26.7493877411, 27.4459857941, 28.1309738159, 28.804353714, 29.4893417358, 30.081451416, 30.6735591888, 31.2424488068, 31.8229465485, 32.391834259, 32.960723877, 33.5296134949, 34.1101112366, 34.690612793, 35.2711105347, 35.8283882141, 36.3856697083, 36.9545555115, 37.5466651917, 38.1387748718, 38.7424926758, 39.3462142944, 39.9383201599, 40.5304298401, 41.1225395203, 41.703037262, 42.2835350037, 42.8640365601, 43.4445343018, 44.0250320435, 44.5939216614, 45.1628112793, 45.7317008972, 46.3005905151, 46.8810882568, 47.4499778748, 48.018863678, 48.5993652344, 49.1682548523, 49.7371406555, 50.3060302734, 50.8749198914, 51.4554176331, 52.024307251, 52.5931968689, 53.1620864868, 53.73097229, 54.299861908, 54.8687515259, 55.4376411438, 56.0065307617, 56.5754165649, 57.1443061829, 57.7248077393, 58.2936935425, 58.8625831604, 59.4430847168, 60.01197052, 60.5808601379, 61.1613578796, 61.7302474976, 62.2991371155, 62.8796348572, 63.4485244751, 64.0174102783, 64.5979156494, 65.1668014526, 65.7356872559, 66.316192627, 66.8966903687, 67.4771881104, 68.0692977905, 68.6497955322, 69.2419052124, 69.8224029541, 70.4145126343, 70.995010376, 71.5406799316, 72.0747375488, 72.608795166, 73.1196365356, 73.6420822144, 74.1645355225, 74.6173248291, 75.0585021973, 75.4996795654, 75.9524688721, 76.3936462402, 76.8348312378, 77.2876205444, 77.7404098511, 78.1815872192, 78.6227645874, 79.0523376465, 79.4935150146, 79.9230804443, 80.3642578125, 80.8054428101, 81.2466201782, 81.6994094849, 82.16381073, 82.6166000366, 83.0693893433, 83.6150588989, 84.1491165161, 84.6947860718, 85.170791626, 85.6351928711, 86.0995864868, 86.5407714844, 86.9819488525, 87.4231262207, 87.8759155273, 88.328704834, 88.7814941406, 89.2342834473, 89.6986846924, 90.151473999, 90.6274795532, 91.1034927368, 91.579498291, 92.0671157837, 92.4966888428, 92.9262542725, 93.3442153931, 93.7621765137, 94.1917419434, 94.609703064, 95.0160522461, 95.3759613037, 95.7358703613, 96.0957794189, 96.4556884766, 96.9317016602, 97.4077072144, 97.8721084595, 98.3481140137, 98.8241271973, 99.3001327515, 99.7761459351, 100.263763428, 100.739768982, 101.26222229, 101.784667969, 102.307121277, 102.910835266, 103.514556885, 104.118278503, 104.710380554, 105.314102173, 105.917823792, 106.509933472, 107.113647461, 107.71736908, 108.332695007, 108.936416626, 109.528526306, 110.120635986, 110.724349976, 111.328071594, 111.931785583, 112.523895264, 113.104400635, 113.696502686, 114.288612366, 114.869110107, 115.449615479, 116.03011322, 116.610610962, 117.202720642, 117.701950073, 118.201179504, 118.700408936, 119.199638367, 119.698867798, 120.1980896, 120.708930969, 121.219772339, 121.71900177, 122.22983551, 122.729064941, 123.228294373, 123.727523804, 124.226753235, 124.725982666, 125.225212097, 125.724441528, 126.223670959, 126.722900391, 127.222129822, 127.709747314, 128.220581055, 128.731430054, 129.230651855, 129.741500854, 130.252334595, 130.821228027, 131.390106201, 131.958999634, 132.539505005, 133.119995117, 133.700500488, 134.257781982, 134.838272095, 135.407165527, 135.98765564, 136.556549072, 137.125442505, 137.694335938, 138.263214111, 138.832107544, 139.412597656, 139.96987915, 140.538772583, 141.107666016, 141.688156128, 142.268661499, 142.837554932, 143.406433105, 143.975326538, 144.544219971, 145.124710083, 145.693603516, 146.262496948, 146.842987061, 147.411880493, 147.980773926, 148.5496521, 149.118545532, 149.699050903, 150.279541016, 150.871658325, 151.463760376, 152.067474365, 152.671203613, 153.263305664, 153.867019653, 154.470748901, 155.074462891, 155.6665802, 156.258682251, 156.850784302, 157.45451355], "beats_loudness": {"dvar2": 0.00793483760208, "var": 0.0054717916064, "min": 5.93649351899e-09, "dmean": 0.0291810669005, "mean": 0.0485627949238, "max": 0.456965237856, "dmean2": 0.0484600290656, "median": 0.023539327085, "dvar": 0.00310019473545}, "bpm_histogram_second_peak_weight": {"dvar2": 0, "var": 0, "min": 0.077669903636, "dmean": 0, "mean": 0.077669903636, "max": 0.077669903636, "dmean2": 0, "median": 0.077669903636, "dvar": 0}, "bpm_histogram_second_peak_spread": {"dvar2": 0, "var": 0, "min": 0, "dmean": 0, "mean": 0, "max": 0, "dmean2": 0, "median": 0, "dvar": 0}, "bpm_histogram_second_peak_bpm": {"dvar2": 0, "var": 0, "min": 178, "dmean": 0, "mean": 178, "max": 178, "dmean2": 0, "median": 178, "dvar": 0}, "onset_rate": 2.67940664291}, "lowlevel": {"spectral_energyband_high": {"dvar2": 3.82787305853e-07, "var": 1.79020418045e-07, "min": 7.80643625161e-21, "dmean": 7.89604528109e-05, "mean": 9.19355734368e-05, "max": 0.00834883563221, "dmean2": 0.000132137327455, "median": 3.88836554066e-07, "dvar": 1.52367135797e-07}, "spectral_energyband_middle_low": {"dvar2": 7.74555373937e-05, "var": 0.000403190031648, "min": 4.80514842095e-22, "dmean": 0.00360132660717, "mean": 0.0127078248188, "max": 0.146963059902, "dmean2": 0.00490964343771, "median": 0.0049290554598, "dvar": 4.05437494919e-05}, "spectral_energy": {"dvar2": 0.00136569805909, "var": 0.00275952345692, "min": 1.09042955003e-20, "dmean": 0.0126288989559, "mean": 0.0376116931438, "max": 0.496031373739, "dmean2": 0.019097879529, "median": 0.021816926077, "dvar": 0.000631922914181}, "spectral_spread": {"dvar2": 2066496356350.0, "var": 3628592529410.0, "min": 106952.242188, "dmean": 586192.5625, "mean": 2209520.75, "max": 41816964, "dmean2": 947175.1875, "median": 1678152.625, "dvar": 984064983040}, "spectral_energyband_low": {"dvar2": 0.000708475883584, "var": 0.00174084177706, "min": 7.10858843784e-23, "dmean": 0.00828025769442, "mean": 0.0217743031681, "max": 0.469922155142, "dmean2": 0.0126638757065, "median": 0.0101114064455, "dvar": 0.00035898029455}, "spectral_rolloff": {"dvar2": 807160.625, "var": 883472.0625, "min": 21.533203125, "dmean": 135.314620972, "mean": 422.450561523, "max": 18755.4199219, "dmean2": 245.857254028, "median": 236.865234375, "dvar": 283705.75}, "barkbands": {"dvar2": [0.000721882272046, 0.000476531975437, 9.67659216258e-05, 1.7673617549e-05, 1.87850964721e-05, 1.23150039144e-06, 4.49456892966e-05, 5.51394592208e-08, 1.58338161782e-06, 2.95129012784e-07, 5.72435226331e-07, 1.68126302924e-06, 2.83428022385e-07, 4.17372731931e-08, 4.6883215532e-08, 6.38501020944e-08, 2.92934458912e-08, 1.0902580172e-08, 1.20636327594e-08, 2.15259152725e-08, 1.22417889159e-08, 5.31247472679e-08, 7.51784945408e-09, 1.44290046578e-08, 6.44448716614e-09, 6.70814692683e-09, 1.76767933624e-09], "var": [0.000437361421064, 0.000896117941011, 0.000232861944824, 1.52751217684e-05, 0.000210833386518, 5.36238940185e-06, 2.59843345702e-05, 9.5061096772e-08, 1.26227848796e-06, 2.50589408779e-07, 4.01758114776e-07, 1.31178626361e-06, 1.76898240056e-07, 4.16040535356e-08, 4.95186363025e-08, 5.20083922595e-08, 2.6178124557e-08, 9.7889278905e-09, 7.36608019025e-09, 7.83945885985e-09, 4.64921434684e-09, 5.34688346931e-08, 2.60512189598e-09, 1.20053194053e-08, 2.33154962004e-09, 1.52504064932e-09, 3.78716530358e-10], "min": [1.53486662622e-23, 1.45713006381e-23, 2.50540424895e-23, 4.03879554751e-23, 3.40866607819e-23, 1.33499574701e-22, 1.80567900933e-22, 3.48503444025e-23, 4.02649531273e-23, 3.27896219925e-23, 6.94403015974e-23, 4.07537565877e-23, 7.87709483844e-23, 1.55153970632e-22, 2.2938462061e-22, 1.2948702424e-22, 2.23559823148e-22, 2.58071036247e-22, 2.63911964338e-22, 3.11744425419e-22, 6.66701666727e-22, 5.27335718438e-22, 6.42155647505e-22, 8.86133992914e-22, 1.1190410731e-21, 1.45719517323e-21, 2.5469393912e-21], "dmean": [0.00495884427801, 0.00509094679728, 0.00285087223165, 0.00106424361002, 0.00238429196179, 0.000431484455476, 0.000964843435213, 4.79104928672e-05, 0.000127189588966, 7.94502557255e-05, 7.72893836256e-05, 0.000195469285245, 6.65738043608e-05, 3.73599250452e-05, 4.01108554797e-05, 4.92760045745e-05, 3.27099151036e-05, 1.97447097889e-05, 1.35619702633e-05, 1.39037665576e-05, 1.31921378852e-05, 2.17088745558e-05, 8.58008843352e-06, 1.28201118059e-05, 9.59626686381e-06, 7.14584439265e-06, 3.65581490769e-06], "mean": [0.00589659530669, 0.0106852427125, 0.00716443173587, 0.00232591433451, 0.00744857965037, 0.00110838888213, 0.00150069105439, 9.58405798883e-05, 0.000211051286897, 0.000156523441547, 0.000112525653094, 0.000341050967108, 0.000115510760224, 6.85195700498e-05, 7.80754853622e-05, 8.67828857736e-05, 6.1250582803e-05, 3.46776942024e-05, 2.05426131288e-05, 1.5812474885e-05, 1.36049457069e-05, 3.04812547256e-05, 7.91843103798e-06, 1.49444913404e-05, 8.86970974534e-06, 4.99295401823e-06, 2.65252720055e-06], "max": [0.359521090984, 0.421923875809, 0.142747610807, 0.0674682632089, 0.126167982817, 0.0288044307381, 0.0692543312907, 0.00752625148743, 0.047004006803, 0.0138815911487, 0.0223551429808, 0.023915193975, 0.013438872993, 0.00384355150163, 0.00396800739691, 0.0027950538788, 0.0020846480038, 0.00136415218003, 0.00179305183701, 0.0031388932839, 0.00141584628727, 0.00576302735135, 0.00166043080389, 0.00282151158899, 0.000942078942899, 0.000791183207184, 0.000385488412576], "dmean2": [0.00824574194849, 0.00781590119004, 0.00429055886343, 0.00162174610887, 0.00271503999829, 0.000606041052379, 0.00174521794543, 7.39146344131e-05, 0.000198034729692, 0.000125776641653, 0.000125851904158, 0.000347215885995, 0.000114337271953, 6.08609916526e-05, 6.49142020848e-05, 8.26520044939e-05, 5.42859525012e-05, 3.26544613927e-05, 2.24297837121e-05, 2.38753164012e-05, 2.22435392061e-05, 3.59354417014e-05, 1.46876473082e-05, 2.17147025978e-05, 1.65049677889e-05, 1.28377614601e-05, 6.61588865114e-06], "median": [0.000674490816891, 0.00178547855467, 0.00210880348459, 0.000762638170272, 0.00209847884253, 0.000325870147208, 1.51191616169e-05, 8.34463662613e-06, 6.68607208354e-06, 3.17517492476e-06, 3.91596995541e-06, 1.71086719547e-06, 1.55352063302e-06, 1.2510547549e-06, 1.70501448338e-06, 7.91882825979e-07, 8.64280650603e-07, 4.52935864814e-07, 3.5009423982e-07, 2.98906428498e-07, 1.31997879294e-07, 3.83182268138e-08, 1.8084133302e-08, 3.553373773e-08, 4.93525220691e-09, 3.37121797145e-09, 1.57989921146e-09], "dvar": [0.000299847248243, 0.000250947457971, 5.0430851843e-05, 6.38556730337e-06, 1.99212227017e-05, 7.09867322257e-07, 1.37039614856e-05, 2.67153019706e-08, 7.59056547395e-07, 1.17861475246e-07, 2.42189571509e-07, 5.73155375605e-07, 9.4202341927e-08, 1.71784488856e-08, 1.86449220507e-08, 2.36600854464e-08, 1.0900588876e-08, 4.31264668421e-09, 4.73923744693e-09, 8.11076183993e-09, 4.85609641387e-09, 2.24176499586e-08, 2.87693935341e-09, 6.29684260289e-09, 2.50287124359e-09, 2.40137731922e-09, 6.25306306734e-10]}, "melbands_skewness": {"dvar2": 2.70736289024, "var": 6.04001045227, "min": -2.23665499687, "dmean": 0.848579525948, "mean": 2.72022795677, "max": 21.290555954, "dmean2": 1.390396595, "median": 1.99234724045, "dvar": 1.05680060387}, "barkbands_skewness": {"dvar2": 13.4048681259, "var": 11.3840255737, "min": -17.9158649445, "dmean": 1.1557662487, "mean": 2.05436348915, "max": 36.6788444519, "dmean2": 1.92113184929, "median": 1.50280046463, "dvar": 5.0869641304}, "erbbands": {"dvar2": [1.14551723003, 15.974275589, 117.484176636, 151.493209839, 122.19821167, 339.989257812, 172.296722412, 113.606445312, 13583.6347656, 315.1668396, 50.0024337769, 1170.54455566, 91.1219558716, 469.320648193, 1904.03137207, 1643.65026855, 735.596069336, 60.8034973145, 150.096405029, 148.804824829, 155.855255127, 86.1268463135, 39.2330055237, 24.6320743561, 34.9324455261, 38.550579071, 30.7439250946, 23.4712524414, 98.7490768433, 17.4582004547, 5.89683580399, 4.3850479126, 5.38604211807, 0.783171534538, 0.363440811634, 0.111749842763, 0.025993578136, 0.00140755588654, 4.788084334e-05, 2.78368617046e-07], "var": [1.89041984081, 25.2635059357, 260.337005615, 164.540328979, 664.679870605, 3701.97583008, 1102.7232666, 143.011245728, 7180.64648438, 277.595794678, 80.0112533569, 965.318664551, 95.5511932373, 295.719055176, 1465.70361328, 1270.46032715, 475.568725586, 67.6790008545, 149.061584473, 150.255371094, 135.245285034, 78.3341140747, 39.1261138916, 17.346031189, 18.7722320557, 13.3286027908, 10.697561264, 10.8432779312, 92.8535766602, 11.6808681488, 1.73416614532, 2.40016508102, 4.96305608749, 0.328555732965, 0.132960960269, 0.0275438819081, 0.00567769212648, 0.000303909182549, 1.03475522337e-05, 6.16609057147e-08], "min": [6.18918506297e-22, 3.01546551653e-21, 2.01025439119e-20, 9.85335542345e-20, 7.74373208377e-20, 1.5760101605e-19, 4.69518934322e-19, 1.31797044463e-18, 2.29906517414e-18, 2.12162934928e-18, 6.09597731757e-19, 7.06872258938e-19, 1.51246955796e-18, 1.41506904083e-18, 2.60377576434e-18, 1.87405026284e-18, 3.55625748929e-18, 7.36057817248e-18, 1.03118527189e-17, 1.05710737521e-17, 7.56305378846e-18, 1.42286133036e-17, 1.55540279601e-17, 1.50995898208e-17, 1.15305230262e-17, 1.4995778654e-17, 2.27713094992e-17, 2.62150939998e-17, 2.31174035218e-17, 1.70882412013e-17, 1.85000763795e-17, 2.03237101908e-17, 1.26783511042e-17, 1.0416466251e-17, 8.8875171873e-18, 5.52453789276e-18, 2.5065338591e-18, 1.33678756279e-18, 3.47156846343e-19, 3.80961294597e-20], "dmean": [0.24405695498, 0.999771416187, 3.12856459618, 3.61414241791, 5.02934646606, 9.76687431335, 5.23754024506, 3.28021979332, 16.3166103363, 3.39745974541, 1.46372270584, 3.31095671654, 1.8233435154, 2.584679842, 5.03151702881, 6.66846179962, 3.47304606438, 1.5757830143, 2.17064929008, 2.33884501457, 2.35069274902, 1.71626365185, 1.22209608555, 0.672862768173, 0.655251324177, 0.598108887672, 0.554406404495, 0.600132882595, 0.864379823208, 0.434762686491, 0.224036335945, 0.228713110089, 0.238572373986, 0.109656654298, 0.0708044096828, 0.0324383080006, 0.0130093740299, 0.0030532493256, 0.000595201796386, 5.68139839743e-05], "mean": [0.429691970348, 2.05748796463, 7.60161018372, 8.77568149567, 14.7025003433, 29.6685733795, 14.706735611, 7.16940689087, 24.3596630096, 6.22823858261, 3.00931167603, 5.49428224564, 3.70103573799, 4.73285484314, 8.23357200623, 12.4760494232, 6.91978931427, 3.23631167412, 4.10573673248, 4.71169710159, 4.37424564362, 3.39137816429, 2.34794187546, 1.14087986946, 0.973827183247, 0.694727361202, 0.582028508186, 0.653973460197, 1.23508632183, 0.535796284676, 0.203619062901, 0.235779777169, 0.284525245428, 0.106811866164, 0.0658082589507, 0.0240606348962, 0.00905869342387, 0.00210194685496, 0.000475305743748, 7.1170485171e-05], "max": [21.1801986694, 72.598815918, 173.158859253, 183.115753174, 224.185943604, 540.547302246, 430.500305176, 153.49105835, 1077.35253906, 284.910064697, 196.201400757, 1260.20898438, 356.698242188, 559.350769043, 1178.48413086, 613.514221191, 705.619445801, 114.818695068, 239.468338013, 222.799209595, 146.732070923, 136.548858643, 77.9333648682, 109.311698914, 96.0934906006, 143.994232178, 98.0343551636, 66.7602539062, 249.630630493, 88.0018844604, 59.0522422791, 33.2481269836, 57.1756668091, 11.9683418274, 5.9374370575, 3.15691590309, 1.64860141277, 0.379663795233, 0.0656014829874, 0.00563261518255], "dmean2": [0.373325675726, 1.58144390583, 4.78297662735, 5.45765590668, 6.21871423721, 10.9433012009, 7.10871553421, 5.38255500793, 29.7150039673, 5.76982784271, 2.22615814209, 5.10877037048, 2.8411052227, 4.19369697571, 8.35687351227, 11.7168321609, 5.94206380844, 2.60244750977, 3.53247833252, 3.87230277061, 3.91821169853, 2.86511421204, 2.02039265633, 1.09822440147, 1.1085562706, 1.0159881115, 0.959065377712, 0.995860159397, 1.42274785042, 0.737342476845, 0.384516149759, 0.388217747211, 0.400977283716, 0.184303402901, 0.123788297176, 0.0578336231411, 0.0234353765845, 0.00550269149244, 0.00107288756408, 0.000100716235465], "median": [0.0750191807747, 0.310515612364, 2.00826406479, 4.26938056946, 5.497133255, 7.09143066406, 3.97675466537, 2.28662347794, 0.557985663414, 0.242710769176, 0.214949190617, 0.181753575802, 0.0788843929768, 0.151192516088, 0.2107398808, 0.0856958925724, 0.0763448700309, 0.0574671961367, 0.0853442922235, 0.0898097157478, 0.0554577335715, 0.0357734933496, 0.0269574485719, 0.0206104815006, 0.0164822824299, 0.014322783798, 0.00914436578751, 0.00351381488144, 0.00162834033836, 0.000875480240211, 0.000374347291654, 0.000978522701189, 0.000195248023374, 9.64749342529e-05, 5.23942617292e-05, 3.3356831409e-05, 1.70137791429e-05, 3.14459089168e-06, 1.61953976203e-05, 2.89748386422e-05], "dvar": [0.609531342983, 7.38798093796, 58.7449760437, 58.3402404785, 82.4510574341, 366.07623291, 115.029541016, 41.9951591492, 4065.76342773, 111.326759338, 24.2519855499, 568.069763184, 40.3187599182, 179.786148071, 782.630004883, 551.250427246, 243.131149292, 23.84126091, 63.2793121338, 55.6820831299, 59.0959434509, 32.0057945251, 15.4886131287, 10.2379798889, 12.8751516342, 14.7467756271, 11.5201625824, 9.62491321564, 41.1620826721, 6.90691614151, 2.20700836182, 1.8409332037, 2.34602332115, 0.31965982914, 0.135721564293, 0.0408285036683, 0.00920848362148, 0.000499685062096, 1.69541108335e-05, 9.70552846979e-08]}, "silence_rate_30dB": {"dvar2": 0.0711427479982, "var": 0.0713430941105, "min": 0, "dmean": 0.0349229648709, "mean": 0.922681927681, "max": 1, "dmean2": 0.0698561817408, "median": 1, "dvar": 0.0337044000626}, "melbands_spread": {"dvar2": 66.1795578003, "var": 95.6299209595, "min": 0.134121328592, "dmean": 2.07605075836, "mean": 5.55387210846, "max": 201.176528931, "dmean2": 3.49971079826, "median": 1.79587459564, "dvar": 24.6655902863}, "melbands_crest": {"dvar2": 22.2785415649, "var": 36.4238014221, "min": 3.00288248062, "dmean": 2.94488406181, "mean": 20.2783470154, "max": 35.0631523132, "dmean2": 4.91418266296, "median": 19.6607780457, "dvar": 7.67536687851}, "zerocrossingrate": {"dvar2": 6.72632304486e-05, "var": 0.000764117925428, "min": 0.001953125, "dmean": 0.0033351436723, "mean": 0.0183715820312, "max": 0.5712890625, "dmean2": 0.00434329546988, "median": 0.0107421875, "dvar": 5.1361246733e-05}, "barkbands_kurtosis": {"dvar2": 80091.1328125, "var": 49766.2421875, "min": -1.8815844059, "dmean": 35.7174186707, "mean": 59.2366676331, "max": 4033.2253418, "dmean2": 61.0928344727, "median": 7.56002044678, "dvar": 29112.203125}, "spectral_flux": {"dvar2": 0.0032990409527, "var": 0.00309173436835, "min": 1.04423636405e-10, "dmean": 0.0220114160329, "mean": 0.0665959194303, "max": 0.445559620857, "dmean2": 0.0367821529508, "median": 0.0622525587678, "dvar": 0.00118022155948}, "barkbands_crest": {"dvar2": 13.5591573715, "var": 31.578502655, "min": 2.92704296112, "dmean": 2.30886697769, "mean": 15.2259492874, "max": 26.9536113739, "dmean2": 3.82613253593, "median": 14.1614208221, "dvar": 5.0488576889}, "barkbands_flatness_db": {"dvar2": 0.00198012706824, "var": 0.0298779625446, "min": 0.0402036048472, "dmean": 0.0296551305801, "mean": 0.397031039, "max": 0.764894604683, "dmean2": 0.0458620041609, "median": 0.412897527218, "dvar": 0.000890820927452}, "spectral_entropy": {"dvar2": 0.15415674448, "var": 2.09228229523, "min": 2.29555463791, "dmean": 0.226666286588, "mean": 5.43757963181, "max": 9.79524230957, "dmean2": 0.343381851912, "median": 5.36619186401, "dvar": 0.0735426023602}, "pitch_salience": {"dvar2": 0.0107243200764, "var": 0.0232833661139, "min": 0.0252116918564, "dmean": 0.0706416293979, "mean": 0.456771910191, "max": 0.983339309692, "dmean2": 0.117651283741, "median": 0.485532492399, "dvar": 0.00398842711002}, "erbbands_spread": {"dvar2": 233.21156311, "var": 421.347564697, "min": 0.314413934946, "dmean": 5.2311797142, "mean": 18.2111568451, "max": 156.327514648, "dmean2": 8.57550811768, "median": 8.36828041077, "dvar": 95.0422286987}, "dynamic_complexity": 5.95193433762, "spectral_contrast_valleys": {"dvar2": [0.293208450079, 0.283370167017, 0.271087884903, 0.271736979485, 0.372906535864, 0.710228860378], "var": [2.93729162216, 2.88016438484, 3.76257753372, 5.0592212677, 5.3946480751, 4.04268407822], "min": [-27.1959285736, -27.0048179626, -27.3824119568, -27.1158180237, -27.2627258301, -27.320356369], "dmean": [0.366380304098, 0.361795604229, 0.326118886471, 0.293976485729, 0.312466293573, 0.524828612804], "mean": [-7.7373509407, -8.6237039566, -9.5594587326, -10.2024488449, -10.7095317841, -13.4685192108], "max": [-4.9751739502, -5.64642429352, -5.79685878754, -6.16296815872, -5.848695755, -7.99199008942], "dmean2": [0.625096678734, 0.603673517704, 0.550314664841, 0.48328730464, 0.498081386089, 0.841026484966], "median": [-7.21087837219, -8.33309173584, -9.51886940002, -10.6296920776, -10.6209430695, -13.7991752625], "dvar": [0.102946452796, 0.117064058781, 0.113852471113, 0.122083730996, 0.177377015352, 0.310156404972]}, "hfc": {"dvar2": 44.16248703, "var": 74.2616424561, "min": 1.17193691872e-16, "dmean": 2.05301237106, "mean": 7.05722284317, "max": 100.520675659, "dmean2": 3.15902090073, "median": 4.11499118805, "dvar": 18.4481620789}, "spectral_kurtosis": {"dvar2": 7403.60058594, "var": 13790.8173828, "min": -1.24592840672, "dmean": 31.0697631836, "mean": 91.5124130249, "max": 884.899047852, "dmean2": 51.9988899231, "median": 35.2483825684, "dvar": 2666.58691406}, "mfcc": {"mean": [-853.086242676, 175.063034058, 47.9086532593, 43.8649139404, 31.5702400208, 17.0714550018, 2.87302827835, -1.27314269543, -3.72108650208, -9.61774158478, -11.4114322662, -7.92139720917, -4.86671447754], "cov": [[19678.2265625, 1546.4185791, -4369.93652344, -1738.98901367, -1330.86132812, 81.5475692749, 286.458404541, 853.506225586, 622.852233887, 412.307342529, 1061.78735352, 1172.26391602, 660.529541016], [1546.4185791, 2399.18701172, 272.514312744, -20.2989444733, -76.393989563, -40.7144889832, 125.919174194, 14.4596509933, 130.995880127, 156.825164795, 146.445327759, 125.576011658, 170.400024414], [-4369.93652344, 272.514312744, 1870.01867676, 563.24395752, 340.163787842, -27.4429016113, -48.5509109497, -308.651397705, -79.5558853149, -74.1187744141, -221.182174683, -251.43510437, -128.421035767], [-1738.98901367, -20.2989444733, 563.24395752, 741.041259766, 381.078125, -13.2435798645, -55.9078826904, -32.8586883545, -30.6823139191, -55.4384231567, -129.288253784, -160.606262207, -76.0277252197], [-1330.86132812, -76.393989563, 340.163787842, 381.078125, 479.259490967, 21.5494327545, 52.4660453796, 45.082649231, 5.40755414963, 31.2238292694, -125.49659729, -73.8145599365, -60.8386688232], [81.5475692749, -40.7144889832, -27.4429016113, -13.2435798645, 21.5494327545, 232.743438721, 99.5507736206, 85.3002090454, 8.20003795624, 29.2389850616, 48.4055404663, 10.2731389999, 16.7075538635], [286.458404541, 125.919174194, -48.5509109497, -55.9078826904, 52.4660453796, 99.5507736206, 480.655883789, 250.657897949, 93.0065917969, 122.060043335, 83.7144165039, 152.628738403, 48.2285385132], [853.506225586, 14.4596509933, -308.651397705, -32.8586883545, 45.082649231, 85.3002090454, 250.657897949, 456.576477051, 134.477386475, 62.6932830811, 160.386703491, 143.736190796, 69.1685562134], [622.852233887, 130.995880127, -79.5558853149, -30.6823139191, 5.40755414963, 8.20003795624, 93.0065917969, 134.477386475, 183.314559937, 73.6631546021, 79.2166824341, 78.6542282104, 51.8799705505], [412.307342529, 156.825164795, -74.1187744141, -55.4384231567, 31.2238292694, 29.2389850616, 122.060043335, 62.6932830811, 73.6631546021, 196.768600464, 56.2324638367, 92.3738174438, 59.4629631042], [1061.78735352, 146.445327759, -221.182174683, -129.288253784, -125.49659729, 48.4055404663, 83.7144165039, 160.386703491, 79.2166824341, 56.2324638367, 238.08416748, 142.401809692, 87.3044509888], [1172.26391602, 125.576011658, -251.43510437, -160.606262207, -73.8145599365, 10.2731389999, 152.628738403, 143.736190796, 78.6542282104, 92.3738174438, 142.401809692, 215.428451538, 87.7575302124], [660.529541016, 170.400024414, -128.421035767, -76.0277252197, -60.8386688232, 16.7075538635, 48.2285385132, 69.1685562134, 51.8799705505, 59.4629631042, 87.3044509888, 87.7575302124, 114.055877686]], "icov": [[0.000185423181392, -0.000126260551042, 0.000370626628865, -4.82846589875e-05, 0.000158997761901, -0.000124399302877, 0.000121159566334, 0.000108514279418, -0.000325639994117, 0.0001028902916, -3.57059143425e-05, -0.000551249890123, 3.18679740303e-05], [-0.000126260551042, 0.000608393689618, -0.000386288767913, -4.49511480838e-06, -2.30423866014e-05, 0.000268889329163, -0.000194102147361, 5.97966027271e-05, 6.26888795523e-05, -0.000271967495792, -0.00017776551249, 0.000463123782538, -0.000728530110791], [0.000370626628865, -0.000386288767913, 0.00166610931046, -0.000525244278833, 2.22351422963e-06, -0.000254806189332, -0.000244459573878, 0.00100817205384, -0.000856067345012, 0.000444591220003, -0.000307493697619, -0.000511392194312, 0.00027348738513], [-4.82846589875e-05, -4.49511480838e-06, -0.000525244278833, 0.00297325919382, -0.0021718966309, 0.000400129443733, 0.000117686649901, -0.000277230778011, 0.000150833613588, 0.000604818051215, -0.000671007030178, 0.00152657099534, -0.000466782366857], [0.000158997761901, -2.30423866014e-05, 2.22351422963e-06, -0.0021718966309, 0.00514335045591, -0.000648736604489, 0.00030261365464, -0.00134327693377, -0.000397147028707, -0.00176501495298, 0.00266542239115, -0.0013936891919, 0.00132651336025], [-0.000124399302877, 0.000268889329163, -0.000254806189332, 0.000400129443733, -0.000648736604489, 0.00554071972147, -0.00131737894844, -0.000486214092234, 0.00109415338375, -0.000576128484681, -0.00183254410513, 0.00271374126896, -0.000889856368303], [0.000121159566334, -0.000194102147361, -0.000244459573878, 0.000117686649901, 0.00030261365464, -0.00131737894844, 0.00432173907757, -0.00203213770874, -0.000111973691673, -0.00130302016623, 0.00149255490396, -0.003140890738, 0.00115530774929], [0.000108514279418, 5.97966027271e-05, 0.00100817205384, -0.000277230778011, -0.00134327693377, -0.000486214092234, -0.00203213770874, 0.00550676742569, -0.00224363524467, 0.00170246802736, -0.00263176904991, -0.000283075816697, -0.000527703436092], [-0.000325639994117, 6.26888795523e-05, -0.000856067345012, 0.000150833613588, -0.000397147028707, 0.00109415338375, -0.000111973691673, -0.00224363524467, 0.00898341834545, -0.00217999028973, -0.000766932731494, 0.000816684507299, -0.00102629023604], [0.0001028902916, -0.000271967495792, 0.000444591220003, 0.000604818051215, -0.00176501495298, -0.000576128484681, -0.00130302016623, 0.00170246802736, -0.00217999028973, 0.00858201179653, -0.000337256205967, -0.00191493984312, -0.00237542018294], [-3.57059143425e-05, -0.00017776551249, -0.000307493697619, -0.000671007030178, 0.00266542239115, -0.00183254410513, 0.00149255490396, -0.00263176904991, -0.000766932731494, -0.000337256205967, 0.010647575371, -0.00483577605337, -0.00157080928329], [-0.000551249890123, 0.000463123782538, -0.000511392194312, 0.00152657099534, -0.0013936891919, 0.00271374126896, -0.003140890738, -0.000283075816697, 0.000816684507299, -0.00191493984312, -0.00483577605337, 0.0150480838493, -0.00394876999781], [3.18679740303e-05, -0.000728530110791, 0.00027348738513, -0.000466782366857, 0.00132651336025, -0.000889856368303, 0.00115530774929, -0.000527703436092, -0.00102629023604, -0.00237542018294, -0.00157080928329, -0.00394876999781, 0.0162836294621]]}, "silence_rate_20dB": {"dvar2": 0.00642281537876, "var": 0.0043820021674, "min": 0, "dmean": 0.00293470290489, "mean": 0.995598614216, "max": 1, "dmean2": 0.00587026728317, "median": 1, "dvar": 0.00292615382932}, "melbands_kurtosis": {"dvar2": 1942.95812988, "var": 1813.44995117, "min": -1.55110752583, "dmean": 13.0799627304, "mean": 29.7860679626, "max": 627.74395752, "dmean2": 21.0686798096, "median": 13.6271104813, "dvar": 732.918884277}, "barkbands_spread": {"dvar2": 55.6484527588, "var": 87.0062561035, "min": 0.0161292087287, "dmean": 2.20065760612, "mean": 6.32147836685, "max": 123.867164612, "dmean2": 3.61761593819, "median": 2.25670051575, "dvar": 21.0843811035}, "erbbands_skewness": {"dvar2": 0.909840226173, "var": 5.9626698494, "min": -3.08313965797, "dmean": 0.609295964241, "mean": 2.19820713997, "max": 12.7659988403, "dmean2": 0.963491499424, "median": 1.91143023968, "dvar": 0.363714963198}, "average_loudness": 0.143422573805, "spectral_centroid": {"dvar2": 83631.640625, "var": 170486.125, "min": 107.455833435, "dmean": 87.3773117065, "mean": 432.386413574, "max": 11055.9306641, "dmean2": 139.721099854, "median": 257.852050781, "dvar": 38537.9921875}, "dissonance": {"dvar2": 0.0050949845463, "var": 0.00888979434967, "min": 0.0823251605034, "dmean": 0.0395781286061, "mean": 0.380885601044, "max": 0.499999970198, "dmean2": 0.0683814659715, "median": 0.400471329689, "dvar": 0.00180602492765}, "erbbands_flatness_db": {"dvar2": 0.00124333240092, "var": 0.0173400267959, "min": 0.0362786501646, "dmean": 0.02280350402, "mean": 0.318697333336, "max": 0.620924830437, "dmean2": 0.0353467911482, "median": 0.316509395838, "dvar": 0.000541238521691}, "spectral_strongpeak": {"dvar2": 0.374178081751, "var": 0.341611295938, "min": 0, "dmean": 0.235491067171, "mean": 0.497403740883, "max": 3.52168321609, "dmean2": 0.396862745285, "median": 0.292366087437, "dvar": 0.152845486999}, "spectral_rms": {"dvar2": 2.7024643714e-06, "var": 1.17813488032e-05, "min": 3.26164637833e-12, "dmean": 0.000828653341159, "mean": 0.00499129900709, "max": 0.0219984780997, "dmean2": 0.00126434920821, "median": 0.00461354572326, "dvar": 1.19119363262e-06}, "silence_rate_60dB": {"dvar2": 0.0295663643628, "var": 0.156969219446, "min": 0, "dmean": 0.0129126925021, "mean": 0.194982394576, "max": 1, "dmean2": 0.0258291754872, "median": 0, "dvar": 0.0127465128899}, "melbands": {"dvar2": [5.77995706408e-05, 2.017675979e-05, 3.95451661461e-06, 1.35307902838e-06, 2.14154908917e-07, 5.98387970285e-08, 2.61235004473e-06, 8.75902461672e-09, 5.16812903584e-09, 4.91452745166e-08, 2.06004613368e-09, 8.66410054812e-09, 1.17590994719e-08, 3.22982458556e-08, 7.613213171e-09, 1.67022107256e-09, 2.18845525035e-10, 5.15473830287e-10, 2.9228705567e-10, 3.61329910437e-10, 2.26601709619e-10, 1.170547409e-10, 6.64373625558e-11, 2.28556756854e-11, 1.87223188342e-11, 1.76746638159e-11, 1.87045570005e-11, 2.17124200563e-11, 2.06563325472e-11, 7.42284272243e-12, 1.01713672207e-11, 3.2487186552e-11, 2.18741188357e-11, 4.04973667448e-12, 2.14664809366e-12, 1.6771736994e-12, 2.00125940125e-12, 3.63090568896e-12, 9.10650786549e-13, 6.125321062e-13], "var": [9.76614828687e-05, 4.88093028252e-05, 4.26221049565e-06, 1.64986322488e-05, 1.14811609819e-06, 1.12034086897e-07, 1.41521525165e-06, 1.27433548158e-08, 6.38852126755e-09, 3.96011579085e-08, 2.24344298694e-09, 5.72624170303e-09, 8.87257467497e-09, 2.33786039416e-08, 6.00667515727e-09, 1.07479247724e-09, 2.33196434385e-10, 4.58429599837e-10, 2.7346383491e-10, 2.79995748809e-10, 1.81862816473e-10, 9.20917925251e-11, 6.8640940154e-11, 1.68444286297e-11, 1.26087083482e-11, 9.64985296531e-12, 8.34421334112e-12, 6.62886455796e-12, 7.5356648005e-12, 2.34629937007e-12, 4.63937135237e-12, 2.5384302299e-11, 3.11667358588e-11, 1.60289815275e-12, 5.65091810151e-13, 5.62604921418e-13, 1.35184506818e-12, 3.37452006442e-12, 6.49353834592e-13, 2.26638911631e-13], "min": [5.76383113666e-24, 8.30106418764e-24, 1.63964376274e-23, 7.44312431067e-24, 1.37797023855e-23, 2.69623064856e-23, 3.83056214317e-23, 1.93125597823e-23, 4.52090307768e-24, 5.25817287413e-24, 7.34342885833e-24, 5.07840409561e-24, 9.48265555022e-24, 5.67668646132e-24, 4.82776287007e-24, 1.00915039189e-23, 1.35516789854e-23, 1.64423303994e-23, 1.57614661299e-23, 9.66301676329e-24, 8.10786268562e-24, 1.34717279327e-23, 1.27237063565e-23, 1.47419091638e-23, 1.19413709087e-23, 9.45647877881e-24, 8.35945330527e-24, 9.66420005465e-24, 1.27876577324e-23, 1.44786804792e-23, 1.5797234661e-23, 1.30186298946e-23, 9.23050878365e-24, 1.06368718617e-23, 9.12179901774e-24, 1.47529689937e-23, 1.07716274481e-23, 9.30768067942e-24, 7.9337255851e-24, 8.85271225208e-24], "dmean": [0.00181533372961, 0.00136965687852, 0.000579472864047, 0.000631004804745, 0.000196350913029, 7.74092550273e-05, 0.000228125732974, 2.19623088924e-05, 1.38740351758e-05, 2.02258452191e-05, 9.15536566026e-06, 1.10254995889e-05, 1.26265322251e-05, 2.08558376471e-05, 1.57209651661e-05, 5.44091972188e-06, 2.94659662359e-06, 3.87521004086e-06, 3.10122891278e-06, 3.68425367014e-06, 2.74632770925e-06, 1.93202754417e-06, 1.62335095411e-06, 8.58103533119e-07, 5.59275861178e-07, 4.92500589644e-07, 4.89324861519e-07, 4.01362143521e-07, 3.87610953112e-07, 3.08159854967e-07, 3.70549315676e-07, 5.02345471887e-07, 4.12287278095e-07, 1.83721965641e-07, 1.12453008683e-07, 1.45782479422e-07, 1.42656702451e-07, 1.84998512509e-07, 1.12651747486e-07, 8.98702694485e-08], "mean": [0.00353769934736, 0.00348662491888, 0.00149012741167, 0.00196012947708, 0.000576574471779, 0.000182225267054, 0.000342742714565, 4.52078893431e-05, 2.548707198e-05, 3.31558549078e-05, 1.84324853763e-05, 2.00486665562e-05, 2.00151316676e-05, 3.5662742448e-05, 2.86553131446e-05, 9.43823306443e-06, 5.51763378098e-06, 6.70248755341e-06, 5.94651874053e-06, 6.42001850792e-06, 4.7930789151e-06, 3.47919240085e-06, 3.03341766994e-06, 1.41281589094e-06, 8.67386177106e-07, 7.10675863047e-07, 6.16988472757e-07, 4.32138563156e-07, 4.03905033863e-07, 2.98211745076e-07, 3.95048601831e-07, 6.76881256823e-07, 6.30657382317e-07, 1.82819036354e-07, 9.9353705707e-08, 1.25827881448e-07, 1.552645017e-07, 2.20435296683e-07, 1.24248927591e-07, 8.10555462749e-08], "max": [0.144245967269, 0.0743048787117, 0.0321690924466, 0.0363800860941, 0.0120056616142, 0.0035148167517, 0.0160239879042, 0.00202541262843, 0.00180322572123, 0.00882293563336, 0.0015549599193, 0.00242972001433, 0.0031055752188, 0.00346055231057, 0.00110252026934, 0.000979497330263, 0.000206416574656, 0.000475469307275, 0.000293145247269, 0.000238654436544, 0.000205225631362, 0.000157481990755, 0.000124648737255, 6.56845877529e-05, 0.000105106788396, 5.36063125764e-05, 7.26840662537e-05, 0.000106907216832, 0.000103744918306, 3.79112643714e-05, 4.91733844683e-05, 0.000130725282361, 0.000128013605718, 5.30385186721e-05, 4.15756185248e-05, 1.72425407072e-05, 2.91676042252e-05, 4.8728314141e-05, 1.68589922396e-05, 1.05035733213e-05], "dmean2": [0.00279143149965, 0.00213065254502, 0.000873504322954, 0.000683537975419, 0.000269364070846, 0.000123209087178, 0.000414283189457, 3.45003791153e-05, 2.14225838135e-05, 3.11678741127e-05, 1.42347298606e-05, 1.78306399903e-05, 2.07274406421e-05, 3.6578559957e-05, 2.75542624877e-05, 9.16728276934e-06, 4.85295731778e-06, 6.33857007415e-06, 5.13597342433e-06, 6.19582078798e-06, 4.6152476898e-06, 3.24320080836e-06, 2.67299174084e-06, 1.41637065099e-06, 9.11696872663e-07, 8.39351514514e-07, 8.24047447168e-07, 6.91629963967e-07, 6.71835721278e-07, 5.36000584361e-07, 6.16693625943e-07, 8.26876487281e-07, 6.84657322836e-07, 3.15000420414e-07, 1.94330368686e-07, 2.49990051771e-07, 2.42528614081e-07, 3.13037389787e-07, 1.8554803205e-07, 1.53944654357e-07], "median": [0.000892278505489, 0.000902460771613, 0.000805484189186, 0.000514123297762, 0.000177831097972, 4.93531333632e-05, 5.10815152666e-06, 2.15148929783e-06, 1.66110157807e-06, 9.4662743777e-07, 3.5239600038e-07, 5.4157590057e-07, 6.71296220389e-07, 3.05375749576e-07, 1.53596658947e-07, 1.40724068842e-07, 9.7766829299e-08, 1.26382374788e-07, 1.32754394144e-07, 7.96116879087e-08, 6.69736692771e-08, 3.8855546336e-08, 2.59911718814e-08, 2.41407942525e-08, 1.51498795731e-08, 1.25143024832e-08, 1.12997042834e-08, 8.6615905559e-09, 6.79149980698e-09, 2.72452993499e-09, 1.68418945456e-09, 1.11568110306e-09, 3.49350659512e-10, 4.84205342488e-10, 1.79725900828e-10, 3.58084506491e-10, 5.27760835034e-10, 7.11636999329e-11, 7.13788750328e-11, 4.91765794752e-11], "dvar": [3.00483334286e-05, 9.97362167254e-06, 1.5518944565e-06, 1.59396711297e-06, 1.21863010349e-07, 2.3329835841e-08, 7.89831460679e-07, 3.85611720333e-09, 2.51337950452e-09, 2.35692212414e-08, 9.02348806786e-10, 3.34493388543e-09, 4.96057328547e-09, 1.12946940689e-08, 2.46091258482e-09, 5.74868819214e-10, 8.61271956532e-11, 2.1727634969e-10, 1.08391746967e-10, 1.2963193019e-10, 8.63972227094e-11, 4.2441463538e-11, 2.57861666048e-11, 9.03628127186e-12, 7.78283340552e-12, 6.67608069521e-12, 6.96795702734e-12, 8.05281362426e-12, 7.63243288016e-12, 2.78824836483e-12, 4.11581099063e-12, 1.32298052721e-11, 9.7623185577e-12, 1.52614975778e-12, 7.79429201302e-13, 6.61789145619e-13, 8.60277669414e-13, 1.59117532518e-12, 3.90606275623e-13, 2.43034650564e-13]}, "spectral_skewness": {"dvar2": 4.47449922562, "var": 23.5937423706, "min": -0.0305878184736, "dmean": 1.13630115986, "mean": 6.34193229675, "max": 24.439283371, "dmean2": 1.90474331379, "median": 4.5280995369, "dvar": 1.62998080254}, "melbands_flatness_db": {"dvar2": 0.00251678517088, "var": 0.038134090602