{"tonal": {"thpcp": [1, 0.85301977396, 0.833487927914, 0.986014783382, 0.721124649048, 0.446170687675, 0.494946926832, 0.458229124546, 0.35710927844, 0.355268508196, 0.309327930212, 0.276902914047, 0.287569314241, 0.273432940245, 0.367753267288, 0.457003772259, 0.407544702291, 0.41545599699, 0.476724386215, 0.58031642437, 0.635785758495, 0.52687305212, 0.430507063866, 0.452856123447, 0.48187828064, 0.381381571293, 0.344340384007, 0.375021934509, 0.31914511323, 0.229377985001, 0.18435266614, 0.259095817804, 0.322225391865, 0.267961353064, 0.355007171631, 0.73444378376], "hpcp": {"dmean2": [0.477530568838, 0.399632722139, 0.301783382893, 0.290028899908, 0.264241635799, 0.216405540705, 0.21055740118, 0.191282302141, 0.178708866239, 0.178962737322, 0.1653547436, 0.200067102909, 0.235989362001, 0.228597328067, 0.23985864222, 0.280374646187, 0.332074850798, 0.364009976387, 0.3119764328, 0.249937653542, 0.230413064361, 0.241951778531, 0.195415660739, 0.178913682699, 0.193262264132, 0.168147966266, 0.126484379172, 0.108209259808, 0.132161766291, 0.151372849941, 0.137447789311, 0.263223439455, 0.476925820112, 0.548291027546, 0.513806343079, 0.46289435029], "median": [0.05457848683, 0.0341887958348, 0.0173619203269, 0.0202917102724, 0.0215524360538, 0.0205216724426, 0.0179093964398, 0.0137148983777, 0.00839917734265, 0.00810027308762, 0.0102763157338, 0.0135454591364, 0.0178868807852, 0.0185837950557, 0.0151370922104, 0.0212661568075, 0.0302347950637, 0.0281880646944, 0.0238591246307, 0.0225858371705, 0.0353987924755, 0.0295364446938, 0.0176852103323, 0.0132098020986, 0.0175469741225, 0.0130073409528, 0.00713055301458, 0.00394785543904, 0.00734743662179, 0.00996232125908, 0.0111238704994, 0.0114385597408, 0.0308196544647, 0.0528649687767, 0.0398806966841, 0.057046096772], "min": [0, 0, 0, 0, 0, 0, 0, 0, 0, 0, 0, 0, 0, 0, 0, 0, 0, 0, 0, 0, 0, 0, 0, 0, 0, 0, 0, 0, 0, 0, 0, 0, 0, 0, 0, 0], "dvar2": [0.253376692533, 0.226486697793, 0.176930308342, 0.167940586805, 0.152485355735, 0.1243121773, 0.117877863348, 0.114511378109, 0.110217340291, 0.109158702195, 0.0958938524127, 0.105698660016, 0.128780379891, 0.129124000669, 0.144908100367, 0.162155687809, 0.185530304909, 0.201517730951, 0.175099983811, 0.132639199495, 0.105406038463, 0.117517031729, 0.0958044975996, 0.0888032615185, 0.102827884257, 0.0812778249383, 0.0590651668608, 0.0581615865231, 0.0571505948901, 0.0663099810481, 0.0540011748672, 0.163578137755, 0.277218103409, 0.283669888973, 0.290256410837, 0.26089784503], "dvar": [0.108916789293, 0.0860573276877, 0.0640876367688, 0.0670630782843, 0.0595827065408, 0.0454620942473, 0.0431429892778, 0.04093933478, 0.0395415127277, 0.0399796701968, 0.0351163819432, 0.0394191928208, 0.048076543957, 0.0481481440365, 0.0547854527831, 0.06137368083, 0.0698477476835, 0.077993042767, 0.0676676034927, 0.0507481768727, 0.0407543480396, 0.046007476747, 0.035738311708, 0.0341908484697, 0.0391549542546, 0.0312894433737, 0.0227164290845, 0.0216992218047, 0.0214489977807, 0.0260112397373, 0.0207405705005, 0.0579631812871, 0.103307783604, 0.124011270702, 0.113142073154, 0.0890972465277], "dmean": [0.264441788197, 0.218432158232, 0.161881014705, 0.158592164516, 0.146190479398, 0.118308193982, 0.11567722261, 0.104225024581, 0.0968094244599, 0.0973556488752, 0.0913194194436, 0.112121760845, 0.134760439396, 0.128288596869, 0.133426487446, 0.154778420925, 0.182597562671, 0.199352771044, 0.17088714242, 0.139034956694, 0.132844984531, 0.140927761793, 0.112464606762, 0.101859912276, 0.111963711679, 0.0971275344491, 0.0719278454781, 0.0601475201547, 0.0757377818227, 0.0889677405357, 0.0781755074859, 0.139011800289, 0.264547884464, 0.31052711606, 0.286044150591, 0.255277454853], "max": [1, 1, 1, 1, 1, 1, 1, 1, 1, 1, 1, 1, 1, 1, 1, 1, 1, 1, 1, 1, 1, 1, 1, 1, 1, 1, 1, 1, 1, 1, 1, 1, 1, 1, 1, 1], "var": [0.127506956458, 0.0795003026724, 0.0472260862589, 0.0621174573898, 0.0541108958423, 0.0341120287776, 0.032018430531, 0.0288646407425, 0.0290787853301, 0.0299784671515, 0.0266026221216, 0.0340701900423, 0.0441354811192, 0.0404719822109, 0.0461284145713, 0.0537044964731, 0.0641860216856, 0.0758093222976, 0.0611216835678, 0.0449858084321, 0.0407382249832, 0.0476220324636, 0.0341840013862, 0.0331802964211, 0.0368488430977, 0.0286185704172, 0.0198861062527, 0.0174736976624, 0.0205750670284, 0.0268598087132, 0.0191929079592, 0.0383668914437, 0.0878882035613, 0.128390803933, 0.104880385101, 0.0846963152289], "mean": [0.254596829414, 0.186200097203, 0.115204803646, 0.127799212933, 0.118318386376, 0.0922084450722, 0.0917331427336, 0.079870916903, 0.0714985281229, 0.0742526724935, 0.0706025511026, 0.0949568077922, 0.11800199002, 0.105231270194, 0.107274025679, 0.123094007373, 0.14984229207, 0.164164915681, 0.136042788625, 0.111160330474, 0.116931036115, 0.124424785376, 0.0984757393599, 0.0889114141464, 0.0968336313963, 0.0824057981372, 0.0592272132635, 0.0476013198495, 0.066900588572, 0.0832011476159, 0.0691897422075, 0.0916656628251, 0.1896391958, 0.258207917213, 0.220256462693, 0.215213179588]}, "tuning_equal_tempered_deviation": 0.157732278109, "chords_changes_rate": 0.13738694787, "key_key": "C#", "tuning_diatonic_strength": 0.390353649855, "key_scale": "minor", "chords_number_rate": 0.00192418706138, "tuning_frequency": 438.224517822, "tuning_nontempered_energy_ratio": 0.804959893227, "chords_histogram": [26.6692314148, 0.904367923737, 2.9824898243, 0, 0, 0, 0.423321157694, 5.7725610733, 0.423321157694, 2.63613629341, 0.0192418694496, 0.211660578847, 5.59938430786, 0.0962093546987, 7.33115243912, 0.230902448297, 0.307869911194, 0.250144302845, 0, 4.94516086578, 0.0769674777985, 2.65537810326, 1.86646139622, 36.5980377197], "key_strength": 0.505454957485, "chords_key": "A", "chords_strength": {"dmean2": 0.0234178733081, "median": 0.392167448997, "min": 0.205094501376, "dvar2": 0.000369109038729, "dvar": 0.0002048152528, "dmean": 0.0183728411794, "max": 0.715368449688, "var": 0.00644612545148, "mean": 0.401144951582}, "chords_scale": "major", "hpcp_entropy": {"dmean2": 1.36221075058, "median": 2.41932034492, "min": 0, "dvar2": 1.09576714039, "dvar": 0.448030412197, "dmean": 0.822544932365, "max": 4.83288669586, "var": 0.968706846237, "mean": 2.45127487183}}, "metadata": {"audio_properties": {"equal_loudness": 0, "codec": "flac", "downmix": "mix", "sample_rate": 44100, "analysis_sample_rate": 44100, "bit_rate": 0, "md5_encoded": "c323a7f175364c7c1703cd8505481278", "length": 241.293334961, "replay_gain": -12.7666969299, "lossless": true}, "version": {"essentia_build_sha": "70f2e5ece6736b2c40cc944ad0e695b16b925413", "essentia": "2.1-beta2", "extractor": "music 1.0", "essentia_git_sha": "v2.1_beta2"}, "tags": {"title": ["Go Head"], "barcode": ["886970026123"], "media": ["CD"], "albumartist": ["Mobb Deep"], "tracktotal": ["17"], "language": ["eng"], "releasetype": ["compilation"], "musicbrainz_recordingid": ["10e41f58-c28f-447c-92ff-b27e8ac8bf36"], "musicbrainz_releasegroupid": ["9c2c8649-9192-3639-b3ec-5db1bbe9ba2a"], "musicbrainz_albumartistid": ["d75d1f08-bbb8-4eae-9877-399ca9121197"], "acoustid_fingerprint": ["AQADtImUhIoqJbgVFpUPLY_QH1rw82jQmSv6ww--HT5eDaeL5oLO4Bvc484jaMcFP8cbvDfEP_gcaMfRfEGf4dOLhpNyPA6u44dVtNnxHs3RG9fR48cPa1PgHH2E_mhwh2g0Peg51PoEP_hg4h8cS0d_6BGDXmhQXQ9-_IH445Fg9XiUHEfz4xmax-gm9Cf84_gOqxCPeju-5WgedMd9yD_qGz_SC2mCPke7oSl-Gi0sH-fgyjhM499xE81x7uiZw_2JH3-OH4erSLB66JFwH82hZ2iObgr6HOaBwz-sHVp5vNByHz3eekNt5A2mPEZZpDnaLZ6gyNuDH_3Q6Sn8C9rxoJ8Ln8aPPzm0_MZ3tGOC5qg4Hfnxwz8eKYZVPDR-JEv1Ic_QvrgvXCosHMcP_8jjwOfR52jOoUd_-If748Hrw3F4nCrC6HiI5ujDzagWvXBELcKHxD9inWjH4wzuB76C68etoT8-OEYeJTMcH8nT46NyNNmOJ8NjNFtRUSFyInH440_Qs9FhZuiyHF-MlzGS5STCJ8d1lLnRKM-Fh2hi9CmufEjnQ1MlGWF-_MfD4DnK0sJxhQry8HDGo5QO9WKO_-gTeJRgPhUuiYfjZGHRVTouRjG0MEfJ7HgYNNGmo9My4ypK4ix8dHojXMcnzUSlC40bD-9i_NDYFQ07Jshv4TecNKVwNFVu9MGROtIDvce1REenqIeOnPtw_CFh7qinI2ehI4w_VOpxJ0W1HVYYFrEPvUTYUD7e5MPzoMmP8DpO4dDIwdmEKqUW_MKVCz-ao9p13MJ_PBm0MEIfhHpioVFzVBtzNNWFhyiaasGXxQhvPMuh_kg5yahv4_xghdlxPIR5HVeD23gSVHaJxCGNUFui8LgWvFqQ04OoB4-mELkSoSeaF4l_5LGDSzo-HXcO60mD17h0PEsUIvzR6CNiZziPNjbKssF7NEdfF3gVNRa66_AkGl8RhoTyo8sdoflx7WDOHK9u-HkCeWIO6aw05A_8GO6IuwqcHmUXzCTCqifESVnGoLnwJEJ1dEG8bE2CL6Q8wCfO48lxKcoloTnCI3kPH29z1MqDZis-NGOO3qiY5EM-vEoM_UcY_vjD4CfxmOiDZsyO88eT49OSCg2XoC_CHt-P8GJw_WjG7EE7HPXQXDriJwn0b8iTG_mLN3yOZ4I45L7wJT8e7ehVpO-hkfmQB_XmSnhQJSv6HE0UvjhRJ4nQfMGfIm8O9UGeq7hE4zl6NM-S4Y-OM9FxHiH5QV-W4j_yJQ-sNeHRJ-vxo4etB21sPEG8CQ_KhxG01Mdz_MGPND_xKSu-7YrgWfjz4EaTaDlKOUdfTUSYkRZ6Hg2h55iVJY2gSDqsHj76ED9-NAyPPouKBz9-XMW9oxp3NBXkKfk0hI_h7-g0ohnq7TiaKwifJIdsxMqe4tKLJz_iwyoTQ7V0fGbwKWgviHwQyjmeMviPbxXy5ND-ozmuJSs6RUcTcaMK7YqFNKaF7oXz4OTxJclS5HkghjzyHJei4wobXDqF8FkKMXmKUP_x7MMV4Tv8JSJ-4lmWolp0I3mP8HjOoIlkDu2S4zn-HKlr_MQzormDsDlu5UifKMSRXIEl5cGf4hLhKniOW0e-Hap64-nhs8KTxcKXC08h_siLd1xQJdGDJrRwJ2iu5OiaI8xIE8mmSA9ORTl6ovHxKTla50hPQUT6SBT6IE-i5NCP_NFhjg-utSHOG_XRRBmSNx_CK2hu1MrQiPFwG034BCG1HbqaDNdxQZOzIxUqvcSXE9e6oTeaB5_xjAi1H42iZ3ikwtfxhjg8iT9-9CG02Mdz1NTxEzry40fTHfiWzEg_HLoyo28L5zq0NS9OEX1gLsdT8zAfOM7QS0Kp7YUvxaj-IVTi4x1aLhNyPjh_NGdWaHwQRz_65AHMyMXzIe8OR5SSQdf2ofFxXjiTw1vx7egFR8-HVD0uwhwv1Dly_PHgVBMOlSJKJtsh_mgXHT8qyWjyT_jR_bigHfX6wW-g78GtC87GDhdT-MfR92iPNB-eHf8F_7iCHGK2BFeZBylfCn1o4VkaNPtRSUmIP-hyxFYe6MoR5sd3PEqb4oGj4gz-4zmmtOjDI_yRLA_-VcGj42iGfkF0G-cDrT98IR31ITyP6w0uDuGMRmGW4j_e8GjTaGh-PEiWHeGDqw7CzGqMZGryojmP7hem6zBTFc-QI-GPP1wEONyDejOqL8X-QJs-fCf-BEczSvnQZ0eOpObRHO2KZscHxxSFXzqSySXyUMOp44mS47hy-MlxfYhTc9CjDRV7Cs0o5OF8VF8MlzKsJ0fVJLrRB83R63BFOCfCB8kWTkfD4hLx49oNP_lxkcWnGF-EMJOYo38QX_AtI3EkpJk0UTiao2SLcjma9kKzkEQyGeGuHM2N68EjFg_hL8HxJ7jiw32Mo2uGJnqFjxV8PBf8IVD_o9F4PMsF59FxfvjhSTn6D4eWJykuCxcDKwmP8EpxZxx6UkODS8mLhrvQZ0ef5Wh45F2MJkwN8TzCF7-CkGyHhicuBU87XBDHzMS1Ba-N6xv6XfDD4ITOKCkqJeJDIU9yNP9QPceXzEF9ND_iVIeeRvhqIVcU48fpI02axbi05cCzwbOCC_kOJ89xPWgWKcqNelJRkmiKK0qI-_iH7sJznEWYJTv05cGRK_Cp4b2ChzmuI8wvAAGBUAAAIZRRWgCpABRESWCYEEBBhYQQQDBprDBMIOeEEoYKLIQCiAjFBCDECAWEIAgAxRgDCAiGCEDAMKOAIQgJRRCgSAgFAKBMAAGIAUIJAIAQwAKmECIAKQYEAwwYhgQn1FgAKAGCcIOIIMAAQhwTRwJhgGIMGKMEQM6CSgAhAAilMHEIAcAEAAAwIBQDiACCGAFMCOUgsQgIoxTFwEAiAGGCAIQoIIApRBgwAlBlFINAEUOAQEAAAAQARAFEiEAYOIGEEIxRoxxAAggDhaJEWCEMUMggAAARwgBAkCUQAUIIAgIYQAVRgjCjmAAOEANNBQwgZhBQkBihhBBAKgIIUQQTRABhSmkChHFGCWAIFcIIIABhBlEjiBQEEKMAApQBSZgQBijoBFACECIQUwoKI5gQAiACFCBAEKAAMIAZAwCgyBhgDDFACAoWAGQAARAUgDAIAABQAMSAEAQRIYAAGBIJBGCECMOEEQAQYQBhQDCFDHKKGaaQkF44QgEQQglFQBGIEKQIMZAgABAggiCEhCEKYEMMgQA4IwWRhgAhACFEIOIAMAIAIoARihoAGGBKAQMMMcAQhAgjQAEDCKEUCUsMAEQIwQQSxAmAADJYCAKAAwAIgSgigkDGhCFIIcOEAwwQwQBwCghmgBCIAAYAEJwIAQhQCgAnBCBAUoGQAAAQJIATAAKDjGAAMQEAg4IpImAACAgDCIFEOEeAAsIgQZhgDjIihAEWAQQAYAIZSwgDgCBCmACGOSGYsBgAoQwRBDEghGAECGAAUUAxIJACBAhgGENCEAIMYggRBoIgbFCCBDCQIEKUEwYogIgQQACiKDCACKIMA4AAoIxTACgrEBAAEUWkUIQ5AsBAiCkJiDAMAUKUEUgIahgABggiJBACKQEIkwIQJYYiQADAAEACEQOIQsg5YxRjRBEDGiACQaAQAAxAwwgw1BmACCEAGA"], "discnumber": ["1"], "totaldiscs": ["1"], "album": ["Life of the Infamous: The Best of Mobb Deep"], "catalognumber": ["88697 00261 2"], "releasecountry": ["CA"], "file_name": "1.17. Mobb Deep - Go Head.flac", "compilation": ["0"], "albumartistsort": ["Mobb Deep"], "date": ["2006"], "genre": ["Rap, Hip Hop"], "disctotal": ["1"], "musicbrainz_artistid": ["d75d1f08-bbb8-4eae-9877-399ca9121197"], "originaldate": ["2006-10-31"], "musicbrainz_albumid": ["a26f3c8f-43d8-4f66-b180-4e19e9d53d8e"], "artist": ["Mobb Deep"], "tracknumber": ["17"], "artistsort": ["Mobb Deep"], "bpm": ["0"], "label": ["Legacy"], "releasestatus": ["official"], "acoustid_id": ["3e320431-b0a6-410c-aade-6c45cf568924"], "script": ["Latn"], "totaltracks": ["17"]}}, "rhythm": {"bpm_histogram_first_peak_bpm": {"dmean2": 0, "median": 88, "min": 88, "dvar2": 0, "dvar": 0, "dmean": 0, "max": 88, "var": 0, "mean": 88}, "bpm": 88.0164794922, "bpm_histogram_second_peak_spread": {"dmean2": 0, "median": 0, "min": 0, "dvar2": 0, "dvar": 0, "dmean": 0, "max": 0, "var": 0, "mean": 0}, "bpm_histogram_first_peak_weight": {"dmean2": 0, "median": 0.940340876579, "min": 0.940340876579, "dvar2": 0, "dvar": 0, "dmean": 0, "max": 0.940340876579, "var": 0, "mean": 0.940340876579}, "onset_rate": 5.98392009735, "beats_position": [0.603718817234, 1.25387752056, 1.93886613846, 2.62385487556, 3.29723358154, 3.99383211136, 4.66721057892, 5.34058952332, 6.025578022, 6.71056699753, 7.39555549622, 8.08054447174, 8.75392246246, 9.43891143799, 10.1239004135, 10.7972784042, 11.4822673798, 12.1672563553, 12.840634346, 13.5256233215, 14.2106122971, 14.8956003189, 15.5805892944, 16.2539672852, 16.9273471832, 17.6239452362, 18.2973232269, 18.9823131561, 19.6556911469, 20.3406791687, 21.0256690979, 21.7106571198, 22.3840351105, 23.0806350708, 23.7540130615, 24.4273910522, 25.1123809814, 25.7973690033, 26.4823570251, 27.1673469543, 27.8407249451, 28.537322998, 29.2107028961, 29.8840808868, 30.5690689087, 31.2540588379, 31.9390468597, 32.6240348816, 33.2974128723, 33.9824028015, 34.6673927307, 35.3407707214, 36.0257606506, 36.7107467651, 37.3957366943, 38.0807266235, 38.7541046143, 39.4390907288, 40.124080658, 40.7974586487, 41.4708366394, 42.1674385071, 42.8524246216, 43.5374145508, 44.2107925415, 44.8957824707, 45.5807685852, 46.2541503906, 46.9275283813, 47.6241264343, 48.297504425, 48.9708824158, 49.655872345, 50.3408622742, 51.0258483887, 51.7108383179, 52.3842163086, 53.0808143616, 53.7541923523, 54.4391822815, 55.1125602722, 55.7975502014, 56.4825401306, 57.1675262451, 57.8409042358, 58.525894165, 59.2108840942, 59.884262085, 60.5692520142, 61.2542381287, 61.9392280579, 62.6242179871, 63.2975959778, 63.9825820923, 64.6675720215, 65.3409500122, 66.0259399414, 66.7109298706, 67.3959197998, 68.0809020996, 68.7542877197, 69.4392700195, 70.1242599487, 70.7976379395, 71.4826278687, 72.1676177979, 72.8526077271, 73.5375976562, 74.210975647, 74.8843536377, 75.5693435669, 76.2543258667, 76.9393157959, 77.6243057251, 78.2976837158, 78.9710617065, 79.6560516357, 80.3410415649, 81.0376434326, 81.7110214233, 82.3843994141, 83.0809936523, 83.7543716431, 84.4277572632, 85.112739563, 85.7977294922, 86.4827194214, 87.1677093506, 87.8410873413, 88.537689209, 89.2110671997, 89.8844451904, 90.5694351196, 91.2544174194, 91.9394073486, 92.6243972778, 93.2977752686, 93.9827651978, 94.6561431885, 95.3411331177, 96.0261230469, 96.7111129761, 97.3960952759, 98.0810852051, 98.7544631958, 99.439453125, 100.124443054, 100.797821045, 101.482810974, 102.167800903, 102.852790833, 103.537773132, 104.211151123, 104.884536743, 105.569519043, 106.254508972, 106.939498901, 107.624488831, 108.297866821, 108.98285675, 109.656234741, 110.34122467, 111.037818909, 111.711196899, 112.38457489, 113.069564819, 113.754554749, 114.439544678, 115.112922668, 115.797912598, 116.482902527, 117.167892456, 117.841270447, 118.537864685, 119.211242676, 119.884620667, 120.557998657, 121.254600525, 121.939590454, 122.624580383, 123.297958374, 123.982948303, 124.667930603, 125.341316223, 126.026298523, 126.711288452, 127.384666443, 128.081268311, 128.754638672, 129.43963623, 130.12461853, 130.79800415, 131.48298645, 132.167984009, 132.84135437, 133.526351929, 134.211334229, 134.896316528, 135.581314087, 136.254684448, 136.939682007, 137.624664307, 138.298049927, 138.983032227, 139.668029785, 140.341400146, 141.026397705, 141.711380005, 142.384765625, 143.081359863, 143.754730225, 144.428115845, 145.113098145, 145.798095703, 146.483078003, 147.168075562, 147.841445923, 148.538040161, 149.211425781, 149.884811401, 150.569793701, 151.254776001, 151.93977356, 152.624755859, 153.298141479, 153.983123779, 154.668121338, 155.341491699, 156.026489258, 156.711471558, 157.396453857, 158.081451416, 158.754821777, 159.439819336, 160.124801636, 160.798187256, 161.483169556, 162.168167114, 162.853149414, 163.538131714, 164.211517334, 164.884887695, 165.569885254, 166.254867554, 166.939865112, 167.624847412, 168.309844971, 168.983215332, 169.656600952, 170.341583252, 171.026565552, 171.71156311, 172.384933472, 173.081542969, 173.75491333, 174.439910889, 175.124893188, 175.798278809, 176.483261108, 177.168243408, 177.841629028, 178.538223267, 179.211608887, 179.884979248, 180.569976807, 181.254959106, 181.939956665, 182.624938965, 183.298324585, 183.983306885, 184.668289185, 185.341674805, 186.026657104, 186.711654663, 187.396636963, 188.081634521, 188.766616821, 189.440002441, 190.124984741, 190.798370361, 191.483352661, 192.168334961, 192.85333252, 193.538314819, 194.211700439, 194.885070801, 195.570068359, 196.255050659, 196.928436279, 197.625030518, 198.298416138, 198.983398438, 199.656768799, 200.341766357, 201.038360596, 201.711746216, 202.385116577, 203.070114136, 203.755096436, 204.428482056, 205.113464355, 205.798446655, 206.483444214, 207.156814575, 207.841812134, 208.526794434, 209.211791992, 209.885162354, 210.570159912, 211.255142212, 211.940139771, 212.62512207, 213.298492432, 213.98348999, 214.66847229, 215.34185791, 216.02684021, 216.711837769, 217.396820068, 218.081817627, 218.755187988, 219.440170288, 220.125167847, 220.798538208, 221.483535767, 222.168518066, 222.853515625, 223.538497925, 224.211883545, 224.896865845, 225.581848145, 226.255233765, 226.928619385, 227.613601685, 228.298583984, 228.983581543, 229.656951904, 230.341949463, 231.026931763, 231.711929321, 232.385299683, 233.070297241, 233.755279541, 234.428665161, 235.113647461, 235.798629761, 236.483627319, 237.168609619, 237.841995239, 238.526977539, 239.211975098, 239.896957397, 240.581939697], "beats_loudness": {"dmean2": 0.0797249823809, "median": 0.0535117872059, "min": 4.46542269827e-09, "dvar2": 0.00210201181471, "dvar": 0.000659878074657, "dmean": 0.0434851832688, "max": 0.134959921241, "var": 0.00117138808127, "mean": 0.0575493499637}, "danceability": 1.67305362225, "bpm_histogram_second_peak_weight": {"dmean2": 0, "median": 0, "min": 0, "dvar2": 0, "dvar": 0, "dmean": 0, "max": 0, "var": 0, "mean": 0}, "beats_count": 353, "bpm_histogram_second_peak_bpm": {"dmean2": 0, "median": 0, "min": 0, "dvar2": 0, "dvar": 0, "dmean": 0, "max": 0, "var": 0, "mean": 0}, "bpm_histogram_first_peak_spread": {"dmean2": 0, "median": 0.0596591234207, "min": 0.0596591234207, "dvar2": 0, "dvar": 0, "dmean": 0, "max": 0.0596591234207, "var": 0, "mean": 0.0596591234207}, "beats_loudness_band_ratio": {"dmean2": [1.2391320467, 0.548678338528, 0.222670048475, 0.0997319594026, 0.288043737411, 0.430432081223], "median": [0.28608456254, 0.174665778875, 0.0526268035173, 0.0194661840796, 0.0768149420619, 0.232656806707], "min": [0.00646461406723, 3.26066001435e-05, 0.000283859641058, 0.000166504338267, 1.87297446246e-05, 0.000232157646678], "dvar2": [0.156089842319, 0.043787561357, 0.0478012748063, 0.00428536115214, 0.00714860344306, 0.0364397205412], "dvar": [0.0557740330696, 0.0129788247868, 0.0171377863735, 0.00148916814942, 0.00226547988132, 0.00901129189879], "dmean": [0.618704080582, 0.278562992811, 0.116029471159, 0.0509013496339, 0.144874572754, 0.23894123733], "max": [0.990156829357, 0.681797146797, 0.932910263538, 0.459516137838, 0.370923578739, 0.725544691086], "var": [0.125711798668, 0.027055522427, 0.0138748576865, 0.00151594355702, 0.0063458699733, 0.0262941941619], "mean": [0.484612703323, 0.185340642929, 0.0733669400215, 0.0326099954545, 0.0931903496385, 0.196304991841]}}, "lowlevel": {"barkbands_spread": {"dmean2": 29.2115135193, "median": 16.4409427643, "min": 0.0521283000708, "dvar2": 1211.1595459, "dvar": 496.815338135, "dmean": 17.348367691, "max": 133.31036377, "var": 621.444702148, "mean": 26.0683174133}, "melbands_spread": {"dmean2": 29.547908783, "median": 12.4687976837, "min": 0.119705617428, "dvar2": 2480.03686523, "dvar": 1011.29101562, "dmean": 18.0495433807, "max": 283.877929688, "var": 1685.34069824, "mean": 30.4274845123}, "hfc": {"dmean2": 32.6254348755, "median": 17.1588630676, "min": 1.11170572933e-16, "dvar2": 1570.06213379, "dvar": 682.606933594, "dmean": 20.2726840973, "max": 181.318786621, "var": 877.876831055, "mean": 27.0703697205}, "barkbands_kurtosis": {"dmean2": 28.8583049774, "median": 5.27503490448, "min": -1.92116677761, "dvar2": 5946.90283203, "dvar": 2410.0078125, "dmean": 17.4132556915, "max": 1920.43115234, "var": 2955.72509766, "mean": 21.0884857178}, "gfcc": {"mean": [-41.6306419373, 58.3960914612, -82.3482894897, 33.6483764648, -47.2771453857, 13.758055687, -40.7478561401, 9.86305427551, -21.6702537537, 6.67432260513, -12.0723991394, 7.82557058334, -14.6064043045], "icov": [[0.000100723802461, -0.000165626071976, 8.29785421956e-05, -0.00021302899404, 0.000234976410866, -0.000173354332219, 0.000246471608989, -0.000247940217378, 0.000196090477402, -0.000424234487582, 0.000360992009519, -0.000367135944543, 0.00010998785001], [-0.000165626071976, 0.000889741699211, -0.000205368356546, 0.000686487590428, -0.000583697983529, 0.000747088401113, -0.000612772651948, 0.000660746940412, -0.000671725079883, 0.00129118235782, -0.00151885091327, 0.00134334980976, -0.000853734032717], [8.29785421956e-05, -0.000205368356546, 0.00113979540765, -0.000603017746471, 0.000556373503059, -0.000538693857379, 0.000203591407626, -9.21572136576e-05, 0.000100723380456, -0.000797539425548, 0.000764680793509, -0.00202338816598, -2.83555582428e-05], [-0.00021302899404, 0.000686487590428, -0.000603017746471, 0.00233662268147, -0.000981334829703, 0.00111796183046, -0.000701871351339, -0.000218549204874, -6.30468930467e-05, 0.000267568655545, -0.00158494734205, 0.00185450993013, -0.00230304524302], [0.000234976410866, -0.000583697983529, 0.000556373503059, -0.000981334829703, 0.00249455752783, -0.000962133286521, -9.29584166443e-06, -9.7306947282e-05, -0.000378312601242, -0.00142414541915, 0.000625453714747, -0.00158517737873, -0.000544856244233], [-0.000173354332219, 0.000747088401113, -0.000538693857379, 0.00111796183046, -0.000962133286521, 0.00308143207803, -0.00130641506985, 0.00110219372436, -0.00091319688363, -2.32532256632e-05, -0.00104087381624, -0.000339971942594, 0.000726037251297], [0.000246471608989, -0.000612772651948, 0.000203591407626, -0.000701871351339, -9.29584166443e-06, -0.00130641506985, 0.00380663201213, -0.00223415531218, 0.00197385856882, -0.00104696431663, 0.000351549562765, -0.000282443099422, -0.000551885052118], [-0.000247940217378, 0.000660746940412, -9.21572136576e-05, -0.000218549204874, -9.7306947282e-05, 0.00110219372436, -0.00223415531218, 0.0069070965983, -0.00416459096596, 0.00202807807364, -0.00158811034635, 4.58512295154e-05, 4.1419370973e-05], [0.000196090477402, -0.000671725079883, 0.000100723380456, -6.30468930467e-05, -0.000378312601242, -0.00091319688363, 0.00197385856882, -0.00416459096596, 0.00734623894095, -0.00223710015416, 0.000976781942882, -0.00112165254541, -0.00182182341814], [-0.000424234487582, 0.00129118235782, -0.000797539425548, 0.000267568655545, -0.00142414541915, -2.32532256632e-05, -0.00104696431663, 0.00202807807364, -0.00223710015416, 0.0102303912863, -0.00184545025695, 0.00308949803002, -0.000662012724206], [0.000360992009519, -0.00151885091327, 0.000764680793509, -0.00158494734205, 0.000625453714747, -0.00104087381624, 0.000351549562765, -0.00158811034635, 0.000976781942882, -0.00184545025695, 0.00881019048393, -0.00297512300313, 0.000636225217022], [-0.000367135944543, 0.00134334980976, -0.00202338816598, 0.00185450993013, -0.00158517737873, -0.000339971942594, -0.000282443099422, 4.58512295154e-05, -0.00112165254541, 0.00308949803002, -0.00297512300313, 0.0130504881963, -0.0029425737448], [0.00010998785001, -0.000853734032717, -2.83555582428e-05, -0.00230304524302, -0.000544856244233, 0.000726037251297, -0.000551885052118, 4.1419370973e-05, -0.00182182341814, -0.000662012724206, 0.000636225217022, -0.0029425737448, 0.0154179334641]], "cov": [[21393.7695312, 110.955047607, 559.587524414, 573.800170898, -1482.58740234, -28.4042415619, -1011.82562256, 152.19128418, -98.4912109375, 399.695800781, -477.919067383, 159.680740356, -91.6955795288], [110.955047607, 3851.70678711, -878.006469727, 116.694740295, 473.113067627, -775.675354004, 313.174499512, 140.879180908, 157.7787323, -271.135253906, 463.172973633, -267.501739502, 229.217453003], [559.587524414, -878.006469727, 1763.86425781, 251.287124634, -47.5490455627, 445.826416016, -9.68871307373, 36.5207595825, 78.2883758545, 161.650192261, -93.6923446655, 306.311981201, 43.5695610046], [573.800170898, 116.694740295, 251.287124634, 1225.64050293, 421.929138184, -208.208206177, 250.692642212, 268.796875, 151.133972168, 106.185913086, 167.075241089, -2.06694984436, 234.005432129], [-1482.58740234, 473.113067627, -47.5490455627, 421.929138184, 969.652038574, 105.288444519, 306.272918701, 148.394607544, 199.591079712, 73.5610198975, 177.48298645, 46.9646530151, 167.967224121], [-28.4042415619, -775.675354004, 445.826416016, -208.208206177, 105.288444519, 769.048095703, 72.2687835693, -60.7443275452, 20.6358127594, 114.408416748, -59.1184310913, 159.463272095, -62.5491294861], [-1011.82562256, 313.174499512, -9.68871307373, 250.692642212, 306.272918701, 72.2687835693, 525.488708496, 150.559768677, 36.0700645447, 14.2642946243, 127.213340759, 0.564354360104, 87.547203064], [152.19128418, 140.879180908, 36.5207595825, 268.796875, 148.394607544, -60.7443275452, 150.559768677, 325.459991455, 169.465881348, 5.13459682465, 83.5618896484, 26.5602149963, 81.4192199707], [-98.4912109375, 157.7787323, 78.2883758545, 151.133972168, 199.591079712, 20.6358127594, 36.0700645447, 169.465881348, 284.005493164, 40.5259780884, 54.3688163757, 41.8927879333, 80.1270828247], [399.695800781, -271.135253906, 161.650192261, 106.185913086, 73.5610198975, 114.408416748, 14.2642946243, 5.13459682465, 40.5259780884, 169.458740234, -10.8349733353, 25.235250473, 13.3309469223], [-477.919067383, 463.172973633, -93.6923446655, 167.075241089, 177.48298645, -59.1184310913, 127.213340759, 83.5618896484, 54.3688163757, -10.8349733353, 227.460693359, -3.58929634094, 63.1139984131], [159.680740356, -267.501739502, 306.311981201, -2.06694984436, 46.9646530151, 159.463272095, 0.564354360104, 26.5602149963, 41.8927879333, 25.235250473, -3.58929634094, 166.722686768, 16.404006958], [-91.6955795288, 229.217453003, 43.5695610046, 234.005432129, 167.967224121, -62.5491294861, 87.547203064, 81.4192199707, 80.1270828247, 13.3309469223, 63.1139984131, 16.404006958, 135.603729248]]}, "spectral_energyband_middle_low": {"dmean2": 0.0108613995835, "median": 0.00699817342684, "min": 2.67175425105e-22, "dvar2": 0.000214320956729, "dvar": 9.8219497886e-05, "dmean": 0.007289708592, "max": 0.13587282598, "var": 0.000209275211091, "mean": 0.0122922938317}, "melbands_crest": {"dmean2": 7.01488876343, "median": 17.9391059875, "min": 1.7175360918, "dvar2": 41.688533783, "dvar": 19.4609985352, "dmean": 4.64865446091, "max": 36.3298912048, "var": 76.8821029663, "mean": 19.1605224609}, "spectral_kurtosis": {"dmean2": 5.00739622116, "median": 2.94582223892, "min": -1.25231063366, "dvar2": 87.5369949341, "dvar": 35.9152259827, "dmean": 3.12609696388, "max": 161.190155029, "var": 43.6515579224, "mean": 4.32475948334}, "spectral_rms": {"dmean2": 0.00243457430042, "median": 0.00572793278843, "min": 3.19042015029e-12, "dvar2": 5.50096820007e-06, "dvar": 3.16871751238e-06, "dmean": 0.00166531756986, "max": 0.0140706924722, "var": 1.50989199028e-05, "mean": 0.00594874145463}, "zerocrossingrate": {"dmean2": 0.0462548173964, "median": 0.0556640625, "min": 0.001953125, "dvar2": 0.00217218883336, "dvar": 0.00193210400175, "dmean": 0.0385887362063, "max": 0.8974609375, "var": 0.009875619784, "mean": 0.0884039476514}, "silence_rate_60dB": {"dmean2": 0.147050336003, "median": 0, "min": 0, "dvar2": 0.140240594745, "dvar": 0.0681178197265, "dmean": 0.0735180899501, "max": 1, "var": 0.139331579208, "mean": 0.167324155569}, "erbbands_kurtosis": {"dmean2": 4.76629590988, "median": 0.0399072170258, "min": -1.93214058876, "dvar2": 308.08581543, "dvar": 125.41532135, "dmean": 2.90868496895, "max": 376.165893555, "var": 118.384368896, "mean": 2.20189785957}, "erbbands": {"dmean2": [1.02743506432, 6.26090621948, 3.96442723274, 4.58057069778, 9.21808433533, 13.338467598, 28.9085273743, 35.2035636902, 33.2906799316, 48.4025840759, 29.5014972687, 19.8905277252, 15.5674228668, 17.4145145416, 14.3899736404, 28.2094535828, 24.9084453583, 16.2216434479, 16.5945072174, 14.8839969635, 17.3218479156, 17.497045517, 17.3095874786, 14.7017736435, 19.7546749115, 18.619020462, 14.6744384766, 15.0017700195, 9.63194179535, 21.3334159851, 10.952958107, 7.5415892601, 5.59573507309, 4.41549873352, 5.9375872612, 4.59524106979, 1.94098949432, 0.176680073142, 0.0104866102338, 0.000242465059273], "median": [0.017593562603, 0.0786351636052, 0.662876904011, 2.39801597595, 2.20212697983, 1.99935925007, 5.06343078613, 5.04448413849, 4.53941059113, 2.88663864136, 1.69266891479, 1.23100244999, 1.35063266754, 1.4437867403, 2.04943084717, 2.34891653061, 2.15891718864, 2.34181499481, 2.72611832619, 3.10342001915, 3.92027711868, 4.47474002838, 4.00499725342, 3.20231056213, 3.62417387962, 2.82036781311, 1.58793818951, 1.19121181965, 1.39021027088, 2.3162753582, 1.44590640068, 0.983208239079, 0.738922953606, 0.450627595186, 0.238031283021, 0.12557259202, 0.0395493134856, 0.0047161495313, 0.000318855134537, 9.53689304879e-05], "min": [1.41879486325e-22, 1.53944158402e-21, 6.46390474988e-21, 3.09911940664e-20, 5.4428187038e-20, 4.80964490286e-20, 7.28577064622e-20, 5.38040501852e-20, 8.90297142854e-20, 2.24714832037e-19, 5.09109814692e-19, 8.20558307967e-19, 1.23859233189e-18, 5.31535921869e-19, 1.46044455032e-18, 2.00414964317e-18, 1.41167356782e-18, 3.04872800316e-18, 3.88947892725e-18, 3.93324133115e-18, 4.94511069497e-18, 3.63195154637e-18, 7.71353531267e-18, 1.20926236853e-17, 7.31407904152e-18, 1.18992751802e-17, 1.17119659207e-17, 1.24028048344e-17, 1.3640181004e-17, 1.34912669871e-17, 1.42473059311e-17, 1.2668411702e-17, 1.13820672673e-17, 1.03413905114e-17, 6.71717227662e-18, 4.28094091137e-18, 2.57275690496e-18, 1.03681444276e-18, 3.38734674292e-19, 3.28492097432e-20], "dvar2": [2.2025744915, 121.671089172, 68.5438995361, 41.1622810364, 415.959228516, 577.438354492, 3013.92211914, 5522.70751953, 9127.40917969, 15354.4785156, 7009.29101562, 4127.58544922, 2831.37890625, 2572.68164062, 1860.32128906, 3329.97583008, 3044.14624023, 1261.14794922, 1085.54370117, 1126.1998291, 1356.66503906, 1141.30493164, 1127.75598145, 887.057556152, 2643.55932617, 2726.26806641, 1451.80712891, 1689.64355469, 300.987304688, 768.107299805, 252.674575806, 109.11075592, 59.8238067627, 35.7266998291, 68.251914978, 43.8621025085, 8.07365989685, 0.0614668019116, 0.000211040256545, 9.9821157562e-08], "dvar": [1.18981671333, 48.6577682495, 26.3858699799, 17.5812664032, 161.854644775, 223.190292358, 1412.40075684, 2448.37426758, 3942.50073242, 6946.13183594, 3171.64306641, 2020.03112793, 1346.30493164, 1126.68518066, 848.58795166, 1292.43615723, 1255.75793457, 618.579833984, 507.50390625, 552.082824707, 583.34362793, 473.196838379, 500.899688721, 431.640960693, 1001.878479, 1089.23449707, 664.872741699, 679.579711914, 148.610168457, 333.240814209, 121.500961304, 51.7822189331, 26.6643638611, 14.9564495087, 26.5836963654, 16.7747516632, 3.06729960442, 0.0241109952331, 8.3923980128e-05, 3.98589001804e-08], "dmean": [0.680395781994, 3.67786455154, 2.3278670311, 2.98489046097, 5.75931882858, 7.73159265518, 19.049413681, 22.657579422, 21.5070648193, 31.2708721161, 19.4376239777, 13.1468677521, 10.1610050201, 10.7906980515, 9.15168476105, 16.2564201355, 15.0306663513, 10.8300828934, 10.95545578, 10.0999450684, 11.447022438, 11.3854169846, 11.4160385132, 9.76453971863, 12.2421531677, 11.9381570816, 9.56282424927, 9.15094184875, 6.13505935669, 12.890838623, 6.82311677933, 4.64386177063, 3.39610052109, 2.6485888958, 3.41491174698, 2.6208794117, 1.08308041096, 0.102559559047, 0.00616649910808, 0.000146346588735], "max": [6.99849796295, 42.9990921021, 45.9411773682, 71.6497192383, 147.044967651, 193.702163696, 589.814697266, 911.860351562, 1728.67687988, 1424.51171875, 1296.37524414, 1219.78405762, 985.217102051, 867.879699707, 1337.32861328, 823.672180176, 668.24786377, 756.818054199, 445.098876953, 756.218444824, 530.637512207, 289.930877686, 269.379821777, 250.988464355, 339.907073975, 320.662017822, 229.210250854, 225.999542236, 230.994384766, 216.581970215, 262.613891602, 152.239837646, 91.7975769043, 44.7548904419, 26.6198139191, 20.3839130402, 7.80958080292, 0.689405441284, 0.0479551739991, 0.00106266583316], "var": [3.93154430389, 71.1741027832, 24.813867569, 32.1163864136, 150.078292847, 207.687332153, 2707.9296875, 3571.5625, 4907.6953125, 9516.4765625, 4409.17138672, 3232.84057617, 1999.58581543, 1626.89001465, 1251.12805176, 1340.07714844, 1552.41711426, 1068.32019043, 711.114379883, 904.002868652, 759.457275391, 581.625061035, 618.48449707, 560.41229248, 839.292053223, 984.136230469, 690.231140137, 578.220703125, 229.497467041, 419.379760742, 203.862579346, 84.981590271, 45.4606933594, 19.908246994, 21.6763687134, 12.6377944946, 2.17257213593, 0.0191196203232, 6.91238456056e-05, 3.87687961734e-08], "mean": [1.38551926613, 5.31327104568, 2.53353524208, 4.56025981903, 6.69508457184, 7.3981051445, 25.8044929504, 27.5137958527, 24.8878536224, 34.7196922302, 22.0288887024, 15.4191761017, 12.5264406204, 12.5182962418, 10.7945432663, 15.046710968, 14.6658267975, 12.7187290192, 13.0923233032, 13.084277153, 14.0843372345, 13.7320451736, 13.5754594803, 11.7640695572, 12.6609258652, 12.3457317352, 9.59457492828, 7.97288751602, 6.62360620499, 12.2594718933, 7.16318225861, 4.81384420395, 3.4976952076, 2.49206733704, 2.53973913193, 1.8221077919, 0.710501015186, 0.072575725615, 0.00448289141059, 0.000159814822837]}, "spectral_strongpeak": {"dmean2": 0.73371130228, "median": 0.667368650436, "min": 0, "dvar2": 1.07680571079, "dvar": 0.44327300787, "dmean": 0.454008251429, "max": 8.05439186096, "var": 0.653871715069, "mean": 0.808939814568}, "spectral_energy": {"dmean2": 0.0367011353374, "median": 0.0336294434965, "min": 1.04332500688e-20, "dvar2": 0.0018205215456, "dvar": 0.00086238613585, "dmean": 0.0236888043582, "max": 0.202933996916, "var": 0.00262052053586, "mean": 0.0517484992743}, "average_loudness": 0.957824289799, "spectral_rolloff": {"dmean2": 3853.82617188, "median": 689.0625, "min": 21.533203125, "dvar2": 31188794, "dvar": 13078814, "dmean": 2131.37597656, "max": 21662.4023438, "var": 17012018, "mean": 2786.89599609}, "spectral_centroid": {"dmean2": 834.113464355, "median": 1308.93432617, "min": 52.0695610046, "dvar2": 1225943.625, "dvar": 539441.4375, "dmean": 554.596008301, "max": 11402.6591797, "var": 1371901.375, "mean": 1644.76708984}, "pitch_salience": {"dmean2": 0.174364164472, "median": 0.572303175926, "min": 0.013980736956, "dvar2": 0.0253739580512, "dvar": 0.0127580491826, "dmean": 0.109323747456, "max": 0.955505490303, "var": 0.0511895753443, "mean": 0.515675604343}, "spectral_energyband_middle_high": {"dmean2": 0.00280149350874, "median": 0.00134364259429, "min": 1.19159012407e-21, "dvar2": 2.55801478488e-05, "dvar": 1.21629655041e-05, "dmean": 0.00184723781422, "max": 0.040989857167, "var": 1.96895161935e-05, "mean": 0.00284343771636}, "spectral_contrast_coeffs": {"dmean2": [0.0999284908175, 0.0990860536695, 0.0686600506306, 0.0632634311914, 0.0534584783018, 0.0477546453476], "median": [-0.666736900806, -0.717583954334, -0.804325222969, -0.777433097363, -0.789379358292, -0.811571955681], "min": [-0.970085561275, -0.975627064705, -0.993243157864, -0.975627660751, -0.965290427208, -0.963443398476], "dvar2": [0.0077376854606, 0.00732690095901, 0.00343867368065, 0.00295114936307, 0.00228251004592, 0.00197821832262], "dvar": [0.00394380977377, 0.00380822829902, 0.00160013977438, 0.00124930718448, 0.00108616554644, 0.00105462572537], "dmean": [0.0652696937323, 0.0662242993712, 0.0444631613791, 0.0413203462958, 0.0367685854435, 0.0321054160595], "max": [-0.236051157117, -0.31725654006, -0.486387103796, -0.516196846962, -0.600990474224, -0.61953920126], "var": [0.0147661073133, 0.0158286634833, 0.0063737523742, 0.00504661304876, 0.00352169480175, 0.0028656735085], "mean": [-0.645022213459, -0.698433637619, -0.795907378197, -0.779231727123, -0.784160733223, -0.794947981834]}, "melbands_skewness": {"dmean2": 3.16165852547, "median": 3.24616909027, "min": -5.31705617905, "dvar2": 15.2670440674, "dvar": 7.24353408813, "dmean": 2.12201881409, "max": 37.9184150696, "var": 24.4169406891, "mean": 4.88825035095}, "spectral_spread": {"dmean2": 3682612.75, "median": 5699073, "min": 631928.0625, "dvar2": 16449972207600.0, "dvar": 7913138552830.0, "dmean": 2546866, "max": 42658444, "var": 13809818271700.0, "mean": 6662100.5}, "dissonance": {"dmean2": 0.0395446158946, "median": 0.46995472908, "min": 0.0627516508102, "dvar2": 0.00251430692151, "dvar": 0.00106953724753, "dmean": 0.0250997617841, "max": 0.500000238419, "var": 0.00229465891607, "mean": 0.454351454973}, "spectral_skewness": {"dmean2": 0.755091786385, "median": 1.34781444073, "min": -0.459741383791, "dvar2": 0.746026158333, "dvar": 0.300645977259, "dmean": 0.487426251173, "max": 11.4085893631, "var": 0.585738480091, "mean": 1.42735278606}, "spectral_flux": {"dmean2": 0.0869560390711, "median": 0.0991217419505, "min": 6.54309939563e-11, "dvar2": 0.00626494456083, "dvar": 0.0028549733106, "dmean": 0.0560986250639, "max": 0.367577731609, "var": 0.00587211083621, "mean": 0.112476430833}, "spectral_contrast_valleys": {"dmean2": [0.928595244884, 0.958186209202, 0.974380612373, 0.932540714741, 0.739495575428, 1.07924365997], "median": [-7.81440925598, -7.37173700333, -8.05468940735, -8.21067905426, -7.87536859512, -9.7984046936], "min": [-27.9600009918, -28.2978897095, -27.6135158539, -27.6131896973, -27.3510780334, -27.3039264679], "dvar2": [0.831766963005, 0.897517323494, 1.09034764767, 0.932908594608, 0.651601016521, 1.52484643459], "dvar": [0.488304466009, 0.445542603731, 0.471101462841, 0.454062879086, 0.387048065662, 0.824321627617], "dmean": [0.618126690388, 0.628884851933, 0.631024718285, 0.615554094315, 0.544453501701, 0.867195487022], "max": [-4.89384555817, -4.61542797089, -5.04655408859, -5.87554264069, -5.25457191467, -7.38837003708], "var": [3.6322581768, 2.71960759163, 2.26723790169, 2.17716503143, 2.46525406837, 3.26751971245], "mean": [-7.94194936752, -7.66559362411, -8.20867347717, -8.42958259583, -8.15172767639, -10.1347208023]}, "erbbands_flatness_db": {"dmean2": 0.0542818456888, "median": 0.144798561931, "min": 0.0138478241861, "dvar2": 0.0028155723121, "dvar": 0.00141358224209, "dmean": 0.0386543646455, "max": 0.518934249878, "var": 0.00381830357946, "mean": 0.15367616713}, "spectral_energyband_high": {"dmean2": 0.00294736865908, "median": 0.000468718062621, "min": 7.4473857436e-21, "dvar2": 1.40715701491e-05, "dvar": 6.36652885078e-06, "dmean": 0.00180642434862, "max": 0.0221835169941, "var": 8.12425241747e-06, "mean": 0.00179531751201}, "spectral_entropy": {"dmean2": 0.571871042252, "median": 7.64455795288, "min": 2.9389193058, "dvar2": 0.352188318968, "dvar": 0.178609773517, "dmean": 0.395659446716, "max": 9.81930828094, "var": 0.429068058729, "mean": 7.65449857712}, "silence_rate_20dB": {"dmean2": 0, "median": 1, "min": 1, "dvar2": 0, "dvar": 0, "dmean": 0, "max": 1, "var": 0, "mean": 1}, "melbands_flatness_db": {"dmean2": 0.082883387804, "median": 0.243223875761, "min": 0.00436522159725, "dvar2": 0.0062297899276, "dvar": 0.00329159479588, "dmean": 0.0570120289922, "max": 1, "var": 0.0147420857102, "mean": 0.248936519027}, "barkbands": {"dmean2": [0.000971603498328, 0.028700247407, 0.00186606938951, 0.00224500591867, 0.00403028633446, 0.00448848586529, 0.00295739481226, 0.0016735350946, 0.000832907797303, 0.000536895997357, 0.000399847398512, 0.000645221793093, 0.000514310842846, 0.000333699776093, 0.000331957067829, 0.000296571204672, 0.000330708135152, 0.000314262491884, 0.000355046300683, 0.000367220927728, 0.000401035416871, 0.000294210331049, 0.000572457793169, 0.000312022515573, 0.000650585163385, 0.000944021274336, 5.84944864386e-05], "median": [4.40776202595e-05, 0.000403853802709, 0.000354754069122, 0.000953869137447, 0.000675232498907, 0.000715567730367, 0.000215264895814, 7.00827877154e-05, 4.67972204206e-05, 4.45833