{"tonal": {"thpcp": [1, 0.948251783848, 0.726177930832, 0.549207985401, 0.508054614067, 0.505334913731, 0.483406573534, 0.462239146233, 0.443055570126, 0.437243193388, 0.423222333193, 0.373990893364, 0.332953393459, 0.465450257063, 0.935510933399, 0.914241969585, 0.427833616734, 0.295795559883, 0.350559949875, 0.42119410634, 0.415757924318, 0.346194595098, 0.314467012882, 0.312782466412, 0.281838774681, 0.283262610435, 0.291307479143, 0.25624075532, 0.453720629215, 0.6868019104, 0.484935969114, 0.283857017756, 0.301183283329, 0.302238076925, 0.374269872904, 0.703923344612], "hpcp": {"dmean2": [0.322782427073, 0.321533769369, 0.310707420111, 0.281043618917, 0.265839844942, 0.253548800945, 0.243418768048, 0.221602514386, 0.229946047068, 0.277617484331, 0.278880119324, 0.205438926816, 0.174077451229, 0.188763007522, 0.211496144533, 0.215173497796, 0.185347318649, 0.172046378255, 0.179126396775, 0.172554820776, 0.182356029749, 0.167076155543, 0.143391147256, 0.297489762306, 0.473610967398, 0.304921597242, 0.17163336277, 0.184115633368, 0.183238551021, 0.21490009129, 0.365361183882, 0.429412961006, 0.434799700975, 0.410774558783, 0.346345722675, 0.32448887825], "median": [0.0157885588706, 0.0133386375383, 0.01431193389, 0.0155642386526, 0.0142678115517, 0.0126511175185, 0.0118426270783, 0.010330401361, 0.0292738657445, 0.0930303707719, 0.0978064984083, 0.0430453196168, 0.0161327011883, 0.0161857530475, 0.015839766711, 0.0203564725816, 0.0218280442059, 0.0178863741457, 0.0160529930145, 0.0123511273414, 0.0109676951542, 0.013722576201, 0.0115381069481, 0.0148415900767, 0.0216492842883, 0.0236310437322, 0.0108643509448, 0.00899649225175, 0.00784478429705, 0.0177343264222, 0.0642495006323, 0.10659699887, 0.064337991178, 0.0265270806849, 0.0209860708565, 0.0179352723062], "min": [0, 0, 0, 0, 0, 0, 0, 0, 0, 0, 0, 0, 0, 0, 0, 0, 0, 0, 0, 0, 0, 0, 0, 0, 0, 0, 0, 0, 0, 0, 0, 0, 0, 0, 0, 0], "dvar2": [0.212348669767, 0.222098082304, 0.207345381379, 0.185673058033, 0.160556361079, 0.155528739095, 0.142518997192, 0.126848205924, 0.112975083292, 0.12012027204, 0.119064956903, 0.0909343734384, 0.0871675685048, 0.0935800597072, 0.123429439962, 0.117959678173, 0.0918149575591, 0.0845580995083, 0.0953965261579, 0.0982416570187, 0.118094556034, 0.0927551984787, 0.0722211003304, 0.123849906027, 0.339263230562, 0.128033965826, 0.0930110737681, 0.10168787837, 0.100000344217, 0.105690717697, 0.188400611281, 0.217190012336, 0.216622337699, 0.231888994575, 0.192240074277, 0.204922884703], "dvar": [0.0760186836123, 0.0793268457055, 0.0757691711187, 0.0669434219599, 0.0610476434231, 0.0603199414909, 0.0534932948649, 0.0467699989676, 0.0427432656288, 0.0478591173887, 0.0474822446704, 0.0331889055669, 0.0321296490729, 0.0353964716196, 0.0466647446156, 0.0441892556846, 0.0344834849238, 0.0321080982685, 0.0349025055766, 0.0352071970701, 0.0424516610801, 0.0336583591998, 0.027212370187, 0.0470270738006, 0.122657395899, 0.0485638380051, 0.0339982509613, 0.0382782444358, 0.0373530760407, 0.0399219878018, 0.0689114555717, 0.0825729891658, 0.0894934460521, 0.0921721160412, 0.0730262771249, 0.0759128406644], "dmean": [0.177680239081, 0.175580814481, 0.170341238379, 0.15501049161, 0.149152696133, 0.142254635692, 0.134310528636, 0.121143594384, 0.131104886532, 0.161882460117, 0.163469001651, 0.116115473211, 0.0981851667166, 0.109105654061, 0.119785808027, 0.121643893421, 0.105007112026, 0.097996391356, 0.101006187499, 0.0963481813669, 0.100794419646, 0.0948397964239, 0.0831868872046, 0.163105785847, 0.254310667515, 0.166549265385, 0.0951339453459, 0.102116368711, 0.10318236798, 0.120381496847, 0.20369271934, 0.246284708381, 0.247489362955, 0.232497707009, 0.191654741764, 0.178503647447], "max": [1, 1, 1, 1, 1, 1, 1, 1, 1, 1, 1, 1, 1, 1, 1, 1, 1, 1, 1, 1, 1, 1, 1, 1, 1, 1, 1, 1, 1, 1, 1, 1, 1, 1, 1, 1], "var": [0.0659823492169, 0.0644010305405, 0.0595631189644, 0.0543728657067, 0.0536744445562, 0.0533339716494, 0.0433246940374, 0.0356914252043, 0.0422069393098, 0.106151029468, 0.0986469835043, 0.0308749768883, 0.026593124494, 0.0349477306008, 0.0525960251689, 0.0463942065835, 0.0321212597191, 0.0302918981761, 0.0311944670975, 0.0286490302533, 0.0316882506013, 0.0262937042862, 0.0224187634885, 0.0411448180676, 0.0970296561718, 0.0445112250745, 0.0280577130616, 0.0329657532275, 0.0325719378889, 0.0367112308741, 0.0721361413598, 0.110237464309, 0.115794196725, 0.0946953445673, 0.066086858511, 0.0652313604951], "mean": [0.137668475509, 0.131694540381, 0.125927895308, 0.1207017079, 0.119118243456, 0.1152985394, 0.101886406541, 0.0907065495849, 0.126802697778, 0.254861414433, 0.249067112803, 0.116554789245, 0.0805836394429, 0.0955031141639, 0.114745989442, 0.113265007734, 0.0943138599396, 0.0856703072786, 0.0852113813162, 0.0767813920975, 0.0771692842245, 0.0793609470129, 0.069807715714, 0.123607195914, 0.187105566263, 0.13211119175, 0.0773312225938, 0.0820514187217, 0.0823387727141, 0.101962409914, 0.191769957542, 0.272430181503, 0.258332401514, 0.197832792997, 0.149620831013, 0.138409405947]}, "tuning_equal_tempered_deviation": 0.183021917939, "chords_changes_rate": 0.104467190802, "key_key": "C", "tuning_diatonic_strength": 0.574898779392, "key_scale": "minor", "chords_number_rate": 0.00162866443861, "tuning_frequency": 434.193115234, "tuning_nontempered_energy_ratio": 0.911759793758, "chords_histogram": [23.4527683258, 0.511865973473, 2.37319684029, 0.0930665433407, 0, 6.30525827408, 1.02373194695, 36.5518836975, 0.162866443396, 0.977198719978, 0, 0, 0.0232666358352, 0.0697999075055, 0.791065633297, 0, 0.279199630022, 0, 0, 0.139599815011, 0.651465773582, 0.628199160099, 21.7310371399, 4.23452758789], "key_strength": 0.655338168144, "chords_key": "C", "chords_strength": {"dmean2": 0.0146890142933, "median": 0.529913425446, "min": 0.233327567577, "dvar2": 0.000183171126992, "dvar": 0.000104195612948, "dmean": 0.0112774316221, "max": 0.720629036427, "var": 0.00592828169465, "mean": 0.512804925442}, "chords_scale": "major", "hpcp_entropy": {"dmean2": 1.17516362667, "median": 1.87201440334, "min": 0, "dvar2": 0.890436649323, "dvar": 0.363431125879, "dmean": 0.69922298193, "max": 4.70191717148, "var": 0.650595486164, "mean": 1.98915016651}}, "metadata": {"audio_properties": {"equal_loudness": 0, "codec": "mp3", "downmix": "mix", "sample_rate": 44100, "analysis_sample_rate": 44100, "bit_rate": 192000, "md5_encoded": "c6b468a1bf9507bd86570faace3e13b3", "length": 199.5493927, "replay_gain": -15.1429462433, "lossless": false}, "version": {"essentia_build_sha": "70f2e5ece6736b2c40cc944ad0e695b16b925413", "essentia": "2.1-beta2", "extractor": "music 1.0", "essentia_git_sha": "v2.1_beta2"}, "tags": {"title": ["True MC's"], "releasedate": ["2003"], "albumartist": ["Panjabi MC"], "date": ["2003"], "file_name": "11 True MC's.mp3", "musicip_puid": ["ad8fd197-b7a5-23f2-bf92-22b4752f4426"], "musicbrainz_recordingid": ["10e7362c-ee00-410d-bf0c-95f104cefed9"], "taggingdate": ["2007-07-25T14:33:37"], "musicbrainz album status": ["official"], "musicbrainz_albumartistid": ["fbab6da8-e1e4-4927-b669-502a6e37a8d6"], "musicbrainz_albumid": ["5463d27c-e4fb-45cc-a2a2-ea3fd0858f93"], "artist": ["Panjabi MC"], "tracknumber": ["11/14"], "artistsort": ["Panjabi MC"], "album": ["The Album"], "musicbrainz album release country": ["XU"], "albumartistsort": ["Panjabi MC"], "musicbrainz album type": ["album"], "musicbrainz_artistid": ["fbab6da8-e1e4-4927-b669-502a6e37a8d6"]}}, "rhythm": {"bpm_histogram_first_peak_bpm": {"dmean2": 0, "median": 86, "min": 86, "dvar2": 0, "dvar": 0, "dmean": 0, "max": 86, "var": 0, "mean": 86}, "bpm": 85.7236099243, "bpm_histogram_second_peak_spread": {"dmean2": 0, "median": 0.5, "min": 0.5, "dvar2": 0, "dvar": 0, "dmean": 0, "max": 0.5, "var": 0, "mean": 0.5}, "bpm_histogram_first_peak_weight": {"dmean2": 0, "median": 0.968197882175, "min": 0.968197882175, "dvar2": 0, "dvar": 0, "dmean": 0, "max": 0.968197882175, "var": 0, "mean": 0.968197882175}, "onset_rate": 3.92355513573, "beats_position": [0.731428563595, 1.49768710136, 2.2523355484, 3.01859402657, 3.7732424736, 4.48145103455, 5.18965959549, 5.89786815643, 6.59446716309, 7.2910656929, 7.98766422272, 8.6958732605, 9.4040813446, 10.1006803513, 10.7972784042, 11.4938774109, 12.1904764175, 12.8870744705, 13.5836734772, 14.2918815613, 15.0000905991, 15.696688652, 16.3932876587, 17.0898857117, 17.786485672, 18.4946937561, 19.1912918091, 19.8878898621, 20.5960998535, 21.2926979065, 21.9892959595, 22.6858959198, 23.3824939728, 24.0907020569, 24.7989120483, 25.4955101013, 26.1921081543, 26.8887062073, 27.5853061676, 28.2819042206, 28.9785022736, 29.686712265, 30.3949203491, 31.0915184021, 31.7881164551, 32.4847145081, 33.1929244995, 33.901134491, 34.5977325439, 35.2943305969, 35.9909286499, 36.6875267029, 37.3841247559, 38.0923347473, 38.7889328003, 39.4855308533, 40.1937408447, 40.8903388977, 41.5869369507, 42.2835350037, 42.9801368713, 43.6883430481, 44.3965530396, 45.0931510925, 45.7897491455, 46.4863471985, 47.1829452515, 47.8911552429, 48.5993652344, 49.3075714111, 49.9925613403, 50.6891593933, 51.3857574463, 52.0823554993, 52.7789573669, 53.4755554199, 54.1837615967, 54.8803634644, 55.5885696411, 56.2851676941, 56.9817695618, 57.6783676147, 58.3749656677, 59.0831718445, 59.7913818359, 60.4879798889, 61.1845779419, 61.8811798096, 62.5777778625, 63.2743759155, 63.9825820923, 64.67918396, 65.3873901367, 66.0839920044, 66.7805862427, 67.4771881104, 68.1737823486, 68.8819961548, 69.5902023315, 70.2868041992, 70.9833984375, 71.6800003052, 72.3765945435, 73.0848083496, 73.7814025879, 74.4780044556, 75.1862106323, 75.8828125, 76.5794067383, 77.276008606, 77.9726028442, 78.6808166504, 79.3890228271, 80.0856246948, 80.7822189331, 81.4788208008, 82.1754150391, 82.8720169067, 83.5686187744, 84.2768249512, 84.9850311279, 85.6816329956, 86.3782272339, 87.0748291016, 87.7714233398, 88.479637146, 89.1878433228, 89.8844451904, 90.5810394287, 91.2776412964, 91.9742355347, 92.6708374023, 93.36743927, 94.0756454468, 94.7838516235, 95.4804534912, 96.1770477295, 96.8736495972, 97.5702438354, 98.2668457031, 98.9750518799, 99.683265686, 100.379859924, 101.076461792, 101.77305603, 102.481269836, 103.189476013, 103.886077881, 104.582672119, 105.279273987, 105.975868225, 106.672470093, 107.36907196, 108.077278137, 108.785484314, 109.482086182, 110.17868042, 110.875282288, 111.571876526, 112.268478394, 112.965080261, 113.673286438, 114.381492615, 115.078094482, 115.774688721, 116.471290588, 117.167892456, 117.876098633, 118.572692871, 119.269294739, 119.977500916, 120.674102783, 121.370697021, 122.067298889, 122.763900757, 123.472106934, 124.18031311, 124.86530304, 125.573509216, 126.270111084, 126.966712952, 127.674919128, 128.371520996, 129.068115234, 129.776321411, 130.472915649, 131.169525146, 131.866119385, 132.574325562, 133.282531738, 133.979141235, 134.687347412, 135.372329712, 136.068939209, 136.765533447, 137.473739624, 138.181945801, 138.878540039, 139.575149536, 140.271743774, 140.968338013, 141.66494751, 142.361541748, 143.069747925, 143.777954102, 144.47454834, 145.171157837, 145.867752075, 146.564346313, 147.260955811, 147.957550049, 148.665756226, 149.373962402, 150.070556641, 150.767166138, 151.463760376, 152.160354614, 152.86857605, 153.576782227, 154.273376465, 154.969970703, 155.6665802, 156.363174438, 157.082992554, 157.779586792, 158.487792969, 159.172790527, 159.869384766, 160.565979004, 161.262588501, 161.970794678, 162.679000854, 163.375595093, 164.072189331, 164.768798828, 165.465393066, 166.161987305, 166.858596802, 167.55519104, 168.263397217, 168.971603394, 169.668212891, 170.364807129, 171.061401367, 171.757995605, 172.466217041, 173.174423218, 173.871017456, 174.567611694, 175.264221191, 175.96081543, 176.657409668, 177.354003906, 178.062225342, 178.770431519, 179.467025757, 180.163619995, 180.860229492, 181.55682373, 182.253417969, 182.950012207, 183.658233643, 184.366439819, 185.063034058, 185.759628296, 186.456237793, 187.152832031, 187.84942627, 188.557632446, 189.265853882, 189.96244812, 190.659042358, 191.355636597, 192.052246094, 192.748840332, 193.457046509, 194.165252686, 194.861862183, 195.558456421, 196.255050659, 196.951644897, 197.648254395, 198.356460571, 199.064666748], "beats_loudness": {"dmean2": 0.0799440816045, "median": 0.0424164123833, "min": 7.55616838433e-07, "dvar2": 0.00350890890695, "dvar": 0.00104376114905, "dmean": 0.0427120998502, "max": 0.155971333385, "var": 0.00133942370303, "mean": 0.0539361648262}, "danceability": 1.30910742283, "bpm_histogram_second_peak_weight": {"dmean2": 0, "median": 0.00706713786349, "min": 0.00706713786349, "dvar2": 0, "dvar": 0, "dmean": 0, "max": 0.00706713786349, "var": 0, "mean": 0.00706713786349}, "beats_count": 284, "bpm_histogram_second_peak_bpm": {"dmean2": 0, "median": 78, "min": 78, "dvar2": 0, "dvar": 0, "dmean": 0, "max": 78, "var": 0, "mean": 78}, "bpm_histogram_first_peak_spread": {"dmean2": 0, "median": 0.0179211497307, "min": 0.0179211497307, "dvar2": 0, "dvar": 0, "dmean": 0, "max": 0.0179211497307, "var": 0, "mean": 0.0179211497307}, "beats_loudness_band_ratio": {"dmean2": [1.27827227116, 0.213737279177, 0.329466342926, 0.219029739499, 0.539080798626, 0.281761437654], "median": [0.336213290691, 0.066465832293, 0.11733135581, 0.0742576047778, 0.0805735141039, 0.099558994174], "min": [0.000337093486451, 0.000457867252408, 0.00111980782822, 0.000565942027606, 2.46806848736e-05, 0.000224438525038], "dvar2": [0.210903540254, 0.0279314313084, 0.0644349828362, 0.0278793592006, 0.0247955583036, 0.0191264022142], "dvar": [0.0596598908305, 0.01171748247, 0.0220808424056, 0.00925449933857, 0.00748967472464, 0.00661780266091], "dmean": [0.645478606224, 0.112717606127, 0.178990244865, 0.114595808089, 0.269676446915, 0.142911195755], "max": [0.994158089161, 0.880737543106, 0.892082512379, 0.674777090549, 0.486629217863, 0.836848855019], "var": [0.137267783284, 0.0150915095583, 0.0249549504369, 0.00912831537426, 0.0218313019723, 0.00924732442945], "mean": [0.462694942951, 0.0988952741027, 0.144777670503, 0.0857437551022, 0.145075917244, 0.0979032367468]}}, "lowlevel": {"barkbands_spread": {"dmean2": 11.3843698502, "median": 14.0287799835, "min": 0.511943042278, "dvar2": 229.944732666, "dvar": 105.876014709, "dmean": 7.5951924324, "max": 133.976791382, "var": 240.4503479, "mean": 18.6849460602}, "melbands_spread": {"dmean2": 13.9407587051, "median": 13.3673534393, "min": 0.439794033766, "dvar2": 415.54385376, "dvar": 205.653762817, "dmean": 9.21190738678, "max": 196.297897339, "var": 554.50604248, "mean": 21.69962883}, "hfc": {"dmean2": 10.2858552933, "median": 10.8247594833, "min": 1.07344088359e-16, "dvar2": 330.037689209, "dvar": 156.999313354, "dmean": 7.40837001801, "max": 145.809585571, "var": 328.830932617, "mean": 16.0101242065}, "barkbands_kurtosis": {"dmean2": 12.8352527618, "median": 3.63592338562, "min": -1.91644275188, "dvar2": 815.257263184, "dvar": 338.588165283, "dmean": 8.16326141357, "max": 421.292510986, "var": 456.434143066, "mean": 10.4539785385}, "gfcc": {"mean": [-40.6815795898, 94.5989608765, -111.301742554, 31.4187202454, -54.8362312317, 19.3562488556, -27.3734912872, 13.626490593, -14.9070796967, 12.5229101181, -15.1933641434, 5.23746156693, -13.9428720474], "icov": [[0.000145555153722, -0.000178223286639, 0.000113082962343, -0.000176277171704, 0.000238504231675, -0.000228086544666, 0.000247479911195, -0.000375672854716, 0.000295265344903, -0.000398211792344, 0.000359798577847, -0.000417366216425, 0.000235979867284], [-0.000178223286639, 0.00208868156187, -0.00065497297328, 0.00141051318496, -0.00133208790794, 0.0014545613667, -0.00153372692876, 0.00219665234908, -0.00181155826431, 0.00210127979517, -0.0022215929348, 0.0019986408297, -0.00161043473054], [0.000113082962343, -0.00065497297328, 0.00153540365864, -0.000892053940333, -8.38809501147e-05, -0.000618663383648, 0.000929216854274, -0.00122844974976, 0.000384079030482, -0.000531990081072, 0.00152659812011, -0.00202520540915, 0.00111054291483], [-0.000176277171704, 0.00141051318496, -0.000892053940333, 0.00345662026666, -0.00161415664479, 0.00174831761979, -0.0017257463187, 0.00132040760946, 1.57956419571e-05, 0.000211682156078, -0.0018106099451, 0.00266151945107, -0.00200594984926], [0.000238504231675, -0.00133208790794, -8.38809501147e-05, -0.00161415664479, 0.00489500816911, -0.00316816009581, 0.00132744945586, -0.00139996630605, 0.000955182069447, -0.00101458106656, -1.39108424264e-05, -0.000168321159435, 3.78226577595e-05], [-0.000228086544666, 0.0014545613667, -0.000618663383648, 0.00174831761979, -0.00316816009581, 0.00692576449364, -0.00344780576415, 0.000905819411855, -0.00155584316235, 8.17086183815e-05, -0.000759176327847, 0.000865017413162, 7.09459754944e-06], [0.000247479911195, -0.00153372692876, 0.000929216854274, -0.0017257463187, 0.00132744945586, -0.00344780576415, 0.00589660787955, -0.00405602157116, 0.0021524457261, -0.00167780881748, 0.000468428712338, -0.000281786895357, -0.000990564236417], [-0.000375672854716, 0.00219665234908, -0.00122844974976, 0.00132040760946, -0.00139996630605, 0.000905819411855, -0.00405602157116, 0.0121236536652, -0.00497857481241, 0.00206819246523, -0.00163919990882, 0.00119996839203, -0.000744328950532], [0.000295265344903, -0.00181155826431, 0.000384079030482, 1.57956419571e-05, 0.000955182069447, -0.00155584316235, 0.0021524457261, -0.00497857481241, 0.00833257380873, -0.00402392726392, -0.000556697661523, 0.000510395038873, -0.000615116616245], [-0.000398211792344, 0.00210127979517, -0.000531990081072, 0.000211682156078, -0.00101458106656, 8.17086183815e-05, -0.00167780881748, 0.00206819246523, -0.00402392726392, 0.0122268665582, -0.00236689834855, -0.00133522425313, 0.000458644120954], [0.000359798577847, -0.0022215929348, 0.00152659812011, -0.0018106099451, -1.39108424264e-05, -0.000759176327847, 0.000468428712338, -0.00163919990882, -0.000556697661523, -0.00236689834855, 0.0137273622677, -0.0051372400485, -0.000723963778], [-0.000417366216425, 0.0019986408297, -0.00202520540915, 0.00266151945107, -0.000168321159435, 0.000865017413162, -0.000281786895357, 0.00119996839203, 0.000510395038873, -0.00133522425313, -0.0051372400485, 0.0172984730452, -0.00454226695001], [0.000235979867284, -0.00161043473054, 0.00111054291483, -0.00200594984926, 3.78226577595e-05, 7.09459754944e-06, -0.000990564236417, -0.000744328950532, -0.000615116616245, 0.000458644120954, -0.000723963778, -0.00454226695001, 0.0168689470738]], "cov": [[10631.78125, -1205.74365234, -15.788687706, 33.5095062256, -582.737731934, -9.42794036865, -359.521636963, 80.095451355, -342.682739258, 299.870025635, -331.07208252, 242.940567017, -244.521270752], [-1205.74365234, 1822.14453125, -50.8619804382, -227.293395996, 306.487518311, -12.7111310959, 216.068893433, -43.336265564, 276.536773682, -168.312179565, 241.658187866, -104.091178894, 174.239242554], [-15.788687706, -50.8619804382, 1046.28137207, 153.350860596, 154.341659546, 80.6911392212, -62.886592865, 65.4913482666, 3.33079957962, 43.0921516418, -57.0181350708, 71.9294052124, -40.591632843], [33.5095062256, -227.293395996, 153.350860596, 571.188171387, 141.878189087, 33.1059799194, 125.209655762, 26.7611064911, -59.9032440186, 41.3741569519, 19.4890956879, -22.9577636719, 35.2052268982], [-582.737731934, 306.487518311, 154.341659546, 141.878189087, 461.665527344, 207.346969604, 160.616928101, 66.0616149902, 83.8954162598, 19.1955623627, 81.6453857422, -23.3520965576, 55.0993995667], [-9.42794036865, -12.7111310959, 80.6911392212, 33.1059799194, 207.346969604, 353.439575195, 214.728912354, 101.2866745, 74.8685836792, 63.0567703247, 34.3972015381, 3.89073038101, 17.5472202301], [-359.521636963, 216.068893433, -62.886592865, 125.209655762, 160.616928101, 214.728912354, 450.775268555, 124.583747864, 70.1619720459, 32.175327301, 81.8119659424, -26.5323200226, 74.253288269], [80.095451355, -43.336265564, 65.4913482666, 26.7611064911, 66.0616149902, 101.2866745, 124.583747864, 170.239028931, 86.1487426758, 38.4468574524, 22.2231750488, 6.75796890259, 13.1192264557], [-342.682739258, 276.536773682, 3.33079957962, -59.9032440186, 83.8954162598, 74.8685836792, 70.1619720459, 86.1487426758, 257.960876465, 40.409866333, 73.1639556885, -10.5946407318, 40.1479721069], [299.870025635, -168.312179565, 43.0921516418, 41.3741569519, 19.1955623627, 63.0567703247, 32.175327301, 38.4468574524, 40.409866333, 139.418807983, 9.14831638336, 30.325838089, -8.42260932922], [-331.07208252, 241.658187866, -57.0181350708, 19.4890956879, 81.6453857422, 34.3972015381, 81.8119659424, 22.2231750488, 73.1639556885, 9.14831638336, 141.089080811, 6.76952123642, 49.6573066711], [242.940567017, -104.091178894, 71.9294052124, -22.9577636719, -23.3520965576, 3.89073038101, -26.5323200226, 6.75796890259, -10.5946407318, 30.325838089, 6.76952123642, 91.4346618652, 1.68983304501], [-244.521270752, 174.239242554, -40.591632843, 35.2052268982, 55.0993995667, 17.5472202301, 74.253288269, 13.1192264557, 40.1479721069, -8.42260932922, 49.6573066711, 1.68983304501, 95.2813034058]]}, "spectral_energyband_middle_low": {"dmean2": 0.00832026731223, "median": 0.00454854778945, "min": 1.72077876949e-22, "dvar2": 0.0001679839188, "dvar": 7.60359034757e-05, "dmean": 0.00556171126664, "max": 0.0886343866587, "var": 0.00016869144747, "mean": 0.0104507999495}, "melbands_crest": {"dmean2": 6.85291671753, "median": 18.0866127014, "min": 1.78773832321, "dvar2": 35.7484207153, "dvar": 16.1860980988, "dmean": 4.3156709671, "max": 34.9997901917, "var": 66.9738922119, "mean": 18.681848526}, "spectral_kurtosis": {"dmean2": 3.20068597794, "median": 4.44395160675, "min": -1.2432320118, "dvar2": 12.0326957703, "dvar": 5.26380062103, "dmean": 2.06975412369, "max": 39.7293128967, "var": 14.6297540665, "mean": 5.36348772049}, "spectral_rms": {"dmean2": 0.00152550952043, "median": 0.00472000055015, "min": 3.16378000187e-12, "dvar2": 2.51583287536e-06, "dvar": 1.07008372652e-06, "dmean": 0.00101105985232, "max": 0.0132337287068, "var": 5.23210837855e-06, "mean": 0.00474698282778}, "zerocrossingrate": {"dmean2": 0.0161476600915, "median": 0.03857421875, "min": 0.00244140625, "dvar2": 0.000465289136628, "dvar": 0.000419853604399, "dmean": 0.0151624567807, "max": 0.521484375, "var": 0.00265347328968, "mean": 0.0537928007543}, "silence_rate_60dB": {"dmean2": 0.0521354600787, "median": 0, "min": 0, "dvar2": 0.054303213954, "dvar": 0.0253873206675, "dmean": 0.0260646957904, "max": 1, "var": 0.0811810046434, "mean": 0.0891215801239}, "erbbands_kurtosis": {"dmean2": 3.37329339981, "median": 0.410700798035, "min": -1.82373046875, "dvar2": 40.1296348572, "dvar": 17.8507442474, "dmean": 2.18625664711, "max": 90.8258743286, "var": 30.6832389832, "mean": 2.08021497726}, "erbbands": {"dmean2": [0.45430290699, 2.03441095352, 2.02153086662, 5.25973176956, 7.02484083176, 6.65683174133, 6.12913370132, 13.2929296494, 51.0088768005, 58.2197570801, 39.7376213074, 34.08984375, 21.0278167725, 19.9956626892, 25.5810546875, 18.7662754059, 16.7638320923, 25.5820178986, 21.230381012, 23.8171195984, 14.9384050369, 12.2831487656, 14.2080440521, 14.398229599, 11.1801252365, 14.1490049362, 10.677816391, 9.32153701782, 5.34179830551, 3.65626955032, 2.33956074715, 1.50559818745, 0.656441390514, 0.533976078033, 0.609029948711, 0.310036361217, 0.108013026416, 0.00950552336872, 0.000172421670868, 2.4210090487e-05], "median": [0.0854655504227, 0.643320977688, 0.515349388123, 0.938264548779, 1.18105506897, 1.49105989933, 1.19937050343, 1.70809340477, 3.26603960991, 13.4821872711, 6.64703416824, 3.2292432785, 2.78456616402, 3.43296933174, 18.3321323395, 4.34028911591, 2.44507646561, 9.48522949219, 4.14413118362, 2.72853541374, 3.68240237236, 4.30693912506, 2.5138926506, 1.34825849533, 1.46617686749, 1.4435557127, 1.20099508762, 1.04608333111, 0.847803294659, 1.03767204285, 0.557760953903, 0.271892845631, 0.125211909413, 0.0684574395418, 0.0597549155354, 0.0285692326725, 0.00769422529265, 0.000617000740021, 3.08038761432e-05, 3.26174158545e-05], "min": [1.57771322764e-22, 2.04353193185e-21, 1.07672589762e-20, 1.80261267039e-20, 4.21709342483e-20, 5.59653535724e-20, 1.07458141573e-19, 1.50240181348e-19, 2.71935988268e-19, 3.67295618181e-19, 5.2525803461e-19, 4.44309571179e-19, 5.51676477315e-19, 8.63076942415e-19, 1.72690144931e-18, 1.35662604222e-18, 1.94255033013e-18, 4.12939646007e-18, 3.93006123528e-18, 5.16831214838e-18, 4.5702820722e-18, 5.4894393786e-18, 6.27673954587e-18, 9.02579118004e-18, 1.00060531455e-17, 8.89075394504e-18, 1.31980628928e-17, 1.19207032939e-17, 1.20745142201e-17, 1.23476831728e-17, 1.32567695552e-17, 1.29570638213e-17, 1.27037893896e-17, 6.69852721202e-18, 8.52925947374e-18, 5.17661580096e-18, 2.96120691768e-18, 1.19177122088e-18, 2.45576533881e-19, 2.81451273037e-20], "dvar2": [0.617668569088, 15.3214902878, 21.5644836426, 148.04977417, 193.438613892, 225.409835815, 287.710662842, 1173.04724121, 16453.7734375, 27709.859375, 16211.0126953, 12614.9638672, 4418.18896484, 4460.15966797, 2376.36523438, 2781.99243164, 1712.46704102, 3363.46655273, 4406.37695312, 7111.56298828, 1832.67456055, 1094.60144043, 2162.82348633, 1822.7220459, 754.400817871, 858.030883789, 476.813537598, 328.898101807, 124.749534607, 54.673915863, 28.4533309937, 21.6683998108, 3.75204443932, 3.50485301018, 2.08198285103, 0.639455974102, 0.074349373579, 0.000533856800757, 1.62069468956e-07, 8.68260741083e-10], "dvar": [0.29676052928, 6.92457866669, 8.11765956879, 57.632900238, 92.9744873047, 118.343765259, 123.208282471, 526.423522949, 7381.0390625, 11348.2509766, 6947.21191406, 5276.82617188, 2041.94299316, 2078.38549805, 1116.70458984, 1096.14526367, 751.99395752, 1301.01623535, 1826.02661133, 2731.13452148, 752.352661133, 527.266662598, 997.540283203, 857.650817871, 363.261016846, 366.728210449, 214.322647095, 171.547073364, 56.2779884338, 25.7906150818, 12.556137085, 8.83885955811, 1.56146836281, 1.51131844521, 0.988771796227, 0.345106720924, 0.0379800759256, 0.000262171874056, 8.22175820758e-08, 3.9807435126e-10], "dmean": [0.296648204327, 1.26059567928, 1.20932149887, 3.14674925804, 4.58557701111, 4.40807199478, 3.7616610527, 8.47717189789, 32.7147636414, 36.3733291626, 25.1852703094, 21.7943878174, 14.2900047302, 13.4119091034, 17.4528217316, 11.8285961151, 10.725933075, 15.8629150391, 13.5244560242, 14.2828416824, 9.26467704773, 8.16058254242, 9.66712379456, 9.77994155884, 7.81457471848, 8.93382453918, 7.28853273392, 6.52607154846, 3.69632577896, 2.53616118431, 1.59723722935, 0.995404362679, 0.439209282398, 0.352609336376, 0.399684309959, 0.213569059968, 0.073305465281, 0.00627687899396, 0.000116261202493, 1.63059485203e-05], "max": [6.59316492081, 31.1300487518, 27.3341388702, 106.927474976, 235.796295166, 301.576690674, 277.324249268, 404.637145996, 1232.89941406, 1629.17956543, 1649.74487305, 1437.08557129, 1127.18249512, 1264.40795898, 708.77923584, 508.92855835, 707.460449219, 545.825561523, 589.931213379, 630.666809082, 409.468566895, 359.426635742, 615.704467773, 420.636474609, 399.163360596, 198.850601196, 112.018592834, 110.590003967, 96.657913208, 124.297668457, 92.044631958, 69.5326156616, 46.4625205994, 45.5897254944, 35.491153717, 23.8997650146, 4.61345815659, 0.350783586502, 0.00622371211648, 0.000423389807111], "var": [0.661993265152, 9.90280818939, 7.75265789032, 52.3931045532, 201.684921265, 245.468734741, 152.930099487, 786.718566895, 11756.9951172, 13364.4169922, 8017.98535156, 6272.85107422, 5527.72851562, 3550.39355469, 2658.28662109, 1624.14611816, 1327.9050293, 1942.45825195, 1981.39123535, 2565.11572266, 1066.31945801, 862.353149414, 1360.55334473, 1276.21447754, 592.71295166, 501.117614746, 307.296325684, 309.586517334, 81.2481536865, 43.8908195496, 19.1074523926, 11.3845949173, 2.21374177933, 2.20182323456, 1.90521264076, 0.758340358734, 0.0766279995441, 0.000488545687404, 1.65517761275e-07, 1.22446552897e-09], "mean": [0.535286426544, 1.80195558071, 1.43161606789, 3.21664428711, 6.4377207756, 6.20813369751, 4.57046318054, 10.7480897903, 40.5748023987, 44.6608505249, 29.4368724823, 26.36287117, 22.6026077271, 18.9576416016, 34.7683296204, 16.5194149017, 14.7117052078, 25.0215873718, 16.7156867981, 15.3751544952, 12.9885940552, 13.2636146545, 12.2902936935, 11.8679637909, 9.97833824158, 10.585899353, 9.04569244385, 9.25680828094, 4.74993038177, 3.74185538292, 2.25683403015, 1.33634769917, 0.597901523113, 0.462958455086, 0.512438893318, 0.2866769135, 0.0935228988528, 0.00744783086702, 0.000155534769874, 4.0352155338e-05]}, "spectral_strongpeak": {"dmean2": 0.740904033184, "median": 0.42693194747, "min": 0, "dvar2": 1.15692031384, "dvar": 0.471836268902, "dmean": 0.444166272879, "max": 7.29609775543, "var": 0.81951636076, "mean": 0.782367765903}, "spectral_energy": {"dmean2": 0.0177975352854, "median": 0.0228353664279, "min": 1.02597416651e-20, "dvar2": 0.000503584975377, "dvar": 0.000213064806303, "dmean": 0.0115955155343, "max": 0.179509878159, "var": 0.000596531201154, "mean": 0.0284601394087}, "average_loudness": 0.921230912209, "spectral_rolloff": {"dmean2": 1004.05914307, "median": 645.99609375, "min": 64.599609375, "dvar2": 3346429.5, "dvar": 1614729.5, "dmean": 617.77947998, "max": 19466.015625, "var": 3758158.75, "mean": 1367.10839844}, "spectral_centroid": {"dmean2": 544.225769043, "median": 1064.95300293, "min": 208.240875244, "dvar2": 450854.84375, "dvar": 237548.96875, "dmean": 367.929046631, "max": 11362.2451172, "var": 811948.25, "mean": 1332.09423828}, "pitch_salience": {"dmean2": 0.147606223822, "median": 0.472514867783, "min": 0.0484706349671, "dvar2": 0.0162312611938, "dvar": 0.00782187283039, "dmean": 0.0934647768736, "max": 0.860006690025, "var": 0.0296020712703, "mean": 0.469185858965}, "spectral_energyband_middle_high": {"dmean2": 0.0028188819997, "median": 0.00159417686518, "min": 1.37327632684e-21, "dvar2": 4.59253424197e-05, "dvar": 2.06732365768e-05, "dmean": 0.00200158171356, "max": 0.0572326593101, "var": 3.97003132093e-05, "mean": 0.00381232402287}, "spectral_contrast_coeffs": {"dmean2": [0.0922935754061, 0.098811969161, 0.0676695555449, 0.0520409308374, 0.043598741293, 0.0437839776278], "median": [-0.695020735264, -0.701889753342, -0.747753441334, -0.786755621433, -0.79694890976, -0.744211554527], "min": [-0.972414135933, -0.971916139126, -0.970844686031, -0.968345463276, -0.965109884739, -0.962600827217], "dvar2": [0.00590687431395, 0.00662589492276, 0.00308666098863, 0.00172039156314, 0.00151057727635, 0.00164203066379], "dvar": [0.00240789237432, 0.00301803299226, 0.0013197864173, 0.000753666623496, 0.000605656125117, 0.000756730267312], "dmean": [0.0571768954396, 0.0635189712048, 0.0431131497025, 0.0329870730639, 0.027186177671, 0.0287254806608], "max": [-0.215358778834, -0.299351096153, -0.459854245186, -0.593512952328, -0.638909459114, -0.586576342583], "var": [0.0100304922089, 0.00981426052749, 0.0054281828925, 0.00273355096579, 0.00168726267293, 0.00297104916535], "mean": [-0.678449630737, -0.691301524639, -0.744620800018, -0.781222939491, -0.792884647846, -0.741415679455]}, "melbands_skewness": {"dmean2": 1.95224702358, "median": 2.4284825325, "min": -2.86578035355, "dvar2": 5.25713634491, "dvar": 2.4338657856, "dmean": 1.29210793972, "max": 20.4297637939, "var": 8.23468780518, "mean": 3.21269059181}, "spectral_spread": {"dmean2": 1049826.75, "median": 4040275, "min": 1789802.875, "dvar2": 1993405759490.0, "dvar": 1206373318660.0, "dmean": 744060.9375, "max": 52278484, "var": 5041333731330.0, "mean": 4589681}, "dissonance": {"dmean2": 0.0464760810137, "median": 0.454746186733, "min": 0.114530459046, "dvar2": 0.0019921772182, "dvar": 0.000829717842862, "dmean": 0.0289594009519, "max": 0.500000178814, "var": 0.00201383978128, "mean": 0.443258315325}, "spectral_skewness": {"dmean2": 0.497973114252, "median": 1.61038291454, "min": -0.0572871416807, "dvar2": 0.268957465887, "dvar": 0.130177080631, "dmean": 0.33853700757, "max": 5.59507656097, "var": 0.45491990447, "mean": 1.66760790348}, "spectral_flux": {"dmean2": 0.0559563785791, "median": 0.0789443627, "min": 6.55309626008e-11, "dvar2": 0.00336112873629, "dvar": 0.00121559447143, "dmean": 0.0341139659286, "max": 0.313563972712, "var": 0.00299279857427, "mean": 0.0901573672891}, "spectral_contrast_valleys": {"dmean2": [0.667245745659, 0.781705141068, 0.619155466557, 0.580247402191, 0.602965831757, 0.591452538967], "median": [-7.33483314514, -7.20150661469, -7.82007789612, -8.14463615417, -8.20766735077, -10.6874227524], "min": [-28.2538471222, -27.8151340485, -27.7375450134, -27.6006851196, -27.4837398529, -27.3959274292], "dvar2": [0.30122679472, 0.428178876638, 0.307301431894, 0.339241296053, 0.529612064362, 0.33192256093], "dvar": [0.138230666518, 0.192175418139, 0.158834040165, 0.192993149161, 0.301106989384, 0.231734097004], "dmean": [0.411215543747, 0.48838788271, 0.40414839983, 0.389524012804, 0.444528788328, 0.470917880535], "max": [-5.2513051033, -4.19679355621, -5.21203756332, -5.25565576553, -5.20203638077, -8.06263828278], "var": [1.70894575119, 1.46871626377, 1.47490763664, 1.57134032249, 1.8716801405, 1.94830548763], "mean": [-7.55450105667, -7.30999612808, -7.87111330032, -8.18473720551, -8.13199615479, -10.775396347]}, "erbbands_flatness_db": {"dmean2": 0.0341112725437, "median": 0.16617628932, "min": 0.0518424995244, "dvar2": 0.00113457662519, "dvar": 0.000609547947533, "dmean": 0.0243431925774, "max": 0.403431206942, "var": 0.00244343001395, "mean": 0.170436441898}, "spectral_energyband_high": {"dmean2": 0.000647541193757, "median": 0.000155239846208, "min": 7.29369493955e-21, "dvar2": 1.30203795834e-06, "dvar": 6.93476920333e-07, "dmean": 0.000473185093142, "max": 0.00948631670326, "var": 1.41719249314e-06, "mean": 0.000729509338271}, "spectral_entropy": {"dmean2": 0.349626153708, "median": 7.43437767029, "min": 4.40955972672, "dvar2": 0.132920891047, "dvar": 0.0785157233477, "dmean": 0.252777010202, "max": 9.81383323669, "var": 0.317108809948, "mean": 7.42639780045}, "silence_rate_20dB": {"dmean2": 0, "median": 1, "min": 1, "dvar2": 0, "dvar": 0, "dmean": 0, "max": 1, "var": 0, "mean": 1}, "melbands_flatness_db": {"dmean2": 0.0595038160682, "median": 0.253401249647, "min": 0.00353871658444, "dvar2": 0.00327676720917, "dvar": 0.00174470094498, "dmean": 0.0413459315896, "max": 0.558267831802, "var": 0.00951200723648, "mean": 0.245050087571}, "barkbands": {"dmean2": [0.000766741577536, 0.0110233621672, 0.00226484728046, 0.00202694581822, 0.00205279933289, 0.00131890922785, 0.00418068468571, 0.00205447035842, 0.00150511786342, 0.000723304983694, 0.000656301912386, 0.000466626981506, 0.000394392147427, 0.000534106628038, 0.00047752680257, 0.00028639510856, 0.000227303942665, 0.00028405120247, 0.000244625785854, 0.000292295182589, 0.000252745638136, 0.000135748588946, 8.76320773386e-05, 5.19814093423e-05, 6.74590992276e-05, 5.79551306146e-05, 7.27059346062e-09], "median": [0.000219571957132, 0.00398662267253, 0.000351160095306, 0.000255043909419, 0.00056296546245, 0.000176736153662, 0.000257766369032, 0.000513278821018, 0.000117941475764, 6.83792095515e-05, 0.000408941152273, 5.95681885898e-05, 4.4106720452e-05, 0.000181530500413, 4.41301781393e-05, 4.82211253257e-05, 7.88013421698e-05, 3.20793114952e-05, 2.70216351055e-05, 2.84140242002e-05, 2.72250217677e-05, 2.58153031609e-05, 2.20810343308e-05, 9.61759997153e-06, 7.65198274166e-06, 4.98518238601e-06, 4.02868571836e-10], "min": [2.57233933342e-24, 9.23274599317e-24, 8.28852445469e-24, 3.0682050711e-24, 2.38654058102e-23, 1.76416782321e-23, 2.20422062633e-23, 1.63471906188e-23, 1.57052440131e-23, 2.28209271504e-23, 3.16179584444e-23, 3.87623466523e-23, 4.77823778801e-23, 5.5433975251e-23, 1.02052928446e-22, 5.32749008188e-23, 9.94617854299e-23, 1.03172852185e-22, 1.52965645238e-22, 1.97241782519e-22, 3.21519106232e-22, 3.51844938913e-22, 4.39278646576e-22, 6.81344591202e-22, 9.91005388846e-22, 1.5631480028e-21, 1.85749364026e-21], "dvar2": [2.06312324735e-06, 0.000399853626732, 2.82617438643e-05, 2.24802079174e-05, 1.44827690747e-05, 1.05520703073e-05, 0.000109912674816, 3.95505558117e-05, 2.43598060479e-05, 5.48293519387e-06, 2.40160761678e-06, 1.84562770755e-06, 9.11011852622e-07, 1.49415234318e-06, 2.7342678095e-06, 6.91461764291e-07, 3.54431080041e-07, 9.01556973076e-07, 4.07998385299e-07, 3.63445678886e-07, 2.38810201836e-07, 7.73136861199e-08, 3.57429996711e-08, 2.54186129922e-08, 3.17554906815e-08, 2.02020196127e-08, 1.2773447427e-15], "dvar": [8.44383237109e-07, 0.000186585020856, 1.05285989775e-05, 8.79076833371e-06, 7.4738791227e-06, 4.72050396638e-06, 4.86426906718e-05, 1.66514637385e-05, 1.03100292108e-05, 2.66898587142e-06, 1.13399892143e-06, 7.14691282155e-07, 3.97798544327e-07, 5.77757134579e-07, 1.15075874874e-06, 2.67008374522e-07, 1.63988630675e-07, 4.25080969535e-07, 1.91295555396e-07, 1.55333722773e-07, 1.18995572507e-07, 3.50979085795e-08, 1.64818896309e-08, 1.04371684628e-08, 1.47579566345e-08, 1.10838236367e-08, 4.52973209038e-16], "dmean": [0.000493477040436, 0.00696238689125, 0.00131655251607, 0.00122027017642, 0.00136639841367, 0.000831352255773, 0.00265205674805, 0.00127868528944, 0.000958801771048, 0.000484847347252, 0.000440168514615, 0.000288343173452, 0.000249127071584, 0.000322994106682, 0.000302137283143, 0.00017230559024, 0.000147683284013, 0.000193990548723, 0.000164659199072, 0.00018581468612, 0.000173297055881, 9.27216315176e-05, 6.07352340012e-05, 3.44641812262e-05, 4.44965298811e-05, 3.99107993871e-05, 3.95505450612e-09], "max": [0.0119517818093, 0.168747216463, 0.0321567207575, 0.0486004166305, 0.0572220012546, 0.0340874679387, 0.0823450237513, 0.0695861130953, 0.0777407363057, 0.0315887853503, 0.0335760116577, 0.0190221872181, 0.014325353317, 0.0148951280862, 0.0133483745158, 0.00989196263254, 0.00640020659193, 0.0123395267874, 0.00655536074191, 0.00427589705214, 0.00270961062051, 0.00319632375613, 0.00317822676152, 0.00301821203902, 0.00445908028632, 0.00339254760183, 5.12335475378e-07], "var": [1.57692488756e-06, 0.000337026489433, 8.06298794487e-06, 8.77286493051e-06, 1.74203159986e-05, 6.97018413121e-06, 7.45227735024e-05, 1.92255156435e-05, 1.22059336718e-05, 5.43675605513e-06, 2.03753961614e-06, 9.66775587585e-07, 6.71510122174e-07, 7.45288673443e-07, 1.18586046938e-06, 3.35226872039e-07, 2.64585793275e-07, 5.71098837554e-07, 2.94334796536e-07, 2.14358024664e-07, 2.03161533818e-07, 5.34832729215e-08, 2.6606663539e-08, 1.39809506194e-08, 2.65216346662e-08, 2.49234677341e-08, 2.73963860004e-16], "mean": [0.000796304258984, 0.0116176242009, 0.00119131663814, 0.0012535819551, 0.0020556114614, 0.00100279366598, 0.00319513073191, 0.00155193929095, 0.00112545723096, 0.000669024302624, 0.000803464732599, 0.000363222352462, 0.000317343161441, 0.000475929089589, 0.000318435195368, 0.000214370258618, 0.000242607595283, 0.000233246770222, 0.00020190779469, 0.000219962777919, 0.000240336245042, 0.000123992576846, 8.76639824128e-05, 4.6869932703e-05, 5.84121553402e-05, 5.35803119419e-05, 2.7093549626e-09]}, "erbbands_skewness": {"dmean2": 0.852451503277, "median": 0.305743992329, "min": -3.56556224823, "dvar2": 0.803731024265, "dvar": 0.398712009192, "dmean": 0.589716732502, "max": 8.19082832336, "var": 1.31549954414, "mean": 0.500447690487}, "erbbands_spread": {"dmean2": 16.8052864075, "median": 30.2460651398, "min": 2.43396520615, "dvar2": 384.553314209, "dvar": 191.508666992, "dmean": 11.4066181183, "max": 163.54750061, "var": 546.253540039, "mean": 35.4409255981}, "melbands_kurtosis": {"dmean2": 27.8214035034, "median": 8.72296142578, "min": -1.70974695683, "dvar2": 3285.66186523, "dvar": 1422.38342285, "dmean": 17.7044868469, "max": 631.006286621, "var": 2224.61987305, "mean": 25.7122058868}, "melbands": {"dmean2": [0.0035222475417, 0.00138374150265, 0.000907901034225, 0.000475952634588, 0.00022812098905, 0.000313087977702, 0.00079966604244, 0.000597224920057, 0.00032599066617, 0.000205734904739, 0.000107592175482, 8.60660074977e-05, 8.42843073769e-05, 6.08821610513e-05, 4.66777710244e-05, 3.9060942072e-05, 5.2