{"metadata": {"tags": {"album": ["Voice of Comfort"], "albumartist": ["Cait Agus Sean"], "genre": ["Celtic Folk"], "artist": ["Cait Agus Sean"], "date": ["2001"], "tracknumber": ["2"], "title": ["Casadh An tSaguin"], "file_name": "114221.mp3", "musicbrainz_recordingid": ["10e90328-bbae-42fe-b228-43927672bae5"]}, "audio_properties": {"sample_rate": 44100, "downmix": "mix", "lossless": false, "analysis_sample_rate": 44100, "md5_encoded": "c2948d657f2a01e92daa1b04daf74fa9", "equal_loudness": 0, "replay_gain": -10.9413852692, "codec": "mp3", "bit_rate": 320000, "length": 214.752655029}, "version": {"extractor": "music 1.0", "essentia_build_sha": "70f2e5ece6736b2c40cc944ad0e695b16b925413", "essentia_git_sha": "v2.1_beta2", "essentia": "2.1-beta2"}}, "rhythm": {"beats_loudness_band_ratio": {"dvar2": [0.0535351261497, 0.0889986455441, 0.052819583565, 0.0614351257682, 0.00130557955708, 0.0806334838271], "var": [0.0681015625596, 0.0778202787042, 0.0399642512202, 0.0414188653231, 0.000551561650354, 0.015302718617], "min": [0, 0, 0, 0, 0, 0], "dmean": [0.120105110109, 0.204453855753, 0.137595161796, 0.120497688651, 0.00930025149137, 0.0563831292093], "mean": [0.228628888726, 0.399570763111, 0.193586945534, 0.159401848912, 0.00990621186793, 0.0325201936066], "max": [0.988777339458, 0.99753254652, 0.991356253624, 0.935052931309, 0.263597548008, 0.992508947849], "dmean2": [0.206199005246, 0.341477364302, 0.237525448203, 0.204336449504, 0.0164763107896, 0.10908024013], "median": [0.127121672034, 0.380315959454, 0.130566999316, 0.0645602792501, 0.00266455928795, 0.00323101645336], "dvar": [0.0216707065701, 0.0298273917288, 0.0215392261744, 0.0237491708249, 0.000466897967272, 0.0278765000403]}, "bpm_histogram_first_peak_weight": {"dvar2": 0, "var": 0, "min": 0.0806451588869, "dmean": 0, "mean": 0.0806451588869, "max": 0.0806451588869, "dmean2": 0, "median": 0.0806451588869, "dvar": 0}, "bpm": 136.096725464, "beats_count": 435, "bpm_histogram_first_peak_spread": {"dvar2": 0, "var": 0, "min": 0.58333337307, "dmean": 0, "mean": 0.58333337307, "max": 0.58333337307, "dmean2": 0, "median": 0.58333337307, "dvar": 0}, "danceability": 0.859946072102, "bpm_histogram_first_peak_bpm": {"dvar2": 0, "var": 0, "min": 136, "dmean": 0, "mean": 136, "max": 136, "dmean2": 0, "median": 136, "dvar": 0}, "beats_position": [0.476009070873, 0.882358253002, 1.28870749474, 1.68344664574, 2.07818579674, 2.47292518616, 2.86766433716, 3.26240348816, 3.65714287758, 4.06349182129, 4.51628112793, 4.96907043457, 5.41024923325, 5.85142850876, 6.29260778427, 6.73378658295, 7.17496585846, 7.73224496841, 8.28952407837, 8.84680271149, 9.41569137573, 9.98458003998, 10.5418596268, 11.0991382599, 11.6680269241, 12.2369155884, 12.7941951752, 13.3514738083, 13.873922348, 14.3963718414, 14.8839902878, 15.3716096878, 15.870839119, 16.3700675964, 16.8809070587, 17.3801364899, 17.9490242004, 18.5295238495, 19.0984115601, 19.6905212402, 20.2710208893, 20.8282985687, 21.3971881866, 21.9660758972, 22.5697956085, 23.1619052887, 23.8120632172, 24.4622211456, 25.1007709503, 25.774148941, 26.4591369629, 27.1209068298, 27.7710647583, 28.3980045319, 29.0249423981, 29.6518821716, 30.2788200378, 30.9057598114, 31.5326976776, 32.1596374512, 32.7981834412, 33.4367332458, 34.0636711121, 34.6673927307, 35.2711105347, 35.7819480896, 36.2927894592, 36.8152389526, 37.2912483215, 37.7672538757, 38.2432632446, 38.7076644897, 39.1720619202, 39.6364631653, 40.1008605957, 40.6349182129, 41.1805877686, 41.7146492004, 42.2370948792, 42.7595443726, 43.3052139282, 43.8624954224, 44.4081611633, 44.9770507812, 45.5459403992, 46.1380500793, 46.7301597595, 47.322265625, 47.9143753052, 48.5180931091, 49.0405426025, 49.5397720337, 50.0273895264, 50.5150108337, 50.9561882019, 51.3973693848, 51.8385467529, 52.2913360596, 52.7325172424, 53.1853065491, 53.6380958557, 54.0792732239, 54.5204544067, 54.9732398987, 55.3912010193, 55.8091583252, 56.2271194458, 56.6450767517, 57.0746459961, 57.4926071167, 57.8989562988, 58.305305481, 58.7116546631, 59.1180038452, 59.5243530273, 59.9307022095, 60.3370513916, 60.7550086975, 61.1961898804, 61.6373672485, 62.0669364929, 62.4965057373, 62.9376869202, 63.3672561646, 63.7968254089, 64.2263946533, 64.655960083, 65.0971450806, 65.5267105103, 65.9562835693, 66.3742370605, 66.8038101196, 67.2449874878, 67.686164856, 68.1273422241, 68.5569152832, 68.9864807129, 69.4044418335, 69.8224029541, 70.2635803223, 70.7047576904, 71.145942688, 71.6451721191, 72.1560058594, 72.666847229, 73.1080245972, 73.5608139038, 74.001991272, 74.4431762695, 74.8843536377, 75.3139190674, 75.7434921265, 76.1614532471, 76.5794067383, 77.0089797974, 77.4385452271, 77.8681182861, 78.2860794067, 78.7156448364, 79.1452102661, 79.5631713867, 79.9927444458, 80.4223098755, 80.8518829346, 81.2930603027, 81.7110214233, 82.0360946655, 82.3727874756, 82.7094802856, 83.0461654663, 83.4060745239, 83.7543716431, 84.1026763916, 84.4393615723, 84.8805389404, 85.3333282471, 85.7745132446, 86.2156906128, 86.656867981, 87.1096572876, 87.5624465942, 87.9920196533, 88.421585083, 88.8395462036, 89.2575073242, 89.6638565063, 90.0818099976, 90.4881591797, 90.8480682373, 91.2195892334, 91.602722168, 91.9742355347, 92.3805847168, 92.7869338989, 93.1932830811, 93.5996322632, 94.0059814453, 94.4123306274, 94.8070755005, 95.2018127441, 95.5965499878, 95.9912872314, 96.3860321045, 96.8388214111, 97.2916107178, 97.7444000244, 98.1971893311, 98.6499786377, 99.1027679443, 99.5787734985, 100.054779053, 100.519180298, 100.995193481, 101.471199036, 101.935600281, 102.411605835, 102.759910583, 103.108207703, 103.456504822, 103.793197632, 104.187934875, 104.594284058, 105.00063324, 105.41859436, 105.824943542, 106.231292725, 106.649246216, 107.067207336, 107.473556519, 107.879905701, 108.274642944, 108.669387817, 109.064125061, 109.458862305, 109.865211487, 110.248344421, 110.631469727, 111.014602661, 111.386123657, 111.780860901, 112.175598145, 112.570335388, 112.965080261, 113.348205566, 113.754554749, 114.160903931, 114.578865051, 114.996826172, 115.426391602, 115.844352722, 116.239089966, 116.633827209, 117.028572083, 117.504577637, 117.98059082, 118.468208313, 118.944213867, 119.420227051, 119.896232605, 120.372245789, 120.859863281, 121.347480774, 121.846710205, 122.299499512, 122.763900757, 123.228294373, 123.66947937, 124.110656738, 124.551834106, 124.958183289, 125.352920532, 125.759269714, 126.142402649, 126.537139893, 126.920272827, 127.315010071, 127.709747314, 128.104492188, 128.499221802, 128.905578613, 129.428024292, 129.938858032, 130.449707031, 130.97215271, 131.48298645, 132.005432129, 132.493057251, 132.992294312, 133.491516113, 133.990753174, 134.489974976, 134.989196777, 135.476821899, 135.97605896, 136.475280762, 136.928070068, 137.369247437, 137.810424805, 138.344482422, 138.878540039, 139.412597656, 139.958267212, 140.503936768, 141.037994385, 141.58366394, 142.129333496, 142.675003052, 143.220672607, 143.754730225, 144.312011719, 144.869293213, 145.426574707, 145.983856201, 146.529525757, 147.075195312, 147.527984619, 147.980773926, 148.445159912, 148.909561157, 149.373962402, 149.849975586, 150.372421265, 150.894866943, 151.417327881, 151.986206055, 152.555099487, 153.135604858, 153.692871094, 154.273376465, 154.842269897, 155.411148071, 155.991653442, 156.537322998, 157.082992554, 157.605438232, 158.116271973, 158.63873291, 159.161178589, 159.683624268, 160.217681885, 160.728515625, 161.227752686, 161.738586426, 162.214599609, 162.690612793, 163.178222656, 163.689071655, 164.211517334, 164.722351074, 165.337677002, 165.953018188, 166.661224365, 167.357818604, 168.054412842, 168.762634277, 169.528884888, 170.283538818, 171.049789429, 171.804443359, 172.57069397, 173.336959839, 174.103210449, 174.869476318, 175.600906372, 176.332336426, 177.052154541, 177.771972656, 178.480178833, 179.199996948, 179.954650879, 180.720901489, 181.487167358, 182.253417969, 182.926803589, 183.60017395, 184.261947632, 184.796005249, 185.330062866, 185.852508545, 186.374969482, 186.897415161, 187.385025024, 187.872650146, 188.34866333, 188.871109009, 189.393554688, 189.927612305, 190.415237427, 190.90284729, 191.390472412, 191.878097534, 192.365707397, 192.85333252, 193.352554321, 193.851791382, 194.351013184, 194.838638306, 195.314651489, 195.802261353, 196.301498413, 196.789108276, 197.288345337, 197.764343262, 198.263580322, 198.762802124, 199.285263062, 199.80770874, 200.330154419, 200.887435913, 201.444717407, 201.990386963, 202.582489014, 203.174606323, 203.697052002, 204.207885742, 204.730331421, 205.24118042, 205.75201416, 206.2628479, 206.715637207, 207.168426514, 207.62121582, 208.074005127, 208.538406372, 209.002807617, 209.467208862, 209.954818726, 210.442443848, 210.93006897, 211.429290771, 211.928527832, 212.427749634, 212.915374756, 213.402984619, 213.890609741], "beats_loudness": {"dvar2": 0.00119906163309, "var": 0.000608775008004, "min": 0, "dmean": 0.0136839440092, "mean": 0.0196071472019, "max": 0.213433638215, "dmean2": 0.0230957567692, "median": 0.0109632266685, "dvar": 0.000457723042928}, "bpm_histogram_second_peak_weight": {"dvar2": 0, "var": 0, "min": 0.0691244229674, "dmean": 0, "mean": 0.0691244229674, "max": 0.0691244229674, "dmean2": 0, "median": 0.0691244229674, "dvar": 0}, "bpm_histogram_second_peak_spread": {"dvar2": 0, "var": 0, "min": 0.634146332741, "dmean": 0, "mean": 0.634146332741, "max": 0.634146332741, "dmean2": 0, "median": 0.634146332741, "dvar": 0}, "bpm_histogram_second_peak_bpm": {"dvar2": 0, "var": 0, "min": 148, "dmean": 0, "mean": 148, "max": 148, "dmean2": 0, "median": 148, "dvar": 0}, "onset_rate": 1.97417771816}, "lowlevel": {"spectral_energyband_high": {"dvar2": 3.35029170628e-07, "var": 3.81580548492e-07, "min": 6.98350463322e-21, "dmean": 6.97120121913e-05, "mean": 0.000140969583299, "max": 0.0118855359033, "dmean2": 0.000100471203041, "median": 2.50120101555e-05, "dvar": 1.7603971969e-07}, "spectral_energyband_middle_low": {"dvar2": 7.86133532529e-05, "var": 0.000313946860842, "min": 1.4999786216e-22, "dmean": 0.00307615916245, "mean": 0.011089630425, "max": 0.243487253785, "dmean2": 0.00437173806131, "median": 0.006063465029, "dvar": 4.2512685468e-05}, "spectral_energy": {"dvar2": 0.000102055033494, "var": 0.000539689441212, "min": 1.01241882501e-20, "dmean": 0.00397961074486, "mean": 0.0176153350621, "max": 0.244966983795, "dmean2": 0.00545434188098, "median": 0.00969548989087, "dvar": 5.64912115806e-05}, "spectral_spread": {"dvar2": 2364673097730.0, "var": 30334349475800.0, "min": 575039.8125, "dmean": 558013.75, "mean": 5121687, "max": 45786232, "dmean2": 839782.875, "median": 3911972.5, "dvar": 1122782806020.0}, "spectral_energyband_low": {"dvar2": 1.28894123463e-06, "var": 2.30946661759e-05, "min": 7.1020382102e-24, "dmean": 0.000426952843554, "mean": 0.00213987799361, "max": 0.0887137725949, "dmean2": 0.000436716887634, "median": 0.000556029845029, "dvar": 1.25654753447e-06}, "spectral_rolloff": {"dvar2": 1405613.5, "var": 8979401, "min": 86.1328125, "dmean": 189.059387207, "mean": 1260.90881348, "max": 20025.8789062, "dmean2": 329.283233643, "median": 602.9296875, "dvar": 682870.1875}, "barkbands": {"dvar2": [3.63929913982e-10, 8.82404378899e-07, 8.7449038233e-08, 2.99385561675e-07, 9.11431834538e-06, 2.44028069574e-05, 2.36886389757e-05, 2.36959931499e-05, 1.82083169875e-06, 9.78798470896e-06, 1.37062579597e-05, 8.60927684698e-06, 1.93385562852e-06, 3.05889926722e-08, 1.64103912681e-08, 3.72836606033e-09, 3.61856389297e-09, 8.51923254164e-10, 1.51738330234e-10, 1.3545480293e-09, 5.92207116679e-10, 2.11559214591e-09, 2.82081007441e-08, 5.51983667663e-08, 5.7574244039e-08, 4.02871203065e-09, 4.87960574724e-11], "var": [7.98361210474e-10, 1.77776128112e-05, 9.40566337704e-07, 1.81602786142e-07, 1.49407551362e-05, 6.16327743046e-05, 9.56789444899e-05, 0.000101640674984, 4.55862846138e-06, 3.53275972884e-05, 3.59028381354e-05, 2.19229877985e-05, 8.23349000711e-06, 3.68144910112e-08, 2.59742964914e-08, 3.33663430219e-09, 1.09212550115e-08, 1.77344783303e-09, 3.85743187392e-10, 2.65614352735e-09, 1.031357999e-09, 1.49720769116e-09, 2.14166249179e-08, 4.62633877873e-08, 6.64458923438e-08, 2.85930945587e-09, 2.42005374074e-11], "min": [4.60756792838e-25, 2.11177847391e-24, 6.40932327767e-25, 7.71242978802e-25, 2.26606921456e-24, 7.11160472639e-24, 8.73975841451e-24, 5.50887326424e-24, 9.52134523332e-24, 6.38886062022e-24, 1.02207248572e-23, 1.86939224387e-23, 2.18165873112e-23, 2.55129717875e-23, 3.20845002501e-23, 5.79538241742e-23, 6.41798741588e-23, 7.7140107836e-23, 1.25873549045e-22, 1.71604535162e-22, 2.62712491865e-22, 3.14070239803e-22, 3.98090741967e-22, 5.72606438927e-22, 8.13676828469e-22, 1.32834240578e-21, 1.76974161145e-21], "dmean": [1.95538359549e-06, 0.000272836332442, 0.000155246147187, 9.33194824029e-05, 0.000863130495418, 0.00122181582265, 0.000945326057263, 0.000574593199417, 0.000287396193016, 0.000653030059766, 0.000535536266398, 0.000471824314445, 0.000185302298632, 2.78188526863e-05, 2.45809696935e-05, 8.87496753421e-06, 1.1677605471e-05, 5.7849993027e-06, 3.65972005056e-06, 7.87650242273e-06, 4.89949616167e-06, 4.18865374741e-06, 1.99003316084e-05, 2.22099424718e-05, 2.37278036366e-05, 4.66616438644e-06, 4.40600501861e-07], "mean": [8.99350925465e-06, 0.00137061800342, 0.000573752680793, 0.000261723151198, 0.00242078513838, 0.00350464764051, 0.00246953126043, 0.0014964856673, 0.000673449772876, 0.00169939617626, 0.00126368331257, 0.00110947783105, 0.000457342510344, 4.71588537039e-05, 4.80587004859e-05, 1.49565721586e-05, 2.62664798356e-05, 1.2968847841e-05, 8.50015567266e-06, 1.79100643436e-05, 9.96064591163e-06, 5.62201466892e-06, 3.24591201206e-05, 3.43440224242e-05, 3.96262912545e-05, 6.89633952788e-06, 7.13621602699e-07], "max": [0.000817667227238, 0.078971222043, 0.0107068587095, 0.00691135507077, 0.0450689978898, 0.130228161812, 0.243290662766, 0.223558992147, 0.0437351837754, 0.117484651506, 0.10512406379, 0.100084170699, 0.0505137071013, 0.00342442654073, 0.00465641729534, 0.00178909464739, 0.00194817990996, 0.0012453943491, 0.000381568039302, 0.00175061100163, 0.000677034142427, 0.00118034053594, 0.00289078336209, 0.00436496455222, 0.00784324575216, 0.00164668541402, 0.000187409037608], "dmean2": [2.68685448646e-06, 0.000252140016528, 0.000160735318786, 0.000149151324877, 0.00135252065957, 0.00178335758392, 0.00122722785454, 0.000795314321294, 0.000393121328671, 0.000916067161597, 0.000767230114434, 0.000685314822476, 0.000248740368988, 4.10631437262e-05, 3.67065113096e-05, 1.37900542541e-05, 1.68938931893e-05, 8.35385708342e-06, 5.36811603524e-06, 1.11408462544e-05, 7.17864986655e-06, 6.62507773086e-06, 3.08186317852e-05, 3.2946743886e-05, 3.46988163074e-05, 7.19625040801e-06, 6.93238519034e-07], "median": [2.08119047329e-07, 4.5633118134e-05, 0.000180980714504, 9.95246227831e-05, 0.00085512897931, 0.000632912036963, 0.000192057457753, 9.9244134617e-05, 7.1696289524e-05, 0.000120400029118, 2.85320493276e-05, 7.41785042919e-05, 1.65726069099e-05, 4.43969565822e-06, 7.02725537849e-06, 2.28437852456e-06, 3.15542047247e-06, 2.06205322684e-06, 1.83397150977e-06, 3.25166047332e-06, 1.82345524991e-06, 4.41152963049e-07, 4.16817329096e-06, 2.90974548989e-06, 4.42929103883e-06, 7.98098085397e-07, 1.59059709404e-07], "dvar": [1.62990426711e-10, 9.37573986448e-07, 7.80037083814e-08, 8.62092832676e-08, 3.29080603478e-06, 1.04046093838e-05, 1.84877535503e-05, 1.22624414871e-05, 9.9050157587e-07, 5.13443501404e-06, 6.45265845378e-06, 4.23087931267e-06, 1.05533240458e-06, 1.55647796873e-08, 7.94371501911e-09, 1.66017244396e-09, 1.9383359362e-09, 4.67247074365e-10, 8.78672412608e-11, 7.55269680131e-10, 3.25050125705e-10, 9.56780654704e-10, 1.25328591949e-08, 2.64180677334e-08, 3.21475432941e-08, 1.89094961911e-09, 2.0307361695e-11]}, "melbands_skewness": {"dvar2": 1.30057740211, "var": 5.84572601318, "min": -3.11701250076, "dmean": 0.595074117184, "mean": 2.45465230942, "max": 20.0754108429, "dmean2": 0.874881446362, "median": 1.90979683399, "dvar": 0.603371798992}, "barkbands_skewness": {"dvar2": 1.54292404652, "var": 7.42740297318, "min": -9.2282075882, "dmean": 0.597712814808, "mean": 2.25147032738, "max": 47.3120651245, "dmean2": 0.872219920158, "median": 1.80647206306, "dvar": 0.784731090069}, "erbbands": {"dvar2": [0.000659758574329, 0.0506450347602, 0.142228186131, 1.37374913692, 9.8202457428, 203.053894043, 846.604309082, 2210.79614258, 5832.75683594, 4961.7578125, 17130.5273438, 613.159301758, 3139.82446289, 14487.6845703, 16134.4599609, 7589.61669922, 4867.57373047, 133.716079712, 73.5361557007, 7.21320676804, 16.1923885345, 5.67530155182, 1.80233442783, 0.822837591171, 0.405817806721, 2.54646945, 2.04897260666, 0.608340263367, 1.03260910511, 11.3077602386, 27.9077377319, 34.2280540466, 11.5943613052, 10.9806232452, 3.35335063934, 0.197847038507, 0.0143678281456, 0.000141830329085, 1.23566712773e-06, 1.49031864627e-09], "var": [0.00633621867746, 1.17179489136, 1.74608957767, 1.39358258247, 17.0253810883, 326.822540283, 1677.22106934, 5904.44970703, 19740.9570312, 18088.3457031, 70693.2890625, 2073.08227539, 9802.07519531, 48347.7539062, 43323.4570312, 18219.0917969, 19291.8691406, 211.096252441, 98.7761306763, 11.4333295822, 18.3732948303, 17.9787788391, 7.03924369812, 2.23070931435, 1.02287781239, 5.73497819901, 3.79456162453, 0.809615075588, 0.817614674568, 9.315782547, 19.9203968048, 21.3621883392, 11.9409236908, 10.9245004654, 2.72890543938, 0.151752844453, 0.00794219598174, 8.83285320015e-05, 6.4915582243e-07, 1.82126680404e-09], "min": [5.89968497522e-23, 2.91576596843e-22, 8.36998838488e-22, 1.67960699551e-21, 1.11531225761e-20, 1.35152571765e-20, 3.66942198802e-20, 5.97934678991e-20, 8.6827022787e-20, 1.90871331811e-19, 1.73504687775e-19, 2.7211041998e-19, 3.40665210444e-19, 5.82291827653e-19, 9.54410503341e-19, 8.24096159446e-19, 1.2088110381e-18, 2.20840431785e-18, 2.08010488253e-18, 2.30136204791e-18, 3.78403780098e-18, 3.80811413348e-18, 4.77344631604e-18, 5.09329017554e-18, 7.32375540033e-18, 8.99483063689e-18, 8.52891205789e-18, 9.76622701612e-18, 9.80580181816e-18, 1.10097127417e-17, 1.20630097922e-17, 9.62802085219e-18, 8.54254234002e-18, 7.55287781256e-18, 5.40912138189e-18, 4.35013787833e-18, 2.34893444571e-18, 9.92757872756e-19, 2.54240837207e-19, 2.50167205335e-20], "dmean": [0.00487695680931, 0.0732550323009, 0.190497070551, 0.258984446526, 0.90562492609, 3.55622053146, 7.17295789719, 10.0516462326, 14.3854694366, 11.0025463104, 13.7227420807, 6.13175153732, 11.045580864, 25.6330184937, 22.0932636261, 16.9956417084, 9.15786266327, 2.07355046272, 1.52637255192, 0.509379208088, 0.646304249763, 0.421992629766, 0.293812692165, 0.232982635498, 0.18669937551, 0.402598410845, 0.239398792386, 0.155969768763, 0.0977743938565, 0.321067273617, 0.636411368847, 0.507111907005, 0.364705264568, 0.324152797461, 0.142993703485, 0.0345727913082, 0.00657028891146, 0.000844544090796, 7.89709738456e-05, 7.05544607627e-06], "mean": [0.0234284214675, 0.36658769846, 0.735333740711, 0.893106222153, 2.39318990707, 9.46625041962, 21.0270519257, 28.4570541382, 37.2486915588, 29.5509929657, 36.6972694397, 15.7498464584, 28.4208049774, 67.2021179199, 56.5148277283, 40.5521469116, 23.6030826569, 4.32105970383, 2.95350456238, 1.09227979183, 1.25196111202, 1.02651667595, 0.764192938805, 0.594781577587, 0.478908956051, 0.929051280022, 0.53264605999, 0.325359970331, 0.154674872756, 0.467438399792, 1.03414428234, 0.733099162579, 0.595216929913, 0.522120296955, 0.224159866571, 0.0499616153538, 0.00973970722407, 0.00136342248879, 0.000137224866194, 2.61247787421e-05], "max": [1.47423970699, 20.1486339569, 19.4871120453, 15.2734766006, 48.6068611145, 256.623565674, 440.164489746, 1347.7277832, 3901.13745117, 3413.47705078, 6136.65771484, 763.358886719, 2226.07177734, 4677.3984375, 3070.31787109, 2446.14111328, 2459.68652344, 260.086456299, 291.874633789, 76.2230911255, 121.147003174, 123.202789307, 65.8913421631, 30.5884494781, 15.7865915298, 44.8504295349, 56.2355575562, 17.1798992157, 26.6061515808, 70.9153823853, 103.321685791, 98.857963562, 89.6978759766, 114.641197205, 65.282043457, 12.190030098, 4.46563386917, 0.323629170656, 0.0302825272083, 0.00100511871278], "dmean2": [0.00507047632709, 0.0665860250592, 0.189005747437, 0.378084987402, 1.4523319006, 5.69334363937, 10.1738700867, 14.7940969467, 19.2487449646, 14.2936429977, 19.0577869415, 8.35567760468, 15.1908941269, 35.1906967163, 30.7544803619, 24.0191402435, 12.3327722549, 2.97567248344, 2.25226163864, 0.800768554211, 0.982220590115, 0.590644776821, 0.404511660337, 0.321662068367, 0.27015927434, 0.561536550522, 0.331282317638, 0.234724849463, 0.149921908975, 0.49888715148, 0.981687963009, 0.778687417507, 0.545061767101, 0.469910234213, 0.210801273584, 0.0519401878119, 0.0103067159653, 0.00131549534854, 0.000122508732602, 9.96624567051e-06], "median": [0.000642132828943, 0.0173467770219, 0.190145641565, 0.44905552268, 0.822644889355, 2.59712743759, 5.69063186646, 3.95939493179, 4.27855300903, 2.79365634918, 3.42275810242, 2.71933722496, 3.14224505424, 5.376308918, 3.42504644394, 3.82588768005, 1.39390301704, 0.528368234634, 0.477125734091, 0.231926977634, 0.19718837738, 0.159293949604, 0.138225153089, 0.118027858436, 0.115939222276, 0.168800622225, 0.105836309493, 0.0518167987466, 0.0197982043028, 0.0521941184998, 0.129458710551, 0.0612677559257, 0.0560166165233, 0.0566735044122, 0.0228452309966, 0.00483555998653, 0.00127828191034, 0.000220954621909, 3.29587019223e-05, 1.36437720357e-05], "dvar": [0.000483753072331, 0.0596316307783, 0.147199824452, 0.417878687382, 3.66926026344, 72.8305969238, 346.818206787, 955.361206055, 3974.44140625, 3560.31738281, 8461.1171875, 348.429473877, 1667.4864502, 7737.32324219, 7708.69482422, 3895.03125, 2519.28613281, 67.3721923828, 35.3064537048, 3.03221130371, 7.37933492661, 3.38855648041, 1.14046609402, 0.479699879885, 0.210660457611, 1.41944801807, 1.11851608753, 0.281816154718, 0.479596614838, 5.30292892456, 12.1464033127, 14.5168972015, 6.05234098434, 5.61928939819, 1.62419319153, 0.0954396724701, 0.00639876862988, 6.23591477051e-05, 5.1807961654e-07, 6.99660884784e-10]}, "silence_rate_30dB": {"dvar2": 0.0130661139265, "var": 0.0117509122938, "min": 0, "dmean": 0.00562222953886, "mean": 0.988108098507, "max": 1, "dmean2": 0.0112456744537, "median": 1, "dvar": 0.00559059763327}, "melbands_spread": {"dvar2": 197.14163208, "var": 523.073242188, "min": 0.250795632601, "dmean": 3.08954143524, "mean": 13.0584850311, "max": 258.164520264, "dmean2": 4.72802209854, "median": 7.64255619049, "dvar": 92.14453125}, "melbands_crest": {"dvar2": 14.1837511063, "var": 36.9935417175, "min": 1.48453736305, "dmean": 2.48857760429, "mean": 16.5149860382, "max": 35.0234298706, "dmean2": 3.81035542488, "median": 15.7781734467, "dvar": 5.94802522659}, "zerocrossingrate": {"dvar2": 0.000181297975359, "var": 0.00612774863839, "min": 0.0029296875, "dmean": 0.00602767849341, "mean": 0.046483900398, "max": 0.52197265625, "dmean2": 0.00715911760926, "median": 0.03076171875, "dvar": 0.000193724612473}, "barkbands_kurtosis": {"dvar2": 2865.85522461, "var": 6705.82519531, "min": -1.9692684412, "dmean": 7.88612937927, "mean": 19.416349411, "max": 3409.83569336, "dmean2": 11.7510900497, "median": 6.90559911728, "dvar": 1478.67260742}, "spectral_flux": {"dvar2": 0.000824288930744, "var": 0.00106555211823, "min": 6.37252403624e-11, "dmean": 0.0129876900464, "mean": 0.0391690731049, "max": 0.316343516111, "dmean2": 0.020978782326, "median": 0.0311395376921, "dvar": 0.000327648129314}, "barkbands_crest": {"dvar2": 10.0930957794, "var": 26.2242774963, "min": 3.24441933632, "dmean": 2.03044939041, "mean": 13.3337450027, "max": 26.9326114655, "dmean2": 3.11730527878, "median": 12.2687702179, "dvar": 4.15333795547}, "barkbands_flatness_db": {"dvar2": 0.000684402242769, "var": 0.00432916311547, "min": 0.021518105641, "dmean": 0.0173494592309, "mean": 0.243058487773, "max": 0.515176653862, "dmean2": 0.0251577105373, "median": 0.241018697619, "dvar": 0.00032337824814}, "spectral_entropy": {"dvar2": 0.0781538039446, "var": 0.623287379742, "min": 3.60895848274, "dmean": 0.165921851993, "mean": 6.41300821304, "max": 9.83097743988, "dmean2": 0.240978196263, "median": 6.3265337944, "dvar": 0.0403623655438}, "pitch_salience": {"dvar2": 0.0061382651329, "var": 0.0191037077457, "min": 0.0322724096477, "dmean": 0.0534980557859, "mean": 0.486912488937, "max": 0.957923710346, "dmean2": 0.0824748203158, "median": 0.490519225597, "dvar": 0.00265180622227}, "erbbands_spread": {"dvar2": 154.129196167, "var": 288.010070801, "min": 0.666620373726, "dmean": 4.37884569168, "mean": 19.8760795593, "max": 183.189575195, "dmean2": 6.59202575684, "median": 15.2955169678, "dvar": 68.4029312134}, "dynamic_complexity": 5.90112686157, "spectral_contrast_valleys": {"dvar2": [0.231709882617, 0.176664620638, 0.155539900064, 0.131874546409, 0.107340186834, 0.145333275199], "var": [8.79685974121, 8.63454151154, 8.53149223328, 6.87456989288, 6.97988319397, 6.43777990341], "min": [-28.1266689301, -28.1867179871, -27.8293838501, -27.8420906067, -27.5053806305, -27.4348449707], "dmean": [0.320682495832, 0.276854366064, 0.253386497498, 0.216831609607, 0.164861992002, 0.178832799196], "mean": [-9.00799369812, -8.13003921509, -8.77349853516, -10.3105306625, -10.2589712143, -11.844581604], "max": [-5.65205097198, -5.3359746933, -5.90423536301, -7.71592092514, -7.41813659668, -7.92336368561], "dmean2": [0.533626794815, 0.453882277012, 0.418089389801, 0.361560225487, 0.26357588172, 0.25274515152], "median": [-8.55784797668, -7.61998844147, -8.22057914734, -9.80216598511, -9.72775650024, -11.3219509125], "dvar": [0.0851738676429, 0.0722051113844, 0.0645177736878, 0.0556271485984, 0.0499879531562, 0.0824700966477]}, "hfc": {"dvar2": 67.9621505737, "var": 292.684417725, "min": 1.08358880152e-16, "dmean": 2.72242641449, "mean": 10.5525951385, "max": 146.98475647, "dmean2": 3.68383193016, "median": 4.05974721909, "dvar": 36.9587478638}, "spectral_kurtosis": {"dvar2": 50.0766220093, "var": 231.125289917, "min": -1.65239787102, "dmean": 3.33773207664, "mean": 14.1684865952, "max": 194.911575317, "dmean2": 5.39187049866, "median": 10.803068161, "dvar": 19.2389545441}, "mfcc": {"mean": [-789.8671875, 155.631256104, 33.4008407593, -10.865650177, -8.29534339905, -11.2839155197, 6.25893306732, -4.72153091431, -13.1605300903, -3.83161497116, -15.8956575394, 1.13273537159, 1.77134525776], "cov": [[10631.8818359, 1247.90014648, -595.229614258, -961.471191406, -627.77142334, -618.328979492, 432.13369751, 61.3861236572, -379.644104004, 28.5357952118, -303.545562744, 333.132568359, 229.251922607], [1247.90014648, 2248.27880859, 125.249916077, 166.173751831, 53.4800872803, 106.137718201, 249.597229004, 83.617225647, 22.9616241455, -14.5569906235, -43.0955123901, -16.7387161255, 65.9266281128], [-595.229614258, 125.249916077, 1118.16674805, 226.941452026, 229.954589844, 185.04347229, 60.3651199341, 34.3653678894, 53.1839256287, 34.4766693115, -59.9543991089, -80.648651123, -88.2300567627], [-961.471191406, 166.173751831, 226.941452026, 614.060424805, 336.511993408, 184.389282227, 18.5491352081, 48.0644378662, 185.798156738, 30.8329963684, 46.1091384888, -27.7202568054, -26.3548126221], [-627.77142334, 53.4800872803, 229.954589844, 336.511993408, 482.065673828, 144.762832642, -32.4547119141, 37.1809463501, 166.823928833, 30.1919765472, 23.5077972412, -4.00015544891, -22.5025672913], [-618.328979492, 106.137718201, 185.04347229, 184.389282227, 144.762832642, 372.798706055, 120.799301147, 75.2431564331, 95.2266616821, 60.7721290588, 109.794372559, -12.7281389236, 7.37485790253], [432.13369751, 249.597229004, 60.3651199341, 18.5491352081, -32.4547119141, 120.799301147, 382.435852051, 165.165725708, 12.8339424133, 42.7093658447, 27.9142246246, 91.8024673462, 66.3798141479], [61.3861236572, 83.617225647, 34.3653678894, 48.0644378662, 37.1809463501, 75.2431564331, 165.165725708, 249.101089478, 82.7741012573, 26.362985611, 45.8641624451, 78.2038650513, 79.9502105713], [-379.644104004, 22.9616241455, 53.1839256287, 185.798156738, 166.823928833, 95.2266616821, 12.8339424133, 82.7741012573, 268.933135986, 65.0743560791, 68.5664215088, 29.855140686, 37.1030502319], [28.5357952118, -14.5569906235, 34.4766693115, 30.8329963684, 30.1919765472, 60.7721290588, 42.7093658447, 26.362985611, 65.0743560791, 143.79699707, 59.2998695374, 0.885021328926, 11.7214775085], [-303.545562744, -43.0955123901, -59.9543991089, 46.1091384888, 23.5077972412, 109.794372559, 27.9142246246, 45.8641624451, 68.5664215088, 59.2998695374, 199.096679688, 80.9337844849, 19.9363613129], [333.132568359, -16.7387161255, -80.648651123, -27.7202568054, -4.00015544891, -12.7281389236, 91.8024673462, 78.2038650513, 29.855140686, 0.885021328926, 80.9337844849, 246.650772095, 79.165977478], [229.251922607, 65.9266281128, -88.2300567627, -26.3548126221, -22.5025672913, 7.37485790253, 66.3798141479, 79.9502105713, 37.1030502319, 11.7214775085, 19.9363613129, 79.165977478, 168.759246826]], "icov": [[0.000154307446792, -9.33701303438e-05, 4.02554869652e-05, 0.000173864449607, -1.0465946616e-05, 0.000157169037266, -0.000125199134345, 2.29254656006e-05, 7.05023194314e-05, -0.000252857367741, 0.000256238738075, -0.000220136833377, -1.97660938284e-05], [-9.33701303438e-05, 0.000563028617762, -4.07714032917e-05, -0.000242952781264, -6.77246271152e-06, -8.61153384903e-05, -0.000325216620695, 9.7485819424e-05, -4.42642667622e-05, 0.000328231893945, -9.33893170441e-05, 0.000313728756737, -0.000216976914089], [4.02554869652e-05, -4.07714032917e-05, 0.00119557289872, -7.61353512644e-05, -0.000326313893311, -0.000524733273778, -7.72883067839e-05, -0.000219879802899, 0.000134968940984, -0.000402552686865, 0.000876194622833, -0.000115652568638, 0.000637436634861], [0.000173864449607, -0.000242952781264, -7.61353512644e-05, 0.00327723356895, -0.00158536143135, -0.000281166780042, -0.000392424961319, 0.000161628820933, -0.00105209089816, 0.000252808647929, -2.64168302238e-05, 0.00017069435853, 0.000346193846781], [-1.0465946616e-05, -6.77246271152e-06, -0.000326313893311, -0.00158536143135, 0.00408451398835, -0.000916832359508, 0.00102739140857, -0.000306003377773, -0.00119029066991, -0.000197746470803, 0.000974738737568, -0.000870951102115, 0.000493081228342], [0.000157169037266, -8.61153384903e-05, -0.000524733273778, -0.000281166780042, -0.000916832359508, 0.00530657963827, -0.00193109491374, 0.000176073430339, -6.32584851701e-05, -3.34328251483e-05, -0.00306124030612, 0.0017047842266, -0.000597958627623], [-0.000125199134345, -0.000325216620695, -7.72883067839e-05, -0.000392424961319, 0.00102739140857, -0.00193109491374, 0.00531113240868, -0.00281018344685, 0.000931342015974, -0.00138237432111, 0.00142723578028, -0.00172910408583, 0.000192846171558], [2.29254656006e-05, 9.7485819424e-05, -0.000219879802899, 0.000161628820933, -0.000306003377773, 0.000176073430339, -0.00281018344685, 0.00714863464236, -0.00168526277412, 0.00075923698023, -0.000718635739759, -0.000221270413022, -0.00198228890076], [7.05023194314e-05, -4.42642667622e-05, 0.000134968940984, -0.00105209089816, -0.00119029066991, -6.32584851701e-05, 0.000931342015974, -0.00168526277412, 0.0066039999947, -0.00217648898251, -0.000595690391492, -0.000284580164589, -0.000993007095531], [-0.000252857367741, 0.000328231893945, -0.000402552686865, 0.000252808647929, -0.000197746470803, -3.34328251483e-05, -0.00138237432111, 0.00075923698023, -0.00217648898251, 0.00982138421386, -0.00338586652651, 0.00204881513491, -0.000561330467463], [0.000256238738075, -9.33893170441e-05, 0.000876194622833, -2.64168302238e-05, 0.000974738737568, -0.00306124030612, 0.00142723578028, -0.000718635739759, -0.000595690391492, -0.00338586652651, 0.00995798408985, -0.00411693379283, 0.00130620563868], [-0.000220136833377, 0.000313728756737, -0.000115652568638, 0.00017069435853, -0.000870951102115, 0.0017047842266, -0.00172910408583, -0.000221270413022, -0.000284580164589, 0.00204881513491, -0.00411693379283, 0.00724340882152, -0.00225431122817], [-1.97660938284e-05, -0.000216976914089, 0.000637436634861, 0.000346193846781, 0.000493081228342, -0.000597958627623, 0.000192846171558, -0.00198228890076, -0.000993007095531, -0.000561330467463, 0.00130620563868, -0.00225431122817, 0.00854019355029]]}, "silence_rate_20dB": {"dvar2": 0, "var": 0, "min": 1, "dmean": 0, "mean": 1, "max": 1, "dmean2": 0, "median": 1, "dvar": 0}, "melbands_kurtosis": {"dvar2": 1124.19921875, "var": 2670.20043945, "min": -1.81441712379, "dmean": 8.71125125885, "mean": 23.2870635986, "max": 722.353820801, "dmean2": 13.3157310486, "median": 7.83977794647, "dvar": 477.391998291}, "barkbands_spread": {"dvar2": 65.9416122437, "var": 115.620918274, "min": 0.0563639327884, "dmean": 2.22870397568, "mean": 8.91792011261, "max": 112.540596008, "dmean2": 3.38048624992, "median": 6.35698413849, "dvar": 32.1396179199}, "erbbands_skewness": {"dvar2": 0.602147817612, "var": 2.24467921257, "min": -5.28703451157, "dmean": 0.461109697819, "mean": 1.1903553009, "max": 12.752617836, "dmean2": 0.680222928524, "median": 1.06015563011, "dvar": 0.276762247086}, "average_loudness": 0.278904616833, "spectral_centroid": {"dvar2": 106087.539062, "var": 2270295.5, "min": 155.747619629, "dmean": 86.1456756592, "mean": 799.369262695, "max": 11706.7988281, "dmean2": 128.371429443, "median": 518.447937012, "dvar": 60548.796875}, "dissonance": {"dvar2": 0.00357740349136, "var": 0.00344677898102, "min": 0.124645747244, "dmean": 0.0387568101287, "mean": 0.394647121429, "max": 0.499946862459, "dmean2": 0.0654513984919, "median": 0.402034878731, "dvar": 0.00130237371195}, "erbbands_flatness_db": {"dvar2": 0.000590526557062, "var": 0.00372768007219, "min": 0.0290917810053, "dmean": 0.0158768352121, "mean": 0.237087473273, "max": 0.436978787184, "dmean2": 0.022900974378, "median": 0.236233264208, "dvar": 0.000275991187664}, "spectral_strongpeak": {"dvar2": 1.24289739132, "var": 3.20662045479, "min": 0, "dmean": 0.420178502798, "mean": 1.30618977547, "max": 13.8953943253, "dmean2": 0.66811054945, "median": 0.668528199196, "dvar": 0.549754977226}, "spectral_rms": {"dvar2": 5.15511089816e-07, "var": 5.09110532221e-06, "min": 3.14281044765e-12, "dmean": 0.000415808463003, "mean": 0.00347772473469, "max": 0.0154593717307, "dmean2": 0.000569533091038, "median": 0.00307555124164, "dvar": 2.88614018018e-07}, "silence_rate_60dB": {"dvar2": 0.074491083622, "var": 0.164851248264, "min": 0, "dmean": 0.0341658554971, "mean": 0.20821622014, "max": 1, "dmean2": 0.0683391019702, "median": 0, "dvar": 0.0330002978444}, "melbands": {"dvar2": [6.05857479741e-08, 5.00251111646e-08, 3.66769654647e-08, 4.2228498387e-07, 7.35052253731e-07, 1.06748711914e-06, 1.17454385418e-06, 4.72814832619e-07, 9.11196138986e-07, 2.68454041219e-08, 8.17989160851e-08, 2.66588017439e-07, 2.78644449736e-07, 1.55569580329e-07, 2.36914790008e-08, 9.04584673833e-09, 4.06201045022e-10, 2.20526458206e-10, 3.20043054558e-11, 8.78375584074e-12, 3.0038665999e-11, 8.88541410587e-12, 4.8552429438e-12, 2.3391863533e-12, 6.3791430905e-13, 2.74952342795e-13, 3.47702823564e-13, 1.87622421939e-12, 2.18377030868e-12, 3.11326241479e-13, 2.34978377901e-13, 1.51458598267e-13, 1.89934179495e-12, 5.21754514593e-12, 1.11402926814e-11, 1.17470174213e-11, 1.75896814475e-11, 8.21515078187e-12, 8.68173588575e-12, 1.07580238121e-11], "var": [1.06402455913e-06, 8.83007146513e-07, 3.81542086814e-08, 6.66818323225e-07, 1.41670113862e-06, 2.88793717118e-06, 4.48491164207e-06, 1.78687253083e-06, 3.97325493395e-06, 7.29191000914e-08, 2.56929638454e-07, 9.04430635273e-07, 7.90560136466e-07, 4.19681839503e-07, 8.67521166015e-08, 3.20373807483e-08, 5.35603672525e-10, 2.6066482306e-10, 5.9751703585e-11, 1.12679032771e-11, 3.78697559422e-11, 2.07684407866e-11, 2.3338234123e-11, 5.39183237988e-12, 1.49170671475e-12, 4.79665840467e-13, 9.53473194495e-13, 3.49907277632e-12, 3.47370049392e-12, 4.8174843021e-13, 2.6254326946e-13, 1.18087533025e-13, 1.37098611543e-12, 4.02035002511e-12, 7.32017658295e-12, 6.96962626501e-12, 1.01642123537e-11, 6.25509409893e-12, 6.76868760693e-12, 9.55231033162e-12], "min": [1.18608274214e-24, 4.84902691159e-25, 4.38744713961e-25, 5.50745065221e-25, 1.41262791551e-24, 1.4222124769e-24, 1.43322655286e-24, 1.85522414424e-24, 1.74186562102e-24, 1.65285686736e-24, 1.42047264418e-24, 1.99552759218e-24, 2.27976502317e-24, 2.83023334612e-24, 2.46448252337e-24, 2.58330765545e-24, 2.65774358439e-24, 2.19600140567e-24, 2.76747531959e-24, 3.40560127469e-24, 3.40055927022e-24, 3.2194060408e-24, 3.32130912039e-24, 2.8235885735e-24, 2.83023374055e-24, 4.12680867982e-24, 3.51503521491e-24, 5.03637319215e-24, 3.78815542637e-24, 5.50817827779e-24, 5.12907618143e-24, 5.1093262598e-24, 5.08862339421e-24, 5.43940893394e-24, 6.22541731813e-24, 5.63878840014e-24, 5.2266815468e-24, 5.47082571392e-24, 6.13443798993e-24, 5.6620112819e-24], "dmean": [5.75010999455e-05, 0.000102181642433, 4.68842554255e-05, 0.000162238706253, 0.00022550788708, 0.000227514639846, 0.000216525804717, 0.000110616718302, 0.00010181471589, 3.80958263122e-05, 5.95383971813e-05, 0.000107802814455, 8.43847956276e-05, 6.18316480541e-05, 2.76003011095e-05, 1.3118617062e-05, 3.15739680445e-06, 2.44917077907e-06, 1.07557502815e-06, 5.15940485002e-07, 9.02665362901e-07, 4.99159511946e-07, 3.91645386344e-07, 3.27402432276e-07, 1.92116615949e-07, 1.45942138374e-07, 1.62392339575e-07, 3.15114249361e-07, 1.93782341285e-07, 1.17493911489e-07, 8.33105175957e-08, 4.16433465489e-08, 1.0728197708e-07, 2.18132257146e-07, 3.95266795294e-07, 3.56570069471e-07, 3.2632377156e-07, 2.74812009593e-07, 2.64969600039e-07, 3.0553425745e-07], "mean": [0.00032109892345, 0.000436772359535, 0.000155655201524, 0.000426221813541, 0.000661317782942, 0.000643923995085, 0.000570546719246, 0.000298384489724, 0.00027070438955, 9.27860382944e-05, 0.000146995502291, 0.000278034538496, 0.000206390657695, 0.000145554964547, 6.46722692181e-05, 3.0826231523e-05, 5.7328074945e-06, 4.43399721917e-06, 2.23625602302e-06, 9.57310817284e-07, 1.68166093317e-06, 1.08686128897e-06, 9.350030723e-07, 7.18029468771e-07, 4.38446079443e-07, 3.25127416545e-07, 3.88567315213e-07, 6.78180640534e-07, 3.88966924447e-07, 2.36179829471e-07, 1.61123111297e-07, 6.51191243151e-08, 1.35952603841e-07, 3.06958725105e-07, 6.20063872248e-07, 5.45517707451e-07, 4.24260008458e-07, 4.12355092294e-07, 4.22270005629e-07, 4.6034801926e-07], "max": [0.0190548449755, 0.0170929692686, 0.00245027546771, 0.0116265611723, 0.0123934969306, 0.0290501341224, 0.0578236021101, 0.0300077535212, 0.0465804934502, 0.0049126050435, 0.0110118212178, 0.0203238818794, 0.015194828622, 0.0144288586453, 0.00684208329767, 0.00331093440764, 0.000437051610788, 0.00045273010619, 0.000155904068379, 6.76702184137e-05, 0.000161182048032, 0.000111641587864, 0.00012153636635, 5.17872322234e-05, 2.66498245765e-05, 9.91937758954e-06, 1.48384551721e-05, 4.20234719058e-05, 6.35454562143e-05, 1.28099409267e-05, 9.94344463834e-06, 7.17841248843e-06, 4.02711266361e-05, 5.1256014558e-05, 5.87967624597e-05, 6.9253037509e-05, 8.09984485386e-05, 5.13682280143e-05, 9.017137927e-05, 0.000119746902783], "dmean2": [5.45612201677e-05, 9.82398778433e-05, 7.06077044015e-05, 0.000260767905274, 0.000324367225403, 0.000333866715664, 0.000288942625048, 0.000147825528984, 0.000142273085658, 5.1874689234e-05, 8.15936800791e-05, 0.000149106723256, 0.000118271404062, 8.72930249898e-05, 3.79369848815e-05, 1.78447971848e-05, 4.63532660433e-06, 3.63777689927e-06, 1.60688603046e-06, 8.26324082936e-07, 1.37041683956e-06, 7.222999443e-07, 5.2868426792e-07, 4.70183948664e-07, 2.69029612809e-07, 2.21206633455e-07, 2.23915932906e-07, 4.46969522727e-07, 2.72937370482e-07, 1.73866496311e-07, 1.29019682049e-07, 6.35030943386e-08, 1.71738392396e-07, 3.42939642906e-07, 6.12954067947e-07, 5.58267231554e-07, 5.03046578615e-07, 4.25504651957e-07, 3.97170225597e-07, 4.44598782678e-07], "median": [8.81675259734e-06, 8.03649818408e-05, 8.65220790729