{"tonal": {"thpcp": [1, 0.624664485455, 0.164335548878, 0.10741045326, 0.116881333292, 0.23756878078, 0.359970927238, 0.284444123507, 0.206889018416, 0.273387521505, 0.379353612661, 0.628121614456, 0.693698048592, 0.390804857016, 0.293304175138, 0.348796397448, 0.262311607599, 0.195511475205, 0.224741667509, 0.348432779312, 0.745188772678, 0.959953069687, 0.573806285858, 0.264670819044, 0.272970050573, 0.313572943211, 0.349737673998, 0.350392818451, 0.257070034742, 0.17697224021, 0.160559013486, 0.138574451208, 0.206139162183, 0.304894387722, 0.282726556063, 0.601510226727], "hpcp": {"dmean2": [0.285859644413, 0.228441640735, 0.153548568487, 0.146158888936, 0.152551174164, 0.152227967978, 0.148327454925, 0.119041860104, 0.0919063836336, 0.0863739624619, 0.0768267810345, 0.0985224246979, 0.146218702197, 0.156074211001, 0.20479311049, 0.243569687009, 0.19914612174, 0.106584101915, 0.0806393548846, 0.079671472311, 0.109442099929, 0.155069857836, 0.153990536928, 0.147032648325, 0.175445556641, 0.202937588096, 0.225712299347, 0.228745087981, 0.162169009447, 0.136064678431, 0.148643746972, 0.134917706251, 0.121572889388, 0.141968384385, 0.164457574487, 0.241270750761], "median": [0.256833195686, 0.128820925951, 0.0311800092459, 0.0248668007553, 0.0241136550903, 0.0317965559661, 0.0328610390425, 0.0318320132792, 0.0271437689662, 0.0189288202673, 0.0114619247615, 0.0308130383492, 0.038726195693, 0.0418233722448, 0.133589357138, 0.21841403842, 0.136572629213, 0.0205833725631, 0.00704659707844, 0.00893399864435, 0.0324805602431, 0.0546810626984, 0.0385949276388, 0.0154770230874, 0.0213889069855, 0.035339012742, 0.119228705764, 0.120247900486, 0.0592089146376, 0.0212306343019, 0.0200004018843, 0.0169662423432, 0.0140216238797, 0.0143345156685, 0.0343767553568, 0.171122670174], "min": [0, 0, 0, 0, 0, 0, 0, 0, 0, 0, 0, 0, 0, 0, 0, 0, 0, 0, 0, 0, 0, 0, 0, 0, 0, 0, 0, 0, 0, 0, 0, 0, 0, 0, 0, 0], "dvar2": [0.099237382412, 0.0845355540514, 0.084051437676, 0.0772983282804, 0.081638276577, 0.0693672895432, 0.0676815882325, 0.0478383637965, 0.0323913916945, 0.0321504920721, 0.0266451556236, 0.0280650500208, 0.0574156679213, 0.0561035647988, 0.0680636838078, 0.101356767118, 0.0649357661605, 0.0392361283302, 0.0387991443276, 0.0346125662327, 0.042502425611, 0.0622200556099, 0.0699558779597, 0.0746832937002, 0.0876659303904, 0.092905305326, 0.0891313999891, 0.0896966829896, 0.0593612007797, 0.0643095821142, 0.0711840242147, 0.0653451681137, 0.057149451226, 0.0785108357668, 0.0677957907319, 0.0830932185054], "dvar": [0.0428353846073, 0.0335876494646, 0.0315576866269, 0.0292163714767, 0.0330137088895, 0.0279092825949, 0.0291262958199, 0.0206175241619, 0.0124291023239, 0.0132991978899, 0.0106527945027, 0.010968580842, 0.0241944640875, 0.0223857332021, 0.0272776596248, 0.0455043911934, 0.0260527376086, 0.0147266890854, 0.014311327599, 0.0130217764527, 0.0167989563197, 0.0264495685697, 0.0278996117413, 0.0292365048081, 0.0340651869774, 0.0375504121184, 0.0367174111307, 0.0393711514771, 0.0234787594527, 0.0253062006086, 0.0305652357638, 0.0266412273049, 0.023913083598, 0.0301800519228, 0.0274538993835, 0.0354311838746], "dmean": [0.175450414419, 0.138175532222, 0.0906277745962, 0.0870196372271, 0.0909776389599, 0.0926943421364, 0.0889990478754, 0.0722577124834, 0.0555968433619, 0.0521280430257, 0.0452529676259, 0.0592506676912, 0.0886304229498, 0.0918065011501, 0.12330583483, 0.147035747766, 0.121745802462, 0.0618183091283, 0.0462134033442, 0.0460388250649, 0.0657980069518, 0.094852514565, 0.0911349803209, 0.084573045373, 0.102042399347, 0.119678117335, 0.136535733938, 0.140455424786, 0.0997934490442, 0.080757252872, 0.0894426181912, 0.0807476788759, 0.0716755539179, 0.0831918716431, 0.098219498992, 0.1446544379], "max": [1, 1, 1, 1, 1, 1, 1, 1, 1, 1, 1, 1, 1, 1, 1, 1, 1, 1, 1, 1, 1, 1, 1, 1, 1, 1, 1, 1, 1, 1, 1, 1, 1, 1, 1, 1], "var": [0.115287110209, 0.0591411665082, 0.0380760990083, 0.0425042882562, 0.0554727837443, 0.0535088740289, 0.0584945604205, 0.032821893692, 0.0135594615713, 0.0175349712372, 0.014398811385, 0.0168736837804, 0.0393687523901, 0.030775975436, 0.0598184615374, 0.149307101965, 0.0644071176648, 0.0145746674389, 0.0122981900349, 0.0130678769201, 0.0253287982196, 0.0447796471417, 0.0344429090619, 0.0301009435207, 0.0415665917099, 0.0583655796945, 0.0835298895836, 0.104527711868, 0.0433109551668, 0.0461273230612, 0.0636310130358, 0.0406975634396, 0.0302025098354, 0.035500138998, 0.0526358447969, 0.0913692861795], "mean": [0.372623413801, 0.222733452916, 0.102736838162, 0.105958342552, 0.121719092131, 0.135757103562, 0.136011406779, 0.0997864603996, 0.0686950236559, 0.0623239278793, 0.0537902154028, 0.0800167024136, 0.118350356817, 0.109745509923, 0.23348723352, 0.388168364763, 0.242474988103, 0.0637898594141, 0.041693340987, 0.0453696362674, 0.0922166854143, 0.139729321003, 0.110412210226, 0.0803077742457, 0.10612038523, 0.147253066301, 0.243816941977, 0.26927164197, 0.151698082685, 0.11385139823, 0.13539172709, 0.1018210724, 0.0758913680911, 0.0872376039624, 0.135250583291, 0.289258718491]}, "tuning_equal_tempered_deviation": 0.0626784041524, "chords_changes_rate": 0.0466893054545, "key_key": "D", "tuning_diatonic_strength": 0.657715559006, "key_scale": "major", "chords_number_rate": 0.00311262020841, "tuning_frequency": 433.942382813, "tuning_nontempered_energy_ratio": 0.691133856773, "chords_histogram": [57.3005104065, 1.72608935833, 5.03678560257, 0.424448221922, 0, 0.254668921232, 0, 0.169779285789, 0.509337842464, 2.20713067055, 5.48953008652, 0.141482740641, 6.36672306061, 0, 0.113186188042, 4.98019218445, 4.21618556976, 6.16864728928, 0.848896443844, 0.254668921232, 0, 0, 2.77306175232, 1.01867568493], "key_strength": 0.814279079437, "chords_key": "D", "chords_strength": {"dmean2": 0.00991262774915, "median": 0.592828333378, "min": -1, "dvar2": 0.00109978346154, "dvar": 0.000611040275544, "dmean": 0.0105280196294, "max": 0.802235245705, "var": 0.0214189402759, "mean": 0.571913599968}, "chords_scale": "major", "hpcp_entropy": {"dmean2": 1.01762890816, "median": 1.7364654541, "min": 0, "dvar2": 0.704845666885, "dvar": 0.268651425838, "dmean": 0.606751441956, "max": 4.04435586929, "var": 0.550412535667, "mean": 1.71054756641}}, "metadata": {"audio_properties": {"equal_loudness": 0, "codec": "flac", "downmix": "mix", "sample_rate": 44100, "analysis_sample_rate": 44100, "bit_rate": 0, "md5_encoded": "c6c4dae0a1e18a5949bb3106cd587dc2", "length": 164.039993286, "replay_gain": -11.3268814087, "lossless": true}, "version": {"essentia_build_sha": "2d9f1f26377add8aeb1075a9c2973f962c4f09fd", "essentia": "2.1-beta2", "extractor": "music 1.0", "essentia_git_sha": "v2.1_beta2-1-ge3940c0"}, "tags": {"title": ["New York Town"], "barcode": ["074646487723"], "media": ["CD"], "albumartist": ["Lester Flatt & Earl Scruggs"], "tracktotal": ["17"], "musicbrainz_releasegroupid": ["836d9a79-50b9-3a97-9608-6b082afe2cee"], "releasetype": ["album", "compilation"], "musicbrainz_recordingid": ["10fe4f16-e5a2-4762-810a-aafb2242b3ae"], "musicbrainz_albumartistid": ["77029a1c-76fa-4350-a1a8-dacc10230b6f"], "originalyear": ["1997"], "musicbrainz_releasetrackid": ["545b4c05-d969-3b1e-a69d-3d68a45ba120"], "discnumber": ["2"], "album": ["The Essential Flatt & Scruggs: 'Tis Sweet to Be Remembered..."], "catalognumber": ["C2K 64877"], "releasecountry": ["US"], "originaldate": ["1997"], "albumartistsort": ["Flatt, Lester & Scruggs, Earl"], "date": ["1997"], "file_name": "a54f83fc40c893a04fce9e203d12.flac", "disctotal": ["2"], "acoustid_id": ["2708a54f-83fc-40c8-93a0-4fce9e203d12"], "musicbrainz_artistid": ["77029a1c-76fa-4350-a1a8-dacc10230b6f"], "asin": ["B000002AD3"], "musicbrainz_albumid": ["bd1b3072-8d20-48ac-875e-2d70b49d5afc"], "tracknumber": ["6"], "artistsort": ["Flatt, Lester & Scruggs, Earl"], "artist": ["Lester Flatt & Earl Scruggs"], "label": ["Legacy"], "releasestatus": ["official"], "totaldiscs": ["2"], "script": ["Latn"], "totaltracks": ["17"]}}, "rhythm": {"bpm_histogram_first_peak_bpm": {"dmean2": 0, "median": 108, "min": 108, "dvar2": 0, "dvar": 0, "dmean": 0, "max": 108, "var": 0, "mean": 108}, "bpm": 107.875785828, "bpm_histogram_second_peak_spread": {"dmean2": 0, "median": 0.375, "min": 0.375, "dvar2": 0, "dvar": 0, "dmean": 0, "max": 0.375, "var": 0, "mean": 0.375}, "bpm_histogram_first_peak_weight": {"dmean2": 0, "median": 0.496621608734, "min": 0.496621608734, "dvar2": 0, "dvar": 0, "dmean": 0, "max": 0.496621608734, "var": 0, "mean": 0.496621608734}, "onset_rate": 4.04728507996, "beats_position": [0.545668900013, 1.11455774307, 1.67183673382, 2.21750569344, 2.76317453384, 3.32045340538, 3.87773227692, 4.42340135574, 4.96907043457, 5.51473903656, 6.08362817764, 6.64090681076, 7.19818592072, 7.76707458496, 8.32435321808, 8.893242836, 9.45052146912, 10.0078001022, 10.5534696579, 11.0991382599, 11.6448068619, 12.2136955261, 12.782585144, 13.3398637772, 13.8855323792, 14.4428119659, 15.0000905991, 15.5573692322, 16.0914287567, 16.6487064362, 17.2059860229, 17.7632656097, 18.3321533203, 18.9010429382, 19.4699325562, 20.0388202667, 20.6077098846, 21.153377533, 21.7106571198, 22.2679367065, 22.825214386, 23.3592739105, 23.9165534973, 24.4738311768, 25.0311107635, 25.6000003815, 26.168888092, 26.7261676788, 27.2834453583, 27.8407249451, 28.3980045319, 28.9552822113, 29.5241718292, 30.0930614471, 30.6619491577, 31.2308387756, 31.7881164551, 32.3337860107, 32.8794555664, 33.4367332458, 33.99401474, 34.5629005432, 35.1201820374, 35.6890678406, 36.2463493347, 36.8036270142, 37.3609046936, 37.9181861877, 38.4754638672, 39.0675735474, 39.6596832275, 40.216960907, 40.7742385864, 41.3199081421, 41.8771858215, 42.4228553772, 42.9685249329, 43.5141944885, 44.071472168, 44.6171417236, 45.1744194031, 45.7200889587, 46.2657585144, 46.8114280701, 47.3687057495, 47.9259872437, 48.4832649231, 49.0289344788, 49.5746040344, 50.1318817139, 50.6659393311, 51.2116088867, 51.7572784424, 52.302947998, 52.8486175537, 53.3942832947, 53.9399528503, 54.485622406, 55.0312919617, 55.5769615173, 56.122631073, 56.6799087524, 57.2371864319, 57.7828559875, 58.3285255432, 58.8858032227, 59.4430847168, 60.0003623962, 60.5576400757, 61.1033096313, 61.6605873108, 62.2178688049, 62.7751464844, 63.3440361023, 63.9013137817, 64.4585952759, 65.0158691406, 65.5731506348, 66.1304321289, 66.6877059937, 67.2449874878, 67.8022689819, 68.3595428467, 68.9168243408, 69.4624938965, 70.0081634521, 70.5654373169, 71.122718811, 71.6800003052, 72.2372741699, 72.7945556641, 73.3402252197, 73.8742828369, 74.4199523926, 74.9772338867, 75.5461196899, 76.1150131226, 76.6838989258, 77.252784729, 77.8100662231, 78.3673477173, 78.9130172729, 79.4586868286, 80.0159606934, 80.5732421875, 81.1305236816, 81.6877975464, 82.256690979, 82.8139648438, 83.3828582764, 83.9517440796, 84.5090255737, 85.077911377, 85.6468048096, 86.2156906128, 86.7729721069, 87.3302459717, 87.8875274658, 88.44480896, 89.0020828247, 89.5593643188, 90.1282501221, 90.6971435547, 91.2544174194, 91.8116989136, 92.3689804077, 92.9262542725, 93.4835357666, 94.0408172607, 94.6213150024, 95.1902008057, 95.7590942383, 96.3279800415, 96.8736495972, 97.4309310913, 97.976600647, 98.5222625732, 99.0795440674, 99.6368255615, 100.194099426, 100.75138092, 101.308662415, 101.865936279, 102.411605835, 102.957275391, 103.514556885, 104.071838379, 104.617500305, 105.186393738, 105.732063293, 106.277732849, 106.823402405, 107.36907196, 107.914733887, 108.472015381, 109.017684937, 109.574966431, 110.132240295, 110.677909851, 111.223579407, 111.780860901, 112.338134766, 112.907028198, 113.475914001, 114.033195496, 114.578865051, 115.124534607, 115.658592224, 116.215873718, 116.773147583, 117.342041016, 117.910926819, 118.468208313, 119.037094116, 119.605987549, 120.163261414, 120.720542908, 121.277824402, 121.846710205, 122.415596008, 122.984489441, 123.553375244, 124.122268677, 124.667930603, 125.213600159, 125.770881653, 126.316551208, 126.873832703, 127.431106567, 128, 128.557281494, 129.10295105, 129.660217285, 130.205886841, 130.763168335, 131.332061768, 131.9009552, 132.469833374, 133.027114868, 133.584396362, 134.130065918, 134.675735474, 135.233016968, 135.790298462, 136.347564697, 136.904846191, 137.462127686, 138.01940918, 138.576690674, 139.133972168, 139.691238403, 140.248519897, 140.794189453, 141.339859009, 141.908752441, 142.477645874, 143.034912109, 143.592193604, 144.149475098, 144.695144653, 145.240814209, 145.798095703, 146.355377197, 146.912643433, 147.481536865, 148.027206421, 148.572875977, 149.118545532, 149.675827026, 150.233108521, 150.790390015, 151.34765625, 151.904937744, 152.462219238, 153.019500732, 153.576782227, 154.134063721, 154.702941895, 155.271835327, 155.829116821, 156.386398315, 156.943664551, 157.500946045, 157.930511475, 158.371704102, 158.81288147, 159.265670776, 159.718460083, 160.17124939, 160.565979004, 160.960723877, 161.35546875, 161.750198364, 162.144943237, 162.55128479, 162.957641602, 163.363983154], "beats_loudness": {"dmean2": 0.0260328333825, "median": 0.0176483951509, "min": 0, "dvar2": 0.000679917167872, "dvar": 0.000276754493825, "dmean": 0.0151846185327, "max": 0.107354074717, "var": 0.000351807859261, "mean": 0.0231005754322}, "danceability": 1.1032679081, "bpm_histogram_second_peak_weight": {"dmean2": 0, "median": 0.0168918911368, "min": 0.0168918911368, "dvar2": 0, "dvar": 0, "dmean": 0, "max": 0.0168918911368, "var": 0, "mean": 0.0168918911368}, "beats_count": 297, "bpm_histogram_second_peak_bpm": {"dmean2": 0, "median": 152, "min": 152, "dvar2": 0, "dvar": 0, "dmean": 0, "max": 152, "var": 0, "mean": 152}, "bpm_histogram_first_peak_spread": {"dmean2": 0, "median": 0.473118305206, "min": 0.473118305206, "dvar2": 0, "dvar": 0, "dmean": 0, "max": 0.473118305206, "var": 0, "mean": 0.473118305206}, "beats_loudness_band_ratio": {"dmean2": [0.261761307716, 0.232519328594, 0.288773149252, 0.232668191195, 0.138145104051, 0.0600206926465], "median": [0.130770787597, 0.132165968418, 0.28579056263, 0.124008923769, 0.0797591358423, 0.0262555386871], "min": [0, 0, 0, 0, 0, 0], "dvar2": [0.0487936250865, 0.0474763326347, 0.058537222445, 0.0652700066566, 0.0159190241247, 0.00863532256335], "dvar": [0.0188681706786, 0.0187828093767, 0.0219968687743, 0.0244516134262, 0.00717879645526, 0.00369650335051], "dmean": [0.150546595454, 0.138892054558, 0.173257574439, 0.13382935524, 0.0843943804502, 0.0349554680288], "max": [0.738584697247, 0.838167011738, 0.873850822449, 0.795485794544, 0.473989278078, 0.827037513256], "var": [0.0242842920125, 0.0249802935869, 0.0415034368634, 0.0288035403937, 0.0136216226965, 0.00675212638453], "mean": [0.184167787433, 0.179673522711, 0.327390730381, 0.175456553698, 0.125947788358, 0.048643078655]}}, "lowlevel": {"barkbands_spread": {"dmean2": 5.16820049286, "median": 15.1562652588, "min": 1.06160843372, "dvar2": 38.6501541138, "dvar": 18.0144767761, "dmean": 3.41255879402, "max": 138.518737793, "var": 169.17829895, "mean": 17.9377689362}, "melbands_spread": {"dmean2": 8.00962543488, "median": 18.886302948, "min": 1.36911380291, "dvar2": 122.337562561, "dvar": 56.3164825439, "dmean": 5.31420278549, "max": 174.193649292, "var": 426.931793213, "mean": 25.2924232483}, "hfc": {"dmean2": 5.46853256226, "median": 7.99216651917, "min": 1.07530012091e-16, "dvar2": 87.4953308105, "dvar": 57.9202423096, "dmean": 4.15222501755, "max": 159.446456909, "var": 280.771148682, "mean": 14.0418195724}, "barkbands_kurtosis": {"dmean2": 2.22160840034, "median": 1.12921977043, "min": -1.88465452194, "dvar2": 13.0719804764, "dvar": 5.66262769699, "dmean": 1.42714774609, "max": 71.8537216187, "var": 21.1070690155, "mean": 2.20956587791}, "gfcc": {"mean": [-72.2562255859, 110.724197388, -143.124832153, 14.9086799622, -58.1484909058, -15.30519104, -32.9720306396, 3.70083999634, -21.3581542969, -5.39484548569, -11.2235631943, -5.28334951401, -11.9131593704], "icov": [[0.000796151522081, -0.0019609616138, 0.0019906423986, -0.00173482042737, 0.00232221116312, -0.00196617166512, 0.00222123833373, -0.00224822084419, 0.00178590288851, -0.0015100245364, 0.00113934837282, -0.00166025711223, 0.00152975902893], [-0.0019609616138, 0.00587434507906, -0.00477333320305, 0.00457124831155, -0.00612297235057, 0.00535059394315, -0.00610547186807, 0.00611807964742, -0.00480392109603, 0.00449904007837, -0.00280856806785, 0.00409894669428, -0.00421058665961], [0.0019906423986, -0.00477333320305, 0.00635542022064, -0.00392925087363, 0.00496175279841, -0.00530190579593, 0.00565276760608, -0.00542292743921, 0.00412549544126, -0.00406076246873, 0.00323872454464, -0.00525358784944, 0.00336101348512], [-0.00173482042737, 0.00457124831155, -0.00392925087363, 0.0082207499072, -0.00707023357973, 0.00383046222851, -0.00284943613224, 0.00330846151337, -0.00354199227877, 0.00262636947446, -0.00303129269741, 0.00368414213881, -0.00332731823437], [0.00232221116312, -0.00612297235057, 0.00496175279841, -0.00707023357973, 0.0122647341341, -0.00547797512263, 0.00442790379748, -0.00593360699713, 0.00459862453863, -0.00447301240638, 0.00254965061322, -0.0036552764941, 0.00412854971364], [-0.00196617166512, 0.00535059394315, -0.00530190579593, 0.00383046222851, -0.00547797512263, 0.0112954443321, -0.00987393129617, 0.00646251393482, -0.00345111684874, 0.00299586728215, -0.00229174946435, 0.00552899576724, -0.00467248354107], [0.00222123833373, -0.00610547186807, 0.00565276760608, -0.00284943613224, 0.00442790379748, -0.00987393129617, 0.0146335717291, -0.00812758412212, 0.00622615357861, -0.00419108569622, 0.00201698159799, -0.00666571687907, 0.00560280354694], [-0.00224822084419, 0.00611807964742, -0.00542292743921, 0.00330846151337, -0.00593360699713, 0.00646251393482, -0.00812758412212, 0.0157994404435, -0.00877891015261, 0.00575300538912, -0.00464861653745, 0.00466244854033, -0.00344172702171], [0.00178590288851, -0.00480392109603, 0.00412549544126, -0.00354199227877, 0.00459862453863, -0.00345111684874, 0.00622615357861, -0.00877891015261, 0.0126430345699, -0.00730832619593, 0.0023403626401, -0.00297997216694, 0.00193461030722], [-0.0015100245364, 0.00449904007837, -0.00406076246873, 0.00262636947446, -0.00447301240638, 0.00299586728215, -0.00419108569622, 0.00575300538912, -0.00730832619593, 0.0148153826594, -0.0030694832094, 0.0010671725031, -0.00358392344788], [0.00113934837282, -0.00280856806785, 0.00323872454464, -0.00303129269741, 0.00254965061322, -0.00229174946435, 0.00201698159799, -0.00464861653745, 0.0023403626401, -0.0030694832094, 0.0117179136723, -0.00520573975518, 0.00541955977678], [-0.00166025711223, 0.00409894669428, -0.00525358784944, 0.00368414213881, -0.0036552764941, 0.00552899576724, -0.00666571687907, 0.00466244854033, -0.00297997216694, 0.0010671725031, -0.00520573975518, 0.0173196904361, -0.00907677412033], [0.00152975902893, -0.00421058665961, 0.00336101348512, -0.00332731823437, 0.00412854971364, -0.00467248354107, 0.00560280354694, -0.00344172702171, 0.00193461030722, -0.00358392344788, 0.00541955977678, -0.00907677412033, 0.0193760637194]], "cov": [[19488.7246094, 1815.16662598, -3131.40307617, 540.100524902, -925.283081055, -255.517410278, -570.30279541, 245.914718628, -290.495880127, -209.862289429, -85.4713363647, -221.232437134, -253.689971924], [1815.16662598, 1222.08068848, -32.4225120544, -132.254608154, 83.6030044556, -31.0132827759, 109.393989563, -72.6081542969, -9.53867721558, -81.5217208862, -9.63983535767, 7.00999403, 27.2040653229], [-3131.40307617, -32.4225120544, 1013.68206787, -62.3867073059, 147.315124512, 107.450317383, 87.6314315796, -35.0851364136, 48.8510627747, 72.6784667969, -19.7378730774, 109.048980713, 81.7540435791], [540.100524902, -132.254608154, -62.3867073059, 336.879486084, 81.1273651123, -39.2087516785, -79.0040359497, 66.5311660767, 41.160697937, 28.1290569305, 31.292383194, -16.8525352478, -10.3423929214], [-925.283081055, 83.6030044556, 147.315124512, 81.1273651123, 272.648345947, 45.0001411438, 77.6644363403, 8.17103385925, 21.828125, 16.1980438232, 28.5899238586, 4.43669271469, 6.24688196182], [-255.517410278, -31.0132827759, 107.450317383, -39.2087516785, 45.0001411438, 287.740509033, 168.584869385, -29.4748802185, -58.911945343, 5.18607807159, -3.16801166534, 4.86493492126, 3.88440012932], [-570.30279541, 109.393989563, 87.6314315796, -79.0040359497, 77.6644363403, 168.584869385, 268.604217529, -3.32652425766, -47.8143348694, -7.88435792923, 27.811870575, 27.2361125946, -5.82921743393], [245.914718628, -72.6081542969, -35.0851364136, 66.5311660767, 8.17103385925, -29.4748802185, -3.32652425766, 155.415908813, 67.4200820923, 10.236371994, 34.9732284546, -1.50491309166, -13.2887735367], [-290.495880127, -9.53867721558, 48.8510627747, 41.160697937, 21.828125, -58.911945343, -47.8143348694, 67.4200820923, 189.021530151, 58.450756073, 15.3564472198, 10.9103374481, 19.1550102234], [-209.862289429, -81.5217208862, 72.6784667969, 28.1290569305, 16.1980438232, 5.18607807159, -7.88435792923, 10.236371994, 58.450756073, 117.519256592, 14.0768957138, 27.6286830902, 17.8806991577], [-85.4713363647, -9.63983535767, -19.7378730774, 31.292383194, 28.5899238586, -3.16801166534, 27.811870575, 34.9732284546, 15.3564472198, 14.0768957138, 125.496429443, 18.4708518982, -20.6136436462], [-221.232437134, 7.00999403, 109.048980713, -16.8525352478, 4.43669271469, 4.86493492126, 27.2361125946, -1.50491309166, 10.9103374481, 27.6286830902, 18.4708518982, 107.760742188, 38.6003952026], [-253.689971924, 27.2040653229, 81.7540435791, -10.3423929214, 6.24688196182, 3.88440012932, -5.82921743393, -13.2887735367, 19.1550102234, 17.8806991577, -20.6136436462, 38.6003952026, 85.767326355]]}, "spectral_energyband_middle_low": {"dmean2": 0.00404471112415, "median": 0.00553677789867, "min": 1.60668726827e-22, "dvar2": 3.76907992177e-05, "dvar": 1.82977146324e-05, "dmean": 0.00277182320133, "max": 0.0828159302473, "var": 8.13745937194e-05, "mean": 0.00870444905013}, "melbands_crest": {"dmean2": 4.23442649841, "median": 11.2654266357, "min": 1.65956282616, "dvar2": 15.7789564133, "dvar": 6.68094444275, "dmean": 2.69281172752, "max": 34.0088500977, "var": 31.6356735229, "mean": 12.5980815887}, "spectral_kurtosis": {"dmean2": 4.47993659973, "median": 5.98099374771, "min": -1.287774086, "dvar2": 20.4416370392, "dvar": 7.53680562973, "dmean": 2.61040425301, "max": 47.7529411316, "var": 19.0270175934, "mean": 7.01798200607}, "spectral_rms": {"dmean2": 0.000698112940881, "median": 0.00318213179708, "min": 3.16093050172e-12, "dvar2": 6.68018515171e-07, "dvar": 4.28833772048e-07, "dmean": 0.000523194379639, "max": 0.0107541708276, "var": 2.76218520412e-06, "mean": 0.00339454645291}, "zerocrossingrate": {"dmean2": 0.0078541804105, "median": 0.046875, "min": 0.01220703125, "dvar2": 0.000146350110299, "dvar": 9.54793285928e-05, "dmean": 0.00656266603619, "max": 0.81103515625, "var": 0.00458162324503, "mean": 0.060428019613}, "silence_rate_60dB": {"dmean2": 0.119479045272, "median": 0, "min": 0, "dvar2": 0.121631532907, "dvar": 0.0561653189361, "dmean": 0.0597310699522, "max": 1, "var": 0.116996526718, "mean": 0.135295778513}, "erbbands_kurtosis": {"dmean2": 1.1754065752, "median": -0.128862634301, "min": -1.85473918915, "dvar2": 3.02935171127, "dvar": 1.29293096066, "dmean": 0.748910903931, "max": 30.4307289124, "var": 5.01123428345, "mean": 0.415564239025}, "erbbands": {"dmean2": [0.00226801773533, 0.0688421800733, 0.257105797529, 0.916708111763, 2.9829223156, 2.91028761864, 2.85410070419, 8.41359901428, 21.4160442352, 21.4560756683, 27.1252937317, 24.4156742096, 17.2373447418, 26.256187439, 16.3386631012, 17.6455593109, 13.3645238876, 16.567522049, 17.9700069427, 16.2875442505, 9.85146045685, 12.3696622849, 18.0627422333, 10.9422330856, 12.7566280365, 6.98632240295, 1.9681469202, 1.06471395493, 0.795712411404, 0.480020344257, 0.377297133207, 0.248562142253, 0.0932928398252, 0.0452021844685, 0.0205041635782, 0.00986315961927, 0.00214166939259, 0.000399807089707, 5.12198166689e-05, 8.25991992315e-06], "median": [0.00134454970248, 0.0427634865046, 0.171657264233, 0.513278961182, 1.54788088799, 1.85422837734, 2.74323749542, 4.95747947693, 9.4846572876, 7.83342170715, 10.3328094482, 8.00852680206, 6.05219554901, 7.8147687912, 6.96330451965, 6.45570421219, 3.49671220779, 4.06473207474, 4.76088237762, 5.72684574127, 4.35748720169, 4.55636644363, 7.64723062515, 4.39928722382, 3.60122823715, 2.4999730587, 1.05872774124, 0.519311606884, 0.373703837395, 0.207758739591, 0.115587800741, 0.0721567794681, 0.0288742408156, 0.0153226349503, 0.00633525103331, 0.0021575584542, 0.000573389814235, 0.000153044544277, 4.06545150327e-05, 1.65406709129e-05], "min": [8.63552212102e-23, 7.14714038582e-22, 8.2719005364e-22, 7.81237838109e-21, 1.57171360345e-20, 2.64879323387e-20, 4.57760943193e-20, 7.18179856686e-20, 1.23108592633e-19, 1.71461474114e-19, 3.37032129796e-19, 3.37994735384e-19, 2.96382871833e-19, 6.21623076708e-19, 8.47399078073e-19, 1.61461292193e-18, 1.80367290914e-18, 2.33539804858e-18, 2.68027053226e-18, 3.54330218654e-18, 5.28416871933e-18, 5.35758968409e-18, 5.02757646614e-18, 5.7663657992e-18, 7.3849651113e-18, 6.29166891516e-18, 9.17388711537e-18, 1.12384058472e-17, 1.13380141094e-17, 1.21699526648e-17, 1.05816186506e-17, 1.12976807827e-17, 9.04462194668e-18, 8.69102125997e-18, 6.54641117891e-18, 4.76838810659e-18, 2.4938105805e-18, 9.83471426211e-19, 2.53904045451e-19, 2.72372416514e-20], "dvar2": [1.64381544892e-05, 0.0147259132937, 0.20900221169, 3.29779553413, 32.8031425476, 40.2444496155, 30.8413238525, 393.288970947, 2699.86035156, 2672.35620117, 3917.6171875, 4950.33056641, 3715.29223633, 5501.91796875, 2467.16064453, 2371.22631836, 3115.6237793, 4023.78955078, 4586.33203125, 2449.73242188, 497.254455566, 1008.63580322, 1595.63220215, 599.799560547, 1145.59899902, 345.750396729, 28.0059871674, 9.01112937927, 7.79079389572, 1.62076127529, 4.46336221695, 2.58137822151, 0.118605218828, 0.0269378498197, 0.00499174837023, 0.00171069323551, 3.54768089892e-05, 9.798471865e-07, 1.28767849716e-08, 1.34952840569e-10], "dvar": [1.02013773358e-05, 0.00727529311553, 0.102341860533, 1.33173048496, 13.4278707504, 18.1108074188, 14.7941741943, 200.806716919, 1261.44689941, 1267.61108398, 1624.4954834, 2335.82470703, 1747.12243652, 2997.14160156, 1109.25048828, 1156.5826416, 1534.00146484, 2171.89941406, 2336.86303711, 1168.91247559, 233.054428101, 508.754882813, 925.043945313, 359.861602783, 654.40222168, 167.952377319, 12.6182041168, 3.72734713554, 3.08482170105, 0.785236537457, 2.11184072495, 1.23189651966, 0.0592839829624, 0.0136038577184, 0.00226092617959, 0.000718842085917, 1.54027147801e-05, 3.82590286563e-07, 5.00822405769e-09, 7.67207061769e-11], "dmean": [0.00182642345317, 0.0483494997025, 0.174410521984, 0.556866824627, 1.86055254936, 1.8774753809, 1.98375689983, 5.76410388947, 14.5978870392, 14.2446165085, 17.3735389709, 16.4639339447, 11.7248764038, 18.1033058167, 11.1533060074, 11.6019325256, 9.53365135193, 12.0876998901, 13.3114099503, 11.1384916306, 6.68112611771, 8.7691078186, 13.1250009537, 7.95593881607, 9.18936347961, 4.89598083496, 1.30686450005, 0.706731975079, 0.534606635571, 0.332828611135, 0.258438259363, 0.170401990414, 0.0636400952935, 0.0309659317136, 0.0135564431548, 0.00632318621501, 0.00136109860614, 0.000245759292739, 3.15021861752e-05, 5.94425364397e-06], "max": [0.0568662472069, 1.78926682472, 7.45876026154, 47.3152008057, 92.1092453003, 150.103424072, 98.0110778809, 506.096252441, 1041.18603516, 836.396057129, 1069.69104004, 1066.04772949, 1581.22363281, 1599.33898926, 1415.21716309, 1211.35852051, 1723.97668457, 1349.64562988, 1482.90258789, 822.047119141, 436.493988037, 426.901062012, 843.526123047, 414.477203369, 735.015258789, 332.780212402, 128.467498779, 46.0548820496, 75.2622833252, 28.0742778778, 60.2948417664, 53.8118400574, 8.700756073, 4.04292917252, 1.53064870834, 1.23274862766, 0.153535783291, 0.00974120106548, 0.00123256794177, 0.000156744048581], "var": [8.11154241092e-05, 0.0285736247897, 0.288576036692, 2.18923425674, 33.0562210083, 54.8414421082, 68.231918335, 1033.06335449, 9859, 4099.65917969, 2380.88330078, 4349.11132813, 4046.36303711, 9431.23828125, 2494.00927734, 2513.96972656, 4898.31298828, 8721.11328125, 5136.5625, 2963.82836914, 847.919494629, 1431.17932129, 3684.59814453, 1615.81506348, 2391.22265625, 565.733825684, 25.5567817688, 5.76386880875, 3.7383286953, 1.58407270908, 2.46527004242, 1.41324985027, 0.0907646566629, 0.0196902062744, 0.00287058879621, 0.000827362935524, 1.88895883184e-05, 3.88022044717e-07, 5.38795763561e-09, 3.27819410506e-10], "mean": [0.0058290171437, 0.124294362962, 0.356705635786, 0.958528280258, 3.40744829178, 3.93706655502, 5.62576389313, 15.6372175217, 43.6223144531, 29.4825878143, 26.843542099, 29.5582695007, 21.6582355499, 35.3026924133, 21.0483093262, 19.8980045319, 19.0460395813, 25.5194263458, 25.9505176544, 22.4506912231, 15.6734428406, 19.5379238129, 32.0367851257, 20.470785141, 22.4866657257, 12.0107936859, 2.69086027145, 1.26946210861, 0.940090537071, 0.625521361828, 0.402109652758, 0.261021524668, 0.104238338768, 0.0488576181233, 0.0200860127807, 0.00862954556942, 0.00182673346717, 0.00035941216629, 6.36253680568e-05, 2.1955174816e-05]}, "spectral_strongpeak": {"dmean2": 0.860132217407, "median": 0.78714209795, "min": 0, "dvar2": 1.8426400423, "dvar": 0.756569087505, "dmean": 0.535378038883, "max": 10.3574962616, "var": 2.12787532806, "mean": 1.29283952713}, "spectral_energy": {"dmean2": 0.00560055160895, "median": 0.0103791123256, "min": 1.02412682341e-20, "dvar2": 6.81166784489e-05, "dvar": 4.02643381676e-05, "dmean": 0.00411087274551, "max": 0.118543490767, "var": 0.00018833312788, "mean": 0.0146421836689}, "average_loudness": 0.838910400867, "spectral_rolloff": {"dmean2": 513.962646484, "median": 1162.79296875, "min": 215.33203125, "dvar2": 647230.625, "dvar": 309134.0625, "dmean": 316.152587891, "max": 21920.8007813, "var": 7064395.5, "mean": 1884.15795898}, "spectral_centroid": {"dmean2": 292.388946533, "median": 1176.87573242, "min": 312.990356445, "dvar2": 142709.71875, "dvar": 73501.4296875, "dmean": 198.830856323, "max": 12084.3632813, "var": 1308654.5, "mean": 1445.8614502}, "pitch_salience": {"dmean2": 0.0896928831935, "median": 0.592698335648, "min": 0.162964805961, "dvar2": 0.00615311926231, "dvar": 0.00261195050552, "dmean": 0.0566244125366, "max": 0.99304485321, "var": 0.0116595150903, "mean": 0.585266053677}, "spectral_energyband_middle_high": {"dmean2": 0.0023155217059, "median": 0.00234539690427, "min": 1.20986806911e-21, "dvar2": 1.76979410753e-05, "dvar": 1.22620440379e-05, "dmean": 0.0017472144682, "max": 0.0989137738943, "var": 6.2743856688e-05, "mean": 0.00512990634888}, "spectral_contrast_coeffs": {"dmean2": [0.0721724107862, 0.0733080208302, 0.0625507161021, 0.0496872626245, 0.0409200638533, 0.0272691324353], "median": [-0.623238742352, -0.697269082069, -0.73316013813, -0.738515496254, -0.747072577477, -0.746181130409], "min": [-0.976441025734, -0.98349237442, -0.982049047947, -0.982878386974, -0.965848207474, -0.964455008507], "dvar2": [0.00356626557186, 0.00357164232992, 0.00278456392698, 0.00167323846836, 0.00129255931824, 0.000594221928623], "dvar": [0.00134991772939, 0.00154259812552, 0.00120728928596, 0.000821335008368, 0.000707959348802, 0.0002846668649], "dmean": [0.0439684577286, 0.0456767454743, 0.0393219217658, 0.0322337932885, 0.0276675429195, 0.0178102310747], "max": [-0.331618607044, -0.373439192772, -0.444756060839, -0.493287026882, -0.505174994469, -0.602714896202], "var": [0.00768588390201, 0.00813189614564, 0.00580660253763, 0.00541290035471, 0.00615902524441, 0.00220788340084], "mean": [-0.624191105366, -0.690628290176, -0.727928996086, -0.73319464922, -0.735141217709, -0.749858379364]}, "melbands_skewness": {"dmean2": 0.633536159992, "median": 1.53702831268, "min": -0.776394248009, "dvar2": 0.403508484364, "dvar": 0.192523062229, "dmean": 0.418855339289, "max": 8.20858001709, "var": 1.13520824909, "mean": 1.6908159256}, "spectral_spread": {"dmean2": 517104.0625, "median": 2873289, "min": 1230524, "dvar2": 940304171008, "dvar": 461832126464, "dmean": 334334.125, "max": 42388060, "var": 14219277762600.0, "mean": 3466650.75}, "dissonance": {"dmean2": 0.0370386913419, "median": 0.459001719952, "min": 0.269245624542, "dvar2": 0.00139869295526, "dvar": 0.000517172331456, "dmean": 0.0220695789903, "max": 0.499595701694, "var": 0.00121235719416, "mean": 0.45068898797}, "spectral_skewness": {"dmean2": 0.460816532373, "median": 1.57909703255, "min": -0.125820085406, "dvar2": 0.185780018568, "dvar": 0.0715439990163, "dmean": 0.280107796192, "max": 5.30013275146, "var": 0.350721180439, "mean": 1.65926265717}, "spectral_flux": {"dmean2": 0.026678359136, "median": 0.043163921684, "min": 6.50790116241e-11, "dvar2": 0.000962953316048, "dvar": 0.000442911696155, "dmean": 0.0171323399991, "max": 0.307972311974, "var": 0.0013282278087, "mean": 0.0518130175769}, "spectral_contrast_valleys": {"dmean2": [0.659149825573, 0.566478848457, 0.528487920761, 0.466101080179, 0.445655554533, 0.450408965349], "median": [-8.19199943542, -6.95569610596, -7.7068157196, -8.39074230194, -8.24798774719, -11.532831192], "min": [-28.0048923492, -27.9384002686, -27.9046058655, -27.5789489746, -27.4940700531, -27.4223957062], "dvar2": [0.377966493368, 0.311466902494, 0.303738474846, 0.249263420701, 0.2665540874, 0.295012772083], "dvar": [0.169718712568, 0.139607459307, 0.142277047038, 0.127436518669, 0.14379735291, 0.159651845694], "dmean": [0.414324700832, 0.351164489985, 0.335733801126, 0.304884791374, 0.314949005842, 0.334093689919], "max": [-6.39085292816, -4.9810423851, -4.61318206787, -5.94128370285, -5.99042224884, -8.50077438354], "var": [4.36952972412, 4.75222587585, 4.43998289108, 4.1655163765, 4.23532104492, 2.96105265617], "mean": [-8.49144554138, -7.2217707634, -7.94885158539, -8.62178325653, -8.50149726868, -11.6859235764]}, "erbbands_flatness_db": {"dmean2": 0.023937812075, "median": 0.204299241304, "min": 0.0413847304881, "dvar2": 0.000577644677833, "dvar": 0.000282971508568, "dmean": 0.0165293887258, "max": 0.346368193626, "var": 0.00189309113193, "mean": 0.204976066947}, "spectral_energyband_high": {"dmean2": 0.000108701940917, "median": 6.68238863e-05, "min": 7.16683257545e-21, "dvar2": 9.38359718816e-08, "dvar": 4.20826999914e-08, "dmean": 7.56308290875e-05, "max": 0.00496162334457, "var": 7.50956559159e-08, "mean": 0.000158680282766}, "spectral_entropy": {"dmean2": 0.227774649858, "median": 7.14168739319, "min": 5.68846225739, "dvar2": 0.049868516624, "dvar": 0.0250010415912, "dmean": 0.157511457801, "max": 9.82634544373, "var": 0.222735822201, "mean": 7.15254974365}, "silence_rate_20dB": {"dmean2": 0, "median": 1, "min": 1, "dvar2": 0, "dvar": 0, "dmean": 0, "max": 1, "var": 0, "mean": 1}, "melbands_flatness_db": {"dmean2": 0.0277048833668, "median": 0.201720803976, "min": 0.00346602941863, "dvar2": 0.000749087426811, "dvar": 0.000380367477192, "dmean": 0.0195275414735, "max": 0.380607396364, "var": 0.00335301272571, "mean": 0.204258844256}, "barkbands": {"dmean2": [6.58475300952e-07, 0.000239573811996, 0.0002254111605, 0.00051080621779, 0.000916369841434, 0.000743906479329, 0.00164077803493, 0.00120353547391, 0.000986475264654, 0.00079520320287, 0.00045800031512, 0.000470070721349, 0.000344209431205, 0.00032441894291, 0.000411653134506, 0.000219411114813, 0.000232837017393, 0.000354503950803, 0.000238605178311, 0.00015422324941, 3.33938696713e-05, 1.93028772628e-05, 1.39514722832e-05, 8.27278836368e-06, 3.33058324031e-06, 1.56607222834e-06, 2.91939954877e-07], "median": [1.77888040298e-07, 0.000135728289024, 0.000120920187328, 0.000198881898541, 0.000703988131136, 0.000466948084068, 0.000584412831813, 0.000315045006573, 0.000306011468638, 0.000204826908885, 8.38862470118e-05, 0.000164942408446, 8.06566240499e-05, 4.54550390714e-05, 0.00010386636859, 7.97737448011e-05, 7.43136479286e-05, 0.000130699656438, 6.92721660016e-05, 5.17687185493e-05, 1.53256987687e-05, 8.8602746473e-06, 4.38654751633e-06, 2.62226899395e-06, 1.13518194667e-06, 3.62445405244e-07, 2.20837122811e-07], "min": [5.0331435956e-25, 3.13327820717e-24, 5.89169838965e-25, 1.18756836444e-24, 8.57289697811e-24, 8.77742021184e-24, 1.02437075308e-23, 6.16693038176e-24, 1.06619694714e-23, 1.54262759758e-23, 1.43505268697e-23, 3.07488135871e-23, 3.36707764681e-23, 2.82855796333e-23, 5.64572603737e-23, 6.81438875858e-23, 7.21881628767e-23, 9.38039298673e-23, 1.14014710342e-22, 1.29681853951e-22, 2.42874268308e-22, 3.08575072602e-22, 4.1184723922e-22, 5.65612259302e-22, 8.77041468524e-22, 1.29879038885e-21, 1.92364829833e-21], "dvar2": [1.89130933137e-11, 1.82602306609e-07, 1.68615557072e-07, 1.18788000236e-06, 2.8648589705e-06, 3.32574609274e-06, 1.67490670719e-05, 7.07203435013e-06, 7.32142325433e-06, 5.35468961971e-06, 2.66252595793e-06, 1.42265434988e-06, 1.88263049949e-06, 1.71132103333e-06, 1.84901205103e-06, 3.54910326905e-07, 3.38743319617e-07, 5.95371545842e-07, 3.91020194002e-07, 1.59422299362e-07, 8.77456063364e-09, 3.75917785789e-09, 4.53980408821e-09, 1.94711513579e-09, 1.22867480079e-10, 3.03706677862e-11, 4.58975468309e-13], "dvar": [8.52596378914e-12, 9.09270312377e-08, 7.92609071709e-08, 4.75936587918e-07, 1.26193549477e-06, 1.62870628628e-06, 7.92140235717e-06, 2.98139570987e-06, 3.47823151969e-06, 2.78519019048e-06, 1.40776796798e-06, 6.75377464177e-07, 9.05795843664e-07, 8.77640673025e-07, 8.93746459951e-07, 1.61852142355e-07, 1.66185316175e-07, 3.2572006603e-07, 2.33172173125e-07, 7.75265789343e-08, 3.91025167801e-09, 1.53597090602e-09, 2.16202455938e-09, 9.40116873238e-10, 6.06798569724e-11, 1.28475216576e-11, 1.76148836186e-13], "dmean": [3.87779891753e-07, 0.000169592836755, 0.000152655979036, 0.000308177986881, 0.000587236543652, 0.000511578924488, 0.00111159554217, 0.00076226767851, 0.000664826889988, 0.000537012296263, 0.000324500462739, 0.000311978190439, 0.000237910426222, 0.000229748795391, 0.000285133311991, 0.000148284743773, 0.000159524555784, 0.000252692145295, 0.000171242892975, 0.000106603409222, 2.20253259613e-05, 1.3058532204e-05, 9.52680875344e-06, 5.66321023143e-06, 2.26005522563e-06, 9.92574655356e-07, 1.75986258455e-07], "max": [0.000167137710378, 0.00588792935014, 0.00504542840645, 0.0277096405625, 0.0400295630097, 0.0518831126392, 0.0719033032656, 0.0389028452337, 0.0432282201946, 0.0489439740777, 0.0453421398997, 0.0241162516177, 0.039779279381, 0.0265400074422, 0.0256451014429, 0.0151302115992, 0.00754322763532, 0.0160129666328, 0.0141862686723, 0.00737884873524, 0.00228994106874, 0.0015441555297, 0.00184800836723, 0.00125125062186, 0.000233231985476, 0.000133221779834, 6.64188519295e-06], "var": [1.00141474974e-11, 3.83267007464e-07, 1.96690450593e-07, 7.48352306346e-07, 3.8446050894e-06, 7.42432757761e-06, 4.80054186482e-05, 4.4197695388e-06, 7.36829952075e-06, 7.16727436156e-06, 3.62906007467e-06, 1.39679673339e-06, 2.69753536486e-06, 3.31990463565e-06, 1.91144340533e-06, 4.06726371693e-07, 4.08358744153e-07, 1.24969085391e-06, 8.02467923222e-07, 2.57180658991e-07, 7.21697368533e-09, 2.11239647996e-09, 2.65324517912e-09, 1.16630760605e-09, 8.65581356591e-11, 1.50038956953e-11, 1.69665700218e-13], "mean": [4.12644141079e-07, 0.000443830620497, 0.000284078909317, 0.000477848167066, 0.00129931187257, 0.00136469956487, 0.0030849580653, 0.00109349784907, 0.00122280290816, 0.000905871449504, 0.000570480013266, 0.00051510555204, 0.000436542148236, 0.000465457240352, 0.000523706316017, 0.000300464627799, 0.000319161801599, 0.000589472649153, 0.000402877398301, 0.000247951684287, 4.08286796301e-05, 2.32365127886e-05, 1.53604487423e-05, 8.98855523701e-06, 3.51622202288e-06, 1.34467961743e-06, 3.51646292529e-07]}, "erbbands_skewness": {"dmean2": 0.46856045723, "median": 0.402889728546, "min": -3.63846468925, "dvar2": 0.207369193435, "dvar": 0.0932197868824, "dmean": 0.310668319464, "max": 5.19465970993, "var": 0.679088115692, "mean": 0.386178165674}, "erbbands_spread": {"dmean2": 7.26709699631, "median": 28.293258667, "min": 4