{"tonal": {"thpcp": [1, 0.909109592438, 0.35541498661, 0.114077024162, 0.052648473531, 0.190559342504, 0.603582143784, 0.568747699261, 0.368525207043, 0.707266449928, 0.561895251274, 0.0976446419954, 0.0126553298905, 0.0206579193473, 0.0997541919351, 0.190532937646, 0.139177560806, 0.0412687584758, 0.0156900119036, 0.0349083431065, 0.372772991657, 0.792953491211, 0.526466727257, 0.210662782192, 0.2749799788, 0.170384064317, 0.0387118123472, 0.0297965612262, 0.0596317537129, 0.302184045315, 0.688386440277, 0.562071204185, 0.152341261506, 0.0319695174694, 0.0529715716839, 0.40081179142], "hpcp": {"dmean2": [0.118828006089, 0.132204219699, 0.129728972912, 0.127784445882, 0.11239990592, 0.0467619225383, 0.0112016042694, 0.0147245163098, 0.0407970249653, 0.0628658980131, 0.0482385456562, 0.0249505005777, 0.0131076509133, 0.0290138516575, 0.138435825706, 0.174185022712, 0.157052174211, 0.0845979526639, 0.070032261312, 0.0557388328016, 0.0289898179471, 0.0174439363182, 0.0404831506312, 0.134910732508, 0.152206942439, 0.143478706479, 0.0770638734102, 0.0284534916282, 0.0472089275718, 0.147990390658, 0.182400628924, 0.224339425564, 0.161114826798, 0.0878375396132, 0.0542937554419, 0.0822420492768], "median": [0.00755061255768, 0.00824996549636, 0.0372913256288, 0.0112882014364, 0.00745446234941, 0.00206396426074, 0.000544472015463, 0.000397656636778, 0.00277187395841, 0.0109722036868, 0.00846758391708, 0.00164539844263, 0.000311285199132, 0.000541211455129, 0.0237343497574, 0.0493684597313, 0.0323150828481, 0.00525365397334, 0.000893014599569, 0.000297155638691, 0.000309241935611, 0.000397694122512, 0.000919964862987, 0.0122999623418, 0.0343379341066, 0.0224267728627, 0.00310615426861, 0.000299265782814, 0.00055387703469, 0.00268926657736, 0.00553381768987, 0.00604945607483, 0.00260771764442, 0.00047358465963, 0.000228568038438, 0.00300340796821], "min": [0, 0, 0, 0, 0, 0, 0, 0, 0, 0, 0, 0, 0, 0, 0, 0, 0, 0, 0, 0, 0, 0, 0, 0, 0, 0, 0, 0, 0, 0, 0, 0, 0, 0, 0, 0], "dvar2": [0.0659923553467, 0.0630363672972, 0.045071490109, 0.0604468993843, 0.0435571074486, 0.0122350938618, 0.00774429738522, 0.00615995191038, 0.013283982873, 0.0197119284421, 0.0112981731072, 0.00804729852825, 0.00402398221195, 0.00662990333512, 0.0548443086445, 0.0713708624244, 0.0574965067208, 0.0354893654585, 0.0445940233767, 0.0277631338686, 0.0156498588622, 0.00862352084368, 0.0163769219071, 0.0936692357063, 0.0716245695949, 0.0579172335565, 0.0341311655939, 0.0145488111302, 0.0311551559716, 0.0727073177695, 0.117508009076, 0.120634004474, 0.0881722196937, 0.0650783330202, 0.0553761832416, 0.052080065012], "dvar": [0.0264397785068, 0.0271349325776, 0.0186568256468, 0.0290898066014, 0.0198560133576, 0.00493285059929, 0.00258353655227, 0.0021046535112, 0.00548753747717, 0.0080736707896, 0.00448711263016, 0.00285483058542, 0.00136534997728, 0.00225644675083, 0.0221532788128, 0.0381197370589, 0.0246654190123, 0.0128364572302, 0.017362030223, 0.0120777143165, 0.00556869851425, 0.00300005939789, 0.00588387204334, 0.0321284458041, 0.0276731941849, 0.0246527474374, 0.0126743791625, 0.00478788185865, 0.0102611510083, 0.0275298468769, 0.0447438247502, 0.0461100265384, 0.0334041528404, 0.0220520589501, 0.0171552132815, 0.016862237826], "dmean": [0.0733973681927, 0.0797747522593, 0.079821176827, 0.0788691863418, 0.0705340877175, 0.0276836678386, 0.0057642753236, 0.00801611039788, 0.025023797527, 0.0381152406335, 0.0293114073575, 0.014351866208, 0.00704761780798, 0.0154951130971, 0.0833672136068, 0.111459366977, 0.096420198679, 0.0505381301045, 0.0404461547732, 0.036162622273, 0.0160995256156, 0.00964808743447, 0.0221436806023, 0.075691498816, 0.0925669148564, 0.0904474034905, 0.0453973934054, 0.0151531798765, 0.025502435863, 0.0917854309082, 0.104042440653, 0.134468004107, 0.0945463478565, 0.0476570017636, 0.027854019776, 0.0474297292531], "max": [1, 1, 1, 1, 1, 0.729763746262, 1, 1, 1, 1, 1, 1, 0.546191513538, 0.616711735725, 1, 1, 1, 1, 1, 1, 0.863690555096, 1, 1, 1, 1, 1, 1, 1, 1, 1, 1, 1, 1, 1, 1, 1], "var": [0.108314566314, 0.0991791263223, 0.0271031334996, 0.127885013819, 0.0920511111617, 0.00610909471288, 0.00130693207029, 0.00130755850114, 0.00886287540197, 0.0163154117763, 0.00820282753557, 0.00200635567307, 0.000902042200323, 0.00158237991855, 0.0353819467127, 0.122126407921, 0.0641989782453, 0.0228875745088, 0.0558829419315, 0.0262789279222, 0.00381729146466, 0.00184020400047, 0.00448022596538, 0.034091476351, 0.0970822423697, 0.0729299411178, 0.0135171608999, 0.00325023569167, 0.00644051330164, 0.0424626879394, 0.174927979708, 0.137561783195, 0.0492990612984, 0.0164160504937, 0.0101619465277, 0.0174454618245], "mean": [0.188353672624, 0.17748324573, 0.115001872182, 0.220709368587, 0.175344884396, 0.0304709617049, 0.00394921889529, 0.00644650449976, 0.0311292670667, 0.0594576559961, 0.0434317104518, 0.0128783173859, 0.00489622075111, 0.0108934883028, 0.116327442229, 0.247448861599, 0.164289057255, 0.0657393708825, 0.0858101770282, 0.0531700067222, 0.0120803974569, 0.00929830688983, 0.0186086688191, 0.0942994728684, 0.214817687869, 0.175399780273, 0.0475395731628, 0.00997639913112, 0.0165302939713, 0.125077217817, 0.312059730291, 0.283696502447, 0.110910706222, 0.0355988442898, 0.0164294689894, 0.0594658963382]}, "tuning_equal_tempered_deviation": 0.0994756445289, "chords_changes_rate": 0.0337837822735, "key_key": "G", "tuning_diatonic_strength": 0.570103287697, "key_scale": "minor", "chords_number_rate": 0.00743243237957, "tuning_frequency": 440.763122559, "tuning_nontempered_energy_ratio": 0.74071097374, "chords_histogram": [21.283782959, 18.9189186096, 20.0675678253, 6.21621608734, 0.202702701092, 3.64864873886, 2.02702713013, 0, 1.01351356506, 0.0675675645471, 0, 3.24324321747, 1.08108103275, 0.405405402184, 0.540540516376, 0, 0, 0, 0, 0, 0, 0, 19.8648643494, 1.41891896725], "key_strength": 0.640608072281, "chords_key": "G", "chords_strength": {"dmean2": 0.00868314504623, "median": 0.629461288452, "min": -1, "dvar2": 0.00265929056332, "dvar": 0.0013633351773, "dmean": 0.00799185410142, "max": 0.802062869072, "var": 0.0943624228239, "mean": 0.547203242779}, "chords_scale": "minor", "hpcp_entropy": {"dmean2": 0.873934328556, "median": 1.48639941216, "min": 0, "dvar2": 0.580852270126, "dvar": 0.214457705617, "dmean": 0.510876238346, "max": 4.35944795609, "var": 0.624553442001, "mean": 1.35719263554}}, "metadata": {"audio_properties": {"equal_loudness": 0, "codec": "flac", "downmix": "mix", "sample_rate": 44100, "analysis_sample_rate": 44100, "bit_rate": 0, "md5_encoded": "d1ffd3dbbd6a280eef9bb592535aa785", "length": 68.6533355713, "replay_gain": -3.79868507385, "lossless": true}, "version": {"essentia_build_sha": "ca57ba49d9b1854bd80e60cf9ccf267278fb7d6b", "essentia": "2.1-beta1", "extractor": "music 1.0", "essentia_git_sha": "v2.1_beta1-28-g21ef5f4-dirty"}, "tags": {"title": ["Leaving Home"], "barcode": ["4005939814120"], "media": ["CD"], "albumartist": ["Max Richter / St\u00e9phane Moucha"], "tracktotal": ["19"], "albumartistsort": ["Richter, Max / Moucha, St\u00e9phane"], "releasetype": ["album", "soundtrack"], "musicbrainz_recordingid": ["10fe4793-0b64-4eee-a8bb-ff6541703317"], "musicbrainz_albumartistid": ["509f20b2-5df3-4aec-9bbc-002131fb3f99", "35f5b15e-01d5-41da-ba43-189cc563fd5a"], "musicbrainz_releasetrackid": ["89ad78ff-2785-32dd-97fd-5bfb01a77773"], "album": ["Die Fremde"], "catalognumber": ["CST 8141.2"], "releasecountry": ["DE"], "originaldate": ["2010"], "artists": ["Max Richter"], "date": ["2010-03-12"], "file_name": "06 - Max Richter - Leaving Home.flac", "musicbrainz_releasegroupid": ["166fa8ba-e205-4fa7-bba7-c0b21bc53212"], "musicbrainz_artistid": ["509f20b2-5df3-4aec-9bbc-002131fb3f99"], "asin": ["B0036X90FO"], "musicbrainz_albumid": ["45676dcd-bdc8-4b89-891c-44e59de492c6"], "artist": ["Max Richter"], "artistsort": ["Richter, Max"], "tracknumber": ["6"], "label": ["Colosseum"], "totaltracks": ["19"], "acoustid_id": ["e2a12a8c-c4ff-4bba-b705-a634dfee2901"], "script": ["Latn"], "releasestatus": ["official"]}}, "rhythm": {"bpm_histogram_first_peak_bpm": {"dmean2": 0, "median": 178, "min": 178, "dvar2": 0, "dvar": 0, "dmean": 0, "max": 178, "var": 0, "mean": 178}, "bpm": 178.205932617, "bpm_histogram_second_peak_spread": {"dmean2": 0, "median": 0, "min": 0, "dvar2": 0, "dvar": 0, "dmean": 0, "max": 0, "var": 0, "mean": 0}, "bpm_histogram_first_peak_weight": {"dmean2": 0, "median": 0.465968579054, "min": 0.465968579054, "dvar2": 0, "dvar": 0, "dmean": 0, "max": 0.465968579054, "var": 0, "mean": 0.465968579054}, "onset_rate": 0.334920465946, "beats_position": [0.325079351664, 0.66176867485, 0.99845802784, 1.33514738083, 1.66022670269, 1.98530614376, 2.31038546562, 2.6470746994, 2.9837641716, 3.32045340538, 3.66875267029, 4.00544214249, 4.35374164581, 4.69043064117, 5.02712011337, 5.36380958557, 5.70049858093, 6.03718805313, 6.3622674942, 6.68734693527, 7.01242637634, 7.3491153717, 7.67419481277, 8.01088428497, 8.34757328033, 8.68426322937, 9.0093421936, 9.33442115784, 9.67111110687, 10.0078001022, 10.3444900513, 10.6811790466, 11.0294780731, 11.354557991, 11.6796369553, 12.0047159195, 12.3414058685, 12.6780948639, 13.0147848129, 13.3514738083, 13.6881628036, 14.0248527527, 14.3499317169, 14.6866207123, 15.0233106613, 15.3599996567, 15.696688652, 16.0333786011, 16.3700675964, 16.7183666229, 17.0434455872, 17.3801364899, 17.7052154541, 18.0419044495, 18.3785934448, 18.7036724091, 19.0403633118, 19.3770523071, 19.7137413025, 20.0388202667, 20.363899231, 20.6889801025, 21.0140590668, 21.339138031, 21.6642169952, 21.9892959595, 22.3259868622, 22.6626758575, 22.9993648529, 23.3360538483, 23.6843528748, 24.0210418701, 24.369342804, 24.7060317993, 25.0543308258, 25.3910198212, 25.7277088165, 26.0527877808, 26.3778686523, 26.7029476166, 27.0280265808, 27.353105545, 27.6781845093, 28.0032653809, 28.3399543762, 28.6766433716, 29.0133323669, 29.3500213623, 29.686712265, 30.0234012604, 30.3484802246, 30.6735591888, 31.0102481842, 31.3353290558, 31.6720180511, 31.9970970154, 32.322177887, 32.6588668823, 32.9955558777, 33.332244873, 33.6689338684, 34.0056228638, 34.3423118591, 34.6790008545, 35.0156898499, 35.3523788452, 35.6774597168, 36.0141487122, 36.3508377075, 36.6875267029, 37.0242156982, 37.3609046936, 37.6859855652, 38.0226745605, 38.3593635559, 38.6960525513, 39.0211334229, 39.3578224182, 39.6945114136, 40.0312004089, 40.3678894043, 40.7045783997, 41.0296592712, 41.3547401428, 41.6798171997, 42.0048980713, 42.3415870667, 42.678276062, 43.0149650574, 43.3516540527, 43.6883430481, 44.0250320435, 44.3733329773, 44.7100219727, 45.0583229065, 45.4066200256, 45.743309021, 46.1960983276, 46.6488876343, 47.1016769409, 47.5428581238, 48.0072555542, 48.4600448608, 48.9128341675, 49.3540115356, 49.78358078, 50.2479820251, 50.6891593933, 51.1419487, 51.6179580688, 52.0126991272, 52.3726081848, 52.7325172424, 53.1040344238, 53.4755554199, 53.8238525391, 54.1721534729, 54.5204544067, 54.8687515259, 55.2170524597, 55.5769615173, 55.9252586365, 56.2851676941, 56.6334686279, 56.9817695618, 57.3300666809, 57.6667556763, 58.0034446716, 58.340133667, 58.6884346008, 59.0251235962, 59.37342453, 59.7217216492, 60.0584106445, 60.4067115784, 60.7550086975, 61.1149177551, 61.4748306274, 61.8347396851, 62.1946487427, 62.6009979248, 63.0073471069, 63.4136962891, 63.9013137817, 64.3773193359, 64.8533325195, 65.3873901367, 65.9098434448, 66.443901062, 66.9779586792, 67.5120162964, 68.0460739136], "beats_loudness": {"dmean2": 0.0145889343694, "median": 0.0153213338926, "min": 0, "dvar2": 0.000430963700637, "dvar": 0.000205890435609, "dmean": 0.00924721639603, "max": 0.145268902183, "var": 0.00066738872556, "mean": 0.0230771154165}, "danceability": 0.770696341991, "bpm_histogram_second_peak_weight": {"dmean2": 0, "median": 0.219895288348, "min": 0.219895288348, "dvar2": 0, "dvar": 0, "dmean": 0, "max": 0.219895288348, "var": 0, "mean": 0.219895288348}, "beats_count": 192, "bpm_histogram_second_peak_bpm": {"dmean2": 0, "median": 185, "min": 185, "dvar2": 0, "dvar": 0, "dmean": 0, "max": 185, "var": 0, "mean": 185}, "bpm_histogram_first_peak_spread": {"dmean2": 0, "median": 0, "min": 0, "dvar2": 0, "dvar": 0, "dmean": 0, "max": 0, "var": 0, "mean": 0}, "beats_loudness_band_ratio": {"dmean2": [0.199549689889, 0.23287050426, 0.175623580813, 0.0574687086046, 0.0123154995963, 0.018044039607], "median": [0.281068503857, 0.421839177608, 0.102045707405, 0.0299557913095, 0.00728665385395, 0.00135655805934], "min": [0, 0, 0, 0, 0, 0], "dvar2": [0.0317546352744, 0.0475478582084, 0.0424635894597, 0.00419468386099, 0.000303278415231, 0.00696258526295], "dvar": [0.0153791634366, 0.0156965274364, 0.0146855609491, 0.0014765629312, 0.000100150915387, 0.00336129404604], "dmean": [0.128820583224, 0.138947114348, 0.098809145391, 0.0338419638574, 0.0072327288799, 0.0114289969206], "max": [0.984347164631, 0.946679353714, 0.936762392521, 0.26102617383, 0.0721231326461, 0.694249331951], "var": [0.0804392397404, 0.0761671587825, 0.0412969663739, 0.00208211154677, 0.000123424571939, 0.00644353404641], "mean": [0.374851256609, 0.44287493825, 0.174305617809, 0.0450773239136, 0.0110533209518, 0.0184380393475]}}, "lowlevel": {"barkbands_spread": {"dmean2": 4.11410570145, "median": 5.06065559387, "min": 0.658051013947, "dvar2": 98.5554580688, "dvar": 36.2940444946, "dmean": 2.63482618332, "max": 134.443222046, "var": 464.913208008, "mean": 12.0652160645}, "melbands_spread": {"dmean2": 4.30328321457, "median": 5.74957704544, "min": 0.554475128651, "dvar2": 99.1454772949, "dvar": 33.6252250671, "dmean": 2.66685390472, "max": 159.489196777, "var": 800.005310059, "mean": 13.5673046112}, "hfc": {"dmean2": 2.04747343063, "median": 4.26042222977, "min": 1.05604090779e-16, "dvar2": 15.3191776276, "dvar": 9.77241802216, "dmean": 1.57689201832, "max": 79.6151046753, "var": 85.0144042969, "mean": 7.15416812897}, "barkbands_kurtosis": {"dmean2": 5.85442399979, "median": 7.55442380905, "min": -1.85806941986, "dvar2": 100.571907043, "dvar": 51.8530693054, "dmean": 4.02926921844, "max": 217.322692871, "var": 142.663208008, "mean": 10.7100038528}, "gfcc": {"mean": [-215.822036743, 137.595306396, -99.6685562134, 12.3579912186, -48.8234672546, -14.6520166397, -36.4262924194, -10.042675972, -22.5930347443, -9.02753829956, -7.57781410217, -2.21037268639, 1.56866669655], "icov": [[0.000716348993592, -0.00211127148941, 0.00177382666152, -0.00247548776679, 0.00231944769621, -0.00207352126017, 0.00170526909642, -0.000554764701519, 0.000840283522848, -0.000688753847498, 0.000101530793472, -0.000185690092621, 0.000302351050777], [-0.00211127148941, 0.00689234444872, -0.00494901183993, 0.00676313834265, -0.0066248816438, 0.00699368491769, -0.00532818352804, 0.00145999551751, -0.0025260897819, 0.00333002698608, -0.00137457996607, 0.00171825056896, -0.00248658331111], [0.00177382666152, -0.00494901183993, 0.00807027705014, -0.00562589755282, 0.00198971829377, -0.00394508428872, 0.00181601545773, -0.00145580014214, 0.00238589057699, -0.00422868458554, 0.00211868900806, -0.00198610359803, 0.00212524924427], [-0.00247548776679, 0.00676313834265, -0.00562589755282, 0.0162612590939, -0.0104627115652, 0.00399356009439, -0.00489964708686, -0.0018572328845, -0.00107599771582, 0.000765926844906, -0.00149135314859, 0.00364919938147, -0.00217110500671], [0.00231944769621, -0.0066248816438, 0.00198971829377, -0.0104627115652, 0.0210778862238, -0.0109791122377, 0.00210244837217, 0.00245331972837, -0.0028392164968, 0.00197526579723, -0.000980476266704, -0.00175837660208, -8.28872143757e-05], [-0.00207352126017, 0.00699368491769, -0.00394508428872, 0.00399356009439, -0.0109791122377, 0.0193115398288, -0.0102181471884, 0.00129486166406, 0.000734681845643, -0.000965453335084, 0.00130206241738, -0.00144776399247, 0.00145742227323], [0.00170526909642, -0.00532818352804, 0.00181601545773, -0.00489964708686, 0.00210244837217, -0.0102181471884, 0.0207361094654, -0.00999034289271, 0.0045455689542, 0.00203889212571, -0.00352829322219, 0.00472420733422, -0.00400318996981], [-0.000554764701519, 0.00145999551751, -0.00145580014214, -0.0018572328845, 0.00245331972837, 0.00129486166406, -0.00999034289271, 0.0215566493571, -0.013074751012, -0.00245939940214, 0.00279636285268, -0.00452257832512, 0.00373776443303], [0.000840283522848, -0.0025260897819, 0.00238589057699, -0.00107599771582, -0.0028392164968, 0.000734681845643, 0.0045455689542, -0.013074751012, 0.0214550141245, -0.00604395149276, -0.00370671181008, 0.0031659186352, -0.00121008325368], [-0.000688753847498, 0.00333002698608, -0.00422868458554, 0.000765926844906, 0.00197526579723, -0.000965453335084, 0.00203889212571, -0.00245939940214, -0.00604395149276, 0.0227733906358, -0.0101049942896, 0.00369282672182, -0.00429318659008], [0.000101530793472, -0.00137457996607, 0.00211868900806, -0.00149135314859, -0.000980476266704, 0.00130206241738, -0.00352829322219, 0.00279636285268, -0.00370671181008, -0.0101049942896, 0.0194075889885, -0.00857672095299, 0.00624346500263], [-0.000185690092621, 0.00171825056896, -0.00198610359803, 0.00364919938147, -0.00175837660208, -0.00144776399247, 0.00472420733422, -0.00452257832512, 0.0031659186352, 0.00369282672182, -0.00857672095299, 0.0222956724465, -0.0143972979859], [0.000302351050777, -0.00248658331111, 0.00212524924427, -0.00217110500671, -8.28872143757e-05, 0.00145742227323, -0.00400318996981, 0.00373776443303, -0.00121008325368, -0.00429318659008, 0.00624346500263, -0.0143972979859, 0.0285590421408]], "cov": [[72183.078125, 14833.6289062, -7424.5078125, -131.938613892, -3646.40039062, -2423.9597168, -2310.65820312, -1231.32250977, -1151.1887207, -1232.9074707, -142.139297485, -809.913146973, 408.855773926], [14833.6289062, 3847.43603516, -1229.39440918, -71.8097076416, -585.076721191, -562.091491699, -331.92086792, -214.307113647, -165.568389893, -298.453765869, -2.16472816467, -165.526855469, 137.629730225], [-7424.5078125, -1229.39440918, 1199.57580566, 211.064819336, 569.171447754, 382.01776123, 416.369934082, 257.447814941, 205.431396484, 192.306518555, 64.5754699707, 84.0183334351, -28.9832553864], [-131.938613892, -71.8097076416, 211.064819336, 288.283935547, 175.49458313, 164.242599487, 154.805023193, 135.778137207, 87.8101882935, 76.8848114014, 54.132724762, -12.6451044083, -5.52013349533], [-3646.40039062, -585.076721191, 569.171447754, 175.49458313, 403.08392334, 256.828765869, 259.879364014, 151.090560913, 129.582931519, 93.2331008911, 51.8566741943, 42.2149658203, -7.1839132309], [-2423.9597168, -562.091491699, 382.01776123, 164.242599487, 256.828765869, 289.623718262, 208.883575439, 127.19708252, 77.649772644, 87.8077850342, 35.3899803162, 27.2012710571, -18.1566791534], [-2310.65820312, -331.92086792, 416.369934082, 154.805023193, 259.879364014, 208.883575439, 282.48324585, 165.972793579, 109.980171204, 78.5925369263, 51.1078109741, 15.2434673309, -2.69835567474], [-1231.32250977, -214.307113647, 257.447814941, 135.778137207, 151.090560913, 127.19708252, 165.972793579, 203.554718018, 140.646484375, 96.6412658691, 60.0672225952, 14.4137926102, -9.26653671265], [-1151.1887207, -165.568389893, 205.431396484, 87.8101882935, 129.582931519, 77.649772644, 109.980171204, 140.646484375, 166.358016968, 92.7348556519, 66.1569976807, 10.4107580185, -5.64343070984], [-1232.9074707, -298.453765869, 192.306518555, 76.8848114014, 93.2331008911, 87.8077850342, 78.5925369263, 96.6412658691, 92.7348556519, 132.03414917, 66.76512146, 18.190618515, -8.88916492462], [-142.139297485, -2.16472816467, 64.5754699707, 54.132724762, 51.8566741943, 35.3899803162, 51.1078109741, 60.0672225952, 66.1569976807, 66.76512146, 108.518661499, 24.8603286743, -0.0784704685211], [-809.913146973, -165.526855469, 84.0183334351, -12.6451044083, 42.2149658203, 27.2012710571, 15.2434673309, 14.4137926102, 10.4107580185, 18.190618515, 24.8603286743, 88.5683670044, 28.3235931396], [408.855773926, 137.629730225, -28.9832553864, -5.52013349533, -7.1839132309, -18.1566791534, -2.69835567474, -9.26653671265, -5.64343070984, -8.88916492462, -0.0784704685211, 28.3235931396, 58.8676452637]]}, "spectral_energyband_middle_low": {"dmean2": 0.00516848918051, "median": 0.00854090228677, "min": 1.61185285569e-22, "dvar2": 8.51643708302e-05, "dvar": 5.46499795746e-05, "dmean": 0.00405866233632, "max": 0.163632497191, "var": 0.000359625642886, "mean": 0.0147516783327}, "melbands_crest": {"dmean2": 3.78154921532, "median": 17.1220932007, "min": 1.35284900665, "dvar2": 16.2530784607, "dvar": 6.69507741928, "dmean": 2.59275841713, "max": 35.7781524658, "var": 39.4043159485, "mean": 17.4312572479}, "spectral_kurtosis": {"dmean2": 9.00726127625, "median": 14.2521076202, "min": -1.27274429798, "dvar2": 75.2830886841, "dvar": 24.7481956482, "dmean": 5.13394641876, "max": 51.2346191406, "var": 75.2025146484, "mean": 14.7190132141}, "spectral_rms": {"dmean2": 0.000473477324704, "median": 0.00363450194709, "min": 3.08649633629e-12, "dvar2": 4.31103615028e-07, "dvar": 2.71541949814e-07, "dmean": 0.000379334320314, "max": 0.0133691923693, "var": 7.13049712431e-06, "mean": 0.0037120943889}, "zerocrossingrate": {"dmean2": 0.00783347804099, "median": 0.02099609375, "min": 0.00439453125, "dvar2": 0.000285238114884, "dvar": 0.00015397646348, "dmean": 0.0056440490298, "max": 0.5341796875, "var": 0.0139932576567, "mean": 0.0592517256737}, "silence_rate_60dB": {"dmean2": 0.0311231389642, "median": 0, "min": 0, "dvar2": 0.0362440235913, "dvar": 0.0153132677078, "dmean": 0.0155563075095, "max": 1, "var": 0.192059934139, "mean": 0.259296834469}, "erbbands_kurtosis": {"dmean2": 2.16189646721, "median": 1.22706341743, "min": -1.57613217831, "dvar2": 10.4068193436, "dvar": 5.28410625458, "dmean": 1.51129853725, "max": 81.1720199585, "var": 24.067943573, "mean": 2.73862147331}, "erbbands": {"dmean2": [0.00223481841385, 0.117971971631, 0.432810664177, 0.428904533386, 5.73606443405, 8.75816822052, 16.5154037476, 6.17212200165, 24.5952167511, 28.606388092, 7.14476537704, 3.02543926239, 2.91078138351, 21.5137081146, 8.37018013, 3.83098268509, 1.64192080498, 1.61661362648, 3.6664814949, 3.00209546089, 2.51617956161, 1.04598391056, 1.07510459423, 0.79178249836, 0.40197789669, 0.450520902872, 0.284336030483, 0.161321341991, 0.0517757758498, 0.0232317280024, 0.0197450052947, 0.0209675841033, 0.00831766799092, 0.00300345011055, 0.00122463598382, 0.000334149750415, 8.25008610263e-05, 1.48792778418e-05, 3.20690719491e-06, 5.95028495809e-06], "median": [0.00128736102488, 0.0384985432029, 0.147007077932, 0.672115564346, 4.64006233215, 8.08944702148, 11.5755252838, 9.08006477356, 8.70952892303, 4.86623096466, 2.04730892181, 2.10999894142, 1.48563504219, 4.56964015961, 3.26467418671, 1.82313728333, 0.831659317017, 0.777975797653, 1.12491381168, 1.64017271996, 1.1025583744, 0.623057603836, 0.493952870369, 0.510993719101, 0.254877924919, 0.196822538972, 0.128168135881, 0.0550519451499, 0.0327165648341, 0.0140136927366, 0.0103933699429, 0.00981998816133, 0.00460346322507, 0.00151471002027, 0.000738951493986, 0.000286818307359, 9.72434936557e-05, 2.58048548858e-05, 1.18425241453e-05, 1.57565300469e-05], "min": [1.02169496845e-22, 5.27634097187e-22, 2.07984932088e-21, 8.61226445681e-21, 2.61884170244e-20, 3.23168737826e-20, 5.22118438283e-20, 8.4026079373e-20, 1.03503966213e-19, 1.74805726556e-19, 2.3158089641e-19, 2.94474255967e-19, 6.22082627237e-19, 6.81205930205e-19, 9.00639317429e-19, 1.06973809229e-18, 1.412424958e-18, 2.41761669954e-18, 2.38906883544e-18, 3.47806824189e-18, 3.24804027368e-18, 3.34191431306e-18, 5.44812460214e-18, 6.53493197996e-18, 5.98563152726e-18, 8.90805194601e-18, 1.00047155944e-17, 1.04036341982e-17, 1.11038169441e-17, 9.20814976352e-18, 8.49058216266e-18, 9.46809457974e-18, 9.22177673693e-18, 8.23744669725e-18, 6.20782092518e-18, 4.40090029816e-18, 2.09550781272e-18, 8.73827705439e-19, 2.6105530619e-19, 2.62662850931e-20], "dvar2": [2.32263828366e-05, 0.0805417820811, 1.13551270962, 1.47724795341, 228.195327759, 359.470611572, 1246.06152344, 157.817306519, 4839.52636719, 6634.89160156, 604.71282959, 40.2044639587, 53.6218223572, 5087.7890625, 408.503540039, 115.361701965, 13.7571964264, 12.8762226105, 96.7205352783, 42.5188179016, 30.5465068817, 4.18174314499, 4.81222772598, 2.12216091156, 0.53008055687, 1.24079990387, 0.569468379021, 0.210010677576, 0.0138878962025, 0.00462681660429, 0.00185605091974, 0.00203297194093, 0.000348850997398, 8.80944426171e-05, 9.30280293687e-06, 5.68777466015e-07, 3.06410612438e-08, 8.20693735193e-10, 2.54081460732e-11, 1.10216252791e-10], "dvar": [2.1921001462e-05, 0.0817093625665, 1.33044326305, 0.998963177204, 154.560134888, 178.761245728, 857.630981445, 100.703445435, 3394.70092773, 4704.64208984, 228.370391846, 19.0388584137, 23.1585865021, 1870.45959473, 151.624191284, 44.8120651245, 5.96002197266, 4.96591901779, 37.6682167053, 16.635509491, 11.0318136215, 1.71518886089, 2.09538698196, 0.924388468266, 0.223130121827, 0.469120681286, 0.220593973994, 0.0879052504897, 0.00548306247219, 0.00198264722712, 0.000718870549463, 0.000753309577703, 0.000138261879329, 3.26856679749e-05, 3.89944352719e-06, 2.13624431922e-07, 1.06913748965e-08, 2.99315877639e-10, 1.53028197752e-11, 7.22873982895e-11], "dmean": [0.00229594437405, 0.130388081074, 0.494125306606, 0.371379613876, 4.57394838333, 6.25565004349, 12.5658435822, 4.96329402924, 19.9177627563, 22.9622383118, 4.70243453979, 2.21115374565, 1.99711966515, 13.4042987823, 5.36120223999, 2.5474126339, 1.07400751114, 1.00679445267, 2.2893550396, 1.87143290043, 1.48730123043, 0.654324293137, 0.70365267992, 0.492599248886, 0.250879645348, 0.269328057766, 0.174963727593, 0.0997575446963, 0.0317439995706, 0.0146881071851, 0.0122215505689, 0.0127362459898, 0.00503234099597, 0.00182396615855, 0.000756540044677, 0.000204149269848, 4.81713286717e-05, 8.73492808751e-06, 2.36828259403e-06, 4.7294779506e-06], "max": [0.158131346107, 10.5619134903, 56.1966400146, 52.9954414368, 278.95993042, 256.534942627, 910.809509277, 409.281890869, 1919.90014648, 1806.42785645, 254.21434021, 92.0560455322, 105.083320618, 705.608032227, 270.395751953, 141.766357422, 39.7590827942, 43.1428947449, 124.81388092, 92.0866165161, 61.9741287231, 28.002040863, 21.6343212128, 16.4184856415, 8.8638753891, 10.8385295868, 11.9029159546, 6.98786497116, 1.96488523483, 1.09897077084, 0.596257805824, 0.522269248962, 0.252364933491, 0.177344739437, 0.0464644581079, 0.0105622364208, 0.00201931293122, 0.000464982644189, 0.000100366283732, 0.000206179189263], "var": [0.00049951672554, 2.25712823868, 62.1284294128, 12.9086666107, 486.319549561, 724.997619629, 4083.87011719, 653.105224609, 17253.3789062, 24908.2890625, 426.736846924, 66.2347335815, 79.1715240479, 4072.61450195, 439.016601562, 112.172622681, 17.5160865784, 10.4054412842, 72.9207229614, 41.1454467773, 23.2853393555, 4.98997020721, 5.31958532333, 2.94867229462, 0.826134979725, 1.11985194683, 0.675731301308, 0.232381865382, 0.0182940158993, 0.00645777117461, 0.00259460113011, 0.00259311497211, 0.000535200175364, 0.000105484250525, 1.67978414538e-05, 1.18324544474e-06, 5.03761334869e-08, 1.88854754057e-09, 2.07970182742e-10, 7.70908836767e-10], "mean": [0.0130734825507, 0.815239608288, 3.85690546036, 1.68162488937, 10.9583759308, 16.9664993286, 35.5614624023, 16.640953064, 47.6220207214, 57.0399246216, 8.55662822723, 5.04444265366, 4.49072980881, 23.5235862732, 11.1937675476, 5.59144878387, 2.38305830956, 1.91372168064, 4.09463596344, 3.74840569496, 2.75768041611, 1.52591824532, 1.43240225315, 1.16231822968, 0.618910253048, 0.629043519497, 0.439691334963, 0.230306386948, 0.0851524993777, 0.0395911708474, 0.0320583693683, 0.0324059985578, 0.0137317841873, 0.00499243522063, 0.00230116187595, 0.000725019606762, 0.000179269307409, 3.89381202694e-05, 1.5662619262e-05, 2.44473831117e-05]}, "spectral_strongpeak": {"dmean2": 0.326772511005, "median": 0.58030462265, "min": 0, "dvar2": 0.32270142436, "dvar": 0.145468756557, "dmean": 0.215870320797, "max": 6.90360927582, "var": 0.933678865433, "mean": 0.862721145153}, "spectral_energy": {"dmean2": 0.00535646360368, "median": 0.0135398488492, "min": 9.76462075415e-21, "dvar2": 8.8954308012e-05, "dvar": 5.83438049944e-05, "dmean": 0.00425719609484, "max": 0.183203697205, "var": 0.000616860517766, "mean": 0.0214328765869}, "average_loudness": 0.275066465139, "spectral_rolloff": {"dmean2": 544.984924316, "median": 452.197265625, "min": 64.599609375, "dvar2": 4571747.5, "dvar": 1671121.125, "dmean": 315.168212891, "max": 20736.4746094, "var": 22311266, "mean": 1824.67443848}, "spectral_centroid": {"dmean2": 133.175643921, "median": 441.52432251, "min": 213.723739624, "dvar2": 188778.15625, "dvar": 77534.40625, "dmean": 82.6241912842, "max": 11672.2089844, "var": 3312853.5, "mean": 945.865356445}, "pitch_salience": {"dmean2": 0.0809221789241, "median": 0.489278972149, "min": 0.114217609167, "dvar2": 0.00673423940316, "dvar": 0.0027941968292, "dmean": 0.05497552827, "max": 0.990297853947, "var": 0.0160501692444, "mean": 0.492933154106}, "spectral_energyband_middle_high": {"dmean2": 0.00076557288412, "median": 0.000590838375501, "min": 1.12949190238e-21, "dvar2": 3.99145437768e-06, "dvar": 1.4710326468e-06, "dmean": 0.00048602122115, "max": 0.0238737892359, "var": 4.38739516539e-06, "mean": 0.00123467727099}, "spectral_contrast_coeffs": {"dmean2": [0.0566034317017, 0.0519162379205, 0.0451510772109, 0.0401460118592, 0.0335235670209, 0.0180385205895], "median": [-0.548581838608, -0.595288872719, -0.692586779594, -0.745463848114, -0.766609847546, -0.775335669518], "min": [-0.981419861317, -0.979397535324, -0.990959763527, -0.983082234859, -0.977266192436, -0.970984458923], "dvar2": [0.00233026500791, 0.00195533619262, 0.00150024192408, 0.00115762138739, 0.000940696336329, 0.000197491666768], "dvar": [0.000895692093764, 0.000872774457093, 0.000617952784523, 0.000434560992289, 0.000321466446621, 7.85041775089e-05], "dmean": [0.0349999703467, 0.0346685759723, 0.0286419671029, 0.0248093511909, 0.0196668375283, 0.0108164642006], "max": [-0.188597157598, -0.305957317352, -0.461016207933, -0.550942361355, -0.608260273933, -0.649469852448], "var": [0.0286899004132, 0.020117290318, 0.0109343826771, 0.00775885256007, 0.00624260958284, 0.00383180403151], "mean": [-0.562360703945, -0.625466763973, -0.718362510204, -0.76371794939, -0.780928850174, -0.790509462357]}, "melbands_skewness": {"dmean2": 0.867156386375, "median": 2.50542545319, "min": -0.29183280468, "dvar2": 1.27499580383, "dvar": 0.504436314106, "dmean": 0.590855777264, "max": 21.1052455902, "var": 4.00285005569, "mean": 2.81278061867}, "spectral_spread": {"dmean2": 512322.5, "median": 2434888.5, "min": 1445461.5, "dvar2": 1424349593600.0, "dvar": 708882464768, "dmean": 300766.625, "max": 42687324, "var": 42097449107500.0, "mean": 4275911.5}, "dissonance": {"dmean2": 0.0442981682718, "median": 0.398373961449, "min": 0, "dvar2": 0.00247023883276, "dvar": 0.00088399433298, "dmean": 0.0269028674811, "max": 0.500000059605, "var": 0.00295539083891, "mean": 0.402011305094}, "spectral_skewness": {"dmean2": 0.698320806026, "median": 2.81656837463, "min": -0.0837500989437, "dvar2": 0.388655811548, "dvar": 0.131491586566, "dmean": 0.403351306915, "max": 5.65477895737, "var": 0.839825153351, "mean": 2.73297953606}, "spectral_flux": {"dmean2": 0.019051162526, "median": 0.0280829202384, "min": 6.38856675894e-11, "dvar2": 0.00062957580667, "dvar": 0.000226222240599, "dmean": 0.0113161774352, "max": 0.197820708156, "var": 0.000839271058794, "mean": 0.0334437340498}, "spectral_contrast_valleys": {"dmean2": [0.578125357628, 0.497667729855, 0.413876503706, 0.397340506315, 0.352105736732, 0.191599041224], "median": [-8.60651779175, -7.76068401337, -8.78475856781, -9.37872886658, -9.65086746216, -12.5936784744], "min": [-28.4213142395, -28.222743988, -27.6150226593, -27.6315593719, -27.5803184509, -27.4817771912], "dvar2": [0.32638579607, 0.216447964311, 0.164760127664, 0.169877395034, 0.17587788403, 0.0837944895029], "dvar": [0.130144372582, 0.0999794229865, 0.0755939036608, 0.0750983804464, 0.0796109810472, 0.0435164421797], "dmean": [0.342351794243, 0.299999326468, 0.255064219236, 0.232573881745, 0.200509384274, 0.115733221173], "max": [-6.20070791245, -5.46440649033, -6.79011249542, -7.7623796463, -7.85670995712, -10.9728841782], "var": [13.843585968, 14.9129610062, 12.7055234909, 11.3295507431, 10.4237651825, 7.07740783691], "mean": [-9.60631752014, -9.05898857117, -9.89506149292, -10.4518985748, -10.6550960541, -13.2933797836]}, "erbbands_flatness_db": {"dmean2": 0.0160196851939, "median": 0.237432986498, "min": 0.0266366936266, "dvar2": 0.000199912057724, "dvar": 0.000107843909063, "dmean": 0.0114545691758, "max": 0.351863443851, "var": 0.00507947010919, "mean": 0.218576163054}, "spectral_energyband_high": {"dmean2": 1.04820328488e-05, "median": 6.38268556941e-06, "min": 6.80364454878e-21, "dvar2": 8.17301004652e-10, "dvar": 3.3014929679e-10, "dmean": 6.55662188365e-06, "max": 0.00041361086187, "var": 1.35460798134e-09, "mean": 2.119832061e-05}, "spectral_entropy": {"dmean2": 0.178871765733, "median": 6.22645711899, "min": 5.25800704956, "dvar2": 0.0271678809077, "dvar": 0.0144228581339, "dmean": 0.123106278479, "max": 9.82427501678, "var": 0.933435857296, "mean": 6.52960968018}, "silence_rate_20dB": {"dmean2": 0, "median": 1, "min": 1, "dvar2": 0, "dvar": 0, "dmean": 0, "max": 1, "var": 0, "mean": 1}, "melbands_flatness_db": {"dmean2": 0.0239589940757, "median": 0.333560079336, "min": 0.000389798864489, "dvar2": 0.000695011636708, "dvar": 0.000306366855511, "dmean": 0.0167645998299, "max": 0.469182670116, "var": 0.00856613647193, "mean": 0.314952552319}, "barkbands": {"dmean2": [1.39063661209e-06, 0.000397599651478, 0.000296952901408, 0.000261576002231, 0.00267563271336, 0.00134200952016, 0.00238807103597, 0.000333585951012, 0.000106792824226, 0.000328930327669, 0.000377260061214, 0.000109714121209, 3.49354522768e-05, 2.44645907514e-05, 9.16099306778e-05, 5.03300434502e-05, 2.70427626674e-05, 1.86213692359e-05, 1.16576002256e-05, 1.04518112494e-05, 6.00803878115e-06, 1.35186246553e-06, 8.33223850805e-07, 6.75215801493e-07, 2.1349123358e-07, 4.84158668712e-08, 1.25333796674e-08], "median": [4.451395057e-07, 0.000113404115837, 7.08461302565e-05, 0.000224350020289, 0.00306446989998, 0.00134782050736, 0.000509561621584, 3.6330682633e-05, 6.48781860946e-05, 4.88972655148e-05, 0.000125901802676, 3.95086608478e-05, 1.1433603504e-05, 6.319070053e-06, 2.58566087723e-05, 1.16478104246e-05, 1.23649788293e-05, 7.53479798732e-06, 8.05917807156e-06, 4.53225584351e-06, 1.61850130098e-06, 8.06251705399e-07, 3.45917328559e-07, 3.63223080058e-07, 1.16763317237e-07, 5.5129454779e-08, 4.21434407372e-08], "min": [3.19187272445e-25, 2.6857037731e-24, 1.38307481942e-24, 2.12165343472e-24, 1.15664765964e-23, 1.02865647661e-23, 6.17630283817e-24, 5.28598692636e-24, 1.64058329608e-23, 1.11734866038e-23, 1.60932073841e-23, 3.12303027292e-23, 2.26584470475e-23, 3.42505923889e-23, 6.30520996761e-23, 4.2997844982e-23, 4.69572072851e-23, 1.01871168583e-22, 1.20477387044e-22, 1.61706981374e-22, 2.48063130285e-22, 2.81429018324e-22, 3.49040607814e-22, 6.11861621696e-22, 9.34831828097e-22, 1.23336829858e-21, 1.92969685461e-21], "dvar2": [7.18397693764e-12, 9.07199932954e-07, 5.39631798802e-07, 5.68104780996e-07, 2.90724510705e-05, 9.80423646979e-06, 4.58416616311e-05, 1.31790818614e-06, 4.7978172546e-08, 2.07676066566e-06, 1.78808750206e-06, 7.6676364813e-08, 7.51178141911e-09, 4.2213774698e-09, 4.87003468663e-08, 1.6547062387e-08, 3.62905616669e-09, 1.53292711857e-09, 4.18025919435e-10, 6.6167815671e-10, 3.18173376535e-10, 9.54003889775e-12, 3.66127744442e-12, 1.96019524397e-12, 5.01964518129e-13, 1.00835486133e-14, 3.38032479222e-16], "dvar": [3.57444109034e-12, 9.03589011614e-07, 6.56473389427e-07, 3.3875983263e-07, 1.57130107254e-05, 6.59619990984e-06, 3.06755282509e-05, 4.97345752137e-07, 2.40985666977e-08, 8.23209404643e-07, 5.94455912051e-07, 3.59624685586e-08, 3.12771342159e-09, 1.60078095224e-09, 1.9248245664e-08, 5.95980242935e-09, 1.42447675877e-09, 6.86873669054e-10, 1.58839885689e-10, 2.54355009277e-10, 1.20950000015e-10, 3.82112744224e-12, 1.54799599788e-12, 7.23504155892e-13, 1.99407127637e-13, 3.71779658857e-15, 1.21444063497e-16], "dmean": [8.1554873077e-07, 0.000436891859863, 0.000336524826707, 0.000216159794945, 0.00194496556651, 0.00109303300269, 0.00195963517763, 0.000211907390621, 7.93120707385e-05, 0.000209291363717, 0.000237493251916, 7.53533167881e-05, 2.2329566491e-05, 1.52251132022e-05, 5.71322452743e-05, 2.97323258565e-05, 1.67360467458e-05, 1.21894636322e-05, 7.04977856003e-06, 6.32138471701e-06, 3.61140996574e-06, 8.33698663882e-07, 5.16440536558e-07, 4.07939751312e-07, 1.31766270783e-07, 2.88600592313e-08, 7.23111703849e-09], "max": [9.16004646569e-05, 0.0333746373653, 0.0419748164713, 0.0203113481402, 0.0885783806443, 0.088913269341, 0.126746609807, 0.0103837409988, 0.00339104398154, 0.0185507796705, 0.0225751940161, 0.003205568064, 0.00102960993536, 0.000824002781883, 0.00307986233383, 0.00172665773425, 0.000702002551407, 0.000447675236501, 0.000200493261218, 0.000223832350457, 0.000265611452051, 4.33788845839e-05, 2.22932394536e-05, 1.54789049702e-05, 1.55666275532e-05, 1.50074799876e-06, 3.46656378269e-07], "var": [8.51128976326e-12, 2.29390734603e-05, 3.49088295479e-05, 1.97601389118e-06, 6.21028593741e-05, 3.56971322617e-05, 0.000166310404893, 8.65104425429e-07, 8.54019219787e-08, 2.00140675588e-06, 9.86668283076e-07, 9.73137517235e-08, 7.5825798973e-09, 3.09019188016e-09, 4.30552908881e-08, 1.13797247181e-08, 2.71815436825e-09, 1.79627535069e-09, 5.33666943969e-10, 5.79462200445e-10, 2.86975387898e-10, 1.2919515284e-11, 4.32285067117e-12, 3.03571100549e-12, 6.10727289053e-13, 2.0589011114e-14, 9.16019228006e-16], "mean": [9.25379652017e-07, 0.00263462075964, 0.00281579862349, 0.000573671713937, 0.00529802171513, 0.00343354209326, 0.0048972601071, 0.000327797606587, 0.000173695065314, 0.000361053389497, 0.000442082324298, 0.000149582454469, 4.29760184488e-05, 2.62997564278e-05, 0.000104309001472, 5.1522099966e-05, 3.18488782796e-05, 2.41524339799e-05, 1.67799717019e-05, 1.44659506986e-05, 7.57468023949e-06, 2.14158194467e-06, 1.18585467135e-06, 1.13000191959e-06, 3.89949974533e-07, 1.10282698529e-07, 4.44027286051e-08]}, "erbbands_skewness": {"dmean2": 0.501962304115, "median": 1.13313674927, "min": -1.0769071579, "dvar2": 0.226326346397, "dvar": 0.112666398287, "dmean": 0.351879090071, "max": 7.64540719986, "var": 1.0249350071, "mean": 1.1574934721}, "erbbands_spread": {"dmean2": 5.75007677078, "median": 20.1274719238, "min": 3.3034722805, "dvar2": 42.8923301697, "dvar": 18.2377910614, "dmean": 3.85758399963, "max": 142.51335144, "var": 352.690979004, "mean": 24.920419693}, "melbands_kurtosis": {"dmean2": 11.3437395096, "median": 11.4588241577, "min": -1.37125897408, "dvar2": 908.582946777, "dvar": 366.116516113, "dmean": 7.42389822006, "max": 686.375061035, "var": 1041.5324707, "mean": 19.0139789581}, "melbands": {"dmean2": [6.13321826677e-05, 0.00021022290457, 0.00020146938914, 0.000570488453377, 0.000498379173223, 0.000166681042174, 0.000436574307969, 0.000260540546151, 5.0684226153e-05, 1.72581530933e-05, 1.39048279379e-05, 8.64710964379e-05, 3.45179105352e-05, 1.44587556861e-05, 5.30974011781e-06, 4.2702877181e-06, 3.05295543512e-06, 4.78400443171e-06, 6.79790127833e-06, 4.20916057919e-06, 2.74727176475e-06, 1.51258007008e-06, 7.78901608101e-07, 9.97157712845e-07, 7.238438684e-07, 3.46560653952e-07, 2.75956637097e-07, 3.75523455887e-07, 2.19015717562e-07, 2.63602458972e-07, 5.9942536268e-08, 3.81385092396e-08, 1.85452559975e-08, 1.49379051351e-08, 1.16907221681e-08, 1.96441423128e-08, 1.26378569831e-08, 7.51979545299e-09, 5.10930409092e-09, 2.12924122778e-09], "median": [1.97352128453e-05, 7.6674608863e-05, 0.000234005885432, 0.000426777638495, 0.000462493626401, 0.00021438683325, 0.000133701425511, 4.74466287415e-05, 7.30069405108e-06, 1.12037923827e-05, 4.97131168231e-06, 1.627