{"metadata": {"tags": {"label": ["T-Series"], "title": ["London Thumakda"], "originalyear": ["2014"], "album": ["Queen"], "musicbrainz album type": ["album/soundtrack"], "script": ["Latn"], "albumartistsort": ["Trivedi, Amit"], "musicbrainz album release country": ["XW"], "musicbrainz_artistid": ["fbdb00a8-c8ef-4837-9983-2fb379520de8/064bc852-059d-4b76-99ef-013383d54990/9ac67cb4-c838-48ad-b28d-1ff2ae58b758"], "musicbrainz_releasegroupid": ["f865f463-17c8-48ad-84a2-2f076306c507"], "musicbrainz_recordingid": ["1203d897-08a5-448e-b41b-6a87a6a3d725"], "albumartist": ["Amit Trivedi"], "originaldate": ["2014"], "musicbrainz album status": ["official"], "artist": ["Labh Janjua, Sonu Kakkar & Neha Kakkar"], "musicbrainz_albumid": ["a9ac5de6-e86c-4a82-8cdf-418dac314030"], "discnumber": ["1/1"], "catalognumber": ["[none]"], "tracknumber": ["1/8"], "musicbrainz_albumartistid": ["78830f6e-5832-443d-9e93-0e308238406e"], "encoding": ["Lavf56.36.100"], "artistsort": ["Janjua, Labh, Kakkar, Sonu & Kakkar, Neha"], "date": ["2014"], "media": ["Digital Media"], "file_name": "Sonu Kakkar - London Thumakda.mp3"}, "audio_properties": {"sample_rate": 44100, "downmix": "mix", "lossless": false, "analysis_sample_rate": 44100, "md5_encoded": "49313fa6622131c6b1cb37b167245d37", "equal_loudness": 0, "replay_gain": -13.3911209106, "codec": "mp3", "bit_rate": 160018, "length": 230.608978271}, "version": {"extractor": "music 1.0", "essentia_build_sha": "70f2e5ece6736b2c40cc944ad0e695b16b925413", "essentia_git_sha": "v2.1_beta2", "essentia": "2.1-beta2"}}, "rhythm": {"beats_loudness_band_ratio": {"dvar2": [0.092919819057, 0.0475785732269, 0.0719765946269, 0.0682750269771, 0.0201066490263, 0.00218209554441], "var": [0.125412970781, 0.016467038542, 0.0454157963395, 0.0258994847536, 0.00806349609047, 0.000841853325255], "min": [4.70819713883e-06, 3.79251468985e-05, 0.000233767190366, 8.4533727204e-05, 2.14537976717e-05, 4.09551057601e-06], "dmean": [0.169214397669, 0.0883640870452, 0.153056532145, 0.12696249783, 0.0518204495311, 0.0158303063363], "mean": [0.546659529209, 0.0772230550647, 0.196458503604, 0.127812862396, 0.0589975640178, 0.0173270087689], "max": [0.999499797821, 0.741433978081, 0.965117454529, 0.955355167389, 0.618594586849, 0.27156239748], "dmean2": [0.297614216805, 0.155974045396, 0.256758630276, 0.225869819522, 0.0901645645499, 0.0281388480216], "median": [0.69174516201, 0.0305197630078, 0.10307225585, 0.0639984086156, 0.0237468164414, 0.00821478106081], "dvar": [0.0407948158681, 0.0172889064997, 0.026549493894, 0.0243606995791, 0.00728050293401, 0.000780005240813]}, "bpm_histogram_first_peak_weight": {"dvar2": 0, "var": 0, "min": 0.63479924202, "dmean": 0, "mean": 0.63479924202, "max": 0.63479924202, "dmean2": 0, "median": 0.63479924202, "dvar": 0}, "bpm": 140.027496338, "beats_count": 524, "bpm_histogram_first_peak_spread": {"dvar2": 0, "var": 0, "min": 0.312629401684, "dmean": 0, "mean": 0.312629401684, "max": 0.312629401684, "dmean2": 0, "median": 0.312629401684, "dvar": 0}, "danceability": 1.22086966038, "bpm_histogram_first_peak_bpm": {"dvar2": 0, "var": 0, "min": 140, "dmean": 0, "mean": 140, "max": 140, "dmean2": 0, "median": 140, "dvar": 0}, "beats_position": [0.557278871536, 1.13777780533, 1.71827661991, 2.32199549675, 2.92571425438, 3.54104304314, 4.15637159348, 4.76009082794, 5.36380958557, 5.95591831207, 6.52480697632, 7.10530614853, 7.69741487503, 8.26630401611, 8.83519268036, 9.41569137573, 9.96135997772, 10.5186395645, 11.0759181976, 11.656416893, 12.2253055573, 12.782585144, 13.3514738083, 13.9319725037, 14.5008611679, 15.0929698944, 15.6618595123, 16.242357254, 16.8112468719, 17.3801364899, 17.9606342316, 18.5295238495, 19.0868015289, 19.5163707733, 19.9459400177, 20.363899231, 20.7818584442, 21.2114276886, 21.640996933, 22.0705661774, 22.5001354218, 22.9297046661, 23.3592739105, 23.7888431549, 24.2184123993, 24.6479816437, 25.0775508881, 25.5071201324, 25.9366893768, 26.3546485901, 26.7842178345, 27.2137870789, 27.6433563232, 28.0729255676, 28.5024929047, 28.932062149, 29.3616313934, 29.7912006378, 30.2207698822, 30.6503391266, 31.079908371, 31.5094776154, 31.9274368286, 32.3453979492, 32.7865753174, 33.2161445618, 33.6457138062, 34.0752830505, 34.5048522949, 34.9344215393, 35.3639907837, 35.7935600281, 36.2231292725, 36.6410865784, 37.0706558228, 37.5002250671, 37.9297943115, 38.3593635559, 38.7889328003, 39.2185020447, 39.6480712891, 40.0776405334, 40.5072097778, 40.9367790222, 41.3547401428, 41.795917511, 42.2254867554, 42.6550559998, 43.0730133057, 43.50258255, 43.9321517944, 44.350112915, 44.7912902832, 45.2208595276, 45.650428772, 46.0916099548, 46.5211791992, 46.9507484436, 47.3919258118, 47.8214950562, 48.2394561768, 48.6690254211, 49.0869827271, 49.5165519714, 49.9461212158, 50.3756904602, 50.8052597046, 51.2232208252, 51.6411781311, 52.0823554993, 52.5003166199, 52.9298858643, 53.3478431702, 53.7774124146, 54.2185935974, 54.6365509033, 55.0661201477, 55.4956893921, 55.9252586365, 56.3548278809, 56.7843971252, 57.2139663696, 57.643535614, 58.0731048584, 58.5026741028, 58.9322433472, 59.3618125916, 59.7913818359, 60.2093429565, 60.6505203247, 61.0800895691, 61.5096588135, 61.9508361816, 62.3687973022, 62.7867546082, 63.2047157288, 63.6458930969, 64.0754623413, 64.5050354004, 64.9346008301, 65.3641738892, 65.7821273804, 66.2233123779, 66.6412658691, 67.0708389282, 67.5004043579, 67.929977417, 68.3595428467, 68.7891159058, 69.2186813354, 69.6482543945, 70.0778198242, 70.5073928833, 70.936958313, 71.3665313721, 71.7960968018, 72.2256698608, 72.6552352905, 73.0731964111, 73.4911575317, 73.9207229614, 74.3502960205, 74.7914733887, 75.2094345093, 75.638999939, 76.068572998, 76.4981384277, 76.9277114868, 77.3572769165, 77.7868499756, 78.2048034668, 78.6459884644, 79.0639419556, 79.4935150146, 79.9230804443, 80.3642578125, 80.7938308716, 81.2233963013, 81.6529693604, 82.08253479, 82.5004959106, 82.9300689697, 83.3596343994, 83.8008117676, 84.2187728882, 84.6483459473, 85.077911377, 85.507484436, 85.9370498657, 86.3550109863, 86.784576416, 87.2141494751, 87.6437149048, 88.0732879639, 88.5028533936, 88.9324264526, 89.3619918823, 89.7915649414, 90.2211303711, 90.6507034302, 91.0686569214, 91.4982299805, 91.9277954102, 92.3573684692, 92.7869338989, 93.216506958, 93.6460723877, 94.0756454468, 94.5052108765, 94.9231719971, 95.3527450562, 95.7823104858, 96.2118835449, 96.6414489746, 97.0710220337, 97.5005874634, 97.9301605225, 98.3597259521, 98.7892990112, 99.2188644409, 99.6484298706, 100.07800293, 100.49596405, 100.92552948, 101.355102539, 101.784667969, 102.214241028, 102.655418396, 103.073379517, 103.502944946, 103.932518005, 104.362083435, 104.791656494, 105.221221924, 105.650794983, 106.080360413, 106.509933472, 106.939498901, 107.36907196, 107.79863739, 108.22820282, 108.64616394, 109.075737, 109.505302429, 109.934875488, 110.352828979, 110.782402039, 111.211967468, 111.641540527, 112.071105957, 112.500679016, 112.930244446, 113.359817505, 113.789382935, 114.218955994, 114.636917114, 115.078094482, 115.496055603, 115.937232971, 116.355194092, 116.784759521, 117.214332581, 117.655509949, 118.07346344, 118.503036499, 118.932601929, 119.350563049, 119.780136108, 120.209701538, 120.650878906, 121.068840027, 121.498413086, 121.927978516, 122.357551575, 122.787117004, 123.216690063, 123.646255493, 124.075828552, 124.505393982, 124.934967041, 125.364532471, 125.782493591, 126.200454712, 126.630020142, 127.07119751, 127.500770569, 127.930335999, 128.359909058, 128.789474487, 129.219039917, 129.648620605, 130.078186035, 130.507751465, 130.937316895, 131.355285645, 131.784851074, 132.214416504, 132.643981934, 133.073562622, 133.503128052, 133.932693481, 134.362258911, 134.7918396, 135.221405029, 135.650970459, 136.080535889, 136.510116577, 136.928070068, 137.369247437, 137.787200928, 138.216781616, 138.646347046, 139.075912476, 139.505477905, 139.935058594, 140.364624023, 140.782577515, 141.212158203, 141.641723633, 142.071289062, 142.500854492, 142.930435181, 143.36000061, 143.78956604, 144.21913147, 144.648712158, 145.078277588, 145.507843018, 145.937408447, 146.366973877, 146.784942627, 147.214508057, 147.644073486, 148.073654175, 148.503219604, 148.932785034, 149.362350464, 149.791931152, 150.221496582, 150.651062012, 151.080627441, 151.51020813, 151.928161621, 152.369338989, 152.798904419, 153.228485107, 153.658050537, 154.087615967, 154.517181396, 154.946762085, 155.376327515, 155.805892944, 156.223846436, 156.653427124, 157.071380615, 157.489334106, 157.918914795, 158.360092163, 158.778045654, 159.219223022, 159.637191772, 160.078369141, 160.50793457, 160.9375, 161.35546875, 161.773422241, 162.214599609, 162.632553101, 163.073745728, 163.503311157, 163.932876587, 164.362442017, 164.792022705, 165.209976196, 165.639541626, 166.069107056, 166.498687744, 166.928253174, 167.369430542, 167.787384033, 168.216964722, 168.646530151, 169.064483643, 169.505661011, 169.935241699, 170.364807129, 170.794372559, 171.223937988, 171.641906738, 172.083084106, 172.501037598, 172.930603027, 173.360183716, 173.778137207, 174.219314575, 174.637283325, 175.066848755, 175.496414185, 175.925979614, 176.355545044, 176.785125732, 177.214691162, 177.644256592, 178.073822021, 178.50340271, 178.93296814, 179.362533569, 179.792098999, 180.210067749, 180.639633179, 181.069198608, 181.498779297, 181.928344727, 182.357910156, 182.787475586, 183.205444336, 183.646621704, 184.064575195, 184.505752563, 184.923721313, 185.353286743, 185.782852173, 186.224029541, 186.641998291, 187.083175659, 187.50112915, 187.919082642, 188.360275269, 188.77822876, 189.219406128, 189.648971558, 190.078552246, 190.508117676, 190.937683105, 191.355636597, 191.785217285, 192.214782715, 192.632736206, 193.073913574, 193.491882324, 193.933059692, 194.351013184, 194.768981934, 195.210159302, 195.65133667, 196.069290161, 196.498855591, 196.928436279, 197.369613647, 197.787567139, 198.217132568, 198.646713257, 199.076278687, 199.505844116, 199.923812866, 200.364990234, 200.782943726, 201.224121094, 201.653686523, 202.083267212, 202.501220703, 202.930786133, 203.360351562, 203.789932251, 204.219497681, 204.637451172, 205.07862854, 205.49659729, 205.937774658, 206.355728149, 206.796905518, 207.214874268, 207.644439697, 208.074005127, 208.491973877, 208.921539307, 209.351104736, 209.780670166, 210.221862793, 210.651428223, 211.092605591, 211.522171021, 211.940139771, 212.3697052, 212.787658691, 213.217224121, 213.64680481, 214.064758301, 214.49432373, 214.92388916, 215.365081787, 215.783035278, 216.212600708, 216.642166138, 217.071746826, 217.501312256, 217.930877686, 218.360443115, 218.778411865, 219.219589233, 219.637542725, 220.078720093, 220.496688843, 220.926254272, 221.355819702, 221.785385132, 222.21496582, 222.64453125, 223.07409668, 223.49206543, 223.921630859, 224.351196289, 224.780761719, 225.210342407, 225.651519775, 226.092697144, 226.54548645, 227.021499634, 227.497497559, 227.985122681, 228.472732544, 228.960357666, 229.447982788, 229.935592651], "beats_loudness": {"dvar2": 0.00382405961864, "var": 0.00355216511525, "min": 2.34136663835e-07, "dmean": 0.0346132107079, "mean": 0.0806282088161, "max": 0.245173990726, "dmean2": 0.0600712411106, "median": 0.0712354928255, "dvar": 0.00135275686625}, "bpm_histogram_second_peak_weight": {"dvar2": 0, "var": 0, "min": 0.0191204585135, "dmean": 0, "mean": 0.0191204585135, "max": 0.0191204585135, "dmean2": 0, "median": 0.0191204585135, "dvar": 0}, "bpm_histogram_second_peak_spread": {"dvar2": 0, "var": 0, "min": 0.600000023842, "dmean": 0, "mean": 0.600000023842, "max": 0.600000023842, "dmean2": 0, "median": 0.600000023842, "dvar": 0}, "bpm_histogram_second_peak_bpm": {"dvar2": 0, "var": 0, "min": 105, "dmean": 0, "mean": 105, "max": 105, "dmean2": 0, "median": 105, "dvar": 0}, "onset_rate": 4.94752025604}, "lowlevel": {"spectral_energyband_high": {"dvar2": 1.7927371232e-07, "var": 1.09908114609e-07, "min": 7.36891021415e-21, "dmean": 0.000147579761688, "mean": 0.000225608207984, "max": 0.00421867985278, "dmean2": 0.00022039967007, "median": 0.000107881525764, "dvar": 7.76420918669e-08}, "spectral_energyband_middle_low": {"dvar2": 0.000462528201751, "var": 0.000220904374146, "min": 2.36292366324e-22, "dmean": 0.00745148351416, "mean": 0.0127103365958, "max": 0.132975250483, "dmean2": 0.0122110545635, "median": 0.00769514217973, "dvar": 0.000170564191649}, "spectral_energy": {"dvar2": 0.00147955783177, "var": 0.00160159310326, "min": 1.03723254702e-20, "dmean": 0.0174866411835, "mean": 0.0420466437936, "max": 0.259373188019, "dmean2": 0.0256811510772, "median": 0.0333325564861, "dvar": 0.000729853927623}, "spectral_spread": {"dvar2": 1804539396100.0, "var": 3150404911100.0, "min": 274577.5625, "dmean": 698889.875, "mean": 4009721.25, "max": 45370228, "dmean2": 1061454.375, "median": 3788445.75, "dvar": 882751111168}, "spectral_energyband_low": {"dvar2": 0.00165836827364, "var": 0.00116022746079, "min": 2.97822033873e-23, "dmean": 0.0131324082613, "mean": 0.0243929233402, "max": 0.241760522127, "dmean2": 0.0202351137996, "median": 0.0159907899797, "dvar": 0.000737784255762}, "spectral_rolloff": {"dvar2": 741761.6875, "var": 1186435.625, "min": 64.599609375, "dmean": 285.735809326, "mean": 890.738220215, "max": 18863.0859375, "dmean2": 478.335418701, "median": 689.0625, "dvar": 334572.21875}, "barkbands": {"dvar2": [4.38501956523e-07, 0.0012265163241, 0.000379299424822, 0.000138349700137, 5.58487954549e-05, 1.10616483653e-05, 1.41591690408e-05, 6.52811359032e-05, 3.53858704329e-05, 1.87925943465e-05, 3.71674968846e-06, 2.77251638181e-06, 4.93005927638e-06, 6.05946252108e-06, 6.40804410068e-06, 2.9448344776e-06, 4.04378226904e-07, 9.94395747966e-08, 4.41351311053e-08, 1.60925779369e-08, 9.1941858571e-09, 5.31659472003e-09, 4.46216485983e-09, 9.52383061303e-09, 6.31798613426e-09, 2.96527247201e-09, 1.02157816928e-10], "var": [9.90073885987e-07, 0.00076927623013, 9.21442479012e-05, 2.68440999207e-05, 1.8686763724e-05, 9.38438279263e-06, 1.11415947686e-05, 4.22700759373e-05, 3.2497686334e-05, 3.79753255402e-05, 2.98435770674e-06, 1.41202974646e-06, 3.242404091e-06, 4.60893534182e-06, 7.15495389159e-06, 2.22606172429e-06, 2.97530561966e-07, 8.70802239206e-08, 3.06588070487e-08, 1.21814416332e-08, 7.86754839055e-09, 2.82907830496e-09, 2.6181783408e-09, 3.60829766066e-09, 3.00181146606e-09, 1.53479617904e-09, 2.83032191434e-11], "min": [4.64002225766e-24, 4.94432495742e-24, 1.35881073988e-24, 7.45085633084e-25, 1.82678886405e-23, 1.72987288422e-23, 1.55862522342e-23, 2.14155383156e-23, 3.74376125341e-23, 2.70267785097e-23, 5.61370459551e-23, 3.22583999034e-23, 4.69236112769e-23, 4.53916213108e-23, 9.40926592695e-23, 1.12205353726e-22, 9.61071007879e-23, 1.39314754372e-22, 2.02263898233e-22, 1.55958053398e-22, 3.2554827957e-22, 3.45154817835e-22, 3.53665629882e-22, 7.41579031186e-22, 1.05712975465e-21, 1.2903809549e-21, 2.22923559496e-21], "dmean": [0.000240154622588, 0.0108782332391, 0.00347231770866, 0.00183715904132, 0.00184011133388, 0.00102678942494, 0.000858933024574, 0.0023012298625, 0.00157325272448, 0.00111863110214, 0.000581972475629, 0.000429637322668, 0.000452678621514, 0.000570719537791, 0.000545507355127, 0.000311387586407, 0.000155023284606, 0.000100365272374, 6.81949677528e-05, 4.68959660793e-05, 3.4693552152e-05, 2.36021805904e-05, 2.22895851039e-05, 2.73934383586e-05, 2.40309182118e-05, 1.67267953657e-05, 2.09976792576e-06], "mean": [0.000616967969108, 0.0196473449469, 0.00337890884839, 0.00136655941606, 0.00231931731105, 0.00167086999863, 0.00106725259684, 0.00296932528727, 0.00236143730581, 0.00197837036103, 0.000829224067274, 0.000495113781653, 0.000618588586804, 0.000762245152146, 0.000810476776678, 0.000421289674705, 0.000225649229833, 0.00014939965331, 9.97758834274e-05, 6.8006622314e-05, 5.41376139154e-05, 2.8541431675e-05, 2.74677622656e-05, 3.07938571495e-05, 2.77313502011e-05, 1.99598234758e-05, 1.76575679234e-06], "max": [0.0100637106225, 0.207769498229, 0.113746568561, 0.0699769258499, 0.050667796284, 0.0481140725315, 0.0630781501532, 0.127041429281, 0.0826531797647, 0.0725234523416, 0.0271362047642, 0.0295881442726, 0.0455891340971, 0.03613743186, 0.0357896797359, 0.0342518091202, 0.0127439955249, 0.00658711744472, 0.00704083638266, 0.00125443120487, 0.00128027424216, 0.000989998457953, 0.00106927880552, 0.000962866586633, 0.000812519167084, 0.000736352230888, 6.9400150096e-05], "dmean2": [0.000359869445674, 0.0171923916787, 0.00621690461412, 0.00344768818468, 0.0031466037035, 0.00161293358542, 0.00135103880893, 0.00361671787687, 0.00245859706774, 0.00164357596077, 0.000921505037695, 0.000694854534231, 0.000698291521985, 0.000889909802936, 0.000835636106785, 0.000459589820821, 0.000235507497564, 0.000151399857714, 0.000106083338324, 7.21779433661e-05, 5.20071916981e-05, 3.71807291231e-05, 3.47707791661e-05, 4.47124475613e-05, 3.85949497286e-05, 2.63108140643e-05, 3.6317123886e-06], "median": [5.29984317836e-05, 0.0119747519493, 0.000622735940851, 0.000191173836356, 0.000835687853396, 0.000547720235772, 0.000275849393802, 0.000776258704718, 0.000303601438645, 0.000209831676329, 0.000226380201639, 0.000125547521748, 0.000115130023914, 0.000124447309645, 7.5873809692e-05, 5.9984246036e-05, 4.86395365442e-05, 4.05539467465e-05, 3.20819854096e-05, 1.93191863218e-05, 1.98027337319e-05, 8.54101199366e-06, 7.90107787907e-06, 1.00307415778e-05, 8.39678432385e-06, 5.92986907577e-06, 1.50484851247e-07], "dvar": [2.00871710376e-07, 0.000512018857989, 0.000134830741445, 4.75589185953e-05, 1.9953613446e-05, 4.56855286757e-06, 6.60046134726e-06, 2.83557219518e-05, 1.5443931261e-05, 9.83095560514e-06, 1.54960446253e-06, 1.14453393962e-06, 2.15183104046e-06, 2.7631967896e-06, 3.11597705149e-06, 1.40440442919e-06, 1.7778050676e-07, 4.42186625094e-08, 1.939706884e-08, 6.8912591189e-09, 4.1152832253e-09, 2.2641095665e-09, 1.93552840422e-09, 3.71572395075e-09, 2.58257970565e-09, 1.27120336479e-09, 3.75896570814e-11]}, "melbands_skewness": {"dvar2": 3.39957785606, "var": 5.76467847824, "min": -3.35840511322, "dmean": 1.09124851227, "mean": 2.74438595772, "max": 22.3172054291, "dmean2": 1.63720476627, "median": 2.14469575882, "dvar": 1.59741175175}, "barkbands_skewness": {"dvar2": 2.72057795525, "var": 6.28737211227, "min": -4.56530189514, "dmean": 0.938045203686, "mean": 2.18296742439, "max": 30.2807846069, "dmean2": 1.39560675621, "median": 1.66694498062, "dvar": 1.29481267929}, "erbbands": {"dvar2": [0.713132977486, 85.7755737305, 562.897705078, 922.176818848, 1155.79187012, 512.759338379, 976.283874512, 798.421264648, 1588.42956543, 15511.3173828, 19090.8339844, 22098.1230469, 23558.6601562, 11634.5087891, 5210.05126953, 5183.91064453, 10326.7216797, 8834.52050781, 20823.28125, 9597.58203125, 2549.04248047, 749.868896484, 325.553161621, 173.54107666, 59.2917137146, 31.6863002777, 17.2263278961, 13.5281887054, 7.30634641647, 5.34205961227, 3.56863069534, 3.67991089821, 3.34207129478, 0.967062473297, 0.330246269703, 0.0793667659163, 0.00937377475202, 0.000640517740976, 6.48607567655e-07, 2.1061696831e-09], "var": [0.790435135365, 41.7520217896, 155.605682373, 197.935852051, 228.928222656, 227.785919189, 1023.30383301, 497.379089355, 1195.75231934, 12874.2402344, 11857.2324219, 21576.5117188, 41456.2109375, 19008.2988281, 4255.57080078, 2582.32666016, 6203.27636719, 7329.57373047, 31604.1640625, 8347.85351562, 2563.30566406, 625.282531738, 323.181518555, 160.862762451, 44.6413536072, 26.2058925629, 13.9195976257, 10.5121879578, 3.88412594795, 2.87729287148, 1.99933850765, 1.71138584614, 1.10719048977, 0.41426178813, 0.159932404757, 0.0405287817121, 0.00443012872711, 0.000234086095588, 2.23018588486e-07, 2.37044606166e-09], "min": [2.22362193454e-22, 1.31272805906e-21, 4.35745781606e-21, 3.81527485186e-21, 2.16661673012e-20, 6.14469050083e-20, 8.86535086654e-20, 1.39851865604e-19, 1.31220222987e-19, 1.98199337782e-19, 3.49407139501e-19, 8.02902913273e-19, 8.12469463853e-19, 1.39667564594e-18, 2.12371777353e-18, 1.40191252639e-18, 2.11760449522e-18, 2.73319416824e-18, 3.60917885052e-18, 5.26826162256e-18, 5.50449158421e-18, 6.47001732703e-18, 8.23409330704e-18, 7.58449100121e-18, 1.20387485848e-17, 6.93845797972e-18, 1.15409421932e-17, 1.28351283001e-17, 1.39288033449e-17, 1.31020809904e-17, 1.07681362982e-17, 1.34165121936e-17, 1.23404486511e-17, 1.13989616041e-17, 6.89212304412e-18, 4.20631474446e-18, 2.08937158014e-18, 1.08748587272e-18, 2.85963808234e-19, 3.12390219015e-20], "dmean": [0.281545698643, 2.65081429482, 4.48657560349, 5.09891319275, 5.61868858337, 6.03351783752, 9.09687519073, 7.98753786087, 9.17757320404, 35.1458206177, 36.8778038025, 37.6436805725, 36.0743789673, 27.6133022308, 23.250749588, 17.8011207581, 20.1764507294, 22.879278183, 30.8065567017, 19.619682312, 11.5080537796, 7.08201789856, 5.74685621262, 4.17437124252, 2.73625230789, 2.11024332047, 1.52684569359, 1.2607653141, 0.854014933109, 0.749908149242, 0.61785286665, 0.6231970191, 0.436456441879, 0.280216664076, 0.170358538628, 0.0846725180745, 0.0287191141397, 0.00645370176062, 0.000195205269847, 2.18881341425e-05], "mean": [0.655432939529, 3.96253728867, 4.81892347336, 4.35678052902, 4.68919610977, 8.0076675415, 15.2894973755, 12.0458526611, 12.4273586273, 48.0904769897, 48.0716133118, 60.1935539246, 62.91431427, 44.6482124329, 34.6839065552, 22.9388027191, 28.2626094818, 35.506816864, 55.4509773254, 29.2883605957, 17.4269809723, 11.14848423, 9.13351345062, 6.59007835388, 4.14036226273, 3.19620633125, 2.40289402008, 1.88054990768, 1.06298243999, 0.900845050812, 0.75893843174, 0.765465199947, 0.4391233325, 0.306221812963, 0.197668626904, 0.099394634366, 0.0331687182188, 0.00657864054665, 0.000207210876397, 5.21825313626e-05], "max": [6.82173156738, 55.1035079956, 138.963577271, 202.687530518, 219.842178345, 196.313705444, 475.037628174, 558.185180664, 953.601501465, 1743.51184082, 2197.85742188, 2144.85620117, 2770.76586914, 1981.04199219, 1226.68688965, 1509.49926758, 2247.02905273, 1380.87634277, 2387.05615234, 2349.7487793, 882.455871582, 464.268615723, 438.808227539, 517.87677002, 66.3823318481, 69.3780288696, 56.1171760559, 68.6514816284, 33.9306564331, 35.7344474792, 31.5820465088, 15.7147893906, 23.5702667236, 8.94902133942, 7.15073490143, 4.45952939987, 1.16710424423, 0.286580204964, 0.00619297660887, 0.000342026673025], "dmean2": [0.428458869457, 4.25549936295, 7.77334880829, 9.32977199554, 10.4161128998, 10.0665435791, 14.1179733276, 12.6083393097, 14.2334165573, 54.5913238525, 58.3021965027, 58.0435180664, 53.1754989624, 40.0552635193, 36.1501312256, 28.3869857788, 31.0747146606, 35.10887146, 45.4450874329, 29.4966011047, 16.7887001038, 10.5960884094, 8.49627780914, 6.30535268784, 4.22148752213, 3.20514941216, 2.281457901, 1.90580356121, 1.33788621426, 1.17809784412, 0.967391133308, 0.994185984135, 0.725777029991, 0.454838275909, 0.272986978292, 0.134356707335, 0.0455157049, 0.0105266310275, 0.000320647232002, 3.21699953929e-05], "median": [0.21555532515, 2.14176726341, 1.41110873222, 0.939007103443, 1.14243638515, 2.71185612679, 4.31180429459, 4.54730558395, 4.34858226776, 12.8330192566, 15.224398613, 9.46206951141, 9.28396892548, 7.73943519592, 11.7625656128, 7.42108774185, 6.32865095139, 7.60286474228, 5.61322593689, 4.08698225021, 3.27952528, 2.67420911789, 2.46281266212, 2.26937532425, 1.27986359596, 0.958811819553, 0.898703813553, 0.621987223625, 0.340261697769, 0.28358951211, 0.229446232319, 0.259319126606, 0.117269925773, 0.0770351663232, 0.0612349882722, 0.0294369962066, 0.00911736860871, 0.00140133546665, 5.76223683311e-05, 4.12591616623e-05], "dvar": [0.307963162661, 35.5969772339, 208.471725464, 321.927276611, 396.363067627, 190.57383728, 415.882324219, 323.022583008, 740.073120117, 6965.8671875, 8387.08203125, 9654.3515625, 11844.5859375, 6508.52099609, 2203.30249023, 2128.58105469, 4402.74072266, 4007.90283203, 9737.53808594, 4491.19873047, 1270.08618164, 329.551757812, 153.094085693, 82.3293914795, 24.6562633514, 14.0277633667, 7.54440593719, 5.90997695923, 3.1150124073, 2.30554318428, 1.53539788723, 1.4738047123, 1.27055752277, 0.385804593563, 0.13662455976, 0.0331702642143, 0.00392103614286, 0.000252671685303, 2.50932231438e-07, 1.07037789743e-09]}, "silence_rate_30dB": {"dvar2": 0.124972231686, "var": 0.0656826123595, "min": 0, "dmean": 0.0636327043176, "mean": 0.929326474667, "max": 1, "dmean2": 0.127278223634, "median": 1, "dvar": 0.0595830529928}, "melbands_spread": {"dvar2": 102.906394958, "var": 157.133422852, "min": 0.148625329137, "dmean": 5.27205324173, "mean": 14.4889669418, "max": 156.388702393, "dmean2": 7.91362667084, "median": 11.388168335, "dvar": 47.1188774109}, "melbands_crest": {"dvar2": 31.3101139069, "var": 46.0107421875, "min": 1.79618883133, "dmean": 3.84283089638, "mean": 19.074508667, "max": 34.872127533, "dmean2": 6.06568288803, "median": 18.6817264557, "dvar": 13.3433647156}, "zerocrossingrate": {"dvar2": 9.40889440244e-05, "var": 0.000940091966186, "min": 0.001953125, "dmean": 0.00759220309556, "mean": 0.0368427447975, "max": 0.51953125, "dmean2": 0.00894895475358, "median": 0.03271484375, "dvar": 7.69218750065e-05}, "barkbands_kurtosis": {"dvar2": 2100.50537109, "var": 7256.86962891, "min": -1.86403262615, "dmean": 9.50639915466, "mean": 17.3709793091, "max": 1725.41650391, "dmean2": 14.7328443527, "median": 3.98376893997, "dvar": 951.001831055}, "spectral_flux": {"dvar2": 0.00425877142698, "var": 0.00625275401399, "min": 6.51072529223e-11, "dmean": 0.0421321578324, "mean": 0.100499741733, "max": 0.478269606829, "dmean2": 0.0627963244915, "median": 0.0802672207355, "dvar": 0.00229602865875}, "barkbands_crest": {"dvar2": 25.2467765808, "var": 29.098072052, "min": 2.36458134651, "dmean": 3.44413495064, "mean": 14.4347114563, "max": 26.3439788818, "dmean2": 5.53505945206, "median": 13.8945512772, "dvar": 10.5042963028}, "barkbands_flatness_db": {"dvar2": 0.00313876825385, "var": 0.00632341532037, "min": 0.0313133969903, "dmean": 0.0383062958717, "mean": 0.209573283792, "max": 0.594483792782, "dmean2": 0.055890224874, "median": 0.195159047842, "dvar": 0.00155841046944}, "spectral_entropy": {"dvar2": 0.222867295146, "var": 0.438813328743, "min": 4.22546291351, "dmean": 0.315303772688, "mean": 6.97050571442, "max": 9.82021331787, "dmean2": 0.444735527039, "median": 7.04604959488, "dvar": 0.113666534424}, "pitch_salience": {"dvar2": 0.0242117475718, "var": 0.0234968457371, "min": 0.00943421944976, "dmean": 0.0940525904298, "mean": 0.44113907218, "max": 0.907253563404, "dmean2": 0.152803078294, "median": 0.440051615238, "dvar": 0.00944744050503}, "erbbands_spread": {"dvar2": 188.017410278, "var": 243.491989136, "min": 0.594252169132, "dmean": 7.94702100754, "mean": 24.6412792206, "max": 140.018234253, "dmean2": 11.9748916626, "median": 21.0723896027, "dvar": 87.0568313599}, "dynamic_complexity": 4.03125524521, "spectral_contrast_valleys": {"dvar2": [0.507432103157, 0.700893759727, 0.611885607243, 0.626338899136, 0.586807847023, 0.741141736507], "var": [3.93909668922, 2.22013282776, 2.26785445213, 2.40264201164, 2.55769085884, 2.21958518028], "min": [-27.4925022125, -28.3695373535, -27.5907669067, -27.5899753571, -27.4902935028, -27.3810195923], "dmean": [0.490067332983, 0.589946627617, 0.583990693092, 0.603283405304, 0.553883671761, 0.616999447346], "mean": [-7.87587070465, -7.2196059227, -7.81342124939, -8.42111682892, -8.71088695526, -11.291343689], "max": [-4.96764421463, -4.36702394485, -4.9629201889, -5.38838529587, -6.10260248184, -8.27304172516], "dmean2": [0.760585963726, 0.891252279282, 0.836595058441, 0.82521790266, 0.732618749142, 0.830084979534], "median": [-7.11248159409, -6.9585852623, -7.59651422501, -8.22458648682, -8.45833492279, -11.1166305542], "dvar": [0.249530062079, 0.327392578125, 0.321707069874, 0.34378990531, 0.333086997271, 0.392185419798]}, "hfc": {"dvar2": 151.924240112, "var": 277.719482422, "min": 1.12272509858e-16, "dmean": 6.74947357178, "mean": 17.2474880219, "max": 100.757255554, "dmean2": 9.60756778717, "median": 10.965839386, "dvar": 75.7028884888}, "spectral_kurtosis": {"dvar2": 133.856506348, "var": 171.007598877, "min": -1.25741636753, "dmean": 3.83067202568, "mean": 9.99758911133, "max": 314.336761475, "dmean2": 6.12112236023, "median": 7.58359527588, "dvar": 58.9141654968}, "mfcc": {"mean": [-701.58770752, 143.125137329, -1.06347489357, 6.29399967194, 1.36466920376, 1.23631453514, 1.08496499062, 3.04681158066, 3.25506567955, 7.34257268906, 3.28746342659, 6.54698705673, 1.2885273695], "cov": [[10945.6464844, 729.912231445, -313.749847412, 545.134399414, 485.818603516, 355.371643066, 263.590606689, 243.458007812, 224.694351196, 267.437652588, -11.274096489, -174.110794067, -490.806121826], [729.912231445, 1666.91638184, 662.221130371, 396.253204346, 203.638961792, 246.527938843, 277.47869873, 137.476669312, 105.004585266, 94.9340057373, 36.9585571289, -25.7324485779, -133.147491455], [-313.749847412, 662.221130371, 1198.62744141, 470.987426758, 239.81312561, 264.838012695, 246.387207031, 160.575637817, 106.528541565, -7.50344467163, 68.7050094604, 14.988530159, 22.1279773712], [545.134399414, 396.253204346, 470.987426758, 719.766784668, 346.751495361, 188.627914429, 185.535461426, 124.394042969, 144.051177979, 48.977973938, 32.295753479, 22.13438797, -29.9240703583], [485.818603516, 203.638961792, 239.81312561, 346.751495361, 485.065551758, 214.81048584, 91.4376068115, 103.367523193, 123.375343323, 74.3371887207, 22.2091388702, 8.0187587738, 5.7020945549], [355.371643066, 246.527938843, 264.838012695, 188.627914429, 214.81048584, 417.004241943, 214.962646484, 160.089279175, 108.494926453, 95.6714935303, 73.9413528442, 22.8714408875, 4.59832763672], [263.590606689, 277.47869873, 246.387207031, 185.535461426, 91.4376068115, 214.962646484, 567.968688965, 199.757507324, 79.5672988892, 163.859085083, 88.8884429932, 36.753780365, 24.5893268585], [243.458007812, 137.476669312, 160.575637817, 124.394042969, 103.367523193, 160.089279175, 199.757507324, 278.205383301, 120.610412598, 91.539642334, 80.1463394165, 42.4974746704, 19.2380161285], [224.694351196, 105.004585266, 106.528541565, 144.051177979, 123.375343323, 108.494926453, 79.5672988892, 120.610412598, 220.725662231, 98.2430343628, 61.7459526062, 37.726436615, -18.1845378876], [267.437652588, 94.9340057373, -7.50344467163, 48.977973938, 74.3371887207, 95.6714935303, 163.859085083, 91.539642334, 98.2430343628, 247.390686035, 100.274162292, 37.7713699341, 5.70791912079], [-11.274096489, 36.9585571289, 68.7050094604, 32.295753479, 22.2091388702, 73.9413528442, 88.8884429932, 80.1463394165, 61.7459526062, 100.274162292, 186.750030518, 77.6250152588, 25.0043411255], [-174.110794067, -25.7324485779, 14.988530159, 22.13438797, 8.0187587738, 22.8714408875, 36.753780365, 42.4974746704, 37.726436615, 37.7713699341, 77.6250152588, 151.870895386, 54.6794090271], [-490.806121826, -133.147491455, 22.1279773712, -29.9240703583, 5.7020945549, 4.59832763672, 24.5893268585, 19.2380161285, -18.1845378876, 5.70791912079, 25.0043411255, 54.6794090271, 234.342773438]], "icov": [[0.000118377087347, -3.50714180968e-05, 0.000109314780275, -7.94553852757e-05, -6.2360370066e-05, -4.98803674418e-05, -5.16284035257e-06, -8.03698058007e-05, 2.25453004532e-05, -5.55762017029e-05, 6.55658095639e-06, 9.92593049887e-05, 0.00019641254039], [-3.50714180968e-05, 0.00089885329362, -0.000443714408902, -0.000127241175505, 4.905498281e-05, -0.000117547366244, -0.000132357381517, 1.94542808458e-05, 9.80830882327e-05, -0.000301338324789, 0.000160662864801, 1.51626627485e-05, 0.000470576080261], [0.000109314780275, -0.000443714408902, 0.001600814634, -0.000709985673893, -1.94180483959e-05, -0.000412152061472, -0.000226832344197, -0.000178370508365, -0.000124197438709, 0.000845319067594, -0.000548910407815, 0.000363522471162, -0.000274452671874], [-7.94553852757e-05, -0.000127241175505, -0.000709985673893, 0.00288077886216, -0.00156430155039, 0.000387182051782, -0.000518620829098, 0.000173502325197, -0.000757599482313, 0.000444948818767, 0.000155635541887, -0.000467505131382, 0.000289683579467], [-6.2360370066e-05, 4.905498281e-05, -1.94180483959e-05, -0.00156430155039, 0.00398993957788, -0.00141278840601, 0.000650189816952, -7.3407565651e-05, -0.000598624406848, -0.000746551901102, 0.00064546323847, 0.000247887510341, -0.000587191665545], [-4.98803674418e-05, -0.000117547366244, -0.000412152061472, 0.000387182051782, -0.00141278840601, 0.00427061319351, -0.000814263883512, -0.000888707931153, -0.00033542260644, 7.46517707739e-06, -0.000616991135757, 0.000171952633536, 2.55772956734e-05], [-5.16284035257e-06, -0.000132357381517, -0.000226832344197, -0.000518620829098, 0.000650189816952, -0.000814263883512, 0.00316789699718, -0.00149087852333, 0.000908778398298, -0.00172595994081, 0.000245649716817, -2.40427125391e-05, -0.000248718250077], [-8.03698058007e-05, 1.94542808458e-05, -0.000178370508365, 0.000173502325197, -7.3407565651e-05, -0.000888707931153, -0.00149087852333, 0.00656797131523, -0.00242352345958, 0.000355057971319, -0.00093429943081, -0.000257900217548, -0.000518644694239], [2.25453004532e-05, 9.80830882327e-05, -0.000124197438709, -0.000757599482313, -0.000598624406848, -0.00033542260644, 0.000908778398298, -0.00242352345958, 0.00779512617737, -0.0022219591774, -0.000146857913933, -0.000979813979939, 0.00104597746395], [-5.55762017029e-05, -0.000301338324789, 0.000845319067594, 0.000444948818767, -0.000746551901102, 7.46517707739e-06, -0.00172595994081, 0.000355057971319, -0.0022219591774, 0.00741303851828, -0.00295694242232, 0.000411973713199, -0.000274240795989], [6.55658095639e-06, 0.000160662864801, -0.000548910407815, 0.000155635541887, 0.00064546323847, -0.000616991135757, 0.000245649716817, -0.00093429943081, -0.000146857913933, -0.00295694242232, 0.00905583053827, -0.00358552648686, 0.000155031710165], [9.92593049887e-05, 1.51626627485e-05, 0.000363522471162, -0.000467505131382, 0.000247887510341, 0.000171952633536, -2.40427125391e-05, -0.000257900217548, -0.000979813979939, 0.000411973713199, -0.00358552648686, 0.00937754753977, -0.00175479357131], [0.00019641254039, 0.000470576080261, -0.000274452671874, 0.000289683579467, -0.000587191665545, 2.55772956734e-05, -0.000248718250077, -0.000518644694239, 0.00104597746395, -0.000274240795989, 0.000155031710165, -0.00175479357131, 0.00557210622355]]}, "silence_rate_20dB": {"dvar2": 0, "var": 0, "min": 1, "dmean": 0, "mean": 1, "max": 1, "dmean2": 0, "median": 1, "dvar": 0}, "melbands_kurtosis": {"dvar2": 1994.30065918, "var": 2522.89868164, "min": -1.7774771452, "dmean": 13.2334117889, "mean": 21.1124668121, "max": 773.780578613, "dmean2": 20.6811885834, "median": 7.00078201294, "dvar": 935.097961426}, "barkbands_spread": {"dvar2": 55.0739021301, "var": 76.2835235596, "min": 0.0663933977485, "dmean": 4.23266649246, "mean": 12.559887886, "max": 107.886894226, "dmean2": 6.41586923599, "median": 10.7936992645, "dvar": 26.0408859253}, "erbbands_skewness": {"dvar2": 0.679688453674, "var": 1.06756806374, "min": -4.27806568146, "dmean": 0.567688524723, "mean": 0.693192899227, "max": 8.92879009247, "dmean2": 0.86048322916, "median": 0.63631439209, "dvar": 0.302062422037}, "average_loudness": 0.864661633968, "spectral_centroid": {"dvar2": 118310.554688, "var": 288558.59375, "min": 70.1703491211, "dmean": 201.055282593, "mean": 937.387084961, "max": 11275.7138672, "dmean2": 287.329467773, "median": 867.715942383, "dvar": 63256.1132812}, "dissonance": {"dvar2": 0.00368275959045, "var": 0.00326835177839, "min": 0.129980102181, "dmean": 0.0390814840794, "mean": 0.427269876003, "max": 0.500000059605, "dmean2": 0.0644316002727, "median": 0.44162350893, "dvar": 0.00138772907667}, "erbbands_flatness_db": {"dvar2": 0.00165013596416, "var": 0.00411467719823, "min": 0.0352950878441, "dmean": 0.0290084201843, "mean": 0.198277503252, "max": 0.485284924507, "dmean2": 0.0421001538634, "median": 0.191569730639, "dvar": 0.000822322268505}, "spectral_strongpeak": {"dvar2": 3.28620576859, "var": 2.37410140038, "min": 0, "dmean": 0.578499138355, "mean": 1.05036449432, "max": 14.2715206146, "dmean2": 0.963804364204, "median": 0.453108459711, "dvar": 1.36293649673}, "spectral_rms": {"dvar2": 4.40838994109e-06, "var": 9.11385632207e-06, "min": 3.18109124112e-12, "dmean": 0.00122405111324, "mean": 0.00564865488559, "max": 0.0159074515104, "dmean2": 0.0017588653136, "median": 0.00570259336382, "dvar": 2.25497433348e-06}, "silence_rate_60dB": {"dvar2": 0.0749691575766, "var": 0.0986514911056, "min": 0, "dmean": 0.0338300429285, "mean": 0.110943317413, "max": 1, "dmean2": 0.0676669031382, "median": 0, "dvar": 0.0326915979385}, "melbands": {"dvar2": [7.15208807378e-05, 0.000135684065754, 2.81707543763e-05, 3.85681642001e-06, 1.02427941329e-06, 3.65315287354e-07, 4.01783438519e-07, 2.38642542172e-06, 1.15320847272e-06, 8.05503077572e-07, 5.84709368923e-07, 2.15046469521e-07, 6.26204936793e-08, 3.79833728914e-08, 2.74694968994e-08, 6.51992522194e-08, 3.99617228197e-08, 7.49076036755e-08, 2.02548307016e-08, 2.88742505461e-08, 2.73484945801e-09, 1.42630496303e-09, 5.05157193853e-10, 2.60014759723e-10, 1.47833703612e-10, 4.57840813872e-11, 2.63716999627e-11, 1.58563856489e-11, 8.06753362032e-12, 8.9472387832e-12, 3.69167717229e-12, 2.27268724673e-12, 2.63304200492e-12, 1.78647385513e-12, 1.24613242902e-12, 1.7489981902e-12, 1.27969672619e-12, 1.5039683908e-12, 1.57667704847e-12, 6.16469061129e-13], "var": [5.70793636143e-05, 5.08181947225e-05, 6.10301822235e-06, 9.01561065803e-07, 9.87011048892e-07, 2.50900967558e-07, 3.13594284762e-07, 1.84156704108e-06, 7.33605759251e-07, 8.08680738373e-07, 1.03914010197e-06, 3.76438066496e-07, 5.62140201055e-08, 2.09752926139e-08, 1.64857052454e-08, 3.88684249231e-08, 3.21030420025e-08, 1.01882406511e-07, 1.56597259604e-08, 2.14614797045e-08, 2.41252195998e-09, 9.3687280156e-10, 4.63402982653e-10, 2.3602905741e-10, 1.23156346232e-10, 3.33576812006e-11, 1.73642922957e-11, 1.18968029872e-11, 5.64039787099e-12, 7.3171104592e-12, 2.80689230539e-12, 1.21319035547e-12, 1.25725374122e-12, 9.3143700218e-13, 6.44694692596e-13, 8.86870004518e-13, 6.28860624598e-13, 5.05794841774e-13, 5.25764382118e-13, 2.76775537168e-13], "min": [3.5022473852e-24, 2.41339589115e-24, 7.90275776558e-25, 3.71429792969e-24, 3.33208811579e-24, 3.31063504348e-24, 2.20848651e-24, 1.43154095432e-24, 3.0570843017e-24, 5.84903836961e-24, 3.76898216207e-24, 4.50098315654e-24, 6.6171064791e-24, 4.04780899333e-24, 4.27752686665e-24, 4.21221036699e-24, 4.39456108726e-24, 4.7429039192e-24, 7.80842370778e-24, 7.81276638706e-24, 5.22923745613e-24, 4.94293537894e-24, 6.420295544e-24, 6.56415852957e-24, 4.93587428498e-24, 7.41793361539e-24, 5.93609548139e-24, 3.28460460576e-24, 5.13599133612e-24, 5.75166256277e-24, 7.93470535035e-24, 6.11584532726e-24, 7.27787215053e-24, 6.42882076381e-24, 6.5694032713e-24, 5.23635140377e-24, 8.03821257858e-24, 7.55186089785e-24, 8.68560784653e-24, 8.22531066378e-24], "dmean": [0.00277605117299, 0.00272482377477, 0.000894988654181, 0.000396059913328, 0.00031117151957, 0.000180963164894, 0.000145429410622, 0.000442473246949, 0.000294048833894, 0.000232987935306, 0.000179221417056, 0.000115985058073, 7.84244475653e-05, 5.5117685406e-05, 4.35275833297e-05, 4.46385347459e-05, 4.70278100693e-05, 5.45927287021e-05, 3.08982089336e-05, 2.92223030556e-05, 1.18458183351e-05, 8.19359956949e-06, 6.8812396421e-06, 4.76211107525e-06, 3.55287852472e-06, 2.39104497268e-06, 1.78040386345e-06, 1.43435238442e-06, 1.00021270555e-06, 1.00615568499e-06, 6.62196327994e-07, 4.83927010464e-07, 4.79852531043e-07, 4.12387151982e-07, 3.48728974586e-07, 4.17031998268e-07, 3.73240794715e-07, 2.96196247973e-07, 3.00449642054e-07, 2.28472757158e-07], "mean": [0.00563810765743, 0.00355177768506, 0.000780975213274, 0.000414019857999, 0.000527378462721, 0.000279098283499, 0.000190043472685, 0.000597042904701, 0.000380988669349, 0.000368281907868, 0.000305534456857, 0.000180593749974, 0.000114678798127, 6.89973167027e-05, 5.58743777219e-05, 5.9545665863e