{"tonal": {"thpcp": [1, 0.56167781353, 0.264884889126, 0.210280299187, 0.224248066545, 0.328600287437, 0.387413531542, 0.28159096837, 0.177304774523, 0.147615790367, 0.141956448555, 0.233067020774, 0.342719823122, 0.386726498604, 0.641884088516, 0.780647218227, 0.506935358047, 0.293241500854, 0.261550277472, 0.261595785618, 0.381117105484, 0.450422137976, 0.312362790108, 0.222458153963, 0.212156891823, 0.219426825643, 0.375732779503, 0.515114784241, 0.431788474321, 0.398978054523, 0.441746592522, 0.36337736249, 0.308824539185, 0.337671250105, 0.439644902945, 0.859776556492], "hpcp": {"dmean2": [0.213530451059, 0.227311998606, 0.214858800173, 0.211218833923, 0.192496806383, 0.193716973066, 0.198693230748, 0.229571864009, 0.289102047682, 0.316526710987, 0.245236873627, 0.17610514164, 0.142990618944, 0.146707728505, 0.171606421471, 0.159388750792, 0.122424066067, 0.104355461895, 0.102708928287, 0.101008534431, 0.12613914907, 0.166782796383, 0.187706276774, 0.230987921357, 0.225462913513, 0.203700765967, 0.163223296404, 0.169507116079, 0.167946457863, 0.174699932337, 0.175181880593, 0.154772281647, 0.155984282494, 0.158076480031, 0.160201594234, 0.197143778205], "median": [0.0283381566405, 0.0242424551398, 0.0129166748375, 0.010099102743, 0.00953015033156, 0.00808867160231, 0.00907304696739, 0.0267152879387, 0.0886392146349, 0.12151569128, 0.0536860413849, 0.00610789982602, 0.00306775327772, 0.00346920615993, 0.00705292122439, 0.0085048219189, 0.00656968075782, 0.00344877829775, 0.00233934610151, 0.00321856490336, 0.0103496937081, 0.0169893410057, 0.0233261100948, 0.0322137065232, 0.0372657030821, 0.0212706569582, 0.00725363427773, 0.00466638151556, 0.00792738702148, 0.0198487974703, 0.0223850701004, 0.0135315405205, 0.00460282713175, 0.00363285816275, 0.00606360519305, 0.0204302594066], "min": [0, 0, 0, 0, 0, 0, 0, 4.10963508557e-07, 3.29201782279e-07, 0, 0, 0, 0, 0, 0, 0, 0, 0, 0, 0, 0, 0, 0, 0, 0, 0, 0, 0, 0, 0, 0, 0, 0, 0, 0, 0], "dvar2": [0.113526657224, 0.143451482058, 0.144625544548, 0.139964222908, 0.114109963179, 0.127012804151, 0.123897016048, 0.132977813482, 0.143492639065, 0.155581220984, 0.120621137321, 0.124140404165, 0.0958423018456, 0.102786391973, 0.115269526839, 0.0976934283972, 0.0708580091596, 0.0667863786221, 0.0728218778968, 0.067649513483, 0.0695550516248, 0.105985663831, 0.098873347044, 0.131538853049, 0.120302647352, 0.120319932699, 0.107884280384, 0.118598394096, 0.111934073269, 0.0955444425344, 0.106672242284, 0.0958599224687, 0.113264732063, 0.116232782602, 0.105725519359, 0.113618865609], "dvar": [0.0442134365439, 0.0494764111936, 0.0518076904118, 0.0513494648039, 0.042230527848, 0.045410964638, 0.0453703291714, 0.0481110550463, 0.0545900799334, 0.0584777183831, 0.0444113947451, 0.0430007390678, 0.0338081680238, 0.0360921621323, 0.0413335263729, 0.0372695624828, 0.0269993115216, 0.0240544453263, 0.0256025325507, 0.0237980522215, 0.0250972378999, 0.0382511727512, 0.0359592214227, 0.0492068268359, 0.0459382273257, 0.0430694185197, 0.038093496114, 0.0423034019768, 0.0407484658062, 0.0353317372501, 0.0383410379291, 0.0341379679739, 0.0410784371197, 0.0422561056912, 0.0380602478981, 0.0417602024972], "dmean": [0.123070806265, 0.128393828869, 0.121543899179, 0.119541376829, 0.10938244313, 0.107312515378, 0.110073827207, 0.130051195621, 0.168399333954, 0.183834120631, 0.140078529716, 0.0975208356977, 0.0787885710597, 0.0807026252151, 0.0974784195423, 0.092226266861, 0.071820512414, 0.057766251266, 0.0558721534908, 0.0551878102124, 0.0709566175938, 0.0944438949227, 0.106617555022, 0.133203476667, 0.128606840968, 0.116584531963, 0.0909928902984, 0.0925970897079, 0.0931477025151, 0.0990611687303, 0.100218817592, 0.0871018692851, 0.084963530302, 0.0851590633392, 0.087347984314, 0.112365171313], "max": [1, 1, 1, 1, 1, 1, 1, 1, 1, 1, 1, 1, 1, 1, 1, 1, 1, 1, 1, 1, 1, 1, 1, 1, 1, 1, 1, 1, 1, 1, 1, 1, 1, 1, 1, 1], "var": [0.0693025961518, 0.0519134998322, 0.0553893409669, 0.068479321897, 0.0496752411127, 0.0406287424266, 0.0473004765809, 0.050003297627, 0.10343054682, 0.119139842689, 0.0568500608206, 0.0361948870122, 0.0288411919028, 0.0320556648076, 0.045239303261, 0.0587211027741, 0.0381487645209, 0.0237914714962, 0.0207094643265, 0.0180678721517, 0.0261134169996, 0.0465888530016, 0.04236856848, 0.0857374966145, 0.116320647299, 0.0626381412148, 0.0421662256122, 0.038228109479, 0.035125028342, 0.0474718213081, 0.0646384730935, 0.0386556759477, 0.0332554019988, 0.032667722553, 0.0285615697503, 0.0432762019336], "mean": [0.151197463274, 0.126739367843, 0.117108792067, 0.129662290215, 0.106659211218, 0.0906467586756, 0.0991138964891, 0.129045397043, 0.252363234758, 0.293521881104, 0.164864733815, 0.0777495130897, 0.061721868813, 0.0658217146993, 0.0964513719082, 0.1137143448, 0.0826531127095, 0.0520428307354, 0.0433284640312, 0.0416673235595, 0.0684102699161, 0.100595764816, 0.113512687385, 0.188407033682, 0.229137048125, 0.148796617985, 0.0860727950931, 0.0767707303166, 0.0767840892076, 0.111866205931, 0.132208749652, 0.0916853100061, 0.0652963370085, 0.0622726902366, 0.0644065737724, 0.110285788774]}, "tuning_equal_tempered_deviation": 0.0722192302346, "chords_changes_rate": 0.071448199451, "key_key": "F", "tuning_diatonic_strength": 0.741882801056, "key_scale": "major", "chords_number_rate": 0.00384721066803, "tuning_frequency": 441.782684326, "tuning_nontempered_energy_ratio": 0.754705667496, "chords_histogram": [36.6859016418, 6.01813697815, 10.7996702194, 2.63808727264, 6.48529815674, 4.61665296555, 1.12668311596, 0.357241004705, 0.302280843258, 0.16488045454, 0.851882398129, 0.137400388718, 1.70376479626, 0, 0.824402332306, 1.7587249279, 0.219840615988, 3.8746907711, 0.274800777435, 1.0442429781, 0.137400388718, 5.33113479614, 9.01346492767, 5.63341569901], "key_strength": 0.89258056879, "chords_key": "F", "chords_strength": {"dmean2": 0.0116084776819, "median": 0.542335212231, "min": 0.241834357381, "dvar2": 0.000133413384901, "dvar": 0.000108644569991, "dmean": 0.0111882062629, "max": 0.849951148033, "var": 0.0113564608619, "mean": 0.547005951405}, "chords_scale": "major", "hpcp_entropy": {"dmean2": 1.07078146935, "median": 1.66556346416, "min": 0.0338777936995, "dvar2": 0.717662930489, "dvar": 0.260045230389, "dmean": 0.626821756363, "max": 3.95444822311, "var": 0.475206881762, "mean": 1.64507234097}}, "metadata": {"audio_properties": {"equal_loudness": 0, "codec": "flac", "downmix": "mix", "analysis_sample_rate": 44100, "bit_rate": 0, "md5_encoded": "812804156bb660e5184a0eb3bde087b1", "length": 168.948394775, "replay_gain": -5.4183921814, "lossless": true}, "version": {"essentia_build_sha": "7f154e5731828a63663f0144680ef47bd640f88b", "essentia": "2.1-beta1", "extractor": "music 1.0", "essentia_git_sha": "v2.1_beta1-6-g5578087"}, "tags": {"title": ["La clemenza di Tito: Act I, no. 1. Duetto \"Come ti piace imponi\" (Sesto, Vitellia)"], "barcode": ["028947757924"], "media": ["CD"], "albumartist": ["Mozart; Magdalena Ko\u017een\u00e1, Rainer Trost, Hillevi Martinpelto, Scottish Chamber Orchestra, Sir Charles Mackerras"], "tracktotal": ["23"], "language": ["ita"], "performer": ["Scottish Chamber Orchestra (orchestra)"], "releasetype": ["album"], "musicbrainz_recordingid": ["120886ba-06d9-4c9b-b926-de47331a4615"], "artistsort": ["Mozart, Wolfgang Amadeus"], "musicbrainz_releasegroupid": ["eacc5282-ead8-4078-835e-a7f74426cd35"], "musicbrainz_albumartistid": ["b972f589-fb0e-474e-b64a-803b0364fa75", "a08918ab-bfe3-4468-b6d8-429b36e79a53", "44c267d8-61a6-436e-b060-3fd7d7266a33", "eff71329-2043-4f0b-8568-bf3634e9ffdd", "068632ae-2db3-4817-be30-f035fdc2478b", "69a7d073-869e-4af2-a58b-a62fe34454d6"], "lyricist": ["Pietro Metastasio", "Caterino Mazzol\u00e0"], "discnumber": ["1"], "catalognumber": ["00289 447 5792"], "notes": ["Medieval CUE Splitter (www.medieval.it)"], "releasecountry": ["XE"], "engineer": ["Stephan Flock"], "file_name": "CD1 03 La clemenza di Tito_ Act I, no. 1. Duetto _Come ti piace imponi_ (Sesto, Vitellia).flac", "originaldate": ["2006"], "albumartistsort": ["Mozart, Wolfgang Amadeus; Ko\u017een\u00e1, Magdalena, Trost, Rainer, Martinpelto, Hillevi, Scottish Chamber Orchestra, Mackerras, Charles, Sir"], "date": ["2006"], "genre": ["Opera"], "musicbrainz_albumid": ["8258b29a-f0c7-4ff5-b69b-a1a2a8b63841"], "disctotal": ["2"], "acoustid_id": ["c33517eb-a900-482e-bfa9-100992e6bd56"], "releasestatus": ["official"], "musicbrainz_artistid": ["b972f589-fb0e-474e-b64a-803b0364fa75"], "asin": ["B000CR77TS"], "musicbrainz_workid": ["2fdb4349-8dca-349a-a2fc-32e75e7b248f"], "artist": ["Sir Charles Mackerras, R.Trost, M.Kozena, H.Martinpelto, L.Milne"], "tracknumber": ["3"], "composer": ["Wolfgang Amadeus Mozart"], "album": ["La clemenza di Tito"], "label": ["Deutsche Grammophon"], "totaltracks": ["23"], "totaldiscs": ["2"], "script": ["Latn"], "conductor": ["Sir Charles Mackerras"]}}, "rhythm": {"bpm_histogram_first_peak_bpm": {"dmean2": 0, "median": 172, "min": 172, "dvar2": 0, "dvar": 0, "dmean": 0, "max": 172, "var": 0, "mean": 172}, "bpm": 172.265594482, "bpm_histogram_second_peak_spread": {"dmean2": 0, "median": 0, "min": 0, "dvar2": 0, "dvar": 0, "dmean": 0, "max": 0, "var": 0, "mean": 0}, "bpm_histogram_first_peak_weight": {"dmean2": 0, "median": 0.103174604475, "min": 0.103174604475, "dvar2": 0, "dvar": 0, "dmean": 0, "max": 0.103174604475, "var": 0, "mean": 0.103174604475}, "onset_rate": 3.43868350983, "beats_position": [0.650158703327, 1.31192743778, 1.9620860815, 2.61224484444, 3.25079369545, 3.90095233917, 4.52789115906, 5.15482997894, 5.78176879883, 6.40870714188, 7.03564596176, 7.67419481277, 8.32435321808, 8.91646194458, 9.50857162476, 10.1006803513, 10.6927890778, 11.2848978043, 11.8770065308, 12.4691152573, 13.0612239838, 13.6185035706, 14.1641721725, 14.6982307434, 15.2439002991, 15.7895689011, 16.3352375031, 16.8576869965, 17.3685264587, 17.8561439514, 18.3321533203, 18.8081626892, 19.2841720581, 19.7369613647, 20.2013607025, 20.6657600403, 21.1301574707, 21.5945568085, 22.0589561462, 22.5697956085, 23.0806350708, 23.5914726257, 24.0907020569, 24.589931488, 25.1007709503, 25.6232185364, 26.1456680298, 26.7493877411, 27.3298854828, 27.8987751007, 28.4908847809, 29.0946025848, 29.6983222961, 30.2788200378, 30.870929718, 31.4398174286, 32.0203170776, 32.6008148193, 33.1813163757, 33.7618141174, 34.4235839844, 35.0853500366, 35.7471199036, 36.4204978943, 37.093875885, 37.6511573792, 38.2200431824, 38.7773246765, 39.3229942322, 39.8802719116, 40.4259414673, 40.9599990845, 41.4940567017, 42.0048980713, 42.5273475647, 43.0614051819, 43.5954627991, 44.129524231, 44.6519737244, 45.1860313416, 45.7200889587, 46.2541503906, 46.7882080078, 47.322265625, 47.9027671814, 48.4832649231, 49.0637626648, 49.6442604065, 50.2363700867, 50.8052597046, 51.3741493225, 51.9430389404, 52.5119247437, 53.0808143616, 53.6845359802, 54.2882537842, 54.8919715881, 55.4956893921, 56.0994110107, 56.6218566895, 57.1443061829, 57.6783676147, 58.0963249207, 58.491065979, 58.8974151611, 59.3037643433, 59.6868934631, 60.070022583, 60.4647598267, 60.859500885, 61.2426300049, 61.6257591248, 61.9972763062, 62.380405426, 62.7867546082, 63.1814956665, 63.5762329102, 63.9825820923, 64.3889312744, 64.7952804565, 65.2016296387, 65.6195907593, 66.0259399414, 66.4322891235, 66.8386383057, 67.2449874878, 67.6745529175, 68.0925140381, 68.6149673462, 69.1374130249, 69.659866333, 70.1126480103, 70.5654373169, 71.0182266235, 71.4477996826, 71.8773651123, 72.3069381714, 72.7365036011, 73.1660766602, 73.5956420898, 74.0252151489, 74.4547805786, 74.8843536377, 75.3023147583, 75.7202682495, 76.1962814331, 76.6838989258, 77.1715164185, 77.7055740356, 78.2280273438, 78.7504730225, 79.2845306396, 79.8069839478, 80.3410415649, 80.8634872437, 81.3859405518, 81.7806777954, 82.1754150391, 82.5817642212, 82.9881134033, 83.3828582764, 83.7659835815, 84.1491165161, 84.5322418213, 84.9153747559, 85.3101119995, 85.7164611816, 86.1111984253, 86.4943313599, 86.8890686035, 87.2838058472, 87.6669387817, 88.0036239624, 88.3403167725, 88.6770019531, 89.0136947632, 89.3736038208, 89.7219009399, 90.05859375, 90.3952789307, 90.7435836792, 91.0686569214, 91.4053497314, 91.7420425415, 92.1599960327, 92.5547409058, 92.9494781494, 93.3442153931, 93.7505645752, 94.1336975098, 94.5284347534, 94.9231719971, 95.2946929932, 95.6662139893, 96.0261230469, 96.374420166, 96.7111129761, 97.0594100952, 97.4077072144, 97.7444000244, 98.0810852051, 98.4293823242, 98.7660751343, 99.1027679443, 99.4510650635, 99.7993621826, 100.147659302, 100.507568359, 100.867477417, 101.215782166, 101.552467346, 101.889160156, 102.237457275, 102.574150085, 102.910835266, 103.247528076, 103.584213257, 103.909294128, 104.234375, 104.547843933, 104.861312866, 105.186393738, 105.534690857, 105.882987976, 106.231292725, 106.579589844, 106.927886963, 107.287796021, 107.647705078, 107.996009827, 108.344306946, 108.669387817, 109.006072998, 109.342765808, 109.679450989, 110.039360046, 110.387664795, 110.747573853, 111.10748291, 111.455780029, 111.804077148, 112.152381897, 112.512290955, 112.872200012, 113.23210907, 113.592018127, 113.940315247, 114.288612366, 114.636917114, 114.996826172, 115.356735229, 115.716644287, 116.076553345, 116.424850464, 116.773147583, 117.121452332, 117.469749451, 117.81804657, 118.166343689, 118.503036499, 118.851333618, 119.188026428, 119.524711609, 119.861404419, 120.209701538, 120.581222534, 120.941131592, 121.301040649, 121.660949707, 122.020858765, 122.380767822, 122.74067688, 123.112197876, 123.472106934, 123.832015991, 124.203536987, 124.575057983, 124.934967041, 125.28326416, 125.643173218, 126.003082275, 126.362991333, 126.711288452, 127.059593201, 127.396278381, 127.732971191, 128.069656372, 128.406341553, 128.754638672, 129.10295105, 129.451248169, 129.811157227, 130.171066284, 130.530975342, 130.902496338, 131.274017334, 131.633926392, 131.993835449, 132.353744507, 132.713653564, 133.073562622, 133.43347168, 133.816589355, 134.19972229, 134.582855225, 134.954376221, 135.337509155, 135.720626831, 136.103759766, 136.4868927, 136.870025635, 137.276367188, 137.671112061, 138.077453613, 138.507034302, 138.924987793, 139.342941284, 139.784118652, 140.225296021, 140.678085327, 141.177322388, 141.66494751, 142.152557373, 142.628570557, 143.092971802, 143.568969727, 144.04498291, 144.520996094, 144.997009277, 145.473007202, 145.960632324, 146.448257446, 146.93586731, 147.423492432, 147.911102295, 148.398727417, 148.874740601, 149.350738525, 149.826751709, 150.302764893, 150.767166138, 151.243179321, 151.637908936, 152.032653809, 152.438995361, 152.833740234, 153.216873169, 153.599990845, 153.983123779, 154.366256714, 154.749389648, 155.120910645, 155.50402832, 155.887161255, 156.270294189, 156.653427124, 157.0365448, 157.431289673, 157.837631226, 158.232376099, 158.63873291, 159.161178589, 159.683624268, 160.217681885, 160.751739502, 161.285797119, 161.819854736, 162.353912354, 162.887985229, 163.422042847, 163.932876587, 164.455322266, 164.977767944, 165.500228882, 166.034286499, 166.568344116, 167.102401733, 167.636459351, 168.182128906], "beats_loudness": {"dmean2": 0.0260045230389, "median": 0.00334735121578, "min": 1.66691984305e-06, "dvar2": 0.00254545686767, "dvar": 0.000941931153648, "dmean": 0.0146635230631, "max": 0.290902078152, "var": 0.000964239879977, "mean": 0.0144004635513}, "danceability": 0.905467331409, "bpm_histogram_second_peak_weight": {"dmean2": 0, "median": 0.100529097021, "min": 0.100529097021, "dvar2": 0, "dvar": 0, "dmean": 0, "max": 0.100529097021, "var": 0, "mean": 0.100529097021}, "beats_count": 379, "bpm_histogram_second_peak_bpm": {"dmean2": 0, "median": 167, "min": 167, "dvar2": 0, "dvar": 0, "dmean": 0, "max": 167, "var": 0, "mean": 167}, "bpm_histogram_first_peak_spread": {"dmean2": 0, "median": 0, "min": 0, "dvar2": 0, "dvar": 0, "dmean": 0, "max": 0, "var": 0, "mean": 0}, "beats_loudness_band_ratio": {"dmean2": [0.211902007461, 0.274303287268, 0.429721653461, 0.333134293556, 0.0933511480689, 0.0133676426485], "median": [0.0389446243644, 0.0891846045852, 0.524753570557, 0.110799744725, 0.0190998651087, 0.00289132934995], "min": [3.33667485393e-05, 2.39009909819e-06, 0.00198547984473, 0.000396158051444, 0.000118234223919, 5.27304910065e-05], "dvar2": [0.0668319761753, 0.0860921442509, 0.112031847239, 0.119766183197, 0.0310607925057, 0.000977363320999], "dvar": [0.0256129782647, 0.0339217409492, 0.04212648049, 0.0424933247268, 0.0108811678365, 0.000377613527235], "dmean": [0.118073388934, 0.161443695426, 0.252387464046, 0.184644550085, 0.0504418537021, 0.00743010360748], "max": [0.991901934147, 0.948481380939, 0.986228227615, 0.981751978397, 0.857523322105, 0.198712706566], "var": [0.0399152189493, 0.0463117137551, 0.0864231735468, 0.0473716966808, 0.00712196575478, 0.000284721318167], "mean": [0.129410147667, 0.178688660264, 0.502536118031, 0.190031513572, 0.0428159497678, 0.00649693887681]}}, "lowlevel": {"barkbands_spread": {"dmean2": 3.32617068291, "median": 6.66859722137, "min": 0.279960393906, "dvar2": 19.6242160797, "dvar": 9.26442527771, "dmean": 2.18308591843, "max": 104.160415649, "var": 35.7798118591, "mean": 7.72364711761}, "melbands_spread": {"dmean2": 4.41335248947, "median": 9.14619159698, "min": 0.118541061878, "dvar2": 26.723279953, "dvar": 11.6180610657, "dmean": 2.90177083015, "max": 60.9064903259, "var": 46.406791687, "mean": 10.3950538635}, "hfc": {"dmean2": 3.48106503487, "median": 1.36686611176, "min": 6.59945362713e-05, "dvar2": 99.4685897827, "dvar": 51.8792610168, "dmean": 2.49751019478, "max": 300.562683105, "var": 369.614837646, "mean": 7.59785652161}, "barkbands_kurtosis": {"dmean2": 8.43201160431, "median": 3.36231136322, "min": -1.79670572281, "dvar2": 605.539978027, "dvar": 254.030349731, "dmean": 5.31714582443, "max": 640.271484375, "var": 843.588134766, "mean": 9.81987953186}, "gfcc": {"mean": [-223.684036255, 154.199432373, -146.432281494, -12.1422929764, -48.6492118835, -15.085600853, -21.7563419342, 7.70855951309, -4.44568443298, -5.56470108032, 5.14800548553, -3.41375088692, -14.2424592972], "icov": [[0.000173765743966, -0.000155926463776, 0.000388954416849, -0.000226753487368, 0.000410728534916, -0.000275610480458, 0.000207308985409, -0.000132599583594, 0.000184531847481, 4.74171101814e-05, 0.000322381383739, 8.3041471953e-05, 0.000204337935429], [-0.000155926463776, 0.00212190416642, -0.00108823692426, 0.000678651966155, -0.0022087583784, 0.00225877901539, -0.00124752812553, 0.0020090690814, -0.000311019801302, 0.00126509252004, -0.00144714559428, 0.00133221840952, -0.00111171591561], [0.000388954416849, -0.00108823692426, 0.00250424235128, -0.0010151626775, 0.0009420470451, -0.00206196005456, 0.00136291736271, -0.000942244485486, 0.000941077421885, -0.000756861118134, 0.00191237789113, -0.0016280207783, 0.000780337606557], [-0.000226753487368, 0.000678651966155, -0.0010151626775, 0.00321556348354, -0.00185863173101, 0.000488314020913, -1.71444776242e-06, 0.00100756040774, -0.000431963155279, 0.000789240642916, -0.000218278481043, -0.00022243829153, -6.32001956546e-06], [0.000410728534916, -0.0022087583784, 0.0009420470451, -0.00185863173101, 0.0063392794691, -0.00211814884096, 0.001153190271, -0.00181276805233, 0.00026649326901, -0.00177473470103, 0.0013128425926, 0.000966263818555, 0.00028698091046], [-0.000275610480458, 0.00225877901539, -0.00206196005456, 0.000488314020913, -0.00211814884096, 0.00808514468372, -0.00335615384392, 0.000929391477257, 0.000796620675828, 0.00013570325973, -0.00110322574619, 0.00192565622274, -0.000325376575347], [0.000207308985409, -0.00124752812553, 0.00136291736271, -1.71444776242e-06, 0.001153190271, -0.00335615384392, 0.00525419786572, -0.00337683432736, 0.0015426937025, 0.000732153945137, 8.78577702679e-05, -0.000294575293083, 0.000587197602727], [-0.000132599583594, 0.0020090690814, -0.000942244485486, 0.00100756040774, -0.00181276805233, 0.000929391477257, -0.00337683432736, 0.0104213533923, -0.00456893909723, 0.00118366570678, -0.000270522141363, -0.000491983897518, -0.000208906290936], [0.000184531847481, -0.000311019801302, 0.000941077421885, -0.000431963155279, 0.00026649326901, 0.000796620675828, 0.0015426937025, -0.00456893909723, 0.00658334046602, -0.0017809207784, -6.42276245344e-06, 0.00115486897994, 0.00129993271548], [4.74171101814e-05, 0.00126509252004, -0.000756861118134, 0.000789240642916, -0.00177473470103, 0.00013570325973, 0.000732153945137, 0.00118366570678, -0.0017809207784, 0.0069838850759, -0.00225901906379, 0.000865711655933, -0.00158343918156], [0.000322381383739, -0.00144714559428, 0.00191237789113, -0.000218278481043, 0.0013128425926, -0.00110322574619, 8.78577702679e-05, -0.000270522141363, -6.42276245344e-06, -0.00225901906379, 0.00691147707403, -0.00570565415546, 0.00371611560695], [8.3041471953e-05, 0.00133221840952, -0.0016280207783, -0.00022243829153, 0.000966263818555, 0.00192565622274, -0.000294575293083, -0.000491983897518, 0.00115486897994, 0.000865711655933, -0.00570565415546, 0.0126431453973, -0.00568229984492], [0.000204337935429, -0.00111171591561, 0.000780337606557, -6.32001956546e-06, 0.00028698091046, -0.000325376575347, 0.000587197602727, -0.000208906290936, 0.00129993271548, -0.00158343918156, 0.00371611560695, -0.00568229984492, 0.0102342357859]], "cov": [[13973.1982422, -740.416503906, -2302.11914062, 6.01661920547, -793.934326172, 67.9734268188, 245.975082397, 28.1491832733, -97.0575180054, -651.912841797, -506.481262207, -616.809936523, -420.096405029], [-740.416503906, 1652.74865723, 405.672546387, 96.3807754517, 418.579162598, -239.084991455, -66.8001327515, -290.961608887, -171.045211792, -101.777915955, 9.65005874634, -42.5469284058, 120.850944519], [-2302.11914062, 405.672546387, 1360.77587891, 305.860992432, 256.446502686, 109.396537781, -200.482910156, -130.966567993, -185.821395874, 77.9427337646, -175.67628479, 106.894226074, 150.382095337], [6.01661920547, 96.3807754517, 305.860992432, 487.21206665, 159.474441528, 21.3340549469, -107.878662109, -67.5934829712, -43.6133956909, -15.7098712921, -108.164779663, -17.005777359, 21.2877254486], [-793.934326172, 418.579162598, 256.446502686, 159.474441528, 395.312408447, -1.92555189133, -64.334602356, -43.8671607971, -0.13107149303, 47.6390266418, -64.3187255859, -52.7475547791, 34.9705352783], [67.9734268188, -239.084991455, 109.396537781, 21.3340549469, -1.92555189133, 273.929473877, 138.171661377, 50.5287628174, -50.6307601929, -7.6596570015, -48.3533058167, -25.0384616852, -24.8882865906], [245.975082397, -66.8001327515, -200.482910156, -107.878662109, -64.334602356, 138.171661377, 417.570617676, 115.585983276, -30.6179199219, -83.5914077759, 43.9749908447, -16.812833786, -46.6965827942], [28.1491832733, -290.961608887, -130.966567993, -67.5934829712, -43.8671607971, 50.5287628174, 115.585983276, 233.789031982, 145.791610718, 16.1997718811, 22.3627319336, -6.47829532623, -48.9759674072], [-97.0575180054, -171.045211792, -185.821395874, -43.6133956909, -0.13107149303, -50.6307601929, -30.6179199219, 145.791610718, 327.172668457, 85.2435073853, 50.9567604065, -35.7954406738, -66.1192932129], [-651.912841797, -101.777915955, 77.9427337646, -15.7098712921, 47.6390266418, -7.6596570015, -83.5914077759, 16.1997718811, 85.2435073853, 242.103729248, 82.1234054565, 42.6921424866, 20.070066452], [-506.481262207, 9.65005874634, -175.67628479, -108.164779663, -64.3187255859, -48.3533058167, 43.9749908447, 22.3627319336, 50.9567604065, 82.1234054565, 378.356323242, 138.158218384, -31.7525215149], [-616.809936523, -42.5469284058, 106.894226074, -17.005777359, -52.7475547791, -25.0384616852, -16.812833786, -6.47829532623, -35.7954406738, 42.6921424866, 138.158218384, 205.109451294, 75.9157562256], [-420.096405029, 120.850944519, 150.382095337, 21.2877254486, 34.9705352783, -24.8882865906, -46.6965827942, -48.9759674072, -66.1192932129, 20.070066452, -31.7525215149, 75.9157562256, 172.864547729]]}, "spectral_energyband_middle_low": {"dmean2": 0.00388634460978, "median": 0.0013792347163, "min": 7.230223531e-09, "dvar2": 0.00012646887626, "dvar": 6.66876221658e-05, "dmean": 0.00282572815195, "max": 0.190718591213, "var": 0.000277863058727, "mean": 0.00692892074585}, "melbands_crest": {"dmean2": 6.00820827484, "median": 16.1483230591, "min": 4.41053771973, "dvar2": 25.4390983582, "dvar": 10.4238901138, "dmean": 3.74254918098, "max": 39.0572891235, "var": 44.6604652405, "mean": 17.1049613953}, "spectral_kurtosis": {"dmean2": 14.5310316086, "median": 15.9723567963, "min": -0.520834922791, "dvar2": 180.875076294, "dvar": 65.3416137695, "dmean": 8.53119182587, "max": 99.2054748535, "var": 187.720932007, "mean": 19.6708145142}, "spectral_rms": {"dmean2": 0.000534321006853, "median": 0.0014939167304, "min": 2.1220979761e-05, "dvar2": 6.22244385795e-07, "dvar": 3.4415344885e-07, "dmean": 0.000394433969632, "max": 0.0174257028848, "var": 4.97644987263e-06, "mean": 0.00220223632641}, "zerocrossingrate": {"dmean2": 0.00497731426731, "median": 0.0322265625, "min": 0, "dvar2": 3.93761547457e-05, "dvar": 3.38996105711e-05, "dmean": 0.0041083805263, "max": 0.2705078125, "var": 0.000255408464, "mean": 0.0337014049292}, "silence_rate_60dB": {"dmean2": 0.135807558894, "median": 1, "min": 0, "dvar2": 0.131652921438, "dvar": 0.063283957541, "dmean": 0.0678944438696, "max": 1, "var": 0.245113193989, "mean": 0.569877684116}, "erbbands_kurtosis": {"dmean2": 4.51295852661, "median": 1.46667861938, "min": -1.83378863335, "dvar2": 53.2045021057, "dvar": 22.4471511841, "dmean": 2.86537313461, "max": 83.9498825073, "var": 65.4614334106, "mean": 4.19773578644}, "erbbands": {"dmean2": [0.00149390543811, 0.0258228778839, 0.071448482573, 0.113347828388, 0.272775620222, 0.579051375389, 0.727458715439, 2.43038058281, 5.92903280258, 14.7503356934, 15.2249193192, 62.5373077393, 60.7750358582, 35.2315483093, 17.4771537781, 15.5132102966, 16.3562355042, 8.77852916718, 5.53583621979, 2.949395895, 1.58231759071, 1.56744480133, 3.48587155342, 1.9892989397, 1.00942504406, 0.35961908102, 0.0993455052376, 0.0517072416842, 0.0564276874065, 0.0455820336938, 0.0261998940259, 0.0123731866479, 0.00559878535569, 0.00381631404161, 0.00163052289281, 0.000841006520204, 0.000279923435301, 8.03744624136e-05, 1.12497245937e-05, 5.60811076866e-06], "median": [0.00045091737411, 0.00532238790765, 0.0161397065967, 0.0286797042936, 0.0425228141248, 0.170910507441, 0.286770641804, 0.616657495499, 1.49914216995, 3.71380019188, 2.76837325096, 1.19582927227, 0.904713273048, 1.15536510944, 1.20814585686, 0.741228282452, 0.698581159115, 0.57512575388, 0.51408046484, 0.309122920036, 0.240134686232, 0.256208777428, 0.393460184336, 0.310524433851, 0.173322886229, 0.0462471581995, 0.00944165699184, 0.00442215288058, 0.00423085317016, 0.00416947668418, 0.00278888014145, 0.00128464819863, 0.000473780441098, 0.000156842274009, 6.30837312201e-05, 3.7325786252e-05, 1.18976713566e-05, 3.62062110071e-06, 2.14228703044e-06, 2.91350534098e-06], "min": [4.38152511606e-07, 7.66871107771e-06, 1.29498648676e-05, 3.76856655748e-06, 3.59394766747e-06, 2.28378803513e-06, 1.24807934299e-06, 5.25680707142e-06, 5.42667567061e-06, 1.2584502656e-05, 5.84394365433e-06, 3.11518692797e-06, 2.77521507996e-06, 4.02117166232e-06, 4.46826106781e-06, 2.67648033514e-06, 5.77957462156e-06, 4.96161919727e-06, 1.94498852579e-06, 2.20189849642e-06, 1.85251462881e-06, 1.96854466594e-06, 1.56304270149e-06, 1.35048537686e-06, 1.20672859794e-06, 9.17494219266e-07, 1.13886949293e-06, 9.48779529608e-07, 8.74401280271e-07, 8.07254764368e-07, 6.50628464882e-07, 6.55387566439e-07, 5.06928756749e-07, 4.79548987187e-07, 3.95518156893e-07, 3.15099924819e-07, 2.41224796582e-07, 1.59207942829e-07, 5.07940214334e-08, 7.80391573585e-09], "dvar2": [1.44591667777e-05, 0.00750502338633, 0.0707972794771, 0.164299443364, 0.886864542961, 4.16152524948, 8.8359041214, 80.9239273071, 170.448623657, 1291.66052246, 1831.87524414, 55562.7929688, 66785.1328125, 94248.4609375, 7849.17480469, 9536.29492188, 8920.98339844, 2247.29248047, 595.806640625, 131.238967896, 26.7375240326, 20.3524684906, 136.347015381, 44.1697044373, 12.5111465454, 2.50318074226, 0.182836085558, 0.0486766882241, 0.0855197012424, 0.0296763833612, 0.00821544136852, 0.00219839299098, 0.000962495978456, 0.00135094404686, 0.000270498770988, 0.000181703609996, 2.04214829864e-05, 9.936893548e-07, 9.51748457823e-09, 2.25214347171e-10], "dvar": [7.78543835622e-06, 0.00518657825887, 0.0376447029412, 0.144973799586, 0.860410809517, 2.47442102432, 5.53396606445, 39.6196746826, 87.1790618896, 650.287231445, 847.76751709, 25885.0019531, 38597.6289062, 44344.3828125, 4066.48779297, 3438.07226562, 4764.60791016, 1297.79016113, 259.062896729, 62.3589706421, 11.1438646317, 9.32750225067, 63.5886192322, 18.2853317261, 5.05369234085, 1.18780660629, 0.0770104154944, 0.020167350769, 0.0441419146955, 0.0122777977958, 0.00346210575663, 0.000965293729678, 0.000411405198975, 0.000603246851824, 0.000160439347383, 8.35413011373e-05, 1.1403382814e-05, 6.10382130617e-07, 5.36929167794e-09, 1.13986528549e-10], "dmean": [0.00109441042878, 0.0204390212893, 0.0551682263613, 0.102909386158, 0.245318040252, 0.450131684542, 0.548392772675, 1.84382486343, 4.13194417953, 10.0837955475, 10.4285173416, 42.0991706848, 44.867805481, 25.1307468414, 11.5986690521, 9.6818447113, 10.9976377487, 5.97226715088, 3.5487344265, 1.94483876228, 1.02289712429, 1.02527332306, 2.27150726318, 1.26037538052, 0.645340204239, 0.238523900509, 0.064284466207, 0.0338638983667, 0.0373533256352, 0.0300215128809, 0.0170576684177, 0.00836599711329, 0.00376346660778, 0.00246302434243, 0.00115932745393, 0.000575558573473, 0.00018612081476, 5.55532351427e-05, 7.90702051745e-06, 4.00976023229e-06], "max": [0.136275470257, 3.87491798401, 9.03814697266, 24.0277252197, 53.5484809875, 66.2456512451, 143.859786987, 234.050369263, 348.018127441, 634.075256348, 718.44519043, 3491.9453125, 4532.26757812, 9368.55371094, 2711.52001953, 1621.85498047, 2811.83984375, 2070.41601562, 767.902282715, 214.730712891, 95.8190460205, 69.1036605835, 168.177902222, 123.153274536, 62.6811599731, 40.4367904663, 9.79212760925, 4.05195426941, 13.0251379013, 5.1537194252, 2.18936872482, 0.950520515442, 0.849361538887, 1.22835481167, 0.905663013458, 0.731657147408, 0.255247980356, 0.0585209876299, 0.00467397039756, 0.000370547611965], "var": [5.11959005962e-05, 0.0369525440037, 0.272903054953, 1.53076088428, 9.75731563568, 9.60193157196, 24.4610443115, 224.03527832, 406.002624512, 1410.11877441, 2056.54882812, 88031.609375, 146967.703125, 125327.328125, 7621.87646484, 5217.50976562, 8124.1015625, 2712.24633789, 435.391448975, 104.494766235, 23.3171329498, 19.6650371552, 146.135131836, 40.5151786804, 10.2138090134, 2.59186720848, 0.208399131894, 0.0465889647603, 0.101380638778, 0.0265995785594, 0.0071639274247, 0.00201436784118, 0.000689858803526, 0.00104466918856, 0.000328921858454, 0.000103009384475, 1.66684021679e-05, 1.09608595267e-06, 9.34455002266e-09, 7.57472695678e-10], "mean": [0.0029070249293, 0.0549826957285, 0.152473464608, 0.327434569597, 0.758218169212, 1.04677832127, 1.39616513252, 4.39360904694, 8.05436992645, 16.6787719727, 18.4394111633, 80.0813293457, 90.8490219116, 44.2451858521, 17.3900566101, 13.1674728394, 16.830324173, 9.80913543701, 5.14367008209, 2.91779947281, 1.7343378067, 1.66739785671, 3.63162589073, 2.17573285103, 1.09904825687, 0.401557594538, 0.119691103697, 0.0599906891584, 0.063855804503, 0.0484419129789, 0.0283884294331, 0.0139340143651, 0.00602450687438, 0.00372380483896, 0.00175491115078, 0.000789669458754, 0.000278845167486, 8.64839312271e-05, 1.60640101967e-05, 1.2362360394e-05]}, "spectral_strongpeak": {"dmean2": 0.642878890038, "median": 0.457478135824, "min": 0, "dvar2": 1.25257313251, "dvar": 0.577697694302, "dmean": 0.423871010542, "max": 18.4548892975, "var": 3.08729934692, "mean": 1.11254107952}, "spectral_energy": {"dmean2": 0.00450159190223, "median": 0.00228758179583, "min": 4.61588228973e-07, "dvar2": 0.000151215412188, "dvar": 7.44477729313e-05, "dmean": 0.00321637955494, "max": 0.311246484518, "var": 0.000528211006895, "mean": 0.0100719835609}, "average_loudness": 0.0258131399751, "spectral_rolloff": {"dmean2": 276.469482422, "median": 753.662109375, "min": 21.533203125, "dvar2": 364192.21875, "dvar": 158812.421875, "dmean": 161.575744629, "max": 13113.7207031, "var": 330819.5, "mean": 851.370361328}, "spectral_centroid": {"dmean2": 153.123748779, "median": 743.253967285, "min": 140.615020752, "dvar2": 34920.3867188, "dvar": 16321.7617188, "dmean": 103.434402466, "max": 2922.50805664, "var": 83606.453125, "mean": 769.360351562}, "pitch_salience": {"dmean2": 0.114712677896, "median": 0.480044871569, "min": 0.0589067935944, "dvar2": 0.00995574425906, "dvar": 0.00421752780676, "dmean": 0.0727470368147, "max": 0.874468684196, "var": 0.0212558042258, "mean": 0.463585615158}, "spectral_energyband_middle_high": {"dmean2": 0.00199255859479, "median": 0.000325452303514, "min": 1.14184861566e-09, "dvar2": 7.23302728147e-05, "dvar": 3.91570392821e-05, "dmean": 0.00140090391506, "max": 0.291723281145, "var": 0.000188535967027, "mean": 0.00317808403634}, "spectral_contrast_coeffs": {"dmean2": [0.059737175703, 0.0723070055246, 0.0623589642346, 0.050492670387, 0.0356379635632, 0.0245654881001], "median": [-0.699556589127, -0.675498306751, -0.73811852932, -0.758772611618, -0.758955359459, -0.792899250984], "min": [-0.939126670361, -0.958828628063, -0.965240478516, -0.95008534193, -0.93948328495, -0.908845901489], "dvar2": [0.00251356116496, 0.00369635759853, 0.00281382212415, 0.00190713244956, 0.000874550663866, 0.000450882507721], "dvar": [0.00100282300264, 0.0016055922024, 0.00126660487149, 0.000881168001797, 0.000452845619293, 0.000214321204112], "dmean": [0.037582885474, 0.0459915474057, 0.0400106720626, 0.0325589179993, 0.0237297285348, 0.0165158417076], "max": [-0.3857858181, -0.291425704956, -0.255420893431, -0.379281103611, -0.485550582409, -0.627050757408], "var": [0.00899755489081, 0.0120172053576, 0.0165063794702, 0.00700152525678, 0.00539177749306, 0.00215987139381], "mean": [-0.700517177582, -0.663440346718, -0.702384114265, -0.750027358532, -0.754810392857, -0.793693482876]}, "melbands_skewness": {"dmean2": 1.01596140862, "median": 1.39570450783, "min": -4.24297809601, "dvar2": 1.38001441956, "dvar": 0.603635013103, "dmean": 0.677434921265, "max": 26.2835140228, "var": 3.51115036011, "mean": 1.69498085976}, "spectral_spread": {"dmean2": 503579.59375, "median": 1963345.625, "min": 753957.25, "dvar2": 412968812544, "dvar": 244804108288, "dmean": 325690.09375, "max": 14846620, "var": 1392442605570.0, "mean": 2197304}, "dissonance": {"dmean2": 0.0807258039713, "median": 0.415163695812, "min": 0.0867320671678, "dvar2": 0.00562692293897, "dvar": 0.00207037851214, "dmean": 0.0475165434182, "max": 0.500000178814, "var": 0.00419168639928, "mean": 0.402658551931}, "spectral_skewness": {"dmean2": 1.07832074165, "median": 2.65179133415, "min": 0.73101401329, "dvar2": 0.856794178486, "dvar": 0.309095740318, "dmean": 0.640082240105, "max": 7.82889509201, "var": 1.09653365612, "mean": 2.8600564003}, "spectral_flux": {"dmean2": 0.0270168371499, "median": 0.0253887679428, "min": 0.000345699780155, "dvar2": 0.00208510970697, "dvar": 0.000764526193962, "dmean": 0.0165306646377, "max": 0.49898698926, "var": 0.00273471255787, "mean": 0.0423315837979}, "spectral_contrast_valleys": {"dmean2": [0.585582256317, 0.523604393005, 0.458871454, 0.393547922373, 0.339118033648, 0.376845031977], "median": [-9.3811378479, -8.1231508255, -8.89126491547, -9.66255283356, -10.0990810394, -13.6094341278], "min": [-12.9498662949, -13.4057540894, -14.2451353073, -14.9348583221, -14.7841796875, -16.7817115784], "dvar2": [0.209169715643, 0.178153067827, 0.134709775448, 0.112227126956, 0.0904818028212, 0.159679695964], "dvar": [0.0793279781938, 0.0707889720798, 0.0547567047179, 0.0486780665815, 0.0441537611187, 0.0823365747929], "dmean": [0.353726506233, 0.319735229015, 0.286809206009, 0.252720713615, 0.234205663204, 0.271183729172], "max": [-5.96126556396, -5.55326604843, -5.79391431808, -6.93685722351, -7.53394889832, -9.84086036682], "var": [1.29946780205, 1.75244152546, 1.5885642767, 1.44449210167, 1.39556741714, 1.27388119698], "mean": [-9.44132137299, -8.34761142731, -9.03783512115, -9.76770782471, -10.2506027222, -13.6448221207]}, "erbbands_flatness_db": {"dmean2": 0.0334611050785, "median": 0.296942800283, "min": 0.0613909401, "dvar2": 0.00105255877133, "dvar": 0.00054263533093, "dmean": 0.0232456531376, "max": 0.546322226524, "var": 0.005908860825, "mean": 0.30125784874}, "spectral_energyband_high": {"dmean2": 5.62748437005e-06, "median": 8.88343777206e-07, "min": 7.87419685011e-10, "dvar2": 3.73663266995e-10, "dvar": 1.82215256772e-10, "dmean": 3.92443098463e-06, "max": 0.000466742611025, "var": 6.67784383346e-10, "mean": 8.32845216792e-06}, "spectral_entropy": {"dmean2": 0.303175449371, "median": 6.45267057419, "min": 4.01615095139, "dvar2": 0.0825030505657, "dvar": 0.0415472798049, "dmean": 0.210348591208, "max": 8.65458011627, "var": 0.349212825298, "mean": 6.38917255402}, "silence_rate_20dB": {"dmean2": 0, "median": 1, "min": 1, "dvar2": 0, "dvar": 0, "dmean": 0, "max": 1, "var": 0, "mean": 1}, "melbands_flatness_db": {"dmean2": 0.0368499979377, "median": 0.328512191772, "min": 0.108146764338, "dvar2": 0.00123481475748, "dvar": 0.00059512705775, "dmean": 0.0258635971695, "max": 0.62352257967, "var": 0.00536680687219, "mean": 0.331796079874}, "barkbands": {"dmean2": [8.03613056632e-06, 9.58700184128e-05, 5.67978604522e-05, 6.31705115666e-05, 0.000134218935273, 0.000224020332098, 0.000657132768538, 0.000703890807927, 0.00292744813487, 0.00157410418615, 0.000641694758087, 0.000382489408366, 0.00036814136547, 0.000156906244229, 8.39202912175e-05, 4.11858454754e-05, 3.29374997818e-05, 6.07582915109e-05, 3.14836215694e-05, 8.96489109437e-06, 1.60593492637e-06, 1.55366410581e-06, 1.01799764707e-06, 4.24771172902e-07, 2.79165362826e-07, 1.6796326463e-07, 6.01537735179e-08], "median": [2.87084731099e-06, 1.99751812033e-05, 1.31509596031e-05, 6.68673192195e-06, 4.92133003718e-05, 5.18130982528e-05, 0.000113297457574, 0.000111488479888, 3.30495968228e-05, 2.334304736e-05, 1.88797457668e-05, 1.12222742246e-05, 8.98578946362e-06, 6.82718928147e-06, 5.48841217096e-06, 3.40499104823e-06, 3.76033131033e-06, 6.62332558932e-06, 4.4454154704e-06, 7.70595818267e-07, 1.23998830759e-07, 1.23248071304e-07, 1.02724250439e-07, 3.97470074631e-08, 9.52811607391e-09, 7.06628222602e-09, 3.58540441781e-09], "min": [4.60684201897e-09, 2.75800111638e-08, 4.26953694621e-10, 2.81949963377e-10, 7.48855366606e-10, 4.01745470224e-10, 3.53498452732e-10, 2.21215670781e-10, 1.46899020725e-10, 1.38657432758e-10, 7.83390435855e-11, 4.35166312707e-11, 9.58028587017e-11, 6.06005939874e-11, 4.36350330868e-11, 2.61721928851e-11, 2.78257937525e-11, 3.40971938184e-11, 2.05432060252e-11, 2.17665416941e-11, 2.7644039835e-11, 2.65319415743e-11, 2.5011924823e-11, 3.31764372918e-11, 4.93908386412e-11, 1.1787178178e-10, 3.51100204465e-10], "dvar2": [7.81480297141e-11, 9.56215018277e-08, 4.01684552287e-08, 6.31390477679e-08, 1.88191407346e-07, 5.91219759372e-07, 2.32799334299e-06, 3.02759826809e-06, 0.000139010095154, 8.93711767276e-05, 3.9205810026e-05, 4.37317430624e-06, 4.05843866247e-06, 8.95556070191e-07, 1.33182069817e-07, 2.74938205536e-08, 1.19590852776e-08, 3.63071670506e-08, 1.18483143297e-08, 1.17274567835e-09, 4.72081471137e-11, 4.37811280285e-11, 1.0838482889e-11, 3.29450052308e-12, 7.33023017285e-12, 8.11673384754e-12, 3.07901463657e-13], "dvar": [2.6906046835e-11, 6.59196714992e-08, 1.93812663696e-08, 6.82467771185e-08, 1.13871656993e-07, 2.99636809586e-07, 1.1412156482e-06, 1.35913717259e-06, 6.46567714284e-05, 3.83322694688e-05, 2.25139938266e-05, 1.71662770754e-06, 2.10778921428e-06, 4.63742281909e-07, 5.7539129017e-08, 1.02626138698e-08, 5.35536193169e-09, 1.73329777198e-08, 4.67706096074e-09, 5.16545139995e-10, 1.93935718179e-11, 2.12515300496e-11, 4