{"tonal": {"thpcp": [1, 0.850965619087, 0.398486018181, 0.343416124582, 0.334636509418, 0.358963876963, 0.394670814276, 0.396534085274, 0.387430846691, 0.38892698288, 0.39955419302, 0.450900912285, 0.497820794582, 0.493117660284, 0.473877608776, 0.459966897964, 0.461885869503, 0.452677667141, 0.416803359985, 0.405146628618, 0.425135314465, 0.450969666243, 0.461006551981, 0.440992414951, 0.421907514334, 0.422079324722, 0.421890348196, 0.429365038872, 0.460345745087, 0.500271320343, 0.503595232964, 0.459098905325, 0.407394617796, 0.385087221861, 0.378685832024, 0.556644797325], "hpcp": {"dmean2": [0.312901884317, 0.297693729401, 0.285411298275, 0.28676751256, 0.287064224482, 0.266708910465, 0.2580062747, 0.27931445837, 0.295743256807, 0.296363443136, 0.282984644175, 0.274987995625, 0.275851398706, 0.279382735491, 0.293260514736, 0.311647623777, 0.333712875843, 0.341023594141, 0.312354326248, 0.280033946037, 0.280757725239, 0.276398986578, 0.296027958393, 0.417461037636, 0.3739374578, 0.258273601532, 0.238663569093, 0.234820485115, 0.252200365067, 0.281322568655, 0.283399671316, 0.274672865868, 0.268388718367, 0.276637792587, 0.306273937225, 0.325706213713], "median": [0.0299433395267, 0.0300564877689, 0.0307413414121, 0.0300567410886, 0.0267805289477, 0.0235638692975, 0.0214838273823, 0.0231653861701, 0.028011713177, 0.0314708128572, 0.0309006795287, 0.0280926283449, 0.0252246819437, 0.0241439957172, 0.0242375489324, 0.0275551304221, 0.0318191684783, 0.0366130545735, 0.0347817540169, 0.0308119393885, 0.0232251919806, 0.0214894525707, 0.0500681251287, 0.0567380860448, 0.0605208873749, 0.0480259954929, 0.0170223750174, 0.0159697569907, 0.01880716905, 0.0213133357465, 0.0207640975714, 0.0193059146404, 0.0186712220311, 0.0203257836401, 0.0254851318896, 0.028616964817], "min": [0, 0, 0, 0, 0, 0, 0, 0, 0, 0, 0, 0, 0, 0, 0, 0, 0, 0, 0, 0, 0, 0, 0, 0, 0, 0, 0, 0, 0, 0, 0, 0, 0, 0, 0, 0], "dvar2": [0.162468105555, 0.155530795455, 0.143326103687, 0.143915429711, 0.151345312595, 0.140617191792, 0.127602055669, 0.147178560495, 0.159853339195, 0.157391995192, 0.147337436676, 0.14717836678, 0.144785806537, 0.152432888746, 0.160039812326, 0.175642445683, 0.178296074271, 0.185707822442, 0.166453838348, 0.146373972297, 0.156831800938, 0.156305670738, 0.146310508251, 0.249724879861, 0.193895995617, 0.137371197343, 0.121808841825, 0.126221895218, 0.13502395153, 0.157801672816, 0.163157477975, 0.154804050922, 0.146720677614, 0.149689659476, 0.165649607778, 0.174708887935], "dvar": [0.061366032809, 0.058944888413, 0.0545939467847, 0.0551060214639, 0.0571802556515, 0.052834469825, 0.049335680902, 0.0551942810416, 0.0591126345098, 0.0587804168463, 0.0541904084384, 0.0537288412452, 0.0544444657862, 0.0569764375687, 0.0597300007939, 0.0653541907668, 0.0683333277702, 0.0692388340831, 0.0615077167749, 0.0540085583925, 0.0571478977799, 0.0571304820478, 0.0549366250634, 0.10063572228, 0.0770116597414, 0.0508268103004, 0.0459906943142, 0.0468238070607, 0.0499545969069, 0.0580007582903, 0.0591555051506, 0.0566145926714, 0.0544345527887, 0.0552770793438, 0.0621378570795, 0.0665470287204], "dmean": [0.176331654191, 0.168590858579, 0.162302881479, 0.162891641259, 0.162446051836, 0.150450751185, 0.145840287209, 0.157177343965, 0.166164726019, 0.166449382901, 0.158842369914, 0.1543507725, 0.154227077961, 0.156534060836, 0.163668692112, 0.174817711115, 0.186166852713, 0.19033883512, 0.173453703523, 0.156108751893, 0.15419369936, 0.151480674744, 0.165154546499, 0.229727834463, 0.20701251924, 0.143790587783, 0.13272601366, 0.131196752191, 0.140231996775, 0.154999390244, 0.156422719359, 0.151808992028, 0.148932099342, 0.153874382377, 0.170654281974, 0.182248309255], "max": [1, 1, 1, 1, 1, 1, 1, 1, 1, 1, 1, 1, 1, 1, 1, 1, 1, 1, 1, 1, 1, 1, 1, 1, 1, 1, 1, 1, 1, 1, 1, 1, 1, 1, 1, 1], "var": [0.0608820281923, 0.0579600073397, 0.0534565262496, 0.0540069751441, 0.0550898648798, 0.0496521182358, 0.0474817305803, 0.0508417710662, 0.0544415786862, 0.0559775233269, 0.0505805201828, 0.0493593253195, 0.05093216151, 0.0517275333405, 0.0532380193472, 0.058949008584, 0.0642822757363, 0.0631678774953, 0.0535286925733, 0.04623349756, 0.047143496573, 0.0473496206105, 0.0534737557173, 0.159281238914, 0.109964713454, 0.0428962521255, 0.0396225452423, 0.039133746177, 0.0422041118145, 0.0483386963606, 0.0485866181552, 0.0477504581213, 0.0476160794497, 0.048308596015, 0.0562790744007, 0.0641612261534], "mean": [0.151563405991, 0.145649835467, 0.141374275088, 0.14196407795, 0.139133870602, 0.128107637167, 0.124524854124, 0.130668520927, 0.138608902693, 0.141693815589, 0.135542318225, 0.129676431417, 0.129729241133, 0.129671156406, 0.131968557835, 0.141490712762, 0.153762131929, 0.154783770442, 0.141107484698, 0.125215783715, 0.118359439075, 0.116391927004, 0.171088948846, 0.307357490063, 0.261550664902, 0.122477665544, 0.1055515185, 0.102853037417, 0.110330238938, 0.121305033565, 0.121877722442, 0.119079776108, 0.119539618492, 0.122805975378, 0.138587772846, 0.153008952737]}, "tuning_equal_tempered_deviation": 0.236203163862, "chords_changes_rate": 0.158291459084, "key_key": "A", "tuning_diatonic_strength": 0.5501973629, "key_scale": "major", "chords_number_rate": 0.00201005022973, "tuning_frequency": 440, "tuning_nontempered_energy_ratio": 0.922181606293, "chords_histogram": [14.3592967987, 12.2487440109, 14.108039856, 2.399497509, 0.590452253819, 0.364321619272, 0.389447242022, 1.75879395008, 0.301507532597, 0.46482411027, 1.83417081833, 1.39447236061, 0.452261298895, 2.21105527878, 2.6507537365, 7.34924602509, 3.01507544518, 18.8065319061, 4.59799003601, 6.21859312057, 1.14321613312, 2.31155776978, 0.414572864771, 0.615577876568], "key_strength": 0.667042553425, "chords_key": "A", "chords_strength": {"dmean2": 0.0251351427287, "median": 0.457162201405, "min": 0.178362086415, "dvar2": 0.0004156010109, "dvar": 0.000228254342801, "dmean": 0.018701383844, "max": 0.714693546295, "var": 0.00826622080058, "mean": 0.451789557934}, "chords_scale": "minor", "hpcp_entropy": {"dmean2": 1.33098614216, "median": 2.71938943863, "min": 0, "dvar2": 1.02546775341, "dvar": 0.36176097393, "dmean": 0.791506886482, "max": 4.72700500488, "var": 0.619404673576, "mean": 2.6805562973}}, "metadata": {"audio_properties": {"equal_loudness": 0, "codec": "mp3", "downmix": "mix", "sample_rate": 44100, "analysis_sample_rate": 44100, "bit_rate": 128009, "md5_encoded": "36dad179b7a18ec3cbcccd4214187d78", "length": 369.580413818, "replay_gain": -4.46480178833, "lossless": false}, "version": {"essentia_build_sha": "70f2e5ece6736b2c40cc944ad0e695b16b925413", "essentia": "2.1-beta2", "extractor": "music 1.0", "essentia_git_sha": "v2.1_beta2"}, "tags": {"title": ["Aus der Pfanne ins Feuer, Teil 005"], "barcode": ["9783867174435"], "media": ["CD"], "albumartist": ["J.R.R. Tolkien"], "length": ["369520"], "musicbrainz_recordingid": ["1209f802-8822-46b8-91ef-dd8b468fff12"], "musicbrainz_albumartistid": ["97f3efea-558f-4137-9e4c-8a2fcec3c2d4"], "discnumber": ["4/10"], "album": ["Der Hobbit"], "musicbrainz album release country": ["DE"], "musicbrainz album type": ["other"], "musicbrainz album status": ["official"], "originaldate": ["2002"], "date": ["2008"], "file_name": "05 - Der Hobbit CD04 - Aus der Pfanne ins Feuer.mp3", "script": ["Latn"], "asin": ["3867174431"], "musicbrainz_albumid": ["658a2ac3-9cc7-43e7-a1e0-4b322c3f9b4b"], "artist": ["J.R.R. Tolkien"], "artistsort": ["Tolkien, J.R.R."], "tracknumber": ["05/13"], "label": ["Der H\u00f6rverlag"], "albumartistsort": ["Tolkien, J.R.R."], "acoustid_id": ["22de71c7-a9e4-40d9-bad9-d0313c6a0ede"], "musicbrainz_artistid": ["97f3efea-558f-4137-9e4c-8a2fcec3c2d4"]}}, "rhythm": {"bpm_histogram_first_peak_bpm": {"dmean2": 0, "median": 94, "min": 94, "dvar2": 0, "dvar": 0, "dmean": 0, "max": 94, "var": 0, "mean": 94}, "bpm": 91.2881851196, "bpm_histogram_second_peak_spread": {"dmean2": 0, "median": 0.571428537369, "min": 0.571428537369, "dvar2": 0, "dvar": 0, "dmean": 0, "max": 0.571428537369, "var": 0, "mean": 0.571428537369}, "bpm_histogram_first_peak_weight": {"dmean2": 0, "median": 0.061011902988, "min": 0.061011902988, "dvar2": 0, "dvar": 0, "dmean": 0, "max": 0.061011902988, "var": 0, "mean": 0.061011902988}, "onset_rate": 4.73495101929, "beats_position": [0.53405892849, 1.09133780003, 1.62539684772, 2.13623571396, 2.65868473053, 3.1811337471, 3.69197273254, 4.19120168686, 4.7020406723, 5.22448968887, 5.73532867432, 6.30421733856, 6.87310647964, 7.4884352684, 8.10376358032, 8.70748329163, 9.38086128235, 10.0426301956, 10.7043991089, 11.3777770996, 12.051156044, 12.7129249573, 13.3746938705, 14.0364627838, 14.6982307434, 15.3599996567, 16.0449886322, 16.7415866852, 17.426574707, 18.1115646362, 18.7965526581, 19.5163707733, 20.2245807648, 20.9211788177, 21.6177768707, 22.3143768311, 22.9993648529, 23.6843528748, 24.3577327728, 25.0311107635, 25.6928787231, 26.3546485901, 27.0164165497, 27.6781845093, 28.2819042206, 28.897233963, 29.5241718292, 30.1511096954, 30.7664394379, 31.3817672729, 31.9970970154, 32.6008148193, 33.204536438, 33.8082542419, 34.3655319214, 34.9228096008, 35.480091095, 36.1302490234, 36.7920188904, 37.4189567566, 38.0458946228, 38.6612243652, 39.2881622314, 39.9151000977, 40.5536499023, 41.192199707, 41.8191375732, 42.4460754395, 43.0730133057, 43.6999549866, 44.3268928528, 44.9654426575, 45.6039886475, 46.2657585144, 46.9275283813, 47.5776863098, 48.2162361145, 48.8547821045, 49.5049438477, 50.1434898376, 50.7936515808, 51.4438095093, 52.0823554993, 52.720905304, 53.3478431702, 53.9747848511, 54.6133308411, 55.2054405212, 55.7975502014, 56.4012680054, 57.0514259338, 57.701587677, 58.305305481, 58.9090232849, 59.4895210266, 60.070022583, 60.6621322632, 61.1845779419, 61.7070274353, 62.2294769287, 62.8099746704, 63.4136962891, 64.0290222168, 64.6443557739, 65.2480697632, 65.8285675049, 66.4206771851, 67.0127868652, 67.6048965454, 68.2086181641, 68.8703842163, 69.543762207, 70.2171401978, 70.8673019409, 71.5406799316, 72.2140579224, 72.8642196655, 73.5143737793, 74.1761474609, 74.7798614502, 75.3719711304, 75.9524688721, 76.5329666138, 77.1134643555, 77.6591339111, 78.2048034668, 78.7504730225, 79.2613143921, 79.7605438232, 80.2713851929, 80.7590026855, 81.2582321167, 81.7574615479, 82.2450790405, 82.7443084717, 83.2203140259, 83.719543457, 84.2071609497, 84.6947860718, 85.1359634399, 85.6003646851, 86.0531539917, 86.5059356689, 86.935508728, 87.3650741577, 87.7946472168, 88.235824585, 88.665397644, 89.1181869507, 89.5129241943, 89.907661438, 90.3023986816, 90.7435836792, 91.1963729858, 91.6491622925, 92.1135559082, 92.5779571533, 93.0423583984, 93.4951477051, 93.9479370117, 94.4007263184, 94.853515625, 95.2946929932, 95.7474822998, 96.2002716064, 96.7575454712, 97.3148269653, 97.860496521, 98.4061660767, 98.9634475708, 99.5091171265, 100.008346558, 100.507568359, 101.006797791, 101.506027222, 102.016868591, 102.53931427, 103.026939392, 103.526168823, 104.002174377, 104.594284058, 105.186393738, 105.790107727, 106.393829346, 106.985939026, 107.589660645, 108.204986572, 108.831924438, 109.482086182, 110.190292358, 110.898498535, 111.61831665, 112.361358643, 113.092788696, 113.812606812, 114.462760925, 115.124534607, 115.786300659, 116.448066711, 117.098228455, 117.725166321, 118.352104187, 118.955825806, 119.582763672, 120.209701538, 120.859863281, 121.521629333, 122.102127075, 122.671020508, 123.239906311, 123.762359619, 124.296417236, 124.818862915, 125.341316223, 125.87537384, 126.386207581, 126.920272827, 127.454330444, 127.976776123, 128.499221802, 129.010070801, 129.520904541, 130.031738281, 130.54258728, 131.053421021, 131.575866699, 132.098312378, 132.632385254, 133.166442871, 133.712112427, 134.269378662, 134.815048218, 135.349105835, 135.894775391, 136.440444946, 136.904846191, 137.357635498, 137.798812866, 138.27482605, 138.750839233, 139.238449097, 139.726074219, 140.202087402, 140.678085327, 141.177322388, 141.653335571, 142.140945435, 142.628570557, 143.127792358, 143.61541748, 144.114639282, 144.625488281, 145.14793396, 145.670379639, 146.204437256, 146.726898193, 147.249343872, 147.771789551, 148.305847168, 148.839904785, 149.373962402, 149.90802002, 150.488525391, 151.057418823, 151.637908936, 152.218414307, 152.798904419, 153.298141479, 153.785751343, 154.273376465, 154.726165771, 155.178955078, 155.608520508, 156.038085938, 156.456054688, 156.874008179, 157.291976929, 157.675094604, 158.058227539, 158.464584351, 158.870925903, 159.265670776, 159.648788452, 160.043533325, 160.438278198, 160.833007812, 161.216140747, 161.599273682, 161.982406616, 162.37713623, 162.748657227, 163.120178223, 163.538131714, 163.956100464, 164.374053955, 164.780410767, 165.198364258, 165.627929688, 166.045898438, 166.498687744, 166.96307373, 167.427474976, 167.891876221, 168.367889404, 168.832290649, 169.296691895, 169.761077881, 170.248703003, 170.713104248, 171.142669678, 171.549026489, 171.990203857, 172.419769287, 172.860946655, 173.290512085, 173.708480835, 174.114822388, 174.544403076, 174.962356567, 175.391921997, 175.821487427, 176.251068115, 176.680633545, 177.110198975, 177.528152466, 177.946121216, 178.364074707, 178.770431519, 179.165161133, 179.559906006, 179.966262817, 180.37260437, 180.790557861, 181.30140686, 181.789016724, 182.276641846, 182.752655029, 183.217056274, 183.704666138, 184.19229126, 184.621856689, 185.028198242, 185.434555054, 185.864120483, 186.293685913, 186.723266602, 187.24571228, 187.768157959, 188.290603638, 188.894332886, 189.509658813, 190.124984741, 190.786758423, 191.425308228, 192.052246094, 192.702392578, 193.340942383, 193.979492188, 194.606430054, 195.244979858, 195.871917725, 196.510467529, 197.149017334, 197.787567139, 198.437728882, 199.087890625, 199.761260986, 200.388198853, 201.026748657, 201.665298462, 202.327072144, 202.977233887, 203.592559814, 204.207885742, 204.800003052, 205.415328979, 206.019042969, 206.622756958, 207.214874268, 207.818588257, 208.433914185, 209.037643433, 209.618133545, 210.187026978, 210.790740967, 211.394470215, 211.986572266, 212.578674316, 213.182403564, 213.797729492, 214.459503174, 215.109649658, 215.817871094, 216.514465332, 217.21105957, 217.907653809, 218.604263306, 219.300857544, 220.009063721, 220.728881836, 221.437088013, 222.145309448, 222.853515625, 223.468841553, 224.095779419, 224.734329224, 225.372879028, 226.011428833, 226.649978638, 227.288528442, 227.961898804, 228.635284424, 229.297042847, 229.935592651, 230.574142456, 231.235916138, 231.851242065, 232.478179932, 233.128341675, 233.778503418, 234.440261841, 235.03237915, 235.624481201, 236.216598511, 236.797088623, 237.400817871, 238.00453186, 238.631469727, 239.223571777, 239.780853271, 240.326522827, 240.883804321, 241.441085815, 241.99836731, 242.625305176, 243.252243042, 243.879180908, 244.517730713, 245.156280518, 245.806442261, 246.456588745, 247.106750488, 247.780136108, 248.360626221, 248.941131592, 249.521621704, 250.044082642, 250.56652832, 251.088973999, 251.58821106, 252.0990448, 252.60987854, 253.120727539, 253.631561279, 254.200454712, 254.769332886, 255.32661438, 255.918731689, 256.51083374, 257.091339111, 257.683441162, 258.263946533, 258.832824707, 259.401733398, 259.947387695, 260.469848633, 260.992279053, 261.51473999, 262.002349854, 262.489959717, 263.000823975, 263.488433838, 263.987670898, 264.498504639, 264.986114502, 265.485351562, 265.996185303, 266.472198486, 266.971435547, 267.493865967, 268.016326904, 268.538757324, 269.049621582, 269.560455322, 270.048065186, 270.558898926, 271.092956543, 271.62701416, 272.161071777, 272.683532715, 273.205993652, 273.728424072, 274.262481689, 274.784942627, 275.365447998, 275.922729492, 276.503204346, 277.083709717, 277.664215088, 278.209869385, 278.767150879, 279.312835693, 279.846893311, 280.392547607, 280.915008545, 281.449066162, 281.948303223, 282.447509766, 282.946746826, 283.469207764, 284.003265381, 284.537322998, 285.094604492, 285.605438232, 286.093048096, 286.580688477, 287.045074463, 287.532684326, 288.043518066, 288.600799561, 289.134857178, 289.657318115, 290.179779053, 290.71383667, 291.259490967, 291.73550415, 292.16506958, 292.59463501, 292.966156006, 293.349304199, 293.755645752, 294.150390625, 294.510284424, 294.87020874, 295.253326416, 295.613250732, 295.984771729, 296.333068848, 296.681365967, 297.041259766, 297.401184082, 297.749481201, 298.121002197, 298.480895996, 298.829193115, 299.189117432, 299.54901123, 299.908935547, 300.268829346, 300.628753662, 300.965423584, 301.302124023, 301.638824463, 301.975494385, 302.323791504, 302.660491943, 302.997192383, 303.333862305, 303.658966064, 303.995635986, 304.343933105, 304.692230225, 305.040527344, 305.388824463, 305.7371521, 306.073822021, 306.433746338, 306.793640137, 307.153564453, 307.501861572, 307.919799805, 308.337768555, 308.744110107, 309.162078857, 309.55682373, 309.939941406, 310.3230896, 310.706207275, 311.089324951, 311.472473145, 311.85559082, 312.238739014, 312.633453369, 313.016601562, 313.411346436, 313.840911865, 314.282073975, 314.734863281, 315.210876465, 315.686889648, 316.174499512, 316.766601562, 317.347106934, 317.927612305, 318.496490479, 319.053771973, 319.680725098, 320.319274902, 321.097137451, 321.886627197, 322.676086426, 323.465576172, 324.17376709, 324.870391846, 325.578582764, 326.286804199, 327.029846191, 327.784484863, 328.539123535, 329.305389404, 329.978759766, 330.652160645, 331.325531006, 331.964080811, 332.591003418, 333.171508789, 333.75201416, 334.320892334, 334.901397705, 335.481903076, 336.074005127, 336.654510498, 337.246612549, 337.780670166, 338.314727783, 338.895233154, 339.487335205, 340.091064453, 340.776062012, 341.437805176, 342.07635498, 342.714904785, 343.35345459, 343.980407715, 344.607330322, 345.22265625, 345.849609375, 346.453338623, 347.057037354, 347.672363281, 348.276092529, 348.903045654, 349.529968262, 350.145294189, 350.772247314, 351.410797119, 352.060943604, 352.687896729, 353.314819336, 353.941772461, 354.580322266, 355.253692627, 355.915466309, 356.57723999, 357.215789795, 357.877532959, 358.539306641, 359.201080322, 359.862854004, 360.501403809, 361.139953613, 361.778503418, 362.417053223, 363.04397583, 363.670928955, 364.30947876, 364.959625244, 365.609802246, 366.25994873, 366.921722412, 367.583496094, 368.245239258, 368.907012939], "beats_loudness": {"dmean2": 0.0363647975028, "median": 0.0123513825238, "min": 4.35704635038e-07, "dvar2": 0.00121581787243, "dvar": 0.000461970979813, "dmean": 0.0205541290343, "max": 0.134392932057, "var": 0.000525273440871, "mean": 0.0200179331005}, "danceability": 1.19734668732, "bpm_histogram_second_peak_weight": {"dmean2": 0, "median": 0.0580357126892, "min": 0.0580357126892, "dvar2": 0, "dvar": 0, "dmean": 0, "max": 0.0580357126892, "var": 0, "mean": 0.0580357126892}, "beats_count": 673, "bpm_histogram_second_peak_bpm": {"dmean2": 0, "median": 115, "min": 115, "dvar2": 0, "dvar": 0, "dmean": 0, "max": 115, "var": 0, "mean": 115}, "bpm_histogram_first_peak_spread": {"dmean2": 0, "median": 0.757396459579, "min": 0.757396459579, "dvar2": 0, "dvar": 0, "dmean": 0, "max": 0.757396459579, "var": 0, "mean": 0.757396459579}, "beats_loudness_band_ratio": {"dmean2": [0.573076486588, 0.329906135798, 0.125881940126, 0.211659342051, 0.193484172225, 0.498990595341], "median": [0.508116662502, 0.125866517425, 0.0158110316843, 0.0126139903441, 0.0146797392517, 0.0235785450786], "min": [2.22798462346e-05, 6.34692923995e-06, 6.38470828562e-06, 4.54756373074e-05, 2.96904436254e-05, 1.40142001328e-05], "dvar2": [0.188875287771, 0.0861152559519, 0.0175942350179, 0.0600997246802, 0.0614822097123, 0.311510294676], "dvar": [0.0668135285378, 0.0306436866522, 0.00655776821077, 0.0224306676537, 0.0219214614481, 0.116270408034], "dmean": [0.33030000329, 0.187411472201, 0.0694363564253, 0.113985560834, 0.10429803282, 0.262871593237], "max": [0.99561214447, 0.976759850979, 0.445476770401, 0.808779001236, 0.806403875351, 0.997803390026], "var": [0.100352235138, 0.0369768105447, 0.00602723145857, 0.018034145236, 0.0165513511747, 0.096010863781], "mean": [0.478471636772, 0.182084068656, 0.0532225258648, 0.0774384140968, 0.0702523738146, 0.180405989289]}}, "lowlevel": {"barkbands_spread": {"dmean2": 20.8220729828, "median": 10.9622821808, "min": 0.193318471313, "dvar2": 745.813842773, "dvar": 286.436340332, "dmean": 12.2850503922, "max": 133.703979492, "var": 343.875152588, "mean": 17.6644001007}, "melbands_spread": {"dmean2": 34.2484779358, "median": 10.0244836807, "min": 0.14783205092, "dvar2": 3174.68066406, "dvar": 1274.08886719, "dmean": 20.3091430664, "max": 316.926025391, "var": 1503.89575195, "mean": 25.9680938721}, "hfc": {"dmean2": 14.763458252, "median": 2.27216959, "min": 1.13034985094e-16, "dvar2": 2180.40063477, "dvar": 1119.8515625, "dmean": 10.0108938217, "max": 675.293395996, "var": 1654.64257812, "mean": 13.0175046921}, "barkbands_kurtosis": {"dmean2": 29.5648880005, "median": 7.2976064682, "min": -1.95989978313, "dvar2": 3908.421875, "dvar": 1496.13928223, "dmean": 17.5505905151, "max": 1157.2578125, "var": 1830.77075195, "mean": 20.2286090851}, "gfcc": {"mean": [-205.423187256, 77.4614639282, -84.2159805298, 53.4168128967, -43.7151641846, 18.1085071564, -41.0138397217, 9.6483039856, -29.9389266968, -2.58977389336, -4.80294847488, 2.52024769783, -5.66247463226], "icov": [[0.000105419050669, -8.41659493744e-05, 0.000192196341231, -0.000161380987265, 0.000250878889346, -0.000110433917143, 0.000341640785336, -6.22448351351e-05, 0.000342935032677, 0.000253461796092, -0.000106899024104, 0.000200948183192, 2.32944494201e-05], [-8.41659493744e-05, 0.000958426797297, -0.000562688044738, 0.00125663727522, -0.000928781286348, 0.00112837331835, -0.000543863978237, 0.000627365079708, -0.000462015013909, 0.000685863953549, -0.000648688816, 0.000852241471875, -0.000521174282767], [0.000192196341231, -0.000562688044738, 0.00115023157559, -0.000886287773028, 0.000579526065849, -0.000494667445309, 0.000528361473698, -0.000385345570976, 0.000714674883056, 0.000408630614402, 0.000345225620549, -0.000334622920491, -9.2707145086e-05], [-0.000161380987265, 0.00125663727522, -0.000886287773028, 0.00289300060831, -0.00123196665663, 0.001630369341, -0.000468926882604, 0.00117937242612, -0.00120898301248, 0.000372981303371, -0.00108515517786, 0.000926721782889, -0.00112954003271], [0.000250878889346, -0.000928781286348, 0.000579526065849, -0.00123196665663, 0.00360741931945, -0.00133321236353, 0.00152885913849, 0.000240189590841, 0.000188371457625, -0.000637771445327, 2.86583654088e-05, -0.000575213984121, -0.000374109135009], [-0.000110433917143, 0.00112837331835, -0.000494667445309, 0.001630369341, -0.00133321236353, 0.00478247925639, -0.00182450644206, 0.00044841732597, 1.61069583555e-05, -0.000852185185067, -0.000232013946516, -0.000290660362225, -1.92572169908e-05], [0.000341640785336, -0.000543863978237, 0.000528361473698, -0.000468926882604, 0.00152885913849, -0.00182450644206, 0.00476596830413, -0.000731405860279, 0.00122831517365, 0.000337522913469, -0.000372545327991, -0.00040467036888, 0.000531762372702], [-6.22448351351e-05, 0.000627365079708, -0.000385345570976, 0.00117937242612, 0.000240189590841, 0.00044841732597, -0.000731405860279, 0.00433224020526, -0.000875885365531, -9.91451306618e-05, -0.000972080975771, 0.000863280671183, -0.000600613420829], [0.000342935032677, -0.000462015013909, 0.000714674883056, -0.00120898301248, 0.000188371457625, 1.61069583555e-05, 0.00122831517365, -0.000875885365531, 0.00906550046057, -0.000992782763205, 0.00104533787817, -0.00146138167474, -6.67250351398e-05], [0.000253461796092, 0.000685863953549, 0.000408630614402, 0.000372981303371, -0.000637771445327, -0.000852185185067, 0.000337522913469, -9.91451306618e-05, -0.000992782763205, 0.00601037079468, -0.00084569590399, 0.00200873310678, 0.000281851476757], [-0.000106899024104, -0.000648688816, 0.000345225620549, -0.00108515517786, 2.86583654088e-05, -0.000232013946516, -0.000372545327991, -0.000972080975771, 0.00104533787817, -0.00084569590399, 0.00823479238898, -0.000409051572205, 0.00171466229949], [0.000200948183192, 0.000852241471875, -0.000334622920491, 0.000926721782889, -0.000575213984121, -0.000290660362225, -0.00040467036888, 0.000863280671183, -0.00146138167474, 0.00200873310678, -0.000409051572205, 0.00968335103244, -0.00135385233443], [2.32944494201e-05, -0.000521174282767, -9.2707145086e-05, -0.00112954003271, -0.000374109135009, -1.92572169908e-05, 0.000531762372702, -0.000600613420829, -6.67250351398e-05, 0.000281851476757, 0.00171466229949, -0.00135385233443, 0.0109576527029]], "cov": [[33279.7539062, 2146.57592773, -2795.51879883, 281.46963501, -1467.3671875, -1401.81030273, -1534.08190918, -118.533424377, -1061.12097168, -1486.11621094, 596.978027344, -1031.66394043, -137.016433716], [2146.57592773, 5707.04638672, 1418.42529297, -920.96282959, 393.215118408, -925.819702148, -209.673568726, -341.238525391, -172.624893188, -810.050415039, 113.35975647, -223.064071655, 161.699127197], [-2795.51879883, 1418.42529297, 2044.76538086, 144.91557312, 194.904418945, -218.914886475, -13.6894025803, -105.44443512, 17.6460037231, -239.283432007, -61.7386932373, 71.8941574097, 131.605010986], [281.46963501, -920.96282959, 144.91557312, 988.477661133, 102.019065857, -115.574691772, -166.102355957, -114.164268494, 75.9747924805, 33.4791030884, 11.7861347198, 5.16387557983, 62.1971855164], [-1467.3671875, 393.215118408, 194.904418945, 102.019065857, 544.939331055, 1.62873935699, -81.7149047852, -119.907722473, 76.5257873535, 52.2102737427, -16.6547489166, 40.4541664124, 56.7154769897], [-1401.81030273, -925.819702148, -218.914886475, -115.574691772, 1.62873935699, 527.959350586, 209.87322998, 88.2313079834, 27.4361362457, 227.917770386, -27.975030899, 79.5109710693, -50.679473877], [-1534.08190918, -209.673568726, -13.6894025803, -166.102355957, -81.7149047852, 209.87322998, 403.716369629, 88.4540634155, -0.628017127514, 82.801361084, -4.10261011124, 53.6691207886, -35.9746170044], [-118.533424377, -341.238525391, -105.44443512, -114.164268494, -119.907722473, 88.2313079834, 88.4540634155, 316.327819824, 5.38098192215, 63.9480705261, 15.9032287598, -4.36534833908, -24.1713199615], [-1061.12097168, -172.624893188, 17.6460037231, 75.9747924805, 76.5257873535, 27.4361362457, -0.628017127514, 5.38098192215, 168.951828003, 78.3458938599, -31.1557579041, 45.3730659485, 14.5074577332], [-1486.11621094, -810.050415039, -239.283432007, 33.4791030884, 52.2102737427, 227.917770386, 82.801361084, 63.9480705261, 78.3458938599, 373.55368042, -13.8899211884, 27.0916633606, -35.8828697205], [596.978027344, 113.35975647, -61.7386932373, 11.7861347198, -16.6547489166, -27.975030899, -4.10261011124, 15.9032287598, -31.1557579041, -13.8899211884, 148.80355835, -27.551235199, -21.2531852722], [-1031.66394043, -223.064071655, 71.8941574097, 5.16387557983, 40.4541664124, 79.5109710693, 53.6691207886, -4.36534833908, 45.3730659485, 27.0916633606, -27.551235199, 155.820327759, 14.5441265106], [-137.016433716, 161.699127197, 131.605010986, 62.1971855164, 56.7154769897, -50.679473877, -35.9746170044, -24.1713199615, 14.5074577332, -35.8828697205, -21.2531852722, 14.5441265106, 115.16960144]]}, "spectral_energyband_middle_low": {"dmean2": 0.00521829118952, "median": 0.000559468870051, "min": 4.00845217056e-22, "dvar2": 0.000107885083708, "dvar": 6.58607605146e-05, "dmean": 0.00387742021121, "max": 0.186622738838, "var": 0.000208954908885, "mean": 0.00695763574913}, "melbands_crest": {"dmean2": 7.56974697113, "median": 14.8970880508, "min": 2.49234747887, "dvar2": 63.5722503662, "dvar": 26.4193687439, "dmean": 4.68385457993, "max": 39.8557281494, "var": 69.9032592773, "mean": 16.858423233}, "spectral_kurtosis": {"dmean2": 7.73448181152, "median": 4.48045158386, "min": -1.42136216164, "dvar2": 182.196151733, "dvar": 80.7595748901, "dmean": 4.9063706398, "max": 166.457794189, "var": 125.25553894, "mean": 7.76291847229}, "spectral_rms": {"dmean2": 0.00123282684945, "median": 0.00212867697701, "min": 3.19889405763e-12, "dvar2": 2.15142631532e-06, "dvar": 1.41856833125e-06, "dmean": 0.000944107188843, "max": 0.0134987914935, "var": 6.49012190479e-06, "mean": 0.00270958221518}, "zerocrossingrate": {"dmean2": 0.0284659136087, "median": 0.0361328125, "min": 0.00146484375, "dvar2": 0.00121108919848, "dvar": 0.00124055775814, "dmean": 0.0260397139937, "max": 0.49951171875, "var": 0.00551265990362, "mean": 0.0648608505726}, "silence_rate_60dB": {"dmean2": 0.251570761204, "median": 0, "min": 0, "dvar2": 0.216646939516, "dvar": 0.109971724451, "dmean": 0.125777468085, "max": 1, "var": 0.243339970708, "mean": 0.41851991415}, "erbbands_kurtosis": {"dmean2": 6.88617992401, "median": 0.72027015686, "min": -1.88945126534, "dvar2": 121.954216003, "dvar": 50.7741966248, "dmean": 4.16585254669, "max": 138.289138794, "var": 64.1355667114, "mean": 3.57620644569}, "erbbands": {"dmean2": [0.0185177102685, 0.438348770142, 2.10057520866, 3.2519993782, 6.8415927887, 10.4638710022, 12.6468830109, 14.6182413101, 12.2379770279, 7.82585096359, 5.54048538208, 4.67094659805, 7.7613325119, 9.19001293182, 10.0647983551, 12.9903383255, 11.8729610443, 6.55078792572, 4.31672239304, 7.08857584, 10.2359752655, 10.3128862381, 8.85742473602, 16.2189979553, 32.9040031433, 21.3002414703, 10.6922645569, 8.12458610535, 10.4316129684, 11.2418661118, 10.8157491684, 10.0035181046, 5.82051992416, 2.00501728058, 0.468333601952, 0.0949362143874, 0.0159290917218, 0.00208657421172, 7.64726573834e-05, 1.72937579919e-05], "median": [0.00399449188262, 0.0791539251804, 0.27302223444, 0.425186485052, 0.522357821465, 0.566205263138, 0.546376883984, 0.392252266407, 0.189811050892, 0.07871542871, 0.0396770164371, 0.0461679138243, 0.0937421768904, 0.14200720191, 0.149259805679, 0.176506727934, 0.171805918217, 0.122162878513, 0.126242697239, 0.226275578141, 0.279273599386, 0.380993425846, 0.285308867693, 0.280558228493, 0.418156504631, 0.220942914486, 0.0997593179345, 0.0323963686824, 0.0294506177306, 0.051521897316, 0.0535746626556, 0.0517059750855, 0.0404160842299, 0.0193495545536, 0.00748980836943, 0.00202342635021, 0.000405248254538, 4.2394054617e-05, 8.21277171781e-06, 7.69135203882e-06], "min": [6.73164318185e-22, 3.43904580585e-21, 4.69229107684e-21, 1.61983887455e-20, 1.44750532589e-19, 2.79581541122e-19, 1.63280283039e-19, 9.63072635318e-19, 2.29938549984e-18, 7.86257454409e-19, 6.63998298718e-19, 1.29468541378e-18, 2.26452273215e-18, 3.29599813764e-18, 1.8477655649e-18, 3.3298552605e-18, 5.3222153052e-18, 3.60087726589e-18, 2.83608778502e-18, 5.24579084763e-18, 1.04034803426e-17, 8.36408474031e-18, 1.82545642106e-17, 1.52373402082e-17, 1.35092556839e-17, 1.13008827989e-17, 2.03293548713e-17, 1.83955124783e-17, 2.51675590895e-17, 1.74410618566e-17, 1.37162882378e-17, 1.5584506257e-17, 1.44890775892e-17, 1.24395804573e-17, 1.14346288049e-17, 6.73927288822e-18, 3.10232413697e-18, 1.19441416634e-18, 2.76665290023e-19, 3.31018358722e-20], "dvar2": [0.00117347517516, 0.604951858521, 20.6091518402, 70.0793533325, 290.635650635, 770.548461914, 1358.31066895, 3182.29711914, 3200.30322266, 812.160644531, 506.302124023, 464.321929932, 1216.87463379, 2622.31347656, 2683.66210938, 2705.99829102, 2056.65673828, 843.222229004, 384.885375977, 1326.98095703, 1500.82629395, 1057.47595215, 2976.53833008, 6784.46630859, 17740.1933594, 11392.6132812, 2390.24121094, 1604.5090332, 2528.81225586, 3878.37475586, 3570.12817383, 3699.93408203, 1096.14355469, 139.29296875, 5.93983793259, 0.204828694463, 0.0048800688237, 9.25977146835e-05, 1.12095548843e-07, 1.465342514e-09], "dvar": [0.000655713898595, 0.362011581659, 11.3273696899, 38.2316970825, 171.212463379, 462.360412598, 702.143249512, 1433.15136719, 1408.76928711, 378.4347229, 239.453735352, 227.029159546, 603.736450195, 1147.51623535, 1147.23083496, 1218.8494873, 961.580505371, 363.329620361, 165.560684204, 523.79675293, 710.054260254, 537.589538574, 1218.4473877, 2728.64770508, 7201.61621094, 4958.05761719, 1127.74157715, 772.914123535, 1201.93200684, 1705.35949707, 1691.95324707, 1734.46386719, 509.589355469, 58.101650238, 2.56465768814, 0.0934749618173, 0.00235596159473, 4.49149156339e-05, 5.59275932233e-08, 7.36345429075e-10], "dmean": [0.0139279495925, 0.333951056004, 1.53369176388, 2.36175775528, 4.94572353363, 7.54883956909, 8.69763183594, 9.67924976349, 7.98335981369, 5.0769982338, 3.72166752815, 3.21830511093, 5.22309350967, 6.11919879913, 6.48696994781, 8.35101985931, 7.81740570068, 4.19650363922, 2.75667381287, 4.43896436691, 6.73394966125, 6.82447624207, 5.67304325104, 10.2271299362, 20.7153987885, 13.6241760254, 7.04132223129, 5.36236906052, 6.77010726929, 7.20309782028, 7.09995794296, 6.50621986389, 3.75883197784, 1.27804791927, 0.300243377686, 0.0617764480412, 0.010398356244, 0.00138620065991, 5.02344773849e-05, 1.21061957543e-05], "max": [0.57730025053, 10.5076084137, 73.0014419556, 171.688552856, 508.610656738, 1081.88269043, 741.176208496, 1342.4029541, 2103.53393555, 738.172058105, 583.124755859, 756.347412109, 1577.17785645, 1880.21533203, 1287.51159668, 990.378601074, 914.53338623, 912.446960449, 417.104644775, 1115.49853516, 864.330566406, 1068.02514648, 2482.76000977, 2144.77416992, 3584.47851562, 2489.79223633, 754.039611816, 886.890441895, 849.034301758, 1478.74694824, 1306.28845215, 1904.08190918, 806.692626953, 282.12713623, 59.1889419556, 16.2992515564, 1.91386520863, 0.264521539211, 0.0128881502897, 0.000556288578082], "var": [0.00212996220216, 1.11898910999, 26.1460933685, 86.8031311035, 462.651855469, 1179.86987305, 1427.81604004, 1847.48059082, 1916.84814453, 495.804412842, 318.910736084, 323.567382812, 901.681030273, 1412.8236084, 1205.27124023, 1630.08959961, 1295.00024414, 423.94744873, 188.670379639, 485.293151855, 977.917602539, 932.033996582, 1231.66235352, 2517.55322266, 7033.97900391, 5329.86083984, 1365.34802246, 954.191040039, 1533.2800293, 1878.8059082, 2019.23156738, 1947.87060547, 572.242675781, 56.1040382385, 2.79119992256, 0.111269727349, 0.00306575838476, 6.10692877672e-05, 7.86138301123e-08, 1.36952282848e-09], "mean": [0.0264182649553, 0.628739476204, 2.58038544655, 3.77806425095, 7.88580989838, 11.3694372177, 11.9082174301, 11.093214035, 8.59560489655, 5.24117708206, 3.95766949654, 3.60225701332, 5.59083366394, 6.4270401001, 6.48964071274, 8.6521024704, 8.10712242126, 4.22783708572, 2.70072126389, 4.3441286087, 7.42008686066, 7.77294683456, 5.9069480896, 9.91000843048, 19.8383407593, 13.2585945129, 6.9855670929, 5.42425537109, 6.75897932053, 7.05287981033, 6.88739061356, 6.19690942764, 3.57796406746, 1.210059762, 0.306451112032, 0.0649584904313, 0.011173216626, 0.00146816461347, 5.85050074733e-05, 2.10244888876e-05]}, "spectral_strongpeak": {"dmean2": 0.684855282307, "median": 0.182500511408, "min": 0, "dvar2": 3.34298658371, "dvar": 1.39917719364, "dmean": 0.433870643377, "max": 27.7478942871, "var": 1.60004770756, "mean": 0.542541563511}, "spectral_energy": {"dmean2": 0.0100030172616, "median": 0.0046445466578, "min": 1.04887471024e-20, "dvar2": 0.000246409879765, "dvar": 0.000142829187098, "dmean": 0.00726755801588, "max": 0.186772793531, "var": 0.000447217928013, "mean": 0.0141776595265}, "average_loudness": 0.391200363636, "spectral_rolloff": {"dmean2": 1794.83947754, "median": 366.064453125, "min": 21.533203125, "dvar2": 8261964, "dvar": 4027774, "dmean": 1059.43005371, "max": 18583.1542969, "var": 7162369, "mean": 1787.02856445}, "spectral_centroid": {"dmean2": 861.581665039, "median": 1184.79833984, "min": 117.463142395, "dvar2": 982405.5, "dvar": 546569.75, "dmean": 566.72076416, "max": 11172.6962891, "var": 1551079.75, "mean": 1522.83154297}, "pitch_salience": {"dmean2": 0.177307903767, "median": 0.629305362701, "min": 0.011893379502, "dvar2": 0.0334628969431, "dvar": 0.0139554850757, "dmean": 0.110089354217, "max": 0.975163459778, "var": 0.0360073819757, "mean": 0.572797417641}, "spectral_energyband_middle_high": {"dmean2": 0.00207581208088, "median": 0.000159170813276, "min": 1.47031192323e-21, "dvar2": 2.14147275983e-05, "dvar": 1.02152480395e-05, "dmean": 0.00139998982195, "max": 0.0550065301359, "var": 1.66894205904e-05, "mean": 0.00169803982135}, "spectral_contrast_coeffs": {"dmean2": [0.0824196115136, 0.0924638360739, 0.0598194822669, 0.0599342212081, 0.0582745857537, 0.0430230014026], "median": [-0.745901823044, -0.795780003071, -0.869040131569, -0.840609908104, -0.811456501484, -0.823194742203], "min": [-0.97199511528, -0.970990598202, -0.978955030441, -0.96990853548, -0.957655310631, -0.962947010994], "dvar2": [0.00483799073845, 0.00610556639731, 0.0025713511277, 0.00280658109114, 0.00284658023156, 0.00142407882959], "dvar": [0.00312034855597, 0.0032767590601, 0.00113668851554, 0.0012917224085, 0.00149857543875, 0.000691440422088], "dmean": [0.0603460371494, 0.0627818405628, 0.0375643856823, 0.0391616597772, 0.0403826572001, 0.0289555359632], "max": [-0.137546062469, -0.259633660316, -0.419956624508, -0.51904553175, -0.481053858995, -0.552547097206], "var": [0.0242418590933, 0.0153488637879, 0.0038026990369, 0.00432870164514, 0.00615281937644, 0.00290378346108], "mean": [-0.710802614689, -0.761324703693, -0.855584025383, -0.829279839993, -0.803703069687, -0.815382838249]}, "melbands_skewness": {"dmean2": 3.79318332672, "median": 2.88575315475, "min": -5.25140714645, "dvar2": 21.9128112793, "dvar": 9.31172084808, "dmean": 2.37137579918, "max": 55.6339912415, "var": 26.4966239929, "mean": 4.15370798111}, "spectral_spread": {"dmean2": 1830766.375, "median": 4196605.5, "min": 552210, "dvar2": 4314899677180.0, "dvar": 2016185155580.0, "dmean": 1197799.75, "max": 39974636, "var": 5695406604290.0, "mean": 4903492.5}, "dissonance": {"dmean2": 0.0359166674316, "median": 0.483208656311, "min": 0.150621503592, "dvar2": 0.00218222429976, "dvar": 0.000958274758887, "dmean": 0.0227139443159, "max": 0.500000238419, "var": 0.00232074572705, "mean": 0.463687032461}, "spectral_skewness": {"dmean2": 0.919126093388, "median": 1.6146863699, "min": -0.366863578558, "dvar2": 1.23591697216, "dvar": 0.588598787785, "dmean": 0.609167098999, "max": 11.6432933807, "var": 1.37277686596, "mean": 1.92423069477}, "spectral_flux": {"dmean2": 0.0427747629583, "median": 0.0466691665351, "min": 1.02414583758e-10, "dvar2": 0.00262956623919, "dvar": 0.00110810378101, "dmean": 0.0267311390489, "max": 0.42677885294, "var": 0.00297005521134, "mean": 0.059023950249}, "spectral_contrast_valleys": {"dmean2": [1.0961856842, 1.18076729774, 1.15437614918, 1.08327353001, 1.02526366711, 0.970930337906], "median": [-8.27774620056, -8.87168121338, -9.0644903183, -9.32743835449, -9.05204296112, -11.6379375458], "min": [-26.9042186737, -26.9352874756, -27.3040313721, -27.206287384, -27.3175582886, -27.127872467], "dvar2": [0.946396827698, 1.18723392487, 1.4672729969, 1.3345233202, 1.19661772251, 1.07423591614], "dvar": [0.535733938217, 0.660571038723, 0.737603664398, 0.664515793324, 0.642031252384, 0.602104187012], "dmean": [0.757789433002, 0.839076399803, 0.821585357189, 0.772555887699, 0.748682141304, 0.714154005051], "max": [-5.61549854279, -4.82342481613, -4.9210691452, -5.517765522, -5.28311443329, -6.84669685364], "var": [3.17531633377, 3.75528478622, 3.7632689476, 3.20329642296, 3.43067407608, 3.06457972527], "mean": [-8.66218185425, -9.03966236115, -9.34059715271, -9.69601726532, -9.42634963989, -11.7547769547]}, "erbbands_flatness_db": {"dmean2": 0.0606992989779, "median": 0.179405003786, "min": 0.0329291671515, "dvar2": 0.00353110488504, "dvar": 0.00177248823456, "dmean": 0.040909960866, "max": 0.526569187641, "var": 0.00649230973795, "mean": 0.183114826679}, "spectral_energyband_high": {"dmean2": 0.00143298960757, "median": 1.86780180229e-05, "min": 7.70669636431e-21, "dvar2": 3.74177907361e-05, "dvar": 1.91852141143e-05, "dmean": 0.000956451403908, "max": 0.0826838538051, "var": 2.62962475972e-05, "mean": 0.00101615022868}, "spectral_entropy": {"dmean2": 0.611152648926, "median": 7.55414676666, "min": 3.92279219627, "dvar2": 0.473926275969, "dvar":