{"tonal": {"thpcp": [1, 0.997360169888, 0.531107068062, 0.282735228539, 0.122913263738, 0.0883210301399, 0.114095628262, 0.0944291800261, 0.113369606435, 0.211852863431, 0.201129719615, 0.115803204477, 0.0957272350788, 0.0968197584152, 0.116936542094, 0.144937559962, 0.121279455721, 0.0888435915112, 0.101749874651, 0.134242042899, 0.248612374067, 0.465376973152, 0.487223237753, 0.440150767565, 0.486474096775, 0.34991428256, 0.173413679004, 0.132482215762, 0.131517976522, 0.165647998452, 0.218148231506, 0.199561432004, 0.222895532846, 0.310111552477, 0.295982927084, 0.463984459639], "hpcp": {"dmean2": [0.121292456985, 0.0952227637172, 0.0830829888582, 0.112251751125, 0.156801372766, 0.233528226614, 0.354587763548, 0.38627871871, 0.379755437374, 0.348621219397, 0.277383685112, 0.192381903529, 0.155626311898, 0.148457944393, 0.157074853778, 0.180874615908, 0.179911658168, 0.244113236666, 0.274898260832, 0.291746467352, 0.379792690277, 0.483840852976, 0.455361634493, 0.415742456913, 0.243573337793, 0.128182947636, 0.0865113213658, 0.0923618748784, 0.0767509490252, 0.0983570739627, 0.13341113925, 0.132860153913, 0.110267236829, 0.0769830420613, 0.0882857143879, 0.107144504786], "median": [0.0157370362431, 0.013045527041, 0.0139763671905, 0.0120626064017, 0.0123057272285, 0.0417423956096, 0.102443605661, 0.112098716199, 0.0685469657183, 0.0491964556277, 0.034358959645, 0.0147449793294, 0.00948273763061, 0.0103585412726, 0.0237579923123, 0.0276079326868, 0.0212487317622, 0.0288713425398, 0.0251511540264, 0.0265244245529, 0.136687159538, 0.451191574335, 0.442411839962, 0.156899347901, 0.0256854780018, 0.0120637668297, 0.0101531753317, 0.0178829953074, 0.0177951548249, 0.0196753367782, 0.0327130146325, 0.0328880287707, 0.0234432276338, 0.0234788376838, 0.0186311062425, 0.0158106330782], "min": [0, 0, 0, 0, 0, 0, 0, 0, 0, 0, 0, 0, 0, 0, 0, 0, 0, 0, 0, 0, 0, 0, 0, 0, 0, 0, 0, 0, 0, 0, 0, 0, 0, 0, 0, 0], "dvar2": [0.0638822689652, 0.0409084372222, 0.031548794359, 0.0617683827877, 0.104545854032, 0.115382611752, 0.175299361348, 0.18284368515, 0.204016193748, 0.202803403139, 0.147902294993, 0.0970813483, 0.0980656519532, 0.0872584655881, 0.086032114923, 0.102058552206, 0.106241375208, 0.136193335056, 0.177587226033, 0.176849961281, 0.148500725627, 0.167675182223, 0.150432661176, 0.154732629657, 0.119494527578, 0.0613923035562, 0.0392653718591, 0.0379118472338, 0.0239939894527, 0.0248349253088, 0.049541387707, 0.0514296367764, 0.0347001999617, 0.0233469698578, 0.0371682457626, 0.0491402447224], "dvar": [0.0231945961714, 0.0143061559647, 0.0108151063323, 0.0211426019669, 0.0355022512376, 0.0390969663858, 0.06331191957, 0.0671052783728, 0.0749925747514, 0.0770216062665, 0.0561806708574, 0.0351835340261, 0.0347295813262, 0.0305656865239, 0.0295779351145, 0.0374906808138, 0.0398817285895, 0.0474352799356, 0.0619187578559, 0.0638905614614, 0.0517791509628, 0.0685651004314, 0.0641584694386, 0.059383481741, 0.0453746952116, 0.0217812787741, 0.0136700319126, 0.0137463118881, 0.00842007063329, 0.00880772992969, 0.0188581626862, 0.0181212741882, 0.0120802884921, 0.00808333232999, 0.0126427207142, 0.0171718597412], "dmean": [0.0689576715231, 0.0545867197216, 0.0448506623507, 0.0606010481715, 0.0847846716642, 0.132238075137, 0.20192155242, 0.218583956361, 0.211608201265, 0.198370411992, 0.157498061657, 0.104210957885, 0.084531493485, 0.0795316249132, 0.0871146172285, 0.101269081235, 0.098892852664, 0.131780013442, 0.149394214153, 0.159399330616, 0.217342108488, 0.278703004122, 0.262398779392, 0.238136038184, 0.136421576142, 0.0696062967181, 0.048060297966, 0.0522445999086, 0.0433340892196, 0.0561701990664, 0.0788298100233, 0.0786327347159, 0.0603671036661, 0.0431118942797, 0.0485648326576, 0.0599251128733], "max": [1, 0.996824264526, 1, 1, 1, 1, 1, 1, 1, 1, 1, 1, 1, 1, 1, 1, 1, 1, 1, 1, 1, 1, 1, 1, 1, 1, 1, 1, 1, 0.822568535805, 1, 1, 0.9743090868, 1, 1, 1], "var": [0.0236197691411, 0.0148390494287, 0.00844857282937, 0.0140183856711, 0.0260955411941, 0.0371564142406, 0.0786495059729, 0.0778411403298, 0.0869622901082, 0.115121930838, 0.0751169100404, 0.0290017854422, 0.0247755758464, 0.024104449898, 0.0251789800823, 0.0410375408828, 0.0400363840163, 0.0383301116526, 0.0743270143867, 0.0656885281205, 0.0622603818774, 0.134237959981, 0.141365870833, 0.0767640918493, 0.0560957863927, 0.0166957098991, 0.0112732024863, 0.0137313604355, 0.00792533531785, 0.00905339792371, 0.0318270884454, 0.0270732343197, 0.00977778062224, 0.00689673470333, 0.00960895977914, 0.0143087785691], "mean": [0.0714122354984, 0.0597556382418, 0.0437741540372, 0.0501332134008, 0.0661424398422, 0.122493885458, 0.229296043515, 0.240059912205, 0.216866821051, 0.239690810442, 0.172406375408, 0.0854427069426, 0.0652753561735, 0.0648002624512, 0.0816164761782, 0.107483886182, 0.0983259752393, 0.109822928905, 0.152795165777, 0.145833849907, 0.228609934449, 0.492710322142, 0.491409659386, 0.261681944132, 0.139306560159, 0.0605606324971, 0.0435166843235, 0.0562160946429, 0.0465262308717, 0.055858373642, 0.104382090271, 0.0990986898541, 0.0570574328303, 0.0471657961607, 0.0477040931582, 0.0576158426702]}, "tuning_equal_tempered_deviation": 0.156899631023, "chords_changes_rate": 0.0610961355269, "key_key": "E", "tuning_diatonic_strength": 0.616864085197, "key_scale": "minor", "chords_number_rate": 0.00898472592235, "tuning_frequency": 436.960693359, "tuning_nontempered_energy_ratio": 0.83781850338, "chords_histogram": [14.914645195, 0, 0.449236303568, 0, 0, 20.3953285217, 4.76190471649, 8.26594829559, 8.1761007309, 4.58221006393, 0.808625340462, 0.179694518447, 0, 0, 0, 4.58221006393, 0, 0, 0, 0, 0, 6.46900272369, 9.7035036087, 16.7115898132], "key_strength": 0.708879411221, "chords_key": "A", "chords_strength": {"dmean2": 0.0103112338111, "median": 0.538688600063, "min": 0.31363466382, "dvar2": 8.84005785338e-05, "dvar": 5.58105821256e-05, "dmean": 0.00858156569302, "max": 0.780444741249, "var": 0.00866351556033, "mean": 0.543433845043}, "chords_scale": "major", "hpcp_entropy": {"dmean2": 1.12522518635, "median": 2.21111369133, "min": 0, "dvar2": 0.835973083973, "dvar": 0.286737054586, "dmean": 0.65173214674, "max": 4.4298658371, "var": 0.682783424854, "mean": 2.1922056675}}, "metadata": {"audio_properties": {"equal_loudness": 0, "codec": "flac", "downmix": "mix", "sample_rate": 44100, "analysis_sample_rate": 44100, "bit_rate": 0, "md5_encoded": "f792f0c30f384385ccfc7de098f079c8", "length": 51.6266670227, "replay_gain": -6.97597503662, "lossless": true}, "version": {"essentia_build_sha": "ca57ba49d9b1854bd80e60cf9ccf267278fb7d6b", "essentia": "2.1-beta1", "extractor": "music 1.0", "essentia_git_sha": "v2.1_beta1-28-g21ef5f4-dirty"}, "tags": {"title": ["Black Magic"], "media": ["CD"], "albumartist": ["Black Magic"], "disc": ["1"], "tracktotal": ["9"], "replaygain_track_peak": ["0.934357"], "releasetype": ["album"], "musicbrainz_recordingid": ["120dd6fa-7624-4bec-b78b-2f4e81f4bd98"], "musicbrainz_albumartistid": ["1b1b96c4-6231-4d84-8b8f-2c07a8153db6"], "musicbrainz_artistid": ["1b1b96c4-6231-4d84-8b8f-2c07a8153db6"], "ensemble": ["Black Magic"], "totaldiscs": ["1"], "replaygain_track_gain": ["-2.360000 dB"], "releasecountry": ["DE"], "file_name": "01. Black Magic - Black Magic.flac", "replaygain_album_gain": ["-7.820000 dB"], "albumartistsort": ["Black Magic"], "date": ["2014"], "genre": ["Thrash Metal"], "disctotal": ["1"], "tracknumber": ["1"], "discnumber": ["1"], "originaldate": ["2014"], "musicbrainz_albumid": ["3ca80298-e7d0-4917-aaab-221c68750c66"], "album artist": ["Black Magic"], "artist": ["Black Magic"], "year": ["2014"], "artistsort": ["Black Magic"], "album": ["Wizard's Spell"], "label": ["High Roller Records"], "releasestatus": ["official"], "acoustid_id": ["e5bf0e14-321f-4892-94a2-ef120bd5ffa0"], "script": ["Latn"], "totaltracks": ["9"]}}, "rhythm": {"bpm_histogram_first_peak_bpm": {"dmean2": 0, "median": 126, "min": 126, "dvar2": 0, "dvar": 0, "dmean": 0, "max": 126, "var": 0, "mean": 126}, "bpm": 126.039108276, "bpm_histogram_second_peak_spread": {"dmean2": 0, "median": 0, "min": 0, "dvar2": 0, "dvar": 0, "dmean": 0, "max": 0, "var": 0, "mean": 0}, "bpm_histogram_first_peak_weight": {"dmean2": 0, "median": 0.504672884941, "min": 0.504672884941, "dvar2": 0, "dvar": 0, "dmean": 0, "max": 0.504672884941, "var": 0, "mean": 0.504672884941}, "onset_rate": 2.43991327286, "beats_position": [0.452789098024, 0.917188167572, 1.369977355, 1.82276642323, 2.27555561066, 2.72834467888, 3.22757363319, 3.72680258751, 4.22603178024, 4.71365070343, 5.18965959549, 5.67727899551, 6.15328788757, 6.62929677963, 7.10530614853, 7.59292507172, 8.08054447174, 8.55655288696, 9.02095222473, 9.49696159363, 9.98458003998, 10.4605894089, 10.9365987778, 11.412607193, 11.8886165619, 12.3646259308, 12.8522443771, 13.328253746, 13.8158731461, 14.2802715302, 14.756280899, 15.2322902679, 15.696688652, 16.1726989746, 16.637096405, 17.1131057739, 17.5891151428, 18.0651245117, 18.5411338806, 19.0171432495, 19.5047607422, 19.9807701111, 20.45677948, 20.9327888489, 21.3971881866, 21.8731975555, 22.3492050171, 22.825214386, 23.3012237549, 23.7772331238, 24.2416324615, 24.7176418304, 25.1936511993, 25.6696586609, 26.1456680298, 26.6216773987, 27.0976867676, 27.5853061676, 28.0497055054, 28.5257129669, 29.0017223358, 29.4777317047, 29.9537410736, 30.4297504425, 30.9173698425, 31.3933773041, 31.8577766418, 32.322177887, 32.8097953796, 33.2974128723, 33.7734222412, 34.2494316101, 34.725440979, 35.1898422241, 35.6658477783, 36.1302490234, 36.5946464539, 37.0706558228, 37.5466651917, 38.0110664368, 38.4870758057, 38.9630813599, 39.4390907288, 39.9151000977, 40.3911094666, 40.8671188354, 41.3547401428, 41.8423576355, 42.3183670044, 42.7943763733, 43.281993866, 43.7696151733, 44.2688446045, 44.7680702209, 45.2672996521, 45.7665290833, 46.1844902039, 46.6024475098, 47.0087966919, 47.415145874, 47.8795471191, 48.3323364258, 48.7851219177, 49.2379112244, 49.690700531, 50.1434898376, 50.5962791443, 51.0490684509], "beats_loudness": {"dmean2": 0.0435203462839, "median": 0.0645697116852, "min": 7.64016306221e-07, "dvar2": 0.00207199039869, "dvar": 0.000826921197586, "dmean": 0.0251564159989, "max": 0.276568591595, "var": 0.0026681094896, "mean": 0.064899712801}, "danceability": 1.0858798027, "bpm_histogram_second_peak_weight": {"dmean2": 0, "median": 0.102803736925, "min": 0.102803736925, "dvar2": 0, "dvar": 0, "dmean": 0, "max": 0.102803736925, "var": 0, "mean": 0.102803736925}, "beats_count": 108, "bpm_histogram_second_peak_bpm": {"dmean2": 0, "median": 133, "min": 133, "dvar2": 0, "dvar": 0, "dmean": 0, "max": 133, "var": 0, "mean": 133}, "bpm_histogram_first_peak_spread": {"dmean2": 0, "median": 0.364705860615, "min": 0.364705860615, "dvar2": 0, "dvar": 0, "dmean": 0, "max": 0.364705860615, "var": 0, "mean": 0.364705860615}, "beats_loudness_band_ratio": {"dmean2": [0.202363714576, 0.105564042926, 0.095002964139, 0.0813182964921, 0.0336156673729, 0.0638902783394], "median": [0.705587506294, 0.055968798697, 0.0691657736897, 0.0380821153522, 0.0296322796494, 0.027432423085], "min": [0.000274767779047, 0.00425717048347, 0.000701885437593, 0.000105527775304, 0.000553452351596, 0.000772190163843], "dvar2": [0.0391220152378, 0.0139585454017, 0.0146895218641, 0.0116337491199, 0.00201577367261, 0.0139771066606], "dvar": [0.0155220068991, 0.00604280456901, 0.00621413812041, 0.00396036868915, 0.000669930886943, 0.00492255948484], "dmean": [0.115909166634, 0.0681973993778, 0.0559238158166, 0.0482020527124, 0.0190498139709, 0.0356521420181], "max": [0.993895411491, 0.591220676899, 0.754842996597, 0.491837710142, 0.18328538537, 0.543036878109], "var": [0.103285014629, 0.0168201122433, 0.0295437108725, 0.00842771027237, 0.00129045243375, 0.00523085379973], "mean": [0.619671344757, 0.110781498253, 0.131574004889, 0.0724555030465, 0.0375403873622, 0.047794368118]}}, "lowlevel": {"barkbands_spread": {"dmean2": 11.3039960861, "median": 20.7244606018, "min": 0.526666462421, "dvar2": 327.474884033, "dvar": 129.87461853, "dmean": 7.05189943314, "max": 129.675048828, "var": 466.39440918, "mean": 23.6290111542}, "melbands_spread": {"dmean2": 10.3137359619, "median": 18.45104599, "min": 0.420753151178, "dvar2": 287.733703613, "dvar": 109.923278809, "dmean": 6.2326593399, "max": 234.932144165, "var": 347.949707031, "mean": 20.2300853729}, "hfc": {"dmean2": 11.9877119064, "median": 12.3770217896, "min": 1.14118406408e-16, "dvar2": 503.830230713, "dvar": 213.5521698, "dmean": 8.05491542816, "max": 438.692962646, "var": 1934.43640137, "mean": 26.5790271759}, "barkbands_kurtosis": {"dmean2": 15.7575397491, "median": 1.8521065712, "min": -1.96805918217, "dvar2": 2200.2253418, "dvar": 869.031921387, "dmean": 9.46330833435, "max": 468.610748291, "var": 1387.33972168, "mean": 16.0458335876}, "gfcc": {"mean": [-25.0441646576, 71.7752380371, -85.7916717529, 33.3665466309, -42.1915550232, -2.18476104736, -27.3841438293, 6.42713975906, -20.1077079773, -3.61084008217, -16.6135425568, 0.121920332313, -15.3424310684], "icov": [[0.000116270624858, -4.72165374958e-05, 6.80447410559e-05, -6.27154295216e-05, -4.85934397148e-05, -0.000198274778086, 6.75372866681e-05, -0.000339507183526, 0.000367454253137, -0.000787511933595, 0.00100333453156, -0.000634927651845, 0.000568493444007], [-4.72165374958e-05, 0.00110887561459, 0.000750009261537, -0.000938153185416, -0.000309159629978, 0.000554804399144, -0.00112076255027, 0.00029137841193, -0.000260082946625, 0.000319198647048, -0.000112602341687, 0.000308900198434, -0.000538750959095], [6.80447410559e-05, 0.000750009261537, 0.00220503332093, -0.00263925129548, 5.53915197088e-05, -0.000883942469954, -4.99758925798e-06, -0.000448104110546, -0.00184779963456, 0.000775396358222, -0.00266476091929, 0.000869230076205, 9.01276653167e-05], [-6.27154295216e-05, -0.000938153185416, -0.00263925129548, 0.00518098659813, -0.00326648517512, 0.00216189771891, 0.00271767540835, -0.00107679271605, 0.00279738358222, -0.00149476784281, 0.00427873153239, -0.00127249897923, 0.00084463332314], [-4.85934397148e-05, -0.000309159629978, 5.53915197088e-05, -0.00326648517512, 0.0113194007427, -0.00638920115307, -0.00327589223161, 0.00348324631341, -0.00819219648838, 0.0051396144554, -0.00391695974395, 0.000137221242767, -0.00136533554178], [-0.000198274778086, 0.000554804399144, -0.000883942469954, 0.00216189771891, -0.00638920115307, 0.0138759659603, -0.00702255778015, -0.00413528457284, 0.0122211771086, -0.0117632141337, 0.00697658862919, -0.0058959540911, 0.00227485783398], [6.75372866681e-05, -0.00112076255027, -4.99758925798e-06, 0.00271767540835, -0.00327589223161, -0.00702255778015, 0.017954101786, -0.00198396923952, -0.00805308483541, 0.0108972685412, -0.00647725863382, 0.0064902943559, -0.00133724254556], [-0.000339507183526, 0.00029137841193, -0.000448104110546, -0.00107679271605, 0.00348324631341, -0.00413528457284, -0.00198396923952, 0.0179539397359, -0.0114030139521, 0.00629569357261, 0.0017626741901, -0.00432006642222, 0.00341405253857], [0.000367454253137, -0.000260082946625, -0.00184779963456, 0.00279738358222, -0.00819219648838, 0.0122211771086, -0.00805308483541, -0.0114030139521, 0.0350432060659, -0.0232374891639, 0.0117954947054, -0.000196458742721, -0.00115847063717], [-0.000787511933595, 0.000319198647048, 0.000775396358222, -0.00149476784281, 0.0051396144554, -0.0117632141337, 0.0108972685412, 0.00629569357261, -0.0232374891639, 0.0383049808443, -0.0288667250425, 0.0103784007952, -0.00636043772101], [0.00100333453156, -0.000112602341687, -0.00266476091929, 0.00427873153239, -0.00391695974395, 0.00697658862919, -0.00647725863382, 0.0017626741901, 0.0117954947054, -0.0288667250425, 0.0474149696529, -0.0247890949249, 0.00784106180072], [-0.000634927651845, 0.000308900198434, 0.000869230076205, -0.00127249897923, 0.000137221242767, -0.0058959540911, 0.0064902943559, -0.00432006642222, -0.000196458742721, 0.0103784007952, -0.0247890949249, 0.045297279954, -0.0170316230506], [0.000568493444007, -0.000538750959095, 9.01276653167e-05, 0.00084463332314, -0.00136533554178, 0.00227485783398, -0.00133724254556, 0.00341405253857, -0.00115847063717, -0.00636043772101, 0.00784106180072, -0.0170316230506, 0.0336600057781]], "cov": [[19619.0859375, 843.949462891, -153.268859863, 739.635864258, 446.87689209, 1036.7130127, 85.9555053711, 566.36138916, -113.560661316, 115.02507782, -410.187866211, 115.31778717, -270.232330322], [843.949462891, 1654.8248291, -704.149658203, 12.6520853043, 67.9278640747, -64.8257980347, 136.782302856, -0.516706049442, -16.6381893158, -145.038131714, -132.766204834, -52.2794799805, 2.91941308975], [-153.268859863, -704.149658203, 2794.48022461, 1517.17907715, 494.645355225, 128.587188721, -104.263648987, 166.07244873, 192.013198853, 154.179718018, 98.2526779175, 46.6434783936, -27.3919887543], [739.635864258, 12.6520853043, 1517.17907715, 1260.01916504, 338.342346191, 18.2688522339, -105.686042786, 109.346206665, 80.2073440552, 20.3210868835, -35.5725364685, 7.68304157257, -31.9951095581], [446.87689209, 67.9278640747, 494.645355225, 338.342346191, 332.39642334, 165.140609741, 98.6307296753, 65.7579040527, 72.1503295898, 23.6518001556, 7.67857503891, 16.2985248566, -3.29326558113], [1036.7130127, -64.8257980347, 128.587188721, 18.2688522339, 165.140609741, 290.146148682, 104.549110413, 65.7179641724, 3.90417170525, 48.5983886719, 14.640786171, 34.1013793945, -11.6103010178], [85.9555053711, 136.782302856, -104.263648987, -105.686042786, 98.6307296753, 104.549110413, 171.453323364, 41.1349868774, 27.6349143982, -27.6289634705, -10.8834018707, -8.60565948486, -2.84587550163], [566.36138916, -0.516706049442, 166.07244873, 109.346206665, 65.7579040527, 65.7179641724, 41.1349868774, 116.25894928, 37.3315467834, -5.90147352219, -23.6893959045, 3.432513237, -17.2690868378], [-113.560661316, -16.6381893158, 192.013198853, 80.2073440552, 72.1503295898, 3.90417170525, 27.6349143982, 37.3315467834, 90.4219284058, 42.0798568726, 14.8171367645, -2.02089285851, 5.68835735321], [115.02507782, -145.038131714, 154.179718018, 20.3210868835, 23.6518001556, 48.5983886719, -27.6289634705, -5.90147352219, 42.0798568726, 121.354850769, 69.8052368164, 25.2955722809, 12.9068632126], [-410.187866211, -132.766204834, 98.2526779175, -35.5725364685, 7.67857503891, 14.640786171, -10.8834018707, -23.6893959045, 14.8171367645, 69.8052368164, 89.1205368042, 32.3182411194, 16.0172996521], [115.31778717, -52.2794799805, 46.6434783936, 7.68304157257, 16.2985248566, 34.1013793945, -8.60565948486, 3.432513237, -2.02089285851, 25.2955722809, 32.3182411194, 47.0493545532, 15.5526285172], [-270.232330322, 2.91941308975, -27.3919887543, -31.9951095581, -3.29326558113, -11.6103010178, -2.84587550163, -17.2690868378, 5.68835735321, 12.9068632126, 16.0172996521, 15.5526285172, 44.2583198547]]}, "spectral_energyband_middle_low": {"dmean2": 0.00786267593503, "median": 0.0064776642248, "min": 4.80782575175e-22, "dvar2": 0.000214886720642, "dvar": 7.89694749983e-05, "dmean": 0.00476046185941, "max": 0.120073370636, "var": 0.000138266957947, "mean": 0.0113472295925}, "melbands_crest": {"dmean2": 5.10948944092, "median": 13.2716913223, "min": 1.83964323997, "dvar2": 21.3894271851, "dvar": 8.59471035004, "dmean": 3.17014527321, "max": 30.4961223602, "var": 23.9715461731, "mean": 13.9078998566}, "spectral_kurtosis": {"dmean2": 1.64628016949, "median": 4.78355169296, "min": -1.21325540543, "dvar2": 3.40957736969, "dvar": 1.34432768822, "dmean": 1.01015079021, "max": 18.7092838287, "var": 6.47210597992, "mean": 4.98335504532}, "spectral_rms": {"dmean2": 0.00191980344243, "median": 0.00453755725175, "min": 3.23303298196e-12, "dvar2": 1.15076372822e-05, "dvar": 4.80393418911e-06, "dmean": 0.00123649497982, "max": 0.0217477753758, "var": 1.01137793536e-05, "mean": 0.00504497624934}, "zerocrossingrate": {"dmean2": 0.0175203569233, "median": 0.05419921875, "min": 0.00341796875, "dvar2": 0.000690036977176, "dvar": 0.000449702260084, "dmean": 0.0137733072042, "max": 0.8017578125, "var": 0.0060578440316, "mean": 0.0710584148765}, "silence_rate_60dB": {"dmean2": 0.0188933871686, "median": 0, "min": 0, "dvar2": 0.0248342249542, "dvar": 0.00935298390687, "dmean": 0.00944244582206, "max": 1, "var": 0.0739750489593, "mean": 0.0804494395852}, "erbbands_kurtosis": {"dmean2": 1.87972795963, "median": -0.147995710373, "min": -1.87249159813, "dvar2": 8.59042739868, "dvar": 4.34459066391, "dmean": 1.2767701149, "max": 32.9791488647, "var": 15.5166940689, "mean": 1.1080583334}, "erbbands": {"dmean2": [0.695569038391, 5.96617603302, 6.21224069595, 9.32631015778, 11.0795412064, 10.0179510117, 10.2996864319, 12.8202943802, 10.2269468307, 18.1592082977, 16.9305667877, 33.2930107117, 22.4411411285, 21.0004577637, 34.9431114197, 32.803653717, 28.0415058136, 6.04635953903, 13.1255092621, 21.8278007507, 12.8417272568, 13.4601821899, 11.1798219681, 19.9914340973, 18.9298801422, 5.72697925568, 2.85793375969, 4.49888658524, 8.36755180359, 2.76853513718, 1.89491784573, 1.9077796936, 2.22018146515, 2.07201361656, 1.46349334717, 0.352481722832, 0.430283874273, 0.120228752494, 0.0353583842516, 0.0012234923197], "median": [0.0706077888608, 1.01206684113, 2.09542942047, 5.44333934784, 6.01258277893, 3.14103960991, 3.68075466156, 3.10677623749, 2.73855948448, 5.86455440521, 8.84533023834, 9.7468585968, 6.70498991013, 5.01849222183, 5.1034040451, 4.59036254883, 3.82365989685, 2.30640125275, 3.00926470757, 6.81679964066, 7.83891868591, 7.96350479126, 4.60499429703, 9.96706008911, 10.9018287659, 3.3396859169, 1.66563057899, 2.15398573875, 3.48541879654, 1.32694423199, 0.647505402565, 0.374390214682, 0.249503597617, 0.138240903616, 0.0691319182515, 0.0382631197572, 0.0138454278931, 0.00428534066305, 0.000758028938435, 7.74055006332e-05], "min": [2.49894393252e-21, 4.88832924694e-21, 1.98860713918e-20, 1.36578362953e-19, 2.69808712377e-19, 2.09490017101e-19, 3.64109266762e-19, 5.51248824938e-19, 1.56204704156e-18, 1.39023418371e-18, 9.04960819142e-19, 2.29708035426e-18, 1.74730572027e-18, 1.47531849851e-18, 1.64476758436e-18, 3.01031228795e-18, 6.40262113226e-18, 4.21697338024e-18, 7.37438960717e-18, 7.83263360445e-18, 9.47653264917e-18, 1.22884049285e-17, 6.5392866723e-18, 1.39304742498e-17, 1.49013063562e-17, 1.3037237475e-17, 9.1659114399e-18, 2.15065106379e-17, 1.4877155991e-17, 1.91354238818e-17, 1.66481000517e-17, 2.30718192526e-17, 1.61330692782e-17, 1.36567386784e-17, 8.14249959781e-18, 7.29652626893e-18, 4.21489219382e-18, 1.38713546174e-18, 2.59954975029e-19, 3.14140029128e-20], "dvar2": [4.86651229858, 360.518493652, 241.06690979, 506.390136719, 518.080322266, 683.727905273, 369.353973389, 614.619873047, 391.661865234, 1358.36132812, 1096.95788574, 4895.20117188, 2098.59692383, 2072.44384766, 7378.36083984, 12032.8408203, 4263.39013672, 110.380622864, 844.830871582, 1617.74353027, 442.994506836, 680.429077148, 829.326782227, 1708.84838867, 1495.27783203, 136.246704102, 52.4384231567, 130.107803345, 422.293762207, 40.4197845459, 20.4970016479, 32.0918693542, 88.3458480835, 101.794326782, 87.7881851196, 3.98418951035, 5.89737272263, 0.120307460427, 0.0109930671751, 1.15625398394e-05], "dvar": [1.93135738373, 133.390609741, 90.5784835815, 185.152893066, 182.49458313, 249.77494812, 143.29675293, 298.482971191, 158.213012695, 506.621063232, 595.398193359, 2579.65771484, 957.901611328, 1019.62194824, 3718.81958008, 6782.87451172, 2123.59521484, 47.303352356, 317.063476562, 639.420349121, 173.885437012, 258.187164307, 300.902435303, 643.307861328, 555.158752441, 54.4581184387, 19.6746845245, 53.8846549988, 182.293075562, 16.3461322784, 8.43143081665, 11.211309433, 32.0151786804, 31.2621994019, 36.9014778137, 1.29635572433, 2.44051408768, 0.0460357815027, 0.00435170857236, 4.68058078695e-06], "dmean": [0.424292057753, 3.50569868088, 3.65909814835, 5.6038069725, 6.39509105682, 5.92788791656, 6.42186355591, 8.52547168732, 6.27979898453, 10.7466220856, 10.8681726456, 22.8575134277, 14.5773200989, 14.3960695267, 24.2500190735, 23.3854961395, 18.8707523346, 3.85658144951, 7.85863399506, 13.2998685837, 8.14406681061, 8.43260478973, 7.03230285645, 12.0216789246, 11.6498966217, 3.51199269295, 1.73331260681, 2.83054184914, 5.3082613945, 1.73102378845, 1.19659638405, 1.15147602558, 1.36035585403, 1.22304558754, 0.936687469482, 0.220877587795, 0.281196296215, 0.074574328959, 0.0217402223498, 0.000758872483857], "max": [12.0015859604, 102.844856262, 91.8888778687, 256.255462646, 143.933059692, 301.347808838, 142.114730835, 248.561386108, 173.408996582, 379.291381836, 757.197875977, 801.997192383, 603.385070801, 418.159210205, 774.863647461, 2538.06494141, 1022.95428467, 90.776184082, 302.790039062, 392.487884521, 217.781280518, 234.280975342, 447.948516846, 469.729705811, 325.504180908, 167.573547363, 96.1294250488, 156.002380371, 199.532165527, 80.1647491455, 86.6753158569, 80.4042358398, 185.444839478, 173.992401123, 175.678009033, 43.7539405823, 65.9950714111, 4.73757457733, 0.819186866283, 0.0281021818519], "var": [1.65715909004, 102.020500183, 80.101272583, 174.656173706, 199.457397461, 319.400604248, 217.155563354, 662.859619141, 387.844390869, 1130.59277344, 1756.00939941, 4949.92382812, 1909.28112793, 1953.96362305, 6498.44287109, 14645.8027344, 4428.34814453, 200.41519165, 847.921691895, 1424.09741211, 487.619171143, 527.936279297, 485.93347168, 1066.01916504, 1023.41223145, 119.132499695, 35.6239776611, 94.0031967163, 279.64743042, 50.9318771362, 73.3371734619, 47.2654037476, 165.098846436, 298.6902771, 157.218612671, 6.44073629379, 10.7630605698, 0.158802703023, 0.00526806153357, 7.61865067034e-06], "mean": [0.399324893951, 3.49873256683, 4.58109045029, 8.97252464294, 10.5433921814, 8.47026729584, 9.67329883575, 13.8174438477, 10.7217330933, 18.0399990082, 20.0159225464, 35.229839325, 23.0407562256, 21.6274623871, 34.2539749146, 39.5956687927, 31.0608177185, 9.46257591248, 16.740322113, 24.1152801514, 17.7371253967, 17.4441928864, 14.6701145172, 23.6569919586, 22.2170619965, 7.36795711517, 4.02139902115, 5.88849210739, 9.58232784271, 4.05542135239, 3.21570849419, 2.37408781052, 3.28659296036, 3.82715630531, 2.35727620125, 0.616669297218, 0.608627736568, 0.117312297225, 0.0245929546654, 0.00101745489519]}, "spectral_strongpeak": {"dmean2": 1.17893767357, "median": 0.314651161432, "min": 0, "dvar2": 25.9328231812, "dvar": 9.05287265778, "dmean": 0.656850397587, "max": 53.1481704712, "var": 7.35863733292, "mean": 0.754210829735}, "spectral_energy": {"dmean2": 0.034877166152, "median": 0.0211041606963, "min": 1.0713814546e-20, "dvar2": 0.00805619731545, "dvar": 0.00309136067517, "dmean": 0.0214221030474, "max": 0.484789848328, "var": 0.00303305429406, "mean": 0.0364547334611}, "average_loudness": 0.786717355251, "spectral_rolloff": {"dmean2": 1074.6361084, "median": 1055.12695312, "min": 64.599609375, "dvar2": 5392341, "dvar": 2032422.625, "dmean": 614.762634277, "max": 21253.2714844, "var": 8597935, "mean": 1706.51928711}, "spectral_centroid": {"dmean2": 416.120178223, "median": 1278.30847168, "min": 162.289749146, "dvar2": 235799.28125, "dvar": 115395.890625, "dmean": 262.562683105, "max": 11420.5097656, "var": 516175.09375, "mean": 1292.35852051}, "pitch_salience": {"dmean2": 0.118521347642, "median": 0.558364808559, "min": 0.108955226839, "dvar2": 0.013475490734, "dvar": 0.00523107592016, "dmean": 0.0725174471736, "max": 0.820128023624, "var": 0.0124542545527, "mean": 0.544682741165}, "spectral_energyband_middle_high": {"dmean2": 0.00245257630013, "median": 0.00186641118489, "min": 1.49014426504e-21, "dvar2": 1.74112738023e-05, "dvar": 8.70922303875e-06, "dmean": 0.00171015271917, "max": 0.0581967532635, "var": 4.18309464294e-05, "mean": 0.00493130972609}, "spectral_contrast_coeffs": {"dmean2": [0.0808863192797, 0.077926158905, 0.0628505274653, 0.0450638271868, 0.0350630693138, 0.0235608834773], "median": [-0.6493268013, -0.731636166573, -0.773639082909, -0.793146252632, -0.767186462879, -0.740277528763], "min": [-0.952467024326, -0.964642643929, -0.95895922184, -0.950155615807, -0.963901758194, -0.960492253304], "dvar2": [0.00501870596781, 0.00388456392102, 0.00253174221143, 0.00125792494509, 0.000746372097638, 0.000382572907256], "dvar": [0.00177482399158, 0.00137936184183, 0.000946899643168, 0.000475616281619, 0.000309369585011, 0.000149257874], "dmean": [0.0486888475716, 0.046815443784, 0.0385041609406, 0.027420854196, 0.0221963040531, 0.0145664028823], "max": [-0.345034897327, -0.437791496515, -0.45772626996, -0.519375085831, -0.620968282223, -0.663344860077], "var": [0.00695506855845, 0.00627150759101, 0.00661126105115, 0.00551316700876, 0.00265875062905, 0.00132006290369], "mean": [-0.64205634594, -0.726450622082, -0.765282154083, -0.776840150356, -0.762312054634, -0.745048642159]}, "melbands_skewness": {"dmean2": 1.63394343853, "median": 2.68642950058, "min": -0.24197332561, "dvar2": 4.55157804489, "dvar": 1.85346114635, "dmean": 1.06737577915, "max": 19.9134731293, "var": 8.86956787109, "mean": 3.68498539925}, "spectral_spread": {"dmean2": 721925.4375, "median": 4504288.5, "min": 2303840.5, "dvar2": 1278910660610.0, "dvar": 890074365952, "dmean": 490820.15625, "max": 40037100, "var": 6624089997310.0, "mean": 5182353}, "dissonance": {"dmean2": 0.0270053278655, "median": 0.472680747509, "min": 0.261366009712, "dvar2": 0.000687227351591, "dvar": 0.000250080571277, "dmean": 0.016029516235, "max": 0.5, "var": 0.000573043944314, "mean": 0.467175811529}, "spectral_skewness": {"dmean2": 0.260374635458, "median": 1.63145089149, "min": -0.0496365688741, "dvar2": 0.0694724023342, "dvar": 0.0306978095323, "dmean": 0.168069750071, "max": 3.30603456497, "var": 0.207344084978, "mean": 1.60394656658}, "spectral_flux": {"dmean2": 0.0541972219944, "median": 0.076273009181, "min": 1.03507556692e-10, "dvar2": 0.00833384506404, "dvar": 0.0038061090745, "dmean": 0.0331769920886, "max": 0.567493140697, "var": 0.00672108866274, "mean": 0.0907159373164}, "spectral_contrast_valleys": {"dmean2": [0.659837126732, 0.618081986904, 0.538489758968, 0.434632748365, 0.381974726915, 0.382029294968], "median": [-6.88156414032, -6.92381477356, -7.41684246063, -7.98182678223, -7.68606472015, -10.3707876205], "min": [-27.626241684, -27.8314476013, -27.2279930115, -27.569108963, -27.1798114777, -27.2698860168], "dvar2": [0.373034596443, 0.326254487038, 0.245722457767, 0.189044207335, 0.188171058893, 0.226668611169], "dvar": [0.163136303425, 0.157358422875, 0.13474804163, 0.123496584594, 0.122821107507, 0.140843391418], "dmean": [0.402519851923, 0.376975089312, 0.348310798407, 0.276571422815, 0.251855909824, 0.267484068871], "max": [-4.80727529526, -4.88966226578, -5.58300971985, -6.20070171356, -5.58776664734, -7.90641689301], "var": [3.71104550362, 2.37329387665, 2.93008828163, 2.41200709343, 2.20394206047, 2.34671878815], "mean": [-7.37285995483, -7.22566986084, -8.05792617798, -8.42125606537, -8.04906177521, -10.6327457428]}, "erbbands_flatness_db": {"dmean2": 0.0236037410796, "median": 0.135302364826, "min": 0.0405024066567, "dvar2": 0.000538424937986, "dvar": 0.000280348409433, "dmean": 0.0161979347467, "max": 0.322617590427, "var": 0.00188512948807, "mean": 0.139811307192}, "spectral_energyband_high": {"dmean2": 0.000716699461918, "median": 0.00030986580532, "min": 7.92915140354e-21, "dvar2": 2.9924528917e-06, "dvar": 1.25759606817e-06, "dmean": 0.00046618556371, "max": 0.0391315817833, "var": 1.37511515277e-05, "mean": 0.00133422052022}, "spectral_entropy": {"dmean2": 0.237536773086, "median": 7.57174491882, "min": 5.58199834824, "dvar2": 0.0792958810925, "dvar": 0.0396584160626, "dmean": 0.154144003987, "max": 9.79971790314, "var": 0.266203254461, "mean": 7.45068025589}, "silence_rate_20dB": {"dmean2": 0, "median": 1, "min": 1, "dvar2": 0, "dvar": 0, "dmean": 0, "max": 1, "var": 0, "mean": 1}, "melbands_flatness_db": {"dmean2": 0.0482998006046, "median": 0.206119075418, "min": 0.00495659001172, "dvar2": 0.00282862083986, "dvar": 0.00119445135351, "dmean": 0.030092312023, "max": 0.539636492729, "var": 0.0101318387315, "mean": 0.236247524619}, "barkbands": {"dmean2": [0.000552721845452, 0.0258410889655, 0.00412254128605, 0.00413801148534, 0.00275834300555, 0.00154268916231, 0.000833870144561, 0.000762795272749, 0.00129359599669, 0.000697869632859, 0.00102125434205, 0.000704462174326, 0.000578090839554, 0.000121926583233, 0.000364752835594, 0.000258704763837, 0.000292053504381, 0.000216397296754, 0.000476358865853, 0.000116713177704, 7.94797670096e-05, 0.000196652981685, 6.43648090772e-05, 0.00010633245256, 0.000164701297763, 0.000141286480357, 0.000159371993504], "median": [2.97811202472e-05, 0.00394604820758, 0.00137594644912, 0.00210747355595, 0.00102626602165, 0.000421452336013, 0.000240708352067, 0.000220633344725, 0.000412434426835, 0.000151921398356, 0.000109193504613, 9.33767296374e-05, 7.01275712345e-05, 4.05357350246e-05, 9.5827585028e-05, 0.000127016712213, 0.000136603892315, 8.33885133034e-05, 0.000259037420619, 6.16362085566e-05, 4.06727303925e-05, 8.49911812111e-05, 2.37436288444e-05, 1.62470114446e-05, 1.08531985461e-05, 8.41961991682e-06, 4.39545783593e-06], "min": [2.45974403313e-23, 4.10274692337e-23, 1.88458049842e-23, 8.0493000186e-23, 8.65613410984e-23, 4.91358549341e-23, 1.20880627495e-22, 3.56158203151e-23, 9.32060679644e-23, 4.81895437031e-23, 3.17960106616e-23, 7.26755653201e-23, 1.52663454713e-22, 6.06630312691e-23, 2.04733638712e-22, 1.23901055994e-22, 2.3626111481e-22, 1.36114238394e-22, 3.31316657701e-22, 2.47851286422e-22, 3.90632333476e-22, 3.79975314896e-22, 7.06110784659e-22, 1.05870565892e-21, 1.23126046224e-21, 2.0571000365e-21, 2.14439566195e-21], "dvar2": [3.15723355016e-06, 0.0069142295979, 9.15522468858e-05, 9.689223225e-05, 3.35643890139e-05, 7.71197392169e-06, 2.19047615246e-06, 2.11032966035e-06, 6.06045932727e-06, 2.29880220104e-06, 6.62291040499e-06, 4.91237597089e-06, 1.93634468815e-06, 4.34276330452e-08, 4.14945589e-07, 1.81191893489e-07, 2.86793152782e-07, 2.81490912357e-07, 8.49692469274e-07, 5.66642732736e-08, 5.69063089984e-08, 2.13275143324e-07, 2.53875676037e-08, 1.61638780583e-07, 8.44305986902e-07, 4.32915101101e-07, 2.11540864825e-07], "dvar": [1.19003266263e-06, 0.00260913558304, 3.80430901714e-05, 3.43935425917e-05, 1.23194304251e-05, 3.73398711417e-06, 8.60695877236e-07, 1.02379328837e-06, 3.19120454151e-06, 1.07199116428e-06, 3.31161504619e-06, 2.77468029708e-06, 9.64434548223e-07, 1.75124359458e-08, 1.52984895863e-07, 8.07960702787e-08, 1.11069603292e-07, 1.01551762555e-07, 3.16882506013e-07, 2.2202128136e-08, 2.11114077331e-08, 9.52623580019e-08, 1.01223127658e-08, 5.79155639002e-08, 2.91633057259e-07, 1.7827396448e-07, 8.46315657554e-08], "dmean": [0.000321852712659, 0.015465750359, 0.00252509699203, 0.00242203217931, 0.0016100956127, 0.00102988258004, 0.000500450842083, 0.000468878715765, 0.000875404395629, 0.000455848814454, 0.000696895236615, 0.000487910496304, 0.000386687548598, 7.47376543586e-05, 0.000214991508983, 0.000165799312526, 0.000182727046194, 0.000133167923195, 0.000289958348731, 7.16013455531e-05, 4.73993022752e-05, 0.000126520637423, 4.09112035413e-05, 6.60852820147e-05, 0.000100891498732, 9.26511202124e-05, 9.81683915597e-05], "max": [0.0120089035481, 0.443586885929, 0.0890330076218, 0.0813830271363, 0.0595014989376, 0.0272625796497, 0.0146219152957, 0.0279573928565, 0.0286347474903, 0.0170684270561, 0.0233943816274, 0.0508055724204, 0.0216108635068, 0.00165930343792, 0.00496539613232, 0.0052561564371, 0.00464186398312, 0.00820542592555, 0.00939712114632, 0.00344171095639, 0.00348268728703, 0.00477167079225, 0.00293678510934, 0.00744881061837, 0.0194631405175, 0.0186269916594, 0.00336818210781], "var": [9.28248994114e-07, 0.00206633447669, 4.43107346655e-05, 3.33302887157e-05, 1.69722788996e-05, 8.6863146862e-06, 2.36433174905e-06, 2.65985795522e-06, 6.49176172374e-06, 2.04626599043e-06, 5.53377685719e-06, 5.91456500842e-06, 1.90621051388e-06, 7.05556857383e-08, 4.40626877207e-07, 1.89052343558e-07, 2.39213505893e-07, 1.52430018829e-07, 5.61303238555e-07, 4.48785648643e-08, 3.29011236033e-08, 1.6003761516e-07, 1.0492135516e-07, 2.5111100399e-07, 2.36776736529e-06, 1.16074340895e-06, 1.12272438457e-07], "mean": [0.00033786680433, 0.0152814453468, 0.00336531247012, 0.00383485853672, 0.00248284544796, 0.00166787276976, 0.000892836076673, 0.000765995297115, 0.00137324852403, 0.000664311810397, 0.000932752212975, 0.000769917911384, 0.000588231894653, 0.000171619380126, 0.00043358039693, 0.000302896543872, 0.000351603492163, 0.000255363527685, 0.000554118014406, 0.000142374527059, 0.000110565481009, 0.000232458274695, 0.00011947069288, 0.000143295881571, 0.000329575326759, 0.000231593323406, 0.000117058407341]}, "erbbands_skewness": {"dmean2": 0.621620774269, "median": 0.268510073423, "min": -3.9434735775, "dvar2": 0.460808008909, "dvar": 0.213580727577, "dmean": 0.409414082766, "max": 5.07738399506, "var": 1.32496738434, "mean": 0.414071291685}, "erbbands_spread": {"dmean2": 16.1379928589, "median": 39.8369636536, "min": 3.45855569839, "dvar2": 334.916656494, "dvar": 144.77671814, "dmean": 10.8045148849, "max": 188.073745728, "var": 734.455322266, "mean": 46.23046875}, "melbands_kurtosis": {"dmean2": 31.6458396912, "median": 8.77316951752, "min": -1.33655464649, "dvar2": 5645.19677734, "dvar": 2218.62915039, "dmean": 19.7393894196, "max": 660.709655762, "var": 5160.72021484, "mean": 39.9372558594}, "melbands": {"dmean2": [0.00687633547932, 0.00496219890192, 0.00167064054403, 0.000684361089952, 0.000381481775548, 0.000290196709102, 0.000155141780851, 0.000193285217392, 0.000164403711096, 0.000192487554159, 0.000110878478154, 8.33981030155e-05, 0.000145541474922, 7.86444506957e-05, 8.641545719e-05, 3.43609426636e-05, 1.17574527394e-05, 2.06465265364e-05, 2.38196498685e-05, 2.39110522671e-05, 1.8330731109e-05, 1.58304374054e-05, 1.26690665638e-05, 1.21831981232e-05, 1.81376271939e-05, 1.94240146811e-05, 7.72237126512e-06, 3.41526560987e-06, 1.73940088644e-06, 2.09485051528e-06, 3.1350723475e-06, 5.47555191588e-06, 3.00852229884e-06, 1.32394632146e-06, 1.23276515751e-06, 1.4749437014e-06, 1.19160449685e-06, 1.43834790833e-06, 2.03447280001e-06, 1.63738070569e-06], "median": [0.000978527823463, 0.00126645772252, 0.00106508145109, 0.000305723893689, 0.000140743752127, 7.21717442502e-05, 4.01568868256e-05, 6.26313048997e-05, 7.51994593884e-05, 5.68251307413e-05, 2.799126014e-05, 1.86112956726e-05, 1.56817204697e-05, 1.05755771074e-05, 1.28267211039e-05, 5.50817867406e-06, 3.6979165543e-06, 3.57945850737e-06, 8.52580069477e-06, 8.54634708958e-06, 9.04756143427e-06, 8.46005787025e-06, 4.63547303298e-06, 4.11986457038e-06, 7.81332255428e-06, 1.06597044578e-05, 4.03110334446e-06, 1.6617213987e-06, 9.03456736978e-07, 8.98633174984e-07, 1.35552977554e-06, 2.17801311919e-06, 1.21909351947e-06, 5.40688233741e-07, 3.60454350812e-07, 2.75134993899e-07, 1.97336945007e-07, 1.55146480552e-07, 2.10652061128e-07, 8.62519513589e-08], "min": [1.80666691562e-23, 7.68853341626e-24, 3.13032881402e-23, 1.37630700422e-23, 1.45345065878e-23, 1.25166358909e-23, 2.47784365774e-23, 1.33380018098e-23, 8.8074442579e-24, 1.39441073091e-23, 8.70258334435e-24, 6.00639718754e-24, 4.94580919922e-24, 5.4124689396e-24, 1.37676280805e-23, 1.38961934754e-23, 6.94906782548e-24, 8.87064937135e-24, 1.7771043532e-23, 7.873649094e-24, 1.19076029288e-23, 1.52056741791e-23, 4.54886306918e-24, 7.62430988339e-24, 1.15971088542e-23, 1.37550031506e-23, 7.35753053588e-24, 9.17291326009e-24, 5.0031992245e-24, 6.48457705816e-24, 1.57471104391e-23, 8.34768823373e-24, 6.3435480554e-24, 1.39214748897e-23, 1.05229185373e-23, 7.64158751493e-24, 1.79068143824e-23, 1.25560410709e-23, 9.4037189726e-24, 1.21174825281e-23], "dvar2": [0.000489844125696, 0.000206616008654, 1.44569130498e-05, 2.01308989745e-06, 5.92828200752e-07, 2.99092448586e-07, 8.33828082136e-08, 1.36321617106e-07, 8.14325460397e-08, 1.53845590489e-07, 5.21127994091e-08, 3.48069981726e-08, 1.33152951776e-07, 6.84462477807e-08, 3.59664547034e-08, 6.17980600026e-09, 4