{"tonal": {"thpcp": [1, 0.681713581085, 0.247834250331, 0.191350564361, 0.253361880779, 0.567244768143, 0.875722825527, 0.60817104578, 0.227430909872, 0.146845236421, 0.130475878716, 0.177095249295, 0.276556372643, 0.30483174324, 0.582265496254, 0.898831546307, 0.597687661648, 0.232974231243, 0.180963173509, 0.174729734659, 0.256412774324, 0.399036198854, 0.344978183508, 0.209792330861, 0.173663809896, 0.178791582584, 0.324813395739, 0.485880494118, 0.388668507338, 0.301657229662, 0.346806317568, 0.262958317995, 0.169630602002, 0.165236055851, 0.231388524175, 0.621522843838], "hpcp": {"dmean2": [0.319312393665, 0.300655931234, 0.189874857664, 0.141806766391, 0.126051753759, 0.135178714991, 0.173256352544, 0.207389712334, 0.292858242989, 0.326716333628, 0.303348690271, 0.200526952744, 0.152527078986, 0.156110540032, 0.179279819131, 0.204587087035, 0.199436202645, 0.171724230051, 0.151060461998, 0.14846585691, 0.207131385803, 0.243571519852, 0.217699795961, 0.188513919711, 0.180857464671, 0.16632001102, 0.145899444818, 0.142288923264, 0.191595822573, 0.328880339861, 0.362860023975, 0.319539576769, 0.207257539034, 0.178207606077, 0.22430947423, 0.307248175144], "median": [0.150232866406, 0.111431755126, 0.0331188477576, 0.0151828303933, 0.0127402311191, 0.0237405281514, 0.0368697792292, 0.0468682609499, 0.12953710556, 0.198656708002, 0.131733909249, 0.0336210466921, 0.0226712767035, 0.0201860889792, 0.0323122702539, 0.0422391556203, 0.0437853187323, 0.029488472268, 0.018935341388, 0.0179013181478, 0.0421059653163, 0.0693751201034, 0.0561550222337, 0.0348885059357, 0.0236851032823, 0.0184695664793, 0.0177459586412, 0.0174598675221, 0.0264387503266, 0.121292240918, 0.229536309838, 0.157545030117, 0.0347175002098, 0.0193471051753, 0.0307880826294, 0.094973295927], "min": [0, 0, 0, 0, 0, 0, 0, 0, 0, 0, 0, 0, 0, 0, 0, 0, 0, 0, 0, 0, 0, 0, 0, 0, 0, 0, 0, 0, 0, 0, 0, 0, 0, 0, 0, 0], "dvar2": [0.138545170426, 0.130834981799, 0.0838843807578, 0.0742788910866, 0.0622615255415, 0.0578291863203, 0.076920054853, 0.0926625132561, 0.105659618974, 0.129875212908, 0.121010303497, 0.0977321639657, 0.0766299143434, 0.0884229317307, 0.0872263386846, 0.100789189339, 0.0921418890357, 0.0925598293543, 0.0896304398775, 0.0726928114891, 0.0958644226193, 0.113285526633, 0.0932034477592, 0.0821343660355, 0.0878618732095, 0.0821101665497, 0.0731194093823, 0.0709885954857, 0.0874113216996, 0.135805383325, 0.160679295659, 0.122429355979, 0.0908007323742, 0.0926019400358, 0.111281648278, 0.131728798151], "dvar": [0.0616230145097, 0.0481661371887, 0.0300443191081, 0.0259061604738, 0.0217025037855, 0.0207368452102, 0.0287496745586, 0.033550363034, 0.0391994565725, 0.0574740432203, 0.0450075753033, 0.0351573973894, 0.0281459596008, 0.0317500717938, 0.0318665802479, 0.0392375439405, 0.0343231894076, 0.033339176327, 0.031692802906, 0.0261707473546, 0.0348124057055, 0.0446406453848, 0.0352233499289, 0.0301982089877, 0.0352300740778, 0.0302489884198, 0.0263883918524, 0.0258048847318, 0.0323097966611, 0.053212787956, 0.0690760612488, 0.0464910082519, 0.03251228109, 0.0326530300081, 0.0389170534909, 0.0484641231596], "dmean": [0.188034847379, 0.174641475081, 0.104106292129, 0.0767107605934, 0.0681787580252, 0.0747113451362, 0.0976384580135, 0.116806574166, 0.170331895351, 0.195970192552, 0.175718024373, 0.110008135438, 0.08385758847, 0.0853210613132, 0.100149877369, 0.119092412293, 0.114298425615, 0.0949575603008, 0.0825941488147, 0.0828025862575, 0.118989609182, 0.144966572523, 0.127034023404, 0.107240229845, 0.103439480066, 0.0949203297496, 0.0805460587144, 0.0781749710441, 0.106746226549, 0.191973373294, 0.215081974864, 0.186368763447, 0.114207223058, 0.0966225937009, 0.122619315982, 0.176753744483], "max": [1, 1, 1, 1, 1, 1, 1, 1, 1, 1, 1, 1, 1, 1, 1, 1, 1, 1, 1, 1, 1, 1, 1, 1, 1, 1, 1, 1, 1, 1, 1, 1, 1, 1, 1, 1], "var": [0.140288159251, 0.0751594975591, 0.023664528504, 0.0170719586313, 0.0146439662203, 0.0170046277344, 0.033924087882, 0.0351752154529, 0.0582783482969, 0.124608717859, 0.0614001266658, 0.0268920622766, 0.0211893636733, 0.0229429751635, 0.0304155256599, 0.0626525580883, 0.0433878749609, 0.0248266961426, 0.0224059503525, 0.0208579357713, 0.0390636585653, 0.0724065825343, 0.0476784668863, 0.0378724783659, 0.0661032572389, 0.0389621704817, 0.0202817302197, 0.0189723037183, 0.0270953308791, 0.0751480385661, 0.143420860171, 0.0781851261854, 0.0263081658632, 0.0237958319485, 0.0304492022842, 0.0711183398962], "mean": [0.34373691678, 0.238718032837, 0.0892707109451, 0.0576393902302, 0.0512141212821, 0.0695130601525, 0.10855332762, 0.119651928544, 0.228549644351, 0.352807492018, 0.234603121877, 0.0914465636015, 0.0710312873125, 0.0685845538974, 0.100646607578, 0.156628862023, 0.135410115123, 0.0823472514749, 0.0681661590934, 0.0701789036393, 0.127495080233, 0.190716803074, 0.152559354901, 0.118405871093, 0.136127695441, 0.10321585834, 0.0665830522776, 0.0648581162095, 0.0908241420984, 0.243958860636, 0.392517924309, 0.26758480072, 0.0972793847322, 0.0751085281372, 0.099449083209, 0.222653731704]}, "tuning_equal_tempered_deviation": 0.071740463376, "chords_changes_rate": 0.0475845858455, "key_key": "C", "tuning_diatonic_strength": 0.684649944305, "key_scale": "major", "chords_number_rate": 0.00108557986096, "tuning_frequency": 438.477722168, "tuning_nontempered_energy_ratio": 0.695390403271, "chords_histogram": [34.3766975403, 0.506603956223, 6.85724639893, 0, 0.271394968033, 0, 1.44743978977, 0, 0, 0, 0, 0, 0, 0.0180929973722, 0, 0.0904649868608, 0, 8.6122674942, 0, 0, 0, 0.41613894701, 14.474398613, 32.9292564392], "key_strength": 0.798353850842, "chords_key": "C", "chords_strength": {"dmean2": 0.00897086784244, "median": 0.563792407513, "min": 0.272976458073, "dvar2": 5.95336750848e-05, "dvar": 4.9858881539e-05, "dmean": 0.00900065153837, "max": 0.794026315212, "var": 0.00618653045967, "mean": 0.567624330521}, "chords_scale": "major", "hpcp_entropy": {"dmean2": 1.1959271431, "median": 1.99216794968, "min": 0, "dvar2": 0.943168282509, "dvar": 0.346122145653, "dmean": 0.704159617424, "max": 4.40644264221, "var": 0.674579143524, "mean": 1.9855376482}}, "metadata": {"audio_properties": {"equal_loudness": 0, "codec": "mp3", "downmix": "mix", "sample_rate": 44100, "analysis_sample_rate": 44100, "bit_rate": 192019, "md5_encoded": "9cca0a3226b5c531d3723f8755ab947e", "length": 256.600830078, "replay_gain": -4.99644851685, "lossless": false}, "version": {"essentia_build_sha": "2d9f1f26377add8aeb1075a9c2973f962c4f09fd", "essentia": "2.1-beta2", "extractor": "music 1.0", "essentia_git_sha": "v2.1_beta2-1-ge3940c0"}, "tags": {"title": ["Das Land der Vollidioten"], "language": ["ger"], "acoustid_fingerprint": ["AQADtIkUNWdwnDs6NHUe7Iku_NgPP3zw4McjoXnQbTse_HiG2kHT4EWP5nrQHVqyHI9w9OEDLU52_MOFJg96CldOPHnwo5GOPieuB8cVo1GOdseeQxe6LGGhpZuFPzh1XJiOpqnwoYOfB1N-PNAT_OC3PHCjHZCOHs2TY48e4VF0NGeMow8uacaDe0fzHD2eFk-OKYwioQeeBxePpjQxnPjhw5G2GJqT7PgJHU0XBXUSRbh1vEdzlFmPPcePG81RO8ej6MFPnEHzOpieBzdOXFLiwRWPN22C40PtHKlR7yiO70KPb8fJC49SGWaSDEfXbEiWM8hpPI9w7eiHlDn05AiPB0OfpUeY6jhDyIqyw0_xHJfwHLryo4efQ1t1tDmOXCp-3EiLOoLe4UKYo6QePLzw7eCjI8zxoie-HdIjS7iUJ0Hz7Aif4SPe49rBvXiOkmi6JDY-TcOP9zh35PnwHVoe9LPRg0kXBQ-aauiPj2lwCz2kZD3eozm0NSeeaAmaG5V8ZB9-NM5ROUvxX7Ckfjhz5KKEB3LEHM3zo9WBMCOtDOFDB-eFisYP6gmh3Th-48ouBZ03DlqOR4TmDY2qo3l0hBf-TcKzL8Gf40f4oOFy3D-kHr-JHz6-o3G-BN1xKQseLTsO_oH2C81z4T9yhkETSUzRHjkz4w0801A55biUHM1vMHrwHL6GR4eO3kVTZWmOF6eyHG3QiA8uKaNxPfilDe10aKmy48d1JUG_Z2jy4C-eQ1dhdXgigsevoFKWwzd-OG1QS2i-I1wT4XxwTSL-oDnK_uCL_LhSqEavHQ25H3p1pA6DS8YZNETffLjEBz-yEMnyaMW15PiOK0_QOEenP8ad4gnCH82TzpBHHT9yMajuoOmHYGwSaO_R0Md3YavCRviJH9cJU-GDS1lwoXYVNE4IlWqQ4_Cr4Mf1oBJ1NJyR9YXE-eiTEs3kHIeew88YXFkeIV9KnKh0NA-HnNJxnirOB2RzmNOF18YPJjvqLceP6kFzgUs0HWcs_Cuuo3GyHzUVvEcOh-EeIo_j4zq0PDXaEeTj4hRc4RqexfiOF6aS4UwO9T62RAunBG_x_XiONj6a57hO_OiPpuqFuTiL5ugTRcOpR7iaHJ2WCM146Md9WEtTxGKQo7mGOuUSSJWOPBkqXUWjH38IVrpwJwoYyUNa8YXWZTF-xNQOU4nyGHdwhDmNimIgS3vACuFzNHkcnJmR4xueHFoex6h-kM0Nxw1-_BA9_AkuHc-R36jaHFZ-VFRe9IyD9KLQ55DyGc1y5F2MNwbDw2-OmKKh5vDWIsuPPkVTU8OTg-1II4uiC46YQ6wWH3bCB7UknEa1ZQ-axpUgK8qHiybCH9TRLy-u49qDuYcvJO2RPw9uq3C340V1mAqN9JmjQRzpITyP_aio0EOjHsc37MmP_xGaR1uQ39ASbsiboj-a57h-PIgqRUIPddxg5HrgR0eWE9_Q7IJ2XXiYBV9sQ8oD33iOHj3ewBOnoI-Iy0TeB2fmoIeXIW207KhFHFaJaxEXXHnwNadwHU0c9B10HMcP_8K7HMzRHLwCXQos9tDxB1-GHzf6MEczZjjW-9hzovmD6rlRHuYEjcSH_A3-GY2vo8xe5JLwJMOh_7i0ZBn4Q-t3pDpK5set4SEu57gmN8hCyYX4H6HFVMN_PMuLNsrRzCJehI8O8brwKL7hblB36ERTp8On41HQoxn0JlrwoEm1oD-eHV-kBywT6LTQvNCEK4P-oUo-hOEkoh_8gtfhE5dEC72S4-GF0A82qkbXJdAz4yu6TDm-Q8t_xGI3YedQojnu9PiESvGFZg1ySlIg0w6uL2i4ZCjZIY-PHzkTpULDHb-OJ4V16NkEM5JS5P-Q6XhyhHmRU4c1Hjry5MX1oacaNDreFM-IV0J_5FYMnRbCtDgqKoUVHk87vCYqLsqRX2ge1HbRpFPQLuhC5XDaI7SYSfjB40eYy6iPi7uERj5-iExzVB80koefB4x4Htp3PIPoHu2PM8dLMvhwHQ0nHX3w48yPjqEoOD_6ZDh66RB_6DrK7DhTSUF1Z2iqHr2GJhT-IUwelBKeRMdnMuhL-MXDIrTp4QJNPIcWzSnC0_iWw1eOXwfOIF6WB30raBlzBFdydEzDDJ5OtDhphFfgMw6o6gvKJVKFI-zxZDlcSUZ5fOBtpOshDz-cqSd-PCOuaAl6w5mSPMcPH52XB_-K7iqcE9JFPCPCD7-C0-jyBmyWI_2Dp3CdD3qC5sPfGSr1BE9Oov6CE01OHj_yNsaP68i0HyfC9WjSSMGX6MMrNHvQo4-HhLmD_LhINEsUH89xC38OHzFzJGKkRAeTKGO6oEd-6ImUGs9k3PnQlTeaq7iUQWMUhMETnJmEvsLzI4cfSDk-oemLyglOaD-8G31-_EMfJQqDPNaR7yPeg-oObdTgOsKbQ-4uuNKcIE9yXCeOfmDymbjy4sqFN2GD6WjyXMibQvGRLtFx_BWaG22UPDiz4c_xIxYFbwkdyOOD_NhzoL2KrRq8aUcv5ciPfjqhZRID2jgj4jtcMcWXMEd1ozEPXcrxa8Ybosl-lDfxUFGQP4J_5JRSHPpRq2hePKlzHNXz4OhlNPuHMtERpkk8VE-OnCK-w1oUM1BNGVnzw_txZR-eB0ftRWi2FKdy5D90-DwAoQwAAAlpFACMIYQEaYg5LQiRSAwgjHNGIGSYM0ABZYgjxhjAlBGUIYCAYgRJAIRRBghkFKDaiEEQEAw5YpgSTjCrmKFAEUWJMQoJEJAQkACBADBCQGcge8IgIoRjwCGEAAHEaEaEEQYxg5QiACigiFPCGZCgMYQgAIhnQkBBDELECEMQZsgAxJQRBiGEiFKEGsoRApYQygxilBBAiDXUCAOIEIQRgCCRQFDEABREGKCMQIAMIAQBhiGMFADECIIEQEAJIhgXlghKBEUIMMeUUAAxwAABBipECBEGIYQZ48QZhCiAwCmELAGMICSQAMAwAgQBAgokjFFCAYEYQUY4aQwRhhHEhHBEAIKWA6BIYAgAhCphEAAQAgGAUEYJgBwFFIBAmAFIAWAQAwRAAgiAzBjEiCEKAeQEUEABhgAiDAkAiDAWIKCoUYAAYxAgghiAQCAEGaIME8gQhBjRBDDACCFOECKIQIIJ6hgwSgBqFBCGCAAMMAQQaICBTgiBgDUCEA0MMUYIIgACFBlnACCGYYMEkYAJIQBGijACBFOAWACKYUJIJDyjwAojhOIAIXCgYY4ChYhwACgggDMAAECcYAgIYYBDgBAAJAFGEAEMEEZYIYAQgnkljCBSGaGAQcoRowAQBgAihGDIEMSAEMAiopQCBgIKhAECSIYAE4AhRYhAyEBBBDCGMIGUMUoQZJlxSjsCIACGGSUQIAIQKBQRBAkIgBBAEiMQAUgog5hTxCAAGVFCMMuUkgIgIgAgQAiFjCAEGNEUws4R6wRzDCJAmLGACCeBE0BwRIBBBgEBkAKCAUEUoAoZIZwhxAghDLCAUEKhAMwKbRhhgAhDFFNCEAKEB5ZAQQAATABBADGEMGAIEKwJYIgSCAgkECgEEGWAAAMqZKQwQigEBGGKMCMQcIABIAAyRgiuAAKCGkCOAJgYhYwgxCGgEAIEEMACAQ"], "date": ["2013"], "genre": ["Rock"], "musicbrainz album type": ["Album"], "musicbrainz_releasegroupid": ["107788e2-49b5-4250-8fea-412c852eea1e"], "acoustid_id": ["297d4381-9506-453f-ae0e-22c905e96d37"], "musicbrainz_recordingid": ["1224365a-7967-428b-bde7-3e90c446612c"], "musicbrainz album release country": ["DE"], "musicbrainz_albumartistid": ["6d29907f-d28c-42e4-94a0-660ecf9182f9"], "musicbrainz_albumid": ["abcf2515-af60-4fd3-8bd4-528564fef88e"], "artist": ["Frei.Wild"], "tracknumber": ["11"], "bpm": ["121.01"], "album": ["Still (Premium Edition) (Disc 1)"], "label": ["Rookies & Kings"], "discnumber": ["01"], "musicbrainz_artistid": ["6d29907f-d28c-42e4-94a0-660ecf9182f9"], "file_name": "Frei.Wild - Das Land der Vollidioten.mp3"}}, "rhythm": {"bpm_histogram_first_peak_bpm": {"dmean2": 0, "median": 120, "min": 120, "dvar2": 0, "dvar": 0, "dmean": 0, "max": 120, "var": 0, "mean": 120}, "bpm": 121.002609253, "bpm_histogram_second_peak_spread": {"dmean2": 0, "median": 0, "min": 0, "dvar2": 0, "dvar": 0, "dmean": 0, "max": 0, "var": 0, "mean": 0}, "bpm_histogram_first_peak_weight": {"dmean2": 0, "median": 0.673786401749, "min": 0.673786401749, "dvar2": 0, "dvar": 0, "dmean": 0, "max": 0.673786401749, "var": 0, "mean": 0.673786401749}, "onset_rate": 4.03327417374, "beats_position": [0.522448956966, 1.06811785698, 1.6137868166, 2.12462592125, 2.62385487556, 3.12308382988, 3.62231278419, 4.12154197693, 4.62077093124, 5.10838985443, 5.60761880875, 6.10684776306, 6.59446716309, 7.0936961174, 7.59292507172, 8.08054447174, 8.57977294922, 9.07900238037, 9.57823085785, 10.077460289, 10.5650787354, 11.0643081665, 11.5635375977, 12.051156044, 12.5503854752, 13.0496139526, 13.5372333527, 14.0364627838, 14.5356912613, 15.0349206924, 15.5341491699, 16.0217685699, 16.5209980011, 17.0202255249, 17.5194549561, 18.0186843872, 18.5063037872, 18.9939231873, 19.4931507111, 19.9923801422, 20.4799995422, 20.9792289734, 21.4784584045, 21.9776859283, 22.4769153595, 22.9645347595, 23.4637641907, 23.9629936218, 24.4622211456, 24.9614505768, 25.4490699768, 25.9366893768, 26.435918808, 26.9351463318, 27.4343757629, 27.9336051941, 28.4212245941, 28.9204521179, 29.4196815491, 29.9189109802, 30.4181404114, 30.9057598114, 31.3933773041, 31.8926067352, 32.391834259, 32.8910636902, 33.3902931213, 33.8779144287, 34.3771438599, 34.8763694763, 35.3639907837, 35.8632202148, 36.362449646, 36.8500671387, 37.3492965698, 37.848526001, 38.3361434937, 38.8353729248, 39.334602356, 39.8222198486, 40.309841156, 40.7974586487, 41.3083000183, 41.8075294495, 42.3067550659, 42.8059844971, 43.3052139282, 43.7928352356, 44.2920608521, 44.7796821594, 45.2789115906, 45.7665290833, 46.2657585144, 46.7649879456, 47.2642173767, 47.7634468079, 48.2510643005, 48.7619056702, 49.2495231628, 49.748752594, 50.2479820251, 50.7355995178, 51.234828949, 51.7340583801, 52.2216758728, 52.720905304, 53.2201347351, 53.7193641663, 54.2185935974, 54.7062110901, 55.1938323975, 55.6930618286, 56.1922874451, 56.6915168762, 57.1907463074, 57.6783676147, 58.1775970459, 58.6768226624, 59.1644439697, 59.6520614624, 60.1512908936, 60.6505203247, 61.1497497559, 61.648979187, 62.1365966797, 62.6358261108, 63.135055542, 63.6226730347, 64.1219024658, 64.621131897, 65.1203613281, 65.6195907593, 66.107208252, 66.5948257446, 67.0940551758, 67.5932846069, 68.0925140381, 68.5801315308, 69.0793609619, 69.5785903931, 70.0778198242, 70.5654373169, 71.064666748, 71.5638961792, 72.0515213013, 72.5507507324, 73.0499725342, 73.5492019653, 74.0484313965, 74.5360565186, 75.0352783203, 75.5229034424, 76.0221328735, 76.5213623047, 77.0205917358, 77.5198135376, 78.0190429688, 78.5182723999, 79.0175018311, 79.5051269531, 79.9927444458, 80.4803619385, 80.9795913696, 81.4788208008, 81.9664382935, 82.4656677246, 82.9648971558, 83.4641265869, 83.9633560181, 84.4509735107, 84.9502029419, 85.449432373, 85.9486618042, 86.4478912354, 86.935508728, 87.4347381592, 87.9339675903, 88.421585083, 88.9208145142, 89.4200439453, 89.907661438, 90.4068908691, 90.9061203003, 91.4053497314, 91.9045791626, 92.3921966553, 92.8798141479, 93.3790435791, 93.8782730103, 94.3775024414, 94.8767318726, 95.3643493652, 95.8635787964, 96.3628082275, 96.8504257202, 97.3496551514, 97.8488845825, 98.3481140137, 98.8473434448, 99.3349609375, 99.8341903687, 100.3334198, 100.821044922, 101.320266724, 101.819496155, 102.307121277, 102.79473877, 103.293968201, 103.793197632, 104.292427063, 104.791656494, 105.279273987, 105.766891479, 106.254508972, 106.753738403, 107.252967834, 107.752197266, 108.251426697, 108.739044189, 109.226661682, 109.737503052, 110.236732483, 110.724349976, 111.223579407, 111.722808838, 112.222038269, 112.7212677, 113.220497131, 113.708114624, 114.207344055, 114.706573486, 115.194190979, 115.69342041, 116.192649841, 116.691879272, 117.191108704, 117.678726196, 118.177955627, 118.66557312, 119.164802551, 119.652427673, 120.140045166, 120.627662659, 121.138504028, 121.637733459, 122.136962891, 122.636184692, 123.123809814, 123.623039246, 124.122268677, 124.621498108, 125.109115601, 125.608345032, 126.107574463, 126.606803894, 127.106025696, 127.593650818, 128.092880249, 128.592102051, 129.079727173, 129.567337036, 130.066574097, 130.565795898, 131.053421021, 131.541046143, 132.051879883, 132.551101685, 133.050338745, 133.537963867, 134.037185669, 134.536407471, 135.035644531, 135.534866333, 136.022491455, 136.521713257, 137.020950317, 137.508575439, 138.007797241, 138.507034302, 138.994644165, 139.493881226, 139.993103027, 140.492340088, 140.99156189, 141.479187012, 141.978408813, 142.477645874, 142.965255737, 143.464492798, 143.9637146, 144.46295166, 144.962173462, 145.449798584, 145.937408447, 146.436645508, 146.93586731, 147.423492432, 147.922714233, 148.421951294, 148.921173096, 149.420410156, 149.90802002, 150.40725708, 150.894866943, 151.394104004, 151.893325806, 152.392562866, 152.880172729, 153.37940979, 153.878631592, 154.366256714, 154.853881836, 155.353103638, 155.852325439, 156.3515625, 156.850784302, 157.361633301, 157.849243164, 158.336868286, 158.836090088, 159.335327148, 159.822952271, 160.322174072, 160.821395874, 161.309020996, 161.808258057, 162.307479858, 162.79510498, 163.294326782, 163.793563843, 164.292785645, 164.792022705, 165.279632568, 165.778869629, 166.278091431, 166.765716553, 167.253326416, 167.752563477, 168.251785278, 168.762634277, 169.250244141, 169.749481201, 170.248703003, 170.736328125, 171.223937988, 171.723175049, 172.222396851, 172.721633911, 173.220855713, 173.708480835, 174.196090698, 174.695327759, 175.194549561, 175.682174683, 176.181396484, 176.680633545, 177.179855347, 177.667480469, 178.166702271, 178.665939331, 179.165161133, 179.664398193, 180.163619995, 180.651245117, 181.138870239, 181.638092041, 182.137313843, 182.636550903, 183.135772705, 183.623397827, 184.122619629, 184.621856689, 185.121078491, 185.620315552, 186.107940674, 186.607162476, 187.106384277, 187.605621338, 188.09324646, 188.592468262, 189.080093384, 189.579315186, 190.078552246, 190.577774048, 191.07699585, 191.564620972, 192.052246094, 192.551467896, 193.050704956, 193.549926758, 194.049163818, 194.536773682, 195.036010742, 195.535232544, 196.022857666, 196.510467529, 197.00970459, 197.508926392, 197.996551514, 198.495773315, 198.995010376, 199.494232178, 199.993469238, 200.49269104, 200.991928101, 201.479537964, 201.978775024, 202.477996826, 202.977233887, 203.476455688, 203.964080811, 204.463302612, 204.962539673, 205.450149536, 205.937774658, 206.448608398, 206.936233521, 207.435455322, 207.934692383, 208.422302246, 208.921539307, 209.420761108, 209.90838623, 210.407608032, 210.906845093, 211.394470215, 211.893692017, 212.392913818, 212.892150879, 213.391372681, 213.878997803, 214.378234863, 214.877456665, 215.365081787, 215.864303589, 216.363540649, 216.851150513, 217.350387573, 217.849609375, 218.337234497, 218.836456299, 219.335693359, 219.823303223, 220.310928345, 220.810150146, 221.309387207, 221.79699707, 222.284622192, 222.783843994, 223.283081055, 223.782302856, 224.281539917, 224.792373657, 225.291610718, 225.79083252, 226.278457642, 226.766067505, 227.253692627, 227.752914429, 228.252151489, 228.751373291, 229.250610352, 229.738220215, 230.237457275, 230.736679077, 231.235916138, 231.735137939, 232.222763062, 232.721984863, 233.221221924, 233.720443726, 234.219680786, 234.707290649, 235.194915771, 235.694152832, 236.193374634, 236.680999756, 237.180221558, 237.679458618, 238.167068481, 238.654693604, 239.153915405, 239.653152466, 240.152374268, 240.63999939, 241.139221191, 241.638458252, 242.137680054, 242.636917114, 243.136138916, 243.635375977, 244.134597778, 244.6222229, 245.121444702, 245.620681763, 246.108291626, 246.607528687, 247.106750488, 247.59437561, 248.093597412, 248.592834473, 249.080444336, 249.579681396, 250.078903198, 250.56652832, 251.065750122, 251.564987183, 252.052597046, 252.551834106, 253.051055908, 253.53868103, 254.026306152, 254.525527954, 255.024749756, 255.523986816, 256.023223877], "beats_loudness": {"dmean2": 0.0239234659821, "median": 0.0502355694771, "min": 2.40967121812e-08, "dvar2": 0.000373105169274, "dvar": 0.000126358849229, "dmean": 0.013952055946, "max": 0.0970515757799, "var": 0.000270775635727, "mean": 0.0486689209938}, "danceability": 1.43920373917, "bpm_histogram_second_peak_weight": {"dmean2": 0, "median": 0.00388349522837, "min": 0.00388349522837, "dvar2": 0, "dvar": 0, "dmean": 0, "max": 0.00388349522837, "var": 0, "mean": 0.00388349522837}, "beats_count": 516, "bpm_histogram_second_peak_bpm": {"dmean2": 0, "median": 110, "min": 110, "dvar2": 0, "dvar": 0, "dmean": 0, "max": 110, "var": 0, "mean": 110}, "bpm_histogram_first_peak_spread": {"dmean2": 0, "median": 0.323586761951, "min": 0.323586761951, "dvar2": 0, "dvar": 0, "dmean": 0, "max": 0.323586761951, "var": 0, "mean": 0.323586761951}, "beats_loudness_band_ratio": {"dmean2": [0.266999661922, 0.451514154673, 0.187418982387, 0.132166326046, 0.0594527423382, 0.0818017721176], "median": [0.553749203682, 0.235484808683, 0.148825779557, 0.050334777683, 0.0191505774856, 0.0534237474203], "min": [0.00149078376126, 0.0136798834428, 0.0113377664238, 0.003670102451, 0.000304142769892, 0.000284454785287], "dvar2": [0.0515620745718, 0.0786873921752, 0.0296332836151, 0.0208317264915, 0.0103929461911, 0.0171837452799], "dvar": [0.0191971566528, 0.023101599887, 0.0106679564342, 0.00739384489134, 0.00341398082674, 0.00588629906997], "dmean": [0.154363244772, 0.240022480488, 0.11196628958, 0.0757024139166, 0.0328154675663, 0.0451919846237], "max": [0.921306312084, 0.924062728882, 0.916929066181, 0.559705376625, 0.404969036579, 0.574778676033], "var": [0.0486675389111, 0.0329124815762, 0.021003017202, 0.00831465236843, 0.00283963303082, 0.00482451077551], "mean": [0.520273625851, 0.262823283672, 0.183843150735, 0.0857043266296, 0.0368755683303, 0.0670183300972]}}, "lowlevel": {"barkbands_spread": {"dmean2": 13.1831245422, "median": 24.6086654663, "min": 0.594698250294, "dvar2": 245.632736206, "dvar": 116.076324463, "dmean": 8.51161766052, "max": 118.644767761, "var": 358.492248535, "mean": 27.8369979858}, "melbands_spread": {"dmean2": 14.6957054138, "median": 19.883392334, "min": 0.609459459782, "dvar2": 464.570220947, "dvar": 242.230865479, "dmean": 9.40205574036, "max": 256.759643555, "var": 603.366882324, "mean": 25.4416904449}, "hfc": {"dmean2": 19.2449359894, "median": 25.4099960327, "min": 1.14082513387e-16, "dvar2": 1092.99645996, "dvar": 558.312255859, "dmean": 13.188829422, "max": 368.033905029, "var": 1258.2869873, "mean": 34.3079071045}, "barkbands_kurtosis": {"dmean2": 6.15327072144, "median": 2.54979848862, "min": -1.95827639103, "dvar2": 126.358078003, "dvar": 51.3858299255, "dmean": 3.80809259415, "max": 129.333816528, "var": 110.270652771, "mean": 5.79219102859}, "gfcc": {"mean": [31.5908374786, 71.3581161499, -93.8190231323, 30.3837795258, -73.2316894531, 20.2798805237, -47.0588226318, 6.59306907654, -29.1942272186, 4.95018911362, -17.3799705505, 1.15591967106, -15.2923440933], "icov": [[0.000246969459113, -7.008061948e-05, 0.000230178891798, -0.000354808493285, 0.000357257464202, -0.000492282444611, 0.000386019324651, -0.000630271155387, 0.000422981131123, -0.000384499027859, 0.000437983690063, -0.000231300480664, 0.000442442222266], [-7.008061948e-05, 0.00199751881883, -0.000156369511387, 0.000762897368986, -0.00136114901397, 0.00113238953054, -0.00189267040696, 0.00152974203229, -0.00197308440693, 0.00217577326111, -0.00199168594554, 0.00139737362042, -0.00124406942632], [0.000230178891798, -0.000156369511387, 0.00200476008467, -0.000509504287038, 6.64424005663e-05, -0.00120452535339, 0.000859786814544, -0.00031021295581, 0.000387293315725, -0.000662967388052, 0.00122417579405, -0.00112524849828, -0.000915055512451], [-0.000354808493285, 0.000762897368986, -0.000509504287038, 0.00545346084982, -0.00221477681771, -0.000882115738932, -0.000121902186947, 0.00150383077562, -0.00303527154028, 0.00252236076631, -0.0014729417162, 0.00140789104626, -0.00151429721154], [0.000357257464202, -0.00136114901397, 6.64424005663e-05, -0.00221477681771, 0.00650497199968, -0.00157935463358, 0.00124568666797, -0.00369237666018, 0.0016101897927, -0.00269138626754, 0.00141158921178, -0.000632358540315, 0.00109083706047], [-0.000492282444611, 0.00113238953054, -0.00120452535339, -0.000882115738932, -0.00157935463358, 0.00868867896497, -0.00366852176376, -0.000924758729525, -0.00173958123196, 0.00129742221907, -0.000985846156254, -5.81917411182e-05, 0.00231469701976], [0.000386019324651, -0.00189267040696, 0.000859786814544, -0.000121902186947, 0.00124568666797, -0.00366852176376, 0.00870155543089, -0.00435080938041, 0.00244408845901, -7.9952966189e-05, 0.000423419493018, -0.00109138817061, 0.000891809642781], [-0.000630271155387, 0.00152974203229, -0.00031021295581, 0.00150383077562, -0.00369237666018, -0.000924758729525, -0.00435080938041, 0.0164082683623, -0.00458660069853, -0.00037943807547, 0.000771644408815, -0.00141566689126, -0.000272024975857], [0.000422981131123, -0.00197308440693, 0.000387293315725, -0.00303527154028, 0.0016101897927, -0.00173958123196, 0.00244408845901, -0.00458660069853, 0.0146252000704, -0.00512744719163, -0.00140983215533, 0.000293150689686, -1.22895644381e-05], [-0.000384499027859, 0.00217577326111, -0.000662967388052, 0.00252236076631, -0.00269138626754, 0.00129742221907, -7.9952966189e-05, -0.00037943807547, -0.00512744719163, 0.0181489679962, -0.00763890845701, 0.00240084016696, -0.000801586313173], [0.000437983690063, -0.00199168594554, 0.00122417579405, -0.0014729417162, 0.00141158921178, -0.000985846156254, 0.000423419493018, 0.000771644408815, -0.00140983215533, -0.00763890845701, 0.0215594880283, -0.00715698301792, 0.00131248089019], [-0.000231300480664, 0.00139737362042, -0.00112524849828, 0.00140789104626, -0.000632358540315, -5.81917411182e-05, -0.00109138817061, -0.00141566689126, 0.000293150689686, 0.00240084016696, -0.00715698301792, 0.0182424001396, -0.0041235354729], [0.000442442222266, -0.00124406942632, -0.000915055512451, -0.00151429721154, 0.00109083706047, 0.00231469701976, 0.000891809642781, -0.000272024975857, -1.22895644381e-05, -0.000801586313173, 0.00131248089019, -0.0041235354729, 0.0178863815963]], "cov": [[8352.94726563, -1169.43652344, -463.230102539, 442.861328125, -3.05339050293, 685.075561523, -20.7530593872, 400.493835449, -63.4450340271, 101.202003479, -144.910079956, 19.5819549561, -335.869659424], [-1169.43652344, 1134.47839355, -22.2610244751, -67.9739532471, 89.4847717285, -142.583511353, 147.13609314, -77.1077880859, 83.4537963867, -64.5891571045, 78.4242553711, -34.364944458, 88.9125213623], [-463.230102539, -22.2610244751, 672.663208008, 75.9265594482, 64.2618179321, 64.8206634521, -31.5600757599, 9.84714508057, 18.5096874237, 8.90631389618, -12.8316726685, 37.6161499023, 50.1925010681], [442.861328125, -67.9739532471, 75.9265594482, 306.676239014, 103.302780151, 111.45841217, -0.199357926846, 41.334072113, 55.7522964478, 2.69253849983, 2.26650667191, -2.88180685043, -6.59164333344], [-3.05339050293, 89.4847717285, 64.2618179321, 103.302780151, 259.322479248, 84.5272903442, 37.3048439026, 67.1204605103, 37.4969978333, 24.4262199402, 8.20923519135, 3.40208363533, -7.95794630051], [685.075561523, -142.583511353, 64.8206634521, 111.45841217, 84.5272903442, 269.676544189, 83.4636917114, 94.9454574585, 24.8935470581, 14.0342931747, -6.83003950119, 14.3805189133, -52.4201698303], [-20.7530593872, 147.13609314, -31.5600757599, -0.199357926846, 37.3048439026, 83.4636917114, 208.121734619, 54.3505516052, 5.43564033508, -13.4010839462, 9.99447441101, 7.39124727249, -13.1369943619], [400.493835449, -77.1077880859, 9.84714508057, 41.334072113, 67.1204605103, 94.9454574585, 54.3505516052, 123.794342041, 27.0463256836, 21.8313503265, -2.9316649437, 13.9989719391, -24.0349121094], [-63.4450340271, 83.4537963867, 18.5096874237, 55.7522964478, 37.4969978333, 24.8935470581, 5.43564033508, 27.0463256836, 111.667007446, 28.9610500336, 26.4343280792, -0.193244189024, 7.06332492828], [101.202003479, -64.5891571045, 8.90631389618, 2.69253849983, 24.4262199402, 14.0342931747, -13.4010839462, 21.8313503265, 28.9610500336, 85.4855041504, 24.3408718109, 4.96744585037, -5.40781259537], [-144.910079956, 78.4242553711, -12.8316726685, 2.26650667191, 8.20923519135, -6.83003950119, 9.99447441101, -2.9316649437, 26.4343280792, 24.3408718109, 72.5121231079, 18.5595855713, 8.48189544678], [19.5819549561, -34.364944458, 37.6161499023, -2.88180685043, 3.40208363533, 14.3805189133, 7.39124727249, 13.9989719391, -0.193244189024, 4.96744585037, 18.5595855713, 71.2463760376, 11.8675107956], [-335.869659424, 88.9125213623, 50.1925010681, -6.59164333344, -7.95794630051, -52.4201698303, -13.1369943619, -24.0349121094, 7.06332492828, -5.40781259537, 8.48189544678, 11.8675107956, 81.845199585]]}, "spectral_energyband_middle_low": {"dmean2": 0.0108468746766, "median": 0.0128563968465, "min": 3.59698459432e-22, "dvar2": 0.000253788428381, "dvar": 0.000100699144241, "dmean": 0.00668579153717, "max": 0.0975193828344, "var": 0.000128737970954, "mean": 0.0154505418614}, "melbands_crest": {"dmean2": 5.33803272247, "median": 12.6940946579, "min": 2.3006169796, "dvar2": 21.3231983185, "dvar": 8.15159225464, "dmean": 3.21332168579, "max": 33.0042915344, "var": 21.1251583099, "mean": 13.2423429489}, "spectral_kurtosis": {"dmean2": 1.60255658627, "median": 2.10822319984, "min": -1.41015398502, "dvar2": 6.67713165283, "dvar": 2.84697747231, "dmean": 1.05055356026, "max": 32.4248962402, "var": 10.2351560593, "mean": 2.86385369301}, "spectral_rms": {"dmean2": 0.00118214264512, "median": 0.00530635658652, "min": 3.22699310849e-12, "dvar2": 1.62519665992e-06, "dvar": 7.42617146443e-07, "dmean": 0.000788550940342, "max": 0.0102286394686, "var": 2.35434231399e-06, "mean": 0.0053007886745}, "zerocrossingrate": {"dmean2": 0.0185189824551, "median": 0.0732421875, "min": 0.00537109375, "dvar2": 0.000450758961961, "dvar": 0.000437663577031, "dmean": 0.0162612553686, "max": 0.50927734375, "var": 0.00277482438833, "mean": 0.0813575014472}, "silence_rate_60dB": {"dmean2": 0.0180995482951, "median": 0, "min": 0, "dvar2": 0.0199370775372, "dvar": 0.00896899309009, "dmean": 0.0090489545837, "max": 1, "var": 0.0209821965545, "mean": 0.0214440822601}, "erbbands_kurtosis": {"dmean2": 2.17399311066, "median": -0.0185736753047, "min": -1.79697692394, "dvar2": 18.1839847565, "dvar": 7.84474277496, "dmean": 1.38437271118, "max": 79.1412734985, "var": 18.7654190063, "mean": 1.14611804485}, "erbbands": {"dmean2": [0.0701337084174, 1.17162942886, 3.93039035797, 6.15955448151, 19.5029830933, 17.7302398682, 13.1417913437, 21.2609863281, 42.7113189697, 30.8178367615, 24.2991676331, 34.927482605, 33.5044174194, 22.8842792511, 30.7544574738, 27.1444969177, 41.908782959, 34.8745231628, 30.4539222717, 19.2654247284, 14.4587640762, 16.7845649719, 16.224023819, 16.997379303, 17.1534309387, 13.4031295776, 16.5959281921, 12.9772100449, 15.1207265854, 13.6656904221, 14.6078071594, 11.2224493027, 8.20456600189, 4.98044872284, 2.62488627434, 0.795843541622, 0.173153936863, 0.0221058502793, 0.00184012611862, 6.37852572254e-05], "median": [0.0278978887945, 0.532292485237, 2.96791696548, 4.50290584564, 6.14557933807, 10.8691272736, 10.1187019348, 11.4491996765, 19.1172027588, 17.6003417969, 11.355298996, 9.23851013184, 10.9540233612, 9.77437782288, 13.0302467346, 10.7811584473, 11.5709934235, 10.3911647797, 8.47062015533, 7.87963485718, 6.95272731781, 7.09731435776, 5.86681604385, 6.40010929108, 6.26442432404, 6.11016464233, 6.04274749756, 6.56067276001, 8.04172706604, 7.40633201599, 6.01702594757, 4.03345012665, 3.60376548767, 2.00543260574, 0.829924166203, 0.26955384016, 0.058458738029, 0.00688291154802, 0.000230704405112, 5.14650892001e-05], "min": [1.02222337903e-22, 3.22821006929e-21, 1.50842717801e-20, 8.76586301083e-20, 1.5896545047e-19, 2.48217514782e-19, 2.21261869968e-19, 3.78132692332e-19, 5.79225727616e-19, 9.79396010731e-19, 8.89295879496e-19, 1.44242038817e-18, 1.25684179736e-18, 2.78924537411e-18, 4.14990144027e-18, 5.90547524436e-18, 8.52421946227e-18, 3.23096788622e-18, 4.42639689977e-18, 5.61662253368e-18, 1.02030197386e-17, 6.54305075767e-18, 8.63592606809e-18, 9.00006917171e-18, 1.5103927556e-17, 1.141330078e-17, 1.074726984e-17, 1.971061881e-17, 1.52290104995e-17, 2.50504336235e-17, 1.79135838185e-17, 1.03018909828e-17, 1.25806172333e-17, 1.15119842543e-17, 7.25564865741e-18, 5.50112082321e-18, 3.11902904944e-18, 1.20384764424e-18, 2.58712859942e-19, 3.18421205786e-20], "dvar2": [0.017670802772, 4.79142427444, 46.8696136475, 87.8307037354, 2433.05859375, 758.676025391, 269.082794189, 1518.42321777, 5470.58007813, 2855.08813477, 2525.69311523, 7562.74316406, 9600.20898438, 3133.43701172, 4374.31884766, 3157.96240234, 9559.51171875, 5715.36816406, 7057.41601563, 2084.62744141, 1036.79626465, 1083.25256348, 988.206726074, 1231.02270508, 1047.07373047, 550.751586914, 881.192565918, 611.965087891, 1167.82495117, 829.893188477, 1255.68493652, 977.306945801, 447.932861328, 181.777404785, 55.8549041748, 4.07098436356, 0.142196729779, 0.00303484685719, 0.000137644179631, 1.13882400399e-07], "dvar": [0.011414703913, 2.32114434242, 16.4039440155, 31.8324298859, 915.59387207, 274.500701904, 106.421073914, 613.730957031, 2430.82495117, 1216.08349609, 1014.18884277, 3069.16772461, 3715.86328125, 1338.17663574, 1856.78723145, 1263.98474121, 3846.58251953, 2492.12841797, 2950.84985352, 849.578674316, 470.673828125, 457.81072998, 426.099761963, 573.331787109, 441.508972168, 214.544921875, 340.114257813, 263.995239258, 532.867614746, 379.438842773, 634.218017578, 480.3515625, 235.150619507, 91.8542633057, 27.5197219849, 2.06036353111, 0.0707315430045, 0.00147284928244, 5.71469317947e-05, 4.61237839033e-08], "dmean": [0.0528055615723, 0.749506831169, 2.29698204994, 3.56881952286, 11.4849462509, 10.4018115997, 7.99881219864, 13.0893220901, 26.794254303, 19.0028553009, 15.0258846283, 21.9285640717, 20.9740352631, 14.6094007492, 19.0481719971, 17.1229724884, 26.711271286, 21.7208919525, 19.1874256134, 11.9623804092, 9.19975376129, 10.1899089813, 9.88983917236, 10.7794885635, 10.584356308, 8.02100372314, 9.71722412109, 7.97571134567, 9.46859264374, 8.71431732178, 9.66827869415, 7.56320571899, 5.51227092743, 3.34421491623, 1.79129934311, 0.546022355556, 0.118288174272, 0.0151219721884, 0.00117940409109, 4.26220067311e-05], "max": [1.21922445297, 15.6197299957, 49.0620498657, 73.8351287842, 308.893585205, 205.683074951, 192.614395142, 548.720397949, 717.075134277, 741.26763916, 678.27355957, 1038.96325684, 1996.59655762, 983.098266602, 991.797668457, 922.366577148, 1036.72045898, 1668.00073242, 1345.95495605, 761.583251953, 1084.11584473, 535.503051758, 668.467651367, 819.671630859, 423.821594238, 280.86328125, 314.207550049, 483.072509766, 811.459472656, 710.717590332, 647.968444824, 397.097442627, 386.784118652, 300.386199951, 133.218536377, 33.1670875549, 7.44887065887, 1.60062849522, 0.442195296288, 0.0133887724951], "var": [0.0235932711512, 3.40574002266, 19.9302101135, 40.0196228027, 758.277832031, 287.325775146, 256.137878418, 818.285827637, 3695.69238281, 2400.57446289, 1599.99328613, 5451.04199219, 7297.54199219, 2262.25878906, 3453.47241211, 2713.86157227, 8230.09960938, 4215.60253906, 5262.65966797, 2088.70751953, 1451.45202637, 889.251708984, 786.163391113, 1499.82446289, 965.808654785, 275.131500244, 359.805023193, 475.918060303, 890.095031738, 615.33605957, 1086.00305176, 832.089660645, 428.43548584, 160.499984741, 46.9686508179, 3.74280929565, 0.141325339675, 0.00262993667275, 6.21386061539e-05, 4.97381087428e-08], "mean": [0.0824205726385, 1.14636778831, 4.16319179535, 6.1793794632, 13.4997396469, 15.8886518478, 14.6406955719, 20.5946159363, 40.8005180359, 31.7536411285, 24.4702453613, 34.8190956116, 34.4824256897, 23.8522357941, 30.2263469696, 30.0614433289, 44.7053565979, 32.3652877808, 28.4726867676, 20.0863723755, 16.5766048431, 17.0647296906, 15.3313922882, 19.0987892151, 17.7357673645, 11.6748876572, 12.313747406, 12.8058195114, 14.9327850342, 13.9791994095, 14.4950008392, 11.3754243851, 8.94319915771, 5.3947262764, 2.78496050835, 0.868902564049, 0.194678261876, 0.0240615066141, 0.00140883726999, 8.5658444732e-05]}, "spectral_strongpeak": {"dmean2": 0.949398934841, "median": 0.493776857853, "min": 0, "dvar2": 2.07166528702, "dvar": 0.807334959507, "dmean": 0.55775386095, "max": 17.5946235657, "var": 1.06011772156, "mean": 0.869761645794}, "spectral_energy": {"dmean2": 0.0142234722152, "median": 0.0288613550365, "min": 1.06738214943e-20, "dvar2": 0.000307959911879, "dvar": 0.000133358684252, "dmean": 0.00931726302952, "max": 0.107240699232, "var": 0.000269235577434, "mean": 0.0312138721347}, "average_loudness": 0.967617630959, "spectral_rolloff": {"dmean2": 1464.28515625, "median": 1098.19335938, "min": 86.1328125, "dvar2": 4933686.5, "dvar": 2395038.5, "dmean": 867.920288086, "max": 18970.7519531, "var": 5223115, "mean": 1863.28808594}, "spectral_centroid": {"dmean2": 522.191650391, "median": 1148.3614502, "min": 174.852584839, "dvar2": 398911.65625, "dvar": 180968.109375, "dmean": 327.660644531, "max": 10865.5166016, "var": 519450.90625, "mean": 1258.40722656}, "pitch_salience": {"dmean2": 0.131526961923, "median": 0.599379777908, "min": 0.122747525573, "dvar2": 0.0145997488871, "dvar": 0.00553243979812, "dmean": 0.0797918885946, "max": 0.841158807278, "var": 0.0121124302968, "mean": 0.585554122925}, "spectral_energyband_middle_high": {"dmean2": 0.00321845221333, "median": 0.00295449909754, "min": 1.58672244831e-21, "dvar2": 1.90547307284e-05, "dvar": 8.70487838256e-06, "dmean": 0.00212042569183, "max": 0.0448521189392, "var": 3.49300680682e-05, "mean": 0.00545042380691}, "spectral_contrast_coeffs": {"dmean2": [0.0902904421091, 0.0838958472013, 0.0617983601987, 0.0504347532988, 0.036789406091, 0.0321551859379], "median": [-0.620182156563, -0.723467886448, -0.792090833187, -0.793063879013, -0.807198941708, -0.783674955368], "min": [-0.969960689545, -0.966200649738, -0.95972687006, -0.962167441845, -0.960180521011, -0.963352024555], "dvar2": [0.00574218528345, 0.0046703289263, 0.00247353501618, 0.0015976348659, 0.000959006021731, 0.000806137861218], "dvar": [0.00223595416173, 0.00188090326265, 0.000966698280536, 0.000651063397527, 0.000388699176256, 0.000330179871526], "dmean": [0.0554299131036, 0.0511878952384, 0.0381097011268, 0.0307755284011, 0.0226703491062, 0.0200733039528], "max": [-0.28661108017, -0.343410730362, -0.542615294456, -0.55654925108, -0.578994870186, -0.615701079369], "var": [0.00733198691159, 0.005672799889, 0.00319464178756, 0.00245638331398, 0.00154183770064, 0.00142655381933], "mean": [-0.609948754311, -0.715499937534, -0.783979177475, -0.787378549576, -0.802330493927, -0.781702160835]}, "melbands_skewness": {"dmean2": 1.31030631065, "median": 2.88462257385, "min": -1.68548464775, "dvar2": 1.96159338951, "dvar": 0.776472270489, "dmean": 0.828280448914, "max": 16.4374408722, "var": 2.32440185547, "mean": 3.03904914856}, "spectral_spread": {"dmean2": 1108830, "median": 6242875, "min": 1815589.5, "dvar2": 1714697273340.0, "dvar": 935373242368, "dmean": 780373.875, "max": 39805440, "var": 4235447500800.0, "mean": 6506292}, "dissonance": {"dmean2": 0.031599752605, "median": 0.470790326595, "min": 0.218159884214, "dvar2": 0.00100195361301, "dvar": 0.000386474974221, "dmean": 0.0191264916211, "max": 0.500000119209, "var": 0.00146172870882, "mean": 0.460152506828}, "spectral_skewness": {"dmean2": 0.309675723314, "median": 1.34430384636, "min": -0.264508068562, "dvar2": 0.130358979106, "dvar": 0.0632081478834, "dmean": 0.211484730244, "max": 4.55170488358, "var": 0.305682420731, "mean": 1.42913162708}, "spectral_flux": {"dmean2": 0.0420540161431, "median": 0.09139470011, "min": 6.67786936859e-11, "dvar2": 0.00183897523675, "dvar": 0.000867028662469, "dmean": 0.0278570856899, "max": 0.302641153336, "var": 0.00215678033419, "mean": 0.0959346741438}, "spectral_contrast_valleys": {"dmean2": [0.644312977791, 0.583016216755, 0.52140891552, 0.520166873932, 0.489115208387, 0.43460136652], "median": [-6.82836055756, -6.31576538086, -6.94081306458, -7.4378118515, -7.32660198212, -9.04838657379], "min": [-27.073507309, -27.602689743, -27.4040184021, -27.442150116, -27.4762744904, -27.2465209961], "dvar2": [0.275429874659, 0.257446408272, 0.224547088146, 0.288153856993, 0.330543249846, 0.293456554413], "dvar": [0.112812452018, 0.104364067316, 0.100468836725, 0.127881467342, 0.14921246469, 0.152937695384], "dmean": [0.393536120653, 0.355025738478, 0.329147040844, 0.33592569828, 0.327916324139, 0.330057233572], "max": [-5.352502