{"metadata": {"tags": {"album": ["Modern favorites"], "bpm": ["79"], "genre": ["Arabic - Lebanon"], "initialkey": ["E"], "date": ["2000"], "tracknumber": ["8"], "title": ["Kifak Inta"], "file_name": "08 Kifak Inta.flac", "artist": ["Fairuz"], "musicbrainz_recordingid": ["1225189f-d826-45e3-ac1b-9631d8bdb5c7"]}, "audio_properties": {"sample_rate": 44100, "downmix": "mix", "lossless": true, "analysis_sample_rate": 44100, "md5_encoded": "f527dd501c79d25caea6ff42bbf32c44", "equal_loudness": 0, "replay_gain": -10.7875480652, "codec": "flac", "bit_rate": 0, "length": 211.839996338}, "version": {"extractor": "music 1.0", "essentia_build_sha": "2d9f1f26377add8aeb1075a9c2973f962c4f09fd", "essentia_git_sha": "v2.1_beta2-1-ge3940c0", "essentia": "2.1-beta2"}}, "rhythm": {"beats_loudness_band_ratio": {"dvar2": [0.104987077415, 0.0749037638307, 0.0735590159893, 0.0521078146994, 0.022486936301, 0.00343195465393], "var": [0.0453303232789, 0.0457555763423, 0.0398377887905, 0.022642698139, 0.00822063069791, 0.00122580479365], "min": [0, 0, 0, 0, 0, 0], "dmean": [0.19266910851, 0.187992736697, 0.199195712805, 0.142475366592, 0.0785026177764, 0.0274519454688], "mean": [0.18799097836, 0.276957333088, 0.283046871424, 0.17135950923, 0.0840089246631, 0.0295005124062], "max": [0.909467160702, 0.929176926613, 0.932087659836, 0.76075720787, 0.559985339642, 0.270879894495], "dmean2": [0.340905845165, 0.32923617959, 0.344066947699, 0.251744270325, 0.140038251877, 0.0493338145316], "median": [0.0931002572179, 0.228237122297, 0.240829214454, 0.12563470006, 0.0494192428887, 0.0174388494343], "dvar": [0.0382218882442, 0.0273675732315, 0.0257015451789, 0.0190075673163, 0.00793934054673, 0.0012536724098]}, "bpm_histogram_first_peak_weight": {"dvar2": 0, "var": 0, "min": 0.34352517128, "dmean": 0, "mean": 0.34352517128, "max": 0.34352517128, "dmean2": 0, "median": 0.34352517128, "dvar": 0}, "bpm": 164.990127563, "beats_count": 557, "bpm_histogram_first_peak_spread": {"dvar2": 0, "var": 0, "min": 0, "dmean": 0, "mean": 0, "max": 0, "dmean2": 0, "median": 0, "dvar": 0}, "danceability": 1.03705775738, "bpm_histogram_first_peak_bpm": {"dvar2": 0, "var": 0, "min": 167, "dmean": 0, "mean": 167, "max": 167, "dmean2": 0, "median": 167, "dvar": 0}, "beats_position": [0.383129239082, 0.777868449688, 1.16099774837, 1.55573689938, 1.9620860815, 2.36843538284, 2.77478456497, 3.1811337471, 3.59909296036, 4.01705217361, 4.446621418, 4.86458063126, 5.27092981339, 5.66566896439, 6.06040811539, 6.45514726639, 6.83827638626, 7.22140598297, 7.59292507172, 7.96444416046, 8.34757328033, 8.73070240021, 9.12544155121, 9.53179073334, 9.94974994659, 10.4025392532, 10.8437185287, 11.2848978043, 11.7260770798, 12.1672563553, 12.6084346771, 13.0263938904, 13.4675731659, 13.9087524414, 14.361541748, 14.8143310547, 15.2322902679, 15.6386394501, 16.0449886322, 16.4629478455, 16.8809070587, 17.298866272, 17.7168254852, 18.1347846985, 18.5527439117, 18.970703125, 19.365442276, 19.760181427, 20.1665306091, 20.5612697601, 20.9908390045, 21.4087982178, 21.8383674622, 22.2679367065, 22.7323360443, 23.1967334747, 23.6611328125, 24.1371421814, 24.6247615814, 25.1123809814, 25.5883903503, 26.0527877808, 26.5171871185, 26.9931964874, 27.4692058563, 27.9336051941, 28.3980045319, 28.8740139008, 29.3500213623, 29.7795906067, 30.2091598511, 30.6503391266, 31.0915184021, 31.5210876465, 31.9506568909, 32.3802261353, 32.8097953796, 33.2509727478, 33.6805419922, 34.1101112366, 34.5280723572, 34.9460296631, 35.3523788452, 35.7935600281, 36.2347373962, 36.6410865784, 37.0474357605, 37.4537849426, 37.8717460632, 38.2897033691, 38.7076644897, 39.1256217957, 39.55519104, 39.9731521606, 40.3795013428, 40.7742385864, 41.1805877686, 41.5753288269, 41.981678009, 42.3764152527, 42.771156311, 43.1658935547, 43.560634613, 43.9553718567, 44.3617210388, 44.7680702209, 45.1744194031, 45.5807685852, 45.9987297058, 46.4050788879, 46.8230361938, 47.229385376, 47.6473464966, 48.076915741, 48.4948730469, 48.901222229, 49.3656234741, 49.8300209045, 50.2944221497, 50.7588195801, 51.2232208252, 51.6876182556, 52.1636276245, 52.6396369934, 53.1040344238, 53.5800437927, 54.0444450378, 54.5088424683, 54.9732398987, 55.4376411438, 55.9020385742, 56.3548278809, 56.726348877, 57.1094779968, 57.4926071167, 57.8641242981, 58.2240333557, 58.5955543518, 58.9670753479, 59.3269844055, 59.6985015869, 60.070022583, 60.4299316406, 60.7898406982, 61.1613578796, 61.5328788757, 61.8927879333, 62.252696991, 62.6242179871, 62.9841270447, 63.3440361023, 63.7155532837, 64.0754623413, 64.4353713989, 64.7952804565, 65.1551895142, 65.5150985718, 65.8750076294, 66.234916687, 66.6064376831, 66.9663467407, 67.3378677368, 67.7093887329, 68.0576858521, 68.4175949097, 68.7891159058, 69.1606369019, 69.5205459595, 69.8804550171, 70.2403640747, 70.5886611938, 70.936958313, 71.2968673706, 71.6567764282, 72.0050811768, 72.3765945435, 72.724899292, 73.0848083496, 73.4447174072, 73.7930145264, 74.152923584, 74.5128326416, 74.8727416992, 75.2326507568, 75.6041717529, 75.975692749, 76.3472061157, 76.7071151733, 77.0670318604, 77.4385452271, 77.7984542847, 78.1583633423, 78.5182723999, 78.889793396, 79.2613143921, 79.6212234497, 79.9811325073, 80.3526535034, 80.7241744995, 81.0956878662, 81.4672088623, 81.8155059814, 82.1754150391, 82.5469360352, 82.9068450928, 83.2551422119, 83.6034469604, 83.9517440796, 84.3116531372, 84.6831741333, 85.0314712524, 85.3913803101, 85.7512893677, 86.0995864868, 86.4478912354, 86.7961883545, 87.1444854736, 87.5043945313, 87.8643035889, 88.2126083374, 88.5609054565, 88.9208145142, 89.2807235718, 89.6290206909, 89.9773254395, 90.3256225586, 90.6739196777, 91.0222167969, 91.3705215454, 91.730430603, 92.0903396606, 92.4386367798, 92.7985458374, 93.158454895, 93.5183639526, 93.8782730103, 94.2265777588, 94.5864868164, 94.946395874, 95.2946929932, 95.6429901123, 95.9912872314, 96.3628082275, 96.7343292236, 97.1058502197, 97.4541473389, 97.802444458, 98.1507492065, 98.4990463257, 98.8589553833, 99.2188644409, 99.5787734985, 99.9386825562, 100.310203552, 100.681724548, 101.053237915, 101.401542664, 101.749839783, 102.098136902, 102.458045959, 102.817955017, 103.189476013, 103.560997009, 103.909294128, 104.257591248, 104.605895996, 104.954193115, 105.302490234, 105.67401123, 106.045532227, 106.405441284, 106.765350342, 107.125259399, 107.485168457, 107.856689453, 108.22820282, 108.588119507, 108.948028564, 109.307937622, 109.66784668, 110.027755737, 110.387664795, 110.747573853, 111.10748291, 111.455780029, 111.827301025, 112.187210083, 112.547119141, 112.89541626, 113.243713379, 113.603622437, 113.963539124, 114.323448181, 114.683357239, 115.043266296, 115.403175354, 115.751472473, 116.111381531, 116.471290588, 116.831199646, 117.179496765, 117.539405823, 117.89931488, 118.259223938, 118.619132996, 118.979042053, 119.338951111, 119.698867798, 120.058776855, 120.418685913, 120.778594971, 121.138504028, 121.486801147, 121.846710205, 122.206619263, 122.554916382, 122.914825439, 123.274734497, 123.634643555, 123.994552612, 124.342857361, 124.702766418, 125.074279785, 125.445800781, 125.817321777, 126.200454712, 126.571968079, 126.943489075, 127.315010071, 127.686531067, 128.046432495, 128.406341553, 128.777862549, 129.149383545, 129.520904541, 129.880813599, 130.240722656, 130.612243652, 130.983764648, 131.343673706, 131.703582764, 132.07510376, 132.446624756, 132.794921875, 133.154830933, 133.51473999, 133.874649048, 134.222946167, 134.582855225, 134.942764282, 135.30267334, 135.662582397, 136.022491455, 136.370788574, 136.730697632, 137.090606689, 137.450515747, 137.810424805, 138.181945801, 138.576690674, 138.971420288, 139.354553223, 139.737686157, 140.13243103, 140.527160645, 140.921905518, 141.316635132, 141.711380005, 142.117736816, 142.524078369, 142.930435181, 143.336776733, 143.754730225, 144.137863159, 144.520996094, 144.915740967, 145.310470581, 145.693603516, 146.07673645, 146.448257446, 146.819763184, 147.179672241, 147.539596558, 147.899505615, 148.259414673, 148.61932373, 148.979232788, 149.350738525, 149.722259521, 150.082168579, 150.453689575, 150.825210571, 151.185119629, 151.556640625, 151.928161621, 152.288070679, 152.647979736, 153.019500732, 153.367797852, 153.716094971, 154.06439209, 154.401092529, 154.784210205, 155.155731201, 155.538864136, 155.92199707, 156.270294189, 156.618591309, 156.978500366, 157.315185547, 157.686706543, 158.058227539, 158.429748535, 158.801269531, 159.161178589, 159.509475708, 159.869384766, 160.229293823, 160.589202881, 160.949111938, 161.297409058, 161.657318115, 162.005615234, 162.353912354, 162.71383667, 163.073745728, 163.433654785, 163.793563843, 164.141860962, 164.490158081, 164.8384552, 165.186752319, 165.546661377, 165.906570435, 166.266479492, 166.62638855, 166.997909546, 167.357818604, 167.717727661, 168.077636719, 168.437545776, 168.785842896, 169.134140015, 169.482452393, 169.84236145, 170.202270508, 170.550567627, 170.910476685, 171.270385742, 171.618682861, 171.96697998, 172.326889038, 172.686798096, 173.035095215, 173.383392334, 173.743301392, 174.103210449, 174.463119507, 174.834640503, 175.194549561, 175.54284668, 175.902755737, 176.262680054, 176.610977173, 176.959274292, 177.307571411, 177.667480469, 178.015777588, 178.375686646, 178.723983765, 179.072280884, 179.420593262, 179.768890381, 180.1171875, 180.477096558, 180.825393677, 181.185302734, 181.533599854, 181.881896973, 182.24180603, 182.601715088, 182.950012207, 183.286712646, 183.646621704, 184.006530762, 184.366439819, 184.726348877, 185.074645996, 185.434555054, 185.794464111, 186.154373169, 186.514282227, 186.874191284, 187.234100342, 187.594009399, 187.942306519, 188.290603638, 188.638900757, 188.987213135, 189.335510254, 189.695419312, 190.055328369, 190.415237427, 190.775146484, 191.135055542, 191.4949646, 191.854873657, 192.226394653, 192.586303711, 192.946212769, 193.306121826, 193.666030884, 194.025939941, 194.397460938, 194.768981934, 195.140487671, 195.512008667, 195.883529663, 196.243438721, 196.603347778, 196.974868774, 197.346389771, 197.717910767, 198.089431763, 198.460952759, 198.820861816, 199.180770874, 199.529067993, 199.900588989, 200.272109985, 200.620407104, 200.957092285, 201.293777466, 201.642089844, 201.978775024, 202.361907959, 202.733413696, 203.104934692, 203.476455688, 203.847976685, 204.219497681, 204.591018677, 204.962539673, 205.415328979, 205.868118286, 206.320907593, 206.738861084, 207.156814575, 207.563171387, 207.981124878, 208.433914185, 208.886703491, 209.339492798, 209.82711792, 210.314727783, 210.802352905, 211.289978027], "beats_loudness": {"dvar2": 0.000559991516639, "var": 0.000307211477775, "min": 0, "dmean": 0.0126069104299, "mean": 0.0169503875077, "max": 0.126876249909, "dmean2": 0.0224041156471, "median": 0.0114781009033, "dvar": 0.000204545794986}, "bpm_histogram_second_peak_weight": {"dvar2": 0, "var": 0, "min": 0.170863315463, "dmean": 0, "mean": 0.170863315463, "max": 0.170863315463, "dmean2": 0, "median": 0.170863315463, "dvar": 0}, "bpm_histogram_second_peak_spread": {"dvar2": 0, "var": 0, "min": 0, "dmean": 0, "mean": 0, "max": 0, "dmean2": 0, "median": 0, "dvar": 0}, "bpm_histogram_second_peak_bpm": {"dvar2": 0, "var": 0, "min": 172, "dmean": 0, "mean": 172, "max": 172, "dmean2": 0, "median": 172, "dvar": 0}, "onset_rate": 3.37960839272}, "lowlevel": {"spectral_energyband_high": {"dvar2": 1.12889772197e-07, "var": 2.32469872685e-07, "min": 7.04444781109e-21, "dmean": 0.000102956480987, "mean": 0.000214447762119, "max": 0.00972133502364, "dmean2": 0.000136341375764, "median": 3.79885241273e-05, "dvar": 6.60064429781e-08}, "spectral_energyband_middle_low": {"dvar2": 6.12312724115e-05, "var": 9.73413625616e-05, "min": 1.88629642866e-22, "dmean": 0.00290529569611, "mean": 0.00756246130913, "max": 0.130774736404, "dmean2": 0.0043396698311, "median": 0.00432774797082, "dvar": 2.9186523534e-05}, "spectral_energy": {"dvar2": 9.22311082832e-05, "var": 0.000254674698226, "min": 9.93768164014e-21, "dmean": 0.00417322898284, "mean": 0.0131528582424, "max": 0.146316185594, "dmean2": 0.00585722643882, "median": 0.00701752584428, "dvar": 4.89425219712e-05}, "spectral_spread": {"dvar2": 1157340594180.0, "var": 19166937481200.0, "min": 440119.59375, "dmean": 464193.53125, "mean": 3572758.75, "max": 42455500, "dmean2": 650880.125, "median": 2886840.75, "dvar": 621305397248}, "spectral_energyband_low": {"dvar2": 6.64442313791e-06, "var": 2.99965699924e-06, "min": 2.04828317798e-23, "dmean": 0.000538478780072, "mean": 0.00092084472999, "max": 0.0231336597353, "dmean2": 0.000909351918381, "median": 0.000419455231167, "dvar": 2.45383171205e-06}, "spectral_rolloff": {"dvar2": 767065.5, "var": 4307551, "min": 86.1328125, "dmean": 309.922363281, "mean": 1422.15588379, "max": 19616.7480469, "dmean2": 528.422424316, "median": 1033.59375, "dvar": 319791.1875}, "barkbands": {"dvar2": [1.96793442653e-10, 2.59405578618e-06, 1.36896778713e-06, 6.83329926687e-06, 3.33677644448e-06, 1.09600277938e-05, 2.40134868363e-05, 1.14033946375e-05, 6.6916918513e-06, 8.29959026305e-06, 7.89676596469e-06, 2.53107646131e-06, 1.35467371365e-06, 5.84859753872e-06, 2.03489457817e-06, 8.45311944886e-07, 2.35491626199e-07, 5.06618505369e-07, 1.79048626592e-07, 8.84169608639e-08, 1.63135407405e-08, 2.72520206401e-09, 1.83736270642e-09, 1.36590239119e-09, 1.77483783226e-09, 1.29254038028e-10, 5.01954987991e-12], "var": [1.53107956868e-10, 1.09401628379e-06, 3.96383995849e-07, 2.56465204984e-06, 2.17378101297e-06, 1.29086956804e-05, 4.43313329015e-05, 1.06658444565e-05, 1.18339748951e-05, 1.75093300641e-05, 1.21290222523e-05, 1.88452315797e-06, 1.40498093515e-06, 6.81170422467e-06, 1.75079924247e-06, 5.84201927722e-07, 1.73061124542e-07, 5.07123843363e-07, 2.2104012487e-07, 1.61847211189e-07, 1.50730095072e-08, 3.96457000562e-09, 2.37477726373e-09, 2.14612994043e-09, 1.81620740669e-09, 1.54615903414e-10, 2.9948940463e-12], "min": [1.5495397546e-25, 1.25248126314e-24, 3.33942964981e-25, 7.88055675452e-25, 5.88705949309e-24, 1.12370616931e-23, 1.17154797997e-23, 1.2499173666e-23, 1.47942532403e-23, 1.4624294736e-23, 1.43747512104e-23, 2.43315721181e-23, 1.95785905008e-23, 2.30464609055e-23, 5.68140148295e-23, 6.1576273451e-23, 6.01776419987e-23, 5.25164363019e-23, 1.32802196417e-22, 1.74568960848e-22, 2.20969734049e-22, 2.77441572573e-22, 3.97243568464e-22, 5.78631569194e-22, 8.4168136536e-22, 1.33983549071e-21, 1.98705585241e-21], "dmean": [2.86970634988e-06, 0.000279422849417, 0.000213425140828, 0.000339764228556, 0.000393481750507, 0.00100816960912, 0.00109051016625, 0.0004254563828, 0.000677591131534, 0.000671843416058, 0.000484441261506, 0.000187931611435, 0.000259720574832, 0.000513380917255, 0.000245585048106, 0.000138254341437, 8.70470103109e-05, 0.000176354355062, 8.00355555839e-05, 7.64935830375e-05, 2.35431361943e-05, 1.08533140519e-05, 1.07639234557e-05, 1.17223680718e-05, 9.03519230633e-06, 2.28824637816e-06, 3.64837035249e-07], "mean": [4.30974750998e-06, 0.00044115955825, 0.000313173804898, 0.000395238603232, 0.000711539993063, 0.00197129067965, 0.00220329174772, 0.000690063228831, 0.00133134867065, 0.00138330936898, 0.000830758421216, 0.00028910767287, 0.000407315674238, 0.000777806853876, 0.00035509702866, 0.000214424013393, 0.000143386510899, 0.000284187030047, 0.000139609808684, 0.000159249888384, 3.56610471499e-05, 1.75044788193e-05, 1.76811845449e-05, 2.05352771445e-05, 1.25883771034e-05, 2.84667976302e-06, 3.73443441504e-07], "max": [0.000178002024768, 0.0142007824033, 0.0105900242925, 0.030811894685, 0.022619837895, 0.0511333793402, 0.12739393115, 0.0704566240311, 0.0505052879453, 0.0708057284355, 0.0743825137615, 0.0686506330967, 0.0353116355836, 0.0450490191579, 0.0272612478584, 0.018303271383, 0.010087300092, 0.00930829439312, 0.0106616495177, 0.00961338169873, 0.00352043448947, 0.00169377657585, 0.000717884278856, 0.000652777787764, 0.000944660045207, 0.000329480564687, 4.39435461885e-05], "dmean2": [3.98588690587e-06, 0.000466638128273, 0.000374467927031, 0.00056314090034, 0.000618007790763, 0.00159341539256, 0.00163533363957, 0.000613416312262, 0.000946171639953, 0.000930583744776, 0.000719485455193, 0.000276419974398, 0.000390584726119, 0.000711002503522, 0.000362883205526, 0.000206013355637, 0.00013241932902, 0.000254809798207, 0.000117436531582, 0.000104885664769, 3.43859319401e-05, 1.50257901623e-05, 1.44739060488e-05, 1.58531183843e-05, 1.256106043e-05, 3.15319198307e-06, 5.31713965302e-07], "median": [3.96973206307e-07, 0.000161125877639, 0.000124618527479, 9.03282634681e-05, 0.000307956128381, 0.000666297506541, 0.000258232117631, 0.000103323924122, 0.000270671356702, 0.000108674401417, 0.000123790450743, 5.39816137461e-05, 0.000104464532342, 0.000115987480967, 4.86587159685e-05, 4.88789701194e-05, 3.08993658109e-05, 4.06850740546e-05, 2.53064790741e-05, 2.23926144827e-05, 5.60498983759e-06, 3.39635175806e-06, 2.77201570498e-06, 2.21042773774e-06, 4.94136315865e-07, 7.46818500375e-08, 5.88575543858e-09], "dvar": [1.03433643595e-10, 9.83993913906e-07, 4.76834401297e-07, 2.76144328382e-06, 1.35444236093e-06, 4.88249452246e-06, 1.23192403407e-05, 5.93276763539e-06, 3.7290265027e-06, 4.73797172162e-06, 3.85693147109e-06, 1.21893594951e-06, 6.70073404763e-07, 3.16043360726e-06, 9.89847762867e-07, 3.69650990706e-07, 1.02742099273e-07, 2.50764770726e-07, 8.87481519385e-08, 4.61527065454e-08, 7.72180275277e-09, 1.70943093014e-09, 1.10602205172e-09, 7.82388154263e-10, 9.25202248148e-10, 7.35956712239e-11, 2.42309644571e-12]}, "melbands_skewness": {"dvar2": 0.738004803658, "var": 1.32461023331, "min": -1.58483338356, "dmean": 0.513827562332, "mean": 1.76624178886, "max": 11.0507602692, "dmean2": 0.786091685295, "median": 1.59007704258, "dvar": 0.318259477615}, "barkbands_skewness": {"dvar2": 0.423431843519, "var": 0.894020974636, "min": -2.17376589775, "dmean": 0.424814373255, "mean": 1.21245634556, "max": 8.67532920837, "dmean2": 0.656100034714, "median": 1.12465977669, "dvar": 0.180864840746}, "erbbands": {"dvar2": [0.000889274175279, 0.197367176414, 1.85159313679, 17.2494564056, 117.458908081, 22.6841697693, 119.779953003, 1171.49584961, 5436.68066406, 3414.45043945, 4846.36914063, 4523.81494141, 4996.77587891, 7619.60742188, 11687.6162109, 4839.34716797, 2602.15991211, 9306.3828125, 14028.8828125, 1359.94787598, 2023.19299316, 724.310668945, 374.787475586, 1348.6496582, 81.4639663696, 188.270965576, 61.1245079041, 9.9574546814, 3.49393081665, 2.71168756485, 1.51534843445, 0.622110009193, 0.512389659882, 0.186534002423, 0.124144785106, 0.00850931555033, 0.000266341288807, 9.3302978712e-06, 8.82333850427e-08, 3.33348487702e-10], "var": [0.000592181575485, 0.0693128854036, 0.517696738243, 6.56535196304, 46.2515907288, 28.5226554871, 148.986129761, 1324.14953613, 8057.30273438, 7815.30322266, 3266.63232422, 7869.57666016, 9455.71972656, 18377.046875, 16996.2050781, 2927.77294922, 3239.73071289, 10091.5244141, 18102.3203125, 1090.36999512, 1583.29223633, 521.552856445, 473.188934326, 1979.83032227, 168.212020874, 358.496185303, 99.3571777344, 8.71110916138, 4.0609292984, 3.4098918438, 1.94757699966, 0.906538546085, 0.706005334854, 0.223221674562, 0.108941271901, 0.00878109131008, 0.00028364994796, 6.73945260132e-06, 6.10975732229e-08, 5.66185542894e-10], "min": [5.07567305915e-23, 3.6891879191e-22, 2.47837124791e-21, 8.082539285e-21, 1.04435688238e-20, 2.33938503328e-20, 2.91758589704e-20, 1.35290300568e-19, 1.67833989859e-19, 1.72620573872e-19, 4.42807566283e-19, 3.10129424541e-19, 5.33615350531e-19, 5.63585396594e-19, 1.19173172301e-18, 1.23693621291e-18, 1.3608252246e-18, 1.28643945705e-18, 3.12514294815e-18, 3.5333582348e-18, 3.70178916472e-18, 4.30806954033e-18, 3.89435639773e-18, 6.6481184119e-18, 7.38048675546e-18, 8.77636396531e-18, 7.88346219873e-18, 6.82363414376e-18, 6.73235186804e-18, 9.54383785407e-18, 1.24744444658e-17, 1.04379985895e-17, 9.32797514706e-18, 8.07963469844e-18, 5.94264046928e-18, 4.32453002093e-18, 2.4609024406e-18, 1.04845256378e-18, 2.38823741553e-19, 2.72905301775e-20], "dmean": [0.00560318026692, 0.0747024640441, 0.234060749412, 0.649470686913, 1.33154547215, 1.25240170956, 3.41689491272, 9.96900939941, 16.8210334778, 11.0493545532, 8.46842861176, 15.8571453094, 16.6917228699, 20.2326335907, 17.5273551941, 7.82078790665, 11.5280246735, 17.8445663452, 23.090927124, 7.45170211792, 6.09535455704, 4.81511211395, 5.53307247162, 8.34937763214, 2.49593901634, 3.56223058701, 1.76825165749, 0.566419839859, 0.383084923029, 0.369092583656, 0.306382656097, 0.238941267133, 0.208567142487, 0.103561922908, 0.0625890046358, 0.0172155722976, 0.00332363252528, 0.000541369663551, 5.47115269001e-05, 6.75986984788e-06], "mean": [0.00870056822896, 0.1130014956, 0.348334610462, 0.857272028923, 1.74393033981, 2.52549314499, 6.73341178894, 19.5979614258, 33.0869560242, 23.3776111603, 15.0716047287, 31.2103729248, 34.1587638855, 43.7297668457, 30.7911510468, 13.6392745972, 20.1514568329, 28.9002571106, 37.4657325745, 12.6244306564, 10.4149217606, 8.67362594604, 10.3713111877, 14.9511508942, 5.67173576355, 7.55293130875, 3.44676756859, 0.897197544575, 0.609724879265, 0.591871261597, 0.49838912487, 0.412063360214, 0.349407762289, 0.159966081381, 0.0781690552831, 0.021324377507, 0.00412946380675, 0.000609936425462, 6.44692700007e-05, 1.82537969522e-05], "max": [0.327926069498, 3.43657135963, 12.2550640106, 45.3296394348, 132.104690552, 126.214294434, 188.76763916, 576.37689209, 1410.62011719, 1814.3449707, 2008.76220703, 1619.63134766, 1894.34143066, 3395.69140625, 3063.82177734, 3184.77905273, 1660.47802734, 2400.27099609, 2047.54345703, 1035.02697754, 1217.58886719, 550.925048828, 323.562835693, 775.032775879, 264.15637207, 337.690582275, 272.646453857, 68.8323974609, 38.5379142761, 37.5979003906, 20.8562812805, 14.3943777084, 11.7990970612, 7.58857917786, 8.54037284851, 2.35660982132, 0.410047382116, 0.0552817881107, 0.00540204858407, 0.00026357214665], "dmean2": [0.00814328063279, 0.127463132143, 0.413244724274, 1.09186172485, 2.11278128624, 1.97397375107, 5.48954057693, 15.5785446167, 25.4739723206, 14.9710092545, 12.1045799255, 22.2054023743, 22.1829586029, 28.2366313934, 25.9751625061, 11.2628307343, 17.0904998779, 24.1424503326, 32.1622085571, 10.8934907913, 8.73119831085, 7.29133367538, 7.8603758812, 11.4003753662, 3.38488316536, 4.9155497551, 2.47314143181, 0.810083210468, 0.527383446693, 0.500868737698, 0.409191548824, 0.32058390975, 0.290384024382, 0.142638683319, 0.0887927412987, 0.0242311302572, 0.00452855881304, 0.000773473817389, 7.70891056163e-05, 9.20100501389e-06], "median": [0.00208884407766, 0.0428553037345, 0.148900508881, 0.266382843256, 0.592590749264, 1.08501195908, 2.77598404884, 6.99721670151, 5.11911821365, 3.70305585861, 3.94858980179, 6.57712650299, 5.13209915161, 5.9549574852, 5.91199302673, 3.87178993225, 5.63294315338, 4.7569360733, 5.37717008591, 3.47814440727, 2.25855970383, 2.16866517067, 2.26389026642, 1.91039156914, 1.36275076866, 1.08139407635, 0.485688626766, 0.178579539061, 0.12500679493, 0.104128070176, 0.0763542577624, 0.0541250146925, 0.0287002604455, 0.00827380735427, 0.00222344743088, 0.000571022799704, 0.000105706538307, 1.36137505251e-05, 6.55595522403e-06, 9.09234950086e-06], "dvar": [0.000430660234997, 0.0709488913417, 0.648725688457, 6.61375617981, 49.469379425, 9.08033561707, 50.6275177002, 526.361877441, 2610.73168945, 1907.3248291, 2260.91308594, 2541.09423828, 2830.94897461, 4693.94873047, 5400.73876953, 2179.23364258, 1384.99182129, 5022.92431641, 7444.6171875, 643.295227051, 892.406005859, 305.450958252, 185.904373169, 741.84979248, 41.1846885681, 95.8673171997, 31.6848106384, 4.96518468857, 2.01947188377, 1.60608112812, 0.904486298561, 0.361607968807, 0.271298348904, 0.101149789989, 0.0613072998822, 0.0045154793188, 0.000146123071318, 4.66052506454e-06, 4.45031211882e-08, 1.75020761772e-10]}, "silence_rate_30dB": {"dvar2": 0.00393629120663, "var": 0.00142255623359, "min": 0, "dmean": 0.00153441471048, "mean": 0.998575329781, "max": 1, "dmean2": 0.00306916586123, "median": 1, "dvar": 0.00153182237409}, "melbands_spread": {"dvar2": 65.2476959229, "var": 248.13218689, "min": 0.821057200432, "dmean": 4.54536819458, "mean": 18.7656536102, "max": 154.414428711, "dmean2": 7.11744117737, "median": 16.0107822418, "dvar": 27.6860313416}, "melbands_crest": {"dvar2": 20.5917625427, "var": 30.0654888153, "min": 1.69177103043, "dmean": 3.04729914665, "mean": 13.8409347534, "max": 34.2162132263, "dmean2": 4.84597349167, "median": 12.9519853592, "dvar": 8.40874385834}, "zerocrossingrate": {"dvar2": 8.71823722264e-05, "var": 0.00299421977252, "min": 0.0048828125, "dmean": 0.00644013192505, "mean": 0.0510580055416, "max": 0.52685546875, "dmean2": 0.00780222378671, "median": 0.0419921875, "dvar": 6.59528013784e-05}, "barkbands_kurtosis": {"dvar2": 21.4705905914, "var": 28.935131073, "min": -1.86876761913, "dmean": 1.86547243595, "mean": 2.82155799866, "max": 98.8232345581, "dmean2": 2.95372080803, "median": 1.54243159294, "dvar": 8.93231391907}, "spectral_flux": {"dvar2": 0.000963139347732, "var": 0.00174259836785, "min": 6.4100738606e-11, "dmean": 0.0162951070815, "mean": 0.0512771047652, "max": 0.343385636806, "dmean2": 0.0249569136649, "median": 0.0400958098471, "dvar": 0.0004355404526}, "barkbands_crest": {"dvar2": 14.1216802597, "var": 20.5764751434, "min": 2.38049483299, "dmean": 2.53816556931, "mean": 11.1055641174, "max": 25.7133483887, "dmean2": 4.10734224319, "median": 10.2413043976, "dvar": 5.64624929428}, "barkbands_flatness_db": {"dvar2": 0.000849674514029, "var": 0.00460260221735, "min": 0.0303113702685, "dmean": 0.0210319887847, "mean": 0.190626144409, "max": 0.43275937438, "dmean2": 0.0307943373919, "median": 0.18318271637, "dvar": 0.000416550872615}, "spectral_entropy": {"dvar2": 0.0613414943218, "var": 0.388236761093, "min": 4.52615070343, "dmean": 0.173512786627, "mean": 6.98946857452, "max": 9.82423019409, "dmean2": 0.248448684812, "median": 6.97444343567, "dvar": 0.0322199687362}, "pitch_salience": {"dvar2": 0.00911805592477, "var": 0.0138241341338, "min": 0.112273320556, "dmean": 0.0645352900028, "mean": 0.543505907059, "max": 0.905097067356, "dmean2": 0.103181451559, "median": 0.550075829029, "dvar": 0.00368813658133}, "erbbands_spread": {"dvar2": 78.8554382324, "var": 180.895935059, "min": 1.41418623924, "dmean": 5.25010108948, "mean": 25.6424999237, "max": 120.737739563, "dmean2": 7.77232789993, "median": 22.9989089966, "dvar": 39.0588264465}, "dynamic_complexity": 5.1835603714, "spectral_contrast_valleys": {"dvar2": [0.324688285589, 0.249835953116, 0.245023280382, 0.217861875892, 0.226595818996, 0.347929984331], "var": [5.51497650146, 5.73786640167, 5.5019698143, 5.3597240448, 5.88485431671, 5.79553604126], "min": [-28.3698577881, -27.9677219391, -27.973941803, -27.6323280334, -27.5398254395, -27.4379043579], "dmean": [0.37450042367, 0.324493467808, 0.317278921604, 0.284481853247, 0.269113570452, 0.364723980427], "mean": [-8.65434741974, -7.5669708252, -8.20127010345, -8.82037067413, -9.13077354431, -12.1154823303], "max": [-5.82092809677, -5.25445413589, -5.49912786484, -6.25499343872, -6.1239733696, -8.38228225708], "dmean2": [0.593937516212, 0.521092295647, 0.504875004292, 0.448743492365, 0.396241128445, 0.468200713396], "median": [-8.20699977875, -7.20107078552, -7.85190534592, -8.45112133026, -8.60500335693, -11.6287059784], "dvar": [0.165387481451, 0.116509333253, 0.113117747009, 0.105978123844, 0.122386857867, 0.205053895712]}, "hfc": {"dvar2": 71.4756088257, "var": 278.006011963, "min": 1.06325173898e-16, "dmean": 3.62444210052, "mean": 11.5561466217, "max": 160.301315308, "dmean2": 4.62659215927, "median": 4.94863176346, "dvar": 44.5256881714}, "spectral_kurtosis": {"dvar2": 272.113983154, "var": 497.031280518, "min": -1.28836011887, "dmean": 5.41280889511, "mean": 13.3108024597, "max": 216.360076904, "dmean2": 9.39720821381, "median": 6.61838102341, "dvar": 96.2296981812}, "mfcc": {"mean": [-736.177124023, 151.842544556, -21.1840362549, 7.56701612473, -4.08396720886, -8.72670078278, -2.7099442482, -4.70703411102, -12.6886014938, 2.98673319817, -4.5622086525, -2.10461425781, -2.21788549423], "cov": [[11340.6464844, -1015.34851074, -956.926696777, 329.237091064, -282.496673584, -398.420166016, 158.128967285, 162.23550415, -174.895095825, 445.539459229, -87.5755081177, -26.5969333649, -132.345993042], [-1015.34851074, 1858.57019043, -98.8903503418, -0.822986245155, 71.9877548218, 44.3690910339, -46.840133667, -49.675491333, -19.9405193329, -99.7096710205, 22.6106071472, 9.80272197723, 31.3858642578], [-956.926696777, -98.8903503418, 706.156677246, -22.8362617493, 130.9165802, 190.916442871, 30.8130455017, 14.0479488373, 91.7524642944, -74.4762573242, 33.705039978, 25.3113861084, 26.2711162567], [329.237091064, -0.822986245155, -22.8362617493, 375.613647461, 99.100730896, 49.2242050171, -28.1408538818, 65.3750762939, 37.212059021, 13.7797727585, -36.5500679016, 6.80256748199, 40.3754081726], [-282.496673584, 71.9877548218, 130.9165802, 99.100730896, 260.649261475, 61.9258422852, -30.340013504, 42.5655784607, 67.2442626953, -16.2922286987, -4.83430242538, 14.1981611252, 45.3619232178], [-398.420166016, 44.3690910339, 190.916442871, 49.2242050171, 61.9258422852, 213.791000366, 44.7715339661, 27.3279762268, 56.360408783, -27.6399517059, 18.5770816803, 9.19401454926, 10.0857372284], [158.128967285, -46.840133667, 30.8130455017, -28.1408538818, -30.340013504, 44.7715339661, 226.054595947, 30.4082050323, -2.88298010826, 53.6397743225, 18.0701618195, -15.6717720032, -21.9941654205], [162.23550415, -49.675491333, 14.0479488373, 65.3750762939, 42.5655784607, 27.3279762268, 30.4082050323, 123.511726379, 40.8206253052, 21.7053260803, 1.13223278522, 7.72738695145, 9.39259052277], [-174.895095825, -19.9405193329, 91.7524642944, 37.212059021, 67.2442626953, 56.360408783, -2.88298010826, 40.8206253052, 146.00932312, -4.8860783577, 20.1141090393, 13.1965827942, 26.5421962738], [445.539459229, -99.7096710205, -74.4762573242, 13.7797727585, -16.2922286987, -27.6399517059, 53.6397743225, 21.7053260803, -4.8860783577, 128.988204956, 19.140411377, -11.0125999451, -25.4636669159], [-87.5755081177, 22.6106071472, 33.705039978, -36.5500679016, -4.83430242538, 18.5770816803, 18.0701618195, 1.13223278522, 20.1141090393, 19.140411377, 92.3829727173, 32.4946632385, -6.35674858093], [-26.5969333649, 9.80272197723, 25.3113861084, 6.80256748199, 14.1981611252, 9.19401454926, -15.6717720032, 7.72738695145, 13.1965827942, -11.0125999451, 32.4946632385, 89.6029815674, 41.672996521], [-132.345993042, 31.3858642578, 26.2711162567, 40.3754081726, 45.3619232178, 10.0857372284, -21.9941654205, 9.39259052277, 26.5421962738, -25.4636669159, -6.35674858093, 41.672996521, 108.840797424]], "icov": [[0.000124271202367, 4.77855210193e-05, 9.52007540036e-05, -0.000113237561891, 6.33173112874e-05, 0.000111962115625, -5.05326243001e-05, -9.87698876997e-05, 4.69086953672e-05, -0.000262635410763, 0.000119173542771, -0.000139987387229, 0.000105579754745], [4.77855210193e-05, 0.000630461319815, 0.000293762190267, -2.70803629974e-05, -0.000265917944489, -0.000189966114704, -4.68294383609e-05, 0.000177413923666, 0.000182864663657, 0.000466075347504, -0.000374365015887, 0.000105067047116, -7.85470983828e-05], [9.52007540036e-05, 0.000293762190267, 0.00235357903875, 0.000388178916182, -0.000869786192197, -0.00151522259694, -0.00032240836299, 0.000220858128159, -0.000425035745138, 0.000922999053728, -0.000379281438654, -0.000222739603487, 0.000120384633192], [-0.000113237561891, -2.70803629974e-05, 0.000388178916182, 0.00375296268612, -0.000986099010333, -0.00127301178873, 0.000731365988031, -0.00123962503858, -9.50807079789e-05, -0.000696806760971, 0.00146673631389, -0.000115466587886, -0.000842021545395], [6.33173112874e-05, -0.000265917944489, -0.000869786192197, -0.000986099010333, 0.00560511834919, -0.000248000287684, 0.000843523826916, -0.00105540384538, -0.00121999112889, -0.000682233832777, 0.000476454762975, 0.000249598320806, -0.00125197158195], [0.000111962115625, -0.000189966114704, -0.00151522259694, -0.00127301178873, -0.000248000287684, 0.00763563904911, -0.00176372961141, -0.000386577623431, -0.00132827251218, 0.00135039305314, -0.000907913257834, -8.51400109241e-05, 0.000721060205251], [-5.05326243001e-05, -4.68294383609e-05, -0.00032240836299, 0.000731365988031, 0.000843523826916, -0.00176372961141, 0.00593039719388, -0.00150461192243, 0.000710629276, -0.00248465663753, -0.000432452827226, 0.00113332003821, -0.000315085548209], [-9.87698876997e-05, 0.000177413923666, 0.000220858128159, -0.00123962503858, -0.00105540384538, -0.000386577623431, -0.00150461192243, 0.0107265207916, -0.00237776711583, -0.000866893911734, 0.000589793431573, -0.00111771037336, 0.000320688850479], [4.69086953672e-05, 0.000182864663657, -0.000425035745138, -9.50807079789e-05, -0.00121999112889, -0.00132827251218, 0.000710629276, -0.00237776711583, 0.0095152463764, -0.000147047481732, -0.00230819755234, 0.00101419119164, -0.00175542803481], [-0.000262635410763, 0.000466075347504, 0.000922999053728, -0.000696806760971, -0.000682233832777, 0.00135039305314, -0.00248465663753, -0.000866893911734, -0.000147047481732, 0.0119394920766, -0.00363962678239, 0.00144066370558, 0.00137884065043], [0.000119173542771, -0.000374365015887, -0.000379281438654, 0.00146673631389, 0.000476454762975, -0.000907913257834, -0.000432452827226, 0.000589793431573, -0.00230819755234, -0.00363962678239, 0.016097150743, -0.00739037524909, 0.00302873505279], [-0.000139987387229, 0.000105067047116, -0.000222739603487, -0.000115466587886, 0.000249598320806, -8.51400109241e-05, 0.00113332003821, -0.00111771037336, 0.00101419119164, 0.00144066370558, -0.00739037524909, 0.0173388533294, -0.00685519352555], [0.000105579754745, -7.85470983828e-05, 0.000120384633192, -0.000842021545395, -0.00125197158195, 0.000721060205251, -0.000315085548209, 0.000320688850479, -0.00175542803481, 0.00137884065043, 0.00302873505279, -0.00685519352555, 0.0135379619896]]}, "silence_rate_20dB": {"dvar2": 0, "var": 0, "min": 1, "dmean": 0, "mean": 1, "max": 1, "dmean2": 0, "median": 1, "dvar": 0}, "melbands_kurtosis": {"dvar2": 94.4976882935, "var": 96.1177597046, "min": -1.79454255104, "dmean": 3.50487422943, "mean": 6.56151390076, "max": 197.622924805, "dmean2": 5.52708673477, "median": 3.90061950684, "dvar": 37.4624786377}, "barkbands_spread": {"dvar2": 34.8725395203, "var": 66.4622192383, "min": 0.915782809258, "dmean": 3.32139635086, "mean": 13.8695135117, "max": 91.6959381104, "dmean2": 5.08130264282, "median": 12.3890829086, "dvar": 15.6601800919}, "erbbands_skewness": {"dvar2": 0.252914428711, "var": 0.409280896187, "min": -3.74890375137, "dmean": 0.355129569769, "mean": 0.552044034004, "max": 3.83793950081, "dmean2": 0.551812708378, "median": 0.52474373579, "dvar": 0.105704076588}, "average_loudness": 0.403634876013, "spectral_centroid": {"dvar2": 122462.84375, "var": 1416123.25, "min": 163.844497681, "dmean": 175.003341675, "mean": 1162.11828613, "max": 11764.2900391, "dmean2": 266.778411865, "median": 975.542907715, "dvar": 55733.0976563}, "dissonance": {"dvar2": 0.00153154751752, "var": 0.0014425474219, "min": 0.193133950233, "dmean": 0.0255016889423, "mean": 0.443315982819, "max": 0.499999940395, "dmean2": 0.0428010597825, "median": 0.450891017914, "dvar": 0.000563885725569}, "erbbands_flatness_db": {"dvar2": 0.000702790508512, "var": 0.00429762294516, "min": 0.0267867911607, "dmean": 0.0195144880563, "mean": 0.232711866498, "max": 0.439494013786, "dmean2": 0.0267478246242, "median": 0.233987256885, "dvar": 0.000402984122047}, "spectral_strongpeak": {"dvar2": 1.23403799534, "var": 2.0859849453, "min": 0, "dmean": 0.479256242514, "mean": 1.17447626591, "max": 12.7123937607, "dmean2": 0.746804952621, "median": 0.667287170887, "dvar": 0.573664784431}, "spectral_rms": {"dvar2": 7.22530444364e-07, "var": 3.58786314791e-06, "min": 3.11372759174e-12, "dmean": 0.000511216872837, "mean": 0.00304043060169, "max": 0.0119476979598, "dmean2": 0.000705471087713, "median": 0.00261655636132, "dvar": 4.10717603927e-07}, "silence_rate_60dB": {"dvar2": 0.112717211246, "var": 0.196701020002, "min": 0, "dmean": 0.0567733459175, "mean": 0.269150674343, "max": 1, "dmean2": 0.113559134305, "median": 0, "dvar": 0.0535539351404}, "melbands": {"dvar2": [1.2417642381e-07, 4.26686398214e-07, 1.03397042039e-06, 2.28902408139e-07, 1.06293057911e-07, 5.44559611626e-07, 1.14512397431e-06, 4.15703340195e-07, 3.15961642627e-07, 1.76190042112e-07, 1.31389441549e-07, 1.47718779431e-07, 1.79776719733e-07, 4.82666280277e-08, 1.17864082938e-08, 1.53778909606e-08, 4.33256204246e-08, 5.95573474982e-08, 6.12851902559e-09, 3.99915034421e-09, 3.01914870882e-09, 8.86708595438e-10, 5.83555093137e-10, 1.10496090056e-09, 1.12173470512e-09, 9.71320107679e-11, 4.24380738884e-11, 1.50827766943e-10, 6.72439603999e-11, 6.39247899406e-12, 3.31610086612e-12, 1.26788922243e-12, 1.21885075817e-12, 8.53290907984e-13, 6.42023164233e-13, 3.17306619348e-13, 2.88357716611e-13, 2.9479741673e-13, 2.34757498814e-13, 1.31448007318e-13], "var": [6.4815324663e-08, 1.30519751451e-07, 4.05749545962e-07, 1.21495304484e-07, 1.40677371974e-07, 6.23339701633e-07, 1.87480304703e-06, 8.27435030715e-07, 2.08207907804e-07, 3.01181700024e-07, 2.58478024762e-07, 3.52429651684e-07, 2.6649109941e-07, 3.46268045348e-08, 1.30809061361e-08, 1.61282436295e-08, 4.33626254903e-08, 7.68782797422e-08, 4.58267157555e-09, 2.79477596621e-09, 2.37416619697e-09, 5.7080906668e-10, 4.11769951469e-10, 1.32845701106e-09, 1.62223245948e-09, 1.48219575502e-10, 6.83369194565e-11, 2.50479942343e-10, 8.84569362203e-11, 4.69813250803e-12, 3.0280803906e-12, 1.30333038199e-12, 1.43092482308e-12, 9.15948089944e-13, 7.43168059644e-13, 4.0287930869e-13, 3.44617590757e-13, 3.65706868e-13, 2.98989213379e-13, 1.45436980059e-13], "min": [7.82890756586e-25, 1.10810019318e-24, 1.51949085943e-24, 1.08529708403e-24, 9.4170921371e-25, 3.26252971383e-24, 2.5355675684e-24, 1.73373502888e-24, 3.4599944174e-24, 2.11254919101e-24, 2.0996550623e-24, 1.63724156296e-24, 2.19438700183e-24, 2.74461018626e-24, 2.2428035371e-24, 2.92226343705e-24, 1.9516740256e-24, 4.20214805171e-24, 4.29833465075e-24, 3.85131005272e-24, 3.49082191828e-24, 4.24660983005e-24, 2.82341186866e-24, 2.82365937377e-24, 4.48479770291e-24, 5.43769197818e-24, 4.09584549486e-24, 5.18904735959e-24, 4.18990571932e-24, 5.57061780173e-24, 3.17991408616e-24, 2.68466543493e-24, 4.60201178381e-24, 5.22140564506e-24, 5.77299099506e-24, 6.29289056351e-24, 6.25977576043e-24, 5.74549919251e-24, 6.62395458061e-24, 6.2075350247e-24], "dmean": [6.32814480923e-05, 0.000112685884233, 0.000140484698932, 8.76100821188e-05, 0.000106495637738, 0.000220514790271, 0.000246836832957, 0.000112192989036, 7.37016598578e-05, 0.00010120053048, 8.65318361321e-05, 8.7586529844e-05, 6.85592385707e-05, 2.63886613538e-05, 2.26487536565e-05, 2.55645354628e-05, 3.58750548912e-05, 4.60760747956e-05, 1.26690720208e-05, 9.62495596468e-06, 7.45292982174e-06, 5.02099828736e-06, 4.73624913866e-06, 8.52511402627e-06, 7.23246239431e-06, 2.16486409954e-06, 1.82140706784e-06, 2.89463491754e-06, 1.63846107171e-06, 4.32617184742e-07, 3.14797318879e-07, 2.22659210181e-07, 2.24192206133e-07, 2.07900470173e-07, 1.92215907191e-07, 1.48717560933e-07, 1.56309369004e-07, 1.56516421157e-07, 1.23659575024e-07, 7.81992497423e-08], "mean": [0.00010153738549, 0.000177004258148, 0.000181408046046, 0.000148468461703, 0.000216816290049, 0.000431574357208, 0.000495086424053, 0.000229787430726, 0.000128217463498, 0.00019648153102, 0.000172133994056, 0.000183683412615, 0.000116846764286, 4.12506014982e-05, 3.83563201467e-05, 4.10411594203e-05, 5.32764242962e-05, 7.1099937486e-05, 1.91421422642e-05, 1.43145061884e-05, 1.17400859381e-05, 8.19982869871e-06, 7.79414131102e-06, 1.40688971442e-05, 1.23157733469e-05, 4.31391981692e-06, 3.66878020941e-06, 5.65993286727e-06, 2.84963289232e-06, 6.4830288693e-07, 4.43476835699e-07, 3.3097950336e-07, 3.46672038631e-07