{"tonal": {"thpcp": [1, 0.747127890587, 0.353652328253, 0.214775025845, 0.171821892262, 0.124236181378, 0.110477775335, 0.119413807988, 0.213311627507, 0.438423782587, 0.411033779383, 0.166348427534, 0.087377987802, 0.13744994998, 0.329680413008, 0.587720155716, 0.510350227356, 0.216500714421, 0.0921472236514, 0.070278801024, 0.110820673406, 0.246346145868, 0.27378949523, 0.241198539734, 0.29122081399, 0.213380411267, 0.098195746541, 0.070062071085, 0.0604356750846, 0.142894551158, 0.345046162605, 0.367002606392, 0.248665347695, 0.203647822142, 0.245293810964, 0.646509885788], "hpcp": {"dmean2": [0.446367710829, 0.400799691677, 0.308712542057, 0.19659692049, 0.1476932019, 0.120745919645, 0.105435192585, 0.114479415119, 0.145231902599, 0.190914317966, 0.197074845433, 0.126809671521, 0.0911783128977, 0.12363883853, 0.190678656101, 0.223151251674, 0.223213165998, 0.158359497786, 0.100491240621, 0.0732208043337, 0.0904052555561, 0.13761292398, 0.145577415824, 0.153089061379, 0.183382317424, 0.134969770908, 0.0876316204667, 0.067465044558, 0.0589349940419, 0.101819902658, 0.1898034513, 0.216256380081, 0.19497808814, 0.187711641192, 0.251778572798, 0.405841737986], "median": [0.255990982056, 0.18141464889, 0.0340747535229, 0.00950675271451, 0.00586368329823, 0.00514596467838, 0.00555687397718, 0.00658230017871, 0.014093099162, 0.0317538976669, 0.0337949879467, 0.0139959622175, 0.00352576351725, 0.00639792717993, 0.0261275339872, 0.0648188441992, 0.0601448938251, 0.0178536735475, 0.00306363473646, 0.00208231434226, 0.00697897328064, 0.0248271860182, 0.0313150063157, 0.0265769436955, 0.013112610206, 0.0131739070639, 0.00669122766703, 0.00373827852309, 0.00272662285715, 0.0108944755048, 0.0272885840386, 0.0337458960712, 0.0127200167626, 0.00451241247356, 0.0157258044928, 0.116213187575], "min": [0, 0, 0, 0, 0, 0, 0, 0, 0, 0, 0, 0, 0, 0, 0, 0, 0, 0, 0, 0, 0, 0, 0, 0, 0, 0, 0, 0, 0, 0, 0, 0, 0, 0, 0, 0], "dvar2": [0.198682144284, 0.176853090525, 0.174524202943, 0.119938887656, 0.0907568410039, 0.0742685124278, 0.065082795918, 0.0711647197604, 0.0752284899354, 0.0886845216155, 0.0940239131451, 0.0584889426827, 0.0563210137188, 0.0681487694383, 0.0935509055853, 0.0938059315085, 0.091792345047, 0.0764466226101, 0.0624844804406, 0.0423336066306, 0.0450253635645, 0.0581879392266, 0.0572513267398, 0.0540466830134, 0.103988923132, 0.0522957034409, 0.041735984385, 0.0367554463446, 0.0274331849068, 0.0364590995014, 0.0888398885727, 0.0997404903173, 0.111703507602, 0.121353149414, 0.146935239434, 0.18023994565], "dvar": [0.087224714458, 0.068987108767, 0.0625904947519, 0.0425194166601, 0.0321750752628, 0.0260140988976, 0.0232431236655, 0.0256753489375, 0.0282824467868, 0.0378155373037, 0.0377392247319, 0.0213264673948, 0.0201538614929, 0.0259499866515, 0.0405933074653, 0.0451735630631, 0.0411193706095, 0.0290572457016, 0.0224175490439, 0.0152709819376, 0.0164531562477, 0.0231663361192, 0.0236578267068, 0.0220499876887, 0.0475963838398, 0.0218176096678, 0.015063921921, 0.0131890224293, 0.0100579001009, 0.0140927908942, 0.038399938494, 0.0405686683953, 0.0473760403693, 0.0482420474291, 0.0552463307977, 0.0742424204946], "dmean": [0.257215797901, 0.230755403638, 0.171818420291, 0.107213772833, 0.0808808207512, 0.0653322339058, 0.0573834478855, 0.062428522855, 0.0827329456806, 0.113043352962, 0.116414017975, 0.0719928815961, 0.0493231229484, 0.0695042610168, 0.115279078484, 0.137953713536, 0.136446282268, 0.0915152579546, 0.0542902946472, 0.0397776067257, 0.0509095974267, 0.0830123499036, 0.0884414315224, 0.0886637195945, 0.105126842856, 0.0773635134101, 0.0487279780209, 0.0369017906487, 0.0325330160558, 0.0592742078006, 0.113504052162, 0.127228304744, 0.112926997244, 0.106285907328, 0.138670250773, 0.234015882015], "max": [1, 1, 1, 1, 1, 1, 1, 1, 1, 1, 1, 1, 1, 1, 1, 1, 1, 1, 1, 1, 1, 1, 1, 1, 1, 1, 1, 1, 1, 1, 1, 1, 1, 1, 1, 1], "var": [0.157667070627, 0.107895977795, 0.0587213598192, 0.0382155478001, 0.0307191461325, 0.0191568210721, 0.0180815476924, 0.0190509911627, 0.0328579768538, 0.0907431170344, 0.0765335783362, 0.0192129649222, 0.0144504318014, 0.0223826766014, 0.0571365244687, 0.112522691488, 0.0891985446215, 0.0279224328697, 0.0147067178041, 0.0106924353167, 0.0145397027954, 0.0353265553713, 0.0404202342033, 0.0268701910973, 0.0669491738081, 0.0297468565404, 0.0118679013103, 0.00972869154066, 0.00804156064987, 0.015798041597, 0.0637165084481, 0.0628429576755, 0.0496019311249, 0.0444393791258, 0.0425167307258, 0.0991095677018], "mean": [0.41773223877, 0.312099397182, 0.147731974721, 0.0897184535861, 0.0717755407095, 0.0518974587321, 0.0461501292884, 0.0498829968274, 0.0891071408987, 0.183143749833, 0.171702057123, 0.0694890990853, 0.0365006029606, 0.0574172772467, 0.137718141079, 0.245509654284, 0.213189736009, 0.0904393270612, 0.0384928658605, 0.0293577220291, 0.0462933667004, 0.102906726301, 0.114370703697, 0.100756406784, 0.121652327478, 0.0891358777881, 0.0410195291042, 0.029267186299, 0.0252459291369, 0.0596916638315, 0.14413690567, 0.153308823705, 0.103875532746, 0.0850702598691, 0.102467134595, 0.270068019629]}, "tuning_equal_tempered_deviation": 0.144610583782, "chords_changes_rate": 0.0431696102023, "key_key": "D", "tuning_diatonic_strength": 0.588141620159, "key_scale": "minor", "chords_number_rate": 0.000575594778638, "tuning_frequency": 434.193115234, "tuning_nontempered_energy_ratio": 0.854632377625, "chords_histogram": [27.5805835724, 21.1627006531, 29.7582492828, 11.9052190781, 0, 0.690713763237, 0, 0.777052938938, 0.00959324650466, 0.527628540993, 0.26861089468, 0, 0, 0, 0.68112051487, 0.872985422611, 0, 0, 0.211051419377, 0, 0.374136596918, 0, 2.36953186989, 2.81082129478], "key_strength": 0.739212632179, "chords_key": "A", "chords_strength": {"dmean2": 0.00924010854214, "median": 0.589347839355, "min": 0.279371619225, "dvar2": 6.62485108478e-05, "dvar": 5.37403939234e-05, "dmean": 0.00857703760266, "max": 0.851983487606, "var": 0.0100180916488, "mean": 0.59062820673}, "chords_scale": "minor", "hpcp_entropy": {"dmean2": 1.1460262537, "median": 1.97584104538, "min": 0, "dvar2": 0.840616226196, "dvar": 0.317579835653, "dmean": 0.681351184845, "max": 4.66444826126, "var": 0.561401128769, "mean": 1.97843825817}}, "metadata": {"audio_properties": {"equal_loudness": 0, "codec": "mp3", "downmix": "mix", "sample_rate": 44100, "analysis_sample_rate": 44100, "bit_rate": 320017, "md5_encoded": "3e333b74eeaa43c2fe8adcd3a6f07ae9", "length": 484.022857666, "replay_gain": -9.70034408569, "lossless": false}, "version": {"essentia_build_sha": "70f2e5ece6736b2c40cc944ad0e695b16b925413", "essentia": "2.1-beta2", "extractor": "music 1.0", "essentia_git_sha": "v2.1_beta2"}, "tags": {"title": ["Deep in My Soul (original mix)"], "language": ["eng"], "media": ["Digital Media"], "albumartist": ["16 Bit Lolitas"], "musicbrainz_releasegroupid": ["6eab02a8-a619-4bad-acd6-3d98337af08a"], "musicbrainz_recordingid": ["1227f952-0332-4a17-8da8-0cd0f4ae2465"], "musicbrainz_albumartistid": ["a7fcbfe0-19dd-41fa-9689-508f4b57768d"], "discnumber": ["1/1"], "bpm": ["0"], "catalognumber": ["ANJDEE202D"], "musicbrainz album release country": ["XW"], "musicbrainz album type": ["ep"], "musicbrainz album status": ["Official"], "file_name": "01. 16 Bit Lolitas - Deep in My Soul (original mix).mp3", "originaldate": ["2014-09-01"], "acoustid_fingerprint": ["AQADtNEiKUmUSFKEroFfPPBriM-G9_CJFxd8BT5HvDgM8RH6Q1sD8cUDq4WoZngJO6Fw2BIO_8SLBz7E5-iHPrBaPPBr-NmgH7aIFxf8wV9GvDgMPzp69BBl4vBriM-Ol4MtAraEwz_x4oEP8UG_Q3sgqsUDvxCfjfhhi3hxwRf8E8cJH-KD_uga-MUDvxCf4eVgJ8RhC4cfE8dD-BCfox_6wGrxwK8hPsNH2CJeXDD8iMRxwhAfHT36wC8eWK2hZ_B5WBQBWyIO_8RxwhAf9Dv6wGrxwC_EZ8dH2CJeXDD8iMRxCYb4oD_6wC8eWC2eQVQJOyF-2BLgx8TxED7EB_2OPrBaPPAL8dnxw04oHBd8-FGOEycM8RH6ozN8PPBrfBB_WBRxXPDhx8TxED7EB_2OPrBaPPALPzt0wk4WHBcMP8pxDicMP4J-6BCPB35xD6IOW8ThC8djwscJww_0HXogqsUDvxCfjTjsZMFx2MSzET5xwhAfoT_6DD7xLPCJe4GowxYBn8IpPCZ8nBDhB99xWMcDv4a-wT_sZAFOET6eDX6Oh_Dh7zhOiJdw-DWewT9EawEuCr7xKINPPAt-PDsunPDxwD_uRfBxJothnLANP8rw45EgHv6C7ke_C75xLxBPww9x2KIQXER6Bc8OP3iUQDz8LB6Oh7CgL_B5PAueZ3iJE7Zw6BEJ8XgW-IPPbMNxwtCzwD_eLLAO0T1OHCf8fDCeBT58GscVWMezwMezHHaOl0F6wJaQx4TxSNDxEO8mfIdVGs-C99AZfMebwT9O2MYj-N9wQvxxGj6eBdahL_B5PAt-2CEsEz98PDv84Flw6AuOS_DxDP7xZoEPkQo_XCR-XBL8DP7xECJ--LggHm8W-HgW-A_yMPBzvIUt4soIn8hD3BB_-Lhy-MaXCSeeBfqHhxHh44SNK4F_4gzE4zCuDobsBT7xLDh8BnaCM4VPfIdPfIKtHTpsEfDx7PCX4Dt0nMfF4YSNL_CPLzHED4cvGfDxHIaeBVaPMwz8IC9s4YvhH_kSfIfoErbo4Yc74bzhP9AXycgZUK0Ob_pQL0pR8miOR-HROE8QilQKLSMx7XiC-nCTI3_Q08hrCvoOM7GRS8FpormK3phJI1cUMB8NdzNOBuehT8HlQcuDgNVOtDu6MHvxo2_QVBnyQ0f-o7k8ZFkflD9OwmfQl9B_hD583EdvvAjTTUVPQ0cjaajfaPiNH43-IgufZniPKaGPOi6FHv7Q_siZQ0uPa02DlPEQLtTRPwgTJx12_MlxXfjxC3eMPsdx8sN_NCeiZySh7_iFZoeiXcS1o2EUhjgP_oIWHxeDPkfzBzeeBH2iBn4r9PmOM_g2_EGHD36gvcSP8HB93DjaOOjLIB2Js5DNoqGUNcKP_ELzHeXTZHhWHo1yMHczfDNCNIf0HGEmHX2D_kiZQ1vIVMHnBD1eNE2yFO8Onod-WNEy48jRzGh_PC9y6ZDyw8fDC5_C4kfGe0i5E_ehWNFj_EceZoe_odqPL1mO3Meno9YDLT_GpMR3nDo0OergH_8QLUwYx_jmwTpGkSgpStgd5ImU44HmYUqe47mMTz_Oo_olhPkR87vQhwmxaVuhwxGPE76MX3DaVOhm4-i5wRkl9DkutXg-nKGJEOba4-uOZwhF55h-6F14nCR0PoJ34Q3yhbCU6UfOB79S-NCsXCiXw4xTHM0TBQ29o5SkDNeO6xH84ypxDUcTJzl6GeOhUeKRR0uD57hpfEbJqXil48qJ0DoUJX4k_MU1XQjJFX6OuyK8GzmPfctEyCx-5EaDfGhDwZJCfDv8KygJ3ScaH7Xj4zkOMzuhKzleNE-Jvj72WcjbI8sUDY1znCRqGz4hHpn-IC_xHGK346eDnOqIvniPRzyu_Ag_NPEhpzzoXqhUXfCR_Qv-Iw1FXIvx6NBk9BKaK8dzXEd4NH3wfMePMr2Q5i9-qDweOsembUFxy9B4ND2eCFUbNPqGfWj4IxS1SygJfwj_Is-H67iao2R-HA7FIBzL4yJzPOsQvkFzGv9x6UOfoHlmGfl06ESYKksxUUlm_EF_NNeGR8cj_ciXS9BS5eihfjHW_GhZOHIm_MexRRJ_KI-WIlWO0aRwoXyOi3iSHKGHJh-UNgtuHdV8-ImH00gj3YjeCteyMPih5T-O72ieoraKK4b26UEjag9u4mhOo6c83NDjCVOUoRYf5OLRrETPTeCVC_nyoXGDM4c5Cn1eaCn6I_w-ZPrxKcdD6BIDPwiPPzglPMeHtMcXXOQhZSqo73jiBVBWH3mSpSh5dA8c6-gTXNKFR0eYUJgO2VGOP0eTTQfAAFBACCUAc0AgwARzADAGgBGCAQCBUAIwB4QgDAAgHACMASCEYABQIJQAgDkDBAIMAMEkYAwAIwQDgAoFmANCCMAQAA4A5oAQggEAqFCAOSCQAIwxABgDQAjBAAAUCOUAYA4IpBhwCGhlAGMACCEYAMAKBQBzACGlGBBEC8WAA0ggBoAYjgEHBBKAAUGEYsABJpxhQAEkFDOAIQGsEwwwgJRiiDHBgHSKASSAcIAChoQRBCABAFqKAcMAYEwBwBQQjiLEAHAOISAYcE4BwJCwjjDECBBCMcyYI0wY5IASxjEgnEEOMKIAYAwpIhgwTCzuFENAACAsUQAB5ph1XCAGAAJAOKC4YNYZ5BhDSAnnAGDCOcAYEMIBwAAUDABnEAPKOeCYoEIwgIAAygGgnAHIAQAFJABjI4wAiwEiBCKCGQYAJJBARAxgRgiuCFDEAEMAEQAAJIyyAgEinCJCOAIIAUIoBRAhjgDBhLPMIQDBIUwYZQQDEhLACAIKI0GIQBIAIAQBjjhEKGBAUEKIMFIQYYAASBkHGEDaCUQMAUIoAwAjQgFHFRBEECWMQYAA4IAwyAiiDDDGEkEMMcg5YRQQAhgBiAMAQAEAdpAiJgZRREkCCGBICEAYEU4JIAQCAhHEAFMKESCAIEIoYoQC0ADCDCJEICGYVEAwaTASwBCDgEDSAMOAAEgAowQFCCAKABCCKMMIABYBAQgRxCAljAGGAOIAA0AQoABgiioAjAZFAwCIMAoSZggBSADGDCACEIMAIcAwggCTBgAhjABCQAIYAIIyABhhlCAHiCNCQSAEXBIJAQAjAFAEABHAKEQMYMoRoARSCgAEDDGCQAcAIAwYQQQihDACCAAK"], "date": ["2014-09-01"], "genre": ["Progressive House, House, Electronic"], "album": ["Deep in My Soul EP"], "musicbrainz_artistid": ["a7fcbfe0-19dd-41fa-9689-508f4b57768d"], "asin": ["B00N9CR0UY"], "musicbrainz_albumid": ["af057656-5e92-44d7-8499-f446ce3ccdcd"], "artist": ["16 Bit Lolitas"], "artistsort": ["16 Bit Lolitas"], "tracknumber": ["1/3"], "label": ["Anjunadeep"], "albumartistsort": ["16 Bit Lolitas"], "acoustid_id": ["29e2a39e-f835-4f2e-860d-b75367201df1"], "script": ["Latn"]}}, "rhythm": {"bpm_histogram_first_peak_bpm": {"dmean2": 0, "median": 120, "min": 120, "dvar2": 0, "dvar": 0, "dmean": 0, "max": 120, "var": 0, "mean": 120}, "bpm": 120.981338501, "bpm_histogram_second_peak_spread": {"dmean2": 0, "median": 0.402597367764, "min": 0.402597367764, "dvar2": 0, "dvar": 0, "dmean": 0, "max": 0.402597367764, "var": 0, "mean": 0.402597367764}, "bpm_histogram_first_peak_weight": {"dmean2": 0, "median": 0.529175043106, "min": 0.529175043106, "dvar2": 0, "dvar": 0, "dmean": 0, "max": 0.529175043106, "var": 0, "mean": 0.529175043106}, "onset_rate": 4.45208215714, "beats_position": [0.510838985443, 1.01006805897, 1.50929701328, 2.00852608681, 2.50775504112, 3.00698399544, 3.50621318817, 3.99383211136, 4.49306106567, 4.99229001999, 5.47990942001, 5.97913837433, 6.47836732864, 6.96598625183, 7.47682523727, 7.96444416046, 8.45206356049, 8.95129203796, 9.45052146912, 9.94974994659, 10.4489793777, 10.9365987778, 11.4358272552, 11.9350566864, 12.4226751328, 12.9219045639, 13.4211339951, 13.9087524414, 14.4079818726, 14.90721035, 15.3948297501, 15.8940582275, 16.3932876587, 16.8809070587, 17.391746521, 17.8793640137, 18.3785934448, 18.877822876, 19.365442276, 19.8646717072, 20.363899231, 20.851518631, 21.3507480621, 21.8499774933, 22.3375968933, 22.8368244171, 23.3360538483, 23.8352832794, 24.3345127106, 24.8221302032, 25.3213596344, 25.8205890656, 26.3082084656, 26.8074378967, 27.3066654205, 27.7942848206, 28.2935142517, 28.7927436829, 29.2803630829, 29.7795906067, 30.2788200378, 30.7664394379, 31.2772789001, 31.7648983002, 32.264125824, 32.7633552551, 33.2509727478, 33.750202179, 34.2494316101, 34.7370529175, 35.2362823486, 35.7355079651, 36.2231292725, 36.7223587036, 37.2215881348, 37.7092056274, 38.2084350586, 38.7076644897, 39.1952819824, 39.6945114136, 40.1937408447, 40.6929702759, 41.192199707, 41.6798171997, 42.1790466309, 42.678276062, 43.1658935547, 43.6651229858, 44.164352417, 44.6519737244, 45.1511993408, 45.650428772, 46.1380500793, 46.6372795105, 47.1365089417, 47.6357345581, 48.1349639893, 48.6225852966, 49.1218147278, 49.6210403442, 50.1086616516, 50.6078910828, 51.1071205139, 51.5947380066, 52.0939674377, 52.5931968689, 53.0808143616, 53.5800437927, 54.0792732239, 54.5668907166, 55.0661201477, 55.5653495789, 56.06457901, 56.5638084412, 57.0514259338, 57.550655365, 58.0498847961, 58.5375061035, 59.03673172, 59.5359611511, 60.0235824585, 60.5228118896, 61.0220413208, 61.5096588135, 62.0204963684, 62.5081176758, 62.9957351685, 63.4949645996, 63.9941940308, 64.4818115234, 64.9810409546, 65.4802703857, 65.9794998169, 66.478729248, 66.9663467407, 67.4655761719, 67.964805603, 68.4524230957, 68.9516525269, 69.450881958, 69.9384994507, 70.4377288818, 70.936958313, 71.4361877441, 71.9354171753, 72.423034668, 72.9222640991, 73.4214935303, 73.9091110229, 74.4083404541, 74.9075698853, 75.3951950073, 75.8944168091, 76.3936462402, 76.8812713623, 77.3805007935, 77.8797302246, 78.3673477173, 78.8665771484, 79.3658065796, 79.8534240723, 80.3526535034, 80.8518829346, 81.3511123657, 81.8503417969, 82.3379592896, 82.8371887207, 83.3364181519, 83.8240356445, 84.3232650757, 84.8224945068, 85.3101119995, 85.8093414307, 86.3085708618, 86.7961883545, 87.2954177856, 87.7946472168, 88.2938766479, 88.7931060791, 89.2807235718, 89.7799530029, 90.2791824341, 90.7667999268, 91.2660293579, 91.7652587891, 92.2528762817, 92.7521057129, 93.251335144, 93.7389526367, 94.2381820679, 94.737411499, 95.2366409302, 95.7358703613, 96.223487854, 96.7227172852, 97.2219467163, 97.709564209, 98.2087936401, 98.7080230713, 99.1956481934, 99.6948699951, 100.194099426, 100.681724548, 101.180953979, 101.680175781, 102.167800903, 102.667030334, 103.166259766, 103.665489197, 104.164710999, 104.652336121, 105.151565552, 105.650794983, 106.150024414, 106.649246216, 107.136871338, 107.624488831, 108.123718262, 108.622947693, 109.122177124, 109.621406555, 110.109024048, 110.608253479, 111.10748291, 111.595100403, 112.094329834, 112.593559265, 113.081176758, 113.580406189, 114.07963562, 114.578865051, 115.078094482, 115.565711975, 116.053329468, 116.552558899, 117.05178833, 117.551017761, 118.050247192, 118.537864685, 119.037094116, 119.536323547, 120.02394104, 120.523170471, 121.022399902, 121.510017395, 122.009246826, 122.508476257, 123.007705688, 123.50693512, 123.994552612, 124.493782043, 124.993011475, 125.480628967, 125.979858398, 126.47908783, 126.966712952, 127.465942383, 127.965164185, 128.452789307, 128.952011108, 129.451248169, 129.950469971, 130.449707031, 130.937316895, 131.424942017, 131.924163818, 132.423400879, 132.922622681, 133.421859741, 133.909469604, 134.408706665, 134.907928467, 135.395553589, 135.894775391, 136.394012451, 136.881637573, 137.380859375, 137.880081177, 138.379318237, 138.878540039, 139.366165161, 139.865386963, 140.364624023, 140.852249146, 141.351470947, 141.850692749, 142.338317871, 142.837554932, 143.336776733, 143.824401855, 144.335235596, 144.822860718, 145.32208252, 145.82131958, 146.308929443, 146.808166504, 147.307388306, 147.795013428, 148.294235229, 148.79347229, 149.281082153, 149.780319214, 150.279541016, 150.767166138, 151.266387939, 151.765625, 152.264846802, 152.764083862, 153.251693726, 153.750930786, 154.250152588, 154.73777771, 155.225387573, 155.724624634, 156.223846436, 156.723083496, 157.222305298, 157.70993042, 158.209152222, 158.708389282, 159.195999146, 159.695236206, 160.194458008, 160.693695068, 161.19291687, 161.680541992, 162.179763794, 162.679000854, 163.166610718, 163.665847778, 164.16506958, 164.652694702, 165.151931763, 165.651153564, 166.150375366, 166.649612427, 167.137237549, 167.624847412, 168.135681152, 168.623306274, 169.122543335, 169.621765137, 170.109390259, 170.608612061, 171.107849121, 171.595458984, 172.094696045, 172.593917847, 173.081542969, 173.580764771, 174.080001831, 174.567611694, 175.078460693, 175.566070557, 176.065307617, 176.564529419, 177.052154541, 177.551376343, 178.050613403, 178.538223267, 179.037460327, 179.536682129, 180.024307251, 180.523529053, 181.022766113, 181.510375977, 182.021224976, 182.508834839, 183.008071899, 183.507293701, 183.994918823, 184.494140625, 184.993377686, 185.480987549, 185.980224609, 186.479446411, 186.967071533, 187.466293335, 187.965530396, 188.453155518, 188.963989258, 189.451599121, 189.939224243, 190.438461304, 190.937683105, 191.425308228, 191.924530029, 192.42376709, 192.911376953, 193.410614014, 193.909835815, 194.409072876, 194.908294678, 195.3959198, 195.90675354, 196.394378662, 196.881988525, 197.381225586, 197.880447388, 198.36807251, 198.87890625, 199.366531372, 199.865753174, 200.364990234, 200.852600098, 201.351837158, 201.85105896, 202.338684082, 202.849517822, 203.337142944, 203.824752808, 204.323989868, 204.82321167, 205.310836792, 205.821670532, 206.309295654, 206.796905518, 207.296142578, 207.79536438, 208.29460144, 208.793823242, 209.281448364, 209.792282104, 210.279907227, 210.76751709, 211.26675415, 211.765975952, 212.253601074, 212.764434814, 213.252059937, 213.751281738, 214.250518799, 214.738143921, 215.237365723, 215.736587524, 216.224212646, 216.723449707, 217.222671509, 217.710296631, 218.209518433, 218.708755493, 219.196365356, 219.707214355, 220.194824219, 220.682449341, 221.181671143, 221.680908203, 222.168518066, 222.679367065, 223.166976929, 223.666213989, 224.165435791, 224.653060913, 225.152282715, 225.651519775, 226.139129639, 226.649978638, 227.137588501, 227.625213623, 228.124435425, 228.623672485, 229.111282349, 229.622131348, 230.109741211, 230.608978271, 231.108200073, 231.595825195, 232.095046997, 232.594284058, 233.081893921, 233.59274292, 234.080352783, 234.567977905, 235.067199707, 235.566436768, 236.05406189, 236.56489563, 237.052505493, 237.551742554, 238.050964355, 238.538589478, 239.037811279, 239.53704834, 240.024673462, 240.523895264, 241.023132324, 241.510742188, 242.009979248, 242.50920105, 242.996826172, 243.507659912, 243.995285034, 244.494506836, 244.993743896, 245.48135376, 245.98059082, 246.479812622, 246.967437744, 247.466659546, 247.965896606, 248.45350647, 248.95274353, 249.451965332, 249.939590454, 250.450424194, 250.938049316, 251.437271118, 251.936508179, 252.424118042, 252.923355103, 253.422576904, 253.933425903, 254.432647705, 254.955093384, 255.477539062, 255.883895874, 256.267028809, 256.650146484, 257.02166748, 257.393188477, 257.764709473, 258.136230469, 258.507751465, 258.879272461, 259.250793457, 259.622314453, 259.993835449, 260.365356445, 260.748474121, 261.131591797, 261.52633667, 261.921081543, 262.327423096, 262.710571289, 263.082092285, 263.453613281, 263.825134277, 264.208251953, 264.579772949, 264.951293945, 265.311187744, 265.68270874, 266.054229736, 266.425750732, 266.797271729, 267.180389404, 267.5519104, 267.935058594, 268.30657959, 268.689697266, 269.061218262, 269.455963135, 269.862304688, 270.26864624, 270.651794434, 271.02331543, 271.394836426, 271.766357422, 272.137878418, 272.509368896, 272.880889893, 273.252410889, 273.623931885, 273.995452881, 274.366973877, 274.738494873, 275.121612549, 275.493133545, 275.876281738, 276.259399414, 276.642547607, 277.037261963, 277.420410156, 277.803527832, 278.198272705, 278.581390381, 278.964538574, 279.33605957, 279.707580566, 280.079101562, 280.450592041, 280.822113037, 281.193634033, 281.565155029, 281.936676025, 282.308197021, 282.679718018, 283.051239014, 283.42276001, 283.93359375, 284.432830811, 284.932067871, 285.419677734, 285.907287598, 286.394927979, 286.894134521, 287.393371582, 287.880981445, 288.380218506, 288.879455566, 289.378692627, 289.87789917, 290.37713623, 290.876373291, 291.363983154, 291.863220215, 292.350830078, 292.850067139, 293.337677002, 293.825286865, 294.324523926, 294.823760986, 295.322998047, 295.82220459, 296.309844971, 296.809051514, 297.308288574, 297.807525635, 298.306762695, 298.805969238, 299.305206299, 299.804443359, 300.30368042, 300.791290283, 301.290527344, 301.778137207, 302.277374268, 302.764984131, 303.264221191, 303.763427734, 304.251068115, 304.750274658, 305.249511719, 305.7371521, 306.236358643, 306.735595703, 307.223205566, 307.734039307, 308.233276367, 308.732513428, 309.220123291, 309.707763672, 310.206970215, 310.694610596, 311.193817139, 311.693054199, 312.19229126, 312.703125, 313.21395874, 313.736419678, 314.258850098, 314.769714355, 315.280548096, 315.791381836, 316.302215576, 316.836273193, 317.370330811, 317.881164551, 318.380401611, 318.879638672, 319.367248535, 319.866485596, 320.365722656, 320.864929199, 321.36416626, 321.851776123, 322.339416504, 322.838623047, 323.337860107, 323.837097168, 324.336334229, 324.823944092, 325.323181152, 325.822387695, 326.321624756, 326.820861816, 327.30847168, 327.80770874, 328.306945801, 328.794555664, 329.293792725, 329.792999268, 330.280639648, 330.779846191, 331.279083252, 331.766693115, 332.254333496, 332.753540039, 333.2527771, 333.75201416, 334.251251221, 334.738861084, 335.238098145, 335.737304688, 336.224945068, 336.735778809, 337.223388672, 337.711029053, 338.210235596, 338.709472656, 339.19708252, 339.70791626, 340.195556641, 340.694763184, 341.194000244, 341.681640625, 342.180847168, 342.680084229, 343.167694092, 343.666931152, 344.166168213, 344.653778076, 345.153015137, 345.652252197, 346.139862061, 346.650695801, 347.138305664, 347.625946045, 348.136779785, 348.624389648, 349.111999512, 349.62286377, 350.110473633, 350.609710693, 351.108917236, 351.596557617, 352.09576416, 352.595001221, 353.082611084, 353.593475342, 354.081085205, 354.568695068, 355.079528809, 355.567169189, 356.054779053, 356.565612793, 357.053222656, 357.552459717, 358.051696777, 358.539306641, 359.038543701, 359.537780762, 360.025390625, 360.524627686, 361.023834229, 361.511474609, 362.010681152, 362.509918213, 362.997558594, 363.508392334, 363.996002197, 364.495239258, 364.994445801, 365.482086182, 365.981323242, 366.480529785, 366.968170166, 367.467376709, 367.96661377, 368.454223633, 368.953460693, 369.452697754, 369.940307617, 370.451141357, 370.938781738, 371.426391602, 371.925628662, 372.424835205, 372.924072266, 373.423309326, 373.910919189, 374.41015625, 374.909393311, 375.397003174, 375.896240234, 376.395446777, 376.883087158, 377.393920898, 377.881530762, 378.369140625, 378.868377686, 379.367614746, 379.855224609, 380.36605835, 380.85369873, 381.352905273, 381.852142334, 382.339752197, 382.838989258, 383.338226318, 383.825836182, 384.336669922, 384.824310303, 385.311920166, 385.811157227, 386.31036377, 386.79800415, 387.308837891, 387.796447754, 388.295684814, 388.794921875, 389.282531738, 389.781768799, 390.280975342, 390.768615723, 391.267852783, 391.767059326, 392.254699707, 392.75390625, 393.253143311, 393.740753174, 394.251617432, 394.739227295, 395.238464355, 395.737670898, 396.225311279, 396.724517822, 397.223754883, 397.711364746, 398.222229004, 398.709838867, 399.19744873, 399.696685791, 400.195922852, 400.683532715, 401.194366455, 401.681976318, 402.181213379, 402.680450439, 403.168060303, 403.667297363, 404.166534424, 404.654144287, 405.153381348, 405.652587891, 406.140228271, 406.639434814, 407.138671875, 407.626281738, 408.137145996, 408.624755859, 409.112365723, 409.611602783, 410.110839844, 410.610046387, 411.109283447, 411.596893311, 412.096130371, 412.595367432, 413.082977295, 413.582214355, 414.081451416, 414.569061279, 415.07989502, 415.5675354, 416.055145264, 416.554382324, 417.053588867, 417.541229248, 418.052062988, 418.539672852, 419.038909912, 419.538146973, 420.025756836, 420.524993896, 421.024200439, 421.51184082, 422.022674561, 422.510284424, 422.997894287, 423.497131348, 423.996368408, 424.483978271, 424.994812012, 425.482452393, 425.981658936, 426.480895996, 426.968505859, 427.46774292, 427.96697998, 428.454589844, 428.965423584, 429.453063965, 429.940673828, 430.439910889, 430.939117432, 431.426757812, 431.937591553, 432.425201416, 432.924438477, 433.423675537, 433.9112854, 434.410522461, 434.909729004, 435.397369385, 435.908203125, 436.395812988, 436.883453369, 437.382659912, 437.881896973, 438.369506836, 438.880340576, 439.367980957, 439.85559082, 440.354827881, 440.854064941, 441.353271484, 441.852508545, 442.340118408, 442.839355469, 443.338592529, 443.826202393, 444.325439453, 444.824676514, 445.312286377, 445.823120117, 446.31072998, 446.798370361, 447.297576904, 447.796813965, 448.284423828, 448.795288086, 449.282897949, 449.78213501, 450.281341553, 450.768981934, 451.268188477, 451.767425537, 452.2550354, 452.754272461, 453.253509521, 453.741119385, 454.240356445, 454.739593506, 455.238800049, 455.738037109, 456.225646973, 456.724884033, 457.224121094, 457.711730957, 458.210968018, 458.710205078, 459.197814941, 459.697052002, 460.196258545, 460.683898926, 461.183135986, 461.682342529, 462.16998291, 462.669189453, 463.168426514, 463.656036377, 464.155273438, 464.654510498, 465.153747559, 465.652954102, 466.140594482, 466.639801025, 467.139038086, 467.626647949, 468.12588501, 468.62512207, 469.112731934, 469.611968994, 470.111206055, 470.598815918, 471.098052979, 471.597259521, 472.084899902, 472.595733643, 473.083343506, 473.582580566, 474.081817627, 474.56942749, 475.068664551, 475.567871094, 476.055511475, 476.554718018, 477.030731201, 477.506744385, 477.982757568, 478.458770752, 478.841888428, 479.225036621, 479.608154297, 479.991271973, 480.374420166, 480.757537842, 481.140686035, 481.523803711, 481.906921387, 482.29006958, 482.673187256, 483.056304932, 483.439453125], "beats_loudness": {"dmean2": 0.0473255850375, "median": 0.093619838357, "min": 2.36331561609e-06, "dvar2": 0.00338062387891, "dvar": 0.00124781567138, "dmean": 0.0263161752373, "max": 0.238550275564, "var": 0.0044892844744, "mean": 0.0959088504314}, "danceability": 1.71743822098, "bpm_histogram_second_peak_weight": {"dmean2": 0, "median": 0.0462776683271, "min": 0.0462776683271, "dvar2": 0, "dvar": 0, "dmean": 0, "max": 0.0462776683271, "var": 0, "mean": 0.0462776683271}, "beats_count": 995, "bpm_histogram_second_peak_bpm": {"dmean2": 0, "median": 161, "min": 161, "dvar2": 0, "dvar": 0, "dmean": 0, "max": 161, "var": 0, "mean": 161}, "bpm_histogram_first_peak_spread": {"dmean2": 0, "median": 0.413600862026, "min": 0.413600862026, "dvar2": 0, "dvar": 0, "dmean": 0, "max": 0.413600862026, "var": 0, "mean": 0.413600862026}, "beats_loudness_band_ratio": {"dmean2": [0.248683646321, 0.234423756599, 0.137616187334, 0.0828275755048, 0.0306661687791, 0.0792945250869], "median": [0.848582327366, 0.0773143470287, 0.0248118732125, 0.011716408655, 0.00655622920021, 0.0191098675132], "min": [9.23914527107e-08, 4.25898942922e-05, 0.000417562754592, 9.82035271591e-05, 4.18658419221e-05, 6.44461806587e-06], "dvar2": [0.0432499721646, 0.0503271706402, 0.0445497371256, 0.0205542463809, 0.00452442280948, 0.0151156317443], "dvar": [0.0149051379412, 0.0171419735998, 0.0146564207971, 0.0072158635594, 0.00141139607877, 0.00505269365385], "dmean": [0.13266287744, 0.124229714274, 0.0753000900149, 0.0451280958951, 0.0171829108149, 0.0438190773129], "max": [0.995260179043, 0.961694419384, 0.881544411182, 0.731276273727, 0.530720114708, 0.726271688938], "var": [0.139431461692, 0.0406080074608, 0.0310824234039, 0.00725768646225, 0.00222646584734, 0.00862149614841], "mean": [0.621699333191, 0.166305497289, 0.114267274737, 0.042592830956, 0.0202291123569, 0.0590826869011]}}, "lowlevel": {"barkbands_spread": {"dmean2": 10.8257322311, "median": 6.81433343887, "min": 0.144588962197, "dvar2": 308.253936768, "dvar": 133.303771973, "dmean": 6.9077372551, "max": 105.746711731, "var": 210.334671021, "mean": 12.3540048599}, "melbands_spread": {"dmean2": 9.89538288116, "median": 6.35464715958, "min": 0.180083841085, "dvar2": 351.35534668, "dvar": 137.415267944, "dmean": 6.08230876923, "max": 172.832931519, "var": 218.079788208, "mean": 11.5325870514}, "hfc": {"dmean2": 15.0591249466, "median": 9.11228561401, "min": 1.26433272844e-16, "dvar2": 946.618652344, "dvar": 357.073059082, "dmean": 9.71961688995, "max": 159.279067993, "var": 366.285095215, "mean": 14.92253685}, "barkbands_kurtosis": {"dmean2": 23.301202774, "median": 8.16212463379, "min": -1.86939680576, "dvar2": 5869.60302734, "dvar": 3036.88964844, "dmean": 17.1411514282, "max": 1933.0925293, "var": 5616.50048828, "mean": 25.1153354645}, "gfcc": {"mean": [-73.4539108276, 114.683074951, -90.3846893311, 12.7146940231, -64.5393753052, -1.83102333546, -33.8854255676, 1.93893420696, -18.5945148468, -0.911211371422, -13.6168756485, -3.34879422188, -9.64367198944], "icov": [[0.000229106110055, -0.000283846835373, 8.63854584168e-05, -0.000469923950732, 0.000440936535597, -0.000185942932148, 0.000108538391942, -0.000574445410166, 0.000857423059642, -0.000255932769505, 0.000238793421886, -0.000475989974802, 0.000408577267081], [-0.000283846835373, 0.00177079089917, -0.000899284321349, 0.00117904681247, -0.00166855438147, 0.00151694822125, -0.00129437865689, 0.00159472262021, -0.00164873723406, 0.00224624853581, -0.00160162895918, 0.00198834994808, -0.00147348863538], [8.63854584168e-05, -0.000899284321349, 0.00123020727187, -0.000587173271924, 0.000304227287415, -0.00143585971091, 0.00127384497318, -0.00106553151272, 0.00092139368644, -0.00191502156667, 0.000893984455615, -8.59742576722e-05, 0.000536082137842], [-0.000469923950732, 0.00117904681247, -0.000587173271924, 0.00269597186707, -0.00172121613286, 0.000775050197262, -0.00110399222467, 0.00110304902773, -0.00121096672956, 0.00125434377696, -0.000471211795229, 0.000726451107766, -0.00110108486842], [0.000440936535597, -0.00166855438147, 0.000304227287415, -0.00172121613286, 0.00403959536925, -0.00171566626523, 0.000701129378285, -0.00209860922769, 0.00129790802021, -0.000324717839248, 0.000491991871968, -0.00095126486849, 4.45184741693e-05], [-0.000185942932148, 0.00151694822125, -0.00143585971091, 0.000775050197262, -0.00171566626523, 0.00475242780522, -0.00192320125643, 0.000552581506781, -0.000875558122061, 0.00139377650339, -1.69442519109e-05, -0.00137208856177, -0.000759690068662], [0.000108538391942, -0.00129437865689, 0.00127384497318, -0.00110399222467, 0.000701129378285, -0.00192320125643, 0.00565749499947, -0.00226937164553, -0.000112008783617, -0.00119321094826, -0.00156107149087, 0.000820556771941, -5.89476621826e-05], [-0.000574445410166, 0.00159472262021, -0.00106553151272, 0.00110304902773, -0.00209860922769, 0.000552581506781, -0.00226937164553, 0.00995527766645, -0.00396655965596, -0.00168888049666, -0.00119925709441, -0.000234678285779, 0.000483459094539], [0.000857423059642, -0.00164873723406, 0.00092139368644, -0.00121096672956, 0.00129790802021, -0.000875558122061, -0.000112008783617, -0.00396655965596, 0.0125519121066, -0.00539169367403, -0.00111710838974, -0.00021102881874, -0.000615913129877], [-0.000255932769505, 0.00224624853581, -0.00191502156667, 0.00125434377696, -0.000324717839248, 0.00139377650339, -0.00119321094826, -0.00168888049666, -0.00539169367403, 0.0160215087235, -0.00457167671993, -0.00181428424548, -0.000186401070096], [0.000238793421886, -0.00160162895918, 0.000893984455615, -0.000471211795229, 0.000491991871968, -1.69442519109e-05, -0.00156107149087, -0.00119925709441, -0.00111710838974, -0.00457167671993, 0.0174904055893, -0.00639523006976, -0.00350819481537], [-0.000475989974802, 0.00198834994808, -8.59742576722e-05, 0.000726451107766, -0.00095126486849, -0.00137208856177, 0.000820556771941, -0.000234678285779, -0.00021102881874, -0.00181428424548, -0.00639523006976, 0.0200747139752, -0.00776747474447], [0.000408577267081, -0.00147348863538, 0.000536082137842, -0.00110108486842, 4.45184741693e-05, -0.000759690068662, -5.89476621826e-05, 0.000483459094539, -0.000615913129877, -0.000186401070096, -0.00350819481537, -0.00776747474447, 0.0201334133744]], "cov": [[12550.8378906, -1971.5078125, 1338.5333252, 1829.05041504, -564.97857666, 702.214111328, -276.012817383, 443.068115234, -788.412719727, 107.862609863, -343.676574707, 243.078643799, -307.525054932], [-1971.5078125, 4332.125, 316.384307861, -526.619995117, 1029.36877441, -615.402404785, 408.416534424, -344.632446289, 224.361602783, -399.517730713, 193.476867676, -364.064605713, 200.231689453], [1338.5333252, 316.384307861, 2878.19140625, 540.219970703, 621.067382812, 844.377075195, -72.6288833618, 412.917816162, 44.8747138977, 290.208129883, 14.5307207108, 129.420700073, 25.781211853], [1829.05041504, -526.619995117, 540.219970703, 951.100280762, 221.774414062, 336.630950928, 78.6678466797, 193.897628784, -34.4273643494, 97.6656341553, 6.18790721893, 111.772369385, 13.8088302612], [-564.97857666, 1029.36877441, 621.067382812, 221.774414062, 850.798522949, 225.020553589, 213.72769165, 131.215805054, 146.271209717, 19.2404384613, 125.217178345, 17.2158756256, 119.590637207], [702.214111328, -615.402404785, 844.377075195, 336.630950928, 225.020553589, 728.059875488, 90.0806121826, 287.387084961, 59.5036506653, 206.796188354, 54.2603302002, 181.255218506, 40.0928688049], [-276.012817383, 408.416534424, -72.6288833618, 78.6678466797, 213.72769165, 90.0806121826, 412.996704102, 124.087753296, 157.74017334, 63.6645393372, 144.973419189, 38.5058517456, 88.4155426025], [443.068115234, -344.632446289, 412.917816162, 193.897628784, 131.215805054, 287.387084961, 124.087753296, 337.142883301, 121.886512756, 193.185943604, 89.2118225098, 125.934005737, 37.8647689819], [-788.412719727, 224.361602783, 44.8747138977, -34.4273643494, 146.271209717, 59.5036506653, 157.74017334, 121.886512756, 249.769073486, 112.96446228, 125.982971191, 49.9161224365, 78.6955184937], [107.862609863, -399.517730713, 290.208129883, 97.6656341553, 19.2404384613, 206.796188354, 63.6645393372, 193.185943604, 112.96446228, 231.048812866, 86.1392745972, 117.804138184, 35.5471572876], [-343.676574707, 193.476867676, 14.5307207108, 6.18790721893, 125.217178345, 54.2603302002, 144.973419189, 89.2118225098, 125.982971191, 86.1392745972, 168.106765747, 72.011138916, 82.8641052246], [243.078643799, -364.064605713, 129.420700073, 111.772369385, 17.2158756256, 181.255218506, 38.5058517456, 125.934005737, 49.9161224365, 117.804138184, 72.011138916, 154.631149292, 49.8013916016], [-307.525054932, 200.231689453, 25.781211853, 13.8088302612, 119.590637207, 40.0928688049, 88.4155426025, 37.8647689819, 78.6955184937, 35.5471572876, 82.8641052246, 49.8013916016, 107.619148254]]}, "spectral_energyband_middle_low": {"dmean2": 0.0137470345944, "median": 0.0103505207226, "min": 3.43907508837e-22, "dvar2": 0.000724212615751, "dvar": 0.000261141132796, "dmean": 0.00825585797429, "max": 0.176107600331, "var": 0.0002929532493, "mean": 0.0150312324986}, "melbands_crest": {"dmean2": 5.75926923752, "median": 16.6530895233, "min": 2.17514443398, "dvar2": 32.324798584, "dvar": 14.2039718628, "dmean": 3.85554075241, "max": 38.1002388, "var": 57.267616272, "mean": 18.29479599}, "spectral_kurtosis": {"dmean2": 11.2393751144, "median": 5.48088741302, "min": -1.32023000717, "dvar2": 381.864593506, "dvar": 167.565765381, "dmean": 7.2673459053, "max": 240.458969116, "var": 498.760925293, "mean": 13.7942676544}, "spectral_rms": {"dmean2": 0.00156014622189, "median": 0.00478523410857, "min": 3.30478439753e-12, "dvar2": 4.21723461841e-06, "dvar": 2.26050065066e-06, "dmean": 0.00115083705168, "max": 0.0172991491854, "var": 1.13499927465e-05, "mean": 0.00539196049795}, "zerocrossingrate": {"dmean2": 0.0155761605129, "median": 0.02783203125, "min": 0.00146484375, "dvar2": 0.000415815826273, "dvar": 0.000329469825374, "dmean": 0.0131424628198, "max": 0.51025390625, "var": 0.00140432862099, "mean": 0.0403711646795}, "silence_rate_60dB": {"dmean2": 0.0949388369918, "median": 0, "min": 0, "dvar2": 0.0937122777104, "dvar": 0.0452388972044, "dmean": 0.0474911257625, "max": 1, "var": 0.104714781046, "mean": 0.118818052113}, "erbbands_kurtosis": {"dmean2": 4.25375032425, "median": 1.02711296082, "min": -1.86627030373, "dvar2": 58.2914352417, "dvar": 24.4674472809, "dmean": 2.70810556412, "max": 127.08380127, "var": 40.9368209839, "mean": 2.88841533661}, "erbbands": {"dmean2": [0.439265996218, 3.07325577736, 6.77673435211, 10.7462682724, 15.1240034103, 18.45977211, 12.4514703751, 16.951499939, 59.5512237549, 32.2811088562, 29.9076328278, 30.9420852661, 21.5703887939, 18.8144435883, 17.6574935913, 13.2263736725, 11.7062931061, 7.47685670853, 7.50178861618, 7.48634958267, 8.08798789978, 9.26852607727, 9.07294368744, 7.16096401215, 11.7403345108, 9.01304531097, 6.52941131592, 6.38446950912, 9.38831138611, 5.9074382782, 6.12743425369, 4.04070425034, 4.31430149078, 3.20677542686, 0.952235221863, 0.482036203146, 0.117250874639, 0.0209858715534, 0.00161719031166, 6.83608959662e-05], "median": [0.0158451795578, 0.0451941899955, 0.278737366199, 1.55457472801, 4.56268548965, 8.14094924927, 5.0135436058, 6.99055290222, 16.5968933105, 11.9222927094, 8.72220134735, 7.70755147934, 4.89660549164, 5.57444953918, 3.36350917816, 1.83706307411, 1.86603546143, 1.25695884228, 1.10370635986, 0.999944448471, 0.843932926655, 0.751757383347, 0.761462807655, 0.479787677526, 0.950052320957, 0.757435023785, 0.400030434132, 0.239439576864, 0.206797555089, 0.15744651854, 0.150639921427, 0.0829326361418, 0.0505458563566, 0.0279944017529, 0.0123018072918, 0.00517186336219, 0.00163649511524, 0.000283607339952, 4.67191821372e-05, 3.95294227928e-05], "min": [1.26077352838e-22, 2.5870592665e-21, 5.65398563572e-20, 8.24294463074e-20, 5.61270803068e-20, 2.05443617566e-19, 1.55893922061e-19, 4.93460332984e-19, 5.64035331148e-19, 8.09269670749e-19, 1.94268185185e-18, 3.04476291289e-18, 1.36835618709e-18, 5.75206756873e-18, 3.36630145868e-18, 3.27920699159e-18, 2.86455024271e-18, 4.43197002915e-18, 5.24224844666e-18, 6.37237816829e-18, 3.92949048066e-18, 8.0874060603e-18, 1.37843519674e-17, 8.47228658187e-18, 1.12534638431e-17, 2.83456597948e-17, 1.55707634783e-17, 1.11692725732e-17, 1.91384364736e-17, 1.77460119156e-17, 2.03443996323e-17, 1.71525098261e-17, 2.1138061232e-17, 1.32672284269e-17, 9.5033084856e-18, 7.09478849805e-18, 3.21505086329e-18, 1.1651940112e-18, 3.78523509322e-19, 4.29737291886e-20], "dvar2": [0.944775879383, 55.6352615356, 452.563018799, 1146.42297363, 1594.27099609, 1508.1607666, 641.768005371, 1082.1673584, 12140.7841797, 4368.05957031, 8098.35400391, 5171.07470703, 3675.49462891, 2649.52026367, 2573.04931641, 2768.55664062, 1828.890625, 604.321350098, 442.318145752, 455.118774414, 393.497741699, 537.895874023, 450.652618408, 415.826904297, 808.272277832, 419.440002441, 392.541625977, 266.409942627, 620.192810059, 232.806121826, 228.301269531, 92.0781326294, 118.74281311, 80.3006515503, 4.74704647064, 1.25710403919, 0.0613572634757, 0.00176165916491, 1.58725506481e-05, 1.98155927222e-08], "dvar": [0.657768130302, 30.463098526, 168.763031006, 393.083007812, 550.464355469, 568.027587891, 265.016082764, 430.53894043, 5188.43847656, 1738.28320312, 3752.81396484, 2113.13256836, 1575.91577148, 1188.03710938, 1052.57348633, 1227.29919434, 722.556518555, 230.568267822, 159.101501465, 165.519683838, 135.368530273, 187.857498169, 166.630737305