{"tonal": {"thpcp": [1, 0.714918792248, 0.447058022022, 0.273264318705, 0.167317256331, 0.44668006897, 0.632922232151, 0.347064554691, 0.142513304949, 0.140341326594, 0.134634763002, 0.253585040569, 0.307330012321, 0.175032868981, 0.0961635187268, 0.0761291757226, 0.0810845121741, 0.212860807776, 0.272127300501, 0.198296666145, 0.429879069328, 0.579076945782, 0.283836215734, 0.0845136120915, 0.0657728388906, 0.0717766061425, 0.207379132509, 0.326350599527, 0.217849075794, 0.11346090585, 0.0947520285845, 0.0912709012628, 0.252014249563, 0.37814694643, 0.352576583624, 0.70244383812], "hpcp": {"dmean2": [0.0772164538503, 0.0582120940089, 0.0586564466357, 0.102407649159, 0.118201628327, 0.110874541104, 0.157968372107, 0.201496690512, 0.12333201617, 0.054633833468, 0.042329121381, 0.0497811511159, 0.099184833467, 0.137675479054, 0.119733147323, 0.088174700737, 0.079562291503, 0.0854195579886, 0.14717489481, 0.187619075179, 0.252878576517, 0.362004846334, 0.329220861197, 0.408681482077, 0.375204145908, 0.215489670634, 0.150266468525, 0.212393552065, 0.230615273118, 0.199654743075, 0.151724025607, 0.158503308892, 0.127572074533, 0.143942013383, 0.145543515682, 0.105956874788], "median": [0.0217518229038, 0.0185336694121, 0.0207116883248, 0.0491345971823, 0.0559962540865, 0.0474695935845, 0.107805207372, 0.158187046647, 0.0825992822647, 0.0236488282681, 0.0187513306737, 0.0185225009918, 0.0488565638661, 0.0772253498435, 0.0549790076911, 0.025847138837, 0.0211882963777, 0.0189309604466, 0.0442444235086, 0.0607937946916, 0.0729308724403, 0.212685763836, 0.365559697151, 0.259923756123, 0.06004082039, 0.0413019061089, 0.0285498071462, 0.0929715335369, 0.142652526498, 0.0796105861664, 0.018658509478, 0.0177928823978, 0.0238963291049, 0.0553390569985, 0.0729130059481, 0.0408435240388], "min": [0, 0, 0, 0, 0, 0, 0, 0, 0, 0, 0, 0, 0, 0, 0, 0, 0, 0, 0, 0, 0, 0, 0, 0, 0, 0, 0, 0, 0, 0, 0, 0, 0, 0, 0, 0], "dvar2": [0.0416121780872, 0.0267576668411, 0.0234910883009, 0.0381286330521, 0.0458965934813, 0.0407564267516, 0.0478968955576, 0.0665962845087, 0.0324242524803, 0.018611907959, 0.0112352110445, 0.0124772451818, 0.0310986023396, 0.0452844724059, 0.0484502837062, 0.04346396029, 0.0405145920813, 0.0464243404567, 0.0704915672541, 0.0907110348344, 0.116023890674, 0.159079730511, 0.155573815107, 0.169188141823, 0.209592521191, 0.102438487113, 0.0899143368006, 0.0935701653361, 0.0967461690307, 0.0888010263443, 0.10870628804, 0.127537742257, 0.0817840844393, 0.0689924880862, 0.0606586523354, 0.0486697591841], "dvar": [0.0140071026981, 0.00896444823593, 0.00801121350378, 0.0143530005589, 0.0180764310062, 0.0140254916623, 0.0192972738296, 0.0278616808355, 0.0121432822198, 0.0066625289619, 0.0040376605466, 0.00449785403907, 0.0118048740551, 0.0186242666095, 0.018166936934, 0.0157661531121, 0.0142107466236, 0.0160654317588, 0.025547735393, 0.035361405462, 0.0418980009854, 0.0585809051991, 0.0652006566525, 0.0614263005555, 0.0890144184232, 0.0391487181187, 0.0307806916535, 0.035289157182, 0.0405914485455, 0.0300150793046, 0.0383632220328, 0.0457845069468, 0.0289975125343, 0.0240672323853, 0.0226760990918, 0.0171364955604], "dmean": [0.0423756204545, 0.0323186218739, 0.0329073667526, 0.0606781728566, 0.0706040561199, 0.0641720369458, 0.0972321629524, 0.124925300479, 0.074409455061, 0.0314365103841, 0.0241690352559, 0.028761614114, 0.0599987544119, 0.0840955600142, 0.0707516819239, 0.0493229813874, 0.0439196042717, 0.0463689677417, 0.0846046805382, 0.108193255961, 0.142581656575, 0.212354674935, 0.18861117959, 0.238590180874, 0.211566060781, 0.122838683426, 0.0820863246918, 0.124009601772, 0.136580511928, 0.114226408303, 0.0823930129409, 0.0847518667579, 0.0694756358862, 0.0825947448611, 0.0860063955188, 0.061024479568], "max": [1, 1, 1, 1, 1, 1, 1, 1, 1, 1, 1, 1, 1, 1, 1, 1, 1, 1, 1, 1, 1, 1, 1, 1, 1, 1, 1, 1, 1, 1, 1, 1, 1, 1, 1, 1], "var": [0.00979875028133, 0.00579346856102, 0.00560303963721, 0.0250426437706, 0.0415055789053, 0.0180769283324, 0.0544408075511, 0.0845948830247, 0.021032018587, 0.00549378385767, 0.00310682528652, 0.00338788353838, 0.0211209002882, 0.045276734978, 0.0206115283072, 0.0115628708154, 0.00931230187416, 0.0101580247283, 0.0366849265993, 0.0744725316763, 0.0477684177458, 0.0989663600922, 0.167622298002, 0.094723276794, 0.0981436595321, 0.0382696017623, 0.0236231125891, 0.0691756606102, 0.110412806273, 0.0413483679295, 0.0261100996286, 0.0302033238113, 0.0203970875591, 0.0298142824322, 0.0408353246748, 0.0188245512545], "mean": [0.0456005074084, 0.036100268364, 0.0384500771761, 0.100938074291, 0.129042103887, 0.0940317958593, 0.20384760201, 0.274596869946, 0.13459444046, 0.0400761477649, 0.031189320609, 0.0340362936258, 0.0983386784792, 0.154754653573, 0.10330349952, 0.0538028851151, 0.0449311807752, 0.0432804375887, 0.119504548609, 0.179316356778, 0.167190954089, 0.333097159863, 0.474197566509, 0.339012742043, 0.211993828416, 0.129581272602, 0.0793414339423, 0.211814597249, 0.300130188465, 0.164577171206, 0.0675794631243, 0.0665495172143, 0.0638434737921, 0.120249405503, 0.145735144615, 0.0830001607537]}, "tuning_equal_tempered_deviation": 0.271979361773, "chords_changes_rate": 0.0432934500277, "key_key": "E", "tuning_diatonic_strength": 0.598444759846, "key_scale": "major", "chords_number_rate": 0.00110201514326, "tuning_frequency": 434.193115234, "tuning_nontempered_energy_ratio": 0.982556164265, "chords_histogram": [30.6202774048, 2.89672541618, 16.9552898407, 5.55730485916, 29.4867763519, 0, 0.283375322819, 0, 0, 0, 0, 0, 0, 0, 0, 0.409319907427, 0.944584369659, 3.80982375145, 0, 0, 0, 0, 0.582493722439, 8.45403003693], "key_strength": 0.741444051266, "chords_key": "E", "chords_strength": {"dmean2": 0.00672803260386, "median": 0.464660555124, "min": -1, "dvar2": 0.000666250940412, "dvar": 0.000358545657946, "dmean": 0.00773497344926, "max": 0.738049507141, "var": 0.0147694535553, "mean": 0.461553126574}, "chords_scale": "major", "hpcp_entropy": {"dmean2": 0.925972819328, "median": 2.0578494072, "min": 0, "dvar2": 0.597905635834, "dvar": 0.21748803556, "dmean": 0.546997010708, "max": 4.41212749481, "var": 0.410070955753, "mean": 2.03286933899}}, "metadata": {"audio_properties": {"equal_loudness": 0, "codec": "flac", "downmix": "mix", "sample_rate": 44100, "analysis_sample_rate": 44100, "bit_rate": 0, "md5_encoded": "9ce5c024bb0feafce092f16587f6965f", "length": 294.933319092, "replay_gain": -13.3548564911, "lossless": true}, "version": {"essentia_build_sha": "70f2e5ece6736b2c40cc944ad0e695b16b925413", "essentia": "2.1-beta2", "extractor": "music 1.0", "essentia_git_sha": "v2.1_beta2"}, "tags": {"title": ["Nothing's Mine"], "language": ["eng"], "media": ["CD"], "albumartist": ["Film School"], "tracktotal": ["12"], "musicbrainz_releasegroupid": ["11e094df-2b7c-485b-a394-fdc19ef0d546"], "releasetype": ["album"], "musicbrainz_recordingid": ["12296d4c-1739-498a-b13d-e49d550309cc"], "artistsort": ["Film School"], "musicbrainz_albumartistid": ["9499a0a3-61af-41a3-bbdf-9fdfda142778"], "discnumber": ["1"], "album": ["Fission"], "catalognumber": ["HSS 1036"], "releasecountry": ["US"], "originaldate": ["2010-08-31"], "albumartistsort": ["Film School"], "date": ["2010-08-31"], "file_name": "11. Nothing's Mine.flac", "musicip_puid": ["66d0cd03-5c99-6877-771b-af13e386aa03"], "musicbrainz_artistid": ["9499a0a3-61af-41a3-bbdf-9fdfda142778"], "asin": ["B003ZFVIAS"], "musicbrainz_albumid": ["3c962b02-ed54-4a77-86f1-d16254d3a12e"], "tracknumber": ["11"], "disctotal": ["1"], "artist": ["Film School"], "label": ["Hi-Speed Soul"], "releasestatus": ["official"], "totaldiscs": ["1"], "script": ["Latn"], "totaltracks": ["12"]}}, "rhythm": {"bpm_histogram_first_peak_bpm": {"dmean2": 0, "median": 120, "min": 120, "dvar2": 0, "dvar": 0, "dmean": 0, "max": 120, "var": 0, "mean": 120}, "bpm": 119.818389893, "bpm_histogram_second_peak_spread": {"dmean2": 0, "median": 0, "min": 0, "dvar2": 0, "dvar": 0, "dmean": 0, "max": 0, "var": 0, "mean": 0}, "bpm_histogram_first_peak_weight": {"dmean2": 0, "median": 0.395569622517, "min": 0.395569622517, "dvar2": 0, "dvar": 0, "dmean": 0, "max": 0.395569622517, "var": 0, "mean": 0.395569622517}, "onset_rate": 2.41056609154, "beats_position": [0.359909296036, 0.731428563595, 1.09133780003, 1.42802715302, 1.764716506, 2.11301589012, 2.43809509277, 2.76317453384, 3.09986400604, 3.43655323982, 3.7732424736, 4.09832191467, 4.43501138687, 4.77170038223, 5.10838985443, 5.4334692955, 5.7701587677, 6.11845779419, 6.45514726639, 6.78022670746, 7.10530614853, 7.44199514389, 7.77868461609, 8.10376358032, 8.44045352936, 8.77714252472, 9.10222244263, 9.43891143799, 9.77560043335, 10.1006803513, 10.4373693466, 10.774058342, 11.0991382599, 11.4358272552, 11.7725172043, 12.1092061996, 12.445895195, 12.782585144, 13.1192741394, 13.4443531036, 13.7810430527, 14.117732048, 14.4544210434, 14.7911109924, 15.1161899567, 15.4412698746, 15.7663488388, 16.0914287567, 16.4281177521, 16.7648067474, 17.1014957428, 17.4381847382, 17.7748756409, 18.1115646362, 18.4482536316, 18.784942627, 19.1216316223, 19.4467124939, 19.7834014893, 20.1084804535, 20.4335594177, 20.758638382, 21.1069393158, 21.4552383423, 21.8035373688, 22.3027667999, 22.8019943237, 23.3012237549, 23.8236732483, 24.3461227417, 24.8685703278, 25.3910198212, 25.9134693146, 26.4243087769, 26.9351463318, 27.4459857941, 27.9568252563, 28.4444446564, 28.932062149, 29.4312915802, 29.9305210114, 30.4297504425, 30.9289798737, 31.4282073975, 31.9274368286, 32.4266662598, 32.9375038147, 33.4367332458, 33.935962677, 34.4351921082, 34.9228096008, 35.4104309082, 35.9096603394, 36.4088897705, 36.9197273254, 37.4189567566, 37.9181861877, 38.4174156189, 38.91664505, 39.4158706665, 39.9151000977, 40.4143295288, 40.91355896, 41.4243965149, 41.9352378845, 42.4460754395, 42.9453048706, 43.4445343018, 43.9321517944, 44.4197731018, 44.919002533, 45.4182319641, 45.9174575806, 46.4166870117, 46.9159164429, 47.415145874, 47.9143753052, 48.4136047363, 48.9128341675, 49.4236717224, 49.9229011536, 50.4221305847, 50.9213600159, 51.4321975708, 51.931427002, 52.4306564331, 52.9298858643, 53.4291152954, 53.9167327881, 54.4159622192, 54.9151916504, 55.4144210815, 55.9020385742, 56.4012680054, 56.9004974365, 57.3997268677, 57.9105644226, 58.4214057922, 58.9322433472, 59.4430847168, 59.9307022095, 60.4183197021, 60.9175491333, 61.4167785645, 61.9160079956, 62.4152374268, 62.9144668579, 63.4136962891, 63.9129257202, 64.4121551514, 64.9113845825, 65.4222183228, 65.9214477539, 66.4322891235, 66.9315185547, 67.4423599243, 67.9415893555, 68.4408187866, 68.9400405884, 69.4276657104, 69.9152832031, 70.4261245728, 70.936958313, 71.4361877441, 71.9354171753, 72.4346466064, 72.9338760376, 73.4331054688, 73.9323348999, 74.4315643311, 74.9307937622, 75.4416275024, 75.9408569336, 76.4400863647, 76.9277114868, 77.4153289795, 77.9145584106, 78.4137878418, 78.9130172729, 79.4122467041, 79.9114761353, 80.410697937, 80.9099273682, 81.4091567993, 81.9199981689, 82.4308395386, 82.9416732788, 83.4525146484, 83.9517440796, 84.4509735107, 84.9385910034, 85.4378204346, 85.9370498657, 86.4362792969, 86.935508728, 87.4231262207, 87.9223556519, 88.421585083, 88.9208145142, 89.4316558838, 89.9308853149, 90.4417190552, 90.9525604248, 91.451789856, 91.9626312256, 92.4618606567, 92.972694397, 93.4835357666, 94.0059814453, 94.5284347534, 95.0508804321, 95.5733337402, 96.0841674805, 96.5950088501, 97.0942382812, 97.5934677124, 98.0926971436, 98.5803146362, 99.0795440674, 99.590385437, 100.089614868, 100.600448608, 101.111289978, 101.622131348, 102.144577026, 102.632194519, 103.119819641, 103.607437134, 104.095054626, 104.594284058, 105.093513489, 105.581130981, 106.068748474, 106.556373596, 107.067207336, 107.566436768, 108.065666199, 108.56489563, 109.087341309, 109.633010864, 110.167076111, 110.712738037, 111.235191345, 111.757637024, 112.268478394, 112.779319763, 113.266937256, 113.777778625, 114.288612366, 114.776237488, 115.287071228, 115.797912598, 116.297142029, 116.79637146, 117.295600891, 117.794830322, 118.294059753, 118.793289185, 119.292518616, 119.791740417, 120.302581787, 120.813423157, 121.312652588, 121.811882019, 122.299499512, 122.787117004, 123.274734497, 123.773963928, 124.261581421, 124.760810852, 125.260040283, 125.759269714, 126.270111084, 126.780952454, 127.280181885, 127.779411316, 128.267028809, 128.76625061, 129.265487671, 129.776321411, 130.275558472, 130.774780273, 131.285614014, 131.808074951, 132.33052063, 132.864578247, 133.398635864, 133.909469604, 134.420318604, 134.931152344, 135.430389404, 135.917999268, 136.417236328, 136.928070068, 137.42729187, 137.926528931, 138.425750732, 138.924987793, 139.435821533, 139.935058594, 140.434280396, 140.933517456, 141.432739258, 141.931976318, 142.43119812, 142.930435181, 143.429656982, 143.928878784, 144.428115845, 144.927337646, 145.426574707, 145.925796509, 146.425033569, 146.924255371, 147.260955811, 147.60925293, 147.957550049, 148.317459106, 148.677368164, 149.04888916, 149.408798218, 149.757095337, 150.105392456, 150.442077637, 150.778778076, 151.115463257, 151.452148438, 151.800445557, 152.137145996, 152.473831177, 152.810516357, 153.135604858, 153.472290039, 153.797363281, 154.134063721, 154.459136963, 154.784210205, 155.120910645, 155.457595825, 155.782669067, 156.119369507, 156.444442749, 156.78112793, 157.11781311, 157.45451355, 157.79119873, 158.127883911, 158.452972412, 158.778045654, 159.114730835, 159.439819336, 159.764892578, 160.089981079, 160.42666626, 160.76335144, 161.100036621, 161.436737061, 161.773422241, 162.110107422, 162.446792603, 162.783493042, 163.120178223, 163.456863403, 163.793563843, 164.130249023, 164.455322266, 164.792022705, 165.117095947, 165.442169189, 165.778869629, 166.11555481, 166.440628052, 166.777328491, 167.114013672, 167.450698853, 167.787384033, 168.112472534, 168.449157715, 168.785842896, 169.110931396, 169.447616577, 169.784301758, 170.121002197, 170.446075439, 170.78276062, 171.119445801, 171.45614624, 171.781219482, 172.117904663, 172.605529785, 173.093154907, 173.592376709, 174.103210449, 174.60244751, 175.101669312, 175.600906372, 176.100128174, 176.587753296, 177.086975098, 177.57460022, 178.073822021, 178.573059082, 179.083892822, 179.583129883, 180.093963623, 180.604797363, 181.104034424, 181.603256226, 182.102493286, 182.601715088, 183.08934021, 183.588562012, 184.087799072, 184.587020874, 185.086257935, 185.597091675, 186.107940674, 186.618774414, 187.129608154, 187.640457153, 188.151290894, 188.662124634, 189.184570312, 189.70703125, 190.229476929, 190.751922607, 191.251159668, 191.738769531, 192.238006592, 192.737228394, 193.236465454, 193.747299194, 194.258132935, 194.768981934, 195.279815674, 195.790649414, 196.278274536, 196.777496338, 197.276733398, 197.764343262, 198.263580322, 198.762802124, 199.262039185, 199.761260986, 200.260498047, 200.759719849, 201.258956909, 201.758178711, 202.257415771, 202.756637573, 203.255874634, 203.766708374, 204.265930176, 204.776779175, 205.276000977, 205.775238037, 206.274459839, 206.773696899, 207.272918701, 207.772155762, 208.282989502, 208.805435181, 209.327880859, 209.850341797, 210.384399414, 210.895233154, 211.417678833, 211.916915894, 212.427749634, 212.938583374, 213.437820435, 213.937042236, 214.436279297, 214.935501099, 215.434738159, 215.933959961, 216.433197021, 216.932418823, 217.431655884, 217.919265747, 218.430114746, 218.940948486, 219.451782227, 219.962631226, 220.473464966, 220.984298706, 221.518356323, 222.052429199, 222.563262939, 223.07409668, 223.584945679, 224.095779419, 224.606613159, 225.10585022, 225.605072021, 226.104309082, 226.603530884, 227.102767944, 227.601989746, 228.101226807, 228.600448608, 229.099685669, 229.598907471, 230.098129272, 230.597366333, 231.084991455, 231.584213257, 232.083435059, 232.594284058, 233.105117798, 233.639175415, 234.173233032, 234.707290649, 235.229751587, 235.752197266, 236.263031006, 236.762268066, 237.261489868, 237.760726929, 238.271560669, 238.782394409, 239.28163147, 239.780853271, 240.280090332, 240.779312134, 241.278549194, 241.777770996, 242.265396118, 242.76461792, 243.26385498, 243.774688721, 244.273925781, 244.773147583, 245.272369385, 245.771606445, 246.270828247, 246.781677246, 247.280899048, 247.780136108, 248.27935791, 248.778594971, 249.277816772, 249.765441895, 250.264663696, 250.752288818, 251.25151062, 251.750747681, 252.249969482, 252.749206543, 253.248428345, 253.747665405, 254.258499146, 254.769332886, 255.280181885, 255.767791748, 256.278625488, 256.789459229, 257.277099609, 257.77633667, 258.263946533, 258.763183594, 259.262390137, 259.761627197, 260.260864258, 260.760070801, 261.259307861, 261.758544922, 262.257781982, 262.756988525, 263.267852783, 263.778686523, 264.289520264, 264.811981201, 265.346038818, 265.880096436, 266.402526855, 266.913360596, 267.424224854, 267.935058594, 268.445892334, 268.968353271, 269.490783691, 270.024841309, 270.535675049, 271.058135986, 271.580596924, 272.091430664, 272.602264404, 273.101501465, 273.600708008, 274.088348389, 274.575958252, 275.086791992, 275.597625732, 276.10848999, 276.61932373, 277.118530273, 277.640991211, 278.151824951, 278.651062012, 279.161895752, 279.661132812, 280.171966553, 280.682800293, 281.170440674, 281.658050537, 282.1456604, 282.621673584, 283.097686768, 283.585296631, 284.072906494, 284.560546875, 285.048156738, 285.524169922, 286.011779785, 286.487792969, 286.928985596, 287.370147705, 287.811340332, 288.264129639, 288.716918945, 289.158081055, 289.599273682, 290.063659668, 290.528076172, 290.992462158, 291.468475342, 291.944488525, 292.420501709, 292.896514893, 293.372497559, 293.848510742, 294.324523926], "beats_loudness": {"dmean2": 0.0334750674665, "median": 0.0316645242274, "min": 2.20114412808e-11, "dvar2": 0.000821155554149, "dvar": 0.00031956701423, "dmean": 0.0189588684589, "max": 0.0952596962452, "var": 0.000491334765684, "mean": 0.0384083539248}, "danceability": 1.13639199734, "bpm_histogram_second_peak_weight": {"dmean2": 0, "median": 0.134493663907, "min": 0.134493663907, "dvar2": 0, "dvar": 0, "dmean": 0, "max": 0.134493663907, "var": 0, "mean": 0.134493663907}, "beats_count": 633, "bpm_histogram_second_peak_bpm": {"dmean2": 0, "median": 178, "min": 178, "dvar2": 0, "dvar": 0, "dmean": 0, "max": 178, "var": 0, "mean": 178}, "bpm_histogram_first_peak_spread": {"dmean2": 0, "median": 0.413145542145, "min": 0.413145542145, "dvar2": 0, "dvar": 0, "dmean": 0, "max": 0.413145542145, "var": 0, "mean": 0.413145542145}, "beats_loudness_band_ratio": {"dmean2": [0.366081506014, 0.118905432522, 0.0723140835762, 0.11301176995, 0.148400470614, 0.0841655433178], "median": [0.507894337177, 0.0639253929257, 0.0491018481553, 0.0829582586884, 0.153091385961, 0.0476310513914], "min": [0, 0, 0, 0, 0, 0], "dvar2": [0.076452255249, 0.0187580883503, 0.00459623010829, 0.0108470078558, 0.0151015855372, 0.00704426178709], "dvar": [0.0284538269043, 0.00684817554429, 0.00168727734126, 0.00363191822544, 0.00485125230625, 0.0025310923811], "dmean": [0.20811855793, 0.069763071835, 0.042142778635, 0.0645518526435, 0.0866488590837, 0.0462918020785], "max": [0.990205109119, 0.541715204716, 0.288848727942, 0.532287538052, 0.515919804573, 0.369266211987], "var": [0.0482540503144, 0.0081239361316, 0.00251450086944, 0.0057231974788, 0.00822456832975, 0.00306520145386], "mean": [0.527371346951, 0.0914132222533, 0.0628480017185, 0.101460367441, 0.160853087902, 0.065250352025]}}, "lowlevel": {"barkbands_spread": {"dmean2": 7.04534482956, "median": 35.9451789856, "min": 0.330114006996, "dvar2": 55.537311554, "dvar": 26.848279953, "dmean": 4.56833267212, "max": 139.591400146, "var": 138.541824341, "mean": 35.5905303955}, "melbands_spread": {"dmean2": 12.5523490906, "median": 38.1308937073, "min": 0.375857263803, "dvar2": 167.217346191, "dvar": 73.0327072144, "dmean": 7.88832139969, "max": 148.657119751, "var": 341.770019531, "mean": 38.9266357422}, "hfc": {"dmean2": 7.04934835434, "median": 27.1762275696, "min": 3.62895526962e-08, "dvar2": 66.2062988281, "dvar": 30.3029499054, "dmean": 4.55352783203, "max": 144.81072998, "var": 207.088928223, "mean": 28.135723114}, "barkbands_kurtosis": {"dmean2": 1.93482398987, "median": -0.92228102684, "min": -1.91842508316, "dvar2": 49.8597755432, "dvar": 16.9946250916, "dmean": 1.18360745907, "max": 404.805114746, "var": 671.981567383, "mean": 2.65558791161}, "gfcc": {"mean": [18.991186142, 91.5358505249, -138.626220703, 50.3359642029, -36.4850883484, 18.8655548096, -34.5277671814, 13.7831764221, -18.0483722687, 1.83679747581, -10.7817029953, -0.247701570392, -8.87389755249], "icov": [[0.000430488638813, -0.0010213998612, 0.00108331895899, -0.00127061270177, 0.000748468679376, -0.00121314532589, 0.00141416839324, -0.00183356215712, 0.00198954809457, -0.0014319610782, 0.00147358409595, -0.0017290005926, 0.0011280218605], [-0.0010213998612, 0.00505522452295, -0.00185187673196, 0.00425765430555, -0.00322690047324, 0.00432136561722, -0.00356751098298, 0.00611298251897, -0.00694344518706, 0.00573903974146, -0.00591188156977, 0.006982346531, -0.0043872660026], [0.00108331895899, -0.00185187673196, 0.00509903253987, -0.00227909209207, 1.37787701533e-05, -0.00366769498214, 0.00406320393085, -0.00285200052895, 0.00344096543267, -0.00421068165451, 0.00502609508112, -0.0039974055253, 0.00193585560191], [-0.00127061270177, 0.00425765430555, -0.00227909209207, 0.0099434107542, -0.00284506543539, 0.00289493147284, -0.0048474133946, 0.00741139892489, -0.00762991793454, 0.00467328261584, -0.00411877827719, 0.00712556624785, -0.00476244464517], [0.000748468679376, -0.00322690047324, 1.37787701533e-05, -0.00284506543539, 0.0109878666699, -0.00191570888273, -0.00234061502852, -0.00492582423612, 0.00536371208727, -0.00331144384108, 0.00270355469547, -0.00438700150698, 0.00387009466067], [-0.00121314532589, 0.00432136561722, -0.00366769498214, 0.00289493147284, -0.00191570888273, 0.0143135562539, -0.00605130707845, 0.00253612617962, -0.00608768360689, 0.00473943306133, -0.00340309343301, 0.00615842267871, -0.00530865089968], [0.00141416839324, -0.00356751098298, 0.00406320393085, -0.0048474133946, -0.00234061502852, -0.00605130707845, 0.0196073129773, -0.0068703093566, 0.00280580529943, -0.00178915902507, 0.00230795890093, -0.00515881786123, 0.00591458054259], [-0.00183356215712, 0.00611298251897, -0.00285200052895, 0.00741139892489, -0.00492582423612, 0.00253612617962, -0.0068703093566, 0.0265320371836, -0.0146169262007, 0.00435962481424, -0.00294852000661, 0.00824122410268, -0.0066818757914], [0.00198954809457, -0.00694344518706, 0.00344096543267, -0.00762991793454, 0.00536371208727, -0.00608768360689, 0.00280580529943, -0.0146169262007, 0.0322198830545, -0.0158978197724, 0.00348960305564, -0.00430916482583, 0.00113861600403], [-0.0014319610782, 0.00573903974146, -0.00421068165451, 0.00467328261584, -0.00331144384108, 0.00473943306133, -0.00178915902507, 0.00435962481424, -0.0158978197724, 0.0323448963463, -0.0139839844778, 0.00246413820423, 0.00451396591961], [0.00147358409595, -0.00591188156977, 0.00502609508112, -0.00411877827719, 0.00270355469547, -0.00340309343301, 0.00230795890093, -0.00294852000661, 0.00348960305564, -0.0139839844778, 0.030096789822, -0.0119017791003, -0.000757773406804], [-0.0017290005926, 0.006982346531, -0.0039974055253, 0.00712556624785, -0.00438700150698, 0.00615842267871, -0.00515881786123, 0.00824122410268, -0.00430916482583, 0.00246413820423, -0.0119017791003, 0.0363711416721, -0.0150878671557], [0.0011280218605, -0.0043872660026, 0.00193585560191, -0.00476244464517, 0.00387009466067, -0.00530865089968, 0.00591458054259, -0.0066818757914, 0.00113861600403, 0.00451396591961, -0.000757773406804, -0.0150878671557, 0.0266189742833]], "cov": [[14568.5791016, 251.006652832, -1957.07067871, 459.573455811, -554.813232422, 112.834365845, -356.648590088, 205.233474731, -279.712554932, -26.6625957489, -125.144363403, 52.8865776062, -74.6174468994], [251.006652832, 908.404418945, -177.430740356, -91.4300384521, 79.8195724487, -127.284469604, 56.0279884338, -61.8015480042, 64.0638580322, -48.9523353577, 105.748474121, -42.5316047668, 55.1417694092], [-1957.07067871, -177.430740356, 614.95111084, -36.0995063782, 91.1045532227, 53.4467353821, 4.91683197021, -7.24385690689, 17.0767383575, 25.1547279358, -38.2750663757, 5.2228975296, -6.11313724518], [459.573455811, -91.4300384521, -36.0995063782, 193.839431763, -6.00449895859, 26.2207794189, 10.3302202225, -1.08234488964, 5.84932851791, -0.639516830444, -9.25827407837, -7.6442284584, 1.55813646317], [-554.813232422, 79.8195724487, 91.1045532227, -6.00449895859, 158.652572632, 1.47237408161, 54.0261802673, 4.16123151779, 11.5159101486, 2.53269934654, 6.64676952362, -4.98721456528, -8.32511997223], [112.834365845, -127.284469604, 53.4467353821, 26.2207794189, 1.47237408161, 124.298408508, 13.6258068085, 27.7186450958, 4.35619211197, 3.22839641571, -19.0427761078, 0.429730594158, 2.51701426506], [-356.648590088, 56.0279884338, 4.91683197021, 10.3302202225, 54.0261802673, 13.6258068085, 96.4678878784, 9.47791957855, 22.5259304047, -1.30854582787, 12.9091358185, -7.76575469971, -3.13012909889], [205.233474731, -61.8015480042, -7.24385690689, -1.08234488964, 4.16123151779, 27.7186450958, 9.47791957855, 73.2486038208, 18.0732688904, 11.4437217712, -8.71437931061, -0.0275249797851, -0.323404937983], [-279.712554932, 64.0638580322, 17.0767383575, 5.84932851791, 11.5159101486, 4.35619211197, 22.5259304047, 18.0732688904, 74.2546081543, 22.5458316803, 23.8317375183, -5.2025718689, 11.6728973389], [-26.6625957489, -48.9523353577, 25.1547279358, -0.639516830444, 2.53269934654, 3.22839641571, -1.30854582787, 11.4437217712, 22.5458316803, 59.1398200989, 16.0562610626, 6.91652965546, -12.0588541031], [-125.144363403, 105.748474121, -38.2750663757, -9.25827407837, 6.64676952362, -19.0427761078, 12.9091358185, -8.71437931061, 23.8317375183, 16.0562610626, 70.5453109741, 11.9154834747, 19.0594730377], [52.8865776062, -42.5316047668, 5.2228975296, -7.6442284584, -4.98721456528, 0.429730594158, -7.76575469971, -0.0275249797851, -5.2025718689, 6.91652965546, 11.9154834747, 49.0577850342, 18.7260494232], [-74.6174468994, 55.1417694092, -6.11313724518, 1.55813646317, -8.32511997223, 2.51701426506, -3.13012909889, -0.323404937983, 11.6728973389, -12.0588541031, 19.0594730377, 18.7260494232, 65.56980896]]}, "spectral_energyband_middle_low": {"dmean2": 0.00351524306461, "median": 0.00519607495517, "min": 1.6146632642e-13, "dvar2": 2.37934509641e-05, "dvar": 9.40802419791e-06, "dmean": 0.00222740368918, "max": 0.0468975752592, "var": 2.9451390219e-05, "mean": 0.00676138792187}, "melbands_crest": {"dmean2": 3.82621979713, "median": 14.9352521896, "min": 1.51374876499, "dvar2": 14.1870241165, "dvar": 6.52925348282, "dmean": 2.52453637123, "max": 31.569393158, "var": 26.3708152771, "mean": 15.3882436752}, "spectral_kurtosis": {"dmean2": 2.2605342865, "median": 4.39851427078, "min": -1.21583557129, "dvar2": 5.92432451248, "dvar": 1.9940123558, "dmean": 1.3080881834, "max": 44.8122634888, "var": 8.09349441528, "mean": 4.82757568359}, "spectral_rms": {"dmean2": 0.0010126264533, "median": 0.0051242262125, "min": 5.55742651898e-08, "dvar2": 1.86309273431e-06, "dvar": 8.27202029541e-07, "dmean": 0.000655929557979, "max": 0.0135573269799, "var": 2.56953103417e-06, "mean": 0.00524606602266}, "zerocrossingrate": {"dmean2": 0.00887502357364, "median": 0.06640625, "min": 0.00341796875, "dvar2": 8.59327847138e-05, "dvar": 6.92663816153e-05, "dmean": 0.00750297075137, "max": 0.54345703125, "var": 0.00185456569307, "mean": 0.0703262984753}, "silence_rate_60dB": {"dmean2": 0.000944807485212, "median": 0, "min": 0, "dvar2": 0.00110140140168, "dvar": 0.0004721514415, "dmean": 0.00047236654791, "max": 1, "var": 0.0271651558578, "mean": 0.0279461536556}, "erbbands_kurtosis": {"dmean2": 1.1042175293, "median": 0.654931306839, "min": -1.60699284077, "dvar2": 1.30941295624, "dvar": 0.529716432095, "dmean": 0.696879923344, "max": 37.2456016541, "var": 5.14148807526, "mean": 1.01045942307}, "erbbands": {"dmean2": [0.227628752589, 2.10447001457, 4.22970151901, 4.13311719894, 4.3767156601, 5.79160118103, 7.78330898285, 7.34465360641, 5.00417947769, 13.0365781784, 5.30424070358, 8.86082553864, 13.3799676895, 17.7301158905, 25.1638946533, 18.0888404846, 28.709985733, 44.4223632812, 30.5529613495, 59.5014724731, 40.5616264343, 54.2306671143, 38.0377044678, 21.9539470673, 17.8402938843, 12.6683330536, 7.1955370903, 4.47645187378, 3.70713114738, 2.69468903542, 1.72000217438, 1.46883952618, 0.989108622074, 0.621538341045, 0.194959595799, 0.0696313604712, 0.0135865211487, 0.00176254822873, 0.000133105975692, 1.76040721271e-05], "median": [0.0651918500662, 1.82131040096, 3.17117452621, 1.61893904209, 2.38876724243, 4.72550344467, 3.1840262413, 4.5964846611, 5.21768856049, 10.3767309189, 5.04535627365, 9.67009735107, 11.0235157013, 12.3094358444, 18.6631126404, 18.4206314087, 27.6666164398, 38.8518447876, 34.4332847595, 53.5830383301, 55.3306045532, 65.1898727417, 54.7801513672, 33.5023536682, 24.9601726532, 15.4163160324, 8.4597158432, 4.85316371918, 3.11422181129, 2.00844931602, 1.44539749622, 0.915403485298, 0.550773799419, 0.313435971737, 0.0911827534437, 0.0283163320273, 0.00647214613855, 0.000752035586629, 7.86657910794e-05, 3.96424984501e-05], "min": [4.84044601005e-14, 6.50489861628e-13, 4.01344842776e-12, 9.72399764876e-12, 3.17328663346e-11, 3.86047131762e-11, 1.10367583128e-10, 6.91637164207e-11, 1.55292140258e-10, 2.66083793887e-10, 8.73515870747e-10, 7.41863459552e-10, 5.4287874196e-10, 1.46722589633e-09, 8.41961944609e-10, 1.87660242901e-09, 1.04867148298e-09, 7.81670339567e-10, 2.10659756306e-09, 1.93817251137e-09, 1.61629920559e-09, 3.43809114511e-09, 1.97724947526e-09, 3.19062087861e-09, 3.0645557203e-09, 5.69900970859e-09, 6.86566004049e-09, 4.23380175363e-09, 4.53315429638e-09, 2.20275642171e-09, 2.39669550872e-09, 3.49801898558e-09, 4.6826520439e-09, 3.90753074342e-09, 2.29925989359e-09, 1.61486335415e-09, 1.07670738991e-09, 3.81537634819e-10, 8.28588794799e-11, 1.61079153488e-11], "dvar2": [0.193006590009, 15.156463623, 66.1419525146, 54.3539772034, 60.2386856079, 116.937980652, 313.46270752, 312.422790527, 93.6529922485, 373.319976807, 121.246986389, 147.897674561, 430.620452881, 787.448303223, 1243.70043945, 895.931518555, 1691.01635742, 3416.296875, 1694.4387207, 6515.44238281, 2290.66137695, 6370.93945312, 2163.90405273, 690.115905762, 651.781494141, 373.802520752, 191.172210693, 102.588951111, 74.6650924683, 38.3375663757, 23.6704273224, 43.4399375916, 22.4212608337, 7.80771255493, 0.814439833164, 0.0855823606253, 0.00191912893206, 1.86402521649e-05, 1.05008716389e-07, 7.43382133628e-10], "dvar": [0.124342814088, 5.69073390961, 22.9051208496, 20.1974506378, 22.0522327423, 43.0373458862, 130.986373901, 142.937683105, 43.9454956055, 196.382781982, 52.7077827454, 63.0646514893, 185.759109497, 370.492370605, 507.52432251, 419.338623047, 709.856811523, 1391.03271484, 682.952758789, 2410.22119141, 923.586303711, 2489.75146484, 767.084228516, 244.656021118, 235.00328064, 133.676376343, 71.9270172119, 40.8310966492, 32.2657394409, 17.6091060638, 10.88722229, 19.5323047638, 10.4382667542, 3.66168427467, 0.410073727369, 0.0410902351141, 0.000965938786976, 1.05638737296e-05, 5.87827635457e-08, 3.30476673804e-10], "dmean": [0.166614055634, 1.23603284359, 2.39228367805, 2.47283864021, 2.56990695, 3.60647988319, 4.91616106033, 4.72538709641, 3.37995886803, 9.36847496033, 3.51765489578, 5.70768117905, 8.60088634491, 11.5224666595, 15.771030426, 11.5895748138, 17.9745101929, 27.5220298767, 18.3803825378, 35.2614631653, 24.821062088, 32.9866676331, 22.5659179688, 13.1190214157, 10.7110481262, 7.62393951416, 4.42925786972, 2.8416929245, 2.45315599442, 1.78673660755, 1.13660180569, 0.974574685097, 0.661148130894, 0.413943976164, 0.134114578366, 0.0486178956926, 0.00958287250251, 0.00128235365264, 9.69652755884e-05, 1.17549698189e-05], "max": [2.9400537014, 29.892616272, 66.5491790771, 73.3650283813, 74.4396286011, 159.628005981, 279.255310059, 407.75881958, 261.364013672, 353.010650635, 404.10369873, 206.994781494, 359.56817627, 723.489196777, 405.13772583, 737.342651367, 642.594909668, 722.873168945, 676.229064941, 1160.99328613, 755.441162109, 1188.83569336, 492.255706787, 298.453399658, 587.872009277, 464.763336182, 543.928283691, 283.839324951, 264.011962891, 127.730422974, 88.7240600586, 237.614532471, 154.968795776, 72.9447631836, 26.6153945923, 8.53221035004, 1.19591152668, 0.135196492076, 0.0131339002401, 0.000460810115328], "var": [0.253880649805, 5.52526426315, 21.1138477325, 31.5383281708, 26.4947948456, 95.8135375977, 616.261413574, 483.616729736, 138.872512817, 657.414306641, 131.854629517, 168.65586853, 666.773986816, 1494.11340332, 1009.1151123, 1013.5012207, 1729.49584961, 3015.53344727, 1740.26074219, 4130.51416016, 3091.11352539, 5591.57226562, 2091.90722656, 1016.20153809, 868.026855469, 501.57522583, 181.347183228, 88.6655731201, 82.7384185791, 43.2231864929, 21.1282119751, 33.3546638489, 21.1805057526, 6.67050886154, 0.702811360359, 0.0709869861603, 0.00218357308768, 3.21516999975e-05, 1.79539483725e-07, 7.33033633793e-10], "mean": [0.259890556335, 2.23823785782, 4.54666280746, 3.9423084259, 4.06814050674, 7.61703824997, 11.2538709641, 10.659573555, 8.42979431152, 19.2449607849, 8.14336395264, 13.0765161514, 19.2566719055, 23.8765544891, 29.0052661896, 26.0613975525, 38.9911422729, 54.0448036194, 43.2953643799, 70.0408096313, 66.9387130737, 80.0869445801, 63.1114387512, 40.8889770508, 34.1169509888, 23.6379833221, 12.7287759781, 7.86437177658, 6.49476909637, 4.56010103226, 2.85407233238, 2.12071943283, 1.38938653469, 0.831009805202, 0.265675485134, 0.0931145399809, 0.0196479912847, 0.00256467051804, 0.000196734399651, 4.46644880867e-05]}, "spectral_strongpeak": {"dmean2": 0.529211640358, "median": 0.338674128056, "min": 0, "dvar2": 1.85344195366, "dvar": 0.696218729019, "dmean": 0.29585236311, "max": 12.5849256516, "var": 0.683462679386, "mean": 0.534332752228}, "spectral_energy": {"dmean2": 0.0130472024903, "median": 0.0269141346216, "min": 3.16571118278e-12, "dvar2": 0.000454395660199, "dvar": 0.000191570798052, "dmean": 0.00835120212287, "max": 0.188396155834, "var": 0.000334917131113, "mean": 0.0308430418372}, "average_loudness": 0.929925918579, "spectral_rolloff": {"dmean2": 640.094604492, "median": 2239.453125, "min": 86.1328125, "dvar2": 674651.3125, "dvar": 346488.4375, "dmean": 393.001403809, "max": 20908.7402344, "var": 2873451.25, "mean": 2234.71875}, "spectral_centroid": {"dmean2": 267.162139893, "median": 2057.76416016, "min": 113.850219727, "dvar2": 70232.9375, "dvar": 33251.953125, "dmean": 168.128234863, "max": 10831.5703125, "var": 287412.84375, "mean": 2028.22167969}, "pitch_salience": {"dmean2": 0.0884828343987, "median": 0.513714790344, "min": 0.0893233567476, "dvar2": 0.0066812117584, "dvar": 0.00264744227752, "dmean": 0.0547759197652, "max": 0.858784377575, "var": 0.0107289506122, "mean": 0.505462825298}, "spectral_energyband_middle_high": {"dmean2": 0.0028645680286, "median": 0.00909706391394, "min": 4.07117292352e-13, "dvar2": 9.11649294721e-06, "dvar": 3.68327482647e-06, "dmean": 0.00179936073255, "max": 0.0377995669842, "var": 2.74900230579e-05, "mean": 0.00962320901453}, "spectral_contrast_coeffs": {"dmean2": [0.0695991441607, 0.06332680583, 0.0574498735368, 0.0463054552674, 0.0325075946748, 0.024390636012], "median": [-0.664900422096, -0.737691223621, -0.763682723045, -0.771854043007, -0.768180370331, -0.740538954735], "min": [-0.945538699627, -0.970905482769, -0.964851558208, -0.966197550297, -0.955631434917, -0.960776746273], "dvar2": [0.00335433729924, 0.00264347949997, 0.00209302012809, 0.00126782199368, 0.000623926403932, 0.000524563714862], "dvar": [0.00124939542729, 0.00102108751889, 0.000794378109276, 0.000452845764812, 0.00022435549181, 0.00020631463849], "dmean": [0.0421544425189, 0.0395739078522, 0.0350795388222, 0.027669114992, 0.0191855914891, 0.0149060478434], "max": [-0.38800317049, -0.427707016468, -0.584815502167, -0.638555049896, -0.645905256271, -0.642515778542], "var": [0.00412849150598, 0.00463832821697, 0.00263085286133, 0.00141427374911, 0.00114297901746, 0.00164828065317], "mean": [-0.663000822067, -0.732019901276, -0.763246655464, -0.772221088409, -0.771139323711, -0.747159004211]}, "melbands_skewness": {"dmean2": 0.822685360909, "median": 1.94319701195, "min": -0.873197615147, "dvar2": 0.906363725662, "dvar": 0.407312631607, "dmean": 0.52692335844, "max": 17.6926307678, "var": 1.36750018597, "mean": 2.16969203949}, "spectral_spread": {"dmean2": 433892.65625, "median": 3349129, "min": 1494426.25, "dvar2": 344572657664, "dvar": 244749697024, "dmean": 284815.46875, "max": 41600100, "var": 1310994071550.0, "mean": 3546934.75}, "dissonance": {"dmean2": 0.0132365860045, "median": 0.48590528965, "min": 0.250913143158, "dvar2": 0.000160605050041, "dvar": 5.97740363446e-05, "dmean": 0.00786457024515, "max": 0.5, "var": 0.00026690895902, "mean": 0.482145339251}, "spectral_skewness": {"dmean2": 0.260945081711, "median": 1.32277047634, "min": 0.0280677359551, "dvar2": 0.0570442527533, "dvar": 0.0202249623835, "dmean": 0.154899761081, "max": 5.23990106583, "var": 0.163827598095, "mean": 1.3584754467}, "spectral_flux": {"dmean2": 0.0308531112969, "median": 0.0748214051127, "min": 1.90684306745e-06, "dvar2": 0.00200561620295, "dvar": 0.000846098235343, "dmean": 0.0193161144853, "max": 0.35260361433, "var": 0.0016213938361, "mean": 0.0800961181521}, "spectral_contrast_valleys": {"dmean2": [0.605492949486, 0.476503103971, 0.443864732981, 0.337676733732, 0.233554199338, 0.265085369349], "median": [-6.97628355026, -6.85918235779, -7.04497385025, -6.77815341949, -6.63864517212, -9.88195610046], "min": [-27.5080280304, -26.8170032501, -27.3879795074, -27.0937862396, -27.3294563293, -27.1837558746], "dvar2": [0.26807898283, 0.159037023783, 0.146449491382, 0.0817466378212, 0.051745660603, 0.139365568757], "dvar": [0.124551743269, 0.0721093788743, 0.0659947916865, 0.04220219329, 0.032861623913, 0.0770819708705], "dmean": [0.376446962357, 0.287932008505, 0.267325282097, 0.201597541571, 0.144039392471, 0.179412588477], "max": [-5.16573476791, -5.37129688263, -5.72982358932, -5.5933804512, -5.64738559723, -7.5936498642], "var": [1.64894199371, 1.41877913475, 1.55327308178, 1.65326094627, 1.69478225708, 1.43775200844], "mean": [-7.10954475403, -7.029276371, -7.25003385544, -7.0368142128, -6.84484577179, -10.0709028244]}, "erbbands_flatness_db": {"dmean2": 0.0169195048511, "median": 0.155972450972, "min": 0.033858563751, "dvar2": 0.000241402143729, "dvar": 0.000117067807878, "dmean": 0.0110311927274, "max": 0.323098123074, "var": 0.000644649146125, "mean": 0.155638098717}, "spectral_energyband_high": {"dmean2": 0.000346990593243, "median": 0.000560327956919, "min": 2.31878123473e-12, "dvar2": 5.41550605249e-07, "dvar": 2.85429081259e-07, "dmean": 0.000241556364927, "max": 0.0154374977574, "var": 9.7710665159e-07, "mean": 0.000882023596205}, "spectral_entropy": {"dmean2": 0.107452809811, "median": 7.76081323624, "min": 5.25618076324, "dvar2": 0.00978266447783, "dvar": 0.0052241589874, "dmean": 0.0707365497947, "max": 9.80021953583, "var": 0.10462603718, "mean": 7.75686216354}, "silence_rate_20dB": {"dmean2": 0, "median": 1, "min": 1, "dvar2": 0, "dvar": 0, "dmean": 0, "max": 1, "var": 0, "mean": 1}, "melbands_flatness_db": {"dmean2": 0.029269516468, "median": 0.156689554453, "min": 0.00200117658824, "dvar2": 0.00100235431455, "dvar": 0.000462922587758, "dmean": 0.0188067425042, "max": 0.606673955917, "var": 0.00434861844406, "mean": 0.167838022113}, "barkbands": {"dmean2": [0.000460226467112, 0.00844996422529, 0.00319882086478, 0.00166103022639, 0.00144291471224, 0.000977588468231, 0.000625601969659, 0.000260974891717, 0.000463417498395, 0.000413913454395, 0.000838317500893, 0.000513931969181, 0.00061550643295, 0.000910536560696, 0.000895039003808, 0.000834131846204, 0.000945556617808,