{"tonal": {"thpcp": [1, 0.326850235462, 0.177511051297, 0.188161715865, 0.146888405085, 0.332695901394, 0.388061583042, 0.190735816956, 0.105837643147, 0.0924233794212, 0.139027148485, 0.413050979376, 0.623578429222, 0.647575378418, 0.645980119705, 0.344974011183, 0.102531582117, 0.218440070748, 0.22871054709, 0.194649472833, 0.552901387215, 0.599363803864, 0.208926007152, 0.079111456871, 0.0688306316733, 0.0798646658659, 0.254677593708, 0.304502665997, 0.137231975794, 0.0864523649216, 0.100725464523, 0.126529619098, 0.206123396754, 0.220328882337, 0.314904123545, 0.956740319729], "hpcp": {"dmean2": [0.139120623469, 0.153535664082, 0.0838785916567, 0.0676531121135, 0.0791802033782, 0.0957481488585, 0.123377889395, 0.132508158684, 0.227452650666, 0.252615779638, 0.22874134779, 0.206638589501, 0.116380415857, 0.112494766712, 0.0945667251945, 0.145754829049, 0.163088560104, 0.119571983814, 0.0836616232991, 0.0773781910539, 0.0914010331035, 0.187831252813, 0.160735547543, 0.225860312581, 0.266781061888, 0.15347841382, 0.0721638873219, 0.10987033695, 0.111406587064, 0.125998958945, 0.183826252818, 0.190960347652, 0.136537909508, 0.0724146589637, 0.064503595233, 0.072962038219], "median": [0.0126179549843, 0.0145033877343, 0.0118959899992, 0.00626069679856, 0.0044313352555, 0.00686482712626, 0.0181604884565, 0.0163296628743, 0.0453166551888, 0.075965039432, 0.0615922883153, 0.0398568361998, 0.00627333763987, 0.00615166686475, 0.0165168642998, 0.0503166951239, 0.0613093599677, 0.0245068259537, 0.00381183158606, 0.00419086590409, 0.0121465278789, 0.0310171414167, 0.0245527848601, 0.058713901788, 0.0417943038046, 0.0282878745347, 0.00565275317058, 0.0118881333619, 0.0125819463283, 0.0358338393271, 0.0500650703907, 0.052911862731, 0.0225458722562, 0.00724263489246, 0.00569580262527, 0.00633942941204], "min": [0, 0, 0, 0, 0, 0, 0, 0, 0, 0, 0, 0, 0, 0, 0, 0, 0, 0, 0, 0, 0, 0, 0, 0, 0, 0, 0, 0, 0, 0, 0, 0, 0, 0, 0, 0], "dvar2": [0.0664624944329, 0.0748868435621, 0.0363427996635, 0.0361626371741, 0.0419539771974, 0.0493901856244, 0.0678671598434, 0.0751571729779, 0.0946598574519, 0.114938616753, 0.113382026553, 0.0782887563109, 0.060979180038, 0.0602738149464, 0.0396515317261, 0.0567288845778, 0.0652975663543, 0.0536764785647, 0.0504386499524, 0.0504740253091, 0.0452726483345, 0.0859180092812, 0.0829505771399, 0.0948197618127, 0.130115568638, 0.0590956658125, 0.0348858200014, 0.0483235456049, 0.0438364781439, 0.0355747826397, 0.0727930814028, 0.0723693817854, 0.0509470775723, 0.0325955636799, 0.0295106731355, 0.033625151962], "dvar": [0.0281442329288, 0.033273819834, 0.012714185752, 0.0131407445297, 0.0155721744522, 0.0181237086654, 0.0251459870487, 0.0281794313341, 0.0326834991574, 0.048360273242, 0.0473673641682, 0.0280510038137, 0.0257593356073, 0.0273531861603, 0.0145745510235, 0.0229871403426, 0.027710756287, 0.0200074352324, 0.0191632322967, 0.0185788627714, 0.0171396024525, 0.0343677550554, 0.0392639264464, 0.0350286513567, 0.047422837466, 0.0207286886871, 0.0125605789945, 0.0197074394673, 0.0184196643531, 0.0126500343904, 0.0290030706674, 0.0304769631475, 0.0178986154497, 0.0111936992034, 0.0100879482925, 0.0113984094933], "dmean": [0.0865887776017, 0.0960937663913, 0.0495456047356, 0.0380776338279, 0.0447412915528, 0.0541602410376, 0.0704119727015, 0.0759861394763, 0.12739636004, 0.144300043583, 0.127385690808, 0.117893978953, 0.0686777308583, 0.0675046220422, 0.0543773025274, 0.0914715006948, 0.103774912655, 0.0689059644938, 0.0473836995661, 0.0427972115576, 0.052139788866, 0.11254812777, 0.0963157862425, 0.128654018044, 0.14792881906, 0.0851582512259, 0.0405720248818, 0.0674989372492, 0.0686555430293, 0.0714492201805, 0.109301507473, 0.112699612975, 0.0771578997374, 0.0390736088157, 0.0347334705293, 0.0400641784072], "max": [1, 1, 1, 1, 1, 1, 1, 1, 1, 1, 1, 1, 1, 1, 1, 1, 1, 1, 1, 1, 1, 1, 1, 1, 1, 1, 1, 1, 1, 1, 1, 1, 1, 1, 1, 1], "var": [0.0375069119036, 0.0515927262604, 0.011881602928, 0.011828054674, 0.0144567172974, 0.0175306368619, 0.0287706889212, 0.0337536111474, 0.0313445068896, 0.175449371338, 0.193035587668, 0.0335281416774, 0.0324873477221, 0.0394713357091, 0.0146032255143, 0.0370735451579, 0.0480528697371, 0.0207926332951, 0.0180411227047, 0.0156253036112, 0.0173125173897, 0.059984728694, 0.144697934389, 0.0891374349594, 0.123433470726, 0.0388633050025, 0.0141083877534, 0.0312343221158, 0.0331451781094, 0.0123853785917, 0.0896054431796, 0.108398661017, 0.0181660093367, 0.0071637192741, 0.00627382751554, 0.00725748296827], "mean": [0.100729592144, 0.120436310768, 0.054277729243, 0.0341934747994, 0.0398387424648, 0.0500447563827, 0.0815255343914, 0.087144061923, 0.124550282955, 0.378408104181, 0.395518094301, 0.12927518785, 0.0702088326216, 0.0744213610888, 0.0580970235169, 0.131587252021, 0.153485372663, 0.0754394680262, 0.0418607033789, 0.0365551188588, 0.0549877546728, 0.163369134068, 0.246636554599, 0.256127774715, 0.255496829748, 0.136443465948, 0.0405530966818, 0.0863969996572, 0.0904591605067, 0.0769873857498, 0.218682512641, 0.237059235573, 0.0826340168715, 0.0312900133431, 0.0272237602621, 0.031587921083]}, "tuning_equal_tempered_deviation": 0.179713129997, "chords_changes_rate": 0.0570883229375, "key_key": "F", "tuning_diatonic_strength": 0.528153538704, "key_scale": "major", "chords_number_rate": 0.00190872803796, "tuning_frequency": 434.193115234, "tuning_nontempered_energy_ratio": 0.89651119709, "chords_histogram": [17.2132568359, 24.7440567017, 18.6534786224, 6.5590839386, 0.694082915783, 1.59639072418, 0.41644975543, 0.0173520743847, 16.6406383514, 1.52698242664, 0.364393532276, 0, 0.0520562194288, 0, 0, 0.0173520743847, 0, 1.23199725151, 0.26028111577, 3.55717515945, 0, 0, 2.30782580376, 4.14714574814], "key_strength": 0.771952271461, "chords_key": "A", "chords_strength": {"dmean2": 0.00809084344655, "median": 0.476959884167, "min": -1, "dvar2": 0.000729321560357, "dvar": 0.000367740576621, "dmean": 0.00765658263117, "max": 0.786881029606, "var": 0.0180680025369, "mean": 0.47277495265}, "chords_scale": "minor", "hpcp_entropy": {"dmean2": 0.969286680222, "median": 2.01213216782, "min": 0, "dvar2": 0.63115477562, "dvar": 0.240270197392, "dmean": 0.571986377239, "max": 4.41743373871, "var": 0.471134543419, "mean": 2.03068375587}}, "metadata": {"audio_properties": {"equal_loudness": 0, "codec": "vorbis", "downmix": "mix", "sample_rate": 44100, "analysis_sample_rate": 44100, "bit_rate": 128000, "md5_encoded": "fc147d30bbafc24903319ad5e518427c", "length": 267.544677734, "replay_gain": -10.8192844391, "lossless": false}, "version": {"essentia_build_sha": "70f2e5ece6736b2c40cc944ad0e695b16b925413", "essentia": "2.1-beta2", "extractor": "music 1.0", "essentia_git_sha": "v2.1_beta2"}, "tags": {"title": ["Us Against Whatever Ever"], "barcode": ["5060180320898"], "media": ["CD"], "albumartist": ["Ghostpoet"], "tracktotal": ["12"], "language": ["eng"], "releasetype": ["album"], "musicbrainz_recordingid": ["12291631-1b6c-42b6-afa3-bca2b455ea19"], "musicbrainz_albumartistid": ["0c2393aa-7fe3-4314-81de-b91baf4982c6"], "discnumber": ["1"], "album": ["Peanut Butter Blues & Melancholy Jam"], "catalognumber": ["BWOOD057CD"], "releasecountry": ["GB"], "file_name": "03 Us Against Whatever Ever.ogg", "originaldate": ["2011-02-07"], "albumartistsort": ["Ghostpoet"], "date": ["2011-02-07"], "genre": ["Other"], "disctotal": ["1"], "musicbrainz_artistid": ["0c2393aa-7fe3-4314-81de-b91baf4982c6"], "asin": ["B004IZODG0"], "musicbrainz_albumid": ["4d47f1de-2c8c-47d9-82cc-3b439a22ab09"], "tracknumber": ["3"], "artistsort": ["Ghostpoet"], "artist": ["Ghostpoet"], "label": ["Brownswood Recordings"], "releasestatus": ["official"], "totaldiscs": ["1"], "script": ["Latn"], "totaltracks": ["12"]}}, "rhythm": {"bpm_histogram_first_peak_bpm": {"dmean2": 0, "median": 120, "min": 120, "dvar2": 0, "dvar": 0, "dmean": 0, "max": 120, "var": 0, "mean": 120}, "bpm": 119.983398438, "bpm_histogram_second_peak_spread": {"dmean2": 0, "median": 0.397435903549, "min": 0.397435903549, "dvar2": 0, "dvar": 0, "dmean": 0, "max": 0.397435903549, "var": 0, "mean": 0.397435903549}, "bpm_histogram_first_peak_weight": {"dmean2": 0, "median": 0.420577615499, "min": 0.420577615499, "dvar2": 0, "dvar": 0, "dmean": 0, "max": 0.420577615499, "var": 0, "mean": 0.420577615499}, "onset_rate": 4.39148044586, "beats_position": [0.684988677502, 1.369977355, 2.04335594177, 2.72834467888, 3.43655323982, 4.13315200806, 4.82975053787, 5.52634906769, 6.2229475975, 6.90793657303, 7.59292507172, 8.26630401611, 8.93968200684, 9.61306095123, 10.2864398956, 10.95981884, 11.6215867996, 12.2833557129, 12.9567346573, 13.6185035706, 14.2802715302, 14.9536504745, 15.6270294189, 16.2887973785, 16.9621772766, 17.6239452362, 18.2857131958, 18.9474830627, 19.6208610535, 20.2826309204, 20.8631286621, 21.4552383423, 22.035736084, 22.5697956085, 23.1038551331, 23.6379127502, 24.1835823059, 24.7292518616, 25.286529541, 25.8438091278, 26.3894786835, 26.9351463318, 27.4692058563, 28.0032653809, 28.537322998, 29.0829925537, 29.6286621094, 30.1278915405, 30.6271190643, 31.1263484955, 31.6255779266, 32.1248054504, 32.6240348816, 33.1232643127, 33.6224937439, 34.121723175, 34.6209526062, 35.1201820374, 35.6194114685, 36.118637085, 36.6178665161, 37.1170959473, 37.6163253784, 38.1271629333, 38.6263923645, 39.1256217957, 39.6248512268, 40.124080658, 40.6233100891, 41.1225395203, 41.6217689514, 42.1209983826, 42.6202278137, 43.1194534302, 43.6186828613, 44.1179122925, 44.6171417236, 45.1163711548, 45.6156005859, 46.1148300171, 46.6140594482, 47.1132888794, 47.6125144958, 48.111743927, 48.6109733582, 49.1102027893, 49.6210403442, 50.1318817139, 50.6194992065, 51.1187286377, 51.6179580688, 52.1171875, 52.6164169312, 53.1156463623, 53.6148757935, 54.1257133484, 54.6249427795, 55.1241722107, 55.6117897034, 56.1110191345, 56.6102485657, 57.1210861206, 57.6319274902, 58.0382766724, 58.4562339783, 58.8393630981, 59.222492218, 59.6056213379, 59.9887504578, 60.3834915161, 60.7898406982, 61.1961898804, 61.6025390625, 61.9856681824, 62.3687973022, 62.7403144836, 63.1118354797, 63.4833564758, 63.8548736572, 64.2263946533, 64.5979156494, 64.9810409546, 65.3641738892, 65.7356872559, 66.107208252, 66.478729248, 66.8502502441, 67.2333755493, 67.6165084839, 68.0112457275, 68.4059829712, 68.8123321533, 69.2186813354, 69.6250305176, 70.0313796997, 70.4377288818, 70.8324737549, 71.2272109985, 71.6103363037, 72.0050811768, 72.3998184204, 72.7945556641, 73.2009048462, 73.6072540283, 74.001991272, 74.4083404541, 74.8030853271, 75.2094345093, 75.6041717529, 75.9872970581, 76.3704299927, 76.7419509888, 77.1134643555, 77.4849853516, 77.8565063477, 78.2280273438, 78.5995483398, 78.982673645, 79.3658065796, 79.7373199463, 80.1088409424, 80.4803619385, 80.8518829346, 81.2350082397, 81.6181411743, 82.0012664795, 82.3960113525, 82.8023605347, 83.2087097168, 83.6150588989, 84.0097961426, 84.4045333862, 84.8108825684, 85.2172317505, 85.6119689941, 85.9951019287, 86.3898391724, 86.7961883545, 87.2141494751, 87.6088867188, 88.0036239624, 88.3983688354, 88.8047180176, 89.2110671997, 89.6058044434, 89.9889297485, 90.3952789307, 90.8016281128, 91.2079772949, 91.602722168, 91.9974594116, 92.4038085938, 92.7985458374, 93.2048950195, 93.5996322632, 93.9827651978, 94.3658905029, 94.737411499, 95.1089324951, 95.4804534912, 95.8519744873, 96.223487854, 96.6066207886, 96.9897460938, 97.3612670898, 97.7444000244, 98.2320175171, 98.7312469482, 99.2304763794, 99.7297058105, 100.217323303, 100.728164673, 101.227394104, 101.726615906, 102.225845337, 102.725074768, 103.235916138, 103.735145569, 104.222763062, 104.721992493, 105.232833862, 105.743675232, 106.231292725, 106.730522156, 107.229751587, 107.728981018, 108.22820282, 108.739044189, 109.238273621, 109.737503052, 110.225120544, 110.735961914, 111.223579407, 111.722808838, 112.222038269, 112.732879639, 113.243713379, 113.74294281, 114.242172241, 114.729797363, 115.229019165, 115.716644287, 116.215873718, 116.726707458, 117.22593689, 117.725166321, 118.224395752, 118.723625183, 119.234466553, 119.733695984, 120.232925415, 120.732154846, 121.231384277, 121.742218018, 122.22983551, 122.729064941, 123.228294373, 123.727523804, 124.226753235, 124.725982666, 125.225212097, 125.724441528, 126.223670959, 126.722900391, 127.222129822, 127.732971191, 128.220581055, 128.731430054, 129.219039917, 129.718276978, 130.217498779, 130.71673584, 131.215957642, 131.726806641, 132.226028442, 132.725265503, 133.236099243, 133.735321045, 134.234558105, 134.733779907, 135.233016968, 135.720626831, 136.208251953, 136.719085693, 137.229934692, 137.740768433, 138.228393555, 138.727615356, 139.226852417, 139.726074219, 140.225296021, 140.73614502, 141.223754883, 141.734603882, 142.233825684, 142.733062744, 143.220672607, 143.719909668, 144.21913147, 144.729980469, 145.229202271, 145.740036011, 146.239273071, 146.726898193, 147.214508057, 147.713745117, 148.212966919, 148.723800659, 149.234649658, 149.73387146, 150.233108521, 150.732330322, 151.231567383, 151.742401123, 152.230026245, 152.729248047, 153.228485107, 153.739318848, 154.226928711, 154.726165771, 155.225387573, 155.736236572, 156.235458374, 156.734695435, 157.233917236, 157.733154297, 158.22076416, 158.731613159, 159.230834961, 159.730072021, 160.217681885, 160.716918945, 161.216140747, 161.726974487, 162.214599609, 162.71383667, 163.213058472, 163.723892212, 164.234741211, 164.733963013, 165.233200073, 165.732421875, 166.231658936, 166.730880737, 167.230117798, 167.7293396, 168.228561401, 168.716186523, 169.215423584, 169.726257324, 170.225479126, 170.713104248, 171.223937988, 171.723175049, 172.222396851, 172.721633911, 173.220855713, 173.708480835, 174.219314575, 174.730148315, 175.252609253, 175.775054932, 176.29750061, 176.819946289, 177.342407227, 177.864852905, 178.398910522, 178.93296814, 179.467025757, 179.977859497, 180.488708496, 180.999542236, 181.498779297, 181.998001099, 182.4972229, 182.996459961, 183.484085083, 183.983306885, 184.482528687, 184.981765747, 185.480987549, 185.980224609, 186.479446411, 186.99029541, 187.489517212, 187.988754272, 188.499588013, 188.998809814, 189.486434937, 189.985671997, 190.484893799, 190.984130859, 191.483352661, 191.982574463, 192.481811523, 192.981033325, 193.491882324, 193.991104126, 194.490341187, 194.989562988, 195.488800049, 195.988021851, 196.487258911, 196.986480713, 197.485717773, 197.984939575, 198.484161377, 198.983398438, 199.482620239, 199.993469238, 200.49269104, 200.991928101, 201.479537964, 201.978775024, 202.477996826, 202.977233887, 203.476455688, 203.987304688, 204.498138428, 205.008972168, 205.49659729, 205.995819092, 206.495056152, 206.994277954, 207.493515015, 208.004348755, 208.526794434, 209.049255371, 209.594909668, 210.128982544, 210.663040161, 211.18548584, 211.707931519, 212.230377197, 212.752838135, 213.275283813, 213.809341431, 214.204071045, 214.587203979, 214.970336914, 215.365081787, 215.748199463, 216.131332397, 216.502853394, 216.87437439, 217.245895386, 217.617416382, 217.988937378, 218.360443115, 218.74357605, 219.126708984, 219.49822998, 219.881362915, 220.264480591, 220.636001587, 221.007522583, 221.390655518, 221.785385132, 222.191741943, 222.598098755, 223.132156372, 223.677825928, 224.211883545, 224.722717285, 225.233551025, 225.732788086, 226.220397949, 226.71963501, 227.23046875, 227.729705811, 228.228927612, 228.728164673, 229.227386475, 229.726623535, 230.225845337, 230.725082397, 231.224304199, 231.735137939, 232.222763062, 232.721984863, 233.221221924, 233.720443726, 234.219680786, 234.718902588, 235.218139648, 235.728973389, 236.228210449, 236.727432251, 237.226669312, 237.725891113, 238.225112915, 238.724349976, 239.235183716, 239.734420776, 240.22203064, 240.7212677, 241.220489502, 241.719726562, 242.218948364, 242.718185425, 243.229019165, 243.728256226, 244.227478027, 244.726715088, 245.22593689, 245.725158691, 246.224395752, 246.723617554, 247.222854614, 247.722076416, 248.221313477, 248.732147217, 249.231384277, 249.730606079, 250.22984314, 250.729064941, 251.228302002, 251.727523804, 252.226745605, 252.725982666, 253.225204468, 253.724441528, 254.22366333, 254.722900391, 255.233734131, 255.616867065, 256, 256.394744873, 256.789459229, 257.184204102, 257.578948975, 257.96206665, 258.356811523, 258.80960083, 259.262390137, 259.715179443, 260.098327637, 260.481445312, 260.864562988, 261.247711182, 261.630828857, 262.002349854, 262.385467529, 262.768615723, 263.163360596, 263.546478271, 263.929595947, 264.312744141, 264.66104126, 265.009338379, 265.357635498, 265.705932617, 266.065856934, 266.425750732, 266.785675049], "beats_loudness": {"dmean2": 0.0437669120729, "median": 0.0891930758953, "min": 0, "dvar2": 0.0012881065486, "dvar": 0.00044528854778, "dmean": 0.0245789866894, "max": 0.169956952333, "var": 0.00114452652633, "mean": 0.0872961804271}, "danceability": 1.22612452507, "bpm_histogram_second_peak_weight": {"dmean2": 0, "median": 0.0848375484347, "min": 0.0848375484347, "dvar2": 0, "dvar": 0, "dmean": 0, "max": 0.0848375484347, "var": 0, "mean": 0.0848375484347}, "beats_count": 555, "bpm_histogram_second_peak_bpm": {"dmean2": 0, "median": 157, "min": 157, "dvar2": 0, "dvar": 0, "dmean": 0, "max": 157, "var": 0, "mean": 157}, "bpm_histogram_first_peak_spread": {"dmean2": 0, "median": 0.2917932868, "min": 0.2917932868, "dvar2": 0, "dvar": 0, "dmean": 0, "max": 0.2917932868, "var": 0, "mean": 0.2917932868}, "beats_loudness_band_ratio": {"dmean2": [0.203508451581, 0.143470913172, 0.0601100549102, 0.153089061379, 0.0350332409143, 0.0297490209341], "median": [0.789227366447, 0.0573271214962, 0.0216746870428, 0.0358168110251, 0.00446679256856, 0.00182409596164], "min": [0, 0, 0, 0, 0, 0], "dvar2": [0.0398843958974, 0.0242202989757, 0.0054802922532, 0.0348305366933, 0.00261863088235, 0.00663097063079], "dvar": [0.0141779175028, 0.00841848459095, 0.00202030385844, 0.0132534047589, 0.000951779889874, 0.00316657545045], "dmean": [0.119055271149, 0.0798091441393, 0.0345359966159, 0.0866565778852, 0.0192492101341, 0.0166489854455], "max": [0.984644889832, 0.695539832115, 0.278006464243, 0.969160437584, 0.236931502819, 0.998081743717], "var": [0.047574877739, 0.0110898641869, 0.00208383589052, 0.0324966460466, 0.000828123826068, 0.00325801339932], "mean": [0.735581874847, 0.0967568978667, 0.0383601374924, 0.113700397313, 0.0164258126169, 0.013558591716]}}, "lowlevel": {"barkbands_spread": {"dmean2": 5.17680835724, "median": 8.82334041595, "min": 0.340901136398, "dvar2": 46.2308883667, "dvar": 26.7854995728, "dmean": 3.72714519501, "max": 159.294876099, "var": 97.1548614502, "mean": 11.9125747681}, "melbands_spread": {"dmean2": 4.78565168381, "median": 7.14776515961, "min": 0.578015267849, "dvar2": 42.7124595642, "dvar": 24.0641326904, "dmean": 3.47873854637, "max": 164.458816528, "var": 204.469482422, "mean": 11.5363426208}, "hfc": {"dmean2": 7.93468761444, "median": 13.9928979874, "min": 1.07625515056e-16, "dvar2": 107.459632874, "dvar": 68.7452316284, "dmean": 6.0534029007, "max": 124.632751465, "var": 299.382659912, "mean": 19.4709663391}, "barkbands_kurtosis": {"dmean2": 10.3796234131, "median": 7.24307632446, "min": -1.9483423233, "dvar2": 388.21875, "dvar": 171.449386597, "dmean": 6.74284029007, "max": 619.186218262, "var": 475.777557373, "mean": 12.2194662094}, "gfcc": {"mean": [-30.6985988617, 116.526237488, -72.8158187866, 16.3662490845, -32.6700973511, 17.2716884613, -25.246515274, 8.30917739868, -14.7570209503, 8.38254642487, -3.82500505447, 9.23583030701, -4.17522287369], "icov": [[0.000192495426745, -0.000329608359607, 0.00029083256959, -0.000474309345009, 0.00033197333687, -0.000537647341844, 0.000480673741549, -0.000704937498085, 0.000873034994584, -0.000796467706095, 0.000693205976859, -0.000694052374456, 0.000392587418901], [-0.000329608359607, 0.00127516826615, -0.000626880093478, 0.000912460265681, -0.000896524346899, 0.0011907487642, -0.000800669426098, 0.000956639472861, -0.00207735970616, 0.00225794385187, -0.00232684146613, 0.00207735248841, -0.00120471511036], [0.00029083256959, -0.000626880093478, 0.00176013307646, -0.00121414358728, 0.00125946104527, -0.000894596450962, 0.000802068097983, -0.00088649475947, 0.00144715467468, -0.00149550370406, 0.000865052745212, -0.000456354755443, -0.000180377086508], [-0.000474309345009, 0.000912460265681, -0.00121414358728, 0.00305870990269, -0.000872432021424, 0.00209357496351, -0.000903895066585, 0.00104373809882, -0.0026637671981, 0.000854981015436, -0.000784955569543, 0.000695231661666, -0.00104364438448], [0.00033197333687, -0.000896524346899, 0.00125946104527, -0.000872432021424, 0.00514276139438, -0.00124752381817, 0.000761052884627, 0.000216799337068, -0.00028480621404, 1.60766066983e-05, -0.000523337570485, -0.000386890053051, 0.000846050505061], [-0.000537647341844, 0.0011907487642, -0.000894596450962, 0.00209357496351, -0.00124752381817, 0.00744344713166, -0.00298582133837, 0.00321781821549, -0.00284547614865, 0.00211372575723, -0.00112941500265, 0.000888139416929, 0.000375464354875], [0.000480673741549, -0.000800669426098, 0.000802068097983, -0.000903895066585, 0.000761052884627, -0.00298582133837, 0.00717224739492, -0.00490414258093, 0.00296964589506, -0.00169426342472, 0.00122907012701, 0.000216029176954, -0.000770183105487], [-0.000704937498085, 0.000956639472861, -0.00088649475947, 0.00104373809882, 0.000216799337068, 0.00321781821549, -0.00490414258093, 0.0130116278306, -0.00840804167092, 0.00522345164791, -0.000318102771416, 0.00143963366281, 0.000647235487122], [0.000873034994584, -0.00207735970616, 0.00144715467468, -0.0026637671981, -0.00028480621404, -0.00284547614865, 0.00296964589506, -0.00840804167092, 0.0149873942137, -0.00912802200764, 0.00276363594458, 0.00044267566409, -0.00114883296192], [-0.000796467706095, 0.00225794385187, -0.00149550370406, 0.000854981015436, 1.60766066983e-05, 0.00211372575723, -0.00169426342472, 0.00522345164791, -0.00912802200764, 0.0174041502178, -0.00846591405571, 0.00275266845711, 0.00292232725769], [0.000693205976859, -0.00232684146613, 0.000865052745212, -0.000784955569543, -0.000523337570485, -0.00112941500265, 0.00122907012701, -0.000318102771416, 0.00276363594458, -0.00846591405571, 0.018944311887, -0.00827777944505, 0.0042029437609], [-0.000694052374456, 0.00207735248841, -0.000456354755443, 0.000695231661666, -0.000386890053051, 0.000888139416929, 0.000216029176954, 0.00143963366281, 0.00044267566409, 0.00275266845711, -0.00827777944505, 0.0173050239682, -0.00699193403125], [0.000392587418901, -0.00120471511036, -0.000180377086508, -0.00104364438448, 0.000846050505061, 0.000375464354875, -0.000770183105487, 0.000647235487122, -0.00114883296192, 0.00292232725769, 0.0042029437609, -0.00699193403125, 0.0144832329825]], "cov": [[19632.7050781, 264.750793457, -291.89364624, 1762.42077637, -718.170715332, 120.935241699, -506.079101562, 323.013519287, -258.646331787, 364.198944092, -136.234954834, 420.546813965, -240.759674072], [264.750793457, 2522.09106445, 79.1608123779, -148.788360596, 312.134399414, -134.121917725, 119.715431213, 161.231033325, 266.285247803, -131.100524902, 82.1473388672, -187.05229187, 110.714439392], [-291.89364624, 79.1608123779, 1037.04528809, 347.942993164, -187.729934692, -67.4081802368, -22.240404129, 31.7522258759, 28.6094055176, 40.0313110352, -21.1212921143, -3.38266968727, 61.285282135], [1762.42077637, -148.788360596, 347.942993164, 832.441040039, -107.055259705, -122.822792053, -57.8965148926, 87.0691604614, 90.3720092773, 96.9273529053, -26.3597450256, 39.8735618591, 21.1469936371], [-718.170715332, 312.134399414, -187.729934692, -107.055259705, 331.621551514, 14.4260625839, 12.1841030121, -17.205488205, 62.4759063721, -18.2246284485, 44.8926506042, -38.6141471863, -5.98714065552], [120.935241699, -134.121917725, -67.4081802368, -122.822792053, 14.4260625839, 214.589401245, 43.1970558167, -33.6739196777, -30.3342819214, -1.68508636951, -1.19379997253, 5.7864985466, -25.6543674469], [-506.079101562, 119.715431213, -22.240404129, -57.8965148926, 12.1841030121, 43.1970558167, 243.669631958, 85.8684692383, 30.4356555939, -38.5241622925, -24.8968715668, -42.0774917603, 23.6146755219], [323.013519287, 161.231033325, 31.7522258759, 87.0691604614, -17.205488205, -33.6739196777, 85.8684692383, 190.770324707, 99.6287460327, -12.7372350693, -33.4717521667, -36.4021720886, 11.8565855026], [-258.646331787, 266.285247803, 28.6094055176, 90.3720092773, 62.4759063721, -30.3342819214, 30.4356555939, 99.6287460327, 208.308410645, 50.4502830505, 10.1252593994, -56.9096260071, 6.26382446289], [364.198944092, -131.100524902, 40.0313110352, 96.9273529053, -18.2246284485, -1.68508636951, -38.5241622925, -12.7372350693, 50.4502830505, 146.400588989, 46.2279205322, 6.2125620842, -49.6189155579], [-136.234954834, 82.1473388672, -21.1212921143, -26.3597450256, 44.8926506042, -1.19379997253, -24.8968715668, -33.4717521667, 10.1252593994, 46.2279205322, 103.845085144, 22.5853977203, -21.8125534058], [420.546813965, -187.05229187, -3.38266968727, 39.8735618591, -38.6141471863, 5.7864985466, -42.0774917603, -36.4021720886, -56.9096260071, 6.2125620842, 22.5853977203, 117.968757629, 21.996307373], [-240.759674072, 110.714439392, 61.285282135, 21.1469936371, -5.98714065552, -25.6543674469, 23.6146755219, 11.8565855026, 6.26382446289, -49.6189155579, -21.8125534058, 21.996307373, 116.265945435]]}, "spectral_energyband_middle_low": {"dmean2": 0.00826065056026, "median": 0.0100362710655, "min": 1.78133501423e-22, "dvar2": 0.00032350939, "dvar": 0.000117505558592, "dmean": 0.00516618555412, "max": 0.116834059358, "var": 0.000176965302671, "mean": 0.0136814881116}, "melbands_crest": {"dmean2": 4.5027680397, "median": 20.8935852051, "min": 1.63131546974, "dvar2": 17.6931095123, "dvar": 6.7055644989, "dmean": 2.75462293625, "max": 37.9935836792, "var": 25.3182373047, "mean": 20.4444293976}, "spectral_kurtosis": {"dmean2": 6.75744581223, "median": 8.34781742096, "min": -1.24970769882, "dvar2": 85.9379806519, "dvar": 36.0449752808, "dmean": 4.33920288086, "max": 156.733322144, "var": 131.303741455, "mean": 11.4317054749}, "spectral_rms": {"dmean2": 0.00129121087957, "median": 0.00859315693378, "min": 3.12732543854e-12, "dvar2": 1.39638746077e-06, "dvar": 6.932755241e-07, "dmean": 0.000850447337143, "max": 0.0147423744202, "var": 6.55665553495e-06, "mean": 0.00801705475897}, "zerocrossingrate": {"dmean2": 0.00897794216871, "median": 0.0234375, "min": 0.00146484375, "dvar2": 0.000111555418698, "dvar": 9.56189469434e-05, "dmean": 0.00761812832206, "max": 0.79833984375, "var": 0.00334432208911, "mean": 0.0339004211128}, "silence_rate_60dB": {"dmean2": 0.00138864782639, "median": 0, "min": 0, "dvar2": 0.00156027951743, "dvar": 0.000693776528351, "dmean": 0.000694263668265, "max": 1, "var": 0.0409508496523, "mean": 0.0427802838385}, "erbbands_kurtosis": {"dmean2": 3.97772121429, "median": 1.24883055687, "min": -1.82472383976, "dvar2": 50.1662139893, "dvar": 21.0492973328, "dmean": 2.66413378716, "max": 115.463737488, "var": 61.6127662659, "mean": 3.60191321373}, "erbbands": {"dmean2": [0.66546434164, 3.3607852459, 6.37724971771, 7.55491924286, 12.0670375824, 13.7826452255, 19.2713699341, 17.0372142792, 16.8362941742, 18.0308246613, 15.3403940201, 15.5597677231, 15.2544469833, 49.375629425, 27.8257274628, 27.8161678314, 36.7343215942, 24.7886104584, 16.9947528839, 12.6787996292, 16.9102458954, 10.9744195938, 7.4708275795, 6.46182966232, 3.77758932114, 4.40413808823, 4.38159179688, 3.33537364006, 3.44365358353, 1.87203419209, 2.33636212349, 1.35391914845, 0.785216569901, 0.494965434074, 0.35529512167, 0.18164986372, 0.0782156288624, 0.0233161561191, 0.00334086897783, 0.000129218577058], "median": [1.14020168781, 5.29261684418, 5.14402389526, 2.17862391472, 3.40814304352, 6.62504386902, 12.4836044312, 11.2606258392, 10.9015026093, 6.74432086945, 5.94224739075, 5.08448314667, 3.43320274353, 5.75360107422, 7.31298160553, 6.00920391083, 5.39361667633, 4.88585615158, 3.42321300507, 2.64840269089, 3.07270812988, 2.50387239456, 1.51161825657, 1.31360304356, 1.04682743549, 0.827949047089, 0.501055121422, 0.332883656025, 0.386448860168, 0.280981570482, 0.210029155016, 0.176939725876, 0.144370138645, 0.0862931385636, 0.048661775887, 0.0309429243207, 0.015029778704, 0.00391318276525, 0.000506482785568, 0.000102369929664], "min": [1.88466418078e-22, 6.53661303715e-22, 4.30628611308e-21, 3.655596278e-21, 1.0506549257e-20, 1.62379496277e-20, 3.35494989111e-20, 6.16268749527e-20, 1.4292398855e-19, 1.17033067356e-19, 1.85054119529e-19, 4.05100150319e-19, 4.12716648453e-19, 5.27788225007e-19, 1.14640325942e-18, 1.64039128193e-18, 1.47040432189e-18, 2.29921282588e-18, 2.32604222226e-18, 3.28426499425e-18, 2.8253280264e-18, 5.38627093106e-18, 4.66000552606e-18, 6.23739594081e-18, 7.64991437022e-18, 6.59718311132e-18, 8.93251415827e-18, 1.09891614394e-17, 1.03931968332e-17, 1.05176577369e-17, 1.17397558806e-17, 1.08079584272e-17, 8.69170864706e-18, 8.64469418259e-18, 6.4097017983e-18, 3.77690419538e-18, 2.31500184262e-18, 8.82358419096e-19, 2.52062715558e-19, 2.83418928919e-20], "dvar2": [0.53512185812, 17.7762680054, 184.207901001, 463.819122314, 1281.93554688, 1374.69775391, 1254.85546875, 893.217834473, 1098.79052734, 2017.11230469, 1533.33654785, 972.229370117, 1113.9909668, 18033.734375, 5346.49511719, 4819.72119141, 11053.7011719, 8526.69628906, 2629.68188477, 1971.57397461, 5501.11523438, 780.744567871, 436.725524902, 639.210083008, 86.1618728638, 127.58921051, 127.736068726, 66.9703903198, 69.3384628296, 15.5146188736, 31.1167526245, 8.13917350769, 2.99871587753, 1.42124128342, 0.809990644455, 0.20051677525, 0.0363654717803, 0.00306848622859, 5.60890621273e-05, 7.4072517009e-08], "dvar": [0.222522005439, 8.25718593597, 66.6269454956, 178.079101562, 450.777069092, 477.794677734, 661.88671875, 425.865692139, 486.101135254, 916.277893066, 751.911193848, 407.184051514, 712.386962891, 14381.3896484, 4441.16162109, 4411.70166016, 10294.3496094, 4389.03466797, 1228.02355957, 1014.63305664, 3177.88256836, 393.149353027, 216.652832031, 275.394287109, 40.7159385681, 61.3448905945, 62.2640113831, 34.7594528198, 34.2832832336, 9.3309469223, 16.6645812988, 4.60008859634, 1.81683087349, 0.841516971588, 0.436284452677, 0.113634154201, 0.0204360000789, 0.00170591846108, 2.63518359134e-05, 3.21666853154e-08], "dmean": [0.411919414997, 2.18256306648, 3.94818854332, 4.46461820602, 6.86053657532, 8.02022266388, 13.6310977936, 11.5639400482, 11.2910795212, 11.7940816879, 10.3837461472, 9.75849437714, 11.6011562347, 42.2644996643, 22.8963947296, 24.3471260071, 33.2497596741, 17.620508194, 11.0695209503, 8.69854831696, 11.8575973511, 7.04380083084, 5.08793449402, 4.36093139648, 2.58670306206, 2.93470978737, 3.03290867805, 2.32052516937, 2.32818627357, 1.31017291546, 1.6230751276, 0.958153486252, 0.566090106964, 0.349378466606, 0.247121185064, 0.129634141922, 0.0551379732788, 0.0160582028329, 0.00217201351188, 8.28986376291e-05], "max": [5.31251001358, 31.7034339905, 113.814537048, 170.340957642, 271.386352539, 293.121520996, 726.522155762, 579.044677734, 620.23815918, 726.835388184, 624.436706543, 401.098052979, 757.963989258, 1732.21252441, 1413.85083008, 1417.7421875, 2040.79577637, 1296.11633301, 928.872924805, 975.193237305, 3018.63671875, 335.5284729, 249.027786255, 765.07800293, 139.151931763, 195.094436646, 231.934082031, 95.4095077515, 110.524345398, 98.7243652344, 98.5061035156, 54.3086090088, 47.4711532593, 34.840763092, 22.9627132416, 10.896030426, 5.37077140808, 1.47822642326, 0.129096210003, 0.00405575847253], "var": [0.616276502609, 18.2309627533, 70.9150619507, 150.11050415, 661.203125, 531.008300781, 2926.08374023, 1707.09179688, 1649.25646973, 1807.29675293, 1600.19140625, 1041.88500977, 2271.62084961, 46735.6679688, 16786.5566406, 18601.3144531, 42122.6054688, 6922.99951172, 1862.69226074, 1873.63330078, 5488.82910156, 861.431213379, 452.675323486, 368.506988525, 85.987701416, 122.572814941, 122.994804382, 57.9007034302, 52.3750267029, 20.0378437042, 34.1331443787, 10.8661813736, 4.61236047745, 2.01405620575, 0.925891757011, 0.261563956738, 0.0460801720619, 0.00378763000481, 4.66312412755e-05, 5.24189296414e-08], "mean": [1.20741939545, 5.88918113708, 7.49998760223, 5.51915884018, 11.4306316376, 13.5917339325, 33.2999343872, 26.7188911438, 26.2358474731, 20.3644504547, 18.3808498383, 18.497335434, 21.3504867554, 74.6346893311, 42.3477210999, 47.4033317566, 61.7096061707, 25.5841350555, 15.4553079605, 13.4813146591, 17.3375396729, 12.261425972, 8.30689430237, 6.68447637558, 4.38450622559, 4.48425006866, 4.55552959442, 3.23900866508, 2.93460726738, 1.87785482407, 2.10101699829, 1.37213265896, 0.858398675919, 0.507516384125, 0.333709657192, 0.180125847459, 0.0790628269315, 0.0218663234264, 0.0027772646863, 0.000165832519997]}, "spectral_strongpeak": {"dmean2": 0.774578630924, "median": 0.257305145264, "min": 0, "dvar2": 3.52762150764, "dvar": 1.52008342743, "dmean": 0.436112821102, "max": 13.0380134583, "var": 1.84896504879, "mean": 0.577124536037}, "spectral_energy": {"dmean2": 0.0228353589773, "median": 0.0756883919239, "min": 1.00246680826e-20, "dvar2": 0.000510612444486, "dvar": 0.000228034332395, "dmean": 0.0147464042529, "max": 0.222771048546, "var": 0.00125333096366, "mean": 0.0726001933217}, "average_loudness": 0.95604121685, "spectral_rolloff": {"dmean2": 273.91696167, "median": 301.46484375, "min": 64.599609375, "dvar2": 543645.625, "dvar": 236190.484375, "dmean": 160.381256104, "max": 19595.2148438, "var": 3680318.25, "mean": 691.81427002}, "spectral_centroid": {"dmean2": 248.214263916, "median": 670.43572998, "min": 147.21963501, "dvar2": 108496.921875, "dvar": 70385.984375, "dmean": 181.701217651, "max": 11675.3134766, "var": 957645, "mean": 876.180419922}, "pitch_salience": {"dmean2": 0.0946106985211, "median": 0.393253087997, "min": 0.113796241581, "dvar2": 0.00881263427436, "dvar": 0.00351651525125, "dmean": 0.0582166127861, "max": 0.858730196953, "var": 0.0126474509016, "mean": 0.405805289745}, "spectral_energyband_middle_high": {"dmean2": 0.00358001026325, "median": 0.00188786687795, "min": 1.29546187546e-21, "dvar2": 3.64864827134e-05, "dvar": 2.63327638095e-05, "dmean": 0.00298539828509, "max": 0.0687453076243, "var": 0.000109093256469, "mean": 0.00672671478242}, "spectral_contrast_coeffs": {"dmean2": [0.0780063644052, 0.0728342235088, 0.0651112422347, 0.051840480417, 0.0386530198157, 0.0319597348571], "median": [-0.679322957993, -0.671198785305, -0.77141648531, -0.811332285404, -0.817597985268, -0.807506978512], "min": [-0.983137130737, -0.984147548676, -0.991574823856, -0.990123748779, -0.990403711796, -0.973094046116], "dvar2": [0.00431608827785, 0.00339190359227, 0.00273910257965, 0.00200310978107, 0.00109813781455, 0.000836643215735], "dvar": [0.00164225534536, 0.00132273009513, 0.0013256383827, 0.000977206160314, 0.00046446066699, 0.000428541243309], "dmean": [0.0469218716025, 0.0451204031706, 0.0429665893316, 0.0335801206529, 0.0240484084934, 0.0210699848831], "max": [-0.392663061619, -0.404837787151, -0.399292230606, -0.450820803642, -0.536687135696, -0.646085083485], "var": [0.00513670686632, 0.00666835950688, 0.00754616828635, 0.00500193750486, 0.00221008528024, 0.00201432034373], "mean": [-0.673947930336, -0.673365414143, -0.754601299763, -0.795601904392, -0.812427520752, -0.804728627205]}, "melbands_skewness": {"dmean2": 1.32441830635, "median": 3.02003860474, "min": -2.9652659893, "dvar2": 1.99284315109, "dvar": 0.943416237831, "dmean": 0.892236411572, "max": 17.7816009521, "var": 4.28707456589, "mean": 3.3327434063}, "spectral_spread": {"dmean2": 1236195.625, "median": 3861663, "min": 602689.1875, "dvar2": 2290142937090.0, "dvar": 1240885100540.0, "dmean": 854462.625, "max": 42540092, "var": 13400923963400.0, "mean": 4532297.5}, "dissonance": {"dmean2": 0.0534665808082, "median": 0.442221581936, "min": 0.0778505727649, "dvar2": 0.00312843522988, "dvar": 0.00115063518751, "dmean": 0.0324823260307, "max": 0.499999970198, "var": 0.00284943915904, "mean": 0.430428266525}, "spectral_skewness": {"dmean2": 0.670224547386, "median": 2.34800815582, "min": -0.0511160343885, "dvar2": 0.552220463753, "dvar": 0.257540822029, "dmean": 0.451241314411, "max": 9.99319839478, "var": 1.18545520306, "mean": 2.48793983459}, "spectral_flux": {"dmean2": 0.0482048466802, "median": 0.0856722071767, "min": 6.35763525159e-11, "dvar2": 0.00239829579368, "dvar": 0.00117414945271, "dmean": 0.0301742870361, "max": 0.394951105118, "var": 0.00332129420713, "mean": 0.0958597138524}, "spectral_contrast_valleys": {"dmean2": [0.590232610703, 0.624162495136, 0.557764947414, 0.554948270321, 0.521185278893, 0.567261099815], "median": [-6.41346168518, -6.86817407608, -7.53917121887, -7.95652008057, -8.23018169403, -10.62895298], "min": [-27.9819126129, -27.8660144806, -27.7894763947, -27.6126365662, -27.487039566, -27.4160232544], "dvar2": [0.247741028666, 0.292340487242, 0.292662233114, 0.31996062398, 0.328276157379, 0.397571980953], "dvar": [0.0952016562223, 0.119308769703, 0.122378118336, 0.142032265663, 0.168909668922, 0.228071331978], "dmean": [0.347542136908, 0.377915143967, 0.339493602514, 0.344597965479, 0.36407777667, 0.429311007261], "max": [-5.0570602417, -4.76299381256, -5.24949645996, -5.45501804352, -5.48802089691, -7.86562490463], "var": [4.95504140854, 4.01934719086, 3.60973930359, 3.48174357414, 3.83048152924, 3.52017498016], "mean": [-6.84751176834, -7.11773061752, -7.71148204803, -8.10080432892, -8.42597675323, -10.7977876663]}, "erbbands_flatness_db": {"dmean2": 0.0362760983407, "median": 0.172788202763, "min": 0.0283017475158, "dvar2": 0.00125609175302, "dvar": 0.000694659189321, "dmean": 0.0263801142573, "max": 0.592171669006, "var": 0.00507695879787, "mean": 0.179305315018}, "spectral_energyband_high": {"dmean2": 0.000382277183235, "median": 8.15536041046e-05, "min": 7.02506157327e-21, "dvar2": 5.55587746476e-07, "dvar": 3.63517671076e-07, "dmean": 0.000285788002657, "max": 0.00989255309105, "var": 9.79436549642e-07, "mean": 0.000452076172223}, "spectral_entropy": {"dmean2": 0.386155933142, "median": 7.0576543808, "min": 4.41410636902, "dvar2": 0.167031213641, "dvar": 0.0888388603926, "dmean": 0.272906690836, "max": 9.82160186768, "var": 0.50246244669, "mean": 7.06087493896}, "silence_rate_20dB": {"dmean2": 0, "median": 1, "min": 1, "dvar2": 0, "dvar": 0, "dmean": 0, "max": 1, "var": 0, "mean": 1}, "melbands_flatness_db": {"dmean2": 0.0463595874608, "median": 0.333977252245, "min": 0.00396373029798, "dvar2": 0.00192344503012, "dvar": 0.00108410196844, "dmean": 0.0336711630225, "max": 0.669769108295, "var": 0.00867271609604, "mean": 0.335077494383}, "barkbands": {"dmean2": [0.00652667274699, 0.0166244655848, 0.00581358466297, 0.00277543067932, 0.00414733029902, 0.00231919647194, 0.00128880771808, 0.00065718672704, 0.00068196823122, 0.00140709686093, 0.000347358523868, 0.00095110363327, 0.000905288732611, 0.000402355828555, 0.000331010785885, 0.000285731628537, 0.0002006591385, 0.000144529898535, 9.8953001725e-05, 9.53816997935e-05, 9.88306492218e-05, 8.2085323811e-05, 7.53878921387e-05, 5.07580516569e-05, 4.59173643321e-05, 4.1025585233e-05, 1.86466932064e-05], "median": [0.0143883414567, 0.0314352586865, 0.00240811426193, 0.000394160626456, 0.00217291107401, 0.00207312288694, 0.000589691160712, 0.000153287808644, 0.000198926602025, 0.00011209587683, 8.59470092109e-05, 0.00010962424858, 9.44544226513e-05, 6.53756433167e-05, 4.82525792904e-05, 4.83506373712e-05, 4.17396222474e-05, 2.4863267754e-05, 2.19738940359e-05, 1.70593448274e-05, 9.44930616242e-06, 1.05637627712e-05, 7.47903459342e-06, 8.91491708899e-06, 7.52238702262e-06, 8.18194712338e-06, 2.55001032201e-06], "min": [5.64955359049e-25, 4.62464499204e-24, 2.10654418459e-24, 1.28202282215e-24, 4.14293812432e-24, 7.62198668802e-24, 8.07877738405e-24, 4.20476706992e-24, 2.10698468452e-23, 9.41675489906e-24, 1.61003891737e-23, 2.39378011532e-23, 2.3614147301e-23, 3.1148658781e-23, 5.28760622114e-23, 5.32061437023