{"tonal": {"thpcp": [1, 0.505429506302, 0.321830689907, 0.302683085203, 0.245884165168, 0.655909836292, 0.877527177334, 0.470136076212, 0.301254332066, 0.322786867619, 0.259535044432, 0.450403183699, 0.561366438866, 0.393303632736, 0.431181699038, 0.465400934219, 0.263961553574, 0.168089181185, 0.170545652509, 0.171371594071, 0.471283197403, 0.629568755627, 0.367799758911, 0.270418614149, 0.307610988617, 0.281482428312, 0.624799907207, 0.813536226749, 0.464048743248, 0.427172750235, 0.484000474215, 0.288215219975, 0.238003075123, 0.275230497122, 0.332756221294, 0.832251667976], "hpcp": {"dmean2": [0.142483621836, 0.151450738311, 0.14042429626, 0.128920987248, 0.106880575418, 0.071566298604, 0.0617003850639, 0.0784045383334, 0.12789131701, 0.132286503911, 0.122819416225, 0.107662059367, 0.104172289371, 0.117828175426, 0.163369625807, 0.168799459934, 0.152166888118, 0.133435443044, 0.133323714137, 0.121885798872, 0.107244327664, 0.114296682179, 0.1520498842, 0.194040030241, 0.208312764764, 0.177284017205, 0.130697250366, 0.101745031774, 0.108980059624, 0.156314656138, 0.164126187563, 0.146079644561, 0.108711905777, 0.100890941918, 0.109770558774, 0.135552048683], "median": [0.0119546717033, 0.0106107434258, 0.00993694271892, 0.00942209083587, 0.00531306071207, 0.00117526331451, 0.000857347622514, 0.00333425449207, 0.0119881080464, 0.0153675014153, 0.0093861091882, 0.00213990779594, 0.00157537963241, 0.00715659372509, 0.021053718403, 0.0284896530211, 0.0207502190024, 0.0072993109934, 0.00548331160098, 0.00507857836783, 0.00129529717378, 0.00144249957521, 0.00961091555655, 0.0283346828073, 0.0338706411421, 0.0185533147305, 0.00159591669217, 0.000970176712144, 0.00368454377167, 0.0133005911484, 0.0203385017812, 0.0200806297362, 0.00321001419798, 0.00208468176425, 0.00448464835063, 0.00929653737694], "min": [0, 0, 0, 0, 0, 0, 0, 0, 0, 0, 0, 0, 0, 0, 0, 0, 0, 0, 0, 0, 0, 0, 0, 0, 0, 0, 0, 0, 0, 0, 0, 0, 0, 0, 0, 0], "dvar2": [0.0762582570314, 0.0927094221115, 0.0848113149405, 0.0729403719306, 0.0595118962228, 0.044013608247, 0.0405954308808, 0.0400349423289, 0.0717633143067, 0.0659130811691, 0.0688957571983, 0.063694268465, 0.0706903710961, 0.0689771100879, 0.0837814882398, 0.0861433893442, 0.0778724625707, 0.0721987858415, 0.078369744122, 0.0710699036717, 0.0747276172042, 0.0771146193147, 0.0924402177334, 0.107628554106, 0.115694724023, 0.0944201648235, 0.0951325967908, 0.0731523483992, 0.0702661722898, 0.0884137675166, 0.0891563817859, 0.0754998996854, 0.0632040277123, 0.0659405738115, 0.0649718567729, 0.0794150084257], "dvar": [0.0314208082855, 0.0330163277686, 0.0313557088375, 0.0295126400888, 0.0227756798267, 0.016344986856, 0.0156643353403, 0.0144610116258, 0.0275904703885, 0.029367312789, 0.0276184808463, 0.025159297511, 0.0289396326989, 0.0261804461479, 0.0341380015016, 0.0398212112486, 0.0310527328402, 0.0285961851478, 0.0322153717279, 0.0269885025918, 0.0274255909026, 0.0288924071938, 0.0319838151336, 0.0410565212369, 0.0491349957883, 0.0372427552938, 0.0361953750253, 0.0280836001039, 0.0251912791282, 0.0334138944745, 0.0396399497986, 0.0300858709961, 0.023976823315, 0.0256002340466, 0.0238052643836, 0.0303822103888], "dmean": [0.0837892591953, 0.0855943113565, 0.0798906981945, 0.07555732131, 0.0609136037529, 0.03998394683, 0.0342717505991, 0.0437422469258, 0.0760053172708, 0.080398902297, 0.0709283873439, 0.0610639415681, 0.0599624402821, 0.0664522200823, 0.0981713235378, 0.102624386549, 0.0890334099531, 0.0781356692314, 0.0771636143327, 0.0693521425128, 0.0597571879625, 0.0627321228385, 0.0844159051776, 0.113433644176, 0.121573261917, 0.102173767984, 0.0723174959421, 0.0562747605145, 0.0601733922958, 0.0913014411926, 0.0973780825734, 0.0850162059069, 0.061545599252, 0.0571224577725, 0.0622928328812, 0.0777048766613], "max": [1, 1, 1, 1, 1, 1, 1, 1, 1, 1, 1, 1, 1, 1, 1, 1, 1, 1, 1, 1, 1, 1, 1, 1, 1, 1, 1, 1, 1, 1, 1, 1, 1, 1, 1, 1], "var": [0.0687637254596, 0.0399008467793, 0.0501753129065, 0.0574198290706, 0.0268797054887, 0.0190335642546, 0.0242701619864, 0.0136127499864, 0.0486630760133, 0.076911918819, 0.039328571409, 0.0322806350887, 0.0437606573105, 0.0281967297196, 0.0638603195548, 0.0989074632525, 0.0430443137884, 0.045254226774, 0.0618164688349, 0.0273426342756, 0.0293575823307, 0.0379425920546, 0.0302306190133, 0.0941131711006, 0.124664783478, 0.0470242649317, 0.0451355390251, 0.0496267750859, 0.0243234634399, 0.0726278573275, 0.115237943828, 0.0412230342627, 0.0349764935672, 0.0456403754652, 0.0254386607558, 0.0512810312212], "mean": [0.13584959507, 0.0951787158847, 0.104345135391, 0.112626120448, 0.0638781860471, 0.0406772568822, 0.0412717163563, 0.041471593082, 0.114049620926, 0.152354419231, 0.0890068262815, 0.0654407814145, 0.0744412615895, 0.0681181997061, 0.151200369, 0.196874186397, 0.112298898399, 0.10337498039, 0.117127180099, 0.0697475224733, 0.0575962811708, 0.0666052475572, 0.0805263593793, 0.201403290033, 0.241998061538, 0.122312955558, 0.0778824016452, 0.0732487216592, 0.0595034919679, 0.158728912473, 0.212359875441, 0.113772019744, 0.0729029625654, 0.0781137943268, 0.0628069788218, 0.10899669677]}, "tuning_equal_tempered_deviation": 0.0953143239021, "chords_changes_rate": 0.0761137604713, "key_key": "A#", "tuning_diatonic_strength": 0.451447725296, "key_scale": "major", "chords_number_rate": 0.00312345870771, "tuning_frequency": 440.508575439, "tuning_nontempered_energy_ratio": 0.69036591053, "chords_histogram": [10.9978628159, 12.31300354, 11.0307416916, 2.13710331917, 4.45503854752, 0.213710337877, 6.60858106613, 2.02202868462, 3.78102898598, 1.64392566681, 2.28505682945, 1.62748646736, 0.131514057517, 0.312345892191, 0.690448820591, 1.06855165958, 0.197271078825, 1.9891500473, 3.4686832428, 5.1454873085, 1.47953307629, 15.4035835266, 1.47953307629, 9.51832962036], "key_strength": 0.649843096733, "chords_key": "C", "chords_strength": {"dmean2": 0.0101868649945, "median": 0.464957177639, "min": -1, "dvar2": 0.000865515379701, "dvar": 0.000489623227622, "dmean": 0.0115377269685, "max": 0.785974740982, "var": 0.0219527371228, "mean": 0.460647940636}, "chords_scale": "minor", "hpcp_entropy": {"dmean2": 0.903977692127, "median": 1.41582584381, "min": 0, "dvar2": 0.683127820492, "dvar": 0.276483744383, "dmean": 0.533060193062, "max": 4.09337568283, "var": 0.651560902596, "mean": 1.35545361042}}, "metadata": {"audio_properties": {"equal_loudness": 0, "codec": "alac", "downmix": "mix", "sample_rate": 44100, "analysis_sample_rate": 44100, "bit_rate": 693329, "md5_encoded": "56891062d86178ac7bca4edb6a86afcd", "length": 282.42666626, "replay_gain": -12.2232074738, "lossless": true}, "version": {"essentia_build_sha": "c0e182ba78c2de26e491b7b7a4a2c98c1ed34208", "essentia": "2.1-beta2", "extractor": "music 1.0", "essentia_git_sha": "v2.1_beta2-2-gbb40004"}, "tags": {"title": ["Isn't It a Lovely Day"], "barcode": ["602527473154"], "media": ["CD"], "language": ["English"], "musicbrainz_recordingid": ["123e04d8-a913-47a1-9dd2-33258e6d7cd6"], "musicbrainz_albumartistid": ["75d98827-d476-4112-84b4-44b5495581c6"], "discnumber": ["1/1"], "bpm": ["0"], "file_name": "11 Isn't It a Lovely Day.m4a", "compilation": ["0"], "date": ["2010"], "genre": ["Jazz Vocals"], "album": ["Home"], "script": ["Latn"], "asin": ["B0042NJIP4"], "musicbrainz_albumid": ["382d4061-0155-4b62-be6d-0e26b4834bfd"], "tracknumber": ["11/12"], "encodedby": ["iTunes 10.7"], "artistsort": ["Monheit, Jane"], "artist": ["Jane Monheit"], "label": ["Decca Records"], "albumartistsort": ["Monheit, Jane"], "musicbrainz_artistid": ["75d98827-d476-4112-84b4-44b5495581c6"], "musicbrainz_releasegroupid": ["08464b0c-8a3a-4624-b3b0-de7a9d5c6cc5"]}}, "rhythm": {"bpm_histogram_first_peak_bpm": {"dmean2": 0, "median": 117, "min": 117, "dvar2": 0, "dvar": 0, "dmean": 0, "max": 117, "var": 0, "mean": 117}, "bpm": 118.041557312, "bpm_histogram_second_peak_spread": {"dmean2": 0, "median": 0.337499976158, "min": 0.337499976158, "dvar2": 0, "dvar": 0, "dmean": 0, "max": 0.337499976158, "var": 0, "mean": 0.337499976158}, "bpm_histogram_first_peak_weight": {"dmean2": 0, "median": 0.116190478206, "min": 0.116190478206, "dvar2": 0, "dvar": 0, "dmean": 0, "max": 0.116190478206, "var": 0, "mean": 0.116190478206}, "onset_rate": 2.98816561699, "beats_position": [0.383129239082, 0.766258478165, 1.16099774837, 1.52090704441, 1.88081634045, 2.22911548615, 2.58902478218, 2.93732428551, 3.32045340538, 3.69197273254, 4.07510185242, 4.52789115906, 4.95746040344, 5.41024923325, 5.85142850876, 6.28099775314, 6.73378658295, 7.18657588959, 7.65097475052, 8.11537361145, 8.57977294922, 9.07900238037, 9.56662082672, 10.0542402267, 10.5418596268, 11.0294780731, 11.5170974731, 12.0047159195, 12.4807252884, 12.9567346573, 13.4443531036, 13.9319725037, 14.3963718414, 14.8607711792, 15.3367795944, 15.8243989944, 16.3120174408, 16.7880268097, 17.2524261475, 17.7168254852, 18.181224823, 18.6340141296, 19.0868015289, 19.6789112091, 20.2710208893, 20.8166885376, 21.3623580933, 21.9196376801, 22.4769153595, 23.0341949463, 23.5914726257, 24.1371421814, 24.6944217682, 25.2516994476, 25.681268692, 26.1108379364, 26.5287971497, 26.9467563629, 27.3763256073, 27.8058948517, 28.316734314, 28.8159637451, 29.3151912689, 29.8260307312, 30.3252601624, 30.8244895935, 31.3237190247, 31.8229465485, 32.322177887, 32.7981834412, 33.2741928101, 33.7618141174, 34.3074836731, 34.8531494141, 35.3988189697, 35.9444885254, 36.4785499573, 37.0126075745, 37.5466651917, 38.0807266235, 38.6031723022, 39.1256217957, 39.6364631653, 40.1705207825, 40.7045783997, 41.2386398315, 41.7726974487, 42.3067550659, 42.8408164978, 43.3516540527, 43.8624954224, 44.3733329773, 44.8841705322, 45.3950119019, 45.9058494568, 46.4050788879, 46.9043083191, 47.415145874, 47.9259872437, 48.4484329224, 48.959274292, 49.5049438477, 50.0506095886, 50.5614509583, 51.0722885132, 51.5831298828, 52.0591392517, 52.5467567444, 53.0459861755, 53.5452156067, 54.0444450378, 54.5668907166, 55.0661201477, 55.5653495789, 56.0529708862, 56.5754165649, 57.0978660583, 57.608707428, 58.1195449829, 58.6187744141, 59.1180038452, 59.6288414001, 60.1396827698, 60.6505203247, 61.1613578796, 61.683807373, 62.2178688049, 62.7635345459, 63.3092041016, 63.8432655334, 64.3541030884, 64.864944458, 65.3873901367, 65.8982315063, 66.3974609375, 66.9082946777, 67.4191360474, 67.9183654785, 68.4059829712, 68.9052124023, 69.4044418335, 69.8920593262, 70.3912887573, 70.8905181885, 71.4129714966, 71.9354171753, 72.4578704834, 73.0151443481, 73.5724258423, 74.1297073364, 74.6753692627, 75.2094345093, 75.7551040649, 76.3007659912, 76.8348312378, 77.3572769165, 77.8681182861, 78.3789520264, 78.8781814575, 79.3774108887, 79.8766403198, 80.3642578125, 80.8518829346, 81.3395004272, 81.8271179199, 82.3147354126, 82.8139648438, 83.2899780273, 83.7659835815, 84.2536010742, 84.7992706299, 85.3449401855, 85.8789978027, 86.4130630493, 86.9587249756, 87.5043945312, 88.0384597778, 88.5841217041, 89.1297912598, 89.6754608154, 90.2211303711, 90.7784118652, 91.3356933594, 91.8929672241, 92.4154205322, 92.9378662109, 93.460319519, 93.9711532593, 94.4819946289, 94.9928359985, 95.5036697388, 96.0261230469, 96.5369567871, 97.0477981567, 97.5470275879, 98.0578689575, 98.5454864502, 99.0331039429, 99.5091171265, 99.9735107422, 100.449523926, 100.913917542, 101.378318787, 101.842720032, 102.318725586, 102.79473877, 103.270744324, 103.758361816, 104.269203186, 104.768432617, 105.267662048, 105.778503418, 106.277732849, 106.77696228, 107.287796021, 107.810249329, 108.344306946, 108.878364563, 109.41242218, 109.992919922, 110.561813354, 111.130699158, 111.676368713, 112.222038269, 112.767707825, 113.324989319, 113.870658875, 114.416320801, 114.915550232, 115.403175354, 115.890792847, 116.401634216, 116.912467957, 117.411697388, 117.910926819, 118.398544312, 118.886169434, 119.362174988, 119.84979248, 120.349021912, 120.848251343, 121.324264526, 121.811882019, 122.299499512, 122.787117004, 123.263130188, 123.762359619, 124.249977112, 124.737594604, 125.225212097, 125.71282959, 126.212059021, 126.711288452, 127.198905945, 127.698135376, 128.185760498, 128.661773682, 129.137771606, 129.625396729, 130.101409912, 130.589019775, 131.076644897, 131.575866699, 132.07510376, 132.609161377, 133.119995117, 133.630844116, 134.130065918, 134.62928772, 135.140136719, 135.650970459, 136.161804199, 136.672653198, 137.171875, 137.671112061, 138.158721924, 138.669570923, 139.168792725, 139.679641724, 140.178863525, 140.689697266, 141.235366821, 141.781036377, 142.326705933, 142.872375488, 143.429656982, 143.975326538, 144.579040527, 145.194366455, 145.809707642, 146.425033569, 147.040359497, 147.667297363, 148.305847168, 148.932785034, 149.548110962, 150.15184021, 150.767166138, 151.370880127, 151.997817993, 152.636367798, 153.263305664, 153.901855469, 154.586837769, 155.260223389, 155.92199707, 156.665023804, 157.408065796, 158.151107788, 158.89414978, 159.672012329, 160.449890137, 161.19291687, 161.924346924, 162.655776978, 163.387207031, 164.141860962, 164.896499634, 165.651153564, 166.382583618, 167.137237549, 167.891876221, 168.623306274, 169.366348267, 170.109390259, 170.829208374, 171.572235107, 172.3152771, 173.06993103, 173.824569702, 174.567611694, 175.310653687, 176.04208374, 176.773513794, 177.493331909, 178.213150024, 178.93296814, 179.652786255, 180.395828247, 181.150466919, 181.881896973, 182.613327026, 183.321533203, 184.041351318, 184.772781372, 185.504211426, 186.247253418, 186.99029541, 187.744934082, 188.476364136, 189.219406128, 189.96244812, 190.72869873, 191.4949646, 192.203170776, 192.899765015, 193.573150635, 194.258132935, 194.850250244, 195.442352295, 196.034469604, 196.556915283, 197.0909729, 197.625030518, 198.159088135, 198.693145752, 199.203994751, 199.714828491, 200.23727417, 200.759719849, 201.282180786, 201.804626465, 202.350296021, 202.895965576, 203.453231812, 203.975692749, 204.509750366, 205.043807983, 205.566253662, 206.100311279, 206.611160278, 207.121994019, 207.656051636, 208.282989502, 208.909927368, 209.525253296, 210.25668335, 210.988113403, 211.719543457, 212.450973511, 213.205612183, 213.948654175, 214.691696167, 215.434738159, 216.177780151, 216.920806885, 217.675460815, 218.418502808, 219.173141479, 219.92779541, 220.670837402, 221.413879395, 222.098861694, 222.783843994, 223.410797119, 224.037734985, 224.653060913, 225.279998779, 225.87210083, 226.475830078, 227.091156006, 227.718093872, 228.3334198, 228.902313232, 229.471191406, 230.040084839, 230.492874146, 230.957275391, 231.410064697, 231.828018188, 232.245986938, 232.66394043, 233.093505859, 233.569519043, 234.033920288, 234.498321533, 234.939498901, 235.392288208, 235.856689453, 236.332687378, 236.808700562, 237.284713745, 237.74911499, 238.213516235, 238.68951416, 239.177139282, 239.676361084, 240.163986206, 240.651611328, 241.139221191, 241.626846313, 242.114456177, 242.520812988, 242.927154541, 243.345123291, 243.751464844, 244.157821655, 244.564163208, 244.97052002, 245.388473511, 245.806442261, 246.224395752, 246.642349243, 247.153198242, 247.664031982, 248.174865723, 248.69732666, 249.219772339, 249.730606079, 250.22984314, 250.729064941, 251.239898682, 251.750747681, 252.273193359, 252.876907349, 253.480636597, 254.072738647, 254.676452637, 255.280181885, 255.895507812, 256.51083374, 257.126159668, 257.729888916, 258.345214844, 258.995361328, 259.65713501, 260.318908691, 260.969055176, 261.619232178, 262.269378662, 262.907928467, 263.407165527, 263.906402588, 264.417236328, 264.916442871, 265.404083252, 265.891693115, 266.356109619, 266.832092285, 267.308105469, 267.79574585, 268.283355713, 268.770965576, 269.270202637, 269.769439697, 270.280273438, 270.733062744, 271.185852051, 271.638641357, 272.03338623, 272.416503906, 272.811248779, 273.194366455, 273.565887451, 273.937408447, 274.308929443, 274.692047119, 275.063568115, 275.435089111, 275.806610107, 276.178131104, 276.5496521, 276.921173096, 277.292694092, 277.664215088, 278.035736084, 278.41885376, 278.802001953, 279.185119629, 279.521820068, 279.85848999, 280.206787109, 280.555084229, 280.891784668, 281.228485107, 281.565155029], "beats_loudness": {"dmean2": 0.0265398435295, "median": 0.008275128901, "min": 9.95213245147e-09, "dvar2": 0.0015397684183, "dvar": 0.000578763021622, "dmean": 0.0157771985978, "max": 0.199039101601, "var": 0.000734027882572, "mean": 0.017877958715}, "danceability": 0.902105152607, "bpm_histogram_second_peak_weight": {"dmean2": 0, "median": 0.100952379405, "min": 0.100952379405, "dvar2": 0, "dvar": 0, "dmean": 0, "max": 0.100952379405, "var": 0, "mean": 0.100952379405}, "beats_count": 526, "bpm_histogram_second_peak_bpm": {"dmean2": 0, "median": 123, "min": 123, "dvar2": 0, "dvar": 0, "dmean": 0, "max": 123, "var": 0, "mean": 123}, "bpm_histogram_first_peak_spread": {"dmean2": 0, "median": 0.579310297966, "min": 0.579310297966, "dvar2": 0, "dvar": 0, "dmean": 0, "max": 0.579310297966, "var": 0, "mean": 0.579310297966}, "beats_loudness_band_ratio": {"dmean2": [0.259220689535, 0.413958907127, 0.369075626135, 0.161233648658, 0.0357801318169, 0.0528045594692], "median": [0.109023824334, 0.468093663454, 0.175422787666, 0.0174398534, 0.0017852880992, 0.000877934740856], "min": [0.000301875348669, 1.02851199699e-05, 2.00713348022e-05, 1.63532877195e-05, 2.25754774874e-06, 3.02519401885e-06], "dvar2": [0.0657662972808, 0.111968450248, 0.115957506001, 0.0598370246589, 0.00772322295234, 0.0370624400675], "dvar": [0.0278453361243, 0.0417215935886, 0.0422761067748, 0.0235649626702, 0.00284852506593, 0.0129211181775], "dmean": [0.151190936565, 0.239509224892, 0.213623642921, 0.0920382663608, 0.0202101841569, 0.027149323374], "max": [0.99323284626, 0.976141810417, 0.980933010578, 0.941907346249, 0.533513665199, 0.98928207159], "var": [0.0597210936248, 0.0739162191749, 0.0647180452943, 0.0283114667982, 0.00234443182126, 0.0148262092844], "mean": [0.219200953841, 0.469410061836, 0.269969642162, 0.0865573734045, 0.0163846686482, 0.0235973764211]}}, "lowlevel": {"barkbands_spread": {"dmean2": 2.83244681358, "median": 3.58432579041, "min": 0.178894728422, "dvar2": 71.4365158081, "dvar": 36.1486930847, "dmean": 1.87803697586, "max": 162.032562256, "var": 108.113418579, "mean": 5.92241764069}, "melbands_spread": {"dmean2": 3.74870419502, "median": 4.52687692642, "min": 0.240361049771, "dvar2": 197.201065063, "dvar": 103.666290283, "dmean": 2.51749420166, "max": 306.483795166, "var": 899.840454102, "mean": 9.95678901672}, "hfc": {"dmean2": 2.41884994507, "median": 2.11826968193, "min": 8.26451174163e-09, "dvar2": 31.4143199921, "dvar": 21.363992691, "dmean": 1.97992694378, "max": 253.056259155, "var": 387.10369873, "mean": 8.58260440826}, "barkbands_kurtosis": {"dmean2": 11.437789917, "median": 6.6471414566, "min": -1.96411657333, "dvar2": 2328.28491211, "dvar": 738.17980957, "dmean": 7.04393815994, "max": 1610.38354492, "var": 1515.69702148, "mean": 15.8937778473}, "gfcc": {"mean": [-202.195144653, 159.207336426, -64.71509552, -16.8379459381, -68.0032196045, -1.98828911781, -47.5469017029, 4.51196146011, -20.5707645416, -15.9133796692, 0.284055799246, -4.43045091629, -2.50407671928], "icov": [[0.000390276225517, -0.000496304826811, 0.000844363064971, -0.000340368191246, 0.00068690686021, -0.00069546274608, 0.000815087521914, -0.000687261403073, 0.000723408127669, -0.000458029215224, 0.000296005426208, -0.000522657064721, 0.000225467811106], [-0.000496304826811, 0.00125159462914, -0.00120323465671, 0.00079942913726, -0.00105299963616, 0.00136985327117, -0.00122258497868, 0.00140238599852, -0.00105945870746, 0.000965746876318, -0.000528137781657, 0.00105028320104, -0.000296993181109], [0.000844363064971, -0.00120323465671, 0.00263907015324, -0.00101998005994, 0.00156397628598, -0.00213418365456, 0.00138113391586, -0.000957555486821, 0.00118758447934, -0.000859453284647, 0.00114698417019, -0.00182304752525, 0.0006969802198], [-0.000340368191246, 0.00079942913726, -0.00101998005994, 0.0018048476195, -0.000390408968087, 0.000996559392661, -0.00054344831733, 0.000626394699793, -0.00065076519968, 0.000451342988526, 7.59100803407e-05, 0.000532148987986, 1.05351218735e-05], [0.00068690686021, -0.00105299963616, 0.00156397628598, -0.000390408968087, 0.00376888923347, -0.000996054382995, 0.000974030001089, -0.00131192721892, 0.000555076927412, -0.000902362691704, 0.000864927482326, -0.000153006782057, -0.000461403513327], [-0.00069546274608, 0.00136985327117, -0.00213418365456, 0.000996559392661, -0.000996054382995, 0.00561645906419, -0.00142672902439, 0.000880853098352, -0.000945606210735, 0.000987871433608, -0.000756495224778, 0.00250503513962, -1.9381983293e-05], [0.000815087521914, -0.00122258497868, 0.00138113391586, -0.00054344831733, 0.000974030001089, -0.00142672902439, 0.00460735801607, -0.00120395317208, 0.00211989413947, -0.00236876122653, -0.000311313255224, -0.00120622001123, 0.00117885554209], [-0.000687261403073, 0.00140238599852, -0.000957555486821, 0.000626394699793, -0.00131192721892, 0.000880853098352, -0.00120395317208, 0.00554593233392, -0.00125486531761, 0.00163683283608, -0.000639050384052, 0.000821413414087, -0.000505779928062], [0.000723408127669, -0.00105945870746, 0.00118758447934, -0.00065076519968, 0.000555076927412, -0.000945606210735, 0.00211989413947, -0.00125486531761, 0.00603207014501, -0.00131526775658, 0.00144160387572, -0.0024174740538, 0.000749177241232], [-0.000458029215224, 0.000965746876318, -0.000859453284647, 0.000451342988526, -0.000902362691704, 0.000987871433608, -0.00236876122653, 0.00163683283608, -0.00131526775658, 0.00699869776145, -0.000670083682053, 0.00157017726451, -0.00140348286368], [0.000296005426208, -0.000528137781657, 0.00114698417019, 7.59100803407e-05, 0.000864927482326, -0.000756495224778, -0.000311313255224, -0.000639050384052, 0.00144160387572, -0.000670083682053, 0.00652782991529, -0.00154023757204, 0.00110494589899], [-0.000522657064721, 0.00105028320104, -0.00182304752525, 0.000532148987986, -0.000153006782057, 0.00250503513962, -0.00120622001123, 0.000821413414087, -0.0024174740538, 0.00157017726451, -0.00154023757204, 0.00899954978377, -0.00108623865526], [0.000225467811106, -0.000296993181109, 0.0006969802198, 1.05351218735e-05, -0.000461403513327, -1.9381983293e-05, 0.00117885554209, -0.000505779928062, 0.000749177241232, -0.00140348286368, 0.00110494589899, -0.00108623865526, 0.0096316607669]], "cov": [[20293.0078125, -758.023071289, -4759.83056641, 92.7909317017, -1038.80993652, 126.345222473, -1533.60632324, 1188.1015625, -903.594848633, -197.405395508, 163.679718018, -244.756637573, 41.6454925537], [-758.023071289, 2960.12524414, 451.608154297, -662.312744141, 359.220153809, -248.182525635, 367.505432129, -440.40032959, 120.851356506, -11.2108402252, 60.4655647278, -49.1652145386, 2.15191411972], [-4759.83056641, 451.608154297, 2171.92114258, 278.818695068, -24.2364654541, 140.477783203, 249.351425171, -326.667755127, 219.753631592, -5.21144962311, -136.31578064, 146.669647217, -66.3489456177], [92.7909317017, -662.312744141, 278.818695068, 927.295959473, -156.522888184, 22.56823349, -126.650978088, 48.362071991, 28.2309513092, -24.2514877319, -89.0227584839, 47.7632598877, -23.3274383545], [-1038.80993652, 359.220153809, -24.2364654541, -156.522888184, 500.097503662, -55.5734176636, 96.1340408325, -44.8062057495, 67.0886917114, 34.1476631165, -19.1533851624, -42.843952179, 44.1682815552], [126.345222473, -248.182525635, 140.477783203, 22.56823349, -55.5734176636, 297.484863281, -4.41888093948, 34.879447937, -35.2102584839, -3.72762084007, -3.11049628258, -36.0990180969, -22.0104122162], [-1533.60632324, 367.505432129, 249.351425171, -126.650978088, 96.1340408325, -4.41888093948, 518.695556641, -118.415214539, -25.5382270813, 102.109458923, 76.3815689087, -5.78313302994, -28.3294143677], [1188.1015625, -440.40032959, -326.667755127, 48.362071991, -44.8062057495, 34.879447937, -118.415214539, 339.741607666, -43.0217590332, -38.75573349, 7.00240135193, -8.57232379913, 8.38039970398], [-903.594848633, 120.851356506, 219.753631592, 28.2309513092, 67.0886917114, -35.2102584839, -25.5382270813, -43.0217590332, 277.72265625, 0.0503374822438, -56.0092010498, 53.1750793457, 3.78296041489], [-197.405395508, -11.2108402252, -5.21144962311, -24.2514877319, 34.1476631165, -3.72762084007, 102.109458923, -38.75573349, 0.0503374822438, 190.066452026, 17.7451820374, -19.2049465179, 15.2647504807], [163.679718018, 60.4655647278, -136.31578064, -89.0227584839, -19.1533851624, -3.11049628258, 76.3815689087, 7.00240135193, -56.0092010498, 17.7451820374, 200.307067871, 4.27053499222, -17.4655265808], [-244.756637573, -49.1652145386, 146.669647217, 47.7632598877, -42.843952179, -36.0990180969, -5.78313302994, -8.57232379913, 53.1750793457, -19.2049465179, 4.27053499222, 157.462524414, 2.01414060593], [41.6454925537, 2.15191411972, -66.3489456177, -23.3274383545, 44.1682815552, -22.0104122162, -28.3294143677, 8.38039970398, 3.78296041489, 15.2647504807, -17.4655265808, 2.01414060593, 117.882347107]]}, "spectral_energyband_middle_low": {"dmean2": 0.00384015473537, "median": 0.00486874440685, "min": 2.14396453277e-16, "dvar2": 4.23111632699e-05, "dvar": 2.52619902312e-05, "dmean": 0.0027413261123, "max": 0.216501742601, "var": 0.000245277420618, "mean": 0.0100219361484}, "melbands_crest": {"dmean2": 4.72092819214, "median": 16.0918369293, "min": 4.09416437149, "dvar2": 19.5488166809, "dvar": 7.6150970459, "dmean": 2.93175458908, "max": 38.8401908875, "var": 31.9888381958, "mean": 16.9926586151}, "spectral_kurtosis": {"dmean2": 19.4029541016, "median": 24.0768985748, "min": -1.72400975227, "dvar2": 790.540100098, "dvar": 319.286560059, "dmean": 12.1663866043, "max": 310.391723633, "var": 2640.93823242, "mean": 45.9192657471}, "spectral_rms": {"dmean2": 0.000576361955609, "median": 0.00242795050144, "min": 2.02339691668e-08, "dvar2": 4.51292834214e-07, "dvar": 2.63388187705e-07, "dmean": 0.000416602357291, "max": 0.0160615388304, "var": 4.8050615078e-06, "mean": 0.0029771104455}, "zerocrossingrate": {"dmean2": 0.00520019745454, "median": 0.01904296875, "min": 0, "dvar2": 0.000189639657037, "dvar": 0.000194702661247, "dmean": 0.00459447596222, "max": 0.8896484375, "var": 0.00788880605251, "mean": 0.034817121923}, "silence_rate_60dB": {"dmean2": 0.128257825971, "median": 0, "min": 0, "dvar2": 0.129255071282, "dvar": 0.0600038543344, "dmean": 0.0641236454248, "max": 1, "var": 0.214844152331, "mean": 0.312453746796}, "erbbands_kurtosis": {"dmean2": 6.01984119415, "median": 5.16237449646, "min": -1.91909396648, "dvar2": 112.756507874, "dvar": 45.8950119019, "dmean": 3.84917736053, "max": 169.276580811, "var": 176.245544434, "mean": 9.14554595947}, "erbbands": {"dmean2": [0.00301744625904, 0.0662806853652, 0.252710431814, 0.562660574913, 1.47221696377, 4.63736343384, 11.0830125809, 15.3737192154, 14.9956655502, 8.89813518524, 6.43178606033, 11.0330295563, 23.2425251007, 21.7661399841, 11.4622383118, 4.86016464233, 3.76687598228, 3.40413999557, 4.42924928665, 2.5416469574, 1.55597019196, 1.05571961403, 1.43394911289, 1.29040122032, 0.644618690014, 0.368314534426, 0.141127854586, 0.113360024989, 0.173180326819, 0.222510501742, 0.423073559999, 0.226462379098, 0.215218156576, 0.138863414526, 0.0350832976401, 0.00648101791739, 0.00143922853749, 0.000216956163058, 1.82060703082e-05, 5.42968018635e-06], "median": [0.00161385629326, 0.0306624639779, 0.123435117304, 0.329335182905, 0.993831515312, 2.56604170799, 5.38994312286, 6.71436500549, 4.44319820404, 2.13597559929, 2.03266406059, 1.34580850601, 1.55196964741, 1.12510502338, 0.529840290546, 0.287968724966, 0.131451159716, 0.1205214113, 0.0943929031491, 0.0653043538332, 0.0362853966653, 0.0331018567085, 0.0466551445425, 0.0259579047561, 0.00938903260976, 0.00497360387817, 0.00284451036714, 0.00162323971745, 0.00146618601866, 0.00507727311924, 0.0121944481507, 0.0115614803508, 0.0125757567585, 0.00426276866347, 0.00137324701063, 0.000398253148887, 8.02658469183e-05, 1.19512669698e-05, 5.73142187932e-06, 7.52824189476e-06], "min": [5.15838575603e-15, 2.69157949645e-14, 8.15796066225e-14, 1.66426592017e-13, 2.57276269516e-13, 3.0571202579e-13, 2.69324222212e-13, 1.61776530215e-13, 8.54923296327e-14, 1.65483078629e-13, 3.62088478775e-13, 3.91909188479e-13, 1.45469573887e-13, 1.82374081115e-13, 7.59917194275e-13, 6.98757620776e-13, 2.80243954128e-13, 8.20819540809e-13, 4.52899084338e-13, 8.38336615839e-13, 1.02284088317e-12, 6.8502592921e-13, 7.78172177304e-13, 1.14437528464e-12, 1.18088351597e-12, 1.10062479963e-12, 1.27799387826e-12, 2.05431743665e-12, 3.31223828746e-12, 2.85235160144e-12, 2.80321881159e-12, 6.84684080265e-12, 3.07296267425e-12, 7.03321775819e-12, 1.0541898951e-11, 4.61213229067e-12, 4.41936548121e-12, 1.6822156515e-11, 2.62609448076e-11, 5.51651346131e-12], "dvar2": [2.75456150121e-05, 0.0179906543344, 0.293300002813, 1.38979530334, 8.23085975647, 109.129302979, 661.341674805, 1613.265625, 2984.31811523, 1400.88134766, 546.501586914, 3221.28686523, 13556.6308594, 28482.4550781, 9490.47265625, 1028.54980469, 1933.3059082, 849.685668945, 945.623962402, 247.411529541, 103.997535706, 68.1663513184, 61.1962242126, 54.5779342651, 17.6989307404, 5.10642719269, 1.44205486774, 1.4184679985, 3.73823142052, 5.77060604095, 21.5885982513, 2.99165844917, 2.59101724625, 1.24029457569, 0.104199685156, 0.00159457477275, 0.000109055319626, 2.72036913884e-06, 2.16528786012e-08, 9.47941725116e-11], "dvar": [1.26048616949e-05, 0.00765636796132, 0.13771520555, 0.438932210207, 3.31775856018, 44.5837631226, 292.522674561, 675.170410156, 1924.87597656, 1120.28442383, 304.329925537, 2327.99267578, 10052.4140625, 17376.0195312, 5348.25195312, 738.541381836, 1062.18188477, 673.873779297, 672.444580078, 178.358642578, 74.3120193481, 37.2180213928, 37.4693107605, 32.8203353882, 9.69125080109, 2.64082336426, 0.714170873165, 0.74732875824, 1.47696971893, 2.46663832664, 8.37781524658, 1.41399204731, 1.17899787426, 0.519947528839, 0.053845141083, 0.0010020849295, 5.45829789189e-05, 1.23314316625e-06, 9.49475964518e-09, 5.50833163804e-11], "dmean": [0.0019083324587, 0.0417949073017, 0.158971458673, 0.326178967953, 0.917714476585, 2.97189974785, 7.29526185989, 10.1101131439, 10.7026901245, 6.84155464172, 5.00582408905, 9.55026435852, 20.9498271942, 18.9091701508, 9.52945518494, 4.18361902237, 3.19509887695, 3.00360441208, 3.54732942581, 2.15526771545, 1.29429328442, 0.832905828953, 1.11100792885, 1.01984250546, 0.497837096453, 0.27800360322, 0.101180315018, 0.0789117440581, 0.110595941544, 0.151036843657, 0.278819233179, 0.157897010446, 0.145024344325, 0.0915762484074, 0.0237871669233, 0.00457085575908, 0.000986786559224, 0.00014556379756, 1.25872684293e-05, 4.04116644859e-06], "max": [0.100644446909, 2.46797823906, 20.6675491333, 12.9193601608, 45.8684997559, 207.331237793, 436.313964844, 1008.16314697, 2575.80444336, 3223.08862305, 870.543579102, 3337.1875, 8820.45605469, 9951.29003906, 3462.25976562, 2101.01245117, 1898.88574219, 2235.27441406, 2310.84301758, 854.259643555, 749.46496582, 375.199127197, 306.204650879, 321.046081543, 205.329101562, 111.888404846, 67.3924179077, 52.2204284668, 62.9760398865, 111.072784424, 158.498214722, 48.211025238, 50.8984642029, 38.3642196655, 11.5085802078, 2.70198702812, 0.572100520134, 0.0746694356203, 0.00711619155481, 0.000315295590553], "var": [4.93930383527e-05, 0.0331113114953, 0.665803551674, 1.01309704781, 12.9802093506, 156.326156616, 1124.39916992, 2549.79467773, 15619.2802734, 8227.59570312, 1874.25634766, 13591.4511719, 107936.898438, 214642.625, 21977.0742188, 6916.89160156, 3052.58959961, 4711.65380859, 2570.81884766, 692.103393555, 637.827148438, 107.591529846, 119.015090942, 184.774368286, 61.4863243103, 10.0076436996, 1.20022213459, 1.64092993736, 2.63547325134, 4.53514194489, 9.74909305573, 2.39259505272, 1.84074771404, 0.674787998199, 0.0737067982554, 0.00199994444847, 8.88439535629e-05, 2.4265839329e-06, 1.71239360469e-08, 8.00417676583e-10], "mean": [0.00401557795703, 0.0983748137951, 0.366289615631, 0.669852852821, 2.12584066391, 6.96817398071, 17.479549408, 25.7193946838, 31.4691562653, 17.4276542664, 13.328042984, 26.9391441345, 73.4269485474, 66.9665298462, 23.2375659943, 15.088224411, 7.86115121841, 8.1364364624, 7.42708730698, 4.7811088562, 3.36243486404, 1.9080363512, 2.50567269325, 2.79704713821, 1.55232107639, 0.735933303833, 0.180056855083, 0.123033903539, 0.165649801493, 0.251550644636, 0.408028274775, 0.252647250891, 0.228719443083, 0.137036606669, 0.036055624485, 0.00797433033586, 0.00175523781218, 0.000260871922364, 2.80967306026e-05, 1.70887524291e-05]}, "spectral_strongpeak": {"dmean2": 0.493123084307, "median": 0.554008901119, "min": 0, "dvar2": 0.752811253071, "dvar": 0.340954512358, "dmean": 0.321281403303, "max": 18.1910400391, "var": 3.27467989922, "mean": 1.15276896954}, "spectral_energy": {"dmean2": 0.00440921308473, "median": 0.00604231702164, "min": 4.19648880532e-13, "dvar2": 5.7148932683e-05, "dvar": 3.51773924194e-05, "dmean": 0.00328447995707, "max": 0.264422357082, "var": 0.000557384279091, "mean": 0.0140099199489}, "average_loudness": 0.00806516967714, "spectral_rolloff": {"dmean2": 239.709625244, "median": 430.6640625, "min": 21.533203125, "dvar2": 1000609.75, "dvar": 511073.03125, "dmean": 138.830673218, "max": 21813.1347656, "var": 5753976.5, "mean": 897.532592773}, "spectral_centroid": {"dmean2": 105.829162598, "median": 387.745544434, "min": 143.327484131, "dvar2": 96093.0703125, "dvar": 51690.8085938, "dmean": 74.3807983398, "max": 10822.8408203, "var": 650310, "mean": 580.067810059}, "pitch_salience": {"dmean2": 0.101116478443, "median": 0.554020106792, "min": 0.0508554652333, "dvar2": 0.00944330357015, "dvar": 0.00378827215172, "dmean": 0.0632112696767, "max": 0.962766945362, "var": 0.019958416, "mean": 0.539660811424}, "spectral_energyband_middle_high": {"dmean2": 0.0010162841063, "median": 0.000110269931611, "min": 1.47359076223e-16, "dvar2": 1.99964379135e-05, "dvar": 1.40204965646e-05, "dmean": 0.000906067376491, "max": 0.261921554804, "var": 0.000257691164734, "mean": 0.00382040743716}, "spectral_contrast_coeffs": {"dmean2": [0.0723767578602, 0.0627553835511, 0.0493916422129, 0.041266400367, 0.0303093604743, 0.0212090276182], "median": [-0.614982962608, -0.64560431242, -0.739497065544, -0.786086261272, -0.813420414925, -0.84989631176], "min": [-0.986242055893, -0.97569078207, -0.974896192551, -0.967906057835, -0.964203894138, -0.957893550396], "dvar2": [0.00341334519908, 0.00299602374434, 0.00197473540902, 0.00134431605693, 0.000818011001684, 0.000370971509255], "dvar": [0.00134775973856, 0.00129842886236, 0.00106158456765, 0.000762760173529, 0.00048101140419, 0.000170768456883], "dmean": [0.0440325737, 0.0394883342087, 0.0326846279204, 0.0278181917965, 0.0205695983022, 0.0135926194489], "max": [-0.261180371046, -0.217875078321, -0.262976169586, -0.3814689219, -0.476901233196, -0.686957061291], "var": [0.0100443568081, 0.0107985502109, 0.0151197230443, 0.00928027462214, 0.00763229513541, 0.00120960769709], "mean": [-0.61253207922, -0.644348978996, -0.709778726101, -0.764730095863, -0.795316040516, -0.846240997314]}, "melbands_skewness": {"dmean2": 0.914788722992, "median": 1.31116890907, "min": -4.10737228394, "dvar2": 1.4249317646, "dvar": 0.649198532104, "dmean": 0.596949517727, "max": 34.9000053406, "var": 3.05277848244, "mean": 1.63726043701}, "spectral_spread": {"dmean2": 763017.5625, "median": 2505980.5, "min": 288920.5625, "dvar2": 1058154414080.0, "dvar": 662108897280, "dmean": 511551.1875, "max": 40872156, "var": 14072439373800.0, "mean": 3087811}, "dissonance": {"dmean2": 0.082695029676, "median": 0.364692807198, "min": 0.0957830995321, "dvar2": 0.00551734631881, "dvar": 0.00205177231692, "dmean": 0.0491561517119, "max": 0.500000119209, "var": 0.00557796750218, "mean": 0.361383676529}, "spectral_skewness": {"dmean2": 1.09413683414, "median": 4.21548032761, "min": -0.692801713943, "dvar2": 1.56013834476, "dvar": 0.675249695778, "dmean": 0.703124701977, "max": 14.9418592453, "var": 7.24165916443, "mean": 4.95075845718}, "spectral_flux": {"dmean2": 0.0219256523997, "median": 0.0279156118631, "min": 5.91644420638e-05, "dvar2": 0.000981425866485, "dvar": 0.000417396047851, "dmean": 0.0139933750033, "max": 0.436234325171, "var": 0.00123755261302, "mean": 0.0369135551155}, "spectral_contrast_valleys": {"dmean2": [0.650099396706, 0.477045565844, 0.465263128281, 0.452860444784, 0.366179615259, 0.329696297646], "median": [-8.34171295166, -7.67863988876, -8.94845104218, -10.4387197495, -10.8881292343, -12.4432983398], "min": [-27.2522754669, -27.1859321594, -27.0005722046, -27.1675739288, -27.1018619537, -27.2478504181], "dvar2": [0.279425531626, 0.186968520284, 0.194610372186, 0.208017244935, 0.165290474892, 0.16472761333], "dvar": [0.11029600352, 0.0872022584081, 0.0884802341461, 0.0956942364573, 0.0885733738542, 0.107088319957], "dmean": [0.390871345997, 0.295816719532, 0.289502114058, 0.288787066936, 0.249518588185, 0.244312897325], "max": [-5.95291185379, -4.81414747238, -5.44029664993, -6.96670389175, -6.52520608902, -8.09731483459], "var": [1.76163864136, 1.73873639107, 1.75284993649, 1.9010103941, 2.12151050568, 2.07521319389], "mean": [-8.51537513733, -7.84721136093, -9.14456558228, -10.5711946487, -10.9258308411, -12.6608762741]}, "erbbands_flatness_db": {"dmean2": 0.0286580789834, "median": 0.298262923956, "min": 0.0223430022597, "dvar2": 0.000972316542175, "dvar": 0.000493976694997, "dmean": 0.0197393335402, "max": 0.565820157528, "var": 0.00507326517254, "mean": 0.298863857985}, "spectral_energyband_high": {"dmean2": 3.5026405385e-05, "median": 2.57816645899e-06, "min": 2.16254816246e-13, "dvar2": 5.72840441748e-08, "dvar": 2.75714189257e-08, "dmean": 2.51134824794e-05, "max": 0.00565134454519, "var": 5.8074217435e-08, "mean": 4.788701699e-05}, "spectral_entropy": {"dmean2": 0.296893388033, "median": 5.64721679688, "min": 3.69741868973, "dvar2": 0.109722882509, "dvar": 0.0607166774571, "dmean": 0.202526926994, "max": 9.81077194214, "var": 0.633471190929, "mean": 5.79159736633}, "silence_rate_20dB": {"dmean2": 0, "median": 1, "min": 1, "dvar2": 0, "dvar": 0, "dmean": 0, "max": 1, "var": 0, "mean": 1}, "melbands_flatness_db": {"dmean2": 0.0340093746781, "median": 0.405921429396, "min": 0.0498997606337, "dvar2": 0.00132312381174, "dvar": 0.000697567302268, "dmean": 0.0234363954514, "max": 0.713404655457, "var": 0.0100016249344, "mean": 0.403888434172}, "barkbands": {"dmean2": [7.87850949564e-05, 0.000234652354266, 0.000224144459935, 0.000274627120234, 0.00125344190747, 0.00175216642674, 0.000843771151267, 0.000347895838786, 0.000437120295828, 0.000868257367983, 0.000466329191113, 0.000149861603859, 8.82648091647e-05, 8.36858162074e-05, 8.17251711851e-05, 4.40557159891e-05, 2.42970472755e-05, 2.90755087917e-05, 1.95324191736e-05, 8.70459462021e-06, 2.6893701488e-06, 4.62660636913e-06, 1.37646202347e-05, 1.06153665911e-05, 8.26210634841e-06, 9.35137052238e-07, 9.63132862353e-08], "median": [1.45114063343e-05, 0.000106481427792, 9.10371527425e-05, 0.000109905260615, 0.000804541341495, 0.000929209636524, 0.000171914114617, 6.3006162236e-05, 3.26484368998e-05, 3.50405462086e-05, 1.04939517769e-05, 5.98442875344e-06, 1.7728725652e-06, 1.5494889567e-06, 1.29888644551e-06, 5.68150426261e-07, 4.98985286868e-07, 7.51742106786e-07, 2.42068978196e-07, 9.99126328338e-08, 4.30195612466e-08, 4.13524752219e-08, 3.99582290811e-07, 6.89349235472e-07, 2.70889159992e-07, 5.68551534741e-08, 1.37762130592e-08], "min": [9.71015806722e-17, 1.35967078652e-16, 7.71907940801e-17, 6.27059020248e-17, 9.0329955923e-17, 2.32437007665e-17, 6.22205959866e-18, 1.40193912025e-17, 1.67670833653e-17, 2.01680281821e-18, 1.36553490149e-17, 1.96290554929e-17, 5.82025165303e-18, 1.68927502984e-17, 8.29413752053e-18, 1.96487076499e-17, 1.22525276238e-17, 1.62869778117e-17, 2.24184789176e-17, 2.37395707283e-17, 4.05300533788e-17, 8.83327514951e-17, 9.39210976867e-17, 2.57691113008e-16, 1.05222032598e-15, 1.77426625621e-15, 2.386