{"metadata": {"tags": {"musicbrainz_recordingid": ["12469712-ceea-4683-9c4e-b92328decdc3"], "musicbrainz_artistid": ["e229170f-0340-44a9-a39f-f319c64bde75"], "genre": ["Irish"], "bpm": ["0"], "musicbrainz_albumid": ["064ad321-96dc-4dd7-9c94-e71dd83a4e09"], "artistsort": ["Simpson, Martin"], "albumartistsort": ["Various Artists"], "title": ["Believe Me If All These Endearing Young Charms / Waters of Tyne"], "tracknumber": ["1/22"], "artist": ["Martin Simpson"], "musicbrainz_albumartistid": ["89ad4ac3-39f7-470e-963a-56509c546377"], "album": ["Ramble to Cashel (Celtic Fingerstyle Guitar, Vol. 1)"], "compilation": ["1"], "script": ["Latin"], "encodedby": ["iTunes 10.7"], "discnumber": ["1/1"], "date": ["2011"], "file_name": "01 Believe Me If All These Endearing Young Charms _ Waters of Tyne.m4a", "musicbrainz_releasegroupid": ["0d422f52-f190-3aa4-a07e-9255a6dce0d4"], "language": ["English"]}, "audio_properties": {"sample_rate": 44100, "downmix": "mix", "lossless": true, "analysis_sample_rate": 44100, "md5_encoded": "1f881c405d6dde0dcb11435dbb7f1fd2", "equal_loudness": 0, "replay_gain": -9.28505134583, "codec": "alac", "bit_rate": 820026, "length": 217.893325806}, "version": {"extractor": "music 1.0", "essentia_build_sha": "c0e182ba78c2de26e491b7b7a4a2c98c1ed34208", "essentia_git_sha": "v2.1_beta2-2-gbb40004", "essentia": "2.1-beta2"}}, "rhythm": {"beats_loudness_band_ratio": {"dvar2": [0.0687708854675, 0.0542308613658, 0.0310682635754, 0.00278315902688, 0.0016902347561, 0.00445483764634], "var": [0.0339600928128, 0.0397146865726, 0.0282391235232, 0.000940542959142, 0.000335690536303, 0.00422339467332], "min": [0.00117596948985, 0.00376881076954, 0.00695949187502, 9.33241753955e-05, 2.83439021587e-05, 9.0103923867e-05], "dmean": [0.168569803238, 0.177286162972, 0.134610265493, 0.0244369488209, 0.0111844660714, 0.0104508958757], "mean": [0.217351093888, 0.579143106937, 0.222653880715, 0.026033911854, 0.00979711022228, 0.0107559021562], "max": [0.883436441422, 0.931050539017, 0.903612434864, 0.242863878608, 0.230643719435, 0.950658857822], "dmean2": [0.293104410172, 0.3003244102, 0.224680349231, 0.0434451363981, 0.0204752925783, 0.0197954513133], "median": [0.163530290127, 0.614357769489, 0.181611403823, 0.0161278601736, 0.005090105813, 0.00218582851812], "dvar": [0.0255250558257, 0.0200323928148, 0.0134116606787, 0.000994141795672, 0.000564754300285, 0.00219861161895]}, "bpm_histogram_first_peak_weight": {"dvar2": 0, "var": 0, "min": 0.265116274357, "dmean": 0, "mean": 0.265116274357, "max": 0.265116274357, "dmean2": 0, "median": 0.265116274357, "dvar": 0}, "bpm": 122.719093323, "beats_count": 431, "bpm_histogram_first_peak_spread": {"dvar2": 0, "var": 0, "min": 0.5546875, "dmean": 0, "mean": 0.5546875, "max": 0.5546875, "dmean2": 0, "median": 0.5546875, "dvar": 0}, "danceability": 0.900409758091, "bpm_histogram_first_peak_bpm": {"dvar2": 0, "var": 0, "min": 123, "dmean": 0, "mean": 123, "max": 123, "dmean2": 0, "median": 123, "dvar": 0}, "beats_position": [0.53405892849, 1.06811785698, 1.59056687355, 2.12462592125, 2.67029476166, 3.20435357094, 3.73841261864, 4.26086139679, 4.79492044449, 5.34058952332, 5.87464857101, 6.420317173, 6.94276618958, 7.4303855896, 7.92961454391, 8.42884349823, 8.93968200684, 9.46213150024, 9.98458003998, 10.4954195023, 11.0294780731, 11.5287075043, 12.0163259506, 12.5039453506, 13.0031747818, 13.4907932281, 13.966802597, 14.4312019348, 14.9304304123, 15.4528799057, 15.9637184143, 16.4629478455, 16.9505672455, 17.4497947693, 17.9722442627, 18.4946937561, 18.9939231873, 19.5163707733, 20.0388202667, 20.5728797913, 21.1069393158, 21.640996933, 22.1750564575, 22.6975059509, 23.219953537, 23.7656230927, 24.2996826172, 24.8221302032, 25.3561897278, 25.8902492523, 26.4126987457, 26.9235363007, 27.3995456696, 27.8871650696, 28.3980045319, 28.9088420868, 29.4080715179, 29.9305210114, 30.4529705048, 30.9521980286, 31.4398174286, 31.9274368286, 32.4034461975, 32.8794555664, 33.3438529968, 33.8198623657, 34.3074836731, 34.8067131042, 35.3059387207, 35.7935600281, 36.2811775208, 36.7571868896, 37.244808197, 37.7208137512, 38.1968231201, 38.6844444275, 39.1836738586, 39.6596832275, 40.1473007202, 40.6581382751, 41.1689796448, 41.6798171997, 42.1906585693, 42.6898841858, 43.1891136169, 43.6883430481, 44.1875724792, 44.7216300964, 45.2556915283, 45.7781410217, 46.3005905151, 46.8114280701, 47.322265625, 47.8331069946, 48.355556488, 48.8780021667, 49.3888435364, 49.8880729675, 50.3756904602, 50.8516998291, 51.3393173218, 51.8153266907, 52.302947998, 52.813785553, 53.3014030457, 53.8238525391, 54.3463020325, 54.8455314636, 55.3563690186, 55.8439903259, 56.3316078186, 56.819229126, 57.2836265564, 57.7596359253, 58.2588653564, 58.7697029114, 59.2689323425, 59.7681617737, 60.2673912048, 60.766620636, 61.2774581909, 61.7650794983, 62.2410888672, 62.7170982361, 63.2047157288, 63.6691131592, 64.1567306519, 64.6443557739, 65.1203613281, 65.5963668823, 66.107208252, 66.5948257446, 67.0824508667, 67.5816802979, 68.0809020996, 68.5685272217, 69.0561447144, 69.543762207, 70.0313796997, 70.5073928833, 70.9833984375, 71.4710159302, 71.9702453613, 72.4926986694, 73.0035324097, 73.5143737793, 74.0484313965, 74.5592727661, 75.0468902588, 75.5345077515, 76.0221328735, 76.5213623047, 77.0205917358, 77.5662536621, 78.1119232178, 78.6459884644, 79.133605957, 79.6444396973, 80.1436691284, 80.6312942505, 81.1072998047, 81.5833053589, 82.0593185425, 82.5469360352, 83.0345535278, 83.5221786499, 83.9981842041, 84.4625854492, 84.9385910034, 85.4029922485, 85.8673934937, 86.3782272339, 86.8890686035, 87.3882980347, 87.8875274658, 88.3983688354, 88.9092025757, 89.4316558838, 89.9773254395, 90.4881591797, 91.0106124878, 91.5562820435, 92.1019515991, 92.6127853394, 93.123626709, 93.6228561401, 94.1104736328, 94.5980911255, 95.0973205566, 95.5965499878, 96.1073913574, 96.6182327271, 97.1058502197, 97.5934677124, 98.0810852051, 98.5687026978, 99.0563278198, 99.555557251, 100.147659302, 100.728164673, 101.308662415, 101.889160156, 102.481269836, 103.026939392, 103.584213257, 104.129882812, 104.687164307, 105.25605011, 105.755279541, 106.254508972, 106.765350342, 107.252967834, 107.728981018, 108.204986572, 108.692604065, 109.180221558, 109.679450989, 110.201904297, 110.712738037, 111.200363159, 111.687980652, 112.198822021, 112.698051453, 113.208885193, 113.696502686, 114.184127808, 114.683357239, 115.18258667, 115.681808472, 116.169433594, 116.657051086, 117.144668579, 117.620681763, 118.096687317, 118.561088562, 119.048706055, 119.536323547, 120.02394104, 120.511566162, 121.010787964, 121.510017395, 122.009246826, 122.496871948, 122.984489441, 123.483718872, 123.994552612, 124.505393982, 125.004623413, 125.503852844, 125.991470337, 126.47908783, 126.966712952, 127.477546692, 127.988388062, 128.499221802, 128.986846924, 129.532516479, 130.066574097, 130.612243652, 131.099868774, 131.587478638, 132.098312378, 132.5859375, 133.073562622, 133.537963867, 134.02557373, 134.513198853, 134.977600098, 135.488433838, 135.98765564, 136.4868927, 136.99772644, 137.508575439, 138.007797241, 138.507034302, 139.006256104, 139.505477905, 139.993103027, 140.480728149, 140.979949951, 141.455963135, 141.943572998, 142.43119812, 142.918823242, 143.406433105, 143.894058228, 144.381668091, 144.869293213, 145.356918335, 145.844528198, 146.320541382, 146.819763184, 147.307388306, 147.783401489, 148.259414673, 148.723800659, 149.211425781, 149.687438965, 150.16343689, 150.639450073, 151.103851318, 151.568252563, 152.055877686, 152.53187561, 152.996276855, 153.483901978, 153.971511841, 154.470748901, 154.981582642, 155.50402832, 156.014877319, 156.514099121, 156.990112305, 157.477722168, 157.96534729, 158.441360474, 158.940582275, 159.439819336, 159.939041138, 160.449890137, 160.960723877, 161.471557617, 161.959182739, 162.458404541, 162.957641602, 163.445251465, 163.944488525, 164.443710327, 164.954559326, 165.453781128, 165.929794312, 166.394195557, 166.858596802, 167.346206665, 167.81060791, 168.298233032, 168.774230957, 169.250244141, 169.749481201, 170.248703003, 170.759536743, 171.247161865, 171.734786987, 172.234008789, 172.73324585, 173.232467651, 173.720092773, 174.207702637, 174.706939697, 175.206161499, 175.70539856, 176.193008423, 176.703857422, 177.203079224, 177.702316284, 178.213150024, 178.712371826, 179.234832764, 179.815322876, 180.37260437, 180.929885864, 181.487167358, 182.044433594, 182.590103149, 183.08934021, 183.565353394, 184.041351318, 184.52897644, 185.016601562, 185.515823364, 185.991836548, 186.456237793, 186.932235718, 187.41986084, 187.919082642, 188.406707764, 188.894332886, 189.381942749, 189.869567871, 190.345581055, 190.821578979, 191.285980225, 191.75038147, 192.214782715, 192.67918396, 193.143585205, 193.607971191, 194.072372437, 194.54838562, 195.047622681, 195.546844482, 196.034469604, 196.533691406, 197.044525146, 197.555374146, 198.042984009, 198.553833008, 199.041442871, 199.529067993, 200.005081177, 200.504302979, 200.980316162, 201.456329346, 201.932327271, 202.419952393, 202.895965576, 203.360351562, 203.824752808, 204.277542114, 204.753555298, 205.229568481, 205.705581665, 206.204803467, 206.692428589, 207.191650391, 207.679275513, 208.236557007, 208.770614624, 209.304672241, 209.896774292, 210.488891602, 211.150650024, 211.824035645, 212.497406006, 213.147567749, 213.786117554, 214.447891235, 215.109649658, 215.783035278, 216.45640564, 217.12979126], "beats_loudness": {"dvar2": 0.000601503357757, "var": 0.000433423061622, "min": 1.7008518205e-10, "dmean": 0.0173117425293, "mean": 0.0278772432357, "max": 0.129692777991, "dmean2": 0.0289114415646, "median": 0.0225441772491, "dvar": 0.000236078732996}, "bpm_histogram_second_peak_weight": {"dvar2": 0, "var": 0, "min": 0.132558137178, "dmean": 0, "mean": 0.132558137178, "max": 0.132558137178, "dmean2": 0, "median": 0.132558137178, "dvar": 0}, "bpm_histogram_second_peak_spread": {"dvar2": 0, "var": 0, "min": 0.329411804676, "dmean": 0, "mean": 0.329411804676, "max": 0.329411804676, "dmean2": 0, "median": 0.329411804676, "dvar": 0}, "bpm_histogram_second_peak_bpm": {"dvar2": 0, "var": 0, "min": 117, "dmean": 0, "mean": 117, "max": 117, "dmean2": 0, "median": 117, "dvar": 0}, "onset_rate": 3.89155650139}, "lowlevel": {"spectral_energyband_high": {"dvar2": 2.15555175487e-07, "var": 5.73576492968e-08, "min": 7.16498595935e-21, "dmean": 4.08300766139e-05, "mean": 6.21839353698e-05, "max": 0.0135506140068, "dmean2": 6.39238060103e-05, "median": 1.21542598208e-05, "dvar": 7.64405498899e-08}, "spectral_energyband_middle_low": {"dvar2": 0.000321123108733, "var": 0.000367791886674, "min": 4.16409581556e-22, "dmean": 0.00549442972988, "mean": 0.0198063626885, "max": 0.213987350464, "dmean2": 0.00884960033, "median": 0.0143311973661, "dvar": 0.00012727441208}, "spectral_energy": {"dvar2": 0.000338863697834, "var": 0.000406962732086, "min": 1.07605381337e-20, "dmean": 0.00580764468759, "mean": 0.0218133851886, "max": 0.225956395268, "dmean2": 0.00936010479927, "median": 0.0160464216024, "dvar": 0.000134900430567}, "spectral_spread": {"dvar2": 919187750912, "var": 2168718229500.0, "min": 708309.4375, "dmean": 508819.875, "mean": 2683981, "max": 39633744, "dmean2": 806917.0625, "median": 2334542.25, "dvar": 443356413952}, "spectral_energyband_low": {"dvar2": 5.9410394897e-06, "var": 5.3604508139e-06, "min": 4.97242694388e-23, "dmean": 0.00073347176658, "mean": 0.0019711216446, "max": 0.0256984010339, "dmean2": 0.00125761830714, "median": 0.00113365007564, "dvar": 2.14846454583e-06}, "spectral_rolloff": {"dvar2": 246722.609375, "var": 3429093.5, "min": 107.666015625, "dmean": 65.3654556274, "mean": 632.022521973, "max": 21468.6035156, "dmean2": 118.382766724, "median": 452.197265625, "dvar": 109999.523438}, "barkbands": {"dvar2": [7.64197732872e-11, 1.15626320962e-07, 2.53451094068e-06, 1.24771077026e-05, 0.000238783744862, 2.13103685383e-05, 1.69626637216e-05, 2.4582043352e-06, 3.169491265e-07, 5.81322410653e-07, 4.3223931101e-08, 2.15546762661e-07, 1.42637581746e-08, 1.96644300843e-08, 5.6885703259e-08, 8.08542779396e-07, 7.89963294778e-09, 8.62564297766e-10, 2.26908092316e-09, 2.61684292013e-08, 1.93950846494e-08, 3.96751076437e-08, 1.20447376517e-08, 2.6792776886e-09, 1.33062831864e-08, 4.44733611049e-10, 4.4682431366e-11], "var": [2.92366443555e-11, 5.55913537426e-08, 2.71550629805e-06, 1.11864555947e-05, 0.000188492878806, 3.05756475427e-05, 2.15973050217e-05, 9.55034738581e-06, 9.35214984565e-07, 2.45481555794e-06, 5.47046319355e-08, 3.58363649866e-07, 2.27001191178e-08, 3.66069770052e-08, 5.89274939955e-08, 1.44577825267e-07, 2.09514858796e-08, 1.1674806677e-09, 2.36888175742e-09, 7.31845606339e-09, 7.50301865082e-09, 8.36501445889e-09, 3.20377480101e-09, 7.72858332887e-10, 2.42814301998e-09, 9.05940461537e-11, 1.15871669898e-11], "min": [1.74785197088e-23, 2.07629562872e-23, 4.68651535283e-24, 3.56205755686e-23, 2.98705179433e-23, 1.07133369381e-23, 1.17019184918e-22, 1.04947726113e-22, 1.02875760858e-22, 3.5442883072e-23, 3.66462619839e-23, 1.84609178553e-22, 1.69244894422e-22, 9.90919358831e-23, 8.25055231948e-23, 1.96861008826e-22, 2.05205478507e-22, 1.86051317262e-22, 3.25219532832e-22, 5.26048953773e-22, 3.50788673093e-22, 4.90526938486e-22, 6.32052825799e-22, 8.56758579852e-22, 1.18281627424e-21, 1.48648809038e-21, 2.20142750337e-21], "dmean": [3.29335080096e-06, 9.79019168881e-05, 0.000413355388446, 0.000751071900595, 0.00368849933147, 0.00112803955562, 0.000718011870049, 0.000280700449366, 0.000123319303384, 9.00316881598e-05, 3.55164593202e-05, 8.55312900967e-05, 1.74037868419e-05, 2.97715705528e-05, 2.78040988633e-05, 2.59708722297e-05, 1.35099744512e-05, 3.43821261595e-06, 5.85186580793e-06, 1.16560049719e-05, 1.37545639518e-05, 9.41777943808e-06, 6.16405714027e-06, 3.13808459396e-06, 3.49367473973e-06, 1.45433079979e-06, 5.04272463786e-07], "mean": [3.43011583936e-06, 0.000134156201966, 0.00112969102338, 0.00168323842809, 0.00919167511165, 0.0042076879181, 0.00269384030253, 0.00117939256597, 0.000542847556062, 0.000366948341252, 8.69855866767e-05, 0.000232987382333, 4.503882883e-05, 8.56422120705e-05, 7.45199722587e-05, 2.1466108592e-05, 3.78488730348e-05, 9.56616167969e-06, 1.34212159537e-05, 1.97491481231e-05, 2.32637703448e-05, 1.28875035443e-05, 7.51128709453e-06, 4.66119035991e-06, 2.93794391837e-06, 1.17831734769e-06, 7.71518841702e-07], "max": [8.55532707646e-05, 0.00395015347749, 0.0214265994728, 0.0506977178156, 0.166092664003, 0.0544934161007, 0.0678780153394, 0.0402841418982, 0.0135216498747, 0.0270635057241, 0.00696002924815, 0.0124080292881, 0.00407661497593, 0.00340720894746, 0.00780197698623, 0.0216671675444, 0.00368126644753, 0.00130648282357, 0.00147617526818, 0.00286006019451, 0.00373049313203, 0.00784286204726, 0.00436276150867, 0.0020338438917, 0.00459925830364, 0.000692178087775, 0.000211541904719], "dmean2": [5.70906058783e-06, 0.000164748809766, 0.000709098414518, 0.00127239956055, 0.00593489548191, 0.0017564855516, 0.00115471403114, 0.000377987598768, 0.000164741766639, 0.000120542012155, 5.1461498515e-05, 0.000126433020341, 2.38017601077e-05, 4.3401025323e-05, 4.13195521105e-05, 4.80960698042e-05, 1.81070372491e-05, 4.82308769278e-06, 8.65918627824e-06, 1.90216505871e-05, 2.09593035834e-05, 1.4848776118e-05, 9.92018158286e-06, 4.89122294312e-06, 6.07310994383e-06, 2.4911842047e-06, 8.6892652007e-07], "median": [1.69944723893e-06, 5.37170781172e-05, 0.000444793782663, 0.000303018488921, 0.00421387329698, 0.00213283672929, 0.000890626863111, 0.000162344309501, 0.000206125230761, 1.85411245184e-05, 2.28054741456e-05, 5.1529474149e-05, 7.5265443229e-06, 2.70241598628e-05, 1.68620535987e-05, 2.53252187576e-06, 6.31545026408e-06, 2.31711965171e-06, 2.73054888567e-06, 4.16143257098e-06, 4.16733018938e-06, 1.56300097842e-06, 7.87630597188e-07, 3.08897654122e-07, 1.17618824902e-07, 8.66650040621e-08, 4.52523551076e-07], "dvar": [2.73097516823e-11, 4.34436771002e-08, 9.13174005746e-07, 4.56767020296e-06, 9.47110747802e-05, 7.17587136023e-06, 5.88803777646e-06, 1.37297467973e-06, 1.56007672558e-07, 3.53993158342e-07, 1.9826105202e-08, 9.65210062986e-08, 7.3627690611e-09, 9.2632470583e-09, 2.42868392064e-08, 2.73874604773e-07, 4.72188110834e-09, 3.71780939368e-10, 9.94557436407e-10, 9.28841803471e-09, 7.30610594246e-09, 1.37079103624e-08, 4.41564784737e-09, 9.62507518132e-10, 4.52130732853e-09, 1.54040002975e-10, 1.64660490104e-11]}, "melbands_skewness": {"dvar2": 1.32904863358, "var": 2.01172447205, "min": -1.73723220825, "dmean": 0.525939643383, "mean": 2.6538131237, "max": 16.1031627655, "dmean2": 0.842423319817, "median": 2.48753738403, "dvar": 0.516278088093}, "barkbands_skewness": {"dvar2": 1.54804766178, "var": 2.30922484398, "min": -3.89476799965, "dmean": 0.56316357851, "mean": 2.8572371006, "max": 13.0993785858, "dmean2": 0.910216927528, "median": 2.74048495293, "dvar": 0.592101931572}, "erbbands": {"dvar2": [4.07268726121e-06, 0.0178528632969, 2.6567773819, 33.6551132202, 1481.35620117, 3988.99658203, 2164.54833984, 461.197052002, 2633.80493164, 1464.68896484, 1241.93505859, 211.586898804, 837.720703125, 81.7451477051, 23.7724285126, 546.866943359, 38.6214027405, 46.0098800659, 58.0564651489, 3522.54272461, 148.724655151, 9.26140213013, 4.35554981232, 3.77275466919, 15.8955774307, 89.034034729, 25.0311717987, 43.3577613831, 96.3811340332, 14.7842273712, 4.12016057968, 2.76612734795, 0.13751655817, 1.57564496994, 0.65237480402, 0.0388866961002, 0.000524715171196, 4.42965356342e-05, 1.1495886838e-06, 1.38025280094e-09], "var": [2.45440082836e-06, 0.00925038475543, 2.26958107948, 30.2828216553, 1062.79187012, 4244.09228516, 1789.89685059, 2663.25976562, 3906.87744141, 3492.28076172, 3428.53149414, 531.704467773, 3556.59228516, 141.019470215, 49.6609268188, 941.015319824, 60.7242927551, 76.8538589478, 75.5980682373, 701.488525391, 46.0040779114, 21.4464836121, 6.02304935455, 7.32864618301, 6.90931558609, 20.0921211243, 10.1864833832, 15.1923713684, 19.4793586731, 3.78635382652, 1.28818619251, 0.816745996475, 0.0452797338367, 0.291534245014, 0.118298694491, 0.00732145644724, 0.000140976611874, 1.17543904707e-05, 3.02621259607e-07, 7.78781872324e-10], "min": [5.88964258657e-22, 4.87661462463e-21, 8.79573941746e-21, 6.24957571004e-20, 9.53246104457e-20, 1.45339265465e-19, 8.25315901883e-20, 1.09298359942e-19, 1.09251161533e-18, 2.66185025399e-18, 2.06538851225e-18, 1.69264086911e-18, 2.26425017614e-18, 1.25996078526e-18, 2.25309419801e-18, 7.84431835778e-18, 8.02932640077e-18, 6.23451652509e-18, 5.2199795038e-18, 4.21457124774e-18, 1.24895074247e-17, 1.1373121309e-17, 9.99118540114e-18, 1.95288905382e-17, 1.3753724778e-17, 2.38157160124e-17, 1.55482393502e-17, 1.78207543014e-17, 1.35355773981e-17, 1.6735865569e-17, 2.047580389e-17, 2.16676520387e-17, 1.1981927067e-17, 9.57184784397e-18, 1.01349816516e-17, 5.22944617232e-18, 3.01972477614e-18, 9.59080661682e-19, 3.1776665389e-19, 3.42492646287e-20], "dmean": [0.000719368283171, 0.0367138832808, 0.420575737953, 1.42183470726, 7.91750431061, 15.4655828476, 9.95094203949, 6.78409767151, 8.45928382874, 8.61900043488, 5.8049864769, 3.16652321815, 3.46651482582, 1.50271332264, 1.06737840176, 4.3017168045, 0.934082984924, 1.44934535027, 1.25035691261, 2.08936619759, 0.81437343359, 0.48469260335, 0.242104738951, 0.278567880392, 0.357743710279, 0.565535306931, 0.510179877281, 0.536728262901, 0.369526475668, 0.269372880459, 0.147599264979, 0.109797850251, 0.0304653104395, 0.039723098278, 0.0245237257332, 0.00965533591807, 0.00183662597556, 0.000513206643518, 9.2104623036e-05, 8.72244618222e-06], "mean": [0.0012594901491, 0.0612492524087, 1.03571856022, 3.70869541168, 13.8217906952, 44.6471481323, 29.653673172, 33.4522132874, 32.5613136292, 38.5407142639, 23.6408443451, 14.6464271545, 15.3142147064, 4.51579427719, 3.16430902481, 11.781036377, 2.71587395668, 4.13035964966, 3.73912501335, 3.13273715973, 1.63615858555, 1.3470197916, 0.696290314198, 0.759226381779, 0.693717241287, 0.839508533478, 0.879085659981, 0.897367596626, 0.503253340721, 0.34202247858, 0.185493305326, 0.159493178129, 0.0407695509493, 0.0346515029669, 0.0195147190243, 0.00785812363029, 0.00155171204824, 0.000585658068303, 0.000119790413009, 3.2218395063e-05], "max": [0.0252560898662, 1.68831431866, 22.1592826843, 79.0417938232, 697.57208252, 692.044189453, 517.725952148, 696.698730469, 936.812438965, 708.471862793, 1080.7878418, 377.861450195, 1038.09814453, 250.026062012, 138.359359741, 622.388427734, 206.571456909, 160.675216675, 194.414581299, 1544.08630371, 275.01776123, 128.945083618, 95.4322814941, 83.7952041626, 94.8283615112, 190.769515991, 156.200836182, 189.921508789, 389.978088379, 120.832046509, 81.7081680298, 64.589012146, 13.1222009659, 49.2241439819, 31.9058475494, 7.41935777664, 0.765362381935, 0.182446584105, 0.0316903553903, 0.000895576085895], "dmean2": [0.00122765277047, 0.062045276165, 0.723733782768, 2.40616679192, 12.9247531891, 24.4815750122, 16.9044914246, 9.24551677704, 13.4565725327, 13.1357240677, 7.67895555496, 4.1730222702, 4.57222604752, 2.14545917511, 1.55078196526, 6.31781196594, 1.3010365963, 2.15624284744, 1.80209743977, 3.65753769875, 1.26887142658, 0.652863442898, 0.332206130028, 0.390419274569, 0.573492228985, 0.94104552269, 0.776075005531, 0.832362115383, 0.583005487919, 0.426831424236, 0.234351918101, 0.172144472599, 0.0474642887712, 0.0687907487154, 0.0430386886001, 0.0165407005697, 0.00310933380388, 0.00087350938702, 0.000159839357366, 1.4305127479e-05], "median": [0.000751276034862, 0.0249898172915, 0.428871810436, 1.76084721088, 5.19674396515, 17.9300060272, 15.0377311707, 15.0302553177, 11.0989866257, 16.5224895477, 6.3058795929, 6.36446523666, 2.3028690815, 1.32753813267, 1.02726244926, 2.53692913055, 0.716609954834, 1.3656886816, 1.14814138412, 0.558588624001, 0.345967262983, 0.289894521236, 0.187246918678, 0.148628056049, 0.173441618681, 0.183687031269, 0.15980835259, 0.156709179282, 0.0685789734125, 0.0356410779059, 0.019626121968, 0.0112710567191, 0.00265350937843, 0.00135808635969, 0.000847462855745, 0.000446862453828, 0.000173475331394, 0.000230625664699, 5.90887757426e-05, 2.49533641181e-05], "dvar": [1.54772340011e-06, 0.00653022481129, 0.945214807987, 12.1650943756, 651.842895508, 1571.36950684, 676.17401123, 255.285858154, 1000.75860596, 596.83972168, 676.505371094, 101.307929993, 507.106201172, 39.8492088318, 11.1305742264, 247.664321899, 19.3652763367, 20.7085189819, 25.3983516693, 1204.31616211, 52.2754974365, 5.4303150177, 1.89122569561, 2.02465653419, 5.74141168594, 31.3461952209, 9.36662006378, 16.3458938599, 33.0970802307, 5.33767604828, 1.54360222816, 1.00310766697, 0.050716497004, 0.536487996578, 0.221483290195, 0.0132699562237, 0.000194643871509, 1.64001739904e-05, 4.25827209938e-07, 5.22881182796e-10]}, "silence_rate_30dB": {"dvar2": 0.0107916016132, "var": 0.00466664414853, "min": 0, "dmean": 0.00447570346296, "mean": 0.995311677456, "max": 1, "dmean2": 0.00895236060023, "median": 1, "dvar": 0.00445596454665}, "melbands_spread": {"dvar2": 37.8452148438, "var": 245.072296143, "min": 0.440540850163, "dmean": 1.19269299507, "mean": 6.22125434875, "max": 192.57208252, "dmean2": 1.94071912766, "median": 4.0562620163, "dvar": 15.2803096771}, "melbands_crest": {"dvar2": 23.0098743439, "var": 27.3267803192, "min": 2.32798814774, "dmean": 2.40298032761, "mean": 17.3729953766, "max": 32.426486969, "dmean2": 4.00738430023, "median": 16.7527484894, "dvar": 8.32022094727}, "zerocrossingrate": {"dvar2": 4.35069487139e-05, "var": 0.00267684552819, "min": 0.0048828125, "dmean": 0.00327347195707, "mean": 0.0264142733067, "max": 0.5888671875, "dmean2": 0.0043301070109, "median": 0.01953125, "dvar": 3.17519043165e-05}, "barkbands_kurtosis": {"dvar2": 409.250305176, "var": 343.544891357, "min": -1.90882718563, "dmean": 6.65322446823, "mean": 19.4186134338, "max": 318.47366333, "dmean2": 10.8692960739, "median": 14.9440879822, "dvar": 155.667221069}, "spectral_flux": {"dvar2": 0.00254223006777, "var": 0.00150534289423, "min": 1.03733015233e-10, "dmean": 0.0214925352484, "mean": 0.0385699011385, "max": 0.397740125656, "dmean2": 0.0339604020119, "median": 0.0250007361174, "dvar": 0.0010073055746}, "barkbands_crest": {"dvar2": 13.9703798294, "var": 18.6758499146, "min": 5.37629652023, "dmean": 1.95016050339, "mean": 14.3366527557, "max": 26.3552722931, "dmean2": 3.21962237358, "median": 13.642039299, "dvar": 5.16078138351}, "barkbands_flatness_db": {"dvar2": 0.00146696122829, "var": 0.00313214072958, "min": 0.0703772827983, "dmean": 0.0224124211818, "mean": 0.271919667721, "max": 0.461625635624, "dmean2": 0.0344955995679, "median": 0.273796588182, "dvar": 0.0006238577771}, "spectral_entropy": {"dvar2": 0.19270414114, "var": 0.327704250813, "min": 4.18450593948, "dmean": 0.231840655208, "mean": 5.81931877136, "max": 9.81548500061, "dmean2": 0.365164577961, "median": 5.75335884094, "dvar": 0.0801199376583}, "pitch_salience": {"dvar2": 0.00960076134652, "var": 0.0121814589947, "min": 0.128297537565, "dmean": 0.0498989261687, "mean": 0.504323482513, "max": 0.817668557167, "dmean2": 0.0820608362556, "median": 0.506633400917, "dvar": 0.00356300733984}, "erbbands_spread": {"dvar2": 78.0697021484, "var": 109.983978271, "min": 1.47379112244, "dmean": 3.18225622177, "mean": 15.882065773, "max": 138.639511108, "dmean2": 4.81696224213, "median": 13.180721283, "dvar": 34.2520866394}, "dynamic_complexity": 3.50728988647, "spectral_contrast_valleys": {"dvar2": [0.358376979828, 0.317433714867, 0.308176904917, 0.35957556963, 0.419985741377, 0.529046058655], "var": [1.4052836895, 1.50674808025, 1.31533586979, 1.42985236645, 0.95994925499, 0.730452299118], "min": [-27.0364971161, -26.9126777649, -27.2032833099, -27.1853370667, -27.4004898071, -27.1778717041], "dmean": [0.431431144476, 0.317992210388, 0.337623238564, 0.375214278698, 0.372449934483, 0.390585571527], "mean": [-8.66974639893, -7.64265441895, -9.05772304535, -10.0609445572, -10.4078979492, -12.7197389603], "max": [-6.20168972015, -5.04319524765, -5.95037746429, -6.95121335983, -6.95177078247, -8.09698104858], "dmean2": [0.70073145628, 0.515140414238, 0.531740069389, 0.585894703865, 0.58819770813, 0.622903168201], "median": [-8.62341213226, -7.51165294647, -8.97104740143, -10.0141897202, -10.4626779556, -12.8816366196], "dvar": [0.149918988347, 0.137894868851, 0.135637104511, 0.158761069179, 0.182471781969, 0.222653493285]}, "hfc": {"dvar2": 49.0137443542, "var": 61.9960174561, "min": 1.1830486675e-16, "dmean": 1.91190683842, "mean": 7.84892272949, "max": 99.7043762207, "dmean2": 3.00342988968, "median": 5.52186155319, "dvar": 19.2377490997}, "spectral_kurtosis": {"dvar2": 245.471939087, "var": 382.14263916, "min": -1.18146109581, "dmean": 8.89617919922, "mean": 25.1523208618, "max": 137.778900146, "dmean2": 14.6796646118, "median": 19.4665298462, "dvar": 100.519317627}, "mfcc": {"mean": [-776.554382324, 188.057159424, 19.4444217682, 22.9201831818, -15.5411615372, -0.79994571209, -19.7477321625, -21.4106960297, -13.0145931244, -7.80625247955, -10.0266656876, -4.20706129074, -7.78298902512], "cov": [[6334.38867188, -94.9182739258, -828.108764648, 43.0558280945, -551.970581055, 176.888153076, -230.184036255, 37.0949668884, -64.4594116211, -61.4856948853, -197.011611938, -22.3109741211, -146.057815552], [-94.9182739258, 1624.45776367, -212.260803223, -54.2382240295, 121.990478516, -76.6105804443, 38.2554893494, -182.439361572, -78.8932800293, -4.19901704788, 71.7052459717, -51.4253997803, -59.1745986938], [-828.108764648, -212.260803223, 742.443725586, 48.207157135, 73.0092544556, 18.2960548401, 40.3124046326, 87.8316116333, 60.8916511536, 27.4278297424, 8.27835273743, 18.0795593262, 58.8870277405], [43.0558280945, -54.2382240295, 48.207157135, 288.177856445, 6.35188055038, 15.0949354172, 11.7501029968, 27.1582069397, 24.1931915283, 5.04746580124, -12.7006168365, 0.122928835452, 22.3328495026], [-551.970581055, 121.990478516, 73.0092544556, 6.35188055038, 226.38760376, -0.0197607427835, 41.6945228577, -8.76310539246, 6.13403987885, 24.3418731689, 31.9148521423, -1.98767435551, 13.4873847961], [176.888153076, -76.6105804443, 18.2960548401, 15.0949354172, -0.0197607427835, 163.216384888, 24.4943141937, 17.6435337067, 10.8698644638, 18.5492916107, 12.2722711563, 7.50830602646, 2.58860993385], [-230.184036255, 38.2554893494, 40.3124046326, 11.7501029968, 41.6945228577, 24.4943141937, 145.549530029, 6.67965650558, 11.8223018646, 14.1953706741, 6.13168668747, 8.68649768829, 18.0331573486], [37.0949668884, -182.439361572, 87.8316116333, 27.1582069397, -8.76310539246, 17.6435337067, 6.67965650558, 165.078964233, 38.5204544067, 1.42765069008, -11.7995824814, 7.69857692719, 44.6933174133], [-64.4594116211, -78.8932800293, 60.8916511536, 24.1931915283, 6.13403987885, 10.8698644638, 11.8223018646, 38.5204544067, 116.505592346, 10.7707214355, -10.0102777481, 2.01800322533, 8.24310493469], [-61.4856948853, -4.19901704788, 27.4278297424, 5.04746580124, 24.3418731689, 18.5492916107, 14.1953706741, 1.42765069008, 10.7707214355, 115.29221344, 5.06417512894, -19.1305351257, -7.38244771957], [-197.011611938, 71.7052459717, 8.27835273743, -12.7006168365, 31.9148521423, 12.2722711563, 6.13168668747, -11.7995824814, -10.0102777481, 5.06417512894, 109.870536804, 22.5768299103, -2.76199555397], [-22.3109741211, -51.4253997803, 18.0795593262, 0.122928835452, -1.98767435551, 7.50830602646, 8.68649768829, 7.69857692719, 2.01800322533, -19.1305351257, 22.5768299103, 114.999534607, 24.8667449951], [-146.057815552, -59.1745986938, 58.8870277405, 22.3328495026, 13.4873847961, 2.58860993385, 18.0331573486, 44.6933174133, 8.24310493469, -7.38244771957, -2.76199555397, 24.8667449951, 137.239883423]], "icov": [[0.000270073622232, -4.9697166105e-05, 0.000241169836954, -7.57342204452e-05, 0.000482672912767, -0.000386007362977, 0.000276947859675, -0.000213213716052, 8.13478400232e-05, -1.24561365737e-05, 0.000387838605093, -0.000101119643659, 0.000188302132301], [-4.9697166105e-05, 0.000811196514405, 0.000122336350614, 3.74328446924e-05, -0.000454223336419, 0.000387924257666, -0.000323668442434, 0.000682810903527, 0.000183444353752, 0.000108298809209, -0.000512170547154, 0.000392770307371, 9.11666302272e-06], [0.000241169836954, 0.000122336350614, 0.00180946313776, -0.000180195333087, -6.89851731295e-05, -0.000273901503533, 3.6997236748e-05, -0.000668119639158, -0.000394304428482, -0.000234388920944, 0.000174405155121, -0.000153585962835, -0.000170592582435], [-7.57342204452e-05, 3.74328446924e-05, -0.000180195333087, 0.00364693370648, -0.000210750979022, -0.000148352235556, -0.000195757675101, -0.000172799511347, -0.000521025038324, -3.54717594746e-05, 0.000265151989879, 0.000109578562842, -0.00046022812603], [0.000482672912767, -0.000454223336419, -6.89851731295e-05, -0.000210750979022, 0.00616411864758, -0.000458315305877, -0.000636105716694, -0.000105977997009, -0.000104065649793, -0.000840467517264, -0.000568498566281, 0.000102790727396, -0.00016633947962], [-0.000386007362977, 0.000387924257666, -0.000273901503533, -0.000148352235556, -0.000458315305877, 0.00724987871945, -0.00152655818965, -7.57636444177e-05, -0.000291749078315, -0.000919278885704, -0.00151259324048, -6.58784410916e-05, -1.87540172192e-05], [0.000276947859675, -0.000323668442434, 3.6997236748e-05, -0.000195757675101, -0.000636105716694, -0.00152655818965, 0.00802913866937, -0.000260655564489, -0.000429441774031, -0.000612576957792, 0.000680291792378, -0.000700743694324, -0.000574160192627], [-0.000213213716052, 0.000682810903527, -0.000668119639158, -0.000172799511347, -0.000105977997009, -7.57636444177e-05, -0.000260655564489, 0.00825442932546, -0.00183905591257, 0.00014735449804, -0.000171621271875, 0.000409719446907, -0.00221903948113], [8.13478400232e-05, 0.000183444353752, -0.000394304428482, -0.000521025038324, -0.000104065649793, -0.000291749078315, -0.000429441774031, -0.00183905591257, 0.00985353626311, -0.000652825518046, 0.000873807934113, -0.000233106256928, 0.000523575814441], [-1.24561365737e-05, 0.000108298809209, -0.000234388920944, -3.54717594746e-05, -0.000840467517264, -0.000919278885704, -0.000612576957792, 0.00014735449804, -0.000652825518046, 0.00953514501452, -0.000530743680429, 0.0017596516991, 0.000494837702718], [0.000387838605093, -0.000512170547154, 0.000174405155121, 0.000265151989879, -0.000568498566281, -0.00151259324048, 0.000680291792378, -0.000171621271875, 0.000873807934113, -0.000530743680429, 0.0110769094899, -0.00256904191338, 0.0007322228048], [-0.000101119643659, 0.000392770307371, -0.000153585962835, 0.000109578562842, 0.000102790727396, -6.58784410916e-05, -0.000700743694324, 0.000409719446907, -0.000233106256928, 0.0017596516991, -0.00256904191338, 0.0100781451911, -0.00170952861663], [0.000188302132301, 9.11666302272e-06, -0.000170592582435, -0.00046022812603, -0.00016633947962, -1.87540172192e-05, -0.000574160192627, -0.00221903948113, 0.000523575814441, 0.000494837702718, 0.0007322228048, -0.00170952861663, 0.00877338647842]]}, "silence_rate_20dB": {"dvar2": 0, "var": 0, "min": 1, "dmean": 0, "mean": 1, "max": 1, "dmean2": 0, "median": 1, "dvar": 0}, "melbands_kurtosis": {"dvar2": 438.36907959, "var": 351.619476318, "min": -1.73083949089, "dmean": 6.85776329041, "mean": 19.1982746124, "max": 377.507507324, "dmean2": 11.0952072144, "median": 14.2663879395, "dvar": 167.377243042}, "barkbands_spread": {"dvar2": 20.9072380066, "var": 15.7485780716, "min": 0.26804536581, "dmean": 1.04162871838, "mean": 4.16833496094, "max": 137.879058838, "dmean2": 1.65591192245, "median": 3.2020573616, "dvar": 8.34961795807}, "erbbands_skewness": {"dvar2": 0.451980978251, "var": 0.780408680439, "min": -4.45697259903, "dmean": 0.317991703749, "mean": 1.78945231438, "max": 6.61663579941, "dmean2": 0.496013075113, "median": 1.74263644218, "dvar": 0.178007826209}, "average_loudness": 0.691783308983, "spectral_centroid": {"dvar2": 45716.8046875, "var": 154601.3125, "min": 213.466567993, "dmean": 45.9917106628, "mean": 445.771240234, "max": 11221.828125, "dmean2": 73.0920181274, "median": 378.280761719, "dvar": 21318.5039062}, "dissonance": {"dvar2": 0.0026511400938, "var": 0.00363021460362, "min": 0.128049939871, "dmean": 0.0324042774737, "mean": 0.366757214069, "max": 0.500000059605, "dmean2": 0.0545977838337, "median": 0.37061393261, "dvar": 0.000981397810392}, "erbbands_flatness_db": {"dvar2": 0.00115690438543, "var": 0.00261763040908, "min": 0.022534545511, "dmean": 0.0195442736149, "mean": 0.255788326263, "max": 0.396558701992, "dmean2": 0.0285101216286, "median": 0.259595364332, "dvar": 0.000508184661157}, "spectral_strongpeak": {"dvar2": 0.306202024221, "var": 0.429782539606, "min": 0, "dmean": 0.241794496775, "mean": 0.974921345711, "max": 7.23938941956, "dmean2": 0.405660659075, "median": 0.843836069107, "dvar": 0.122065916657}, "spectral_rms": {"dvar2": 1.81648817943e-06, "var": 3.72231238543e-06, "min": 3.24007509191e-12, "dmean": 0.00056014303118, "mean": 0.00419035879895, "max": 0.0148473987356, "dmean2": 0.000894552620593, "median": 0.00395664572716, "dvar": 7.39910774428e-07}, "silence_rate_60dB": {"dvar2": 0.0433515124023, "var": 0.0640964061022, "min": 0, "dmean": 0.0187553279102, "mean": 0.0688332468271, "max": 1, "dmean2": 0.0375146530569, "median": 0, "dvar": 0.0184028558433}, "melbands": {"dvar2": [2.35853669928e-09, 3.64484833426e-07, 2.59056128016e-06, 1.70729963429e-05, 1.7585924752e-06, 3.10871996589e-07, 6.87490398832e-07, 1.36337561685e-07, 7.32251450586e-08, 8.89843310148e-09, 2.08084198761e-08, 1.29975341601e-09, 4.12725353893e-10, 2.77083356259e-09, 7.54079743093e-10, 1.10295585165e-10, 1.98130817308e-10, 1.37904437869e-10, 1.40013955985e-09, 7.50869944e-09, 2.70278469744e-11, 1.65623313675e-11, 3.06511543577e-12, 2.02159382984e-12, 3.2559820725e-12, 3.95226126132e-12, 3.07251897536e-11, 4.38073431697e-11, 7.6252094916e-12, 1.319319827e-11, 1.78798989503e-11, 3.68555151675e-11, 8.09731535295e-12, 8.865711984e-12, 2.45031469073e-12, 9.72901555325e-13, 9.79559315606e-13, 6.90011809083e-14, 2.51731737533e-14, 2.47855837417e-12], "var": [1.2295378049e-09, 3.03810082869e-07, 2.46765580414e-06, 1.26923341668e-05, 1.87016598829e-06, 1.21265520647e-06, 9.711761777e-07, 4.06885078519e-07, 2.06478119935e-07, 2.18662403739e-08, 8.89558435802e-08, 2.08800399193e-09, 5.76561909327e-10, 4.17442880263e-09, 1.45153256081e-09, 1.96515789752e-10, 3.15700465769e-10, 2.06740943809e-10, 7.68979546706e-10, 1.35117583788e-09, 5.95971813566e-11, 4.26925023111e-11, 4.48485476187e-12, 2.53380844951e-12, 6.50021009241e-12, 2.21207947793e-12, 1.17640723551e-11, 9.68427421588e-12, 3.61926049026e-12, 5.06872668837e-12, 6.44120824386e-12, 7.44805606079e-12, 1.87805955683e-12, 2.15281503561e-12, 7.53151284828e-13, 3.00208127671e-13, 3.24607962038e-13, 2.57067621584e-14, 1.03523138616e-14, 4.47119582027e-13], "min": [6.79631832182e-24, 4.9367061388e-24, 1.23521071163e-23, 8.20673772262e-24, 3.75878376829e-24, 1.93121274865e-24, 1.87715889502e-23, 2.81731070009e-23, 1.62372265641e-23, 1.18581523941e-23, 1.09797108111e-23, 4.74358786161e-24, 5.53295127122e-24, 1.76885255259e-23, 2.03508474617e-23, 1.6442832115e-23, 1.09714553817e-23, 8.09123901977e-24, 5.02269947165e-24, 8.47813979504e-24, 1.63886499926e-23, 1.3379407541e-23, 8.04760396766e-24, 8.98963326168e-24, 1.73058727666e-23, 9.64520822835e-24, 1.3221203853e-23, 1.59980960024e-23, 1.06520337683e-23, 7.90526506136e-24, 1.17678033658e-23, 7.21554503927e-24, 9.41607490096e-24, 8.37384922793e-24, 1.11324981801e-23, 1.22169539439e-23, 1.44977551359e-23, 7.44723112055e-24, 8.82840981418e-24, 7.47141522932e-24], "dmean": [1.47325927173e-05, 0.000154704015586, 0.000369708344806, 0.000947804597672, 0.000367991597159, 0.000166947254911, 0.000141385899042, 8.65049150889e-05, 4.45755540568e-05, 1.9109216737e-05, 1.69465147337e-05, 5.69579606235e-06, 3.57979274668e-06, 9.81370703812e-06, 5.60382886761e-06, 1.72796546849e-06, 3.0458315905e-06, 1.89781769677e-06, 2.71058934231e-06, 2.40763665715e-06, 8.44662622512e-07, 6.40177347577e-07, 2.55691929851e-07, 1.69697912611e-07, 2.43988580451e-07, 2.02909077984e-07, 3.89757019548e-07, 3.70202570821e-07, 3.01851258655e-07, 3.08022009676e-07, 3.271048854e-07, 2.13249393255e-07, 1.62457894248e-07, 1.51453633634e-07, 8.78071588772e-08, 8.30445969768e-08, 5.88061084272e-08, 2.05618349014e-08, 1.67770295434e-08, 4.08345499636e-08], "mean": [2.09516729228e-05, 0.000370902591385, 0.000810414843727, 0.00223601935431, 0.00119632133283, 0.00075356499292, 0.000546370458324, 0.000387178268284, 0.00017443698016, 8.75459300005e-05, 7.37372683943e-05, 1.60290710483e-05, 8.94088498171e-06, 2.65609724011e-05, 1.5723391698e-05, 4.59289321952e-06, 8.45602517074e-06, 5.60029548069e-06, 6.5563467615e-06, 2.06048434848e-06, 2.20144215746e-06, 1.7959471279e-06, 6.66871244448e-07, 4.72642028626e-07, 6.52320977679e-07, 3.79759740099e-07, 7.05689387814e-07, 5.05769264691e-07, 5.31861473974e-07, 5.34025559773e-07, 5.11753910359e-07, 2.81792580381e-07, 2.07923065432e-07, 1.83539256682e-07, 1.09230292367e-07, 9.73384572944e-08, 9.65019282262e-08, 2.60915324901e-08, 1.95177722873e-08, 3.25841895688e-08], "max": [0.000563774898183, 0.00819888990372, 0.0275496244431, 0.0434966646135, 0.0139344828203, 0.0133919240907, 0.0148990722373, 0.00682642590255, 0.00821232236922, 0.00258909724653, 0.00519987475127, 0.00106657214928, 0.000585461384617, 0.00138051318936, 0.000697585521266, 0.000301957217744, 0.000284872279735, 0.000329861562932, 0.000928777153604, 0.0021280227229, 0.000171587642399, 0.000165848614415, 5.77900391363e-05, 5.91104580963e-05, 7.97011962277e-05, 4.15321192122e-05, 0.000144529345562, 0.000137818555231, 7.33985943953e-05, 0.000122785218991, 0.0001423467329, 0.00024338332878, 0.000104675273178, 0.00011046534928, 6.88926666044e-05, 3.24336688209e-05, 3.78802287742e-05, 8.74087800184e-06, 3.14936551149e-06, 6.2436083681e-05], "dmean2": [2.48257092608e-05, 0.000265029550064, 0.000608941947576, 0.00152518530376, 0.0006120770704, 0.000237935775658, 0.00022583