{"tonal": {"thpcp": [1, 0.632128417492, 0.265974462032, 0.25791656971, 0.249399021268, 0.468192398548, 0.701391279697, 0.504141330719, 0.410651922226, 0.541192650795, 0.44677644968, 0.357232838869, 0.340037971735, 0.324422985315, 0.623909294605, 0.826928436756, 0.474415898323, 0.190150871873, 0.178621426225, 0.21814917028, 0.62022036314, 0.952274382114, 0.612107396126, 0.298143297434, 0.325582742691, 0.339844852686, 0.335698753595, 0.335496425629, 0.316049784422, 0.545455396175, 0.80696284771, 0.582253694534, 0.34237536788, 0.315975129604, 0.298520088196, 0.658797860146], "hpcp": {"dmean2": [0.246395751834, 0.240105599165, 0.275086551905, 0.328355550766, 0.26459634304, 0.206422954798, 0.197572126985, 0.191652476788, 0.266321390867, 0.340645670891, 0.243945688009, 0.155906647444, 0.144606798887, 0.137797445059, 0.215324476361, 0.305132895708, 0.237225010991, 0.195606335998, 0.230824053288, 0.197040051222, 0.163681745529, 0.159218758345, 0.191600307822, 0.290502548218, 0.308959811926, 0.197439730167, 0.136252522469, 0.131354615092, 0.145272508264, 0.265160143375, 0.356181561947, 0.280780225992, 0.200703218579, 0.23146854341, 0.254544198513, 0.251019835472], "median": [0.0326411239803, 0.0300304815173, 0.082630969584, 0.103682376444, 0.0945192873478, 0.0367682911456, 0.0337634645402, 0.0295651555061, 0.115482382476, 0.15211340785, 0.104091979563, 0.0271183252335, 0.0199282839894, 0.0208013802767, 0.0697167888284, 0.100949026644, 0.0749487429857, 0.0448951646686, 0.0527770742774, 0.0494191460311, 0.0271278694272, 0.0227740313858, 0.0319469794631, 0.10700494051, 0.1193793118, 0.0605249479413, 0.0141884414479, 0.0118591226637, 0.0198683366179, 0.110637135804, 0.152856141329, 0.0981936827302, 0.0272603370249, 0.0285739842802, 0.0294536091387, 0.032487090677], "min": [0, 0, 0, 0, 0, 0, 0, 0, 0, 0, 0, 0, 0, 0, 0, 0, 0, 0, 0, 0, 0, 0, 0, 0, 0, 0, 0, 0, 0, 0, 0, 0, 0, 0, 0, 0], "dvar2": [0.145660936832, 0.145808592439, 0.123674221337, 0.154276564717, 0.103750213981, 0.0939452573657, 0.100543938577, 0.10359339416, 0.096792280674, 0.1579220891, 0.0811434388161, 0.0636402368546, 0.065173111856, 0.060923948884, 0.0806959271431, 0.132490485907, 0.0921390429139, 0.0791096016765, 0.104502148926, 0.0746509730816, 0.0723081752658, 0.0725644081831, 0.0888960361481, 0.124723128974, 0.132485613227, 0.0735158994794, 0.0722116306424, 0.0708672627807, 0.0631595253944, 0.105329819024, 0.163778290153, 0.124137483537, 0.100599519908, 0.131898745894, 0.155201211572, 0.145475909114], "dvar": [0.0504449233413, 0.0495850145817, 0.0439630672336, 0.0642547681928, 0.0382344536483, 0.0333254933357, 0.0349945873022, 0.0363452658057, 0.0361370258033, 0.064144693315, 0.030845252797, 0.0224209986627, 0.0230460204184, 0.0216041374952, 0.0294520724565, 0.0516121610999, 0.0334653072059, 0.0294280294329, 0.043763063848, 0.0284745190293, 0.0258171223104, 0.0261470638216, 0.0320006906986, 0.0460682213306, 0.0529425255954, 0.0284734629095, 0.0254549030215, 0.0248893033713, 0.0223350543529, 0.039099495858, 0.0658009275794, 0.0465736538172, 0.0368036143482, 0.0472182892263, 0.0545622110367, 0.0504900962114], "dmean": [0.13386952877, 0.129171997309, 0.154563561082, 0.186233907938, 0.151581585407, 0.114220909774, 0.108280465007, 0.104780718684, 0.153927221894, 0.195184856653, 0.141929030418, 0.0864793136716, 0.0801038220525, 0.0765305534005, 0.12388882041, 0.175399556756, 0.134742885828, 0.111400000751, 0.131994903088, 0.112999856472, 0.0918281450868, 0.088252350688, 0.105727300048, 0.165244191885, 0.177234902978, 0.113313324749, 0.0740653052926, 0.0708845630288, 0.0791818723083, 0.152352437377, 0.20393140614, 0.159000948071, 0.109767735004, 0.125737681985, 0.137812435627, 0.136240705848], "max": [1, 1, 1, 1, 1, 1, 1, 1, 1, 1, 1, 1, 1, 1, 1, 1, 1, 1, 1, 1, 1, 1, 1, 1, 1, 1, 1, 1, 1, 1, 1, 1, 1, 1, 1, 1], "var": [0.0404578708112, 0.0366249680519, 0.0492380820215, 0.114179521799, 0.0517408847809, 0.0357178151608, 0.0320780538023, 0.0316390395164, 0.0566943660378, 0.135921791196, 0.0551663972437, 0.0239415038377, 0.0286511015147, 0.0249802060425, 0.0395346097648, 0.0875866264105, 0.0471464805305, 0.0408347286284, 0.0771157741547, 0.0444446466863, 0.0452778041363, 0.0476072877645, 0.0344000607729, 0.0574179068208, 0.109900392592, 0.043902721256, 0.0195630397648, 0.0182942133397, 0.0186537932605, 0.053838018328, 0.124680906534, 0.0575388744473, 0.0334077477455, 0.0391992479563, 0.0420937053859, 0.0391332320869], "mean": [0.1125035882, 0.105982460082, 0.182910114527, 0.27060264349, 0.19524987042, 0.114810332656, 0.10595741868, 0.100104145706, 0.220917776227, 0.335334688425, 0.211974591017, 0.0891904681921, 0.0864883735776, 0.0836321413517, 0.157001152635, 0.235200822353, 0.169056072831, 0.13770583272, 0.181480661035, 0.149819642305, 0.119792558253, 0.114026531577, 0.108790278435, 0.209218427539, 0.277297794819, 0.159088104963, 0.0637641847134, 0.0598979592323, 0.0731529816985, 0.207981392741, 0.319330632687, 0.205260843039, 0.0999777913094, 0.109179191291, 0.113961771131, 0.112571433187]}, "tuning_equal_tempered_deviation": 0.0740241408348, "chords_changes_rate": 0.0760184079409, "key_key": "A#", "tuning_diatonic_strength": 0.516171097755, "key_scale": "major", "chords_number_rate": 0.00255667301826, "tuning_frequency": 440.254241943, "tuning_nontempered_energy_ratio": 0.672899067402, "chords_histogram": [12.5276975632, 0.2215783149, 4.97698974609, 0.017044486478, 16.2945289612, 2.16464972496, 0.52837908268, 1.6533151865, 0, 0, 0.596557021141, 1.80671548843, 1.84080445766, 1.80671548843, 2.53962850571, 1.84080445766, 0.289756268263, 5.59059143066, 0.289756268263, 1.96011590958, 0.18748934567, 18.5614452362, 10.7550706863, 13.5503664017], "key_strength": 0.659652352333, "chords_key": "C", "chords_strength": {"dmean2": 0.0110103832558, "median": 0.45682322979, "min": 0.216254845262, "dvar2": 0.000109265354695, "dvar": 6.57285272609e-05, "dmean": 0.00928530283272, "max": 0.685017764568, "var": 0.00624166522175, "mean": 0.457468301058}, "chords_scale": "minor", "hpcp_entropy": {"dmean2": 1.10403335094, "median": 2.00244498253, "min": 0, "dvar2": 0.790595293045, "dvar": 0.275744974613, "dmean": 0.632701575756, "max": 4.6441655159, "var": 0.636073887348, "mean": 2.01762366295}}, "metadata": {"audio_properties": {"equal_loudness": 0, "codec": "mp3", "downmix": "mix", "sample_rate": 44100, "analysis_sample_rate": 44100, "bit_rate": 259434, "md5_encoded": "83012b32a1b4cbac71f347b93f5e1234", "length": 272.404907227, "replay_gain": -6.56693458557, "lossless": false}, "version": {"essentia_build_sha": "2d9f1f26377add8aeb1075a9c2973f962c4f09fd", "essentia": "2.1-beta2", "extractor": "music 1.0", "essentia_git_sha": "v2.1_beta2-1-ge3940c0"}, "tags": {"title": ["Rainwater Beat"], "media": ["Digital Media"], "albumartist": ["Balloon Party"], "musicbrainz_recordingid": ["124a3d1b-324e-4b6d-a809-ccbd3be22a71"], "originalyear": ["2014"], "discnumber": ["1/1"], "album": ["Mindscapes"], "musicbrainz album type": ["album/compilation"], "musicbrainz album status": ["official"], "musicbrainz_albumartistid": ["a99c8651-3ad3-4fd9-8524-2b0b0b4353c3"], "date": ["2014"], "file_name": "15 Rainwater Beat.mp3", "musicbrainz_releasegroupid": ["635836e5-6863-4b5c-8017-b0c7f3a08014"], "script": ["Latn"], "originaldate": ["2014"], "musicbrainz_albumid": ["9b929a29-e77c-4b04-b2f3-5d0e49661a7f"], "artist": ["Liteheuz"], "artistsort": ["Liteheuz"], "tracknumber": ["15/49"], "musicbrainz album release country": ["XW"], "albumartistsort": ["Balloon Party"], "musicbrainz_artistid": ["95dbfc5b-8690-4916-8d4f-4232b3d02c67"]}}, "rhythm": {"bpm_histogram_first_peak_bpm": {"dmean2": 0, "median": 129, "min": 129, "dvar2": 0, "dvar": 0, "dmean": 0, "max": 129, "var": 0, "mean": 129}, "bpm": 127.951660156, "bpm_histogram_second_peak_spread": {"dmean2": 0, "median": 0, "min": 0, "dvar2": 0, "dvar": 0, "dmean": 0, "max": 0, "var": 0, "mean": 0}, "bpm_histogram_first_peak_weight": {"dmean2": 0, "median": 0.327841848135, "min": 0.327841848135, "dvar2": 0, "dvar": 0, "dmean": 0, "max": 0.327841848135, "var": 0, "mean": 0.327841848135}, "onset_rate": 4.55185317993, "beats_position": [0.417959183455, 0.835918366909, 1.25387752056, 1.67183673382, 2.08979582787, 2.49614500999, 2.90249419212, 3.32045340538, 3.73841261864, 4.15637159348, 4.5627207756, 4.98067998886, 5.38702917099, 5.80498838425, 6.19972801208, 6.59446716309, 6.98920631409, 7.38394546509, 7.79029464722, 8.19664382935, 8.59138298035, 9.04417228699, 9.49696159363, 9.93814086914, 10.379319191, 10.8204984665, 11.261677742, 11.7028570175, 12.144036293, 12.5852155685, 13.0263938904, 13.5140132904, 13.9900226593, 14.4660310745, 14.9536504745, 15.4412698746, 15.9172782898, 16.3932876587, 16.8692970276, 17.3453063965, 17.8213157654, 18.2973232269, 18.7733325958, 19.2493419647, 19.7137413025, 20.1781406403, 20.6541500092, 21.1185474396, 21.5945568085, 22.0589561462, 22.523355484, 22.9993648529, 23.4753742218, 23.9397735596, 24.40417099, 24.8685703278, 25.3445796967, 25.8205890656, 26.2849884033, 26.7493877411, 27.2137870789, 27.6781845093, 28.1541938782, 28.6302032471, 29.0946025848, 29.5590019226, 30.0234012604, 30.4878005981, 30.9638080597, 31.4398174286, 31.9042167664, 32.3686180115, 32.8330154419, 33.2974128723, 33.7734222412, 34.2494316101, 34.7138328552, 35.1782302856, 35.6542396545, 36.1302490234, 36.5946464539, 37.059047699, 37.5234451294, 37.9994544983, 38.4754638672, 38.9398651123, 39.4042625427, 39.8686599731, 40.344669342, 40.8206787109, 41.2850799561, 41.7494773865, 42.2138786316, 42.678276062, 43.1542854309, 43.6302947998, 44.0946922302, 44.5590934753, 45.0234909058, 45.4995002747, 45.9755096436, 46.439907074, 46.9043083191, 47.3687057495, 47.8331069946, 48.3091163635, 48.7851219177, 49.2495231628, 49.7139205933, 50.1783218384, 50.6659393311, 51.1535606384, 51.6411781311, 52.1868476868, 52.7325172424, 53.2781867981, 53.8238525391, 54.3695220947, 54.9151916504, 55.4608612061, 56.0065307617, 56.5754165649, 57.1443061829, 57.7131958008, 58.2820854187, 58.8509750366, 59.4314727783, 60.0003623962, 60.5692520142, 61.1613578796, 61.7534675598, 62.34557724, 62.8215866089, 63.2975959778, 63.7619934082, 64.2263946533, 64.6907958984, 65.1668014526, 65.6428070068, 66.107208252, 66.5832214355, 67.0592269897, 67.5236282349, 67.98802948, 68.4640350342, 68.9284362793, 69.4044418335, 69.8688430786, 70.3332443237, 70.8092498779, 71.2852630615, 71.7496566772, 72.2140579224, 72.6784591675, 73.1544647217, 73.6304779053, 74.094871521, 74.5592727661, 75.0236740112, 75.4996795654, 75.975692749, 76.4400863647, 76.9044876099, 77.368888855, 77.8448944092, 78.3209075928, 78.7853012085, 79.2497024536, 79.7141036987, 80.1901092529, 80.6661224365, 81.1305236816, 81.5949172974, 82.0593185425, 82.5237197876, 82.9997253418, 83.4757385254, 83.9401321411, 84.4045333862, 84.8689346313, 85.3449401855, 85.8209533691, 86.2853469849, 86.74974823, 87.2141494751, 87.6785507202, 88.1429443359, 88.6189575195, 89.0949630737, 89.5593643188, 90.023765564, 90.4881591797, 90.9641723633, 91.428565979, 91.9045791626, 92.3689804077, 92.8333740234, 93.309387207, 93.7853927612, 94.2497940063, 94.7141952515, 95.1785888672, 95.6546020508, 96.130607605, 96.5950088501, 97.0594100952, 97.5238113403, 97.9998168945, 98.4758224487, 98.9402236938, 99.404624939, 99.8690261841, 100.345031738, 100.821044922, 101.285438538, 101.749839783, 102.214241028, 102.690246582, 103.166259766, 103.630653381, 104.095054626, 104.559455872, 105.035461426, 105.511474609, 105.975868225, 106.44026947, 106.904670715, 107.36907196, 107.845077515, 108.321083069, 108.797096252, 109.284713745, 109.772331238, 110.25995636, 110.747573853, 111.223579407, 111.69959259, 112.175598145, 112.663215637, 113.162445068, 113.673286438, 114.149291992, 114.625305176, 115.10131073, 115.565711975, 116.03011322, 116.506118774, 116.982131958, 117.446525574, 117.910926819, 118.375328064, 118.851333618, 119.327346802, 119.791740417, 120.256141663, 120.720542908, 121.196548462, 121.660949707, 122.136962891, 122.601356506, 123.065757751, 123.541763306, 124.017776489, 124.482177734, 124.94657135, 125.410972595, 125.87537384, 126.351379395, 126.827392578, 127.291786194, 127.756187439, 128.232192993, 128.708206177, 129.172607422, 129.637008667, 130.101409912, 130.565795898, 131.030197144, 131.494598389, 131.970611572, 132.446624756, 132.911010742, 133.375411987, 133.851425171, 134.327438354, 134.7918396, 135.256240845, 135.720626831, 136.196640015, 136.672653198, 137.137054443, 137.601455688, 138.077453613, 138.553466797, 139.02947998, 139.505477905, 139.981491089, 140.457504272, 140.933517456, 141.409515381, 141.885528564, 142.361541748, 142.849151611, 143.336776733, 143.824401855, 144.312011719, 144.799636841, 145.287246704, 145.774871826, 146.262496948, 146.750106812, 147.214508057, 147.69052124, 148.166534424, 148.63092041, 149.095321655, 149.5597229, 150.035736084, 150.511749268, 150.976135254, 151.440536499, 151.904937744, 152.369338989, 152.845352173, 153.321365356, 153.785751343, 154.250152588, 154.714553833, 155.178955078, 155.654968262, 156.130966187, 156.595367432, 157.059768677, 157.524169922, 158.000183105, 158.47618103, 158.940582275, 159.404983521, 159.869384766, 160.345397949, 160.821395874, 161.285797119, 161.750198364, 162.214599609, 162.679000854, 163.155014038, 163.631011963, 164.095413208, 164.559814453, 165.024215698, 165.488616943, 165.953018188, 166.429016113, 166.905029297, 167.369430542, 167.833831787, 168.309844971, 168.785842896, 169.250244141, 169.714645386, 170.190658569, 170.666656494, 171.131057739, 171.595458984, 172.059860229, 172.535873413, 173.011871338, 173.487884521, 173.975509644, 174.463119507, 174.962356567, 175.461578369, 175.96081543, 176.448425293, 176.947662354, 177.446884155, 177.9112854, 178.387298584, 178.863311768, 179.327713013, 179.792098999, 180.268112183, 180.744125366, 181.208526611, 181.672927856, 182.137313843, 182.613327026, 183.08934021, 183.553741455, 184.0181427, 184.482528687, 184.946929932, 185.422943115, 185.898956299, 186.363357544, 186.827758789, 187.292144775, 187.768157959, 188.244171143, 188.708572388, 189.172973633, 189.637359619, 190.113372803, 190.589385986, 191.053787231, 191.518188477, 191.982574463, 192.446975708, 192.911376953, 193.387390137, 193.86340332, 194.327789307, 194.792190552, 195.256591797, 195.73260498, 196.208618164, 196.673019409, 197.137405396, 197.625030518, 198.124252319, 198.62348938, 199.122711182, 199.610336304, 200.109558105, 200.608795166, 200.980316162, 201.34022522, 201.700134277, 202.060043335, 202.408340454, 202.756637573, 203.104934692, 203.453231812, 203.813140869, 204.173049927, 204.521362305, 204.869659424, 205.217956543, 205.566253662, 205.92616272, 206.274459839, 206.634368896, 207.017501831, 207.412246704, 207.7837677, 208.143676758, 208.503585815, 208.863494873, 209.211791992, 209.560089111, 209.90838623, 210.25668335, 210.604980469, 210.953277588, 211.313186646, 211.673095703, 212.021408081, 212.3697052, 212.718002319, 213.066299438, 213.426208496, 213.774505615, 214.134414673, 214.482711792, 214.831008911, 215.202529907, 215.585662842, 215.968795776, 216.340316772, 216.70022583, 217.060134888, 217.408432007, 217.756729126, 218.105026245, 218.464935303, 218.82484436, 219.173141479, 219.521453857, 219.869750977, 220.218048096, 220.566345215, 220.926254272, 221.28616333, 221.634460449, 221.982757568, 222.354278564, 222.760635376, 223.143753052, 223.503662109, 223.863571167, 224.211883545, 224.560180664, 224.908477783, 225.256774902, 225.605072021, 225.953369141, 226.313278198, 226.673187256, 227.021499634, 227.369796753, 227.718093872, 228.066390991, 228.426300049, 228.786209106, 229.134506226, 229.482803345, 229.842712402, 230.214233398, 230.585754395, 230.957275391, 231.328796387, 231.688705444, 232.048614502, 232.40852356, 232.756820679, 233.105117798, 233.453414917, 233.813323975, 234.173233032, 234.521530151, 234.869842529, 235.218139648, 235.566436768, 235.926345825, 236.274642944, 236.634552002, 236.99446106, 237.365982056, 237.74911499, 238.132247925, 238.492156982, 238.85206604, 239.211975098, 239.560272217, 239.908569336, 240.256866455, 240.605163574, 240.965072632, 241.313369751, 241.66166687, 242.009979248, 242.369888306, 242.729797363, 243.089706421, 243.449615479, 243.821136475, 244.192642212, 244.564163208, 244.935684204, 245.318817139, 245.701950073, 246.085067749, 246.468200684, 246.851333618, 247.234466553, 247.617584229, 248.000717163, 248.372238159, 248.743759155, 249.115280151, 249.486801147, 249.858322144, 250.218231201, 250.578140259, 250.938049316, 251.309570313, 251.681091309, 252.052597046, 252.412506104, 252.888519287, 253.364532471, 253.840545654, 254.328155518, 254.804168701, 255.291793823, 255.74458313, 256.197357178, 256.650146484, 257.102935791, 257.567352295, 258.031738281, 258.496154785, 258.948944092, 259.413330078, 259.877716064, 260.342132568, 260.806518555, 261.270935059, 261.723724365, 262.176513672, 262.640899658, 263.186584473, 263.72064209, 264.266296387, 264.800354004, 265.346038818, 265.880096436, 266.402526855, 266.924987793, 267.447418213, 267.981506348, 268.515563965, 269.049621582, 269.583679199, 270.117736816, 270.651794434, 271.185852051, 271.719909668], "beats_loudness": {"dmean2": 0.0251528192312, "median": 0.0180201325566, "min": 6.29609919756e-09, "dvar2": 0.00103945366573, "dvar": 0.000352756731445, "dmean": 0.0143790375441, "max": 0.19684432447, "var": 0.000645542459097, "mean": 0.0248949043453}, "danceability": 1.06305837631, "bpm_histogram_second_peak_weight": {"dmean2": 0, "median": 0.0971993431449, "min": 0.0971993431449, "dvar2": 0, "dvar": 0, "dmean": 0, "max": 0.0971993431449, "var": 0, "mean": 0.0971993431449}, "beats_count": 608, "bpm_histogram_second_peak_bpm": {"dmean2": 0, "median": 172, "min": 172, "dvar2": 0, "dvar": 0, "dmean": 0, "max": 172, "var": 0, "mean": 172}, "bpm_histogram_first_peak_spread": {"dmean2": 0, "median": 0.447222262621, "min": 0.447222262621, "dvar2": 0, "dvar": 0, "dmean": 0, "max": 0.447222262621, "var": 0, "mean": 0.447222262621}, "beats_loudness_band_ratio": {"dmean2": [0.194956108928, 0.170867234468, 0.177080616355, 0.224725157022, 0.103855058551, 0.123244330287], "median": [0.203135639429, 0.0446348190308, 0.092516258359, 0.164840638638, 0.0677475035191, 0.0756856650114], "min": [0.000581894419156, 0.000278441584669, 0.000447048980277, 0.0010966246482, 0.00206697918475, 0.000928038090933], "dvar2": [0.0431151427329, 0.037352938205, 0.0365641564131, 0.0511956475675, 0.0149231916294, 0.0325538031757], "dvar": [0.0172401573509, 0.0114753302187, 0.0135552017018, 0.0193999037147, 0.00585206318647, 0.012026373297], "dmean": [0.121878281236, 0.0892807170749, 0.103664577007, 0.127827003598, 0.0607608929276, 0.0746470987797], "max": [0.977078020573, 0.545721232891, 0.785453379154, 0.940564990044, 0.884262681007, 0.985189318657], "var": [0.0662948563695, 0.0112744094804, 0.0304430816323, 0.0619311891496, 0.0131754921749, 0.0295372568071], "mean": [0.281344473362, 0.0894702970982, 0.158866643906, 0.262710422277, 0.107502043247, 0.144509986043]}}, "lowlevel": {"barkbands_spread": {"dmean2": 14.1114473343, "median": 25.0068836212, "min": 0.66639238596, "dvar2": 312.830383301, "dvar": 132.066360474, "dmean": 9.17531394958, "max": 149.637283325, "var": 496.360046387, "mean": 32.1775856018}, "melbands_spread": {"dmean2": 20.3136787415, "median": 29.5550136566, "min": 1.12457585335, "dvar2": 698.569335938, "dvar": 303.906494141, "dmean": 13.1561260223, "max": 230.36505127, "var": 1044.13427734, "mean": 39.881729126}, "hfc": {"dmean2": 28.3474998474, "median": 14.7232551575, "min": 3.71039625691e-08, "dvar2": 3212.62670898, "dvar": 1286.2902832, "dmean": 18.0550117493, "max": 453.026306152, "var": 2104.24438477, "mean": 31.6441822052}, "barkbands_kurtosis": {"dmean2": 4.11986255646, "median": 0.621271908283, "min": -1.96943128109, "dvar2": 97.2184143066, "dvar": 43.9483642578, "dmean": 2.68066215515, "max": 406.940551758, "var": 74.0694122314, "mean": 2.90350174904}, "gfcc": {"mean": [-35.879283905, 38.8825721741, -111.977615356, 13.837059021, -47.3952407837, 18.6863307953, -20.6054325104, 13.9237260818, -17.0205478668, 4.39296388626, -13.1531248093, 4.23045682907, -8.12673568726], "icov": [[8.55570760905e-05, 4.88874902658e-05, 3.22855994455e-05, 3.18817146763e-05, 0.000128899613628, -0.000155022615218, 0.000331347197061, -0.000379791366868, 0.000233346741879, -0.000112296591396, 7.36249858164e-05, -0.000108371306851, -7.18839692126e-06], [4.88874902658e-05, 0.000539172790013, 0.000260309345322, -7.46932564653e-05, -0.000234609120525, 0.000131660868647, -0.000326990731992, 0.00036859390093, -0.000304901564959, 0.000417297997046, -8.72835880728e-05, 0.000203377348953, -7.53575386625e-06], [3.22855994455e-05, 0.000260309345322, 0.00116770819295, -0.000274575839285, -0.000307714974042, -0.000379894830985, 0.000286118069198, 0.000163648204762, 0.000136335613206, -0.00011516160157, 0.000367150729289, -0.000414964801166, -0.000119054449897], [3.18817146763e-05, -7.46932564653e-05, -0.000274575839285, 0.0019282681169, -0.00083756854292, 0.000133124107379, 0.000493756553624, -9.73505084403e-05, 0.00043846675544, 0.000234595601796, -0.000635041273199, 0.00147080572788, -0.00124821055215], [0.000128899613628, -0.000234609120525, -0.000307714974042, -0.00083756854292, 0.0044631655328, -0.00144106952939, 0.000244050519541, -0.000246094539762, -0.000176912508323, -0.00018886118778, 0.000851731747389, -0.00126180448569, 0.00109684886411], [-0.000155022615218, 0.000131660868647, -0.000379894830985, 0.000133124107379, -0.00144106952939, 0.00547055387869, -0.00226868502796, -0.000565738708246, 0.00169765518513, -0.00212891236879, 0.00190134590957, -0.000993501162156, 0.00163930037525], [0.000331347197061, -0.000326990731992, 0.000286118069198, 0.000493756553624, 0.000244050519541, -0.00226868502796, 0.00772559735924, -0.00419282540679, 0.00164890743326, 0.000162631564308, -0.00153390783817, 0.000195340035134, -0.00137015525252], [-0.000379791366868, 0.00036859390093, 0.000163648204762, -9.73505084403e-05, -0.000246094539762, -0.000565738708246, -0.00419282540679, 0.0117292376235, -0.00711140595376, 0.00318716047332, 0.000274550635368, -0.00152143568266, 0.000926983950194], [0.000233346741879, -0.000304901564959, 0.000136335613206, 0.00043846675544, -0.000176912508323, 0.00169765518513, 0.00164890743326, -0.00711140595376, 0.0120682297274, -0.00722333183512, 0.00265573058277, 7.18361552572e-05, -0.00166438857559], [-0.000112296591396, 0.000417297997046, -0.00011516160157, 0.000234595601796, -0.00018886118778, -0.00212891236879, 0.000162631564308, 0.00318716047332, -0.00722333183512, 0.0143589014187, -0.00856061186641, 0.00569475349039, -0.000668422784656], [7.36249858164e-05, -8.72835880728e-05, 0.000367150729289, -0.000635041273199, 0.000851731747389, 0.00190134590957, -0.00153390783817, 0.000274550635368, 0.00265573058277, -0.00856061186641, 0.0147179430351, -0.0100251734257, 0.00511839240789], [-0.000108371306851, 0.000203377348953, -0.000414964801166, 0.00147080572788, -0.00126180448569, -0.000993501162156, 0.000195340035134, -0.00152143568266, 7.18361552572e-05, 0.00569475349039, -0.0100251734257, 0.0188029445708, -0.0103292986751], [-7.18839692126e-06, -7.53575386625e-06, -0.000119054449897, -0.00124821055215, 0.00109684886411, 0.00163930037525, -0.00137015525252, 0.000926983950194, -0.00166438857559, -0.000668422784656, 0.00511839240789, -0.0103292986751, 0.0157584603876]], "cov": [[20706.8359375, -3311.32080078, 146.568939209, -744.241210938, -624.698791504, 471.89465332, -529.966369629, 541.121887207, -98.5365753174, 47.4740982056, -67.9828338623, 207.601028442, 16.265335083], [-3311.32080078, 2827.06958008, -570.341003418, 160.005126953, 152.760665894, -156.622543335, 159.851852417, -99.6416625977, 34.6755332947, -78.9510116577, -12.5831203461, -69.623626709, -7.6094622612], [146.568939209, -570.341003418, 1151.39697266, 200.4790802, 130.140548706, 122.719909668, -67.1293563843, -39.3517417908, -61.1085700989, -9.36487865448, -40.1554794312, 21.876537323, 19.5570411682], [-744.241210938, 160.005126953, 200.4790802, 695.268554688, 151.66178894, -17.0936069489, -51.78465271, -69.698928833, -42.702960968, -20.8098754883, -24.8229522705, -48.777381897, 17.8397483826], [-624.698791504, 152.760665894, 130.140548706, 151.66178894, 319.539367676, 88.412940979, 25.7462463379, -7.62751245499, -8.43180084229, -7.59352827072, -21.9124164581, -6.08297872543, -14.0496358871], [471.89465332, -156.622543335, 122.719909668, -17.0936069489, 88.412940979, 298.297851563, 74.6625976563, 41.1066436768, -30.5151138306, 17.4516525269, -15.8061847687, 3.46522331238, -28.4751033783], [-529.966369629, 159.851852417, -67.1293563843, -51.78465271, 25.7462463379, 74.6625976563, 231.605178833, 77.3012390137, 12.7253522873, -7.8624215126, 23.0436763763, 29.7851600647, 14.3063735962], [541.121887207, -99.6416625977, -39.3517417908, -69.698928833, -7.62751245499, 41.1066436768, 77.3012390137, 193.677444458, 91.9529571533, 0.543996036053, -7.30390310287, 31.0019359589, 18.3923721313], [-98.5365753174, 34.6755332947, -61.1085700989, -42.702960968, -8.43180084229, -30.5151138306, 12.7253522873, 91.9529571533, 190.464782715, 75.3250808716, 3.6961991787, -8.86002063751, 11.8897476196], [47.4740982056, -78.9510116577, -9.36487865448, -20.8098754883, -7.59352827072, 17.4516525269, -7.8624215126, 0.543996036053, 75.3250808716, 163.25138855, 70.4201507568, -24.287317276, -27.6497859955], [-67.9828338623, -12.5831203461, -40.1554794312, -24.8229522705, -21.9124164581, -15.8061847687, 23.0436763763, -7.30390310287, 3.6961991787, 70.4201507568, 153.799133301, 53.9864044189, -7.89411115646], [207.601028442, -69.623626709, 21.876537323, -48.777381897, -6.08297872543, 3.46522331238, 29.7851600647, 31.0019359589, -8.86002063751, -24.287317276, 53.9864044189, 133.334854126, 65.0890045166], [16.265335083, -7.6094622612, 19.5570411682, 17.8397483826, -14.0496358871, -28.4751033783, 14.3063735962, 18.3923721313, 11.8897476196, -27.6497859955, -7.89411115646, 65.0890045166, 114.435935974]]}, "spectral_energyband_middle_low": {"dmean2": 0.00530818663538, "median": 0.00189693598077, "min": 8.17542444875e-14, "dvar2": 0.000120740282, "dvar": 4.79532209283e-05, "dmean": 0.00330973626114, "max": 0.124726563692, "var": 5.97769139858e-05, "mean": 0.00463185226545}, "melbands_crest": {"dmean2": 6.26475572586, "median": 13.1320829391, "min": 2.58534288406, "dvar2": 28.5189819336, "dvar": 12.1568250656, "dmean": 3.92208385468, "max": 34.3437004089, "var": 44.4647521973, "mean": 14.4946756363}, "spectral_kurtosis": {"dmean2": 2.29713249207, "median": 3.46452260017, "min": -0.388036608696, "dvar2": 9.556224823, "dvar": 3.17845916748, "dmean": 1.35304927826, "max": 41.1285705566, "var": 13.4288301468, "mean": 4.48448038101}, "spectral_rms": {"dmean2": 0.00122243876103, "median": 0.00320209516212, "min": 5.18592564447e-08, "dvar2": 2.38456027546e-06, "dvar": 1.10047699309e-06, "dmean": 0.000850366312079, "max": 0.0156451519579, "var": 6.58593353364e-06, "mean": 0.00374959409237}, "zerocrossingrate": {"dmean2": 0.0207068119198, "median": 0.078125, "min": 0.00634765625, "dvar2": 0.00060506479349, "dvar": 0.000456886802567, "dmean": 0.0178500264883, "max": 0.8076171875, "var": 0.00689038494602, "mean": 0.106818236411}, "silence_rate_60dB": {"dmean2": 0.063080728054, "median": 0, "min": 0, "dvar2": 0.0723930001259, "dvar": 0.0305442567915, "dmean": 0.0315376743674, "max": 1, "var": 0.181042209268, "mean": 0.237364694476}, "erbbands_kurtosis": {"dmean2": 2.30562281609, "median": 0.360735714436, "min": -1.79203009605, "dvar2": 31.9000034332, "dvar": 14.5940008163, "dmean": 1.51003730297, "max": 260.05847168, "var": 27.6009540558, "mean": 1.636023283}, "erbbands": {"dmean2": [0.162705048919, 0.960341453552, 1.75329101086, 2.07960295677, 6.324031353, 6.02722406387, 3.16101193428, 3.49009013176, 7.89452695847, 15.6820659637, 17.8318576813, 27.3958797455, 44.854057312, 47.7863464355, 49.9666633606, 22.486038208, 19.1623935699, 29.9302463531, 12.6911411285, 21.8611335754, 35.7711296082, 32.9228019714, 21.8262462616, 22.3911113739, 19.9104595184, 26.6990661621, 28.0154151917, 14.4717531204, 15.7522125244, 10.5576286316, 10.9759712219, 10.4839048386, 6.77949857712, 5.15885686874, 2.80517721176, 1.43055021763, 0.552771151066, 0.156969711185, 0.0246883686632, 0.00144475151319], "median": [0.0117498785257, 0.0465315543115, 0.112596206367, 0.13891749084, 0.198797747493, 0.448317199945, 0.579119086266, 0.859107255936, 1.48944461346, 2.8897895813, 2.91363239288, 4.67614936829, 7.79691457748, 6.36222839355, 10.018119812, 9.35895061493, 6.87568664551, 7.37267637253, 4.9728474617, 6.7908244133, 7.24943733215, 6.4105887413, 5.08816051483, 5.54801130295, 4.58632278442, 4.54041910172, 3.47117710114, 2.92736506462, 2.63300800323, 2.32125234604, 2.04083228111, 1.71500647068, 1.1291860342, 0.82629686594, 0.434490919113, 0.195818051696, 0.0750882402062, 0.021119358018, 0.00400447053835, 0.000261850393144], "min": [4.86274161129e-13, 1.35900513933e-12, 1.75712200866e-12, 3.43625952345e-12, 1.75966897303e-11, 5.21606577375e-11, 5.86348747333e-11, 4.64465410577e-11, 1.2992087961e-10, 9.10395439591e-11, 2.95126562078e-10, 1.03090080916e-09, 5.37519029287e-10, 1.75623771081e-09, 1.21137022635e-09, 1.93498950196e-09, 1.16113074711e-09, 2.37360020527e-09, 1.38981492981e-09, 1.93170160423e-10, 7.3846440074e-10, 1.42011979953e-09, 3.28460214583e-09, 2.8508588823e-09, 2.15571560602e-09, 2.64061972288e-09, 2.28134156011e-09, 1.65885061243e-09, 1.7540437991e-09, 3.28853011489e-09, 3.00615177196e-09, 1.71299263663e-09, 1.49117906911e-09, 1.19240861629e-09, 8.60825077886e-10, 7.01028346484e-10, 4.77611949989e-10, 4.00056821004e-10, 2.23986912351e-10, 2.20734194811e-11], "dvar2": [0.229697778821, 9.13630390167, 31.8463611603, 42.3364868164, 575.584472656, 374.0340271, 66.4399108887, 55.9063262939, 1073.96557617, 4228.453125, 4073.28833008, 6812.69433594, 21993.9804688, 44777.1015625, 46583.03125, 3464.53564453, 4052.08227539, 14079.2431641, 1402.16943359, 4143.61279297, 14992.0419922, 26369.953125, 5815.79199219, 5372.0625, 8331.57519531, 12572.6220703, 13271.5537109, 1914.6237793, 5805.58447266, 766.824401855, 933.419677734, 1118.62573242, 455.944366455, 176.300033569, 50.2739334106, 13.4281139374, 1.99033725262, 0.163694784045, 0.00454973476008, 1.6428391973e-05], "dvar": [0.158332556486, 5.62687969208, 14.5067710876, 15.5822162628, 205.661865234, 135.887054443, 26.836025238, 22.8072071075, 470.395080566, 1862.40942383, 1691.23522949, 2742.87524414, 9223.83300781, 19041.8730469, 21176.5683594, 1626.69042969, 1693.4921875, 6333.20019531, 626.993286133, 1723.96484375, 6493.90039063, 9946.73828125, 2382.46411133, 2127.25195313, 3434.37597656, 4790.10791016, 5496.37060547, 745.235229492, 2433.79589844, 300.259674072, 350.432952881, 403.474456787, 169.268295288, 66.3904495239, 19.6102924347, 5.20338916779, 0.776358366013, 0.0641275495291, 0.00178592908196, 6.34972047919e-06], "dmean": [0.130805268884, 0.762501299381, 1.14963626862, 1.20421981812, 3.52311992645, 3.42330408096, 1.90701258183, 2.12904405594, 5.18040418625, 10.4869451523, 10.8950242996, 17.0840778351, 28.2471981049, 30.974729538, 34.1537208557, 15.2909288406, 12.5529212952, 19.2717266083, 8.02521514893, 13.436205864, 21.9076690674, 20.2901763916, 13.1824359894, 13.333981514, 11.8647632599, 15.817773819, 16.5717029572, 8.50450229645, 9.21636295319, 6.35333442688, 6.49621486664, 6.23260784149, 4.14668798447, 3.09820270538, 1.76688623428, 0.872182607651, 0.336445391178, 0.0959751829505, 0.0152391130105, 0.000883976696059], "max": [7.89925813675, 54.532951355, 80.5256500244, 77.1501541138, 229.942718506, 247.505157471, 148.537948608, 99.260307312, 830.333374023, 1663.49377441, 1273.36950684, 947.72845459, 1787.76916504, 3834.42749023, 4105.60205078, 1219.71520996, 1150.58032227, 3393.33056641, 1160.98327637, 1855.5111084, 4300.51025391, 5130.62451172, 1415.48278809, 1214.66552734, 2175.6965332, 2184.05737305, 1491.56811523, 446.277648926, 1623.15649414, 671.52331543, 402.486663818, 510.270751953, 673.147949219, 112.362358093, 60.7988777161, 32.0314483643, 11.7229948044, 2.89131045341, 0.849548041821, 0.0357341356575], "var": [0.496420681477, 17.5741653442, 19.3238697052, 13.4902820587, 135.563247681, 95.781578064, 34.094581604, 33.3314704895, 749.271118164, 2863.12866211, 2129.25415039, 3573.26782227, 10509.9355469, 24917.9140625, 32508.40625, 2422.67456055, 2058.41552734, 8112.38671875, 824.889526367, 2158.48999023, 14951.7138672, 27863.8417969, 3777.84448242, 2242.53662109, 3375.6105957, 4779.34667969, 4943.07128906, 767.186340332, 2522.93725586, 563.008300781, 428.772064209, 432.342041016, 406.963775635, 87.31300354, 22.4921607971, 5.33115577698, 0.748022973537, 0.0588685199618, 0.00168599071912, 5.97872030994e-06], "mean": [0.223232194781, 1.29462361336, 1.31670939922, 1.18558585644, 2.72150826454, 3.02579474449, 2.30246210098, 2.85278534889, 7.2700676918, 14.4734945297, 14.2938756943, 23.8267974854, 32.4574012756, 39.35389328, 50.6519393921, 24.6006851196, 18.6226654053, 26.2700042725, 12.383603096, 19.7174987793, 34.1332015991, 37.1300010681, 18.9396209717, 17.1598205566, 15.494389534, 20.5673122406, 17.8601665497, 11.1575775146, 12.2191057205, 9.9117193222, 9.00066757202, 8.36847686768, 6.6904425621, 4.23827981949, 2.40115714073, 1.08702945709, 0.391072869301, 0.104156859219, 0.0174450725317, 0.00103448925074]}, "spectral_strongpeak": {"dmean2": 1.43938541412, "median": 0.663368761539, "min": 0, "dvar2": 9.71663188934, "dvar": 3.58304476738, "dmean": 0.873472571373, "max": 34.7093582153, "var": 5.26606082916, "mean": 1.32900524139}, "spectral_energy": {"dmean2": 0.0134630259126, "median": 0.0105097498745, "min": 2.75661698329e-12, "dvar2": 0.000448582344688, "dvar": 0.00020934297936, "dmean": 0.00923238229007, "max": 0.250890016556, "var": 0.000734890287276, "mean": 0.0211613737047}, "average_loudness": 0.465475261211, "spectral_rolloff": {"dmean2": 1740.67871094, "median": 1658.05664063, "min": 64.599609375, "dvar2": 7493362.5, "dvar": 3251904.5, "dmean": 1074.77868652, "max": 21597.8027344, "var": 11089061, "mean": 3090.44848633}, "spectral_centroid": {"dmean2": 501.416046143, "median": 1733.44189453, "min": 231.538345337, "dvar2": 351825.46875, "dvar": 145134.078125, "dmean": 322.838684082, "max": 4953.48828125, "var": 712392.0625, "mean": 1902.01403809}, "pitch_salience": {"dmean2": 0.130996108055, "median": 0.522798120975, "min": 0.0603136494756, "dvar2": 0.0154532482848, "dvar": 0.0064800879918, "dmean": 0.0832663401961, "max": 0.88910150528, "var": 0.0216984916478, "mean": 0.518163561821}, "spectral_energyband_middle_high": {"dmean2": 0.00468926923349, "median": 0.00286835571751, "min": 3.49019993679e-13, "dvar2": 0.00011208903743, "dvar": 4.7632951464e-05, "dmean": 0.00309029011987, "max": 0.12667375803, "var": 8.82817403181e-05, "mean": 0.00585877662525}, "spectral_contrast_coeffs": {"dmean2": [0.0919297486544, 0.0815182328224, 0.0740153864026, 0.0557713583112, 0.0460785031319, 0.0330374836922], "median": [-0.729782402515, -0.771834969521, -0.739747881889, -0.778953611851, -0.781979382038, -0.766149282455], "min": [-0.943088531494, -0.952523469925, -0.960588157177, -0.948749244213, -0.940995573997, -0.926160812378], "dvar2": [0.00560380751267, 0.00451081385836, 0.00446050753817, 0.00249025481753, 0.00173711299431, 0.000929030706175], "dvar": [0.00224831979722, 0.00190056452993, 0.00197375030257, 0.00105405063368, 0.000772139406763, 0.000402553385356], "dmean": [0.0557136870921, 0.0504764765501, 0.0470847114921, 0.0348750166595, 0.0290390849113, 0.0205262955278], "max": [-0.337200582027, -0.369900554419, -0.410339266062, -0.424340993166, -0.452006042004, -0.573930263519], "var": [0.00733637390658, 0.00690493220463, 0.0101511785761, 0.0051568816416, 0.00462672067806, 0.00257683219388], "mean": [-0.717933833599, -0.758133530617, -0.731366157532, -0.771171927452, -0.771602392197, -0.763090908527]}, "melbands_skewness": {"dmean2": 1.20617163181, "median": 1.24898099899, "min": -9.22656917572, "dvar2": 2.1784081459, "dvar": 1.04988205433, "dmean": 0.823699474335, "max": 16.9552707672, "var": 5.49208116531, "mean": 1.91301476955}, "spectral_spread": {"dmean2": 915978, "median": 5169241.5, "min": 1358230.5, "dvar2": 1130789208060.0, "dvar": 529012391936, "dmean": 604790.375, "max": 17136670, "var": 6246791905280.0, "mean": 5807030.5}, "dissonance": {"dmean2": 0.0358077809215, "median": 0.473084867001, "min": 0.206468001008, "dvar2": 0.00154369440861, "dvar": 0.000549775955733, "dmean": 0.0211548004299, "max": 0.500000059605, "var": 0.00132767192554, "mean": 0.460574448109}, "spectral_skewness": {"dmean2": 0.335061281919, "median": 1.4619166851, "min": 0.117259278893, "dvar2": 0.114334367216, "dvar": 0.0425421111286, "dmean": 0.20442327857, "max": 4.34456062317, "var": 0.265116602182, "mean": 1.55357265472}, "spectral_flux": {"dmean2": 0.0412023738027, "median": 0.0592328161001, "min": 3.38250647474e-05, "dvar2": 0.00268207653426, "dvar": 0.00116469664499, "dmean": 0.0259325932711, "max": 0.354468464851, "var": 0.00322502339259, "mean": 0.0735970512033}, "spectral_contrast_valleys": {"dmean2": [0.709362328053, 0.712234377861, 0.755547463894, 0.558781325817, 0.536072731018, 0.478880882263], "median": [-8.1094379425, -7.37516784668, -7.7205915451, -7.94877719879, -8.03142166138, -9.84195137024], "min": [-18.6397380829, -18.3117809296, -17.7345066071, -19.1757907867, -17.9928951263, -19.4857254028], "dvar2": [0.305717647076, 0.385156035423, 0.595383524895, 0.362334489822, 0.398666650057, 0.296966254711], "dvar": [0.120822742581, 0.148250371218, 0.235517606139, 0.148723870516, 0.169500172138, 0.124353304505], "dmean": [0.43074414134, 0.434054106474, 0.45664486289, 0.334973692894, 0.327504634857, 0.305569529533], "max": [-5.37405157089, -5.0871553421, -4.30829954147, -5.56956911087, -5.58365631104, -7.32642889023], "var": [1.43419730663, 1.71373820305, 1.94737267494, 1.95000398159, 1.88096487522, 3.23350548744], "mean": [-8.18870449066, -7.61454248428, -7.9123210907, -8.22433567047, -8.12525939941, -10.3295583725]}, "erbbands_flatness_db": {"dmean2": 0.0271623823792, "median": 0.145669147372, "min": 0.0167313478887, "dvar2": 0.000670809240546, "dvar": 0.000326772627886, "dmean": 0.0184277482331, "max": 0.487508654594, "var": 0.0035192524083, "mean": 0.152741551399}, "spectral_energyband_high": {"dmean2": 0.00250223441981, "median": 0.000619163794909, "min": 2.0855225099e-12, "dvar2": 3.78568111046e-05, "dvar": 1.5243262169e-05, "dmean": 0.00155915378127, "max": 0.0600372068584, "var": 2.19617613766e-05, "mean": 0.00232642842457}, "spectral_entropy": {"dmean2": 0.311635047197, "median": 7.74809408188, "min": 5.20036649704, "dvar2": 0.102413952351, "dvar": 0.0451389625669, "dmean": 0.199705928564, "max": 9.08584308624, "var": 0.316913574934, "mean": 7.6933131218}, "silence_rate_20dB": {"dmean2": 0, "median": 1, "min": 1, "dvar2": 0, "dvar": 0, "dmean": 0, "max": 1, "var": 0, "mean": 1}, "melbands_flatness_db": {"dmean2": 0.0432921610773, "median": 0.162413582206, "min": 0.0105968266726, "dvar2": 0.00181258120574, "dvar": 0.000842869107146, "dmean": 0.0293714776635, "max": 0.420365363359, "var": 0.00562738114968, "mean": 0.165450707078}, "barkbands": {"dmean2": [0.00143504899461, 0.00441288296133, 0.00156514404807, 0.000922907784116, 0.00191115110647, 0.000428665138315, 0.000820510729682, 0.000731109525077, 0.00120732851792, 0.00134588335641, 0.00159951776732, 0.000521194422618, 0.00041730189696, 0.000514460203703, 0.000334388110787, 0.00054110318888, 0.000786284683272, 0.00040427481872, 0.000413615809521, 0.000540271983482, 0.000559578707907, 0.000409454427427, 0.000341693666996, 0.000483352778247, 0.000415090558818, 0.000318302714732, 0.000144062418258], "median": [9.04790649656e-05, 0.000302111788187, 7.95061932877e-05, 3.4261149267e-05, 0.00012843265722, 9.37127115321e-05, 0.000112052664917, 0.000114638278319, 0.000188258200069, 0.000167383797816, 0.0002837