{"tonal": {"thpcp": [1, 0.673708617687, 0.148966729641, 0.0864002630115, 0.102624423802, 0.183474808931, 0.279635280371, 0.209009006619, 0.101395845413, 0.0912447571754, 0.0950269475579, 0.202349677682, 0.441305786371, 0.443828880787, 0.561652898788, 0.835807204247, 0.505010426044, 0.121927633882, 0.0965530723333, 0.113936766982, 0.358356148005, 0.785361230373, 0.619362175465, 0.169293761253, 0.07457331568, 0.0961720868945, 0.400957763195, 0.769364893436, 0.539536893368, 0.204320415854, 0.133152842522, 0.0622535012662, 0.0912373363972, 0.173235535622, 0.217233896255, 0.544888675213], "hpcp": {"dmean2": [0.118619099259, 0.110328763723, 0.0905797630548, 0.0909090489149, 0.0985222756863, 0.124615862966, 0.163958340883, 0.195782214403, 0.210328891873, 0.169611647725, 0.165388345718, 0.101689450443, 0.0814852789044, 0.0929178372025, 0.150399118662, 0.186345621943, 0.18237952888, 0.116253934801, 0.0755474045873, 0.0922615602612, 0.149210363626, 0.171292543411, 0.17202500999, 0.164691179991, 0.135020598769, 0.0635205432773, 0.059229336679, 0.0857352763414, 0.114135742188, 0.194428920746, 0.218249455094, 0.188289627433, 0.112349167466, 0.090970158577, 0.0960149690509, 0.110934868455], "median": [0.0165087301284, 0.0136418621987, 0.0042266305536, 0.00159131071996, 0.00120748626068, 0.0107156625018, 0.0284737516195, 0.032415304333, 0.033707793802, 0.0112060140818, 0.0052554118447, 0.00285716960207, 0.00115329411346, 0.00123990746215, 0.0313911028206, 0.0870063081384, 0.065011292696, 0.00716413091868, 0.000838310341351, 0.00170737423468, 0.0247659906745, 0.0519375763834, 0.0396944321692, 0.00660665659234, 0.00146819546353, 0.000697279698215, 0.00250413944013, 0.00574549240991, 0.00920522678643, 0.0731314942241, 0.138441026211, 0.0799305066466, 0.0069395089522, 0.00114808103535, 0.00115613266826, 0.00594191253185], "min": [0, 0, 0, 0, 0, 0, 0, 0, 0, 0, 0, 0, 0, 0, 0, 0, 0, 0, 0, 0, 0, 0, 0, 0, 0, 0, 0, 0, 0, 0, 0, 0, 0, 0, 0, 0], "dvar2": [0.0597577728331, 0.057182572782, 0.0536142885685, 0.0643199086189, 0.0660867318511, 0.0687427893281, 0.089939892292, 0.111618064344, 0.10567163676, 0.0994684249163, 0.0849556922913, 0.0621273554862, 0.0546437725425, 0.0592494085431, 0.0711036622524, 0.0858129113913, 0.0820888876915, 0.0625957399607, 0.0544587597251, 0.0572185367346, 0.0641278326511, 0.0852779820561, 0.0746075436473, 0.0912694036961, 0.0904925912619, 0.0339044071734, 0.0316832140088, 0.0482926480472, 0.053859166801, 0.0762015655637, 0.0979203879833, 0.0731545239687, 0.0553211122751, 0.0626470968127, 0.0568656250834, 0.0587448738515], "dvar": [0.0232565496117, 0.0211716089398, 0.0189465880394, 0.0222962684929, 0.0230195056647, 0.0246326737106, 0.035894498229, 0.0427972562611, 0.0390202328563, 0.043294172734, 0.0326727032661, 0.0222105272114, 0.0192454569042, 0.0209550131112, 0.0269489064813, 0.039088178426, 0.0338577926159, 0.0221909489483, 0.0186479333788, 0.0201642215252, 0.0250326879323, 0.0377346351743, 0.0292262248695, 0.032847750932, 0.0324494093657, 0.0118947532028, 0.0116171399131, 0.0188743267208, 0.0210535824299, 0.0302284043282, 0.0449276901782, 0.0288898888975, 0.0193675663322, 0.0217344798148, 0.0205410514027, 0.02147029154], "dmean": [0.0682361721992, 0.0630667731166, 0.048558820039, 0.0480208136141, 0.0518555901945, 0.068971849978, 0.096532329917, 0.111989803612, 0.120032280684, 0.0973169207573, 0.0966484993696, 0.0550030767918, 0.0437061823905, 0.0506681799889, 0.0876188576221, 0.115003533661, 0.111847870052, 0.0642216950655, 0.0398751199245, 0.0491233207285, 0.0878647565842, 0.10205449909, 0.10106933862, 0.0902695804834, 0.0718151852489, 0.0334415361285, 0.0330424979329, 0.0493498891592, 0.0653940141201, 0.114937260747, 0.131147697568, 0.113103404641, 0.0609002038836, 0.0476769432425, 0.0517704673111, 0.0616257861257], "max": [1, 1, 1, 1, 1, 1, 1, 1, 1, 1, 1, 1, 1, 1, 1, 1, 1, 1, 1, 1, 1, 1, 1, 1, 1, 1, 1, 1, 1, 1, 1, 1, 1, 1, 1, 1], "var": [0.0399347990751, 0.0226711016148, 0.0119602279738, 0.0133878905326, 0.0139668378979, 0.0223113093525, 0.0645579844713, 0.0645719915628, 0.0677861943841, 0.165450498462, 0.0685584917665, 0.0167853236198, 0.0147818848491, 0.016117785126, 0.0392196588218, 0.117980986834, 0.0814592763782, 0.0212799292058, 0.0112842423841, 0.0127416113392, 0.0455609560013, 0.131592348218, 0.0753439217806, 0.025405254215, 0.0208796653897, 0.00744032440707, 0.0113963494077, 0.0268734749407, 0.0303238239139, 0.0566721111536, 0.143204838037, 0.0832492858171, 0.0146085508168, 0.0129840467125, 0.0144305946305, 0.025101410225], "mean": [0.094480894506, 0.0706182643771, 0.0342588052154, 0.0308290366083, 0.0321069322526, 0.0683682635427, 0.149104818702, 0.149957299232, 0.189766719937, 0.282395750284, 0.170628815889, 0.0411959178746, 0.0326225683093, 0.0384960286319, 0.121078468859, 0.265351474285, 0.209265053272, 0.057199601084, 0.0251962263137, 0.0324938446283, 0.135472357273, 0.259946763515, 0.182294338942, 0.0690341219306, 0.0449886023998, 0.0210337080061, 0.030826529488, 0.0585314147174, 0.0733972266316, 0.18410256505, 0.337871879339, 0.227627187967, 0.0503316670656, 0.0291922204196, 0.0346739068627, 0.0619909763336]}, "tuning_equal_tempered_deviation": 0.0995259359479, "chords_changes_rate": 0.0546894967556, "key_key": "C", "tuning_diatonic_strength": 0.629950881004, "key_scale": "major", "chords_number_rate": 0.00255558383651, "tuning_frequency": 438.224517822, "tuning_nontempered_energy_ratio": 0.71110022068, "chords_histogram": [31.5614624023, 8.02453327179, 29.5169944763, 4.37004852295, 8.48453903198, 0.613340139389, 1.91668796539, 0.102223359048, 0, 0, 0.0255558397621, 0, 0.0511116795242, 0, 0, 0, 0, 1.86557626724, 0, 4.57449531555, 0, 1.68668544292, 0, 7.20674657822], "key_strength": 0.876057744026, "chords_key": "C", "chords_strength": {"dmean2": 0.00753539800644, "median": 0.472179532051, "min": -1, "dvar2": 0.00101786025334, "dvar": 0.000546853872947, "dmean": 0.00884348526597, "max": 0.720652043819, "var": 0.0405445024371, "mean": 0.45240521431}, "chords_scale": "major", "hpcp_entropy": {"dmean2": 0.853571236134, "median": 1.76348042488, "min": 0, "dvar2": 0.554772019386, "dvar": 0.22698892653, "dmean": 0.516473352909, "max": 3.65104722977, "var": 0.571680307388, "mean": 1.7020996809}}, "metadata": {"audio_properties": {"equal_loudness": 0, "codec": "mp3", "downmix": "mix", "sample_rate": 44100, "analysis_sample_rate": 44100, "bit_rate": 160171, "md5_encoded": "d7b5b53712a91c7a8113a3b4dcb729f1", "length": 181.655517578, "replay_gain": -10.8772697449, "lossless": false}, "version": {"essentia_build_sha": "70f2e5ece6736b2c40cc944ad0e695b16b925413", "essentia": "2.1-beta2", "extractor": "music 1.0", "essentia_git_sha": "v2.1_beta2"}, "tags": {"title": ["Candy Bar Killer"], "artist": ["Simone White"], "date": ["2009-00-00"], "genre": ["Indie"], "album": ["Yakiimo"], "tracknumber": ["2"], "musicbrainz_recordingid": ["124fcb72-ae74-42c7-8ed8-ff4774c9676d"], "file_name": "1509601.mp3"}}, "rhythm": {"bpm_histogram_first_peak_bpm": {"dmean2": 0, "median": 117, "min": 117, "dvar2": 0, "dvar": 0, "dmean": 0, "max": 117, "var": 0, "mean": 117}, "bpm": 118.219703674, "bpm_histogram_second_peak_spread": {"dmean2": 0, "median": 0.300000011921, "min": 0.300000011921, "dvar2": 0, "dvar": 0, "dmean": 0, "max": 0.300000011921, "var": 0, "mean": 0.300000011921}, "bpm_histogram_first_peak_weight": {"dmean2": 0, "median": 0.515320360661, "min": 0.515320360661, "dvar2": 0, "dvar": 0, "dmean": 0, "max": 0.515320360661, "var": 0, "mean": 0.515320360661}, "onset_rate": 3.74299025536, "beats_position": [0.522448956966, 1.05650794506, 1.59056687355, 2.11301589012, 2.6470746994, 3.16952371597, 3.69197273254, 4.21442174911, 4.73687076569, 5.27092981339, 5.80498838425, 6.33904743195, 6.86149644852, 7.38394546509, 7.91800451279, 8.45206356049, 8.98612213135, 9.52018165588, 10.0542402267, 10.5650787354, 11.0875282288, 11.6099767685, 12.144036293, 12.689704895, 13.235373497, 13.7810430527, 14.3383216858, 14.8956003189, 15.4412698746, 15.9753284454, 16.50938797, 17.0202255249, 17.5310649872, 18.0419044495, 18.5643539429, 19.0868015289, 19.5976409912, 20.1084804535, 20.6193199158, 21.1301574707, 21.640996933, 22.1402263641, 22.6394557953, 23.1502952576, 23.6611328125, 24.1719722748, 24.6828117371, 25.1936511993, 25.7044887543, 26.2153282166, 26.7261676788, 27.2370071411, 27.747844696, 28.2586841583, 28.7695236206, 29.2803630829, 29.7795906067, 30.2788200378, 30.7896595001, 31.3004989624, 31.8113365173, 32.322177887, 32.8330154419, 33.3438529968, 33.8546943665, 34.3655319214, 34.8647613525, 35.3639907837, 35.8748283386, 36.3856697083, 36.908115387, 37.4073448181, 37.9181861877, 38.4290237427, 38.9398651123, 39.4390907288, 39.9383201599, 40.4491615295, 40.9599990845, 41.4708366394, 41.981678009, 42.4692955017, 42.9685249329, 43.467754364, 43.9669837952, 44.4662132263, 44.9770507812, 45.4878921509, 45.9987297058, 46.5095672607, 47.0204086304, 47.5196380615, 48.0304756165, 48.5297050476, 49.0405426025, 49.5397720337, 50.0390014648, 50.5498390198, 51.0490684509, 51.5482978821, 52.0591392517, 52.5699768066, 53.0692062378, 53.5684356689, 54.0676651001, 54.578502655, 55.0777320862, 55.5769615173, 56.0761909485, 56.5754165649, 57.0862579346, 57.5854873657, 58.0963249207, 58.583946228, 59.094783783, 59.5940132141, 60.0932426453, 60.6040802002, 61.1149177551, 61.6257591248, 62.1365966797, 62.6474380493, 63.1582756042, 63.6691131592, 64.1799545288, 64.6907958984, 65.2016296387, 65.7124710083, 66.2233123779, 66.7341461182, 67.2449874878, 67.7442169189, 68.2434463501, 68.7542877197, 69.26512146, 69.7759628296, 70.2868041992, 70.7976379395, 71.3084793091, 71.8077087402, 72.3069381714, 72.817779541, 73.3286132812, 73.8278427124, 74.338684082, 74.8495254517, 75.3719711304, 75.859588623, 76.3472061157, 76.8348312378, 77.345664978, 77.8565063477, 78.3673477173, 78.85496521, 79.3658065796, 79.8650360107, 80.3642578125, 80.8634872437, 81.3627166748, 81.8503417969, 82.3611755371, 82.8720169067, 83.3712463379, 83.870475769, 84.3697052002, 84.8689346313, 85.3797683716, 85.8789978027, 86.4014511108, 86.8890686035, 87.3999099731, 87.9107437134, 88.421585083, 88.9324264526, 89.4432601929, 89.942489624, 90.4417190552, 90.9525604248, 91.4634017944, 91.9626312256, 92.4618606567, 92.9610900879, 93.460319519, 93.9595413208, 94.458770752, 94.9696121216, 95.4688415527, 95.9680709839, 96.4789123535, 96.9897460938, 97.4889755249, 97.9882049561, 98.4990463257, 99.0098876953, 99.5207214355, 100.031562805, 100.542404175, 101.041633606, 101.552467346, 102.051696777, 102.562538147, 103.073379517, 103.584213257, 104.095054626, 104.605895996, 105.105125427, 105.615959167, 106.115188599, 106.626029968, 107.136871338, 107.636100769, 108.1353302, 108.64616394, 109.15700531, 109.66784668, 110.167076111, 110.666305542, 111.177139282, 111.687980652, 112.198822021, 112.698051453, 113.208885193, 113.708114624, 114.218955994, 114.729797363, 115.240631104, 115.739860535, 116.250701904, 116.761543274, 117.260765076, 117.771606445, 118.282447815, 118.793289185, 119.304122925, 119.826576233, 120.325805664, 120.836639404, 121.347480774, 121.858322144, 122.369155884, 122.879997253, 123.390838623, 123.901672363, 124.412513733, 124.911743164, 125.410972595, 125.910202026, 126.409431458, 126.920272827, 127.40789032, 127.91872406, 128.42956543, 128.92880249, 129.428024292, 129.938858032, 130.449707031, 130.948928833, 131.448165894, 131.958999634, 132.469833374, 132.980682373, 133.479904175, 133.979141235, 134.489974976, 135.000808716, 135.511657715, 136.022491455, 136.533325195, 137.032562256, 137.531784058, 138.042633057, 138.53024292, 139.041091919, 139.551925659, 140.062759399, 140.56199646, 141.061218262, 141.572067261, 142.094512939, 142.60534668, 143.11618042, 143.61541748, 144.126251221, 144.63710022, 145.136322021, 145.647155762, 146.146392822, 146.634017944, 147.144851685, 147.644073486, 148.143310547, 148.654144287, 149.164993286, 149.664215088, 150.16343689, 150.674285889, 151.185119629, 151.695953369, 152.19519043, 152.694412231, 153.20526123, 153.716094971, 154.226928711, 154.726165771, 155.225387573, 155.736236572, 156.235458374, 156.734695435, 157.245529175, 157.756362915, 158.267211914, 158.778045654, 159.288879395, 159.799728394, 160.310562134, 160.821395874, 161.320632935, 161.819854736, 162.330703735, 162.841537476, 163.352371216, 163.863220215, 164.362442017, 164.861679077, 165.372512817, 165.883346558, 166.394195557, 166.893417358, 167.392654419, 167.903488159, 168.40272522, 168.901947021, 169.412780762, 169.923629761, 170.434463501, 170.945297241, 171.467758179, 171.990203857, 172.384933472, 172.779678345, 173.174423218, 173.569152832, 173.975509644, 174.370239258, 174.764984131, 175.159729004, 175.577682495, 175.995635986, 176.413604736, 176.831558228, 177.179855347, 177.528152466, 177.876464844, 178.32925415, 178.770431519, 179.223220825, 179.676010132, 180.128799438, 180.581588745, 181.034378052], "beats_loudness": {"dmean2": 0.0614384524524, "median": 0.048556689173, "min": 0, "dvar2": 0.00313501548953, "dvar": 0.000977402320132, "dmean": 0.0330930054188, "max": 0.193598717451, "var": 0.00130141235422, "mean": 0.0534236095846}, "danceability": 1.10073137283, "bpm_histogram_second_peak_weight": {"dmean2": 0, "median": 0.0389972142875, "min": 0.0389972142875, "dvar2": 0, "dvar": 0, "dmean": 0, "max": 0.0389972142875, "var": 0, "mean": 0.0389972142875}, "beats_count": 360, "bpm_histogram_second_peak_bpm": {"dmean2": 0, "median": 112, "min": 112, "dvar2": 0, "dvar": 0, "dmean": 0, "max": 112, "var": 0, "mean": 112}, "bpm_histogram_first_peak_spread": {"dmean2": 0, "median": 0.395424842834, "min": 0.395424842834, "dvar2": 0, "dvar": 0, "dmean": 0, "max": 0.395424842834, "var": 0, "mean": 0.395424842834}, "beats_loudness_band_ratio": {"dmean2": [0.388095080853, 0.312926650047, 0.121835514903, 0.0874992907047, 0.0225807093084, 0.00741895614192], "median": [0.686023950577, 0.220448106527, 0.054007768631, 0.0244667716324, 0.0065207965672, 0.000983821228147], "min": [0, 0, 0, 0, 0, 0], "dvar2": [0.0892917811871, 0.0654533356428, 0.0163924247026, 0.0119086485356, 0.000957358046435, 0.000123710458865], "dvar": [0.0304970256984, 0.0225246269256, 0.00577408960089, 0.00424080528319, 0.000319412560202, 4.11245637224e-05], "dmean": [0.218526303768, 0.17759680748, 0.0686629787087, 0.0489481724799, 0.0124264825135, 0.00381573685445], "max": [0.980343699455, 0.807534039021, 0.557708740234, 0.379125207663, 0.111478790641, 0.0568366758525], "var": [0.0493417754769, 0.0300747584552, 0.00581590086222, 0.00371348136105, 0.00026162492577, 2.55996965279e-05], "mean": [0.650077342987, 0.255316495895, 0.0806395113468, 0.0480542853475, 0.0121375042945, 0.00261759897694]}}, "lowlevel": {"barkbands_spread": {"dmean2": 2.96741437912, "median": 5.85573005676, "min": 0.49426934123, "dvar2": 22.6094646454, "dvar": 11.0463171005, "dmean": 1.94926774502, "max": 81.2805480957, "var": 40.3845329285, "mean": 7.71601819992}, "melbands_spread": {"dmean2": 3.4271068573, "median": 5.54228878021, "min": 0.493525356054, "dvar2": 46.6365013123, "dvar": 18.2496852875, "dmean": 2.1777639389, "max": 162.226318359, "var": 347.986358643, "mean": 9.73391437531}, "hfc": {"dmean2": 3.78611326218, "median": 9.0725851059, "min": 1.06085132701e-16, "dvar2": 32.1645278931, "dvar": 15.4864196777, "dmean": 2.61600971222, "max": 89.1269454956, "var": 77.3832473755, "mean": 10.9948730469}, "barkbands_kurtosis": {"dmean2": 6.89671325684, "median": 7.88231372833, "min": -1.56151163578, "dvar2": 121.958564758, "dvar": 46.8550682068, "dmean": 4.28982114792, "max": 210.615844727, "var": 159.116714478, "mean": 10.672419548}, "gfcc": {"mean": [-87.678855896, 161.240921021, -86.179397583, 18.5803089142, -33.9774551392, 4.56707429886, -34.4900512695, 3.53936338425, -21.2198925018, -4.19822454453, -11.7187128067, -1.83071410656, -3.24084568024], "icov": [[0.000230532707064, -0.000725345336832, 0.000496019201819, -0.000739398645237, 0.000394998147385, -0.000878965714946, 0.000729793217033, -0.000526770832948, 0.000862362445332, -0.000552193436306, 0.000601242878474, -0.000538403284736, 0.000168605867657], [-0.000725345336832, 0.00335878203623, -0.00106721417978, 0.00248683965765, -0.00176956516225, 0.00286493333988, -0.00186284258962, 0.00183757266495, -0.00330612063408, 0.00242376397364, -0.00259833107702, 0.00244157970883, -0.00098645593971], [0.000496019201819, -0.00106721417978, 0.00258906325325, -0.00181338121183, 0.000575403159019, -0.00234651588835, 0.00191107450519, -0.00147907866631, 0.000797775457613, -0.00142723298632, 0.000768021680415, -0.000919324578717, 0.00034248927841], [-0.000739398645237, 0.00248683965765, -0.00181338121183, 0.00574829336256, -0.000757557631005, 0.00318150781095, -0.00306682474911, 0.00179919938091, -0.00279526575468, 0.00143925275188, -0.00149111356586, 0.00161438423675, -0.000276684120763], [0.000394998147385, -0.00176956516225, 0.000575403159019, -0.000757557631005, 0.00555236823857, -0.00141010736115, -0.00118257745635, -0.0014896079665, 0.000296915241051, -0.000278046238236, -0.00109380134381, -0.000841610482894, -0.000222513772314], [-0.000878965714946, 0.00286493333988, -0.00234651588835, 0.00318150781095, -0.00141010736115, 0.00971984583884, -0.00331043102778, 0.00106970476918, -0.00264800386503, 1.99131209229e-05, -0.00112689787056, -0.000194118110812, -0.000722941593267], [0.000729793217033, -0.00186284258962, 0.00191107450519, -0.00306682474911, -0.00118257745635, -0.00331043102778, 0.00957835558802, -0.00028867518995, 0.000426874408731, -0.00136266986374, 0.00133672053926, -0.00130083295517, 0.00100725726224], [-0.000526770832948, 0.00183757266495, -0.00147907866631, 0.00179919938091, -0.0014896079665, 0.00106970476918, -0.00028867518995, 0.01003934443, -0.00180511525832, -0.000434097630205, -0.00217309873551, 0.000720253679901, -0.000800873560365], [0.000862362445332, -0.00330612063408, 0.000797775457613, -0.00279526575468, 0.000296915241051, -0.00264800386503, 0.000426874408731, -0.00180511525832, 0.0144819254056, -0.00444882689044, 0.00213030539453, -0.00272783590481, 0.000384360784665], [-0.000552193436306, 0.00242376397364, -0.00142723298632, 0.00143925275188, -0.000278046238236, 1.99131209229e-05, -0.00136266986374, -0.000434097630205, -0.00444882689044, 0.0137892793864, -0.0045919129625, 0.001852890593, 2.74051672022e-05], [0.000601242878474, -0.00259833107702, 0.000768021680415, -0.00149111356586, -0.00109380134381, -0.00112689787056, 0.00133672053926, -0.00217309873551, 0.00213030539453, -0.0045919129625, 0.0150786601007, -0.00298312259838, -0.00095754978247], [-0.000538403284736, 0.00244157970883, -0.000919324578717, 0.00161438423675, -0.000841610482894, -0.000194118110812, -0.00130083295517, 0.000720253679901, -0.00272783590481, 0.001852890593, -0.00298312259838, 0.0156019395217, -0.00180654914584], [0.000168605867657, -0.00098645593971, 0.00034248927841, -0.000276684120763, -0.000222513772314, -0.000722941593267, 0.00100725726224, -0.000800873560365, 0.000384360784665, 2.74051672022e-05, -0.00095754978247, -0.00180654914584, 0.0139111522585]], "cov": [[34356.546875, 3328.68383789, -2970.19750977, 516.468811035, -1133.03564453, 399.931152344, -1120.01879883, 167.646408081, -833.813110352, -119.988700867, -428.726837158, 65.307800293, -1.31596684456], [3328.68383789, 1534.93188477, -485.529083252, -145.692626953, 231.279556274, -145.874557495, 24.1726226807, -69.0504379272, 46.6431083679, -113.290473938, 83.269821167, -78.243560791, 62.453578949], [-2970.19750977, -485.529083252, 965.678222656, 78.3410263062, 34.7984199524, 113.937576294, 20.6265411377, 80.599105835, 89.2295455933, 100.320014954, 38.368473053, 33.8252830505, -6.65157699585], [516.468811035, -145.692626953, 78.3410263062, 325.380401611, -45.9261856079, 1.05981206894, 22.4294605255, -3.66703462601, 3.39005923271, 15.7950458527, -19.0530719757, 4.43361568451, -15.4232435226], [-1133.03564453, 231.279556274, 34.7984199524, -45.9261856079, 360.375305176, -18.2811985016, 128.999267578, 5.09566497803, 80.7762069702, -3.74921512604, 80.8200073242, -5.64119720459, 26.7360897064], [399.931152344, -145.874557495, 113.937576294, 1.05981206894, -18.2811985016, 202.626602173, 0.310964405537, 38.2349739075, 1.33795309067, 47.4249839783, -6.1371679306, 36.2954292297, -1.39832389355], [-1120.01879883, 24.1726226807, 20.6265411377, 22.4294605255, 128.999267578, 0.310964405537, 205.958511353, -21.4929389954, 59.9866142273, 2.61276531219, 29.9498519897, -2.36319422722, 1.24879777431], [167.646408081, -69.0504379272, 80.599105835, -3.66703462601, 5.09566497803, 38.2349739075, -21.4929389954, 134.348449707, 4.28482055664, 33.9330101013, 14.3674182892, 14.5289487839, 5.06414890289], [-833.813110352, 46.6431083679, 89.2295455933, 3.39005923271, 80.7762069702, 1.33795309067, 59.9866142273, 4.28482055664, 126.288848877, 24.9822158813, 29.2865982056, 3.59206795692, 7.49277973175], [-119.988700867, -113.290473938, 100.320014954, 15.7950458527, -3.74921512604, 47.4249839783, 2.61276531219, 33.9330101013, 24.9822158813, 111.411300659, 22.2718353271, 12.0237693787, -2.3812186718], [-428.726837158, 83.269821167, 38.368473053, -19.0530719757, 80.8200073242, -6.1371679306, 29.9498519897, 14.3674182892, 29.2865982056, 22.2718353271, 103.779197693, 6.76138496399, 16.5782794952], [65.307800293, -78.243560791, 33.8252830505, 4.43361568451, -5.64119720459, 36.2954292297, -2.36319422722, 14.5289487839, 3.59206795692, 12.0237693787, 6.76138496399, 80.6563262939, 6.53583955765], [-1.31596684456, 62.453578949, -6.65157699585, -15.4232435226, 26.7360897064, -1.39832389355, 1.24879777431, 5.06414890289, 7.49277973175, -2.3812186718, 16.5782794952, 6.53583955765, 78.5300598145]]}, "spectral_energyband_middle_low": {"dmean2": 0.00871860049665, "median": 0.01510059461, "min": 1.41982076108e-22, "dvar2": 0.000129936481244, "dvar": 5.68098948861e-05, "dmean": 0.00573197100312, "max": 0.137715026736, "var": 0.000272406556178, "mean": 0.0197963379323}, "melbands_crest": {"dmean2": 4.02803468704, "median": 14.2614145279, "min": 1.61270701885, "dvar2": 14.4475164413, "dvar": 5.72643375397, "dmean": 2.4641084671, "max": 34.0860595703, "var": 25.1686668396, "mean": 14.8489608765}, "spectral_kurtosis": {"dmean2": 9.78123474121, "median": 14.1183757782, "min": -1.2594742775, "dvar2": 103.824768066, "dvar": 40.0430488586, "dmean": 5.85546016693, "max": 104.294494629, "var": 126.222930908, "mean": 16.4103965759}, "spectral_rms": {"dmean2": 0.00133802124765, "median": 0.00617577042431, "min": 3.09262576485e-12, "dvar2": 3.06590527543e-06, "dvar": 1.34972992782e-06, "dmean": 0.000870530842803, "max": 0.016390716657, "var": 6.15964290773e-06, "mean": 0.00595097523183}, "zerocrossingrate": {"dmean2": 0.0050789238885, "median": 0.01806640625, "min": 0.001953125, "dvar2": 6.31239527138e-05, "dvar": 4.7244488087e-05, "dmean": 0.00405858829618, "max": 0.5234375, "var": 0.00505606131628, "mean": 0.03092527017}, "silence_rate_60dB": {"dmean2": 0.0102262562141, "median": 0, "min": 0, "dvar2": 0.0129359569401, "dvar": 0.00508688157424, "dmean": 0.00511247431859, "max": 1, "var": 0.0475865490735, "mean": 0.0500958450139}, "erbbands_kurtosis": {"dmean2": 1.65103232861, "median": 0.528237342834, "min": -1.86970722675, "dvar2": 7.03972053528, "dvar": 3.09557342529, "dmean": 1.06740248203, "max": 49.3678855896, "var": 10.5303401947, "mean": 1.5011626482}, "erbbands": {"dmean2": [0.276021689177, 2.27141857147, 6.78826475143, 10.9953689575, 15.5725278854, 12.0587720871, 18.1021461487, 16.9068107605, 13.3901233673, 12.1268663406, 11.0483398438, 7.96140766144, 16.1255588531, 10.3143386841, 8.95424842834, 9.20097541809, 4.62369203568, 9.00842380524, 4.32104539871, 5.08406305313, 3.35292196274, 2.79653191566, 2.41127705574, 1.35108721256, 1.52027916908, 1.02353644371, 0.616313159466, 0.866306245327, 1.01557254791, 0.350005507469, 0.185172840953, 0.160581544042, 0.134759992361, 0.094710662961, 0.0467611663043, 0.0181507542729, 0.00611895974725, 0.00129663071129, 0.000112964014988, 2.22771232075e-05], "median": [0.246840298176, 2.58785748482, 4.99242782593, 9.83593940735, 11.7704925537, 10.2785358429, 16.0441818237, 14.1449584961, 10.1701278687, 7.06937885284, 7.85536527634, 3.75493788719, 7.34537506104, 8.95430374146, 4.72235202789, 4.32519817352, 2.9951403141, 3.90861821175, 2.75250697136, 2.65250182152, 2.47469830513, 2.13978934288, 1.84005749226, 0.777430593967, 0.381813824177, 0.331149637699, 0.223398208618, 0.0979775264859, 0.0643533319235, 0.048442941159, 0.0280391573906, 0.0259654838592, 0.019671862945, 0.0131468363106, 0.00689909560606, 0.00268836808391, 0.000811971898656, 0.000114540780487, 2.47819680226e-05, 4.4126798457e-05], "min": [4.13693962599e-23, 3.13215644696e-22, 1.3849379377e-21, 3.71230217471e-21, 1.21398690753e-20, 1.1423330332e-20, 2.14342901578e-20, 5.11183433703e-20, 9.36816811151e-20, 1.73079012877e-19, 1.61059884706e-19, 3.30946355234e-19, 4.03769682002e-19, 7.24656331916e-19, 6.55450938051e-19, 1.27199853792e-18, 1.49039862146e-18, 1.78391859534e-18, 2.58050283101e-18, 2.17744067278e-18, 3.26459712082e-18, 4.37325633568e-18, 4.46230398299e-18, 5.96137445579e-18, 7.54174230716e-18, 8.7019383897e-18, 8.98626352729e-18, 9.25079588718e-18, 9.76381992053e-18, 1.12172738641e-17, 9.94429584094e-18, 9.51711164848e-18, 9.70145050235e-18, 8.03719454275e-18, 5.35068024444e-18, 4.16045295617e-18, 2.1103219971e-18, 9.45958992227e-19, 2.37405928133e-19, 2.54206076234e-20], "dvar2": [0.32804068923, 22.4878578186, 182.612442017, 250.489471436, 580.689941406, 591.249633789, 1385.37988281, 1395.94433594, 1628.40014648, 1250.61352539, 1038.57666016, 1563.84326172, 5029.44384766, 1602.69580078, 1018.70098877, 779.586425781, 125.555175781, 631.446716309, 134.739959717, 178.263122559, 73.1114883423, 37.1140365601, 30.1501274109, 25.0698986053, 157.952346802, 24.5277729034, 3.52182745934, 32.4747810364, 53.8088188171, 5.22754573822, 1.03357303143, 1.2647562027, 0.340559870005, 0.142616599798, 0.02140433155, 0.00211336370558, 0.000363266823115, 1.76254598045e-05, 2.66149527306e-07, 1.23578547395e-09], "dvar": [0.128470823169, 8.20966529846, 64.7320404053, 95.2944717407, 229.108612061, 258.698974609, 766.497741699, 638.988769531, 685.79296875, 541.829833984, 518.243469238, 642.038879395, 2103.83398438, 770.184020996, 538.932128906, 464.389587402, 59.6576194763, 329.77520752, 62.3293838501, 88.897644043, 32.9623985291, 16.2912406921, 13.7129573822, 12.7817106247, 61.7758255005, 12.1124773026, 1.63504636288, 17.5594558716, 29.5453338623, 2.94584655762, 0.557281732559, 0.557759940624, 0.194414809346, 0.0753476917744, 0.0113752353936, 0.00102881912608, 0.00015105275088, 6.66031564833e-06, 9.41854878533e-08, 5.01676089559e-10], "dmean": [0.166556403041, 1.3653819561, 3.92224001884, 6.7746295929, 9.71353435516, 7.70686244965, 12.8012218475, 11.0195665359, 8.4795331955, 7.76206684113, 7.44476127625, 5.41704177856, 11.2338075638, 7.15126752853, 6.71068763733, 6.51860666275, 3.05531597137, 6.15439367294, 2.90730190277, 3.35902404785, 2.15036344528, 1.79555654526, 1.54579877853, 0.90907561779, 0.97068554163, 0.668025374413, 0.410800367594, 0.617718279362, 0.720676839352, 0.249029040337, 0.134024769068, 0.112416118383, 0.0950130745769, 0.0647567585111, 0.0317885354161, 0.0119083020836, 0.00384719669819, 0.0007711572689, 6.2816470745e-05, 1.40885349538e-05], "max": [4.29324197769, 50.0474433899, 113.705360413, 151.299468994, 272.680511475, 421.982330322, 728.82635498, 787.226806641, 1091.96655273, 798.255371094, 607.517150879, 840.786865234, 1575.11169434, 957.885253906, 927.991943359, 908.184020996, 327.187316895, 672.977172852, 175.718643188, 301.109100342, 194.962905884, 149.140945435, 137.2003479, 163.393814087, 324.177703857, 214.625457764, 39.0196342468, 184.0340271, 259.260345459, 100.584671021, 42.1845932007, 44.1385955811, 16.4588851929, 15.0549440384, 3.77614712715, 0.853556871414, 0.316244482994, 0.0620137117803, 0.00639790669084, 0.000299929059111], "var": [0.135299906135, 10.0782566071, 80.3667526245, 241.126708984, 701.608215332, 866.10546875, 5448.16113281, 2840.3347168, 1723.37902832, 1457.82116699, 1358.95617676, 1193.07373047, 4732.69970703, 1747.03320312, 1989.60424805, 3502.89404297, 196.80430603, 1840.79162598, 179.175323486, 390.595672607, 119.956428528, 53.5900993347, 34.731464386, 24.1618080139, 76.4415130615, 21.8163414001, 3.29016757011, 35.0371398926, 67.431892395, 6.19788789749, 1.46684682369, 0.878665447235, 0.431385964155, 0.141465052962, 0.0253415070474, 0.00223700120114, 0.000225050142035, 6.34744083072e-06, 5.71130556182e-08, 1.17474208139e-09], "mean": [0.304411798716, 3.03690814972, 7.4117808342, 14.5331773758, 20.0152359009, 19.3766403198, 40.6793556213, 31.4482898712, 21.188709259, 19.0518856049, 18.0588912964, 12.725684166, 27.5389251709, 19.6726264954, 17.9850387573, 18.4949989319, 7.96698236465, 16.0429878235, 6.82796764374, 8.42347335815, 5.72908401489, 4.41937828064, 3.5418510437, 1.83215999603, 1.50446283817, 1.06524312496, 0.737778782845, 0.870155453682, 1.0695360899, 0.391388148069, 0.208344429731, 0.176395133138, 0.14762146771, 0.100984960794, 0.0491362437606, 0.0175576414913, 0.00488908821717, 0.000786271004472, 6.27225454082e-05, 4.80510243506e-05]}, "spectral_strongpeak": {"dmean2": 0.491800636053, "median": 0.428668946028, "min": 0, "dvar2": 0.586500108242, "dvar": 0.230279624462, "dmean": 0.281030416489, "max": 7.41201019287, "var": 0.484034329653, "mean": 0.640770792961}, "spectral_energy": {"dmean2": 0.0193738117814, "median": 0.0390936434269, "min": 9.80344250518e-21, "dvar2": 0.000944587402046, "dvar": 0.000384681596188, "dmean": 0.0123001951724, "max": 0.275371968746, "var": 0.000933405885007, "mean": 0.0426130704582}, "average_loudness": 0.886317551136, "spectral_rolloff": {"dmean2": 194.775802612, "median": 322.998046875, "min": 64.599609375, "dvar2": 323733.5625, "dvar": 156070.453125, "dmean": 114.107917786, "max": 19810.546875, "var": 7189894.5, "mean": 816.463562012}, "spectral_centroid": {"dmean2": 149.920959473, "median": 420.670623779, "min": 154.238174438, "dvar2": 99060.3046875, "dvar": 44767.6445312, "dmean": 97.0174942017, "max": 11829.1513672, "var": 2354589.5, "mean": 710.251525879}, "pitch_salience": {"dmean2": 0.0993343442678, "median": 0.55651062727, "min": 0.127874925733, "dvar2": 0.00862519349903, "dvar": 0.00324396090582, "dmean": 0.060620803386, "max": 0.915769279003, "var": 0.0120564419776, "mean": 0.549171507359}, "spectral_energyband_middle_high": {"dmean2": 0.00090026599355, "median": 0.00103996286634, "min": 1.07398941613e-21, "dvar2": 6.25737266091e-06, "dvar": 3.14675185109e-06, "dmean": 0.000657387718093, "max": 0.0641148984432, "var": 1.36804046633e-05, "mean": 0.00233275559731}, "spectral_contrast_coeffs": {"dmean2": [0.0737930014729, 0.0608498044312, 0.0526869185269, 0.0438557751477, 0.0346395708621, 0.0296465437859], "median": [-0.632565379143, -0.684355795383, -0.727201342583, -0.764946043491, -0.774628400803, -0.788494110107], "min": [-0.979519665241, -0.978484392166, -0.980896413326, -0.971933603287, -0.969773948193, -0.966955006123], "dvar2": [0.00405089044943, 0.00259903469123, 0.00219308235683, 0.001454838668, 0.000915114593226, 0.000795762403868], "dvar": [0.00158473465126, 0.00101560086478, 0.000955264025833, 0.000628432026133, 0.000399639859097, 0.000331760296831], "dmean": [0.0448638647795, 0.0375783368945, 0.033285446465, 0.0276713259518, 0.0219439100474, 0.0185466725379], "max": [-0.286703050137, -0.408162921667, -0.455660670996, -0.545141279697, -0.599305033684, -0.632173657417], "var": [0.00981308333576, 0.00744981644675, 0.00630120420828, 0.00431712996215, 0.00292336870916, 0.00215587788261], "mean": [-0.63367331028, -0.683321237564, -0.726572871208, -0.762222111225, -0.776593625546, -0.79202824831]}, "melbands_skewness": {"dmean2": 0.959588348866, "median": 2.81290841103, "min": -0.443889647722, "dvar2": 1.17563831806, "dvar": 0.539418101311, "dmean": 0.618886470795, "max": 17.3348903656, "var": 2.37728881836, "mean": 2.97906446457}, "spectral_spread": {"dmean2": 711099.75, "median": 2511427, "min": 718097.5, "dvar2": 1466868432900.0, "dvar": 697443221504, "dmean": 471063.4375, "max": 51239424, "var": 31310231896100.0, "mean": 3606415.25}, "dissonance": {"dmean2": 0.0411840006709, "median": 0.433614373207, "min": 0.224037244916, "dvar2": 0.00146543164738, "dvar": 0.000527199357748, "dmean": 0.0248812418431, "max": 0.5, "var": 0.00145650806371, "mean": 0.428422003984}, "spectral_skewness": {"dmean2": 0.767752587795, "median": 2.87125253677, "min": -0.1029586941, "dvar2": 0.518978655338, "dvar": 0.213766306639, "dmean": 0.472569644451, "max": 8.26733112335, "var": 1.1176725626, "mean": 2.92460918427}, "spectral_flux": {"dmean2": 0.0439184196293, "median": 0.061640702188, "min": 6.26172377838e-11, "dvar2": 0.00315046054311, "dvar": 0.00137459195685, "dmean": 0.0279039591551, "max": 0.485992878675, "var": 0.00277209165506, "mean": 0.0739436075091}, "spectral_contrast_valleys": {"dmean2": [0.592391729355, 0.490944594145, 0.49619114399, 0.465895146132, 0.411937266588, 0.511340379715], "median": [-6.35057258606, -6.78451490402, -7.87199640274, -8.50847244263, -8.92629528046, -11.9100904465], "min": [-28.6440811157, -27.9662704468, -27.804101944, -27.7319412231, -27.5324344635, -27.4017543793], "dvar2": [0.309015661478, 0.18057782948, 0.21651789546, 0.213225260377, 0.211514547467, 0.367739260197], "dvar": [0.154792770743, 0.0829089507461, 0.0977584794164, 0.0966868624091, 0.106991365552, 0.195495828986], "dmean": [0.372410207987, 0.299317985773, 0.311853677034, 0.295753628016, 0.278122425079, 0.36937507987], "max": [-4.82532310486, -4.81902742386, -5.56894874573, -6.25601959229, -6.23959302902, -8.37223243713], "var": [9.95835399628, 9.46223068237, 8.7379989624, 8.23760414124, 7.9718079567, 6.23254394531], "mean": [-7.06194591522, -7.3231716156, -8.3964548111, -9.01852035522, -9.41414070129, -12.2222833633]}, "erbbands_flatness_db": {"dmean2": 0.0242796353996, "median": 0.205757528543, "min": 0.0226901173592, "dvar2": 0.000707584782504, "dvar": 0.000360294594429, "dmean": 0.0171833913773, "max": 0.354815900326, "var": 0.00186910293996, "mean": 0.201646506786}, "spectral_energyband_high": {"dmean2": 6.42346421955e-05, "median": 1.89780039364e-05, "min": 7.09397605806e-21, "dvar2": 6.77197107279e-08, "dvar": 4.19868797508e-08, "dmean": 4.73355976283e-05, "max": 0.00845141615719, "var": 1.13168717064e-07, "mean": 8.25004244689e-05}, "spectral_entropy": {"dmean2": 0.274351924658, "median": 6.51871156693, "min": 5.04019737244, "dvar2": 0.0870931744576, "dvar": 0.0433218516409, "dmean": 0.186456143856, "max": 9.8263168335, "var": 0.42819839716, "mean": 6.58827209473}, "silence_rate_20dB": {"dmean2": 0, "median": 1, "min": 1, "dvar2": 0, "dvar": 0, "dmean": 0, "max": 1, "var": 0, "mean": 1}, "melbands_flatness_db": {"dmean2": 0.0364140160382, "median": 0.3413644135, "min": 0.00315702473745, "dvar2": 0.00148634554353, "dvar": 0.000727023230866, "dmean": 0.024640083313, "max": 0.591188311577, "var": 0.00720539037138, "mean": 0.342601031065}, "barkbands": {"dmean2": [0.00153022375889, 0.00953617878258, 0.00667871441692, 0.00424652965739, 0.00412612967193, 0.00233893352561, 0.00073905888712, 0.000588226655964, 0.000394278060412, 0.000478047528304, 0.000214704923565, 0.000237664411543, 0.000115956179798, 0.000155968722538, 0.000102568134025, 7.03377227183e-05, 5.82349312026e-05, 4.24824065703e-05, 2.71244880423e-05, 2.35284023802e-05, 1.80223960342e-05, 2.53680664173e-05, 7.10259155312e-06, 7.73633928475e-06, 7.16472504791e-06, 3.51784410668e-06, 6.25563870926e-07], "median": [0.000241055764491, 0.0113025894389, 0.00395311135799, 0.00309209129773, 0.00403972482309, 0.00215276516974, 0.000533142359927, 0.000355692434823, 0.000104314320197, 0.000324551394442, 8.22553629405e-05, 8.29744385555e-05, 5.26783260284e-05, 6.23354062554e-05, 5.20890644111e-05, 4.27928534918e-05, 4.25025318691e-05, 2.64217960648e-05, 8.29437522043e-06, 7.00551436239e-06, 3.63376852874e-06, 1.92107199837e-06, 9.68223503151e-07, 1.255951247e-06, 1.10812629828e-06, 4.97796747823e-07, 1.94744700366e-08], "min": [3.12300713958e-25, 1.15746069914e-24, 6.38960520631e-25, 8.29548279952e-25, 4.67812108394e-24, 5.47959271959e-24, 9.37962716056e-24, 5.40294147202e-24, 1.37069488997e-23, 1.44088962658e-23, 5.5102845364e-24, 2.05262301736e-23, 2.57242003389e-23, 3.08680136253e-23, 4.5839665906e-23, 4.94788737438e-23, 6.08494990545e-23, 4.58605265438e-23, 1.28831537626e-22, 1.64015680632e-22, 1.98033066805e-22, 2.59436762733e-22, 3.92741709672e-22, 5.61165658638e-22, 7.79360041183e-22, 1.29035207628e-21, 1.76907437396e-21], "dvar2": [1.26629820443e-05, 0.000386337109376, 0.000169243183336, 3.70112429664e-05, 4.34293833678e-05, 2.09794961847e-05, 6.16659144725e-06, 2.61075388153e-06, 3.43683950632e-06, 4.5724782467e-06, 7.17100590464e-07, 7.14801444701e-07, 7.94350754063e-08, 2.04525250069e-07, 7.43694741345e-08, 4.45043149e-08, 1.34131328267e-08, 1.02480610664e-08, 2.64933941452e-08, 1.76044299138e-08, 9.51810186223e-09, 3.11186276747e-08, 2.03932981613e-09, 1.87705606614e-09, 6.33044616727e-10, 8.703138904e-11, 7.1480542839e-12], "dvar": [4.87365514346e-06, 0.000146057514939, 5.94216689933e-05, 1.39818939715e-05, 1.8517503122e-05, 1.00605529951e-05, 2.42837904807e-06, 1.28239594233e-06, 1.4571179463e-06, 1.8838449023e-06, 3.52816840632e-07, 4.5369395707e-07, 3.96460642094e-08, 1.03365472626e-07, 4.04618560879e-08, 1.90330737837e-08, 6.05705974266e-09, 5.01527885888e-09, 1.17144756118e-08, 7.92318122222e-09, 4.47648762503e-09, 1.74298691036e-08, 9.80703962483e-10, 9.31138277593e-10, 3.40910827346e-10, 3.83992525277e-11, 2.52027782324e-12], "dmean": [0.000965035345871, 0.00578365148976, 0.00386456912383, 0.00261270906776, 0.0026552027557, 0.00159087800421, 0.000464882527012, 0.000388676271541, 0.000267874129349, 0.000333588541253, 0.000153409113409, 0.000172492931597, 7.54392167437e-05, 0.000106232699181, 6.98644871591e-05, 4.45666810265e-05, 3.7413505197e-05, 2.69868469331e-05, 1.77069105121e-05, 1.52096463353e-05, 1.20769545902e-05, 1.80105780601e-05, 5.00697115058e-06, 5.49857304577e-06, 4.93319930683e-06, 2.24650602831e-06, 3.47339948803e-07], "max": [0.0308829490095, 0.201619386673, 0.130092054605, 0.0496036633849, 0.102718561888, 0.0707720145583, 0.0563860461116, 0.029460767284, 0.0411546863616, 0.0547725260258, 0.02082400769, 0.026738114655, 0.00616885116324, 0.0114480797201, 0.00734557351097, 0.00504442444071, 0.00219397759065, 0.00296978419647, 0.00456063495949, 0.00494613824412, 0.00301197520457, 0.00673991022632, 0.00186790246516, 0.0016046728706, 0.000899387523532, 0.00014009156439, 4.19515672547e-05], "var": [5.72266390009e-06, 0.000173908905708, 7.78710382292e-05, 3.5273260437e-05, 6.65771440254e-05, 5.19728200743e-05, 4.58491331301e-06, 3.51915218744e-06, 3.48257140104e-06, 3.46412412e-06, 8.81193841451e-07, 3.42983207702e-06, 1.29379841951e-07, 5.1653768196e-07, 1.70994212567e-07, 5.06629689312e-08, 2.13468585031e-08, 1.24859083073e-08, 1.84124093749e-08, 1.18080079048e-08, 6.37838493134e-09, 4.18538697033e-08, 2.31763608305e-09, 1.72758429784e-09, 7.13876069369e-10, 6.81069020625e-11, 1.5425781312e-12], "mean": [0.00109728355892, 0.01260869205, 0.00688616838306, 0.00510052638128, 0.00681246817112, 0.00483224820346, 0.00113997713197, 0.000895487784874, 0.000586132111493, 0.000850436917972, 0.000351913477061, 0.000479240203276, 0.000168582570041, 0.000261078996118, 0.000166572717717, 0.000105527331471, 8.81867890712e-05, 5.57004386792e-05, 3.0792751204e-05, 2.38053999055e-05, 1.75145905814e-05, 2.72801553365e-05, 7.70766018832e-06, 8.66764366947e-06, 7.8885759649e-06, 3.04516674987e-06, 2.61509484289e-07]}, "erbbands_skewness": {"dmean2": 0.454306870699, "median": 0.8032117486, "min": -2.02744245529, "dvar2": 0.223144963384, "dvar": 0.107907995582, "dmean": 0.304718822241, "max": 5.54598522186, "var": 0.747922182083, "mean": 0.831261992455}, "erbbands_spread": {"dmean2": 7.66201210022, "median": 24.8601398468, "min": 2.6050093174, "dvar2": 121.60765