{"metadata": {"tags": {"album": ["My Diary"], "albumartist": ["R. Kelly"], "genre": ["R&B"], "artist": ["R. Kelly"], "date": ["2005"], "tracknumber": ["8"], "title": ["Baby I Love You (Feat. Jennifer Lopez)"], "file_name": "159325.mp3", "musicbrainz_recordingid": ["1254e037-8e9c-4b78-a224-35144833842a"]}, "audio_properties": {"sample_rate": 44100, "downmix": "mix", "lossless": false, "analysis_sample_rate": 44100, "md5_encoded": "946e8320c7f6a52450b178cabde5acc2", "equal_loudness": 0, "replay_gain": -12.902217865, "codec": "mp3", "bit_rate": 236711, "length": 229.381225586}, "version": {"extractor": "music 1.0", "essentia_build_sha": "70f2e5ece6736b2c40cc944ad0e695b16b925413", "essentia_git_sha": "v2.1_beta2", "essentia": "2.1-beta2"}}, "rhythm": {"beats_loudness_band_ratio": {"dvar2": [0.0836319327354, 0.0163855999708, 0.0394953452051, 0.0389483571053, 0.0199779774994, 0.0696563199162], "var": [0.112174682319, 0.0111592989415, 0.0136947203428, 0.0124273300171, 0.00488657644019, 0.0194046590477], "min": [0, 0, 0, 0, 0, 0], "dmean": [0.157104566693, 0.064829595387, 0.0702764093876, 0.0728260576725, 0.0457524508238, 0.0783939063549], "mean": [0.664917707443, 0.0911867320538, 0.0811586529016, 0.0623699501157, 0.0333973355591, 0.07179287076], "max": [0.993684053421, 0.613552510738, 0.805106341839, 0.589264631271, 0.415330648422, 0.964034259319], "dmean2": [0.279988884926, 0.111295506358, 0.126550927758, 0.131887122989, 0.0852634161711, 0.141844436526], "median": [0.847219705582, 0.0487294942141, 0.0413387790322, 0.01427552104, 0.00728901475668, 0.019702848047], "dvar": [0.0300765223801, 0.00579722644761, 0.0127551248297, 0.0131894983351, 0.0066952384077, 0.0242287572473]}, "bpm_histogram_first_peak_weight": {"dvar2": 0, "var": 0, "min": 0.535962879658, "dmean": 0, "mean": 0.535962879658, "max": 0.535962879658, "dmean2": 0, "median": 0.535962879658, "dvar": 0}, "bpm": 113.37902832, "beats_count": 432, "bpm_histogram_first_peak_spread": {"dvar2": 0, "var": 0, "min": 0.452606618404, "dmean": 0, "mean": 0.452606618404, "max": 0.452606618404, "dmean2": 0, "median": 0.452606618404, "dvar": 0}, "danceability": 1.56439387798, "bpm_histogram_first_peak_bpm": {"dvar2": 0, "var": 0, "min": 112, "dmean": 0, "mean": 112, "max": 112, "dmean2": 0, "median": 112, "dvar": 0}, "beats_position": [0.545668900013, 1.09133780003, 1.64861679077, 2.17106580734, 2.69351458549, 3.22757363319, 3.76163268089, 4.29569149017, 4.82975053787, 5.35219955444, 5.87464857101, 6.40870714188, 6.94276618958, 7.47682523727, 8.01088428497, 8.53333282471, 9.05578231812, 9.57823085785, 10.1006803513, 10.6347389221, 11.1687984467, 11.6912469864, 12.2136955261, 12.7477550507, 13.2818136215, 13.8158731461, 14.3499317169, 14.8607711792, 15.3948297501, 15.9172782898, 16.4513378143, 16.9737873077, 17.5078449249, 18.0419044495, 18.5643539429, 19.0868015289, 19.6208610535, 20.154920578, 20.6889801025, 21.2114276886, 21.733877182, 22.2679367065, 22.7903842926, 23.3244438171, 23.8468933105, 24.369342804, 24.89179039, 25.4258499146, 25.9599094391, 26.4939670563, 27.0280265808, 27.5504760742, 28.0729255676, 28.6069831848, 29.1410427094, 29.6751022339, 30.2091598511, 30.7199993134, 31.2424488068, 31.7648983002, 32.2989578247, 32.8330154419, 33.3670730591, 33.901134491, 34.4235839844, 34.9460296631, 35.480091095, 36.0141487122, 36.5482063293, 37.059047699, 37.5814971924, 38.1039466858, 38.638004303, 39.1720619202, 39.7061233521, 40.2401809692, 40.7626304626, 41.2966880798, 41.830745697, 42.3531951904, 42.8872566223, 43.4097061157, 43.9437637329, 44.4662132263, 45.0002708435, 45.5343284607, 46.0683898926, 46.5792274475, 47.1016769409, 47.6241264343, 48.1581840515, 48.6922454834, 49.2263031006, 49.748752594, 50.2712020874, 50.8052597046, 51.3393173218, 51.8733787537, 52.4074363708, 52.9298858643, 53.4523353577, 53.9747848511, 54.4972343445, 55.0312919617, 55.5653495789, 56.0877990723, 56.6102485657, 57.1443061829, 57.6783676147, 58.2124252319, 58.7464828491, 59.2689323425, 59.7913818359, 60.3254394531, 60.8478889465, 61.3703384399, 61.9043960571, 62.438457489, 62.9609069824, 63.4833564758, 64.0174102783, 64.5514755249, 65.0855331421, 65.6079788208, 66.1304321289, 66.6644897461, 67.1985473633, 67.720993042, 68.2666625977, 68.7775039673, 69.299949646, 69.8224029541, 70.3564605713, 70.8905181885, 71.4245758057, 71.9586410522, 72.5043106079, 73.0499725342, 73.5840377808, 74.1297073364, 74.7334213257, 75.3487548828, 75.8828125, 76.4168701172, 76.9509277344, 77.4849853516, 78.0190429688, 78.5531082153, 79.075553894, 79.5979995728, 80.1320648193, 80.654510498, 81.1885681152, 81.7110214233, 82.2334671021, 82.7559204102, 83.2899780273, 83.8240356445, 84.3580932617, 84.8805389404, 85.414604187, 85.9486618042, 86.4943313599, 87.0283889771, 87.5508346558, 88.0732879639, 88.6073455811, 89.1297912598, 89.6522445679, 90.1746902466, 90.6971435547, 91.2195892334, 91.7536468506, 92.2761001587, 92.8101577759, 93.3442153931, 93.8782730103, 94.4123306274, 94.9347839355, 95.4572296143, 95.9796829224, 96.5021286011, 97.0129699707, 97.5470275879, 98.0926971436, 98.6267547607, 99.1608123779, 99.6948699951, 100.228935242, 100.75138092, 101.273826599, 101.807891846, 102.330337524, 102.864395142, 103.398452759, 103.920906067, 104.443351746, 104.977409363, 105.511474609, 106.033920288, 106.556373596, 107.090431213, 107.612876892, 108.146934509, 108.669387817, 109.203445435, 109.737503052, 110.271560669, 110.794013977, 111.316459656, 111.850517273, 112.372970581, 112.89541626, 113.429473877, 113.951927185, 114.485984802, 115.020042419, 115.542495728, 116.076553345, 116.610610962, 117.133056641, 117.655509949, 118.189567566, 118.723625183, 119.2576828, 119.780136108, 120.302581787, 120.836639404, 121.359092712, 121.881538391, 122.415596008, 122.949661255, 123.483718872, 124.017776489, 124.540222168, 125.062675476, 125.596733093, 126.119178772, 126.64163208, 127.175689697, 127.709747314, 128.232192993, 128.754638672, 129.288711548, 129.822769165, 130.345214844, 130.867660522, 131.40171814, 131.935775757, 132.458221436, 132.980682373, 133.51473999, 134.048797607, 134.571243286, 135.093688965, 135.627746582, 136.161804199, 136.684265137, 137.206710815, 137.740768433, 138.27482605, 138.808883667, 139.331329346, 139.865386963, 140.3878479, 140.921905518, 141.444351196, 141.966796875, 142.500854492, 143.034912109, 143.557373047, 144.079818726, 144.613876343, 145.14793396, 145.681991577, 146.216049194, 146.750106812, 147.27255249, 147.795013428, 148.317459106, 148.839904785, 149.373962402, 149.90802002, 150.418869019, 150.952926636, 151.486984253, 152.02104187, 152.543487549, 153.065933228, 153.599990845, 154.134063721, 154.656509399, 155.178955078, 155.713012695, 156.247070312, 156.769515991, 157.291976929, 157.826034546, 158.360092163, 158.882537842, 159.404983521, 159.939041138, 160.473098755, 160.995559692, 161.518005371, 162.052062988, 162.586120605, 163.120178223, 163.65423584, 164.176681519, 164.699142456, 165.233200073, 165.76725769, 166.301315308, 166.823760986, 167.346206665, 167.880264282, 168.40272522, 168.925170898, 169.459228516, 169.993286133, 170.515731812, 171.03817749, 171.572235107, 172.106307983, 172.628753662, 173.151199341, 173.685256958, 174.207702637, 174.730148315, 175.264221191, 175.798278809, 176.332336426, 176.854782104, 177.377227783, 177.9112854, 178.445343018, 178.967803955, 179.490249634, 180.024307251, 180.558364868, 181.092422485, 181.614868164, 182.137313843, 182.671386719, 183.205444336, 183.727890015, 184.250335693, 184.784393311, 185.318450928, 185.852508545, 186.374969482, 186.897415161, 187.431472778, 187.953918457, 188.476364136, 189.010421753, 189.54447937, 190.078552246, 190.600997925, 191.123443604, 191.657501221, 192.191558838, 192.714004517, 193.236465454, 193.770523071, 194.304580688, 194.827026367, 195.349472046, 195.883529663, 196.41758728, 196.940048218, 197.462493896, 197.996551514, 198.530609131, 199.064666748, 199.587112427, 200.109558105, 200.643630981, 201.177688599, 201.700134277, 202.222579956, 202.745025635, 203.279083252, 203.801544189, 204.335601807, 204.869659424, 205.403717041, 205.92616272, 206.448608398, 206.982666016, 207.516723633, 208.050796509, 208.573242188, 209.095687866, 209.629745483, 210.152191162, 210.6746521, 211.208709717, 211.742767334, 212.276824951, 212.79927063, 213.321716309, 213.855773926, 214.389831543, 214.91229248, 215.434738159, 215.968795776, 216.491241455, 217.013687134, 217.547744751, 218.081817627, 218.615875244, 219.138320923, 219.660766602, 220.194824219, 220.728881836, 221.251327515, 221.773788452, 222.307846069, 222.841903687, 223.375961304, 223.898406982, 224.420852661, 224.954910278, 225.488967896, 226.023040771, 226.557098389, 227.091156006, 227.625213623, 228.15927124, 228.693328857], "beats_loudness": {"dvar2": 0.0013358440483, "var": 0.00357698695734, "min": 0, "dmean": 0.0242075026035, "mean": 0.101446337998, "max": 0.20954105258, "dmean2": 0.04243857041, "median": 0.127383962274, "dvar": 0.000494804873597}, "bpm_histogram_second_peak_weight": {"dvar2": 0, "var": 0, "min": 0.0162412989885, "dmean": 0, "mean": 0.0162412989885, "max": 0.0162412989885, "dmean2": 0, "median": 0.0162412989885, "dvar": 0}, "bpm_histogram_second_peak_spread": {"dvar2": 0, "var": 0, "min": 0, "dmean": 0, "mean": 0, "max": 0, "dmean2": 0, "median": 0, "dvar": 0}, "bpm_histogram_second_peak_bpm": {"dvar2": 0, "var": 0, "min": 117, "dmean": 0, "mean": 117, "max": 117, "dmean2": 0, "median": 117, "dvar": 0}, "onset_rate": 4.18916130066}, "lowlevel": {"spectral_energyband_high": {"dvar2": 3.8345115172e-05, "var": 4.1961990064e-05, "min": 7.17342901771e-21, "dmean": 0.00170590099879, "mean": 0.00283855968155, "max": 0.0860487595201, "dmean2": 0.00245854444802, "median": 0.000859159859829, "dvar": 1.91138133232e-05}, "spectral_energyband_middle_low": {"dvar2": 0.000177442343556, "var": 0.000111378503789, "min": 1.17335663292e-22, "dmean": 0.0049488293007, "mean": 0.0117839481682, "max": 0.0868176817894, "dmean2": 0.00804670527577, "median": 0.00970312207937, "dvar": 6.50988222333e-05}, "spectral_energy": {"dvar2": 0.00448026275262, "var": 0.00314343301579, "min": 1.00790285507e-20, "dmean": 0.0246744100004, "mean": 0.0534007586539, "max": 0.283531904221, "dmean2": 0.0394929982722, "median": 0.0291015058756, "dvar": 0.00178931967821}, "spectral_spread": {"dvar2": 3962885111810.0, "var": 19250938904600.0, "min": 948276.4375, "dmean": 1132826.375, "mean": 7361294, "max": 50760296, "dmean2": 1668804.625, "median": 6679376.5, "dvar": 1975566729220.0}, "spectral_energyband_low": {"dvar2": 0.00412011845037, "var": 0.0026144287549, "min": 7.9233339204e-24, "dmean": 0.0194743201137, "mean": 0.0350036360323, "max": 0.270052403212, "dmean2": 0.0324584022164, "median": 0.0100833270699, "dvar": 0.00160300079733}, "spectral_rolloff": {"dvar2": 8482592, "var": 12616686, "min": 21.533203125, "dmean": 1044.64648438, "mean": 2364.03491211, "max": 19616.7480469, "dmean2": 1718.23852539, "median": 775.1953125, "dvar": 4275436.5}, "barkbands": {"dvar2": [5.83301289225e-06, 0.00228991382755, 0.00110774091445, 2.64870868705e-05, 4.09975727962e-05, 4.39912400907e-06, 1.58684742928e-05, 4.04895081374e-06, 9.8557320598e-06, 1.43082870636e-05, 1.68913993548e-05, 3.66802692042e-06, 4.20022615799e-06, 3.26998610944e-06, 2.18701097765e-05, 3.45326043316e-06, 2.79352525467e-06, 5.28780731202e-07, 3.7288739918e-07, 7.14589361905e-07, 1.94737731363e-06, 2.4429602945e-06, 1.50829021095e-06, 4.15096883444e-06, 2.00719910026e-06, 2.85866349259e-07, 2.00078716261e-07], "var": [1.18991574709e-05, 0.00164130225312, 0.000224054441787, 1.07135247163e-05, 3.00199008052e-05, 3.29116551256e-06, 1.96510900423e-05, 3.54300368599e-06, 6.876835414e-06, 6.35495689494e-06, 6.50914262224e-06, 2.90886396215e-06, 2.68457097263e-06, 2.49507752415e-06, 5.18672413818e-06, 1.19213950711e-06, 9.31720478548e-07, 4.58957458704e-07, 3.73495907979e-07, 7.73895010298e-07, 1.52134123255e-06, 1.12740531222e-06, 1.25401288642e-06, 2.99036059914e-06, 2.51337064583e-06, 3.01307295558e-07, 1.67822506114e-07], "min": [1.46094870279e-25, 7.19738595427e-25, 2.1791583009e-26, 5.66762491471e-25, 7.66260355831e-24, 6.65774543749e-24, 1.02346119646e-23, 6.14874871561e-24, 1.21870174615e-23, 1.16684455459e-23, 2.11175382201e-23, 1.86113681449e-23, 2.33675257162e-23, 4.67110290401e-23, 3.54904198301e-23, 5.61032763975e-23, 6.09633916365e-23, 5.83855709031e-23, 1.33977637031e-22, 1.59045352058e-22, 2.15649100747e-22, 3.22971771501e-22, 4.17545137363e-22, 5.95291402745e-22, 8.05363118052e-22, 1.21489537237e-21, 1.8880528748e-21], "dmean": [0.000995567301288, 0.0150602068752, 0.0060107158497, 0.00119370687753, 0.00232773949392, 0.000691046821885, 0.00116785499267, 0.000480969174532, 0.000782304210588, 0.000743998389225, 0.000727471720893, 0.000430041458458, 0.000508383498527, 0.000366249878425, 0.000534345570486, 0.000313621509122, 0.000258272833889, 0.000179682800081, 0.000180187955266, 0.000204319512704, 0.000179873881279, 0.00026539384271, 0.000320625316817, 0.000510701094754, 0.000313453230774, 0.000143297496834, 0.000125304446556], "mean": [0.00211175600998, 0.0260200276971, 0.00548454560339, 0.00212202267721, 0.00404049176723, 0.00156543031335, 0.00206234096549, 0.000740520074032, 0.00108289532363, 0.000907197827473, 0.000886038993485, 0.000580215011723, 0.00058060255833, 0.000447150872787, 0.000508402939886, 0.000354573392542, 0.000305273249978, 0.000287312577711, 0.00031087663956, 0.00037041347241, 0.000260911241639, 0.000301621766994, 0.000465650780825, 0.000730249972548, 0.000506921322085, 0.000210460784729, 0.000156616632012], "max": [0.0158132072538, 0.215073674917, 0.133742958307, 0.0386391915381, 0.0688195973635, 0.0201351661235, 0.0773260518909, 0.0356861613691, 0.0486756302416, 0.0533567890525, 0.0412210561335, 0.037478055805, 0.0253656059504, 0.0380544289947, 0.0374406687915, 0.0176852196455, 0.0212113298476, 0.0161017347127, 0.0126027092338, 0.0164547394961, 0.0407898202538, 0.0210278220475, 0.0233613103628, 0.023211447522, 0.0321610085666, 0.00728134065866, 0.00605892157182], "dmean2": [0.00144653744064, 0.0249663610011, 0.0113086830825, 0.00215696403757, 0.00375526794232, 0.00116076611448, 0.00180162012111, 0.000747391546611, 0.00122074747924, 0.00122276763432, 0.00118066719733, 0.000655274605379, 0.000811730336864, 0.000543821370229, 0.00091515458189, 0.000509491132107, 0.000425490987254, 0.000268357951427, 0.000271101656836, 0.000308480171952, 0.000280626554741, 0.000416236638557, 0.000476346118376, 0.000778759771492, 0.000457573332824, 0.00020973032224, 0.000186161676538], "median": [3.32101481035e-05, 0.00295436033048, 0.00143426354043, 0.000689064559992, 0.00194508489221, 0.00102910189889, 0.000741398078389, 0.00021469440253, 0.00017970285262, 0.000193453219254, 0.000108827603981, 7.14196576155e-05, 7.82877759775e-05, 6.33885065326e-05, 7.27522419766e-05, 6.5541069489e-05, 5.14258863404e-05, 6.42612212687e-05, 8.94096447155e-05, 9.99405820039e-05, 5.05737189087e-05, 4.59841758129e-05, 0.000114520720672, 0.000177868074388, 0.000100418488728, 3.98856063839e-05, 1.67827110999e-05], "dvar": [3.08829407913e-06, 0.000864917354193, 0.000383833772503, 9.22243907553e-06, 1.58079037647e-05, 1.69577469933e-06, 7.37553273211e-06, 1.86299394045e-06, 4.11741621065e-06, 5.47517993255e-06, 6.33629770164e-06, 1.70228520346e-06, 1.87302293853e-06, 1.55217821884e-06, 7.76494471211e-06, 1.3098464251e-06, 1.0339591654e-06, 2.35842975371e-07, 1.69537685224e-07, 3.37875206924e-07, 8.09045161532e-07, 1.00557133464e-06, 7.32550745397e-07, 1.84009149962e-06, 1.0265837318e-06, 1.41366797379e-07, 9.47582279309e-08]}, "melbands_skewness": {"dvar2": 5.70329332352, "var": 9.33707046509, "min": -2.02286529541, "dmean": 1.31051468849, "mean": 3.9382622242, "max": 36.8437538147, "dmean2": 1.96952724457, "median": 3.35417819023, "dvar": 2.75268125534}, "barkbands_skewness": {"dvar2": 2.90691065788, "var": 5.80358695984, "min": -5.05915880203, "dmean": 0.968616425991, "mean": 2.31834459305, "max": 26.3408126831, "dmean2": 1.42918550968, "median": 1.98926603794, "dvar": 1.4897300005}, "erbbands": {"dvar2": [1.59274470806, 184.915512085, 1646.50952148, 583.722290039, 206.1980896, 620.352539062, 832.81427002, 279.371856689, 2746.4375, 2632.90844727, 1758.76062012, 6648.77929688, 7231.37548828, 22364.5039062, 21638.3964844, 6717.66650391, 9041.99511719, 6890.24414062, 49015.671875, 23159.5449219, 12049.6162109, 9945.70996094, 1312.5177002, 1322.15930176, 869.432678223, 1262.22229004, 2410.15649414, 2568.80493164, 4268.85058594, 1587.33776855, 1441.15539551, 1671.0802002, 1136.06689453, 467.596221924, 53.3965682983, 5.96980762482, 1.05855441093, 0.209546133876, 0.00693407002836, 8.0911859186e-06], "var": [3.31694960594, 63.0426101685, 348.994720459, 154.369796753, 110.456581116, 659.302612305, 375.550292969, 264.418243408, 3512.07568359, 2241.12158203, 1545.50646973, 4874.69384766, 3403.47900391, 9048.70410156, 8899.38183594, 4266.46630859, 5905.20556641, 5932.55322266, 13404.0898438, 6732.75683594, 3801.74169922, 3312.61621094, 1032.24194336, 1203.71850586, 1141.78771973, 1807.59680176, 4247.52734375, 1361.15185547, 1658.7935791, 1073.93225098, 1176.68237305, 1097.20910645, 943.106262207, 525.675354004, 70.7587509155, 6.52372503281, 0.98779386282, 0.189453095198, 0.00558941625059, 7.42040219848e-06], "min": [8.96005018887e-24, 3.09476948876e-22, 1.04290350019e-21, 2.68242010487e-21, 8.62094904545e-21, 2.89261182801e-20, 4.47604522364e-20, 4.9291321117e-20, 1.0584858381e-19, 1.6910263935e-19, 2.03206145707e-19, 3.33067427271e-19, 5.10175223321e-19, 7.13932348864e-19, 8.00594562376e-19, 1.14453455502e-18, 1.70453324477e-18, 2.28630611999e-18, 2.31830353404e-18, 2.54003260595e-18, 3.77887743473e-18, 3.96621647268e-18, 4.10667753095e-18, 4.24603926619e-18, 5.68614375545e-18, 7.51637929521e-18, 9.6308192042e-18, 9.30191647622e-18, 1.19767968928e-17, 1.12525390552e-17, 1.08321873746e-17, 1.07239135683e-17, 8.66909270193e-18, 8.79502929583e-18, 5.33044575229e-18, 4.12766351668e-18, 2.0884902192e-18, 9.13863557279e-19, 2.50921283861e-19, 2.75904768536e-20], "dmean": [0.524145007133, 3.47930622101, 7.4798989296, 5.00005054474, 4.44421625137, 9.41227054596, 8.59192943573, 5.34066677094, 14.4899711609, 14.4238128662, 10.3542881012, 18.4060974121, 17.7937870026, 28.2330265045, 27.5609054565, 17.2722244263, 23.1285972595, 18.5613555908, 27.1295433044, 21.2008743286, 15.8426914215, 14.803650856, 8.96933174133, 8.87904453278, 9.00516891479, 9.51018428802, 7.6418800354, 6.88700389862, 10.0353107452, 8.87369155884, 9.86113262177, 9.85349559784, 8.48926258087, 4.70652532578, 1.69456243515, 0.60174369812, 0.263370633125, 0.128641843796, 0.0234668757766, 0.000784818374086], "mean": [1.14690196514, 4.17998743057, 6.42397022247, 7.7136759758, 7.53425931931, 16.3883342743, 13.7890796661, 13.6306390762, 27.0244655609, 24.5117912292, 16.8111972809, 26.6556396484, 21.2851390839, 36.5302429199, 37.1019287109, 22.9224529266, 28.0761604309, 23.503200531, 27.1543235779, 23.3899097443, 17.9585723877, 18.5189495087, 14.6826181412, 15.3384895325, 17.3301753998, 18.7305545807, 13.5512037277, 8.59739494324, 10.784403801, 11.9326591492, 14.0771369934, 13.7816457748, 12.4375104904, 7.32770109177, 2.69606518745, 0.89893746376, 0.375802874565, 0.167856365442, 0.0288809780031, 0.0010202084668], "max": [8.08869171143, 54.447177887, 154.213745117, 127.527557373, 115.63217926, 364.825408936, 197.291519165, 231.770751953, 956.554992676, 934.788085938, 1002.4463501, 1406.10827637, 1222.07739258, 1846.36071777, 1341.24768066, 1789.28808594, 1127.1114502, 2147.21923828, 2112.30102539, 1363.22644043, 1060.54443359, 1042.03808594, 392.528015137, 813.523864746, 455.883026123, 803.760314941, 1853.50952148, 1485.07946777, 1055.28466797, 596.881958008, 807.187438965, 568.038452148, 476.141143799, 513.976745605, 140.083618164, 36.5339393616, 13.7384614944, 6.71156406403, 0.985247135162, 0.0358580797911], "dmean2": [0.746527969837, 6.07547521591, 13.8448352814, 9.20121860504, 7.3343911171, 14.675280571, 14.8016405106, 8.66370773315, 22.3459758759, 22.2016658783, 15.9226694107, 28.5278263092, 28.8339118958, 45.486164093, 43.9583244324, 26.1997623444, 36.8067703247, 27.5392951965, 44.3292121887, 35.0901412964, 25.7762260437, 24.1888141632, 13.3705253601, 13.3300218582, 13.1477804184, 14.0424823761, 11.6448488235, 10.7328243256, 15.9080924988, 13.2489051819, 14.7902173996, 15.0679569244, 12.8510503769, 6.96425771713, 2.45190119743, 0.873573541641, 0.39035898447, 0.192054659128, 0.034965839237, 0.00115781382192], "median": [0.0693932026625, 0.768677949905, 1.88312482834, 2.39021253586, 3.48192214966, 6.23707342148, 7.75436735153, 8.73308563232, 9.78355884552, 9.92226314545, 6.3935303688, 5.05803442001, 4.38813018799, 11.1201229095, 6.56165409088, 4.03392076492, 4.452917099, 3.92208242416, 4.41820430756, 3.89378213882, 3.53395152092, 3.33919811249, 3.56750583649, 4.124335289, 5.33459949493, 4.99841070175, 2.82389879227, 1.68058180809, 1.46771717072, 2.51440668106, 3.34295511246, 3.49896192551, 2.84268093109, 1.43068623543, 0.511787593365, 0.176974713802, 0.0666035935283, 0.022719271481, 0.00305965752341, 0.000165382749401], "dvar": [0.842594206333, 65.8861160278, 579.149658203, 202.079421997, 77.7241516113, 258.794464111, 296.667938232, 113.119407654, 1265.54858398, 1147.45007324, 834.421630859, 2776.50195312, 2914.3762207, 8416.07519531, 8280.33886719, 2990.93212891, 3991.87890625, 3367.48632812, 18123.6523438, 8422.23339844, 4525.69335938, 3671.63671875, 593.3046875, 570.801269531, 420.63861084, 627.552734375, 1072.85021973, 1067.49511719, 1675.16333008, 733.053222656, 698.52355957, 726.422485352, 524.106384277, 233.69519043, 28.0628318787, 2.98578691483, 0.499801814556, 0.0997733473778, 0.00325077120215, 3.97316580347e-06]}, "silence_rate_30dB": {"dvar2": 0.172214359045, "var": 0.166508302093, "min": 0, "dmean": 0.095556229353, "mean": 0.788967609406, "max": 1, "dmean2": 0.191131815314, "median": 1, "dvar": 0.0864314213395}, "melbands_spread": {"dvar2": 1020.86077881, "var": 1227.74975586, "min": 0.141834139824, "dmean": 11.6205101013, "mean": 27.0119838715, "max": 257.081604004, "dmean2": 17.7437725067, "median": 14.4882717133, "dvar": 499.948181152}, "melbands_crest": {"dvar2": 26.0570678711, "var": 69.2400436401, "min": 1.62398076057, "dmean": 3.37740850449, "mean": 18.3621616364, "max": 36.2946929932, "dmean2": 4.98535919189, "median": 16.4458618164, "dvar": 14.341676712}, "zerocrossingrate": {"dvar2": 0.000974720693193, "var": 0.00779765751213, "min": 0.001953125, "dmean": 0.0232916921377, "mean": 0.0878209918737, "max": 0.53125, "dmean2": 0.0249488092959, "median": 0.05859375, "dvar": 0.000953847775236}, "barkbands_kurtosis": {"dvar2": 1316.22631836, "var": 1807.67565918, "min": -1.95890045166, "dmean": 9.35225582123, "mean": 13.9279384613, "max": 1084.45446777, "dmean2": 14.5893335342, "median": 4.41281318665, "dvar": 666.492736816}, "spectral_flux": {"dvar2": 0.00836994498968, "var": 0.00909014698118, "min": 6.36741284699e-11, "dmean": 0.0481831841171, "mean": 0.111098513007, "max": 0.489750534296, "dmean2": 0.0754008889198, "median": 0.0850357562304, "dvar": 0.00504346797243}, "barkbands_crest": {"dvar2": 18.1884479523, "var": 32.0114707947, "min": 2.32127070427, "dmean": 2.80297422409, "mean": 12.240647316, "max": 25.5115184784, "dmean2": 4.40138816833, "median": 10.919342041, "dvar": 8.3755531311}, "barkbands_flatness_db": {"dvar2": 0.00164749915712, "var": 0.00473899953067, "min": 0.0257910452783, "dmean": 0.0284966658801, "mean": 0.155926615, "max": 0.548642337322, "dmean2": 0.0420028232038, "median": 0.145571783185, "dvar": 0.000862139218953}, "spectral_entropy": {"dvar2": 0.12623552978, "var": 0.376391410828, "min": 5.07970952988, "dmean": 0.238202884793, "mean": 7.60651636124, "max": 9.82272720337, "dmean2": 0.335810393095, "median": 7.60273218155, "dvar": 0.0665904134512}, "pitch_salience": {"dvar2": 0.0186661202461, "var": 0.0287118647248, "min": 0.0159255657345, "dmean": 0.0832027867436, "mean": 0.496691733599, "max": 0.899985790253, "dmean2": 0.132444649935, "median": 0.510811805725, "dvar": 0.00826721545309}, "erbbands_spread": {"dvar2": 670.673828125, "var": 779.669250488, "min": 0.841822445393, "dmean": 14.6864843369, "mean": 51.237159729, "max": 187.217803955, "dmean2": 22.3923454285, "median": 46.5466003418, "dvar": 297.410949707}, "dynamic_complexity": 3.05731844902, "spectral_contrast_valleys": {"dvar2": [0.943568050861, 0.400849848986, 0.440557569265, 0.419703185558, 0.357857078314, 0.379012316465], "var": [7.45148992538, 5.52784252167, 5.17074871063, 5.07174444199, 5.24788618088, 4.92935276031], "min": [-28.3380184174, -27.9820766449, -27.7930107117, -27.7505817413, -27.5479393005, -27.3796062469], "dmean": [0.542627751827, 0.387872159481, 0.449807405472, 0.442856550217, 0.395652383566, 0.416354745626], "mean": [-7.7793097496, -7.20331478119, -8.03004932404, -8.50649738312, -8.23190689087, -9.66359329224], "max": [-4.82987356186, -4.5450758934, -4.14546203613, -4.75495386124, -5.14801454544, -6.69417095184], "dmean2": [0.834631323814, 0.614972472191, 0.678503870964, 0.647011220455, 0.566371917725, 0.533786356449], "median": [-6.82374000549, -6.88848972321, -7.81299543381, -8.30660057068, -7.90978765488, -9.32904434204], "dvar": [0.548618793488, 0.189600124955, 0.211138769984, 0.206341192126, 0.185807213187, 0.228614076972]}, "hfc": {"dvar2": 3890.66894531, "var": 3980.56811523, "min": 1.08912780142e-16, "dmean": 19.7473640442, "mean": 39.1586647034, "max": 675.237121582, "dmean2": 28.0126552582, "median": 22.8979148865, "dvar": 1928.4519043}, "spectral_kurtosis": {"dvar2": 20.8441314697, "var": 24.2524375916, "min": -1.34403789043, "dmean": 1.53463673592, "mean": 3.61686730385, "max": 100.25038147, "dmean2": 2.36058020592, "median": 2.63761281967, "dvar": 8.43207359314}, "mfcc": {"mean": [-655.237731934, 99.3061447144, 29.5962429047, 8.04874324799, 7.87546014786, -3.41744971275, 2.86958217621, 1.92678570747, -7.37655925751, 6.07743883133, -5.15632009506, 0.0561173893511, 3.85894632339], "cov": [[9968.26367188, -333.725463867, 175.084289551, 373.152130127, 254.202148438, 54.6553115845, 66.5304870605, 70.7393493652, -90.8590545654, 46.5091094971, -144.610626221, -36.9094772339, -74.4024276733], [-333.725463867, 2420.52612305, 306.316162109, 277.236633301, 340.347290039, 357.322357178, 235.781478882, 186.997421265, 106.233528137, 206.470535278, 142.802932739, 123.431518555, 142.856582642], [175.084289551, 306.316162109, 1109.66418457, 318.364562988, 262.023345947, 307.991516113, 98.4365310669, 92.1387176514, 113.46723938, 12.6986818314, 89.7262954712, 92.8709030151, 35.3235588074], [373.152130127, 277.236633301, 318.364562988, 651.604187012, 303.991699219, 82.0182342529, 111.207397461, 145.374649048, 113.019989014, 75.8743057251, 51.8309593201, 101.126060486, 99.4507522583], [254.202148438, 340.347290039, 262.023345947, 303.991699219, 487.946136475, 164.388259888, 123.797210693, 140.455886841, 134.729812622, 82.4064865112, 22.2006702423, 61.9114532471, 55.7136154175], [54.6553115845, 357.322357178, 307.991516113, 82.0182342529, 164.388259888, 421.819030762, 114.113739014, 86.90675354, 98.9789581299, 81.6276855469, 99.0616149902, 39.726940155, 44.2014083862], [66.5304870605, 235.781478882, 98.4365310669, 111.207397461, 123.797210693, 114.113739014, 421.27923584, 86.7576293945, 64.6548690796, 125.80292511, 24.1484737396, 53.7271728516, 43.9123039246], [70.7393493652, 186.997421265, 92.1387176514, 145.374649048, 140.455886841, 86.90675354, 86.7576293945, 286.625976562, 102.415542603, 46.4015159607, 75.5016555786, 60.7460250854, 74.8956375122], [-90.8590545654, 106.233528137, 113.46723938, 113.019989014, 134.729812622, 98.9789581299, 64.6548690796, 102.415542603, 215.747344971, 73.9848709106, 41.8800468445, 44.4990234375, 37.5794334412], [46.5091094971, 206.470535278, 12.6986818314, 75.8743057251, 82.4064865112, 81.6276855469, 125.80292511, 46.4015159607, 73.9848709106, 199.531539917, 54.7436752319, 32.7836990356, 58.0642662048], [-144.610626221, 142.802932739, 89.7262954712, 51.8309593201, 22.2006702423, 99.0616149902, 24.1484737396, 75.5016555786, 41.8800468445, 54.7436752319, 183.925338745, 82.3840179443, 42.1016311646], [-36.9094772339, 123.431518555, 92.8709030151, 101.126060486, 61.9114532471, 39.726940155, 53.7271728516, 60.7460250854, 44.4990234375, 32.7836990356, 82.3840179443, 149.050643921, 56.8127784729], [-74.4024276733, 142.856582642, 35.3235588074, 99.4507522583, 55.7136154175, 44.2014083862, 43.9123039246, 74.8956375122, 37.5794334412, 58.0642662048, 42.1016311646, 56.8127784729, 142.670898438]], "icov": [[0.000110305983981, 3.0111779779e-05, -1.82287715234e-06, -7.65281511121e-05, -3.22067280649e-05, -5.5097265431e-05, 1.99732039619e-05, -7.5667478086e-05, 0.000144229838043, -0.000107537453005, 0.000133513414767, -3.33463322022e-05, 0.000124045880511], [3.0111779779e-05, 0.000540714070667, -9.53823757754e-08, -5.00796049892e-05, -0.000203679155675, -0.000309994095005, -4.30015825259e-05, -0.000105358034489, 0.000267889699899, -0.000319882878102, -1.93888190552e-05, -0.000130165324663, -0.000129482185002], [-1.82287715234e-06, -9.53823757754e-08, 0.00137740373611, -0.000521926907822, -0.000196882523596, -0.000896985235158, -6.4988140366e-05, 0.0002128216438, -0.000158881011885, 0.00063576886896, -0.000151445070514, -0.000352080562152, 0.000252992060268], [-7.65281511121e-05, -5.00796049892e-05, -0.000521926907822, 0.00268608611077, -0.0011962200515, 0.000706994906068, -9.40224635997e-05, -0.00024709184072, -0.000238312190049, -0.00010901762289, -0.000109736480226, -0.000499371613842, -0.000987796345726], [-3.22067280649e-05, -0.000203679155675, -0.000196882523596, -0.0011962200515, 0.00383467203937, -0.000769902777392, -7.09762316546e-05, -0.000775116670411, -0.000922626641113, -0.000426703860285, 0.00128663983196, -0.000469720078399, 0.000463595933979], [-5.5097265431e-05, -0.000309994095005, -0.000896985235158, 0.000706994906068, -0.000769902777392, 0.00419342610985, -0.000535846746061, 0.000117771298392, -0.000835831277072, -0.000187664918485, -0.00187980337068, 0.00119315541815, -0.000508370634634], [1.99732039619e-05, -4.30015825259e-05, -6.4988140366e-05, -9.40224635997e-05, -7.09762316546e-05, -0.000535846746061, 0.00331355980597, -0.000720635114703, 0.000352088245563, -0.00200833100826, 0.00114876253065, -0.00107246765401, 0.000499943038449], [-7.5667478086e-05, -0.000105358034489, 0.0002128216438, -0.00024709184072, -0.000775116670411, 0.000117771298392, -0.000720635114703, 0.00552449561656, -0.00177583855111, 0.00131057808176, -0.00189117412083, 0.000413263856899, -0.00189863378182], [0.000144229838043, 0.000267889699899, -0.000158881011885, -0.000238312190049, -0.000922626641113, -0.000835831277072, 0.000352088245563, -0.00177583855111, 0.00717850029469, -0.00214866665192, 0.000581555941608, -0.000962693302426, 0.00065092992736], [-0.000107537453005, -0.000319882878102, 0.00063576886896, -0.00010901762289, -0.000426703860285, -0.000187664918485, -0.00200833100826, 0.00131057808176, -0.00214866665192, 0.00849587004632, -0.00230919476599, 0.00129220401868, -0.00238710851409], [0.000133513414767, -1.93888190552e-05, -0.000151445070514, -0.000109736480226, 0.00128663983196, -0.00187980337068, 0.00114876253065, -0.00189117412083, 0.000581555941608, -0.00230919476599, 0.00965359807014, -0.00474619027227, 0.000750034872908], [-3.33463322022e-05, -0.000130165324663, -0.000352080562152, -0.000499371613842, -0.000469720078399, 0.00119315541815, -0.00107246765401, 0.000413263856899, -0.000962693302426, 0.00129220401868, -0.00474619027227, 0.0111734066159, -0.00284596416168], [0.000124045880511, -0.000129482185002, 0.000252992060268, -0.000987796345726, 0.000463595933979, -0.000508370634634, 0.000499943038449, -0.00189863378182, 0.00065092992736, -0.00238710851409, 0.000750034872908, -0.00284596416168, 0.0103606879711]]}, "silence_rate_20dB": {"dvar2": 0, "var": 0, "min": 1, "dmean": 0, "mean": 1, "max": 1, "dmean2": 0, "median": 1, "dvar": 0}, "melbands_kurtosis": {"dvar2": 6732.77197266, "var": 8256.50878906, "min": -1.88629460335, "dmean": 23.4459095001, "mean": 37.7196121216, "max": 2519.70996094, "dmean2": 37.0009346008, "median": 15.7323722839, "dvar": 3253.60571289}, "barkbands_spread": {"dvar2": 377.559234619, "var": 440.4402771, "min": 0.177760630846, "dmean": 9.44958782196, "mean": 25.0897369385, "max": 124.056777954, "dmean2": 14.4727048874, "median": 19.2577171326, "dvar": 172.829238892}, "erbbands_skewness": {"dvar2": 0.583044528961, "var": 0.946925282478, "min": -4.50831985474, "dmean": 0.478820085526, "mean": 0.41182410717, "max": 8.32282924652, "dmean2": 0.714861869812, "median": 0.448056429625, "dvar": 0.284916698933}, "average_loudness": 0.959194421768, "spectral_centroid": {"dvar2": 517136.6875, "var": 1951544, "min": 109.096687317, "dmean": 360.184967041, "mean": 1490.71826172, "max": 11680.1181641, "dmean2": 520.785522461, "median": 1166.24987793, "dvar": 273767}, "dissonance": {"dvar2": 0.00146769348066, "var": 0.001352375024, "min": 0.247027143836, "dmean": 0.0240210928023, "mean": 0.447881400585, "max": 0.500000059605, "dmean2": 0.0396369472146, "median": 0.455380558968, "dvar": 0.000556316575967}, "erbbands_flatness_db": {"dvar2": 0.000787061871961, "var": 0.00214071176015, "min": 0.0342222452164, "dmean": 0.0204523056746, "mean": 0.134348660707, "max": 0.423740297556, "dmean2": 0.0289634708315, "median": 0.126701653004, "dvar": 0.000424815516453}, "spectral_strongpeak": {"dvar2": 2.46002697945, "var": 1.52035498619, "min": 0, "dmean": 0.429671436548, "mean": 0.90074390173, "max": 29.8488254547, "dmean2": 0.732103407383, "median": 0.634693622589, "dvar": 1.03589653969}, "spectral_rms": {"dvar2": 9.50777575781e-06, "var": 1.30503422042e-05, "min": 3.13579305751e-12, "dmean": 0.00146691186819, "mean": 0.00624882057309, "max": 0.0166317913681, "dmean2": 0.00218265363947, "median": 0.00532838795334, "dvar": 4.41932252215e-06}, "silence_rate_60dB": {"dvar2": 0.0769725367427, "var": 0.0752582848072, "min": 0, "dmean": 0.0340115390718, "mean": 0.0819838047028, "max": 1, "dmean2": 0.0680299624801, "median": 0, "dvar": 0.0328565053642}, "melbands": {"dvar2": [0.000136206755997, 0.000382200349122, 1.53886412591e-05, 1.62744879617e-06, 1.12749671644e-06, 1.39010865041e-07, 6.65009054046e-07, 2.57839900542e-07, 1.2741475075e-07, 2.34669599308e-07, 1.89482477708e-07, 3.6211929455e-07, 2.7930940405e-07, 6.37541219817e-08, 4.39269705055e-08, 5.0078771352e-08, 2.19786233657e-08, 1.18336430432e-07, 1.05192981437e-07, 1.66151377101e-08, 1.54907340288e-08, 1.4329788911e-08, 1.74715575341e-09, 1.14265463758e-09, 1.06547382028e-09, 6.36961039469e-10, 5.56559909271e-10, 8.25525536818e-10, 1.04067865436e-09, 2.63834443182e-09, 7.2850042665e-10, 1.77633341369e-09, 9.29484322842e-10, 4.7889120447e-10, 5.2029347497e-10, 6.16896478345e-10, 7.20841886181e-10, 6.9842387429e-10, 5.36060140721e-10, 3.55491885928e-10], "var": [0.000163596530911, 9.68621534412e-05, 4.08190635426e-06, 1.45050773881e-06, 6.67195763526e-07, 1.22791178114e-07, 8.90799469744e-07, 2.2327803606e-07, 1.00973892359e-07, 1.7055366186e-07, 8.95249172572e-08, 1.53154985583e-07, 1.21426566579e-07, 5.31614041677e-08, 2.40503190696e-08, 2.76686780154e-08, 2.11210728907e-08, 3.44191839474e-08, 2.50294114323e-08, 6.0355080933e-09, 5.3658895105e-09, 4.42193037742e-09, 1.2328182919e-09, 1.0400277306e-09, 8.80202633002e-10, 7.23627713306e-10, 6.64518162719e-10, 9.01764163341e-10, 2.7542119696e-09, 8.84295081605e-10, 4.02713751235e-10, 6.07575767475e-10, 4.39653341511e-10, 3.29894112028e-10, 4.20288859271e-10, 3.93521187858e-10, 4.39180636302e-10, 5.1212034613e-10, 4.60444155026e-10, 3.84442172541e-10], "min": [1.43368493035e-25, 9.39533732549e-25, 8.87453036978e-25, 1.10857232643e-24, 2.19759391862e-24, 1.05550594916e-24, 1.75577363321e-24, 1.45191170948e-24, 1.56786381014e-24, 1.97627524457e-24, 2.235458256e-24, 2.74593685308e-24, 3.19729683343e-24, 2.05489509454e-24, 2.63304533552e-24, 2.49578925725e-24, 3.85319898016e-24, 2.72430707592e-24, 3.43981653873e-24, 2.24589823843e-24, 3.54257632126e-24, 3.64086839005e-24, 4.45826712738e-24, 2.2354233489e-24, 3.34643907338e-24, 4.38298455347e-24, 4.09593029741e-24, 4.77634373297e-24, 5.04364609526e-24, 5.42760560265e-24, 5.4231583993e-24, 5.64659378437e-24, 5.09032181173e-24, 4.18916379564e-24, 5.43757009917e-24, 4.91012192072e-24, 6.37077716726e-24, 5.1968188228e-24, 5.55990862051e-24, 7.14809979845e-24], "dmean": [0.00424087559804, 0.00410120980814, 0.000838255509734, 0.000486574746901, 0.00033731161966, 0.000120807926578, 0.000232563048485, 0.000146853708429, 8.89307484613e-05, 0.000117046722153, 8.95013581612e-05, 0.000115014590847, 0.000100120640127, 5.67551142012e-05, 4.54093060398e-05, 5.04363924847e-05, 3.28265959979e-05, 4.34087960457e-05, 3.70613597624e-05, 2.23121896852e-05, 1.84800901479e-05, 1.69823233591e-05, 1.00973802546e-05, 8.38988125906e-06, 7.59953854867e-06, 7.31541513233e-06, 6.43101839159e-06, 6.90169645168e-06, 5.40800192539e-06, 3.91428193325e-06, 4.19889693148e-06, 5.8955156419e-06, 5.28660712007e-06, 5.09751453137e-06, 5.91306798015e-06, 5.99309441895e-06, 6.34084744888e-06, 6.52111111776e-06, 5.22023492522e-06, 3.80640267394e-06], "mean": [0.00834906473756, 0.00411010254174, 0.00128749350552, 0.000876840786077, 0.00056051305728, 0.000291688891593, 0.00043441390153, 0.000246772891842, 0.000137990922667, 0.000162285024999, 0.000102237871033, 0.000145286743646, 0.000132327782921, 7.7409829828e-05, 5.2713920013e-05, 5.70619449718e-05, 4.09455387853e-05, 4.25462894782e-05, 3.60093727068e-05, 2.51969413512e-05, 1.98879370146e-05, 1.91834478755e-05, 1.50161758938e-05, 1.31473534566e-05, 1.20210424939e-05, 1.27176026581e-05, 1.19585374705e-05, 1.23186591736e-05, 9.61265686783e-06, 5.1752631407e-06, 4.82454561279e-06, 6.00952125751e-06, 6.03595526627e-06, 6.91612285664e-06, 8.15683779365e-06, 8.17299587652e-06, 8.49543266668e-06, 9.0108378572e-06, 7.73898318585e-06, 5.7148859014e-06], "max": [0.0563163682818, 0.0738099589944, 0.0202337317169, 0.0123436879367, 0.0113573335111, 0.00457945885137, 0.0152520574629, 0.00863837637007, 0.00823175441474, 0.0080652339384, 0.0068732900545, 0.00835116673261, 0.0048243268393, 0.00359786720946, 0.00356063363142, 0.00234747468494, 0.00390022527426, 0.00365134258755, 0.00272683938965, 0.00105531315785, 0.0017687183572, 0.00125117995776, 0.000565355061553, 0.00073222577339, 0.000788026489317, 0.000344958476489, 0.000565854657907, 0.000736373243853, 0.00158550741617, 0.00179880240466, 0.000596950878389, 0.00083290413022, 0.000488447898533, 0.00039548065979, 0.000581005471759, 0.000360017380444, 0.000347183231497, 0.000367790518794, 0.000436840433395, 0.000409391621361], "dmean2": [0.00662817573175, 0.00733802141622, 0.00152977847029, 0.000764583237469, 0.000567275797948, 0.000198562120204, 0.000357382989023, 0.000225447671255, 0.00013748811034, 0.00018222896324, 0.00014567146718, 0.000185930533917, 0.000160009542014, 8.49454736453e-05, 7.21211108612e-05, 8.07278629509e-05, 4.84553311253e-05, 7.04772610334e-05, 6.33276431472e-05, 3.62106256944e-05, 3.02574644593e-05, 2.83596855297e-05, 1.55018151418e-05, 1.2466472981e-05, 1.16464716484e-05, 1.1049251043e-05, 9.36226933845e-06, 1.04259688669e-05, 8.31453144201e-06, 6.17809746473e-06, 6.68975872031e-06, 9.58220334724e-06, 8.27451640362e-06, 7.70222777646e-06, 8.9328023023e-06, 9.30587339099e-06, 9.82982055575e-06, 1.00518591353e-05, 7.86202417657e-06, 5.73624902245e-06], "median": [0.000740681309253, 0.00160045421217, 0.000497196684591, 0.000401361961849, 0.000288784445729, 0.000186194374692, 0.000162469281349, 9.49184031924e-05, 4.44275829068e-05, 2.65550079348e-05, 1.68394235516e-05, 3.9327525883e-05, 2.01948423637e-05, 1.03713200588e-05, 7.66584162193e-06, 8.37796324049e-06, 5.78266735829e-06, 5.88379589317e-06, 5.35631124876e-06, 4.21497679781e-06, 3.27565612679e-06, 2.82833275378e-06, 3.34397691404e-06, 2.76584978565e-06, 2.7804317142e-06, 3.36929133482e-06, 3.2