{"metadata": {"tags": {"encoding": ["Lavf56.36.100"], "musicbrainz_artistid": ["da0d0eb4-cf77-44af-8f50-d8c30f10ba0c"], "artist": ["Baby Ford"], "bpm": ["0"], "discnumber": ["0/0"], "title": ["Normal (Is It Normal? club mix)"], "tracknumber": ["27/0"], "album": ["A Bugged Out Mix"], "musicbrainz_recordingid": ["12561622-e7b7-4fe4-84ec-2e278fc68417"], "artistsort": ["Baby Ford"], "date": ["2006"], "acoustid_id": ["f1cb68c7-aa1c-4955-93b1-215035565b6b"], "file_name": "Baby Ford - Normal - Is It Normal? Club Mix.mp3", "acoustid_fingerprint": ["AQADtFISJUukKFPww4_RNzbuo-kpVHMiKsjpQ_uOtKMCf8b14ISTk0JshtA35CfMo5SDG08-4jqFcJIPLeORT8fbMOjhkWi5HM-D8BHE9gj3EL9DPEePJk8o4b8Q_oJIDrmWhDh83FkQxzt-DQn5Bj7u4ImJfsf3IGczQew248iTBU1-hPLx4V6g5R_Cp2gjnEF-NGRxPBe0_Bvq4xb6Fn6KrsmD-NkRnhqaF_qiCaEXBc1-XMzxiPiFJmaD8Mkk6BUuJugv-DmqBxfnQcsRSseD6jE8pkQbHdeWICfTQTxyTThb1HbwwCqP2EugL1eC9LhsPCLOXPCP9tTwBsnydajFHeFDOKYTHM-OPAvkXkN--HiMLxeeUnBO9KGE8Jkh_sgf4nzgH3cQKl4OffER9lrgHm9xmYF_VOdxyVqEpso69Ei2HOmpofITvEvxcUcpHRb6IidzqD3CLodzo34YBbGDHmKuUDjpwHiCKvnxHFpLJvBzI_SU4Bsq50Ej6Tg15GEMLVW8ovvxpyF6U0ifoWeOOw_C5oEo7QjPMDiPR0eT_egTLngQnhCzHHkmIofVI9QX5MsO7Ud6a-iHO0a1fRIa8cWFPG0ELY9ehNvxp-gPP1fRLzm-ZUe46YE4VC3yx3hytDua2gv-pMF3hPmgN_Ad_ELeDH-OnIf4IF8k9EE9L4MzBd0nPJsQPpmhRRPiB72I9A_6DGeOU3kELTw6BnmMM8aVGs2Lao8WIc8aQTO-CDkz41eQRszxPIe5rBn0BemPp7g4ws-J_vgedPQ0hFHqQscTBs2NE2UXDtfy4XqgJUefIn-F52h3NE-44HGC8IG4DrkSpfCL20SXRjk-7gjJK4F45EtQykbvBQ2V4xfuKUaYx4YmCk9c9A5-OE6U4-jEZ9DMBw56U3iOdtEQ5hZuBblyoSGhaczQ0_AThEoYfDlySha0fAi7CMd1ouGJqhe-TOjDtEiWODVyE30a-NfwoPqK-0LoQ8yDPkVe4dHR_ELthMPvBGGjQDxiiil8vBf-oV-O8KsSiEce1L7RJx7RBL-Fq1EUIYx8aA3-SOgHPz_C8_i4kMh3ofGhHbfxPGjTobklPBaeQ0u4D88S4sep4zmclIGeNUP-Bb7x4Ns4-EOr46ciIVmcLEL4D4-oBT1jw9wcFRf65chLQ_OD9GgfBueJ50HDG9XDREFuaHmU48hFw09w4_Fy5Dv0J0FewXWKcxxMJajwc0EYN9qgeUeuoXsa-Ag7nDnkG82F8BceG2eMdjmaX3gSBvE9iD9yD2fRnEfl414Qatwh_kH4B7UzfHgO_-iJeE8jaHk2IbSOPyF6B46D_sgbHtqPNE9QLdrRMzgPvxTa0cQjCuEP8RPy7LiNP3jg5CFypYH4CYF_XOeG52iP51GWIQxHD9pz5NbQPWlw-DnC_ng-aFSdZEiPN0XfEw_zoJYXNNnjJPgUIdmRTxmuFpeD-8WPylKO8AmS5ZfwG3UT0fBztMd7DuHdiNByC7mNiyl6B_6RD12zkNCTov6R8rjxp3gOZxeHPo4QPhB_XCHS08EdPD3i6_ieI-GXAr9gJx_649GRZ0ogUslm5Prwi-jToMmGHDcD3RGsC7lyfFyM3jAXobokIb6F-oKWH3mG6mES-A96Ic6D5pkH7QryHPUW_CP8E_2Fc0imPVKGND9qC30aOEefI39wZx608EGO27gT44ezpSL6dMG_KEGoI-FDCadk_LiYC04q5fiyI-cliN-RM8flcXiOxsF3DeGtKIIWLkcu408R5g7a4zxUM3iEML3Q7vgS43TRNRqaLI2F3NC-LUjr4S1cZRyO-3jKIG8G8ch34S9ODn7QItSzSfA5Bdpf3AnR84aP83jQ7oO2B2kf3Ohjol0eOLbRJ81wD8lyhC9qZT784CaeB_kOPUL6SrhTnONgJ6hwqVwQPtoELVU-5DWqp0H6Bj1-qE-HMDpq5RGqHy-F7_CjsuhFIo8zRdBy5Oxxh4V_9A9uBaG-QMufIc_Rk3C3iPg5tApOCaHaMBHEv0No5fiesOgdOM7RlceXI9QFkQ9yDWeKU4XzS2hH46KC8BTEFzl13MaDGz_hn0heBemv4i2uczCXoz_iR1kGLWI99EEuakOfBpaOHP1xpoO2B2kf_A0eU3iO24b5dLjHCLk3iB_SKkvx4HjKHHkJfU-Q_sIXE3cMOzEq__gl9NYiIcyTQz-6Mgx8OfjR4w-JP4GWCiG-xLjIpmiXGs3T4U0i9EjIHHkj4goc6-jSHd-yHOWF9OuQ7AuubWj5oElzXLhkZUIY9dCsvPiTo71DwT-evage4s2HNk8G8Ud4pjhPoV1KOBf6xMLdSAgDPYg_ww-6Hv9xhkQYukqQ7DmeovYIcyeqHueCPkwnhOFiqDT6hMKfIH2O6sEzD-H2QOQR3niML3rRxDb6dDidIEz1QjvCL3Ae_Kjy4SURXhC_DmE53BHR7kRj_MJpRZEQRg2S-egb4g8Ofx3CcjmuC1ryoM-DK5PxF22UDo1u4Y8o6BJqD184nA7c4z6eE-IZZkH6LsV3XAzOEaaE_sO_TAgjNhW0TSlyozJjOBd6nDn-BmHzBFriIFdS3MG3fHDwhMPZJAhTEdqPfEZz3EeVh8N5hH0SiI8q5EtRe0R_oqGCX0J4a5GgJQ4uG-WLBx6Pfzk6LZGH69BS6UJ4pvhzPC8a7ugT4pKjoKmuIfygM1EQyg98PGSHamNOhLwjiP-QH7Wjo-wDU0EvvN4khPknaOKKnEafBv5RHW-WI3eCig-0cMiZ4qNDPEfTRgCFDBBEKECEQIYQKxRgCgAjgCHCAiYsIQYwIowBQBgjKhBMEISUQMABIQ0wTgCDmQSiAgC0ExYAILQQAiBtnCBUGCCMsFIaB4VwhBEBKKGEAAesMIwxooxhhjLEpBJIGMCAAUAgQBRTwBkjFAGGAKKAYBYZoAlhRDACACWMIiKAEUAIIJgRDDAAhAIDKHAAIQgAgoDgCBABjAKACAGEEUIRBQwDAiFmADCCEKuUosAoYAQTQDipkATKCWQAIAAbQBEgAAFHKGKCECaVEIwoJIVhAAAiqCIOSAWoYgZQQYAyyBoiqBMCWgQYosAoYBgShEElGQDKAGSFAYAIASQAghgEkAQECAGAUkIxgSgjglEADEOIIEARYMAIYoQjAjAKGGCCGAmENRIAwAgikAmCJKEMECuMYQQoaQAwDgAjCCBIUGaAkwAoYJRQQAgjgWBAUCMQU4gZRhhUAAFGGCACGQECEoYRsQAQAlBhEARKEEGBMAAwDQgQCimgGFeAWUYYAooihoAEighDAETACAOYNEQQJQKEhgClkAFKGUAIAVQBAwQRhgKAlBQIEOA8MswoAwwgiAGiDBECCKUII4ABZIBBigmwDGNUMRAEkJYIBCQwgCAkAGWCGomoEogiASgAhBBuEBMKAYNIFUYKQJgxQBGxBEBAEAEAUUY5QgEQACghnJDMMAaAVYgZBAZAQjhgGAIEICOMYkoJJpEBlBEAkAEgACCFAYIhAwQDwBBBDFRECMgAogoILgQQDhBCHBgGAUMABUwYQRSgggGJEASUACOYINQgCpRhQBjGmKIGKEYUkcw4ZgEyQAongGRCICMBMcwQYLhhCihAgDEUMaGAkVIwIYhiFCDKGGEWGMKIAowQ4AAioAAAABSCAMCIUgwoYKgQAAjJALEAAKWAAkJIpAxDAA"]}, "audio_properties": {"sample_rate": 44100, "downmix": "mix", "lossless": false, "analysis_sample_rate": 44100, "md5_encoded": "3f8d8c1b915c17b955730f16c110ac4f", "equal_loudness": 0, "replay_gain": -10.5982398987, "codec": "mp3", "bit_rate": 160014, "length": 302.759185791}, "version": {"extractor": "music 1.0", "essentia_build_sha": "70f2e5ece6736b2c40cc944ad0e695b16b925413", "essentia_git_sha": "v2.1_beta2", "essentia": "2.1-beta2"}}, "rhythm": {"beats_loudness_band_ratio": {"dvar2": [0.0906379148364, 0.00293395086192, 0.00483478978276, 0.00193223508541, 0.00981577206403, 0.0284169707447], "var": [0.0292015541345, 0.00156867725309, 0.00128697557375, 0.000516654748935, 0.00169275631197, 0.00690888240933], "min": [0.131393641233, 0.000357772194548, 0.000249219388934, 3.80595774914e-05, 8.01566875452e-06, 1.86509896594e-06], "dmean": [0.143422439694, 0.0224544405937, 0.0214500389993, 0.0153465392068, 0.0371462143958, 0.0650220885873], "mean": [0.878994047642, 0.030003786087, 0.0197406224906, 0.0124424239621, 0.0200112387538, 0.0447100810707], "max": [0.998734176159, 0.33374029398, 0.232644602656, 0.261360913515, 0.244557872415, 0.660462200642], "dmean2": [0.285803884268, 0.0418778769672, 0.040644466877, 0.0295496154577, 0.07423196733, 0.128958314657], "median": [0.959920227528, 0.0118586085737, 0.00413120212033, 0.00367157137953, 0.00367524498142, 0.0115119731054], "dvar": [0.0249035991728, 0.000957472773734, 0.00143764726818, 0.000614220101852, 0.00268624722958, 0.00779956392944]}, "bpm_histogram_first_peak_weight": {"dvar2": 0, "var": 0, "min": 0.520249247551, "dmean": 0, "mean": 0.520249247551, "max": 0.520249247551, "dmean2": 0, "median": 0.520249247551, "dvar": 0}, "bpm": 127.705635071, "beats_count": 643, "bpm_histogram_first_peak_spread": {"dvar2": 0, "var": 0, "min": 0.474015772343, "dmean": 0, "mean": 0.474015772343, "max": 0.474015772343, "dmean2": 0, "median": 0.474015772343, "dvar": 0}, "danceability": 1.88781690598, "bpm_histogram_first_peak_bpm": {"dvar2": 0, "var": 0, "min": 129, "dmean": 0, "mean": 129, "max": 129, "dmean2": 0, "median": 129, "dvar": 0}, "beats_position": [0.510838985443, 0.99845802784, 1.48607707024, 1.95047616959, 2.41487526894, 2.87927436829, 3.35528349876, 3.8196823597, 4.29569149017, 4.76009082794, 5.23609972, 5.70049858093, 6.17650794983, 6.64090681076, 7.11691617966, 7.59292507172, 8.05732440948, 8.53333282471, 9.0093421936, 9.47374153137, 9.93814086914, 10.4025392532, 10.8785486221, 11.3429479599, 11.8189563751, 12.2833557129, 12.7593650818, 13.2237634659, 13.6997728348, 14.1641721725, 14.6401815414, 15.1161899567, 15.5805892944, 16.0449886322, 16.5209980011, 16.99700737, 17.4614048004, 17.9258041382, 18.4018135071, 18.8662128448, 19.3422222137, 19.8066215515, 20.2942390442, 20.758638382, 21.2230377197, 21.6874370575, 22.1634464264, 22.6394557953, 23.1038551331, 23.5682544708, 24.0442619324, 24.5202713013, 24.984670639, 25.4490699768, 25.9134693146, 26.3894786835, 26.865486145, 27.3298854828, 27.8058948517, 28.2702941895, 28.7463035583, 29.2107028961, 29.686712265, 30.1511096954, 30.6271190643, 31.0915184021, 31.5791378021, 32.0435371399, 32.5079345703, 32.9723358154, 33.4483451843, 33.9127426147, 34.3887519836, 34.8531494141, 35.329158783, 35.7935600281, 36.269569397, 36.7339668274, 37.2099761963, 37.6743774414, 38.1503829956, 38.6147842407, 39.0907936096, 39.55519104, 40.0312004089, 40.4956016541, 40.9716110229, 41.4476165771, 41.9120178223, 42.3764152527, 42.8408164978, 43.3168258667, 43.7928352356, 44.257232666, 44.7216300964, 45.1976394653, 45.6736488342, 46.1380500793, 46.6024475098, 47.0784568787, 47.5544662476, 48.018863678, 48.4832649231, 48.959274292, 49.4352836609, 49.8996810913, 50.3756904602, 50.8400878906, 51.3160972595, 51.7804985046, 52.2448959351, 52.720905304, 53.1969146729, 53.661315918, 54.1257133484, 54.6017227173, 55.0777320862, 55.5421295166, 56.0065307617, 56.4825401306, 56.9585494995, 57.4229469299, 57.8873443604, 58.3633537292, 58.8393630981, 59.3037643433, 59.7681617737, 60.2441711426, 60.7201805115, 61.1845779419, 61.648979187, 62.1249885559, 62.6009979248, 63.0653953552, 63.5414047241, 64.0058059692, 64.4818115234, 64.9462127686, 65.4222183228, 65.8866195679, 66.3626327515, 66.8270263672, 67.2914276123, 67.7674331665, 68.2434463501, 68.7078475952, 69.1722412109, 69.6482543945, 70.1242599487, 70.5886611938, 71.053062439, 71.5290679932, 72.0050811768, 72.4694747925, 72.9338760376, 73.4098815918, 73.8858947754, 74.3502960205, 74.8146896362, 75.2907028198, 75.766708374, 76.2311096191, 76.6955108643, 77.1715164185, 77.6475296021, 78.1119232178, 78.5763244629, 79.0523376465, 79.5283432007, 79.9927444458, 80.4571380615, 80.9331512451, 81.4091567993, 81.8735580444, 82.3379592896, 82.8139648438, 83.2899780273, 83.7543716431, 84.2187728882, 84.6947860718, 85.170791626, 85.6351928711, 86.0995864868, 86.5755996704, 87.0516052246, 87.5160064697, 87.9804077148, 88.456413269, 88.9324264526, 89.3968200684, 89.8612213135, 90.3372344971, 90.8132400513, 91.2776412964, 91.7420425415, 92.2180480957, 92.6940536499, 93.158454895, 93.6228561401, 94.0988616943, 94.5748748779, 95.039276123, 95.5036697388, 95.9796829224, 96.4556884766, 96.9200897217, 97.3844909668, 97.860496521, 98.3365097046, 98.8009033203, 99.2769165039, 99.7529220581, 100.217323303, 100.681724548, 101.157730103, 101.622131348, 102.098136902, 102.562538147, 103.038543701, 103.502944946, 103.97895813, 104.443351746, 104.919364929, 105.395370483, 105.859771729, 106.324172974, 106.800178528, 107.276191711, 107.740585327, 108.204986572, 108.680992126, 109.145393372, 109.621406555, 110.085800171, 110.573425293, 111.037818909, 111.502220154, 111.966621399, 112.442626953, 112.918640137, 113.383033752, 113.847434998, 114.323448181, 114.799453735, 115.26385498, 115.728248596, 116.20426178, 116.668663025, 117.144668579, 117.609069824, 118.085075378, 118.561088562, 119.025482178, 119.489883423, 119.965896606, 120.441902161, 120.906303406, 121.370697021, 121.846710205, 122.322715759, 122.787117004, 123.25151825, 123.739135742, 124.203536987, 124.667930603, 125.132331848, 125.608345032, 126.084350586, 126.548751831, 127.013153076, 127.48915863, 127.965164185, 128.42956543, 128.893966675, 129.369979858, 129.834381104, 130.310379028, 130.774780273, 131.250793457, 131.726806641, 132.191192627, 132.655593872, 133.131607056, 133.596008301, 134.072021484, 134.536407471, 135.000808716, 135.476821899, 135.952835083, 136.417236328, 136.881637573, 137.357635498, 137.833648682, 138.298049927, 138.77406311, 139.238449097, 139.71446228, 140.178863525, 140.643264771, 141.119277954, 141.595275879, 142.059677124, 142.524078369, 143.000091553, 143.476104736, 143.940490723, 144.404891968, 144.880905151, 145.356918335, 145.82131958, 146.285705566, 146.76171875, 147.237731934, 147.702133179, 148.166534424, 148.642532349, 149.118545532, 149.582946777, 150.047348022, 150.523345947, 150.999359131, 151.463760376, 151.928161621, 152.404174805, 152.880172729, 153.344573975, 153.80897522, 154.284988403, 154.761001587, 155.225387573, 155.689788818, 156.165802002, 156.641815186, 157.106216431, 157.570602417, 158.046615601, 158.522628784, 158.987030029, 159.451431274, 159.927429199, 160.403442383, 160.867843628, 161.332244873, 161.796646118, 162.272644043, 162.748657227, 163.213058472, 163.689071655, 164.16506958, 164.629470825, 165.09387207, 165.569885254, 166.045898438, 166.510284424, 166.974685669, 167.450698853, 167.926712036, 168.391113281, 168.855514526, 169.331512451, 169.807525635, 170.27192688, 170.736328125, 171.21232605, 171.688339233, 172.152740479, 172.617141724, 173.093154907, 173.569152832, 174.033554077, 174.497955322, 174.973968506, 175.449981689, 175.914367676, 176.378768921, 176.854782104, 177.330795288, 177.795196533, 178.25958252, 178.735595703, 179.211608887, 179.676010132, 180.140411377, 180.616409302, 181.092422485, 181.55682373, 182.021224976, 182.485626221, 182.973236084, 183.437637329, 183.902038574, 184.378051758, 184.854049683, 185.318450928, 185.782852173, 186.258865356, 186.73487854, 187.199264526, 187.663665771, 188.139678955, 188.615692139, 189.080093384, 189.54447937, 190.020492554, 190.496505737, 190.960906982, 191.425308228, 191.901306152, 192.377319336, 192.841720581, 193.306121826, 193.78213501, 194.258132935, 194.72253418, 195.186935425, 195.662948608, 196.138946533, 196.603347778, 197.067749023, 197.543762207, 198.019775391, 198.484161377, 198.948562622, 199.424575806, 199.900588989, 200.364990234, 200.829391479, 201.293777466, 201.769790649, 202.245803833, 202.710205078, 203.174606323, 203.650604248, 204.126617432, 204.591018677, 205.055419922, 205.519821167, 205.995819092, 206.471832275, 206.936233521, 207.400634766, 207.87663269, 208.352645874, 208.817047119, 209.281448364, 209.757461548, 210.233459473, 210.697860718, 211.162261963, 211.638275146, 212.11428833, 212.578674316, 213.043075562, 213.519088745, 213.995101929, 214.459503174, 214.92388916, 215.399902344, 215.875915527, 216.340316772, 216.804718018, 217.280715942, 217.756729126, 218.221130371, 218.685531616, 219.1615448, 219.637542725, 220.10194397, 220.566345215, 221.042358398, 221.518356323, 221.982757568, 222.447158813, 222.911560059, 223.387573242, 223.863571167, 224.327972412, 224.792373657, 225.268386841, 225.744400024, 226.20880127, 226.673187256, 227.149200439, 227.625213623, 228.089614868, 228.554016113, 229.0184021, 229.494415283, 229.970428467, 230.434829712, 230.899230957, 231.375228882, 231.851242065, 232.315643311, 232.780044556, 233.256057739, 233.732055664, 234.196456909, 234.660858154, 235.125259399, 235.601272583, 236.077270508, 236.541671753, 237.017684937, 237.49369812, 237.958084106, 238.422485352, 238.886886597, 239.36289978, 239.838912964, 240.30329895, 240.779312134, 241.255325317, 241.719726562, 242.184127808, 242.648529053, 243.112915039, 243.588928223, 244.064941406, 244.529342651, 244.993743896, 245.469741821, 245.945755005, 246.41015625, 246.874557495, 247.35055542, 247.826568604, 248.290969849, 248.755371094, 249.219772339, 249.695770264, 250.171783447, 250.636184692, 251.100585938, 251.576599121, 252.052597046, 252.516998291, 252.981399536, 253.445800781, 253.921813965, 254.39781189, 254.862213135, 255.338226318, 255.814239502, 256.278625488, 256.743041992, 257.207427979, 257.683441162, 258.159454346, 258.623840332, 259.088256836, 259.56427002, 260.040252686, 260.504669189, 260.969055176, 261.43347168, 261.909484863, 262.385467529, 262.849884033, 263.325897217, 263.8019104, 264.266296387, 264.730712891, 265.195098877, 265.659484863, 266.135498047, 266.61151123, 267.075927734, 267.540313721, 268.016326904, 268.492340088, 268.956726074, 269.421142578, 269.897125244, 270.373138428, 270.837554932, 271.301940918, 271.777954102, 272.253967285, 272.718353271, 273.182769775, 273.647155762, 274.123168945, 274.599182129, 275.063568115, 275.527984619, 276.003997803, 276.479980469, 276.944396973, 277.408782959, 277.884796143, 278.360809326, 278.825195312, 279.289611816, 279.753997803, 280.230010986, 280.70602417, 281.170440674, 281.63482666, 282.110839844, 282.586853027, 283.051239014, 283.515655518, 283.980041504, 284.44442749, 284.920440674, 285.396453857, 285.860870361, 286.336853027, 286.801269531, 287.277282715, 287.741668701, 288.206085205, 288.682067871, 289.158081055, 289.622497559, 290.086883545, 290.562896729, 291.038909912, 291.503295898, 291.967712402, 292.443725586, 292.919708252, 293.384124756, 293.848510742, 294.312927246, 294.78894043, 295.264923096, 295.7293396, 296.193725586, 296.66973877, 297.145751953, 297.610168457, 298.074554443, 298.550567627, 299.026580811, 299.490966797, 299.955383301, 300.431365967, 300.90737915, 301.371795654, 301.836181641, 302.312194824], "beats_loudness": {"dvar2": 0.00334492675029, "var": 0.00440277671441, "min": 0.00940481759608, "dmean": 0.0399942174554, "mean": 0.126435041428, "max": 0.277361899614, "dmean2": 0.0713643506169, "median": 0.142978817225, "dvar": 0.0011874953052}, "bpm_histogram_second_peak_weight": {"dvar2": 0, "var": 0, "min": 0.010903426446, "dmean": 0, "mean": 0.010903426446, "max": 0.010903426446, "dmean2": 0, "median": 0.010903426446, "dvar": 0}, "bpm_histogram_second_peak_spread": {"dvar2": 0, "var": 0, "min": 0, "dmean": 0, "mean": 0, "max": 0, "dmean2": 0, "median": 0, "dvar": 0}, "bpm_histogram_second_peak_bpm": {"dvar2": 0, "var": 0, "min": 123, "dmean": 0, "mean": 123, "max": 123, "dmean2": 0, "median": 123, "dvar": 0}, "onset_rate": 8.34608745575}, "lowlevel": {"spectral_energyband_high": {"dvar2": 2.86929680442e-05, "var": 1.01339956018e-05, "min": 1.52995760505e-09, "dmean": 0.00256128050387, "mean": 0.00184072449338, "max": 0.0210009850562, "dmean2": 0.00444700429216, "median": 0.000303458422422, "dvar": 1.18768712127e-05}, "spectral_energyband_middle_low": {"dvar2": 0.00131240300834, "var": 0.000324958527926, "min": 7.20717574509e-09, "dmean": 0.0110902208835, "mean": 0.0100079681724, "max": 0.19597171247, "dmean2": 0.0200178474188, "median": 0.0038756779395, "dvar": 0.000475309527246}, "spectral_energy": {"dvar2": 0.00279705552384, "var": 0.00266849459149, "min": 1.94076950066e-08, "dmean": 0.0315094701946, "mean": 0.0644088760018, "max": 0.278501570225, "dmean2": 0.0505656339228, "median": 0.0473991930485, "dvar": 0.00128115061671}, "spectral_spread": {"dvar2": 11294861164500.0, "var": 8460156534780.0, "min": 554001.875, "dmean": 2503637.25, "mean": 6366279.5, "max": 19491012, "dmean2": 3599365.25, "median": 5924812, "dvar": 5077008384000.0}, "spectral_energyband_low": {"dvar2": 0.00187965284567, "var": 0.00214036484249, "min": 9.05876973434e-09, "dmean": 0.0254796147346, "mean": 0.053211838007, "max": 0.26818883419, "dmean2": 0.0395524911582, "median": 0.0368505716324, "dvar": 0.000818492961116}, "spectral_rolloff": {"dvar2": 8364328.5, "var": 2450854.25, "min": 64.599609375, "dmean": 717.753051758, "mean": 668.024841309, "max": 13652.0507812, "dmean2": 1337.17370605, "median": 150.732421875, "dvar": 3208547.75}, "barkbands": {"dvar2": [3.32237832481e-05, 0.00143296620809, 0.000570874079131, 0.000216573404032, 0.000214252664591, 3.56444543286e-05, 3.42028251907e-05, 1.08810636448e-05, 4.12696954299e-06, 1.55979421379e-06, 5.8087908883e-07, 4.72621621839e-07, 6.44686792839e-07, 1.19303740576e-06, 2.1998982902e-06, 3.16507612297e-06, 2.83918461719e-06, 1.67523671735e-06, 7.59401416417e-07, 2.54997104321e-07, 1.5900062067e-07, 9.67727942225e-07, 7.69337293605e-06, 7.3125210065e-07, 6.10549079738e-07, 6.27215626992e-07, 5.85694088784e-08], "var": [1.33886396725e-05, 0.00150858738925, 0.000362623104593, 5.6769393268e-05, 4.96313950862e-05, 8.32872046885e-06, 7.09841879143e-06, 4.05226319344e-06, 2.38819939113e-06, 1.60708748353e-06, 1.720553513e-07, 1.65494128623e-07, 1.71873978161e-07, 2.6453750479e-07, 4.76261305948e-07, 6.93581228006e-07, 6.28392115232e-07, 3.73377815777e-07, 1.78684828711e-07, 6.72714364214e-08, 5.43727551872e-08, 3.31820558586e-07, 2.4274597763e-06, 2.21589601779e-07, 1.64523598301e-07, 1.69331144662e-07, 1.44899523491e-08], "min": [1.98907085247e-10, 3.5925513675e-09, 3.77383368999e-09, 2.50423815018e-09, 1.17836440605e-09, 3.56630780463e-10, 5.18205367506e-10, 1.48351464446e-09, 1.13063225449e-09, 4.06679342979e-11, 2.3687796516e-12, 1.67981394853e-12, 7.85924214597e-10, 5.26345855789e-10, 2.79090747908e-12, 4.46710252122e-10, 5.78946873081e-12, 2.69550659571e-10, 9.55367118749e-10, 5.2072451906e-10, 4.54658255489e-11, 8.78413591865e-11, 8.39908836925e-11, 8.78918049452e-11, 1.74220318727e-10, 1.95949048654e-10, 3.58734708605e-10], "dmean": [0.00248172576539, 0.018552929163, 0.00954370480031, 0.00377163011581, 0.00381068745628, 0.00164793420117, 0.00142682914156, 0.00072422408266, 0.000540664128494, 0.000270101038041, 0.000174652930582, 0.000151815227582, 0.000158376700711, 0.000165650824783, 0.000194081512745, 0.000226320364163, 0.000216700151213, 0.000169569349964, 0.000126476574223, 0.000104320148239, 0.000136650007335, 0.000418813433498, 0.00112698576413, 0.00034510466503, 0.000256893661572, 0.000221622889512, 4.40955336671e-05], "mean": [0.00287733203731, 0.0351601839066, 0.012992169708, 0.00376192107797, 0.00266990461387, 0.00128500664141, 0.00101468909997, 0.000615376688074, 0.000523994036485, 0.000329978356604, 0.000194209569599, 0.000169700695551, 0.000148769468069, 0.000121510471217, 0.000133311928948, 0.000168861122802, 0.000148412174894, 0.000127926992718, 9.28157460294e-05, 9.297116776e-05, 0.000119183787319, 0.000312718999339, 0.000781872135121, 0.000236120293266, 0.000163139528013, 0.000139198935358, 2.76287501038e-05], "max": [0.0298758111894, 0.25372043252, 0.141527444124, 0.108176365495, 0.0883989036083, 0.0333780199289, 0.0423249565065, 0.0848835110664, 0.0556649193168, 0.0422907844186, 0.0090056983754, 0.0114075588062, 0.0132541963831, 0.0120650781319, 0.0160764176399, 0.018581815064, 0.0155130662024, 0.0127000920475, 0.00823519565165, 0.00470855459571, 0.00431822193787, 0.00431760773063, 0.010134502314, 0.00551085174084, 0.00596113363281, 0.00609829230234, 0.00252315076068], "dmean2": [0.00434778723866, 0.0282475296408, 0.0160500407219, 0.00671508023515, 0.00689982669428, 0.00303934607655, 0.00269334157929, 0.00132296571974, 0.000956935691647, 0.000462761585368, 0.000312709424179, 0.000267367518973, 0.000284268229734, 0.000300845160382, 0.000352022674633, 0.000407919607824, 0.000390709959902, 0.000304614106426, 0.000223581344471, 0.000181014664122, 0.000234963139519, 0.000722041120753, 0.00195686239749, 0.000605820736382, 0.000462704862002, 0.000400807708502, 8.02342256065e-05], "median": [0.00135047989897, 0.0188280306756, 0.00629906542599, 0.000942834070884, 0.000465725723188, 0.000317576632369, 0.000190508246305, 0.00011541978165, 8.71147058206e-05, 7.39857350709e-05, 5.37897649338e-05, 4.93344232382e-05, 3.96975956392e-05, 1.99161986529e-05, 1.56041824084e-05, 1.88310441445e-05, 1.09952270577e-05, 1.54561457748e-05, 1.21282646433e-05, 2.26471711358e-05, 2.76438950095e-05, 5.6432603742e-05, 6.18997291895e-05, 2.50743014476e-05, 8.96924939298e-06, 5.4939587244e-06, 4.28903717875e-07], "dvar": [1.12489597086e-05, 0.000624070584308, 0.00022729500779, 7.66803059378e-05, 7.76237575337e-05, 1.28514948301e-05, 1.20539452837e-05, 4.38207325715e-06, 1.63620256899e-06, 6.76638364894e-07, 2.12722639503e-07, 1.78212332003e-07, 2.368347225e-07, 4.25673590598e-07, 7.85105726209e-07, 1.13242731459e-06, 1.02031958704e-06, 6.0280984826e-07, 2.77728588571e-07, 9.60044204135e-08, 6.31084802194e-08, 3.91340734041e-07, 3.05609228235e-06, 2.89196520953e-07, 2.33896855661e-07, 2.39458103124e-07, 2.17400835112e-08]}, "melbands_skewness": {"dvar2": 35.6144790649, "var": 24.6275196075, "min": -1.15827429295, "dmean": 3.36582565308, "mean": 7.57212305069, "max": 33.8702659607, "dmean2": 5.47788381577, "median": 6.5598359108, "dvar": 13.4083595276}, "barkbands_skewness": {"dvar2": 17.6468849182, "var": 16.4587516785, "min": -1.73812162876, "dmean": 2.52677822113, "mean": 4.99983692169, "max": 35.7397918701, "dmean2": 3.80774021149, "median": 3.95596218109, "dvar": 8.48831176758}, "erbbands": {"dvar2": [3.05940747261, 59.5739097595, 595.922241211, 1280.81481934, 3060.6171875, 2302.20361328, 1964.76965332, 2676.17553711, 7569.82714844, 5114.78515625, 4813.69726562, 2500.15673828, 1596.29638672, 956.116333008, 1164.68408203, 705.227416992, 1142.72729492, 2604.95605469, 4704.20605469, 7406.27294922, 9961.56640625, 8926.00292969, 5414.05322266, 2961.16870117, 1316.69177246, 566.269165039, 309.845916748, 352.74432373, 977.055480957, 4818.3046875, 6452.81494141, 749.172790527, 166.522613525, 82.2447814941, 29.4806671143, 9.16630744934, 2.41422247887, 0.219826132059, 0.00135462149046, 3.10890413857e-07], "var": [2.92523002625, 48.3337936401, 355.843048096, 576.494262695, 651.612854004, 535.735656738, 458.277099609, 623.968383789, 1546.46691895, 1330.93859863, 2118.23730469, 1534.56335449, 1531.06079102, 564.741882324, 361.543670654, 229.709793091, 316.424682617, 590.020080566, 1032.00170898, 1614.70080566, 2178.64868164, 1984.55810547, 1213.86352539, 676.562683105, 317.728302002, 151.659545898, 93.509765625, 127.962493896, 336.083587646, 1511.76855469, 2021.77258301, 235.675567627, 47.2124214172, 21.6769294739, 7.9853515625, 2.45286631584, 0.648185193539, 0.0562390573323, 0.000342112092767, 8.37607530002e-08], "min": [8.32682189866e-08, 9.01325677205e-07, 3.80460005545e-06, 7.34093146093e-06, 6.22401785222e-06, 3.33139564646e-06, 1.13709927518e-06, 4.23832807428e-06, 9.47544867813e-06, 1.17046911328e-05, 3.80651763408e-05, 2.42365149461e-05, 5.54538974029e-06, 4.00517251364e-07, 1.33577060524e-07, 1.84283624094e-06, 3.83232909371e-05, 3.40829246852e-05, 5.65384971196e-06, 1.11745048343e-05, 1.5090137822e-05, 3.7184431676e-06, 1.5857454855e-05, 1.60971176228e-05, 4.97004839417e-05, 2.40674562519e-05, 8.47136379889e-06, 2.14110741581e-06, 2.40547069552e-06, 2.33734726862e-06, 2.15936188397e-06, 2.16639205064e-06, 2.0271872927e-06, 1.6535764189e-06, 1.1925058061e-06, 9.84004941529e-07, 3.1245301102e-07, 3.01365133737e-07, 8.92924987284e-08, 1.1664691435e-09], "dmean": [0.80427479744, 3.63702607155, 9.64346599579, 12.1435508728, 12.185801506, 12.2583885193, 12.3962669373, 13.9211368561, 21.0857601166, 17.3887863159, 15.2664279938, 12.9209375381, 9.20072174072, 7.44031953812, 7.50759840012, 6.15046644211, 7.08364105225, 8.16298866272, 9.53079319, 11.1852006912, 12.6297769547, 12.2401990891, 9.60243701935, 7.55317211151, 5.53144693375, 4.76884269714, 4.87555408478, 7.60442352295, 13.2685308456, 27.6072616577, 32.568031311, 11.6503629684, 4.64489269257, 2.87491345406, 1.8248693943, 0.971467912197, 0.406255364418, 0.0966754034162, 0.0068040988408, 0.000144100413308], "mean": [1.47461044788, 6.18785715103, 13.0749568939, 16.3069152832, 9.23361206055, 8.61532783508, 9.26756286621, 10.8431797028, 14.6251373291, 13.7024879456, 13.229095459, 12.8960037231, 10.5352325439, 8.84509849548, 8.4415807724, 6.94341945648, 6.9513092041, 6.30714559555, 6.74994850159, 8.64200878143, 8.64966583252, 8.4334897995, 6.84365415573, 5.60554885864, 4.36997461319, 4.59808540344, 4.01345396042, 6.52276086807, 9.92653846741, 19.4292125702, 22.5645084381, 8.05452346802, 3.11576032639, 1.83974397182, 1.15362739563, 0.607738256454, 0.255020588636, 0.0608141645789, 0.00430937437341, 0.00014438785729], "max": [10.6513986588, 45.3943634033, 145.829650879, 260.402496338, 371.83807373, 294.074768066, 281.525085449, 290.173248291, 692.189819336, 733.961425781, 2353.72387695, 1578.64440918, 1224.93066406, 696.360534668, 390.631439209, 326.754974365, 358.425598145, 562.307861328, 655.345214844, 1048.71435547, 1007.12060547, 914.877624512, 665.891906738, 427.202301025, 415.319976807, 221.002334595, 198.224777222, 125.10546875, 143.099151611, 318.531097412, 306.256256104, 140.921264648, 118.59387207, 75.3633117676, 37.2251586914, 23.3676128387, 11.6248044968, 3.96219992638, 0.406313478947, 0.00592296710238], "dmean2": [1.25271582603, 5.61857843399, 16.2682723999, 20.566783905, 22.2089595795, 22.2785129547, 22.7988643646, 25.6666355133, 39.8661231995, 32.1716423035, 27.7191638947, 22.6432743073, 15.9807739258, 12.9763841629, 13.4048662186, 10.8618602753, 12.6686029434, 14.7832317352, 17.2482089996, 20.1448993683, 22.8731040955, 22.0578670502, 17.2910442352, 13.4828538895, 9.76188278198, 8.25644111633, 8.37727832794, 13.1061143875, 22.8866176605, 47.9407539368, 56.5653953552, 20.2900466919, 8.1992855072, 5.16199684143, 3.29853415489, 1.7608448267, 0.735386371613, 0.17526486516, 0.0123231625184, 0.00025243073469], "median": [0.699189424515, 3.46116018295, 6.90275287628, 5.94961071014, 2.30297279358, 1.44814777374, 2.15515828133, 2.41955924034, 2.75160932541, 2.72816038132, 2.26393675804, 2.09543180466, 1.97346580029, 2.86935758591, 2.62871336937, 2.29338741302, 2.07943105698, 1.29118490219, 0.931843578815, 1.13618564606, 0.857968389988, 0.704454302788, 0.779836654663, 0.761008143425, 0.788263380527, 1.24516248703, 0.971876144409, 1.76854753494, 1.77731513977, 2.03771877289, 1.93439769745, 0.817495346069, 0.286183267832, 0.118809759617, 0.0574657469988, 0.0261019915342, 0.00920643191785, 0.00159947620705, 9.39465971896e-05, 7.45141296647e-05], "dvar": [1.23305583, 25.8742179871, 234.310333252, 486.06817627, 1081.93579102, 834.195129395, 713.104919434, 963.617919922, 2668.60766602, 1839.62646484, 2044.11279297, 1027.35717773, 669.142089844, 382.43069458, 434.894165039, 262.475006104, 423.355041504, 930.16229248, 1683.54968262, 2642.0234375, 3569.61303711, 3212.63525391, 1953.80749512, 1073.74926758, 484.624542236, 212.961959839, 120.232086182, 142.582763672, 395.149047852, 1906.19238281, 2557.86572266, 298.208770752, 64.5640563965, 31.2522964478, 11.3283166885, 3.49746084213, 0.920224010944, 0.0824548900127, 0.000505398376845, 1.17926354903e-07]}, "silence_rate_30dB": {"dvar2": 0.250442624092, "var": 0.172547131777, "min": 0, "dmean": 0.146330237389, "mean": 0.778297543526, "max": 1, "dmean2": 0.292682915926, "median": 1, "dvar": 0.124899461865}, "melbands_spread": {"dvar2": 703.472167969, "var": 249.315093994, "min": 0.122026257217, "dmean": 7.92976713181, "mean": 9.43953323364, "max": 224.293899536, "dmean2": 13.4547777176, "median": 4.19679641724, "dvar": 269.443756104}, "melbands_crest": {"dvar2": 50.6934165955, "var": 54.7676963806, "min": 4.29690647125, "dmean": 4.55260562897, "mean": 22.2264881134, "max": 36.2981300354, "dmean2": 7.44532155991, "median": 21.1529045105, "dvar": 20.3783798218}, "zerocrossingrate": {"dvar2": 0.000594677170739, "var": 0.0010109130526, "min": 0.001953125, "dmean": 0.019858205691, "mean": 0.0347198285162, "max": 0.2822265625, "dmean2": 0.0260010324419, "median": 0.02587890625, "dvar": 0.000414437585277}, "barkbands_kurtosis": {"dvar2": 29614.2050781, "var": 19803.6015625, "min": -1.96295642853, "dmean": 54.6939125061, "mean": 61.8955993652, "max": 1790.92736816, "dmean2": 84.6801071167, "median": 19.9514217377, "dvar": 15257.3164062}, "spectral_flux": {"dvar2": 0.00766006251797, "var": 0.00734753534198, "min": 0.000139311508974, "dmean": 0.0651163309813, "mean": 0.130451753736, "max": 0.491432279348, "dmean2": 0.0970174074173, "median": 0.104706421494, "dvar": 0.00428811274469}, "barkbands_crest": {"dvar2": 27.3535633087, "var": 32.4172439575, "min": 2.79791855812, "dmean": 3.70237731934, "mean": 15.5482244492, "max": 26.3605442047, "dmean2": 5.96156978607, "median": 15.057975769, "dvar": 11.9568862915}, "barkbands_flatness_db": {"dvar2": 0.00777303101495, "var": 0.0114080160856, "min": 0.017440745607, "dmean": 0.0697511360049, "mean": 0.240712970495, "max": 0.655062615871, "dmean2": 0.102117978036, "median": 0.228868752718, "dvar": 0.00386626087129}, "spectral_entropy": {"dvar2": 0.603702902794, "var": 0.631579220295, "min": 3.76217484474, "dmean": 0.568163514137, "mean": 7.38159990311, "max": 8.98359966278, "dmean2": 0.833766639233, "median": 7.53295946121, "dvar": 0.286660373211}, "pitch_salience": {"dvar2": 0.0394755192101, "var": 0.0352591797709, "min": 0.0108039025217, "dmean": 0.131275191903, "mean": 0.413545072079, "max": 0.909140706062, "dmean2": 0.212431430817, "median": 0.43137139082, "dvar": 0.0161963924766}, "erbbands_spread": {"dvar2": 2642.52734375, "var": 1722.87158203, "min": 1.51520085335, "dmean": 34.1919059753, "mean": 65.9403076172, "max": 205.973007202, "dmean2": 53.9969520569, "median": 56.3211135864, "dvar": 1083.73583984}, "dynamic_complexity": 2.51683235168, "spectral_contrast_valleys": {"dvar2": [0.57272452116, 1.40904939175, 0.873575389385, 1.03998303413, 1.22863066196, 2.24617409706], "var": [0.511580467224, 0.974794864655, 0.762137830257, 0.817503631115, 1.13920092583, 2.24278330803], "min": [-13.4294929504, -13.0284442902, -16.0265617371, -15.3662834167, -15.5605335236, -17.4450283051], "dmean": [0.543145000935, 0.744579136372, 0.590697944164, 0.657438993454, 0.832594811916, 1.39316666126], "mean": [-6.65976905823, -7.03563261032, -7.79350137711, -8.44466972351, -8.52867984772, -10.2859020233], "max": [-4.66098356247, -4.04101467133, -4.84028053284, -5.08693695068, -5.14124631882, -7.33644390106], "dmean2": [0.851353228092, 1.20407068729, 0.945040404797, 1.03865301609, 1.23428225517, 1.84583568573], "median": [-6.61263227463, -7.16219949722, -7.84239578247, -8.48217582703, -8.4405412674, -10.2848472595], "dvar": [0.25786948204, 0.619809687138, 0.383696824312, 0.453138381243, 0.575699746609, 1.02571296692]}, "hfc": {"dvar2": 3082.40258789, "var": 1089.64318848, "min": 2.62772809947e-05, "dmean": 26.658657074, "mean": 23.49269104, "max": 277.737823486, "dmean2": 45.8956336975, "median": 8.87521934509, "dvar": 1269.29785156}, "spectral_kurtosis": {"dvar2": 442.216217041, "var": 225.864700317, "min": -0.92689371109, "dmean": 6.41444396973, "mean": 6.59650707245, "max": 209.111251831, "dmean2": 10.3302354813, "median": 2.28973269463, "dvar": 180.887832642}, "mfcc": {"mean": [-697.182739258, 125.38860321, 53.5347595215, 27.26055336, 7.53069162369, 30.7383346558, 5.31729221344, 19.3076686859, 3.6374232769, 10.9079704285, 4.87402486801, 7.17341423035, 7.18301868439], "cov": [[7784.50683594, -2847.29003906, -74.6981811523, -106.636962891, -312.452331543, -358.634735107, -507.234069824, -210.90612793, -246.073852539, -166.572113037, -164.448806763, -175.74546814, -155.885421753], [-2847.29003906, 2981.99023438, -697.260131836, -157.250564575, 2.60018444061, -268.780609131, 156.257263184, -134.332717896, 27.9426078796, -57.2453346252, 23.6403865814, -28.3784751892, -44.294631958], [-74.6981811523, -697.260131836, 1221.23864746, 4.05612039566, 34.9011001587, 153.25894165, -38.3024787903, 46.1002082825, -43.8539123535, -15.3607330322, -12.6563539505, -22.1835861206, -2.12112975121], [-106.636962891, -157.250564575, 4.05612039566, 353.892974854, 120.767623901, 118.825302124, 40.5752792358, 40.8759117126, 19.8760719299, 22.4802188873, -9.449842453, 12.3668022156, 14.7028522491], [-312.452331543, 2.60018444061, 34.9011001587, 120.767623901, 297.589233398, 55.4407157898, 75.7048797607, 41.9027671814, 30.5506515503, 5.7120423317, 22.0590305328, 18.949388504, 6.15696048737], [-358.634735107, -268.780609131, 153.25894165, 118.825302124, 55.4407157898, 274.712341309, 48.6826210022, 99.5067672729, 22.7386989594, 62.2964859009, 22.4280815125, 49.4066925049, 33.7092056274], [-507.234069824, 156.257263184, -38.3024787903, 40.5752792358, 75.7048797607, 48.6826210022, 143.906585693, 46.0476799011, 49.7077789307, 14.114575386, 21.9601421356, 19.4798164368, 14.1648788452], [-210.90612793, -134.332717896, 46.1002082825, 40.8759117126, 41.9027671814, 99.5067672729, 46.0476799011, 133.863815308, 47.61668396, 47.5605506897, 17.7167701721, 27.7427806854, 34.1369934082], [-246.073852539, 27.9426078796, -43.8539123535, 19.8760719299, 30.5506515503, 22.7386989594, 49.7077789307, 47.61668396, 99.5732727051, 54.6132125854, 30.4266147614, 20.4652442932, 20.7763748169], [-166.572113037, -57.2453346252, -15.3607330322, 22.4802188873, 5.7120423317, 62.2964859009, 14.114575386, 47.5605506897, 54.6132125854, 91.967666626, 43.0344047546, 29.1045875549, 24.4135684967], [-164.448806763, 23.6403865814, -12.6563539505, -9.449842453, 22.0590305328, 22.4280815125, 21.9601421356, 17.7167701721, 30.4266147614, 43.0344047546, 72.0861129761, 42.2465553284, 7.7303853035], [-175.74546814, -28.3784751892, -22.1835861206, 12.3668022156, 18.949388504, 49.4066925049, 19.4798164368, 27.7427806854, 20.4652442932, 29.1045875549, 42.2465553284, 74.6180419922, 25.9988422394], [-155.885421753, -44.294631958, -2.12112975121, 14.7028522491, 6.15696048737, 33.7092056274, 14.1648788452, 34.1369934082, 20.7763748169, 24.4135684967, 7.7303853035, 25.9988422394, 56.3974647522]], "icov": [[0.000403131096391, 0.000483494834043, 0.00026559017715, -6.64030039843e-06, 9.55776413321e-05, 0.000521488836966, 0.0005211836542, 3.208432463e-05, 0.000238829918089, 0.000208021738217, -4.37789167336e-05, 0.000326351961121, 0.000710800464731], [0.000483494834043, 0.00105142104439, 0.000523973954841, 0.000141046446515, 0.000107748193841, 0.000867029244546, -8.93480028026e-05, 0.000407800223911, 0.000330131035298, 0.00028965936508, -0.000242986570811, 0.000554252997972, 0.000921529019251], [0.00026559017715, 0.000523973954841, 0.00124818785116, 0.000282759225229, -0.00012265422265, -0.000431517633842, 0.000570159929339, -6.77368007018e-05, 0.000302801141515, 0.000857972248923, -0.000662306789309, 0.00117634097114, 0.000353518669726], [-6.64030039843e-06, 0.000141046446515, 0.000282759225229, 0.00400452455506, -0.0014959879918, -0.00164207851049, -0.000216943313717, 0.000676963711157, -0.000332335243002, -0.000668721739203, 0.00192565948237, -7.838176316e-06, 1.77009042091e-07], [9.55776413321e-05, 0.000107748193841, -0.00012265422265, -0.0014959879918, 0.00464510172606, 0.000260580854956, -0.00149182591122, -0.00073142722249, -0.000422999175498, 0.00166558963247, -0.00184159481432, 0.00011330912821, 0.000523769354913], [0.000521488836966, 0.000867029244546, -0.000431517633842, -0.00164207851049, 0.000260580854956, 0.00847943499684, -0.00161673873663, -0.00316594564356, 0.00372793059796, -0.00467109167948, 0.00220140605234, -0.00341176544316, 0.00167971942574], [0.0005211836542, -8.93480028026e-05, 0.000570159929339, -0.000216943313717, -0.00149182591122, -0.00161673873663, 0.0126108443365, -0.00199857773259, -0.00524479150772, 0.00534488772973, -0.00279674655758, 0.00121487176511, 6.16950346739e-05], [3.208432463e-05, 0.000407800223911, -6.77368007018e-05, 0.000676963711157, -0.00073142722249, -0.00316594564356, -0.00199857773259, 0.0137182706967, -0.00329400901683, -0.00231000734493, 0.00167080340907, -9.56140574999e-05, -0.00357099669054], [0.000238829918089, 0.000330131035298, 0.000302801141515, -0.000332335243002, -0.000422999175498, 0.00372793059796, -0.00524479150772, -0.00329400901683, 0.0205019004643, -0.0112101798877, -0.000128857514937, 8.9698638476e-05, -0.000577166152652], [0.000208021738217, 0.00028965936508, 0.000857972248923, -0.000668721739203, 0.00166558963247, -0.00467109167948, 0.00534488772973, -0.00231000734493, -0.0112101798877, 0.0281136315316, -0.0140195032582, 0.00476205162704, -0.00463882740587], [-4.37789167336e-05, -0.000242986570811, -0.000662306789309, 0.00192565948237, -0.00184159481432, 0.00220140605234, -0.00279674655758, 0.00167080340907, -0.000128857514937, -0.0140195032582, 0.031622055918, -0.0164705514908, 0.00711225578561], [0.000326351961121, 0.000554252997972, 0.00117634097114, -7.838176316e-06, 0.00011330912821, -0.00341176544316, 0.00121487176511, -9.56140574999e-05, 8.9698638476e-05, 0.00476205162704, -0.0164705514908, 0.0273592937738, -0.00928602833301], [0.000710800464731, 0.000921529019251, 0.000353518669726, 1.77009042091e-07, 0.000523769354913, 0.00167971942574, 6.16950346739e-05, -0.00357099669054, -0.000577166152652, -0.00463882740587, 0.00711225578561, -0.00928602833301, 0.0270444620401]]}, "silence_rate_20dB": {"dvar2": 0, "var": 0, "min": 1, "dmean": 0, "mean": 1, "max": 1, "dmean2": 0, "median": 1, "dvar": 0}, "melbands_kurtosis": {"dvar2": 78100.3671875, "var": 38049.0625, "min": -1.79632914066, "dmean": 105.53842926, "mean": 133.285247803, "max": 1727.78125, "dmean2": 175.069351196, "median": 68.8444595337, "dvar": 31281.6210938}, "barkbands_spread": {"dvar2": 724.891174316, "var": 386.668182373, "min": 0.0666803792119, "dmean": 13.855840683, "mean": 15.7229862213, "max": 128.353378296, "dmean2": 22.6116638184, "median": 7.63742160797, "dvar": 324.509277344}, "erbbands_skewness": {"dvar2": 2.21575093269, "var": 1.95753514767, "min": -6.74406719208, "dmean": 1.0053011179, "mean": 0.488965809345, "max": 8.47065448761, "dmean2": 1.53193473816, "median": 0.478500455618, "dvar": 1.07562875748}, "average_loudness": 0.952731430531, "spectral_centroid": {"dvar2": 1243839.5, "var": 828767.75, "min": 65.917