{"tonal": {"thpcp": [1, 0.745262026787, 0.276699274778, 0.179816499352, 0.161386966705, 0.232322782278, 0.356581777334, 0.320062607527, 0.194135218859, 0.141804561019, 0.121507115662, 0.173549741507, 0.264576792717, 0.25522390008, 0.377473264933, 0.653350412846, 0.530831575394, 0.23893328011, 0.152466565371, 0.124420054257, 0.192829176784, 0.330503702164, 0.300970345736, 0.174693077803, 0.12148925662, 0.101105116308, 0.238134860992, 0.513369977474, 0.439716845751, 0.273084461689, 0.302791982889, 0.203314229846, 0.125705733895, 0.137696698308, 0.154775053263, 0.513560712337], "hpcp": {"dmean2": [0.191265121102, 0.185998082161, 0.159953147173, 0.136564582586, 0.123238436878, 0.138134151697, 0.178545325994, 0.188099220395, 0.231944039464, 0.27442085743, 0.236469104886, 0.178703382611, 0.136185571551, 0.120287150145, 0.14122389257, 0.169211924076, 0.16690582037, 0.139541894197, 0.113367140293, 0.101788282394, 0.132025435567, 0.191975802183, 0.187381282449, 0.160439282656, 0.144842401147, 0.112001024187, 0.100838281214, 0.117561988533, 0.143644526601, 0.253357887268, 0.32039424777, 0.315655171871, 0.23658503592, 0.179557725787, 0.161419570446, 0.173193261027], "median": [0.0482812672853, 0.0409949533641, 0.0179365575314, 0.0109728462994, 0.00781186902896, 0.0252108164132, 0.0470967367291, 0.0413400605321, 0.065477386117, 0.12896065414, 0.101488828659, 0.0295697301626, 0.0124441580847, 0.0102752316743, 0.0235329940915, 0.0437429696321, 0.0394577048719, 0.0199989899993, 0.00954928528517, 0.00858750380576, 0.0386529788375, 0.0896380841732, 0.0877627283335, 0.0469141900539, 0.0265154950321, 0.0167921707034, 0.017287934199, 0.0168399251997, 0.0173074025661, 0.142903476954, 0.327526509762, 0.270653426647, 0.0316083841026, 0.00960789993405, 0.00905559211969, 0.0243071168661], "min": [0, 0, 0, 0, 0, 0, 0, 0, 0, 0, 0, 0, 0, 0, 0, 0, 0, 0, 0, 0, 0, 0, 0, 0, 0, 0, 0, 0, 0, 0, 0, 0, 0, 0, 0, 0], "dvar2": [0.086124368012, 0.0875287279487, 0.0838971361518, 0.0798931792378, 0.0702413767576, 0.0661150664091, 0.0888743177056, 0.0928650274873, 0.108287863433, 0.123879544437, 0.100760497153, 0.0942554846406, 0.0764990076423, 0.0643281713128, 0.0685431137681, 0.0775910839438, 0.0765954107046, 0.0676433742046, 0.0624813213944, 0.0538248792291, 0.057517029345, 0.0751196965575, 0.0703324601054, 0.0687742382288, 0.0708203017712, 0.0502568557858, 0.0492757409811, 0.058704238385, 0.073150165379, 0.103966251016, 0.149498701096, 0.126984834671, 0.129081845284, 0.105845354497, 0.0961971282959, 0.0880296453834], "dvar": [0.0357733890414, 0.0357180647552, 0.0325361154974, 0.0295683890581, 0.0255957748741, 0.0238733738661, 0.033140309155, 0.034383777529, 0.0421288013458, 0.0539089366794, 0.0419205315411, 0.036383099854, 0.0286757200956, 0.023391649127, 0.0252493042499, 0.0313922390342, 0.0311955139041, 0.0264418255538, 0.0229904428124, 0.0196176823229, 0.0212777797133, 0.0328697562218, 0.0291724633425, 0.0264487266541, 0.0302846245468, 0.0200255680829, 0.0180187281221, 0.0221592783928, 0.0274514965713, 0.0401156172156, 0.0659064501524, 0.0503170005977, 0.0508500672877, 0.0398312173784, 0.0362870208919, 0.0341864861548], "dmean": [0.11461917311, 0.111155070364, 0.0912872776389, 0.0764086842537, 0.0692622289062, 0.0793544799089, 0.103295780718, 0.109286740422, 0.137070029974, 0.168579623103, 0.145031273365, 0.102623261511, 0.0771044120193, 0.0676099285483, 0.0816102325916, 0.102942116559, 0.100316211581, 0.0808195620775, 0.064110390842, 0.0571442730725, 0.0772667303681, 0.118200451136, 0.115399092436, 0.0937079340219, 0.0865551456809, 0.0673708319664, 0.0575734041631, 0.0667095631361, 0.0818887352943, 0.151119232178, 0.191709548235, 0.188323959708, 0.135166063905, 0.100954025984, 0.0901154205203, 0.100813657045], "max": [1, 1, 1, 1, 1, 1, 1, 1, 1, 1, 1, 1, 1, 1, 1, 1, 1, 1, 1, 1, 1, 1, 1, 1, 1, 1, 1, 1, 1, 1, 1, 1, 1, 1, 1, 1], "var": [0.0638829246163, 0.0553277209401, 0.0342003703117, 0.0248270146549, 0.0202582459897, 0.0214885994792, 0.0379744693637, 0.037002183497, 0.0548285916448, 0.120001979172, 0.0854448229074, 0.0406000316143, 0.0252447500825, 0.0188539195806, 0.0262007396668, 0.0578651614487, 0.0492133423686, 0.0281338300556, 0.0189096033573, 0.0151598993689, 0.0262025352567, 0.0917617604136, 0.0639401301742, 0.0371784120798, 0.0667947083712, 0.0347936339676, 0.0151020102203, 0.018351148814, 0.0230673737824, 0.0617655068636, 0.164193227887, 0.0945553332567, 0.0504992157221, 0.0343430824578, 0.0303162969649, 0.0384911000729], "mean": [0.162739127874, 0.146072268486, 0.0886007025838, 0.064717695117, 0.0554542168975, 0.0792057737708, 0.120749287307, 0.116480752826, 0.172273725271, 0.298180341721, 0.242264389992, 0.109045937657, 0.0695836916566, 0.0567836426198, 0.0880046486855, 0.15083745122, 0.137358829379, 0.0797275751829, 0.0554460659623, 0.0461430177093, 0.108681552112, 0.234295159578, 0.200680866838, 0.124632075429, 0.138190194964, 0.0927898809314, 0.0573704056442, 0.0628429204226, 0.0706372559071, 0.234382197261, 0.456386566162, 0.340127587318, 0.126281827688, 0.0820658355951, 0.0736548453569, 0.106028996408]}, "tuning_equal_tempered_deviation": 0.0957731977105, "chords_changes_rate": 0.0430929102004, "key_key": "C", "tuning_diatonic_strength": 0.698056399822, "key_scale": "major", "chords_number_rate": 0.00183374085464, "tuning_frequency": 438.224517822, "tuning_nontempered_energy_ratio": 0.712262511253, "chords_histogram": [47.432762146, 3.7897310257, 15.5256719589, 0, 0.733496308327, 0, 0.366748154163, 0, 0, 0, 0, 0, 0, 0, 0, 0.794621050358, 0, 4.06479215622, 0, 0.397310525179, 0, 0.764058709145, 11.3691930771, 14.7616138458], "key_strength": 0.852335453033, "chords_key": "C", "chords_strength": {"dmean2": 0.00897429417819, "median": 0.585197627544, "min": 0.281059712172, "dvar2": 6.73072572681e-05, "dvar": 6.45603868179e-05, "dmean": 0.00969398859888, "max": 0.744391977787, "var": 0.00633739959449, "mean": 0.573189675808}, "chords_scale": "major", "hpcp_entropy": {"dmean2": 1.02306568623, "median": 1.86646962166, "min": 0, "dvar2": 0.821444809437, "dvar": 0.317160755396, "dmean": 0.616229593754, "max": 4.46864557266, "var": 0.595942795277, "mean": 1.87735080719}}, "metadata": {"audio_properties": {"equal_loudness": 0, "codec": "mp3", "downmix": "mix", "sample_rate": 44100, "analysis_sample_rate": 44100, "bit_rate": 128000, "md5_encoded": "81da077936d6c988058b3af4e7fe769c", "length": 151.875915527, "replay_gain": -10.2073764801, "lossless": false}, "version": {"essentia_build_sha": "70f2e5ece6736b2c40cc944ad0e695b16b925413", "essentia": "2.1-beta2", "extractor": "music 1.0", "essentia_git_sha": "v2.1_beta2"}, "tags": {"title": ["Fr\u00f6sche weinen nie"], "language": ["deu"], "media": ["CD"], "albumartist": ["Die Schr\u00f6ders"], "date": ["1996"], "genre": ["Unknown"], "musicbrainz album type": ["album"], "musicbrainz_recordingid": ["125c0d62-769f-4dcf-9135-7b088ca26214"], "musicbrainz_albumartistid": ["5a505449-1fff-4642-b864-c37c7c0306a0"], "musicbrainz_artistid": ["5a505449-1fff-4642-b864-c37c7c0306a0"], "originaldate": ["1996"], "musicbrainz_albumid": ["25095cc2-3691-411b-84bd-03179ec861cd"], "artist": ["Die Schr\u00f6ders"], "tracknumber": ["8/14"], "artistsort": ["Schr\u00f6ders, Die"], "album": ["Schwer Scheff!"], "albumartistsort": ["Schr\u00f6ders, Die"], "discnumber": ["1/1"], "script": ["Latn"], "musicbrainz album status": ["official"], "file_name": "Die Schr\u00f6ders - Fr\u00f6sche Weinen Nie.mp3"}}, "rhythm": {"bpm_histogram_first_peak_bpm": {"dmean2": 0, "median": 144, "min": 144, "dvar2": 0, "dvar": 0, "dmean": 0, "max": 144, "var": 0, "mean": 144}, "bpm": 143.736083984, "bpm_histogram_second_peak_spread": {"dmean2": 0, "median": 0, "min": 0, "dvar2": 0, "dvar": 0, "dmean": 0, "max": 0, "var": 0, "mean": 0}, "bpm_histogram_first_peak_weight": {"dmean2": 0, "median": 0.433701664209, "min": 0.433701664209, "dvar2": 0, "dvar": 0, "dmean": 0, "max": 0.433701664209, "var": 0, "mean": 0.433701664209}, "onset_rate": 3.943557024, "beats_position": [0.383129239082, 0.777868449688, 1.18421769142, 1.59056687355, 1.99691605568, 2.39165520668, 2.79800438881, 3.20435357094, 3.59909296036, 4.00544214249, 4.41179132462, 4.81814050674, 5.22448968887, 5.630838871, 6.03718805313, 6.43192720413, 6.82666635513, 7.23301553726, 7.63936471939, 8.03410434723, 8.44045352936, 8.84680271149, 9.25315189362, 9.65950107574, 10.0542402267, 10.4489793777, 10.8437185287, 11.2384576797, 11.6331968307, 12.0395460129, 12.445895195, 12.840634346, 13.235373497, 13.6417226791, 14.0480718613, 14.4428119659, 14.8491611481, 15.2671203613, 15.6850786209, 16.1030387878, 16.5209980011, 16.9389572144, 17.3569164276, 17.7632656097, 18.181224823, 18.5991840363, 19.0287532806, 19.4467124939, 19.853061676, 20.2710208893, 20.6773700714, 21.0837192535, 21.4900684357, 21.9080276489, 22.3143768311, 22.7207260132, 23.1270751953, 23.5450344086, 23.9629936218, 24.369342804, 24.7756919861, 25.1936511993, 25.6116104126, 26.0411777496, 26.4475269318, 26.865486145, 27.2834453583, 27.7014045715, 28.1193637848, 28.537322998, 28.9552822113, 29.3732414246, 29.7912006378, 30.2091598511, 30.6271190643, 31.0450782776, 31.4398174286, 31.8461666107, 32.2525177002, 32.6704750061, 33.0884361267, 33.5063934326, 33.9127426147, 34.3190917969, 34.7370529175, 35.1550102234, 35.572971344, 35.9793205261, 36.3856697083, 36.8036270142, 37.2215881348, 37.6279373169, 38.034286499, 38.4522438049, 38.8818130493, 39.3113822937, 39.7525634766, 40.1705207825, 40.5884780884, 41.006439209, 41.4127883911, 41.830745697, 42.2370948792, 42.6434440613, 43.0497932434, 43.467754364, 43.8857116699, 44.3036727905, 44.7216300964, 45.139591217, 45.5575485229, 45.9755096436, 46.3934669495, 46.7998161316, 47.229385376, 47.6473464966, 48.0653038025, 48.4832649231, 48.8896141052, 49.2959632874, 49.7023124695, 50.1086616516, 50.5266189575, 50.9329681396, 51.3393173218, 51.7572784424, 52.1752357483, 52.5931968689, 52.999546051, 53.3942832947, 53.8006324768, 54.2069816589, 54.6133308411, 55.0312919617, 55.4492492676, 55.8672103882, 56.2735595703, 56.6915168762, 57.1210861206, 57.5390472412, 57.9570045471, 58.3865737915, 58.8045349121, 59.222492218, 59.6404533386, 60.0584106445, 60.4879798889, 60.9175491333, 61.3238983154, 61.741859436, 62.1598167419, 62.5777778625, 62.9957351685, 63.4136962891, 63.831653595, 64.2496109009, 64.6675720215, 65.0855331421, 65.5034942627, 65.9098434448, 66.3394088745, 66.7689819336, 67.1869354248, 67.5932846069, 67.98802948, 68.4059829712, 68.8239440918, 69.2419052124, 69.659866333, 70.0894317627, 70.5189971924, 70.936958313, 71.3549194336, 71.7612686157, 72.1676177979, 72.57396698, 72.9803161621, 73.3982772827, 73.8162307739, 74.2225799561, 74.6289291382, 75.0468902588, 75.4648513794, 75.8828125, 76.2891616821, 76.6955108643, 77.1134643555, 77.5198135376, 77.9145584106, 78.3209075928, 78.738861084, 79.1568222046, 79.5747833252, 79.9927444458, 80.410697937, 80.8286590576, 81.2466201782, 81.6645812988, 82.08253479, 82.5004959106, 82.9184570312, 83.3248062134, 83.7543716431, 84.1723327637, 84.5786819458, 85.0082550049, 85.4262084961, 85.8441696167, 86.2505187988, 86.656867981, 87.0748291016, 87.5043945312, 87.9339675903, 88.36353302, 88.7931060791, 89.2110671997, 89.6290206909, 90.035369873, 90.4533309937, 90.8596801758, 91.2544174194, 91.6839904785, 92.1367797852, 92.5547409058, 92.972694397, 93.4022674561, 93.8318328857, 94.2614059448, 94.6909713745, 95.1205444336, 95.5501098633, 95.9796829224, 96.3976364136, 96.8039855957, 97.2219467163, 97.6399078369, 98.0578689575, 98.4990463257, 98.9286117554, 99.3697967529, 99.7877502441, 100.228935242, 100.658500671, 101.08807373, 101.51763916, 101.947212219, 102.376777649, 102.79473877, 103.21269989, 103.630653381, 104.06022644, 104.48979187, 104.930976868, 105.383758545, 105.813331604, 106.242897034, 106.672470093, 107.113647461, 107.531608582, 107.961174011, 108.367523193, 108.797096252, 109.226661682, 109.644622803, 110.062583923, 110.480545044, 110.921722412, 111.351287842, 111.769248962, 112.187210083, 112.616775513, 113.023124695, 113.452697754, 113.882263184, 114.300224304, 114.706573486, 115.124534607, 115.554100037, 115.983673096, 116.413238525, 116.842811584, 117.260765076, 117.678726196, 118.07346344, 118.468208313, 118.897773743, 119.327346802, 119.76852417, 120.186485291, 120.61605072, 121.045623779, 121.463577271, 121.858322144, 122.276275635, 122.694236755, 123.100585938, 123.530158997, 123.948112488, 124.366073608, 124.784034729, 125.190383911, 125.608345032, 126.037910461, 126.455871582, 126.873832703, 127.303398132, 127.732971191, 128.162536621, 128.580490112, 128.998458862, 129.428024292, 129.857589722, 130.275558472, 130.693511963, 131.123077393, 131.541046143, 131.958999634, 132.365356445, 132.771697998, 133.189651489, 133.607620239, 134.037185669, 134.466751099, 134.87310791, 135.279449463, 135.697418213, 136.115371704, 136.533325195, 136.962905884, 137.392471313, 137.822036743, 138.251602173, 138.692779541, 139.122360229, 139.551925659, 139.96987915, 140.3878479, 140.81741333, 141.24697876, 141.66494751, 142.082901001, 142.500854492, 142.930435181, 143.36000061, 143.777954102, 144.21913147, 144.660308838, 145.089889526, 145.519454956, 145.960632324, 146.401809692, 146.866210938, 147.295776367, 147.736953735, 148.178131104, 148.61932373, 149.060501099, 149.513290405, 149.931243896, 150.349197388, 150.767166138, 151.185119629, 151.603088379], "beats_loudness": {"dmean2": 0.0318007022142, "median": 0.0326700881124, "min": 3.14626902309e-07, "dvar2": 0.000639628968202, "dvar": 0.00021281510999, "dmean": 0.0180395394564, "max": 0.0776945650578, "var": 0.000356216449291, "mean": 0.0314259193838}, "danceability": 1.127617836, "bpm_histogram_second_peak_weight": {"dmean2": 0, "median": 0.0607734806836, "min": 0.0607734806836, "dvar2": 0, "dvar": 0, "dmean": 0, "max": 0.0607734806836, "var": 0, "mean": 0.0607734806836}, "beats_count": 363, "bpm_histogram_second_peak_bpm": {"dmean2": 0, "median": 152, "min": 152, "dvar2": 0, "dvar": 0, "dmean": 0, "max": 152, "var": 0, "mean": 152}, "bpm_histogram_first_peak_spread": {"dmean2": 0, "median": 0.507836937904, "min": 0.507836937904, "dvar2": 0, "dvar": 0, "dmean": 0, "max": 0.507836937904, "var": 0, "mean": 0.507836937904}, "beats_loudness_band_ratio": {"dmean2": [0.385775625706, 0.378574699163, 0.380323112011, 0.298539698124, 0.166752025485, 0.107683442533], "median": [0.108753941953, 0.324454337358, 0.195061206818, 0.124205648899, 0.0422901175916, 0.0196922663599], "min": [8.91497165867e-06, 0.00188933103345, 0.00276830000803, 0.0021435439121, 0.000427472929005, 1.49731786223e-05], "dvar2": [0.108420282602, 0.083849735558, 0.0965808555484, 0.0827854499221, 0.0458037480712, 0.0410431064665], "dvar": [0.040868036449, 0.0322379283607, 0.0341427773237, 0.030286135152, 0.0168522186577, 0.014479204081], "dmean": [0.208987116814, 0.222700804472, 0.21133312583, 0.174494490027, 0.0962502360344, 0.0576624274254], "max": [0.873930573463, 0.892800867558, 0.863000392914, 0.916193187237, 0.772175431252, 0.874533772469], "var": [0.0553255937994, 0.0667700171471, 0.0422992780805, 0.0375359728932, 0.0182982552797, 0.00890042167157], "mean": [0.217254087329, 0.35302901268, 0.239577233791, 0.200614020228, 0.0961141139269, 0.0453066118062]}}, "lowlevel": {"barkbands_spread": {"dmean2": 9.66916751862, "median": 13.8906888962, "min": 0.191190049052, "dvar2": 228.245361328, "dvar": 110.077789307, "dmean": 6.35527086258, "max": 135.407562256, "var": 260.520568848, "mean": 18.7425460815}, "melbands_spread": {"dmean2": 13.323805809, "median": 17.3541412354, "min": 0.341154903173, "dvar2": 616.637878418, "dvar": 319.042816162, "dmean": 8.99717235565, "max": 239.109390259, "var": 779.012634277, "mean": 25.348903656}, "hfc": {"dmean2": 15.0164365768, "median": 15.458029747, "min": 1.22598741457e-16, "dvar2": 779.967529297, "dvar": 379.275390625, "dmean": 10.3782072067, "max": 253.640319824, "var": 850.03326416, "mean": 25.4978160858}, "barkbands_kurtosis": {"dmean2": 4.76002979279, "median": 1.92040705681, "min": -1.91428220272, "dvar2": 142.124954224, "dvar": 69.5681762695, "dmean": 3.10286140442, "max": 379.778564453, "var": 157.679351807, "mean": 4.91539812088}, "gfcc": {"mean": [-37.4682159424, 77.7844924927, -131.117477417, -1.78855478764, -68.4230194092, -2.91121840477, -56.1479034424, -17.7890930176, -35.02293396, -13.5188932419, -23.517824173, 0.512691557407, -19.9158935547], "icov": [[0.000199000511202, 0.000152495937073, 0.000194869251573, 2.54354945355e-05, 0.000243800634053, 9.87752937363e-05, 0.000239642307861, 8.91896415851e-05, 0.000410534237744, 0.000137073700898, 0.000435858994024, 0.000112715002615, 0.000505832664203], [0.000152495937073, 0.000809015356936, 0.000342012528563, 0.000307151320158, -0.000488289864734, 0.000665595405735, -1.12094139695e-05, 0.000559550186154, 4.14979222114e-05, 0.000823003880214, -0.000591885647736, 0.000961610407103, 0.000317392055877], [0.000194869251573, 0.000342012528563, 0.00142887432594, 3.31041701429e-05, -0.00079406099394, 0.000361631129635, 0.000104186488898, -9.41395483096e-05, 0.00138712173793, -0.000737824302632, 0.000275261496427, -7.91646743892e-05, 0.000373604125343], [2.54354945355e-05, 0.000307151320158, 3.31041701429e-05, 0.00211392645724, -0.000768499390688, 0.00049798382679, 0.0003446250048, 0.000680575321894, 0.000454238732345, 0.000106331637653, 0.00112749112304, -0.00063524255529, 0.000530067132786], [0.000243800634053, -0.000488289864734, -0.00079406099394, -0.000768499390688, 0.00509114470333, -0.000783471041359, 0.000470839353511, 0.000531718949787, 0.000578947190661, 0.000717536837328, 0.000123325560708, 0.000635776901618, -0.000909422524273], [9.87752937363e-05, 0.000665595405735, 0.000361631129635, 0.00049798382679, -0.000783471041359, 0.00594078330323, -0.000856274797115, -0.00090825848747, 0.000733479275368, -0.000155737783643, 0.000692452595104, 0.00142589071766, 0.00162198289763], [0.000239642307861, -1.12094139695e-05, 0.000104186488898, 0.0003446250048, 0.000470839353511, -0.000856274797115, 0.00673849508166, -0.00246186833829, 0.00150941323955, -7.5461648521e-05, -0.00113254890312, 0.000509225006681, 0.00132657762151], [8.91896415851e-05, 0.000559550186154, -9.41395483096e-05, 0.000680575321894, 0.000531718949787, -0.00090825848747, -0.00246186833829, 0.0101916315034, -0.00207726005465, 0.00186561211012, 0.000928405846935, 0.000162110605743, 0.000919000362046], [0.000410534237744, 4.14979222114e-05, 0.00138712173793, 0.000454238732345, 0.000578947190661, 0.000733479275368, 0.00150941323955, -0.00207726005465, 0.00794449169189, -0.00222448259592, 0.00197236100212, 7.41598414606e-05, 0.000371637986973], [0.000137073700898, 0.000823003880214, -0.000737824302632, 0.000106331637653, 0.000717536837328, -0.000155737783643, -7.5461648521e-05, 0.00186561211012, -0.00222448259592, 0.0106922211125, -0.00129789055791, 0.000604386848863, 0.000236699037487], [0.000435858994024, -0.000591885647736, 0.000275261496427, 0.00112749112304, 0.000123325560708, 0.000692452595104, -0.00113254890312, 0.000928405846935, 0.00197236100212, -0.00129789055791, 0.0136370118707, -0.00281582796015, 0.000658126256894], [0.000112715002615, 0.000961610407103, -7.91646743892e-05, -0.00063524255529, 0.000635776901618, 0.00142589071766, 0.000509225006681, 0.000162110605743, 7.41598414606e-05, 0.000604386848863, -0.00281582796015, 0.0154825942591, -0.00226020766422], [0.000505832664203, 0.000317392055877, 0.000373604125343, 0.000530067132786, -0.000909422524273, 0.00162198289763, 0.00132657762151, 0.000919000362046, 0.000371637986973, 0.000236699037487, 0.000658126256894, -0.00226020766422, 0.0147555638105]], "cov": [[12297.8378906, -2849.25146484, -1250.7947998, 307.336578369, -987.25012207, 188.90171814, -294.780609131, 73.0074005127, -161.434005737, -60.2816810608, -515.356872559, -19.5187549591, -374.291046143], [-2849.25146484, 2944.96655273, -279.655029297, -354.050323486, 334.857666016, -236.346008301, 45.9242935181, -128.107040405, 50.8791046143, -166.680938721, 225.253631592, -111.534141541, 78.8570098877], [-1250.7947998, -279.655029297, 1296.75146484, 171.366760254, 275.567657471, -5.7545208931, 18.5932598114, -43.4451904297, -193.318588257, 75.0497207642, 31.0157737732, 38.1867752075, 36.6861991882], [307.336578369, -354.050323486, 171.366760254, 651.100280762, 88.3504714966, -32.3749694824, -78.8447952271, -61.5510559082, -67.4677047729, 8.31118774414, -65.5897445679, 37.9427680969, -0.419392198324], [-987.25012207, 334.857666016, 275.567657471, 88.3504714966, 352.121398926, -15.2624969482, -7.25826025009, -49.7160682678, -55.7655525208, -17.9332427979, 36.4386634827, -7.05717945099, 42.6046142578], [188.90171814, -236.346008301, -5.7545208931, -32.3749694824, -15.2624969482, 226.040985107, 49.1352539062, 47.8865318298, -12.0937576294, 8.49764060974, -23.9223766327, -20.1130199432, -35.1165275574], [-294.780609131, 45.9242935181, 18.5932598114, -78.8447952271, -7.25826025009, 49.1352539062, 203.513320923, 55.4957389832, -19.2484779358, -4.09559392929, 28.9575653076, -12.5722608566, -18.7891693115], [73.0074005127, -128.107040405, -43.4451904297, -61.5510559082, -49.7160682678, 47.8865318298, 55.4957389832, 140.398529053, 36.1350898743, -7.05250310898, -15.152885437, -6.50346851349, -19.6148490906], [-161.434005737, 50.8791046143, -193.318588257, -67.4677047729, -55.7655525208, -12.0937576294, -19.2484779358, 36.1350898743, 199.619598389, 22.6776218414, -14.2118453979, -6.00498771667, 3.45303893089], [-60.2816810608, -166.680938721, 75.0497207642, 8.31118774414, -17.9332427979, 8.49764060974, -4.09559392929, -7.05250310898, 22.6776218414, 119.270179749, 1.91789138317, 7.37668037415, 0.781084775925], [-515.356872559, 225.253631592, 31.0157737732, -65.5897445679, 36.4386634827, -23.9223766327, 28.9575653076, -15.152885437, -14.2118453979, 1.91789138317, 112.231948853, 9.65033149719, 14.4079551697], [-19.5187549591, -111.534141541, 38.1867752075, 37.9427680969, -7.05717945099, -20.1130199432, -12.5722608566, -6.50346851349, -6.00498771667, 7.37668037415, 9.65033149719, 79.8483734131, 15.8829927444], [-374.291046143, 78.8570098877, 36.6861991882, -0.419392198324, 42.6046142578, -35.1165275574, -18.7891693115, -19.6148490906, 3.45303893089, 0.781084775925, 14.4079551697, 15.8829927444, 89.0796203613]]}, "spectral_energyband_middle_low": {"dmean2": 0.00627932883799, "median": 0.00900134816766, "min": 2.91892595589e-22, "dvar2": 8.69771538419e-05, "dvar": 4.1882005462e-05, "dmean": 0.00441797543317, "max": 0.0873744115233, "var": 0.00013131184096, "mean": 0.012548009865}, "melbands_crest": {"dmean2": 4.60836601257, "median": 12.9663162231, "min": 2.73943448067, "dvar2": 20.5049819946, "dvar": 8.25883769989, "dmean": 2.90446805954, "max": 37.2267189026, "var": 22.7316112518, "mean": 13.669005394}, "spectral_kurtosis": {"dmean2": 5.15624761581, "median": 5.42764616013, "min": -1.3272973299, "dvar2": 106.916793823, "dvar": 42.7855033875, "dmean": 3.1870880127, "max": 165.294799805, "var": 290.859680176, "mean": 9.2398443222}, "spectral_rms": {"dmean2": 0.000890372437425, "median": 0.00411233864725, "min": 3.22023159006e-12, "dvar2": 1.07170069441e-06, "dvar": 6.16129170794e-07, "dmean": 0.000640194222797, "max": 0.0093946037814, "var": 3.65257301382e-06, "mean": 0.00418070750311}, "zerocrossingrate": {"dmean2": 0.0187642592937, "median": 0.05078125, "min": 0.00732421875, "dvar2": 0.000753488391638, "dvar": 0.000735811714549, "dmean": 0.0171939041466, "max": 0.51318359375, "var": 0.00328135374002, "mean": 0.0678168311715}, "silence_rate_60dB": {"dmean2": 0.0519877672195, "median": 0, "min": 0, "dvar2": 0.057239446789, "dvar": 0.0253150444478, "dmean": 0.0259899105877, "max": 1, "var": 0.0878917276859, "mean": 0.0973708331585}, "erbbands_kurtosis": {"dmean2": 1.87376558781, "median": 0.233200907707, "min": -1.78138017654, "dvar2": 15.0035610199, "dvar": 8.48110771179, "dmean": 1.27929198742, "max": 170.522918701, "var": 24.2738838196, "mean": 1.43835771084}, "erbbands": {"dmean2": [0.000211291626329, 0.00922498945147, 0.198657244444, 1.16085779667, 9.20705127716, 9.58719921112, 8.62424182892, 10.7737693787, 14.9519290924, 25.3637523651, 39.9225158691, 31.9434719086, 33.6610298157, 34.3513145447, 28.6203918457, 28.3910312653, 36.8367462158, 49.3275604248, 52.3557014465, 29.258556366, 21.2103996277, 13.5848245621, 18.5966663361, 8.44941616058, 6.53039312363, 4.88364887238, 6.00993442535, 11.2372140884, 15.7561426163, 11.0257406235, 4.31321144104, 2.9994392395, 2.8321518898, 2.03828477859, 1.24004304409, 0.551425099373, 0.2337064147, 0.0756056159735, 0.0115385167301, 0.000550296390429], "median": [0.000138406467158, 0.00623141229153, 0.17904073, 0.980864286423, 3.51611185074, 7.03293991089, 7.75449991226, 9.50841140747, 6.19523477554, 5.00017166138, 3.69050955772, 3.28913497925, 7.32413339615, 8.01069831848, 9.26614093781, 10.9534740448, 17.9381256104, 8.42823600769, 8.35899353027, 6.39080619812, 7.43875408173, 7.41094493866, 7.70326328278, 4.03002357483, 2.26334691048, 1.31198728085, 1.0428853035, 1.09096395969, 1.62142920494, 1.51575899124, 0.919372797012, 0.474023014307, 0.252111554146, 0.123720988631, 0.0678904950619, 0.024166919291, 0.00806196592748, 0.001737312763, 6.96635688655e-05, 3.71978567273e-05], "min": [1.78259466733e-22, 2.71948106787e-21, 1.07216428735e-20, 3.19655611292e-20, 7.33981591325e-20, 1.77770005829e-19, 8.4392150738e-19, 5.88709405038e-19, 3.96883791144e-19, 2.4916008709e-19, 1.40835398862e-18, 1.36435459748e-18, 1.11432333411e-18, 1.65547967669e-18, 2.56124213724e-18, 4.00634796728e-18, 3.31197451079e-18, 8.21358832684e-18, 7.70992797802e-18, 5.70026041978e-18, 4.44052803977e-18, 1.13729773795e-17, 1.4988070985e-17, 1.14101971984e-17, 8.38342256867e-18, 1.53591210467e-17, 1.69910772578e-17, 1.83216353234e-17, 1.91738546931e-17, 2.36583862599e-17, 2.02608328837e-17, 1.86116845508e-17, 1.20129463399e-17, 8.7211124363e-18, 9.30562472691e-18, 5.68490381171e-18, 2.75470003698e-18, 1.31646735406e-18, 3.37439050959e-19, 4.36627900259e-20], "dvar2": [3.05619295204e-07, 0.000539119762834, 0.16202250123, 3.73348855972, 398.2840271, 250.679946899, 316.305053711, 506.49697876, 2624.81323242, 5593.79931641, 16321.0039062, 16721.8574219, 7397.61767578, 9198.21484375, 7838.14453125, 7584.53759766, 8042.96142578, 17898.1679688, 26436.8339844, 14284.9003906, 7128.18701172, 932.737670898, 1927.88085938, 1046.64111328, 535.709228516, 227.920928955, 458.034698486, 1819.54345703, 3831.49487305, 1575.04260254, 142.815673828, 89.3460922241, 112.132240295, 64.7147445679, 29.2341079712, 3.69386410713, 0.641864299774, 0.06828879565, 0.0016509948764, 3.98353586206e-06], "dvar": [1.2184838738e-07, 0.000200758120627, 0.0544046200812, 1.49322795868, 207.468826294, 105.348449707, 133.098114014, 225.954025269, 1199.20324707, 2575.22607422, 7321.50390625, 7281.87353516, 4251.71240234, 5305.38916016, 3575.22119141, 3356.08886719, 3853.23242188, 8366.76855469, 13744.3974609, 6260.99902344, 3281.4206543, 510.759857178, 839.309875488, 418.452301025, 252.767440796, 106.875648499, 218.886734009, 919.240661621, 1824.42236328, 759.320068359, 65.8975524902, 40.231716156, 49.3565254211, 30.6749897003, 14.0426416397, 1.73416817188, 0.292813956738, 0.0307444278151, 0.000701084733009, 1.63304389389e-06], "dmean": [0.000127595514641, 0.00547158392146, 0.117301784456, 0.740496754646, 6.64510536194, 6.19248962402, 5.62888240814, 6.85129451752, 9.87501525879, 17.0896339417, 26.7170524597, 21.5802154541, 24.7837467194, 25.4650936127, 19.656873703, 19.1182785034, 25.4829158783, 33.7017974854, 36.5717887878, 19.9500656128, 14.8052473068, 9.50431632996, 12.2504253387, 5.5162358284, 4.46249818802, 3.30756115913, 4.04148864746, 7.77488470078, 10.7017621994, 7.39999628067, 2.87590146065, 1.97644436359, 1.86029434204, 1.34883737564, 0.833423674107, 0.365963101387, 0.156480357051, 0.0502942204475, 0.00725867738947, 0.000332355470164], "max": [0.0070487158373, 0.335960060358, 4.81249237061, 19.631313324, 276.071136475, 160.714401245, 202.842956543, 359.561798096, 766.34777832, 914.04510498, 1715.5592041, 1791.74914551, 1231.91088867, 1692.58190918, 1348.81604004, 1415.09106445, 1166.96740723, 1791.07324219, 2082.02563477, 2100.85620117, 2007.49414062, 727.147216797, 619.704528809, 1049.26745605, 653.335571289, 236.943130493, 341.489257812, 621.212524414, 928.929504395, 562.092285156, 219.869125366, 129.984069824, 163.794799805, 170.679092407, 151.10357666, 24.2554855347, 11.8289480209, 4.98465681076, 0.488194793463, 0.0257196221501], "var": [1.3573327351e-07, 0.000246966374107, 0.106971569359, 5.08067560196, 693.553344727, 206.404678345, 230.346008301, 511.945709229, 2216.27246094, 5450.02490234, 10938.7460938, 12802.3574219, 16278.9140625, 25698.0664062, 7376.11572266, 6245.34619141, 8173.34375, 17237.2460938, 29372.9003906, 9251.140625, 7148.27148438, 1984.91516113, 2026.15856934, 495.787597656, 392.573638916, 193.235900879, 388.271362305, 1646.09143066, 2757.66821289, 1136.37133789, 97.2765274048, 49.3856811523, 56.6831932068, 40.8573074341, 18.8579006195, 2.21167778969, 0.360447347164, 0.0359656102955, 0.000697568058968, 1.48404626543e-06], "mean": [0.000239539440372, 0.0109877446666, 0.281357288361, 1.79213058949, 13.4017152786, 12.0773115158, 12.1321725845, 15.5654745102, 18.055021286, 29.7090339661, 39.1628646851, 32.0126953125, 50.3722915649, 58.4997520447, 36.8223762512, 34.7571792603, 48.4273643494, 56.9379501343, 57.0578269958, 30.9510707855, 27.065694809, 20.2905788422, 22.9460315704, 9.87750434875, 7.16949653625, 5.11644649506, 5.82586479187, 11.1107053757, 14.53885746, 10.2574300766, 4.05493450165, 2.36488652229, 2.07122635841, 1.46941626072, 0.88230317831, 0.376044780016, 0.156309962273, 0.0485588908195, 0.00634598731995, 0.000293979159323]}, "spectral_strongpeak": {"dmean2": 1.27624320984, "median": 0.771270155907, "min": 0, "dvar2": 4.37752199173, "dvar": 1.90884125233, "dmean": 0.797262132168, "max": 14.5804300308, "var": 3.85863304138, "mean": 1.59353685379}, "spectral_energy": {"dmean2": 0.00861495081335, "median": 0.0173341091722, "min": 1.0629139201e-20, "dvar2": 0.000127013627207, "dvar": 6.71069719829e-05, "dmean": 0.00609006406739, "max": 0.090465053916, "var": 0.000285633548629, "mean": 0.0216592196375}, "average_loudness": 0.919604539871, "spectral_rolloff": {"dmean2": 1137.85437012, "median": 1313.52539062, "min": 107.666015625, "dvar2": 5664675.5, "dvar": 2875069.25, "dmean": 698.678894043, "max": 19336.8164062, "var": 5336910, "mean": 1889.88549805}, "spectral_centroid": {"dmean2": 364.657836914, "median": 996.177978516, "min": 194.661865234, "dvar2": 312283.375, "dvar": 178976.65625, "dmean": 252.870666504, "max": 11110.5634766, "var": 622430.125, "mean": 1166.71948242}, "pitch_salience": {"dmean2": 0.107081234455, "median": 0.59376513958, "min": 0.142413273454, "dvar2": 0.010380753316, "dvar": 0.00442201318219, "dmean": 0.0693711042404, "max": 0.920037508011, "var": 0.0137137565762, "mean": 0.58304464817}, "spectral_energyband_middle_high": {"dmean2": 0.00387355871499, "median": 0.00305782444775, "min": 1.39364181241e-21, "dvar2": 4.07632978749e-05, "dvar": 2.22686649067e-05, "dmean": 0.00279357493855, "max": 0.0582509376109, "var": 0.000101542325865, "mean": 0.0079587213695}, "spectral_contrast_coeffs": {"dmean2": [0.0723500773311, 0.0727367848158, 0.0602447837591, 0.0529945679009, 0.0412770956755, 0.0369459725916], "median": [-0.454934060574, -0.657401442528, -0.743741571903, -0.745069622993, -0.755910158157, -0.756189227104], "min": [-0.952617108822, -0.974307775497, -0.958474874496, -0.960079669952, -0.957629740238, -0.960689723492], "dvar2": [0.00398668134585, 0.00434603961185, 0.00281957816333, 0.00209416681901, 0.00122116389684, 0.00112282158807], "dvar": [0.00158585165627, 0.00191191677004, 0.00138187420089, 0.00107198464684, 0.0005829964648, 0.00059143739054], "dmean": [0.044631395489, 0.0462673977017, 0.0398479141295, 0.0351497419178, 0.0273210294545, 0.0254168156534], "max": [-0.249813035131, -0.303953111172, -0.403110951185, -0.40474703908, -0.544999063015, -0.528756916523], "var": [0.00971844047308, 0.00741849048063, 0.00739751197398, 0.00525197293609, 0.00348099227995, 0.00359205319546], "mean": [-0.466483026743, -0.654901683331, -0.732321858406, -0.737845659256, -0.755875766277, -0.754743397236]}, "melbands_skewness": {"dmean2": 0.966484844685, "median": 1.9271337986, "min": -2.40736174583, "dvar2": 1.23224842548, "dvar": 0.565745294094, "dmean": 0.6590321064, "max": 12.5166902542, "var": 2.79048800468, "mean": 2.17598104477}, "spectral_spread": {"dmean2": 1137290.625, "median": 3914624.5, "min": 546736.375, "dvar2": 2679250878460.0, "dvar": 1638390300670.0, "dmean": 836988.4375, "max": 40855972, "var": 5396797325310.0, "mean": 4436196.5}, "dissonance": {"dmean2": 0.035461936146, "median": 0.456761956215, "min": 0.197780221701, "dvar2": 0.00144477165304, "dvar": 0.000567711365875, "dmean": 0.0217010304332, "max": 0.500000059605, "var": 0.00155788345728, "mean": 0.446495622396}, "spectral_skewness": {"dmean2": 0.506966412067, "median": 1.88021409512, "min": -0.486208677292, "dvar2": 0.402787953615, "dvar": 0.178314715624, "dmean": 0.33178883791, "max": 10.4048786163, "var": 1.40273189545, "mean": 2.03750705719}, "spectral_flux": {"dmean2": 0.0384905338287, "median": 0.0624008849263, "min": 1.03097717863e-10, "dvar2": 0.00172354304232, "dvar": 0.000755156914238, "dmean": 0.0246370211244, "max": 0.269796937704, "var": 0.00247193896212, "mean": 0.0719414651394}, "spectral_contrast_valleys": {"dmean2": [0.677601456642, 0.587818682194, 0.549429059029, 0.500080883503, 0.478220820427, 0.606779932976], "median": [-9.24980926514, -7.26135110855, -7.58888149261, -7.79305267334, -8.14809799194, -10.4552612305], "min": [-27.7337799072, -27.3906021118, -27.4905796051, -27.1391716003, -27.3258800507, -27.2546463013], "dvar2": [0.420740306377, 0.330279797316, 0.267913401127, 0.224067687988, 0.261621892452, 0.449765443802], "dvar": [0.178667709231, 0.158263429999, 0.136301383376, 0.119558230042, 0.158594548702, 0.287810057402], "dmean": [0.406878709793, 0.378506690264, 0.357468485832, 0.331830620766, 0.345271945, 0.482218503952], "max": [-6.80082893372, -4.87969064713, -4.87605762482, -5.80587816238, -5.90580606461, -7.36952877045], "var": [0.923746466637, 1.04506373405, 1.16627931595, 1.27827477455, 1.8298510313, 2.41562867165], "mean": [-9.27653121948, -7.3686709404, -7.70711660385, -7.98940658569, -8.39861488342, -10.7323770523]}, "erbbands_flatness_db": {"dmean2": 0.0312763378024, "median": 0.193350240588, "min": 0.0309144053608, "dvar2": 0.00114673282951, "dvar": 0.000651637674309, "dmean": 0.0226397234946, "max": 0.398016273975, "var": 0.00400216551498, "mean": 0.194672778249}, "spectral_energyband_high": {"dmean2": 0.00122501095757, "median": 0.000209973513847, "min": 7.73431159519e-21, "dvar2": 1.12138268378e-05, "dvar": 5.81061749472e-06, "dmean": 0.000846977927722, "max": 0.034651953727, "var": 1.02837921077e-05, "mean": 0.00120514514856}, "spectral_entropy": {"dmean2": 0.320781439543, "median": 7.25895404816, "min": 4.1737985611, "dvar2": 0.126943871379, "dvar": 0.0722909793258, "dmean": 0.231313273311, "max": 9.78949165344, "var": 0.412638783455, "mean": 7.25511217117}, "silence_rate_20dB": {"dmean2": 0, "median": 1, "min": 1, "dvar2": 0, "dvar": 0, "dmean": 0, "max": 1, "var": 0, "mean": 1}, "melbands_flatness_db": {"dmean2": 0.0374170988798, "median": 0.200987815857, "min": 0.00706475228071, "dvar2": 0.00167027150746, "dvar": 0.00089428544743, "dmean": 0.0262765120715, "max": 0.601602196693, "var": 0.00638946564868, "mean": 0.211350694299}, "barkbands": {"dmean2": [3.25538712787e-06, 2.16785665543e-05, 0.00027370362659, 0.000653047813103, 0.00315514183603, 0.00121017300989, 0.00110941007733, 0.00192885228898, 0.00133685732726, 0.00133683381137, 0.000815606326796, 0.000695467344485, 0.000847510877065, 0.0012092719553, 0.000872125965543, 0.000476099812659, 0.000308903399855, 0.000332480325596, 0.000141583732329, 0.000109071377665, 0.000209654070204, 0.000438327842858, 0.000181377807166, 0.000157509581186, 0.000175644861883, 0.000128781728563, 6.56049523968e-05], "median": [2.82017936115e-07, 4.37605558545e-06, 0.000202069219085, 0.000383919163141, 0.00238032406196, 0.00113917514682, 0.000300927174976, 0.00016576431517, 0.000101201927464, 0.000274678284768, 0.000185205746675, 0.000196965076611, 0.000347466149833, 0.000115498485684, 0.000150982115883, 0.000111372704851, 0.000129684456624, 0.000108639273094, 5.45227667317e-05, 2.59779117187e-05, 2.6365469239e-05, 4.86138596898e-05, 3.49545080098e-05, 1.79767248483e-05, 1.09413003884e-05, 4.8738620535e-06, 4.34749466649e-07], "min": [1.40560514047e-23, 9.70410142809e-24, 1.01338302508e-23, 1.18495230447e-23, 7.40666300186e-23, 8.00390012688e-23, 2.33083879696e-23, 4.1004617511e-23, 5.50455464522e-23, 4.73184898025e-23, 6.04461386964e-23, 8.44385668896e-23, 7.7987975537e-23, 2.03976748761e-22, 9.74259563146e-23, 8.41309805563e-23, 1.80449748502e-22, 2.71831168571e-22, 1.64892300735e-22, 2.96280176835e-22, 4.31680590773e-22, 5.10601365931e-22, 8.00110743305e-22, 8.33608124991e-22, 1.01816179298e-21, 1.42406261132e-21, 2.71802643361e-21], "dvar2": [6.95673380013e-11, 3.86770837579e-09, 3.1182403859e-07, 1.41123769026e-06, 3.01388863591e-05, 5.88284137848e-06, 1.36264307002e-05, 3.34116557497e-05, 2.48136093433e-05, 1.06239376692e-05, 5.28781083631e-06, 4.60580122308e-06, 4.18624358645e-06, 1.43112993101e-05, 9.39698111324e-06, 3.64623201676e-06, 5.40155042472e-07, 8.15974374291e-07, 2.57831516137e-07, 1.12860178092e-07, 5.62432887818e-07, 2.86151430373e-06, 2.92489090725e-07, 2.96318688697e-07, 5.08874165916e-07, 1.81525038556e-07, 5.17234788333e-08], "dvar": [2.3056731871e-11, 1.47883805202e-09, 9.98870035573e-08, 5.65095092497e-07, 1.45487874761e-05, 2.65414723799e-06, 6.27586905466e-06, 1.47825257955e-05, 1.07933819891e-05, 6.26344353805e-06, 2.49531922236e-06, 2.09492986869e-06, 1.98861243916e-06, 6.86774274072e-06, 4.29378405897e-06, 1.7134883592e-06, 2.63555818947e-07, 3.43177248396e-07, 1.14775211557e-07, 5.18955438622e-08, 2.88423478878e-07, 1.36094604386e-06, 1.36808381512e-07, 1.31935834702e-07, 2.49366735261e-07, 8.41223055659e-08, 2.22830092156e-08], "dmean": [1.83267036391e-06, 1.27992616399e-05, 0.000160015639267, 0.000420919357566, 0.00218538241461, 0.000772509374656, 0.000744837161619, 0.00128249975387, 0.000893824209925, 0.00100513652433, 0.000547373434529, 0.000468610873213, 0.000575085170567, 0.000819415959995, 0.00058903277386, 0.000327879504766, 0.000206981756492, 0.000215544409002, 9.38758748816e-05, 7.37982336432e-05, 0.000144160614582, 0.000295047211694, 0.00012157359015, 0.000103178826976, 0.000117832307296, 8.56782717165e-05, 4.16061920987e-05], "max": [7.89275218267e-05, 0.0010143450927, 0.00618149992079, 0.012973761186, 0.0756534337997, 0.032460398972, 0.0502609275281, 0.0598175935447, 0.0561810694635, 0.0375495627522, 0.0363531298935, 0.0307999104261, 0.0236256867647, 0.0541901476681, 0.0440338589251, 0.0317576602101, 0.0131104988977, 0.0190404001623, 0.0147539386526, 0.00446454016492, 0.0130486628041, 0.0232328809798, 0.008459597826, 0.00712678488344, 0.0170291215181, 0.00584325287491, 0.00344742368907], "var": [2.1863125893e-11, 1.58043533816e-09, 2.02350733502e-07, 1.59606156558e-06, 4.39893774455e-05, 6.15365570411e-06, 1.15962975542e-05, 2.22615381062e-05, 1.89590555237e-05, 2.59831576841e-05, 5.38566837349e-06, 3.71198302673e-06, 4.08391861129e-06, 1.32830246002e-05, 7.26840471543e-06, 3.18372894981e-06, 7.7153043776e-07, 6.22668096639e-07, 1.69504517089e-07, 9.02855532559e-08, 5.50364347873e-07, 2.06485628951e-06, 1.98752502456e-07, 1.55988814754e-07, 3.44466485558e-07, 1.05682737228e-07, 2.29377352667e-08], "mean": [1.72558793565e-06, 1.83071624633e-05, 0.000357041339157, 0.000867316790391, 0.00469667464495, 0.00179745198693, 0.00119296065532, 0.00196569552645, 0.00125346507411, 0.00213926588185, 0.000888679467607, 0.00074957270408, 0.00101858749986, 0.00119644403458, 0.000827548210509, 0.000521919107996, 0