{"tonal": {"thpcp": [1, 0.650018334389, 0.417819708586, 0.56419801712, 0.483616888523, 0.616270303726, 0.895884752274, 0.718065977097, 0.581272065639, 0.564641535282, 0.340276896954, 0.212052464485, 0.20564994216, 0.153484106064, 0.269812881947, 0.391511917114, 0.259004324675, 0.268214911222, 0.398114055395, 0.443731755018, 0.67595911026, 0.817991197109, 0.482563972473, 0.285084366798, 0.367338627577, 0.27751493454, 0.286477744579, 0.401219695807, 0.281874537468, 0.225215226412, 0.308204650879, 0.252792388201, 0.350769579411, 0.513159096241, 0.409771591425, 0.659246385098], "hpcp": {"dmean2": [0.177740171552, 0.203689962626, 0.249994382262, 0.295093953609, 0.245443537831, 0.188184604049, 0.158073410392, 0.175854444504, 0.228944405913, 0.248008966446, 0.236639589071, 0.211294949055, 0.182648271322, 0.148342058063, 0.12722530961, 0.114830166101, 0.0935906693339, 0.0995422005653, 0.113155350089, 0.101413331926, 0.0860980898142, 0.114291265607, 0.187136232853, 0.208916410804, 0.200297772884, 0.157290175557, 0.113164156675, 0.099043674767, 0.0882175341249, 0.0956914499402, 0.0865013003349, 0.0810264348984, 0.0855991914868, 0.0934708341956, 0.10055539757, 0.125525653362], "median": [0.00976180750877, 0.0131635004655, 0.0318436697125, 0.0407545529306, 0.0353792831302, 0.0117650041357, 0.00476756086573, 0.0109508382156, 0.0274880193174, 0.0459917411208, 0.047424081713, 0.0299716386944, 0.0214841421694, 0.013428164646, 0.00498077506199, 0.00237390748225, 0.00265163881704, 0.00552412727848, 0.00626173429191, 0.00586475431919, 0.00409408891574, 0.00390274776146, 0.0113260978833, 0.0318465009332, 0.0352575667202, 0.020641874522, 0.00881143566221, 0.0053904382512, 0.00556789711118, 0.00409983890131, 0.00402507791296, 0.00588661106303, 0.00855181459337, 0.00710011227056, 0.0058993739076, 0.00731042819098], "min": [0, 0, 0, 0, 0, 0, 0, 0, 0, 0, 0, 0, 0, 0, 0, 0, 0, 0, 0, 0, 0, 0, 0, 0, 0, 0, 0, 0, 0, 0, 0, 0, 0, 0, 0, 0], "dvar2": [0.12117934227, 0.119467958808, 0.139665529132, 0.17384673655, 0.133985474706, 0.136536672711, 0.110868304968, 0.107154779136, 0.122642159462, 0.127592429519, 0.12021061033, 0.116049595177, 0.0929090157151, 0.078554391861, 0.0907496213913, 0.0833237841725, 0.0656708776951, 0.0536241531372, 0.0580409653485, 0.0457169786096, 0.0405655354261, 0.0590468272567, 0.0970842316747, 0.0935529842973, 0.0873479023576, 0.0709785819054, 0.0569807887077, 0.0565125569701, 0.0425263680518, 0.0487380325794, 0.0483018234372, 0.0338325612247, 0.032840076834, 0.0442766658962, 0.0568305253983, 0.064720004797], "dvar": [0.0445838607848, 0.0425816178322, 0.0511280298233, 0.0726040676236, 0.0491822771728, 0.0439439676702, 0.0416646040976, 0.0402469262481, 0.0469579398632, 0.0512563809752, 0.0437981262803, 0.0421620346606, 0.0361906439066, 0.0295458696783, 0.0342725217342, 0.0303831025958, 0.0227318089455, 0.0195675157011, 0.0239390581846, 0.0162593517452, 0.0151859689504, 0.0236132796854, 0.0413251407444, 0.0404134839773, 0.0402490720153, 0.0290758181363, 0.0210963953286, 0.021333578974, 0.0151844080538, 0.0179722085595, 0.0189771912992, 0.0127803254873, 0.0115464609116, 0.0167210437357, 0.0199929345399, 0.0231869071722], "dmean": [0.098600409925, 0.111325569451, 0.143770575523, 0.171653434634, 0.140752851963, 0.102404169738, 0.0878972709179, 0.0988180488348, 0.130879476666, 0.144900560379, 0.134805858135, 0.120367363095, 0.106555268168, 0.0846264064312, 0.0681765601039, 0.0622346401215, 0.0499073341489, 0.0574522837996, 0.0673026442528, 0.0597827732563, 0.049872033298, 0.0651069283485, 0.106745891273, 0.125581681728, 0.118432179093, 0.0950445532799, 0.0648389607668, 0.0565199106932, 0.0505087859929, 0.0546609573066, 0.0497525967658, 0.0470819398761, 0.049674205482, 0.0540543273091, 0.0570042170584, 0.0713371783495], "max": [1, 1, 1, 1, 1, 1, 1, 1, 1, 1, 1, 1, 1, 1, 1, 1, 1, 1, 1, 1, 1, 1, 1, 1, 1, 1, 1, 1, 1, 1, 1, 1, 1, 1, 1, 1], "var": [0.0734766721725, 0.039421826601, 0.0622676797211, 0.12082824111, 0.0576477311552, 0.0412906780839, 0.0898957774043, 0.056167922914, 0.0629342347383, 0.100918643177, 0.0699215382338, 0.0555815063417, 0.0612615048885, 0.0283982083201, 0.0244621969759, 0.0226864200085, 0.0140920188278, 0.0233731903136, 0.0473023839295, 0.0192635729909, 0.0343457981944, 0.0573592409492, 0.0513997487724, 0.0682528987527, 0.0961469858885, 0.0437922738492, 0.0250379480422, 0.0516431368887, 0.0280361324549, 0.0289695281535, 0.0637565627694, 0.0291181374341, 0.0152338780463, 0.0354088917375, 0.0277916993946, 0.0356433391571], "mean": [0.125486120582, 0.100204102695, 0.161209791899, 0.244536474347, 0.15895318985, 0.102172158659, 0.137966990471, 0.11826197058, 0.150700569153, 0.219076499343, 0.175593316555, 0.142142221332, 0.138075456023, 0.0832101106644, 0.0518545620143, 0.0502889119089, 0.0375324636698, 0.0659790933132, 0.0957389473915, 0.063336007297, 0.0655883252621, 0.0973534062505, 0.108508601785, 0.165296658874, 0.200028687716, 0.118004493415, 0.0697135254741, 0.0898276939988, 0.0678625255823, 0.0700542554259, 0.0981128513813, 0.0689286068082, 0.0550733357668, 0.0753672793508, 0.0618169568479, 0.0857759565115]}, "tuning_equal_tempered_deviation": 0.00806118920445, "chords_changes_rate": 0.0470746457577, "key_key": "A#", "tuning_diatonic_strength": 0.5547721982, "key_scale": "minor", "chords_number_rate": 0.00201748497784, "tuning_frequency": 441.017791748, "tuning_nontempered_energy_ratio": 0.678413510323, "chords_histogram": [49.1369667053, 0.112082496285, 0.448329985142, 5.2678771019, 7.03878068924, 0, 0, 0.0448329970241, 0, 15.1983861923, 6.76978254318, 5.35754299164, 0.784577429295, 0, 0.224164992571, 3.83322119713, 0.0448329970241, 0.605245471001, 0, 0.022416498512, 2.86931180954, 0.0448329970241, 0.022416498512, 2.17440032959], "key_strength": 0.745860874653, "chords_key": "A#", "chords_strength": {"dmean2": 0.00800977367908, "median": 0.560492634773, "min": 0.187677115202, "dvar2": 4.74078005936e-05, "dvar": 7.47964222683e-05, "dmean": 0.00957021769136, "max": 0.795078337193, "var": 0.0188691038638, "mean": 0.542041361332}, "chords_scale": "minor", "hpcp_entropy": {"dmean2": 0.932161867619, "median": 1.7660639286, "min": 0, "dvar2": 0.592442393303, "dvar": 0.231382802129, "dmean": 0.565411269665, "max": 4.49448728561, "var": 0.481677353382, "mean": 1.82187438011}}, "metadata": {"audio_properties": {"equal_loudness": 0, "codec": "vorbis", "downmix": "mix", "sample_rate": 44100, "analysis_sample_rate": 44100, "bit_rate": 224000, "md5_encoded": "010cd0bd108af4da848208a5e7daf34c", "length": 207.100219727, "replay_gain": -12.1845874786, "lossless": false}, "version": {"essentia_build_sha": "9d802f11a06d563db11312c01732e940832f6a11", "essentia": "2.1-beta2", "extractor": "music 1.0", "essentia_git_sha": "v2.1_beta2"}, "tags": {"title": ["Love Story"], "language": ["eng"], "albumartist": ["The Poetize Code"], "tracktotal": ["25"], "releasetype": ["album"], "musicbrainz_recordingid": ["125d8772-119e-43c9-9684-ace6220df892"], "musicbrainz_albumartistid": ["d3d8b3a0-923f-4508-a84a-9beec2fa31e1"], "album": ["Sonora"], "catalognumber": ["59825"], "releasecountry": ["XW"], "date": ["2010-01-22"], "file_name": "The Poetize Code - Sonora - 04. Love Story.ogg", "script": ["Latn"], "musicbrainz_albumid": ["cb3092d6-3909-4718-a88d-542ce4ce51b3"], "artist": ["The Poetize Code"], "totaltracks": ["25"], "artistsort": ["Poetize Code, The"], "tracknumber": ["4"], "label": ["Jamendo"], "albumartistsort": ["Poetize Code, The"], "musicbrainz_artistid": ["d3d8b3a0-923f-4508-a84a-9beec2fa31e1"], "releasestatus": ["official"]}}, "rhythm": {"bpm_histogram_first_peak_bpm": {"dmean2": 0, "median": 101, "min": 101, "dvar2": 0, "dvar": 0, "dmean": 0, "max": 101, "var": 0, "mean": 101}, "bpm": 101.718177795, "bpm_histogram_second_peak_spread": {"dmean2": 0, "median": 0, "min": 0, "dvar2": 0, "dvar": 0, "dmean": 0, "max": 0, "var": 0, "mean": 0}, "bpm_histogram_first_peak_weight": {"dmean2": 0, "median": 0.538681924343, "min": 0.538681924343, "dvar2": 0, "dvar": 0, "dmean": 0, "max": 0.538681924343, "var": 0, "mean": 0.538681924343}, "onset_rate": 2.93063998222, "beats_position": [0.592108845711, 1.18421769142, 1.77632653713, 2.36843538284, 2.96054410934, 3.55265307426, 4.14476203918, 4.73687076569, 5.32897949219, 5.92108821869, 6.51319694519, 7.10530614853, 7.70902490616, 8.31274318695, 8.91646194458, 9.52018165588, 10.1239004135, 10.7276191711, 11.3313379288, 11.9234466553, 12.5155553818, 13.1076641083, 13.6997728348, 14.2918815613, 14.8723802567, 15.4644899368, 16.0449886322, 16.637096405, 17.2292060852, 17.8097057343, 18.4018135071, 18.9939231873, 19.5860309601, 20.1781406403, 20.758638382, 21.339138031, 21.9312477112, 22.523355484, 23.1154651642, 23.707572937, 24.2996826172, 24.89179039, 25.4722900391, 26.0527877808, 26.6332874298, 27.2137870789, 27.7942848206, 28.3747844696, 28.9436721802, 29.5241718292, 30.1046714783, 30.68516922, 31.2540588379, 31.8229465485, 32.391834259, 32.960723877, 33.5296134949, 34.0985031128, 34.7138328552, 35.3175506592, 35.9096603394, 36.5017662048, 37.093875885, 37.6859855652, 38.2664833069, 38.8585929871, 39.4507026672, 40.0312004089, 40.6233100891, 41.2154197693, 41.795917511, 42.3880271912, 42.9801368713, 43.560634613, 44.1527442932, 44.7448501587, 45.3253517151, 45.9174575806, 46.5095672607, 47.1016769409, 47.6937866211, 48.2742843628, 48.8547821045, 49.4468917847, 50.0390014648, 50.6194992065, 51.2116088867, 51.8037185669, 52.3842163086, 52.9763259888, 53.5684356689, 54.1489334106, 54.7410430908, 55.3215408325, 55.9136505127, 56.5057601929, 57.0978660583, 57.6783676147, 58.2704734802, 58.8625831604, 59.4430847168, 60.0351905823, 60.6273002625, 61.2077980042, 61.7999076843, 62.3920173645, 62.9725151062, 63.5646247864, 64.1567306519, 64.7372360229, 65.3293380737, 65.9214477539, 66.5019454956, 67.0940551758, 67.686164856, 68.2666625977, 68.8587722778, 69.450881958, 70.0313796997, 70.6234893799, 71.2155990601, 71.7960968018, 72.3882064819, 72.9803161621, 73.5608139038, 74.1645355225, 74.7682495117, 75.3487548828, 75.9292526245, 76.5097503662, 77.0902481079, 77.6707458496, 78.2628555298, 78.85496521, 79.4470748901, 80.0391845703, 80.619682312, 81.2117919922, 81.8039016724, 82.3843994141, 82.9765090942, 83.5570068359, 84.1491165161, 84.7412261963, 85.3333282471, 85.9138336182, 86.5059356689, 87.0980453491, 87.6785507202, 88.270652771, 88.8627624512, 89.4548721313, 90.0469818115, 90.6274795532, 91.2079772949, 91.8000869751, 92.3921966553, 92.972694397, 93.5764160156, 94.1801376343, 94.8070755005, 95.3991851807, 95.9912872314, 96.5950088501, 97.1987304688, 97.802444458, 98.4061660767, 99.0098876953, 99.6368255615, 100.263763428, 100.890701294, 101.494422913, 102.098136902, 102.701858521, 103.305580139, 103.909294128, 104.524627686, 105.139953613, 105.743675232, 106.335777283, 106.939498901, 107.54322052, 108.146934509, 108.750656128, 109.354377747, 109.969703674, 110.585029602, 111.188751221, 111.780860901, 112.372970581, 112.965080261, 113.557182312, 114.149291992, 114.741401672, 115.333511353, 115.914009094, 116.506118774, 117.098228455, 117.678726196, 118.270835876, 118.862945557, 119.455055237, 120.047164917, 120.627662659, 121.219772339, 121.811882019, 122.392379761, 122.972877502, 123.564987183, 124.157096863, 124.737594604, 125.329704285, 125.921813965, 126.513923645, 127.106025696, 127.686531067, 128.278640747, 128.870742798, 129.462860107, 130.054962158, 130.635467529, 131.215957642, 131.796463013, 132.388565063, 132.980682373, 133.561172485, 134.153289795, 134.745391846, 135.337509155, 135.929611206, 136.510116577, 137.090606689, 137.682723999, 138.27482605, 138.855331421, 139.45904541, 140.051147461, 140.643264771, 141.223754883, 141.804260254, 142.384765625, 142.976867676, 143.568969727, 144.149475098, 144.741577148, 145.333694458, 145.914199829, 146.50630188, 147.098403931, 147.678909302, 148.271011353, 148.863128662, 149.443618774, 150.035736084, 150.627838135, 151.208343506, 151.800445557, 152.392562866, 152.973052979, 153.565170288, 154.157272339, 154.73777771, 155.329879761, 155.92199707, 156.502487183, 157.094604492, 157.686706543, 158.267211914, 158.859313965, 159.451431274, 160.031921387, 160.624038696, 161.216140747, 161.796646118, 162.388748169, 162.980865479, 163.561355591, 164.1534729, 164.745574951, 165.326080322, 165.918182373, 166.510284424, 167.090789795, 167.682891846, 168.275009155, 168.855514526, 169.447616577, 170.039718628, 170.631835938, 171.21232605, 171.792831421, 172.384933472, 172.965438843, 173.557540894, 174.149658203, 174.753372192, 175.35710144, 175.96081543, 176.564529419, 177.179855347, 177.795196533, 178.398910522, 179.002624512, 179.594741821, 180.163619995, 180.744125366, 181.313018799, 181.870285034, 182.427566528, 182.996459961, 183.565353394, 184.134231567, 184.691513062, 185.248794556, 185.852508545, 186.456237793, 187.059951782, 187.663665771, 188.26739502, 188.85949707, 189.451599121, 190.032104492, 190.624221802, 191.216323853, 191.796829224, 192.388931274, 192.981033325, 193.561538696, 194.153640747, 194.745758057, 195.326248169, 195.918365479, 196.510467529, 197.102584839, 197.69468689, 198.275192261, 198.855682373, 199.447799683, 200.039901733, 200.620407104, 201.212509155, 201.804626465, 202.385116577, 202.977233887, 203.569335938, 204.149841309, 204.741943359, 205.334060669, 205.92616272, 206.518280029], "beats_loudness": {"dmean2": 0.125766694546, "median": 0.0556926652789, "min": 8.34980196096e-10, "dvar2": 0.0141311064363, "dvar": 0.00421090237796, "dmean": 0.0658548921347, "max": 0.326466321945, "var": 0.00880183652043, "mean": 0.0881992056966}, "danceability": 1.12733662128, "bpm_histogram_second_peak_weight": {"dmean2": 0, "median": 0.0114613184705, "min": 0.0114613184705, "dvar2": 0, "dvar": 0, "dmean": 0, "max": 0.0114613184705, "var": 0, "mean": 0.0114613184705}, "beats_count": 350, "bpm_histogram_second_peak_bpm": {"dmean2": 0, "median": 96, "min": 96, "dvar2": 0, "dvar": 0, "dmean": 0, "max": 96, "var": 0, "mean": 96}, "bpm_histogram_first_peak_spread": {"dmean2": 0, "median": 0.448680341244, "min": 0.448680341244, "dvar2": 0, "dvar": 0, "dmean": 0, "max": 0.448680341244, "var": 0, "mean": 0.448680341244}, "beats_loudness_band_ratio": {"dmean2": [0.453427970409, 0.185365825891, 0.199382036924, 0.0621240399778, 0.0718568637967, 0.162454381585], "median": [0.726725459099, 0.0436509028077, 0.0316957607865, 0.0108256042004, 0.0208976808935, 0.00844804383814], "min": [1.86740107893e-05, 0.00173996540252, 0.000324194785208, 7.37730661058e-05, 5.65345681025e-06, 1.39709231917e-06], "dvar2": [0.183427095413, 0.0542673282325, 0.0819782316685, 0.0108234705403, 0.00380710558966, 0.0336372740567], "dvar": [0.059150274843, 0.0180257111788, 0.0275863353163, 0.00396185461432, 0.00146904762369, 0.0110789276659], "dmean": [0.237014219165, 0.103714413941, 0.110238589346, 0.0349484756589, 0.0384153537452, 0.0826956778765], "max": [0.997420907021, 0.882479727268, 0.94773799181, 0.403133124113, 0.258557260036, 0.710977554321], "var": [0.136330321431, 0.0257511921227, 0.0644754320383, 0.00433630449697, 0.00249321642332, 0.0118598202243], "mean": [0.581452727318, 0.120609275997, 0.186340272427, 0.0384353585541, 0.0378400012851, 0.0623405985534]}}, "lowlevel": {"barkbands_spread": {"dmean2": 6.77789831161, "median": 8.7126531601, "min": 0.107106223702, "dvar2": 107.668006897, "dvar": 54.4196624756, "dmean": 4.64586496353, "max": 106.507637024, "var": 221.778579712, "mean": 13.3456201553}, "melbands_spread": {"dmean2": 9.33006477356, "median": 9.59145832062, "min": 0.284307450056, "dvar2": 506.53112793, "dvar": 229.715896606, "dmean": 6.09524011612, "max": 283.962341309, "var": 457.278656006, "mean": 14.5244369507}, "hfc": {"dmean2": 8.90288257599, "median": 5.99143838882, "min": 1.13819192019e-16, "dvar2": 702.747741699, "dvar": 316.844909668, "dmean": 6.30865192413, "max": 378.548919678, "var": 487.956451416, "mean": 12.9697313309}, "barkbands_kurtosis": {"dmean2": 17.5161514282, "median": 4.06977319717, "min": -1.93245005608, "dvar2": 3185.30224609, "dvar": 1201.47802734, "dmean": 11.1001996994, "max": 1047.44299316, "var": 2098.484375, "mean": 19.3106613159}, "gfcc": {"mean": [-117.35749054, 125.301353455, -104.844261169, 13.8379096985, -49.0409011841, 5.35739517212, -35.1580886841, 3.92458677292, -5.66579627991, 3.83319067955, -6.63068628311, -4.10776472092, -13.2719364166], "icov": [[6.65129555273e-05, -1.36818962346e-05, -2.16542794078e-05, -8.18548141979e-05, 3.14870012517e-05, -7.23891789676e-05, 3.293060945e-05, -3.88445150747e-05, 3.44297841366e-05, -0.000109827618871, 0.000165426012245, -0.000123912323033, 6.20325154159e-05], [-1.36818962346e-05, 0.00101767014712, 0.000194475447643, 0.000430288375355, -0.0011769970879, -0.000197416215087, -0.000227621654631, 0.000253107835306, -0.000863292370923, 0.00093604210997, -0.000627918750979, 0.000210047641303, -0.000184900316526], [-2.16542794078e-05, 0.000194475447643, 0.00143125862814, -0.00017230733647, -0.0010411037365, -0.00110071140807, 0.000777655106504, -7.67033852753e-05, -0.000481108872918, -0.000163336109836, -0.000984747079201, 7.29319217498e-05, 0.000200682756258], [-8.18548141979e-05, 0.000430288375355, -0.00017230733647, 0.00142609630711, 3.36147240887e-05, -0.000954944756813, -0.000991235719994, 0.000259154709056, 0.000162863769219, 0.000805276911706, -0.000301007094095, -0.000385519204428, -7.02023680788e-05], [3.14870012517e-05, -0.0011769970879, -0.0010411037365, 3.36147240887e-05, 0.00409915251657, -0.000547911389731, -0.00106122321449, -0.000278855965007, 0.000188239282579, -0.000288152717985, 0.000326671462972, -0.00057815288892, 0.000689829932526], [-7.23891789676e-05, -0.000197416215087, -0.00110071140807, -0.000954944756813, -0.000547911389731, 0.00581316463649, -0.000989576918073, -0.00242126081139, 0.00203119800426, -0.00238456274383, 0.000442112243036, 0.0020588808693, 0.000235614468693], [3.293060945e-05, -0.000227621654631, 0.000777655106504, -0.000991235719994, -0.00106122321449, -0.000989576918073, 0.00535126123577, 0.000225568408496, -0.00250931712799, 0.000427608640166, 0.000987311010249, -0.00061578466557, -0.001408901182], [-3.88445150747e-05, 0.000253107835306, -7.67033852753e-05, 0.000259154709056, -0.000278855965007, -0.00242126081139, 0.000225568408496, 0.00906371884048, -0.00221996637993, -0.000123895617435, 0.000698789488524, 0.000735702982638, 0.000253286125371], [3.44297841366e-05, -0.000863292370923, -0.000481108872918, 0.000162863769219, 0.000188239282579, 0.00203119800426, -0.00250931712799, -0.00221996637993, 0.0105863278732, -0.00367730669677, -0.00141081155743, 0.0029063031543, 0.00248089432716], [-0.000109827618871, 0.00093604210997, -0.000163336109836, 0.000805276911706, -0.000288152717985, -0.00238456274383, 0.000427608640166, -0.000123895617435, -0.00367730669677, 0.0107386400923, 0.000958624470513, -0.00207664910704, -2.64535592578e-05], [0.000165426012245, -0.000627918750979, -0.000984747079201, -0.000301007094095, 0.000326671462972, 0.000442112243036, 0.000987311010249, 0.000698789488524, -0.00141081155743, 0.000958624470513, 0.00946617312729, -0.0031565122772, -0.000522100774106], [-0.000123912323033, 0.000210047641303, 7.29319217498e-05, -0.000385519204428, -0.00057815288892, 0.0020588808693, -0.00061578466557, 0.000735702982638, 0.0029063031543, -0.00207664910704, -0.0031565122772, 0.0108624724671, 0.000142756762216], [6.20325154159e-05, -0.000184900316526, 0.000200682756258, -7.02023680788e-05, 0.000689829932526, 0.000235614468693, -0.001408901182, 0.000253286125371, 0.00248089432716, -2.64535592578e-05, -0.000522100774106, 0.000142756762216, 0.00668674567714]], "cov": [[23834.4941406, -1609.67492676, 2350.75463867, 3025.95556641, 451.09664917, 1845.35290527, 310.695556641, 608.397766113, -76.6290359497, 633.807556152, -436.343841553, 65.116607666, -378.066894531], [-1609.67492676, 2902.63256836, 377.755523682, -726.860595703, 985.080810547, 52.2138633728, 249.397979736, 56.56199646, 356.856781006, -96.3208389282, 192.494216919, -106.725456238, -92.3036727905], [2350.75463867, 377.755523682, 2149.48120117, 677.386657715, 815.253723145, 831.505737305, 99.9432983398, 296.904876709, 186.501480103, 218.832717896, 97.2388381958, -76.3005523682, -231.460769653], [3025.95556641, -726.860595703, 677.386657715, 1663.27722168, 96.1878662109, 576.504455566, 250.099014282, 128.663269043, -70.9371337891, 87.2939224243, -55.6073989868, 24.0311336517, -11.643122673], [451.09664917, 985.080810547, 815.253723145, 96.1878662109, 844.521057129, 367.547332764, 197.053970337, 146.874862671, 183.255187988, 68.163734436, 62.5240745544, -55.6276168823, -126.173683167], [1845.35290527, 52.2138633728, 831.505737305, 576.504455566, 367.547332764, 671.257263184, 155.523193359, 213.031616211, 63.6406517029, 148.980453491, -36.2134552002, -76.172706604, -95.6722793579], [310.695556641, 249.397979736, 99.9432983398, 250.099014282, 197.053970337, 155.523193359, 335.403778076, 50.4837226868, 82.4268951416, 17.1559867859, -18.9134654999, -20.9360675812, 15.0451860428], [608.397766113, 56.56199646, 296.904876709, 128.663269043, 146.874862671, 213.031616211, 50.4837226868, 195.133239746, 69.0285949707, 64.1228485107, -21.3357810974, -46.1554222107, -57.0905685425], [-76.6290359497, 356.856781006, 186.501480103, -70.9371337891, 183.255187988, 63.6406517029, 82.4268951416, 69.0285949707, 204.147628784, 50.6007919312, 23.3233566284, -51.0423126221, -74.7897033691], [633.807556152, -96.3208389282, 218.832717896, 87.2939224243, 68.163734436, 148.980453491, 17.1559867859, 64.1228485107, 50.6007919312, 157.63710022, -20.6859874725, -6.08142185211, -44.9254379272], [-436.343841553, 192.494216919, 97.2388381958, -55.6073989868, 62.5240745544, -36.2134552002, -18.9134654999, -21.3357810974, 23.3233566284, -20.6859874725, 154.340103149, 33.8914985657, 0.109612196684], [65.116607666, -106.725456238, -76.3005523682, 24.0311336517, -55.6276168823, -76.172706604, -20.9360675812, -46.1554222107, -51.0423126221, -6.08142185211, 33.8914985657, 131.681762695, 23.4952888489], [-378.066894531, -92.3036727905, -231.460769653, -11.643122673, -126.173683167, -95.6722793579, 15.0451860428, -57.0905685425, -74.7897033691, -44.9254379272, 0.109612196684, 23.4952888489, 206.126556396]]}, "spectral_energyband_middle_low": {"dmean2": 0.0092843035236, "median": 0.00482536712661, "min": 2.1174220716e-22, "dvar2": 0.000678234850056, "dvar": 0.000273245474091, "dmean": 0.00570561131462, "max": 0.185153856874, "var": 0.000262127869064, "mean": 0.00884189456701}, "melbands_crest": {"dmean2": 4.99460554123, "median": 16.4283866882, "min": 1.52813792229, "dvar2": 21.2887306213, "dvar": 9.50068283081, "dmean": 3.24177789688, "max": 33.6208877563, "var": 39.9406318665, "mean": 17.1987876892}, "spectral_kurtosis": {"dmean2": 10.8675174713, "median": 9.41510486603, "min": -1.4128061533, "dvar2": 482.745025635, "dvar": 189.519119263, "dmean": 6.62749862671, "max": 777.1640625, "var": 991.305786133, "mean": 16.7871246338}, "spectral_rms": {"dmean2": 0.00129722349811, "median": 0.00334517285228, "min": 3.15169461709e-12, "dvar2": 4.66863184556e-06, "dvar": 2.53436860476e-06, "dmean": 0.000918244593777, "max": 0.0183043517172, "var": 2.13879447983e-05, "mean": 0.00515691796318}, "zerocrossingrate": {"dmean2": 0.0104415211827, "median": 0.02978515625, "min": 0.00244140625, "dvar2": 0.000324433727656, "dvar": 0.00026153982617, "dmean": 0.00927170552313, "max": 0.52001953125, "var": 0.00198089145124, "mean": 0.0406548753381}, "silence_rate_60dB": {"dmean2": 0.0699630007148, "median": 0, "min": 0, "dvar2": 0.0764989182353, "dvar": 0.0337523370981, "dmean": 0.0349775776267, "max": 1, "var": 0.190022706985, "mean": 0.255128353834}, "erbbands_kurtosis": {"dmean2": 2.34395170212, "median": 0.258265972137, "min": -1.92798841, "dvar2": 21.0037498474, "dvar": 8.50321769714, "dmean": 1.46447324753, "max": 81.1742324829, "var": 13.4853572845, "mean": 1.06537473202}, "erbbands": {"dmean2": [0.389115512371, 4.54634284973, 6.73237800598, 15.0858926773, 15.0865936279, 5.31528282166, 5.40695905685, 8.64716625214, 13.8327989578, 21.4832763672, 13.0237512589, 17.7205791473, 15.3529787064, 7.744972229, 12.4382429123, 9.93713188171, 13.6681423187, 8.91891479492, 7.65375900269, 7.74311256409, 6.79891109467, 6.32742547989, 8.287733078, 8.68606281281, 5.85682725906, 11.2038631439, 8.68608093262, 9.39985179901, 9.93586444855, 3.70225477219, 2.92834305763, 2.23526787758, 2.3607673645, 0.72707504034, 0.22836714983, 0.0728003829718, 0.0204976536334, 0.00352623243816, 0.000337837584084, 6.82364188833e-05], "median": [0.0299319922924, 0.304094314575, 0.697496891022, 0.809810578823, 1.25347542763, 1.78505408764, 2.02809786797, 2.75755167007, 6.41539764404, 11.3172082901, 5.30393695831, 3.63838601112, 2.02430105209, 1.14931964874, 2.56256532669, 1.61341571808, 2.5819914341, 3.14848661423, 3.30989217758, 2.47822928429, 0.958042144775, 0.604390025139, 1.0518116951, 0.560414612293, 0.255093842745, 0.157753482461, 0.126976966858, 0.11473364383, 0.0777773931623, 0.0560279153287, 0.0487347617745, 0.0473778285086, 0.0124765206128, 0.00578290596604, 0.00333484844305, 0.00151991727762, 0.00109943433199, 0.000224938805331, 2.40090357693e-05, 2.00870035769e-05], "min": [1.63307207808e-22, 2.07503365953e-21, 1.21505715323e-20, 1.30391686897e-20, 3.4438466038e-20, 1.09525191606e-20, 5.2743698344e-20, 2.04521647225e-19, 3.56969845046e-19, 3.68918417296e-19, 3.4231781391e-19, 5.65038804629e-19, 4.34766078259e-19, 8.87880987059e-19, 9.82708248699e-19, 2.1832551321e-18, 2.5317194408e-18, 3.39676465948e-18, 2.59652180396e-18, 5.0178972122e-18, 5.51059659072e-18, 7.007812111e-18, 5.42344566856e-18, 6.96797840143e-18, 7.36764725799e-18, 9.52441648047e-18, 1.17257277246e-17, 1.2898403481e-17, 1.26206246508e-17, 1.28228810639e-17, 1.48482327937e-17, 9.89130086064e-18, 1.05921461782e-17, 9.76759848157e-18, 8.58528855253e-18, 4.82712372035e-18, 2.54754237194e-18, 1.14924493501e-18, 2.52056821896e-19, 3.27981927327e-20], "dvar2": [0.862400770187, 141.964996338, 239.239990234, 1702.70092773, 2822.53051758, 108.425674438, 126.202758789, 389.589141846, 1105.32458496, 2783.77172852, 1152.91308594, 2829.03808594, 3053.19873047, 832.189453125, 1381.95751953, 1100.96862793, 1270.33081055, 478.531463623, 1026.47558594, 586.465393066, 650.024963379, 474.064178467, 675.323181152, 706.159362793, 376.168762207, 1726.18054199, 934.811157227, 971.380187988, 1530.15893555, 158.010452271, 111.217575073, 104.912963867, 431.305175781, 35.5281677246, 15.392827034, 1.32659709454, 0.0210769250989, 0.000488638761453, 4.55545705336e-06, 1.12035877464e-07], "dvar": [0.458311349154, 60.1754264832, 91.5639724731, 672.890808105, 1086.7512207, 38.9687156677, 49.0543441772, 134.946716309, 418.054290771, 1097.60546875, 424.174407959, 1222.0546875, 1077.06530762, 354.477508545, 490.640014648, 385.059753418, 425.097076416, 187.833969116, 374.615203857, 264.8253479, 273.857147217, 225.242752075, 319.769989014, 315.276367188, 184.924606323, 662.118652344, 454.679443359, 515.163635254, 611.090759277, 90.8258056641, 56.4163246155, 46.0945777893, 165.895980835, 12.5990829468, 5.36958217621, 0.475450992584, 0.00865246728063, 0.000204557931283, 1.79108030807e-06, 4.39363709859e-08], "dmean": [0.28062710166, 2.96397352219, 4.00171136856, 8.66543388367, 8.81620407104, 3.13420248032, 3.36342930794, 5.06490850449, 8.73959159851, 13.808385849, 8.13755607605, 11.7150850296, 8.91958332062, 4.81635856628, 7.20197153091, 5.49971103668, 7.96931648254, 5.31875276566, 4.69119739532, 4.8292093277, 4.44372940063, 4.31949710846, 5.70196342468, 5.2830581665, 3.63770985603, 6.68588209152, 5.75794410706, 6.41704463959, 6.56470489502, 2.79940986633, 1.94137072563, 1.53272283077, 1.44207894802, 0.460339725018, 0.14253090322, 0.0451041646302, 0.0133097358048, 0.00230547226965, 0.000218063069042, 4.38258466602e-05], "max": [7.13574361801, 80.3584823608, 95.5270843506, 258.475891113, 389.479217529, 80.2840270996, 116.026229858, 137.309570312, 396.673400879, 596.299499512, 314.336456299, 981.485717773, 376.945098877, 614.676513672, 253.091278076, 293.822174072, 491.122802734, 421.893035889, 753.895080566, 563.995117188, 555.298950195, 217.244384766, 380.007354736, 341.54989624, 349.528381348, 558.487854004, 341.467468262, 265.619995117, 280.848144531, 264.882293701, 203.057189941, 216.959594727, 475.498260498, 125.316101074, 162.531311035, 48.7534637451, 3.65113401413, 0.534358203411, 0.0574600920081, 0.012170762755], "var": [2.8350520134, 181.889602661, 189.206176758, 614.632751465, 862.170654297, 44.4935073853, 73.0892028809, 148.419036865, 528.269042969, 1484.85400391, 497.278717041, 4499.62255859, 920.844421387, 690.519348145, 398.117553711, 269.56427002, 514.174865723, 217.86831665, 361.292449951, 395.122558594, 360.694610596, 324.9296875, 470.821655273, 476.480316162, 309.141448975, 715.592956543, 621.362670898, 880.046630859, 767.917297363, 169.023101807, 84.7059020996, 56.6862068176, 147.7787323, 9.17849349976, 3.3766181469, 0.341957181692, 0.0125762755051, 0.000533925078344, 7.1163535722e-06, 1.69521598536e-07], "mean": [0.908866763115, 7.34747552872, 7.20522594452, 9.08819484711, 8.72626018524, 4.19240236282, 5.17158222198, 6.75383424759, 13.8833312988, 24.2611713409, 13.1849079132, 23.7031173706, 11.006611824, 6.39177083969, 8.07334136963, 5.86076974869, 9.98374843597, 7.08729124069, 6.81433534622, 7.74926948547, 6.16164588928, 5.48064279556, 7.55150842667, 6.57949590683, 5.26378536224, 6.99217939377, 6.75355577469, 8.35486125946, 7.88427400589, 3.9787504673, 2.55630326271, 2.04759645462, 1.71213984489, 0.526916980743, 0.180550426245, 0.068552672863, 0.0226871259511, 0.00516213756055, 0.000550607510377, 0.000133858018671]}, "spectral_strongpeak": {"dmean2": 0.457203239202, "median": 0.512080669403, "min": 0, "dvar2": 0.528628826141, "dvar": 0.200795173645, "dmean": 0.275315821171, "max": 10.1160955429, "var": 0.400172770023, "mean": 0.665573894978}, "spectral_energy": {"dmean2": 0.0234065279365, "median": 0.0114699359983, "min": 1.01815092816e-20, "dvar2": 0.0022876705043, "dvar": 0.00111398252193, "dmean": 0.015833389014, "max": 0.343425512314, "var": 0.00520890811458, "mean": 0.0491812899709}, "average_loudness": 0.585323929787, "spectral_rolloff": {"dmean2": 695.089538574, "median": 538.330078125, "min": 64.599609375, "dvar2": 2318280.25, "dvar": 1116286, "dmean": 413.401428223, "max": 19509.0820312, "var": 2888996.25, "mean": 1029.46166992}, "spectral_centroid": {"dmean2": 356.112609863, "median": 670.953735352, "min": 87.9180297852, "dvar2": 402981.15625, "dvar": 212947.078125, "dmean": 238.398849487, "max": 11547.6064453, "var": 593685.0625, "mean": 907.704284668}, "pitch_salience": {"dmean2": 0.13285279274, "median": 0.455269485712, "min": 0.0485099963844, "dvar2": 0.0172966029495, "dvar": 0.00673619750887, "dmean": 0.0831411033869, "max": 0.981823503971, "var": 0.022177875042, "mean": 0.451930820942}, "spectral_energyband_middle_high": {"dmean2": 0.00148609641474, "median": 0.000598046055529, "min": 1.25471939327e-21, "dvar2": 1.49251927724e-05, "dvar": 6.43088742436e-06, "dmean": 0.000940453202929, "max": 0.0513055063784, "var": 9.17523084354e-06, "mean": 0.00150352739729}, "spectral_contrast_coeffs": {"dmean2": [0.0806482210755, 0.0690694153309, 0.0607265941799, 0.0507541112602, 0.0367795228958, 0.0330485217273], "median": [-0.664941906929, -0.721532583237, -0.761770546436, -0.745093226433, -0.798217892647, -0.798743903637], "min": [-0.970809996128, -0.997316658497, -0.996828258038, -0.995180785656, -0.978244066238, -0.965342700481], "dvar2": [0.00487184850499, 0.00324252177961, 0.00251510855742, 0.00175176258199, 0.000941627076827, 0.00124144519214], "dvar": [0.00204906170256, 0.00126374152023, 0.00111007562373, 0.000789570505731, 0.000392412854126, 0.000707805564161], "dmean": [0.0494022853673, 0.0427871309221, 0.0381192937493, 0.0323321036994, 0.0229711718857, 0.0219415985048], "max": [-0.268081307411, -0.359323978424, -0.387686491013, -0.488308757544, -0.59473246336, -0.38103222847], "var": [0.00951293762773, 0.00654940214008, 0.00732954591513, 0.00475975126028, 0.00230358936824, 0.0054694279097], "mean": [-0.654267072678, -0.714789152145, -0.74616754055, -0.744515419006, -0.791187047958, -0.77725148201]}, "melbands_skewness": {"dmean2": 1.42595398426, "median": 2.53199410439, "min": -2.37607908249, "dvar2": 2.87342405319, "dvar": 1.33659815788, "dmean": 0.985545694828, "max": 20.080871582, "var": 8.54461097717, "mean": 3.50853562355}, "spectral_spread": {"dmean2": 910359.1875, "median": 2964413.75, "min": 95500.9609375, "dvar2": 2947391684610.0, "dvar": 1535432327170.0, "dmean": 621683.0625, "max": 48633780, "var": 6942792089600.0, "mean": 3686639}, "dissonance": {"dmean2": 0.0520939938724, "median": 0.437984913588, "min": 0.130327358842, "dvar2": 0.00240249466151, "dvar": 0.000869651208632, "dmean": 0.0316770449281, "max": 0.500000119209, "var": 0.00255557103083, "mean": 0.429012209177}, "spectral_skewness": {"dmean2": 0.865832328796, "median": 2.39747691154, "min": -0.507801830769, "dvar2": 1.02498424053, "dvar": 0.437964051962, "dmean": 0.554732441902, "max": 23.7046222687, "var": 3.10061597824, "mean": 2.58642983437}, "spectral_flux": {"dmean2": 0.0460140109062, "median": 0.0436161532998, "min": 6.56661183762e-11, "dvar2": 0.00661423476413, "dvar": 0.00288702081889, "dmean": 0.0298875272274, "max": 0.491256356239, "var": 0.00627853069454, "mean": 0.0698250457644}, "spectral_contrast_valleys": {"dmean2": [0.744392096996, 0.623890757561, 0.640353918076, 0.567455053329, 0.554948925972, 0.594721674919], "median": [-7.41965723038, -7.07529497147, -8.29924488068, -8.98134803772, -9.39435386658, -12.1538009644], "min": [-27.722196579, -27.6866340637, -27.5163593292, -27.4276695251, -27.4645252228, -27.3196334839], "dvar2": [0.506077826023, 0.457683622837, 0.572399616241, 0.529774904251, 0.624691545963, 0.77929097414], "dvar": [0.262583702803, 0.235504314303, 0.299672394991, 0.292644679546, 0.372650206089, 0.44153252244], "dmean": [0.453230470419, 0.383767127991, 0.405406057835, 0.382074892521, 0.400525927544, 0.443963736296], "max": [-4.87990903854, -4.60955858231, -5.0423541069, -5.13336801529, -5.14867067337, -7.2519569397], "var": [5.65351057053, 2.31937932968, 2.23391771317, 2.58222198486, 3.48648142815, 4.37915849686], "mean": [-8.11859321594, -7.44737291336, -8.56277561188, -9.16644763947, -9.39451980591, -11.9585142136]}, "erbbands_flatness_db": {"dmean2": 0.0273451879621, "median": 0.207577064633, "min": 0.0472252629697, "dvar2": 0.000795646454208, "dvar": 0.000419233925641, "dmean": 0.0195183940232, "max": 0.539944410324, "var": 0.00529735721648, "mean": 0.206377521157}, "spectral_energyband_high": {"dmean2": 0.00073336972855, "median": 1.68102178577e-05, "min": 7.4321039049e-21, "dvar2": 7.60975080993e-06, "dvar": 3.54684766535e-06, "dmean": 0.000540669716429, "max": 0.0379339717329, "var": 5.20710682395e-06, "mean": 0.000720352167264}, "spectral_entropy": {"dmean2": 0.362737357616, "median": 6.71104383469, "min": 4.19377708435, "dvar2": 0.216660305858, "dvar": 0.101519472897, "dmean": 0.252748459578, "max": 9.81807518005, "var": 0.594699800014, "mean": 6.83011102676}, "silence_rate_20dB": {"dmean2": 0, "median": 1, "min": 1, "dvar2": 0, "dvar": 0, "dmean": 0, "max": 1, "var": 0, "mean": 1}, "melbands_flatness_db": {"dmean2": 0.0507289208472, "median": 0.313650935888, "min": 0.00490953121334, "dvar2": 0.00376705313101, "dvar": 0.0018502981402, "dmean": 0.0354508198798, "max": 0.956429064274, "var": 0.013498198241, "mean": 0.31666469574}, "barkbands": {"dmean2": [0.000689312873874, 0.0177600234747, 0.00712838023901, 0.00587628455833, 0.00233169505373, 0.000796081905719, 0.00113782682456, 0.00095406267792, 0.000774923712015, 0.0002886535367, 0.000265015085461, 0.000283447123365, 0.00029982381966, 0.000147362923599, 0.000170864994288, 0.000137687835377, 0.000115767805255, 0.000149519677507, 0.000153973523993, 0.000203266477911, 0.000223306022235, 0.000216387503315, 9.9099604995e-05, 0.000132029352244, 4.399170939e-05, 1.14174526971e-05, 2.81150391856e-06], "median": [2.21449845412e-05, 0.00136509514414, 0.000491824932396, 0.000266024318989, 0.000639798643533, 0.000283061759546, 0.000550283060875, 0.000225093725021, 0.000144447738421, 2.54137921729e-05, 3.60924714187e-05, 3.87805557693e-05, 5.27712909388e-05, 2.78402603726e-05, 5.09368037456e-05, 1.62126434589e-05, 6.08220125287e-06, 1.80341157829e-05, 5.19345303474e-06, 3.39729422194e-06, 3.02350895254e-06, 2.02792716664e-06, 1.52919574248e-06, 1.41697557865e-06, 4.89227659273e-07, 7.60073589845e-07, 8.79331096826e-09], "min": [6.20234392551e-24, 1.27214943906e-23, 8.31630024717e-24, 4.29071346554e-24, 4.32326620523e-24, 2.15721303607e-23, 2.38692838504e-23, 2.73248827349e-23, 1.9838736317e-23, 1.68682300913e-23, 2.15995716762e-23, 4.18210222836e-23, 4.96118252054e-23, 4.78150556542e-23, 7.78904723291e-23, 9.22966754238e-23, 1.23787472646e-22, 9.07755433392e-23, 1.19787745908e-22, 1.96730234621e-22, 2.67324362043e-22, 4.0277761073e-22, 5.01776726083e-22, 5.90829655952e-22, 1.10446625572e-21, 1.41338085406e-21, 2.21114626972e-21], "dvar2": [4.00976296078e-06, 0.00211434834637, 0.000335948338034, 0.000352388975443, 3.76989737561e-05, 3.06328706756e-06, 5.74240948481e-06, 7.22257800589e-06, 5.50845425096e-06, 9.67204982771e-07, 6.62011188979e-07, 9.76790033747e-07, 5.80306448228e-07, 2.41027663606e-07, 3.5504641005e-07, 2.48386811563e-07, 1.33390713586e-07, 2.24106472047e-07, 2.4262021725e-07, 5.27536656136e-07, 5.89876947288e-07, 6.62893512526e-07, 1.43202385061e-07, 9.45594479163e-07, 2.15990894503e-07, 1.20252030555e-08, 2.83196688322e-10], "dvar": [1.63068307302e-06, 0.000921155326068, 0.000118478317745, 0.00014250233653, 1.37635679494e-05, 1.09350924049e-06, 2.22401763494e-06, 2.87393459075e-06, 2.19820572056e-06, 3.6422386529e-07, 2.79210468079e-07, 3.3590839621e-07, 1.96022568844e-07, 8.74554686447e-08, 1.38322988619e-07, 1.07476061828e-07, 6.76480382822e-08, 1.11839661088e-07, 1.02598768592e-07, 2.14308528257e-07, 2.96630986441e-07, 2.98089133821e-07, 7.0715891809e-08, 3.70584388065e-07, 7.59220881719e-08, 4.55054305348e-09, 1.10521612695e-10], "dmean": [0.000412338995375, 0.0118987094611, 0.00409398926422, 0.00353512098081, 0.00136319780722, 0.000475923792692, 0.000735602574423, 0.000591712945607, 0.000502175767906, 0.000170580504346, 0.000162880649441, 0.000155689471285, 0.000176792324055, 8.71486408869e-05, 0.000105989791336, 8.64182584337e-05, 7.39584720577e-05, 0.000104904371256, 9.08389920369e-05, 0.000124304293422, 0.000152910884935, 0.000153215514729, 6.90497763571e-05, 8.33986923681e-05, 2.81130251096e-05, 7.55566134103e-06, 1.74249498741e-06], "max": [0.0290562454611, 0.328613638878, 0.0968700945377, 0.133560791612, 0.041880492121, 0.0127249630168, 0.0221526157111, 0.0308966692537, 0.0376910939813, 0.00784160941839, 0.0154855055735, 0.00647629378363, 0.0104096811265, 0.0124830044806, 0.0164065808058, 0.0108485892415, 0.00363851012662, 0.00674733379856, 0.00704986834899, 0.0108739212155, 0.00595487235114, 0.00623751245439, 0.00925668422133, 0.0222907122225, 0.016433512792, 0.0040555014275, 0.000574066594709], "var": [1.92726042769e-06, 0.00341398315504, 0.000123023433844, 0.000124873055029, 1.12891430035e-05, 1.43095508065e-06, 3.86477768188e-06, 3.39303164765e-06, 6.18248259343e-06, 3.54556846105e-07, 4.3629955826e-07, 2.10639086617e-07, 2.41168010007e-07, 8.78932695514e-08, 1.6562209737e-07, 1.4974769158e-07, 1.00954444804e-07, 1.72121673359e-07, 1.43626408544e-07, 2.66810616267e-07, 4.54399298633e-07, 4.58015080085e-07, 1.05876480916e-07, 3.46039257693e-07, 5.09246724789e-08, 5.08258279908e-09, 4.00955574298e-10], "mean": [0.000545695889741, 0.0326532162726, 0.00495770061389, 0.00332173262723, 0.0016587151913, 0.000690552406013, 0.00131649815012, 0.000820784887765, 0.000946919608396, 0.000184890333912, 0.000193813189981, 0.000157277041581, 0.000221979003982, 0.000108479085611, 0.000165389195899, 0.000116244998935, 9.49326276896e-05, 0.000139228752232, 0.0001084