{"metadata": {"tags": {"bpm": ["114.07"], "musicip_puid": ["d191ea9d-c577-fc56-5cb4-d943c66c3a4e"], "musicbrainz_albumid": ["fafa6310-99a1-49e4-a69b-f61f59744b17"], "genre": ["Country"], "musicbrainz_artistid": ["b0295e0d-9ae7-4bcc-962a-bf5895e562d7"], "title": ["Listen to the Radio"], "tracknumber": ["02"], "artist": ["Lee Kernaghan"], "musicbrainz_albumartistid": ["b0295e0d-9ae7-4bcc-962a-bf5895e562d7"], "album": ["The New Bush"], "musicbrainz album type": ["Album"], "musicbrainz_recordingid": ["126f0f40-c2ad-4efa-ac97-181ac447c3a8"], "musicbrainz album release country": ["Australia"], "date": ["2006"], "acoustid_id": ["d111db76-dc59-4917-aeb5-0fd9e625ecbc"], "file_name": "Lee Kernaghan - Listen to the Radio.mp3", "acoustid_fingerprint": ["AQADtEmiaZSSg1aC9Hh47FLwRYuQExqP9EcphcWPVkWzI6ZoBWVpyGtg6keutLiIoV1xc7gE-kb04c-h-bC8oGpJ3PiPXM5x5viYMUXJG-6ITzXScNLxGzq8S0E7dngY7qj8QWz245rxwU-MvtD4IF0i9AkbNOVR_Dim5AgpPbjUOMG9oz-Mf8VFPCREnD4sRQ3-44pifNhzlMeTGfWy7UjI8cHhoXaMqqGF9EmC8xkS7_AzjIYf-ApCK4d0JUEuXD8e4SGpgFHNSIXjLGPQ_3iOvMkCPVF6hF2eY0r04DwwberR5DlOMNfh_cjH48xS-If4Hs8z-JtVVB_6H5aH8qCD_PiTBP9xPMfx5zgal4pwr_BKBqaCSnoO7vjxI36g7wgZJUf948uOfDv-QM8-PBnuHSHfCGlyoc0n4c3xMCOaPTPa6UL_QWpnXMWTI19GNBHZ4M5wvDtCJMsjoZR0mEd51CJu9viF8Edy9NgmVRMejFGP7dkRmwkBsTLePnASccdjwccjlInxHd-DvtASH-qHE72wP5hIG-pclGoMi1eR9stxa_AjIvyhPwjto9mmHM8ezBfRvMNDx0h0bwgTZccTjegPO8mRfYH2J0ZeCs2ooeXxZLGOiPCtZHjwoXkQXtJxTUnyEDt3HM-cI_yKhvkhfRPOsBF-TahEaGGUCg8P_RTCF82PS1RxUTwaz6htBc-2BCEJIdRwLR_44-seHE8S5AfzhdEh7hF-HlUu_Hho_A2aoydY5kK1PsEUBSea8Og_fCN0_jCDHM-PL8eoHw8eoRcPf4V9MB6Lo0eYJ8RvQdeFG1nyHV2PlrOFh0TF4BQz9MzR_GiTKUKjTTkuCuGfDeIdEaGV3DgPRqIMJvLxfnhe4ZyDSIeYR0K1Zcjj41lxGncuVF5efAyu4wuc78gJ8TzyHJOorOgLH4yO49fRn0iu2BH6BXF1PD-a8Ed_fEf2of8SiEl4xFSGb8dz_OiPX8GZ7eASmbg55IGWJ5MQdiQu93iSo7nRa_iUB8-5IOPxrNASdYV2fvgzYX9x4VcObY1yVJY1fEeeMUfJILfwQ0-YCj8RJleOK8f9Ihd16Nk29FqQF74wSczxXAr-V7hCBo9GvMeDynrQLLkRMyH-BBW0cMfDBs-FH0yunfiiiLCHH9aT4tKR63hZ9Mhj6EekT5TwWcYZdcZ1NBO-hjgzKoIfnMfVI5JSSdCyREryIE9yMETz4Lci5MpyqA0-M4XlZYhfRP-R_DEuoofrD1d2pehJCqeO8IwDvXqQK3D1ZeiDH2GOSce7ByVlCc4e4tKHqrpw4ccLXUK_C82SJ8FxFdpluESsC_8GT_oRngH_D9ozNBdyTCfSx3gMLV-MOLpR_fCH6dFRP8KTyPjBSZomodEfXFmDMFvR7bizHtItCs0VlNrBRnvRb8dhewyq3AlUvkMzBtqPvYh5UTiP68Gb5aiHMF84fMzxS4LYqdiTG9eRvYf_IM9xv9DVFUef44eW5QHLHPlEJ9hfuC9-HT383HB_1ElCHNZ1xDr07NiT4JeC5rh3pFWEOkGTH12-4Ud1pYKZwy7xmcgPPdsQ6klDXAsqDc2F30nQRll4NMMTLYjTRDFUSSfCLEouuM41_MGvIPnCEymzDOfQJ5txFs8t4xQzJYGXBckdhJZ0NN2CBlWPbvvQRH1xRciTQ2t0fKiVbdDbHM1D1Dr05Dgt_LSIZiXa4unR6xB_9KjZgKMgRhPxZDQumYjxBAwlaceT5Pi1oz_8FrUS8eCDLDohJkd4mThv_DEuZeiD5ogFuSSic4lQTj92_EO4aNGgIxSnH39wHUemHw90Ffnx7ehu3CE-gkeuPFD0wyPxB1WMLzaHP9BxZYe-F-WfoKmOKz7qDXpy-DlyPnB2In8IeXhq4xwZ-BFiH_mD-xCVIBTF4NEcTPlRoPJh9egV3DlxqeijYB8tfIerYs8Q6jFqyFlSOMsO__ghdrxx5celHU8G3ULNG3mS7KjUKLDKI18J9w80NcdFBz-uBM9w7niO88Qf6siPKU6ObsePPAl-UdCjKFZwX_iD_giT5MGpRC8OT8ed4fPxH3kUEUmlCY1QWTreIN-FQlG65fiHH4oe5oiU3TjOHY904uuJ92gXJUNOecGlEV2bBgcjaTzMe2DI05CeoYkZotsVo2qgpcJz7PgiHY-yFPpxkuiJ5jn2C5qqsYLV44-H_jIY4tQiHXpEWEHfxPgz4T4O5bmGV7iDVUMT_eiLZ9GNJtrR4_gWdCysgZHx4cnB_ESYM3iSZLh0Y5eDHs0X4TseJGMCbw9i6ujxFGt3hD_cS4G-VoGXXEhDfQjPrdAeuGeQw22I7wme49KRf4QuBvmPL4Yj6cN3tJqO0I8Endlxwn2g7_DUNAhvcNHRHqcyhE4eQT9-MElU5RT6JAHzQ0uRpw44h8X7HM2uozrB_RH4LRWuMUay5kO6G36EHh_DrDgaJzmq9IibC3_w6cjS6PBu-Ef4Hs8FNbmHXBOYZPHRJ8eP9tgRvhCuo020w8_RMsMFHd_xHkf0kAua_ai2HE-Et8edg6V8nPjxVyku1M3ApwjDGid0ZjmyH9-H5wqaET0vNORx9UcYMYeu4lKP-IlVHH5xB3nOHF-SPPC0xMR1EM_xZJ7wNM1xaMlOlAyV4j9O6CUeHZcQZjne3XgLV8dFXGVwC1ZihIe8kXjyBL-CMEe_BGyiZMfXDT9COTPxMAzcHwAAMUALI5iSShgqGNTMAMMMgAIRZIRSApAliBAAOaAlEExIUARwDECgFBAAGKKNcAgAFBADgFJEHEDCCCGEYAQBAiRwCkAllBMEEIQAcgYIAJAWzhHkgFUKAmEYA8Ay66AhQBKEEAFKCSIJEJIQpoAACgFNEIAAGAaFAEIojhkCAgAhCSUIEQEAEwgZIYAQxgEHDBKAMQWoEBQJJABBYiNBAACCM2EAIEQYBABhwDhEmDBEASCRMQQ4AABASCGgBCEMAIEAIEIB45xQEABAGSfGACUAAYoC4YQyQAhBFECKGGCIIYJCAIwBEgFAgQBOUCSAIwwIQoQAQBFmjRFCKWSAMcI6AgARBwEFIAOKAdCEIQI4AgQAFAjgESNECOEEMIIRBQEiSBCAkMDQOEEEQwhBAABShDmDgJLIECAAMQQxCIQwgBpgkBAMACAgAUQIA4QQAgiolBIEEAEQBAgCoQgC0hgEAABAADaQFgAgqQhQFBiAACCEEkIELEgIoJQRAABgAHHCQECIUIYhgLhRQAECiHMCIQeIEhIIgwhAghJAmKREMMOIEoISYaAwgAKkACKCAQKAokBBpzBBAEkjGADCICCkIEwKQ4gBygACnBPEGECABQYYBiQQzhhHllOEEWABMMQQK4AhVAjkhCKAKOCIEEIhIRQQAhJiEDBCGaCIAEQZQgBiBhhBiGGQCGAkABABiRQCAhtABDBaGGAUUoQIAxARgCjlHDBCGGIxcIQaBoDAgAkBgEIGgAAEIUwKoowTTAklkCJCCEGEAoYYEJgFAAhCnEZIMqEEJMQoRJwgyTAHjTQACAKAU4ZAoAAhCAlEJBAAQEYMMRADCAHAQAhhBEBCWCEAYE5YRA0zFBClFBWCMUAoAQg55gQywkCuDCEGHCEgUAI5YZhCwDAGAGGIKEEIBQAwjpRwGgACAGGOCoIARUwBhBhAjgihFCICGSC9YIQh4AA"]}, "audio_properties": {"sample_rate": 44100, "downmix": "mix", "lossless": false, "analysis_sample_rate": 44100, "md5_encoded": "59144953fc1d68dfb7a3c3ee63aac266", "equal_loudness": 0, "replay_gain": -5.80327987671, "codec": "mp3", "bit_rate": 128000, "length": 185.835098267}, "version": {"extractor": "music 1.0", "essentia_build_sha": "2d9f1f26377add8aeb1075a9c2973f962c4f09fd", "essentia_git_sha": "v2.1_beta2-1-ge3940c0", "essentia": "2.1-beta2"}}, "rhythm": {"beats_loudness_band_ratio": {"dvar2": [0.180445477366, 0.0509594790637, 0.043139282614, 0.0332842059433, 0.0293485205621, 0.0152538213879], "var": [0.0673052221537, 0.021409990266, 0.0200713966042, 0.00890212412924, 0.00785287003964, 0.00353152863681], "min": [0.0261041708291, 0.00858025997877, 0.00475430674851, 0.00309375301003, 0.000142215940286, 7.96309614088e-05], "dmean": [0.353974282742, 0.181737631559, 0.137829020619, 0.103167690337, 0.0690935626626, 0.0490353517234], "mean": [0.502843976021, 0.199991255999, 0.156705915928, 0.0943166464567, 0.0572187006474, 0.0353804193437], "max": [0.964900970459, 0.652141869068, 0.725315690041, 0.563988566399, 0.752030968666, 0.614817798138], "dmean2": [0.681853711605, 0.345973551273, 0.248232796788, 0.194015756249, 0.126918658614, 0.0945161804557], "median": [0.490967869759, 0.1621234864, 0.110348790884, 0.0664453431964, 0.0321135520935, 0.0177586786449], "dvar": [0.0518885701895, 0.0162508804351, 0.0165735632181, 0.0099279936403, 0.0104118175805, 0.00527938175946]}, "bpm_histogram_first_peak_weight": {"dvar2": 0, "var": 0, "min": 0.563739359379, "dmean": 0, "mean": 0.563739359379, "max": 0.563739359379, "dmean2": 0, "median": 0.563739359379, "dvar": 0}, "bpm": 114.00025177, "beats_count": 354, "bpm_histogram_first_peak_spread": {"dvar2": 0, "var": 0, "min": 0.380062311888, "dmean": 0, "mean": 0.380062311888, "max": 0.380062311888, "dmean2": 0, "median": 0.380062311888, "dvar": 0}, "danceability": 1.06353676319, "bpm_histogram_first_peak_bpm": {"dvar2": 0, "var": 0, "min": 115, "dmean": 0, "mean": 115, "max": 115, "dmean2": 0, "median": 115, "dvar": 0}, "beats_position": [0.557278871536, 1.13777780533, 1.71827661991, 2.26394557953, 2.79800438881, 3.32045340538, 3.85451245308, 4.37696123123, 4.8994102478, 5.42185926437, 5.94430828094, 6.47836732864, 7.01242637634, 7.53487491608, 8.05732440948, 8.59138298035, 9.11383247375, 9.63628101349, 10.1587295532, 10.6811790466, 11.2036275864, 11.7260770798, 12.2601356506, 12.7941951752, 13.3166437149, 13.8507022858, 14.3731517792, 14.8956003189, 15.4180498123, 15.9521083832, 16.4745578766, 16.99700737, 17.5310649872, 18.0535144806, 18.575963974, 19.1100215912, 19.6324710846, 20.154920578, 20.6889801025, 21.2114276886, 21.733877182, 22.2563266754, 22.7787742615, 23.312833786, 23.8468933105, 24.369342804, 24.89179039, 25.4142398834, 25.9366893768, 26.470746994, 27.0048065186, 27.5388660431, 28.0613155365, 28.5953731537, 29.1178226471, 29.6402721405, 30.1627197266, 30.68516922, 31.2076187134, 31.7300682068, 32.2525177002, 32.7865753174, 33.3090248108, 33.8314743042, 34.3655319214, 34.8879814148, 35.4104309082, 35.9444885254, 36.4785499573, 37.000995636, 37.5234451294, 38.0458946228, 38.5683441162, 39.0907936096, 39.613243103, 40.1473007202, 40.6813583374, 41.2154197693, 41.7494773865, 42.2835350037, 42.7943763733, 43.3168258667, 43.8392753601, 44.3617210388, 44.8841705322, 45.4182319641, 45.9522895813, 46.4863471985, 47.0087966919, 47.5312461853, 48.0536956787, 48.5877532959, 49.1102027893, 49.6326522827, 50.1551017761, 50.6891593933, 51.2232208252, 51.7456665039, 52.2681159973, 52.7905654907, 53.3130149841, 53.8354644775, 54.3579139709, 54.8919715881, 55.4144210815, 55.9484786987, 56.4709281921, 56.9933776855, 57.515827179, 58.0498847961, 58.583946228, 59.1063919067, 59.6288414001, 60.162902832, 60.6853485107, 61.2077980042, 61.7302474976, 62.252696991, 62.7867546082, 63.3092041016, 63.831653595, 64.3657150269, 64.8881607056, 65.4106140137, 65.9446716309, 66.478729248, 67.0011749268, 67.5236282349, 68.0576858521, 68.5685272217, 69.1025848389, 69.6134262085, 70.1474838257, 70.6699295044, 71.1923828125, 71.7264404297, 72.2604980469, 72.7829437256, 73.3053970337, 73.8394546509, 74.3619003296, 74.8843536377, 75.4184112549, 75.9408569336, 76.4633102417, 76.9973678589, 77.5198135376, 78.0422668457, 78.5647125244, 79.0871658325, 79.6212234497, 80.1552810669, 80.677734375, 81.2001800537, 81.7226257324, 82.2450790405, 82.7791366577, 83.3131942749, 83.8240356445, 84.3580932617, 84.8805389404, 85.4029922485, 85.9370498657, 86.4595031738, 86.9819488525, 87.5043945313, 88.0384597778, 88.572517395, 89.0949630737, 89.6174163818, 90.1398620605, 90.6623077393, 91.1847610474, 91.7188186646, 92.2412643433, 92.7637176514, 93.2977752686, 93.8202285767, 94.3542861938, 94.8767318726, 95.4107894897, 95.9332427979, 96.4556884766, 96.9897460938, 97.5121994019, 98.046257019, 98.5687026978, 99.1027679443, 99.6136016846, 100.147659302, 100.67011261, 101.192558289, 101.726615906, 102.249069214, 102.771514893, 103.305580139, 103.828025818, 104.362083435, 104.884536743, 105.406982422, 105.929428101, 106.463493347, 106.985939026, 107.508384705, 108.042449951, 108.576507568, 109.098953247, 109.621406555, 110.143852234, 110.677909851, 111.200363159, 111.722808838, 112.245262146, 112.779319763, 113.301765442, 113.82421875, 114.346664429, 114.869110107, 115.403175354, 115.937232971, 116.45967865, 116.982131958, 117.527801514, 118.061859131, 118.58430481, 119.106758118, 119.629203796, 120.151649475, 120.674102783, 121.2081604, 121.730613708, 122.253059387, 122.787117004, 123.309570313, 123.832015991, 124.366073608, 124.888526917, 125.410972595, 125.945030212, 126.47908783, 127.013153076, 127.523986816, 128.046432495, 128.568893433, 129.091339111, 129.61378479, 130.147842407, 130.681900024, 131.192733765, 131.726806641, 132.249252319, 132.771697998, 133.305755615, 133.828201294, 134.350662231, 134.884719849, 135.407165527, 135.929611206, 136.463668823, 136.986114502, 137.508575439, 138.042633057, 138.565078735, 139.087524414, 139.621582031, 140.14402771, 140.666488647, 141.200546265, 141.722991943, 142.245437622, 142.767883301, 143.290344238, 143.824401855, 144.346847534, 144.869293213, 145.380126953, 145.914199829, 146.448257446, 146.970703125, 147.504760742, 148.027206421, 148.561264038, 149.095321655, 149.617782593, 150.140228271, 150.66267395, 151.185119629, 151.719177246, 152.253234863, 152.775695801, 153.298141479, 153.820587158, 154.343032837, 154.877090454, 155.399536133, 155.92199707, 156.444442749, 156.978500366, 157.500946045, 158.035003662, 158.5574646, 159.079910278, 159.602355957, 160.124801636, 160.658859253, 161.19291687, 161.715377808, 162.237823486, 162.748657227, 163.271102905, 163.805160522, 164.339233398, 164.861679077, 165.395736694, 165.929794312, 166.45223999, 166.974685669, 167.508743286, 168.031204224, 168.553649902, 169.08770752, 169.610153198, 170.132598877, 170.666656494, 171.189117432, 171.723175049, 172.268844604, 172.826126099, 173.383392334, 173.963897705, 174.567611694, 175.159729004, 175.775054932, 176.390380859, 176.843170166, 177.284347534, 177.737136841, 178.178314209, 178.607894897, 179.049072266, 179.490249634, 179.896591187, 180.302947998, 180.709289551, 181.115646362, 181.521987915, 181.928344727, 182.346298218, 182.752655029, 183.228652954, 183.704666138, 184.180679321, 184.656692505, 185.144302368], "beats_loudness": {"dvar2": 0.000638658413664, "var": 0.000415999704273, "min": 4.45245717628e-07, "dmean": 0.0186779145151, "mean": 0.0425602011383, "max": 0.103060938418, "dmean2": 0.0348272286355, "median": 0.0429310947657, "dvar": 0.000200240552658}, "bpm_histogram_second_peak_weight": {"dvar2": 0, "var": 0, "min": 0.0198300275952, "dmean": 0, "mean": 0.0198300275952, "max": 0.0198300275952, "dmean2": 0, "median": 0.0198300275952, "dvar": 0}, "bpm_histogram_second_peak_spread": {"dvar2": 0, "var": 0, "min": 0.125000014901, "dmean": 0, "mean": 0.125000014901, "max": 0.125000014901, "dmean2": 0, "median": 0.125000014901, "dvar": 0}, "bpm_histogram_second_peak_bpm": {"dvar2": 0, "var": 0, "min": 148, "dmean": 0, "mean": 148, "max": 148, "dmean2": 0, "median": 148, "dvar": 0}, "onset_rate": 3.335978508}, "lowlevel": {"spectral_energyband_high": {"dvar2": 3.14193357553e-06, "var": 4.01261286243e-06, "min": 7.35340219326e-21, "dmean": 0.000393869675463, "mean": 0.000631002534647, "max": 0.0212483480573, "dmean2": 0.000578664243221, "median": 0.000102185251308, "dvar": 1.66005543178e-06}, "spectral_energyband_middle_low": {"dvar2": 9.33590126806e-05, "var": 0.000170383515069, "min": 2.6388886649e-22, "dmean": 0.00437376461923, "mean": 0.0166467539966, "max": 0.0882351845503, "dmean2": 0.00689790584147, "median": 0.0136199751869, "dvar": 3.97805779357e-05}, "spectral_energy": {"dvar2": 0.000286037800834, "var": 0.00036082661245, "min": 1.02650230195e-20, "dmean": 0.00758705567569, "mean": 0.0304129905999, "max": 0.12878292799, "dmean2": 0.0119108464569, "median": 0.0285477638245, "dvar": 0.000125365899294}, "spectral_spread": {"dvar2": 1388640468990.0, "var": 3593298509820.0, "min": 1042082.6875, "dmean": 634396.1875, "mean": 3981557, "max": 40627108, "dmean2": 873717.3125, "median": 3489346, "dvar": 800888979456}, "spectral_energyband_low": {"dvar2": 0.000212210521568, "var": 0.00011606735643, "min": 2.34807493442e-23, "dmean": 0.00427684281021, "mean": 0.00914740562439, "max": 0.116324394941, "dmean2": 0.00686593074352, "median": 0.00615920126438, "dvar": 8.98088692338e-05}, "spectral_rolloff": {"dvar2": 1368303.875, "var": 2009833, "min": 64.599609375, "dmean": 305.404724121, "mean": 1089.29931641, "max": 19659.8144531, "dmean2": 504.159851074, "median": 710.595703125, "dvar": 713410.0625}, "barkbands": {"dvar2": [1.99766219566e-07, 0.000123583493405, 3.05877620121e-05, 1.19742962852e-05, 2.45394403464e-05, 1.39645899253e-05, 2.67797495326e-05, 5.62379455005e-06, 3.79094217351e-06, 2.32752972806e-06, 2.84503562398e-06, 1.65692006249e-06, 1.0502620853e-06, 1.38508369218e-06, 1.28184126424e-06, 8.83560062448e-07, 7.34357172405e-07, 3.83600365694e-07, 1.30717396019e-07, 6.63679315949e-08, 3.15523692507e-07, 3.34866854246e-07, 2.72309961247e-07, 3.35735677481e-07, 4.13440304214e-08, 1.16284688545e-08, 2.40660336104e-09], "var": [2.55223682188e-07, 6.33308372926e-05, 1.03693064375e-05, 1.3769044017e-05, 2.54760088865e-05, 2.42987807724e-05, 3.02194839605e-05, 9.54773531703e-06, 7.13788176654e-06, 4.84990187033e-06, 4.52060066891e-06, 2.34782055486e-06, 1.68448775639e-06, 1.29669024318e-06, 2.68231224254e-06, 2.22085213863e-06, 1.04389914668e-06, 3.91817877698e-07, 1.30576566448e-07, 3.67122900968e-08, 1.15532799327e-07, 3.77545745778e-07, 2.85338700223e-07, 3.33813602538e-07, 4.93565330828e-08, 6.25543794541e-09, 7.10035641394e-10], "min": [8.81311301236e-24, 9.44038364976e-24, 3.84842242738e-24, 1.06886803016e-23, 4.23912361895e-23, 1.59228954701e-23, 3.44455199186e-23, 3.54148406445e-23, 2.9125934223e-23, 2.97573290252e-23, 6.05660834193e-23, 2.40733148349e-23, 4.45512225449e-23, 9.26209224994e-23, 1.73852195518e-22, 1.35694551771e-22, 1.42789314317e-22, 1.14239706094e-22, 2.78800508544e-22, 1.87876918101e-22, 3.80142477677e-22, 5.10302482311e-22, 5.93906440674e-22, 8.55160057357e-22, 1.11369378261e-21, 1.6336304149e-21, 2.24457094998e-21], "dmean": [0.000162470285431, 0.00296400743537, 0.00155714363791, 0.00121771823615, 0.00189022941049, 0.00128570385277, 0.00140296656173, 0.000688037194777, 0.000526493240613, 0.000497483066283, 0.000369239802239, 0.000319885235513, 0.000285809801426, 0.000278693973087, 0.000259755004663, 0.000214824452996, 0.000180983814062, 0.00010527602717, 8.93274554983e-05, 6.26566179562e-05, 0.000100705532532, 9.38651282922e-05, 7.62790441513e-05, 7.83626746852e-05, 4.46160956926e-05, 2.57499032159e-05, 8.81751384441e-06], "mean": [0.000275049998891, 0.00522536179051, 0.00250367261469, 0.00266353809275, 0.00424002762884, 0.00346023915336, 0.00286744302139, 0.00158554769587, 0.00130837631878, 0.00125931517687, 0.000783218303695, 0.000619781552814, 0.000615492637735, 0.000532203470357, 0.000544580747373, 0.00050833192654, 0.000384312326787, 0.000192303283256, 0.000165245088283, 9.15916461963e-05, 0.000106554318336, 0.000134542395244, 0.000119736818306, 0.000123009041999, 6.68392458465e-05, 2.95429945254e-05, 7.07286335455e-06], "max": [0.0036673983559, 0.0916310325265, 0.047200948, 0.0274515561759, 0.0501938834786, 0.0415035746992, 0.0703747570515, 0.042419090867, 0.0340928025544, 0.0272045060992, 0.0426316745579, 0.0340950489044, 0.0179752055556, 0.0272186975926, 0.029219282791, 0.0450561232865, 0.0172572284937, 0.0186523143202, 0.00656944699585, 0.00428084749728, 0.00620086537674, 0.0107690347359, 0.0107571575791, 0.0112528260797, 0.00350209837779, 0.00131200067699, 0.000543580681551], "dmean2": [0.000225748372031, 0.00464594736695, 0.00268403580412, 0.00204032612965, 0.00310479640029, 0.00199128128588, 0.00213645142503, 0.000988948275335, 0.000774096813984, 0.000736223882996, 0.000542918976862, 0.000489971949719, 0.000430800719187, 0.000437570677605, 0.000382619764423, 0.00030773418257, 0.000277036480838, 0.000161038144142, 0.000141752156196, 0.00010393679986, 0.000173856184119, 0.000142885692185, 0.000110796434456, 0.000113819754915, 6.57629498164e-05, 3.94099697587e-05, 1.47007895066e-05], "median": [7.19102827134e-05, 0.00313967023976, 0.00156564475037, 0.00113963056356, 0.00249067181721, 0.0013935797615, 0.00091562513262, 0.000562984670978, 0.000372087059077, 0.000441772601334, 0.000270960415946, 0.00017553048383, 0.000167430465808, 0.000120866061479, 0.000119643351354, 0.000115393660963, 9.97352763079e-05, 4.81445495097e-05, 5.66701055504e-05, 2.70838099823e-05, 1.70042530954e-05, 1.24977341329e-05, 1.40231195473e-05, 1.26406748677e-05, 7.46367049942e-06, 2.57273813986e-06, 4.40427179171e-08], "dvar": [1.0606177625e-07, 5.32356607437e-05, 1.0692462638e-05, 4.15373324358e-06, 9.51810034167e-06, 6.05270543019e-06, 1.18067564472e-05, 2.84147631646e-06, 1.78782920557e-06, 1.06614766082e-06, 1.50229595874e-06, 7.38784990517e-07, 4.5876203103e-07, 5.81520737342e-07, 6.37616437871e-07, 5.69790415739e-07, 3.46163830045e-07, 1.96342469394e-07, 5.83517341113e-08, 2.66896549306e-08, 1.20413446325e-07, 1.7890128845e-07, 1.31600387476e-07, 1.55199117557e-07, 2.03452277248e-08, 5.05983210886e-09, 9.24049170514e-10]}, "melbands_skewness": {"dvar2": 1.23986506462, "var": 1.85034048557, "min": -1.19228541851, "dmean": 0.54174721241, "mean": 2.37082314491, "max": 12.4274587631, "dmean2": 0.828009784222, "median": 2.28863930702, "dvar": 0.538893640041}, "barkbands_skewness": {"dvar2": 0.581575453281, "var": 1.2246478796, "min": -1.94727218151, "dmean": 0.425139516592, "mean": 1.60474181175, "max": 9.0241651535, "dmean2": 0.639247059822, "median": 1.58212053776, "dvar": 0.265196114779}, "erbbands": {"dvar2": [0.133209750056, 7.51672887802, 43.2043914795, 58.6442184448, 228.091491699, 395.405395508, 549.685424805, 1545.68566895, 5017.10986328, 4212.19091797, 2482.5847168, 2346.32983398, 2068.71655273, 2139.2109375, 5394.19433594, 2218.55712891, 2016.36669922, 3471.83251953, 1600.96398926, 2428.98022461, 1712.05700684, 1680.26367188, 1044.87060547, 416.475219727, 270.130615234, 165.80809021, 483.9921875, 465.995941162, 561.788818359, 333.723266602, 195.294036865, 218.113586426, 65.8136291504, 8.48659610748, 1.66454923153, 0.231593161821, 0.0386267006397, 0.00477095134556, 8.52225057315e-05, 4.53727722061e-08], "var": [0.0913145616651, 2.68501901627, 13.0362262726, 51.6550827026, 237.539474487, 385.266143799, 731.310668945, 2837.828125, 5230.40527344, 5296.59228516, 3312.33764648, 4714.86425781, 3991.52734375, 5657.42578125, 7759.52929688, 3433.49853516, 3360.84960938, 3570.42285156, 3060.62280273, 5209.03955078, 4540.19580078, 2277.99316406, 1334.57067871, 424.978790283, 211.739196777, 85.9338531494, 136.118530273, 283.767730713, 572.181152344, 287.291534424, 233.656936646, 206.757720947, 67.8988494873, 11.0483207703, 1.66341543198, 0.15316273272, 0.0196921732277, 0.00176438549533, 2.42683909164e-05, 1.3751948913e-08], "min": [4.19617910412e-22, 1.75679369031e-21, 3.41446949437e-21, 2.24615967798e-20, 1.0932936629e-19, 1.4067569872e-19, 9.92167149476e-20, 1.98823678199e-19, 5.07380128332e-19, 6.53545682606e-19, 5.74547400867e-19, 7.69678635284e-19, 7.15829280804e-19, 1.14912902633e-18, 1.95387712106e-18, 1.45730281496e-18, 2.7582190701e-18, 3.74901952334e-18, 9.70624980426e-18, 1.06503532236e-17, 8.56820810007e-18, 9.17571766606e-18, 8.10434341052e-18, 9.68144183051e-18, 1.37660017927e-17, 9.46983579493e-18, 1.34002084637e-17, 1.77425344483e-17, 1.65754123825e-17, 1.5274889245e-17, 1.51791943743e-17, 1.32399438744e-17, 1.59076030042e-17, 1.29872286167e-17, 5.97895535253e-18, 5.67224339884e-18, 2.7227466703e-18, 1.14429022654e-18, 2.85464165295e-19, 3.27795294701e-20], "dmean": [0.105280011892, 0.649819970131, 1.68573069572, 2.78764390945, 5.60481214523, 6.45827770233, 8.23049449921, 12.4398326874, 18.4593753815, 18.1486854553, 12.1465034485, 13.2542867661, 14.2409858704, 13.7781744003, 15.2624845505, 12.8667345047, 12.8830184937, 14.0402097702, 11.2531814575, 11.4481420517, 10.0501899719, 8.76845741272, 6.16630935669, 4.30040597916, 4.26899719238, 2.96652579308, 3.93196511269, 3.73406481743, 3.66488409042, 2.61968588829, 2.16398787498, 1.84643781185, 1.16219556332, 0.607440888882, 0.268150657415, 0.113471321762, 0.0464210547507, 0.0143251661211, 0.0015999590978, 4.31264234066e-05], "mean": [0.155264183879, 1.1335722208, 2.90435004234, 6.03215789795, 11.783618927, 13.8956480026, 19.6438617706, 32.4593772888, 40.2975082397, 41.1911697388, 28.8962993622, 34.1307258606, 35.9630126953, 35.6424255371, 33.2827339172, 27.6608467102, 29.1762218475, 29.8445243835, 25.576795578, 27.5511665344, 25.7453975677, 19.3520183563, 12.5215969086, 8.48180294037, 7.5296087265, 4.38245868683, 4.15563678741, 4.33448076248, 5.06525373459, 3.83124542236, 3.43458461761, 2.8803460598, 1.80947399139, 0.920970439911, 0.387694954872, 0.142809346318, 0.0510970428586, 0.0135611779988, 0.00127189990599, 6.4896143158e-05], "max": [3.07460260391, 23.0094089508, 44.8780860901, 68.1582260132, 138.137054443, 261.488525391, 249.545227051, 509.270446777, 1051.83947754, 1180.76464844, 974.078735352, 961.28314209, 887.917907715, 1018.1930542, 2010.265625, 809.809265137, 772.60534668, 1298.81616211, 886.190185547, 1152.6986084, 2327.68603516, 625.151855469, 906.952819824, 394.607940674, 279.708251953, 218.259460449, 236.361831665, 415.470703125, 444.595489502, 428.350646973, 307.067352295, 350.385375977, 208.186309814, 55.1885681152, 31.0452022552, 7.33643436432, 2.16874456406, 0.883825600147, 0.104414872825, 0.00224549439736], "dmean2": [0.157296597958, 1.08121180534, 2.92810344696, 4.68145418167, 9.51028823853, 10.3973760605, 12.8685245514, 19.2612419128, 28.1780853271, 27.2971305847, 17.6778202057, 19.3163585663, 20.5867805481, 19.7271232605, 22.0375957489, 19.3334026337, 19.3776798248, 21.994972229, 16.9517936707, 16.2909984589, 14.3182268143, 13.2646064758, 9.31793880463, 6.65391874313, 6.95796394348, 4.94737577438, 6.87914037704, 6.22108650208, 5.67127084732, 3.91374135017, 3.06912350655, 2.63903832436, 1.70579874516, 0.896532893181, 0.405865192413, 0.172088399529, 0.0717649310827, 0.0227386951447, 0.00271041831002, 7.15303249308e-05], "median": [0.0654128044844, 0.753645956516, 1.99556386471, 3.47836995125, 6.10764312744, 7.13722753525, 9.67284202576, 12.0039825439, 15.5108976364, 15.4160842896, 10.6731338501, 11.0790777206, 12.2807216644, 11.9059848785, 12.5776996613, 9.3905210495, 8.88246631622, 7.77605104446, 7.02883720398, 7.00402259827, 7.28227186203, 5.4628443718, 3.27173805237, 2.71677708626, 2.78004550934, 1.37765967846, 0.862670898438, 0.565681099892, 0.456293731928, 0.38781529665, 0.40243396163, 0.273407608271, 0.187288582325, 0.0988112166524, 0.041169475764, 0.0153345568106, 0.00376229919493, 0.000444060948212, 3.25205874105e-05, 3.87767358916e-05], "dvar": [0.0632493421435, 2.92822575569, 15.127363205, 20.2749977112, 79.364906311, 164.23449707, 230.476760864, 677.60748291, 2201.71044922, 1897.7635498, 1210.73620605, 1120.58068848, 1035.39404297, 1079.26733398, 2788.76098633, 1005.23699951, 899.399169922, 1430.59667969, 781.468261719, 1274.87512207, 1145.25488281, 797.893249512, 533.585754395, 188.943893433, 111.475440979, 65.8529052734, 176.239974976, 203.163085938, 285.304992676, 155.868743896, 100.322723389, 105.457145691, 29.277261734, 4.29941940308, 0.759722948074, 0.103549174964, 0.0166499596089, 0.00191764777992, 3.2549010939e-05, 1.73371770273e-08]}, "silence_rate_30dB": {"dvar2": 0, "var": 0, "min": 1, "dmean": 0, "mean": 1, "max": 1, "dmean2": 0, "median": 1, "dvar": 0}, "melbands_spread": {"dvar2": 239.900634766, "var": 383.637268066, "min": 1.27990412712, "dmean": 4.83670330048, "mean": 18.1368732452, "max": 213.882583618, "dmean2": 7.30929708481, "median": 13.5783662796, "dvar": 124.853034973}, "melbands_crest": {"dvar2": 17.2519264221, "var": 22.791103363, "min": 1.90865957737, "dmean": 2.52171897888, "mean": 13.1457395554, "max": 31.4079399109, "dmean2": 4.05013275146, "median": 12.3101501465, "dvar": 6.71163034439}, "zerocrossingrate": {"dvar2": 0.000225799332839, "var": 0.00144313031342, "min": 0.00390625, "dmean": 0.00853247661144, "mean": 0.0439669676125, "max": 0.49853515625, "dmean2": 0.00972541794181, "median": 0.03564453125, "dvar": 0.000225467971177}, "barkbands_kurtosis": {"dvar2": 41.1261177063, "var": 43.8078994751, "min": -1.90957415104, "dmean": 2.40668392181, "mean": 5.03352308273, "max": 111.207824707, "dmean2": 3.79460501671, "median": 3.09788203239, "dvar": 16.732339859}, "spectral_flux": {"dvar2": 0.00172086921521, "var": 0.00218622293323, "min": 6.76414410594e-11, "dmean": 0.022376684472, "mean": 0.0723534300923, "max": 0.287061691284, "dmean2": 0.0346875749528, "median": 0.0627840682864, "dvar": 0.000812829995994}, "barkbands_crest": {"dvar2": 10.4208641052, "var": 13.2798242569, "min": 2.35914945602, "dmean": 1.95093691349, "mean": 9.57297992706, "max": 22.8752632141, "dmean2": 3.14209914207, "median": 8.81319618225, "dvar": 4.13332700729}, "barkbands_flatness_db": {"dvar2": 0.000988358049653, "var": 0.00338870193809, "min": 0.0217381753027, "dmean": 0.0206655282527, "mean": 0.165241241455, "max": 0.36669036746, "dmean2": 0.0294209774584, "median": 0.162602990866, "dvar": 0.000525614246726}, "spectral_entropy": {"dvar2": 0.0979001447558, "var": 0.287325710058, "min": 5.42382764816, "dmean": 0.188139781356, "mean": 7.16729688644, "max": 9.80159091949, "dmean2": 0.263438314199, "median": 7.12088775635, "dvar": 0.055565521121}, "pitch_salience": {"dvar2": 0.00876424741, "var": 0.011682591401, "min": 0.155443429947, "dmean": 0.0574583187699, "mean": 0.580056369305, "max": 0.984478235245, "dmean2": 0.0935641080141, "median": 0.590341806412, "dvar": 0.00344449887052}, "erbbands_spread": {"dvar2": 225.357345581, "var": 278.318786621, "min": 2.82695651054, "dmean": 6.5165476799, "mean": 31.6408996582, "max": 134.778045654, "dmean2": 9.97771263123, "median": 28.4092884064, "dvar": 98.5695495605}, "dynamic_complexity": 3.61238980293, "spectral_contrast_valleys": {"dvar2": [0.18882291019, 0.225914269686, 0.167744249105, 0.182835608721, 0.347757399082, 0.406286209822], "var": [0.900007247925, 0.985015511513, 1.2163670063, 1.38026559353, 1.55478858948, 2.2356274128], "min": [-27.6329936981, -27.2900352478, -27.2408313751, -27.5257358551, -27.3761959076, -27.2973709106], "dmean": [0.293511837721, 0.306451737881, 0.286687880754, 0.284490555525, 0.326555043459, 0.411837011576], "mean": [-6.91576099396, -6.71432256699, -7.3927731514, -8.00247478485, -8.31170082092, -10.8141393661], "max": [-5.23622465134, -4.59714746475, -4.90832471848, -5.76333189011, -5.63854551315, -7.38372755051], "dmean2": [0.474455296993, 0.503857731819, 0.453181028366, 0.443836331367, 0.485019862652, 0.518640041351], "median": [-6.74261569977, -6.62246179581, -7.25932073593, -7.85781049728, -8.17444992065, -10.6448230743], "dvar": [0.0889235958457, 0.0963307246566, 0.0796374231577, 0.0936306193471, 0.174712911248, 0.252536565065]}, "hfc": {"dvar2": 214.514282227, "var": 371.617858887, "min": 1.10142440371e-16, "dmean": 5.46747684479, "mean": 19.4503669739, "max": 171.653915405, "dmean2": 8.04199886322, "median": 14.4379310608, "dvar": 108.644378662}, "spectral_kurtosis": {"dvar2": 29.1270980835, "var": 36.5348472595, "min": -1.18513274193, "dmean": 2.82611775398, "mean": 8.32250213623, "max": 47.5743408203, "dmean2": 4.62954616547, "median": 7.00809621811, "dvar": 11.0760593414}, "mfcc": {"mean": [-666.466918945, 155.426681519, 7.12171363831, 16.3272247314, 8.96197795868, 3.24290466309, -1.23900485039, 4.14900350571, -1.46349442005, 2.20608448982, -3.01969599724, 0.179963976145, 1.58950662613], "cov": [[8667.18164063, -860.189086914, -723.816772461, -342.820800781, -131.690307617, -122.401351929, -238.610992432, -216.464096069, -173.443969727, -30.3793506622, 24.729593277, 42.5230026245, 0.310871869326], [-860.189086914, 1623.10083008, -512.853759766, 7.98722028732, 104.46194458, -125.306938171, 16.3284282684, 56.3330764771, -82.2645187378, 81.6557769775, -15.3304672241, 5.92326974869, -1.4166533947], [-723.816772461, -512.853759766, 843.932434082, 25.9509716034, -37.1609764099, 69.169883728, 3.2030749321, 34.8332443237, 19.0573959351, -60.8439559937, 15.6842975616, -10.2373170853, 23.0843849182], [-342.820800781, 7.98722028732, 25.9509716034, 375.124969482, 95.5037078857, -28.9252891541, -31.2940406799, -11.5620059967, 39.9096069336, -54.9655647278, -28.3320579529, -12.1436166763, 51.4557380676], [-131.690307617, 104.46194458, -37.1609764099, 95.5037078857, 274.187255859, -51.4591064453, -68.3110427856, -21.2762374878, -1.41436231136, -16.2428398132, -27.3132858276, -13.3300237656, 16.6760959625], [-122.401351929, -125.306938171, 69.169883728, -28.9252891541, -51.4591064453, 250.062423706, 59.3771438599, -27.455947876, 65.3603515625, 4.15517902374, -7.48320293427, -12.2691059113, -11.0403985977], [-238.610992432, 16.3284282684, 3.2030749321, -31.2940406799, -68.3110427856, 59.3771438599, 212.447006226, 23.2805099487, 32.1640548706, 17.7041358948, 12.4734277725, 22.7785778046, -21.3556728363], [-216.464096069, 56.3330764771, 34.8332443237, -11.5620059967, -21.2762374878, -27.455947876, 23.2805099487, 165.94972229, -10.9349412918, 17.1875553131, 10.2621107101, 21.7844161987, -8.5473651886], [-173.443969727, -82.2645187378, 19.0573959351, 39.9096069336, -1.41436231136, 65.3603515625, 32.1640548706, -10.9349412918, 149.588485718, 7.40158510208, -22.6903572083, -13.5235614777, 7.3362660408], [-30.3793506622, 81.6557769775, -60.8439559937, -54.9655647278, -16.2428398132, 4.15517902374, 17.7041358948, 17.1875553131, 7.40158510208, 129.125793457, 22.4712562561, 9.76896381378, -19.1042976379], [24.729593277, -15.3304672241, 15.6842975616, -28.3320579529, -27.3132858276, -7.48320293427, 12.4734277725, 10.2621107101, -22.6903572083, 22.4712562561, 104.766021729, 14.8739547729, -20.5825481415], [42.5230026245, 5.92326974869, -10.2373170853, -12.1436166763, -13.3300237656, -12.2691059113, 22.7785778046, 21.7844161987, -13.5235614777, 9.76896381378, 14.8739547729, 85.7475967407, 3.4238474369], [0.310871869326, -1.4166533947, 23.0843849182, 51.4557380676, 16.6760959625, -11.0403985977, -21.3556728363, -8.5473651886, 7.3362660408, -19.1042976379, -20.5825481415, 3.4238474369, 95.9970626831]], "icov": [[0.000170154526131, 0.000162939613801, 0.000235079409322, 0.00014008123253, 6.78633659845e-05, 5.51759767404e-05, 0.000157771937666, 0.000134036046802, 0.000164964338182, 5.95925775997e-05, -6.58705994283e-06, -8.13901788206e-05, -8.74289544299e-05], [0.000162939613801, 0.00101244694088, 0.000703458499629, 7.08530133124e-05, -0.000223806942813, 0.000201241229661, -0.000115858441859, -0.000218593704631, 0.000621858926024, -0.000341819715686, 0.000150212028529, 0.000145113954204, -0.000264457485173], [0.000235079409322, 0.000703458499629, 0.00190794828814, 0.000129995241878, 6.27201879979e-05, -0.000260838656686, 0.000180157119757, -0.000449496757938, 0.000388686952647, 0.000557665422093, -0.000357298005838, 0.000201988135814, -0.000562236411497], [0.00014008123253, 7.08530133124e-05, 0.000129995241878, 0.00353559479117, -0.000899911043234, 0.000437444599811, 0.000156994501594, 4.03244630434e-05, -0.000988408690318, 0.0012610721169, -7.80493064667e-05, 8.14525628812e-05, -0.0013737808913], [6.78633659845e-05, -0.000223806942813, 6.27201879979e-05, -0.000899911043234, 0.00460573239252, 0.000592402589973, 0.00120849499945, 0.000555544800591, -0.000143480705447, 3.41009399563e-05, 0.000744198157918, 3.57980679837e-05, 0.000226152609685], [5.51759767404e-05, 0.000201241229661, -0.000260838656686, 0.000437444599811, 0.000592402589973, 0.00525368191302, -0.00102672725916, 0.000998160452582, -0.00182103423867, -7.68925310695e-05, 0.0003529395035, 0.00049789773766, 0.000374589115381], [0.000157771937666, -0.000115858441859, 0.000180157119757, 0.000156994501594, 0.00120849499945, -0.00102672725916, 0.00608463631943, -0.000442237156676, -0.00106966833118, 4.97011678817e-05, -0.000301125692204, -0.00164930697065, 0.000942411541473], [0.000134036046802, -0.000218593704631, -0.000449496757938, 4.03244630434e-05, 0.000555544800591, 0.000998160452582, -0.000442237156676, 0.00696512684226, 0.000144608478877, -0.000686913786922, 9.45003557717e-05, -0.00145935756154, 0.000547442352399], [0.000164964338182, 0.000621858926024, 0.000388686952647, -0.000988408690318, -0.000143480705447, -0.00182103423867, -0.00106966833118, 0.000144608478877, 0.00890822056681, -0.00138811126817, 0.00163042999338, 0.00105082383379, -0.000609547423664], [5.95925775997e-05, -0.000341819715686, 0.000557665422093, 0.0012610721169, 3.41009399563e-05, -7.68925310695e-05, 4.97011678817e-05, -0.000686913786922, -0.00138811126817, 0.00941791757941, -0.00183291628491, -0.000608199799899, 0.000728871615138], [-6.58705994283e-06, 0.000150212028529, -0.000357298005838, -7.80493064667e-05, 0.000744198157918, 0.0003529395035, -0.000301125692204, 9.45003557717e-05, 0.00163042999338, -0.00183291628491, 0.011170851998, -0.00138778693508, 0.00193798146211], [-8.13901788206e-05, 0.000145113954204, 0.000201988135814, 8.14525628812e-05, 3.57980679837e-05, 0.00049789773766, -0.00164930697065, -0.00145935756154, 0.00105082383379, -0.000608199799899, -0.00138778693508, 0.0131495986134, -0.0015035206452], [-8.74289544299e-05, -0.000264457485173, -0.000562236411497, -0.0013737808913, 0.000226152609685, 0.000374589115381, 0.000942411541473, 0.000547442352399, -0.000609547423664, 0.000728871615138, 0.00193798146211, -0.0015035206452, 0.0122078983113]]}, "silence_rate_20dB": {"dvar2": 0, "var": 0, "min": 1, "dmean": 0, "mean": 1, "max": 1, "dmean2": 0, "median": 1, "dvar": 0}, "melbands_kurtosis": {"dvar2": 235.788360596, "var": 167.684310913, "min": -1.8514469862, "dmean": 4.88887643814, "mean": 11.1842927933, "max": 226.979309082, "dmean2": 7.73652267456, "median": 7.83509016037, "dvar": 96.3653717041}, "barkbands_spread": {"dvar2": 115.187324524, "var": 193.586486816, "min": 1.47852659225, "dmean": 4.18764829636, "mean": 16.5218067169, "max": 122.988044739, "dmean2": 6.35771894455, "median": 12.9904117584, "dvar": 60.1410713196}, "erbbands_skewness": {"dvar2": 0.282943636179, "var": 0.681446671486, "min": -4.9487247467, "dmean": 0.32444101572, "mean": 0.472242236137, "max": 3.96633052826, "dmean2": 0.492831945419, "median": 0.494669556618, "dvar": 0.135646790266}, "average_loudness": 0.911198973656, "spectral_centroid": {"dvar2": 264255.0625, "var": 414066.25, "min": 211.135253906, "dmean": 189.536712646, "mean": 933.304626465, "max": 11377.9677734, "dmean2": 294.707580566, "median": 776.622314453, "dvar": 128252.609375}, "dissonance": {"dvar2": 0.00125563668553, "var": 0.00167191994842, "min": 0, "dmean": 0.0213674623519, "mean": 0.443868100643, "max": 0.499910742044, "dmean2": 0.0350519008934, "median": 0.454001367092, "dvar": 0.000491753220558}, "erbbands_flatness_db": {"dvar2": 0.000816754065454, "var": 0.00253267865628, "min": 0.0367553420365, "dmean": 0.0199328828603, "mean": 0.174292728305, "max": 0.417405635118, "dmean2": 0.0259272810072, "median": 0.177414685488, "dvar": 0.000503136485349}, "spectral_strongpeak": {"dvar2": 1.61530125141, "var": 1.69340205193, "min": 0, "dmean": 0.42051845789, "mean": 1.03685116768, "max": 14.7589101791, "dmean2": 0.707570075989, "median": 0.531615793705, "dvar": 0.647993922234}, "spectral_rms": {"dvar2": 1.51270057813e-06, "var": 3.44096270055e-06, "min": 3.1645942377e-12, "dmean": 0.000638305617031, "mean": 0.00512154726312, "max": 0.0112090082839, "dmean2": 0.00098882173188, "median": 0.00527744973078, "dvar": 7.10033702944e-07}, "silence_rate_60dB": {"dvar2": 0.00473175058141, "var": 0.0415830798447, "min": 0, "dmean": 0.00199900055304, "mean": 0.0434728302062, "max": 1, "dmean2": 0.00399850076064, "median": 0, "dvar": 0.00199486035854}, "melbands": {"dvar2": [9.19648664421e-06, 1.18326952361e-05, 1.95336815523e-06, 1.32295042476e-06, 6.57591158415e-07, 6.62770560211e-07, 1.12492728022e-06, 4.1526016048e-07, 1.60771648439e-07, 9.44025444483e-08, 5.22615835052e-08, 3.95637052009e-08, 5.55871508823e-08, 2.53434357944e-08, 1.32733699587e-08, 7.92146082063e-09, 1.6501946476e-08, 4.37061498104e-09, 1.10790869812e-08, 6.35565111651e-09, 2.45517450814e-09, 2.2329620375e-09, 2.5543993587e-09, 4.04114880448e-10, 3.22074200643e-10, 2.09078088176e-10, 1.06000153099e-10, 7.39533226324e-11, 1.78238451776e-10, 2.16221013316e-10, 1.92476062866e-10, 2.48939840963e-10, 1.26373425613e-10, 1.38064254473e-10, 7.81590764332e-11, 1.05813760531e-10, 8.2635918941e-11, 4.66758368067e-11, 1.81166540103e-11, 5.54452534232e-12], "var": [5.56892791792e-06, 3.66177960132e-06, 2.04169032259e-06, 1.32176796797e-06, 8.07033359251e-07, 1.18613479572e-06, 1.27938596961e-06, 5.99603879436e-07, 2.10498086517e-07, 1.75239392775e-07, 9.9396601172e-08, 9.70476392581e-08, 8.05490785183e-08, 4.08390548046e-08, 1.85342425851e-08, 1.30121433628e-08, 1.55586530326e-08, 5.91043924913e-09, 2.40760140713e-08, 1.50354200201e-08, 5.09118613934e-09, 2.94693269787e-09, 3.2225240254e-09, 4.215437166e-10, 3.08032099827e-10, 2.01257843724e-10, 6.30241206445e-11, 3.95162721989e-11, 5.07042637043e-11, 7.31556759614e-11, 1.19472237659e-10, 2.22047352727e-10, 1.18356435763e-10, 9.17340717277e-11, 8.15970138679e-11, 9.62214613542e-11, 7.18050272019e-11, 3.96091874577e-11, 1.90337866995e-11, 5.91738767361e-12], "min": [4.02373019749e-24, 1.93796460914e-24, 5.98311001362e-24, 8.99715268383e-24, 3.72625508886e-24, 4.06733842833e-24, 7.22910398051e-24, 7.09637103345e-24, 4.07834027694e-24, 4.37008943868e-24, 2.92757030157e-24, 4.23137850369e-24, 8.66137561724e-24, 2.1782985781e-24, 7.03955174903e-24, 5.18904025984e-24, 6.94236566323e-24, 1.38720401322e-23, 1.5802288104e-23, 9.24349422301e-24, 9.80861445398e-24, 7.97740402456e-24, 1.22556783369e-23, 5.23817130588e-24, 7.33968492448e-24, 1.21570517911e-23, 5.44192303365e-24, 4.96360747896e-24, 7.37733410004e-24, 9.69396535432e-24, 9.9038410093e-24, 9.50445966565e-24, 8.84322462198e-24, 7.49109415346e-24, 9.45965867712e-24, 7.63855750019e-24, 8.02295127551e-24, 1.03771425641e-23, 9.08185189036e-24, 1.21257277023e-23], "dmean": [0.000844496535137, 0.000840037537273, 0.000542495632544, 0.000424767727964, 0.00028637656942, 0.000267688708846, 0.000285131245619, 0.000186081611901, 9.58568780334e-05, 8.26227624202e-05, 7.12755936547e-05, 5.79390361963e-05, 4.9372047215e-05, 4.09585518355e-05, 3.00327828882e-05, 2.56642