{"tonal": {"thpcp": [1, 0.611522614956, 0.302440941334, 0.117130547762, 0.059330932796, 0.0543285422027, 0.0301333423704, 0.00847593694925, 0.00610752077773, 0.039717387408, 0.269228696823, 0.485551327467, 0.292548328638, 0.0482102520764, 0.0194949172437, 0.0393787398934, 0.0980215743184, 0.144371405244, 0.101163037121, 0.178328409791, 0.369793146849, 0.238047853112, 0.0231633912772, 0.00479023344815, 0.00364874349907, 0.0149021353573, 0.0364718809724, 0.0302027091384, 0.010825175792, 0.0145967798308, 0.0436624139547, 0.266584038734, 0.572088599205, 0.399859368801, 0.245556056499, 0.787679433823], "hpcp": {"dmean2": [0.0220923088491, 0.0500751249492, 0.110799521208, 0.138120234013, 0.151701137424, 0.137923493981, 0.228804737329, 0.254827648401, 0.209643170238, 0.158760994673, 0.103724390268, 0.0402141623199, 0.028223272413, 0.0196919012815, 0.00969532504678, 0.00862990971655, 0.0343754179776, 0.0712145343423, 0.0952310189605, 0.0900690034032, 0.0308466516435, 0.0264179296792, 0.0410932861269, 0.0578326657414, 0.05865855515, 0.0681781023741, 0.0884233266115, 0.0919220894575, 0.0844044089317, 0.0267072226852, 0.0078201526776, 0.00491009419784, 0.0111682889983, 0.0189616419375, 0.018231254071, 0.0128149241209], "median": [5.60049811611e-05, 0.00019565106777, 0.0352382771671, 0.0952674522996, 0.0661274343729, 0.0668359696865, 0.243077397346, 0.47517067194, 0.137086898088, 0.000559961074032, 0.000186846446013, 0.00150946981739, 0.00273433583789, 0.00155962363351, 0.000249898730544, 8.3737730165e-05, 0.00176151969936, 0.0271888747811, 0.0630761012435, 0.0386156663299, 0.00399487791583, 8.38506239234e-05, 7.81683993409e-05, 0.00126619974617, 0.00278132804669, 0.00299415481277, 0.0240767672658, 0.0428500063717, 0.0241340082139, 0.000947701162659, 3.65434498235e-05, 0.000113946123747, 0.000627525267191, 0.000903230858967, 0.000638274184894, 0.000208318670047], "min": [0, 0, 0, 0, 0, 0, 0, 0, 0, 0, 0, 0, 0, 0, 0, 0, 0, 0, 0, 0, 0, 0, 0, 0, 0, 0, 0, 0, 0, 0, 0, 0, 0, 0, 0, 0], "dvar2": [0.0134757133201, 0.0287203136832, 0.0413002558053, 0.05565430969, 0.0527141802013, 0.0485636293888, 0.114959038794, 0.143533661962, 0.0989615470171, 0.0923675224185, 0.0606374442577, 0.020354481414, 0.0105820968747, 0.00744641711935, 0.00433889217675, 0.00394339626655, 0.00824565812945, 0.0200537163764, 0.034910377115, 0.0271669998765, 0.010735665448, 0.0161924250424, 0.0239746943116, 0.0350604355335, 0.0318247079849, 0.0333607308567, 0.0306174606085, 0.0358275696635, 0.0285976175219, 0.0110070211813, 0.00314394407906, 0.00179440760985, 0.00490430463105, 0.0100216269493, 0.00640819780529, 0.00485594151542], "dvar": [0.00478305574507, 0.0106900790706, 0.0168115235865, 0.0266190543771, 0.0223055090755, 0.0179971698672, 0.0445710048079, 0.0519156642258, 0.0402825698256, 0.044237550348, 0.0244821049273, 0.00897587556392, 0.00501034874469, 0.00303300307132, 0.00158953806385, 0.00137467647437, 0.00282036070712, 0.00808551255614, 0.0176067594439, 0.0129254069179, 0.00394183816388, 0.00593404844403, 0.00966142490506, 0.0140166515484, 0.0133514227346, 0.0145822605118, 0.0113218631595, 0.0180456787348, 0.0116075919941, 0.0037248856388, 0.00106113683432, 0.000608110218309, 0.00179254612885, 0.00407461402938, 0.00250763306394, 0.00167056138162], "dmean": [0.0115732699633, 0.0281130000949, 0.0690996050835, 0.0908450782299, 0.0952981561422, 0.0810976028442, 0.144875586033, 0.160305410624, 0.131320014596, 0.10284756124, 0.0602855458856, 0.0236474759877, 0.017656346783, 0.0118266306818, 0.0053800418973, 0.00459541380405, 0.0188147425652, 0.0454229414463, 0.0650293827057, 0.0608255676925, 0.0191315673292, 0.0141800185665, 0.0236075296998, 0.0350303091109, 0.0344020463526, 0.0419935695827, 0.0534883067012, 0.0636085420847, 0.0548539496958, 0.0146043868735, 0.00405294355005, 0.0026130466722, 0.00650311633945, 0.0117749758065, 0.0111509487033, 0.00697810202837], "max": [1, 1, 1, 1, 1, 1, 1, 1, 1, 1, 1, 1, 1, 1, 1, 1, 0.974529385567, 1, 1, 1, 1, 1, 1, 1, 1, 1, 1, 1, 1, 1, 1, 1, 1, 1, 1, 1], "var": [0.00295327114873, 0.00860538426787, 0.0400960817933, 0.127405270934, 0.0678771361709, 0.0239605624229, 0.149193555117, 0.162302032113, 0.122995704412, 0.0858288407326, 0.0295945033431, 0.0150974374264, 0.0101854279637, 0.0041103255935, 0.00113570527174, 0.000790739140939, 0.00273642176762, 0.0538594052196, 0.11569647491, 0.0462394915521, 0.00372995086946, 0.00420003291219, 0.00892209168524, 0.0245099533349, 0.0401791445911, 0.0211411360651, 0.020114004612, 0.0903511941433, 0.041792485863, 0.00244076247327, 0.000559497566428, 0.000325000815792, 0.00154268869665, 0.00616481574252, 0.00378169165924, 0.00102029799018], "mean": [0.00714781647548, 0.0213808063418, 0.130542054772, 0.280142903328, 0.195804923773, 0.120244987309, 0.385714381933, 0.489684462547, 0.299453109503, 0.148100629449, 0.0573570095003, 0.0290534365922, 0.0266038421541, 0.0147558292374, 0.00415053451434, 0.00299075804651, 0.0194489881396, 0.131837114692, 0.237766936421, 0.143256366253, 0.0236078109592, 0.00954635813832, 0.019283156842, 0.0479996427894, 0.0706964358687, 0.0495379678905, 0.0873246490955, 0.181081965566, 0.116568334401, 0.0113427527249, 0.00234570284374, 0.00178673304617, 0.00729734404013, 0.0178597141057, 0.0147897973657, 0.00530092045665]}, "tuning_equal_tempered_deviation": 0.100699879229, "chords_changes_rate": 0.0324280485511, "key_key": "B", "tuning_diatonic_strength": 0.506608009338, "key_scale": "major", "chords_number_rate": 0.000945818144828, "tuning_frequency": 436.708374023, "tuning_nontempered_energy_ratio": 0.750817775726, "chords_histogram": [45.0479660034, 33.2387504578, 3.91838932037, 1.91865968704, 0, 1.43223893642, 0.364815562963, 0.905283093452, 1.35116875172, 0, 0.324280500412, 0, 0.175651937723, 0, 0, 0.0135116875172, 0, 0.0540467500687, 0.0540467500687, 0.0270233750343, 0, 0, 0.108093500137, 11.066072464], "key_strength": 0.53180539608, "chords_key": "B", "chords_strength": {"dmean2": 0.00517184846103, "median": 0.505076348782, "min": 0.194572210312, "dvar2": 2.54175811278e-05, "dvar": 3.39770085702e-05, "dmean": 0.00664726318792, "max": 0.767497062683, "var": 0.0135842170566, "mean": 0.500430822372}, "chords_scale": "major", "hpcp_entropy": {"dmean2": 0.696010053158, "median": 1.60860705376, "min": 0, "dvar2": 0.377914816141, "dvar": 0.145950213075, "dmean": 0.4080940485, "max": 3.31548833847, "var": 0.330246299505, "mean": 1.52680420876}}, "metadata": {"audio_properties": {"equal_loudness": 0, "codec": "mp3", "downmix": "mix", "sample_rate": 44100, "analysis_sample_rate": 44100, "bit_rate": 192015, "md5_encoded": "2f2cb9bbc2eefdd27192f27a84b00b2a", "length": 343.640808105, "replay_gain": -9.59884643555, "lossless": false}, "version": {"essentia_build_sha": "2d9f1f26377add8aeb1075a9c2973f962c4f09fd", "essentia": "2.1-beta2", "extractor": "music 1.0", "essentia_git_sha": "v2.1_beta2-1-ge3940c0"}, "tags": {"title": ["Tengu"], "albumartist": ["Tenniscoats & Secai"], "initialkey": ["Eb"], "musicbrainz_recordingid": ["4b5dc6c1-ac42-4317-992a-fd67c7b9cf8d"], "artistsort": ["Tenniscoats & Secai"], "album": ["Tenniscoats & Secai"], "originalyear": ["2008"], "discnumber": ["1/1"], "bpm": ["107"], "contentgroup": ["Tenniscoats & Secai"], "musicbrainz album type": ["album"], "musicbrainz album status": ["pseudo-release"], "file_name": "03 Tengu.mp3", "musicbrainz_albumartistid": ["6eec62de-e783-47e4-89f9-e02fb61ed2cb/85835e2f-83d0-477f-ba62-41efbbf20a87"], "date": ["2008"], "genre": ["Asia - Japan - ..."], "musicip_puid": ["9d053aed-d51c-f0ee-0f22-eb9820a1c1e1"], "musicbrainz_artistid": ["6eec62de-e783-47e4-89f9-e02fb61ed2cb/85835e2f-83d0-477f-ba62-41efbbf20a87"], "originaldate": ["2008"], "musicbrainz_albumid": ["e4e44454-a53b-4c92-99e4-8551c89d9cde"], "artist": ["Tenniscoats & Secai"], "composer": ["Daisuke Namiki/Saya/Takeshi Hiruma"], "tracknumber": ["3/10"], "label": ["Noble"], "albumartistsort": ["Tenniscoats & Secai"], "acoustid_id": ["c971db8d-ba97-4bd8-86cf-1287857cdff2"], "script": ["Latn"], "musicbrainz_releasegroupid": ["3baddc7f-1b0d-37a9-ad08-e23c12e766c2"]}}, "rhythm": {"bpm_histogram_first_peak_bpm": {"dmean2": 0, "median": 108, "min": 108, "dvar2": 0, "dvar": 0, "dmean": 0, "max": 108, "var": 0, "mean": 108}, "bpm": 106.761985779, "bpm_histogram_second_peak_spread": {"dmean2": 0, "median": 0.400000035763, "min": 0.400000035763, "dvar2": 0, "dvar": 0, "dmean": 0, "max": 0.400000035763, "var": 0, "mean": 0.400000035763}, "bpm_histogram_first_peak_weight": {"dmean2": 0, "median": 0.455592095852, "min": 0.455592095852, "dvar2": 0, "dvar": 0, "dmean": 0, "max": 0.455592095852, "var": 0, "mean": 0.455592095852}, "onset_rate": 1.55970227718, "beats_position": [0.592108845711, 1.18421769142, 1.78793644905, 2.38004541397, 2.97215414047, 3.5758728981, 4.17959165573, 4.78331041336, 5.38702917099, 5.97913837433, 6.58285713196, 7.18657588959, 7.72063493729, 8.25469398499, 8.77714252472, 9.287981987, 9.79882049561, 10.3096599579, 10.8204984665, 11.3313379288, 11.8421764374, 12.3414058685, 12.8522443771, 13.3746938705, 13.8971424103, 14.4195919037, 14.9188203812, 15.4180498123, 15.9288883209, 16.4397277832, 16.9505672455, 17.4614048004, 17.9490242004, 18.4366436005, 18.9242630005, 19.4118824005, 19.8994998932, 20.3755092621, 20.851518631, 21.3275279999, 21.8151473999, 22.2911567688, 22.7787742615, 23.2663936615, 23.7424030304, 24.2416324615, 24.7524719238, 25.2633094788, 25.774148941, 26.2849884033, 26.830657959, 27.3763256073, 27.921995163, 28.5024929047, 29.0829925537, 29.6634922028, 30.2439899445, 30.8128795624, 31.3817672729, 31.9506568909, 32.5079345703, 33.0652160645, 33.6341018677, 34.2029914856, 34.7602729797, 35.3175506592, 35.8748283386, 36.4321098328, 37.000995636, 37.5698852539, 38.1271629333, 38.6844444275, 39.2533340454, 39.8222198486, 40.3795013428, 40.9367790222, 41.5056686401, 42.0745582581, 42.6318359375, 43.1891136169, 43.7463951111, 44.3152809143, 44.8725624084, 45.4414520264, 45.9987297058, 46.5560073853, 47.1248970032, 47.6937866211, 48.2510643005, 48.80834198, 49.3772315979, 49.9461212158, 50.5033988953, 51.0606803894, 51.6295700073, 52.1984558105, 52.7557373047, 53.3130149841, 53.8819046021, 54.45079422, 55.0080718994, 55.5653495789, 56.122631073, 56.6915168762, 57.2487983704, 57.8176841736, 58.3749656677, 58.9322433472, 59.5011329651, 60.0584106445, 60.6156921387, 61.1845779419, 61.7534675598, 62.3223571777, 62.8796348572, 63.4369163513, 64.0058059692, 64.5746917725, 65.1319732666, 65.6892471313, 66.2465286255, 66.8154220581, 67.3843078613, 67.9415893555, 68.4988632202, 69.0561447144, 69.6134262085, 70.1939239502, 70.7511978149, 71.3084793091, 71.8657608032, 72.4462585449, 73.0035324097, 73.5608139038, 74.1297073364, 74.6985931396, 75.2558746338, 75.8131484985, 76.3820419312, 76.9509277344, 77.5082092285, 78.0654830933, 78.6227645874, 79.1800460815, 79.7489318848, 80.3178253174, 80.8750991821, 81.4323806763, 82.0012664795, 82.5701599121, 83.1274337769, 83.684715271, 84.2536010742, 84.8224945068, 85.3797683716, 85.9370498657, 86.4943313599, 87.0632171631, 87.6321105957, 88.1893844604, 88.7466659546, 89.3155517578, 89.872833252, 90.4417190552, 91.0106124878, 91.5678863525, 92.1367797852, 92.6940536499, 93.2629470825, 93.8202285767, 94.3775024414, 94.946395874, 95.5036697388, 96.0609512329, 96.6298370361, 97.1987304688, 97.7560043335, 98.3132858276, 98.8821716309, 99.4510650635, 100.008346558, 100.565620422, 101.122901917, 101.69178772, 102.260681152, 102.817955017, 103.375236511, 103.932518005, 104.501403809, 105.070289612, 105.639183044, 106.196456909, 106.765350342, 107.322631836, 107.891517639, 108.460403442, 109.017684937, 109.574966431, 110.132240295, 110.68952179, 111.246803284, 111.804077148, 112.372970581, 112.941856384, 113.499137878, 114.056411743, 114.625305176, 115.194190979, 115.751472473, 116.320358276, 116.877639771, 117.446525574, 118.003807068, 118.561088562, 119.118362427, 119.687255859, 120.244529724, 120.813423157, 121.370697021, 121.939590454, 122.496871948, 123.065757751, 123.623039246, 124.18031311, 124.749206543, 125.318092346, 125.886978149, 126.455871582, 127.013153076, 127.570426941, 128.127700806, 128.6849823, 129.253875732, 129.822769165, 130.3800354, 130.937316895, 131.506210327, 132.07510376, 132.632385254, 133.189651489, 133.758544922, 134.327438354, 134.884719849, 135.441986084, 135.999267578, 136.556549072, 137.125442505, 137.694335938, 138.251602173, 138.808883667, 139.366165161, 139.935058594, 140.503936768, 141.061218262, 141.630111694, 142.199005127, 142.767883301, 143.336776733, 143.905670166, 144.451339722, 145.008621216, 145.565887451, 146.123168945, 146.680450439, 147.237731934, 147.818222046, 148.37550354, 148.932785034, 149.501678467, 150.070556641, 150.639450073, 151.208343506, 151.777236938, 152.334503174, 152.903396606, 153.460678101, 154.017959595, 154.575241089, 155.144119263, 155.689788818, 156.247070313, 156.815963745, 157.384857178, 157.942123413, 158.511016846, 159.079910278, 159.648788452, 160.194458008, 160.76335144, 161.332244873, 161.889526367, 162.446792603, 163.004074097, 163.572967529, 164.141860962, 164.699142456, 165.256408691, 165.813690186, 166.382583618, 166.951477051, 167.508743286, 168.06602478, 168.623306274, 169.192199707, 169.761077881, 170.329971313, 170.898864746, 171.45614624, 172.013427734, 172.57069397, 173.127975464, 173.685256958, 174.254150391, 174.823028564, 175.380310059, 175.937591553, 176.506484985, 177.075378418, 177.632644653, 178.189926147, 178.75881958, 179.327713013, 179.896591187, 180.453872681, 181.011154175, 181.580047607, 182.137313843, 182.694595337, 183.26348877, 183.832382202, 184.389663696, 184.946929932, 185.504211426, 186.073104858, 186.641998291, 187.199264526, 187.756546021, 188.313827515, 188.882720947, 189.451599121, 190.020492554, 190.589385986, 191.14666748, 191.703948975, 192.26121521, 192.818496704, 193.387390137, 193.944671631, 194.513549805, 195.070831299, 195.628112793, 196.185394287, 196.75428772, 197.323165894, 197.892059326, 198.460952759, 199.029830933, 199.587112427, 200.144393921, 200.690063477, 201.258956909, 201.827835083, 202.385116577, 202.942398071, 203.511291504, 204.080184937, 204.637451172, 205.194732666, 205.763626099, 206.332519531, 206.889785767, 207.447067261, 208.015960693, 208.584854126, 209.142120361, 209.699401855, 210.25668335, 210.813964844, 211.382858276, 211.95173645, 212.509017944, 213.066299438, 213.623580933, 214.180862427, 214.749740601, 215.318634033, 215.899139404, 216.45640564, 217.013687134, 217.570968628, 218.128250122, 218.685531616, 219.254425049, 219.823303223, 220.380584717, 220.937866211, 221.495147705, 222.052429199, 222.621307373, 223.190200806, 223.7474823, 224.316360474, 224.885253906, 225.4425354, 226.011428833, 226.580307007, 227.149200439, 227.706481934, 228.263763428, 228.821044922, 229.389923096, 229.94720459, 230.504486084, 231.061767578, 231.619049072, 232.187927246, 232.74520874, 233.314102173, 233.882995605, 234.451873779, 235.009155273, 235.566436768, 236.123718262, 236.692596436, 237.261489868, 237.818771362, 238.376052856, 238.933334351, 239.502212524, 240.071105957, 240.628387451, 241.185668945, 241.742950439, 242.300216675, 242.869110107, 243.43800354, 244.006881714, 244.564163208, 245.121444702, 245.690338135, 246.247619629, 246.804885864, 247.373779297, 247.942672729, 248.511566162, 249.068832397, 249.63772583, 250.195007324, 250.752288818, 251.309570313, 251.878448486, 252.43572998, 252.993011475, 253.561904907, 254.130783081, 254.699676514, 255.256958008, 255.814239502, 256.383117676, 256.94039917, 257.509277344, 258.066558838, 258.623840332, 259.181121826, 259.750030518, 260.318908691, 260.876190186, 261.43347168, 262.002349854, 262.571228027, 263.128509521, 263.685791016, 264.254699707, 264.823577881, 265.380859375, 265.938140869, 266.507019043, 267.064300537, 267.621582031, 268.190460205, 268.747741699, 269.305023193, 269.873931885, 270.442810059, 271.000091553, 271.557373047, 272.126251221, 272.695129395, 273.252410889, 273.82131958, 274.390197754, 274.947479248, 275.504760742, 276.062042236, 276.63092041, 277.199798584, 277.757080078, 278.314361572, 278.883270264, 279.440551758, 280.009429932, 280.566711426, 281.12399292, 281.692871094, 282.261749268, 282.819030762, 283.376312256, 283.93359375, 284.502502441, 285.071380615, 285.628662109, 286.185943604, 286.754821777, 287.323699951, 287.880981445, 288.438262939, 288.995544434, 289.564453125, 290.121704102, 290.690612793, 291.259490967, 291.816772461, 292.385650635, 292.942932129, 293.500213623, 294.057495117, 294.626403809, 295.195281982, 295.752563477, 296.309844971, 296.878723145, 297.447601318, 298.004882813, 298.562164307, 299.119445801, 299.688323975, 300.245605469, 300.81451416, 301.371795654, 301.929077148, 302.497955322, 303.066833496, 303.62411499, 304.181396484, 304.750274658, 305.31918335, 305.876464844, 306.433746338, 307.002624512, 307.571502686, 308.12878418, 308.686065674, 309.254974365, 309.823852539, 310.381134033, 310.938415527, 311.495697021, 312.052978516, 312.621856689, 313.190734863, 313.748016357, 314.305297852, 314.874176025, 315.443084717, 316.000366211, 316.557647705, 317.126525879, 317.695404053, 318.241088867, 318.786743164, 319.332427979, 319.866485596, 320.412139893, 320.957824707, 321.526702881, 322.083984375, 322.618041992, 323.152099609, 323.697784424, 324.220214844, 324.742675781, 325.276733398, 325.880462646, 326.484161377, 327.122711182, 327.761260986, 328.399810791, 329.003540039, 329.60723877, 330.210968018, 330.803070068, 331.395172119, 331.987304688, 332.567779541, 333.159912109, 333.75201416, 334.437011719, 335.12197876, 335.806976318, 336.491973877, 337.176940918, 337.885162354, 338.593383789, 339.313201904, 340.021392822, 340.729614258, 341.437805176, 342.134429932, 342.84262085], "beats_loudness": {"dmean2": 0.164832219481, "median": 0.076199196279, "min": 2.62742219093e-07, "dvar2": 0.00849885586649, "dvar": 0.0023915078491, "dmean": 0.0825807526708, "max": 0.276028186083, "var": 0.00426507135853, "mean": 0.0874390751123}, "danceability": 1.20510971546, "bpm_histogram_second_peak_weight": {"dmean2": 0, "median": 0.0246710535139, "min": 0.0246710535139, "dvar2": 0, "dvar": 0, "dmean": 0, "max": 0.0246710535139, "var": 0, "mean": 0.0246710535139}, "beats_count": 609, "bpm_histogram_second_peak_bpm": {"dmean2": 0, "median": 117, "min": 117, "dvar2": 0, "dvar": 0, "dmean": 0, "max": 117, "var": 0, "mean": 117}, "bpm_histogram_first_peak_spread": {"dmean2": 0, "median": 0.471374064684, "min": 0.471374064684, "dvar2": 0, "dvar": 0, "dmean": 0, "max": 0.471374064684, "var": 0, "mean": 0.471374064684}, "beats_loudness_band_ratio": {"dmean2": [0.399675518274, 0.0964969620109, 0.221205502748, 0.170741230249, 0.00913320481777, 0.00158054439817], "median": [0.791943848133, 0.0309014879167, 0.0725367069244, 0.0205697640777, 0.000618304358795, 0.000171735562617], "min": [0.000985243939795, 0.000881953747012, 0.000114393536933, 3.09038478008e-05, 3.47192440131e-06, 2.45422234002e-06], "dvar2": [0.0830898284912, 0.0222849994898, 0.0579000152647, 0.058817718178, 0.00230467575602, 8.26289542601e-05], "dvar": [0.0259292051196, 0.00768352020532, 0.0194733869284, 0.0197968538851, 0.000759268470574, 7.01737080817e-05], "dmean": [0.212063506246, 0.0526390708983, 0.120724014938, 0.0900320038199, 0.00495573272929, 0.00105109787546], "max": [0.997412860394, 0.901870846748, 0.974262654781, 0.978970944881, 0.47701767087, 0.201064541936], "var": [0.0580406822264, 0.0279515516013, 0.0242645870894, 0.0204026903957, 0.000408719381085, 7.03348268871e-05], "mean": [0.711034834385, 0.0900360047817, 0.127420559525, 0.078066714108, 0.00346744130366, 0.000971341447439]}}, "lowlevel": {"barkbands_spread": {"dmean2": 2.00440835953, "median": 6.29454040527, "min": 0.108577415347, "dvar2": 11.2789344788, "dvar": 5.97402620316, "dmean": 1.44399940968, "max": 119.070106506, "var": 44.4845542908, "mean": 7.44794225693}, "melbands_spread": {"dmean2": 2.52831697464, "median": 6.71605300903, "min": 0.233677521348, "dvar2": 14.6217041016, "dvar": 7.49584054947, "dmean": 1.85062587261, "max": 146.609085083, "var": 58.8635482788, "mean": 8.767162323}, "hfc": {"dmean2": 3.95932531357, "median": 11.794675827, "min": 1.25257366121e-16, "dvar2": 38.0848693848, "dvar": 18.9976596832, "dmean": 3.07616829872, "max": 146.215988159, "var": 196.615158081, "mean": 14.9978055954}, "barkbands_kurtosis": {"dmean2": 8.52704238892, "median": 3.89856719971, "min": -1.95995056629, "dvar2": 503.302825928, "dvar": 237.982162476, "dmean": 5.84661912918, "max": 958.547058105, "var": 1318.89941406, "mean": 14.5523786545}, "gfcc": {"mean": [-140.858551025, 176.961242676, -57.1560630798, -12.2415761948, -38.3509101868, 25.1829528809, -13.1108789444, 2.27577018738, -14.9359045029, 1.14375507832, -9.15978431702, -9.07925319672, -7.17093372345], "icov": [[0.000270085729426, -0.000450631545391, 0.000454281398561, -0.000429223873653, 0.000454433931736, -0.000896331446711, 0.000129918465973, -0.000778598419856, 1.70624825842e-05, -0.000243016795139, 0.000185423297808, -0.000222055241466, 0.000367699365597], [-0.000450631545391, 0.00297106686048, -0.000622143154033, 0.00195536389947, -0.00177883927245, 0.0025246895384, -0.00130705477204, 0.00206614634953, -0.00177375599742, 0.00159765884746, -0.00180455530062, 0.00152419763617, -0.00157102337107], [0.000454281398561, -0.000622143154033, 0.00206981156953, -0.00121213111561, 0.00041178506217, -0.00135856785346, 0.000564604648389, -0.00107611878775, 0.000423327088356, -0.000461686868221, 0.00069195224205, -3.50412046828e-05, 0.000459885515738], [-0.000429223873653, 0.00195536389947, -0.00121213111561, 0.00346687808633, -0.00109139364213, 0.00221718708053, -0.000854328274727, 0.00153372914065, -0.00153238128405, 0.000240376306465, -0.00111902807839, 5.15847750648e-05, -0.00158979953267], [0.000454433931736, -0.00177883927245, 0.00041178506217, -0.00109139364213, 0.00421976717189, -0.00180438649841, 0.000214419167605, -1.42552391935e-06, -0.00120106630493, 0.00101631530561, -0.00138752500061, 0.00100247596856, -0.000430346641224], [-0.000896331446711, 0.0025246895384, -0.00135856785346, 0.00221718708053, -0.00180438649841, 0.00816128030419, -0.00349540729076, 0.00473737111315, -0.00233874213882, 0.000295670499327, -0.00133637804538, -0.000161527277669, -0.00154999585357], [0.000129918465973, -0.00130705477204, 0.000564604648389, -0.000854328274727, 0.000214419167605, -0.00349540729076, 0.00591696705669, -0.00335865886882, 0.00177472142968, 0.000133297944558, -0.00173186394386, 0.00091328745475, -0.00144020142034], [-0.000778598419856, 0.00206614634953, -0.00107611878775, 0.00153372914065, -1.42552391935e-06, 0.00473737111315, -0.00335865886882, 0.00919095426798, -0.00462563987821, 0.00181652186438, -0.00146316632163, 0.00198123953305, -0.00326014636084], [1.70624825842e-05, -0.00177375599742, 0.000423327088356, -0.00153238128405, -0.00120106630493, -0.00233874213882, 0.00177472142968, -0.00462563987821, 0.0105377761647, -0.00423857662827, 0.00290799420327, -0.00117278366815, 0.00130872696172], [-0.000243016795139, 0.00159765884746, -0.000461686868221, 0.000240376306465, 0.00101631530561, 0.000295670499327, 0.000133297944558, 0.00181652186438, -0.00423857662827, 0.00806770380586, -0.00478634424508, 0.00328135257587, -0.000869196373969], [0.000185423297808, -0.00180455530062, 0.00069195224205, -0.00111902807839, -0.00138752500061, -0.00133637804538, -0.00173186394386, -0.00146316632163, 0.00290799420327, -0.00478634424508, 0.0125143686309, -0.00652803713456, 0.00393446767703], [-0.000222055241466, 0.00152419763617, -3.50412046828e-05, 5.15847750648e-05, 0.00100247596856, -0.000161527277669, 0.00091328745475, 0.00198123953305, -0.00117278366815, 0.00328135257587, -0.00652803713456, 0.0104654375464, -0.00341019290499], [0.000367699365597, -0.00157102337107, 0.000459885515738, -0.00158979953267, -0.000430346641224, -0.00154999585357, -0.00144020142034, -0.00326014636084, 0.00130872696172, -0.000869196373969, 0.00393446767703, -0.00341019290499, 0.00995192956179]], "cov": [[19963.8964844, 1021.78778076, -2835.06494141, 305.975067139, -478.120666504, 1587.23364258, 1776.11572266, 1440.30310059, 1027.85314941, 715.31817627, 662.831237793, 319.508148193, 333.710662842], [1021.78778076, 1573.06787109, -327.895751953, -474.111633301, 621.795471191, 38.2028312683, 402.19732666, 99.3351745605, 119.091323853, -198.723220825, 110.880592346, -123.984870911, 154.231994629], [-2835.06494141, -327.895751953, 1081.89794922, 229.163101196, 6.9035782814, -174.652053833, -278.926940918, -156.051010132, -98.88230896, -27.783203125, -121.026542664, -49.3934631348, -37.2903137207], [305.975067139, -474.111633301, 229.163101196, 654.736572266, -97.0786056519, 8.03042411804, -21.8296165466, 48.8193244934, 68.0884933472, 122.374275208, 22.1265697479, 69.4849395752, 34.5371551514], [-478.120666504, 621.795471191, 6.9035782814, -97.0786056519, 626.877990723, 54.4987602234, 162.599838257, -29.6763114929, 53.8557395935, -108.318206787, 72.6526107788, -54.8571205139, 85.3371810913], [1587.23364258, 38.2028312683, -174.652053833, 8.03042411804, 54.4987602234, 405.937744141, 254.414169312, 32.4756774902, 84.8296127319, 87.0765762329, 116.856010437, 69.5749435425, 43.8692169189], [1776.11572266, 402.19732666, -278.926940918, -21.8296165466, 162.599838257, 254.414169312, 554.338745117, 221.757171631, 103.499275208, 14.4323511124, 137.185852051, 16.4462547302, 145.842453003], [1440.30310059, 99.3351745605, -156.051010132, 48.8193244934, -29.6763114929, 32.4756774902, 221.757171631, 354.855499268, 145.953140259, 38.0690460205, 16.9474105835, -20.2547664642, 100.079559326], [1027.85314941, 119.091323853, -98.88230896, 68.0884933472, 53.8557395935, 84.8296127319, 103.499275208, 145.953140259, 224.864517212, 98.5330886841, 26.152173996, -13.495475769, 38.6726760864], [715.31817627, -198.723220825, -27.783203125, 122.374275208, -108.318206787, 87.0765762329, 14.4323511124, 38.0690460205, 98.5330886841, 268.004760742, 69.462310791, 7.95267820358, -27.8161430359], [662.831237793, 110.880592346, -121.026542664, 22.1265697479, 72.6526107788, 116.856010437, 137.185852051, 16.9474105835, 26.152173996, 69.462310791, 199.807067871, 83.1847610474, 1.02682864666], [319.508148193, -123.984870911, -49.3934631348, 69.4849395752, -54.8571205139, 69.5749435425, 16.4462547302, -20.2547664642, -13.495475769, 7.95267820358, 83.1847610474, 182.461105347, 18.3196868896], [333.710662842, 154.231994629, -37.2903137207, 34.5371551514, 85.3371810913, 43.8692169189, 145.842453003, 100.079559326, 38.6726760864, -27.8161430359, 1.02682864666, 18.3196868896, 182.510879517]]}, "spectral_energyband_middle_low": {"dmean2": 0.00491465162486, "median": 0.00920469034463, "min": 2.09152446228e-22, "dvar2": 7.29135135771e-05, "dvar": 3.04228960886e-05, "dmean": 0.0034104026854, "max": 0.112645566463, "var": 0.000193423242308, "mean": 0.0132891982794}, "melbands_crest": {"dmean2": 2.69565486908, "median": 19.7460041046, "min": 2.18070435524, "dvar2": 10.8269414902, "dvar": 4.4590306282, "dmean": 1.77538216114, "max": 34.0712203979, "var": 29.6915416718, "mean": 19.6074962616}, "spectral_kurtosis": {"dmean2": 17.0441856384, "median": 34.9318313599, "min": -1.39715027809, "dvar2": 353.8644104, "dvar": 138.817779541, "dmean": 10.5352315903, "max": 241.498596191, "var": 1153.17370605, "mean": 44.2256965637}, "spectral_rms": {"dmean2": 0.00130368571263, "median": 0.00688043236732, "min": 3.27283859736e-12, "dvar2": 5.05379739479e-06, "dvar": 1.83834322343e-06, "dmean": 0.000866900198162, "max": 0.0212276726961, "var": 1.53435557877e-05, "mean": 0.00683727813885}, "zerocrossingrate": {"dmean2": 0.00348639884032, "median": 0.015625, "min": 0.00244140625, "dvar2": 2.204100565e-05, "dvar": 2.06016993616e-05, "dmean": 0.00292487069964, "max": 0.5888671875, "var": 0.000600039376877, "mean": 0.0193181354553}, "silence_rate_60dB": {"dmean2": 0.0124332727864, "median": 0, "min": 0, "dvar2": 0.0141688799486, "dvar": 0.00617713015527, "dmean": 0.00621621636674, "max": 1, "var": 0.122384928167, "mean": 0.142760619521}, "erbbands_kurtosis": {"dmean2": 3.35430598259, "median": 2.78350281715, "min": -1.91088175774, "dvar2": 36.5536384583, "dvar": 19.2902069092, "dmean": 2.50182056427, "max": 194.723312378, "var": 163.096176147, "mean": 6.98233032227}, "erbbands": {"dmean2": [0.50946199894, 5.73040533066, 4.99113464355, 4.88272380829, 5.88457584381, 4.71542167664, 3.03796315193, 3.05796098709, 15.4440574646, 25.231716156, 16.9262104034, 12.6075811386, 10.4413957596, 41.7498664856, 13.8708868027, 15.9201202393, 10.958281517, 4.46493768692, 3.87707614899, 1.66203773022, 0.420027732849, 0.210115984082, 0.141528367996, 0.142809316516, 0.238192617893, 0.135651230812, 0.122638128698, 0.185898378491, 0.141601204872, 0.140391334891, 0.132517382503, 0.0951423496008, 0.111259110272, 0.0550564303994, 0.0389780439436, 0.00826657377183, 0.00234587676823, 0.00245322007686, 0.000216268963413, 3.30374132318e-05], "median": [0.579614400864, 4.45211315155, 3.45177984238, 2.56969928741, 2.88152432442, 3.81402468681, 2.71314454079, 2.38681864738, 2.73437333107, 3.34512615204, 7.00641059875, 16.1192722321, 11.33273983, 9.51054000854, 4.0079498291, 3.12274241447, 3.06269192696, 2.5129609108, 0.722501754761, 0.320725560188, 0.148319408298, 0.121406622231, 0.0533004179597, 0.0428444072604, 0.0668863728642, 0.0322054810822, 0.0174242779613, 0.0131648536772, 0.00758882379159, 0.00596676254645, 0.00290438416414, 0.00244561582804, 0.00269145914353, 0.00155324640218, 0.000881582614966, 0.000543174799532, 0.000146654012497, 3.77871256205e-05, 3.22981941281e-05, 5.53598547413e-05], "min": [6.12413900061e-22, 1.09269331072e-20, 1.72604256441e-20, 1.53932964403e-20, 9.43894956879e-20, 7.71871568636e-20, 2.52688710336e-19, 3.59504481539e-19, 3.43463872649e-19, 3.08331469932e-19, 4.78704775025e-19, 1.39615379837e-18, 2.40145958743e-18, 5.10145610255e-18, 6.78805214253e-18, 7.23211785053e-18, 7.05740076155e-18, 5.26391685639e-18, 6.27945435264e-18, 5.90291677472e-18, 7.09559582633e-18, 6.80451965417e-18, 8.15429932925e-18, 1.00123289648e-17, 1.45979560645e-17, 2.14196070428e-17, 1.21606890691e-17, 1.89295998387e-17, 1.93148393567e-17, 1.82563045986e-17, 2.22379980341e-17, 1.41674846563e-17, 1.52080365079e-17, 1.24731921143e-17, 8.69066639949e-18, 4.84192901254e-18, 3.82310016463e-18, 1.29910979608e-18, 3.42084936718e-19, 4.0552836492e-20], "dvar2": [1.74556148052, 184.043395996, 125.312995911, 100.989341736, 184.022506714, 77.281578064, 34.5403022766, 54.165851593, 1626.02758789, 5589.91992188, 5809.03173828, 476.191223145, 712.346557617, 16604.84375, 2249.85009766, 5623.25390625, 1379.43164063, 162.962112427, 337.834625244, 58.3314552307, 3.94924998283, 0.843467056751, 0.228470951319, 0.162993013859, 0.479226946831, 0.147060647607, 0.378917217255, 0.451532721519, 0.246772155166, 1.25732064247, 0.831053078175, 0.401739984751, 0.321835875511, 0.208418056369, 0.12964963913, 0.00211551948451, 0.000135210691951, 0.000288762006676, 3.86443343814e-06, 1.4463483744e-08], "dvar": [0.650076746941, 58.617805481, 43.1189689636, 35.5843696594, 67.3116226196, 32.3229827881, 14.5263996124, 19.9120635986, 826.354553223, 2745.96240234, 2968.45043945, 398.965301514, 691.907348633, 8332.55371094, 1357.62780762, 4631.12011719, 1084.86083984, 78.8483428955, 158.434555054, 32.6013755798, 3.19568538666, 0.637081503868, 0.102932564914, 0.0705218687654, 0.237090542912, 0.0714159831405, 0.175634011626, 0.240523785353, 0.1470900774, 0.87186306715, 0.551627874374, 0.287801325321, 0.224832057953, 0.133744642138, 0.0529088191688, 0.000978019321337, 5.87162357988e-05, 0.000147439786815, 1.56691294251e-06, 5.15143616653e-09], "dmean": [0.314695298672, 3.4461979866, 3.01049995422, 2.83906745911, 3.48721146584, 3.23623347282, 1.97051680088, 1.90096366405, 11.3726482391, 18.7467956543, 13.6369028091, 12.451918602, 12.351559639, 34.7710075378, 11.44535923, 16.4041213989, 10.2079553604, 3.24826407433, 2.65424466133, 1.17596662045, 0.326215863228, 0.15416431427, 0.0911562070251, 0.0935772657394, 0.161081269383, 0.0916079729795, 0.0809088051319, 0.127604827285, 0.10110835731, 0.104836679995, 0.0987846031785, 0.0727893859148, 0.0868131145835, 0.042550727725, 0.0261680111289, 0.00567178614438, 0.00161923235282, 0.00186300172936, 0.000153729793965, 2.09520057979e-05], "max": [9.02585220337, 96.5548019409, 143.704406738, 131.119567871, 199.525619507, 158.590530396, 130.741638184, 177.226348877, 593.020202637, 1150.67126465, 2462.54174805, 657.38684082, 987.960754395, 2579.51342773, 1967.05932617, 3514.71899414, 1665.74926758, 252.78578186, 415.913574219, 274.787750244, 184.748062134, 88.3159866333, 11.8948373795, 9.17085266113, 18.9304866791, 11.804233551, 26.8810997009, 21.7505683899, 22.4452667236, 83.4023284912, 35.3521270752, 26.5840072632, 25.8506031036, 24.8874206543, 10.548871994, 1.67234611511, 0.265162080526, 0.28418341279, 0.0622814819217, 0.00452412245795], "var": [1.66246771812, 114.221366882, 137.089584351, 67.8872909546, 144.727584839, 110.332099915, 54.5859298706, 84.3393859863, 5453.37548828, 15775.8867188, 12792.4365234, 4679.27685547, 7091.37207031, 44048.0039063, 21383.3535156, 37622.4882813, 9651.22851563, 257.026672363, 327.82623291, 144.824645996, 15.2249555588, 2.35216641426, 0.258126854897, 0.216279417276, 0.755164206028, 0.202860862017, 0.382169336081, 0.797628045082, 0.613453090191, 2.50417971611, 1.59535586834, 0.867812216282, 0.676960706711, 0.384407192469, 0.0693687424064, 0.00215814798139, 0.000112708723464, 0.000240291788941, 1.72183615632e-06, 7.22612503168e-09], "mean": [1.1163367033, 8.83765792847, 8.03729724884, 5.70634269714, 7.89592170715, 7.54236412048, 5.09501886368, 5.41796207428, 37.508644104, 56.1128044128, 38.4369697571, 46.7109184265, 44.7155799866, 99.5562286377, 42.806678772, 52.4187355042, 33.5243453979, 8.37028694153, 5.23669910431, 2.74172854424, 0.82298719883, 0.380641579628, 0.211513280869, 0.217298567295, 0.337197005749, 0.198424234986, 0.167476773262, 0.268334299326, 0.244354084134, 0.224697262049, 0.195791259408, 0.152191355824, 0.154501602054, 0.0733447372913, 0.0434600524604, 0.012153740041, 0.00310495053418, 0.00236082309857, 0.000212772152736, 7.39156967029e-05]}, "spectral_strongpeak": {"dmean2": 0.650607764721, "median": 0.522809028625, "min": 1.32770505701e-09, "dvar2": 2.13941764832, "dvar": 0.911639332771, "dmean": 0.384982943535, "max": 16.0080604553, "var": 2.39993429184, "mean": 1.03328061104}, "spectral_energy": {"dmean2": 0.0266474019736, "median": 0.0485238619149, "min": 1.09792595511e-20, "dvar2": 0.00309850345366, "dvar": 0.00104390562046, "dmean": 0.0168114732951, "max": 0.461879432201, "var": 0.00350871123374, "mean": 0.0636441931129}, "average_loudness": 0.839418947697, "spectral_rolloff": {"dmean2": 167.723526001, "median": 452.197265625, "min": 64.599609375, "dvar2": 163625.859375, "dvar": 78699.484375, "dmean": 96.6854324341, "max": 19013.8183594, "var": 738569.1875, "mean": 526.039672852}, "spectral_centroid": {"dmean2": 70.2598495483, "median": 493.451965332, "min": 89.7237625122, "dvar2": 11636.4609375, "dvar": 7651.08203125, "dmean": 51.5806808472, "max": 11145.0898438, "var": 72467.7265625, "mean": 511.073364258}, "pitch_salience": {"dmean2": 0.0805634260178, "median": 0.379016727209, "min": 0.0569595359266, "dvar2": 0.00804838351905, "dvar": 0.00292324391194, "dmean": 0.0507251210511, "max": 0.905101597309, "var": 0.0143283512443, "mean": 0.382045507431}, "spectral_energyband_middle_high": {"dmean2": 0.0016705240123, "median": 0.00104631541763, "min": 1.68703001254e-21, "dvar2": 1.63340191648e-05, "dvar": 9.71984900389e-06, "dmean": 0.00147585826926, "max": 0.10835108161, "var": 8.10688579804e-05, "mean": 0.00522486586124}, "spectral_contrast_coeffs": {"dmean2": [0.0646171346307, 0.0578046925366, 0.0457989983261, 0.0386223383248, 0.0274373199791, 0.0199822336435], "median": [-0.666242003441, -0.685748159885, -0.622932434082, -0.675643086433, -0.790040791035, -0.830477237701], "min": [-0.972494065762, -0.959603965282, -0.978401601315, -0.959241330624, -0.962076544762, -0.957095563412], "dvar2": [0.00279111484997, 0.00241446495056, 0.00161805283278, 0.00126420985907, 0.000552711484488, 0.000348531990312], "dvar": [0.00103827356361, 0.00100550812203, 0.000710499240085, 0.000536471488886, 0.000239211687585, 0.000162841402926], "dmean": [0.0389362312853, 0.036715105176, 0.0309611465782, 0.0252203512937, 0.0174373351038, 0.0128529807553], "max": [-0.392943769693, -0.325574755669, -0.27761721611, -0.337380647659, -0.578167617321, -0.656557440758], "var": [0.00449036061764, 0.0108699062839, 0.0155376978219, 0.00907703861594, 0.00301670958288, 0.00284642586485], "mean": [-0.660643458366, -0.67121142149, -0.634021699429, -0.672787368298, -0.794028043747, -0.82883387804]}, "melbands_skewness": {"dmean2": 0.831114053726, "median": 2.37310123444, "min": -5.75943231583, "dvar2": 1.03906345367, "dvar": 0.501134932041, "dmean": 0.600505411625, "max": 21.7150287628, "var": 5.06464147568, "mean": 2.64176940918}, "spectral_spread": {"dmean2": 512370.875, "median": 1824834.375, "min": 454759.375, "dvar2": 547204857856, "dvar": 351112658944, "dmean": 347025.71875, "max": 40982264, "var": 3253721104380.0, "mean": 2330560}, "dissonance": {"dmean2": 0.0729589015245, "median": 0.368709743023, "min": 0.095245346427, "dvar2": 0.0050750579685, "dvar": 0.00178597914055, "dmean": 0.0428233370185, "max": 0.499929457903, "var": 0.0045641460456, "mean": 0.362867206335}, "spectral_skewness": {"dmean2": 0.997086167336, "median": 4.72023248672, "min": -0.0250627808273, "dvar2": 0.957237780094, "dvar": 0.378475666046, "dmean": 0.62142676115, "max": 12.8918733597, "var": 3.76094603539, "mean": 5.024725914}, "spectral_flux": {"dmean2": 0.0385810062289, "median": 0.04550826177, "min": 1.04781960886e-10, "dvar2": 0.00385770318098, "dvar": 0.00161055172794, "dmean": 0.0247515365481, "max": 0.543712794781, "var": 0.00393532263115, "mean": 0.0629931092262}, "spectral_contrast_valleys": {"dmean2": [0.561259865761, 0.473318099976, 0.419239580631, 0.38550427556, 0.305440992117, 0.235702648759], "median": [-6.67839050293, -7.26998519897, -8.75755214691, -10.002248764, -10.8020906448, -12.8479642868], "min": [-26.8009643555, -27.4804191589, -27.2123374939, -27.3955020905, -27.1679000854, -27.3260097504], "dvar2": [0.268901079893, 0.155199408531, 0.135856956244, 0.143592789769, 0.100550144911, 0.0871857851744], "dvar": [0.111123740673, 0.0612292923033, 0.0599305443466, 0.0655281618237, 0.0521811619401, 0.0577768161893], "dmean": [0.339749455452, 0.284405916929, 0.254631191492, 0.240145131946, 0.194488048553, 0.16303448379], "max": [-4.95169687271, -4.96208572388, -6.2669467926, -7.27914476395, -7.85256195068, -8.20630550385], "var": [2.71441054344, 1.73288059235, 1.98789656162, 2.071007967, 1.86558902264, 1.59385740757], "mean": [-7.18603754044, -7.56803178787, -9.02636146545, -10.2235164642, -10.7955617905, -12.5399913788]}, "erbbands_flatness_db": {"dmean2": 0.0186441745609, "median": 0.279258728027, "min": 0.0377451963723, "dvar2": 0.000428486702731, "dvar": 0.000243076734478, "dmean": 0.0153587879613, "max": 0.557522654533, "var": 0.00463708909228, "mean": 0.286737889051}, "spectral_energyband_high": {"dmean2": 1.93541054614e-05, "median": 1.98116367756e-06, "min": 7.82803261262e-21, "dvar2": 8.48281711541e-09, "dvar": 6.73126265838e-09, "dmean": 1.61063926498e-05, "max": 0.00463274074718, "var": 2.60279033881e-08, "mean": 3.97104267904e-05}, "spectral_entropy": {"dmean2": 0.181007027626, "median": 5.73749351501, "min": 3.9286339283, "dvar2": 0.0410072207451, "dvar": 0.0211371779442, "dmean": 0.13038726151, "max": 9.80620670319, "var": 0.359619170427, "mean": 5.73831701279}, "silence_rate_20dB": {"dmean2": 0.000270288524916, "median": 1, "min": 0, "dvar2": 0.000270169548457, "dvar": 0.000135105394293, "dmean": 0.000135135138407, "max": 1, "var": 0.000135096270242, "mean": 0.99986487627}, "melbands_flatness_db": {"dmean2": 0.029835794121, "median": 0.462694108486, "min": 0