{"metadata": {"tags": {"label": ["[no label]"], "catalognumber": ["0 85779 30312 5"], "replaygain_track_peak": ["0.999969"], "genre": ["Rap & Hip-Hop"], "asin": ["B004NHRH1G"], "source": ["CDDA"], "album": ["Funk Man (The Stimulus Package)"], "musicbrainz album type": ["album"], "musicbrainz_recordingid": ["1279794f-1c71-4403-af81-ecd54eab96ab"], "albumartistsort": ["Del the Funky Homosapien"], "musicbrainz album release country": ["XW"], "supplier": ["H3X"], "musicbrainz_artistid": ["a31a5e0c-d37a-41a8-90d5-9e256a47d83b"], "musicbrainz album status": ["official"], "albumartist": ["Del the Funky Homosapien"], "barcode": ["085779303125"], "musicip_puid": ["c516cfd2-eb4d-947c-21fc-af6c5b7afaae"], "artist": ["Del the Funky Homosapien"], "musicbrainz_albumid": ["bf14687b-cadf-472d-abf0-bd3273120408"], "discnumber": ["3"], "title": ["Sometimes I Gotta Get Stupid"], "tracknumber": ["10/13"], "musicbrainz_albumartistid": ["a31a5e0c-d37a-41a8-90d5-9e256a47d83b"], "encoding": ["LAME v3.97 -V 2 --vbr-new"], "rip date": ["2011-00-00"], "ripping tool": ["CDTag 2.27"], "replaygain_album_gain": ["-9.30 dB"], "release type": ["Album"], "encodedby": ["H3X"], "date": ["2009", "2009-04-07"], "replaygain_track_gain": ["-9.89 dB"], "file_name": "10-Del the Funky Homosapien-Sometimes I Gotta Get Stupid.mp3", "language": ["eng"]}, "audio_properties": {"sample_rate": 44100, "downmix": "mix", "lossless": false, "analysis_sample_rate": 44100, "md5_encoded": "4bac0f0dcd78d81f67e76feb3ea8a667", "equal_loudness": 0, "replay_gain": -11.696056366, "codec": "mp3", "bit_rate": 206819, "length": 224.079437256}, "version": {"extractor": "music 1.0", "essentia_build_sha": "ca57ba49d9b1854bd80e60cf9ccf267278fb7d6b", "essentia_git_sha": "v2.1_beta1-28-g21ef5f4-dirty", "essentia": "2.1-beta1"}}, "rhythm": {"beats_loudness_band_ratio": {"dvar2": [0.255139499903, 0.0399572737515, 0.0594445765018, 0.0232270620763, 0.00679072551429, 0.0288124475628], "var": [0.090843975544, 0.015189663507, 0.0199822429568, 0.00616044830531, 0.00143833458424, 0.0116656515747], "min": [0.00053905142704, 0.000552232551854, 0.000993109191768, 0.00214209640399, 0.000989877618849, 0.0032947959844], "dmean": [0.405674099922, 0.127044424415, 0.162005290389, 0.085001938045, 0.0276386644691, 0.0889964848757], "mean": [0.532605826855, 0.123951278627, 0.159173563123, 0.0769823268056, 0.0281249210238, 0.105868645012], "max": [0.984821915627, 0.668757617474, 0.680888414383, 0.484933108091, 0.606210112572, 0.990211069584], "dmean2": [0.733778953552, 0.234428137541, 0.290405839682, 0.160012513399, 0.0507655851543, 0.161420881748], "median": [0.559416770935, 0.0826721042395, 0.104593530297, 0.051682498306, 0.0200338382274, 0.0966477543116], "dvar": [0.0688542202115, 0.0125238960609, 0.0194940734655, 0.00740715302527, 0.00222418527119, 0.009776012972]}, "bpm_histogram_first_peak_weight": {"dvar2": 0, "var": 0, "min": 0.698259174824, "dmean": 0, "mean": 0.698259174824, "max": 0.698259174824, "dmean2": 0, "median": 0.698259174824, "dvar": 0}, "bpm": 139.938140869, "beats_count": 518, "bpm_histogram_first_peak_spread": {"dvar2": 0, "var": 0, "min": 0.275100409985, "dmean": 0, "mean": 0.275100409985, "max": 0.275100409985, "dmean2": 0, "median": 0.275100409985, "dvar": 0}, "danceability": 1.24860346317, "bpm_histogram_first_peak_bpm": {"dvar2": 0, "var": 0, "min": 140, "dmean": 0, "mean": 140, "max": 140, "dmean2": 0, "median": 140, "dvar": 0}, "beats_position": [0.441179126501, 0.882358253002, 1.3235373497, 1.75310659409, 2.19428563118, 2.63546490669, 3.06503391266, 3.49460315704, 3.92417216301, 4.35374164581, 4.78331041336, 5.21287965775, 5.64244890213, 6.07201814651, 6.5015873909, 6.93115615845, 7.36072540283, 7.79029464722, 8.2198638916, 8.64943313599, 9.06739234924, 9.49696159363, 9.92653083801, 10.3560991287, 10.774058342, 11.2036275864, 11.6331968307, 12.0743761063, 12.5039453506, 12.933514595, 13.3630838394, 13.7926530838, 14.2222223282, 14.6517915726, 15.0697498322, 15.4993190765, 15.9288883209, 16.3584575653, 16.7880268097, 17.2292060852, 17.6587753296, 18.088344574, 18.5179138184, 18.9358730316, 19.3538322449, 19.7717914581, 20.2013607025, 20.6309299469, 21.0604991913, 21.5016784668, 21.9312477112, 22.3608150482, 22.7787742615, 23.2083435059, 23.6379127502, 24.0790920258, 24.5086612701, 24.9498405457, 25.37940979, 25.8089790344, 26.2269382477, 26.6565074921, 27.0744667053, 27.5040359497, 27.9336051941, 28.3631744385, 28.7927436829, 29.2107028961, 29.6286621094, 30.0698413849, 30.4994106293, 30.9289798737, 31.358549118, 31.7881164551, 32.2176856995, 32.6472549438, 33.0652160645, 33.4947853088, 33.9243545532, 34.3539237976, 34.783493042, 35.2130622864, 35.6426315308, 36.0722007751, 36.5017662048, 36.9313354492, 37.3609046936, 37.7788658142, 38.2084350586, 38.6496124268, 39.0791816711, 39.5087509155, 39.9267120361, 40.3562812805, 40.7858505249, 41.2154197693, 41.6333770752, 42.0629463196, 42.492515564, 42.9220848083, 43.3516540527, 43.7928352356, 44.22240448, 44.6519737244, 45.0815429688, 45.5111083984, 45.9406776428, 46.3702468872, 46.7882080078, 47.229385376, 47.6589546204, 48.0885238647, 48.5064849854, 48.9360542297, 49.3656234741, 49.78358078, 50.2015419006, 50.6427192688, 51.0839004517, 51.513469696, 51.9430389404, 52.3726081848, 52.7905654907, 53.2201347351, 53.6497039795, 54.0792732239, 54.5088424683, 54.9384117126, 55.3563690186, 55.7859382629, 56.2155075073, 56.6450767517, 57.0746459961, 57.515827179, 57.9453964233, 58.3865737915, 58.8277549744, 59.2689323425, 59.6752815247, 60.0816307068, 60.4879798889, 60.9291610718, 61.3471183777, 61.7766876221, 62.2062568665, 62.6358261108, 63.0653953552, 63.4949645996, 63.924533844, 64.3657150269, 64.7952804565, 65.2248535156, 65.6544189453, 66.0839920044, 66.5135574341, 66.9431304932, 67.3610839844, 67.7906570435, 68.2202224731, 68.6497955322, 69.0793609619, 69.4973220825, 69.9152832031, 70.3448486328, 70.7744216919, 71.2039871216, 71.6451721191, 72.0863494873, 72.515914917, 72.9338760376, 73.3634490967, 73.7814025879, 74.210975647, 74.6521530151, 75.0817184448, 75.5112915039, 75.9408569336, 76.3588180542, 76.7883911133, 77.217956543, 77.6359176636, 78.0654830933, 78.4950561523, 78.924621582, 79.3541946411, 79.7837600708, 80.2133331299, 80.6428985596, 81.0724716187, 81.4904327393, 81.9199981689, 82.349571228, 82.7791366577, 83.2087097168, 83.6382751465, 84.0678405762, 84.4974136353, 84.9269790649, 85.356552124, 85.7977294922, 86.2273025513, 86.656867981, 87.0748291016, 87.4927902222, 87.9223556519, 88.3519287109, 88.7814941406, 89.2110671997, 89.6406326294, 90.0818099976, 90.5113830566, 90.9293441772, 91.3472976685, 91.7768707275, 92.2064361572, 92.6360092163, 93.065574646, 93.5067520142, 93.9363250732, 94.3658905029, 94.795463562, 95.2250289917, 95.6429901123, 96.0725631714, 96.5021286011, 96.9433059692, 97.3728790283, 97.802444458, 98.2204055786, 98.6499786377, 99.0795440674, 99.497505188, 99.9386825562, 100.379859924, 100.809432983, 101.227394104, 101.645347595, 102.074920654, 102.504486084, 102.934059143, 103.363624573, 103.793197632, 104.211151123, 104.640724182, 105.070289612, 105.499862671, 105.929428101, 106.35900116, 106.788566589, 107.229751587, 107.647705078, 108.077278137, 108.495239258, 108.924804688, 109.354377747, 109.783943176, 110.213516235, 110.643081665, 111.072654724, 111.502220154, 111.931785583, 112.361358643, 112.790924072, 113.220497131, 113.638458252, 114.068023682, 114.485984802, 114.92716217, 115.356735229, 115.797912598, 116.215873718, 116.645439148, 117.063400269, 117.492965698, 117.922538757, 118.352104187, 118.781677246, 119.211242676, 119.629203796, 120.070381165, 120.488342285, 120.929519653, 121.359092712, 121.788658142, 122.218231201, 122.647796631, 123.065757751, 123.495323181, 123.92489624, 124.35446167, 124.784034729, 125.213600159, 125.643173218, 126.084350586, 126.513923645, 126.943489075, 127.373062134, 127.802627563, 128.232192993, 128.661773682, 129.079727173, 129.509292603, 129.938858032, 130.368438721, 130.79800415, 131.22756958, 131.645523071, 132.07510376, 132.493057251, 132.922622681, 133.352203369, 133.77015686, 134.19972229, 134.640899658, 135.070480347, 135.500045776, 135.929611206, 136.359176636, 136.788757324, 137.218322754, 137.647888184, 138.077453613, 138.495422363, 138.924987793, 139.342941284, 139.772521973, 140.202087402, 140.631652832, 141.061218262, 141.490783691, 141.92036438, 142.34992981, 142.779495239, 143.209060669, 143.638641357, 144.068206787, 144.497772217, 144.927337646, 145.356918335, 145.774871826, 146.216049194, 146.645614624, 147.075195312, 147.504760742, 147.922714233, 148.352294922, 148.781860352, 149.211425781, 149.640991211, 150.070556641, 150.500137329, 150.929702759, 151.34765625, 151.777236938, 152.206802368, 152.636367798, 153.065933228, 153.495513916, 153.925079346, 154.354644775, 154.784210205, 155.225387573, 155.654968262, 156.084533691, 156.502487183, 156.920455933, 157.350021362, 157.779586792, 158.197555542, 158.63873291, 159.079910278, 159.509475708, 159.939041138, 160.368606567, 160.809799194, 161.239364624, 161.668930054, 162.098495483, 162.528076172, 162.957641602, 163.375595093, 163.793563843, 164.211517334, 164.641082764, 165.070648193, 165.500228882, 165.929794312, 166.359359741, 166.788925171, 167.230117798, 167.659683228, 168.089248657, 168.518814087, 168.948379517, 169.377960205, 169.807525635, 170.225479126, 170.655059814, 171.073013306, 171.502578735, 171.932144165, 172.361724854, 172.791290283, 173.220855713, 173.638824463, 174.068389893, 174.497955322, 174.927520752, 175.35710144, 175.78666687, 176.2162323, 176.645797729, 177.063766479, 177.493331909, 177.922897339, 178.352462769, 178.770431519, 179.199996948, 179.617950439, 180.059127808, 180.488708496, 180.929885864, 181.359451294, 181.789016724, 182.230194092, 182.65977478, 183.08934021, 183.51890564, 183.948471069, 184.378051758, 184.796005249, 185.225570679, 185.655151367, 186.084716797, 186.514282227, 186.943847656, 187.361816406, 187.791381836, 188.220947266, 188.650512695, 189.080093384, 189.509658813, 189.939224243, 190.368789673, 190.798370361, 191.227935791, 191.657501221, 192.08706665, 192.5050354, 192.93460083, 193.352554321, 193.770523071, 194.200088501, 194.629653931, 195.070831299, 195.500411987, 195.929977417, 196.347930908, 196.765899658, 197.195465088, 197.625030518, 198.066207886, 198.495773315, 198.925354004, 199.343307495, 199.772872925, 200.202438354, 200.632019043, 201.061584473, 201.491149902, 201.920715332, 202.350296021, 202.77986145, 203.20942688, 203.63899231, 204.068572998, 204.498138428, 204.927703857, 205.357269287, 205.786849976, 206.216415405, 206.645980835, 207.075546265, 207.505126953, 207.934692383, 208.375869751, 208.793823242, 209.223403931, 209.65296936, 210.070922852, 210.488891602, 210.93006897, 211.348022461, 211.789199829, 212.218765259, 212.648345947, 213.066299438, 213.507476807, 213.937042236, 214.366622925, 214.784576416, 215.225753784, 215.690155029, 216.154556274, 216.61895752, 217.164627075, 217.710296631, 218.255966187, 218.755187988, 219.266021729, 219.776870728, 220.299316406, 220.821762085, 221.344207764, 221.866668701, 222.38911438, 222.923171997, 223.457229614], "beats_loudness": {"dvar2": 0.00490450905636, "var": 0.00156444788445, "min": 8.00832844483e-10, "dmean": 0.0480938218534, "mean": 0.076375991106, "max": 0.242653384805, "dmean2": 0.0899299532175, "median": 0.0710155665874, "dvar": 0.00146765355021}, "bpm_histogram_second_peak_weight": {"dvar2": 0, "var": 0, "min": 0.00967117957771, "dmean": 0, "mean": 0.00967117957771, "max": 0.00967117957771, "dmean2": 0, "median": 0.00967117957771, "dvar": 0}, "bpm_histogram_second_peak_spread": {"dvar2": 0, "var": 0, "min": 0.444444417953, "dmean": 0, "mean": 0.444444417953, "max": 0.444444417953, "dmean2": 0, "median": 0.444444417953, "dvar": 0}, "bpm_histogram_second_peak_bpm": {"dvar2": 0, "var": 0, "min": 115, "dmean": 0, "mean": 115, "max": 115, "dmean2": 0, "median": 115, "dvar": 0}, "onset_rate": 2.98979306221}, "lowlevel": {"spectral_energyband_high": {"dvar2": 4.52729318567e-06, "var": 6.12101030129e-06, "min": 7.83398524342e-21, "dmean": 0.000607766502071, "mean": 0.00108618219383, "max": 0.0377744324505, "dmean2": 0.000807737465948, "median": 0.000376893935027, "dvar": 2.68700910055e-06}, "spectral_energyband_middle_low": {"dvar2": 0.000108198342787, "var": 0.000144465215271, "min": 2.48290928071e-22, "dmean": 0.00605201348662, "mean": 0.0154221588746, "max": 0.0964836552739, "dmean2": 0.00932039320469, "median": 0.0123361581936, "dvar": 4.74313565064e-05}, "spectral_energy": {"dvar2": 0.00148600456305, "var": 0.00123351579532, "min": 1.06360434126e-20, "dmean": 0.0214778259397, "mean": 0.0615827515721, "max": 0.285581201315, "dmean2": 0.0344937294722, "median": 0.0581625699997, "dvar": 0.000564975372981}, "spectral_spread": {"dvar2": 452733370368, "var": 1797799936000.0, "min": 1297515.75, "dmean": 435408.75, "mean": 3859461, "max": 41596664, "dmean2": 652191.375, "median": 3703488.75, "dvar": 216953438208}, "spectral_energyband_low": {"dvar2": 0.00145850819536, "var": 0.00105686916504, "min": 1.57237144024e-23, "dmean": 0.0180779434741, "mean": 0.0329236350954, "max": 0.277801573277, "dmean2": 0.0292094871402, "median": 0.0265311747789, "dvar": 0.000570720818359}, "spectral_rolloff": {"dvar2": 19677402, "var": 16355776, "min": 21.533203125, "dmean": 1016.33966064, "mean": 2179.03222656, "max": 21963.8671875, "dmean2": 1734.42724609, "median": 968.994140625, "dvar": 7029049}, "barkbands": {"dvar2": [0.000436538190115, 0.000987241393887, 0.000131358625367, 8.89350394573e-06, 1.85444077943e-05, 2.99684797938e-05, 3.14516000799e-05, 2.51869423664e-05, 1.7358115656e-05, 7.7589029388e-06, 3.52367555934e-06, 1.99640408027e-06, 3.72939837234e-07, 2.65528115051e-07, 1.71592787979e-07, 1.13644453847e-07, 5.94731261572e-07, 4.09621009112e-07, 6.87654448939e-07, 8.84023620529e-07, 7.63186449149e-07, 3.21902547284e-07, 3.34043583905e-08, 9.91370541215e-10, 5.1156898162e-11, 2.84049495036e-09, 1.98148100594e-07], "var": [0.000417300354457, 0.000549499411136, 7.68969111959e-05, 3.38785321219e-06, 1.30556636577e-05, 2.02198916668e-05, 1.85299031727e-05, 1.53004730237e-05, 1.07531241156e-05, 5.11087091581e-06, 2.14560532186e-06, 1.34976858135e-06, 2.76038036873e-07, 1.82852119224e-07, 1.10870949754e-07, 1.03797177076e-07, 3.52638352297e-07, 3.45694843418e-07, 6.41747135433e-07, 7.6124666748e-07, 6.35577407593e-07, 3.27721636495e-07, 3.16075272622e-08, 1.02743369368e-09, 2.68422055416e-11, 3.08520964332e-09, 3.35342861035e-07], "min": [5.60436251024e-24, 7.71033200966e-24, 2.26056474038e-24, 2.09026505373e-24, 2.0728101257e-23, 2.88568727009e-23, 1.95065659225e-23, 2.18988039725e-23, 3.68335470291e-23, 2.51262753272e-23, 3.74298816973e-23, 2.14466099689e-23, 5.29000341166e-23, 3.73770248612e-23, 1.01880350924e-22, 9.0326353318e-23, 1.17852020086e-22, 1.59750921874e-22, 1.6983098652e-22, 3.04567457256e-22, 3.94346669271e-22, 4.43629675163e-22, 5.18997875189e-22, 6.70036188085e-22, 1.12945403705e-21, 1.56422580137e-21, 2.32736837696e-21], "dmean": [0.00723977293819, 0.0128625696525, 0.00411922065541, 0.00117039994802, 0.00190072716214, 0.00203299196437, 0.00222000363283, 0.00160035979934, 0.00156693428289, 0.000959389843047, 0.00064053107053, 0.000660064688418, 0.00025881716283, 0.000239337023231, 0.000170823681401, 0.00012354827777, 0.000211302394746, 0.000160011448315, 0.000218124914682, 0.000222996153752, 0.000165920850122, 0.000154032968567, 4.67909158033e-05, 1.04975706563e-05, 3.15795341521e-06, 1.58625844051e-05, 0.000175239489181], "mean": [0.0127132600173, 0.0187547709793, 0.00485852174461, 0.00131085212342, 0.00279903132468, 0.0031738076359, 0.00322008598596, 0.00209174933843, 0.0023939628154, 0.00133344926871, 0.000912532908842, 0.00109492742922, 0.000423538411269, 0.000400669174269, 0.000286027207039, 0.0002221295872, 0.000338358717272, 0.000273847632343, 0.000361850223271, 0.000337780627888, 0.000235324303503, 0.000219822788495, 6.72032037983e-05, 1.44280211316e-05, 3.2718219245e-06, 2.42096266447e-05, 0.000409897766076], "max": [0.194452613592, 0.247400999069, 0.127079471946, 0.0251290164888, 0.0430467352271, 0.0632503926754, 0.0687127560377, 0.0607898980379, 0.0509351380169, 0.033436845988, 0.0331491306424, 0.015207959339, 0.00745078409091, 0.00478979805484, 0.00582740968093, 0.00942582357675, 0.0204945877194, 0.0195146277547, 0.0235169716179, 0.0228718798608, 0.0138274356723, 0.010775222443, 0.00309382239357, 0.000650263740681, 5.71215859964e-05, 0.000892325479072, 0.00826225057244], "dmean2": [0.0115963164717, 0.0208217315376, 0.00682407617569, 0.00202851463109, 0.00305800558999, 0.00322313583456, 0.00373301655054, 0.00257888180204, 0.00254511227831, 0.00153312610928, 0.00104556139559, 0.00108432129491, 0.000420682248659, 0.00039183528861, 0.00027975050034, 0.000198194582481, 0.000335474673193, 0.000243003582, 0.000320921069942, 0.000327571149683, 0.000240253066295, 0.00021486611513, 6.38815399725e-05, 1.52964494191e-05, 5.13121904078e-06, 2.17031556531e-05, 0.000236558073084], "median": [0.00183639349416, 0.0115170497447, 0.00202417466789, 0.00071317050606, 0.00161527562886, 0.00168197858147, 0.00182526209392, 0.000843036919832, 0.00135621218942, 0.000604258209933, 0.000445526791736, 0.00074689311441, 0.000263025140157, 0.000276907027001, 0.000195100641577, 0.000154416367877, 0.000196549925022, 0.000145114259794, 0.000154873778229, 0.00010659036343, 5.23785602127e-05, 4.21972908953e-05, 1.6576546841e-05, 5.05268508277e-06, 1.25954477426e-06, 8.13047154224e-06, 0.000246794195846], "dvar": [0.000175994457095, 0.000390874134609, 5.42654670426e-05, 3.22246410178e-06, 8.05742820376e-06, 1.25050764836e-05, 1.18657126222e-05, 1.05788822111e-05, 6.78725200487e-06, 3.23197718899e-06, 1.3917265278e-06, 7.54859854624e-07, 1.48512256715e-07, 1.05357095492e-07, 6.72654749678e-08, 4.85786557647e-08, 2.50348051622e-07, 1.98283359509e-07, 3.52981146534e-07, 4.32374775983e-07, 3.70513049575e-07, 1.74840835143e-07, 1.72079097638e-08, 5.31262200898e-10, 2.12162162838e-11, 1.52711399082e-09, 1.21946328591e-07]}, "melbands_skewness": {"dvar2": 2.7312002182, "var": 3.72644877434, "min": -4.03086042404, "dmean": 1.051872015, "mean": 2.69881534576, "max": 15.0903129578, "dmean2": 1.60719239712, "median": 2.30601739883, "dvar": 1.22410070896}, "barkbands_skewness": {"dvar2": 1.62794208527, "var": 2.53235960007, "min": -6.46557331085, "dmean": 0.825859069824, "mean": 2.26370334625, "max": 13.0431871414, "dmean2": 1.25833892822, "median": 2.06439495087, "dvar": 0.725061535835}, "erbbands": {"dvar2": [2.43503761292, 44.3901863098, 165.00227356, 97.2663192749, 232.904693604, 275.311981201, 721.20501709, 3475.03271484, 3675.56860352, 13402.4560547, 9954.92480469, 11250.1396484, 6882.1015625, 6447.89941406, 4028.0090332, 2535.31933594, 679.829223633, 529.14251709, 536.337768555, 297.255737305, 432.943939209, 1744.16271973, 1060.16113281, 1188.49475098, 2338.20776367, 1782.14160156, 2094.6574707, 752.94732666, 560.898132324, 121.168136597, 20.8372154236, 1.72588765621, 0.0430986396968, 0.00649165455252, 0.00254750670865, 0.000925326778088, 0.0111441183835, 0.0340324342251, 0.00734604429454, 5.30729157617e-05], "var": [1.25732600689, 20.277721405, 101.296821594, 45.343132019, 135.212402344, 176.069213867, 402.477905273, 2182.06958008, 2654.72851562, 6808.26660156, 6311.03613281, 6695.35546875, 4259.63623047, 4368.06298828, 2696.7902832, 1957.06152344, 588.405212402, 401.543029785, 397.018280029, 219.148727417, 361.424224854, 1110.84985352, 1001.93359375, 1213.89880371, 1906.70019531, 1562.52319336, 1697.81958008, 676.302307129, 513.145019531, 125.599708557, 19.1302165985, 2.03146052361, 0.0353514142334, 0.00345214130357, 0.00134245178197, 0.000632190844044, 0.0143001936376, 0.0444444380701, 0.0105730677024, 8.76547201187e-05], "min": [3.26702591333e-22, 1.37507508117e-21, 3.45457038652e-21, 3.91137724473e-21, 2.90144359663e-20, 6.53399077767e-20, 1.57632642783e-19, 2.02769911332e-19, 1.83105514651e-19, 3.80020266791e-19, 7.00878663316e-19, 1.10516561754e-18, 8.43321077653e-19, 8.26723388469e-19, 1.50801973986e-18, 1.69421747536e-18, 2.42525860762e-18, 1.55541439722e-18, 4.38165552762e-18, 7.75887390923e-18, 4.19500966703e-18, 6.87182155035e-18, 8.29633533941e-18, 9.28983715773e-18, 8.48619479669e-18, 1.4888266681e-17, 1.27770229979e-17, 1.51471808302e-17, 1.518736361e-17, 1.62648226061e-17, 1.40137332871e-17, 1.38147227307e-17, 1.17886951943e-17, 1.05275607432e-17, 8.21407801776e-18, 5.08760909909e-18, 2.54245789951e-18, 1.44391872245e-18, 2.84167197793e-19, 3.4882830048e-20], "dmean": [0.548483848572, 2.57374382019, 5.22012090683, 3.66059708595, 5.50597906113, 6.82633829117, 10.2639827728, 19.862651825, 22.0590457916, 41.917591095, 32.7512550354, 36.36145401, 31.1143283844, 27.3289852142, 24.0511131287, 22.6559963226, 11.5684976578, 11.0290575027, 10.487402916, 5.74375724792, 7.95470619202, 11.5374555588, 9.54379653931, 8.72860622406, 11.8570594788, 10.0431747437, 8.93545246124, 5.36250305176, 6.25978803635, 2.97957396507, 1.12224805355, 0.409230649471, 0.0836376398802, 0.0359281003475, 0.0223624762148, 0.0147319789976, 0.0342789888382, 0.056305591017, 0.0241269208491, 0.00357563886791], "mean": [0.795675575733, 3.27204155922, 6.53653812408, 4.6291975975, 6.9529709816, 9.91582965851, 14.6695728302, 30.1297588348, 35.1698875427, 56.8606491089, 47.3652229309, 54.0876693726, 47.1417922974, 41.6410598755, 39.6380958557, 39.3843460083, 21.154214859, 19.9794044495, 18.8975009918, 10.9005632401, 14.5559644699, 19.3234596252, 16.6959285736, 15.5105648041, 18.9653148651, 15.44972229, 12.483830452, 7.83252573013, 8.76761054993, 4.29448080063, 1.64475429058, 0.59820151329, 0.105776071548, 0.0385250411928, 0.0236000884324, 0.018272601068, 0.0529200620949, 0.0890407860279, 0.0448061712086, 0.0113072730601], "max": [10.7652444839, 62.2415122986, 129.592193604, 95.0709838867, 183.563415527, 248.627593994, 303.31552124, 712.763366699, 841.137939453, 1970.67749023, 1306.28894043, 1557.32092285, 1116.42077637, 1143.21435547, 903.405517578, 571.093994141, 322.292938232, 220.011123657, 266.173309326, 509.206573486, 403.513000488, 1191.64257812, 1055.70898438, 1167.31384277, 1325.99377441, 815.279968262, 758.96484375, 470.35723877, 465.324615479, 235.103057861, 90.93334198, 25.4715900421, 4.48860502243, 0.645273387432, 0.403507828712, 0.356707364321, 2.16931724548, 4.03506803513, 1.39229214191, 0.159012541175], "dmean2": [0.911510586739, 4.27753734589, 8.59239673615, 6.21462488174, 8.96685028076, 11.2074422836, 16.6918468475, 31.4611988068, 35.911113739, 70.0907363892, 52.633102417, 59.0855445862, 50.09425354, 43.5147132874, 39.2553901672, 36.5415725708, 18.2800216675, 17.885175705, 16.908290863, 9.17130947113, 12.8453226089, 18.2136039734, 14.4760818481, 12.9792108536, 17.3036403656, 14.5142469406, 13.0990905762, 7.5836520195, 8.89353275299, 4.08869838715, 1.53842520714, 0.568824768066, 0.128948152065, 0.0582189187407, 0.0362918674946, 0.0231917351484, 0.0461072996259, 0.0735093131661, 0.0318046621978, 0.00508231762797], "median": [0.32577753067, 1.76463127136, 3.08122396469, 2.56940674782, 3.51344108582, 5.4391336441, 8.46653366089, 14.623374939, 19.3897285461, 29.6195640564, 22.1094551086, 28.6028938293, 27.2391166687, 19.9104576111, 23.8916625977, 25.7537155151, 13.7603569031, 14.5064334869, 12.9984836578, 7.63660049438, 10.3069610596, 11.510931015, 9.02940750122, 7.78091144562, 7.07122039795, 4.94241428375, 2.8137216568, 1.77691864967, 1.62805628777, 0.88322687149, 0.435696065426, 0.189808100462, 0.0428699627519, 0.0162232574075, 0.00949200242758, 0.0088028088212, 0.0176733247936, 0.0216981973499, 0.0164685025811, 0.00923388265073], "dvar": [0.94803082943, 17.0639762878, 67.8117675781, 37.053150177, 100.956047058, 110.6381073, 292.761199951, 1441.18945312, 1479.57666016, 5088.33984375, 4119.33642578, 4466.03662109, 2825.43164062, 2547.28393555, 1593.63464355, 1004.45288086, 271.405792236, 213.394271851, 215.26234436, 117.139831543, 182.855911255, 743.334411621, 523.247802734, 630.914123535, 1128.67419434, 882.00567627, 1007.89428711, 381.408477783, 289.204498291, 66.1261367798, 10.4857749939, 0.972503960133, 0.0208925418556, 0.00269141001627, 0.00105694378726, 0.00040462979814, 0.00649895425886, 0.0202326141298, 0.00441961269826, 2.86807098746e-05]}, "silence_rate_30dB": {"dvar2": 0.126133084297, "var": 0.0533703304827, "min": 0, "dmean": 0.0586467720568, "mean": 0.943431437016, "max": 1, "dmean2": 0.117305696011, "median": 1, "dvar": 0.0552078150213}, "melbands_spread": {"dvar2": 246.195495605, "var": 292.601043701, "min": 0.599892258644, "dmean": 7.06210756302, "mean": 17.5029430389, "max": 174.743896484, "dmean2": 10.7582931519, "median": 13.4204626083, "dvar": 125.880645752}, "melbands_crest": {"dvar2": 47.1783485413, "var": 59.0686721802, "min": 1.92355310917, "dmean": 4.89066123962, "mean": 17.8770389557, "max": 38.1067962646, "dmean2": 7.86163139343, "median": 17.5909194946, "dvar": 17.9062976837}, "zerocrossingrate": {"dvar2": 0.000567081791814, "var": 0.00411142921075, "min": 0.0068359375, "dmean": 0.0228124633431, "mean": 0.156200781465, "max": 0.52685546875, "dmean2": 0.0289183929563, "median": 0.15380859375, "dvar": 0.000358334276825}, "barkbands_kurtosis": {"dvar2": 258.451202393, "var": 184.28918457, "min": -1.80534529686, "dmean": 6.31078481674, "mean": 10.1074018478, "max": 214.683746338, "dmean2": 10.0032548904, "median": 6.16940164566, "dvar": 110.453102112}, "spectral_flux": {"dvar2": 0.00289176101796, "var": 0.00290025747381, "min": 6.75543579409e-11, "dmean": 0.0346794091165, "mean": 0.137196958065, "max": 0.457806140184, "dmean2": 0.0557303801179, "median": 0.132613867521, "dvar": 0.00117556634359}, "barkbands_crest": {"dvar2": 19.0952529907, "var": 20.1431331635, "min": 2.25760507584, "dmean": 3.19714450836, "mean": 11.2116308212, "max": 24.9483013153, "dmean2": 5.17771959305, "median": 10.8390779495, "dvar": 7.71695041656}, "barkbands_flatness_db": {"dvar2": 0.00159661727957, "var": 0.00229005864821, "min": 0.0295374970883, "dmean": 0.0291075650603, "mean": 0.147021576762, "max": 0.343858361244, "dmean2": 0.0450423918664, "median": 0.143584862351, "dvar": 0.000662462261971}, "spectral_entropy": {"dvar2": 0.0423288494349, "var": 0.108926959336, "min": 5.58612823486, "dmean": 0.156257718801, "mean": 7.5636920929, "max": 9.81341266632, "dmean2": 0.229484215379, "median": 7.58730792999, "dvar": 0.0208576712757}, "pitch_salience": {"dvar2": 0.0196870770305, "var": 0.0258538145572, "min": 0.0775636211038, "dmean": 0.102626599371, "mean": 0.52325707674, "max": 0.99647551775, "dmean2": 0.165467604995, "median": 0.533586978912, "dvar": 0.00779994577169}, "erbbands_spread": {"dvar2": 136.432998657, "var": 191.229171753, "min": 4.33108615875, "dmean": 7.92086315155, "mean": 31.0346984863, "max": 119.079246521, "dmean2": 11.9962072372, "median": 28.7323036194, "dvar": 60.9420204163}, "dynamic_complexity": 2.26223134995, "spectral_contrast_valleys": {"dvar2": [0.274763166904, 0.196067243814, 0.152877539396, 0.121111623943, 0.123641096056, 0.758978903294], "var": [2.35707855225, 1.84247088432, 1.70129370689, 1.5285513401, 1.67768371105, 1.3134970665], "min": [-27.2719535828, -27.342420578, -27.4021091461, -27.521856308, -27.1906299591, -27.2830982208], "dmean": [0.396040707827, 0.356138497591, 0.312205910683, 0.270697623491, 0.256567627192, 0.650054812431], "mean": [-6.73371648788, -6.06228637695, -6.6055021286, -7.38627290726, -7.34632301331, -11.0869960785], "max": [-5.17355203629, -4.2811293602, -4.92093420029, -5.77136564255, -5.14746952057, -9.02163410187], "dmean2": [0.65337574482, 0.574819803238, 0.49796167016, 0.418650686741, 0.368374377489, 1.01589739323], "median": [-6.45626354218, -5.87222480774, -6.43618392944, -7.19911575317, -7.19691944122, -10.9361305237], "dvar": [0.109348602593, 0.0839260146022, 0.0666977763176, 0.056998770684, 0.0679735615849, 0.278725504875]}, "hfc": {"dvar2": 2228.8815918, "var": 3360.5793457, "min": 1.16191479842e-16, "dmean": 30.8149967194, "mean": 100.380950928, "max": 427.965789795, "dmean2": 46.6958312988, "median": 90.0809631348, "dvar": 987.734008789}, "spectral_kurtosis": {"dvar2": 70.9478225708, "var": 78.6216812134, "min": -1.24262773991, "dmean": 3.15945529938, "mean": 13.811167717, "max": 159.486968994, "dmean2": 4.72555398941, "median": 12.5214929581, "dvar": 27.3171234131}, "mfcc": {"mean": [-639.561340332, 159.787948608, -15.9298248291, 36.4500541687, -15.8187046051, 14.1501159668, -2.08944988251, 14.4553766251, -2.35307002068, 7.88877868652, 4.73372411728, 5.62227201462, 4.76232481003], "cov": [[6737.85791016, 487.0184021, -398.731628418, 721.497253418, -370.516937256, 159.722000122, -165.888046265, 401.991363525, 61.382270813, 160.531051636, -19.5244312286, 80.5195999146, 98.428024292], [487.0184021, 1193.09533691, -121.067337036, -164.003234863, 97.1222915649, -103.236930847, 35.1894416809, -73.5740509033, 13.6492862701, -35.9164733887, 39.8303527832, -14.0944490433, 17.6732730865], [-398.731628418, -121.067337036, 340.221313477, -60.3598861694, 101.235229492, -14.0007686615, 32.0304374695, -45.3662490845, 41.5205459595, 5.86566066742, 37.4845352173, 3.45238184929, -2.36878395081], [721.497253418, -164.003234863, -60.3598861694, 400.917419434, -104.144989014, 119.922027588, -24.8067073822, 141.080581665, 8.4495382309, 72.3232650757, -8.02785301208, 33.3426055908, 25.6401386261], [-370.516937256, 97.1222915649, 101.235229492, -104.144989014, 268.774078369, -31.3898487091, 102.22833252, -34.8286437988, 44.8672561646, -26.1699905396, 29.5574321747, -1.94407498837, 8.34439277649], [159.722000122, -103.236930847, -14.0007686615, 119.922027588, -31.3898487091, 170.328292847, 17.1141242981, 86.6076431274, -13.2846946716, 31.0870018005, -15.0964622498, 4.77428197861, -1.47833776474], [-165.888046265, 35.1894416809, 32.0304374695, -24.8067073822, 102.22833252, 17.1141242981, 199.736206055, 23.8865509033, 40.8972434998, -17.6041316986, 2.92513179779, -20.6796245575, 9.47692680359], [401.991363525, -73.5740509033, -45.3662490845, 141.080581665, -34.8286437988, 86.6076431274, 23.8865509033, 157.645065308, 24.4006080627, 42.6246299744, -9.78845882416, 11.5144815445, 9.79865837097], [61.382270813, 13.6492862701, 41.5205459595, 8.4495382309, 44.8672561646, -13.2846946716, 40.8972434998, 24.4006080627, 92.496635437, 32.6924629211, 28.5161972046, 12.6510725021, 19.7665290833], [160.531051636, -35.9164733887, 5.86566066742, 72.3232650757, -26.1699905396, 31.0870018005, -17.6041316986, 42.6246299744, 32.6924629211, 91.9557723999, 31.1459636688, 40.6683349609, 14.3129453659], [-19.5244312286, 39.8303527832, 37.4845352173, -8.02785301208, 29.5574321747, -15.0964622498, 2.92513179779, -9.78845882416, 28.5161972046, 31.1459636688, 78.7847366333, 27.8726520538, 15.312330246], [80.5195999146, -14.0944490433, 3.45238184929, 33.3426055908, -1.94407498837, 4.77428197861, -20.6796245575, 11.5144815445, 12.6510725021, 40.6683349609, 27.8726520538, 73.0773468018, 26.9391517639], [98.428024292, 17.6732730865, -2.36878395081, 25.6401386261, 8.34439277649, -1.47833776474, 9.47692680359, 9.79865837097, 19.7665290833, 14.3129453659, 15.312330246, 26.9391517639, 54.5500144958]], "icov": [[0.000234775725403, -0.000162654381711, 5.9270496422e-05, -0.000310947885737, 0.000167693360709, 9.78135358309e-05, 0.000179032911547, -0.000403300859034, -0.000175277047674, 7.94986772235e-05, 4.75578999612e-05, -7.81569451647e-06, -0.000170691375388], [-0.000162654381711, 0.00114539987408, 0.000582646054681, 0.000480526738102, -0.000459101865999, 0.000200919501367, -0.000162560842, 0.000450354011264, 6.35288379272e-05, -4.56523812318e-05, -0.00066103291465, 0.000375715404516, -0.000266177463345], [5.9270496422e-05, 0.000582646054681, 0.00407970696688, 0.00011467996228, -0.00118698715232, -0.000597439415287, 0.000128133557155, 0.00141004740726, -0.00160379544832, -0.000211771402974, -0.00125599186867, 0.00029048230499, 0.000563195790164], [-0.000310947885737, 0.000480526738102, 0.00011467996228, 0.00493918033317, 0.000603135093115, -0.00147299293894, 0.000161091549671, -0.00202298583463, 0.000381897436455, -0.00141091446858, 0.000111617096991, -0.00014041463146, -0.00143815751653], [0.000167693360709, -0.000459101865999, -0.00118698715232, 0.000603135093115, 0.00628986395895, -0.000208734854823, -0.00227548298426, 5.95414821873e-05, -0.00192175165284, 0.0022200786043, -0.00108010007534, -0.00148437602911, 7.80308473622e-05], [9.78135358309e-05, 0.000200919501367, -0.000597439415287, -0.00147299293894, -0.000208734854823, 0.0100365616381, -0.00132696877699, -0.00428975233808, 0.00407574512064, -0.00267374655232, 0.000874237040989, 0.000559879466891, 0.000432616070611], [0.000179032911547, -0.000162560842, 0.000128133557155, 0.000161091549671, -0.00227548298426, -0.00132696877699, 0.00771091971546, -0.00169779220596, -0.00281832879409, 0.00181336153764, 1.04779137473e-05, 0.00224244291894, -0.00162796652876], [-0.000403300859034, 0.000450354011264, 0.00141004740726, -0.00202298583463, 5.95414821873e-05, -0.00428975233808, -0.00169779220596, 0.0136554967612, -0.00366825750098, -0.00219554430805, 0.00178291322663, -6.04792039667e-05, 0.000745270284824], [-0.000175277047674, 6.35288379272e-05, -0.00160379544832, 0.000381897436455, -0.00192175165284, 0.00407574512064, -0.00281832879409, -0.00366825750098, 0.0191024895757, -0.00716410949826, -0.00234815455042, 0.00265492056496, -0.00409465050325], [7.94986772235e-05, -4.56523812318e-05, -0.000211771402974, -0.00141091446858, 0.0022200786043, -0.00267374655232, 0.00181336153764, -0.00219554430805, -0.00716410949826, 0.0225013755262, -0.00548899639398, -0.00850637070835, 0.00262619671412], [4.75578999612e-05, -0.00066103291465, -0.00125599186867, 0.000111617096991, -0.00108010007534, 0.000874237040989, 1.04779137473e-05, 0.00178291322663, -0.00234815455042, -0.00548899639398, 0.0190814975649, -0.00388884241693, -0.00125648430549], [-7.81569451647e-06, 0.000375715404516, 0.00029048230499, -0.00014041463146, -0.00148437602911, 0.000559879466891, 0.00224244291894, -6.04792039667e-05, 0.00265492056496, -0.00850637070835, -0.00388884241693, 0.0236341711134, -0.00947556272149], [-0.000170691375388, -0.000266177463345, 0.000563195790164, -0.00143815751653, 7.80308473622e-05, 0.000432616070611, -0.00162796652876, 0.000745270284824, -0.00409465050325, 0.00262619671412, -0.00125648430549, -0.00947556272149, 0.0254019983113]]}, "silence_rate_20dB": {"dvar2": 0, "var": 0, "min": 1, "dmean": 0, "mean": 1, "max": 1, "dmean2": 0, "median": 1, "dvar": 0}, "melbands_kurtosis": {"dvar2": 829.149719238, "var": 552.936706543, "min": -1.82289481163, "dmean": 10.3594369888, "mean": 14.5954647064, "max": 320.99887085, "dmean2": 16.5024471283, "median": 7.59462308884, "dvar": 364.811248779}, "barkbands_spread": {"dvar2": 140.627380371, "var": 172.940567017, "min": 0.837900876999, "dmean": 6.61208295822, "mean": 18.6284217834, "max": 102.395339966, "dmean2": 10.0943183899, "median": 15.2387371063, "dvar": 67.9029541016}, "erbbands_skewness": {"dvar2": 0.273834079504, "var": 0.709221899509, "min": -4.38966321945, "dmean": 0.40884205699, "mean": 0.406128317118, "max": 4.66344308853, "dmean2": 0.603718161583, "median": 0.430139899254, "dvar": 0.13897511363}, "average_loudness": 0.973655879498, "spectral_centroid": {"dvar2": 204536.125, "var": 777309.9375, "min": 159.242401123, "dmean": 275.774505615, "mean": 1220.44555664, "max": 11499.9833984, "dmean2": 398.98916626, "median": 971.300292969, "dvar": 128006.921875}, "dissonance": {"dvar2": 0.000776453933213, "var": 0.000464490265585, "min": 0.343386858702, "dmean": 0.018166905269, "mean": 0.472217381001, "max": 0.500000059605, "dmean2": 0.0309152137488, "median": 0.47748619318, "dvar": 0.000281509826891}, "erbbands_flatness_db": {"dvar2": 0.000669490662403, "var": 0.00142824125942, "min": 0.0621595866978, "dmean": 0.0207868982106, "mean": 0.144498020411, "max": 0.333363264799, "dmean2": 0.0311105176806, "median": 0.139443457127, "dvar": 0.000300529878587}, "spectral_strongpeak": {"dvar2": 5.07382631302, "var": 1.27186059952, "min": 0, "dmean": 0.430712580681, "mean": 0.554582595825, "max": 47.383769989, "dmean2": 0.749400794506, "median": 0.288616359234, "dvar": 1.78652799129}, "spectral_rms": {"dvar2": 4.07714287576e-06, "var": 5.85414090892e-06, "min": 3.22127719464e-12, "dmean": 0.00130886607803, "mean": 0.00736386049539, "max": 0.016691789031, "dmean2": 0.00206565693952, "median": 0.00753285968676, "dvar": 1.56991097811e-06}, "silence_rate_60dB": {"dvar2": 0.00330941798165, "var": 0.0326382145286, "min": 0, "dmean": 0.00124339445028, "mean": 0.0337753817439, "max": 1, "dmean2": 0.00248704664409, "median": 0, "dvar": 0.00124220433645}, "melbands": {"dvar2": [0.000115111652121, 4.46593221568e-05, 2.68544567916e-06, 1.13077601327e-06, 6.31044599686e-07, 1.46157879044e-06, 9.04346734387e-07, 1.43458339608e-06, 6.35651758785e-07, 4.50721245215e-07, 1.82331021392e-07, 1.17992897231e-07, 6.10900983133e-08, 2.97371958169e-08, 1.29374262414e-08, 3.13320569489e-09, 2.23891016837e-09, 1.9208545865e-09, 1.10958242594e-09, 5.26465426809e-10, 7.30332849752e-10, 2.26979346429e-09, 1.71936265225e-09, 9.2357255177e-10, 8.77864558824e-10, 1.55106116839e-09, 1.13589226913e-09, 1.0113044846e-09, 1.12245646111e-09, 4.84956963476e-10, 2.42646513993e-10, 2.32516117471e-10, 1.00510086365e-10, 2.96743601913e-11, 1.02875789484e-11, 2.37107555812e-12, 4.63524075893e-13, 3.34265120195e-14, 5.61867658858e-15, 4.33031829998e-15], "var": [7.03023033566e-05, 2.59724583884e-05, 1.36461358125e-06, 7.63040191032e-07, 3.83253990321e-07, 9.61703676694e-07, 6.32030719316e-07, 7.79770061854e-07, 4.02135810873e-07, 2.57134558979e-07, 1.11223656063e-07, 7.85566030004e-08, 3.80727129823e-08, 1.89045881172e-08, 8.74753780522e-09, 2.27704521905e-09, 1.50853018965e-09, 1.31750743648e-09, 6.77664258042e-10, 4.34839858565e-10, 5.24225107768e-10, 1.22929577628e-09, 1.18420806494e-09, 7.68272778728e-10, 8.22378665166e-10, 1.15661147326e-09, 8.3963785924e-10, 7.49548423329e-10, 8.59950610721e-10, 3.56802670742e-10, 2.05741396142e-10, 1.89938051398e-10, 9.89746617996e-11, 2.57060640135e-11, 7.92849640108e-12, 2.07447232135e-12, 4.66335195286e-13, 2.13140052482e-14, 2.98135268643e-15, 2.2702964793e-15], "min": [3.10169044159e-24, 1.89116523872e-24, 1.32521216785e-24, 4.06068556988e-24, 6.24290320896e-24, 4.94167635693e-24, 3.4013142101e-24, 3.9880196476e-24, 6.15571199082e-24, 6.21082733569e-24, 4.04057158895e-24, 2.91662229272e-24, 5.50865987737e-24, 2.79723292788e-24, 7.68682237696e-24, 3.07596647633e-24, 2.75042133011e-24, 6.28834711912e-24, 9.07349312021e-24, 8.43960393982e-24, 4.14093796749e-24, 6.62013807155e-24, 7.82572579401e-24, 7.51491065305e-24, 7.88800872906e-24, 4.1887176948e-24, 8.51213338917e-24, 1.0265513224e-23, 7.00587685471e-24, 9.42026690781e-24, 8.37353210584e-24, 8.16546294234e-24, 7.20094006847e-24, 7.85509193007e-24, 8.66434804513e-24, 6.09497403986e-24, 7.90994537311e-24, 7.83285867432e-24, 8.36977870565e-24, 9.16871099805e-24], "dmean": [0.00422150827944, 0.00290498882532, 0.00066601036815, 0.000443469471065, 0.000324946071487, 0.000423274759669, 0.000368265522411, 0.000430367159424, 0.000267242168775, 0.000233202328673, 0.000158330774866, 0.000115091810585, 8.41571527417e-05, 7.86455711932e-05, 4.57691021438e-05, 2.32648126257e-05, 2.22374510486e-05, 1.91360250028e-05, 1.25573678815e-05, 7.09361802365e-06, 9.91756314761e-06, 1.2447168956e-05, 1.18801899589e-05, 7.17616649126e-06, 7.37625168767e-06, 9.070782653e-06, 8.17831187305e-06, 6.93089805281e-06, 6.55044914311e-06, 3.85849034501e-06, 3.0125459034e-06, 3.762448614e-06, 2.82845189759e-06, 1.3338512872e-06, 7.08172876784e-07, 3.92375341107e-07, 2.0309205695e-07, 6.29941041552e-08, 3.32608109943e-08, 2.90221908728e-08], "mean": [0.00690703326836, 0.00384144601412, 0.000890477793291, 0.000625930726528, 0.000491490936838, 0.000659912708215, 0.000580481137149, 0.00059139035875, 0.000380594487069, 0.000340713828336, 0.00023069