{"tonal": {"thpcp": [1, 0.814106822014, 0.416089683771, 0.251153081656, 0.202355444431, 0.235517472029, 0.401548415422, 0.490188926458, 0.411640673876, 0.37999984622, 0.342315584421, 0.296873152256, 0.36116322875, 0.361348330975, 0.402381688356, 0.496673703194, 0.377916067839, 0.235928922892, 0.195621758699, 0.208132252097, 0.405205339193, 0.880121171474, 0.968413949013, 0.491387009621, 0.240160048008, 0.263638019562, 0.413421094418, 0.637642323971, 0.563001453876, 0.353195816278, 0.330827206373, 0.290428012609, 0.211167633533, 0.224032670259, 0.305258661509, 0.638119399548], "hpcp": {"dmean2": [0.301128059626, 0.238086074591, 0.221501678228, 0.21107968688, 0.174209430814, 0.170224815607, 0.224813476205, 0.337708264589, 0.402636826038, 0.359256744385, 0.263402968645, 0.189232647419, 0.150572389364, 0.15634162724, 0.197430372238, 0.215462714434, 0.2184420228, 0.194636106491, 0.184518188238, 0.175685316324, 0.189329832792, 0.190916791558, 0.236067906022, 0.269475162029, 0.201991245151, 0.159927755594, 0.145753413439, 0.156490668654, 0.226437389851, 0.324692517519, 0.348223417997, 0.239606007934, 0.191766083241, 0.216597467661, 0.267460376024, 0.309106886387], "median": [0.0557977035642, 0.0455969795585, 0.0419367738068, 0.0324342474341, 0.0210310220718, 0.0231332909316, 0.0340195894241, 0.105086199939, 0.20367822051, 0.167926922441, 0.0607607848942, 0.0307038761675, 0.0235917922109, 0.0290996544063, 0.0497589074075, 0.0636137649417, 0.0597979873419, 0.0399757884443, 0.0297054685652, 0.037061624229, 0.0473698303103, 0.044512450695, 0.0495807752013, 0.047624103725, 0.0402335263789, 0.0277312789112, 0.018899505958, 0.022939261049, 0.0625410825014, 0.17622743547, 0.172969311476, 0.0691511034966, 0.0215172022581, 0.0213171821088, 0.0376412644982, 0.0593771860003], "min": [0, 0, 0, 0, 0, 0, 0, 0, 0, 0, 0, 0, 0, 0, 0, 0, 0, 0, 0, 0, 0, 0, 0, 0, 0, 0, 0, 0, 0, 0, 0, 0, 0, 0, 0, 0], "dvar2": [0.139136180282, 0.116758145392, 0.113430611789, 0.112899154425, 0.0910918191075, 0.085230499506, 0.107789859176, 0.146373927593, 0.158875733614, 0.134426862001, 0.114433810115, 0.0907286405563, 0.0723976418376, 0.0732776001096, 0.0936754643917, 0.100101709366, 0.105010256171, 0.0891834497452, 0.0887101441622, 0.0846712514758, 0.0802751481533, 0.0809223800898, 0.101727075875, 0.12297476083, 0.0849742367864, 0.0756654813886, 0.069279409945, 0.0693100839853, 0.0903277099133, 0.11651840806, 0.132495462894, 0.0923101976514, 0.100098297, 0.118969194591, 0.123936966062, 0.140275746584], "dvar": [0.057177759707, 0.0429405979812, 0.042333766818, 0.0415644384921, 0.0331946723163, 0.0322487130761, 0.0397617332637, 0.0556656382978, 0.0695153176785, 0.0534092374146, 0.041703723371, 0.0321431979537, 0.025347488001, 0.0258837323636, 0.0351221337914, 0.0397145338356, 0.0379968173802, 0.0340313948691, 0.0332154035568, 0.0304570365697, 0.0310338344425, 0.031018352136, 0.0382175035775, 0.0476788654923, 0.0329557955265, 0.0275852158666, 0.025511154905, 0.0248999148607, 0.0335228927433, 0.0493695661426, 0.0621622502804, 0.035953015089, 0.0374269895256, 0.0433956608176, 0.0481352694333, 0.0613655969501], "dmean": [0.174717500806, 0.134707972407, 0.123936705291, 0.116744033992, 0.0946998894215, 0.0933474898338, 0.125125676394, 0.196991637349, 0.240114614367, 0.212584972382, 0.148403972387, 0.104895628989, 0.0833055824041, 0.0867689177394, 0.115599423647, 0.126756712794, 0.124262221158, 0.111315578222, 0.106516756117, 0.0997069105506, 0.109936743975, 0.111056596041, 0.133968174458, 0.15248760581, 0.115167602897, 0.0888987258077, 0.0811406970024, 0.0876729115844, 0.130008518696, 0.195250168443, 0.207266658545, 0.140605166554, 0.105032138526, 0.119362257421, 0.151175037026, 0.180423811078], "max": [1, 1, 1, 1, 1, 1, 1, 1, 1, 1, 1, 1, 1, 1, 1, 1, 1, 1, 1, 1, 1, 1, 1, 1, 1, 1, 1, 1, 1, 1, 1, 1, 1, 1, 1, 1], "var": [0.0795812085271, 0.0386669337749, 0.0385626889765, 0.034440882504, 0.0239988267422, 0.0257723238319, 0.034016020596, 0.0704373046756, 0.117711484432, 0.0823688581586, 0.0425464436412, 0.025618776679, 0.0208037588745, 0.0238166321069, 0.048138756305, 0.063315346837, 0.0441637299955, 0.0530016459525, 0.0486294776201, 0.0325927659869, 0.0400570854545, 0.0409912355244, 0.0425005033612, 0.0698173716664, 0.0453877300024, 0.0250846799463, 0.0217570122331, 0.0205692369491, 0.0378342010081, 0.0930245369673, 0.122567355633, 0.0466068573296, 0.0294125676155, 0.0338537432253, 0.052689820528, 0.0993180200458], "mean": [0.19652672112, 0.123289942741, 0.115481741726, 0.101379603148, 0.0737122148275, 0.0782030075788, 0.106556534767, 0.222748115659, 0.349069654942, 0.284179985523, 0.145244285464, 0.0876699239016, 0.0706361457705, 0.0822120010853, 0.140168368816, 0.171110078692, 0.143691271544, 0.132646411657, 0.11949197948, 0.103629410267, 0.126071125269, 0.126135736704, 0.140459239483, 0.173373714089, 0.131919026375, 0.0823556259274, 0.0682856217027, 0.0726526528597, 0.141444891691, 0.307223588228, 0.338043928146, 0.171528294683, 0.0838325843215, 0.092028029263, 0.144312754273, 0.222581595182]}, "tuning_equal_tempered_deviation": 0.177558213472, "chords_changes_rate": 0.0753753781319, "key_key": "C", "tuning_diatonic_strength": 0.724565267563, "key_scale": "major", "chords_number_rate": 0.00330330338329, "tuning_frequency": 445.627075195, "tuning_nontempered_energy_ratio": 0.861697971821, "chords_histogram": [13.5435438156, 3.03303313255, 7.62762784958, 34.5045051575, 0, 2.25225234032, 0.450450450182, 0.810810804367, 16.9369373322, 1.32132136822, 6.63663673401, 0, 0.510510504246, 0, 0, 0, 0, 2.58258247375, 0, 5.1351351738, 0, 0.390390396118, 3.93393397331, 0.330330342054], "key_strength": 0.802355349064, "chords_key": "B", "chords_strength": {"dmean2": 0.0115576898679, "median": 0.541776657104, "min": 0.310196787119, "dvar2": 9.40230675042e-05, "dvar": 6.74073235132e-05, "dmean": 0.0104314666241, "max": 0.79587495327, "var": 0.00641022436321, "mean": 0.550572872162}, "chords_scale": "minor", "hpcp_entropy": {"dmean2": 1.21349942684, "median": 2.10902404785, "min": 0, "dvar2": 0.906191587448, "dvar": 0.334874898195, "dmean": 0.721581697464, "max": 4.38346815109, "var": 0.616974949837, "mean": 2.10950803757}}, "metadata": {"audio_properties": {"equal_loudness": 0, "codec": "mp3", "downmix": "mix", "sample_rate": 44100, "analysis_sample_rate": 44100, "bit_rate": 160000, "md5_encoded": "733d1620ec07a5db1f1d53f80368fcc4", "length": 154.592651367, "replay_gain": -6.07005500793, "lossless": false}, "version": {"essentia_build_sha": "2d9f1f26377add8aeb1075a9c2973f962c4f09fd", "essentia": "2.1-beta2", "extractor": "music 1.0", "essentia_git_sha": "v2.1_beta2-1-ge3940c0"}, "tags": {"title": ["Jump Skiddle and Bop"], "language": ["eng"], "media": ["DIG"], "acoustid_fingerprint": ["AQADtFGWpEmSKUkE_UfzQHsO3bh1hDJ_mMcLP4SzaMfxEs4RCbWz4jocakF4dEfawU0P7bJw-Iju40apKHoOJpOI7jGaMTcYC03jjviPPEHCJ8UlKsK66Pgi5IL4XMilKML94aFxRF9GIRl5Zmg-xXii45EO1keyJ0eWfMWD78L34Eio54hODXdyPErw_KgeuMpe9PmM7_iPn0fYbIG5ZEfc8Gh0nCra7DN8GvmaQ7OOPDu-45KFP8SYMnguCaz4IN-hHdeOH89apE82BdVTdJWEZj-esTgfFUweKTiP6bnw9_iP49LWDmF-OER_nDQuNEYtH33QPMOtwfqhK8cP3UF6XL_wHE2VRNVwHSeeC532EJeyuXibwT-CJ4FOJgvCT4c5ol-MUzmON6QmtEh3aOkyBzmPj3rxd7ico1mUoKL4InmK_0LeCVWH-CjxJYyDP4L2G_9wNNXxJAz-B1rUCOHx41JOoqlj4dVhhTlGE76O8PEFXR_yKJQRS9NxNGpmMBZzPJnxxLEQZiee7PCV40ej5LiWlkh-hF6egskXFvcx58dPItyRLKfxJJlxMR8eNEft4_nxmcR_5FWOPCL66Ie7WceZw9Pxb8gXHVqeCrHo4se-BP1B_YPzPWhH4pGE_NB8IsyV4CSF9mkIK1J2OA96RdnxG00kBe2Y4yHRxzaY5CJ-RD7OH4d2Bt-M_oCe4cpyND7h3kHXG48g8m9w7NCF8IWPjxfeJEocoXQuHI-H7dmP68KjoZx4hHl0JJ-PX-hhNbhPnMb0xbiU4zmyykZykvgtNDqPHiyzo2GTdOgxheHRH_mhi3gZ_ND14TtypccPpBxT_Dv-FJUpaLly4tOgPcvRHHcehAgT-nizpOjR9NATCTH1o6mPhzkcKoIfdMKd5fBp5IeexEW-GD-s8fiLNhcaNC_6ZDgfNI8RdQ7EUagaHvmDPhR8HmaOsjuO5sgijjn02cHFHWF-9Erw_GiM93CHd4cfVLpwMRaShdQRecnh_eh_7HhzofPhONeQ7kKyH08UHx9-DU2P5wY1OYhzoXEy3MyOQ8se2IqOngweH0cvIn0cpNXRMoeOMK1GtAv2y3gWofnxKUeeHyKzBelllEcTMUqO_siZQ54YE_nRVOZQ_DsCldKLPOFRSjMaXbizHD-ePdiRD0no6Hj44MlR6vCXYfpxPAarIa-PT6EwHmUV4Y-hP_DxD2VRZRAtGpcI38dkFVV1ZJrUo0eYF_VqY_yOPPQQxsqEP2hwR8NJCp0uuFpwfET-tahxp3iDRj7CMiJ-BzryEt024yFGH_4RftCDS--GMF8efHCOXkHUiUGTKYL2POjRHG9QakdzHw-0B7tQ_caPkjmaM_jRF1NqHPlxRTKOlxz65LCH8IK6COF5wiOPH34W5DgNhyKFC6JRSfpwP8bnobGOvDqa4xp6DY2a40p15A78A7WgZ3GMnyjUaBH6rGjaHA995Br8I0-Pe-gPcSz6HOFDE9eH8ImCG3I4NM8RMl-C5hd63lhb4aYR-sShw_yM_rgO1cHFo9sN_9B5RJuOB7ZQqzmakT6-5TBVC6VenMPNGsmRdzqu4zr2XEfPoHlC5MUFkbkMubmCnkjz9KB-9MfDHbx2NDl6vMfW47pQo_lxhTdutNqLujjyo3kCbZ9Qi0Geffg-hJoaoxJzND_mJXmC_0TXFI3zIL_AquHQM_APy0SeLS8u6YP4YftURBLF4-GNoznjINxsPHmhPRS8-3gPkSSe45yD_PiRpYe28UPv48qOX2hG5tA2ZUeOU8GHMwveHbGeG4krPMmIO8WD5iilYFdOPPrxI8yNZA_xSsaPZkcboZx2OJ_xw-g7IY_U4FqKSiT2EOFCXEcTJ0J1BT9C8obyo16RL1JRa4fjxEN4_FD0unDHo8zR7If2oYcjKTsuH_UyXEajx3gyRVWhR9gqHnlDHD_6LCKe6HiWI1dyiF9y5CMuPXiUP3goBRX7IswnQ89yYWaPOI-MP4YfnCn-GKWPfjnuI96HKmEORXEa6IoOj8cVHlcI1wEcZw_eByLX43txo7E_1MqOH_3FwDmLMMxDPIkwkWgupcdNDr80_AbDxMgT5kjG4hotXF6K50WtEJTLwzuq5cLDPHCeHR_yQ89HTHl0pHsSVPxxJka1SPLxHH2dIpfxhKgkET4FWb3gbzW-DK6OPIM1Cvmy5VCpI-WCUgmPt3gX9C8-B-ElIXGDM8E_4Q7aMTkaMseFh0d-QsuzHD2PmXzQLlHGwNFBaT7uHs9BTQ9OaJcxkZJXVA6PLooHMdyOw9fRQ4-KR8cf4TnSi8SXCU-U4Gh84XguIk2acTiP5iR-lELjHT-aBxrXHNOaSIhWEWeOhkSfo2F8PEWYKkV_aFpsNJuiHDlTHMcZFt-p4GEYDtXRVMiXRIWe5ELYHg2VoD-aactx5MrKQRyePEIe_IwGu_hj5JQT4UswsTma5cGF5wr0FsZzPNMxLU_iw7FEQddxHZeO3tBOwQ9RiriiE90aQ8uFHA-e4wrOfLiYwzviLznk4_-R60EzMmhevDjR2KhsHieLLrBt1IuOnvAjhOQFWQt35MG1LsXZwCWeqxouXBceZsGXGqEN8UsRH32JZ7mKfwn2ozrCHdLNIM-F57h8MHmUDB0v_OCOMzryxui16HA3w9kYdA_0Lah1IkyYJDifo0cTKT6eGH2OTHpi6NIBIQAShigFhFWAaIEV0BQgBwARABDDAFKGCaCBUUggAgRggAiBkCBLAOYIM4AgQ4QRwAgGBCDACOABAQIgxphgwBAglFEMEEwAIYAAhZgQACiBFCDCCKEMAgIAQohUmAAChKIQEkYMAQIyAAgBiAmBgCDAEGWgAMCIAYAAUrlmgAECOUOMIAYIQoxgECjiGAAIaQ4MIYAY4ICiABFAsFCGIAGQEAQIAJhhShiHHDHGAAOAQEoJIggBgikghIMGAKGUQAIiBBxATgDzCfCGAYAYAIAYAARBAAoAEBSMEKkAIkYAdAA1EgpHiFIIQGgAQAwRIQRAwBAhoEEAKWEBAAYSBRBTQGnBiDFCAAEIckgBQYAyQgBmBEAOAUuEEYADAwhThAEGhSbAASQGQ4ACg6BERDFiFFJEICGEIAJJAIRACABAKEHaQWEMQkJBQZAQyDiFEBAEAYIwAAAhCIhTiAiFFCGKKiEgMQQI4AQRRimFkKBCCMGgcRQJLAWiAiBMAAAKAMeAEUIZgKBAQlAEECXKKKKEQIQqIaRAQABBlSACAGOCMUQyBgwSCmlGCFKGCimAYIQRIQRAZgFhhDCIEEIAgMIyRYBAghKiGIBKEIGUEAYgRZhATghgBABEEMAEIEAoxZBCkigBAGIGIYEAKEYAgRBIQAggLCJCeAGJkIAxBRyUFiDABNAIAgcM40YYAAkxAqguBDFCGQQAQ4IYIAgBBECAAHOEEYYEM4QARAxggjmBDLCAGAIQIIA4wQwQAAJglCAGOaUQEQIwIAQFRCiGhEGIAQkYMQgIgBQFBiEgEEDCAQiAY4QYBYQBiBHDgAGGMIaYVwgAAJwSHigmFFNKMGAcJUAII5wRCjBwlBAACGqYA5QBxBBBAABuFFFWAECApMwCAhBxwABAgHBAE0aMEwQRUIQAogkhhBCEEMUAAkQBoogTBHFKhAFGCkYQwIQQKpAB"], "date": ["1991"], "genre": ["Rock & Roll"], "musicbrainz album type": ["Album"], "length": ["154592"], "musicip_puid": ["1e4c8cfa-eaca-ff8a-86d6-815bb89de4cf"], "musicbrainz_recordingid": ["128219f8-7d54-4301-b2c4-1da6abf91249"], "musicbrainz_releasegroupid": ["d06a7e1d-b38f-48c3-a9d2-13e4966a3218"], "musicbrainz_albumartistid": ["7da15b04-6a53-4d8f-92e3-6ba1ab3783cc"], "musicbrainz_albumid": ["b6fd2bee-8142-4a41-a462-b9fd24710018"], "artist": ["Freddie 'Fingers' Lee"], "tracknumber": ["04"], "bpm": ["89.18"], "album": ["Born to Rock"], "musicbrainz album release country": ["France"], "acoustid_id": ["355ad64e-1c0f-4a39-bf16-f8d7ce4a6d43"], "musicbrainz_artistid": ["7da15b04-6a53-4d8f-92e3-6ba1ab3783cc"], "file_name": "Freddie 'Fingers' Lee - Jump Skiddle and Bop.mp3"}}, "rhythm": {"bpm_histogram_first_peak_bpm": {"dmean2": 0, "median": 89, "min": 89, "dvar2": 0, "dvar": 0, "dmean": 0, "max": 89, "var": 0, "mean": 89}, "bpm": 89.2113647461, "bpm_histogram_second_peak_spread": {"dmean2": 0, "median": 0.333333343267, "min": 0.333333343267, "dvar2": 0, "dvar": 0, "dmean": 0, "max": 0.333333343267, "var": 0, "mean": 0.333333343267}, "bpm_histogram_first_peak_weight": {"dmean2": 0, "median": 0.75, "min": 0.75, "dvar2": 0, "dvar": 0, "dmean": 0, "max": 0.75, "var": 0, "mean": 0.75}, "onset_rate": 4.38522529602, "beats_position": [0.615328788757, 1.23065757751, 1.8575963974, 2.48453521729, 3.15791368484, 3.8196823597, 4.48145103455, 5.15482997894, 5.83981847763, 6.52480697632, 7.20979595184, 7.89478445053, 8.57977294922, 9.26476192474, 9.93814086914, 10.6115188599, 11.2965078354, 11.9814968109, 12.6664848328, 13.3514738083, 14.0364627838, 14.7214508057, 15.3948297501, 16.0682086945, 16.7415866852, 17.4149665833, 18.0999546051, 18.784942627, 19.4699325562, 20.154920578, 20.8282985687, 21.5132884979, 22.1982765198, 22.8716545105, 23.5450344086, 24.2300224304, 24.9150104523, 25.6000003815, 26.2849884033, 26.9699764252, 27.6549663544, 28.3399543762, 29.0249423981, 29.6983222961, 30.383310318, 31.0682983398, 31.753288269, 32.4382743835, 33.1232643127, 33.8082542419, 34.4816322327, 35.1666221619, 35.8516082764, 36.5365982056, 37.2215881348, 37.8949661255, 38.5683441162, 39.2533340454, 39.9383201599, 40.6116981506, 41.2850799561, 41.9584579468, 42.6318359375, 43.3052139282, 43.9785919189, 44.6635818481, 45.3485717773, 46.0219497681, 46.7069396973, 47.3919258118, 48.0653038025, 48.7386856079, 49.4120635986, 50.0970497131, 50.7820396423, 51.4554176331, 52.1287956238, 52.8021774292, 53.4755554199, 54.1489334106, 54.8223114014, 55.4956893921, 56.1690673828, 56.8424491882, 57.515827179, 58.1892051697, 58.8625831604, 59.5243530273, 60.1861228943, 60.859500885, 61.5328788757, 62.2062568665, 62.8796348572, 63.5530128479, 64.2263946533, 64.899772644, 65.5731506348, 66.2465286255, 66.9082946777, 67.5700683594, 68.2434463501, 68.9168243408, 69.5902023315, 70.2519683838, 70.9137420654, 71.5871200562, 72.2604980469, 72.9338760376, 73.6072540283, 74.280632019, 74.9424057007, 75.6041717529, 76.2543258667, 76.9277114868, 77.6010894775, 78.2744674683, 78.947845459, 79.6212234497, 80.282989502, 80.9447631836, 81.6181411743, 82.291519165, 82.9648971558, 83.6382751465, 84.3116531372, 84.9850311279, 85.6468048096, 86.3085708618, 86.9819488525, 87.6553268433, 88.328704834, 89.0020828247, 89.6754608154, 90.3488388062, 91.0222167969, 91.6839904785, 92.3457565308, 93.0191345215, 93.6925125122, 94.3658905029, 95.039276123, 95.7126541138, 96.3860321045, 97.0477981567, 97.709564209, 98.3829498291, 99.0563278198, 99.7297058105, 100.403083801, 101.076461792, 101.738227844, 102.400001526, 103.061767578, 103.72353363, 104.396911621, 105.070289612, 105.732063293, 106.393829346, 107.067207336, 107.71736908, 108.39074707, 109.064125061, 109.737503052, 110.410881042, 111.072654724, 111.734420776, 112.407798767, 113.069564819, 113.74294281, 114.416320801, 115.089706421, 115.751472473, 116.424850464, 117.098228455, 117.759994507, 118.421768188, 119.071922302, 119.745300293, 120.418685913, 121.092063904, 121.765441895, 122.427207947, 123.088973999, 123.739135742, 124.412513733, 125.074279785, 125.736053467, 126.409431458, 127.082809448, 127.756187439, 128.417953491, 129.079727173, 129.753097534, 130.426483154, 131.099868774, 131.761627197, 132.423400879, 133.09677124, 133.77015686, 134.431930542, 135.093688965, 135.767074585, 136.440444946, 137.113830566, 137.787200928, 138.460586548, 139.133972168, 139.795730591, 140.457504272, 141.130874634, 141.792648315, 142.454421997, 143.127792358, 143.801177979, 144.47454834, 145.14793396, 145.809707642, 146.471466064, 147.144851685, 147.818222046, 148.479995728, 149.141769409, 149.815139771, 150.488525391, 151.161895752, 151.823669434, 152.485443115, 153.158813477, 153.832199097], "beats_loudness": {"dmean2": 0.0251864902675, "median": 0.0419774390757, "min": 5.12655917717e-09, "dvar2": 0.000582791573834, "dvar": 0.000195929198526, "dmean": 0.0141699919477, "max": 0.129674062133, "var": 0.00036747084232, "mean": 0.0408410467207}, "danceability": 1.32287299633, "bpm_histogram_second_peak_weight": {"dmean2": 0, "median": 0.00877192988992, "min": 0.00877192988992, "dvar2": 0, "dvar": 0, "dmean": 0, "max": 0.00877192988992, "var": 0, "mean": 0.00877192988992}, "beats_count": 229, "bpm_histogram_second_peak_bpm": {"dmean2": 0, "median": 96, "min": 96, "dvar2": 0, "dvar": 0, "dmean": 0, "max": 96, "var": 0, "mean": 96}, "bpm_histogram_first_peak_spread": {"dmean2": 0, "median": 0.239999994636, "min": 0.239999994636, "dvar2": 0, "dvar": 0, "dmean": 0, "max": 0.239999994636, "var": 0, "mean": 0.239999994636}, "beats_loudness_band_ratio": {"dmean2": [0.243430808187, 0.127738386393, 0.227384462953, 0.121471494436, 0.0602291896939, 0.103669181466], "median": [0.394608646631, 0.145630732179, 0.115991003811, 0.0822377204895, 0.061431877315, 0.144835844636], "min": [0.0953751653433, 0.0242986269295, 0.0134660676122, 0.019779285416, 0.0193750634789, 0.00434142397717], "dvar2": [0.029755808413, 0.011721920222, 0.0492376461625, 0.0248755440116, 0.00467297388241, 0.00654326984659], "dvar": [0.0106539316475, 0.00363130238838, 0.0170434322208, 0.00865203514695, 0.00152466981672, 0.00211991812102], "dmean": [0.139474838972, 0.074994571507, 0.126799061894, 0.0694335401058, 0.0343535095453, 0.0572064220905], "max": [0.683210372925, 0.449218928814, 0.734922111034, 0.593024969101, 0.404295831919, 0.394377350807], "var": [0.0157198272645, 0.00574973225594, 0.0170831922442, 0.0082931118086, 0.00234719924629, 0.00309174600989], "mean": [0.394753366709, 0.15738619864, 0.153818875551, 0.107500702143, 0.074473194778, 0.149578481913]}}, "lowlevel": {"barkbands_spread": {"dmean2": 13.8026790619, "median": 29.6751003265, "min": 1.23812270164, "dvar2": 218.612838745, "dvar": 96.9462509155, "dmean": 9.26387691498, "max": 126.711250305, "var": 400.125549316, "mean": 33.5405693054}, "melbands_spread": {"dmean2": 18.4876499176, "median": 24.7642784119, "min": 2.13123703003, "dvar2": 839.757751465, "dvar": 398.782623291, "dmean": 11.7006378174, "max": 321.000976563, "var": 875.639282227, "mean": 31.019695282}, "hfc": {"dmean2": 21.1014213562, "median": 16.7983493805, "min": 1.16667631472e-16, "dvar2": 2882.08178711, "dvar": 1360.93847656, "dmean": 15.0933971405, "max": 1255.66113281, "var": 2146.00610352, "mean": 29.0018482208}, "barkbands_kurtosis": {"dmean2": 3.44219994545, "median": 1.12670385838, "min": -1.89576745033, "dvar2": 21.5669670105, "dvar": 9.22854137421, "dmean": 2.21572065353, "max": 53.060710907, "var": 21.7172431946, "mean": 2.57386374474}, "gfcc": {"mean": [-0.500375807285, 58.3847999573, -99.3709335327, 21.3280982971, -56.8508644104, 13.9188117981, -46.7813453674, 13.4120197296, -29.377161026, 6.74865102768, -19.0752887726, 3.17860984802, -19.8311405182], "icov": [[9.18743171496e-05, -6.79961958667e-05, 0.000179935421329, -0.000141644995892, 7.49866885599e-05, -0.000183645563084, 0.000210926344153, -0.000296567595797, 0.000265956477961, -0.000338156241924, 0.000337046571076, -0.000325466971844, 0.000337670964655], [-6.79961958667e-05, 0.00203021848574, 0.000610570597928, 0.00088970415527, -0.00112383894157, 0.00141886260826, -0.000793730549049, 0.000975236413069, -0.0011922295671, 0.00175380718429, -0.00172588077839, 0.00123841525055, -0.00097646570066], [0.000179935421329, 0.000610570597928, 0.00322170043364, 4.67842910439e-05, -0.000474952685181, -0.000983830192126, 0.00135831325315, -0.00101377768442, 0.00142932205927, -0.00249748653732, 0.00267971050926, -0.00194047077093, 0.00141749100294], [-0.000141644995892, 0.00088970415527, 4.67842910439e-05, 0.00334008852951, -0.00111025560182, 0.000296155601973, -0.000305769470287, 0.00188230513595, -0.00241933437064, 0.000693031237461, -0.000685352366418, 0.00107354635838, -0.00315625779331], [7.49866885599e-05, -0.00112383894157, -0.000474952685181, -0.00111025560182, 0.0049707875587, -0.00102417136077, 0.000198025009013, -0.000114631722681, 0.00119720108341, -0.00158621347509, 0.00125539524015, -0.00170686817728, 0.00126313278452], [-0.000183645563084, 0.00141886260826, -0.000983830192126, 0.000296155601973, -0.00102417136077, 0.00763144344091, -0.00435343850404, 0.00119814649224, 0.000968944805209, 0.0017586912727, -0.00099505414255, 0.00218318914995, -0.000751579878852], [0.000210926344153, -0.000793730549049, 0.00135831325315, -0.000305769470287, 0.000198025009013, -0.00435343850404, 0.00907652452588, -0.00411379290745, 0.0013389257947, -0.00157697242685, 0.00197514169849, -0.00177204993088, 0.0013392183464], [-0.000296567595797, 0.000975236413069, -0.00101377768442, 0.00188230513595, -0.000114631722681, 0.00119814649224, -0.00411379290745, 0.0140721071512, -0.00759892817587, 0.00195422070101, -0.000492260442115, -0.000921199854929, -0.00102508463897], [0.000265956477961, -0.0011922295671, 0.00142932205927, -0.00241933437064, 0.00119720108341, 0.000968944805209, 0.0013389257947, -0.00759892817587, 0.0171192884445, -0.00712206494063, 0.00273911491968, 0.00289396499284, 0.000851454737131], [-0.000338156241924, 0.00175380718429, -0.00249748653732, 0.000693031237461, -0.00158621347509, 0.0017586912727, -0.00157697242685, 0.00195422070101, -0.00712206494063, 0.0164644885808, -0.00510782841593, -0.000138040108141, 0.000903710431885], [0.000337046571076, -0.00172588077839, 0.00267971050926, -0.000685352366418, 0.00125539524015, -0.00099505414255, 0.00197514169849, -0.000492260442115, 0.00273911491968, -0.00510782841593, 0.0172545872629, -0.00512950448319, 0.000446886493592], [-0.000325466971844, 0.00123841525055, -0.00194047077093, 0.00107354635838, -0.00170686817728, 0.00218318914995, -0.00177204993088, -0.000921199854929, 0.00289396499284, -0.000138040108141, -0.00512950448319, 0.016131894663, -0.00614579115063], [0.000337670964655, -0.00097646570066, 0.00141749100294, -0.00315625779331, 0.00126313278452, -0.000751579878852, 0.0013392183464, -0.00102508463897, 0.000851454737131, 0.000903710431885, 0.000446886493592, -0.00614579115063, 0.0186506193131]], "cov": [[15204.140625, -342.205291748, -170.083465576, 296.034118652, 7.29620027542, 228.217636108, -7.88504981995, 220.515350342, -28.7361106873, 210.793914795, -150.523025513, 173.838104248, -156.786880493], [-342.205291748, 1262.5637207, -620.31817627, -101.293800354, 21.7856903076, -247.341659546, -26.4167709351, -62.6609764099, 49.6006164551, -138.875152588, 134.504089355, -86.0246963501, 62.2065811157], [-170.083465576, -620.31817627, 798.709594727, -36.0835723877, 87.5025100708, 154.121902466, -2.03309702873, 40.6292915344, -52.2299079895, 119.828849792, -110.103889465, 83.0357208252, -66.9659347534], [296.034118652, -101.293800354, -36.0835723877, 461.166748047, 48.4879264832, -0.682787537575, -24.7792167664, -31.4086322784, 44.5600547791, 14.047296524, 0.534525811672, -4.39529418945, 62.6884651184], [7.29620027542, 21.7856903076, 87.5025100708, 48.4879264832, 256.564575195, 36.2430877686, 11.8837003708, -11.05473423, -18.3500671387, 21.718667984, -10.4935102463, 26.5316333771, -6.03318691254], [228.217636108, -247.341659546, 154.121902466, -0.682787537575, 36.2430877686, 254.935562134, 99.4879760742, 14.1652736664, -42.8147964478, 9.23488235474, -38.8942604065, 10.4164352417, -21.5857582092], [-7.88504981995, -26.4167709351, -2.03309702873, -24.7792167664, 11.8837003708, 99.4879760742, 182.975219727, 47.6530456543, -2.37315440178, 0.574321389198, -15.4283533096, 5.47247838974, -10.3408937454], [220.515350342, -62.6609764099, 40.6292915344, -31.4086322784, -11.05473423, 14.1652736664, 47.6530456543, 120.103889465, 44.6973838806, 21.2456493378, -16.7391643524, 7.78623533249, -11.2805480957], [-28.7361106873, 49.6006164551, -52.2299079895, 44.5600547791, -18.3500671387, -42.8147964478, -2.37315440178, 44.6973838806, 114.206321716, 30.1920528412, -1.69406235218, -27.9003620148, 0.942197561264], [210.793914795, -138.875152588, 119.828849792, 14.047296524, 21.718667984, 9.23488235474, 0.574321389198, 21.2456493378, 30.1920528412, 109.347892761, -3.08811688423, 18.2538719177, -18.3774108887], [-150.523025513, 134.504089355, -110.103889465, 0.534525811672, -10.4935102463, -38.8942604065, -15.4283533096, -16.7391643524, -1.69406235218, -3.08811688423, 93.8282394409, 12.4551687241, 19.6400547028], [173.838104248, -86.0246963501, 83.0357208252, -4.39529418945, 26.5316333771, 10.4164352417, 5.47247838974, 7.78623533249, -27.9003620148, 18.2538719177, 12.4551687241, 100.480903625, 17.1533985138], [-156.786880493, 62.2065811157, -66.9659347534, 62.6884651184, -6.03318691254, -21.5857582092, -10.3408937454, -11.2805480957, 0.942197561264, -18.3774108887, 19.6400547028, 17.1533985138, 81.1019744873]]}, "spectral_energyband_middle_low": {"dmean2": 0.0068806973286, "median": 0.00633419770747, "min": 4.26422208062e-22, "dvar2": 0.000109493084892, "dvar": 4.75357592222e-05, "dmean": 0.00454650446773, "max": 0.152633652091, "var": 0.000141273325426, "mean": 0.0100755300373}, "melbands_crest": {"dmean2": 6.08824968338, "median": 12.3175897598, "min": 2.17057466507, "dvar2": 26.1735649109, "dvar": 9.73190689087, "dmean": 3.65581560135, "max": 32.0113830566, "var": 23.0504589081, "mean": 13.1813325882}, "spectral_kurtosis": {"dmean2": 1.83666324615, "median": 3.18161845207, "min": -1.40728163719, "dvar2": 5.49325418472, "dvar": 2.31641602516, "dmean": 1.19204878807, "max": 25.908164978, "var": 7.00928974152, "mean": 3.72069430351}, "spectral_rms": {"dmean2": 0.00154070823919, "median": 0.00376392365433, "min": 3.23349788785e-12, "dvar2": 4.26200813308e-06, "dvar": 1.84852876828e-06, "dmean": 0.00106533663347, "max": 0.0135815730318, "var": 4.76903596791e-06, "mean": 0.00411238148808}, "zerocrossingrate": {"dmean2": 0.0194434523582, "median": 0.08447265625, "min": 0.015625, "dvar2": 0.000435282214312, "dvar": 0.000380998360924, "dmean": 0.0179455466568, "max": 0.5146484375, "var": 0.00355286686681, "mean": 0.0995887666941}, "silence_rate_60dB": {"dmean2": 0.0522757992148, "median": 0, "min": 0, "dvar2": 0.06066166237, "dvar": 0.0254536885768, "dmean": 0.0261339750141, "max": 1, "var": 0.0851686000824, "mean": 0.0940081104636}, "erbbands_kurtosis": {"dmean2": 2.05775809288, "median": -0.185863509774, "min": -1.75422823429, "dvar2": 10.425242424, "dvar": 4.90117311478, "dmean": 1.34463810921, "max": 40.324508667, "var": 11.5180120468, "mean": 1.02271687984}, "erbbands": {"dmean2": [0.136745929718, 1.37581110001, 5.66915369034, 5.00993490219, 5.93269491196, 7.52014541626, 11.4612531662, 13.1824092865, 15.3175077438, 34.6346817017, 45.6042137146, 28.4979400635, 32.3678970337, 28.0099029541, 25.2301921844, 23.2577400208, 25.7872047424, 29.1609535217, 23.2492980957, 18.7772674561, 34.3606758118, 37.6734275818, 25.5958461761, 17.3347148895, 18.854888916, 15.6299228668, 9.82251739502, 8.15951156616, 6.43622207642, 8.82668972015, 9.31254959106, 9.32299041748, 9.12625408173, 5.31793260574, 2.28944587708, 1.16742885113, 0.45836392045, 0.0797799900174, 0.00172914518043, 6.71814050293e-05], "median": [0.00954995024949, 0.174140840769, 0.767289578915, 1.47523117065, 2.30343675613, 3.43926024437, 4.41744327545, 4.80190610886, 5.35251617432, 6.8620967865, 8.92388248444, 5.80590629578, 6.15494251251, 4.53114128113, 7.02498865128, 7.24938678741, 7.48446798325, 9.18612766266, 7.51161623001, 6.44079494476, 6.49945831299, 8.11563110352, 6.72529411316, 6.24796724319, 6.15298652649, 3.76663017273, 2.37280917168, 2.10736966133, 2.04622483253, 2.0801024437, 1.69258415699, 1.62427830696, 1.29332733154, 0.751644730568, 0.419909030199, 0.280279964209, 0.109665252268, 0.0189772527665, 0.000423764053266, 3.90628410969e-05], "min": [1.20968336206e-22, 1.0856971722e-21, 1.7493377153e-20, 9.70050343224e-20, 1.40122961125e-19, 7.40449885222e-20, 1.83363414056e-19, 5.38517946624e-19, 4.41705451514e-19, 1.68398090848e-18, 1.48823264903e-18, 1.16326450902e-18, 1.91609647376e-18, 2.01041884503e-18, 3.44261466045e-18, 1.63991131038e-18, 2.85273624241e-18, 3.10602866535e-18, 5.66460562666e-18, 3.63809997987e-18, 3.98051759829e-18, 5.33964482788e-18, 9.50684468271e-18, 1.47290724634e-17, 1.11414975025e-17, 1.4217742496e-17, 1.71240597761e-17, 1.43469696143e-17, 1.68746416604e-17, 1.90702652106e-17, 2.18575412745e-17, 1.7336752727e-17, 1.28512665938e-17, 7.926875946e-18, 7.52046970334e-18, 5.15016587369e-18, 3.04142006924e-18, 1.6088199693e-18, 3.71317447867e-19, 3.49572504537e-20], "dvar2": [0.0899048373103, 10.3346347809, 153.216918945, 92.2792205811, 110.256637573, 177.733779907, 460.385040283, 914.541381836, 1459.91662598, 8220.859375, 15024.4082031, 13367.1513672, 13778.6269531, 11292.4658203, 3554.60302734, 5589.13867188, 3710.83422852, 5042.07666016, 2863.69287109, 1449.77758789, 4900.58789063, 6129.72021484, 2643.49023438, 999.178527832, 1377.41784668, 1411.08544922, 387.888641357, 270.303222656, 183.50177002, 730.113586426, 1180.64001465, 2020.21044922, 3826.23339844, 2041.70361328, 239.989547729, 10.9752206802, 1.26450419426, 0.0341316387057, 1.56450241775e-05, 2.04990620034e-08], "dvar": [0.0344908796251, 3.70516848564, 55.0882911682, 33.0289421082, 40.1643600464, 70.5244979858, 189.84135437, 381.486816406, 616.659667969, 3628.7109375, 7264.33642578, 6311.00341797, 5792.18408203, 4949.51074219, 1647.73815918, 2509.00634766, 1883.10021973, 2191.1574707, 1154.0177002, 599.604919434, 1886.57092285, 2314.5871582, 1103.99438477, 398.515594482, 563.725769043, 510.371917725, 152.302947998, 109.517349243, 78.4354934692, 267.144256592, 434.30670166, 768.100463867, 1561.48254395, 911.926086426, 108.887153625, 4.87293863297, 0.56959271431, 0.0158728752285, 7.29152179701e-06, 9.80643211079e-09], "dmean": [0.080278582871, 0.769226551056, 3.16376304626, 2.80978441238, 3.47659730911, 4.64436769485, 7.03917360306, 8.64005851746, 10.5674600601, 22.3359489441, 29.7872562408, 19.8243999481, 20.8776550293, 18.1829280853, 16.5685558319, 15.0711803436, 17.4884223938, 18.8406333923, 14.6573352814, 11.9769020081, 20.5491809845, 22.4059028625, 15.6554164886, 10.8771533966, 11.9949560165, 9.45196533203, 6.20221614838, 5.27955675125, 4.43836021423, 5.58787107468, 5.65742349625, 5.73149728775, 5.79341506958, 3.56732153893, 1.57185649872, 0.808497428894, 0.31855404377, 0.0557704567909, 0.00120258529205, 4.81901151943e-05], "max": [1.46044397354, 16.8096294403, 73.5099639893, 61.7708816528, 93.0873794556, 99.5210571289, 242.65612793, 485.718597412, 550.222595215, 1250.51269531, 1773.30163574, 2909.38647461, 1927.36193848, 2737.53588867, 745.009094238, 1667.42358398, 1176.79138184, 1345.37658691, 544.460998535, 491.088470459, 561.767028809, 704.143066406, 816.598571777, 289.480712891, 500.043579102, 283.087646484, 161.072189331, 179.864242554, 171.270553589, 480.494171143, 681.288574219, 745.769958496, 1709.09155273, 1706.81713867, 410.563873291, 63.7888183594, 17.8734321594, 2.91213154793, 0.0628459751606, 0.00206161895767], "var": [0.0266247335821, 2.50689697266, 40.8272209167, 24.7928581238, 36.700969696, 96.3676147461, 368.52557373, 996.647399902, 1417.69055176, 7619.11279297, 19829.3613281, 17219.7265625, 8177.51074219, 7635.14501953, 3304.76977539, 4261.30371094, 3747.26928711, 3283.99169922, 1308.2545166, 803.821838379, 2235.59277344, 2917.91308594, 1688.53210449, 581.590881348, 806.813964844, 411.879638672, 197.880203247, 210.08732605, 146.934585571, 245.580490112, 404.940673828, 712.28125, 1648.0390625, 983.669250488, 125.128463745, 9.04320144653, 1.22090899944, 0.0378334075212, 1.74707001861e-05, 2.15648352508e-08], "mean": [0.0671755298972, 0.676205277443, 2.90260314941, 2.97654557228, 4.21216154099, 6.70152521133, 10.705160141, 15.5322723389, 20.1726303101, 32.5990486145, 47.22133255, 32.775894165, 27.7423057556, 24.109752655, 24.5234565735, 22.6441249847, 25.8213253021, 26.2814235687, 19.2694301605, 16.1947994232, 23.5519752502, 26.9634532928, 20.6607513428, 15.0969419479, 16.8051986694, 10.8958473206, 8.45493602753, 8.06307697296, 7.08784770966, 7.25259494781, 6.6586933136, 6.89041948318, 7.03931760788, 4.59981918335, 2.25640916824, 1.33155071735, 0.540195405483, 0.0969804897904, 0.00209904066287, 9.27092260099e-05]}, "spectral_strongpeak": {"dmean2": 1.05634069443, "median": 0.466710716486, "min": 0, "dvar2": 3.95004677773, "dvar": 1.66332638264, "dmean": 0.642497241497, "max": 31.4343852997, "var": 2.35130834579, "mean": 1.05370593071}, "spectral_energy": {"dmean2": 0.0183832272887, "median": 0.01452129893, "min": 1.07168954707e-20, "dvar2": 0.000995772890747, "dvar": 0.00039513775846, "dmean": 0.0119897965342, "max": 0.189070612192, "var": 0.000553314865101, "mean": 0.0222226791084}, "average_loudness": 0.889104902744, "spectral_rolloff": {"dmean2": 1612.42285156, "median": 1571.92382813, "min": 86.1328125, "dvar2": 4937812.5, "dvar": 2189290.25, "dmean": 983.719970703, "max": 18755.4199219, "var": 6327124, "mean": 2457.5012207}, "spectral_centroid": {"dmean2": 540.609802246, "median": 1401.01818848, "min": 306.03729248, "dvar2": 350180.65625, "dvar": 168542.875, "dmean": 355.860809326, "max": 11062.5263672, "var": 555753.625, "mean": 1520.57287598}, "pitch_salience": {"dmean2": 0.125349611044, "median": 0.584144294262, "min": 0.12502630055, "dvar2": 0.0107890618965, "dvar": 0.00412751827389, "dmean": 0.077097736299, "max": 0.831363797188, "var": 0.0113239977509, "mean": 0.574413836002}, "spectral_energyband_middle_high": {"dmean2": 0.00374496192671, "median": 0.00241817859933, "min": 1.37533912869e-21, "dvar2": 3.61543570762e-05, "dvar": 1.76465619006e-05, "dmean": 0.00259581720456, "max": 0.0906800702214, "var": 4.26761471317e-05, "mean": 0.00486609619111}, "spectral_contrast_coeffs": {"dmean2": [0.0860387012362, 0.0819273218513, 0.06440602988, 0.052741844207, 0.0436608679593, 0.0300737190992], "median": [-0.654075205326, -0.732524514198, -0.784139037132, -0.788762450218, -0.791049659252, -0.802394211292], "min": [-0.970410466194, -0.971934020519, -0.9649720788, -0.961703658104, -0.960632503033, -0.963764071465], "dvar2": [0.00469814613461, 0.00446558278054, 0.00286778924055, 0.00180624623317, 0.00131367740687, 0.000854941492435], "dvar": [0.00172309798654, 0.00179390131962, 0.00125298649073, 0.000761266157497, 0.000561795837712, 0.000355201918865], "dmean": [0.0522534884512, 0.0511905662715, 0.0403285101056, 0.0333642214537, 0.0270615685731, 0.0189287625253], "max": [-0.383731871843, -0.380642086267, -0.463996708393, -0.565705358982, -0.578662872314, -0.623630404472], "var": [0.00526531226933, 0.00767392199486, 0.00476071611047, 0.00277783349156, 0.00229180906899, 0.00171903800219], "mean": [-0.652196347713, -0.721255421638, -0.771451890469, -0.781717181206, -0.784574687481, -0.796992242336]}, "melbands_skewness": {"dmean2": 1.14321184158, "median": 2.35688877106, "min": -1.30704784393, "dvar2": 1.12405967712, "dvar": 0.455919981003, "dmean": 0.719964444637, "max": 7.20693159103, "var": 1.49650740623, "mean": 2.38767147064}, "spectral_spread": {"dmean2": 1117702.5, "median": 6063702, "min": 1508708.625, "dvar2": 1622179315710.0, "dvar": 836545609728, "dmean": 795844.25, "max": 42746248, "var": 5098185424900.0, "mean": 6365940.5}, "dissonance": {"dmean2": 0.0314615406096, "median": 0.471333146095, "min": 0.257660388947, "dvar2": 0.00103893317282, "dvar": 0.00041048580897, "dmean": 0.0191806722432, "max": 0.4999127388, "var": 0.000891784089617, "mean": 0.463192284107}, "spectral_skewness": {"dmean2": 0.321541637182, "median": 1.52404224873, "min": -0.484424561262, "dvar2": 0.118143983185, "dvar": 0.0546956397593, "dmean": 0.212437093258, "max": 3.97948861122, "var": 0.228535145521, "mean": 1.55669867992}, "spectral_flux": {"dmean2": 0.0460940860212, "median": 0.0701581314206, "min": 7.09158426426e-11, "dvar2": 0.00316038378514, "dvar": 0.00161614851095, "dmean": 0.0320576094091, "max": 0.384953707457, "var": 0.00364965153858, "mean": 0.0867579057813}, "spectral_contrast_valleys": {"dmean2": [0.81299585104, 0.622642695904, 0.5733101964, 0.557774245739, 0.598690629005, 0.479521036148], "median": [-7.40497112274, -6.76928138733, -7.46713781357, -7.68699979782, -7.62489843369, -9.58168029785], "min": [-27.2375411987, -27.0776309967, -27.1535625458, -27.4647922516, -27.3868083954, -27.3626537323], "dvar2": [0.499889940023, 0.282033532858, 0.24370919168, 0.270405471325, 0.444033294916, 0.363492369652], "dvar": [0.247310265899, 0.132549881935, 0.122014135122, 0.139666602015, 0.22328786552, 0.195819169283], "dmean": [0.527257859707, 0.39583954215, 0.376492798328, 0.385158598423, 0.432540953159, 0.367272377014], "max": [-5.08206272125, -4.7324848175, -5.27859306335, -5.60546445847, -5.32656621933, -7.05096578598], "var": [1.67035484314, 1.54115593433, 1.5420883894, 1.50956737995, 1.62295687199, 1.77313935757], "mean": [-7.56965208054, -6.94307565689, -7.63260126114, -7.8161945343, -7.74334144592, -9.73170566559]}, "erbbands_flatness_db": {"dmean2": 0.028701396659, "median": 0.120955973864, "min": 0.0341235399246, "dvar2": 0.000804622541182, "dvar": 0.000462943396997, "dmean": 0.0209435652941, "max": 0.343533396721, "var": 0.00236747972667, "mean": 0.127311319113}, "spectral_energyband_high": {"dmean2": 0.00164024578407, "median": 0.000568459567148, "min": 8.05960037108e-21, "dvar2": 2.96480757243e-05, "dvar": 1.38750156111e-05, "dmean": 0.00115718820598, "max": 0.128329351544, "var": 2.04002408282e-05, "mean": 0.0018188994145}, "spectral_entropy": {"dmean2": 0.265623092651, "median": 7.84436893463, "min": 5.86722230911, "dvar2": 0.0695691555738, "dvar": 0.0390631183982, "dmean": 0.191181391478, "max": 9.80343055725, "var": 0.202401891351, "mean": 7.8132982254}, "silence_rate_20dB": {"dmean2": 0, "median": 1, "min": 1, "dvar2": 0, "dvar": 0, "dmean": 0, "max": 1, "var": 0, "mean": 1}, "melbands_flatness_db": {"dmean2": 0.0426230691373, "median": 0.158216685057, "min": 0.00893941614777, "dvar2": 0.00144752615597, "dvar": 0.000592801894527, "dmean": 0.0273713693023, "max": 0.369859218597, "var": 0.00227285339497, "mean": 0.162397682667}, "barkbands": {"dmean2": [0.000659972429276, 0.00529576977715, 0.00528400437906, 0.00127518177032, 0.00214806734584, 0.00169087946415, 0.00120914261788, 0.00239260634407, 0.00144499388989, 0.00114927592222, 0.000661841710098, 0.000631684088148, 0.000596381723881, 0.000560095650144, 0.000433156877989, 0.000539437925909, 0.000715995731298, 0.00040745359729, 0.00033024221193, 0.000378780358005, 0.000223632072448, 0.000181681491085, 0.000348223431502, 0.000498230045196, 0.000377852004021, 0.000246596842771, 1.88469784916e-05], "median": [3.25421824527e-05, 0.000584319117479, 0.000755562563427, 0.000409445317928, 0.00116253003944, 0.000604230328463, 0.000327836722136, 0.000437167502241, 0.000190839724382, 0.000157961534569, 0.00014150358038, 0.000158342256327, 0.000144313919009, 0.000155768459081, 0.00012686412083, 0.000102628029708, 0.000143835844938, 0.000101761041151, 0.000121573131764, 8.58957209857e-05, 5.14221355843e-05, 6.06698085903e-05, 5.98407750658e-05, 8.41971486807e-05, 6.05084132985e-05, 6.32985902485e-05, 3.25130940837e-06], "min": [2.05708355246e-23, 3.36352658945e-24, 2.26411205066e-23, 4.50021606819e-23, 4.28553041274e-23, 5.24628379366e-23, 5.36424090264e-23, 6.7738999993e-23, 6.76779042936e-23, 4.69889415816e-23, 8.61707350435e-23, 3.99781706338e-23, 5.94098657678e-23, 6.48996308487e-23, 9.71842808877e-23, 7.49882783023e-23, 7.44423171361e-23, 1.68279757815e-22, 2.62841890297e-22, 3.20716310888e-22, 3.73546641255e-22, 5.01749967921e-22, 7.0695816011e-22, 8.28677201597e-22, 8.8043672586e-22, 1.85007324856e-21, 2.44910993569e-21], "dvar2": [2.10224175134e-06, 0.000152370310389, 0.00012502494792, 5.08713355885e-06, 1.36050848596e-05, 1.15130706035e-05, 1.13902860903e-05, 3.54375879397e-05, 3.28674905177e-05, 1.64069024322e-05, 3.30721218234e-06, 3.63598860531e-06, 2.16282455767e-06, 1.65649225892e-06, 8.8676949872e-07, 1.21753123494e-06, 2.14009651245e-06, 6.6366703777e-07, 3.13823562692e-07, 8.43600730605e-07, 2.15368871181e-07, 1.60155678941e-07, 1.38649215842e-06, 8.83507163962e-06, 8.81506184669e-06, 4.02292727131e-07, 1.85734350122e-09], "dvar": [7.21962805983e-07, 5.60980115552e-05, 4.49537983513e-05, 1.84979319329e-06, 5.1715214795e-06, 4.91885157317e-06, 4.58964314021e-06, 1.67889902514e-05, 1.56048590725e-05, 7.02424313204e-06, 1.50109758579e-06, 1.59627029461e-06, 1.06883544504e-06, 6.99730435372e-07, 3.71646279973e-07, 4.80250378132e-07, 8.01156090802e-07, 2.76240399444e-07, 1.36284214136e-07, 3.05975589754e-07, 8.43051353172e-08, 6.75133620121e-08, 5.07581034981e-07, 3.51255766873e-06, 4.00760563934e-06, 1.81817640055e-07, 7.75522313035e-10], "dmean": [0.00035453325836, 0.00307548046112, 0.00293861422688, 0.000728275277652, 0.00131159322336, 0.00109575223178, 0.000791