{"tonal": {"thpcp": [1, 0.561719238758, 0.0906606018543, 0.0747738778591, 0.0958605855703, 0.189133286476, 0.323558419943, 0.301733016968, 0.172611385584, 0.108251191676, 0.0932832509279, 0.142930805683, 0.277358680964, 0.32068964839, 0.202678993344, 0.104753024876, 0.0953439623117, 0.131546989083, 0.223835334182, 0.314233064651, 0.316778689623, 0.332179099321, 0.321102291346, 0.201798677444, 0.108220204711, 0.0775279924273, 0.0692483261228, 0.089155189693, 0.111523546278, 0.0992668643594, 0.0794538632035, 0.0826741829515, 0.148119553924, 0.257834881544, 0.264579117298, 0.604013621807], "hpcp": {"dmean2": [0.209272176027, 0.215997472405, 0.190387308598, 0.131569713354, 0.122466877103, 0.152453556657, 0.19849511981, 0.208424508572, 0.232614606619, 0.253701686859, 0.224672794342, 0.171586975455, 0.113983005285, 0.0862410068512, 0.0811526328325, 0.0879133939743, 0.0957440957427, 0.0976413711905, 0.0913154631853, 0.101459518075, 0.156668528914, 0.198610126972, 0.175449550152, 0.19912904501, 0.225599884987, 0.152285531163, 0.0884861648083, 0.0858954265714, 0.108770631254, 0.178483664989, 0.244283005595, 0.237540066242, 0.170015826821, 0.116246670485, 0.109177872539, 0.152767151594], "median": [0.0174636691809, 0.0211598202586, 0.0100685358047, 0.00262975692749, 0.00162394135259, 0.00376481818967, 0.0134012289345, 0.0224931016564, 0.035954631865, 0.0483555160463, 0.0376117378473, 0.0199381634593, 0.00497868098319, 0.00252810399979, 0.00203545205295, 0.00223363027908, 0.00227661663666, 0.00208489550278, 0.00180539232679, 0.00224681734107, 0.00807943195105, 0.0188274569809, 0.0209311898798, 0.224089592695, 0.265193164349, 0.162993118167, 0.00304916012101, 0.00216220505536, 0.00363946706057, 0.0145337954164, 0.0284330882132, 0.0230184644461, 0.00743368361145, 0.00324021535926, 0.0028347610496, 0.00622751098126], "min": [0, 0, 0, 0, 0, 0, 0, 0, 0, 0, 0, 0, 0, 0, 0, 0, 0, 0, 0, 0, 0, 0, 0, 0, 0, 0, 0, 0, 0, 0, 0, 0, 0, 0, 0, 0], "dvar2": [0.120168827474, 0.117142356932, 0.114417552948, 0.0801018327475, 0.087422452867, 0.0965491235256, 0.123700946569, 0.12281742692, 0.117070622742, 0.142311096191, 0.12684327364, 0.0976051092148, 0.0598436444998, 0.0452492050827, 0.0430226959288, 0.0523966513574, 0.0570162013173, 0.0659274458885, 0.0605215579271, 0.0659222602844, 0.0855599939823, 0.112214036286, 0.0955758467317, 0.0911243706942, 0.147166341543, 0.0677034407854, 0.0548144690692, 0.0571143701673, 0.0635167136788, 0.0883598998189, 0.129055783153, 0.134667769074, 0.0944969430566, 0.0730390176177, 0.0692627355456, 0.0903654322028], "dvar": [0.0467298589647, 0.0474203340709, 0.0418611951172, 0.0291533004493, 0.0320835933089, 0.036183219403, 0.0461119897664, 0.0477946586907, 0.0460081733763, 0.0536457337439, 0.0474669151008, 0.0364333353937, 0.0221899189055, 0.0163300391287, 0.0152932638302, 0.0196672491729, 0.0231270976365, 0.0249279197305, 0.0219879150391, 0.0236671306193, 0.0323706641793, 0.0439863391221, 0.0369400084019, 0.0362087786198, 0.0636608973145, 0.0282646585256, 0.0199404321611, 0.0209033060819, 0.0228349585086, 0.0333847552538, 0.0512087792158, 0.0527481921017, 0.035047609359, 0.0265766587108, 0.0248770862818, 0.0340621285141], "dmean": [0.12166608125, 0.124336801469, 0.108323290944, 0.0710505843163, 0.0656048208475, 0.0837564617395, 0.110765762627, 0.118498213589, 0.132825642824, 0.144703745842, 0.129327207804, 0.0976096987724, 0.0642086341977, 0.0483741126955, 0.0444226898253, 0.0492572337389, 0.0544074848294, 0.0544053651392, 0.0499060824513, 0.0549867302179, 0.0882542654872, 0.113743841648, 0.101152844727, 0.112472362816, 0.124800562859, 0.0867307111621, 0.0494228862226, 0.046787109226, 0.0594122074544, 0.101975128055, 0.14077322185, 0.136589869857, 0.0953272506595, 0.0644941702485, 0.0595670565963, 0.0851711705327], "max": [1, 1, 1, 1, 1, 1, 1, 1, 1, 1, 1, 1, 1, 1, 1, 1, 1, 1, 1, 1, 1, 1, 1, 1, 1, 1, 1, 1, 1, 1, 1, 1, 1, 1, 1, 1], "var": [0.0617217943072, 0.0751982927322, 0.040704485029, 0.02143041417, 0.0225678123534, 0.0284652095288, 0.0465643629432, 0.0678408741951, 0.0587181970477, 0.0629674866796, 0.0577732846141, 0.0334210805595, 0.0170805677772, 0.0120223201811, 0.0109822731465, 0.018536940217, 0.0269442368299, 0.0233115982264, 0.0170046016574, 0.0176497083157, 0.0275608301163, 0.0563743673265, 0.0593829005957, 0.0683050379157, 0.207097902894, 0.0712858662009, 0.0173003450036, 0.0155379222706, 0.016819903627, 0.0321830920875, 0.0693013966084, 0.0653287768364, 0.0343286655843, 0.0227319970727, 0.0184645336121, 0.0295774750412], "mean": [0.130585104227, 0.150986045599, 0.0954246595502, 0.0493194758892, 0.0448895320296, 0.0619345232844, 0.105385422707, 0.147946178913, 0.14914470911, 0.156395480037, 0.151180326939, 0.0950101912022, 0.0509518831968, 0.0365014746785, 0.0326032713056, 0.0419757552445, 0.0525071509182, 0.0467365011573, 0.0374082066119, 0.0389243885875, 0.0697371661663, 0.121392972767, 0.124568276107, 0.284379720688, 0.470816731453, 0.264466822147, 0.0426845289767, 0.0352047942579, 0.0451327674091, 0.0890471190214, 0.152336716652, 0.142060950398, 0.081268325448, 0.0509664714336, 0.043919313699, 0.0672942176461]}, "tuning_equal_tempered_deviation": 0.162492081523, "chords_changes_rate": 0.0653656721115, "key_key": "F", "tuning_diatonic_strength": 0.657942175865, "key_scale": "major", "chords_number_rate": 0.00189465703443, "tuning_frequency": 434.193115234, "tuning_nontempered_energy_ratio": 0.772556424141, "chords_histogram": [37.0215988159, 18.1318683624, 12.523683548, 5.77870416641, 2.33042812347, 0.47366425395, 0, 0.0757862851024, 1.00416827202, 0.0189465712756, 0.37893140316, 0, 0, 0, 0, 0.0757862851024, 0.663129985332, 13.7931032181, 1.87571048737, 3.22091698647, 0, 0, 0.719969689846, 1.91360366344], "key_strength": 0.736090242863, "chords_key": "F", "chords_strength": {"dmean2": 0.0124462395906, "median": 0.514120817184, "min": 0.268862754107, "dvar2": 0.000130614513182, "dvar": 9.50593312155e-05, "dmean": 0.010915058665, "max": 0.850690245628, "var": 0.011026144959, "mean": 0.530761599541}, "chords_scale": "major", "hpcp_entropy": {"dmean2": 1.10202848911, "median": 1.78889703751, "min": 0, "dvar2": 0.833130717278, "dvar": 0.30927464366, "dmean": 0.649920642376, "max": 4.50947713852, "var": 0.62197804451, "mean": 1.87565481663}}, "metadata": {"audio_properties": {"equal_loudness": 0, "codec": "mp3", "downmix": "mix", "sample_rate": 44100, "analysis_sample_rate": 44100, "bit_rate": 160017, "md5_encoded": "ba2a5c66b7be118c2309d735d948b681", "length": 245.028564453, "replay_gain": -13.9033870697, "lossless": false}, "version": {"essentia_build_sha": "70f2e5ece6736b2c40cc944ad0e695b16b925413", "essentia": "2.1-beta2", "extractor": "music 1.0", "essentia_git_sha": "v2.1_beta2"}, "tags": {"title": ["Maybe"], "media": ["Digital Media"], "albumartist": ["Teyana Taylor"], "musicbrainz_recordingid": ["1283fa4b-bee6-4b2f-bda3-fa1201244aca"], "encoding": ["Lavf56.36.100"], "originalyear": ["2014"], "discnumber": ["1/1"], "album": ["VII"], "musicbrainz album release country": ["XW"], "musicbrainz album type": ["album"], "musicbrainz album status": ["official"], "musicbrainz_albumartistid": ["c7eb03c1-f8cb-4815-afc8-46df3b253129"], "date": ["2014"], "file_name": "Teyana Taylor - Maybe.mp3", "musicbrainz_releasegroupid": ["ee7b7940-b789-4daf-88cb-829370103740"], "script": ["Latn"], "originaldate": ["2014"], "musicbrainz_albumid": ["81520680-fb03-46d2-8f51-25f6758066aa"], "artist": ["Teyana Taylor feat. Pusha T and Yo Gotti"], "artistsort": ["Taylor, Teyana feat. Pusha T and Yo Gotti"], "tracknumber": ["8/12"], "label": ["G.O.O.D. Music"], "albumartistsort": ["Taylor, Teyana"], "musicbrainz_artistid": ["c7eb03c1-f8cb-4815-afc8-46df3b253129/14ecd19f-7121-4192-8549-e5056241a42f/b02ec63e-e78d-43e5-a594-462e95036e8d"]}}, "rhythm": {"bpm_histogram_first_peak_bpm": {"dmean2": 0, "median": 133, "min": 133, "dvar2": 0, "dvar": 0, "dmean": 0, "max": 133, "var": 0, "mean": 133}, "bpm": 131.892471313, "bpm_histogram_second_peak_spread": {"dmean2": 0, "median": 0.298245608807, "min": 0.298245608807, "dvar2": 0, "dvar": 0, "dmean": 0, "max": 0.298245608807, "var": 0, "mean": 0.298245608807}, "bpm_histogram_first_peak_weight": {"dmean2": 0, "median": 0.507518768311, "min": 0.507518768311, "dvar2": 0, "dvar": 0, "dmean": 0, "max": 0.507518768311, "var": 0, "mean": 0.507518768311}, "onset_rate": 3.7544863224, "beats_position": [0.487619042397, 0.975238084793, 1.46285712719, 1.95047616959, 2.43809509277, 2.92571425438, 3.39011335373, 3.86612248421, 4.34213161469, 4.81814050674, 5.2941493988, 5.75854873657, 6.21133756638, 6.66412687302, 7.12852573395, 7.59292507172, 8.04571437836, 8.498503685, 8.95129203796, 9.4040813446, 9.86848068237, 10.321269989, 10.774058342, 11.2268476486, 11.6796369553, 12.144036293, 12.6084346771, 13.0728340149, 13.5140132904, 13.966802597, 14.4195919037, 14.8956003189, 15.3716096878, 15.8243989944, 16.2771873474, 16.7299766541, 17.1827659607, 17.6355552673, 18.088344574, 18.5411338806, 18.9939231873, 19.4351024628, 19.8762817383, 20.3174591064, 20.7702484131, 21.2230377197, 21.6758270264, 22.128616333, 22.5814056396, 23.0341949463, 23.4869842529, 23.9397735596, 24.40417099, 24.8569602966, 25.3097496033, 25.774148941, 26.2269382477, 26.6797275543, 27.132516861, 27.5853061676, 28.0497055054, 28.5024929047, 28.9552822113, 29.3964614868, 29.8492507935, 30.3020401001, 30.7548294067, 31.2308387756, 31.7068481445, 32.1828575134, 32.6588668823, 33.0419960022, 33.4367332458, 33.843082428, 34.3190917969, 34.783493042, 35.2594985962, 35.7355079651, 36.1999092102, 36.6643066406, 37.1287078857, 37.5931053162, 38.0575065613, 38.5102958679, 38.9630813599, 39.427482605, 39.8802719116, 40.3330612183, 40.7974586487, 41.2618598938, 41.703037262, 42.1558265686, 42.6086158752, 43.0730133057, 43.5490226746, 44.0250320435, 44.4894332886, 44.9770507812, 45.4646720886, 45.9522895813, 46.439907074, 46.9159164429, 47.3919258118, 47.8214950562, 48.2510643005, 48.6806335449, 49.1102027893, 49.5397720337, 49.9693412781, 50.3989105225, 50.8168716431, 51.2464370728, 51.6876182556, 52.1404075623, 52.5931968689, 53.0343742371, 53.4871635437, 53.9399528503, 54.4043540955, 54.8687515259, 55.3099327087, 55.7627182007, 56.2155075073, 56.668296814, 57.1210861206, 57.5854873657, 58.0382766724, 58.491065979, 58.9438552856, 59.3966445923, 59.8494338989, 60.3022193909, 60.7550086975, 61.2077980042, 61.6605873108, 62.1133766174, 62.5777778625, 63.0305671692, 63.4833564758, 63.9361457825, 64.3889312744, 64.8533325195, 65.3061218262, 65.7589111328, 66.2117004395, 66.6644897461, 67.1172790527, 67.5700683594, 68.022857666, 68.4756469727, 68.9284362793, 69.3812255859, 69.8456192017, 70.3100204468, 70.7511978149, 71.2039871216, 71.6567764282, 72.1211776733, 72.5855789185, 73.0499725342, 73.5143737793, 73.9671630859, 74.4199523926, 74.8727416992, 75.3255310059, 75.7783203125, 76.2311096191, 76.6838989258, 77.1366882324, 77.5894775391, 78.0422668457, 78.5066680908, 78.9710617065, 79.4122467041, 79.8650360107, 80.3178253174, 80.7822189331, 81.2466201782, 81.6877975464, 82.140586853, 82.5933761597, 83.0461654663, 83.4989547729, 83.9517440796, 84.4161453247, 84.8805389404, 85.3333282471, 85.7861175537, 86.2389068604, 86.691696167, 87.1444854736, 87.5856704712, 88.0384597778, 88.4912490845, 88.9324264526, 89.3852157593, 89.8380050659, 90.3023986816, 90.7551879883, 91.2079772949, 91.6607666016, 92.1135559082, 92.5779571533, 93.03074646, 93.4835357666, 93.9479370117, 94.3891143799, 94.8419036865, 95.2946929932, 95.7590942383, 96.223487854, 96.6646728516, 97.1174621582, 97.5702438354, 98.0230331421, 98.4758224487, 98.9286117554, 99.381401062, 99.8458023071, 100.298591614, 100.75138092, 101.215782166, 101.668571472, 102.132965088, 102.585754395, 103.05015564, 103.514556885, 103.990562439, 104.454963684, 104.930976868, 105.406982422, 105.882987976, 106.35900116, 106.835006714, 107.299407959, 107.775421143, 108.251426697, 108.727432251, 109.203445435, 109.679450989, 110.143852234, 110.596641541, 111.061042786, 111.53704834, 112.013061523, 112.477455139, 112.953468323, 113.441085815, 113.917098999, 114.404716492, 114.892333984, 115.368339539, 115.844352722, 116.20426178, 116.564170837, 116.935691833, 117.318817139, 117.690338135, 118.050247192, 118.41015625, 118.770065308, 119.129974365, 119.489883423, 119.84979248, 120.209701538, 120.581222534, 120.95274353, 121.335868835, 121.707389832, 122.171791077, 122.624580383, 123.065757751, 123.518547058, 123.948112488, 124.400901794, 124.853691101, 125.294876099, 125.747665405, 126.200454712, 126.664848328, 127.117637634, 127.570426941, 128.023223877, 128.476013184, 128.92880249, 129.381591797, 129.845977783, 130.310379028, 130.751556396, 131.215957642, 131.668746948, 132.121536255, 132.574325562, 133.027114868, 133.479904175, 133.932693481, 134.385482788, 134.838272095, 135.30267334, 135.767074585, 136.208251953, 136.66104126, 137.113830566, 137.578231812, 138.031021118, 138.495422363, 138.959823608, 139.412597656, 139.865386963, 140.31817627, 140.782577515, 141.235366821, 141.688156128, 142.140945435, 142.593734741, 143.046524048, 143.499313354, 143.952102661, 144.416503906, 144.869293213, 145.32208252, 145.774871826, 146.239273071, 146.692062378, 147.144851685, 147.597640991, 148.050430298, 148.503219604, 148.956008911, 149.408798218, 149.861587524, 150.32598877, 150.778778076, 151.231567383, 151.684356689, 152.137145996, 152.601531982, 153.042724609, 153.495513916, 153.948303223, 154.389480591, 154.842269897, 155.295059204, 155.759460449, 156.212234497, 156.665023804, 157.11781311, 157.570602417, 158.035003662, 158.487792969, 158.940582275, 159.393371582, 159.846160889, 160.298950195, 160.751739502, 161.216140747, 161.680541992, 162.12171936, 162.574508667, 163.027297974, 163.491699219, 163.944488525, 164.397277832, 164.850067139, 165.302856445, 165.755645752, 166.208435059, 166.672836304, 167.12562561, 167.590026855, 168.054412842, 168.518814087, 168.983215332, 169.470840454, 169.946838379, 170.422851562, 170.910476685, 171.386474609, 171.874099731, 172.350112915, 172.826126099, 173.302124023, 173.789749146, 174.288970947, 174.776596069, 175.275817871, 175.833099365, 176.378768921, 176.959274292, 177.539764404, 178.108657837, 178.67755127, 179.246429443, 179.803710938, 180.256500244, 180.720901489, 181.185302734, 181.649703979, 182.114105225, 182.555282593, 183.019683838, 183.484085083, 183.93687439, 184.389663696, 184.854049683, 185.29524231, 185.748016357, 186.200805664, 186.665206909, 187.117996216, 187.570785522, 188.023574829, 188.476364136, 188.940765381, 189.393554688, 189.846343994, 190.310745239, 190.751922607, 191.204711914, 191.657501221, 192.121902466, 192.563079834, 193.027481079, 193.480270386, 193.933059692, 194.397460938, 194.850250244, 195.303039551, 195.755828857, 196.208618164, 196.661407471, 197.114196777, 197.578598022, 198.019775391, 198.460952759, 198.925354004, 199.38973999, 199.854141235, 200.306930542, 200.771331787, 201.224121094, 201.6769104, 202.141311646, 202.582489014, 203.03527832, 203.499679565, 203.952468872, 204.405258179, 204.846435547, 205.299224854, 205.763626099, 206.216415405, 206.669204712, 207.121994019, 207.586395264, 208.03918457, 208.491973877, 208.933151245, 209.385940552, 209.838729858, 210.291519165, 210.744308472, 211.208709717, 211.661499023, 212.11428833, 212.578674316, 213.031463623, 213.48425293, 213.948654175, 214.389831543, 214.84262085, 215.295410156, 215.759811401, 216.212600708, 216.665390015, 217.118179321, 217.570968628, 218.023757935, 218.476547241, 218.940948486, 219.393737793, 219.8465271, 220.310928345, 220.763717651, 221.216506958, 221.669296265, 222.122085571, 222.574874878, 223.027664185, 223.49206543, 223.944854736, 224.397644043, 224.85043335, 225.303222656, 225.767608643, 226.232009888, 226.696411133, 227.149200439, 227.601989746, 228.043167114, 228.495956421, 228.960357666, 229.413146973, 229.865936279, 230.318725586, 230.783126831, 231.247528076, 231.700317383, 232.164718628, 232.629104614, 233.093505859, 233.546295166, 233.999084473, 234.451873779, 234.904663086, 235.357452393, 235.798629761, 236.251419067, 236.680999756, 237.122177124, 237.574966431, 238.120635986, 238.677902222, 239.235183716, 239.79246521, 240.361358643, 240.930252075, 241.499130249, 242.068023682, 242.648529053, 243.229019165, 243.797912598, 244.366790771], "beats_loudness": {"dmean2": 0.103769734502, "median": 0.0539470799267, "min": 2.46030786855e-08, "dvar2": 0.00694011338055, "dvar": 0.00232195784338, "dmean": 0.0553845986724, "max": 0.243887871504, "var": 0.00314964633435, "mean": 0.0654215961695}, "danceability": 1.02906250954, "bpm_histogram_second_peak_weight": {"dmean2": 0, "median": 0.0751879662275, "min": 0.0751879662275, "dvar2": 0, "dvar": 0, "dmean": 0, "max": 0.0751879662275, "var": 0, "mean": 0.0751879662275}, "beats_count": 533, "bpm_histogram_second_peak_bpm": {"dmean2": 0, "median": 126, "min": 126, "dvar2": 0, "dvar": 0, "dmean": 0, "max": 126, "var": 0, "mean": 126}, "bpm_histogram_first_peak_spread": {"dmean2": 0, "median": 0.361702144146, "min": 0.361702144146, "dvar2": 0, "dvar": 0, "dmean": 0, "max": 0.361702144146, "var": 0, "mean": 0.361702144146}, "beats_loudness_band_ratio": {"dmean2": [0.512012243271, 0.365284591913, 0.264725118876, 0.0636360868812, 0.0706094279885, 0.145592644811], "median": [0.623889803886, 0.141797915101, 0.083238683641, 0.00400371383876, 0.00586852710694, 0.014680609107], "min": [4.89038029627e-07, 0.00354154780507, 0.000237872285652, 2.56965404333e-06, 5.80060316224e-07, 1.40384059932e-07], "dvar2": [0.164916977286, 0.122292786837, 0.0734443739057, 0.00878419820219, 0.00759421987459, 0.0415258891881], "dvar": [0.065758779645, 0.0446316711605, 0.02512470074, 0.00302613689564, 0.00279147876427, 0.0153028247878], "dmean": [0.28637367487, 0.207417532802, 0.147548958659, 0.035204116255, 0.0381197743118, 0.0756455585361], "max": [0.990914165974, 0.997050702572, 0.949794232845, 0.375641614199, 0.444094061852, 0.944228291512], "var": [0.125147655606, 0.0702955052257, 0.0363041087985, 0.00241602840833, 0.00264671491459, 0.0115940263495], "mean": [0.54076218605, 0.25192719698, 0.161598101258, 0.0254771821201, 0.0273642521352, 0.052439071238]}}, "lowlevel": {"barkbands_spread": {"dmean2": 8.3463973999, "median": 8.42073631287, "min": 0.067235276103, "dvar2": 187.43812561, "dvar": 94.3452606201, "dmean": 5.55045318604, "max": 102.470581055, "var": 277.159881592, "mean": 14.3437023163}, "melbands_spread": {"dmean2": 7.61825084686, "median": 6.14199352264, "min": 0.234437614679, "dvar2": 331.515106201, "dvar": 157.253890991, "dmean": 5.16144752502, "max": 261.050323486, "var": 381.765045166, "mean": 12.1789636612}, "hfc": {"dmean2": 9.45330142975, "median": 12.1251220703, "min": 1.14667164644e-16, "dvar2": 309.006866455, "dvar": 147.854278564, "dmean": 6.42269659042, "max": 198.589859009, "var": 415.216400146, "mean": 18.2644062042}, "barkbands_kurtosis": {"dmean2": 16.5801048279, "median": 11.0793380737, "min": -1.95987188816, "dvar2": 1295.38134766, "dvar": 632.086914062, "dmean": 10.8386268616, "max": 1387.39550781, "var": 1355.84326172, "mean": 20.2495536804}, "gfcc": {"mean": [-69.7523803711, 97.1196899414, -58.3593902588, 41.4862098694, -74.3103713989, -3.31012940407, -46.1743164062, 11.0318841934, -16.9549980164, 7.91410827637, -3.26963043213, 1.19939470291, -9.94345760345], "icov": [[0.00018949713558, -0.000230068442761, 0.000163406963111, -0.000274924153928, 0.000240694382228, -0.000486941164127, 0.000350377551513, -0.000698023068253, 0.000426122191129, -0.000292528420687, 0.000300489249639, -0.000277009647107, 0.000240052890149], [-0.000230068442761, 0.00201880908571, -0.000633948424365, 0.00131303793751, -0.00160599593073, 0.00125883053988, -0.00171973940451, 0.00152112788055, -0.00157840084285, 0.00241605099291, -0.00167429354042, 0.00190325558651, -0.000870892661624], [0.000163406963111, -0.000633948424365, 0.000783479947131, -0.000605730980169, 0.000514872313943, -0.000442577205831, 0.000333598960424, -0.00064823316643, 0.00032621025457, -0.000734602333978, 0.00056555622723, -0.000570951029658, 0.00052875088295], [-0.000274924153928, 0.00131303793751, -0.000605730980169, 0.00191736628767, -0.00140435388312, 0.000698937335983, -0.000727516482584, 0.000886720081326, -0.00110183528159, 0.00153198488988, -0.00109290354885, 0.00128533958923, -0.000637349148747], [0.000240694382228, -0.00160599593073, 0.000514872313943, -0.00140435388312, 0.00330454739742, -0.00184014276601, 0.00108164537232, -0.00143178773578, 0.000700709002558, -0.00132501812186, 0.00152238830924, -0.00104234577157, 0.000104309176095], [-0.000486941164127, 0.00125883053988, -0.000442577205831, 0.000698937335983, -0.00184014276601, 0.00392808485776, -0.00298014446162, 0.00190928962547, -0.000834461650811, 0.000408593274187, -8.58305429574e-05, 0.000254139653407, 0.000156213805894], [0.000350377551513, -0.00171973940451, 0.000333598960424, -0.000727516482584, 0.00108164537232, -0.00298014446162, 0.00585053348914, -0.00258922018111, 0.00154949806165, -0.00145939120557, -0.000881431566086, -0.000713764457032, 0.000669622269925], [-0.000698023068253, 0.00152112788055, -0.00064823316643, 0.000886720081326, -0.00143178773578, 0.00190928962547, -0.00258922018111, 0.00721006561071, -0.00254093017429, 0.00167258502916, -0.000769748759922, 0.000264292844804, -0.000328819878632], [0.000426122191129, -0.00157840084285, 0.00032621025457, -0.00110183528159, 0.000700709002558, -0.000834461650811, 0.00154949806165, -0.00254093017429, 0.00578272389248, -0.00342060928233, 0.0013357050484, -0.00252318754792, 0.000179226699402], [-0.000292528420687, 0.00241605099291, -0.000734602333978, 0.00153198488988, -0.00132501812186, 0.000408593274187, -0.00145939120557, 0.00167258502916, -0.00342060928233, 0.009058711119, -0.00372830149718, 0.00243264413439, -0.00126341404393], [0.000300489249639, -0.00167429354042, 0.00056555622723, -0.00109290354885, 0.00152238830924, -8.58305429574e-05, -0.000881431566086, -0.000769748759922, 0.0013357050484, -0.00372830149718, 0.00851394701749, -0.00278775789775, 0.00157882284839], [-0.000277009647107, 0.00190325558651, -0.000570951029658, 0.00128533958923, -0.00104234577157, 0.000254139653407, -0.000713764457032, 0.000264292844804, -0.00252318754792, 0.00243264413439, -0.00278775789775, 0.00776939559728, -0.00179535651114], [0.000240052890149, -0.000870892661624, 0.00052875088295, -0.000637349148747, 0.000104309176095, 0.000156213805894, 0.000669622269925, -0.000328819878632, 0.000179226699402, -0.00126341404393, 0.00157882284839, -0.00179535651114, 0.00869845133275]], "cov": [[21535.3886719, -3791.61938477, -1627.93237305, 2826.98779297, 882.965576172, 2890.43310547, 270.425231934, 1551.58190918, -569.313903809, 198.153335571, -555.385375977, 558.354919434, -435.940643311], [-3791.61938477, 3117.13232422, 806.980224609, -1001.79510498, 334.017852783, -508.303192139, 382.968414307, -322.155670166, 189.119140625, -254.078720093, 247.362960815, -311.544830322, 107.731994629], [-1627.93237305, 806.980224609, 2133.83691406, 182.127731323, 111.195701599, -34.6177215576, 164.29510498, -3.6819024086, 173.694839478, 17.961265564, 70.2947235107, -27.1970787048, -23.4838428497], [2826.98779297, -1001.79510498, 182.127731323, 1507.83813477, 378.776611328, 473.237365723, -2.45345139503, 242.834945679, 9.02947902679, 39.2731895447, -107.071907043, 79.6867218018, -41.1790657043], [882.965576172, 334.017852783, 111.195701599, 378.776611328, 756.913696289, 388.189910889, 163.981185913, 105.936058044, 66.6381835938, -8.35914325714, -43.1725921631, 7.04154253006, 12.1041898727], [2890.43310547, -508.303192139, -34.6177215576, 473.237365723, 388.189910889, 978.678466797, 304.84286499, 203.743484497, -41.4298553467, 93.0776443481, -50.0785484314, 107.382972717, -86.2504653931], [270.425231934, 382.968414307, 164.29510498, -2.45345139503, 163.981185913, 304.84286499, 438.282440186, 75.6544570923, 8.7867975235, 25.7246990204, 96.2613983154, 0.0834335163236, -31.507106781], [1551.58190918, -322.155670166, -3.6819024086, 242.834945679, 105.936058044, 203.743484497, 75.6544570923, 322.218688965, 46.1230049133, 33.3486022949, -25.6964511871, 85.8657989502, -29.3496437073], [-569.313903809, 189.119140625, 173.694839478, 9.02947902679, 66.6381835938, -41.4298553467, 8.7867975235, 46.1230049133, 320.999328613, 73.0095977783, 32.9062767029, 55.5155448914, 35.2374839783], [198.153335571, -254.078720093, 17.961265564, 39.2731895447, -8.35914325714, 93.0776443481, 25.7246990204, 33.3486022949, 73.0095977783, 208.917037964, 47.4030265808, 35.6139411926, -3.82538318634], [-555.385375977, 247.362960815, 70.2947235107, -107.071907043, -43.1725921631, -50.0785484314, 96.2613983154, -25.6964511871, 32.9062767029, 47.4030265808, 204.067825317, 15.5853223801, -6.60553407669], [558.354919434, -311.544830322, -27.1970787048, 79.6867218018, 7.04154253006, 107.382972717, 0.0834335163236, 85.8657989502, 55.5155448914, 35.6139411926, 15.5853223801, 218.69821167, 8.45682811737], [-435.940643311, 107.731994629, -23.4838428497, -41.1790657043, 12.1041898727, -86.2504653931, -31.507106781, -29.3496437073, 35.2374839783, -3.82538318634, -6.60553407669, 8.45682811737, 140.572723389]]}, "spectral_energyband_middle_low": {"dmean2": 0.0118631552905, "median": 0.0126027632505, "min": 1.68081520225e-22, "dvar2": 0.000462830619654, "dvar": 0.000166332392837, "dmean": 0.00734208617359, "max": 0.128165200353, "var": 0.000248122785706, "mean": 0.0166611205786}, "melbands_crest": {"dmean2": 5.01785707474, "median": 19.2942581177, "min": 1.79645717144, "dvar2": 23.7388381958, "dvar": 9.82124233246, "dmean": 3.21008205414, "max": 36.5801353455, "var": 39.146697998, "mean": 19.6610240936}, "spectral_kurtosis": {"dmean2": 32.1517829895, "median": 3.47410964966, "min": -1.51532769203, "dvar2": 25207.8046875, "dvar": 8583.9921875, "dmean": 18.8037185669, "max": 2167.57348633, "var": 17267.8320312, "mean": 32.8204040527}, "spectral_rms": {"dmean2": 0.00116932473611, "median": 0.00600083824247, "min": 3.16735483327e-12, "dvar2": 3.14003727908e-06, "dvar": 1.50049788772e-06, "dmean": 0.000798520399258, "max": 0.0165508501232, "var": 9.94624224404e-06, "mean": 0.00600462825969}, "zerocrossingrate": {"dmean2": 0.0124725503847, "median": 0.03125, "min": 0.001953125, "dvar2": 0.000341220962582, "dvar": 0.000316718098475, "dmean": 0.0111749917269, "max": 0.51611328125, "var": 0.00209048762918, "mean": 0.0447921007872}, "silence_rate_60dB": {"dmean2": 0.0352539792657, "median": 0, "min": 0, "dvar2": 0.0391311384737, "dvar": 0.0173123795539, "dmean": 0.0176253207028, "max": 1, "var": 0.0772311165929, "mean": 0.0843282192945}, "erbbands_kurtosis": {"dmean2": 5.80967521667, "median": 1.25144171715, "min": -1.91879820824, "dvar2": 120.628059387, "dvar": 60.1503181458, "dmean": 3.7944123745, "max": 213.98425293, "var": 173.232955933, "mean": 5.73338842392}, "erbbands": {"dmean2": [0.462141036987, 2.31572675705, 9.07928848267, 16.5994529724, 13.3552083969, 15.3383588791, 13.4551391602, 25.1614379883, 43.9671058655, 41.4211387634, 17.7406234741, 12.4497308731, 10.9818496704, 10.2181329727, 11.3531808853, 11.0121421814, 7.21417665482, 7.56628465652, 7.68372678757, 8.2960767746, 8.02962970734, 7.65414571762, 9.69365024567, 11.9774551392, 6.85552406311, 6.22903442383, 5.70771884918, 5.83239889145, 7.39026021957, 7.33347034454, 5.39480829239, 4.41652536392, 3.35457038879, 1.65951859951, 0.842581212521, 0.342167794704, 0.0629821121693, 0.00916440691799, 0.000449963787105, 2.92821678158e-05], "median": [0.281869679689, 0.977821707726, 1.68113958836, 3.94518947601, 3.33646297455, 5.0626578331, 6.53150749207, 12.2843837738, 23.2774238586, 16.2354316711, 4.39958000183, 1.47174811363, 1.12555360794, 0.881719529629, 0.857936263084, 0.432929992676, 0.368161678314, 0.44063615799, 0.610170602798, 0.622470736504, 0.722783625126, 0.879934430122, 1.34463262558, 2.55035448074, 1.61328291893, 1.42778635025, 1.09527850151, 0.910394608974, 0.850121259689, 0.690565347672, 0.984659433365, 0.775303959846, 0.660390198231, 0.33701890707, 0.131641730666, 0.0413407385349, 0.00970204081386, 0.00130541739054, 7.37245864002e-05, 4.93551851832e-05], "min": [2.26098541624e-22, 8.11187713566e-22, 4.30902857224e-21, 9.58265636747e-21, 2.47735068152e-20, 2.93224896587e-20, 4.84797858502e-20, 7.9125318587e-20, 1.65933180511e-19, 2.25737770111e-19, 4.00567562453e-19, 6.93895294392e-19, 6.16919003962e-19, 9.17514732503e-19, 1.72648041438e-18, 1.46483015853e-18, 1.52441931928e-18, 2.94799063944e-18, 4.26933846251e-18, 2.93543010863e-18, 4.85441323593e-18, 4.89512830646e-18, 6.47314655129e-18, 7.5926916698e-18, 9.01714383392e-18, 1.02485742293e-17, 9.29863091483e-18, 1.45873995855e-17, 1.54339262983e-17, 1.43501757664e-17, 1.22197448018e-17, 1.12390402947e-17, 1.04640175557e-17, 7.91505718941e-18, 7.59367601473e-18, 4.39231499059e-18, 2.59974160449e-18, 1.11196783391e-18, 2.73551885595e-19, 3.15761400064e-20], "dvar2": [1.43389010429, 56.5148735046, 1049.67089844, 2857.54370117, 1028.85498047, 931.807739258, 558.132751465, 2182.68188477, 5933.06982422, 7093.17285156, 2783.32250977, 2490.43774414, 2192.34985352, 1273.52893066, 2818.43237305, 3228.34790039, 991.588989258, 1139.90185547, 621.006164551, 951.918518066, 863.265380859, 535.887390137, 1012.28210449, 844.02722168, 313.582702637, 302.560058594, 268.345825195, 356.951629639, 514.047119141, 280.663269043, 183.968215942, 174.655975342, 115.177207947, 24.8365097046, 7.31841993332, 1.00049090385, 0.0354383774102, 0.00138450867962, 2.93083849101e-06, 2.93997781675e-09], "dvar": [0.623766720295, 24.645483017, 374.890869141, 990.702636719, 381.901062012, 371.035827637, 247.883590698, 928.253112793, 2512.60302734, 2947.00415039, 1182.01000977, 1068.41931152, 971.597717285, 697.248718262, 1128.15649414, 1438.9362793, 593.952941895, 666.604614258, 276.715026855, 400.252960205, 437.595001221, 263.445617676, 451.078796387, 414.384735107, 157.037307739, 142.614959717, 135.063400269, 164.652954102, 226.052642822, 111.646438599, 82.9616088867, 78.0756149292, 50.5671005249, 13.1346178055, 4.02531957626, 0.46741309762, 0.0209207050502, 0.000963168218732, 1.54694987486e-06, 1.46501544229e-09], "dmean": [0.289821952581, 1.52230751514, 5.08946990967, 9.26383686066, 8.22630596161, 9.63470649719, 8.8310174942, 16.5985488892, 28.4957122803, 25.9143333435, 11.2922086716, 8.21862411499, 7.2704873085, 7.2337141037, 7.24070453644, 7.19906902313, 4.99371623993, 5.4338593483, 5.13519668579, 5.38661193848, 5.5611987114, 5.15493059158, 6.61112642288, 8.17319107056, 4.70536661148, 4.24147701263, 3.88798284531, 3.8886590004, 4.80706596375, 4.4665222168, 3.53891444206, 2.88577604294, 2.20540356636, 1.11432254314, 0.557813763618, 0.221357837319, 0.0427779518068, 0.00649441638961, 0.000298665952869, 1.97271692741e-05], "max": [10.6499662399, 51.926990509, 167.972198486, 270.440948486, 283.478485107, 357.398529053, 357.044525146, 639.273010254, 1058.10791016, 1433.6706543, 1481.31311035, 863.215637207, 964.494934082, 863.502746582, 1101.70410156, 971.867980957, 1310.42480469, 1239.75512695, 491.019104004, 520.83380127, 783.834350586, 352.358428955, 570.298217773, 502.029876709, 209.77772522, 249.034545898, 209.112960815, 283.155578613, 400.687561035, 198.502212524, 397.468566895, 173.646606445, 199.298141479, 87.3015289307, 67.4759292603, 25.016702652, 7.2601890564, 2.08890199661, 0.075523249805, 0.00156162155326], "var": [1.65495252609, 34.3190460205, 239.816818237, 638.24420166, 574.465820312, 1245.01062012, 682.240112305, 1958.40344238, 5056.75634766, 4511.16064453, 2568.54150391, 2103.9777832, 2058.17480469, 2225.92944336, 1997.80969238, 2249.92089844, 2052.11938477, 2409.23950195, 583.137512207, 504.960266113, 1098.88146973, 499.480621338, 880.770629883, 1124.39538574, 298.36151123, 242.411148071, 235.986358643, 242.234268188, 327.676483154, 164.048355103, 182.479904175, 138.314376831, 95.0482025146, 28.6219120026, 9.52995967865, 0.963271200657, 0.0618133582175, 0.0029388947878, 3.4458716982e-06, 5.02588370921e-09], "mean": [0.943252980709, 2.79872989655, 5.12164545059, 10.6375350952, 13.7570734024, 19.5693397522, 15.9204807281, 28.3743419647, 46.4336967468, 37.3069992065, 16.2034740448, 13.1780338287, 11.6466827393, 12.6506671906, 10.3463973999, 9.77341461182, 7.85834598541, 9.13844203949, 8.02699947357, 7.02320051193, 8.58157920837, 7.67115020752, 10.426202774, 13.9213523865, 7.55577039719, 6.54114341736, 5.81958580017, 5.38108682632, 6.64117717743, 5.72281169891, 5.80137443542, 4.44862604141, 3.57593917847, 1.81313717365, 0.885894477367, 0.312554419041, 0.0702185034752, 0.0105053400621, 0.000444289122242, 6.57348427922e-05]}, "spectral_strongpeak": {"dmean2": 0.43907186389, "median": 0.452766120434, "min": 0, "dvar2": 0.555222868919, "dvar": 0.214666187763, "dmean": 0.2622872293, "max": 14.0765628815, "var": 0.375792205334, "mean": 0.64824616909}, "spectral_energy": {"dmean2": 0.0192829873413, "median": 0.0369103103876, "min": 1.02829398808e-20, "dvar2": 0.00149886030704, "dvar": 0.000672274327371, "dmean": 0.0127777485177, "max": 0.280778944492, "var": 0.00208490132354, "mean": 0.0471519380808}, "average_loudness": 0.801234543324, "spectral_rolloff": {"dmean2": 687.965698242, "median": 409.130859375, "min": 64.599609375, "dvar2": 3206417.5, "dvar": 1508920, "dmean": 407.407623291, "max": 19702.8808594, "var": 3214462.25, "mean": 924.264282227}, "spectral_centroid": {"dmean2": 369.585754395, "median": 628.322021484, "min": 124.328659058, "dvar2": 309694.6875, "dvar": 166442.28125, "dmean": 255.12852478, "max": 11512.5742188, "var": 702268.375, "mean": 913.87878418}, "pitch_salience": {"dmean2": 0.117367863655, "median": 0.484478414059, "min": 0.0480344258249, "dvar2": 0.0153503129259, "dvar": 0.006295429077, "dmean": 0.074272044003, "max": 0.881806969643, "var": 0.01568784751, "mean": 0.486898392439}, "spectral_energyband_middle_high": {"dmean2": 0.00122870784253, "median": 0.000452735315775, "min": 1.11444462673e-21, "dvar2": 6.44712736175e-06, "dvar": 3.57572730536e-06, "dmean": 0.000882521446329, "max": 0.038476549089, "var": 1.50028463395e-05, "mean": 0.00205755908974}, "spectral_contrast_coeffs": {"dmean2": [0.0745570138097, 0.0918011516333, 0.0659381747246, 0.0551986917853, 0.0414208769798, 0.0315753780305], "median": [-0.640616416931, -0.625112295151, -0.795939028263, -0.803490698338, -0.791058897972, -0.798390507698], "min": [-0.971078574657, -0.968287289143, -0.973704576492, -0.972610652447, -0.965691208839, -0.965076506138], "dvar2": [0.0053033111617, 0.00594030274078, 0.00301345903426, 0.00217177788727, 0.0012842353899, 0.00080196140334], "dvar": [0.00219758506864, 0.00240269675851, 0.00133518176153, 0.00100087409373, 0.000634707161225, 0.000370696885511], "dmean": [0.0476343482733, 0.0579588077962, 0.0417893491685, 0.035796854645, 0.027390435338, 0.0204991959035], "max": [-0.219109237194, -0.308673024178, -0.421214044094, -0.534864366055, -0.531444489956, -0.591469943523], "var": [0.0139629496261, 0.00909756310284, 0.0075118704699, 0.00488209957257, 0.00407656747848, 0.0026034321636], "mean": [-0.616782784462, -0.629549026489, -0.781297087669, -0.795696914196, -0.786993265152, -0.797989249229]}, "melbands_skewness": {"dmean2": 1.96080565453, "median": 3.56453514099, "min": -4.01634836197, "dvar2": 5.34259843826, "dvar": 2.44814157486, "dmean": 1.3126693964, "max": 20.2358074188, "var": 8.78336048126, "mean": 4.13407993317}, "spectral_spread": {"dmean2": 1297382.875, "median": 5352709, "min": 64897.6367188, "dvar2": 2354270961660.0, "dvar": 1256419622910.0, "dmean": 894356.0625, "max": 41491076, "var": 8968282832900.0, "mean": 5571677.5}, "dissonance": {"dmean2": 0.0602855682373, "median": 0.435946643353, "min": 0.00899232644588, "dvar2": 0.0043286154978, "dvar": 0.0017074928619, "dmean": 0.0372127480805, "max": 0.500000298023, "var": 0.00590729480609, "mean": 0.414057403803}, "spectral_skewness": {"dmean2": 1.04568374157, "median": 1.63501548767, "min": -0.559395492077, "dvar2": 7.5433588028, "dvar": 2.79856610298, "dmean": 0.670738458633, "max": 39.9772987366, "var": 17.8104324341, "mean": 2.77807879448}, "spectral_flux": {"dmean2": 0.0530905984342, "median": 0.0640725344419, "min": 6.51674061936e-11, "dvar2": 0.00526331644505, "dvar": 0.00282295444049, "dmean": 0.0338313467801, "max": 0.571504414082, "var": 0.00692847697064, "mean": 0.08882073313}, "spectral_contrast_valleys": {"dmean2": [0.548038005829, 0.754678845406, 0.730469048023, 0.641997158527, 0.516397356987, 0.565345168114], "median": [-6.91301631927, -7.15951776505, -8.57912063599, -9.10617160797, -8.335688591, -10.1208410263], "min": [-28.0007247925, -27.8152561188, -27.5013046265, -27.5885562897, -27.5075263977, -27.3915576935], "dvar2": [0.349018216133, 0.518751382828, 0.525632202625, 0.451018840075, 0.35530397296, 0.486825525761], "dvar": [0.159525796771, 0.227827832103, 0.253005176783, 0.22853654623, 0.195294991136, 0.247694462538], "dmean": [0.348382085562, 0.476035028696, 0.47045609355, 0.430491745472, 0.369474828243, 0.400648146868], "max": [-4.77027511597, -4.72296953201, -5.4261059761, -5.89241600037, -5.61145496368, -7.36498785019], "var": [3.71983122826, 1.75803470612, 2.45327830315, 2.53058815002, 3.27509331703, 3.58285140991], "mean": [-7.56248283386, -7.32603311539, -8.740650177, -9.30259799957, -8.77134799957, -10.5426893234]}, "erbbands_flatness_db": {"dmean2": 0.0363586544991, "median": 0.1804266572, "min": 0.0570917539299, "dvar2": 0.00163840828463, "dvar": 0.000826501462143, "dmean": 0.0246228594333, "max": 0.73071706295, "var": 0.0131954336539, "mean": 0.209391742945}, "spectral_energyband_high": {"dmean2": 0.000818329455797, "median": 0.000258622050751, "min": 7.51645209357e-21, "dvar2": 4.22224456997e-06, "dvar": 2.01982584258e-06, "dmean": 0.000558000348974, "max": 0.0230921506882, "var": 4.24155450673e-06, "mean": 0.00100764306262}, "spectral_entropy": {"dmean2": 0.42208558321, "median": 7.08434200287, "min": 2.83892011642, "dvar2": 0.22327786684, "dvar": 0.116099506617, "dmean": 0.292513638735, "max": 9.81748104095, "var": 1.19165277481, "mean": 6.84255743027}, "silence_rate_20dB": {"dmean2": 0, "median": 1, "min": 1, "dvar2": 0, "dvar": 0, "dmean": 0, "max": 1, "var": 0, "mean": 1}, "melbands_flatness_db": {"dmean2": 0.0515408217907, "median": 0.311172872782, "min": 0.00351422419772, "dvar2": 0.00344995595515, "dvar": 0.00188873079605, "dmean": 0.0368587896228, "max": 0.972095489502, "var": 0.0229645613581, "mean": 0.341833800077}, "barkbands": {"dmean2": [0.00206361175515, 0.0113270487636, 0.0102386381477, 0.00483315577731, 0.00418284069747, 0.0028356523253, 0.00293506379239, 0.00129703280982, 0.00054593704408, 0.000387205247534, 0.000290441734251, 0.000269042357104, 0.00015744403936, 0.000162363226991, 0.000160669340403, 0.00014974194346, 0.000160243696882, 0.000217726890696, 0.000182237941772, 0.000128755535115, 0.00013968408166, 0.000209184086998, 0.00020866257546, 0.000207774035516, 0.00012608236284, 4.91277460242e-05, 3.43803935721e-06], "median": [0.000593102769926, 0.00798360817134, 0.00129619939253, 0.00102892168798, 0.0017190168146, 0.00138610205613, 0.00148922926746, 0.000258267275058, 4.92939798278e-05, 2.77360086329e-05, 1.73758980964e-05, 9.67445157585e-06, 6.47343949822e-06, 8.38880623633e-06, 1.10787441372e-05, 1.04453120002e-05, 1.37733186421e-05, 3.00293359032e-05, 3.66377280443e-05, 2.91798023682e-05, 2.30872974498e-05, 2.24836494453e-05, 3.29046524712e-05, 3.85629682569e-05, 2.45473565883e-05, 6.72710939398e-06, 2.6834911182e-07], "min": [3.80530644574e-24, 7.19062334555e-24, 2.74980877962e-24, 3.37403870335e-25, 1.01263273947e-23, 8.114201183e-24, 1.37606513947e-23, 1.03867146023e-23, 2.88176505367e-23, 1.29738778154e-23, 3.46450985722e-23, 2.97341302037e-23, 2.25086707606e-23, 6.35755814619e-23, 6.12292945596e-23, 7.69620398416e-23, 8.56464328423e-23, 1.37338260218e-22, 1.40709422587e-22, 2.31658483771e-22, 3.31436741263e-22, 3.84161932249e-22, 4.80985583796e-22, 7.53568353794e-22, 1.08303296804e-21, 1.33565132198e-21, 2.16933649028