{"tonal": {"thpcp": [1, 0.577053487301, 0.265148699284, 0.25567021966, 0.144852653146, 0.422926843166, 0.67047637701, 0.361718177795, 0.101986192167, 0.104729063809, 0.195276245475, 0.56115436554, 0.643792033195, 0.280494183302, 0.201868772507, 0.237249806523, 0.108584135771, 0.0734093114734, 0.0931780934334, 0.0711545199156, 0.253042817116, 0.445452719927, 0.284667760134, 0.223217412829, 0.254813373089, 0.197138234973, 0.574364304543, 0.749522268772, 0.303879827261, 0.0753526464105, 0.116705693305, 0.15699750185, 0.463738918304, 0.543370008469, 0.234901994467, 0.574668705463], "hpcp": {"dmean2": [0.173398450017, 0.154308080673, 0.0825538262725, 0.0588825978339, 0.0732324644923, 0.137389287353, 0.175358846784, 0.116892777383, 0.0514072366059, 0.0526402741671, 0.0910175219178, 0.158220723271, 0.174199804664, 0.0970873683691, 0.0729371160269, 0.079003714025, 0.0445959940553, 0.0333233438432, 0.0420058295131, 0.0349941961467, 0.0876472368836, 0.128876909614, 0.0991928875446, 0.0793569162488, 0.0698963478208, 0.0660799816251, 0.134202301502, 0.14966031909, 0.0873654186726, 0.0388764180243, 0.0454830862582, 0.0649479851127, 0.129682406783, 0.15221889317, 0.0951107740402, 0.144296362996], "median": [0.0319550186396, 0.0303042605519, 0.00511249620467, 0.00205062376335, 0.00373184983619, 0.0140534890816, 0.0194386020303, 0.0124058686197, 0.00337757496163, 0.00215573026799, 0.00829484686255, 0.0401772484183, 0.04790032655, 0.0220273416489, 0.00326289609075, 0.00214814930223, 0.00218506692909, 0.00269978726283, 0.00233548879623, 0.00259039830416, 0.00856458768249, 0.0125102382153, 0.0123424362391, 0.00366687611677, 0.00190562254284, 0.005849853158, 0.0153798703104, 0.0188901424408, 0.00890406407416, 0.00110948923975, 0.000609249400441, 0.00320186372846, 0.0131969377398, 0.0148499701172, 0.0133212953806, 0.022588275373], "min": [0, 0, 0, 0, 0, 0, 0, 0, 0, 0, 0, 0, 0, 0, 0, 0, 0, 0, 0, 0, 0, 0, 0, 0, 0, 0, 0, 0, 0, 0, 0, 0, 0, 0, 0, 0], "dvar2": [0.0866196975112, 0.057113096118, 0.0354711003602, 0.0295592956245, 0.0305534508079, 0.059177570045, 0.0893613994122, 0.0434773825109, 0.0170443374664, 0.020965764299, 0.0396282933652, 0.0664039179683, 0.0663460493088, 0.0302764791995, 0.0347868986428, 0.0436710454524, 0.0141520109028, 0.00847489479929, 0.0189577620476, 0.00842816010118, 0.0323137752712, 0.0629020258784, 0.0375032611191, 0.0488017015159, 0.0400528721511, 0.0216469075531, 0.0535550154746, 0.0749561116099, 0.0290702041239, 0.0189342796803, 0.0348939299583, 0.0305467098951, 0.0619023926556, 0.0820219814777, 0.0370898060501, 0.0532200559974], "dvar": [0.0446046739817, 0.0249734763056, 0.0148537838832, 0.0137066682801, 0.0109159545973, 0.0258535146713, 0.0446091741323, 0.0193719286472, 0.00651567010209, 0.00871308986098, 0.0152927096933, 0.0310362298042, 0.0353644192219, 0.0141490483657, 0.0156862176955, 0.0210762992501, 0.00609422894195, 0.00358192925341, 0.00828851666301, 0.00352818262763, 0.0145439980552, 0.0315801724792, 0.0162222813815, 0.0189819876105, 0.0177619811147, 0.00905876141042, 0.0254217460752, 0.0369222015142, 0.0126725528389, 0.00710563221946, 0.0143401222304, 0.0121716698632, 0.02742263861, 0.0369941964746, 0.0135551504791, 0.0228970330209], "dmean": [0.105823151767, 0.0953617915511, 0.0487917512655, 0.0352750606835, 0.0415386036038, 0.0833740159869, 0.105806067586, 0.0746294036508, 0.0299179870635, 0.0307322088629, 0.0525395013392, 0.0984731018543, 0.111343860626, 0.0599854551256, 0.0451258867979, 0.0483062341809, 0.0269985124469, 0.0198313388973, 0.0251668449491, 0.0207413956523, 0.0542435646057, 0.0812150761485, 0.0624578632414, 0.0469737462699, 0.0420209541917, 0.0396962426603, 0.0827865824103, 0.0910851955414, 0.053415633738, 0.0221378337592, 0.0262838397175, 0.038125615567, 0.0790048763156, 0.0921384096146, 0.0566291809082, 0.0884238407016], "max": [1, 1, 1, 1, 1, 1, 1, 1, 1, 1, 1, 1, 1, 1, 1, 1, 0.996115744114, 0.748959958553, 1, 1, 1, 1, 1, 1, 1, 1, 1, 1, 1, 1, 1, 1, 1, 1, 1, 1], "var": [0.16186016798, 0.05745081231, 0.0409053042531, 0.0504606179893, 0.0115709900856, 0.053445186466, 0.110785193741, 0.0378984697163, 0.00705899903551, 0.0104369902983, 0.0172738730907, 0.0705563500524, 0.0857725813985, 0.0236052777618, 0.026798851788, 0.0415830910206, 0.00923745986074, 0.00418394943699, 0.0100767053664, 0.00413271784782, 0.0265198592097, 0.0714712142944, 0.02852056548, 0.0313433222473, 0.0477726608515, 0.0154356630519, 0.0786063149571, 0.124721623957, 0.0302092116326, 0.00824557896703, 0.0238758977503, 0.0174896325916, 0.0686306729913, 0.088114656508, 0.016639277339, 0.0601908490062], "mean": [0.286683917046, 0.165431961417, 0.0760138705373, 0.0732965394855, 0.0415269248188, 0.121246322989, 0.192214801908, 0.103698782623, 0.0292378012091, 0.0300241392106, 0.0559825599194, 0.160873934627, 0.184564813972, 0.0804131701589, 0.0578725300729, 0.0680157020688, 0.0311293248087, 0.0210452694446, 0.0267126616091, 0.020398857072, 0.0725433081388, 0.127704128623, 0.0816096663475, 0.0639928430319, 0.0730508938432, 0.0565163604915, 0.164661005139, 0.214875981212, 0.0871174633503, 0.0216023921967, 0.0334576442838, 0.0450086593628, 0.132946491241, 0.155775442719, 0.0673426240683, 0.16474828124]}, "tuning_equal_tempered_deviation": 0.054465316236, "chords_changes_rate": 0.0638107955456, "key_key": "A", "tuning_diatonic_strength": 0.45639064908, "key_scale": "major", "chords_number_rate": 0.00312360562384, "tuning_frequency": 442.548919678, "tuning_nontempered_energy_ratio": 0.718032538891, "chords_histogram": [26.8406963348, 1.74029445648, 9.25925922394, 0.780901372433, 1.29406511784, 0, 7.89825963974, 4.06068706512, 5.6224899292, 5.48862123489, 0.334672033787, 0.312360554934, 0, 0.312360554934, 0, 0.55778670311, 2.61044168472, 0.535475254059, 1.58411419392, 2.47657299042, 0.446229368448, 11.0887994766, 4.97545719147, 11.7804555893], "key_strength": 0.61970937252, "chords_key": "A", "chords_strength": {"dmean2": 0.00925540644675, "median": 0.525634527206, "min": -1, "dvar2": 0.00174973369576, "dvar": 0.000908088113647, "dmean": 0.0100335357711, "max": 0.772083163261, "var": 0.0670314058661, "mean": 0.487221956253}, "chords_scale": "major", "hpcp_entropy": {"dmean2": 0.915469884872, "median": 1.26925289631, "min": 0, "dvar2": 0.657923281193, "dvar": 0.25674328208, "dmean": 0.538135707378, "max": 3.91556239128, "var": 0.556939721107, "mean": 1.27155578136}}, "metadata": {"audio_properties": {"equal_loudness": 0, "codec": "flac", "downmix": "mix", "sample_rate": 44100, "analysis_sample_rate": 44100, "bit_rate": 0, "md5_encoded": "f1bf9fc88b221f8b826b86ff2d3e5a38", "length": 208.066665649, "replay_gain": -3.62184906006, "lossless": true}, "version": {"essentia_build_sha": "70f2e5ece6736b2c40cc944ad0e695b16b925413", "essentia": "2.1-beta2", "extractor": "music 1.0", "essentia_git_sha": "v2.1_beta2"}, "tags": {"title": ["Sonata en Si b\u00e9mol majeur RV 77: Allegro"], "barcode": ["3149025047908"], "media": ["CD"], "albumartist": ["Antonio Vivaldi; Ensemble 415, Chiara Banchini, V\u00e9ronique M\u00e9jean, K\u00e4thi Gohl, Jesper B\u00f8je Christensen"], "tracktotal": ["17"], "language": ["zxx"], "performer": ["Ensemble 415 (orchestra)", "Jesper B\u00f8je Christensen (harpsichord)", "Chiara Banchini (violin)", "V\u00e9ronique M\u00e9jean (violin)", "K\u00e4thi Gohl (cello)"], "releasetype": ["album"], "musicbrainz_recordingid": ["12973e71-7059-4566-82ea-32b44f99775d"], "composer": ["Antonio Vivaldi"], "musicbrainz_albumid": ["91d0a5a5-fccc-33a4-9d2f-8e2cb63cbf92"], "musicbrainz_albumartistid": ["ad79836d-9849-44df-8789-180bbc823f3c", "c0be6440-597e-4a17-9133-cb4fdba1be78", "7f40b65c-eb1d-4d78-9722-59efa2fb4bca", "f6f9d142-a871-447d-8d80-be2ab4e09f59", "fbffd05c-c31e-4633-b779-e3cb18854eb7", "da1ff2ac-6264-4841-8aff-f9f949ffe1e0"], "musicbrainz_releasetrackid": ["b109a3b3-d5bc-393d-8c48-f306e3fc0ae0"], "album": ["Sonata a tre 'La Follia'. Sonate a due violini"], "catalognumber": ["HMC 901366"], "releasecountry": ["FR"], "originaldate": ["1991"], "work": ["Sonata for Two Violins and Optional Continuo in B-flat major, RV 77: III. Allegro"], "date": ["1991-10"], "file_name": "14 - Antonio Vivaldi - Sonata en Si bemol majeur RV 77: Allegro.flac", "composersort": ["Vivaldi, Antonio"], "musicbrainz_releasegroupid": ["1eb1513a-1eee-3589-a3ea-eff36433641b"], "albumartistsort": ["Vivaldi, Antonio; Ensemble 415, Chiara Banchini, V\u00e9ronique M\u00e9jean, K\u00e4thi Gohl, Christensen, Jesper Boje"], "musicbrainz_artistid": ["ad79836d-9849-44df-8789-180bbc823f3c"], "asin": ["B000027O73"], "musicbrainz_workid": ["9d35b60c-e701-410d-a69e-4b11efc44d0f"], "artist": ["Antonio Vivaldi"], "artistsort": ["Vivaldi, Antonio"], "tracknumber": ["14"], "label": ["Harmonia Mundi"], "releasestatus": ["official"], "acoustid_id": ["2d9ee6e4-e9f7-4477-85ae-7eb34ce9ca75"], "script": ["Latn"], "totaltracks": ["17"]}}, "rhythm": {"bpm_histogram_first_peak_bpm": {"dmean2": 0, "median": 172, "min": 172, "dvar2": 0, "dvar": 0, "dmean": 0, "max": 172, "var": 0, "mean": 172}, "bpm": 172.265625, "bpm_histogram_second_peak_spread": {"dmean2": 0, "median": 0, "min": 0, "dvar2": 0, "dvar": 0, "dmean": 0, "max": 0, "var": 0, "mean": 0}, "bpm_histogram_first_peak_weight": {"dmean2": 0, "median": 0.220825850964, "min": 0.220825850964, "dvar2": 0, "dvar": 0, "dmean": 0, "max": 0.220825850964, "var": 0, "mean": 0.220825850964}, "onset_rate": 4.01277112961, "beats_position": [0.336689323187, 0.696598649025, 1.04489791393, 1.39319729805, 1.74149656296, 2.08979582787, 2.43809509277, 2.7863945961, 3.13469386101, 3.47138309479, 3.80807256699, 4.14476203918, 4.49306106567, 4.85297060013, 5.20126962662, 5.54956912994, 5.89786815643, 6.23455762863, 6.57124710083, 6.91954612732, 7.26784563065, 7.59292507172, 7.92961454391, 8.26630401611, 8.6146030426, 8.96290206909, 9.31120204926, 9.65950107574, 10.0078001022, 10.3560991287, 10.6927890778, 11.0294780731, 11.3777770996, 11.7260770798, 12.0627660751, 12.3994560242, 12.7361450195, 13.0728340149, 13.4211339951, 13.7578229904, 14.0945119858, 14.4428119659, 14.7911109924, 15.1277999878, 15.4644899368, 15.8011789322, 16.1494789124, 16.4861679077, 16.8344669342, 17.1711559296, 17.5078449249, 17.8445339203, 18.181224823, 18.5063037872, 18.8313827515, 19.1680717468, 19.5047607422, 19.8298416138, 20.154920578, 20.4799995422, 20.8050785065, 21.1301574707, 21.4552383423, 21.7803173065, 22.1053962708, 22.430475235, 22.7671642303, 23.1038551331, 23.4405441284, 23.7888431549, 24.1255321503, 24.4738311768, 24.8221302032, 25.158821106, 25.4955101013, 25.8438091278, 26.168888092, 26.5171871185, 26.865486145, 27.2137870789, 27.5620861053, 27.9103851318, 28.2586841583, 28.6069831848, 28.9552822113, 29.3035831451, 29.6402721405, 29.9769611359, 30.3252601624, 30.6735591888, 31.0102481842, 31.358549118, 31.6952381134, 32.0435371399, 32.391834259, 32.7517471313, 33.1000442505, 33.4599533081, 33.8314743042, 34.2029914856, 34.5512924194, 34.9228096008, 35.2827186584, 35.6426315308, 36.0141487122, 36.3856697083, 36.7571868896, 37.1635360718, 37.5698852539, 37.9878463745, 38.4058036804, 38.7889328003, 39.1836738586, 39.5668029785, 39.9499320984, 40.3214492798, 40.6929702759, 41.0644874573, 41.4243965149, 41.7843093872, 42.1558265686, 42.5157356262, 42.8640365601, 43.2239456177, 43.5838546753, 43.9437637329, 44.3152809143, 44.6751937866, 45.046710968, 45.4066200256, 45.7781410217, 46.1380500793, 46.4863471985, 46.8346481323, 47.1829452515, 47.5312461853, 47.8795471191, 48.2278442383, 48.5761451721, 48.9244422913, 49.2843513489, 49.6442604065, 49.9925613403, 50.3408622742, 50.6891593933, 51.0374603271, 51.3857574463, 51.7340583801, 52.0707473755, 52.4074363708, 52.7441253662, 53.0808143616, 53.4291152954, 53.7774124146, 54.1257133484, 54.4740142822, 54.8223114014, 55.1706123352, 55.5305213928, 55.878818512, 56.2271194458, 56.5870285034, 56.9237174988, 57.2604064941, 57.5970954895, 57.9337844849, 58.2588653564, 58.583946228, 58.9322433472, 59.2689323425, 59.5940132141, 59.919090271, 60.2557830811, 60.5924720764, 60.9175491333, 61.2426300049, 61.5677070618, 61.9043960571, 62.2410888672, 62.5777778625, 62.9028549194, 63.2395439148, 63.5762329102, 63.9129257202, 64.2496109009, 64.5863037109, 64.9113845825, 65.2480697632, 65.5847625732, 65.9214477539, 66.2697525024, 66.6180496216, 66.9663467407, 67.3146438599, 67.6629486084, 68.0112457275, 68.3595428467, 68.7078475952, 69.0561447144, 69.4044418335, 69.7527389526, 70.1010437012, 70.4493408203, 70.7976379395, 71.1343307495, 71.4710159302, 71.8193206787, 72.1908340454, 72.5391387939, 72.91065979, 73.2821731567, 73.6536941528, 74.001991272, 74.3619003296, 74.7102050781, 75.0585021973, 75.4184112549, 75.789932251, 76.1730575562, 76.5561904907, 76.9509277344, 77.3340606689, 77.7171859741, 78.1119232178, 78.4950561523, 78.85496521, 79.2264862061, 79.5863952637, 79.9463043213, 80.3062133789, 80.677734375, 81.0608596802, 81.4439926147, 81.8387298584, 82.2218551636, 82.5933761597, 82.9648971558, 83.3248062134, 83.684715271, 84.0446243286, 84.4045333862, 84.7528305054, 85.112739563, 85.4610443115, 85.8209533691, 86.1808624268, 86.5407714844, 86.900680542, 87.2722015381, 87.6785507202, 88.0616760254, 88.421585083, 88.7698822021, 89.1181869507, 89.4664840698, 89.814781189, 90.1630859375, 90.5229949951, 90.9061203003, 91.2892532349, 91.6491622925, 92.0090713501, 92.3689804077, 92.7288894653, 93.1120147705, 93.4951477051, 93.8782730103, 94.2381820679, 94.5980911255, 94.946395874, 95.2946929932, 95.6662139893, 96.0261230469, 96.3860321045, 96.7459411621, 97.1174621582, 97.4773712158, 97.8488845825, 98.2204055786, 98.5919265747, 98.9750518799, 99.381401062, 99.7761459351, 100.15927124, 100.530792236, 100.890701294, 101.250610352, 101.610519409, 101.970428467, 102.353561401, 102.725074768, 103.084983826, 103.456504822, 103.828025818, 104.199546814, 104.559455872, 104.930976868, 105.302490234, 105.67401123, 106.033920288, 106.393829346, 106.765350342, 107.113647461, 107.46194458, 107.821853638, 108.193374634, 108.553283691, 108.924804688, 109.284713745, 109.644622803, 110.00453186, 110.364440918, 110.712738037, 111.072654724, 111.432563782, 111.804077148, 112.175598145, 112.523895264, 112.872200012, 113.220497131, 113.56879425, 113.917098999, 114.265396118, 114.613693237, 114.973602295, 115.333511353, 115.705032349, 116.088157654, 116.45967865, 116.831199646, 117.202720642, 117.585845947, 117.968978882, 118.352104187, 118.74684906, 119.211242676, 119.652427673, 120.093605042, 120.511566162, 120.941131592, 121.359092712, 121.788658142, 122.22983551, 122.671020508, 123.112197876, 123.553375244, 123.982948303, 124.424125671, 124.830474854, 125.248435974, 125.654785156, 126.061134338, 126.467483521, 126.873832703, 127.291786194, 127.709747314, 128.116104126, 128.522445679, 128.917190552, 129.311920166, 129.706665039, 130.101409912, 130.484527588, 130.867660522, 131.250793457, 131.633926392, 132.005432129, 132.400177002, 132.806533813, 133.212875366, 133.607620239, 134.02557373, 134.431930542, 134.849884033, 135.267837524, 135.685806274, 136.103759766, 136.521713257, 136.881637573, 137.241546631, 137.624664307, 137.996185303, 138.367706299, 138.739227295, 139.099136353, 139.45904541, 139.818954468, 140.178863525, 140.527160645, 140.875457764, 141.223754883, 141.572067261, 141.955184937, 142.338317871, 142.767883301, 143.197463989, 143.627029419, 144.068206787, 144.46295166, 144.834457397, 145.205978394, 145.589111328, 145.983856201, 146.378585815, 146.750106812, 147.110015869, 147.469924927, 147.818222046, 148.178131104, 148.538040161, 148.886352539, 149.246261597, 149.629379272, 150.012512207, 150.395645142, 150.755554199, 151.115463257, 151.486984253, 151.858505249, 152.230026245, 152.601531982, 152.984664917, 153.367797852, 153.762542725, 154.168884277, 154.552017212, 154.923538208, 155.306671143, 155.701400757, 156.107757568, 156.502487183, 156.874008179, 157.245529175, 157.617050171, 158.000183105, 158.383300781, 158.754821777, 159.137954712, 159.509475708, 159.880996704, 160.2525177, 160.612426758, 160.983947754, 161.35546875, 161.726974487, 162.086883545, 162.446792603, 162.80670166, 163.166610718, 163.526535034, 163.886444092, 164.246353149, 164.606262207, 164.989379883, 165.372512817, 165.76725769, 166.161987305, 166.545120239, 166.928253174, 167.29977417, 167.671295166, 168.031204224, 168.391113281, 168.7394104, 169.08770752, 169.436004639, 169.795913696, 170.144210815, 170.504119873, 170.875640869, 171.235549927, 171.595458984, 171.943756104, 172.292053223, 172.65196228, 173.011871338, 173.360183716, 173.708480835, 174.056777954, 174.42829895, 174.811431885, 175.182937622, 175.554458618, 175.925979614, 176.309112549, 176.680633545, 177.086975098, 177.504943848, 177.934509277, 178.375686646, 178.816864014, 179.246429443, 179.676010132, 180.093963623, 180.523529053, 180.953109741, 181.405899048, 181.835464478, 182.276641846, 182.706207275, 183.135772705, 183.576965332, 184.0181427, 184.424484253, 184.830841064, 185.248794556, 185.666748047, 186.073104858, 186.479446411, 186.874191284, 187.268936157, 187.652053833, 188.046798706, 188.441543579, 188.836273193, 189.219406128, 189.602539062, 189.985671997, 190.380401611, 190.775146484, 191.193099976, 191.587844849, 191.982574463, 192.388931274, 192.806884766, 193.236465454, 193.666030884, 194.095596313, 194.525161743, 195.001174927, 195.47718811, 195.953201294, 196.324707031, 196.707839966, 197.0909729, 197.474105835, 197.903671265, 198.333236694, 198.762802124, 199.192382812, 199.610336304, 200.028289795, 200.457870483, 200.887435913, 201.317001343, 201.746566772, 202.210968018, 202.675369263, 203.139770508, 203.62739563, 204.115005493, 204.602630615, 205.090240479, 205.577865601, 206.065490723, 206.553100586, 207.040725708, 207.528335571], "beats_loudness": {"dmean2": 0.0413871891797, "median": 0.0177733339369, "min": 0, "dvar2": 0.00279862130992, "dvar": 0.000919860263821, "dmean": 0.0229272078723, "max": 0.280841708183, "var": 0.000903410429601, "mean": 0.0262300875038}, "danceability": 1.14326930046, "bpm_histogram_second_peak_weight": {"dmean2": 0, "median": 0.168761223555, "min": 0.168761223555, "dvar2": 0, "dvar": 0, "dmean": 0, "max": 0.168761223555, "var": 0, "mean": 0.168761223555}, "beats_count": 558, "bpm_histogram_second_peak_bpm": {"dmean2": 0, "median": 167, "min": 167, "dvar2": 0, "dvar": 0, "dmean": 0, "max": 167, "var": 0, "mean": 167}, "bpm_histogram_first_peak_spread": {"dmean2": 0, "median": 0, "min": 0, "dvar2": 0, "dvar": 0, "dmean": 0, "max": 0, "var": 0, "mean": 0}, "beats_loudness_band_ratio": {"dmean2": [0.0135416835546, 0.327580034733, 0.535044193268, 0.316157013178, 0.16690017283, 0.05950723961], "median": [0.000156675712788, 0.0585663951933, 0.52978682518, 0.136279553175, 0.0556083507836, 0.0106200743467], "min": [0, 0, 0, 0, 0, 0], "dvar2": [0.00571493664756, 0.117855727673, 0.149441540241, 0.088789254427, 0.0346019268036, 0.00729129556566], "dvar": [0.00396834639832, 0.0453020520508, 0.0560693740845, 0.0331129394472, 0.0120470765978, 0.00233073858544], "dmean": [0.00868206750602, 0.181999623775, 0.30449745059, 0.180272743106, 0.09236548841, 0.0325355567038], "max": [0.978999614716, 0.888734579086, 0.971081793308, 0.955058455467, 0.654451966286, 0.305180698633], "var": [0.0179599784315, 0.0453811511397, 0.0881213694811, 0.0382586829364, 0.0120283439755, 0.00165911682416], "mean": [0.0223059337586, 0.156686037779, 0.498027801514, 0.198350474238, 0.0955918580294, 0.026538791135]}}, "lowlevel": {"barkbands_spread": {"dmean2": 4.33690786362, "median": 9.75448989868, "min": 0.465413600206, "dvar2": 25.4524097443, "dvar": 10.7168540955, "dmean": 2.99762272835, "max": 49.9793319702, "var": 45.7832984924, "mean": 11.0882310867}, "melbands_spread": {"dmean2": 6.67872047424, "median": 12.7046222687, "min": 0.707440257072, "dvar2": 62.5399475098, "dvar": 30.0604743958, "dmean": 4.68401288986, "max": 163.905212402, "var": 546.457580566, "mean": 18.6518287659}, "hfc": {"dmean2": 5.01077365875, "median": 7.3576374054, "min": 1.03590528028e-16, "dvar2": 56.732093811, "dvar": 48.1723213196, "dmean": 4.62808561325, "max": 189.785583496, "var": 270.193481445, "mean": 12.6241292953}, "barkbands_kurtosis": {"dmean2": 5.75569391251, "median": 2.67924165726, "min": -1.82167971134, "dvar2": 288.823516846, "dvar": 123.185401917, "dmean": 3.89272522926, "max": 740.436462402, "var": 251.581375122, "mean": 6.49783992767}, "gfcc": {"mean": [-165.507446289, 55.6541748047, -189.925170898, -30.5062351227, -89.6384811401, -31.2559204102, -41.1330184937, -2.17172646523, -14.1957502365, 7.34549188614, -9.62713336945, 3.74601888657, 4.91900634766], "icov": [[0.000408794003306, -0.000250458950177, 0.000941934646107, -9.93164430838e-05, 0.00145546521526, -0.000380095880246, 0.00100584526081, -0.000455050496385, 0.000925524684135, -0.000341065810062, 0.000838892825413, -2.83315457636e-05, 0.000305488531012], [-0.000250458950177, 0.00175791641232, -0.000474008847959, 0.00100769673008, -0.00158456258941, 0.00207384023815, -0.00101799552795, 0.0022849671077, -0.00101338175591, 0.00154963170644, -0.00141942757182, 0.000357063865522, -6.44973042654e-05], [0.000941934646107, -0.000474008847959, 0.00326817063615, -0.00103552138899, 0.00212424411438, -0.000630534428637, 0.00174094096292, -0.000200941183721, 0.00239670020528, -0.000782830058597, 0.00154008890968, -0.000353423733031, 0.000975054455921], [-9.93164430838e-05, 0.00100769673008, -0.00103552138899, 0.00581635441631, -0.00133985071443, 0.000566008500755, 0.000321178085869, 0.000319911574479, 0.000817821943201, 0.00042424001731, 0.00120340962894, -4.41566044174e-05, 0.000384538609069], [0.00145546521526, -0.00158456258941, 0.00212424411438, -0.00133985071443, 0.0105364238843, -0.00402634218335, 0.00311378878541, -0.001387079712, 0.00117445818614, 0.000398727279389, 0.00177376356442, 0.000313283584546, 0.00153915199917], [-0.000380095880246, 0.00207384023815, -0.000630534428637, 0.000566008500755, -0.00402634218335, 0.00861474592239, -0.00372188864276, 0.000615104741883, 0.000375171046471, 0.000676512543578, 0.000485892989673, -0.000761263654567, 0.000661541009322], [0.00100584526081, -0.00101799552795, 0.00174094096292, 0.000321178085869, 0.00311378878541, -0.00372188864276, 0.00995538104326, -0.00475372234359, 0.00137879827525, -6.53107708786e-05, 0.000443053169874, 0.00161924178246, -0.00119784416165], [-0.000455050496385, 0.0022849671077, -0.000200941183721, 0.000319911574479, -0.001387079712, 0.000615104741883, -0.00475372234359, 0.0119030755013, -0.00537048093975, 0.00147279666271, -0.00070059747668, -0.000640800979454, 0.00131326669361], [0.000925524684135, -0.00101338175591, 0.00239670020528, 0.000817821943201, 0.00117445818614, 0.000375171046471, 0.00137879827525, -0.00537048093975, 0.0128151476383, -0.00489944545552, 0.000889368820935, 0.000942895538174, 0.00106967194006], [-0.000341065810062, 0.00154963170644, -0.000782830058597, 0.00042424001731, 0.000398727279389, 0.000676512543578, -6.53107708786e-05, 0.00147279666271, -0.00489944545552, 0.0116896443069, -0.00649873958901, -0.000530112942215, 0.00158016942441], [0.000838892825413, -0.00141942757182, 0.00154008890968, 0.00120340962894, 0.00177376356442, 0.000485892989673, 0.000443053169874, -0.00070059747668, 0.000889368820935, -0.00649873958901, 0.0158967394382, -0.00589997181669, 0.00196306826547], [-2.83315457636e-05, 0.000357063865522, -0.000353423733031, -4.41566044174e-05, 0.000313283584546, -0.000761263654567, 0.00161924178246, -0.000640800979454, 0.000942895538174, -0.000530112942215, -0.00589997181669, 0.0110463947058, -0.00526846572757], [0.000305488531012, -6.44973042654e-05, 0.000975054455921, 0.000384538609069, 0.00153915199917, 0.000661541009322, -0.00119784416165, 0.00131326669361, 0.00106967194006, 0.00158016942441, 0.00196306826547, -0.00526846572757, 0.0102566592395]], "cov": [[44447.8320312, 840.72644043, -8768.03417969, -1453.95349121, -4341.08691406, -1640.58422852, -2011.7232666, -225.234634399, -740.658203125, 190.801742554, -668.175537109, -67.270324707, 261.813018799], [840.72644043, 2002.63537598, -62.9915046692, -273.819793701, -41.7383651733, -521.415649414, -239.33039856, -440.72668457, -78.2303619385, -129.733581543, 113.965644836, 10.3940753937, 83.8535919189], [-8768.03417969, -62.9915046692, 2341.03100586, 436.093139648, 811.75579834, 277.588226318, 247.905929565, -106.880104065, -32.8671302795, -111.246170044, 52.7874832153, 6.00239849091, -61.681892395], [-1453.95349121, -273.819793701, 436.093139648, 325.500732422, 173.144088745, 118.721305847, 35.8777580261, 5.03859567642, -53.1302909851, -58.4356613159, -66.460647583, -29.3995761871, -30.01030159], [-4341.08691406, -41.7383651733, 811.75579834, 173.144088745, 578.552490234, 218.803909302, 187.115829468, 21.2894554138, 57.2680854797, -64.2345428467, 23.5371227264, -31.3856296539, -53.1355476379], [-1640.58422852, -521.415649414, 277.588226318, 118.721305847, 218.803909302, 359.24621582, 187.842575073, 134.885147095, 24.8780632019, -18.0148487091, -43.4833526611, -24.8554229736, -40.8576889038], [-2011.7232666, -239.33039856, 247.905929565, 35.8777580261, 187.115829468, 187.842575073, 305.423400879, 146.141708374, 85.4496154785, 1.52840304375, 18.8592605591, -21.6416988373, -13.6100206375], [-225.234634399, -440.72668457, -106.880104065, 5.03859567642, 21.2894554138, 134.885147095, 146.141708374, 260.856658936, 115.450759888, 57.6761360168, 0.41235485673, -14.6262435913, -42.8367233276], [-740.658203125, -78.2303619385, -32.8671302795, -53.1302909851, 57.2680854797, 24.8780632019, 85.4496154785, 115.450759888, 205.014953613, 100.540817261, 69.0377197266, -0.647604107857, -38.7336196899], [190.801742554, -129.733581543, -111.246170044, -58.4356613159, -64.2345428467, -18.0148487091, 1.52840304375, 57.6761360168, 100.540817261, 203.935119629, 102.530075073, 47.5723419189, -27.2291851044], [-668.175537109, 113.965644836, 52.7874832153, -66.460647583, 23.5371227264, -43.4833526611, 18.8592605591, 0.41235485673, 69.0377197266, 102.530075073, 175.444976807, 85.665802002, 6.94167947769], [-67.270324707, 10.3940753937, 6.00239849091, -29.3995761871, -31.3856296539, -24.8554229736, -21.6416988373, -14.6262435913, -0.647604107857, 47.5723419189, 85.665802002, 175.285842896, 74.6391372681], [261.813018799, 83.8535919189, -61.681892395, -30.01030159, -53.1355476379, -40.8576889038, -13.6100206375, -42.8367233276, -38.7336196899, -27.2291851044, 6.94167947769, 74.6391372681, 156.965591431]]}, "spectral_energyband_middle_low": {"dmean2": 0.00472141895443, "median": 0.00447983201593, "min": 1.54801974586e-22, "dvar2": 7.28102750145e-05, "dvar": 5.90716808802e-05, "dmean": 0.00428514834493, "max": 0.282825917006, "var": 0.000281834334601, "mean": 0.0105010299012}, "melbands_crest": {"dmean2": 4.62113857269, "median": 17.2671661377, "min": 1.56907057762, "dvar2": 20.4500274658, "dvar": 9.49945735931, "dmean": 3.16490936279, "max": 39.4467010498, "var": 49.4323539734, "mean": 17.7429218292}, "spectral_kurtosis": {"dmean2": 6.59575366974, "median": 7.06688547134, "min": -1.26746308804, "dvar2": 54.2352104187, "dvar": 20.7237682343, "dmean": 3.90421199799, "max": 72.3785476685, "var": 57.355014801, "mean": 9.16721248627}, "spectral_rms": {"dmean2": 0.000699535943568, "median": 0.00280364090577, "min": 3.10425643524e-12, "dvar2": 6.03799719556e-07, "dvar": 4.86980923142e-07, "dmean": 0.000650670088362, "max": 0.0178924277425, "var": 4.32903198089e-06, "mean": 0.00317350728437}, "zerocrossingrate": {"dmean2": 0.0088598523289, "median": 0.04736328125, "min": 0, "dvar2": 0.000177443915163, "dvar": 0.000107471299998, "dmean": 0.0076724071987, "max": 0.533203125, "var": 0.00712095433846, "mean": 0.0649923458695}, "silence_rate_60dB": {"dmean2": 0.147321432829, "median": 0, "min": 0, "dvar2": 0.142813891172, "dvar": 0.0682327821851, "dmean": 0.0736524909735, "max": 1, "var": 0.174848034978, "mean": 0.225842446089}, "erbbands_kurtosis": {"dmean2": 2.26672506332, "median": 0.360376358032, "min": -1.7572927475, "dvar2": 11.0879707336, "dvar": 5.69297933578, "dmean": 1.5636485815, "max": 48.3313102722, "var": 16.3608455658, "mean": 1.65731143951}, "erbbands": {"dmean2": [2.8251317417e-05, 5.52015626454e-05, 0.00015670794528, 0.00172203150578, 0.0665059387684, 1.724796772, 3.29514575005, 4.91262578964, 22.120306015, 41.633731842, 16.7586688995, 20.9845924377, 34.4829711914, 31.8672599792, 6.32019472122, 4.56390714645, 20.0678253174, 14.5141582489, 11.6910638809, 15.8546266556, 20.762134552, 9.13511371613, 6.75152111053, 5.12550210953, 5.76821041107, 4.20574378967, 5.29805755615, 2.47346925735, 1.16788804531, 0.573013603687, 0.277636647224, 0.138422176242, 0.125904217362, 0.061290666461, 0.024530345574, 0.00933384802192, 0.00212085316889, 0.000485596392537, 6.4685511461e-05, 8.44737496664e-06], "median": [1.44244750118e-05, 3.09572351398e-05, 6.90317610861e-05, 0.000628345762379, 0.012936456129, 0.151292309165, 0.579035282135, 1.59943628311, 6.98820877075, 8.48493003845, 5.99324846268, 4.55300140381, 10.224439621, 11.0496044159, 2.65561151505, 2.27460336685, 5.42531108856, 3.6964597702, 3.75740790367, 4.18834114075, 6.64489555359, 3.61129283905, 2.38234901428, 1.64882850647, 1.62646865845, 1.50684833527, 1.25218367577, 0.601774156094, 0.318524897099, 0.153862282634, 0.0607321597636, 0.0297449529171, 0.0171630717814, 0.0112356003374, 0.00561566744, 0.00207978463732, 0.000445306795882, 9.81275516097e-05, 2.00663671421e-05, 1.22199326142e-05], "min": [3.56805005984e-23, 3.62241772234e-22, 1.25628984494e-21, 2.37426483248e-21, 1.20434467962e-20, 1.35980834821e-20, 4.59000260084e-20, 8.43320328021e-20, 8.58441448112e-20, 2.09559034983e-19, 1.92059861104e-19, 3.02972632032e-19, 3.88185935304e-19, 5.91319935352e-19, 7.62093595862e-19, 1.02953763151e-18, 1.17370270117e-18, 1.36525126126e-18, 2.21225443001e-18, 2.40968155592e-18, 3.38814316275e-18, 3.15747102764e-18, 4.26986289502e-18, 4.74855396986e-18, 7.0926146674e-18, 8.30313889995e-18, 9.15864217668e-18, 9.50861981231e-18, 9.37004141711e-18, 1.06133741143e-17, 9.20119482893e-18, 9.06803860265e-18, 8.89581629039e-18, 7.5212480803e-18, 5.55477217133e-18, 3.88199583784e-18, 2.14789460848e-18, 8.57787070699e-19, 2.4866302909e-19, 2.12246515713e-20], "dvar2": [1.74612591053e-09, 4.80229545019e-08, 6.37389291569e-07, 3.00260089716e-05, 0.0913359746337, 60.1605949402, 188.328689575, 279.022277832, 3480.53662109, 17507.6542969, 2707.91796875, 3532.95751953, 7133.94580078, 7653.375, 255.809432983, 108.581077576, 2729.4855957, 1760.67297363, 1522.09423828, 2106.43554688, 2667.65820312, 596.78314209, 279.873046875, 176.403152466, 234.397232056, 148.62739563, 258.726074219, 63.3819885254, 16.7844848633, 3.86721110344, 0.835372507572, 0.141702860594, 0.21432711184, 0.0275308471173, 0.00425614509732, 0.000677536358126, 3.04927889374e-05, 2.20042011279e-06, 3.19060404763e-08, 1.61707064406e-10], "dvar": [5.667475933e-10, 2.07418207054e-08, 2.71040903499e-07, 2.60189226537e-05, 0.0779313445091, 48.5101394653, 201.255371094, 253.990264893, 2669.68237305, 12440.328125, 1947.25366211, 3229.57470703, 5717.35546875, 4444.23535156, 178.707427979, 60.4248542786, 1735.04260254, 1440.80310059, 1175.44628906, 1160.25646973, 1453.36914062, 298.901397705, 197.41242981, 110.542060852, 141.753860474, 65.197052002, 126.638282776, 32.2063140869, 8.06509304047, 1.74326694012, 0.406878560781, 0.0726403221488, 0.102524548769, 0.0136499498039, 0.00191871158313, 0.0002962834551, 1.46352367665e-05, 9.91621845969e-07, 1.8014839398e-08, 1.27714852582e-10], "dmean": [1.60218769452e-05, 3.58127217623e-05, 0.000112722736958, 0.00157918001059, 0.0634082853794, 1.5494543314, 3.25470256805, 4.67557239532, 19.1751117706, 34.7139778137, 14.1624183655, 19.21159935, 30.1519641876, 25.2224121094, 5.09288358688, 3.42726254463, 15.6795244217, 12.0162744522, 8.97646808624, 11.985710144, 15.3196058273, 6.53089618683, 5.0738902092, 3.77633190155, 4.26022338867, 2.89550304413, 3.65973639488, 1.74262309074, 0.81142282486, 0.393508344889, 0.191670492291, 0.0935398861766, 0.0865857005119, 0.0426991581917, 0.0168565865606, 0.00636738212779, 0.00147447246127, 0.000340407976182, 4.78120891785e-05, 7.62664512877e-06], "max": [0.000692303059623, 0.0066133136861, 0.0300696566701, 0.253434091806, 16.2076473236, 308.556274414, 553.439819336, 790.191772461, 1554.66418457, 4161.01464844, 1935.35205078, 2780.04272461, 1826.32080078, 1976.74743652, 430.593292236, 180.645294189, 1457.83789062, 1579.77282715, 1512.99194336, 1078.53552246, 1090.32958984, 718.502685547, 618.668151855, 459.775421143, 340.018676758, 454.985137939, 366.696166992, 195.098922729, 119.471664429, 56.0588035583, 27.6552429199, 8.30484676361, 13.6398496628, 3.98529338837, 1.01376962662, 0.464100509882, 0.108246728778, 0.0350007936358, 0.00440515112132, 0.000383957230952], "var": [8.10083278235e-10, 3.95504322626e-08, 5.34268394858e-07, 0.000177582129254, 0.310125201941, 193.68737793, 1051.44873047, 1690.01086426, 11348.1699219, 38226.171875, 11094.8476562, 16566.3417969, 25596.8242188, 14517.7880859, 564.048522949, 169.355865479, 5812.07226562, 5294.26025391, 3629.60058594, 2949.96142578, 3333.56518555, 696.422546387, 625.850280762, 323.196105957, 374.191253662, 121.754882812, 256.146179199, 78.5898590088, 17.0549411774, 3.27271842957, 0.737622499466, 0.151573315263, 0.180333912373, 0.0334511883557, 0.00399121502414, 0.000522629183251, 3.2141833799e-05, 2.08374899557e-06, 4.52666633066e-08, 7.18134662847e-10], "mean": [2.17250508285e-05, 6.21275830781e-05, 0.000240654873778, 0.00503196520731, 0.154799297452, 3.32462620735, 7.83558702469, 13.1665210724, 41.9603538513, 65.0243911743, 30.0037212372, 41.0072441101, 62.380859375, 48.7790527344, 9.76605892181, 6.39171743393, 28.4481010437, 21.3414058685, 15.6138486862, 19.6448402405, 24.468000412, 10.8016014099, 8.77467918396, 6.36656045914, 6.84822177887, 4.68015527725, 5.69545650482, 2.83396983147, 1.32302510738, 0.646522939205, 0.307627975941, 0.15351331234, 0.133112609386, 0.0696623921394, 0.0271091964096, 0.00974738784134, 0.0023730576504, 0.000545410322957, 8.48735726322e-05, 2.12307240872e-05]}, "spectral_strongpeak": {"dmean2": 0.835068881512, "median": 1.31136274338, "min": 0, "dvar2": 1.24155080318, "dvar": 0.590179204941, "dmean": 0.606559872627, "max": 11.7215137482, "var": 2.19446873665, "mean": 1.71330320835}, "spectral_energy": {"dmean2": 0.00602354807779, "median": 0.00805691257119, "min": 9.87731765026e-21, "dvar2": 9.02695974219e-05, "dvar": 7.57714151405e-05, "dmean": 0.00555075425655, "max": 0.328142464161, "var": 0.000394975562813, "mean": 0.0147602735087}, "average_loudness": 0.455587983131, "spectral_rolloff": {"dmean2": 543.082397461, "median": 1162.79296875, "min": 21.533203125, "dvar2": 532299.75, "dvar": 274865.09375, "dmean": 329.818817139, "max": 19875.1464844, "var": 10514644, "mean": 1929.50744629}, "spectral_centroid": {"dmean2": 293.418762207, "median": 1134.31518555, "min": 299.563049316, "dvar2": 143544.859375, "dvar": 71525.5234375, "dmean": 212.72505188, "max": 11942.9707031, "var": 3432658, "mean": 1556.16381836}, "pitch_salience": {"dmean2": 0.0977152734995, "median": 0.448105752468, "min": 0.0271549988538, "dvar2": 0.00791644770652, "dvar": 0.00368304923177, "dmean": 0.0660902112722, "max": 0.950486302376, "var": 0.0190711095929, "mean": 0.450966566801}, "spectral_energyband_middle_high": {"dmean2": 0.00200936151668, "median": 0.00215095188469, "min": 1.16160098984e-21, "dvar2": 1.17108838822e-05, "dvar": 8.22846504889e-06, "dmean": 0.00171989330556, "max": 0.0809437558055, "var": 3.6271456338e-05, "mean": 0.00413517933339}, "spectral_contrast_coeffs": {"dmean2": [0.0696289688349, 0.0660383626819, 0.0623146891594, 0.0526467747986, 0.0415334999561, 0.0281168911606], "median": [-0.58240044117, -0.612890601158, -0.633419692516, -0.686683356762, -0.719789743423, -0.716924130917], "min": [-0.980486750603, -0.979693174362, -0.984273135662, -0.992473185062, -0.985218644142, -0.964952111244], "dvar2": [0.00349901639856, 0.00324360909872, 0.00290008424781, 0.00197460176423, 0.00130773463752, 0.000564695801586], "dvar": [0.0014294560533, 0.00171121407766, 0.00148474867456, 0.00106546236202, 0.000712245993782, 0.000281472224742], "dmean": [0.0443234108388, 0.0475424714386, 0.0447921939194, 0.0377461761236, 0.0307261887938, 0.0190476533026], "max": [-0.169334679842, -0.253383517265, -0.296761959791, -0.364727973938, -0.477085828781, -0.495236009359], "var": [0.0256112311035, 0.0173877198249, 0.015514713712, 0.0100536160171, 0.00801376253366, 0.0045704068616], "mean": [-0.588575422764, -0.6194049716, -0.639315485954, -0.688807845116, -0.721237361431, -0.727006673813]}, "melbands_skewness": {"dmean2": 0.927866280079, "median": 2.07063698769, "min": -2.65327429771, "dvar2": 1.16183459759, "dvar": 0.537370085716, "dmean": 0.660238564014, "max": 23.916009903, "var": 2.84794712067, "mean": 2.37432694435}, "spectral_spread": {"dmean2": 563106.6875, "median": 3042119, "min": 1057697.125, "dvar2": 666342981632, "dvar": 357367316480, "dmean": 383615.28125, "max": 43298804, "var": 46982798245900.0, "mean": 4430273}, "dissonance": {"dmean2": 0.0514702051878, "median": 0.420772433281, "min": 0, "dvar2": 0.00215675239451, "dvar": 0.000832664663903, "dmean": 0.0319934673607, "max": 0.500000059605, "var": 0.00270050414838, "mean": 0.415788143873}, "spectral_skewness": {"dmean2": 0.613024711609, "median": 1.83486521244, "min": -0.126237586141, "dvar2": 0.348210692406, "dvar": 0.138976693153, "dmean": 0.374747395515, "max": 6.5444688797, "var": 0.624983370304, "mean": 1.95449054241}, "spectral_flux": {"dmean2": 0.0255537424237, "median": 0.0362444519997, "min": 6.23572582459e-11, "dvar2": 0.000879335624631, "dvar": 0.000341763690813, "dmean": 0.0161329843104, "max": 0.23946993053, "var": 0.000853302364703, "mean": 0.0416049323976}, "spectral_contrast_valleys": {"dmean2": [0.725692212582, 0.554450273514, 0.53116953373, 0.47355890274, 0.40596818924, 0.415644496679], "median": [-11.3978748322, -7.97295951843, -8.67572402954, -9.1337184906, -9.13705444336, -12.2767982483], "min": [-29.0354919434, -28.1572113037, -27.9593105316, -27.9439926147, -27.6197566986, -27.4572582245], "dvar2": [0.386478722095, 0.223982036114, 0.228608295321, 0.201557293534, 0.167479112744, 0.196427673101], "dvar": [0.13902579248, 0.109008297324, 0.114832721651, 0.112202204764, 0.100861862302, 0.119572728872], "dmean": [0.420583844185, 0.35879689455, 0.352331787348, 0.329776763916, 0.315841972828, 0.338124066591], "max": [-8.94507884979, -5.45052576065, -6.55085039139, -6.79140520096, -6.81798601151, -9.61225795746], "var": [8.59674453735, 13.2501916885, 12.1602878571, 11.6641254425, 11.6805553436, 8.13909912109], "mean": [-11.8866348267, -8.74188518524, -9.43149185181, -9.87130641937, -9.84792041779, -12.823679924]}, "erbbands_flatness_db": {"dmean2": 0.0278862211853, "median": 0.287106752396, "min": 0.0289119910449, "dvar2": 0.00069988303585, "dvar": 0.000411417917348, "dmean": 0.0220134183764, "max": 0.453998148441, "var": 0.00484093884006, "mean": 0.281131148338}, "spectral_energyband_high": {"dmean2": 0.000155954810907, "median": 6.29750575172e-05, "min": 6.9181484791e-21, "dvar2": 1.79149978408e-07, "dvar": 9.28191852267e-08, "dmean": 0.000114973146992, "max": 0.0110245104879, "var": 2.48821578452e-07, "mean": 0.000221232665353}, "spectral_entropy": {"dmean2": 0.328279972076, "median": 6.55654811859, "min": 4.55232286453, "dvar2": 0.106534287333, "dvar": 0.0606408566236, "dmean": 0.266592174768, "max": 9.82565402985, "var": 0.739155650139, "mean": 6.65278482437}, "silence_rate_20dB": {"dmean2": 0, "median": 1, "min": 1, "dvar2": 0, "dvar": 0, "dmean": 0, "max": 1, "var": 0, "mean": 1}, "melbands_flatness_db": {"dmean2": 0.0361731797457, "median": 0.257374107838, "min": 0.00295979389921, "dvar2": 0.00123615318444, "dvar": 0.000708234962076, "dmean": 0.0285962689668, "max": 0.506752669811, "var": 0.00683706114069, "mean": 0.257787615061}, "barkbands": {"dmean2": [2.43380463871e-06, 4.24026154633e-07, 9.79135279522e-08, 4.69927272206e-07, 0.000480022135889