{"tonal": {"thpcp": [1, 0.720105707645, 0.356891989708, 0.303348511457, 0.2529989779, 0.285657912493, 0.315091282129, 0.259657859802, 0.363825470209, 0.482466191053, 0.310555636883, 0.172520801425, 0.183756798506, 0.212932452559, 0.560680747032, 0.804009795189, 0.500932872295, 0.239738330245, 0.239117324352, 0.292069882154, 0.508369088173, 0.626099050045, 0.380284994841, 0.270122259855, 0.35367500782, 0.280271798372, 0.223547354341, 0.240367665887, 0.26414707303, 0.591818213463, 0.793955087662, 0.547238826752, 0.387945115566, 0.348112493753, 0.313549637794, 0.632786810398], "hpcp": {"dmean2": [0.17327991128, 0.158105477691, 0.127123072743, 0.119158364832, 0.0981436520815, 0.0857378318906, 0.0977130457759, 0.113711945713, 0.163863778114, 0.184561431408, 0.175740614533, 0.149421393871, 0.136781856418, 0.145683765411, 0.214925631881, 0.211837470531, 0.241803258657, 0.175844535232, 0.115182355046, 0.123131811619, 0.126095324755, 0.12730935216, 0.12332008779, 0.141275271773, 0.140723124146, 0.11289024353, 0.0852178037167, 0.0836167559028, 0.108565248549, 0.166119351983, 0.192726373672, 0.17673419416, 0.136735111475, 0.139349132776, 0.168261513114, 0.195653781295], "median": [0.00634328834713, 0.00531164370477, 0.00204886193387, 0.00120022753254, 0.00124253495596, 0.00144425441977, 0.00140578579158, 0.00280441110954, 0.00524294609204, 0.00794971175492, 0.00715326983482, 0.00206043408252, 0.00126645783894, 0.00299098854885, 0.0078935995698, 0.0101007372141, 0.00805178843439, 0.0021563549526, 0.000672014779411, 0.00100964913145, 0.0019421200268, 0.00220733811148, 0.00256800674833, 0.00234114215709, 0.00209461059421, 0.0018154856516, 0.00110176356975, 0.000741436553653, 0.00205836701207, 0.00514699937776, 0.00771441636607, 0.00551367644221, 0.00158628611825, 0.000812172482256, 0.00162123492919, 0.00474869366735], "min": [0, 0, 0, 0, 0, 0, 0, 0, 0, 0, 0, 0, 0, 0, 0, 0, 0, 0, 0, 0, 0, 0, 0, 0, 0, 0, 0, 0, 0, 0, 0, 0, 0, 0, 0, 0], "dvar2": [0.105997242033, 0.105747409165, 0.0896892100573, 0.0849775895476, 0.0622105449438, 0.0479087345302, 0.0592673383653, 0.0654413476586, 0.0973004177213, 0.112542711198, 0.108055345714, 0.0978491082788, 0.093337289989, 0.0909306779504, 0.129612252116, 0.131497830153, 0.157000496984, 0.112870760262, 0.076684512198, 0.0856502503157, 0.0780826583505, 0.0856898128986, 0.0886379256845, 0.0968266353011, 0.0964415073395, 0.0736456438899, 0.052953902632, 0.0525336079299, 0.0612390041351, 0.0960332229733, 0.112421050668, 0.10444675386, 0.0871460065246, 0.102897286415, 0.132468923926, 0.140174135566], "dvar": [0.0457822717726, 0.0368132591248, 0.0315928794444, 0.0328546576202, 0.0235486645252, 0.017910355702, 0.0231706611812, 0.0235165599734, 0.0375719070435, 0.0470592491329, 0.0415053516626, 0.0364093482494, 0.0344743542373, 0.0344405919313, 0.0503544472158, 0.0550414025784, 0.0553857535124, 0.0400484763086, 0.0298720579594, 0.0301626063883, 0.0299571715295, 0.0329119153321, 0.0311900842935, 0.0355484560132, 0.0383860655129, 0.027438852936, 0.0187751092017, 0.0200559031218, 0.0220308490098, 0.0368072614074, 0.0481907092035, 0.0407216921449, 0.0320037379861, 0.0365770198405, 0.0457845516503, 0.0496716164052], "dmean": [0.100230544806, 0.0889758020639, 0.0708933472633, 0.0667685717344, 0.0560777895153, 0.048253685236, 0.0552062951028, 0.0643430426717, 0.0938089415431, 0.107635550201, 0.101688146591, 0.0838052257895, 0.0757904052734, 0.0816991552711, 0.123811535537, 0.123097926378, 0.134503126144, 0.0957366004586, 0.0645489394665, 0.0675136819482, 0.0708771273494, 0.0717502981424, 0.0679365769029, 0.0793576687574, 0.0803462862968, 0.0636557489634, 0.0467120744288, 0.0459894835949, 0.0595546811819, 0.0951290726662, 0.110533222556, 0.103000350296, 0.0746617540717, 0.0750351548195, 0.0903830379248, 0.109675996006], "max": [1, 1, 1, 1, 1, 1, 1, 1, 1, 1, 1, 1, 1, 1, 1, 1, 1, 1, 1, 1, 1, 1, 1, 1, 1, 1, 1, 1, 1, 1, 1, 1, 1, 1, 1, 1], "var": [0.084165096283, 0.0373510345817, 0.0288058109581, 0.0488524399698, 0.0341564230621, 0.024450507015, 0.0279083009809, 0.0224190820009, 0.0711685121059, 0.104855291545, 0.0590543113649, 0.0481951907277, 0.0456538125873, 0.03372406587, 0.064292922616, 0.130978882313, 0.0804779753089, 0.038586564362, 0.0410203449428, 0.0278434213251, 0.0315262712538, 0.0388420633972, 0.028297657147, 0.0399637259543, 0.065649881959, 0.0351621247828, 0.0159095134586, 0.021835507825, 0.0169477555901, 0.0638051405549, 0.107158534229, 0.0502038039267, 0.0241252630949, 0.0275036860257, 0.0349714271724, 0.0586953796446], "mean": [0.139999896288, 0.0850342437625, 0.0604011267424, 0.0790840685368, 0.0626706257463, 0.0499866679311, 0.0537477992475, 0.0590650327504, 0.132334470749, 0.177533611655, 0.12236622721, 0.0867470949888, 0.0778402537107, 0.0701117739081, 0.141495317221, 0.223606616259, 0.16102039814, 0.0798034071922, 0.0678307339549, 0.0565722435713, 0.0638749971986, 0.0704564973712, 0.0580612160265, 0.0813537836075, 0.107882633805, 0.069442294538, 0.0385767929256, 0.0410892367363, 0.047613106668, 0.125371918082, 0.179781913757, 0.112011909485, 0.0536070764065, 0.0534682162106, 0.0653087571263, 0.113674685359]}, "tuning_equal_tempered_deviation": 0.0231664851308, "chords_changes_rate": 0.0839837640524, "key_key": "G", "tuning_diatonic_strength": 0.475606650114, "key_scale": "minor", "chords_number_rate": 0.00265376199968, "tuning_frequency": 440.763122559, "tuning_nontempered_energy_ratio": 0.71653008461, "chords_histogram": [2.98157978058, 4.35529184341, 7.00905418396, 14.7830162048, 2.23228216171, 12.4882926941, 0.187324389815, 10.8804244995, 2.01373720169, 10.9428663254, 3.74648761749, 6.5251326561, 0.842959702015, 0.312207311392, 0.124882921576, 0.124882921576, 1.06150484085, 0.280986577272, 2.40399622917, 1.26443958282, 2.06056833267, 6.41586017609, 6.49391174316, 0.468310952187], "key_strength": 0.646532714367, "chords_key": "F", "chords_strength": {"dmean2": 0.0110814869404, "median": 0.464020133018, "min": -1, "dvar2": 0.000721181044355, "dvar": 0.000382455793442, "dmean": 0.0118770413101, "max": 0.7634729743, "var": 0.0173566415906, "mean": 0.462887108326}, "chords_scale": "major", "hpcp_entropy": {"dmean2": 1.05926859379, "median": 1.53155183792, "min": 0, "dvar2": 0.869795560837, "dvar": 0.351104170084, "dmean": 0.624308049679, "max": 4.71880578995, "var": 0.751278460026, "mean": 1.53402841091}}, "metadata": {"audio_properties": {"equal_loudness": 0, "codec": "flac", "downmix": "mix", "sample_rate": 44100, "analysis_sample_rate": 44100, "bit_rate": 0, "md5_encoded": "7d6805daebd6e8ec5cb70574f815fef0", "length": 297.440002441, "replay_gain": -4.50286865234, "lossless": true}, "version": {"essentia_build_sha": "2d9f1f26377add8aeb1075a9c2973f962c4f09fd", "essentia": "2.1-beta2", "extractor": "music 1.0", "essentia_git_sha": "v2.1_beta2-1-ge3940c0"}, "tags": {"title": ["Embarcadero (Alternate Take)"], "barcode": ["886976945824"], "media": ["CD"], "albumartist": ["Paul Desmond"], "tracktotal": ["11"], "musicbrainz_releasegroupid": ["8694465e-0848-33e7-8eea-dc218220db7b"], "performer": ["Connie Kay (drums)", "Gene Cherico (double bass / contrabass / acoustic upright bass)", "Jim Hall (guitar)", "Paul Desmond (alto saxophone)"], "releasetype": ["album"], "musicbrainz_recordingid": ["129a015b-f834-4bfa-bb5d-d8f9ec8b6614"], "composer": ["Paul Desmond"], "musicbrainz_albumartistid": ["d5bf3447-c526-4f7c-9931-4b7c80fe34de"], "discnumber": ["1"], "catalognumber": ["88697694582", "88697694582"], "releasecountry": ["XE"], "file_name": "10 - Embarcadero (alt tk).flac", "originaldate": ["1963"], "producer": ["George Avakian"], "date": ["2010"], "genre": ["Jazz"], "musicbrainz_albumid": ["c12a94a3-83f4-4bc8-ba17-55b25b2be0a3"], "disctotal": ["1"], "musicbrainz_artistid": ["d5bf3447-c526-4f7c-9931-4b7c80fe34de"], "asin": ["B003LWVDQ4"], "musicbrainz_workid": ["b5cd7d0f-54b2-31d1-9d52-a4e40d87ebe7"], "artist": ["Paul Desmond"], "tracknumber": ["10"], "artistsort": ["Desmond, Paul"], "album": ["Take Ten"], "label": ["Columbia", "Legacy"], "albumartistsort": ["Desmond, Paul"], "acoustid_id": ["3d4f792c-a96f-401b-8512-134287b9a72d"], "script": ["Latn"], "releasestatus": ["official"]}}, "rhythm": {"bpm_histogram_first_peak_bpm": {"dmean2": 0, "median": 88, "min": 88, "dvar2": 0, "dvar": 0, "dmean": 0, "max": 88, "var": 0, "mean": 88}, "bpm": 86.6633987427, "bpm_histogram_second_peak_spread": {"dmean2": 0, "median": 0, "min": 0, "dvar2": 0, "dvar": 0, "dmean": 0, "max": 0, "var": 0, "mean": 0}, "bpm_histogram_first_peak_weight": {"dmean2": 0, "median": 0.410430818796, "min": 0.410430818796, "dvar2": 0, "dvar": 0, "dmean": 0, "max": 0.410430818796, "var": 0, "mean": 0.410430818796}, "onset_rate": 5.25113964081, "beats_position": [0.673378646374, 1.38158726692, 2.08979582787, 2.80961441994, 3.52943301201, 4.2492518425, 4.95746040344, 5.66566896439, 6.38548755646, 7.10530614853, 7.8251247406, 8.55655288696, 9.287981987, 10.0078001022, 10.7276191711, 11.4474372864, 12.1672563553, 12.8870744705, 13.6068935394, 14.3267116547, 15.0349206924, 15.7431287766, 16.4513378143, 17.1595458984, 17.8793640137, 18.5991840363, 19.3190021515, 20.0272102356, 20.7354183197, 21.4552383423, 22.1750564575, 22.8948745728, 23.614692688, 24.3229026794, 25.0311107635, 25.7393188477, 26.4475269318, 27.1673469543, 27.8639450073, 28.5605430603, 29.2803630829, 30.0001811981, 30.7199993134, 31.4282073975, 32.1364173889, 32.8330154419, 33.5412254333, 34.2494316101, 34.9576416016, 35.6658477783, 36.362449646, 37.0706558228, 37.7788658142, 38.4754638672, 39.1720619202, 39.8802719116, 40.5884780884, 41.2966880798, 42.0048980713, 42.713104248, 43.4213142395, 44.1179122925, 44.8261222839, 45.5343284607, 46.2425384521, 46.9507484436, 47.6473464966, 48.3439445496, 49.052154541, 49.7603607178, 50.480178833, 51.1535606384, 51.8733787537, 52.5815849304, 53.2897949219, 53.9980049133, 54.7062110901, 55.4028091431, 56.0994110107, 56.7960090637, 57.4926071167, 58.1892051697, 58.8858032227, 59.5824012756, 60.2789993286, 60.9756011963, 61.6721992493, 62.3687973022, 63.0653953552, 63.7503852844, 64.4353713989, 65.1319732666, 65.8285675049, 66.5251693726, 67.2217712402, 67.9183654785, 68.6149673462, 69.299949646, 69.9849395752, 70.6699295044, 71.3549194336, 72.0515213013, 72.7481155396, 73.4447174072, 74.1297073364, 74.8146896362, 75.5112915039, 76.1962814331, 76.8812713623, 77.5778656006, 78.2744674683, 78.9594573975, 79.6444396973, 80.3294296265, 81.0144195557, 81.6994094849, 82.3843994141, 83.0693893433, 83.7543716431, 84.4277572632, 85.1243515015, 85.8325576782, 86.5291595459, 87.2141494751, 87.9107437134, 88.6073455811, 89.3039474487, 89.9889297485, 90.6971435547, 91.393737793, 92.0787277222, 92.7521057129, 93.4370956421, 94.1220855713, 94.8070755005, 95.5036697388, 96.2002716064, 96.8968658447, 97.5934677124, 98.2900695801, 98.9866638184, 99.683265686, 100.368255615, 101.053237915, 101.738227844, 102.423217773, 103.119819641, 103.816413879, 104.513015747, 105.209609985, 105.906211853, 106.591201782, 107.276191711, 107.97278595, 108.669387817, 109.365982056, 110.062583923, 110.747573853, 111.432563782, 112.12915802, 112.814147949, 113.499137878, 114.195732117, 114.869110107, 115.565711975, 116.250701904, 116.935691833, 117.620681763, 118.305664063, 118.990653992, 119.675643921, 120.36063385, 121.045623779, 121.730613708, 122.415596008, 123.088973999, 123.762359619, 124.447341919, 125.132331848, 125.817321777, 126.502311707, 127.198905945, 127.883895874, 128.568893433, 129.253875732, 129.938858032, 130.635467529, 131.320449829, 132.005432129, 132.678817749, 133.352203369, 134.037185669, 134.722167969, 135.395553589, 136.068939209, 136.753921509, 137.438903809, 138.112289429, 138.797271729, 139.482269287, 140.178863525, 140.875457764, 141.572067261, 142.268661499, 142.965255737, 143.661849976, 144.346847534, 145.031829834, 145.716827393, 146.401809692, 147.086807251, 147.771789551, 148.445159912, 149.141769409, 149.838363647, 150.511749268, 151.208343506, 151.904937744, 152.589935303, 153.274917603, 153.971511841, 154.668121338, 155.364715576, 156.038085938, 156.723083496, 157.419677734, 158.104675293, 158.801269531, 159.486251831, 160.17124939, 160.856231689, 161.541213989, 162.226211548, 162.911193848, 163.607803345, 164.304397583, 165.000991821, 165.709197998, 166.417419434, 167.114013672, 167.81060791, 168.507202148, 169.192199707, 169.865570068, 170.550567627, 171.247161865, 171.932144165, 172.617141724, 173.313735962, 174.0103302, 174.706939697, 175.391921997, 176.088516235, 176.773513794, 177.470108032, 178.166702271, 178.863311768, 179.559906006, 180.244888306, 180.929885864, 181.603256226, 182.276641846, 182.961624146, 183.646621704, 184.343215942, 185.039810181, 185.736419678, 186.433013916, 187.117996216, 187.802993774, 188.487976074, 189.172973633, 189.869567871, 190.566162109, 191.262756348, 191.936141968, 192.632736206, 193.317733765, 194.002716064, 194.687713623, 195.372695923, 196.069290161, 196.75428772, 197.43927002, 198.124252319, 198.809249878, 199.494232178, 200.179229736, 200.852600098, 201.525985718, 202.199356079, 202.872741699, 203.569335938, 204.242721558, 204.916091919, 205.612701416, 206.309295654, 207.005889893, 207.702484131, 208.375869751, 209.049255371, 209.745849609, 210.442443848, 211.127426147, 211.812423706, 212.509017944, 213.182403564, 213.855773926, 214.540771484, 215.225753784, 215.910751343, 216.584121704, 217.257507324, 217.942489624, 218.615875244, 219.289245605, 219.962631226, 220.636001587, 221.309387207, 221.982757568, 222.656143188, 223.32951355, 224.00289917, 224.676269531, 225.349655151, 226.034637451, 226.71963501, 227.416229248, 228.112823486, 228.809432983, 229.506027222, 230.191009521, 230.887619019, 231.584213257, 232.269195557, 232.954193115, 233.639175415, 234.324172974, 235.009155273, 235.694152832, 236.379135132, 237.064117432, 237.74911499, 238.43409729, 239.119094849, 239.804077148, 240.489059448, 241.185668945, 241.870651245, 242.555648804, 243.252243042, 243.94883728, 244.645431519, 245.330429077, 246.015411377, 246.700408936, 247.385391235, 248.081985474, 248.778594971, 249.451965332, 250.14855957, 250.833557129, 251.518539429, 252.215148926, 252.900131226, 253.585113525, 254.270111084, 254.955093384, 255.651702881, 256.348297119, 257.044891357, 257.741485596, 258.438079834, 259.123077393, 259.808074951, 260.504669189, 261.201263428, 261.897857666, 262.594451904, 263.279449463, 263.976043701, 264.66104126, 265.334411621, 265.996185303, 266.53024292, 267.064300537, 267.598358154, 268.109191895, 268.654876709, 269.188934326, 269.734588623, 270.291870117, 270.837554932, 271.371612549, 271.905670166, 272.451324463, 272.997009277, 273.554290771, 274.088348389, 274.622406006, 275.156463623, 275.69052124, 276.21295166, 276.735412598, 277.257873535, 277.780303955, 278.314361572, 278.825195313, 279.33605957, 279.85848999, 280.380950928, 280.891784668, 281.414245605, 281.936676025, 282.470733643, 282.99319458, 283.515655518, 284.026489258, 284.548919678, 285.071380615, 285.582214355, 286.093048096, 286.603881836, 287.126342773, 287.637176514, 288.148010254, 288.670471191, 289.192932129, 289.715362549, 290.237823486, 290.760253906, 291.282714844, 291.805175781, 292.316009521, 292.850067139, 293.384124756, 293.918182373, 294.45223999, 294.986297607, 295.520355225, 296.066040039, 296.611694336], "beats_loudness": {"dmean2": 0.0721443146467, "median": 0.019975213334, "min": 0, "dvar2": 0.0247482117265, "dvar": 0.0084801511839, "dmean": 0.0395552702248, "max": 1.13523042202, "var": 0.00501796230674, "mean": 0.0371835716069}, "danceability": 1.21763181686, "bpm_histogram_second_peak_weight": {"dmean2": 0, "median": 0.0634920671582, "min": 0.0634920671582, "dvar2": 0, "dvar": 0, "dmean": 0, "max": 0.0634920671582, "var": 0, "mean": 0.0634920671582}, "beats_count": 442, "bpm_histogram_second_peak_bpm": {"dmean2": 0, "median": 83, "min": 83, "dvar2": 0, "dvar": 0, "dmean": 0, "max": 83, "var": 0, "mean": 83}, "bpm_histogram_first_peak_spread": {"dmean2": 0, "median": 0.490140885115, "min": 0.490140885115, "dvar2": 0, "dvar": 0, "dmean": 0, "max": 0.490140885115, "var": 0, "mean": 0.490140885115}, "beats_loudness_band_ratio": {"dmean2": [0.449074268341, 0.3566172719, 0.283921837807, 0.101629249752, 0.0445685051382, 0.161106720567], "median": [0.528578877449, 0.139584153891, 0.0539577715099, 0.0137166492641, 0.00495558790863, 0.036455668509], "min": [0, 0, 0, 0, 0, 0], "dvar2": [0.116745784879, 0.0980594456196, 0.0875654667616, 0.0208658408374, 0.0126751819625, 0.0393359996378], "dvar": [0.0448144711554, 0.0362738259137, 0.0310644507408, 0.00761744007468, 0.0045004771091, 0.0153461648151], "dmean": [0.264569461346, 0.203482285142, 0.1599919945, 0.0566082634032, 0.0246204491705, 0.0915591642261], "max": [0.994656860828, 0.866756081581, 0.828201949596, 0.47611567378, 0.758867740631, 0.956403136253], "var": [0.0940623581409, 0.0546594820917, 0.0340718217194, 0.00654786964878, 0.00316441245377, 0.0244118496776], "mean": [0.506909310818, 0.231097310781, 0.145069688559, 0.0456222966313, 0.0195391960442, 0.0989109948277]}}, "lowlevel": {"barkbands_spread": {"dmean2": 13.3693532944, "median": 6.98879289627, "min": 0.141196280718, "dvar2": 470.307922363, "dvar": 204.299316406, "dmean": 8.39018821716, "max": 163.636016846, "var": 448.251586914, "mean": 15.3090486526}, "melbands_spread": {"dmean2": 7.63064861298, "median": 5.02803516388, "min": 0.252935528755, "dvar2": 300.884460449, "dvar": 135.522872925, "dmean": 4.86882400513, "max": 209.876571655, "var": 377.768035889, "mean": 10.2335672379}, "hfc": {"dmean2": 9.36824607849, "median": 9.20727825165, "min": 1.10805051746e-16, "dvar2": 249.601654053, "dvar": 111.321281433, "dmean": 6.35045671463, "max": 245.875991821, "var": 226.569961548, "mean": 13.6509542465}, "barkbands_kurtosis": {"dmean2": 29.1191082001, "median": 14.4354133606, "min": -1.97554719448, "dvar2": 3127.96337891, "dvar": 1456.94946289, "dmean": 19.0421028137, "max": 1467.4119873, "var": 3178.09472656, "mean": 32.1712532043}, "gfcc": {"mean": [-71.9064178467, 82.321434021, -33.1348190308, 31.6876945496, -54.7604789734, 13.3094377518, -29.7314128876, 6.46074104309, -15.2970952988, 2.89379858971, -10.304605484, 3.91639637947, -7.79987239838], "icov": [[0.000149152983795, -0.000162994416314, 0.000114141475933, -0.000105824430648, 0.000348616857082, -0.000710435851943, 0.000766091921832, -0.000623212836217, 0.000356497592293, -0.000157312766532, 0.000228634744417, -0.00023984046129, 0.000165919293067], [-0.000162994416314, 0.000714897294529, -2.07091707125e-05, 3.3626520235e-06, 0.000250309967669, 0.000560816784855, -0.00159110862296, 0.00197208090685, -0.00162978784647, 0.000642138242256, -0.000549141201191, 0.000837633677293, -0.000612766481936], [0.000114141475933, -2.07091707125e-05, 0.0016532848822, -0.00124953640625, 0.00051307346439, 0.000201587041374, 0.0001106740674, -0.00160316959955, 0.000986095401458, 0.000961357378401, -0.00155856308993, 0.00101691833697, -0.000212095605093], [-0.000105824430648, 3.3626520235e-06, -0.00124953640625, 0.00334791839123, -0.0022041706834, 0.000373676972231, 0.000343294319464, -0.00110667862464, 0.00238708942197, -0.00111106422264, 0.000901517167222, 0.000540540087968, -0.000244953494985], [0.000348616857082, 0.000250309967669, 0.00051307346439, -0.0022041706834, 0.00853522960097, -0.00613434659317, -0.00104030489456, 0.00462043844163, -0.00687061203644, 0.00323518784717, -0.000781580922194, 0.00132513709832, -0.000159852279467], [-0.000710435851943, 0.000560816784855, 0.000201587041374, 0.000373676972231, -0.00613434659317, 0.0165605265647, -0.00674342736602, -0.00434934580699, 0.00488509237766, -0.00444337632507, 0.00147152040154, -0.000263220426859, 0.00165180524345], [0.000766091921832, -0.00159110862296, 0.0001106740674, 0.000343294319464, -0.00104030489456, -0.00674342736602, 0.0161670278758, -0.00681189633906, 0.0010290639475, 0.00373237929307, -0.00523643707857, -0.000152856984641, -5.67074857827e-05], [-0.000623212836217, 0.00197208090685, -0.00160316959955, -0.00110667862464, 0.00462043844163, -0.00434934580699, -0.00681189633906, 0.0245498474687, -0.0168964229524, 0.00337935704738, 0.00485963886604, -0.00742270750925, 0.00348633038811], [0.000356497592293, -0.00162978784647, 0.000986095401458, 0.00238708942197, -0.00687061203644, 0.00488509237766, 0.0010290639475, -0.0168964229524, 0.0318933054805, -0.016312059015, -0.00521937990561, 0.0119830965996, -0.00728569738567], [-0.000157312766532, 0.000642138242256, 0.000961357378401, -0.00111106422264, 0.00323518784717, -0.00444337632507, 0.00373237929307, 0.00337935704738, -0.016312059015, 0.0273083504289, -0.0105285458267, -0.00467099016532, 0.00633015390486], [0.000228634744417, -0.000549141201191, -0.00155856308993, 0.000901517167222, -0.000781580922194, 0.00147152040154, -0.00523643707857, 0.00485963886604, -0.00521937990561, -0.0105285458267, 0.0333199314773, -0.0185640547425, 0.00360911153257], [-0.00023984046129, 0.000837633677293, 0.00101691833697, 0.000540540087968, 0.00132513709832, -0.000263220426859, -0.000152856984641, -0.00742270750925, 0.0119830965996, -0.00467099016532, -0.0185640547425, 0.0379718393087, -0.018577940762], [0.000165919293067, -0.000612766481936, -0.000212095605093, -0.000244953494985, -0.000159852279467, 0.00165180524345, -5.67074857827e-05, 0.00348633038811, -0.00728569738567, 0.00633015390486, 0.00360911153257, -0.018577940762, 0.0243839714676]], "cov": [[19495.5820313, 450.956451416, -911.840698242, 17.166475296, -1108.08422852, 400.867340088, -736.954711914, 361.006164551, -314.222839355, 156.216598511, -295.209411621, 111.579856873, -222.566574097], [450.956451416, 3039.69775391, -387.191680908, -303.748474121, 43.1821556091, -83.5924835205, 201.295791626, -164.937271118, 177.993118286, 21.4762554169, 99.7048339844, -38.7978630066, 100.185668945], [-911.840698242, -387.191680908, 1189.43103027, 499.123260498, 41.5194625854, -3.99980664253, 34.0408172607, 57.6304626465, -91.0812911987, -96.9856491089, -17.0170764923, -24.6459732056, -14.0783948898], [17.166475296, -303.748474121, 499.123260498, 624.959655762, 131.284683228, 63.2802238464, 3.16870617867, 35.4506034851, -69.6837310791, -53.6863288879, -48.084186554, -37.3228034973, -33.8202514648], [-1108.08422852, 43.1821556091, 41.5194625854, 131.284683228, 349.705657959, 102.445800781, 120.663795471, 2.34427785873, 80.9212493896, 7.29844427109, 24.5074138641, -35.5060195923, -2.79212403297], [400.867340088, -83.5924835205, -3.99980664253, 63.2802238464, 102.445800781, 162.140609741, 65.9562454224, 62.0531654358, 23.1528282166, 25.8472900391, 5.08324289322, 0.38134893775, -23.5122585297], [-736.954711914, 201.295791626, 34.0408172607, 3.16870617867, 120.663795471, 65.9562454224, 175.802825928, 35.5696258545, 59.5342407227, 8.81555271149, 46.2008285522, 6.34248352051, 15.5410614014], [361.006164551, -164.937271118, 57.6304626465, 35.4506034851, 2.34427785873, 62.0531654358, 35.5696258545, 121.150505066, 46.4450721741, 32.1961593628, 9.98942375183, 17.401599884, -9.87232971191], [-314.222839355, 177.993118286, -91.0812911987, -69.6837310791, 80.9212493896, 23.1528282166, 59.5342407227, 46.4450721741, 136.259811401, 72.0864105225, 48.9718093872, 0.0260001644492, 12.3494758606], [156.216598511, 21.4762554169, -96.9856491089, -53.6863288879, 7.29844427109, 25.8472900391, 8.81555271149, 32.1961593628, 72.0864105225, 102.595619202, 48.0656585693, 21.5498218536, -3.98311495781], [-295.209411621, 99.7048339844, -17.0170764923, -48.084186554, 24.5074138641, 5.08324289322, 46.2008285522, 9.98942375183, 48.9718093872, 48.0656585693, 83.6562042236, 41.3104553223, 23.6250705719], [111.579856873, -38.7978630066, -24.6459732056, -37.3228034973, -35.5060195923, 0.38134893775, 6.34248352051, 17.401599884, 0.0260001644492, 21.5498218536, 41.3104553223, 77.1585540771, 42.0299949646], [-222.566574097, 100.185668945, -14.0783948898, -33.8202514648, -2.79212403297, -23.5122585297, 15.5410614014, -9.87232971191, 12.3494758606, -3.98311495781, 23.6250705719, 42.0299949646, 80.8519897461]]}, "spectral_energyband_middle_low": {"dmean2": 0.00629117526114, "median": 0.00744026433676, "min": 1.60659310983e-22, "dvar2": 0.000109117776447, "dvar": 5.89622031839e-05, "dmean": 0.00456187129021, "max": 0.124391511083, "var": 0.000196033739485, "mean": 0.0122157959267}, "melbands_crest": {"dmean2": 4.73131513596, "median": 18.5464515686, "min": 1.50168657303, "dvar2": 23.0376663208, "dvar": 9.55304908752, "dmean": 2.98743391037, "max": 38.3230476379, "var": 31.9913768768, "mean": 18.9134540558}, "spectral_kurtosis": {"dmean2": 4.6566696167, "median": 3.1113524437, "min": -1.26037490368, "dvar2": 44.1555366516, "dvar": 24.91289711, "dmean": 3.26452565193, "max": 75.470489502, "var": 73.2452316284, "mean": 6.61931562424}, "spectral_rms": {"dmean2": 0.00166996847838, "median": 0.00520255602896, "min": 3.11405632183e-12, "dvar2": 4.43365115643e-06, "dvar": 2.42796750172e-06, "dmean": 0.00123154709581, "max": 0.0331981405616, "var": 1.27487055579e-05, "mean": 0.00573404645547}, "zerocrossingrate": {"dmean2": 0.0213157702237, "median": 0.02880859375, "min": 0.0029296875, "dvar2": 0.000715129775926, "dvar": 0.000522473361343, "dmean": 0.017321748659, "max": 0.84033203125, "var": 0.00816700328141, "mean": 0.0554689541459}, "silence_rate_60dB": {"dmean2": 0.0446561016142, "median": 0, "min": 0, "dvar2": 0.0495292507112, "dvar": 0.0218287035823, "dmean": 0.0223263073713, "max": 1, "var": 0.0788215026259, "mean": 0.0862540006638}, "erbbands_kurtosis": {"dmean2": 6.03410434723, "median": 2.83433008194, "min": -1.8944016695, "dvar2": 73.4154052734, "dvar": 33.7060585022, "dmean": 3.89119434357, "max": 89.3561477661, "var": 72.7284088135, "mean": 5.69720983505}, "erbbands": {"dmean2": [0.148698315024, 3.70783114433, 13.2874660492, 8.29945373535, 4.87547206879, 5.23210811615, 10.6923809052, 20.4355010986, 23.4744930267, 14.0846414566, 7.10844802856, 6.50163269043, 10.2980775833, 17.3840179443, 15.5946111679, 3.25581645966, 2.80278110504, 3.60063123703, 4.45077848434, 2.84264349937, 3.3734793663, 3.32263994217, 1.96547842026, 1.22357940674, 1.44440877438, 1.41711986065, 1.74592387676, 1.89272618294, 2.20617604256, 2.42165827751, 3.05947518349, 2.94918560982, 2.65949964523, 1.67630589008, 0.924116253853, 0.507272839546, 0.245079442859, 0.0665271356702, 0.0115279918537, 0.000765495642554], "median": [0.0769994705915, 1.95650982857, 3.99062824249, 3.51929736137, 2.05958604813, 2.39164280891, 4.06339931488, 6.65144109726, 5.81103992462, 3.1778986454, 1.58123862743, 0.898391246796, 1.20285606384, 1.39698314667, 0.968824923038, 0.412662088871, 0.303677201271, 0.355048179626, 0.405974566936, 0.275872856379, 0.302132308483, 0.309198647738, 0.35168248415, 0.305693686008, 0.359848588705, 0.392881065607, 0.447039991617, 0.488825261593, 0.652020275593, 0.674562573433, 0.739153444767, 0.617426276207, 0.463167339563, 0.282773315907, 0.149735599756, 0.0664159059525, 0.0243536960334, 0.00549143459648, 0.000750856939703, 0.000126885643112], "min": [7.68604976659e-23, 7.5097054017e-22, 1.4803761223e-21, 8.02392093702e-21, 1.90934271854e-20, 2.07056393578e-20, 5.40348368073e-20, 7.60421321006e-20, 8.61479333535e-20, 1.36536965149e-19, 2.60816535336e-19, 3.90102822976e-19, 6.403109996e-19, 6.88926678947e-19, 9.14646483729e-19, 1.70231412599e-18, 1.69121729127e-18, 2.29866130321e-18, 2.00708117126e-18, 2.64214226231e-18, 3.17282143186e-18, 5.69601574247e-18, 5.07398378004e-18, 5.13792111908e-18, 6.94994834561e-18, 9.14112000976e-18, 8.99984004268e-18, 1.07396051845e-17, 1.06955503722e-17, 1.1395416308e-17, 1.26409203543e-17, 9.97438701726e-18, 8.71293244722e-18, 7.73038332739e-18, 6.76067784093e-18, 4.30129286316e-18, 2.481902902e-18, 9.34017916302e-19, 2.18626033096e-19, 2.73731706905e-20], "dvar2": [0.0752407982945, 44.8811302185, 952.331542969, 301.69052124, 101.676071167, 130.990325928, 941.301452637, 2909.29663086, 3968.68359375, 2219.01049805, 897.489013672, 1076.91931152, 2094.26782227, 4751.96142578, 5432.61132813, 132.897598267, 1075.62390137, 282.220916748, 915.564941406, 217.970123291, 609.237548828, 161.9609375, 64.2354812622, 9.02538490295, 12.7778205872, 28.6905155182, 21.4857845306, 25.7409000397, 23.6944561005, 24.5482692719, 35.0288047791, 34.891620636, 28.3195552826, 11.7816267014, 3.86499762535, 1.4673974514, 0.439297586679, 0.0289590787143, 0.00071930635022, 3.34689639203e-06], "dvar": [0.0478948689997, 23.799200058, 579.886901855, 138.774856567, 50.8487625122, 64.4987640381, 524.365539551, 1642.1862793, 2422.75512695, 1406.52001953, 412.837432861, 542.575500488, 1089.20849609, 2713.07543945, 2371.83959961, 60.395690918, 411.537628174, 153.714477539, 476.042388916, 146.858505249, 347.245330811, 83.1010437012, 37.3265457153, 3.74129033089, 5.07387399673, 14.3632564545, 10.3341302872, 14.5785303116, 12.0285043716, 10.3110647202, 14.4871349335, 14.1060819626, 11.6252717972, 4.90401649475, 1.67095649242, 0.631525754929, 0.191037639976, 0.0127046266571, 0.000300109531963, 1.33539356284e-06], "dmean": [0.119533136487, 2.63345003128, 9.63492679596, 5.5414648056, 3.24238181114, 3.4460105896, 7.44135570526, 14.5019025803, 17.6823883057, 10.266535759, 4.76341438293, 4.6155257225, 7.63207769394, 12.3984727859, 9.72268390656, 2.11233186722, 1.92474997044, 2.5487678051, 3.03315496445, 2.02947688103, 2.28640818596, 2.05991744995, 1.25984883308, 0.77457845211, 0.909214437008, 0.921149551868, 1.11115682125, 1.24048995972, 1.41925418377, 1.53834462166, 1.90607821941, 1.82218515873, 1.6650878191, 1.03628969193, 0.574082612991, 0.313959926367, 0.151373893023, 0.0412862561643, 0.00681872153655, 0.000444423028966], "max": [5.62616729736, 147.310943604, 820.133544922, 255.712493896, 203.617095947, 214.798614502, 831.354736328, 948.601196289, 1111.67578125, 2386.77124023, 775.907958984, 775.81427002, 1416.37963867, 2888.04101563, 3176.7746582, 276.512695313, 1803.83276367, 529.683227539, 1915.55859375, 915.549682617, 1238.72033691, 499.898376465, 587.132446289, 57.171257019, 66.5701599121, 310.623535156, 223.345748901, 373.777191162, 254.268722534, 78.8889007568, 61.0854721069, 86.7325515747, 65.3809738159, 54.3076133728, 41.6371307373, 22.9552059174, 12.545170784, 3.52522659302, 0.416521847248, 0.025830861181], "var": [0.253117620945, 88.1970672607, 1847.38989258, 251.724441528, 140.022262573, 211.469482422, 1913.23181152, 5992.53027344, 9378.84472656, 4909.64941406, 943.53326416, 1399.15917969, 2729.34912109, 7118.93457031, 5001.87890625, 130.973449707, 581.706481934, 372.365112305, 1241.91394043, 408.512298584, 982.34173584, 211.301269531, 112.771179199, 4.63730049133, 5.95932340622, 31.8385257721, 19.8207798004, 31.2013511658, 25.7998104095, 12.0976829529, 16.3807601929, 15.0725011826, 13.643283844, 6.21558380127, 2.27582120895, 0.713987410069, 0.198045894504, 0.0133431218565, 0.000284616573481, 1.18056186693e-06], "mean": [0.301240801811, 5.5680270195, 16.2313804626, 9.26037502289, 6.1944861412, 7.1679019928, 18.0126018524, 36.3392410278, 44.600769043, 24.4888629913, 9.49001026154, 9.3782453537, 14.7296476364, 20.8278465271, 14.4538669586, 3.40983176231, 3.32946681976, 4.37226629257, 4.95397233963, 3.36314606667, 3.71148443222, 2.54021477699, 1.64377784729, 0.952094256878, 1.10008096695, 1.24652707577, 1.41024446487, 1.56060361862, 1.81219124794, 1.85425686836, 2.26298952103, 2.09605908394, 1.97570097446, 1.28605318069, 0.706082940102, 0.336243629456, 0.14512950182, 0.0384922362864, 0.00580040086061, 0.00042273386498]}, "spectral_strongpeak": {"dmean2": 0.494495749474, "median": 0.558521926403, "min": 0, "dvar2": 0.702630758286, "dvar": 0.312570571899, "dmean": 0.315449386835, "max": 14.5006284714, "var": 0.648965001106, "mean": 0.805552303791}, "spectral_energy": {"dmean2": 0.0253872796893, "median": 0.0277432519943, "min": 9.93978028783e-21, "dvar2": 0.00180383119732, "dvar": 0.00108495808672, "dmean": 0.0189242754132, "max": 1.12966930866, "var": 0.00418174872175, "mean": 0.0467691384256}, "average_loudness": 0.485894292593, "spectral_rolloff": {"dmean2": 1092.11230469, "median": 344.53125, "min": 86.1328125, "dvar2": 8171532.5, "dvar": 3282176.5, "dmean": 612.415710449, "max": 21404.0039063, "var": 10155399, "mean": 1217.88562012}, "spectral_centroid": {"dmean2": 317.718444824, "median": 438.559082031, "min": 99.6601257324, "dvar2": 278568.0625, "dvar": 125294.171875, "dmean": 205.655303955, "max": 11703.25, "var": 1036096.625, "mean": 709.128845215}, "pitch_salience": {"dmean2": 0.116679117084, "median": 0.408646523952, "min": 0.0326551534235, "dvar2": 0.0140642896295, "dvar": 0.00592383788899, "dmean": 0.0743075460196, "max": 0.841988146305, "var": 0.0187246277928, "mean": 0.407205611467}, "spectral_energyband_middle_high": {"dmean2": 0.0011672610417, "median": 0.000205700547667, "min": 1.21428902232e-21, "dvar2": 1.23200879898e-05, "dvar": 6.02382988291e-06, "dmean": 0.000809524091892, "max": 0.0893680229783, "var": 1.45902331496e-05, "mean": 0.0014443785185}, "spectral_contrast_coeffs": {"dmean2": [0.0796023309231, 0.0778637975454, 0.0651762634516, 0.0443143583834, 0.0281248558313, 0.0236692093313], "median": [-0.628667652607, -0.632302999496, -0.768181860447, -0.839486062527, -0.849235475063, -0.818211197853], "min": [-0.980782687664, -0.979018986225, -0.984190821648, -0.983209013939, -0.975599229336, -0.969402253628], "dvar2": [0.00443421956152, 0.00458204420283, 0.00323379086331, 0.00155382615048, 0.0006240439252, 0.00042171010864], "dvar": [0.00182792008854, 0.00232577207498, 0.00173244392499, 0.000909465306904, 0.000294001598377, 0.000177605907083], "dmean": [0.0499444492161, 0.0517068319023, 0.0431839115918, 0.029552988708, 0.017626741901, 0.0147953564301], "max": [-0.292799264193, -0.284011900425, -0.358838707209, -0.407220900059, -0.540374219418, -0.612600505352], "var": [0.00950615853071, 0.0154716940597, 0.0109959887341, 0.00540634477511, 0.00152293557767, 0.000670807319693], "mean": [-0.626312375069, -0.628410160542, -0.74763995409, -0.81736779213, -0.843912303448, -0.821189105511]}, "melbands_skewness": {"dmean2": 2.76797103882, "median": 3.91365838051, "min": -0.746422171593, "dvar2": 11.5652313232, "dvar": 5.26298713684, "dmean": 1.80258190632, "max": 26.2570705414, "var": 18.3789310455, "mean": 5.10630464554}, "spectral_spread": {"dmean2": 2152017.5, "median": 7248115, "min": 1310244.5, "dvar2": 5401097011200.0, "dvar": 2948805951490.0, "dmean": 1486680.125, "max": 42490256, "var": 18117428248600.0, "mean": 7480827}, "dissonance": {"dmean2": 0.0555175617337, "median": 0.41999104619, "min": 0.128441482782, "dvar2": 0.0025678363163, "dvar": 0.00114194769412, "dmean": 0.0353518761694, "max": 0.5, "var": 0.00386011484079, "mean": 0.409548938274}, "spectral_skewness": {"dmean2": 0.638075053692, "median": 1.73739230633, "min": -0.0736095160246, "dvar2": 0.472824662924, "dvar": 0.290563255548, "dmean": 0.459857612848, "max": 7.3514585495, "var": 1.13246142864, "mean": 2.02508854866}, "spectral_flux": {"dmean2": 0.0595563948154, "median": 0.0564526431262, "min": 6.31012533892e-11, "dvar2": 0.00600108178332, "dvar": 0.00218585692346, "dmean": 0.0364753343165, "max": 0.594220995903, "var": 0.00359891098924, "mean": 0.0730715617537}, "spectral_contrast_valleys": {"dmean2": [0.669279932976, 0.705017745495, 0.696076095104, 0.608631491661, 0.539313971996, 0.701390087605], "median": [-7.1754117012, -7.7756023407, -8.69349384308, -9.31253242493, -8.81811523438, -10.0586032867], "min": [-28.2559719086, -28.0143985748, -27.8366775513, -27.6955375671, -27.461435318, -27.4139862061], "dvar2": [0.330741763115, 0.447245597839, 0.483491182327, 0.364533156157, 0.330290287733, 0.632255196571], "dvar": [0.142116367817, 0.19599275291, 0.233133867383, 0.195057064295, 0.191705539823, 0.365266889334], "dmean": [0.414415538311, 0.44500413537, 0.451979547739, 0.422199904919, 0.396316707134, 0.545909047127], "max": [-4.95742845535, -4.63496589661, -5.65456390381, -6.31228542328, -6.23204183578, -7.51580953598], "var": [3.67557239532, 3.53811049461, 3.19805026054, 2.97756147385, 3.06595158577, 3.24190235138], "mean": [-7.47062301636, -7.98581981659, -8.87957954407, -9.43815517426, -8.94650650024, -10.4016237259]}, "erbbands_flatness_db": {"dmean2": 0.0439433939755, "median": 0.154856652021, "min": 0.0161732863635, "dvar2": 0.00197580782697, "dvar": 0.00125123560429, "dmean": 0.0326300635934, "max": 0.364603042603, "var": 0.00488091213629, "mean": 0.160890102386}, "spectral_energyband_high": {"dmean2": 0.000652802467812, "median": 0.000162841257406, "min": 7.08309265533e-21, "dvar2": 1.84675946002e-06, "dvar": 8.01398698513e-07, "dmean": 0.000421068834839, "max": 0.0205769948661, "var": 1.03965953713e-06, "mean": 0.000510055280756}, "spectral_entropy": {"dmean2": 0.606340944767, "median": 6.9173374176, "min": 4.42214727402, "dvar2": 0.39010232687, "dvar": 0.236902296543, "dmean": 0.450245320797, "max": 9.8228263855, "var": 0.931000053883, "mean": 6.96322536469}, "silence_rate_20dB": {"dmean2": 0.0143649000674, "median": 1, "min": 0, "dvar2": 0.0165031570941, "dvar": 0.0071313153021, "dmean": 0.00718188937753, "max": 1, "var": 0.00912534538656, "mean": 0.990789175034}, "melbands_flatness_db": {"dmean2": 0.0687886700034, "median": 0.346462607384, "min": 0.00285974564031, "dvar2": 0.00455803005025, "dvar": 0.00259130145423, "dmean": 0.050449449569, "max": 0.674514472485, "var": 0.0124521581456, "mean": 0.342552006245}, "barkbands": {"dmean2": [1.01835257738e-05, 0.0130260596052, 0.0109494179487, 0.00238460698165, 0.00147717341315, 0.00219996110536, 0.00139960390516, 0.000431204563938, 0.000279805826722, 0.000497929460835, 0.000419031828642, 8.47347837407e-05, 6.0701280745e-05, 7.70581755205e-05, 7.17085495126e-05, 6.03926710028e-05, 6.60098085064e-05, 2.90678035526e-05, 2.56108560279e-05, 3.08708840748e-05, 4.65912271466e-05, 6.28492998658e-05, 0.00010013152496, 0.00014959910186, 0.00013653987844, 0.000126381302834, 7.00163363945e-05], "median": [3.71166697732e-06, 0.0067953276448, 0.00215175305493, 0.000685497012455, 0.000730859406758, 0.000751325627789, 0.000228086486459, 4.63297365059e-05, 2.2386208002e-05, 3.36899574904e-05, 1.78570335265e-05, 7.06249829818e-06, 4.96129996463e-06, 5.38486028745e-06, 5.61452407055e-06, 4.75295291835e-06, 5.23316839462e-06, 6.11017594565e-06, 5.53105383005e-06, 8.61405533215e-06, 1.20821105156e-05, 1.78091195266e-05, 2.61502409558e-05, 2.88403916784e-05, 2.34494600591e-05, 1.4202129023e-05, 4.42128384748e-06], "min": [2.16073784409e-25, 4.84568342325e-24, 5.95113610063e-25, 2.40877513839e-24, 4.81306047495e-24, 7.05616358198e-24, 7.92650356351e-24, 8.63459615609e-24, 1.50539856933e-23, 1.01981019042e-23, 1.36820082733e-23, 2.59829987806e-23, 2.83792710653e-23, 3.91838192567e-23, 2.7568587112e-23, 3.52855463421e-23, 6.73621327396e-23, 7.44099675281e-23, 1.23158302431e-22, 1.77362613925e-22, 2.64968356375e-22, 3.69365451265e-22, 4.2688638644e-22, 5.51033857338e-22, 8.70915061138e-22, 1.35630014114e-21, 1.90281772561e-21], "dvar2": [3.1010347068e-10, 0.000556266284548, 0.000711407396011, 3.86520150641e-05, 9.27278142626e-06, 2.70268064924e-05, 1.43637726069e-05, 2.35515108216e-06, 2.04755338018e-06, 4.07355400966e-06, 3.21789298141e-06, 9.57525685408e-08, 5.32523301899e-07, 1.40761670764e-07, 2.44529502424e-07, 2.05239217621e-07, 1.15173108384e-07, 1.37399069899e-08, 4.44615899653e-09, 1.15723617355e-08, 1.57478066143e-08, 1.73756919963e-08, 3.86616463288e-08, 8.95123335454e-08, 7.97318548962e-08, 1.03198296131e-07, 2.66833293239e-08], "dvar": [1.37382119569e-10, 0.000287818285869, 0.000409259024309, 1.76394751179e-05, 4.68324606118e-06, 1.52938428073e-05, 8.83312986844e-06, 1.19386095321e-06, 1.03076399682e-06, 2.40747340285e-06, 1.35424352266e-06, 4.04604918458e-08, 2.04971925655e-07, 7.64224523664e-08, 1.33685333026e-07, 1.35568939186e-07, 6.54686473922e-08, 7.96972177142e-09, 1.7430085153e-09, 5.92578919267e-09, 8.33208968487e-09, 8.00682009583e-09, 1.60888493639e-08, 3.64021950361e-08, 3.41591537278e-08, 4.5061948839e-08, 1.12367564142e-08], "dmean": [6.37248103885e-06, 0.0092810578644