{"tonal": {"thpcp": [1, 0.846182107925, 0.435329079628, 0.405521124601, 0.546636343002, 0.444760680199, 0.186883568764, 0.100959286094, 0.0809552371502, 0.0777722448111, 0.0920687913895, 0.107033729553, 0.108257852495, 0.101071499288, 0.0867883488536, 0.0983798131347, 0.164731428027, 0.174616664648, 0.165310278535, 0.256412863731, 0.225178182125, 0.121726773679, 0.089835934341, 0.0608638115227, 0.0780764222145, 0.207247570157, 0.27172768116, 0.142180323601, 0.0494571961462, 0.0472090579569, 0.100180372596, 0.173356711864, 0.155279263854, 0.108286701143, 0.113091669977, 0.476207703352], "hpcp": {"dmean2": [0.0703050941229, 0.0870669707656, 0.113111622632, 0.121918939054, 0.131154730916, 0.249759495258, 0.289999544621, 0.39425432682, 0.348023235798, 0.320961892605, 0.314031332731, 0.266063332558, 0.173904582858, 0.11949519068, 0.0952481105924, 0.095990896225, 0.111200258136, 0.122917033732, 0.129491090775, 0.112939827144, 0.085713006556, 0.0793436691165, 0.0864212438464, 0.0983587056398, 0.102233871818, 0.0841479897499, 0.0680034831166, 0.0433015041053, 0.0359248183668, 0.0442283302546, 0.059011567384, 0.0759037286043, 0.0774469077587, 0.0633068159223, 0.0423084385693, 0.0442625060678], "median": [0.00526350550354, 0.0103294569999, 0.0098129902035, 0.0039460468106, 0.00238977558911, 0.0270386971533, 0.153425708413, 0.308284074068, 0.0377895459533, 0.02957168594, 0.0340115949512, 0.0255310088396, 0.00962233170867, 0.00329871289432, 0.00237756501883, 0.0021694842726, 0.00331849814393, 0.00381780555472, 0.00331499380991, 0.00225273752585, 0.00216649193317, 0.00594726996496, 0.0132458740845, 0.0142032504082, 0.0121243195608, 0.00738562177867, 0.00547659071162, 0.00305115850642, 0.00244599953294, 0.0029832534492, 0.00500799482688, 0.00977297592908, 0.0119712390006, 0.00669822283089, 0.00266748527065, 0.00222091772594], "min": [0, 0, 0, 0, 0, 0, 0, 0, 0, 0, 0, 0, 0, 0, 0, 0, 0, 0, 0, 0, 0, 0, 0, 0, 0, 0, 0, 0, 0, 0, 0, 0, 0, 0, 0, 0], "dvar2": [0.035017952323, 0.0461602136493, 0.0702875927091, 0.102831467986, 0.0930568575859, 0.121296800673, 0.158552035689, 0.16691660881, 0.204571127892, 0.224579915404, 0.225069999695, 0.191235080361, 0.125046312809, 0.0915866494179, 0.0735216662288, 0.0809266939759, 0.0969088226557, 0.0978894531727, 0.107895903289, 0.0893660932779, 0.0587406791747, 0.0410603359342, 0.0375899672508, 0.043206166476, 0.0437805764377, 0.0317672640085, 0.0271248072386, 0.0164474006742, 0.0124055594206, 0.0222913343459, 0.0262663476169, 0.032629724592, 0.0376334860921, 0.0291165243834, 0.0224924944341, 0.0237078331411], "dvar": [0.0125530352816, 0.0171834137291, 0.024665499106, 0.0354065150023, 0.0325966887176, 0.047507211566, 0.086603268981, 0.0786337926984, 0.0792197287083, 0.0826729387045, 0.0843291655183, 0.0695744007826, 0.0451323911548, 0.0328142605722, 0.0265031903982, 0.029099849984, 0.0341091230512, 0.0341980047524, 0.0378238447011, 0.031315241009, 0.0209276285022, 0.0147746717557, 0.0140334349126, 0.0159538425505, 0.0157626066357, 0.0119233969599, 0.0100771058351, 0.0061061931774, 0.00476033706218, 0.0081105530262, 0.00959675572813, 0.0120928175747, 0.0145968040451, 0.0105356611311, 0.0082036126405, 0.00855617783964], "dmean": [0.0392657294869, 0.0506502091885, 0.0623356811702, 0.0645810291171, 0.0692707002163, 0.151432916522, 0.172667220235, 0.237231895328, 0.202819675207, 0.18257895112, 0.175076946616, 0.145322591066, 0.0931214168668, 0.0636087283492, 0.0509857870638, 0.0511993840337, 0.0586601607502, 0.0647291690111, 0.067861713469, 0.059177916497, 0.0454788096249, 0.0439649261534, 0.0498989596963, 0.0562068261206, 0.0572909377515, 0.048483196646, 0.040446549654, 0.025114024058, 0.0212332494557, 0.0251193922013, 0.0337379164994, 0.0447468943894, 0.0457909330726, 0.0370938517153, 0.0233360659331, 0.0241936221719], "max": [1, 1, 1, 1, 1, 1, 1, 1, 1, 1, 1, 1, 1, 1, 1, 1, 1, 1, 1, 1, 1, 1, 1, 1, 1, 1, 1, 1, 1, 1, 1, 1, 1, 1, 1, 1], "var": [0.0130142318085, 0.0296669304371, 0.0253446493298, 0.0242602415383, 0.0246048998088, 0.071536578238, 0.204370751977, 0.127229958773, 0.0874207764864, 0.0823566615582, 0.11722458899, 0.0957781597972, 0.0317184925079, 0.0209525134414, 0.0169702935964, 0.0179381668568, 0.0199903510511, 0.0199247971177, 0.022791992873, 0.0230428222567, 0.0183723848313, 0.0141884172335, 0.0287623796612, 0.0306684263051, 0.0216540284455, 0.0604699701071, 0.04535510391, 0.0250029768795, 0.0182185992599, 0.00906447507441, 0.00965147837996, 0.0371307954192, 0.0663055703044, 0.019192930311, 0.00738821504638, 0.00753057654947], "mean": [0.0429949574172, 0.074400447309, 0.0666420534253, 0.0464739948511, 0.048536170274, 0.204376667738, 0.429175466299, 0.363160610199, 0.186832562089, 0.174039721489, 0.23460291326, 0.19088037312, 0.0802058428526, 0.0433292500675, 0.034744001925, 0.0333779379725, 0.0395136661828, 0.0459362491965, 0.0464616157115, 0.0433774068952, 0.0372474305332, 0.0422222018242, 0.0706986859441, 0.074941188097, 0.0709471181035, 0.110046111047, 0.0966409519315, 0.0522421449423, 0.038555379957, 0.0261212550104, 0.0335084833205, 0.0889455750585, 0.116618849337, 0.0610203035176, 0.0212258156389, 0.0202609691769]}, "tuning_equal_tempered_deviation": 0.327405750751, "chords_changes_rate": 0.0593410693109, "key_key": "E", "tuning_diatonic_strength": 0.46090182662, "key_scale": "minor", "chords_number_rate": 0.00262074125931, "tuning_frequency": 432.690917969, "tuning_nontempered_energy_ratio": 0.889058172703, "chords_histogram": [21.6211166382, 10.7450389862, 7.84350442886, 0, 0.41183078289, 1.34780979156, 1.81579935551, 19.3560466766, 9.79034042358, 0.0935979038477, 0, 1.55372524261, 0, 0.0187195800245, 6.6080121994, 0.599026560783, 2.0778734684, 0, 1.02957689762, 0.224634975195, 0, 3.38824415207, 2.32122802734, 9.15387535095], "key_strength": 0.486326307058, "chords_key": "E", "chords_strength": {"dmean2": 0.00958546437323, "median": 0.458227097988, "min": -1, "dvar2": 0.00146098097321, "dvar": 0.000757743953727, "dmean": 0.00838525034487, "max": 0.748291909695, "var": 0.0323290862143, "mean": 0.442119210958}, "chords_scale": "minor", "hpcp_entropy": {"dmean2": 0.985737979412, "median": 2.17291164398, "min": 0, "dvar2": 0.786015868187, "dvar": 0.281542897224, "dmean": 0.586665689945, "max": 4.49512147903, "var": 0.640312612057, "mean": 2.14559531212}}, "metadata": {"audio_properties": {"equal_loudness": 0, "codec": "mp3", "downmix": "mix", "sample_rate": 44100, "analysis_sample_rate": 44100, "bit_rate": 272984, "md5_encoded": "76e1b7da0f343480427e05a51ab5ba97", "length": 248.032653809, "replay_gain": -11.6932849884, "lossless": false}, "version": {"essentia_build_sha": "2d9f1f26377add8aeb1075a9c2973f962c4f09fd", "essentia": "2.1-beta2", "extractor": "music 1.0", "essentia_git_sha": "v2.1_beta2-1-ge3940c0"}, "tags": {"title": ["Where All of These Towns & Choices End"], "media": ["Digital Media"], "albumartist": ["Various Artists"], "musicbrainz_recordingid": ["12ad5ceb-abad-47b0-bf69-613f9ee39322"], "originalyear": ["2016"], "discnumber": ["1/1"], "album": ["Face the Beat: Session 4"], "musicbrainz album release country": ["XW"], "musicbrainz album type": ["album/compilation"], "musicbrainz album status": ["official"], "musicbrainz_albumartistid": ["89ad4ac3-39f7-470e-963a-56509c546377"], "date": ["2016"], "file_name": "31 Feeding Fingers - Where All of These Towns & Choices End.mp3", "musicbrainz_releasegroupid": ["1b468cbf-0881-4684-b4d7-fc4b54e960fd"], "script": ["Latn"], "originaldate": ["2016"], "musicbrainz_albumid": ["fd32cdf1-8544-4816-87c2-2729d33c130a"], "artist": ["Feeding Fingers"], "artistsort": ["Feeding Fingers"], "tracknumber": ["31/90"], "label": ["Side-Line"], "albumartistsort": ["Various Artists"], "musicbrainz_artistid": ["031d4e8f-6000-4dd1-adf1-cef8fbbf6fa5"]}}, "rhythm": {"bpm_histogram_first_peak_bpm": {"dmean2": 0, "median": 105, "min": 105, "dvar2": 0, "dvar": 0, "dmean": 0, "max": 105, "var": 0, "mean": 105}, "bpm": 104.890884399, "bpm_histogram_second_peak_spread": {"dmean2": 0, "median": 0.428571462631, "min": 0.428571462631, "dvar2": 0, "dvar": 0, "dmean": 0, "max": 0.428571462631, "var": 0, "mean": 0.428571462631}, "bpm_histogram_first_peak_weight": {"dmean2": 0, "median": 0.671361505985, "min": 0.671361505985, "dvar2": 0, "dvar": 0, "dmean": 0, "max": 0.671361505985, "var": 0, "mean": 0.671361505985}, "onset_rate": 4.39835691452, "beats_position": [0.673378646374, 1.35836732388, 2.04335594177, 2.71673464775, 3.40172338486, 4.08671188354, 4.78331041336, 5.47990942001, 6.17650794983, 6.87310647964, 7.56970500946, 8.26630401611, 8.95129203796, 9.64789104462, 10.3444900513, 10.9714279175, 11.5983667374, 12.1788663864, 12.7593650818, 13.3514738083, 13.9435825348, 14.5356912613, 15.1161899567, 15.696688652, 16.2771873474, 16.8460769653, 17.4149665833, 17.9838542938, 18.5411338806, 19.1100215912, 19.6789112091, 20.247800827, 20.8166885376, 21.3971881866, 21.9776859283, 22.5465755463, 23.1154651642, 23.6843528748, 24.2532424927, 24.8221302032, 25.3910198212, 25.9599094391, 26.5404071808, 27.1092967987, 27.6897945404, 28.2586841583, 28.8159637451, 29.3848514557, 29.9537410736, 30.5342407227, 31.1031284332, 31.6720180511, 32.2525177002, 32.8214035034, 33.3902931213, 33.9707946777, 34.539680481, 35.1085700989, 35.6890678406, 36.2579574585, 36.8268470764, 37.3957366943, 37.9646263123, 38.545124054, 39.1140136719, 39.6829032898, 40.251789093, 40.8206787109, 41.4011802673, 41.9700660706, 42.5389556885, 43.1078453064, 43.6767349243, 44.2456245422, 44.8145103455, 45.3950119019, 45.9755096436, 46.5443992615, 47.1132888794, 47.6821746826, 48.2510643005, 48.8199539185, 49.3888435364, 49.9577331543, 50.5266189575, 51.1071205139, 51.6876182556, 52.2565078735, 52.8253974915, 53.3942832947, 53.9631729126, 54.5320625305, 55.1009521484, 55.6814498901, 56.2619476318, 56.8308372498, 57.3997268677, 57.9686164856, 58.5375061035, 59.1063919067, 59.6752815247, 60.2441711426, 60.8246688843, 61.3935585022, 61.9624481201, 62.531337738, 63.1118354797, 63.6807250977, 64.2496109009, 64.8185043335, 65.3873901367, 65.9678878784, 66.536781311, 67.1056671143, 67.686164856, 68.2550582886, 68.8239440918, 69.392829895, 69.9617233276, 70.5422210693, 71.122718811, 71.6800003052, 72.2604980469, 72.8293838501, 73.3982772827, 73.9671630859, 74.5360565186, 75.1165542603, 75.6854400635, 76.2543258667, 76.8232192993, 77.3921051025, 77.9726028442, 78.5414962769, 79.1103820801, 79.6792755127, 80.2481613159, 80.8286590576, 81.3975524902, 81.9664382935, 82.5469360352, 83.1158294678, 83.684715271, 84.2536010742, 84.8224945068, 85.3913803101, 85.9602737427, 86.5407714844, 87.1096572876, 87.6669387817, 88.2474365234, 88.8279342651, 89.3968200684, 89.965713501, 90.5345993042, 91.1150970459, 91.6839904785, 92.2528762817, 92.8333740234, 93.4022674561, 93.9711532593, 94.5400466919, 95.1089324951, 95.6778182983, 96.246711731, 96.8272094727, 97.3960952759, 97.9649887085, 98.5454864502, 99.1143722534, 99.683265686, 100.252151489, 100.821044922, 101.389930725, 101.958816528, 102.53931427, 103.119819641, 103.688705444, 104.257591248, 104.82648468, 105.395370483, 105.964263916, 106.533149719, 107.113647461, 107.682540894, 108.251426697, 108.8203125, 109.389205933, 109.969703674, 110.538589478, 111.10748291, 111.676368713, 112.245262146, 112.825759888, 113.394645691, 113.963539124, 114.544036865, 115.112922668, 115.681808472, 116.250701904, 116.819587708, 117.400085449, 117.968978882, 118.537864685, 119.118362427, 119.687255859, 120.256141663, 120.825035095, 121.393920898, 121.962806702, 122.531700134, 123.112197876, 123.681083679, 124.249977112, 124.830474854, 125.410972595, 125.979858398, 126.548751831, 127.117637634, 127.686531067, 128.267028809, 128.835922241, 129.404800415, 129.973693848, 130.54258728, 131.111465454, 131.680358887, 132.260864258, 132.829742432, 133.398635864, 133.979141235, 134.548019409, 135.116912842, 135.685806274, 136.254684448, 136.823577881, 137.392471313, 137.972961426, 138.541854858, 139.110748291, 139.691238403, 140.260131836, 140.829025269, 141.397918701, 141.966796875, 142.535690308, 143.10458374, 143.685073853, 144.253967285, 144.822860718, 145.40335083, 145.972244263, 146.541137695, 147.110015869, 147.678909302, 148.259414673, 148.828292847, 149.397186279, 149.97769165, 150.546569824, 151.115463257, 151.684356689, 152.253234863, 152.822128296, 153.391021729, 153.971511841, 154.540405273, 155.109298706, 155.67817688, 156.247070313, 156.827575684, 157.396453857, 157.96534729, 158.534240723, 159.103118896, 159.683624268, 160.2525177, 160.821395874, 161.401901245, 161.970794678, 162.539672852, 163.108566284, 163.677459717, 164.257949829, 164.826843262, 165.395736694, 165.976226807, 166.545120239, 167.114013672, 167.682891846, 168.251785278, 168.832290649, 169.401168823, 169.970062256, 170.550567627, 171.119445801, 171.688339233, 172.257232666, 172.826126099, 173.395004272, 173.963897705, 174.532791138, 175.101669312, 175.682174683, 176.251068115, 176.819946289, 177.40045166, 177.969345093, 178.538223267, 179.107116699, 179.676010132, 180.256500244, 180.825393677, 181.394287109, 181.963165283, 182.532058716, 183.112564087, 183.681442261, 184.250335693, 184.819229126, 185.3881073, 185.968612671, 186.537506104, 187.106384277, 187.686889648, 188.255783081, 188.824661255, 189.393554688, 189.96244812, 190.542938232, 191.111831665, 191.680725098, 192.26121521, 192.830108643, 193.399002075, 193.967880249, 194.536773682, 195.105667114, 195.674560547, 196.255050659, 196.83555603, 197.404434204, 197.973327637, 198.542221069, 199.111114502, 199.679992676, 200.248886108, 200.829391479, 201.398269653, 201.967163086, 202.536056519, 203.104934692, 203.685440063, 204.254333496, 204.82321167, 205.392105103, 205.960998535, 206.541488647, 207.11038208, 207.679275513, 208.259765625, 208.828659058, 209.39755249, 209.966430664, 210.535324097, 211.104217529, 211.673095703, 212.253601074, 212.834106445, 213.402984619, 213.971878052, 214.540771484, 215.109649658, 215.690155029, 216.2706604, 216.839538574, 217.408432007, 217.977325439, 218.546203613, 219.126708984, 219.695602417, 220.264480591, 220.844985962, 221.413879395, 221.982757568, 222.551651001, 223.132156372, 223.701034546, 224.269927979, 224.838821411, 225.407699585, 225.976593018, 226.557098389, 227.137588501, 227.706481934, 228.275375366, 228.84425354, 229.413146973, 229.993652344, 230.562530518, 231.13142395, 231.711929321, 232.304031372, 232.896133423, 233.488250732, 234.080352783, 234.672470093, 235.264572144, 235.856689453, 236.495239258, 237.133789063, 237.772338867, 238.410873413, 239.049423218, 239.653152466, 240.256866455, 240.860580444, 241.464309692, 242.068023682, 242.718185425, 243.368347168, 244.018493652, 244.657043457, 245.3072052, 245.945755005, 246.595916748, 247.234466553], "beats_loudness": {"dmean2": 0.0904972627759, "median": 0.1626124084, "min": 1.31849597906e-09, "dvar2": 0.0075657274574, "dvar": 0.00269903312437, "dmean": 0.0508326850832, "max": 0.329573273659, "var": 0.00781757291406, "mean": 0.135646209121}, "danceability": 1.09318494797, "bpm_histogram_second_peak_weight": {"dmean2": 0, "median": 0.0187793429941, "min": 0.0187793429941, "dvar2": 0, "dvar": 0, "dmean": 0, "max": 0.0187793429941, "var": 0, "mean": 0.0187793429941}, "beats_count": 427, "bpm_histogram_second_peak_bpm": {"dmean2": 0, "median": 86, "min": 86, "dvar2": 0, "dvar": 0, "dmean": 0, "max": 86, "var": 0, "mean": 86}, "bpm_histogram_first_peak_spread": {"dmean2": 0, "median": 0.270408183336, "min": 0.270408183336, "dvar2": 0, "dvar": 0, "dmean": 0, "max": 0.270408183336, "var": 0, "mean": 0.270408183336}, "beats_loudness_band_ratio": {"dmean2": [0.13408011198, 0.0915601179004, 0.0495335757732, 0.029633756727, 0.0196905173361, 0.0505281426013], "median": [0.914956092834, 0.0334948860109, 0.0142027204856, 0.00601348420605, 0.00560223404318, 0.00927595514804], "min": [1.89100755961e-05, 0.000902819505427, 0.00111847359221, 2.69454740192e-05, 1.06355821572e-06, 9.49182833665e-07], "dvar2": [0.0221441015601, 0.0153269916773, 0.00951952673495, 0.00746433762833, 0.00185382796917, 0.00853781122714], "dvar": [0.0100853294134, 0.00590608455241, 0.00409233104438, 0.00310693238862, 0.000722639320884, 0.00408140057698], "dmean": [0.078007824719, 0.0528819747269, 0.028732476756, 0.0173492133617, 0.0114125218242, 0.0271269399673], "max": [0.995783984661, 0.645816981792, 0.896333873272, 0.855462670326, 0.259521663189, 0.954367220402], "var": [0.0454291030765, 0.0141348047182, 0.0077686086297, 0.0044150329195, 0.000699396652635, 0.0151727385819], "mean": [0.831914126873, 0.0880478769541, 0.0392175801098, 0.0227281525731, 0.0130499806255, 0.0359438247979]}}, "lowlevel": {"barkbands_spread": {"dmean2": 9.43969535828, "median": 7.32193565369, "min": 0.0836076065898, "dvar2": 246.785110474, "dvar": 104.038475037, "dmean": 5.90643644333, "max": 134.281539917, "var": 209.441162109, "mean": 12.6098651886}, "melbands_spread": {"dmean2": 5.57712316513, "median": 4.39376735687, "min": 0.272001266479, "dvar2": 116.177536011, "dvar": 47.5419578552, "dmean": 3.43254613876, "max": 221.587768555, "var": 297.036468506, "mean": 9.70164966583}, "hfc": {"dmean2": 22.2138957977, "median": 13.3930273056, "min": 1.14497175719e-16, "dvar2": 2556.91650391, "dvar": 1094.98498535, "dmean": 14.3787679672, "max": 1118.01843262, "var": 1759.64355469, "mean": 25.3173351288}, "barkbands_kurtosis": {"dmean2": 20.4597187042, "median": 15.1614227295, "min": -1.91486656666, "dvar2": 1542.11035156, "dvar": 626.883544922, "dmean": 12.9995279312, "max": 573.817565918, "var": 1067.71179199, "mean": 25.0835552216}, "gfcc": {"mean": [-51.270160675, 105.593170166, -62.899055481, 29.7384872437, -35.4864463806, 12.4221878052, -18.9254455566, 7.0847454071, -11.769900322, 0.673107504845, -8.5378036499, 3.06897354126, -7.83473443985], "icov": [[6.00249004492e-05, -8.30433345982e-05, 4.44890474682e-06, -0.000239507397055, -1.2321082977e-05, -9.1528694611e-05, 0.000202037743293, 2.56579151028e-05, -0.000230577003094, -0.000225107985898, 0.000270240881946, -0.000345441309037, 0.000462925934698], [-8.30433345982e-05, 0.000663887243718, -0.000146692749695, 0.000415304704802, -0.00026675578556, 0.000782580056693, -0.000555682810955, -8.16151950858e-05, 0.000354723626515, 0.00143889640458, -0.00140343187377, 0.0021366472356, -0.00167250272352], [4.44890474682e-06, -0.000146692749695, 0.00117011589464, 0.000649153837003, 0.000414944079239, -0.000848011346534, -0.00105600443203, 0.00038534795749, -0.00104404019658, 0.00010217178351, 0.00144303147681, -0.000957501644734, 0.00078988855239], [-0.000239507397055, 0.000415304704802, 0.000649153837003, 0.00375281996094, -0.000991199631244, -0.00110174133442, -0.00244064931758, 0.000817329913843, 0.000911561655812, 0.000281733722659, 0.00112025206909, -7.15930145816e-05, -0.00133727968205], [-1.2321082977e-05, -0.00026675578556, 0.000414944079239, -0.000991199631244, 0.00568180531263, -0.000712266250048, 0.000355855678208, -0.00135725073051, -0.00347906071693, -0.000173940876266, 0.000328400958097, -0.000493816332892, -0.00121566816233], [-9.1528694611e-05, 0.000782580056693, -0.000848011346534, -0.00110174133442, -0.000712266250048, 0.00874242279679, -0.00138921919279, -0.000595755118411, -0.000352286559064, 0.000311944517307, 0.00207925913855, -0.00177664344665, -0.000448087579571], [0.000202037743293, -0.000555682810955, -0.00105600443203, -0.00244064931758, 0.000355855678208, -0.00138921919279, 0.0111700827256, -0.000797826971393, -0.002236349741, 0.00335848447867, -0.00404368946329, 0.000295549689326, -0.002208042657], [2.56579151028e-05, -8.16151950858e-05, 0.00038534795749, 0.000817329913843, -0.00135725073051, -0.000595755118411, -0.000797826971393, 0.0133014684543, -0.00229568919167, -0.00601188093424, 0.00520402006805, -0.00424615154043, 0.00213816692121], [-0.000230577003094, 0.000354723626515, -0.00104404019658, 0.000911561655812, -0.00347906071693, -0.000352286559064, -0.002236349741, -0.00229568919167, 0.0139410607517, -0.00196368712932, -0.00507273850963, 0.0061879879795, -0.00203984766267], [-0.000225107985898, 0.00143889640458, 0.00010217178351, 0.000281733722659, -0.000173940876266, 0.000311944517307, 0.00335848447867, -0.00601188093424, -0.00196368712932, 0.0155145768076, -0.00595942791551, 0.00733394222334, -0.00569266779348], [0.000270240881946, -0.00140343187377, 0.00144303147681, 0.00112025206909, 0.000328400958097, 0.00207925913855, -0.00404368946329, 0.00520402006805, -0.00507273850963, -0.00595942791551, 0.0247613601387, -0.0163380112499, 0.00515274098143], [-0.000345441309037, 0.0021366472356, -0.000957501644734, -7.15930145816e-05, -0.000493816332892, -0.00177664344665, 0.000295549689326, -0.00424615154043, 0.0061879879795, 0.00733394222334, -0.0163380112499, 0.0252385195345, -0.0101075619459], [0.000462925934698, -0.00167250272352, 0.00078988855239, -0.00133727968205, -0.00121566816233, -0.000448087579571, -0.002208042657, 0.00213816692121, -0.00203984766267, -0.00569266779348, 0.00515274098143, -0.0101075619459, 0.0239557921886]], "cov": [[40522.4335938, -3147.12963867, -1082.80102539, 3052.09912109, 1321.1607666, 1171.15002441, -602.695800781, 749.356750488, 694.787231445, 936.781799316, -583.976989746, 48.3016395569, -402.428009033], [-3147.12963867, 5322.27734375, 674.913330078, -762.264404297, -133.183349609, -586.904296875, 388.174591064, -355.405914307, 5.57849168777, -489.191009521, 215.854125977, -235.571563721, 155.760192871], [-1082.80102539, 674.913330078, 1444.08691406, -275.524414063, -114.212402344, 55.8862113953, 187.365158081, -71.0698394775, 63.0661087036, -145.812774658, -7.39673566818, -11.7894468307, -8.75239276886], [3052.09912109, -762.264404297, -275.524414063, 713.708862305, 188.803222656, 212.350372314, 23.7516231537, 65.7007827759, 32.8331604004, 76.8840484619, -58.4648895264, 61.546661377, 6.21590566635], [1321.1607666, -133.183349609, -114.212402344, 188.803222656, 315.14251709, 76.2185058594, 2.51085782051, 79.4159240723, 106.410865784, 76.1108779907, -13.9007310867, 1.56208455563, 20.8342590332], [1171.15002441, -586.904296875, 55.8862113953, 212.350372314, 76.2185058594, 240.779907227, 6.64330673218, 57.2926177979, 30.5944881439, 47.6381225586, -42.343547821, 44.5181045532, -7.90879392624], [-602.695800781, 388.174591064, 187.365158081, 23.7516231537, 2.51085782051, 6.64330673218, 192.157546997, -41.8199424744, 19.1925296783, -80.2609100342, 47.0626678467, 21.1826457977, 36.9674720764], [749.356750488, -355.405914307, -71.0698394775, 65.7007827759, 79.4159240723, 57.2926177979, -41.8199424744, 145.451538086, 49.2571258545, 96.9372329712, -33.0940742493, 2.93658232689, -9.43093204498], [694.787231445, 5.57849168777, 63.0661087036, 32.8331604004, 106.410865784, 30.5944881439, 19.1925296783, 49.2571258545, 144.689834595, 56.7524528503, 2.41491699219, -24.590423584, 4.97331047058], [936.781799316, -489.191009521, -145.812774658, 76.8840484619, 76.1108779907, 47.6381225586, -80.2609100342, 96.9372329712, 56.7524528503, 179.434844971, -24.0235404968, -13.6218137741, -7.56081724167], [-583.976989746, 215.854125977, -7.39673566818, -58.4648895264, -13.9007310867, -42.343547821, 47.0626678467, -33.0940742493, 2.41491699219, -24.0235404968, 98.9876403809, 42.4992904663, 20.2661933899], [48.3016395569, -235.571563721, -11.7894468307, 61.546661377, 1.56208455563, 44.5181045532, 21.1826457977, 2.93658232689, -24.590423584, -13.6218137741, 42.4992904663, 109.118560791, 20.6143550873], [-402.428009033, 155.760192871, -8.75239276886, 6.21590566635, 20.8342590332, -7.90879392624, 36.9674720764, -9.43093204498, 4.97331047058, -7.56081724167, 20.2661933899, 20.6143550873, 69.1541290283]]}, "spectral_energyband_middle_low": {"dmean2": 0.00907060969621, "median": 0.00717758061364, "min": 4.79639294842e-22, "dvar2": 0.00025086698588, "dvar": 0.000103805257822, "dmean": 0.00548082543537, "max": 0.120800971985, "var": 0.000139936950291, "mean": 0.0103741977364}, "melbands_crest": {"dmean2": 4.20948886871, "median": 22.6597595215, "min": 2.09081029892, "dvar2": 20.2716827393, "dvar": 7.44071960449, "dmean": 2.58354258537, "max": 38.0776290894, "var": 37.8696212769, "mean": 20.8429889679}, "spectral_kurtosis": {"dmean2": 13.8543558121, "median": 4.40683364868, "min": -1.16534423828, "dvar2": 2497.11010742, "dvar": 820.699523926, "dmean": 8.06234073639, "max": 662.939208984, "var": 4886.73535156, "mean": 25.1207847595}, "spectral_rms": {"dmean2": 0.00159089372028, "median": 0.00855140201747, "min": 3.18189441809e-12, "dvar2": 3.75169065592e-06, "dvar": 1.98921884476e-06, "dmean": 0.00114448496606, "max": 0.0192220509052, "var": 1.61444295372e-05, "mean": 0.00769479805604}, "zerocrossingrate": {"dmean2": 0.0129287783056, "median": 0.02099609375, "min": 0.00244140625, "dvar2": 0.000281847140286, "dvar": 0.000196322856937, "dmean": 0.00982770044357, "max": 0.5146484375, "var": 0.00524960551411, "mean": 0.0400215126574}, "silence_rate_60dB": {"dmean2": 0.0026214774698, "median": 0, "min": 0, "dvar2": 0.0035507560242, "dvar": 0.00130907737184, "dmean": 0.00131061603315, "max": 1, "var": 0.0872748941183, "mean": 0.0966020748019}, "erbbands_kurtosis": {"dmean2": 1.27046203613, "median": -0.526355624199, "min": -1.76368045807, "dvar2": 7.50673818588, "dvar": 3.30507612228, "dmean": 0.789687633514, "max": 86.9674911499, "var": 7.6872844696, "mean": 0.139874100685}, "erbbands": {"dmean2": [0.683155536652, 7.74802350998, 5.6638302803, 12.5735988617, 15.8620319366, 10.8596696854, 6.6746764183, 14.4069213867, 14.7540597916, 14.2258758545, 9.19837284088, 21.5118732452, 9.01658535004, 5.16320466995, 7.77608537674, 9.55007839203, 8.57504367828, 7.92810678482, 16.0378665924, 11.0040864944, 9.6765127182, 10.4602136612, 10.4598150253, 8.05229282379, 7.25204706192, 9.60935783386, 6.35676383972, 5.83622837067, 8.84130001068, 9.01347541809, 12.239115715, 8.35805797577, 2.94583702087, 2.10221076012, 2.04063463211, 1.27554619312, 0.6970718503, 0.170872956514, 0.0341974981129, 0.0044450419955], "median": [1.76529169083, 10.8606681824, 5.21680450439, 4.34438562393, 6.18341302872, 6.45527172089, 5.06217956543, 6.24131774902, 5.42421770096, 5.80362892151, 5.02848529816, 5.35828781128, 5.4320063591, 4.68897771835, 4.84978342056, 4.54494953156, 4.52643156052, 4.92542409897, 5.08230352402, 4.16211605072, 4.94779729843, 4.67840480804, 4.19221162796, 3.2927646637, 2.7124402523, 2.04195380211, 1.85109961033, 1.49279224873, 1.38696682453, 1.39150381088, 0.871052145958, 0.484381258488, 0.387820392847, 0.243502944708, 0.137728229165, 0.060083065182, 0.0226552821696, 0.00592821277678, 0.000807487871498, 0.000154257388203], "min": [1.19039804795e-22, 4.14523752133e-21, 8.13413306012e-21, 8.13599857859e-20, 3.53997397364e-19, 2.5153016634e-19, 1.16337718653e-19, 4.57695162948e-19, 1.18801747526e-18, 1.30252780977e-18, 2.32745483995e-18, 2.06957880244e-18, 2.22538840378e-18, 1.52397936259e-18, 1.81925326957e-18, 4.58962982672e-18, 6.48688891639e-18, 2.41557666535e-18, 3.62052321903e-18, 5.90136126158e-18, 9.84266677652e-18, 1.28397985618e-17, 8.24537935932e-18, 9.95252463367e-18, 1.38215171923e-17, 1.05568363194e-17, 2.11952260298e-17, 2.33588873211e-17, 1.60348697046e-17, 1.23531235397e-17, 1.59360894502e-17, 2.40588095052e-17, 1.39698629362e-17, 1.13627468097e-17, 9.55347368103e-18, 5.79913290481e-18, 3.71558116066e-18, 1.21085096889e-18, 2.62378614224e-19, 3.05678876191e-20], "dvar2": [1.25067615509, 176.098114014, 66.2120666504, 829.734863281, 730.273925781, 205.93157959, 147.022659302, 1198.29589844, 1684.71374512, 1142.47302246, 229.775344849, 2467.13500977, 362.426269531, 108.958885193, 301.383514404, 670.41229248, 345.426269531, 253.293563843, 5185.95605469, 1323.68530273, 516.835998535, 937.591247559, 1168.65734863, 635.039672852, 689.318786621, 1751.64465332, 681.398071289, 412.105224609, 755.182067871, 484.204467773, 1014.47216797, 558.751525879, 46.6586952209, 26.4930744171, 39.1872787476, 19.9309139252, 3.10051727295, 0.279088616371, 0.00664160680026, 0.000117319410492], "dvar": [0.676582217216, 82.547454834, 28.5018539429, 330.060424805, 265.726837158, 67.8134078979, 60.1502227783, 507.946868896, 652.163757324, 412.317016602, 79.2254867554, 847.255554199, 136.711471558, 42.2177391052, 124.803955078, 271.966308594, 134.286529541, 108.21534729, 2793.77099609, 532.005126953, 220.243103027, 351.831390381, 466.434326172, 273.480010986, 322.275146484, 792.095947266, 320.146087646, 198.692687988, 331.80557251, 216.154281616, 396.68081665, 202.729492188, 20.6650409698, 11.8475608826, 16.9674491882, 10.2063589096, 1.62226188183, 0.133399799466, 0.00301855406724, 4.59810507891e-05], "dmean": [0.508213639259, 5.32041168213, 3.6722433567, 7.62518358231, 8.90144634247, 6.15992498398, 4.1271443367, 8.93994235992, 8.96970939636, 8.22896766663, 5.239361763, 12.4132041931, 5.34167194366, 3.1197450161, 4.95215702057, 5.72614526749, 5.16824436188, 5.04005002975, 10.8570423126, 6.85745668411, 6.08421611786, 6.32627677917, 6.46690273285, 5.22080802917, 4.73674297333, 6.39846324921, 4.26951646805, 4.04135560989, 6.00019645691, 6.00918102264, 7.4565820694, 4.80590200424, 1.90372049809, 1.34993195534, 1.24918484688, 0.779154717922, 0.435801029205, 0.105718970299, 0.0215915776789, 0.00271966517903], "max": [10.5038719177, 86.3454437256, 57.0249824524, 203.178222656, 192.395751953, 110.476196289, 374.863616943, 822.429138184, 741.330200195, 320.267547607, 126.489479065, 578.66583252, 289.114685059, 268.492767334, 373.583679199, 455.499511719, 366.057312012, 382.239807129, 2833.02661133, 1144.56237793, 575.633117676, 621.938537598, 809.365966797, 843.644226074, 673.952880859, 1303.8458252, 711.650695801, 741.250549316, 337.996582031, 227.762771606, 204.984115601, 151.621368408, 71.9234237671, 84.8310165405, 204.634078979, 280.830535889, 73.1299743652, 23.2405529022, 2.49494409561, 0.0915263742208], "var": [2.65470600128, 164.622817993, 56.1845092773, 325.162536621, 233.806045532, 99.6158294678, 136.805282593, 1333.84619141, 1187.79675293, 503.787414551, 119.43661499, 1651.03344727, 348.642425537, 71.9226913452, 308.726257324, 487.005004883, 341.951721191, 363.548187256, 23658.28125, 1814.86962891, 1309.36157227, 593.25201416, 789.74798584, 828.493774414, 1333.40759277, 1541.0177002, 580.03704834, 411.446228027, 504.164337158, 289.327972412, 353.522735596, 146.660675049, 27.9562587738, 17.6864757538, 22.9525413513, 18.5631504059, 3.12372469902, 0.23380279541, 0.00441816775128, 4.3047577492e-05], "mean": [1.81374335289, 12.5289258957, 7.26045751572, 9.70453548431, 10.5966997147, 9.55074119568, 7.98663711548, 16.0538902283, 14.6136722565, 13.0998373032, 8.73170185089, 19.267326355, 10.1852531433, 6.55388975143, 9.7925491333, 9.51094055176, 10.1373577118, 10.7951641083, 27.7286376953, 15.2535610199, 14.6058006287, 11.9476671219, 12.1230287552, 11.7808227539, 10.514465332, 10.6090698242, 7.4584479332, 7.20130348206, 8.33719062805, 7.52834224701, 7.10635566711, 4.18479585648, 2.33458542824, 1.59501516819, 1.23156738281, 0.734300792217, 0.399337649345, 0.100058786571, 0.020457431674, 0.00246544694528]}, "spectral_strongpeak": {"dmean2": 0.284727662802, "median": 0.543524980545, "min": 0, "dvar2": 0.65673148632, "dvar": 0.222569897771, "dmean": 0.176500439644, "max": 14.0715513229, "var": 0.225446745753, "mean": 0.557137131691}, "spectral_energy": {"dmean2": 0.0315110310912, "median": 0.0749546438456, "min": 1.03775623958e-20, "dvar2": 0.00229984871112, "dvar": 0.00116045039613, "dmean": 0.0227563492954, "max": 0.378724396229, "var": 0.00394899956882, "mean": 0.0772387459874}, "average_loudness": 0.939435362816, "spectral_rolloff": {"dmean2": 585.543640137, "median": 193.798828125, "min": 64.599609375, "dvar2": 2589152, "dvar": 995449.5625, "dmean": 327.182189941, "max": 19143.0175781, "var": 6603132.5, "mean": 856.628356934}, "spectral_centroid": {"dmean2": 324.632354736, "median": 774.637145996, "min": 92.1347198486, "dvar2": 174874.671875, "dvar": 77245.7109375, "dmean": 200.269805908, "max": 10861.5859375, "var": 641673.4375, "mean": 983.39855957}, "pitch_salience": {"dmean2": 0.142292544246, "median": 0.37243783474, "min": 0.0478450767696, "dvar2": 0.0180498696864, "dvar": 0.00748760206625, "dmean": 0.087694555521, "max": 0.849287509918, "var": 0.0262516103685, "mean": 0.391822814941}, "spectral_energyband_middle_high": {"dmean2": 0.00121226487681, "median": 0.0013327030465, "min": 1.32977351306e-21, "dvar2": 7.69265898271e-06, "dvar": 3.2235470826e-06, "dmean": 0.000786113436334, "max": 0.067230977118, "var": 2.09986556001e-05, "mean": 0.00258229509927}, "spectral_contrast_coeffs": {"dmean2": [0.0815235450864, 0.0707288011909, 0.0540521256626, 0.0442343018949, 0.033476639539, 0.0296192765236], "median": [-0.703832685947, -0.759591758251, -0.798577070236, -0.81625109911, -0.804927706718, -0.764481663704], "min": [-0.946857333183, -0.964901208878, -0.966752052307, -0.973383963108, -0.968687176704, -0.961141049862], "dvar2": [0.00433158967644, 0.0035768696107, 0.00202127965167, 0.00133923161775, 0.000813348218799, 0.000745207071304], "dvar": [0.0015850069467, 0.00125621154439, 0.000728803046513, 0.000488014222356, 0.000361519429134, 0.00033364110277], "dmean": [0.0476795323193, 0.0416549108922, 0.0326834060252, 0.0266885627061, 0.0212008878589, 0.019043456763], "max": [-0.430363357067, -0.425216019154, -0.517718732357, -0.511920273304, -0.586410939693, -0.534575164318], "var": [0.00391117716208, 0.00482278503478, 0.00471381330863, 0.00335786584765, 0.00350050488487, 0.00318849622272], "mean": [-0.69964081049, -0.75501537323, -0.786217451096, -0.807568907738, -0.799774169922, -0.776149809361]}, "melbands_skewness": {"dmean2": 1.79225599766, "median": 5.41144895554, "min": -2.4341313839, "dvar2": 3.30712389946, "dvar": 1.55925273895, "dmean": 1.19598722458, "max": 18.6360282898, "var": 9.15436172485, "mean": 5.57525348663}, "spectral_spread": {"dmean2": 1445861.875, "median": 4850225, "min": 167688.40625, "dvar2": 4083605045250.0, "dvar": 2180496097280.0, "dmean": 1010240.6875, "max": 39666076, "var": 7634157043710.0, "mean": 5019103}, "dissonance": {"dmean2": 0.0331674255431, "median": 0.475921362638, "min": 0.0852935165167, "dvar2": 0.0020576256793, "dvar": 0.000698476971593, "dmean": 0.0194457937032, "max": 0.500000119209, "var": 0.00408554216847, "mean": 0.451301008463}, "spectral_skewness": {"dmean2": 0.683600604534, "median": 1.67733299732, "min": 0.00502121401951, "dvar2": 1.88720118999, "dvar": 0.690628170967, "dmean": 0.416068017483, "max": 21.6068630219, "var": 10.1101484299, "mean": 2.7706580162}, "spectral_flux": {"dmean2": 0.0545949973166, "median": 0.0744339749217, "min": 1.01870324676e-10, "dvar2": 0.0052010929212, "dvar": 0.00208444823511, "dmean": 0.0338107943535, "max": 0.411813318729, "var": 0.00490418029949, "mean": 0.0905437394977}, "spectral_contrast_valleys": {"dmean2": [0.607669591904, 0.567276358604, 0.475776076317, 0.487068891525, 0.400566995144, 0.588574528694], "median": [-6.1307425499, -6.67349910736, -7.26527833939, -7.68322086334, -7.76266241074, -10.3058338165], "min": [-27.4298000336, -27.201007843, -27.3115234375, -27.222486496, -27.4049186707, -27.2008495331], "dvar2": [0.250103145838, 0.272008061409, 0.238360181451, 0.297121554613, 0.302468389273, 0.571809351444], "dvar": [0.089102178812, 0.104973658919, 0.0964637696743, 0.120682947338, 0.137333512306, 0.291139930487], "dmean": [0.350670456886, 0.335732161999, 0.286798924208, 0.292293190956, 0.25566971302, 0.433597177267], "max": [-4.87684583664, -4.81325769424, -5.15946245193, -6.10700178146, -5.44565868378, -7.41431331635], "var": [4.72560214996, 3.1753578186, 3.66971945763, 5.08209514618, 5.57945013046, 4.96148300171], "mean": [-6.70043325424, -7.10380125046, -7.95283889771, -8.57755565643, -8.69336986542, -10.9775047302]}, "erbbands_flatness_db": {"dmean2": 0.0269408300519, "median": 0.10678357631, "min": 0.0267202723771, "dvar2": 0.000867504160851, "dvar": 0.000442722812295, "dmean": 0.0181987341493, "max": 0.519002199173, "var": 0.0100792711601, "mean": 0.143731951714}, "spectral_energyband_high": {"dmean2": 0.00187667645514, "median": 0.000264746253379, "min": 7.43459514026e-21, "dvar2": 2.17028846237e-05, "dvar": 9.24360119825e-06, "dmean": 0.00120977673214, "max": 0.0829828009009, "var": 1.25353608382e-05, "mean": 0.00143078772817}, "spectral_entropy": {"dmean2": 0.313388049603, "median": 7.55988025665, "min": 4.19668245316, "dvar2": 0.115253761411, "dvar": 0.0508215613663, "dmean": 0.199916481972, "max": 9.79720020294, "var": 1.0300437212, "mean": 7.2457857132}, "silence_rate_20dB": {"dmean2": 0.00149798707571, "median": 1, "min": 0, "dvar2": 0.00224442896433, "dvar": 0.000748285732698, "dmean": 0.000748923397623, "max": 1, "var": 0.000374374445528, "mean": 0.999625563622}, "melbands_flatness_db": {"dmean2": 0.0523753240705, "median": 0.317441046238, "min": 0.00670235743746, "dvar2": 0.0032519842498, "dvar": 0.00137825880665, "dmean": 0.0342574231327, "max": 0.91972631216, "var": 0.0196903515607, "mean": 0.337716400623}, "barkbands": {"dmean2": [0.000529158103745, 0.0309044979513, 0.00421094195917, 0.00563364848495, 0.00324475299567, 0.00142628396861, 0.00105340336449, 0.000470116356155, 0.000779921829235, 0.000226703836233, 0.000183276613825, 0.000219714609557, 0.000189719285117, 0.000167853882886, 0.000280790467514, 0.000232353821048, 0.000201944843866, 0.000193567670067, 0.000150821229909, 0.000200954920729, 0.000148134160554, 0.00021500994626, 0.000581120431889, 0.000169427061337, 0.000224705028813, 0.000346498069121, 0.000270439690212], "median": [0.000415439775679, 0.05315323174, 0.00247436878271, 0.00145378382877, 0.00214512762614, 0.000655906333122, 0.000403105601436, 0.000238336768234, 0.000234297462157, 0.000152422275278, 0.000117112533189, 9.71121990005e-05, 9.1307781986e-05, 8.78092396306e-05, 8.56608021422e-05, 7.60917901061e-05, 8.11712961877e-05, 7.09300584276e-05, 5.49808355572e-05, 4.42136806669e-05, 4.2322644731e-05, 3.69225817849e-05, 3.54052972398e-05, 2.25715211855e-05, 2.06915665331e-05, 1.34502979563e-05, 5.72679618926e-06], "min": [6.13615297354e-24, 1.50306275219e-23, 5.66599818492e-24, 4.89446445171e-23, 9.4909988587e-23, 3.79985557466e-23, 7.1941773217e-23, 1.05596030938e-22, 8.50311718234e-23, 7.00630725722e-23, 4.6003319834e-23, 8.2197236353e-23, 1.48691281309e-22, 4.88946054921e-23, 9.6178287596e-23, 1.52048193694e-22, 2.16130419495e-22, 1.2678894324e-22, 2.70308704889e-22, 2.03850606747e-22, 6.19599324813e-22, 4.02065288265e-22, 5.36437380992e-22, 1.01843199993e-21, 1.20328202718e-21, 1.71886071415e-21, 1.97728902234e-21], "dvar2": [9.08027402602e-07, 0.00269859749824, 4.79669506603e-05, 0.000186867837328, 1.71549127117e-05, 1.04213331724e-05, 8.74611851032e-06, 6.99462077591e-07, 2.82312203126e-06, 2.1160828112e-07, 1.25865582845e-07, 3.59401639116e-07, 1.7490879145e-07, 1.1968030833e-07, 1.4717418253e-06, 4.84735835471e-07, 3.33867120617e-07, 3.694487134e-07, 2.25569905865e-07, 6.88823831752e-07, 3.28580000541e-07, 3.95442611989e-07, 2.33882974499e-06, 1.69652707882e-07, 4.19158340037e-07, 9.39933556765e-07, 4.25575080953e-07], "dvar": [3.66903179838e-07, 0.00131439825054, 1.76995035872e-05, 7.34211062081e-05, 5.73533498027e-06, 4.54834753327e-06, 3.29687873091e-06, 2.46398855097e-07, 9.84742200671e-07, 7.94807633042e-08, 5.42683160631e-08, 1.5127349684e-07, 6.87676546818e-08, 5.32639319317e-08, 7.69910570853e-07, 2.04229763767e-07, 1.25575155607e-07, 1.53534884362e-07, 9.39710886882e-08, 3.14127817092e-07, 1.62814458804e-07, 1.76210917857e-07, 9.09757432055e-07, 7.13882783998e-08, 1.83051056979e-07, 5.07689833285e-07, 1.79753627094e-07], "dmean": [0.000328002584865, 0.0217389836907, 0.00249360967427, 0.00335632683709, 0.00181162694935, 0.000897424761206, 0.000625451910309, 0.000270613178145, 0.000452230597148, 0.000135488473461, 0.000115619281132, 0.000132695844513, 0.000115544287837, 0.000105483115476, 0.000188223013538, 0.000145335667185, 0.000121435165056, 0.000122903104057, 9.54639835982e-05, 0.000132552231662, 0.000100642791949, 0.000141445867484, 0.000351747032255, 0.000108116677438, 0.000