{"tonal": {"thpcp": [1, 0.423560500145, 0.127878323197, 0.108580358326, 0.400350421667, 0.814566671848, 0.567965149879, 0.18210798502, 0.227629959583, 0.189544185996, 0.0999130085111, 0.14051836729, 0.12916316092, 0.122368313372, 0.204902201891, 0.14687679708, 0.0326515324414, 0.0226710624993, 0.10446139425, 0.45830437541, 0.88703161478, 0.741841375828, 0.307478457689, 0.121558956802, 0.0949139744043, 0.303683549166, 0.553016901016, 0.472453027964, 0.367824345827, 0.340775638819, 0.183163583279, 0.074805803597, 0.0645598173141, 0.0869683772326, 0.381744772196, 0.983467698097], "hpcp": {"dmean2": [0.135180339217, 0.110766164958, 0.179271072149, 0.151838004589, 0.200571864843, 0.110285319388, 0.0769833624363, 0.0871037691832, 0.0559116415679, 0.0603236183524, 0.0649753883481, 0.0623591095209, 0.0762617364526, 0.062576815486, 0.021417317912, 0.0203679595143, 0.11775277555, 0.311295807362, 0.19035358727, 0.428178340197, 0.284663200378, 0.0800567865372, 0.0949227809906, 0.187930837274, 0.162122488022, 0.271063745022, 0.219483420253, 0.108720548451, 0.10512624681, 0.0679117068648, 0.0652429684997, 0.084751829505, 0.179426416755, 0.252616465092, 0.229447722435, 0.254435151815], "median": [0.00516310334206, 0.00471327826381, 0.0230107568204, 0.055964268744, 0.0533810183406, 0.0297395456582, 0.016623524949, 0.0144198462367, 0.00649764202535, 0.00540535757318, 0.00413927668706, 0.0112093798816, 0.023291490972, 0.0184161365032, 0.00331921526231, 0.00100847880822, 0.00374772283249, 0.0593034811318, 0.176930606365, 0.130937337875, 0.0156014636159, 0.00168358359952, 0.00208443659358, 0.00851215887815, 0.0305605232716, 0.0364712327719, 0.0187306515872, 0.0159475319088, 0.0115282228217, 0.00318688666448, 0.0012401068816, 0.00404170388356, 0.0700028911233, 0.262045383453, 0.256566345692, 0.0618964321911], "min": [0, 0, 0, 0, 0, 0, 0, 0, 0, 0, 0, 0, 0, 0, 0, 0, 0, 0, 0, 0, 0, 0, 0, 0, 0, 0, 0, 0, 0, 0, 0, 0, 0, 0, 0, 0], "dvar2": [0.0851901769638, 0.0760985910892, 0.0987609401345, 0.0722837373614, 0.10091368109, 0.0392770692706, 0.0279321856797, 0.0331031754613, 0.0204866845161, 0.0272425282747, 0.0257852617651, 0.0255048330873, 0.0242481548339, 0.0153493424878, 0.0053059803322, 0.00548733724281, 0.0456667840481, 0.190055415034, 0.0648940429091, 0.264778733253, 0.172980770469, 0.0339428931475, 0.0431726723909, 0.115701287985, 0.0815989002585, 0.17911504209, 0.149309456348, 0.0434121154249, 0.0617379024625, 0.045124668628, 0.046637814492, 0.0490210540593, 0.0757025554776, 0.110596485436, 0.100565798581, 0.125742718577], "dvar": [0.0262054800987, 0.0232768189162, 0.0301189236343, 0.023399008438, 0.0308261476457, 0.0127312485129, 0.00960677489638, 0.0113032469526, 0.00699994480237, 0.00981255900115, 0.00929516460747, 0.00849960092455, 0.00851910375059, 0.00542200403288, 0.00181750149932, 0.00188689527567, 0.0151284020394, 0.0564984865487, 0.0252379532903, 0.0774174928665, 0.0517936237156, 0.0119618745521, 0.0135659575462, 0.0345259644091, 0.0269471369684, 0.0490884743631, 0.0412013754249, 0.014185921289, 0.0184889100492, 0.0144142573699, 0.0151769649237, 0.0159663818777, 0.0242976862937, 0.0364477932453, 0.0334775596857, 0.0393722653389], "dmean": [0.0711618065834, 0.0584251955152, 0.0977881774306, 0.0840914323926, 0.109680943191, 0.0603245384991, 0.0442253574729, 0.0496864616871, 0.0315053351223, 0.0355530120432, 0.0377281904221, 0.0354944430292, 0.0441916771233, 0.0363241024315, 0.0119277210906, 0.0109775494784, 0.0615412257612, 0.167159929872, 0.113593295217, 0.2294806391, 0.151201218367, 0.0444133542478, 0.0499269478023, 0.0993739664555, 0.0901287719607, 0.142035350204, 0.114632353187, 0.0609788075089, 0.0566199012101, 0.0360748544335, 0.0345002003014, 0.045100774616, 0.099088780582, 0.140530407429, 0.127299368382, 0.139823958278], "max": [1, 1, 1, 1, 1, 1, 1, 1, 1, 1, 1, 1, 1, 1, 1, 1, 1, 1, 1, 1, 1, 1, 1, 1, 1, 1, 1, 1, 1, 1, 1, 1, 1, 1, 1, 1], "var": [0.0183370672166, 0.0155974235386, 0.047224342823, 0.155483707786, 0.0795218870044, 0.0133125009015, 0.0290780216455, 0.0243094116449, 0.0090700564906, 0.0189390294254, 0.0151862110943, 0.0103257484734, 0.0229660440236, 0.0108589483425, 0.00146830629092, 0.00132125103846, 0.0106942653656, 0.0601426921785, 0.13271304965, 0.108082830906, 0.0479267947376, 0.01725455001, 0.010026300326, 0.0469042770565, 0.105245888233, 0.0739686489105, 0.0612192749977, 0.0563587769866, 0.0196847356856, 0.0110937589779, 0.0112201115116, 0.0116555728018, 0.0359196104109, 0.143332257867, 0.150605872273, 0.0477730967104], "mean": [0.0495647080243, 0.0420849584043, 0.155172914267, 0.315720111132, 0.220139160752, 0.0705837309361, 0.0882277190685, 0.0734659507871, 0.0387255549431, 0.0544638969004, 0.0500627048314, 0.0474290698767, 0.0794186070561, 0.0569283813238, 0.0126554965973, 0.00878713931888, 0.0404884777963, 0.177635446191, 0.343807011843, 0.287532329559, 0.119176417589, 0.0471153669059, 0.0367879681289, 0.117705538869, 0.21434533596, 0.183119356632, 0.142566040158, 0.132082164288, 0.0709928721189, 0.02899418585, 0.0250229164958, 0.0337083116174, 0.147961497307, 0.38118493557, 0.387592732906, 0.164168968797]}, "tuning_equal_tempered_deviation": 0.155074253678, "chords_changes_rate": 0.0315574519336, "key_key": "G#", "tuning_diatonic_strength": 0.556526660919, "key_scale": "major", "chords_number_rate": 0.00061877357075, "tuning_frequency": 438.477722168, "tuning_nontempered_energy_ratio": 0.855645120144, "chords_histogram": [14.5597429276, 0, 2.43178009987, 0, 3.34137749672, 0.0123754721135, 0.866282999516, 0, 0, 0.259884893894, 0, 0, 0, 0, 0.575459420681, 3.30425095558, 0.024750944227, 20.8526706696, 2.29565000534, 10.3211431503, 9.40535831451, 21.5085697174, 9.78281021118, 0.45789244771], "key_strength": 0.665980160236, "chords_key": "A#", "chords_strength": {"dmean2": 0.00594391394407, "median": 0.499685674906, "min": -1, "dvar2": 0.000251674908213, "dvar": 0.000136233080411, "dmean": 0.00530188763514, "max": 0.744644284248, "var": 0.0213928502053, "mean": 0.490931510925}, "chords_scale": "minor", "hpcp_entropy": {"dmean2": 0.808094263077, "median": 2.26980733871, "min": 0, "dvar2": 0.445034205914, "dvar": 0.151549875736, "dmean": 0.472568839788, "max": 3.98904061317, "var": 0.339924365282, "mean": 2.23168683052}}, "metadata": {"audio_properties": {"equal_loudness": 0, "codec": "flac", "downmix": "mix", "sample_rate": 44100, "analysis_sample_rate": 44100, "bit_rate": 0, "md5_encoded": "be893b10688480093541d70307d9186c", "length": 750.45526123, "replay_gain": -5.45965957642, "lossless": true}, "version": {"essentia_build_sha": "70f2e5ece6736b2c40cc944ad0e695b16b925413", "essentia": "2.1-beta2", "extractor": "music 1.0", "essentia_git_sha": "v2.1_beta2"}, "tags": {"title": ["Les portes du silence"], "media": ["Digital Media"], "albumartist": ["Wordclock"], "tracktotal": ["8"], "musicbrainz_releasegroupid": ["5e6f497e-2a31-40ba-a75c-30afa5981444"], "releasetype": ["album"], "musicbrainz_recordingid": ["12b8af0a-d768-4853-9699-40176c76a335"], "originalyear": ["2014"], "musicbrainz_releasetrackid": ["dd6251f4-d99e-4530-bb12-5bbd13860e92"], "discnumber": ["1"], "totaldiscs": ["1"], "album": ["Endless"], "releasecountry": ["XW"], "file_name": "03_Les_portes_du_silence.flac", "musicbrainz_albumartistid": ["6308c88e-1d32-44a5-920a-a2ce035d50e1"], "albumartistsort": ["Wordclock"], "date": ["2014-06-24"], "genre": ["Ambient; Cinematic; Dark Ambient; Experimental"], "disctotal": ["1"], "musicbrainz_artistid": ["6308c88e-1d32-44a5-920a-a2ce035d50e1"], "originaldate": ["2014-06-24"], "musicbrainz_albumid": ["ca42c5a3-c5e3-4155-9853-9dcc551e6f13"], "tracknumber": ["3"], "artistsort": ["Wordclock"], "artist": ["Wordclock"], "label": ["Cryo Chamber"], "releasestatus": ["official"], "acoustid_id": ["da526582-300e-4eee-8ee7-08f7cbfd2814"], "script": ["Latn"], "totaltracks": ["8"]}}, "rhythm": {"bpm_histogram_first_peak_bpm": {"dmean2": 0, "median": 133, "min": 133, "dvar2": 0, "dvar": 0, "dmean": 0, "max": 133, "var": 0, "mean": 133}, "bpm": 132.596633911, "bpm_histogram_second_peak_spread": {"dmean2": 0, "median": 0.581497788429, "min": 0.581497788429, "dvar2": 0, "dvar": 0, "dmean": 0, "max": 0.581497788429, "var": 0, "mean": 0.581497788429}, "bpm_histogram_first_peak_weight": {"dmean2": 0, "median": 0.106002554297, "min": 0.106002554297, "dvar2": 0, "dvar": 0, "dmean": 0, "max": 0.106002554297, "var": 0, "mean": 0.106002554297}, "onset_rate": 0.746200084686, "beats_position": [0.417959183455, 0.859138309956, 1.30031740665, 1.74149656296, 2.18267560005, 2.62385487556, 3.05342388153, 3.48299312592, 3.9125623703, 4.34213161469, 4.77170038223, 5.20126962662, 5.630838871, 6.06040811539, 6.47836732864, 6.8963265419, 7.32589578629, 7.79029464722, 8.25469398499, 8.70748329163, 9.17188167572, 9.63628101349, 10.1006803513, 10.5650787354, 11.017868042, 11.4822673798, 11.9466667175, 12.4110651016, 12.8754644394, 13.328253746, 13.7578229904, 14.1873922348, 14.6285715103, 15.1161899567, 15.6038093567, 16.0798187256, 16.5674381256, 17.0550556183, 17.5426750183, 18.0186843872, 18.4946937561, 18.9823131561, 19.458322525, 19.9227199554, 20.3871192932, 20.8399085999, 21.2926979065, 21.7454872131, 22.1982765198, 22.6510658264, 23.1038551331, 23.5450344086, 23.9862117767, 24.4273910522, 24.8569602966, 25.286529541, 25.7277088165, 26.168888092, 26.6100673676, 27.0512466431, 27.4924259186, 27.9452152252, 28.3980045319, 28.8507938385, 29.3035831451, 29.7563705444, 30.2091598511, 30.6619491577, 31.1147384644, 31.5559177399, 31.9970970154, 32.4266662598, 32.8794555664, 33.332244873, 33.7850341797, 34.2262115479, 34.6790008545, 35.1201820374, 35.5613594055, 36.0025405884, 36.4437179565, 36.8848991394, 37.3376846313, 37.790473938, 38.2548751831, 38.7076644897, 39.1720619202, 39.6248512268, 40.0892524719, 40.5420417786, 40.9948310852, 41.4476165771, 41.9004058838, 42.3531951904, 42.7943763733, 43.2355537415, 43.6767349243, 44.129524231, 44.5823135376, 45.0351028442, 45.4878921509, 45.9522895813, 46.3005905151, 46.6604995728, 47.0204086304, 47.3687057495, 47.7170066833, 48.0536956787, 48.4019927979, 48.7386856079, 49.0869827271, 49.4352836609, 49.78358078, 50.1318817139, 50.5266189575, 50.9097480774, 51.2928771973, 51.6876182556, 52.0707473755, 52.4538764954, 52.8370056152, 53.2201347351, 53.6148757935, 54.0096130371, 54.392742157, 54.7758712769, 55.1706123352, 55.5537414551, 55.936870575, 56.3316078186, 56.726348877, 57.1210861206, 57.515827179, 57.9105644226, 58.305305481, 58.7000427246, 59.0831718445, 59.5011329651, 59.9074821472, 60.3254394531, 60.7434005737, 61.1613578796, 61.5677070618, 61.9740562439, 62.3920173645, 62.7287063599, 63.0653953552, 63.4020843506, 63.7387733459, 64.0754623413, 64.4121551514, 64.748840332, 65.0855331421, 65.4338302612, 65.7705230713, 66.107208252, 66.443901062, 66.7805862427, 67.1172790527, 67.4539642334, 67.7906570435, 68.1273422241, 68.5801315308, 69.0329208374, 69.485710144, 69.9501113892, 70.4029006958, 70.8673019409, 71.3897476196, 71.9122009277, 72.4346466064, 72.9570999146, 73.4679336548, 73.9903869629, 74.5012207031, 75.0236740112, 75.5345077515, 76.0337371826, 76.5445785522, 77.0438079834, 77.5430374146, 78.0422668457, 78.5531082153, 79.133605957, 79.7141036987, 80.282989502, 80.8518829346, 81.4207687378, 81.9199981689, 82.4076156616, 82.8952331543, 83.3828582764, 83.870475769, 84.3697052002, 84.8224945068, 85.2868881226, 85.7512893677, 86.2389068604, 86.7149200439, 87.2025375366, 87.6785507202, 88.1429443359, 88.6189575195, 89.0949630737, 89.5709762573, 90.0469818115, 90.5229949951, 90.9990005493, 91.4634017944, 91.9277954102, 92.3921966553, 92.8565979004, 93.3209991455, 93.7621765137, 94.2149658203, 94.667755127, 95.1205444336, 95.5733337402, 96.037727356, 96.4905166626, 96.9433059692, 97.3844909668, 97.8488845825, 98.3132858276, 98.7776870728, 99.2304763794, 99.683265686, 100.136054993, 100.588844299, 101.041633606, 101.494422913, 101.947212219, 102.400001526, 102.864395142, 103.328796387, 103.781585693, 104.234375, 104.687164307, 105.151565552, 105.604354858, 106.057144165, 106.509933472, 106.962722778, 107.438728333, 107.914733887, 108.39074707, 108.866752625, 109.342765808, 109.818771362, 110.271560669, 110.724349976, 111.177139282, 111.629928589, 112.082717896, 112.535507202, 112.988296509, 113.452697754, 113.917098999, 114.369888306, 114.822669983, 115.287071228, 115.751472473, 116.215873718, 116.691879272, 117.156280518, 117.609069824, 118.061859131, 118.514648438, 118.967437744, 119.420227051, 119.873016357, 120.325805664, 120.778594971, 121.231384277, 121.684173584, 122.020858765, 122.345939636, 122.671020508, 123.007705688, 123.344398499, 123.66947937, 124.006164551, 124.342857361, 124.679542542, 125.016235352, 125.352920532, 125.701225281, 126.0495224, 126.397819519, 126.734512329, 127.082809448, 127.431106567, 127.779411316, 128.127700806, 128.476013184, 128.824310303, 129.172607422, 129.520904541, 129.86920166, 130.217498779, 130.565795898, 130.914108276, 131.262405396, 131.610702515, 131.958999634, 132.295684814, 132.632385254, 132.969070435, 133.305755615, 133.642440796, 133.990753174, 134.327438354, 134.675735474, 135.024032593, 135.488433838, 135.941223145, 136.394012451, 136.846801758, 137.299591064, 137.752380371, 138.205169678, 138.657958984, 139.110748291, 139.575149536, 140.016326904, 140.457504272, 140.898681641, 141.363082886, 141.815872192, 142.268661499, 142.709838867, 143.162628174, 143.61541748, 144.056594849, 144.509384155, 144.962173462, 145.40335083, 145.844528198, 146.297317505, 146.750106812, 147.19128418, 147.632461548, 148.073654175, 148.514831543, 148.956008911, 149.397186279, 149.838363647, 150.291152954, 150.743942261, 151.196731567, 151.672744751, 152.148742676, 152.624755859, 153.135604858, 153.63482666, 154.157272339, 154.679718018, 155.202178955, 155.736236572, 156.281906128, 156.827575684, 157.373245239, 157.930511475, 158.487792969, 159.021850586, 159.567520142, 160.101577759, 160.635650635, 161.181304932, 161.726974487, 162.226211548, 162.72543335, 163.236282349, 163.816772461, 164.397277832, 164.977767944, 165.558273315, 166.138778687, 166.812149048, 167.485534668, 168.135681152, 168.785842896, 169.436004639, 170.086166382, 170.747940063, 171.363265991, 171.978591919, 172.547485352, 173.116363525, 173.685256958, 174.254150391, 174.823028564, 175.391921997, 175.96081543, 176.529708862, 177.098587036, 177.679092407, 178.32925415, 178.967803955, 179.606338501, 180.244888306, 180.88343811, 181.521987915, 182.16053772, 182.822311401, 183.484085083, 184.145843506, 184.842453003, 185.539047241, 186.224029541, 186.920639038, 187.617233276, 188.302215576, 188.998809814, 189.70703125, 190.426849365, 191.158279419, 191.889694214, 192.621124268, 193.352554321, 194.083984375, 194.80380249, 195.535232544, 196.266662598, 196.998092651, 197.717910767, 198.44934082, 199.203994751, 199.958633423, 200.724899292, 201.502761841, 202.257415771, 203.012054443, 203.766708374, 204.521362305, 205.32244873, 206.123535156, 206.936233521, 207.748931885, 208.573242188, 209.385940552, 210.210250854, 211.022949219, 211.847259521, 212.648345947, 213.461044312, 214.273742676, 215.08644104, 215.875915527, 216.665390015, 217.454864502, 218.23274231, 218.99899292, 219.776870728, 220.543121338, 221.297775269, 222.040817261, 222.783843994, 223.526885986, 224.25831604, 225.024581909, 225.79083252, 226.591918945, 227.381408691, 228.170883179, 228.855865479, 229.529251099, 230.20262146, 230.864395142, 231.526168823, 232.095046997, 232.66394043, 233.244445801, 233.824935913, 234.405441284, 234.985931396, 235.566436768, 236.1353302, 236.634552002, 237.133789062, 237.633010864, 238.132247925, 238.631469727, 239.130691528, 239.629928589, 240.117553711, 240.605163574, 241.011520386, 241.429473877, 241.835830688, 242.230560303, 242.625305176, 243.02003479, 243.426391602, 243.821136475, 244.227478027, 244.6222229, 245.016952515, 245.411697388, 245.81803894, 246.224395752, 246.688796997, 247.141586304, 247.605987549, 248.058776855, 248.511566162, 248.964355469, 249.428741455, 249.904754639, 250.380767822, 250.856781006, 251.332778931, 251.820404053, 252.308029175, 252.795639038, 253.28326416, 253.759277344, 254.235275269, 254.711288452, 255.198913574, 255.616867065, 256.034820557, 256.452789307, 256.859130859, 257.265472412, 257.671844482, 258.089782715, 258.496154785, 258.902496338, 259.32043457, 259.73840332, 260.226013184, 260.702026367, 261.178039551, 261.700500488, 262.222930908, 262.733795166, 263.233001709, 263.73223877, 264.219848633, 264.719085693, 265.218322754, 265.717559814, 266.216766357, 266.716003418, 267.215240479, 267.737670898, 268.260131836, 268.782592773, 269.305023193, 269.827484131, 270.349914551, 270.872375488, 271.383209229, 271.894042969, 272.393280029, 272.90411377, 273.40335083, 273.91418457, 274.425018311, 274.924255371, 275.435089111, 275.945922852, 276.456787109, 276.96762085, 277.47845459, 278.105377197, 278.732330322, 279.359283447, 279.986206055, 280.601531982, 281.240081787, 281.878631592, 282.528778076, 283.178955078, 283.829101562, 284.409606934, 284.990112305, 285.512542725, 286.035003662, 286.5574646, 287.06829834, 287.57913208, 288.08996582, 288.600799561, 289.111663818, 289.634094238, 290.144927979, 290.667388916, 291.178222656, 291.700683594, 292.223114014, 292.745574951, 293.244812012, 293.732421875, 294.220031738, 294.614776611, 295.009521484, 295.404266357, 295.845428467, 296.274993896, 296.716186523, 297.15737915, 297.59854126, 298.028106689, 298.457672119, 298.887237549, 299.305206299, 299.723175049, 300.141113281, 300.640350342, 301.139587402, 301.627197266, 302.09161377, 302.555999756, 303.02041626, 303.484802246, 303.937591553, 304.390380859, 304.854766846, 305.307556152, 305.760345459, 306.224761963, 306.689147949, 307.153564453, 307.617950439, 308.093963623, 308.569976807, 309.04598999, 309.56842041, 310.102478027, 310.613342285, 311.135772705, 311.658233643, 312.169067383, 312.679901123, 313.179138184, 313.666748047, 314.165985107, 314.665222168, 315.0831604, 315.489532471, 315.895874023, 316.302215576, 316.720184326, 317.126525879, 317.544494629, 317.962432861, 318.368804932, 318.775146484, 319.181488037, 319.57623291, 319.970977783, 320.365722656, 320.760437012, 321.155181885, 321.549926758, 321.944671631, 322.339416504, 322.734130859, 323.117279053, 323.512023926, 323.895141602, 324.382751465, 324.870391846, 325.369598389, 325.85723877, 326.344848633, 326.832458496, 327.331695557, 327.842529297, 328.353363037, 328.841003418, 329.328613281, 329.816223145, 330.303863525, 330.791473389, 331.267486572, 331.743499756, 332.219482422, 332.695495605, 333.148284912, 333.601074219, 334.053863525, 334.483428955, 334.913024902, 335.330963135, 335.760528564, 336.190093994, 336.619689941, 337.049255371, 337.467193604, 337.873565674, 338.279907227, 338.686248779, 339.034545898, 339.382843018, 339.731140137, 340.079437256, 340.497406006, 340.915374756, 341.333312988, 341.878997803, 342.4246521, 342.970336914, 343.574066162, 344.166168213, 344.758270264, 345.361999512, 345.965698242, 346.56942749, 347.173156738, 347.776855469, 348.380584717, 348.984313965, 349.588012695, 350.203338623, 350.807067871, 351.410797119, 352.01449585, 352.595001221, 353.175506592, 353.686340332, 354.162353516, 354.649963379, 355.125976562, 355.601989746, 356.07800293, 356.565612793, 357.053222656, 357.540863037, 358.0284729, 358.45803833, 358.88760376, 359.317169189, 359.72354126, 360.141479492, 360.559448242, 360.977416992, 361.372161865, 361.778503418, 362.184844971, 362.591186523, 362.997558594, 363.392272949, 363.79864502, 364.204986572, 364.611328125, 365.017669678, 365.435638428, 365.830383301, 366.225128174, 366.619842529, 367.014587402, 367.409332275, 367.804077148, 368.198822021, 368.581939697, 368.965057373, 369.348205566, 369.731323242, 370.114471436, 370.497589111, 370.880706787, 371.252227783, 371.623748779, 372.006896973, 372.390014648, 372.773132324, 373.214324951, 373.643890381, 374.073455811, 374.514648438, 374.967437744, 375.408599854, 375.86138916, 376.302581787, 376.732147217, 377.161712646, 377.602905273, 378.044067383, 378.473632812, 378.914825439, 379.355987549, 379.785583496, 380.226745605, 380.667938232, 381.109100342, 381.550292969, 381.921813965, 382.270111084, 382.618408203, 382.978302002, 383.338226318, 383.709747314, 384.081268311, 384.452789307, 384.824310303, 385.242248535, 385.671844482, 386.101409912, 386.530975342, 386.960540771, 387.401702881, 387.889343262, 388.376953125, 388.864562988, 389.352203369, 389.851409912, 390.350646973, 390.838256836, 391.325897217, 391.81350708, 392.301116943, 392.777130127, 393.26473999, 393.740753174, 394.251617432, 394.750823975, 395.250061035, 395.737670898, 396.225311279, 396.701293945, 397.177307129, 397.641723633, 398.106109619, 398.582122803, 399.058135986, 399.522521973, 399.986938477, 400.451324463, 400.915740967, 401.391723633, 401.879364014, 402.378601074, 402.959075928, 403.539581299, 404.108459473, 404.677368164, 405.234649658, 405.791931152, 406.349212646, 406.906463623, 407.475372314, 408.044250488, 408.624755859, 409.193634033, 409.762542725, 410.296600342, 410.830657959, 411.353088379, 411.805877686, 412.258666992, 412.711456299, 413.129425049, 413.535766602, 413.942138672, 414.348480225, 414.754821777, 415.16116333, 415.5675354, 415.973876953, 416.380218506, 416.786560059, 417.192932129, 417.610870361, 418.028839111, 418.446807861, 418.876373291, 419.282714844, 419.700683594, 420.118621826, 420.559814453, 420.977783203, 421.407348633, 421.836914062, 422.266479492, 422.696044922, 423.125610352, 423.555175781, 423.984741211, 424.414337158, 424.843902588, 425.273468018, 425.714630127, 426.144195557, 426.573791504, 427.014953613, 427.45614624, 427.990203857, 428.512634277, 429.035095215, 429.592376709, 430.138031006, 430.68371582, 431.240997314, 431.798278809, 432.355560303, 432.912811279, 433.481719971, 434.073822021, 434.67755127, 435.26965332, 435.884979248, 436.500305176, 437.115631104, 437.730957031, 438.346282959, 438.950012207, 439.553741455, 440.041351318, 440.540588379, 441.039825439, 441.539031982, 442.038269043, 442.537506104, 442.943847656, 443.338592529, 443.744934082, 444.151275635, 444.546020508, 444.940765381, 445.335510254, 445.71862793, 446.101745605, 446.496490479, 446.891235352, 447.274353027, 447.634277344, 447.99420166, 448.354095459, 448.725616455, 449.097137451, 449.468658447, 449.840179443, 450.200073242, 450.559997559, 450.919891357, 451.291412354, 451.65133667, 452.011230469, 452.371154785, 452.731048584, 453.0909729, 453.450866699, 453.810791016, 454.170684814, 454.530609131, 454.913726807, 455.296875, 455.679992676, 456.063110352, 456.515899658, 456.968688965, 457.433105469, 457.885894775, 458.327056885, 458.779846191, 459.232635498, 459.673828125, 460.126617432, 460.567779541, 461.008972168, 461.461761475, 461.902954102, 462.402160645, 462.912994385, 463.412231445, 463.923065186, 464.422302246, 464.933135986, 465.432373047, 465.943206787, 466.454040527, 467.046173096, 467.626647949, 468.253601074, 468.880523682, 469.507476807, 470.053131104, 470.598815918, 471.214141846, 471.817871094, 472.433197021, 473.002075195, 473.570953369, 474.197906494, 474.813232422, 475.42855835, 476.043884277, 476.659210205, 477.274536133, 477.889892578, 478.505218506, 479.120544434, 479.747467041, 480.316375732, 480.885253906, 481.45413208, 482.011413574, 482.568695068, 483.102752686, 483.636810303, 484.17086792, 484.739776611, 485.308654785, 485.94720459, 486.585754395, 487.224304199, 487.839630127, 488.466552734, 489.105102539, 489.743652344, 490.382202148, 491.03237915, 491.682525635, 492.286254883, 492.878356934, 493.470458984, 494.062561035, 494.654693604, 495.235168457, 495.815673828, 496.372955322, 496.930236816, 497.487518311, 498.044799805, 498.602081299, 499.159362793, 499.70501709, 500.250701904, 500.796356201, 501.342041016, 501.887695312, 502.456604004, 503.025482178, 503.582763672, 504.174865723, 504.766967773, 505.359069824, 505.951202393, 506.543304443, 507.123809814, 507.704284668, 508.261566162, 508.818847656, 509.387756348, 509.945037842, 510.502288818, 511.059570312, 511.640075684, 512.208984375, 512.766235352, 513.335144043, 513.904052734, 514.48449707, 515.053405762, 515.622314453, 516.17956543, 516.736877441, 517.259338379, 517.793395996, 518.327453613, 518.89630127, 519.465209961, 520.034118652, 520.602966309, 521.171875, 521.729125977, 522.286437988, 522.843688965, 523.401000977, 523.958251953, 524.515563965, 525.072814941, 525.630126953, 526.071289062, 526.477661133, 526.883972168, 527.278747559, 527.685058594, 528.091430664, 528.497741699, 528.90411377, 529.31048584, 529.72845459, 530.146362305, 530.610778809, 531.075195312, 531.539611816, 532.003967285, 532.363891602, 532.723815918, 533.083679199, 533.455200195, 533.815124512, 534.175048828, 534.546569824, 534.91809082, 535.289611816, 535.661132812, 536.032653809, 536.61315918, 537.182006836, 537.750915527, 538.331420898, 538.90032959, 539.469177246, 540.026489258, 540.583740234, 541.164245605, 541.733154297, 542.302001953, 542.824462891, 543.346923828, 543.880981445, 544.380187988, 544.879455566, 545.390258789, 545.901123047, 546.411987305, 546.922790527, 547.433654785, 547.944458008, 548.362426758, 548.780395508, 549.198364258, 549.604736328, 550.034301758, 550.463867188, 550.893432617, 551.334594727, 551.775756836, 552.21697998, 552.634887695, 553.064453125, 553.494018555, 553.911987305, 554.364807129, 554.817565918, 555.258789062, 555.699951172, 556.071472168, 556.442993164, 556.82611084, 557.209228516, 557.569152832, 557.929077148, 558.28894043, 558.648864746, 559.008789062, 559.368713379, 559.72857666, 560.088500977, 560.448425293, 560.808349609, 561.179870605, 561.551391602, 561.922912598, 562.294433594, 562.654296875, 563.014221191, 563.432189941, 563.861755371, 564.279724121, 564.697692871, 565.127258301, 565.55682373, 565.98638916, 566.41595459, 566.84552002, 567.286682129, 567.716247559, 568.145812988, 568.575439453, 569.016601562, 569.469360352, 569.922180176, 570.374938965, 570.920654297, 571.466308594, 572.011962891, 572.557617188, 573.103271484, 573.648986816, 574.206237793, 574.763549805, 575.332397461, 575.889709473, 576.446960449, 577.015869141, 577.584777832, 578.176879883, 578.768981934, 579.361083984, 579.953186035, 580.545288086, 581.148986816, 581.752746582, 582.356445312, 582.913757324, 583.471008301, 584.028259277, 584.597167969, 585.16607666, 585.723327637, 586.280639648, 586.837890625, 587.383544922, 587.929260254, 588.474914551, 588.974121094, 589.473388672, 589.995788574, 590.518249512, 591.040710449, 591.62121582, 592.201721191, 592.770629883, 593.339477539, 593.896789551, 594.477294922, 595.057739258, 595.638244629, 596.172302246, 596.718017578, 597.263671875, 597.66998291, 598.07635498, 598.49432373, 598.900695801, 599.307006836, 599.724975586, 600.131347656, 600.572509766, 601.002075195, 601.443237305, 601.896057129, 602.348815918, 602.801635742, 603.254394531, 603.707214355, 604.159973145, 604.612792969, 605.065551758, 605.518371582, 605.971130371, 606.423950195, 606.876708984, 607.329528809, 607.782287598, 608.235107422, 608.687866211, 609.140686035, 609.593444824, 610.046264648, 610.499023438, 610.951843262, 611.404602051, 611.84576416, 612.321777344, 612.797790527, 613.273803711, 613.749816895, 614.225830078, 614.690246582, 615.166259766, 615.642272949, 616.118286133, 616.594299316, 617.163146973, 617.732055664, 618.300964355, 618.881469727, 619.450317383, 620.019226074, 620.588134766, 621.156982422, 621.598144531, 622.039367676, 622.492126465, 622.921691895, 623.351257324, 623.780822754, 624.222045898, 624.663208008, 625.104370117, 625.557189941, 626.00994873, 626.451171875, 626.892333984, 627.333496094, 627.774658203, 628.215881348, 628.657043457, 629.098205566, 629.539428711, 629.98059082, 630.433349609, 630.886169434, 631.338928223, 631.803344727, 632.26776123, 632.72052002, 633.184936523, 633.649353027, 634.113708496, 634.578125, 635.030944824, 635.483703613, 635.936523438, 636.319641113, 636.691162109, 637.074279785, 637.457397461, 637.828918457, 638.200439453, 638.571960449, 638.943481445, 639.349853516, 639.756164551, 640.174133301, 640.592102051, 641.010070801, 641.416381836, 641.822753906, 642.171081543, 642.507751465, 642.844421387, 643.181152344, 643.517822266, 643.866088867, 644.214416504, 644.551086426, 644.899414062, 645.236083984, 645.572753906, 645.909484863, 646.246154785, 646.582824707, 646.907897949, 647.244628906, 647.581298828, 647.91796875, 648.243041992, 648.56817627, 648.904846191, 649.229919434, 649.566589355, 649.903320312, 650.239990234, 650.576660156, 650.913391113, 651.250061035, 651.586730957, 651.923461914, 652.271728516, 652.608398438, 652.945129395, 653.270202637, 653.606872559, 653.931945801, 654.268676758, 654.59375, 654.918823242, 655.359985352, 655.801147461, 656.242370605, 656.683532715, 657.159545898, 657.635559082, 658.111572266, 658.575927734, 659.040344238, 659.504760742, 659.980773926, 660.456787109, 660.932800293, 661.443603516, 661.954467773, 662.465270996, 662.964538574, 663.463745117, 663.96295166, 664.508666992, 665.054321289, 665.599975586, 666.134033203, 666.6796875, 667.225402832, 667.701416016, 668.177429199, 668.665039062, 669.141052246, 669.61706543, 670.093078613, 670.569030762, 671.033447266, 671.509460449, 671.985473633, 672.461486816, 672.9375, 673.471557617, 674.005615234, 674.539672852, 674.992431641, 675.456848145, 675.909667969, 676.362426758, 676.815246582, 677.268005371, 677.732421875, 678.185180664, 678.649597168, 679.114013672, 679.578430176, 680.042785645, 680.507202148, 680.971618652, 681.435974121, 681.900390625, 682.318359375, 682.747924805, 683.177490234, 683.641906738, 684.094665527, 684.559082031, 685.023498535, 685.441467285, 685.84777832, 686.254150391, 686.660461426, 687.066833496, 687.473205566, 687.891174316, 688.309082031, 688.727050781, 689.145019531, 689.562988281, 689.980957031, 690.398925781, 690.816833496, 691.234802246, 691.641174316, 692.047485352, 692.511901855, 692.976318359, 693.440734863, 693.905090332, 694.40435791, 694.903564453, 695.402770996, 695.902038574, 696.401245117, 696.912109375, 697.411315918, 697.910583496, 698.409790039, 698.920593262, 699.43145752, 700.000366211, 700.580871582, 701.149719238, 701.741821289, 702.32232666, 702.914428711, 703.506591797, 704.098693848, 704.702392578, 705.306091309, 705.88659668, 706.455505371, 707.024414062, 707.55847168, 708.092529297, 708.626586914, 709.148986816, 709.671447754, 710.205505371, 710.727966309, 711.262023926, 711.784484863, 712.364990234, 712.945495605, 713.526000977, 714.106445312, 714.686950684, 715.209411621, 715.743469238, 716.277526855, 716.718688965, 717.171508789, 717.612670898, 718.019042969, 718.425354004, 718.831726074, 719.238098145, 719.6328125, 720.03918457, 720.445495605, 720.851867676, 721.258239746, 721.664550781, 722.070922852, 722.488891602, 722.906860352, 723.324768066, 723.824035645, 724.323242188, 724.822509766, 725.310119629, 725.797729492, 726.285339355, 726.772949219, 727.248962402, 727.724975586, 728.212585449, 728.700195312, 729.187805176, 729.675476074, 730.163085938, 730.650695801, 731.138305664, 731.53302002, 731.92779541, 732.322509766, 732.717285156, 733.123596191, 733.529968262, 733.936340332, 734.342651367, 734.749023438, 735.143737793, 735.538513184, 735.933227539, 736.327941895, 736.722717285, 737.117431641, 737.512207031, 737.906921387, 738.301635742, 738.696411133, 739.102783203, 739.509094238, 739.915466309, 740.298583984, 740.68170166, 741.076477051, 741.459594727, 741.865905762, 742.272277832, 742.678649902, 743.084960938, 743.491333008, 743.897644043, 744.315612793, 744.791625977, 745.25604248, 745.732055664, 746.208068848, 746.684082031, 747.160095215, 747.636108398, 748.112121582, 748.58807373, 749.064086914, 749.540100098], "beats_loudness": {"dmean2": 0.0295751132071, "median": 0.0400440320373, "min": 1.67497327119e-09, "dvar2": 0.00125038728584, "dvar": 0.000431300810305, "dmean": 0.0176668688655, "max": 0.194163575768, "var": 0.00107917771675, "mean": 0.0459084734321}, "danceability": 0.935057878494, "bpm_histogram_second_peak_weight": {"dmean2": 0, "median": 0.060664113611, "min": 0.060664113611, "dvar2": 0, "dvar": 0, "dmean": 0, "max": 0.060664113611, "var": 0, "mean": 0.060664113611}, "beats_count": 1567, "bpm_histogram_second_peak_bpm": {"dmean2": 0, "median": 148, "min": 148, "dvar2": 0, "dvar": 0, "dmean": 0, "max": 148, "var": 0, "mean": 148}, "bpm_histogram_first_peak_spread": {"dmean2": 0, "median": 0.536312818527, "min": 0.536312818527, "dvar2": 0, "dvar": 0, "dmean": 0, "max": 0.536312818527, "var": 0, "mean": 0.536312818527}, "beats_loudness_band_ratio": {"dmean2": [0.218087539077, 0.169625818729, 0.056260690093, 0.0607495643198, 0.0174948517233, 0.00203742482699], "median": [0.683697402477, 0.206674098969, 0.0239441767335, 0.0344535410404, 0.00244987476617, 0.000512483820785], "min": [0.048658054322, 0.000933147792239, 0.000410810753237, 0.000161013478646, 0.000128771571326, 2.3444828912e-05], "dvar2": [0.0363016724586, 0.0239924229681, 0.00756970793009, 0.00761963659897, 0.00329243647866, 2.45396622631e-05], "dvar": [0.0137124666944, 0.00921649485826, 0.0029562804848, 0.00274227047339, 0.0012099693995, 1.14829244922e-05], "dmean": [0.131851240993, 0.103900097311, 0.0337820723653, 0.0367242470384, 0.0103543363512, 0.00121037859935], "max": [0.983910858631, 0.863867759705, 0.620104134083, 0.911238491535, 0.672350108624, 0.201777935028], "var": [0.0437268055975, 0.0277246385813, 0.00786793138832, 0.00837047025561, 0.0023918019142, 0.000239952132688], "mean": [0.649366497993, 0.247062116861, 0.0616531893611, 0.0732810050249, 0.0155187044293, 0.00272610969841]}}, "lowlevel": {"barkbands_spread": {"dmean2": 2.46680474281, "median": 4.88390445709, "min": 0.353824287653, "dvar2": 9.40272045135, "dvar": 3.46092796326, "dmean": 1.52257931232, "max": 93.5669174194, "var": 70.0371170044, "mean": 7.15903186798}, "melbands_spread": {"dmean2": 3.21150255203, "median": 4.98771333694, "min": 0.37491735816, "dvar2": 21.7909450531, "dvar": 8.0177154541, "dmean": 1.98569417, "max": 98.5101776123, "var": 90.7579498291, "mean": 8.14270687103}, "hfc": {"dmean2": 3.7989923954, "median": 10.2237491608, "min": 4.5146634875e-08, "dvar2": 23.5318050385, "dvar": 10.0749139786, "dmean": 2.46079421043, "max": 209.238922119, "var": 69.64478302, "mean": 11.3865880966}, "barkbands_kurtosis": {"dmean2": 5.67709732056, "median": 7.16216087341, "min": -1.85460996628, "dvar2": 51.8707962036, "dvar": 23.1813850403, "dmean": 3.64331626892, "max": 168.991073608, "var": 137.269195557, "mean": 10.1279983521}, "gfcc": {"mean": [-124.789764404, 190.303543091, -95.9546203613, 11.1700143814, -22.205997467, 1.61676859856, -24.4240379333, -11.2768297195, -31.222574234, -12.2452363968, -6.04376363754, -9.00584697723, -7.17072105408], "icov": [[0.000146651873365, -0.000516269530635, 0.000404234800953, -0.000630322494544, 0.000326908397255, -0.000635462754872, 0.000539497763384, -0.000768795260228, 0.000765533710364, -0.000337306293659, 0.000201144459425, 0.000391216482967, -4.55366280221e-05], [-0.000516269530635, 0.00381234334782, -0.00104088033549, 0.00302661093883, -0.00188985804562, 0.00270795938559, -0.00295687047765, 0.00386597239412, -0.00372534501366, 0.00382580352016, -0.00369271682575, 0.000246363313636, -0.000459311646409], [0.000404234800953, -0.00104088033549, 0.00381155265495, -0.00335242599249, 0.000575120153371, -0.00165992695838, 0.0018085668562, -0.0012819665717, 0.00201812130399, 0.000791237864178, -0.0019605064299, -0.000670201377943, 0.000771775143221], [-0.000630322494544, 0.00302661093883, -0.00335242599249, 0.0105113051832, -0.0041941977106, 0.00360224023461, -0.00293205073103, 0.00277883815579, -0.00522765703499, 0.00249429396354, 0.000156656635227, 0.00163899816107, -0.00404433300719], [0.000326908397255, -0.00188985804562, 0.000575120153371, -0.0041941977106, 0.00743365008384, -0.00147741148248, 0.00214283051901, -0.00200037541799, 0.00311262952164, 0.000414405221818, -0.00388963636942, 0.00398949207738, -0.00109757413156], [-0.000635462754872, 0.00270795938559, -0.00165992695838, 0.00360224023461, -0.00147741148248, 0.010451965034, -0.00628722272813, 0.00744488090277, -0.00565853435546, 0.00083900912432, 0.00263636233285, -0.00755699304864, 0.00243035866879], [0.000539497763384, -0.00295687047765, 0.0018085668562, -0.00293205073103, 0.00214283051901, -0.00628722272813, 0.0161289609969, -0.0113881835714, 0.00473043229431, -0.00160996138584, -0.00485118711367, 0.0102563239634, -0.00774419726804], [-0.000768795260228, 0.00386597239412, -0.0012819665717, 0.00277883815579, -0.00200037541799, 0.00744488090277, -0.0113881835714, 0.0209185089916, -0.0115179903805, 0.00317182205617, 0.00198411638848, -0.00821764208376, 0.00641350960359], [0.000765533710364, -0.00372534501366, 0.00201812130399, -0.00522765703499, 0.00311262952164, -0.00565853435546, 0.00473043229431, -0.0115179903805, 0.0180124994367, -0.0084059080109, 0.00389473093674, 0.00496168108657, -0.0036823884584], [-0.000337306293659, 0.00382580352016, 0.000791237864178, 0.00249429396354, 0.000414405221818, 0.00083900912432, -0.00160996138584, 0.00317182205617, -0.0084059080109, 0.0227922741324, -0.0135421073064, 0.000892876181751, 0.00315842824057], [0.000201144459425, -0.00369271682575, -0.0019605064299, 0.000156656635227, -0.00388963636942, 0.00263636233285, -0.00485118711367, 0.00198411638848, 0.00389473093674, -0.0135421073064, 0.0253686774522, -0.00967869814485, 0.00187167502008], [0.000391216482967, 0.000246363313636, -0.000670201377943, 0.00163899816107, 0.00398949207738, -0.00755699304864, 0.0102563239634, -0.00821764208376, 0.00496168108657, 0.000892876181751, -0.00967869814485, 0.0261710882187, -0.0120140258223], [-4.55366280221e-05, -0.000459311646409, 0.000771775143221, -0.00404433300719, -0.00109757413156, 0.00243035866879, -0.00774419726804, 0.00641350960359, -0.0036823884584, 0.00315842824057, 0.00187167502008, -0.0120140258223, 0.0207399036735]], "cov": [[23123.9433594, 2362.02124023, -1822.41625977, 283.696380615, 36.5164299011, 156.393768311, 451.35345459, 306.879943848, 55.3602561951, -130.174499512, -221.462341309, -556.224243164, 10.894241333], [2362.02124023, 1372.93640137, 93.7396697998, 171.716583252, 448.417236328, -220.453826904, 219.877532959, -74.9407730103, -54.6091461182, -90.8706436157, 221.316101074, -148.588088989, 118.525238037], [-1822.41625977, 93.7396697998, 680.883972168, 176.717010498, 203.841995239, -58.8402748108, -30.0285549164, -85.8661346436, -80.5227279663, -42.1225624084, 125.835235596, 57.682723999, 54.3964576721], [283.696380615, 171.716583252, 176.717010498, 316.530334473, 215.190536499, -95.6647186279, 80.3619537354, 11.0996932983, 20.5616760254, -40.1231956482, 37.9285545349, -61.6579971313, 79.3681564331], [36.5164299011, 448.417236328, 203.841995239, 215.190536499, 431.555297852, -138.683761597, 84.7013397217, -47.3535995483, -54.0363807678, -44.899230957, 130.855941772, -73.3872833252, 72.6715774536], [156.393768311, -220.453826904, -58.8402748108, -95.6647186279, -138.683761597, 235.101882935, -22.6540279388, -5.84070587158, 26.8097400665, 24.3590393066, -50.9687423706, 67.3104171753, -17.9048900604], [451.35345459, 219.877532959, -30.0285549164, 80.3619537354, 84.7013397217, -22.6540279388, 192.307861328, 63.1167526245, 38.7332496643, -0.317409306765, 40.6508140564, -58.2285957336, 51.6016464233], [306.879943848, -74.9407730103, -85.8661346436, 11.0996932983, -47.3535995483, -5.84070587158, 63.1167526245, 141.066390991, 81.4319992065, 16.5558395386, -34.4844741821, -15.7577848434, -11.5817670822], [55.3602561951, -54.6091461182, -80.5227279663, 20.5616760254, -54.0363807678, 26.8097400665, 38.7332496643, 81.4319992065, 146.087753296, 34.9944229126, -35.6610221863, -18.2455997467, 2.45594334602], [-130.174499512, -90.8706436157, -42.1225624084, -40.1231956482, -44.899230957, 24.3590393066, -0.317409306765, 16.5558395386, 34.9944229126, 89.5377349854, 22.740737915, 12.3624238968, -21.3368816376], [-221.4