{"tonal": {"thpcp": [1, 0.626766264439, 0.337890952826, 0.235726743937, 0.216859728098, 0.285924106836, 0.359245419502, 0.320234417915, 0.266967684031, 0.259293705225, 0.274172604084, 0.307192027569, 0.291952550411, 0.368607193232, 0.563108205795, 0.5388225317, 0.333119988441, 0.222130715847, 0.224470362067, 0.358851790428, 0.777870714664, 0.986637532711, 0.646677315235, 0.351711422205, 0.296554416418, 0.300986289978, 0.350213825703, 0.389875680208, 0.357099026442, 0.374058485031, 0.437026321888, 0.369032591581, 0.300065636635, 0.3480425179, 0.512738704681, 0.902139306068], "hpcp": {"dmean2": [0.256698220968, 0.270860850811, 0.258600115776, 0.250339359045, 0.224603101611, 0.207218870521, 0.190170451999, 0.219727873802, 0.278315544128, 0.33590772748, 0.325678050518, 0.295061945915, 0.197345659137, 0.142299562693, 0.122014015913, 0.135213896632, 0.157296955585, 0.162087440491, 0.145075947046, 0.136691391468, 0.14471128583, 0.154672116041, 0.178609654307, 0.260484039783, 0.313985675573, 0.269446671009, 0.198560625315, 0.157357186079, 0.159925431013, 0.231198966503, 0.343792289495, 0.338500648737, 0.329292595387, 0.245920106769, 0.22427752614, 0.238219574094], "median": [0.054028917104, 0.0652201101184, 0.0583381541073, 0.0538970977068, 0.0486247166991, 0.0457960367203, 0.0546832606196, 0.0636006444693, 0.109007582068, 0.233411997557, 0.288985490799, 0.161873355508, 0.0651980862021, 0.0407120548189, 0.0405968241394, 0.0562026724219, 0.0701367631555, 0.0673849880695, 0.05386294052, 0.0515299104154, 0.0556999482214, 0.0604150407016, 0.0519497990608, 0.0543036870658, 0.0711681842804, 0.082760758698, 0.0520325228572, 0.0345500260592, 0.0343484356999, 0.0703971832991, 0.200303971767, 0.264593631029, 0.163782551885, 0.067787155509, 0.0449239350855, 0.0398815870285], "min": [0, 0, 0, 0, 0, 0, 0, 0, 0, 0, 0, 0, 0, 0, 0, 0, 0, 0, 0, 0, 0, 0, 0, 0, 0, 0, 0, 0, 0, 0, 0, 0, 0, 0, 0, 0], "dvar2": [0.148318722844, 0.153577879071, 0.138302892447, 0.135546118021, 0.111420884728, 0.102647393942, 0.0940746292472, 0.107057116926, 0.109677135944, 0.119571372867, 0.108036927879, 0.106986537576, 0.0813411772251, 0.0618572942913, 0.0498596206307, 0.0468739829957, 0.0597672089934, 0.0606056898832, 0.061578463763, 0.0503870695829, 0.0536336004734, 0.0583787970245, 0.0804185196757, 0.123649418354, 0.1739179492, 0.110797412694, 0.0897085219622, 0.0732632130384, 0.0756781697273, 0.0906968563795, 0.130267381668, 0.124581471086, 0.136879265308, 0.12454573065, 0.133228361607, 0.145889252424], "dvar": [0.0556450746953, 0.0562936253846, 0.0500779896975, 0.0481269545853, 0.0421202592552, 0.0376058146358, 0.0337902344763, 0.038898549974, 0.0409149676561, 0.0477392338216, 0.0458757095039, 0.0408147126436, 0.0297486297786, 0.0225699022412, 0.0182534921914, 0.0179278422147, 0.0233687721193, 0.0229892469943, 0.0226927567273, 0.0195488482714, 0.0202296916395, 0.0219045430422, 0.0290544424206, 0.0452257394791, 0.0702153295279, 0.0442262478173, 0.0330149568617, 0.0265539586544, 0.0270616840571, 0.0334684439003, 0.0494553372264, 0.0526208132505, 0.050081487745, 0.0444187521935, 0.0486970543861, 0.0553991422057], "dmean": [0.1429785043, 0.151139497757, 0.144100338221, 0.140108630061, 0.128734514117, 0.117978788912, 0.107400879264, 0.124567069113, 0.161870718002, 0.199869692326, 0.198167666793, 0.174102291465, 0.114013016224, 0.0819341465831, 0.0710156038404, 0.0804654434323, 0.0949027016759, 0.0950704813004, 0.0846295803785, 0.0803424045444, 0.0851580873132, 0.091321863234, 0.102254234254, 0.145033299923, 0.176911905408, 0.15737375617, 0.115296557546, 0.0886586308479, 0.0900467634201, 0.132029697299, 0.200551524758, 0.199408739805, 0.189504295588, 0.136819347739, 0.125009298325, 0.132185399532], "max": [1, 1, 1, 1, 1, 1, 1, 1, 1, 1, 1, 1, 1, 1, 1, 1, 1, 1, 1, 1, 1, 1, 1, 1, 1, 1, 1, 1, 1, 1, 1, 1, 1, 1, 1, 1], "var": [0.0477987192571, 0.0516611561179, 0.0455263443291, 0.0492273122072, 0.0720693543553, 0.0517165549099, 0.0318050794303, 0.03812899068, 0.0546979308128, 0.108090527356, 0.119119785726, 0.0632188022137, 0.0339730978012, 0.0217225980014, 0.0177210792899, 0.0241678468883, 0.0359146557748, 0.0274426545948, 0.0232495646924, 0.0233046207577, 0.0244003608823, 0.0282100345939, 0.0288652535528, 0.0450901463628, 0.0961406230927, 0.0720840990543, 0.0380058810115, 0.0235689878464, 0.0240508280694, 0.036560498178, 0.088088452816, 0.121631644666, 0.0655498430133, 0.0376690886915, 0.0397008396685, 0.0457183532417], "mean": [0.138835132122, 0.15455827117, 0.141564637423, 0.148287862539, 0.173250183463, 0.146295458078, 0.118954904377, 0.137974366546, 0.203264802694, 0.357634752989, 0.396429628134, 0.248468726873, 0.13394998014, 0.0934490635991, 0.085969619453, 0.113348782063, 0.142415523529, 0.126950412989, 0.105833902955, 0.102791711688, 0.108690142632, 0.121780015528, 0.115738637745, 0.146126806736, 0.223232775927, 0.213605225086, 0.132058635354, 0.088059194386, 0.0889867022634, 0.142259478569, 0.308371007442, 0.391132354736, 0.256362050772, 0.139428824186, 0.117562957108, 0.119319885969]}, "tuning_equal_tempered_deviation": 0.272831439972, "chords_changes_rate": 0.0677055343986, "key_key": "C", "tuning_diatonic_strength": 0.767359614372, "key_scale": "major", "chords_number_rate": 0.00107469107024, "tuning_frequency": 434.193115234, "tuning_nontempered_energy_ratio": 0.934910655022, "chords_histogram": [43.0413742065, 0.37614184618, 2.50761246681, 0, 0, 0, 0.429876416922, 0, 0, 0, 0.23284971714, 0, 0, 0.322407305241, 0, 3.38527679443, 0, 38.7067871094, 0.10746910423, 1.80906319618, 0.429876416922, 0, 8.16765213013, 0.483610957861], "key_strength": 0.817890405655, "chords_key": "C", "chords_strength": {"dmean2": 0.0107677988708, "median": 0.572320580482, "min": -1, "dvar2": 0.000571936776396, "dvar": 0.000355938158464, "dmean": 0.00994047708809, "max": 0.803263068199, "var": 0.0173271615058, "mean": 0.56246560812}, "chords_scale": "major", "hpcp_entropy": {"dmean2": 1.04088127613, "median": 2.57562541962, "min": 0, "dvar2": 0.689590752125, "dvar": 0.263022303581, "dmean": 0.62486577034, "max": 4.64533519745, "var": 0.659120500088, "mean": 2.5683760643}}, "metadata": {"audio_properties": {"equal_loudness": 0, "codec": "flac", "downmix": "mix", "sample_rate": 44100, "analysis_sample_rate": 44100, "bit_rate": 0, "md5_encoded": "af334c6534012f00f241be41521f752b", "length": 259.226654053, "replay_gain": -14.7879676819, "lossless": true}, "version": {"essentia_build_sha": "70f2e5ece6736b2c40cc944ad0e695b16b925413", "essentia": "2.1-beta2", "extractor": "music 1.0", "essentia_git_sha": "v2.1_beta2"}, "tags": {"title": ["Baby Faced Killer"], "barcode": ["5060143300622"], "media": ["CD"], "albumartist": ["Big Sexy Noise"], "tracktotal": ["12"], "language": ["eng"], "releasetype": ["album"], "musicbrainz_recordingid": ["12c005e8-27c9-4331-aa59-a5bc4f31239d"], "composer": ["Lydia Lunch"], "musicbrainz_releasegroupid": ["04da125b-b9c1-4ac5-85da-582c7181069a"], "musicbrainz_albumartistid": ["1adc46ae-ca80-4d2f-a28c-69845b5f95c8"], "musicbrainz_releasetrackid": ["e6e95723-7df5-35bf-bb93-fa0e967a31da"], "discnumber": ["1"], "totaldiscs": ["1"], "catalognumber": ["FIT044CD"], "releasecountry": ["US"], "file_name": "05_Baby_Faced_Killer.flac", "originaldate": ["2009-11"], "albumartistsort": ["Big Sexy Noise"], "date": ["2010-01"], "genre": ["Experimental; Psychedelic; Rock"], "disctotal": ["1"], "musicbrainz_artistid": ["1adc46ae-ca80-4d2f-a28c-69845b5f95c8"], "asin": ["B002TVOMIO"], "musicbrainz_albumid": ["e56a4fe6-679e-4482-88ac-2bf9b1f548e5"], "artist": ["Big Sexy Noise"], "tracknumber": ["5"], "artistsort": ["Big Sexy Noise"], "album": ["Big Sexy Noise"], "label": ["Sartorial"], "releasestatus": ["official"], "acoustid_id": ["028010b5-339b-4e74-b588-cb10808fc90c"], "script": ["Latn"], "totaltracks": ["12"]}}, "rhythm": {"bpm_histogram_first_peak_bpm": {"dmean2": 0, "median": 148, "min": 148, "dvar2": 0, "dvar": 0, "dmean": 0, "max": 148, "var": 0, "mean": 148}, "bpm": 146.938110352, "bpm_histogram_second_peak_spread": {"dmean2": 0, "median": 0.117647051811, "min": 0.117647051811, "dvar2": 0, "dvar": 0, "dmean": 0, "max": 0.117647051811, "var": 0, "mean": 0.117647051811}, "bpm_histogram_first_peak_weight": {"dmean2": 0, "median": 0.405103653669, "min": 0.405103653669, "dvar2": 0, "dvar": 0, "dmean": 0, "max": 0.405103653669, "var": 0, "mean": 0.405103653669}, "onset_rate": 1.79756772518, "beats_position": [0.394739210606, 0.812698423862, 1.23065757751, 1.64861679077, 2.06657600403, 2.48453521729, 2.90249419212, 3.32045340538, 3.73841261864, 4.1679816246, 4.59755086899, 5.02712011337, 5.45668935776, 5.88625860214, 6.31582736969, 6.73378658295, 7.1517457962, 7.56970500946, 8.01088428497, 8.44045352936, 8.87002277374, 9.287981987, 9.70594120026, 10.1355104446, 10.5534696579, 10.9714279175, 11.4009971619, 11.8189563751, 12.2369155884, 12.6548748016, 13.0728340149, 13.4907932281, 13.8971424103, 14.3151016235, 14.7446708679, 15.15102005, 15.5573692322, 15.9753284454, 16.3932876587, 16.8112468719, 17.2292060852, 17.6471652985, 18.0535144806, 18.4598636627, 18.877822876, 19.3190021515, 19.760181427, 20.1781406403, 20.6077098846, 21.0256690979, 21.4436283112, 21.8731975555, 22.2911567688, 22.7091159821, 23.1270751953, 23.5450344086, 23.9513835907, 24.3577327728, 24.7756919861, 25.1936511993, 25.6232185364, 26.0411777496, 26.4591369629, 26.865486145, 27.2834453583, 27.7014045715, 28.1309738159, 28.5489330292, 28.9668922424, 29.3964614868, 29.8144207001, 30.2323799133, 30.6619491577, 31.0915184021, 31.5094776154, 31.9274368286, 32.3453979492, 32.7517471313, 33.1580963135, 33.5644454956, 33.9707946777, 34.3887519836, 34.8067131042, 35.2246704102, 35.6426315308, 36.0605888367, 36.4785499573, 36.8848991394, 37.3028564453, 37.7092056274, 38.1271629333, 38.5335159302, 38.9282531738, 39.334602356, 39.7409515381, 40.1473007202, 40.5536499023, 40.9599990845, 41.3779602051, 41.795917511, 42.2138786316, 42.6318359375, 43.0497932434, 43.467754364, 43.8857116699, 44.3036727905, 44.7216300964, 45.139591217, 45.5575485229, 45.9755096436, 46.3934669495, 46.7998161316, 47.2177772522, 47.6357345581, 48.0536956787, 48.4716529846, 48.8780021667, 49.3075714111, 49.7255325317, 50.1434898376, 50.5498390198, 50.9678001404, 51.3857574463, 51.7921066284, 52.210067749, 52.6164169312, 53.0343742371, 53.4523353577, 53.8586845398, 54.2766418457, 54.6946029663, 55.1009521484, 55.5073013306, 55.9252586365, 56.3432197571, 56.7495689392, 57.1559181213, 57.5622673035, 57.9802246094, 58.3865737915, 58.7929229736, 59.2108840942, 59.6288414001, 60.0468025208, 60.4647598267, 60.8827209473, 61.3006782532, 61.7070274353, 62.1133766174, 62.531337738, 62.9492950439, 63.3556442261, 63.7619934082, 64.1683425903, 64.5746917725, 64.9694290161, 65.3641738892, 65.7589111328, 66.1536483765, 66.5483856201, 66.9547348022, 67.3610839844, 67.779045105, 68.1853942871, 68.5917434692, 69.0097045898, 69.4276657104, 69.8340148926, 70.2635803223, 70.7047576904, 71.1343307495, 71.5522918701, 71.9586410522, 72.3765945435, 72.7945556641, 73.2125167847, 73.6188659668, 74.0368270874, 74.4547805786, 74.8611297607, 75.2674789429, 75.6854400635, 76.1034011841, 76.5213623047, 76.9393157959, 77.3572769165, 77.7636260986, 78.1699752808, 78.5763244629, 78.982673645, 79.3890228271, 79.8069839478, 80.2249450684, 80.6428985596, 81.0608596802, 81.4788208008, 81.8967819214, 82.3147354126, 82.7326965332, 83.1506576538, 83.5686187744, 83.9865722656, 84.4045333862, 84.8224945068, 85.2404556274, 85.6584091187, 86.0763702393, 86.4943313599, 86.9122848511, 87.3302459717, 87.7482070923, 88.1661682129, 88.5841217041, 88.9904708862, 89.3968200684, 89.8031692505, 90.1979141235, 90.6042633057, 91.0106124878, 91.4053497314, 91.8000869751, 92.2064361572, 92.6011810303, 93.0075302124, 93.4254837036, 93.8318328857, 94.2497940063, 94.6561431885, 95.0624923706, 95.4804534912, 95.8984146118, 96.316368103, 96.7343292236, 97.1522903442, 97.5702438354, 97.9882049561, 98.4061660767, 98.8125152588, 99.2188644409, 99.625213623, 100.031562805, 100.437911987, 100.867477417, 101.273826599, 101.680175781, 102.098136902, 102.516098022, 102.922447205, 103.328796387, 103.746757507, 104.164710999, 104.571060181, 104.965805054, 105.372154236, 105.766891479, 106.161628723, 106.567977905, 106.985939026, 107.415504456, 107.833465576, 108.251426697, 108.657775879, 109.064125061, 109.470474243, 109.876823425, 110.294784546, 110.712738037, 111.130699158, 111.53704834, 111.943397522, 112.361358643, 112.779319763, 113.197273254, 113.603622437, 114.033195496, 114.451156616, 114.869110107, 115.287071228, 115.705032349, 116.111381531, 116.517730713, 116.924079895, 117.330429077, 117.736778259, 118.143127441, 118.537864685, 118.967437744, 119.397003174, 119.826576233, 120.256141663, 120.662490845, 121.068840027, 121.475189209, 121.881538391, 122.287887573, 122.694236755, 123.100585938, 123.50693512, 123.92489624, 124.342857361, 124.749206543, 125.155555725, 125.561904907, 125.968254089, 126.374603271, 126.792556763, 127.198905945, 127.616867065, 128.023223877, 128.441177368, 128.847518921, 129.253875732, 129.660217285, 130.066574097, 130.472915649, 130.867660522, 131.262405396, 131.65713501, 132.051879883, 132.446624756, 132.852966309, 133.247711182, 133.654052734, 134.072021484, 134.489974976, 134.907928467, 135.30267334, 135.709014893, 136.115371704, 136.510116577, 136.928070068, 137.34602356, 137.752380371, 138.158721924, 138.565078735, 138.971420288, 139.3777771, 139.784118652, 140.202087402, 140.620040894, 141.037994385, 141.444351196, 141.850692749, 142.257049561, 142.663391113, 143.069747925, 143.476104736, 143.870834351, 144.277191162, 144.671920776, 145.078277588, 145.484619141, 145.890975952, 146.297317505, 146.715286255, 147.121627808, 147.527984619, 147.94593811, 148.352294922, 148.758636475, 149.153381348, 149.5597229, 149.966079712, 150.372421265, 150.778778076, 151.196731567, 151.603088379, 152.009429932, 152.415786743, 152.822128296, 153.228485107, 153.63482666, 154.029571533, 154.435913086, 154.853881836, 155.260223389, 155.654968262, 156.049697876, 156.456054688, 156.850784302, 157.245529175, 157.651885986, 158.058227539, 158.452972412, 158.859313965, 159.265670776, 159.683624268, 160.101577759, 160.50793457, 160.925888062, 161.343856812, 161.750198364, 162.168167114, 162.586120605, 163.004074097, 163.422042847, 163.839996338, 164.246353149, 164.652694702, 165.059051514, 165.465393066, 165.883346558, 166.301315308, 166.70765686, 167.12562561, 167.531967163, 167.938323975, 168.344665527, 168.7394104, 169.134140015, 169.552108765, 169.970062256, 170.376419067, 170.78276062, 171.20072937, 171.607070923, 172.013427734, 172.419769287, 172.849334717, 173.267303467, 173.685256958, 174.103210449, 174.521179199, 174.927520752, 175.333877563, 175.740219116, 176.146575928, 176.55291748, 176.959274292, 177.377227783, 177.783584595, 178.189926147, 178.596282959, 179.002624512, 179.408981323, 179.815322876, 180.221679688, 180.639633179, 181.04598999, 181.440719604, 181.835464478, 182.24180603, 182.636550903, 183.042892456, 183.437637329, 183.832382202, 184.227111816, 184.633468628, 185.028198242, 185.434555054, 185.852508545, 186.270477295, 186.700042725, 187.117996216, 187.524353027, 187.93069458, 188.337051392, 188.731781006, 189.149749756, 189.54447937, 189.939224243, 190.357177734, 190.775146484, 191.169876099, 191.564620972, 191.970977783, 192.377319336, 192.783676147, 193.1900177, 193.596374512, 194.002716064, 194.409072876, 194.815414429, 195.22177124, 195.628112793, 196.034469604, 196.440811157, 196.847167969, 197.253509521, 197.648254395, 198.042984009, 198.460952759, 198.87890625, 199.285263062, 199.691604614, 200.109558105, 200.527526855, 200.933868408, 201.328613281, 201.734954834, 202.152923584, 202.547653198, 202.942398071, 203.348754883, 203.766708374, 204.173049927, 204.5677948, 204.974151611, 205.380493164, 205.775238037, 206.169967651, 206.576324463, 206.982666016, 207.377410889, 207.7837677, 208.190109253, 208.608062744, 209.014419556, 209.409164429, 209.803894043, 210.210250854, 210.604980469, 210.999725342, 211.394470215, 211.800811768, 212.207168579, 212.613510132, 213.019866943, 213.414596558, 213.809341431, 214.204071045, 214.598815918, 214.993560791, 215.376678467, 215.783035278, 216.189376831, 216.595733643, 216.990478516, 217.38520813, 217.779953003, 218.174682617, 218.581039429, 218.99899292, 219.405349731, 219.811691284, 220.206436157, 220.589569092, 220.984298706, 221.379043579, 221.762176514, 222.145309448, 222.528427124, 222.911560059, 223.283081055, 223.666213989, 224.049331665, 224.467300415, 224.873641968, 225.279998779, 225.674728394, 226.081085205, 226.475830078, 226.870559692, 227.265304565, 227.671646118, 228.07800293, 228.472732544, 228.879089355, 229.273834229, 229.668563843, 230.074920654, 230.469650269, 230.87600708, 231.282348633, 231.688705444, 232.083435059, 232.478179932, 232.872924805, 233.267654419, 233.662399292, 234.057144165, 234.451873779, 234.846618652, 235.241363525, 235.647705078, 236.05406189, 236.460403442, 236.855148315, 237.261489868, 237.66784668, 238.074188232, 238.480545044, 238.886886597, 239.293243408, 239.699584961, 240.105941772, 240.512283325, 240.918640137, 241.324981689, 241.731338501, 242.137680054, 242.520812988, 242.915557861, 243.310287476, 243.716644287, 244.111373901, 244.506118774, 244.900863647, 245.3072052, 245.701950073, 246.085067749, 246.479812622, 246.874557495, 247.280899048, 247.675643921, 248.070373535, 248.45350647, 248.859863281, 249.254592896, 249.649337769, 250.032470703, 250.427200317, 250.82194519, 251.286346436, 251.750747681, 252.215148926, 252.749206543, 253.271652222, 253.805709839, 254.339767456, 254.862213135, 255.384674072, 255.907119751, 256.441162109, 256.975219727, 257.520904541, 258.066558838, 258.600616455], "beats_loudness": {"dmean2": 0.0116188023239, "median": 0.0333615802228, "min": 0, "dvar2": 8.57372215251e-05, "dvar": 2.89547115244e-05, "dmean": 0.00654606707394, "max": 0.0572267398238, "var": 4.25943071605e-05, "mean": 0.0337672568858}, "danceability": 1.24363303185, "bpm_histogram_second_peak_weight": {"dmean2": 0, "median": 0.047846890986, "min": 0.047846890986, "dvar2": 0, "dvar": 0, "dmean": 0, "max": 0.047846890986, "var": 0, "mean": 0.047846890986}, "beats_count": 628, "bpm_histogram_second_peak_bpm": {"dmean2": 0, "median": 140, "min": 140, "dvar2": 0, "dvar": 0, "dmean": 0, "max": 140, "var": 0, "mean": 140}, "bpm_histogram_first_peak_spread": {"dmean2": 0, "median": 0.550442457199, "min": 0.550442457199, "dvar2": 0, "dvar": 0, "dmean": 0, "max": 0.550442457199, "var": 0, "mean": 0.550442457199}, "beats_loudness_band_ratio": {"dmean2": [0.463148802519, 0.160330027342, 0.133855864406, 0.165274068713, 0.163659200072, 0.101811051369], "median": [0.423566162586, 0.103955343366, 0.0668883621693, 0.0706809908152, 0.152598068118, 0.0844646543264], "min": [0, 0, 0, 0, 0, 0], "dvar2": [0.0947573781013, 0.0174066051841, 0.0167602300644, 0.0242673102766, 0.0127594340593, 0.00978917814791], "dvar": [0.0435454025865, 0.00656557828188, 0.00648788968101, 0.0087780430913, 0.0055416719988, 0.00322116236202], "dmean": [0.277513623238, 0.0979683250189, 0.0780504122376, 0.0980039313436, 0.0967318192124, 0.0594855807722], "max": [0.985728859901, 0.485757559538, 0.657670080662, 0.605860292912, 0.445590466261, 0.519748389721], "var": [0.0679658129811, 0.00859214644879, 0.00697303749621, 0.0119656519964, 0.00884194578975, 0.00376949599013], "mean": [0.477004230022, 0.123063057661, 0.0883134230971, 0.109484948218, 0.152183175087, 0.0898259729147]}}, "lowlevel": {"barkbands_spread": {"dmean2": 9.32886219025, "median": 35.9380493164, "min": 2.20367479324, "dvar2": 77.2571716309, "dvar": 34.5719718933, "dmean": 5.91586780548, "max": 91.2792129517, "var": 132.336624146, "mean": 35.1309738159}, "melbands_spread": {"dmean2": 14.469037056, "median": 38.8168907166, "min": 1.2703666687, "dvar2": 173.610671997, "dvar": 74.0023880005, "dmean": 9.13143348694, "max": 161.24458313, "var": 440.16998291, "mean": 39.4254493713}, "hfc": {"dmean2": 8.46961784363, "median": 31.304725647, "min": 1.07681763337e-16, "dvar2": 79.7099914551, "dvar": 38.1254997253, "dmean": 5.44865560532, "max": 148.235931396, "var": 197.911621094, "mean": 31.2871284485}, "barkbands_kurtosis": {"dmean2": 2.75406956673, "median": -0.799798250198, "min": -1.87560415268, "dvar2": 33.6083526611, "dvar": 13.0313777924, "dmean": 1.6728361845, "max": 81.6562652588, "var": 24.0989131927, "mean": 0.910269320011}, "gfcc": {"mean": [25.6851959229, 91.3804550171, -136.768264771, 61.8456993103, -35.8976554871, 2.487803936, -27.8407249451, 5.18312692642, -23.261384964, 3.39462351799, -11.863866806, -2.67370915413, -9.23175048828], "icov": [[0.000269005773589, -0.000416167284129, 0.000536705658305, -0.000523785478435, 0.000324831111357, -0.000732828862965, 0.000839201209601, -0.000804889074061, 0.00080392655218, -0.000840805238113, 0.00121835805476, -0.00121116545051, 0.00103166385088], [-0.000416167284129, 0.00447174394503, 0.00105059787165, 0.000118450559967, -0.00213514640927, 0.00330304447562, -0.00368799827993, 0.00104224681854, -0.00144919683225, 0.0021742223762, -0.00350403110497, 0.0051957317628, -0.00406836811453], [0.000536705658305, 0.00105059787165, 0.00401076069102, -0.0014040680835, -0.00148209067993, -0.000619018741418, 0.0012361148838, -0.00299965264276, 0.00102861050982, -0.00120533222798, 0.00261490023695, -0.00233392836526, 0.00202885386534], [-0.000523785478435, 0.000118450559967, -0.0014040680835, 0.00507890386507, -0.00132090819534, 0.00105347693898, 0.000693436770234, 0.00117978209164, -0.00192151451483, 0.00129115453456, -0.00421240972355, 0.00324906571768, -0.00266975793056], [0.000324831111357, -0.00213514640927, -0.00148209067993, -0.00132090819534, 0.00861237291247, -0.00188577966765, -0.00194018753245, 0.00250138831325, -0.000960440374911, -0.00298652658239, 0.00164366862737, -0.00216050236486, 0.00148405798245], [-0.000732828862965, 0.00330304447562, -0.000619018741418, 0.00105347693898, -0.00188577966765, 0.0113943545148, -0.00731475558132, 0.00221301405691, 0.000531934958417, 0.00268746144138, -0.00628047902137, 0.00574718043208, -0.00460790703073], [0.000839201209601, -0.00368799827993, 0.0012361148838, 0.000693436770234, -0.00194018753245, -0.00731475558132, 0.0173625331372, -0.00586838647723, 0.000464267795905, 0.000318912760122, 0.00168230268173, -0.00685379654169, 0.00384436408058], [-0.000804889074061, 0.00104224681854, -0.00299965264276, 0.00117978209164, 0.00250138831325, 0.00221301405691, -0.00586838647723, 0.0146699622273, -0.00786251947284, 0.00314409099519, -0.00057003099937, 0.00141131400596, -0.00244290521368], [0.00080392655218, -0.00144919683225, 0.00102861050982, -0.00192151451483, -0.000960440374911, 0.000531934958417, 0.000464267795905, -0.00786251947284, 0.0225554704666, -0.01153171435, 0.00164005102124, 0.00290040741675, -0.00147568015382], [-0.000840805238113, 0.0021742223762, -0.00120533222798, 0.00129115453456, -0.00298652658239, 0.00268746144138, 0.000318912760122, 0.00314409099519, -0.01153171435, 0.0242857933044, -0.00881895981729, -0.00252411724068, 0.000583430984989], [0.00121835805476, -0.00350403110497, 0.00261490023695, -0.00421240972355, 0.00164366862737, -0.00628047902137, 0.00168230268173, -0.00057003099937, 0.00164005102124, -0.00881895981729, 0.0262493584305, -0.0120264105499, 0.00466144317761], [-0.00121116545051, 0.0051957317628, -0.00233392836526, 0.00324906571768, -0.00216050236486, 0.00574718043208, -0.00685379654169, 0.00141131400596, 0.00290040741675, -0.00252411724068, -0.0120264105499, 0.0305202472955, -0.0147387180477], [0.00103166385088, -0.00406836811453, 0.00202885386534, -0.00266975793056, 0.00148405798245, -0.00460790703073, 0.00384436408058, -0.00244290521368, -0.00147568015382, 0.000583430984989, 0.00466144317761, -0.0147387180477, 0.0262003298849]], "cov": [[13100.2539062, 411.522125244, -1446.49243164, 412.745391846, -647.061218262, 45.0366020203, -411.673828125, 89.4665679932, -319.811798096, 13.3048677444, -201.210067749, 21.8577518463, -154.762054443], [411.522125244, 662.980163574, -330.020690918, 92.2069168091, 93.3835678101, -32.728427887, 85.7874679565, -34.0692138672, 40.4914283752, -16.0513439178, 54.2877006531, -53.9940719604, 57.4901618958], [-1446.49243164, -330.020690918, 664.272277832, 9.92456531525, 100.01965332, -2.35300421715, 5.50562953949, 73.1118164062, 42.7094917297, 32.4297142029, -19.1095466614, 35.4507102966, -19.7601909637], [412.745391846, 92.2069168091, 9.92456531525, 312.228759766, 50.077331543, -11.9965314865, -28.7718868256, -9.6403465271, 29.4698505402, 24.907081604, 36.7618904114, -10.4534378052, 16.173166275], [-647.061218262, 93.3835678101, 100.01965332, 50.077331543, 224.689468384, 30.6660690308, 66.5799331665, -22.8225708008, 41.9711418152, 32.2901000977, 38.4223861694, 9.52697563171, 18.2741718292], [45.0366020203, -32.728427887, -2.35300421715, -11.9965314865, 30.6660690308, 162.323287964, 61.3192901611, -5.59051656723, -16.3179798126, -6.56541967392, 26.4864597321, 10.1911458969, 9.64458751678], [-411.673828125, 85.7874679565, 5.50562953949, -28.7718868256, 66.5799331665, 61.3192901611, 135.13885498, 22.5439434052, 20.04322052, -2.7432923317, 28.216091156, 13.2036647797, 19.0566310883], [89.4665679932, -34.0692138672, 73.1118164062, -9.6403465271, -22.8225708008, -5.59051656723, 22.5439434052, 121.06552124, 33.3775177002, 3.52419042587, -14.1779747009, 6.90426826477, 1.04067862034], [-319.811798096, 40.4914283752, 42.7094917297, 29.4698505402, 41.9711418152, -16.3179798126, 20.04322052, 33.3775177002, 91.2324905396, 36.9041938782, 16.5180664062, -3.26582574844, 13.0406942368], [13.3048677444, -16.0513439178, 32.4297142029, 24.907081604, 32.2901000977, -6.56541967392, -2.7432923317, 3.52419042587, 36.9041938782, 77.1184768677, 27.2484264374, 20.2403850555, 1.65722584724], [-201.210067749, 54.2877006531, -19.1095466614, 36.7618904114, 38.4223861694, 26.4864597321, 28.216091156, -14.1779747009, 16.5180664062, 27.2484264374, 79.6974563599, 22.6558380127, 17.4870948792], [21.8577518463, -53.9940719604, 35.4507102966, -10.4534378052, 9.52697563171, 10.1911458969, 13.2036647797, 6.90426826477, -3.26582574844, 20.2403850555, 22.6558380127, 69.1761474609, 21.1527328491], [-154.762054443, 57.4901618958, -19.7601909637, 16.173166275, 18.2741718292, 9.64458751678, 19.0566310883, 1.04067862034, 13.0406942368, 1.65722584724, 17.4870948792, 21.1527328491, 63.8141441345]]}, "spectral_energyband_middle_low": {"dmean2": 0.00389028666541, "median": 0.00744648557156, "min": 1.43668900537e-22, "dvar2": 1.49386669364e-05, "dvar": 6.16671741227e-06, "dmean": 0.00243863696232, "max": 0.0304374210536, "var": 2.05474298127e-05, "mean": 0.00824068952352}, "melbands_crest": {"dmean2": 5.49014377594, "median": 13.3906412125, "min": 1.56963133812, "dvar2": 19.2402629852, "dvar": 8.3153924942, "dmean": 3.48076820374, "max": 33.7960662842, "var": 40.3760452271, "mean": 14.5967760086}, "spectral_kurtosis": {"dmean2": 2.22801399231, "median": 3.5907535553, "min": -1.26762974262, "dvar2": 4.45840501785, "dvar": 1.43935406208, "dmean": 1.28467750549, "max": 18.6579284668, "var": 2.50222730637, "mean": 3.74311995506}, "spectral_rms": {"dmean2": 0.000713520799764, "median": 0.00550746079534, "min": 3.1164725748e-12, "dvar2": 4.66830584855e-07, "dvar": 1.75068095132e-07, "dmean": 0.000437505688751, "max": 0.00916662160307, "var": 6.19727018147e-07, "mean": 0.00551078096032}, "zerocrossingrate": {"dmean2": 0.0100316582248, "median": 0.0703125, "min": 0.00732421875, "dvar2": 0.000147669881699, "dvar": 9.42771439441e-05, "dmean": 0.00825459510088, "max": 0.5224609375, "var": 0.00215394096449, "mean": 0.0737094804645}, "silence_rate_60dB": {"dmean2": 0.000358326622518, "median": 0, "min": 0, "dvar2": 0.000358190154657, "dvar": 0.000179115158971, "dmean": 0.000179147260496, "max": 1, "var": 0.0103692142293, "mean": 0.010479176417}, "erbbands_kurtosis": {"dmean2": 1.19422852993, "median": 0.345343589783, "min": -1.83924162388, "dvar2": 1.45479869843, "dvar": 0.596272468567, "dmean": 0.744844615459, "max": 16.1256504059, "var": 2.19188094139, "mean": 0.628070294857}, "erbbands": {"dmean2": [0.215266793966, 1.93303704262, 4.61499452591, 5.39465999603, 6.86931037903, 9.46243190765, 7.10872745514, 7.94705247879, 10.2494859695, 18.1897315979, 11.1756467819, 11.1500244141, 19.6949501038, 11.9021711349, 23.1533164978, 32.0896339417, 23.6796894073, 50.7851371765, 27.8594093323, 38.6088562012, 40.2881851196, 44.615234375, 30.4904994965, 53.4144325256, 33.9228401184, 23.4547328949, 18.95079422, 10.9423274994, 3.34099984169, 2.44350361824, 1.76023471355, 1.27270960808, 0.841152191162, 0.324484914541, 0.1273227036, 0.0457356758416, 0.0262785796076, 0.00655586225912, 0.000839597079903, 4.42097007181e-05], "median": [0.0853116288781, 1.14426290989, 3.04561281204, 4.21557092667, 5.40767192841, 7.0250210762, 6.04808664322, 5.74781608582, 6.28753614426, 8.28248977661, 5.39295148849, 5.33905506134, 7.19339895248, 5.00610303879, 11.3861017227, 14.7600650787, 15.6979846954, 22.0041675568, 18.8331871033, 40.8748664856, 47.3271179199, 53.964515686, 41.9347343445, 69.4705505371, 43.1410369873, 35.1909255981, 26.0361862183, 13.6407613754, 3.73638796806, 2.16523623466, 1.27358305454, 0.59084880352, 0.292297303677, 0.139680102468, 0.0566544607282, 0.02039302513, 0.00593811506405, 0.00105112849269, 0.000123495745356, 4.55742811027e-05], "min": [1.16216541035e-22, 7.41214009468e-22, 7.16943851749e-22, 6.05012461211e-21, 2.54780885981e-20, 2.26514169589e-20, 5.28083993775e-20, 1.05930532852e-19, 1.53830132282e-19, 1.3054833261e-19, 1.71828910327e-19, 3.28681276223e-19, 5.05658455285e-19, 8.48184537763e-19, 5.872219792e-19, 1.27493223736e-18, 1.76141680114e-18, 1.44767008993e-18, 2.04577957545e-18, 3.3670084913e-18, 3.99965318099e-18, 3.69857019137e-18, 5.19678742737e-18, 7.22453177713e-18, 7.60673223352e-18, 8.12706275322e-18, 9.06511038328e-18, 9.86626458504e-18, 1.19521634542e-17, 1.01372679789e-17, 1.08134360172e-17, 1.03312037822e-17, 1.01272954894e-17, 8.3798797541e-18, 5.97976681671e-18, 3.68008353186e-18, 2.19490224871e-18, 9.74854065385e-19, 2.40649923701e-19, 2.78269600359e-20], "dvar2": [0.100296407938, 6.76122379303, 28.4256916046, 36.4818649292, 71.5741882324, 147.968139648, 71.1688308716, 118.455413818, 275.542480469, 1370.31298828, 560.386962891, 541.747436523, 1870.28381348, 846.45123291, 1649.6854248, 4216.19140625, 2100.97509766, 11902.3876953, 2592.77124023, 1861.2557373, 2393.48364258, 2269.37426758, 1197.5871582, 3002.14794922, 1392.98095703, 690.230529785, 556.389709473, 208.086242676, 48.7374649048, 45.2954978943, 29.6716442108, 28.5858802795, 16.8475646973, 1.49669229984, 0.198173061013, 0.0167562104762, 0.00722969695926, 0.000582192500588, 9.48262550082e-06, 1.74183210078e-08], "dvar": [0.0462043397129, 2.56269812584, 10.5970344543, 13.8097791672, 27.824552536, 55.1132659912, 29.0967254639, 49.0899772644, 115.584243774, 561.711914062, 224.554702759, 236.460494995, 880.390991211, 427.608795166, 765.080627441, 1672.75061035, 823.821044922, 4050.47216797, 928.970336914, 721.557434082, 933.104797363, 852.788696289, 499.85067749, 1126.43859863, 539.948852539, 281.03338623, 215.405075073, 83.7261581421, 20.5472717285, 21.5520839691, 15.7690792084, 15.424071312, 9.52421474457, 0.853941261768, 0.100999593735, 0.00741499522701, 0.00304710259661, 0.000236719177337, 3.77679361918e-06, 6.80349732107e-09], "dmean": [0.140822097659, 1.15418887138, 2.74854397774, 3.20647001266, 4.19343137741, 5.71833324432, 4.41014766693, 4.89383172989, 6.23897075653, 11.2200450897, 6.86288499832, 6.96241807938, 12.7907066345, 7.79922437668, 14.6906757355, 19.4050178528, 14.6452198029, 29.9472293854, 16.6741218567, 23.1850738525, 24.4798145294, 26.6474380493, 18.7953071594, 32.0604400635, 20.7338790894, 14.5442085266, 11.6669645309, 6.7127737999, 2.12569522858, 1.60446298122, 1.18010151386, 0.863213181496, 0.577929913998, 0.223608061671, 0.0867597907782, 0.0304668545723, 0.0170763228089, 0.00417300499976, 0.000526006391738, 2.75270176644e-05], "max": [2.45037174225, 14.8751678467, 34.2469902039, 60.0998954773, 64.8084640503, 123.867279053, 121.596542358, 146.123535156, 224.777511597, 542.590942383, 327.098632812, 532.642150879, 631.228637695, 955.316345215, 613.995727539, 874.721923828, 628.673217773, 1279.78540039, 818.10723877, 579.931274414, 545.450744629, 473.812988281, 521.500915527, 569.427246094, 494.125488281, 381.121307373, 225.256912231, 262.678771973, 184.897689819, 253.640975952, 134.855422974, 120.047111511, 117.953163147, 39.4110221863, 14.6567468643, 2.76968622208, 1.80809652805, 0.514587581158, 0.0688113048673, 0.00240952637978], "var": [0.150601789355, 3.63012695312, 17.5246200562, 32.6034622192, 52.4337997437, 116.684379578, 72.6836013794, 106.197929382, 198.645278931, 900.628479004, 359.570251465, 754.421508789, 2582.36499023, 1777.95007324, 2840.3828125, 3720.08496094, 2231.28076172, 8880.609375, 1910.71594238, 1750.25012207, 2562.44238281, 2365.20385742, 2018.88647461, 3345.96533203, 1593.58117676, 967.533874512, 735.346923828, 236.398880005, 46.1146507263, 46.8482322693, 36.5127182007, 29.7623996735, 17.4954452515, 1.69091570377, 0.186762541533, 0.013162991032, 0.00357466656715, 0.000246210489422, 3.5878520066e-06, 6.48820108751e-09], "mean": [0.276279389858, 1.77103900909, 4.36512517929, 5.99551200867, 7.68564939499, 10.4511642456, 8.59234333038, 9.00888347626, 10.3803329468, 17.345413208, 11.1722755432, 12.7241840363, 23.1380462646, 15.9427366257, 30.0794620514, 36.1312446594, 31.2664356232, 52.202293396, 33.1479148865, 51.3881340027, 60.0226211548, 65.0147247314, 53.0944747925, 81.7155761719, 51.774394989, 41.8175888062, 33.7400283813, 17.7875385284, 5.70458841324, 3.89009523392, 2.56262350082, 1.56446146965, 0.963702738285, 0.406163454056, 0.161228507757, 0.0553748868406, 0.0218013878912, 0.00469234632328, 0.000581017229706, 6.4330517489e-05]}, "spectral_strongpeak": {"dmean2": 0.800365030766, "median": 0.336008250713, "min": 0, "dvar2": 2.26829767227, "dvar": 0.859552145004, "dmean": 0.453908473253, "max": 11.9367675781, "var": 1.20644712448, "mean": 0.715852737427}, "spectral_energy": {"dmean2": 0.00838447641581, "median": 0.0310904271901, "min": 9.95521156834e-21, "dvar2": 7.3564464401e-05, "dvar": 2.72180514003e-05, "dmean": 0.00511331483722, "max": 0.0861276313663, "var": 5.33173442818e-05, "mean": 0.0317631177604}, "average_loudness": 0.985744774342, "spectral_rolloff": {"dmean2": 848.190002441, "median": 2476.31835938, "min": 64.599609375, "dvar2": 991764.3125, "dvar": 463028.96875, "dmean": 513.183654785, "max": 19638.28125, "var": 3671785.75, "mean": 2362.52954102}, "spectral_centroid": {"dmean2": 344.214080811, "median": 2310.30078125, "min": 119.326225281, "dvar2": 117019.773438, "dvar": 51429.6484375, "dmean": 216.55291748, "max": 11720.0283203, "var": 841072.625, "mean": 2323.85791016}, "pitch_salience": {"dmean2": 0.121511675417, "median": 0.568531453609, "min": 0.109417408705, "dvar2": 0.0118074333295, "dvar": 0.004932962358, "dmean": 0.0749917253852, "max": 0.997732877731, "var": 0.0160377547145, "mean": 0.551865041256}, "spectral_energyband_middle_high": {"dmean2": 0.00303196441382, "median": 0.00887173134834, "min": 1.16168722181e-21, "dvar2": 9.10300423129e-06, "dvar": 4.04504089602e-06, "dmean": 0.00193359958939, "max": 0.0317060276866, "var": 2.65048020083e-05, "mean": 0.009168099612}, "spectral_contrast_coeffs": {"dmean2": [0.0868995040655, 0.0755955576897, 0.0620239078999, 0.0497573912144, 0.0334730520844, 0.0284863337874], "median": [-0.66885715723, -0.768395543098, -0.79504776001, -0.784176111221, -0.779932618141, -0.689451932907], "min": [-0.997099816799, -0.995792269707, -0.986736655235, -0.977584064007, -0.990865051746, -0.965180158615], "dvar2": [0.00461269030347, 0.00351915415376, 0.00232630758546, 0.00145790015813, 0.00064743985422, 0.000560549320653], "dvar": [0.00169106107205, 0.00128633668646, 0.000870124204084, 0.000518997898325, 0.000246735056862, 0.000242191221332], "dmean": [0.0522757358849, 0.0454751886427, 0.0372026339173, 0.0295471493155, 0.0201713163406, 0.0178118553013], "max": [-0.370867520571, -0.467285573483, -0.522913336754, -0.591504216194, -0.635211825371, -0.586241781712], "var": [0.00570283876732, 0.00353316171095, 0.00432023964822, 0.00213078106754, 0.00124265265185, 0.00197108113207], "mean": [-0.670609116554, -0.764842152596, -0.785417854786, -0.78060990572, -0.777968406677, -0.693098366261]}, "melbands_skewness": {"dmean2": 1.17909646034, "median": 2.0822789669, "min": -0.530571937561, "dvar2": 1.83396947384, "dvar": 0.762913644314, "dmean": 0.741155982018, "max": 12.9357728958, "var": 3.16986989975, "mean": 2.57916331291}, "spectral_spread": {"dmean2": 387647.9375, "median": 3172431.25, "min": 1821189.125, "dvar2": 304424779776, "dvar": 215116218368, "dmean": 257436.59375, "max": 43050980, "var": 12158432706600.0, "mean": 3625518.75}, "dissonance": {"dmean2": 0.0132282488048, "median": 0.488685905933, "min": 0.372847259045, "dvar2": 0.000159440358402, "dvar": 5.9075318859e-05, "dmean": 0.00777434697375, "max": 0.500000119209, "var": 0.000127049701405, "mean": 0.485722720623}, "spectral_skewness": {"dmean2": 0.286216706038, "median": 0.954898178577, "min": -0.0847867429256, "dvar2": 0.0611663796008, "dvar": 0.0227284766734, "dmean": 0.172849282622, "max": 2.09987950325, "var": 0.0753561705351, "mean": 0.952900886536}, "spectral_flux": {"dmean2": 0.0303158629686, "median": 0.0909530818462, "min": 6.31370719595e-11, "dvar2": 0.0009136517765, "dvar": 0.000400567572797, "dmean": 0.0188136734068, "max": 0.238626405597, "var": 0.000773761770688, "mean": 0.0938162356615}, "spectral_contrast_valleys": {"dmean2": [0.630305767059, 0.566630244255, 0.488063633442, 0.372805416584, 0.280934751034, 0.320978909731], "median": [-6.5670876503, -6.59097003937, -7.17172670364, -6.91375827789, -6.3834271431, -10.1459493637], "min": [-28.1321029663, -28.2845115662, -27.6130905151, -27.6044635773, -27.5468635559, -27.4037094116], "dvar2": [0.267714977264, 0.205584213138, 0.164170786738, 0.102507516742, 0.0872756838799, 0.140301167965], "dvar": [0.108923196793, 0.0881662294269, 0.077090151608, 0.0549200773239, 0.0494623444974, 0.0822243988514], "dmean": [0.372123748064, 0.337944924831, 0.294213473797, 0.224076017737, 0.172614008188, 0.216392442584], "max": [-5.42012739182, -5.25547599792, -5.58753490448, -5.66258049011, -5.55579900742, -7.61811590195], "var": [3.84333539009, 3.86113929749, 3.65729236603, 3.69447278976, 3.87090039253, 2.94223117828], "mean": [-6.79371786118, -6.78469467163, -7.32935571671, -7.09968566895, -6.60237121582, -10.2886476517]}, "erbbands_flatness_db": {"dmean2": 0.0192262865603, "median": 0.15958032012, "min": 0.0635026171803, "dvar2": 0.000315186538501, "dvar": 0.000149175248225, "dmean": 0.0127516258508, "max": 0.311814248562, "var": 0.000928280118387, "mean": 0.158654600382}, "spectral_energyband_high": {"dmean2": 0.0007092882297, "median": 0.001194567536, "min": 7.15805589834e-21, "dvar2": 8.92951447895e-07, "dvar": 4.45975587127e-07, "dmean": 0.000458565977169, "max": 0.019654372707, "var": 1.64702839811e-06, "mean": 0.00153244298417}, "spectral_entropy": {"dmean2": 0.104955561459, "median": 7.76206493378, "min": 6.87576770782, "dvar2": 0.0119908545166, "dvar": 0.0059519498609, "dmean": 0.0683532431722, "max": 9.82620620728, "var": 0.0624655932188, "mean": 7.77730417252}, "silence_rate_20dB": {"dmean2": 0, "median": 1, "min": 1, "dvar2": 0, "dvar": 0, "dmean": 0, "max": 1, "var": 0, "mean": 1}, "melbands_flatness_db": {"dmean2": 0.0379497595131, "median": 0.162903815508, "min": 0.0035458477214, "dvar2": 0.00137864763383, "dvar": 0.000602784915827, "dmean": 0.0242179259658, "max": 0.424665302038, "var": 0.00342149613425, "mean": 0.171593785286}, "barkbands": {"dmean2": [0.000316330144415, 0.0076959435828, 0.00423486018553, 0.00193935784046, 0.0023233119864, 0.000815908890218, 0.000875412602909, 0.000729686755221, 0.000534632708877, 0.00053608