{"metadata": {"tags": {"label": ["Electromode Music"], "mood": ["Upbeat"], "catalognumber": ["CRMCD 152"], "genre": ["Rock; World"], "originalyear": ["2002"], "album": ["The Best of Juluka / Savuka featuring Johnny Clegg"], "musicbrainz album type": ["album"], "script": ["Latn"], "albumartistsort": ["Clegg, Johnny and Savuka"], "musicbrainz album release country": ["ZA"], "musicbrainz_artistid": ["08e3c40b-dbec-49aa-96ff-e1ab37ae6aca"], "musicbrainz_releasegroupid": ["80a9e495-7800-3f4c-af72-169f43cab3b9"], "musicbrainz_recordingid": ["9cf33156-b524-4ba9-b9e0-80d1f81fdc5c"], "albumartist": ["Johnny Clegg and Savuka"], "barcode": ["6009143003637"], "contentgroup": ["Rock"], "originaldate": ["2002"], "musicbrainz album status": ["official"], "artist": ["Johnny Clegg and Savuka"], "musicbrainz_albumid": ["921d96a2-b52e-408c-b684-114cf5c9f684"], "artistsort": ["Clegg, Johnny and Savuka"], "title": ["Heart of a Dancer"], "tracknumber": ["10/16"], "musicbrainz_albumartistid": ["08e3c40b-dbec-49aa-96ff-e1ab37ae6aca"], "discnumber": ["1/1"], "date": ["2002"], "media": ["CD"], "file_name": "10 Heart of a Dancer.mp3"}, "audio_properties": {"sample_rate": 44100, "downmix": "mix", "lossless": false, "analysis_sample_rate": 44100, "md5_encoded": "d53b3c4d95c04d08a92583d2110ee889", "equal_loudness": 0, "replay_gain": -10.680355072, "codec": "mp3", "bit_rate": 128000, "length": 338.102844238}, "version": {"extractor": "music 1.0", "essentia_build_sha": "26c37b627ab5a2028d412893e0969599b764ad4d", "essentia_git_sha": "v2.1_beta2", "essentia": "2.1-beta2"}}, "rhythm": {"beats_loudness_band_ratio": {"dvar2": [0.137664839625, 0.0202604942024, 0.0522063449025, 0.0198378544301, 0.00195383699611, 0.0965633541346], "var": [0.04887291044, 0.00692789955065, 0.0137431686744, 0.00572772929445, 0.000515312247444, 0.0249393451959], "min": [0, 0, 0, 0, 0, 0], "dmean": [0.246333509684, 0.073184452951, 0.102995991707, 0.0599424429238, 0.0189377497882, 0.125409543514], "mean": [0.679838657379, 0.0732961073518, 0.0884177535772, 0.0491957142949, 0.0200316160917, 0.120366387069], "max": [0.990517735481, 0.717679262161, 0.791290163994, 0.643982946873, 0.227282240987, 0.926965653896], "dmean2": [0.463457018137, 0.134555563331, 0.190194949508, 0.108629956841, 0.0345936268568, 0.240935623646], "median": [0.727963507175, 0.0473582260311, 0.0429017208517, 0.0223887301981, 0.0126806879416, 0.0651039853692], "dvar": [0.0415226519108, 0.00734457047656, 0.0170976519585, 0.00713799614459, 0.000670069130138, 0.0293696913868]}, "bpm_histogram_first_peak_weight": {"dvar2": 0, "var": 0, "min": 0.721428573132, "dmean": 0, "mean": 0.721428573132, "max": 0.721428573132, "dmean2": 0, "median": 0.721428573132, "dvar": 0}, "bpm": 99.8837890625, "beats_count": 561, "bpm_histogram_first_peak_spread": {"dvar2": 0, "var": 0, "min": 0.26811593771, "dmean": 0, "mean": 0.26811593771, "max": 0.26811593771, "dmean2": 0, "median": 0.26811593771, "dvar": 0}, "danceability": 1.42222344875, "bpm_histogram_first_peak_bpm": {"dvar2": 0, "var": 0, "min": 99, "dmean": 0, "mean": 99, "max": 99, "dmean2": 0, "median": 99, "dvar": 0}, "beats_position": [0.626938760281, 1.26548755169, 1.91564619541, 2.55419492722, 3.1811337471, 3.8196823597, 4.46984100342, 5.10838985443, 5.72371864319, 6.32743740082, 6.93115615845, 7.53487491608, 8.12698364258, 8.73070240021, 9.33442115784, 9.93814086914, 10.5418596268, 11.1339683533, 11.7376871109, 12.3414058685, 12.933514595, 13.5372333527, 14.1409521103, 14.7446708679, 15.3367795944, 15.9288883209, 16.5326080322, 17.1363258362, 17.7400455475, 18.3437633514, 18.9474830627, 19.5512008667, 20.154920578, 20.758638382, 21.3623580933, 21.9544658661, 22.5581855774, 23.1619052887, 23.7656230927, 24.369342804, 24.9614505768, 25.5419502258, 26.1456680298, 26.7493877411, 27.353105545, 27.9568252563, 28.5605430603, 29.1642627716, 29.7679805756, 30.3600902557, 30.9521980286, 31.5559177399, 32.1596374512, 32.7633552551, 33.3670730591, 33.9707946777, 34.5745124817, 35.1782302856, 35.7819480896, 36.3856697083, 36.9893875122, 37.5814971924, 38.1736030579, 38.7773246765, 39.3810424805, 39.9847602844, 40.5768699646, 41.1689796448, 41.7726974487, 42.3764152527, 42.9801368713, 43.5838546753, 44.164352417, 44.7680702209, 45.3717918396, 45.9755096436, 46.5792274475, 47.1829452515, 47.7866668701, 48.3903846741, 48.9824943542, 49.5746040344, 50.1783218384, 50.7820396423, 51.3857574463, 51.9894790649, 52.5931968689, 53.1853065491, 53.7774124146, 54.3811340332, 54.9848518372, 55.5885696411, 56.1922874451, 56.7960090637, 57.3997268677, 57.9918365479, 58.583946228, 59.187664032, 59.7913818359, 60.3834915161, 60.9872093201, 61.5793190002, 62.1830368042, 62.7867546082, 63.3904762268, 63.9941940308, 64.5979156494, 65.1784133911, 65.7821273804, 66.385848999, 66.9895706177, 67.5932846069, 68.1970062256, 68.8007278442, 69.4044418335, 70.0081634521, 70.6118774414, 71.2039871216, 71.8077087402, 72.3998184204, 73.0035324097, 73.5956420898, 74.18775177, 74.7914733887, 75.3951950073, 75.9989089966, 76.6142425537, 77.2295684814, 77.8332901001, 78.4370040894, 79.0291137695, 79.6212234497, 80.2249450684, 80.8286590576, 81.4323806763, 82.0360946655, 82.6282043457, 83.2203140259, 83.8240356445, 84.4045333862, 84.9966430664, 85.6119689941, 86.2156906128, 86.8194122314, 87.4231262207, 88.0152359009, 88.6189575195, 89.2110671997, 89.814781189, 90.4185028076, 91.0222167969, 91.6259384155, 92.2296600342, 92.8333740234, 93.4370956421, 94.0292053223, 94.6213150024, 95.2250289917, 95.8287506104, 96.432472229, 97.0361862183, 97.61668396, 98.2204055786, 98.8241271973, 99.404624939, 100.008346558, 100.612060547, 101.215782166, 101.819496155, 102.423217773, 103.026939392, 103.630653381, 104.211151123, 104.814872742, 105.430198669, 106.045532227, 106.649246216, 107.252967834, 107.868293762, 108.472015381, 109.064125061, 109.66784668, 110.25995636, 110.852058411, 111.444168091, 112.036277771, 112.63999939, 113.243713379, 113.847434998, 114.451156616, 115.054870605, 115.658592224, 116.262313843, 116.866027832, 117.469749451, 118.07346344, 118.677185059, 119.280906677, 119.884620667, 120.488342285, 121.080451965, 121.672561646, 122.276275635, 122.879997253, 123.483718872, 124.087432861, 124.69115448, 125.294876099, 125.886978149, 126.47908783, 127.082809448, 127.686531067, 128.290252686, 128.893966675, 129.497680664, 130.089797974, 130.681900024, 131.285614014, 131.889343262, 132.481445312, 133.085174561, 133.677276611, 134.292602539, 134.907928467, 135.511657715, 136.115371704, 136.719085693, 137.322814941, 137.914916992, 138.507034302, 139.099136353, 139.691238403, 140.294967651, 140.898681641, 141.50239563, 142.106124878, 142.698226929, 143.290344238, 143.894058228, 144.497772217, 145.101501465, 145.705215454, 146.297317505, 146.889434814, 147.493148804, 148.096862793, 148.700592041, 149.30430603, 149.90802002, 150.511749268, 151.115463257, 151.707565308, 152.311294556, 152.903396606, 153.507110596, 154.110839844, 154.714553833, 155.318267822, 155.92199707, 156.52571106, 157.106216431, 157.698318481, 158.290420532, 158.89414978, 159.49786377, 160.101577759, 160.705307007, 161.309020996, 161.912734985, 162.504852295, 163.096954346, 163.700683594, 164.304397583, 164.908111572, 165.51184082, 166.103942871, 166.696044922, 167.29977417, 167.903488159, 168.507202148, 169.110931396, 169.714645386, 170.318359375, 170.910476685, 171.502578735, 172.106307983, 172.698410034, 173.302124023, 173.894241333, 174.497955322, 175.101669312, 175.70539856, 176.309112549, 176.9012146, 177.493331909, 178.097045898, 178.700775146, 179.304489136, 179.908203125, 180.511917114, 181.115646362, 181.719360352, 182.323074341, 182.926803589, 183.530517578, 184.122619629, 184.714736938, 185.318450928, 185.922180176, 186.525894165, 187.129608154, 187.721725464, 188.313827515, 188.917541504, 189.521270752, 190.124984741, 190.72869873, 191.309204102, 191.912918091, 192.516647339, 193.120361328, 193.724075317, 194.327789307, 194.931518555, 195.535232544, 196.138946533, 196.742675781, 197.323165894, 197.926895142, 198.530609131, 199.13432312, 199.738052368, 200.341766357, 200.945480347, 201.549209595, 202.141311646, 202.733413696, 203.337142944, 203.940856934, 204.532974243, 205.136688232, 205.728790283, 206.332519531, 206.936233521, 207.53994751, 208.143676758, 208.747390747, 209.339492798, 209.931610107, 210.535324097, 211.139038086, 211.731155396, 212.323257446, 212.926986694, 213.530700684, 214.134414673, 214.738143921, 215.34185791, 215.945571899, 216.526077271, 217.12979126, 217.745117188, 218.372055054, 218.987380981, 219.591110229, 220.18321228, 220.77532959, 221.379043579, 221.982757568, 222.574874878, 223.166976929, 223.770706177, 224.374420166, 224.966522217, 225.558639526, 226.162353516, 226.766067505, 227.369796753, 227.973510742, 228.577224731, 229.180953979, 229.784667969, 230.388381958, 230.992111206, 231.595825195, 232.199539185, 232.791656494, 233.383758545, 233.987472534, 234.591201782, 235.183303833, 235.775421143, 236.379135132, 236.982849121, 237.586578369, 238.190292358, 238.794006348, 239.397735596, 239.989837646, 240.581939697, 241.185668945, 241.789382935, 242.393096924, 242.996826172, 243.600540161, 244.20425415, 244.807983398, 245.411697388, 246.015411377, 246.607528687, 247.199630737, 247.803344727, 248.407073975, 249.010787964, 249.614501953, 250.218231201, 250.810333252, 251.402450562, 252.006164551, 252.60987854, 253.213607788, 253.817321777, 254.421035767, 255.024749756, 255.616867065, 256.208984375, 256.812683105, 257.416412354, 258.020141602, 258.623840332, 259.2159729, 259.808074951, 260.411773682, 261.01550293, 261.619232178, 262.222930908, 262.826660156, 263.430389404, 264.034088135, 264.626220703, 265.218322754, 265.822021484, 266.425750732, 267.02947998, 267.633178711, 268.236907959, 268.840637207, 269.444335938, 270.036468506, 270.628570557, 271.232299805, 271.835998535, 272.439727783, 273.031829834, 273.623931885, 274.216064453, 274.808166504, 275.388671875, 275.992370605, 276.596099854, 277.199798584, 277.803527832, 278.40725708, 279.010955811, 279.614685059, 280.206787109, 280.810516357, 281.425842285, 282.029571533, 282.633270264, 283.225402832, 283.817504883, 284.421234131, 285.024932861, 285.628662109, 286.23236084, 286.836090088, 287.439819336, 288.031921387, 288.624023438, 289.227752686, 289.808258057, 290.411956787, 291.015686035, 291.619415283, 292.223114014, 292.826843262, 293.418945312, 294.011047363, 294.614776611, 295.218505859, 295.82220459, 296.425933838, 297.029663086, 297.610168457, 298.213867188, 298.817596436, 299.421295166, 300.025024414, 300.628753662, 301.232452393, 301.836181641, 302.439910889, 303.043609619, 303.647338867, 304.239440918, 304.831573486, 305.435272217, 306.039001465, 306.642730713, 307.223205566, 307.826934814, 308.430664062, 309.022766113, 309.638092041, 310.241821289, 310.84552002, 311.449249268, 312.052978516, 312.656677246, 313.260406494, 313.864135742, 314.467834473, 315.059936523, 315.652069092, 316.255767822, 316.85949707, 317.440002441, 318.043701172, 318.64743042, 319.251159668, 319.843261719, 320.446990967, 321.050689697, 321.642791748, 322.246520996, 322.850250244, 323.453948975, 324.057678223, 324.661407471, 325.265106201, 325.868835449, 326.472564697, 327.064666748, 327.656768799, 328.24887085, 328.841003418, 329.444702148, 330.048431396, 330.652160645, 331.255859375, 331.859588623, 332.451690674, 333.043792725, 333.647521973, 334.251251221, 334.866577148, 335.481903076, 336.108825684, 336.747375488, 337.385925293], "beats_loudness": {"dvar2": 0.00491580599919, "var": 0.0026735200081, "min": 0, "dmean": 0.0344795696437, "mean": 0.0536773726344, "max": 0.269547015429, "dmean2": 0.0622252114117, "median": 0.0376470759511, "dvar": 0.00168696278706}, "bpm_histogram_second_peak_weight": {"dvar2": 0, "var": 0, "min": 0.010714286007, "dmean": 0, "mean": 0.010714286007, "max": 0.010714286007, "dmean2": 0, "median": 0.010714286007, "dvar": 0}, "bpm_histogram_second_peak_spread": {"dvar2": 0, "var": 0, "min": 0.25, "dmean": 0, "mean": 0.25, "max": 0.25, "dmean2": 0, "median": 0.25, "dvar": 0}, "bpm_histogram_second_peak_bpm": {"dvar2": 0, "var": 0, "min": 94, "dmean": 0, "mean": 94, "max": 94, "dmean2": 0, "median": 94, "dvar": 0}, "onset_rate": 4.53688621521}, "lowlevel": {"spectral_energyband_high": {"dvar2": 1.48682556755e-05, "var": 1.03670854514e-05, "min": 6.890209323e-21, "dmean": 0.00127909006551, "mean": 0.0018475856632, "max": 0.0350469276309, "dmean2": 0.00189641991165, "median": 0.000556977465749, "dvar": 6.47710658086e-06}, "spectral_energyband_middle_low": {"dvar2": 0.00069647305645, "var": 0.000297691149171, "min": 1.6781759892e-22, "dmean": 0.00549313100055, "mean": 0.00905465148389, "max": 0.238400861621, "dmean2": 0.00846609380096, "median": 0.00407657027245, "dvar": 0.000281483196886}, "spectral_energy": {"dvar2": 0.00246108788997, "var": 0.00135741918348, "min": 1.00586543813e-20, "dmean": 0.0148960603401, "mean": 0.0260361805558, "max": 0.280193328857, "dmean2": 0.0232850164175, "median": 0.0147002795711, "dvar": 0.00106023449916}, "spectral_spread": {"dvar2": 3202958753790.0, "var": 11888751542300.0, "min": 1511084.25, "dmean": 1102942.875, "mean": 6815408.5, "max": 43977312, "dmean2": 1537046.5, "median": 6316283.5, "dvar": 1696719437820.0}, "spectral_energyband_low": {"dvar2": 0.00204832991585, "var": 0.000668591121212, "min": 1.16109738735e-23, "dmean": 0.0105286054313, "mean": 0.0127803012729, "max": 0.261628031731, "dmean2": 0.0177167635411, "median": 0.00449214223772, "dvar": 0.000772809202317}, "spectral_rolloff": {"dvar2": 9991130, "var": 8816348, "min": 21.533203125, "dmean": 1159.05725098, "mean": 2078.54492188, "max": 19358.3496094, "dmean2": 1981.61962891, "median": 968.994140625, "dvar": 4556308}, "barkbands": {"dvar2": [4.95109659937e-08, 0.0015003135195, 0.000141537791933, 0.00013600710372, 0.000222743110498, 3.05515663968e-06, 1.22186747831e-05, 7.64322612667e-06, 1.55505349539e-05, 8.15230032458e-06, 4.17468663727e-06, 1.85775991213e-06, 2.14705710277e-06, 5.71357702484e-07, 2.96982108239e-07, 9.08569006697e-08, 1.16522414828e-07, 1.47741630485e-07, 2.29378613881e-07, 4.85686200591e-07, 6.08107825428e-07, 7.50345805045e-07, 4.37941054088e-07, 5.23327003066e-07, 7.47008868984e-07, 9.43958298194e-07, 4.90200147141e-09], "var": [2.36598332037e-08, 0.000392808928154, 5.99646082264e-05, 4.87555735162e-05, 7.06166538293e-05, 2.01599459615e-06, 1.03577322079e-05, 6.82886047798e-06, 1.98858415388e-05, 6.88523914505e-06, 3.12356428367e-06, 1.47425066643e-06, 2.37827134697e-06, 5.04968966197e-07, 1.62869156384e-07, 5.4963173568e-08, 6.38308890188e-08, 1.05777949955e-07, 1.87976411326e-07, 3.43965297134e-07, 2.98483627148e-07, 4.30660549e-07, 3.15646502713e-07, 5.30015825007e-07, 3.96432426442e-07, 3.41579863061e-07, 1.539689376e-09], "min": [3.00421972491e-25, 2.3153517219e-24, 8.87703500316e-25, 1.43445993689e-24, 1.37909783633e-23, 4.18656134352e-24, 1.54071539875e-23, 2.22085052418e-24, 1.09125479825e-23, 1.09132469132e-23, 1.39178303523e-23, 3.30234182767e-23, 2.44961711014e-23, 3.26034066426e-23, 3.52794815795e-23, 5.5812041573e-23, 8.28299469752e-23, 9.15837597356e-23, 1.52465355963e-22, 1.36197011991e-22, 2.30852835906e-22, 2.94053216188e-22, 4.38785438117e-22, 5.64008890045e-22, 9.29518969807e-22, 1.33102831939e-21, 1.88316370423e-21], "dmean": [6.56896954752e-05, 0.0076085398905, 0.00326152564958, 0.00195998628624, 0.0021270303987, 0.000418384646764, 0.000817194173578, 0.000558461935725, 0.00090069178259, 0.000472028972581, 0.000394779577618, 0.000282887602225, 0.000355853204383, 0.000179513750481, 0.000139891388244, 8.53988458402e-05, 9.83197824098e-05, 0.000111774679681, 0.000155588699272, 0.000204812095035, 0.000198121808353, 0.000234854145674, 0.000197220244445, 0.000219653767999, 0.00025131367147, 0.000236984720686, 1.51065432874e-05], "mean": [7.72481580498e-05, 0.00745453266427, 0.0042127892375, 0.00228821346536, 0.00232377485372, 0.000591970456298, 0.00123040063772, 0.000791578670032, 0.00157913856674, 0.0006843728479, 0.000604541797657, 0.00041660934221, 0.00059696851531, 0.000270895543508, 0.000190438338905, 0.000115045200801, 0.000139592535561, 0.000168102938915, 0.000257268198766, 0.000313329743221, 0.000258669722825, 0.000352639384801, 0.000284338457277, 0.000330578826834, 0.000283339759335, 0.000208094832487, 1.17693643915e-05], "max": [0.00161981536075, 0.233446776867, 0.0886513143778, 0.102074339986, 0.147112712264, 0.0275765098631, 0.0423339679837, 0.04932962358, 0.0631181299686, 0.050559554249, 0.0307143181562, 0.0285389460623, 0.021930148825, 0.020001957193, 0.0105020934716, 0.00339606776834, 0.00393031165004, 0.00596036249772, 0.00492496881634, 0.00982358213514, 0.0101206740364, 0.00799772143364, 0.00704830605537, 0.0148021671921, 0.00770561164245, 0.00810341723263, 0.000740806688555], "dmean2": [0.000107781073893, 0.0133779365569, 0.00546633824706, 0.00316788582131, 0.0034307828173, 0.000659734127112, 0.00123542279471, 0.000866674236022, 0.00134102487937, 0.00074360036524, 0.000623622268904, 0.000449751532869, 0.0005603901227, 0.000279464264167, 0.000225331517868, 0.000135785565362, 0.000158533090143, 0.000178033486009, 0.000248064636253, 0.000323255895637, 0.000313066295348, 0.000370186578948, 0.000302032043692, 0.000329895468894, 0.000384492508601, 0.000380818528356, 2.51557248703e-05], "median": [1.49155712279e-05, 0.00186705472879, 0.00104364263825, 0.00056963582756, 0.000504491501488, 0.00013386856881, 0.00012697846978, 7.41318217479e-05, 0.000111027460662, 3.65037667507e-05, 4.47798593086e-05, 5.18964006915e-05, 5.29399549123e-05, 5.35743529326e-05, 3.8699246943e-05, 2.48094474955e-05, 3.83406622859e-05, 3.48550966009e-05, 6.37035918771e-05, 7.00796372257e-05, 6.49398425594e-05, 0.000104731458123, 7.62093113735e-05, 8.484373393e-05, 5.214830162e-05, 1.79138842213e-05, 2.06061088193e-07], "dvar": [1.84700930106e-08, 0.000546225288417, 5.26980984432e-05, 5.50158147234e-05, 8.6741267296e-05, 1.28860187942e-06, 5.28923555976e-06, 3.30478201249e-06, 6.91741388437e-06, 3.19186437991e-06, 1.60686306572e-06, 7.48217416913e-07, 8.63568061504e-07, 2.44056934662e-07, 1.19077412819e-07, 3.70339670042e-08, 4.56370088386e-08, 5.9537260455e-08, 9.3615263097e-08, 2.06666229019e-07, 2.43893651941e-07, 2.98900545204e-07, 1.84100358069e-07, 2.37899442368e-07, 3.16305403203e-07, 3.84202849091e-07, 1.9244517091e-09]}, "melbands_skewness": {"dvar2": 8.39183712006, "var": 9.0897731781, "min": -2.84710788727, "dmean": 1.37438821793, "mean": 4.11576795578, "max": 38.0063095093, "dmean2": 2.12513113022, "median": 3.33077502251, "dvar": 3.42027258873}, "barkbands_skewness": {"dvar2": 3.6738345623, "var": 4.31306743622, "min": -6.97958278656, "dmean": 0.930300116539, "mean": 2.22153353691, "max": 20.7765388489, "dmean2": 1.4101754427, "median": 1.77642130852, "dvar": 1.55891609192}, "erbbands": {"dvar2": [0.34400293231, 106.350265503, 297.334960938, 361.706848145, 5965.54492188, 819.068359375, 145.6456604, 257.543762207, 1177.83789062, 5200.73144531, 4637.68457031, 10224.6279297, 7758.13525391, 8882.80371094, 4628.67089844, 3902.09130859, 5194.48583984, 1649.7578125, 826.352172852, 532.15234375, 258.046447754, 280.995941162, 456.113494873, 335.86605835, 1002.9956665, 1050.94348145, 1130.82946777, 914.586486816, 957.413574219, 775.768554688, 318.722076416, 258.541229248, 162.427505493, 57.1695175171, 65.4657745361, 25.9476661682, 2.44416379929, 0.0874098539352, 4.35605397797e-05, 4.6824240485e-08], "var": [0.106478184462, 26.8696460724, 102.659866333, 150.256713867, 1979.56689453, 261.945770264, 99.1475524902, 169.911636353, 1003.37744141, 4246.33496094, 4866.31738281, 14495.4619141, 6370.16748047, 6670.65527344, 3467.85595703, 3129.42138672, 5902.30322266, 1443.83459473, 567.81262207, 289.667175293, 162.46472168, 170.477874756, 309.443359375, 246.372253418, 854.88458252, 755.951049805, 500.427886963, 458.299194336, 525.154663086, 478.271606445, 239.431365967, 222.161132812, 152.218612671, 40.4003486633, 28.0384521484, 9.42508888245, 0.868417680264, 0.0304327439517, 1.51706417455e-05, 2.07584047729e-08], "min": [2.14368990912e-23, 3.99407824135e-22, 2.2701907288e-21, 6.18522041215e-21, 1.29086656e-20, 3.71801077107e-20, 2.64719574132e-20, 6.45286956274e-20, 1.96052222481e-19, 2.11969465138e-19, 2.08697642698e-19, 2.39708540465e-19, 4.73405959418e-19, 7.69832852769e-19, 8.52778750584e-19, 1.19682022795e-18, 1.46525688033e-18, 1.76688198345e-18, 1.10058158938e-18, 3.28479397625e-18, 3.28745232794e-18, 5.80030419256e-18, 5.47372708287e-18, 6.44634259072e-18, 7.24453879461e-18, 6.35871934843e-18, 8.2835405097e-18, 1.07527118613e-17, 1.01040525414e-17, 1.0729123979e-17, 1.1057605672e-17, 9.83444873714e-18, 9.52808998957e-18, 7.73541258551e-18, 6.63851939448e-18, 3.57884158796e-18, 2.42146639811e-18, 1.04006257423e-18, 2.42681324189e-19, 2.94744905586e-20], "dmean": [0.124708198011, 2.01666879654, 4.30572414398, 4.41037940979, 10.2743873596, 4.56570196152, 2.74520277977, 3.56395077705, 7.82525062561, 14.3480472565, 14.0198135376, 22.3003177643, 13.9108257294, 15.5012998581, 13.6042261124, 12.5485124588, 17.0760746002, 9.30944728851, 7.3556098938, 6.63796281815, 4.64051914215, 4.86638116837, 5.9886636734, 5.7142124176, 10.2164678574, 9.41066360474, 8.0542383194, 7.55982303619, 8.16144657135, 7.89277744293, 5.21541881561, 4.76266336441, 3.67776846886, 2.28988361359, 2.12254238129, 1.20993554592, 0.385145276785, 0.0701357275248, 0.00156327371951, 6.1975690187e-05], "mean": [0.128087997437, 1.96478581429, 5.1067199707, 6.31767606735, 10.2877473831, 5.66179990768, 4.00912332535, 5.04746770859, 11.6259536743, 21.9405822754, 22.95677948, 41.0757064819, 21.0369148254, 23.8731575012, 22.203584671, 20.3265323639, 30.056552887, 15.1732397079, 11.0212049484, 8.91917133331, 6.7855181694, 7.38307952881, 9.21298408508, 9.46811199188, 16.902305603, 14.7113904953, 10.3898477554, 10.3474292755, 12.1276865005, 11.4381332397, 7.60079669952, 7.04602241516, 5.31909513474, 2.86825537682, 2.19521450996, 1.11343717575, 0.328804314137, 0.0572522170842, 0.00129631592426, 7.37681257306e-05], "max": [3.62722277641, 60.7845726013, 112.601173401, 184.913619995, 778.547973633, 297.897094727, 192.849868774, 289.333221436, 565.30480957, 1094.0435791, 1433.99829102, 1946.99890137, 1999.53112793, 2421.1862793, 1709.9342041, 1430.23376465, 1155.71691895, 1079.78015137, 672.324584961, 223.72114563, 174.117095947, 201.380126953, 392.763122559, 223.383132935, 328.142211914, 493.310882568, 556.246459961, 399.503845215, 309.318023682, 264.234985352, 199.094894409, 240.336044312, 298.133483887, 105.205467224, 81.2775497437, 42.589138031, 10.8169307709, 2.04415440559, 0.05044670403, 0.00141490192618], "dmean2": [0.212037459016, 3.5686275959, 7.33300447464, 7.09989595413, 16.48478508, 7.55313682556, 4.34402227402, 5.56545495987, 11.9474592209, 21.6307983398, 21.4064922333, 32.7333068848, 21.436252594, 24.4608364105, 21.2899208069, 19.800655365, 26.7165546417, 14.4997224808, 11.3644237518, 10.6647157669, 7.35521125793, 7.71918725967, 9.50446987152, 9.0681552887, 16.1094017029, 14.8018341064, 12.8099336624, 11.9979763031, 12.9102678299, 12.3196620941, 7.93239736557, 7.1812543869, 5.58142805099, 3.48117828369, 3.30612683296, 1.92910778522, 0.623292922974, 0.114611983299, 0.00254708272405, 9.59864773904e-05], "median": [0.0323624759912, 0.495769053698, 1.43433642387, 2.08389210701, 2.12848639488, 1.32228899002, 1.01134836674, 1.1969332695, 1.84746527672, 1.93977856636, 3.00647830963, 3.07383298874, 1.9855953455, 1.88943636417, 2.53523159027, 2.96284818649, 2.91506290436, 3.28515434265, 2.30385541916, 1.95686006546, 1.67231881618, 2.07451486588, 2.04257440567, 2.78652524948, 3.76911783218, 3.46222686768, 2.69861507416, 2.69184780121, 3.55323600769, 3.35604381561, 1.97628974915, 1.82630038261, 1.2683763504, 0.581994533539, 0.356756806374, 0.124566175044, 0.0236486010253, 0.00228650122881, 7.06138453097e-05, 2.61140703515e-05], "dvar": [0.130254089832, 38.3221702576, 110.73928833, 143.469512939, 2394.22802734, 302.125610352, 58.2964859009, 111.317993164, 511.926422119, 2255.5090332, 2066.92797852, 4600.33984375, 3126.44824219, 3295.00195312, 1743.18603516, 1539.71032715, 2067.75195312, 691.023193359, 344.682983398, 212.04019165, 104.307601929, 112.785881042, 181.509414673, 133.069717407, 418.7237854, 451.984741211, 448.33380127, 363.075317383, 379.818511963, 312.432220459, 134.282546997, 112.614807129, 72.5888748169, 24.7953224182, 26.917257309, 10.4981975555, 0.991123616695, 0.0353610403836, 1.76194171218e-05, 1.997107546e-08]}, "silence_rate_30dB": {"dvar2": 0.0895789265633, "var": 0.0400096066296, "min": 0, "dmean": 0.0438156723976, "mean": 0.958247482777, "max": 1, "dmean2": 0.0876373648643, "median": 1, "dvar": 0.0418941229582}, "melbands_spread": {"dvar2": 755.956665039, "var": 1001.17956543, "min": 0.334393203259, "dmean": 11.6145896912, "mean": 25.692861557, "max": 293.197052002, "dmean2": 17.8099784851, "median": 17.1252269745, "dvar": 381.507995605}, "melbands_crest": {"dvar2": 25.3636627197, "var": 27.8703422546, "min": 1.58298838139, "dmean": 3.39067649841, "mean": 15.8031749725, "max": 38.3000411987, "dmean2": 5.52354955673, "median": 15.4920482635, "dvar": 10.0793848038}, "zerocrossingrate": {"dvar2": 0.000782088551205, "var": 0.00451051071286, "min": 0.0029296875, "dmean": 0.0206971764565, "mean": 0.0799943953753, "max": 0.5224609375, "dmean2": 0.0238847676665, "median": 0.06591796875, "dvar": 0.00069514970528}, "barkbands_kurtosis": {"dvar2": 1974.68896484, "var": 784.201782227, "min": -1.95547902584, "dmean": 8.26766014099, "mean": 11.138130188, "max": 630.174316406, "dmean2": 13.320098877, "median": 3.12584543228, "dvar": 729.810180664}, "spectral_flux": {"dvar2": 0.00524816988036, "var": 0.00576379429549, "min": 6.46279765815e-11, "dmean": 0.0331488102674, "mean": 0.0801837742329, "max": 0.448819458485, "dmean2": 0.0502882599831, "median": 0.0603709816933, "dvar": 0.00261035142466}, "barkbands_crest": {"dvar2": 22.0719013214, "var": 22.8611526489, "min": 1.98053765297, "dmean": 3.04508376122, "mean": 11.3875217438, "max": 26.0230426788, "dmean2": 4.9088716507, "median": 10.6570768356, "dvar": 8.57118606567}, "barkbands_flatness_db": {"dvar2": 0.00268060085364, "var": 0.00478079076856, "min": 0.0185259860009, "dmean": 0.0319369845092, "mean": 0.147142842412, "max": 0.454281121492, "dmean2": 0.0478629954159, "median": 0.134960100055, "dvar": 0.00109804130625}, "spectral_entropy": {"dvar2": 0.159881815314, "var": 0.378877192736, "min": 5.13067865372, "dmean": 0.257027745247, "mean": 7.69370508194, "max": 9.81975460052, "dmean2": 0.357986241579, "median": 7.7862329483, "dvar": 0.0820742920041}, "pitch_salience": {"dvar2": 0.0178269520402, "var": 0.0164798311889, "min": 0.049818649888, "dmean": 0.0817559659481, "mean": 0.497158944607, "max": 0.888983011246, "dmean2": 0.13121701777, "median": 0.499998748302, "dvar": 0.00693587586284}, "erbbands_spread": {"dvar2": 773.892944336, "var": 895.385803223, "min": 3.79115819931, "dmean": 15.7883892059, "mean": 55.3789405823, "max": 211.739974976, "dmean2": 23.9488773346, "median": 49.4781723022, "dvar": 340.0206604}, "dynamic_complexity": 5.10089492798, "spectral_contrast_valleys": {"dvar2": [0.293552309275, 0.288615077734, 0.30518630147, 0.357914596796, 0.358547449112, 0.456044882536], "var": [3.28372049332, 3.35640501976, 3.55633330345, 3.61723065376, 3.95524144173, 3.85348439217], "min": [-28.2043571472, -27.9245910645, -27.9016551971, -27.7048892975, -27.4913215637, -27.3833408356], "dmean": [0.412525713444, 0.397708594799, 0.409486204386, 0.426154047251, 0.411311119795, 0.500376284122], "mean": [-7.65555524826, -7.70120763779, -8.30167770386, -8.66106128693, -8.31684780121, -9.98803043365], "max": [-4.92496681213, -4.63109111786, -5.36266756058, -5.93842697144, -5.43608856201, -6.99779701233], "dmean2": [0.635508358479, 0.614595234394, 0.613026797771, 0.619935035706, 0.560850679874, 0.607603788376], "median": [-7.46056509018, -7.53064203262, -8.12622833252, -8.44653129578, -8.01525497437, -9.60803031921], "dvar": [0.144116714597, 0.133801415563, 0.149457097054, 0.179174259305, 0.190257370472, 0.274549156427]}, "hfc": {"dvar2": 1487.3236084, "var": 1196.59802246, "min": 1.06492985683e-16, "dmean": 13.9768257141, "mean": 24.7801818848, "max": 295.773223877, "dmean2": 20.1181297302, "median": 10.7913980484, "dvar": 663.501220703}, "spectral_kurtosis": {"dvar2": 10.170425415, "var": 16.3605804443, "min": -1.31816089153, "dmean": 1.27937817574, "mean": 2.84456300735, "max": 52.3410987854, "dmean2": 1.92070758343, "median": 1.82819747925, "dvar": 4.95168066025}, "mfcc": {"mean": [-685.002868652, 95.0274200439, 29.4770622253, 22.3918781281, 5.16291284561, 15.5436697006, 8.41722393036, 6.16535806656, -0.129668429494, 6.95376968384, 4.88656711578, 0.831124544144, -0.713158667088], "cov": [[13055.6015625, -1902.97717285, -568.37322998, -174.697998047, -692.471191406, -522.397949219, 52.0939331055, 257.885192871, -39.3903884888, 116.503921509, 105.393630981, -53.9513053894, -20.213842392], [-1902.97717285, 1754.52661133, -166.825927734, -101.675872803, 63.6447563171, 148.011947632, 75.0159683228, -14.8951883316, -5.01707744598, 14.6099090576, 38.5743026733, 19.702753067, 30.4873847961], [-568.37322998, -166.825927734, 823.457702637, 240.045501709, 157.122711182, 98.8484344482, -11.4334468842, 45.7608718872, 30.3062076569, -14.9233560562, 11.4677705765, 36.6217384338, 31.930109024], [-174.697998047, -101.675872803, 240.045501709, 487.898040771, 179.420318604, 27.198299408, -40.7402992249, 18.8177852631, 45.2715759277, 10.6527032852, -32.1336288452, 24.6445579529, -3.97031903267], [-692.471191406, 63.6447563171, 157.122711182, 179.420318604, 364.715911865, 131.567520142, -9.08954715729, -29.2116203308, 65.8245315552, 28.9361438751, -38.6161155701, 2.81607198715, -6.90111160278], [-522.397949219, 148.011947632, 98.8484344482, 27.198299408, 131.567520142, 261.005767822, 90.5184326172, 9.87101745605, 60.483215332, 10.4524669647, -6.99013996124, 11.1784648895, -8.96250152588], [52.0939331055, 75.0159683228, -11.4334468842, -40.7402992249, -9.08954715729, 90.5184326172, 218.124099731, 83.7499771118, 34.2912139893, 11.7641935349, 20.4247074127, 5.18877887726, -2.87072324753], [257.885192871, -14.8951883316, 45.7608718872, 18.8177852631, -29.2116203308, 9.87101745605, 83.7499771118, 152.576202393, 41.1295013428, -5.1201581955, 21.7115287781, -3.55455255508, 3.18523788452], [-39.3903884888, -5.01707744598, 30.3062076569, 45.2715759277, 65.8245315552, 60.483215332, 34.2912139893, 41.1295013428, 138.935256958, 37.870929718, -10.4954051971, 3.97785592079, -3.34135603905], [116.503921509, 14.6099090576, -14.9233560562, 10.6527032852, 28.9361438751, 10.4524669647, 11.7641935349, -5.1201581955, 37.870929718, 126.150466919, 31.0277309418, 4.05143737793, -0.36695548892], [105.393630981, 38.5743026733, 11.4677705765, -32.1336288452, -38.6161155701, -6.99013996124, 20.4247074127, 21.7115287781, -10.4954051971, 31.0277309418, 109.350997925, 29.5507736206, 6.77264928818], [-53.9513053894, 19.702753067, 36.6217384338, 24.6445579529, 2.81607198715, 11.1784648895, 5.18877887726, -3.55455255508, 3.97785592079, 4.05143737793, 29.5507736206, 100.500411987, 31.0211982727], [-20.213842392, 30.4873847961, 31.930109024, -3.97031903267, -6.90111160278, -8.96250152588, -2.87072324753, 3.18523788452, -3.34135603905, -0.36695548892, 6.77264928818, 31.0211982727, 88.4191665649]], "icov": [[0.000112253095722, 0.000118742973427, 8.14062077552e-05, -2.52996414929e-05, 0.000131406384753, 7.38942471799e-05, -2.0122350179e-05, -0.000173132721102, 2.41649631789e-05, -0.000145971862366, -3.69514491467e-05, 2.05227770493e-05, -2.65465732809e-05], [0.000118742973427, 0.000773576146457, 0.000283635163214, 4.78924157505e-05, -1.50281784954e-05, -0.000340964004863, -6.71200614306e-05, -0.000167017788044, 0.000206553799217, -0.000124926635181, -0.000315759738442, 3.09892857331e-05, -0.000351158872945], [8.14062077552e-05, 0.000283635163214, 0.00172633037437, -0.000628695706837, -0.000287687609671, -0.000661706086248, 0.000396880495828, -0.000748606922571, 0.000277492770692, 0.000266943097813, -0.000597091682721, -8.41799628688e-05, -0.000693644513376], [-2.52996414929e-05, 4.78924157505e-05, -0.000628695706837, 0.00305443187244, -0.0013600968523, 0.000484156305902, 0.000600654864684, -0.000908256799448, -0.000116060255095, -0.000288291746983, 0.000910078117158, -0.0010697793914, 0.000637066434138], [0.000131406384753, -1.50281784954e-05, -0.000287687609671, -0.0013600968523, 0.00489689316601, -0.00183543108869, 0.00041004101513, 0.00100197759457, -0.001070153201, -0.000919079175219, 0.000892736192327, 0.000411707500461, -5.66694552617e-06], [7.38942471799e-05, -0.000340964004863, -0.000661706086248, 0.000484156305902, -0.00183543108869, 0.00672131078318, -0.00292530306615, 0.0012722829124, -0.00183451687917, 0.000591694144532, 7.77314198785e-05, -0.000524198170751, 0.000903475331143], [-2.0122350179e-05, -6.71200614306e-05, 0.000396880495828, 0.000600654864684, 0.00041004101513, -0.00292530306615, 0.00759551953524, -0.00421301228926, 0.000397533964133, -0.00079786387505, -4.48942264484e-05, -0.000564092479181, 0.000249110074947], [-0.000173132721102, -0.000167017788044, -0.000748606922571, -0.000908256799448, 0.00100197759457, 0.0012722829124, -0.00421301228926, 0.0110813314095, -0.00375408632681, 0.00233609415591, -0.0024220966734, 0.00185080710799, -0.000677239149809], [2.41649631789e-05, 0.000206553799217, 0.000277492770692, -0.000116060255095, -0.001070153201, -0.00183451687917, 0.000397533964133, -0.00375408632681, 0.0106853470206, -0.00353809259832, 0.00231755850837, -0.00107236451004, 0.00029537739465], [-0.000145971862366, -0.000124926635181, 0.000266943097813, -0.000288291746983, -0.000919079175219, 0.000591694144532, -0.00079786387505, 0.00233609415591, -0.00353809259832, 0.0105011723936, -0.00410718936473, 0.00103929976467, -0.000361612823326], [-3.69514491467e-05, -0.000315759738442, -0.000597091682721, 0.000910078117158, 0.000892736192327, 7.77314198785e-05, -4.48942264484e-05, -0.0024220966734, 0.00231755850837, -0.00410718936473, 0.0128659140319, -0.00411336217076, 0.00104845606256], [2.05227770493e-05, 3.09892857331e-05, -8.41799628688e-05, -0.0010697793914, 0.000411707500461, -0.000524198170751, -0.000564092479181, 0.00185080710799, -0.00107236451004, 0.00103929976467, -0.00411336217076, 0.0129565829411, -0.00439648004249], [-2.65465732809e-05, -0.000351158872945, -0.000693644513376, 0.000637066434138, -5.66694552617e-06, 0.000903475331143, 0.000249110074947, -0.000677239149809, 0.00029537739465, -0.000361612823326, 0.00104845606256, -0.00439648004249, 0.0132993217558]]}, "silence_rate_20dB": {"dvar2": 0, "var": 0, "min": 1, "dmean": 0, "mean": 1, "max": 1, "dmean2": 0, "median": 1, "dvar": 0}, "melbands_kurtosis": {"dvar2": 7580.94433594, "var": 3986.91040039, "min": -1.92302286625, "dmean": 23.5165481567, "mean": 38.207485199, "max": 1810.56872559, "dmean2": 38.192817688, "median": 15.30580616, "dvar": 2889.65234375}, "barkbands_spread": {"dvar2": 514.837036133, "var": 481.047363281, "min": 0.23414029181, "dmean": 11.5130195618, "mean": 28.1120262146, "max": 145.238800049, "dmean2": 17.9581031799, "median": 23.2182769775, "dvar": 232.166488647}, "erbbands_skewness": {"dvar2": 0.566651821136, "var": 1.22489571571, "min": -4.56641483307, "dmean": 0.505534052849, "mean": 0.345828473568, "max": 6.54857349396, "dmean2": 0.735615611076, "median": 0.322804927826, "dvar": 0.288539171219}, "average_loudness": 0.829271197319, "spectral_centroid": {"dvar2": 494227.9375, "var": 1374545.5, "min": 108.108680725, "dmean": 404.265930176, "mean": 1487.390625, "max": 11693.2548828, "dmean2": 604.020996094, "median": 1275.86865234, "dvar": 249711.03125}, "dissonance": {"dvar2": 0.00115212739911, "var": 0.00131842819974, "min": 0.200161159039, "dmean": 0.0202089436352, "mean": 0.457074850798, "max": 0.500000119209, "dmean2": 0.032800026238, "median": 0.468021452427, "dvar": 0.000461060873931}, "erbbands_flatness_db": {"dvar2": 0.000850545242429, "var": 0.00184306572191, "min": 0.0447277650237, "dmean": 0.0221129525453, "mean": 0.132664337754, "max": 0.32010731101, "dmean2": 0.0308067779988, "median": 0.127072840929, "dvar": 0.000438365386799}, "spectral_strongpeak": {"dvar2": 1.42152380943, "var": 1.17838180065, "min": 0, "dmean": 0.430198729038, "mean": 0.778852760792, "max": 9.82524967194, "dmean2": 0.7117806077, "median": 0.334765046835, "dvar": 0.581610202789}, "spectral_rms": {"dvar2": 6.46384387437e-06, "var": 7.69953931012e-06, "min": 3.13262219984e-12, "dmean": 0.00110624649096, "mean": 0.00420733960345, "max": 0.0165335834026, "dmean2": 0.00160622154362, "median": 0.00378704862669, "dvar": 3.08816970573e-06}, "silence_rate_60dB": {"dvar2": 0.10154222697, "var": 0.143795624375, "min": 0, "dmean": 0.0493098013103, "mean": 0.17415189743, "max": 1, "dmean2": 0.0986263751984, "median": 0, "dvar": 0.0468832403421}, "melbands": {"dvar2": [7.02903344063e-05, 0.000117929026601, 2.95165718853e-05, 1.59552600962e-05, 1.76047507239e-07, 1.25102957327e-07, 3.1137545875e-07, 4.94122559758e-07, 3.67251459465e-07, 3.46117559502e-07, 1.91873439803e-07, 1.56544984975e-07, 7.73901689399e-08, 2.37218671373e-08, 2.47565505873e-08, 1.31519088953e-08, 6.62602861468e-09, 2.44962738982e-09, 1.37198064021e-09, 6.63934629497e-10, 4.34492886114e-10, 3.85889875609e-10, 3.76446873673e-10, 4.9467474561e-10, 2.40917674699e-10, 4.52065412881e-10, 8.99411378708e-10, 4.55029541824e-10, 4.4705372737e-10, 4.15160933409e-10, 3.48604450862e-10, 3.20930865216e-10, 3.79811959661e-10, 2.21303989023e-10, 1.02135987168e-10, 1.46229542364e-10, 1.03251331096e-10, 1.06363931551e-10, 6.66496718926e-11, 3.76256456547e-11], "var": [1.90516329894e-05, 3.52640927304e-05, 1.09739112304e-05, 4.95574795423e-06, 1.32168793243e-07, 8.54799893091e-08, 2.76023769175e-07, 3.9540339003e-07, 3.90876323308e-07, 4.60778068145e-07, 1.58929879035e-07, 1.18016338035e-07, 5.95544165094e-08, 1.8584310979e-08, 2.5540215276e-08, 1.34506175087e-08, 5.62114488289e-09, 1.78772807669e-09, 7.26594728828e-10, 3.76771086552e-10, 2.45460207715e-10, 2.07550851505e-10, 2.30074209684e-10, 3.24547749786e-10, 1.55617907449e-10, 3.51186607572e-10, 6.73026856468e-10, 2.91049573331e-10, 1.86970147698e-10, 1.86098317312e-10, 1.68162539449e-10, 1.6662946023e-10, 1.98444732868e-10, 1.33851471573e-10, 7.27457191707e-11, 9.41652936182e-11, 8.77858133408e-11, 9.14495701387e-11, 5.02296884641e-11, 2.41451407479e-11], "min": [4.65888530241e-25, 1.7401013336e-24, 1.13382741249e-24, 1.63185679842e-24, 9.49701755187e-25, 1.77651692793e-24, 3.19281393412e-24, 2.00617169237e-24, 1.81184882458e-24, 1.48201454302e-24, 2.06691141828e-24, 2.47228080785e-24, 2.0720045015e-24, 3.16814467589e-24, 1.34899898654e-24, 2.58245016364e-24, 3.41636922605e-24, 1.59050737217e-24, 2.72090057732e-24, 3.57590727223e-24, 3.32315978807e-24, 4.81740118208e-24, 3.77143670278e-24, 3.73973672173e-24, 4.05187162699e-24, 4.4869954694e-24, 4.86087688429e-24, 3.342675418e-24, 4.24111699157e-24, 4.70764065345e-24, 5.82377470469e-24, 5.00662879729e-24, 5.81691200925e-24, 6.10427983753e-24, 5.17075091419e-24, 5.3684714059e-24, 4.5436475153e-24, 6.1930673157e-24, 5.65526099913e-24, 5.7373261991e-24], "dmean": [0.00166931049898, 0.00246852752753, 0.000997256953269, 0.000554689671844, 9.92525165202e-05, 8.09676130302e-05, 0.00013418403978, 0.000143605429912, 0.000129795589601, 0.000132165296236, 6.73394897603e-05, 6.2905572122e-05, 5.50211552763e-05, 3.18483071169e-05, 3.82179277949e-05, 2.99215425912e-05, 1.7389176719e-05, 1.26783215819e-05, 9.69000484474e-06, 7.45180022932e-06, 5.74009118282e-06, 5.41894587514e-06, 5.65194750379e-06, 5.91170555708e-06, 4.649029961e-06, 6.74731745676e-06, 8.75105888554e-06, 5.95285473537e-06, 4.98429017171e-06, 4.93989728056e-06, 4.51084360975e-06, 4.61222407466e-06, 5.1465872275e-06, 4.2360675252e-06, 2.90075831799e-06, 3.27145448864e-06, 2.91501191896e-06, 2.7532578315e-06, 2.2932388