{"tonal": {"thpcp": [1, 0.599703967571, 0.172689989209, 0.131605237722, 0.112983316183, 0.125626087189, 0.182892084122, 0.237538769841, 0.243693336844, 0.244994625449, 0.302121371031, 0.34825772047, 0.312706291676, 0.254924446344, 0.200624778867, 0.181356623769, 0.210539057851, 0.21180011332, 0.181125462055, 0.160688623786, 0.154964506626, 0.165670156479, 0.149442359805, 0.124917268753, 0.180823206902, 0.31147775054, 0.32215115428, 0.216807797551, 0.164093822241, 0.141487002373, 0.122790493071, 0.123793564737, 0.148647367954, 0.151157364249, 0.132886320353, 0.563369095325], "hpcp": {"dmean2": [0.281457096338, 0.252030700445, 0.213491603732, 0.206049531698, 0.206249773502, 0.199910089374, 0.179125130177, 0.171668156981, 0.172676622868, 0.173419997096, 0.158252537251, 0.145735993981, 0.185164779425, 0.227408096194, 0.208979919553, 0.209956735373, 0.184003010392, 0.16127166152, 0.14090834558, 0.133865699172, 0.153469264507, 0.148646250367, 0.131480395794, 0.266767442226, 0.426102250814, 0.272193163633, 0.166335240006, 0.141340255737, 0.130972921848, 0.149745881557, 0.213764414191, 0.251186490059, 0.25697261095, 0.262465447187, 0.282663434744, 0.292417824268], "median": [0.0476867258549, 0.0306075122207, 0.0204788818955, 0.0150004783645, 0.0170975923538, 0.0174086391926, 0.0169984735548, 0.0142208859324, 0.015373439528, 0.0156813971698, 0.0137020274997, 0.0120888575912, 0.0238055028021, 0.03651663661, 0.0345748662949, 0.0266590453684, 0.017225343734, 0.0134767824784, 0.0118762766942, 0.0121879940853, 0.0143174510449, 0.0172979943454, 0.0152065558359, 0.230189293623, 0.382081389427, 0.279817223549, 0.0155255477875, 0.0123387798667, 0.00958607159555, 0.0107067748904, 0.0145748937503, 0.0196954812855, 0.020237930119, 0.0236543323845, 0.0374008566141, 0.0453572236001], "min": [0, 0, 0, 0, 0, 0, 0, 0, 0, 0, 0, 0, 0, 0, 0, 0, 0, 0, 0, 0, 0, 0, 0, 0, 0, 0, 0, 0, 0, 0, 0, 0, 0, 0, 0, 0], "dvar2": [0.153712049127, 0.160307332873, 0.135163322091, 0.141905412078, 0.136748224497, 0.126463547349, 0.107687667012, 0.108038440347, 0.116289675236, 0.107993200421, 0.0962902531028, 0.0806578099728, 0.0881895720959, 0.112256504595, 0.101296111941, 0.108992576599, 0.10299564898, 0.0963465496898, 0.0809777602553, 0.0712160840631, 0.0882378146052, 0.0785525739193, 0.0641542002559, 0.108339048922, 0.273149043322, 0.109315320849, 0.0967193692923, 0.0833021253347, 0.0733497589827, 0.0900007039309, 0.140895754099, 0.171313628554, 0.16576705873, 0.154995262623, 0.155755415559, 0.164676561952], "dvar": [0.0555150173604, 0.0570670478046, 0.047165479511, 0.050685826689, 0.0493235699832, 0.0472485274076, 0.0394247360528, 0.0384899377823, 0.0405885055661, 0.0384528078139, 0.0341580398381, 0.0285509042442, 0.0313293226063, 0.0415132492781, 0.0382921248674, 0.0392571538687, 0.0367271564901, 0.033982347697, 0.0283354055136, 0.025153150782, 0.0316350385547, 0.0284943524748, 0.0233330279589, 0.0413924641907, 0.109276801348, 0.0425379686058, 0.0354923121631, 0.0293751955032, 0.0265897251666, 0.0317789167166, 0.0506749413908, 0.0622462779284, 0.0594875253737, 0.0559105314314, 0.0575991310179, 0.0618439614773], "dmean": [0.157673999667, 0.139603555202, 0.11723074317, 0.111099354923, 0.114162378013, 0.110948219895, 0.0996799021959, 0.0941437631845, 0.0947999805212, 0.09641572088, 0.0872476324439, 0.0787973031402, 0.10214086622, 0.127924978733, 0.118148446083, 0.116149738431, 0.100417524576, 0.0882434248924, 0.0772746503353, 0.0738166943192, 0.0842995196581, 0.084191173315, 0.0737102404237, 0.148304894567, 0.231963217258, 0.154006645083, 0.0939381197095, 0.0781716257334, 0.0712876096368, 0.0810046121478, 0.116311304271, 0.137557074428, 0.140397667885, 0.14494805038, 0.158010482788, 0.164435341954], "max": [1, 1, 1, 1, 1, 1, 1, 1, 1, 1, 1, 1, 1, 1, 1, 1, 1, 1, 1, 1, 1, 1, 1, 1, 1, 1, 1, 1, 1, 1, 1, 1, 1, 1, 1, 1], "var": [0.0563287436962, 0.0514399707317, 0.0384420342743, 0.0399398766458, 0.0474637560546, 0.0479370802641, 0.035388443619, 0.0329677499831, 0.030246630311, 0.031805742532, 0.0277611464262, 0.020689997822, 0.0269365273416, 0.0616282820702, 0.0687767639756, 0.036038082093, 0.0290677435696, 0.0259329490364, 0.0205797906965, 0.0193600151688, 0.0275255702436, 0.0258821602911, 0.0206941757351, 0.059597671032, 0.193287730217, 0.0634693130851, 0.0339050292969, 0.0226876083761, 0.0200896523893, 0.0228611826897, 0.0394229106605, 0.0558590106666, 0.0555883869529, 0.0498172529042, 0.0604262985289, 0.0704245194793], "mean": [0.152802586555, 0.124567739666, 0.0980344340205, 0.0886191353202, 0.10287900269, 0.10349521786, 0.0885061770678, 0.0785198062658, 0.0757227391005, 0.0809540078044, 0.0730243697762, 0.0610402859747, 0.0883584842086, 0.152202263474, 0.1574177742, 0.105942197144, 0.0801837444305, 0.0691370144486, 0.0600010454655, 0.0604911930859, 0.0726358965039, 0.0738623961806, 0.0649343281984, 0.275287896395, 0.4886457026, 0.293042778969, 0.0843842178583, 0.0643083304167, 0.0552088133991, 0.0613866448402, 0.089369431138, 0.116072297096, 0.119079701602, 0.119715571404, 0.147630304098, 0.170174643397]}, "tuning_equal_tempered_deviation": 0.189392566681, "chords_changes_rate": 0.0824364572763, "key_key": "A#", "tuning_diatonic_strength": 0.491101354361, "key_scale": "major", "chords_number_rate": 0.00206091138534, "tuning_frequency": 434.193115234, "tuning_nontempered_energy_ratio": 0.788180947304, "chords_histogram": [7.96885728836, 22.441034317, 25.7842922211, 0.297687202692, 0, 0.686970472336, 0.114495076239, 0.412182271481, 1.48843598366, 0.595374405384, 7.57957410812, 0.641172409058, 2.65628576279, 0.183192119002, 0, 0, 0, 15.9835128784, 6.57201719284, 4.85459136963, 0.389283269644, 0.343485236168, 0.251889169216, 0.755667507648], "key_strength": 0.544780731201, "chords_key": "F", "chords_strength": {"dmean2": 0.0131500847638, "median": 0.504222810268, "min": -1, "dvar2": 0.000964166247286, "dvar": 0.000516369764227, "dmean": 0.0108970599249, "max": 0.739385545254, "var": 0.0187112875283, "mean": 0.499363124371}, "chords_scale": "major", "hpcp_entropy": {"dmean2": 1.14629113674, "median": 2.40743947029, "min": 0, "dvar2": 0.830008983612, "dvar": 0.300201416016, "dmean": 0.681366562843, "max": 4.65768146515, "var": 0.619962930679, "mean": 2.39949345589}}, "metadata": {"audio_properties": {"equal_loudness": 0, "codec": "mp3", "downmix": "mix", "sample_rate": 44100, "analysis_sample_rate": 44100, "bit_rate": 230495, "md5_encoded": "4ce9862bb707ac2829044218b97839c1", "length": 202.73739624, "replay_gain": -9.32210350037, "lossless": false}, "version": {"essentia_build_sha": "ca57ba49d9b1854bd80e60cf9ccf267278fb7d6b", "essentia": "2.1-beta1", "extractor": "music 1.0", "essentia_git_sha": "v2.1_beta1-28-g21ef5f4-dirty"}, "tags": {"title": ["Habitante cerveau"], "barcode": ["3359340153769"], "media": ["CD"], "albumartist": ["La Belle Bleue"], "musicbrainz_recordingid": ["12c207a3-f7a7-4dd3-a538-e62b78e31310"], "musicbrainz_albumartistid": ["145c4272-23d0-40e6-8a5e-eac5e043cba1"], "originalyear": ["2010"], "discnumber": ["1/1"], "album": ["Morceaux de papiers"], "contentgroup": ["Rock"], "musicbrainz album type": ["album"], "musicbrainz album status": ["official"], "file_name": "13 Habitante cerveau.mp3", "originaldate": ["2010-07"], "date": ["2010-07"], "genre": ["Rock"], "musicbrainz_releasegroupid": ["938f142b-7023-432c-99a5-1dcf4e039ae9"], "script": ["Latn"], "asin": ["B003YDICVE"], "musicbrainz_albumid": ["9dc4cc24-725b-4fc3-94b7-ecd58d8d14a6"], "artist": ["La Belle Bleue"], "artistsort": ["Belle Bleue, La"], "tracknumber": ["13/18"], "musicbrainz album release country": ["FR"], "albumartistsort": ["Belle Bleue, La"], "acoustid_id": ["b4132532-1b92-44ca-a163-07b3c21dcba7"], "musicbrainz_artistid": ["145c4272-23d0-40e6-8a5e-eac5e043cba1"]}}, "rhythm": {"bpm_histogram_first_peak_bpm": {"dmean2": 0, "median": 99, "min": 99, "dvar2": 0, "dvar": 0, "dmean": 0, "max": 99, "var": 0, "mean": 99}, "bpm": 99.8926849365, "bpm_histogram_second_peak_spread": {"dmean2": 0, "median": 0.33333337307, "min": 0.33333337307, "dvar2": 0, "dvar": 0, "dmean": 0, "max": 0.33333337307, "var": 0, "mean": 0.33333337307}, "bpm_histogram_first_peak_weight": {"dmean2": 0, "median": 0.629411756992, "min": 0.629411756992, "dvar2": 0, "dvar": 0, "dmean": 0, "max": 0.629411756992, "var": 0, "mean": 0.629411756992}, "onset_rate": 4.1428976059, "beats_position": [0.568888902664, 1.14938771725, 1.74149656296, 2.33360528946, 2.93732428551, 3.54104304314, 4.14476203918, 4.74848079681, 5.35219955444, 5.94430828094, 6.54802703857, 7.14013576508, 7.73224496841, 8.33596324921, 8.93968200684, 9.54340076447, 10.1355104446, 10.7276191711, 11.3313379288, 11.9234466553, 12.5155553818, 13.1192741394, 13.722992897, 14.3499317169, 14.9536504745, 15.545759201, 16.1378688812, 16.7299766541, 17.3220863342, 17.9258041382, 18.5295238495, 19.1332416534, 19.7369613647, 20.3406791687, 20.94439888, 21.548116684, 22.1402263641, 22.7323360443, 23.3360538483, 23.9397735596, 24.5434913635, 25.1472110748, 25.7509288788, 26.3546485901, 26.9351463318, 27.5388660431, 28.142583847, 28.7463035583, 29.3500213623, 29.9537410736, 30.5574588776, 31.1611785889, 31.7416782379, 32.3453979492, 32.9258956909, 33.5296134949, 34.1333312988, 34.7370529175, 35.3407707214, 35.9444885254, 36.5249862671, 37.1287078857, 37.7092056274, 38.3129234314, 38.91664505, 39.520362854, 40.124080658, 40.7277984619, 41.3315200806, 41.923625946, 42.5157356262, 43.1194534302, 43.7231750488, 44.3268928528, 44.9306106567, 45.5343284607, 46.1264381409, 46.718547821, 47.322265625, 47.9259872437, 48.5297050476, 49.1334228516, 49.7255325317, 50.3292503357, 50.9329681396, 51.5250778198, 52.1287956238, 52.7325172424, 53.3362350464, 53.9399528503, 54.5436706543, 55.1357803345, 55.7278900146, 56.3316078186, 56.9353294373, 57.5390472412, 58.1427650452, 58.7464828491, 59.3385925293, 59.9307022095, 60.5344200134, 61.1381378174, 61.7302474976, 62.3223571777, 62.9260749817, 63.5297966003, 64.1335144043, 64.7372360229, 65.3409500122, 65.9330596924, 66.5251693726, 67.1288909912, 67.7326049805, 68.3363265991, 68.9400405884, 69.543762207, 70.1358718872, 70.7395935059, 71.3316955566, 71.9354171753, 72.5391387939, 73.1428527832, 73.7349624634, 74.3270721436, 74.9307937622, 75.5345077515, 76.1266174316, 76.7187271118, 77.3224487305, 77.9261627197, 78.5298843384, 79.133605957, 79.7373199463, 80.3410415649, 80.9447631836, 81.5368728638, 82.140586853, 82.7443084717, 83.3364181519, 83.9401321411, 84.5438537598, 85.1475753784, 85.7512893677, 86.3433990479, 86.935508728, 87.5392303467, 88.1313400269, 88.7234420776, 89.3271636963, 89.9308853149, 90.5229949951, 91.1150970459, 91.7188186646, 92.3225402832, 92.9262542725, 93.5299758911, 94.1336975098, 94.7257995605, 95.3179092407, 95.9216308594, 96.525352478, 97.1406784058, 97.7792282104, 98.4293823242, 99.0563278198, 99.6716537476, 100.286979675, 100.902313232, 101.51763916, 102.144577026, 102.771514893, 103.398452759, 104.013786316, 104.629112244, 105.232833862, 105.836547852, 106.44026947, 107.043991089, 107.636100769, 108.22820282, 108.831924438, 109.424034119, 110.016143799, 110.619865417, 111.223579407, 111.838912964, 112.431015015, 113.023124695, 113.615234375, 114.218955994, 114.822669983, 115.414779663, 116.018501282, 116.610610962, 117.191108704, 117.794830322, 118.398544312, 119.013877869, 119.605987549, 120.209701538, 120.813423157, 121.428749084, 122.032470703, 122.636184692, 123.228294373, 123.820404053, 124.389297485, 125.004623413, 125.619949341, 126.223670959, 126.81578064, 127.419502258, 128.034820557, 128.650161743, 129.265487671, 129.857589722, 130.438095093, 131.030197144, 131.633926392, 132.237640381, 132.84135437, 133.445083618, 134.048797607, 134.652511597, 135.244628906, 135.836730957, 136.440444946, 137.032562256, 137.624664307, 138.228393555, 138.832107544, 139.435821533, 140.027938843, 140.620040894, 141.223754883, 141.827484131, 142.43119812, 143.034912109, 143.638641357, 144.242355347, 144.846069336, 145.438186646, 146.030288696, 146.634017944, 147.237731934, 147.841445923, 148.445159912, 149.04888916, 149.640991211, 150.244720459, 150.83682251, 151.440536499, 152.044265747, 152.636367798, 153.228485107, 153.832199097, 154.424301147, 155.028030396, 155.620132446, 156.223846436, 156.827575684, 157.431289673, 158.035003662, 158.63873291, 159.242446899, 159.83454895, 160.42666626, 161.030380249, 161.634094238, 162.237823486, 162.841537476, 163.433654785, 164.025756836, 164.629470825, 165.233200073, 165.836914062, 166.429016113, 167.032745361, 167.636459351, 168.24017334, 168.832290649, 169.436004639, 170.039718628, 170.643447876, 171.247161865, 171.839263916, 172.431381226, 173.035095215, 173.638824463, 174.242538452, 174.846252441, 175.438369751, 176.030471802, 176.634185791, 177.237915039, 177.841629028, 178.445343018, 179.049072266, 179.652786255, 180.244888306, 180.837005615, 181.440719604, 182.032836914, 182.636550903, 183.240264893, 183.832382202, 184.436096191, 185.039810181, 185.643539429, 186.247253418, 186.839355469, 187.431472778, 188.035186768, 188.627304077, 189.231018066, 189.846343994, 190.450057983, 191.042175293, 191.634277344, 192.238006592, 192.85333252, 193.457046509, 194.060760498, 194.664489746, 195.210159302, 195.755828857, 196.185394287, 196.603347778, 197.021316528, 197.450881958, 197.880447388, 198.298416138, 198.727981567, 199.13432312, 199.55229187, 199.970245361, 200.388198853, 200.806167603, 201.224121094, 201.642089844, 202.060043335], "beats_loudness": {"dmean2": 0.0686299130321, "median": 0.0670138597488, "min": 5.10839044676e-11, "dvar2": 0.00382372736931, "dvar": 0.00131733133458, "dmean": 0.0383461415768, "max": 0.292658865452, "var": 0.00183766672853, "mean": 0.0696765333414}, "danceability": 1.18211472034, "bpm_histogram_second_peak_weight": {"dmean2": 0, "median": 0.0294117648154, "min": 0.0294117648154, "dvar2": 0, "dvar": 0, "dmean": 0, "max": 0.0294117648154, "var": 0, "mean": 0.0294117648154}, "beats_count": 341, "bpm_histogram_second_peak_bpm": {"dmean2": 0, "median": 144, "min": 144, "dvar2": 0, "dvar": 0, "dmean": 0, "max": 144, "var": 0, "mean": 144}, "bpm_histogram_first_peak_spread": {"dmean2": 0, "median": 0.331250011921, "min": 0.331250011921, "dvar2": 0, "dvar": 0, "dmean": 0, "max": 0.331250011921, "var": 0, "mean": 0.331250011921}, "beats_loudness_band_ratio": {"dmean2": [0.358985334635, 0.161891430616, 0.075364343822, 0.113772988319, 0.0520332194865, 0.18794670701], "median": [0.676239132881, 0.0490564480424, 0.019175644964, 0.0428190715611, 0.0276416335255, 0.0922233834863], "min": [0, 0, 0, 0, 0, 0], "dvar2": [0.0934896618128, 0.0406799502671, 0.00905147567391, 0.0226219706237, 0.00266026216559, 0.0335919223726], "dvar": [0.0306773092598, 0.0144770443439, 0.00295733031817, 0.00814590137452, 0.000923562503885, 0.0119696389884], "dmean": [0.203936964273, 0.0888015255332, 0.0411196686327, 0.0635634958744, 0.0293032359332, 0.103086099029], "max": [0.999180078506, 0.767642080784, 0.479499608278, 0.655517399311, 0.194601997733, 0.75296318531], "var": [0.0498368032277, 0.0135927665979, 0.0029568085447, 0.0076423054561, 0.00104409724008, 0.0134971998632], "mean": [0.648604929447, 0.090472497046, 0.0403437614441, 0.0704476833344, 0.0364719219506, 0.12897695601]}}, "lowlevel": {"barkbands_spread": {"dmean2": 14.5387973785, "median": 16.9294586182, "min": 0.134358242154, "dvar2": 386.412719727, "dvar": 189.575805664, "dmean": 9.57395362854, "max": 132.337661743, "var": 581.739318848, "mean": 24.6170711517}, "melbands_spread": {"dmean2": 11.6273517609, "median": 10.4817466736, "min": 0.112892389297, "dvar2": 368.900421143, "dvar": 161.980682373, "dmean": 7.40052652359, "max": 213.690093994, "var": 450.411102295, "mean": 16.4406070709}, "hfc": {"dmean2": 37.0384979248, "median": 45.194316864, "min": 1.06725198442e-16, "dvar2": 4339.81933594, "dvar": 1980.86071777, "dmean": 25.8440742493, "max": 537.399841309, "var": 5990.78662109, "mean": 72.0123443604}, "barkbands_kurtosis": {"dmean2": 26.8488445282, "median": 7.54210186005, "min": -1.87035644054, "dvar2": 3233.52416992, "dvar": 1378.21044922, "dmean": 17.0773868561, "max": 818.691711426, "var": 3712.76586914, "mean": 28.3633174896}, "gfcc": {"mean": [-33.3786697388, 84.7408981323, -74.7254562378, 17.084028244, -8.21455478668, 1.95882427692, 6.45712089539, -18.0930080414, -1.61685407162, -4.44121313095, -4.08679771423, 4.89486694336, -10.5469007492], "icov": [[5.69388830627e-05, -6.27700719633e-05, 0.000268420728389, -0.000239408807829, 0.000210117374081, -7.99876870587e-05, -9.38186349231e-06, 0.000113468253403, -0.000105136779894, 0.000138442468597, -0.000142022574437, -2.45301780524e-05, 3.35401564371e-05], [-6.27700719633e-05, 0.0013659093529, -0.00145457591861, 0.00175229937304, -0.000938901444897, 0.00031178270001, -7.36552319722e-05, 0.00034349237103, -8.19702545414e-05, -0.000296868005535, -0.00023261300521, 0.00181247270666, -0.00111565832049], [0.000268420728389, -0.00145457591861, 0.00678505050018, -0.00624508690089, 0.00533062685281, -0.00445215823129, 0.00151067145634, -8.56002225191e-05, -0.00243304041214, 0.00448385812342, -0.00613160710782, 0.00267800153233, -0.00092382990988], [-0.000239408807829, 0.00175229937304, -0.00624508690089, 0.0119192702696, -0.0107881352305, 0.00675342790782, -0.00141526316293, -0.00447053881362, 0.00703675486147, -0.0109620848671, 0.0138889234513, -0.011187271215, 0.00636615650728], [0.000210117374081, -0.000938901444897, 0.00533062685281, -0.0107881352305, 0.0164294224232, -0.00788108911365, -8.06060925242e-05, 0.00565013848245, -0.011941245757, 0.0157927237451, -0.0176199842244, 0.0158600155264, -0.0104479966685], [-7.99876870587e-05, 0.00031178270001, -0.00445215823129, 0.00675342790782, -0.00788108911365, 0.0103239705786, -0.00338170933537, -0.00401004729792, 0.0111974505708, -0.0129680633545, 0.0122047839686, -0.00871549546719, 0.00500233331695], [-9.38186349231e-06, -7.36552319722e-05, 0.00151067145634, -0.00141526316293, -8.06060925242e-05, -0.00338170933537, 0.0097067868337, 0.00017708951782, -0.00648872321472, 0.00815052073449, -0.0043223015964, -0.00229959748685, 0.000156015637913], [0.000113468253403, 0.00034349237103, -8.56002225191e-05, -0.00447053881362, 0.00565013848245, -0.00401004729792, 0.00017708951782, 0.0100148953497, -0.00733579555526, 0.00525314453989, -0.00728047639132, 0.00825420953333, -0.00707959011197], [-0.000105136779894, -8.19702545414e-05, -0.00243304041214, 0.00703675486147, -0.011941245757, 0.0111974505708, -0.00648872321472, -0.00733579555526, 0.027292823419, -0.0247427858412, 0.019309591502, -0.0144130112603, 0.00946783740073], [0.000138442468597, -0.000296868005535, 0.00448385812342, -0.0109620848671, 0.0157927237451, -0.0129680633545, 0.00815052073449, 0.00525314453989, -0.0247427858412, 0.0414443463087, -0.0301039256155, 0.0188287235796, -0.010523840785], [-0.000142022574437, -0.00023261300521, -0.00613160710782, 0.0138889234513, -0.0176199842244, 0.0122047839686, -0.0043223015964, -0.00728047639132, 0.019309591502, -0.0301039256155, 0.0410430952907, -0.026011781767, 0.0112784914672], [-2.45301780524e-05, 0.00181247270666, 0.00267800153233, -0.011187271215, 0.0158600155264, -0.00871549546719, -0.00229959748685, 0.00825420953333, -0.0144130112603, 0.0188287235796, -0.026011781767, 0.0364210307598, -0.0146648092195], [3.35401564371e-05, -0.00111565832049, -0.00092382990988, 0.00636615650728, -0.0104479966685, 0.00500233331695, 0.000156015637913, -0.00707959011197, 0.00946783740073, -0.010523840785, 0.0112784914672, -0.0146648092195, 0.019689861685]], "cov": [[27557.3515625, -1471.57373047, -1855.33410645, 305.287261963, -51.5264892578, -957.349731445, 458.017456055, -768.83026123, 281.143737793, -265.717803955, -146.845016479, 330.49319458, -327.213226318], [-1471.57373047, 2217.80981445, 159.883682251, -679.446960449, 74.2970046997, 215.806411743, -193.012084961, -33.9658851624, -135.203414917, 55.4415168762, 92.2627868652, -262.64831543, 175.444717407], [-1855.33410645, 159.883682251, 620.600769043, 204.107269287, -75.6120529175, 221.406204224, -66.1087646484, 183.158721924, -42.3424186707, 67.4087905884, 22.9103679657, 11.7924385071, -2.59802913666], [305.287261963, -679.446960449, 204.107269287, 605.645568848, 98.5901947021, -60.6511878967, 97.6169509888, 117.633651733, 93.3633728027, 2.02881717682, -43.5736198425, 110.805389404, -52.3376922607], [-51.5264892578, 74.2970046997, -75.6120529175, 98.5901947021, 295.194671631, -3.60768294334, 86.8650970459, -6.60807704926, 46.1487007141, -29.0679721832, 20.0982303619, -18.3199558258, 60.4807891846], [-957.349731445, 215.806411743, 221.406204224, -60.6511878967, -3.60768294334, 337.792724609, -10.6695022583, 74.5285568237, -80.6499099731, 36.8511009216, 10.1632318497, -15.431385994, 24.167514801], [458.017456055, -193.012084961, -66.1087646484, 97.6169509888, 86.8650970459, -10.6695022583, 213.403518677, -0.568453609943, 58.7927093506, -39.1501083374, 5.66145896912, 63.7471160889, -4.43163824081], [-768.83026123, -33.9658851624, 183.158721924, 117.633651733, -6.60807704926, 74.5285568237, -0.568453609943, 227.208007812, 35.2623825073, 46.2746276855, 10.757522583, 4.49170637131, 34.1630516052], [281.143737793, -135.203414917, -42.3424186707, 93.3633728027, 46.1487007141, -80.6499099731, 58.7927093506, 35.2623825073, 134.919647217, 34.3492393494, -0.231940552592, 26.5989608765, -9.69587230682], [-265.717803955, 55.4415168762, 67.4087905884, 2.02881717682, -29.0679721832, 36.8511009216, -39.1501083374, 46.2746276855, 34.3492393494, 95.434928894, 38.8189697266, -3.62630558014, 7.81746721268], [-146.845016479, 92.2627868652, 22.9103679657, -43.5736198425, 20.0982303619, 10.1632318497, 5.66145896912, 10.757522583, -0.231940552592, 38.8189697266, 88.1110992432, 22.5546455383, 19.7341461182], [330.49319458, -262.64831543, 11.7924385071, 110.805389404, -18.3199558258, -15.431385994, 63.7471160889, 4.49170637131, 26.5989608765, -3.62630558014, 22.5546455383, 108.949943542, -1.91115045547], [-327.213226318, 175.444717407, -2.59802913666, -52.3376922607, 60.4807891846, 24.167514801, -4.43163824081, 34.1630516052, -9.69587230682, 7.81746721268, 19.7341461182, -1.91115045547, 112.470695496]]}, "spectral_energyband_middle_low": {"dmean2": 0.00740835163742, "median": 0.00363458506763, "min": 1.83662861011e-22, "dvar2": 0.000233229788137, "dvar": 0.000102964208054, "dmean": 0.00490605877712, "max": 0.171208903193, "var": 0.000182493953616, "mean": 0.00837940350175}, "melbands_crest": {"dmean2": 6.75870037079, "median": 22.7214698792, "min": 1.57326674461, "dvar2": 36.4853477478, "dvar": 14.8692522049, "dmean": 4.23040485382, "max": 38.850189209, "var": 58.2514343262, "mean": 22.3572311401}, "spectral_kurtosis": {"dmean2": 8.3101272583, "median": 10.7803554535, "min": -1.23293030262, "dvar2": 322.018188477, "dvar": 127.719078064, "dmean": 5.25993824005, "max": 235.913650513, "var": 180.463363647, "mean": 13.6949968338}, "spectral_rms": {"dmean2": 0.00222039967775, "median": 0.0067803375423, "min": 3.11212882721e-12, "dvar2": 8.12241523818e-06, "dvar": 3.42775547324e-06, "dmean": 0.00146264245268, "max": 0.0219462979585, "var": 1.07758596641e-05, "mean": 0.00667012948543}, "zerocrossingrate": {"dmean2": 0.0323645286262, "median": 0.1083984375, "min": 0.00146484375, "dvar2": 0.000932205759455, "dvar": 0.000668844557367, "dmean": 0.0262346044183, "max": 0.82666015625, "var": 0.00741123128682, "mean": 0.122002772987}, "silence_rate_60dB": {"dmean2": 0.0256557092071, "median": 0, "min": 0, "dvar2": 0.0291191264987, "dvar": 0.0126636112109, "dmean": 0.0128263859078, "max": 1, "var": 0.0703498497605, "mean": 0.0761479437351}, "erbbands_kurtosis": {"dmean2": 2.75897574425, "median": 0.142350912094, "min": -1.82195186615, "dvar2": 57.288143158, "dvar": 21.7591266632, "dmean": 1.71449255943, "max": 115.803276062, "var": 29.0671329498, "mean": 1.36935162544}, "erbbands": {"dmean2": [1.13075339794, 4.67272806168, 9.49450111389, 7.57654905319, 9.14477348328, 13.2506132126, 18.5030345917, 13.3902978897, 10.4584579468, 14.6811552048, 19.4504718781, 16.6547012329, 19.268163681, 27.3228740692, 21.0311985016, 21.0132579803, 29.3333835602, 24.6367454529, 32.4398002625, 17.3854122162, 14.1716213226, 12.6552476883, 22.0600681305, 12.9771595001, 11.9421777725, 10.1466636658, 10.6194572449, 12.5431547165, 15.9283227921, 10.4010515213, 5.81450366974, 2.51382946968, 0.792722284794, 0.0931549817324, 0.0336018912494, 0.136590898037, 0.384114444256, 0.413619279861, 0.102319210768, 0.0095555447042], "median": [0.736240327358, 1.94573450089, 3.06593108177, 2.73881292343, 2.44506120682, 2.85404849052, 2.63768768311, 3.04083514214, 2.84475421906, 2.58762979507, 2.26848626137, 2.17676925659, 5.22748708725, 11.1597166061, 10.5531492233, 11.7195100784, 10.8798398972, 10.2838106155, 9.72596073151, 6.69508934021, 4.35731744766, 4.40663719177, 5.45641040802, 4.05767345428, 3.70290064812, 2.83482861519, 2.21893334389, 2.09382295609, 1.98204827309, 1.01481568813, 0.435689806938, 0.198562666774, 0.0757469534874, 0.0196311362088, 0.0078547205776, 0.0154990442097, 0.0260931681842, 0.0465438775718, 0.0257090255618, 0.00753956334665], "min": [2.4387265698e-23, 9.63312104913e-22, 4.22727622819e-21, 1.61872896619e-20, 2.02779142797e-20, 5.63829893088e-20, 8.61175215413e-20, 1.34359463885e-19, 1.65600847775e-19, 1.9087435619e-19, 2.41272816551e-19, 3.75509082224e-19, 6.39046447239e-19, 5.01563394265e-19, 6.39137902395e-19, 1.42710700029e-18, 1.78938026213e-18, 2.21591180909e-18, 2.47011909379e-18, 2.94741740327e-18, 3.50980302609e-18, 4.87624418666e-18, 5.30741208095e-18, 5.31215678895e-18, 7.41500748396e-18, 8.8791378477e-18, 8.62014180764e-18, 8.99928914039e-18, 1.32790066516e-17, 1.3085619269e-17, 1.30902887036e-17, 1.3465422556e-17, 9.95650750832e-18, 9.90476984255e-18, 6.6669553824e-18, 4.50138123589e-18, 2.50392617222e-18, 1.03118723645e-18, 2.66630400121e-19, 2.8123662613e-20], "dvar2": [5.25533056259, 76.0090484619, 332.102111816, 200.707489014, 601.749511719, 1700.74707031, 4320.27197266, 1719.80371094, 699.93359375, 2113.08398438, 5241.17285156, 3373.76293945, 3274.22802734, 3405.97021484, 3365.38696289, 1584.3371582, 4156.79541016, 2390.55859375, 6093.87451172, 1019.42346191, 1481.79760742, 824.705322266, 4929.11962891, 869.958007812, 746.939331055, 603.227416992, 863.526367188, 1522.82397461, 2068.71923828, 932.893493652, 403.386413574, 74.0961303711, 7.54448413849, 0.046899355948, 0.00329638272524, 0.203787758946, 1.84227788448, 1.39644670486, 0.073764257133, 0.000455484725535], "dvar": [1.88761365414, 28.4296340942, 139.216903687, 76.774887085, 229.96774292, 780.677062988, 1813.72619629, 749.926147461, 284.533050537, 1100.47583008, 2058.86474609, 1504.48986816, 1495.29833984, 1529.4831543, 1425.03955078, 665.24621582, 1815.12939453, 982.426269531, 2570.53076172, 413.957641602, 558.952819824, 312.681793213, 1888.63916016, 359.534637451, 314.691009521, 258.296508789, 420.063446045, 724.432678223, 974.97253418, 459.117004395, 179.695175171, 33.9840965271, 3.44873595238, 0.0216004662216, 0.00141183868982, 0.0938373729587, 0.810778141022, 0.638345181942, 0.0324661917984, 0.000197810819373], "dmean": [0.677084028721, 2.80902242661, 5.80481386185, 4.60533332825, 5.59667110443, 8.40416431427, 11.6544933319, 8.66009998322, 6.59094953537, 9.69835758209, 11.8378000259, 10.6178102493, 12.2911653519, 17.6447563171, 13.5692567825, 13.594379425, 19.2923984528, 15.7898750305, 20.760351181, 10.8745317459, 8.62323379517, 7.76833057404, 13.5291757584, 8.182721138, 7.68942642212, 6.68657493591, 7.06766080856, 8.51580142975, 10.8415107727, 7.19656848907, 3.92465162277, 1.70567858219, 0.535207509995, 0.0601123720407, 0.0205388832837, 0.0927757322788, 0.258333593607, 0.283546507359, 0.0696380734444, 0.00647439016029], "max": [18.8265533447, 68.0859298706, 143.493347168, 125.299812317, 329.427062988, 826.926330566, 990.63848877, 971.150390625, 374.669677734, 1184.34436035, 1029.58837891, 1480.87548828, 1727.35083008, 1106.63500977, 1690.60339355, 776.942565918, 818.912719727, 736.505187988, 1155.39587402, 354.544891357, 781.546386719, 330.659484863, 1105.1817627, 425.469390869, 361.378051758, 262.935424805, 732.447814941, 944.320983887, 875.018310547, 535.531799316, 280.225921631, 98.452331543, 35.6832504272, 3.11513900757, 0.730158805847, 4.73727989197, 13.9226846695, 10.5658311844, 2.6661221981, 0.282372623682], "var": [2.23517632484, 35.0950889587, 179.575241089, 101.805267334, 220.499267578, 938.899291992, 2374.19824219, 1178.6529541, 372.433776855, 2312.74804688, 2328.0871582, 2139.15527344, 2495.05639648, 3066.85083008, 1968.83544922, 1171.84875488, 3336.63256836, 1716.23303223, 4315.04199219, 824.148376465, 1255.36914062, 511.78918457, 2280.81616211, 660.951660156, 584.745239258, 464.549591064, 741.319458008, 1128.26525879, 1417.25939941, 722.347045898, 200.715408325, 38.6928062439, 3.92123126984, 0.0253416337073, 0.0015702242963, 0.106497019529, 0.865280926228, 0.787329614162, 0.0498255677521, 0.000685921986587], "mean": [1.18153750896, 3.86694407463, 7.454413414, 6.33797168732, 6.85177755356, 10.3003673553, 14.1340065002, 12.2061004639, 9.05716228485, 13.5000991821, 13.5568752289, 12.7134361267, 17.4918994904, 28.6086368561, 21.6218128204, 22.7896652222, 29.7350234985, 25.2689743042, 32.2688522339, 18.4131336212, 14.6152505875, 12.4384155273, 19.0856113434, 13.1000518799, 12.401889801, 10.7609272003, 10.7793092728, 11.4812650681, 12.9549970627, 8.53953361511, 4.31518554688, 1.85784053802, 0.594040572643, 0.0671197846532, 0.0215331614017, 0.101075641811, 0.274619013071, 0.33428299427, 0.111901894212, 0.0160734001547]}, "spectral_strongpeak": {"dmean2": 1.11661267281, "median": 0.267071217299, "min": 0, "dvar2": 70.1046447754, "dvar": 24.5991268158, "dmean": 0.605616927147, "max": 112.372848511, "var": 25.3350563049, "mean": 0.708696365356}, "spectral_energy": {"dmean2": 0.0397685617208, "median": 0.0471223033965, "min": 9.92747920739e-21, "dvar2": 0.00448989402503, "dvar": 0.00174910912756, "dmean": 0.0250113420188, "max": 0.493680983782, "var": 0.00256537063979, "mean": 0.0566480644047}, "average_loudness": 0.880126297474, "spectral_rolloff": {"dmean2": 2886.63525391, "median": 559.86328125, "min": 43.06640625, "dvar2": 39745304, "dvar": 16025471, "dmean": 1623.7869873, "max": 22028.4667969, "var": 27172464, "mean": 2558.37304688}, "spectral_centroid": {"dmean2": 499.976013184, "median": 993.554321289, "min": 76.9903945923, "dvar2": 387618.78125, "dvar": 213918.984375, "dmean": 338.412902832, "max": 11557.8222656, "var": 1111847.625, "mean": 1300.88452148}, "pitch_salience": {"dmean2": 0.141952380538, "median": 0.441415667534, "min": 0.0576545149088, "dvar2": 0.0151651091874, "dvar": 0.00621726782992, "dmean": 0.0887935683131, "max": 0.918617069721, "var": 0.0239178687334, "mean": 0.437318980694}, "spectral_energyband_middle_high": {"dmean2": 0.00278411712497, "median": 0.00303553906269, "min": 1.09357861208e-21, "dvar2": 1.99537989829e-05, "dvar": 9.3880280474e-06, "dmean": 0.00189951038919, "max": 0.0780402347445, "var": 2.74947487924e-05, "mean": 0.00460629863665}, "spectral_contrast_coeffs": {"dmean2": [0.091203160584, 0.0817153975368, 0.0664544329047, 0.0554275177419, 0.0404495410621, 0.0581995211542], "median": [-0.714724063873, -0.786461114883, -0.804060935974, -0.805904388428, -0.825162470341, -0.70627874136], "min": [-0.969787120819, -0.970048487186, -0.974800527096, -0.98992806673, -0.977478563786, -0.963804423809], "dvar2": [0.00531542487442, 0.00430443650112, 0.00278107100166, 0.00217335368507, 0.00132694793865, 0.00320218969136], "dvar": [0.00208428082988, 0.00165668607224, 0.00111667090096, 0.000916653603781, 0.000575366837438, 0.00149854039773], "dmean": [0.0562408901751, 0.0505656562746, 0.0414512082934, 0.0343852378428, 0.0253800842911, 0.0381640680134], "max": [-0.329541146755, -0.422120660543, -0.525678992271, -0.553947925568, -0.681309878826, -0.440484762192], "var": [0.00704808346927, 0.00576046993956, 0.00447190087289, 0.0040532159619, 0.00277170375921, 0.00813575461507], "mean": [-0.708362102509, -0.78171980381, -0.80295675993, -0.805022776127, -0.835534512997, -0.724420428276]}, "melbands_skewness": {"dmean2": 2.46118736267, "median": 3.95109224319, "min": -2.93134713173, "dvar2": 7.70444822311, "dvar": 3.28382706642, "dmean": 1.58260905743, "max": 28.9374523163, "var": 11.0605306625, "mean": 4.73738241196}, "spectral_spread": {"dmean2": 1012042.5, "median": 4367218, "min": 642451.5, "dvar2": 1297821073410.0, "dvar": 667869904896, "dmean": 678913.3125, "max": 42471184, "var": 5577144008700.0, "mean": 4550946.5}, "dissonance": {"dmean2": 0.0352913700044, "median": 0.479007214308, "min": 0.0976621061563, "dvar2": 0.00236389320344, "dvar": 0.000882873311639, "dmean": 0.0212626736611, "max": 0.500000178814, "var": 0.00143874494825, "mean": 0.467061370611}, "spectral_skewness": {"dmean2": 0.679500460625, "median": 2.23274302483, "min": -0.084418527782, "dvar2": 1.08458507061, "dvar": 0.450059354305, "dmean": 0.451478481293, "max": 13.6047935486, "var": 1.08081996441, "mean": 2.41408467293}, "spectral_flux": {"dmean2": 0.0650828108191, "median": 0.100818529725, "min": 6.44443665099e-11, "dvar2": 0.00608016690239, "dvar": 0.00274045905098, "dmean": 0.0409545153379, "max": 0.577630758286, "var": 0.00584332318977, "mean": 0.114238664508}, "spectral_contrast_valleys": {"dmean2": [0.680967867374, 0.755833685398, 0.651490330696, 0.596315920353, 0.661357998848, 0.935715854168], "median": [-6.55754566193, -6.95052623749, -7.16490316391, -7.42944812775, -7.50085067749, -10.8308238983], "min": [-27.8874893188, -27.8378543854, -27.6885585785, -27.5353660583, -27.397939682, -27.4291782379], "dvar2": [0.319589525461, 0.397372931242, 0.346614688635, 0.392711788416, 0.638682246208, 0.813987314701], "dvar": [0.148262664676, 0.185733348131, 0.166834965348, 0.192526683211, 0.300063699484, 0.345464110374], "dmean": [0.428283244371, 0.485792636871, 0.424124985933, 0.40077650547, 0.463589072227, 0.623706579208], "max": [-4.68868160248, -4.70886802673, -5.26079320908, -5.63092184067, -5.33382129669, -8.38011741638], "var": [3.12471008301, 3.21143651009, 3.18988585472, 3.35040950775, 3.62296009064, 2.72782945633], "mean": [-6.89661359787, -7.24282884598, -7.56363153458, -7.87003612518, -7.97757768631, -11.1440582275]}, "erbbands_flatness_db": {"dmean2": 0.0413315445185, "median": 0.12036306411, "min": 0.0314656980336, "dvar2": 0.00191284890752, "dvar": 0.000845937523991, "dmean": 0.027453398332, "max": 0.417643994093, "var": 0.00289057660848, "mean": 0.132950276136}, "spectral_energyband_high": {"dmean2": 0.0017787758261, "median": 0.000432366476161, "min": 7.22557613143e-21, "dvar2": 2.18508193939e-05, "dvar": 1.03678121377e-05, "dmean": 0.00125365541317, "max": 0.0388724021614, "var": 1.61083371495e-05, "mean": 0.0018873156514}, "spectral_entropy": {"dmean2": 0.395632475615, "median": 7.66620492935, "min": 4.00848388672, "dvar2": 0.229378029704, "dvar": 0.101352244616, "dmean": 0.265721917152, "max": 9.81948184967, "var": 0.358376085758, "mean": 7.53322601318}, "silence_rate_20dB": {"dmean2": 0.000458137656096, "median": 1, "min": 0, "dvar2": 0.000686903833412, "dvar": 0.000228966935538, "dmean": 0.000229042605497, "max": 1, "var": 0.000114489273983, "mean": 0.999885499477}, "melbands_flatness_db": {"dmean2": 0.0721650570631, "median": 0.278679788113, "min": 0.00446373037994, "dvar2": 0.00484201125801, "dvar": 0.00222290074453, "dmean": 0.0478564538062, "max": 0.837642967701, "var": 0.0127542242408, "mean": 0.296869546175}, "barkbands": {"dmean2": [0.00926125887781, 0.0254094842821, 0.00784764532, 0.0024899172131, 0.00358640216291, 0.00198382674716, 0.000805136107374, 0.000896520679817, 0.000767937803175, 0.000822203292046, 0.000532653764822, 0.000548782001715, 0.000638230296317, 0.000523999740835, 0.000552286102902, 0.000292269978672, 0.000219712455873, 0.000375387055101, 0.000250613142271, 0.000210527214222, 0.000281851680484, 0.00042221165495, 0.000216811633436, 7.55317960284e-05, 4.63272772322e-06, 0.000170245606569, 0.000714913592674], "median": [0.00563374208286, 0.0169025212526, 0.00221580942161, 0.000596470781602, 0.000915613025427, 0.000377215648768, 0.000185948578292, 9.68804743025e-05, 8.53524325066e-05, 0.000284288631519, 0.000180893592187, 0.00026307569351, 0.000206187542062, 0.000169976032339, 0.000162768279552, 7.22020558896e-05, 7.14068519301e-05, 9.08716974664e-05, 7.57804155e-05, 5.9222420532e-05, 5.35203143954e-05, 5.13970953762e-05, 1.60616200446e-05, 6.49279672871e-06, 8.39785798235e-07, 1.189132945e-05, 0.000328638299834], "min": [3.06296052658e-25, 2.8723628572e-24, 1.52149298841e-24, 3.23008051214e-24, 1.64644074607e-23, 1.16193208108e-23, 8.74348814887e-24, 9.9428131046e-24, 1.99840965605e-23, 1.65607825975e-23, 1.03830700649e-23, 3.37987328624e-23, 4.14908051087e-23, 3.82995251146e-23, 4.65314748318e-23, 7.30046528462e-23, 6.0500841467e-23, 1.08176306606e-22, 1.12513148319e-22, 1.87853302761e-22, 2.12880817436e-22, 3.46048868609e-22, 4.62200243422e-22, 6.28949181941e-22, 9.34855557033e-22, 1.32758025255e-21, 2.02999250388e-21], "dvar2": [0.000386451691156, 0.00240061734803, 0.000226206175284, 2.8489930628e-05, 8.67511407705e-05, 4.27510567533e-05, 4.24795962317e-06, 1.08465055746e-05, 8.31425313663e-06, 3.35212371283e-06, 2.92836716653e-06, 1.12746954528e-06, 1.88499416254e-06, 1.28452541048e-06, 1.59776664077e-06, 5.07691538587e-07, 2.44672690997e-07, 1.36219830438e-06, 3.19343968158e-07, 2.60388588913e-07, 6.62181264488e-07, 1.47290802488e-06, 4.86822955281e-07, 6.59978098838e-08, 7.86410242481e-11, 3.56056034434e-07, 2.82633709503e-06], "dvar": [0.000142104021506, 0.000876244273968, 9.37192380661e-05, 1.07341247713e-05, 3.84814447898e-05, 1.80855222425e-05, 1.90770492736e-06, 4.5003816922e-06, 3.8067028072e-06, 1.62255844316e-06, 1.20310460261e-06, 4.76660005688e-07, 8.17004831788e-07, 5.13501049682e-07, 6.72732767271e-07, 1.91083842083e-07, 9.18376770187e-08, 5.28691430191e-07, 1.31239232815e-07, 1.1236027575e-07, 3.22355674598e-07, 7.15201281309e-07, 2.22681620698e-07, 3.04910052762e-08, 3.18457031578e-11, 1.57316449645e-07, 1.26470365558e-06], "dmean": [0.0055056954734, 0.0153292128816, 0.00479261251166, 0.00149230507668, 0.00225290283561, 0.00127467792481, 0.000515756430104, 0.000554287573323, 0.000483447889565, 0.000530190649442, 0.000332495750627, 0.000354020477971, 0.000418674637331, 0.00032911793096, 0.000350876100129, 0.000176163113792, 0.000134565911139, 0.000232269449043, 0.00015878987324, 0.000138406074257, 0.000190778082469, 0.000290889234748, 0.000146813268657, 5.11777870997e-05, 2.75100114777e-06, 0.000115090646432, 0.000492182560265], "max": [0.194378465414, 0.394964277744, 0.124608755112, 0.0561800226569, 0.165212318301, 0.0899861454964, 0.0367053076625, 0.0545646026731, 0.100156724453, 0.0619872771204, 0.0471048913896, 0.0153197981417, 0.0182984974235, 0.0157980546355, 0.0192526821047, 0.0125927589834, 0.0060113905929, 0.0180602930486, 0.00992909725755, 0.00602839048952, 0.0158249363303, 0.0253177043051, 0.00840988848358, 0.00294048059732, 0.000115699811431, 0.00658815447241, 0.015513218008], "var": [0.000145102851093, 0.0010360860033, 0.000122317287605, 1.27931034513e-05, 4.75051783724e-05, 2.3852524464e-05, 3.36502080245e-06, 5.66948438063e-06, 5.69909025216e-06, 3.22136679642e-06, 1.3732565094e-06, 8.79707101831e-07, 1.45791682371e-06, 7.96463382358e-07, 1.15127568279e-06, 3.96420659854e-07, 1.44978642425e-07, 6.41428187009e-07, 2.51185923617e-07, 1.99106082732e-07, 5.50234858565e-07, 1.09608401999e-06, 2.72560527037e-07, 3.50829054696e-08, 3.03197154883e-11, 1.7056646584e-07, 2.59684065895e-06], "mean": [0.00898949336261, 0.0251139104366, 0.00599282979965, 0.00178173591848, 0.00287257228047, 0.00166162720416, 0.000701522629242, 0.000653217604849, 0.000566067814361, 0.000824260583613, 0.000458011374576, 0.000573771365453, 0.000617286306806, 0.000489974801894, 0.000540859182365, 0.000275755941402, 0.00020828768902, 0.000325682107359, 0.000252419937169, 0.000221388603677, 0.00027875736123, 0.00034940711339, 0.0001643