{"tonal": {"thpcp": [1, 0.65370875597, 0.383491456509, 0.407148450613, 0.358759373426, 0.532822966576, 0.739320635796, 0.602095663548, 0.623494446278, 0.640905022621, 0.354829400778, 0.325098395348, 0.484038680792, 0.448857486248, 0.553349554539, 0.701851606369, 0.450529128313, 0.331279098988, 0.4245005548, 0.353399097919, 0.489583492279, 0.602341294289, 0.338938832283, 0.178677752614, 0.19936875999, 0.23704572022, 0.508771121502, 0.748201370239, 0.69877666235, 0.842706203461, 0.859835624695, 0.469513088465, 0.311796665192, 0.355544894934, 0.385056078434, 0.733240783215], "hpcp": {"dmean2": [0.19689874351, 0.217568323016, 0.332288533449, 0.398560553789, 0.286249399185, 0.191692247987, 0.170146524906, 0.168374866247, 0.221475690603, 0.241699025035, 0.252292633057, 0.252379536629, 0.230155989528, 0.147341966629, 0.143182784319, 0.210243016481, 0.18504370749, 0.214005663991, 0.258002996445, 0.191987648606, 0.157112285495, 0.179928079247, 0.154415801167, 0.162001445889, 0.178036615252, 0.123317725956, 0.0858125165105, 0.097309589386, 0.129064589739, 0.219426512718, 0.287162065506, 0.297131747007, 0.310021609068, 0.291773736477, 0.218066141009, 0.187331974506], "median": [0.0107650812715, 0.0189132671803, 0.052880268544, 0.0749954208732, 0.050160754472, 0.0259397085756, 0.0174299180508, 0.0159516967833, 0.029358714819, 0.0383388511837, 0.0416610278189, 0.0349870696664, 0.0252034105361, 0.0186561960727, 0.0175637621433, 0.0172530896962, 0.0188358966261, 0.0401694215834, 0.0481952577829, 0.032346945256, 0.0217932388186, 0.0194302704185, 0.0250491797924, 0.0357429794967, 0.0325150452554, 0.0162043645978, 0.00474258558825, 0.00403551198542, 0.0103425495327, 0.0396497584879, 0.0600119158626, 0.0627956613898, 0.0847506821156, 0.0828155204654, 0.0350240506232, 0.0115439146757], "min": [0, 0, 0, 0, 0, 0, 0, 0, 0, 0, 0, 0, 0, 0, 0, 0, 0, 0, 0, 0, 0, 0, 0, 0, 0, 0, 0, 0, 0, 0, 0, 0, 0, 0, 0, 0], "dvar2": [0.120672218502, 0.114416636527, 0.152338683605, 0.180650562048, 0.126498863101, 0.0808638483286, 0.0846239253879, 0.0807787925005, 0.112961053848, 0.112279616296, 0.107697211206, 0.115070126951, 0.111791886389, 0.0601585879922, 0.0590683892369, 0.114262387156, 0.0822124406695, 0.0961856618524, 0.119225852191, 0.0796263292432, 0.0753147080541, 0.0876177176833, 0.0658910572529, 0.0619912967086, 0.0722847282887, 0.0470419414341, 0.0387813746929, 0.0467152781785, 0.0553926415741, 0.0870397984982, 0.124395139515, 0.13327755034, 0.137111797929, 0.125570550561, 0.0995866134763, 0.109730899334], "dvar": [0.0464861690998, 0.0425670035183, 0.0592447817326, 0.0777323022485, 0.0502834022045, 0.0302196349949, 0.034193277359, 0.0307998359203, 0.0419100597501, 0.0453688725829, 0.0410941243172, 0.0461927615106, 0.0472089648247, 0.0230960808694, 0.0232838448137, 0.0481858365238, 0.0355537347496, 0.0390326827765, 0.0514441877604, 0.0316395238042, 0.0277407635003, 0.0343977436423, 0.0249876175076, 0.0250969883054, 0.0309548825026, 0.0180683601648, 0.014799724333, 0.0182699114084, 0.0212382562459, 0.0350565910339, 0.0528097674251, 0.0501329898834, 0.0527775883675, 0.0517116487026, 0.0365283712745, 0.0414874069393], "dmean": [0.109119974077, 0.120797969401, 0.191264554858, 0.227540284395, 0.166592091322, 0.107383586466, 0.0989407747984, 0.0963621735573, 0.126237913966, 0.138869136572, 0.145108819008, 0.148653849959, 0.137129873037, 0.0855776146054, 0.0835508704185, 0.123607106507, 0.109995529056, 0.124657399952, 0.15134139359, 0.111345976591, 0.0902359634638, 0.105603270233, 0.0893526598811, 0.0950913950801, 0.105285041034, 0.0726660117507, 0.0492186844349, 0.0550883375108, 0.0719101577997, 0.128702670336, 0.167072340846, 0.169451907277, 0.180572405457, 0.171101942658, 0.123595878482, 0.103223271668], "max": [1, 1, 1, 1, 1, 1, 1, 1, 1, 1, 1, 1, 1, 1, 1, 1, 1, 1, 1, 1, 1, 1, 1, 1, 1, 1, 1, 1, 1, 1, 1, 1, 1, 1, 1, 1], "var": [0.0446155592799, 0.0396947860718, 0.074909158051, 0.119380392134, 0.0634864866734, 0.0309657100588, 0.0488291084766, 0.0336232371628, 0.0548218488693, 0.0915567949414, 0.0562966763973, 0.0688333436847, 0.080159932375, 0.0315290987492, 0.0278131943196, 0.0608261600137, 0.0502285659313, 0.0567498207092, 0.0811206549406, 0.039906449616, 0.0282977130264, 0.0458706766367, 0.0285706538707, 0.0467020645738, 0.0706659182906, 0.0287364628166, 0.0167461521924, 0.0207578353584, 0.0219424981624, 0.0438928902149, 0.0807033330202, 0.0648725628853, 0.0825365111232, 0.0900429710746, 0.0408204197884, 0.035178501159], "mean": [0.0940339267254, 0.101838998497, 0.19392631948, 0.264478355646, 0.172891810536, 0.10142519325, 0.107681952417, 0.0948840901256, 0.1409201473, 0.195534303784, 0.159241273999, 0.164900779724, 0.169505506754, 0.0938446968794, 0.0859814882278, 0.128017753363, 0.118713088334, 0.146348983049, 0.185624554753, 0.119155205786, 0.0876161530614, 0.112271212041, 0.0934664160013, 0.12948423624, 0.159306228161, 0.0896419882774, 0.047256398946, 0.0527287200093, 0.0626934617758, 0.134558945894, 0.197883069515, 0.18481130898, 0.222877547145, 0.22740791738, 0.124176047742, 0.082463465631]}, "tuning_equal_tempered_deviation": 0.0146854184568, "chords_changes_rate": 0.08391777426, "key_key": "G#", "tuning_diatonic_strength": 0.463978469372, "key_scale": "major", "chords_number_rate": 0.00338573148474, "tuning_frequency": 441.527557373, "tuning_nontempered_energy_ratio": 0.670983791351, "chords_histogram": [2.3216445446, 15.9613056183, 23.3615474701, 5.75574350357, 0.773881494999, 0.31438934803, 1.49939537048, 0.483675926924, 3.77267241478, 4.20798063278, 0.0241837967187, 0, 2.27327680588, 0.338573157787, 1.20918989182, 11.850060463, 0.89480048418, 0.991535663605, 0, 1.30592501163, 4.40145111084, 0.532043516636, 2.68440151215, 15.0423212051], "key_strength": 0.716592848301, "chords_key": "D#", "chords_strength": {"dmean2": 0.0121287377551, "median": 0.481503754854, "min": -1, "dvar2": 0.0013110623695, "dvar": 0.000678323616739, "dmean": 0.0105616692454, "max": 0.693351626396, "var": 0.0326412692666, "mean": 0.467669934034}, "chords_scale": "major", "hpcp_entropy": {"dmean2": 1.00203311443, "median": 1.84207868576, "min": 0, "dvar2": 0.673726260662, "dvar": 0.234971418977, "dmean": 0.583223104477, "max": 3.86395072937, "var": 0.404958933592, "mean": 1.82282269001}}, "metadata": {"audio_properties": {"equal_loudness": 0, "codec": "flac", "downmix": "mix", "sample_rate": 44100, "analysis_sample_rate": 44100, "bit_rate": 0, "md5_encoded": "3cbd5160a384be82eb88f7f52f37acad", "length": 191.960006714, "replay_gain": -11.2789478302, "lossless": true}, "version": {"essentia_build_sha": "cead25079874084f62182a551b7393616cd33d87", "essentia": "2.1-beta2", "extractor": "music 1.0", "essentia_git_sha": "v2.1_beta2-1-ge3940c0"}, "tags": {"title": ["Sirba d'Accord\u00e9on"], "barcode": ["3300621901227"], "media": ["CD"], "albumartist": ["Bratsch"], "tracktotal": ["19"], "language": ["French"], "releasetype": ["album"], "musicbrainz_recordingid": ["12c62afe-a13e-486f-879f-6e962a41f448"], "musicbrainz_releasegroupid": ["fc7453c3-bf04-3514-aeb2-0c4766702d23"], "originalyear": ["1990"], "acoustid_fingerprint": ["AQADtImYRUmkFDfUR-hzNOrx_QgfBz6Pd0H6JxP8Hf1SKEeYI3Qa6BGOvNHw7DsuBbUfpPHUQbfQlUeeHM8e_PB-XDH27cEnNFQY9LkwHg1_hCy0w04uo2fwDz_O63igJ8SeyCi7B-nx5Mh1HjqH9CqKS5ZxKTKa0CWDT0WfB_mhH8eF5uxQfUNuHZUyNDuuo2hSHkduHuUNkaEJby800Snysmgi_miHh8nxJ-gZoqmRH_qRJ0L70HDd4TmcxTk66mgj_Ljh50P_4zlxfdj9Yv_xKAijEtqRJz5KjRN-uEmLJ0j2JMgbGy-eBZceNM1znIfOF8dfPIxo1MqD68J7HP3R1GHwHbnQfE5R0TmKxqqgk7j2oc_hq8V59IdGHs2J53iOqpGG5sWz47YCLb-IegvaHfpyONyi45h2_NCdEU-iElc1CS_Kw2oPfXtQGcEDx8STIyqLfhoccehz7AeTD1qloMgPP8epG9ZRyoi3QFciIUweML_wJnKEiy_25Cj1FUeyPMilPfjwZA3Cz4aWHzml4lmOS3vQNTOaUNqRNx56Hn6y4ziCUilOC1VKxHsOX16gWS-eI4-PZg9zVI-R-9CSsDleeDmeMEcuwqeLPlGO_mieED-eRA9xilSG7mjibLikI_ehtxpCpkezM7ieIPSD5g2e5kF1NMsS6Byu4DPCo3nxK7h8PDpqscHTIJSe4LdxHWWmoLmGq4wiQUuIcKaEG814tMsTHFeeYoyYZEUl4ejr4AkCLU8RPsd9bNmy44smTNGO6hwOfyau5MKUJm7Q9zjj7CjzIVl-9OKCJlkYo5kkJUelLMc7aPcQ5s3xJLiR8ETeHN-GKvHR_PiF_ULRxBLOcDuuAalaCtdyNJH4oE8GHWk4l3gP6zhzfNPR6Ax6HHZ0XPlg-vhR5UczClcOT8nxLMeGp5kTOL6C_3iS4EqC9DT0foh3PNp1vPlQHzfqp3gj-YiaHDmjGKeCtHgUNEki5shCPniGTGegJ8gPP4uIR0d1NIqEPQ7MtXgSNGFRPTt-OFuPB21yoZlG9Gh-VM4coUl-PHiSIHyiIFkunMdznMq0YQxDDv3wo8cz5Met44eoRsenws-Olxw-ClYz4t0xJfqhPTG-w1l0yI2ERkc9Ig_hHz8dNEe74sphJslxNvAvPM2cBM7x4EtwDf6FX8gfQ02OmLvwByd2C_mgN9kR_XjwoOmFqqoYPD9-XN-RQ8ePR0dTRyfE6kNvRcSZhEejXNC0WTvOXMSJPMgTBYf2Ie0DL0qWB55konuIBzkD_Tb-oZmYo3eKL8_gB_-OLkcTZYdO5MGlHM-OP4WrpMUXPHEmVHkYOM5qJKyI8AoeHf3QfHiuBE0voUobIhZzNMsH7biOJ8gT_EVxPUvwKLTgZAqD6iHy7NClIGd0_PB8XGWU4HkC5z_ehsGVD35wyriUJRlxRdljXF_QpIePScd9NGKC8CuRtDuMi8cTNJGOPllQURcaLjXyJXAoCdmT3KiOZjweNHGPJxnCaKKOPntCaLkQH__xGE2ZotdjxGI-yBpzXMyK6CmF62qI9g4cZ8Y1pJMPlUmSHLvQI7taBXniJagOKamOXMnxw2L4g3PglMfZ42w8mDuRJ1GOihyaZw9iP_CPY0pTVBz-DVbDHj0docnx4JKCykkihFEPvYjH47rxD7XoBDt-dMzxnLh5_MiSsUefRbCyD3eOj4cjaYKuCCGa44yORnqMyrFReUejZkf2TLBGqceP7mii54dyiI2DXDmat-izF80_BT1iJjnkUUGk5EmOHue1DN955JGy4Ex-SP2RLwr-I5TzQF7CI7u04Sd6RcavHI-mpAneXPCNbEfywAe9DGfhNBWDZ6iOhtKQpwl8Ic-O7jemxMcVBk1zlD2K5mkDJ2WqDOfxJMETNF_QC_GPJ8mhD3mu481wUfiRU3gWadB75MEzNL2O_sITfvi-CH2QH9qPS2nxEFpKhRr65GjCi4G2hDyuHn6QH8fxI8UvaJkuIVSkSEdFpWhOPMMdajiaMejDLbiuIIxRUZECuT-uBw0PjUcuPA_-oTnqpVmC_oF3VNHMoBLzIlmO3MGP_miqCd-VBO4u3MVzyTD3IA_0Iy9-9ENzvbg-4UqO5zIqKkdyH-GD5ymaZTr64skVNKFSKgiVD_9yaOFyoaSQB1emyMaTHaEeNMmP45KCC-IiPYMunegbJmiS9Aom_WBCKoGeIfcV9AmaB3v2417xP_BuRUi-IC_240EvNGofXMpx_fhvMN6ywZfRI5IXhRn08CrCvbiiyEhDHc9FnDyULd-R09iz42bQTAk6cT8up8MX5Dt0b0cYMehTPFKOp-jR5BHKLg8RZnkEPUM-9EWTX3iO_kIt5sjxSkcYPii1Hz-aKhHOjzB_xNJYFiLyMGi441Q-oRILj4mOXIkhSmMQSsyLH9_xJatRaRfRXMU_JI4V5HkV-MfJ4cKLZ_nQC402qfj0IPknhDn6jHhwMoWfPfip4GbG4p_RS8Yp_ciRMKaPN4d31GKqBO_x5kiWPCHCJ0pw4o6CazhfNJcyobo55EmOpD8uHc0XoQ9-xEq_IfloVPnRGDm0F3mHeukU_MmIPBPE64gf3CkuHI3C7WiXI3-RVDc-fWiOkmHw_YjFQ3s8pGpIDpf0wMsZ-EEvxNeaETKLMFE6Dt6So5Rq_Kh0NKoQO0ugI89yNJPmoNXwo5xmNE-DUzIaNT3O73DuIBSV3dDIwkd-PFqO0iKO5kbIE3qG_KguB_7QhjreIicbaESYAwQUYAAJBRhBQAhizAKAAAGAEkIJhBxhCAAlDBkAE0GJYkAQwAxQxgkBlAKCEaKMgIQJBBBBhiCABJAACAGkUAAIJBwChhAGgBFCCmSAIIg4IRhDzABBiDGEEQUoEIhARZBZjCgjBBBGGGCMMEAIJwFgAAGDgDEUUUUUMRAQQZlhgjCiBAEGGAMQAgIoQASoBpBlgJFEAQOMAACohwAQBikIBAAGAAKUMUAIoQRRRABDGAFAEEUcAEQC6DB1hAgigTAAIaAAFiACECgAhgBALIAGEUEIUEoYAahiACEhBDAIIqMIAUYIIqSQhhgjBIEEAeOQYYgIYoFBwiAGAHCCAMAMBUBIgRxBDBhngBLYICAEZYygYJBSTEBCCAeWQsaUIQ4gwIAQRAghADNAGoIAIIlYAgwQCTEBCCOOGka4cAIYyMASRhkFiEBNAgeAIEA4QACEikEGCFNAMAQBAggY4gX3jDEkCSHGMICJIsYYAo1UzBBCjEJIAIYEQggAI4ABBAhBCAIIGiEQYAoYBZARDCEmAGUOCCSMQEAQIIRTxgAkrBEEAECcAMAIABSCjgghGEIGEOIUEgBhBggwjAkClBEEEAIIEMAhKwBAhgABANASKEkAQAAAQYSwRBmiAAAEACKAENIBwTABihiAkLIACASFhAA4oIRQFElBmJBMAaAAAUA5JgyRgAgACFXOQgckQAIwxAQTRgBHBWWEKQOMIMg4YogCBABkFFPKQQQEMQYCIIRSjAiGiCEIAEgIkYhQ5BAQghiHCLAIEGAAEUIBBMAFBAgmiAAUAGEIgoA4AZQBQACCFAGECkONAIob4QgYRghABCMAgGIAAAYAoABSRBkkEBKECIcsAdYQQIAgBAAkABSECACCAJIYQYRgCDQACDBCMIAEEYIQAYIiQDgiESSBSCCQIcYIJAAxQABhhNBKMIEAIQQQAAQxwikhACBUMCIA"], "discnumber": ["1"], "totaldiscs": ["1"], "album": ["Sans Domicile Fixe"], "catalognumber": ["GRI 19012-2"], "releasecountry": ["FR"], "file_name": "01 - Sirba D'Accord\u0438\u0306on.flac", "musicbrainz_albumartistid": ["aa3f9680-c2b2-4afc-8c6f-a5137acdc9a3"], "albumartistsort": ["Bratsch"], "date": ["1990"], "genre": ["Folk"], "disctotal": ["1"], "musicbrainz_artistid": ["aa3f9680-c2b2-4afc-8c6f-a5137acdc9a3"], "originaldate": ["1990"], "musicbrainz_albumid": ["5670f9bd-f46d-48fe-aa54-8a95cef6cdd9"], "musicbrainz_releasetrackid": ["9fe88990-6d97-4d9b-9f27-279019b28bc2"], "tracknumber": ["3"], "artistsort": ["Bratsch"], "artist": ["Bratsch"], "label": ["Griffe", "Niglo"], "releasestatus": ["official"], "acoustid_id": ["60e509cd-7d27-4c7c-a776-b49a96e5c46e"], "script": ["Latn"], "totaltracks": ["19"]}}, "rhythm": {"bpm_histogram_first_peak_bpm": {"dmean2": 0, "median": 108, "min": 108, "dvar2": 0, "dvar": 0, "dmean": 0, "max": 108, "var": 0, "mean": 108}, "bpm": 107.707946777, "bpm_histogram_second_peak_spread": {"dmean2": 0, "median": 0.55660378933, "min": 0.55660378933, "dvar2": 0, "dvar": 0, "dmean": 0, "max": 0.55660378933, "var": 0, "mean": 0.55660378933}, "bpm_histogram_first_peak_weight": {"dmean2": 0, "median": 0.240963861346, "min": 0.240963861346, "dvar2": 0, "dvar": 0, "dmean": 0, "max": 0.240963861346, "var": 0, "mean": 0.240963861346}, "onset_rate": 4.89106845856, "beats_position": [0.46439909935, 0.9287981987, 1.40480720997, 1.88081634045, 2.34521532059, 2.80961441994, 3.27401351929, 3.73841261864, 4.20281171799, 4.67882061005, 5.15482997894, 5.630838871, 6.1648979187, 6.71056699753, 7.24462556839, 7.75546455383, 8.26630401611, 8.77714252472, 9.287981987, 9.79882049561, 10.2864398956, 10.774058342, 11.2732877731, 11.7609071732, 12.2601356506, 12.7593650818, 13.2702035904, 13.8042631149, 14.3267116547, 14.8491611481, 15.3716096878, 15.8940582275, 16.4165077209, 16.9273471832, 17.4497947693, 17.9722442627, 18.4946937561, 19.0171432495, 19.5279808044, 20.0388202667, 20.549659729, 21.0721092224, 21.5945568085, 22.1053962708, 22.7555541992, 23.405714035, 24.0674819946, 24.7292518616, 25.3677997589, 26.0179595947, 26.6681175232, 27.3066654205, 27.9452152252, 28.5953731537, 29.2455329895, 29.895690918, 30.5342407227, 31.1843986511, 31.8577766418, 32.5311546326, 33.1813163757, 33.843082428, 34.4816322327, 35.1085700989, 35.7355079651, 36.3508377075, 36.96616745, 37.5931053162, 38.2200431824, 38.8469848633, 39.4739227295, 40.1008605957, 40.7277984619, 41.3547401428, 41.9700660706, 42.585395813, 43.2123336792, 43.8392753601, 44.4662132263, 45.0931510925, 45.7200889587, 46.347026825, 46.9739685059, 47.6009063721, 48.2278442383, 48.8547821045, 49.4817237854, 50.1086616516, 50.723991394, 51.3393173218, 51.9662590027, 52.5931968689, 53.2085266113, 53.8238525391, 54.4275741577, 55.0312919617, 55.6466217041, 56.2619476318, 56.8888893127, 57.515827179, 58.1427650452, 58.7813148499, 59.4198646545, 60.0468025208, 60.673740387, 61.3122901917, 61.9508361816, 62.5777778625, 63.1931037903, 63.8084335327, 64.4353713989, 65.0623092651, 65.6776428223, 66.29296875, 66.9199066162, 67.5468444824, 68.1621780396, 68.7775039673, 69.4044418335, 70.0429916382, 70.6699295044, 71.3084793091, 71.9470291138, 72.57396698, 73.2009048462, 73.8394546509, 74.4780044556, 75.1165542603, 75.7434921265, 76.3704299927, 76.9973678589, 77.6359176636, 78.2744674683, 78.9014053345, 79.5399551392, 80.1785049438, 80.8054428101, 81.4323806763, 82.070930481, 82.7094802856, 83.3364181519, 83.9749679565, 84.6135101318, 85.2404556274, 85.8673934937, 86.4943313599, 87.1328811646, 87.7714233398, 88.4099731445, 89.0485229492, 89.6870727539, 90.3256225586, 90.9757843018, 91.6259384155, 92.1832199097, 92.7288894653, 93.274559021, 93.8202285767, 94.3775024414, 94.9347839355, 95.4804534912, 96.037727356, 96.5950088501, 97.1638946533, 97.7327880859, 98.3016738892, 98.8821716309, 99.4510650635, 100.008346558, 100.565620422, 101.122901917, 101.703399658, 102.272285461, 102.852790833, 103.444892883, 104.048614502, 104.640724182, 105.232833862, 105.813331604, 106.382217407, 106.95111084, 107.508384705, 108.065666199, 108.622947693, 109.191833496, 109.760726929, 110.318000793, 110.875282288, 111.420951843, 111.966621399, 112.512290955, 113.05796051, 113.615234375, 114.172515869, 114.718185425, 115.26385498, 115.821128845, 116.378410339, 116.935691833, 117.492965698, 118.038635254, 118.58430481, 119.141586304, 119.687255859, 120.232925415, 120.79019928, 121.347480774, 121.89315033, 122.427207947, 122.972877502, 123.530158997, 124.087432861, 124.644714355, 125.225212097, 125.805709839, 126.397819519, 126.989929199, 127.570426941, 128.139312744, 128.708206177, 129.277099609, 129.845977783, 130.403259277, 130.960540771, 131.517822266, 132.07510376, 132.632385254, 133.17805481, 133.723709106, 134.280990601, 134.838272095, 135.395553589, 135.952835083, 136.510116577, 137.067382812, 137.636276245, 138.205169678, 138.762451172, 139.319732666, 139.876998901, 140.434280396, 140.99156189, 141.548843384, 142.094512939, 142.651794434, 143.220672607, 143.777954102, 144.335235596, 144.89251709, 145.449798584, 146.007064819, 146.575958252, 147.144851685, 147.713745117, 148.271011353, 148.816680908, 149.373962402, 149.919631958, 150.476913452, 151.034194946, 151.59147644, 152.160354614, 152.70602417, 153.251693726, 153.797363281, 154.354644775, 154.91192627, 155.480819702, 156.049697876, 156.618591309, 157.175872803, 157.733154297, 158.290420532, 158.847702026, 159.404983521, 159.973876953, 160.542770386, 161.11164856, 161.680541992, 162.237823486, 162.79510498, 163.352371216, 163.90965271, 164.478546143, 165.035827637, 165.604721069, 166.161987305, 166.730880737, 167.311386108, 167.891876221, 168.472381592, 169.041259766, 169.621765137, 170.202270508, 170.759536743, 171.316818237, 171.874099731, 172.431381226, 172.98866272, 173.545944214, 174.103210449, 174.660491943, 175.217773438, 175.775054932, 176.332336426, 176.88961792, 177.446884155, 178.004165649, 178.549835205, 179.095504761, 179.641174316, 180.186843872, 180.732513428, 181.278182983, 181.823852539, 182.369522095, 182.91519165, 183.460861206, 183.994918823, 184.540588379, 185.086257935, 185.620315552, 186.154373169, 186.688430786, 187.210876465, 187.733337402, 188.26739502, 188.731781006, 189.231018066, 189.730239868, 190.229476929, 190.72869873, 191.227935791], "beats_loudness": {"dmean2": 0.0252592340112, "median": 0.0254738051444, "min": 0, "dvar2": 0.000918137724511, "dvar": 0.000318145612255, "dmean": 0.0142894154415, "max": 0.13141015172, "var": 0.000488040066557, "mean": 0.0312568061054}, "danceability": 1.13901889324, "bpm_histogram_second_peak_weight": {"dmean2": 0, "median": 0.141566261649, "min": 0.141566261649, "dvar2": 0, "dvar": 0, "dmean": 0, "max": 0.141566261649, "var": 0, "mean": 0.141566261649}, "beats_count": 333, "bpm_histogram_second_peak_bpm": {"dmean2": 0, "median": 96, "min": 96, "dvar2": 0, "dvar": 0, "dmean": 0, "max": 96, "var": 0, "mean": 96}, "bpm_histogram_first_peak_spread": {"dmean2": 0, "median": 0.49044585228, "min": 0.49044585228, "dvar2": 0, "dvar": 0, "dmean": 0, "max": 0.49044585228, "var": 0, "mean": 0.49044585228}, "beats_loudness_band_ratio": {"dmean2": [0.250449568033, 0.259335339069, 0.141544371843, 0.178605228662, 0.123318038881, 0.0541870258749], "median": [0.24422249198, 0.241891235113, 0.0920388102531, 0.134449645877, 0.0786022245884, 0.0254636313766], "min": [0, 0, 0, 0, 0, 0], "dvar2": [0.0447301454842, 0.070639654994, 0.022595461458, 0.0223046746105, 0.0175420027226, 0.00312131876126], "dvar": [0.0168086122721, 0.024186367169, 0.00826719310135, 0.00873147044331, 0.00653537781909, 0.00119917793199], "dmean": [0.150058165193, 0.150477781892, 0.082850381732, 0.10173740238, 0.0728655010462, 0.0303002558649], "max": [0.831095218658, 0.860481739044, 0.641644358635, 0.668339371681, 0.626373708248, 0.265056163073], "var": [0.0415882691741, 0.064227938652, 0.0150160687044, 0.0165221784264, 0.0112444013357, 0.00145839818288], "mean": [0.288443267345, 0.305219143629, 0.132498815656, 0.165116876364, 0.111798532307, 0.0382770188153]}}, "lowlevel": {"barkbands_spread": {"dmean2": 8.5024766922, "median": 20.420343399, "min": 0.910724520683, "dvar2": 72.4437255859, "dvar": 33.4268760681, "dmean": 5.59879398346, "max": 90.2036514282, "var": 99.7223587036, "mean": 21.2127895355}, "melbands_spread": {"dmean2": 11.5864610672, "median": 22.1604194641, "min": 0.70729714632, "dvar2": 138.211700439, "dvar": 64.4376220703, "dmean": 7.73343658447, "max": 211.042297363, "var": 407.660522461, "mean": 25.7448940277}, "hfc": {"dmean2": 7.95399904251, "median": 12.4223670959, "min": 1.07906981457e-16, "dvar2": 106.85206604, "dvar": 69.6249465942, "dmean": 6.06614303589, "max": 189.621658325, "var": 334.435882568, "mean": 17.6144657135}, "barkbands_kurtosis": {"dmean2": 5.22496318817, "median": 0.985478401184, "min": -1.70798754692, "dvar2": 105.025619507, "dvar": 43.4488334656, "dmean": 3.31440496445, "max": 147.818771362, "var": 72.7168273926, "mean": 3.69484114647}, "gfcc": {"mean": [-25.7352638245, 84.7088088989, -114.851577759, 23.3416671753, -38.9497184753, 2.69533157349, -31.6546192169, -8.87119579315, -24.2451763153, 3.59082508087, -15.6254281998, 5.39504766464, -10.3707141876], "icov": [[0.000102038451587, -0.000106596162368, 0.000219071778702, -0.000224482952035, 8.7229651399e-05, -8.4468665591e-05, 0.000265689974185, -0.00046331397607, 0.000683476217091, -0.000513173814397, 0.000599539955147, -0.000477371679153, 0.000407282990636], [-0.000106596162368, 0.00129017059226, -0.00024538001162, -1.11260114863e-05, 6.70951994834e-05, -0.000621462007985, -0.000358008081093, 0.000992689514533, -0.000880174455233, 0.00060968613252, -0.00078395876335, 0.000740611576475, -0.000583909102716], [0.000219071778702, -0.00024538001162, 0.00221444410272, -0.000370184017811, -0.0019519738853, 0.000430056737969, 0.000617661047727, -0.0016873665154, 0.00228856573813, -0.00127046683338, 0.000902857922483, 0.00012465484906, 0.000340975093422], [-0.000224482952035, -1.11260114863e-05, -0.000370184017811, 0.00344558013603, -0.00105208170135, -0.00120736320969, -0.000123386271298, 0.00172870128881, -0.00258522201329, 0.00153809797484, -0.00142098078504, 0.00110045296606, -0.000840588298161], [8.7229651399e-05, 6.70951994834e-05, -0.0019519738853, -0.00105208170135, 0.00736297899857, -0.00135145394597, -0.000903855485376, 0.000145526733832, -0.000672723748721, -0.000195853295736, 0.000693466048688, -0.00282104616053, 0.00131007819436], [-8.4468665591e-05, -0.000621462007985, 0.000430056737969, -0.00120736320969, -0.00135145394597, 0.0102969603613, -0.00342040648684, -0.000777826004196, -8.34985403344e-05, -0.00148703088053, -0.00103078992106, 0.000651629117783, -0.00147567107342], [0.000265689974185, -0.000358008081093, 0.000617661047727, -0.000123386271298, -0.000903855485376, -0.00342040648684, 0.0105527518317, -0.00729237543419, 0.0008067706367, 0.000135001188028, 8.76478588907e-05, -0.000257497391431, 0.000986537779681], [-0.00046331397607, 0.000992689514533, -0.0016873665154, 0.00172870128881, 0.000145526733832, -0.000777826004196, -0.00729237543419, 0.0176846459508, -0.00707134138793, 2.83814060822e-05, -0.000565689639188, 0.00183771969751, -0.00111064861994], [0.000683476217091, -0.000880174455233, 0.00228856573813, -0.00258522201329, -0.000672723748721, -8.34985403344e-05, 0.0008067706367, -0.00707134138793, 0.016049688682, -0.00707697402686, 0.00191472098231, -0.00290747662075, 0.00356214819476], [-0.000513173814397, 0.00060968613252, -0.00127046683338, 0.00153809797484, -0.000195853295736, -0.00148703088053, 0.000135001188028, 2.83814060822e-05, -0.00707697402686, 0.0192743986845, -0.0083181373775, 0.00300709926523, 0.000419803895056], [0.000599539955147, -0.00078395876335, 0.000902857922483, -0.00142098078504, 0.000693466048688, -0.00103078992106, 8.76478588907e-05, -0.000565689639188, 0.00191472098231, -0.0083181373775, 0.0201509166509, -0.0073975562118, 0.00231976015493], [-0.000477371679153, 0.000740611576475, 0.00012465484906, 0.00110045296606, -0.00282104616053, 0.000651629117783, -0.000257497391431, 0.00183771969751, -0.00290747662075, 0.00300709926523, -0.0073975562118, 0.0154259400442, -0.00716035533696], [0.000407282990636, -0.000583909102716, 0.000340975093422, -0.000840588298161, 0.00131007819436, -0.00147567107342, 0.000986537779681, -0.00111064861994, 0.00356214819476, 0.000419803895056, 0.00231976015493, -0.00716035533696, 0.0132345976308]], "cov": [[27307.8945312, 918.176391602, -2331.51342773, 587.156982422, -813.50592041, 59.9523925781, -568.071594238, -113.922309875, -559.422058105, 91.741607666, -409.77835083, 190.13949585, -260.148193359], [918.176391602, 953.828186035, -26.5338802338, 140.04309082, 12.4154043198, 100.639427185, 32.8067626953, -13.2534332275, 31.019241333, 10.8897352219, 22.8561592102, -5.8358798027, 13.9817895889], [-2331.51342773, -26.5338802338, 962.1640625, 22.0032196045, 282.321929932, 11.871137619, 70.0670318604, 59.6993370056, -2.96041536331, 13.0143127441, 13.0897426605, -31.1049346924, 1.61273300648], [587.156982422, 140.04309082, 22.0032196045, 432.231018066, 88.2342300415, 90.2173843384, 31.0220050812, 7.74336671829, 62.2438926697, 17.5159931183, 25.1027603149, 12.6019544601, -0.232781603932], [-813.50592041, 12.4154043198, 282.321929932, 88.2342300415, 264.22833252, 60.1422691345, 75.5919189453, 45.4289207458, 48.2602462769, 21.8388328552, 26.5831623077, 23.4792118073, -2.99767494202], [59.9523925781, 100.639427185, 11.871137619, 90.2173843384, 60.1422691345, 164.661987305, 93.616027832, 54.1077957153, 50.658203125, 33.6113052368, 26.5823001862, 6.3536400795, 2.06557416916], [-568.071594238, 32.8067626953, 70.0670318604, 31.0220050812, 75.5919189453, 93.616027832, 213.618133545, 109.347618103, 75.4204788208, 33.1792602539, 26.9387702942, -7.82412576675, -15.0042686462], [-113.922309875, -13.2534332275, 59.6993370056, 7.74336671829, 45.4289207458, 54.1077957153, 109.347618103, 134.844589233, 71.2012405396, 38.1743011475, 13.1152839661, -9.80823135376, -21.4043331146], [-559.422058105, 31.019241333, -2.96041536331, 62.2438926697, 48.2602462769, 50.658203125, 75.4204788208, 71.2012405396, 153.974761963, 55.4476470947, 36.1316986084, -0.191760182381, -25.8003330231], [91.741607666, 10.8897352219, 13.0143127441, 17.5159931183, 21.8388328552, 33.6113052368, 33.1792602539, 38.1743011475, 55.4476470947, 92.3699645996, 34.9470825195, -2.72063803673, -24.7008113861], [-409.77835083, 22.8561592102, 13.0897426605, 25.1027603149, 26.5831623077, 26.5823001862, 26.9387702942, 13.1152839661, 36.1316986084, 34.9470825195, 86.2407455444, 30.5775222778, 4.89484071732], [190.13949585, -5.8358798027, -31.1049346924, 12.6019544601, 23.4792118073, 6.3536400795, -7.82412576675, -9.80823135376, -0.191760182381, -2.72063803673, 30.5775222778, 113.753852844, 49.9602012634], [-260.148193359, 13.9817895889, 1.61273300648, -0.232781603932, -2.99767494202, 2.06557416916, -15.0042686462, -21.4043331146, -25.8003330231, -24.7008113861, 4.89484071732, 49.9602012634, 117.875091553]]}, "spectral_energyband_middle_low": {"dmean2": 0.00843156781048, "median": 0.00573647627607, "min": 1.68008351798e-22, "dvar2": 0.000182353964192, "dvar": 7.7348027844e-05, "dmean": 0.00558387674391, "max": 0.106366977096, "var": 0.000136136834044, "mean": 0.00980440620333}, "melbands_crest": {"dmean2": 5.78415203094, "median": 13.4969921112, "min": 1.53565096855, "dvar2": 25.7252655029, "dvar": 11.1233167648, "dmean": 3.59283494949, "max": 30.9833106995, "var": 34.1806983948, "mean": 14.3310289383}, "spectral_kurtosis": {"dmean2": 2.64441680908, "median": 5.86160373688, "min": -1.27805948257, "dvar2": 7.21213817596, "dvar": 2.68224477768, "dmean": 1.59815013409, "max": 55.7248878479, "var": 7.21451377869, "mean": 6.08251905441}, "spectral_rms": {"dmean2": 0.00120535178576, "median": 0.00424707587808, "min": 3.12002312007e-12, "dvar2": 1.46301749737e-06, "dvar": 7.32018236249e-07, "dmean": 0.000873179989867, "max": 0.0126707432792, "var": 3.29255726683e-06, "mean": 0.00434960471466}, "zerocrossingrate": {"dmean2": 0.0112748844549, "median": 0.05224609375, "min": 0.0048828125, "dvar2": 0.000130546555738, "dvar": 9.08051370061e-05, "dmean": 0.00926529616117, "max": 0.5439453125, "var": 0.00392100354657, "mean": 0.0621767044067}, "silence_rate_60dB": {"dmean2": 0.0270956810564, "median": 0, "min": 0, "dvar2": 0.0326500982046, "dvar": 0.0133623611182, "dmean": 0.0135462023318, "max": 1, "var": 0.0536117963493, "mean": 0.0568387955427}, "erbbands_kurtosis": {"dmean2": 1.18871307373, "median": -0.179256916046, "min": -1.72554528713, "dvar2": 2.36460876465, "dvar": 0.946984946728, "dmean": 0.747604608536, "max": 20.8323192596, "var": 1.98991668224, "mean": 0.170731782913}, "erbbands": {"dmean2": [0.0298856571317, 0.73022121191, 2.85456109047, 1.80051386356, 9.22587871552, 31.3690834045, 14.1434764862, 8.81822299957, 14.4533414841, 13.8262367249, 20.5232963562, 26.584487915, 22.304807663, 27.0475254059, 24.7682228088, 37.2646751404, 31.8175506592, 28.2460250854, 23.2031040192, 20.0699958801, 19.8794727325, 30.8061141968, 13.0778665543, 14.8991365433, 6.92784643173, 6.56922626495, 7.00789833069, 5.58403015137, 3.96257710457, 1.74711942673, 0.790290176868, 0.440143823624, 0.306183040142, 0.278272747993, 0.186033934355, 0.122767880559, 0.0701045095921, 0.0206288732588, 0.0038785149809, 0.000196555163711], "median": [0.0139775862917, 0.430170536041, 1.26162207127, 1.22058653831, 2.52819299698, 6.04527759552, 6.51050806046, 6.54049444199, 7.11470890045, 4.54179668427, 3.50818347931, 2.56660079956, 3.1980650425, 8.22731590271, 11.284948349, 11.8054647446, 14.0449895859, 13.6777544022, 12.9693107605, 11.9885263443, 9.89075279236, 9.41544437408, 7.23091983795, 5.25321054459, 3.59091472626, 3.83349251747, 4.07958269119, 3.01935648918, 2.15150499344, 0.931674182415, 0.522169470787, 0.269877433777, 0.158559799194, 0.0884778499603, 0.0512904338539, 0.0275069139898, 0.0117550622672, 0.0033967718482, 0.000601610343438, 6.01912142884e-05], "min": [4.99622940175e-23, 3.49743968819e-22, 3.04220408944e-21, 2.50152725635e-21, 8.08803470464e-21, 3.47654350245e-20, 2.00555238639e-20, 6.52551217639e-20, 1.18967222423e-19, 2.32047426276e-19, 2.29489938918e-19, 2.93730594747e-19, 6.26852202347e-19, 7.37639086726e-19, 8.9025613279e-19, 7.98819794673e-19, 1.4281048903e-18, 2.1826022798e-18, 2.78090718674e-18, 2.84139476903e-18, 2.87531847993e-18, 3.27313569269e-18, 4.65678737989e-18, 6.30410309412e-18, 7.37386269312e-18, 7.61770643871e-18, 9.03983918838e-18, 9.99992042841e-18, 8.20827451858e-18, 1.09215493505e-17, 1.25744795531e-17, 1.01898402699e-17, 9.96651639374e-18, 8.14630711017e-18, 6.631022243e-18, 4.11751773288e-18, 2.32731918233e-18, 8.92752874071e-19, 2.51572481798e-19, 2.75688764536e-20], "dvar2": [0.00251411111094, 1.41736292839, 24.0378131866, 5.86968660355, 277.225189209, 3765.77148438, 495.021942139, 175.963027954, 986.599304199, 1126.19262695, 11385.2480469, 12355.2207031, 10680.3408203, 5327.68994141, 4737.49902344, 11241.2861328, 6444.37304688, 4867.75097656, 2939.45336914, 1551.32104492, 2322.30322266, 6788.95605469, 1503.13574219, 1177.36547852, 286.217590332, 130.520401001, 166.08480835, 93.670211792, 60.0439033508, 12.1767263412, 3.25411939621, 1.02415418625, 0.481879770756, 0.57148462534, 0.24431347847, 0.217259883881, 0.0424595735967, 0.00421365583315, 0.000101462021121, 2.83088979813e-07], "dvar": [0.00114623398986, 0.619936108589, 12.2775821686, 2.74347090721, 114.713867188, 1548.20068359, 215.918563843, 71.9030075073, 424.661224365, 498.094970703, 3954.34643555, 5407.42285156, 4933.89794922, 2749.28125, 2613.62719727, 5313.11328125, 3086.90063477, 2411.59814453, 1416.85583496, 831.699707031, 1203.10302734, 3807.92578125, 728.186035156, 555.837463379, 140.34552002, 62.1660804749, 77.5265731812, 55.5148773193, 33.5015983582, 5.8646569252, 1.32030618191, 0.416568726301, 0.199350491166, 0.214996859431, 0.103235766292, 0.0976948663592, 0.0173693764955, 0.00150539784227, 3.88304542867e-05, 1.04850165883e-07], "dmean": [0.0199051946402, 0.476679474115, 1.94189155102, 1.17907202244, 5.72260713577, 19.3934307098, 9.21675682068, 5.68441390991, 9.37100028992, 9.21281814575, 12.8342294693, 17.2845191956, 15.5513601303, 19.1370124817, 17.3029518127, 26.3038959503, 21.913608551, 19.8229026794, 15.6001996994, 13.9245729446, 14.1271924973, 21.6714076996, 9.09376811981, 9.95091152191, 4.73279285431, 4.44579362869, 4.81865930557, 3.93785500526, 2.81666898727, 1.20203197002, 0.527238547802, 0.283740818501, 0.19792239368, 0.170819878578, 0.116646587849, 0.0757974311709, 0.0434966832399, 0.0126914223656, 0.00241015409119, 0.000125027101603], "max": [0.425387352705, 7.51082229614, 40.4476966858, 27.883436203, 125.446334839, 553.948242188, 224.993591309, 198.478149414, 794.705383301, 859.307556152, 2186.28149414, 1560.49523926, 2638.08398438, 1257.27783203, 1790.07373047, 1970.12353516, 1991.15966797, 1350.13891602, 1054.33410645, 1025.79431152, 1035.0177002, 2130.29516602, 1127.85498047, 731.879699707, 430.447631836, 170.366439819, 251.141387939, 219.11882019, 216.54586792, 67.797996521, 46.3504486084, 18.7774906158, 11.5314998627, 12.6931838989, 10.9557542801, 17.7463493347, 4.71647024155, 1.7489054203, 0.200567543507, 0.013745511882], "var": [0.00332380901091, 1.44589185715, 28.3195877075, 7.42520284653, 126.555175781, 1575.82128906, 385.391113281, 163.73487854, 1081.32434082, 1352.64257812, 6861.78759766, 8636.55078125, 8771.86425781, 5789.99267578, 5901.20947266, 10793.6240234, 7334.08154297, 5368.42529297, 2703.82202148, 1786.0871582, 2732.60717773, 13393.4267578, 1214.14086914, 1303.39245605, 239.273925781, 135.276977539, 176.32963562, 124.450675964, 78.6245422363, 11.0147752762, 2.04074215889, 0.605766355991, 0.284204274416, 0.213438406587, 0.160307914019, 0.149612113833, 0.0255506820977, 0.00162820343394, 6.64055623929e-05, 1.65348325254e-07], "mean": [0.0414813198149, 0.956788659096, 3.52466845512, 2.13770008087, 6.71191072464, 20.1456546783, 13.8233757019, 10.4376344681, 16.5455818176, 15.8511991501, 20.6558208466, 24.5482330322, 24.4594268799, 31.8522796631, 31.1384048462, 45.3061408997, 38.9044876099, 34.9207038879, 27.3952713013, 24.8887042999, 25.6399288177, 41.3584518433, 15.9250135422, 17.2610321045, 8.1424407959, 7.74013519287, 8.53738880157, 6.64967870712, 4.92806386948, 2.07287502289, 0.931850552559, 0.473599433899, 0.310993403196, 0.219627767801, 0.154020726681, 0.0969732552767, 0.0524148009717, 0.0154541116208, 0.00318147335202, 0.00018615728186]}, "spectral_strongpeak": {"dmean2": 1.12330663204, "median": 0.487302154303, "min": 0, "dvar2": 3.43691730499, "dvar": 1.43209314346, "dmean": 0.665324985981, "max": 16.1501655579, "var": 2.64535093307, "mean": 1.08008599281}, "spectral_energy": {"dmean2": 0.0122927110642, "median": 0.0184885933995, "min": 9.97790814419e-21, "dvar2": 0.00021540132002, "dvar": 0.000103763733932, "dmean": 0.0087091550231, "max": 0.164561420679, "var": 0.000319024053169, "mean": 0.0227669868618}, "average_loudness": 0.850635111332, "spectral_rolloff": {"dmean2": 707.786499023, "median": 1313.52539062, "min": 86.1328125, "dvar2": 809182.5, "dvar": 386987.6875, "dmean": 436.201049805, "max": 20068.9453125, "var": 5935588, "mean": 1664.88366699}, "spectral_centroid": {"dmean2": 441.87197876, "median": 1270.57543945, "min": 158.616714478, "dvar2": 175183.453125, "dvar": 95878.875, "dmean": 299.979278564, "max": 11770.7558594, "var": 1897717.625, "mean": 1478.1574707}, "pitch_salience": {"dmean2": 0.119817689061, "median": 0.476416707039, "min": 0.110229127109, "dvar2": 0.0111140552908, "dvar": 0.00450859265402, "dmean": 0.0744392201304, "max": 0.847188413143, "var": 0.0141140958294, "mean": 0.472956836224}, "spectral_energyband_middle_high": {"dmean2": 0.00311372149736, "median": 0.00391127122566, "min": 1.10794198949e-21, "dvar2": 2.44951315835e-05, "dvar": 1.5529243683e-05, "dmean": 0.00237634661607, "max": 0.0961486026645, "var": 6.64417457301e-05, "mean": 0.00630581146106}, "spectral_contrast_coeffs": {"dmean2": [0.0970457941294, 0.0826260372996, 0.0719339996576, 0.0623314455152, 0.054333332926, 0.0475589931011], "median": [-0.612475395203, -0.691463828087, -0.711828827858, -0.701691627502, -0.720403552055, -0.721312701702], "min": [-0.979308009148, -0.978170871735, -0.97800630331, -0.972811639309, -0.966490149498, -0.966407954693], "dvar2": [0.00657520303503, 0.00450435932726, 0.00350699853152, 0.0025740202982, 0.00211857934482, 0.0015883607557], "dvar": [0.00282258773223, 0.00176282890607, 0.00155460147653, 0.00118652405217, 0.00102421420161, 0.000786170887295], "dmean": [0.0612286105752, 0.0508726462722, 0.0468976795673, 0.0404800623655, 0.0364514254034, 0.0326702594757], "max": [-0.284166097641, -0.380539953709, -0.393378794193, -0.382760941982, -0.496299833059, -0.517110049725], "var": [0.0101827569306, 0.00656889844686, 0.00697025470436, 0.00543664954603, 0.00523712765425, 0.00385206891224], "mean": [-0.611290335655, -0.693242549896, -0.712248802185, -0.704971969128, -0.721330285072, -0.724202930927]}, "melbands_skewness": {"dmean2": 1.17714607716, "median": 2.11797833443, "min": -1.14531338215, "dvar2": 1.45713984966, "dvar": 0.658463895321, "dmean": 0.794964015484, "max": 10.9633750916, "var": 2.47760415077, "mean": 2.37625813484}, "spectral_spread": {"dmean2": 916677.25, "median": 3952980.25, "min": 1546188.5, "dvar2": 1439014584320.0, "dvar": 677370265600, "dmean": 590812.1875, "max": 42976464, "var": 23015142195200.0, "mean": 4697131}, "dissonance": {"dmean2": 0.0359730571508, "median": 0.463168293238, "min": 0.297581911087, "dvar2": 0.0010158920195, "dvar": 0.000376920739654, "dmean": 0.0213408041745, "max": 0.5, "var": 0.000664107268676, "mean": 0.458505868912}, "spectral_skewness": {"dmean2": 0.351124674082, "median": 1.7788734436, "min": -0.0730978399515, "dvar2": 0.0973434522748, "dvar": 0.041536424309, "dmean": 0.226214185357, "max": 5.9343996048, "var": 0.196822047234, "mean": 1.76612865925}, "spectral_flux": {"dmean2": 0.0460258349776, "median": 0.0684765800834, "min": 6.42095335235e-11, "dvar2": 0.00198996649124, "dvar": 0.00078366039088, "dmean": 0.0282282810658, "max": 0.328586310148, "var": 0.00186443689745, "mean": 0.0761702284217}, "spectral_contrast_valleys": {"dmean2": [0.747940659523, 0.612366557121, 0.568636715412, 0.523243248463, 0.484433293343, 0.65118086338], "median": [-7.39272403717, -7.13526344299, -7.90018033981, -8.14488697052, -8.34616184235, -11.0025749207], "min": [-28.2694530487, -28.0621452332, -27.864440918, -27.7430076599, -27.5967998505, -27.4031257629], "dvar2": [0.382199883461, 0.273563474417, 0.227334439754, 0.200045704842, 0.183013156056, 0.354383528233], "dvar": [0.161119043827, 0.122366525233, 0.106410160661, 0.0994807854295, 0.102337084711, 0.177559897304], "dmean": [0.462194979191, 0.381547272205, 0.357168644667, 0.339343965054, 0.334397166967, 0.457167506218], "max": [-5.73692321777, -4.90574836731, -5.35495138168, -5.57650899887, -6.03844356537, -8.2306432724], "var": [7.38045978546, 7.33901643753, 6.82799434662, 6.67306661606, 6.6204829216, 5.21870231628], "mean": [-7.87611722946, -7.52196598053, -8.23895931244, -8.51755714417, -8.711977005, -11.3292140961]}, "erbbands_flatness_db": {"dmean2": 0.0297769326717, "median": 0.153722390532, "min": 0.0321687571704, "dvar2": 0.000772890052758, "dvar": 0.000326517125359, "dmean": 0.0197669584304, "max": 0.391591846943, "var": 0.00128940818831, "mean": 0.156544953585}, "spectral_energyband_high": {"dmean2": 0.000355729454895, "median": 0.00029173863004, "min": 7.12774748371e-21, "dvar2": 3.11689319688e-07, "dvar": 1.74727631475e-07, "dmean": 0.000256786763202, "max": 0.00795416533947, "var": 4.9422618531e-07, "mean": 0.000527418567799}, "spectral_entropy": {"dmean2": 0.325741708279, "median": 7.16518545151, "min": 5.03946304321, "dvar2": 0.087099917233, "dvar": 0.0360385216773, "dmean": 0.206108644605, "max": 9.81934356689, "var": 0.222447395325, "mean": 7.18385982513}, "silence_rate_20dB": {"dmean2": 0, "median": 1, "min": 1, "dvar2": 0, "dvar": 0, "dmean": 0, "max": 1, "var": 0, "mean": 1}, "melbands_flatness_db": {"dmean2": 0.0434283129871, "median": 0.200208455324, "min": 0.00294069061056, "dvar2": 0.00165858620312, "dvar": 0.000778275949415, "dmean": 0.0291200987995, "max": 0.531279146671, "var": 0.00381587678567, "mean": 0.205675542355}, "barkbands": {"dmean2": [1.77587730832e-06, 0.00256442045793, 0.00240618246607, 0.000619773112703, 0.006474675145, 0.00107026472688, 0.0010602727998, 0.000917328521609, 0.00107754557393, 0.000647006381769, 0.000874265911989, 0.000918987090699, 0.000702076824382, 0.000658373697661, 0.000391626439523, 0.000355619820766, 0.000559647800401, 0.00021781824762, 0.000230036224821, 0.000162645766977, 0.000153771674377, 9.40051904763e-05, 2.82759665424e-05, 1.90028877114e-05, 2.46463132498e-05, 3.42866260326e-05, 2.06606291613e-05], "median": [4.01347762136e-07, 0.00132100307383, 0.00076096522389, 0.000279759638943, 0.00166348670609, 0.000752264051698, 0.000435004272731, 0.000102273384982, 8.91833187779e-05, 0.000100618883152, 0.000200496229809, 0.000242955051363, 0.000215