{"tonal": {"thpcp": [1, 0.643609046936, 0.267405927181, 0.240660905838, 0.29015442729, 0.465654730797, 0.560178458691, 0.368101358414, 0.302499175072, 0.361606925726, 0.281586557627, 0.284290671349, 0.306623935699, 0.299555778503, 0.685437738895, 0.976902544498, 0.594058156013, 0.260356336832, 0.229390025139, 0.248210400343, 0.466381847858, 0.593537807465, 0.351443529129, 0.150710716844, 0.124563165009, 0.210077390075, 0.374752819538, 0.387362331152, 0.320216804743, 0.487472176552, 0.616821169853, 0.416941940784, 0.254105120897, 0.227153941989, 0.255933195353, 0.659350514412], "hpcp": {"dmean2": [0.220525890589, 0.256289988756, 0.28271985054, 0.273458570242, 0.21194884181, 0.18867020309, 0.210259541869, 0.189875051379, 0.193033635616, 0.199579373002, 0.217125028372, 0.300948411226, 0.354221194983, 0.287228733301, 0.203162491322, 0.184367150068, 0.198627009988, 0.246657818556, 0.272018820047, 0.19313916564, 0.120203286409, 0.101469621062, 0.145567700267, 0.214713126421, 0.212297394872, 0.214960888028, 0.2681607306, 0.292633235455, 0.249291375279, 0.205555960536, 0.193997740746, 0.20415301621, 0.309935182333, 0.381839811802, 0.311195880175, 0.230439916253], "median": [0.0165286269039, 0.0214305073023, 0.0683880150318, 0.0903674513102, 0.0594619214535, 0.0389900952578, 0.0410806834698, 0.0350214540958, 0.0398600623012, 0.0425449311733, 0.0403203070164, 0.16121467948, 0.252145171165, 0.145213782787, 0.0285917334259, 0.0219708308578, 0.0246338900179, 0.0800120830536, 0.111587479711, 0.0639506131411, 0.0145591124892, 0.0102693093941, 0.0154458545148, 0.0409052707255, 0.0521564260125, 0.0440224185586, 0.080423489213, 0.104157961905, 0.0663930401206, 0.0274215191603, 0.0212326310575, 0.0275528840721, 0.159166499972, 0.268605619669, 0.158133864403, 0.0260392762721], "min": [0, 0, 0, 0, 0, 0, 0, 0, 0, 0, 0, 0, 0, 0, 0, 0, 0, 0, 0, 0, 0, 0, 0, 0, 0, 0, 0, 0, 0, 0, 0, 0, 0, 0, 0, 0], "dvar2": [0.130662679672, 0.16501198709, 0.140972360969, 0.118842579424, 0.0894678682089, 0.0920687392354, 0.110544413328, 0.0935184434056, 0.0926462858915, 0.0900087431073, 0.103719457984, 0.112490959466, 0.139750212431, 0.109564781189, 0.105886906385, 0.0956175327301, 0.106083221734, 0.108142405748, 0.111329220235, 0.0751986354589, 0.060674328357, 0.051189634949, 0.0664180293679, 0.105412349105, 0.0913455039263, 0.100542709231, 0.117078132927, 0.126114457846, 0.110926419497, 0.103685759008, 0.107513338327, 0.104654610157, 0.115175791085, 0.141768068075, 0.111869461834, 0.12869811058], "dvar": [0.0477065593004, 0.0608542971313, 0.0539713017642, 0.0484278611839, 0.0334558822215, 0.0341290310025, 0.0418292582035, 0.0337184220552, 0.0345598459244, 0.0338663607836, 0.0376989357173, 0.0429858341813, 0.0577958337963, 0.0398980304599, 0.0379082933068, 0.0347125306726, 0.0388756841421, 0.0424054972827, 0.0451662279665, 0.0284827463329, 0.0222953688353, 0.0188920069486, 0.0242558419704, 0.0405623391271, 0.0350520052016, 0.0373064354062, 0.0452840179205, 0.0519043803215, 0.0414922237396, 0.0380139574409, 0.0386049449444, 0.0381125025451, 0.0439522713423, 0.0584068596363, 0.042548187077, 0.0468052998185], "dmean": [0.120621569455, 0.141129985452, 0.161164432764, 0.161084473133, 0.122339457273, 0.106765463948, 0.11972605437, 0.106723800302, 0.108445495367, 0.113863237202, 0.121507018805, 0.176503047347, 0.209238648415, 0.166711479425, 0.111883558333, 0.101424142718, 0.110835812986, 0.143395751715, 0.160694345832, 0.112710274756, 0.0669159963727, 0.0563939511776, 0.081989787519, 0.122954405844, 0.123615793884, 0.121669732034, 0.156974285841, 0.172789633274, 0.143881648779, 0.113988310099, 0.106013156474, 0.113483741879, 0.180839151144, 0.223371371627, 0.182427749038, 0.126590117812], "max": [1, 1, 1, 1, 1, 1, 1, 1, 1, 1, 1, 1, 1, 1, 1, 1, 1, 1, 1, 1, 1, 1, 1, 1, 1, 1, 1, 1, 1, 1, 1, 1, 1, 1, 1, 1], "var": [0.0376079827547, 0.0494261421263, 0.0628681927919, 0.0779010728002, 0.0398783124983, 0.0374266020954, 0.0545577220619, 0.0335116535425, 0.0335848070681, 0.0372847691178, 0.0366936922073, 0.0756179690361, 0.125117063522, 0.0572095923126, 0.0359585881233, 0.030390014872, 0.0338523760438, 0.0583252422512, 0.0777079239488, 0.0334716551006, 0.0179513916373, 0.0153531534597, 0.0260786060244, 0.0571712851524, 0.0484446585178, 0.0382898487151, 0.06222518906, 0.0891860350966, 0.0499294884503, 0.0326827131212, 0.0309138353914, 0.0335600823164, 0.0668288841844, 0.117077104747, 0.062779545784, 0.0386518202722], "mean": [0.0937752574682, 0.113060757518, 0.181445717812, 0.218277558684, 0.143433347344, 0.117870979011, 0.140902742743, 0.109722234309, 0.110775910318, 0.119478218257, 0.116724066436, 0.267085760832, 0.380657106638, 0.231479048729, 0.101449720562, 0.0893834754825, 0.0967169702053, 0.181729048491, 0.231276273727, 0.136942505836, 0.0587255135179, 0.0485369339585, 0.0818581655622, 0.146025136113, 0.150938525796, 0.12477478385, 0.189947038889, 0.240348801017, 0.162464424968, 0.0990138947964, 0.0885121673346, 0.0997262075543, 0.256920665503, 0.389657199383, 0.25078690052, 0.104196645319]}, "tuning_equal_tempered_deviation": 0.0149986194447, "chords_changes_rate": 0.0420941449702, "key_key": "C#", "tuning_diatonic_strength": 0.66204982996, "key_scale": "major", "chords_number_rate": 0.00120700057596, "tuning_frequency": 443.572570801, "tuning_nontempered_energy_ratio": 0.653361201286, "chords_histogram": [47.2088127136, 0.0301750153303, 10.3047676086, 0, 0, 0, 0, 0, 0.196137592196, 1.25226306915, 0.950512945652, 0, 0, 0, 0, 0.678937852383, 0.980687975883, 2.71575140953, 0, 12.7791185379, 0.497887760401, 2.03681349754, 16.4453830719, 3.92275190353], "key_strength": 0.833586454391, "chords_key": "C#", "chords_strength": {"dmean2": 0.00983286742121, "median": 0.486869424582, "min": -1, "dvar2": 0.000639273610432, "dvar": 0.000333145871991, "dmean": 0.00903752539307, "max": 0.766584873199, "var": 0.0130967916921, "mean": 0.488377451897}, "chords_scale": "major", "hpcp_entropy": {"dmean2": 1.11972486973, "median": 2.02646827698, "min": 0, "dvar2": 0.829609513283, "dvar": 0.308955103159, "dmean": 0.669211685658, "max": 4.5374121666, "var": 0.611433684826, "mean": 1.98359155655}}, "metadata": {"audio_properties": {"equal_loudness": 0, "codec": "flac", "downmix": "mix", "sample_rate": 44100, "analysis_sample_rate": 44100, "bit_rate": 0, "md5_encoded": "d88e0a1165e77b1a4cfcbaecf203503f", "length": 307.733337402, "replay_gain": -8.55896568298, "lossless": true}, "version": {"essentia_build_sha": "2d9f1f26377add8aeb1075a9c2973f962c4f09fd", "essentia": "2.1-beta2", "extractor": "music 1.0", "essentia_git_sha": "v2.1_beta2-1-ge3940c0"}, "tags": {"title": ["Back to the World"], "albumartist": ["Various Artists"], "tracktotal": ["24"], "musicbrainz_releasegroupid": ["b17bd3fb-6f1d-3de1-88c2-bce417f778f9"], "releasetype": ["album", "compilation"], "musicbrainz_recordingid": ["12cf7372-8408-4dd3-a165-65d4bb1add99"], "musicbrainz_albumartistid": ["89ad4ac3-39f7-470e-963a-56509c546377"], "originalyear": ["2003"], "musicbrainz_releasetrackid": ["914d277f-154f-3583-a32c-0a98417a3f82"], "discnumber": ["1"], "totaldiscs": ["1"], "album": ["A Soldier's Sad Story: Vietnam Through the Eyes of Black America 1966-73"], "releasecountry": ["US"], "compilation": ["1"], "originaldate": ["2003-11-25"], "albumartistsort": ["Various Artists"], "date": ["2003-11-25"], "file_name": "2cf9d1a349acbeeed0be2eb100a1.flac", "disctotal": ["1"], "musicbrainz_artistid": ["4dca4bb2-23ba-4103-97e6-5810311db33a"], "asin": ["B0000DD9AN"], "musicbrainz_albumid": ["5bd59c32-47b1-44d3-8b1a-d41fe0b54a84"], "artist": ["Curtis Mayfield"], "artistsort": ["Mayfield, Curtis"], "tracknumber": ["23"], "totaltracks": ["24"], "acoustid_id": ["24ea2cf9-d1a3-49ac-beee-d0be2eb100a1"], "script": ["Latn"], "releasestatus": ["official"]}}, "rhythm": {"bpm_histogram_first_peak_bpm": {"dmean2": 0, "median": 167, "min": 167, "dvar2": 0, "dvar": 0, "dmean": 0, "max": 167, "var": 0, "mean": 167}, "bpm": 164.473846436, "bpm_histogram_second_peak_spread": {"dmean2": 0, "median": 0.0180180333555, "min": 0.0180180333555, "dvar2": 0, "dvar": 0, "dmean": 0, "max": 0.0180180333555, "var": 0, "mean": 0.0180180333555}, "bpm_histogram_first_peak_weight": {"dmean2": 0, "median": 0.526634395123, "min": 0.526634395123, "dvar2": 0, "dvar": 0, "dmean": 0, "max": 0.526634395123, "var": 0, "mean": 0.526634395123}, "onset_rate": 4.32175064087, "beats_position": [0.46439909935, 0.9287981987, 1.40480720997, 1.86920630932, 2.33360528946, 2.79800438881, 3.26240348816, 3.72680258751, 4.19120168686, 4.78331041336, 5.3754196167, 5.94430828094, 6.51319694519, 7.08208608627, 7.61614513397, 8.15020370483, 8.68426322937, 9.22993183136, 9.78721046448, 10.3560991287, 10.9017686844, 11.4590473175, 12.0163259506, 12.5619955063, 13.1076641083, 13.6533327103, 14.2106122971, 14.756280899, 15.301949501, 15.8592290878, 16.4165077209, 16.9737873077, 17.5426750183, 17.9374141693, 18.3321533203, 18.7036724091, 19.0868015289, 19.458322525, 19.8298416138, 20.2013607025, 20.5612697601, 20.9211788177, 21.2926979065, 21.6642169952, 22.035736084, 22.3956451416, 22.7555541992, 23.1270751953, 23.4869842529, 23.8468933105, 24.2184123993, 24.589931488, 24.9498405457, 25.3097496033, 25.681268692, 26.0527877808, 26.4126987457, 26.7726078033, 27.132516861, 27.5040359497, 27.8755550385, 28.2354640961, 28.5953731537, 28.9552822113, 29.3268013, 29.686712265, 30.0466213226, 30.4181404114, 30.7896595001, 31.1495685577, 31.5094776154, 31.8809967041, 32.2525177002, 32.6124267578, 32.9723358154, 33.3438529968, 33.7153739929, 34.0868911743, 34.4468002319, 34.8067131042, 35.1666221619, 35.5381393433, 35.8980484009, 36.2579574585, 36.6178665161, 36.9893875122, 37.3492965698, 37.7092056274, 38.0807266235, 38.4406356812, 38.8121528625, 39.1720619202, 39.5319709778, 39.8918800354, 40.251789093, 40.6116981506, 40.9716110229, 41.3315200806, 41.703037262, 42.0745582581, 42.4460754395, 42.8175964355, 43.1891136169, 43.5490226746, 43.9089317322, 44.2688446045, 44.6287536621, 45.0002708435, 45.3717918396, 45.743309021, 46.1032180786, 46.4631271362, 46.8230361938, 47.1829452515, 47.5544662476, 47.9259872437, 48.297504425, 48.6690254211, 49.0289344788, 49.3888435364, 49.7371406555, 50.1086616516, 50.480178833, 50.8400878906, 51.2000007629, 51.5715179443, 51.931427002, 52.2913360596, 52.6628570557, 53.0227661133, 53.3826751709, 53.7425842285, 54.1024932861, 54.4740142822, 54.8455314636, 55.2054405212, 55.5653495789, 55.9136505127, 56.2851676941, 56.668296814, 57.0514259338, 57.4229469299, 57.7828559875, 58.1427650452, 58.5142860413, 58.8858032227, 59.2573242188, 59.6172332764, 59.977142334, 60.3486595154, 60.7201805115, 61.0800895691, 61.4399986267, 61.8115196228, 62.1714286804, 62.531337738, 62.9028549194, 63.2743759155, 63.6226730347, 63.9941940308, 64.3657150269, 64.7256240845, 65.0855331421, 65.4454421997, 65.8053512573, 66.1768722534, 66.5483856201, 66.9082946777, 67.2682037354, 67.6397247314, 68.0112457275, 68.3711547852, 68.7310638428, 69.1025848389, 69.4624938965, 69.8224029541, 70.1823120117, 70.5422210693, 70.9137420654, 71.273651123, 71.6335601807, 72.0050811768, 72.3649902344, 72.724899292, 73.0964126587, 73.4679336548, 73.8394546509, 74.1993637085, 74.5592727661, 74.9307937622, 75.2907028198, 75.6506118774, 76.0105209351, 76.3704299927, 76.7419509888, 77.1018600464, 77.461769104, 77.8332901001, 78.1815872192, 78.5531082153, 78.9130172729, 79.2613143921, 79.6212234497, 79.9927444458, 80.3642578125, 80.7357788086, 81.1072998047, 81.4788208008, 81.8387298584, 82.198638916, 82.5701599121, 82.9300689697, 83.2899780273, 83.661491394, 84.0214080811, 84.3813171387, 84.7528305054, 85.1243515015, 85.4842605591, 85.8441696167, 86.2156906128, 86.5755996704, 86.935508728, 87.2954177856, 87.6553268433, 88.0268478394, 88.3983688354, 88.7698822021, 89.1297912598, 89.4897003174, 89.849609375, 90.2095184326, 90.5810394287, 90.9525604248, 91.3124694824, 91.67237854, 92.0438995361, 92.4038085938, 92.7637176514, 93.1352386475, 93.5067520142, 93.8666687012, 94.2265777588, 94.5980911255, 94.9696121216, 95.3295211792, 95.6894302368, 96.0609512329, 96.432472229, 96.8039855957, 97.1638946533, 97.5354156494, 97.895324707, 98.2668457031, 98.6267547607, 98.9866638184, 99.346572876, 99.7064819336, 100.066390991, 100.426300049, 100.786209106, 101.146118164, 101.506027222, 101.865936279, 102.237457275, 102.597366333, 102.957275391, 103.328796387, 103.688705444, 104.071838379, 104.431747437, 104.791656494, 105.163169861, 105.534690857, 105.894599915, 106.254508972, 106.626029968, 106.997550964, 107.357460022, 107.71736908, 108.088890076, 108.448799133, 108.808708191, 109.168617249, 109.528526306, 109.900039673, 110.271560669, 110.643081665, 111.014602661, 111.374511719, 111.734420776, 112.094329834, 112.454238892, 112.825759888, 113.197273254, 113.557182312, 113.917098999, 114.265396118, 114.636917114, 115.008430481, 115.368339539, 115.739860535, 116.099769592, 116.45967865, 116.819587708, 117.191108704, 117.551017761, 117.910926819, 118.282447815, 118.653968811, 119.013877869, 119.373786926, 119.733695984, 120.093605042, 120.465126038, 120.825035095, 121.184944153, 121.55645752, 121.916366577, 122.276275635, 122.647796631, 123.007705688, 123.367614746, 123.739135742, 124.0990448, 124.458953857, 124.830474854, 125.20199585, 125.561904907, 125.921813965, 126.293327332, 126.664848328, 127.036369324, 127.40789032, 127.767799377, 128.127700806, 128.499221802, 128.847518921, 129.219039917, 129.578948975, 129.938858032, 130.310379028, 130.670288086, 131.030197144, 131.40171814, 131.773239136, 132.144760132, 132.504669189, 132.864578247, 133.236099243, 133.607620239, 133.967529297, 134.327438354, 134.698959351, 135.070480347, 135.430389404, 135.790298462, 136.161804199, 136.521713257, 136.881637573, 137.253143311, 137.624664307, 137.972961426, 138.332870483, 138.692779541, 139.064300537, 139.435821533, 139.795730591, 140.155639648, 140.527160645, 140.887069702, 141.24697876, 141.595275879, 141.966796875, 142.338317871, 142.698226929, 143.058135986, 143.429656982, 143.801177979, 144.161087036, 144.520996094, 144.89251709, 145.252426147, 145.612335205, 145.983856201, 146.343765259, 146.703674316, 147.063583374, 147.423492432, 147.795013428, 148.166534424, 148.538040161, 148.886352539, 149.246261597, 149.606170654, 149.966079712, 150.32598877, 150.685897827, 151.045806885, 151.405715942, 151.765625, 152.113922119, 152.473831177, 152.833740234, 153.20526123, 153.576782227, 153.948303223, 154.30821228, 154.668121338, 155.039627075, 155.411148071, 155.771057129, 156.130966187, 156.502487183, 156.86239624, 157.233917236, 157.593826294, 157.96534729, 158.336868286, 158.696777344, 159.056686401, 159.428207397, 159.799728394, 160.148025513, 160.519546509, 160.867843628, 161.239364624, 161.61088562, 161.982406616, 162.353912354, 162.72543335, 163.085342407, 163.445251465, 163.816772461, 164.176681519, 164.536590576, 164.884887695, 165.256408691, 165.627929688, 165.999450684, 166.347747803, 166.719268799, 167.079177856, 167.439086914, 167.81060791, 168.182128906, 168.553649902, 168.91355896, 169.273468018, 169.633377075, 169.993286133, 170.35319519, 170.713104248, 171.084625244, 171.45614624, 171.816055298, 172.175964355, 172.535873413, 172.895782471, 173.267303467, 173.638824463, 174.0103302, 174.381851196, 174.741760254, 175.101669312, 175.461578369, 175.821487427, 176.193008423, 176.564529419, 176.924438477, 177.284347534, 177.65586853, 178.015777588, 178.375686646, 178.747207642, 179.107116699, 179.467025757, 179.838546753, 180.198455811, 180.558364868, 180.929885864, 181.289794922, 181.649703979, 182.009613037, 182.369522095, 182.729431152, 183.08934021, 183.460861206, 183.832382202, 184.203903198, 184.575408936, 184.935317993, 185.29524231, 185.666748047, 186.026657104, 186.386566162, 186.74647522, 187.106384277, 187.477905273, 187.84942627, 188.220947266, 188.580856323, 188.940765381, 189.300674438, 189.660583496, 190.032104492, 190.403625488, 190.763534546, 191.123443604, 191.4949646, 191.866485596, 192.226394653, 192.586303711, 192.957824707, 193.329345703, 193.689254761, 194.049163818, 194.409072876, 194.768981934, 195.128890991, 195.488800049, 195.837097168, 196.208618164, 196.58013916, 196.951644897, 197.323165894, 197.683074951, 198.042984009, 198.414505005, 198.786026001, 199.145935059, 199.505844116, 199.877365112, 200.248886108, 200.620407104, 200.980316162, 201.34022522, 201.711746216, 202.071655273, 202.431564331, 202.803085327, 203.174606323, 203.534515381, 203.894424438, 204.265930176, 204.625839233, 204.985748291, 205.357269287, 205.728790283, 206.100311279, 206.460220337, 206.820129395, 207.180038452, 207.53994751, 207.911468506, 208.271377563, 208.631286621, 208.991195679, 209.351104736, 209.711013794, 210.070922852, 210.442443848, 210.813964844, 211.173873901, 211.533782959, 211.905303955, 212.276824951, 212.636734009, 212.996643066, 213.356552124, 213.716461182, 214.087982178, 214.459503174, 214.819412231, 215.179321289, 215.550842285, 215.910751343, 216.2706604, 216.630569458, 216.990478516, 217.361984253, 217.721893311, 218.081817627, 218.453323364, 218.813232422, 219.173141479, 219.533050537, 219.892959595, 220.264480591, 220.636001587, 221.007522583, 221.367431641, 221.727340698, 222.098861694, 222.47038269, 222.830291748, 223.190200806, 223.561721802, 223.933242798, 224.293151855, 224.653060913, 225.012969971, 225.372879028, 225.744400024, 226.115921021, 226.475830078, 226.835739136, 227.207244873, 227.578765869, 227.938674927, 228.298583984, 228.658493042, 229.0184021, 229.389923096, 229.749832153, 230.109741211, 230.469650269, 230.841171265, 231.212692261, 231.572601318, 231.932510376, 232.292419434, 232.66394043, 233.035461426, 233.395370483, 233.755279541, 234.115188599, 234.475097656, 234.846618652, 235.20652771, 235.566436768, 235.937957764, 236.297866821, 236.657775879, 237.029296875, 237.400817871, 237.772338867, 238.143844604, 238.503753662, 238.86366272, 239.235183716, 239.583480835, 239.955001831, 240.314910889, 240.674819946, 241.046340942, 241.40625, 241.766159058, 242.137680054, 242.50920105, 242.857498169, 243.229019165, 243.588928223, 243.94883728, 244.320358276, 244.691879272, 245.05178833, 245.411697388, 245.783218384, 246.143127441, 246.503036499, 246.874557495, 247.246078491, 247.605987549, 247.965896606, 248.337417603, 248.69732666, 249.057235718, 249.428741455, 249.800262451, 250.160171509, 250.520080566, 250.891601563, 251.25151062, 251.623031616, 251.982940674, 252.342849731, 252.702758789, 253.074279785, 253.434188843, 253.7940979, 254.165618896, 254.525527954, 254.885437012, 255.256958008, 255.628479004, 256, 256.359893799, 256.719818115, 257.079711914, 257.43963623, 257.811157227, 258.182678223, 258.554199219, 258.914093018, 259.274017334, 259.64553833, 260.005432129, 260.365356445, 260.725250244, 261.085174561, 261.456695557, 261.828216553, 262.188110352, 262.548034668, 262.919555664, 263.279449463, 263.639373779, 264.010864258, 264.370788574, 264.730712891, 265.102203369, 265.473724365, 265.833648682, 266.19354248, 266.565063477, 266.936584473, 267.296508789, 267.656402588, 268.004699707, 268.376220703, 268.73614502, 269.107666016, 269.479187012, 269.839080811, 270.199005127, 270.558898926, 270.907196045, 271.278717041, 271.638641357, 272.010162354, 272.370056152, 272.741577148, 273.101501465, 273.461395264, 273.82131958, 274.181213379, 274.552734375, 274.924255371, 275.295776367, 275.667297363, 276.027191162, 276.387115479, 276.747009277, 277.106933594, 277.47845459, 277.826751709, 278.198272705, 278.558166504, 278.9296875, 279.289611816, 279.649505615, 280.009429932, 280.380950928, 280.740844727, 281.100769043, 281.472290039, 281.843811035, 282.203704834, 282.56362915, 282.935150146, 283.306671143, 283.654968262, 284.026489258, 284.386383057, 284.746307373, 285.117828369, 285.477722168, 285.837646484, 286.197540283, 286.5574646, 286.928985596, 287.300506592, 287.672027588, 288.031921387, 288.380218506, 288.740142822, 289.100036621, 289.471557617, 289.831481934, 290.20300293, 290.574493408, 290.934417725, 291.294311523, 291.66583252, 292.037353516, 292.397277832, 292.757171631, 293.128692627, 293.500213623, 293.871734619, 294.231658936, 294.591552734, 294.96307373, 295.322998047, 295.682891846, 296.054412842, 296.414337158, 296.774230957, 297.134155273, 297.494049072, 297.853973389, 298.213867188, 298.573791504, 298.933685303, 299.305206299, 299.676727295, 300.048248291, 300.419769287, 300.768066406, 301.139587402, 301.511108398, 301.871002197, 302.242523193, 302.60244751, 302.973968506, 303.345489502, 303.705383301, 304.065307617, 304.425201416, 304.785125732, 305.156646729, 305.528167725, 305.9112854, 306.294403076, 306.665924072, 307.037445068], "beats_loudness": {"dmean2": 0.0436772145331, "median": 0.0345310531557, "min": 6.33190779809e-08, "dvar2": 0.0012279287912, "dvar": 0.000406560866395, "dmean": 0.0245420653373, "max": 0.160077929497, "var": 0.000575658224989, "mean": 0.0362485200167}, "danceability": 1.3355615139, "bpm_histogram_second_peak_weight": {"dmean2": 0, "median": 0.395883768797, "min": 0.395883768797, "dvar2": 0, "dvar": 0, "dmean": 0, "max": 0.395883768797, "var": 0, "mean": 0.395883768797}, "beats_count": 827, "bpm_histogram_second_peak_bpm": {"dmean2": 0, "median": 161, "min": 161, "dvar2": 0, "dvar": 0, "dmean": 0, "max": 161, "var": 0, "mean": 161}, "bpm_histogram_first_peak_spread": {"dmean2": 0, "median": 0, "min": 0, "dvar2": 0, "dvar": 0, "dmean": 0, "max": 0, "var": 0, "mean": 0}, "beats_loudness_band_ratio": {"dmean2": [0.624306917191, 0.290548413992, 0.231418997049, 0.197143614292, 0.140315115452, 0.148116499186], "median": [0.375347197056, 0.158835202456, 0.0909396782517, 0.085395090282, 0.0704801678658, 0.0624140501022], "min": [0.00170086498838, 7.72390933435e-07, 2.48584410656e-06, 6.61018248138e-06, 4.87030083605e-05, 5.10872960149e-05], "dvar2": [0.151338070631, 0.0583385303617, 0.0562871210277, 0.0464196056128, 0.0165649484843, 0.0284458715469], "dvar": [0.0488622970879, 0.0200187619776, 0.0201593488455, 0.0157241597772, 0.0057887355797, 0.0101417209953], "dmean": [0.351232558489, 0.16488610208, 0.129288494587, 0.110145054758, 0.0780431851745, 0.0838172286749], "max": [0.989141225815, 0.806535124779, 0.83497095108, 0.843806505203, 0.581627249718, 0.985957682133], "var": [0.0734155923128, 0.0239838641137, 0.0189353264868, 0.0139530356973, 0.00654210941866, 0.0121508548036], "mean": [0.405394762754, 0.200802817941, 0.135772064328, 0.123748771846, 0.0917454734445, 0.0925124883652]}}, "lowlevel": {"barkbands_spread": {"dmean2": 9.43800544739, "median": 20.2318572998, "min": 0.272772759199, "dvar2": 116.866287231, "dvar": 56.1538848877, "dmean": 6.19516277313, "max": 132.236236572, "var": 171.890045166, "mean": 22.6389713287}, "melbands_spread": {"dmean2": 12.7055139542, "median": 23.1488380432, "min": 0.240186914802, "dvar2": 288.170135498, "dvar": 144.326141357, "dmean": 8.31039524078, "max": 196.320632935, "var": 494.642669678, "mean": 27.9120101929}, "hfc": {"dmean2": 11.1197137833, "median": 12.3508434296, "min": 0.000714040186722, "dvar2": 394.694702148, "dvar": 196.950912476, "dmean": 7.80631685257, "max": 259.895172119, "var": 471.718200684, "mean": 18.5061340332}, "barkbands_kurtosis": {"dmean2": 4.31057262421, "median": 0.772729277611, "min": -1.89332175255, "dvar2": 145.758895874, "dvar": 61.2525978088, "dmean": 2.69890713692, "max": 485.944763184, "var": 418.822662354, "mean": 4.29954767227}, "gfcc": {"mean": [-28.0953350067, 98.2683334351, -130.007293701, 33.5245933533, -57.4299354553, 14.8094205856, -36.0395622253, 1.15806031227, -20.4909229279, -0.554977655411, -11.2368144989, -4.01217269897, -5.39952850342], "icov": [[0.0003550357942, -0.000484527728986, 0.000215186155401, -0.000781924754847, 0.00110859447159, -0.000719234987628, 0.000501699047163, -0.000809753488284, 0.00111644540448, -0.000940223282669, 0.00089079188183, -0.000458287569927, 0.000528671895154], [-0.000484527728986, 0.00164002983365, -5.56282939215e-05, 0.000930856156629, -0.00200089323334, 0.00070519145811, 4.63795477117e-05, 0.000757043424528, -0.00154681038111, 0.00268356478773, -0.00264047458768, 0.00218768347986, -0.00155036454089], [0.000215186155401, -5.56282939215e-05, 0.00185821764171, -0.00105178798549, -0.00031123511144, -0.00116290629376, 0.000472322135465, -2.39238470385e-05, 0.000590697629377, -0.000399462936912, 0.00157379149459, -0.00179582019337, 0.0014057897497], [-0.000781924754847, 0.000930856156629, -0.00105178798549, 0.00583766773343, -0.00299676833674, 0.000450154300779, -0.000761340954341, 0.00250025326386, -0.00200146390125, 0.000858887156937, -0.00163195410278, 0.00227504014038, -0.00223941332661], [0.00110859447159, -0.00200089323334, -0.00031123511144, -0.00299676833674, 0.00818252563477, -0.00250976579264, -0.00077211012831, -0.00136966153514, 0.00209665880539, -0.0021439732518, 0.00162834324874, -0.0010759299621, 0.00242386921309], [-0.000719234987628, 0.00070519145811, -0.00116290629376, 0.000450154300779, -0.00250976579264, 0.0106909414753, -0.0036216606386, -0.00113499199506, 5.10046811542e-05, -1.67208745552e-05, 0.000461076531792, -0.00168574450072, 0.000606360845268], [0.000501699047163, 4.63795477117e-05, 0.000472322135465, -0.000761340954341, -0.00077211012831, -0.0036216606386, 0.0108944289386, -0.00326017406769, -0.00125448044855, 0.00142166728619, -0.00179834011942, 0.00322597753257, -0.00181153509766], [-0.000809753488284, 0.000757043424528, -2.39238470385e-05, 0.00250025326386, -0.00136966153514, -0.00113499199506, -0.00326017406769, 0.0134815983474, -0.00539503758773, 0.000208923695027, 0.000532376172487, -0.00257637677714, 0.000793487997726], [0.00111644540448, -0.00154681038111, 0.000590697629377, -0.00200146390125, 0.00209665880539, 5.10046811542e-05, -0.00125448044855, -0.00539503758773, 0.0164534319192, -0.00651602493599, 9.77042946033e-05, 8.60461514094e-05, 0.000789655314293], [-0.000940223282669, 0.00268356478773, -0.000399462936912, 0.000858887156937, -0.0021439732518, -1.67208745552e-05, 0.00142166728619, 0.000208923695027, -0.00651602493599, 0.0176858883351, -0.00813859049231, 0.00284095760435, -0.000142564662383], [0.00089079188183, -0.00264047458768, 0.00157379149459, -0.00163195410278, 0.00162834324874, 0.000461076531792, -0.00179834011942, 0.000532376172487, 9.77042946033e-05, -0.00813859049231, 0.022665688768, -0.00928087998182, 0.000561432621907], [-0.000458287569927, 0.00218768347986, -0.00179582019337, 0.00227504014038, -0.0010759299621, -0.00168574450072, 0.00322597753257, -0.00257637677714, 8.60461514094e-05, 0.00284095760435, -0.00928087998182, 0.0203890558332, -0.00741872237995], [0.000528671895154, -0.00155036454089, 0.0014057897497, -0.00223941332661, 0.00242386921309, 0.000606360845268, -0.00181153509766, 0.000793487997726, 0.000789655314293, -0.000142564662383, 0.000561432621907, -0.00741872237995, 0.0194392688572]], "cov": [[15410.3027344, 774.006164551, -595.205200195, 516.94342041, -1307.04333496, 423.23614502, -692.176818848, 309.804595947, -595.479797363, 180.20123291, -321.9324646, 52.4445075989, -127.32736969], [774.006164551, 1718.5345459, -338.25378418, 25.9540500641, 181.33190918, -80.9894866943, 27.0193958282, -55.6330566406, 26.7999572754, -138.722457886, 85.4265823364, -121.983665466, 77.0402526855], [-595.205200195, -338.25378418, 971.340209961, 165.420883179, 188.250030518, 146.686538696, 18.6426906586, -1.73072004318, -22.4867172241, 10.5957221985, -57.107673645, 58.5151176453, -63.2461624146], [516.94342041, 25.9540500641, 165.420883179, 305.448547363, 76.8449478149, 54.8605117798, 6.51886606216, -19.7882328033, -11.8025550842, 13.2643079758, -13.6159362793, -14.8267421722, -3.33002376556], [-1307.04333496, 181.33190918, 188.250030518, 76.8449478149, 368.214477539, 33.3865661621, 108.352920532, -19.6370029449, 53.9135856628, -23.4712371826, 28.8189163208, -23.1315593719, -2.82992625237], [423.23614502, -80.9894866943, 146.686538696, 54.8605117798, 33.3865661621, 171.001571655, 34.2000808716, 46.6376304626, -13.5829687119, 18.2401561737, -20.4132270813, 22.045425415, -20.7827072144], [-692.176818848, 27.0193958282, 18.6426906586, 6.51886606216, 108.352920532, 34.2000808716, 168.240646362, 27.1607379913, 53.6486625671, -8.11287307739, 23.5871315002, -16.4814167023, 11.1646232605], [309.804595947, -55.6330566406, -1.73072004318, -19.7882328033, -19.6370029449, 46.6376304626, 27.1607379913, 122.872993469, 26.3552112579, 24.9425411224, -2.61756277084, 20.8525562286, -9.36154174805], [-595.479797363, 26.7999572754, -22.4867172241, -11.8025550842, 53.9135856628, -13.5829687119, 53.6486625671, 26.3552112579, 118.939476013, 26.5642871857, 33.5104484558, -6.32403993607, 8.2055721283], [180.20123291, -138.722457886, 10.5957221985, 13.2643079758, -23.4712371826, 18.2401561737, -8.11287307739, 24.9425411224, 26.5642871857, 100.501708984, 18.9811859131, 13.9048986435, -10.2027902603], [-321.9324646, 85.4265823364, -57.107673645, -13.6159362793, 28.8189163208, -20.4132270813, 23.5871315002, -2.61756277084, 33.5104484558, 18.9811859131, 83.8801956177, 18.9122562408, 21.0509529114], [52.4445075989, -121.983665466, 58.5151176453, -14.8267421722, -23.1315593719, 22.045425415, -16.4814167023, 20.8525562286, -6.32403993607, 13.9048986435, 18.9122562408, 88.6111831665, 16.3447093964], [-127.32736969, 77.0402526855, -63.2461624146, -3.33002376556, -2.82992625237, -20.7827072144, 11.1646232605, -9.36154174805, 8.2055721283, -10.2027902603, 21.0509529114, 16.3447093964, 72.8847885132]]}, "spectral_energyband_middle_low": {"dmean2": 0.0113080674782, "median": 0.006766628474, "min": 1.91325837009e-13, "dvar2": 0.000803582021035, "dvar": 0.00029826775426, "dmean": 0.00682205986232, "max": 0.177421703935, "var": 0.000263495079707, "mean": 0.0111030852422}, "melbands_crest": {"dmean2": 5.81405496597, "median": 11.7357187271, "min": 2.57009792328, "dvar2": 30.1090526581, "dvar": 11.9183187485, "dmean": 3.55761432648, "max": 37.9653320313, "var": 28.2837181091, "mean": 12.7139816284}, "spectral_kurtosis": {"dmean2": 3.02012872696, "median": 3.88158488274, "min": -1.23324692249, "dvar2": 13.520857811, "dvar": 5.21439552307, "dmean": 1.85073411465, "max": 59.6947288513, "var": 15.2913169861, "mean": 4.59658670425}, "spectral_rms": {"dmean2": 0.00134319113567, "median": 0.00404140818864, "min": 5.88522016187e-06, "dvar2": 3.81670406568e-06, "dvar": 1.6585437379e-06, "dmean": 0.000914577860385, "max": 0.0148042766377, "var": 4.76502282254e-06, "mean": 0.00419430853799}, "zerocrossingrate": {"dmean2": 0.0139816384763, "median": 0.0546875, "min": 0.00341796875, "dvar2": 0.000292546261335, "dvar": 0.000258450192632, "dmean": 0.0120607269928, "max": 0.9091796875, "var": 0.00614929758012, "mean": 0.0676263645291}, "silence_rate_60dB": {"dmean2": 0.0398430414498, "median": 0, "min": 0, "dvar2": 0.0456501282752, "dvar": 0.0195231270045, "dmean": 0.0199200175703, "max": 1, "var": 0.0912897661328, "mean": 0.101629696786}, "erbbands_kurtosis": {"dmean2": 1.38251817226, "median": -0.133649557829, "min": -1.83499193192, "dvar2": 4.40266895294, "dvar": 2.25387859344, "dmean": 0.896033465862, "max": 52.1822853088, "var": 6.734126091, "mean": 0.435640633106}, "erbbands": {"dmean2": [0.127860993147, 1.08991014957, 2.97500061989, 6.15255117416, 13.6194887161, 29.1261768341, 15.2999382019, 15.6173439026, 19.0323867798, 18.5556144714, 23.3512325287, 20.1304359436, 29.1681900024, 27.5612506866, 17.8951568604, 21.6437397003, 18.5510368347, 21.9695167542, 29.2293739319, 16.3160171509, 14.0308418274, 13.67274189, 12.184138298, 9.07366657257, 10.0338277817, 11.4652414322, 10.6378164291, 12.4658927917, 8.83929920197, 7.23061418533, 6.07105636597, 3.75187325478, 2.28591966629, 1.06705522537, 0.466145545244, 0.175243869424, 0.036247652024, 0.00563697749749, 0.000479657086544, 4.25015496148e-05], "median": [0.0211654938757, 0.235416054726, 0.723653614521, 1.70302200317, 3.14975237846, 4.18497657776, 5.0886759758, 4.95782089233, 7.63101196289, 6.33201503754, 6.92581939697, 5.9141292572, 11.1668777466, 12.5311508179, 10.3488693237, 11.6932220459, 11.269153595, 15.5805530548, 16.2525482178, 10.9736099243, 9.51535511017, 8.36882972717, 7.31901836395, 5.34476470947, 5.46121120453, 4.91601753235, 3.33635473251, 2.18464303017, 1.20006847382, 0.827842354774, 0.610815405846, 0.384834110737, 0.219583570957, 0.0848250985146, 0.030205314979, 0.00773123651743, 0.00123687332962, 0.000148796592839, 2.76143364317e-05, 2.40051631408e-05], "min": [2.7400917646e-10, 2.63266613371e-11, 7.30837178969e-12, 4.41909876747e-12, 1.78187187228e-11, 1.94383068669e-11, 7.33705596279e-11, 9.96748864002e-11, 2.13866091503e-10, 2.55250737213e-10, 4.14156015038e-10, 7.00666580311e-10, 6.57097154466e-10, 1.28483201856e-09, 2.22934248839e-09, 1.61387037068e-09, 1.63668101294e-09, 4.39545111419e-09, 5.47922995864e-09, 1.01525872154e-08, 1.01077564096e-08, 1.74005450049e-08, 3.52392461878e-08, 3.2380345516e-08, 5.50878596073e-08, 5.25401411267e-08, 6.19381950173e-08, 6.99948117244e-08, 6.51260876339e-08, 7.68790329175e-08, 1.01063520219e-07, 6.56420766632e-08, 3.87209624364e-08, 6.42881374802e-08, 1.07067521071e-07, 7.63747181054e-08, 1.4350247568e-07, 5.12010046805e-07, 9.73332930698e-07, 3.93996515413e-07], "dvar2": [0.0907073244452, 6.12469530106, 51.9648551941, 368.696624756, 1440.01867676, 12606.1933594, 1452.3293457, 1437.35046387, 2704.35400391, 3035.17407227, 5766.65820313, 3231.08203125, 5108.51513672, 4891.25878906, 1426.10961914, 2448.12548828, 1770.93041992, 2252.83447266, 3912.03149414, 1295.23474121, 1106.43652344, 746.282653809, 594.053588867, 639.732116699, 643.169250488, 1558.31298828, 1552.27246094, 2200.01611328, 869.507019043, 453.51373291, 249.238082886, 79.5266342163, 26.9171123505, 5.09743928909, 1.01202332973, 0.141520127654, 0.00625751819462, 0.000166258658282, 1.50556923018e-06, 8.37155234024e-09], "dvar": [0.0406743139029, 2.58719778061, 19.4201831818, 144.314285278, 525.707092285, 4501.61914063, 548.368286133, 609.498352051, 1152.83544922, 1281.91369629, 2557.56396484, 1501.87207031, 2437.93798828, 2404.23046875, 664.767089844, 1142.00268555, 794.731018066, 905.953796387, 1600.02441406, 561.118896484, 502.763702393, 300.641204834, 268.326690674, 258.027099609, 284.457977295, 704.51171875, 681.393676758, 981.663269043, 420.508270264, 215.192199707, 122.77040863, 37.838634491, 12.5677690506, 2.43025064468, 0.469326138496, 0.0653521493077, 0.00291575770825, 7.75329535827e-05, 7.13593635737e-07, 4.00861743799e-09], "dmean": [0.0835994780064, 0.678332865238, 1.76523840427, 3.69288134575, 7.90480709076, 16.293920517, 9.1522064209, 9.70413684845, 12.2608003616, 11.9289608002, 15.5526380539, 13.6358451843, 19.7043647766, 18.7152442932, 11.8948335648, 14.0793809891, 12.0415859222, 13.7916660309, 18.2411060333, 10.405251503, 8.98176670074, 8.62587165833, 7.92061424255, 5.86802530289, 6.51834821701, 7.43835878372, 6.87232446671, 8.06084728241, 5.83420324326, 4.82748794556, 4.08303499222, 2.48152041435, 1.5011203289, 0.713353097439, 0.3126347363, 0.116813011467, 0.0243729688227, 0.00376282213256, 0.000320496124914, 2.8806294722e-05], "max": [3.55967974663, 28.500579834, 70.0531539917, 354.980133057, 334.265167236, 675.468444824, 480.022125244, 695.886657715, 871.788269043, 805.518249512, 1124.62438965, 930.709594727, 1361.63024902, 1339.10754395, 742.35534668, 1063.35144043, 934.48248291, 765.117919922, 1185.89001465, 802.358581543, 1010.44525146, 571.623474121, 521.836303711, 739.768066406, 654.29699707, 974.300170898, 862.132385254, 1120.67480469, 566.138977051, 383.44140625, 253.965744019, 116.621292114, 69.6342163086, 22.230796814, 9.30575370789, 2.43678307533, 0.534607112408, 0.116611301899, 0.0162366516888, 0.00118961150292], "var": [0.0526216179132, 2.980073452, 18.6081581116, 136.917709351, 411.799377441, 2837.17724609, 562.510192871, 868.275817871, 1667.02819824, 1919.3067627, 5168.50634766, 2678.21264648, 4442.68066406, 5436.99853516, 1560.06896973, 2361.05541992, 1596.45117188, 1393.8996582, 2529.63085938, 939.671569824, 981.325317383, 465.837860107, 471.115509033, 349.847320557, 469.687866211, 1008.90118408, 966.559692383, 1736.03686523, 804.276245117, 421.205963135, 243.599060059, 63.1934165955, 17.8319358826, 3.67801237106, 0.631133973598, 0.0789190530777, 0.00343046686612, 9.12027317099e-05, 9.40259212712e-07, 6.22409368489e-09], "mean": [0.10651037842, 0.846925854683, 2.1851568222, 4.91967630386, 8.95398330688, 14.9836015701, 12.1992120743, 13.7866477966, 19.6072998047, 19.1309223175, 25.9721736908, 21.4076251984, 32.4332046509, 33.3568153381, 22.2244739532, 24.6588554382, 21.9768772125, 25.622177124, 30.5420818329, 19.1815624237, 16.8377990723, 15.1262016296, 13.7256641388, 10.3115262985, 11.2225980759, 12.1171617508, 10.9920778275, 11.3980569839, 7.89259004593, 6.37551927567, 5.26246976852, 3.01529932022, 1.71655619144, 0.814671278, 0.343458414078, 0.12064114213, 0.0245155412704, 0.00374271767214, 0.000338835059665, 4.6928300435e-05]}, "spectral_strongpeak": {"dmean2": 0.85967707634, "median": 0.441293239594, "min": 0, "dvar2": 1.57011961937, "dvar": 0.643059432507, "dmean": 0.518658816814, "max": 15.5708293915, "var": 1.1319205761, "mean": 0.884251475334}, "spectral_energy": {"dmean2": 0.0166095066816, "median": 0.016741303727, "min": 3.55017135689e-08, "dvar2": 0.00104303727858, "dvar": 0.000412177614635, "dmean": 0.0106918821111, "max": 0.224645763636, "var": 0.000560902408324, "mean": 0.0229162834585}, "average_loudness": 0.867499053478, "spectral_rolloff": {"dmean2": 903.222106934, "median": 1335.05859375, "min": 21.533203125, "dvar2": 1760893.125, "dvar": 840030.8125, "dmean": 551.088989258, "max": 22006.9335938, "var": 5037223.5, "mean": 1745.97998047}, "spectral_centroid": {"dmean2": 407.828491211, "median": 1300.19848633, "min": 123.882415771, "dvar2": 213075.140625, "dvar": 111355.226563, "dmean": 272.766235352, "max": 10577.3759766, "var": 538912.75, "mean": 1419.9050293}, "pitch_salience": {"dmean2": 0.118577241898, "median": 0.58164191246, "min": 0.0748029872775, "dvar2": 0.0113743571565, "dvar": 0.00447586458176, "dmean": 0.0732973739505, "max": 0.851762413979, "var": 0.0111021082848, "mean": 0.573433279991}, "spectral_energyband_middle_high": {"dmean2": 0.00248003820889, "median": 0.0035288578365, "min": 4.57184724106e-12, "dvar2": 1.37715423989e-05, "dvar": 6.80409038978e-06, "dmean": 0.00172502431087, "max": 0.0623282305896, "var": 2.485537334e-05, "mean": 0.00496567226946}, "spectral_contrast_coeffs": {"dmean2": [0.0912226215005, 0.0748820155859, 0.0622681193054, 0.0498611629009, 0.037282731384, 0.0300159305334], "median": [-0.652034521103, -0.739016890526, -0.760781526566, -0.773191452026, -0.783303081989, -0.755161643028], "min": [-0.970533788204, -0.969988048077, -0.968652307987, -0.961823046207, -0.95086067915, -0.962181866169], "dvar2": [0.00674335518852, 0.00396815873682, 0.00267657544464, 0.0015507718781, 0.000940844183788, 0.000691489083692], "dvar": [0.00268932851031, 0.00164151820354, 0.00116681249347, 0.000629606540315, 0.000403643643949, 0.000331842020387], "dmean": [0.0564437359571, 0.0465294122696, 0.0398692190647, 0.0309425219893, 0.0233280751854, 0.0200612992048], "max": [-0.228533446789, -0.39029571414, -0.458716660738, -0.576542437077, -0.577715694904, -0.583010435104], "var": [0.00791973434389, 0.0062848944217, 0.00525728939101, 0.00276719476096, 0.00187959114555, 0.00179913360626], "mean": [-0.650546431541, -0.733613491058, -0.756636023521, -0.773029923439, -0.784204423428, -0.753455519676]}, "melbands_skewness": {"dmean2": 1.13307821751, "median": 1.8317117691, "min": -1.57624101639, "dvar2": 1.64340817928, "dvar": 0.753220796585, "dmean": 0.755151450634, "max": 16.8138484955, "var": 2.15859985352, "mean": 2.15815782547}, "spectral_spread": {"dmean2": 937516.4375, "median": 3719212.5, "min": 1151428.625, "dvar2": 1255907917820.0, "dvar": 773127471104, "dmean": 682761.125, "max": 42108352, "var": 8299816681470.0, "mean": 4372975.5}, "dissonance": {"dmean2": 0.0277531333268, "median": 0.473105311394, "min": 0.270999521017, "