{"metadata": {"tags": {"albumartist": ["Johnny Cash"], "musicbrainz_artistid": ["d43d12a1-2dc9-4257-a2fd-0a3bb1081b86/4ee75011-678b-46e0-b8e1-8ef47e5b7379"], "artist": ["Johnny Cash feat. June Carter Cash"], "genre": ["Country"], "musicbrainz_albumid": ["13089c90-db73-458a-be33-0dccbf090f47"], "discnumber": ["1/1"], "title": ["Where Did We Go Right"], "tracknumber": ["15/17"], "musicbrainz_albumartistid": ["d43d12a1-2dc9-4257-a2fd-0a3bb1081b86"], "album": ["1989-03-20: Minneapolis, MN, USA"], "musicbrainz album type": ["live"], "script": ["Latn"], "albumartistsort": ["Cash, Johnny"], "artistsort": ["Cash, Johnny feat. Cash, June Carter"], "date": ["1989"], "acoustid_id": ["f5b630b0-1800-439f-919f-e4801f1b35f2"], "file_name": "14- Where Did We Go Right- Live In Minneapolis- Johnny Cash.mp3", "musicbrainz_recordingid": ["12d09d2d-9006-4d9c-b666-901c7af8e13b"], "language": ["eng"], "musicbrainz album status": ["bootleg"]}, "audio_properties": {"sample_rate": 44100, "downmix": "mix", "lossless": false, "analysis_sample_rate": 44100, "md5_encoded": "6dcab55274935e7688d2f2de479520dc", "equal_loudness": 0, "replay_gain": -9.87312698364, "codec": "mp3", "bit_rate": 158984, "length": 182.047348022}, "version": {"extractor": "music 1.0", "essentia_build_sha": "70f2e5ece6736b2c40cc944ad0e695b16b925413", "essentia_git_sha": "v2.1_beta2", "essentia": "2.1-beta2"}}, "rhythm": {"beats_loudness_band_ratio": {"dvar2": [0.0566951297224, 0.029066875577, 0.0383764952421, 0.0362229607999, 0.033653691411, 0.00743253948167], "var": [0.0547964647412, 0.015614785254, 0.0206635855138, 0.0132633289322, 0.0154883982614, 0.00295959203504], "min": [0.0149457473308, 0.00145870051347, 0.00344705185853, 0.00271716248244, 0.0040721045807, 0.00159100000747], "dmean": [0.163504779339, 0.104026094079, 0.119175195694, 0.0963952615857, 0.100617527962, 0.0432181246579], "mean": [0.370619773865, 0.157341614366, 0.166470766068, 0.118385322392, 0.165936604142, 0.0527744814754], "max": [0.935768842697, 0.771266281605, 0.64398419857, 0.78703558445, 0.634170532227, 0.359996169806], "dmean2": [0.281947404146, 0.173867031932, 0.200703963637, 0.167186275125, 0.175975367427, 0.0762832313776], "median": [0.341219455004, 0.123092487454, 0.119377799332, 0.0803933590651, 0.139636367559, 0.0346091240644], "dvar": [0.0266678072512, 0.0103794047609, 0.0135668665171, 0.0128169003874, 0.0122810639441, 0.00279167084955]}, "bpm_histogram_first_peak_weight": {"dvar2": 0, "var": 0, "min": 0.234146341681, "dmean": 0, "mean": 0.234146341681, "max": 0.234146341681, "dmean2": 0, "median": 0.234146341681, "dvar": 0}, "bpm": 178.205886841, "beats_count": 411, "bpm_histogram_first_peak_spread": {"dvar2": 0, "var": 0, "min": 0, "dmean": 0, "mean": 0, "max": 0, "dmean2": 0, "median": 0, "dvar": 0}, "danceability": 0.93117827177, "bpm_histogram_first_peak_bpm": {"dvar2": 0, "var": 0, "min": 178, "dmean": 0, "mean": 178, "max": 178, "dmean2": 0, "median": 178, "dvar": 0}, "beats_position": [0.801088392735, 1.6137868166, 2.42648530006, 3.14630389214, 3.87773227692, 4.58594083786, 5.2941493988, 6.01396799088, 6.73378658295, 7.45360517502, 8.18503379822, 8.90485286713, 9.61306095123, 10.321269989, 11.017868042, 11.7144670486, 12.4226751328, 13.1192741394, 13.8158731461, 14.5240812302, 15.1974601746, 15.870839119, 16.5442180634, 17.2059860229, 17.8561439514, 18.5063037872, 19.1448516846, 19.7950115204, 20.4451694489, 21.0488891602, 21.6526069641, 22.2911567688, 22.918094635, 23.5566444397, 24.1719722748, 24.7873020172, 25.4026298523, 26.0295696259, 26.6565074921, 27.3414955139, 28.0264854431, 28.7230834961, 29.4196815491, 30.0234012604, 30.6155090332, 31.1960086823, 31.6720180511, 32.1596374512, 32.6472549438, 33.111656189, 33.5644454956, 34.0172348022, 34.4816322327, 34.9460296631, 35.4104309082, 35.8748283386, 36.3276176453, 36.7920188904, 37.151927948, 37.5002250671, 37.8369140625, 38.1736030579, 38.4986839294, 38.8353729248, 39.1720619202, 39.5087509155, 39.8454399109, 40.1937408447, 40.5304298401, 40.8671188354, 41.2154197693, 41.5637168884, 41.9120178223, 42.2487068176, 42.585395813, 42.9220848083, 43.2587738037, 43.5838546753, 43.9205436707, 44.257232666, 44.5707015991, 44.9073905945, 45.2440795898, 45.5807685852, 45.9174575806, 46.2541503906, 46.590839386, 46.9275283813, 47.2758255005, 47.6357345581, 47.9956436157, 48.3439445496, 48.6922454834, 49.0869827271, 49.4817237854, 49.8764610291, 50.2828102112, 50.6891593933, 51.0955085754, 51.5018577576, 51.8965988159, 52.2913360596, 52.6860771179, 53.0924263, 53.4871635437, 53.8819046021, 54.2882537842, 54.6946029663, 55.0777320862, 55.4492492676, 55.8091583252, 56.1806793213, 56.5522003174, 56.9237174988, 57.2952384949, 57.6783676147, 58.0498847961, 58.4214057922, 58.8045349121, 59.187664032, 59.5359611511, 59.884262085, 60.2325630188, 60.5808601379, 60.9291610718, 61.2774581909, 61.6257591248, 61.9740562439, 62.3223571777, 62.6706581116, 63.0189552307, 63.3672561646, 63.7271652222, 64.1915664673, 64.655960083, 65.1203613281, 65.5847625732, 66.049156189, 66.5135574341, 66.9082946777, 67.2914276123, 67.6745529175, 68.0576858521, 68.4292068481, 68.8007278442, 69.1722412109, 69.5321502686, 69.9036712646, 70.2751922607, 70.6583175659, 71.0414505005, 71.4245758057, 71.8077087402, 72.1908340454, 72.57396698, 72.9454879761, 73.3286132812, 73.7117462158, 74.094871521, 74.5476608276, 75.0004501343, 75.4532394409, 75.9060287476, 76.3588180542, 76.8116073608, 77.2643966675, 77.6359176636, 78.0074386597, 78.3789520264, 78.7504730225, 79.1103820801, 79.4586868286, 79.8069839478, 80.1552810669, 80.5151901245, 80.8634872437, 81.2233963013, 81.5717010498, 81.9199981689, 82.2682952881, 82.6282043457, 82.9881134033, 83.3596343994, 83.7311553955, 84.0910644531, 84.4509735107, 84.7992706299, 85.1475753784, 85.4958724976, 85.8441696167, 86.1808624268, 86.5175476074, 86.865852356, 87.2141494751, 87.5624465942, 87.9107437134, 88.2590484619, 88.6073455811, 88.9556427002, 89.3039474487, 89.6406326294, 89.9773254395, 90.3140106201, 90.6507034302, 90.9873886108, 91.3240814209, 91.6607666016, 91.9974594116, 92.3457565308, 92.6824493408, 93.0191345215, 93.3558273315, 93.6925125122, 94.0292053223, 94.3658905029, 94.6909713745, 95.0276641846, 95.3643493652, 95.7126541138, 96.0609512329, 96.3976364136, 96.7343292236, 97.0710220337, 97.4077072144, 97.7444000244, 98.0810852051, 98.4177780151, 98.7544631958, 99.0911560059, 99.4278411865, 99.7645339966, 100.101219177, 100.437911987, 100.786209106, 101.122901917, 101.447982788, 101.784667969, 102.121360779, 102.44644165, 102.79473877, 103.143035889, 103.479728699, 103.816413879, 104.176322937, 104.536231995, 104.907752991, 105.279273987, 105.790107727, 106.300949097, 106.800178528, 107.299407959, 107.787025452, 108.274642944, 108.773872375, 109.273101807, 109.760726929, 110.271560669, 110.782402039, 111.455780029, 112.105941772, 112.756095886, 113.406257629, 114.056411743, 114.718185425, 115.379951477, 116.053329468, 116.726707458, 117.400085449, 118.07346344, 118.74684906, 119.43183136, 120.116821289, 120.743759155, 121.359092712, 122.032470703, 122.694236755, 123.367614746, 124.040992737, 124.725982666, 125.410972595, 126.095962524, 126.769340515, 127.431106567, 128.092880249, 128.754638672, 129.416412354, 130.089797974, 130.751556396, 131.424942017, 132.098312378, 132.771697998, 133.445083618, 134.118453979, 134.7918396, 135.465209961, 136.138595581, 136.811965942, 137.473739624, 138.135513306, 138.797271729, 139.45904541, 139.946670532, 140.457504272, 140.968338013, 141.467575073, 141.978408813, 142.477645874, 142.976867676, 143.476104736, 143.975326538, 144.47454834, 144.9737854, 145.461410522, 145.786483765, 146.123168945, 146.459854126, 146.808166504, 147.156463623, 147.504760742, 147.841445923, 148.189743042, 148.526443481, 148.863128662, 149.199813843, 149.536499023, 149.873199463, 150.209884644, 150.534957886, 150.860046387, 151.185119629, 151.51020813, 151.846893311, 152.183578491, 152.520263672, 152.856964111, 153.20526123, 153.541946411, 153.878631592, 154.226928711, 154.575241089, 154.923538208, 155.260223389, 155.596908569, 155.933609009, 156.258682251, 156.583755493, 156.920455933, 157.257141113, 157.593826294, 157.930511475, 158.278823853, 158.615509033, 158.952194214, 159.277282715, 159.602355957, 159.927429199, 160.240905762, 160.554367065, 160.879455566, 161.204528809, 161.52961731, 161.854690552, 162.191375732, 162.528076172, 162.864761353, 163.201446533, 163.538131714, 163.863220215, 164.188293457, 164.513381958, 164.850067139, 165.175140381, 165.51184082, 165.836914062, 166.161987305, 166.498687744, 166.823760986, 167.148834229, 167.485534668, 167.822219849, 168.158905029, 168.49559021, 168.832290649, 169.16897583, 169.517272949, 169.865570068, 170.202270508, 170.550567627, 170.898864746, 171.258773804, 171.607070923, 171.96697998, 172.3152771, 172.663574219, 173.011871338, 173.360183716, 173.871017456, 174.34703064, 174.834640503, 175.322265625, 175.809890747, 176.29750061, 176.796737671, 177.295959473, 177.783584595, 178.282806396, 178.863311768, 179.432189941, 180.001083374, 180.581588745, 181.162078857], "beats_loudness": {"dvar2": 0.000267636001809, "var": 0.000178789588972, "min": 0.00125747371931, "dmean": 0.00824726000428, "mean": 0.0140924137086, "max": 0.0888120532036, "dmean2": 0.0138466060162, "median": 0.00882449746132, "dvar": 0.000106840801891}, "bpm_histogram_second_peak_weight": {"dvar2": 0, "var": 0, "min": 0.153658539057, "dmean": 0, "mean": 0.153658539057, "max": 0.153658539057, "dmean2": 0, "median": 0.153658539057, "dvar": 0}, "bpm_histogram_second_peak_spread": {"dvar2": 0, "var": 0, "min": 0, "dmean": 0, "mean": 0, "max": 0, "dmean2": 0, "median": 0, "dvar": 0}, "bpm_histogram_second_peak_bpm": {"dvar2": 0, "var": 0, "min": 172, "dmean": 0, "mean": 172, "max": 172, "dmean2": 0, "median": 172, "dvar": 0}, "onset_rate": 2.31232714653}, "lowlevel": {"spectral_energyband_high": {"dvar2": 2.83614056684e-08, "var": 5.11733588837e-08, "min": 7.49874525858e-21, "dmean": 4.5474847866e-05, "mean": 0.000130602173158, "max": 0.0047127623111, "dmean2": 6.21760555077e-05, "median": 6.26577966614e-05, "dvar": 1.48888865681e-08}, "spectral_energyband_middle_low": {"dvar2": 1.07191599454e-05, "var": 3.42140483554e-05, "min": 2.27106794213e-22, "dmean": 0.00134393922053, "mean": 0.00485965283588, "max": 0.0601640120149, "dmean2": 0.001945644035, "median": 0.00239619985223, "dvar": 5.18371052749e-06}, "spectral_energy": {"dvar2": 2.14816736843e-05, "var": 0.000141409385833, "min": 1.06273564006e-20, "dmean": 0.00215108273551, "mean": 0.0113606862724, "max": 0.0943550765514, "dmean2": 0.00294085359201, "median": 0.00625991076231, "dvar": 1.21534203572e-05}, "spectral_spread": {"dvar2": 407939022848, "var": 798856314880, "min": 1595799.875, "dmean": 212282.109375, "mean": 3044013.75, "max": 41688824, "dmean2": 327643.6875, "median": 2915803.25, "dvar": 380199141376}, "spectral_energyband_low": {"dvar2": 2.44748684963e-06, "var": 4.64205913886e-06, "min": 6.74160908255e-23, "dmean": 0.000476631481433, "mean": 0.00134597241413, "max": 0.0250715389848, "dmean2": 0.000735404842999, "median": 0.00055892940145, "dvar": 1.06304594283e-06}, "spectral_rolloff": {"dvar2": 423583.5, "var": 1168524.375, "min": 21.533203125, "dmean": 301.547973633, "mean": 1689.41137695, "max": 18841.5527344, "dmean2": 489.754516602, "median": 1679.58984375, "dvar": 248554.609375}, "barkbands": {"dvar2": [2.97931173066e-08, 4.65901202062e-08, 1.29137492877e-06, 1.21170444345e-06, 1.51765800638e-06, 1.47081982504e-06, 2.4152379865e-06, 2.0099739686e-06, 2.1860630568e-06, 1.77404092483e-06, 2.18055859591e-07, 4.35411777744e-07, 1.24277107716e-06, 2.97214069178e-06, 8.74173508691e-07, 8.82788697254e-07, 6.12603116679e-07, 1.29778447899e-06, 7.62058959936e-07, 4.30275086671e-08, 7.39214600642e-09, 1.75770775712e-09, 7.00983715518e-10, 1.40074382649e-10, 1.13571391874e-12, 1.62232576141e-14, 2.48479307106e-18], "var": [2.37012159232e-07, 3.36273693335e-08, 2.89000877274e-06, 2.03799709197e-06, 2.19409412239e-06, 2.32230922848e-06, 5.08676794198e-06, 3.39891812473e-06, 2.99724410979e-06, 2.34059280046e-06, 4.92664923968e-07, 7.34102115985e-07, 1.36958556141e-06, 4.33502600572e-06, 1.4552687162e-06, 1.69792417637e-06, 9.80245545179e-07, 1.89124546068e-06, 1.61680918609e-06, 4.05715745444e-08, 1.09733759857e-08, 3.18792903187e-09, 1.22850818407e-09, 1.64329119756e-10, 1.31357739356e-12, 1.28385266624e-14, 6.40481605602e-19], "min": [1.29773748358e-23, 4.36890480626e-23, 1.12898254436e-23, 3.91064935331e-24, 4.47795819998e-23, 4.19995162629e-23, 5.80563256048e-23, 1.94980288697e-23, 2.05635985147e-23, 2.47422105069e-23, 2.09812940531e-23, 7.50345686602e-23, 3.64419564758e-23, 7.49430986605e-23, 8.39810401863e-23, 9.43200152932e-23, 1.18189437983e-22, 2.21990532683e-22, 1.67659460708e-22, 3.41361065835e-22, 4.35579053014e-22, 6.13664566451e-22, 5.84188886012e-22, 8.09497758937e-22, 1.15158727786e-21, 1.48223061438e-21, 2.29107602953e-21], "dmean": [0.000114560280053, 5.64063193451e-05, 0.000295604579151, 0.000327759800712, 0.000414053181885, 0.000384045910323, 0.000379715114832, 0.000298949016724, 0.000364354258636, 0.000180387913133, 0.000107050014776, 0.000155197747517, 0.000201556074899, 0.000401590164984, 0.00020766282978, 0.000221612426685, 0.000221807611524, 0.000275750237051, 0.000232840204262, 4.73821382911e-05, 2.16870448639e-05, 1.18028501674e-05, 6.42834629616e-06, 2.08892925002e-06, 2.96792364907e-07, 7.13076033776e-08, 4.31871760576e-10], "mean": [0.00117974169552, 9.60509642027e-05, 0.000607354624663, 0.000708844687324, 0.000967972737271, 0.000863249530084, 0.000810552970506, 0.000598588318098, 0.000781543494668, 0.000387239386328, 0.000230337740504, 0.00031399333966, 0.00037777677062, 0.000771268620156, 0.000371957634343, 0.000456785433926, 0.000475067878142, 0.00060756073799, 0.000559544132557, 9.7114520031e-05, 5.01774120494e-05, 2.76259816019e-05, 1.44340510815e-05, 4.74289072372e-06, 9.42875828969e-07, 2.15883162014e-07, 3.70689229312e-10], "max": [0.00459288852289, 0.00258184201084, 0.019671689719, 0.0168261267245, 0.023600468412, 0.0171988159418, 0.0376059599221, 0.036026392132, 0.025976376608, 0.0323626175523, 0.0206553395838, 0.0145289488137, 0.020387198776, 0.0352989137173, 0.0307986680418, 0.024009719491, 0.0129524897784, 0.0210788045079, 0.0180516168475, 0.00503463437781, 0.00259785586968, 0.0011245184578, 0.000646689673886, 0.000457828049548, 3.59849254892e-05, 1.3731684021e-06, 1.83472934623e-08], "dmean2": [0.000196550128749, 9.56900985329e-05, 0.000445851299446, 0.000509407953359, 0.000633925956208, 0.000589967065025, 0.000538289663382, 0.000425311125582, 0.000526172923855, 0.000254654674791, 0.000155602800078, 0.000229079436394, 0.000299740204355, 0.000594811164774, 0.000304904300719, 0.00032847688999, 0.000344942265656, 0.000427336082794, 0.000346645712852, 7.55557848606e-05, 3.30144503096e-05, 1.66801728483e-05, 9.19028298085e-06, 2.97283872897e-06, 4.65122894866e-07, 1.1741853001e-07, 7.94664112291e-10], "median": [0.0010816619033, 3.50653426722e-05, 8.80899897311e-05, 0.000168122409377, 0.000426278100349, 0.000283624860458, 9.89386317087e-05, 6.04177221248e-05, 0.000150563253555, 3.54652074748e-05, 4.70911363664e-05, 7.23152188584e-05, 6.44804385956e-05, 0.000115665679914, 8.21147768875e-05, 0.000111376633868, 0.000120422730106, 0.000146323844092, 0.000100707897218, 4.06074468629e-05, 2.12335398828e-05, 1.16180526675e-05, 5.40873043064e-06, 1.84259442904e-06, 6.80757580085e-07, 1.88317926586e-07, 9.03998265134e-11], "dvar": [1.0852386545e-08, 1.57244688381e-08, 6.12384553733e-07, 5.16843954301e-07, 6.28907571354e-07, 6.38773599348e-07, 1.23698646348e-06, 1.0311969163e-06, 1.01553234799e-06, 8.61077637637e-07, 1.1508701192e-07, 2.04769094125e-07, 5.32837532319e-07, 1.45564104059e-06, 4.61906893179e-07, 4.34193395904e-07, 2.61176495542e-07, 5.57012185709e-07, 3.51806022536e-07, 1.78843482246e-08, 3.42626416128e-09, 9.97031457395e-10, 3.90357940416e-10, 7.31704419277e-11, 5.82387707938e-13, 6.07888907058e-15, 7.99776739245e-19]}, "melbands_skewness": {"dvar2": 0.402338504791, "var": 1.14970910549, "min": -1.38152289391, "dmean": 0.405322760344, "mean": 1.67880177498, "max": 9.04646968842, "dmean2": 0.604821681976, "median": 1.55782771111, "dvar": 0.177166372538}, "barkbands_skewness": {"dvar2": 0.157992854714, "var": 0.989843130112, "min": -2.35803508759, "dmean": 0.291072845459, "mean": 0.925765275955, "max": 6.25539541245, "dmean2": 0.421258568764, "median": 0.823648393154, "dvar": 0.0804987773299}, "erbbands": {"dvar2": [3.37817618856e-06, 0.00564884254709, 0.877604305744, 6.83455657959, 12.8391008377, 30.959148407, 58.2084121704, 151.658752441, 174.719833374, 1485.2364502, 723.835998535, 845.644226074, 2604.28027344, 388.802947998, 307.669647217, 778.771728516, 1640.23376465, 6161.58691406, 3812.91870117, 2254.54638672, 1711.47485352, 1897.31115723, 2533.66088867, 2497.85180664, 867.036682129, 57.9391326904, 24.265499115, 7.99765539169, 2.55239748955, 1.43418896198, 0.53981667757, 0.144929781556, 0.0111050372943, 0.000403625512263, 1.09300508484e-05, 9.94388642539e-07, 1.67197242718e-08, 1.13376027316e-11, 8.20024256831e-12, 3.30017783934e-11], "var": [3.37919732374e-06, 0.00575864920393, 1.98789155483, 10.6917734146, 18.1556015015, 40.6726264954, 105.296005249, 180.030715942, 289.466888428, 4274.65820312, 1266.39587402, 1113.83374023, 2689.82739258, 829.321838379, 702.190551758, 1277.67822266, 2216.61450195, 10346.4726562, 4586.25292969, 4016.10546875, 3175.23828125, 3114.90039062, 4206.93017578, 5662.51220703, 1479.26965332, 69.2555541992, 30.0019989014, 10.5618715286, 4.4206237793, 2.27237200737, 0.956118524075, 0.204148575664, 0.0137540176511, 0.000561708118767, 1.32522027343e-05, 9.69951429397e-07, 1.19270389121e-08, 3.20340594329e-11, 5.98020938325e-11, 2.28739222008e-10], "min": [1.65247351251e-21, 8.26174586445e-21, 1.48396605789e-20, 1.37377800704e-20, 9.30262438773e-20, 1.63489999174e-19, 1.42109784333e-19, 3.27019728866e-19, 6.18491991294e-19, 6.88453118046e-19, 4.70984853464e-19, 4.61721257784e-19, 6.70305705985e-19, 8.54851355007e-19, 1.41040891206e-18, 3.07076698981e-18, 1.78196231319e-18, 3.36739499145e-18, 8.39471441121e-18, 5.23035193509e-18, 5.91338764051e-18, 7.33804080951e-18, 1.19399873556e-17, 1.15662382035e-17, 1.10308281812e-17, 1.49784426027e-17, 1.89098815073e-17, 1.59570832941e-17, 2.12077842859e-17, 2.03583938739e-17, 1.51279670789e-17, 1.83902846968e-17, 1.23324812475e-17, 9.87872109788e-18, 1.0145301557e-17, 4.59989224299e-18, 2.92888710999e-18, 1.17475384094e-18, 3.19971969102e-19, 3.28000280397e-20], "dmean": [0.000977615942247, 0.0186717938632, 0.237420663238, 0.797747254372, 1.11127102375, 1.61811971664, 2.23828434944, 3.46786665916, 3.48838400841, 8.49176120758, 5.87518215179, 6.66963720322, 7.96311426163, 3.8430519104, 4.07701158524, 6.16051387787, 8.0584526062, 17.2447109222, 13.3252372742, 10.4442281723, 10.966583252, 12.3831043243, 12.2687397003, 14.6380605698, 7.1985168457, 1.80703341961, 1.05712258816, 0.709775626659, 0.437439352274, 0.310904175043, 0.16678917408, 0.0720474272966, 0.0205984320492, 0.00520909577608, 0.00146584468894, 0.000544843322132, 6.96316128597e-05, 1.79476705853e-06, 1.33100468247e-06, 2.65821722678e-06], "mean": [0.00372925680131, 0.0359951332211, 0.510612249374, 1.77114844322, 2.48266434669, 3.57872056961, 4.96377658844, 7.41182041168, 7.70413780212, 18.7165546417, 12.7273435593, 14.310631752, 18.3363494873, 9.45246505737, 9.37453460693, 13.3690719604, 17.4932823181, 34.6465187073, 25.6888446808, 22.3993701935, 24.0376472473, 28.4554519653, 30.8335189819, 36.5541725159, 17.8332023621, 4.33717393875, 2.44001293182, 1.61603450775, 1.02956283092, 0.70052421093, 0.375581383705, 0.16250282526, 0.0487333871424, 0.0145865995437, 0.00499694049358, 0.00181578309275, 0.000200469497941, 7.47022750147e-06, 7.15803844287e-06, 1.40863185152e-05], "max": [0.0197420269251, 1.00012040138, 17.009223938, 36.1518630981, 68.1223373413, 102.791419983, 150.213516235, 195.623657227, 321.272521973, 1253.8840332, 717.607910156, 465.423095703, 1561.95227051, 596.817199707, 787.180297852, 617.817199707, 1046.98413086, 2068.79345703, 1040.41723633, 1437.12597656, 1118.33654785, 873.07208252, 1170.07922363, 1078.21923828, 810.495788574, 225.010467529, 175.125, 54.9963035583, 41.1111068726, 29.6667766571, 19.4210166931, 14.9413957596, 3.45343327522, 0.607209265232, 0.0945028364658, 0.0112817566842, 0.00171920564026, 5.242296902e-05, 6.06053545198e-05, 0.000119554009871], "dmean2": [0.00170467467979, 0.0308155491948, 0.362369567156, 1.23249459267, 1.72893357277, 2.47886109352, 3.45588493347, 5.331407547, 5.06806182861, 11.8528280258, 8.20961284637, 9.73767757416, 11.2717208862, 5.42683649063, 5.84457826614, 8.94325256348, 11.6335573196, 25.1137866974, 19.8466911316, 15.4657173157, 16.3834381104, 18.9900379181, 18.6673469543, 21.6080932617, 10.758898735, 2.77696943283, 1.62903821468, 1.05481255054, 0.622310221195, 0.442661672831, 0.236500874162, 0.099791161716, 0.0295624453574, 0.00794474128634, 0.00233183638193, 0.000896112818737, 0.000112579007691, 2.73011369245e-06, 1.7797918872e-06, 3.60198237104e-06], "median": [0.00314095197245, 0.011497002095, 0.0988374352455, 0.420900642872, 0.935127556324, 1.21917915344, 1.5931173563, 2.45305204391, 1.69822919369, 2.31960964203, 1.5634727478, 2.55404639244, 2.92922353745, 2.05540990829, 2.59124422073, 3.21056842804, 3.56268072128, 5.58094215393, 5.01055431366, 5.89635276794, 6.87996292114, 8.21672821045, 8.0679807663, 7.83762121201, 4.57604837418, 1.90326189995, 1.07645201683, 0.651533424854, 0.43981307745, 0.276937544346, 0.139053344727, 0.0565830096602, 0.0231638364494, 0.00940253771842, 0.0039950190112, 0.00156275671907, 0.000176723988261, 5.51860284759e-06, 3.98644351662e-06, 7.67541405367e-06], "dvar": [1.1647601923e-06, 0.00193560821936, 0.396575093269, 2.88524961472, 5.26572322845, 12.9179859161, 24.2683467865, 64.4001312256, 94.8691101074, 817.392089844, 380.669830322, 390.086608887, 1126.73583984, 222.490158081, 163.137588501, 357.385772705, 737.312072754, 3317.0769043, 1794.69116211, 1067.74572754, 805.118652344, 823.730285645, 1091.67834473, 1159.29431152, 379.236236572, 24.6011276245, 10.2511768341, 3.87362551689, 1.39751923084, 0.77581435442, 0.307333797216, 0.078673504293, 0.00602662051097, 0.000228133416385, 4.99807038068e-06, 3.85401222047e-07, 6.40734576507e-09, 5.12923340953e-12, 4.75375728365e-12, 1.8898424492e-11]}, "silence_rate_30dB": {"dvar2": 0, "var": 0, "min": 1, "dmean": 0, "mean": 1, "max": 1, "dmean2": 0, "median": 1, "dvar": 0}, "melbands_spread": {"dvar2": 119.248825073, "var": 400.944488525, "min": 2.01351118088, "dmean": 6.63993310928, "mean": 35.9509658813, "max": 173.875015259, "dmean2": 9.99637031555, "median": 32.5778045654, "dvar": 59.906463623}, "melbands_crest": {"dvar2": 13.5412378311, "var": 22.9426517487, "min": 2.76136183739, "dmean": 2.48142623901, "mean": 11.9928398132, "max": 34.2307167053, "dmean2": 4.00043535233, "median": 11.1259851456, "dvar": 5.35427856445}, "zerocrossingrate": {"dvar2": 9.5798925031e-05, "var": 0.000613078300375, "min": 0, "dmean": 0.00605503609404, "mean": 0.0582493618131, "max": 0.51171875, "dmean2": 0.00707740010694, "median": 0.05615234375, "dvar": 8.29739801702e-05}, "barkbands_kurtosis": {"dvar2": 4.71313667297, "var": 12.3163661957, "min": -1.88758814335, "dmean": 0.94458591938, "mean": 1.14927792549, "max": 40.7185020447, "dmean2": 1.40907239914, "median": -0.136273860931, "dvar": 2.21727514267}, "spectral_flux": {"dvar2": 0.000339257298037, "var": 0.000899576931261, "min": 1.04296911385e-10, "dmean": 0.00958608370274, "mean": 0.0427958406508, "max": 0.216605439782, "dmean2": 0.0151404105127, "median": 0.0345670357347, "dvar": 0.000141743032145}, "barkbands_crest": {"dvar2": 5.49341487885, "var": 22.2675495148, "min": 2.7617483139, "dmean": 1.62314450741, "mean": 10.1410531998, "max": 25.7033958435, "dmean2": 2.52648139, "median": 8.90080165863, "dvar": 2.40170621872}, "barkbands_flatness_db": {"dvar2": 0.000220233385335, "var": 0.000856693019159, "min": 0.0582970865071, "dmean": 0.0110455891117, "mean": 0.157664492726, "max": 0.303256899118, "dmean2": 0.0170057974756, "median": 0.155101060867, "dvar": 0.000103752186988}, "spectral_entropy": {"dvar2": 0.0224545076489, "var": 0.0842329785228, "min": 5.74131917953, "dmean": 0.0980604737997, "mean": 7.4252743721, "max": 9.80813980103, "dmean2": 0.14653904736, "median": 7.43594312668, "dvar": 0.0117456838489}, "pitch_salience": {"dvar2": 0.00450082542375, "var": 0.0141679877415, "min": 0.0797202736139, "dmean": 0.0495348647237, "mean": 0.538729727268, "max": 0.891650319099, "dmean2": 0.0782217010856, "median": 0.550383448601, "dvar": 0.00200074189343}, "erbbands_spread": {"dvar2": 57.0350608826, "var": 134.68560791, "min": 3.32980179787, "dmean": 4.99653530121, "mean": 32.4675559998, "max": 100.713195801, "dmean2": 7.60087776184, "median": 31.4702606201, "dvar": 24.618062973}, "dynamic_complexity": 5.61961984634, "spectral_contrast_valleys": {"dvar2": [0.348142176867, 0.201208949089, 0.169888213277, 0.133573934436, 0.0903455987573, 0.0729011446238], "var": [0.541712701321, 0.630765259266, 0.574519515038, 0.591326594353, 0.562647521496, 0.233002617955], "min": [-27.1914386749, -26.8319530487, -27.551235199, -27.2595481873, -27.3157958984, -27.3732643127], "dmean": [0.413041144609, 0.316076815128, 0.284819036722, 0.236388653517, 0.180498063564, 0.163678333163], "mean": [-8.71390628815, -7.67910289764, -8.23671150208, -8.117146492, -7.89474725723, -11.5068922043], "max": [-6.72209739685, -5.44656896591, -5.87090492249, -6.06219577789, -6.08081912994, -9.2807559967], "dmean2": [0.689347624779, 0.519083142281, 0.461984932423, 0.373258411884, 0.270519137383, 0.244395181537], "median": [-8.7067193985, -7.65661334991, -8.21443271637, -8.06022644043, -7.81354236603, -11.5627479553], "dvar": [0.169603705406, 0.117953926325, 0.110119998455, 0.0956027731299, 0.0814355611801, 0.0628591552377]}, "hfc": {"dvar2": 45.1586532593, "var": 275.502532959, "min": 1.12820050484e-16, "dmean": 2.74171376228, "mean": 12.0922737122, "max": 128.43901062, "dmean2": 3.65878176689, "median": 5.27505397797, "dvar": 25.0673542023}, "spectral_kurtosis": {"dvar2": 13.0998601913, "var": 7.27442455292, "min": -1.21245539188, "dmean": 2.16152310371, "mean": 4.9691119194, "max": 21.99036026, "dmean2": 3.81237888336, "median": 4.36252784729, "dvar": 4.18351793289}, "mfcc": {"mean": [-706.718444824, 129.181121826, -36.823802948, 37.2681083679, 2.28475451469, 1.75347113609, -7.79543209076, 5.24480772018, -9.84405326843, -0.26519536972, 1.27841925621, -2.3356013298, -4.56352996826], "cov": [[4324.62402344, 184.16583252, -962.775146484, 95.2939529419, -324.147460938, -324.649810791, -362.733032227, 148.555511475, -314.872772217, 74.677696228, 155.383422852, -105.876426697, -244.65020752], [184.16583252, 544.247741699, 38.4592781067, -23.9460277557, 4.45527124405, -118.875411987, -25.0431480408, -34.9963493347, -83.9828948975, -42.8485412598, 45.6772918701, -28.7051124573, -43.8766174316], [-962.775146484, 38.4592781067, 511.784210205, 66.5488891602, 71.0544509888, 71.5454788208, 49.2186698914, -37.3180885315, 21.7979564667, -55.1333274841, -56.1879463196, 29.7295284271, 49.1209259033], [95.2939529419, -23.9460277557, 66.5488891602, 274.655578613, 67.0029525757, -45.2652397156, -50.1475372314, -28.1589202881, 12.9540882111, -65.299079895, -43.7053070068, -13.1328163147, 6.42086982727], [-324.147460938, 4.45527124405, 71.0544509888, 67.0029525757, 189.189224243, 19.9161682129, -32.3890724182, -45.7493591309, 28.0406303406, -22.6536235809, -31.3954925537, -13.1454963684, 8.80746078491], [-324.649810791, -118.875411987, 71.5454788208, -45.2652397156, 19.9161682129, 195.11100769, 76.0008468628, -22.2383213043, 43.9586143494, 15.7658882141, -29.1630096436, 11.7108097076, 19.5517730713], [-362.733032227, -25.0431480408, 49.2186698914, -50.1475372314, -32.3890724182, 76.0008468628, 197.824783325, 25.1118221283, 21.9562892914, 4.18986463547, -12.9591503143, 27.5392723083, 26.2890262604], [148.555511475, -34.9963493347, -37.3180885315, -28.1589202881, -45.7493591309, -22.2383213043, 25.1118221283, 110.451133728, -2.66617512703, -1.2844312191, 5.02898311615, 5.49708890915, -11.5846481323], [-314.872772217, -83.9828948975, 21.7979564667, 12.9540882111, 28.0406303406, 43.9586143494, 21.9562892914, -2.66617512703, 130.6590271, 11.3933143616, -41.3570747375, -3.91328048706, 21.4493331909], [74.677696228, -42.8485412598, -55.1333274841, -65.299079895, -22.6536235809, 15.7658882141, 4.18986463547, -1.2844312191, 11.3933143616, 111.864021301, 35.5826034546, -14.2791233063, -14.1150884628], [155.383422852, 45.6772918701, -56.1879463196, -43.7053070068, -31.3954925537, -29.1630096436, -12.9591503143, 5.02898311615, -41.3570747375, 35.5826034546, 104.152023315, 7.57450437546, -31.1801757812], [-105.876426697, -28.7051124573, 29.7295284271, -13.1328163147, -13.1454963684, 11.7108097076, 27.5392723083, 5.49708890915, -3.91328048706, -14.2791233063, 7.57450437546, 83.9669113159, 27.3590717316], [-244.65020752, -43.8766174316, 49.1209259033, 6.42086982727, 8.80746078491, 19.5517730713, 26.2890262604, -11.5846481323, 21.4493331909, -14.1150884628, -31.1801757812, 27.3590717316, 90.7187805176]], "icov": [[0.00103503814898, -0.000445271463832, 0.00165851588827, -0.00126244500279, 0.00136196205858, -0.000594230834395, 0.00145856034942, -0.00107262062375, 0.00186763436068, -0.000844018824864, 0.000828887394164, -0.000192271720152, 0.000973431800958], [-0.000445271463832, 0.00313049717806, -0.00126532081049, 0.00163065071683, -0.000810286321212, 0.00239849789068, -0.00140340242069, 0.00212344084866, 3.61111087841e-05, 0.00200278568082, -0.00112893641926, 0.00130603509024, 0.000643759558443], [0.00165851588827, -0.00126532081049, 0.00520951440558, -0.00261957454495, 0.00164562941063, -0.00200038426556, 0.00201221532188, -0.00160351290833, 0.00305362325162, -0.000991961802356, 0.00193210330326, -0.00108271336649, 0.000823087466415], [-0.00126244500279, 0.00163065071683, -0.00261957454495, 0.00709032639861, -0.00267298589461, 0.0028983540833, -0.00147279619705, 0.00283007021062, -0.00263861590065, 0.00387071049772, -0.000179920883966, 0.00118117709644, -0.000468216720037], [0.00136196205858, -0.000810286321212, 0.00164562941063, -0.00267298589461, 0.00876670144498, -0.0016383882612, 0.00306173483841, 0.000459155067801, 0.00129189912695, -0.000524721341208, 0.00169413490221, 0.000391230860259, 0.0013297436526], [-0.000594230834395, 0.00239849789068, -0.00200038426556, 0.0028983540833, -0.0016383882612, 0.0094743994996, -0.00385073665529, 0.00372553081252, -0.0019168300787, 0.00066279276507, 0.000707867147867, 0.000360838050256, 0.000835099315736], [0.00145856034942, -0.00140340242069, 0.00201221532188, -0.00147279619705, 0.00306173483841, -0.00385073665529, 0.00926944427192, -0.00367696443573, 0.00198999373242, -0.00149898196105, 0.00149020680692, -0.00164731114637, -4.84086704091e-05], [-0.00107262062375, 0.00212344084866, -0.00160351290833, 0.00283007021062, 0.000459155067801, 0.00372553081252, -0.00367696443573, 0.0132688852027, -0.00229833484627, 0.00281156459823, -0.000357101962436, 0.000181985422387, 0.00151800224558], [0.00186763436068, 3.61111087841e-05, 0.00305362325162, -0.00263861590065, 0.00129189912695, -0.0019168300787, 0.00198999373242, -0.00229833484627, 0.013635517098, -0.00364406849258, 0.00484830792993, 0.000146820326336, 0.000836108927615], [-0.000844018824864, 0.00200278568082, -0.000991961802356, 0.00387071049772, -0.000524721341208, 0.00066279276507, -0.00149898196105, 0.00281156459823, -0.00364406849258, 0.0144944991916, -0.00554666714743, 0.00357392942533, -0.000210234007682], [0.000828887394164, -0.00112893641926, 0.00193210330326, -0.000179920883966, 0.00169413490221, 0.000707867147867, 0.00149020680692, -0.000357101962436, 0.00484830792993, -0.00554666714743, 0.0162478163838, -0.00405281176791, 0.00465873023495], [-0.000192271720152, 0.00130603509024, -0.00108271336649, 0.00118117709644, 0.000391230860259, 0.000360838050256, -0.00164731114637, 0.000181985422387, 0.000146820326336, 0.00357392942533, -0.00405281176791, 0.0157019849867, -0.00460636150092], [0.000973431800958, 0.000643759558443, 0.000823087466415, -0.000468216720037, 0.0013297436526, 0.000835099315736, -4.84086704091e-05, 0.00151800224558, 0.000836108927615, -0.000210234007682, 0.00465873023495, -0.00460636150092, 0.0162058509886]]}, "silence_rate_20dB": {"dvar2": 0, "var": 0, "min": 1, "dmean": 0, "mean": 1, "max": 1, "dmean2": 0, "median": 1, "dvar": 0}, "melbands_kurtosis": {"dvar2": 41.401424408, "var": 46.741153717, "min": -1.88051581383, "dmean": 2.28326511383, "mean": 4.21206569672, "max": 113.857574463, "dmean2": 3.47681093216, "median": 2.03027272224, "dvar": 17.2517433167}, "barkbands_spread": {"dvar2": 33.8131980896, "var": 148.313278198, "min": 3.50951600075, "dmean": 3.94401741028, "mean": 28.2440433502, "max": 99.335609436, "dmean2": 5.86709833145, "median": 26.8622817993, "dvar": 18.4551811218}, "erbbands_skewness": {"dvar2": 0.136797249317, "var": 0.403768092394, "min": -4.07407999039, "dmean": 0.274864315987, "mean": -0.336863726377, "max": 2.57454323769, "dmean2": 0.41954934597, "median": -0.325019240379, "dvar": 0.063683770597}, "average_loudness": 0.425607800484, "spectral_centroid": {"dvar2": 112814.367188, "var": 384845.25, "min": 103.56047821, "dmean": 207.199432373, "mean": 1761.52001953, "max": 11631.8095703, "dmean2": 308.842346191, "median": 1759.6875, "dvar": 67739.28125}, "dissonance": {"dvar2": 0.000503665301949, "var": 0.000455278670415, "min": 0.247735083103, "dmean": 0.0135428830981, "mean": 0.467431604862, "max": 0.499965459108, "dmean2": 0.0227310638875, "median": 0.471378684044, "dvar": 0.00018551661924}, "erbbands_flatness_db": {"dvar2": 0.000219673020183, "var": 0.00169164757244, "min": 0.0972497388721, "dmean": 0.0114999096841, "mean": 0.201848134398, "max": 0.398220151663, "dmean2": 0.0167140103877, "median": 0.198974356055, "dvar": 0.000117097180919}, "spectral_strongpeak": {"dvar2": 3.14380025864, "var": 2.66857361794, "min": 0, "dmean": 0.455415010452, "mean": 0.817567825317, "max": 15.6115465164, "dmean2": 0.765216946602, "median": 0, "dvar": 1.23086166382}, "spectral_rms": {"dvar2": 2.0373568077e-07, "var": 2.38806455855e-06, "min": 3.21996162372e-12, "dmean": 0.000283581553958, "mean": 0.00294881709851, "max": 0.00959446374327, "dmean2": 0.00038364448119, "median": 0.00247128098272, "dvar": 1.28929485754e-07}, "silence_rate_60dB": {"dvar2": 0.0882124230266, "var": 0.216909781098, "min": 0, "dmean": 0.0438719540834, "mean": 0.318031102419, "max": 1, "dmean2": 0.0877550989389, "median": 0, "dvar": 0.0419457294047}, "melbands": {"dvar2": [1.15948806112e-09, 1.25420314134e-07, 1.88378763255e-07, 8.27652897328e-08, 5.77534606805e-08, 6.45835456226e-08, 5.21355651983e-08, 1.54442389544e-07, 4.66654128672e-08, 3.83692544403e-08, 6.67650255082e-08, 1.02200665708e-08, 4.3819676776e-09, 4.44142100875e-09, 2.09956922959e-08, 9.23025478272e-09, 2.77764939938e-08, 1.58693751473e-08, 6.19212725539e-09, 5.0984105826e-09, 2.73584133126e-09, 2.02765115809e-09, 3.4396905324e-09, 4.39567893196e-09, 2.12784212472e-09, 1.48034784431e-09, 1.41334915993e-10, 2.19523427214e-11, 1.42781255569e-11, 4.80175491382e-12, 3.13173922559e-12, 1.05112413998e-12, 1.02038158738e-12, 4.17312424851e-13, 2.7279917149e-13, 9.89676141603e-14, 5.35213929111e-14, 8.39657831383e-15, 1.27571579246e-15, 1.96692988223e-16], "var": [1.26233357101e-09, 2.72580138017e-07, 3.11663001185e-07, 9.43573752465e-08, 1.08100444152e-07, 8.58112088054e-08, 8.36000069171e-08, 4.20847783289e-07, 8.33278619439e-08, 5.00266210679e-08, 7.1471845331e-08, 2.00945731166e-08, 1.03581614397e-08, 8.37152391853e-09, 2.37461428299e-08, 1.56848720678e-08, 4.04307058943e-08, 1.79198025307e-08, 1.16848246634e-08, 1.02157526882e-08, 4.13888923134e-09, 2.87556312095e-09, 4.29428848037e-09, 6.39764197174e-09, 4.30151558817e-09, 2.2293977775e-09, 1.692168905e-10, 2.008403166e-11, 1.45315348296e-11, 5.88664403681e-12, 3.2634797642e-12, 1.63420806835e-12, 1.26345689553e-12, 5.83309984516e-13, 3.76684713152e-13, 1.67929553726e-13, 5.8770269738e-14, 8.70539466793e-15, 1.41581027738e-15, 2.19060878429e-16], "min": [1.42760820661e-23, 9.06362052598e-24, 3.49379710719e-24, 1.13423596355e-23, 4.63240383347e-24, 8.22002845116e-24, 1.14532119477e-23, 6.83549394324e-24, 4.62570443223e-24, 2.40261551523e-24, 3.57070355127e-24, 3.47403140834e-24, 4.10182151065e-24, 5.15528095741e-24, 5.37562006343e-24, 3.65137838389e-24, 5.51404779735e-24, 1.53381838785e-23, 6.51348683818e-24, 7.43122434392e-24, 6.97719544992e-24, 7.27226413835e-24, 9.66088052796e-24, 1.07027819792e-23, 9.15750680662e-24, 6.19052363371e-24, 1.04732770983e-23, 9.99414270598e-24, 1.07330190177e-23, 8.80330510473e-24, 9.05121647711e-24, 1.13217167234e-23, 1.25431842159e-23, 1.06453962926e-23, 6.12107586949e-24, 1.36137639164e-23, 9.43985511295e-24, 8.15418302026e-24, 8.25525109057e-24, 7.99644633795e-24], "dmean": [1.44658997669e-05, 9.04919506866e-05, 0.000143180164741, 8.94895347301e-05, 7.73120700615e-05, 7.56688241381e-05, 6.04098822805e-05, 8.78400023794e-05, 4.85345626657e-05, 4.53001230198e-05, 4.05078244512e-05, 1.6868696548e-05, 1.46806132761e-05, 1.56905698532e-05, 2.33138762269e-05, 1.98430989258e-05, 3.51340677298e-05, 2.53011239693e-05, 1.69294908119e-05, 1.34036808959e-05, 1.41249283843e-05, 1.27759749375e-05, 1.33370504045e-05, 1.54331828526e-05, 1.2853656699e-05, 8.86593807081e-06, 2.85320538751e-06, 1.00511692835e-06, 7.47145122659e-07, 5.54765790639e-07, 4.01893089474e-07, 2.72395766387e-07, 2.45059510462e-07, 1.62735645404e-07, 1.10665133946e-07, 6.80777461071e-08, 4.04806286269e-08, 1.79187846783e-08, 7.52506412738e-09, 4.02819422263e-09], "mean": [6.9420748332e-05, 0.000193133339053, 0.000334501848556, 0.000204975120141, 0.000177464258741, 0.000165597259183, 0.000132541230414, 0.000191812432604, 0.000101959441963, 9.62104531936e-05, 9.23939805944e-05, 3.92060828744e-05, 3.22829037032e-05, 3.21433217323e-05, 4.42970158474e-05, 3.97985677409e-05, 6.68154243613e-05, 4.43143835582e-05, 3.13323762384e-05, 2.79143932858e-05, 2.74595349765e-05, 2.65845410468e-05, 2.82504770439e-05, 3.23709464283e-05, 2.99500297842e-05, 1.95559914573e-05, 5.78625849812e-06, 2.02425349016e-06, 1.56752321345e-06, 1.16145429274e-06, 8.35850926251e-07, 5.78600122481e-07, 5.13978136496e-07, 3.37854942245e-07, 2.30056045325e-07, 1.40808296578e-07, 8.34012681139e-08, 3.69709134418e-08, 1.71435807772e-08, 1.01311883327e-08], "max": [0.000460919225588, 0.00619374820963, 0.00556269148365, 0.00626578973606, 0.00460280012339, 0.00393741764128, 0.00573414098471, 0.0125164026394, 0.00505246501416, 0.00319339009002, 0.00754606164992, 0.0031106476672, 0.00332695338875, 0.001767321839, 0.00343352346681, 0.00264824111946, 0.0046295914799, 0.00214902730659, 0.0033381069079, 0.00200094515458, 0.00126477668528, 0.000868568720762, 0.00142528803553, 0.00115797005128, 0.00103574001696, 0.00106213008985, 0.000274063088, 0.000104050108348, 0.000113610098197, 4.52298227174e-05, 4.778298171e-05, 2.27995442401e-05, 2.92080057989e-05, 1.36081152959e-05, 1.363523279e-05, 1.24105827126e-05, 8.53196888784e-06, 2.82505698124e-06, 1.01211526271e-06, 4.13626338513e-07], "dmean2": [2.46829604293e-05, 0.000138575924211, 0.00022011710098, 0.000138263087138, 0.00011884142441, 0.000115814022138, 8.74929173733e-05, 0.000123382356833, 6.8064306106e-05, 6.57761047478e-05, 5.71820346522e-05, 2.38928914769e-05, 2.10774960578e-05, 2.29436009249e-05, 3.48710709659e-05, 2.84982652374e-05, 5.15891624673e-05, 3.79314769816e-05, 2.47682291956e-05, 1.93816831597e-05, 2.15494965232e-05, 1.97513054445e-05, 2.02649753192e-05, 2.40928784478e-05, 1.92199495359e-05, 1.31885190058e-05, 4.53052371086e-06, 1.59605087902e-06, 1.18871776067e-06, 8.56664883031e-07, 6.15141061644e-07, 3.93325990444e-07, 3.6233060996e-07, 2.38965299104e-07, 1.609937783