{"tonal": {"thpcp": [1, 0.70326256752, 0.26205059886, 0.349807471037, 0.270629912615, 0.264786481857, 0.501842319965, 0.379747360945, 0.214668482542, 0.304505079985, 0.234731420875, 0.261809408665, 0.429752767086, 0.361218959093, 0.370766252279, 0.61586779356, 0.503996253014, 0.248382031918, 0.22113583982, 0.244038879871, 0.473865002394, 0.781142771244, 0.575375258923, 0.281126976013, 0.294810712337, 0.282139211893, 0.413631975651, 0.593205571175, 0.451955169439, 0.374776870012, 0.470160573721, 0.315379887819, 0.177686914802, 0.190964594483, 0.144838452339, 0.459735363722], "hpcp": {"dmean2": [0.0935961529613, 0.0818778350949, 0.141167417169, 0.211812704802, 0.183570757508, 0.121496036649, 0.13060683012, 0.119359910488, 0.119092725217, 0.154055908322, 0.129604429007, 0.093772418797, 0.115104444325, 0.105692088604, 0.109901048243, 0.162554606795, 0.164321660995, 0.193358808756, 0.24115653336, 0.208408176899, 0.160069853067, 0.154234930873, 0.175683096051, 0.231333643198, 0.256472945213, 0.225391864777, 0.163225501776, 0.148941382766, 0.157344609499, 0.191842094064, 0.238512843847, 0.205070927739, 0.17646600306, 0.197932809591, 0.154911920428, 0.109668664634], "median": [0.00749754812568, 0.00608028564602, 0.0439756512642, 0.107124976814, 0.0804341137409, 0.0175586491823, 0.00679412577301, 0.00786060839891, 0.0204604677856, 0.0230424571782, 0.0175053365529, 0.0136740934104, 0.0081068854779, 0.00913379713893, 0.0175296533853, 0.0285075902939, 0.0253793932498, 0.0391618721187, 0.0591847226024, 0.046836130321, 0.0118392622098, 0.00503166764975, 0.00729880668223, 0.0524333119392, 0.0978568047285, 0.0723949223757, 0.0193008966744, 0.00995030626655, 0.0115458862856, 0.0315085202456, 0.0497854202986, 0.0390406399965, 0.0252714902163, 0.0251349378377, 0.01973034814, 0.0101515129209], "min": [0, 0, 0, 0, 0, 0, 0, 0, 0, 0, 0, 0, 0, 0, 0, 0, 0, 0, 0, 0, 0, 0, 0, 0, 0, 0, 0, 0, 0, 0, 0, 0, 0, 0, 0, 0], "dvar2": [0.0451119989157, 0.0366911441088, 0.0449216924608, 0.0944298133254, 0.0619154088199, 0.0478435941041, 0.0669552013278, 0.0533437505364, 0.041228748858, 0.0679445490241, 0.0485317334533, 0.030443366617, 0.0519880205393, 0.0419640615582, 0.0399433039129, 0.0692245438695, 0.0689288675785, 0.0832611992955, 0.102598659694, 0.0884685590863, 0.0851935818791, 0.0868288725615, 0.09663669765, 0.104144588113, 0.109327077866, 0.0938172265887, 0.0680912658572, 0.0698728039861, 0.0728061050177, 0.0874326080084, 0.111721254885, 0.0868093892932, 0.0784303545952, 0.10617981106, 0.0719052329659, 0.0551248006523], "dvar": [0.0186597518623, 0.0136577859521, 0.017535964027, 0.0460128933191, 0.0272011607885, 0.0176666658372, 0.029864564538, 0.0215885825455, 0.016352519393, 0.0334641635418, 0.0217433888465, 0.0123794842511, 0.0240107346326, 0.017051436007, 0.0174824502319, 0.0309118870646, 0.0277880765498, 0.0315233543515, 0.0466297641397, 0.0367714390159, 0.0335290580988, 0.0344332903624, 0.0362737067044, 0.0404586009681, 0.051490906626, 0.0383971519768, 0.025741443038, 0.0289965458214, 0.028064597398, 0.0354607403278, 0.0481108166277, 0.0365301705897, 0.0333666428924, 0.0449758470058, 0.0270488988608, 0.0193017814308], "dmean": [0.0539625585079, 0.0466703958809, 0.0843474119902, 0.128014117479, 0.111729770899, 0.0716425403953, 0.0784592181444, 0.0704375952482, 0.0712912380695, 0.095718421042, 0.0809356868267, 0.0550848469138, 0.0687365606427, 0.0625502690673, 0.0668578594923, 0.0982578098774, 0.0965921580791, 0.110943198204, 0.14305742085, 0.125834867358, 0.0914287939668, 0.0866124406457, 0.0974172353745, 0.134676486254, 0.155871108174, 0.134225547314, 0.0928389430046, 0.0853826776147, 0.089944139123, 0.112573564053, 0.141003012657, 0.121098533273, 0.104370348155, 0.117435649037, 0.0911219716072, 0.0609666109085], "max": [1, 1, 1, 1, 1, 1, 1, 1, 1, 1, 1, 1, 1, 1, 1, 1, 1, 1, 1, 1, 1, 1, 1, 1, 1, 1, 1, 1, 1, 1, 1, 1, 1, 1, 1, 1], "var": [0.0281782019883, 0.0156768299639, 0.0400189943612, 0.154814884067, 0.0796327739954, 0.0255072265863, 0.0639875084162, 0.0360623300076, 0.0227829944342, 0.0829695165157, 0.0501032620668, 0.020218661055, 0.051729388535, 0.0263931490481, 0.0297202412039, 0.0630450025201, 0.0434711687267, 0.0379957295954, 0.0852406397462, 0.0614277385175, 0.0323956906796, 0.0333609469235, 0.0348625145853, 0.0525520145893, 0.109339803457, 0.0667731463909, 0.0296098794788, 0.0462682209909, 0.0350135602057, 0.0539340600371, 0.0865501835942, 0.0536006130278, 0.0491823479533, 0.0766533464193, 0.037872672081, 0.0182589516044], "mean": [0.0633001253009, 0.0480104275048, 0.15239110589, 0.331475704908, 0.23311445117, 0.0868634060025, 0.115952678025, 0.0897072404623, 0.0877702832222, 0.166348531842, 0.125877022743, 0.0711573883891, 0.100936040282, 0.0778077617288, 0.0867834538221, 0.142452597618, 0.119735307992, 0.122900001705, 0.204145208001, 0.167062520981, 0.082332611084, 0.0733011588454, 0.080892957747, 0.157074734569, 0.258929848671, 0.190722927451, 0.0931867584586, 0.0977225899696, 0.0935222953558, 0.137108951807, 0.19663323462, 0.149812161922, 0.124229423702, 0.15584680438, 0.104540772736, 0.0588988959789]}, "tuning_equal_tempered_deviation": 0.0450352244079, "chords_changes_rate": 0.0890034362674, "key_key": "D#", "tuning_diatonic_strength": 0.475385814905, "key_scale": "major", "chords_number_rate": 0.00274914084002, "tuning_frequency": 445.627075195, "tuning_nontempered_energy_ratio": 0.662209272385, "chords_histogram": [16.2027492523, 5.5326461792, 18.7113399506, 1.54639172554, 1.03092777729, 0, 0.75601375103, 0.44673538208, 3.12714767456, 1.04811000824, 0.103092782199, 0.73883163929, 0.927835047245, 0.0515463910997, 0.412371128798, 3.83161520958, 2.88659787178, 3.43642616272, 5.20618534088, 6.2371134758, 5.72164964676, 6.8213057518, 4.19244003296, 11.0309276581], "key_strength": 0.754003047943, "chords_key": "A#", "chords_strength": {"dmean2": 0.0104168187827, "median": 0.426348984241, "min": -1, "dvar2": 0.000738893460948, "dvar": 0.00041733821854, "dmean": 0.0107057727873, "max": 0.737822473049, "var": 0.0185846034437, "mean": 0.420191824436}, "chords_scale": "major", "hpcp_entropy": {"dmean2": 0.869890511036, "median": 1.73784220219, "min": 0, "dvar2": 0.545133292675, "dvar": 0.212521836162, "dmean": 0.518369853497, "max": 4.63233375549, "var": 0.588292956352, "mean": 1.71224713326}}, "metadata": {"audio_properties": {"equal_loudness": 0, "codec": "flac", "downmix": "mix", "sample_rate": 44100, "analysis_sample_rate": 44100, "bit_rate": 0, "md5_encoded": "d6278c18646b54b8c392dc05d79637b1", "length": 270.226654053, "replay_gain": -7.95485687256, "lossless": true}, "version": {"essentia_build_sha": "cead25079874084f62182a551b7393616cd33d87", "essentia": "2.1-beta2", "extractor": "music 1.0", "essentia_git_sha": "v2.1_beta2-1-ge3940c0"}, "tags": {"title": ["Moment's Notice"], "language": ["English"], "media": ["CD"], "albumartist": ["Chick Corea"], "tracktotal": ["7"], "musicbrainz_releasegroupid": ["e194697f-af7a-3c6b-84ad-f31fe7870724"], "releasetype": ["album", "compilation"], "musicbrainz_recordingid": ["12d14ccd-5259-4bbb-89a8-957d8adea935"], "musicbrainz_albumartistid": ["8446fcca-109e-4c6d-a2ff-5a269b32b4c2"], "originalyear": ["1998"], "acoustid_fingerprint": ["AQADtNuSZE8iBQ9YHj1szXBv9NiV48iVCn-GK8_QznC-4x46Hw-FGzryxUf3Gb7Rn8cT5viH_hn8FGV3HD-uLLjCWEEYHZqu4Axy_C9-PDq-BPXQfDlyRArHxegTxKkJKZLyCWmdCrsa9IyKM10ufEuPJonESEOfSVJwoT8aTymeG8-Nn9M0HGGOZP4wWniTHHceoc9RRj2-JMcT9EFTKsX94AkvPB--_OiTojkiipmFK3oSQu-D7mi6H_eJ_Ar-YA9cKuDE4Hsxw3UOHd-NiqnRPHgO9EFoB0moJEl-hEpI9RCfTAmypwLDHsePKUmWXLgZJvCP8vmQfMgVKZmIehGToLlTPD_OLMfpDBVzNMlwHVfQcEdNtngi9Bido0pyKszAMjmUZ6iDprpw5UkSPDmOOoXLofh_XLlzjOkz8DmD6DqS_fCNL3rglB2q9MEVjmhGkUOZL0dyG_mIaydq9WhGevgSPcSnIhdpqPYSIb-FS9EoHJcUNA96HVeUcDEe7bg-OObxuDS-4Y2DO8eOUiKReVkI3SJeHc8yOM5y6BeiXUG9C-VK-OHQRsJzPD9CbaSgL4qEO8lwCfuiwCekPDvy69ifIP8hhumR5_hxBXVmocZ_FQ33IKRsJNd-XBmeEXbY4jsO7xm-JWowJjx45vDDBztyiL2M6HQiPIf1HHyOXAx8RNbxFw2PSl2OKrMFN0JfhD_0IM8CN5F0JLPGI8-ERokrlGc0_Gj-GPXx9EgrJD-Ofwme6ThTC6W1IYzD5NCjXEKYByUj9HCk_dj0IJYU7UTyw09kTM8T9ISnIOwyXDKhvwm0pG9QZUqUIN8B_wl6rUOY5hDCTBLKPPgsNM8RioKcJU-OUMvRzMOB8RS65Lj4gaqyxOhr8MFpWCGDPDidJqia4eHhZ0cPRQgzHa_Q9DhzHT4efmiK5NEQn2iOrsqFT9nRZ0fDTCpOHrmOfjquKCwc8wbayMd1_ND6HLP8oe-J_EfPIT38Hb44TL9QK8LFLcZ3fBf-OMM9iM-L6nh8hNzR_Dr-GMf5ot7h4x0-BkePH1eRV2ioHkeuH_nh3MgzvIaXjDj-B37QJ8Se4zqDJ1F-6Duc_PgV_An26BpxlUcOv1BJZYcaJjpySWh_XMR72CH8o95wFs1RHs_xD81EpULoEOqP3AuamOhZXMeTaBT-4Giuo3JU_DjVIj_0H2GWBz--5fjR33hxBU_QLEnyTCj14Ud_pD3K1VC5x4gTPvjRq4R7XAqLPNMD7UuOPMN5_GjOChVJMXiWRMaRxzk-En2ywf0SSYgZvAmq4-JxvTl-G2H-IFlz4UvQPD76KHhEomjGHn9uOFpPfCuDUE-PMMd3PAxyCnqCnExFPE_wSziaGs-Seig74xtyJE8-XIzR77iEKjf6wL_RH_kDTRJSJUmCW0d4B8mLc8rRLdETo4lyIgw0ssjzo-kTVEyOJ_gRRs2OpDw8JZlF-KgUspIQ_kaynMeXJDsqHs1z4m6DT0S5BOaDnC-0HGqeIg-RXkfyE88OG3sV2AL_4DaoJ_jhKT6e4EWyXKkQig2zYMwSWfjxEO-Md0PjNkOP_IFuIk8ToWkU-aiiL_hVPFsQMssSTMGVF_nxTtiSTcnxB8-OkuGEpp8QZ3Gh6Tv8HD2h59iRhcrwXnAVHVXoDV_ICX_AXGiaJIoVXDaqJyLCrBOmsMqiDKGklFJw7QgD5RPSPQJVBY-OZ8KZB1Vy4WQleKKe4Dh-cNmdIGHE_siTB3-C2kSTJsuW4Lkz8EpyMFnR5vgefDl-nBaS5kV8THk2lHqEJ2dw5vAVHRWJRstxMTu-LEWYPSM05Cku53ga5DnUXGEQt4mDZjlK5sLx45OOmCGuQBP9wUqSHDnzFL8UIR-mp_iRp_h3_MFPDb2kwskvXNTxRyiPH8lzItOkjsHHB09OTEfz7PiA_2h3YsqYJwP3PPiPdUdlH1o64ZIcHF_hJWKWKMG_wMdhjc9wJpGQ_MhtPAyaTwn6zEFyHdF_nMOPMQ-aHKV-PAmeF_uNPkbzmXhu1HoDPwX1IxkdnCMiPw6eNklRzxHC6MeJ5Mp4fGEquMqD_miu4KTQuNwRLtIjaMzyCmEePMkTXIivXJjWCWKcHWVCGXySxcGDKXGgKVH8IefhS8WP40edpkHzK3gzUoic5YFO49IRiklE3EwW_EsG56g2isL9JPjR5MH0DA9UHU-SB6cuoTmXZDiaX3hGNG1QJQ3yXNDxlMcXpaiToTluxGOd4IliTWh6RXhiVfBz7InyoFmSC9fK4Mnh_-DZFsmjJQ7i56CS5sHxHMOV6WjqoMyHP3gRhx2SJQ96VcpwZXiyfLiTED3RVMaTHz-D_ILuG5OUHc02iXiEfjvCyLiP8gka6sLRVMgXJMuFCy8qnceP34LPhAqSqckR87g4wWrwp7i0J2hEHeGFxA9-wcofvOnxRRGs4wtuo0kbB8m-I71FPMSbw5Pwo5uOo-qwLwhfJONx5fgj5IR4XMF3pIzo4EfuIeGDM_jRPFmDfsPxH2UyH_Zz1I4UIeczJE9x481i4zy8KNlx6XiYHOIp4-iTw__QJHeCS0mOMhHRPDicJ_i249cw5Ue_EWyWcVizXUGY-kj2XES_V2huXGjeoY6uIE50IZk-NO9C3Gjao86mDc-O9EwIXbnwJE8kNFEZoS-epA50KegVpCpCbeHxJsFFC1cgHs8R-UcvBa5yo07CbnjaBtk24syzwoeehLiM02hipUH4DM8oHKfoWGiepagf43iOH7uGhGMU5Mlw4Qr6o_lxBQ_RPDxCJTxU-QnCJmmDZpKP3fiLRE84AsAwdkQBpxAgAghCEFJKACQEAEoZYZBjCBEAjRMJCIcItIw4oqQgADDBkDIAEABEBQIAohgjSlqggCEICWCUQEAwIhQwCgBmkIKIIKeQIEIxAyUAAAKBhACEAAIYYlACRAgATgAEpCMAAACAIEAxYRRiBBmAjBLEAOYAAYgiYRARBADgGAIEIAcQMpYACQEwDCkBhFFCGGKAEEoKxwAgygAAKgJMAAEQAJosQwUBBBqjGIJCEASWAko4QoxTBjgREBAECIIUEVBAYYhwhAChJBGCMYcEAcopBwzAQAGDgMAAMEIAYoJgEgQAhBDhgBMAKYMIAAAQ44AAAhFCGDFGEEEB0gAgIQAjlghiiSEYCAKUFQJRIEVRCChBHCGCCIAkQUAwIwASIgkgAELEAQSqoIAS4YAljFBBghIAIAUkgAohQAlBAkKiHFQIGIUYsMgIQgQxzggAFTHKCAOcEAAYoBRBQChggBDCCISkMkwQ5xgDgCWBgABEAKOEFEApBARhihDFmGQEWGSAEAQAAgQUCkAFiAPOQcAockwRR5wjhEkmAREISIaIMsBAQ5RQAgABkWAAAIIUIoRBpxQFCBigEIECAEQQAQAgQBASkkEGFTGASOAkUMYZgggTBAkOqBDQCCGAksIiA4ARBgAhAECGOYeMAAQYIhgjBBligBDICgQKEwoIgKDVRgAAgCNIQQEQYcQgJRAAgFBDEGKECIKMEggQoBBCgiBAioECKpQwMAIAxKAgSBAmnHFEMCAEQwgJygFAoADBDDOAEU4EQIAQQ0CzhDGknAGgAKIUIYgoRARigAEDEWEEAUOMIwIYBQwgQCHCDADAAeAQIYgBQ4SRB3AlmDEAKQiQBAApICAhCCChBAICAEQEBcgZQQQBDrEjHBDKCCEEIABYRhwSkDAEiDECImKYRUg5CZBAgABIECWEAOBI4MAYQkShyhADkDICISEA"], "discnumber": ["1"], "totaldiscs": ["1"], "releasecountry": ["US"], "file_name": "03 - Moment's Notice.flac", "compilation": ["1"], "originaldate": ["1998-09-29"], "albumartistsort": ["Corea, Chick"], "date": ["1998-09-29"], "genre": ["Jazz"], "disctotal": ["1"], "musicbrainz_artistid": ["8446fcca-109e-4c6d-a2ff-5a269b32b4c2"], "asin": ["B00000BIE5"], "musicbrainz_albumid": ["b2261853-1fdd-4d79-b840-8d120668c361"], "musicbrainz_releasetrackid": ["6e5e5ced-cb9d-3774-99be-0f4e0e41723b"], "artist": ["Chick Corea"], "tracknumber": ["4"], "artistsort": ["Corea, Chick"], "album": ["The Gold Collection"], "label": ["Fine Tune"], "releasestatus": ["official"], "acoustid_id": ["2e4c69e4-a912-4c21-a7ad-d16645e23858"], "script": ["Latn"], "totaltracks": ["7"]}}, "rhythm": {"bpm_histogram_first_peak_bpm": {"dmean2": 0, "median": 112, "min": 112, "dvar2": 0, "dvar": 0, "dmean": 0, "max": 112, "var": 0, "mean": 112}, "bpm": 112.304954529, "bpm_histogram_second_peak_spread": {"dmean2": 0, "median": 0.147058784962, "min": 0.147058784962, "dvar2": 0, "dvar": 0, "dmean": 0, "max": 0.147058784962, "var": 0, "mean": 0.147058784962}, "bpm_histogram_first_peak_weight": {"dmean2": 0, "median": 0.318446606398, "min": 0.318446606398, "dvar2": 0, "dvar": 0, "dmean": 0, "max": 0.318446606398, "var": 0, "mean": 0.318446606398}, "onset_rate": 4.38120222092, "beats_position": [0.394739210606, 0.789478421211, 1.18421769142, 1.59056687355, 1.99691605568, 2.40326523781, 2.80961441994, 3.21596360207, 3.62231278419, 4.04027223587, 4.43501138687, 4.841360569, 5.24770975113, 5.65405893326, 6.04879808426, 6.45514726639, 6.84988641739, 7.26784563065, 7.67419481277, 8.08054447174, 8.48689365387, 8.98612213135, 9.49696159363, 10.0078001022, 10.5418596268, 11.0759181976, 11.5983667374, 12.1208162308, 12.6548748016, 13.1889343262, 13.722992897, 14.2570514679, 14.7911109924, 15.3251695633, 15.8476190567, 16.3700675964, 16.8925170898, 17.4149665833, 17.9258041382, 18.4482536316, 18.970703125, 19.5047607422, 20.0388202667, 20.5844898224, 21.037279129, 21.4900684357, 21.942855835, 22.4188652039, 22.8832645416, 23.3244438171, 23.7656230927, 24.3112926483, 24.8569602966, 25.4142398834, 25.9715194702, 26.5171871185, 27.0512466431, 27.5736961365, 28.0961437225, 28.6185932159, 29.1410427094, 29.6751022339, 30.1975498199, 30.7199993134, 31.2540588379, 31.7881164551, 32.3337860107, 32.9026756287, 33.4715652466, 34.0404510498, 34.5977325439, 35.1550102234, 35.7122879028, 36.269569397, 36.8036270142, 37.3376846313, 37.883354187, 38.4290237427, 38.9746932983, 39.520362854, 40.0776405334, 40.5188217163, 40.9599990845, 41.4011802673, 41.8423576355, 42.2835350037, 42.7247161865, 43.1426734924, 43.5954627991, 44.0366439819, 44.5939216614, 45.1628112793, 45.7200889587, 46.3005905151, 46.8578681946, 47.415145874, 47.9724235535, 48.5180931091, 49.052154541, 49.5978240967, 50.1318817139, 50.6659393311, 51.2000007629, 51.7340583801, 52.2448959351, 52.7673454285, 53.3130149841, 53.8354644775, 54.3579139709, 54.8803634644, 55.4028091431, 55.936870575, 56.4709281921, 57.0049858093, 57.550655365, 58.1079368591, 58.6536026001, 59.2108840942, 59.7681617737, 60.3370513916, 60.9059410095, 61.463218689, 62.0204963684, 62.6009979248, 63.1814956665, 63.7619934082, 64.3076629639, 64.8533325195, 65.4222183228, 65.9911117554, 66.5251693726, 67.0592269897, 67.5932846069, 68.1273422241, 68.6497955322, 69.1722412109, 69.7062988281, 70.2287521362, 70.7511978149, 71.2852630615, 71.8077087402, 72.3301544189, 72.8642196655, 73.3982772827, 73.9207229614, 74.4431762695, 74.9656219482, 75.488067627, 76.0105209351, 76.5329666138, 77.0670318604, 77.5894775391, 78.1119232178, 78.6459884644, 79.1800460815, 79.7141036987, 80.2481613159, 80.7822189331, 81.3046722412, 81.8155059814, 82.3379592896, 82.8487930298, 83.3828582764, 83.9169158936, 84.4393615723, 84.9618148804, 85.4958724976, 86.0299301147, 86.5639877319, 87.0980453491, 87.6204986572, 88.1313400269, 88.6537857056, 89.1994552612, 89.7567367554, 90.3140106201, 90.8712921143, 91.4169616699, 91.9510192871, 92.4850769043, 93.0191345215, 93.5648040771, 94.1104736328, 94.64453125, 95.1902008057, 95.7358703613, 96.281539917, 96.8504257202, 97.4193191528, 97.9882049561, 98.5570983887, 99.1259841919, 99.6716537476, 100.217323303, 100.762992859, 101.308662415, 101.85433197, 102.400001526, 102.957275391, 103.502944946, 104.048614502, 104.582672119, 105.105125427, 105.627571106, 106.161628723, 106.718910217, 107.276191711, 107.821853638, 108.367523193, 108.913192749, 109.447257996, 109.992919922, 110.526985168, 111.061042786, 111.595100403, 112.117546082, 112.651611328, 113.174057007, 113.696502686, 114.218955994, 114.741401672, 115.26385498, 115.797912598, 116.331970215, 116.866027832, 117.38848114, 117.910926819, 118.433380127, 118.955825806, 119.489883423, 120.02394104, 120.569610596, 121.103668213, 121.637733459, 122.160179138, 122.694236755, 123.216690063, 123.739135742, 124.273193359, 124.807250977, 125.352920532, 125.898590088, 126.455871582, 127.013153076, 127.558815002, 128.104492188, 128.638549805, 129.172607422, 129.706665039, 130.240722656, 130.774780273, 131.308837891, 131.842895508, 132.376953125, 132.899414062, 133.43347168, 133.955917358, 134.489974976, 135.035644531, 135.581314087, 136.115371704, 136.649429321, 137.183486938, 137.717544556, 138.251602173, 138.808883667, 139.366165161, 139.923446655, 140.457504272, 141.014785767, 141.560455322, 142.106124878, 142.640182495, 143.185852051, 143.708297729, 144.242355347, 144.776412964, 145.333694458, 145.867752075, 146.401809692, 146.947479248, 147.493148804, 148.027206421, 148.561264038, 149.095321655, 149.629379272, 150.140228271, 150.66267395, 151.17350769, 151.695953369, 152.218414307, 152.740859985, 153.251693726, 153.785751343, 154.30821228, 154.830657959, 155.364715576, 155.898773193, 156.421218872, 156.932067871, 157.45451355, 157.988571167, 158.499404907, 159.010253906, 159.544311523, 160.078369141, 160.600814819, 161.123260498, 161.657318115, 162.179763794, 162.702224731, 163.213058472, 163.747116089, 164.281173706, 164.815231323, 165.337677002, 165.860137939, 166.394195557, 166.916641235, 167.439086914, 167.949935913, 168.460769653, 168.971603394, 169.482452393, 170.004898071, 170.52734375, 171.03817749, 171.560638428, 172.071472168, 172.593917847, 173.116363525, 173.638824463, 174.149658203, 174.672103882, 175.194549561, 175.717010498, 176.239456177, 176.761901855, 177.295959473, 177.818405151, 178.352462769, 178.886520386, 179.420593262, 179.94303894, 180.488708496, 181.022766113, 181.55682373, 182.090881348, 182.624938965, 183.158996582, 183.693054199, 184.215499878, 184.737960815, 185.272018433, 185.817687988, 186.374969482, 186.943847656, 187.489517212, 188.035186768, 188.569244385, 189.103302002, 189.637359619, 190.183029175, 190.705490112, 191.227935791, 191.75038147, 192.284439087, 192.806884766, 193.317733765, 193.840179443, 194.351013184, 194.885070801, 195.419128418, 195.929977417, 196.464035034, 196.986480713, 197.52053833, 198.042984009, 198.553833008, 199.087890625, 199.621948242, 200.156005859, 200.690063477, 201.212509155, 201.734954834, 202.257415771, 202.77986145, 203.302307129, 203.824752808, 204.358810425, 204.892883301, 205.415328979, 205.937774658, 206.471832275, 207.005889893, 207.528335571, 208.050796509, 208.584854126, 209.118911743, 209.641357422, 210.163803101, 210.697860718, 211.220306396, 211.742767334, 212.276824951, 212.810882568, 213.344940186, 213.867385864, 214.389831543, 214.91229248, 215.434738159, 215.957183838, 216.479629517, 217.013687134, 217.547744751, 218.081817627, 218.615875244, 219.149932861, 219.707214355, 220.252868652, 220.798538208, 221.355819702, 221.878265381, 222.400726318, 222.934783936, 223.468841553, 224.00289917, 224.536956787, 225.071014404, 225.593460083, 226.139129639, 226.673187256, 227.207244873, 227.764526367, 228.321807861, 228.855865479, 229.413146973, 229.958816528, 230.504486084, 231.05015564, 231.584213257, 232.129882812, 232.66394043, 233.209609985, 233.755279541, 234.289337158, 234.823394775, 235.357452393, 235.89151001, 236.425567627, 236.971237183, 237.516906738, 238.050964355, 238.573425293, 239.095870972, 239.61831665, 240.140762329, 240.663208008, 241.197280884, 241.742950439, 242.277008057, 242.799453735, 243.321899414, 243.855957031, 244.390014648, 244.924072266, 245.458129883, 246.015411377, 246.549468994, 247.083526611, 247.617584229, 248.163253784, 248.732147217, 249.301040649, 249.904754639, 250.508468628, 251.100585938, 251.692687988, 252.273193359, 252.86529541, 253.45741272, 254.049514771, 254.548751831, 255.047973633, 255.558822632, 255.953552246, 256.359893799, 256.766265869, 257.172607422, 257.567352295, 257.950469971, 258.345214844, 258.72833252, 259.111480713, 259.494598389, 259.877716064, 260.353729248, 260.829742432, 261.317352295, 261.816589355, 262.315826416, 262.803436279, 263.31427002, 263.825134277, 264.335968018, 264.800354004, 265.264770508, 265.729156494, 266.205169678, 266.681182861, 267.157196045, 267.633178711, 268.109191895, 268.585205078, 269.061218262, 269.537231445], "beats_loudness": {"dmean2": 0.0384417809546, "median": 0.0260208360851, "min": 0, "dvar2": 0.00191598397214, "dvar": 0.000627491797786, "dmean": 0.021541532129, "max": 0.181819543242, "var": 0.000723982579075, "mean": 0.0317976027727}, "danceability": 1.16999030113, "bpm_histogram_second_peak_weight": {"dmean2": 0, "median": 0.0563106797636, "min": 0.0563106797636, "dvar2": 0, "dvar": 0, "dmean": 0, "max": 0.0563106797636, "var": 0, "mean": 0.0563106797636}, "beats_count": 516, "bpm_histogram_second_peak_bpm": {"dmean2": 0, "median": 117, "min": 117, "dvar2": 0, "dvar": 0, "dmean": 0, "max": 117, "var": 0, "mean": 117}, "bpm_histogram_first_peak_spread": {"dmean2": 0, "median": 0.580562710762, "min": 0.580562710762, "dvar2": 0, "dvar": 0, "dmean": 0, "max": 0.580562710762, "var": 0, "mean": 0.580562710762}, "beats_loudness_band_ratio": {"dmean2": [0.52630764246, 0.252454251051, 0.38492590189, 0.258454918861, 0.0933300182223, 0.0275272931904], "median": [0.30753031373, 0.139380514622, 0.191130787134, 0.0449930727482, 0.0117731830105, 0.00679726758972], "min": [0, 0, 0, 0, 0, 0], "dvar2": [0.169336289167, 0.0500973649323, 0.11861038208, 0.0978811830282, 0.0223129838705, 0.00211524241604], "dvar": [0.0576025061309, 0.0180542375892, 0.0412980467081, 0.0360179841518, 0.00780757050961, 0.000779207271989], "dmean": [0.289879649878, 0.14574919641, 0.217041552067, 0.14444540441, 0.0517289862037, 0.0162313785404], "max": [0.973617255688, 0.816898047924, 0.994350075722, 0.949638366699, 0.557451307774, 0.376424103975], "var": [0.0832421928644, 0.031700629741, 0.0545565113425, 0.0366610772908, 0.00831673573703, 0.00179668562487], "mean": [0.375371217728, 0.199485465884, 0.268798321486, 0.135522171855, 0.0507099106908, 0.0201664399356]}}, "lowlevel": {"barkbands_spread": {"dmean2": 5.96969509125, "median": 10.2209835052, "min": 0.0637970864773, "dvar2": 82.499382019, "dvar": 29.590259552, "dmean": 3.79359817505, "max": 135.1275177, "var": 173.686721802, "mean": 13.883482933}, "melbands_spread": {"dmean2": 6.18455934525, "median": 11.1723079681, "min": 0.353411495686, "dvar2": 70.771446228, "dvar": 30.481584549, "dmean": 4.0172328949, "max": 156.105209351, "var": 237.541137695, "mean": 15.7841644287}, "hfc": {"dmean2": 4.76181793213, "median": 6.56349182129, "min": 1.0891335586e-16, "dvar2": 69.3528671265, "dvar": 36.1654243469, "dmean": 3.53921318054, "max": 125.376663208, "var": 216.293258667, "mean": 12.3469934464}, "barkbands_kurtosis": {"dmean2": 6.65710687637, "median": 5.28424072266, "min": -1.8582611084, "dvar2": 300.573516846, "dvar": 153.167526245, "dmean": 4.40229225159, "max": 802.729980469, "var": 338.831695557, "mean": 8.90789413452}, "gfcc": {"mean": [-72.8086624146, 109.844497681, -98.5204238892, 18.6356945038, -67.0652084351, 6.61478090286, -37.4644470215, 8.10859394073, -20.1688995361, -6.72255277634, -12.3963413239, -9.95585727692, -8.86838817596], "icov": [[0.000209978708881, -0.000488057732582, 0.000335076707415, -0.000261598732322, 0.000405583850807, -0.000408309162594, 0.000371518166503, -0.000491227081511, 0.000789949204773, -0.000779719906859, 0.000927004730329, -0.000575934187509, 0.000547702074982], [-0.000488057732582, 0.00240261154249, -0.000598519400228, 0.000747167505324, -0.000827813288197, 0.00128389813472, -0.000650066009257, 0.0015287817223, -0.00237844814546, 0.00332284369506, -0.00350592564791, 0.00285867927596, -0.00194202363491], [0.000335076707415, -0.000598519400228, 0.00164134148508, -0.000629394955467, 0.000827345997095, -0.00181389413774, 0.000952030997723, -0.000641956168693, 0.000777216861024, -0.00102333410177, 0.00182307849173, -0.00179162761196, 0.0020032399334], [-0.000261598732322, 0.000747167505324, -0.000629394955467, 0.00360281905159, -0.00111403351184, 0.000192960826098, 0.000366411637515, -0.000136781367473, -0.00036174946581, 0.000880538427737, -0.00113656255417, 0.0019520195201, -0.000662840669975], [0.000405583850807, -0.000827813288197, 0.000827345997095, -0.00111403351184, 0.00446019461378, -0.0010549405124, -0.000999730080366, 0.00037121749483, 0.000435261026723, -0.00217305193655, 0.00232505262829, -0.00135901104659, 0.000615563709289], [-0.000408309162594, 0.00128389813472, -0.00181389413774, 0.000192960826098, -0.0010549405124, 0.00714095262811, -0.00114640616812, -0.000254268292338, -8.17674954305e-05, 0.00176343938801, -0.003916233778, 0.00336347450502, -0.00292523321696], [0.000371518166503, -0.000650066009257, 0.000952030997723, 0.000366411637515, -0.000999730080366, -0.00114640616812, 0.0063564768061, -0.00306115834974, 0.00248445291072, -0.000569050898775, 0.00176592997741, -0.00259895902127, 0.00161682348698], [-0.000491227081511, 0.0015287817223, -0.000641956168693, -0.000136781367473, 0.00037121749483, -0.000254268292338, -0.00306115834974, 0.0100647965446, -0.00599727733061, 0.00498905731365, -0.000911885173991, 0.000779095687903, -2.94983256026e-05], [0.000789949204773, -0.00237844814546, 0.000777216861024, -0.00036174946581, 0.000435261026723, -8.17674954305e-05, 0.00248445291072, -0.00599727733061, 0.0118972240016, -0.00720272539183, 0.00440346170217, 0.000222808666877, 0.00106187025085], [-0.000779719906859, 0.00332284369506, -0.00102333410177, 0.000880538427737, -0.00217305193655, 0.00176343938801, -0.000569050898775, 0.00498905731365, -0.00720272539183, 0.0137399910018, -0.00695044593886, 0.00292274588719, 0.000864139699843], [0.000927004730329, -0.00350592564791, 0.00182307849173, -0.00113656255417, 0.00232505262829, -0.003916233778, 0.00176592997741, -0.000911885173991, 0.00440346170217, -0.00695044593886, 0.0159865021706, -0.00629868498072, 0.00353918178007], [-0.000575934187509, 0.00285867927596, -0.00179162761196, 0.0019520195201, -0.00135901104659, 0.00336347450502, -0.00259895902127, 0.000779095687903, 0.000222808666877, 0.00292274588719, -0.00629868498072, 0.0155091052875, -0.00586177362129], [0.000547702074982, -0.00194202363491, 0.0020032399334, -0.000662840669975, 0.000615563709289, -0.00292523321696, 0.00161682348698, -2.94983256026e-05, 0.00106187025085, 0.000864139699843, 0.00353918178007, -0.00586177362129, 0.0143041471019]], "cov": [[17079.6757812, 2389.17919922, -1806.58959961, 297.618988037, -890.153442383, -52.266368866, -528.020141602, 79.1797637939, -404.842285156, -167.225952148, -106.801963806, -216.501800537, 2.51569008827], [2389.17919922, 1377.40490723, -443.475250244, -62.9838790894, -94.4408493042, -80.2961196899, -93.6475906372, -46.645690918, 17.0869865417, -153.128753662, 72.3234939575, -119.122055054, 94.117225647], [-1806.58959961, -443.475250244, 1420.5579834, 134.06086731, -54.3958206177, 232.874542236, -62.7612991333, 49.614982605, 30.7374382019, 49.4099464417, -19.0014476776, 33.2145767212, -113.560096741], [297.618988037, -62.9838790894, 134.06086731, 358.915405273, 28.5180225372, 49.1706924438, -49.873249054, 21.1874790192, 6.69403791428, 14.7374048233, -12.9131250381, -41.3105278015, -22.7016105652], [-890.153442383, -94.4408493042, -54.3958206177, 28.5180225372, 352.496734619, -0.916398704052, 91.9394226074, -21.9361000061, 29.3428993225, 40.8646011353, -10.864487648, 12.3821802139, 7.52252912521], [-52.266368866, -80.2961196899, 232.874542236, 49.1706924438, -0.916398704052, 228.336120605, 13.6998558044, 25.9863586426, -29.5730876923, -13.0984544754, 18.8715019226, -3.36711907387, 2.94248533249], [-528.020141602, -93.6475906372, -62.7612991333, -49.873249054, 91.9394226074, 13.6998558044, 266.381164551, 57.7091140747, -33.0807189941, -42.0883903503, -14.3704862595, 50.6703453064, 12.1550092697], [79.1797637939, -46.645690918, 49.614982605, 21.1874790192, -21.9361000061, 25.9863586426, 57.7091140747, 182.158432007, 52.653678894, -42.7326393127, -38.0902099609, -3.90461778641, -8.72319030762], [-404.842285156, 17.0869865417, 30.7374382019, 6.69403791428, 29.3428993225, -29.5730876923, -33.0807189941, 52.653678894, 194.776428223, 66.6399917603, -18.5119228363, -46.0200576782, -22.3996906281], [-167.225952148, -153.128753662, 49.4099464417, 14.7374048233, 40.8646011353, -13.0984544754, -42.0883903503, -42.7326393127, 66.6399917603, 181.502212524, 30.568862915, -14.1326875687, -49.658367157], [-106.801963806, 72.3234939575, -19.0014476776, -12.9131250381, -10.864487648, 18.8715019226, -14.3704862595, -38.0902099609, -18.5119228363, 30.568862915, 117.231941223, 18.724811554, 0.0387238115072], [-216.501800537, -119.122055054, 33.2145767212, -41.3105278015, 12.3821802139, -3.36711907387, 50.6703453064, -3.90461778641, -46.0200576782, -14.1326875687, 18.724811554, 119.079490662, 27.0296573639], [2.51569008827, 94.117225647, -113.560096741, -22.7016105652, 7.52252912521, 2.94248533249, 12.1550092697, -8.72319030762, -22.3996906281, -49.658367157, 0.0387238115072, 27.0296573639, 112.059082031]]}, "spectral_energyband_middle_low": {"dmean2": 0.00586022669449, "median": 0.00817227642983, "min": 1.3807573788e-22, "dvar2": 8.34857710288e-05, "dvar": 3.75414383598e-05, "dmean": 0.0040484694764, "max": 0.105183623731, "var": 0.00013005459914, "mean": 0.0115290982649}, "melbands_crest": {"dmean2": 4.81670665741, "median": 12.9008483887, "min": 1.51889228821, "dvar2": 18.4577941895, "dvar": 7.81983566284, "dmean": 3.0639898777, "max": 34.2395057678, "var": 30.4256248474, "mean": 13.9594631195}, "spectral_kurtosis": {"dmean2": 3.806848526, "median": 5.94940853119, "min": -1.25622880459, "dvar2": 21.776845932, "dvar": 9.16607952118, "dmean": 2.39760899544, "max": 80.0117416382, "var": 33.6803131104, "mean": 7.22420930862}, "spectral_rms": {"dmean2": 0.00092368334299, "median": 0.00371669698507, "min": 3.10548093317e-12, "dvar2": 1.20661843539e-06, "dvar": 7.31063664716e-07, "dmean": 0.000708599516656, "max": 0.0150390313938, "var": 4.69650012747e-06, "mean": 0.0039846515283}, "zerocrossingrate": {"dmean2": 0.00955209415406, "median": 0.0390625, "min": 0.00341796875, "dvar2": 0.000172419167939, "dvar": 9.40004611039e-05, "dmean": 0.00754163367674, "max": 0.5244140625, "var": 0.00265016383491, "mean": 0.0492657274008}, "silence_rate_60dB": {"dmean2": 0.0697774365544, "median": 0, "min": 0, "dvar2": 0.0738556161523, "dvar": 0.0336720980704, "dmean": 0.0348857194185, "max": 1, "var": 0.10956980288, "mean": 0.125268489122}, "erbbands_kurtosis": {"dmean2": 3.29807305336, "median": 1.95896673203, "min": -1.88256573677, "dvar2": 48.1329879761, "dvar": 25.6178436279, "dmean": 2.26208567619, "max": 176.753997803, "var": 87.9966659546, "mean": 4.33070850372}, "erbbands": {"dmean2": [0.0354141965508, 0.938562691212, 2.68072962761, 3.72113776207, 7.87323236465, 7.70840835571, 7.87810277939, 7.33622932434, 15.5335378647, 19.7735729218, 19.4237651825, 21.1874637604, 25.3109054565, 24.5195407867, 15.6805152893, 9.30342292786, 10.250954628, 11.7347841263, 9.75175189972, 12.3231287003, 8.57097530365, 10.4263925552, 10.0672664642, 5.239818573, 3.72910547256, 2.64631295204, 1.47026789188, 1.56241154671, 0.818846344948, 0.441124081612, 0.321011304855, 0.444767713547, 0.176739603281, 0.129547759891, 0.0652205273509, 0.0442903824151, 0.0177546963096, 0.00364808482118, 0.000600160623435, 4.1174236685e-05], "median": [0.00668091792613, 0.158340200782, 0.737520515919, 1.69319701195, 2.83244633675, 5.25571489334, 5.32394456863, 5.65763711929, 6.93669176102, 9.28713035583, 10.7340803146, 8.08109855652, 7.12121295929, 3.72232651711, 2.69113636017, 2.87057590485, 2.10996031761, 1.70025777817, 1.31364285946, 1.16260623932, 1.11092054844, 1.24099469185, 0.969076514244, 0.780833184719, 0.581412732601, 0.447429269552, 0.325007528067, 0.419062674046, 0.254337519407, 0.22856117785, 0.216750964522, 0.36580234766, 0.158401399851, 0.0993773490191, 0.0358459167182, 0.0053831380792, 0.000581831031013, 0.000134665518999, 3.45460684912e-05, 2.45817136602e-05], "min": [1.38369446572e-22, 6.45138677687e-22, 2.40069684774e-21, 5.36074186907e-21, 7.62043935944e-21, 1.25370676345e-20, 4.46951178927e-20, 5.346310637e-20, 1.04770244022e-19, 1.14150019804e-19, 3.3364172326e-19, 3.1746669752e-19, 5.31243255028e-19, 4.14918318901e-19, 9.31618368742e-19, 1.36056166418e-18, 1.33159628067e-18, 2.64082973347e-18, 2.23981464046e-18, 3.45348319331e-18, 3.23362747869e-18, 5.01332869368e-18, 4.43925873112e-18, 4.95127360412e-18, 6.72235042725e-18, 8.11646243367e-18, 9.6439986729e-18, 8.269422191e-18, 9.66098730832e-18, 1.03877432314e-17, 1.2417646109e-17, 9.26235077316e-18, 8.96772144668e-18, 9.02283400935e-18, 5.65323644273e-18, 4.12012417899e-18, 2.44485244838e-18, 9.96150760833e-19, 2.37337272143e-19, 2.707504155e-20], "dvar2": [0.018242880702, 9.927983284, 38.4660377502, 59.7131080627, 258.498596191, 186.132568359, 231.249435425, 280.987335205, 1985.63806152, 2759.24389648, 2913.48632812, 3941.59790039, 10092.9052734, 10450.1464844, 5373.27490234, 1417.89306641, 1335.9666748, 2646.37890625, 3200.44335938, 4342.61572266, 1473.11279297, 2857.43066406, 1913.13757324, 372.352996826, 221.344116211, 65.0432891846, 15.0226764679, 74.8891448975, 17.3397350311, 2.31740045547, 0.325292289257, 0.547969937325, 0.0788384154439, 0.0481314361095, 0.0143205272034, 0.0104574440047, 0.00175733387005, 7.06489954609e-05, 1.89675847651e-06, 6.75680933426e-09], "dvar": [0.00743828387931, 4.52172517776, 21.6622333527, 23.9269275665, 113.74394989, 73.0392074585, 91.8369445801, 110.017433167, 1051.78039551, 1393.61181641, 1486.1295166, 1992.46264648, 4813.42871094, 7228.07470703, 2821.13525391, 701.295471191, 661.374145508, 1302.10534668, 1556.96923828, 1854.39111328, 646.963500977, 1343.71923828, 892.657409668, 160.206344604, 98.5047912598, 30.8442306519, 6.23371171951, 30.8792266846, 6.51097917557, 0.890890836716, 0.130722463131, 0.220022857189, 0.0331326946616, 0.0203123427927, 0.00605702353641, 0.00405134400353, 0.000639569363557, 2.57358860836e-05, 6.94151651714e-07, 2.51227705306e-09], "dmean": [0.0219001322985, 0.624487757683, 1.98775041103, 2.39523005486, 5.12474346161, 4.87048006058, 5.04611825943, 4.71747398376, 10.4212121964, 13.7915277481, 13.772851944, 15.6150913239, 18.5227222443, 20.6017551422, 12.10338974, 6.56924247742, 6.96857690811, 7.97146272659, 6.79867219925, 8.07926082611, 5.65293264389, 7.01659154892, 6.66047096252, 3.393014431, 2.4063372612, 1.69475805759, 0.926464319229, 0.999915242195, 0.505974829197, 0.27409952879, 0.19904461503, 0.272386908531, 0.111548215151, 0.0835022702813, 0.0425358749926, 0.0271874833852, 0.0098617868498, 0.00200989912264, 0.000333480391419, 2.46094041358e-05], "max": [1.62132871151, 38.8177452087, 103.169189453, 93.2772674561, 191.271179199, 161.66104126, 209.051269531, 368.361938477, 1148.02380371, 1260.99206543, 1165.55041504, 1032.87963867, 2512.25097656, 4185.07714844, 2596.60180664, 1269.08618164, 1473.66870117, 1691.1348877, 2510.94384766, 2547.37133789, 716.339599609, 1906.61437988, 851.574645996, 405.850799561, 347.789764404, 194.529754639, 75.9920730591, 191.94480896, 122.836982727, 43.6158409119, 11.1258392334, 6.98789596558, 3.39839863777, 2.14488363266, 0.988541543484, 1.13405442238, 0.634977281094, 0.128228291869, 0.0106152128428, 0.000758062640671], "var": [0.00726215401664, 5.66593408585, 47.5509719849, 42.7558784485, 262.542175293, 211.581787109, 247.934936523, 254.276123047, 3869.61206055, 7339.203125, 3717.05273438, 4712.59667969, 11270.8095703, 50671.0898438, 14954.328125, 2040.3215332, 1970.98620605, 5007.71826172, 3865.50732422, 6272.61035156, 1441.57141113, 2401.75439453, 3381.17431641, 617.645141602, 279.236328125, 111.355697632, 19.9549179077, 32.4527359009, 6.4618844986, 1.31338882446, 0.325064569712, 0.406347960234, 0.0685496777296, 0.0381183102727, 0.0101357763633, 0.00406953925267, 0.000494140607771, 2.05898322747e-05, 5.50909533104e-07, 2.64975952291e-09], "mean": [0.0249172579497, 0.780366301537, 2.98601460457, 3.84477591515, 8.19390487671, 10.5804538727, 10.6917924881, 10.82999897, 23.3487968445, 35.3972969055, 28.5635128021, 32.0729522705, 39.2675552368, 58.4659500122, 31.9872550964, 14.4469432831, 14.5652551651, 17.851140976, 14.4201459885, 18.5776367188, 10.9980859756, 12.6464471817, 15.2558670044, 7.65528297424, 5.30984973907, 3.77280306816, 1.97055482864, 1.63971042633, 0.791502773762, 0.482016026974, 0.375176101923, 0.566970229149, 0.239338859916, 0.165530353785, 0.0733885243535, 0.0276794247329, 0.00766982138157, 0.00158661347814, 0.000271301541943, 4.01159850298e-05]}, "spectral_strongpeak": {"dmean2": 0.951231956482, "median": 0.62954467535, "min": 0, "dvar2": 2.49800467491, "dvar": 1.1209936142, "dmean": 0.605093955994, "max": 16.6191921234, "var": 3.46383500099, "mean": 1.36525094509}, "spectral_energy": {"dmean2": 0.00952423736453, "median": 0.0141591811553, "min": 9.88511285818e-21, "dvar2": 0.000248551164987, "dvar": 0.000139374940773, "dmean": 0.00713892234489, "max": 0.231826767325, "var": 0.000477098103147, "mean": 0.0210882909596}, "average_loudness": 0.52528321743, "spectral_rolloff": {"dmean2": 501.611541748, "median": 689.0625, "min": 43.06640625, "dvar2": 3159447.5, "dvar": 946629.5, "dmean": 279.168884277, "max": 19573.6816406, "var": 4351561.5, "mean": 1169.7088623}, "spectral_centroid": {"dmean2": 224.315139771, "median": 675.809082031, "min": 186.628417969, "dvar2": 105884.0625, "dvar": 48147.4296875, "dmean": 148.36416626, "max": 11544.2060547, "var": 1060804.125, "mean": 945.835754395}, "pitch_salience": {"dmean2": 0.113443255424, "median": 0.533709466457, "min": 0.0301690734923, "dvar2": 0.0107946777716, "dvar": 0.00442100968212, "dmean": 0.0709991231561, "max": 0.847631335258, "var": 0.0167021788657, "mean": 0.526421308517}, "spectral_energyband_middle_high": {"dmean2": 0.00205366453156, "median": 0.000813813414425, "min": 1.17961801756e-21, "dvar2": 2.47359530476e-05, "dvar": 1.43502174978e-05, "dmean": 0.00156818178948, "max": 0.13145044446, "var": 8.99698425201e-05, "mean": 0.00468938378617}, "spectral_contrast_coeffs": {"dmean2": [0.083698824048, 0.0692924410105, 0.057705052197, 0.0482677221298, 0.0351921804249, 0.0283274855465], "median": [-0.618785500526, -0.730938076973, -0.740866303444, -0.774941623211, -0.804175555706, -0.795567154884], "min": [-0.980164885521, -0.980348885059, -0.977562606335, -0.968478560448, -0.966676175594, -0.966015458107], "dvar2": [0.00436823070049, 0.00326510518789, 0.00251649250276, 0.00187421008013, 0.00105150137097, 0.000891335133929], "dvar": [0.00161014671903, 0.0013320914004, 0.00121997843962, 0.000827029522043, 0.00050612015184, 0.000366829714039], "dmean": [0.0512128137052, 0.0426897481084, 0.0372831858695, 0.0305280610919, 0.02279086411, 0.0175138022751], "max": [-0.330874592066, -0.352822393179, -0.308498889208, -0.49616932869, -0.57570451498, -0.605215668678], "var": [0.00774157047272, 0.00687380647287, 0.00979649089277, 0.00604973034933, 0.0036460577976, 0.00159897073172], "mean": [-0.62442612648, -0.727650046349, -0.726701855659, -0.764099955559, -0.792303562164, -0.790298581123]}, "melbands_skewness": {"dmean2": 1.0532232523, "median": 1.99261915684, "min": -5.26656723022, "dvar2": 1.41155159473, "dvar": 0.656151950359, "dmean": 0.714178144932, "max": 15.0005254745, "var": 3.40039253235, "mean": 2.23825383186}, "spectral_spread": {"dmean2": 1099164.375, "median": 4058050, "min": 1031515.6875, "dvar2": 2169755271170.0, "dvar": 998385713152, "dmean": 715000.3125, "max": 42372904, "var": 12915941834800.0, "mean": 4819342}, "dissonance": {"dmean2": 0.0507369600236, "median": 0.443123221397, "min": 0.10604223609, "dvar2": 0.00251699844375, "dvar": 0.000946933636442, "dmean": 0.0303972046822, "max": 0.499999940395, "var": 0.00245438073762, "mean": 0.432535290718}, "spectral_skewness": {"dmean2": 0.45716252923, "median": 2.04339003563, "min": -0.0703360140324, "dvar2": 0.214857637882, "dvar": 0.0955636873841, "dmean": 0.298341661692, "max": 7.31098222733, "var": 0.481773048639, "mean": 2.10563254356}, "spectral_flux": {"dmean2": 0.0341755710542, "median": 0.0492755621672, "min": 6.33963506691e-11, "dvar2": 0.00186130951624, "dvar": 0.000759020273108, "dmean": 0.0212160069495, "max": 0.348802030087, "var": 0.00147966