{"tonal": {"thpcp": [1, 0.759221673012, 0.467666924, 0.443402171135, 0.397697418928, 0.443582177162, 0.495216488838, 0.399567455053, 0.509447574615, 0.702012896538, 0.544959306717, 0.473120510578, 0.514258682728, 0.42631316185, 0.550528943539, 0.651578247547, 0.470189094543, 0.326320499182, 0.279421925545, 0.297272056341, 0.579219579697, 0.752879679203, 0.537688493729, 0.434752911329, 0.444236844778, 0.358835309744, 0.396659165621, 0.416856914759, 0.353930801153, 0.518399596214, 0.686901032925, 0.535374760628, 0.443101942539, 0.460547566414, 0.439455837011, 0.710541427135], "hpcp": {"dmean2": [0.206773534417, 0.184452429414, 0.202381029725, 0.207802996039, 0.196721300483, 0.194321930408, 0.209276616573, 0.188694804907, 0.220309153199, 0.23714338243, 0.188157066703, 0.146955519915, 0.123363345861, 0.129397004843, 0.198296874762, 0.226584970951, 0.188969373703, 0.169732823968, 0.17288582027, 0.165193974972, 0.159619644284, 0.16577321291, 0.161522731185, 0.207190260291, 0.239326298237, 0.20436052978, 0.192405760288, 0.199733823538, 0.222882255912, 0.286902695894, 0.312091618776, 0.285957634449, 0.216222330928, 0.194367453456, 0.192761465907, 0.198829352856], "median": [0.0582506135106, 0.0533971861005, 0.0563038215041, 0.0535763055086, 0.0571457445621, 0.0578095167875, 0.0562281124294, 0.0606676004827, 0.0782939195633, 0.0836714506149, 0.0602956563234, 0.0349874123931, 0.0278023555875, 0.0381863117218, 0.0883267596364, 0.115843638778, 0.0895547792315, 0.0532948896289, 0.0401280671358, 0.0401506721973, 0.044109672308, 0.0425164289773, 0.0461962670088, 0.0768167227507, 0.0856041908264, 0.0742491036654, 0.0525923594832, 0.04244145751, 0.0544202290475, 0.108709231019, 0.149841800332, 0.1121218279, 0.0596499070525, 0.0372861512005, 0.0418309122324, 0.0566002205014], "min": [0, 0, 0, 0, 0, 0, 0, 0, 0, 0, 0, 0, 0, 0, 0, 0, 0, 0, 0, 0, 0, 0, 0, 0, 0, 0, 0, 0, 0, 0, 0, 0, 0, 0, 0, 0], "dvar2": [0.0826884061098, 0.0747927948833, 0.0814760625362, 0.0943808555603, 0.0834955871105, 0.0754540339112, 0.0896109715104, 0.074229285121, 0.0896482616663, 0.100254267454, 0.0785734057426, 0.0575322546065, 0.0504419095814, 0.0466653816402, 0.0713235512376, 0.077130548656, 0.0627297312021, 0.0615580491722, 0.0731736421585, 0.0738247260451, 0.0608015060425, 0.0701187849045, 0.0612590350211, 0.079429410398, 0.0943577215075, 0.0731801763177, 0.080802731216, 0.0925498381257, 0.10126901418, 0.114551141858, 0.125918969512, 0.112405449152, 0.0864360257983, 0.0908283144236, 0.086279861629, 0.0809006094933], "dvar": [0.0356501080096, 0.0287963468581, 0.0320726186037, 0.0393796190619, 0.0315652005374, 0.0307359173894, 0.0375436283648, 0.0299175474793, 0.0362616963685, 0.0447119809687, 0.0339941643178, 0.0225927624851, 0.0204648319632, 0.017947267741, 0.0298194028437, 0.037630174309, 0.0263919699937, 0.026465035975, 0.0316208489239, 0.0279218070209, 0.0252699255943, 0.0308164078742, 0.0240968577564, 0.0323952510953, 0.0425319634378, 0.0300403740257, 0.0319251976907, 0.0374097116292, 0.0382389165461, 0.0445567630231, 0.0558344498277, 0.047199331224, 0.0336147136986, 0.0372782349586, 0.0334355346859, 0.0320845618844], "dmean": [0.121628470719, 0.106378979981, 0.119191102684, 0.122194617987, 0.116260647774, 0.114978514612, 0.122002862394, 0.109475128353, 0.130982890725, 0.142440721393, 0.11232688278, 0.0860819891095, 0.0720706656575, 0.0763895437121, 0.120719879866, 0.139769539237, 0.114637710154, 0.101111203432, 0.103517077863, 0.0978610664606, 0.0951209962368, 0.0984190627933, 0.0944770351052, 0.123731568456, 0.144027546048, 0.122934475541, 0.113258689642, 0.114860787988, 0.128190532327, 0.16847679019, 0.184575647116, 0.169869050384, 0.126117423177, 0.11263358593, 0.111302450299, 0.116497889161], "max": [1, 1, 1, 1, 1, 1, 1, 1, 1, 1, 1, 1, 1, 1, 1, 1, 1, 1, 1, 1, 1, 1, 1, 1, 1, 1, 1, 1, 1, 1, 1, 1, 1, 1, 1, 1], "var": [0.0572315081954, 0.0358896069229, 0.0526753105223, 0.106439232826, 0.0620725229383, 0.0484663434327, 0.0621138289571, 0.0369314923882, 0.0538997575641, 0.0779511332512, 0.0490613654256, 0.0299924965948, 0.028983745724, 0.0225142352283, 0.0545283332467, 0.0842096284032, 0.0463645383716, 0.0430500656366, 0.0559754669666, 0.0345225185156, 0.0413716472685, 0.0515155494213, 0.0320763885975, 0.0491459704936, 0.0839957222342, 0.0506806783378, 0.0455451384187, 0.0589859969914, 0.0450405925512, 0.0742362812161, 0.127620205283, 0.0856650620699, 0.0450763218105, 0.0598690807819, 0.0420702435076, 0.0430394783616], "mean": [0.159268215299, 0.128506213427, 0.163845121861, 0.225776687264, 0.175266161561, 0.152161851525, 0.165392428637, 0.137107983232, 0.177057445049, 0.209556236863, 0.151219069958, 0.104949012399, 0.0898658111691, 0.0956066548824, 0.186284735799, 0.242136135697, 0.17292778194, 0.13982231915, 0.142872482538, 0.115406215191, 0.127570867538, 0.134066730738, 0.113828860223, 0.166724205017, 0.220916509628, 0.172183647752, 0.142507478595, 0.14811822772, 0.141334846616, 0.228519588709, 0.321613311768, 0.24417579174, 0.150407910347, 0.142604038119, 0.12790478766, 0.142661929131]}, "tuning_equal_tempered_deviation": 0.0451918058097, "chords_changes_rate": 0.0934479087591, "key_key": "C", "tuning_diatonic_strength": 0.457314550877, "key_scale": "minor", "chords_number_rate": 0.00483351247385, "tuning_frequency": 443.572570801, "tuning_nontempered_energy_ratio": 0.768264949322, "chords_histogram": [7.41138553619, 5.10204076767, 15.5477981567, 8.48549938202, 4.16219139099, 2.36305046082, 0.805585384369, 11.4661655426, 4.32330846786, 15.225564003, 2.55102038383, 2.84640169144, 0.939849615097, 1.28893661499, 0, 0.698173999786, 1.39634799957, 0.456498384476, 2.1750805378, 0.805585384369, 3.54457569122, 2.57787322998, 3.03437161446, 2.79269599915], "key_strength": 0.625658273697, "chords_key": "G", "chords_strength": {"dmean2": 0.0139293046668, "median": 0.49198025465, "min": -1, "dvar2": 0.00156360620167, "dvar": 0.000763890100643, "dmean": 0.0133011415601, "max": 0.804128050804, "var": 0.0411663576961, "mean": 0.472753703594}, "chords_scale": "minor", "hpcp_entropy": {"dmean2": 1.17460656166, "median": 1.98782992363, "min": 0, "dvar2": 0.931450903416, "dvar": 0.350514054298, "dmean": 0.693870604038, "max": 4.61039447784, "var": 0.968345165253, "mean": 1.86780321598}}, "metadata": {"audio_properties": {"equal_loudness": 0, "codec": "flac", "downmix": "mix", "sample_rate": 44100, "analysis_sample_rate": 44100, "bit_rate": 0, "md5_encoded": "e0d73a02dc885428073dbfcc5a87ae9e", "length": 172.893325806, "replay_gain": -14.0687599182, "lossless": true}, "version": {"essentia_build_sha": "2d9f1f26377add8aeb1075a9c2973f962c4f09fd", "essentia": "2.1-beta2", "extractor": "music 1.0", "essentia_git_sha": "v2.1_beta2-1-ge3940c0"}, "tags": {"title": ["Night And Day"], "albumartist": ["Charlie Parker"], "tracktotal": ["24"], "musicbrainz_releasegroupid": ["d520e411-b332-3bcb-bf38-75e17ac18ab4"], "releasetype": ["album", "compilation"], "musicbrainz_recordingid": ["12d33f51-fe38-4bd7-bcfb-1de50b030600"], "musicbrainz_albumartistid": ["c7356af9-9ea6-4a78-a55b-c73775716312"], "discnumber": ["3"], "album": ["The Complete Verve Master Takes (Disc3)"], "releasecountry": ["US"], "file_name": "04 - Night and Day.flac", "originaldate": ["2003-10-21"], "date": ["2003"], "genre": ["Jazz - Bebop"], "disctotal": ["3"], "musicbrainz_artistid": ["c7356af9-9ea6-4a78-a55b-c73775716312"], "asin": ["B0000ARNDA"], "musicbrainz_albumid": ["025a9fd2-54ce-40b4-901b-a8d8ff7bb011"], "artist": ["Charlie Parker"], "artistsort": ["Parker, Charlie"], "tracknumber": ["4"], "albumartistsort": ["Parker, Charlie"], "acoustid_id": ["88eefe98-1c11-4021-907b-e63d2bbb2123"], "script": ["Latn"], "releasestatus": ["official"]}}, "rhythm": {"bpm_histogram_first_peak_bpm": {"dmean2": 0, "median": 120, "min": 120, "dvar2": 0, "dvar": 0, "dmean": 0, "max": 120, "var": 0, "mean": 120}, "bpm": 119.404380798, "bpm_histogram_second_peak_spread": {"dmean2": 0, "median": 0.280000030994, "min": 0.280000030994, "dvar2": 0, "dvar": 0, "dmean": 0, "max": 0.280000030994, "var": 0, "mean": 0.280000030994}, "bpm_histogram_first_peak_weight": {"dmean2": 0, "median": 0.332352936268, "min": 0.332352936268, "dvar2": 0, "dvar": 0, "dmean": 0, "max": 0.332352936268, "var": 0, "mean": 0.332352936268}, "onset_rate": 3.40066432953, "beats_position": [0.510838985443, 1.03328800201, 1.55573689938, 2.08979582787, 2.62385487556, 3.14630389214, 3.65714287758, 4.17959165573, 4.67882061005, 5.17804956436, 5.67727899551, 6.17650794983, 6.67573690414, 7.16335582733, 7.66258478165, 8.17342376709, 8.68426322937, 9.13705158234, 9.57823085785, 10.0310201645, 10.47219944, 10.9133787155, 11.3661680222, 11.8189563751, 12.2833557129, 12.7709751129, 13.235373497, 13.7346029282, 14.2222223282, 14.7214508057, 15.2787294388, 15.8243989944, 16.3468475342, 16.8692970276, 17.391746521, 17.9025840759, 18.4250335693, 18.9358730316, 19.4351024628, 19.9343299866, 20.4451694489, 20.94439888, 21.4436283112, 21.942855835, 22.4188652039, 22.9064846039, 23.405714035, 23.8933334351, 24.3809528351, 24.8685703278, 25.3677997589, 25.8670291901, 26.3778686523, 26.8770961761, 27.3763256073, 27.8871650696, 28.4212245941, 28.9436721802, 29.4661216736, 30.0001811981, 30.5342407227, 31.0566883087, 31.5559177399, 32.0551452637, 32.5543746948, 33.0652160645, 33.5644454956, 34.0636711121, 34.5861206055, 35.1085700989, 35.6194114685, 36.211517334, 36.7920188904, 37.4537849426, 38.1039466858, 38.730884552, 39.369430542, 40.0079803467, 40.6581382751, 41.2966880798, 41.8075294495, 42.3067550659, 42.8059844971, 43.3052139282, 43.8044433594, 44.3036727905, 44.8029022217, 45.3021316528, 45.8129692078, 46.3238105774, 46.8346481323, 47.3454856873, 47.8447151184, 48.3439445496, 48.8315620422, 49.3307914734, 49.8300209045, 50.3176422119, 50.8052597046, 51.3044891357, 51.7921066284, 52.2797279358, 52.7789573669, 53.2897949219, 53.7774124146, 54.2766418457, 54.7758712769, 55.2867126465, 55.8091583252, 56.3316078186, 56.8656692505, 57.3881187439, 57.9221763611, 58.4446258545, 58.9438552856, 59.4430847168, 59.9423103333, 60.4415397644, 60.9407691956, 61.4399986267, 61.9508361816, 62.4616775513, 62.9609069824, 63.4717445374, 63.9709739685, 64.470199585, 64.9694290161, 65.4802703857, 65.9794998169, 66.478729248, 66.9895706177, 67.4888000488, 67.98802948, 68.4872512817, 68.9864807129, 69.4973220825, 70.0081634521, 70.5189971924, 71.0182266235, 71.5174560547, 72.0166854858, 72.515914917, 73.0151443481, 73.5143737793, 74.0136032104, 74.5128326416, 75.0120620728, 75.5229034424, 76.0221328735, 76.5329666138, 77.0438079834, 77.554649353, 78.0538787842, 78.5531082153, 79.0639419556, 79.5631713867, 80.0740127563, 80.5732421875, 81.0724716187, 81.5833053589, 82.08253479, 82.6049880981, 83.1158294678, 83.6150588989, 84.1142807007, 84.6251220703, 85.1243515015, 85.6351928711, 86.1460266113, 86.656867981, 87.1677093506, 87.6669387817, 88.1661682129, 88.665397644, 89.1646270752, 89.6638565063, 90.1630859375, 90.6739196777, 91.1731491089, 91.6839904785, 92.1832199097, 92.6824493408, 93.181678772, 93.7157363892, 94.2265777588, 94.7490234375, 95.2714691162, 95.7823104858, 96.2931518555, 96.8039855957, 97.3148269653, 97.825668335, 98.3248977661, 98.8125152588, 99.3117446899, 99.8225860596, 100.321815491, 100.821044922, 101.43637085, 102.051696777, 102.655418396, 103.259140015, 103.862854004, 104.373695374, 104.896141052, 105.41859436, 105.929428101, 106.417053223, 106.904670715, 107.438728333, 107.949569702, 108.460403442, 108.959632874, 109.458862305, 109.958091736, 110.468933105, 110.991378784, 111.502220154, 112.013061523, 112.523895264, 113.034736633, 113.533966064, 114.033195496, 114.532424927, 115.043266296, 115.542495728, 116.053329468, 116.564170837, 117.075012207, 117.585845947, 118.085075378, 118.58430481, 118.932601929, 119.292518616, 119.652427673, 120.000724792, 120.36063385, 120.720542908, 121.092063904, 121.451972961, 121.811882019, 122.183395386, 122.554916382, 122.938049316, 123.321174622, 123.704307556, 124.075828552, 124.458953857, 124.853691101, 125.236824036, 125.619949341, 126.014694214, 126.513923645, 127.013153076, 127.512374878, 128.034820557, 128.557281494, 129.091339111, 129.61378479, 130.136230469, 130.658676147, 131.192733765, 131.703582764, 132.226028442, 132.736862183, 133.25932312, 133.746932983, 134.222946167, 134.698959351, 135.163360596, 135.604537964, 136.034103394, 136.475280762, 136.939682007, 137.404083252, 137.868484497, 138.367706299, 138.866943359, 139.366165161, 139.946670532, 140.515548706, 141.084442139, 141.66494751, 142.257049561, 142.767883301, 143.290344238, 143.824401855, 144.335235596, 144.834457397, 145.345306396, 145.844528198, 146.343765259, 146.842987061, 147.35383606, 147.8646698, 148.37550354, 148.874740601, 149.373962402, 149.873199463, 150.372421265, 150.871658325, 151.370880127, 151.800445557, 152.230026245, 152.671203613, 153.182037354, 153.692871094, 154.203720093, 154.714553833, 155.225387573, 155.747848511, 156.270294189, 156.792739868, 157.326797485, 157.837631226, 158.360092163, 158.859313965, 159.370162964, 159.880996704, 160.403442383, 160.949111938, 161.494781494, 162.04045105, 162.586120605, 163.120178223, 163.677459717, 164.234741211, 164.792022705, 165.34928894, 165.906570435, 166.475463867, 167.055953979, 167.636459351, 168.216964722, 168.809066772, 169.401168823, 169.946838379, 170.492507935, 171.049789429, 171.595458984, 172.14112854], "beats_loudness": {"dmean2": 0.0138913197443, "median": 0.0156328193843, "min": 0, "dvar2": 0.000143257420859, "dvar": 4.61679010186e-05, "dmean": 0.00800754968077, "max": 0.0404394045472, "var": 7.73970823502e-05, "mean": 0.0153309032321}, "danceability": 1.11218452454, "bpm_histogram_second_peak_weight": {"dmean2": 0, "median": 0.105882354081, "min": 0.105882354081, "dvar2": 0, "dvar": 0, "dmean": 0, "max": 0.105882354081, "var": 0, "mean": 0.105882354081}, "beats_count": 341, "bpm_histogram_second_peak_bpm": {"dmean2": 0, "median": 115, "min": 115, "dvar2": 0, "dvar": 0, "dmean": 0, "max": 115, "var": 0, "mean": 115}, "bpm_histogram_first_peak_spread": {"dmean2": 0, "median": 0.454106301069, "min": 0.454106301069, "dvar2": 0, "dvar": 0, "dmean": 0, "max": 0.454106301069, "var": 0, "mean": 0.454106301069}, "beats_loudness_band_ratio": {"dmean2": [0.278787583113, 0.183812215924, 0.219154968858, 0.223052129149, 0.246112316847, 0.134320050478], "median": [0.0869324207306, 0.0672837123275, 0.135697498918, 0.137596830726, 0.259501248598, 0.0978933796287], "min": [0, 0, 0, 0, 0, 0], "dvar2": [0.0896929204464, 0.0348058193922, 0.0435246750712, 0.0439407415688, 0.0520792528987, 0.0215018559247], "dvar": [0.0333725772798, 0.0120371226221, 0.0158452540636, 0.0162106379867, 0.0177800692618, 0.00818218104541], "dmean": [0.155401974916, 0.105446480215, 0.125859856606, 0.127937227488, 0.140779957175, 0.079782769084], "max": [0.971447110176, 0.646846830845, 0.849475383759, 0.713386356831, 0.826767206192, 0.596835970879], "var": [0.0405824035406, 0.0152785545215, 0.0203971769661, 0.0196619424969, 0.0293029192835, 0.0164739564061], "mean": [0.165725857019, 0.114885918796, 0.174484953284, 0.176865637302, 0.264001488686, 0.146060153842]}}, "lowlevel": {"barkbands_spread": {"dmean2": 7.69102859497, "median": 24.6425228119, "min": 0.954488217831, "dvar2": 63.9527778625, "dvar": 27.6478900909, "dmean": 4.8965678215, "max": 133.696609497, "var": 139.581832886, "mean": 26.419172287}, "melbands_spread": {"dmean2": 13.8153324127, "median": 39.565700531, "min": 0.668587684631, "dvar2": 215.857788086, "dvar": 96.0217208862, "dmean": 8.85311698914, "max": 156.71635437, "var": 739.549682617, "mean": 44.8118247986}, "hfc": {"dmean2": 7.97831869125, "median": 10.511636734, "min": 1.06095085339e-16, "dvar2": 150.909545898, "dvar": 85.5919723511, "dmean": 5.63837003708, "max": 114.364479065, "var": 450.852416992, "mean": 19.7828979492}, "barkbands_kurtosis": {"dmean2": 2.08956813812, "median": -0.255037516356, "min": -1.81910610199, "dvar2": 35.6857261658, "dvar": 14.1237840652, "dmean": 1.31652510166, "max": 146.511932373, "var": 34.4200134277, "mean": 1.09760177135}, "gfcc": {"mean": [-71.5953140259, 92.0312576294, -165.64074707, 55.390537262, -64.6158447266, 7.56355333328, -24.6954727173, -6.11908006668, 2.91453814507, -16.4768466949, -0.687270879745, -9.44488048553, -9.64984130859], "icov": [[0.00120407145005, -0.00299881165847, 0.00364414043725, -0.0030636661686, 0.00325558101758, -0.00371761806309, 0.0034654464107, -0.00322656310163, 0.00291227153502, -0.00363742280751, 0.00369046651758, -0.00223645940423, 0.00143520883285], [-0.00299881165847, 0.00922194309533, -0.00934841763228, 0.00834559090436, -0.00817366223782, 0.00937154702842, -0.00826184637845, 0.00951899960637, -0.00900786370039, 0.0123750725761, -0.0117026334628, 0.00650170119479, -0.00312716444023], [0.00364414043725, -0.00934841763228, 0.0121135385707, -0.00902709178627, 0.00866885110736, -0.0113701689988, 0.0104039032012, -0.0106832096353, 0.0101950829849, -0.0113580599427, 0.0108478600159, -0.00631625950336, 0.00415253220126], [-0.0030636661686, 0.00834559090436, -0.00902709178627, 0.0112867094576, -0.00788373406976, 0.00822052545846, -0.00761487754062, 0.00706854322925, -0.00684426352382, 0.0115965893492, -0.0102175371721, 0.00786816608161, -0.00283296173438], [0.00325558101758, -0.00817366223782, 0.00866885110736, -0.00788373406976, 0.0161366108805, -0.0111928833649, 0.00734112085775, -0.00858887657523, 0.00853646732867, -0.0129804741591, 0.0123824737966, -0.00691100861877, 0.00467583118007], [-0.00371761806309, 0.00937154702842, -0.0113701689988, 0.00822052545846, -0.0111928833649, 0.0215340014547, -0.0144936833531, 0.0108091691509, -0.00900381058455, 0.0121364295483, -0.0129095083103, 0.00836743507534, -0.00423124851659], [0.0034654464107, -0.00826184637845, 0.0104039032012, -0.00761487754062, 0.00734112085775, -0.0144936833531, 0.0279865246266, -0.0160072930157, 0.00792627129704, -0.00996172986925, 0.0111466869712, -0.00833469163626, 0.00352529715747], [-0.00322656310163, 0.00951899960637, -0.0106832096353, 0.00706854322925, -0.00858887657523, 0.0108091691509, -0.0160072930157, 0.0244521982968, -0.0122620211914, 0.0113741094247, -0.0103965830058, 0.00780137814581, -0.0034798393026], [0.00291227153502, -0.00900786370039, 0.0101950829849, -0.00684426352382, 0.00853646732867, -0.00900381058455, 0.00792627129704, -0.0122620211914, 0.0235592164099, -0.0189314894378, 0.0108698299155, -0.0022367995698, 0.00228217546828], [-0.00363742280751, 0.0123750725761, -0.0113580599427, 0.0115965893492, -0.0129804741591, 0.0121364295483, -0.00996172986925, 0.0113741094247, -0.0189314894378, 0.0354670770466, -0.0175429936498, 0.00290121533908, 0.00212552351877], [0.00369046651758, -0.0117026334628, 0.0108478600159, -0.0102175371721, 0.0123824737966, -0.0129095083103, 0.0111466869712, -0.0103965830058, 0.0108698299155, -0.0175429936498, 0.0304935351014, -0.0142816957086, 0.00540250586346], [-0.00223645940423, 0.00650170119479, -0.00631625950336, 0.00786816608161, -0.00691100861877, 0.00836743507534, -0.00833469163626, 0.00780137814581, -0.0022367995698, 0.00290121533908, -0.0142816957086, 0.0276959240437, -0.0130658792332], [0.00143520883285, -0.00312716444023, 0.00415253220126, -0.00283296173438, 0.00467583118007, -0.00423124851659, 0.00352529715747, -0.0034798393026, 0.00228217546828, 0.00212552351877, 0.00540250586346, -0.0130658792332, 0.0234003569931]], "cov": [[27356.1171875, 1309.43054199, -5033.35009766, 1628.89575195, -1595.40539551, 130.006835938, -585.555175781, -257.494232178, 121.483856201, -429.71472168, -40.7353134155, -283.118713379, -141.708740234], [1309.43054199, 1145.45727539, 133.550811768, -159.058029175, -66.6088638306, -27.6557731628, -71.8667984009, -122.039199829, 6.89348268509, -108.814796448, 108.581321716, -10.9160671234, 8.8448600769], [-5033.35009766, 133.550811768, 1498.70214844, -150.076416016, 290.139770508, 55.7976570129, 80.2932052612, 63.8901176453, -93.1036300659, 15.9452152252, 22.6721801758, 11.0955553055, 0.545581698418], [1628.89575195, -159.058029175, -150.076416016, 467.53338623, -67.3058624268, 51.8081474304, -19.0443325043, 35.6681556702, -31.0100498199, -63.0632171631, -34.5375022888, -75.3335418701, -32.2739372253], [-1595.40539551, -66.6088638306, 290.139770508, -67.3058624268, 230.697052002, 31.1688194275, 50.6317863464, 29.2543182373, -2.88184833527, 44.281085968, -14.0670232773, 10.9686107635, -8.79421043396], [130.006835938, -27.6557731628, 55.7976570129, 51.8081474304, 31.1688194275, 123.266403198, 31.3064479828, 16.5116195679, -6.57180118561, -5.93204259872, -1.36424469948, -13.9981088638, -7.82034301758], [-585.555175781, -71.8667984009, 80.2932052612, -19.0443325043, 50.6317863464, 31.3064479828, 88.5563278198, 45.2346916199, 7.96835041046, 15.1383771896, -7.29902219772, 6.57911539078, 1.89130711555], [-257.494232178, -122.039199829, 63.8901176453, 35.6681556702, 29.2543182373, 16.5116195679, 45.2346916199, 104.959838867, 21.4210338593, 13.9583110809, -16.5936126709, -13.8040895462, -8.83552646637], [121.483856201, 6.89348268509, -93.1036300659, -31.0100498199, -2.88184833527, -6.57180118561, 7.96835041046, 21.4210338593, 103.699928284, 43.4010734558, -0.421307653189, -8.12473106384, -10.8846673965], [-429.71472168, -108.814796448, 15.9452152252, -63.0632171631, 44.281085968, -5.93204259872, 15.1383771896, 13.9583110809, 43.4010734558, 94.4464035034, 12.6125154495, 19.5769710541, -13.5686502457], [-40.7353134155, 108.581321716, 22.6721801758, -34.5375022888, -14.0670232773, -1.36424469948, -7.29902219772, -16.5936126709, -0.421307653189, 12.6125154495, 82.0106887817, 29.571018219, 6.47327947617], [-283.118713379, -10.9160671234, 11.0955553055, -75.3335418701, 10.9686107635, -13.9981088638, 6.57911539078, -13.8040895462, -8.12473106384, 19.5769710541, 29.571018219, 81.5075073242, 34.7473602295], [-141.708740234, 8.8448600769, 0.545581698418, -32.2739372253, -8.79421043396, -7.82034301758, 1.89130711555, -8.83552646637, -10.8846673965, -13.5686502457, 6.47327947617, 34.7473602295, 67.5492019653]]}, "spectral_energyband_middle_low": {"dmean2": 0.00179216929246, "median": 0.00260412017815, "min": 1.60451253653e-22, "dvar2": 4.73774844068e-06, "dvar": 2.22846551878e-06, "dmean": 0.00116933637764, "max": 0.0231303311884, "var": 8.58640487422e-06, "mean": 0.00328670395538}, "melbands_crest": {"dmean2": 4.5135641098, "median": 10.2024374008, "min": 1.4862215519, "dvar2": 17.6450843811, "dvar": 7.20641231537, "dmean": 2.81703615189, "max": 37.9253959656, "var": 29.6731891632, "mean": 11.1666231155}, "spectral_kurtosis": {"dmean2": 2.68564343452, "median": 2.23503565788, "min": -1.26864099503, "dvar2": 7.06118917465, "dvar": 2.32887291908, "dmean": 1.51070201397, "max": 21.7322483063, "var": 4.62752199173, "mean": 2.74634695053}, "spectral_rms": {"dmean2": 0.000664011284243, "median": 0.00292075332254, "min": 3.10585758501e-12, "dvar2": 5.5529335441e-07, "dvar": 3.11640718564e-07, "dmean": 0.000461965973955, "max": 0.00681343208998, "var": 1.82548626526e-06, "mean": 0.00300031830557}, "zerocrossingrate": {"dmean2": 0.0105438577011, "median": 0.0849609375, "min": 0, "dvar2": 0.000174706045073, "dvar": 0.000101053148683, "dmean": 0.00878919381648, "max": 0.52490234375, "var": 0.00418253662065, "mean": 0.0935745388269}, "silence_rate_60dB": {"dmean2": 0.159032911062, "median": 0, "min": 0, "dvar2": 0.15602889657, "dvar": 0.0731855779886, "dmean": 0.0795057713985, "max": 1, "var": 0.14797860384, "mean": 0.180609643459}, "erbbands_kurtosis": {"dmean2": 0.997017502785, "median": -0.0856159031391, "min": -1.68995666504, "dvar2": 1.44870841503, "dvar": 0.601772844791, "dmean": 0.633497774601, "max": 10.4309835434, "var": 1.60076057911, "mean": 0.197852745652}, "erbbands": {"dmean2": [0.0132156731561, 0.14267526567, 0.446614176035, 0.653536260128, 1.93757200241, 1.56569540501, 1.94757592678, 4.09129476547, 5.22767686844, 8.95517158508, 8.08644199371, 10.6900663376, 11.393122673, 14.1008758545, 10.4976034164, 13.0901899338, 14.6043872833, 18.0812911987, 18.2845821381, 28.9324588776, 31.8712024689, 31.7814445496, 32.0530166626, 23.1703948975, 18.3398399353, 17.8460044861, 13.3357868195, 7.99130392075, 3.72979950905, 3.34640407562, 3.81475138664, 1.69897603989, 0.386914223433, 0.0170309972018, 0.00276904157363, 0.00110738899093, 0.000373213668354, 7.18284718459e-05, 1.0174991985e-05, 6.19470301899e-06], "median": [0.00479088537395, 0.0602012202144, 0.177701592445, 0.286537021399, 0.669297456741, 0.707809686661, 0.81722420454, 1.51542413235, 2.71679902077, 2.95452427864, 3.78157162666, 4.23873519897, 3.95968437195, 4.07470798492, 4.29528903961, 5.28877782822, 6.53531074524, 8.15996646881, 9.29513835907, 13.0782375336, 16.4271011353, 17.1484050751, 15.1473312378, 9.19437885284, 7.774122715, 6.76484298706, 4.52739048004, 3.03069448471, 1.50400316715, 1.48670864105, 1.80621743202, 0.983008027077, 0.185309231281, 0.00825841259211, 0.000679842138197, 0.000233938815654, 0.000114120724902, 4.63480137114e-05, 1.68925871549e-05, 1.24325433717e-05], "min": [8.19708143406e-23, 1.16662821738e-22, 9.51680483394e-22, 6.89587518708e-21, 1.0827501797e-20, 1.84477254756e-20, 2.78454358903e-20, 7.81615368511e-20, 1.1360768659e-19, 1.19118842044e-19, 1.73765094571e-19, 2.75631934643e-19, 3.131262999e-19, 5.35880636338e-19, 8.67544441506e-19, 1.0816371888e-18, 1.35683893783e-18, 1.04537834704e-18, 2.13280166423e-18, 2.26464267334e-18, 3.56118210907e-18, 3.83210774792e-18, 4.93121447427e-18, 5.59595335813e-18, 6.1962279889e-18, 8.67288780658e-18, 9.05767816547e-18, 1.05649129109e-17, 1.09676034583e-17, 1.03175495118e-17, 1.20466192083e-17, 9.74107989831e-18, 9.65042503908e-18, 8.82735385981e-18, 5.72389669219e-18, 4.0296082861e-18, 2.35599836135e-18, 9.58062609143e-19, 2.3079543672e-19, 2.50018765189e-20], "dvar2": [0.000530841876753, 0.0476099476218, 0.562189877033, 1.58733451366, 12.7085857391, 8.26880168915, 14.5560255051, 68.6776199341, 90.1558532715, 462.122070313, 332.778411865, 672.641235352, 745.633850098, 1640.39916992, 541.143188477, 1784.96643066, 787.197509766, 1296.85803223, 1434.28112793, 3478.01074219, 4175.04638672, 3820.48095703, 3731.3269043, 2854.77270508, 1855.05615234, 1515.91577148, 830.762207031, 237.316589355, 54.2554092407, 44.7884864807, 63.5423698425, 11.3896913528, 0.683716654778, 0.00122341990937, 8.13943624962e-05, 1.66987138073e-05, 1.78512516413e-06, 5.32275095111e-08, 4.63929256123e-10, 6.71288788445e-11], "dvar": [0.000260646425886, 0.0189999304712, 0.241902887821, 0.555251538754, 4.89855194092, 3.33004212379, 6.7754778862, 32.6757316589, 37.8999481201, 254.983383179, 153.127243042, 371.707458496, 412.749572754, 987.040588379, 274.826812744, 1068.42224121, 375.139465332, 688.501525879, 664.866088867, 1886.56359863, 2118.42260742, 1903.78320313, 1655.10473633, 1265.42370605, 830.583679199, 672.702331543, 389.414855957, 118.263015747, 25.6387042999, 21.240114212, 29.9228172302, 5.2862443924, 0.299600124359, 0.000612409203313, 3.81680147257e-05, 8.06980278867e-06, 8.91181230145e-07, 2.5739112175e-08, 2.30759203412e-10, 3.77805182972e-11], "dmean": [0.0082947332412, 0.0858489722013, 0.286381602287, 0.395083606243, 1.18692827225, 0.978573918343, 1.26285803318, 2.61093878746, 3.35210394859, 6.00007295609, 5.36546039581, 7.10360479355, 7.85947036743, 9.80219650269, 7.04177999496, 8.66536235809, 9.73808383942, 12.2499418259, 12.0758666992, 19.8355693817, 21.0249633789, 20.9863033295, 20.5793228149, 14.9875764847, 11.752530098, 11.4549436569, 8.82708740234, 5.38071489334, 2.51567029953, 2.21959447861, 2.53274440765, 1.14619410038, 0.258448034525, 0.0116901341826, 0.00184695783537, 0.000734818924684, 0.000247907271842, 4.7204499424e-05, 6.91520745022e-06, 4.35269885202e-06], "max": [0.362522006035, 2.00137734413, 10.6579294205, 15.7147054672, 40.0741691589, 34.5883483887, 61.186290741, 114.893623352, 102.944984436, 451.66973877, 416.651397705, 670.472900391, 536.420654297, 862.079345703, 465.921142578, 1164.57653809, 424.453460693, 567.090515137, 720.149780273, 799.911865234, 1325.54309082, 1063.82714844, 857.86541748, 800.205627441, 785.149597168, 674.640258789, 353.182800293, 266.457855225, 102.814346313, 91.7656402588, 153.026611328, 69.6926956177, 16.3823280334, 0.592486619949, 0.149866461754, 0.0774240344763, 0.0306292250752, 0.0047537041828, 0.00036495202221, 8.19752749521e-05], "var": [0.000449808751, 0.0401171557605, 0.708472728729, 0.752087473869, 5.54086446762, 7.22588062286, 24.2986106873, 109.131507874, 108.368804932, 1193.92333984, 475.017700195, 1587.30175781, 1453.04199219, 3079.38793945, 672.867126465, 2811.07641602, 1315.97631836, 1967.20666504, 1492.47839355, 6152.86621094, 6071.77148438, 4913.0546875, 4377.89355469, 3720.64770508, 2252.76611328, 1820.07897949, 1114.12683105, 416.843688965, 95.4764099121, 83.9302368164, 104.087722778, 21.393409729, 1.14197099209, 0.0026517403312, 8.7370412075e-05, 1.90134105651e-05, 2.26352403843e-06, 6.39551203108e-08, 7.63117402602e-10, 1.97160912596e-10], "mean": [0.0109963733703, 0.132474571466, 0.490056633949, 0.569147706032, 1.48523020744, 1.60445129871, 2.47847795486, 5.00369644165, 6.73202133179, 13.1438655853, 11.2203931808, 15.318113327, 16.6400508881, 20.1724910736, 13.3926830292, 15.6044387817, 20.6476154327, 24.5669002533, 22.8805923462, 40.7013397217, 42.9551353455, 42.8665962219, 41.955947876, 31.0176963806, 25.3916110992, 24.4968280792, 19.3833961487, 12.6532745361, 5.8950381279, 5.41972827911, 5.95205688477, 2.86567378044, 0.613224029541, 0.0301676206291, 0.00382724683732, 0.00145577301737, 0.000517126230989, 0.000116218143376, 2.63892288785e-05, 1.74040687853e-05]}, "spectral_strongpeak": {"dmean2": 1.54048466682, "median": 0.634763360023, "min": 0, "dvar2": 5.2676858902, "dvar": 2.26556825638, "dmean": 0.938852667809, "max": 14.2021961212, "var": 5.04518556595, "mean": 1.65447306633}, "spectral_energy": {"dmean2": 0.00426831282675, "median": 0.00874407030642, "min": 9.88751038949e-21, "dvar2": 2.78616971627e-05, "dvar": 1.5284447727e-05, "dmean": 0.00294676353224, "max": 0.0475834272802, "var": 7.36433285056e-05, "mean": 0.0110980477184}, "average_loudness": 0.897819817066, "spectral_rolloff": {"dmean2": 705.260437012, "median": 2583.984375, "min": 43.06640625, "dvar2": 983650.8125, "dvar": 423578.6875, "dmean": 427.492736816, "max": 19745.9472656, "var": 6319045, "mean": 2830.6262207}, "spectral_centroid": {"dmean2": 348.586273193, "median": 2118.5625, "min": 169.195587158, "dvar2": 172092.328125, "dvar": 80503.109375, "dmean": 226.399475098, "max": 11747.4121094, "var": 1980055.125, "mean": 2206.77197266}, "pitch_salience": {"dmean2": 0.0967689156532, "median": 0.61797440052, "min": 0.100020520389, "dvar2": 0.00787474494427, "dvar": 0.00335194077343, "dmean": 0.0607826039195, "max": 0.952840387821, "var": 0.0122027676553, "mean": 0.614636898041}, "spectral_energyband_middle_high": {"dmean2": 0.00267530139536, "median": 0.00338559225202, "min": 1.17547555117e-21, "dvar2": 1.53698510985e-05, "dvar": 8.45370050229e-06, "dmean": 0.00185296137352, "max": 0.0345436632633, "var": 3.84722006856e-05, "mean": 0.00590653577819}, "spectral_contrast_coeffs": {"dmean2": [0.0783108174801, 0.0715528875589, 0.0634778738022, 0.0575468242168, 0.0429695285857, 0.0270017106086], "median": [-0.692880868912, -0.745971798897, -0.757417619228, -0.744446575642, -0.762407720089, -0.670872211456], "min": [-0.976085484028, -0.989026069641, -0.985386312008, -0.983110427856, -0.978047192097, -0.966864228249], "dvar2": [0.00388353620656, 0.00337372510694, 0.00295142317191, 0.00272033154033, 0.00168291525915, 0.000749820261262], "dvar": [0.00143947440665, 0.00137753982563, 0.00136826338712, 0.00138195231557, 0.000899698003195, 0.000360053963959], "dmean": [0.0476390831172, 0.0442127436399, 0.0406590364873, 0.0380178578198, 0.0281607154757, 0.017251227051], "max": [-0.433760553598, -0.440124690533, -0.429422259331, -0.448166161776, -0.53347837925, -0.510892570019], "var": [0.00551133789122, 0.00863466411829, 0.00837727636099, 0.00829364638776, 0.00556257646531, 0.00441836612299], "mean": [-0.693520367146, -0.734706819057, -0.74247944355, -0.733125329018, -0.755130529404, -0.67726624012]}, "melbands_skewness": {"dmean2": 0.813060641289, "median": 1.13611733913, "min": -1.56164300442, "dvar2": 1.08194744587, "dvar": 0.47937053442, "dmean": 0.531603336334, "max": 23.564037323, "var": 2.30816936493, "mean": 1.44392204285}, "spectral_spread": {"dmean2": 477054.9375, "median": 3364861.75, "min": 1869702.75, "dvar2": 571454849024, "dvar": 314360463360, "dmean": 298590.5625, "max": 43571676, "var": 24164603789300.0, "mean": 4162534.75}, "dissonance": {"dmean2": 0.0264124330133, "median": 0.478229701519, "min": 0.335535645485, "dvar2": 0.000818738713861, "dvar": 0.000285571499262, "dmean": 0.0154281705618, "max": 0.5, "var": 0.000633044634014, "mean": 0.470640271902}, "spectral_skewness": {"dmean2": 0.324244201183, "median": 0.915074288845, "min": -0.0803770273924, "dvar2": 0.0898303315043, "dvar": 0.0312472470105, "dmean": 0.188086763024, "max": 3.50863480568, "var": 0.161970376968, "mean": 0.991637408733}, "spectral_flux": {"dmean2": 0.0267112851143, "median": 0.0470586977899, "min": 6.46944720017e-11, "dvar2": 0.000965113053098, "dvar": 0.00038501934614, "dmean": 0.0166406072676, "max": 0.220051497221, "var": 0.000927784712985, "mean": 0.0534336045384}, "spectral_contrast_valleys": {"dmean2": [0.679726183414, 0.555301189423, 0.500866651535, 0.472308129072, 0.344269186258, 0.302099585533], "median": [-8.10531902313, -7.31485128403, -8.00405406952, -8.23160648346, -7.70255327225, -11.2450122833], "min": [-28.008808136, -28.0389385223, -27.7290496826, -27.6166591644, -27.5649662018, -27.4181861877], "dvar2": [0.31022003293, 0.229280754924, 0.199447065592, 0.220306158066, 0.141840592027, 0.107027441263], "dvar": [0.140507280827, 0.106120616198, 0.0978841930628, 0.107187189162, 0.0789865925908, 0.0661181285977], "dmean": [0.414320468903, 0.337985396385, 0.312040984631, 0.299934208393, 0.226512551308, 0.205637529492], "max": [-5.87955474854, -5.48836040497, -6.03448200226, -6.12772989273, -5.7550573349, -9.01311779022], "var": [6.95535516739, 7.52351140976, 7.18885231018, 7.19344949722, 7.56630086899, 5.08338880539], "mean": [-8.47105884552, -7.70660161972, -8.32212734222, -8.51521015167, -8.04777622223, -11.453461647]}, "erbbands_flatness_db": {"dmean2": 0.0215338859707, "median": 0.193799465895, "min": 0.020300751552, "dvar2": 0.000455012050224, "dvar": 0.000245781353442, "dmean": 0.0145832020789, "max": 0.332436025143, "var": 0.00182860600762, "mean": 0.195571616292}, "spectral_energyband_high": {"dmean2": 0.000559140113182, "median": 0.000315650424454, "min": 7.07786138419e-21, "dvar2": 1.15208968055e-06, "dvar": 6.00073292389e-07, "dmean": 0.000385337159969, "max": 0.0126607660204, "var": 2.58181376012e-06, "mean": 0.00109920895193}, "spectral_entropy": {"dmean2": 0.224619135261, "median": 7.63149309158, "min": 5.93479967117, "dvar2": 0.0570703446865, "dvar": 0.0316863618791, "dmean": 0.155573770404, "max": 9.82938289642, "var": 0.280093640089, "mean": 7.52136468887}, "silence_rate_20dB": {"dmean2": 0, "median": 1, "min": 1, "dvar2": 0, "dvar": 0, "dmean": 0, "max": 1, "var": 0, "mean": 1}, "melbands_flatness_db": {"dmean2": 0.0283539108932, "median": 0.145238682628, "min": 0.00299547007307, "dvar2": 0.000791551836301, "dvar": 0.000347205525031, "dmean": 0.0183705240488, "max": 0.473327636719, "var": 0.00374885392375, "mean": 0.146911159158}, "barkbands": {"dmean2": [3.00341362163e-05, 0.000556768616661, 0.000408747117035, 0.000298180530081, 0.000551318866201, 0.000433447828982, 0.000440677569713, 0.000418006588006, 0.000443881377578, 0.00042633258272, 0.000333177129505, 0.000301759631839, 0.000339352351148, 0.000375238392735, 0.000489818688948, 0.000594752258621, 0.000714362424333, 0.000568588031456, 0.000406588544138, 0.000390938308556, 0.000287757517071, 0.000102499150671, 0.000120077340398, 5.15858373547e-05, 4.6946678367e-07, 2.03371286034e-07, 4.42709016113e-08], "median": [1.43460583786e-05, 0.000244539842242, 0.000141324140714, 8.29703203635e-05, 0.000268602190772, 0.000173049920704, 0.00017752898566, 0.000124479382066, 0.000141936470754, 8.91956151463e-05, 7.97890679678e-05, 9.14678603294e-05, 0.000102408303064, 8.58611892909e-05, 0.000152713226271, 0.000163738615811, 0.000279330270132, 0.000208867219044, 0.000148449325934, 0.000138880044688, 9.31765825953e-05, 3.97090334445e-05, 5.94351549807e-05, 2.48409978667e-05, 6.59121752733e-08, 5.21531298148e-08, 8.25101551527e-08], "min": [1.70145673884e-25, 1.44799728306e-24, 7.61758504138e-25, 7.51891826366e-25, 4.12407409349e-24, 7.41514183664e-24, 7.16122407733e-24, 8.12329596037e-24, 1.30207282646e-23, 8.44094105905e-24, 1.52133939719e-23, 1.90477596868e-23, 2.26667064212e-23, 3.54489730782e-23, 4.29372793972e-23, 5.71143057771e-23, 5.54490456498e-23, 8.92543797002e-23, 1.31135112444e-22, 1.72416620132e-22, 2.32958173133e-22, 3.44132075448e-22, 4.43285151207e-22, 5.3387884633e-22, 8.96138213318e-22, 1.23307062665e-21, 1.90114014032e-21], "dvar2": [1.19567988843e-09, 7.46339196667e-07, 5.27928023075e-07, 3.02505867467e-07, 8.59577937717e-07, 6.19839568117e-07, 6.52756625641e-07, 1.12391842322e-06, 1.04249522792e-06, 1.46196100559e-06, 5.36881088919e-07, 7.47103797494e-07, 4.51621417596e-07, 7.62573904467e-07, 9.40967709084e-07, 1.98152883968e-06, 1.90311743609e-06, 1.13873466034e-06, 7.78934065693e-07, 5.87885779169e-07, 3.64633933714e-07, 4.2846835413e-08, 5.6793176384e-08, 1.14350591218e-08, 2.26771596293e-12, 6.02881134772e-13, 1.30868860399e-14], "dvar": [4.0548200908e-10, 3.10146702986e-07, 2.1133128314e-07, 1.09328972542e-07, 3.32896149757e-07, 2.72994043371e-07, 3.22944543996e-07, 5.88827447245e-07, 5.81790118304e-07, 8.7667126536e-07, 2.80188515944e-07, 4.3516081405e-07, 2.29905921856e-07, 4.15822825062e-07, 4.74237253911e-07, 1.03255979411e-06, 9.21230537188e-07, 5.15138594892e-07, 3.43667153402e-07, 2.70129646651e-07, 1.72235004925e-07, 2.00713792253e-08, 2.62198636136e-08, 5.19023801715e-09, 1.05456214507e-12, 2.91685675179e-13, 6.13938839884e-15], "dmean": [1.69782870216e-05, 0.000337796489475, 0.000257493578829, 0.000176296918653, 0.000345310225384, 0.000275465310551, 0.000287803937681, 0.00028174900217, 0.000295357342111, 0.000296063401038, 0.000227840631851, 0.000198162859306, 0.00022730769706, 0.000254970858805, 0.000325741828419, 0.000395905663026, 0.000467938254587, 0.000365228246665, 0.000259837688645, 0.0002522560535, 0.000191560669919, 6.87417195877e-05, 7.98845430836e-05, 3.42856292264e-05, 3.07187036697e-07, 1.34003045105e-07, 2.87963413115e-08], "max": [0.000324808323057, 0.00980149395764, 0.00853668246418, 0.00574155617505, 0.00955987349153, 0.00911395531148, 0.0171823557466, 0.0185079630464, 0.0219200998545, 0.0238581039011, 0.0152783785015, 0.0230840221047, 0.0103303184733, 0.0162724535912, 0.0151671674103, 0.0270757805556, 0.015601567924, 0.0126352906227, 0.011553844437, 0.0101859457791, 0.00849979743361, 0.00370897212997, 0.00328757613897, 0.00235492223874, 3.12390002364e-05, 1.76740268216e-05, 2.16818330045e-06], "var": [4.35335267834e-10, 6.19369700416e-07, 4.901166335e-07, 1.35044629701e-07, 5.56083250558e-07, 9.02240458345e-07, 1.5020424371e-06, 1.99888268071e-06, 2.4126416065e-06, 2.59019748228e-06, 9.47014541453e-07, 1.1471123571e-06, 9.0334054903e-07, 1.09047095975e-06, 1.34695540055e-06, 3.04710488308e-06, 2.3449379114e-06, 1.31423644234e-06, 9.05571425847e-07, 8.35618095607e-07, 5.27804616013e-07, 7.03068749885e-08, 1.01536564046e-07, 1.9311949373e-08, 2.22855913411e-12, 6.89226616318e-13, 1.56696995603e-14], "mean": [1.99643927772e-05, 0.00051956938114, 0.00041121308459, 0.000217249747948, 0.000535327359103, 0.000540061329957, 0.000611546973232, 0.00055831001373, 0.000621997227427, 0.0005548428162, 0.0004391768598, 0.000338855898008, 0.000473961496027, 0.000451585219707, 0.000593925593421, 0.000725204008631, 0.000896454672329, 0.000687599938828, 0.000511247257236, 0.000536145584192, 0.000422153883846, 0.000156400143169, 0.0