{"tonal": {"thpcp": [1, 0.435236871243, 0.0599046684802, 0.0840940773487, 0.0476638861001, 0.325808286667, 0.57882720232, 0.301944702864, 0.185705199838, 0.315531760454, 0.183850213885, 0.221902728081, 0.449295163155, 0.271753132343, 0.460987210274, 0.868409395218, 0.462903231382, 0.07427957654, 0.0623247884214, 0.0237084627151, 0.18503549695, 0.330887645483, 0.163073882461, 0.126526027918, 0.241840705276, 0.174588978291, 0.550125181675, 0.856216430664, 0.379064142704, 0.231650844216, 0.450182288885, 0.254503488541, 0.032213781029, 0.0431745871902, 0.0556546859443, 0.608433067799], "hpcp": {"dmean2": [0.0723161846399, 0.0632838085294, 0.0989473760128, 0.125141605735, 0.0960055887699, 0.0297186784446, 0.0162800364196, 0.0114178229123, 0.0420716330409, 0.0558088347316, 0.0384663008153, 0.0264611318707, 0.0341159440577, 0.0448744185269, 0.0916124209762, 0.101853646338, 0.0743071883917, 0.0547911897302, 0.0707482546568, 0.0547619201243, 0.0146189266816, 0.0116050271317, 0.0224336646497, 0.0995466411114, 0.119273655117, 0.0741291493177, 0.0172506589442, 0.015971051529, 0.0147019149736, 0.0543090738356, 0.0775195732713, 0.0559768490493, 0.0365288816392, 0.0379534624517, 0.0319583043456, 0.0503640957177], "median": [0.0147449085489, 0.012881744653, 0.0605468191206, 0.107336230576, 0.0565380826592, 0.00281598605216, 0.000848779687658, 0.00127528479788, 0.00747785903513, 0.0119078233838, 0.00795376487076, 0.00161522871349, 0.00134628638625, 0.00474457582459, 0.0405400469899, 0.0644508600235, 0.0362078361213, 0.00835259817541, 0.00672758370638, 0.00273038633168, 0.00174247589894, 0.000828585529234, 0.00453984411433, 0.0772106274962, 0.128599569201, 0.0581751167774, 0.00137540884316, 0.000872782606166, 0.00175424106419, 0.00727328145877, 0.0101886931807, 0.0223933104426, 0.0056925015524, 0.00311273755506, 0.000945506733842, 0.0128580396995], "min": [0, 0, 0, 0, 0, 0, 0, 0, 0, 0, 0, 0, 0, 0, 0, 0, 0, 0, 0, 0, 0, 0, 0, 0, 0, 0, 0, 0, 0, 0, 0, 0, 0, 0, 0, 0], "dvar2": [0.031775739044, 0.0182849653065, 0.0254352111369, 0.0473818816245, 0.0281251259148, 0.00785762537271, 0.00323097128421, 0.00154205819126, 0.0122361592948, 0.0237158890814, 0.010145265609, 0.00604478083551, 0.0149729000404, 0.0107869524509, 0.0285512432456, 0.0395923927426, 0.0170485693961, 0.0123207606375, 0.0302282292396, 0.0175745803863, 0.00233004405163, 0.0021134831477, 0.00444439332932, 0.0290023349226, 0.0503037050366, 0.0144131295383, 0.00289769144729, 0.00523103633896, 0.00314759346657, 0.0128797655925, 0.030643992126, 0.0123684713617, 0.0103067830205, 0.0186795927584, 0.0113122612238, 0.0114368544891], "dvar": [0.01669562608, 0.00792910717428, 0.0111343273893, 0.0280173718929, 0.0120312962681, 0.00299822143279, 0.00164671102539, 0.000556006212719, 0.00529974978417, 0.0124114556238, 0.00435577100143, 0.00279395375401, 0.00811560917646, 0.00449675647542, 0.012254498899, 0.0211187396199, 0.0071779852733, 0.00554143730551, 0.0168056283146, 0.00814595539123, 0.000927643908653, 0.000912316725589, 0.00169240927789, 0.0125549202785, 0.0261941272765, 0.00670934980735, 0.00135219655931, 0.00302949012257, 0.00136122526601, 0.00618878705427, 0.0165436044335, 0.00558191444725, 0.00421017082408, 0.00979952700436, 0.00507954088971, 0.0053077894263], "dmean": [0.0452112667263, 0.0383504107594, 0.0623215213418, 0.0824609547853, 0.0605942644179, 0.0173947177827, 0.0105662727728, 0.00655759591609, 0.0259096119553, 0.0353214517236, 0.0242333672941, 0.0164736770093, 0.0215199347585, 0.0267432313412, 0.0576131120324, 0.0657858103514, 0.0463190600276, 0.0337420478463, 0.0449044927955, 0.0344197750092, 0.00856241956353, 0.00742777250707, 0.0130887106061, 0.0628450289369, 0.0772456899285, 0.0467884279788, 0.0105806384236, 0.0106107331812, 0.00885846838355, 0.0358114726841, 0.0505053661764, 0.0354170538485, 0.0226963423193, 0.0241862330586, 0.0192692913115, 0.0324085280299], "max": [1, 1, 1, 1, 1, 1, 1, 0.526245176792, 1, 1, 1, 1, 1, 0.944090247154, 1, 1, 1, 1, 1, 1, 0.743743479252, 0.786340236664, 1, 1, 1, 0.945486724377, 0.752707004547, 1, 0.680157721043, 1, 1, 1, 1, 1, 1, 1], "var": [0.0867291837931, 0.0306134689599, 0.0382970049977, 0.131656095386, 0.0386406816542, 0.00488454150036, 0.00510709872469, 0.00056637317175, 0.0202204529196, 0.0617617964745, 0.01387819089, 0.0137143917382, 0.0554832555354, 0.0178734790534, 0.0672508999705, 0.146263822913, 0.0299386773258, 0.0199942048639, 0.0876673310995, 0.0309156607836, 0.00111904263031, 0.00272547500208, 0.00265182112344, 0.0575224645436, 0.151326552033, 0.0298829432577, 0.00479992385954, 0.0154960583895, 0.00407550018281, 0.0334575735033, 0.107931651175, 0.0251257997006, 0.0171214491129, 0.0737878382206, 0.028613768518, 0.0191135574132], "mean": [0.150723487139, 0.0911640822887, 0.154645785689, 0.291322290897, 0.155288547277, 0.0249183122069, 0.0209078807384, 0.00795339606702, 0.0620732158422, 0.111001729965, 0.0547058284283, 0.0424452498555, 0.0811294615269, 0.0585687570274, 0.184548586607, 0.287231951952, 0.127163335681, 0.0777111053467, 0.15102109313, 0.0853774026036, 0.0108066452667, 0.0144836287946, 0.0186702851206, 0.204108938575, 0.335466533899, 0.146007403731, 0.0200960114598, 0.0282107498497, 0.015989638865, 0.109297774732, 0.194177150726, 0.101292341948, 0.0622978806496, 0.105850346386, 0.061675593257, 0.0744409412146]}, "tuning_equal_tempered_deviation": 0.00503278337419, "chords_changes_rate": 0.0308674834669, "key_key": "A#", "tuning_diatonic_strength": 0.442199975252, "key_scale": "major", "chords_number_rate": 0.00292708887719, "tuning_frequency": 436.960693359, "tuning_nontempered_energy_ratio": 0.575890541077, "chords_histogram": [33.4220314026, 5.2421503067, 5.88078784943, 0, 0, 0, 0.266098976135, 0, 0.931346476078, 0, 2.39489078522, 0.372538596392, 0, 0.0266098994762, 0, 0, 3.37945723534, 0.878126680851, 9.41990375519, 1.170835495, 4.78978157043, 2.07557201385, 10.457690239, 19.2921772003], "key_strength": 0.760740339756, "chords_key": "A#", "chords_strength": {"dmean2": 0.00416515721008, "median": 0.525788664818, "min": -1, "dvar2": 0.00103594665416, "dvar": 0.000536458741408, "dmean": 0.00685298303142, "max": 0.704276800156, "var": 0.0578692294657, "mean": 0.48773291707}, "chords_scale": "major", "hpcp_entropy": {"dmean2": 0.470099747181, "median": 1.27952134609, "min": 0, "dvar2": 0.293235063553, "dvar": 0.132539525628, "dmean": 0.290948688984, "max": 3.24559998512, "var": 0.39757412672, "mean": 1.27144265175}}, "metadata": {"audio_properties": {"equal_loudness": 0, "codec": "flac", "downmix": "mix", "sample_rate": 44100, "analysis_sample_rate": 44100, "bit_rate": 0, "md5_encoded": "e9f550911648349f6c8148c3d3192c44", "length": 174.466659546, "replay_gain": 2.11364936829, "lossless": true}, "version": {"essentia_build_sha": "5c9e65ec81695c916afb4cba055c226bfc528ee6", "essentia": "2.1-beta1", "extractor": "music 1.0", "essentia_git_sha": "v2.1_beta1-28-g21ef5f4"}, "tags": {"title": ["Piano Suite"], "barcode": ["794043902727"], "media": ["CD"], "albumartist": ["Patrick Doyle"], "tracktotal": ["26"], "albumartistsort": ["Doyle, Patrick"], "releasetype": ["album", "soundtrack"], "musicbrainz_recordingid": ["12d6a5b7-0436-41cb-987d-6a0e0c6b25ac"], "musicbrainz_releasegroupid": ["2ac60094-427e-3b3f-b832-903a07ee37a3"], "musicbrainz_albumartistid": ["0627192d-4fed-4f4b-bad8-383bb42fa8fa"], "musicbrainz_releasetrackid": ["cc5d4378-d39d-3352-bece-425126920b3f"], "discnumber": ["1"], "album": ["Secondhand Lions"], "catalognumber": ["NLR39027"], "releasecountry": ["US"], "originaldate": ["2003-09-23"], "artists": ["Patrick Doyle"], "date": ["2003-09-23"], "file_name": "26 Piano Suite.flac", "disctotal": ["1"], "acoustid_id": ["eb70a1ce-3d33-4f6a-b73c-dcaf2889e180"], "musicbrainz_artistid": ["0627192d-4fed-4f4b-bad8-383bb42fa8fa"], "asin": ["B0000C0FKR"], "musicbrainz_albumid": ["175b00e2-92f0-401d-9856-649082c77a74"], "tracknumber": ["26"], "artistsort": ["Doyle, Patrick"], "artist": ["Patrick Doyle"], "label": ["New Line Records"], "releasestatus": ["official"], "totaldiscs": ["1"], "script": ["Latn"], "totaltracks": ["26"]}}, "rhythm": {"bpm_histogram_first_peak_bpm": {"dmean2": 0, "median": 129, "min": 129, "dvar2": 0, "dvar": 0, "dmean": 0, "max": 129, "var": 0, "mean": 129}, "bpm": 129.481185913, "bpm_histogram_second_peak_spread": {"dmean2": 0, "median": 0.453333318233, "min": 0.453333318233, "dvar2": 0, "dvar": 0, "dmean": 0, "max": 0.453333318233, "var": 0, "mean": 0.453333318233}, "bpm_histogram_first_peak_weight": {"dmean2": 0, "median": 0.120104439557, "min": 0.120104439557, "dvar2": 0, "dvar": 0, "dmean": 0, "max": 0.120104439557, "var": 0, "mean": 0.120104439557}, "onset_rate": 2.92286491394, "beats_position": [0.476009070873, 0.940408170223, 1.4164172411, 1.91564619541, 2.39165520668, 2.90249419212, 3.39011335373, 3.85451245308, 4.33052158356, 4.80653047562, 5.2941493988, 5.75854873657, 6.2229475975, 6.6989569664, 7.18657588959, 7.6858048439, 8.18503379822, 8.67265319824, 9.14866161346, 9.62467098236, 10.077460289, 10.5186395645, 10.9714279175, 11.4358272552, 11.9234466553, 12.4226751328, 12.9102945328, 13.3979139328, 13.9087524414, 14.3963718414, 14.8723802567, 15.3483896255, 15.8360090256, 16.3120174408, 16.7880268097, 17.2640361786, 17.7284355164, 18.1928348541, 18.6456241608, 19.0984115601, 19.5628108978, 20.0388202667, 20.5032196045, 21.0024490356, 21.5248966217, 22.0589561462, 22.616235733, 23.1735134125, 23.7307929993, 24.3112926483, 24.9034004211, 25.3445796967, 25.7857589722, 26.2385482788, 26.7029476166, 27.1789569855, 27.6665763855, 28.1309738159, 28.6185932159, 29.106212616, 29.593832016, 30.0698413849, 30.5226306915, 30.9754180908, 31.4398174286, 31.9042167664, 32.3686180115, 32.8330154419, 33.3090248108, 33.7734222412, 34.2146034241, 34.6441726685, 35.0853500366, 35.514919281, 35.9444885254, 36.3856697083, 36.8268470764, 37.2564163208, 37.7092056274, 38.1271629333, 38.545124054, 38.9630813599, 39.3926506042, 39.8222198486, 40.2866210938, 40.7510185242, 41.2154197693, 41.6565971375, 42.1093864441, 42.5621757507, 43.0149650574, 43.4793624878, 43.9437637329, 44.4197731018, 44.8841705322, 45.3253517151, 45.7665290833, 46.2077102661, 46.6721076965, 47.1365089417, 47.5544662476, 47.9724235535, 48.3903846741, 48.8199539185, 49.2727432251, 49.7255325317, 50.1783218384, 50.6194992065, 51.0490684509, 51.4786376953, 51.9082069397, 52.3377761841, 52.7789573669, 53.1969146729, 53.6380958557, 54.0792732239, 54.5204544067, 55.0312919617, 55.5421295166, 56.0413589478, 56.5289802551, 57.0049858093, 57.4926071167, 57.9918365479, 58.4794540405, 58.9554634094, 59.4314727783, 59.8494338989, 60.2789993286, 60.708568573, 61.1497497559, 61.6025390625, 62.0553283691, 62.4616775513, 62.8796348572, 63.2743759155, 63.6807250977, 64.0986862183, 64.5282516479, 64.9346008301, 65.3409500122, 65.7472991943, 66.1768722534, 66.6064376831, 67.0243988037, 67.4423599243, 67.8487091064, 68.2666625977, 68.6730117798, 69.0793609619, 69.474105835, 69.8688430786, 70.2868041992, 70.7047576904, 71.122718811, 71.5290679932, 71.9354171753, 72.3185501099, 72.701675415, 73.0848083496, 73.4679336548, 73.8510665894, 74.2341918945, 74.6289291382, 75.0468902588, 75.4300231934, 75.8015441895, 76.1730575562, 76.5445785522, 76.9044876099, 77.2643966675, 77.6126937866, 77.9493865967, 78.2860794067, 78.6343765259, 78.9942855835, 79.3425827026, 79.6908798218, 80.0507888794, 80.4571380615, 80.8518829346, 81.2466201782, 81.6413574219, 82.0593185425, 82.4424438477, 82.8255767822, 83.2203140259, 83.591835022, 83.9865722656, 84.3813171387, 84.7528305054, 85.112739563, 85.4726486206, 85.8441696167, 86.2737426758, 86.7033081055, 87.1212692261, 87.5392303467, 87.9920196533, 88.4331970215, 88.8627624512, 89.3039474487, 89.7335128784, 90.1630859375, 90.5926513672, 91.0338287354, 91.486618042, 91.9277954102, 92.3689804077, 92.8101577759, 93.251335144, 93.7041244507, 94.1569137573, 94.5980911255, 95.039276123, 95.4224014282, 95.7939224243, 96.1770477295, 96.5601806641, 96.9200897217, 97.2916107178, 97.6631240845, 98.0346450806, 98.3945541382, 98.7544631958, 99.1259841919, 99.497505188, 99.8690261841, 100.240539551, 100.600448608, 100.960357666, 101.413146973, 101.865936279, 102.318725586, 102.79473877, 103.259140015, 103.72353363, 104.187934875, 104.652336121, 105.116729736, 105.59274292, 106.068748474, 106.556373596, 107.020767212, 107.485168457, 107.97278595, 108.448799133, 108.948028564, 109.447257996, 109.958091736, 110.399269104, 110.828842163, 111.258407593, 111.664756775, 112.071105957, 112.477455139, 112.883804321, 113.290153503, 113.708114624, 114.102851868, 114.474372864, 114.84589386, 115.229019165, 115.600540161, 115.983673096, 116.366798401, 116.738319397, 117.121452332, 117.551017761, 117.98059082, 118.421768188, 118.862945557, 119.327346802, 119.791740417, 120.256141663, 120.697319031, 121.150108337, 121.626121521, 122.090522766, 122.554916382, 123.030929565, 123.495323181, 123.948112488, 124.424125671, 124.888526917, 125.341316223, 125.79410553, 126.223670959, 126.664848328, 127.082809448, 127.535598755, 127.965164185, 128.406341553, 128.835922241, 129.277099609, 129.706665039, 130.12461853, 130.554199219, 130.995376587, 131.448165894, 131.912567139, 132.435012817, 132.957458496, 133.468292236, 133.990753174, 134.513198853, 135.035644531, 135.55809021, 136.092147827, 136.602996826, 137.020950317, 137.42729187, 137.84526062, 138.251602173, 138.657958984, 139.075912476, 139.470657349, 139.876998901, 140.294967651, 140.724533081, 141.165710449, 141.606887817, 142.059677124, 142.500854492, 142.976867676, 143.429656982, 143.870834351, 144.335235596, 144.799636841, 145.264038086, 145.728439331, 146.192825317, 146.657226562, 147.121627808, 147.574417114, 148.027206421, 148.468383789, 148.897949219, 149.327529907, 149.768707275, 150.221496582, 150.674285889, 151.115463257, 151.568252563, 152.102310181, 152.636367798, 153.228485107, 153.820587158, 154.401092529, 154.981582642, 155.562088013, 156.154190063, 156.757904053, 157.361633301, 157.907302856, 158.452972412, 159.010253906, 159.567520142, 160.113189697, 160.68208313, 161.239364624, 161.796646118, 162.353912354, 162.911193848, 163.468475342, 164.025756836, 164.58303833, 165.151931763, 165.720809937, 166.289703369, 166.858596802, 167.427474976, 167.961532593, 168.49559021, 169.029663086, 169.552108765, 170.086166382, 170.620223999, 171.154281616, 171.688339233, 172.222396851, 172.756454468, 173.290512085, 173.824569702], "beats_loudness": {"dmean2": 0.0266062449664, "median": 0.0122421747074, "min": 0, "dvar2": 0.00121835211758, "dvar": 0.000465864606667, "dmean": 0.0160011556, "max": 0.169092744589, "var": 0.000737328489777, "mean": 0.0222722683102}, "danceability": 0.862761557102, "bpm_histogram_second_peak_weight": {"dmean2": 0, "median": 0.10704960674, "min": 0.10704960674, "dvar2": 0, "dvar": 0, "dmean": 0, "max": 0.10704960674, "var": 0, "mean": 0.10704960674}, "beats_count": 384, "bpm_histogram_second_peak_bpm": {"dmean2": 0, "median": 136, "min": 136, "dvar2": 0, "dvar": 0, "dmean": 0, "max": 136, "var": 0, "mean": 136}, "bpm_histogram_first_peak_spread": {"dmean2": 0, "median": 0.581818223, "min": 0.581818223, "dvar2": 0, "dvar": 0, "dmean": 0, "max": 0.581818223, "var": 0, "mean": 0.581818223}, "beats_loudness_band_ratio": {"dmean2": [0.12293240428, 0.360744804144, 0.385897129774, 0.317476540804, 0.0500727966428, 0.00129578425549], "median": [0.0473820492625, 0.331237912178, 0.335092484951, 0.077385507524, 0.00599053967744, 9.05146298464e-05], "min": [0, 0, 0, 0, 0, 0], "dvar2": [0.0230403319001, 0.0868770852685, 0.123413577676, 0.156536355615, 0.0259528681636, 2.03516501642e-05], "dvar": [0.010869121179, 0.0313575305045, 0.0417770408094, 0.0580064766109, 0.00835888832808, 8.17460568214e-06], "dmean": [0.0733198001981, 0.208030998707, 0.226273283362, 0.177626207471, 0.026302292943, 0.000743014097679], "max": [0.99990850687, 0.927883207798, 0.979096055031, 0.978752672672, 0.805669665337, 0.0325651168823], "var": [0.0356576256454, 0.0572723932564, 0.067793622613, 0.0645228102803, 0.00457306904718, 5.73726492803e-06], "mean": [0.122316241264, 0.341236323118, 0.366348624229, 0.188847616315, 0.0193410422653, 0.000584720924962]}}, "lowlevel": {"barkbands_spread": {"dmean2": 1.38369083405, "median": 4.41219472885, "min": 0.00306499097496, "dvar2": 7.3485455513, "dvar": 2.85413217545, "dmean": 0.889799714088, "max": 95.448677063, "var": 16.8588352203, "mean": 5.16360092163}, "melbands_spread": {"dmean2": 2.25845265388, "median": 6.73510026932, "min": 8.60766302679e-09, "dvar2": 23.9033737183, "dvar": 10.7402582169, "dmean": 1.47865831852, "max": 160.726089478, "var": 341.145507812, "mean": 10.2062358856}, "hfc": {"dmean2": 3.83554267883, "median": 4.19741535187, "min": 1.06423674565e-16, "dvar2": 175.581115723, "dvar": 92.030708313, "dmean": 3.0261619091, "max": 234.811157227, "var": 283.706787109, "mean": 9.72725009918}, "barkbands_kurtosis": {"dmean2": 170.728347778, "median": 2.52395486832, "min": -1.7861354351, "dvar2": 4809256.5, "dvar": 1759299, "dmean": 92.4893951416, "max": 46139.28125, "var": 1473415.125, "mean": 94.174697876}, "gfcc": {"mean": [-249.53288269, 212.065490723, -121.52130127, -52.9882659912, -39.2074432373, -27.0339508057, -28.9345226288, -14.2012434006, -15.6675615311, -11.2197818756, -4.72870731354, -6.62131357193, -3.61897325516], "icov": [[0.00118798087351, -0.00317128235474, 0.00293999863788, -0.00234615150839, 0.00311160855927, -0.00115849601571, 0.000622893334366, -0.000788339530118, 0.000359706697054, -0.000113735142804, -0.000489894824568, 0.000163041622727, -0.000168197948369], [-0.00317128235474, 0.00964819360524, -0.00764167541638, 0.00698386877775, -0.00822415668517, 0.00338928890415, -0.000466793368105, 0.00202284473926, 7.25004429114e-05, 0.00104063015897, 0.00218875682913, -2.38081574935e-05, 0.00165585475042], [0.00293999863788, -0.00764167541638, 0.00884965993464, -0.00654817931354, 0.00799018051475, -0.00477823801339, 0.0035071594175, -0.00424915691838, 0.00239342567511, -0.00175870850217, 0.00116922310553, -0.000838162843138, 0.000665360537823], [-0.00234615150839, 0.00698386877775, -0.00654817931354, 0.00759725738317, -0.00685289734975, 0.00413971440867, -0.00333262002096, 0.00300798588432, -0.000710007094312, -0.000636481039692, 0.00228684186004, -0.0016571340384, 0.00147142901551], [0.00311160855927, -0.00822415668517, 0.00799018051475, -0.00685289734975, 0.0122779458761, -0.00389160006307, 0.00246869656257, -0.00340205593966, 0.000626250577625, 0.00153707514983, -0.00417890911922, 0.00220063026063, 0.00030833578785], [-0.00115849601571, 0.00338928890415, -0.00477823801339, 0.00413971440867, -0.00389160006307, 0.00713473232463, -0.00397499138489, 0.00274598924443, 0.000416716793552, -0.00107370701153, 0.0017726655351, -0.00177022919524, 8.86381822056e-05], [0.000622893334366, -0.000466793368105, 0.0035071594175, -0.00333262002096, 0.00246869656257, -0.00397499138489, 0.0114908758551, -0.0049682110548, 0.00248983735219, 0.00151761679444, 0.000453865242889, 0.00267140800133, -0.000995711772703], [-0.000788339530118, 0.00202284473926, -0.00424915691838, 0.00300798588432, -0.00340205593966, 0.00274598924443, -0.0049682110548, 0.0135690234601, -0.00732393655926, 0.00198793760501, -0.00300307455473, 0.00134507904295, -0.000401717756176], [0.000359706697054, 7.25004429114e-05, 0.00239342567511, -0.000710007094312, 0.000626250577625, 0.000416716793552, 0.00248983735219, -0.00732393655926, 0.0169768687338, -0.00788137409836, 0.00759228505194, -0.00143484352157, 0.00151490769349], [-0.000113735142804, 0.00104063015897, -0.00175870850217, -0.000636481039692, 0.00153707514983, -0.00107370701153, 0.00151761679444, 0.00198793760501, -0.00788137409836, 0.0200509559363, -0.0127449845895, 0.00609251996502, 0.00015850251657], [-0.000489894824568, 0.00218875682913, 0.00116922310553, 0.00228684186004, -0.00417890911922, 0.0017726655351, 0.000453865242889, -0.00300307455473, 0.00759228505194, -0.0127449845895, 0.0281086210161, -0.0153108770028, 0.00759837217629], [0.000163041622727, -2.38081574935e-05, -0.000838162843138, -0.0016571340384, 0.00220063026063, -0.00177022919524, 0.00267140800133, 0.00134507904295, -0.00143484352157, 0.00609251996502, -0.0153108770028, 0.0208431594074, -0.00900595914572], [-0.000168197948369, 0.00165585475042, 0.000665360537823, 0.00147142901551, 0.00030833578785, 8.86381822056e-05, -0.000995711772703, -0.000401717756176, 0.00151490769349, 0.00015850251657, 0.00759837217629, -0.00900595914572, 0.0190283060074]], "cov": [[35514.8828125, 7701.06054688, -7751.28564453, -2211.66064453, -744.160644531, -2394.74365234, -626.783081055, -1039.50952148, -463.488433838, -955.19543457, -177.553207397, -683.341674805, -153.353775024], [7701.06054688, 2544.765625, -1141.46716309, -877.544677734, -69.1979904175, -407.713806152, -325.066253662, -201.381591797, -156.37739563, -250.303039551, -98.0798034668, -200.751266479, -105.157196045], [-7751.28564453, -1141.46716309, 2697.31445312, 508.413299561, -34.2127418518, 763.655334473, 4.41282892227, 253.051834106, 40.4778251648, 225.194793701, -45.467010498, 157.990341187, -12.4131994247], [-2211.66064453, -877.544677734, 508.413299561, 776.97064209, 61.6937141418, 65.1051635742, 149.227005005, 57.9685096741, 52.1730308533, 95.8390884399, 18.0110454559, 65.9612045288, 5.75966024399], [-744.160644531, -69.1979904175, -34.2127418518, 61.6937141418, 302.381744385, -1.92484295368, 12.7385559082, 39.1383132935, 14.0070877075, 2.93446350098, 36.3548545837, -12.800034523, -29.2435626984], [-2394.74365234, -407.713806152, 763.655334473, 65.1051635742, -1.92484295368, 462.277893066, 64.3549194336, 50.6915054321, -15.1865406036, 58.1527023315, -12.4749822617, 63.8924407959, 20.8359012604], [-626.783081055, -325.066253662, 4.41282892227, 149.227005005, 12.7385559082, 64.3549194336, 188.474716187, 45.1060371399, 12.6277694702, 2.69157719612, -7.87262010574, -2.42509961128, 22.3300151825], [-1039.50952148, -201.381591797, 253.051834106, 57.9685096741, 39.1383132935, 50.6915054321, 45.1060371399, 155.161865234, 63.8928794861, 35.4984054565, 0.746933758259, -1.15411686897, -6.45652961731], [-463.488433838, -156.37739563, 40.4778251648, 52.1730308533, 14.0070877075, -15.1865406036, 12.6277694702, 63.8928794861, 115.988540649, 46.1342086792, -8.23935508728, -13.852183342, -6.96982145309], [-955.19543457, -250.303039551, 225.194793701, 95.8390884399, 2.93446350098, 58.1527023315, 2.69157719612, 35.4984054565, 46.1342086792, 118.127609253, 41.2998390198, 18.9906921387, -13.5359544754], [-177.553207397, -98.0798034668, -45.467010498, 18.0110454559, 36.3548545837, -12.4749822617, -7.87262010574, 0.746933758259, -8.23935508728, 41.2998390198, 99.3706512451, 54.032875061, -7.55991172791], [-683.341674805, -200.751266479, 157.990341187, 65.9612045288, -12.800034523, 63.8924407959, -2.42509961128, -1.15411686897, -13.852183342, 18.9906921387, 54.032875061, 121.143043518, 37.2669906616], [-153.353775024, -105.157196045, -12.4131994247, 5.75966024399, -29.2435626984, 20.8359012604, 22.3300151825, -6.45652961731, -6.96982145309, -13.5359544754, -7.55991172791, 37.2669906616, 83.0708847046]]}, "spectral_energyband_middle_low": {"dmean2": 0.00316554680467, "median": 0.00605983706191, "min": 1.27008170841e-22, "dvar2": 4.44663710368e-05, "dvar": 2.73140103673e-05, "dmean": 0.00238067819737, "max": 0.223036319017, "var": 0.000232998208958, "mean": 0.0110973948613}, "melbands_crest": {"dmean2": 3.44219827652, "median": 14.1988830566, "min": 1.55903720856, "dvar2": 14.93105793, "dvar": 6.12962293625, "dmean": 2.21179127693, "max": 40, "var": 42.3946113586, "mean": 15.4616231918}, "spectral_kurtosis": {"dmean2": 44.6118659973, "median": 78.8701248169, "min": -1.25889062881, "dvar2": 1558.29748535, "dvar": 555.052856445, "dmean": 25.67029953, "max": 272.728149414, "var": 2279.140625, "mean": 81.3907318115}, "spectral_rms": {"dmean2": 0.000495728163514, "median": 0.00285024638288, "min": 3.10493861524e-12, "dvar2": 7.45441354866e-07, "dvar": 4.25206536647e-07, "dmean": 0.000387114501791, "max": 0.0154371969402, "var": 5.05305115439e-06, "mean": 0.00320240086876}, "zerocrossingrate": {"dmean2": 0.00305323628709, "median": 0.025390625, "min": 0, "dvar2": 7.3707458796e-05, "dvar": 4.88404766656e-05, "dmean": 0.00238636578433, "max": 0.52880859375, "var": 0.0047250376083, "mean": 0.0361026003957}, "silence_rate_60dB": {"dmean2": 0.060162384063, "median": 0, "min": 0, "dvar2": 0.0648002624512, "dvar": 0.0291711520404, "dmean": 0.0300771892071, "max": 1, "var": 0.200356945395, "mean": 0.27717897296}, "erbbands_kurtosis": {"dmean2": 3.37032341957, "median": 1.1452088356, "min": -1.78721916676, "dvar2": 404.806304932, "dvar": 192.866531372, "dmean": 2.13382339478, "max": 319.902526855, "var": 426.234619141, "mean": 4.74580335617}, "erbbands": {"dmean2": [0.000700594275258, 0.0109910517931, 0.116423472762, 0.431241631508, 0.912100434303, 2.15124988556, 6.83164930344, 8.18207740784, 16.7832279205, 12.7103061676, 17.4805049896, 11.3884315491, 19.9688720703, 50.7575149536, 21.9124069214, 21.4852313995, 12.3404321671, 6.70154857635, 7.43552780151, 1.55569720268, 1.65957939625, 0.952944099903, 0.539566159248, 0.362948358059, 0.349636495113, 0.110956430435, 0.0589822530746, 0.0211990680546, 0.0129990978166, 0.00482545793056, 0.00204996950924, 0.00078753271373, 0.000225379451877, 5.92159340158e-05, 2.19383982767e-05, 8.92894877325e-06, 3.69158897229e-06, 1.20596109809e-06, 2.66126744464e-06, 6.03164971835e-06], "median": [0.000457085872767, 0.00384265650064, 0.0534943044186, 0.312188535929, 0.766202628613, 1.66184437275, 5.29585456848, 8.27711868286, 10.0924911499, 8.33396625519, 7.584836483, 7.6118721962, 5.67343091965, 7.4087395668, 5.30099105835, 3.43829584122, 2.15519285202, 1.57965910435, 1.25002396107, 0.500168085098, 0.287286430597, 0.170772090554, 0.0894071981311, 0.0335113182664, 0.0134419975802, 0.00332351727411, 0.00118794641457, 0.000458341673948, 0.000253900623647, 0.000138025963679, 8.66962363943e-05, 6.37345510768e-05, 4.92133076477e-05, 3.62697101082e-05, 2.61010809481e-05, 1.64045832207e-05, 8.47732189868e-06, 2.71828866971e-06, 4.61121499029e-06, 9.48422893998e-06], "min": [7.04702762606e-23, 1.77852338775e-22, 2.48759927967e-21, 4.73204098268e-21, 8.36041057851e-21, 2.0149946854e-20, 3.27232844196e-20, 1.10011092362e-19, 8.63308048924e-20, 1.33325048679e-19, 2.03945425455e-19, 2.87177178796e-19, 4.93924019416e-19, 7.59834048621e-19, 1.1505128995e-18, 9.58004913295e-19, 1.25897675052e-18, 2.10999401999e-18, 2.35600539238e-18, 1.99065543225e-18, 3.23663345303e-18, 5.09518855505e-18, 5.09149064412e-18, 6.07010238423e-18, 6.59406794913e-18, 7.99989696893e-18, 8.61878109554e-18, 1.11711171859e-17, 1.00408815852e-17, 1.13911406114e-17, 1.06961509054e-17, 1.0065644064e-17, 9.62313717785e-18, 8.14490752058e-18, 6.82404401176e-18, 4.3768864178e-18, 2.38382078804e-18, 9.72405093784e-19, 2.43856928785e-19, 2.55284593737e-20], "dvar2": [7.92149648987e-07, 0.000656332704239, 0.0885532349348, 0.705397188663, 3.57771110535, 20.7954406738, 310.387084961, 419.287811279, 2338.10083008, 1349.5657959, 6454.95800781, 3957.03759766, 10574.5742188, 144711.109375, 29753.3808594, 29709.8925781, 16530.5898438, 2301.38110352, 5631.63964844, 51.854057312, 61.843296051, 18.1833992004, 4.2262096405, 2.98217988014, 5.01890897751, 0.620952486992, 0.147915169597, 0.022562192753, 0.00931963231415, 0.00112158083357, 0.00019071479619, 4.72134961456e-05, 2.55818372352e-06, 1.29442128127e-07, 1.58412856166e-08, 6.30224539222e-10, 4.96000809869e-11, 4.83883809757e-12, 5.51147079364e-11, 2.77891765155e-10], "dvar": [3.05718202753e-07, 0.000380014127586, 0.0495613887906, 0.279465168715, 1.51586174965, 11.2760276794, 175.194442749, 254.565429688, 1007.46063232, 732.664489746, 5690.58349609, 2614.14086914, 5218.8984375, 62383.0976562, 27667.9257812, 14862.7626953, 9421.70019531, 1277.33691406, 3148.20605469, 29.3569927216, 32.0947914124, 9.30879020691, 1.96578168869, 1.47517538071, 2.01179432869, 0.280377984047, 0.0778598189354, 0.0107233477756, 0.00432139821351, 0.000495098240208, 9.13347612368e-05, 2.00940812647e-05, 1.13606233754e-06, 5.73787239944e-08, 6.19415096992e-09, 2.63625399288e-10, 2.43787715709e-11, 2.39170272129e-12, 2.90854996338e-11, 1.45476797275e-10], "dmean": [0.000411742628785, 0.00734522240236, 0.0793240070343, 0.275736004114, 0.585386276245, 1.42528522015, 4.86490011215, 5.92085647583, 11.0857486725, 8.44733524323, 15.4650506973, 9.88507843018, 15.2138910294, 36.2699127197, 20.5265007019, 16.378408432, 9.36448955536, 5.07257843018, 5.47853279114, 1.16638696194, 1.19703257084, 0.703014671803, 0.37754380703, 0.258590579033, 0.236547246575, 0.0765940099955, 0.0433680154383, 0.0149006005377, 0.00901416409761, 0.00332550401799, 0.00137940549757, 0.000496485037729, 0.000139148396556, 3.77096694137e-05, 1.38469122248e-05, 5.68573432247e-06, 2.42948635787e-06, 7.71617010287e-07, 2.06678555514e-06, 4.67568952445e-06], "max": [0.014957123436, 0.901844382286, 8.76252651215, 11.5776596069, 34.9351043701, 165.356369019, 484.06942749, 664.8984375, 1053.47766113, 1501.89819336, 3449.03979492, 2526.46459961, 2038.08422852, 6805.69580078, 9058.28613281, 4659.23681641, 6230.32226562, 1765.56848145, 3387.21069336, 219.664871216, 177.081329346, 102.340965271, 45.4267311096, 37.0348472595, 60.8530273438, 21.6450805664, 11.3743867874, 5.64262199402, 2.49817299843, 0.65461397171, 0.487198114395, 0.261674493551, 0.0435687825084, 0.00995339732617, 0.00418176269159, 0.000566259550396, 0.000131439621327, 4.05535975005e-05, 0.000128397790832, 0.000286099791992], "var": [1.16410467399e-06, 0.00241368683055, 0.245835676789, 1.42882406712, 6.66655921936, 84.1143112183, 999.87890625, 2412.38476562, 6282.29736328, 3290.50708008, 38319.765625, 12948.8066406, 23181.9179688, 81102.4765625, 95690.28125, 38910.546875, 16212.5917969, 2473.95849609, 5287.13818359, 68.4740753174, 67.2641372681, 27.2558326721, 5.16819477081, 3.2564663887, 2.84614419937, 0.362957417965, 0.142485663295, 0.0178991761059, 0.00568630127236, 0.000639776233584, 0.000125213817228, 2.28758835874e-05, 1.35000266255e-06, 7.34436014227e-08, 6.16321216285e-09, 5.04588260064e-10, 9.47459125045e-11, 8.23560837582e-12, 1.23299093158e-10, 6.281192233e-10], "mean": [0.000799361499958, 0.0188779588789, 0.226151153445, 0.800668299198, 1.65535163879, 4.58913040161, 15.3465499878, 26.3052368164, 37.4764175415, 26.3514785767, 58.9395484924, 33.6780281067, 47.5122299194, 63.0008964539, 41.9507369995, 35.5788383484, 17.7748737335, 10.5102424622, 9.54922389984, 2.62257385254, 2.39169025421, 1.62168693542, 0.821134150028, 0.519006490707, 0.391732573509, 0.116893477738, 0.0670156255364, 0.0226130764931, 0.0121058905497, 0.00438718032092, 0.00181171973236, 0.000638457655441, 0.000200469294214, 7.59965769248e-05, 3.8876223698e-05, 2.2228969101e-05, 1.13216865429e-05, 3.51103471985e-06, 8.34706952446e-06, 1.7992730136e-05]}, "spectral_strongpeak": {"dmean2": 0.653312802315, "median": 0.963278412819, "min": 0, "dvar2": 1.62212049961, "dvar": 0.877682447433, "dmean": 0.450595349073, "max": 19.831495285, "var": 3.72532010078, "mean": 1.54697775841}, "spectral_energy": {"dmean2": 0.00521665858105, "median": 0.00832700170577, "min": 9.88166034848e-21, "dvar2": 0.000199899252038, "dvar": 0.000104613362055, "dmean": 0.00403578858823, "max": 0.244264736772, "var": 0.000467483274406, "mean": 0.0156910642982}, "average_loudness": 0.207508772612, "spectral_rolloff": {"dmean2": 105.602874756, "median": 689.0625, "min": 21.533203125, "dvar2": 195135.84375, "dvar": 100335.296875, "dmean": 60.2342987061, "max": 19616.7480469, "var": 6796827.5, "mean": 1073.86621094}, "spectral_centroid": {"dmean2": 81.3332748413, "median": 523.110839844, "min": 237.666610718, "dvar2": 95760.1953125, "dvar": 44399.1679688, "dmean": 54.1644287109, "max": 11856.2285156, "var": 2307436.5, "mean": 798.99395752}, "pitch_salience": {"dmean2": 0.0785004422069, "median": 0.551487386227, "min": 1.64726461662e-05, "dvar2": 0.00788256525993, "dvar": 0.00333975534886, "dmean": 0.050173420459, "max": 0.977003753185, "var": 0.0224303435534, "mean": 0.534591794014}, "spectral_energyband_middle_high": {"dmean2": 0.00257126567885, "median": 0.00080805021571, "min": 1.0694765764e-21, "dvar2": 0.000163757198607, "dvar": 8.10611963971e-05, "dmean": 0.00200714753009, "max": 0.209682926536, "var": 0.000175942521309, "mean": 0.00442334217951}, "spectral_contrast_coeffs": {"dmean2": [0.0626683235168, 0.051778934896, 0.0441647022963, 0.0387812033296, 0.028355685994, 0.0339418426156], "median": [-0.575549662113, -0.655606031418, -0.708646297455, -0.720005393028, -0.738408207893, -0.8570510149], "min": [-0.98892223835, -0.987491369247, -0.986282110214, -0.986566960812, -0.968963742256, -0.976460039616], "dvar2": [0.00265677110292, 0.00223066541366, 0.00219034100883, 0.0017962732818, 0.000999900745228, 0.00136731099337], "dvar": [0.00098897900898, 0.000925466243643, 0.00093412771821, 0.000781012873631, 0.000437640555901, 0.000518995570019], "dmean": [0.0377687029541, 0.032102253288, 0.028228757903, 0.0250860787928, 0.0183581933379, 0.0200352631509], "max": [-0.308548688889, -0.35911667347, -0.385896652937, -0.438860595226, -0.564500749111, -0.58296084404], "var": [0.0126620614901, 0.0102876322344, 0.00941747892648, 0.00715219555423, 0.00737079838291, 0.0035371275153], "mean": [-0.58998799324, -0.664223074913, -0.706657648087, -0.728867530823, -0.757163882256, -0.839221596718]}, "melbands_skewness": {"dmean2": 124.527809143, "median": 0.971891283989, "min": -4.82089853287, "dvar2": 4315697.5, "dvar": 2029519.125, "dmean": 62.9066390991, "max": 33429.3164062, "var": 4115030, "mean": 126.490692139}, "spectral_spread": {"dmean2": 489293.6875, "median": 926403, "min": 325736.46875, "dvar2": 1611902746620.0, "dvar": 710081183744, "dmean": 279909.21875, "max": 43112132, "var": 35139811803100.0, "mean": 2082817.75}, "dissonance": {"dmean2": 0.0657646358013, "median": 0.386883765459, "min": 0.115408353508, "dvar2": 0.00412437645718, "dvar": 0.0015496785054, "dmean": 0.0384486988187, "max": 0.500000119209, "var": 0.00453027058393, "mean": 0.382698148489}, "spectral_skewness": {"dmean2": 2.4092373848, "median": 6.18659162521, "min": -0.0918147861958, "dvar2": 3.97522497177, "dvar": 1.37323951721, "dmean": 1.37677192688, "max": 13.4816532135, "var": 5.97832918167, "mean": 6.117146492}, "spectral_flux": {"dmean2": 0.0211343206465, "median": 0.0202447455376, "min": 0, "dvar2": 0.0015075400006, "dvar": 0.000619333935902, "dmean": 0.0133795998991, "max": 0.363918781281, "var": 0.00101038825233, "mean": 0.0292565375566}, "spectral_contrast_valleys": {"dmean2": [0.668643772602, 0.479597151279, 0.468501865864, 0.489447176456, 0.427111268044, 0.552876591682], "median": [-9.09883594513, -7.11536169052, -8.02927112579, -9.71166801453, -11.5114631653, -14.3800907135], "min": [-28.2075252533, -27.9502887726, -27.877243042, -27.6896324158, -27.5314445496, -27.4203338623], "dvar2": [0.451737910509, 0.396540910006, 0.395840764046, 0.48690661788, 0.50908601284, 0.504707694054], "dvar": [0.190472602844, 0.195066198707, 0.203187450767, 0.245127335191, 0.258001595736, 0.225637838244], "dmean": [0.395121663809, 0.294427394867, 0.294025152922, 0.312962472439, 0.272312134504, 0.31729093194], "max": [-6.51709938049, -4.49199771881, -5.55879735947, -6.61213064194, -7.28042936325, -11.8172922134], "var": [8.63452339172, 11.0322904587, 10.4464731216, 8.987657547, 7.08454322815, 4.29539442062], "mean": [-9.56045532227, -7.83708000183, -8.76964569092, -10.312623024, -11.7652082443, -14.5668020248]}, "erbbands_flatness_db": {"dmean2": 0.0192893166095, "median": 0.370958358049, "min": 0.024491129443, "dvar2": 0.000705689424649, "dvar": 0.000353701849235, "dmean": 0.0128055401146, "max": 0.53825032711, "var": 0.00542660383508, "mean": 0.36320912838}, "spectral_energyband_high": {"dmean2": 2.07364496418e-06, "median": 6.38558432797e-08, "min": 2.23519357739e-22, "dvar2": 1.89616461421e-10, "dvar": 9.46223724374e-11, "dmean": 1.49352854351e-06, "max": 0.000476566056022, "var": 1.55924578804e-10, "mean": 2.34353706219e-06}, "spectral_entropy": {"dmean2": 0.202384114265, "median": 5.73281621933, "min": 4.3692483902, "dvar2": 0.0755688846111, "dvar": 0.0314402729273, "dmean": 0.129407390952, "max": 9.82161712646, "var": 0.593520581722, "mean": 5.86839199066}, "silence_rate_20dB": {"dmean2": 0, "median": 1, "min": 1, "dvar2": 0, "dvar": 0, "dmean": 0, "max": 1, "var": 0, "mean": 1}, "melbands_flatness_db": {"dmean2": 0.026152221486, "median": 0.434557884932, "min": 0.0029920078814, "dvar2": 0.00165420491248, "dvar": 0.000841743545607, "dmean": 0.0168761070818, "max": 1, "var": 0.00730634154752, "mean": 0.426111549139}, "barkbands": {"dmean2": [2.85634887405e-05, 3.70050984202e-05, 0.000139570183819, 0.000201605027542, 0.000612197502051, 0.00100148667116, 0.00120108411647, 0.000785778276622, 0.000482609524624, 0.00134778697975, 0.000616088160314, 0.00054318702314, 0.000226783784456, 0.000166038502357, 6.18345366092e-05, 3.0069542845e-05, 2.25115672947e-05, 6.87539159117e-06, 8.54507197801e-06, 2.1110849957e-06, 8.67661810844e-07, 3.05483069951e-07, 9.35282997716e-08, 1.97480432007e-08, 3.94548838045e-09, 1.5908854234e-09, 1.41244660412e-09], "median": [8.16644478618e-06, 1.52930570039e-05, 5.11617035954e-05, 0.000130217638798, 0.000508870056365, 0.00108314934187, 0.000656638643704, 0.000268582283752, 0.00022003617778, 0.000157559639774, 0.000140780743095, 6.23722735327e-05, 3.12492193189e-05, 1.80137958523e-05, 1.43097668115e-05, 3.52362530975e-06, 3.38030508829e-06, 1.027450935e-06, 4.65465120669e-07, 5.28516501674e-08, 1.44512002365e-08, 6.0367839616e-09, 2.9668016932e-09, 2.60858157297e-09, 2.74059464012e-09, 3.05296277148e-09, 3.69572661363e-09], "min": [4.09610256491e-25, 1.11278819633e-24, 1.42553949777e-24, 9.71468301106e-25, 4.79943211395e-24, 6.0605603773e-24, 4.26014313331e-24, 4.66602784627e-24, 9.57463278747e-24, 8.34676684419e-24, 1.76254923841e-23, 2.03733883732e-23, 2.63796411992e-23, 3.42306373635e-23, 4.31927535791e-23, 4.37647092898e-23, 7.24450601636e-23, 8.77753412336e-23, 8.47476741467e-23, 5.92389416977e-23, 3.72860660433e-23, 2.74203980133e-23, 1.36330089671e-23, 1.88446784908e-23, 1.46630435837e-23, 3.17912711852e-23, 5.23855926768e-23], "dvar2": [1.33566213645e-09, 6.03682748235e-09, 1.26583543647e-07, 1.64437111039e-07, 1.78314337518e-06, 5.6117442e-06, 1.2665428585e-05, 1.41685859489e-05, 6.14086411588e-06, 0.000106426981802, 1.63729273481e-05, 1.98900597752e-05, 6.75736737321e-06, 4.20748347096e-06, 5.45299982946e-08, 3.98778041699e-08, 8.79302852752e-09, 8.21896939396e-10, 1.8960306658e-09, 2.47080994553e-10, 2.87617811512e-11, 5.34633708832e-12, 4.39883074627e-13, 3.48403048761e-14, 5.29531487882e-16, 1.07069844899e-17, 4.81918940391e-18], "dvar": [4.46598313886e-10, 3.35325212042e-09, 6.81628975485e-08, 5.84318620156e-08, 1.16248168069e-06, 3.43615943166e-06, 4.78291394757e-06, 1.16894771054e-05, 4.15496742789e-06, 4.60544215457e-05, 1.41445298141e-05, 1.00620172816e-05, 3.9199640014e-06, 2.37477684095e-06, 2.75062568278e-08, 2.24067822074e-08, 4.81603867897e-09, 3.69200447992e-10, 8.06371469597e-10, 1.13074834218e-10, 1.56756829739e-11, 2.27070424096e-12, 1.9890202495e-13, 1.47467673787e-14, 2.17307374644e-16, 3.80462715361e-18, 1.51484511728e-18], "dmean": [1.58132261276e-05, 2.41812376771e-05, 9.50985704549e-05, 0.000125020960695, 0.000423423858592, 0.000734071771149, 0.000760710972827, 0.00066811114084, 0.000398430303903, 0.000969793938566, 0.00055070820963, 0.000405245635193, 0.000171502892044, 0.000124846075778, 4.36690897914e-05, 2.22743128688e-05, 1.61568877957e-05, 4.7273842938e-06, 5.87025533605e-06, 1.47130776895e-06, 6.39132167635e-07, 2.07811879704e-07, 6.30062260143e-08, 1.22216325948e-08, 2.45474152116e-09, 9.03812968911e-10, 7.92502286018e-10], "max": [0.000368649343727, 0.00264442618936, 0.00892766844481, 0.00476529495791, 0.0621089376509, 0.0774538144469, 0.0647977888584, 0.195868417621, 0.0936051681638, 0.206892848015, 0.