{"tonal": {"thpcp": [1, 0.593974173069, 0.306705862284, 0.318541973829, 0.223409444094, 0.177752733231, 0.192475542426, 0.262626945972, 0.378352314234, 0.362379461527, 0.253066748381, 0.210657164454, 0.195559188724, 0.204470336437, 0.245075166225, 0.259029358625, 0.272429287434, 0.302871346474, 0.273487389088, 0.225067406893, 0.218911081553, 0.230581507087, 0.271124064922, 0.335633009672, 0.322755277157, 0.248278811574, 0.212686881423, 0.2203348279, 0.284530758858, 0.402496814728, 0.365245610476, 0.230315953493, 0.224046632648, 0.282210618258, 0.317278414965, 0.689916789532], "hpcp": {"dmean2": [0.198448523879, 0.194439142942, 0.221590578556, 0.238297879696, 0.244822084904, 0.246835887432, 0.238705798984, 0.207228451967, 0.21120351553, 0.231396794319, 0.250260263681, 0.279676020145, 0.288204520941, 0.245674699545, 0.216186359525, 0.208518728614, 0.244287192822, 0.294733703136, 0.271983593702, 0.197980359197, 0.212848067284, 0.275952756405, 0.274355262518, 0.418866783381, 0.571311175823, 0.368775993586, 0.265859812498, 0.26971206069, 0.200033858418, 0.178962036967, 0.198127940297, 0.241393998265, 0.304142594337, 0.298818677664, 0.231478095055, 0.214191958308], "median": [0.0198317654431, 0.0260783173144, 0.0298513639718, 0.0269069559872, 0.0265462193638, 0.027912683785, 0.0286989472806, 0.0263375528157, 0.0245815627277, 0.0220926217735, 0.0241323988885, 0.029095236212, 0.028912357986, 0.0202443171293, 0.0151652172208, 0.0187097862363, 0.0336306318641, 0.0460246540606, 0.0433877706528, 0.0235105678439, 0.0142118539661, 0.0145009420812, 0.0197846591473, 0.248196929693, 0.254542827606, 0.17648024857, 0.0279877670109, 0.0270811952651, 0.020404804498, 0.0163873825222, 0.0179873872548, 0.0290283821523, 0.0442569553852, 0.0476281791925, 0.0290280617774, 0.0194495785981], "min": [0, 0, 0, 0, 0, 0, 0, 0, 0, 0, 0, 0, 0, 0, 0, 0, 0, 0, 0, 0, 0, 0, 0, 0, 0, 0, 0, 0, 0, 0, 0, 0, 0, 0, 0, 0], "dvar2": [0.101755894721, 0.0973489582539, 0.1125151366, 0.123614214361, 0.130389422178, 0.124953091145, 0.116512551904, 0.100482657552, 0.105684958398, 0.13430224359, 0.139857724309, 0.154004335403, 0.163859561086, 0.136024400592, 0.123541012406, 0.109960451722, 0.114265590906, 0.139056310058, 0.122872263193, 0.0923203900456, 0.124182485044, 0.183397814631, 0.153211459517, 0.16765640676, 0.306530147791, 0.1440076828, 0.134906992316, 0.147189438343, 0.0927572846413, 0.0846048295498, 0.092380091548, 0.123105108738, 0.147741764784, 0.14475569129, 0.113505989313, 0.112977795303], "dvar": [0.0365260243416, 0.0352733246982, 0.0418814755976, 0.0460933111608, 0.0490350648761, 0.0480968095362, 0.0427339039743, 0.0363355837762, 0.038513623178, 0.0478164330125, 0.0521181300282, 0.0598114542663, 0.0604842118919, 0.0490871332586, 0.0447198487818, 0.040728379041, 0.0422880165279, 0.0570940412581, 0.0500454343855, 0.0340891107917, 0.0463662520051, 0.0693884342909, 0.0598069913685, 0.0674940869212, 0.132034450769, 0.0576463155448, 0.0499468035996, 0.0553342029452, 0.0348884165287, 0.0298080090433, 0.0331500507891, 0.0449548102915, 0.0573624446988, 0.0551230236888, 0.040893830359, 0.0404922813177], "dmean": [0.108065284789, 0.108166635036, 0.124517954886, 0.134213700891, 0.137880757451, 0.139716222882, 0.134337171912, 0.115703001618, 0.116217620671, 0.126266226172, 0.139076530933, 0.157414153218, 0.160080119967, 0.134804472327, 0.118384800851, 0.116210311651, 0.138719648123, 0.16893351078, 0.155532047153, 0.111285015941, 0.119190566242, 0.152037665248, 0.154597684741, 0.232702255249, 0.31057330966, 0.206159025431, 0.150308072567, 0.152007102966, 0.111394539475, 0.0984322503209, 0.108284026384, 0.135647639632, 0.173196554184, 0.167587697506, 0.12851369381, 0.117191664875], "max": [1, 1, 1, 1, 1, 1, 1, 1, 1, 1, 1, 1, 1, 1, 1, 1, 1, 1, 1, 1, 1, 1, 1, 1, 1, 1, 1, 1, 1, 1, 1, 1, 1, 1, 1, 1], "var": [0.0297372248024, 0.0293907858431, 0.0364436209202, 0.0411243326962, 0.0460018627346, 0.0533821359277, 0.0424445345998, 0.0314613953233, 0.033481515944, 0.038638420403, 0.0485144667327, 0.0653464645147, 0.0583094209433, 0.0415023975074, 0.0368733927608, 0.0364503972232, 0.04076083377, 0.0751728639007, 0.0620765984058, 0.0342389382422, 0.0431088097394, 0.0625477433205, 0.0643137395382, 0.0810129866004, 0.18592518568, 0.0648752897978, 0.0501746013761, 0.0562943592668, 0.0326100513339, 0.0239512380213, 0.0267886929214, 0.0414436869323, 0.0661880522966, 0.0605494491756, 0.0361809767783, 0.0331371054053], "mean": [0.0867536813021, 0.0907068327069, 0.108719885349, 0.114910230041, 0.12085468322, 0.13435934484, 0.121324077249, 0.0998440757394, 0.0971130132675, 0.102290228009, 0.120275661349, 0.148893028498, 0.143180221319, 0.110141083598, 0.0943518429995, 0.0977446138859, 0.126223117113, 0.178555041552, 0.162029728293, 0.102172426879, 0.0993912369013, 0.125193864107, 0.140750586987, 0.306059867144, 0.443618535995, 0.263497948647, 0.136060401797, 0.141311123967, 0.099108569324, 0.0788544043899, 0.0853857174516, 0.116506181657, 0.167844101787, 0.160758242011, 0.112265102565, 0.0934514254332]}, "tuning_equal_tempered_deviation": 0.129383593798, "chords_changes_rate": 0.120707243681, "key_key": "A#", "tuning_diatonic_strength": 0.46703389287, "key_scale": "minor", "chords_number_rate": 0.00204012240283, "tuning_frequency": 434.193115234, "tuning_nontempered_energy_ratio": 0.787761271, "chords_histogram": [15.249915123, 42.2475357056, 8.58551502228, 2.39714384079, 0.527031600475, 1.34308063984, 1.9211152792, 11.4926891327, 4.04624271393, 1.03706216812, 0.850050985813, 2.92417550087, 0.051003061235, 0.833050012589, 0, 0.153009176254, 0.0680040791631, 0.442026525736, 0.595035731792, 0.425025492907, 2.00612044334, 0.476028561592, 1.63209795952, 0.697041809559], "key_strength": 0.539998292923, "chords_key": "C#", "chords_strength": {"dmean2": 0.0180757846683, "median": 0.42369300127, "min": 0.177080959082, "dvar2": 0.000234091217862, "dvar": 0.000137020964758, "dmean": 0.0139152994379, "max": 0.730627715588, "var": 0.00576509954408, "mean": 0.429724365473}, "chords_scale": "major", "hpcp_entropy": {"dmean2": 1.3947520256, "median": 2.3262629509, "min": 0, "dvar2": 1.19814074039, "dvar": 0.431200414896, "dmean": 0.823516607285, "max": 4.82317686081, "var": 0.701671540737, "mean": 2.33274006844}}, "metadata": {"audio_properties": {"equal_loudness": 0, "codec": "mp3", "downmix": "mix", "sample_rate": 44100, "analysis_sample_rate": 44100, "bit_rate": 128000, "md5_encoded": "abe9b151279577fa560728a8e0140982", "length": 273.110198975, "replay_gain": -6.1369342804, "lossless": false}, "version": {"essentia_build_sha": "2d9f1f26377add8aeb1075a9c2973f962c4f09fd", "essentia": "2.1-beta2", "extractor": "music 1.0", "essentia_git_sha": "v2.1_beta2-1-ge3940c0"}, "tags": {"title": ["Check Yo Self (remix)"], "acoustid_fingerprint": ["AQADtEkkJYmiSEwiqNYTIn1waYcv_MGlI41-QtuaHPH44V9QrhQuhiNSHiU_MNtVuKJB7Tn-4dQNR9ITPNCl7MP3wX-gascrBd_h7bie4IsbNG826BueQw9qMeGRXqh4xNHKDLr1oM-ROkf9FE9xaYidQ0qUD5WSHnuaCb8DPQqsH7pxJbvwJ0W4nvBJtNuRL1-g0sEUjkf4HPmTED90RclR5UKW_HhwO9jhH2dw7UT7BI1zPLh4FREpSYWWSTmJ8MSP20GeKMJzSPNMpDv2pDZyNZmCOyO0CH3U404uXHmKivogm8eUQ34SPB_69MiSKsidoRufQmeONJN21Pgz_A4aHqElXNB96EHzFqd2dH3xN3hlQWNho37wFtKD-4WVf_jiY5TiBvrR62jUEno0POpDtMjDEw2NXFcCpctRuUdKov-Q50lxLYX6KMgSHf3xB3uK5ugzvMFHmHuCM7h4xLQFRSczIsykDMcfXCviQ-68IIt0NPwxK80UxGwM7RnRyOsRO8ifEJfyQdayoPkH7cd-JciXBk1FVFt-_BFC_ZAe5FsUNC_xB0dlBk0X5AqLO0b4ws9R_YijlRmuB1rGHHlQH3fwREHsF1KWo8l8YlaaCacdaM-O5sW3QV8iR_ieIuwOZ-RReQ7y5QsU0kHD8Qif40-R04GuLGB0lQij4hfuBNOP5niIn0TDB32OK8eVC7ElFYoy5kdo8fhxO4idKILcIz5FUHvx2EZkpZmCOwqhRQi_HncuIpbyCBe0iUTDD0o7Khl-hGqKpsrxB20f8CFOJJQXIvxxHZeD5hH6j_hjPA36h2henCfiSxQ0JRfS5-iPf8GLHKr1BZTy4MaVeAr0oxnR_zhFC4rEHP8zxGKWw9cm1LoQsTxqRzAjftCeGw-fCPqCkyOYzdCi4jGFk1AUHVOXEHmPX5hCZQ964sRlJPkWhHlRLtSOB6ekFLl36DuyZP5StGHxNU2FTwuF8CO05MKtH_mDbrkQOzz8geGR58GnFM0THZWNU-ge5BH0Ia20oj-ea-hmNNdxzbg7VE8PH6F-XF2H-wukkDTS5wZ_1E6NPFvAUocm5czQ6HiaQiFNBXt2NHlRCrqCH9GLhosS9IiePIHWuEGqMscd1E-G0zHySTlqH1LCDPkT_Ma0_GiqRMUjnPSIf2hutMqE-2oQbx8UWTTCTErw4XVwKlGQ95D2I92Np2mMUYrDIOgzaLl-nBehP7iUI5ysC1N-PIqGH42TBSHJB0cP6WET4QtKoYlZtC_OsIFDQy6Dtw8uUgzCdCzqHjnUrVkmdPGaIBU1HPXxFXkMTjwh0s8QS2EQMbuBKSe059BzzHo0tHyLNM8R_jjzQHmOSg_Sbx3yb3j4QKMkGS2JLBmJ58SfBNNzhBkzHH-OUD4a-Upw5Th_5KIMRT_CjJmLH9czPCvyQkcWiV_QMLiUpimiH4WWE29-nHmgUdeGnkWkL2hOXGOGXL3QPIN27fgH7cEjxAGTqrj14DnCPAdjsdCTg-_RRtEziIdmH1_HIM5VgeF0wQfjL8gNXQqeE1n4o0mUI1_T4De0Hc0nHd8CPRemRX3wwY-Soz3-FDIPZ1GW4yyH-ngSaE-UY_yCRpWOHn_A5EQfAu1HhOmxH5eCf0fEjU6gkfkR5hJ-nHKQM4Ia68hmnfB8_DZmpWkQU1EKLSrRX7iOPwmeJMF3NP8xPcUf4Q3RSMuOft_APNAnuCpCjSPuD7-CME-E-tCN-9CD5g1xHe1ePG_wyoLGwkb4IFeLB5x4iNKHS17xNg32oySLRj8eRceXB0WaLRlKH7kevBs0a8nhFRV1XE-hkAlTXEGzoz94kbhEBz0afLyRf-hTJiKan_jwNxJiP4EWLtMRcsEf5GFxj5C_IAt9NFlxKc2UYrcRPhkatYT6XbikJ-g_aFOUBf2ghTuF9cKdokk19B-qB7IUkUR-nFuI5viRUyKauESfKLiOg7HTI42P2i9yXtAXlQifwt2MHleKH_l0aImWfEGZHM8UHBUVaBF_nIb-pCh_xBSDRtSKjzNyxWkAKal4ZHmOPwmR99DWRDlcF6GOH7-DykVzFblwdOtjhDl9xD_xLLKgPZeQyw3OFM_hox9iH9qiJA_CZPnxU8gb4g60aD-q9sK1Q3-CSCQDp9qEIt8SF7qMxiHCRx8-yUJ-Jii5dBDXINR-PCFmfuiN5o3wCTn-B8119FJxTeIIaQ_CKEPV5OiLP-grPDiPjS4TJJVyI5_T4EfJ6IQ7tNKV4LrxF52eE2Hi4MmVDIplI3yWweNRX8KZR0OWLzm0ckdlmQhT_MEeFrsOO3giPKXRJ0yMhspx7vhlIRbdQ8tnI_xxvrhb5Mb3QIrkb0GYJdQQ3Q1OG9qjHI1-3MefEJWUD7JG-MuH_oPy4EbjMAjXIH409DGkNTrSo9uG98LvCP3gigjl4A1zvHKOfkGTH1fXQdoflPWQOqif4EyRR9AfVPoRRsrxNUV0U4F2EmF0Hf9yRJa-oZoeaBYRzouM5jcOXkRfhOmUQ_tTpJIuPNbhqnC3I0e5kEqg9UdTkbgS5Cemt0FzFacmvIhIyjm0RD1Ci8aPT1IafEPsfZB6pNmHNXJqxAxDBUdzaNehi5aFVk-CZ8rxP2h-HMrzBeGTBR6J6sj_aOh4Q7qENIuzos_xoA_coT_-E-cshNpyobkOdeORn-iiN3A4HLUdnBGOrNRhXoEqhTn2T8HRXEP340mUBrGkBw2PktnxJcgXqFKOMBVzdM3wfXhC1E2IPDl2ldCSD_n04ODOwtfw9HiDJuwxjSnxr0d0SoR2xwgzKSxe48cTRQriQ-7YgMm-BWGxOw3yKDU0ednRPCuO57iUG_JE_MsJ_9gJlQ56IpWWD6H-aGAOXSp-hNHxXAGBDKFQECmEEAwAYJAQyhhgKCCGGICEE44JAIiiXAgMgCBSUYYoEcAgZggBRikBgBBCGaQQAQAwjyBwjgllpCBEKIQUoBIIQAgQBDEBnCEAQIGAYAQYoRDiwCAGkFHMAAAMEMggRoRQwAAEhDEGASscUg4QBooS0iikGJCGCGIUQIgIAwwQACkCBEDMgEIZoMRBQJCiDFAChDMCCKUQEEIopBARSFFGgGOEAeOYUEQYhZAiyABCAEFIIgUREgIIBAwRABkgFQFGCQYIQIgwZiQSDhBggBIACEKAEAQYBBgzgAIHlIlQERCAQwQQQQQAwCgkgCZKAYUh0gIxoIwyRgAgBRCACKUMEsg4IxBzYBgBlCKAKAMMAZQghgRBWgGgiDFGAECQMIgoAYhGCnErnCBKAEdBg0oQAAQiSAGDlAAIKCEARAIwpICBRiADHDFCSEMUQsBBUAADQAgAkBIEIyIQMRJYBQQjSBjpBAAMEAKJRAwA4wRSIBBkDDAAAKQQYMoDIYhFCgjGjFECCSKAQkgRYAwwDjikDBAAEIqUQgJYA4xBABmGOHCOAWOscUoCIBRxBggEjFGACeaUYIQYAAAExjhBiEJKAWeAQEABA5AyEiEjJQGUIQMEE4ESQoDCEBighKWgGIAIAAwIoZQxAGBmDCCIASCQMAAIxgw1CiFABAUGKAQIIpAQAwwgVChAlGEAEGIosUgJRxQCwCCADDAAICCcAUgApJAxiAJEDREACIAQAYARQIBAxAGCFBJCAI0kAkoIQZgCBggghQGIMaQAsUQIwQAABgEjmiDCICGIFwBJIowgQSgkHKHKIYOAAQogAxgIBEgBgCGCgOUAQEIIw5gDQjFnpBAAHMOQgYJhBAADywAJjDqAIQsAEIIpxJhhAghAQgAIAAAIFYIAiwAiDAA"], "date": ["1993"], "genre": ["Rap"], "musicbrainz album type": ["Album"], "musicip_puid": ["03ffc58c-be3c-eee2-5aee-fd11d306089c"], "musicbrainz_recordingid": ["12d8a9a1-f0e1-466e-9e03-ff4d6f3f780a"], "musicbrainz_albumartistid": ["1d11e2a1-4531-4d61-a8c7-7b5c6a608fd2"], "musicbrainz_albumid": ["296c5764-a05a-4aa7-b374-d72a92899cdc"], "artist": ["Ice Cube feat. Das EFX"], "tracknumber": ["06"], "bpm": ["101.37"], "album": ["Bootlegs & B-Sides"], "musicbrainz album release country": ["United States"], "acoustid_id": ["23eace0c-476e-4f0a-9025-c7c144f8acd8"], "musicbrainz_artistid": ["1d11e2a1-4531-4d61-a8c7-7b5c6a608fd2"], "file_name": "Ice Cube feat. Das EFX - Check Yo Self (remix).mp3"}}, "rhythm": {"bpm_histogram_first_peak_bpm": {"dmean2": 0, "median": 101, "min": 101, "dvar2": 0, "dvar": 0, "dmean": 0, "max": 101, "var": 0, "mean": 101}, "bpm": 101.347602844, "bpm_histogram_second_peak_spread": {"dmean2": 0, "median": 0.333333313465, "min": 0.333333313465, "dvar2": 0, "dvar": 0, "dmean": 0, "max": 0.333333313465, "var": 0, "mean": 0.333333313465}, "bpm_histogram_first_peak_weight": {"dmean2": 0, "median": 0.718954265118, "min": 0.718954265118, "dvar2": 0, "dvar": 0, "dmean": 0, "max": 0.718954265118, "var": 0, "mean": 0.718954265118}, "onset_rate": 4.97574901581, "beats_position": [0.580498874187, 1.18421769142, 1.8111563921, 2.43809509277, 3.07664394379, 3.70358276367, 4.34213161469, 4.96907043457, 5.5727891922, 6.1648979187, 6.7570066452, 7.36072540283, 7.95283412933, 8.54494285583, 9.13705158234, 9.72916126251, 10.3096599579, 10.9017686844, 11.4938774109, 12.0859861374, 12.6780948639, 13.2818136215, 13.8623123169, 14.4544210434, 15.0465307236, 15.6386394501, 16.2307472229, 16.8228569031, 17.4149665833, 18.0070743561, 18.5991840363, 19.2029018402, 19.7834014893, 20.3755092621, 20.9676189423, 21.5597267151, 22.1518363953, 22.7555541992, 23.3360538483, 23.9281635284, 24.5202713013, 25.1123809814, 25.7044887543, 26.2965984344, 26.8887062073, 27.4808158875, 28.0729255676, 28.6766433716, 29.2571430206, 29.8492507935, 30.4413604736, 31.0334682465, 31.6255779266, 32.2292976379, 32.8214035034, 33.4135131836, 33.99401474, 34.5861206055, 35.1782302856, 35.7703399658, 36.362449646, 36.9545555115, 37.5466651917, 38.1503829956, 38.730884552, 39.3229942322, 39.9151000977, 40.5072097778, 41.099319458, 41.703037262, 42.2835350037, 42.8756446838, 43.467754364, 44.0598640442, 44.6519737244, 45.2440795898, 45.83618927, 46.4282989502, 47.0204086304, 47.6125144958, 48.204624176, 48.7967338562, 49.3888435364, 49.9809532166, 50.573059082, 51.1767807007, 51.7572784424, 52.3493881226, 52.941493988, 53.5219955444, 54.1141014099, 54.7062110901, 55.3099327087, 55.9020385742, 56.4941482544, 57.0978660583, 57.6783676147, 58.2704734802, 58.8625831604, 59.4546928406, 60.0468025208, 60.6505203247, 61.2310180664, 61.8115196228, 62.4036254883, 62.9957351685, 63.5762329102, 64.1799545288, 64.772064209, 65.3757781982, 65.9678878784, 66.5599975586, 67.1521072388, 67.7442169189, 68.3363265991, 68.9284362793, 69.5205459595, 70.1126480103, 70.7047576904, 71.2852630615, 71.8773651123, 72.4694747925, 73.0499725342, 73.6536941528, 74.2574157715, 74.8495254517, 75.4416275024, 76.0337371826, 76.6142425537, 77.2063446045, 77.7984542847, 78.3905639648, 78.9942855835, 79.5979995728, 80.1785049438, 80.7706069946, 81.3627166748, 81.9432220459, 82.5469360352, 83.1390457153, 83.7311553955, 84.3232650757, 84.9153747559, 85.507484436, 86.0995864868, 86.6800918579, 87.2838058472, 87.8759155273, 88.4680252075, 89.0601348877, 89.6522445679, 90.2327423096, 90.8364639282, 91.4169616699, 92.0090713501, 92.6011810303, 93.1932830811, 93.7853927612, 94.3775024414, 94.9696121216, 95.5617218018, 96.1538314819, 96.7575454712, 97.3496551514, 97.9417648315, 98.5338745117, 99.1259841919, 99.7064819336, 100.298591614, 100.890701294, 101.471199036, 102.074920654, 102.667030334, 103.259140015, 103.851242065, 104.443351746, 105.035461426, 105.627571106, 106.219680786, 106.811790466, 107.403900146, 107.996009827, 108.588119507, 109.180221558, 109.760726929, 110.352828979, 110.94493866, 111.548660278, 112.140769958, 112.732879639, 113.324989319, 113.917098999, 114.497596741, 115.10131073, 115.69342041, 116.28553009, 116.866027832, 117.469749451, 118.061859131, 118.653968811, 119.234466553, 119.826576233, 120.418685913, 121.022399902, 121.614509583, 122.206619263, 122.798728943, 123.390838623, 123.971336365, 124.575057983, 125.167160034, 125.759269714, 126.339767456, 126.943489075, 127.523986816, 128.127700806, 128.719818115, 129.311920166, 129.904037476, 130.496139526, 131.099868774, 131.691970825, 132.284072876, 132.864578247, 133.456680298, 134.048797607, 134.652511597, 135.244628906, 135.836730957, 136.417236328, 137.009338379, 137.601455688, 138.181945801, 138.77406311, 139.366165161, 139.958267212, 140.550384521, 141.142486572, 141.734603882, 142.338317871, 142.918823242, 143.510925293, 144.103042603, 144.706756592, 145.287246704, 145.890975952, 146.471466064, 147.063583374, 147.655685425, 148.247802734, 148.839904785, 149.432022095, 150.024124146, 150.616226196, 151.208343506, 151.812057495, 152.392562866, 152.984664917, 153.576782227, 154.168884277, 154.761001587, 155.364715576, 155.956817627, 156.548934937, 157.129425049, 157.733154297, 158.325256348, 158.917373657, 159.509475708, 160.101577759, 160.68208313, 161.274185181, 161.86630249, 162.458404541, 163.050521851, 163.65423584, 164.246353149, 164.8384552, 165.418960571, 166.011062622, 166.603164673, 167.195281982, 167.787384033, 168.379501343, 168.971603394, 169.563720703, 170.155822754, 170.759536743, 171.340042114, 171.932144165, 172.524261475, 173.116363525, 173.708480835, 174.300582886, 174.892700195, 175.484802246, 176.076919556, 176.669021606, 177.261123657, 177.853240967, 178.445343018, 179.037460327, 179.629562378, 180.221679688, 180.813781738, 181.405899048, 181.998001099, 182.590103149, 183.182220459, 183.785934448, 184.366439819, 184.946929932, 185.539047241, 186.131149292, 186.723266602, 187.315368652, 187.907485962, 188.511199951, 189.103302002, 189.695419312, 190.287521362, 190.879638672, 191.471740723, 192.063858032, 192.655960083, 193.248062134, 193.840179443, 194.420669556, 195.012786865, 195.604888916, 196.185394287, 196.789108276, 197.381225586, 197.973327637, 198.577041626, 199.180770874, 199.761260986, 200.353378296, 200.945480347, 201.537597656, 202.129699707, 202.721817017, 203.313919067, 203.906021118, 204.498138428, 205.07862854, 205.682357788, 206.274459839, 206.866577148, 207.458679199, 208.050796509, 208.64289856, 209.23500061, 209.815505981, 210.419219971, 211.01133728, 211.603439331, 212.195556641, 212.787658691, 213.379776001, 213.971878052, 214.563980103, 215.156097412, 215.748199463, 216.340316772, 216.932418823, 217.524536133, 218.116638184, 218.708755493, 219.289245605, 219.892959595, 220.485076904, 221.077178955, 221.669296265, 222.261398315, 222.841903687, 223.434005737, 224.026123047, 224.606613159, 225.210342407, 225.802444458, 226.394546509, 226.998275757, 227.590377808, 228.170883179, 228.762985229, 229.355102539, 229.94720459, 230.539321899, 231.143035889, 231.735137939, 232.315643311, 232.907745361, 233.499862671, 234.080352783, 234.684082031, 235.276184082, 235.868301392, 236.460403442, 237.052505493, 237.644622803, 238.236724854, 238.828842163, 239.420944214, 240.013061523, 240.616775513, 241.208877563, 241.789382935, 242.369888306, 242.961990356, 243.554092407, 244.157821655, 244.749923706, 245.342041016, 245.934143066, 246.526260376, 247.118362427, 247.710464478, 248.302581787, 248.894683838, 249.475189209, 250.078903198, 250.671020508, 251.263122559, 251.84362793, 252.43572998, 253.02784729, 253.631561279, 254.22366333, 254.81578064, 255.40788269, 256, 256.592102051, 257.184204102, 257.77633667, 258.368438721, 258.948944092, 259.552642822, 260.144744873, 260.736877441, 261.317352295, 261.909484863, 262.501586914, 263.105316162, 263.697418213, 264.289520264, 264.881622314, 265.473724365, 266.065856934, 266.657958984, 267.250061035, 267.842163086, 268.422668457, 269.026397705, 269.618499756, 270.210601807, 270.802703857, 271.394836426, 271.986938477, 272.579040527], "beats_loudness": {"dmean2": 0.161741599441, "median": 0.0960213690996, "min": 6.87435885993e-07, "dvar2": 0.00757575780153, "dvar": 0.0024124677293, "dmean": 0.0827806293964, "max": 0.245864972472, "var": 0.00355922989547, "mean": 0.109836943448}, "danceability": 1.58303809166, "bpm_histogram_second_peak_weight": {"dmean2": 0, "median": 0.0087145967409, "min": 0.0087145967409, "dvar2": 0, "dvar": 0, "dmean": 0, "max": 0.0087145967409, "var": 0, "mean": 0.0087145967409}, "beats_count": 460, "bpm_histogram_second_peak_bpm": {"dmean2": 0, "median": 96, "min": 96, "dvar2": 0, "dvar": 0, "dmean": 0, "max": 96, "var": 0, "mean": 96}, "bpm_histogram_first_peak_spread": {"dmean2": 0, "median": 0.271523147821, "min": 0.271523147821, "dvar2": 0, "dvar": 0, "dmean": 0, "max": 0.271523147821, "var": 0, "mean": 0.271523147821}, "beats_loudness_band_ratio": {"dmean2": [0.715252816677, 0.0859418734908, 0.0997616127133, 0.0966669246554, 0.20188549161, 0.293894290924], "median": [0.736953139305, 0.0299789831042, 0.0309557318687, 0.0231348834932, 0.0496295541525, 0.0755088701844], "min": [0.00175632280298, 5.10000027134e-05, 1.73843291122e-05, 6.655609468e-06, 9.18396381167e-06, 0.000104094579001], "dvar2": [0.0835938379169, 0.00299091520719, 0.00863057654351, 0.00662022270262, 0.0117339184508, 0.018069172278], "dvar": [0.0273178443313, 0.0010572776664, 0.00282637309283, 0.00272869318724, 0.0042878864333, 0.00566323194653], "dmean": [0.360375702381, 0.0444096364081, 0.0537781119347, 0.0501269102097, 0.101814411581, 0.146727457643], "max": [0.999798417091, 0.188954532146, 0.313254743814, 0.634624958038, 0.603739440441, 0.468987464905], "var": [0.052991732955, 0.00111747614574, 0.00285771186464, 0.00386171159334, 0.00606337329373, 0.00908782891929], "mean": [0.703383266926, 0.0372195728123, 0.0472872965038, 0.0395547561347, 0.0676158294082, 0.1163662076]}}, "lowlevel": {"barkbands_spread": {"dmean2": 22.3580951691, "median": 27.4663181305, "min": 0.0599225908518, "dvar2": 583.828369141, "dvar": 273.817230225, "dmean": 14.7739725113, "max": 145.193939209, "var": 695.383911133, "mean": 33.3489265442}, "melbands_spread": {"dmean2": 26.590429306, "median": 20.5398616791, "min": 0.0563891530037, "dvar2": 1190.76672363, "dvar": 583.932800293, "dmean": 17.8685665131, "max": 263.847991943, "var": 1965.16345215, "mean": 37.279964447}, "hfc": {"dmean2": 23.9207344055, "median": 14.2309761047, "min": 1.24889674412e-16, "dvar2": 1360.00354004, "dvar": 816.244262695, "dmean": 18.7596111298, "max": 338.836517334, "var": 2039.0670166, "mean": 32.4083709717}, "barkbands_kurtosis": {"dmean2": 23.2810726166, "median": 1.59041595459, "min": -1.97171473503, "dvar2": 18544.3144531, "dvar": 7277.84814453, "dmean": 14.511051178, "max": 3526.58813477, "var": 8233.69726563, "mean": 16.0975322723}, "gfcc": {"mean": [-39.0834732056, 37.4144210815, -90.6121292114, 25.6054077148, -47.325214386, 12.9061689377, -34.1061897278, 12.7084159851, -16.9135780334, 11.675901413, -16.845741272, 5.23230743408, -14.360165596], "icov": [[9.36759024626e-05, -1.34225092552e-05, -1.65913479577e-05, -1.91848321265e-05, 0.000110361965199, -2.54369933828e-06, -2.19661378651e-05, -6.82465679347e-06, 3.09601309709e-05, -5.19967215951e-05, 0.000123117293697, -6.06374451309e-05, 0.000208672543522], [-1.34225092552e-05, 0.000628656474873, -6.44361716695e-05, 0.000392664776882, -0.000401136057917, 0.000371265166905, -0.000333062460413, 0.000589712930378, -0.000794166466221, 0.000967334955931, -0.000640295096673, 0.000538937048987, -0.00082008796744], [-1.65913479577e-05, -6.44361716695e-05, 0.000752861611545, -0.000465174583951, -0.000347082677763, 2.99173007079e-05, -0.000211745908018, -0.00010515384929, 0.000559394364245, -0.000585380010307, 0.000913792289793, -0.000766712706536, 0.000136527363793], [-1.91848321265e-05, 0.000392664776882, -0.000465174583951, 0.00179211888462, -0.000476287590573, -0.000166711644852, 0.000476514629554, -0.000103625650809, -0.000631126051303, 0.00118915562052, -0.00119396229275, 0.00134460569825, -0.00135362497531], [0.000110361965199, -0.000401136057917, -0.000347082677763, -0.000476287590573, 0.00253455806524, -0.000339245336363, -0.000747667450923, 0.000289956864435, -0.000154254710651, -0.000620011123829, 0.000697375333402, 7.45847637518e-06, 0.000450903724413], [-2.54369933828e-06, 0.000371265166905, 2.99173007079e-05, -0.000166711644852, -0.000339245336363, 0.0047307824716, -0.00180842762347, -0.000372218521079, 6.30125796306e-05, -0.000278640072793, -0.000174524524482, 0.000962784513831, -0.000992864486761], [-2.19661378651e-05, -0.000333062460413, -0.000211745908018, 0.000476514629554, -0.000747667450923, -0.00180842762347, 0.00478139799088, -0.00224505830556, -0.000322661973769, 0.000887228990905, -0.00151456519961, -0.000478225469124, 3.80239835067e-05], [-6.82465679347e-06, 0.000589712930378, -0.00010515384929, -0.000103625650809, 0.000289956864435, -0.000372218521079, -0.00224505830556, 0.00838281121105, -0.00212596054189, -0.000798308348749, 0.000710677937604, -0.00125536345877, -0.00042350179865], [3.09601309709e-05, -0.000794166466221, 0.000559394364245, -0.000631126051303, -0.000154254710651, 6.30125796306e-05, -0.000322661973769, -0.00212596054189, 0.0079886848107, -0.00393540924415, -0.00147455965634, 0.000102978825453, -0.000413477246184], [-5.19967215951e-05, 0.000967334955931, -0.000585380010307, 0.00118915562052, -0.000620011123829, -0.000278640072793, 0.000887228990905, -0.000798308348749, -0.00393540924415, 0.00992018543184, -0.00376675603911, -3.53206560249e-05, 0.000116645023809], [0.000123117293697, -0.000640295096673, 0.000913792289793, -0.00119396229275, 0.000697375333402, -0.000174524524482, -0.00151456519961, 0.000710677937604, -0.00147455965634, -0.00376675603911, 0.0110005484894, -0.00252427742817, -0.00065095955506], [-6.06374451309e-05, 0.000538937048987, -0.000766712706536, 0.00134460569825, 7.45847637518e-06, 0.000962784513831, -0.000478225469124, -0.00125536345877, 0.000102978825453, -3.53206560249e-05, -0.00252427742817, 0.0115956123918, -0.00482989801094], [0.000208672543522, -0.00082008796744, 0.000136527363793, -0.00135362497531, 0.000450903724413, -0.000992864486761, 3.80239835067e-05, -0.00042350179865, -0.000413477246184, 0.000116645023809, -0.00065095955506, -0.00482989801094, 0.0113755380735]], "cov": [[12777.1591797, -1270.09899902, 258.805206299, -233.24206543, -755.48828125, -194.86517334, -378.758880615, -102.498397827, -416.998168945, -108.073692322, -406.352966309, -103.216957092, -427.547241211], [-1270.09899902, 3668.18676758, -271.518829346, -286.257598877, 546.494750977, -52.346157074, 422.291412354, -94.0952224731, 385.431091309, -100.670135498, 284.923065186, 17.9039535522, 264.7449646], [258.805206299, -271.518829346, 2257.35351563, 544.968139648, 423.288635254, 86.0472335815, 102.700935364, 62.1158676147, -142.791976929, 2.77779698372, -160.527816772, 80.7481155396, 26.0147514343], [-233.24206543, -286.257598877, 544.968139648, 941.000061035, 200.713500977, 93.0100250244, 4.0941619873, 38.9563941956, 22.5115146637, -18.4653167725, 25.5171279907, -24.7448329926, 82.6349258423], [-755.48828125, 546.494750977, 423.288635254, 200.713500977, 670.809143066, 105.955421448, 211.748123169, 36.6554336548, 98.5612792969, 27.2559680939, 42.9690971375, 15.6264238358, 67.772064209], [-194.86517334, -52.346157074, 86.0472335815, 93.0100250244, 105.955421448, 309.237091064, 174.800125122, 82.8424987793, 59.7302589417, 46.3215751648, 49.4164085388, 16.56498909, 46.6834068298], [-378.758880615, 422.291412354, 102.700935364, 4.0941619873, 211.748123169, 174.800125122, 449.441772461, 138.757156372, 148.004684448, 55.7703132629, 121.996376038, 65.1023712158, 86.6039123535], [-102.498397827, -94.0952224731, 62.1158676147, 38.9563941956, 36.6554336548, 82.8424987793, 138.757156372, 203.729644775, 97.3972320557, 74.4904708862, 52.4020195007, 51.5453224182, 39.5457344055], [-416.998168945, 385.431091309, -142.791976929, 22.5115146637, 98.5612792969, 59.7302589417, 148.004684448, 97.3972320557, 304.874938965, 128.607559204, 149.894104004, 43.5785598755, 81.10962677], [-108.073692322, -100.670135498, 2.77779698372, -18.4653167725, 27.2559680939, 46.3215751648, 55.7703132629, 74.4904708862, 128.607559204, 202.566864014, 92.7958984375, 42.634349823, 24.0534191132], [-406.352966309, 284.923065186, -160.527816772, 25.5171279907, 42.9690971375, 49.4164085388, 121.996376038, 52.4020195007, 149.894104004, 92.7958984375, 208.32749939, 53.7355690002, 76.3445129395], [-103.216957092, 17.9039535522, 80.7481155396, -24.7448329926, 15.6264238358, 16.56498909, 65.1023712158, 51.5453224182, 43.5785598755, 42.634349823, 53.7355690002, 138.376419067, 64.7728500366], [-427.547241211, 264.7449646, 26.0147514343, 82.6349258423, 67.772064209, 46.6834068298, 86.6039123535, 39.5457344055, 81.10962677, 24.0534191132, 76.3445129395, 64.7728500366, 161.500717163]]}, "spectral_energyband_middle_low": {"dmean2": 0.0128159364685, "median": 0.00278735975735, "min": 3.15931093259e-22, "dvar2": 0.00107377115637, "dvar": 0.000454998807982, "dmean": 0.00799818802625, "max": 0.202519774437, "var": 0.000428689498222, "mean": 0.00848587043583}, "melbands_crest": {"dmean2": 8.38684558868, "median": 17.5016269684, "min": 2.37949919701, "dvar2": 52.9140319824, "dvar": 22.3916664124, "dmean": 5.21525859833, "max": 39.5436210632, "var": 82.2160644531, "mean": 18.7922687531}, "spectral_kurtosis": {"dmean2": 2.99756622314, "median": 3.05720376968, "min": -1.20289230347, "dvar2": 20.5240077972, "dvar": 9.09923458099, "dmean": 2.01151227951, "max": 53.9991569519, "var": 19.5882091522, "mean": 4.27944326401}, "spectral_rms": {"dmean2": 0.00202342844568, "median": 0.00344456662424, "min": 3.27295851012e-12, "dvar2": 6.54785344523e-06, "dvar": 4.03713147534e-06, "dmean": 0.00153581146151, "max": 0.017260748893, "var": 1.13322539619e-05, "mean": 0.00438030483201}, "zerocrossingrate": {"dmean2": 0.0341328568757, "median": 0.08154296875, "min": 0.0009765625, "dvar2": 0.00134587055072, "dvar": 0.00112118816469, "dmean": 0.0305497925729, "max": 0.5068359375, "var": 0.0101552912965, "mean": 0.115680940449}, "silence_rate_60dB": {"dmean2": 0.176175490022, "median": 0, "min": 0, "dvar2": 0.17200063169, "dvar": 0.0803173407912, "dmean": 0.0880802571774, "max": 1, "var": 0.147650510073, "mean": 0.180056110024}, "erbbands_kurtosis": {"dmean2": 2.79426717758, "median": -0.121552959085, "min": -1.90780210495, "dvar2": 28.8989372253, "dvar": 11.8775119781, "dmean": 1.75395512581, "max": 113.850227356, "var": 16.1437854767, "mean": 0.95767891407}, "erbbands": {"dmean2": [0.520463883877, 4.00859928131, 8.11364841461, 16.1947822571, 21.9549160004, 8.53938007355, 7.65996313095, 11.1926059723, 18.2235870361, 27.7622013092, 25.197429657, 21.1547164917, 13.6792974472, 14.7357540131, 17.1425266266, 19.4273529053, 17.1969070435, 23.1147403717, 27.4694442749, 22.5427970886, 19.7394428253, 16.8008651733, 17.7066173553, 17.3542613983, 13.9760637283, 12.5179576874, 9.14087772369, 10.4787340164, 8.36549568176, 10.2521400452, 8.25275611877, 5.38262462616, 4.64997339249, 2.62446880341, 3.31275367737, 2.58482313156, 1.41420924664, 0.270670801401, 0.0309786759317, 0.000851187796798], "median": [0.0641875863075, 0.140092939138, 0.0578800924122, 0.313837140799, 0.744310796261, 0.610180556774, 0.666243314743, 1.82379579544, 2.80875205994, 2.94714570045, 3.31946372986, 2.56709718704, 2.39783906937, 1.95207214355, 2.11204242706, 2.41533875465, 2.60767841339, 3.28994607925, 3.82303190231, 4.19964599609, 3.65559911728, 3.04007482529, 3.36762595177, 3.92521357536, 2.87737250328, 2.5096347332, 2.18354201317, 2.65330839157, 2.07271146774, 1.77023792267, 1.36317396164, 0.964471638203, 0.66764074564, 0.438948720694, 0.275093078613, 0.147691071033, 0.0587318576872, 0.0106665408239, 0.00067420094274, 5.5050051742e-05], "min": [8.73557959741e-22, 4.67560610071e-21, 1.7059007165e-20, 1.29068338473e-19, 1.72667051082e-19, 1.70386772627e-19, 3.15111016383e-19, 8.47159505888e-19, 4.08027180615e-19, 4.61286470975e-19, 3.23090569258e-19, 9.64983422533e-19, 2.28641737578e-18, 2.46527781246e-18, 3.12658431036e-18, 6.84088499544e-18, 2.94821191025e-18, 3.16141171608e-18, 6.32862444979e-18, 1.33066129774e-17, 9.04846833653e-18, 1.01256775241e-17, 1.1610179692e-17, 1.16261161537e-17, 1.39887458152e-17, 1.3650636567e-17, 1.52047790706e-17, 1.61240530095e-17, 1.57115827058e-17, 1.34776565573e-17, 1.76099605572e-17, 1.78445456702e-17, 1.45951072545e-17, 1.10596628702e-17, 8.40174213769e-18, 6.46962276188e-18, 3.94531899527e-18, 1.30725731832e-18, 3.57462250155e-19, 4.32948852926e-20], "dvar2": [1.71115875244, 114.416778564, 556.590026855, 2018.7109375, 5492.60693359, 596.079528809, 410.095214844, 595.121398926, 2044.71887207, 5463.65771484, 5293.08544922, 3489.95898438, 1043.39819336, 1794.16699219, 2278.53613281, 2643.73730469, 1802.28515625, 4580.75927734, 7137.37890625, 3515.79052734, 1416.26367188, 1066.26086426, 1338.31738281, 1118.98876953, 667.398864746, 470.753509521, 206.961349487, 323.379119873, 206.709014893, 406.68069458, 210.524749756, 112.242996216, 66.4474411011, 18.1202468872, 40.6256828308, 29.3082332611, 9.82727050781, 0.375034093857, 0.00506851216778, 3.68756377611e-06], "dvar": [0.707777261734, 56.5235939026, 210.629867554, 803.685241699, 2147.22070313, 216.35824585, 152.40020752, 220.747314453, 788.207885742, 2170.03881836, 2086.17993164, 1533.87280273, 438.414611816, 695.072753906, 923.007385254, 1128.86413574, 767.473632813, 1858.08972168, 2855.27490234, 1423.7421875, 620.049255371, 452.565429688, 584.829162598, 537.186462402, 295.077636719, 191.19833374, 99.5246734619, 150.744491577, 97.4077835083, 213.476577759, 95.6952819824, 52.2427368164, 31.0271663666, 8.54301929474, 19.2615318298, 15.9104824066, 5.13109827042, 0.194580718875, 0.0026190886274, 2.02247497327e-06], "dmean": [0.330505996943, 2.67601728439, 4.85499668121, 9.51093292236, 12.9792289734, 5.00515937805, 4.66343450546, 6.62757587433, 11.1311435699, 16.948392868, 15.4396734238, 13.6875162125, 8.74891757965, 9.24362945557, 10.6049947739, 12.2342395782, 11.1212768555, 14.6599168777, 17.7525863647, 14.4188451767, 12.5854473114, 10.7657613754, 11.4936542511, 11.6010351181, 9.11115169525, 8.09196662903, 6.27595663071, 7.12455654144, 5.68322658539, 7.16079568863, 5.57388353348, 3.69526290894, 3.1651892662, 1.78177893162, 2.31432986259, 1.86457896233, 1.04473650455, 0.196344718337, 0.0219498109072, 0.000618134741671], "max": [7.58208560944, 66.4505996704, 126.436195374, 268.171417236, 426.099487305, 229.768447876, 212.897399902, 263.623535156, 910.317260742, 731.651245117, 896.265625, 939.874145508, 447.27243042, 692.274108887, 737.980712891, 957.564819336, 563.163208008, 1093.45947266, 1632.89953613, 1259.10681152, 542.494384766, 427.534118652, 470.394958496, 422.79006958, 459.794647217, 192.099395752, 176.599990845, 214.394210815, 161.732177734, 246.74041748, 157.395217896, 222.640213013, 124.793670654, 39.6660690308, 86.6624908447, 45.0283317566, 26.4453353882, 6.26881742477, 0.578892588615, 0.0153734181076], "var": [0.831121325493, 68.5500488281, 171.826080322, 630.263183594, 1625.43920898, 155.014907837, 123.52281189, 196.5599823, 712.963806152, 2015.68237305, 1986.43762207, 1831.7532959, 569.427001953, 683.926208496, 1046.86547852, 1559.7878418, 1009.74377441, 1916.98840332, 2928.31738281, 1596.63269043, 793.739379883, 576.976989746, 752.543029785, 829.567565918, 428.785675049, 245.870925903, 199.582901001, 277.671051025, 192.146987915, 480.519897461, 204.911422729, 110.731414795, 73.7818222046, 20.6814880371, 56.1584434509, 28.5420627594, 8.88449573517, 0.31542429328, 0.00402751332149, 3.30189573106e-06], "mean": [0.418067663908, 2.85613036156, 4.20458936691, 7.56834411621, 10.3427734375, 4.61718034744, 4.71658849716, 6.740026474, 11.3707485199, 16.5918750763, 16.3296833038, 15.3277101517, 10.6450386047, 10.1475143433, 11.8288049698, 15.4587993622, 13.5557775497, 16.8878326416, 20.4747619629, 17.445898056, 14.4930706024, 12.4675741196, 13.1654548645, 14.5756673813, 11.3626890182, 9.4344625473, 8.74697494507, 9.80738830566, 8.19960594177, 10.3782787323, 8.18100547791, 5.42184257507, 4.87445831299, 2.8163292408, 3.78642320633, 2.51395392418, 1.30072104931, 0.235630095005, 0.0246878471226, 0.000722312368453]}, "spectral_strongpeak": {"dmean2": 1.18290543556, "median": 0.30832156539, "min": 0, "dvar2": 5.89475679398, "dvar": 2.22907829285, "dmean": 0.701456069946, "max": 24.337682724, "var": 2.88585472107, "mean": 0.862882852554}, "spectral_energy": {"dmean2": 0.0300770290196, "median": 0.0121616646647, "min": 1.09800641135e-20, "dvar2": 0.00269954325631, "dvar": 0.00140939746052, "dmean": 0.0212319288403, "max": 0.305381774902, "var": 0.0023691772949, "mean": 0.0312820859253}, "average_loudness": 0.930531263351, "spectral_rolloff": {"dmean2": 2833.9440918, "median": 1571.92382813, "min": 21.533203125, "dvar2": 16538845, "dvar": 7729489, "dmean": 1706.89660645, "max": 19186.0839844, "var": 17958306, "mean": 3537.69042969}, "spectral_centroid": {"dmean2": 826.021057129, "median": 1571.07861328, "min": 75.3463134766, "dvar2": 696572.125, "dvar": 341964.5, "dmean": 562.628662109, "max": 11195.6572266, "var": 1222043.375, "mean": 1802.6171875}, "pitch_salience": {"dmean2": 0.178812339902, "median": 0.50649279356, "min": 0.0113414656371, "dvar2": 0.0265387538821, "dvar": 0.0111820008606, "dmean": 0.114662997425, "max": 0.926608920097, "var": 0.0329079255462, "mean": 0.482842355967}, "spectral_energyband_middle_high": {"dmean2": 0.00274379947223, "median": 0.00134789443109, "min": 1.5901460794e-21, "dvar2": 1.72869822563e-05, "dvar": 8.38089454192e-06, "dmean": 0.00190362194553, "max": 0.0472049303353, "var": 1.76469147846e-05, "mean": 0.00304754450917}, "spectral_contrast_coeffs": {"dmean2": [0.103441424668, 0.102966636419, 0.0746065154672, 0.0636213645339, 0.055474575609, 0.0419830419123], "median": [-0.6695753932, -0.759568095207, -0.808990776539, -0.801060855389, -0.798086822033, -0.773822307587], "min": [-0.965131282806, -0.95043939352, -0.965673804283, -0.959446489811, -0.956574082375, -0.961669564247], "dvar2": [0.00806701835245, 0.00745612476021, 0.00388697162271, 0.00277214869857, 0.00254004402086, 0.00130329967942], "dvar": [0.00410955632105, 0.00325136980973, 0.00182854186278, 0.00128520384897, 0.00110853207298, 0.000618727819528], "dmean": [0.0687062069774, 0.0657451525331, 0.048968963325, 0.0417131520808, 0.0366353094578, 0.0290272831917], "max": [-0.209900394082, -0.332315862179, -0.397592067719, -0.508538544178, -0.438188284636, -0.575068235397], "var": [0.0130621697754, 0.00892185885459, 0.00640803156421, 0.00389858987182, 0.00287590129301, 0.00225456175394], "mean": [-0.660076737404, -0.744534134865, -0.791736841202, -0.789817512035, -0.792413413525, -0.770627140999]}, "melbands_skewness": {"dmean2": 2.84785079956, "median": 2.59734559059, "min": -3.26724910736, "dvar2": 12.844367981, "dvar": 6.14357614517, "dmean": 1.95968401432, "max": 78.7467575073, "var": 19.1903495789, "mean": 3.93354725838}, "spectral_spread": {"dmean2": 1822025.25, "median": 5992899, "min": 1387092.125, "dvar2": 4345519144960.0, "dvar": 2257595662340.0, "dmean": 1281172.875, "max": 40845908, "var": 9540893409280.0, "mean": 6533002}, "dissonance": {"dmean2": 0.0363580919802, "median": 0.478996902704, "min": 0.13706175983, "dvar2": 0.0018608358223, "dvar": 0.000805056537502, "dmean": 0.0223409123719, "max": 0.500000059605, "var": 0.00161972746719, "mean": 0.46516880393}, "spectral_skewness": {"dmean2": 0.484097450972, "median": 1.43408036232, "min": -0.00690741045401, "dvar2": 0.302477627993, "dvar": 0.145431891084, "dmean": 0.336436003447, "max": 5.97230243683, "var": 0.432997465134, "mean": 1.54651224613}, "spectral_flux": {"dmean2": 0.0689521953464, "median": 0.0751958712935, "min": 1.04785798094e-10, "dvar2": 0.00743626477197, "dvar": 0.00348592037335, "dmean": 0.0456545203924, "max": 0.499824434519, "var": 0.00802330300212, "mean": 0.103270567954}, "spectral_contrast_valleys": {"dmean2": [0.784557163715, 0.921448945999, 0.837335288525, 0.770799279213, 0.821593880653, 0.742520272732], "median": [-8.42196559906, -7.4253115654, -7.99136829376, -8.10849094391, -8.0269536972, -10.0422058105], "min": [-27.6139717102, -27.7847518921, -27.1615447998, -27.0925121307, -27.3618621826, -27.1878910065], "dvar2": [0.457669734955, 0.68986928463, 0.627876996994, 0.586242675781, 0.899266660213, 0.659178495407], "dvar": [0.291149258614, 0.336448758841, 0.311473459005, 0.285811454058, 0.415179014206, 0.367247998714], "dmean": [0.534626305103, 0.618864953518, 0.571613550186, 0.534349441528, 0.591213345528, 0.57836663723], "max": [-5.14809036255, -4.73723745346, -5.20722723007, -5.55217266083, -5.44327688217, -7.45349359512], "var": [2.20163106918, 1.61061429977, 1.43358683586, 1.32683181763, 1.50554442406, 2.01681375504], "mean": [-8.26600551605, -7.53274488449, -8.15059566498, -8.20423412323, -8.08358669281, -10.1691513062]}, "erbbands_flatness_db": {"dmean2": 0.0415532998741, "median": 0.130558669567, "min": 0.0278175342828, "dvar2": 0.00151185365394, "dvar": 0.000815363659058, "dmean": 0.0298624951392, "max": 0.357836633921, "var": 0.00317350775003, "mean": 0.138196840882}, "spectral_energyband_high": {"dmean