{"tonal": {"thpcp": [1, 0.70911359787, 0.372300058603, 0.290418297052, 0.310794979334, 0.527018427849, 0.844358384609, 0.931762397289, 0.821496188641, 0.6888281703, 0.549294829369, 0.458240032196, 0.43526378274, 0.448696911335, 0.618200659752, 0.660084366798, 0.404662638903, 0.270431935787, 0.270569562912, 0.298984527588, 0.597257614136, 0.906435489655, 0.691945016384, 0.37224265933, 0.278858065605, 0.284464478493, 0.499421924353, 0.703259766102, 0.570026695728, 0.383745908737, 0.350019454956, 0.335828751326, 0.392247974873, 0.471686810255, 0.52203732729, 0.787510454655], "hpcp": {"dmean2": [0.268549352884, 0.243701353669, 0.208211913705, 0.207847431302, 0.197242096066, 0.210425138474, 0.250938355923, 0.286361277103, 0.33309417963, 0.354016363621, 0.318703114986, 0.227013632655, 0.195925101638, 0.218852937222, 0.298088639975, 0.355066984892, 0.364834815264, 0.413491934538, 0.347947508097, 0.2759141922, 0.250113666058, 0.20106472075, 0.219093725085, 0.264257490635, 0.256893277168, 0.197144553065, 0.158369526267, 0.151851609349, 0.166017383337, 0.238160893321, 0.295561045408, 0.256667852402, 0.197797268629, 0.168679609895, 0.173907533288, 0.239633664489], "median": [0.0526697486639, 0.0500433593988, 0.0327754020691, 0.0227501541376, 0.0225640814751, 0.0338364169002, 0.0375990048051, 0.040294021368, 0.0743745416403, 0.0980964452028, 0.0637049973011, 0.0267159361392, 0.0179122872651, 0.0176652930677, 0.0371864289045, 0.0610129311681, 0.0782509446144, 0.0673812180758, 0.050640411675, 0.0347170159221, 0.0300657395273, 0.0324353799224, 0.0380105562508, 0.0501092746854, 0.0460849255323, 0.0310779027641, 0.0196168757975, 0.0172786079347, 0.0190924275666, 0.0559405237436, 0.0879310667515, 0.0693815350533, 0.0262141413987, 0.0174012091011, 0.017032109201, 0.0364567451179], "min": [0, 0, 0, 0, 0, 0, 0, 0, 0, 0, 0, 0, 0, 0, 0, 0, 0, 0, 0, 0, 0, 0, 0, 0, 0, 0, 0, 0, 0, 0, 0, 0, 0, 0, 0, 0], "dvar2": [0.131256014109, 0.117107883096, 0.105822585523, 0.128370895982, 0.0976588502526, 0.0993552282453, 0.123950317502, 0.148097679019, 0.160599917173, 0.167220488191, 0.157570764422, 0.127480626106, 0.114289969206, 0.127768263221, 0.157605737448, 0.179698213935, 0.168896511197, 0.212628811598, 0.173344016075, 0.143207386136, 0.139130830765, 0.0912049561739, 0.0995566248894, 0.121860548854, 0.124759621918, 0.0874839872122, 0.0796035304666, 0.0767114982009, 0.0908490344882, 0.108356013894, 0.128232628107, 0.108835786581, 0.101437784731, 0.0982647612691, 0.0945950821042, 0.131258130074], "dvar": [0.0534577481449, 0.0444377921522, 0.0385920368135, 0.0458738207817, 0.0358416475356, 0.037162926048, 0.0458102449775, 0.0539194531739, 0.0609795153141, 0.0683856382966, 0.0607934072614, 0.046435367316, 0.0412815958261, 0.0458437986672, 0.0570956543088, 0.0686031728983, 0.0657465234399, 0.0790873318911, 0.0662413537502, 0.053529497236, 0.05009611696, 0.0343967452645, 0.0367197245359, 0.0464339703321, 0.0509982891381, 0.0317807532847, 0.0286053847522, 0.0274985264987, 0.0313471481204, 0.0397259443998, 0.0533383004367, 0.0415701791644, 0.0368135794997, 0.0350126251578, 0.0333382859826, 0.0472326017916], "dmean": [0.154968574643, 0.140182852745, 0.115250892937, 0.11488853395, 0.109861403704, 0.117395855486, 0.139494270086, 0.159092009068, 0.188161194324, 0.202339991927, 0.177725568414, 0.123213663697, 0.105248354375, 0.117325425148, 0.163658902049, 0.20327180624, 0.20968310535, 0.232753515244, 0.195685714483, 0.156722784042, 0.139072790742, 0.11443208158, 0.122906967998, 0.151894390583, 0.147505074739, 0.110727362335, 0.088073015213, 0.0842524692416, 0.0922798812389, 0.136042535305, 0.172678217292, 0.149093613029, 0.111093685031, 0.0928181931376, 0.0952533259988, 0.135466530919], "max": [1, 1, 1, 1, 1, 1, 1, 1, 1, 1, 1, 1, 1, 1, 1, 1, 1, 1, 1, 1, 1, 1, 1, 1, 1, 1, 1, 1, 1, 1, 1, 1, 1, 1, 1, 1], "var": [0.0800347328186, 0.0537406504154, 0.0339870117605, 0.0369219221175, 0.0304537285119, 0.033535156399, 0.0444440469146, 0.050126414746, 0.0770326852798, 0.109073705971, 0.0694987252355, 0.0371294692159, 0.0287454333156, 0.0311800278723, 0.0527573861182, 0.0963639616966, 0.100995481014, 0.0881421789527, 0.0756681039929, 0.0583096556365, 0.0464624278247, 0.040589183569, 0.0394187048078, 0.0598079040647, 0.0747052133083, 0.0309317540377, 0.0225166752934, 0.0231610592455, 0.0260860268027, 0.0502209663391, 0.0967409312725, 0.0603717938066, 0.0339417755604, 0.0277140047401, 0.0271363183856, 0.0490150079131], "mean": [0.186486139894, 0.151156201959, 0.101759403944, 0.0928160250187, 0.0890530198812, 0.104013927281, 0.125079035759, 0.138430684805, 0.208827227354, 0.265173912048, 0.188038423657, 0.0987242609262, 0.0770113542676, 0.0824147239327, 0.139751538634, 0.223901823163, 0.247079074383, 0.217839360237, 0.182659253478, 0.145658656955, 0.121513299644, 0.115420602262, 0.118982717395, 0.163930684328, 0.175037160516, 0.107305973768, 0.0717114955187, 0.0717479884624, 0.0792828947306, 0.15837714076, 0.240363046527, 0.183485761285, 0.0987090393901, 0.0739458873868, 0.0754325613379, 0.132433667779]}, "tuning_equal_tempered_deviation": 0.0233468301594, "chords_changes_rate": 0.0678391978145, "key_key": "C", "tuning_diatonic_strength": 0.654124319553, "key_scale": "minor", "chords_number_rate": 0.00376884429716, "tuning_frequency": 437.718536377, "tuning_nontempered_energy_ratio": 0.747241973877, "chords_histogram": [22.0686759949, 0, 1.67504191399, 0.628140687943, 6.99329996109, 28.8944721222, 4.8157453537, 11.7671689987, 0.209380239248, 14.9916248322, 4.22948074341, 0.837520956993, 0, 0, 0, 0.125628143549, 0.167504191399, 0.335008382797, 0, 0, 0.209380239248, 0, 0.628140687943, 1.42378556728], "key_strength": 0.697263360023, "chords_key": "F", "chords_strength": {"dmean2": 0.0135647021234, "median": 0.542692899704, "min": 0.292688786983, "dvar2": 0.000149899016833, "dvar": 0.000100050019682, "dmean": 0.0117317931727, "max": 0.766316950321, "var": 0.00678386725485, "mean": 0.543735921383}, "chords_scale": "major", "hpcp_entropy": {"dmean2": 1.18991982937, "median": 1.91699171066, "min": 0, "dvar2": 0.876916825771, "dvar": 0.331445038319, "dmean": 0.703617215157, "max": 4.48391389847, "var": 0.637834250927, "mean": 1.89068818092}}, "metadata": {"audio_properties": {"equal_loudness": 0, "codec": "mp3", "downmix": "mix", "sample_rate": 44100, "analysis_sample_rate": 44100, "bit_rate": 192045, "md5_encoded": "4d2277261d2758f41c29492bc6a8b133", "length": 110.837547302, "replay_gain": -6.04848098755, "lossless": false}, "version": {"essentia_build_sha": "2d9f1f26377add8aeb1075a9c2973f962c4f09fd", "essentia": "2.1-beta2", "extractor": "music 1.0", "essentia_git_sha": "v2.1_beta2-1-ge3940c0"}, "tags": {"title": ["Great Balls of Fire"], "language": ["eng"], "acoustid_fingerprint": ["AQADY4uY6Vkk5MnBG-qPVxT-sAgT5UFfMcOXVHgf0C8uHuXSopFyHDvqB41ICbqOPQP5CGVOCVPGDPd69NieQMvDgZdRSckjoVGysPgx5clxoXHyEDceNBG65Cd-XA4R7bqhHyET5QPlJkepzcdv9GnQLEly4nqQH5pyI8yHX8KVJD7mE82LWnmM5youlDzx3YZHfdi_ww2SEfmJ58G74-rwLJGHfghzhkj0DA-uU3jyRJj-wjWPfsGJK0kRkoJYHU3THPHu4fnQZ-lRmT2u47nQ62ii57jmYT-HUFRAjZIkQfkLfXCoOsinDF52eENF_fj14Bfs486GMB9KBklofFaCNhdsXNvxB0cVpyn24zmSX4h0NDEpfGLo4Ue-I1lzlFKW4nGPZxyqhwKb6ThzoqmNvNB_5LmRPyzabIcW78R1GdUiscQfBprFI54ScJLRl8EaZhHxhXCTKBxCWoF-hNozNIrELQne0GrgKlGAUj0aKhliS9Hw_IcCH79wF-UOLVw7XEco5wVzPBN2oVI-EY6UBBdPdC-e4Me3FGcYKKLHwJ-DhjgqyZ3wJXxQHTzK53AOPsc3mhJ6fCey5xqSkxQ-7D9O7IuCf7AoHf9RhjPCbCkTMLiODy-uNygPPWcQyj2aacEXRiP-BfuEMIfGX7g6fMmPPEf5WGge_HieqSiTHU16nIc_FRHFvPh0WIeq4lKmCo190PHRHD--KC7eB-JU4T9ytfCWjIgu3tAvuOaCi8glo_qGptKRMzmhHLFSHmcu3MpROxOa97iM5sPDw8syKkG3F8xRb0LyID-ao3LKgOGz43knuPkExvOEHAmTOXiVHD9R24EdMH5EnFmQu4e-DE_DQpOU5MH15dCPH62O72AvET2acoa-4FNk5Ph6vHC9ycijGD9OoTk0jxX-CVVzwSdu4tFRC3105JLRcA9yjcfTI1wF5zmoX_hRb3iNFzmJJGdIBc8vXMbRPMZxmUcv3Ij-QvUR8tLARNqSopIapD92JZLw49PhHjmmHl_wL7jyTKCEnIKd484J5SdC7urg8AoiPSQ-hEejSEuC58N5nMnQHP0lXLpwXNkQ5gy0J0euD9MnCs7U4wkLnxXyxRH0I2d2oX1a7KmGH5OeiEGThDy-LkL-Q0dvKHOyOOhfXN8wTZeGaxpq7FWgR2mE8hqaftglVsPXQzuasYhD5Sn-Dc0k5miXIdfhx4XOobnQZzletL_gRzH-QdVTWOURLR_qND1-PAfDH82P52lxZsaNnSyu43zwM7iia0imHmGYEcfzHH-sYT8uZcnBJuHRHOETC7rkHPkY40kkE-eFB00-6qiR9_gLPUd6fNqDp0K6Hu9xK0enpEfTHUfDByUlJ7jywWYOXVmCH22UI4yyIxePO0oeHOJ0PMrRR2gqplCPbsrhUR0-BZeUQ3yiEW_rofoRWkOzKceDJmZ8dBHuasJ5ITw8H5pG1E2GnKELx1lxTGQV5IlY9GfgC9MzE6GUw-OP5_B1nETRI7_xTBMLpduMDw9uC14WpsJEHv9RZ8KjHCUZXDvyHE1N1EmI_NCuiWgeHnlpYWq0I6WS3Pgh7ujN4MkFN10afCpe6D7CRKSFWniihziaJxoqkcFvPHqEUE0uoaZC_FHxoXnGouTxRbkhs6i4bEWD4yqNZkuGe3hI9IROZbjWi-h0BWePH3rWwc8I38O340mHMyNU58SpSEL44zceLQjzoz7kE8-C-rDh3tAeHHqSC7VX5NxRO8VHHiGZoalT6B_OD_kSZWi2-viC9EsF7cSf5Og0NNaFj6GgsaOG9Eb3450y4ZuWGGeCvofHjHiG6g3yJQ9OJYGu4hlD9BCrlHjyY5Ly44f0H69w5TS-OPiNPE9wkUc6xccvQo_igNqR8zi-FL2PMAn-Bv9DPDte9BCtREdtQ3_wHBfIh0b1oGmUHKxUPB8-b_iR5YJPPE_yYD8RUtHx6JDzhDh8nLlwG_py5JOw6YmD98VbZEkzqFQ_hNnxo3zQ5BquJMejI-T5QUuuhMiPHwefwGeQa48xvsJDvXgWjThe5ImS4ZVpeHkiIuKhD7nzgJu0B43ooDzxZMd91Gji4L2K-B_KnMPlQ5l1hHZQZYbDJDn6HTWlww4zHfU17BX-gD_aoGlyMLpT5B_E7OiLPDmD6xL2d0KfXEifQ2Nf5PmKBxcNu3HwI_8HPWGSI3yiozn2o1bmoE2iIUeP5stxiciTLEUf-D_a5cTx_ZjUhIcrUghTPAp0pYiMCwcn4kf_JHDI40swJ8dlhDr0HHnlDSeDU0uDNnpxpJF-iD7SbkF1Fv_x8MTL48yJSEbzQNWFPhe0TcdjI16P8mBy4Xhw8jIeXQjTC12s4xl-XKfwJKsSvEVzHj307Yi1Hd18NOFx5XiT4ekR79CipUFoZQtxH73hFfcKjsmE0JfQOR-0RBdo7jglgy_qJBJ0E1cn3LkE6wIjM3iSB6ci6NiWiBHy6nj4oNcjNMaP_3CdCfGNxFkboVmi5PAZFf2x90IfwZqyoPpSo0eWPBdOFl8JLZEU6dC2HMePJ0fJXMIuMgibI19X6I8AgAxDRhBhACOIASSIVgRYCICxEgADjHGIIAoAQJIQpAASRCiEFDUAIAWAAgYBMIABAghCGDKAAAgIIUIJwAxhzAAglAAEMYQMEE4YAAUH0AAgBHIIMeaIAMYbgwRRWAAmiFMCEEAAIoooIIQADgjCBAAOAAUAAVgZoohBimKDDAGhCCCwEI4JJAERAhBGgEiEUAGsAcIgixQyGBgjAABEAEQMIAAIYIQwDAkADJEEOMIEUAJIYYRQxggkABKAECAQUFIwQArgQAACiAQQCUCFEoAQYARAhiHlFCKECM4kIMABA4QywmgjgBIGCKAUswIAQQBDFAkADWCSEaG0Q0xwzggAxgADAUDCKKUQYkgQ4BQCwhiDGBAKKYGAYZAQpAQhSggAEDDIKACIIwwAIYySAhAABFPCAcAQgY4IBQBAiCICgBICEgAFAE4Qo5xAwhCiQCAICoOMIsAwgYgAhAREBCHOICOAgIogQhQACghjhAEKAGWAUUAAoQlhyAiKhCBIIYMAYEIYZZRFQAAhkCSCCUGEUQABQY0hhDHggCEJMUGAYIQ4YhASiDChFABGIaYIQ4CQBwAwwBACCGBCEACAwQIBxCEgBhjAqEZIIEAcIUAQAohQBBliAFLGoWcEYAQIYqgwyBADjCROGAIlAAAoQwwSFBCghCSCAEGoccQRZIwQgjGJLAFIIEEIp0goCw0ATikghDBAEACkEIAQRKQDxgDjlTCKCCEEQUoAioBEgAAhEDAGEECQwcAIQAQQQBHmBBVIKECAMUAQRgISijBBgCCAISeMQoIISoEgShkKFDIIKuKIIYIZhphwQDFqDBSEEAYEQwhBARQwwhmkAEJAGQGAUIAQwwgFRiJioCAA"], "date": ["1957"], "genre": ["Rock & Roll"], "musicbrainz_releasegroupid": ["4187f7a8-77ea-4e47-a892-ed19657a9a9a"], "musicbrainz album type": ["Album", "Compilation"], "musicbrainz_recordingid": ["12e4d5b6-880e-4493-84da-f512a804bde2"], "musicbrainz album release country": ["GB"], "musicbrainz_albumartistid": ["b59ac58d-036e-4bba-8112-c32a34c4575b"], "musicbrainz_albumid": ["43e70a07-4f12-448c-8c25-0ade139bb909"], "artist": ["Jerry Lee Lewis"], "bpm": ["160.40"], "album": ["Sun Essentials (Disc 1: Rockin' Rollin' Country Boy)"], "tracknumber": ["02"], "label": ["Snapper Classics"], "acoustid_id": ["4f43cc89-628f-4aae-9c39-9afe7a283e6f"], "musicbrainz_artistid": ["b59ac58d-036e-4bba-8112-c32a34c4575b"], "file_name": "Jerry Lee Lewis - Great Balls of Fire.mp3"}}, "rhythm": {"bpm_histogram_first_peak_bpm": {"dmean2": 0, "median": 161, "min": 161, "dvar2": 0, "dvar": 0, "dmean": 0, "max": 161, "var": 0, "mean": 161}, "bpm": 161.6824646, "bpm_histogram_second_peak_spread": {"dmean2": 0, "median": 0.183333292603, "min": 0.183333292603, "dvar2": 0, "dvar": 0, "dmean": 0, "max": 0.183333292603, "var": 0, "mean": 0.183333292603}, "bpm_histogram_first_peak_weight": {"dmean2": 0, "median": 0.474048435688, "min": 0.474048435688, "dvar2": 0, "dvar": 0, "dmean": 0, "max": 0.474048435688, "var": 0, "mean": 0.474048435688}, "onset_rate": 4.68191576004, "beats_position": [0.359909296036, 0.743038535118, 1.13777780533, 1.54412698746, 1.93886613846, 2.34521532059, 2.75156450272, 3.13469386101, 3.51782298088, 3.9125623703, 4.3073015213, 4.71365070343, 5.13160991669, 5.54956912994, 5.9675283432, 6.39709758759, 6.80344676971, 7.19818592072, 7.59292507172, 7.98766422272, 8.38240337372, 8.77714252472, 9.17188167572, 9.54340076447, 9.93814086914, 10.3328800201, 10.7276191711, 11.0991382599, 11.4938774109, 11.8886165619, 12.294965744, 12.6780948639, 13.0496139526, 13.4327430725, 13.8158731461, 14.2106122971, 14.5821313858, 14.9536504745, 15.3251695633, 15.696688652, 16.0682086945, 16.4397277832, 16.8112468719, 17.1827659607, 17.5658950806, 17.9490242004, 18.3205432892, 18.6920623779, 19.0635814667, 19.4351024628, 19.8182315826, 20.1897506714, 20.5612697601, 20.94439888, 21.3159179688, 21.6874370575, 22.0705661774, 22.4653053284, 22.8600444794, 23.2431735992, 23.6263027191, 24.009431839, 24.3925609589, 24.7756919861, 25.1472110748, 25.5303401947, 25.9134693146, 26.2965984344, 26.6797275543, 27.0512466431, 27.4227657318, 27.7942848206, 28.1774139404, 28.5605430603, 28.932062149, 29.3035831451, 29.6751022339, 30.0466213226, 30.4181404114, 30.8012695313, 31.1843986511, 31.5559177399, 31.9390468597, 32.322177887, 32.6936950684, 33.0652160645, 33.4367332458, 33.8082542419, 34.1913833618, 34.5861206055, 34.9924697876, 35.3872108459, 35.7819480896, 36.1650772095, 36.5482063293, 36.9429473877, 37.3144645691, 37.6975975037, 38.0807266235, 38.4754638672, 38.8585929871, 39.2533340454, 39.6480712891, 40.0428123474, 40.4491615295, 40.8438987732, 41.2386398315, 41.6333770752, 42.0281181335, 42.3996353149, 42.7827644348, 43.1658935547, 43.5374145508, 43.9089317322, 44.2804527283, 44.6635818481, 45.046710968, 45.4298400879, 45.801361084, 46.1844902039, 46.5560073853, 46.9391365051, 47.322265625, 47.7053947449, 48.076915741, 48.4484329224, 48.8315620422, 49.2030830383, 49.5746040344, 49.9461212158, 50.3176422119, 50.6891593933, 51.0606803894, 51.4321975708, 51.8037185669, 52.1752357483, 52.5467567444, 52.9182739258, 53.2897949219, 53.6729240417, 54.0560531616, 54.45079422, 54.8455314636, 55.2170524597, 55.5769615173, 55.936870575, 56.3083877563, 56.6799087524, 57.0514259338, 57.4229469299, 57.794467926, 58.1659851074, 58.5375061035, 58.8974151611, 59.2689323425, 59.6520614624, 60.0235824585, 60.3950996399, 60.766620636, 61.1381378174, 61.5096588135, 61.8811798096, 62.252696991, 62.6242179871, 62.9957351685, 63.3672561646, 63.7387733459, 64.1102905273, 64.4818115234, 64.8533325195, 65.2248535156, 65.5963668823, 65.9678878784, 66.3394088745, 66.7109298706, 67.0824508667, 67.4539642334, 67.837097168, 68.2202224731, 68.5917434692, 68.9632644653, 69.3347854614, 69.7062988281, 70.0778198242, 70.4493408203, 70.8208618164, 71.1923828125, 71.5638961792, 71.9354171753, 72.3069381714, 72.6784591675, 73.0499725342, 73.4214935303, 73.7930145264, 74.1645355225, 74.5360565186, 74.9075698853, 75.2790908813, 75.6506118774, 76.0221328735, 76.3820419312, 76.7419509888, 77.1134643555, 77.49659729, 77.8797302246, 78.2512435913, 78.6227645874, 78.9942855835, 79.3658065796, 79.7373199463, 80.1088409424, 80.4803619385, 80.8518829346, 81.2233963013, 81.5949172974, 81.9664382935, 82.3379592896, 82.7210845947, 83.0926055908, 83.4757385254, 83.8472518921, 84.2187728882, 84.5902938843, 84.9618148804, 85.3449401855, 85.7280731201, 86.0995864868, 86.4711074829, 86.842628479, 87.2257614136, 87.6088867188, 87.9920196533, 88.3751449585, 88.7698822021, 89.1646270752, 89.5593643188, 89.9541015625, 90.3372344971, 90.7319717407, 91.1267089844, 91.5098419189, 91.8929672241, 92.2877044678, 92.6708374023, 93.065574646, 93.4487075806, 93.8434448242, 94.2265777588, 94.6213150024, 95.0160522461, 95.4107894897, 95.7939224243, 96.1770477295, 96.5601806641, 96.9433059692, 97.3148269653, 97.6979598999, 98.0810852051, 98.4642181396, 98.8357315063, 99.2072525024, 99.590385437, 99.9619064331, 100.3334198, 100.716552734, 101.09967804, 101.482810974, 101.865936279, 102.237457275, 102.62059021, 102.992103577, 103.363624573, 103.746757507, 104.118278503, 104.48979187, 104.872924805, 105.244445801, 105.627571106, 106.010704041, 106.393829346, 106.788566589, 107.183311462, 107.578048706, 107.961174011, 108.344306946, 108.739044189, 109.145393372, 109.551742554, 109.946479797, 110.352828979], "beats_loudness": {"dmean2": 0.0313674211502, "median": 0.0230457782745, "min": 0.00038694505929, "dvar2": 0.000797197630163, "dvar": 0.000295493984595, "dmean": 0.0181775577366, "max": 0.105525888503, "var": 0.000372846698156, "mean": 0.0277304183692}, "danceability": 1.13271653652, "bpm_histogram_second_peak_weight": {"dmean2": 0, "median": 0.169550180435, "min": 0.169550180435, "dvar2": 0, "dvar": 0, "dmean": 0, "max": 0.169550180435, "var": 0, "mean": 0.169550180435}, "beats_count": 290, "bpm_histogram_second_peak_bpm": {"dmean2": 0, "median": 152, "min": 152, "dvar2": 0, "dvar": 0, "dmean": 0, "max": 152, "var": 0, "mean": 152}, "bpm_histogram_first_peak_spread": {"dmean2": 0, "median": 0.377272695303, "min": 0.377272695303, "dvar2": 0, "dvar": 0, "dmean": 0, "max": 0.377272695303, "var": 0, "mean": 0.377272695303}, "beats_loudness_band_ratio": {"dmean2": [0.505562007427, 0.221908763051, 0.361172795296, 0.262986987829, 0.172079190612, 0.0648474693298], "median": [0.37972086668, 0.0955141633749, 0.160079464316, 0.083483800292, 0.0418935790658, 0.0212439540774], "min": [0.000303574692225, 0.00278055504896, 0.00319555355236, 0.00152019481175, 0.00188744231127, 0.00048088884796], "dvar2": [0.127310752869, 0.0607915706933, 0.0949148461223, 0.0582131333649, 0.0350450910628, 0.00984907243401], "dvar": [0.0520998761058, 0.0207042638212, 0.0381194762886, 0.0222618151456, 0.0122276069596, 0.00329840811901], "dmean": [0.277081012726, 0.125182583928, 0.204363450408, 0.148758679628, 0.0949006378651, 0.0353081934154], "max": [0.935059189796, 0.88103467226, 0.914868891239, 0.698515892029, 0.768101215363, 0.37666156888], "var": [0.0863644257188, 0.0203220490366, 0.0532945394516, 0.0284418929368, 0.0117760300636, 0.0024413545616], "mean": [0.384294331074, 0.138783946633, 0.252855539322, 0.152977198362, 0.0852814242244, 0.0362455137074]}}, "lowlevel": {"barkbands_spread": {"dmean2": 8.49815654755, "median": 15.5399208069, "min": 0.395262926817, "dvar2": 100.727485657, "dvar": 44.2290878296, "dmean": 5.48272562027, "max": 120.571990967, "var": 136.521682739, "mean": 18.3202533722}, "melbands_spread": {"dmean2": 12.1869277954, "median": 16.7117977142, "min": 0.457248151302, "dvar2": 310.2784729, "dvar": 141.239608765, "dmean": 7.78337478638, "max": 191.832092285, "var": 351.215423584, "mean": 21.7147350311}, "hfc": {"dmean2": 6.64011526108, "median": 7.40050697327, "min": 1.19838843417e-16, "dvar2": 106.774848938, "dvar": 56.450756073, "dmean": 4.91968917847, "max": 129.201278687, "var": 251.202911377, "mean": 13.3860197067}, "barkbands_kurtosis": {"dmean2": 5.53810024261, "median": 2.29171180725, "min": -1.86048424244, "dvar2": 169.055892944, "dvar": 72.0258331299, "dmean": 3.42037129402, "max": 363.375549316, "var": 99.561378479, "mean": 4.53605222702}, "gfcc": {"mean": [-43.9040489197, 99.2215270996, -129.141113281, 28.9937820435, -60.7565307617, 2.61178636551, -28.6475391388, 4.69221496582, -19.7852993011, -2.9916870594, -13.3263511658, -6.17941474915, -17.0567989349], "icov": [[0.000300119980238, -0.000480492366478, 0.000637009332422, -0.000617738987785, 0.000575263751671, -0.000425721751526, 8.08997428976e-05, -0.000256664236076, 0.000272134726401, -0.000318607548252, 0.000921467493754, -0.00046778851538, 0.000595218443777], [-0.000480492366478, 0.00338065810502, -0.00218044617213, 0.00226600980386, -0.00225606607273, 0.00179969507735, -0.00159523019101, 0.00260546780191, -0.00277721951716, 0.00358994817361, -0.00326378457248, 0.00304389209487, -0.00181352742948], [0.000637009332422, -0.00218044617213, 0.00362563855015, -0.00287778349593, 0.00200586789288, -0.00172258436214, 0.000679367105477, -0.00100870092865, 0.00169980607461, -0.00301538594067, 0.00402729259804, -0.00341518316418, 0.00226395670325], [-0.000617738987785, 0.00226600980386, -0.00287778349593, 0.00450833467767, -0.00268102483824, 0.0011936618248, 0.000223981274758, 0.000952400034294, -0.000936995027587, 0.00216828100383, -0.00258772470988, 0.00284519954585, -0.00168058811687], [0.000575263751671, -0.00225606607273, 0.00200586789288, -0.00268102483824, 0.0066826841794, -0.00314994924702, 0.00176216952968, -0.00153162993956, 0.000990434316918, -0.00136475346517, 0.0025286199525, -0.0023672177922, 0.00227611209266], [-0.000425721751526, 0.00179969507735, -0.00172258436214, 0.0011936618248, -0.00314994924702, 0.00876766443253, -0.00478225015104, 0.0032934427727, -0.00130707898643, 0.00029964040732, 0.00011995172099, 0.00201398436911, -0.00226557487622], [8.08997428976e-05, -0.00159523019101, 0.000679367105477, 0.000223981274758, 0.00176216952968, -0.00478225015104, 0.00865624565631, -0.00549252331257, 0.00353470398113, -0.00148570793681, 0.000182639691047, -0.00116287381388, 0.00144394475501], [-0.000256664236076, 0.00260546780191, -0.00100870092865, 0.000952400034294, -0.00153162993956, 0.0032934427727, -0.00549252331257, 0.0139917433262, -0.00737720169127, 0.00241643749177, -0.00250950572081, 0.00133342121262, -0.00214958540164], [0.000272134726401, -0.00277721951716, 0.00169980607461, -0.000936995027587, 0.000990434316918, -0.00130707898643, 0.00353470398113, -0.00737720169127, 0.0134973311797, -0.00723557546735, 0.0040696375072, -0.00146855250932, 0.000936982280109], [-0.000318607548252, 0.00358994817361, -0.00301538594067, 0.00216828100383, -0.00136475346517, 0.00029964040732, -0.00148570793681, 0.00241643749177, -0.00723557546735, 0.0163934286684, -0.0081161884591, 0.00403978023678, -0.00228725071065], [0.000921467493754, -0.00326378457248, 0.00402729259804, -0.00258772470988, 0.0025286199525, 0.00011995172099, 0.000182639691047, -0.00250950572081, 0.0040696375072, -0.0081161884591, 0.0172556675971, -0.0083491737023, 0.00399309257045], [-0.00046778851538, 0.00304389209487, -0.00341518316418, 0.00284519954585, -0.0023672177922, 0.00201398436911, -0.00116287381388, 0.00133342121262, -0.00146855250932, 0.00403978023678, -0.0083491737023, 0.0155853284523, -0.00598820159212], [0.000595218443777, -0.00181352742948, 0.00226395670325, -0.00168058811687, 0.00227611209266, -0.00226557487622, 0.00144394475501, -0.00214958540164, 0.000936982280109, -0.00228725071065, 0.00399309257045, -0.00598820159212, 0.012869477272]], "cov": [[6690.82666016, 366.953430176, -650.492614746, 264.152648926, -89.7183456421, 142.522155762, 95.5858764648, -47.5603408813, -38.3672370911, -207.945373535, -256.348175049, -225.646911621, -146.146377563], [366.953430176, 793.528503418, 91.2152252197, -153.101272583, 80.852897644, -13.0148191452, 44.0283851624, -61.1690139771, 31.9557571411, -87.3421554565, -8.05768203735, -58.1005706787, -15.3212375641], [-650.492614746, 91.2152252197, 920.816101074, 384.07623291, 60.9373970032, 85.9080657959, -33.2978782654, -57.7966117859, -30.7893218994, 30.4083614349, -80.4277420044, 32.2934761047, -22.8369083405], [264.152648926, -153.101272583, 384.07623291, 622.743896484, 120.07649231, 40.1368904114, -93.2401123047, -42.2890510559, -31.9886989594, -9.94281482697, -67.4722747803, -26.9613456726, -21.8562431335], [-89.7183456421, 80.852897644, 60.9373970032, 120.07649231, 251.562683105, 58.7215385437, -24.7260074615, -18.3339691162, 2.46912932396, -14.4573554993, -25.6756668091, -11.9726705551, -14.2922945023], [142.522155762, -13.0148191452, 85.9080657959, 40.1368904114, 58.7215385437, 213.464050293, 91.3887863159, -13.8092250824, -16.0347156525, 5.21951913834, -38.8529968262, -14.6081905365, 3.6888692379], [95.5858764648, 44.0283851624, -33.2978782654, -93.2401123047, -24.7260074615, 91.3887863159, 225.729995728, 55.9087104797, -13.087597847, 7.13111066818, 14.7478170395, 5.33253335953, 0.0638337880373], [-47.5603408813, -61.1690139771, -57.7966117859, -42.2890510559, -18.3339691162, -13.8092250824, 55.9087104797, 136.469436646, 61.4457855225, 27.8047370911, 21.5103321075, 13.1134252548, 15.4535779953], [-38.3672370911, 31.9557571411, -30.7893218994, -31.9886989594, 2.46912932396, -16.0347156525, -13.087597847, 61.4457855225, 141.841430664, 48.2097244263, 3.52906775475, -5.21160078049, 10.7100744247], [-207.945373535, -87.3421554565, 30.4083614349, -9.94281482697, -14.4573554993, 5.21951913834, 7.13111066818, 27.8047370911, 48.2097244263, 117.436088562, 40.5166893005, 13.9439554214, 9.26008605957], [-256.348175049, -8.05768203735, -80.4277420044, -67.4722747803, -25.6756668091, -38.8529968262, 14.7478170395, 21.5103321075, 3.52906775475, 40.5166893005, 126.151664734, 48.7384490967, 6.1779718399], [-225.646911621, -58.1005706787, 32.2934761047, -26.9613456726, -11.9726705551, -14.6081905365, 5.33253335953, 13.1134252548, -5.21160078049, 13.9439554214, 48.7384490967, 115.850135803, 35.8256454468], [-146.146377563, -15.3212375641, -22.8369083405, -21.8562431335, -14.2922945023, 3.6888692379, 0.0638337880373, 15.4535779953, 10.7100744247, 9.26008605957, 6.1779718399, 35.8256454468, 104.836875916]]}, "spectral_energyband_middle_low": {"dmean2": 0.00658741220832, "median": 0.00578957283869, "min": 4.8494715491e-22, "dvar2": 0.000117044131912, "dvar": 5.4016483773e-05, "dmean": 0.00435506273061, "max": 0.161084040999, "var": 0.000161168951308, "mean": 0.00971916783601}, "melbands_crest": {"dmean2": 6.27450942993, "median": 14.2875213623, "min": 1.84064686298, "dvar2": 27.2385883331, "dvar": 10.4071407318, "dmean": 3.8428106308, "max": 33.0919799805, "var": 28.6958675385, "mean": 14.8589315414}, "spectral_kurtosis": {"dmean2": 2.99152970314, "median": 3.89403605461, "min": -1.20511317253, "dvar2": 10.3771390915, "dvar": 3.76209998131, "dmean": 1.78749370575, "max": 27.3098068237, "var": 9.6219701767, "mean": 4.77863073349}, "spectral_rms": {"dmean2": 0.00105283991434, "median": 0.00344517687336, "min": 3.26096094572e-12, "dvar2": 1.36542496421e-06, "dvar": 7.05860202288e-07, "dmean": 0.000737495312933, "max": 0.0127496765926, "var": 3.43974852512e-06, "mean": 0.00372814713046}, "zerocrossingrate": {"dmean2": 0.0108384527266, "median": 0.046875, "min": 0.0068359375, "dvar2": 0.0002352631127, "dvar": 0.000163637596415, "dmean": 0.00903494190425, "max": 0.50439453125, "var": 0.000820235407446, "mean": 0.0518652871251}, "silence_rate_60dB": {"dmean2": 0.0787764489651, "median": 0, "min": 0, "dvar2": 0.0822059959173, "dvar": 0.0378301888704, "dmean": 0.0393799766898, "max": 1, "var": 0.0968747287989, "mean": 0.108691096306}, "erbbands_kurtosis": {"dmean2": 2.20354413986, "median": 0.0987867638469, "min": -1.77872574329, "dvar2": 16.0492687225, "dvar": 7.29550600052, "dmean": 1.41997468472, "max": 63.140537262, "var": 14.1481676102, "mean": 1.20784747601}, "erbbands": {"dmean2": [0.0307227205485, 0.462517827749, 2.22899389267, 6.50620412827, 5.4637055397, 3.68401479721, 6.43588876724, 8.81169891357, 13.5555505753, 28.7517490387, 37.3418273926, 49.6012268066, 39.2501907349, 27.1087341309, 20.6222877502, 23.333065033, 21.0172214508, 29.804397583, 20.2059001923, 10.8663740158, 9.1182050705, 13.8347930908, 15.288728714, 16.6168670654, 11.862036705, 7.94682407379, 3.96198129654, 3.16554427147, 1.99196588993, 1.15389943123, 0.791507840157, 0.764337301254, 0.332555949688, 0.114465460181, 0.0221924670041, 0.00829294510186, 0.00327297160402, 0.00194214202929, 0.000131331355078, 1.27734710986e-05], "median": [0.00480853952467, 0.128028303385, 0.766782343388, 2.05301332474, 2.32929873466, 1.76541364193, 2.91321110725, 2.99046969414, 4.1661939621, 8.20472621918, 7.25881481171, 7.83810329437, 6.9262881279, 5.75008964539, 5.43222856522, 4.17949867249, 5.41602945328, 6.87747716904, 4.43373632431, 3.32825016975, 3.68571257591, 4.37434005737, 5.12774801254, 4.5673828125, 3.21661162376, 2.9238858223, 2.06499123573, 1.74443995953, 1.10802841187, 0.657362818718, 0.416945815086, 0.263805240393, 0.130912289023, 0.0504299029708, 0.0135412933305, 0.00547822425142, 0.00188690016512, 0.000504648603965, 4.65394696221e-05, 1.65776345966e-05], "min": [1.67277879221e-22, 4.70050734716e-22, 8.40025014944e-21, 8.87225847089e-20, 4.86251079129e-20, 8.86518930782e-20, 1.81110975399e-19, 1.68009675267e-19, 4.48554300191e-19, 1.26201095241e-18, 4.76150927262e-18, 4.82995722753e-18, 2.30258089854e-18, 2.29017732526e-18, 6.09759125035e-18, 3.56214163858e-18, 2.16017203672e-18, 4.8921140603e-18, 8.69498510947e-18, 9.83116979319e-18, 6.51507013268e-18, 1.20474736859e-17, 1.28303323069e-17, 1.86026252687e-17, 1.27030052224e-17, 1.22899054342e-17, 1.14268888759e-17, 1.37877376176e-17, 1.47517934605e-17, 1.34609061499e-17, 1.73156381147e-17, 2.22331639906e-17, 2.43100755424e-17, 1.40355791271e-17, 9.3700331453e-18, 5.69148816938e-18, 2.91568468703e-18, 1.15465107731e-18, 3.21234014072e-19, 3.84954929057e-20], "dvar2": [0.00436704140157, 0.830152928829, 21.5355300903, 173.92855835, 104.746665955, 46.8330307007, 196.940628052, 473.182006836, 1476.35961914, 8793.89355469, 12965.3144531, 40398.2460938, 24333.5917969, 9316.26269531, 7375.56347656, 9134.61816406, 5261.9453125, 6644.56933594, 3795.03125, 699.095581055, 488.25592041, 1001.06390381, 1343.04382324, 1562.9296875, 1297.92407227, 347.729766846, 91.4826812744, 70.2453689575, 24.6911411285, 6.15411043167, 4.42106437683, 8.74789047241, 0.825489163399, 0.117073252797, 0.00276044080965, 0.000345608888892, 4.20818578277e-05, 2.21613881877e-05, 8.2261976786e-08, 3.3426622581e-10], "dvar": [0.00178787764162, 0.373268425465, 7.8368973732, 65.2744064331, 39.3234901428, 18.298406601, 80.0396575928, 204.83164978, 746.912414551, 4732.13818359, 6291.58496094, 18793.6132813, 12350.4111328, 5291.79638672, 3270.30224609, 3883.97021484, 2255.66308594, 3498.86279297, 1752.17382813, 306.489318848, 214.01322937, 449.188568115, 551.014648438, 698.270141602, 666.644470215, 176.392196655, 37.0519180298, 26.6518096924, 9.93549633026, 2.58319330215, 1.77503287792, 3.07537055016, 0.377928346395, 0.0448244139552, 0.00117882259656, 0.000165711870068, 2.25791118282e-05, 1.0759835277e-05, 3.7938708175e-08, 1.64580252204e-10], "dmean": [0.0188206881285, 0.285699725151, 1.3158878088, 3.86186933517, 3.29808139801, 2.28820896149, 3.97755289078, 5.51986646652, 8.81519412994, 19.4119873047, 24.9734649658, 33.0801429749, 26.8338050842, 20.0736656189, 14.2290430069, 15.7440977097, 14.0385274887, 20.6354560852, 13.5847940445, 6.97952127457, 5.96568250656, 9.19687652588, 9.84615039825, 10.7789058685, 8.08457279205, 5.47417163849, 2.54379415512, 1.9725433588, 1.29220926762, 0.760738015175, 0.510955393314, 0.46363016963, 0.21409329772, 0.0727143660188, 0.0149713670835, 0.00589213892817, 0.00245221657678, 0.0014393235324, 8.85505505721e-05, 8.91809304449e-06], "max": [0.584227383137, 8.09933853149, 39.1073379517, 134.246887207, 77.1647491455, 82.3604660034, 333.612030029, 354.327606201, 989.735961914, 3070.99365234, 2467.2355957, 2970.91381836, 3341.99902344, 2875.46484375, 1988.48205566, 1584.63208008, 979.467956543, 1571.79016113, 1051.17736816, 459.292694092, 416.483917236, 441.06237793, 472.712097168, 572.272155762, 818.699707031, 443.333587646, 149.800109863, 133.199462891, 70.0035324097, 39.5707359314, 38.6527671814, 52.6026306152, 30.2645702362, 5.80131864548, 0.757014095783, 0.398948162794, 0.0842777714133, 0.0612302646041, 0.00245103589259, 0.000189896454685], "var": [0.00310529116541, 0.635071754456, 9.32064914703, 87.485710144, 54.6025276184, 37.8244781494, 141.681427002, 348.92855835, 1405.63024902, 12330.6582031, 16183.1074219, 31860.7851563, 25756.7089844, 11755.6669922, 5515.00585938, 5867.20214844, 3230.40161133, 10232.8662109, 3033.14794922, 537.14453125, 407.161712646, 816.877441406, 926.166259766, 1476.8079834, 1629.84753418, 585.088867188, 63.3150215149, 31.402513504, 12.4248275757, 3.80532670021, 2.14866900444, 2.24322247505, 0.680885374546, 0.057275954634, 0.0018703135429, 0.000265757000307, 4.19990028604e-05, 1.55097150127e-05, 4.88845977031e-08, 5.20942455839e-10], "mean": [0.0261878743768, 0.418855190277, 1.79894781113, 5.24932289124, 4.68737602234, 3.61154937744, 6.20536088943, 8.10263442993, 13.8539886475, 31.9906635284, 39.9572982788, 46.8694648743, 44.568862915, 33.3580856323, 21.8529014587, 22.6061096191, 21.2351531982, 32.9004020691, 19.7114601135, 10.5025548935, 9.63062477112, 14.6748065948, 15.4214172363, 17.5092353821, 13.2531480789, 9.51073741913, 4.1425447464, 3.09384012222, 2.01625680923, 1.22249758244, 0.778658151627, 0.572933554649, 0.287876367569, 0.102182671428, 0.0251503102481, 0.0103698531166, 0.00411305716261, 0.00193145649973, 0.000121871700685, 2.36400828726e-05]}, "spectral_strongpeak": {"dmean2": 0.887068748474, "median": 0.422683537006, "min": 0, "dvar2": 1.66482841969, "dvar": 0.75319981575, "dmean": 0.552561879158, "max": 9.74635314941, "var": 1.98764228821, "mean": 1.04569125175}, "spectral_energy": {"dmean2": 0.00953112635761, "median": 0.0121659748256, "min": 1.08997128874e-20, "dvar2": 0.000197241461137, "dvar": 9.54619681579e-05, "dmean": 0.00656969286501, "max": 0.166618123651, "var": 0.000324255175656, "mean": 0.0177723038942}, "average_loudness": 0.827289104462, "spectral_rolloff": {"dmean2": 747.801086426, "median": 904.39453125, "min": 64.599609375, "dvar2": 1189096.625, "dvar": 567823.5, "dmean": 451.503204346, "max": 19315.2832031, "var": 1477159.75, "mean": 1317.77087402}, "spectral_centroid": {"dmean2": 446.154876709, "median": 1139.07373047, "min": 194.626785278, "dvar2": 244510.546875, "dvar": 116982.5625, "dmean": 293.089508057, "max": 10514.6796875, "var": 432896.40625, "mean": 1305.6730957}, "pitch_salience": {"dmean2": 0.12813706696, "median": 0.541663765907, "min": 0.113719291985, "dvar2": 0.0117777613923, "dvar": 0.0047501642257, "dmean": 0.0803835913539, "max": 0.993887245655, "var": 0.0140482401475, "mean": 0.540505886078}, "spectral_energyband_middle_high": {"dmean2": 0.00272427964956, "median": 0.00167387444526, "min": 1.64423401813e-21, "dvar2": 3.04471468553e-05, "dvar": 1.63305812748e-05, "dmean": 0.00201723258942, "max": 0.090587861836, "var": 5.79784173169e-05, "mean": 0.00460341852158}, "spectral_contrast_coeffs": {"dmean2": [0.0900046676397, 0.0866162255406, 0.0673578083515, 0.0542071089149, 0.0414033569396, 0.0292794462293], "median": [-0.635999560356, -0.725230574608, -0.768609941006, -0.78517472744, -0.786116480827, -0.746655702591], "min": [-0.98624253273, -0.992772161961, -0.991889059544, -0.965344548225, -0.960552871227, -0.959615051746], "dvar2": [0.0051686540246, 0.00531833479181, 0.00328227737918, 0.00208168430254, 0.00120481022168, 0.00062768481439], "dvar": [0.00195248611271, 0.00228427303955, 0.00155627937056, 0.000947812513914, 0.000578651786782, 0.000278549268842], "dmean": [0.054817777127, 0.0536271631718, 0.0435876995325, 0.0344950035214, 0.0268460530788, 0.0186446215957], "max": [-0.373794287443, -0.316574722528, -0.37994119525, -0.43772560358, -0.556244373322, -0.611551403999], "var": [0.00663601001725, 0.0109919719398, 0.00792967434973, 0.00488565117121, 0.00308993831277, 0.00131465098821], "mean": [-0.635660648346, -0.702970206738, -0.74864000082, -0.77020585537, -0.773110866547, -0.751158356667]}, "melbands_skewness": {"dmean2": 1.2453635931, "median": 2.10342288017, "min": -2.33329176903, "dvar2": 1.54468858242, "dvar": 0.668493270874, "dmean": 0.797071635723, "max": 15.5914344788, "var": 2.44050598145, "mean": 2.33096575737}, "spectral_spread": {"dmean2": 592529.875, "median": 3715137.25, "min": 1857301.75, "dvar2": 609636515840, "dvar": 383791792128, "dmean": 405890.3125, "max": 40985136, "var": 1162258284540.0, "mean": 3833448}, "dissonance": {"dmean2": 0.0395936258137, "median": 0.465647995472, "min": 0.18099810183, "dvar2": 0.00181757239625, "dvar": 0.000695736205671, "dmean": 0.0240566078573, "max": 0.499704778194, "var": 0.00187926366925, "mean": 0.451621562243}, "spectral_skewness": {"dmean2": 0.391707837582, "median": 1.41206419468, "min": 0.0782378911972, "dvar2": 0.149509221315, "dvar": 0.060629311949, "dmean": 0.246328309178, "max": 4.03326702118, "var": 0.213626980782, "mean": 1.488270998}, "spectral_flux": {"dmean2": 0.0367635898292, "median": 0.0622842535377, "min": 1.04401688683e-10, "dvar2": 0.00161165022291, "dvar": 0.000716123788152, "dmean": 0.0238825343549, "max": 0.364509671926, "var": 0.00230537704192, "mean": 0.074335321784}, "spectral_contrast_valleys": {"dmean2": [0.737437307835, 0.678274869919, 0.589877128601, 0.522230505943, 0.468111336231, 0.434965908527], "median": [-7.67695713043, -6.93622016907, -7.50825738907, -7.99925041199, -7.88238763809, -10.7412261963], "min": [-26.9618701935, -27.02967453, -27.0913963318, -27.0673561096, -27.1965103149, -27.2017021179], "dvar2": [0.347045153379, 0.365095347166, 0.285747647285, 0.238281652331, 0.240920484066, 0.210693582892], "dvar": [0.161154106259, 0.173545241356, 0.14627456665, 0.129305005074, 0.130252957344, 0.117571443319], "dmean": [0.450680017471, 0.431602060795, 0.388191491365, 0.358521282673, 0.337676346302, 0.325791448355], "max": [-5.54664134979, -5.00939130783, -5.4711971283, -5.84824943542, -5.74319267273, -8.35590171814], "var": [1.33056080341, 1.29094803333, 1.29427444935, 1.06952416897, 0.936603486538, 0.718407332897], "mean": [-7.88504981995, -7.16260623932, -7.73284196854, -8.13423347473, -7.95393323898, -10.8428840637]}, "erbbands_flatness_db": {"dmean2": 0.0276816487312, "median": 0.170431599021, "min": 0.0340048000216, "dvar2": 0.000702326244209, "dvar": 0.00036120810546, "dmean": 0.0193996410817, "max": 0.370445251465, "var": 0.00311878090724, "mean": 0.181353792548}, "spectral_energyband_high": {"dmean2": 0.00023963242711, "median": 0.000160028313985, "min": 7.77772403707e-21, "dvar2": 2.60699465571e-07, "dvar": 1.07692990525e-07, "dmean": 0.00015913991956, "max": 0.00576195679605, "var": 1.93873148646e-07, "mean": 0.000284349109279}, "spectral_entropy": {"dmean2": 0.286211520433, "median": 7.432762146, "min": 4.91376924515, "dvar2": 0.0829055458307, "dvar": 0.0369215011597, "dmean": 0.19284671545, "max": 9.80702400208, "var": 0.188787698746, "mean": 7.36256694794}, "silence_rate_20dB": {"dmean2": 0, "median": 1, "min": 1, "dvar2": 0, "dvar": 0, "dmean": 0, "max": 1, "var": 0, "mean": 1}, "melbands_flatness_db": {"dmean2": 0.0456628873944, "median": 0.202755868435, "min": 0.011357405223, "dvar2": 0.00183454772923, "dvar": 0.000776408822276, "dmean": 0.0295808631927, "max": 0.48510491848, "var": 0.00306450412609, "mean": 0.208023890853}, "barkbands": {"dmean2": [6.64288563712e-06, 0.00171719701029, 0.00258723832667, 0.00256501720287, 0.00112457666546, 0.00100605748594, 0.00126023986377, 0.00169706274755, 0.00210586725734, 0.00119501573499, 0.000556241138838, 0.000595432065893, 0.000509293982759, 0.000593019125517, 0.000341165810823, 0.000185760320164, 0.000263271387666, 0.000308595161187, 0.00028891270631, 0.000182433010195, 8.19381893962e-05, 5.10100471729e-05, 3.00956071442e-05, 2.8080010452e-05, 6.59588613416e-06, 1.88723765859e-06, 1.13217015496e-06], "median": [1.35822881475e-06, 0.000366429710994, 0.000694797839969, 0.000686873565428, 0.000670765875839, 0.000412012712331, 0.000346630782587, 0.000343560561305, 0.000270647666184, 0.000197855159058, 0.000102815807622, 9.49662935454e-05, 9.65703220572e-05, 0.000112825262477, 5.59271138627e-05, 6.55844487483e-05, 7.08417355781e-05, 8.18875923869e-05, 8.09247721918e-05, 6.66548367008e-05, 3.77165415557e-05, 2.85921869363e-05, 1.72348172782e-05, 9.98638915917e-06, 3.09524148179e-06, 1.1541319509e-06, 2.48737876518e-07], "min": [5.8526687075e-24, 2.72888306082e-24, 1.03335714097e-23, 3.52143973994e-23, 1.71134601254e-23, 2.87728085274e-23, 5.188760372e-23, 1.71684834891e-22, 1.5850101279e-22, 6.72193678484e-23, 1.4179067952e-22, 8.54123809672e-23, 4.21110233296e-23, 8.65526068305e-23, 2.44921520129e-22, 1.17708611484e-22, 1.84986721071e-22, 2.49741573856e-22, 3.23401214756e-22, 2.46080552436e-22, 3.06648560676e-22, 4.22223145639e-22, 5.02130893075e-22, 1.31582635128e-21, 1.29613113243e-21, 1.50174710891e-21, 2.5186555092e-21], "dvar2": [2.29570668031e-10, 1.18559237308e-05, 2.70342334261e-05, 2.90655934805e-05, 3.21756806443e-06, 5.00410442328e-06, 1.66221907421e-05, 2.62157136603e-05, 6.1365601141e-05, 2.14898809645e-05, 4.2557226152e-06, 5.26867779627e-06, 2.96648454423e-06, 2.73334853773e-06, 1.08390577225e-06, 2.41766770159e-07, 3.33896167604e-07, 4.8525123475e-07, 5.33003515102e-07,