{"tonal": {"thpcp": [1, 0.600496351719, 0.175640493631, 0.131740093231, 0.217674806714, 0.390891432762, 0.426290869713, 0.325865536928, 0.270758122206, 0.253521800041, 0.211667701602, 0.208651974797, 0.213903725147, 0.146814838052, 0.134151667356, 0.145526215434, 0.123341970146, 0.120518036187, 0.219256669283, 0.544715940952, 0.757945597172, 0.645128667355, 0.380240768194, 0.161633744836, 0.109116055071, 0.126929461956, 0.196656197309, 0.209368914366, 0.143588706851, 0.113597452641, 0.110783904791, 0.114573374391, 0.182559758425, 0.283175766468, 0.447548866272, 0.797977685928], "hpcp": {"dmean2": [0.351979136467, 0.337426304817, 0.17803350091, 0.133130356669, 0.164352059364, 0.220103129745, 0.23539955914, 0.21836411953, 0.179334387183, 0.155179142952, 0.141835212708, 0.138654202223, 0.137033730745, 0.101158984005, 0.0930328443646, 0.100384660065, 0.0926705598831, 0.0980000570416, 0.169525399804, 0.270480901003, 0.3279735744, 0.300764530897, 0.227052241564, 0.157857403159, 0.114873230457, 0.112124882638, 0.130217298865, 0.135057747364, 0.107131890953, 0.0933347716928, 0.104376360774, 0.116661556065, 0.152775257826, 0.213605821133, 0.31805062294, 0.36184322834], "median": [0.218226537108, 0.0812685713172, 0.0100677106529, 0.00329705001786, 0.00788988638669, 0.014429917559, 0.0233384724706, 0.0150852212682, 0.0120325367898, 0.0116697084159, 0.0134402839467, 0.0216317661107, 0.0189775452018, 0.0101979644969, 0.00505089666694, 0.00526984129101, 0.00540613615885, 0.00431964080781, 0.0174811314791, 0.075623318553, 0.181679695845, 0.144352078438, 0.0436121784151, 0.00607338687405, 0.00239792442881, 0.00279970886186, 0.00582838663831, 0.0069678411819, 0.00559421768412, 0.00426114024594, 0.00384347722866, 0.00402859738097, 0.00588158285245, 0.0171180460602, 0.0712305530906, 0.215945333242], "min": [0, 0, 0, 0, 0, 0, 0, 0, 0, 0, 0, 0, 0, 0, 0, 0, 0, 0, 0, 0, 0, 0, 0, 0, 0, 0, 0, 0, 0, 0, 0, 0, 0, 0, 0, 0], "dvar2": [0.16507281363, 0.146894782782, 0.0856511816382, 0.0833980888128, 0.0778472349048, 0.109358616173, 0.114160373807, 0.103753395379, 0.0815119594336, 0.067940056324, 0.058145776391, 0.0535251200199, 0.0549951568246, 0.0374623462558, 0.0399031713605, 0.0448672957718, 0.0375207141042, 0.0405873917043, 0.0755175799131, 0.115228548646, 0.122205033898, 0.107482761145, 0.0991325974464, 0.0786083564162, 0.0610863976181, 0.0532114878297, 0.0682282149792, 0.0661561563611, 0.0477506332099, 0.0412490591407, 0.0533622205257, 0.0646312832832, 0.0789027884603, 0.0993214696646, 0.151232808828, 0.133305922151], "dvar": [0.0787234082818, 0.0580734163523, 0.0308046322316, 0.0302575416863, 0.0291150230914, 0.0444559827447, 0.0476760193706, 0.0424054600298, 0.0352578759193, 0.0300650261343, 0.0237055271864, 0.0218035206199, 0.0232042297721, 0.0149450339377, 0.0153675740585, 0.0184195842594, 0.0152165656909, 0.0160331167281, 0.0285274330527, 0.0458572655916, 0.0520690046251, 0.045327167958, 0.0393474623561, 0.0284341368824, 0.0225715320557, 0.0198139380664, 0.0275424215943, 0.0280584599823, 0.0196273103356, 0.0164628662169, 0.019516505301, 0.0224457941949, 0.029343161732, 0.038606736809, 0.0559639595449, 0.0560190677643], "dmean": [0.204184740782, 0.193537414074, 0.0974577218294, 0.0720656812191, 0.091498836875, 0.126923322678, 0.136826723814, 0.125189751387, 0.105775341392, 0.0930712670088, 0.0835753679276, 0.0822512358427, 0.0812227725983, 0.059229195118, 0.0536228530109, 0.0580071173608, 0.0529433600605, 0.0560868941247, 0.0977873280644, 0.160781428218, 0.196557760239, 0.179711863399, 0.133902966976, 0.0877423360944, 0.0626730844378, 0.0626997873187, 0.0769301429391, 0.0807685256004, 0.0639630258083, 0.0530963875353, 0.0582211427391, 0.0636167898774, 0.0860515832901, 0.122261740267, 0.180928185582, 0.21547870338], "max": [1, 1, 1, 1, 1, 1, 1, 1, 1, 1, 1, 1, 1, 1, 1, 1, 1, 1, 1, 1, 1, 1, 1, 1, 1, 1, 1, 1, 1, 1, 1, 1, 1, 1, 1, 1], "var": [0.175471246243, 0.0893204659224, 0.0243314765394, 0.0245495736599, 0.037316583097, 0.078571818769, 0.0863760113716, 0.0610181614757, 0.050371889025, 0.0496716536582, 0.0329254902899, 0.0270255748183, 0.0323154516518, 0.0187284499407, 0.0185180287808, 0.0239015594125, 0.0182373542339, 0.0181770753115, 0.0297878310084, 0.0845049992204, 0.10328540951, 0.0864358171821, 0.057624462992, 0.0227688513696, 0.0181113369763, 0.0185081586242, 0.036486916244, 0.0370303504169, 0.0220907740295, 0.0167369227856, 0.0157709363848, 0.0167590919882, 0.0298785157502, 0.0466744415462, 0.0628194138408, 0.110389247537], "mean": [0.410853236914, 0.24671587348, 0.0721624642611, 0.054125841707, 0.0894323959947, 0.160599008203, 0.175142988563, 0.133882910013, 0.111241854727, 0.104160249233, 0.0869643613696, 0.0857253372669, 0.087883040309, 0.0603193491697, 0.0551166497171, 0.0597899183631, 0.0506754480302, 0.0495152249932, 0.0900823101401, 0.223798319697, 0.311404407024, 0.265053212643, 0.156223148108, 0.0664077475667, 0.0448306836188, 0.0521493814886, 0.0807968378067, 0.0860198959708, 0.058993883431, 0.0466718822718, 0.0455159246922, 0.0470728427172, 0.0750052705407, 0.116343684494, 0.183876901865, 0.327851712704]}, "tuning_equal_tempered_deviation": 0.141414225101, "chords_changes_rate": 0.0645421519876, "key_key": "A", "tuning_diatonic_strength": 0.752835273743, "key_scale": "major", "chords_number_rate": 0.00282371928915, "tuning_frequency": 446.399932861, "tuning_nontempered_energy_ratio": 0.809138178825, "chords_histogram": [31.3432826996, 0.685760378838, 11.9806375504, 19.2819690704, 0.443727314472, 0.524405002594, 0, 0.32271078229, 0, 0.242033079267, 13.4328355789, 0, 2.13795876503, 0.484066158533, 0.887454628944, 0.484066158533, 1.04881000519, 15.5304555893, 0, 0, 0.726099252701, 0, 0.443727314472, 0], "key_strength": 0.787262737751, "chords_key": "A", "chords_strength": {"dmean2": 0.0108915241435, "median": 0.644498586655, "min": 0.317553699017, "dvar2": 9.79324249784e-05, "dvar": 8.03843649919e-05, "dmean": 0.0107435034588, "max": 0.859779834747, "var": 0.0103198261932, "mean": 0.633282721043}, "chords_scale": "major", "hpcp_entropy": {"dmean2": 1.00240468979, "median": 1.78344905376, "min": 0, "dvar2": 0.623487532139, "dvar": 0.234789088368, "dmean": 0.594007134438, "max": 3.84964990616, "var": 0.430540502071, "mean": 1.75783145428}}, "metadata": {"audio_properties": {"equal_loudness": 0, "codec": "mp3", "downmix": "mix", "sample_rate": 44100, "analysis_sample_rate": 44100, "bit_rate": 160000, "md5_encoded": "27b30773e7dcfbdabcbb404bf1ecc9d4", "length": 115.069389343, "replay_gain": -6.08866691589, "lossless": false}, "version": {"essentia_build_sha": "2d9f1f26377add8aeb1075a9c2973f962c4f09fd", "essentia": "2.1-beta2", "extractor": "music 1.0", "essentia_git_sha": "v2.1_beta2-1-ge3940c0"}, "tags": {"title": ["Rock and Swing"], "acoustid_fingerprint": ["AQADixSpcEoWJEf042mGK9iPv1GI2lw2NFP0I2kQ_ziTwz-eBU1NBRqV0KjyENezw0-E58QP90SZCsGVBU3EQ-uVBM-mBpESB-EVgV_04MwFKemH8MlwCXysCM2ZB2fgJbqOI5dW8BHqQ38eSI2y4_wCbUczfFORP8gp5UYjLTs0SbiF_Dl-2NGNJ4uEU8hySNcTI_zxKcOUB6HEQD_yiGjICH2OaicahbzwLEX8qEjoRDlOHe2Twq6FasuO-ST-IHymBc1HQ054Hvnxpwl2TLnQajrOKThFpD8eXcX1BtXho0uQSzyupQnS7oKKh0j3Cnz04Ek81DrKC88ZxN_RPNCeI4-0B2-qCE1k3chiH3rwPUHuCUwo1NzxsUguZNeH_miWDF8NPg76lEPz4kaso52eIJUkoZiXRBb6Bp6UCWXGHC-NOxf2KEVywYuO-_jxI9UTzKmOS3nQVFkKX8LRPMqRx1-RXGMTOFKOWxGPjzum_EObHNfB48j0442hqrnAo0cY5Smuo8h0UxCnF1lzPC76Y2aOJxR6xmiCZIm4pETIVGiqD90X4ofzZHhG430ShEiWLzvO4-s6lFL0EL1kPAt-9EZtNcKfB7HCBzryHA3KxLiYpQlOrmi0Hj0eGWXGw2MW8fCP8CWhC00kJRnaP8J5Qc-D8Gii48mDkUf_pEivC_1y6BXCODn6F6eOX-jMozmu40rQwrsCNA-ySduDa1-CkD8cSVlQ6_haXIweFQ26METeI7mDNiq8o2NaPPvxozKaJcqiIaLWB8l5NJdQMsE1432C_eHw7MgXeILqLD3yF5V4pNKy40dDKF5j5B--o9cRJkm6MJikQ_9hH-F5cOoSBhOjHFaVI9QFXbrw_MhzvDWOXNahIc3Difg1F_2Hi4iVCTpz5Bemd-h7_AkYf0Tz49iJJgqTI4-kQ0uO78UvhOfgt2ijoDzCZ4d-PDd-hNIP8wh56Bfe5BJeo6lzJJNznFRyVHrQ9MGlMD9OG_9hhZkRP0GS40fjPJgoRRce1OrRPDpy6DmT4HQmYUvChNCFfML-oGQ2o7mG-9ijD_mPZMxkoRkZ4oJv8GoVnJnhKMebRUMe6M9xPoLGW7CuoGTwiGkCnYsHZh7CrMSV45mDo1aUoYmIJ5uC3MGP5g8YJmKOP7gF58eTY9bxP2hmlFGIZxauNNCeoMl35Im04vGJ6iyaHy8d4R5y6dBiBT2NPEZ4Hk4NndKQLhGDmhf2R7hz9AfDPBXuKI7QVEKZ9fh04Uii8wjzpcF_HFdx6cOPXIee7kXOMMOzHElvhH-QbxYS6qgk0cScC2jOB326DM8VojzCXBKSOuvBXwnO6CijUJgyaclx5NGQzEkeeFLRL_jz476Ql4WOSJlO9DbelOCD7bjzCeOqo5xYHP7RXnh6xMsNLcoR_0R_PMrRrEcbnCmDF9URRoe-BVmzB-8Mc8eJJ-giMUUaZTl0pDf641SOh_mMK2-QR1CeD-mP_3jy4E_gSkicJciTS0nQP0KT4yvOlChFD1PoJMUVHc9yhDzEIzv4BH_wCY3CCJ9wkcEjMQn6pELzDI-Qh4bOlAnCLJH0grGyHO9O1M6GPO9QKX_woal29MqKD-kTPErmBOWLMBfOHHxGwduFfwz4o61GUFtTMMrxC88j7M8RJqI09Lge3NPQkEIpHh9ev8hhayJU5chl9C0e4pPQa8d9PNWGvPGhH2l444wi4m0TjJQ0lMzR3MihnwiZF9TRH1deFM2Ci-3AH-H2EFq6XMiPMzmaHX2iHC_eJGASH08cI7kf5ELtC2dxgUqLPFHKIHF4NPFRMtGPxyrO4ylK8giznBL0F3lmNN-Gf3AelMa14Md_4WJClDKa48gTnXgZPFnQhAKj5EnxIwz6Y6cyoVVyoflK4A7yE3qipEEoHU3FHM8ePMEzo-mWo19wBWdKnFsQ9kESZTj-HP3BZNmu4GIeXFJCpGomPEWeOXgLayp44EyD5sgTG4nzHP5x493hMUvxGJR29DzOFF4GndnRD011oSHZoEeDfiB7aMzywJN4vHCcHYejBA8_lDhzXOIRfgqS5QHJUBWu52gYHa9elCGP80EO3TlCodnwpKIi48mDMD-SUcqOJ3vwNKAiEs-JUwneHv1Z_BuSsUfIRIEvH85T9Jnx7Mfjo-kjhJcO5cfDEHIeRB8Da9TxfHgcB97BVUPOwTcUdxcqJcrSFXWyyDieDn8WYcpFaDPOHNnJoekWTBeeZSaaSOhL5E2UQ8-fIuce5DX0Bd4RK8_xPNiVo8kD5sdz4w9CyumhxTXOI1d2XLCNd8UPhHIWQcsS8Xh-xP2C5mA-5bjxPEj4sDhyv3gynBeuHB0L14mRHapzpD9-XNkFhtPS4B52pmjSLCr6H2cPH8nzJAh1oZEWBRePtwmaZx567OI6JG5q5FF-NGsZoU9wCjvx40eY6CqSyGKOBz1-vLjxo2t48DlO4VkuvDnC59ByGT_6o9mLL8dPaH-K9Gjn4WKPvEkuVH8I8UM6veiPSzxuNI5QMxEegiXx5MObRuiJ9DmSHecNLlaOy4px5dijoR58tKuK98G3J2iYhD7q4-F0TBecD4yPZ4GqznjiHPxw6gmanOgjBQ-T5AijJEf4Y8-X4B2a5dkxSaSQK8QT89A5ZUU6ZsVzFvFeaKlyI3x0fGiqHPvxDT76ohdOJUi_wbEOAAwRAEYQQYRwBgHMCBAGGKGUQAoJBAQhBhACABFCGeKAAAAQYoQTgFBlADBGEC6IMAIhTARigBlEBCDCEUEAEBQYDYxjhhBAgDSCKEIIEYg5QoBBAgCghIOISOY4IYQQJpxyggEBDAIIOWcAJg4ooIEQAAAhAAAAEKXBAogIQJAVQDKBCRFGMWEIEQIRCYAhBFkiAGEOAkiUAwAghgQgBhEvBFBAASOAIMIAJCDRQCIAhAAAKAMAEZAwAJACRAhBiACCEWGEAgAbBQEBghAghDBMAEaA8II5A4wAgjhAFBGEMQGoYAgAhQhBSgFCACQMMQMEI8gIogxhQDgBAABCEYucAYQBQgIAABsDkDNAIcAVIE4oIIAhAhgABANDAomIII4iI7gCgDAIgBCCAAMIFUpIJ4AwBiAjAXDCiCEEQYgiggBCAAihiCDEMAWAIEIQQwQBwElCABACICEUEAITAIgSTBkAhUDECUQsA8AQSxRhDBnABAFCEYUQcYQoQIQQBDhmBAOUZAyMMsAhQBEgAAgggLACOEwIYowYIwwSEggHACDIEOOAAE4IhwAhiCCAjCBCIRCMsIRAARABAhhChHACKQIQAg4JwwQgiChAkFBEISKYAQYgBBGAShirgEAAEGaEYQI0IiBhgDkCjADAIKqgYUgIISgVgigBGCDKIGOMYw4KYwQBAABBDAGCGEmIUAJgIwglFgiBAECECCQIQEIowoxiDghGjDBKcCcIAohQAgAAQAiAlABMGUEMY4A4IwAEBiAwnABAMMAQIwAaoogBThPAEAdGGAQEYRQRSxgDTghDAGJQEScAwyJYDDAQlhACkFAGUkKIMcwIIAECQBABmCOEM0KUAAggQwBCxDgAjKACGCkZcQYYCYSyAhpAgTAIKMAkAYQZY5AhDCoE"], "genre": ["Rock & Roll"], "musicbrainz album type": ["Compilation"], "musicip_puid": ["4cb293e6-6869-ea2e-080c-9973c57481db"], "musicbrainz_recordingid": ["12ee5085-7ebd-46ce-a203-b195c4c71959"], "musicbrainz_albumid": ["53b089bd-3e1a-451f-967b-2d28b987a98b"], "artist": ["E.B. Whyland"], "tracknumber": ["28"], "bpm": ["110.29"], "album": ["Buffalo Bop 55098 - Rockabilly Cats"], "acoustid_id": ["9ed9ee53-0863-458b-89cd-f9beea07f021"], "file_name": "E.B. Whyland - Rock and Swing.mp3"}}, "rhythm": {"bpm_histogram_first_peak_bpm": {"dmean2": 0, "median": 110, "min": 110, "dvar2": 0, "dvar": 0, "dmean": 0, "max": 110, "var": 0, "mean": 110}, "bpm": 110.391838074, "bpm_histogram_second_peak_spread": {"dmean2": 0, "median": 0, "min": 0, "dvar2": 0, "dvar": 0, "dmean": 0, "max": 0, "var": 0, "mean": 0}, "bpm_histogram_first_peak_weight": {"dmean2": 0, "median": 0.382775127888, "min": 0.382775127888, "dvar2": 0, "dvar": 0, "dmean": 0, "max": 0.382775127888, "var": 0, "mean": 0.382775127888}, "onset_rate": 3.9273712635, "beats_position": [0.545668900013, 1.09133780003, 1.64861679077, 2.20589566231, 2.77478456497, 3.32045340538, 3.87773227692, 4.43501138687, 4.98067998886, 5.53795909882, 6.08362817764, 6.62929677963, 7.17496585846, 7.70902490616, 8.26630401611, 8.82358264923, 9.36925125122, 9.91492080688, 10.4605894089, 11.0062580109, 11.5635375977, 12.1208162308, 12.6664848328, 13.2121543884, 13.7694330215, 14.3267116547, 14.8723802567, 15.4180498123, 15.9753284454, 16.5209980011, 17.0782756805, 17.6239452362, 18.1696147919, 18.7152824402, 19.272562027, 19.8298416138, 20.363899231, 20.9211788177, 21.4668483734, 22.0125160217, 22.5581855774, 23.1038551331, 23.6379127502, 24.1719722748, 24.7060317993, 25.2400894165, 25.774148941, 26.3082084656, 26.8538761139, 27.3995456696, 27.9336051941, 28.4676647186, 29.0133323669, 29.5822219849, 30.1278915405, 30.6735591888, 31.1960086823, 31.7184581757, 32.2757377625, 32.8097953796, 33.3438529968, 33.8779144287, 34.4119720459, 34.9460296631, 35.480091095, 36.0025405884, 36.5482063293, 37.0822677612, 37.6163253784, 38.1503829956, 38.6844444275, 39.2301139832, 39.7873916626, 40.344669342, 40.9019508362, 41.4476165771, 42.0048980713, 42.5621757507, 43.1310653687, 43.6999549866, 44.257232666, 44.8029022217, 45.3485717773, 45.8826293945, 46.439907074, 46.9739685059, 47.508026123, 48.0420837402, 48.5761451721, 49.1102027893, 49.6442604065, 50.1899299622, 50.7355995178, 51.269657135, 51.8037185669, 52.3377761841, 52.871837616, 53.4291152954, 53.9747848511, 54.5204544067, 55.0661201477, 55.6117897034, 56.157459259, 56.726348877, 57.2836265564, 57.8641242981, 58.4446258545, 59.0251235962, 59.6056213379, 60.1861228943, 60.766620636, 61.3238983154, 61.8811798096, 62.4268455505, 62.9725151062, 63.5297966003, 64.0522460938, 64.5979156494, 65.1435852051, 65.6892471313, 66.2233123779, 66.7689819336, 67.3146438599, 67.8487091064, 68.3827667236, 68.9284362793, 69.474105835, 70.0313796997, 70.5886611938, 71.145942688, 71.6800003052, 72.2140579224, 72.7713394165, 73.3286132813, 73.8626708984, 74.4083404541, 74.9540100098, 75.4996795654, 76.0453491211, 76.5794067383, 77.1250762939, 77.6707458496, 78.2280273438, 78.7620849609, 79.2961425781, 79.8302001953, 80.375869751, 80.9215393066, 81.4672088623, 82.012878418, 82.5469360352, 83.0926055908, 83.6382751465, 84.1839447021, 84.7296142578, 85.263671875, 85.8093414307, 86.3550109863, 86.8890686035, 87.4347381592, 87.9804077148, 88.537689209, 89.0717468262, 89.6174163818, 90.1630859375, 90.7087478638, 91.2544174194, 91.8116989136, 92.3573684692, 92.9030380249, 93.460319519, 94.0175933838, 94.551651001, 95.0973205566, 95.6429901123, 96.2002716064, 96.7575454712, 97.3032150269, 97.8488845825, 98.4061660767, 98.9518356323, 99.497505188, 100.031562805, 100.565620422, 101.09967804, 101.622131348, 102.144577026, 102.678634644, 103.21269989, 103.746757507, 104.280815125, 104.814872742, 105.348930359, 105.906211853, 106.44026947, 106.985939026, 107.531608582, 108.065666199, 108.588119507, 109.110565186, 109.644622803, 110.167076111, 110.701133728, 111.223579407, 111.746032715, 112.268478394, 112.802536011, 113.336593628, 113.870658875, 114.404716492], "beats_loudness": {"dmean2": 0.0279683172703, "median": 0.0395556986332, "min": 3.46538363374e-05, "dvar2": 0.000483362498926, "dvar": 0.000167119185789, "dmean": 0.0157596785575, "max": 0.118224717677, "var": 0.000254038081039, "mean": 0.0389666892588}, "danceability": 1.4857480526, "bpm_histogram_second_peak_weight": {"dmean2": 0, "median": 0.057416267693, "min": 0.057416267693, "dvar2": 0, "dvar": 0, "dmean": 0, "max": 0.057416267693, "var": 0, "mean": 0.057416267693}, "beats_count": 210, "bpm_histogram_second_peak_bpm": {"dmean2": 0, "median": 115, "min": 115, "dvar2": 0, "dvar": 0, "dmean": 0, "max": 115, "var": 0, "mean": 115}, "bpm_histogram_first_peak_spread": {"dmean2": 0, "median": 0.569892466068, "min": 0.569892466068, "dvar2": 0, "dvar": 0, "dmean": 0, "max": 0.569892466068, "var": 0, "mean": 0.569892466068}, "beats_loudness_band_ratio": {"dmean2": [0.281452924013, 0.36464831233, 0.185601085424, 0.276939094067, 0.0674402788281, 0.00832031294703], "median": [0.230989128351, 0.44579988718, 0.111196883023, 0.0730699822307, 0.0197482611984, 0.000972694018856], "min": [0.00311661045998, 0.0447547212243, 0.00439979368821, 0.00241516623646, 2.22911257879e-05, 2.5630233722e-06], "dvar2": [0.0553285144269, 0.078041754663, 0.0285285320133, 0.0693242773414, 0.00529533158988, 0.000789094425272], "dvar": [0.0169154033065, 0.0246910136193, 0.0116754090413, 0.025896795094, 0.00189663795754, 0.000291489443043], "dmean": [0.160967379808, 0.213688477874, 0.107887424529, 0.159359365702, 0.0370662733912, 0.00462545081973], "max": [0.748879849911, 0.953115820885, 0.677393734455, 0.611887693405, 0.254505991936, 0.193716242909], "var": [0.0223295036703, 0.0446482971311, 0.0167266931385, 0.0252040289342, 0.00168729096185, 0.00020627687627], "mean": [0.25830835104, 0.472714304924, 0.150623753667, 0.147443532944, 0.0345507338643, 0.00355768040754]}}, "lowlevel": {"barkbands_spread": {"dmean2": 3.45073914528, "median": 6.49112319946, "min": 0.153871417046, "dvar2": 23.2249107361, "dvar": 10.3473882675, "dmean": 2.3131916523, "max": 108.450172424, "var": 31.3694458008, "mean": 7.29610013962}, "melbands_spread": {"dmean2": 4.54265213013, "median": 8.1525888443, "min": 0.293550819159, "dvar2": 25.6843910217, "dvar": 13.319943428, "dmean": 3.0800037384, "max": 118.644851685, "var": 57.5469398499, "mean": 9.74115180969}, "hfc": {"dmean2": 5.29866027832, "median": 10.6735897064, "min": 1.29032512557e-16, "dvar2": 31.8855361938, "dvar": 18.0031757355, "dmean": 3.80866980553, "max": 76.4910964966, "var": 99.1085281372, "mean": 12.7229213715}, "barkbands_kurtosis": {"dmean2": 11.6242113113, "median": 4.17204904556, "min": -1.83648788929, "dvar2": 518.297302246, "dvar": 179.270080566, "dmean": 6.96333694458, "max": 344.022003174, "var": 378.815460205, "mean": 10.4697198868}, "gfcc": {"mean": [-137.997451782, 213.568084717, -131.623733521, -10.9581689835, -25.8649120331, -24.8593978882, -38.7415924072, -12.7540626526, -26.7223567963, -24.5596370697, -4.99643802643, -16.8166809082, -1.05327785015], "icov": [[0.000476582732517, -0.00120464176871, 0.00111952424049, -0.000947318563703, 0.000735805893783, -0.000617639336269, 0.000465892313514, 9.62457997957e-05, 0.000159378701937, 0.000405160390073, 9.58720847848e-05, 0.000140724223456, 9.95870068436e-05], [-0.00120464176871, 0.00857543107122, -0.00437267590314, 0.00537357199937, -0.00571095664054, 0.0032625310123, -0.00416060397401, 0.000824442715384, -0.00396855035797, 0.0018291772576, -0.00342985242605, 0.00219868449494, -0.00230183987878], [0.00111952424049, -0.00437267590314, 0.00405558710918, -0.00343046314083, 0.0028518056497, -0.00283288559876, 0.00268930546008, 0.000318036181852, 0.00139370199759, 0.000667255313601, 0.0010867289966, -0.000545317889191, 0.00091343006352], [-0.000947318563703, 0.00537357199937, -0.00343046314083, 0.00517118535936, -0.00374522455968, 0.00293823773973, -0.00312535627745, -0.000407238752814, -0.00228264089674, 3.81839381589e-05, -0.00149543792941, 0.0017459099181, -0.00196475093253], [0.000735805893783, -0.00571095664054, 0.0028518056497, -0.00374522455968, 0.00665095075965, -0.00151794438716, 0.00275174714625, -0.000125618709717, 0.00174693739973, -0.0010493977461, 0.00145455310121, -0.00158641114831, 0.00119057425763], [-0.000617639336269, 0.0032625310123, -0.00283288559876, 0.00293823773973, -0.00151794438716, 0.00554991606623, -0.00258034141734, 0.000273650803138, -0.00168704555836, -8.84275141289e-05, -0.00236098445021, 0.00115166418254, -0.00179177650716], [0.000465892313514, -0.00416060397401, 0.00268930546008, -0.00312535627745, 0.00275174714625, -0.00258034141734, 0.00670603243634, -0.00239429064095, 0.00498329289258, -0.00211936375126, 0.00227391603403, -0.00128959969152, 0.000961257144809], [9.62457997957e-05, 0.000824442715384, 0.000318036181852, -0.000407238752814, -0.000125618709717, 0.000273650803138, -0.00239429064095, 0.00723725371063, -0.00464003486559, 0.00208507617936, -0.00229379232042, 0.000517393229529, -2.36919331655e-05], [0.000159378701937, -0.00396855035797, 0.00139370199759, -0.00228264089674, 0.00174693739973, -0.00168704555836, 0.00498329289258, -0.00464003486559, 0.0121251828969, -0.00598131399602, 0.00526078417897, -0.00407661311328, 0.00276415073313], [0.000405160390073, 0.0018291772576, 0.000667255313601, 3.81839381589e-05, -0.0010493977461, -8.84275141289e-05, -0.00211936375126, 0.00208507617936, -0.00598131399602, 0.0113226305693, -0.00598290888593, 0.00476669427007, -0.00250759790652], [9.58720847848e-05, -0.00342985242605, 0.0010867289966, -0.00149543792941, 0.00145455310121, -0.00236098445021, 0.00227391603403, -0.00229379232042, 0.00526078417897, -0.00598290888593, 0.0134530309588, -0.00665159802884, 0.00416003866121], [0.000140724223456, 0.00219868449494, -0.000545317889191, 0.0017459099181, -0.00158641114831, 0.00115166418254, -0.00128959969152, 0.000517393229529, -0.00407661311328, 0.00476669427007, -0.00665159802884, 0.0134815722704, -0.00609579635784], [9.95870068436e-05, -0.00230183987878, 0.00091343006352, -0.00196475093253, 0.00119057425763, -0.00179177650716, 0.000961257144809, -2.36919331655e-05, 0.00276415073313, -0.00250759790652, 0.00416003866121, -0.00609579635784, 0.0118904560804]], "cov": [[7490.11132813, 185.714263916, -2310.38305664, 378.237091064, 207.745010376, -326.693450928, 497.291473389, 229.284988403, 54.2080612183, -5.75134468079, 3.12606048584, -129.904830933, 21.9211349487], [185.714263916, 672.337585449, 222.249450684, -316.215484619, 265.978210449, 3.34648108482, -19.9661750793, -51.5864715576, 39.0139083862, -58.9641342163, 55.4944953918, 34.6645545959, 11.5112991333], [-2310.38305664, 222.249450684, 1566.56396484, 6.5991153717, -57.7037124634, 266.289276123, -267.431335449, -147.255264282, -12.011762619, -90.9210281372, -2.43566513062, 33.6968650818, 12.0978784561], [378.237091064, -316.215484619, 6.5991153717, 835.723327637, 68.9582748413, -124.432174683, 118.921775818, 124.019004822, 48.2352294922, 71.505355835, -41.4905052185, -52.8133087158, 29.4879322052], [207.745010376, 265.978210449, -57.7037124634, 68.9582748413, 398.108398438, -77.11769104, -21.6680793762, 9.60303974152, 51.2288322449, 15.3673448563, 20.4386978149, 18.6731185913, 9.61932659149], [-326.693450928, 3.34648108482, 266.289276123, -124.432174683, -77.11769104, 349.20010376, 20.6700744629, -26.0807628632, -20.8121585846, 10.3658084869, 43.0591316223, 14.2710094452, 20.2620544434], [497.291473389, -19.9661750793, -267.431335449, 118.921775818, -21.6680793762, 20.6700744629, 364.698028564, 83.5309066772, -71.7026367188, 32.6239128113, 11.946521759, -20.4060535431, 17.0395698547], [229.284988403, -51.5864715576, -147.255264282, 124.019004822, 9.60303974152, -26.0807628632, 83.5309066772, 231.07170105, 80.0390090942, 29.7343883514, 17.3943958282, 5.68196868896, -6.79462146759], [54.2080612183, 39.0139083862, -12.011762619, 48.2352294922, 51.2288322449, -20.8121585846, -71.7026367188, 80.0390090942, 194.116226196, 59.4940032959, -7.12447977066, 14.2468442917, -9.10053825378], [-5.75134468079, -58.9641342163, -90.9210281372, 71.505355835, 15.3673448563, 10.3658084869, 32.6239128113, 29.7343883514, 59.4940032959, 167.154785156, 40.2835845947, -20.9268035889, 1.4775326252], [3.12606048584, 55.4944953918, -2.43566513062, -41.4905052185, 20.4386978149, 43.0591316223, 11.946521759, 17.3943958282, -7.12447977066, 40.2835845947, 134.021118164, 41.5607223511, -7.87166929245], [-129.904830933, 34.6645545959, 33.6968650818, -52.8133087158, 18.6731185913, 14.2710094452, -20.4060535431, 5.68196868896, 14.2468442917, -20.9268035889, 41.5607223511, 127.99005127, 41.7750015259], [21.9211349487, 11.5112991333, 12.0978784561, 29.4879322052, 9.61932659149, 20.2620544434, 17.0395698547, -6.79462146759, -9.10053825378, 1.4775326252, -7.87166929245, 41.7750015259, 117.385810852]]}, "spectral_energyband_middle_low": {"dmean2": 0.0142695326358, "median": 0.0201831366867, "min": 1.90258432376e-22, "dvar2": 0.000343900086591, "dvar": 0.000124191792565, "dmean": 0.00900091137737, "max": 0.136648789048, "var": 0.000312156160362, "mean": 0.0232359338552}, "melbands_crest": {"dmean2": 6.03089857101, "median": 16.2012729645, "min": 2.00573301315, "dvar2": 25.4756202698, "dvar": 9.75517177582, "dmean": 3.66050076485, "max": 34.2386512756, "var": 29.1565647125, "mean": 16.6103725433}, "spectral_kurtosis": {"dmean2": 33.8243408203, "median": 31.5662078857, "min": -1.16273748875, "dvar2": 1227.04821777, "dvar": 442.140838623, "dmean": 20.2143669128, "max": 379.32244873, "var": 1822.50012207, "mean": 45.2535629272}, "spectral_rms": {"dmean2": 0.00128727464471, "median": 0.00510964728892, "min": 3.35720470521e-12, "dvar2": 1.73750936483e-06, "dvar": 7.18463638805e-07, "dmean": 0.000881356536411, "max": 0.0116015207022, "var": 3.73023635802e-06, "mean": 0.0049933232367}, "zerocrossingrate": {"dmean2": 0.00489660864696, "median": 0.0234375, "min": 0.0068359375, "dvar2": 0.000117831295938, "dvar": 7.08732331987e-05, "dmean": 0.00417975056916, "max": 0.5048828125, "var": 0.000291436881525, "mean": 0.0253280755132}, "silence_rate_60dB": {"dmean2": 0.0540867820382, "median": 0, "min": 0, "dvar2": 0.0588317252696, "dvar": 0.0263079106808, "dmean": 0.0270379334688, "max": 1, "var": 0.0498807393014, "mean": 0.0526528134942}, "erbbands_kurtosis": {"dmean2": 3.70178961754, "median": 0.32621255517, "min": -1.83023738861, "dvar2": 48.4440231323, "dvar": 19.0328273773, "dmean": 2.2716126442, "max": 150.742477417, "var": 51.5518798828, "mean": 2.18665719032}, "erbbands": {"dmean2": [0.00694953091443, 0.130422368646, 0.710602045059, 4.37073087692, 21.0363903046, 62.0012245178, 17.8911571503, 14.7011318207, 12.1601409912, 21.4322872162, 18.1955871582, 27.9453392029, 21.1466140747, 25.6674175262, 23.8451290131, 31.0778064728, 26.6023807526, 9.68276596069, 10.1354427338, 8.11771202087, 6.0635175705, 6.23827552795, 5.06214809418, 3.19798469543, 1.61605858803, 0.462756693363, 0.204047620296, 0.062158215791, 0.0173131022602, 0.00880430452526, 0.0180243384093, 0.0280408188701, 0.0152841592208, 0.00300852954388, 0.000649399589747, 0.000180165719939, 1.49159304783e-05, 1.97242707145e-06, 6.80591119817e-06, 1.63562544913e-05], "median": [0.00308335246518, 0.0534683912992, 0.475448668003, 3.20782518387, 16.3455600739, 31.3327484131, 12.3689994812, 9.38883686066, 7.32399654388, 7.08463287354, 8.21077919006, 7.85263538361, 5.37887573242, 6.30652618408, 7.48292636871, 6.91826725006, 6.09660768509, 3.13613796234, 3.54574489594, 2.52746033669, 2.36693191528, 2.71581363678, 1.82340252399, 0.616822302341, 0.24246391654, 0.0726109668612, 0.0348784811795, 0.00854180753231, 0.0031540368218, 0.00154799351003, 0.000952517671976, 0.000747569545638, 0.000450278894277, 0.00027564811171, 0.00015946815256, 6.58539211145e-05, 1.37462202474e-05, 2.18436093746e-06, 1.3081365978e-05, 3.03094802803e-05], "min": [3.71981642193e-22, 4.84289974453e-21, 1.5619830837e-20, 5.08517165632e-20, 6.2764804057e-20, 1.3035227788e-19, 4.90966493297e-20, 1.67372901291e-19, 5.2878606332e-19, 3.23099849191e-19, 3.72554780817e-19, 1.64978991485e-18, 1.82207850495e-18, 3.58151710366e-18, 2.83281028863e-18, 4.62339533933e-18, 2.89996825539e-18, 7.30957917899e-18, 8.3011271967e-18, 8.06324907769e-18, 4.6217963992e-18, 6.72500319547e-18, 1.13180401791e-17, 1.35477948558e-17, 2.13230088908e-17, 1.41430513954e-17, 2.00141924405e-17, 2.0835066628e-17, 2.82766596969e-17, 2.26009963198e-17, 2.24111401712e-17, 1.79958767089e-17, 1.86681313558e-17, 1.32570309443e-17, 1.03837562209e-17, 6.12625388575e-18, 3.38517523871e-18, 1.41043848376e-18, 3.42666703183e-19, 4.09809864695e-20], "dvar2": [0.000118011339509, 0.0416992679238, 1.20011198521, 48.7768707275, 867.296386719, 9739.27929688, 704.902038574, 661.045837402, 755.631469727, 2516.65893555, 1606.79626465, 4283.32324219, 4194.90283203, 3608.93920898, 2632.76025391, 6571.8359375, 4050.54248047, 648.301818848, 610.98614502, 440.410339355, 156.154815674, 155.679931641, 116.32497406, 122.735908508, 55.3571815491, 1.41916382313, 0.233495250344, 0.0309494286776, 0.00415305001661, 0.00337238097563, 0.036332745105, 0.146308600903, 0.050647765398, 0.00158268492669, 1.4040516362e-05, 2.21522199695e-07, 2.99420999106e-09, 1.88042411503e-11, 6.85456760796e-11, 4.07334860286e-10], "dvar": [8.53070378071e-05, 0.0201872587204, 0.720558822155, 20.6612033844, 319.383575439, 3263.17456055, 311.219421387, 348.491088867, 357.12701416, 1198.24719238, 908.016540527, 2103.2878418, 2026.16259766, 2280.05126953, 1509.88098145, 3236.72631836, 2653.39257813, 329.948028564, 285.806335449, 229.019622803, 84.3878479004, 75.6858596802, 54.8502807617, 62.0360565186, 23.9392662048, 0.76869904995, 0.105510815978, 0.0184187851846, 0.00198628241196, 0.00133933557663, 0.0156059907749, 0.0532486587763, 0.0185768306255, 0.00057366717374, 5.43670284969e-06, 8.70000960163e-08, 1.41356026884e-09, 8.35615691225e-12, 2.61294579723e-11, 1.52516069218e-10], "dmean": [0.00557714607567, 0.0931808426976, 0.524677217007, 2.88603019714, 12.8283824921, 36.4877204895, 11.3142461777, 10.1787519455, 8.18775653839, 14.3414487839, 12.9096040726, 19.7931480408, 14.7828073502, 18.9031276703, 17.2789382935, 22.04920578, 19.7201786041, 6.82244777679, 6.8883061409, 5.7680311203, 4.35021305084, 4.30661439896, 3.52004504204, 2.2008907795, 1.06333136559, 0.336525410414, 0.137562200427, 0.0445768013597, 0.012352806516, 0.00556840747595, 0.0108095416799, 0.0159967876971, 0.00891430769116, 0.00175164535176, 0.000400036748033, 0.000111997003842, 9.33203500608e-06, 1.21573691558e-06, 4.52276117358e-06, 1.07728083094e-05], "max": [0.20266585052, 2.69481921196, 15.1670074463, 63.8176383972, 280.144348145, 697.600952148, 393.079467773, 446.753326416, 506.551422119, 975.844665527, 874.349243164, 809.359680176, 1375.76794434, 1021.65435791, 1003.13653564, 1257.68591309, 1509.62536621, 665.692260742, 432.626190186, 368.041290283, 222.644607544, 173.0987854, 123.383453369, 259.800506592, 185.284011841, 25.672077179, 6.41045188904, 5.10391521454, 1.43828260899, 1.26657426357, 5.29156541824, 8.06064605713, 4.9925365448, 0.892619967461, 0.0704976990819, 0.00600278005004, 0.00138487678487, 0.000137652546982, 6.26984401606e-05, 0.000151346772327], "var": [0.000730727624614, 0.091059319675, 5.8119354248, 55.9359436035, 628.801025391, 5466.06054688, 1056.08422852, 1575.09667969, 785.949645996, 4902.98144531, 3789.87939453, 5091.54248047, 4566.17773438, 8006.17871094, 4582.54736328, 8131.93066406, 9520.11914063, 1051.96862793, 664.982421875, 683.747436523, 322.510528564, 211.805709839, 141.549331665, 173.807937622, 42.1422767639, 1.93600034714, 0.223648354411, 0.0557130612433, 0.0039257039316, 0.00126614747569, 0.0136192003265, 0.0336612090468, 0.0119161214679, 0.000361132493708, 4.33806872024e-06, 1.09583019992e-07, 1.65819014075e-09, 1.09643205973e-11, 8.83656273154e-11, 4.87063001042e-10], "mean": [0.0147571759298, 0.223345994949, 1.4451738596, 6.11416530609, 23.1092433929, 57.3770561218, 22.6408348083, 23.50664711, 16.1111698151, 30.8458652496, 28.7608299255, 36.1861000061, 26.4739227295, 36.5749282837, 31.7691802979, 39.3832092285, 37.8041191101, 12.503663063, 12.3942556381, 11.0581645966, 8.52023220062, 8.0062417984, 6.28603744507, 4.05918455124, 1.79100751877, 0.567610561848, 0.225340217352, 0.0759626030922, 0.0191502999514, 0.00677431421354, 0.00976084079593, 0.0121002662927, 0.00660260440782, 0.00151433993597, 0.000506513519213, 0.00017131716595, 1.91208546312e-05, 2.75419461104e-06, 1.4197326891e-05, 3.30036273226e-05]}, "spectral_strongpeak": {"dmean2": 0.868609189987, "median": 0.943670272827, "min": 0, "dvar2": 0.931508660316, "dvar": 0.427380383015, "dmean": 0.53003937006, "max": 9.66796588898, "var": 1.07821631432, "mean": 1.18746221066}, "spectral_energy": {"dmean2": 0.0147868609056, "median": 0.0267612077296, "min": 1.15525942664e-20, "dvar2": 0.000339045160217, "dvar": 0.000125910111819, "dmean": 0.00969828478992, "max": 0.13796018064, "var": 0.00039099244168, "mean": 0.029380120337}, "average_loudness": 0.95222645998, "spectral_rolloff": {"dmean2": 289.363525391, "median": 538.330078125, "min": 172.265625, "dvar2": 321464.65625, "dvar": 164304.171875, "dmean": 174.792572021, "max": 18927.6855469, "var": 452908.8125, "mean": 692.096557617}, "spectral_centroid": {"dmean2": 165.620071411, "median": 492.045654297, "min": 157.729797363, "dvar2": 49834.4648438, "dvar": 31884.4199219, "dmean": 115.193115234, "max": 10803.3759766, "var": 110780, "mean": 562.288269043}, "pitch_salience": {"dmean2": 0.121489793062, "median": 0.509159803391, "min": 0.083360388875, "dvar2": 0.0115264700726, "dvar": 0.00424129702151, "dmean": 0.0737797692418, "max": 0.951526999474, "var": 0.011275046505, "mean": 0.506953060627}, "spectral_energyband_middle_high": {"dmean2": 0.00209480407648, "median": 0.00188702589367, "min": 1.58989465365e-21, "dvar2": 1.06182851596e-05, "dvar": 7.15425630915e-06, "dmean": 0.00159635464661, "max": 0.043839789927, "var": 3.47092391166e-05, "mean": 0.00415573641658}, "spectral_contrast_coeffs": {"dmean2": [0.092500038445, 0.0784065872431, 0.0677595585585, 0.0561008043587, 0.0458421334624, 0.0461084581912], "median": [-0.507016777992, -0.655572533607, -0.699106991291, -0.720140755177, -0.71064209938, -0.81592464447], "min": [-0.959806144238, -0.967994093895, -0.959818542004, -0.969343602657, -0.962285876274, -0.962150812149], "dvar2": [0.00586120830849, 0.00406190333888, 0.00309953093529, 0.00230783200823, 0.0014518564567, 0.00152145593893], "dvar": [0.00238546542823, 0.0016465150984, 0.00157304666936, 0.00104134192225, 0.000711158092599, 0.000702843884937], "dmean": [0.0577994734049, 0.0493794679642, 0.0455333851278, 0.0367134287953, 0.0307980496436, 0.0302338469774], "max": [-0.177731096745, -0.38215392828, -0.427173733711, -0.501245379448, -0.521773099899, -0.573759913445], "var": [0.0126772876829, 0.00648505520076, 0.00786385778338, 0.00482106534764, 0.00432943413034, 0.00443484494463], "mean": [-0.4997151196, -0.652997195721, -0.69436019659, -0.72203963995, -0.718657433987, -0.805912494659]}, "melbands_skewness": {"dmean2": 1.20199251175, "median": 2.2228474617, "min": -0.997077226639, "dvar2": 1.51884162426, "dvar": 0.667702198029, "dmean": 0.781605243683, "max": 15.1514959335, "var": 2.60626077652, "mean": 2.44950699806}, "spectral_spread": {"dmean2": 547553.6875, "median": 1476907.75, "min": 271130.4375, "dvar2": 660424228864, "dvar": 380153593856, "dmean": 330905.9375, "max": 40163800, "var": 831923814400, "mean": 1534355.5}, "dissonance": {"dmean2": 0.0724030956626, "median": 0.39953482151, "min": 0.143665790558, "dvar2": 0.00419409200549, "dvar": 0.00148708408233, "dmean": 0.0431632362306, "max": 0.499873191118, "var": 0.0031563071534, "mean": 0.391160905361}, "spectral_skewness": {"dmean2": 2.04713797569, "median": 3.60764908791, "min": -0.0093847066164, "dvar2": 2.8178589344, "dvar": 1.14353346825, "dmean": 1.23634314537, "max": 16.0178413391, "var": 5.66272258759, "mean": 4.2304444313}, "spectral_flux": {"dmean2": 0.0413794666529, "median": 0.071605913341, "min": 1.07482994727e-10, "dvar2": 0.00140260776971, "dvar": 0.000592769589275, "dmean": 0.0264496151358, "max": 0.284241586924, "var": 0.00159990752582, "mean": 0.0776936113834}, "spectral_contrast_valleys": {"dmean2": [0.677414178848, 0.613621473312, 0.586834609509, 0.610062539577, 0.531017780304, 0.608011841774], "median": [-7.80656528473, -7.09540891647, -7.99295902252, -8.71266841888, -9.72353744507, -13.4445028305], "min": [-27.3090286255, -26.5975189209, -27.3255805969, -26.9486865997, -27.3192386627, -27.1782455444], "dvar2": [0.315079748631, 0.267790794373, 0.243116423488, 0.307273566723, 0.208934113383, 0.270539104939], "dvar": [0.165248274803, 0.136220142245, 0.137521356344, 0.160264372826, 0.142184451222, 0.120193898678], "dmean": [0.460602611303, 0.399546921253, 0.395753085613, 0.410845786333, 0.40558385849, 0.379881083965], "max": [-5.92024803162, -5.29719257355, -5.74004173279, -6.55779409409, -7.31344032288, -9.74338245392], "var": [1.22669351101, 0.857245564461, 1.10690319538, 1.17342126369, 1.45989501476, 0.49465534091], "mean": [-7.88985967636, -7.20613622665, -8.12063884735, -8.85292243958, -9.87421607971, -13.4354610443]}, "erbbands_flatness_db": {"dmean2": 0.0296498034149, "median": 0.321031719446, "min": 0.0397597923875, "dvar2": 0.000883063708898, "dvar": 0.000384050625144, "dmean": 0.0196949131787, "max": 0.510547578335, "var": 0.00192827230785, "mean": 0.324131280184}, "spectral_energyband_high": {"dmean2": 8.10653909866e-06, "median": 1.48187632476e-06, "min": 8.69155828114e-21, "dvar2": 7.58539231427e-10, "dvar": 3.1336189199e-10, "dmean": 5.41998906556e-06, "max": 0.00049298570957, "var": 4.09714651095e-10, "mean": 8.4977973529e-06}, "spectral_entropy": {"dmean2": 0.379952669144, "median": 6.03431510925, "min": 3.75751161575, "dvar2": 0.130329087377, "dvar": 0.0583870485425, "dmean": 0.251197963953, "max": 9.81922626495, "var": 0.2964643538, "mean": 5.95946455002}, "silence_rate_20dB": {"dmean2": 0, "median": 1, "min": 1, "dvar2": 0, "dvar": 0, "dmean": 0, "max": 1, "var": 0, "mean": 1}, "melbands_flatness_db": {"dmean2": 0.0465239323676, "median": 0.395402997732, "min": 0.00746669061482, "dvar2": 0.0018880184507, "dvar": 0.000920399324968, "dmean": 0.0323474146426, "max": 0.705760359764, "var": 0.00657038483769, "mean": 0.406876444817}, "barkbands": {"dmean2": [2.22017820306e-06, 0.000462130614324, 0.000749245344196, 0.002639913233, 0.0123358741403, 0.00170467037242, 0.00101181236096, 0.00103621510789, 0.00126007082872, 0.000807904172689, 0.000489541562274, 0.000900824903511, 0.000573395867832, 0.000187239682418, 0.000214645726373, 0.000130331958644, 0.00012156739831, 8.87336718733e-05, 5.6576278439e-05, 9.60800298344e-06, 3.40275460076e-06, 4.29483066e-07, 5.94938285303e-07, 1.15647014809e-06, 1.42487664334e-07, 1.96197547098e-08, 2.38464004099e-09], "median": [5.59503973818e-07, 0.000176719753654, 0.00030195020372, 0.00124060316011, 0.00791480392218, 0.00108730886132, 0.000389844033634, 0.000209984427784, 0.000281337677734, 0.000174711996806, 7.51571860746e-05, 0.00017391712754, 9.93712892523e-05, 4.14067544625e-05, 4.98436420457e-05, 3.45399748767e-05, 3.73276125174e-05, 2.18584336835e-05, 6.06507819612e-06, 1.19206094951e-06, 4.30144581287e-07, 7.0446510847e-08, 3.25201945373e-08, 3.06960075136e-08, 2.15602717901e-08, 5.33056709884e-09, 4.28497237692e-10], "min": [4.46320303006e-24, 1.95643689164e-23, 1.33036847827e-23, 1.94852871884e-23, 2.8455740086e-23, 1.35539051509e-23, 3.86215823123e-23, 6.76604972889e-24, 6.3900749927e-23, 7.72685343914e-23, 9.93865848975e-23, 9.45840438828e-23, 6.35121444233e-23, 1.87309783908e-22, 1.56543060023e-22, 9.3340079655e-23, 1.45977536686e-22, 1.90093478405e-22, 3.69138738952e-22, 2.76698907362e-22, 4.66092192828e-22, 8.18085008451e-22, 7.40682481301e-22, 1.00037791468e-21, 1.35269041461e-21, 1.81121070395e-21, 2.60047207283e-21], "dvar2": [1.95725796681e-11, 5.39382995157e-07, 1.41044995416e-06, 1.94849890249e-05, 0.000343406165484, 8.23126265459e-06, 4.64196864414e-06, 6.14299597146e-06, 8.84437849891e-06, 3.47063678419e-06, 1.19201934012e-06, 5.44007525605e-06, 2.04353023037e-06, 2.63566391823e-07, 2.81676079794e-07, 8.83020803144e-08, 7.46117549966e-08, 4.38263008107e-08, 6.35361772083e-08, 6.17083883991e-10, 7.1140079938e-11, 2.31013884237e-12, 3.4745286509e-11, 2.73737338352e-10, 1.89044634981e-12, 2.45111408485e-15, 1.02157897529e-17], "dvar": [7.30465514465e-12, 2.67708742285e-07, 7.55657083573e-07, 8.12828693597e-06, 0.000119395728689, 4.39341602032e-06, 2.28233443522e-06, 3.24859820466e-06, 4.52204221801e-06, 1.96035989575e-06, 7.27410963464e-07, 2.5591659778e-06, 1.33563287363e-06, 1.26188496097e-07, 1.33015973347e-07, 5.13450189032e-08, 3.56562459558e-08, 2.02225276524e-08, 2.90322166308e-08, 3.37863959032e-10, 3.35379501948e-11, 1.06742197546e-12, 1.44476123773e-11, 9.9753774685e-11, 6.94900842597e-13, 1.02590989445e-15, 3.20205151316e-18], "dmean": [1.34821789288e-06, 0.000329948292347, 0.000523928087205, 0.00169895787258, 0.00742058316246, 0.00116021733265, 0.00067611283157, 0.000721567077562, 0.000881577492692, 0.000579082057811, 0.000345636100974, 0.000628698850051, 0.000409950065659, 0.000125929276692, 0.000144053570693, 9.37612057896e-05, 8.25303650345e-05, 5.98859514866e-05, 3.70428060705e-05, 6.96216920915e-06, 2.27430336963e-06, 2.94212981089e-07, 3.52879169441e-07, 6.56166548652e-07, 8.50729051649e-08, 1.21115322216e-08, 1.2