{"tonal": {"thpcp": [1, 0.870043516159, 0.77599221468, 0.899105370045, 0.609358251095, 0.33547693491, 0.313926428556, 0.318233162165, 0.613432824612, 0.975683093071, 0.735979616642, 0.497273921967, 0.45593342185, 0.315756261349, 0.471493542194, 0.712711572647, 0.63599807024, 0.699298381805, 0.99601495266, 0.84239667654, 0.731568515301, 0.80295675993, 0.659756958485, 0.757986068726, 0.968761742115, 0.774713099003, 0.456858456135, 0.349982142448, 0.368775308132, 0.544751465321, 0.725191533566, 0.593211293221, 0.527751982212, 0.630989968777, 0.496569812298, 0.622801840305], "hpcp": {"dmean2": [0.221246778965, 0.221250012517, 0.186823770404, 0.158192276955, 0.168861731887, 0.171052768826, 0.180756434798, 0.172364637256, 0.158272519708, 0.152002200484, 0.166376784444, 0.173310622573, 0.173343986273, 0.208867028356, 0.205151110888, 0.171708196402, 0.16529981792, 0.12798833847, 0.114184863865, 0.124000042677, 0.164715960622, 0.193867832422, 0.186438277364, 0.164964705706, 0.147176519036, 0.123340845108, 0.162244692445, 0.195363759995, 0.201612859964, 0.219615086913, 0.239452019334, 0.249502211809, 0.239388749003, 0.230361863971, 0.234827533364, 0.246768474579], "median": [0.0518293082714, 0.0419115200639, 0.0206131730229, 0.0121264457703, 0.010201940313, 0.028632607311, 0.0403524711728, 0.0327674336731, 0.0216149426997, 0.0161588378251, 0.0168932452798, 0.0379645973444, 0.0527818128467, 0.0583190508187, 0.046292219311, 0.0365833193064, 0.025582138449, 0.0128815518692, 0.00958205759525, 0.0122751053423, 0.0421164631844, 0.0709980353713, 0.0571005493402, 0.0298125371337, 0.0205948166549, 0.0133199803531, 0.0228317081928, 0.0360766798258, 0.0351398438215, 0.0387486405671, 0.0382311269641, 0.0487472862005, 0.0447604507208, 0.0419814102352, 0.0370271578431, 0.035042218864], "min": [0, 0, 0, 0, 0, 0, 0, 0, 0, 0, 0, 0, 0, 0, 0, 0, 0, 0, 0, 0, 0, 0, 0, 0, 0, 0, 0, 0, 0, 0, 0, 0, 0, 0, 0, 0], "dvar2": [0.112165220082, 0.106446035206, 0.100220918655, 0.0867912247777, 0.0935629457235, 0.0846165046096, 0.0865939855576, 0.0828726142645, 0.0812591537833, 0.0848750770092, 0.0910670682788, 0.0820890814066, 0.0763648301363, 0.089736752212, 0.0962074548006, 0.0831658691168, 0.0784369632602, 0.0639112517238, 0.0577198527753, 0.0605409257114, 0.0729741901159, 0.0866083726287, 0.0779034495354, 0.0802435874939, 0.0769932568073, 0.0612633861601, 0.0810684412718, 0.101878553629, 0.105291940272, 0.109283857048, 0.127830967307, 0.126290142536, 0.122692324221, 0.122828103602, 0.126491159201, 0.131194427609], "dvar": [0.0444698892534, 0.0418010540307, 0.0360085777938, 0.0314288027585, 0.0340474545956, 0.0319973267615, 0.0341369323432, 0.0320367217064, 0.0296452324837, 0.032155957073, 0.0326902978122, 0.0291264113039, 0.0300024021417, 0.0333488322794, 0.035113543272, 0.0316940918565, 0.0289337597787, 0.0230150036514, 0.020937088877, 0.0221608560532, 0.0265108253807, 0.03460829705, 0.0300276651978, 0.0282373577356, 0.027287017554, 0.0221245586872, 0.0307766199112, 0.0396254882216, 0.0394963882864, 0.0408846177161, 0.0500396117568, 0.0478056818247, 0.0458037406206, 0.045926079154, 0.0474973656237, 0.0488858856261], "dmean": [0.129124447703, 0.128768742085, 0.1043157354, 0.087339900434, 0.0935046896338, 0.097914353013, 0.106245927513, 0.101438477635, 0.0902017727494, 0.0856881141663, 0.0942550376058, 0.0988223701715, 0.102055720985, 0.121263824403, 0.118427425623, 0.0997049584985, 0.0958762094378, 0.072398006916, 0.0635618120432, 0.0697511732578, 0.0952962934971, 0.115564309061, 0.109081618488, 0.0932764336467, 0.0825006812811, 0.0688828602433, 0.0923523902893, 0.113473236561, 0.115959778428, 0.124198354781, 0.136177152395, 0.141598954797, 0.135545417666, 0.12976244092, 0.134246021509, 0.139453262091], "max": [1, 1, 1, 1, 1, 1, 1, 1, 1, 1, 1, 1, 1, 1, 1, 1, 1, 1, 1, 1, 1, 1, 1, 1, 1, 1, 1, 1, 1, 1, 1, 1, 1, 1, 1, 1], "var": [0.0977499783039, 0.0666612535715, 0.0342942140996, 0.02765879035, 0.0313725955784, 0.0429040081799, 0.0622101016343, 0.0445347353816, 0.0432891324162, 0.0721379369497, 0.04191583395, 0.042230989784, 0.0995155572891, 0.0662870332599, 0.0633404403925, 0.0921081826091, 0.0475316606462, 0.0250979661942, 0.0258309263736, 0.02335463278, 0.0394145362079, 0.0850686505437, 0.0506801269948, 0.0322613269091, 0.0349965654314, 0.0218469183892, 0.0342923514545, 0.0634449273348, 0.0521780624986, 0.0533765666187, 0.105558887124, 0.0700547173619, 0.0589757300913, 0.0770427808166, 0.0530997924507, 0.0683963224292], "mean": [0.209479093552, 0.167519211769, 0.0987882688642, 0.0756779909134, 0.0797417089343, 0.11779370904, 0.156810969114, 0.128272369504, 0.114117845893, 0.136441394687, 0.107375212014, 0.134670853615, 0.216233864427, 0.188132867217, 0.167795792222, 0.194417029619, 0.131763890386, 0.072541475296, 0.0678815245628, 0.0688127875328, 0.132644951344, 0.210975721478, 0.159143716097, 0.107527464628, 0.0985882431269, 0.068277195096, 0.10195287317, 0.154112383723, 0.137524321675, 0.151211991906, 0.215372160077, 0.182154685259, 0.158189892769, 0.173626437783, 0.14266179502, 0.163902252913]}, "tuning_equal_tempered_deviation": 0.063126116991, "chords_changes_rate": 0.0573065914214, "key_key": "D", "tuning_diatonic_strength": 0.465070158243, "key_scale": "major", "chords_number_rate": 0.00286532961763, "tuning_frequency": 438.224517822, "tuning_nontempered_energy_ratio": 0.727384865284, "chords_histogram": [3.04043292999, 10.5221271515, 17.4625911713, 13.3556194305, 5.17351150513, 1.25756132603, 0.350206941366, 0, 1.40082776546, 1.22572433949, 3.74084687233, 0.0636739879847, 1.33715379238, 1.06653928757, 0.095510981977, 0.748169362545, 0.0477554909885, 2.06940460205, 1.13021326065, 1.38490927219, 12.0184650421, 4.695956707, 16.2687034607, 1.5440942049], "key_strength": 0.6563783288, "chords_key": "A", "chords_strength": {"dmean2": 0.00876002386212, "median": 0.545584261417, "min": 0.24345253408, "dvar2": 7.37166628824e-05, "dvar": 6.94581685821e-05, "dmean": 0.00998199731112, "max": 0.89413267374, "var": 0.0109852002934, "mean": 0.544768095016}, "chords_scale": "major", "hpcp_entropy": {"dmean2": 0.957354843616, "median": 2.00927782059, "min": 0, "dvar2": 0.664728343487, "dvar": 0.25125670433, "dmean": 0.577906131744, "max": 4.46646785736, "var": 0.649304866791, "mean": 1.98151946068}}, "metadata": {"audio_properties": {"equal_loudness": 0, "codec": "flac", "downmix": "mix", "sample_rate": 44100, "analysis_sample_rate": 44100, "bit_rate": 0, "md5_encoded": "8ae997f6b107f7a23592faca1af49f34", "length": 291.653320312, "replay_gain": -12.3157653809, "lossless": true}, "version": {"essentia_build_sha": "cead25079874084f62182a551b7393616cd33d87", "essentia": "2.1-beta2", "extractor": "music 1.0", "essentia_git_sha": "v2.1_beta2-1-ge3940c0"}, "tags": {"title": ["Mind Over Money"], "artist": ["Turin Brakes"], "date": ["2001-00-00"], "file_name": "11-Mind_Over_Money.flac", "musicbrainz_albumid": ["07ec6d56-eeb7-4b65-a87e-329b350f2a92"], "album": ["The Optimist LP"], "tracknumber": ["11"], "musicbrainz_artistid": ["2ecbd923-9daf-4f18-9250-e482ccec4c28"], "musicbrainz_recordingid": ["050a4a6a-59e2-4649-bf5d-d609df13708e"]}}, "rhythm": {"bpm_histogram_first_peak_bpm": {"dmean2": 0, "median": 157, "min": 157, "dvar2": 0, "dvar": 0, "dmean": 0, "max": 157, "var": 0, "mean": 157}, "bpm": 155.151885986, "bpm_histogram_second_peak_spread": {"dmean2": 0, "median": 0.0493827462196, "min": 0.0493827462196, "dvar2": 0, "dvar": 0, "dmean": 0, "max": 0.0493827462196, "var": 0, "mean": 0.0493827462196}, "bpm_histogram_first_peak_weight": {"dmean2": 0, "median": 0.492625355721, "min": 0.492625355721, "dvar2": 0, "dvar": 0, "dmean": 0, "max": 0.492625355721, "var": 0, "mean": 0.492625355721}, "onset_rate": 3.40458083153, "beats_position": [0.754648506641, 1.52090704441, 2.29877543449, 3.06503391266, 3.83129239082, 4.59755086899, 5.36380958557, 6.07201814651, 6.80344676971, 7.53487491608, 8.26630401611, 9.0093421936, 9.75238037109, 10.4838094711, 11.2152376175, 11.9582767487, 12.7013149261, 13.4559631348, 14.2106122971, 14.9768705368, 15.7315187454, 16.4977779388, 17.2640361786, 18.0302944183, 18.7965526581, 19.574420929, 20.3406791687, 21.0837192535, 21.826757431, 22.430475235, 23.0225849152, 23.614692688, 24.2068023682, 24.7989120483, 25.37940979, 25.9599094391, 26.5404071808, 27.1209068298, 27.7014045715, 28.2702941895, 28.8391838074, 29.4196815491, 30.0001811981, 30.5806789398, 31.1611785889, 31.7416782379, 32.322177887, 32.9026756287, 33.4831733704, 34.0636711121, 34.6441726685, 35.2246704102, 35.6774597168, 36.1302490234, 36.5714263916, 37.0126075745, 37.4073448181, 37.8136940002, 38.2200431824, 38.6263923645, 39.0443534851, 39.4507026672, 39.8338317871, 40.216960907, 40.6116981506, 40.9948310852, 41.3779602051, 41.761089325, 42.1442184448, 42.5389556885, 42.9220848083, 43.3052139282, 43.6883430481, 44.071472168, 44.4546012878, 44.8377304077, 45.2208595276, 45.6039886475, 45.9871177673, 46.3702468872, 46.7649879456, 47.1597251892, 47.5428581238, 47.9259872437, 48.3207244873, 48.7038536072, 49.0869827271, 49.4817237854, 49.8764610291, 50.2595901489, 50.6427192688, 51.0142402649, 51.3973693848, 51.7804985046, 52.1636276245, 52.5467567444, 52.9298858643, 53.3130149841, 53.696144104, 54.0792732239, 54.4624023438, 54.8455314636, 55.2286605835, 55.6117897034, 55.9949188232, 56.3780479431, 56.7727890015, 57.1675262451, 57.550655365, 57.9337844849, 58.3169136047, 58.7000427246, 59.094783783, 59.4779129028, 59.8610420227, 60.2441711426, 60.6273002625, 61.0220413208, 61.4051704407, 61.7882995605, 62.1714286804, 62.5545578003, 62.9376869202, 63.32081604, 63.7155532837, 64.1102905273, 64.4934234619, 64.8881607056, 65.2828979492, 65.6660308838, 66.049156189, 66.4322891235, 66.8270263672, 67.2101593018, 67.5932846069, 67.964805603, 68.3479385376, 68.7310638428, 69.1141967773, 69.4973220825, 69.8920593262, 70.2751922607, 70.6583175659, 71.053062439, 71.4477996826, 71.8193206787, 72.1908340454, 72.57396698, 72.9570999146, 73.3518371582, 73.7349624634, 74.1180953979, 74.5128326416, 74.8959655762, 75.2790908813, 75.6622238159, 76.0453491211, 76.4400863647, 76.8232192993, 77.2063446045, 77.5894775391, 77.9842147827, 78.3673477173, 78.7504730225, 79.133605957, 79.5167312622, 79.8998641968, 80.282989502, 80.6661224365, 81.0492477417, 81.4323806763, 81.8271179199, 82.2102508545, 82.5933761597, 82.9765090942, 83.3712463379, 83.7543716431, 84.1491165161, 84.5322418213, 84.9153747559, 85.3101119995, 85.6932373047, 86.0763702393, 86.4711074829, 86.865852356, 87.2489776611, 87.6321105957, 88.0152359009, 88.3983688354, 88.7814941406, 89.1646270752, 89.5477523804, 89.9308853149, 90.3023986816, 90.6855316162, 91.0686569214, 91.451789856, 91.8349151611, 92.2296600342, 92.6127853394, 92.9959182739, 93.3906555176, 93.7853927612, 94.1801376343, 94.5748748779, 94.9580001831, 95.3411331177, 95.7242584229, 96.1073913574, 96.4905166626, 96.8736495972, 97.2567749023, 97.6399078369, 98.0230331421, 98.4061660767, 98.7776870728, 99.1724243164, 99.5671615601, 99.9502944946, 100.3334198, 100.728164673, 101.122901917, 101.506027222, 101.889160156, 102.2838974, 102.678634644, 103.061767578, 103.444892883, 103.828025818, 104.211151123, 104.594284058, 104.977409363, 105.360542297, 105.743675232, 106.126800537, 106.509933472, 106.893058777, 107.276191711, 107.659317017, 108.042449951, 108.425575256, 108.808708191, 109.191833496, 109.574966431, 109.958091736, 110.34122467, 110.724349976, 111.10748291, 111.502220154, 111.896957397, 112.291702271, 112.686439514, 113.069564819, 113.452697754, 113.847434998, 114.230567932, 114.613693237, 114.985214233, 115.368339539, 115.751472473, 116.122993469, 116.494506836, 116.877639771, 117.260765076, 117.655509949, 118.050247192, 118.444984436, 118.828117371, 119.222854614, 119.605987549, 120.000724792, 120.372245789, 120.766983032, 121.161720276, 121.54485321, 121.927978516, 122.322715759, 122.694236755, 123.065757751, 123.448883057, 123.832015991, 124.226753235, 124.609886169, 124.993011475, 125.387756348, 125.770881653, 126.154014587, 126.537139893, 126.931877136, 127.315010071, 127.698135376, 128.081268311, 128.464401245, 128.847518921, 129.230651855, 129.61378479, 130.008529663, 130.403259277, 130.786392212, 131.169525146, 131.552658081, 131.935775757, 132.33052063, 132.725265503, 133.108383179, 133.491516113, 133.874649048, 134.257781982, 134.640899658, 135.024032593, 135.418777466, 135.81350708, 136.196640015, 136.579772949, 136.962905884, 137.34602356, 137.729156494, 138.112289429, 138.495422363, 138.878540039, 139.273284912, 139.656417847, 140.039550781, 140.422668457, 140.794189453, 141.177322388, 141.572067261, 141.955184937, 142.338317871, 142.709838867, 143.10458374, 143.487701416, 143.870834351, 144.265579224, 144.660308838, 145.043441772, 145.426574707, 145.809707642, 146.192825317, 146.58757019, 146.970703125, 147.35383606, 147.736953735, 148.12008667, 148.503219604, 148.886352539, 149.269470215, 149.652603149, 150.047348022, 150.442077637, 150.825210571, 151.208343506, 151.603088379, 151.974594116, 152.369338989, 152.764083862, 153.147201538, 153.530334473, 153.913467407, 154.296600342, 154.679718018, 155.062850952, 155.445983887, 155.829116821, 156.212234497, 156.595367432, 156.978500366, 157.361633301, 157.744766235, 158.127883911, 158.511016846, 158.89414978, 159.288879395, 159.683624268, 160.078369141, 160.461486816, 160.844619751, 161.227752686, 161.61088562, 161.994003296, 162.37713623, 162.760269165, 163.1434021, 163.538131714, 163.921264648, 164.304397583, 164.687530518, 165.070648193, 165.465393066, 165.848526001, 166.231658936, 166.62638855, 167.021133423, 167.404266357, 167.787384033, 168.170516968, 168.553649902, 168.925170898, 169.319900513, 169.714645386, 170.109390259, 170.480911255, 170.875640869, 171.258773804, 171.641906738, 172.013427734, 172.408157349, 172.791290283, 173.186035156, 173.569152832, 173.952285767, 174.335418701, 174.706939697, 175.090057373, 175.484802246, 175.867935181, 176.262680054, 176.634185791, 177.017318726, 177.40045166, 177.795196533, 178.166702271, 178.561447144, 178.956192017, 179.339309692, 179.722442627, 180.1171875, 180.500320435, 180.88343811, 181.254959106, 181.649703979, 182.044433594, 182.427566528, 182.810699463, 183.205444336, 183.60017395, 183.971694946, 184.343215942, 184.737960815, 185.121078491, 185.504211426, 185.88734436, 186.270477295, 186.653594971, 187.036727905, 187.431472778, 187.826202393, 188.209335327, 188.6040802, 188.998809814, 189.381942749, 189.753463745, 190.13659668, 190.519729614, 190.914459229, 191.309204102, 191.692337036, 192.075454712, 192.470199585, 192.864944458, 193.248062134, 193.631195068, 194.014328003, 194.385848999, 194.768981934, 195.140487671, 195.535232544, 195.918365479, 196.301498413, 196.696228027, 197.079360962, 197.462493896, 197.857223511, 198.251968384, 198.635101318, 199.018234253, 199.38973999, 199.761260986, 200.144393921, 200.527526855, 200.92225647, 201.317001343, 201.711746216, 202.09487915, 202.477996826, 202.849517822, 203.244262695, 203.63899231, 204.010513306, 204.382034302, 204.776779175, 205.159912109, 205.543029785, 205.914550781, 206.286071777, 206.68081665, 207.075546265, 207.470291138, 207.853424072, 208.236557007, 208.619674683, 209.002807617, 209.39755249, 209.780670166, 210.175415039, 210.558547974, 210.941680908, 211.324798584, 211.707931519, 212.091064453, 212.474197388, 212.857315063, 213.240447998, 213.623580933, 214.018310547, 214.41305542, 214.784576416, 215.156097412, 215.539230347, 215.922348022, 216.317092896, 216.711837769, 217.106567383, 217.489700317, 217.872833252, 218.244354248, 218.639083862, 219.033828735, 219.428573608, 219.800079346, 220.18321228, 220.566345215, 220.961090088, 221.332611084, 221.71572876, 222.098861694, 222.493606567, 222.888336182, 223.271469116, 223.654602051, 224.049331665, 224.420852661, 224.815597534, 225.198730469, 225.581848145, 225.976593018, 226.359725952, 226.742858887, 227.125976562, 227.509109497, 227.892242432, 228.275375366, 228.658493042, 229.041625977, 229.43637085, 229.831100464, 230.214233398, 230.597366333, 230.980499268, 231.363616943, 231.758361816, 232.141494751, 232.524627686, 232.9193573, 233.302490234, 233.685623169, 234.080352783, 234.475097656, 234.846618652, 235.218139648, 235.601272583, 235.984390259, 236.367523193, 236.750656128, 237.145385742, 237.528518677, 237.92326355, 238.306396484, 238.68951416, 239.061035156, 239.444168091, 239.815689087, 240.187210083, 240.558731079, 241.127609253, 241.708114624, 242.369888306, 243.031646729, 243.844345093, 244.645431519, 245.353652954, 246.073471069, 246.874557495, 247.687255859, 248.499954224, 249.312652588, 250.113739014, 250.926437378, 251.727523804, 252.540222168, 253.294876099, 254.049514771, 254.804168701, 255.558822632, 256.267028809, 256.963623047, 257.474456787, 257.996917725, 258.519348145, 259.041809082, 259.56427002, 260.063476562, 260.551116943, 261.038726807, 261.537963867, 262.03717041, 262.524810791, 263.012420654, 263.500030518, 263.987670898, 264.475280762, 264.939666748, 265.404083252, 265.868469238, 266.344482422, 266.832092285, 267.308105469, 267.818939209, 268.341400146, 268.852233887, 269.374694824, 269.885528564, 270.396362305, 270.907196045, 271.418029785, 271.928894043, 272.439727783, 272.950561523, 273.473022461, 273.995452881, 274.506286621, 275.028747559, 275.551208496, 276.073638916, 276.584472656, 277.095336914, 277.606170654, 278.058959961, 278.511749268, 278.964538574, 279.417327881, 279.870117188, 280.322906494, 280.775695801, 281.170440674, 281.565155029, 281.959899902, 282.366241455, 282.772613525, 283.178955078, 283.585296631, 283.980041504, 284.374786377, 284.76953125, 285.164245605, 285.558990479, 285.953735352, 286.348480225, 286.743225098, 287.184387207, 287.625579834, 288.066741943, 288.50793457, 288.94909668, 289.378692627, 289.819854736, 290.249420166, 290.678985596, 291.108551025], "beats_loudness": {"dmean2": 0.0559312365949, "median": 0.0271326601505, "min": 9.11985625862e-06, "dvar2": 0.00342092243955, "dvar": 0.00100793980528, "dmean": 0.0293440073729, "max": 0.235967725515, "var": 0.00166343478486, "mean": 0.0410145297647}, "danceability": 1.09039819241, "bpm_histogram_second_peak_weight": {"dmean2": 0, "median": 0.227138638496, "min": 0.227138638496, "dvar2": 0, "dvar": 0, "dmean": 0, "max": 0.227138638496, "var": 0, "mean": 0.227138638496}, "beats_count": 679, "bpm_histogram_second_peak_bpm": {"dmean2": 0, "median": 152, "min": 152, "dvar2": 0, "dvar": 0, "dmean": 0, "max": 152, "var": 0, "mean": 152}, "bpm_histogram_first_peak_spread": {"dmean2": 0, "median": 0.0997304916382, "min": 0.0997304916382, "dvar2": 0, "dvar": 0, "dmean": 0, "max": 0.0997304916382, "var": 0, "mean": 0.0997304916382}, "beats_loudness_band_ratio": {"dmean2": [0.318916261196, 0.288105010986, 0.251703560352, 0.0965938568115, 0.0469863191247, 0.11610827595], "median": [0.420640707016, 0.256770431995, 0.130841314793, 0.0485337153077, 0.0245058778673, 0.0332648716867], "min": [0.00165953801479, 0.00156147882808, 0.00416594464332, 0.00100145803299, 5.29946591996e-05, 8.29393343338e-07], "dvar2": [0.0670910701156, 0.0554643496871, 0.0628951042891, 0.0124771744013, 0.00355814467184, 0.0464699342847], "dvar": [0.0235603563488, 0.0200081691146, 0.0235341694206, 0.00456796772778, 0.00127577106468, 0.0170739796013], "dmean": [0.181088015437, 0.1661028862, 0.141363218427, 0.0557430572808, 0.0269591771066, 0.0637775212526], "max": [0.933719992638, 0.910483360291, 0.913443982601, 0.61978083849, 0.344290465117, 0.975860357285], "var": [0.0635514333844, 0.040261041373, 0.0330988019705, 0.00925224646926, 0.00129321275745, 0.0121345045045], "mean": [0.42054900527, 0.2986343503, 0.192127540708, 0.0844599753618, 0.035281650722, 0.0643107891083]}}, "lowlevel": {"barkbands_spread": {"dmean2": 7.41859531403, "median": 12.6850767136, "min": 0.446518629789, "dvar2": 126.279640198, "dvar": 60.9813499451, "dmean": 4.94009637833, "max": 104.237434387, "var": 218.103134155, "mean": 16.943195343}, "melbands_spread": {"dmean2": 7.55027389526, "median": 12.3436012268, "min": 0.677421271801, "dvar2": 215.635528564, "dvar": 113.55506897, "dmean": 4.96168327332, "max": 280.108551025, "var": 345.805511475, "mean": 16.2538909912}, "hfc": {"dmean2": 7.76612997055, "median": 7.77202272415, "min": 1.22546860689e-16, "dvar2": 268.698181152, "dvar": 137.399795532, "dmean": 5.61636161804, "max": 226.222564697, "var": 473.447845459, "mean": 16.122385025}, "barkbands_kurtosis": {"dmean2": 4.85791635513, "median": 4.05596208572, "min": -1.90634942055, "dvar2": 66.9192352295, "dvar": 29.0135936737, "dmean": 3.11681056023, "max": 224.578109741, "var": 70.9822006226, "mean": 6.39780759811}, "gfcc": {"mean": [-76.7092208862, 108.041801453, -94.8133544922, 10.0508861542, -58.1204910278, 8.54547977448, -39.16147995, 3.50712752342, -28.5532855988, -1.86894285679, -15.7922792435, -5.66648960114, -11.4361276627], "icov": [[9.10619201022e-05, 6.8280074629e-05, -1.62449632626e-05, -0.000181305396836, -7.41997864679e-05, 3.4157724258e-06, 9.5429160865e-05, -0.000177342895768, 0.000228169301408, -4.97674482176e-05, 0.000101398800325, 4.94988707942e-05, -0.000117040530313], [6.8280074629e-05, 0.00181109865662, -8.84575783857e-05, 0.000663418846671, -0.00122397905216, 0.000995501759462, -0.0015218204353, 0.000982263823971, -0.00169925787486, 0.00221898686141, -0.00244492758065, 0.0028640399687, -0.00205015786923], [-1.62449632626e-05, -8.84575783857e-05, 0.0015738006914, -0.000327933114022, -0.000242392939981, -0.000287304050289, -0.000108717940748, 0.000393683934817, -0.00071808177745, 9.13113981369e-05, 0.00129902281333, -0.000512713100761, 0.000590747862589], [-0.000181305396836, 0.000663418846671, -0.000327933114022, 0.00270771957003, -0.000326971785398, -0.000360524252756, -0.000563115696423, -0.000603500637226, -0.0002016677754, 0.000561862543691, -0.00114883610513, 0.000136720162118, -0.000374290742911], [-7.41997864679e-05, -0.00122397905216, -0.000242392939981, -0.000326971785398, 0.00560437282547, -0.00102667696774, -0.00191315135453, 0.000345097301761, -0.00057200161973, -0.000142470948049, 0.00189816323109, -0.00176510179881, 0.000518317101523], [3.4157724258e-06, 0.000995501759462, -0.000287304050289, -0.000360524252756, -0.00102667696774, 0.0081959888339, -0.00445384997874, -0.000493109691888, 0.000438722403487, -0.00040378846461, -0.00195710244589, 0.0017004229594, -0.00231675407849], [9.5429160865e-05, -0.0015218204353, -0.000108717940748, -0.000563115696423, -0.00191315135453, -0.00445384997874, 0.0104935383424, -0.00114750419743, -0.00109025812708, -0.00202072341926, 0.00203434377909, -0.00297979777679, 0.00388121255673], [-0.000177342895768, 0.000982263823971, 0.000393683934817, -0.000603500637226, 0.000345097301761, -0.000493109691888, -0.00114750419743, 0.00994604360312, -0.0034385160543, -0.00207718717866, -0.00102561735548, 0.000631092407275, -0.00292182527483], [0.000228169301408, -0.00169925787486, -0.00071808177745, -0.0002016677754, -0.00057200161973, 0.000438722403487, -0.00109025812708, -0.0034385160543, 0.0149639891461, -0.00528844306245, 0.00161997950636, -0.00312403426506, 0.00027673371369], [-4.97674482176e-05, 0.00221898686141, 9.13113981369e-05, 0.000561862543691, -0.000142470948049, -0.00040378846461, -0.00202072341926, -0.00207718717866, -0.00528844306245, 0.0163359884173, -0.00612269248813, 0.00205792672932, 0.000676742114592], [0.000101398800325, -0.00244492758065, 0.00129902281333, -0.00114883610513, 0.00189816323109, -0.00195710244589, 0.00203434377909, -0.00102561735548, 0.00161997950636, -0.00612269248813, 0.0182111877948, -0.0062972297892, 0.00241828639992], [4.94988707942e-05, 0.0028640399687, -0.000512713100761, 0.000136720162118, -0.00176510179881, 0.0017004229594, -0.00297979777679, 0.000631092407275, -0.00312403426506, 0.00205792672932, -0.0062972297892, 0.0161310974509, -0.00613285461441], [-0.000117040530313, -0.00205015786923, 0.000590747862589, -0.000374290742911, 0.000518317101523, -0.00231675407849, 0.00388121255673, -0.00292182527483, 0.00027673371369, 0.000676742114592, 0.00241828639992, -0.00613285461441, 0.0183031503111]], "cov": [[25509.25, -6096.65478516, 114.03981781, 3093.72705078, -854.438659668, 469.04776001, -594.786987305, 1154.32226562, -532.196594238, 601.636901855, -91.2173080444, 506.732116699, 101.418907166], [-6096.65478516, 3449.38012695, 101.99155426, -1100.43762207, 635.46484375, -174.432296753, 341.769073486, -469.248657227, 233.771652222, -344.851470947, 25.9658489227, -296.972381592, 40.4113235474], [114.03981781, 101.99155426, 806.89239502, 108.517127991, 154.058700562, 74.6570129395, 116.323905945, -12.756518364, 67.711479187, -7.51070213318, -58.0098457336, 21.3655776978, -19.2090015411], [3093.72705078, -1100.43762207, 108.517127991, 891.117248535, -97.8273544312, 161.202270508, -10.1590337753, 237.172637939, -35.8993034363, 138.237564087, 18.6123123169, 129.744155884, 10.8781766891], [-854.438659668, 635.46484375, 154.058700562, -97.8273544312, 396.354431152, 69.1664352417, 191.562194824, -53.3089141846, 91.6949768066, -37.4318161011, -10.4279251099, -10.5729513168, 4.97492837906], [469.04776001, -174.432296753, 74.6570129395, 161.202270508, 69.1664352417, 230.527160645, 119.193115234, 79.9351501465, 29.8528366089, 61.6040916443, 18.7271881104, 40.7866249084, 7.51693630219], [-594.786987305, 341.769073486, 116.323905945, -10.1590337753, 191.562194824, 119.193115234, 256.804382324, 10.6562919617, 87.5315170288, 20.0997257233, 10.5126485825, 14.6025657654, -11.1386299133], [1154.32226562, -469.248657227, -12.756518364, 237.172637939, -53.3089141846, 79.9351501465, 10.6562919617, 222.1847229, 24.3748092651, 97.5290374756, 22.3508872986, 64.8773880005, 19.7292900085], [-532.196594238, 233.771652222, 67.711479187, -35.8993034363, 91.6949768066, 29.8528366089, 87.5315170288, 24.3748092651, 130.240692139, 28.5295677185, 14.6411943436, 14.3515396118, 6.2245182991], [601.636901855, -344.851470947, -7.51070213318, 138.237564087, -37.4318161011, 61.6040916443, 20.0997257233, 97.5290374756, 28.5295677185, 137.632400513, 33.8820571899, 46.1624336243, -6.07530498505], [-91.2173080444, 25.9658489227, -58.0098457336, 18.6123123169, -10.4279251099, 18.7271881104, 10.5126485825, 22.3508872986, 14.6411943436, 33.8820571899, 85.6320648193, 25.1699199677, 4.22811841965], [506.732116699, -296.972381592, 21.3655776978, 129.744155884, -10.5729513168, 40.7866249084, 14.6025657654, 64.8773880005, 14.3515396118, 46.1624336243, 25.1699199677, 121.858779907, 20.2439632416], [101.418907166, 40.4113235474, -19.2090015411, 10.8781766891, 4.97492837906, 7.51693630219, -11.1386299133, 19.7292900085, 6.2245182991, -6.07530498505, 4.22811841965, 20.2439632416, 73.3299789429]]}, "spectral_energyband_middle_low": {"dmean2": 0.00767221394926, "median": 0.00741795543581, "min": 3.32346998395e-22, "dvar2": 0.000241365458351, "dvar": 9.56866206252e-05, "dmean": 0.00486465124413, "max": 0.158439263701, "var": 0.000223139271839, "mean": 0.0124669978395}, "melbands_crest": {"dmean2": 4.80355644226, "median": 13.2756309509, "min": 2.25166344643, "dvar2": 21.0577030182, "dvar": 7.67830133438, "dmean": 2.90976452827, "max": 33.3186836243, "var": 25.721988678, "mean": 14.0813350677}, "spectral_kurtosis": {"dmean2": 7.56846809387, "median": 5.32531166077, "min": -1.20766949654, "dvar2": 397.115356445, "dvar": 133.695144653, "dmean": 4.50788116455, "max": 356.02923584, "var": 1316.75915527, "mean": 17.2534732819}, "spectral_rms": {"dmean2": 0.00103657145519, "median": 0.00374226178974, "min": 3.2510515547e-12, "dvar2": 2.87191073767e-06, "dvar": 1.27428234009e-06, "dmean": 0.000681432604324, "max": 0.0164223723114, "var": 7.89960540715e-06, "mean": 0.00401850650087}, "zerocrossingrate": {"dmean2": 0.0121646178886, "median": 0.041015625, "min": 0.005859375, "dvar2": 0.000295921025099, "dvar": 0.000282590219285, "dmean": 0.0107445586473, "max": 0.50830078125, "var": 0.00175937544554, "mean": 0.0514024272561}, "silence_rate_60dB": {"dmean2": 0.0449044592679, "median": 0, "min": 0, "dvar2": 0.0492554716766, "dvar": 0.0219482351094, "dmean": 0.0224504414946, "max": 1, "var": 0.193173289299, "mean": 0.261582553387}, "erbbands_kurtosis": {"dmean2": 1.73893761635, "median": 0.421564221382, "min": -1.79436147213, "dvar2": 8.82196998596, "dvar": 4.15145635605, "dmean": 1.13146150112, "max": 87.0016098022, "var": 11.5993499756, "mean": 1.27570843697}, "erbbands": {"dmean2": [0.125989809632, 1.21025848389, 4.99599170685, 7.15293645859, 12.3789510727, 15.1095638275, 9.71135807037, 16.2033519745, 20.0683898926, 15.1377153397, 24.6381244659, 14.9247570038, 12.8087053299, 15.6092538834, 13.0050516129, 13.5337429047, 11.1873979568, 11.8194723129, 11.0980892181, 7.52160215378, 7.65786457062, 6.98627853394, 6.72960042953, 5.45279359818, 5.13880109787, 6.93259811401, 5.9596529007, 3.78058886528, 3.65397787094, 2.96759033203, 3.03578519821, 2.41054153442, 1.88430225849, 1.35918140411, 0.804796278477, 0.467698961496, 0.164950892329, 0.0308386366814, 0.00308597902767, 0.000204894255148], "median": [0.00231641205028, 0.0428560376167, 0.581427574158, 1.52531504631, 3.98504018784, 4.68742179871, 4.76035785675, 6.50327301025, 5.85273599625, 4.40116882324, 6.58161640167, 7.41181087494, 5.66120862961, 5.97940635681, 4.98266220093, 4.25568008423, 5.2504401207, 3.55682563782, 2.9759926796, 2.50493502617, 2.80905914307, 2.63817071915, 2.60931634903, 2.06160116196, 1.90059375763, 1.37617635727, 1.27443432808, 0.61382496357, 0.319981068373, 0.317459642887, 0.394473522902, 0.32537856698, 0.302062392235, 0.201515883207, 0.0933510959148, 0.0317953377962, 0.00667031016201, 0.0009226227412, 8.01722999313e-05, 2.76929185929e-05], "min": [1.17467452288e-21, 4.72702216125e-21, 2.28063485339e-20, 2.8623686831e-20, 1.4238383961e-19, 2.4391048873e-19, 2.35596237899e-19, 1.12793241974e-18, 9.94619959712e-19, 8.43331417411e-19, 1.03752137199e-18, 7.44703415952e-19, 1.28021606031e-18, 2.52611467176e-18, 2.18404943228e-18, 3.08820250956e-18, 7.36692512932e-18, 4.99671766621e-18, 3.44437428041e-18, 6.84070136134e-18, 4.62338582675e-18, 8.29464540942e-18, 1.12190167337e-17, 1.82857108694e-17, 1.29863187181e-17, 1.20001895605e-17, 2.71089883831e-17, 2.45989700257e-17, 1.21985582248e-17, 1.44064753332e-17, 1.68313321379e-17, 1.985105588e-17, 1.59525850859e-17, 1.5428791161e-17, 8.06851077356e-18, 4.18914578366e-18, 3.28897103155e-18, 1.50705886618e-18, 3.12803079076e-19, 4.03716936313e-20], "dvar2": [0.219173371792, 13.7460002899, 190.220825195, 549.060180664, 1018.07659912, 1204.26708984, 412.064483643, 1494.82421875, 3033.24365234, 2135.94677734, 5867.24853516, 1813.31652832, 1464.69470215, 3148.80004883, 3168.30981445, 1641.29772949, 1089.31054688, 1556.68408203, 1519.29846191, 655.820922852, 543.598083496, 395.956542969, 368.497406006, 233.361022949, 198.564376831, 353.264282227, 209.449905396, 112.781158447, 111.678215027, 80.1760025024, 78.2317886353, 65.8841094971, 46.462223053, 20.7957744598, 5.30519008636, 2.06688785553, 0.277628988028, 0.00842811446637, 9.01743987924e-05, 3.8887685605e-07], "dvar": [0.0871292203665, 5.43084192276, 66.1775436401, 194.599945068, 397.740692139, 438.358062744, 170.187240601, 552.651672363, 1282.75097656, 847.34161377, 2543.18261719, 725.128662109, 579.582763672, 1126.3828125, 1086.89477539, 684.98425293, 456.552490234, 548.141418457, 611.940979004, 255.98890686, 216.426101685, 152.002319336, 147.974716187, 91.8602294922, 78.2749328613, 141.61315918, 87.8611373901, 48.8213577271, 52.8962669373, 39.3910484314, 43.2663955688, 33.3783302307, 24.3010978699, 10.4343538284, 2.47113656998, 0.907689511776, 0.120742298663, 0.00386503362097, 4.20300711994e-05, 1.84267648251e-07], "dmean": [0.0765885263681, 0.725477039814, 2.82476449013, 4.14203071594, 7.72089719772, 9.43787479401, 6.19812107086, 9.84539985657, 12.7457714081, 9.68904495239, 16.116601944, 9.58785820007, 8.28680992126, 9.79051017761, 8.00298976898, 8.68358612061, 7.11010932922, 7.10972452164, 6.84659862518, 4.70395994186, 4.80482578278, 4.35748195648, 4.25192165375, 3.42338013649, 3.28239154816, 4.45398616791, 3.9080915451, 2.54856300354, 2.47950696945, 2.06714820862, 2.10741710663, 1.71442127228, 1.35777032375, 0.964540958405, 0.569732666016, 0.323471337557, 0.112177982926, 0.0212859883904, 0.00214912323281, 0.000143080425914], "max": [4.16502809525, 33.3485527039, 131.910018921, 214.157485962, 455.96862793, 384.580810547, 309.079742432, 368.113128662, 1101.66467285, 671.06652832, 1490.57409668, 656.41204834, 719.132141113, 1275.67773438, 1338.97241211, 1022.66906738, 1045.19262695, 597.138183594, 1071.90637207, 471.209411621, 711.420959473, 340.052154541, 475.512512207, 361.301544189, 267.044647217, 264.070556641, 238.315032959, 161.612136841, 247.195144653, 328.737915039, 405.29107666, 203.762191772, 190.013168335, 116.804885864, 43.8275680542, 18.4482822418, 5.94835424423, 1.03235507011, 0.0795612335205, 0.00633927201852], "var": [0.084803789854, 5.99538087845, 64.7531890869, 157.083526611, 475.259124756, 919.34197998, 510.349334717, 1012.38311768, 2890.05639648, 1483.13220215, 7775.56494141, 2282.91430664, 1490.62072754, 2283.1328125, 2404.5480957, 1876.0994873, 1008.43878174, 1130.69250488, 1894.08886719, 549.730895996, 457.0652771, 386.817657471, 683.873535156, 277.182495117, 153.026168823, 306.391723633, 303.229156494, 94.0377502441, 121.893180847, 131.101470947, 139.951980591, 86.5969619751, 63.2674674988, 21.6526679993, 4.39820623398, 1.17442822456, 0.136999577284, 0.0047437264584, 5.4280499171e-05, 2.48974401984e-07], "mean": [0.123128518462, 1.18850743771, 3.86177611351, 5.60954093933, 11.487323761, 16.8867759705, 13.4353466034, 17.9494018555, 23.0370826721, 17.2930393219, 34.1227493286, 21.2284374237, 17.4836540222, 18.3097553253, 15.1705493927, 16.7621078491, 14.0261201859, 13.2623100281, 12.8491287231, 8.59616947174, 8.83099651337, 8.35555744171, 9.49325180054, 7.29916095734, 6.42156457901, 8.38418960571, 8.61588382721, 4.47677469254, 4.21726036072, 3.98027253151, 4.08347940445, 3.18514537811, 2.53432559967, 1.58563601971, 0.823442935944, 0.397612303495, 0.123038135469, 0.0230567231774, 0.00235046329908, 0.000178436355782]}, "spectral_strongpeak": {"dmean2": 0.573161900043, "median": 0.35940694809, "min": 0, "dvar2": 1.02891981602, "dvar": 0.389245301485, "dmean": 0.333664655685, "max": 9.39166927338, "var": 0.619280219078, "mean": 0.630968511105}, "spectral_energy": {"dmean2": 0.0143565805629, "median": 0.0143546424806, "min": 1.08335691345e-20, "dvar2": 0.000996720977128, "dvar": 0.000418088020524, "dmean": 0.00912700966001, "max": 0.276436626911, "var": 0.000892615469638, "mean": 0.0246491786093}, "average_loudness": 0.450479626656, "spectral_rolloff": {"dmean2": 685.080566406, "median": 667.529296875, "min": 86.1328125, "dvar2": 2432921.25, "dvar": 1159638.25, "dmean": 411.674591064, "max": 19336.8164062, "var": 2385172.25, "mean": 1102.11938477}, "spectral_centroid": {"dmean2": 281.22467041, "median": 789.119018555, "min": 159.61895752, "dvar2": 165869.25, "dvar": 87968.375, "dmean": 187.280685425, "max": 11129.1396484, "var": 381822.96875, "mean": 930.449523926}, "pitch_salience": {"dmean2": 0.102304905653, "median": 0.557286500931, "min": 0.112861558795, "dvar2": 0.0090066511184, "dvar": 0.00344118126668, "dmean": 0.0631542354822, "max": 0.873892724514, "var": 0.0129883000627, "mean": 0.55431240797}, "spectral_energyband_middle_high": {"dmean2": 0.00147915282287, "median": 0.00127720530145, "min": 1.39672243415e-21, "dvar2": 1.43207316796e-05, "dvar": 5.38124459126e-06, "dmean": 0.000946614949498, "max": 0.0494448579848, "var": 1.90429709619e-05, "mean": 0.0027519071009}, "spectral_contrast_coeffs": {"dmean2": [0.0764135271311, 0.0658121034503, 0.0512702167034, 0.0422297678888, 0.0325288288295, 0.0253486633301], "median": [-0.618316531181, -0.723166108131, -0.771495938301, -0.782470047474, -0.795345246792, -0.808371186256], "min": [-0.965948581696, -0.96617013216, -0.967343866825, -0.967128753662, -0.956466734409, -0.959237933159], "dvar2": [0.00421824399382, 0.00307868397795, 0.0018157789018, 0.00120316713583, 0.000805822666734, 0.000576945953071], "dvar": [0.00158090819605, 0.00125080731232, 0.000764838769101, 0.000540371343959, 0.000391793000745, 0.000248017488047], "dmean": [0.0463224463165, 0.040672250092, 0.0323902033269, 0.0270268134773, 0.0211371164769, 0.0162192638963], "max": [-0.286231249571, -0.385612666607, -0.496265500784, -0.562150299549, -0.61304551363, -0.653799474239], "var": [0.0107969148085, 0.0079681025818, 0.00527836754918, 0.00378803396598, 0.00332608167082, 0.00186492293142], "mean": [-0.616979718208, -0.718374311924, -0.767384231091, -0.780599415302, -0.797622561455, -0.8075761199]}, "melbands_skewness": {"dmean2": 1.03793549538, "median": 2.55994129181, "min": -4.02153587341, "dvar2": 1.38829994202, "dvar": 0.607287287712, "dmean": 0.675456643105, "max": 17.0410842896, "var": 2.55445122719, "mean": 2.77589249611}, "spectral_spread": {"dmean2": 864471.375, "median": 4629497, "min": 221316.875, "dvar2": 1141948678140.0, "dvar": 696481873920, "dmean": 630312.125, "max": 40431588, "var": 5200091283460.0, "mean": 4660843.5}, "dissonance": {"dmean2": 0.0361900255084, "median": 0.457994937897, "min": 0.188110858202, "dvar2": 0.00119527650531, "dvar": 0.000460752315121, "dmean": 0.0221322197467, "max": 0.5, "var": 0.00159308186267, "mean": 0.448004096746}, "spectral_skewness": {"dmean2": 0.557006120682, "median": 1.94671034813, "min": -0.405169337988, "dvar2": 0.831217348576, "dvar": 0.296980470419, "dmean": 0.352671891451, "max": 15.2980117798, "var": 4.30356359482, "mean": 2.57131457329}, "spectral_flux": {"dmean2": 0.0307892784476, "median": 0.048388235271, "min": 1.04084435515e-10, "dvar2": 0.00227355537936, "dvar": 0.00109539972618, "dmean": 0.0201524365693, "max": 0.415356099606, "var": 0.0035501467064, "mean": 0.0620924457908}, "spectral_contrast_valleys": {"dmean2": [0.638578295708, 0.513123929501, 0.451327681541, 0.439789235592, 0.4224396348, 0.434155702591], "median": [-7.95961380005, -6.94264411926, -7.65670537949, -8.34741592407, -8.38837432861, -10.469250679], "min": [-27.0680866241, -27.4506759644, -26.9873638153, -27.2388000488, -27.2831745148, -27.2630939484], "dvar2": [0.297817677259, 0.21632425487, 0.172204196453, 0.192005217075, 0.225038021803, 0.272128134966], "dvar": [0.128173425794, 0.103024505079, 0.0905330255628, 0.109006643295, 0.13823799789, 0.177675113082], "dmean": [0.390184730291, 0.320839643478, 0.294165283442, 0.306957304478, 0.317574560642, 0.343814492226], "max": [-4.62696456909, -4.40891075134, -5.23008775711, -5.35018205643, -5.37530469894, -7.06063175201], "var": [2.51115179062, 1.27789890766, 1.13067221642, 1.70273029804, 3.2443857193, 4.25443077087], "mean": [-7.88388967514, -7.19297170639, -7.87053918839, -8.64882850647, -8.83819675446, -11.0135164261]}, "erbbands_flatness_db": {"dmean2": 0.0249641295522, "median": 0.156973227859, "min": 0.0375578776002, "dvar2": 0.000610090792179, "dvar": 0.000336604280164, "dmean": 0.017909925431, "max": 0.452209442854, "var": 0.00587667711079, "mean": 0.170649185777}, "spectral_energyband_high": {"dmean2": 0.000570912030526, "median": 0.000129707303131, "min": 7.77930731246e-21, "dvar2": 1.90167827441e-06, "dvar": 1.05895981051e-06, "dmean": 0.000428204162745, "max": 0.031037280336, "var": 3.44046611644e-06, "mean": 0.000897844729479}, "spectral_entropy": {"dmean2": 0.26730376482, "median": 7.29885864258, "min": 4.48391437531, "dvar2": 0.0821232125163, "dvar": 0.0494749695063, "dmean": 0.194467425346, "max": 9.80742168427, "var": 0.618785381317, "mean": 7.17893600464}, "silence_rate_20dB": {"dmean2": 0, "median": 1, "min": 1, "dvar2": 0, "dvar": 0, "dmean": 0, "max": 1, "var": 0, "mean": 1}, "melbands_flatness_db": {"dmean2": 0.0371135026217, "median": 0.225095018744, "min": 0.00555467000231, "dvar2": 0.00140144326724, "dvar": 0.000696820323355, "dmean": 0.0249396078289, "max": 0.652879536152, "var": 0.0113226594403, "mean": 0.249573975801}, "barkbands": {"dmean2": [8.96984201972e-05, 0.00480346241966