{"tonal": {"thpcp": [1, 0.618474125862, 0.273577183485, 0.185421928763, 0.194302722812, 0.272189229727, 0.284966915846, 0.237494722009, 0.201329365373, 0.196606859565, 0.260571181774, 0.364947974682, 0.374756872654, 0.435372233391, 0.855179965496, 0.923774302006, 0.525482475758, 0.356524884701, 0.271351516247, 0.23921187222, 0.383608460426, 0.478773534298, 0.374248117208, 0.251522272825, 0.250558853149, 0.337202340364, 0.420145720243, 0.370508313179, 0.257228314877, 0.246723175049, 0.236619621515, 0.185565695167, 0.189468443394, 0.225219577551, 0.358516395092, 0.786378979683], "hpcp": {"dmean2": [0.125375449657, 0.129907786846, 0.128005594015, 0.127693235874, 0.146647632122, 0.203153476119, 0.25547260046, 0.237455010414, 0.235620677471, 0.17866794765, 0.126923084259, 0.125270992517, 0.139899894595, 0.141581431031, 0.133717983961, 0.126257658005, 0.127068758011, 0.150190681219, 0.191760450602, 0.192723169923, 0.219785898924, 0.27370646596, 0.232472762465, 0.247838303447, 0.261219084263, 0.201026394963, 0.152354314923, 0.177433893085, 0.170849099755, 0.158787146211, 0.146031722426, 0.143610239029, 0.161347225308, 0.173645481467, 0.166270494461, 0.151921898127], "median": [0.0114836711437, 0.00921505503356, 0.00938308890909, 0.00912943296134, 0.0102556105703, 0.0279294811189, 0.112375155091, 0.126371026039, 0.0582283884287, 0.0154307894409, 0.00673124520108, 0.00777193624526, 0.0130648612976, 0.0198051016778, 0.019121479243, 0.0114243943244, 0.00861694198102, 0.0143316620961, 0.0269034523517, 0.0315795615315, 0.0458646714687, 0.0972361415625, 0.0910437703133, 0.052108887583, 0.0147708635777, 0.0106368185952, 0.0127819599584, 0.0250850319862, 0.0274613630027, 0.0208311192691, 0.0128775564954, 0.0146604813635, 0.0223148223013, 0.0366465374827, 0.031537309289, 0.01978084445], "min": [0, 0, 0, 0, 0, 0, 0, 0, 0, 0, 0, 0, 0, 0, 0, 0, 0, 0, 0, 0, 0, 0, 0, 0, 0, 0, 0, 0, 0, 0, 0, 0, 0, 0, 0, 0], "dvar2": [0.0597938932478, 0.0699371546507, 0.074098341167, 0.078028395772, 0.0701558217406, 0.0947908684611, 0.112578839064, 0.106706634164, 0.104085050523, 0.0901248157024, 0.0699462890625, 0.065477207303, 0.0820012688637, 0.0683008879423, 0.0703487172723, 0.0730744451284, 0.0705991014838, 0.0875851362944, 0.102623254061, 0.10102814436, 0.113834112883, 0.122086271644, 0.101757384837, 0.109075404704, 0.166115298867, 0.109333284199, 0.0887035578489, 0.103028789163, 0.102698773146, 0.0874337181449, 0.0864328816533, 0.0753468126059, 0.0801622271538, 0.0842907428741, 0.0712276622653, 0.0719475522637], "dvar": [0.0238759405911, 0.0262993127108, 0.0264976657927, 0.0285489484668, 0.0268383286893, 0.0358418747783, 0.0427352227271, 0.0466722361743, 0.0391883999109, 0.0341913923621, 0.0272215045989, 0.0241956673563, 0.0315664298832, 0.0272198300809, 0.0261883344501, 0.0265884660184, 0.0265854541212, 0.0343912057579, 0.0413309708238, 0.0405708104372, 0.0419726781547, 0.0487893112004, 0.0437365807593, 0.0402627587318, 0.0618389695883, 0.0393206626177, 0.03484698385, 0.0383472777903, 0.0401771776378, 0.0348601639271, 0.0322218798101, 0.0290569309145, 0.0323426425457, 0.0329311788082, 0.0288126505911, 0.027186177671], "dmean": [0.0721371099353, 0.0733404010534, 0.0707091391087, 0.0722631514072, 0.0831736847758, 0.116812095046, 0.152329325676, 0.144053727388, 0.138197094202, 0.100835964084, 0.0728139579296, 0.0710429623723, 0.0806180909276, 0.0825919061899, 0.077591791749, 0.0722544565797, 0.0729522705078, 0.0870171114802, 0.111046493053, 0.112733244896, 0.128005117178, 0.157259702682, 0.138100594282, 0.140712931752, 0.144813865423, 0.111260317266, 0.0858587250113, 0.0999674350023, 0.0977935045958, 0.0925716683269, 0.0842199921608, 0.0835031196475, 0.0950480699539, 0.101396627724, 0.0965297371149, 0.0861474722624], "max": [1, 1, 1, 1, 1, 1, 1, 1, 1, 1, 1, 1, 1, 1, 1, 1, 1, 1, 1, 1, 1, 1, 1, 1, 1, 1, 1, 1, 1, 1, 1, 1, 1, 1, 1, 1], "var": [0.0361304655671, 0.0348477400839, 0.0218792669475, 0.0239950846881, 0.026569141075, 0.0408056713641, 0.0898950025439, 0.141758903861, 0.0702737495303, 0.0342309810221, 0.0252749025822, 0.0235800240189, 0.0418549254537, 0.0365946106613, 0.0256911702454, 0.022936752066, 0.0246329996735, 0.0370165444911, 0.0506021827459, 0.0493102967739, 0.0517665930092, 0.115191109478, 0.139861091971, 0.0580609515309, 0.0558327585459, 0.0356062203646, 0.0354254841805, 0.0554035082459, 0.0834474638104, 0.0559982992709, 0.0347823947668, 0.0315860547125, 0.045713968575, 0.0543257594109, 0.0437688827515, 0.027015209198], "mean": [0.0807529091835, 0.0774459987879, 0.060735963285, 0.0620133392513, 0.0737147480249, 0.117343015969, 0.257383167744, 0.327301681042, 0.202427625656, 0.0895422697067, 0.0606889091432, 0.0635956078768, 0.0890879929066, 0.0932701528072, 0.0777324214578, 0.0658954381943, 0.0643497556448, 0.0852853879333, 0.119448088109, 0.12265855819, 0.142498061061, 0.279901832342, 0.302352875471, 0.171991303563, 0.116691194475, 0.0888138115406, 0.0782944485545, 0.125555694103, 0.15670338273, 0.122492037714, 0.0823236629367, 0.0820083320141, 0.110366888344, 0.137514397502, 0.121267996728, 0.0841912552714]}, "tuning_equal_tempered_deviation": 0.225152313709, "chords_changes_rate": 0.0590277761221, "key_key": "E", "tuning_diatonic_strength": 0.723533153534, "key_scale": "major", "chords_number_rate": 0.00833333376795, "tuning_frequency": 434.193115234, "tuning_nontempered_energy_ratio": 0.921770393848, "chords_histogram": [41.4583320618, 1.52777779102, 18.0555553436, 1.11111116409, 0.208333328366, 0, 1.04166662693, 0.694444417953, 0, 0, 0.0694444477558, 0.277777791023, 0, 0, 0, 2.08333325386, 0, 13.75, 2.91666674614, 1.25, 0, 4.65277767181, 4.44444465637, 6.45833349228], "key_strength": 0.872921228409, "chords_key": "E", "chords_strength": {"dmean2": 0.00927565060556, "median": 0.62491106987, "min": 0.287077993155, "dvar2": 8.61203516251e-05, "dvar": 8.93278047442e-05, "dmean": 0.00990484654903, "max": 0.851534247398, "var": 0.0093271844089, "mean": 0.620488584042}, "chords_scale": "major", "hpcp_entropy": {"dmean2": 0.97153377533, "median": 1.82180166245, "min": 0, "dvar2": 0.654657423496, "dvar": 0.252067297697, "dmean": 0.576684892178, "max": 4.07785367966, "var": 0.520565271378, "mean": 1.81847465038}}, "metadata": {"audio_properties": {"equal_loudness": 0, "codec": "mp3", "downmix": "mix", "sample_rate": 44100, "analysis_sample_rate": 44100, "bit_rate": 159136, "md5_encoded": "2a911d3b3b1dadb14e858d72361c7601", "length": 66.7951049805, "replay_gain": -11.9257164001, "lossless": false}, "version": {"essentia_build_sha": "2d9f1f26377add8aeb1075a9c2973f962c4f09fd", "essentia": "2.1-beta2", "extractor": "music 1.0", "essentia_git_sha": "v2.1_beta2-1-ge3940c0"}, "tags": {"title": ["K\u00e1vu si oslad\u00edm"], "albumartist": ["T\u0159i sestry"], "length": ["66733"], "musicbrainz_recordingid": ["050b9a5b-bec2-4169-9200-c9daf88321bf"], "artistsort": ["T\u0159i sestry"], "musicbrainz_albumartistid": ["1a831d81-ee6a-44bf-b5a0-c1960699af11"], "discnumber": ["1/1"], "album": ["Hudba z Marsu"], "musicbrainz album release country": ["CZ"], "musicbrainz album type": ["album"], "musicbrainz album status": ["official"], "file_name": "12-Kavu si osladim.mp3", "date": ["1995"], "genre": ["Punk Rock"], "script": ["Latn"], "originaldate": ["1995"], "musicbrainz_albumid": ["9160e8a3-2b46-4933-be41-f61862ea1fe1"], "artist": ["T\u0159i sestry"], "composer": ["Jir\u00ed Staidl/Ladislav Staidl/Tri Sestry"], "tracknumber": ["12/18"], "label": ["Monitor (World)"], "albumartistsort": ["T\u0159i sestry"], "musicbrainz_artistid": ["1a831d81-ee6a-44bf-b5a0-c1960699af11"]}}, "rhythm": {"bpm_histogram_first_peak_bpm": {"dmean2": 0, "median": 96, "min": 96, "dvar2": 0, "dvar": 0, "dmean": 0, "max": 96, "var": 0, "mean": 96}, "bpm": 96.1932601929, "bpm_histogram_second_peak_spread": {"dmean2": 0, "median": 0.47058826685, "min": 0.47058826685, "dvar2": 0, "dvar": 0, "dmean": 0, "max": 0.47058826685, "var": 0, "mean": 0.47058826685}, "bpm_histogram_first_peak_weight": {"dmean2": 0, "median": 0.346153855324, "min": 0.346153855324, "dvar2": 0, "dvar": 0, "dmean": 0, "max": 0.346153855324, "var": 0, "mean": 0.346153855324}, "onset_rate": 4.23554944992, "beats_position": [0.66176867485, 1.3235373497, 1.98530614376, 2.6470746994, 3.29723358154, 3.93578219414, 4.57433080673, 5.20126962662, 5.83981847763, 6.48997735977, 7.12852573395, 7.75546455383, 8.38240337372, 9.0093421936, 9.63628101349, 10.2632198334, 10.8901586533, 11.5170974731, 12.1324262619, 12.7477550507, 13.3746938705, 14.0016326904, 14.6169614792, 15.2322902679, 15.8592290878, 16.4745578766, 17.0898857117, 17.7168254852, 18.3437633514, 18.970703125, 19.6440811157, 20.3406791687, 21.0256690979, 21.7106571198, 22.3840351105, 23.0341949463, 23.707572937, 24.3229026794, 24.9614505768, 25.5883903503, 26.2153282166, 26.830657959, 27.4575958252, 28.0961437225, 28.7230834961, 29.3500213623, 29.9769611359, 30.5922889709, 31.2076187134, 31.8229465485, 32.449886322, 33.0768241882, 33.6921539307, 34.3190917969, 34.9460296631, 35.5845794678, 36.1999092102, 36.8268470764, 37.5002250671, 38.1736030579, 38.823764801, 39.4855308533, 40.1937408447, 40.8903388977, 41.5753288269, 42.2370948792, 42.9104766846, 43.5490226746, 44.1875724792, 44.8145103455, 45.4414520264, 46.0683898926, 46.6953277588, 47.3106575012, 47.9259872437, 48.5529251099, 49.1798629761, 49.8068008423, 50.4337387085, 51.0490684509, 51.6643981934, 52.2797279358, 52.8950538635, 53.5219955444, 54.1489334106, 54.7642631531, 55.3795890808, 55.9833106995, 56.6102485657, 57.2139663696, 57.8292961121, 58.4446258545, 59.0483436584, 59.6288414001, 60.1977310181, 60.766620636, 61.3006782532, 61.8463478088, 62.4036254883, 63.0189552307, 63.6342849731, 64.2496109009, 64.8533325195, 65.4570541382, 66.0607681274], "beats_loudness": {"dmean2": 0.029985897243, "median": 0.0267234351486, "min": 5.91344253564e-08, "dvar2": 0.000572458491661, "dvar": 0.000233625527471, "dmean": 0.0168064758182, "max": 0.086768142879, "var": 0.000340366706951, "mean": 0.0297574046999}, "danceability": 1.12835264206, "bpm_histogram_second_peak_weight": {"dmean2": 0, "median": 0.0865384638309, "min": 0.0865384638309, "dvar2": 0, "dvar": 0, "dmean": 0, "max": 0.0865384638309, "var": 0, "mean": 0.0865384638309}, "beats_count": 105, "bpm_histogram_second_peak_bpm": {"dmean2": 0, "median": 89, "min": 89, "dvar2": 0, "dvar": 0, "dmean": 0, "max": 89, "var": 0, "mean": 89}, "bpm_histogram_first_peak_spread": {"dmean2": 0, "median": 0.555555522442, "min": 0.555555522442, "dvar2": 0, "dvar": 0, "dmean": 0, "max": 0.555555522442, "var": 0, "mean": 0.555555522442}, "beats_loudness_band_ratio": {"dmean2": [0.332265645266, 0.146138355136, 0.416465252638, 0.274204671383, 0.170344263315, 0.129745960236], "median": [0.234816655517, 0.0388775654137, 0.203455552459, 0.115880057216, 0.0774931535125, 0.0556438267231], "min": [1.29384379761e-05, 0.00144045369234, 0.00203928723931, 0.00333715439774, 0.00112227257341, 0.00113339337986], "dvar2": [0.066444709897, 0.0261147674173, 0.0771636217833, 0.0613717213273, 0.0334431789815, 0.065553329885], "dvar": [0.0267996769398, 0.0107445949689, 0.0329024232924, 0.0196477454156, 0.0125178005546, 0.0245774276555], "dmean": [0.186498910189, 0.0822134464979, 0.234952315688, 0.153282985091, 0.092467866838, 0.0841742679477], "max": [0.931723713875, 0.60677587986, 0.935029089451, 0.719265222549, 0.659262299538, 0.988772511482], "var": [0.0634079650044, 0.00992887374014, 0.0530846007168, 0.026092261076, 0.0105918431655, 0.0209046881646], "mean": [0.305682957172, 0.0741023272276, 0.281197994947, 0.177132740617, 0.101862050593, 0.0930062532425]}}, "lowlevel": {"barkbands_spread": {"dmean2": 9.98621940613, "median": 22.8049621582, "min": 1.27204287052, "dvar2": 183.684234619, "dvar": 85.6591186523, "dmean": 6.66377353668, "max": 103.556266785, "var": 251.8800354, "mean": 25.3347110748}, "melbands_spread": {"dmean2": 14.1252250671, "median": 26.3796329498, "min": 1.60815942287, "dvar2": 624.652648926, "dvar": 267.129669189, "dmean": 9.32666778564, "max": 267.463378906, "var": 659.956176758, "mean": 31.1857185364}, "hfc": {"dmean2": 7.69006681442, "median": 15.8529644012, "min": 1.12508037957e-16, "dvar2": 136.011077881, "dvar": 77.6942977905, "dmean": 5.77726316452, "max": 104.937171936, "var": 332.681549072, "mean": 19.946269989}, "barkbands_kurtosis": {"dmean2": 4.83239126205, "median": 0.775653839111, "min": -1.94416332245, "dvar2": 105.779029846, "dvar": 45.1461601257, "dmean": 3.08222675323, "max": 113.376747131, "var": 74.7725219727, "mean": 3.70353651047}, "gfcc": {"mean": [-64.487663269, 77.8941421509, -124.692802429, 31.1576271057, -55.29164505, 15.0132379532, -29.8722953796, 12.0932149887, -19.4456443787, 2.47433114052, -13.7670660019, 0.363925993443, -18.6726150513], "icov": [[8.71601660037e-05, -0.000108176922367, 0.000235882267589, -0.000177031863132, 5.79834959353e-05, -0.000201538161491, 0.000142240198329, -0.000469240505481, 0.000187387893675, -0.000268637755653, 0.000215473410208, -0.000398341362597, 0.000242673413595], [-0.000108176922367, 0.00130410876591, -0.000280501670204, -9.51897236519e-05, -0.000652532733511, 0.000629515270703, -0.000897317717317, 0.00131378427614, -0.000953658658545, 0.00142146658618, -0.00120090483688, 0.000607047812082, 0.000493210391141], [0.000235882267589, -0.000280501670204, 0.00159417057876, -0.000711343134753, -4.47601305495e-05, -0.000711405824404, 0.00044444197556, -0.00103977951221, 0.000974585185759, -0.00185809971299, 0.0012897583656, -0.00168793345802, 0.00147827889305], [-0.000177031863132, -9.51897236519e-05, -0.000711343134753, 0.00354572967626, -0.000743291515391, -0.00181659613736, 0.000591452699155, 0.00117263267748, -0.00118712882977, -6.71868256177e-05, -0.00135686888825, 0.00243510119617, -0.00225924956612], [5.79834959353e-05, -0.000652532733511, -4.47601305495e-05, -0.000743291515391, 0.00244304328226, -0.00034771382343, 0.000254110200331, -0.00156016356777, -0.000691378954798, -0.00128279393539, 0.000668084889185, -0.00173616560642, 0.000562883273233], [-0.000201538161491, 0.000629515270703, -0.000711405824404, -0.00181659613736, -0.00034771382343, 0.007052521687, -0.00306598772295, 0.000547561503481, 0.00122667348478, -0.000395046139602, -0.000345567852492, 0.000451269763289, -0.000318488804623], [0.000142240198329, -0.000897317717317, 0.00044444197556, 0.000591452699155, 0.000254110200331, -0.00306598772295, 0.00476032076403, -0.00276688206941, 0.00247784238309, -0.000198829118744, 0.00130321539473, -0.000118897150969, -0.000199890331714], [-0.000469240505481, 0.00131378427614, -0.00103977951221, 0.00117263267748, -0.00156016356777, 0.000547561503481, -0.00276688206941, 0.0110016101971, -0.00520179746673, 0.00411378126591, -0.00143839442171, 0.000285818357952, 0.00124700041488], [0.000187387893675, -0.000953658658545, 0.000974585185759, -0.00118712882977, -0.000691378954798, 0.00122667348478, 0.00247784238309, -0.00520179746673, 0.0114637948573, -0.00334828533232, -0.000358010729542, 0.00206533400342, -0.000998227507807], [-0.000268637755653, 0.00142146658618, -0.00185809971299, -6.71868256177e-05, -0.00128279393539, -0.000395046139602, -0.000198829118744, 0.00411378126591, -0.00334828533232, 0.0111832916737, -0.00167243473697, 0.00122610502876, 0.00314638507552], [0.000215473410208, -0.00120090483688, 0.0012897583656, -0.00135686888825, 0.000668084889185, -0.000345567852492, 0.00130321539473, -0.00143839442171, -0.000358010729542, -0.00167243473697, 0.0102716069669, -0.00313498266041, 0.00132259493694], [-0.000398341362597, 0.000607047812082, -0.00168793345802, 0.00243510119617, -0.00173616560642, 0.000451269763289, -0.000118897150969, 0.000285818357952, 0.00206533400342, 0.00122610502876, -0.00313498266041, 0.0132480738685, -0.00413794862106], [0.000242673413595, 0.000493210391141, 0.00147827889305, -0.00225924956612, 0.000562883273233, -0.000318488804623, -0.000199890331714, 0.00124700041488, -0.000998227507807, 0.00314638507552, 0.00132259493694, -0.00413794862106, 0.0162813961506]], "cov": [[29817.2226563, 1666.29077148, -2575.54052734, 1063.37695313, 1082.67236328, 801.339660645, 438.302062988, 1132.94116211, 291.775115967, -62.5459365845, 219.433151245, 368.250793457, -110.900253296], [1666.29077148, 1427.91455078, -104.572135925, 244.63458252, 414.8777771, 9.86762905121, 98.9325256348, 58.8351325989, 143.732299805, -52.2225456238, 143.158187866, -15.7906942368, -38.8306846619], [-2575.54052734, -104.572135925, 1986.04626465, 318.31161499, 470.615020752, 262.38104248, 11.8334989548, -44.5758171082, -47.9294548035, 367.692138672, -93.1150817871, 80.8512039185, -148.059280396], [1063.37695313, 244.63458252, 318.31161499, 681.446350098, 355.637908936, 203.439285278, -53.8677711487, 10.0926322937, 113.693519592, 144.050460815, 63.3373527527, -42.3145980835, -4.11879253387], [1082.67236328, 414.8777771, 470.615020752, 355.637908936, 911.831481934, 145.048873901, 1.0590223074, 144.167205811, 152.497970581, 175.548477173, 43.0334777832, 66.9995727539, -72.8436813354], [801.339660645, 9.86762905121, 262.38104248, 203.439285278, 145.048873901, 345.019073486, 202.957717896, 39.0806846619, -55.1982803345, 62.8353919983, -23.3380584717, 20.4865875244, -15.0278024673], [438.302062988, 98.9325256348, 11.8334989548, -53.8677711487, 1.0590223074, 202.957717896, 473.550933838, 82.9759597778, -116.298072815, -61.4580116272, -53.854309082, 27.2382125854, 1.35703873634], [1132.94116211, 58.8351325989, -44.5758171082, 10.0926322937, 144.167205811, 39.0806846619, 82.9759597778, 204.613006592, 57.7666511536, -22.7894458771, 9.07337856293, 27.37840271, -17.9263401031], [291.775115967, 143.732299805, -47.9294548035, 113.693519592, 152.497970581, -55.1982803345, -116.298072815, 57.7666511536, 196.528503418, 45.9785842896, 48.7157363892, -31.6080913544, -9.60554504395], [-62.5459365845, -52.2225456238, 367.692138672, 144.050460815, 175.548477173, 62.8353919983, -61.4580116272, -22.7894458771, 45.9785842896, 216.402191162, 6.95359897614, -0.892738103867, -54.5233573914], [219.433151245, 143.158187866, -93.1150817871, 63.3373527527, 43.0334777832, -23.3380584717, -53.854309082, 9.07337856293, 48.7157363892, 6.95359897614, 139.078979492, 6.43502187729, -1.68380010128], [368.250793457, -15.7906942368, 80.8512039185, -42.3145980835, 66.9995727539, 20.4865875244, 27.2382125854, 27.37840271, -31.6080913544, -0.892738103867, 6.43502187729, 121.735313416, 6.75000762939], [-110.900253296, -38.8306846619, -148.059280396, -4.11879253387, -72.8436813354, -15.0278024673, 1.35703873634, -17.9263401031, -9.60554504395, -54.5233573914, -1.68380010128, 6.75000762939, 92.5347290039]]}, "spectral_energyband_middle_low": {"dmean2": 0.00565605470911, "median": 0.00369730265811, "min": 2.08172958663e-22, "dvar2": 0.000131448483444, "dvar": 5.81715321459e-05, "dmean": 0.0037282675039, "max": 0.0876806974411, "var": 0.000118375282909, "mean": 0.00798407103866}, "melbands_crest": {"dmean2": 4.95242166519, "median": 13.5836429596, "min": 1.5535646677, "dvar2": 24.5278186798, "dvar": 9.68493556976, "dmean": 3.12935400009, "max": 33.5513763428, "var": 27.3341808319, "mean": 14.1296539307}, "spectral_kurtosis": {"dmean2": 2.65445256233, "median": 4.05941963196, "min": -1.24756789207, "dvar2": 7.40454387665, "dvar": 3.04548478127, "dmean": 1.64380824566, "max": 26.0909938812, "var": 8.81718158722, "mean": 4.4952878952}, "spectral_rms": {"dmean2": 0.000938947428949, "median": 0.00399712566286, "min": 3.13652250873e-12, "dvar2": 1.63652509855e-06, "dvar": 8.77654770193e-07, "dmean": 0.000685769889969, "max": 0.0106743685901, "var": 4.56399175164e-06, "mean": 0.00395732931793}, "zerocrossingrate": {"dmean2": 0.0145036168396, "median": 0.06005859375, "min": 0.00830078125, "dvar2": 0.00052873371169, "dvar": 0.000449849001598, "dmean": 0.0130142141134, "max": 0.5185546875, "var": 0.00297330808826, "mean": 0.0706574171782}, "silence_rate_60dB": {"dmean2": 0.0695410296321, "median": 0, "min": 0, "dvar2": 0.0786139890552, "dvar": 0.0335495620966, "dmean": 0.0347584299743, "max": 1, "var": 0.122909091413, "mean": 0.143502429128}, "erbbands_kurtosis": {"dmean2": 2.14564585686, "median": 0.27235019207, "min": -1.81092202663, "dvar2": 19.7463645935, "dvar": 8.98262691498, "dmean": 1.39089715481, "max": 81.821395874, "var": 17.5357952118, "mean": 1.47360599041}, "erbbands": {"dmean2": [0.0998884364963, 0.719933688641, 1.84127211571, 1.79847979546, 1.91343986988, 2.84432005882, 2.34870815277, 5.2963104248, 8.50369358063, 20.4289417267, 38.1886482239, 67.9309310913, 40.1846580505, 19.690694809, 30.9594650269, 30.987033844, 41.2407684326, 26.538433075, 18.7878780365, 12.3419752121, 15.9479990005, 19.8702220917, 12.9411592484, 19.4698429108, 7.06442546844, 2.76492905617, 2.97518014908, 4.69171094894, 3.78036975861, 1.96346628666, 1.21214210987, 0.866409659386, 0.687353253365, 0.46115103364, 0.327078670263, 0.211121246219, 0.0553651563823, 0.0130231389776, 0.00138331938069, 3.95595961891e-05], "median": [0.035827845335, 0.69234585762, 1.45661425591, 1.43381619453, 1.01014196873, 0.994315564632, 1.47481989861, 1.85579442978, 1.54502773285, 4.6633348465, 4.28468894958, 7.83629512787, 2.82782506943, 2.71784543991, 3.59295082092, 6.74940299988, 10.6933727264, 6.79337215424, 6.08918380737, 4.47339487076, 6.76620864868, 11.5425100327, 11.7549638748, 14.2428216934, 5.19718265533, 2.14976072311, 1.64050149918, 2.10897922516, 2.30467891693, 1.24804353714, 0.544392943382, 0.362480789423, 0.266834825277, 0.115020014346, 0.0471343696117, 0.0152591113001, 0.0024925135076, 0.00031674458296, 3.00405554299e-05, 2.81964348687e-05], "min": [6.47345885256e-23, 1.18493037098e-21, 7.42782744575e-21, 1.06790018745e-20, 9.30805906129e-21, 4.65734285752e-20, 6.40984776983e-20, 1.33605243187e-19, 3.49062773872e-19, 3.71754612821e-19, 5.41100352798e-19, 7.67250705089e-19, 7.86289972947e-19, 7.511951294e-19, 9.27076113204e-19, 1.48483934736e-18, 1.86963787466e-18, 2.7709121566e-18, 1.96042322163e-18, 3.77411949184e-18, 4.82967639972e-18, 6.62285797035e-18, 7.20349161107e-18, 7.60693075687e-18, 7.31745393842e-18, 8.52180657642e-18, 7.9238550824e-18, 9.93886788176e-18, 1.33183564606e-17, 1.27600236092e-17, 1.28004743955e-17, 1.23976316469e-17, 9.31555503016e-18, 8.99320439981e-18, 6.9044501032e-18, 4.64740053429e-18, 2.8216203961e-18, 1.05471494141e-18, 2.57430135456e-19, 2.77562748676e-20], "dvar2": [0.0612992718816, 3.85796046257, 28.3488903046, 20.7325458527, 16.9975299835, 48.1550331116, 24.0948467255, 293.035736084, 1220.12121582, 4727.52636719, 14617.1318359, 50822.6054688, 29673.46875, 3615.5246582, 11826.4912109, 11627.8417969, 14723.6816406, 6988.375, 2786.69799805, 1063.06848145, 1397.3482666, 2044.52453613, 615.989624023, 1275.77368164, 197.568130493, 38.7641944885, 43.691242218, 148.092300415, 65.6966018677, 27.0150489807, 17.6978530884, 5.40890741348, 3.72924804688, 1.54794371128, 0.359205573797, 0.130348861217, 0.00974604394287, 0.000576152116992, 6.49076582704e-06, 4.32474545065e-09], "dvar": [0.0273078009486, 1.42990148067, 10.2656497955, 8.13287830353, 5.99444627762, 16.8010044098, 10.6650800705, 135.511734009, 604.388793945, 2267.4074707, 6705.41943359, 21183.7148438, 13461.9394531, 2053.79711914, 5777.54003906, 5036.80859375, 6315.56347656, 2864.91503906, 1783.55529785, 669.405090332, 639.532165527, 952.954223633, 350.291992188, 823.933349609, 114.444259644, 16.361492157, 22.4116020203, 74.0432510376, 30.744058609, 15.1183385849, 9.18462085724, 2.6142206192, 1.60225975513, 0.749369859695, 0.165579885244, 0.0586366094649, 0.00431663775817, 0.000254518177826, 2.83979557025e-06, 1.93941751547e-09], "dmean": [0.0620376057923, 0.425440460443, 1.06127500534, 1.06338775158, 1.0681835413, 1.59720718861, 1.4540772438, 3.44935488701, 5.64450645447, 13.5713119507, 25.7850780487, 44.9048423767, 28.1973953247, 15.1812934875, 23.1286296844, 20.4928836823, 26.9150676727, 17.1783905029, 13.713218689, 9.06352138519, 10.4814500809, 13.5391979218, 9.52208709717, 14.7614240646, 5.25108909607, 1.8600114584, 2.09680533409, 3.31951475143, 2.70836734772, 1.47526919842, 0.840117573738, 0.60334444046, 0.463590323925, 0.31781822443, 0.22468072176, 0.140148550272, 0.0364206060767, 0.00852068793029, 0.000889455026481, 2.69055854005e-05], "max": [1.59643387794, 13.8427448273, 31.4160079956, 30.1872577667, 21.8472728729, 38.1027946472, 73.2393417358, 324.09387207, 772.787963867, 907.526794434, 1351.4486084, 2077.3984375, 2330.17602539, 1297.74060059, 1736.54296875, 1794.94750977, 1414.76733398, 1005.0057373, 1618.27111816, 704.239929199, 483.26751709, 826.537597656, 348.321990967, 637.032897949, 210.387695313, 103.535591125, 88.1912231445, 332.45614624, 119.545387268, 163.243286133, 108.755973816, 37.9537849426, 27.3388080597, 27.6302261353, 7.45634937286, 2.07671141624, 0.539797306061, 0.140988737345, 0.0133828017861, 0.000447297119536], "var": [0.0306787844747, 1.26532804966, 8.61256694794, 8.01132392883, 4.58648824692, 11.9303770065, 22.7917423248, 323.802612305, 1981.10754395, 5419.65380859, 20396.8945313, 30514.5039063, 27189.2753906, 6067.05371094, 15957.6621094, 7402.25830078, 11737.3759766, 3771.89160156, 5107.04150391, 2715.84960938, 1668.69543457, 2025.65148926, 1306.03918457, 4912.67626953, 583.62298584, 42.8178253174, 83.1429672241, 353.004516602, 99.459487915, 31.7668437958, 14.7303628922, 5.02464199066, 2.8327729702, 1.48924827576, 0.265470474958, 0.0704503133893, 0.00476473150775, 0.000272556993878, 2.91038850264e-06, 2.68897859534e-09], "mean": [0.091090336442, 0.801867842674, 1.97724509239, 1.95816409588, 1.49108636379, 1.94683945179, 2.70180678368, 7.0947060585, 10.8042011261, 21.5053691864, 46.8580322266, 73.6404571533, 49.9884414673, 31.6461086273, 52.7439079285, 32.6865921021, 47.799571991, 26.5061264038, 27.3645324707, 22.0653400421, 22.5541267395, 28.0929985046, 25.9867992401, 45.4629211426, 15.4585313797, 4.41529464722, 4.66317367554, 7.49640130997, 6.08986186981, 2.88010311127, 1.39664745331, 1.01517128944, 0.752795755863, 0.441057056189, 0.250662893057, 0.134997174144, 0.0333143100142, 0.0074232048355, 0.000744156888686, 4.28307903348e-05]}, "spectral_strongpeak": {"dmean2": 1.1664583683, "median": 0.317802280188, "min": 0, "dvar2": 3.35853075981, "dvar": 1.46653223038, "dmean": 0.70504206419, "max": 10.6542739868, "var": 3.229845047, "mean": 1.44330835342}, "spectral_energy": {"dmean2": 0.0101253194734, "median": 0.0163764432073, "min": 1.00837177923e-20, "dvar2": 0.000271000753855, "dvar": 0.000127159568365, "dmean": 0.00698560243472, "max": 0.116790704429, "var": 0.000328465481289, "mean": 0.0207300782204}, "average_loudness": 0.937677979469, "spectral_rolloff": {"dmean2": 943.934631348, "median": 1356.59179688, "min": 86.1328125, "dvar2": 2760881.25, "dvar": 1419058.75, "dmean": 577.444885254, "max": 19358.3496094, "var": 4772038, "mean": 1954.12402344}, "spectral_centroid": {"dmean2": 405.86227417, "median": 1609.81176758, "min": 255.61819458, "dvar2": 340206.125, "dvar": 208124.125, "dmean": 280.770690918, "max": 11450.3818359, "var": 1079608.75, "mean": 1696.39648438}, "pitch_salience": {"dmean2": 0.106710419059, "median": 0.50745511055, "min": 0.146922200918, "dvar2": 0.0100623732433, "dvar": 0.00421133404598, "dmean": 0.067851126194, "max": 0.959643423557, "var": 0.0146372979507, "mean": 0.514734625816}, "spectral_energyband_middle_high": {"dmean2": 0.00306497095153, "median": 0.00361546105705, "min": 1.19139342633e-21, "dvar2": 3.08084963763e-05, "dvar": 1.58537332027e-05, "dmean": 0.00225167185999, "max": 0.0713839530945, "var": 6.75025075907e-05, "mean": 0.00707898382097}, "spectral_contrast_coeffs": {"dmean2": [0.0697779506445, 0.0784123241901, 0.0637387558818, 0.0533295162022, 0.0429753512144, 0.033158287406], "median": [-0.690719544888, -0.723225712776, -0.757266759872, -0.72968775034, -0.73571318388, -0.753544569016], "min": [-0.974435150623, -0.98335403204, -0.988769412041, -0.977007091045, -0.967906415462, -0.964086830616], "dvar2": [0.00351070426404, 0.00538766104728, 0.00302143744193, 0.00213328981772, 0.00149110530037, 0.000777340086643], "dvar": [0.00133917108178, 0.00229729898274, 0.00157161720563, 0.000957685173489, 0.000823003589176, 0.000408183288528], "dmean": [0.0419917851686, 0.0504852384329, 0.0424330197275, 0.0346945859492, 0.0294246729463, 0.0236379615963], "max": [-0.356258571148, -0.275949507952, -0.410511493683, -0.473142802715, -0.51214915514, -0.525411427021], "var": [0.00580554129556, 0.0121444053948, 0.0141754020005, 0.00766419479623, 0.00795479398221, 0.00383113627322], "mean": [-0.682500660419, -0.705407381058, -0.725911855698, -0.725788235664, -0.73157787323, -0.751413702965]}, "melbands_skewness": {"dmean2": 1.10730516911, "median": 1.68897986412, "min": -4.34614086151, "dvar2": 1.80599474907, "dvar": 0.931446313858, "dmean": 0.764817535877, "max": 11.0626478195, "var": 3.28744506836, "mean": 2.17205882072}, "spectral_spread": {"dmean2": 1133005.75, "median": 4217725, "min": 1750021.75, "dvar2": 1891137486850.0, "dvar": 1330243829760.0, "dmean": 868365.5, "max": 41889244, "var": 10743448600600.0, "mean": 4889661}, "dissonance": {"dmean2": 0.0404223613441, "median": 0.462903738022, "min": 0.172099277377, "dvar2": 0.00163335131947, "dvar": 0.000657490047161, "dmean": 0.0244287848473, "max": 0.499798834324, "var": 0.00170138117392, "mean": 0.449954688549}, "spectral_skewness": {"dmean2": 0.382354468107, "median": 1.50365495682, "min": -0.060425657779, "dvar2": 0.12569013238, "dvar": 0.0640054866672, "dmean": 0.253266692162, "max": 4.16714096069, "var": 0.266632199287, "mean": 1.48740649223}, "spectral_flux": {"dmean2": 0.0387587808073, "median": 0.0565880648792, "min": 6.38180550072e-11, "dvar2": 0.00177502993029, "dvar": 0.000859838386532, "dmean": 0.0258735865355, "max": 0.276904702187, "var": 0.00272745359689, "mean": 0.0688537880778}, "spectral_contrast_valleys": {"dmean2": [0.649051308632, 0.634190618992, 0.59914213419, 0.526393353939, 0.430286824703, 0.549095213413], "median": [-7.37584114075, -7.30833911896, -8.13691520691, -8.33045387268, -8.15967750549, -10.5362300873], "min": [-27.784406662, -27.6518421173, -27.7682037354, -27.6004962921, -27.5066890717, -27.2945957184], "dvar2": [0.450347095728, 0.396886438131, 0.359344780445, 0.293081879616, 0.216889768839, 0.293937236071], "dvar": [0.242126703262, 0.225491940975, 0.221942901611, 0.20314784348, 0.16791549325, 0.208016887307], "dmean": [0.404718339443, 0.395655751228, 0.396792799234, 0.365320175886, 0.31872394681, 0.441067695618], "max": [-5.6930937767, -5.46532058716, -4.94267463684, -6.20053005219, -6.5210108757, -7.95428657532], "var": [5.99877929688, 4.12056732178, 4.01418399811, 4.11654901505, 4.08557415009, 3.35479450226], "mean": [-8.26542186737, -7.76884937286, -8.46258544922, -8.75969791412, -8.58283042908, -10.8362073898]}, "erbbands_flatness_db": {"dmean2": 0.0342093706131, "median": 0.174549490213, "min": 0.0381356701255, "dvar2": 0.00106656167191, "dvar": 0.000616945500951, "dmean": 0.0270580593497, "max": 0.385838925838, "var": 0.00395213114098, "mean": 0.177610501647}, "spectral_energyband_high": {"dmean2": 0.000312350486638, "median": 0.000240324618062, "min": 7.33380108235e-21, "dvar2": 3.43228805377e-07, "dvar": 1.80608807909e-07, "dmean": 0.000233642349485, "max": 0.00996459182352, "var": 6.40204120828e-07, "mean": 0.000524656556081}, "spectral_entropy": {"dmean2": 0.272790402174, "median": 7.37671852112, "min": 5.58535194397, "dvar2": 0.0683300122619, "dvar": 0.0434501878917, "dmean": 0.208697870374, "max": 9.82071208954, "var": 0.302042365074, "mean": 7.39750051498}, "silence_rate_20dB": {"dmean2": 0, "median": 1, "min": 1, "dvar2": 0, "dvar": 0, "dmean": 0, "max": 1, "var": 0, "mean": 1}, "melbands_flatness_db": {"dmean2": 0.0361499302089, "median": 0.193744212389, "min": 0.00337227666751, "dvar2": 0.00144735677168, "dvar": 0.000762957031839, "dmean": 0.0263544656336, "max": 0.411300271749, "var": 0.00389167456888, "mean": 0.199446097016}, "barkbands": {"dmean2": [0.00028766260948, 0.00301742786542, 0.0016876864247, 0.000460788665805, 0.000725138757844, 0.000571303244215, 0.000862217741087, 0.00136225100141, 0.00310419895686, 0.000780416128691, 0.000784783216659, 0.000847530725878, 0.000962570658885, 0.000517642532941, 0.000309652561555, 0.000269723444944, 0.000378853874281, 0.000321071274811, 0.000312093819957, 6.02436448389e-05, 0.000100495453808, 0.000104790429759, 4.48383761977e-05, 3.95760216634e-05, 4.27948180004e-05, 3.79537523258e-05, 8.26847190183e-06], "median": [8.55280086398e-06, 0.00275425962172, 0.000921504572034, 0.000278311024886, 0.000272502977168, 0.000224076677114, 0.00018111387908, 8.23507434689e-05, 0.000285276852082, 3.45667940564e-05, 7.54594948376e-05, 9.69412649283e-05, 0.000178831716767, 0.000126402883325, 6.028019925e-05, 9.15923228604e-05, 0.000179906986887, 0.000197485918761, 0.000150236141053, 3.91241555917e-05, 4.19220050389e-05, 6.09202797932e-05, 2.10562648135e-05, 1.6859266907e-05, 8.64702542458e-06, 2.12002419175e-06, 6.65442598802e-08], "min": [1.46851890786e-24, 4.01402168633e-24, 5.28469674435e-24, 1.789790055e-25, 1.02709658305e-23, 1.18485543235e-23, 2.98076362629e-23, 2.15562332358e-23, 3.15540165348e-23, 3.34621196033e-23, 2.14843948286e-23, 3.33959972822e-23, 3.42200256066e-23, 5.02080115677e-23, 3.09612380517e-23, 6.66600339122e-23, 1.09350156877e-22, 1.3421235155e-22, 1.66443075057e-22, 1.66262369112e-22, 2.9709286765e-22, 3.84588800662e-22, 4.6771737251e-22, 5.77698264702e-22, 9.92223137648e-22, 1.28905152864e-21, 2.04531554005e-21], "dvar2": [6.63587798044e-07, 6.31074872217e-05, 2.33974387811e-05, 8.88240151653e-07, 3.19201581078e-06, 2.48658216151e-06, 1.03840438896e-05, 2.29379129451e-05, 9.55257200985e-05, 8.33538251754e-06, 6.34269417787e-06, 1.00374627436e-05, 8.08018558018e-06, 2.05152582566e-06, 8.7339503807e-07, 4.33922195953e-07, 6.62649313199e-07, 3.9360890014e-07, 3.3476084127e-07, 1.74730896418e-08, 6.04707608431e-08, 5.72931817544e-08, 1.98459186862e-08, 1.10313749246e-08, 7.76699771166e-09, 4.35642544261e-09, 2.34005509414e-10], "dvar": [2.81722151385e-07, 2.57367919403e-05, 8.61761418491e-06, 3.34573115879e-07, 1.12009558961e-06, 1.1447137922e-06, 4.97730979987e-06, 1.06720499389e-05, 4.04714301112e-05, 4.74373428005e-06, 3.14512658406e-06, 4.30693398812e-06, 3.47656123267e-06, 9.00484451449e-07, 5.6352808997e-07, 1.93415857552e-07, 3.12854069762e-07, 2.15613880528e-07, 1.9531705675e-07, 7.13629866311e-09, 2.81422742887e-08, 2.66203041832e-08, 1.12813625108e-08, 5.18620835166e-09, 3.84697873557e-09, 1.94622851168e-09, 1.02791226919e-10], "dmean": [0.00018214827287, 0.00186332699377, 0.000984103768133, 0.000267245166469, 0.000404255057219, 0.000366843945812, 0.000566613976844, 0.0009097578004, 0.00204303883947, 0.000583985296544, 0.000592928437982, 0.00056456704624, 0.000629754445981, 0.000333886797307, 0.000230902835028, 0.000177985333721, 0.000254856189713, 0.000231068741414, 0.000225909025175, 3.99720192945e-05, 6.98910662322e-05, 7.52350097173e-05, 3.18963357131e-05, 2.72636261798e-05, 2.96476428048e-05, 2.51019482675e-05, 5.30840861757e-06], "max": [0.00438746670261, 0.0551259368658, 0.0303540714085, 0.00710968719795, 0.00887801591307, 0.0265643671155, 0.0431665964425, 0.0597101785243, 0.0836155414581, 0.0495711714029, 0.0360669419169, 0.0464531593025, 0.0292063131928, 0.0174137614667, 0.0252411607653, 0.00783630181104, 0.0150000313297, 0.00938679557294, 0.00871213246137, 0.00164908939041, 0.00551088992506, 0.00361952348612, 0.00439181691036, 0.00176410726272, 0.00167126732413, 0.000349811045453, 9.07556823222e-05], "var": [2.98751871242e-07, 2.63679794443e-05, 7.55378778194e-06, 4.03717706376e-07, 7.90804847384e-07, 2.68344001597e-06, 1.27516623252e-05, 2.80776275758e-05, 6.03429107287e-05, 1.66807076312e-05, 1.16115988931e-05, 5.68668201595e-06, 6.15804901827e-06, 1.41434838952e-06, 1.71807187144e-06, 4.51416951819e-07, 6.63282492042e-07, 8.30710064292e-07, 9.63314732871e-07, 1.65694817866e-08, 1.25159303366e-07, 8.01647175308e-08, 2.03421901546e-08, 9.90177628779e-09, 7.66454988366e-09, 2.22679941153e-09, 1.04975673987e-10], "mean": [0.000174658256583, 0.00347693939693, 0.00175284978468, 0.000464706885396, 0.000503341201693, 0.000731532578357, 0.000980680109933, 0.00148438545875, 0.00331995030865, 0.00104993989225, 0.00142879039049, 0.000739997019991, 0.00104030210059, 0.000519520312082, 0.000468593032565, 0.000349006557371, 0.000492831983138, 0.000554103404284, 0.000634325784631, 8.31378274597e-05, 0.000154509980348, 0.000160602474352, 5.38528183824e-05, 4.66340170533e-05, 3.71312635252e-05, 2.33232149185e-05, 4.42796272182e-06]}, "erbbands_skewness": {"dmean2": 0.626908123493, "median": 0.286907166243, "min": -5.998462677, "dvar2": 0.536826610565, "dvar": 0.259714245796, "dmean": 0.427965193987, "max": 4.51036930084, "var": 1.29113638401, "mean": 0.209833502769}, "erbbands_spread": {"dmean2": 12.363650322, "median": 28.3847198486, "min": 1.4313031435, "dvar2": 269.555969238, "dvar": 125.613006592, "dmean": 8.39736938477, "max": 142.199920654, "var": 378.480377197, "mean": 33.3485069275}, "melbands_kurtosis": {"dmean2": 10.2253866196, "median": 3.82078957558, "min": -1.90980446339, "dvar2": 351.942962646, "dvar": 167.413665771, "dmean": 6.5702662468, "max": 191.393966675, "var": 337.830657959, "mean": 10.7573804855}, "melbands": {"dmean2": [0.000821010558866, 0.000957524520345, 0.000300455954857, 0.000184176577022, 8.38401538203e-05, 0.000119250187709, 0.000137921248097, 0.000233274506172, 0.000369664718164, 0.000431609718362, 0.000195262677153, 8.11837817309e-05, 0.000109462082037, 8.4589344624e-05, 9.95133450488e-05, 9.04907501535e-05, 4.89917692903e-05, 3.62589744327e-05, 2.01513066713e-05, 1.51768881551e-05, 2.18472032429e-05, 2.41922662099e-05, 1.40685615406e-05, 1.46869915625e-05, 1.81601280929e-05, 8.84341716301e-06, 2.65016410594e-06, 1.95267534764e-06, 1.90635591935e-06, 2.50708649219e-06, 3.15982424581e-06, 2.58787736129e-06, 1.66764345977e-06, 9.86172494777e-07, 7.3535284173e-07, 6.80983475831e-07, 5.04830438786e-07, 4.97925441323e-07, 4.84467079787e-07, 3.81104229064e-07], "median": [0.000591848394834, 0.000953185255639, 0.00027317419881, 7.2047674621e-05, 5.4377655033e-05, 4.24112367909e-05, 2.55891300185e-05, 3.87113686884e-05, 3.33558418788e-05, 3.7578472984e-05, 7.21260221326e-06, 8.63749119162e-06, 1.16682722364e-05, 9.12547147891e-06, 2.6786379749e-05, 1.33190715133e-05, 9.78671414487e-06, 9.43887062022e-06, 4.65097400593e-06, 5.38501626579e-06, 7.19519448467e-06, 1.08928888949e-05, 8.11409518064e-06, 1.01450450529e-05, 1.01591595012e-05, 4.07173320127e-06, 1.29203340293e-06, 1.10740381842e-06, 9.50091816776e-07, 8.46086834372e-07, 1.3465040638e-06, 1.37739175443e-06, 9.70981545834e-07, 5.26169401383e-07, 3.00955179e-07, 2.13070450172e-07, 2.01253527621e-07, 1.86399375934e-07, 1.29657436787e-07, 7.01792401969e-08], "min": [1.945019195e-24, 3.76095510793e-24, 2.12020626939e-24, 1.59619436904e-24, 2.59592942993e-24, 2.75479102788e-24, 6.12795237e-24, 3.66921926212e-24, 4.01434393601e-24, 4.66768800404e-24, 3.79671772264e-24, 2.75824781637e-24, 3.23743052641e-24, 3.90232410974e-24, 4.13527710164e-24, 2.72856396658e-24, 3.52976955889e-24, 2.96602805956e-24, 3.87206261656e-24, 4.16714195461e-24, 5.25650048902e-24, 5.5390515326e-24, 4.75649875361e-24, 4.40870733544e-24, 5.49331337732e-24, 6.41830564237e-24, 3.94834625495e-24, 5.23730592547e-24, 3.50224225761e-24, 6.45361466206e-24, 5.15685946808e-24, 6.44459364318e-24, 6.11189510627e-24, 6.66915236618e-24, 6.2224366072e-24, 6.37348769333e-24, 6.03142656078e-24, 6.68659171421e-24, 6.69132961281e-24, 7.24210361936e-24], "dvar2": [4.35937636212e-06, 7.59605336498e-06, 4.8469775038e-07, 2.13273438021e-07, 2.6759289895e-08, 1.33065256591e-07, 2.99440699791e-07, 6.08671086866e-07, 1.27173962028e-06, 2.19409912461e-06, 7.32993044039e-07, 6.74103404208e-08, 1.26147114088e-07, 1.12859957824e-07, 1.19139890842e-07, 1.04068398343e-07, 2.29187371303e-08, 9.87696413546e-09, 4.38504921263e-09, 1.98601801671e-09, 2.78965872624e-09, 3.56108187383e-09, 1.02312125438e-09, 7.