{"tonal": {"thpcp": [1, 0.608564436436, 0.24201901257, 0.201517611742, 0.351678282022, 0.867161393166, 0.972307026386, 0.538648188114, 0.562497437, 0.617416262627, 0.41842725873, 0.518716037273, 0.511607468128, 0.413606137037, 0.811007916927, 0.953348875046, 0.521445930004, 0.327818751335, 0.2965747118, 0.358131229877, 0.73201084137, 0.692704319954, 0.282905220985, 0.177860409021, 0.192315682769, 0.315820157528, 0.738276720047, 0.861075520515, 0.659211337566, 0.820071995258, 0.770869255066, 0.355733811855, 0.23870626092, 0.245172664523, 0.278618693352, 0.707113921642], "hpcp": {"dmean2": [0.243249863386, 0.183481052518, 0.0893648043275, 0.0818014219403, 0.135711506009, 0.229680716991, 0.233649164438, 0.180057585239, 0.145835667849, 0.137057334185, 0.137144848704, 0.156789138913, 0.14508984983, 0.150347545743, 0.195113629103, 0.220013141632, 0.157589331269, 0.092545516789, 0.0920182093978, 0.136416494846, 0.190806359053, 0.170123487711, 0.10611063987, 0.0714175105095, 0.071675106883, 0.120473355055, 0.202182024717, 0.196586966515, 0.250769108534, 0.229053542018, 0.193453013897, 0.146626859903, 0.0840543359518, 0.0797212198377, 0.111288294196, 0.193872928619], "median": [0.0794624760747, 0.0463298149407, 0.0125832948834, 0.00925415288657, 0.0259522777051, 0.0774477571249, 0.0891510769725, 0.0591050162911, 0.0287690646946, 0.0187424812466, 0.0266505982727, 0.0256568789482, 0.0279684979469, 0.0468652881682, 0.11628447473, 0.126451507211, 0.0675130710006, 0.0218059960753, 0.0132506443188, 0.0271429996938, 0.0484679974616, 0.0407735481858, 0.0201149210334, 0.00843074359, 0.00845773331821, 0.0194378774613, 0.0581893734634, 0.0708470344543, 0.0583196729422, 0.058626614511, 0.0510201565921, 0.0285211708397, 0.0140055576339, 0.0134555641562, 0.0222545824945, 0.073386631906], "min": [0, 0, 0, 0, 0, 0, 0, 0, 0, 0, 0, 0, 0, 0, 0, 0, 0, 0, 0, 0, 0, 0, 0, 0, 0, 0, 0, 0, 0, 0, 0, 0, 0, 0, 0, 0], "dvar2": [0.103806369007, 0.0743191018701, 0.0304366890341, 0.0351829454303, 0.0525095127523, 0.0891114920378, 0.0866530314088, 0.0602832436562, 0.0520558059216, 0.0629100427032, 0.0478107742965, 0.0626824498177, 0.051719147712, 0.0406608171761, 0.0573864206672, 0.069955766201, 0.0429183654487, 0.0273430645466, 0.0338045656681, 0.0533386729658, 0.0821153074503, 0.0696814954281, 0.0449738427997, 0.0307128466666, 0.0328122004867, 0.0560541749001, 0.0968681275845, 0.0759895071387, 0.135927960277, 0.108080878854, 0.0932034179568, 0.0813073292375, 0.0279976259917, 0.0252286475152, 0.048543266952, 0.0721931606531], "dvar": [0.0527581609786, 0.0330062769353, 0.0122402217239, 0.0138294054195, 0.0203618593514, 0.0383290946484, 0.0395376980305, 0.0229427609593, 0.0220386013389, 0.0291908215731, 0.0192287899554, 0.0269444081932, 0.0232732631266, 0.0161403268576, 0.0247461013496, 0.0308260638267, 0.0170380100608, 0.0127201555297, 0.013915291056, 0.0201078709215, 0.0372615270317, 0.0328731611371, 0.0163621529937, 0.0118922386318, 0.0135034881532, 0.0218718443066, 0.0369736552238, 0.0341137126088, 0.0463634319603, 0.042780097574, 0.0365573875606, 0.0262922905385, 0.0109785888344, 0.0106039168313, 0.0172672364861, 0.0304170623422], "dmean": [0.14599826932, 0.111020974815, 0.0539804138243, 0.0478085801005, 0.079457975924, 0.14008577168, 0.13933724165, 0.105945631862, 0.088958978653, 0.0825569182634, 0.0812492743134, 0.0938109233975, 0.0872093066573, 0.0884007140994, 0.120379984379, 0.134982436895, 0.0935096368194, 0.0559577979147, 0.0544156059623, 0.0789865925908, 0.117772392929, 0.104691296816, 0.0628539249301, 0.0413730889559, 0.0413276851177, 0.0715481713414, 0.121112219989, 0.119457095861, 0.1456412673, 0.134750306606, 0.116504892707, 0.083293735981, 0.0497156232595, 0.0474790595472, 0.0648721456528, 0.11794155091], "max": [1, 1, 1, 1, 1, 1, 1, 1, 1, 1, 1, 1, 1, 1, 1, 1, 1, 1, 1, 1, 1, 1, 1, 1, 1, 1, 1, 1, 1, 1, 1, 1, 1, 1, 1, 1], "var": [0.115800350904, 0.0562414973974, 0.0162364970893, 0.0162923298776, 0.0276293084025, 0.0848940461874, 0.102618098259, 0.0353367775679, 0.0576408132911, 0.0860440433025, 0.031749907881, 0.054933886975, 0.0495826937258, 0.0222639050335, 0.0623519383371, 0.0794727057219, 0.0291509404778, 0.0326259583235, 0.0306798517704, 0.0260530728847, 0.0813390463591, 0.0797896757722, 0.0205714870244, 0.0156894382089, 0.0204084124416, 0.0270200334489, 0.0763777494431, 0.0956641286612, 0.0600532963872, 0.0936865359545, 0.089092746377, 0.0264392551035, 0.018338220194, 0.0203172024339, 0.0183298829943, 0.0587600953877], "mean": [0.257837027311, 0.156910449266, 0.0624014623463, 0.0519587025046, 0.0906756818295, 0.223586320877, 0.250696748495, 0.138883441687, 0.145032674074, 0.15919277072, 0.107886038721, 0.133744195104, 0.131911352277, 0.106642976403, 0.209107875824, 0.245808646083, 0.134448066354, 0.0845238119364, 0.0764679387212, 0.0923394933343, 0.188739493489, 0.178604826331, 0.0729434415698, 0.0458589978516, 0.0495861023664, 0.0814301297069, 0.190355077386, 0.222017154098, 0.16996909678, 0.211444929242, 0.198758631945, 0.0917213484645, 0.0615473128855, 0.0632145926356, 0.0718382149935, 0.182320147753]}, "tuning_equal_tempered_deviation": 0.141294509172, "chords_changes_rate": 0.0826763659716, "key_key": "G", "tuning_diatonic_strength": 0.602985739708, "key_scale": "major", "chords_number_rate": 0.00323428330012, "tuning_frequency": 435.952270508, "tuning_nontempered_energy_ratio": 0.827420294285, "chords_histogram": [17.9907016754, 8.30806541443, 13.1594905853, 1.25328481197, 1.63735592365, 0, 0.0404285416007, 6.1451382637, 6.79199504852, 8.87406539917, 9.84434986115, 0.828785121441, 2.48635530472, 3.33535480499, 2.89064073563, 2.36506962776, 0.404285430908, 0.26278552413, 1.45542752743, 0.161714166403, 0.282999783754, 6.56963825226, 0, 4.91206789017], "key_strength": 0.720846176147, "chords_key": "G", "chords_strength": {"dmean2": 0.0109509238973, "median": 0.533409655094, "min": -1, "dvar2": 0.000857763807289, "dvar": 0.000475592183648, "dmean": 0.0121889607981, "max": 0.817643642426, "var": 0.0336024314165, "mean": 0.525079488754}, "chords_scale": "major", "hpcp_entropy": {"dmean2": 0.980337500572, "median": 1.83821547031, "min": 0, "dvar2": 0.654813826084, "dvar": 0.240191653371, "dmean": 0.573154211044, "max": 4.511469841, "var": 0.43964278698, "mean": 1.79471027851}}, "metadata": {"audio_properties": {"equal_loudness": 0, "codec": "vorbis", "downmix": "mix", "sample_rate": 44100, "analysis_sample_rate": 44100, "bit_rate": 356000, "md5_encoded": "09c14910335b0ddcfd0ba1902a29173e", "length": 229.64680481, "replay_gain": -11.1917457581, "lossless": false}, "version": {"essentia_build_sha": "cead25079874084f62182a551b7393616cd33d87", "essentia": "2.1-beta2", "extractor": "music 1.0", "essentia_git_sha": "v2.1_beta2-1-ge3940c0"}, "tags": {"title": ["I've Got My Captain Working for Me Now"], "barcode": ["743625502329"], "media": ["CD"], "albumartist": ["Original Dixieland Jazz Band"], "tracktotal": ["18"], "musicbrainz_releasegroupid": ["f7bc68b8-b18b-4e12-9a9b-b67322a95bb5"], "releasetype": ["album", "compilation"], "musicbrainz_recordingid": ["0517ba76-99dc-44e6-b52e-d48e3ca5116e"], "musicbrainz_albumartistid": ["6e3d6e70-2f11-4732-a789-4a9d608ef24a"], "originalyear": ["1983"], "musicbrainz_releasetrackid": ["c6f6f97e-da1d-404e-b8e8-e63970623f71"], "discnumber": ["1"], "album": ["Sensation!"], "catalognumber": ["CD AJA 5023"], "releasecountry": ["GB"], "originaldate": ["1983"], "albumartistsort": ["Original Dixieland Jazz Band"], "date": ["1983"], "file_name": "15 Original Dixieland Jazz Band - I've Got My Captain Working for Me Now.ogg", "disctotal": ["1"], "acoustid_id": ["f496cc0a-9ee4-42a6-ae1d-d21811f9eef5"], "musicbrainz_artistid": ["6e3d6e70-2f11-4732-a789-4a9d608ef24a"], "asin": ["B000001HFD"], "musicbrainz_albumid": ["6405064f-df32-4a0a-bf5e-bd8348ff3d84"], "tracknumber": ["15"], "artistsort": ["Original Dixieland Jazz Band"], "artist": ["Original Dixieland Jazz Band"], "label": ["ASV", "Living Era"], "releasestatus": ["official"], "totaldiscs": ["1"], "script": ["Latn"], "totaltracks": ["18"]}}, "rhythm": {"bpm_histogram_first_peak_bpm": {"dmean2": 0, "median": 123, "min": 123, "dvar2": 0, "dvar": 0, "dmean": 0, "max": 123, "var": 0, "mean": 123}, "bpm": 123.78553772, "bpm_histogram_second_peak_spread": {"dmean2": 0, "median": 0, "min": 0, "dvar2": 0, "dvar": 0, "dmean": 0, "max": 0, "var": 0, "mean": 0}, "bpm_histogram_first_peak_weight": {"dmean2": 0, "median": 0.523305058479, "min": 0.523305058479, "dvar2": 0, "dvar": 0, "dmean": 0, "max": 0.523305058479, "var": 0, "mean": 0.523305058479}, "onset_rate": 3.47021818161, "beats_position": [0.452789098024, 0.917188167572, 1.38158726692, 1.8575963974, 2.34521532059, 2.83283448219, 3.32045340538, 3.79646253586, 4.27247142792, 4.74848079681, 5.22448968887, 5.71210861206, 6.19972801208, 6.68734693527, 7.16335582733, 7.63936471939, 8.11537361145, 8.60299301147, 9.0906124115, 9.56662082672, 10.0426301956, 10.5186395645, 11.0062580109, 11.4938774109, 11.9931058884, 12.4691152573, 12.9451246262, 13.4211339951, 13.8971424103, 14.3731517792, 14.8607711792, 15.3367795944, 15.8127889633, 16.2887973785, 16.7648067474, 17.2292060852, 17.7168254852, 18.1928348541, 18.6804523468, 19.1564617157, 19.6324710846, 20.1084804535, 20.5960998535, 21.0721092224, 21.548116684, 22.0241260529, 22.5001354218, 22.9877548218, 23.4753742218, 23.9629936218, 24.4390010834, 24.9150104523, 25.3910198212, 25.8670291901, 26.3546485901, 26.8422679901, 27.3298854828, 27.7942848206, 28.2586841583, 28.7230834961, 29.2107028961, 29.7099323273, 30.1975498199, 30.6735591888, 31.1495685577, 31.6487979889, 32.1364173889, 32.6240348816, 33.0884361267, 33.5760536194, 34.0520629883, 34.5280723572, 35.0040817261, 35.4916992188, 35.9677085876, 36.455329895, 36.9313354492, 37.4189567566, 37.9065742493, 38.3825836182, 38.8469848633, 39.3113822937, 39.7989997864, 40.2866210938, 40.7742385864, 41.2618598938, 41.7378692627, 42.2138786316, 42.7014961243, 43.1775054932, 43.6419029236, 44.1179122925, 44.5939216614, 45.0583229065, 45.5227203369, 45.9871177673, 46.4631271362, 46.9507484436, 47.4383659363, 47.9143753052, 48.3903846741, 48.8780021667, 49.3772315979, 49.8532409668, 50.3292503357, 50.8168716431, 51.2928771973, 51.7804985046, 52.2681159973, 52.7557373047, 53.2201347351, 53.6845359802, 54.1605415344, 54.6365509033, 55.1241722107, 55.6117897034, 56.0994110107, 56.5754165649, 57.0514259338, 57.5390472412, 58.0266647339, 58.5142860413, 58.9902954102, 59.4779129028, 59.9539222717, 60.4299316406, 60.9175491333, 61.4167785645, 61.8811798096, 62.34557724, 62.8215866089, 63.2975959778, 63.7852134705, 64.2728347778, 64.748840332, 65.2248535156, 65.7008590698, 66.1768722534, 66.6644897461, 67.1404953003, 67.6165084839, 68.1041259766, 68.5801315308, 69.0561447144, 69.5205459595, 70.0081634521, 70.4957809448, 70.9833984375, 71.4710159302, 71.9586410522, 72.4462585449, 72.91065979, 73.3982772827, 73.8858947754, 74.3619003296, 74.8379135132, 75.3255310059, 75.8015441895, 76.3007659912, 76.7883911133, 77.276008606, 77.7636260986, 78.2396392822, 78.7156448364, 79.1916503906, 79.6676635742, 80.1552810669, 80.6428985596, 81.1189117432, 81.5949172974, 82.08253479, 82.5701599121, 83.0461654663, 83.5221786499, 83.9981842041, 84.4858016968, 84.9618148804, 85.449432373, 85.9254379272, 86.4014511108, 86.877456665, 87.3650741577, 87.8526992798, 88.3403167725, 88.8163223267, 89.3039474487, 89.7799530029, 90.2675704956, 90.7667999268, 91.2544174194, 91.7420425415, 92.2296600342, 92.7172775269, 93.1932830811, 93.6925125122, 94.1685256958, 94.64453125, 95.1089324951, 95.5849380493, 96.0609512329, 96.5485687256, 97.0361862183, 97.5121994019, 97.9882049561, 98.4758224487, 98.9518356323, 99.439453125, 99.9386825562, 100.403083801, 100.879089355, 101.355102539, 101.842720032, 102.318725586, 102.806350708, 103.293968201, 103.769973755, 104.257591248, 104.74521637, 105.232833862, 105.720451355, 106.1848526, 106.672470093, 107.160087585, 107.647705078, 108.1353302, 108.622947693, 109.110565186, 109.598182678, 110.085800171, 110.573425293, 111.049430847, 111.525436401, 112.013061523, 112.500679016, 112.988296509, 113.48752594, 113.975143433, 114.474372864, 114.961990356, 115.449615479, 115.925621033, 116.401634216, 116.877639771, 117.353645325, 117.841270447, 118.328887939, 118.816505432, 119.304122925, 119.803352356, 120.27936554, 120.755371094, 121.231384277, 121.71900177, 122.206619263, 122.694236755, 123.170249939, 123.657867432, 124.157096863, 124.644714355, 125.132331848, 125.619949341, 126.107574463, 126.583580017, 127.059593201, 127.547210693, 128.034820557, 128.522445679, 128.998458862, 129.486068726, 129.985305786, 130.472915649, 130.960540771, 131.448165894, 131.935775757, 132.41178894, 132.887802124, 133.363800049, 133.863037109, 134.350662231, 134.849884033, 135.337509155, 135.836730957, 136.324356079, 136.811965942, 137.311203003, 137.810424805, 138.286437988, 138.762451172, 139.250061035, 139.726074219, 140.202087402, 140.689697266, 141.177322388, 141.66494751, 142.152557373, 142.640182495, 143.127792358, 143.61541748, 144.103042603, 144.590652466, 145.078277588, 145.565887451, 146.053512573, 146.541137695, 147.028747559, 147.516372681, 147.992385864, 148.468383789, 148.956008911, 149.443618774, 149.931243896, 150.418869019, 150.906478882, 151.394104004, 151.881713867, 152.369338989, 152.86857605, 153.344573975, 153.820587158, 154.296600342, 154.772598267, 155.260223389, 155.736236572, 156.223846436, 156.711471558, 157.187484741, 157.686706543, 158.162719727, 158.650344849, 159.14956665, 159.637191772, 160.124801636, 160.624038696, 161.123260498, 161.61088562, 162.075286865, 162.562896729, 163.050521851, 163.538131714, 164.025756836, 164.513381958, 164.989379883, 165.465393066, 165.953018188, 166.429016113, 166.928253174, 167.415863037, 167.903488159, 168.391113281, 168.878723145, 169.366348267, 169.85395813, 170.341583252, 170.829208374, 171.316818237, 171.804443359, 172.292053223, 172.779678345, 173.267303467, 173.766525269, 174.254150391, 174.741760254, 175.217773438, 175.717010498, 176.204620361, 176.692245483, 177.179855347, 177.667480469, 178.143493652, 178.631103516, 179.130340576, 179.617950439, 180.093963623, 180.581588745, 181.069198608, 181.533599854, 182.009613037, 182.485626221, 182.973236084, 183.460861206, 183.971694946, 184.470932007, 184.970153809, 185.457778931, 185.933776855, 186.421401978, 186.897415161, 187.385025024, 187.872650146, 188.360275269, 188.847885132, 189.335510254, 189.823120117, 190.310745239, 190.798370361, 191.274368286, 191.761993408, 192.26121521, 192.737228394, 193.213241577, 193.70085144, 194.188476562, 194.676101685, 195.163711548, 195.65133667, 196.138946533, 196.626571655, 197.114196777, 197.590194702, 198.089431763, 198.577041626, 199.064666748, 199.563903809, 200.06312561, 200.550750732, 201.026748657, 201.514373779, 201.990386963, 202.477996826, 202.965621948, 203.46484375, 203.940856934, 204.428482056, 204.927703857, 205.426940918, 205.92616272, 206.413787842, 206.889785767, 207.36579895, 207.853424072, 208.341033936, 208.840270996, 209.339492798, 209.82711792, 210.314727783, 210.802352905, 211.278366089, 211.765975952, 212.253601074, 212.741226196, 213.22883606, 213.716461182, 214.204071045, 214.680084229, 215.167709351, 215.655319214, 216.154556274, 216.642166138, 217.12979126, 217.617416382, 218.105026245, 218.592651367, 219.08026123, 219.567886353, 220.067123413, 220.543121338, 221.03074646, 221.518356323, 222.005981445, 222.493606567, 222.981216431, 223.49206543, 223.979675293, 224.467300415, 224.954910278, 225.454147339, 225.964981079, 226.475830078, 226.998275757, 227.520721436, 228.031555176, 228.554016113, 229.064849854], "beats_loudness": {"dmean2": 0.0305668450892, "median": 0.0281458944082, "min": 1.74425113242e-10, "dvar2": 0.000669667380862, "dvar": 0.000232904261793, "dmean": 0.017369678244, "max": 0.103466264904, "var": 0.00026946113212, "mean": 0.0309355854988}, "danceability": 1.24778783321, "bpm_histogram_second_peak_weight": {"dmean2": 0, "median": 0.0508474558592, "min": 0.0508474558592, "dvar2": 0, "dvar": 0, "dmean": 0, "max": 0.0508474558592, "var": 0, "mean": 0.0508474558592}, "beats_count": 473, "bpm_histogram_second_peak_bpm": {"dmean2": 0, "median": 129, "min": 129, "dvar2": 0, "dvar": 0, "dmean": 0, "max": 129, "var": 0, "mean": 129}, "bpm_histogram_first_peak_spread": {"dmean2": 0, "median": 0.437357664108, "min": 0.437357664108, "dvar2": 0, "dvar": 0, "dmean": 0, "max": 0.437357664108, "var": 0, "mean": 0.437357664108}, "beats_loudness_band_ratio": {"dmean2": [0.0216476228088, 0.231534525752, 0.237334027886, 0.244700193405, 0.344427794218, 0.00463850377128], "median": [0.00506162038073, 0.132478252053, 0.272034198046, 0.164519414306, 0.331237345934, 0.000919693149626], "min": [0.000261946668616, 0.00368114141747, 0.00404114788398, 0.00199410854839, 0.00160890130792, 0.000113926580525], "dvar2": [0.00666814483702, 0.0445271208882, 0.0319691635668, 0.0373976156116, 0.0716492682695, 0.00275421561673], "dvar": [0.00309354159981, 0.0167600791901, 0.0115391630679, 0.0138604594395, 0.0241849608719, 0.00140455702785], "dmean": [0.0124794505537, 0.133743226528, 0.140181675553, 0.14020934701, 0.198511764407, 0.00243421318009], "max": [0.978730082512, 0.817164182663, 0.752381980419, 0.69192647934, 0.858391344547, 0.84241437912], "var": [0.00296832271852, 0.0205317717046, 0.0195905156434, 0.018989244476, 0.0346893891692, 0.00711843650788], "mean": [0.012308021076, 0.166921600699, 0.284987360239, 0.200413554907, 0.346280932426, 0.0097225997597]}}, "lowlevel": {"barkbands_spread": {"dmean2": 3.44970488548, "median": 12.6623706818, "min": 1.77817344666, "dvar2": 13.3919029236, "dvar": 5.79069805145, "dmean": 2.18396449089, "max": 112.508979797, "var": 20.695728302, "mean": 12.9418258667}, "melbands_spread": {"dmean2": 7.2050485611, "median": 25.4881629944, "min": 2.37946200371, "dvar2": 46.4334259033, "dvar": 20.0885257721, "dmean": 4.63361644745, "max": 175.274230957, "var": 216.494491577, "mean": 26.2492027283}, "hfc": {"dmean2": 9.59353637695, "median": 24.6119155884, "min": 1.18933643129e-16, "dvar2": 126.468292236, "dvar": 74.5179443359, "dmean": 6.9354133606, "max": 156.577575684, "var": 393.66595459, "mean": 28.3291130066}, "barkbands_kurtosis": {"dmean2": 1.20071661472, "median": -0.998610138893, "min": -1.89437735081, "dvar2": 4.97890043259, "dvar": 2.24323320389, "dmean": 0.743785560131, "max": 97.530090332, "var": 12.757142067, "mean": -0.311460107565}, "gfcc": {"mean": [-108.006240845, 147.963577271, -197.784988403, -47.7892150879, -33.7251548767, -31.9293079376, -59.3720321655, -14.4032077789, -6.33601808548, -14.9781637192, -22.3983592987, -7.06303405762, -2.58632898331], "icov": [[0.00123017665464, -0.0029793723952, 0.00424608914182, -0.00341505464166, 0.00443388801068, -0.00256180670112, 0.00225719017908, -0.00109987799078, 0.00175494304858, -0.0014872958418, 0.00174581981264, 0.000564465939533, 0.000452932261396], [-0.0029793723952, 0.0129512948915, -0.0103507637978, 0.0142437182367, -0.0195505321026, 0.0139553342015, -0.00680999597535, 0.00971040595323, -0.0106431413442, 0.0135982232168, -0.0101290727034, 0.00418101111427, -0.00194448314141], [0.00424608914182, -0.0103507637978, 0.0213129650801, -0.0195437781513, 0.0151230571792, -0.00360488705337, 0.00033946154872, -0.00410573882982, 0.0112116569653, -0.00813731271774, 0.00194217462558, 0.0066849575378, -0.00134507473558], [-0.00341505464166, 0.0142437182367, -0.0195437781513, 0.0351502746344, -0.0230066720396, 0.00233361241408, 0.00872360076755, 0.00430563557893, -0.0104883695021, 0.0105897672474, 0.00220985268243, -0.00853861216456, 0.0057181455195], [0.00443388801068, -0.0195505321026, 0.0151230571792, -0.0230066720396, 0.0538124553859, -0.0262455306947, 0.0147612979636, -0.0220912471414, 0.0284138265997, -0.020231006667, 0.0114685585722, -0.00323670124635, 0.004601968918], [-0.00256180670112, 0.0139553342015, -0.00360488705337, 0.00233361241408, -0.0262455306947, 0.0482857264578, -0.0450019165874, 0.0333726257086, -0.0215085670352, 0.0154911251739, -0.00587647454813, -0.00137210846879, 0.00147915084381], [0.00225719017908, -0.00680999597535, 0.00033946154872, 0.00872360076755, 0.0147612979636, -0.0450019165874, 0.0763149857521, -0.0490129701793, 0.0273550823331, -0.0154591072351, 0.0105797760189, 0.000469255784992, -0.00197159824893], [-0.00109987799078, 0.00971040595323, -0.00410573882982, 0.00430563557893, -0.0220912471414, 0.0333726257086, -0.0490129701793, 0.0579661913216, -0.0397489592433, 0.031136425212, -0.0201129559427, 0.00954739749432, -0.000111677014502], [0.00175494304858, -0.0106431413442, 0.0112116569653, -0.0104883695021, 0.0284138265997, -0.0215085670352, 0.0273550823331, -0.0397489592433, 0.0624626614153, -0.0481786951423, 0.0347089916468, -0.0156881716102, 0.00731234904379], [-0.0014872958418, 0.0135982232168, -0.00813731271774, 0.0105897672474, -0.020231006667, 0.0154911251739, -0.0154591072351, 0.031136425212, -0.0481786951423, 0.0641233772039, -0.0470167323947, 0.0270968098193, -0.00705969706178], [0.00174581981264, -0.0101290727034, 0.00194217462558, 0.00220985268243, 0.0114685585722, -0.00587647454813, 0.0105797760189, -0.0201129559427, 0.0347089916468, -0.0470167323947, 0.0673255771399, -0.0466157793999, 0.0211127344519], [0.000564465939533, 0.00418101111427, 0.0066849575378, -0.00853861216456, -0.00323670124635, -0.00137210846879, 0.000469255784992, 0.00954739749432, -0.0156881716102, 0.0270968098193, -0.0466157793999, 0.0596000142395, -0.0265827495605], [0.000452932261396, -0.00194448314141, -0.00134507473558, 0.0057181455195, 0.004601968918, 0.00147915084381, -0.00197159824893, -0.000111677014502, 0.00731234904379, -0.00705969706178, 0.0211127344519, -0.0265827495605, 0.0304074194282]], "cov": [[11634.6064453, 1813.5682373, -1999.46960449, -543.018493652, -273.498809814, -298.234039307, -581.449462891, -410.922912598, 223.654022217, -276.303588867, -379.152252197, -166.420593262, -27.1366195679], [1813.5682373, 1253.68408203, -116.28163147, -317.174072266, 68.4659881592, -313.79989624, -119.195167542, -48.2796516418, -132.080444336, -127.45198822, 52.3882713318, -60.2840156555, 17.7501945496], [-1999.46960449, -116.28163147, 498.378814697, 111.890922546, 68.8633117676, -6.67680692673, 79.8162002563, 58.7724113464, -86.2391204834, 25.002456665, 74.2468490601, 3.16901993752, -3.59219646454], [-543.018493652, -317.174072266, 111.890922546, 174.861923218, 13.7141122818, 83.6417541504, 12.3259706497, -1.9938031435, 17.2540569305, 17.347951889, -20.8500843048, 15.1649713516, -17.8670959473], [-273.498809814, 68.4659881592, 68.8633117676, 13.7141122818, 67.2754516602, 4.96490526199, 18.6235980988, 11.7304611206, -39.4860191345, -12.7937479019, 18.482006073, 1.18434858322, -5.52521657944], [-298.234039307, -313.79989624, -6.67680692673, 83.6417541504, 4.96490526199, 150.031311035, 57.2558898926, 3.18721723557, 30.1098880768, 16.4080848694, -29.6980934143, 15.0654649734, -5.6147313118], [-581.449462891, -119.195167542, 79.8162002563, 12.3259706497, 18.6235980988, 57.2558898926, 86.112991333, 54.8423042297, -7.7291226387, 4.98281526566, 7.15288066864, 1.7338155508, 1.99749791622], [-410.922912598, -48.2796516418, 58.7724113464, -1.9938031435, 11.7304611206, 3.18721723557, 54.8423042297, 82.3093566895, 13.0276432037, 3.09252524376, 9.22184848785, -6.00407075882, -6.13063049316], [223.654022217, -132.080444336, -86.2391204834, 17.2540569305, -39.4860191345, 30.1098880768, -7.7291226387, 13.0276432037, 94.6581115723, 43.1552581787, -28.9358825684, -7.92661571503, -14.3616533279], [-276.303588867, -127.45198822, 25.002456665, 17.347951889, -12.7937479019, 16.4080848694, 4.98281526566, 3.09252524376, 43.1552581787, 80.846862793, 31.292924881, 2.31659245491, -16.0284328461], [-379.152252197, 52.3882713318, 74.2468490601, -20.8500843048, 18.482006073, -29.6980934143, 7.15288066864, 9.22184848785, -28.9358825684, 31.292924881, 87.0866622925, 32.5827827454, -2.41037130356], [-166.420593262, -60.2840156555, 3.16901993752, 15.1649713516, 1.18434858322, 15.0654649734, 1.7338155508, -6.00407075882, -7.92661571503, 2.31659245491, 32.5827827454, 60.5081062317, 27.8087844849], [-27.1366195679, 17.7501945496, -3.59219646454, -17.8670959473, -5.52521657944, -5.6147313118, 1.99749791622, -6.13063049316, -14.3616533279, -16.0284328461, -2.41037130356, 27.8087844849, 64.5602798462]]}, "spectral_energyband_middle_low": {"dmean2": 0.00447997683659, "median": 0.00930200889707, "min": 2.97467330455e-22, "dvar2": 2.20659367187e-05, "dvar": 9.70166365732e-06, "dmean": 0.00296667101793, "max": 0.0589849054813, "var": 3.07478112518e-05, "mean": 0.0100429244339}, "melbands_crest": {"dmean2": 4.24123048782, "median": 10.7441711426, "min": 1.65220689774, "dvar2": 14.3496046066, "dvar": 5.7897605896, "dmean": 2.64408993721, "max": 38.1329917908, "var": 17.2113170624, "mean": 11.3784046173}, "spectral_kurtosis": {"dmean2": 21.7240848541, "median": 24.8858528137, "min": -1.23417556286, "dvar2": 273.926452637, "dvar": 91.8353118896, "dmean": 12.2755060196, "max": 78.8753890991, "var": 142.821563721, "mean": 26.2241516113}, "spectral_rms": {"dmean2": 0.00072005065158, "median": 0.00457765627652, "min": 3.21480754344e-12, "dvar2": 4.6421848765e-07, "dvar": 2.69964061772e-07, "dmean": 0.000518352084327, "max": 0.0101633816957, "var": 1.99946680368e-06, "mean": 0.00455540930852}, "zerocrossingrate": {"dmean2": 0.00582022359595, "median": 0.06201171875, "min": 0, "dvar2": 3.41973682225e-05, "dvar": 3.16655823553e-05, "dmean": 0.00478299381211, "max": 0.5146484375, "var": 0.00233205058612, "mean": 0.0646469667554}, "silence_rate_60dB": {"dmean2": 0.012942366302, "median": 0, "min": 0, "dvar2": 0.0156063195318, "dvar": 0.00642875768244, "dmean": 0.0064705288969, "max": 1, "var": 0.0247306935489, "mean": 0.0253740400076}, "erbbands_kurtosis": {"dmean2": 1.57993626595, "median": -0.276393532753, "min": -1.80158722401, "dvar2": 3.44172096252, "dvar": 1.53491568565, "dmean": 1.00847637653, "max": 20.412115097, "var": 3.68571829796, "mean": 0.295601308346}, "erbbands": {"dmean2": [0.000132538945763, 0.00102690421045, 0.0133481137455, 0.173939853907, 0.909271419048, 6.79377508163, 13.351644516, 8.43736171722, 8.66250133514, 14.7073192596, 31.1970424652, 40.7640342712, 52.2304039001, 23.7998790741, 11.1201438904, 18.9552650452, 29.8965530396, 101.092590332, 128.053604126, 114.442520142, 76.3513336182, 22.2829666138, 8.51674747467, 1.92358660698, 0.387095272541, 0.120174966753, 0.0645817741752, 0.0543073154986, 0.0526791103184, 0.028284098953, 0.0107753183693, 0.00418546050787, 0.00235455809161, 0.00122184690554, 0.000533222337253, 0.000245881004957, 0.000103400765511, 3.424793249e-05, 1.04398241092e-05, 9.07762205316e-06], "median": [9.18687292142e-05, 0.000664877239615, 0.00802008621395, 0.0864078104496, 0.434382021427, 3.67083311081, 9.12412452698, 6.41242599487, 6.08450365067, 11.172203064, 22.2413139343, 30.4756546021, 32.1174736023, 15.5497522354, 10.4869976044, 13.8293056488, 24.1927967072, 69.0154876709, 69.2349700928, 104.137672424, 65.9672088623, 26.4517173767, 8.30270385742, 2.11907148361, 0.414569735527, 0.129776209593, 0.0697637051344, 0.0447826609015, 0.0327334851027, 0.0176056325436, 0.00708713615313, 0.00316883157939, 0.00187677529175, 0.001104742405, 0.000604028813541, 0.000298769038636, 0.000123565027025, 4.0508719394e-05, 2.05874093808e-05, 2.70161617664e-05], "min": [4.45362688976e-23, 5.64446108313e-22, 1.84474750596e-20, 5.53828504001e-20, 7.92062142659e-20, 7.43752985429e-20, 2.69052514201e-19, 3.66715480228e-19, 7.22642457317e-19, 5.04298777153e-19, 1.25159747228e-18, 7.99328200557e-19, 1.50427323207e-18, 1.79334824753e-18, 1.34262849189e-18, 3.00267989243e-18, 7.09962254155e-18, 6.63016817902e-18, 4.32522485264e-18, 7.44581582588e-18, 7.26604631771e-18, 5.3211230132e-18, 1.2160454977e-17, 7.34081765482e-18, 1.03994602448e-17, 1.40416440154e-17, 1.26826458259e-17, 1.17868993852e-17, 1.69600116627e-17, 1.45060000502e-17, 1.5763514759e-17, 1.45443497977e-17, 1.19371914851e-17, 9.58374435554e-18, 8.8330671963e-18, 5.34620726527e-18, 2.69447198261e-18, 1.13994339242e-18, 3.58228710541e-19, 3.8909881312e-20], "dvar2": [2.24185150444e-08, 1.62034723417e-06, 0.000324733264279, 0.0778862386942, 6.36457633972, 235.152374268, 376.62020874, 157.380111694, 193.371856689, 558.691711426, 2445.78295898, 4056.00976562, 7402.86572266, 2090.39868164, 264.446594238, 773.379394531, 3179.96337891, 45143.1210938, 79133.265625, 33081.3203125, 16169.1650391, 1246.86901855, 225.188522339, 6.29336595535, 0.265767008066, 0.0250282529742, 0.00708173820749, 0.00991819612682, 0.0087546845898, 0.00201299390756, 0.00028969484265, 3.90174536733e-05, 1.26658787849e-05, 4.05998980568e-06, 1.1097447441e-06, 3.78770010911e-07, 1.27365851199e-07, 2.04612362609e-08, 1.53707524486e-09, 1.0980077958e-10], "dvar": [7.94865684384e-09, 5.99931922807e-07, 0.000166325087775, 0.0359917320311, 2.35290956497, 86.2868118286, 158.68019104, 74.6830749512, 76.8482894897, 251.339782715, 1162.26098633, 1885.96459961, 3246.0534668, 956.395385742, 108.383773804, 313.006988525, 1431.8951416, 27123.5800781, 49842.3984375, 15314.3017578, 7615.20800781, 621.240661621, 120.218238831, 3.17758917809, 0.12401035428, 0.0115521932021, 0.00337709928863, 0.0048192110844, 0.00397082930431, 0.000911864219233, 0.000133924200782, 1.834377872e-05, 5.7606844166e-06, 1.72660031694e-06, 4.29960834936e-07, 1.38670870342e-07, 4.50609292102e-08, 7.13917325257e-09, 5.44623179888e-10, 6.15129683301e-11], "dmean": [7.73210995249e-05, 0.00059939728817, 0.00897367019206, 0.117080189288, 0.542148113251, 4.08379411697, 8.39613246918, 5.56881141663, 5.5435628891, 9.69550704956, 21.0831813812, 27.3232460022, 34.3729286194, 15.8392038345, 7.31970119476, 12.0322227478, 19.9395294189, 69.5672912598, 91.127243042, 76.3262786865, 51.0567245483, 15.3904438019, 5.92781734467, 1.28399407864, 0.256440073252, 0.0782827809453, 0.0423223748803, 0.0365877151489, 0.0348792783916, 0.018765822053, 0.00715126749128, 0.00277491193265, 0.00154984858818, 0.00079652358545, 0.000350003043422, 0.000164292097907, 6.94949048921e-05, 2.29483757721e-05, 7.29029534341e-06, 6.56260863252e-06], "max": [0.00140462093987, 0.0227226000279, 0.402516365051, 4.71388483047, 42.3834266663, 254.295684814, 301.234741211, 214.642776489, 175.612472534, 310.863647461, 653.357849121, 738.515563965, 944.801452637, 708.044494629, 205.500793457, 353.443450928, 1276.47229004, 4219.36767578, 5052.02587891, 1833.1229248, 1657.24853516, 602.625488281, 341.898284912, 40.3901100159, 5.7354259491, 2.0921587944, 1.54413676262, 2.20910096169, 1.47952473164, 0.637389481068, 0.25318184495, 0.110231243074, 0.0465136170387, 0.0368648432195, 0.0327295735478, 0.022145844996, 0.013725085184, 0.00559334084392, 0.00152509997133, 0.000170059749507], "var": [9.44556433069e-09, 8.42747624574e-07, 0.000515922554769, 0.0976071283221, 2.01802682877, 92.5149459839, 417.170501709, 186.348907471, 184.675384521, 819.04473877, 3344.02490234, 6830.42041016, 11150.0322266, 3119.80908203, 314.951721191, 662.301208496, 2865.00585938, 93171.8359375, 190932.46875, 48121.546875, 24018.2539062, 1757.58557129, 314.644134521, 9.80938720703, 0.333565086126, 0.0319244042039, 0.0101730870083, 0.0115138879046, 0.00860711187124, 0.00227882759646, 0.000330446840962, 4.74330154248e-05, 1.40626398206e-05, 3.67464986084e-06, 7.61924468407e-07, 1.99068153961e-07, 4.81092037319e-08, 6.57166232543e-09, 6.03884553474e-10, 3.11300235589e-10], "mean": [0.00011809127318, 0.000901693187188, 0.015939284116, 0.196253299713, 0.745765507221, 6.30125904083, 15.7525253296, 10.9815092087, 10.639289856, 21.5629062653, 46.2435722351, 64.1959381104, 77.2493133545, 34.1831741333, 15.8375024796, 22.6513690948, 40.4475326538, 146.190948486, 217.184875488, 181.458709717, 123.611503601, 38.5876731873, 13.2601127625, 3.06871914864, 0.594011902809, 0.181233584881, 0.0979097411036, 0.0747445374727, 0.0633368119597, 0.0347399041057, 0.013555649668, 0.00563267525285, 0.00313497614115, 0.00168111384846, 0.000838598760311, 0.000417462637415, 0.000180551520316, 6.05985223956e-05, 2.59287044173e-05, 2.98032682622e-05]}, "spectral_strongpeak": {"dmean2": 2.66707897186, "median": 2.5844078064, "min": 0, "dvar2": 7.99449253082, "dvar": 3.54132628441, "dmean": 1.62311387062, "max": 19.1454792023, "var": 9.82754325867, "mean": 3.6360874176}, "spectral_energy": {"dmean2": 0.00700631225482, "median": 0.0214788131416, "min": 1.05933628317e-20, "dvar2": 5.54624130018e-05, "dvar": 3.233013922e-05, "dmean": 0.00504952995107, "max": 0.105876676738, "var": 0.000174848610186, "mean": 0.023320036009}, "average_loudness": 0.956364512444, "spectral_rolloff": {"dmean2": 278.460388184, "median": 1937.98828125, "min": 21.533203125, "dvar2": 209109.984375, "dvar": 104226.375, "dmean": 160.715560913, "max": 18992.2851562, "var": 3097193, "mean": 2010.12817383}, "spectral_centroid": {"dmean2": 221.639480591, "median": 1376.56860352, "min": 322.999725342, "dvar2": 47749.0664062, "dvar": 29689.0761719, "dmean": 147.645767212, "max": 11558.4912109, "var": 194039.203125, "mean": 1342.62207031}, "pitch_salience": {"dmean2": 0.0939015075564, "median": 0.527151584625, "min": 0.0547552891076, "dvar2": 0.00651334132999, "dvar": 0.00269470759667, "dmean": 0.058843087405, "max": 0.945067107677, "var": 0.00987235177308, "mean": 0.536603987217}, "spectral_energyband_middle_high": {"dmean2": 0.00526442285627, "median": 0.011151606217, "min": 1.58825311615e-21, "dvar2": 3.91067842429e-05, "dvar": 2.24726882152e-05, "dmean": 0.00373934628442, "max": 0.0890280902386, "var": 0.000112335765152, "mean": 0.013434458524}, "spectral_contrast_coeffs": {"dmean2": [0.0860982090235, 0.0708421468735, 0.0629996955395, 0.0620597489178, 0.0350882522762, 0.0229230634868], "median": [-0.48040419817, -0.699042141438, -0.687010645866, -0.666478157043, -0.686820149422, -0.779620528221], "min": [-0.97093218565, -0.970096111298, -0.969669759274, -0.958916723728, -0.959417581558, -0.962816655636], "dvar2": [0.00473066372797, 0.00318792904727, 0.00253947358578, 0.00267537869513, 0.000789087789599, 0.000439815368736], "dvar": [0.00171384692658, 0.00119830586482, 0.00098812719807, 0.00111018307507, 0.000327548768837, 0.000193886327907], "dmean": [0.0518326945603, 0.0435807742178, 0.0388182476163, 0.0388995707035, 0.0218301229179, 0.0144270528108], "max": [-0.249338626862, -0.453975588083, -0.473187893629, -0.474646478891, -0.582179903984, -0.71352481842], "var": [0.00714027415961, 0.00450498517603, 0.00570723693818, 0.00576809747145, 0.00205594697036, 0.00100145651959], "mean": [-0.489032834768, -0.700549662113, -0.686600923538, -0.678688645363, -0.692273557186, -0.78772687912]}, "melbands_skewness": {"dmean2": 0.579297542572, "median": 0.491150140762, "min": -1.9495729208, "dvar2": 0.284347862005, "dvar": 0.124834157526, "dmean": 0.379811733961, "max": 10.4682426453, "var": 0.630715847015, "mean": 0.573644816875}, "spectral_spread": {"dmean2": 263260.40625, "median": 1353223.5, "min": 825644.6875, "dvar2": 205173932032, "dvar": 217361973248, "dmean": 157088.921875, "max": 42526728, "var": 1265391370240.0, "mean": 1488650}, "dissonance": {"dmean2": 0.0415432825685, "median": 0.455334037542, "min": 0.289826542139, "dvar2": 0.00137211778201, "dvar": 0.000499969348311, "dmean": 0.0247399620712, "max": 0.499999403954, "var": 0.00094069406623, "mean": 0.450351834297}, "spectral_skewness": {"dmean2": 1.45351576805, "median": 2.74883031845, "min": -0.0354364104569, "dvar2": 1.2580974102, "dvar": 0.417375952005, "dmean": 0.821239948273, "max": 6.3275847435, "var": 0.648615300655, "mean": 2.86092090607}, "spectral_flux": {"dmean2": 0.0436728708446, "median": 0.0673437193036, "min": 1.05062632205e-10, "dvar2": 0.00181987544056, "dvar": 0.000706767081283, "dmean": 0.0262258145958, "max": 0.342573344707, "var": 0.00135495560244, "mean": 0.0742601305246}, "spectral_contrast_valleys": {"dmean2": [0.754094779491, 0.514116823673, 0.479859024286, 0.538997352123, 0.374771714211, 0.371465325356], "median": [-9.88952827454, -6.64519691467, -7.37085771561, -7.37280607224, -8.83495998383, -12.5534467697], "min": [-27.6438026428, -27.3526000977, -27.4369106293, -27.5775108337, -27.3288955688, -27.3653755188], "dvar2": [0.337804704905, 0.169991672039, 0.148634448647, 0.208955869079, 0.109178431332, 0.127409800887], "dvar": [0.132311299443, 0.085371568799, 0.0777694731951, 0.104571394622, 0.0686079859734, 0.0812641382217], "dmean": [0.443408936262, 0.318809658289, 0.301685422659, 0.338454961777, 0.249945640564, 0.259771853685], "max": [-8.22472858429, -5.1331243515, -5.9739279747, -5.71798849106, -7.26395559311, -10.5805158615], "var": [1.0814807415, 1.61488842964, 1.43473291397, 1.44164061546, 0.928952693939, 0.682371854782], "mean": [-10.0166387558, -6.80299329758, -7.50887298584, -7.48895788193, -8.96033096313, -12.6836071014]}, "erbbands_flatness_db": {"dmean2": 0.0156590882689, "median": 0.346300780773, "min": 0.0225378796458, "dvar2": 0.000183318901691, "dvar": 9.01488165255e-05, "dmean": 0.0106352884322, "max": 0.431142538786, "var": 0.00149916997179, "mean": 0.343263357878}, "spectral_energyband_high": {"dmean2": 3.72414774574e-06, "median": 4.03616741096e-06, "min": 7.55471162028e-21, "dvar2": 2.93710090971e-11, "dvar": 1.5482313348e-11, "dmean": 2.58867248704e-06, "max": 9.52065747697e-05, "var": 5.10336772841e-11, "mean": 6.22079414825e-06}, "spectral_entropy": {"dmean2": 0.203433722258, "median": 6.61290931702, "min": 5.59459209442, "dvar2": 0.0337684266269, "dvar": 0.015324213542, "dmean": 0.132455602288, "max": 9.81791687012, "var": 0.124932549894, "mean": 6.62453985214}, "silence_rate_20dB": {"dmean2": 0, "median": 1, "min": 1, "dvar2": 0, "dvar": 0, "dmean": 0, "max": 1, "var": 0, "mean": 1}, "melbands_flatness_db": {"dmean2": 0.0260825864971, "median": 0.289987564087, "min": 0.00419728411362, "dvar2": 0.00063601823058, "dvar": 0.000320294551784, "dmean": 0.0178764183074, "max": 0.497664153576, "var": 0.00245464430191, "mean": 0.29254040122}, "barkbands": {"dmean2": [1.4774882402e-05, 3.98762449549e-06, 1.82908424904e-05, 8.56211336213e-05, 0.00151001673657, 0.0013890323462, 0.000621693150606, 0.00134183932096, 0.00219478784129, 0.00121869822033, 0.000344005151419, 0.000429932231782, 0.000916404358577, 0.00206224434078, 0.00291091506369, 0.00164070748724, 0.000510669138748, 0.000124282363686, 1.2813320609e-05, 2.68668054559e-06, 1.38044845244e-06, 1.32830996336e-06, 4.6869647008e-07, 1.54092688831e-07, 8.49746513154e-08, 5.25921350913e-08, 4.40153797854e-08], "median": [1.13619626063e-05, 2.09996528611e-06, 8.58686871652e-06, 3.51225899067e-05, 0.000970527355094, 0.00102172628976, 0.000469263934065, 0.000774423358962, 0.00138602778316, 0.000554911268409, 0.000159553295816, 0.000262238259893, 0.000508572265971, 0.000889347167686, 0.00188272539526, 0.000859949970618, 0.000366486317944, 9.53936614678e-05, 1.13967962534e-05, 2.52861718764e-06, 1.35512982524e-06, 8.19860360934e-07, 2.92191259632e-07, 1.24134714952e-07, 8.9129969183e-08, 6.44961346552e-08, 5.22230578781e-08], "min": [1.65380024639e-24, 9.90265574579e-25, 2.74758580903e-23, 2.04649577694e-23, 2.52894070292e-23, 4.16602429648e-23, 4.61906932316e-23, 4.11843231807e-23, 3.71924913628e-23, 6.89238564509e-23, 3.16713422396e-23, 5.64390092878e-23, 1.9034630517e-22, 1.01934132305e-22, 7.34729585449e-23, 1.69627586625e-22, 8.66864291945e-23, 2.36849516693e-22, 1.61995048133e-22, 3.14499531597e-22, 2.63074711549e-22, 4.65268394851e-22, 5.1819725079e-22, 8.10881610291e-22, 1.11111490165e-21, 1.5641689529e-21, 2.59201427224e-21], "dvar2": [2.42695474828e-10, 2.30720876432e-11, 6.45080266981e-10, 1.98484819691e-08, 8.59723149915e-06, 4.25136431659e-06, 8.65458389399e-07, 4.46455078418e-06, 1.00572069641e-05, 4.36682694271e-06, 4.56391376247e-07, 4.13039714431e-07, 4.64703225589e-06, 2.10509388126e-05, 2.4060060241e-05, 7.13447388989e-06, 5.74059981773e-07, 4.88357052575e-08, 3.08552849937e-10, 1.33513035697e-11, 4.25680237587e-12, 4.81889831858e-12, 5.4851582260