{"tonal": {"thpcp": [1, 0.540605068207, 0.23897126317, 0.233218774199, 0.171132743359, 0.225190609694, 0.297262877226, 0.22078089416, 0.168485656381, 0.162258327007, 0.136340364814, 0.209773764014, 0.259290009737, 0.248077273369, 0.527393579483, 0.641024768353, 0.306495636702, 0.123365610838, 0.129083558917, 0.163118973374, 0.421451807022, 0.55254817009, 0.30245885253, 0.162926197052, 0.168263182044, 0.177182272077, 0.392461538315, 0.47585439682, 0.27189835906, 0.261797279119, 0.322577148676, 0.23261937499, 0.199040129781, 0.236222431064, 0.285415142775, 0.731456637383], "hpcp": {"dmean2": [0.273864895105, 0.220889121294, 0.152460664511, 0.131968870759, 0.114574767649, 0.132098034024, 0.139226555824, 0.117778167129, 0.094823859632, 0.0853474885225, 0.0835284143686, 0.110021390021, 0.132822334766, 0.15616415441, 0.221069306135, 0.238076284528, 0.162176653743, 0.08462985605, 0.0801938399673, 0.108695529401, 0.17462143302, 0.201065719128, 0.158790275455, 0.110809907317, 0.0962252393365, 0.111154451966, 0.185020670295, 0.200608804822, 0.156726852059, 0.153005793691, 0.158188894391, 0.136478856206, 0.131047040224, 0.151256591082, 0.186386451125, 0.25345864892], "median": [0.306818008423, 0.152605086565, 0.0200832597911, 0.0100895632058, 0.0133539699018, 0.0240140296519, 0.0275612585247, 0.0240288041532, 0.0125461947173, 0.00793390721083, 0.0118162790313, 0.0231621079147, 0.0251818504184, 0.0370868109167, 0.0995077118278, 0.118183091283, 0.0547659918666, 0.00901767518371, 0.0046684583649, 0.0167104005814, 0.0571209862828, 0.0742371976376, 0.0458525121212, 0.0113557800651, 0.00726377684623, 0.0197885297239, 0.0535540021956, 0.0613836571574, 0.0435197167099, 0.0227749496698, 0.0186269581318, 0.0172170735896, 0.0139929372817, 0.0151801072061, 0.0398790091276, 0.214861989021], "min": [0, 0, 0, 0, 0, 0, 0, 0, 0, 0, 0, 0, 0, 0, 0, 0, 0, 0, 0, 0, 0, 0, 0, 0, 0, 0, 0, 0, 0, 0, 0, 0, 0, 0, 0, 0], "dvar2": [0.105260074139, 0.0698009058833, 0.0671820193529, 0.0639087110758, 0.0500853285193, 0.0517561361194, 0.0581037178636, 0.044456128031, 0.0362849161029, 0.0406188629568, 0.0300878006965, 0.0416392087936, 0.060091085732, 0.0639992728829, 0.0805645212531, 0.0906140208244, 0.0543217100203, 0.0326066836715, 0.0373414158821, 0.0413784496486, 0.063181579113, 0.0819298699498, 0.0555365160108, 0.0485080704093, 0.0441524833441, 0.0406486280262, 0.0700914189219, 0.0827506408095, 0.0579576529562, 0.0685093700886, 0.072184227407, 0.0607268363237, 0.0632587000728, 0.0748002156615, 0.0793894007802, 0.0858954712749], "dvar": [0.0464264638722, 0.0267034452409, 0.0243459250778, 0.0250119119883, 0.0182687267661, 0.0201079975814, 0.0233720410615, 0.0175890307873, 0.0145297190174, 0.0155244683847, 0.0114015676081, 0.0171277634799, 0.0245185345411, 0.0242087636143, 0.0334503464401, 0.0397562347353, 0.0209574233741, 0.0125549063087, 0.0146636143327, 0.0156935229897, 0.0267447195947, 0.0360317490995, 0.0215907562524, 0.0187577325851, 0.0179099459201, 0.015539618209, 0.0292845182121, 0.0360508821905, 0.0223614927381, 0.0262767169625, 0.029906494543, 0.0235808547586, 0.024020653218, 0.0304239410907, 0.0301315095276, 0.0338978618383], "dmean": [0.164770439267, 0.133997455239, 0.0881556347013, 0.0765562579036, 0.0663201212883, 0.0773563608527, 0.0831640064716, 0.0715263411403, 0.0561846829951, 0.0501047074795, 0.0491219758987, 0.0664251893759, 0.0790295824409, 0.0911812707782, 0.134331777692, 0.144134789705, 0.09725689888, 0.0484224520624, 0.0464663878083, 0.0629603937268, 0.107046961784, 0.121960274875, 0.0944199562073, 0.0648394748569, 0.0570510700345, 0.0653199702501, 0.111166037619, 0.122702665627, 0.0928674936295, 0.0889941602945, 0.0944602862, 0.0803606882691, 0.0763887986541, 0.0883321389556, 0.107996612787, 0.154350608587], "max": [1, 1, 1, 1, 1, 1, 1, 1, 1, 1, 1, 1, 1, 1, 1, 1, 1, 1, 1, 1, 1, 1, 1, 1, 1, 1, 1, 1, 1, 1, 1, 1, 1, 1, 1, 1], "var": [0.156020358205, 0.0576369613409, 0.037655916065, 0.0495038218796, 0.0233100708574, 0.0316866450012, 0.0566042996943, 0.0312966629863, 0.0270090196282, 0.0335565395653, 0.0179674755782, 0.0331892408431, 0.0486308261752, 0.030912745744, 0.079806111753, 0.11152292043, 0.0336991362274, 0.0180493015796, 0.0260186959058, 0.0208931844682, 0.0690672695637, 0.10631275177, 0.036406788975, 0.0245741587132, 0.0342926047742, 0.0215690284967, 0.0629749521613, 0.0880563259125, 0.0322437360883, 0.0432567708194, 0.065946213901, 0.0373350977898, 0.0329043380916, 0.0462698638439, 0.0408712625504, 0.0953258275986], "mean": [0.433889240026, 0.234562724829, 0.10368706286, 0.10119111836, 0.0742526575923, 0.097707785666, 0.128979161382, 0.095794454217, 0.0731041133404, 0.0704021453857, 0.0591566190124, 0.0910185799003, 0.112503141165, 0.107638061047, 0.228830397129, 0.278133749962, 0.132985159755, 0.0535270124674, 0.0560079663992, 0.0707755684853, 0.182863399386, 0.239744707942, 0.131233647466, 0.0706919208169, 0.0730075836182, 0.0768774822354, 0.170284837484, 0.206468105316, 0.117973774672, 0.113591022789, 0.139962747693, 0.100931040943, 0.0863613709807, 0.102494373918, 0.123838558793, 0.317371159792]}, "tuning_equal_tempered_deviation": 0.0380395576358, "chords_changes_rate": 0.035444047302, "key_key": "D", "tuning_diatonic_strength": 0.652918934822, "key_scale": "major", "chords_number_rate": 0.0029868579004, "tuning_frequency": 449.245300293, "tuning_nontempered_energy_ratio": 0.703208804131, "chords_histogram": [48.1282348633, 0.856232583523, 12.8036642075, 0.557546794415, 4.89844703674, 0.597371578217, 0.497809648514, 0.179211467505, 3.38510560989, 0.716845870018, 0.179211467505, 0, 1.29430508614, 0.477897256613, 2.74790930748, 3.9227399826, 1.39386701584, 5.17722034454, 1.01553165913, 4.08203887939, 2.01115083694, 1.41377937794, 1.09518122673, 2.56869769096], "key_strength": 0.848099887371, "chords_key": "D", "chords_strength": {"dmean2": 0.00834064651281, "median": 0.571743011475, "min": -1, "dvar2": 0.000793419138063, "dvar": 0.000445855694124, "dmean": 0.00888796430081, "max": 0.793868780136, "var": 0.0399783439934, "mean": 0.545004189014}, "chords_scale": "major", "hpcp_entropy": {"dmean2": 0.978243052959, "median": 1.78192043304, "min": 0, "dvar2": 0.689317405224, "dvar": 0.250930577517, "dmean": 0.579716205597, "max": 3.83787345886, "var": 0.563999354839, "mean": 1.7192517519}}, "metadata": {"audio_properties": {"equal_loudness": 0, "codec": "flac", "downmix": "mix", "sample_rate": 44100, "analysis_sample_rate": 44100, "bit_rate": 0, "md5_encoded": "a8d07af0e16119d30664e20bfca1307e", "length": 233.133331299, "replay_gain": -2.21339035034, "lossless": true}, "version": {"essentia_build_sha": "5c9e65ec81695c916afb4cba055c226bfc528ee6", "essentia": "2.1-beta1", "extractor": "music 1.0", "essentia_git_sha": "v2.1_beta1-28-g21ef5f4"}, "tags": {"title": ["Overture"], "barcode": ["4001550701214"], "media": ["CD"], "albumartist": ["John Williams"], "tracktotal": ["11"], "albumartistsort": ["Williams, John"], "releasetype": ["album", "soundtrack"], "musicbrainz_recordingid": ["051f3fdc-ab45-48c1-97fe-f816b90acb67"], "musicbrainz_releasegroupid": ["80667fcd-e1e5-31e3-a89e-0df2e309da82"], "musicbrainz_albumartistid": ["53b106e7-0cc6-42cc-ac95-ed8d30a3a98e"], "musicbrainz_releasetrackid": ["f1a11bfc-dfcc-3adb-8a5b-2c8945227e8b"], "discnumber": ["1"], "totaldiscs": ["1"], "catalognumber": ["TSU 0121"], "releasecountry": ["DE"], "originaldate": ["1967"], "artists": ["John Williams"], "date": ["1995"], "file_name": "04 Overture.flac", "disctotal": ["1"], "releasestatus": ["official"], "musicbrainz_artistid": ["53b106e7-0cc6-42cc-ac95-ed8d30a3a98e"], "asin": ["B000027VRT"], "musicbrainz_albumid": ["e8e1e4d3-9f7a-4d3e-ad79-c48faed86430"], "tracknumber": ["4"], "artistsort": ["Williams, John"], "album": ["Fitzwilly"], "label": ["Tsunami"], "conductor": ["John Williams"], "acoustid_id": ["5ef53061-aaad-49e9-8a05-20f8253b208e"], "script": ["Latn"], "totaltracks": ["11"]}}, "rhythm": {"bpm_histogram_first_peak_bpm": {"dmean2": 0, "median": 140, "min": 140, "dvar2": 0, "dvar": 0, "dmean": 0, "max": 140, "var": 0, "mean": 140}, "bpm": 139.640365601, "bpm_histogram_second_peak_spread": {"dmean2": 0, "median": 0.240963876247, "min": 0.240963876247, "dvar2": 0, "dvar": 0, "dmean": 0, "max": 0.240963876247, "var": 0, "mean": 0.240963876247}, "bpm_histogram_first_peak_weight": {"dmean2": 0, "median": 0.288425058126, "min": 0.288425058126, "dvar2": 0, "dvar": 0, "dmean": 0, "max": 0.288425058126, "var": 0, "mean": 0.288425058126}, "onset_rate": 2.61203479767, "beats_position": [0.406349211931, 0.812698423862, 1.21904754639, 1.62539684772, 2.03174591064, 2.43809509277, 2.85605430603, 3.26240348816, 3.66875267029, 4.08671188354, 4.5046710968, 4.92263031006, 5.34058952332, 5.75854873657, 6.17650794983, 6.59446716309, 7.00081634521, 7.40716552734, 7.80190467834, 8.2198638916, 8.63782310486, 9.06739234924, 9.4853515625, 9.90331077576, 10.3096599579, 10.7276191711, 11.1455783844, 11.5635375977, 11.9814968109, 12.3994560242, 12.8174142838, 13.235373497, 13.6533327103, 14.0712919235, 14.4892511368, 14.90721035, 15.3251695633, 15.7431287766, 16.1610889435, 16.5790481567, 16.99700737, 17.4149665833, 17.8329238892, 18.2508831024, 18.6688423157, 19.0868015289, 19.5047607422, 19.9227199554, 20.3290691376, 20.7354183197, 21.153377533, 21.5713367462, 21.9776859283, 22.4072551727, 22.825214386, 23.2547836304, 23.6843528748, 24.1139221191, 24.5434913635, 24.9730606079, 25.4026298523, 25.8321990967, 26.2617683411, 26.6913375854, 27.1209068298, 27.5388660431, 27.9568252563, 28.3747844696, 28.804353714, 29.2339229584, 29.6518821716, 30.0698413849, 30.4878005981, 30.9057598114, 31.3353290558, 31.7648983002, 32.1944656372, 32.6240348816, 33.053604126, 33.4831733704, 33.9127426147, 34.3423118591, 34.7718811035, 35.2014503479, 35.6310195923, 36.0489807129, 36.4669380188, 36.8848991394, 37.3028564453, 37.7092056274, 38.1271629333, 38.545124054, 38.9863014221, 39.427482605, 39.8686599731, 40.309841156, 40.7510185242, 41.192199707, 41.6217689514, 42.0513381958, 42.4809074402, 42.8988647461, 43.3284339905, 43.7463951111, 44.164352417, 44.5939216614, 45.011882782, 45.4414520264, 45.8710212708, 46.3005905151, 46.7301597595, 47.1597251892, 47.5892944336, 48.018863678, 48.4484329224, 48.8780021667, 49.3191833496, 49.7603607178, 50.2015419006, 50.631111145, 51.0606803894, 51.4902496338, 51.931427002, 52.3609962463, 52.7905654907, 53.2201347351, 53.6497039795, 54.0792732239, 54.5088424683, 54.9268035889, 55.3447608948, 55.7743301392, 56.2038993835, 56.6334686279, 57.0630378723, 57.4926071167, 57.9221763611, 58.3517456055, 58.7813148499, 59.2108840942, 59.6404533386, 60.070022583, 60.4879798889, 60.9059410095, 61.3355102539, 61.7650794983, 62.1946487427, 62.6242179871, 63.042175293, 63.4717445374, 63.889705658, 64.3308868408, 64.772064209, 65.2132415771, 65.6428070068, 66.0839920044, 66.5251693726, 66.9663467407, 67.3959197998, 67.837097168, 68.2782745361, 68.7078475952, 69.1490249634, 69.5902023315, 70.0313796997, 70.4609527588, 70.8905181885, 71.3200912476, 71.7496566772, 72.1676177979, 72.5855789185, 73.0035324097, 73.4214935303, 73.8394546509, 74.2574157715, 74.6869812012, 75.1049423218, 75.5229034424, 75.9524688721, 76.3704299927, 76.7883911133, 77.2063446045, 77.6243057251, 78.0538787842, 78.4834442139, 78.9130172729, 79.3425827026, 79.7837600708, 80.2249450684, 80.6661224365, 81.1189117432, 81.5600891113, 82.0012664795, 82.4540557861, 82.8952331543, 83.3364181519, 83.77759552, 84.2187728882, 84.6599502563, 85.112739563, 85.5655288696, 86.0067138672, 86.4478912354, 86.8890686035, 87.3186416626, 87.7598190308, 88.2126083374, 88.665397644, 89.1181869507, 89.5593643188, 90.000541687, 90.4417190552, 90.8829040527, 91.3240814209, 91.7652587891, 92.2064361572, 92.6360092163, 93.065574646, 93.4951477051, 93.9247131348, 94.3542861938, 94.7838516235, 95.2250289917, 95.6662139893, 96.1073913574, 96.5369567871, 96.9781417847, 97.4077072144, 97.8488845825, 98.2900695801, 98.7312469482, 99.1724243164, 99.6136016846, 100.054779053, 100.49596405, 100.937141418, 101.378318787, 101.819496155, 102.260681152, 102.701858521, 103.143035889, 103.584213257, 104.025398254, 104.466575623, 104.907752991, 105.348930359, 105.790107727, 106.231292725, 106.660858154, 107.090431213, 107.531608582, 107.961174011, 108.402359009, 108.831924438, 109.273101807, 109.714286804, 110.143852234, 110.573425293, 111.002990723, 111.432563782, 111.862129211, 112.291702271, 112.7212677, 113.15083313, 113.580406189, 114.009971619, 114.427932739, 114.84589386, 115.27545929, 115.705032349, 116.134597778, 116.564170837, 116.982131958, 117.400085449, 117.81804657, 118.23600769, 118.653968811, 119.083534241, 119.5131073, 119.931060791, 120.349021912, 120.79019928, 121.231384277, 121.672561646, 122.102127075, 122.531700134, 122.961265564, 123.402442932, 123.832015991, 124.261581421, 124.69115448, 125.109115601, 125.527069092, 125.956642151, 126.374603271, 126.804168701, 127.23374176, 127.66330719, 128.081268311, 128.499221802, 128.917190552, 129.346755981, 129.776321411, 130.194290161, 130.612243652, 131.041809082, 131.471374512, 131.889343262, 132.307296753, 132.736862183, 133.166442871, 133.596008301, 134.02557373, 134.45513916, 134.884719849, 135.325897217, 135.755462646, 136.173416138, 136.602996826, 137.020950317, 137.438903809, 137.856872559, 138.27482605, 138.692779541, 139.099136353, 139.517089844, 139.946670532, 140.376235962, 140.794189453, 141.235366821, 141.688156128, 142.140945435, 142.582122803, 143.02331543, 143.476104736, 143.905670166, 144.335235596, 144.764801025, 145.205978394, 145.635559082, 146.07673645, 146.529525757, 146.982315063, 147.423492432, 147.8646698, 148.305847168, 148.747024536, 149.188201904, 149.629379272, 150.070556641, 150.511749268, 150.964538574, 151.405715942, 151.858505249, 152.311294556, 152.764083862, 153.20526123, 153.658050537, 154.099227905, 154.540405273, 154.99319458, 155.445983887, 155.898773193, 156.339950562, 156.78112793, 157.233917236, 157.686706543, 158.13949585, 158.592285156, 159.033462524, 159.486251831, 159.939041138, 160.496322632, 161.041992188, 161.576049805, 162.144943237, 162.72543335, 163.305938721, 163.886444092, 164.455322266, 165.024215698, 165.593109131, 166.161987305, 166.730880737, 167.29977417, 167.880264282, 168.391113281, 168.91355896, 169.4243927, 169.946838379, 170.457687378, 170.980133057, 171.502578735, 172.013427734, 172.535873413, 173.046707153, 173.569152832, 174.09161377, 174.614059448, 175.136505127, 175.658950806, 176.181396484, 176.703857422, 177.237915039, 177.760360718, 178.282806396, 178.712371826, 179.141952515, 179.571517944, 180.001083374, 180.430648804, 180.860229492, 181.289794922, 181.719360352, 182.16053772, 182.590103149, 183.019683838, 183.449249268, 183.890426636, 184.319992065, 184.737960815, 185.167526245, 185.597091675, 186.015060425, 186.433013916, 186.839355469, 187.257324219, 187.67527771, 188.081634521, 188.499588013, 188.917541504, 189.335510254, 189.753463745, 190.171432495, 190.624221802, 191.07699585, 191.529785156, 191.982574463, 192.43536377, 192.888153076, 193.340942383, 193.78213501, 194.223312378, 194.676101685, 195.117279053, 195.570068359, 196.022857666, 196.464035034, 196.905212402, 197.346389771, 197.787567139, 198.228744507, 198.681533813, 199.13432312, 199.575500488, 200.016693115, 200.469467163, 200.91065979, 201.351837158, 201.793014526, 202.245803833, 202.69859314, 203.151382446, 203.604171753, 204.05696106, 204.521362305, 204.985748291, 205.450149536, 205.902938843, 206.355728149, 206.808517456, 207.261306763, 207.714096069, 208.155273438, 208.596466064, 209.037643433, 209.478820801, 209.931610107, 210.372787476, 210.813964844, 211.255142212, 211.69631958, 212.137496948, 212.590286255, 213.043075562, 213.507476807, 213.971878052, 214.436279297, 214.889068604, 215.34185791, 215.817871094, 216.293869019, 216.758270264, 217.222671509, 217.687072754, 218.151473999, 218.615875244, 219.08026123, 219.544662476, 219.985839844, 220.43862915, 220.891418457, 221.344207764, 221.79699707, 222.249786377, 222.702575684, 223.15536499, 223.608154297, 224.072555542, 224.51373291, 224.954910278, 225.384490967, 225.814056396, 226.255233765, 226.684799194, 227.114364624, 227.532333374, 227.950286865, 228.368255615, 228.786209106, 229.227386475, 229.69178772, 230.156188965, 230.62059021, 231.084991455, 231.549377441, 232.002166748, 232.466567993], "beats_loudness": {"dmean2": 0.0287581738085, "median": 0.0167967509478, "min": 0, "dvar2": 0.00149454118218, "dvar": 0.00048342286027, "dmean": 0.0156561452895, "max": 0.216609165072, "var": 0.00068556930637, "mean": 0.0242836233228}, "danceability": 0.959922671318, "bpm_histogram_second_peak_weight": {"dmean2": 0, "median": 0.11954459548, "min": 0.11954459548, "dvar2": 0, "dvar": 0, "dmean": 0, "max": 0.11954459548, "var": 0, "mean": 0.11954459548}, "beats_count": 528, "bpm_histogram_second_peak_bpm": {"dmean2": 0, "median": 133, "min": 133, "dvar2": 0, "dvar": 0, "dmean": 0, "max": 133, "var": 0, "mean": 133}, "bpm_histogram_first_peak_spread": {"dmean2": 0, "median": 0.610256433487, "min": 0.610256433487, "dvar2": 0, "dvar": 0, "dmean": 0, "max": 0.610256433487, "var": 0, "mean": 0.610256433487}, "beats_loudness_band_ratio": {"dmean2": [0.280323207378, 0.340573698282, 0.302210748196, 0.1470028162, 0.11167512089, 0.025045402348], "median": [0.1309877038, 0.306991398335, 0.232659995556, 0.0802245885134, 0.024448890239, 0.00669798161834], "min": [0, 0, 0, 0, 0, 0], "dvar2": [0.0708239674568, 0.0726206302643, 0.067538805306, 0.0306450594217, 0.0312236770988, 0.00312834605575], "dvar": [0.0246417950839, 0.0244919043034, 0.0231736060232, 0.0116152558476, 0.0107053592801, 0.000994972069748], "dmean": [0.159148082137, 0.196035444736, 0.173003554344, 0.0859784185886, 0.062960781157, 0.0136438412592], "max": [0.829020500183, 0.943640351295, 0.965219318867, 0.774342834949, 0.727453529835, 0.312514483929], "var": [0.0395813919604, 0.0460750795901, 0.0381022617221, 0.0146440435201, 0.0176615733653, 0.000879506813362], "mean": [0.200605407357, 0.335311800241, 0.2809856534, 0.123373277485, 0.0877202600241, 0.0160491447896]}}, "lowlevel": {"barkbands_spread": {"dmean2": 3.19044280052, "median": 8.01072692871, "min": 0.207102313638, "dvar2": 11.1131944656, "dvar": 4.9157948494, "dmean": 2.11601758003, "max": 71.6621246338, "var": 50.7583961487, "mean": 10.2818336487}, "melbands_spread": {"dmean2": 5.39978933334, "median": 10.558588028, "min": 0.373859882355, "dvar2": 45.5739936829, "dvar": 20.079990387, "dmean": 3.54708147049, "max": 166.567489624, "var": 374.511108398, "mean": 16.5514125824}, "hfc": {"dmean2": 3.35929560661, "median": 5.662545681, "min": 1.06590096687e-16, "dvar2": 28.3373603821, "dvar": 14.6971883774, "dmean": 2.50875425339, "max": 109.460456848, "var": 147.813262939, "mean": 10.0239372253}, "barkbands_kurtosis": {"dmean2": 4.01325941086, "median": 3.50209403038, "min": -1.77626335621, "dvar2": 50.1300811768, "dvar": 21.1009864807, "dmean": 2.56987118721, "max": 315.311187744, "var": 63.6086387634, "mean": 5.19315958023}, "gfcc": {"mean": [-124.514205933, 156.795547485, -148.827255249, 8.32011795044, -57.9321784973, -26.7199115753, -23.7595691681, -16.4969444275, -16.7982654572, -7.1794052124, -11.2762050629, -9.26906776428, -7.26622486115], "icov": [[0.00143441359978, -0.00429156702012, 0.003881752491, -0.00325878453441, 0.00316737615503, -0.00209705461748, 0.00224666041322, -0.00110751367174, 0.000796448090114, -0.000298050610581, -0.000560664455406, 0.00111920095515, -0.000763948075473], [-0.00429156702012, 0.0141505682841, -0.0116645572707, 0.0100856088102, -0.00965789891779, 0.00779811944813, -0.0071788104251, 0.00412313314155, -0.00166612199973, 0.00146357656922, 0.00173158629332, -0.00248917075805, 0.00281081930734], [0.003881752491, -0.0116645572707, 0.0115586789325, -0.00842977873981, 0.00767412781715, -0.00573593424633, 0.00528722908348, -0.0030354980845, 0.00291892839596, -0.000755889865104, -0.00213056663051, 0.00327347056009, -0.00221953447908], [-0.00325878453441, 0.0100856088102, -0.00842977873981, 0.0118078282103, -0.00760505767539, 0.00304121081717, -0.00546525232494, 0.00363833433948, -0.00318310502917, 0.00248922314495, 0.000995670910925, -0.00125801656395, 0.00269057392143], [0.00316737615503, -0.00965789891779, 0.00767412781715, -0.00760505767539, 0.0114907035604, -0.00611558603123, 0.00623333500698, -0.00403343234211, 0.00203890772536, -0.00250349170528, 0.00148176949006, 0.00105592794716, -0.000967945437878], [-0.00209705461748, 0.00779811944813, -0.00573593424633, 0.00304121081717, -0.00611558603123, 0.0125317303464, -0.00538246706128, 0.00144883303437, -0.000860397878569, 0.00275225262158, -0.000687257794198, 0.000634213385638, 0.000763341435231], [0.00224666041322, -0.0071788104251, 0.00528722908348, -0.00546525232494, 0.00623333500698, -0.00538246706128, 0.0138815306127, -0.00538564380258, 0.00167225743644, -0.00111249601468, -0.00031286245212, -0.000597890524659, 0.000501228962094], [-0.00110751367174, 0.00412313314155, -0.0030354980845, 0.00363833433948, -0.00403343234211, 0.00144883303437, -0.00538564380258, 0.0162500794977, -0.00639441795647, -0.000540428212844, 0.00289961392991, -0.00232753390446, 0.00171691947617], [0.000796448090114, -0.00166612199973, 0.00291892839596, -0.00318310502917, 0.00203890772536, -0.000860397878569, 0.00167225743644, -0.00639441795647, 0.0163322556764, -0.00603478075936, -0.00106483069248, 0.00197900435887, -0.00102399010211], [-0.000298050610581, 0.00146357656922, -0.000755889865104, 0.00248922314495, -0.00250349170528, 0.00275225262158, -0.00111249601468, -0.000540428212844, -0.00603478075936, 0.0157243087888, -0.00567718734965, -0.000160120311193, 0.00117251707707], [-0.000560664455406, 0.00173158629332, -0.00213056663051, 0.000995670910925, 0.00148176949006, -0.000687257794198, -0.00031286245212, 0.00289961392991, -0.00106483069248, -0.00567718734965, 0.0203830935061, -0.00910078454763, 0.00354520510882], [0.00111920095515, -0.00248917075805, 0.00327347056009, -0.00125801656395, 0.00105592794716, 0.000634213385638, -0.000597890524659, -0.00232753390446, 0.00197900435887, -0.000160120311193, -0.00910078454763, 0.0208852384239, -0.00875946879387], [-0.000763948075473, 0.00281081930734, -0.00221953447908, 0.00269057392143, -0.000967945437878, 0.000763341435231, 0.000501228962094, 0.00171691947617, -0.00102399010211, 0.00117251707707, 0.00354520510882, -0.00875946879387, 0.0181851964444]], "cov": [[26281.6679688, 2998.30566406, -4258.03222656, 751.394104004, -1534.21142578, -383.490753174, -490.58380127, -556.507263184, -201.010284424, -460.576477051, -152.046966553, -440.531829834, -153.911361694], [2998.30566406, 1307.08837891, 131.111694336, -163.678161621, -57.6847000122, -225.792922974, -24.8109264374, -125.471817017, -145.807296753, -77.2948150635, -42.9360618591, -63.4656028748, -42.3446388245], [-4258.03222656, 131.111694336, 1362.15490723, -133.971115112, 267.926300049, 21.2972621918, 96.8398590088, 30.2572040558, -75.4727935791, 16.0187644958, 11.408703804, 26.4350204468, -9.36103424465e-06], [751.394104004, -163.678161621, -133.971115112, 338.635345459, 11.8355674744, 106.210548401, 4.19691467285, -5.07525062561, 25.1076374054, -42.5548934937, -18.2293281555, -44.5331192017, -26.7933940887], [-1534.21142578, -57.6847000122, 267.926300049, 11.8355674744, 339.115386963, 56.5498657227, 11.9103794098, 52.3315391541, 11.0415868759, 28.9391403198, -27.5238800049, 5.43188667297, -7.43994474411], [-383.490753174, -225.792922974, 21.2972621918, 106.210548401, 56.5498657227, 183.73286438, 30.439491272, 24.3183860779, 16.2507858276, -17.3073158264, -4.56908178329, -14.4147357941, -6.18404912949], [-490.58380127, -24.8109264374, 96.8398590088, 4.19691467285, 11.9103794098, 30.439491272, 124.94216156, 37.0961036682, 8.67265605927, 9.81428337097, 5.69938516617, 12.8825235367, -8.21575546265], [-556.507263184, -125.471817017, 30.2572040558, -5.07525062561, 52.3315391541, 24.3183860779, 37.0961036682, 109.393203735, 52.4872817993, 34.1079711914, -0.378861129284, 14.2009620667, -1.45632791519], [-201.010284424, -145.807296753, -75.4727935791, 25.1076374054, 11.0415868759, 16.2507858276, 8.67265605927, 52.4872817993, 112.841850281, 51.8944129944, 13.8601045609, 7.42599391937, -0.239746138453], [-460.576477051, -77.2948150635, 16.0187644958, -42.5548934937, 28.9391403198, -17.3073158264, 9.81428337097, 34.1079711914, 51.8944129944, 111.926834106, 35.2443809509, 25.0615749359, 0.532321631908], [-152.046966553, -42.9360618591, 11.408703804, -18.2293281555, -27.5238800049, -4.56908178329, 5.69938516617, -0.378861129284, 13.8601045609, 35.2443809509, 78.8674545288, 36.6924209595, 3.75094270706], [-440.531829834, -63.4656028748, 26.4350204468, -44.5331192017, 5.43188667297, -14.4147357941, 12.8825235367, 14.2009620667, 7.42599391937, 25.0615749359, 36.6924209595, 89.376373291, 35.0168647766], [-153.911361694, -42.3446388245, -9.36103424465e-06, -26.7933940887, -7.43994474411, -6.18404912949, -8.21575546265, -1.45632791519, -0.239746138453, 0.532321631908, 3.75094270706, 35.0168647766, 75.3487319946]]}, "spectral_energyband_middle_low": {"dmean2": 0.0057955570519, "median": 0.00714847631752, "min": 1.56817141856e-22, "dvar2": 0.000130148342578, "dvar": 5.55936385354e-05, "dmean": 0.00395992677659, "max": 0.229556635022, "var": 0.000241047469899, "mean": 0.0122642470524}, "melbands_crest": {"dmean2": 4.86123895645, "median": 12.3955192566, "min": 1.52946949005, "dvar2": 18.9923992157, "dvar": 7.38221025467, "dmean": 3.04107952118, "max": 32.1205177307, "var": 24.7503929138, "mean": 13.120092392}, "spectral_kurtosis": {"dmean2": 9.48167991638, "median": 8.664478302, "min": -1.26442337036, "dvar2": 90.5126800537, "dvar": 30.2763442993, "dmean": 5.40304422379, "max": 81.6000061035, "var": 86.2166671753, "mean": 11.4296140671}, "spectral_rms": {"dmean2": 0.000692824891303, "median": 0.00318299978971, "min": 3.13256733921e-12, "dvar2": 6.78244020946e-07, "dvar": 3.28604699007e-07, "dmean": 0.000511003774591, "max": 0.0161712151021, "var": 4.14851683672e-06, "mean": 0.00352362706326}, "zerocrossingrate": {"dmean2": 0.00557832140476, "median": 0.0322265625, "min": 0.00634765625, "dvar2": 9.02218744159e-05, "dvar": 4.42147102149e-05, "dmean": 0.00438665319234, "max": 0.52587890625, "var": 0.00426112720743, "mean": 0.0456627570093}, "silence_rate_60dB": {"dmean2": 0.0908366516232, "median": 0, "min": 0, "dvar2": 0.0953257679939, "dvar": 0.0433573871851, "dmean": 0.0454138033092, "max": 1, "var": 0.143841028214, "mean": 0.174168497324}, "erbbands_kurtosis": {"dmean2": 1.98019170761, "median": 0.859073400497, "min": -1.6756516695, "dvar2": 8.14716243744, "dvar": 3.52300834656, "dmean": 1.27991771698, "max": 64.8977050781, "var": 11.8041448593, "mean": 1.73977005482}, "erbbands": {"dmean2": [0.00212241406552, 0.0832200199366, 1.02096116543, 3.12803792953, 7.64319610596, 10.9463672638, 12.0550432205, 17.9678955078, 25.8837985992, 21.4247875214, 23.1974029541, 17.3579330444, 17.9227924347, 32.1509475708, 11.5999326706, 16.5175971985, 15.3361196518, 15.8917207718, 22.8916606903, 11.6582984924, 8.43098640442, 7.36915159225, 4.84539651871, 4.43102693558, 4.4850525856, 2.276907444, 1.46252882481, 0.654832482338, 0.38635340333, 0.201458692551, 0.0807713866234, 0.0313282124698, 0.0112605011091, 0.00257810973562, 0.000553620862775, 0.000142268661875, 3.90938294004e-05, 1.0299607311e-05, 3.90270406569e-06, 7.58332771511e-06], "median": [0.00085462682182, 0.0165796875954, 0.17266574502, 0.6842045784, 1.75041794777, 3.45396208763, 6.37432575226, 10.1064395905, 13.2383403778, 9.87812232971, 10.8938999176, 7.36609840393, 6.60575962067, 9.60419082642, 4.17249250412, 4.23332452774, 3.8835234642, 3.06076860428, 3.28039312363, 2.68289709091, 1.98536753654, 1.64521765709, 1.22088515759, 1.01060950756, 1.0851200819, 0.731085598469, 0.456083595753, 0.186445176601, 0.0897950828075, 0.0410468019545, 0.0121824974194, 0.00372409773991, 0.00133465905674, 0.000513801816851, 0.000237051441218, 0.000118243784527, 5.50654585822e-05, 2.31548838201e-05, 1.03363927337e-05, 1.25370597743e-05], "min": [7.50500240231e-23, 2.77019576165e-22, 1.51406373937e-21, 7.49670719541e-21, 1.45090274408e-20, 2.52819272394e-20, 3.07282055615e-20, 3.52576365695e-20, 9.57970856718e-20, 1.59523396718e-19, 2.78827979584e-19, 3.1459999971e-19, 4.87035724564e-19, 5.87243796089e-19, 9.07990988521e-19, 7.929819675e-19, 1.41546143464e-18, 2.10698039422e-18, 2.1731517413e-18, 3.91878469558e-18, 3.13210822249e-18, 3.81411656959e-18, 5.33632411131e-18, 3.96187997832e-18, 6.10623115184e-18, 6.37907088663e-18, 5.63928686888e-18, 9.14782513581e-18, 8.82548856753e-18, 1.08207731093e-17, 1.05150860324e-17, 1.10451450233e-17, 8.88236467927e-18, 7.96505860307e-18, 5.63278192054e-18, 3.9751367884e-18, 2.21809618629e-18, 8.95719143748e-19, 2.38027192472e-19, 2.64129804048e-20], "dvar2": [1.68613842106e-05, 0.0525362156332, 10.9319581985, 117.713645935, 783.263366699, 897.009155273, 534.929199219, 1230.21264648, 2953.64404297, 3096.94946289, 2481.31445312, 1756.43725586, 1675.42553711, 9685.25292969, 808.334655762, 2233.75610352, 2444.41259766, 3917.41821289, 6869.09228516, 1464.34118652, 661.961975098, 535.144348145, 179.769668579, 172.401275635, 169.161956787, 33.4581222534, 18.8592567444, 3.18835473061, 1.32407665253, 0.449461519718, 0.082729332149, 0.0155371055007, 0.00195926032029, 8.74418547028e-05, 3.8538823901e-06, 1.81531078169e-07, 1.04190069905e-08, 4.47810954984e-10, 3.97660515628e-11, 2.01187774773e-10], "dvar": [8.05311447039e-06, 0.0289959944785, 5.10283041, 48.7158088684, 307.868713379, 351.785369873, 213.937850952, 571.700561523, 1285.43518066, 1317.78344727, 1188.13757324, 755.50177002, 701.899780273, 4267.75830078, 344.372528076, 921.852478027, 989.594543457, 1481.70129395, 2923.1652832, 669.160949707, 276.012451172, 238.388885498, 73.1286849976, 71.28855896, 72.3380737305, 13.5865221024, 7.40617084503, 1.36394011974, 0.561514854431, 0.189116373658, 0.0353311747313, 0.00714850472286, 0.00088636711007, 4.0959661419e-05, 1.79276355539e-06, 8.73558079206e-08, 5.21244869489e-09, 2.02858424503e-10, 2.00317366861e-11, 9.28624607766e-11], "dmean": [0.0013676835224, 0.0577437914908, 0.705125510693, 2.01258111, 4.71280622482, 6.83996152878, 7.91662216187, 11.9395132065, 17.4007549286, 14.1399650574, 15.3074054718, 11.2639045715, 11.5794353485, 20.6181259155, 7.38341712952, 10.2927742004, 9.75188732147, 9.92008590698, 15.1571016312, 7.75627756119, 5.36510324478, 4.81020927429, 3.12617111206, 2.81706571579, 2.92476987839, 1.47078001499, 0.944246828556, 0.436370104551, 0.251455366611, 0.131433755159, 0.0528280325234, 0.0212760325521, 0.0077326153405, 0.00177625450306, 0.000381037127227, 9.53483831836e-05, 2.60824872385e-05, 6.49859066471e-06, 2.77265917248e-06, 5.44402428204e-06], "max": [0.082206428051, 4.81951904297, 48.5834503174, 194.659133911, 511.180114746, 584.9375, 294.480895996, 685.401245117, 897.93182373, 1063.31091309, 1048.00109863, 863.608825684, 840.252868652, 2811.00488281, 563.223205566, 802.517150879, 1323.3013916, 1229.32263184, 1611.8104248, 720.158569336, 712.387756348, 468.692108154, 224.002365112, 291.606170654, 262.684753418, 101.277816772, 96.8309783936, 41.0833511353, 29.9867553711, 11.3584022522, 7.14180517197, 3.7234787941, 0.798792600632, 0.18833746016, 0.0510954298079, 0.0127933714539, 0.00407892465591, 0.00103227875661, 0.000198422087124, 0.000305617344566], "var": [1.96746914298e-05, 0.0684880763292, 9.00113487244, 85.5960998535, 481.104858398, 716.82220459, 655.508056641, 1953.10717773, 5072.75585938, 3045.35473633, 3220.70532227, 1937.43212891, 1618.86401367, 8770.77441406, 734.07043457, 1922.57104492, 1772.03430176, 2358.55151367, 6871.56005859, 1501.29492188, 593.74420166, 490.025756836, 216.600601196, 164.745376587, 183.290359497, 39.61485672, 22.2410945892, 5.41832304001, 2.01316022873, 0.545374453068, 0.108182623982, 0.0201348662376, 0.00256442232057, 0.000139598589158, 6.66713140163e-06, 3.42250785934e-07, 2.11446611331e-08, 7.70718433518e-10, 1.57265728218e-10, 5.504365852e-10], "mean": [0.00229628500529, 0.0921532735229, 1.0850250721, 3.29418516159, 7.34368848801, 11.8613519669, 15.8813734055, 24.5054340363, 36.5338096619, 27.5867824554, 28.2482948303, 21.7915706635, 21.4452114105, 33.8071250916, 13.1777019501, 16.8734779358, 16.4510231018, 16.6400718689, 26.4252891541, 13.4346046448, 9.91113853455, 8.75602340698, 6.34537315369, 5.4525680542, 5.63572740555, 3.09782242775, 2.05494499207, 1.04760754108, 0.582161784172, 0.28669154644, 0.118002727628, 0.0462787561119, 0.0164514444768, 0.00407572183758, 0.000955500639975, 0.000279151194263, 9.30571404751e-05, 2.99402108794e-05, 1.42593335113e-05, 2.00992544706e-05]}, "spectral_strongpeak": {"dmean2": 0.801410853863, "median": 0.677983701229, "min": 0, "dvar2": 1.47042417526, "dvar": 0.590493500233, "dmean": 0.491185247898, "max": 10.6587486267, "var": 1.22417199612, "mean": 1.03567588329}, "spectral_energy": {"dmean2": 0.00675340555608, "median": 0.0103847738355, "min": 1.00583021833e-20, "dvar2": 0.00016713840887, "dvar": 7.61756236898e-05, "dmean": 0.00482162414119, "max": 0.268045902252, "var": 0.000418689509388, "mean": 0.016978578642}, "average_loudness": 0.155242815614, "spectral_rolloff": {"dmean2": 312.91027832, "median": 796.728515625, "min": 150.732421875, "dvar2": 279615.78125, "dvar": 127433.15625, "dmean": 185.045455933, "max": 19681.3476562, "var": 6078283, "mean": 1322.89160156}, "spectral_centroid": {"dmean2": 189.78805542, "median": 691.252441406, "min": 230.209213257, "dvar2": 71753.1328125, "dvar": 35679.5390625, "dmean": 127.471725464, "max": 11908.8193359, "var": 2091258, "mean": 1040.16760254}, "pitch_salience": {"dmean2": 0.105247624218, "median": 0.574234008789, "min": 0.0385211892426, "dvar2": 0.00812540296465, "dvar": 0.0031513152644, "dmean": 0.0653008371592, "max": 0.917256295681, "var": 0.0117846885696, "mean": 0.569728672504}, "spectral_energyband_middle_high": {"dmean2": 0.00170916109346, "median": 0.00124517374206, "min": 1.14214205061e-21, "dvar2": 1.21082757687e-05, "dvar": 5.48601110495e-06, "dmean": 0.00117624725681, "max": 0.0784702077508, "var": 2.68905332632e-05, "mean": 0.00330288917758}, "spectral_contrast_coeffs": {"dmean2": [0.0835968405008, 0.0718017593026, 0.059316534549, 0.0474644079804, 0.0317174419761, 0.0223833844066], "median": [-0.580525398254, -0.704719185829, -0.741403102875, -0.762100458145, -0.779163360596, -0.716061413288], "min": [-0.982444822788, -0.981790602207, -0.976693928242, -0.972738265991, -0.969620943069, -0.964406073093], "dvar2": [0.00444636121392, 0.00344215519726, 0.00221682712436, 0.00146995915566, 0.000680090859532, 0.00033131922828], "dvar": [0.00159832544159, 0.00126949418336, 0.000864988949616, 0.000585023488384, 0.000272081320873, 0.000153125045472], "dmean": [0.0503214709461, 0.0441314354539, 0.0365536026657, 0.0293052662164, 0.0197515208274, 0.0143333431333], "max": [-0.224056601524, -0.325632840395, -0.506080687046, -0.531675040722, -0.572006464005, -0.610134720802], "var": [0.0119362026453, 0.00664169108495, 0.00455319322646, 0.00478439033031, 0.00345144467428, 0.00320733920671], "mean": [-0.585157752037, -0.701714932919, -0.74044919014, -0.757141590118, -0.775939404964, -0.723155200481]}, "melbands_skewness": {"dmean2": 0.762474656105, "median": 1.63926458359, "min": -2.70279383659, "dvar2": 0.50583255291, "dvar": 0.210667312145, "dmean": 0.495678812265, "max": 9.93360900879, "var": 0.963988959789, "mean": 1.69878911972}, "spectral_spread": {"dmean2": 374855.5625, "median": 2373875.25, "min": 1001777.625, "dvar2": 563536986112, "dvar": 264813166592, "dmean": 225502.78125, "max": 42863368, "var": 26350136066000.0, "mean": 3067836.25}, "dissonance": {"dmean2": 0.0472617931664, "median": 0.445192396641, "min": 0.210198432207, "dvar2": 0.00170585815795, "dvar": 0.000624928856269, "dmean": 0.0281053036451, "max": 0.500000119209, "var": 0.00167676270939, "mean": 0.437450647354}, "spectral_skewness": {"dmean2": 0.759525835514, "median": 1.97766423225, "min": -0.111391209066, "dvar2": 0.464348763227, "dvar": 0.161155104637, "dmean": 0.441846877337, "max": 6.97245073318, "var": 0.855132162571, "mean": 2.14777231216}, "spectral_flux": {"dmean2": 0.0216795150191, "median": 0.0459874086082, "min": 6.24862106502e-11, "dvar2": 0.000658396282233, "dvar": 0.000245256029302, "dmean": 0.0130560090765, "max": 0.335759490728, "var": 0.00140190497041, "mean": 0.0537352673709}, "spectral_contrast_valleys": {"dmean2": [0.727468848228, 0.520681977272, 0.446423143148, 0.379301339388, 0.293001711369, 0.220361232758], "median": [-8.45515632629, -6.64798641205, -7.70569896698, -8.50814151764, -8.80755519867, -12.8691711426], "min": [-28.2246112823, -28.1592731476, -27.8144378662, -27.655872345, -27.5841522217, -27.4417533875], "dvar2": [0.374293804169, 0.202270016074, 0.157662838697, 0.137826994061, 0.111543156207, 0.0663345605135], "dvar": [0.148359879851, 0.0882089063525, 0.0716168358922, 0.0659671723843, 0.0608575642109, 0.0380505993962], "dmean": [0.436706036329, 0.318152368069, 0.276362150908, 0.240863338113, 0.20194464922, 0.153815239668], "max": [-5.39950418472, -4.24387979507, -5.26185464859, -5.85021162033, -6.09499311447, -9.94843387604], "var": [7.23766040802, 8.50027370453, 7.81023550034, 7.34868240356, 7.16717767715, 4.41998052597], "mean": [-8.7732667923, -7.14977884293, -8.11689090729, -8.88324928284, -9.10035705566, -12.9257793427]}, "erbbands_flatness_db": {"dmean2": 0.0213603414595, "median": 0.252706736326, "min": 0.0362176783383, "dvar2": 0.000347407563822, "dvar": 0.000150016829139, "dmean": 0.0141941169277, "max": 0.478160649538, "var": 0.00174925033934, "mean": 0.251128792763}, "spectral_energyband_high": {"dmean2": 4.95390850119e-05, "median": 1.99749520107e-05, "min": 7.02512862014e-21, "dvar2": 1.48916425857e-08, "dvar": 6.38869002145e-09, "dmean": 3.34691430908e-05, "max": 0.00192189973313, "var": 3.64339278747e-08, "mean": 9.22490871744e-05}, "spectral_entropy": {"dmean2": 0.203101590276, "median": 6.7552728653, "min": 4.11355686188, "dvar2": 0.0343704484403, "dvar": 0.0151865314692, "dmean": 0.135612264276, "max": 9.83306217194, "var": 0.343023359776, "mean": 6.79796743393}, "silence_rate_20dB": {"dmean2": 0, "median": 1, "min": 1, "dvar2": 0, "dvar": 0, "dmean": 0, "max": 1, "var": 0, "mean": 1}, "melbands_flatness_db": {"dmean2": 0.0282578337938, "median": 0.272018671036, "min": 0.00308509822935, "dvar2": 0.000641944643576, "dvar": 0.000285414018435, "dmean": 0.0193055160344, "max": 0.551756203175, "var": 0.0057628294453, "mean": 0.270339399576}, "barkbands": {"dmean2": [1.87069383628e-06, 0.00023892619356, 0.00120889616664, 0.00134713004809, 0.00294917426072, 0.00197963020764, 0.00183578929864, 0.00103651953395, 0.000726361409761, 0.000871977186762, 0.000366738764569, 0.000374086899683, 0.000315768353175, 0.00030814303318, 0.000443687429652, 0.000176798304892, 0.000150878870045, 0.000109427812276, 8.8839646196e-05, 4.6713204938e-05, 2.67555933533e-05, 1.21554021462e-05, 3.43151100424e-06, 9.56921894613e-07, 1.45689895703e-07, 2.28287095894e-08, 1.00684802717e-08], "median": [6.7688853278e-07, 4.48608952865e-05, 0.00016537119518, 0.000220602698391, 0.00105827697553, 0.00125836441293, 0.000839806627482, 0.000419117102865, 0.000270889897365, 0.000286301888991, 8.41832807055e-05, 8.61207518028e-05, 6.64625840727e-05, 4.5205684728e-05, 4.93707557325e-05, 3.50799164153e-05, 2.66758761427e-05, 2.06626555155e-05, 1.97802528419e-05, 1.38363484439e-05, 7.5594853115e-06, 2.61758168563e-06, 4.85713030685e-07, 1.08734880655e-07, 3.7311899348e-08, 2.72577977967e-08, 3.83880660593e-08], "min": [1.13462973334e-25, 2.27717420674e-24, 1.51631125695e-24, 4.54093087556e-25, 6.46910591808e-24, 6.5352132508e-24, 1.54522892558e-24, 7.916541828e-24, 1.6002822857e-23, 1.50942302213e-23, 1.34976199253e-23, 2.13044304126e-23, 2.31225717834e-23, 2.2201267443e-23, 4.42292189898e-23, 5.30451592796e-23, 6.14556976394e-23, 9.58840677219e-23, 1.31335369517e-22, 1.26486020652e