{"tonal": {"thpcp": [1, 0.674633622169, 0.279626309872, 0.183794915676, 0.149587720633, 0.193499535322, 0.253392577171, 0.220356419683, 0.263473182917, 0.339969813824, 0.261837691069, 0.215239450336, 0.246074974537, 0.298487335443, 0.482169657946, 0.603338599205, 0.402965158224, 0.198436230421, 0.189187705517, 0.235767126083, 0.569015800953, 0.863394320011, 0.547843873501, 0.206817269325, 0.154630094767, 0.140075087547, 0.159265130758, 0.16563975811, 0.165565028787, 0.287205964327, 0.469685822725, 0.392247319221, 0.209083378315, 0.1759660393, 0.248607873917, 0.657143950462], "hpcp": {"dmean2": [0.244038045406, 0.242665201426, 0.194116309285, 0.196380972862, 0.234439000487, 0.301821738482, 0.28352150321, 0.275330722332, 0.191993921995, 0.133782282472, 0.115090847015, 0.118426330388, 0.115388959646, 0.130241632462, 0.181149169803, 0.202783241868, 0.210335433483, 0.180089622736, 0.165593922138, 0.234135568142, 0.329921126366, 0.323777228594, 0.323074996471, 0.228294357657, 0.155019074678, 0.124648056924, 0.126598834991, 0.145656645298, 0.159282013774, 0.168446883559, 0.165886133909, 0.175163716078, 0.164132997394, 0.182692810893, 0.262124747038, 0.304067194462], "median": [0.0710887536407, 0.0533274114132, 0.0223169680685, 0.01869757846, 0.0269108265638, 0.150240167975, 0.20435744524, 0.123734600842, 0.0309582557529, 0.0216214358807, 0.0215282011777, 0.0281038582325, 0.0250444673002, 0.0256967525929, 0.0470933839679, 0.0552446357906, 0.0471617355943, 0.0280156061053, 0.0202524345368, 0.0332321077585, 0.18962803483, 0.306552618742, 0.205643922091, 0.0511639937758, 0.0276753026992, 0.0202659070492, 0.0344608798623, 0.0427563749254, 0.0388808250427, 0.0284020081162, 0.0297955498099, 0.032913595438, 0.0416439473629, 0.0471475161612, 0.0406837649643, 0.0695272386074], "min": [0, 0, 0, 0, 0, 0, 0, 0, 0, 0, 0, 0, 0, 0, 0, 0, 0, 0, 0, 0, 0, 0, 0, 0, 0, 0, 0, 0, 0, 0, 0, 0, 0, 0, 0, 0], "dvar2": [0.109146393836, 0.113986708224, 0.104039512575, 0.109922863543, 0.129056572914, 0.124626561999, 0.120234154165, 0.117452740669, 0.0939765945077, 0.054756257683, 0.0385705977678, 0.0397736728191, 0.0463964529335, 0.0487856827676, 0.0723119750619, 0.0795922502875, 0.0882150381804, 0.075045928359, 0.0718147084117, 0.102435283363, 0.131344780326, 0.122946053743, 0.123223051429, 0.0941409990191, 0.0690723359585, 0.0513732582331, 0.0429931879044, 0.0513403080404, 0.0625144019723, 0.0732164382935, 0.0703774243593, 0.0717386230826, 0.0660432204604, 0.0772032290697, 0.134878903627, 0.147330239415], "dvar": [0.0450051538646, 0.0416067764163, 0.036993611604, 0.0387052260339, 0.045840587467, 0.0437510423362, 0.0520838312805, 0.0408342853189, 0.0324288085103, 0.0199600737542, 0.0142598934472, 0.0145426085219, 0.0171334464103, 0.0177775863558, 0.0270100682974, 0.0381171479821, 0.0366467945278, 0.027807964012, 0.0266548879445, 0.0371210873127, 0.0471494719386, 0.0564564093947, 0.0449146218598, 0.0337830856442, 0.0250871554017, 0.0186955090612, 0.0160377565771, 0.0206354092807, 0.0233106985688, 0.0272469762713, 0.0299716852605, 0.0264387354255, 0.024269009009, 0.0282779596746, 0.0493514090776, 0.0547880381346], "dmean": [0.142358243465, 0.139189973474, 0.10733448714, 0.10779055208, 0.128349840641, 0.1718519032, 0.168584227562, 0.159118428826, 0.106072336435, 0.0757809057832, 0.066078491509, 0.0675032287836, 0.0666310414672, 0.0740199461579, 0.105171583593, 0.122956976295, 0.124461241066, 0.101426102221, 0.0930093750358, 0.130202591419, 0.191842615604, 0.192149803042, 0.189852952957, 0.128903582692, 0.0874286666512, 0.0708958655596, 0.0740691572428, 0.0870731845498, 0.091762535274, 0.097458191216, 0.09650529176, 0.0997396335006, 0.092354722321, 0.104047223926, 0.146290823817, 0.172164201736], "max": [1, 1, 1, 1, 1, 1, 1, 1, 1, 1, 1, 1, 1, 1, 1, 1, 1, 1, 1, 1, 1, 1, 1, 1, 1, 1, 1, 1, 1, 1, 1, 1, 1, 1, 1, 1], "var": [0.118381470442, 0.0608442015946, 0.0284558311105, 0.0284044165164, 0.0362253934145, 0.0675074905157, 0.144938141108, 0.0680973678827, 0.024587539956, 0.0157003849745, 0.0116978399456, 0.0131002208218, 0.0181824415922, 0.0155686903745, 0.0330988541245, 0.0923884660006, 0.0674404352903, 0.0246317796409, 0.0215902589262, 0.0312657393515, 0.0821029245853, 0.153534457088, 0.0783991068602, 0.0313692726195, 0.0211568530649, 0.0154125727713, 0.0184181444347, 0.0303688943386, 0.0227355007082, 0.0393102243543, 0.0738386064768, 0.0362860113382, 0.0211579538882, 0.025878848508, 0.0455455332994, 0.0767365098], "mean": [0.26267644763, 0.175439566374, 0.0863934904337, 0.0823669433594, 0.102646298707, 0.247733294964, 0.375897318125, 0.238515645266, 0.0900423526764, 0.0673215463758, 0.0609847083688, 0.0693395063281, 0.0721148401499, 0.0720823034644, 0.125041306019, 0.204487845302, 0.170773327351, 0.0910289511085, 0.076610609889, 0.108236797154, 0.286101788282, 0.435371547937, 0.293716281652, 0.121741339564, 0.0800190791488, 0.0651262402534, 0.0842441916466, 0.110319912434, 0.0959369167686, 0.114708721638, 0.148013189435, 0.113996677101, 0.0937091335654, 0.10713404417, 0.129952892661, 0.20992295444]}, "tuning_equal_tempered_deviation": 0.0640040040016, "chords_changes_rate": 0.055198404938, "key_key": "A", "tuning_diatonic_strength": 0.593187391758, "key_scale": "minor", "chords_number_rate": 0.00266016414389, "tuning_frequency": 443.828887939, "tuning_nontempered_energy_ratio": 0.708692073822, "chords_histogram": [9.51008605957, 1.10840165615, 28.5080909729, 5.03214359283, 9.33274173737, 1.55176234245, 0, 11.0840167999, 3.92374205589, 23.0104198456, 0.598536908627, 2.1281311512, 0, 0, 0, 1.75127470493, 0.1773442626, 0, 0, 0, 0.0886721313, 0.399024605751, 1.79561078548, 0], "key_strength": 0.734878659248, "chords_key": "E", "chords_strength": {"dmean2": 0.0107249245048, "median": 0.531616866589, "min": -1, "dvar2": 0.000928499212023, "dvar": 0.000537416839506, "dmean": 0.0101968050003, "max": 0.727517724037, "var": 0.0419199727476, "mean": 0.501247107983}, "chords_scale": "minor", "hpcp_entropy": {"dmean2": 1.29287517071, "median": 2.18242835999, "min": 0, "dvar2": 1.13440907001, "dvar": 0.436019718647, "dmean": 0.784468472004, "max": 4.54899835587, "var": 0.919357478619, "mean": 2.15240287781}}, "metadata": {"audio_properties": {"equal_loudness": 0, "codec": "flac", "downmix": "mix", "sample_rate": 44100, "analysis_sample_rate": 44100, "bit_rate": 0, "md5_encoded": "99aa2982607cb10c4f76c8d8ab0bced3", "length": 209.399993896, "replay_gain": -11.8768291473, "lossless": true}, "version": {"essentia_build_sha": "c0e182ba78c2de26e491b7b7a4a2c98c1ed34208", "essentia": "2.1-beta2", "extractor": "music 1.0", "essentia_git_sha": "v2.1_beta2-2-gbb40004"}, "tags": {"title": ["Black Night (single version Remaster)"], "barcode": ["724349680722"], "media": ["CD"], "albumartist": ["Deep Purple"], "tracktotal": ["18"], "musicbrainz_releasegroupid": ["f7101f31-60e8-332f-98cc-d15cae72abc7"], "releasetype": ["album", "compilation"], "musicbrainz_recordingid": ["0523d325-ca6c-41ba-9e7e-54997894bb65"], "musicbrainz_albumartistid": ["79491354-3d83-40e3-9d8e-7592d58d790a"], "originalyear": ["1998"], "musicbrainz_releasetrackid": ["d1d98ddc-81d0-39b7-a8fc-9aa3a6f65f9b"], "discnumber": ["1"], "album": ["30: Very Best Of"], "catalognumber": ["7243 4 96807 2 2"], "releasecountry": ["GB"], "originaldate": ["1998-10-27"], "albumartistsort": ["Deep Purple"], "date": ["1998"], "file_name": "02 - Deep Purple - Black Night (single version Remaster).flac", "disctotal": ["1"], "acoustid_id": ["55602477-cf94-45da-8adf-b73aae36ed81"], "musicbrainz_artistid": ["79491354-3d83-40e3-9d8e-7592d58d790a"], "asin": ["B00000G6TL"], "musicbrainz_albumid": ["2152e76a-d5ad-31a9-b326-5c385d3bab3b"], "tracknumber": ["2"], "artistsort": ["Deep Purple"], "artist": ["Deep Purple"], "label": ["EMI"], "releasestatus": ["official"], "totaldiscs": ["1"], "script": ["Latn"], "totaltracks": ["18"]}}, "rhythm": {"bpm_histogram_first_peak_bpm": {"dmean2": 0, "median": 136, "min": 136, "dvar2": 0, "dvar": 0, "dmean": 0, "max": 136, "var": 0, "mean": 136}, "bpm": 134.713088989, "bpm_histogram_second_peak_spread": {"dmean2": 0, "median": 0.378378391266, "min": 0.378378391266, "dvar2": 0, "dvar": 0, "dmean": 0, "max": 0.378378391266, "var": 0, "mean": 0.378378391266}, "bpm_histogram_first_peak_weight": {"dmean2": 0, "median": 0.442060083151, "min": 0.442060083151, "dvar2": 0, "dvar": 0, "dmean": 0, "max": 0.442060083151, "var": 0, "mean": 0.442060083151}, "onset_rate": 3.91078686714, "beats_position": [0.452789098024, 0.905578196049, 1.369977355, 1.83437633514, 2.29877543449, 2.77478456497, 3.26240348816, 3.72680258751, 4.17959165573, 4.63238096237, 5.08516979218, 5.53795909882, 5.9675283432, 6.40870714188, 6.84988641739, 7.2910656929, 7.73224496841, 8.17342376709, 8.6146030426, 9.05578231812, 9.4853515625, 9.92653083801, 10.3560991287, 10.7972784042, 11.2384576797, 11.6796369553, 12.1208162308, 12.5736055374, 13.0263938904, 13.4675731659, 13.9087524414, 14.3499317169, 14.7911109924, 15.2322902679, 15.6502494812, 16.0914287567, 16.5326080322, 16.9737873077, 17.391746521, 17.8213157654, 18.2741031647, 18.7268924713, 19.1680717468, 19.6208610535, 20.0736503601, 20.5264396667, 20.9676189423, 21.4087982178, 21.8499774933, 22.3143768311, 22.7555541992, 23.2083435059, 23.6611328125, 24.102312088, 24.5434913635, 24.984670639, 25.4374599457, 25.8902492523, 26.3314285278, 26.7726078033, 27.2137870789, 27.6665763855, 28.1193637848, 28.5605430603, 29.0017223358, 29.4545116425, 29.9073009491, 30.3484802246, 30.7896595001, 31.2424488068, 31.6836280823, 32.1364173889, 32.5775947571, 33.0303840637, 33.4831733704, 33.9243545532, 34.3655319214, 34.818321228, 35.2711105347, 35.7122879028, 36.1534690857, 36.5946464539, 37.0358276367, 37.4770050049, 37.9181861877, 38.3477554321, 38.7773246765, 39.2185020447, 39.6596832275, 40.1008605957, 40.5536499023, 41.006439209, 41.4592285156, 41.9120178223, 42.3648071289, 42.8292045593, 43.3052139282, 43.7812232971, 44.257232666, 44.7216300964, 45.1976394653, 45.6736488342, 46.1380500793, 46.6024475098, 47.0436286926, 47.4848060608, 47.9259872437, 48.3787727356, 48.8315620422, 49.2727432251, 49.7139205933, 50.1551017761, 50.5962791443, 51.0142402649, 51.4554176331, 51.8965988159, 52.3377761841, 52.7789573669, 53.2201347351, 53.661315918, 54.1024932861, 54.5436706543, 54.9848518372, 55.4260292053, 55.8672103882, 56.3083877563, 56.7495689392, 57.1907463074, 57.6319274902, 58.0731048584, 58.5142860413, 58.9438552856, 59.37342453, 59.8146018982, 60.2557830811, 60.6969604492, 61.1381378174, 61.590927124, 62.0437164307, 62.4965057373, 62.9376869202, 63.3904762268, 63.831653595, 64.2844467163, 64.7372360229, 65.1900177002, 65.6312026978, 66.0839920044, 66.5251693726, 66.9779586792, 67.4307479858, 67.8835372925, 68.3363265991, 68.7891159058, 69.2302932739, 69.6830825806, 70.1358718872, 70.5886611938, 71.029838562, 71.4710159302, 71.9122009277, 72.3649902344, 72.8061676025, 73.2589569092, 73.7001342773, 74.1413116455, 74.5941009521, 75.0352783203, 75.488067627, 75.9292526245, 76.3820419312, 76.8348312378, 77.276008606, 77.7171859741, 78.1583633423, 78.6111526489, 79.0639419556, 79.5051269531, 79.9463043213, 80.375869751, 80.8054428101, 81.2350082397, 81.6645812988, 82.105758667, 82.5469360352, 82.9997253418, 83.4525146484, 83.8936920166, 84.3348770142, 84.7876663208, 85.2404556274, 85.7048492432, 86.1692504883, 86.6336517334, 87.0980453491, 87.5624465942, 88.0268478394, 88.4680252075, 88.9092025757, 89.3503875732, 89.7915649414, 90.244354248, 90.6971435547, 91.1499328613, 91.602722168, 92.0438995361, 92.4850769043, 92.9378662109, 93.3906555176, 93.8434448242, 94.2962341309, 94.7490234375, 95.2018127441, 95.6546020508, 96.1073913574, 96.5601806641, 97.0129699707, 97.4657592773, 97.918548584, 98.3597259521, 98.8125152588, 99.2653045654, 99.7064819336, 100.147659302, 100.588844299, 101.041633606, 101.494422913, 101.947212219, 102.388389587, 102.841178894, 103.293968201, 103.746757507, 104.199546814, 104.652336121, 105.093513489, 105.546302795, 105.999092102, 106.451881409, 106.904670715, 107.345848083, 107.79863739, 108.251426697, 108.680992126, 109.122177124, 109.563354492, 109.992919922, 110.434104919, 110.863670349, 111.293243408, 111.734420776, 112.175598145, 112.628387451, 113.081176758, 113.522354126, 113.975143433, 114.427932739, 114.869110107, 115.310295105, 115.763084412, 116.215873718, 116.657051086, 117.098228455, 117.539405823, 117.98059082, 118.421768188, 118.862945557, 119.304122925, 119.756912231, 120.209701538, 120.662490845, 121.115280151, 121.579681396, 122.032470703, 122.48526001, 122.926437378, 123.379226685, 123.832015991, 124.273193359, 124.714370728, 125.167160034, 125.619949341, 126.072738647, 126.525527954, 126.966712952, 127.40789032, 127.849067688, 128.290252686, 128.743041992, 129.195831299, 129.637008667, 130.078186035, 130.530975342, 130.983764648, 131.436553955, 131.889343262, 132.33052063, 132.771697998, 133.212875366, 133.654052734, 134.095230103, 134.524810791, 134.954376221, 135.395553589, 135.836730957, 136.277908325, 136.730697632, 137.183486938, 137.624664307, 138.065841675, 138.507034302, 138.959823608, 139.412597656, 139.853790283, 140.294967651, 140.73614502, 141.177322388, 141.606887817, 142.036453247, 142.477645874, 142.918823242, 143.36000061, 143.801177979, 144.242355347, 144.683532715, 145.124710083, 145.565887451, 146.007064819, 146.459854126, 146.901046753, 147.330612183, 147.760177612, 148.189743042, 148.61932373, 149.04888916, 149.47845459, 149.90802002, 150.349197388, 150.790390015, 151.231567383, 151.684356689, 152.137145996, 152.589935303, 153.019500732, 153.472290039, 153.925079346, 154.389480591, 154.842269897, 155.295059204, 155.736236572, 156.17741394, 156.618591309, 157.071380615, 157.524169922, 157.976959229, 158.429748535, 158.882537842, 159.335327148, 159.788116455, 160.229293823, 160.68208313, 161.123260498, 161.564437866, 162.005615234, 162.458404541, 162.911193848, 163.363983154, 163.816772461, 164.269561768, 164.722351074, 165.175140381, 165.616317749, 166.069107056, 166.521896362, 166.974685669, 167.415863037, 167.857055664, 168.298233032, 168.7394104, 169.180587769, 169.621765137, 170.062942505, 170.492507935, 170.922088623, 171.340042114, 171.781219482, 172.222396851, 172.675186157, 173.127975464, 173.580764771, 174.033554077, 174.497955322, 174.962356567, 175.426757812, 175.891159058, 176.355545044, 176.808334351, 177.261123657, 177.702316284, 178.143493652, 178.584671021, 179.025848389, 179.467025757, 179.919815063, 180.37260437, 180.813781738, 181.266571045, 181.719360352, 182.172149658, 182.624938965, 183.077728271, 183.530517578, 183.983306885, 184.436096191, 184.87727356, 185.330062866, 185.782852173, 186.224029541, 186.676818848, 187.129608154, 187.582397461, 188.023574829, 188.476364136, 188.917541504, 189.370330811, 189.823120117, 190.287521362, 190.72869873, 191.181488037, 191.634277344, 192.075454712, 192.516647339, 192.957824707, 193.410614014, 193.86340332, 194.304580688, 194.757369995, 195.210159302, 195.662948608, 196.115737915, 196.568527222, 197.021316528, 197.474105835, 197.915283203, 198.36807251, 198.809249878, 199.250427246, 199.691604614, 200.132781982, 200.585571289, 201.038360596, 201.491149902, 201.932327271, 202.373504639, 202.814697266, 203.255874634, 203.697052002, 204.13822937, 204.591018677, 205.043807983, 205.519821167, 205.995819092, 206.471832275, 206.947845459, 207.423858643, 207.899856567, 208.375869751, 208.851882935], "beats_loudness": {"dmean2": 0.0213741082698, "median": 0.0321261845529, "min": 7.77850939215e-09, "dvar2": 0.000291325006401, "dvar": 9.40957470448e-05, "dmean": 0.011718343012, "max": 0.0729456469417, "var": 0.000168159618624, "mean": 0.032464645803}, "danceability": 1.11407709122, "bpm_histogram_second_peak_weight": {"dmean2": 0, "median": 0.0493562221527, "min": 0.0493562221527, "dvar2": 0, "dvar": 0, "dmean": 0, "max": 0.0493562221527, "var": 0, "mean": 0.0493562221527}, "beats_count": 467, "bpm_histogram_second_peak_bpm": {"dmean2": 0, "median": 129, "min": 129, "dvar2": 0, "dvar": 0, "dmean": 0, "max": 129, "var": 0, "mean": 129}, "bpm_histogram_first_peak_spread": {"dmean2": 0, "median": 0.514150977135, "min": 0.514150977135, "dvar2": 0, "dvar": 0, "dmean": 0, "max": 0.514150977135, "var": 0, "mean": 0.514150977135}, "beats_loudness_band_ratio": {"dmean2": [0.460335284472, 0.230365455151, 0.14225256443, 0.118691876531, 0.219996213913, 0.0787685438991], "median": [0.384604513645, 0.21733585, 0.114446721971, 0.0506676062942, 0.114851005375, 0.0560602471232], "min": [2.20998354052e-05, 1.93426385522e-05, 2.55997201748e-05, 7.33765191399e-05, 5.41135559615e-05, 0.00296722794883], "dvar2": [0.117908164859, 0.0337904579937, 0.0141689712182, 0.0110810380429, 0.023712258786, 0.00489186728373], "dvar": [0.0342494547367, 0.0108706708997, 0.00504851294681, 0.00395125010982, 0.00672756647691, 0.00208653276786], "dmean": [0.249538347125, 0.130904331803, 0.0817189961672, 0.0652076005936, 0.117334969342, 0.0441450402141], "max": [0.966770291328, 0.824314117432, 0.535933732986, 0.505776524544, 0.454769700766, 0.996247112751], "var": [0.047501116991, 0.018749024719, 0.00741163780913, 0.00441238144413, 0.00905640795827, 0.0174587871879], "mean": [0.402228474617, 0.233195394278, 0.12876328826, 0.069733761251, 0.137602686882, 0.0808656290174]}}, "lowlevel": {"barkbands_spread": {"dmean2": 8.57691669464, "median": 21.915391922, "min": 0.0958278402686, "dvar2": 83.013961792, "dvar": 34.6831130981, "dmean": 5.56153678894, "max": 113.94669342, "var": 157.455612183, "mean": 22.9830036163}, "melbands_spread": {"dmean2": 12.0761127472, "median": 19.4071006775, "min": 0.6932695508, "dvar2": 213.950759888, "dvar": 94.5071792603, "dmean": 7.83473873138, "max": 183.665527344, "var": 635.537414551, "mean": 26.3810043335}, "hfc": {"dmean2": 7.24458742142, "median": 13.2371196747, "min": 6.62047794364e-09, "dvar2": 115.389343262, "dvar": 58.396697998, "dmean": 5.05862188339, "max": 97.9999084473, "var": 186.142822266, "mean": 16.8682193756}, "barkbands_kurtosis": {"dmean2": 16.395866394, "median": 1.89421892166, "min": -1.90277004242, "dvar2": 12780.4521484, "dvar": 5094.38671875, "dmean": 10.1723356247, "max": 3306.9309082, "var": 61768.9609375, "mean": 36.5490493774}, "gfcc": {"mean": [-48.1853981018, 124.187088013, -135.820678711, 57.4906692505, -46.7020606995, -18.4591674805, -27.8460845947, -1.10632908344, -20.7614593506, -7.67069721222, -16.6441345215, -10.3133974075, -7.6259932518], "icov": [[0.000969986431301, -0.00212510419078, 0.00140965206083, -0.00189898081589, 0.00252081383951, -0.00334706529975, 0.00305871502496, -0.00124326522928, 0.000876560050528, -0.000393146270653, 0.000962602673098, -0.00140116398688, 0.00086684973212], [-0.00212510419078, 0.00576649280265, -0.00257470505312, 0.00391791854054, -0.00558487232774, 0.00860994774848, -0.00788103975356, 0.00295829260722, -0.000987420324236, 0.000105686216557, -0.00209425552748, 0.00351908965968, -0.00205427710898], [0.00140965206083, -0.00257470505312, 0.00490563455969, -0.00172530766577, 0.00170988938771, -0.00455353455618, 0.00448437640443, -0.00269374460913, 0.000526617106516, 0.0004989640438, -8.36767358123e-05, -0.00117294385564, 0.00126780034043], [-0.00189898081589, 0.00391791854054, -0.00172530766577, 0.00670730648562, -0.00514626130462, 0.00650530308485, -0.00553863821551, 0.00136434298474, -0.00231896690093, 0.00184895296115, -0.00173271179665, 0.00397713435814, -0.00132007536013], [0.00252081383951, -0.00558487232774, 0.00170988938771, -0.00514626130462, 0.0131922513247, -0.0102813653648, 0.00515820505098, -0.00143074779771, 0.00152652780525, -0.00172919547185, 0.00502135138959, -0.00480235787109, 0.00167086475994], [-0.00334706529975, 0.00860994774848, -0.00455353455618, 0.00650530308485, -0.0102813653648, 0.0199620556086, -0.0123471049592, 0.0013593272306, -6.33545641904e-05, 0.00032773509156, -0.00524893263355, 0.00658758915961, -0.0009781740373], [0.00305871502496, -0.00788103975356, 0.00448437640443, -0.00553863821551, 0.00515820505098, -0.0123471049592, 0.018620101735, -0.00467056734487, 0.000207472417969, 0.000741981551982, -0.000573228229769, -0.00248235347681, 0.00357183930464], [-0.00124326522928, 0.00295829260722, -0.00269374460913, 0.00136434298474, -0.00143074779771, 0.0013593272306, -0.00467056734487, 0.0158844292164, -0.00334532908164, -0.00426089810207, 0.00480783870444, -0.000878125138115, -0.00193282344844], [0.000876560050528, -0.000987420324236, 0.000526617106516, -0.00231896690093, 0.00152652780525, -6.33545641904e-05, 0.000207472417969, -0.00334532908164, 0.0130931930616, -0.00249522435479, -0.00244554760866, 0.00189923727885, -0.00141155277379], [-0.000393146270653, 0.000105686216557, 0.0004989640438, 0.00184895296115, -0.00172919547185, 0.00032773509156, 0.000741981551982, -0.00426089810207, -0.00249522435479, 0.0176564697176, -0.0068002785556, -0.000284259615, 0.00209286017343], [0.000962602673098, -0.00209425552748, -8.36767358123e-05, -0.00173271179665, 0.00502135138959, -0.00524893263355, -0.000573228229769, 0.00480783870444, -0.00244554760866, -0.0068002785556, 0.022743081674, -0.00959846563637, -0.000564219953958], [-0.00140116398688, 0.00351908965968, -0.00117294385564, 0.00397713435814, -0.00480235787109, 0.00658758915961, -0.00248235347681, -0.000878125138115, 0.00189923727885, -0.000284259615, -0.00959846563637, 0.020604846999, -0.00563524896279], [0.00086684973212, -0.00205427710898, 0.00126780034043, -0.00132007536013, 0.00167086475994, -0.0009781740373, 0.00357183930464, -0.00193282344844, -0.00141155277379, 0.00209286017343, -0.000564219953958, -0.00563524896279, 0.0220230426639]], "cov": [[27600.2441406, 4135.93408203, -3635.9152832, 2176.27612305, -1783.69677734, -299.382049561, -911.6640625, 150.724990845, -819.814758301, 98.6762542725, -452.949493408, -59.571849823, -166.476928711], [4135.93408203, 1645.22546387, -510.681182861, 254.784072876, -131.462844849, -226.907867432, 79.5435791016, -66.7304992676, -89.2806015015, 15.8110790253, -33.7243881226, -36.8916435242, -1.0506554842], [-3635.9152832, -510.681182861, 781.596191406, -284.044769287, 267.015594482, 96.1163101196, 101.628372192, 16.142873764, 105.433387756, -8.84708404541, 62.2467002869, 6.50816297531, 13.2612104416], [2176.27612305, 254.784072876, -284.044769287, 485.947174072, -87.7563705444, -36.182559967, -35.0519371033, 19.6055526733, -22.7822685242, -20.9474849701, -55.3424873352, -46.2981681824, -16.6926727295], [-1783.69677734, -131.462844849, 267.015594482, -87.7563705444, 289.38369751, 72.7276916504, 112.763916016, -4.51554489136, 50.5033454895, -2.91633534431, 16.74634552, -5.33105182648, 2.4830300808], [-299.382049561, -226.907867432, 96.1163101196, -36.182559967, 72.7276916504, 196.532562256, 41.2687225342, 36.5029296875, -2.65282678604, 12.6535015106, 11.4479131699, -8.38327217102, -20.5860881805], [-911.6640625, 79.5435791016, 101.628372192, -35.0519371033, 112.763916016, 41.2687225342, 196.723251343, -2.13137698174, 48.2536201477, 0.773968696594, 31.7714157104, -17.0614318848, -3.99539375305], [150.724990845, -66.7304992676, 16.142873764, 19.6055526733, -4.51554489136, 36.5029296875, -2.13137698174, 96.491104126, 13.9578790665, 20.5277462006, -13.5476827621, 2.04903244972, -2.01226425171], [-819.814758301, -89.2806015015, 105.433387756, -22.7822685242, 50.5033454895, -2.65282678604, 48.2536201477, 13.9578790665, 123.01927948, 14.1646966934, 26.5440216064, -6.72020053864, 11.4544210434], [98.6762542725, 15.8110790253, -8.84708404541, -20.9474849701, -2.91633534431, 12.6535015106, 0.773968696594, 20.5277462006, 14.1646966934, 78.1756515503, 26.0338859558, 14.9472799301, -2.72564220428], [-452.949493408, -33.7243881226, 62.2467002869, -55.3424873352, 16.74634552, 11.4479131699, 31.7714157104, -13.5476827621, 26.5440216064, 26.0338859558, 83.098815918, 32.1032333374, 10.2490606308], [-59.571849823, -36.8916435242, 6.50816297531, -46.2981681824, -5.33105182648, -8.38327217102, -17.0614318848, 2.04903244972, -6.72020053864, 14.9472799301, 32.1032333374, 80.332824707, 18.259721756], [-166.476928711, -1.0506554842, 13.2612104416, -16.6926727295, 2.4830300808, -20.5860881805, -3.99539375305, -2.01226425171, 11.4544210434, -2.72564220428, 10.2490606308, 18.259721756, 55.3944206238]]}, "spectral_energyband_middle_low": {"dmean2": 0.00642689410597, "median": 0.0125017203391, "min": 4.08138358859e-17, "dvar2": 6.21590806986e-05, "dvar": 2.47165917244e-05, "dmean": 0.00404701894149, "max": 0.0619077309966, "var": 6.67508429615e-05, "mean": 0.0130862733349}, "melbands_crest": {"dmean2": 4.63804960251, "median": 13.0571327209, "min": 2.26133394241, "dvar2": 18.0252532959, "dvar": 7.04362726212, "dmean": 2.88273525238, "max": 35.593421936, "var": 22.4671993256, "mean": 13.48462677}, "spectral_kurtosis": {"dmean2": 3.43249249458, "median": 3.14928722382, "min": -1.18611776829, "dvar2": 11.0426855087, "dvar": 3.73345065117, "dmean": 1.94006145, "max": 32.3120727539, "var": 6.09658956528, "mean": 3.57136154175}, "spectral_rms": {"dmean2": 0.000947611115407, "median": 0.00474828667939, "min": 1.81222414852e-08, "dvar2": 1.20015715765e-06, "dvar": 5.38342192158e-07, "dmean": 0.00062811531825, "max": 0.00885426718742, "var": 2.37594144892e-06, "mean": 0.00456749694422}, "zerocrossingrate": {"dmean2": 0.00967888440937, "median": 0.0498046875, "min": 0.00537109375, "dvar2": 0.000157623653649, "dvar": 0.000131864740979, "dmean": 0.00818849634379, "max": 0.9052734375, "var": 0.0162264965475, "mean": 0.0726186782122}, "silence_rate_60dB": {"dmean2": 0.02572632581, "median": 0, "min": 0, "dvar2": 0.0297187063843, "dvar": 0.0126977795735, "dmean": 0.0128617361188, "max": 1, "var": 0.064683444798, "mean": 0.0695121958852}, "erbbands_kurtosis": {"dmean2": 1.24406158924, "median": -0.858009696007, "min": -1.80823528767, "dvar2": 6.09864616394, "dvar": 2.67265033722, "dmean": 0.792475879192, "max": 49.6087036133, "var": 6.19918775558, "mean": -0.163748249412}, "erbbands": {"dmean2": [0.0359844043851, 0.673493027687, 3.27690196037, 6.87749147415, 10.5350904465, 13.9150686264, 12.2899847031, 13.9413223267, 15.615571022, 15.5255718231, 11.4134902954, 23.1575756073, 13.8700351715, 8.83521366119, 9.80196857452, 12.5114412308, 9.30229663849, 18.2753372192, 14.8006038666, 18.8982200623, 25.8150177002, 31.8135261536, 34.3696403503, 21.3701953888, 22.1093940735, 14.7438230515, 11.4388990402, 4.31773757935, 2.23457026482, 1.57563865185, 1.09130322933, 0.767755448818, 0.447290897369, 0.181168809533, 0.0694548264146, 0.0237814821303, 0.00443350337446, 0.000645266438369, 6.18832345936e-05, 1.33123585329e-05], "median": [0.0179107263684, 0.405535757542, 2.30407476425, 6.19831371307, 9.49315071106, 12.2230758667, 10.4429359436, 11.2061061859, 11.9903125763, 8.97269248962, 6.75998687744, 11.1439161301, 7.60142040253, 4.45470523834, 3.18521618843, 3.9017624855, 3.36404395103, 5.50050544739, 7.33604621887, 7.84407424927, 13.221496582, 16.4227294922, 19.5754127502, 13.7671194077, 16.5045127869, 12.6476640701, 9.42687988281, 2.83792567253, 1.27508497238, 0.49375885725, 0.204926371574, 0.0913212448359, 0.0342947170138, 0.013685000129, 0.00514142913744, 0.00151457148604, 0.000362815335393, 7.54573266022e-05, 2.3968563255e-05, 2.82032779069e-05], "min": [7.20171565429e-17, 6.77915831313e-16, 3.56315886559e-15, 1.16851362977e-14, 2.65921758626e-14, 4.26306600155e-14, 4.59012134671e-14, 3.31334047384e-14, 4.15455701525e-14, 1.1493227431e-13, 1.70611585298e-13, 1.02647091402e-13, 4.05202022109e-13, 1.55154795262e-12, 1.62247689242e-12, 1.17940347159e-12, 4.71062685387e-12, 3.05468410983e-12, 2.44483816872e-12, 2.23853292673e-12, 5.2309953244e-12, 4.30277168062e-12, 4.38961497359e-12, 4.7261339807e-12, 4.89189244668e-12, 5.56307604149e-12, 6.33058406044e-12, 5.82740496483e-12, 7.40566635793e-12, 6.73028213022e-12, 6.68395070194e-12, 4.8435934083e-12, 8.3993220365e-12, 6.74536381612e-12, 6.85889799817e-12, 5.45309413943e-12, 6.60573722458e-12, 1.06003157641e-11, 1.76924429968e-11, 5.40439307889e-12], "dvar2": [0.00333849783055, 1.25190877914, 24.5280971527, 93.0968856812, 199.80657959, 403.836303711, 335.826446533, 473.81842041, 575.879577637, 747.362731934, 611.27911377, 1653.19592285, 1332.24536133, 402.15133667, 607.250915527, 2037.0925293, 622.51361084, 3530.46411133, 826.540893555, 1855.24035645, 2485.31665039, 3943.45629883, 3390.95898438, 1324.94348145, 1501.56884766, 607.944580078, 362.799377441, 78.8704223633, 38.9821624756, 36.8945999146, 21.402387619, 12.7601623535, 5.09442853928, 0.761425256729, 0.103147499263, 0.0137163521722, 0.000484245625557, 1.15362090582e-05, 1.14089168335e-07, 5.17549669787e-10], "dvar": [0.00131274410523, 0.450706928968, 9.53406143188, 36.102191925, 73.4511413574, 154.37197876, 127.294471741, 182.11706543, 218.791473389, 334.909942627, 266.427947998, 727.685241699, 532.483764648, 172.536483765, 245.020263672, 775.164001465, 255.993591309, 1448.99682617, 351.904327393, 818.933105469, 1053.69104004, 1631.06494141, 1511.40966797, 581.199829102, 606.148193359, 257.696685791, 146.77015686, 30.9942836761, 14.6086244583, 13.2946100235, 7.73891305923, 4.78077983856, 2.06140804291, 0.312705695629, 0.040823623538, 0.00536231370643, 0.000196399123524, 4.46645844931e-06, 4.23674677563e-08, 2.09298661735e-10], "dmean": [0.0222095288336, 0.394266724586, 2.01386737823, 4.23445320129, 6.30212593079, 8.49254608154, 7.32514667511, 8.62744522095, 9.48863124847, 10.1266975403, 7.40751981735, 14.8448896408, 8.70397758484, 5.56369352341, 6.24432992935, 7.87544775009, 5.95198440552, 11.5591497421, 9.51943016052, 12.1462612152, 16.5470790863, 20.512928009, 22.2899875641, 13.7595491409, 13.7728977203, 9.2991065979, 7.25117063522, 2.75903081894, 1.39850378036, 0.956168055534, 0.644811213017, 0.451591104269, 0.268214076757, 0.108250625432, 0.0421742163599, 0.0143252126873, 0.00267830281518, 0.000384839833714, 3.66699641745e-05, 8.68018287292e-06], "max": [0.434523373842, 7.4354262352, 41.4552268982, 95.4915161133, 105.400390625, 197.265365601, 208.90725708, 217.218414307, 220.727157593, 356.239227295, 492.396209717, 457.019897461, 913.315551758, 307.110076904, 396.204284668, 1377.04943848, 388.549316406, 1069.82421875, 470.95211792, 841.629516602, 730.196533203, 1024.32202148, 908.296936035, 475.329589844, 800.071228027, 415.731903076, 354.921478271, 123.928009033, 71.8379135132, 87.673210144, 57.6604652405, 49.1697921753, 44.8210258484, 23.6839733124, 7.02942466736, 1.6809746027, 0.463046461344, 0.0600230135024, 0.00611844006926, 0.000351660768501], "var": [0.00221114512533, 0.488314658403, 15.201169014, 102.873603821, 137.339599609, 354.632293701, 291.470550537, 375.813873291, 351.706665039, 804.305114746, 382.629058838, 1367.52832031, 611.74005127, 271.771392822, 362.435668945, 886.978271484, 342.534942627, 1863.7064209, 661.439697266, 1443.8013916, 2306.87963867, 4035.6328125, 3671.28491211, 1503.15185547, 1287.93530273, 596.000854492, 324.610229492, 70.9668502808, 15.7494716644, 10.8105516434, 5.8925151825, 3.99552178383, 2.39005064964, 0.411074489355, 0.0441863797605, 0.00567631283775, 0.000262582907453, 4.61978333988e-06, 3.81079878764e-08, 3.66839864041e-10], "mean": [0.0365328900516, 0.619873344898, 3.63134860992, 9.42747306824, 12.6144657135, 17.5550670624, 14.6082019806, 16.8175907135, 17.1766357422, 18.0384674072, 11.8180923462, 23.4675159454, 13.4427022934, 8.78968811035, 9.02424144745, 11.1825466156, 8.46572589874, 15.8601808548, 15.5782413483, 19.3144073486, 29.1580162048, 39.2138748169, 42.2353248596, 27.4894866943, 27.3067340851, 19.5398464203, 14.7516183853, 5.6333489418, 2.46316003799, 1.3546295166, 0.761415064335, 0.460371375084, 0.270949661732, 0.112580820918, 0.04275649786, 0.0146153364331, 0.00291499868035, 0.0004026730021, 5.0905309763e-05, 3.03704291582e-05]}, "spectral_strongpeak": {"dmean2": 0.600932717323, "median": 0.4129961133, "min": 6.63502214593e-06, "dvar2": 1.77752757072, "dvar": 0.649405479431, "dmean": 0.343941092491, "max": 13.8230495453, "var": 0.648604393005, "mean": 0.592996060848}, "spectral_energy": {"dmean2": 0.00977008603513, "median": 0.02310988307, "min": 3.36626044964e-13, "dvar2": 0.000139788069646, "dvar": 6.01772881055e-05, "dmean": 0.00633576093242, "max": 0.0803579986095, "var": 0.000156198570039, "mean": 0.0238188542426}, "average_loudness": 0.951967775822, "spectral_rolloff": {"dmean2": 845.356872559, "median": 1012.06054688, "min": 129.19921875, "dvar2": 1362132.25, "dvar": 591585.75, "dmean": 502.340606689, "max": 21942.3339844, "var": 11211712, "mean": 1951.77563477}, "spectral_centroid": {"dmean2": 445.824279785, "median": 1525.04711914, "min": 160.872436523, "dvar2": 201716.921875, "dvar": 89474.0625, "dmean": 292.314117432, "max": 11110.4902344, "var": 614928.6875, "mean": 1590.60375977}, "pitch_salience": {"dmean2": 0.103784807026, "median": 0.623919963837, "min": 0.126865461469, "dvar2": 0.00903513748199, "dvar": 0.00374442851171, "dmean": 0.0657159760594, "max": 0.952313661575, "var": 0.0141694713384, "mean": 0.607174575329}, "spectral_energyband_middle_high": {"dmean2": 0.00233940174803, "median": 0.00279906764627, "min": 6.96847388261e-16, "dvar2": 1.23278387036e-05, "dvar": 6.27694907962e-06, "dmean": 0.00162951881066, "max": 0.0349774807692, "var": 1.85331537068e-05, "mean": 0.00419984711334}, "spectral_contrast_coeffs": {"dmean2": [0.0817186906934, 0.0760395228863, 0.0638209655881, 0.0491493828595, 0.0365506075323, 0.0289410054684], "median": [-0.597914934158, -0.738549768925, -0.782118558884, -0.803312420845, -0.792217493057, -0.688237369061], "min": [-0.980116546154, -0.971992850304, -0.99149364233, -0.9611774683, -0.961836457253, -0.960067212582], "dvar2": [0.00462784618139, 0.00371744530275, 0.00250129075721, 0.00162529456429, 0.000873455079272, 0.000706797640305], "dvar": [0.00176156917587, 0.00141566595994, 0.000977787654847, 0.000647951790597, 0.000370606692741, 0.000309836992528], "dmean": [0.0496257357299, 0.0462079942226, 0.0393568202853, 0.0302953906357, 0.0227127484977, 0.0184361152351], "max": [-0.28587475419, -0.500554740429, -0.511613070965, -0.563103735447, -0.537505567074, -0.583580672741], "var": [0.00810338743031, 0.00519095314667, 0.00391233619303, 0.00288317585364, 0.00219352799468, 0.00290687964298], "mean": [-0.599847197533, -0.740205526352, -0.780035853386, -0.79753112793, -0.787835896015, -0.697642683983]}, "melbands_skewness": {"dmean2": 1.06910169125, "median": 2.95848894119, "min": -2.38105487823, "dvar2": 1.18773818016, "dvar": 0.536325871944, "dmean": 0.709061920643, "max": 13.2455606461, "var": 2.22927880287, "mean": 3.09810233116}, "spectral_spread": {"dmean2": 461977.09375, "median": 3088401.5, "min": 1552369.875, "dvar2": 669778968576, "dvar": 322401861632, "dmean": 294055.28125, "max": 44730792, "var": 28310035759100.0, "mean": 3958251.75}, "dissonance": {"dmean2": 0.0184286925942, "median": 0.480979830027, "min": 0.153920769691, "dvar2": 0.00039886511513, "dvar": 0.00014774617739, "dmean": 0.0110447574407, "max": 0.500000119209, "var": 0.000272792181931, "mean": 0.477345377207}, "spectral_skewness": {"dmean2": 0.408585369587, "median": 0.914585113525, "min": -0.0462299883366, "dvar2": 0.138220638037, "dvar": 0.0492004528642, "dmean": 0.239845380187, "max": 4.58133935928, "var": 0.147176936269, "mean": 0.968382537365}, "spectral_flux": {"dmean2": 0.0304585061967, "median": 0.0702878683805, "min": 5.30482684553e-05, "dvar2": 0.00100802653469, "dvar": 0.000474839878734, "dmean": 0.0206313803792, "max": 0.241862520576, "var": 0.00140914705116, "mean": 0.0740319117904}, "spectral_contrast_valleys": {"dmean2": [0.707857429981, 0.598339796066, 0.555283665657, 0.478260010481, 0.377128303051, 0.429234176874], "median": [-7.00053596497, -6.55084705353, -7.45821380615, -7.6628742218, -6.96161556244, -11.1990528107], "min": [-27.6815643311, -27.1231460571, -27.2522277832, -27.5263290405, -27.2968635559, -27.266658783], "dvar2": [0.369131565094, 0.265173524618, 0.241713568568, 0.198757916689, 0.154476493597, 0.296277493238], "dvar": [0.164588093758, 0.129518836737, 0.122846007347, 0.110237762332, 0.0849399715662, 0.161525145173], "dmean": [0.441263079643, 0.387420445681, 0.369809538126, 0.329380989075, 0.262886196375, 0.314919680357], "max": [-5.54237365723, -4.83437871933, -5.61708211899, -5.71990585327, -5.57345867157, -7.83712100983], "var": [3.64727735519, 3.22720623016, 2.87049102783, 2.80617403984, 3.13464617729, 1.97977495193], "mean": [-7.40790367126, -6.92013168335, -7.74299669266, -7.92779827118, -7.28313541412, -11.3717050552]}, "erbbands_flatness_db": {"dmean2": 0.0190130732954, "median": 0.181467086077, "min": 0.0338324941695, "dvar2": 0.000379899080144, "dvar": 0.000176643603481, "dmean": 0.0127173103392, "max": 0.31095328927, "var": 0.000748344173189, "mean": 0.180592998862}, "spectral_energyband_high": {"dmean2": 0.000428955332609, "median": 0.000350554473698, "min": 2.1614838825e-13, "dvar2": 6.73607360113e-07, "dvar": 2.67927873665e-07, "dmean": 0.000273895799182, "max": 0.00802827253938, "var": 5.03953401676e-07, "mean": 0.000577306665946}, "spectral_entropy": {"dmean2": 0.195234254003, "median": 7.48378705978, "min": 5.44577074051, "dvar2": 0.0425051487982, "dvar": 0.0200888495892, "dmean": 0.132180809975, "max": 9.79942417145, "var": 0.150570690632, "mean": 7.49503517151}, "silence_rate_20dB": {"dmean2": 0, "median": 1, "min": 1, "dvar2": 0, "dvar": 0, "dmean": 0, "max": 1, "var": 0, "mean": 1}, "melbands_flatness_db": {"dmean2": 0.0387219376862, "median": 0.214695155621, "min": 0.0136708123609, "dvar2": 0.00157145282719, "dvar": 0.000740982359275, "dmean": 0.0266470648348, "max": 0.53681409359, "var": 0.00413609715179, "mean": 0.21539850533}, "barkbands": {"dmean2": [2.36557934841e-05, 0.0023623239249, 0.00336527591571, 0.00287259952165, 0.00351910386235, 0.00174249708652, 0.00108378939331, 0.000542430265341, 0.000898545200471, 0.000379358476494, 0.000251497433055, 0.000302850356093, 0.000216816843022, 0.000389686087146, 0.000322407198837, 0.000438557122834, 0.000614753109403, 0.000613469979726, 0.000455243425677, 0.000314623204758, 0.000188639038242, 5.91005627939e-05, 4.12200279243e-05, 3.07372902171e-05, 1.24461457744e-05, 3.40234601026e-06, 3.48172079612e-07], "median": [3.1076972391e-06, 0.00131074222736, 0.00235609174706, 0.00212382897735, 0.00340577145107, 0.00145393121056, 0.000859208637848, 0.00024943833705, 0.000455874367617, 0.000171456049429, 6.37421471765e-05, 8.85898189154e-05, 6.17358600721e-05, 0.000126022001496, 0.000108900909254, 0.000197706947802, 0.000274296529824, 0.000341031991411, 0.000296373502351, 0.000267069466645, 0.000137248716783, 3.11504772981e-05, 7.97366374172e-06, 2.90869365926e-06, 9.40683548833e-07, 2.35260287695e-07, 6.89214019189e-08], "min": [6.9338766399e-19, 2.73933639787e-18, 3.73202840637e-18, 4.98551350481e-18, 1.19283414797e-17, 4.49441637514e-18, 4.14618574496e-18, 7.81583522057e-18, 4.33800355234e-18, 2.72401262887e-17, 4.76256880826e-17, 2.19342176085e-17, 1.11655036074e-16, 3.29153198272e-17, 5.98273399629e-17, 7.94643959467e-17, 7.55548227344e-17, 9.37694721717e-17, 8.55397662306e-17, 1.38796459863e-16, 1.43490107652e-16, 2.02944236958e-16, 2.58323396633e-16, 3.49810684112e-16, 7.58013596146e-16, 3.5877702549e-15, 2.19991857847e-13], "dvar2": [1.83633863671e-09, 1.4811616893e-05, 2.3235930712e-05, 1.60702929861e-05, 2.35217248701e-05, 7.26611324353e-06, 2.45622504735e-06, 1.31429169414e-06, 2.50303310168e-06, 8.86197199179e-07, 4.86318810999e-07, 1.09237873858e-06, 4.00369941644e-07, 1.18783441394e-06, 5.28075588591e-07, 9.16721546673e-07, 1.36134792683e-06, 1.05853337118e-06, 6.09346386682e-07, 2.66976115881e-07, 1.12930145235e-07, 2.99891134148e-08, 3.00346627569e-08, 2.16397548769e-08, 3.4514675562e-09, 2.81240253308e-10, 4.22802808389e-12], "dvar": [8.323099987e-10, 5.39103348274e-06, 9.39470010053e-06, 6.20932087259e-06, 9.0236953838e-06, 2.75101615443e-06, 9.96970925371e-07, 5.61666638532e-07, 1.09469317522e-06, 3.45631690379e-07, 1.91832384644e-07, 4.23714652698e-07, 1.60735154964e-07, 4.85015334561e-07, 2.24215625622e-07