{"tonal": {"thpcp": [1, 0.629436910152, 0.315835773945, 0.226962447166, 0.276105374098, 0.518213450909, 0.673307478428, 0.499970167875, 0.301837205887, 0.230870619416, 0.228569298983, 0.401228964329, 0.540318131447, 0.433910280466, 0.424306631088, 0.532319366932, 0.409603923559, 0.259645700455, 0.246373876929, 0.297065854073, 0.658293783665, 0.910023093224, 0.574601471424, 0.23805847764, 0.177415981889, 0.227161318064, 0.367952048779, 0.418130159378, 0.305244326591, 0.261743634939, 0.259704083204, 0.26587048173, 0.362220197916, 0.422806501389, 0.45862108469, 0.806895375252], "hpcp": {"dmean2": [0.241035267711, 0.203144565225, 0.132248282433, 0.105889357626, 0.131223589182, 0.159969881177, 0.168158695102, 0.140639036894, 0.139991641045, 0.13501419127, 0.138663843274, 0.185513168573, 0.22337192297, 0.26961812377, 0.292789399624, 0.25349727273, 0.276837676764, 0.201799526811, 0.13733458519, 0.18148830533, 0.262346416712, 0.248104944825, 0.241552263498, 0.184606537223, 0.155292987823, 0.132064118981, 0.17701728642, 0.213914439082, 0.207622990012, 0.202297016978, 0.177366912365, 0.164066150784, 0.143695652485, 0.143814846873, 0.171667799354, 0.241025969386], "median": [0.112557381392, 0.064521074295, 0.0196172110736, 0.013933786191, 0.0159595012665, 0.026047218591, 0.033318720758, 0.0277914162725, 0.0207886621356, 0.0196647439152, 0.0203853435814, 0.0274063907564, 0.0387117937207, 0.054233957082, 0.107013627887, 0.120391607285, 0.0789634436369, 0.0268198624253, 0.0177898425609, 0.0192190017551, 0.0429793223739, 0.0721615478396, 0.0535294674337, 0.0238898843527, 0.0134623181075, 0.0176160521805, 0.0420592874289, 0.0564761422575, 0.0409664213657, 0.0344915017486, 0.0239027980715, 0.0228101499379, 0.018388107419, 0.0148624032736, 0.0263021979481, 0.087651103735], "min": [0, 0, 0, 0, 0, 0, 0, 0, 0, 0, 0, 0, 0, 0, 0, 0, 0, 0, 0, 0, 0, 0, 0, 0, 0, 0, 0, 0, 0, 0, 0, 0, 0, 0, 0, 0], "dvar2": [0.0956219956279, 0.0700466930866, 0.0630239248276, 0.0466138124466, 0.0655363947153, 0.0768184512854, 0.0836161524057, 0.0605500042439, 0.0695437341928, 0.0669525265694, 0.0554143413901, 0.0831251069903, 0.0971486344934, 0.130779474974, 0.129398003221, 0.111793830991, 0.12402305752, 0.0989828184247, 0.0614306181669, 0.0968100577593, 0.141905575991, 0.105856053531, 0.106498047709, 0.0937529504299, 0.090743035078, 0.0607891231775, 0.0734186843038, 0.0878382474184, 0.0859797745943, 0.0846987441182, 0.0882502794266, 0.0746881365776, 0.0709283575416, 0.0797864943743, 0.0834751874208, 0.100891813636], "dvar": [0.0441228076816, 0.0300024449825, 0.0246468354017, 0.0173128172755, 0.0237813424319, 0.0301114600152, 0.0348485223949, 0.0242502912879, 0.0269931405783, 0.0253454949707, 0.0217907205224, 0.0325669758022, 0.0377236530185, 0.0484047085047, 0.047841321677, 0.0474964790046, 0.0466693639755, 0.0365766063333, 0.0230712871999, 0.0351296626031, 0.0523029007018, 0.0437136664987, 0.0416990332305, 0.034157127142, 0.0320957936347, 0.0224291719496, 0.0283881351352, 0.0377715826035, 0.0348449759185, 0.032061804086, 0.0357474535704, 0.0286078453064, 0.0260519199073, 0.0291543733329, 0.0311916731298, 0.0385238975286], "dmean": [0.144281446934, 0.12075163424, 0.0759660303593, 0.0599299035966, 0.0744373202324, 0.0940478220582, 0.0990795344114, 0.0838226675987, 0.0801466032863, 0.0782984569669, 0.0794700235128, 0.105486497283, 0.128728866577, 0.152277618647, 0.167828783393, 0.149078324437, 0.15945507586, 0.111503049731, 0.0775669440627, 0.101574346423, 0.148854881525, 0.148863762617, 0.138186857104, 0.102936595678, 0.0860836878419, 0.0745015442371, 0.103840872645, 0.12678514421, 0.121928282082, 0.115666650236, 0.102426692843, 0.0952935665846, 0.0819890871644, 0.08018027246, 0.0980346798897, 0.141376569867], "max": [1, 1, 1, 1, 1, 1, 1, 1, 1, 1, 1, 1, 1, 1, 1, 1, 1, 1, 1, 1, 1, 1, 1, 1, 1, 1, 1, 1, 1, 1, 1, 1, 1, 1, 1, 1], "var": [0.122768424451, 0.0606160499156, 0.0276688300073, 0.016334977001, 0.0228678099811, 0.0446644350886, 0.0573495104909, 0.0315368287265, 0.0299589820206, 0.0293884072453, 0.0286927074194, 0.0433581955731, 0.050134934485, 0.0485373958945, 0.0948992595077, 0.142477542162, 0.0672176852822, 0.0348056554794, 0.0226229652762, 0.0313747785985, 0.0643642619252, 0.0857918560505, 0.0558579415083, 0.0323106236756, 0.0266342945397, 0.0229551289231, 0.0414577499032, 0.0687345042825, 0.0502301864326, 0.0467972569168, 0.0920419320464, 0.0542300343513, 0.0291103087366, 0.0335755012929, 0.0339565239847, 0.0685439109802], "mean": [0.292733311653, 0.184835955501, 0.076577886939, 0.0570706017315, 0.0730725228786, 0.118361636996, 0.134502768517, 0.0981900170445, 0.0841968506575, 0.0835407748818, 0.0855243653059, 0.116517834365, 0.136007040739, 0.147527754307, 0.259559512138, 0.321676790714, 0.202475249767, 0.101597033441, 0.0730085521936, 0.0888166949153, 0.166697233915, 0.216587394476, 0.160828799009, 0.0970940217376, 0.0742657184601, 0.0735254362226, 0.129066050053, 0.173807799816, 0.139578863978, 0.136489599943, 0.17123478651, 0.131760075688, 0.0835219919682, 0.0792527571321, 0.095559194684, 0.211757823825]}, "tuning_equal_tempered_deviation": 0.0632885172963, "chords_changes_rate": 0.0576488301158, "key_key": "D", "tuning_diatonic_strength": 0.722549080849, "key_scale": "major", "chords_number_rate": 0.00527505669743, "tuning_frequency": 436.456176758, "tuning_nontempered_energy_ratio": 0.744163095951, "chords_histogram": [38.0180854797, 1.13036930561, 12.8108510971, 0.715900540352, 3.01431798935, 1.95930671692, 0, 0, 0.0376789756119, 1.31876409054, 1.28108513355, 0.565184652805, 0.565184652805, 0.339110761881, 0, 0.0376789756119, 0.0376789756119, 5.72720432281, 1.54483795166, 3.69253945351, 1.69555389881, 1.7332328558, 19.2162780762, 4.55915594101], "key_strength": 0.918228030205, "chords_key": "D", "chords_strength": {"dmean2": 0.0108379693702, "median": 0.583606123924, "min": 0.250430136919, "dvar2": 0.000111761160952, "dvar": 0.0001097904169, "dmean": 0.0115139391273, "max": 0.822436034679, "var": 0.0141125069931, "mean": 0.571678459644}, "chords_scale": "major", "hpcp_entropy": {"dmean2": 1.17808949947, "median": 1.85672867298, "min": 0, "dvar2": 0.882265210152, "dvar": 0.343824923038, "dmean": 0.704096376896, "max": 4.34659481049, "var": 0.756159245968, "mean": 1.86166000366}}, "metadata": {"audio_properties": {"equal_loudness": 0, "codec": "mp3", "downmix": "mix", "sample_rate": 44100, "analysis_sample_rate": 44100, "bit_rate": 192000, "md5_encoded": "e7c990f16a1c1bf43bb9e7a680da6a6a", "length": 123.193466187, "replay_gain": -11.4666938782, "lossless": false}, "version": {"essentia_build_sha": "70f2e5ece6736b2c40cc944ad0e695b16b925413", "essentia": "2.1-beta2", "extractor": "music 1.0", "essentia_git_sha": "v2.1_beta2"}, "tags": {"title": ["By The Light Of The Silver Moon"], "artist": ["Gene Vincent"], "albumartist": ["Gene Vincent"], "date": ["1998"], "genre": ["Rock & Roll"], "album": ["Be-Bop A-LulaHis 30 Original Hits"], "tracknumber": ["29"], "file_name": "320869.mp3", "musicbrainz_recordingid": ["052d9090-fe0f-4611-82d0-4710b6a6e63b"], "encodedby": ["CDex 1.40 Fr"]}}, "rhythm": {"bpm_histogram_first_peak_bpm": {"dmean2": 0, "median": 126, "min": 126, "dvar2": 0, "dvar": 0, "dmean": 0, "max": 126, "var": 0, "mean": 126}, "bpm": 126.348869324, "bpm_histogram_second_peak_spread": {"dmean2": 0, "median": 0.195122003555, "min": 0.195122003555, "dvar2": 0, "dvar": 0, "dmean": 0, "max": 0.195122003555, "var": 0, "mean": 0.195122003555}, "bpm_histogram_first_peak_weight": {"dmean2": 0, "median": 0.35521236062, "min": 0.35521236062, "dvar2": 0, "dvar": 0, "dmean": 0, "max": 0.35521236062, "var": 0, "mean": 0.35521236062}, "onset_rate": 3.68491315842, "beats_position": [0.46439909935, 0.952018141747, 1.45124709606, 1.95047616959, 2.46131515503, 2.97215414047, 3.47138309479, 3.97061228752, 4.46984100342, 4.98067998886, 5.47990942001, 5.9675283432, 6.45514726639, 6.94276618958, 7.4303855896, 7.91800451279, 8.40562343597, 8.893242836, 9.36925125122, 9.86848068237, 10.3560991287, 10.8437185287, 11.3313379288, 11.8189563751, 12.294965744, 12.7709751129, 13.2585935593, 13.7346029282, 14.2106122971, 14.6866207123, 15.1626300812, 15.6386394501, 16.114648819, 16.602268219, 17.1014957428, 17.600725174, 18.0767345428, 18.5527439117, 19.0287532806, 19.5047607422, 19.9923801422, 20.4799995422, 20.94439888, 21.4204082489, 21.8964176178, 22.3724250793, 22.8600444794, 23.3476638794, 23.8236732483, 24.3112926483, 24.7989120483, 25.2749195099, 25.7509288788, 26.2153282166, 26.6913375854, 27.1673469543, 27.6433563232, 28.1193637848, 28.5953731537, 29.0713825226, 29.5473918915, 30.0234012604, 30.4994106293, 30.9754180908, 31.4514274597, 31.9274368286, 32.4034461975, 32.8678436279, 33.3206329346, 33.7618141174, 34.2378234863, 34.7022209167, 35.1550102234, 35.5961914062, 36.0373687744, 36.4669380188, 36.908115387, 37.3376846313, 37.8020858765, 38.2664833069, 38.730884552, 39.2185020447, 39.6712913513, 40.1473007202, 40.6000900269, 41.0644874573, 41.5404968262, 42.0165061951, 42.4809074402, 42.9569168091, 43.4213142395, 43.9089317322, 44.3849411011, 44.86095047, 45.3253517151, 45.8129692078, 46.2773704529, 46.7417678833, 47.2061653137, 47.6705665588, 48.1349639893, 48.5993652344, 49.052154541, 49.5049438477, 49.9693412781, 50.445350647, 50.9213600159, 51.4089775085, 51.8965988159, 52.3609962463, 52.8370056152, 53.3130149841, 53.7774124146, 54.2418136597, 54.7178230286, 55.1938323975, 55.6814498901, 56.1690673828, 56.6450767517, 57.1210861206, 57.5970954895, 58.0731048584, 58.5491142273, 59.0251235962, 59.5011329651, 59.977142334, 60.4531517029, 60.9291610718, 61.3935585022, 61.8579597473, 62.3339653015, 62.8099746704, 63.2743759155, 63.7387733459, 64.1915664673, 64.6443557739, 65.1087493896, 65.5963668823, 66.0839920044, 66.5716094971, 67.0592269897, 67.5468444824, 68.022857666, 68.4988632202, 68.9748764038, 69.450881958, 69.9268951416, 70.4029006958, 70.8789138794, 71.3549194336, 71.8309249878, 72.3069381714, 72.7829437256, 73.2589569092, 73.7465744019, 74.2225799561, 74.7102050781, 75.1862106323, 75.6506118774, 76.1150131226, 76.5794067383, 77.0438079834, 77.5082092285, 77.9958267212, 78.4718322754, 78.947845459, 79.4122467041, 79.8766403198, 80.3410415649, 80.8286590576, 81.3046722412, 81.7690658569, 82.2218551636, 82.6862564087, 83.1506576538, 83.6150588989, 84.0446243286, 84.4858016968, 84.9153747559, 85.356552124, 85.7861175537, 86.2389068604, 86.691696167, 87.1560974121, 87.6204986572, 88.0848999023, 88.537689209, 88.9904708862, 89.4432601929, 89.8844451904, 90.3372344971, 90.8132400513, 91.2660293579, 91.7188186646, 92.1716079712, 92.6243972778, 93.0887985229, 93.5415878296, 93.9943771362, 94.458770752, 94.9231719971, 95.3875732422, 95.8519744873, 96.3279800415, 96.7923812866, 97.2567749023, 97.709564209, 98.1739654541, 98.6499786377, 99.1375961304, 99.625213623, 100.101219177, 100.588844299, 101.076461792, 101.564079285, 102.051696777, 102.527709961, 102.992103577, 103.46811676, 103.944122314, 104.420135498, 104.884536743, 105.348930359, 105.813331604, 106.289337158, 106.765350342, 107.252967834, 107.728981018, 108.204986572, 108.692604065, 109.180221558, 109.66784668, 110.143852234, 110.608253479, 111.084259033, 111.548660278, 112.024665833, 112.500679016, 112.965080261, 113.429473877, 113.893875122, 114.369888306, 114.84589386, 115.310295105, 115.763084412, 116.215873718, 116.680267334, 117.144668579, 117.597457886, 118.050247192, 118.491424561, 118.944213867, 119.397003174, 119.84979248, 120.302581787, 120.755371094, 121.2081604, 121.660949707, 122.125350952, 122.589744568], "beats_loudness": {"dmean2": 0.0182906705886, "median": 0.0287462696433, "min": 1.37616886775e-08, "dvar2": 0.000211128979572, "dvar": 8.0058023741e-05, "dmean": 0.0109520265833, "max": 0.0657924860716, "var": 0.000145163430716, "mean": 0.0285769887269}, "danceability": 1.12607228756, "bpm_histogram_second_peak_weight": {"dmean2": 0, "median": 0.127413123846, "min": 0.127413123846, "dvar2": 0, "dvar": 0, "dmean": 0, "max": 0.127413123846, "var": 0, "mean": 0.127413123846}, "beats_count": 260, "bpm_histogram_second_peak_bpm": {"dmean2": 0, "median": 133, "min": 133, "dvar2": 0, "dvar": 0, "dmean": 0, "max": 133, "var": 0, "mean": 133}, "bpm_histogram_first_peak_spread": {"dmean2": 0, "median": 0.542288541794, "min": 0.542288541794, "dvar2": 0, "dvar": 0, "dmean": 0, "max": 0.542288541794, "var": 0, "mean": 0.542288541794}, "beats_loudness_band_ratio": {"dmean2": [0.340778291225, 0.337652206421, 0.185961410403, 0.217746838927, 0.215146124363, 0.0914261341095], "median": [0.23530998826, 0.249461501837, 0.10243986547, 0.100994557142, 0.0839830860496, 0.042399354279], "min": [0.000403724698117, 0.00463593797758, 0.00129934225697, 0.00164036336355, 0.00223072175868, 0.00152432639152], "dvar2": [0.0846521034837, 0.053257342428, 0.0303862579167, 0.0390641875565, 0.0466045476496, 0.0156983379275], "dvar": [0.0280627515167, 0.0180603060871, 0.0121895587072, 0.0187964756042, 0.0159108061343, 0.0052462304011], "dmean": [0.18802960217, 0.185024738312, 0.108103357255, 0.122241653502, 0.123022176325, 0.0524038895965], "max": [0.980519115925, 0.709667503834, 0.860278010368, 0.893352270126, 0.692806601524, 0.70815461874], "var": [0.0346917062998, 0.0273166391999, 0.0162498354912, 0.029360037297, 0.0187353137881, 0.00555040966719], "mean": [0.273752212524, 0.26189404726, 0.143150016665, 0.154952973127, 0.142201900482, 0.0652079731226]}}, "lowlevel": {"barkbands_spread": {"dmean2": 7.71617269516, "median": 18.6726264954, "min": 0.16490457952, "dvar2": 74.7856140137, "dvar": 33.745059967, "dmean": 5.0054769516, "max": 94.2158432007, "var": 131.902740479, "mean": 20.731803894}, "melbands_spread": {"dmean2": 11.5780105591, "median": 21.1068286896, "min": 0.3763846457, "dvar2": 224.649795532, "dvar": 107.832511902, "dmean": 7.52533626556, "max": 180.84703064, "var": 430.921142578, "mean": 26.7180175781}, "hfc": {"dmean2": 9.03595638275, "median": 12.6237201691, "min": 1.1352723035e-16, "dvar2": 171.970397949, "dvar": 85.3332061768, "dmean": 6.40572738647, "max": 135.075302124, "var": 344.308074951, "mean": 19.0425701141}, "barkbands_kurtosis": {"dmean2": 4.8361287117, "median": 1.27898263931, "min": -1.87581574917, "dvar2": 1792.21679688, "dvar": 1037.08496094, "dmean": 3.16498303413, "max": 2693.01025391, "var": 4146.0078125, "mean": 5.83024454117}, "gfcc": {"mean": [-41.7535171509, 106.911994934, -141.250350952, 38.8456459045, -63.1649360657, 5.0414891243, -39.07629776, 1.58486711979, -28.1252155304, -5.62356758118, -17.0791893005, -3.03271722794, -7.07899141312], "icov": [[0.000270348187769, -0.000723011500668, 0.00105497462209, -0.000979384640232, 0.0010648566531, -0.000926416600123, 0.000807834556326, -0.000746316742152, 0.000581372878514, -0.000506379001308, 0.00068305246532, -0.000420909782406, 0.000298528262647], [-0.000723011500668, 0.00376097508706, -0.00366918300278, 0.00342566729523, -0.00405815709382, 0.00396623462439, -0.00307988771237, 0.00309225218371, -0.00279849744402, 0.0027186521329, -0.00288990722038, 0.00189901713748, -0.000475320382975], [0.00105497462209, -0.00366918300278, 0.00647274777293, -0.00520241400227, 0.00454305065796, -0.00558353029191, 0.00500249862671, -0.00464685773477, 0.00253855157644, -0.00279241986573, 0.00230140145868, -0.00231388001703, 0.00187249772716], [-0.000979384640232, 0.00342566729523, -0.00520241400227, 0.00745169026777, -0.00521136075258, 0.00544685032219, -0.00354795018211, 0.0033494674135, -0.00317901582457, 0.00217700609937, -0.00201966590248, 0.000529810902663, -0.000982791883871], [0.0010648566531, -0.00405815709382, 0.00454305065796, -0.00521136075258, 0.00907716713846, -0.00478737801313, 0.00296240951866, -0.00450830999762, 0.00252843182534, -0.00129711430054, 0.00335047161207, -0.00173962756526, -9.65689323493e-05], [-0.000926416600123, 0.00396623462439, -0.00558353029191, 0.00544685032219, -0.00478737801313, 0.00996192544699, -0.00531840976328, 0.00461001740769, -0.00317241740413, 0.000898109050468, -0.003179166466, 0.00227482407354, 3.19704413414e-05], [0.000807834556326, -0.00307988771237, 0.00500249862671, -0.00354795018211, 0.00296240951866, -0.00531840976328, 0.00767992530018, -0.00485689844936, 0.00340324733406, -0.00158921291586, 0.00044055734179, -0.00133002980147, 0.000861958949827], [-0.000746316742152, 0.00309225218371, -0.00464685773477, 0.0033494674135, -0.00450830999762, 0.00461001740769, -0.00485689844936, 0.0131269730628, -0.00581551948562, 0.00162115367129, -0.00112515711226, -0.00178152089939, 0.000723557255697], [0.000581372878514, -0.00279849744402, 0.00253855157644, -0.00317901582457, 0.00252843182534, -0.00317241740413, 0.00340324733406, -0.00581551948562, 0.0123451258987, -0.00625594798476, 0.00191743252799, 0.000827268057037, -0.00106778054032], [-0.000506379001308, 0.0027186521329, -0.00279241986573, 0.00217700609937, -0.00129711430054, 0.000898109050468, -0.00158921291586, 0.00162115367129, -0.00625594798476, 0.0143387140706, -0.00476955808699, 0.00133604649454, -0.000807685544714], [0.00068305246532, -0.00288990722038, 0.00230140145868, -0.00201966590248, 0.00335047161207, -0.003179166466, 0.00044055734179, -0.00112515711226, 0.00191743252799, -0.00476955808699, 0.0172478146851, -0.00572942942381, 0.000553325924557], [-0.000420909782406, 0.00189901713748, -0.00231388001703, 0.000529810902663, -0.00173962756526, 0.00227482407354, -0.00133002980147, -0.00178152089939, 0.000827268057037, 0.00133604649454, -0.00572942942381, 0.0150554841384, -0.0060563441366], [0.000298528262647, -0.000475320382975, 0.00187249772716, -0.000982791883871, -9.65689323493e-05, 3.19704413414e-05, 0.000861958949827, 0.000723557255697, -0.00106778054032, -0.000807685544714, 0.000553325924557, -0.0060563441366, 0.0129256313667]], "cov": [[13878.2363281, 302.885375977, -1587.17126465, 168.820632935, -661.749023438, -246.221588135, -190.406951904, -202.888900757, -208.917755127, -108.153419495, -224.240951538, -85.1458587646, -101.219230652], [302.885375977, 1019.98010254, 136.073745728, -11.3890657425, 218.578079224, -104.70703125, 81.4777908325, -1.44219481945, 43.772567749, -85.5562362671, 34.71068573, -38.2762413025, -14.6769189835], [-1587.17126465, 136.073745728, 1064.54626465, 290.828826904, 56.3572235107, 115.346290588, -219.678329468, 144.46887207, 150.339447021, 108.835021973, 37.4062576294, 59.5510139465, -38.2238731384], [168.820632935, -11.3890657425, 290.828826904, 450.924102783, 102.702331543, -83.0559234619, -71.7900466919, 71.2370376587, 63.7435150146, 16.3095779419, -5.10157489777, 65.3519287109, 26.732925415], [-661.749023438, 218.578079224, 56.3572235107, 102.702331543, 310.026550293, -11.9802188873, 56.7959861755, 51.9220924377, 23.4873332977, -29.5953483582, 2.27081012726, 21.5125293732, 28.6914844513], [-246.221588135, -104.70703125, 115.346290588, -83.0559234619, -11.9802188873, 271.099639893, 64.4994659424, 0.170939877629, 17.8267879486, 51.2965049744, 24.8873386383, -18.2683849335, -31.206615448], [-190.406951904, 81.4777908325, -219.678329468, -71.7900466919, 56.7959861755, 64.4994659424, 340.01550293, 20.2179832458, -42.7110099792, -24.8265399933, 33.8740921021, 1.64538729191, 4.4593873024], [-202.888900757, -1.44219481945, 144.46887207, 71.2370376587, 51.9220924377, 0.170939877629, 20.2179832458, 154.504547119, 64.9105529785, 28.1004962921, 10.0496759415, 40.000289917, 4.9410443306], [-208.917755127, 43.772567749, 150.339447021, 63.7435150146, 23.4873332977, 17.8267879486, -42.7110099792, 64.9105529785, 160.772338867, 65.957069397, 9.00877094269, 5.58111000061, 8.48047637939], [-108.153419495, -85.5562362671, 108.835021973, 16.3095779419, -29.5953483582, 51.2965049744, -24.8265399933, 28.1004962921, 65.957069397, 125.471305847, 25.4016590118, 9.22667503357, 1.08455431461], [-224.240951538, 34.71068573, 37.4062576294, -5.10157489777, 2.27081012726, 24.8873386383, 33.8740921021, 10.0496759415, 9.00877094269, 25.4016590118, 86.8616027832, 30.5862827301, 10.7269268036], [-85.1458587646, -38.2762413025, 59.5510139465, 65.3519287109, 21.5125293732, -18.2683849335, 1.64538729191, 40.000289917, 5.58111000061, 9.22667503357, 30.5862827301, 116.007598877, 48.8419723511], [-101.219230652, -14.6769189835, -38.2238731384, 26.732925415, 28.6914844513, -31.206615448, 4.4593873024, 4.9410443306, 8.48047637939, 1.08455431461, 10.7269268036, 48.8419723511, 109.645446777]]}, "spectral_energyband_middle_low": {"dmean2": 0.0053737279959, "median": 0.00700690411031, "min": 2.51282137162e-22, "dvar2": 5.54632679268e-05, "dvar": 2.32004331338e-05, "dmean": 0.00347311748192, "max": 0.0706069543958, "var": 7.14747002348e-05, "mean": 0.00931662227958}, "melbands_crest": {"dmean2": 5.03953647614, "median": 12.4728622437, "min": 2.63977909088, "dvar2": 20.5750961304, "dvar": 8.06556606293, "dmean": 3.0899066925, "max": 39.7706680298, "var": 27.4367809296, "mean": 13.5711011887}, "spectral_kurtosis": {"dmean2": 2.95531010628, "median": 3.90825033188, "min": -1.23774468899, "dvar2": 8.64688396454, "dvar": 2.99891090393, "dmean": 1.73200404644, "max": 25.244600296, "var": 6.4088768959, "mean": 4.34732341766}, "spectral_rms": {"dmean2": 0.000897369056474, "median": 0.00408504763618, "min": 3.21277704961e-12, "dvar2": 8.80580785179e-07, "dvar": 4.38278931369e-07, "dmean": 0.000614137796219, "max": 0.00908848550171, "var": 2.50361608778e-06, "mean": 0.00406768545508}, "zerocrossingrate": {"dmean2": 0.00997382309288, "median": 0.0517578125, "min": 0, "dvar2": 0.000176212415681, "dvar": 0.000147100989125, "dmean": 0.00865986011922, "max": 0.5078125, "var": 0.0011168140918, "mean": 0.0578783936799}, "silence_rate_60dB": {"dmean2": 0.0241281818599, "median": 0, "min": 0, "dvar2": 0.0295768622309, "dvar": 0.0119159808382, "dmean": 0.0120618166402, "max": 1, "var": 0.0658305063844, "mean": 0.0708498209715}, "erbbands_kurtosis": {"dmean2": 1.5194619894, "median": -0.183211326599, "min": -1.67236673832, "dvar2": 3.76424503326, "dvar": 1.65407860279, "dmean": 0.968175590038, "max": 22.3163852692, "var": 4.74673128128, "mean": 0.54316753149}, "erbbands": {"dmean2": [0.00596133153886, 0.18665727973, 1.19178247452, 4.02064371109, 6.02965593338, 6.61058855057, 16.2469425201, 14.7272796631, 11.3986349106, 12.0984249115, 22.3434104919, 21.2065505981, 17.1309738159, 26.1746120453, 25.5512638092, 34.2148399353, 27.1131381989, 30.2064266205, 32.3490447998, 32.6146316528, 27.7554721832, 31.0042743683, 26.7592277527, 15.7507839203, 15.8764591217, 12.1435489655, 9.43712997437, 5.91786289215, 4.20334529877, 2.24513554573, 1.4337195158, 0.698551237583, 0.3960493505, 0.261404186487, 0.0977921932936, 0.0176576003432, 0.00223805615678, 0.000204428026336, 9.16792578209e-06, 1.03129486888e-05], "median": [0.00406207982451, 0.228871494532, 1.02545440197, 1.79530322552, 2.87092471123, 3.94714307785, 6.26281309128, 7.13029146194, 5.74612379074, 3.76394557953, 7.2499704361, 7.44857883453, 7.25624752045, 10.0754108429, 9.66720294952, 7.62447452545, 7.15897464752, 5.95187282562, 6.40403604507, 7.63854598999, 7.98589611053, 9.07345104218, 9.9114818573, 6.47731685638, 5.03730726242, 4.18163871765, 2.80719780922, 2.17136144638, 1.39952516556, 0.822247266769, 0.417298167944, 0.219443663955, 0.105833604932, 0.0568421371281, 0.0259800814092, 0.00859232898802, 0.00135188386776, 8.63516979734e-05, 1.35365589813e-05, 2.12770828512e-05], "min": [1.10197582816e-21, 2.53081401407e-21, 2.750738438e-21, 2.93815038255e-20, 6.87201813499e-20, 1.17906117718e-19, 2.29839396878e-19, 3.37471104207e-19, 4.02941984402e-19, 2.89947665161e-19, 1.23154744141e-18, 1.78965943559e-18, 2.17995550864e-18, 4.52468622247e-18, 1.62187794585e-18, 3.86175141953e-18, 6.80719889217e-18, 5.59410833177e-18, 8.25855634648e-18, 1.16833959295e-17, 2.09203688015e-17, 1.44443552422e-17, 2.06197415884e-17, 9.42640054096e-18, 1.08662978215e-17, 1.43702894902e-17, 1.17176337623e-17, 2.33364244044e-17, 1.7258532874e-17, 1.17119659207e-17, 1.73248446349e-17, 1.75462577239e-17, 1.75503671572e-17, 1.36902196408e-17, 8.90612461518e-18, 6.46873106118e-18, 2.37398664454e-18, 1.18505120559e-18, 3.16430291911e-19, 3.37503131607e-20], "dvar2": [0.00011877338693, 0.0850619003177, 3.03113937378, 54.5798606873, 112.38117218, 105.158592224, 989.602478027, 706.660522461, 504.997406006, 1367.53991699, 6316.41357422, 4526.21679688, 2293.03637695, 4262.51660156, 3675.77758789, 14125.3212891, 6199.65429688, 6231.14111328, 10229.5888672, 8927.52929688, 8458.22460938, 5666.22265625, 3520.2902832, 1263.75952148, 2826.55493164, 725.140075684, 487.310089111, 143.26701355, 77.6995849609, 40.9710769653, 37.3514671326, 9.17889118195, 2.31845760345, 0.995670258999, 0.0965570434928, 0.00187238445505, 2.04262123589e-05, 1.90294727531e-07, 2.58099958073e-10, 1.50900916762e-10], "dvar": [6.12109652138e-05, 0.0340186692774, 1.12244915962, 19.0514202118, 37.4490699768, 42.0688171387, 394.16027832, 296.429504395, 263.758575439, 751.237487793, 2831.01782227, 2469.27319336, 1090.01782227, 2000.02429199, 1961.59240723, 6337.56494141, 2912.94165039, 2950.23486328, 5173.82324219, 4083.89672852, 4079.37426758, 2561.65649414, 1492.63000488, 574.392089844, 1611.37182617, 367.243041992, 225.436294556, 65.1006469727, 36.8184623718, 18.6423110962, 15.451789856, 3.83589911461, 0.991742670536, 0.451092839241, 0.0472017861903, 0.000861255684868, 9.26968186832e-06, 8.27499988532e-08, 1.13714114514e-10, 7.11904979411e-11], "dmean": [0.00380854052491, 0.114912495017, 0.712128579617, 2.38583087921, 3.52784252167, 4.09010648727, 10.3925132751, 9.16488075256, 7.4670176506, 8.21335697174, 14.8782434464, 14.6600475311, 11.3455572128, 17.447807312, 17.3369483948, 22.2864284515, 17.9331054688, 20.1164875031, 21.4441738129, 21.3650608063, 19.054441452, 20.6050624847, 17.4196949005, 10.4965686798, 10.6213665009, 8.19643974304, 6.38908433914, 3.89774465561, 2.80762052536, 1.4951556921, 0.934174716473, 0.444704324007, 0.258713692427, 0.167127013206, 0.0629117637873, 0.0116783697158, 0.00151265179738, 0.000135307389428, 6.31121247352e-06, 7.00400505593e-06], "max": [0.154506385326, 2.51008224487, 20.9686031342, 84.3290481567, 82.3277206421, 122.992935181, 326.219329834, 319.855651855, 515.279296875, 1291.34387207, 1435.23303223, 1808.18395996, 1121.13500977, 1460.48608398, 1233.25134277, 1884.50390625, 1505.50671387, 1170.44665527, 2510.19116211, 1516.8815918, 1393.93212891, 869.65222168, 586.489990234, 658.173950195, 1905.74584961, 388.983093262, 375.470245361, 235.604034424, 114.456512451, 136.854309082, 124.687805176, 51.1201210022, 20.6771812439, 20.1261997223, 6.88371133804, 0.812388598919, 0.0710242316127, 0.00614012731239, 0.000175386128831, 9.92524801404e-05], "var": [0.000451735511888, 0.132696926594, 3.67295122147, 30.5752506256, 52.8484382629, 106.063171387, 929.551330566, 607.624145508, 914.339050293, 2808.07055664, 5514.38720703, 7058.57324219, 4103.31396484, 13527.5693359, 9022.92871094, 9546.15820312, 4758.65966797, 7267.37988281, 14545.6337891, 6603.078125, 6509.69042969, 6064.16601562, 3193.96606445, 1598.26159668, 9318.33984375, 1112.36157227, 558.866516113, 174.032592773, 92.7786865234, 38.030670166, 22.8268470764, 5.18607616425, 1.89458274841, 1.00044894218, 0.120555303991, 0.00211839214899, 2.24790419452e-05, 1.62687584293e-07, 2.99502173062e-10, 2.68109701107e-10], "mean": [0.0129081336781, 0.336167365313, 1.72125005722, 3.63032102585, 5.36082696915, 7.60413265228, 17.76222229, 16.2076187134, 14.6395578384, 15.9410476685, 24.6714286804, 26.7102794647, 24.6209545135, 40.5202178955, 37.5771560669, 34.1945304871, 28.9949588776, 34.0746078491, 34.3453292847, 30.5017127991, 29.3205432892, 36.6772575378, 30.3318843842, 19.4702720642, 21.1085968018, 15.3594484329, 11.4757375717, 6.84673118591, 4.96009206772, 2.5798060894, 1.47157084942, 0.677000463009, 0.408700883389, 0.279979199171, 0.11042869091, 0.0219272561371, 0.00288091180846, 0.000222362228669, 1.83238280442e-05, 2.45902374445e-05]}, "spectral_strongpeak": {"dmean2": 1.3062081337, "median": 0.551927268505, "min": 0, "dvar2": 5.43805980682, "dvar": 2.3745572567, "dmean": 0.800470948219, "max": 25.3936023712, "var": 5.7701292038, "mean": 1.52200198174}, "spectral_energy": {"dmean2": 0.0083379400894, "median": 0.0171048045158, "min": 1.05799849624e-20, "dvar2": 9.86873128568e-05, "dvar": 4.5346951083e-05, "dmean": 0.00561775732785, "max": 0.0846655741334, "var": 0.000166323399753, "mean": 0.0195259358734}, "average_loudness": 0.905371725559, "spectral_rolloff": {"dmean2": 699.76965332, "median": 1227.39257812, "min": 21.533203125, "dvar2": 1005023.1875, "dvar": 512905.78125, "dmean": 426.666229248, "max": 19035.3515625, "var": 1718866.875, "mean": 1541.09863281}, "spectral_centroid": {"dmean2": 404.661865234, "median": 1277.99865723, "min": 230.961349487, "dvar2": 190390.046875, "dvar": 96502.640625, "dmean": 270.642486572, "max": 11081.6162109, "var": 493535.34375, "mean": 1416.06005859}, "pitch_salience": {"dmean2": 0.106668688357, "median": 0.544035673141, "min": 0.0138918925077, "dvar2": 0.00909493397921, "dvar": 0.00365220569074, "dmean": 0.0665639191866, "max": 0.88190382719, "var": 0.0125264683738, "mean": 0.546862900257}, "spectral_energyband_middle_high": {"dmean2": 0.00387517199852, "median": 0.00370591552928, "min": 1.87839226958e-21, "dvar2": 3.71106361854e-05, "dvar": 1.78625232365e-05, "dmean": 0.00267523201182, "max": 0.0575633831322, "var": 7.75264852564e-05, "mean": 0.00692988187075}, "spectral_contrast_coeffs": {"dmean2": [0.0848427414894, 0.07788169384, 0.0647046342492, 0.0526225343347, 0.0416952222586, 0.0355969443917], "median": [-0.592565655708, -0.714466094971, -0.759535551071, -0.767071843147, -0.767305731773, -0.735658526421], "min": [-0.955711483955, -0.962984204292, -0.961135685444, -0.954131007195, -0.95845913887, -0.960130929947], "dvar2": [0.0046949419193, 0.00411389674991, 0.00291406037286, 0.00193738366943, 0.00124935305212, 0.0010613714112], "dvar": [0.00172903889325, 0.00169277819805, 0.00129513372667, 0.00085920287529, 0.000616812962107, 0.000457052141428], "dmean": [0.0508762001991, 0.0478598773479, 0.040419600904, 0.0331093631685, 0.0273505188525, 0.0227552987635], "max": [-0.269733130932, -0.360212355852, -0.391468137503, -0.459150493145, -0.509649097919, -0.536142170429], "var": [0.0090820370242, 0.00729128578678, 0.00795568339527, 0.00590094830841, 0.00454676710069, 0.00264373258688], "mean": [-0.592809796333, -0.705918848515, -0.748800337315, -0.757339000702, -0.759822487831, -0.733878433704]}, "melbands_skewness": {"dmean2": 0.977353692055, "median": 2.00456905365, "min": -1.4593988657, "dvar2": 1.30633485317, "dvar": 0.639860033989, "dmean": 0.627592563629, "max": 44.5058250427, "var": 4.31402873993, "mean": 2.25817751884}, "spectral_spread": {"dmean2": 566590.125, "median": 3644460.5, "min": 1709147.125, "dvar2": 513644134400, "dvar": 358610731008, "dmean": 377687.84375, "max": 42334980, "var": 1752706449410.0, "mean": 3869394.5}, "dissonance": {"dmean2": 0.0310145895928, "median": 0.468107193708, "min": 0.304691970348, "dvar2": 0.000970260880422, "dvar": 0.000370977155399, "dmean": 0.0187250617892, "max": 0.5, "var": 0.000892586715054, "mean": 0.460457742214}, "spectral_skewness": {"dmean2": 0.397872954607, "median": 1.38255894184, "min": 0.024128401652, "dvar2": 0.123157612979, "dvar": 0.0481369458139, "dmean": 0.246868133545, "max": 3.29653263092, "var": 0.185357958078, "mean": 1.40629696846}, "spectral_flux": {"dmean2": 0.0314426869154, "median": 0.0626243278384, "min": 1.02859054607e-10, "dvar2": 0.00102217099629, "dvar": 0.000479772919789, "dmean": 0.0205790698528, "max": 0.281370818615, "var": 0.00152901594993, "mean": 0.0697041004896}, "spectral_contrast_valleys": {"dmean2": [0.73882073164, 0.62381619215, 0.569306433201, 0.514731347561, 0.459734141827, 0.39789095521], "median": [-7.7454123497, -6.93123531342, -7.49585390091, -7.95273780823, -7.76540470123, -10.7037305832], "min": [-27.232591629, -26.9570350647, -27.2985286713, -27.5508937836, -27.2199954987, -27.2313899994], "dvar2": [0.374480873346, 0.273882210255, 0.262416958809, 0.249447360635, 0.206535279751, 0.184498116374], "dvar": [0.1552451998, 0.129578754306, 0.142583891749, 0.138864696026, 0.116291202605, 0.113445423543], "dmean": [0.44380325079, 0.388686686754, 0.367633342743, 0.336329519749, 0.312623351812, 0.298997044563], "max": [-5.93457126617, -4.88914394379, -5.18104171753, -5.53729534149, -5.83954191208, -8.13617229462], "var": [1.75109839439, 1.53634405136, 1.48684573174, 1.3820772171, 1.40372252464, 1.34148061275], "mean": [-8.05754375458, -7.12305021286, -7.60130548477, -8.05243873596, -7.90521192551, -10.8357887268]}, "erbbands_flatness_db": {"dmean2": 0.0241669658571, "median": 0.182843953371, "min": 0.0394269302487, "dvar2": 0.000503524730448, "dvar": 0.000248365104198, "dmean": 0.0164189655334, "max": 0.36713218689, "var": 0.00222799973562, "mean": 0.187675639987}, "spectral_energyband_high": {"dmean2": 0.000443181343144, "median": 0.000240550274611, "min": 7.28843458784e-21, "dvar2": 7.42344411719e-07, "dvar": 3.59966009e-07, "dmean": 0.000303036504192, "max": 0.0104615371674, "var": 1.05524520677e-06, "mean": 0.000626995693892}, "spectral_entropy": {"dmean2": 0.247101649642, "median": 7.34231901169, "min": 5.88947534561, "dvar2": 0.0482583679259, "dvar": 0.0232104249299, "dmean": 0.16558945179, "max": 9.79563903809, "var": 0.138674259186, "mean": 7.37665462494}, "silence_rate_20dB": {"dmean2": 0, "median": 1, "min": 1, "dvar2": 0, "dvar": 0, "dmean": 0, "max": 1, "var": 0, "mean": 1}, "melbands_flatness_db": {"dmean2": 0.0346763245761, "median": 0.196771398187, "min": 0.00766239408404, "dvar2": 0.00114226562437, "dvar": 0.000510308775119, "dmean": 0.0230496712029, "max": 0.469420105219, "var": 0.00259526236914, "mean": 0.199373409152}, "barkbands": {"dmean2": [1.42476028486e-05, 0.000634198251646, 0.00134004885331, 0.00177460268606, 0.00218320707791, 0.0019199885428, 0.00077444879571, 0.000946562096942, 0.000904645770788, 0.000724264013115, 0.00067944888724, 0.00085451133782, 0.000681555538904, 0.000569594150875, 0.000686807907186, 0.000552343670279, 0.000726379978005, 0.000406625214964, 0.000340740429237, 0.000250132579822, 0.000183115145774, 0.000110505468911, 5.26325093233e-05, 2.65088237938e-05, 1.7742446289e-05, 2.07723724088e-06, 4.00663466849e-08], "median": [1.28105175463e-05, 0.000587099348195, 0.000926224282011, 0.000507669523358, 0.00142233236693, 0.000958553748205, 0.00028504000511, 0.00020875458722, 0.000286945112748, 0.000207167046028, 0.00017152602959, 0.000166591868037, 0.000150895357365, 7.44466742617e-05, 0.000119867479953, 0.00011987961625, 0.000154727735207, 0.000138025890919, 0.000103222482721, 8.23680311441e-05, 6.00580424361e-05, 3.70081361325e-05, 1.69516752067e-05, 7.89819387137e-06, 4.51015603176e-06, 1.11516067136e-06, 2.14283479849e-09], "min": [6.13369898504e-23, 1.84345418176e-23, 9.41993302244e-25, 1.98388909337e-23, 3.60640132161e-23, 3.22289028165e-23, 2.9154030293e-23, 4.02688784992e-23, 7.55757714174e-23, 1.07019167565e-22, 6.2242690522e-23, 7.57638106137e-23, 1.4512749804e-22, 1.0732114352e-22, 2.04357030205e-22, 3.17902942599e-22, 2.19767257594e-22, 3.3931030516e-22, 2.25461091525e-22, 2.43427152517e-22, 4.62618630003e-22, 4.55265739547e-22, 5.65144193417e-22, 9.36817586633e-22, 1.24489399817e-21, 1.41703824041e-21, 2.37543209419e-21], "dvar2": [3.02255748208e-10, 1.03173806565e-06, 4.28160592492e-06, 1.23612198877e-05, 1.10760784082e-05, 1.09937245725e-05, 3.36416087521e-06, 9.46849104366e-06, 8.3286440713e-06, 3.18830734614e-06, 4.2518772716e-06, 7.1562467383e-06, 3.4363067698e-06, 2.8395049867e-06, 4.44799707111e-06, 2.99355997413e-06, 3.73660282094e-06, 8.6577148295e-07, 9.20276988836e-07, 2.62275761997e-07, 1.40923489766e-07, 5.43295861632e-08, 4.21721999544e-08, 1.19105481033e-08, 3.902152379e-09, 2.16843782513e-11, 1.02940312185e-14], "dvar": [9.36686631037e-11, 4.19853904532e-07, 1.52795473696e-06, 4.0615755097e-06, 4.33091372543e-06, 4.5967767619e-06, 1.89252227756e-06, 4.24580503022e-06, 4.10525308325e-06, 1.45421699926e-06, 2.09210725188e-06, 3.1944073271e-06, 1.66951087976e-06, 1.27348755541e-06, 2.24458926823e-06, 1.50623941408e-06, 1.60743661581e-06, 3.78225934128e-07, 4.91706884986e-07, 1.35613092311e-07, 6.78435796431e-08, 2.52041836291e-08, 1.78607884038e-08, 5.00423835703e-09, 1.84905568634e-09, 9.39268628153e-12, 3.99721835831e-15], "dmean": [7.81106155046e-06, 0.000390506233089, 0.000795368861873, 0.00103608111385, 0.00133379432373, 0.0012106950162, 0.000517103471793, 0.000614004035015, 0.000604404194746, 0.000468281185022, 0.000449413986644, 0.000561048102099, 0.000447544909548, 0.000374706316506, 0.000448817532742, 0.000369511311874, 0.000475724053103, 0.000263247668045, 0.000224686591537, 0.000168667655089, 0.000122366298456, 7.32215848984e-05, 3.44793443219e-05, 1.73130993062e-05, 1.13632695502e-05, 1.36533492423e-06, 2.3772756208e-08], "max": [0.000186389908777, 0.00943410117179, 0.0238911025226, 0.0416478179395, 0.0290937740356, 0.0397786796093, 0.0394053049386, 0.0568432509899, 0.0591669976711, 0.0495575778186, 0.0379643477499, 0.0393266752362, 0.0272539481521, 0.0213190279901, 0.049276266247, 0.0333696007729, 0.0209564436227, 0.0121686886996, 0.0310712791979, 0.00783413089812, 0.00531189609319, 0.00354996649548, 0.00415354594588, 0.00183200207539, 0.00139920576476, 8.41969813337e-05, 1.0798345329e-06], "var": [7.90537149631e-11, 1.77844367499e-06, 3.68517930838e-06, 5.26808480572e-06, 9.42787210079e-06, 9.77207764663e-06, 6.64428671371e-06, 9.36991182243e-06, 1.16359406093e-05, 1.43979741551e-05, 7.40758287066e-06, 5.39906341146e-06, 2.9501343306e-06, 2.9973891742e-06, 5.43297983313e-06, 2.79731330011e-06, 3.15789770866e-06, 8.22858794436e-07, 2.54922997556e-06, 4.3380393322e-07, 1.80911669645e-07, 6.2439177384e-08, 2.86061005994e-08, 7.6898514223e-09, 4.62689619951e-09, 2.10716704502e-11, 4.36853430898e-15], "mean": [1.38526611408e-05, 0.00111933343578, 0.00160335435066, 0.0013929833658, 0.00248452485539, 0.00215052580461, 0.00101053586695, 0.00098036241252, 0.00112996227108, 0.00109665456694, 0.000863925437443, 0.000844280060846, 0.000692397064995, 0.000595979217906, 0.000622612074949, 0.000551660370547, 0.0007604752318, 0.000446876656497, 0.000408660271205, 0.000313966505928, 0.00020927238802, 0.000128904081066, 5.52482961211e-05, 2.68478797807e-05, 2.02254868782e-05, 2.51243250204e-06, 2.29770567017e-08]}, "erbbands_skewness": {"dmean2": 0.567817747593, "median": 0.174433588982, "min": -3.69392156601, "dvar2": 0.269298374653, "dvar": 0.12891638279, "dmean": 0.380656421185, "max": 4.18297243118, "var": 0.781615376472, "mean": 0.164208218455}, "erbbands_spread": {"dmean2": 10.9359664917, "median": 34.7018661499, "min": 4.56456422806, "dvar2": 132.290466309, "dvar": 54.3833503723, "dmean": 7.07218313217, "max": 126.510162354, "var": 305.199951172, "mean": 35.7161254883}, "melbands_kurtosis": {"dmean2": 8.76743125916, "median": 5.42955589294, "min": -1.75193345547, "dvar2": 1253.02587891, "dvar": 793.899719238, "dmean": 5.6104516983, "max": 2258.7800293, "var": 3702.22119141, "mean": 12.337644577}, "melbands": {"dmean2": [0.000113844049338, 0.000488995283376, 0.000725716236047, 0.000417873088736, 0.000505404605065, 0.000329355796566, 0.00017094713985, 0.000145021476783, 0.000182200732525, 0.000131712382426, 9.20734819374e-05, 0.000110461092845, 8.88686845428e-05, 0.000103941434645, 6.98837466189e-05, 6.2608429289e-05, 5.93235745328e-05, 5.35669641977e-05, 4.66302553832e-05, 4.34488247265e-05, 3.47149252775e-05, 3.02329335682e-05, 4.4759704906e-05, 1.77864694706e-05, 1.29839772853e-05, 1.54665267473e-05, 7.8318935266e-06, 9.18634850677e-06, 6.90705110173e-06, 4.5260699153e-06, 3.61081038136e-06, 2.74855369753e-06, 1.7483503143e-06, 1.17938930089e-06, 9.40696281759e-07, 5.85003419928e-07, 4.06855377832e-07, 2.93782449035e-07, 2.59215795495e-07, 2.25433609558e-07], "median": [9.31477479753e-05, 0.00057296192972, 0.0003830055648, 0.000244650960667, 0.000227067139349, 0.000164436831255, 8.27009789646e-05, 4.32887209172e-05, 5.78317703912e-05, 4.029058618