{"metadata": {"tags": {"label": ["Shimmy Disc"], "mood": ["Sexy", "Trippy", "Groovy"], "catalognumber": ["shimmy 050"], "genre": ["Indie", "Experimental", "Psychedelic", "Indie Rock", "Alternative"], "asin": ["B000007N4M"], "file_name": "17 Love Song.mp3", "album": ["The Big Sell-Out"], "musicbrainz album type": ["album"], "albumartistsort": ["Bongwater"], "musicbrainz album release country": ["US"], "musicbrainz_artistid": ["48ec38a4-53a1-407e-96e1-6e124bd639c3"], "musicbrainz album status": ["official"], "albumartist": ["Bongwater"], "contentgroup": ["Rock"], "originaldate": ["1991-09-23"], "musicip_puid": ["2f93a61b-b4d0-8dab-d819-c2b6586c716b"], "artist": ["Bongwater"], "musicbrainz_albumid": ["48cd2abc-a79c-4fe6-955f-a50b721362f7"], "artistsort": ["Bongwater"], "title": ["Love Song"], "tracknumber": ["17/18"], "musicbrainz_albumartistid": ["48ec38a4-53a1-407e-96e1-6e124bd639c3"], "date": ["1991-09-23"], "musicbrainz_recordingid": ["0534255a-8439-4b35-aa16-83addd539cc6"]}, "audio_properties": {"sample_rate": 44100, "downmix": "mix", "lossless": false, "analysis_sample_rate": 44100, "md5_encoded": "834d221221df2b6b65490f2c252f4fca", "equal_loudness": 0, "replay_gain": -4.13402748108, "codec": "mp3", "bit_rate": 128000, "length": 230.060409546}, "version": {"extractor": "music 1.0", "essentia_build_sha": "70f2e5ece6736b2c40cc944ad0e695b16b925413", "essentia_git_sha": "v2.1_beta2", "essentia": "2.1-beta2"}}, "rhythm": {"beats_loudness_band_ratio": {"dvar2": [0.0371117293835, 0.0314175896347, 0.0230671968311, 0.0311000067741, 0.0215939246118, 0.00151583564002], "var": [0.0412539839745, 0.0259976256639, 0.0147941736504, 0.021805850789, 0.0101172346622, 0.000697854149621], "min": [0.00145259988494, 0.00351261487231, 0.00985809415579, 0.000860057189129, 0.000104068487417, 3.80430792575e-05], "dmean": [0.135636135936, 0.124248251319, 0.106836430728, 0.111367724836, 0.0830482840538, 0.014276358299], "mean": [0.267963826656, 0.237751826644, 0.19900599122, 0.20823957026, 0.124612867832, 0.0213621091098], "max": [0.945518314838, 0.824474513531, 0.703729093075, 0.725295841694, 0.640031397343, 0.206944748759], "dmean2": [0.235352754593, 0.210648626089, 0.176444143057, 0.192040979862, 0.14264537394, 0.0239763744175], "median": [0.209197998047, 0.194094598293, 0.172330141068, 0.181390315294, 0.107884094119, 0.0149570349604], "dvar": [0.0149221681058, 0.0109536591917, 0.00783433858305, 0.0106293680146, 0.0073014004156, 0.000567283015698]}, "bpm_histogram_first_peak_weight": {"dvar2": 0, "var": 0, "min": 0.380462706089, "dmean": 0, "mean": 0.380462706089, "max": 0.380462706089, "dmean2": 0, "median": 0.380462706089, "dvar": 0}, "bpm": 91.3166351318, "beats_count": 390, "bpm_histogram_first_peak_spread": {"dvar2": 0, "var": 0, "min": 0.455882370472, "dmean": 0, "mean": 0.455882370472, "max": 0.455882370472, "dmean2": 0, "median": 0.455882370472, "dvar": 0}, "danceability": 1.00837433338, "bpm_histogram_first_peak_bpm": {"dvar2": 0, "var": 0, "min": 92, "dmean": 0, "mean": 92, "max": 92, "dmean2": 0, "median": 92, "dvar": 0}, "beats_position": [0.406349211931, 0.824308395386, 1.23065757751, 1.64861679077, 2.06657600403, 2.48453521729, 2.90249419212, 3.32045340538, 3.73841261864, 4.15637159348, 4.57433080673, 5.00390005112, 5.42185926437, 5.83981847763, 6.25777769089, 6.66412687302, 7.08208608627, 7.50004529953, 7.90639448166, 8.31274318695, 8.71909236908, 9.12544155121, 9.54340076447, 9.96135997772, 10.379319191, 10.774058342, 11.1687984467, 11.5635375977, 11.9698867798, 12.3762359619, 12.782585144, 13.2005443573, 13.6301136017, 14.0480718613, 14.4660310745, 14.8839902878, 15.301949501, 15.7199087143, 16.1262588501, 16.5326080322, 16.9389572144, 17.3569164276, 17.7748756409, 18.1928348541, 18.6107940674, 19.0287532806, 19.5395908356, 20.0504302979, 20.5728797913, 21.0953292847, 21.6061668396, 22.128616333, 22.7903842926, 23.4521541595, 24.1139221191, 24.7756919861, 25.4258499146, 26.076007843, 26.73777771, 27.3995456696, 28.0613155365, 28.7230834961, 29.3848514557, 30.0466213226, 30.7083892822, 31.3701572418, 32.0435371399, 32.7053070068, 33.3554649353, 34.0172348022, 34.6790008545, 35.3407707214, 36.0025405884, 36.6643066406, 37.3144645691, 37.976234436, 38.638004303, 39.3113822937, 39.9847602844, 40.6581382751, 41.3315200806, 42.0048980713, 42.678276062, 43.3516540527, 44.0250320435, 44.6984100342, 45.3717918396, 46.0451698303, 46.7069396973, 47.380317688, 48.0420837402, 48.7154655457, 49.3888435364, 50.0622215271, 50.7355995178, 51.4089775085, 52.0823554993, 52.7557373047, 53.4291152954, 54.1024932861, 54.7758712769, 55.4492492676, 56.1110191345, 56.7727890015, 57.4461669922, 58.1195449829, 58.7697029114, 59.4198646545, 60.0816307068, 60.7434005737, 61.3935585022, 62.0553283691, 62.7170982361, 63.3788642883, 64.0290222168, 64.67918396, 65.3177337646, 65.9911117554, 66.6644897461, 67.3378677368, 67.9996337891, 68.6614074707, 69.3231735229, 69.9849395752, 70.6699295044, 71.3316955566, 71.9934692383, 72.6552352905, 73.3170089722, 73.9787750244, 74.6289291382, 75.2790908813, 75.9408569336, 76.6026306152, 77.2876205444, 77.9726028442, 78.6575927734, 79.3309707642, 79.9927444458, 80.6661224365, 81.3395004272, 82.012878418, 82.6862564087, 83.3596343994, 84.0214080811, 84.6831741333, 85.356552124, 86.0183181763, 86.6800918579, 87.3534698486, 88.0152359009, 88.6770019531, 89.3271636963, 89.9889297485, 90.6507034302, 91.3008575439, 91.9626312256, 92.6243972778, 93.274559021, 93.9247131348, 94.5748748779, 95.2250289917, 95.8751907349, 96.525352478, 97.1755065918, 97.825668335, 98.4758224487, 99.1259841919, 99.7761459351, 100.41469574, 101.053237915, 101.69178772, 102.330337524, 102.980499268, 103.630653381, 104.280815125, 104.930976868, 105.569519043, 106.219680786, 106.869842529, 107.531608582, 108.204986572, 108.855148315, 109.505302429, 110.155464172, 110.805618286, 111.455780029, 112.094329834, 112.732879639, 113.371429443, 114.021583557, 114.683357239, 115.356735229, 116.018501282, 116.680267334, 117.353645325, 118.015419006, 118.677185059, 119.315734863, 119.954284668, 120.604438782, 121.254600525, 121.904762268, 122.543312073, 123.181854248, 123.832015991, 124.482177734, 125.132331848, 125.79410553, 126.467483521, 127.129249573, 127.791015625, 128.476013184, 129.149383545, 129.822769165, 130.496139526, 131.169525146, 131.842895508, 132.504669189, 133.166442871, 133.839813232, 134.513198853, 135.163360596, 135.81350708, 136.463668823, 137.113830566, 137.76399231, 138.402542114, 139.052688599, 139.691238403, 140.341400146, 140.99156189, 141.618499756, 142.233825684, 142.86076355, 143.499313354, 144.126251221, 144.753189087, 145.380126953, 146.007064819, 146.634017944, 147.260955811, 147.887893677, 148.526443481, 149.153381348, 149.791931152, 150.430480957, 151.080627441, 151.695953369, 152.299682617, 152.903396606, 153.518722534, 154.134063721, 154.749389648, 155.364715576, 155.968429565, 156.595367432, 157.222305298, 157.849243164, 158.47618103, 159.126342773, 159.776504517, 160.42666626, 161.088439941, 161.761810303, 162.446792603, 163.131790161, 163.793563843, 164.455322266, 165.117095947, 165.76725769, 166.405807495, 167.032745361, 167.671295166, 168.298233032, 168.936782837, 169.575332642, 170.225479126, 170.875640869, 171.549026489, 172.222396851, 172.884170532, 173.545944214, 174.207702637, 174.869476318, 175.577682495, 176.285888672, 176.994094849, 177.702316284, 178.364074707, 179.01423645, 179.676010132, 180.326171875, 180.976318359, 181.626480103, 182.253417969, 182.891967773, 183.530517578, 184.169067383, 184.819229126, 185.469390869, 186.107940674, 186.758087158, 187.396636963, 188.035186768, 188.685348511, 189.335510254, 189.985671997, 190.624221802, 191.262756348, 191.924530029, 192.563079834, 193.1900177, 193.828567505, 194.46711731, 195.117279053, 195.755828857, 196.394378662, 197.044525146, 197.69468689, 198.344848633, 198.995010376, 199.645172119, 200.283721924, 200.933868408, 201.584030151, 202.222579956, 202.861129761, 203.499679565, 204.13822937, 204.776779175, 205.415328979, 206.042266846, 206.657592773, 207.28453064, 207.911468506, 208.538406372, 209.165344238, 209.629745483, 210.094146729, 210.570159912, 211.022949219, 211.475738525, 211.928527832, 212.381317139, 212.834106445, 213.286895752, 213.739685059, 214.192474365, 214.645263672, 215.109649658, 215.574050903, 216.038452148, 216.502853394, 216.9556427, 217.303939819, 217.652236938, 218.000534058, 218.348846436, 218.720352173, 219.08026123, 219.440170288, 219.800079346, 220.159988403, 220.51991272, 220.868209839, 221.216506958, 221.564804077, 221.913101196, 222.261398315, 222.609695435, 222.958007812, 223.31791687, 223.677825928, 224.026123047, 224.386032104, 224.734329224, 225.082626343, 225.430923462, 225.779220581, 226.1275177, 226.475830078, 226.824127197, 227.160812378, 227.497497559, 227.834197998, 228.182495117, 228.530792236, 228.890701294, 229.250610352], "beats_loudness": {"dvar2": 0.000513160135597, "var": 0.000422412878834, "min": 1.25271128582e-07, "dmean": 0.0136119090021, "mean": 0.0264982264489, "max": 0.0891947299242, "dmean2": 0.0228735022247, "median": 0.0242187865078, "dvar": 0.000176964749699}, "bpm_histogram_second_peak_weight": {"dvar2": 0, "var": 0, "min": 0.0719794332981, "dmean": 0, "mean": 0.0719794332981, "max": 0.0719794332981, "dmean2": 0, "median": 0.0719794332981, "dvar": 0}, "bpm_histogram_second_peak_spread": {"dvar2": 0, "var": 0, "min": 0.333333313465, "dmean": 0, "mean": 0.333333313465, "max": 0.333333313465, "dmean2": 0, "median": 0.333333313465, "dvar": 0}, "bpm_histogram_second_peak_bpm": {"dvar2": 0, "var": 0, "min": 144, "dmean": 0, "mean": 144, "max": 144, "dmean2": 0, "median": 144, "dvar": 0}, "onset_rate": 2.15581941605}, "lowlevel": {"spectral_energyband_high": {"dvar2": 1.00101253508e-07, "var": 4.68057919534e-07, "min": 8.09789867188e-21, "dmean": 9.46459185798e-05, "mean": 0.000339950522175, "max": 0.00996972154826, "dmean2": 0.000139653740916, "median": 0.000141235577757, "dvar": 5.10908861884e-08}, "spectral_energyband_middle_low": {"dvar2": 4.55204935861e-05, "var": 7.59372487664e-05, "min": 1.82259723585e-22, "dmean": 0.00320903863758, "mean": 0.00976085197181, "max": 0.0860313549638, "dmean2": 0.00505241984501, "median": 0.00771448481828, "dvar": 1.83392221516e-05}, "spectral_energy": {"dvar2": 9.69359389273e-05, "var": 0.00029335837462, "min": 1.08895411508e-20, "dmean": 0.00498083326966, "mean": 0.0210595559329, "max": 0.108953565359, "dmean2": 0.00766078615561, "median": 0.0173821933568, "dvar": 4.10981774621e-05}, "spectral_spread": {"dvar2": 241202544640, "var": 1149141254140.0, "min": 937007.9375, "dmean": 235133.03125, "mean": 2741578, "max": 41130664, "dmean2": 368966.1875, "median": 2705816.25, "dvar": 172379504640}, "spectral_energyband_low": {"dvar2": 1.97125627892e-05, "var": 1.48863446157e-05, "min": 9.59776013817e-23, "dmean": 0.00125855801161, "mean": 0.00296636181884, "max": 0.0517334900796, "dmean2": 0.00200574123301, "median": 0.00162877317052, "dvar": 7.69819234847e-06}, "spectral_rolloff": {"dvar2": 289404.71875, "var": 928367.875, "min": 86.1328125, "dmean": 226.837585449, "mean": 1459.18493652, "max": 19121.484375, "dmean2": 381.021179199, "median": 1507.32421875, "dvar": 137773.953125}, "barkbands": {"dvar2": [4.21765244951e-09, 7.125614502e-06, 5.2528280321e-06, 1.69837664998e-06, 8.36173239804e-06, 3.49877927874e-06, 1.92461220649e-06, 3.09491497319e-06, 1.29077625388e-05, 2.37373733398e-05, 8.90758747119e-06, 3.58282568413e-06, 9.63793627307e-06, 1.10348810267e-05, 2.31406875173e-06, 1.29257443859e-06, 2.3548099648e-07, 7.26278130969e-08, 1.68839790149e-07, 7.51208446559e-08, 2.41082407371e-08, 1.18326228815e-08, 4.69079974863e-09, 7.95750665361e-09, 8.64543603374e-10, 3.02620532799e-11, 9.7321808815e-14], "var": [4.05254096947e-09, 6.28833367955e-06, 2.64534787675e-06, 1.75377942924e-06, 8.77946331457e-06, 5.72735598325e-06, 2.43264503297e-06, 4.57986061519e-06, 1.10673054223e-05, 1.9077800971e-05, 5.65512618778e-06, 2.85228952634e-06, 7.51376956032e-06, 9.18556725082e-06, 1.64979064721e-06, 1.43440627198e-06, 2.58914354845e-07, 7.49167767822e-08, 1.89017825392e-07, 1.29264137172e-07, 5.79397081424e-08, 2.61732289175e-08, 9.34956734255e-09, 5.73625058564e-09, 9.62873003552e-10, 2.61517960065e-11, 3.29757075324e-14], "min": [8.0336572224e-23, 3.32131519461e-23, 1.73242658474e-23, 6.01483721037e-24, 4.60677760808e-23, 7.04032562158e-24, 9.5087747348e-24, 6.32678121129e-23, 4.64246251999e-23, 5.63712808459e-23, 4.68489597917e-23, 8.99298528944e-23, 5.4338954273e-23, 1.31038606356e-22, 9.62363603804e-23, 1.62836567082e-22, 1.29170293431e-22, 1.03806017191e-22, 3.70822660373e-22, 4.07938831021e-22, 4.77041632679e-22, 4.212203709e-22, 4.78721388915e-22, 8.29987038866e-22, 1.32570738317e-21, 1.65110470632e-21, 2.8420463741e-21], "dmean": [1.57698068506e-05, 0.000748845690396, 0.00056663248688, 0.000394874892663, 0.00113283435348, 0.000774593558162, 0.00051638513105, 0.000543164263945, 0.00110409641638, 0.00122115027625, 0.000706917839125, 0.00057037291117, 0.000813977501821, 0.000850912241731, 0.000444441888249, 0.000289781426545, 0.000155102519784, 9.86308150459e-05, 0.000110544511699, 8.10219207779e-05, 3.34352225764e-05, 2.18760815187e-05, 1.45423528011e-05, 8.99863516679e-06, 3.26160488839e-06, 9.43509462559e-07, 4.03251618764e-08], "mean": [2.46609470196e-05, 0.00158566934988, 0.00104031176306, 0.000724541023374, 0.00245044729672, 0.00168032781221, 0.00104887853377, 0.00104055681732, 0.00186417752411, 0.0020559320692, 0.00110208138358, 0.000967609928921, 0.00140412966721, 0.00148873159196, 0.000782302056905, 0.000564523972571, 0.000314187956974, 0.000218077213503, 0.000259113614447, 0.00022554435418, 8.93730684766e-05, 6.07281326666e-05, 3.90693057852e-05, 1.98932702915e-05, 7.07633125785e-06, 1.62298090345e-06, 3.74064335062e-08], "max": [0.000746407313272, 0.0275129117072, 0.029305383563, 0.0293294899166, 0.0348569452763, 0.0347660221159, 0.0278836824, 0.0361800454557, 0.0420891530812, 0.0694714188576, 0.0435559526086, 0.0176888834685, 0.0355031117797, 0.0447134003043, 0.0254540890455, 0.0252801924944, 0.00953330844641, 0.00339257158339, 0.00935036409646, 0.00484075257555, 0.005129088182, 0.00303206010722, 0.00154449010734, 0.00384467863478, 0.00213256548159, 0.000147105994984, 5.87154772802e-06], "dmean2": [2.49883250945e-05, 0.00119652994908, 0.000926850538235, 0.000648286193609, 0.00183597847354, 0.00118843175005, 0.000779256224632, 0.000825018272735, 0.00179205904715, 0.00197443575598, 0.00119051197544, 0.000932540686335, 0.0013320336584, 0.00139469187707, 0.000714534544386, 0.000457590736914, 0.000252131634625, 0.000161268704687, 0.000180175105925, 0.000127875900944, 5.20279900229e-05, 3.42941457347e-05, 2.2070691557e-05, 1.35472191687e-05, 4.63699507236e-06, 1.42160104133e-06, 6.97600128774e-08], "median": [2.47165894507e-06, 0.000605928944424, 0.000434359011706, 0.00034270316246, 0.00156450772192, 0.000892328273039, 0.000538389605936, 0.000351885188138, 0.00052454136312, 0.000429378560511, 0.00022532249568, 0.000325130706187, 0.000402138772188, 0.000434165413026, 0.000311948475428, 0.000268680101726, 0.000148932711454, 0.000128950967337, 0.000111052584543, 8.23614027468e-05, 2.90537755063e-05, 1.15620487122e-05, 8.87672194949e-06, 5.62514969715e-06, 1.66045686001e-06, 3.04976509824e-07, 3.06481040546e-09], "dvar": [1.7495636051e-09, 2.89658964903e-06, 1.87646310223e-06, 6.23753919626e-07, 3.08191988552e-06, 1.46752449837e-06, 8.33377782783e-07, 1.42594558383e-06, 4.91231458e-06, 9.20477850741e-06, 3.10043969876e-06, 1.34365348003e-06, 3.51819971911e-06, 4.16524108005e-06, 8.82165124949e-07, 5.30997851911e-07, 9.28657968302e-08, 2.78214855598e-08, 6.38248280893e-08, 3.00620790483e-08, 1.1210103068e-08, 4.87816320671e-09, 2.08770356558e-09, 3.48076389933e-09, 5.19835230417e-10, 1.38706233999e-11, 3.73794318252e-14]}, "melbands_skewness": {"dvar2": 0.391388237476, "var": 1.09712684155, "min": -1.37124097347, "dmean": 0.403994381428, "mean": 1.42573940754, "max": 8.06991577148, "dmean2": 0.638046562672, "median": 1.2881783247, "dvar": 0.156865701079}, "barkbands_skewness": {"dvar2": 0.279742538929, "var": 0.819343388081, "min": -2.70121526718, "dmean": 0.345652997494, "mean": 0.807299852371, "max": 6.4588060379, "dmean2": 0.546222925186, "median": 0.669075250626, "dvar": 0.112287417054}, "erbbands": {"dvar2": [0.00298258359544, 0.527673602104, 5.97581624985, 9.87674713135, 80.0883331299, 110.645378113, 267.618927002, 296.51852417, 296.461914062, 838.314147949, 1823.05383301, 8448.93359375, 30201.25, 10558.0058594, 11024.6425781, 7527.86572266, 21258.3945312, 37134.3789062, 9915.28222656, 2454.58862305, 4233.65087891, 514.48815918, 169.906433105, 313.012115479, 255.576416016, 166.401977539, 66.2998504639, 51.0453071594, 16.0415248871, 7.98020982742, 4.47487163544, 6.94882249832, 0.983924031258, 0.379430800676, 0.00720848329365, 0.000923580781091, 9.95395384962e-05, 1.98934276341e-06, 8.17064194081e-10, 1.34073030456e-10], "var": [0.00276068830863, 0.420513689518, 3.39842057228, 5.97893381119, 89.5032958984, 77.9459457397, 724.47845459, 325.835601807, 421.005310059, 1275.55712891, 2386.65405273, 6570.92529297, 25283.2421875, 8603.11621094, 7222.01318359, 6170.20849609, 15639.6376953, 32651.8261719, 6672.2421875, 2588.25683594, 4801.48925781, 638.460205078, 208.158447266, 314.727142334, 432.631744385, 280.481170654, 141.063827515, 81.5170593262, 35.8406600952, 17.8522796631, 7.49188232422, 5.08204841614, 0.733649492264, 0.308330833912, 0.0105640832335, 0.00103937578388, 6.8352164817e-05, 1.09417862859e-06, 7.27015392332e-10, 4.53602738704e-10], "min": [1.86867834999e-21, 4.87149725239e-21, 2.23413017774e-20, 1.87610718314e-20, 5.33852092208e-20, 2.04850580765e-19, 1.42048921934e-19, 5.64584695397e-20, 1.42685178922e-19, 2.86088660808e-19, 1.81835908733e-18, 1.02718089055e-18, 1.14622127968e-18, 1.88740902294e-18, 1.79624420685e-18, 4.36938099451e-18, 3.17127232937e-18, 6.89440854415e-18, 3.42592070812e-18, 1.01479774863e-17, 7.07500316498e-18, 6.78357047798e-18, 5.70958150451e-18, 1.46422945997e-17, 1.66767966015e-17, 2.05005796037e-17, 1.63789702219e-17, 2.3261129462e-17, 1.39312236754e-17, 1.53463659217e-17, 1.27447745346e-17, 1.64472407466e-17, 1.47373393065e-17, 1.54536859887e-17, 8.52099180352e-18, 6.1350836252e-18, 2.80816630344e-18, 1.22570154923e-18, 4.19432165955e-19, 4.64183483662e-20], "dmean": [0.0151402885094, 0.197741866112, 0.618946373463, 0.939232170582, 2.82602930069, 3.95103240013, 5.53225708008, 6.68483781815, 6.49134016037, 9.46269226074, 12.4510412216, 24.7118625641, 40.5461006165, 25.4670372009, 25.5312366486, 25.4329681396, 33.1170845032, 49.1389160156, 27.4010906219, 17.1889362335, 13.9835987091, 7.36154985428, 4.53370714188, 5.44762802124, 4.51293182373, 3.77626538277, 2.01980638504, 1.21104979515, 0.819665551186, 0.581977903843, 0.421919316053, 0.256280243397, 0.105897068977, 0.0531409978867, 0.0156361553818, 0.00508197536692, 0.00163571105804, 0.000229237484746, 6.44132842353e-06, 5.90260833633e-06], "mean": [0.0325367040932, 0.403711020947, 1.18302619457, 1.89007997513, 5.23936748505, 7.68380308151, 13.2256031036, 13.1637296677, 13.9727506638, 19.2436199188, 24.9849796295, 42.3742523193, 69.6599960327, 47.8466835022, 43.8421325684, 45.8497276306, 60.8085250854, 92.524559021, 50.5117378235, 35.1384963989, 28.6226387024, 16.6582565308, 11.064330101, 13.0606460571, 12.3522939682, 10.5837593079, 5.62076854706, 3.09438204765, 2.24032711983, 1.59570550919, 1.08451390266, 0.585008859634, 0.235435158014, 0.111674658954, 0.0334029123187, 0.00962150096893, 0.00267561152577, 0.000330072740326, 1.90571827261e-05, 2.57345054706e-05], "max": [0.599963486195, 7.17193555832, 31.5112895966, 35.1586151123, 218.736328125, 120.140129089, 530.808288574, 181.156814575, 344.946960449, 714.823669434, 930.388671875, 1338.38098145, 2659.31005859, 1534.33544922, 2036.21557617, 949.321044922, 1716.62304688, 2637.70532227, 1774.20300293, 807.068054199, 1670.68017578, 363.139923096, 216.232254028, 435.154785156, 350.864257812, 222.529495239, 272.153808594, 224.467453003, 121.59942627, 75.7762374878, 49.8791236877, 143.156082153, 46.7856216431, 41.0655288696, 4.15739202499, 1.13981556892, 0.161393970251, 0.0216806642711, 0.000459070084617, 0.00013532070443], "dmean2": [0.0241001993418, 0.319415420294, 1.01311981678, 1.54718899727, 4.61378574371, 6.56588125229, 8.47354793549, 10.3780851364, 9.72379875183, 14.3120031357, 19.268737793, 40.4662399292, 65.4684371948, 41.4903144836, 42.7910003662, 41.555355072, 54.8086967468, 79.1581115723, 44.784286499, 27.3357658386, 22.0614299774, 11.9292526245, 7.30862665176, 8.8442697525, 7.38562297821, 5.96548128128, 3.17952060699, 1.88488829136, 1.28333604336, 0.898714482784, 0.642018556595, 0.382983118296, 0.158966839314, 0.0762713253498, 0.0234485082328, 0.00766413286328, 0.00248790718615, 0.000358012912329, 9.7398115031e-06, 9.01058592717e-06], "median": [0.00913453660905, 0.160840034485, 0.49470615387, 1.1108905077, 2.56755566597, 4.94933366776, 5.64639186859, 7.08655023575, 7.58722114563, 8.05651569366, 9.66324329376, 12.2493391037, 15.1925630569, 13.0847549438, 14.637503624, 16.5365962982, 19.103559494, 30.0193386078, 21.8565635681, 18.3452243805, 12.8121576309, 8.84696388245, 6.34815788269, 7.54038047791, 5.26072072983, 4.0450501442, 2.11432147026, 0.836977899075, 0.441390037537, 0.317749708891, 0.245038256049, 0.150588691235, 0.0720754340291, 0.0285217557102, 0.00625082850456, 0.00172981829382, 0.000514883897267, 5.7558354456e-05, 1.25826381918e-05, 2.10337821045e-05], "dvar": [0.00126545445528, 0.208131805062, 2.17845606804, 3.51761007309, 29.4714851379, 39.3742218018, 118.12449646, 122.61554718, 136.423202515, 407.766723633, 779.215087891, 3151.16162109, 11970.3085938, 3948.375, 3908.57202148, 2834.87475586, 7558.12255859, 14086.3574219, 3637.57275391, 1014.76916504, 1795.59082031, 201.190551758, 67.4725265503, 123.723098755, 98.1590652466, 65.9695892334, 29.0460262299, 21.0598545074, 6.80111551285, 3.42100834846, 1.98178517818, 3.12524437904, 0.419396668673, 0.202626138926, 0.00395889347419, 0.000457719404949, 4.32642336818e-05, 8.35792150156e-07, 3.54354601217e-10, 5.76229897131e-11]}, "silence_rate_30dB": {"dvar2": 0, "var": 0, "min": 1, "dmean": 0, "mean": 1, "max": 1, "dmean2": 0, "median": 1, "dvar": 0}, "melbands_spread": {"dvar2": 58.158367157, "var": 179.398468018, "min": 0.782272875309, "dmean": 4.88525295258, "mean": 25.2182979584, "max": 134.644439697, "dmean2": 7.64969444275, "median": 24.8888206482, "dvar": 24.9294967651}, "melbands_crest": {"dvar2": 15.3096046448, "var": 20.7328281403, "min": 1.90952193737, "dmean": 2.57850337029, "mean": 11.0281639099, "max": 31.0906467438, "dmean2": 4.23047018051, "median": 10.0178375244, "dvar": 5.6920170784}, "zerocrossingrate": {"dvar2": 5.31961741217e-05, "var": 0.00062743271701, "min": 0.0029296875, "dmean": 0.00482968706638, "mean": 0.0510953888297, "max": 0.5146484375, "dmean2": 0.0060600200668, "median": 0.0517578125, "dvar": 4.14035530412e-05}, "barkbands_kurtosis": {"dvar2": 11.987408638, "var": 18.2853126526, "min": -1.8198993206, "dmean": 1.19540441036, "mean": 1.49873054028, "max": 58.4723396301, "dmean2": 1.91106653214, "median": 0.225089073181, "dvar": 4.77645492554}, "spectral_flux": {"dvar2": 0.000544010137673, "var": 0.00138817995321, "min": 1.0435296377e-10, "dmean": 0.0142671065405, "mean": 0.0645190030336, "max": 0.226168915629, "dmean2": 0.0225188992918, "median": 0.0617191456258, "dvar": 0.000236855339608}, "barkbands_crest": {"dvar2": 9.7824010849, "var": 12.4833803177, "min": 2.19064950943, "dmean": 2.06226277351, "mean": 8.36368083954, "max": 25.4745731354, "dmean2": 3.40055394173, "median": 7.5445599556, "dvar": 3.5855152607}, "barkbands_flatness_db": {"dvar2": 0.000417894887505, "var": 0.00340478029102, "min": 0.032375510782, "dmean": 0.0146966362372, "mean": 0.167417749763, "max": 0.42932960391, "dmean2": 0.0229827035218, "median": 0.15118740499, "dvar": 0.000171544656041}, "spectral_entropy": {"dvar2": 0.0211157072335, "var": 0.276719450951, "min": 5.02456045151, "dmean": 0.104510471225, "mean": 7.16964387894, "max": 9.79567527771, "dmean2": 0.159972503781, "median": 7.33479690552, "dvar": 0.0092250239104}, "pitch_salience": {"dvar2": 0.00634332140908, "var": 0.00895000249147, "min": 0.148939326406, "dmean": 0.056647375226, "mean": 0.568458497524, "max": 0.83936560154, "dmean2": 0.0921802222729, "median": 0.576380074024, "dvar": 0.00235635903664}, "erbbands_spread": {"dvar2": 34.1967010498, "var": 91.3384933472, "min": 3.43042445183, "dmean": 4.09874153137, "mean": 23.8377094269, "max": 94.0115737915, "dmean2": 6.45103740692, "median": 22.5367145538, "dvar": 14.9404144287}, "dynamic_complexity": 4.34489774704, "spectral_contrast_valleys": {"dvar2": [0.303355008364, 0.187221258879, 0.15402546525, 0.121745012701, 0.0692127943039, 0.186431229115], "var": [1.01002407074, 0.746743261814, 1.15981054306, 1.34847438335, 1.80917870998, 2.84711647034], "min": [-26.7461242676, -27.3235549927, -27.2340316772, -27.225069046, -27.2730560303, -27.2107429504], "dmean": [0.385063320398, 0.322205305099, 0.294604301453, 0.257732272148, 0.182210475206, 0.280692011118], "mean": [-7.63932943344, -6.88360071182, -7.45709943771, -7.8383231163, -8.176445961, -11.8395719528], "max": [-5.33935785294, -4.80996465683, -5.05143022537, -5.34882068634, -5.77608919144, -8.17959213257], "dmean2": [0.624662160873, 0.513396143913, 0.463545262814, 0.39372330904, 0.275499135256, 0.431634575129], "median": [-7.46577978134, -6.79022884369, -7.26297521591, -7.51881313324, -7.63476085663, -11.1822767258], "dvar": [0.133644834161, 0.090861491859, 0.0783388838172, 0.0697964504361, 0.0449962206185, 0.0906960219145]}, "hfc": {"dvar2": 90.9203109741, "var": 363.383270264, "min": 1.27427345417e-16, "dmean": 4.41096115112, "mean": 19.1939754486, "max": 129.374481201, "dmean2": 6.66563558578, "median": 13.5079908371, "dvar": 39.62342453}, "spectral_kurtosis": {"dvar2": 78.9345169067, "var": 78.4901504517, "min": -1.21548581123, "dmean": 3.92188715935, "mean": 8.98468875885, "max": 79.0210113525, "dmean2": 6.88074302673, "median": 5.8785943985, "dvar": 26.0479698181}, "mfcc": {"mean": [-678.086791992, 161.45463562, -35.3936195374, 18.4993667603, 0.0141504136845, 2.57759714127, -0.785556256771, -3.04970121384, -6.28364658356, 3.37639594078, -3.88301348686, -3.54333782196, -3.2637014389], "cov": [[9413.32128906, -2172.41015625, -436.654022217, -511.269744873, -769.604675293, 507.762207031, 76.4202194214, 308.635772705, -53.4913253784, 469.425811768, -72.3557281494, -25.747253418, 28.1846294403], [-2172.41015625, 1790.41931152, 54.5311164856, 278.198181152, 345.63104248, -185.78565979, -11.4583902359, -114.804992676, 22.5671215057, -180.037765503, 32.2565002441, -0.548610091209, -14.2517280579], [-436.654022217, 54.5311164856, 539.508300781, -20.8713302612, 35.2258071899, 27.3780784607, -21.0023441315, 29.8681678772, 36.8502540588, -6.40156269073, 42.731590271, 12.9139699936, 5.36049079895], [-511.269744873, 278.198181152, -20.8713302612, 302.576171875, 168.267791748, -36.971534729, -30.0458660126, -32.5834350586, 12.538482666, -54.1524467468, 20.7561912537, 23.8387641907, 13.4869394302], [-769.604675293, 345.63104248, 35.2258071899, 168.267791748, 306.963043213, -32.7118759155, -30.6000995636, -36.7592048645, 22.0373630524, -56.2162628174, 10.536031723, 26.8890476227, 16.5723285675], [507.762207031, -185.78565979, 27.3780784607, -36.971534729, -32.7118759155, 168.579147339, 37.8728103638, 61.6360435486, 20.1077289581, 39.5500946045, 24.6926403046, 3.75462603569, 8.370054245], [76.4202194214, -11.4583902359, -21.0023441315, -30.0458660126, -30.6000995636, 37.8728103638, 149.445129395, 38.4333572388, 12.6984014511, 50.1152954102, -6.70598554611, -6.37451791763, -7.11329936981], [308.635772705, -114.804992676, 29.8681678772, -32.5834350586, -36.7592048645, 61.6360435486, 38.4333572388, 107.1042099, 39.7046279907, 33.8538551331, 13.468506813, 7.84296798706, 7.96661615372], [-53.4913253784, 22.5671215057, 36.8502540588, 12.538482666, 22.0373630524, 20.1077289581, 12.6984014511, 39.7046279907, 79.9547348022, 20.8163032532, 13.107509613, 4.47601604462, 5.45415353775], [469.425811768, -180.037765503, -6.40156269073, -54.1524467468, -56.2162628174, 39.5500946045, 50.1152954102, 33.8538551331, 20.8163032532, 122.352142334, 11.0134477615, 2.53182768822, -1.78689432144], [-72.3557281494, 32.2565002441, 42.731590271, 20.7561912537, 10.536031723, 24.6926403046, -6.70598554611, 13.468506813, 13.107509613, 11.0134477615, 85.1063690186, 24.8862628937, 11.5997724533], [-25.747253418, -0.548610091209, 12.9139699936, 23.8387641907, 26.8890476227, 3.75462603569, -6.37451791763, 7.84296798706, 4.47601604462, 2.53182768822, 24.8862628937, 71.781288147, 29.2586135864], [28.1846294403, -14.2517280579, 5.36049079895, 13.4869394302, 16.5723285675, 8.370054245, -7.11329936981, 7.96661615372, 5.45415353775, -1.78689432144, 11.5997724533, 29.2586135864, 70.4267654419]], "icov": [[0.000217301538214, 7.71412742324e-05, 0.000151443120558, -3.48626781488e-05, 0.000271945347777, -0.00044368125964, 0.000341989099979, -0.000331543793436, 0.000317110389005, -0.000590504787397, 0.000307771959342, -1.41880564115e-05, -9.9758435681e-05], [7.71412742324e-05, 0.000990861910395, -5.18849492437e-06, -0.000221783921006, -0.000579049868975, 0.000633324030787, -0.000647208071314, 0.00036329170689, -0.000423847086495, 0.00088356906781, -0.000647839391604, 0.000339752674336, 0.000187829471542], [0.000151443120558, -5.18849492437e-06, 0.00217192340642, 0.000478374597151, -0.000152448832523, -0.000474368425785, 0.000620492966846, -0.000608031230513, -0.000466755329398, -0.000123038509628, -0.000681812642142, -5.12981132488e-05, 7.17569346307e-05], [-3.48626781488e-05, -0.000221783921006, 0.000478374597151, 0.00521356193349, -0.00231640134007, 0.000329181930283, 7.19551608199e-05, 0.000431482185377, -0.000713434070349, 0.00105819234159, -0.00117674493231, -0.000570845382754, -8.82630047272e-05], [0.000271945347777, -0.000579049868975, -0.000152448832523, -0.00231640134007, 0.00611361442134, -0.00122009951156, 0.00078215112444, 0.000963978643995, -0.00124477641657, -0.000198527297471, 0.00133819889743, -0.0015084091574, -0.000596842204686], [-0.00044368125964, 0.000633324030787, -0.000474368425785, 0.000329181930283, -0.00122009951156, 0.00966097600758, -0.00211841263808, -0.00285738217644, -0.000441001728177, 0.00106227071956, -0.00317880976945, 0.00113657990005, -0.00036054366501], [0.000341989099979, -0.000647208071314, 0.000620492966846, 7.19551608199e-05, 0.00078215112444, -0.00211841263808, 0.0096550444141, -0.00312749436125, 0.00125225656666, -0.00466150138527, 0.00229924172163, 0.00011457571236, 0.000426287442679], [-0.000331543793436, 0.00036329170689, -0.000608031230513, 0.000431482185377, 0.000963978643995, -0.00285738217644, -0.00312749436125, 0.0167053453624, -0.00754878856242, 0.00138021889143, -0.000901002029423, -0.00151629047468, -0.000525003939401], [0.000317110389005, -0.000423847086495, -0.000466755329398, -0.000713434070349, -0.00124477641657, -0.000441001728177, 0.00125225656666, -0.00754878856242, 0.0182537902147, -0.00416487781331, -0.000110487591883, 0.00119393493515, -0.000711952452548], [-0.000590504787397, 0.00088356906781, -0.000123038509628, 0.00105819234159, -0.000198527297471, 0.00106227071956, -0.00466150138527, 0.00138021889143, -0.00416487781331, 0.0143049601465, -0.00305088236928, -0.000667091226205, 0.000980491167866], [0.000307771959342, -0.000647839391604, -0.000681812642142, -0.00117674493231, 0.00133819889743, -0.00317880976945, 0.00229924172163, -0.000901002029423, -0.000110487591883, -0.00305088236928, 0.0157788768411, -0.00463879248127, -0.000320539897075], [-1.41880564115e-05, 0.000339752674336, -5.12981132488e-05, -0.000570845382754, -0.0015084091574, 0.00113657990005, 0.00011457571236, -0.00151629047468, 0.00119393493515, -0.000667091226205, -0.00463879248127, 0.0190916936845, -0.006686325185], [-9.9758435681e-05, 0.000187829471542, 7.17569346307e-05, -8.82630047272e-05, -0.000596842204686, -0.00036054366501, 0.000426287442679, -0.000525003939401, -0.000711952452548, 0.000980491167866, -0.000320539897075, -0.006686325185, 0.0174848847091]]}, "silence_rate_20dB": {"dvar2": 0, "var": 0, "min": 1, "dmean": 0, "mean": 1, "max": 1, "dmean2": 0, "median": 1, "dvar": 0}, "melbands_kurtosis": {"dvar2": 35.5379524231, "var": 48.8201522827, "min": -1.69371986389, "dmean": 2.13447237015, "mean": 4.10634708405, "max": 98.1680526733, "dmean2": 3.40213394165, "median": 1.90412855148, "dvar": 13.729809761}, "barkbands_spread": {"dvar2": 23.1725177765, "var": 91.4754486084, "min": 0.775384545326, "dmean": 3.10897994041, "mean": 17.6557216644, "max": 119.68636322, "dmean2": 4.87778186798, "median": 17.0364761353, "dvar": 10.6665792465}, "erbbands_skewness": {"dvar2": 0.182130590081, "var": 0.521069705486, "min": -3.74592423439, "dmean": 0.31319925189, "mean": 0.162983119488, "max": 3.59429860115, "dmean2": 0.493797391653, "median": 0.13742133975, "dvar": 0.0745218545198}, "average_loudness": 0.74604922533, "spectral_centroid": {"dvar2": 59032.0234375, "var": 283479.125, "min": 194.809188843, "dmean": 151.613342285, "mean": 1247.6192627, "max": 10648.5400391, "dmean2": 237.341751099, "median": 1279.13439941, "dvar": 28767.7675781}, "dissonance": {"dvar2": 0.00094139931025, "var": 0.00085765280528, "min": 0.287616401911, "dmean": 0.0201164465398, "mean": 0.456328481436, "max": 0.499999910593, "dmean2": 0.0340075679123, "median": 0.462638616562, "dvar": 0.000334613170708}, "erbbands_flatness_db": {"dvar2": 0.000368736684322, "var": 0.00162979634479, "min": 0.0477213449776, "dmean": 0.0139994844794, "mean": 0.219138711691, "max": 0.389334261417, "dmean2": 0.0213830340654, "median": 0.219793334603, "dvar": 0.000163430377143}, "spectral_strongpeak": {"dvar2": 3.06942892075, "var": 2.61052298546, "min": 0, "dmean": 0.724958121777, "mean": 1.34795176983, "max": 13.28627491, "dmean2": 1.22245752811, "median": 0.650232851505, "dvar": 1.18469583988}, "spectral_rms": {"dvar2": 6.14186205894e-07, "var": 3.60391663889e-06, "min": 3.25943894271e-12, "dmean": 0.000500877271406, "mean": 0.00411607278511, "max": 0.0103100026026, "dmean2": 0.000757491157856, "median": 0.0041180383414, "dvar": 2.74276317214e-07}, "silence_rate_60dB": {"dvar2": 0.0632213130593, "var": 0.0993228256702, "min": 0, "dmean": 0.0282599925995, "mean": 0.111817538738, "max": 1, "dmean2": 0.0565256886184, "median": 0, "dvar": 0.0274570509791}, "melbands": {"dvar2": [3.71997316506e-07, 1.30943374188e-06, 4.13106562291e-07, 4.73611237339e-07, 2.64317122856e-07, 1.34874156288e-07, 6.83845868821e-08, 9.42992528508e-08, 1.15296970193e-07, 3.522107761e-07, 7.38137146072e-07, 2.29493551274e-07, 1.63607509762e-07, 6.14355712969e-08, 4.30474962343e-08, 1.26458644445e-07, 1.72035498736e-07, 3.22978301881e-08, 4.96316587828e-09, 5.68160141157e-09, 6.21369578013e-09, 6.55349330358e-10, 5.13741660324e-10, 1.06418443502e-10, 2.7329891128e-10, 4.11875977768e-10, 1.1689307855e-10, 8.72095312632e-11, 5.24696813775e-11, 1.37431671945e-11, 1.47447956622e-11, 7.34122571761e-12, 8.51587550477e-12, 2.05579563789e-12, 1.95090298083e-12, 2.12362939733e-12, 2.84485651182e-12, 7.23092863798e-13, 2.15336429243e-13, 3.84818831531e-13], "var": [3.49236017883e-07, 8.08686593246e-07, 4.04976816526e-07, 3.59375633252e-07, 6.14066721027e-07, 1.57925768463e-07, 9.90761250819e-08, 1.60767896773e-07, 1.30879499238e-07, 2.88236549295e-07, 6.20472690116e-07, 1.74650722329e-07, 1.01721319368e-07, 4.4802110466e-08, 3.37852021914e-08, 9.34835355793e-08, 1.42652638147e-07, 2.06113117684e-08, 4.5450683217e-09, 5.51492895795e-09, 6.18225692861e-09, 7.09266145815e-10, 4.99978669577e-10, 1.10121772812e-10, 2.35583719199e-10, 4.60502247446e-10, 1.63393909514e-10, 1.26693100455e-10, 8.33965743685e-11, 2.7219631063e-11, 2.22348667256e-11, 1.20914537063e-11, 1.0658027412e-11, 4.30508840382e-12, 2.75044115088e-12, 2.37132600882e-12, 1.68259861339e-12, 4.58475542687e-13, 2.46024961471e-13, 2.07460039274e-13], "min": [1.72129181307e-23, 9.71122563093e-24, 3.36267816955e-24, 9.91580881809e-24, 5.74328091565e-24, 1.17622533349e-24, 1.99616144192e-24, 4.74525709128e-24, 1.4920885926e-23, 6.02815870448e-24, 6.23421982254e-24, 8.10932996691e-24, 6.72834138876e-24, 5.99598698461e-24, 1.38705523406e-23, 5.9985125228e-24, 1.34609442041e-23, 4.51342822618e-24, 8.62444588283e-24, 1.58730789039e-23, 6.90071065199e-24, 8.02655873643e-24, 4.52440128137e-24, 4.67034488757e-24, 1.26903777722e-23, 1.35827869264e-23, 1.14290207391e-23, 1.4264149756e-23, 1.05922286453e-23, 8.09164370541e-24, 1.62842095419e-23, 7.41670062579e-24, 8.00856797462e-24, 8.65835270225e-24, 6.82068150202e-24, 9.29752172868e-24, 9.97583482209e-24, 1.09966870978e-23, 9.68977729178e-24, 1.44281602491e-23], "dmean": [0.000171262130607, 0.000299269217066, 0.00020180917636, 0.000252693658695, 0.000184490651009, 0.000147066137288, 0.000101496232674, 0.000104454207758, 0.000103117563413, 0.000169271850609, 0.000204050156754, 0.000109941851406, 9.6696196124e-05, 7.60184848332e-05, 5.67433708056e-05, 8.67926646606e-05, 9.81369594228e-05, 4.87098259327e-05, 2.40128283622e-05, 2.25307776418e-05, 1.69111990544e-05, 8.28680094855e-06, 6.93548645359e-06, 3.93142408939e-06, 4.86870567329e-06, 5.19053082826e-06, 2.87310945168e-06, 2.77577146335e-06, 1.78932089057e-06, 7.4183549259e-07, 6.74085868013e-07, 5.32007447873e-07, 4.94940309181e-07, 3.13515982953e-07, 2.75056436294e-07, 2.20554511543e-07, 1.51441639673e-07, 8.75498642472e-08, 5.43898650562e-08, 4.56903919144e-08], "mean": [0.000374231341993, 0.000610876537394, 0.000419450108893, 0.000478781934362, 0.000440422911197, 0.000296518061077, 0.000218459390453, 0.000215131542063, 0.000195712738787, 0.00028619976365, 0.000346985179931, 0.000194856140297, 0.000152475549839, 0.000125312770251, 9.95409282041e-05, 0.000151797867147, 0.000174025641172, 8.10052952147e-05, 4.4933596655e-05, 4.41325610154e-05, 3.13760647259e-05, 1.69646518771e-05, 1.38299019454e-05, 8.78104128788e-06, 1.04148284663e-05, 1.14122831292e-05, 7.00984583091e-06, 7.10132371751e-06, 4.33819741374e-06, 1.86857948847e-06, 1.60855677223e-06, 1.27169960251e-06, 1.14119211503e-06, 7.92665730387e-07, 6.53654865346e-07, 4.89188835218e-07, 3.04546688312e-07, 1.73546794713e-07, 1.1654256582e-07, 8.55318731396e-08], "max": [0.0066639543511, 0.0138294668868, 0.0140869682655, 0.00922798458487, 0.0149958627298, 0.0035897474736, 0.00515464926139, 0.00808958802372, 0.00632198760286, 0.00821408443153, 0.0128126479685, 0.00789909716696, 0.00640346761793, 0.00228730263188, 0.0032931372989, 0.00478754751384, 0.00583975249901, 0.00319958804175, 0.00111116375774, 0.00118674361147, 0.00225645443425, 0.000505503849126, 0.000331984570948, 0.000180164424819, 0.000407672399888, 0.000503813731484, 0.000296314858133, 0.000153780973051, 0.000229173092521, 0.000122868150356, 0.000104378632386, 7.89079495007e-05, 8.14089726191e-05, 3.66070016753e-05, 2.78253410215e-05, 7.58991227485e-05, 7.57437373977e-05, 3.74856208509e-05, 2.71611152129e-05, 3.42082457792e-05], "dmean2": [0.00027195547591, 0.000486522098072, 0.000330114533426, 0.000416100170696, 0.000284921872662, 0.000227345241001, 0.000151737389388, 0.000157795308041, 0.000162279320648, 0.000276445847703, 0.00032935134368, 0.000178905844223, 0.00016274653899, 0.000125089442008, 9.35532079893e-05, 0.000141844764585, 0.00015854400408, 8.00397319836e-05, 3.84352570109e-05, 3.5823773942e-05, 2.69288248091e-05, 1.34818610604e-05, 1.13975620479e-05, 6.38916117168e-06, 7.93248818809e-06, 8.57070881466e-06, 4.64449749416e-06, 4.45049954578e-06, 2.86173781205e-06, 1.14513397875e-06, 1.06147558654e-06, 8.46000091315e-07, 8.05666502401e-07, 4.8954035492e-07, 4.25356745382e-07, 3.40823248735e-07, 2.34601444049e-07, 1.36182933375e-07, 8.37014297872e-08, 6.85560337388e-08], "median": [0.000129252759507, 0.000288328563329, 0.000239280590904, 0.000293822784442, 0.0