{"tonal": {"thpcp": [1, 0.658067047596, 0.152461916208, 0.0760234594345, 0.112832337618, 0.43737283349, 0.690428137779, 0.407106488943, 0.140611127019, 0.118261441588, 0.0982910990715, 0.177756711841, 0.282625705004, 0.244976654649, 0.506664395332, 0.82477170229, 0.471335381269, 0.0806273967028, 0.048968911171, 0.0866366773844, 0.485049337149, 0.796143233776, 0.443970054388, 0.117807239294, 0.0990077033639, 0.110672749579, 0.286564290524, 0.437565594912, 0.320691347122, 0.54696804285, 0.948519647121, 0.624651193619, 0.174882426858, 0.127930268645, 0.165461808443, 0.555022835732], "hpcp": {"dmean2": [0.0830970257521, 0.109246864915, 0.184784770012, 0.169626861811, 0.184378266335, 0.0961892530322, 0.056198105216, 0.0768305584788, 0.136388257146, 0.135014370084, 0.124626040459, 0.0828455239534, 0.0703688934445, 0.0687470808625, 0.0817690193653, 0.1006930843, 0.113308444619, 0.155496701598, 0.163243040442, 0.14205648005, 0.0613536201417, 0.0403075478971, 0.0621119439602, 0.128585189581, 0.140464529395, 0.144500866532, 0.0856392756104, 0.0727089047432, 0.0763698667288, 0.106338746846, 0.115973085165, 0.136341258883, 0.180884301662, 0.142253354192, 0.164475560188, 0.103081554174], "median": [0.00486350059509, 0.00573653075844, 0.0478218086064, 0.104088559747, 0.0633253753185, 0.00754084903747, 0.00232528452761, 0.00385590968654, 0.0243062227964, 0.0403690412641, 0.022105615586, 0.00439339410514, 0.0026597448159, 0.00307336030528, 0.012783979997, 0.0181163903326, 0.0136397201568, 0.0505498126149, 0.0921505987644, 0.0488871261477, 0.00344745069742, 0.00156470295042, 0.00325225293636, 0.0257445499301, 0.0492105707526, 0.0283692833036, 0.00509139616042, 0.00292497081682, 0.00276713585481, 0.0145197361708, 0.0233564563096, 0.0247497744858, 0.0535214133561, 0.0568727776408, 0.027805890888, 0.0101007632911], "min": [0, 0, 0, 0, 0, 0, 0, 0, 0, 0, 0, 0, 0, 0, 0, 0, 0, 0, 0, 0, 0, 0, 0, 0, 0, 0, 0, 0, 0, 0, 0, 0, 0, 0, 0, 0], "dvar2": [0.0517457537353, 0.0612282715738, 0.0874434784055, 0.0744335576892, 0.0811985805631, 0.0477574318647, 0.0341497957706, 0.0466447100043, 0.070408128202, 0.0658259987831, 0.0555225238204, 0.0468332618475, 0.0545078404248, 0.0505735464394, 0.043888296932, 0.0504566729069, 0.055954080075, 0.0705495998263, 0.072228692472, 0.0606332793832, 0.0315676629543, 0.0278647933155, 0.0348441340029, 0.061755310744, 0.0804384127259, 0.0814871266484, 0.0585339255631, 0.0708510503173, 0.0569259598851, 0.0576599091291, 0.0603060722351, 0.0623389594257, 0.0750257223845, 0.0644941031933, 0.0732783973217, 0.0452719926834], "dvar": [0.0185672044754, 0.0224944781512, 0.032455008477, 0.0331627987325, 0.0326163992286, 0.0177277028561, 0.0121648851782, 0.0159819312394, 0.0248789321631, 0.0270257871598, 0.0211143344641, 0.0161917544901, 0.0186267700046, 0.0170943811536, 0.0157721750438, 0.0201136600226, 0.0210052654147, 0.0266241468489, 0.0324263609946, 0.0235075391829, 0.0107423169538, 0.00911094713956, 0.0113815739751, 0.0223104003817, 0.0315544642508, 0.0280420500785, 0.0182713344693, 0.0205839164555, 0.0173239242285, 0.0207315050066, 0.0247271880507, 0.0229734387249, 0.0273871105164, 0.0286686420441, 0.027472589165, 0.0163990277797], "dmean": [0.0453035831451, 0.0608047246933, 0.108269914985, 0.103468559682, 0.112253017724, 0.0540555380285, 0.0303577017039, 0.0416153036058, 0.0786062553525, 0.0801346153021, 0.0732222571969, 0.0455470718443, 0.0378662198782, 0.0367728844285, 0.0470899306238, 0.0593023821712, 0.0660416409373, 0.0934193357825, 0.100954085588, 0.0863081589341, 0.0332269184291, 0.0212146379054, 0.0334905125201, 0.0763539969921, 0.0834315344691, 0.0835817083716, 0.0460691377521, 0.038311701268, 0.0407332032919, 0.0618940405548, 0.0698638781905, 0.0790036544204, 0.105477377772, 0.0857634693384, 0.0962017551064, 0.0570770315826], "max": [1, 1, 1, 1, 1, 1, 1, 1, 1, 1, 1, 1, 1, 1, 1, 1, 1, 1, 1, 1, 1, 1, 1, 1, 1, 1, 1, 1, 1, 1, 1, 1, 1, 1, 1, 1], "var": [0.0156020084396, 0.0189641490579, 0.0620286874473, 0.13864223659, 0.0740161985159, 0.0152694564313, 0.00880883820355, 0.0138669619337, 0.0517324097455, 0.108055450022, 0.04499989748, 0.0163227599114, 0.0199638027698, 0.0129898767918, 0.0164654646069, 0.0355169028044, 0.0267152693123, 0.0514718964696, 0.109575644135, 0.0430433452129, 0.00694015389308, 0.00539876054972, 0.00779206957668, 0.0579735375941, 0.125937342644, 0.0457002669573, 0.0133160864934, 0.0167122222483, 0.0161680560559, 0.0353358462453, 0.0670249313116, 0.0324393250048, 0.0511478483677, 0.149024143815, 0.0791168287396, 0.0149841764942], "mean": [0.0393858924508, 0.0509407259524, 0.170874878764, 0.307870000601, 0.202599093318, 0.0469384491444, 0.0234053414315, 0.0347376912832, 0.134653970599, 0.212562114, 0.125335872173, 0.0432899482548, 0.036409150809, 0.030260881409, 0.054725959897, 0.0870119780302, 0.075420960784, 0.155986770988, 0.253922462463, 0.145110026002, 0.0248227566481, 0.0150760589167, 0.0266728345305, 0.149332135916, 0.245108619332, 0.136685058475, 0.0362693145871, 0.0304815005511, 0.0340728200972, 0.0882245525718, 0.134713321924, 0.0987312495708, 0.168395057321, 0.292020738125, 0.192311361432, 0.0538410507143]}, "tuning_equal_tempered_deviation": 0.00749259162694, "chords_changes_rate": 0.0542295537889, "key_key": "G#", "tuning_diatonic_strength": 0.620122671127, "key_scale": "major", "chords_number_rate": 0.00193050189409, "tuning_frequency": 438.984558105, "tuning_nontempered_energy_ratio": 0.622812569141, "chords_histogram": [27.0445766449, 11.0740613937, 19.2874698639, 3.72060370445, 20.0596694946, 0, 2.96595287323, 0, 0.368550360203, 0, 0, 1.19340121746, 0, 0.438750445843, 0, 0, 0, 1.57950162888, 0.0351000353694, 1.01790106297, 0, 0.614250600338, 2.26395225525, 8.33625793457], "key_strength": 0.764899969101, "chords_key": "G#", "chords_strength": {"dmean2": 0.00674009649083, "median": 0.47388958931, "min": 0.261747479439, "dvar2": 4.22642442572e-05, "dvar": 4.55591543869e-05, "dmean": 0.00851607881486, "max": 0.762319743633, "var": 0.00818341039121, "mean": 0.479400396347}, "chords_scale": "major", "hpcp_entropy": {"dmean2": 0.822051823139, "median": 1.70926976204, "min": 0, "dvar2": 0.555461645126, "dvar": 0.218095704913, "dmean": 0.4917948246, "max": 4.27030086517, "var": 0.45786511898, "mean": 1.68242764473}}, "metadata": {"audio_properties": {"equal_loudness": 0, "codec": "mp3", "downmix": "mix", "sample_rate": 44100, "analysis_sample_rate": 44100, "bit_rate": 256025, "md5_encoded": "544a078937bd1132b92711058991916e", "length": 264.542053223, "replay_gain": -11.6937160492, "lossless": false}, "version": {"essentia_build_sha": "70f2e5ece6736b2c40cc944ad0e695b16b925413", "essentia": "2.1-beta2", "extractor": "music 1.0", "essentia_git_sha": "v2.1_beta2"}, "tags": {"title": ["Heavy"], "artist": ["Holly Brook"], "date": ["2005"], "genre": ["Pop"], "length": ["265"], "album": ["Holly Brook EP"], "tracknumber": ["5"], "discnumber": ["1"], "musicbrainz_recordingid": ["0540184b-34f4-4809-a981-7c8f95fffb66"], "file_name": "2041745.mp3"}}, "rhythm": {"bpm_histogram_first_peak_bpm": {"dmean2": 0, "median": 105, "min": 105, "dvar2": 0, "dvar": 0, "dmean": 0, "max": 105, "var": 0, "mean": 105}, "bpm": 105.730377197, "bpm_histogram_second_peak_spread": {"dmean2": 0, "median": 0, "min": 0, "dvar2": 0, "dvar": 0, "dmean": 0, "max": 0, "var": 0, "mean": 0}, "bpm_histogram_first_peak_weight": {"dmean2": 0, "median": 0.476086944342, "min": 0.476086944342, "dvar2": 0, "dvar": 0, "dmean": 0, "max": 0.476086944342, "var": 0, "mean": 0.476086944342}, "onset_rate": 2.91053080559, "beats_position": [0.522448956966, 1.06811785698, 1.62539684772, 2.20589566231, 2.7863945961, 3.34367346764, 3.9125623703, 4.48145103455, 5.05034017563, 5.61922883987, 6.18811798096, 6.74539661407, 7.31428575516, 7.87156438828, 8.42884349823, 8.99773216248, 9.56662082672, 10.1355104446, 10.7043991089, 11.261677742, 11.8189563751, 12.387845993, 12.9567346573, 13.5256233215, 14.0945119858, 14.66340065, 15.2322902679, 15.8011789322, 16.3700675964, 16.9389572144, 17.5078449249, 18.0767345428, 18.6456241608, 19.2029018402, 19.7717914581, 20.3406791687, 20.9095687866, 21.4784584045, 22.0473461151, 22.616235733, 23.1735134125, 23.7307929993, 24.2880725861, 24.8453502655, 25.4142398834, 25.9831295013, 26.5404071808, 27.0976867676, 27.6665763855, 28.2354640961, 28.8159637451, 29.3964614868, 29.9653511047, 30.5342407227, 31.1031284332, 31.6720180511, 32.2292976379, 32.8097953796, 33.3670730591, 33.9243545532, 34.4816322327, 35.0389099121, 35.5961914062, 36.1534690857, 36.7107467651, 37.2680282593, 37.8253059387, 38.3825836182, 38.9398651123, 39.4971427917, 40.0544204712, 40.6233100891, 41.192199707, 41.761089325, 42.3415870667, 42.9104766846, 43.4909744263, 44.071472168, 44.6519737244, 45.2324714661, 45.8245811462, 46.4050788879, 46.9855766296, 47.5660743713, 48.1349639893, 48.7154655457, 49.2959632874, 49.8648529053, 50.4337387085, 51.0026283264, 51.5599098206, 52.1287956238, 52.6976852417, 53.2665748596, 53.8470726013, 54.4275741577, 54.9964599609, 55.5537414551, 56.1110191345, 56.6799087524, 57.2371864319, 57.8176841736, 58.39818573, 58.9670753479, 59.5359611511, 60.104850769, 60.673740387, 61.2426300049, 61.8115196228, 62.380405426, 62.9609069824, 63.5297966003, 64.0986862183, 64.6675720215, 65.2248535156, 65.8053512573, 66.385848999, 66.9663467407, 67.5468444824, 68.1273422241, 68.6962356567, 69.2767333984, 69.8456192017, 70.4145126343, 70.9833984375, 71.5522918701, 72.1211776733, 72.6784591675, 73.2473449707, 73.8162307739, 74.3851242065, 74.9656219482, 75.5345077515, 76.1150131226, 76.6838989258, 77.252784729, 77.8332901001, 78.4137878418, 78.982673645, 79.5515594482, 80.1088409424, 80.677734375, 81.2466201782, 81.8155059814, 82.3843994141, 82.9416732788, 83.5221786499, 84.1026763916, 84.6831741333, 85.263671875, 85.8441696167, 86.4130630493, 86.9819488525, 87.5392303467, 88.1081161499, 88.6770019531, 89.2458953857, 89.814781189, 90.3836746216, 90.9641723633, 91.5330581665, 92.1135559082, 92.6824493408, 93.251335144, 93.8202285767, 94.3891143799, 94.9580001831, 95.5384979248, 96.1073913574, 96.6762771606, 97.2451705933, 97.825668335, 98.3945541382, 98.9634475708, 99.532333374, 100.112831116, 100.681724548, 101.250610352, 101.831108093, 102.400001526, 102.968887329, 103.537773132, 104.106666565, 104.675552368, 105.25605011, 105.836547852, 106.405441284, 106.974327087, 107.554824829, 108.112106323, 108.680992126, 109.249885559, 109.830383301, 110.399269104, 110.968162537, 111.53704834, 112.105941772, 112.686439514, 113.266937256, 113.847434998, 114.416320801, 114.985214233, 115.554100037, 116.122993469, 116.680267334, 117.249160767, 117.829658508, 118.398544312, 118.967437744, 119.536323547, 120.10521698, 120.674102783, 121.242988586, 121.811882019, 122.392379761, 122.972877502, 123.541763306, 124.110656738, 124.679542542, 125.248435974, 125.817321777, 126.386207581, 126.943489075, 127.512374878, 128.092880249, 128.673370361, 129.253875732, 129.822769165, 130.391647339, 130.960540771, 131.541046143, 132.121536255, 132.690429688, 133.25932312, 133.828201294, 134.397094727, 134.965988159, 135.534866333, 136.103759766, 136.672653198, 137.241546631, 137.822036743, 138.390930176, 138.959823608, 139.528701782, 140.109207153, 140.689697266, 141.24697876, 141.827484131, 142.396362305, 142.965255737, 143.53414917, 144.103042603, 144.683532715, 145.264038086, 145.83291626, 146.401809692, 146.982315063, 147.551193237, 148.12008667, 148.677368164, 149.234649658, 149.803527832, 150.384033203, 150.952926636, 151.52180481, 152.102310181, 152.671203613, 153.251693726, 153.820587158, 154.389480591, 154.969970703, 155.550476074, 156.107757568, 156.676635742, 157.245529175, 157.814422607, 158.383300781, 158.952194214, 159.521087646, 160.101577759, 160.670471191, 161.250976562, 161.819854736, 162.388748169, 162.957641602, 163.538131714, 164.095413208, 164.664306641, 165.233200073, 165.802078247, 166.37097168, 166.928253174, 167.485534668, 168.042816162, 168.600082397, 169.16897583, 169.726257324, 170.295150757, 170.852416992, 171.409698486, 171.96697998, 172.535873413, 173.104751587, 173.662033081, 174.219314575, 174.776596069, 175.333877563, 175.891159058, 176.448425293, 177.017318726, 177.586212158, 178.143493652, 178.700775146, 179.258041382, 179.815322876, 180.37260437, 180.941497803, 181.510375977, 182.067657471, 182.624938965, 183.205444336, 183.785934448, 184.366439819, 184.946929932, 185.527435303, 186.107940674, 186.700042725, 187.280548096, 187.861038208, 188.429931641, 188.998809814, 189.567703247, 190.148208618, 190.72869873, 191.309204102, 191.889694214, 192.458587646, 193.015869141, 193.584762573, 194.165252686, 194.745758057, 195.303039551, 195.871917725, 196.440811157, 196.998092651, 197.566986084, 198.124252319, 198.693145752, 199.262039185, 199.819320679, 200.388198853, 200.957092285, 201.525985718, 202.083267212, 202.640533447, 203.197814941, 203.766708374, 204.347213745, 204.916091919, 205.484985352, 206.053878784, 206.611160278, 207.168426514, 207.737319946, 208.306213379, 208.875091553, 209.443984985, 210.001266479, 210.570159912, 211.139038086, 211.69631958, 212.265213013, 212.834106445, 213.391372681, 213.960266113, 214.529159546, 215.08644104, 215.655319214, 216.224212646, 216.804718018, 217.361984253, 217.919265747, 218.48815918, 219.057052612, 219.614334106, 220.18321228, 220.740493774, 221.309387207, 221.866668701, 222.435546875, 222.981216431, 223.538497925, 224.095779419, 224.641448975, 225.198730469, 225.767608643, 226.324890137, 226.882171631, 227.439453125, 227.985122681, 228.530792236, 229.08807373, 229.645339966, 230.20262146, 230.759902954, 231.30557251, 231.851242065, 232.40852356, 232.965805054, 233.523086548, 234.080352783, 234.637634277, 235.194915771, 235.752197266, 236.30947876, 236.855148315, 237.400817871, 237.958084106, 238.515365601, 239.072647095, 239.629928589, 240.187210083, 240.744491577, 241.301757812, 241.859039307, 242.416320801, 242.973602295, 243.554092407, 244.134597778, 244.715103149, 245.330429077, 245.945755005, 246.561080933, 247.129974365, 247.698867798, 248.244537354, 248.790206909, 249.335861206, 249.881530762, 250.450424194, 251.007705688, 251.564987183, 252.122268677, 252.725982666, 253.329696655, 253.945022583, 254.64163208, 255.338226318, 256.046447754, 256.743041992, 257.43963623, 258.136230469, 258.832824707, 259.529418945, 260.226013184, 260.922637939, 261.630828857, 262.327423096, 263.035644531, 263.755462646], "beats_loudness": {"dmean2": 0.0332114808261, "median": 0.042692437768, "min": 2.51914733518e-09, "dvar2": 0.00093313929392, "dvar": 0.000311491632601, "dmean": 0.0185228809714, "max": 0.127558007836, "var": 0.000702380668372, "mean": 0.044352248311}, "danceability": 1.0526009798, "bpm_histogram_second_peak_weight": {"dmean2": 0, "median": 0.0282608699054, "min": 0.0282608699054, "dvar2": 0, "dvar": 0, "dmean": 0, "max": 0.0282608699054, "var": 0, "mean": 0.0282608699054}, "beats_count": 461, "bpm_histogram_second_peak_bpm": {"dmean2": 0, "median": 110, "min": 110, "dvar2": 0, "dvar": 0, "dmean": 0, "max": 110, "var": 0, "mean": 110}, "bpm_histogram_first_peak_spread": {"dmean2": 0, "median": 0.487119436264, "min": 0.487119436264, "dvar2": 0, "dvar": 0, "dmean": 0, "max": 0.487119436264, "var": 0, "mean": 0.487119436264}, "beats_loudness_band_ratio": {"dmean2": [0.359899163246, 0.253432035446, 0.187608078122, 0.143479824066, 0.0649811550975, 0.0419466719031], "median": [0.510441601276, 0.243374332786, 0.0888800919056, 0.0531940609217, 0.0217439234257, 0.0106721734628], "min": [0.00259046559222, 0.00386639428325, 0.00551406759769, 0.000124922778923, 8.91157378646e-06, 8.7785310825e-06], "dvar2": [0.0751571655273, 0.0370218865573, 0.0323581323028, 0.0273547433317, 0.0086968196556, 0.00851583108306], "dvar": [0.030024908483, 0.0141573781148, 0.0126193026081, 0.00896349083632, 0.00302238366567, 0.00271409004927], "dmean": [0.206135287881, 0.148437947035, 0.110713213682, 0.0792273432016, 0.03641686216, 0.0223920308053], "max": [0.981950342655, 0.932994186878, 0.728423595428, 0.663525700569, 0.444026052952, 0.603084206581], "var": [0.0729736089706, 0.0455540604889, 0.0169170815498, 0.00876703299582, 0.00247287889943, 0.0016089361161], "mean": [0.485436618328, 0.30366948247, 0.136665850878, 0.0874950662255, 0.0373879484832, 0.0194703880697]}}, "lowlevel": {"barkbands_spread": {"dmean2": 4.9984087944, "median": 10.2613639832, "min": 0.271862447262, "dvar2": 85.5807800293, "dvar": 40.5739898682, "dmean": 3.28242659569, "max": 111.858474731, "var": 148.931930542, "mean": 13.4624156952}, "melbands_spread": {"dmean2": 4.67695140839, "median": 9.62776374817, "min": 0.333905488253, "dvar2": 58.2037506104, "dvar": 26.340631485, "dmean": 3.04249620438, "max": 159.550384521, "var": 120.12852478, "mean": 12.6587371826}, "hfc": {"dmean2": 5.35860061646, "median": 12.4358386993, "min": 1.12401563268e-16, "dvar2": 82.0368499756, "dvar": 40.0370140076, "dmean": 3.77250695229, "max": 114.657501221, "var": 231.816177368, "mean": 17.0249958038}, "barkbands_kurtosis": {"dmean2": 6.14089870453, "median": 5.58353996277, "min": -1.88632166386, "dvar2": 196.242538452, "dvar": 69.9171218872, "dmean": 3.72339916229, "max": 354.148620605, "var": 184.186264038, "mean": 8.96361541748}, "gfcc": {"mean": [-33.3732681274, 126.26209259, -93.5123748779, 11.7878465652, -46.7611465454, 7.91802358627, -39.094707489, 12.0625591278, -31.2970619202, 1.80063450336, -15.5758495331, -3.55376291275, -2.80462217331], "icov": [[0.000171839579707, -0.000133243360324, 0.000430770975072, -0.000351855967892, 8.36794934003e-05, -0.000354448187863, 0.000468665879453, -0.000334282318363, 0.000454947235994, -0.000350805959897, 0.000414873327827, -0.000366085092537, 0.000355236406904], [-0.000133243360324, 0.0022210245952, -0.000410251290305, 0.00135948008392, -0.00162321841344, 0.00100371602457, -0.00110127788503, 0.00172256364021, -0.00189727451652, 0.00200491119176, -0.00192447530571, 0.00191893731244, -0.00151881936472], [0.000430770975072, -0.000410251290305, 0.00270281918347, -0.000608247821219, 0.00021538992587, -0.00232264399529, 0.00176876690239, -0.000901110819541, 0.000332402967615, -0.000954947841819, 0.00113434868399, -0.0013250047341, 0.00200117193162], [-0.000351855967892, 0.00135948008392, -0.000608247821219, 0.00396067043766, -0.000733956752811, 0.000560772721656, -0.00154666986782, 0.000695468741469, -0.00249851401895, 0.00198854436167, -0.00104580447078, 0.000758566777222, -0.000608492700849], [8.36794934003e-05, -0.00162321841344, 0.00021538992587, -0.000733956752811, 0.00658311275765, -0.000220031390199, -0.00199402309954, -0.00231652823277, -0.000243404036155, 0.000266037153779, 0.00065785064362, -0.000279840198345, 0.000681783945765], [-0.000354448187863, 0.00100371602457, -0.00232264399529, 0.000560772721656, -0.000220031390199, 0.00641984306276, -0.00181129784323, 0.000211042701267, -0.00115922198165, -3.81641038985e-05, -0.000143314842717, 0.00156585068908, 6.22327497695e-05], [0.000468665879453, -0.00110127788503, 0.00176876690239, -0.00154666986782, -0.00199402309954, -0.00181129784323, 0.00905913393945, -0.000107538136945, -0.000690781627782, -0.00258751539513, 0.000363141967682, -0.00153976271395, 0.00161726062652], [-0.000334282318363, 0.00172256364021, -0.000901110819541, 0.000695468741469, -0.00231652823277, 0.000211042701267, -0.000107538136945, 0.00738362874836, -0.0011561466381, -0.000943315098993, -0.00100412382744, 0.000894952157978, -0.00305737857707], [0.000454947235994, -0.00189727451652, 0.000332402967615, -0.00249851401895, -0.000243404036155, -0.00115922198165, -0.000690781627782, -0.0011561466381, 0.0125728445128, -0.00303170736879, -0.000175968874828, -0.0040351562202, 0.00316328904592], [-0.000350805959897, 0.00200491119176, -0.000954947841819, 0.00198854436167, 0.000266037153779, -3.81641038985e-05, -0.00258751539513, -0.000943315098993, -0.00303170736879, 0.0129870139062, -0.00316364131868, 0.00242394185625, -0.00234155263752], [0.000414873327827, -0.00192447530571, 0.00113434868399, -0.00104580447078, 0.00065785064362, -0.000143314842717, 0.000363141967682, -0.00100412382744, -0.000175968874828, -0.00316364131868, 0.0157414935529, -0.00341557851061, 0.00072955712676], [-0.000366085092537, 0.00191893731244, -0.0013250047341, 0.000758566777222, -0.000279840198345, 0.00156585068908, -0.00153976271395, 0.000894952157978, -0.0040351562202, 0.00242394185625, -0.00341557851061, 0.0122449472547, -0.00234486302361], [0.000355236406904, -0.00151881936472, 0.00200117193162, -0.000608492700849, 0.000681783945765, 6.22327497695e-05, 0.00161726062652, -0.00305737857707, 0.00316328904592, -0.00234155263752, 0.00072955712676, -0.00234486302361, 0.0124762617052]], "cov": [[18361.9589844, -2995.77001953, -1492.01049805, 983.663330078, -754.265869141, 380.805847168, -874.785827637, 859.722717285, -738.522705078, 297.51550293, -490.402648926, 129.580337524, 59.2876167297], [-2995.77001953, 2175.70874023, -330.2315979, -372.976531982, 480.793701172, -391.702331543, 355.53012085, -393.301971436, 220.587341309, -210.514923096, 217.78086853, -116.64956665, 88.0559539795], [-1492.01049805, -330.2315979, 1068.20947266, 37.306854248, -56.7937507629, 338.353057861, -53.4430618286, 57.2844772339, 78.0799942017, 54.4118499756, -37.6459274292, 41.7579727173, -144.392547607], [983.663330078, -372.976531982, 37.306854248, 445.057769775, -17.462682724, 82.1657409668, 7.80717325211, 69.3726196289, 36.382396698, 13.3021345139, -24.4011554718, 44.5873603821, -38.0789260864], [-754.265869141, 480.793701172, -56.7937507629, -17.462682724, 312.165771484, -61.0591163635, 151.965682983, -27.3630332947, 89.2267150879, -36.292842865, 53.0236930847, -13.6136789322, 10.0122213364], [380.805847168, -391.702331543, 338.353057861, 82.1657409668, -61.0591163635, 337.498931885, -30.296081543, 85.9214477539, 5.9386100769, 60.8950500488, -46.6595649719, 13.7203149796, -66.9249649048], [-874.785827637, 355.53012085, -53.4430618286, 7.80717325211, 151.965682983, -30.296081543, 241.472595215, -58.7235183716, 97.0589599609, -8.30300998688, 55.0074234009, 1.73605191708, -5.76078701019], [859.722717285, -393.301971436, 57.2844772339, 69.3726196289, -27.3630332947, 85.9214477539, -58.7235183716, 260.389678955, -32.1573791504, 69.8564071655, -32.9779586792, 21.7234611511, 21.6010360718], [-738.522705078, 220.587341309, 78.0799942017, 36.382396698, 89.2267150879, 5.9386100769, 97.0589599609, -32.1573791504, 165.795516968, 0.869682788849, 44.4120864868, 26.9399166107, -27.642408371], [297.51550293, -210.514923096, 54.4118499756, 13.3021345139, -36.292842865, 60.8950500488, -8.30300998688, 69.8564071655, 0.869682788849, 122.063537598, -3.79179334641, 7.63981056213, 2.04323267937], [-490.402648926, 217.78086853, -37.6459274292, -24.4011554718, 53.0236930847, -46.6595649719, 55.0074234009, -32.9779586792, 44.4120864868, -3.79179334641, 99.6410217285, 10.5606098175, 11.6328706741], [129.580337524, -116.64956665, 41.7579727173, 44.5873603821, -13.6136789322, 13.7203149796, 1.73605191708, 21.7234611511, 26.9399166107, 7.63981056213, 10.5606098175, 112.151649475, -1.57516622543], [59.2876167297, 88.0559539795, -144.392547607, -38.0789260864, 10.0122213364, -66.9249649048, -5.76078701019, 21.6010360718, -27.642408371, 2.04323267937, 11.6328706741, -1.57516622543, 122.72958374]]}, "spectral_energyband_middle_low": {"dmean2": 0.00803920347244, "median": 0.0150425434113, "min": 2.24152642652e-22, "dvar2": 0.000171063453308, "dvar": 6.62364836899e-05, "dmean": 0.00509561505169, "max": 0.139273777604, "var": 0.000186109406059, "mean": 0.0174935292453}, "melbands_crest": {"dmean2": 4.23257732391, "median": 14.5985794067, "min": 1.56929087639, "dvar2": 17.8680877686, "dvar": 6.50704813004, "dmean": 2.57437157631, "max": 31.8254508972, "var": 26.932264328, "mean": 15.3555212021}, "spectral_kurtosis": {"dmean2": 6.19699144363, "median": 6.89946174622, "min": -1.39815413952, "dvar2": 131.62677002, "dvar": 46.2542190552, "dmean": 3.69786214828, "max": 121.756111145, "var": 249.982315063, "mean": 12.1883268356}, "spectral_rms": {"dmean2": 0.00104889075737, "median": 0.00567229697481, "min": 3.15920662027e-12, "dvar2": 2.382793582e-06, "dvar": 9.45848853462e-07, "dmean": 0.000671290734317, "max": 0.0169224329293, "var": 4.85563850816e-06, "mean": 0.00541474856436}, "zerocrossingrate": {"dmean2": 0.00801060721278, "median": 0.0322265625, "min": 0.00341796875, "dvar2": 0.000130014421302, "dvar": 0.000121061326354, "dmean": 0.00668164854869, "max": 0.51513671875, "var": 0.00120848987717, "mean": 0.0390568003058}, "silence_rate_60dB": {"dmean2": 0.0112359551713, "median": 0, "min": 0, "dvar2": 0.0130437705666, "dvar": 0.00558500224724, "dmean": 0.00561748445034, "max": 1, "var": 0.0546519942582, "mean": 0.0580129884183}, "erbbands_kurtosis": {"dmean2": 1.38429224491, "median": 0.408984065056, "min": -1.85073113441, "dvar2": 4.26027774811, "dvar": 1.84732234478, "dmean": 0.893076062202, "max": 25.5272293091, "var": 7.12740898132, "mean": 1.18965876102}, "erbbands": {"dmean2": [0.122809022665, 1.41168355942, 4.4486618042, 6.58681440353, 12.2178897858, 18.2598304749, 16.2468242645, 11.7929286957, 14.2247982025, 15.0156526566, 19.2170848846, 19.3328933716, 15.2142515182, 25.9927215576, 18.7439289093, 10.6863098145, 5.44395160675, 11.4273691177, 11.1354608536, 13.801320076, 8.78334522247, 7.73481178284, 7.02171134949, 8.25480937958, 3.43404769897, 3.28614926338, 3.45049262047, 1.57475090027, 1.09302401543, 0.932157695293, 0.980437219143, 1.03314340115, 1.22685074806, 1.06000208855, 0.540658116341, 0.14879655838, 0.0435003526509, 0.00918511580676, 0.000904868182261, 4.43707504019e-05], "median": [0.0647086724639, 0.949897527695, 2.93546652794, 3.14345693588, 6.91090583801, 12.5217618942, 15.4946908951, 12.2618141174, 9.49743843079, 9.2263250351, 12.1001520157, 10.8641681671, 10.3569698334, 13.3808116913, 9.88090991974, 9.93028450012, 4.70473241806, 7.36859416962, 6.68422222137, 4.93794488907, 3.61402702332, 3.81338477135, 2.9288790226, 3.06875610352, 1.50685834885, 1.29878616333, 1.17970848083, 0.643398821354, 0.382109582424, 0.212192982435, 0.144231408834, 0.193958714604, 0.370649963617, 0.330688118935, 0.179744511843, 0.0478529855609, 0.0102687105536, 0.00177336158231, 9.58091113716e-05, 4.52448330179e-05], "min": [1.96621245598e-22, 1.94191372256e-21, 3.04576141036e-21, 6.65015730871e-21, 2.44459432926e-20, 4.10697080525e-20, 8.9509336869e-20, 1.75757152281e-19, 3.22421121649e-19, 4.74052659561e-19, 2.86962137686e-19, 3.16760388675e-19, 9.95536475831e-19, 7.7098480517e-19, 6.97778338682e-19, 1.03754970293e-18, 2.36209633682e-18, 2.94616339747e-18, 3.15548145147e-18, 3.52359957153e-18, 5.25626998522e-18, 5.58479469166e-18, 8.37443442413e-18, 8.38775120481e-18, 9.87510052834e-18, 1.03384167971e-17, 1.21069157119e-17, 1.45214964518e-17, 1.49298391243e-17, 1.26489605498e-17, 1.50628431493e-17, 1.42150591221e-17, 1.29737257204e-17, 9.63286234031e-18, 7.28573238911e-18, 4.60093324979e-18, 2.64044095858e-18, 9.94139781366e-19, 2.77512452217e-19, 2.86765359173e-20], "dvar2": [0.199230879545, 19.48371315, 140.88621521, 504.712554932, 604.79888916, 904.914489746, 1225.31921387, 504.660552979, 1423.20605469, 2423.19482422, 2440.47167969, 3142.29345703, 2938.06469727, 5263.67871094, 4030.77661133, 405.538330078, 167.879470825, 1085.81237793, 871.385803223, 1727.02478027, 885.022644043, 534.579284668, 748.602172852, 433.065093994, 84.1954803467, 99.7364273071, 146.33291626, 18.6867542267, 11.8249597549, 12.7025279999, 21.316362381, 22.980047226, 20.1354999542, 12.8278646469, 3.3670334816, 0.23798070848, 0.0180340129882, 0.000797400425654, 1.59039973369e-05, 2.94550801527e-08], "dvar": [0.0704218074679, 6.89621210098, 50.2947311401, 204.802200317, 217.607528687, 322.702545166, 450.457641602, 252.423599243, 596.986083984, 1098.76184082, 1097.97192383, 1599.80603027, 1323.42553711, 2925.04663086, 3592.93774414, 249.014663696, 76.006149292, 479.302124023, 415.369934082, 966.231567383, 425.008209229, 271.650665283, 349.687164307, 222.755325317, 35.6192131042, 42.7077217102, 63.0980682373, 9.14859580994, 5.48355531693, 5.51394557953, 9.41238689423, 10.571685791, 9.69386863708, 6.30811262131, 1.61866700649, 0.110949784517, 0.00789692532271, 0.000325150758727, 5.68031782677e-06, 1.04801287648e-08], "dmean": [0.0714437663555, 0.829027533531, 2.6994509697, 4.10393667221, 7.4127035141, 10.8923473358, 10.3168344498, 8.21038722992, 9.02419185638, 10.0320558548, 12.9519758224, 14.031621933, 10.6871395111, 19.0717773438, 15.0228500366, 7.6418504715, 3.58856701851, 7.4050154686, 7.51325178146, 9.74499797821, 6.08794736862, 5.27989387512, 4.77387475967, 5.69770717621, 2.27604436874, 2.15145897865, 2.28577780724, 1.04863262177, 0.720717668533, 0.600553810596, 0.639644563198, 0.685108065605, 0.811428725719, 0.698478102684, 0.364926040173, 0.10022971034, 0.0289008300751, 0.00596505543217, 0.000527874275576, 2.63517922576e-05], "max": [4.14894199371, 43.2826690674, 133.523117065, 246.611282349, 286.43850708, 358.413543701, 703.418823242, 404.729431152, 1011.61376953, 802.158691406, 885.855163574, 1239.19250488, 1484.46728516, 1626.76940918, 3055.80395508, 750.421813965, 300.144561768, 852.466003418, 603.506774902, 1160.75524902, 871.979919434, 782.37890625, 1086.21704102, 447.387237549, 134.86038208, 228.372177124, 309.421844482, 104.54372406, 87.0065002441, 73.0484924316, 83.6463470459, 106.896957397, 112.366081238, 84.709022522, 45.6439476013, 10.9543409348, 3.28142404556, 0.519887447357, 0.0759434774518, 0.00360255734995], "var": [0.0753482356668, 7.82181596756, 76.7527618408, 231.915664673, 640.66418457, 1378.68713379, 1299.91772461, 1404.61474609, 1267.63220215, 2716.11938477, 3626.21777344, 7288.45556641, 3437.52075195, 13551.9970703, 31160.9785156, 1302.90087891, 252.66998291, 1153.13354492, 1352.71472168, 3827.78686523, 1104.8046875, 1055.3527832, 830.554748535, 954.858459473, 105.589523315, 102.241256714, 151.245223999, 27.6325283051, 13.509478569, 10.2993040085, 15.8575515747, 22.1890544891, 24.511510849, 18.3920917511, 4.26542043686, 0.258817195892, 0.0132385091856, 0.000390810979297, 3.77010655939e-06, 7.82141285072e-09], "mean": [0.157972037792, 1.72638833523, 6.18608951569, 7.39257717133, 16.1267547607, 25.8547782898, 26.7706241608, 25.4435997009, 19.6449337006, 24.0040588379, 31.6347179413, 39.774520874, 26.774023056, 47.391544342, 46.0281982422, 18.7472133636, 8.69093132019, 15.4262237549, 17.9684257507, 21.7606010437, 14.037156105, 12.7188587189, 10.9735774994, 13.4247617722, 5.27792644501, 4.6979227066, 4.99816560745, 2.22707104683, 1.32553732395, 1.01355040073, 1.00629413128, 1.1590937376, 1.56017148495, 1.46701478958, 0.747292220592, 0.182968333364, 0.0436364635825, 0.0080705685541, 0.000520547793712, 5.78333201702e-05]}, "spectral_strongpeak": {"dmean2": 0.630880534649, "median": 0.621315836906, "min": 0, "dvar2": 1.1091786623, "dvar": 0.491319596767, "dmean": 0.379212081432, "max": 12.2597494125, "var": 1.54612088203, "mean": 1.02063906193}, "spectral_energy": {"dmean2": 0.0144542977214, "median": 0.0329793281853, "min": 1.0230100488e-20, "dvar2": 0.000842780224048, "dvar": 0.000314725097269, "dmean": 0.00902989134192, "max": 0.293527960777, "var": 0.000652616552543, "mean": 0.0350294485688}, "average_loudness": 0.88970386982, "spectral_rolloff": {"dmean2": 436.279418945, "median": 559.86328125, "min": 64.599609375, "dvar2": 1844802, "dvar": 822092.6875, "dmean": 254.038803101, "max": 19444.4824219, "var": 2064599.75, "mean": 871.480102539}, "spectral_centroid": {"dmean2": 190.941619873, "median": 619.014709473, "min": 101.343734741, "dvar2": 81429.8984375, "dvar": 42937.9648438, "dmean": 126.968994141, "max": 11460.7900391, "var": 304252.90625, "mean": 755.418701172}, "pitch_salience": {"dmean2": 0.0988394990563, "median": 0.518497943878, "min": 0.0701425671577, "dvar2": 0.00982689764351, "dvar": 0.00355796166696, "dmean": 0.0599766336381, "max": 0.905821979046, "var": 0.0124903991818, "mean": 0.511856853962}, "spectral_energyband_middle_high": {"dmean2": 0.00155703618657, "median": 0.00196593394503, "min": 1.28978510617e-21, "dvar2": 8.91612125997e-06, "dvar": 5.2226923799e-06, "dmean": 0.00116731331218, "max": 0.0723067373037, "var": 4.8303809308e-05, "mean": 0.00451215030625}, "spectral_contrast_coeffs": {"dmean2": [0.0745187997818, 0.0630933493376, 0.0494685918093, 0.0418952964246, 0.0321524292231, 0.0259283557534], "median": [-0.610802173615, -0.697963476181, -0.738342165947, -0.769645392895, -0.789224743843, -0.79420042038], "min": [-0.976396381855, -0.98232883215, -0.973795413971, -0.967943608761, -0.965720176697, -0.961496114731], "dvar2": [0.00379373482428, 0.00293710734695, 0.00184624618851, 0.00126361614093, 0.000812904210761, 0.000598278245889], "dvar": [0.00142541353125, 0.00116690306459, 0.000795304891653, 0.000537986401469, 0.000379797129426, 0.000272641860647], "dmean": [0.0447662137449, 0.0388989448547, 0.0313876979053, 0.0263283550739, 0.0204754006118, 0.0164681058377], "max": [-0.242909237742, -0.409939795732, -0.405684620142, -0.511837244034, -0.555642127991, -0.577533483505], "var": [0.00996147468686, 0.00689255120233, 0.00576622132212, 0.0033221533522, 0.00317001179792, 0.00204894482158], "mean": [-0.602670311928, -0.69636964798, -0.734410464764, -0.763771295547, -0.780058503151, -0.793447673321]}, "melbands_skewness": {"dmean2": 0.884336054325, "median": 2.68428325653, "min": -1.58990895748, "dvar2": 1.15724897385, "dvar": 0.475045681, "dmean": 0.563716948032, "max": 14.3564348221, "var": 2.22540688515, "mean": 2.85879206657}, "spectral_spread": {"dmean2": 779639.25, "median": 4284126, "min": 749555.5625, "dvar2": 1607674101760.0, "dvar": 995162259456, "dmean": 543236.5, "max": 42981240, "var": 6903926620160.0, "mean": 4467677.5}, "dissonance": {"dmean2": 0.0355162993073, "median": 0.450660049915, "min": 0.200765222311, "dvar2": 0.00117124291137, "dvar": 0.000424442987423, "dmean": 0.0211725365371, "max": 0.500000119209, "var": 0.00108534016181, "mean": 0.444844186306}, "spectral_skewness": {"dmean2": 0.522219836712, "median": 2.2244925499, "min": -0.0363120362163, "dvar2": 0.510502159595, "dvar": 0.192805245519, "dmean": 0.323088377714, "max": 8.88249397278, "var": 1.45924866199, "mean": 2.49894618988}, "spectral_flux": {"dmean2": 0.0335843488574, "median": 0.0551724545658, "min": 6.52618514785e-11, "dvar2": 0.0020097119268, "dvar": 0.000932235794608, "dmean": 0.0219090916216, "max": 0.434005498886, "var": 0.00250936229713, "mean": 0.067199960351}, "spectral_contrast_valleys": {"dmean2": [0.573035299778, 0.463830918074, 0.397774010897, 0.393825113773, 0.343297839165, 0.356244146824], "median": [-6.85990810394, -6.56089687347, -7.32711076736, -7.99539661407, -8.1416721344, -10.533914566], "min": [-27.9036941528, -27.6659908295, -27.5879554749, -27.5563240051, -27.4746360779, -27.3401584625], "dvar2": [0.264915376902, 0.17546929419, 0.148926138878, 0.149576604366, 0.158377930522, 0.224321424961], "dvar": [0.114189825952, 0.0807412862778, 0.0719422250986, 0.0751585587859, 0.0902290791273, 0.133650109172], "dmean": [0.346850812435, 0.283597707748, 0.24910479784, 0.251348555088, 0.231757253408, 0.259724408388], "max": [-4.89688682556, -4.90313863754, -5.52808618546, -5.90651035309, -5.62697458267, -7.65150022507], "var": [1.78675127029, 1.5100414753, 1.62977278233, 2.05184817314, 2.74429774284, 3.09238314629], "mean": [-7.21551513672, -6.74086952209, -7.54667663574, -8.28027057648, -8.51933574677, -10.9856348038]}, "erbbands_flatness_db": {"dmean2": 0.0199945867062, "median": 0.165770530701, "min": 0.0240491535515, "dvar2": 0.000488240970299, "dvar": 0.000267691881163, "dmean": 0.01410919521, "max": 0.364123165607, "var": 0.00332425790839, "mean": 0.176406487823}, "spectral_energyband_high": {"dmean2": 0.000258128915448, "median": 0.000160353723913, "min": 7.55362513793e-21, "dvar2": 5.01334909586e-07, "dvar": 2.53806689443e-07, "dmean": 0.00018123537302, "max": 0.0111760292202, "var": 7.94961465544e-07, "mean": 0.000446858466603}, "spectral_entropy": {"dmean2": 0.241096556187, "median": 7.07415771484, "min": 4.75004720688, "dvar2": 0.0750674530864, "dvar": 0.0379697345197, "dmean": 0.162096843123, "max": 9.81617450714, "var": 0.365061491728, "mean": 7.0181016922}, "silence_rate_20dB": {"dmean2": 0, "median": 1, "min": 1, "dvar2": 0, "dvar": 0, "dmean": 0, "max": 1, "var": 0, "mean": 1}, "melbands_flatness_db": {"dmean2": 0.034212436527, "median": 0.265723258257, "min": 0.00314869708382, "dvar2": 0.00147984956857, "dvar": 0.000631150498521, "dmean": 0.022274473682, "max": 0.702467858791, "var": 0.00780159980059, "mean": 0.279809087515}, "barkbands": {"dmean2": [0.00020728961681, 0.00555046740919, 0.00420647673309, 0.00239626085386, 0.00479278247803, 0.00186732946895, 0.00112544058356, 0.000737841473892, 0.000920829712413, 0.000514610146638, 0.000779858033638, 0.000299806066323, 0.000131408392917, 0.000236716077779, 0.000301772990497, 0.000195244560018, 0.000151573811308, 0.000152715569129, 0.00012884271564, 7.59748654673e-05, 6.14441742073e-05, 3.11134790536e-05, 3.25229993905e-05, 6.19270213065e-05, 8.05396775831e-05, 2.55529375863e-05, 5.23590324519e-06], "median": [9.7770953289e-06, 0.00408254796639, 0.00248267035931, 0.00053259904962, 0.00383835681714, 0.00203391164541, 0.00061803823337, 0.00036999877193, 0.000455494038761, 0.000285684363917, 0.000350049871486, 0.000208012905205, 8.20191708044e-05, 0.00014380281209, 9.34345953283e-05, 5.45643124497e-05, 6.25090906397e-05, 5.44934664504e-05, 4.20543656219e-05, 2.72724228125e-05, 2.19498670049e-05, 9.79546075541e-06, 5.30076067662e-06, 1.75142613443e-05, 2.89029158012e-05, 7.1443937486e-06, 4.77071694149e-07], "min": [2.31395583252e-24, 1.00377848578e-23, 2.09198358721e-24, 2.81948077756e-24, 1.12269548071e-23, 1.97988183775e-23, 2.69680588593e-23, 5.08613217147e-24, 1.16198091157e-23, 2.44628164846e-23, 2.97284535606e-23, 1.99756336608e-23, 4.03448678925e-23, 6.81042804575e-23, 7.04486993371e-23, 8.8423822763e-23, 8.86636238564e-23, 1.53053808333e-22, 1.99506116239e-22, 2.26166143848e-22, 3.81638536607e-22, 4.52835391627e-22, 4.56624700762e-22, 7.30572187504e-22, 9.52125274727e-22, 1.41546960628e-21, 2.30745464994e-21], "dvar2": [5.84620067912e-07, 0.000319153565215, 0.000119166536024, 8.09457051218e-05, 5.90072340856e-05, 1.16104765766e-05, 9.22374510992e-06, 4.24534391641e-06, 7.42687507227e-06, 2.2751794404e-06, 5.30730085302e-06, 8.39075369186e-07, 9.14947690944e-08, 3.92738570554e-07, 8.27817814297e-07, 4.03522165016e-07, 2.13307103536e-07, 2.44547635475e-07, 1.10372774031e-07, 5.15270350832e-08, 3.91218719642e-08, 1.04700035308e-08, 1.99368468401e-08, 5.8569277428e-08, 8.0750652387e-08, 5.56103874061e-09, 4.12498840641e-10], "dvar": [2.05597629588e-07, 0.000113257527119, 4.41557313025e-05, 3.09387833113e-05, 2.04955122172e-05, 4.86745329908e-06, 4.11230212194e-06, 1.96821929421e-06, 3.68982659893e-06, 1.12224768145e-06, 3.14412545777e-06, 4.36160149775e-07, 4.22767705288e-08, 1.75472393948e-07, 4.37131518538e-07, 2.11159104424e-07, 1.05269030826e-07, 1.13054369422e-07, 5.25148884378e-08, 2.1984035925e-08, 1.75122991664e-08, 4.64810989698e-09, 8.90074325355e-09, 2.81333978336e-08, 3.95905388473e-08, 2.56290011436e-09, 1.50266285526e-10], "dmean": [0.000120728502225, 0.00325710582547, 0.00258011091501, 0.00144077499863, 0.00289013166912, 0.00124623405281, 0.00071500177728, 0.00048913503997, 0.000664006976876, 0.000362399208825, 0.000581167463679, 0.000207856137422, 8.46307957545e-05, 0.00015300270752, 0.000206498531043, 0.000133459820063, 0.000102189405879, 0.000101921985333, 8.59731444507e-05, 4.9356429372e-05, 4.04830461775e-05, 2.03560502996e-05, 2.11725473491e-05, 4.10573957197e-05, 5.43738424312e-05, 1.7140620912e-05, 3.1133029097e-06], "max": [0.00921026151627, 0.183721244335, 0.112138196826, 0.109839037061, 0.0763285458088, 0.0649756118655, 0.0575723126531, 0.0444582514465, 0.0417134277523, 0.036805447191, 0.0664685741067, 0.0207001082599, 0.00629388075322, 0.0153404660523, 0.025158887729, 0.0181798376143, 0.01