{"tonal": {"thpcp": [1, 0.524045705795, 0.150929883122, 0.0885689854622, 0.103686526418, 0.195425659418, 0.201495662332, 0.207447081804, 0.316953361034, 0.297549396753, 0.176350489259, 0.0930925905704, 0.0699541047215, 0.0997218117118, 0.203407928348, 0.3040112257, 0.281209170818, 0.202219575644, 0.160630151629, 0.22750851512, 0.513969600201, 0.625591516495, 0.356694430113, 0.203989386559, 0.232432767749, 0.196089997888, 0.125157415867, 0.0999049842358, 0.102553963661, 0.199816003442, 0.323915153742, 0.287837296724, 0.19794601202, 0.184000685811, 0.240850865841, 0.72131562233], "hpcp": {"dmean2": [0.208052322268, 0.202978178859, 0.195604667068, 0.15303952992, 0.120430320501, 0.115859732032, 0.108930163085, 0.0869299843907, 0.0930745080113, 0.127026408911, 0.138722106814, 0.144082516432, 0.136014088988, 0.13827329874, 0.161949545145, 0.2069414258, 0.187074586749, 0.18864582479, 0.105184748769, 0.0673320442438, 0.0732471197844, 0.0880822986364, 0.0850721150637, 0.116344645619, 0.172844544053, 0.128383979201, 0.0915615260601, 0.0703625530005, 0.0552397407591, 0.0778334960341, 0.118314899504, 0.148498520255, 0.137755826116, 0.141125947237, 0.138144567609, 0.166091293097], "median": [0.0723381713033, 0.105993650854, 0.0645628198981, 0.0123254414648, 0.00674366252497, 0.00747925322503, 0.0105993961915, 0.0107023622841, 0.0106064490974, 0.0165322646499, 0.0252805240452, 0.0236963834614, 0.0167483333498, 0.0154118090868, 0.041763689369, 0.147731468081, 0.219684630632, 0.131016299129, 0.0140126785263, 0.00669451197609, 0.00747155724093, 0.0125024626032, 0.0167189128697, 0.0167706385255, 0.014613583684, 0.013298407197, 0.00799345877022, 0.0068234517239, 0.00616846466437, 0.00846578832716, 0.0158916153014, 0.0217506680638, 0.020928138867, 0.0130385039374, 0.0109487511218, 0.0191533751786], "min": [0, 0, 0, 0, 0, 0, 0, 0, 0, 0, 0, 0, 0, 0, 0, 0, 0, 0, 0, 0, 0, 0, 0, 0, 0, 0, 0, 0, 0, 0, 0, 0, 0, 0, 0, 0], "dvar2": [0.109750382602, 0.0967149436474, 0.10465669632, 0.0927606076002, 0.0711475685239, 0.0732019990683, 0.0719466358423, 0.0605648346245, 0.0589779466391, 0.0755534693599, 0.0738392546773, 0.080248862505, 0.0758231431246, 0.0897665321827, 0.0937050655484, 0.0947324484587, 0.0930541604757, 0.0878894478083, 0.0494327507913, 0.0295489002019, 0.0344853065908, 0.0421909317374, 0.0348512604833, 0.0457429364324, 0.121344327927, 0.0580691695213, 0.0450818575919, 0.0339504480362, 0.0239843595773, 0.0384102985263, 0.0620528869331, 0.0849311351776, 0.0776136741042, 0.0898490995169, 0.0891810283065, 0.0988311246037], "dvar": [0.0419803857803, 0.0392692238092, 0.0365929491818, 0.0316527672112, 0.0262728258967, 0.0266748331487, 0.0242089536041, 0.0206609591842, 0.0207713823766, 0.026613952592, 0.0278270244598, 0.0296565368772, 0.0274159125984, 0.0319259725511, 0.0335754305124, 0.0348917357624, 0.0377484560013, 0.0314257889986, 0.0174113325775, 0.0104801645502, 0.0126583836973, 0.0178047008812, 0.0153980134055, 0.0167842451483, 0.0442067012191, 0.0222397316247, 0.015807300806, 0.0114640891552, 0.00879458524287, 0.0138568673283, 0.0231276787817, 0.0321243852377, 0.0287918690592, 0.0310856513679, 0.0316691733897, 0.0355401523411], "dmean": [0.11914280057, 0.120144166052, 0.111380048096, 0.0839322432876, 0.0679146051407, 0.0648143067956, 0.059567373246, 0.0472852289677, 0.0506002604961, 0.0711206048727, 0.0789907574654, 0.0818450078368, 0.0765535086393, 0.0767307505012, 0.0907214283943, 0.119145929813, 0.11015496403, 0.108861401677, 0.0588592030108, 0.0369491539896, 0.0417916476727, 0.0510933622718, 0.0501888915896, 0.0659428089857, 0.0946914330125, 0.0733378306031, 0.0520528070629, 0.0389988869429, 0.0311596971005, 0.0439032614231, 0.0677799209952, 0.0846565142274, 0.077835932374, 0.0781623572111, 0.0756107196212, 0.0924404710531], "max": [1, 1, 1, 1, 1, 1, 1, 1, 1, 1, 1, 1, 1, 1, 1, 1, 1, 1, 1, 1, 1, 1, 1, 1, 1, 1, 1, 1, 1, 1, 1, 1, 1, 1, 1, 1], "var": [0.0964961946011, 0.109229706228, 0.0477270707488, 0.0347576849163, 0.0559854581952, 0.0454267151654, 0.0189458169043, 0.0136141255498, 0.0144240856171, 0.0336073599756, 0.0666786283255, 0.0516799390316, 0.0307841207832, 0.0318156480789, 0.0337528511882, 0.106090843678, 0.175013527274, 0.0628196373582, 0.0180256385356, 0.00929825101048, 0.0128700379282, 0.0440002791584, 0.040854409337, 0.0235124304891, 0.0768639966846, 0.0622164867818, 0.0271977074444, 0.00994796771556, 0.00715614343062, 0.0116828465834, 0.0337813980877, 0.0613118745387, 0.057327568531, 0.0357251539826, 0.0276327505708, 0.035861313343], "mean": [0.220927238464, 0.268907368183, 0.153323307633, 0.0876838117838, 0.0999100580812, 0.0842882990837, 0.0537982881069, 0.0429436564445, 0.0440823063254, 0.0858899056911, 0.13923330605, 0.123725421727, 0.0850860998034, 0.0790917724371, 0.103528536856, 0.310053884983, 0.429844975471, 0.225258424878, 0.0648764520884, 0.0380709320307, 0.0445691309869, 0.0840027406812, 0.0866118967533, 0.0891700834036, 0.136240810156, 0.127900108695, 0.0758033692837, 0.0400153808296, 0.0300694201142, 0.0428649187088, 0.0874338746071, 0.130677700043, 0.120876349509, 0.0869230702519, 0.0690460652113, 0.097793392837]}, "tuning_equal_tempered_deviation": 0.288535952568, "chords_changes_rate": 0.0497101694345, "key_key": "D", "tuning_diatonic_strength": 0.570234358311, "key_scale": "minor", "chords_number_rate": 0.00228350609541, "tuning_frequency": 434.193115234, "tuning_nontempered_energy_ratio": 0.958530962467, "chords_histogram": [43.3866157532, 4.39135789871, 4.16300725937, 4.72510099411, 0, 9.06376266479, 0.298612326384, 7.62339735031, 0.0526962950826, 2.79290366173, 1.6160197258, 0, 0.281046897173, 0, 0, 0.421570360661, 0.158088877797, 3.2320394516, 0.21078518033, 0.66748636961, 3.12664675713, 1.68628144264, 10.9081325531, 1.19444930553], "key_strength": 0.76665365696, "chords_key": "D", "chords_strength": {"dmean2": 0.00750185409561, "median": 0.502680242062, "min": -1, "dvar2": 0.000665984931402, "dvar": 0.000374026421923, "dmean": 0.00787220336497, "max": 0.737291693687, "var": 0.0187363997102, "mean": 0.493579000235}, "chords_scale": "minor", "hpcp_entropy": {"dmean2": 0.906137406826, "median": 2.0514588356, "min": 0, "dvar2": 0.691430747509, "dvar": 0.267204225063, "dmean": 0.546039223671, "max": 4.38813877106, "var": 0.806414186954, "mean": 2.05072307587}}, "metadata": {"audio_properties": {"equal_loudness": 0, "codec": "flac", "downmix": "mix", "sample_rate": 44100, "analysis_sample_rate": 44100, "bit_rate": 0, "md5_encoded": "515423b5b4100ec186b644b74ac5c030", "length": 264.293334961, "replay_gain": -11.7018089294, "lossless": true}, "version": {"essentia_build_sha": "c0e182ba78c2de26e491b7b7a4a2c98c1ed34208", "essentia": "2.1-beta2", "extractor": "music 1.0", "essentia_git_sha": "v2.1_beta2-2-gbb40004"}, "tags": {"title": ["Lets Get Lost"], "artist": ["dEUS"], "date": ["1994-00-00"], "file_name": "09-Lets_Get_Lost.flac", "musicbrainz_albumid": ["e91c3bf4-be45-4b90-9ca2-34ecad65e6a9"], "album": ["Worst Case Scenario"], "tracknumber": ["9"], "musicbrainz_artistid": ["2d0ec174-2bff-4f46-ae1b-dfea0ed9391c"], "musicbrainz_recordingid": ["ff7fd62e-1c59-40a9-af72-f09ef4428417"]}}, "rhythm": {"bpm_histogram_first_peak_bpm": {"dmean2": 0, "median": 157, "min": 157, "dvar2": 0, "dvar": 0, "dmean": 0, "max": 157, "var": 0, "mean": 157}, "bpm": 155.275024414, "bpm_histogram_second_peak_spread": {"dmean2": 0, "median": 0.0970873832703, "min": 0.0970873832703, "dvar2": 0, "dvar": 0, "dmean": 0, "max": 0.0970873832703, "var": 0, "mean": 0.0970873832703}, "bpm_histogram_first_peak_weight": {"dmean2": 0, "median": 0.366987168789, "min": 0.366987168789, "dvar2": 0, "dvar": 0, "dmean": 0, "max": 0.366987168789, "var": 0, "mean": 0.366987168789}, "onset_rate": 2.58405995369, "beats_position": [0.336689323187, 0.696598649025, 1.06811785698, 1.43963718414, 1.8111563921, 2.19428563118, 2.58902478218, 2.97215414047, 3.36689329147, 3.75002264977, 4.13315200806, 4.51628112793, 4.8994102478, 5.28253936768, 5.66566896439, 6.03718805313, 6.420317173, 6.80344676971, 7.17496585846, 7.55809497833, 7.94122457504, 8.32435321808, 8.70748329163, 9.0906124115, 9.47374153137, 9.85687065125, 10.2399997711, 10.6115188599, 10.9830379486, 11.3661680222, 11.749297142, 12.1208162308, 12.5039453506, 12.8754644394, 13.2585935593, 13.6417226791, 14.0132427216, 14.3963718414, 14.7678909302, 15.15102005, 15.5341491699, 15.9172782898, 16.3004074097, 16.6835365295, 17.0666656494, 17.4381847382, 17.8097057343, 18.181224823, 18.5527439117, 18.9358730316, 19.3190021515, 19.6905212402, 20.0736503601, 20.45677948, 20.851518631, 21.2346477509, 21.6177768707, 22.0125160217, 22.3956451416, 22.7787742615, 23.1735134125, 23.5682544708, 23.9397735596, 24.3229026794, 24.7060317993, 25.0891609192, 25.4722900391, 25.8554191589, 26.2385482788, 26.6100673676, 26.9931964874, 27.3763256073, 27.7594547272, 28.142583847, 28.5257129669, 28.9088420868, 29.291973114, 29.6751022339, 30.0698413849, 30.4529705048, 30.8360996246, 31.2308387756, 31.6139678955, 31.9970970154, 32.3802261353, 32.7633552551, 33.146484375, 33.5296134949, 33.9243545532, 34.3074836731, 34.690612793, 35.0737419128, 35.4568710327, 35.8516082764, 36.2463493347, 36.6410865784, 37.0358276367, 37.4073448181, 37.790473938, 38.1736030579, 38.5567321777, 38.9398651123, 39.3229942322, 39.7061233521, 40.0892524719, 40.4723815918, 40.8555107117, 41.2386398315, 41.6217689514, 42.0048980713, 42.3880271912, 42.771156311, 43.1542854309, 43.5374145508, 43.9321517944, 44.3152809143, 44.6984100342, 45.0815429688, 45.4646720886, 45.8478012085, 46.2309303284, 46.625667572, 47.0087966919, 47.3919258118, 47.7866668701, 48.1814041138, 48.5761451721, 48.9708824158, 49.3656234741, 49.748752594, 50.1434898376, 50.5266189575, 50.9097480774, 51.2928771973, 51.6876182556, 52.0707473755, 52.4538764954, 52.8370056152, 53.2201347351, 53.603263855, 53.9863929749, 54.3695220947, 54.7526512146, 55.1241722107, 55.5073013306, 55.8904304504, 56.2851676941, 56.668296814, 57.0630378723, 57.4461669922, 57.8409042358, 58.2240333557, 58.6071662903, 59.0019035339, 59.3966445923, 59.7913818359, 60.1861228943, 60.5808601379, 60.9756011963, 61.3587303162, 61.7534675598, 62.1365966797, 62.531337738, 62.9260749817, 63.3092041016, 63.6923332214, 64.0870742798, 64.470199585, 64.8533325195, 65.2364578247, 65.6195907593, 66.0143280029, 66.409072876, 66.8038101196, 67.1985473633, 67.5932846069, 67.98802948, 68.3827667236, 68.7542877197, 69.1374130249, 69.5321502686, 69.9268951416, 70.3216323853, 70.7163696289, 71.0995025635, 71.4942398071, 71.8773651123, 72.2604980469, 72.6552352905, 73.0499725342, 73.4447174072, 73.8278427124, 74.210975647, 74.6057128906, 75.0004501343, 75.3951950073, 75.789932251, 76.1730575562, 76.5678024292, 76.9509277344, 77.3340606689, 77.7171859741, 78.1119232178, 78.5066680908, 78.9014053345, 79.2961425781, 79.6908798218, 80.0740127563, 80.4571380615, 80.8518829346, 81.2350082397, 81.6181411743, 82.0012664795, 82.3843994141, 82.7791366577, 83.1738739014, 83.5570068359, 83.9401321411, 84.3348770142, 84.7063903809, 85.0895233154, 85.4726486206, 85.8557815552, 86.2389068604, 86.6104278564, 86.993560791, 87.3766860962, 87.7598190308, 88.1545562744, 88.537689209, 88.9324264526, 89.3155517578, 89.6986846924, 90.0818099976, 90.4649429321, 90.8480682373, 91.2312011719, 91.6143264771, 91.9974594116, 92.3689804077, 92.7521057129, 93.1352386475, 93.5183639526, 93.9014968872, 94.2846221924, 94.667755127, 95.0624923706, 95.4456253052, 95.8287506104, 96.2118835449, 96.6066207886, 96.9897460938, 97.3844909668, 97.7792282104, 98.1623535156, 98.5454864502, 98.9402236938, 99.3349609375, 99.7297058105, 100.124443054, 100.507568359, 100.890701294, 101.285438538, 101.680175781, 102.063308716, 102.458045959, 102.841178894, 103.224304199, 103.607437134, 103.990562439, 104.373695374, 104.756820679, 105.128341675, 105.511474609, 105.894599915, 106.277732849, 106.660858154, 107.055595398, 107.438728333, 107.821853638, 108.204986572, 108.588119507, 108.959632874, 109.342765808, 109.725891113, 110.109024048, 110.492149353, 110.875282288, 111.258407593, 111.641540527, 112.024665833, 112.407798767, 112.802536011, 113.197273254, 113.592018127, 113.986755371, 114.369888306, 114.753013611, 115.136146545, 115.519271851, 115.914009094, 116.308753967, 116.703491211, 117.086616516, 117.469749451, 117.852874756, 118.23600769, 118.630744934, 119.013877869, 119.408615112, 119.791740417, 120.163261414, 120.53478241, 120.906303406, 121.289428711, 121.672561646, 122.055686951, 122.438819885, 122.810340881, 123.181854248, 123.553375244, 123.92489624, 124.296417236, 124.679542542, 125.132331848, 125.596733093, 126.061134338, 126.467483521, 126.873832703, 127.280181885, 127.686531067, 128.069656372, 128.452789307, 128.835922241, 129.219039917, 129.590560913, 129.962081909, 130.321990967, 130.681900024, 131.041809082, 131.413330078, 131.796463013, 132.167984009, 132.574325562, 132.992294312, 133.410247803, 133.851425171, 134.292602539, 134.733779907, 135.174957275, 135.604537964, 136.010879517, 136.428848267, 136.858413696, 137.299591064, 137.740768433, 138.193557739, 138.646347046, 139.087524414, 139.528701782, 139.923446655, 140.31817627, 140.712921143, 141.084442139, 141.455963135, 141.839096069, 142.233825684, 142.663391113, 143.069747925, 143.487701416, 143.894058228, 144.30039978, 144.706756592, 145.101501465, 145.484619141, 145.867752075, 146.25088501, 146.634017944, 147.005523682, 147.377044678, 147.748565674, 148.131698608, 148.514831543, 148.886352539, 149.257858276, 149.640991211, 150.024124146, 150.395645142, 150.778778076, 151.161895752, 151.545028687, 151.916549683, 152.288070679, 152.671203613, 153.042724609, 153.414230347, 153.797363281, 154.180496216, 154.552017212, 154.923538208, 155.295059204, 155.6665802, 156.038085938, 156.421218872, 156.804351807, 157.175872803, 157.547393799, 157.918914795, 158.290420532, 158.673553467, 159.056686401, 159.428207397, 159.799728394, 160.17124939, 160.542770386, 160.925888062, 161.309020996, 161.680541992, 162.052062988, 162.435195923, 162.829925537, 163.213058472, 163.631011963, 164.072189331, 164.513381958, 164.954559326, 165.407348633, 165.860137939, 166.312927246, 166.765716553, 167.218505859, 167.671295166, 168.124084473, 168.576873779, 169.029663086, 169.482452393, 169.946838379, 170.411239624, 170.864028931, 171.316818237, 171.781219482, 172.245620728, 172.698410034, 173.151199341, 173.603988647, 174.056777954, 174.509567261, 174.962356567, 175.415145874, 175.867935181, 176.309112549, 176.750289917, 177.203079224, 177.65586853, 178.097045898, 178.549835205, 179.002624512, 179.455413818, 179.908203125, 180.360992432, 180.813781738, 181.266571045, 181.719360352, 182.172149658, 182.624938965, 183.066116333, 183.507293701, 183.93687439, 184.389663696, 184.854049683, 185.318450928, 185.782852173, 186.270477295, 186.758087158, 187.24571228, 187.733337402, 188.220947266, 188.708572388, 189.184570312, 189.660583496, 190.148208618, 190.624221802, 191.100219727, 191.57623291, 192.052246094, 192.539855957, 193.027481079, 193.515090942, 194.002716064, 194.478729248, 194.954742432, 195.430740356, 195.90675354, 196.382766724, 196.858764648, 197.334777832, 197.810791016, 198.275192261, 198.751205444, 199.215591431, 199.691604614, 200.156005859, 200.643630981, 201.131240845, 201.607254028, 202.083267212, 202.570877075, 203.046890259, 203.522903442, 203.998901367, 204.474914551, 204.950927734, 205.426940918, 205.891326904, 206.332519531, 206.820129395, 207.296142578, 207.772155762, 208.259765625, 208.759002686, 209.258224487, 209.769073486, 210.279907227, 210.790740967, 211.301589966, 211.812423706, 212.323257446, 212.822494507, 213.321716309, 213.820953369, 214.320175171, 214.807800293, 215.295410156, 215.783035278, 216.2706604, 216.758270264, 217.257507324, 217.756729126, 218.244354248, 218.731964111, 219.219589233, 219.707214355, 220.206436157, 220.694061279, 221.181671143, 221.680908203, 222.180130005, 222.667755127, 223.15536499, 223.642990112, 224.142211914, 224.629837036, 225.117462158, 225.605072021, 226.092697144, 226.580307007, 227.067932129, 227.543945312, 228.019943237, 228.507568359, 228.995193481, 229.482803345, 229.958816528, 230.434829712, 230.910827637, 231.38684082, 231.909286499, 232.431747437, 232.954193115, 233.476638794, 233.999084473, 234.521530151, 235.055603027, 235.589660645, 236.112106323, 236.634552002, 237.168609619, 237.702667236, 238.225112915, 238.747573853, 239.270019531, 239.79246521, 240.30329895, 240.814147949, 241.324981689, 241.835830688, 242.346664429, 242.857498169, 243.356735229, 243.855957031, 244.366790771, 244.877639771, 245.388473511, 245.89932251, 246.398544312, 246.92098999, 247.431838989, 247.942672729, 248.465118408, 248.987564087, 249.498413086, 250.009246826, 250.520080566, 251.030929565, 251.541763306, 252.052597046, 252.563446045, 253.062667847, 253.573516846, 254.072738647, 254.583572388, 255.094421387, 255.628479004, 256.162536621, 256.696594238, 257.277099609, 257.85760498, 258.577423096, 259.297241211, 260.017059326, 260.736877441, 261.445068359, 262.153289795, 262.861480713, 263.569702148], "beats_loudness": {"dmean2": 0.0192715041339, "median": 0.0172228515148, "min": 0, "dvar2": 0.000431452092016, "dvar": 0.000133634384838, "dmean": 0.0103918444365, "max": 0.0944077223539, "var": 0.000434139161371, "mean": 0.0260538756847}, "danceability": 0.996864974499, "bpm_histogram_second_peak_weight": {"dmean2": 0, "median": 0.149038463831, "min": 0.149038463831, "dvar2": 0, "dvar": 0, "dmean": 0, "max": 0.149038463831, "var": 0, "mean": 0.149038463831}, "beats_count": 625, "bpm_histogram_second_peak_bpm": {"dmean2": 0, "median": 152, "min": 152, "dvar2": 0, "dvar": 0, "dmean": 0, "max": 152, "var": 0, "mean": 152}, "bpm_histogram_first_peak_spread": {"dmean2": 0, "median": 0.199300706387, "min": 0.199300706387, "dvar2": 0, "dvar": 0, "dmean": 0, "max": 0.199300706387, "var": 0, "mean": 0.199300706387}, "beats_loudness_band_ratio": {"dmean2": [0.324887394905, 0.263534516096, 0.116522468626, 0.0554933547974, 0.0707476586103, 0.0750275477767], "median": [0.647325456142, 0.148668915033, 0.0313950143754, 0.018092693761, 0.0400541946292, 0.031732276082], "min": [0, 0, 0, 0, 0, 0], "dvar2": [0.0769250318408, 0.0907224193215, 0.0197432953864, 0.00713714538142, 0.0106063215062, 0.0173326116055], "dvar": [0.0281953904778, 0.0322258099914, 0.00818415079266, 0.00256705400534, 0.0037724757567, 0.00603940431029], "dmean": [0.191998407245, 0.150585487485, 0.0669073536992, 0.0307900290936, 0.0397203415632, 0.04181721434], "max": [0.992232680321, 0.971183538437, 0.684719622135, 0.559912204742, 0.610086143017, 0.649246037006], "var": [0.0546983443201, 0.0377877615392, 0.00907958112657, 0.00220461143181, 0.00642898399383, 0.00658808881417], "mean": [0.604240179062, 0.201626360416, 0.0695475637913, 0.0334518253803, 0.0662227794528, 0.0657557845116]}}, "lowlevel": {"barkbands_spread": {"dmean2": 7.93808841705, "median": 21.9049110413, "min": 0.0222609192133, "dvar2": 110.967483521, "dvar": 49.7340698242, "dmean": 4.92056465149, "max": 102.862236023, "var": 405.154388428, "mean": 24.6274299622}, "melbands_spread": {"dmean2": 9.58759689331, "median": 15.0714206696, "min": 0.154109686613, "dvar2": 205.498962402, "dvar": 85.8171081543, "dmean": 5.88276052475, "max": 191.270431519, "var": 574.613952637, "mean": 22.4369983673}, "hfc": {"dmean2": 4.97505378723, "median": 10.8800563812, "min": 1.08923751866e-16, "dvar2": 88.4336776733, "dvar": 38.0788002014, "dmean": 3.21427202225, "max": 173.233856201, "var": 437.939819336, "mean": 18.0171356201}, "barkbands_kurtosis": {"dmean2": 15.2145671844, "median": 3.53430581093, "min": -1.96108925343, "dvar2": 10240.8974609, "dvar": 4161.66064453, "dmean": 10.0098896027, "max": 4586.66308594, "var": 9996.10644531, "mean": 23.3042621613}, "gfcc": {"mean": [-77.992729187, 98.0237426758, -95.1773300171, 56.011516571, -40.6753959656, -2.11163187027, -33.6673240662, -5.02570581436, -21.0223369598, -5.58290243149, -18.5623645782, -4.13554048538, -10.1312732697], "icov": [[0.00011210435332, -0.000161501171533, 0.000183115742402, -0.000226998541621, 8.76286576386e-05, -0.000234845036175, 0.000323089683661, -0.000340872793458, 0.000402428384405, -0.00050537136849, 0.000561458058655, -0.000485565862618, 0.000305867812131], [-0.000161501171533, 0.00141510716639, -0.000169192426256, 0.000473534368211, -0.000294457713608, 0.00114612875041, -0.000815159466583, 0.00162819726393, -0.00155131018255, 0.00215567974374, -0.00242075906135, 0.00187972967979, -0.000785239448305], [0.000183115742402, -0.000169192426256, 0.00119730865117, 0.00011079559772, -0.000314455945045, -0.000803133007139, 0.00126376061235, -0.000104569284304, 0.00017797628243, -0.000194949869183, -3.99945020035e-05, -0.0004117860517, 0.000593802367803], [-0.000226998541621, 0.000473534368211, 0.00011079559772, 0.00217318395153, -0.000468870479381, 0.000124957994558, -0.000413833680796, 0.000493996427394, -0.000831051089335, 0.00180349906441, -0.00248915189877, 0.0019967306871, -0.00214358675294], [8.76286576386e-05, -0.000294457713608, -0.000314455945045, -0.000468870479381, 0.00363011122681, 2.78767456621e-05, -0.00147609366104, 0.000126611223095, -0.000446031568572, -0.000676075869706, -0.000405188417062, -3.7949099351e-05, -0.000389811029891], [-0.000234845036175, 0.00114612875041, -0.000803133007139, 0.000124957994558, 2.78767456621e-05, 0.0053358245641, -0.00110618909821, -0.0014229058288, -0.000509559991769, 0.00178826297633, -0.00236333021894, 0.00120452942792, -0.000340920436429], [0.000323089683661, -0.000815159466583, 0.00126376061235, -0.000413833680796, -0.00147609366104, -0.00110618909821, 0.00697788549587, -0.00225353427231, 0.00156249629799, -0.000836150313262, 0.00117334083188, -0.00147979112808, 0.000356276606908], [-0.000340872793458, 0.00162819726393, -0.000104569284304, 0.000493996427394, 0.000126611223095, -0.0014229058288, -0.00225353427231, 0.00929248798639, -0.00356163666584, 0.000382586091291, -0.00179178570397, 0.000641188002191, -0.00106757122558], [0.000402428384405, -0.00155131018255, 0.00017797628243, -0.000831051089335, -0.000446031568572, -0.000509559991769, 0.00156249629799, -0.00356163666584, 0.0125475525856, -0.00585370371118, 0.00297173857689, -0.00140688044485, -0.000457657210063], [-0.00050537136849, 0.00215567974374, -0.000194949869183, 0.00180349906441, -0.000676075869706, 0.00178826297633, -0.000836150313262, 0.000382586091291, -0.00585370371118, 0.0137217082083, -0.00750189274549, 0.00444167340174, -0.00260639376938], [0.000561458058655, -0.00242075906135, -3.99945020035e-05, -0.00248915189877, -0.000405188417062, -0.00236333021894, 0.00117334083188, -0.00179178570397, 0.00297173857689, -0.00750189274549, 0.0178335532546, -0.00923868548125, 0.00141592952423], [-0.000485565862618, 0.00187972967979, -0.0004117860517, 0.0019967306871, -3.7949099351e-05, 0.00120452942792, -0.00147979112808, 0.000641188002191, -0.00140688044485, 0.00444167340174, -0.00923868548125, 0.0178512781858, -0.00879648886621], [0.000305867812131, -0.000785239448305, 0.000593802367803, -0.00214358675294, -0.000389811029891, -0.000340920436429, 0.000356276606908, -0.00106757122558, -0.000457657210063, -0.00260639376938, 0.00141592952423, -0.00879648886621, 0.0180327314883]], "cov": [[31458.0136719, -2802.05664062, -4412.19628906, 2291.12719727, -1150.99572754, 1181.53417969, -182.759658813, 1410.99291992, -324.383880615, 577.216308594, -286.054138184, 394.936096191, 136.950408936], [-2802.05664062, 2365.99023438, 286.158782959, -193.091842651, 271.446228027, -566.343017578, 57.4519729614, -530.54486084, 48.9427719116, -235.596694946, 75.7289962769, -147.652282715, -29.9865150452], [-4412.19628906, 286.158782959, 1806.16967773, -455.953186035, 153.260879517, -1.40886712074, -178.754653931, -186.627227783, 42.9920921326, -65.8261642456, 60.6184997559, -46.8854980469, -66.6606140137], [2291.12719727, -193.091842651, -455.953186035, 878.656860352, 53.9840049744, 122.125526428, 72.4663391113, 126.270301819, 5.58130598068, 28.8269023895, 79.1947174072, 53.6797523499, 105.986656189], [-1150.99572754, 271.446228027, 153.260879517, 53.9840049744, 408.251342773, -45.8029632568, 103.716362, -43.2776756287, 48.1370353699, 6.16787576675, 68.4871139526, 7.34779405594, 36.3813781738], [1181.53417969, -566.343017578, -1.40886712074, 122.125526428, -45.8029632568, 396.495727539, 18.6811504364, 201.661834717, -3.08593058586, 56.2094688416, 23.8386249542, 53.6340751648, 20.2740364075], [-182.759658813, 57.4519729614, -178.754653931, 72.4663391113, 103.716362, 18.6811504364, 231.875183105, 44.9781494141, 7.88196229935, 4.40292549133, 26.5869617462, 21.3577766418, 29.9462184906], [1410.99291992, -530.54486084, -186.627227783, 126.270301819, -43.2776756287, 201.661834717, 44.9781494141, 297.646240234, 33.0132865906, 91.652671814, 14.9955005646, 60.5347518921, 36.1662254333], [-324.383880615, 48.9427719116, 42.9920921326, 5.58130598068, 48.1370353699, -3.08593058586, 7.88196229935, 33.0132865906, 125.602478027, 50.8918991089, 22.9891681671, 5.75218820572, 21.2063827515], [577.216308594, -235.596694946, -65.8261642456, 28.8269023895, 6.16787576675, 56.2094688416, 4.40292549133, 91.652671814, 50.8918991089, 156.703399658, 39.9692420959, 27.7944393158, 26.4405326843], [-286.054138184, 75.7289962769, 60.6184997559, 79.1947174072, 68.4871139526, 23.8386249542, 26.5869617462, 14.9955005646, 22.9891681671, 39.9692420959, 130.071807861, 56.7042579651, 41.6691551208], [394.936096191, -147.652282715, -46.8854980469, 53.6797523499, 7.34779405594, 53.6340751648, 21.3577766418, 60.5347518921, 5.75218820572, 27.7944393158, 56.7042579651, 123.125274658, 58.9033927917], [136.950408936, -29.9865150452, -66.6606140137, 105.986656189, 36.3813781738, 20.2740364075, 29.9462184906, 36.1662254333, 21.2063827515, 26.4405326843, 41.6691551208, 58.9033927917, 99.1605911255]]}, "spectral_energyband_middle_low": {"dmean2": 0.00399868004024, "median": 0.0064664427191, "min": 1.74421033651e-22, "dvar2": 4.74542466691e-05, "dvar": 1.8396483938e-05, "dmean": 0.00244403118268, "max": 0.0734574124217, "var": 4.0558668843e-05, "mean": 0.00775564322248}, "melbands_crest": {"dmean2": 4.06740474701, "median": 16.6831550598, "min": 1.62651026249, "dvar2": 20.4618473053, "dvar": 8.12990093231, "dmean": 2.4943459034, "max": 38.7047729492, "var": 51.8540992737, "mean": 18.2355690002}, "spectral_kurtosis": {"dmean2": 5.50307655334, "median": 3.41746687889, "min": -1.26152157784, "dvar2": 157.027618408, "dvar": 79.7936859131, "dmean": 3.55090785027, "max": 180.068572998, "var": 361.735565186, "mean": 9.65869235992}, "spectral_rms": {"dmean2": 0.000754488864914, "median": 0.00423106178641, "min": 3.14008086026e-12, "dvar2": 1.0565319144e-06, "dvar": 4.36290889638e-07, "dmean": 0.000468034500955, "max": 0.0121898688376, "var": 3.68350015378e-06, "mean": 0.00409430637956}, "zerocrossingrate": {"dmean2": 0.00996004510671, "median": 0.048828125, "min": 0.00048828125, "dvar2": 0.000184891323443, "dvar": 0.000132155779283, "dmean": 0.00784990470856, "max": 0.52978515625, "var": 0.00344559247606, "mean": 0.058795556426}, "silence_rate_60dB": {"dmean2": 0.0319803208113, "median": 0, "min": 0, "dvar2": 0.0357107929885, "dvar": 0.0157358739525, "dmean": 0.0159887559712, "max": 1, "var": 0.0862909778953, "mean": 0.0953970476985}, "erbbands_kurtosis": {"dmean2": 3.608273983, "median": 0.596197724342, "min": -1.92950451374, "dvar2": 112.23600769, "dvar": 66.5531463623, "dmean": 2.66231036186, "max": 332.597625732, "var": 456.648071289, "mean": 6.27455425262}, "erbbands": {"dmean2": [0.143925666809, 0.827773928642, 2.42832374573, 5.42607975006, 6.90277671814, 8.77344989777, 6.40681838989, 4.00499486923, 5.50466346741, 4.93352079391, 8.32292938232, 4.64111661911, 8.33330345154, 6.868516922, 4.72700405121, 7.20045232773, 4.32004594803, 7.95826339722, 21.1701793671, 9.64095497131, 20.9465312958, 25.0718345642, 15.9771623611, 22.5238265991, 10.7205133438, 12.8665971756, 13.0846967697, 6.13912391663, 3.97366905212, 2.87813568115, 2.04649877548, 1.12398040295, 0.641016423702, 0.379388183355, 0.21316459775, 0.107069812715, 0.0567731298506, 0.0180698949844, 0.00307160173543, 0.000202357463422], "median": [0.0575616545975, 0.643866419792, 1.42320013046, 5.77884817123, 7.28189468384, 6.46360206604, 4.09938049316, 1.97398221493, 2.9152879715, 2.21703243256, 2.549036026, 1.36656665802, 1.13324642181, 1.91806840897, 1.9100342989, 1.72070026398, 1.74373030663, 2.2626657486, 5.28469419479, 4.26730728149, 7.73541402817, 11.7140607834, 11.1020927429, 11.3003520966, 8.45433616638, 9.64825630188, 8.64621257782, 4.64978694916, 1.845952034, 1.42397117615, 0.963469982147, 0.320297241211, 0.131608769298, 0.0692631676793, 0.0291324071586, 0.00787492655218, 0.00202940916643, 0.000355811236659, 5.26250369148e-05, 2.96862781397e-05], "min": [7.51209015977e-23, 6.49699328704e-22, 1.85233547444e-21, 3.62822782806e-21, 8.56847235196e-21, 2.24703257971e-20, 3.46597045401e-20, 5.6752021722e-20, 9.36693638788e-20, 1.83621533181e-19, 1.77499349748e-19, 3.4104853111e-19, 5.0310851595e-19, 5.98403341431e-19, 8.76729248233e-19, 1.33787034221e-18, 1.52735467308e-18, 2.26006174711e-18, 2.4764968631e-18, 2.72054781744e-18, 3.3415371187e-18, 4.97098490453e-18, 4.57225241642e-18, 5.28819957046e-18, 8.57129100221e-18, 8.121602534e-18, 8.38854777974e-18, 9.88283383989e-18, 9.18249806555e-18, 1.17518434709e-17, 1.13953393802e-17, 8.5889380734e-18, 9.51231979119e-18, 7.68793159117e-18, 6.01600477217e-18, 4.25818765426e-18, 2.37688860092e-18, 1.00461798838e-18, 2.61556836135e-19, 2.66079349199e-20], "dvar2": [0.104913331568, 2.25457596779, 28.0797939301, 103.505775452, 127.727554321, 304.740478516, 157.149139404, 93.745475769, 122.209388733, 139.619308472, 893.530212402, 237.468307495, 1192.6953125, 327.561920166, 115.837898254, 539.53503418, 126.200767517, 531.140197754, 4233.75, 432.929229736, 2984.75390625, 3565.62255859, 1083.76452637, 2777.75366211, 546.079956055, 647.510864258, 801.548156738, 148.309799194, 67.0827407837, 45.2565994263, 21.1050930023, 8.84058189392, 3.55980753899, 1.17091488838, 0.448434412479, 0.159580469131, 0.0584438219666, 0.00636660028249, 0.000256491883192, 1.16597118449e-06], "dvar": [0.0407809726894, 0.833354651928, 9.96307468414, 41.6990280151, 43.4622344971, 113.251976013, 57.2132453918, 34.4336280823, 49.5996170044, 55.520275116, 385.672546387, 94.557144165, 434.234161377, 141.391738892, 46.9486236572, 243.22718811, 49.8948326111, 229.447357178, 1661.15539551, 184.610733032, 1093.79309082, 1440.62194824, 407.417144775, 989.815979004, 202.068771362, 234.7631073, 304.504577637, 59.8333625793, 25.9230670929, 17.8638591766, 8.99176979065, 4.53626823425, 2.014585495, 0.623721778393, 0.24373935163, 0.0838422700763, 0.0261468719691, 0.00295010046102, 0.000109492022602, 4.77318224057e-07], "dmean": [0.0859633907676, 0.49165135622, 1.42756676674, 3.2856938839, 4.04817199707, 5.26180028915, 3.88011670113, 2.38055515289, 3.53390336037, 3.08406615257, 5.31199645996, 2.9219853878, 5.13502025604, 4.42126178741, 3.00237464905, 4.63184499741, 2.67507743835, 4.86578226089, 12.8379049301, 5.86805009842, 12.5819530487, 15.2261180878, 9.67703342438, 13.6095628738, 6.43342685699, 7.60078954697, 7.89651012421, 3.7217874527, 2.40332794189, 1.75601494312, 1.28103172779, 0.74701577425, 0.463731378317, 0.266804367304, 0.1529545784, 0.0792190507054, 0.038223143667, 0.0119369616732, 0.00197069742717, 0.000127320978208], "max": [3.95628213882, 14.6618671417, 44.6147956848, 106.056556702, 127.926780701, 166.772293091, 131.439819336, 186.971557617, 152.882156372, 216.031173706, 435.643249512, 248.354492188, 811.837036133, 501.453063965, 289.075927734, 626.850402832, 244.961044312, 748.580871582, 1887.51879883, 776.581665039, 1324.10546875, 1449.69165039, 586.610351562, 1269.49780273, 445.404876709, 445.733581543, 570.07232666, 301.293060303, 140.780822754, 104.039352417, 57.7196578979, 50.3763694763, 50.1352996826, 19.5901985168, 10.9703588486, 7.60571432114, 5.29001951218, 1.45311784744, 0.262233734131, 0.0217014066875], "var": [0.0740320757031, 1.82181596756, 16.5873279572, 75.496383667, 83.669052124, 192.969894409, 122.193519592, 48.3928146362, 147.705200195, 182.887069702, 488.005584717, 147.677886963, 554.189819336, 356.275421143, 401.856567383, 1345.25012207, 100.121604919, 1085.77587891, 6226.37451172, 1390.85131836, 3030.22314453, 4720.01953125, 1787.99682617, 4003.11352539, 894.139404297, 971.246948242, 1531.6776123, 271.543945312, 97.2944564819, 52.1103630066, 26.7980690002, 13.3303632736, 6.44305944443, 2.14687561989, 0.777120709419, 0.196669086814, 0.0420252047479, 0.00448246579617, 0.00013120190124, 5.15580381943e-07], "mean": [0.180254101753, 1.10442173481, 2.6582710743, 7.47087001801, 9.34883785248, 11.1078214645, 7.82997179031, 4.28058862686, 7.3333439827, 6.31641674042, 8.27206039429, 5.03789424896, 8.57478523254, 7.80779695511, 7.45134496689, 11.1020803452, 5.23803281784, 10.8266000748, 27.8544330597, 15.5499601364, 27.9577732086, 36.5219612122, 26.5374107361, 34.2243003845, 18.69272995, 21.6791152954, 24.1104354858, 11.2175645828, 6.51084375381, 4.59132289886, 3.1635658741, 1.69835114479, 1.04553449154, 0.629119694233, 0.344444662333, 0.14817288518, 0.0560547970235, 0.0159191843122, 0.00232193432748, 0.000161217656569]}, "spectral_strongpeak": {"dmean2": 0.386524170637, "median": 0.331133425236, "min": 0, "dvar2": 1.8134585619, "dvar": 0.680150687695, "dmean": 0.219042375684, "max": 21.5319232941, "var": 1.54499101639, "mean": 0.53824532032}, "spectral_energy": {"dmean2": 0.00799455493689, "median": 0.0183494314551, "min": 1.0106610662e-20, "dvar2": 0.000181664625416, "dvar": 7.3543698818e-05, "dmean": 0.00491340784356, "max": 0.152307718992, "var": 0.000282432243694, "mean": 0.0209579598159}, "average_loudness": 0.791555583477, "spectral_rolloff": {"dmean2": 727.016784668, "median": 602.9296875, "min": 43.06640625, "dvar2": 1484135.5, "dvar": 652395.125, "dmean": 419.44833374, "max": 19961.2792969, "var": 5204439.5, "mean": 1587.99243164}, "spectral_centroid": {"dmean2": 338.120239258, "median": 1448.37268066, "min": 80.3824615479, "dvar2": 216461.40625, "dvar": 95850.3125, "dmean": 210.749938965, "max": 11643.9208984, "var": 1721685.5, "mean": 1501.63476562}, "pitch_salience": {"dmean2": 0.0962813645601, "median": 0.518193364143, "min": 0.0254688225687, "dvar2": 0.0106358556077, "dvar": 0.0040203044191, "dmean": 0.0591925345361, "max": 0.932857513428, "var": 0.0269181709737, "mean": 0.485611259937}, "spectral_energyband_middle_high": {"dmean2": 0.00125236029271, "median": 0.00196573324502, "min": 1.14588718353e-21, "dvar2": 5.32311787538e-06, "dvar": 2.07033349398e-06, "dmean": 0.00078013096936, "max": 0.0409384556115, "var": 2.53895523201e-05, "mean": 0.0037745302543}, "spectral_contrast_coeffs": {"dmean2": [0.0707374960184, 0.0642933920026, 0.0526278614998, 0.0448589138687, 0.0320668369532, 0.0263429582119], "median": [-0.634412765503, -0.733916401863, -0.790417850018, -0.779643654823, -0.78866994381, -0.728226959705], "min": [-0.997486412525, -0.98755389452, -0.976078033447, -0.968628942966, -0.969159185886, -0.966599881649], "dvar2": [0.00375473196618, 0.00330065586604, 0.00195120589342, 0.00136717641726, 0.000734502507839, 0.000712936045602], "dvar": [0.00151055480819, 0.00124384346418, 0.000762761337683, 0.000521888257936, 0.000308379181661, 0.000325927248923], "dmean": [0.0434072315693, 0.0395555496216, 0.0324885137379, 0.0275707058609, 0.0200044512749, 0.0169249549508], "max": [-0.253841429949, -0.441176086664, -0.437686145306, -0.547272503376, -0.593085408211, -0.501152634621], "var": [0.0168569590896, 0.00692101242021, 0.00474322261289, 0.00317872595042, 0.0026651986409, 0.00536201102659], "mean": [-0.602437257767, -0.725137829781, -0.782792985439, -0.779942929745, -0.791679143906, -0.738552391529]}, "melbands_skewness": {"dmean2": 1.38204467297, "median": 3.42801403999, "min": -2.8701415062, "dvar2": 4.17920446396, "dvar": 1.71009266376, "dmean": 0.875350296497, "max": 25.831035614, "var": 6.79539871216, "mean": 3.8705728054}, "spectral_spread": {"dmean2": 725421.8125, "median": 3809212.5, "min": 652118.75, "dvar2": 1279054184450.0, "dvar": 628512784384, "dmean": 478657.375, "max": 42187236, "var": 13572893573100.0, "mean": 4409354}, "dissonance": {"dmean2": 0.024421511218, "median": 0.478506743908, "min": 0, "dvar2": 0.00117348239291, "dvar": 0.000541248067748, "dmean": 0.0156904179603, "max": 0.500000059605, "var": 0.00364321586676, "mean": 0.451613008976}, "spectral_skewness": {"dmean2": 0.528492927551, "median": 1.19834709167, "min": -0.537946283817, "dvar2": 0.811041772366, "dvar": 0.436647325754, "dmean": 0.347601443529, "max": 11.7683048248, "var": 2.80683255196, "mean": 1.77914500237}, "spectral_flux": {"dmean2": 0.0215364769101, "median": 0.0534378401935, "min": 6.43665884481e-11, "dvar2": 0.00084479036741, "dvar": 0.000376933981897, "dmean": 0.0139368055388, "max": 0.343418449163, "var": 0.00186589930672, "mean": 0.0555098243058}, "spectral_contrast_valleys": {"dmean2": [0.628749728203, 0.563739180565, 0.524552822113, 0.446472942829, 0.392522454262, 0.412708729506], "median": [-6.92964363098, -7.38172340393, -8.20988941193, -8.30411720276, -7.15331840515, -10.610786438], "min": [-28.4482936859, -28.248090744, -27.7621097565, -27.7040557861, -27.4690074921, -27.4535713196], "dvar2": [0.322347164154, 0.295524924994, 0.296854227781, 0.253451406956, 0.359944522381, 0.548347711563], "dvar": [0.154934465885, 0.134183481336, 0.160688892007, 0.14449198544, 0.205562442541, 0.282658487558], "dmean": [0.389487326145, 0.346487224102, 0.341815292835, 0.3038828969, 0.283253639936, 0.306338220835], "max": [-5.09689426422, -4.6450920105, -5.43780755997, -5.79410123825, -5.43444728851, -8.00426387787], "var": [6.01755046844, 5.230240345, 5.3059425354, 5.66292381287, 6.84768724442, 5.44365310669], "mean": [-7.793009758, -7.90943908691, -8.76864051819, -8.90393447876, -8.30974674225, -11.2207241058]}, "erbbands_flatness_db": {"dmean2": 0.0234072320163, "median": 0.159018486738, "min": 0.0433295816183, "dvar2": 0.00119548582006, "dvar": 0.00065272214124, "dmean": 0.0172864794731, "max": 0.528804898262, "var": 0.00621812418103, "mean": 0.178654506803}, "spectral_energyband_high": {"dmean2": 0.000469821476145, "median": 0.000481845578179, "min": 7.13714696965e-21, "dvar2": 7.97086499915e-07, "dvar": 3.41819230698e-07, "dmean": 0.000298616505461, "max": 0.0171440914273, "var": 2.58618342741e-06, "mean": 0.00116553821135}, "spectral_entropy": {"dmean2": 0.272766411304, "median": 7.53640079498, "min": 2.89010691643, "dvar2": 0.251614719629, "dvar": 0.137021735311, "dmean": 0.204584732652, "max": 9.82269668579, "var": 1.36455738544, "mean": 7.08460283279}, "silence_rate_20dB": {"dmean2": 0, "median": 1, "min": 1, "dvar2": 0, "dvar": 0, "dmean": 0, "max": 1, "var": 0, "mean": 1}, "melbands_flatness_db": {"dmean2": 0.0402669720352, "median": 0.226123124361, "min": 0.00295079196803, "dvar2": 0.00323917460628, "dvar": 0.00163117900956, "dmean": 0.0279716327786, "max": 0.832896590233, "var": 0.02191558294, "mean": 0.2711776793}, "barkbands": {"dmean2": [0.000378799857572, 0.00386756076477, 0.00267912074924, 0.00191606208682, 0.00240974780172, 0.000526606978383, 0.000402542675147, 0.000365532701835, 0.000221511771088, 0.000273397541605, 0.000105899314804, 0.000171777122887, 9.77717863861e-05, 0.000223051247303, 0.000365256128134, 0.000333841395332, 0.00046549574472, 0.000315007928293, 0.00034619026701, 0.000284051260678, 0.000231668978813, 0.000107763720735, 7.62827403378e-05, 4.18937415816e-05, 2.94794881484e-05, 2.72666511592e-05, 1.97751051019e-05], "median": [1.98206034838e-05, 0.00290669919923, 0.0013794421684, 0.00214150315151, 0.00221032858826, 0.000353275507223, 0.000176405432285, 0.000107288084109, 4.13890593336e-05, 5.02160874021e-05, 3.1998319173e-05, 3.73283983208e-05, 2.91244577966e-05, 3.90331842937e-05, 9.27241198951e-05, 0.000100110119092, 0.000207420991501, 0.000151979358634, 0.000181159106432, 0.00020326673984