{"tonal": {"thpcp": [1, 0.557937681675, 0.356013596058, 0.300913721323, 0.178363725543, 0.189740210772, 0.218550875783, 0.217848882079, 0.382782965899, 0.450167506933, 0.254103958607, 0.1678263098, 0.182133123279, 0.233317926526, 0.458257764578, 0.527823507786, 0.31421521306, 0.20776361227, 0.213999927044, 0.244413390756, 0.535363078117, 0.718165695667, 0.424851149321, 0.245971530676, 0.244317650795, 0.164051011205, 0.126866683364, 0.132732659578, 0.134477868676, 0.214673340321, 0.280989795923, 0.220415696502, 0.200029164553, 0.224569424987, 0.26778909564, 0.754772782326], "hpcp": {"dmean2": [0.178294077516, 0.182638525963, 0.1588845402, 0.145740881562, 0.163566216826, 0.200157552958, 0.197655051947, 0.182119488716, 0.139396861196, 0.115963481367, 0.0993158742785, 0.0793612599373, 0.0836187154055, 0.0886887535453, 0.10195094347, 0.109687827528, 0.124785333872, 0.126081556082, 0.129636734724, 0.169769763947, 0.226341083646, 0.205524489284, 0.239107251167, 0.196965321898, 0.154953688383, 0.126271694899, 0.122035242617, 0.126452252269, 0.139281570911, 0.173785299063, 0.180474087596, 0.143682286143, 0.124436974525, 0.136265993118, 0.154537066817, 0.172491848469], "median": [0.0243585053831, 0.0174053926021, 0.00629904260859, 0.00546120619401, 0.0156682282686, 0.0790225937963, 0.104631461203, 0.0540240779519, 0.00685483869165, 0.00427643535659, 0.00478404387832, 0.00577621767297, 0.00579628301784, 0.00564299570397, 0.00846631452441, 0.0108808996156, 0.00803141202778, 0.00788788031787, 0.00837642326951, 0.0225546769798, 0.101062089205, 0.130471527576, 0.0974822640419, 0.0122541999444, 0.0089897653088, 0.00423532770947, 0.00958011206239, 0.0136052425951, 0.0141790676862, 0.0284926313907, 0.0364397801459, 0.0210745725781, 0.00764424726367, 0.00753585388884, 0.00823097024113, 0.0194918531924], "min": [0, 0, 0, 0, 0, 0, 0, 0, 0, 0, 0, 0, 0, 0, 0, 0, 0, 0, 0, 0, 0, 0, 0, 0, 0, 0, 0, 0, 0, 0, 0, 0, 0, 0, 0, 0], "dvar2": [0.0993428304791, 0.110653981566, 0.106477238238, 0.0965560004115, 0.096881210804, 0.0954892262816, 0.0892768800259, 0.0838512405753, 0.0824700891972, 0.0700359344482, 0.060843359679, 0.0472580417991, 0.0491542480886, 0.0566444434226, 0.0572348348796, 0.0604149848223, 0.0747975707054, 0.0759909749031, 0.0746803358197, 0.090762771666, 0.099686704576, 0.109600745142, 0.116935499012, 0.126261219382, 0.0945745036006, 0.0847290083766, 0.0763636007905, 0.072787322104, 0.0766146108508, 0.0915019065142, 0.0988370701671, 0.0736939534545, 0.0764108598232, 0.0945144370198, 0.0980889201164, 0.0940328836441], "dvar": [0.0400487035513, 0.0396434105933, 0.0381101965904, 0.035664383322, 0.0349396020174, 0.0357169918716, 0.0384642332792, 0.0316020548344, 0.0311380401254, 0.0273119565099, 0.0215024668723, 0.0167386941612, 0.0173118729144, 0.0196515712887, 0.0209396779537, 0.0233150031418, 0.0265074986964, 0.0277277845889, 0.0276858918369, 0.0331119820476, 0.0374365188181, 0.0429041311145, 0.0417058803141, 0.0461692139506, 0.0352804027498, 0.0298540517688, 0.0278327688575, 0.0266462825239, 0.0280009172857, 0.0354177467525, 0.0382052063942, 0.0267664454877, 0.0276740249246, 0.0336573123932, 0.0351922176778, 0.0370128527284], "dmean": [0.103539258242, 0.102883696556, 0.0866081863642, 0.08059284091, 0.0911133736372, 0.11700180918, 0.118894435465, 0.107249796391, 0.0791512578726, 0.0670662149787, 0.0551913119853, 0.0436856523156, 0.0463896133006, 0.048925049603, 0.0586356669664, 0.0630443394184, 0.0702705308795, 0.0705009400845, 0.0746257603168, 0.0948817878962, 0.130748540163, 0.117080241442, 0.135003298521, 0.109329633415, 0.0864823535085, 0.0695081502199, 0.0680675730109, 0.0720725655556, 0.0784485563636, 0.100046053529, 0.104862235487, 0.081527851522, 0.0684173554182, 0.0749149918556, 0.0863126292825, 0.099839836359], "max": [1, 1, 1, 1, 1, 1, 1, 1, 1, 1, 1, 1, 1, 1, 1, 1, 1, 1, 1, 1, 1, 1, 1, 1, 1, 1, 1, 1, 1, 1, 1, 1, 1, 1, 1, 1], "var": [0.103326290846, 0.0438340455294, 0.0365184657276, 0.0393590554595, 0.0366020314395, 0.065851688385, 0.110637694597, 0.0494238808751, 0.0419589839876, 0.0453573465347, 0.0259013678879, 0.0188454370946, 0.0186169408262, 0.0206708610058, 0.0315933264792, 0.0527986362576, 0.0326198264956, 0.0311621855944, 0.0343026705086, 0.0372816324234, 0.102234691381, 0.171016395092, 0.0585515238345, 0.0619525648654, 0.0539635121822, 0.0291112698615, 0.0275321826339, 0.0309302788228, 0.0301768817008, 0.059945628047, 0.077424518764, 0.0302615575492, 0.0243908297271, 0.0290044546127, 0.0368153303862, 0.083488330245], "mean": [0.197022855282, 0.117288410664, 0.077552780509, 0.0798806324601, 0.0912331938744, 0.199837177992, 0.268072664738, 0.158585935831, 0.0918148085475, 0.0911974534392, 0.0612359941006, 0.0473560467362, 0.0495456643403, 0.0501971058547, 0.0801320001483, 0.104886218905, 0.0822754725814, 0.07466571033, 0.0838259533048, 0.0999587401748, 0.281737148762, 0.373274117708, 0.20826369524, 0.13289065659, 0.112323306501, 0.0665785595775, 0.0708251073956, 0.081579387188, 0.0813173502684, 0.142882972956, 0.168035879731, 0.094850435853, 0.0626452192664, 0.0679855793715, 0.0870915427804, 0.17105576396]}, "tuning_equal_tempered_deviation": 0.0649959445, "chords_changes_rate": 0.0521510094404, "key_key": "E", "tuning_diatonic_strength": 0.530176877975, "key_scale": "minor", "chords_number_rate": 0.00245829671621, "tuning_frequency": 441.017791748, "tuning_nontempered_energy_ratio": 0.656092882156, "chords_histogram": [40.1404724121, 5.95258998871, 2.33538198471, 2.01931524277, 1.31694471836, 6.21597909927, 0.579455673695, 6.30377531052, 2.89727830887, 7.74363470078, 0, 0.684811234474, 0.667252004147, 0.210711151361, 1.24670767784, 0.438981562853, 0.983318686485, 0.0175592619926, 0.316066712141, 3.14310789108, 0.122914835811, 4.54784917831, 9.07813835144, 3.03775238991], "key_strength": 0.724955677986, "chords_key": "E", "chords_strength": {"dmean2": 0.00889066513628, "median": 0.509035885334, "min": -1, "dvar2": 0.00103693932761, "dvar": 0.00053911388386, "dmean": 0.00968075171113, "max": 0.757719576359, "var": 0.0204964466393, "mean": 0.4978069067}, "chords_scale": "minor", "hpcp_entropy": {"dmean2": 0.889059484005, "median": 1.72587716579, "min": 0, "dvar2": 0.661490559578, "dvar": 0.246710404754, "dmean": 0.533424556255, "max": 4.77011585236, "var": 0.685266911983, "mean": 1.76253056526}}, "metadata": {"audio_properties": {"equal_loudness": 0, "codec": "flac", "downmix": "mix", "sample_rate": 44100, "analysis_sample_rate": 44100, "bit_rate": 0, "md5_encoded": "b21a5a2f27bf02977f5eb2e462683ebc", "length": 264.399993896, "replay_gain": -11.0412063599, "lossless": true}, "version": {"essentia_build_sha": "70f2e5ece6736b2c40cc944ad0e695b16b925413", "essentia": "2.1-beta2", "extractor": "music 1.0", "essentia_git_sha": "v2.1_beta2"}, "tags": {"title": ["Leider nur ein Vakuum"], "barcode": ["5052498790227"], "media": ["CD"], "albumartist": ["Udo Lindenberg"], "tracktotal": ["13"], "musicbrainz_releasegroupid": ["4f53ebe0-3de8-4f93-8b26-3de22a114e45"], "releasetype": ["album", "live"], "musicbrainz_recordingid": ["0552ec8c-0c1f-41ad-90d6-2b9462459e25"], "musicbrainz_albumartistid": ["8d3c6a3c-4d97-455c-ad07-3fefc0172861"], "discnumber": ["1"], "album": ["MTV Unplugged: Live aus dem Hotel Atlantic (Doppelzimmer Edition)"], "releasecountry": ["DE"], "compilation": ["1"], "originaldate": ["2011-09-16"], "albumartistsort": ["Lindenberg, Udo"], "date": ["2011-09-16"], "file_name": "1-06 Udo Lindenberg - Leider nur ein Vakuum.flac", "disctotal": ["2"], "musicbrainz_artistid": ["8d3c6a3c-4d97-455c-ad07-3fefc0172861"], "asin": ["B005GS3H7O"], "musicbrainz_albumid": ["28d57318-0383-4aa8-922d-4d02a28ea3a5"], "tracknumber": ["6"], "artistsort": ["Lindenberg, Udo"], "artist": ["Udo Lindenberg"], "label": ["Starwatch Music", "Warner Music Group Germany"], "releasestatus": ["official"], "totaldiscs": ["2"], "script": ["Latn"], "totaltracks": ["13"]}}, "rhythm": {"bpm_histogram_first_peak_bpm": {"dmean2": 0, "median": 133, "min": 133, "dvar2": 0, "dvar": 0, "dmean": 0, "max": 133, "var": 0, "mean": 133}, "bpm": 133.906585693, "bpm_histogram_second_peak_spread": {"dmean2": 0, "median": 0.0500000119209, "min": 0.0500000119209, "dvar2": 0, "dvar": 0, "dmean": 0, "max": 0.0500000119209, "var": 0, "mean": 0.0500000119209}, "bpm_histogram_first_peak_weight": {"dmean2": 0, "median": 0.450606584549, "min": 0.450606584549, "dvar2": 0, "dvar": 0, "dmean": 0, "max": 0.450606584549, "var": 0, "mean": 0.450606584549}, "onset_rate": 2.90828251839, "beats_position": [0.476009070873, 0.986848056316, 1.49768710136, 2.02013611794, 2.53097510338, 3.01859402657, 3.50621318817, 3.98222208023, 4.45823097229, 4.94585037231, 5.4334692955, 5.92108821869, 6.40870714188, 6.8963265419, 7.38394546509, 7.84834432602, 8.31274318695, 8.76553249359, 9.21832180023, 9.67111110687, 10.1239004135, 10.5766887665, 11.0294780731, 11.4706573486, 11.9118366241, 12.3646259308, 12.8174142838, 13.2818136215, 13.7346029282, 14.1873922348, 14.6401815414, 15.0813598633, 15.5225391388, 15.9637184143, 16.4048976898, 16.8576869965, 17.3104763031, 17.7516555786, 18.2044448853, 18.6572322845, 19.1100215912, 19.5628108978, 20.0156002045, 20.4683895111, 20.9095687866, 21.3507480621, 21.7919273376, 22.2331066132, 22.6858959198, 23.1386852264, 23.5914726257, 24.0326519012, 24.4854412079, 24.9382305145, 25.3910198212, 25.8438091278, 26.2965984344, 26.7493877411, 27.1905670166, 27.6317462921, 28.0729255676, 28.5257129669, 28.9785022736, 29.4196815491, 29.8608608246, 30.3136501312, 30.7664394379, 31.2076187134, 31.6487979889, 32.1015853882, 32.5543746948, 33.0071640015, 33.4599533081, 33.9127426147, 34.3655319214, 34.8067131042, 35.2478904724, 35.6890678406, 36.1302490234, 36.5598182678, 37.0126075745, 37.4537849426, 37.8949661255, 38.3477554321, 38.91664505, 39.4739227295, 40.0312004089, 40.5884780884, 41.134147644, 41.7494773865, 42.3648071289, 42.9917449951, 43.5954627991, 44.2107925415, 44.8377304077, 45.4646720886, 46.0799980164, 46.6953277588, 47.2990455627, 47.7518348694, 48.204624176, 48.6458053589, 49.0985946655, 49.5513839722, 50.0041732788, 50.4569587708, 50.8981399536, 51.3393173218, 51.7804985046, 52.2216758728, 52.6628570557, 53.1272544861, 53.6380958557, 54.1489334106, 54.6713829041, 55.182220459, 55.6930618286, 56.1922874451, 56.6915168762, 57.1907463074, 57.6899757385, 58.1775970459, 58.6768226624, 59.1760520935, 59.6288414001, 60.0816307068, 60.5460319519, 61.0568695068, 61.556098938, 62.0437164307, 62.5081176758, 62.9609069824, 63.4253044128, 63.889705658, 64.3424911499, 64.7836685181, 65.2248535156, 65.6776428223, 66.1188201904, 66.5716094971, 67.0243988037, 67.4771881104, 67.9183654785, 68.3595428467, 68.8007278442, 69.2419052124, 69.6830825806, 70.1358718872, 70.5886611938, 71.0414505005, 71.4942398071, 71.9470291138, 72.3998184204, 72.8409957886, 73.2821731567, 73.7349624634, 74.18775177, 74.6289291382, 75.0701141357, 75.5112915039, 75.9640808105, 76.4168701172, 76.8580474854, 77.310836792, 77.7636260986, 78.2164154053, 78.6692047119, 79.133605957, 79.6096115112, 80.0740127563, 80.503578186, 80.9447631836, 81.3859405518, 81.8271179199, 82.256690979, 82.6862564087, 83.1274337769, 83.5686187744, 84.0214080811, 84.4741897583, 84.9269790649, 85.3797683716, 85.8209533691, 86.2621307373, 86.7149200439, 87.1677093506, 87.6088867188, 88.0616760254, 88.5028533936, 88.9556427002, 89.4084320068, 89.849609375, 90.3023986816, 90.7435836792, 91.1847610474, 91.637550354, 92.0903396606, 92.5315170288, 92.972694397, 93.4138793945, 93.8550567627, 94.2962341309, 94.7490234375, 95.2018127441, 95.6546020508, 96.1073913574, 96.5601806641, 97.0129699707, 97.4541473389, 97.895324707, 98.3481140137, 98.7892990112, 99.2420806885, 99.7064819336, 100.147659302, 100.588844299, 101.030021667, 101.471199036, 101.923988342, 102.388389587, 102.841178894, 103.282356262, 103.735145569, 104.187934875, 104.629112244, 105.070289612, 105.523078918, 105.975868225, 106.417053223, 106.858230591, 107.311019897, 107.763809204, 108.204986572, 108.64616394, 109.098953247, 109.551742554, 109.992919922, 110.434104919, 110.886894226, 111.339683533, 111.780860901, 112.233650208, 112.686439514, 113.139228821, 113.580406189, 114.021583557, 114.474372864, 114.92716217, 115.379951477, 115.821128845, 116.262313843, 116.703491211, 117.144668579, 117.585845947, 118.050247192, 118.503036499, 118.955825806, 119.397003174, 119.838180542, 120.290969849, 120.743759155, 121.184944153, 121.637733459, 122.090522766, 122.531700134, 122.972877502, 123.425666809, 123.866844177, 124.308021545, 124.760810852, 125.213600159, 125.666389465, 126.119178772, 126.571968079, 127.013153076, 127.454330444, 127.895507812, 128.336685181, 128.789474487, 129.242263794, 129.683441162, 130.136230469, 130.589019775, 131.030197144, 131.471374512, 131.912567139, 132.376953125, 132.829742432, 133.282531738, 133.746932983, 134.188110352, 134.62928772, 135.070480347, 135.511657715, 135.952835083, 136.40562439, 136.858413696, 137.299591064, 137.740768433, 138.181945801, 138.634735107, 139.087524414, 139.540313721, 139.993103027, 140.457504272, 140.898681641, 141.339859009, 141.781036377, 142.233825684, 142.68661499, 143.127792358, 143.580581665, 144.033370972, 144.486160278, 144.938949585, 145.380126953, 145.82131958, 146.274108887, 146.715286255, 147.156463623, 147.597640991, 148.050430298, 148.503219604, 148.956008911, 149.397186279, 149.838363647, 150.291152954, 150.743942261, 151.185119629, 151.637908936, 152.090698242, 152.53187561, 152.996276855, 153.437454224, 153.89024353, 154.331420898, 154.784210205, 155.225387573, 155.6665802, 156.107757568, 156.560546875, 157.013336182, 157.45451355, 157.895690918, 158.336868286, 158.801269531, 159.254058838, 159.706848145, 160.148025513, 160.600814819, 161.041992188, 161.494781494, 161.935958862, 162.388748169, 162.841537476, 163.282714844, 163.723892212, 164.176681519, 164.629470825, 165.070648193, 165.51184082, 165.964630127, 166.417419434, 166.858596802, 167.29977417, 167.752563477, 168.205352783, 168.65814209, 169.110931396, 169.552108765, 170.004898071, 170.457687378, 170.898864746, 171.340042114, 171.781219482, 172.234008789, 172.675186157, 173.127975464, 173.569152832, 174.021942139, 174.474731445, 174.927520752, 175.380310059, 175.821487427, 176.262680054, 176.703857422, 177.14503479, 177.597824097, 178.050613403, 178.491790771, 178.93296814, 179.385757446, 179.838546753, 180.279724121, 180.744125366, 181.185302734, 181.626480103, 182.067657471, 182.520446777, 182.973236084, 183.414413452, 183.85559082, 184.296783447, 184.749572754, 185.202362061, 185.655151367, 186.107940674, 186.560714722, 187.001907349, 187.454696655, 187.907485962, 188.360275269, 188.801452637, 189.242630005, 189.695419312, 190.13659668, 190.589385986, 191.030563354, 191.483352661, 191.936141968, 192.377319336, 192.818496704, 193.259674072, 193.70085144, 194.153640747, 194.606430054, 195.05921936, 195.512008667, 195.964797974, 196.41758728, 196.858764648, 197.299957275, 197.741134644, 198.182312012, 198.635101318, 199.087890625, 199.540679932, 199.993469238, 200.434646606, 200.875823975, 201.328613281, 201.781402588, 202.234191895, 202.686981201, 203.128158569, 203.569335938, 204.022125244, 204.474914551, 204.916091919, 205.368881226, 205.821670532, 206.2628479, 206.715637207, 207.156814575, 207.598007202, 208.03918457, 208.491973877, 208.933151245, 209.385940552, 209.838729858, 210.291519165, 210.732696533, 211.18548584, 211.626663208, 212.079452515, 212.532241821, 212.985031128, 213.426208496, 213.878997803, 214.320175171, 214.772964478, 215.225753784, 215.678543091, 216.131332397, 216.572509766, 217.013687134, 217.454864502, 217.896057129, 218.348846436, 218.801635742, 219.24281311, 219.683990479, 220.136779785, 220.589569092, 221.042358398, 221.483535767, 221.936325073, 222.38911438, 222.841903687, 223.283081055, 223.724258423, 224.165435791, 224.618225098, 225.071014404, 225.512191772, 225.953369141, 226.406158447, 226.858947754, 227.311737061, 227.764526367, 228.205703735, 228.646896362, 229.08807373, 229.540863037, 229.993652344, 230.434829712, 230.887619019, 231.340408325, 231.781585693, 232.222763062, 232.675552368, 233.128341675, 233.581130981, 234.033920288, 234.475097656, 234.916275024, 235.369064331, 235.821853638, 236.263031006, 236.704208374, 237.145385742, 237.598175049, 238.050964355, 238.503753662, 238.956542969, 239.409332275, 239.862121582, 240.30329895, 240.756088257, 241.208877563, 241.65007019, 242.102859497, 242.555648804, 243.00843811, 243.461227417, 243.960449219, 244.459671021, 244.958908081, 245.48135376, 246.003799438, 246.526260376, 247.060317993, 247.59437561, 248.140045166, 248.685714722, 249.219772339, 249.753829956, 250.287887573, 250.833557129, 251.332778931, 251.832015991, 252.342849731, 252.772415161, 253.190383911, 253.619949341, 254.049514771, 254.479095459, 254.908660889, 255.338226318, 255.767791748, 256.197357178, 256.626922607, 257.056488037, 257.486083984, 257.915649414, 258.345214844, 258.774780273, 259.204345703, 259.64553833, 260.086700439, 260.527893066, 260.969055176, 261.410247803, 261.863037109, 262.304199219, 262.756988525, 263.209777832, 263.662567139], "beats_loudness": {"dmean2": 0.0551610477269, "median": 0.0309285912663, "min": 4.89722484787e-10, "dvar2": 0.00406079925597, "dvar": 0.00135857844725, "dmean": 0.0302617717534, "max": 0.226164698601, "var": 0.00228379014879, "mean": 0.0491829626262}, "danceability": 1.14015734196, "bpm_histogram_second_peak_weight": {"dmean2": 0, "median": 0.032928943634, "min": 0.032928943634, "dvar2": 0, "dvar": 0, "dmean": 0, "max": 0.032928943634, "var": 0, "mean": 0.032928943634}, "beats_count": 578, "bpm_histogram_second_peak_bpm": {"dmean2": 0, "median": 140, "min": 140, "dvar2": 0, "dvar": 0, "dmean": 0, "max": 140, "var": 0, "mean": 140}, "bpm_histogram_first_peak_spread": {"dmean2": 0, "median": 0.474747478962, "min": 0.474747478962, "dvar2": 0, "dvar": 0, "dmean": 0, "max": 0.474747478962, "var": 0, "mean": 0.474747478962}, "beats_loudness_band_ratio": {"dmean2": [0.276583701372, 0.221827551723, 0.171471565962, 0.0898852273822, 0.0539869181812, 0.0717638060451], "median": [0.614922702312, 0.14523281157, 0.082572042942, 0.0412309207022, 0.0172286294401, 0.0125458873808], "min": [0.000107983047201, 0.00014097042731, 0.000344356754795, 0.000431205844507, 0.000699330354109, 0.000116789131425], "dvar2": [0.065032877028, 0.0514541864395, 0.0354447215796, 0.01017830614, 0.00649976544082, 0.0277083367109], "dvar": [0.023949155584, 0.0189442336559, 0.0142108500004, 0.00372885470279, 0.00252221757546, 0.0100651504472], "dmean": [0.161972269416, 0.128128215671, 0.100083015859, 0.0523794963956, 0.0300122406334, 0.0391593873501], "max": [0.983672916889, 0.925102651119, 0.915818274021, 0.519592642784, 0.592822492123, 0.915885806084], "var": [0.0778877735138, 0.0310483910143, 0.0254702363163, 0.0074070636183, 0.0087292259559, 0.00778437079862], "mean": [0.560987949371, 0.19658011198, 0.141842067242, 0.0719465017319, 0.0444155670702, 0.0351529866457]}}, "lowlevel": {"barkbands_spread": {"dmean2": 5.94621896744, "median": 11.135263443, "min": 0.419950962067, "dvar2": 102.888786316, "dvar": 49.2342262268, "dmean": 3.92768716812, "max": 113.352096558, "var": 162.817962646, "mean": 14.4283103943}, "melbands_spread": {"dmean2": 6.07285690308, "median": 9.81505966187, "min": 0.476587682962, "dvar2": 150.506973267, "dvar": 83.7370529175, "dmean": 4.06904506683, "max": 252.500442505, "var": 291.22164917, "mean": 13.9889125824}, "hfc": {"dmean2": 4.88615036011, "median": 7.59922647476, "min": 1.08637236354e-16, "dvar2": 115.391014099, "dvar": 63.0691375732, "dmean": 3.61537885666, "max": 209.091186523, "var": 223.924240112, "mean": 12.5832662582}, "barkbands_kurtosis": {"dmean2": 6.54994821548, "median": 5.49976301193, "min": -1.91335117817, "dvar2": 143.828475952, "dvar": 67.8688964844, "dmean": 4.24240446091, "max": 271.054260254, "var": 191.570358276, "mean": 9.44607162476}, "gfcc": {"mean": [-41.6094741821, 105.612808228, -95.513885498, 22.1856918335, -47.4856262207, 11.7296743393, -30.1274414062, 6.88319730759, -22.7001991272, 1.15168738365, -12.9933767319, -0.186070770025, -9.01774024963], "icov": [[0.000102676429378, -0.000156740687089, 8.88042050065e-05, -0.000257598207099, 0.000167586942553, -0.000177230453119, 0.00014139576524, -0.000314153119689, 0.000347761029843, -0.000394700444303, 0.000346167769749, -0.00017786976241, 0.000203675866942], [-0.000156740687089, 0.00102765485644, -0.000310705479933, 0.000550122524146, -0.000425923528383, 0.000921560626011, -0.00090206542518, 0.00100986007601, -0.00103483931161, 0.00151406810619, -0.0015384714352, 0.00086382124573, -0.000812439364381], [8.88042050065e-05, -0.000310705479933, 0.00135644443799, -0.00059854000574, 2.71995904768e-05, -0.00043125092634, 0.000114919203043, -0.000564822519664, 0.000870131072588, -0.00070377625525, 0.000282719091047, -0.000137549388455, 0.000243425063672], [-0.000257598207099, 0.000550122524146, -0.00059854000574, 0.00361241749488, -0.00174832087941, -0.000320479332004, -7.43203127058e-05, 0.00119709467981, -0.000486133620143, 0.00067744939588, -0.00133525498677, 0.00113392004278, -0.00148223375436], [0.000167586942553, -0.000425923528383, 2.71995904768e-05, -0.00174832087941, 0.00532059604302, -0.000429142499343, -0.00166356295813, 0.000107245781692, -0.000130477288621, -0.00101737945806, 0.00183857581578, -0.00128006155137, -0.000819877779577], [-0.000177230453119, 0.000921560626011, -0.00043125092634, -0.000320479332004, -0.000429142499343, 0.00765059003606, -0.00197609397583, -0.0020726302173, -0.00118600158021, 0.00124724232592, -0.000417712668423, -0.00117382907774, -0.000249568285653], [0.00014139576524, -0.00090206542518, 0.000114919203043, -7.43203127058e-05, -0.00166356295813, -0.00197609397583, 0.00908272620291, -0.00283715128899, -0.00171218498144, 0.000427069171565, -0.00130075577181, -0.000237167114392, 0.00020434295584], [-0.000314153119689, 0.00100986007601, -0.000564822519664, 0.00119709467981, 0.000107245781692, -0.0020726302173, -0.00283715128899, 0.0124568082392, -0.00275822822005, -0.00152313697618, -0.0011950857006, 0.000652480521239, -0.00064469082281], [0.000347761029843, -0.00103483931161, 0.000870131072588, -0.000486133620143, -0.000130477288621, -0.00118600158021, -0.00171218498144, -0.00275822822005, 0.00957067776471, -0.00445710960776, 0.000897576101124, -0.00224089180119, 0.000816885498352], [-0.000394700444303, 0.00151406810619, -0.00070377625525, 0.00067744939588, -0.00101737945806, 0.00124724232592, 0.000427069171565, -0.00152313697618, -0.00445710960776, 0.0152289383113, -0.00596420001239, 0.00265893666074, -0.00131204270292], [0.000346167769749, -0.0015384714352, 0.000282719091047, -0.00133525498677, 0.00183857581578, -0.000417712668423, -0.00130075577181, -0.0011950857006, 0.000897576101124, -0.00596420001239, 0.01693344675, -0.00480863917619, -0.000672685564496], [-0.00017786976241, 0.00086382124573, -0.000137549388455, 0.00113392004278, -0.00128006155137, -0.00117382907774, -0.000237167114392, 0.000652480521239, -0.00224089180119, 0.00265893666074, -0.00480863917619, 0.0175496246666, -0.00378943653777], [0.000203675866942, -0.000812439364381, 0.000243425063672, -0.00148223375436, -0.000819877779577, -0.000249568285653, 0.00020434295584, -0.00064469082281, 0.000816885498352, -0.00131204270292, -0.000672685564496, -0.00378943653777, 0.0176286492497]], "cov": [[16832.703125, 546.732727051, -76.4783401489, 782.135314941, -235.084915161, 239.343460083, -218.583984375, 219.80682373, -363.816314697, 177.549514771, -136.785400391, -48.917137146, -85.098526001], [546.732727051, 2106.23071289, 148.09777832, -58.1980667114, 136.260665894, -158.78565979, 203.675521851, -92.2834472656, 123.918670654, -84.5854187012, 127.746269226, -8.25454425812, 73.2294311523], [-76.4783401489, 148.09777832, 890.548706055, 160.149673462, 76.7888259888, 52.7621803284, 36.8246421814, 27.523525238, -25.1115283966, 21.9358100891, 20.2392177582, -0.0707662627101, 17.3285884857], [782.135314941, -58.1980667114, 160.149673462, 451.491210938, 139.427444458, 69.9123306274, 28.118473053, 11.1353139877, 0.96391582489, 24.6455860138, 12.6458396912, 5.08842277527, 34.953250885], [-235.084915161, 136.260665894, 76.7888259888, 139.427444458, 300.584869385, 53.3509597778, 106.170669556, 23.6742420197, 70.2078323364, 18.7885093689, 17.774766922, 27.9295558929, 38.8557853699], [239.343460083, -158.78565979, 52.7621803284, 69.9123306274, 53.3509597778, 216.205917358, 75.4476013184, 84.0708618164, 57.7691001892, 31.1565055847, 13.6359853745, 30.8500347137, 9.60240459442], [-218.583984375, 203.675521851, 36.8246421814, 28.118473053, 106.170669556, 75.4476013184, 217.695983887, 69.7636642456, 109.231437683, 24.4109134674, 48.3252792358, 28.1395816803, 24.4497203827], [219.80682373, -92.2834472656, 27.523525238, 11.1353139877, 23.6742420197, 84.0708618164, 69.7636642456, 146.152328491, 70.0822372437, 49.3902359009, 21.6642723083, 17.7495136261, 5.6616230011], [-363.816314697, 123.918670654, -25.1115283966, 0.96391582489, 70.2078323364, 57.7691001892, 109.231437683, 70.0822372437, 208.97328186, 55.6232070923, 44.7975502014, 32.4115447998, 18.8549537659], [177.549514771, -84.5854187012, 21.9358100891, 24.6455860138, 18.7885093689, 31.1565055847, 24.4109134674, 49.3902359009, 55.6232070923, 109.87348175, 32.4781684875, 7.37440013885, 7.08246183395], [-136.785400391, 127.746269226, 20.2392177582, 12.6458396912, 17.774766922, 13.6359853745, 48.3252792358, 21.6642723083, 44.7975502014, 32.4781684875, 94.5183029175, 24.4610080719, 18.7095584869], [-48.917137146, -8.25454425812, -0.0707662627101, 5.08842277527, 27.9295558929, 30.8500347137, 28.1395816803, 17.7495136261, 32.4115447998, 7.37440013885, 24.4610080719, 74.1201934814, 18.5853481293], [-85.098526001, 73.2294311523, 17.3285884857, 34.953250885, 38.8557853699, 9.60240459442, 24.4497203827, 5.6616230011, 18.8549537659, 7.08246183395, 18.7095584869, 18.5853481293, 70.0126724243]]}, "spectral_energyband_middle_low": {"dmean2": 0.010644685477, "median": 0.00742097664624, "min": 1.95206773819e-22, "dvar2": 0.00131572585087, "dvar": 0.000477356166812, "dmean": 0.00646975217387, "max": 0.285089999437, "var": 0.000465910154162, "mean": 0.0139825567603}, "melbands_crest": {"dmean2": 4.14381885529, "median": 15.4918422699, "min": 1.70164656639, "dvar2": 21.423002243, "dvar": 8.05421733856, "dmean": 2.54818224907, "max": 39.2675590515, "var": 29.2325782776, "mean": 15.6854724884}, "spectral_kurtosis": {"dmean2": 3.26151967049, "median": 5.61682081223, "min": -1.25687158108, "dvar2": 23.7135772705, "dvar": 9.14292907715, "dmean": 2.01471424103, "max": 85.0017166138, "var": 55.8053321838, "mean": 7.42342805862}, "spectral_rms": {"dmean2": 0.0010932048317, "median": 0.00472633773461, "min": 3.14086582263e-12, "dvar2": 4.30637373938e-06, "dvar": 1.79821631718e-06, "dmean": 0.000710367574356, "max": 0.0181605704129, "var": 6.7860873969e-06, "mean": 0.00484284292907}, "zerocrossingrate": {"dmean2": 0.00919380504638, "median": 0.03125, "min": 0.00244140625, "dvar2": 0.000203779578442, "dvar": 0.000192497085663, "dmean": 0.00792789179832, "max": 0.521484375, "var": 0.00202547502704, "mean": 0.0428961180151}, "silence_rate_60dB": {"dmean2": 0.032320395112, "median": 0, "min": 0, "dvar2": 0.0354856029153, "dvar": 0.015896031633, "dmean": 0.0161587782204, "max": 1, "var": 0.102926261723, "mean": 0.116526171565}, "erbbands_kurtosis": {"dmean2": 1.4294937849, "median": 0.286234259605, "min": -1.84677028656, "dvar2": 6.47230005264, "dvar": 3.3584728241, "dmean": 0.958221673965, "max": 93.2100143433, "var": 10.2962722778, "mean": 1.06067287922}, "erbbands": {"dmean2": [0.192985504866, 1.68588221073, 5.62542915344, 11.4726333618, 20.6850318909, 15.0189332962, 8.54043102264, 12.0720701218, 17.117937088, 17.08020401, 13.2201061249, 15.0018701553, 10.5543785095, 9.5157327652, 13.8723573685, 11.6170244217, 9.72799682617, 9.24081134796, 8.21137428284, 8.62098884583, 5.88952970505, 5.18610286713, 4.53407812119, 4.61776304245, 6.25836277008, 4.63557004929, 3.29441285133, 2.24891924858, 2.06408524513, 1.4924492836, 1.33096826077, 1.23487102985, 0.9085111022, 0.779661118984, 0.316074103117, 0.1099537462, 0.0302431751043, 0.0071469838731, 0.0011143310694, 9.74465365289e-05], "median": [0.119958795607, 1.78853797913, 2.75414896011, 2.11763739586, 4.47690963745, 6.2223200798, 4.33459424973, 5.56861114502, 6.85495758057, 6.52518081665, 4.63624286652, 6.70318603516, 6.55428028107, 6.54297161102, 8.5810585022, 5.8672990799, 4.14863586426, 4.25649833679, 4.1001625061, 4.26768684387, 3.21950483322, 2.7350051403, 1.99449396133, 2.30849456787, 2.26150226593, 1.49142408371, 0.924409210682, 0.599973797798, 0.505526900291, 0.371979832649, 0.302905976772, 0.255809128284, 0.127541363239, 0.0840664803982, 0.0569808259606, 0.025126196444, 0.0071649318561, 0.00129310088232, 0.000154656678205, 3.88287371607e-05], "min": [1.33995219163e-22, 7.11633517814e-22, 1.93176743147e-21, 9.91855955082e-21, 2.7217079124e-20, 6.3915987438e-20, 1.21517588273e-19, 9.67872273274e-20, 2.04126629708e-19, 4.62412832475e-19, 3.3595847521e-19, 3.57788624606e-19, 5.07724028672e-19, 8.46872732709e-19, 1.54398669026e-18, 1.84557911974e-18, 1.70308898743e-18, 1.90330640033e-18, 2.51689140114e-18, 2.99039915547e-18, 3.943478932e-18, 4.40521859455e-18, 5.49852058096e-18, 4.57513679521e-18, 8.83496474863e-18, 8.04390463188e-18, 1.23657942923e-17, 1.21858734101e-17, 1.40849105245e-17, 1.17509104111e-17, 1.20766086414e-17, 1.06773143485e-17, 1.15448175343e-17, 8.00645402965e-18, 7.14083433403e-18, 4.07654334124e-18, 2.48829473338e-18, 1.08987063443e-18, 2.77388995511e-19, 2.89089607447e-20], "dvar2": [0.345358818769, 18.3620834351, 428.148193359, 2353.84155273, 6419.18896484, 1154.70690918, 400.701660156, 951.328674316, 2201.77050781, 3919.3034668, 3136.09521484, 1995.43847656, 648.961669922, 761.251708984, 1547.41540527, 1208.90197754, 1182.99182129, 708.606811523, 452.377960205, 281.591888428, 175.911773682, 142.108596802, 199.144073486, 118.739265442, 214.811859131, 153.83984375, 84.7112426758, 49.2589187622, 50.6503067017, 27.7271671295, 21.8685131073, 28.2140960693, 22.3588638306, 15.1180343628, 1.54705750942, 0.169054567814, 0.0097010936588, 0.000419480144046, 1.17191648314e-05, 9.36976647381e-08], "dvar": [0.133403390646, 7.04146289825, 152.52822876, 840.944824219, 2272.42480469, 451.342987061, 187.305343628, 490.7394104, 1151.21496582, 2045.72827148, 1571.37927246, 990.514099121, 321.654907227, 371.218322754, 702.884460449, 619.225280762, 555.120910645, 312.532897949, 222.689926147, 120.294502258, 70.993850708, 61.4633636475, 83.3347015381, 49.6901664734, 101.800750732, 72.0771408081, 36.4028244019, 23.0930366516, 23.9343357086, 13.8436899185, 13.4843788147, 17.6371650696, 12.7531852722, 9.92775821686, 1.00065565109, 0.0968349501491, 0.00530669093132, 0.000213729406823, 6.30240128885e-06, 5.17617912976e-08], "dmean": [0.118813298643, 1.00529789925, 3.21597313881, 6.57779026031, 12.0307226181, 9.39936065674, 5.69948816299, 8.02589035034, 11.3958282471, 12.1635417938, 9.45900344849, 10.5438995361, 7.45393180847, 6.46372175217, 9.45966434479, 7.89983844757, 6.53095340729, 6.16633605957, 5.4585313797, 5.41999101639, 3.68668007851, 3.32381391525, 2.86299014091, 2.95889949799, 4.16402578354, 3.06934475899, 2.16338038445, 1.55460417271, 1.43058109283, 1.07006573677, 0.976328790188, 0.903425037861, 0.670076608658, 0.577840566635, 0.238744825125, 0.0813241377473, 0.0223795548081, 0.00523874443024, 0.000831016746815, 7.38558155717e-05], "max": [5.33548545837, 43.6692123413, 185.021896362, 372.317352295, 611.302307129, 391.852844238, 358.836334229, 695.482910156, 872.282470703, 1671.03271484, 2225.33691406, 1091.8848877, 723.974365234, 668.798522949, 1422.81982422, 1194.42346191, 915.511230469, 463.872192383, 676.168640137, 274.997253418, 309.621582031, 337.63873291, 586.549926758, 315.31048584, 350.173309326, 342.45690918, 116.825172424, 101.414825439, 172.60043335, 122.231269836, 148.54800415, 248.16293335, 147.855331421, 177.840606689, 44.4692993164, 13.1700553894, 3.00900959969, 0.381400465965, 0.0754576995969, 0.00575949065387], "var": [0.171424612403, 9.96377944946, 112.752471924, 557.94732666, 1691.33776855, 1258.68737793, 546.326782227, 1551.53393555, 3455.94213867, 5688.55761719, 3621.77416992, 3290.88867188, 1139.13684082, 973.526672363, 1626.46325684, 1874.53051758, 1391.6973877, 660.97857666, 702.627685547, 275.856445312, 169.240081787, 142.61227417, 143.661651611, 155.767974854, 265.073577881, 157.718109131, 70.1432113647, 46.3595962524, 46.0619277954, 27.3515300751, 31.6175708771, 40.8360443115, 28.8271408081, 22.2590065002, 2.34164428711, 0.205272272229, 0.0109795713797, 0.000433470966527, 1.25567157738e-05, 1.00978482465e-07], "mean": [0.243904709816, 2.44644999504, 4.77681159973, 7.10362195969, 15.5084228516, 19.4083747864, 12.3360319138, 16.3674468994, 21.9248352051, 24.615644455, 18.1472606659, 23.294380188, 17.3619556427, 14.0010538101, 19.5419540405, 16.5853538513, 12.6610918045, 11.9785461426, 11.6442174911, 10.3463525772, 7.772336483, 6.85806322098, 5.64141368866, 6.24813270569, 7.98477649689, 5.4160785675, 3.77802491188, 2.69135046005, 2.43963098526, 1.82427787781, 1.7061663866, 1.48569357395, 1.03631865978, 0.861443996429, 0.386984020472, 0.131714984775, 0.0358577333391, 0.00795682426542, 0.00120963668451, 0.000125366772409]}, "spectral_strongpeak": {"dmean2": 0.431558281183, "median": 0.372074216604, "min": 0, "dvar2": 0.580773472786, "dvar": 0.251286178827, "dmean": 0.259590238333, "max": 12.8507328033, "var": 0.510960876942, "mean": 0.614573001862}, "spectral_energy": {"dmean2": 0.0172216184437, "median": 0.0228967256844, "min": 1.01116642186e-20, "dvar2": 0.0020765196532, "dvar": 0.000809548306279, "dmean": 0.0107084428892, "max": 0.338051438332, "var": 0.00121600157581, "mean": 0.0309951938689}, "average_loudness": 0.78571999073, "spectral_rolloff": {"dmean2": 440.306854248, "median": 495.263671875, "min": 86.1328125, "dvar2": 1346856.375, "dvar": 670007, "dmean": 267.721710205, "max": 20370.4101562, "var": 4377554.5, "mean": 988.477844238}, "spectral_centroid": {"dmean2": 272.995910645, "median": 725.073608398, "min": 185.815582275, "dvar2": 183104.578125, "dvar": 93054.890625, "dmean": 180.69631958, "max": 11543.765625, "var": 658783.875, "mean": 954.624938965}, "pitch_salience": {"dmean2": 0.100537769496, "median": 0.499442756176, "min": 0.0628578066826, "dvar2": 0.0111912945285, "dvar": 0.00415061227977, "dmean": 0.0617608241737, "max": 0.955879867077, "var": 0.0194459501654, "mean": 0.494265735149}, "spectral_energyband_middle_high": {"dmean2": 0.00101934256963, "median": 0.00141451670788, "min": 1.1408942115e-21, "dvar2": 3.40178462466e-06, "dvar": 1.74658816832e-06, "dmean": 0.000726326485164, "max": 0.0335757210851, "var": 1.06331181087e-05, "mean": 0.00249370699748}, "spectral_contrast_coeffs": {"dmean2": [0.0728809759021, 0.0654786378145, 0.0517508797348, 0.0417913980782, 0.033226005733, 0.0259760506451], "median": [-0.651015162468, -0.715203404427, -0.754130840302, -0.782045125961, -0.790700912476, -0.784255623817], "min": [-0.998512983322, -0.993519902229, -0.989423334599, -0.985772907734, -0.968990802765, -0.965841054916], "dvar2": [0.00498575065285, 0.00305287074298, 0.00181218108628, 0.00115441076923, 0.000748302147258, 0.000560108805075], "dvar": [0.00190655852202, 0.0012848416809, 0.000766660377849, 0.000493511906825, 0.000334200856742, 0.000246032577707], "dmean": [0.044609118253, 0.0409398823977, 0.0329890400171, 0.0263679102063, 0.021162815392, 0.0167099460959], "max": [-0.241595774889, -0.351598024368, -0.491568505764, -0.571682333946, -0.596915364265, -0.616251885891], "var": [0.00961487926543, 0.00735813705251, 0.00482156919315, 0.0029773588758, 0.00209520757198, 0.00149854843039], "mean": [-0.637685656548, -0.711076855659, -0.751839160919, -0.778561770916, -0.787218809128, -0.782217621803]}, "melbands_skewness": {"dmean2": 1.09394860268, "median": 2.97977018356, "min": -1.21593868732, "dvar2": 2.08239674568, "dvar": 0.863395631313, "dmean": 0.71909725666, "max": 15.2843475342, "var": 3.97702550888, "mean": 3.24344229698}, "spectral_spread": {"dmean2": 705630.875, "median": 4177051.5, "min": 911458.3125, "dvar2": 918741909504, "dvar": 531683639296, "dmean": 503434.5625, "max": 41966524, "var": 6263565451260.0, "mean": 4532905.5}, "dissonance": {"dmean2": 0.0319044515491, "median": 0.459498137236, "min": 0.181818842888, "dvar2": 0.00103920337278, "dvar": 0.000402904959628, "dmean": 0.0193486176431, "max": 0.500000059605, "var": 0.00135908881202, "mean": 0.451114326715}, "spectral_skewness": {"dmean2": 0.359072268009, "median": 1.8937523365, "min": -0.0597738474607, "dvar2": 0.148218095303, "dvar": 0.064607411623, "dmean": 0.2321896106, "max": 7.47226381302, "var": 0.609142422676, "mean": 2.02818346024}, "spectral_flux": {"dmean2": 0.0357207357883, "median": 0.0458530113101, "min": 6.21264775735e-11, "dvar2": 0.00358169409446, "dvar": 0.0018082173774, "dmean": 0.0228020586073, "max": 0.505249917507, "var": 0.00456479331478, "mean": 0.0663741379976}, "spectral_contrast_valleys": {"dmean2": [0.541421055794, 0.508233010769, 0.441200524569, 0.391324520111, 0.354456305504, 0.371069639921], "median": [-6.94394874573, -6.97333478928, -7.58875608444, -8.19929504395, -8.22024536133, -10.6962881088], "min": [-27.7283363342, -27.8434886932, -27.8308353424, -27.7154884338, -27.5301074982, -27.4052581787], "dvar2": [0.23765052855, 0.209918543696, 0.155148372054, 0.128643587232, 0.153444543481, 0.188503473997], "dvar": [0.0969029143453, 0.0918357595801, 0.0740978941321, 0.0687460526824, 0.0917713940144, 0.128496855497], "dmean": [0.330227822065, 0.311481922865, 0.277263939381, 0.252649784088, 0.247231945395, 0.292912185192], "max": [-4.94389629364, -4.50944042206, -5.34256887436, -5.86734008789, -5.88356637955, -7.38706588745], "var": [3.53137922287, 2.3777141571, 2.21514153481, 2.33031916618, 2.4411842823, 2.43024373055], "mean": [-7.38155078888, -7.17819738388, -7.75182056427, -8.33430671692, -8.41531562805, -10.875289917]}, "erbbands_flatness_db": {"dmean2": 0.0206289049238, "median": 0.150081932545, "min": 0.0139390965924, "dvar2": 0.000433615670772, "dvar": 0.000240686014877, "dmean": 0.0149658489972, "max": 0.34793433547, "var": 0.00244858884253, "mean": 0.153718292713}, "spectral_energyband_high": {"dmean2": 0.000271584111033, "median": 0.000104362086859, "min": 7.43888694748e-21, "dvar2": 6.62677734908e-07, "dvar": 4.31380158261e-07, "dmean": 0.000212546045077, "max": 0.0226347148418, "var": 1.1958613868e-06, "mean": 0.00041370355757}, "spectral_entropy": {"dmean2": 0.231993496418, "median": 7.25065135956, "min": 5.04757881165, "dvar2": 0.0657651945949, "dvar": 0.0355328582227, "dmean": 0.160954296589, "max": 9.81716060638, "var": 0.333412408829, "mean": 7.26111841202}, "silence_rate_20dB": {"dmean2": 0, "median": 1, "min": 1, "dvar2": 0, "dvar": 0, "dmean": 0, "max": 1, "var": 0, "mean": 1}, "melbands_flatness_db": {"dmean2": 0.0338169634342, "median": 0.262287855148, "min": 0.00184054090641, "dvar2": 0.00152497319505, "dvar": 0.000721955904737, "dmean": 0.0228772442788, "max": 0.51583725214, "var": 0.0058170305565, "mean": 0.257660150528}, "barkbands": {"dmean2": [0.000283640227281, 0.00680117914453, 0.00524890329689, 0.00555601902306, 0.00469721574336, 0.00140461523551, 0.00128119077999, 0.000577070226427, 0.000651729758829, 0.000297743536066, 0.00039338786155, 0.000284944224404, 0.00022142585658, 0.000194947322598, 0.000171866297023, 0.000122640893096, 9.74222493824e-05, 8.50098076626e-05, 0.000113822257845, 0.00010522424418, 6.80116427247e-05, 5.51706616534e-05, 4.52954263892e-05, 5.47722083866e-05, 5.49098876945e-05, 1.87570603885e-05, 7.36996571504e-06], "median": [5.26020230609e-05, 0.00743172224611, 0.00141186336987, 0.000470853672596, 0.00179668748751, 0.000656310934573, 0.000495150801726, 0.000138612609589, 0.000278550054645, 0.000164056255016, 0.00020276682335, 0.0001311186351