{"metadata": {"tags": {"bpm": ["121.49"], "musicip_puid": ["02547ef9-6ffe-6e51-a0da-b30239e150d2"], "musicbrainz_albumid": ["fe20376e-71a4-4aa1-8e7d-c4c29f25ee8c"], "genre": ["Country"], "musicbrainz_artistid": ["f1f5cf39-70e5-4412-ada3-627e491cb53a"], "title": ["If That Chair Could Talk"], "tracknumber": ["06"], "artist": ["Rachel Proctor"], "musicbrainz_albumartistid": ["f1f5cf39-70e5-4412-ada3-627e491cb53a"], "album": ["Where I Belong"], "musicbrainz album type": ["Album"], "musicbrainz_recordingid": ["05530745-b5d5-40d7-8da3-328925d157d9"], "musicbrainz album release country": ["United States"], "date": ["2004"], "acoustid_id": ["50b3b266-0c7e-4305-af9c-d1defbb9a0bc"], "file_name": "Rachel Proctor - If That Chair Could Talk.mp3", "acoustid_fingerprint": ["AQADtJGSREoSTUkg00EoHy92oj78Iw9xL0fv4zsRXs9xSSacP_iWHV2PE3tw7UaynMiP5nvxE59yPLzhh0S7HA1yGnqPx0PhWEeqHf_x4IounAen80AOBa6Hqk_wC48VXB1-H6oTxTj-ookY9mhH1D9EhdlRiZ2Q4-eInxWOG_F1lJQgop6OB73h5zh05JIDB79hXEEO8RGRE33wF1-8KcGF_kjdQ98GT2-CvHLQhIjjo9_RjH3w_LgO5fiDUJfQKMyDRzueJMqG0zCeIqeFxEue4MuO5qg3Es85_COOrReOPEju4A7xHxU_2A8uHufxiEbYq0he4dpz7LzQY5R4WOpwfki3R0hmRTF-nNITNFVY7MWzwnmEODP4TBH6GdJ84sd3RGu09LhIBT_8HCfxBo-PtEfy41FxZsKVBmMM5zv44zTyQ5_AJxl6qfA-CdoutDqaScePfA78BRee7Wh49EmOLwn2eniM3R_6VEh9JLMO4n1wYe_h_HjwOkilH2eOBz6-Hz-FPQnyCG18XPiRXSO8RIf27zgirYqOPyh_XEmOp4HzHcfKZsbvFM0ShyjJ4xf8B3OJ78L0bvBpTHaDb0eOnjsaPYe6kagV-DT60HieQAurB_2P8EdDPDl-Z0Tz5Jiq40qO7kkR5omg-siFX7iCpsqF_riyo4_RfEf-I5k-NM-Lp0Q-HT_6Bz9OuDn-CV8eTBlOXDaePTiayOg04lJYnOnR59COH65z7Il23CnMBz-ke5jyOKiV40cXJzG05DN2XcZTMDmb4dj-FbugPcQ1hDc8GU0U4g-cH89w58NzXFJUtJ2JJseYHnkO_ciPn_iD0xLuDE0z9MmQH-YjvLiuotFRMSGu8WiPQ5eOusRT4QzS48GJmHaxZ0oTGBeHNosQZg-eGz-68OCT441EwcdpYt_hDj3yQSePPYHLdXiG5ifK49kyBb-FCv6hOvhw4lkUXPCFU1B4HJt6OJoO5MFv-Cuu48eNy-j2Iw9VqLoR-vCxkUTF49txrVrw5An6Iod41MoczKOqQ7N6hHmEo9NTeLIj1ImOR0XEC8nxHv-C5jxKzfiHIxx1iKeOkMRDXNOJFy-eBz_6BP509Ed-VMNx8kd-7ESTH7l2XBf-ChyheZfQ4LioK-BEHZdzNE-H6kEPMwpPVNqMN4dKBSGlBW0V4cfRJAx_lLcw7haSZVIQ_uiZw-vxrEWYLZ2gUkec7egbeIqWBn3wImJy6PoQS8oVNM0VtD_u4gzinMF5PMsHjYWWH5-OPJvRW2i-4QcTHqGNK0u4QoujBE2VDF-PEznzoB-ayceT5fgidE0KJrGCY_IX2KFRNssQvnAEsUWPvMeP6iFc4Rye8EihfR0iTqKMH38uNP_xiUip-ph-6A_upEHD5YVe4pQspLoefJ0U-NHRAx9-5Ay0jOEQ_sKpD_9xNNZ4hLj0HN-g_8i5rTiPT3iDeoGpkPgNR8QdckiWR1-Q67iKkHrh39CvwH2FLsvRZiy0REROPJiuo_kz_AtqZUYY_9CzMODMI4x4GtWyEyd-Hk2do1zQGy-aOJkmXCdICafyoWfwffgFj7EQ-serHs3R9eihR-lART7CL8Gd4zqeXsdU6RiN_BCP-ERj44rxF3m2Qw_C-ENl1DbhRMty9MiQLE8UnMqLZpLE4wy-pMLRZD_isNCZoMez4yfyKwjDKqpxlfBRlTnuZbiO63nxCye-oOl2tFwm3BA-3Bla5bhOiOeEL6SMPuB16EHzYTq-J8UzL6gPT0mo44QPjzlRrToeaaqS4hlF9NDyQBf-OJiRJ8_R5DumHzUaCz_-HM0_dBG1DNFxaDrhC9xxq1AWSiKFH8c1wU-SFPp0ODfybZnwXR2aM8eZkcHRPKibo5yHJkmirLiPEz6DI9fH4NKR7HoIT4pinLh-PMa_4OkQnkaS4zjeBn5yBe-FM7Pwh0GiyEeY_3hKZvieFP_A8ImJpi6-4BnSZ4F-_B0yJ3tw7UU-9BfEMw-yODv-Yubh5_giHkcpRwusoU4f_MSPXdGO5sjiH89xaUb5BGcueLhJ1Llw6YhzBe2DMN8L6Xha4XoGP_lw_IGOppKIUpESnCbU_EH7hAoRpsOXg8_x7Ud67HuhdriOPPBxbrHQ_EKpY8_RVDmYGz2OkEovHHrQHKEegXSM8UN-NH5Qi9BJXDd-5MeTpYhk7oSVZ2h3PB-aL5BChmh-aAuPDK-wRxVOHk_yKOjRnjjCvBWSOa2EPxKeHj4u7CPO6MiPhxpU6RGe8CiJ5uCXDU9jnD-ko8_RTOKMpzl-aFl-RGcKa4mUw51yFP6x48gcQuYShD6amDhxHsfjKBxinUW5GnoP88Yu45TxJJiuYIye4z_OBz_O4z765GhiLSue-chfDX-OZlOKvsJ5lBf8I38gxkFoHt1D3O3RJ4rxE3uO_BkS1GLRWBwu9HgjKgilJXmg48fFHKH1gKKONJKyoCtlVBamTMkTPMWPP9Cx30IegVeL6kLz4jnO7MjxRtDyFz1zXPlwSLEtNE-HvGjkWeiX4FRy1MmR5sML7biPB08O6Q5COjmaqDneD9-DP0FPuEgn80iU4yf-YGcGZQmjQgEhAAKACIQAEBYQQoCiAhAjhBKIGeCkMkQZJZADRmjDhDBEEEaBUACYI4ggCQEgIiJONICcRJ4IBViRigAEiABEOIiIIxIZgBhTCBClCALuEkSAIII4IphjiBJBCCESIMQMAcQwgIwAwApEKAJEIIOYYgwCwQgXQgIBADMOMQEAFUBw4QRQThHCDRMAEiAIAUMAQRRCCgkokADAGWgIAIgC5IIBjiBhhBBAGUMIAEIKQAhRSBFgEECICGA1QoZIhAQgzAAAAAAKOGKEE5YiYAhDyEgCgCCCGAAIBcQxxIAAQohAhLAWAQEBIQkoQQxSkCjEEDSMIaIUsEBAoihjABnEiABCGWCRgUBboEwFRkMBmCECMFCMA86JJTgSCgriDVAEEeCUAogJ5QAQggDDBCTEGAGUAxIQZoQUTFAAABAMUEsAgEAgJIgxhCiFABBESE0EJBoMQICCAhDjkBIGIEAIQIAwZJQy0gipqIMOGcUEsUYhAA4QRFBnDCVEGAAEQMAKgiBBTAEAjBEGMWMJAkwx4AkABkEBAKCMIiCEENoAYZABSDlCgGIAGICI8gYgQBCBAFCnDAMAAGwIEAIQRgQBTApgBZCEQecEMEQwIo5B4igkJFAeCqSAEFQAooBBEimEAABQCGOYI4waIJBI2BEAAFAOIAMEEAIyQIxBSHNhhAEAKEFIgECgBgYwSAgLAAAGUamUbEAgAoTBSACEiGFCMIAcEYYQjQgAFAmFBBBKAOeEEUQBxBgwhBGAGBAEGWQAcAZAQgAQiBhggBJIMCQCMIBIwgQCIHEhDTMKCEGdQEAoRqCARBhgEBLABYSYgRAQohhThgmCkABeEKQYA8AoQZwmACnBgUAAECSlEsAIJhBSAAEhgBCAAaAMEEgIIQQQghmDCEQGEYQYgMghw5QzIgADDDNGGCMQEAQBhsAAAiFBACJJASAEBIo4IbRhjhg"], "language": ["eng"]}, "audio_properties": {"sample_rate": 44100, "downmix": "mix", "lossless": false, "analysis_sample_rate": 44100, "md5_encoded": "ff5ce4e97a08e12073c3dcc35efc3fe6", "equal_loudness": 0, "replay_gain": -5.65385818481, "codec": "mp3", "bit_rate": 128000, "length": 253.335510254}, "version": {"extractor": "music 1.0", "essentia_build_sha": "2d9f1f26377add8aeb1075a9c2973f962c4f09fd", "essentia_git_sha": "v2.1_beta2-1-ge3940c0", "essentia": "2.1-beta2"}}, "rhythm": {"beats_loudness_band_ratio": {"dvar2": [0.0535403937101, 0.063300140202, 0.0485290139914, 0.0245352182537, 0.01768482849, 0.055449411273], "var": [0.0425676517189, 0.0400551445782, 0.0228016413748, 0.00957292690873, 0.0102535896003, 0.0169729292393], "min": [0.0046445406042, 0.0147454524413, 0.00263496884145, 0.00327325519174, 0.00122019182891, 0.000211794133065], "dmean": [0.174476727843, 0.148469313979, 0.146595343947, 0.0750573948026, 0.0663004219532, 0.0872479975224], "mean": [0.364253550768, 0.248195528984, 0.192953526974, 0.0905345529318, 0.0918901339173, 0.0860152244568], "max": [0.958906114101, 0.943418741226, 0.673838734627, 0.537560939789, 0.659831881523, 0.909083902836], "dmean2": [0.297804027796, 0.26025134325, 0.257947206497, 0.130856528878, 0.113219901919, 0.161351516843], "median": [0.324794650078, 0.183393478394, 0.139872848988, 0.053223349154, 0.0605250559747, 0.0403359420598], "dvar": [0.0210801716894, 0.0231903605163, 0.0176807176322, 0.00900007225573, 0.00686410395429, 0.0208914931864]}, "bpm_histogram_first_peak_weight": {"dvar2": 0, "var": 0, "min": 0.462776660919, "dmean": 0, "mean": 0.462776660919, "max": 0.462776660919, "dmean2": 0, "median": 0.462776660919, "dvar": 0}, "bpm": 122.054260254, "beats_count": 498, "bpm_histogram_first_peak_spread": {"dvar2": 0, "var": 0, "min": 0.414758294821, "dmean": 0, "mean": 0.414758294821, "max": 0.414758294821, "dmean2": 0, "median": 0.414758294821, "dvar": 0}, "danceability": 1.03703391552, "bpm_histogram_first_peak_bpm": {"dvar2": 0, "var": 0, "min": 123, "dmean": 0, "mean": 123, "max": 123, "dmean2": 0, "median": 123, "dvar": 0}, "beats_position": [0.49922901392, 1.01006805897, 1.50929701328, 1.99691605568, 2.48453521729, 2.97215414047, 3.45977306366, 3.94739222527, 4.446621418, 4.94585037231, 5.44507932663, 5.94430828094, 6.44353723526, 6.94276618958, 7.4303855896, 7.90639448166, 8.38240337372, 8.87002277374, 9.36925125122, 9.85687065125, 10.3444900513, 10.8437185287, 11.3429479599, 11.8421764374, 12.3530158997, 12.8522443771, 13.3746938705, 13.8971424103, 14.4312019348, 14.9536504745, 15.4760990143, 15.9985485077, 16.4977779388, 16.99700737, 17.4962348938, 18.0419044495, 18.5991840363, 19.1332416534, 19.6789112091, 20.2245807648, 20.7702484131, 21.3159179688, 21.8615875244, 22.3608150482, 22.8600444794, 23.3592739105, 23.8701133728, 24.369342804, 24.8685703278, 25.3561897278, 25.8438091278, 26.343038559, 26.830657959, 27.3298854828, 27.8058948517, 28.2935142517, 28.7811336517, 29.2803630829, 29.7679805756, 30.2555999756, 30.7432193756, 31.2424488068, 31.7416782379, 32.2292976379, 32.7169151306, 33.204536438, 33.7037620544, 34.2029914856, 34.690612793, 35.1898422241, 35.6890678406, 36.1766891479, 36.6643066406, 37.151927948, 37.6395454407, 38.1271629333, 38.6147842407, 39.1024017334, 39.6016311646, 40.1008605957, 40.5884780884, 41.0760993958, 41.5637168884, 42.0513381958, 42.5273475647, 43.0033569336, 43.4909744263, 43.9785919189, 44.4778213501, 44.9886627197, 45.4878921509, 45.9871177673, 46.4747390747, 46.9739685059, 47.473197937, 47.9492073059, 48.4368247986, 48.9244422913, 49.4120635986, 49.8996810913, 50.3873023987, 50.8749198914, 51.362537384, 51.8733787537, 52.3726081848, 52.871837616, 53.3594551086, 53.8586845398, 54.3463020325, 54.8455314636, 55.333152771, 55.8207702637, 56.3083877563, 56.8076171875, 57.2952384949, 57.7828559875, 58.2704734802, 58.7697029114, 59.2573242188, 59.7449417114, 60.2325630188, 60.7434005737, 61.2426300049, 61.741859436, 62.2294769287, 62.7054862976, 63.1814956665, 63.6691131592, 64.1567306519, 64.655960083, 65.1551895142, 65.6428070068, 66.1304321289, 66.6180496216, 67.1056671143, 67.6048965454, 68.1041259766, 68.6033554077, 69.0909729004, 69.5785903931, 70.0778198242, 70.5654373169, 71.053062439, 71.5522918701, 72.0399093628, 72.5275268555, 73.0267562866, 73.5143737793, 74.001991272, 74.489616394, 74.9888458252, 75.488067627, 75.975692749, 76.4633102417, 76.9509277344, 77.4501571655, 77.9377746582, 78.4253921509, 78.924621582, 79.4122467041, 79.8998641968, 80.3990936279, 80.8983230591, 81.3859405518, 81.8735580444, 82.3611755371, 82.8487930298, 83.3480224609, 83.8472518921, 84.3464813232, 84.8921508789, 85.449432373, 86.0067138672, 86.5639877319, 87.1096572876, 87.6669387817, 88.177772522, 88.6886138916, 89.1994552612, 89.7102966309, 90.2211303711, 90.7203598022, 91.2195892334, 91.7072067261, 92.2064361572, 92.6940536499, 93.181678772, 93.6692962646, 94.1569137573, 94.64453125, 95.1321487427, 95.6197738647, 96.1073913574, 96.5950088501, 97.0826263428, 97.5818557739, 98.0694732666, 98.5687026978, 99.0679321289, 99.555557251, 100.054779053, 100.542404175, 101.030021667, 101.51763916, 102.016868591, 102.516098022, 103.015327454, 103.502944946, 104.013786316, 104.431747437, 104.838096619, 105.232833862, 105.627571106, 106.033920288, 106.44026947, 106.846618652, 107.36907196, 107.879905701, 108.39074707, 108.90158844, 109.400817871, 109.900039673, 110.387664795, 110.875282288, 111.36289978, 111.838912964, 112.338134766, 112.848976135, 113.441085815, 114.033195496, 114.625305176, 115.205802917, 115.797912598, 116.401634216, 117.005348206, 117.620681763, 118.23600769, 118.851333618, 119.455055237, 120.070381165, 120.592834473, 121.115280151, 121.626121521, 122.136962891, 122.636184692, 123.147026062, 123.646255493, 124.145484924, 124.644714355, 125.132331848, 125.631561279, 126.119178772, 126.606803894, 127.094421387, 127.582038879, 128.081268311, 128.568893433, 129.056503296, 129.544128418, 130.031738281, 130.519363403, 131.006988525, 131.48298645, 131.982223511, 132.481445313, 132.980682373, 133.479904175, 133.979141235, 134.466751099, 134.954376221, 135.441986084, 135.941223145, 136.440444946, 136.928070068, 137.41569519, 137.914916992, 138.414154053, 138.901763916, 139.389389038, 139.876998901, 140.376235962, 140.863845825, 141.363082886, 141.850692749, 142.338317871, 142.825942993, 143.313552856, 143.801177979, 144.288803101, 144.776412964, 145.275650024, 145.763259888, 146.25088501, 146.738494873, 147.226119995, 147.725341797, 148.224578857, 148.723800659, 149.22303772, 149.710647583, 150.209884644, 150.697509766, 151.196731567, 151.684356689, 152.183578491, 152.671203613, 153.158813477, 153.646438599, 154.134063721, 154.621673584, 155.120910645, 155.608520508, 156.107757568, 156.595367432, 157.082992554, 157.570602417, 158.058227539, 158.545852661, 159.033462524, 159.521087646, 160.020309448, 160.519546509, 161.018768311, 161.518005371, 162.005615234, 162.493240356, 162.980865479, 163.468475342, 163.956100464, 164.443710327, 164.954559326, 165.442169189, 165.929794312, 166.417419434, 166.916641235, 167.415863037, 167.903488159, 168.391113281, 168.878723145, 169.366348267, 169.85395813, 170.35319519, 170.852416992, 171.340042114, 171.827667236, 172.3152771, 172.81451416, 173.302124023, 173.789749146, 174.277359009, 174.764984131, 175.264221191, 175.751831055, 176.239456177, 176.72706604, 177.226303101, 177.725524902, 178.213150024, 178.700775146, 179.18838501, 179.676010132, 180.175231934, 180.674468994, 181.173690796, 181.661315918, 182.16053772, 182.648162842, 183.135772705, 183.623397827, 184.111022949, 184.598632813, 185.097869873, 185.597091675, 186.084716797, 186.57232666, 187.059951782, 187.547576904, 188.035186768, 188.52281189, 189.022033691, 189.509658813, 190.008880615, 190.496505737, 190.984130859, 191.471740723, 191.970977783, 192.470199585, 192.957824707, 193.44543457, 193.933059692, 194.432281494, 194.931518555, 195.419128418, 195.918365479, 196.41758728, 196.916824341, 197.392837524, 197.880447388, 198.36807251, 198.855682373, 199.343307495, 199.842529297, 200.341766357, 200.829391479, 201.317001343, 201.804626465, 202.292236328, 202.77986145, 203.279083252, 203.778320313, 204.277542114, 204.776779175, 205.264389038, 205.75201416, 206.239639282, 206.727249146, 207.214874268, 207.702484131, 208.178497314, 208.666122437, 209.165344238, 209.65296936, 210.152191162, 210.651428223, 211.139038086, 211.626663208, 212.12588501, 212.62512207, 213.112747192, 213.600357056, 214.099594116, 214.598815918, 215.098052979, 215.59727478, 216.084899902, 216.572509766, 217.071746826, 217.547744751, 218.035369873, 218.522994995, 219.010604858, 219.49822998, 219.997451782, 220.496688843, 220.984298706, 221.471923828, 221.97114563, 222.47038269, 222.958007813, 223.445617676, 223.933242798, 224.420852661, 224.908477783, 225.396102905, 225.895324707, 226.394546509, 226.905395508, 227.416229248, 227.927078247, 228.437911987, 228.960357666, 229.482803345, 230.005249023, 230.539321899, 231.073379517, 231.607437134, 232.280807495, 232.954193115, 233.604354858, 234.266113281, 234.916275024, 235.554824829, 236.193374634, 236.866760254, 237.574966431, 238.271560669, 238.979766846, 239.676361084, 240.372970581, 241.081176758, 241.789382935, 242.485977173, 243.18258667, 243.844345093, 244.494506836, 245.156280518, 245.806442261, 246.456588745, 247.071929932, 247.687255859, 248.27935791, 248.87147522, 249.463577271, 250.078903198, 250.694229126, 251.321166992, 251.936508179, 252.551834106], "beats_loudness": {"dvar2": 0.000152147506014, "var": 0.000174767497811, "min": 5.08934363097e-07, "dmean": 0.00819864589721, "mean": 0.0238300357014, "max": 0.0558793880045, "dmean2": 0.0141142597422, "median": 0.0245851092041, "dvar": 5.35554972885e-05}, "bpm_histogram_second_peak_weight": {"dvar2": 0, "var": 0, "min": 0.0482897385955, "dmean": 0, "mean": 0.0482897385955, "max": 0.0482897385955, "dmean2": 0, "median": 0.0482897385955, "dvar": 0}, "bpm_histogram_second_peak_spread": {"dvar2": 0, "var": 0, "min": 0.314285725355, "dmean": 0, "mean": 0.314285725355, "max": 0.314285725355, "dmean2": 0, "median": 0.314285725355, "dvar": 0}, "bpm_histogram_second_peak_bpm": {"dvar2": 0, "var": 0, "min": 117, "dmean": 0, "mean": 117, "max": 117, "dmean2": 0, "median": 117, "dvar": 0}, "onset_rate": 3.07870936394}, "lowlevel": {"spectral_energyband_high": {"dvar2": 2.04541743187e-06, "var": 3.42468979397e-06, "min": 7.83787880841e-21, "dmean": 0.000423157471232, "mean": 0.000961266108789, "max": 0.0173447150737, "dmean2": 0.000605180568527, "median": 0.000268272939138, "dvar": 1.12899238047e-06}, "spectral_energyband_middle_low": {"dvar2": 3.47002351191e-05, "var": 6.28070192761e-05, "min": 6.39243349748e-22, "dmean": 0.00264512468129, "mean": 0.00943148415536, "max": 0.0604582801461, "dmean2": 0.00409235106781, "median": 0.00752945709974, "dvar": 1.44716595969e-05}, "spectral_energy": {"dvar2": 0.000107176463644, "var": 0.0001761962194, "min": 1.12404256736e-20, "dmean": 0.00430537387729, "mean": 0.0202229525894, "max": 0.090925693512, "dmean2": 0.00677073467523, "median": 0.0193933378905, "dvar": 4.1304872866e-05}, "spectral_spread": {"dvar2": 1315864444930.0, "var": 4686667579390.0, "min": 1258844.875, "dmean": 588359.4375, "mean": 4791489.5, "max": 40403340, "dmean2": 814891.4375, "median": 4369322.5, "dvar": 879765880832}, "spectral_energyband_low": {"dvar2": 7.20038879081e-05, "var": 2.6662606615e-05, "min": 1.54402911942e-22, "dmean": 0.00188511668239, "mean": 0.00528566585854, "max": 0.0870301350951, "dmean2": 0.00317641161382, "median": 0.00493013113737, "dvar": 2.55622890108e-05}, "spectral_rolloff": {"dvar2": 3087953.75, "var": 4267814.5, "min": 21.533203125, "dmean": 487.472137451, "mean": 1744.75280762, "max": 19875.1464844, "dmean2": 800.981567383, "median": 1055.12695313, "dvar": 1593303.625}, "barkbands": {"dvar2": [1.15295954117e-07, 3.50394038833e-05, 1.03139173007e-05, 2.769866569e-06, 1.45337735376e-05, 3.44637260241e-06, 3.74085220756e-06, 4.54485052614e-06, 4.68041753265e-06, 3.07679692924e-06, 8.41304768073e-07, 1.09903339762e-06, 6.36611787286e-07, 1.30131240894e-06, 2.78585298474e-06, 2.50416064773e-06, 1.01433522559e-06, 7.76536012381e-07, 1.52513200646e-06, 4.41631641479e-07, 1.15621105579e-07, 1.22649083778e-07, 1.8951377001e-07, 1.11474562914e-07, 3.08892083467e-07, 1.01026017774e-07, 4.30783462104e-18], "var": [8.2843918392e-08, 1.26938020912e-05, 3.47446621163e-06, 1.59546209488e-06, 1.58982820722e-05, 3.9644669414e-06, 4.19915295424e-06, 7.56849476602e-06, 7.9579613157e-06, 5.68789300814e-06, 1.87512171124e-06, 1.73125681613e-06, 6.92602782237e-07, 1.26922918753e-06, 2.52560630543e-06, 1.77661047474e-06, 1.38087170853e-06, 7.16564045433e-07, 1.51813583216e-06, 6.08768687016e-07, 9.08529642629e-08, 1.05892709712e-07, 1.82366846957e-07, 1.01818436349e-07, 4.37450069057e-07, 1.1396023325e-07, 1.1539514893e-18], "min": [1.49606826965e-22, 2.49318605571e-23, 2.18423388866e-23, 1.36470399627e-22, 1.01841374884e-22, 1.45373054663e-22, 8.0345918648e-23, 3.83471186708e-23, 6.51918564825e-23, 1.57026499229e-22, 1.42321930008e-22, 7.97007440235e-23, 7.92240700883e-23, 7.40703976183e-23, 2.16875911983e-22, 1.95497150363e-22, 1.83745167602e-22, 1.73233589729e-22, 3.13025283093e-22, 3.79433739797e-22, 5.06518777244e-22, 3.19943227201e-22, 7.22867301002e-22, 6.87883528666e-22, 1.28553702077e-21, 1.85539054971e-21, 2.52554174741e-21], "dmean": [8.34164820844e-05, 0.00125645485241, 0.000708049803507, 0.000489366706461, 0.00135886506177, 0.000673753616866, 0.000547299510799, 0.000540751963854, 0.000501197355334, 0.000501875823829, 0.000206719530979, 0.000255058635958, 0.000183444179129, 0.000241296802415, 0.000369420275092, 0.00030556882848, 0.000266007496975, 0.000182037139894, 0.000261233304627, 0.000161586693139, 7.638844545e-05, 6.64111939841e-05, 8.67895942065e-05, 7.09746745997e-05, 0.000106369880086, 5.68292743992e-05, 8.09514955069e-10], "mean": [0.000152889522724, 0.00344299362041, 0.00128384085838, 0.000789956597146, 0.00309292273596, 0.0015561231412, 0.00116225180682, 0.00111437076703, 0.00117145269178, 0.00105976720806, 0.000415145565057, 0.000503844290506, 0.000325289613102, 0.000411010201788, 0.00064853351796, 0.000531961675733, 0.000579896674026, 0.000344767817296, 0.000504777883179, 0.000333978794515, 0.000136381320772, 0.000115790498967, 0.000156983194756, 0.000132944813231, 0.000175643246621, 7.94653751655e-05, 7.09050484993e-10], "max": [0.00436770357192, 0.0596174374223, 0.0343975648284, 0.0282333791256, 0.0432227142155, 0.0270070061088, 0.0371091291308, 0.0368974357843, 0.0336222648621, 0.0337641350925, 0.0282737966627, 0.0256774239242, 0.0179545395076, 0.0344405397773, 0.0343719273806, 0.0240158215165, 0.0273728743196, 0.0152482893318, 0.0226870011538, 0.0110655827448, 0.00635614711791, 0.00492581725121, 0.00775302294642, 0.00686183990911, 0.0108980564401, 0.00673744268715, 1.64921676316e-08], "dmean2": [0.00013427293743, 0.00209177169017, 0.00122289813589, 0.000811525445897, 0.00219718646258, 0.0010352859972, 0.000820532266516, 0.000796237960458, 0.000736107700504, 0.000734634464607, 0.000319244572893, 0.00038283423055, 0.000292476208415, 0.000380610727007, 0.000582114676945, 0.000476896238979, 0.000420741474954, 0.000285445159534, 0.000402718840633, 0.000244755210588, 0.000119216718304, 0.000103575686808, 0.000131353139295, 0.00010512197332, 0.000152531632921, 8.45688045956e-05, 1.49541401484e-09], "median": [2.62361500063e-05, 0.00317860604264, 0.00076552212704, 0.000405089522246, 0.00170656829141, 0.000940617290325, 0.000562469591387, 0.000293337972835, 0.000213424762478, 0.000324344378896, 8.88771464815e-05, 0.000144433608511, 0.000107539133751, 0.000143798344652, 0.000221614711336, 0.000151364220073, 0.000205210657441, 7.64481592341e-05, 9.11614479264e-05, 6.17352343397e-05, 3.48254034179e-05, 2.61197856162e-05, 3.79482589778e-05, 3.22896667058e-05, 3.19738428516e-05, 6.24825815976e-06, 2.78867873238e-10], "dvar": [4.99820558275e-08, 1.24102007248e-05, 3.55319434675e-06, 1.05078356682e-06, 5.6154935919e-06, 1.45871922541e-06, 1.69607335465e-06, 2.18699278776e-06, 2.15500699596e-06, 1.59058538429e-06, 4.08253896467e-07, 5.28168243363e-07, 2.83821179892e-07, 6.04315971486e-07, 1.2374889593e-06, 1.05985634491e-06, 4.34245293945e-07, 3.28451704945e-07, 6.80480980009e-07, 2.03653669928e-07, 4.67989664799e-08, 5.54185213275e-08, 9.00011869476e-08, 5.077875187e-08, 1.68049439253e-07, 5.0481663294e-08, 1.35201337293e-18]}, "melbands_skewness": {"dvar2": 1.17120051384, "var": 2.60687208176, "min": -1.42483139038, "dmean": 0.522274374962, "mean": 2.44097161293, "max": 25.7110214233, "dmean2": 0.796320140362, "median": 2.23480415344, "dvar": 0.499823689461}, "barkbands_skewness": {"dvar2": 0.73053663969, "var": 2.12315392494, "min": -4.08261632919, "dmean": 0.426211297512, "mean": 1.48575544357, "max": 23.9631938934, "dmean2": 0.63727414608, "median": 1.2821034193, "dvar": 0.355972886086}, "erbbands": {"dvar2": [0.0230657346547, 2.24236083031, 15.2399320602, 13.9455490112, 96.7505645752, 289.064727783, 397.14175415, 214.206329346, 544.070922852, 1430.46887207, 2626.61962891, 2130.38891602, 4121.15771484, 1793.25439453, 1227.65808105, 1907.51513672, 1035.85925293, 3285.87573242, 6400.0625, 6937.015625, 5676.73974609, 1924.38000488, 1080.88110352, 4111.00537109, 3388.66210938, 1014.4987793, 343.306060791, 76.95262146, 151.071914673, 160.31602478, 161.372451782, 87.834815979, 25.1057567596, 36.295337677, 21.831987381, 6.28036499023, 0.0808095261455, 3.39413963957e-05, 5.74904426287e-08, 8.17436729417e-10], "var": [0.0106992544606, 0.714977860451, 4.78054952621, 7.85774469376, 61.8520774841, 358.535400391, 518.550354004, 185.428085327, 522.088317871, 2114.36499023, 4734.47998047, 2985.86938477, 8348.46289063, 3460.61328125, 2235.70288086, 2630.87597656, 1361.54370117, 3552.91650391, 5997.77734375, 5203.03466797, 5357.29052734, 3196.19433594, 1506.81384277, 3388.56079102, 3876.52929688, 1715.84020996, 423.326690674, 62.3777313232, 123.181945801, 160.292633057, 148.53894043, 70.6865386963, 26.7973098755, 42.5649681091, 27.9901504517, 7.03517580032, 0.0970402285457, 4.19005191361e-05, 7.77310802391e-08, 1.33286193194e-09], "min": [1.11648874835e-21, 5.81569564884e-21, 2.47792890015e-20, 2.4205408864e-19, 4.48069313858e-19, 3.14720457887e-19, 8.76652837424e-19, 1.04936525419e-18, 8.03256946576e-19, 1.25769896327e-18, 7.76453502994e-19, 1.69750055521e-18, 5.21295632681e-18, 3.11266968489e-18, 6.03537858289e-18, 3.22908501635e-18, 3.52664111464e-18, 4.31889568019e-18, 5.77637799334e-18, 1.54471644968e-17, 1.05403985863e-17, 1.05298206006e-17, 8.09535278444e-18, 1.24420801971e-17, 1.76074078778e-17, 1.79538642056e-17, 1.9918810244e-17, 1.99261572622e-17, 1.07745742449e-17, 1.4229549672e-17, 2.24899605574e-17, 1.37544543513e-17, 1.34851731475e-17, 1.40578683359e-17, 9.48085384069e-18, 6.50784884593e-18, 3.46431305548e-18, 1.34693148544e-18, 3.36613085267e-19, 3.61101108143e-20], "dmean": [0.0331171005964, 0.307367265224, 0.813257217407, 1.16957724094, 2.8646543026, 5.36675071716, 6.34229135513, 4.98458957672, 7.0553560257, 9.65783119202, 12.2089824677, 10.5498876572, 17.3897781372, 10.7672643661, 7.83161115646, 11.0160522461, 7.48464918137, 12.5977859497, 14.8346738815, 18.4155464172, 16.3969726563, 11.0123739243, 7.73113489151, 12.6209287643, 11.1960992813, 7.71206760406, 4.37200737, 1.89237260818, 2.39098334312, 2.46339392662, 2.48501396179, 1.8146147728, 1.1352584362, 1.13491439819, 0.818190813065, 0.443687081337, 0.0526793822646, 0.00109916052315, 4.82635987282e-05, 9.48039632931e-06], "mean": [0.09385561198, 0.781014800072, 1.57910692692, 2.23287916183, 5.21289539337, 11.8336982727, 14.4175949097, 10.5947418213, 15.0581884384, 20.5133037567, 26.4014072418, 24.2777996063, 40.2363739014, 24.5203018188, 17.805393219, 21.9529781342, 15.4586734772, 23.3925800323, 27.4561386108, 33.8244361877, 33.4205245972, 26.3166618347, 18.0598907471, 24.359418869, 23.7515029907, 16.8449821472, 9.1525182724, 3.54462623596, 4.15066003799, 4.35874700546, 4.4511051178, 3.27291083336, 2.07445383072, 1.88932466507, 1.26474201679, 0.634025335312, 0.0728416964412, 0.00156288442668, 8.34922684589e-05, 3.32649651682e-05], "max": [1.93436002731, 14.5713157654, 39.4826049805, 45.5220108032, 162.517028809, 231.136428833, 466.166625977, 219.712188721, 442.767822266, 780.889038086, 1031.59130859, 921.978820801, 1262.35986328, 895.81854248, 1053.02929688, 835.049133301, 797.837463379, 1844.02319336, 1890.15368652, 1283.26220703, 1648.50109863, 953.435546875, 782.643615723, 1229.86804199, 1380.14953613, 664.985168457, 428.482147217, 132.12159729, 180.766906738, 248.922180176, 229.680145264, 227.33895874, 90.254196167, 101.359825134, 85.6174468994, 44.1513633728, 8.36746025085, 0.163532376289, 0.00583307258785, 0.000535808561835], "dmean2": [0.0536747127771, 0.523122131824, 1.41005980968, 1.97713053226, 4.79871511459, 8.55586147308, 9.44594764709, 7.90422296524, 10.5655555725, 14.6494655609, 17.7590026855, 15.1947011948, 25.1618919373, 15.759437561, 11.4652528763, 16.6339244843, 11.7535057068, 19.5969924927, 23.3076286316, 28.9976539612, 25.1232471466, 17.0447311401, 11.8801345825, 19.2258014679, 17.0244979858, 11.3642253876, 6.59329080582, 2.97446608543, 3.74698090553, 3.71917152405, 3.77012491226, 2.71997833252, 1.66673147678, 1.66252541542, 1.1885073185, 0.66164046526, 0.0779443234205, 0.00161222624592, 6.9475514465e-05, 1.39316762215e-05], "median": [0.083273217082, 0.684354245663, 1.04417610168, 1.38218975067, 2.68659305573, 5.01224040985, 7.10501098633, 6.36906433105, 8.49097251892, 6.88585662842, 7.38377666473, 6.31073951721, 11.5645942688, 7.29763889313, 5.68666982651, 7.5193066597, 5.76743888855, 8.60562229156, 9.213098526, 12.0700302124, 11.6980571747, 9.1064453125, 5.13299703598, 5.30295944214, 3.97656917572, 3.01198577881, 2.15741062164, 0.990058124065, 0.931754410267, 0.986810088158, 1.06745314598, 0.706724822521, 0.524861574173, 0.396600425243, 0.175422519445, 0.0525289997458, 0.00663937907666, 0.000161315547302, 2.33173486777e-05, 2.73575351457e-05], "dvar": [0.00869337841868, 0.772674918175, 5.24209928513, 4.95270490646, 35.4676437378, 114.538764954, 177.356445313, 83.0829696655, 247.195785522, 657.583190918, 1297.61804199, 974.269348145, 2147.10693359, 903.925842285, 613.911743164, 902.743469238, 464.245361328, 1566.71228027, 2869.92016602, 2939.32470703, 2564.2097168, 890.61114502, 475.355377197, 1791.0144043, 1515.81481934, 505.114227295, 153.827026367, 32.4846992493, 66.4485931396, 76.7305755615, 75.3342056274, 39.4819145203, 11.9334459305, 17.8132190704, 11.52891922, 3.12887787819, 0.0413916707039, 1.76241610461e-05, 3.07283656298e-08, 4.28113516859e-10]}, "silence_rate_30dB": {"dvar2": 0, "var": 0, "min": 1, "dmean": 0, "mean": 1, "max": 1, "dmean2": 0, "median": 1, "dvar": 0}, "melbands_spread": {"dvar2": 307.297424316, "var": 654.662658691, "min": 0.46171182394, "dmean": 6.66657495499, "mean": 27.649646759, "max": 251.381774902, "dmean2": 9.88924598694, "median": 20.6106872559, "dvar": 163.378356934}, "melbands_crest": {"dvar2": 12.4806241989, "var": 23.9238777161, "min": 2.93082356453, "dmean": 2.20854926109, "mean": 12.7444972992, "max": 38.676399231, "dmean2": 3.54158592224, "median": 11.7912139893, "dvar": 4.98326253891}, "zerocrossingrate": {"dvar2": 0.000408718187828, "var": 0.00262617669068, "min": 0, "dmean": 0.0115048391744, "mean": 0.0655611976981, "max": 0.505859375, "dmean2": 0.0127644594759, "median": 0.052734375, "dvar": 0.000406006322009}, "barkbands_kurtosis": {"dvar2": 272.349090576, "var": 213.024246216, "min": -1.93069922924, "dmean": 2.5424413681, "mean": 5.46608829498, "max": 779.239868164, "dmean2": 3.96360707283, "median": 1.50180459023, "dvar": 112.604286194}, "spectral_flux": {"dvar2": 0.000884458888322, "var": 0.00168284552637, "min": 1.06020872637e-10, "dmean": 0.0167448744178, "mean": 0.0630058348179, "max": 0.267039209604, "dmean2": 0.0263179447502, "median": 0.0586295351386, "dvar": 0.000401223747758}, "barkbands_crest": {"dvar2": 8.90084171295, "var": 17.6707820892, "min": 2.23513221741, "dmean": 1.88337266445, "mean": 9.81196498871, "max": 26.2239360809, "dmean2": 2.98867678642, "median": 8.99088764191, "dvar": 3.59027075768}, "barkbands_flatness_db": {"dvar2": 0.00061017164262, "var": 0.00287244399078, "min": 0.0496953353286, "dmean": 0.0151095855981, "mean": 0.15186393261, "max": 0.422261923552, "dmean2": 0.0232459884137, "median": 0.142090141773, "dvar": 0.000272177741863}, "spectral_entropy": {"dvar2": 0.0623251348734, "var": 0.286296844482, "min": 4.72547006607, "dmean": 0.149261489511, "mean": 7.41162347794, "max": 9.78259181976, "dmean2": 0.212923660874, "median": 7.42851734161, "dvar": 0.0355092212558}, "pitch_salience": {"dvar2": 0.00608553458005, "var": 0.0100991018116, "min": 0.0594794675708, "dmean": 0.0520332157612, "mean": 0.543079853058, "max": 0.860440671444, "dmean2": 0.0830524638295, "median": 0.551916182041, "dvar": 0.00243609421887}, "erbbands_spread": {"dvar2": 209.647018433, "var": 331.929931641, "min": 3.50114917755, "dmean": 6.88231420517, "mean": 36.3491096497, "max": 172.186264038, "dmean2": 10.4586248398, "median": 33.334197998, "dvar": 91.983757019}, "dynamic_complexity": 4.11443853378, "spectral_contrast_valleys": {"dvar2": [0.213814646006, 0.172759696841, 0.125495716929, 0.120292909443, 0.121082469821, 0.202512457967], "var": [1.13709914684, 0.877865254879, 0.98833656311, 1.28450298309, 1.60368025303, 2.45322179794], "min": [-27.1553153992, -27.2821273804, -27.6515655518, -27.421705246, -27.2879257202, -27.3065509796], "dmean": [0.313867002726, 0.300770044327, 0.267225384712, 0.245217651129, 0.228902101517, 0.302966833115], "mean": [-7.29027175903, -6.97127723694, -7.7083234787, -8.08048439026, -8.00492668152, -10.5193433762], "max": [-5.42955064774, -4.94942188263, -5.70820617676, -5.84830331802, -5.75578975677, -7.54325675964], "dmean2": [0.521464049816, 0.491489768028, 0.434435635805, 0.393985956907, 0.345343202353, 0.403506398201], "median": [-6.915350914, -6.79352617264, -7.44293117523, -7.71490621567, -7.67734527588, -10.1801109314], "dvar": [0.0914844796062, 0.0744650065899, 0.0573281906545, 0.0576006621122, 0.0664167404175, 0.126911357045]}, "hfc": {"dvar2": 204.456512451, "var": 483.377105713, "min": 1.17692064882e-16, "dmean": 5.56010055542, "mean": 21.0015392303, "max": 150.436935425, "dmean2": 7.99686002731, "median": 13.3192253113, "dvar": 108.529411316}, "spectral_kurtosis": {"dvar2": 15.2625341415, "var": 16.5176677704, "min": -1.56212806702, "dmean": 1.68408370018, "mean": 5.25640916824, "max": 45.8357963562, "dmean2": 2.80157375336, "median": 4.42401981354, "dvar": 5.33422517776}, "mfcc": {"mean": [-664.347412109, 125.838684082, 5.77604055405, 19.2401504517, 13.0548410416, -1.41625416279, -1.54843091965, 2.23418283463, -1.2316352129, 4.80246591568, -4.90199661255, -2.25577497482, 2.37877631187], "cov": [[9771.41796875, -1628.72546387, -752.395263672, -42.6876792908, -25.3680343628, -136.865829468, 74.0984649658, 208.683044434, 106.188743591, 490.613189697, 99.1279449463, 102.793273926, 188.852859497], [-1628.72546387, 1388.77001953, -207.955337524, -54.0463790894, 32.6418113708, -35.2988815308, 11.9513959885, -15.0325632095, -10.4193506241, -60.4536132813, -22.7028179169, -13.4229536057, -18.7084178925], [-752.395263672, -207.955337524, 763.306884766, -37.6829185486, 21.1196594238, 72.1369400024, -16.69323349, -37.4336776733, -1.66118001938, -97.5969085693, 10.8871545792, -24.068107605, -42.4085922241], [-42.6876792908, -54.0463790894, -37.6829185486, 273.871063232, 45.9211463928, 34.9958229065, -20.4697589874, 23.3748836517, 5.62977695465, -3.13493490219, 22.595375061, 57.9696273804, 34.4214286804], [-25.3680343628, 32.6418113708, 21.1196594238, 45.9211463928, 202.869415283, -4.76233005524, -15.4920082092, 12.3346738815, 14.9079399109, -1.94211363792, 10.6677865982, 19.2596912384, 11.1552114487], [-136.865829468, -35.2988815308, 72.1369400024, 34.9958229065, -4.76233005524, 247.808883667, 13.913523674, 34.4534187317, 14.3072986603, -21.467540741, 21.979391098, 37.4179115295, 15.5171556473], [74.0984649658, 11.9513959885, -16.69323349, -20.4697589874, -15.4920082092, 13.913523674, 162.238479614, 15.5878429413, 2.06576061249, 36.6242980957, 3.98045825958, -18.5212402344, 14.1736478806], [208.683044434, -15.0325632095, -37.4336776733, 23.3748836517, 12.3346738815, 34.4534187317, 15.5878429413, 128.393051147, 36.9133644104, 21.5270690918, 20.0743579865, 32.6043128967, 21.4205322266], [106.188743591, -10.4193506241, -1.66118001938, 5.62977695465, 14.9079399109, 14.3072986603, 2.06576061249, 36.9133644104, 104.007606506, 18.5700416565, 18.7881546021, 14.807847023, 13.4872236252], [490.613189697, -60.4536132813, -97.5969085693, -3.13493490219, -1.94211363792, -21.467540741, 36.6242980957, 21.5270690918, 18.5700416565, 147.339675903, 21.1871051788, -4.37589931488, 24.3778266907], [99.1279449463, -22.7028179169, 10.8871545792, 22.595375061, 10.6677865982, 21.979391098, 3.98045825958, 20.0743579865, 18.7881546021, 21.1871051788, 90.2768325806, 30.3022499084, 21.3344268799], [102.793273926, -13.4229536057, -24.068107605, 57.9696273804, 19.2596912384, 37.4179115295, -18.5212402344, 32.6043128967, 14.807847023, -4.37589931488, 30.3022499084, 119.492782593, 35.0331993103], [188.852859497, -18.7084178925, -42.4085922241, 34.4214286804, 11.1552114487, 15.5171556473, 14.1736478806, 21.4205322266, 13.4872236252, 24.3778266907, 21.3344268799, 35.0331993103, 90.6885986328]], "icov": [[0.000179116119398, 0.000226084186579, 0.000180503047886, 0.000145027501276, -3.64456718671e-05, 7.59015019867e-05, 1.75661098183e-05, -0.00014248790103, -2.38994125539e-05, -0.000326370703988, -3.39057660312e-05, -9.92047716863e-05, -0.000137004506541], [0.000226084186579, 0.00109469494782, 0.000542720430531, 0.000389759487007, -0.000271821278147, 0.000127110819449, -0.000143226847285, -0.000104930564703, -6.45718318992e-05, 0.0001574982889, -8.51332151797e-05, -8.82247768459e-05, -5.88902039453e-05], [0.000180503047886, 0.000542720430531, 0.00186294817831, 0.000438861985458, -0.000376650306862, -0.000388739368645, -7.67002347857e-05, 0.00027810971369, -0.000235387997236, 0.000855353777297, -0.000644870451652, 0.000285134301521, 0.000346450600773], [0.000145027501276, 0.000389759487007, 0.000438861985458, 0.00450983317569, -0.000881938321982, -0.000327111105435, 0.000395617098548, -0.000266984308837, 0.000300083076581, 8.05018353276e-05, -0.000379657140002, -0.00145288021304, -0.000978135620244], [-3.64456718671e-05, -0.000271821278147, -0.000376650306862, -0.000881938321982, 0.00535802403465, 0.000398511823732, 0.000404826423619, -0.000270343589364, -0.000564223795664, -5.90948366153e-05, -0.000145692174556, -0.000307800364681, -0.000295261241263], [7.59015019867e-05, 0.000127110819449, -0.000388739368645, -0.000327111105435, 0.000398511823732, 0.00473857298493, -0.000618652207777, -0.00104332901537, -0.00020840819343, 0.000664022867568, -0.000549673568457, -0.00104652810842, -0.000320065126289], [1.75661098183e-05, -0.000143226847285, -7.67002347857e-05, 0.000395617098548, 0.000404826423619, -0.000618652207777, 0.00703379930928, -0.00086127279792, 0.000395815382944, -0.00165457767434, -5.57416315132e-05, 0.00149174116086, -0.00126922212075], [-0.00014248790103, -0.000104930564703, 0.00027810971369, -0.000266984308837, -0.000270343589364, -0.00104332901537, -0.00086127279792, 0.0099372016266, -0.0027572051622, -0.000383474922273, -0.000443145429017, -0.00167038023937, -0.000231658574194], [-2.38994125539e-05, -6.45718318992e-05, -0.000235387997236, 0.000300083076581, -0.000564223795664, -0.00020840819343, 0.000395815382944, -0.0027572051622, 0.0111840069294, -0.000976099341642, -0.00124124169815, -0.000158165057655, -0.000540878798347], [-0.000326370703988, 0.0001574982889, 0.000855353777297, 8.05018353276e-05, -5.90948366153e-05, 0.000664022867568, -0.00165457767434, -0.000383474922273, -0.000976099341642, 0.00972401350737, -0.00198842352256, 0.00142218545079, -0.00122595590074], [-3.39057660312e-05, -8.51332151797e-05, -0.000644870451652, -0.000379657140002, -0.000145692174556, -0.000549673568457, -5.57416315132e-05, -0.000443145429017, -0.00124124169815, -0.00198842352256, 0.0134125603363, -0.0025483451318, -0.00133082224056], [-9.92047716863e-05, -8.82247768459e-05, 0.000285134301521, -0.00145288021304, -0.000307800364681, -0.00104652810842, 0.00149174116086, -0.00167038023937, -0.000158165057655, 0.00142218545079, -0.0025483451318, 0.0118987588212, -0.0031042934861], [-0.000137004506541, -5.88902039453e-05, 0.000346450600773, -0.000978135620244, -0.000295261241263, -0.000320065126289, -0.00126922212075, -0.000231658574194, -0.000540878798347, -0.00122595590074, -0.00133082224056, -0.0031042934861, 0.0140995886177]]}, "silence_rate_20dB": {"dvar2": 0, "var": 0, "min": 1, "dmean": 0, "mean": 1, "max": 1, "dmean2": 0, "median": 1, "dvar": 0}, "melbands_kurtosis": {"dvar2": 657.35736084, "var": 557.309997559, "min": -1.91143608093, "dmean": 5.28226041794, "mean": 13.1955327988, "max": 984.028381348, "dmean2": 8.31284809113, "median": 6.67224121094, "dvar": 251.681304932}, "barkbands_spread": {"dvar2": 172.087219238, "var": 377.362854004, "min": 0.412445634604, "dmean": 5.37485265732, "mean": 24.9361476898, "max": 119.064552307, "dmean2": 8.01182842255, "median": 20.0130081177, "dvar": 92.2652282715}, "erbbands_skewness": {"dvar2": 0.314392805099, "var": 1.07974255085, "min": -4.71844244003, "dmean": 0.331860870123, "mean": 0.337966263294, "max": 5.44053411484, "dmean2": 0.49222818017, "median": 0.308098495007, "dvar": 0.168209046125}, "average_loudness": 0.886442124844, "spectral_centroid": {"dvar2": 219737.75, "var": 703461.375, "min": 209.242080688, "dmean": 213.946929932, "mean": 1343.56640625, "max": 11030.4833984, "dmean2": 310.945526123, "median": 1139.41503906, "dvar": 124654.90625}, "dissonance": {"dvar2": 0.000803577713668, "var": 0.00106681114994, "min": 0.123804166913, "dmean": 0.0172753222287, "mean": 0.456476330757, "max": 0.499999940395, "dmean2": 0.0286243800074, "median": 0.465165674686, "dvar": 0.000306457281113}, "erbbands_flatness_db": {"dvar2": 0.00047267836635, "var": 0.00173775677104, "min": 0.0485596172512, "dmean": 0.0143959335983, "mean": 0.161875650287, "max": 0.34326466918, "dmean2": 0.0207682866603, "median": 0.161413520575, "dvar": 0.000237365049543}, "spectral_strongpeak": {"dvar2": 4.0703792572, "var": 2.91944909096, "min": 0, "dmean": 0.594687521458, "mean": 1.14220702648, "max": 15.3068122864, "dmean2": 0.996527791023, "median": 0.398338764906, "dvar": 1.6214646101}, "spectral_rms": {"dvar2": 7.2751248581e-07, "var": 2.74334729511e-06, "min": 3.31153572446e-12, "dmean": 0.000439162919065, "mean": 0.00412144465372, "max": 0.00941849220544, "dmean2": 0.000673725910019, "median": 0.00434975046664, "dvar": 2.99434645967e-07}, "silence_rate_60dB": {"dvar2": 0.0336243025959, "var": 0.101220071316, "min": 0, "dmean": 0.0159472096711, "mean": 0.114277862012, "max": 1, "dmean2": 0.0318973436952, "median": 0, "dvar": 0.0156951788813}, "melbands": {"dvar2": [2.12230634133e-06, 4.09618360209e-06, 5.59909494768e-07, 7.50776621317e-07, 4.57339950799e-07, 1.08277134814e-07, 1.29322742737e-07, 1.63955320431e-07, 1.80187555543e-07, 9.81041523573e-08, 1.02151545889e-07, 3.36757821628e-08, 1.72528835662e-08, 1.79276522516e-08, 7.77101405447e-09, 5.54099299777e-09, 1.43846552447e-08, 1.62398539061e-08, 1.33014825821e-08, 1.70327414395e-08, 9.97649518553e-09, 3.40013039946e-09, 1.68291136582e-09, 1.70769121066e-09, 3.7206813186e-09, 3.61504981505e-09, 7.91204601835e-10, 5.842595