{"tonal": {"thpcp": [1, 0.727809727192, 0.253635406494, 0.106669329107, 0.106987886131, 0.167556360364, 0.223177537322, 0.210852175951, 0.184046775103, 0.169853955507, 0.159185454249, 0.196931451559, 0.270678818226, 0.316902548075, 0.496174901724, 0.623020291328, 0.375629037619, 0.147318482399, 0.109447993338, 0.0964457467198, 0.241837739944, 0.405586451292, 0.292614281178, 0.129661381245, 0.0951397716999, 0.116259083152, 0.201705902815, 0.249812811613, 0.216811403632, 0.259564995766, 0.354432165623, 0.322569906712, 0.246819913387, 0.232229351997, 0.283050268888, 0.632329642773], "hpcp": {"dmean2": [0.315433055162, 0.238425552845, 0.164105296135, 0.137457773089, 0.107897870243, 0.145914196968, 0.205298528075, 0.18123921752, 0.122819192708, 0.106529764831, 0.125577360392, 0.164216995239, 0.177337124944, 0.175603568554, 0.179624021053, 0.208141624928, 0.212660267949, 0.217757239938, 0.231173694134, 0.288216173649, 0.360796809196, 0.384777605534, 0.356301784515, 0.223264247179, 0.121270172298, 0.121193893254, 0.147205933928, 0.173019438982, 0.186606138945, 0.186597540975, 0.163364782929, 0.164044260979, 0.197823897004, 0.250513702631, 0.2659920156, 0.29824373126], "median": [0.165606617928, 0.0913913100958, 0.0150599274784, 0.00698838802055, 0.0100267669186, 0.0391191914678, 0.0633251816034, 0.0493736565113, 0.0134499678388, 0.00687267351896, 0.00984863284975, 0.0238363333046, 0.0312371253967, 0.0247028321028, 0.021782271564, 0.0253305956721, 0.0280037783086, 0.0261467248201, 0.0214317329228, 0.0268120244145, 0.204187273979, 0.387630134821, 0.232171222568, 0.03164248541, 0.00727258156985, 0.00580824539065, 0.0148589182645, 0.0232830196619, 0.0211533624679, 0.0112747326493, 0.0074516851455, 0.00842506065965, 0.018869491294, 0.0272976532578, 0.0311005152762, 0.123817697167], "min": [0, 0, 0, 0, 0, 0, 0, 0, 0, 0, 0, 0, 0, 0, 0, 0, 0, 0, 0, 0, 0, 0, 0, 0, 0, 0, 0, 0, 0, 0, 0, 0, 0, 0, 0, 0], "dvar2": [0.128435149789, 0.0917041003704, 0.0952119603753, 0.0880150645971, 0.0586813539267, 0.0545982271433, 0.0927435457706, 0.074295014143, 0.062415741384, 0.0586330704391, 0.0698706582189, 0.0885825157166, 0.0897217690945, 0.0935886800289, 0.0914160907269, 0.104601360857, 0.0914084985852, 0.106504991651, 0.120176188648, 0.157618045807, 0.145291686058, 0.146495074034, 0.136886119843, 0.0992443859577, 0.0520586706698, 0.0622282326221, 0.0702787563205, 0.0775774046779, 0.0916231945157, 0.105129308999, 0.085230872035, 0.0899299159646, 0.111281730235, 0.145610064268, 0.151620849967, 0.129407674074], "dvar": [0.0495414659381, 0.0342063456774, 0.034067671746, 0.0314588658512, 0.0208207964897, 0.0208835843951, 0.0370260775089, 0.0290336739272, 0.0230956505984, 0.0209304112941, 0.0251740850508, 0.0330763794482, 0.0362862572074, 0.0349379852414, 0.0339613221586, 0.043966460973, 0.0381814800203, 0.040166106075, 0.0447347834706, 0.0584308095276, 0.0539197959006, 0.0582305528224, 0.0554512664676, 0.037496920675, 0.0189715195447, 0.0226046610624, 0.0258649308234, 0.0299357865006, 0.0348073020577, 0.0391524098814, 0.0347153022885, 0.0339217633009, 0.039858456701, 0.0533943660557, 0.0583474114537, 0.0500206127763], "dmean": [0.185252815485, 0.13950458169, 0.090230949223, 0.0738807916641, 0.0590824149549, 0.0862729176879, 0.122584298253, 0.106793373823, 0.0696417689323, 0.0587975755334, 0.069626621902, 0.094362936914, 0.103348858654, 0.1004941836, 0.103803835809, 0.121759787202, 0.125366210938, 0.123874664307, 0.129614055157, 0.161427646875, 0.211534306407, 0.227128610015, 0.213127046824, 0.127843722701, 0.0670419856906, 0.067613363266, 0.0838339701295, 0.0992874726653, 0.105806931853, 0.103925786912, 0.0925797447562, 0.0925354138017, 0.110802017152, 0.140877828002, 0.151557907462, 0.173782467842], "max": [1, 1, 1, 1, 1, 1, 1, 1, 1, 1, 1, 1, 1, 1, 1, 1, 1, 1, 1, 1, 1, 1, 1, 1, 1, 1, 1, 1, 1, 1, 1, 1, 1, 1, 1, 1], "var": [0.0959243476391, 0.0458560287952, 0.0245661940426, 0.0207341592759, 0.0139824897051, 0.0313314124942, 0.0788075551391, 0.0426248088479, 0.0209529958665, 0.0152002237737, 0.0184512026608, 0.03474714607, 0.0493149682879, 0.0409929566085, 0.0502852201462, 0.0847940444946, 0.0638972818851, 0.0447042398155, 0.0424263887107, 0.0539136566222, 0.0829039886594, 0.136827170849, 0.104818187654, 0.0387347489595, 0.0141392191872, 0.0172884184867, 0.0267614256591, 0.0374714657664, 0.0347195491195, 0.0365782752633, 0.0367991179228, 0.0316732749343, 0.0338156968355, 0.0521779097617, 0.0663780644536, 0.0730988532305], "mean": [0.295668125153, 0.178263098001, 0.0699132606387, 0.0519409775734, 0.045770470053, 0.114769473672, 0.192480057478, 0.138866603374, 0.0615336894989, 0.045150693506, 0.055173330009, 0.095724016428, 0.118554219604, 0.102892667055, 0.123182334006, 0.168203651905, 0.153082713485, 0.117133870721, 0.110209599137, 0.134327799082, 0.300086081028, 0.474572211504, 0.345398277044, 0.120368309319, 0.0506222993135, 0.0507734790444, 0.07951759547, 0.105913855135, 0.100064583123, 0.0873434841633, 0.0806079655886, 0.0755449905992, 0.0934581980109, 0.128456652164, 0.150393143296, 0.235470816493]}, "tuning_equal_tempered_deviation": 0.0489079654217, "chords_changes_rate": 0.0707923099399, "key_key": "A", "tuning_diatonic_strength": 0.773541867733, "key_scale": "major", "chords_number_rate": 0.00210970453918, "tuning_frequency": 447.174194336, "tuning_nontempered_energy_ratio": 0.716191232204, "chords_histogram": [45.1476783752, 3.8677918911, 15.8462257385, 1.52367556095, 0.632911384106, 0, 0, 0, 0.0937646478415, 0, 0.0937646478415, 0.0703234896064, 0, 0.0468823239207, 0, 0.914205372334, 0, 16.2681674957, 0.843881845474, 3.96155643463, 0.117205813527, 1.05485236645, 8.39193630219, 1.1251758337], "key_strength": 0.861150324345, "chords_key": "A", "chords_strength": {"dmean2": 0.0109428940341, "median": 0.525343120098, "min": -1, "dvar2": 0.00178474420682, "dvar": 0.000972121953964, "dmean": 0.00933134462684, "max": 0.736508250237, "var": 0.00789877492934, "mean": 0.520740151405}, "chords_scale": "major", "hpcp_entropy": {"dmean2": 1.01736211777, "median": 1.75470376015, "min": 0, "dvar2": 0.648207366467, "dvar": 0.240261077881, "dmean": 0.597124993801, "max": 4.20266151428, "var": 0.499939113855, "mean": 1.75919771194}}, "metadata": {"audio_properties": {"equal_loudness": 0, "codec": "mp3", "downmix": "mix", "sample_rate": 44100, "analysis_sample_rate": 44100, "bit_rate": 128000, "md5_encoded": "3305c9a02d5a5f488a618b6493b93711", "length": 198.034286499, "replay_gain": -5.58961677551, "lossless": false}, "version": {"essentia_build_sha": "2d9f1f26377add8aeb1075a9c2973f962c4f09fd", "essentia": "2.1-beta2", "extractor": "music 1.0", "essentia_git_sha": "v2.1_beta2-1-ge3940c0"}, "tags": {"title": ["Song in the Fair"], "language": ["eng"], "acoustid_fingerprint": ["AQADtFGiaVmWFGHULGBS7uhv_NiPa0ePJrJy6Md3nDvOF80a9NEnnBfyJTqSS1-Kt2nwC8_gKsOj4w5y8sGs6YIOHmV3uAd-WOKBH9-hwzy-4_Cgh8ePDz2etSh1vDyuHP6C-sZzhCw3GNfhB9eOZsd_vJmI8NqRLD94LRKNL8X-oGiWUMGrI8wjddB-5E2OZuzRvsWZo8-E5luM98Q140E18mjWDv9xOkiOvDnCxNdQSviSGGn_BPkPzQqLMFSOiqQQ5nmQP2rQXTYaUjiS90G_Fb-Q10mKS8mRDhp1_CyqBwl1fMmDLxX65Dm-XEiOMNHRffgTXEHzHt4Hrccf9HnQ7FXwP3gWDQ36C6eQPBFiCw-zBM1yEn8z_EmIistGfDp-_MpxGUez9-gZDpceCeG8DAlduE9xC0-UBb0nnMEeBuQ-JWhGGmFZQtcRb2Hh_bhZ9IpC_ERr5D2SXg14x0d3HvuHH156lEeyfQgfVAqaHXdQOM-L6cVzvAgPCD5yXMbxBocP73iL4z4SPtKRX_Br_MEtWMdFmM-LkIS-IMyJsmBqeIc7dAyRi6h-eJqCMskO5g_0w__gXHiOH66I_iaO6Ied4BilE98lnCt-nEgPvcgbPEfzDi2LD3nwQzfCo0G_o8GP5kJRF_7x4fiRsYeUHDn24kdz9PiWTHg7_Al8Erly6OmDPEfPHP4c_EayDjmBHz_24CdxhUfyI9TlHM3xH-WFFz1-JOvh4zh-5CH4gxs-_DgP50b0XEZyotGPh8OP8NDyI0-O3MJ76HuINC_OC_-CH-cOTPmH6sJz4THaMImPMPugusgzi_Cz4haO8ceBZNERfsebq6h1o8meJjhzND_q48UzIMmR5saL44tG-MLxH_lynAK0D2F-_ArMB0ef4DiP67B69Dw-NFeIqT3CQ0tO5HPwB9-L8CeSH71x9EngnwhZJHeKqqED63iYo3NEBrk2I_nxDw2XHaEktYgbCZ8Ch_qGnIcuBjn83XgWlIeZJMclHh6jI5m2I6dWPLpwHs3no0ceHvqP_AmeHMd_OCm-RMiFi8FvPMeP8K0E58kxZgv64xiaL-iTa8gJPUqiBNdC_Gi-oH-gF_8inA--ZAm0oFJ25Fp0XBb2B_1WPBouCV5czbiOKsdxHc_h8cezHA8z9MSUZ8GRE0l_NI_Qt2iWxyiZK8R9HIenD1-P98KN5A9yRTXm4ZIROwTzQd8UXK_xHdsD7Qh7-MfXoDk-_PjQvJiW48tw9MH1oD0-_D0YPoWj6wiP5Mdx-OiJ9NBy5EycZDh-oEdzAjcCLTjSH_3RCD1anB9aRDyRHD9-_GiuXah8JGeI_OaA42hy9PhxZsGH-1B-PNeFJyN-3NeQHpcPPcuLkD_8DqEOOX2QRUfDkRp-lBaYPEoO5i6aB7yOPDvechBHBq-OSjh64jX0bEmDH9qPMLrxgD-ao6zxHqWsI4d-hMf3IOmP8O3ApBuuo-VYNGNZvG9QZa2gBz3-o1eE5pRwoj6-44uihMEfbPpRObiLkIKevER0-MckMw9-_PiUBXWSIUwOPUEenMSVHN2yNXB8PLxR3gmmw4wKPzE-FVaYBb2OM0NeEdMvOOqOJzxeaEePKzKeG0-kHv-HhyHRZxSOZs_RShFinfjeCEflZ7BMVMczDVfD43qQJwuSJRR-a0MlOSJe48bd4xGJKf_RH8jS6ISeRNugSQijoWuk45SPvLHAVD0cNYd8ITxO4pKC9kIaPRu0zRaYB3mXw9uUowLTEc0Ydjju6gghagrC6zh-POHxTegXNLmR-FGG-Da-SMH3oovERWgiZtGO77iOh8hDaObQPEEuJcYj7MrSoPIPqzlqvD4uJQmh77i0o4mk8DiTOZhEHcd31CGa8EdGR4LGr2iiXIhIJQ_q6Iim412gTTty5QxyLcHo7ChhokqkHCqjo1fQnLmhJvgbXEpy4aKOZ4i2I18OTqSHZyqmbJqFNsqHuocdBk6mrJja4_JRsYeWZOlxtmgWRsf1g8_R63gGRU-EJsec6MWl5AyeoqkyVM0hR92yYt8ehGSGNHoGPTmqRRGe_HiWIqfhJjl-5AvEM5PwrxF-XNGCc8h3hMlTdH4G_VClpMfzQYd3qM4ejNmPPD2aT0NxCY9MrEKYQzu-BDHv4aWCnmj64glZPEsL__jxnYj0Hhfqo9fh4hcpiBz6GS9Cq2iaSOgLX4qD8NvQTIpyaFNiRP5xB97xxMd1vFGM5lIkVExyHDmLZCGPPsbIaJZRZWLQnB_OrcaVJMqMi0GlQFFU_BSeJ3heXDonPGieo-TxH3mOZBIrNEqWH9fxZ3gYYt9xTseTD30CsZoY_IJ13EedvOhO4T-YjBmebPiPLGQO8SXCH89xbimaT-gZnEmyE98S5BmSKDt6HdeLJ3mG5zl-NM_RH1eaI7mRHk9wvcQTVXiwTsfFxeiR6Ujm0HiOk1nR_AlqZSbOBrWGJmpwEcnCtQhffIlRLjwciimq-Dh2dceTBJF-JMuoGt9yfPnxD70Fq8xRiTmP40eeHeqPMM_RPXiy40lSH5cyAKAEQcABoJAjxgkBlBBEEAEIQIYqgIQA3gokhRAOKY8MQkgwwyRBAjgiDAGSSAacAUAIgAhwxggJhAGKCWIUE4pQxYQBIChDABCAGCEIIAgQQJwShAIgwWFACGAIIhBIBIgmwAhJADCMQOQEAIYRJgQBwlGHAAEMEYKUAYhIgABRAggBCBLGKSEMctQIIoQlmgpHOCTOUSEAEMIIKikQSDiDgFRAOgYkAFcBwKFgyhBjBVFQSACgYkwSY4QwhliIpAEKUkAWMkQAg4ABWijhiBLEOAMMNIgBYQUBwFoAlALECaABM4gwZAw3gDiCFVPECqYAMoAgh5gBzDEjgFMUWSApEIoIBggEFjCmFeRMcAIQMYQJQ6CAxBpFCRICCqKUAQgAIQjU4AJFmHKGQYKAAEgQCwQDiQCCBHIACIIFAQQxhBQCQiKEiCCcAiGgA8wBIgByjiFgGQFKIIGUcMQzAKGEhAIBCAELMEOcYIAowJQ1hBABIGAIIAAYwpIIIUAkTjkEDhAEFAOEYGJJ2BYBUFArvDBQMKKYAwAAR5zACAAsjLPADEIMEQ4IAIQzgClmgBAAOIGNA0AgJAQiRkjhAEHCEAoYMUiAIJlBBApFAEDCACGZQ0QCpoBhxCACgCQCDMkVAc4wICwAhDBkACHCC-YIAAAYoIQURAgAiCZEQIIEUAgIABQwQhgHgABCOAaYEIA4sYAwVDKCCDHEEICIAQQqZQQRhiAAiGBMAWGgE0A4QIggRghDlCEAGAIAAtQRAwAwQAhCDDICKCEYwgYAqoAQBAMBmEFEEgAEUwQoaQyBgAGhgBCGAICoFYAIgRgVwCIADJEACEEJAUoQR50BBAqAkBAKEEMIkIwgAgAAAiMAjEMACoSAQIQQBoCFCAgiATEICAQURAogCYAQQhGEEBAEAA6sIEQQwICQyAirjCPACAS4gEwYhAhQAglkFAJAI2gMYMYZBoQgAA"], "date": ["2003"], "genre": ["World/Soundtrack"], "musicbrainz album type": ["Soundtrack"], "musicip_puid": ["d8cc73ea-fe2a-7c57-43c9-2137d9397499"], "musicbrainz_recordingid": ["0559dc9b-1a5c-4e89-9c55-923c3636f704"], "musicbrainz_albumartistid": ["697f8b9f-0454-40f2-bba2-58f35668cdbe"], "musicbrainz_albumid": ["c3f1b1c8-e827-4fcb-a1a7-d4bf8e559734"], "artist": ["Ravi Shankar"], "tracknumber": ["09"], "bpm": ["105.82"], "album": ["Genesis"], "musicbrainz album release country": ["Argentina"], "acoustid_id": ["9540d1a2-dad6-4608-a205-bdcaa08831ab"], "musicbrainz_artistid": ["697f8b9f-0454-40f2-bba2-58f35668cdbe"], "file_name": "Ravi Shankar - Song in the Fair.mp3"}}, "rhythm": {"bpm_histogram_first_peak_bpm": {"dmean2": 0, "median": 108, "min": 108, "dvar2": 0, "dvar": 0, "dmean": 0, "max": 108, "var": 0, "mean": 108}, "bpm": 106.91545105, "bpm_histogram_second_peak_spread": {"dmean2": 0, "median": 0.559440553188, "min": 0.559440553188, "dvar2": 0, "dvar": 0, "dmean": 0, "max": 0.559440553188, "var": 0, "mean": 0.559440553188}, "bpm_histogram_first_peak_weight": {"dmean2": 0, "median": 0.121813029051, "min": 0.121813029051, "dvar2": 0, "dvar": 0, "dmean": 0, "max": 0.121813029051, "var": 0, "mean": 0.121813029051}, "onset_rate": 4.01404476166, "beats_position": [0.592108845711, 1.19582760334, 1.79954648018, 2.40326523781, 2.99537420273, 3.58748292923, 4.17959165573, 4.73687076569, 5.30575942993, 5.87464857101, 6.44353723526, 7.01242637634, 7.58131504059, 8.15020370483, 8.70748329163, 9.287981987, 9.85687065125, 10.4489793777, 11.0410881042, 11.6448068619, 12.2369155884, 12.840634346, 13.4443531036, 14.0364627838, 14.6285715103, 15.2090702057, 15.7895689011, 16.4165077209, 17.0550556183, 17.6819953918, 18.2973232269, 18.9126529694, 19.5279808044, 20.154920578, 20.7818584442, 21.4087982178, 22.035736084, 22.6278457642, 23.219953537, 23.800453186, 24.3809528351, 24.9614505768, 25.5651702881, 26.1572780609, 26.7726078033, 27.3763256073, 27.9916553497, 28.6069831848, 29.2339229584, 29.8608608246, 30.476190567, 31.079908371, 31.6952381134, 32.2989578247, 32.9142837524, 33.5296134949, 34.1449432373, 34.7138328552, 35.2943305969, 35.8748283386, 36.455329895, 37.0358276367, 37.6279373169, 38.2200431824, 38.8005447388, 39.3810424805, 39.9615402222, 40.4839897156, 41.0180473328, 41.5404968262, 42.0977783203, 42.6550559998, 43.2123336792, 43.7580032349, 44.3152809143, 44.7912902832, 45.2672996521, 45.743309021, 46.2193183899, 46.683719635, 47.1481170654, 47.6241264343, 48.1001358032, 48.5761451721, 49.052154541, 49.5281639099, 50.0157814026, 50.5033988953, 50.8981399536, 51.3044891357, 51.7108383179, 52.1055755615, 52.5003166199, 52.8950538635, 53.2781867981, 53.661315918, 54.0560531616, 54.45079422, 54.8339233398, 55.2170524597, 55.6117897034, 55.9949188232, 56.3780479431, 56.8076171875, 57.2371864319, 57.6783676147, 58.1195449829, 58.5723342896, 59.0251235962, 59.5475730896, 60.0584106445, 60.5808601379, 61.1033096313, 61.6257591248, 62.1482086182, 62.6590461731, 63.1814956665, 63.6923332214, 64.2031707764, 64.714012146, 65.2364578247, 65.7937393188, 66.351020813, 66.9663467407, 67.5816802979, 68.1853942871, 68.8007278442, 69.4276657104, 70.0662155151, 70.7047576904, 71.3433074951, 71.9818572998, 72.6204071045, 73.2589569092, 73.9091110229, 74.6057128906, 75.2907028198, 75.9524688721, 76.6026306152, 77.2992248535, 77.9609985352, 78.6111526489, 79.2497024536, 79.8998641968, 80.526802063, 81.1769561768, 81.8271179199, 82.4772796631, 83.1274337769, 83.7543716431, 84.3813171387, 85.0314712524, 85.6700210571, 86.2969589233, 86.9238967896, 87.5624465942, 88.1893844604, 88.8163223267, 89.4664840698, 90.093421936, 90.7087478638, 91.3240814209, 91.9394073486, 92.5663452148, 93.1932830811, 93.8086166382, 94.4123306274, 95.0160522461, 95.6197738647, 96.2350997925, 96.8736495972, 97.5005874634, 98.104309082, 98.7080230713, 99.3349609375, 99.9619064331, 100.588844299, 101.192558289, 101.796279907, 102.376777649, 102.992103577, 103.607437134, 104.199546814, 104.814872742, 105.41859436, 106.02230835, 106.626029968, 107.229751587, 107.833465576, 108.437187195, 109.040908813, 109.644622803, 110.248344421, 110.840454102, 111.444168091, 112.036277771, 112.628387451, 113.220497131, 113.800994873, 114.404716492, 114.985214233, 115.588935852, 116.181037903, 116.773147583, 117.376869202, 117.957366943, 118.561088562, 119.199638367, 119.838180542, 120.488342285, 121.12689209, 121.742218018, 122.334327698, 122.926437378, 123.50693512, 124.087432861, 124.656326294, 125.225212097, 125.79410553, 126.386207581, 126.955101013, 127.523986816, 128.104492188, 128.6849823, 129.265487671, 129.86920166, 130.496139526, 131.099868774, 131.703582764, 132.318908691, 132.934234619, 133.537963867, 134.130065918, 134.710571289, 135.279449463, 135.836730957, 136.394012451, 136.962905884, 137.531784058, 138.10067749, 138.669570923, 139.226852417, 139.807342529, 140.364624023, 140.921905518, 141.479187012, 142.036453247, 142.593734741, 143.174240112, 143.743133545, 144.312011719, 144.89251709, 145.449798584, 146.007064819, 146.552734375, 147.098403931, 147.655685425, 148.212966919, 148.770248413, 149.350738525, 149.919631958, 150.488525391, 151.069015503, 151.626296997, 152.206802368, 152.764083862, 153.332962036, 153.901855469, 154.48236084, 155.039627075, 155.596908569, 156.154190063, 156.688247681, 157.245529175, 157.79119873, 158.360092163, 158.917373657, 159.474639893, 160.031921387, 160.589202881, 161.134872437, 161.680541992, 162.214599609, 162.771881104, 163.329162598, 163.874832153, 164.420501709, 164.977767944, 165.546661377, 166.150375366, 166.765716553, 167.392654419, 167.973144531, 168.530426025, 169.08770752, 169.644989014, 170.190658569, 170.736328125, 171.293609619, 171.839263916, 172.384933472, 172.919006348, 173.476272583, 174.0103302, 174.567611694, 175.124893188, 175.682174683, 176.239456177, 176.773513794, 177.307571411, 177.841629028, 178.364074707, 178.909744263, 179.44380188, 179.977859497, 180.511917114, 181.04598999, 181.580047607, 182.114105225, 182.624938965, 183.042892456, 183.449249268, 183.85559082, 184.250335693, 184.645080566, 185.039810181, 185.422943115, 185.817687988, 186.224029541, 186.618774414, 187.013504028, 187.408248901, 187.814605713, 188.220947266, 188.615692139, 188.987213135, 189.347122192, 189.718643188, 190.101760864, 190.484893799, 190.868026733, 191.251159668, 191.75038147, 192.26121521, 192.772064209, 193.271286011, 193.770523071, 194.269744873, 194.768981934, 195.268203735, 195.767440796, 196.266662598, 196.765899658, 197.26512146], "beats_loudness": {"dmean2": 0.0223800186068, "median": 0.0102874655277, "min": 2.40731434786e-09, "dvar2": 0.000732339918613, "dvar": 0.000233850252698, "dmean": 0.0124696884304, "max": 0.0991139858961, "var": 0.000298826780636, "mean": 0.016255358234}, "danceability": 1.21774566174, "bpm_histogram_second_peak_weight": {"dmean2": 0, "median": 0.178470253944, "min": 0.178470253944, "dvar2": 0, "dvar": 0, "dmean": 0, "max": 0.178470253944, "var": 0, "mean": 0.178470253944}, "beats_count": 354, "bpm_histogram_second_peak_bpm": {"dmean2": 0, "median": 99, "min": 99, "dvar2": 0, "dvar": 0, "dmean": 0, "max": 99, "var": 0, "mean": 99}, "bpm_histogram_first_peak_spread": {"dmean2": 0, "median": 0.552083313465, "min": 0.552083313465, "dvar2": 0, "dvar": 0, "dmean": 0, "max": 0.552083313465, "var": 0, "mean": 0.552083313465}, "beats_loudness_band_ratio": {"dmean2": [0.301679909229, 0.24399766326, 0.354807972908, 0.287737429142, 0.263895720243, 0.0560414642096], "median": [0.0320126265287, 0.115152582526, 0.296723753214, 0.154593154788, 0.0935280844569, 0.0210694819689], "min": [0.000453733169707, 0.00100018491503, 0.0058004790917, 0.0111327208579, 0.000745350786019, 0.000405634287745], "dvar2": [0.128762230277, 0.0508590079844, 0.075296074152, 0.0687401965261, 0.0718155428767, 0.00488215778023], "dvar": [0.0391040220857, 0.0198126528412, 0.0264900568873, 0.0233649369329, 0.0238219033927, 0.00170707283542], "dmean": [0.156654372811, 0.13838288188, 0.202202618122, 0.160451814532, 0.143353462219, 0.03187424317], "max": [0.958286821842, 0.746903657913, 0.903717398643, 0.93749243021, 0.791589081287, 0.34709662199], "var": [0.0380882620811, 0.0265017449856, 0.0450596287847, 0.030449571088, 0.0238846763968, 0.00234425161034], "mean": [0.121749229729, 0.165680289268, 0.330267876387, 0.209901824594, 0.148644149303, 0.0379051715136]}}, "lowlevel": {"barkbands_spread": {"dmean2": 8.14817333221, "median": 15.5494565964, "min": 0.95364099741, "dvar2": 122.318687439, "dvar": 43.723941803, "dmean": 5.05224609375, "max": 119.967124939, "var": 161.824234009, "mean": 17.746723175}, "melbands_spread": {"dmean2": 14.4491653442, "median": 21.9576759338, "min": 1.17225217819, "dvar2": 359.328491211, "dvar": 152.408355713, "dmean": 9.09749317169, "max": 142.645721436, "var": 293.459197998, "mean": 25.7266483307}, "hfc": {"dmean2": 14.3821983337, "median": 5.69305372238, "min": 1.11263190692e-16, "dvar2": 1031.03015137, "dvar": 406.634185791, "dmean": 8.72754764557, "max": 193.589538574, "var": 427.05178833, "mean": 13.335021019}, "barkbands_kurtosis": {"dmean2": 3.14560103416, "median": 0.642300963402, "min": -1.81308925152, "dvar2": 30.9444217682, "dvar": 12.4621324539, "dmean": 1.95695197582, "max": 99.6246871948, "var": 18.0819568634, "mean": 1.8023365736}, "gfcc": {"mean": [-98.1014709473, 75.7563018799, -167.095596313, 1.35689783096, -72.9639358521, 2.51592063904, -43.6513175964, 3.16944932938, -18.2371616364, 8.20750045776, -7.01796770096, 2.1134660244, -8.28715610504], "icov": [[0.000182827963727, -0.000389876397094, 0.000495785556268, -0.000483101961436, 0.00041256682016, -6.07936199231e-05, 0.000263016059762, -0.000562814646401, 0.00041497964412, -0.000311712996336, 8.36426916067e-05, -0.000114276495879, 0.000523758062627], [-0.000389876397094, 0.00190895865671, -0.00141050782986, 0.00098889763467, -0.000982620869763, 0.000463176431367, -0.00107571785338, 0.00209876545705, -0.00158861535601, 0.00186562037561, -0.00095388648333, 0.00141663255636, -0.00131453550421], [0.000495785556268, -0.00141050782986, 0.00337790045887, -0.002014167374, 4.05764258176e-05, -0.000186884091818, 0.000704204838257, -0.00147231738083, 0.000676189840306, -3.78844379156e-05, 0.000378423457732, -0.0011968879262, 0.0020659158472], [-0.000483101961436, 0.00098889763467, -0.002014167374, 0.00474902708083, -0.00401980057359, 0.00112836982589, 0.000131082750158, 0.000581648608204, -8.50834330777e-05, 0.000421418168116, 0.000420874683186, 0.000104035258119, -0.00016054030857], [0.00041256682016, -0.000982620869763, 4.05764258176e-05, -0.00401980057359, 0.0092048542574, -0.0031138213817, -0.00021311090677, -0.00163219624665, 0.000553253106773, -0.00104162096977, 0.000283478089841, 0.00117514119484, -0.000311686104396], [-6.07936199231e-05, 0.000463176431367, -0.000186884091818, 0.00112836982589, -0.0031138213817, 0.00792669691145, -0.00336492364295, 0.00163084443193, -0.000516861269716, -0.000325982487993, 0.00132051645778, -0.00149683572818, 0.00184806704056], [0.000263016059762, -0.00107571785338, 0.000704204838257, 0.000131082750158, -0.00021311090677, -0.00336492364295, 0.00904026906937, -0.00590053852648, 0.0024086702615, 0.000466933706775, -0.00252608209848, 0.00261462293565, 0.000582147331443], [-0.000562814646401, 0.00209876545705, -0.00147231738083, 0.000581648608204, -0.00163219624665, 0.00163084443193, -0.00590053852648, 0.0138755207881, -0.0053640617989, 0.00206339568831, 0.000602555868682, -0.000186979785212, 0.000207065764698], [0.00041497964412, -0.00158861535601, 0.000676189840306, -8.50834330777e-05, 0.000553253106773, -0.000516861269716, 0.0024086702615, -0.0053640617989, 0.0132263461128, -0.00771754141897, 0.00420268205926, -0.00148725160398, 0.000486615375848], [-0.000311712996336, 0.00186562037561, -3.78844379156e-05, 0.000421418168116, -0.00104162096977, -0.000325982487993, 0.000466933706775, 0.00206339568831, -0.00771754141897, 0.0187512822449, -0.00866890419275, 0.00454661017284, -0.00412915367633], [8.36426916067e-05, -0.00095388648333, 0.000378423457732, 0.000420874683186, 0.000283478089841, 0.00132051645778, -0.00252608209848, 0.000602555868682, 0.00420268205926, -0.00866890419275, 0.0154515700415, -0.00684963772073, 0.00242507504299], [-0.000114276495879, 0.00141663255636, -0.0011968879262, 0.000104035258119, 0.00117514119484, -0.00149683572818, 0.00261462293565, -0.000186979785212, -0.00148725160398, 0.00454661017284, -0.00684963772073, 0.0128803728148, -0.00515331374481], [0.000523758062627, -0.00131453550421, 0.0020659158472, -0.00016054030857, -0.000311686104396, 0.00184806704056, 0.000582147331443, 0.000207065764698, 0.000486615375848, -0.00412915367633, 0.00242507504299, -0.00515331374481, 0.0122271599248]], "cov": [[16273.8984375, 1880.56555176, -842.948486328, 773.409423828, -165.353591919, -154.541763306, 86.4602813721, 216.494689941, -240.268783569, -108.664054871, -32.2348823547, -374.746032715, -509.666320801], [1880.56555176, 1420.48815918, 449.13092041, 256.699157715, 200.897079468, 42.4227371216, 144.64515686, -9.11126232147, -14.7579488754, -113.997688293, -42.1099853516, -170.576797485, -109.828056335], [-842.948486328, 449.13092041, 1006.94476318, 525.89831543, 360.29586792, 116.986190796, 109.367698669, 74.4947738647, -11.9387178421, -112.71206665, -75.5957336426, -67.7353439331, -144.944549561], [773.409423828, 256.699157715, 525.89831543, 743.616699219, 360.472564697, 76.3205566406, 74.7000808716, 85.9839935303, -30.8093338013, -75.7984695435, -78.164932251, -90.4062576294, -138.955383301], [-165.353591919, 200.897079468, 360.29586792, 360.472564697, 355.523529053, 128.429351807, 112.318405151, 67.7977142334, -3.97022795677, -43.0408325195, -51.8733406067, -77.623840332, -81.1105117798], [-154.541763306, 42.4227371216, 116.986190796, 76.3205566406, 128.429351807, 217.500747681, 119.790489197, 39.2333602905, -6.1211605072, -21.812664032, -20.6020030975, -34.3689041138, -61.0730438232], [86.4602813721, 144.64515686, 109.367698669, 74.7000808716, 112.318405151, 119.790489197, 259.25402832, 96.0251083374, -22.1128673553, -32.3156471252, -4.21612596512, -77.1703186035, -76.5844039917], [216.494689941, -9.11126232147, 74.4947738647, 85.9839935303, 67.7977142334, 39.2333602905, 96.0251083374, 143.861572266, 25.7662181854, -13.1198740005, -21.9369354248, -33.1408920288, -47.9937057495], [-240.268783569, -14.7579488754, -11.9387178421, -30.8093338013, -3.97022795677, -6.1211605072, -22.1128673553, 25.7662181854, 127.04598999, 46.5953140259, -12.7622146606, 5.49644088745, 27.2855262756], [-108.664054871, -113.997688293, -112.71206665, -75.7984695435, -43.0408325195, -21.812664032, -32.3156471252, -13.1198740005, 46.5953140259, 110.589691162, 46.9919319153, 20.4993934631, 49.2198066711], [-32.2348823547, -42.1099853516, -75.5957336426, -78.164932251, -51.8733406067, -20.6020030975, -4.21612596512, -21.9369354248, -12.7622146606, 46.9919319153, 120.26990509, 57.8803100586, 27.8818264008], [-374.746032715, -170.576797485, -67.7353439331, -90.4062576294, -77.623840332, -34.3689041138, -77.1703186035, -33.1408920288, 5.49644088745, 20.4993934631, 57.8803100586, 161.442993164, 78.6895828247], [-509.666320801, -109.828056335, -144.944549561, -138.955383301, -81.1105117798, -61.0730438232, -76.5844039917, -47.9937057495, 27.2855262756, 49.2198066711, 27.8818264008, 78.6895828247, 169.267990112]]}, "spectral_energyband_middle_low": {"dmean2": 0.00569177092984, "median": 0.0025493465364, "min": 2.10516165852e-22, "dvar2": 0.000117973388114, "dvar": 4.89999583806e-05, "dmean": 0.003640122246, "max": 0.127563476563, "var": 8.8971130026e-05, "mean": 0.00597342615947}, "melbands_crest": {"dmean2": 6.0582818985, "median": 13.0937147141, "min": 2.51273036003, "dvar2": 28.5020809174, "dvar": 11.7956466675, "dmean": 3.8036441803, "max": 37.2294273376, "var": 33.5337371826, "mean": 14.2571401596}, "spectral_kurtosis": {"dmean2": 3.66774010658, "median": 5.94623613358, "min": -1.18332767487, "dvar2": 11.0652580261, "dvar": 3.91927814484, "dmean": 2.15323472023, "max": 28.1149291992, "var": 9.01011753082, "mean": 6.39574289322}, "spectral_rms": {"dmean2": 0.00106417620555, "median": 0.00253817345947, "min": 3.17287082024e-12, "dvar2": 1.94648509932e-06, "dvar": 9.07382968762e-07, "dmean": 0.00072958052624, "max": 0.0112536763772, "var": 3.747986284e-06, "mean": 0.00298736919649}, "zerocrossingrate": {"dmean2": 0.0120073212311, "median": 0.0576171875, "min": 0, "dvar2": 0.000242968162638, "dvar": 0.00015443204029, "dmean": 0.00967717450112, "max": 0.48486328125, "var": 0.000816693878733, "mean": 0.0612352788448}, "silence_rate_60dB": {"dmean2": 0.145872414112, "median": 0, "min": 0, "dvar2": 0.146874040365, "dvar": 0.0676055476069, "dmean": 0.0729276612401, "max": 1, "var": 0.214697659016, "mean": 0.312192261219}, "erbbands_kurtosis": {"dmean2": 2.0454750061, "median": 0.491749256849, "min": -1.66415607929, "dvar2": 7.51454257965, "dvar": 2.8948340416, "dmean": 1.26812303066, "max": 22.2461071014, "var": 4.55122423172, "mean": 1.02541899681}, "erbbands": {"dmean2": [0.00133935757913, 0.0844817832112, 1.32514202595, 2.14941978455, 0.530789077282, 1.04843521118, 9.66274261475, 21.4847583771, 17.8721656799, 15.5296907425, 31.9134540558, 53.7788200378, 10.6670427322, 10.0349121094, 12.9953136444, 26.7786655426, 48.3076210022, 35.8275375366, 26.266368866, 15.4677619934, 11.9113178253, 64.9761962891, 72.282661438, 49.8555259705, 13.3226528168, 5.53376150131, 5.06506586075, 8.55711174011, 4.56184768677, 2.73415637016, 2.03909420967, 1.57068920135, 0.68959569931, 0.372231632471, 0.135475263, 0.0527018904686, 0.0167077891529, 0.00328790629283, 0.000188465317478, 1.91833496501e-05], "median": [0.000192770443391, 0.00340295210481, 0.0296967513859, 0.0268989130855, 0.0604595839977, 0.383556306362, 1.80347514153, 2.45797157288, 2.66339635849, 2.4988451004, 5.69652271271, 10.8463783264, 2.77494335175, 3.83720588684, 5.82030248642, 6.73485851288, 11.9399290085, 3.69966363907, 7.03081083298, 6.59720277786, 3.81626415253, 3.37114667892, 3.06022953987, 1.92024600506, 2.42401909828, 1.2299683094, 0.705528736115, 0.567235410213, 0.386102259159, 0.246327489614, 0.122947476804, 0.0820646435022, 0.0603100284934, 0.0299119558185, 0.00745185418054, 0.00365294702351, 0.00103653443512, 0.000117173578474, 7.45948727854e-06, 8.26861742098e-06], "min": [2.90778703796e-21, 6.91922203675e-21, 5.28021341306e-20, 6.07814446679e-20, 5.48300029452e-20, 2.28675967346e-19, 2.17998358108e-19, 2.19324819768e-19, 2.35961955127e-19, 3.95959003219e-19, 1.71363605722e-18, 4.46498601272e-19, 1.63878365641e-18, 4.13647092226e-18, 3.07433668774e-18, 3.19534762789e-18, 4.35558693062e-18, 4.68844151398e-18, 9.62810522461e-18, 1.2495485459e-17, 8.23995719041e-18, 1.4312115532e-17, 1.41210516998e-17, 9.2046350731e-18, 1.28206203793e-17, 1.83897569555e-17, 1.43631261061e-17, 1.15014947769e-17, 1.72250155155e-17, 1.86132628114e-17, 1.52898000027e-17, 1.58971623305e-17, 1.84491567953e-17, 1.4033183612e-17, 8.99531701909e-18, 4.09129693464e-18, 3.03980396512e-18, 1.30655276724e-18, 3.15918887498e-19, 3.7674558153e-20], "dvar2": [1.21169414342e-05, 0.0539972670376, 20.5165348053, 125.960998535, 4.85622310638, 6.82371616364, 524.727905273, 3534.29248047, 5083.11572266, 2134.20019531, 9851.73339844, 30412.5742188, 1098.48474121, 603.55480957, 760.299621582, 8037.41943359, 16906.5019531, 13026.5595703, 5540.22900391, 1205.46813965, 839.037597656, 59309.9257813, 58832.1445313, 26848.2148438, 724.79107666, 138.39100647, 233.600540161, 791.291992188, 267.739196777, 77.8885650635, 40.8929290771, 25.3744525909, 4.45021820068, 1.3137319088, 0.190432354808, 0.0321956723928, 0.00334064452909, 0.000174749293365, 1.4778457853e-06, 5.1992410377e-09], "dvar": [6.30410431768e-06, 0.0329790860415, 10.3770713806, 48.2825927734, 1.80790519714, 2.49688863754, 204.613449097, 1388.64587402, 1880.64587402, 842.111755371, 4030.41992188, 13821.09375, 555.318237305, 245.435394287, 355.264129639, 4195.43603516, 7470.43896484, 5095.18457031, 2679.28344727, 555.807617188, 354.418273926, 21784.9277344, 21278.1523438, 9685.10546875, 281.706451416, 56.5388069153, 89.1503372192, 291.592254639, 98.2552719116, 28.7351799011, 15.3990268707, 9.42942523956, 1.68249833584, 0.492101103067, 0.0714284554124, 0.0118938982487, 0.00122610875405, 6.26738838037e-05, 5.10063387082e-07, 1.83530524112e-09], "dmean": [0.000998662319034, 0.0675585195422, 0.974497079849, 1.33872580528, 0.315643161535, 0.631909668446, 5.93164157867, 13.3165330887, 10.5648326874, 9.43772602081, 19.8786468506, 36.2639427185, 7.26131057739, 6.32593345642, 8.69199848175, 17.9032917023, 31.4108810425, 21.4951114655, 16.5730495453, 10.2135620117, 7.34682655334, 36.651008606, 39.7374267578, 27.8509025574, 8.00934410095, 3.41185522079, 2.94348096848, 4.85942602158, 2.62325549126, 1.56344676018, 1.1615486145, 0.888344347477, 0.394948422909, 0.210558533669, 0.0768607258797, 0.0296419952065, 0.00935597904027, 0.00181623920798, 0.000101753175841, 1.17181143651e-05], "max": [0.0612551234663, 5.26704120636, 59.8349456787, 108.00692749, 27.5504112244, 33.3649139404, 417.887268066, 1263.44799805, 1140.7713623, 588.201538086, 2469.71557617, 3068.15576172, 870.608215332, 531.91229248, 500.339660645, 2627.55981445, 1910.1015625, 2042.40710449, 1948.57043457, 1001.58441162, 511.36227417, 2286.46337891, 2033.23168945, 1441.37463379, 224.986022949, 96.2330780029, 191.447540283, 278.616912842, 281.83493042, 133.784896851, 68.1351394653, 41.0077705383, 18.7045898438, 9.35909366608, 3.85820102692, 1.7164837122, 0.508522987366, 0.148772507906, 0.0187744591385, 0.0014103759313], "var": [1.98255893338e-05, 0.123919151723, 23.7480545044, 41.6845817566, 1.33977115154, 2.23119497299, 275.028839111, 1666.78540039, 1331.39868164, 939.004272461, 7590.85107422, 29293.5234375, 1168.32019043, 695.246032715, 798.302001953, 10138.4589844, 19080.3085938, 5754.19628906, 5663.96679688, 1601.91625977, 673.241699219, 14126.2919922, 13270.4541016, 6127.20214844, 393.866668701, 78.1851196289, 66.4080047607, 192.564025879, 66.0214385986, 19.4838409424, 10.6570692062, 6.34597206116, 1.18721878529, 0.338244706392, 0.0493061505258, 0.00789148081094, 0.000801511574537, 3.84545382985e-05, 2.81365004184e-07, 1.33485378306e-09], "mean": [0.00191065575927, 0.13339291513, 1.67634117603, 1.36807668209, 0.314499437809, 0.808030128479, 7.65682411194, 16.0457668304, 10.4152927399, 10.4345321655, 28.3691005707, 57.9018707275, 11.8455600739, 11.5893630981, 15.023103714, 31.7966690063, 54.2197036743, 25.8071212769, 24.1919002533, 22.6972007751, 10.925825119, 27.0102519989, 27.2972660065, 20.6738891602, 11.1377334595, 4.8824467659, 2.9471886158, 3.757553339, 2.31610703468, 1.36776852608, 0.90467518568, 0.667321681976, 0.335925370455, 0.173469662666, 0.0601972565055, 0.0229870416224, 0.00705781206489, 0.00125988246873, 6.94461123203e-05, 1.83977699635e-05]}, "spectral_strongpeak": {"dmean2": 1.13617897034, "median": 0.804659903049, "min": 0, "dvar2": 2.81607532501, "dvar": 1.10046756268, "dmean": 0.684980750084, "max": 12.6644573212, "var": 2.09878969193, "mean": 1.31519556046}, "spectral_energy": {"dmean2": 0.00962095055729, "median": 0.00660338252783, "min": 1.03187865281e-20, "dvar2": 0.000257904204773, "dvar": 0.000112376677862, "dmean": 0.00631270278245, "max": 0.129811361432, "var": 0.00025976888719, "mean": 0.0129891475663}, "average_loudness": 0.689979076385, "spectral_rolloff": {"dmean2": 867.293640137, "median": 1507.32421875, "min": 21.533203125, "dvar2": 3055132.5, "dvar": 1051879.875, "dmean": 510.445648193, "max": 19896.6796875, "var": 1584170.625, "mean": 1756.82629395}, "spectral_centroid": {"dmean2": 483.999237061, "median": 1340.00732422, "min": 228.820098877, "dvar2": 327104.59375, "dvar": 158337.703125, "dmean": 313.59664917, "max": 10966.0566406, "var": 391202.4375, "mean": 1462.76623535}, "pitch_salience": {"dmean2": 0.124003514647, "median": 0.519718050957, "min": 0.0939647331834, "dvar2": 0.0122419307008, "dvar": 0.00498831178993, "dmean": 0.0782357379794, "max": 0.847363293171, "var": 0.0135778514668, "mean": 0.520202696323}, "spectral_energyband_middle_high": {"dmean2": 0.00478949490935, "median": 0.00183585542254, "min": 1.63410489265e-21, "dvar2": 0.000107431718789, "dvar": 4.20044671046e-05, "dmean": 0.00292350468226, "max": 0.071555763483, "var": 5.25644209119e-05, "mean": 0.00470275757834}, "spectral_contrast_coeffs": {"dmean2": [0.0819469243288, 0.0873595252633, 0.066010043025, 0.0561012141407, 0.0471277572215, 0.0307515803725], "median": [-0.598602175713, -0.680676221848, -0.717126250267, -0.694053590298, -0.744352579117, -0.753191709518], "min": [-0.965840041637, -0.956066310406, -0.973472177982, -0.964329898357, -0.961776018143, -0.959786176682], "dvar2": [0.00446185842156, 0.00530409021303, 0.00296754576266, 0.00225367513485, 0.00198442372493, 0.000769810285419], "dvar": [0.00178353302181, 0.00209319218993, 0.00123476504814, 0.000943651946727, 0.000735637033358, 0.000323533226037], "dmean": [0.0505800694227, 0.0547727160156, 0.0418123565614, 0.035656388849, 0.0289683584124, 0.0194453578442], "max": [-0.317652314901, -0.331514060497, -0.381028920412, -0.475568771362, -0.568104445934, -0.586470723152], "var": [0.00916955713183, 0.00873377826065, 0.00670289574191, 0.00592052703723, 0.00280427210964, 0.00193886016496], "mean": [-0.60568523407, -0.678160727024, -0.71249037981, -0.696094870567, -0.744900226593, -0.751457989216]}, "melbands_skewness": {"dmean2": 1.01734304428, "median": 1.1616756916, "min": -2.12210607529, "dvar2": 1.14342033863, "dvar": 0.474256724119, "dmean": 0.658620715141, "max": 10.6164779663, "var": 1.34906744957, "mean": 1.34646213055}, "spectral_spread": {"dmean2": 548731.25, "median": 3363682.5, "min": 1916519.125, "dvar2": 427589435392, "dvar": 258919776256, "dmean": 346775.84375, "max": 39839360, "var": 1195351736320.0, "mean": 3571654.25}, "dissonance": {"dmean2": 0.047247800976, "median": 0.453707575798, "min": 0.187845855951, "dvar2": 0.00183557183482, "dvar": 0.000670231529512, "dmean": 0.0282774828374, "max": 0.500000119209, "var": 0.00150232261512, "mean": 0.445544242859}, "spectral_skewness": {"dmean2": 0.433953434229, "median": 1.78311419487, "min": 0.00530417310074, "dvar2": 0.143562078476, "dvar": 0.0571300685406, "dmean": 0.26541402936, "max": 3.91526532173, "var": 0.203879117966, "mean": 1.81471562386}, "spectral_flux": {"dmean2": 0.0344131663442, "median": 0.0457951240242, "min": 1.01581430767e-10, "dvar2": 0.00161401380319, "dvar": 0.000827735522762, "dmean": 0.0226054899395, "max": 0.333644211292, "var": 0.00253196014091, "mean": 0.060823187232}, "spectral_contrast_valleys": {"dmean2": [0.782651901245, 0.69556170702, 0.552277445793, 0.610278844833, 0.601317107677, 0.613763213158], "median": [-9.78870010376, -7.46366119385, -8.00113773346, -8.54012680054, -8.59360122681, -11.3384571075], "min": [-26.9874038696, -27.7051086426, -27.1065177917, -27.0696163177, -27.1801261902, -27.2312412262], "dvar2": [0.413286566734, 0.348108977079, 0.212363630533, 0.328115582466, 0.39928200841, 0.494074374437], "dvar": [0.177276790142, 0.165669292212, 0.104917757213, 0.166363939643, 0.229315936565, 0.280664116144], "dmean": [0.489254564047, 0.451484084129, 0.353114187717, 0.406100481749, 0.41066634655, 0.422352105379], "max": [-6.48886966705, -4.61666870117, -5.61258888245, -5.71779251099, -5.61469936371, -7.91607904434], "var": [2.59944725037, 2.4609837532, 1.9032099247, 1.86719429493, 2.04605102539, 1.67495930195], "mean": [-10.1093244553, -7.7555603981, -8.26404571533, -8.72372341156, -8.7695941925, -11.4230012894]}, "erbbands_flatness_db": {"dmean2": 0.0290482901037, "median": 0.225763499737, "min": 0.0340131372213, "dvar2": 0.000729411025532, "dvar": 0.000321720697684, "dmean": 0.0189586132765, "max": 0.403818041086, "var": 0.00262877484784, "mean": 0.226462230086}, "spectral_energyband_high": {"dmean2": 0.000479952810565, "median": 5.89605988353e-05, "min": 7.52130289394e-21, "dvar2": 1.85038925338e-06, "dvar": 7.17087914381e-07, "dmean": 0.00027857456007, "max": 0.0157016571611, "var": 5.3636500752e-07, "mean": 0.000257917068666}, "spectral_entropy": {"dmean2": 0.321458220482, "median": 7.10024785995, "min": 5.54411649704, "dvar2": 0.0922182127833, "dvar": 0.0443183332682, "dmean": 0.214777171612, "max": 9.80826950073, "var": 0.25066319108, "mean": 7.11041784286}, "silence_rate_20dB": {"dmean2": 0, "median": 1, "min": 1, "dvar2": 0, "dvar": 0, "dmean": 0, "max": 1, "var": 0, "mean": 1}, "melbands_flatness_db": {"dmean2": 0.0460561551154, "median": 0.193208903074, "min": 0.00677762599662, "dvar2": 0.00212699803524, "dvar": 0.00104511040263, "dmean": 0.0309635419399, "max": 0.416999876499, "var": 0.00334890116937, "mean": 0.195750519633}, "barkbands": {"dmean2": [9.24509186007e-06, 0.000203308329219, 0.00152167922352, 0.000509212783072, 0.000267085677478, 0.00230951025151, 0.00122708955314, 0.00118399877101, 0.00193931465037, 0.000297495658742, 0.000304337387206, 0.000605984125286, 0.00100206839852, 0.000741707975976, 0.000347901601344, 0.000253967737081, 0.00114218390081, 0.00133825710509, 0.000447417638497, 0.000133142180857, 0.000177926529432, 0.00011920522229, 7.16398644727e-05, 5.63715548196e-05, 2.55547292909e-05, 1.01628374978e-05, 1.27742168843e-06], "median": [4.03130907216e-05, 9.02769716049e-06, 2.70204545814e-05, 2.71794260698e-06, 8.79197323229e-05, 0.000332058843924, 0.000159463379532, 9.87930689007e-05, 0.000380471552489, 6.09715280007e-05, 9.51475376496e-05, 9.56308795139e-05, 0.000184489152161, 4.96375614603e-05, 0.00013124148245, 8.8723609224e-05, 6.36017794022e-05, 4.20065953222e-05, 4.30326617789e-05, 2.27655564231e-05, 1.31488432089e-05, 1.18762027341e-05, 4.