{"metadata": {"tags": {"label": ["RCA Victor"], "releasecountry": ["US"], "musicbrainz_releasetrackid": ["113811f3-2ae9-3e1c-8abc-907ef337c82a"], "catalognumber": ["09026-62707-2"], "releasestatus": ["official"], "releasetype": ["album"], "originalyear": ["1996"], "tracknumber": ["1"], "disctotal": ["1"], "musicbrainz_albumartistid": ["89ad4ac3-39f7-470e-963a-56509c546377"], "album": ["The Songs of West Side Story"], "script": ["Latn"], "albumartistsort": ["Various Artists"], "acoustid_id": ["199fdf38-bafb-464a-afb5-a0cd526592eb"], "musicbrainz_artistid": ["ef9df4c9-0e76-451b-b174-2244bcc31f0c"], "musicbrainz_albumid": ["9b0b92f2-9872-4bfb-a659-8711793d7ee4"], "musicbrainz_recordingid": ["05638a5c-6c59-4d64-9aa3-4d71b5450d4a"], "albumartist": ["Various Artists"], "barcode": ["090266270729"], "originaldate": ["1996-01-30"], "totaltracks": ["16"], "artist": ["All 4 One"], "isrc": ["USBC19501430"], "artistsort": ["All\u20104\u2010One"], "title": ["Something's Coming"], "asin": ["B000003FRP"], "tracktotal": ["16"], "musicbrainz_releasegroupid": ["bc0ea993-5e91-391a-a2c6-6deb01645504"], "totaldiscs": ["1"], "compilation": ["1"], "date": ["1996-01-30"], "media": ["CD"], "file_name": "df38bafb464aafb5a0cd526592eb.flac", "discnumber": ["1"]}, "audio_properties": {"sample_rate": 44100, "downmix": "mix", "lossless": true, "analysis_sample_rate": 44100, "md5_encoded": "847d1fc32b858f6e81c3197ce77ebeff", "equal_loudness": 0, "replay_gain": -9.3090133667, "codec": "flac", "bit_rate": 0, "length": 282.373321533}, "version": {"extractor": "music 1.0", "essentia_build_sha": "2d9f1f26377add8aeb1075a9c2973f962c4f09fd", "essentia_git_sha": "v2.1_beta2-1-ge3940c0", "essentia": "2.1-beta2"}}, "rhythm": {"beats_loudness_band_ratio": {"dvar2": [0.235375881195, 0.0284643694758, 0.0477601066232, 0.0247066151351, 0.0187588445842, 0.020415848121], "var": [0.108143240213, 0.0134353758767, 0.0258322879672, 0.0150027470663, 0.0110922968015, 0.0119683714584], "min": [0, 0, 0, 0, 0, 0], "dmean": [0.377638280392, 0.120099201798, 0.152401179075, 0.131601005793, 0.138420253992, 0.121597655118], "mean": [0.317375898361, 0.144906491041, 0.170252650976, 0.141046896577, 0.118544198573, 0.138728097081], "max": [0.980061352253, 0.68900001049, 0.920766711235, 0.599875867367, 0.72771602869, 0.659038126469], "dmean2": [0.681516051292, 0.210260510445, 0.238919407129, 0.211497232318, 0.261159688234, 0.221111521125], "median": [0.174107596278, 0.121046632528, 0.11558958143, 0.116086103022, 0.101895414293, 0.118534207344], "dvar": [0.0975579842925, 0.0102838538587, 0.017653087154, 0.00893515348434, 0.00658307177946, 0.0073598860763]}, "bpm_histogram_first_peak_weight": {"dvar2": 0, "var": 0, "min": 0.541666686535, "dmean": 0, "mean": 0.541666686535, "max": 0.541666686535, "dmean2": 0, "median": 0.541666686535, "dvar": 0}, "bpm": 102.238372803, "beats_count": 481, "bpm_histogram_first_peak_spread": {"dvar2": 0, "var": 0, "min": 0.444444477558, "dmean": 0, "mean": 0.444444477558, "max": 0.444444477558, "dmean2": 0, "median": 0.444444477558, "dvar": 0}, "danceability": 1.204687953, "bpm_histogram_first_peak_bpm": {"dvar2": 0, "var": 0, "min": 101, "dmean": 0, "mean": 101, "max": 101, "dmean2": 0, "median": 101, "dvar": 0}, "beats_position": [0.53405892849, 1.07972788811, 1.63700675964, 2.19428563118, 2.76317453384, 3.34367346764, 3.92417216301, 4.5046710968, 5.0967798233, 5.6888885498, 6.26938772202, 6.84988641739, 7.44199514389, 8.03410434723, 8.6146030426, 9.19510173798, 9.77560043335, 10.3677091599, 10.95981884, 11.5403175354, 12.1324262619, 12.7245349884, 13.3050336838, 13.8855323792, 14.4776411057, 15.0697498322, 15.6502494812, 16.2307472229, 16.8228569031, 17.4149665833, 17.995464325, 18.575963974, 19.1680717468, 19.760181427, 20.3406791687, 20.9327888489, 21.5248966217, 22.1053962708, 22.6858959198, 23.2780036926, 23.8701133728, 24.4506111145, 25.0427207947, 25.6348285675, 26.2153282166, 26.7958278656, 27.3879356384, 27.9800453186, 28.5605430603, 29.1410427094, 29.7331504822, 30.3252601624, 30.9057598114, 31.4978675842, 32.0899772644, 32.6704750061, 33.2625846863, 33.8546943665, 34.4351921082, 35.0156898499, 35.60779953, 36.1999092102, 36.7804069519, 37.3725166321, 37.9646263123, 38.545124054, 39.1372337341, 39.7293434143, 40.309841156, 40.8903388977, 41.4824485779, 42.0745582581, 42.6550559998, 43.2471656799, 43.8392753601, 44.4197731018, 45.011882782, 45.6039886475, 46.1844902039, 46.7649879456, 47.3570976257, 47.9492073059, 48.5297050476, 49.1102027893, 49.7023124695, 50.2944221497, 50.8749198914, 51.4670295715, 52.0591392517, 52.6396369934, 53.2201347351, 53.8122444153, 54.4043540955, 54.9848518372, 55.5653495789, 56.157459259, 56.7495689392, 57.3300666809, 57.9221763611, 58.5142860413, 59.1063919067, 59.6868934631, 60.2789993286, 60.8711090088, 61.463218689, 62.0437164307, 62.6242179871, 63.2047157288, 63.7852134705, 64.3773193359, 64.9694290161, 65.5499343872, 66.142036438, 66.7341461182, 67.3146438599, 67.90675354, 68.4988632202, 69.0793609619, 69.659866333, 70.2519683838, 70.844078064, 71.4245758057, 72.0166854858, 72.608795166, 73.1892929077, 73.7697982788, 74.3619003296, 74.9540100098, 75.5345077515, 76.1150131226, 76.7071151733, 77.2992248535, 77.8797302246, 78.4718322754, 79.0639419556, 79.6444396973, 80.2365493774, 80.8286590576, 81.4091567993, 81.9896621704, 82.5817642212, 83.1738739014, 83.7543716431, 84.3464813232, 84.9385910034, 85.5190887451, 86.0995864868, 86.691696167, 87.2838058472, 87.8643035889, 88.456413269, 89.0485229492, 89.6290206909, 90.2211303711, 90.8132400513, 91.393737793, 91.9742355347, 92.5547409058, 93.1468429565, 93.7389526367, 94.3310623169, 94.9231719971, 95.5036697388, 96.0841674805, 96.6762771606, 97.2683868408, 97.8488845825, 98.4293823242, 99.0214920044, 99.6136016846, 100.194099426, 100.774604797, 101.366706848, 101.958816528, 102.53931427, 103.13142395, 103.711929321, 104.304031372, 104.896141052, 105.488250732, 106.068748474, 106.660858154, 107.252967834, 107.833465576, 108.425575256, 109.017684937, 109.598182678, 110.17868042, 110.7707901, 111.36289978, 111.943397522, 112.523895264, 113.116004944, 113.708114624, 114.288612366, 114.869110107, 115.461219788, 116.053329468, 116.633827209, 117.214332581, 117.806434631, 118.398544312, 118.979042053, 119.571151733, 120.163261414, 120.743759155, 121.324264526, 121.916366577, 122.508476257, 123.088973999, 123.681083679, 124.273193359, 124.853691101, 125.445800781, 126.037910461, 126.618408203, 127.198905945, 127.791015625, 128.383132935, 128.963623047, 129.544128418, 130.136230469, 130.728347778, 131.320449829, 131.912567139, 132.493057251, 133.073562622, 133.665664673, 134.246170044, 134.838272095, 135.418777466, 136.010879517, 136.602996826, 137.183486938, 137.775604248, 138.367706299, 138.94821167, 139.540313721, 140.13243103, 140.712921143, 141.293426514, 141.885528564, 142.477645874, 143.058135986, 143.650253296, 144.242355347, 144.822860718, 145.40335083, 145.99546814, 146.58757019, 147.168075562, 147.748565674, 148.340682983, 148.932785034, 149.513290405, 150.093780518, 150.685897827, 151.277999878, 151.858505249, 152.438995361, 153.042724609, 153.623214722, 154.203720093, 154.795822144, 155.387939453, 155.968429565, 156.560546875, 157.152648926, 157.733154297, 158.325256348, 158.917373657, 159.49786377, 160.078369141, 160.670471191, 161.262588501, 161.843078613, 162.423583984, 163.015686035, 163.607803345, 164.188293457, 164.780410767, 165.372512817, 165.953018188, 166.533508301, 167.12562561, 167.717727661, 168.298233032, 168.890335083, 169.482452393, 170.062942505, 170.643447876, 171.235549927, 171.827667236, 172.408157349, 173.000274658, 173.592376709, 174.17288208, 174.764984131, 175.35710144, 175.937591553, 176.518096924, 177.110198975, 177.702316284, 178.282806396, 178.863311768, 179.44380188, 180.035919189, 180.62802124, 181.22013855, 181.812240601, 182.392745972, 182.984848022, 183.576965332, 184.157455444, 184.737960815, 185.318450928, 185.910568237, 186.502670288, 187.083175659, 187.67527771, 188.26739502, 188.847885132, 189.440002441, 190.032104492, 190.612609863, 191.193099976, 191.785217285, 192.377319336, 192.957824707, 193.538314819, 194.130432129, 194.72253418, 195.314651489, 195.90675354, 196.487258911, 197.079360962, 197.671463013, 198.251968384, 198.832473755, 199.424575806, 200.005081177, 200.597183228, 201.177688599, 201.769790649, 202.361907959, 202.942398071, 203.522903442, 204.115005493, 204.707122803, 205.287612915, 205.868118286, 206.460220337, 207.052337646, 207.632827759, 208.224945068, 208.817047119, 209.39755249, 209.989654541, 210.581771851, 211.162261963, 211.754379272, 212.346481323, 212.926986694, 213.507476807, 214.099594116, 214.691696167, 215.272201538, 215.85269165, 216.44480896, 217.036911011, 217.617416382, 218.197906494, 218.790023804, 219.382125854, 219.962631226, 220.554733276, 221.146850586, 221.727340698, 222.307846069, 222.89994812, 223.49206543, 224.072555542, 224.664672852, 225.256774902, 225.837280273, 226.417770386, 227.009887695, 227.601989746, 228.182495117, 228.774597168, 229.366714478, 229.94720459, 230.527709961, 231.119812012, 231.711929321, 232.292419434, 232.884536743, 233.476638794, 234.057144165, 234.649246216, 235.241363525, 235.821853638, 236.402359009, 236.982849121, 237.574966431, 238.167068481, 238.747573853, 239.339675903, 239.920181274, 240.512283325, 241.092788696, 241.684890747, 242.277008057, 242.857498169, 243.449615479, 244.041717529, 244.6222229, 245.202713013, 245.794830322, 246.386932373, 246.967437744, 247.547927856, 248.140045166, 248.732147217, 249.324264526, 249.916366577, 250.496871948, 251.077362061, 251.66947937, 252.261581421, 252.842086792, 253.422576904, 254.014694214, 254.606796265, 255.187301636, 255.767791748, 256.359893799, 256.952026367, 257.532501221, 258.124633789, 258.705108643, 259.297241211, 259.877716064, 260.469848633, 261.061950684, 261.642456055, 262.234558105, 262.826660156, 263.418762207, 263.999267578, 264.591369629, 265.171875, 265.752380371, 266.344482422, 266.936584473, 267.517089844, 268.109191895, 268.701324463, 269.281799316, 269.862304688, 270.454406738, 271.046539307, 271.62701416, 272.207519531, 272.799621582, 273.39175415, 273.972229004, 274.564361572, 275.156463623, 275.736968994, 276.305847168, 276.863128662, 277.432006836, 277.954467773, 278.476898193, 279.010955811, 279.545043945, 280.079101563, 280.61315918, 281.147216797, 281.681274414], "beats_loudness": {"dvar2": 0.00844728667289, "var": 0.00260801939294, "min": 0, "dmean": 0.0460333637893, "mean": 0.0486327037215, "max": 0.324486196041, "dmean2": 0.0777878090739, "median": 0.03486482054, "dvar": 0.00312108895741}, "bpm_histogram_second_peak_weight": {"dvar2": 0, "var": 0, "min": 0.0125000001863, "dmean": 0, "mean": 0.0125000001863, "max": 0.0125000001863, "dmean2": 0, "median": 0.0125000001863, "dvar": 0}, "bpm_histogram_second_peak_spread": {"dvar2": 0, "var": 0, "min": 0.5, "dmean": 0, "mean": 0.5, "max": 0.5, "dmean2": 0, "median": 0.5, "dvar": 0}, "bpm_histogram_second_peak_bpm": {"dvar2": 0, "var": 0, "min": 112, "dmean": 0, "mean": 112, "max": 112, "dmean2": 0, "median": 112, "dvar": 0}, "onset_rate": 4.44421672821}, "lowlevel": {"spectral_energyband_high": {"dvar2": 9.26473057916e-06, "var": 6.60970590616e-06, "min": 7.3401996152e-21, "dmean": 0.000837619823869, "mean": 0.00131375296041, "max": 0.0409138016403, "dmean2": 0.00120796740521, "median": 0.000537100480869, "dvar": 4.27632312494e-06}, "spectral_energyband_middle_low": {"dvar2": 0.000187025652849, "var": 9.59312092164e-05, "min": 2.15915092022e-22, "dmean": 0.00416399119422, "mean": 0.00879088509828, "max": 0.112518176436, "dmean2": 0.00678331265226, "median": 0.00599956838414, "dvar": 6.9695932325e-05}, "spectral_energy": {"dvar2": 0.00129745469894, "var": 0.000898316851817, "min": 1.00058739575e-20, "dmean": 0.0123023483902, "mean": 0.0265731122345, "max": 0.318623811007, "dmean2": 0.0199809744954, "median": 0.0179246813059, "dvar": 0.000489561061841}, "spectral_spread": {"dvar2": 1585791238140.0, "var": 6830975614980.0, "min": 1158404.875, "dmean": 756386.8125, "mean": 6526278.5, "max": 42177300, "dmean2": 1088815.75, "median": 6050904, "dvar": 808008876032}, "spectral_energyband_low": {"dvar2": 0.00112939835526, "var": 0.000608906149864, "min": 1.09224876299e-23, "dmean": 0.00820767320693, "mean": 0.0119595900178, "max": 0.300167292356, "dmean2": 0.0138723840937, "median": 0.00244385795668, "dvar": 0.000409999542171}, "spectral_rolloff": {"dvar2": 5264291.5, "var": 6256253, "min": 21.533203125, "dmean": 753.536315918, "mean": 1989.99987793, "max": 21274.8046875, "dmean2": 1241.7791748, "median": 1270.45898438, "dvar": 2424808}, "barkbands": {"dvar2": [2.55958675552e-05, 0.00090258900309, 6.06701796642e-05, 4.08123232774e-05, 3.30146067427e-05, 3.58279862667e-06, 7.01848694007e-06, 8.55159851199e-06, 1.1603281564e-05, 3.68440441889e-06, 4.32091928815e-06, 2.50625248555e-06, 3.43557940141e-06, 2.34816207012e-06, 2.00339741241e-06, 7.93387016529e-07, 5.45029195109e-07, 5.60388343729e-07, 4.44569849378e-07, 5.02411296566e-07, 3.13000299457e-07, 2.16359211436e-07, 6.25507937002e-07, 5.56838017474e-07, 4.99067596138e-07, 5.71181644204e-08, 3.23552633574e-08], "var": [7.44698627386e-06, 0.000453451444628, 1.84207201528e-05, 9.42154292716e-06, 1.28019582917e-05, 3.56112491318e-06, 3.95867255065e-06, 1.16507344501e-05, 1.23655927382e-05, 8.79684557731e-06, 3.91171033698e-06, 3.12285988002e-06, 3.14213752972e-06, 2.79152959592e-06, 2.50281846093e-06, 1.15702221137e-06, 7.17010436802e-07, 4.08330834034e-07, 2.44474705369e-07, 3.30701652729e-07, 2.68646061841e-07, 1.28543931055e-07, 2.62326722122e-07, 3.73318727043e-07, 3.61663552439e-07, 3.79733116063e-08, 1.69995715282e-08], "min": [5.97933689191e-25, 2.92520056341e-24, 9.57532382962e-25, 7.72104907948e-25, 1.41689374002e-23, 1.54546591912e-23, 6.99856569184e-24, 1.09646735445e-23, 2.24905316929e-23, 1.82301353353e-23, 3.13845408134e-23, 2.47825528536e-23, 3.12247302158e-23, 4.05089509607e-23, 5.14632281074e-23, 6.05511076839e-23, 6.93379768717e-23, 1.48661165755e-22, 1.39393804545e-22, 1.50164949211e-22, 3.01766256357e-22, 3.92746152536e-22, 4.71682023337e-22, 5.97873565369e-22, 8.91705143197e-22, 1.24838073813e-21, 1.90401346204e-21], "dmean": [0.000936702417675, 0.00673609413207, 0.00129697623197, 0.000882438442204, 0.00154440454207, 0.000604950590059, 0.000676486757584, 0.000761020404752, 0.000869213312399, 0.000489288649987, 0.000315616489388, 0.000388542684959, 0.000440767325927, 0.000379435135983, 0.000345565436874, 0.000209121091757, 0.000187907207874, 0.000191211409401, 0.000164169323398, 0.000174332948518, 0.000127823514049, 0.000113747824798, 0.000161328833201, 0.000154715104145, 0.000163514981978, 6.11897266936e-05, 5.39945795026e-05], "mean": [0.000982537399977, 0.00902900286019, 0.00151536683552, 0.000987176084891, 0.00233570579439, 0.00115102285054, 0.00100202555768, 0.00129618716892, 0.00159311282914, 0.000970268039964, 0.000511998368893, 0.000657664844766, 0.000717529677786, 0.000596868281718, 0.000580150808673, 0.000354189862264, 0.000321140745655, 0.000296809157589, 0.000226751551963, 0.000267955067102, 0.000182267162018, 0.000183436495718, 0.000229742508964, 0.000216089334572, 0.000228080578381, 7.98590263003e-05, 5.74362566113e-05], "max": [0.0417972914875, 0.29347422719, 0.0865859538317, 0.0610823817551, 0.0618660114706, 0.0333482399583, 0.0369794815779, 0.070135101676, 0.0838809385896, 0.086483694613, 0.0855865254998, 0.0497459173203, 0.0368292443454, 0.0374187864363, 0.0231569688767, 0.022948987782, 0.0207913964987, 0.00854367949069, 0.0180041491985, 0.0143642276525, 0.0238387659192, 0.0120693836361, 0.01249783393, 0.0138674415648, 0.0160171091557, 0.00495935883373, 0.00174628139939], "dmean2": [0.00173227430787, 0.0113619705662, 0.00216050655581, 0.00155341404025, 0.00260969204828, 0.000967109808698, 0.00110167334788, 0.0011738674948, 0.00134912901558, 0.000747536541894, 0.000490948033985, 0.000611411756836, 0.000702065648511, 0.000594172277488, 0.000537283194717, 0.000314345146762, 0.000290507014142, 0.000297645543469, 0.000256656756392, 0.000269215204753, 0.000192158840946, 0.00017259750166, 0.000254987564404, 0.000233310493059, 0.000241239875322, 9.00761660887e-05, 8.09131961432e-05], "median": [4.7346293286e-05, 0.00105249299668, 0.000162624259247, 0.000146076490637, 0.00124179432169, 0.000584366149269, 0.000310779287247, 0.000236355728703, 0.000340151134878, 0.000203872739803, 8.95237753866e-05, 0.00015117386647, 0.000136166258017, 0.000121325996588, 0.0001085228796, 6.1204242229e-05, 6.64314866299e-05, 7.24529527361e-05, 6.48895947961e-05, 6.91374589223e-05, 5.15746942256e-05, 7.26384605514e-05, 7.92861683294e-05, 6.71392626828e-05, 7.44279022911e-05, 2.40241315623e-05, 7.72932071413e-06], "dvar": [7.65684944781e-06, 0.000332813331624, 2.26662450586e-05, 1.42828712342e-05, 1.2179368241e-05, 1.37285007895e-06, 2.69865040536e-06, 3.7197171423e-06, 4.7070252549e-06, 1.6625367607e-06, 1.83625877526e-06, 1.08520623598e-06, 1.38275208883e-06, 1.01478838133e-06, 9.38180107823e-07, 3.76069976937e-07, 2.46449360475e-07, 2.39344899455e-07, 1.84247625157e-07, 2.18606814428e-07, 1.49980934339e-07, 9.14699498367e-08, 2.43645501996e-07, 2.59691262272e-07, 2.29302528965e-07, 2.73472835488e-08, 1.47273233608e-08]}, "melbands_skewness": {"dvar2": 4.70005989075, "var": 14.4135541916, "min": -3.5036303997, "dmean": 1.00008571148, "mean": 3.21452188492, "max": 66.8684692383, "dmean2": 1.54915750027, "median": 2.38706350327, "dvar": 2.09019088745}, "barkbands_skewness": {"dvar2": 2.01427102089, "var": 3.33342456818, "min": -6.2242898941, "dmean": 0.711286723614, "mean": 1.81605422497, "max": 20.124206543, "dmean2": 1.10389399529, "median": 1.50534033775, "dvar": 0.842232108116}, "erbbands": {"dvar2": [1.38532269001, 41.2541542053, 86.5962753296, 259.251739502, 360.597106934, 433.24810791, 754.67590332, 215.634429932, 1102.39501953, 2306.26928711, 5426.05517578, 5862.0078125, 5168.14306641, 2828.77636719, 4249.98095703, 4494.41455078, 6154.68212891, 5823.65722656, 3544.97241211, 4342.34130859, 1461.84521484, 1486.61547852, 1422.46459961, 1188.28491211, 1323.51330566, 1575.44970703, 707.962890625, 486.949615479, 251.214187622, 204.285018921, 708.557373047, 253.894668579, 202.708374023, 91.7492218018, 14.9367170334, 1.93005144596, 0.163006544113, 0.0167505033314, 0.00124180410057, 2.97645146929e-06], "var": [0.630176842213, 19.6879177094, 31.4893913269, 66.9650115967, 91.0125579834, 172.628082275, 684.556152344, 136.726425171, 662.868896484, 1528.78210449, 7528.07617188, 7321.52685547, 9968.53222656, 5584.15185547, 3954.52563477, 6096.91650391, 6845.7578125, 8884.73632813, 3603.33203125, 12332.1425781, 1825.54943848, 1831.40966797, 1042.68701172, 791.254638672, 767.745117188, 832.452636719, 489.077423096, 362.383483887, 156.655776978, 139.649505615, 262.649902344, 152.323059082, 131.620422363, 63.9070587158, 11.6966962814, 1.34229433537, 0.0983944311738, 0.00920877698809, 0.000587209884543, 1.83934582765e-06], "min": [1.09645821944e-22, 4.67356541221e-22, 1.34034440065e-21, 8.96309243411e-21, 1.54229376174e-20, 3.28491515821e-20, 4.65710730491e-20, 7.42873718287e-20, 1.63908371618e-19, 1.19419005209e-19, 2.73739190305e-19, 5.73958396572e-19, 5.09912128187e-19, 1.16671860847e-18, 9.2566959597e-19, 1.45092835436e-18, 2.27295583849e-18, 1.72655299948e-18, 2.95491600232e-18, 3.54510254514e-18, 4.52247392792e-18, 4.86995637323e-18, 7.58101518828e-18, 7.04424528108e-18, 9.26114722537e-18, 7.26785867044e-18, 9.78036187842e-18, 8.88476763895e-18, 1.25311361162e-17, 1.143908979e-17, 1.40741257436e-17, 1.20762107676e-17, 8.5501077339e-18, 8.24276546858e-18, 6.56828142072e-18, 4.02685542902e-18, 2.46728165749e-18, 1.15494358905e-18, 2.33764446432e-19, 2.60262266164e-20], "dmean": [0.263215720654, 1.3421061039, 1.66968750954, 2.33752822876, 3.27822995186, 5.72286748886, 6.87909030914, 4.72517490387, 8.92643165588, 10.8910503387, 18.5851612091, 19.417142868, 16.5139980316, 12.5036287308, 11.7711315155, 16.6409168243, 19.1362991333, 19.8084564209, 16.2315826416, 14.2629203796, 9.66139602661, 9.67559337616, 9.58773517609, 8.76128292084, 8.20537948608, 8.51847457886, 6.17013645172, 4.66706466675, 4.07316827774, 3.99024152756, 4.90797376633, 3.04689383507, 3.04208159447, 2.18182754517, 0.858185529709, 0.322818517685, 0.102393582463, 0.0362821221352, 0.0102982865646, 0.000536503677722], "mean": [0.337971389294, 1.69212114811, 2.05073952675, 2.85924839973, 4.43951940536, 8.12633323669, 11.8363847733, 8.21969127655, 13.5748529434, 17.6384277344, 32.5216827393, 37.2755584717, 34.9093322754, 24.8180713654, 21.4584617615, 29.7754154205, 34.1747093201, 34.5343894958, 28.4247150421, 28.9299812317, 17.884098053, 16.600271225, 15.8240432739, 13.1156520844, 12.6951265335, 12.8426542282, 8.31618976593, 7.02979516983, 6.60070943832, 6.31514358521, 6.6930346489, 4.26305150986, 4.02693080902, 3.02930402756, 1.2011474371, 0.427534282207, 0.131184250116, 0.0410870499909, 0.0105147175491, 0.000616616685875], "max": [8.761095047, 72.2896957397, 108.916496277, 159.04309082, 177.159164429, 281.965759277, 430.063110352, 225.670166016, 519.599853516, 998.248596191, 1961.47497559, 1252.75744629, 2189.31445313, 2485.45727539, 2533.56298828, 2246.98803711, 1408.13317871, 2174.16723633, 1008.32440186, 2191.79760742, 455.251586914, 1431.7911377, 452.478790283, 463.618499756, 1220.93395996, 1006.64031982, 748.865722656, 806.090332031, 313.679931641, 190.270080566, 386.923522949, 291.396972656, 286.647644043, 235.193252563, 84.7666549683, 43.2056884766, 4.70331192017, 1.41980099678, 0.331973522902, 0.0135581186041], "dmean2": [0.452975749969, 2.22885298729, 2.72228741646, 3.98508310318, 5.69735813141, 9.60107803345, 11.4572563171, 7.61498975754, 14.5927591324, 17.0346221924, 28.6539764404, 29.6281509399, 25.6940422058, 19.0414505005, 18.3409919739, 26.0531387329, 29.6877574921, 30.556842804, 25.07554245, 21.0811233521, 14.7460451126, 14.5453853607, 14.9872055054, 13.4941959381, 12.5987768173, 13.2134046555, 9.35358142853, 7.02283096313, 6.22833061218, 6.05578041077, 7.92090892792, 4.71591758728, 4.60431861877, 3.20430254936, 1.29094803333, 0.480277359486, 0.150019988418, 0.0534391440451, 0.0156207187101, 0.000807588745374], "median": [0.0295326039195, 0.209966227412, 0.291923254728, 0.513243079185, 1.66210007668, 3.83817839622, 4.57515716553, 4.53709220886, 4.82203102112, 5.42893123627, 7.5323343277, 8.93621826172, 7.39949321747, 6.69103813171, 5.65060853958, 7.57890987396, 7.36373567581, 7.20271492004, 7.42226982117, 4.80234575272, 3.59041976929, 3.67122554779, 4.17249107361, 3.92216396332, 3.56907582283, 3.25872850418, 2.07762622833, 2.2353913784, 2.58204078674, 2.35558128357, 2.20154619217, 1.34402298927, 1.15639925003, 0.948355138302, 0.390782773495, 0.129178360105, 0.0367621704936, 0.00863825529814, 0.00142093957402, 8.76416888786e-05], "dvar": [0.464269429445, 16.1081123352, 33.638381958, 93.078666687, 125.180198669, 163.059738159, 280.938293457, 82.5363082886, 423.97857666, 932.684143066, 2380.06030273, 2468.1394043, 2078.89575195, 1315.4128418, 1736.9083252, 1979.55249023, 2562.57666016, 2645.77832031, 1525.46569824, 2121.42919922, 649.200622559, 722.467834473, 600.692626953, 507.085266113, 536.140136719, 647.350769043, 315.833557129, 223.734481812, 105.786590576, 89.4539642334, 270.390563965, 114.726234436, 93.2958755493, 42.5324478149, 6.78261041641, 0.896923005581, 0.0765548273921, 0.00782697182149, 0.000547289673705, 1.40875636134e-06]}, "silence_rate_30dB": {"dvar2": 0.0503972955048, "var": 0.0221040993929, "min": 0, "dmean": 0.0208864398301, "mean": 0.977388560772, "max": 1, "dmean2": 0.0417763143778, "median": 1, "dvar": 0.0204530302435}, "melbands_spread": {"dvar2": 560.898925781, "var": 740.287719727, "min": 0.203466132283, "dmean": 9.26545715332, "mean": 27.4373607635, "max": 316.517333984, "dmean2": 14.3376245499, "median": 20.3102798462, "dvar": 254.984909058}, "melbands_crest": {"dvar2": 32.6404151917, "var": 53.0976715088, "min": 1.54243707657, "dmean": 3.72482633591, "mean": 15.5365533829, "max": 39.9818763733, "dmean2": 6.05280685425, "median": 14.096072197, "dvar": 12.4544706345}, "zerocrossingrate": {"dvar2": 0.000535261060577, "var": 0.00356744485907, "min": 0, "dmean": 0.0174630507827, "mean": 0.0843407288194, "max": 0.52099609375, "dmean2": 0.0198560617864, "median": 0.0703125, "dvar": 0.0004495458561}, "barkbands_kurtosis": {"dvar2": 520.414855957, "var": 323.982757568, "min": -1.95227015018, "dmean": 5.31624984741, "mean": 7.62702465057, "max": 505.18447876, "dmean2": 8.67146492004, "median": 2.34383916855, "dvar": 201.110534668}, "spectral_flux": {"dvar2": 0.00278569338843, "var": 0.00364231131971, "min": 6.54558698909e-11, "dmean": 0.0279130395502, "mean": 0.081734828651, "max": 0.436329871416, "dmean2": 0.0426719114184, "median": 0.0672695785761, "dvar": 0.00132314313669}, "barkbands_crest": {"dvar2": 17.3302879333, "var": 25.2670288086, "min": 1.87862193584, "dmean": 2.80085539818, "mean": 10.6191072464, "max": 26.6930847168, "dmean2": 4.514108181, "median": 9.53203392029, "dvar": 7.18615198135}, "barkbands_flatness_db": {"dvar2": 0.00174545438495, "var": 0.00372800347395, "min": 0.0100999586284, "dmean": 0.0261948946863, "mean": 0.123658210039, "max": 0.556838929653, "dmean2": 0.03978548944, "median": 0.11460980773, "dvar": 0.000766228477005}, "spectral_entropy": {"dvar2": 0.0712244734168, "var": 0.211253792048, "min": 5.18535280228, "dmean": 0.180321887136, "mean": 7.7460474968, "max": 9.82232093811, "dmean2": 0.255668252707, "median": 7.77085494995, "dvar": 0.0375127904117}, "pitch_salience": {"dvar2": 0.0145374564454, "var": 0.023069569841, "min": 0.0168956648558, "dmean": 0.0782619193196, "mean": 0.540970921516, "max": 0.918501257896, "dmean2": 0.125570431352, "median": 0.562866568565, "dvar": 0.00606825714931}, "erbbands_spread": {"dvar2": 311.329437256, "var": 624.007263184, "min": 3.60325860977, "dmean": 10.0337934494, "mean": 44.5690689087, "max": 192.909103394, "dmean2": 14.9838275909, "median": 39.3282051086, "dvar": 149.416625977}, "dynamic_complexity": 3.9859290123, "spectral_contrast_valleys": {"dvar2": [0.478318423033, 0.427461922169, 0.418002605438, 0.410670310259, 0.386854320765, 0.247874170542], "var": [4.07659435272, 2.50459671021, 2.40735960007, 2.38521695137, 2.21422171593, 2.01801919937], "min": [-28.0440006256, -27.9911899567, -27.6527690887, -27.5971088409, -27.4248352051, -27.4027729034], "dmean": [0.485049009323, 0.450130671263, 0.432484120131, 0.41525760293, 0.367442756891, 0.336787849665], "mean": [-8.10547924042, -7.23220014572, -7.8581829071, -8.17520427704, -7.95283412933, -9.74078941345], "max": [-4.77947711945, -4.15642595291, -4.99875736237, -5.32556581497, -5.16741800308, -7.06649827957], "dmean2": [0.742388129234, 0.690350413322, 0.651438951492, 0.61126190424, 0.51171040535, 0.430200278759], "median": [-7.67225933075, -7.02471446991, -7.71494865417, -8.10079193115, -7.91077661514, -9.57753658295], "dvar": [0.264254957438, 0.203299283981, 0.203623697162, 0.209827393293, 0.193398162723, 0.146244257689]}, "hfc": {"dvar2": 1196.67272949, "var": 985.447692871, "min": 1.09571335024e-16, "dmean": 11.0249710083, "mean": 23.395149231, "max": 328.636352539, "dmean2": 15.8252248764, "median": 13.2882175446, "dvar": 551.388183594}, "spectral_kurtosis": {"dvar2": 2.80280089378, "var": 4.50573301315, "min": -1.28298616409, "dmean": 0.879984080791, "mean": 3.2338654995, "max": 54.290687561, "dmean2": 1.3636623621, "median": 3.01639175415, "dvar": 1.30407357216}, "mfcc": {"mean": [-660.58996582, 92.6559677124, 11.8351707458, 6.60930776596, 0.171980947256, 0.97928994894, -2.3546693325, -0.795193433762, -2.98020195961, 1.12579095364, 2.90102100372, -2.43258881569, -0.965664386749], "cov": [[8544.58789063, 357.543304443, -404.732788086, -252.16784668, 85.7508392334, 80.6397094727, 116.260604858, 123.252006531, 58.001499176, 162.178497314, 151.15385437, -5.31910037994, 38.8402175903], [357.543304443, 1246.52929688, 267.307983398, 129.717895508, 135.126815796, 154.800598145, 104.532142639, 94.3525009155, 27.3251342773, 33.51745224, 46.2437934875, -9.9853515625, 4.29490423203], [-404.732788086, 267.307983398, 1064.04418945, 469.498199463, 319.107147217, 219.650024414, 151.792221069, 96.6470718384, 67.6443252563, 24.003490448, 12.2784318924, 75.886756897, 33.3593444824], [-252.16784668, 129.717895508, 469.498199463, 686.79296875, 344.289367676, 146.077636719, 68.9680480957, 91.8898849487, 113.80254364, 29.6130619049, -16.5624904633, 70.8226928711, 45.5282821655], [85.7508392334, 135.126815796, 319.107147217, 344.289367676, 491.627838135, 191.955657959, 31.8053207397, 117.929679871, 146.638442993, 36.599105835, 43.9965934753, 45.0058174133, 44.4625434875], [80.6397094727, 154.800598145, 219.650024414, 146.077636719, 191.955657959, 312.733856201, 181.097961426, 101.437347412, 95.4347000122, 87.6739196777, 64.9217758179, 60.3082046509, 31.2530956268], [116.260604858, 104.532142639, 151.792221069, 68.9680480957, 31.8053207397, 181.097961426, 317.085327148, 79.072303772, 66.6564712524, 82.6018447876, 55.5058174133, 65.4998855591, 35.7412338257], [123.252006531, 94.3525009155, 96.6470718384, 91.8898849487, 117.929679871, 101.437347412, 79.072303772, 196.155227661, 86.7265167236, 55.6939125061, 62.849193573, 40.1703033447, 34.156879425], [58.001499176, 27.3251342773, 67.6443252563, 113.80254364, 146.638442993, 95.4347000122, 66.6564712524, 86.7265167236, 183.762985229, 85.7339706421, 44.679473877, 36.3935890198, 27.3851032257], [162.178497314, 33.51745224, 24.003490448, 29.6130619049, 36.599105835, 87.6739196777, 82.6018447876, 55.6939125061, 85.7339706421, 188.467422485, 56.4577903748, 26.4382629395, 16.3446807861], [151.15385437, 46.2437934875, 12.2784318924, -16.5624904633, 43.9965934753, 64.9217758179, 55.5058174133, 62.849193573, 44.679473877, 56.4577903748, 136.069442749, 48.9910316467, 22.332118988], [-5.31910037994, -9.9853515625, 75.886756897, 70.8226928711, 45.0058174133, 60.3082046509, 65.4998855591, 40.1703033447, 36.3935890198, 26.4382629395, 48.9910316467, 117.126037598, 44.4026756287], [38.8402175903, 4.29490423203, 33.3593444824, 45.5282821655, 44.4625434875, 31.2530956268, 35.7412338257, 34.156879425, 27.3851032257, 16.3446807861, 22.332118988, 44.4026756287, 100.279876709]], "icov": [[0.000128028157633, -3.88225817005e-05, 6.71303860145e-05, 5.30681863893e-05, -0.000103502934508, 4.33338827861e-05, -6.44358806312e-05, -3.82181460736e-05, 6.6359018092e-05, -9.44516723393e-05, -6.07765905443e-05, 3.05189314531e-05, -2.86860449705e-05], [-3.88225817005e-05, 0.000928896653932, -0.000171872365172, -6.45498585072e-05, -7.52344385546e-06, -0.00029097427614, -9.34332929319e-05, -0.000258671847405, 0.000216586442548, 5.54162397748e-05, -0.000258962216321, 0.000539475062396, 2.77821054624e-05], [6.71303860145e-05, -0.000171872365172, 0.00159468222409, -0.000746030942537, -0.000504981260747, -0.000298913364531, -0.000458850699943, -4.71221937914e-05, 0.000599391234573, 5.46117080376e-05, 0.000117871641123, -0.000305235153064, 0.000222545757424], [5.30681863893e-05, -6.45498585072e-05, -0.000746030942537, 0.00299783959053, -0.00158943259157, 0.000388706772355, -0.000170876111952, -0.000222081856919, -0.000360061298124, -0.000273672601907, 0.00157482177019, -0.0012026525801, -8.57915219967e-05], [-0.000103502934508, -7.52344385546e-06, -0.000504981260747, -0.00158943259157, 0.00520312320441, -0.00248895585537, 0.001945672906, -0.000543354428373, -0.00250039342791, 0.00122564495541, -0.000932815368287, 0.0008564608288, -0.000798088964075], [4.33338827861e-05, -0.00029097427614, -0.000298913364531, 0.000388706772355, -0.00248895585537, 0.00740572158247, -0.00326395174488, -0.000488009362016, 0.000227841170272, -0.00132666854188, -0.000396214512875, -0.000771965249442, 0.000627756002359], [-6.44358806312e-05, -9.34332929319e-05, -0.000458850699943, -0.000170876111952, 0.001945672906, -0.00326395174488, 0.00590721005574, -0.000584099441767, -0.000842383888084, -0.000492321443744, -9.61363621172e-05, -0.00111423176713, -0.000667660147883], [-3.82181460736e-05, -0.000258671847405, -4.71221937914e-05, -0.000222081856919, -0.000543354428373, -0.000488009362016, -0.000584099441767, 0.00789199583232, -0.00196897331625, -2.53010421147e-05, -0.00210593105294, 8.82114982232e-05, -0.000972810317762], [6.6359018092e-05, 0.000216586442548, 0.000599391234573, -0.000360061298124, -0.00250039342791, 0.000227841170272, -0.000842383888084, -0.00196897331625, 0.0101777082309, -0.00331833376549, -5.86076021136e-05, -0.00052764674183, -5.42256675544e-05], [-9.44516723393e-05, 5.54162397748e-05, 5.46117080376e-05, -0.000273672601907, 0.00122564495541, -0.00132666854188, -0.000492321443744, -2.53010421147e-05, -0.00331833376549, 0.00802790746093, -0.00198557251133, 0.000705822545569, -7.82101997174e-05], [-6.07765905443e-05, -0.000258962216321, 0.000117871641123, 0.00157482177019, -0.000932815368287, -0.000396214512875, -9.61363621172e-05, -0.00210593105294, -5.86076021136e-05, -0.00198557251133, 0.0114858131856, -0.00411906093359, 0.000174724758836], [3.05189314531e-05, 0.000539475062396, -0.000305235153064, -0.0012026525801, 0.0008564608288, -0.000771965249442, -0.00111423176713, 8.82114982232e-05, -0.00052764674183, 0.000705822545569, -0.00411906093359, 0.013485151343, -0.00418413523585], [-2.86860449705e-05, 2.77821054624e-05, 0.000222545757424, -8.57915219967e-05, -0.000798088964075, 0.000627756002359, -0.000667660147883, -0.000972810317762, -5.42256675544e-05, -7.82101997174e-05, 0.000174724758836, -0.00418413523585, 0.0125157898292]]}, "silence_rate_20dB": {"dvar2": 0, "var": 0, "min": 1, "dmean": 0, "mean": 1, "max": 1, "dmean2": 0, "median": 1, "dvar": 0}, "melbands_kurtosis": {"dvar2": 7966.80859375, "var": 31298.8945313, "min": -1.8699144125, "dmean": 16.3997688293, "mean": 33.3353843689, "max": 4763.5625, "dmean2": 26.341506958, "median": 8.29554176331, "dvar": 3590.28076172}, "barkbands_spread": {"dvar2": 212.480575562, "var": 264.220245361, "min": 0.578248679638, "dmean": 7.80458021164, "mean": 25.1977539063, "max": 144.394638062, "dmean2": 12.0095043182, "median": 21.8029747009, "dvar": 94.7447509766}, "erbbands_skewness": {"dvar2": 0.33993139863, "var": 0.809604108334, "min": -4.39873027802, "dmean": 0.385326951742, "mean": 0.541764140129, "max": 5.33427667618, "dmean2": 0.577977120876, "median": 0.554009318352, "dvar": 0.168420672417}, "average_loudness": 0.863473951817, "spectral_centroid": {"dvar2": 297253.25, "var": 898746.4375, "min": 187.194595337, "dmean": 286.489440918, "mean": 1499.23120117, "max": 11720.5048828, "dmean2": 429.161468506, "median": 1332.73754883, "dvar": 150442.59375}, "dissonance": {"dvar2": 0.00103461323306, "var": 0.00111740233842, "min": 0.246352016926, "dmean": 0.0201608091593, "mean": 0.457598060369, "max": 0.500000119209, "dmean2": 0.0330721251667, "median": 0.465395957232, "dvar": 0.000397430645535}, "erbbands_flatness_db": {"dvar2": 0.000632418552414, "var": 0.00220309616998, "min": 0.0196194164455, "dmean": 0.0181188844144, "mean": 0.133938908577, "max": 0.348538428545, "dmean2": 0.0254268348217, "median": 0.128054440022, "dvar": 0.000346013170201}, "spectral_strongpeak": {"dvar2": 2.05323123932, "var": 2.04654097557, "min": 0, "dmean": 0.48065084219, "mean": 0.979409813881, "max": 15.5537195206, "dmean2": 0.811089038849, "median": 0.430712878704, "dvar": 0.802129030228}, "spectral_rms": {"dvar2": 4.37723565483e-06, "var": 6.30296472082e-06, "min": 3.12439245483e-12, "dmean": 0.00100542965811, "mean": 0.00442968448624, "max": 0.0176310092211, "dmean2": 0.00156429409981, "median": 0.00418180506676, "dvar": 1.77122115019e-06}, "silence_rate_60dB": {"dvar2": 0.0803467035294, "var": 0.111247971654, "min": 0, "dmean": 0.038154758513, "mean": 0.127528369427, "max": 1, "dmean2": 0.0763157904148, "median": 0, "dvar": 0.036700822413}, "melbands": {"dvar2": [8.61556691234e-05, 3.06005895254e-05, 7.85063184594e-06, 1.55004477165e-06, 1.0367447203e-06, 1.13773758414e-07, 2.50821159398e-07, 2.71435823151e-07, 3.93720767988e-07, 2.3823982076e-07, 1.27638443814e-07, 4.99222316819e-08, 8.9938744452e-08, 2.86264132399e-08, 3.25842641757e-08, 2.85507013587e-08, 2.32071606376e-08, 9.97970062144e-09, 1.03239701232e-08, 4.99133356868e-09, 2.46567011253e-09, 2.1619763757e-09, 1.48754308871e-09, 1.54407131525e-09, 8.21755441471e-10, 8.57761806028e-10, 5.24797760804e-10, 8.53850601334e-10, 3.30467597731e-10, 2.50312021111e-10, 1.94488189442e-10, 1.17126308652e-10, 6.32184166127e-11, 7.31310151325e-11, 2.30982580285e-10, 2.53200155287e-10, 8.92308935074e-11, 9.06828362401e-11, 1.78636938575e-10, 5.3537039385e-11], "var": [4.11695255025e-05, 1.45464673551e-05, 1.96590622181e-06, 5.56626844173e-07, 6.85989903104e-07, 7.70131691752e-08, 1.51538799287e-07, 2.04716684493e-07, 5.00858845953e-07, 2.83834765469e-07, 2.53085374879e-07, 1.04344415774e-07, 6.95297330822e-08, 3.52030440354e-08, 3.90950347651e-08, 3.02119573803e-08, 3.49924214049e-08, 9.16079745394e-09, 1.46365346509e-08, 1.4304361251e-08, 2.49284948239e-09, 2.72670397372e-09, 1.23630350402e-09, 9.75155955985e-10, 5.24845611416e-10, 4.08405892438e-10, 4.30262853124e-10, 4.042478019e-10, 1.914786385e-10, 2.00154906538e-10, 1.16876924805e-10, 6.28530560931e-11, 3.91333250527e-11, 4.85241083426e-11, 8.82523359946e-11, 9.30254345777e-11, 5.57934601297e-11, 5.66969318716e-11, 1.1130876082e-10, 3.42421299648e-11], "min": [1.21585977613e-24, 6.34856619683e-25, 2.34054300883e-24, 1.54824779766e-24, 2.21794455783e-24, 2.02556879596e-24, 2.36972731245e-24, 1.46805190221e-24, 1.72029145855e-24, 3.39992502605e-24, 1.98692861388e-24, 4.51101510067e-24, 4.18189168139e-24, 2.70320248291e-24, 4.17505935709e-24, 4.20377704948e-24, 2.66714305929e-24, 3.77503824724e-24, 4.9396813277e-24, 2.64191055437e-24, 4.4744253653e-24, 4.18296729323e-24, 4.24353130037e-24, 6.39176402278e-24, 4.97930304996e-24, 4.70283649053e-24, 5.32919954346e-24, 3.86785009932e-24, 4.93552758061e-24, 4.66856442851e-24, 4.30227501097e-24, 5.93875630923e-24, 5.76475292063e-24, 6.39185395293e-24, 6.65587110398e-24, 7.32549568338e-24, 6.36699891796e-24, 4.85339887733e-24, 6.76952702776e-24, 6.55439440371e-24], "dmean": [0.00210086908191, 0.00115792744327, 0.000415753544075, 0.000311061943648, 0.000254191108979, 0.000109107262688, 0.000135353926453, 0.000123391626403, 0.000159266302944, 0.000121891505842, 8.28029733384e-05, 5.20193243574e-05, 4.32920533058e-05, 4.07633269788e-05, 4.58842987427e-05, 4.2465122533e-05, 3.80597011826e-05, 2.67715167865e-05, 2.35830357269e-05, 1.61155203386e-05, 1.19910073408e-05, 1.0726698747e-05, 9.85954466159e-06, 9.59318276728e-06, 7.18172850611e-06, 6.08802929492e-06, 6.01166448178e-06, 6.11297582509e-06, 4.18819308834e-06, 3.27163502334e-06, 2.68897474598e-06, 2.51211508839e-06, 2.08916821975e-06, 2.34606795857e-06, 2.83161762127e-06, 2.58383442997e-06, 1.73988155439e-06, 1.82338044397e-06, 3.05325806949e-06, 1.49765844526e-06], "mean": [0.00277796620503, 0.00149824365508, 0.0005176748964, 0.000454726541648, 0.000412877765484, 0.000193468586076, 0.00020637093985, 0.000202292794711, 0.000277028535493, 0.000228256190894, 0.000169807070051, 9.9293072708e-05, 7.35178837203e-05, 6.82372192387e-05, 8.12327707536e-05, 7.08083171048e-05, 6.25510729151e-05, 4.37697308371e-05, 4.01153993153e-05, 3.14575263474e-05, 2.02523769985e-05, 1.74212273123e-05, 1.58285729412e-05, 1.43549050335e-05, 1.00799661595e-05, 8.42744793772e-06, 9.67024061538e-06, 8.38385767565e-06, 5.24952884007e-06, 4.41481370217e-06, 4.01028864871e-06, 3.90657169191e-06, 3.21780999002e-06, 3.60312310477e-06, 3.95589495383e-06, 3.19960599882e-06, 2.39931296164e-06, 2.40872736867e-06, 3.72213958144e-06, 2.15726481656e-06], "max": [0.0780521482229, 0.0607754401863, 0.0251500532031, 0.0116735417396, 0.0123433088884, 0.00512422900647, 0.00768388481811, 0.0100444285199, 0.0160309802741, 0.0105384141207, 0.0108501072973, 0.0118962591514, 0.0123550416902, 0.0034300214611, 0.00531501229852, 0.004168