{"tonal": {"thpcp": [1, 0.899998664856, 0.556956768036, 0.483335375786, 0.44113817811, 0.462965995073, 0.631184220314, 0.622592806816, 0.628394365311, 0.88546526432, 0.797853529453, 0.482774317265, 0.44660782814, 0.538517594337, 0.740804255009, 0.876877307892, 0.703752696514, 0.420925050974, 0.292414218187, 0.293118834496, 0.422478109598, 0.782739639282, 0.771955728531, 0.450285285711, 0.446036815643, 0.432964533567, 0.417070478201, 0.510825395584, 0.45427647233, 0.391854405403, 0.510971009731, 0.482649207115, 0.391512215137, 0.495108902454, 0.574199736118, 0.714602530003], "hpcp": {"dmean2": [0.290360897779, 0.223202541471, 0.179235547781, 0.156442239881, 0.158926069736, 0.169867143035, 0.228357002139, 0.249970793724, 0.192278862, 0.188434243202, 0.182049259543, 0.174854695797, 0.187900409102, 0.186248555779, 0.162518545985, 0.175402581692, 0.1664621979, 0.172239616513, 0.223876655102, 0.26454102993, 0.295045822859, 0.347169607878, 0.338499069214, 0.265339076519, 0.250383913517, 0.22130432725, 0.216359004378, 0.241331130266, 0.241416171193, 0.259336620569, 0.302918195724, 0.259778290987, 0.207965165377, 0.225701645017, 0.253216654062, 0.291731476784], "median": [0.053233243525, 0.0337275713682, 0.0209751036018, 0.0125343892723, 0.0109851174057, 0.0270401462913, 0.0649340748787, 0.0645235255361, 0.0379193425179, 0.0172886550426, 0.0205108709633, 0.0253308936954, 0.0237172245979, 0.0224586222321, 0.0256993509829, 0.0264101326466, 0.0255985744298, 0.0244877878577, 0.023952530697, 0.0274722781032, 0.0544358491898, 0.0982890054584, 0.0870721936226, 0.0379848740995, 0.0159619469196, 0.0145417358726, 0.032890137285, 0.0499000996351, 0.052058711648, 0.057589430362, 0.0731770545244, 0.0594824142754, 0.0411504171789, 0.0309460796416, 0.0401267185807, 0.0514833405614], "min": [0, 0, 0, 0, 0, 0, 0, 0, 0, 0, 0, 0, 0, 0, 0, 0, 0, 0, 0, 0, 0, 0, 0, 0, 0, 0, 0, 0, 0, 0, 0, 0, 0, 0, 0, 0], "dvar2": [0.14820201695, 0.109536886215, 0.0961499139667, 0.0845824927092, 0.0843145176768, 0.0733911246061, 0.0932108089328, 0.115016527474, 0.0868130624294, 0.0989680811763, 0.0891408473253, 0.0827448293567, 0.0929968878627, 0.0933130607009, 0.0788974612951, 0.0818296819925, 0.0740420892835, 0.0901965200901, 0.126738712192, 0.149112701416, 0.152895882726, 0.178343966603, 0.182992130518, 0.146792337298, 0.154622212052, 0.132005661726, 0.113656401634, 0.115039497614, 0.116110384464, 0.124736972153, 0.155460879207, 0.128380984068, 0.0958214923739, 0.118845753372, 0.130257233977, 0.143642425537], "dvar": [0.0562446601689, 0.0427047461271, 0.0362361706793, 0.0315623320639, 0.031444363296, 0.0288374405354, 0.0393753834069, 0.0449608080089, 0.0303754173219, 0.0398597978055, 0.0354057177901, 0.0311015825719, 0.0360445603728, 0.0366022661328, 0.0301885660738, 0.0313708484173, 0.0292215198278, 0.0341765321791, 0.0485028922558, 0.0589281059802, 0.0605114288628, 0.0672059506178, 0.0656627118587, 0.0530095398426, 0.0623323917389, 0.0519585572183, 0.0426623411477, 0.0454692915082, 0.0432805754244, 0.0470218211412, 0.0584145709872, 0.0501265712082, 0.0355201028287, 0.0441221185029, 0.0484195388854, 0.0581406913698], "dmean": [0.16631090641, 0.12875752151, 0.102303735912, 0.0872386842966, 0.0876864120364, 0.099259622395, 0.136787846684, 0.146400421858, 0.110213153064, 0.108486227691, 0.105582281947, 0.0996692180634, 0.108806580305, 0.107424475253, 0.0937704071403, 0.103494480252, 0.0989996492863, 0.0984926223755, 0.126934617758, 0.151175796986, 0.169739976525, 0.20140966773, 0.194037854671, 0.148318439722, 0.138382941484, 0.124193392694, 0.122974403203, 0.138753890991, 0.138443097472, 0.147225379944, 0.17498549819, 0.15238673985, 0.118025861681, 0.123939536512, 0.144567415118, 0.169631123543], "max": [1, 1, 1, 1, 1, 1, 1, 1, 1, 1, 1, 1, 1, 1, 1, 1, 1, 1, 1, 1, 1, 1, 1, 1, 1, 1, 1, 1, 1, 1, 1, 1, 1, 1, 1, 1], "var": [0.0947871282697, 0.0801821351051, 0.0392965078354, 0.0258793309331, 0.0278792008758, 0.0332302190363, 0.0737699121237, 0.072485409677, 0.030734680593, 0.0468750931323, 0.0397246032953, 0.0324064716697, 0.0487824864686, 0.0417137742043, 0.0316215194762, 0.0503936782479, 0.0448710732162, 0.0336335636675, 0.0500655770302, 0.0611610971391, 0.0688205063343, 0.0952425152063, 0.0825375840068, 0.0500602461398, 0.0603484809399, 0.0519237853587, 0.0401928238571, 0.0577727779746, 0.0553635247052, 0.0518005974591, 0.087639182806, 0.0812781825662, 0.0357810035348, 0.0390453115106, 0.0470901802182, 0.0732486024499], "mean": [0.216060549021, 0.173403054476, 0.103714965284, 0.072050191462, 0.0722238048911, 0.104097634554, 0.192865252495, 0.190208122134, 0.110949262977, 0.109902448952, 0.106681466103, 0.102765209973, 0.1258662045, 0.111932680011, 0.0965520292521, 0.125902086496, 0.118923656642, 0.0964677110314, 0.12199369818, 0.141481503844, 0.176076427102, 0.246397703886, 0.221757605672, 0.137232869864, 0.119092725217, 0.108695432544, 0.114073760808, 0.155522346497, 0.153405442834, 0.154834926128, 0.218176603317, 0.196589276195, 0.118954479694, 0.110043145716, 0.132689505816, 0.182532474399]}, "tuning_equal_tempered_deviation": 0.132604807615, "chords_changes_rate": 0.0929088294506, "key_key": "E", "tuning_diatonic_strength": 0.484526723623, "key_scale": "minor", "chords_number_rate": 0.00463096983731, "tuning_frequency": 434.946166992, "tuning_nontempered_energy_ratio": 0.858519971371, "chords_histogram": [21.5918960571, 6.7438492775, 0.173661366105, 1.70767009258, 4.51519536972, 14.4717798233, 1.21562957764, 5.64399433136, 2.43125915527, 9.40665721893, 1.12879884243, 0, 0.115774236619, 0.463096946478, 1.36034727097, 1.41823446751, 4.74674367905, 1.1577423811, 0.0289435591549, 0.492040514946, 0.926193892956, 0.520984053612, 7.14905929565, 12.5904483795], "key_strength": 0.583105564117, "chords_key": "E", "chords_strength": {"dmean2": 0.0170500781387, "median": 0.517962038517, "min": -1, "dvar2": 0.00136888423003, "dvar": 0.000727279228158, "dmean": 0.0144888162613, "max": 0.798977553844, "var": 0.0642360448837, "mean": 0.482998758554}, "chords_scale": "minor", "hpcp_entropy": {"dmean2": 1.09458637238, "median": 1.95274269581, "min": 0, "dvar2": 0.791463792324, "dvar": 0.292693406343, "dmean": 0.651926159859, "max": 4.132771492, "var": 0.739774167538, "mean": 1.88950777054}}, "metadata": {"audio_properties": {"equal_loudness": 0, "codec": "flac", "downmix": "mix", "sample_rate": 44100, "analysis_sample_rate": 44100, "bit_rate": 0, "md5_encoded": "1ca13f35a5408ba106d09684c43cbc72", "length": 160.36000061, "replay_gain": -6.35011863708, "lossless": true}, "version": {"essentia_build_sha": "70f2e5ece6736b2c40cc944ad0e695b16b925413", "essentia": "2.1-beta2", "extractor": "music 1.0", "essentia_git_sha": "v2.1_beta2"}, "tags": {"title": ["\u0410\u0437\u0435\u0440\u0431\u0430\u0439\u0434\u0436\u0430\u043d\u0441\u043a\u0430\u044f \u043f\u0435\u0441\u043d\u044f \u043e \u041c\u043e\u0441\u043a\u0432\u0435"], "language": ["rus"], "media": ["CD"], "albumartist": ["\u041b\u0435\u043e\u043d\u0438\u0434 \u0423\u0442\u0451\u0441\u043e\u0432"], "tracktotal": ["22"], "musicbrainz_releasegroupid": ["57ba3951-a687-4781-bc49-d89a4b9371aa"], "releasetype": ["album", "compilation"], "musicbrainz_recordingid": ["05651cf5-511a-4a84-a755-b206198e8866"], "artistsort": ["Utesov, Leonid"], "musicbrainz_albumartistid": ["144ceb21-5e57-4f2b-bac7-844cfcce9c59"], "discnumber": ["1"], "album": ["\u0414\u043e\u0440\u043e\u0433\u0438\u0435 \u043c\u043e\u0441\u043a\u0432\u0438\u0447\u0438. \u0420\u0435\u043f\u0435\u0440\u0442\u0443\u0430\u0440 1947-1949"], "releasecountry": ["RU"], "file_name": "20. \u0410\u0437\u0435\u0440\u0431\u0430\u0439\u0434\u0436\u0430\u043d\u0441\u043a\u0430\u044f \u043f\u0435\u0441\u043d\u044f \u043e \u041c\u043e\u0441\u043a\u0432\u0435.flac", "albumartistsort": ["Utesov, Leonid"], "date": ["1995"], "genre": ["30S", "Jazz", "Chanson", "40S", "Retro", "Sovetique", "Soviet", "Male Soviet Retro Singer"], "musicip_puid": ["9b814c82-1e89-d725-e997-bda8d7a141a1"], "musicbrainz_artistid": ["144ceb21-5e57-4f2b-bac7-844cfcce9c59"], "originaldate": ["1995"], "musicbrainz_albumid": ["c8127182-ac9f-4737-9944-10f99ce18a0c"], "tracknumber": ["20"], "disctotal": ["1"], "artist": ["\u041b\u0435\u043e\u043d\u0438\u0434 \u0423\u0442\u0451\u0441\u043e\u0432"], "owner": ["-=udachee=-"], "releasestatus": ["official"], "totaldiscs": ["1"], "script": ["Cyrl"], "totaltracks": ["22"]}}, "rhythm": {"bpm_histogram_first_peak_bpm": {"dmean2": 0, "median": 172, "min": 172, "dvar2": 0, "dvar": 0, "dmean": 0, "max": 172, "var": 0, "mean": 172}, "bpm": 172.265609741, "bpm_histogram_second_peak_spread": {"dmean2": 0, "median": 0.439393937588, "min": 0.439393937588, "dvar2": 0, "dvar": 0, "dmean": 0, "max": 0.439393937588, "var": 0, "mean": 0.439393937588}, "bpm_histogram_first_peak_weight": {"dmean2": 0, "median": 0.13905325532, "min": 0.13905325532, "dvar2": 0, "dvar": 0, "dmean": 0, "max": 0.13905325532, "var": 0, "mean": 0.13905325532}, "onset_rate": 3.11135601997, "beats_position": [0.371519267559, 0.754648506641, 1.1261677742, 1.50929701328, 1.88081634045, 2.2523355484, 2.62385487556, 2.97215414047, 3.32045340538, 3.66875267029, 4.01705217361, 4.3653512001, 4.71365070343, 5.06195020676, 5.41024923325, 5.75854873657, 6.11845779419, 6.47836732864, 6.82666635513, 7.17496585846, 7.52326536179, 7.87156438828, 8.2198638916, 8.57977294922, 8.92807197571, 9.287981987, 9.63628101349, 9.98458003998, 10.321269989, 10.6579589844, 10.9946479797, 11.3313379288, 11.6796369553, 12.0279359818, 12.3762359619, 12.7129249573, 13.0496139526, 13.3979139328, 13.7346029282, 14.0829019547, 14.4195919037, 14.756280899, 15.0929698944, 15.4412698746, 15.7895689011, 16.1378688812, 16.4861679077, 16.8344669342, 17.1827659607, 17.5310649872, 17.8909740448, 18.2508831024, 18.6107940674, 18.970703125, 19.3770523071, 19.7834014893, 20.1897506714, 20.6193199158, 21.0721092224, 21.5248966217, 21.9776859283, 22.4188652039, 22.8716545105, 23.312833786, 23.7540130615, 24.2068023682, 24.6595916748, 25.1007709503, 25.6464385986, 26.1921081543, 26.73777771, 27.2834453583, 27.8407249451, 28.3863945007, 28.9204521179, 29.4429016113, 29.9653511047, 30.4878005981, 31.0218582153, 31.5559177399, 32.0899772644, 32.6936950684, 33.2858047485, 33.8779144287, 34.4584121704, 35.0273017883, 35.60779953, 36.1882972717, 36.7804069519, 37.3492965698, 37.9297943115, 38.5102958679, 39.0791816711, 39.6364631653, 40.1937408447, 40.7510185242, 41.3083000183, 41.8655776978, 42.4112472534, 42.9569168091, 43.467754364, 43.9785919189, 44.5010414124, 45.0234909058, 45.5343284607, 46.0451698303, 46.5676193237, 47.0784568787, 47.5776863098, 48.076915741, 48.5645332336, 49.052154541, 49.5397720337, 50.0390014648, 50.538230896, 51.0490684509, 51.5482978821, 52.0707473755, 52.6048049927, 53.1388664246, 53.6729240417, 54.1953735352, 54.7062110901, 55.2170524597, 55.7278900146, 56.2387275696, 56.7495689392, 57.2604064941, 57.7712478638, 58.2820854187, 58.7929229736, 59.3037643433, 59.8146018982, 60.3254394531, 60.8362808228, 61.3587303162, 61.8811798096, 62.4036254883, 62.9028549194, 63.4020843506, 63.924533844, 64.4353713989, 64.9462127686, 65.5150985718, 66.0839920044, 66.6528778076, 67.2449874878, 67.837097168, 68.4292068481, 69.0329208374, 69.6366424561, 70.2984085083, 70.9601821899, 71.5987319946, 72.2372741699, 72.817779541, 73.3982772827, 73.9787750244, 74.5128326416, 75.0468902588, 75.580947876, 76.1266174316, 76.6606826782, 77.2063446045, 77.6939697266, 78.1583633423, 78.6227645874, 79.0871658325, 79.5515594482, 80.0159606934, 80.3642578125, 80.7357788086, 81.1072998047, 81.4672088623, 81.8155059814, 82.16381073, 82.5237197876, 82.8720169067, 83.2319259644, 83.6150588989, 83.9865722656, 84.3697052002, 84.7644424438, 85.1475753784, 85.5423126221, 85.9138336182, 86.2853469849, 86.656867981, 87.0400009155, 87.4231262207, 87.7946472168, 88.1661682129, 88.5492935181, 88.9324264526, 89.3852157593, 89.8380050659, 90.3023986816, 90.7900238037, 91.2776412964, 91.7768707275, 92.2644882202, 92.7404937744, 93.216506958, 93.6925125122, 94.1569137573, 94.6213150024, 95.0857162476, 95.5384979248, 96.0028991699, 96.4556884766, 96.8039855957, 97.1522903442, 97.5005874634, 97.860496521, 98.2087936401, 98.5570983887, 98.9053955078, 99.2420806885, 99.5787734985, 99.9154663086, 100.252151489, 100.588844299, 100.92552948, 101.26222229, 101.598907471, 101.935600281, 102.260681152, 102.585754395, 102.910835266, 103.247528076, 103.584213257, 103.932518005, 104.269203186, 104.605895996, 104.954193115, 105.302490234, 105.650794983, 105.999092102, 106.347389221, 106.707298279, 107.136871338, 107.566436768, 107.996009827, 108.402359009, 108.808708191, 109.203445435, 109.609794617, 110.039360046, 110.480545044, 110.898498535, 111.328071594, 111.850517273, 112.361358643, 112.907028198, 113.452697754, 113.99836731, 114.532424927, 115.078094482, 115.600540161, 116.122993469, 116.657051086, 117.191108704, 117.759994507, 118.340499878, 118.909385681, 119.466667175, 120.035552979, 120.639274597, 121.242988586, 121.858322144, 122.438819885, 123.019317627, 123.704307556, 124.400901794, 125.109115601, 125.817321777, 126.513923645, 127.222129822, 127.965164185, 128.708206177, 129.428024292, 130.147842407, 130.890884399, 131.610702515, 132.307296753, 133.003890991, 133.700500488, 134.37387085, 135.070480347, 135.743850708, 136.394012451, 137.032562256, 137.671112061, 138.205169678, 138.739227295, 139.273284912, 139.784118652, 140.283355713, 140.782577515, 141.293426514, 141.804260254, 142.315093994, 142.825942993, 143.336776733, 143.847610474, 144.358459473, 144.869293213, 145.368530273, 145.867752075, 146.366973877, 146.877822876, 147.388656616, 147.899505615, 148.410339355, 148.96762085, 149.524902344, 150.058959961, 150.604629517, 151.138687134, 151.684356689, 152.230026245, 152.775695801, 153.286529541, 153.797363281, 154.31980896, 154.691329956, 155.028030396, 155.376327515, 155.724624634, 156.107757568, 156.490875244, 156.874008179, 157.257141113, 157.640274048, 158.023391724, 158.406524658, 158.789657593, 159.172790527, 159.555908203], "beats_loudness": {"dmean2": 0.0240170247853, "median": 0.0165391471237, "min": 0, "dvar2": 0.000620937207714, "dvar": 0.000209443925996, "dmean": 0.0133070899174, "max": 0.108974717557, "var": 0.000321313040331, "mean": 0.020499939099}, "danceability": 0.966273665428, "bpm_histogram_second_peak_weight": {"dmean2": 0, "median": 0.109467454255, "min": 0.109467454255, "dvar2": 0, "dvar": 0, "dmean": 0, "max": 0.109467454255, "var": 0, "mean": 0.109467454255}, "beats_count": 339, "bpm_histogram_second_peak_bpm": {"dmean2": 0, "median": 117, "min": 117, "dvar2": 0, "dvar": 0, "dmean": 0, "max": 117, "var": 0, "mean": 117}, "bpm_histogram_first_peak_spread": {"dmean2": 0, "median": 0, "min": 0, "dvar2": 0, "dvar": 0, "dmean": 0, "max": 0, "var": 0, "mean": 0}, "beats_loudness_band_ratio": {"dmean2": [0.235461175442, 0.328387290239, 0.370711833239, 0.154145151377, 0.12769125402, 0.254347801208], "median": [0.0951030626893, 0.207708656788, 0.285704612732, 0.0602589994669, 0.0471129529178, 0.0624498166144], "min": [0, 0, 0, 0, 0, 0], "dvar2": [0.0582348071039, 0.0835528671741, 0.099902652204, 0.0354713574052, 0.0196503903717, 0.133589446545], "dvar": [0.0201627556235, 0.0342548042536, 0.0343033820391, 0.0125115979463, 0.00716257607564, 0.0518578141928], "dmean": [0.132804110646, 0.191182181239, 0.211218550801, 0.0879195034504, 0.0736603289843, 0.143029510975], "max": [0.94211524725, 0.895984768867, 0.879300415516, 0.733779370785, 0.558284580708, 0.988735556602], "var": [0.0258364435285, 0.0485983528197, 0.0541553497314, 0.0137016298249, 0.00866420473903, 0.0461957789958], "mean": [0.147410705686, 0.269551873207, 0.311974525452, 0.0969633385539, 0.0798440054059, 0.133516356349]}}, "lowlevel": {"barkbands_spread": {"dmean2": 9.1071138382, "median": 18.4910316467, "min": 0.00306498678401, "dvar2": 148.537948608, "dvar": 64.1626052856, "dmean": 5.90279245377, "max": 95.8466567993, "var": 178.953079224, "mean": 20.3993530273}, "melbands_spread": {"dmean2": 15.0500564575, "median": 19.2551727295, "min": 9.53957091099e-09, "dvar2": 722.107971191, "dvar": 343.821411133, "dmean": 10.0317792892, "max": 238.925430298, "var": 1256.046875, "mean": 31.2641372681}, "hfc": {"dmean2": 8.75401210785, "median": 10.9388904572, "min": 1.04977829029e-16, "dvar2": 374.464233398, "dvar": 240.482620239, "dmean": 6.51603794098, "max": 335.82434082, "var": 919.587890625, "mean": 19.8405132294}, "barkbands_kurtosis": {"dmean2": 5.19149923325, "median": 2.62962889671, "min": -1.93971788883, "dvar2": 105.261268616, "dvar": 57.0117225647, "dmean": 3.4156472683, "max": 320.338562012, "var": 278.287322998, "mean": 5.78553104401}, "gfcc": {"mean": [-94.8015365601, 96.6455078125, -140.152999878, 41.6274337769, -100.270889282, -3.87055420876, -41.5008239746, -3.03224015236, -20.7371234894, -21.66040802, -7.37747526169, -12.8383216858, -3.27612280846], "icov": [[0.000352105300408, -0.000555545906536, 0.000885004235897, -0.000877159298398, 0.0011878288351, -0.000747638288885, 0.000616587640252, -0.000339026097208, 6.31781877019e-05, 4.55936933577e-05, -9.11741080927e-05, 0.000182182120625, -0.000106562183646], [-0.000555545906536, 0.00158872990869, -0.00130945362616, 0.00158703769557, -0.00204965774901, 0.00123996974435, -0.00105587556027, 0.00106304662768, -0.000434421526734, 0.000560656015296, -0.00109837728087, 0.000824819435365, -0.000599480932578], [0.000885004235897, -0.00130945362616, 0.0032715969719, -0.00184242974501, 0.0025343161542, -0.00255809002556, 0.00163591594901, -0.000912285293452, 0.000608186819591, -0.000976442184765, -0.000486955308588, -0.000380953511922, 0.00016098470951], [-0.000877159298398, 0.00158703769557, -0.00184242974501, 0.00488300900906, -0.00305923447013, 0.00116731156595, -0.000408327498008, 0.000405755010433, -0.000788127013948, -0.00014561037824, -5.06642754772e-05, -0.000732801679987, 3.3962062389e-06], [0.0011878288351, -0.00204965774901, 0.0025343161542, -0.00305923447013, 0.00625341385603, -0.00194289651699, 0.00124919973314, -0.000439497322077, -0.00218890118413, -0.000248619006015, -0.000187557423487, 0.00071177771315, -0.00142087112181], [-0.000747638288885, 0.00123996974435, -0.00255809002556, 0.00116731156595, -0.00194289651699, 0.0068674152717, -0.00257070409134, 0.00081534817582, 0.000127055624034, -0.00149234838318, 0.0018640916096, -0.00274547934532, 0.00145359383896], [0.000616587640252, -0.00105587556027, 0.00163591594901, -0.000408327498008, 0.00124919973314, -0.00257070409134, 0.0051830438897, -0.00207832525484, 0.000193049752852, 0.00126150681172, -0.001776360441, 0.000361184531357, -0.000369663233869], [-0.000339026097208, 0.00106304662768, -0.000912285293452, 0.000405755010433, -0.000439497322077, 0.00081534817582, -0.00207832525484, 0.00876410584897, -0.00154078635387, 0.000890538387466, -0.0040951166302, 0.00119777070358, 0.00102911016438], [6.31781877019e-05, -0.000434421526734, 0.000608186819591, -0.000788127013948, -0.00218890118413, 0.000127055624034, 0.000193049752852, -0.00154078635387, 0.0130211459473, -0.0056612980552, 0.00314092938788, -0.00191897212062, 0.00106282066554], [4.55936933577e-05, 0.000560656015296, -0.000976442184765, -0.00014561037824, -0.000248619006015, -0.00149234838318, 0.00126150681172, 0.000890538387466, -0.0056612980552, 0.0142656099051, -0.00522858696058, 0.00244944845326, -0.00248792534694], [-9.11741080927e-05, -0.00109837728087, -0.000486955308588, -5.06642754772e-05, -0.000187557423487, 0.0018640916096, -0.001776360441, -0.0040951166302, 0.00314092938788, -0.00522858696058, 0.0189268924296, -0.00806899368763, 0.00607677828521], [0.000182182120625, 0.000824819435365, -0.000380953511922, -0.000732801679987, 0.00071177771315, -0.00274547934532, 0.000361184531357, 0.00119777070358, -0.00191897212062, 0.00244944845326, -0.00806899368763, 0.0202283859253, -0.00819301512092], [-0.000106562183646, -0.000599480932578, 0.00016098470951, 3.3962062389e-06, -0.00142087112181, 0.00145359383896, -0.000369663233869, 0.00102911016438, 0.00106282066554, -0.00248792534694, 0.00607677828521, -0.00819301512092, 0.0133613506332]], "cov": [[41450.8554688, 1873.51184082, -6097.39208984, 1637.3828125, -4167.64746094, -403.373962402, -1436.41760254, 115.702323914, -845.544616699, -978.21862793, -227.388168335, -579.459411621, -327.0597229], [1873.51184082, 2034.94140625, -279.389831543, -198.795166016, 285.065185547, -176.960968018, 105.033103943, -106.008522034, 38.9306488037, -64.1010742188, 40.4753341675, -78.3990325928, 88.7828826904], [-6097.39208984, -279.389831543, 1675.74084473, -125.626281738, 413.886932373, 271.161346436, 141.767944336, 25.465177536, 92.2348556519, 213.972900391, 91.8196334839, 134.329620361, 8.26680374146], [1637.3828125, -198.795166016, -125.626281738, 477.124511719, -41.6931838989, 32.3761672974, -142.342681885, 4.42762136459, 29.0268478394, 17.9169101715, -19.2326335907, 14.0687818527, 11.6978187561], [-4167.64746094, 285.065185547, 413.886932373, -41.6931838989, 925.319885254, -3.76688170433, 130.006118774, -72.9735336304, 209.284820557, 133.67755127, -1.67172467709, 54.8499946594, 125.239944458], [-403.373962402, -176.960968018, 271.161346436, 32.3761672974, -3.76688170433, 278.189117432, 64.7669143677, 20.4489860535, 8.72063350677, 47.2555236816, 14.4123344421, 47.8350372314, -13.9976959229], [-1436.41760254, 105.033103943, 141.767944336, -142.342681885, 130.006118774, 64.7669143677, 375.805511475, 70.3733291626, 8.73781681061, -0.439761072397, 58.2030410767, 18.5222091675, -12.5496177673], [115.702323914, -106.008522034, 25.465177536, 4.42762136459, -72.9735336304, 20.4489860535, 70.3733291626, 174.784942627, -8.06719875336, -3.08674716949, 52.5821685791, -2.39935708046, -50.9602622986], [-845.544616699, 38.9306488037, 92.2348556519, 29.0268478394, 209.284820557, 8.72063350677, 8.73781681061, -8.06719875336, 145.73526001, 69.981300354, -6.14259290695, 18.7256660461, 31.7688941956], [-978.21862793, -64.1010742188, 213.972900391, 17.9169101715, 133.67755127, 47.2555236816, -0.439761072397, -3.08674716949, 69.981300354, 133.345489502, 22.6750717163, 26.0245914459, 20.9478149414], [-227.388168335, 40.4753341675, 91.8196334839, -19.2326335907, -1.67172467709, 14.4123344421, 58.2030410767, 52.5821685791, -6.14259290695, 22.6750717163, 98.8877944946, 22.5658283234, -31.7108669281], [-579.459411621, -78.3990325928, 134.329620361, 14.0687818527, 54.8499946594, 47.8350372314, 18.5222091675, -2.39935708046, 18.7256660461, 26.0245914459, 22.5658283234, 88.7081756592, 39.053188324], [-327.0597229, 88.7828826904, 8.26680374146, 11.6978187561, 125.239944458, -13.9976959229, -12.5496177673, -50.9602622986, 31.7688941956, 20.9478149414, -31.7108669281, 39.053188324, 134.276657104]]}, "spectral_energyband_middle_low": {"dmean2": 0.0055985013023, "median": 0.00751284323633, "min": 1.51352468863e-22, "dvar2": 6.44413012196e-05, "dvar": 3.07795417029e-05, "dmean": 0.00384185719304, "max": 0.0994673967361, "var": 0.000109459899249, "mean": 0.0103800222278}, "melbands_crest": {"dmean2": 5.56965208054, "median": 12.2396335602, "min": 1.56575930119, "dvar2": 24.0339221954, "dvar": 10.0338563919, "dmean": 3.50171709061, "max": 40, "var": 31.0216331482, "mean": 13.0801973343}, "spectral_kurtosis": {"dmean2": 2.82307481766, "median": 1.99428248405, "min": -1.29577815533, "dvar2": 14.5801534653, "dvar": 5.39873313904, "dmean": 1.66612040997, "max": 60.1234283447, "var": 16.8917160034, "mean": 3.18254113197}, "spectral_rms": {"dmean2": 0.000776620116085, "median": 0.00341795408167, "min": 3.13118671616e-12, "dvar2": 6.28231418887e-07, "dvar": 3.61226511814e-07, "dmean": 0.000561769353226, "max": 0.0109088951722, "var": 3.2364901017e-06, "mean": 0.00346337910742}, "zerocrossingrate": {"dmean2": 0.0137019241229, "median": 0.06103515625, "min": 0, "dvar2": 0.000308617018163, "dvar": 0.000362123420928, "dmean": 0.012746989727, "max": 0.5283203125, "var": 0.0079208528623, "mean": 0.0833692848682}, "silence_rate_60dB": {"dmean2": 0.103098757565, "median": 0, "min": 0, "dvar2": 0.106656417251, "dvar": 0.0488838925958, "dmean": 0.0515419133008, "max": 1, "var": 0.147381529212, "mean": 0.179646790028}, "erbbands_kurtosis": {"dmean2": 2.52979540825, "median": -0.0742955207825, "min": -1.89122211933, "dvar2": 65.5185089111, "dvar": 39.840801239, "dmean": 1.64703905582, "max": 319.900726318, "var": 230.599197388, "mean": 2.02636170387}, "erbbands": {"dmean2": [0.0026014058385, 0.0594211369753, 0.188125565648, 0.840389072895, 6.18214893341, 8.29545021057, 6.61953878403, 16.3551330566, 21.4209270477, 23.4718341827, 29.7017841339, 40.7961006165, 28.6941108704, 23.1414165497, 22.0033931732, 12.3023900986, 7.23090267181, 7.50394821167, 11.0053377151, 7.97376251221, 14.9517698288, 14.6177997589, 16.2021121979, 18.1374778748, 16.3105335236, 8.20979118347, 11.4669704437, 9.27804374695, 8.87519168854, 10.490852356, 10.4733476639, 4.62837696075, 1.56919562817, 0.541750729084, 0.0969659760594, 0.00698887417093, 0.00044669516501, 3.5361139453e-05, 8.31760735309e-06, 9.39110122999e-06], "median": [0.000368578708731, 0.00512897316366, 0.0534450486302, 0.58180809021, 2.84431767464, 4.03055763245, 3.71510767937, 5.64762973785, 6.4412984848, 7.68936109543, 6.57674884796, 10.5266151428, 8.77104759216, 4.06174182892, 3.3730969429, 2.67472648621, 1.64629340172, 1.2820597887, 1.23657011986, 1.53313231468, 1.84007334709, 3.30105876923, 6.69037914276, 8.28969097137, 4.57625865936, 2.75793838501, 4.68994903564, 3.75666618347, 1.6610789299, 1.97275102139, 1.64338552952, 0.721784412861, 0.340253949165, 0.0847978517413, 0.0175294652581, 0.00156333297491, 0.0001337431313, 1.56106689246e-05, 9.6907324405e-06, 1.57555186888e-05], "min": [2.76263916837e-23, 3.89966004758e-22, 1.02422438467e-21, 5.56311637192e-21, 1.28991271736e-20, 1.84239941162e-20, 1.31065879486e-20, 6.56772229832e-20, 9.774634971e-20, 1.0773761876e-19, 1.68676137271e-19, 2.60805859536e-19, 3.73887575579e-19, 7.34796894141e-19, 7.34975565154e-19, 9.40642082045e-19, 1.14495269482e-18, 2.05873818692e-18, 2.02424454859e-18, 3.03313482143e-18, 2.74791881032e-18, 3.35152863332e-18, 4.74599425946e-18, 6.19869877739e-18, 6.36419817922e-18, 6.4406131242e-18, 9.16516366863e-18, 8.62968085447e-18, 1.0017592315e-17, 1.08704701205e-17, 1.10948486519e-17, 1.02424952789e-17, 8.63954911918e-18, 6.72917590807e-18, 5.92440485909e-18, 3.89668408398e-18, 2.0710356743e-18, 8.59553669994e-19, 2.39250127309e-19, 2.71386811427e-20], "dvar2": [6.73328104313e-05, 0.0371860414743, 0.314219087362, 2.06607437134, 188.823471069, 308.004608154, 238.443695068, 1415.66772461, 3234.68676758, 2737.63647461, 5642.09375, 10236.5419922, 4581.13769531, 5811.38232422, 9071.59375, 1545.68383789, 452.537658691, 537.202819824, 1805.09265137, 706.110961914, 2350.92285156, 1768.00463867, 1056.1595459, 1164.10986328, 2007.7520752, 595.06652832, 852.01348877, 673.600646973, 1543.86071777, 2233.25, 2249.77270508, 538.045410156, 36.9902458191, 6.20810413361, 0.174724921584, 0.000996740185656, 3.63494996236e-06, 2.1047618759e-08, 5.45753775505e-10, 2.04189540276e-10], "dvar": [2.7146510547e-05, 0.0147006856278, 0.135034486651, 0.822092592716, 77.0786514282, 125.487724304, 94.9467697144, 724.66229248, 1340.99121094, 1289.15185547, 2645.09716797, 4892.36230469, 2003.92773438, 2201.83203125, 4780.328125, 631.020385742, 202.697723389, 211.299865723, 680.794433594, 263.233306885, 888.588195801, 725.194824219, 475.940002441, 503.49520874, 824.888183594, 244.726242065, 353.855712891, 302.393066406, 783.652282715, 1122.23486328, 1307.91748047, 282.541687012, 22.6487197876, 4.07031726837, 0.10911411047, 0.000614751712419, 2.28624935517e-06, 1.48087462293e-08, 3.92364390978e-10, 1.23619461889e-10], "dmean": [0.00175747007597, 0.0386873334646, 0.120848290622, 0.540448188782, 3.81635141373, 5.1321015358, 4.22644948959, 11.2401332855, 13.6581325531, 15.6900281906, 20.6910533905, 27.0586128235, 19.1073703766, 14.6495161057, 14.4293117523, 7.88086700439, 4.64320850372, 4.67301130295, 6.79007387161, 5.01664876938, 9.10136985779, 9.30028915405, 10.8630304337, 12.007393837, 10.6394643784, 5.20945358276, 7.49723720551, 6.10228776932, 6.0969877243, 7.23795890808, 7.51662254333, 3.34283661842, 1.15152895451, 0.412471234798, 0.0715794786811, 0.00534821394831, 0.000340195285389, 2.77937488136e-05, 6.36434651824e-06, 6.77098933011e-06], "max": [0.138442710042, 4.08278512955, 11.1222820282, 19.9181518555, 222.767684937, 279.329742432, 283.819213867, 634.932128906, 727.272766113, 645.398071289, 1078.2746582, 1482.89099121, 1253.42590332, 1051.90527344, 3566.72290039, 891.585571289, 334.357543945, 365.911773682, 992.027160645, 547.596801758, 787.17376709, 751.366088867, 556.170715332, 458.576629639, 856.029724121, 477.679412842, 640.361938477, 402.066040039, 787.068786621, 1245.28271484, 1126.59130859, 700.966674805, 177.424575806, 109.932907104, 12.1871137619, 1.13675379753, 0.055522184819, 0.00375366164371, 0.000530934543349, 0.000213734179852], "var": [8.55905163917e-05, 0.0344924107194, 0.307380974293, 1.88888645172, 131.492019653, 253.630615234, 182.674346924, 1563.72094727, 2292.9440918, 2580.32202148, 5228.31542969, 9620.21289062, 4632.57128906, 4125.86816406, 15744.421875, 868.652404785, 361.252349854, 374.554046631, 1393.25158691, 484.967651367, 1810.81726074, 1798.92749023, 1157.00964355, 1565.52990723, 1904.41308594, 561.109619141, 598.340698242, 538.221496582, 1429.10070801, 2281.00976562, 3599.53125, 634.003967285, 73.6109542847, 12.326420784, 0.32729691267, 0.00180658639874, 6.93777201377e-06, 5.00011800852e-08, 1.45149281483e-09, 5.63921187524e-10], "mean": [0.00341686164029, 0.0657959356904, 0.205760240555, 1.07004570961, 5.99235296249, 8.89599990845, 8.12861633301, 17.5782737732, 21.2950515747, 26.4440383911, 33.3471412659, 46.8458175659, 34.4153022766, 23.6878910065, 25.2058296204, 12.4294757843, 7.27953195572, 7.13503599167, 10.6575174332, 8.57294654846, 15.0424280167, 16.4445781708, 20.996843338, 24.8788948059, 19.5200042725, 10.0188703537, 13.5137891769, 10.6398487091, 9.48604106903, 12.080206871, 13.1839113235, 5.62332582474, 2.1323299408, 0.719716906548, 0.127211734653, 0.00952605810016, 0.000634728639852, 5.89897827012e-05, 1.81173181772e-05, 2.21725458687e-05]}, "spectral_strongpeak": {"dmean2": 1.12723016739, "median": 0.784439146519, "min": 0, "dvar2": 3.87373757362, "dvar": 1.53075611591, "dmean": 0.69864410162, "max": 18.6044387817, "var": 2.74574708939, "mean": 1.31227767467}, "spectral_energy": {"dmean2": 0.00667424593121, "median": 0.0119744706899, "min": 1.00494382645e-20, "dvar2": 7.73860083427e-05, "dvar": 3.96385039494e-05, "dmean": 0.0046836193651, "max": 0.121979087591, "var": 0.000208858473343, "mean": 0.0156123256311}, "average_loudness": 0.47522264719, "spectral_rolloff": {"dmean2": 970.980407715, "median": 1098.19335938, "min": 21.533203125, "dvar2": 2060010.375, "dvar": 1097699, "dmean": 588.359436035, "max": 19681.3476562, "var": 11315565, "mean": 2399.6027832}, "spectral_centroid": {"dmean2": 456.96661377, "median": 1362.20141602, "min": 225.457748413, "dvar2": 332602.875, "dvar": 199555.015625, "dmean": 316.384368896, "max": 11768.3632812, "var": 3488699.25, "mean": 1780.72106934}, "pitch_salience": {"dmean2": 0.112807922065, "median": 0.606512844563, "min": 1.64483644767e-05, "dvar2": 0.00971789564937, "dvar": 0.00413881521672, "dmean": 0.0715191140771, "max": 0.934851288795, "var": 0.0135951135308, "mean": 0.598893225193}, "spectral_energyband_middle_high": {"dmean2": 0.00189373409376, "median": 0.00153145345394, "min": 1.16999103675e-21, "dvar2": 1.5351053662e-05, "dvar": 7.24153778719e-06, "dmean": 0.00131088239141, "max": 0.10033158958, "var": 3.69992121705e-05, "mean": 0.00364440935664}, "spectral_contrast_coeffs": {"dmean2": [0.0784150063992, 0.0763577744365, 0.0597788356245, 0.0473606921732, 0.0409823395312, 0.0295489653945], "median": [-0.531983613968, -0.715348482132, -0.747935593128, -0.781445026398, -0.75150001049, -0.728404164314], "min": [-0.988383710384, -0.984764873981, -0.98025393486, -0.994727492332, -0.987708985806, -0.964671015739], "dvar2": [0.00415607914329, 0.00405307346955, 0.00237688911147, 0.0014922763221, 0.00119672250003, 0.00075366202509], "dvar": [0.00170415011235, 0.00175861630123, 0.00104854011443, 0.000635478412732, 0.000572199060116, 0.000359108671546], "dmean": [0.0487017966807, 0.0485661402345, 0.0382323004305, 0.0300690177828, 0.0270963013172, 0.0198560766876], "max": [-0.261317789555, -0.387604027987, -0.376652896404, -0.539369404316, -0.54181343317, -0.584545433521], "var": [0.0154668586329, 0.0104761319235, 0.00834460463375, 0.0044679697603, 0.00567291304469, 0.00432665646076], "mean": [-0.54628431797, -0.706133544445, -0.740655064583, -0.782027244568, -0.759100914001, -0.736852109432]}, "melbands_skewness": {"dmean2": 35.2884025574, "median": 2.2870221138, "min": -4.21080684662, "dvar2": 1762100, "dvar": 1121949, "dmean": 22.4979782104, "max": 62790.6132812, "var": 7550851, "mean": 126.192237854}, "spectral_spread": {"dmean2": 721644.4375, "median": 4315680, "min": 1500895.75, "dvar2": 2030357315580.0, "dvar": 966347259904, "dmean": 474304.59375, "max": 49870436, "var": 41872659578900.0, "mean": 5459371.5}, "dissonance": {"dmean2": 0.0353446379304, "median": 0.456466317177, "min": 0.161058157682, "dvar2": 0.00121400877833, "dvar": 0.0004653694632, "dmean": 0.0217433813959, "max": 0.5, "var": 0.00138801150024, "mean": 0.449315726757}, "spectral_skewness": {"dmean2": 0.383691370487, "median": 1.05210876465, "min": -0.613028466702, "dvar2": 0.167121738195, "dvar": 0.0784266591072, "dmean": 0.247842356563, "max": 6.31043815613, "var": 0.519875645638, "mean": 1.18377828598}, "spectral_flux": {"dmean2": 0.0301376581192, "median": 0.0595931485295, "min": 6.31428659359e-11, "dvar2": 0.00105699291453, "dvar": 0.00042782741366, "dmean": 0.0189492274076, "max": 0.275829732418, "var": 0.0015924704494, "mean": 0.0652866959572}, "spectral_contrast_valleys": {"dmean2": [0.667913794518, 0.581074774265, 0.484771966934, 0.42492082715, 0.39273506403, 0.366823732853], "median": [-8.94544696808, -6.9812335968, -7.79273080826, -8.66813468933, -7.9741601944, -10.4503498077], "min": [-28.7027378082, -28.0524539948, -27.8099784851, -27.6944885254, -27.564037323, -27.4139823914], "dvar2": [0.331580519676, 0.277823597193, 0.212784975767, 0.184016183019, 0.182282313704, 0.205207303166], "dvar": [0.155597001314, 0.135530799627, 0.112602449954, 0.100250124931, 0.113882064819, 0.141549989581], "dmean": [0.416218757629, 0.366579324007, 0.314346194267, 0.284678190947, 0.284946382046, 0.283808171749], "max": [-6.13702726364, -4.70832824707, -4.98279476166, -5.85963392258, -6.00622749329, -7.20831632614], "var": [11.0338945389, 12.8704967499, 11.9466571808, 10.9423446655, 11.8349456787, 9.67158794403], "mean": [-9.38332366943, -7.62123584747, -8.40561294556, -9.22228431702, -8.70160388947, -11.0653734207]}, "erbbands_flatness_db": {"dmean2": 0.0238712802529, "median": 0.205857515335, "min": 0.0465844459832, "dvar2": 0.000529341807123, "dvar": 0.000262181914877, "dmean": 0.0159532409161, "max": 0.343484669924, "var": 0.001452234108, "mean": 0.205260381103}, "spectral_energyband_high": {"dmean2": 0.000839011161588, "median": 0.000399286014726, "min": 6.94866853565e-21, "dvar2": 7.47693911762e-06, "dvar": 4.85489317725e-06, "dmean": 0.000621940998826, "max": 0.0486486293375, "var": 1.5636705939e-05, "mean": 0.00135633628815}, "spectral_entropy": {"dmean2": 0.238972023129, "median": 7.40463495255, "min": 5.54412937164, "dvar2": 0.0594944432378, "dvar": 0.0311587229371, "dmean": 0.16633374989, "max": 9.82427024841, "var": 0.374029517174, "mean": 7.43360948563}, "silence_rate_20dB": {"dmean2": 0, "median": 1, "min": 1, "dvar2": 0, "dvar": 0, "dmean": 0, "max": 1, "var": 0, "mean": 1}, "melbands_flatness_db": {"dmean2": 0.0346150398254, "median": 0.18431070447, "min": 0.00281629478559, "dvar2": 0.0013870364055, "dvar": 0.000779923808295, "dmean": 0.0243080481887, "max": 1, "var": 0.00665007857606, "mean": 0.190340429544}, "barkbands": {"dmean2": [7.75401758801e-07, 0.000213173305383, 0.000157252317877, 0.000551336328499, 0.00239604758099, 0.00154488813132, 0.00154690863565, 0.00134131428786, 0.00196520262398, 0.000878198712599, 0.000563965761103, 0.000318659789627, 0.00016945671814, 0.000144435136463, 0.000211465041502, 0.000213834617171, 0.000348005240085, 0.000370967696654, 0.000362004007911, 0.000167637277627, 0.000264889502432, 0.000248016120167, 0.000365530228009, 0.00014392985031, 3.06405745505e-05, 4.76026627894e-07, 5.25642906979e-09], "median": [2.78054642422e-07, 1.71440970007e-05, 3.19785322063e-05, 0.000260206899839, 0.00136088812724, 0.00061726430431, 0.00037738258834, 0.00018358239322, 0.000439701194409, 0.000171651336132, 6.43314269837e-05, 5.73882098251e-05, 2.71363242064e-05, 1.96335240616e-05, 2.64801892627e-05, 2.37098356592e-05, 4.93935222039e-05, 0.000134222907946, 0.000123766978504, 4.91472674184e-05, 0.000117087853141, 5.00512833241e-05, 5.86945316172e-05, 2.73653386103e-05, 4.62863954453e-06, 7.82514888442e-08, 2.57033838658e-09], "min": [1.08686938242e-25, 2.83889617285e-25, 4.04348307734e-25, 8.62000735694e-25, 4.47191797091e-24, 7.8815913456e-24, 4.98734627575e-24, 4.85001111418e-24, 1.14235042348e-23, 1.56157824533e-23, 1.24088475146e-23, 1.2473640605e-23, 2.24985749187e-23, 2.3408729499e-23, 3.80294759387e-23, 3.69186840535e-23, 4.48321958667e-23, 8.19173043276e-23, 1.11078570053e-22, 1.34737833887e-22, 2.24243645646e-22, 3.06967563404e-22, 3.67835263058e-22, 5.27657321252e-22, 7.75545488499e-22, 1.05151861858e-21, 1.81263464206e-21], "dvar2": [1.55240479759e-12, 4.79177515444e-07, 2.03255709152e-07, 9.02097156086e-07, 2.62746016233e-05, 1.08206932055e-05, 1.77214405994e-05, 1.37036859087e-05, 2.07323446375e-05, 5.49787955606e-06, 6.06118419455e-06, 8.29554096526e-07, 2.4716621283e-07, 1.96865983071e-07, 5.05595039613e-07, 5.28184727955e-07, 1.11220219878e-06, 5.16981515375e-07, 6.83240955368e-07, 1.94490780814e-07, 3.80257091592e-07, 1.19168737456e-06, 2.5418671612e-06, 4.31643400134e-07, 2.06700558891e-08, 4.9454702486e-12, 6.00988616681e-16], "dvar": [7.08000932187e-13, 1.89364811831e-07, 9.14657931617e-08, 3.5003986909e-07, 1.07422874862e-05, 5.33132197233e-06, 7.56706958782e-06, 6.42855911792e-06, 1.02208414319e-05, 2.14958345168e-06, 3.27038765136e-06, 3.46551416897e-07, 1.03510558347e-07, 7.67469146012e-08, 1.9239496396e-07, 2.08734221019e-07, 4.22150293389e-07, 2.21628681629e-07, 2.77859527387e-07, 8.13564113855e-08, 1.63654974017e-07, 6.03170462909e-07, 1.48998287841e-06, 2.21050711957e-07, 1.37219107188e-08, 2.67947426399e-12, 3.24361208635e-16], "dmean": [4.50956008535e-07, 0.000139390831464, 0.000101457328128, 0.000350706483005, 0.00147100165486, 0.00105167063884, 0.00101298117079, 0.000922468490899, 0.00132762535941, 0.00056619948009, 0.000377686577849, 0.000202638708288, 0.000106349900307, 8.9514272986e-05, 0.000129735577502, 0.000132060013129, 0.000212335697142, 0.000244658760494, 0.000232569538639, 0.00010659036343, 0.000173799155164, 0.000168834376382, 0.000260879227426, 0.00010318668501, 2.29818560911e-05, 3.3958949075e-07, 3.58335427997e-09], "max": [3.48435169144e-05, 0.0146359698847, 0.0100160036236, 0.0125094186515, 0.0891230553389, 0.0530705228448, 0.0617893002927, 0.0671466812491, 0.0583215504885, 0.0269451923668, 0.0981704071164, 0.0190066341311, 0.00943795684725, 0.00800728145987, 0.0140882544219, 0.0118285445496, 0.0128604900092, 0.00867384113371, 0.0132055860013, 0.007632936351, 0.0107942093164, 0.0278938338161, 0.0322669036686, 0.018172422424, 0.00679491553456, 8.20366549306e-05, 8.18926991997e-07], "var": [2.36133660368e-12, 4.57472339122e-07, 2.2652733378e-07, 7.13351369086e-07, 2.13061848626e-05, 1.2395063095e-05, 1.32832892632e-05, 1.05823064587e-05, 2.10570851777e-05, 3.60649005415e-06, 1.22774827105e-05, 5.33391585122e-07, 1.68111583321e-07, 1.31823171046e-07, 3.85903376809e-07, 3.90860321886e-07, 8.5061418531e-07, 5.2785611615e-07, 6.83667565227e-07, 1.96122542206e-07, 3.04811976548e-07