{"tonal": {"thpcp": [1, 0.861085891724, 0.496936023235, 0.305921196938, 0.15378087759, 0.168730646372, 0.208555057645, 0.135630056262, 0.241090402007, 0.375853598118, 0.223992303014, 0.129550293088, 0.165175586939, 0.153402850032, 0.313830703497, 0.397127866745, 0.174199566245, 0.0528276823461, 0.0618684887886, 0.0754657834768, 0.251486837864, 0.357886314392, 0.174092337489, 0.0379644595087, 0.0353297479451, 0.0704741701484, 0.186293527484, 0.22455470264, 0.132996737957, 0.188681840897, 0.238040223718, 0.117295660079, 0.147527173162, 0.216597720981, 0.190008580685, 0.526154875755], "hpcp": {"dmean2": [0.147472754121, 0.105547368526, 0.0754133090377, 0.0948278084397, 0.104217976332, 0.112150199711, 0.113271966577, 0.0707590728998, 0.0291375927627, 0.0309942923486, 0.0484620705247, 0.0881336480379, 0.119450464845, 0.0801591649652, 0.0335326455534, 0.0369638130069, 0.0637631639838, 0.0973701104522, 0.105090498924, 0.102569453418, 0.0860868766904, 0.0725339725614, 0.0581096559763, 0.0823010355234, 0.0988247171044, 0.128302961588, 0.236703902483, 0.266877770424, 0.330378711224, 0.304146021605, 0.200217485428, 0.12707644701, 0.101031541824, 0.100171707571, 0.0986440852284, 0.117591768503], "median": [0.00256392965093, 0.00231777830049, 0.000782882212661, 0.000408714899095, 0.000869752198923, 0.000834168633446, 0.000608723377809, 0.000342729850672, 0.000149062921992, 0.000152047476149, 0.000394640141167, 0.00282816938125, 0.00408990308642, 0.00221194187179, 0.000228123593843, 0.000120074793813, 0.000187224635738, 0.000450612569693, 0.000504034862388, 0.000743114738725, 0.000707617437001, 0.000589906936511, 0.000597941922024, 0.000458434107713, 0.000496082706377, 0.00178301730193, 0.0179272294044, 0.0620077773929, 0.0908952355385, 0.0381195619702, 0.00542864948511, 0.000568683259189, 0.000546214752831, 0.000544262118638, 0.00102681596763, 0.00166619429365], "min": [0, 0, 0, 0, 0, 0, 0, 0, 0, 0, 0, 0, 0, 0, 0, 0, 0, 0, 0, 0, 0, 0, 0, 0, 0, 0, 0, 0, 0, 0, 0, 0, 0, 0, 0, 0], "dvar2": [0.0892590507865, 0.0471860691905, 0.0384294055402, 0.0574016533792, 0.0614710450172, 0.0659142807126, 0.07142675668, 0.0332804881036, 0.0152561254799, 0.0183378905058, 0.0246945079416, 0.0398441068828, 0.0681833922863, 0.0354805886745, 0.0245089847594, 0.0334114357829, 0.0549823902547, 0.0743626281619, 0.0732195451856, 0.0808512121439, 0.0567684695125, 0.0452706962824, 0.0267595127225, 0.0518902800977, 0.0609079636633, 0.0680238753557, 0.127200007439, 0.133204191923, 0.154636487365, 0.156041070819, 0.105364173651, 0.0732913091779, 0.0608860291541, 0.0673002526164, 0.0665272176266, 0.0615496784449], "dvar": [0.043162625283, 0.019526803866, 0.015342110768, 0.0232288464904, 0.0229041706771, 0.0293237827718, 0.0360502302647, 0.0135362558067, 0.00631375610828, 0.00831662863493, 0.00924577284604, 0.0197110380977, 0.0353915169835, 0.0151072936133, 0.00883906614035, 0.0114323692396, 0.0178903341293, 0.0305672604591, 0.032607678324, 0.026858696714, 0.0216526202857, 0.01966750063, 0.00961085315794, 0.0209041628987, 0.027626093477, 0.0267346631736, 0.0512371435761, 0.0667314007878, 0.0668458044529, 0.0629760548472, 0.0418378710747, 0.0266732685268, 0.0233158413321, 0.0286986120045, 0.0239008087665, 0.0257268678397], "dmean": [0.0867984816432, 0.0615982115269, 0.0430126786232, 0.0546930655837, 0.0590348914266, 0.0649133473635, 0.0656825527549, 0.0411766692996, 0.0162143651396, 0.0179550014436, 0.0270835515112, 0.0535440705717, 0.0720236301422, 0.0483809933066, 0.0180395618081, 0.0192667767406, 0.0339374318719, 0.0559978075325, 0.0600871294737, 0.0555501133204, 0.0489602163434, 0.042267203331, 0.0323700495064, 0.046521294862, 0.0551964603364, 0.0720436125994, 0.137097269297, 0.153460711241, 0.196002289653, 0.173628553748, 0.112359464169, 0.0680959820747, 0.0556408911943, 0.0571138858795, 0.0539679974318, 0.067541308701], "max": [1, 1, 1, 1, 1, 1, 1, 1, 1, 1, 1, 1, 1, 1, 1, 1, 1, 1, 1, 1, 1, 1, 1, 1, 1, 1, 1, 1, 1, 1, 1, 1, 1, 1, 1, 1], "var": [0.0815763697028, 0.0288888011128, 0.0190430153161, 0.0282769631594, 0.020130649209, 0.0588390119374, 0.0933495685458, 0.0220607034862, 0.0101209655404, 0.0138932261616, 0.0101407971233, 0.0447186902165, 0.0763014405966, 0.0214821994305, 0.00716897798702, 0.00733903795481, 0.0116514051333, 0.0397490598261, 0.0490891970694, 0.0202722772956, 0.0331568345428, 0.0564531087875, 0.013339182362, 0.0278109628707, 0.0480496026576, 0.0260627474636, 0.0736993849277, 0.173514902592, 0.121422663331, 0.0723325908184, 0.0511501580477, 0.0236688144505, 0.0286573879421, 0.0441421605647, 0.0200346037745, 0.0362539216876], "mean": [0.126424968243, 0.0753437504172, 0.0435765199363, 0.0555597133934, 0.0515997447073, 0.105562470853, 0.133580937982, 0.0585950836539, 0.0177695192397, 0.020810553804, 0.0253842417151, 0.0845920220017, 0.120381355286, 0.0585590191185, 0.0127700138837, 0.0118837812915, 0.0237052254379, 0.0626631006598, 0.0755329206586, 0.044735789299, 0.0634664520621, 0.0800690129399, 0.0394544564188, 0.0496233589947, 0.0728564485908, 0.0639127269387, 0.176981434226, 0.336367577314, 0.28964138031, 0.167153164744, 0.10290197283, 0.0517269000411, 0.0567555204034, 0.0701511576772, 0.0456215552986, 0.081094995141]}, "tuning_equal_tempered_deviation": 0.0309704188257, "chords_changes_rate": 0.063325330615, "key_key": "B", "tuning_diatonic_strength": 0.540418326855, "key_scale": "minor", "chords_number_rate": 0.00240096030757, "tuning_frequency": 438.224517822, "tuning_nontempered_energy_ratio": 0.653208136559, "chords_histogram": [0, 2.13085222244, 38.1152458191, 9.87395000458, 0.750300109386, 0.360144048929, 3.72148871422, 11.2845134735, 8.28331375122, 14.6458587646, 0, 9.06362533569, 0.0300120040774, 0.360144048929, 0, 0, 0, 0, 0, 0, 0.630252122879, 0, 0.750300109386, 0], "key_strength": 0.622946202755, "chords_key": "F#", "chords_strength": {"dmean2": 0.00868400465697, "median": 0.455082833767, "min": -1, "dvar2": 0.00122332153842, "dvar": 0.000640066631604, "dmean": 0.00969052221626, "max": 0.655293405056, "var": 0.0525077357888, "mean": 0.429716467857}, "chords_scale": "minor", "hpcp_entropy": {"dmean2": 0.883229017258, "median": 1.33643174171, "min": 0, "dvar2": 0.691040277481, "dvar": 0.288109660149, "dmean": 0.523558557034, "max": 3.56573820114, "var": 0.60634469986, "mean": 1.3335288763}}, "metadata": {"audio_properties": {"equal_loudness": 0, "codec": "mp3", "downmix": "mix", "sample_rate": 44100, "analysis_sample_rate": 44100, "bit_rate": 160027, "md5_encoded": "558c42a070e9265e8cb9a56efacc0981", "length": 154.671020508, "replay_gain": -11.9092674255, "lossless": false}, "version": {"essentia_build_sha": "70f2e5ece6736b2c40cc944ad0e695b16b925413", "essentia": "2.1-beta2", "extractor": "music 1.0", "essentia_git_sha": "v2.1_beta2"}, "tags": {"title": ["Struttin' Rag"], "barcode": ["777966678429"], "media": ["CD"], "albumartist": ["Various Artists"], "musicbrainz_recordingid": ["056a73bc-d2bb-4f25-ae37-56ce22891b36"], "encoding": ["Lavf56.36.100"], "musicbrainz_albumartistid": ["89ad4ac3-39f7-470e-963a-56509c546377"], "originalyear": ["2002"], "discnumber": ["1/1"], "album": ["American Roots Songbook: Americana"], "catalognumber": ["ARS67842"], "musicbrainz album release country": ["US"], "musicbrainz album type": ["album/compilation"], "musicbrainz album status": ["official"], "originaldate": ["2002"], "date": ["2002"], "file_name": "Stefan Grossman - Struttin' Rag.mp3", "musicbrainz_releasegroupid": ["caf56bcf-2319-3b91-a3b9-0bb673b22953"], "script": ["Latn"], "asin": ["B00006BCA0"], "musicbrainz_albumid": ["44a3f8f4-f39f-415f-ad42-09f5d9425e02"], "artist": ["Stefan Grossman"], "artistsort": ["Grossman, Stefan"], "tracknumber": ["5/10"], "label": ["St. Clair"], "albumartistsort": ["Various Artists"], "musicbrainz_artistid": ["93d26b9f-2257-466b-9492-a7c51a77ef00"]}}, "rhythm": {"bpm_histogram_first_peak_bpm": {"dmean2": 0, "median": 96, "min": 96, "dvar2": 0, "dvar": 0, "dmean": 0, "max": 96, "var": 0, "mean": 96}, "bpm": 96.2253646851, "bpm_histogram_second_peak_spread": {"dmean2": 0, "median": 0.166666686535, "min": 0.166666686535, "dvar2": 0, "dvar": 0, "dmean": 0, "max": 0.166666686535, "var": 0, "mean": 0.166666686535}, "bpm_histogram_first_peak_weight": {"dmean2": 0, "median": 0.369477897882, "min": 0.369477897882, "dvar2": 0, "dvar": 0, "dmean": 0, "max": 0.369477897882, "var": 0, "mean": 0.369477897882}, "onset_rate": 5.00997638702, "beats_position": [0.650158703327, 1.30031740665, 1.92725622654, 2.55419492722, 3.1811337471, 3.79646253586, 4.42340135574, 5.0387301445, 5.66566896439, 6.29260778427, 6.90793657303, 7.52326536179, 8.15020370483, 8.75392246246, 9.36925125122, 9.99619007111, 10.6115188599, 11.261677742, 11.9118366241, 12.538775444, 13.1657142639, 13.7926530838, 14.3963718414, 15.0117006302, 15.6386394501, 16.2655773163, 16.8809070587, 17.5078449249, 18.1347846985, 18.7617225647, 19.3886623383, 20.0156002045, 20.642539978, 21.2694778442, 21.8848075867, 22.5001354218, 23.1154651642, 23.7540130615, 24.40417099, 25.0543308258, 25.681268692, 26.3082084656, 26.9119262695, 27.5156459808, 28.1077537537, 28.7230834961, 29.3268013, 29.9537410736, 30.5806789398, 31.2076187134, 31.8345565796, 32.4382743835, 33.0652160645, 33.7385940552, 34.3887519836, 35.0389099121, 35.6774597168, 36.3160095215, 36.9429473877, 37.5698852539, 38.1968231201, 38.823764801, 39.4507026672, 40.1008605957, 40.7277984619, 41.3547401428, 41.9700660706, 42.585395813, 43.2123336792, 43.8392753601, 44.4662132263, 45.0931510925, 45.7200889587, 46.347026825, 46.9623565674, 47.6009063721, 48.2394561768, 48.8431739807, 49.4585037231, 50.0854415894, 50.6891593933, 51.3393173218, 51.9894790649, 52.6396369934, 53.2897949219, 53.9167327881, 54.5204544067, 55.1357803345, 55.7627182007, 56.3780479431, 56.9817695618, 57.5854873657, 58.1892051697, 58.8161430359, 59.4314727783, 60.0468025208, 60.6505203247, 61.2890701294, 61.9043960571, 62.531337738, 63.1582756042, 63.7852134705, 64.4121551514, 65.0390930176, 65.6428070068, 66.2465286255, 66.8502502441, 67.4539642334, 68.0344696045, 68.6497955322, 69.26512146, 69.8920593262, 70.5189971924, 71.145942688, 71.7496566772, 72.3417663574, 72.9570999146, 73.5608139038, 74.18775177, 74.8030853271, 75.4416275024, 76.068572998, 76.6722869873, 77.2876205444, 77.9029464722, 78.5298843384, 79.1568222046, 79.7837600708, 80.410697937, 81.0376434326, 81.6645812988, 82.2682952881, 82.8952331543, 83.5221786499, 84.1258926392, 84.7528305054, 85.356552124, 86.0067138672, 86.656867981, 87.2838058472, 87.9107437134, 88.537689209, 89.1646270752, 89.7915649414, 90.4185028076, 91.0454406738, 91.6607666016, 92.2761001587, 92.8914260864, 93.5183639526, 94.1453018188, 94.760635376, 95.3875732422, 95.9912872314, 96.5833969116, 97.2219467163, 97.8488845825, 98.4990463257, 99.1492080688, 99.7993621826, 100.449523926, 101.076461792, 101.69178772, 102.318725586, 102.934059143, 103.549385071, 104.164710999, 104.768432617, 105.383758545, 106.02230835, 106.637641907, 107.276191711, 107.903129578, 108.553283691, 109.203445435, 109.841995239, 110.457321167, 111.084259033, 111.687980652, 112.326530457, 112.941856384, 113.56879425, 114.195732117, 114.84589386, 115.519271851, 116.134597778, 116.749931335, 117.353645325, 117.957366943, 118.572692871, 119.188026428, 119.791740417, 120.395462036, 121.022399902, 121.626121521, 122.22983551, 122.845169067, 123.483718872, 124.110656738, 124.725982666, 125.341316223, 125.968254089, 126.606803894, 127.245346069, 127.872291565, 128.499221802, 129.126159668, 129.741500854, 130.356826782, 130.983764648, 131.610702515, 132.226028442, 132.84135437, 133.456680298, 134.095230103, 134.722167969, 135.325897217, 135.952835083, 136.568161011, 137.183486938, 137.787200928, 138.390930176, 138.994644165, 139.609970093, 140.202087402, 140.829025269, 141.455963135, 142.094512939, 142.744674683, 143.383224487, 144.033370972, 144.683532715, 145.298858643, 145.914199829, 146.552734375, 147.133239746, 147.702133179, 148.271011353, 148.79347229, 149.315917969, 149.838363647, 150.32598877, 150.813598633, 151.301223755, 151.742401123, 152.183578491, 152.624755859, 153.065933228, 153.507110596, 153.936691284], "beats_loudness": {"dmean2": 0.0519332885742, "median": 0.0472443476319, "min": 0, "dvar2": 0.0026897219941, "dvar": 0.00121881172527, "dmean": 0.0303708612919, "max": 0.292048603296, "var": 0.0023133775685, "mean": 0.0592640303075}, "danceability": 1.33876109123, "bpm_histogram_second_peak_weight": {"dmean2": 0, "median": 0.0200803205371, "min": 0.0200803205371, "dvar2": 0, "dvar": 0, "dmean": 0, "max": 0.0200803205371, "var": 0, "mean": 0.0200803205371}, "beats_count": 250, "bpm_histogram_second_peak_bpm": {"dmean2": 0, "median": 136, "min": 136, "dvar2": 0, "dvar": 0, "dmean": 0, "max": 136, "var": 0, "mean": 136}, "bpm_histogram_first_peak_spread": {"dmean2": 0, "median": 0.594713628292, "min": 0.594713628292, "dvar2": 0, "dvar": 0, "dmean": 0, "max": 0.594713628292, "var": 0, "mean": 0.594713628292}, "beats_loudness_band_ratio": {"dmean2": [0.332908183336, 0.399771332741, 0.141393736005, 0.00801447313279, 0.00487050227821, 0.00435461616144], "median": [0.686469554901, 0.453956067562, 0.0254869796336, 0.00136758363806, 0.000320595805533, 0.00023906052229], "min": [0, 0, 0, 0, 0, 0], "dvar2": [0.0899226665497, 0.125788792968, 0.0401044674218, 0.000164886601851, 0.000227295488003, 0.000336757773766], "dvar": [0.040434692055, 0.0448451675475, 0.0129020791501, 5.46721530554e-05, 7.68808167777e-05, 0.000114928181574], "dmean": [0.187370702624, 0.242468103766, 0.0768454298377, 0.00422771833837, 0.00251948670484, 0.00226365844719], "max": [0.985205769539, 0.994481682777, 0.636815309525, 0.0450093671679, 0.0812398195267, 0.106263965368], "var": [0.110408119857, 0.102143421769, 0.00995046831667, 3.61851489288e-05, 4.04832280765e-05, 6.36496988591e-05], "mean": [0.569245219231, 0.473057985306, 0.0625874474645, 0.00349806365557, 0.001557597192, 0.00141452171374]}}, "lowlevel": {"barkbands_spread": {"dmean2": 2.00423598289, "median": 2.04080986977, "min": 0.0643746480346, "dvar2": 20.8111438751, "dvar": 8.75765323639, "dmean": 1.26868677139, "max": 114.403152466, "var": 57.7357368469, "mean": 3.82218265533}, "melbands_spread": {"dmean2": 2.41179251671, "median": 2.12620639801, "min": 0.189285695553, "dvar2": 73.0155410767, "dvar": 26.0225601196, "dmean": 1.49715828896, "max": 178.484909058, "var": 462.67565918, "mean": 6.4339928627}, "hfc": {"dmean2": 2.88629603386, "median": 2.94481468201, "min": 1.06824413793e-16, "dvar2": 31.9222106934, "dvar": 15.8915128708, "dmean": 2.10855269432, "max": 59.9172401428, "var": 38.7143669128, "mean": 4.91062831879}, "barkbands_kurtosis": {"dmean2": 33.5056037903, "median": 24.1002197266, "min": -1.77374732494, "dvar2": 4588.49072266, "dvar": 1875.15625, "dmean": 21.4132175446, "max": 1296.42163086, "var": 7712.87304688, "mean": 48.8563842773}, "gfcc": {"mean": [-201.21043396, 134.510559082, -43.5234870911, 31.0132732391, -56.7803459167, -4.12999868393, -48.9781723022, -9.83524894714, -23.9417991638, -6.83124732971, -12.7510919571, -5.38316011429, -9.76269054413], "icov": [[0.000394117290853, -0.00136024667881, 0.000485482363729, -0.000881877436768, 0.00115845224354, -0.00108984601684, 0.00103840173688, -0.000292766460916, 0.00064447830664, -0.000365296611562, 0.000458375696326, 7.68535683164e-05, 0.000351028516889], [-0.00136024667881, 0.00559956394136, -0.00169812480453, 0.00296364771202, -0.00384370819665, 0.00388057413511, -0.00362848094665, 0.00160620152019, -0.00288204359822, 0.00211265124381, -0.00193199748173, 0.00066622212762, -0.00130583660211], [0.000485482363729, -0.00169812480453, 0.00248669553548, -0.00147480098531, 0.000581412343308, -0.00118948786985, 0.00047711408115, 0.000266207411187, 0.000936959928367, -0.000347383145709, 0.00054087524768, -0.000356580188964, 0.000322739448166], [-0.000881877436768, 0.00296364771202, -0.00147480098531, 0.00500557851046, -0.00322575657628, 0.0018258736236, -0.00193374301307, -1.06621678242e-06, -0.00109193404205, 0.000419633142883, -0.000235728628468, 6.2955688918e-05, 9.72560883383e-05], [0.00115845224354, -0.00384370819665, 0.000581412343308, -0.00322575657628, 0.00676212646067, -0.0035503024701, 0.00169141078368, -0.000651403970551, 0.00144021073356, -0.000563211215194, 0.000862188520841, 0.0013829554664, 0.00070110487286], [-0.00108984601684, 0.00388057413511, -0.00118948786985, 0.0018258736236, -0.0035503024701, 0.00803212076426, -0.00434547616169, -0.000340760481777, -0.0014335612068, 0.00130250537768, -0.000546219816897, -0.00147883361205, 0.000308273738483], [0.00103840173688, -0.00362848094665, 0.00047711408115, -0.00193374301307, 0.00169141078368, -0.00434547616169, 0.00927079189569, -0.00196365546435, -0.000472754589282, -0.000619192258455, 0.000281162007013, 0.000406361068599, 0.000669406203087], [-0.000292766460916, 0.00160620152019, 0.000266207411187, -1.06621678242e-06, -0.000651403970551, -0.000340760481777, -0.00196365546435, 0.00920474901795, -0.00300072273239, -0.000619255646598, 0.000569693453144, -0.00116167985834, 0.000400973920478], [0.00064447830664, -0.00288204359822, 0.000936959928367, -0.00109193404205, 0.00144021073356, -0.0014335612068, -0.000472754589282, -0.00300072273239, 0.00959262251854, -0.00309783010744, 0.000237431144342, 0.000193803512957, -0.0005597784766], [-0.000365296611562, 0.00211265124381, -0.000347383145709, 0.000419633142883, -0.000563211215194, 0.00130250537768, -0.000619192258455, -0.000619255646598, -0.00309783010744, 0.0093866661191, -0.00379548990168, -0.000484639283968, 0.00079347495921], [0.000458375696326, -0.00193199748173, 0.00054087524768, -0.000235728628468, 0.000862188520841, -0.000546219816897, 0.000281162007013, 0.000569693453144, 0.000237431144342, -0.00379548990168, 0.0116520645097, -0.0027312845923, 0.00238469569013], [7.68535683164e-05, 0.00066622212762, -0.000356580188964, 6.2955688918e-05, 0.0013829554664, -0.00147883361205, 0.000406361068599, -0.00116167985834, 0.000193803512957, -0.000484639283968, -0.0027312845923, 0.00996664818376, -0.00213416689076], [0.000351028516889, -0.00130583660211, 0.000322739448166, 9.72560883383e-05, 0.00070110487286, 0.000308273738483, 0.000669406203087, 0.000400973920478, -0.0005597784766, 0.00079347495921, 0.00238469569013, -0.00213416689076, 0.00889499858022]], "cov": [[32366.4765625, 4778.78857422, -1801.12854004, 563.937683105, -1835.13195801, 17.1524391174, -1293.53283691, -408.629699707, -566.774230957, -498.01852417, -425.514709473, -562.08013916, -268.764770508], [4778.78857422, 1609.67578125, 46.9911231995, -20.0405292511, 22.8324985504, -126.988166809, -14.2282972336, -163.436172485, 28.6877746582, -185.495681763, -37.6070823669, -194.651809692, 39.0072975159], [-1801.12854004, 46.9911231995, 769.137634277, 135.200256348, 305.526916504, 53.3439559937, 173.023620605, -19.5088558197, 32.9746894836, -22.7641162872, 11.3983564377, -2.68122839928, 10.9270524979], [563.937683105, -20.0405292511, 135.200256348, 420.672332764, 135.306182861, 89.9556655884, 41.7290000916, 40.669380188, -1.0842320919, 7.15560722351, -23.7555160522, -20.6543121338, -52.7516517639], [-1835.13195801, 22.8324985504, 305.526916504, 135.306182861, 506.881988525, 85.545135498, 182.615859985, 20.7139091492, 63.0449142456, -16.4679813385, 9.92993354797, -39.5106811523, -1.09146380424], [17.1524391174, -126.988166809, 53.3439559937, 89.9556655884, 85.545135498, 280.790863037, 100.365287781, 75.2479324341, 26.4479255676, 19.4715213776, 1.06210017204, 36.0333595276, -41.3696136475], [-1293.53283691, -14.2282972336, 173.023620605, 41.7290000916, 182.615859985, 100.365287781, 279.95703125, 65.873374939, 98.8088150024, 22.8468532562, 30.5879554749, 9.95852661133, -1.31662082672], [-408.629699707, -163.436172485, -19.5088558197, 40.669380188, 20.7139091492, 75.2479324341, 65.873374939, 173.430007935, 66.2258453369, 55.5716018677, 12.6300811768, 39.6892585754, -19.2730922699], [-566.774230957, 28.6877746582, 32.9746894836, -1.0842320919, 63.0449142456, 26.4479255676, 98.8088150024, 66.2258453369, 185.953933716, 58.1031837463, 32.5469703674, 12.7638473511, 9.94283103943], [-498.01852417, -185.495681763, -22.7641162872, 7.15560722351, -16.4679813385, 19.4715213776, 22.8468532562, 55.5716018677, 58.1031837463, 178.21005249, 62.0577354431, 44.5117645264, -28.6300582886], [-425.514709473, -37.6070823669, 11.3983564377, -23.7555160522, 9.92993354797, 1.06210017204, 30.5879554749, 12.6300811768, 32.5469703674, 62.0577354431, 125.936225891, 37.8106422424, -20.7516822815], [-562.08013916, -194.651809692, -2.68122839928, -20.6543121338, -39.5106811523, 36.0333595276, 9.95852661133, 39.6892585754, 12.7638473511, 44.5117645264, 37.8106422424, 148.371688843, 15.5501041412], [-268.764770508, 39.0072975159, 10.9270524979, -52.7516517639, -1.09146380424, -41.3696136475, -1.31662082672, -19.2730922699, 9.94283103943, -28.6300582886, -20.7516822815, 15.5501041412, 143.897583008]]}, "spectral_energyband_middle_low": {"dmean2": 0.0131833925843, "median": 0.00666354224086, "min": 1.5622587483e-22, "dvar2": 0.000776319240686, "dvar": 0.000387734064134, "dmean": 0.00941138342023, "max": 0.294710487127, "var": 0.000838680367451, "mean": 0.0177568010986}, "melbands_crest": {"dmean2": 4.89814186096, "median": 19.8327484131, "min": 1.59582233429, "dvar2": 22.6863536835, "dvar": 9.29611968994, "dmean": 3.08179473877, "max": 34.38539505, "var": 34.7184638977, "mean": 19.7144603729}, "spectral_kurtosis": {"dmean2": 15.0188970566, "median": 17.3581542969, "min": -1.2776838541, "dvar2": 262.718658447, "dvar": 124.670806885, "dmean": 9.62153625488, "max": 168.809173584, "var": 418.174072266, "mean": 23.5791950226}, "spectral_rms": {"dmean2": 0.00125876965467, "median": 0.00353895337321, "min": 3.10589379736e-12, "dvar2": 3.47749278262e-06, "dvar": 1.8932033754e-06, "dmean": 0.000955365714617, "max": 0.0169739108533, "var": 7.02137322151e-06, "mean": 0.00393829774112}, "zerocrossingrate": {"dmean2": 0.00480804173276, "median": 0.01318359375, "min": 0.00390625, "dvar2": 5.44985741726e-05, "dvar": 3.86631691072e-05, "dmean": 0.00374734960496, "max": 0.53515625, "var": 0.00633176928386, "mean": 0.0288487523794}, "silence_rate_60dB": {"dmean2": 0.136315867305, "median": 0, "min": 0, "dvar2": 0.12823471427, "dvar": 0.0635002180934, "dmean": 0.0681477040052, "max": 1, "var": 0.157223954797, "mean": 0.195407480001}, "erbbands_kurtosis": {"dmean2": 11.6194372177, "median": 12.6201591492, "min": -1.89153194427, "dvar2": 381.067108154, "dvar": 167.683746338, "dmean": 7.61345529556, "max": 253.856109619, "var": 675.456054688, "mean": 19.8774204254}, "erbbands": {"dmean2": [0.00573487533256, 0.334003835917, 2.25656700134, 9.18380451202, 35.6866798401, 17.0051822662, 6.29492807388, 6.13781929016, 9.91998577118, 3.94221496582, 1.80072617531, 0.485185980797, 0.815915703773, 0.410393238068, 0.674521505833, 0.765891730785, 0.582294881344, 0.274375647306, 0.809750556946, 0.389280676842, 0.346213549376, 0.365225225687, 0.144200146198, 0.138029620051, 0.268351823092, 0.0900370180607, 0.150797620416, 0.544632673264, 0.103353895247, 0.0960807055235, 0.0671760812402, 0.0663010701537, 0.0606658197939, 0.0446618273854, 0.0141284232959, 0.00609355745837, 0.00119592994452, 0.000227752665523, 1.31226634039e-05, 1.57389167725e-05], "median": [0.00218963297084, 0.114614583552, 1.20426273346, 2.47924613953, 4.82705974579, 4.05541133881, 3.50013875961, 5.70026540756, 4.16781330109, 1.55195951462, 0.410783857107, 0.295533061028, 0.316317409277, 0.140964835882, 0.137649074197, 0.142805159092, 0.138407588005, 0.0800144225359, 0.0707107409835, 0.0929669216275, 0.11383780092, 0.0857066512108, 0.0537009388208, 0.0433354713023, 0.0482791177928, 0.0302299764007, 0.036911405623, 0.0409174412489, 0.0207077991217, 0.0184771120548, 0.0200164671987, 0.0157615263015, 0.0111598046497, 0.00629257503897, 0.00195725308731, 0.000727214559447, 0.000191239596461, 4.06017315981e-05, 9.24467803998e-06, 1.43014476635e-05], "min": [2.61322796629e-23, 1.34429193635e-22, 1.36875298579e-21, 2.20179000073e-21, 5.43963220051e-21, 2.33306227147e-20, 3.11346129674e-20, 5.46497228081e-20, 7.27022352811e-20, 1.35866923003e-19, 2.82244959297e-19, 3.28706608629e-19, 3.8992001606e-19, 6.21773468483e-19, 8.15682491846e-19, 1.08915315864e-18, 1.56675866233e-18, 1.77885418204e-18, 1.99240429886e-18, 1.76273946294e-18, 2.6053604356e-18, 3.65580329934e-18, 4.5859873369e-18, 5.74869556696e-18, 6.46716727623e-18, 7.02629711615e-18, 7.22483866114e-18, 9.64314005943e-18, 1.08019092554e-17, 9.75162479676e-18, 9.13327172011e-18, 1.00147674932e-17, 9.34257488487e-18, 7.85565486808e-18, 6.06519348088e-18, 4.24946751624e-18, 2.05109048857e-18, 9.0164661662e-19, 2.60268838373e-19, 2.47779593733e-20], "dvar2": [9.50238973019e-05, 0.342825233936, 16.150434494, 525.546936035, 7430.86523438, 1694.4909668, 171.978393555, 128.35760498, 560.528015137, 65.6280288696, 38.232963562, 1.21347463131, 5.3249578476, 2.51003313065, 14.2380638123, 13.554391861, 4.80056238174, 1.76638531685, 104.312217712, 6.53708553314, 3.67232441902, 27.4185276031, 0.97599363327, 1.14691734314, 11.562713623, 0.387711912394, 6.78532361984, 337.766693115, 1.37776887417, 0.0765885412693, 0.01861407049, 0.0244449991733, 0.023052284494, 0.0284014865756, 0.00174663483631, 0.000217672219151, 8.76056310517e-06, 4.02860990789e-07, 1.09626951961e-09, 9.43010447507e-10], "dvar": [0.000113940994197, 0.375272572041, 8.24070549011, 219.276092529, 3875.78393555, 925.453552246, 86.9266357422, 71.5470352173, 411.855255127, 40.4933586121, 20.3874015808, 0.684875607491, 2.58002233505, 1.28463041782, 6.89297389984, 6.34376859665, 2.12182092667, 0.800218939781, 36.3357162476, 2.38137936592, 1.34260118008, 9.17816257477, 0.338052451611, 0.458843767643, 4.57678127289, 0.155019372702, 2.28875470161, 112.755111694, 0.460296005011, 0.0295995138586, 0.00797103531659, 0.00985177792609, 0.00959432311356, 0.0102202724665, 0.00062968902057, 8.09205521364e-05, 3.31072669724e-06, 1.47679216411e-07, 4.15886630689e-10, 4.7276549342e-10], "dmean": [0.00572997936979, 0.326940000057, 1.7018969059, 6.14091444016, 24.9938545227, 12.1767091751, 4.30123329163, 4.25340604782, 7.28159666061, 2.75495028496, 1.26254141331, 0.345008671284, 0.535183608532, 0.277989923954, 0.452236503363, 0.499329268932, 0.380414992571, 0.178663939238, 0.466155081987, 0.238444715738, 0.21308426559, 0.208560094237, 0.0887894257903, 0.0837831422687, 0.153564840555, 0.0544747300446, 0.0874593853951, 0.288332611322, 0.0592465698719, 0.0566535145044, 0.041882224381, 0.0399154908955, 0.036501377821, 0.026547472924, 0.0082408869639, 0.00357535574585, 0.000707904924639, 0.000133130757604, 8.65881338541e-06, 1.14566310003e-05], "max": [0.202523142099, 10.8717498779, 54.5006866455, 177.814758301, 1086.35668945, 438.004272461, 174.279953003, 160.412979126, 557.280029297, 200.923065186, 122.353713989, 23.2500476837, 42.4073562622, 47.8344726562, 91.7041702271, 88.5492630005, 55.0717658997, 43.5008659363, 282.13180542, 47.8260345459, 46.3041687012, 157.747238159, 28.3160018921, 25.3046646118, 85.9125976562, 19.6271438599, 87.1226196289, 617.954162598, 38.9755821228, 7.47534704208, 1.87008655071, 2.43994522095, 3.51511001587, 4.73450374603, 0.912537276745, 0.165950730443, 0.0395748540759, 0.0105501329526, 0.00063728983514, 0.000322586711263], "var": [0.000811274745502, 2.4046163559, 28.9770145416, 314.678833008, 8124.41699219, 2851.08740234, 269.971160889, 491.783721924, 2258.99462891, 189.279373169, 100.326164246, 3.89869165421, 10.2501592636, 3.09798169136, 12.3929634094, 15.4031534195, 4.29297399521, 1.31728100777, 22.2766132355, 1.85484540462, 1.10548317432, 4.91596412659, 0.264591306448, 0.363984495401, 3.47533464432, 0.131659805775, 1.26207435131, 57.5484848022, 0.24116204679, 0.026735227555, 0.0168018564582, 0.0109402555972, 0.010603393428, 0.00784314237535, 0.000485891563585, 7.57605812396e-05, 3.23983749695e-06, 1.32585924462e-07, 4.79856210323e-10, 1.09182507479e-09], "mean": [0.0137762464583, 0.747969985008, 3.38681983948, 9.09170627594, 36.4095840454, 27.1333732605, 10.6534509659, 15.6195087433, 20.5657329559, 7.03931713104, 3.36523962021, 1.1241658926, 1.54833912849, 0.601634919643, 0.763878762722, 0.968307137489, 0.757526576519, 0.306102454662, 0.449963599443, 0.349237859249, 0.341091156006, 0.278519064188, 0.156140625477, 0.113532371819, 0.182509869337, 0.073470339179, 0.107116140425, 0.216865301132, 0.068102106452, 0.0670482218266, 0.0679623708129, 0.0499664358795, 0.0427750870585, 0.0277847498655, 0.00854646973312, 0.00369538157247, 0.000784744159319, 0.000145444631926, 1.56060996233e-05, 2.54331171163e-05]}, "spectral_strongpeak": {"dmean2": 0.384987473488, "median": 0.571577429771, "min": 0, "dvar2": 0.298932701349, "dvar": 0.138635143638, "dmean": 0.251296043396, "max": 4.95398330688, "var": 0.392156451941, "mean": 0.736804902554}, "spectral_energy": {"dmean2": 0.014350947924, "median": 0.0128372963518, "min": 9.88774061066e-21, "dvar2": 0.000792477745563, "dvar": 0.000396686285967, "dmean": 0.0104406131431, "max": 0.295316487551, "var": 0.000912897288799, "mean": 0.023094881326}, "average_loudness": 0.864756703377, "spectral_rolloff": {"dmean2": 130.408615112, "median": 279.931640625, "min": 107.666015625, "dvar2": 208772.6875, "dvar": 112760.390625, "dmean": 77.1074752808, "max": 19595.2148438, "var": 8863660, "mean": 811.956176758}, "spectral_centroid": {"dmean2": 101.352340698, "median": 275.492858887, "min": 109.106376648, "dvar2": 81613.4296875, "dvar": 41047.78125, "dmean": 65.0130157471, "max": 11760.4736328, "var": 2769333.5, "mean": 579.225097656}, "pitch_salience": {"dmean2": 0.119257189333, "median": 0.429280251265, "min": 0.0406122617424, "dvar2": 0.0142009155825, "dvar": 0.00593252573162, "dmean": 0.0753375887871, "max": 0.854161083698, "var": 0.0216242410243, "mean": 0.426151871681}, "spectral_energyband_middle_high": {"dmean2": 8.28625634313e-05, "median": 4.07035804528e-05, "min": 1.10315874086e-21, "dvar2": 1.18671223959e-07, "dvar": 4.89944866899e-08, "dmean": 5.48193820578e-05, "max": 0.00685362517834, "var": 7.34941707492e-08, "mean": 0.000114002403279}, "spectral_contrast_coeffs": {"dmean2": [0.0802300423384, 0.066565670073, 0.0521872490644, 0.0450971871614, 0.0402639210224, 0.0321881435812], "median": [-0.538733005524, -0.611297249794, -0.779099941254, -0.792386770248, -0.801544845104, -0.808455467224], "min": [-0.981237471104, -0.978398919106, -0.981021463871, -0.970000565052, -0.968422293663, -0.964705824852], "dvar2": [0.00555762974545, 0.00348664820194, 0.00191889982671, 0.00151379301678, 0.0012934562983, 0.000838915118948], "dvar": [0.00265694549307, 0.00165745057166, 0.000913370982744, 0.000688117230311, 0.000633336720057, 0.000440755102318], "dmean": [0.0509877800941, 0.0437428429723, 0.0334200970829, 0.0291457530111, 0.027016190812, 0.0225024130195], "max": [-0.195781841874, -0.351988017559, -0.52899825573, -0.575282752514, -0.577946007252, -0.503619432449], "var": [0.0166566967964, 0.0124390386045, 0.00643462128937, 0.00435564480722, 0.00365428579971, 0.00292634963989], "mean": [-0.545392692089, -0.622244238853, -0.777004241943, -0.790681242943, -0.802285134792, -0.808205783367]}, "melbands_skewness": {"dmean2": 1.66052949429, "median": 2.78469753265, "min": -1.61240792274, "dvar2": 4.35510110855, "dvar": 1.8237195015, "dmean": 1.06299698353, "max": 19.4942989349, "var": 6.79599523544, "mean": 3.28974056244}, "spectral_spread": {"dmean2": 1433953.375, "median": 3076621, "min": 771489.5625, "dvar2": 2604003753980.0, "dvar": 1213418569730.0, "dmean": 884449.1875, "max": 43281408, "var": 35337573236700.0, "mean": 4311449}, "dissonance": {"dmean2": 0.0590225346386, "median": 0.361443728209, "min": 0.11999066174, "dvar2": 0.00264169694856, "dvar": 0.00112706259824, "dmean": 0.0367144942284, "max": 0.500000178814, "var": 0.00419365754351, "mean": 0.361473292112}, "spectral_skewness": {"dmean2": 1.16375803947, "median": 3.58938193321, "min": -0.0994255468249, "dvar2": 1.19756865501, "dvar": 0.586637020111, "dmean": 0.761064767838, "max": 11.4872159958, "var": 2.73961567879, "mean": 3.79110980034}, "spectral_flux": {"dmean2": 0.0517758503556, "median": 0.0332552306354, "min": 6.29657020967e-11, "dvar2": 0.00558587349951, "dvar": 0.0022312591318, "dmean": 0.0320866331458, "max": 0.388699412346, "var": 0.00274084857665, "mean": 0.0507437624037}, "spectral_contrast_valleys": {"dmean2": [0.75517565012, 0.697437405586, 0.675585985184, 0.664103209972, 0.715629935265, 0.783024787903], "median": [-8.05982494354, -8.42554950714, -9.6845664978, -10.4675216675, -10.6639318466, -12.6124954224], "min": [-28.0286750793, -28.3554344177, -27.8257961273, -27.7227935791, -27.5836963654, -27.4280204773], "dvar2": [0.419565469027, 0.420600265265, 0.426520079374, 0.397133886814, 0.478800535202, 0.58711129427], "dvar": [0.216131851077, 0.222157567739, 0.214332044125, 0.196758970618, 0.227778106928, 0.272064954042], "dmean": [0.504492759705, 0.455403953791, 0.441865503788, 0.44331869483, 0.47516694665, 0.50330221653], "max": [-5.69806146622, -5.62125873566, -7.07915401459, -7.53773975372, -7.51055240631, -9.81945991516], "var": [10.1776847839, 9.58333301544, 8.27503299713, 7.51133108139, 7.22964191437, 5.82624435425], "mean": [-8.62705802917, -8.96767139435, -10.1701183319, -10.8956222534, -11.0167646408, -12.7769680023]}, "erbbands_flatness_db": {"dmean2": 0.0405437499285, "median": 0.255703628063, "min": 0.041331268847, "dvar2": 0.00175255734939, "dvar": 0.000885386776645, "dmean": 0.0275464747101, "max": 0.467846781015, "var": 0.0047708931379, "mean": 0.253094673157}, "spectral_energyband_high": {"dmean2": 2.20661640924e-05, "median": 5.92587684878e-06, "min": 6.8525265609e-21, "dvar2": 1.17136259803e-07, "dvar": 3.92115531156e-08, "dmean": 1.26227050714e-05, "max": 0.0114768203348, "var": 2.03659400455e-08, "mean": 1.44415043906e-05}, "spectral_entropy": {"dmean2": 0.559410631657, "median": 5.47815322876, "min": 3.40133666992, "dvar2": 0.351585000753, "dvar": 0.166195303202, "dmean": 0.364402592182, "max": 9.82707118988, "var": 1.02320992947, "mean": 5.65432024002}, "silence_rate_20dB": {"dmean2": 0, "median": 1, "min": 1, "dvar2": 0, "dvar": 0, "dmean": 0, "max": 1, "var": 0, "mean": 1}, "melbands_flatness_db": {"dmean2": 0.0544515289366, "median": 0.430541187525, "min": 0.00308633618988, "dvar2": 0.00325984670781, "dvar": 0.00173751835246, "dmean": 0.0371709056199, "max": 0.735519647598, "var": 0.0130567243323, "mean": 0.421290129423}, "barkbands": {"dmean2": [4.75892375107e-06, 0.00104318070225, 0.00203131232411, 0.00579004269093, 0.0077113667503, 0.000655901152641, 0.000606549263466, 0.000116494673421, 2.71052285825e-05, 1.72934160219e-05, 1.29205727717e-05, 2.50667508226e-05, 1.20897830129e-05, 5.27713473275e-06, 1.4885602468e-05, 6.76774743624e-06, 5.88013381275e-06, 1.93903019863e-06, 5.03376577399e-06, 1.78249138116e-06, 1.04028358692e-05, 2.44764441959e-06, 2.54717110693e-06, 3.51707080881e-06, 2.87336888505e-06, 9.62746867117e-07, 5.87637281058e-08], "median": [4.66095002594e-07, 0.000305541791022, 0.000921870989259, 0.00063437782228, 0.00160388031509, 0.000585323723499, 0.000106193343527, 1.0168200788e-05, 8.66156642587e-06, 2.87537545773e-06, 1.2965631413e-06, 3.52988604391e-06, 2.67317750513e-06, 8.34030629449e-07, 1.67417692865e-06, 1.76883986569e-06, 1.16440787679e-06, 7.43608552511e-07, 9.06895934349e-07, 5.53472887077e-07, 1.10978476187e-06, 5.06143862822e-07, 7.3026615155e-07, 7.50224501189e-07, 4.12240439118e-07, 1.25275789742e-07, 1.06925792664e-08], "min": [8.00538610416e-25, 3.22214600124e-25, 1.55367585094e-25, 7.3244650366e-26, 9.45342983141e-24, 4.20886165245e-24, 6.3425300304e-24, 5.62959146528e-24, 1.26217216299e-23, 1.53265970895e-23, 1.25713828378e-23, 2.119133458e-23, 2.76071718766e-23, 3.48350941435e-23, 3.99582944945e-23, 4.05641838459e-23, 5.49549094896e-23, 8.6992993164e-23, 1.18660899125e-22, 1.52373671393e-22, 2.68153814575e-22, 2.99398512438e-22, 3.23306349499e-22, 5.83960128971e-22, 8.87356487503e-22, 1.25874159939e-21, 1.84586969278e-21], "dvar2": [4.68436622825e-10, 3.42793600794e-06, 1.36042599479e-05, 0.000227295298828, 0.000305895140627, 1.51182894115e-06, 2.24053178499e-06, 1.71592432707e-07, 5.0799600082e-09, 3.91102528141e-09, 8.33673396983e-09, 1.8721898698e-08, 2.59120125357e-09, 9.38162325603e-10, 3.07756167217e-08, 1.21557608423e-09, 7.7432895651e-09, 3.62938706866e-11, 3.76494213583e-09, 1.26225932484e-10, 1.02340351305e-07, 1.6117399082e-10, 2.66520173986e-11, 6.74756570063e-11, 1.00074074028e-10, 5.09350027433e-12, 4.22976269895e-14], "dvar": [1.68788052979e-10, 4.16510192736e-06, 5.96398467678e-06, 9.59305543802e-05, 0.000164476034115, 7.55704945732e-07, 1.64565597061e-06, 8.20136492052e-08, 2.65033928137e-09, 2.19087370468e-09, 3.91839716229e-09, 9.16696762943e-09, 1.09924491731e-09, 3.84202669679e-10, 1.06320481308e-08, 4.66313376801e-10, 2.59200128028e-09, 1.50967606471e-11, 1.49379608683e-09, 4.98508352653e-11, 3.41816921434e-08, 5.5424248524e-11, 1.08310860281e-11, 2.81343455477e-11, 3.60422976187e-11, 1.91809350521e-12, 1.51562010826e-14], "dmean": [2.64622485702e-06, 0.00106127106119, 0.00141634221654, 0.00385460723191, 0.00553325610235, 0.000442914286396, 0.000445624726126, 7.79350884841e-05, 1.86105753528e-05, 1.15037728392e-05, 8.38856340124e-06, 1.68720125657e-05, 7.84346502769e-06, 3.38617223861e-06, 8.62340584717e-06, 4.15602835346e-06, 3.34980177286e-06, 1.23581173739e-06, 2.94148935609e-06, 1.08636777441e-06, 5.59792215427e-06, 1.42394662817e-06, 1.56742078161e-06, 2.10152620639e-06, 1.7097250975e-06, 5.66673747926e-07, 3.37622445556e-08], "max": [0.000393851136323, 0.0371351465583, 0.0418520048261, 0.120341226459, 0.247563913465, 0.0151032293215, 0.0386204309762, 0.00746649689972, 0.0016701342538, 0.00170678144787, 0.00309259002097, 0.00420621549711, 0.00150577805471, 0.000669134024065, 0.0045171668753, 0.00079550629016, 0.00267323595472, 0.000128438914544, 0.00147051655222, 0.000369312299881, 0.0107546644285, 0.000373727089027, 5.01369468111e-05, 0.000147243277752, 0.00027488230262, 2.36613504967e-05, 3.67817187907e-06], "var": [1.11113895862e-10, 2.78625393548e-05, 1.59787705343e-05, 0.000130336236907, 0.000419093179516, 4.05113678426e-06, 8.83366465132e-06, 3.57969099696e-07, 1.58945088202e-08, 8.65586802234e-09, 6.53996945488e-09, 2.02852543651e-08, 1.5557793942e-09, 4.34965674589e-10, 6.33916563686e-09, 4.3998338306e-10, 1.37847155912e-09, 3.00206907944e-11, 1.13775577848e-09, 4.31363035569e-11, 1.74938818986e-08, 3.39649246228e-11, 1.87578008681e-11, 3.11970518863e-11, 2.77609341764e-11, 1.92007347521e-12, 1.1465153371e-14], "mean": [2.07462608159e-06, 0.00246558175422, 0.00274407467805, 0.00493050413206, 0.00994584802538, 0.0014711371623, 0.00115626235493, 0.000188999023521, 5.98745355092e-05, 2.74915964837e-05, 1.2360736946e-05, 3.18887177855e-05, 1.39037128974e-05, 4.71663679491e-06, 8.96340043255e-06, 6.08740947428e-06, 4.20805827162e-06, 2.29821375797e-06, 3.42608859683e-06, 1.48530057231e-06, 4.73174259241e-06, 1.67307314314e-06, 2.40603594648e-06, 2.51656615546e-06, 1.79695746283e-06, 6.03819160006e-07, 3.42335120251e-08]}, "erbbands_skewness": {"dmean2": 1.10114836693, "median": 2.70236563683, "min": -7.90433502197, "dvar2": 1.70928287506, "dvar": 0.770624935627, "dmean": 0.735584199429, "max": 13.2115840912, "var": 3.69958019257, "mean": 2.95218658447}, "erbbands_spread": {"dmean2": 9.01315402985, "median": 10.0768661499, "min": 0.761417090893, "dvar2": 233.367965698, "dvar": 97.8116912842, "dmean": 5.61896133423, "max": 145.794921875, "var": 227.712295532, "mean": 15.2948818207}, "melbands_kurtosis": {"dmean2": 37.138343811, "median": 25.4527740479, "min": -1.70356738567, "dvar2": 3819.79101562, "dvar": 1544.71484375, "dmean": 23.1286735535, "max": 796.245544434, "var": 7135.36914062, "mean": 49.8472442627}, "melbands": {"dmean2": [0.000157662419952, 0.000909839640372, 0.00255836034194, 0.00197831657715, 0.000289440824417, 0.000131233682623, 0.000146142585436, 3.91685425711e-05, 1.1820607142e-05, 3.4145