{"tonal": {"thpcp": [1, 0.748914361, 0.385758668184, 0.35972443223, 0.445662617683, 0.470539301634, 0.487336963415, 0.472204685211, 0.372044324875, 0.40161216259, 0.431266248226, 0.399542123079, 0.659264922142, 0.763130426407, 0.465681016445, 0.307354360819, 0.370864003897, 0.463079720736, 0.486928284168, 0.455534309149, 0.377251148224, 0.368612110615, 0.391415953636, 0.337543457747, 0.325989633799, 0.337160944939, 0.340061575174, 0.501022696495, 0.588242292404, 0.432546526194, 0.359006464481, 0.379189729691, 0.398064702749, 0.529947817326, 0.590128004551, 0.747305989265], "hpcp": {"dmean2": [0.308383047581, 0.309597581625, 0.231881693006, 0.19917473197, 0.262845188379, 0.272662997246, 0.256541609764, 0.245593696833, 0.199960485101, 0.203903689981, 0.221996158361, 0.199621200562, 0.200656831264, 0.208574175835, 0.207791060209, 0.27408900857, 0.294291913509, 0.224880218506, 0.20454056561, 0.23508001864, 0.222265288234, 0.242678701878, 0.266439318657, 0.353263944387, 0.467017620802, 0.319271594286, 0.230205863714, 0.213712915778, 0.248996973038, 0.2711802423, 0.27257207036, 0.265410423279, 0.21416914463, 0.246201872826, 0.29945731163, 0.243647098541], "median": [0.261693298817, 0.286021858454, 0.188666343689, 0.0883533284068, 0.11070279032, 0.144689947367, 0.177873536944, 0.161584079266, 0.125271856785, 0.118531644344, 0.13415466249, 0.113057248294, 0.101605243981, 0.101904824376, 0.105533160269, 0.201571285725, 0.230369418859, 0.18128824234, 0.112057253718, 0.116115689278, 0.123767763376, 0.154308930039, 0.184592798352, 0.388014435768, 0.431561261415, 0.385911017656, 0.118289656937, 0.113378889859, 0.136585593224, 0.133483752608, 0.161925002933, 0.142612636089, 0.111372664571, 0.138425961137, 0.14260622859, 0.124536216259], "min": [0, 0, 0, 0, 0, 0, 0, 0, 0, 0, 0, 0, 0, 0, 0, 0, 0, 0, 0, 0, 0, 0, 0, 0, 0, 0, 0, 0, 0, 0, 0, 0, 0, 0, 0, 0], "dvar2": [0.104366198182, 0.104306086898, 0.067896977067, 0.0702354982495, 0.102701619267, 0.0919480919838, 0.0732638537884, 0.0736888423562, 0.0529612749815, 0.0692350566387, 0.0667538940907, 0.0562042221427, 0.0617832392454, 0.0714199393988, 0.0617127530277, 0.0732992365956, 0.0805718004704, 0.0578718073666, 0.0586920306087, 0.0784287080169, 0.0695511177182, 0.0732246115804, 0.0709922462702, 0.10076636821, 0.216041877866, 0.0855698436499, 0.0798234343529, 0.0713938102126, 0.0913712605834, 0.0930970683694, 0.0933420807123, 0.103343501687, 0.0763736888766, 0.0779999867082, 0.108297713101, 0.0809598863125], "dvar": [0.0412221066654, 0.0410966984928, 0.0252522025257, 0.0259588211775, 0.0387080013752, 0.0400631912053, 0.031575191766, 0.0295695420355, 0.0212808959186, 0.0258333794773, 0.0252304431051, 0.0209103133529, 0.0227657165378, 0.0259779058397, 0.0227688029408, 0.0280153155327, 0.0322222076356, 0.0220305155963, 0.0229954365641, 0.0317674130201, 0.028722833842, 0.0292889624834, 0.0284825917333, 0.0356929600239, 0.0846979990602, 0.0348810628057, 0.0288713052869, 0.0260530151427, 0.034632910043, 0.0356863178313, 0.0349131375551, 0.0387483611703, 0.0273382179439, 0.0294896773994, 0.040989048779, 0.030961047858], "dmean": [0.181707814336, 0.180555090308, 0.136288791895, 0.115557014942, 0.150585860014, 0.162976771593, 0.158440500498, 0.148810878396, 0.120501317084, 0.119157247245, 0.130259230733, 0.117555201054, 0.117503605783, 0.121390655637, 0.120484404266, 0.162508353591, 0.175069615245, 0.134474739432, 0.120217725635, 0.139578327537, 0.133819952607, 0.142266705632, 0.152972251177, 0.201478943229, 0.26029253006, 0.187277078629, 0.134421646595, 0.12697583437, 0.147837936878, 0.160080701113, 0.16119171679, 0.153871923685, 0.124238684773, 0.145064994693, 0.174184784293, 0.144224911928], "max": [1, 1, 1, 1, 1, 1, 1, 1, 1, 1, 1, 1, 1, 1, 1, 1, 1, 1, 1, 1, 1, 1, 1, 1, 1, 1, 1, 1, 1, 1, 1, 1, 1, 1, 1, 1], "var": [0.084526732564, 0.116727165878, 0.0471135191619, 0.0356611981988, 0.0468905754387, 0.06726000458, 0.0599995851517, 0.0542495474219, 0.0427975021303, 0.0484205745161, 0.0460814535618, 0.0350553169847, 0.0354489795864, 0.0396255515516, 0.0383594557643, 0.0528866611421, 0.0729122161865, 0.0378675274551, 0.0390789173543, 0.0461458191276, 0.0494573749602, 0.0839099809527, 0.0942589938641, 0.0598066821694, 0.136186614633, 0.0697806924582, 0.0455783680081, 0.0401970520616, 0.0613414421678, 0.0695011988282, 0.062498703599, 0.0680954828858, 0.0438730567694, 0.0433671437204, 0.0526428632438, 0.0468365885317], "mean": [0.336077839136, 0.389026015997, 0.237393274903, 0.156682059169, 0.189057782292, 0.236067205667, 0.248224645853, 0.232220724225, 0.192313805223, 0.187909826636, 0.19953468442, 0.172071754932, 0.166181877255, 0.171876758337, 0.173355430365, 0.255409657955, 0.299872159958, 0.220502093434, 0.183013096452, 0.193302050233, 0.202924072742, 0.270154982805, 0.300833433867, 0.380959093571, 0.509776592255, 0.381779015064, 0.196650743484, 0.183379098773, 0.227188363671, 0.2398699224, 0.248432978988, 0.240718901157, 0.189659491181, 0.204732477665, 0.219849437475, 0.203677222133]}, "tuning_equal_tempered_deviation": 0.229251667857, "chords_changes_rate": 0.0668322443962, "key_key": "A#", "tuning_diatonic_strength": 0.448220223188, "key_scale": "major", "chords_number_rate": 0.00338676897809, "tuning_frequency": 434.193115234, "tuning_nontempered_energy_ratio": 0.87947756052, "chords_histogram": [8.98622703552, 28.2230758667, 2.77715063095, 12.3278388977, 1.17407989502, 10.6570329666, 4.31248569489, 1.15150141716, 3.38676905632, 0.316098451614, 2.30300283432, 0.0451569184661, 1.10634458065, 0.180627673864, 0.0677353814244, 6.81869506836, 1.28697228432, 10.4989843369, 3.31903362274, 0.812824547291, 0, 0, 0, 0.248363062739], "key_strength": 0.55026948452, "chords_key": "D", "chords_strength": {"dmean2": 0.0110126491636, "median": 0.419564217329, "min": -1, "dvar2": 0.000934170326218, "dvar": 0.000493337865919, "dmean": 0.00896114483476, "max": 0.696974515915, "var": 0.0449104979634, "mean": 0.420646458864}, "chords_scale": "minor", "hpcp_entropy": {"dmean2": 1.04006290436, "median": 2.7481007576, "min": 0, "dvar2": 0.721331715584, "dvar": 0.261247634888, "dmean": 0.613342046738, "max": 4.58810710907, "var": 0.826427280903, "mean": 2.67029047012}}, "metadata": {"audio_properties": {"equal_loudness": 0, "codec": "flac", "downmix": "mix", "sample_rate": 44100, "analysis_sample_rate": 44100, "bit_rate": 0, "md5_encoded": "372e5503fadb9c041850e6b5875f740e", "length": 205.600006104, "replay_gain": -10.6166133881, "lossless": true}, "version": {"essentia_build_sha": "70f2e5ece6736b2c40cc944ad0e695b16b925413", "essentia": "2.1-beta2", "extractor": "music 1.0", "essentia_git_sha": "v2.1_beta2"}, "tags": {"title": ["Penumbra (alternative end)"], "artist": ["raison d'\u00eatre"], "date": ["1993"], "genre": ["Dark Ambient / Industrial"], "musicbrainz_albumid": ["3242f1be-5633-474b-a114-47a013418234"], "album": ["Prospectus I"], "tracknumber": ["13"], "musicbrainz_artistid": ["1b7ef3e1-f3be-460d-ab5a-2ae848f1ab87"], "musicbrainz_recordingid": ["056ad6a9-fa1d-4d09-ad2f-192bfaf67d82"], "file_name": "13. raison d'etre - Penumbra (alternative end).flac"}}, "rhythm": {"bpm_histogram_first_peak_bpm": {"dmean2": 0, "median": 99, "min": 99, "dvar2": 0, "dvar": 0, "dmean": 0, "max": 99, "var": 0, "mean": 99}, "bpm": 99.9581680298, "bpm_histogram_second_peak_spread": {"dmean2": 0, "median": 0.384615361691, "min": 0.384615361691, "dvar2": 0, "dvar": 0, "dmean": 0, "max": 0.384615361691, "var": 0, "mean": 0.384615361691}, "bpm_histogram_first_peak_weight": {"dmean2": 0, "median": 0.530612230301, "min": 0.530612230301, "dvar2": 0, "dvar": 0, "dmean": 0, "max": 0.530612230301, "var": 0, "mean": 0.530612230301}, "onset_rate": 2.60684275627, "beats_position": [0.66176867485, 1.3235373497, 1.97369611263, 2.62385487556, 3.32045340538, 4.01705217361, 4.72526073456, 5.4334692955, 6.10684776306, 6.78022670746, 7.46521520615, 8.13859367371, 8.8119726181, 9.39247131348, 9.97297000885, 10.5534696579, 11.1455783844, 11.7376871109, 12.3297958374, 12.9451246262, 13.4559631348, 13.966802597, 14.4892511368, 14.9652605057, 15.4412698746, 15.9288883209, 16.4165077209, 16.8809070587, 17.3569164276, 17.8677539825, 18.390203476, 18.9126529694, 19.5279808044, 20.1433105469, 20.758638382, 21.3623580933, 21.9660758972, 22.5581855774, 23.1502952576, 23.7424030304, 24.3461227417, 24.9382305145, 25.5419502258, 26.1456680298, 26.7493877411, 27.353105545, 27.9568252563, 28.5605430603, 29.1642627716, 29.7679805756, 30.3717002869, 30.9638080597, 31.5559177399, 32.1596374512, 32.7633552551, 33.3554649353, 33.9475746155, 34.5512924194, 35.1434020996, 35.7355079651, 36.3392295837, 36.9545555115, 37.5698852539, 38.1736030579, 38.765712738, 39.3578224182, 39.9499320984, 40.5420417786, 41.1457595825, 41.7494773865, 42.3531951904, 42.9569168091, 43.560634613, 44.164352417, 44.7680702209, 45.3717918396, 45.9755096436, 46.5676193237, 47.1597251892, 47.7634468079, 48.3671646118, 48.9708824158, 49.5746040344, 50.1667098999, 50.7588195801, 51.3509292603, 51.9430389404, 52.5467567444, 53.1504745483, 53.7541923523, 54.3579139709, 54.9616317749, 55.5653495789, 56.1690673828, 56.7727890015, 57.3765068054, 57.9686164856, 58.5607261658, 59.1644439697, 59.7681617737, 60.3718795776, 60.9756011963, 61.5793190002, 62.1714286804, 62.7635345459, 63.3672561646, 63.9709739685, 64.563079834, 65.1551895142, 65.7589111328, 66.3626327515, 66.9663467407, 67.5700683594, 68.1737823486, 68.7775039673, 69.3696136475, 69.9617233276, 70.5654373169, 71.1691589355, 71.7728805542, 72.3649902344, 72.9570999146, 73.5608139038, 74.1645355225, 74.7682495117, 75.3719711304, 75.9640808105, 76.5561904907, 77.15990448, 77.7636260986, 78.3673477173, 78.9710617065, 79.5747833252, 80.1785049438, 80.7590026855, 81.3627166748, 81.9664382935, 82.5701599121, 83.1738739014, 83.7659835815, 84.3580932617, 84.9618148804, 85.5655288696, 86.1692504883, 86.7729721069, 87.3766860962, 87.9687957764, 88.5609054565, 89.1646270752, 89.7683410645, 90.3720626831, 90.9757843018, 91.579498291, 92.1832199097, 92.7869338989, 93.4022674561, 94.0175933838, 94.6329269409, 95.2830810547, 95.9332427979, 96.5950088501, 97.2567749023, 97.918548584, 98.5570983887, 99.1956481934, 99.8109741211, 100.426300049, 101.041633606, 101.633743286, 102.225845337, 102.806350708, 103.38684845, 103.967346191, 104.536231995, 105.116729736, 105.697235107, 106.277732849, 106.858230591, 107.438728333, 108.019226074, 108.622947693, 109.226661682, 109.830383301, 110.434104919, 111.037818909, 111.641540527, 112.245262146, 112.848976135, 113.452697754, 114.056411743, 114.660133362, 115.26385498, 115.86756897, 116.471290588, 117.075012207, 117.667114258, 118.259223938, 118.862945557, 119.455055237, 120.047164917, 120.639274597, 121.242988586, 121.846710205, 122.450431824, 123.054145813, 123.657867432, 124.249977112, 124.842086792, 125.445800781, 126.0495224, 126.653244019, 127.256958008, 127.860679626, 128.464401245, 129.068115234, 129.660217285, 130.263946533, 130.867660522, 131.471374512, 132.063491821, 132.655593872, 133.25932312, 133.851425171, 134.44354248, 135.035644531, 135.639358521, 136.243087769, 136.846801758, 137.450515747, 138.054244995, 138.646347046, 139.250061035, 139.853790283, 140.457504272, 141.061218262, 141.66494751, 142.268661499, 142.872375488, 143.464492798, 144.068206787, 144.660308838, 145.264038086, 145.856140137, 146.459854126, 147.063583374, 147.655685425, 148.259414673, 148.863128662, 149.466842651, 150.070556641, 150.674285889, 151.266387939, 151.858505249, 152.462219238, 153.054321289, 153.646438599, 154.250152588, 154.853881836, 155.457595825, 156.061309814, 156.665023804, 157.268753052, 157.872467041, 158.464584351, 159.056686401, 159.660400391, 160.264129639, 160.867843628, 161.471557617, 162.075286865, 162.667388916, 163.271102905, 163.874832153, 164.466934204, 165.070648193, 165.662765503, 166.266479492, 166.858596802, 167.462310791, 168.06602478, 168.669754028, 169.273468018, 169.877182007, 170.469299316, 171.073013306, 171.676727295, 172.280456543, 172.884170532, 173.49949646, 174.114822388, 174.718551636, 175.322265625, 175.925979614, 176.541305542, 177.098587036, 177.667480469, 178.236373901, 178.700775146, 179.176773071, 179.641174316, 180.1171875, 180.569976807, 181.022766113, 181.47555542, 181.928344727, 182.381134033, 182.91519165, 183.449249268, 183.994918823, 184.552200317, 185.109481812, 185.666748047, 186.282089233, 186.897415161, 187.524353027, 188.151290894, 188.882720947, 189.614151001, 190.333969116, 191.053787231, 191.773605347, 192.493423462, 193.213241577, 193.921447754, 194.641265869, 195.256591797, 195.871917725, 196.452423096, 197.032928467, 197.625030518, 198.135864258, 198.658325195, 199.145935059, 199.633560181, 200.121170044, 200.608795166, 201.073196411, 201.537597656, 202.10647583, 202.640533447, 203.174606323, 203.70866394, 204.254333496, 204.788391113], "beats_loudness": {"dmean2": 0.0116330180317, "median": 0.00963772274554, "min": 0, "dvar2": 0.000112607260235, "dvar": 4.219098264e-05, "dmean": 0.00629542954266, "max": 0.0592029467225, "var": 0.000277246464975, "mean": 0.0157257895917}, "danceability": 1.03668951988, "bpm_histogram_second_peak_weight": {"dmean2": 0, "median": 0.0233236160129, "min": 0.0233236160129, "dvar2": 0, "dvar": 0, "dmean": 0, "max": 0.0233236160129, "var": 0, "mean": 0.0233236160129}, "beats_count": 344, "bpm_histogram_second_peak_bpm": {"dmean2": 0, "median": 83, "min": 83, "dvar2": 0, "dvar": 0, "dmean": 0, "max": 83, "var": 0, "mean": 83}, "bpm_histogram_first_peak_spread": {"dmean2": 0, "median": 0.325925886631, "min": 0.325925886631, "dvar2": 0, "dvar": 0, "dmean": 0, "max": 0.325925886631, "var": 0, "mean": 0.325925886631}, "beats_loudness_band_ratio": {"dmean2": [0.141568437219, 0.143882900476, 0.20084528625, 0.140574410558, 0.149116411805, 0.177789866924], "median": [0.0852217227221, 0.110784493387, 0.132649689913, 0.146539479494, 0.128855854273, 0.0838013738394], "min": [0, 0, 0, 0, 0, 0], "dvar2": [0.0284455567598, 0.028255276382, 0.0316882431507, 0.0281512476504, 0.0278315711766, 0.0326615832746], "dvar": [0.015151576139, 0.00910573266447, 0.0122851328924, 0.0102538065985, 0.0108919376507, 0.016045216471], "dmean": [0.100072845817, 0.0862059518695, 0.117013990879, 0.0833917930722, 0.0887538567185, 0.102570615709], "max": [0.907590687275, 0.670534193516, 0.750306129456, 0.747238397598, 0.709046840668, 0.996959030628], "var": [0.0734380558133, 0.0118479467928, 0.0190278682858, 0.0220171567053, 0.035785138607, 0.0298555064946], "mean": [0.218022927642, 0.128850951791, 0.173582226038, 0.175495550036, 0.195815399289, 0.140192821622]}}, "lowlevel": {"barkbands_spread": {"dmean2": 7.53402853012, "median": 17.8349571228, "min": 0.076835796237, "dvar2": 64.2458877563, "dvar": 25.3276367188, "dmean": 4.55088424683, "max": 121.94543457, "var": 198.165786743, "mean": 21.2207603455}, "melbands_spread": {"dmean2": 12.2146663666, "median": 30.6592597961, "min": 0.898003578186, "dvar2": 188.654067993, "dvar": 80.520362854, "dmean": 7.78271532059, "max": 192.00340271, "var": 677.02130127, "mean": 35.9622535706}, "hfc": {"dmean2": 4.78673934937, "median": 4.37306594849, "min": 1.0571840714e-16, "dvar2": 103.739646912, "dvar": 64.9962387085, "dmean": 3.41351079941, "max": 164.130233765, "var": 389.658752441, "mean": 11.714474678}, "barkbands_kurtosis": {"dmean2": 12.8020172119, "median": 0.153861999512, "min": -1.91520869732, "dvar2": 16005.1826172, "dvar": 6151.52539062, "dmean": 7.85700178146, "max": 4808.40478516, "var": 58872.0351562, "mean": 23.3839874268}, "gfcc": {"mean": [-163.817489624, 134.411422729, -187.41229248, 31.5578384399, -44.5779914856, -26.0003261566, -3.31265902519, -14.9940805435, -7.00263118744, 1.71287071705, -3.15404343605, -1.34246718884, -1.26160919666], "icov": [[0.000337688368745, -0.000690901244525, 0.000512506696396, -0.000995105947368, 0.000698453164659, -0.00033297916525, 0.000473137915833, -0.000571023323573, 0.000367771252058, -0.000686770305037, 0.000156282709213, -0.000556807674002, 0.000212542887311], [-0.000690901244525, 0.00213770754635, -0.00107534846757, 0.00165795197245, -0.00137722364161, 0.000945533392951, -0.00108220428228, 0.00171101943124, -0.00117356213741, 0.00157130451407, -0.000626849243417, 0.00159946968779, -0.000762363139074], [0.000512506696396, -0.00107534846757, 0.00136987667065, -0.00143478333484, 0.000858955201693, -0.00133953650948, 0.00100466585718, -0.00104375730734, 0.000426744314609, -0.00101120292675, 0.00023947970476, -0.000906529545318, 0.000738535542041], [-0.000995105947368, 0.00165795197245, -0.00143478333484, 0.004883505404, -0.00131433177739, 0.000176921341335, -0.00261752749793, 0.000834518577904, -0.000390058092307, 0.00117347564083, 0.000466776982648, 0.00188334612176, -0.000768494443037], [0.000698453164659, -0.00137722364161, 0.000858955201693, -0.00131433177739, 0.00469050137326, -5.85659563512e-06, -0.00163744355086, -0.00188353937119, 0.00120188936125, -0.00175917334855, 0.00164879998192, -0.000704287784174, 0.000566273462027], [-0.00033297916525, 0.000945533392951, -0.00133953650948, 0.000176921341335, -5.85659563512e-06, 0.00481097446755, -0.000134951304062, -0.00110668374691, -0.00209226924926, 0.00140529789496, 0.00166946614627, -0.00148385961074, 0.00126106466632], [0.000473137915833, -0.00108220428228, 0.00100466585718, -0.00261752749793, -0.00163744355086, -0.000134951304062, 0.00718702189624, -0.00102187192533, -0.00326547003351, -0.000712739129085, 0.000125528604258, -0.00287761352956, 4.63365067844e-05], [-0.000571023323573, 0.00171101943124, -0.00104375730734, 0.000834518577904, -0.00188353937119, -0.00110668374691, -0.00102187192533, 0.0103715267032, 0.000179426933755, -0.00127922091633, -0.000187742858543, 0.00496239867061, -0.00336706521921], [0.000367771252058, -0.00117356213741, 0.000426744314609, -0.000390058092307, 0.00120188936125, -0.00209226924926, -0.00326547003351, 0.000179426933755, 0.0127252107486, -0.00334094115533, -0.00405500410125, 8.60740692588e-05, 0.00100973562803], [-0.000686770305037, 0.00157130451407, -0.00101120292675, 0.00117347564083, -0.00175917334855, 0.00140529789496, -0.000712739129085, -0.00127922091633, -0.00334094115533, 0.0148992165923, -0.00285223056562, -0.000791451020632, -0.00352699146606], [0.000156282709213, -0.000626849243417, 0.00023947970476, 0.000466776982648, 0.00164879998192, 0.00166946614627, 0.000125528604258, -0.000187742858543, -0.00405500410125, -0.00285223056562, 0.0147859482095, -0.00285977357998, -0.00277840415947], [-0.000556807674002, 0.00159946968779, -0.000906529545318, 0.00188334612176, -0.000704287784174, -0.00148385961074, -0.00287761352956, 0.00496239867061, 8.60740692588e-05, -0.000791451020632, -0.00285977357998, 0.0225500054657, -0.00837926380336], [0.000212542887311, -0.000762363139074, 0.000738535542041, -0.000768494443037, 0.000566273462027, 0.00126106466632, 4.63365067844e-05, -0.00336706521921, 0.00100973562803, -0.00352699146606, -0.00277840415947, -0.00837926380336, 0.0183426197618]], "cov": [[32229.2226562, 4476.38183594, -3466.35791016, 3429.98901367, -1708.23657227, 79.3714828491, 29.2381916046, 223.547485352, 21.667974472, 445.187072754, 163.017089844, 125.332481384, 350.467224121], [4476.38183594, 1819.00134277, -374.792877197, 294.04498291, -14.7623910904, -193.965118408, 178.220825195, -98.9105529785, 116.112129211, 45.9655227661, 104.08014679, 13.8757095337, 70.8772506714], [-3466.35791016, -374.792877197, 3093.43676758, 176.036437988, -59.6300621033, 841.435791016, -200.346755981, 179.972442627, -9.99929714203, -89.2876205444, -185.03742981, -56.513053894, -185.516082764], [3429.98901367, 294.04498291, 176.036437988, 865.365844727, -92.3514022827, 237.709747314, 126.00403595, 117.536933899, 23.3449459076, 51.5665397644, -51.6085891724, 0.706049144268, 10.5460891724], [-1708.23657227, -14.7623910904, -59.6300621033, -92.3514022827, 539.47442627, -104.62991333, 230.974273682, 24.6328334808, 39.7002830505, 23.2841949463, -10.0578279495, 2.89777326584, 14.2810745239], [79.3714828491, -193.965118408, 841.435791016, 237.709747314, -104.62991333, 565.224243164, -63.5950012207, 111.994338989, 9.60722160339, -31.7499713898, -99.915725708, -10.6251630783, -74.4337234497], [29.2381916046, 178.220825195, -200.346755981, 126.00403595, 230.974273682, -63.5950012207, 364.281555176, 15.583741188, 112.71736145, 59.1558990479, 44.9614257812, 41.7584915161, 50.6525268555], [223.547485352, -98.9105529785, 179.972442627, 117.536933899, 24.6328334808, 111.994338989, 15.583741188, 164.337936401, -0.999425411224, 27.1625576019, -23.2248477936, -15.3191165924, 7.40597629547], [21.667974472, 116.112129211, -9.99929714203, 23.3449459076, 39.7002830505, 9.60722160339, 112.71736145, -0.999425411224, 143.515548706, 44.5451927185, 54.3168067932, 22.8484134674, 22.9312725067], [445.187072754, 45.9655227661, -89.2876205444, 51.5665397644, 23.2841949463, -31.7499713898, 59.1558990479, 27.1625576019, 44.5451927185, 115.465278625, 46.8586196899, 27.8467102051, 48.3767127991], [163.017089844, 104.08014679, -185.03742981, -51.6085891724, -10.0578279495, -99.915725708, 44.9614257812, -23.2248477936, 54.3168067932, 46.8586196899, 126.842628479, 34.0688018799, 51.3243598938], [125.332481384, 13.8757095337, -56.513053894, 0.706049144268, 2.89777326584, -10.6251630783, 41.7584915161, -15.3191165924, 22.8484134674, 27.8467102051, 34.0688018799, 72.9328384399, 41.7272262573], [350.467224121, 70.8772506714, -185.516082764, 10.5460891724, 14.2810745239, -74.4337234497, 50.6525268555, 7.40597629547, 22.9312725067, 48.3767127991, 51.3243598938, 41.7272262573, 102.09778595]]}, "spectral_energyband_middle_low": {"dmean2": 0.00237515382469, "median": 0.00144847272895, "min": 1.73198753632e-22, "dvar2": 2.08725778066e-05, "dvar": 9.31775866775e-06, "dmean": 0.0014825213002, "max": 0.0446230955422, "var": 2.60431570496e-05, "mean": 0.0034067495726}, "melbands_crest": {"dmean2": 6.91385316849, "median": 9.92568969727, "min": 1.56977701187, "dvar2": 46.3880500793, "dvar": 19.5339717865, "dmean": 4.22437906265, "max": 36.4714927673, "var": 56.7060203552, "mean": 12.0825195312}, "spectral_kurtosis": {"dmean2": 6.09715747833, "median": 3.84959197044, "min": -1.41136395931, "dvar2": 42.6189918518, "dvar": 13.7562608719, "dmean": 3.40979409218, "max": 69.0323944092, "var": 31.6675205231, "mean": 5.37072134018}, "spectral_rms": {"dmean2": 0.000716620706953, "median": 0.00234248721972, "min": 3.13811693645e-12, "dvar2": 8.68662141329e-07, "dvar": 4.27140491865e-07, "dmean": 0.000498327135574, "max": 0.00805844645947, "var": 3.75963554688e-06, "mean": 0.00262159109116}, "zerocrossingrate": {"dmean2": 0.00905360747129, "median": 0.07177734375, "min": 0.00146484375, "dvar2": 8.11092104414e-05, "dvar": 6.95787093719e-05, "dmean": 0.00756127387285, "max": 0.86279296875, "var": 0.0105762202293, "mean": 0.0857939273119}, "silence_rate_60dB": {"dmean2": 0.0768014490604, "median": 0, "min": 0, "dvar2": 0.0824232399464, "dvar": 0.0369242168963, "dmean": 0.038396384567, "max": 1, "var": 0.24048691988, "mean": 0.402551949024}, "erbbands_kurtosis": {"dmean2": 1.5220451355, "median": 0.0905883312225, "min": -1.79291903973, "dvar2": 4.85925722122, "dvar": 1.84708690643, "dmean": 0.913614928722, "max": 28.6845874786, "var": 6.00264644623, "mean": 0.591130852699}, "erbbands": {"dmean2": [0.163665503263, 0.260554134846, 1.1914960146, 2.58409452438, 1.48083770275, 1.38577628136, 3.84012079239, 7.94861412048, 17.574426651, 8.31657791138, 7.46004962921, 7.08944272995, 6.97973012924, 12.9015703201, 9.06046772003, 10.536231041, 9.61691665649, 14.0870199203, 10.1756954193, 8.6788187027, 14.1714935303, 16.8045310974, 13.9202957153, 10.3180751801, 18.3234653473, 19.1708526611, 8.72327804565, 7.07957267761, 3.77999210358, 0.696682870388, 0.170954376459, 0.0488920658827, 0.0190876144916, 0.0101941460744, 0.00540876481682, 0.000313860888127, 8.92420284799e-05, 1.13035821414e-05, 3.89292563341e-06, 7.27327460481e-06], "median": [0.000821313471533, 0.0119783170521, 0.043854393065, 0.0782567411661, 0.112463355064, 0.342036217451, 1.20562243462, 2.45019888878, 3.17488098145, 2.33353948593, 2.44370555878, 3.44056892395, 2.49687600136, 3.57434940338, 3.49753236771, 3.61257410049, 4.40917682648, 5.25677633286, 3.99370956421, 3.16851615906, 3.19964313507, 2.87356090546, 2.1758518219, 2.67335820198, 2.95092558861, 2.53978729248, 1.34333562851, 0.828338444233, 0.229702800512, 0.0444704145193, 0.0104395309463, 0.00237781973556, 0.000582805892918, 0.000158989350894, 6.23580708634e-05, 3.69497211068e-05, 1.61421812663e-05, 5.25980703969e-06, 5.07640288561e-06, 7.1995577855e-06], "min": [2.01565674291e-22, 6.10448538312e-22, 1.92521097498e-21, 6.67167289037e-21, 8.49172065399e-21, 2.32103164032e-20, 4.95869864872e-20, 8.22234718725e-20, 1.18234185304e-19, 1.71597881366e-19, 2.88624796566e-19, 3.55671404129e-19, 5.45233102235e-19, 4.23958136375e-19, 8.81413468644e-19, 1.24999036374e-18, 1.89675244154e-18, 1.93172026117e-18, 2.12526935757e-18, 3.28560874915e-18, 3.65898629033e-18, 3.73890227726e-18, 4.34457177999e-18, 7.20066182619e-18, 5.88476925927e-18, 8.22997312041e-18, 8.64186936079e-18, 7.8729975368e-18, 1.00637456845e-17, 1.17546161803e-17, 1.03806485033e-17, 1.11872711961e-17, 9.76165849759e-18, 8.30890021292e-18, 5.9686743247e-18, 4.33825460165e-18, 2.24000737354e-18, 1.05312065417e-18, 2.26770039817e-19, 2.54913493373e-20], "dvar2": [0.119504190981, 0.256462186575, 14.9729833603, 45.1687431335, 13.1519775391, 9.51017475128, 72.4726867676, 268.351959229, 1644.59631348, 473.906768799, 248.495193481, 203.029129028, 278.262390137, 726.813842773, 346.779785156, 477.394104004, 606.174072266, 823.765808105, 451.39465332, 233.092391968, 753.895385742, 1174.05895996, 937.090270996, 466.106231689, 2276.06958008, 3743.25268555, 674.374572754, 563.491333008, 321.828521729, 20.3164043427, 3.68209576607, 0.345005780458, 0.0758134052157, 0.0359578877687, 0.0422440171242, 4.4842792704e-05, 7.1598001341e-06, 9.53441414708e-09, 4.36125302539e-11, 1.29717001029e-10], "dvar": [0.0625295117497, 0.111758135259, 5.37780237198, 17.2125663757, 5.86233043671, 3.39435791969, 25.7313022614, 109.256210327, 599.469482422, 199.728683472, 125.591293335, 75.4142379761, 100.134338379, 252.675292969, 140.243438721, 196.038787842, 272.54083252, 315.801147461, 160.864898682, 91.7514801025, 282.455596924, 435.476348877, 379.542480469, 229.056945801, 1002.9967041, 2012.85668945, 378.85446167, 247.146408081, 143.247299194, 8.47323894501, 1.52364706993, 0.142997160554, 0.0269804839045, 0.0125388531014, 0.0149648385122, 1.58492912306e-05, 2.40316535383e-06, 3.44654216278e-09, 2.22726906363e-11, 6.53172932408e-11], "dmean": [0.111943177879, 0.15764644742, 0.670432448387, 1.44464659691, 0.916745007038, 0.816594421864, 2.31292581558, 4.68827486038, 10.3431901932, 5.19074964523, 4.74544858932, 4.29512453079, 4.12664651871, 7.74936485291, 5.64885854721, 6.37803173065, 5.99537086487, 8.82454776764, 5.98193407059, 5.26410245895, 8.45553779602, 10.0789852142, 8.7168264389, 7.0105676651, 10.9861192703, 13.4138631821, 5.88499355316, 4.51842975616, 2.57227277756, 0.456189185381, 0.107093609869, 0.0303314402699, 0.0110115930438, 0.00558253470808, 0.00294298538938, 0.000176239118446, 4.9849259085e-05, 7.04214198777e-06, 2.68120311375e-06, 4.99073894389e-06], "max": [2.05327677727, 3.15966296196, 25.9261569977, 50.3866386414, 38.8306884766, 28.5841751099, 101.882194519, 169.446273804, 360.336700439, 205.138015747, 226.081756592, 181.550308228, 211.78855896, 238.456130981, 423.02331543, 265.613464355, 540.239807129, 485.746582031, 371.760498047, 164.683547974, 203.079818726, 287.035369873, 247.677932739, 276.113861084, 455.511352539, 741.871520996, 330.008880615, 293.280212402, 368.692230225, 138.419647217, 79.5487136841, 24.2278766632, 6.74336385727, 5.57206344604, 8.68309116364, 0.215610727668, 0.103031843901, 0.00339923962019, 9.8364034784e-05, 0.00010667348397], "var": [0.0986955910921, 0.203109279275, 3.89950704575, 17.5201683044, 10.199511528, 4.62486362457, 47.447052002, 213.023208618, 885.395141602, 264.86630249, 245.92767334, 149.615203857, 136.638824463, 479.117889404, 295.026000977, 348.53326416, 475.355621338, 733.031738281, 375.500549316, 262.115600586, 815.988769531, 1414.23632812, 1270.8572998, 1529.31945801, 3630.58935547, 5389.61572266, 1079.68579102, 1252.92492676, 327.132019043, 10.1675624847, 1.54083275795, 0.138182580471, 0.0168170928955, 0.00723750237375, 0.00887482613325, 9.60706984188e-06, 1.25558256059e-06, 3.14291326298e-09, 1.00358173161e-10, 2.90778595646e-10], "mean": [0.130169674754, 0.235484600067, 0.566101431847, 1.40220832825, 1.30733537674, 1.11271333694, 3.81715035439, 7.80274868011, 15.3732023239, 7.50182008743, 7.84702730179, 8.12508869171, 6.4737663269, 12.4981203079, 10.2743301392, 10.5401945114, 11.3753004074, 16.8429088593, 11.8601026535, 10.8559064865, 17.3011646271, 22.3077907562, 19.6143341064, 20.2845249176, 25.7208805084, 25.1165428162, 11.5962553024, 11.660987854, 4.98322200775, 0.725063621998, 0.136432141066, 0.0388038307428, 0.0115068042651, 0.00476364884526, 0.00214058766142, 0.000271943426924, 9.09851441975e-05, 1.56859350682e-05, 8.62574324856e-06, 1.39207904795e-05]}, "spectral_strongpeak": {"dmean2": 0.610899627209, "median": 0.199873626232, "min": 0, "dvar2": 1.55434596539, "dvar": 0.551402032375, "dmean": 0.350513786077, "max": 10.1878099442, "var": 0.61496001482, "mean": 0.492472648621}, "spectral_energy": {"dmean2": 0.00604381039739, "median": 0.00562442746013, "min": 1.00939727317e-20, "dvar2": 9.595015581e-05, "dvar": 4.60563314846e-05, "dmean": 0.00414535030723, "max": 0.0665620267391, "var": 0.000175286579179, "mean": 0.0108981244266}, "average_loudness": 0.244053438306, "spectral_rolloff": {"dmean2": 583.28125, "median": 2196.38671875, "min": 64.599609375, "dvar2": 772667.6875, "dvar": 346739.59375, "dmean": 364.177581787, "max": 21576.2695312, "var": 10078453, "mean": 2592.44628906}, "spectral_centroid": {"dmean2": 376.267486572, "median": 1943.06384277, "min": 226.834060669, "dvar2": 173716.90625, "dvar": 76663, "dmean": 234.876052856, "max": 11607.0380859, "var": 1618795.875, "mean": 1984.51855469}, "pitch_salience": {"dmean2": 0.119889162481, "median": 0.644418954849, "min": 0.12489875406, "dvar2": 0.0135103110224, "dvar": 0.00546512939036, "dmean": 0.0742443054914, "max": 0.913495659828, "var": 0.0180647876114, "mean": 0.620297133923}, "spectral_energyband_middle_high": {"dmean2": 0.00131140951999, "median": 0.00116742867976, "min": 1.20506200031e-21, "dvar2": 5.50808817934e-06, "dvar": 2.85945884571e-06, "dmean": 0.000867554859724, "max": 0.0386290289462, "var": 2.18033928832e-05, "mean": 0.00331621686928}, "spectral_contrast_coeffs": {"dmean2": [0.0820774063468, 0.0726101249456, 0.0527487620711, 0.0435151159763, 0.0301668122411, 0.0358303934336], "median": [-0.72687292099, -0.796079874039, -0.819793343544, -0.816551268101, -0.809899687767, -0.630877077579], "min": [-0.979262292385, -0.980233132839, -0.976310193539, -0.969205141068, -0.967605352402, -0.964306235313], "dvar2": [0.00405401689932, 0.00330015877262, 0.00178668834269, 0.00119868095499, 0.000659734942019, 0.00123517564498], "dvar": [0.00158962421119, 0.00120768207125, 0.000680589757394, 0.000431206746725, 0.000253638718277, 0.00050408259267], "dmean": [0.0496085174382, 0.0425215177238, 0.031699500978, 0.0256209988147, 0.0187502317131, 0.0222331341356], "max": [-0.308357059956, -0.464379489422, -0.537139773369, -0.568136274815, -0.596775591373, -0.338287144899], "var": [0.00825849175453, 0.00531606050208, 0.00345829571597, 0.00243407278322, 0.00266665359959, 0.0105327423662], "mean": [-0.714582383633, -0.790362238884, -0.814844727516, -0.816518127918, -0.806357085705, -0.628688812256]}, "melbands_skewness": {"dmean2": 0.99559289217, "median": 1.17363262177, "min": -2.84011435509, "dvar2": 1.5316773653, "dvar": 0.562882602215, "dmean": 0.615774273872, "max": 11.8785276413, "var": 2.566614151, "mean": 1.42773270607}, "spectral_spread": {"dmean2": 382887.40625, "median": 2439612.75, "min": 691066.875, "dvar2": 597801762816, "dvar": 278082617344, "dmean": 229149.390625, "max": 46896496, "var": 27918193393700.0, "mean": 3266864.5}, "dissonance": {"dmean2": 0.0220633968711, "median": 0.486199736595, "min": 0.245445460081, "dvar2": 0.000595516059548, "dvar": 0.000207757053431, "dmean": 0.0126671716571, "max": 0.500000119209, "var": 0.000368978478946, "mean": 0.480169087648}, "spectral_skewness": {"dmean2": 0.610409140587, "median": 0.972303986549, "min": -0.537608325481, "dvar2": 0.336256027222, "dvar": 0.110107384622, "dmean": 0.349129021168, "max": 5.47955322266, "var": 0.529245913029, "mean": 0.980809152126}, "spectral_flux": {"dmean2": 0.0214418228716, "median": 0.0434695482254, "min": 6.41644792854e-11, "dvar2": 0.000874098332133, "dvar": 0.000327407702571, "dmean": 0.0127472719178, "max": 0.219839632511, "var": 0.00160067470279, "mean": 0.0515868514776}, "spectral_contrast_valleys": {"dmean2": [0.687017142773, 0.649718463421, 0.475378036499, 0.398190677166, 0.350795865059, 0.360865831375], "median": [-8.74424552917, -7.07801246643, -7.59087324142, -7.97304916382, -7.88473892212, -13.3175239563], "min": [-27.9952259064, -28.0215568542, -27.9382686615, -27.6342849731, -27.4984722137, -27.4678192139], "dvar2": [0.287891715765, 0.286404490471, 0.187505140901, 0.142721787095, 0.148790359497, 0.195002943277], "dvar": [0.107480108738, 0.121887713671, 0.0758999809623, 0.0616585984826, 0.0720089823008, 0.0786676481366], "dmean": [0.407485812902, 0.3789075315, 0.287818849087, 0.241681739688, 0.223855793476, 0.217149585485], "max": [-5.95261573792, -4.64797496796, -5.39985322952, -5.44339942932, -5.33750581741, -8.75007343292], "var": [7.04503822327, 6.13797807693, 5.40389585495, 5.48341941833, 6.3073091507, 3.8529779911], "mean": [-9.109790802, -7.60160303116, -8.00376701355, -8.25975894928, -8.17813777924, -13.5005731583]}, "erbbands_flatness_db": {"dmean2": 0.0229586735368, "median": 0.242814511061, "min": 0.0317321494222, "dvar2": 0.000479594251374, "dvar": 0.000193076615687, "dmean": 0.01405691728, "max": 0.468163341284, "var": 0.0038282321766, "mean": 0.244390025735}, "spectral_energyband_high": {"dmean2": 0.000405254395446, "median": 6.48682762403e-05, "min": 7.13647084644e-21, "dvar2": 1.7005047539e-06, "dvar": 9.4377833193e-07, "dmean": 0.000273806479527, "max": 0.0191144123673, "var": 3.57933549822e-06, "mean": 0.000645207939669}, "spectral_entropy": {"dmean2": 0.169350743294, "median": 7.52561330795, "min": 4.79797315598, "dvar2": 0.0361837744713, "dvar": 0.0159919708967, "dmean": 0.107061229646, "max": 9.82459354401, "var": 0.173593088984, "mean": 7.51826000214}, "silence_rate_20dB": {"dmean2": 0, "median": 1, "min": 1, "dvar2": 0, "dvar": 0, "dmean": 0, "max": 1, "var": 0, "mean": 1}, "melbands_flatness_db": {"dmean2": 0.0345536842942, "median": 0.198757424951, "min": 0.00291043939069, "dvar2": 0.00123638589866, "dvar": 0.000544511945918, "dmean": 0.0225940849632, "max": 0.492592841387, "var": 0.00458715204149, "mean": 0.209696054459}, "barkbands": {"dmean2": [0.000867270107847, 0.00254037673585, 0.00129690335598, 0.000872390170116, 0.000424675527029, 0.000781344599091, 0.0011295058066, 0.000317007332342, 0.000309415685479, 0.000219838650082, 0.000411722779972, 0.000224322939175, 0.000215831692913, 0.000279739848338, 0.000180798844667, 0.00024021891295, 0.000317251658998, 0.000266899063718, 0.000326305482304, 0.000386566360248, 0.000177771536983, 9.53090420808e-05, 6.63034597892e-06, 1.39938924804e-06, 8.154953548e-07, 3.48879964918e-08, 5.4456763543e-09], "median": [6.01158319569e-07, 4.5243097702e-05, 3.48897810909e-05, 2.17832566705e-05, 0.000119701508083, 0.0002861142857, 0.000202950002858, 9.34583149501e-05, 0.000139622949064, 7.83366995165e-05, 8.22819492896e-05, 7.32335611247e-05, 8.7033258751e-05, 9.50915055e-05, 6.80170560372e-05, 5.26347357663e-05, 5.58195533813e-05, 3.83558362955e-05, 5.63759385841e-05, 4.99956659041e-05, 2.58858781308e-05, 4.63878313894e-06, 3.27888585616e-07, 4.97647896225e-08, 6.37441965878e-09, 4.32570335107e-09, 7.28169924358e-09], "min": [5.18970240997e-25, 6.57716329602e-24, 6.81295973705e-25, 1.85910134628e-25, 8.94850757611e-24, 7.47164084354e-24, 7.00073190389e-24, 9.37449956468e-24, 1.07169262552e-23, 1.29102751161e-23, 1.40332201924e-23, 2.36751751584e-23, 3.67801285241e-23, 4.13758018105e-23, 5.75847950428e-23, 6.00422103585e-23, 4.94514340061e-23, 7.56927752669e-23, 1.12658601648e-22, 1.78245090532e-22, 2.21617634977e-22, 2.93839453816e-22, 3.83362267105e-22, 6.22713924371e-22, 8.84955825997e-22, 1.15263185592e-21, 1.82572877383e-21], "dvar2": [3.53888094651e-06, 2.59102471318e-05, 1.56940604938e-05, 4.73148929814e-06, 7.61331705235e-07, 2.72711690741e-06, 7.24917163097e-06, 4.33192667515e-07, 4.13601810578e-07, 1.97096710508e-07, 8.49997547903e-07, 2.0598322692e-07, 2.94264737022e-07, 3.15237315363e-07, 1.19474862004e-07, 2.1385234561e-07, 4.01883880841e-07, 3.55158960019e-07, 6.57030000184e-07, 1.48804122091e-06, 3.38694718494e-07, 1.9587952238e-07, 5.45351497294e-09, 2.26493657163e-10, 4.11818773527e-10, 6.42114128795e-13, 5.53089432909e-16], "dvar": [2.02342675948e-06, 1.31586020871e-05, 5.66177550354e-06, 1.9030421754e-06, 2.82524041495e-07, 1.09301515749e-06, 2.79602022601e-06, 2.12817624856e-07, 1.47805536699e-07, 8.32524662542e-08, 2.96328892091e-07, 8.4536090128e-08, 1.30739522319e-07, 1.18097013058e-07, 4.4565425128e-08, 8.28429023159e-08, 1.48028306057e-07, 1.48076097162e-07, 2.57385011082e-07, 7.76335241426e-07, 1.6230944766e-07, 8.2527385814e-08, 2.24103802182e-09, 8.32377222704e-11, 1.45297926468e-10, 2.17258218252e-13, 2.0569128392e-16], "dmean": [0.000633000978269, 0.0016635217471, 0.00072723563062, 0.000488741905428, 0.000257794803474, 0.000468494137749, 0.000676081748679, 0.000197033063159, 0.0001807588269, 0.000137521899887, 0.00024682644289, 0.000135375841637, 0.000133789144456, 0.000170625949977, 0.000106765794044, 0.000141636308399, 0.000188820326002, 0.000168200349435, 0.000193214829778, 0.000272174860584, 0.000121288190712, 6.25320972176e-05, 4.12506278735e-06, 8.20916284283e-07, 4.46405010734e-07, 1.95166034445e-08, 3.25163540538e-09], "max": [0.0133848655969, 0.0297069642693, 0.0277107320726, 0.0164335630834, 0.00918129645288, 0.017204971984, 0.0247633308172, 0.0085125528276, 0.00771750463173, 0.00688433647156, 0.0097668748349, 0.00534920301288, 0.0122113768011, 0.0105726504698, 0.0063316617161, 0.00341317127459, 0.00518435938284, 0.00566577538848, 0.00761109683663, 0.0143873300403, 0.0076043792069, 0.00937569141388, 0.00253255805001, 0.000349424633896, 0.00075525639113, 2.73700716207e-05, 5.03037256294e-07], "var": [4.02114301323e-06, 2.23063088924e-05, 4.06553590437e-06, 2.28092812904e-06, 5.06460310135e-07, 2.152897423e-06, 3.86658939533e-06, 3.80094718366e-07, 2.4535376042e-07, 1.67441427834e-07, 4.79840082335e-07, 1.55006560476e-07, 2.13310087815e-07, 2.54727012816e-07, 1.04769213749e-07, 2.25595698566e-07, 4.3963200369e-07, 5.06579510784e-07, 9.37625429742e-07, 1.98529755835e-06, 6.79704442064e-07, 1.73589711494e-07, 2.19747975372e-09, 5.91930462979e-11, 8.5741205802e-11, 1.20241219325e-13, 2.89946604095e-16], "mean": [0.000842872075737, 0.002203195123, 0.000568920921069, 0.000523751194123, 0.000385808787541, 0.000823518726975, 0.00096251280047, 0.000305920664687, 0.000325597502524, 0.000229425553698, 0.000363003317034, 0.000225278534344, 0.000231045720284, 0.000314538687235, 0.000203010102268, 0.000276422302704, 0.000393106922274, 0.000373148242943, 0.000449150626082, 0.000494442239869, 0.000282606692053, 0.000114578513603, 4.89292278871e-06, 9.76241267381e-07, 3.43739515074e-07, 4.06621438742e-08, 1.12061764312e-08]}, "erbbands_skewness": {"dmean2": 0.578750491142, "median": -0.142151683569, "min": -5.10365533829, "dvar2": 0.315235197544, "dvar": 0.123261705041, "dmean": 0.353753745556, "max": 3.8289513588, "var": 0.888301074505, "mean": -0.12981775403}, "erbbands_spread": {"dmean2": 8.83459091187, "median": 25.4625320435, "min": 1.83381438255, "dvar