{"tonal": {"thpcp": [1, 0.701811134815, 0.335065215826, 0.237413883209, 0.239821210504, 0.34690529108, 0.480163246393, 0.39003264904, 0.225578412414, 0.19404822588, 0.239045411348, 0.406005710363, 0.666633605957, 0.64022898674, 0.482203125954, 0.433606535196, 0.316170752048, 0.252536892891, 0.286769896746, 0.350249946117, 0.584145843983, 0.995804607868, 0.925286769867, 0.517014563084, 0.37414085865, 0.379481822252, 0.465162575245, 0.518846452236, 0.433095753193, 0.321114033461, 0.280537009239, 0.284396260977, 0.357648462057, 0.518389284611, 0.629802584648, 0.833380818367], "hpcp": {"dmean2": [0.207563176751, 0.198724910617, 0.166281014681, 0.155536144972, 0.155723780394, 0.178887322545, 0.222143024206, 0.254468798637, 0.299079656601, 0.29728731513, 0.276724249125, 0.189070731401, 0.147569596767, 0.139568805695, 0.161362797022, 0.175236195326, 0.16420327127, 0.122048124671, 0.109229490161, 0.121726766229, 0.177816778421, 0.227054312825, 0.226015880704, 0.234229385853, 0.202264457941, 0.148220077157, 0.137602508068, 0.151281028986, 0.176536157727, 0.236620143056, 0.280110061169, 0.267516076565, 0.222514435649, 0.199004158378, 0.200207054615, 0.218227759004], "median": [0.0268271453679, 0.0216655731201, 0.0136786755174, 0.0104268305004, 0.0103416144848, 0.0236350167543, 0.0431622341275, 0.0596130341291, 0.0866791382432, 0.125206977129, 0.077107951045, 0.0221865605563, 0.00969371758401, 0.0100974943489, 0.0204006060958, 0.0350660458207, 0.0327700302005, 0.0166904106736, 0.0101729948074, 0.0130966305733, 0.0372749492526, 0.0703403502703, 0.0642643421888, 0.0361807122827, 0.0216547697783, 0.0141020361334, 0.013226326555, 0.0159686338156, 0.02117453143, 0.0598016530275, 0.115502767265, 0.106783203781, 0.045871142298, 0.0212216805667, 0.020245404914, 0.0233874823898], "min": [0, 0, 0, 0, 0, 0, 0, 0, 0, 0, 0, 0, 0, 0, 0, 0, 0, 0, 0, 0, 0, 0, 0, 0, 0, 0, 0, 0, 0, 0, 0, 0, 0, 0, 0, 0], "dvar2": [0.110872477293, 0.110576733947, 0.09741525352, 0.0916831418872, 0.0914774388075, 0.0964922308922, 0.111209608614, 0.117956496775, 0.14167560637, 0.127376377583, 0.128836929798, 0.106616541743, 0.0929218232632, 0.0808998718858, 0.0873701423407, 0.0859008654952, 0.0795434266329, 0.0617132224143, 0.0534596666694, 0.052721451968, 0.0785080641508, 0.0960797443986, 0.0951878353953, 0.124990262091, 0.108667530119, 0.0803079977632, 0.070861928165, 0.0830779448152, 0.0959601178765, 0.115243442357, 0.122326791286, 0.117608688772, 0.116504438221, 0.117863997817, 0.113611571491, 0.130955040455], "dvar": [0.0448919869959, 0.043876785785, 0.0375470258296, 0.0353951193392, 0.0345826894045, 0.0369651839137, 0.0431788489223, 0.0464982278645, 0.0544698797166, 0.052203334868, 0.0480941236019, 0.0382341481745, 0.0340507626534, 0.0300697758794, 0.0326050892472, 0.0339556671679, 0.0304516665637, 0.0224867258221, 0.0202190391719, 0.0202111247927, 0.0304926596582, 0.0398178212345, 0.0391794666648, 0.0455513522029, 0.0410874448717, 0.0300299245864, 0.0266997870058, 0.0309308841825, 0.0351473428309, 0.0430466681719, 0.0504835918546, 0.0469202138484, 0.0444592311978, 0.043979536742, 0.0427507385612, 0.0478689856827], "dmean": [0.120082899928, 0.114428944886, 0.0954956188798, 0.0880458056927, 0.0882809236646, 0.102565474808, 0.129010409117, 0.148005053401, 0.17438569665, 0.174632385373, 0.16044023633, 0.106236301363, 0.0815423876047, 0.0783131271601, 0.0916235148907, 0.102862499654, 0.0949768126011, 0.0691935792565, 0.0615539886057, 0.0699562430382, 0.103211075068, 0.136701315641, 0.135010004044, 0.132276937366, 0.113374076784, 0.0846763625741, 0.0775279179215, 0.0852961465716, 0.100582972169, 0.137353241444, 0.165868610144, 0.157894000411, 0.13038444519, 0.113372214139, 0.112941026688, 0.124146923423], "max": [1, 1, 1, 1, 1, 1, 1, 1, 1, 1, 1, 1, 1, 1, 1, 1, 1, 1, 1, 1, 1, 1, 1, 1, 1, 1, 1, 1, 1, 1, 1, 1, 1, 1, 1, 1], "var": [0.0690465793014, 0.0534774363041, 0.0409158207476, 0.0369526483119, 0.0358145423234, 0.0388615317643, 0.0569195747375, 0.0676735937595, 0.0939725190401, 0.110738672316, 0.07097517699, 0.0345586314797, 0.0295418445021, 0.0286676883698, 0.0400651916862, 0.0578097701073, 0.0398008674383, 0.0195540282875, 0.0178108569235, 0.0212697144598, 0.0368184521794, 0.068592056632, 0.0671806335449, 0.0500305183232, 0.0549245402217, 0.0387891344726, 0.0255590919405, 0.0312073770911, 0.0393702276051, 0.054819971323, 0.111046992242, 0.101171307266, 0.052876856178, 0.0450129434466, 0.0458833090961, 0.0579221174121], "mean": [0.147662520409, 0.123258061707, 0.091388322413, 0.0798401907086, 0.0809385254979, 0.101785935462, 0.147532403469, 0.179240375757, 0.23717828095, 0.284597724676, 0.19973385334, 0.0953587964177, 0.0675674527884, 0.0682525709271, 0.0987284556031, 0.136653363705, 0.111002407968, 0.0641991049051, 0.0552256852388, 0.0680317804217, 0.115548305213, 0.189722403884, 0.182207718492, 0.137233912945, 0.123403429985, 0.0899814739823, 0.0718714222312, 0.0816140621901, 0.0996803417802, 0.166246578097, 0.283403724432, 0.263334512711, 0.147141173482, 0.106479637325, 0.107999660075, 0.132384210825]}, "tuning_equal_tempered_deviation": 0.127984523773, "chords_changes_rate": 0.052544247359, "key_key": "C", "tuning_diatonic_strength": 0.801017105579, "key_scale": "major", "chords_number_rate": 0.00331858405843, "tuning_frequency": 439.238189697, "tuning_nontempered_energy_ratio": 0.836611390114, "chords_histogram": [57.6603965759, 5.61393785477, 8.51769924164, 0.774336278439, 0, 0, 0.801991164684, 0.19358406961, 2.3783185482, 0.33185839653, 1.10619473457, 0, 0, 0, 0, 2.68252205849, 1.88053095341, 1.16150438786, 0.19358406961, 1.02323007584, 0, 1.1891592741, 6.0564160347, 8.43473434448], "key_strength": 0.904753684998, "chords_key": "C", "chords_strength": {"dmean2": 0.0119713898748, "median": 0.616443991661, "min": 0.290578752756, "dvar2": 0.000122905490571, "dvar": 0.000107501473394, "dmean": 0.0123151773587, "max": 0.876037955284, "var": 0.0126667888835, "mean": 0.607465565205}, "chords_scale": "major", "hpcp_entropy": {"dmean2": 1.07988882065, "median": 2.00250053406, "min": 0, "dvar2": 0.746415257454, "dvar": 0.281910300255, "dmean": 0.642513811588, "max": 4.38576889038, "var": 0.54563242197, "mean": 1.99567162991}}, "metadata": {"audio_properties": {"equal_loudness": 0, "codec": "mp3", "downmix": "mix", "sample_rate": 44100, "analysis_sample_rate": 44100, "bit_rate": 192030, "md5_encoded": "04f9970d87ae92f17b7032ce018eae75", "length": 167.836730957, "replay_gain": -5.36588668823, "lossless": false}, "version": {"essentia_build_sha": "2d9f1f26377add8aeb1075a9c2973f962c4f09fd", "essentia": "2.1-beta2", "extractor": "music 1.0", "essentia_git_sha": "v2.1_beta2-1-ge3940c0"}, "tags": {"title": ["The Big River Train"], "language": ["eng"], "acoustid_fingerprint": ["AQADtFLUJUu0ZJieKMefHLls6EmSBXceIeeSH012IqTxPXh89CT8I0euRApqC_-PKv3gPYwMsUToLBp-He1iNKMpPHdwxke0msU_KCOTHix1PC-a6Q4mhRahcjc-1A_0JTu-vEOYLwl2_DnoKNsUXMmR6cSDfdCSH6noEv2IP-iZY3p01BvcGJXy4-qR_ZjSoOIF3TP-NIMlJ5OIF79wBZ0UBmml40cfKsRvBdeXHGdK3EEvNM-C59QRK7aQ5JnQP3A_YnKic_gTHMcTHe6Lc0Q_I1l-hFZyNEvCHReV4AsLj8SFJ0fyPUTsw_txLcPMHHkG6UuOUGWsoB7CC8cLXoF-nEzw75ii492Dc0PvI4xxNoilsYG2hJgSike-B8cd9FJzPAf_IlOcQ1OeDTmNObnwoHnQT8WP37g9XEezo6SOj8e7jESeQj-iMhuaihdKNUEeCdUD8UemV-gvPJIIPoK3JscTG4_Q55rgmFlR5dIR3UNySUOdZPlw2kZ7Fv_wtcHTVELzBaGedoJ-5EnxJDsuPsHRNMly1H6E3VqItxIyRWEChXGQH8-wnTmeg1Wu4MeuhEjKBuGjHY044z4eH81N_A2eHP_xHc_RZ9GGnhaO5h5eXUd8yL0wSpaG3mhW5bhyZD_e4_NxZVGSo-QTUNcR_tBNFrGUMB0ep0swVz2aZ83RK02GeymSi0f-o_maYTqFPhp8Y8pxa8ETNwmaJNKF8EKCOyEmxyFOLTu8H6eQh4UmH3ku4suFNCIDPSfyMhoYX4KbGIc5JQglK4bcI-KvBD8eFeEZJD-FKdxxKbEOPvivoFF-MFJuND-KvEPzI9lpXFqMT19wX6gtuKpArUeoSYVGGelzlMFFEQ9xLxZ4HukJnQlCZmmP5lHwhCEenUGznEES_YjPog511PSxM0ezo1IePMjnC04T3C3O3Agp8fDxKCxOPEcuQdN2hPfhXkOPc3nBSPdgNTkqKdSx00WeRdAlEnnQTGmKyRte4YVzg3zy4EwkgwnPoDsiE8mOS_lxiamCXE4Mf3CcHP0TfMpjPEZaKjue_HhWNIfHoMyO_0mGrVoaHXuiIEfiSPBCnMGTDk-PJimToUw2Hs0WH32QPjhyXE165GoVQbuGNzlu_HiE9B5yPdCNXFbRZ5hTg3WO58akvEP1B8eZ0UPzLGgRS1QmJKaU48Kk_TgZBz_OFVYWKRQYKTlyI_li9CjOjMTnsWjykEK3BbcQKWmYBrouhPnxG08qXM7RFBXTGWcWBe-DJsq1LEKP3IaWh0LoFL-IZlmO_viBH91z-MmDfDh8iOPxScR_-JQDHU3E4w_i_dhlEeeDUkbT7EaoQ1SPSg-ePgnSzhOe6PiP9HqQ1InB8nj0JHiSS_gx5Tx6BvlmxUj-4uGHH-9RJoefEv4zRLoOXeGKTGM4PDl2pbjDEI2mL0fo4MwI9eHxW0SY9qiy4ArOo0l89G-KWNGD_EXz6kh2Iz5TPM-P83gY7GyEJ10iXEeZI0Uyvcf_BHzy4DnuTAel8jh-pN9j6DlyLcYzyYafY1dxND2q4sOU77gO8wglOYdaIx81HBeq50GYB4qP_LgoqcgtlWhCaYf2ZMiFo1Ye9OkjIuYJ-UWkLFNClHKk4ZcSnGnQZ_BRLh-eJ_ghlSxaLtODpvjxUwXDhQflhCe-4k4c5MrR5BL048iFx8FpaXj74EdN7Xh99Jfw3HjrwXqO60EbG-n0JEjovMe1BH8P6leMaj_G5OFR72iaJ8FTGTk0IgwfotYXNE1yvEMynQhzEV-ieHhvNM3hSTmSTcif4z-8JDGDa7nQT0Jz44lwZ8I8HaEWfWiSMMvxPkEuU8iPL3pCSOrI48RTI1cz_JjyoUqUHc9RWccUK7vRrHoyhCb0RCniE9YyhcSjoFHZowKrRFqDNkNznAjPaIeeZYwR6peGKzkuielxN0Nl6WieTBO-6HgUUJGO-NegZ04QPiM-vMd_mPGJXgsz1JYUmMyRvTz0EWEmZTnxzIjzOEb1o7E-3LiVHdpTNBxn3HiSPMQN7xr0Icf14M6Dkjf8aEX9F6EqHU_OQ2uVRThFPDmiew3RzD98_IenzejzhMW_4kJs5kjY44yiTMbnBM6NP3h45A8U_RGsZtkxHSqXBDkuKs3xrBHOI_TRhHENXUQYncJlNA9xBVdyXBsDP7lxr8N5Bd2MJg1z7EtwWvAiJNeSIA949EwxJc6c4g2Pks9wIWWUFUm89PicwhdrpDEfXF1U4zm-5Aqk8TiNW1GDjYtKaDRe4rnw40e1HYqidziTTsN95LlxJUfK57hwVkPzBxPlHNpZ4dFRZ6h1OGJ4dM-Q5wya2kKbHM9x89ieJA945TiuIGxUJPxR8krwO_iPMxeekGjOgZHyIye1BKeU4M-Jpgu0L0c-o0tkD_7h5-heMC_R2MizxJBiKkfzFAp_IsyL-qgjGs8pnCf-NDI8iVaQ7EkQitVgxR_a68L14ZiV5IJ7KQmOd8GZ5SAnDdXJI1lifshvPOCURBcu9ug1NE_w40dzVFJUCY32JEa1MUieHSEpTLli4g9y5UKyH-ZO_OlQOTu-44mUHH0Q5jsS9wpGhQeLnoefo2CsFA-mhwqRf_ihTkxmPKIYofnROQ8uvsSPVzk0_QjDBe-Hv0HpwdnCCiU5Jgg_ImGJ6Uezp0Y7VjgT4vCL6zH-6Kg2HUmUFzm1Co8r-NGFM8eZHT_xQ4-LyxwqbyWapDl2C8-J50N2aBZT5EoP-kIlhniOieeClCSJK804Yauhx0N69B6eHGc4nPFD9OHg5ctRMrHwJUyME-sP9-gfwtFzRDr03MiXrEHVB_VZkJqpoHKeiGh4XMGlJHHQuD5CH8nyo_rxo1fARF2KucMTxbhEBz96WIj0DMkT_EJzBmUz0EcuQst-hLaHyemD5snCA6EYAQIIIwAAiCBiDMQCACKEIAIAAgBhRDAkAHZAIAEUEYAgRpGABBghCAAAEEIVIwBLhISzwgBgBEACCAGcEkA4wagRwinAjIBGLaWIJEAAQ4AQDRhGAAAQIGIMIwixJAgzTAgiMAJGGqaIQQQARiSBRFBgFBKKGcIFAIgRQgRxCCHBjBECEBAIIsowYAhTzAgFCCCCAKcQI4RA44QwhACADTDIAAWIEAAYKAwjgABhkAFGESIEkcQYBJAAACpFmEAISEMUIMgiAQQhBAAChBDAKGAIAYYICQhhACAIBECCIGWAI8Y4RoFCBAitEIACEaKUEQogoZCXWApACCQBKOKAEEYgJZwQDBABBDAaM0iMwYgiIIBTAjhKlAFSUkKBMQAUIAggxAGAnbLEEKIAYEhIKIgwwExEHBBGKSCEAEYAhBQCACgjCADKIEIsIQIpoJgxwhhEiAaQGKSAAI4IgxQwAhkiABDEECAEZAYJIIRAQgIAgEBGOUWUEEYIQgBSSBgBISCECYIYEhARACgkwIFBkCAMAAYMOAAIoAgTUBKIHGDIECIgARgTTYphBDClFBCGGUAAEAoAYgQBAhhhJKJSAWAIMoQgJIQBhhAjCEMGAAYEIQQAQqAjBBJGgACOAcsEQEYIAggQBikCAEHKMUUIEcAAZQAjxgBKiECGAOAZEAYIAIACghCFBAHACAUEMmA4wIQwhAkpEKKIAEaYsIgBAhQCRgGiEAMSCQEUYwIIQJwAlhKGCGLECQKQUIghIJABRCgGJJBKUUGAAAIZVQQRQAkAEENCKEGBAYAxBQAyBAAMDOGMEGUAIEYAwogwBDAAEECgEIQAoyRohARASiAhFBFCKCQQQQYJgIhizhAngABAIGWUAUIQgQgVhFsABCFKCAUAI0RRYwQhwFGBGBDAAiAIhIIRBIAChlFAnVCCKQaIAARBQgBSADBmDBFQCYIMw44AAAQ"], "date": ["1966"], "genre": ["Country"], "musicbrainz_releasegroupid": ["4306be3f-c4b5-3f5c-b18c-1a068a7f836a"], "musicbrainz album type": ["Album"], "musicbrainz_recordingid": ["0576deff-66b8-4215-a6ad-27c7b374c6e5"], "artistsort": ["Wagoner, Porter"], "musicbrainz album release country": ["US"], "musicbrainz_albumartistid": ["942123a3-df28-463f-9f6e-202b69b8e253"], "musicbrainz_albumid": ["423f14af-563b-45dc-9b82-ffc76294e12b"], "artist": ["Porter Wagoner"], "tracknumber": ["06"], "bpm": ["96.33"], "catalognumber": ["LPM 3683"], "album": ["Soul of a Convict, and Other Great Prison Songs"], "label": ["RCA Victor"], "acoustid_id": ["04b35f5a-8bb2-48e2-9ada-4cad46ee1de5"], "musicbrainz_artistid": ["942123a3-df28-463f-9f6e-202b69b8e253"], "file_name": "Porter Wagoner - The Big River Train.mp3"}}, "rhythm": {"bpm_histogram_first_peak_bpm": {"dmean2": 0, "median": 167, "min": 167, "dvar2": 0, "dvar": 0, "dmean": 0, "max": 167, "var": 0, "mean": 167}, "bpm": 165.540252686, "bpm_histogram_second_peak_spread": {"dmean2": 0, "median": 0, "min": 0, "dvar2": 0, "dvar": 0, "dmean": 0, "max": 0, "var": 0, "mean": 0}, "bpm_histogram_first_peak_weight": {"dmean2": 0, "median": 0.233802810311, "min": 0.233802810311, "dvar2": 0, "dvar": 0, "dmean": 0, "max": 0.233802810311, "var": 0, "mean": 0.233802810311}, "onset_rate": 3.58042740822, "beats_position": [0.66176867485, 1.3235373497, 1.97369611263, 2.62385487556, 3.27401351929, 3.9125623703, 4.55111122131, 5.18965959549, 5.8282084465, 6.3622674942, 6.8963265419, 7.44199514389, 7.99927425385, 8.54494285583, 9.06739234924, 9.58984088898, 10.1122903824, 10.6115188599, 11.1223583221, 11.6448068619, 12.144036293, 12.6664848328, 13.1889343262, 13.6765527725, 14.1641721725, 14.6401815414, 15.1161899567, 15.5805892944, 16.0449886322, 16.5209980011, 17.0086174011, 17.4962348938, 17.995464325, 18.483083725, 18.9823131561, 19.3886623383, 19.8066215515, 20.2245807648, 20.642539978, 21.0256690979, 21.4087982178, 21.7919273376, 22.1750564575, 22.5814056396, 22.9761447906, 23.3476638794, 23.7191829681, 24.0790920258, 24.4506111145, 24.8221302032, 25.1936511993, 25.553560257, 25.9250793457, 26.2849884033, 26.6565074921, 27.0164165497, 27.3763256073, 27.7246246338, 28.0613155365, 28.3980045319, 28.7463035583, 29.0946025848, 29.4545116425, 29.8144207001, 30.1627197266, 30.5226306915, 30.8825397491, 31.2308387756, 31.5791378021, 31.9390468597, 32.2989578247, 32.6588668823, 33.0303840637, 33.4019050598, 33.7618141174, 34.1101112366, 34.4584121704, 34.818321228, 35.1782302856, 35.5381393433, 35.8980484009, 36.269569397, 36.6410865784, 37.0126075745, 37.3725166321, 37.7324256897, 38.1039466858, 38.4638557434, 38.823764801, 39.1952819824, 39.5668029785, 39.9383201599, 40.309841156, 40.6813583374, 41.041267395, 41.4011802673, 41.761089325, 42.1209983826, 42.4809074402, 42.8524246216, 43.2355537415, 43.6070747375, 43.9902038574, 44.3733329773, 44.7332420349, 45.0931510925, 45.4530601501, 45.8129692078, 46.1728782654, 46.532787323, 46.8926963806, 47.2526054382, 47.6241264343, 47.9840354919, 48.3439445496, 48.7038536072, 49.0637626648, 49.4120635986, 49.7603607178, 50.1202697754, 50.480178833, 50.8284797668, 51.1767807007, 51.5250778198, 51.8733787537, 52.2216758728, 52.5699768066, 52.9182739258, 53.2665748596, 53.6264839172, 53.9747848511, 54.3346939087, 54.6946029663, 55.0545120239, 55.4144210815, 55.7743301392, 56.1342391968, 56.4941482544, 56.8424491882, 57.1907463074, 57.5390472412, 57.8873443604, 58.2356452942, 58.583946228, 58.9438552856, 59.3037643433, 59.6520614624, 60.0003623962, 60.3486595154, 60.6969604492, 61.0568695068, 61.4051704407, 61.7650794983, 62.1249885559, 62.4848976135, 62.8331947327, 63.1814956665, 63.5414047241, 63.889705658, 64.3076629639, 64.7372360229, 65.1435852051, 65.5731506348, 66.0143280029, 66.443901062, 66.8734664917, 67.2914276123, 67.720993042, 68.1505661011, 68.6381835938, 69.1258010864, 69.6134262085, 70.0894317627, 70.5654373169, 71.053062439, 71.5290679932, 72.0166854858, 72.4926986694, 72.9687042236, 73.4447174072, 73.9207229614, 74.303855896, 74.6521530151, 75.0120620728, 75.3719711304, 75.731880188, 76.068572998, 76.4168701172, 76.7651672363, 77.1134643555, 77.4733810425, 77.8332901001, 78.1931991577, 78.5531082153, 78.9014053345, 79.2613143921, 79.6212234497, 79.9811325073, 80.375869751, 80.7706069946, 81.1769561768, 81.5717010498, 82.012878418, 82.4540557861, 82.8836288452, 83.3828582764, 83.8936920166, 84.4045333862, 84.9385910034, 85.4842605591, 86.0299301147, 86.5175476074, 86.993560791, 87.4695663452, 87.9339675903, 88.3983688354, 88.8743743896, 89.3503875732, 89.8380050659, 90.3372344971, 90.8364639282, 91.3472976685, 91.8465270996, 92.3341445923, 92.8101577759, 93.2977752686, 93.7273483276, 94.1453018188, 94.5748748779, 94.9928359985, 95.4107894897, 95.8287506104, 96.2350997925, 96.5950088501, 96.9549179077, 97.3032150269, 97.6631240845, 98.0230331421, 98.4177780151, 98.8241271973, 99.2188644409, 99.5787734985, 99.9386825562, 100.286979675, 100.646888733, 101.006797791, 101.378318787, 101.738227844, 102.098136902, 102.44644165, 102.79473877, 103.143035889, 103.479728699, 103.839637756, 104.199546814, 104.559455872, 104.919364929, 105.267662048, 105.627571106, 105.975868225, 106.335777283, 106.69568634, 107.055595398, 107.427116394, 107.79863739, 108.181770325, 108.634559631, 109.087341309, 109.528526306, 110.00453186, 110.480545044, 110.956550598, 111.444168091, 111.920181274, 112.407798767, 112.89541626, 113.452697754, 113.986755371, 114.520812988, 115.054870605, 115.600540161, 116.146209717, 116.680267334, 117.22593689, 117.841270447, 118.468208313, 119.164802551, 119.861404419, 120.557998657, 121.266212463, 121.97441864, 122.682624817, 123.390838623, 124.0990448, 124.807250977, 125.515464783, 126.223670959, 126.943489075, 127.66330719, 128.383132935, 129.10295105, 129.86920166, 130.612243652, 131.366897583, 132.121536255, 132.864578247, 133.607620239, 134.327438354, 135.04725647, 135.755462646, 136.463668823, 137.171875, 137.880081177, 138.588302612, 139.296508789, 140.016326904, 140.747756958, 141.444351196, 142.152557373, 142.849151611, 143.545761108, 144.265579224, 144.985397339, 145.716827393, 146.425033569, 147.133239746, 147.841445923, 148.561264038, 149.269470215, 149.97769165, 150.685897827, 151.394104004, 152.113922119, 152.833740234, 153.565170288, 154.31980896, 155.051239014, 155.782669067, 156.502487183, 157.222305298, 157.814422607, 158.406524658, 158.998641968, 159.555908203, 160.124801636, 160.728515625, 161.332244873, 161.935958862, 162.562896729, 163.189834595, 163.816772461, 164.455322266, 165.09387207, 165.732421875, 166.37097168, 167.009521484], "beats_loudness": {"dmean2": 0.0227769669145, "median": 0.0160470418632, "min": 1.84639623058e-06, "dvar2": 0.000549365591723, "dvar": 0.000206187643926, "dmean": 0.0131046092138, "max": 0.109527789056, "var": 0.00036072646617, "mean": 0.0209125522524}, "danceability": 1.0420511961, "bpm_histogram_second_peak_weight": {"dmean2": 0, "median": 0.126760557294, "min": 0.126760557294, "dvar2": 0, "dvar": 0, "dmean": 0, "max": 0.126760557294, "var": 0, "mean": 0.126760557294}, "beats_count": 356, "bpm_histogram_second_peak_bpm": {"dmean2": 0, "median": 172, "min": 172, "dvar2": 0, "dvar": 0, "dmean": 0, "max": 172, "var": 0, "mean": 172}, "bpm_histogram_first_peak_spread": {"dmean2": 0, "median": 0, "min": 0, "dvar2": 0, "dvar": 0, "dmean": 0, "max": 0, "var": 0, "mean": 0}, "beats_loudness_band_ratio": {"dmean2": [0.398298174143, 0.309435814619, 0.346179276705, 0.199064418674, 0.126595944166, 0.086418479681], "median": [0.244237273932, 0.188624471426, 0.25038677454, 0.0741134732962, 0.0476456582546, 0.0178684964776], "min": [0.0053942152299, 0.00114147958811, 0.00734987249598, 0.00343213626184, 0.000782866904046, 0.000180041810381], "dvar2": [0.103073433042, 0.059459310025, 0.0652723312378, 0.0444879718125, 0.0193674582988, 0.03642712906], "dvar": [0.0354547426105, 0.0219091139734, 0.0234117247164, 0.01495366171, 0.0069619724527, 0.0120310578495], "dmean": [0.226258352399, 0.17622205615, 0.198666453362, 0.111049838364, 0.0740133598447, 0.046341560781], "max": [0.968118607998, 0.805824041367, 0.861919879913, 0.700858354568, 0.677549362183, 0.837120890617], "var": [0.0654153376818, 0.0312909930944, 0.0405839458108, 0.0158214215189, 0.00815228093415, 0.00708965118974], "mean": [0.322312057018, 0.230765774846, 0.281926095486, 0.119181238115, 0.0784611478448, 0.0387454107404]}}, "lowlevel": {"barkbands_spread": {"dmean2": 6.3935303688, "median": 13.7016906738, "min": 1.11303889751, "dvar2": 69.7190856934, "dvar": 32.6786460876, "dmean": 4.29039621353, "max": 85.4468154907, "var": 105.70438385, "mean": 16.0381698608}, "melbands_spread": {"dmean2": 9.15488052368, "median": 15.839509964, "min": 0.927516639233, "dvar2": 222.626220703, "dvar": 113.508071899, "dmean": 6.12988376617, "max": 147.083465576, "var": 313.616882324, "mean": 19.84806633}, "hfc": {"dmean2": 4.23769664764, "median": 4.26534938812, "min": 1.17456444139e-16, "dvar2": 56.7711105347, "dvar": 32.2035446167, "dmean": 3.14964461327, "max": 132.921310425, "var": 238.125991821, "mean": 10.6298246384}, "barkbands_kurtosis": {"dmean2": 3.9493765831, "median": 1.94723761082, "min": -1.89682841301, "dvar2": 39.2441711426, "dvar": 18.7736434937, "dmean": 2.6395509243, "max": 117.839553833, "var": 78.3032302856, "mean": 4.76849555969}, "gfcc": {"mean": [-113.179924011, 157.997573853, -154.22593689, 42.7534637451, -56.3210754395, -8.25390720367, -19.6412849426, -1.67142951488, -10.1016387939, -17.6209869385, 1.61184895039, -15.6715908051, -3.2343351841], "icov": [[0.000201237766305, -0.000397926429287, 0.000329421192873, -0.00013792864047, 0.000276263512205, -0.000263807014562, 0.000554358004592, -0.00074968294939, 0.000292983459076, -0.000178037895239, 0.000260895001702, -0.000482862000354, 0.000448441016488], [-0.000397926429287, 0.00531527865678, -0.00243456545286, 0.00317187327892, -0.00321833370253, 0.00233667902648, -0.00289054471068, 0.00357884750701, -0.00305416528136, 0.00345197715797, -0.00461310660467, 0.00434043165296, -0.00393657432869], [0.000329421192873, -0.00243456545286, 0.00438785739243, -0.00234764441848, 0.000552829937078, -0.00135827809572, 0.000886917638127, -0.00172312243376, 0.00173254846595, -0.00162821658887, 0.00319926161319, -0.00306178769097, 0.00074755033711], [-0.00013792864047, 0.00317187327892, -0.00234764441848, 0.00483239674941, -0.00214766804129, 0.000671506859362, -0.000912721734494, 0.00205813581124, -0.00240060640499, 0.0022729835473, -0.00330265192315, 0.00226355646737, -0.00298965792172], [0.000276263512205, -0.00321833370253, 0.000552829937078, -0.00214766804129, 0.00583748845384, -0.000298122671666, 0.00137780676596, -0.00183399149682, 3.83955921279e-05, -0.00290636275895, 0.00208189710975, -0.00277745584026, 0.00231411843561], [-0.000263807014562, 0.00233667902648, -0.00135827809572, 0.000671506859362, -0.000298122671666, 0.0058142808266, -0.00302534527145, 0.0012950632954, -0.000681967416313, -0.00138756644446, -0.00138398853596, 0.00330260628834, -0.00372232869267], [0.000554358004592, -0.00289054471068, 0.000886917638127, -0.000912721734494, 0.00137780676596, -0.00302534527145, 0.00583545304835, -0.00387325324118, 0.00110860285349, -0.00052987318486, 0.000972827896476, -0.0030372987967, 0.00183301407378], [-0.00074968294939, 0.00357884750701, -0.00172312243376, 0.00205813581124, -0.00183399149682, 0.0012950632954, -0.00387325324118, 0.0103657385334, -0.00222639017738, 0.00119186821394, -9.43623454077e-05, 0.00129979860503, -0.00266997888684], [0.000292983459076, -0.00305416528136, 0.00173254846595, -0.00240060640499, 3.83955921279e-05, -0.000681967416313, 0.00110860285349, -0.00222639017738, 0.0106949005276, -0.00392964668572, 0.000780266185757, -0.000575023121201, 0.000588222988881], [-0.000178037895239, 0.00345197715797, -0.00162821658887, 0.0022729835473, -0.00290636275895, -0.00138756644446, -0.00052987318486, 0.00119186821394, -0.00392964668572, 0.0120470346883, -0.00296231778339, -0.000667708518449, 0.000623437168542], [0.000260895001702, -0.00461310660467, 0.00319926161319, -0.00330265192315, 0.00208189710975, -0.00138398853596, 0.000972827896476, -9.43623454077e-05, 0.000780266185757, -0.00296231778339, 0.0121889477596, -0.00567403994501, 0.00467097898945], [-0.000482862000354, 0.00434043165296, -0.00306178769097, 0.00226355646737, -0.00277745584026, 0.00330260628834, -0.0030372987967, 0.00129979860503, -0.000575023121201, -0.000667708518449, -0.00567403994501, 0.0156502593309, -0.0048200590536], [0.000448441016488, -0.00393657432869, 0.00074755033711, -0.00298965792172, 0.00231411843561, -0.00372232869267, 0.00183301407378, -0.00266997888684, 0.000588222988881, 0.000623437168542, 0.00467097898945, -0.0048200590536, 0.0157920923084]], "cov": [[10507.1347656, -1133.77038574, -880.239562988, -631.986633301, -634.556213379, -88.5293121338, -807.443603516, 556.471618652, -350.288665771, 72.7535095215, -239.602432251, 73.2799224854, -295.628601074], [-1133.77038574, 1572.34887695, 166.715377808, -96.951751709, 449.525115967, -265.865081787, 243.611999512, -269.124938965, 238.401657104, -170.405349731, 293.145111084, -86.3867416382, 80.3543243408], [-880.239562988, 166.715377808, 527.968505859, 213.365646362, 148.126693726, 106.487121582, 146.123001099, 14.2823753357, 37.4392585754, 25.4831066132, -32.4742431641, 49.3810653687, 93.0790023804], [-631.986633301, -96.951751709, 213.365646362, 477.212036133, 105.798744202, 78.8215255737, 29.743024826, -26.2843856812, 61.2773094177, 19.6142883301, 24.5349502563, 22.4382858276, 65.7353973389], [-634.556213379, 449.525115967, 148.126693726, 105.798744202, 416.385253906, -74.0254592896, 67.7356414795, -62.2882881165, 121.821517944, 24.3876953125, 87.9642944336, 21.1973133087, 21.1859073639], [-88.5293121338, -265.865081787, 106.487121582, 78.8215255737, -74.0254592896, 382.595367432, 149.891693115, 84.6696929932, -17.1158428192, 75.4233322144, -61.1716651917, 8.22756767273, 62.3314933777], [-807.443603516, 243.611999512, 146.123001099, 29.743024826, 67.7356414795, 149.891693115, 425.404937744, 51.0878791809, 46.5077896118, 1.89101958275, 36.224319458, 24.5348529816, 62.000869751], [556.471618652, -269.124938965, 14.2823753357, -26.2843856812, -62.2882881165, 84.6696929932, 51.0878791809, 219.88923645, -32.72864151, 38.1537971497, -82.0290298462, 33.6822967529, 6.04760408401], [-350.288665771, 238.401657104, 37.4392585754, 61.2773094177, 121.821517944, -17.1158428192, 46.5077896118, -32.72864151, 167.645736694, 21.3525619507, 62.129196167, -6.01426362991, 19.0859680176], [72.7535095215, -170.405349731, 25.4831066132, 19.6142883301, 24.3876953125, 75.4233322144, 1.89101958275, 38.1537971497, 21.3525619507, 152.671966553, -3.16511249542, 38.5743789673, -15.7140293121], [-239.602432251, 293.145111084, -32.4742431641, 24.5349502563, 87.9642944336, -61.1716651917, 36.224319458, -82.0290298462, 62.129196167, -3.16511249542, 194.380371094, 11.6283426285, -15.4560832977], [73.2799224854, -86.3867416382, 49.3810653687, 22.4382858276, 21.1973133087, 8.22756767273, 24.5348529816, 33.6822967529, -6.01426362991, 38.5743789673, 11.6283426285, 108.759140015, 8.43257904053], [-295.628601074, 80.3543243408, 93.0790023804, 65.7353973389, 21.1859073639, 62.3314933777, 62.000869751, 6.04760408401, 19.0859680176, -15.7140293121, -15.4560832977, 8.43257904053, 112.254821777]]}, "spectral_energyband_middle_low": {"dmean2": 0.00402954826131, "median": 0.0034869494848, "min": 3.61943368242e-22, "dvar2": 4.83015246573e-05, "dvar": 2.75182774203e-05, "dmean": 0.00292772473767, "max": 0.100324138999, "var": 0.000121044962725, "mean": 0.00887128058821}, "melbands_crest": {"dmean2": 4.63124418259, "median": 12.7921237946, "min": 2.45210146904, "dvar2": 18.8949661255, "dvar": 7.86337518692, "dmean": 2.97744345665, "max": 33.9651412964, "var": 29.8118686676, "mean": 13.8857851028}, "spectral_kurtosis": {"dmean2": 6.14968633652, "median": 4.72125673294, "min": -1.19815063477, "dvar2": 39.4262886047, "dvar": 12.8597612381, "dmean": 3.50327992439, "max": 47.2576026917, "var": 21.1611537933, "mean": 5.88360881805}, "spectral_rms": {"dmean2": 0.000673399539664, "median": 0.00290860282257, "min": 3.22928662977e-12, "dvar2": 6.022644925e-07, "dvar": 3.9364431359e-07, "dmean": 0.00050199823454, "max": 0.0112485457212, "var": 3.83992846764e-06, "mean": 0.00325480196625}, "zerocrossingrate": {"dmean2": 0.00818107556552, "median": 0.0380859375, "min": 0.0029296875, "dvar2": 9.10917005967e-05, "dvar": 8.77093843883e-05, "dmean": 0.00721087865531, "max": 0.49365234375, "var": 0.000694912159815, "mean": 0.0426106080413}, "silence_rate_60dB": {"dmean2": 0.124515771866, "median": 0, "min": 0, "dvar2": 0.12035600841, "dvar": 0.0583747699857, "dmean": 0.0622492730618, "max": 1, "var": 0.18689738214, "mean": 0.248824343085}, "erbbands_kurtosis": {"dmean2": 1.60015964508, "median": -0.260087549686, "min": -1.84157967567, "dvar2": 14.7983722687, "dvar": 5.84913778305, "dmean": 1.04178082943, "max": 66.5181732178, "var": 11.2109479904, "mean": 0.659484267235}, "erbbands": {"dmean2": [0.0247702877969, 0.246290668845, 0.889136850834, 1.34865999222, 2.96368050575, 4.30365562439, 7.34466981888, 10.5195646286, 13.7195281982, 23.5920124054, 27.3813228607, 20.6428413391, 29.1206378937, 12.3139066696, 16.5761547089, 18.0102939606, 17.3401546478, 14.1129217148, 13.1304750443, 10.1494054794, 7.8079624176, 11.9309244156, 10.21281147, 14.1964702606, 10.2783222198, 4.89656543732, 1.79281032085, 0.894192278385, 0.72081977129, 0.638337373734, 0.327032715082, 0.107180252671, 0.0352683961391, 0.015219161287, 0.0047769122757, 0.00127474882174, 0.000339577905834, 6.33440504316e-05, 4.08245387007e-06, 6.48119385005e-06], "median": [0.00877686589956, 0.129367977381, 0.441288173199, 0.708071172237, 1.20473408699, 2.14324951172, 2.44148898125, 2.68298387527, 2.22451162338, 3.85906362534, 3.75505495071, 6.38778829575, 5.46002483368, 2.58863019943, 2.85322523117, 2.154702425, 2.84115886688, 1.83620500565, 1.77263760567, 1.80302548409, 2.14002585411, 2.74704432487, 2.50545907021, 3.5850687027, 2.6015431881, 1.28002154827, 0.529835402966, 0.20110873878, 0.132056713104, 0.087392270565, 0.0486613474786, 0.0255182422698, 0.00762771070004, 0.00223751948215, 0.000404187390814, 5.25963878317e-05, 8.59345618665e-06, 1.64548009707e-06, 4.86324779558e-06, 1.01214554888e-05], "min": [4.88685017692e-22, 2.56527731491e-21, 4.47523258331e-20, 7.22097461615e-20, 5.3660573123e-20, 1.82765220301e-19, 1.11075919379e-19, 5.52798185924e-19, 1.07573101583e-18, 6.33954168292e-19, 3.03446017157e-18, 2.42355957865e-18, 2.28392735534e-18, 1.75222000029e-18, 9.98919127548e-19, 5.52876519928e-18, 7.42849962694e-18, 4.90515787138e-18, 8.08815714029e-18, 9.24197069723e-18, 7.86038468682e-18, 9.30697551285e-18, 8.90932994006e-18, 1.49163693152e-17, 1.50217769406e-17, 1.72052624425e-17, 1.72735610913e-17, 1.24987362788e-17, 1.66539631079e-17, 1.49632257881e-17, 1.63574701435e-17, 1.59644452016e-17, 1.67330184134e-17, 1.08205067571e-17, 8.42024947672e-18, 6.85741413203e-18, 4.46655320979e-18, 1.41350329133e-18, 3.27315833676e-19, 3.37687146981e-20], "dvar2": [0.0027554219123, 0.311606764793, 3.0877532959, 6.91799163818, 37.1386413574, 81.1281890869, 340.088623047, 1219.04626465, 1910.7097168, 5806.58886719, 6733.03808594, 3567.02124023, 8161.30175781, 2633.46508789, 3920.22875977, 7078.31835938, 3317.73999023, 1966.58813477, 2003.92346191, 1201.39978027, 424.347808838, 1375.72314453, 1457.32348633, 1453.37768555, 1447.20910645, 549.156860352, 91.7510604858, 9.12476158142, 5.03916931152, 11.2921533585, 2.79167246819, 0.257043629885, 0.0288310404867, 0.00225733127445, 0.000280326785287, 3.80278142984e-05, 4.42624013886e-06, 1.61812593547e-07, 1.19601564763e-10, 9.18966638896e-11], "dvar": [0.00132230750751, 0.111357301474, 1.18170177937, 2.985019207, 18.0326194763, 45.343662262, 162.182067871, 574.343017578, 877.583618164, 2821.73657227, 3384.99511719, 1753.50305176, 3978.14990234, 1066.21472168, 1937.44592285, 2835.38256836, 1409.87145996, 913.045166016, 932.616699219, 568.792297363, 198.977523804, 563.384643555, 566.09564209, 751.862365723, 602.561828613, 247.727859497, 37.025806427, 3.77881407738, 2.30691051483, 4.95050430298, 1.47594475746, 0.137409314513, 0.0124348923564, 0.0010092362063, 0.00012954993872, 1.74097531271e-05, 2.03668287213e-06, 7.37512024784e-08, 5.70605576677e-11, 5.49026865637e-11], "dmean": [0.0182055328041, 0.165197789669, 0.572731375694, 0.873488903046, 1.96633017063, 2.99554252625, 4.9742770195, 7.06176996231, 9.54658508301, 15.9756727219, 19.0745429993, 14.4084634781, 19.7930717468, 8.0960931778, 11.2294082642, 11.7868251801, 11.3622522354, 9.58296489716, 8.91290855408, 6.80309343338, 5.28590679169, 7.98805904388, 6.56684827805, 9.42960453033, 6.65680503845, 3.18937635422, 1.15292310715, 0.566114604473, 0.456768810749, 0.407667428255, 0.223452225327, 0.074630074203, 0.0237661097199, 0.00983588397503, 0.00318648060784, 0.000849674863275, 0.00022707140306, 4.18943309342e-05, 2.934680424e-06, 4.75140541312e-06], "max": [0.544455647469, 5.58294057846, 22.1947364807, 29.827381134, 101.001174927, 236.548095703, 262.315185547, 646.147155762, 808.998657227, 1700.05651855, 1228.45947266, 1282.63134766, 1587.64587402, 1498.49499512, 2047.90161133, 1945.21594238, 1310.5657959, 706.959533691, 1412.1439209, 980.725341797, 363.662322998, 786.776489258, 1054.81152344, 1454.02185059, 1057.22827148, 753.62322998, 294.063415527, 75.7539291382, 55.730632782, 86.4012527466, 48.1252098083, 14.1101341248, 4.8332195282, 0.958210587502, 0.377846986055, 0.170191660523, 0.0680293813348, 0.0109470468014, 0.000275574886473, 0.000155887581059], "var": [0.00471035065129, 0.312367290258, 2.62351870537, 6.65314769745, 73.4535293579, 156.446243286, 460.927978516, 962.62902832, 1773.90612793, 4780.50830078, 10930.2460938, 4189.83837891, 12252.6923828, 2058.63134766, 6744.93896484, 4921.68847656, 3269.87036133, 2231.39648438, 2234.76879883, 1392.24511719, 667.892333984, 1621.9675293, 1170.97937012, 2488.27563477, 985.786193848, 371.962493896, 45.4368896484, 6.45549297333, 4.97093915939, 8.0339050293, 2.79232144356, 0.27928468585, 0.0269011650234, 0.00398996798322, 0.000604769506026, 6.63945829729e-05, 4.28979001299e-06, 1.46884033825e-07, 2.19851456484e-10, 3.74367675748e-10], "mean": [0.0429669432342, 0.374366551638, 1.04237627983, 1.59371542931, 4.1274471283, 6.60330200195, 10.142250061, 12.4407749176, 16.3022212982, 24.8772640228, 37.2603607178, 27.6287670135, 41.9014205933, 15.2440471649, 20.5886974335, 18.6636772156, 19.1307487488, 15.9160680771, 14.1488523483, 11.5419244766, 10.6648807526, 15.6219129562, 13.4812221527, 18.4586429596, 12.3580436707, 5.34709882736, 1.98135519028, 0.961774110794, 0.767146468163, 0.591612994671, 0.357199221849, 0.131629005075, 0.0489132367074, 0.0238007623702, 0.00780428759754, 0.00177820934914, 0.000400863122195, 7.12187611498e-05, 9.67768937699e-06, 1.74424130819e-05]}, "spectral_strongpeak": {"dmean2": 0.633967161179, "median": 0.386889815331, "min": 0, "dvar2": 1.14794552326, "dvar": 0.479453235865, "dmean": 0.393334776163, "max": 17.5172538757, "var": 1.22824037075, "mean": 0.852549314499}, "spectral_energy": {"dmean2": 0.00556084746495, "median": 0.00867146998644, "min": 1.06889999354e-20, "dvar2": 6.81610981701e-05, "dvar": 4.08242703998e-05, "dmean": 0.00407269969583, "max": 0.129693031311, "var": 0.000262238725554, "mean": 0.0147945350036}, "average_loudness": 0.467427104712, "spectral_rolloff": {"dmean2": 537.269958496, "median": 818.26171875, "min": 64.599609375, "dvar2": 618581.625, "dvar": 309583.71875, "dmean": 330.655517578, "max": 18367.8222656, "var": 965893.8125, "mean": 1142.30529785}, "spectral_centroid": {"dmean2": 352.721984863, "median": 1061.56164551, "min": 236.190704346, "dvar2": 182856.765625, "dvar": 103705.460938, "dmean": 241.304153442, "max": 11230.6367188, "var": 434271.71875, "mean": 1217.51660156}, "pitch_salience": {"dmean2": 0.101856671274, "median": 0.590127706528, "min": 0.0831970050931, "dvar2": 0.00847892090678, "dvar": 0.00353673752397, "dmean": 0.0648642033339, "max": 0.866612434387, "var": 0.0194064397365, "mean": 0.569375038147}, "spectral_energyband_middle_high": {"dmean2": 0.00164616527036, "median": 0.00108080124483, "min": 1.62098854655e-21, "dvar2": 1.25221522467e-05, "dvar": 6.865292562e-06, "dmean": 0.00121122028213, "max": 0.117238648236, "var": 4.41299162048e-05, "mean": 0.00360303279012}, "spectral_contrast_coeffs": {"dmean2": [0.0710025280714, 0.0726664811373, 0.0576737783849, 0.0488395318389, 0.0398186855018, 0.0322845205665], "median": [-0.651368498802, -0.735582590103, -0.757641553879, -0.796111345291, -0.773764252663, -0.723357021809], "min": [-0.973388314247, -0.953810095787, -0.952648460865, -0.960500061512, -0.956189215183, -0.960445821285], "dvar2": [0.00342978327535, 0.00368412095122, 0.00218535191379, 0.00152211426757, 0.0011416451307, 0.000762295792811], "dvar": [0.00153274287004, 0.00171846721787, 0.000909680093173, 0.000641963735688, 0.000503071059939, 0.000325844885083], "dmean": [0.0453659929335, 0.0460308268666, 0.0361826308072, 0.030787518248, 0.0251980442554, 0.0206078905612], "max": [-0.314492970705, -0.371138364077, -0.442908674479, -0.589504718781, -0.518042564392, -0.531345963478], "var": [0.0115136262029, 0.00725716259331, 0.00600437773392, 0.00293412362225, 0.00341819506139, 0.00186876952648], "mean": [-0.640259563923, -0.723756253719, -0.749624729156, -0.789102971554, -0.769891023636, -0.7187692523]}, "melbands_skewness": {"dmean2": 0.913769185543, "median": 2.03901386261, "min": -2.31542849541, "dvar2": 0.985354721546, "dvar": 0.461042732, "dmean": 0.61448764801, "max": 13.6691761017, "var": 2.72422242165, "mean": 2.36446499825}, "spectral_spread": {"dmean2": 387014.90625, "median": 2650806.25, "min": 1049997.625, "dvar2": 257174945792, "dvar": 209587617792, "dmean": 250088.625, "max": 40632592, "var": 589556482048, "mean": 2737880.75}, "dissonance": {"dmean2": 0.0359592959285, "median": 0.453870475292, "min": 0.133696183562, "dvar2": 0.00117059436161, "dvar": 0.0004856151063, "dmean": 0.0219574403018, "max": 0.499999850988, "var": 0.00132190680597, "mean": 0.446960359812}, "spectral_skewness": {"dmean2": 0.603742718697, "median": 1.34355461597, "min": -0.304417818785, "dvar2": 0.298556596041, "dvar": 0.104743219912, "dmean": 0.359130591154, "max": 4.88239002228, "var": 0.286471188068, "mean": 1.39481580257}, "spectral_flux": {"dmean2": 0.0247430540621, "median": 0.0420333519578, "min": 1.03387617911e-10, "dvar2": 0.000854723679367, "dvar": 0.000383730686735, "dmean": 0.015613887459, "max": 0.324004620314, "var": 0.00161543767899, "mean": 0.0522045567632}, "spectral_contrast_valleys": {"dmean2": [0.614986598492, 0.576862812042, 0.521069169044, 0.493534862995, 0.413982361555, 0.457808345556], "median": [-7.82688140869, -7.19960737228, -7.89712142944, -8.30552482605, -8.22279548645, -12.3834142685], "min": [-26.9125022888, -27.7609786987, -27.3524894714, -27.3884677887, -27.2619628906, -27.2752876282], "dvar2": [0.274461895227, 0.239012733102, 0.19062063098, 0.19510871172, 0.168165296316, 0.215703845024], "dvar": [0.133192867041, 0.116589255631, 0.100578136742, 0.110159009695, 0.100184738636, 0.142889752984], "dmean": [0.38790178299, 0.35805734992, 0.332341253757, 0.324064403772, 0.283294588327, 0.345523685217], "max": [-5.91205978394, -4.81343793869, -4.94196462631, -5.82707929611, -5.95551109314, -8.97026252747], "var": [1.04303908348, 1.114174366, 1.17534589767, 1.19735109806, 1.10080337524, 1.72621572018], "mean": [-8.00611495972, -7.2994966507, -7.95969104767, -8.40576934814, -8.32859516144, -12.4840831757]}, "erbbands_flatness_db": {"dmean2": 0.0228098127991, "median": 0.225337803364, "min": 0.0731013640761, "dvar2": 0.000485397409648, "dvar": 0.000257239298662, "dmean": 0.0158906523138, "max": 0.360631614923, "var": 0.00152467808221, "mean": 0.225367337465}, "spectral_energyband_high": {"dmean2": 9.45013234741e-05, "median": 2.70465243375e-05, "min": 7.7829940823e-21, "dvar2": 1.77826336767e-07, "dvar": 8.01129260708e-08, "dmean": 6.15081080468e-05, "max": 0.0107657108456, "var": 1.3607893834e-07, "mean": 0.000112190122309}, "spectral_entropy": {"dmean2": 0.229158654809, "median": 7.17530822754, "min": 5.45317363739, "dvar2": 0.0517121814191, "dvar": 0.0266180485487, "dmean": 0.157470062375, "max": 9.79696941376, "var": 0.113167613745, "mean": 7.17581605911}, "silence_rate_20dB": {"dmean2": 0, "median": 1, "min": 1, "dvar2": 0, "dvar": 0, "dmean": 0, "max": 1, "var": 0, "mean": 1}, "melbands_flatness_db": {"dmean2": 0.0369228683412, "median": 0.245673120022, "min": 0.00545703433454, "dvar2": 0.00144872372039, "dvar": 0.00078771734843, "dmean": 0.0259335096925, "max": 0.535240113735, "var": 0.00563322985545, "mean": 0.249363929033}, "barkbands": {"dmean2": [2.67996820185e-05, 0.00099597487133, 0.000866756250616, 0.000585313828196, 0.00123109272681, 0.00120448146481, 0.00110383960418, 0.00139520852827, 0.000972061883658, 0.00076166522922, 0.000422728975536, 0.000413548812503, 0.000393614638597, 0.000313616852509, 0.000233235274209, 0.000149059618707, 0.000223857394303, 0.000197964865947, 0.000274639198324, 0.00010515039321, 3.06582369376e-05, 2.02911178349e-05, 1.27947087094e-05, 3.14245244226e-06, 9.52629136464e-07, 1.93727146325e-07, 1.8946