{"tonal": {"thpcp": [1, 0.74638313055, 0.158275306225, 0.107291564345, 0.0699395388365, 0.180134698749, 0.468539983034, 0.386436760426, 0.422910124063, 0.829170405865, 0.542851150036, 0.0730214267969, 0.0354340150952, 0.078541174531, 0.353905975819, 0.548581361771, 0.288490712643, 0.0640542432666, 0.0504483096302, 0.0336733423173, 0.172031790018, 0.533129870892, 0.440688461065, 0.210100933909, 0.356314271688, 0.24707223475, 0.0667670071125, 0.0893644168973, 0.0777957066894, 0.106891214848, 0.240555644035, 0.201569214463, 0.0691188722849, 0.0580567903817, 0.0783119723201, 0.398906111717], "hpcp": {"dmean2": [0.0557605139911, 0.0685459449887, 0.0341589152813, 0.0211641155183, 0.0187456123531, 0.0418721996248, 0.0566753186285, 0.0771770849824, 0.0696262717247, 0.0561233684421, 0.0637528449297, 0.0422483347356, 0.0379382781684, 0.0386439599097, 0.0494152270257, 0.0561850257218, 0.05913592875, 0.0482590049505, 0.026251707226, 0.0474733933806, 0.105322629213, 0.104741096497, 0.112777255476, 0.0710199698806, 0.0473039858043, 0.0285266917199, 0.0517954751849, 0.0595393143594, 0.0829541608691, 0.115455672145, 0.0899380594492, 0.107205301523, 0.0441532209516, 0.0284310653806, 0.0497542880476, 0.0798095241189], "median": [0.00187851313967, 0.00317628774792, 0.00285482546315, 0.00121990754269, 0.00089480727911, 0.00622426578775, 0.0141147375107, 0.0172486212105, 0.0201029796153, 0.00650077499449, 0.0036932467483, 0.00328130088747, 0.00103504594881, 0.000952463131398, 0.00291312253103, 0.00433502718806, 0.00371621944942, 0.00156974373385, 0.000384598009987, 0.00111547973938, 0.0640867650509, 0.123447105289, 0.0783593356609, 0.0137114804238, 0.00181301194243, 0.00108248414472, 0.00342569639906, 0.00408949237317, 0.00854386854917, 0.0564202964306, 0.0530813038349, 0.0320259258151, 0.00488611776382, 0.000733758322895, 0.000981124700047, 0.00178929371759], "min": [0, 0, 0, 0, 0, 0, 0, 0, 0, 0, 0, 0, 0, 0, 0, 0, 0, 0, 0, 0, 0, 0, 0, 0, 0, 0, 0, 0, 0, 0, 0, 0, 0, 0, 0, 0], "dvar2": [0.0323760844767, 0.0276931393892, 0.0147595722228, 0.00518318079412, 0.00344177009538, 0.0120109794661, 0.0206310637295, 0.0293172616512, 0.0219646636397, 0.0259381029755, 0.0327130109072, 0.0179007351398, 0.0221640858799, 0.0227683167905, 0.0229386929423, 0.0300995111465, 0.0329422056675, 0.0277633722872, 0.0121407099068, 0.018149221316, 0.0282499976456, 0.0370925888419, 0.0342005342245, 0.0326170288026, 0.0313556790352, 0.00827372260392, 0.0145407170057, 0.0231742504984, 0.0268742647022, 0.0368859283626, 0.039012376219, 0.0417244359851, 0.0141373472288, 0.0152769684792, 0.0256403498352, 0.0405650809407], "dvar": [0.0124618764967, 0.0117014003918, 0.0052941320464, 0.00197230651975, 0.00125377962831, 0.00438288692385, 0.0109194796532, 0.0120814042166, 0.0071193613112, 0.0108448509127, 0.011272369884, 0.00598014798015, 0.00794949196279, 0.00815232377499, 0.00800112076104, 0.010669737123, 0.0119862500578, 0.0087816901505, 0.00423562573269, 0.00631349673495, 0.0113539397717, 0.0192759279162, 0.0151265896857, 0.0109200589359, 0.0104001099244, 0.00318489247002, 0.00534666143358, 0.0113444682211, 0.0123288109899, 0.0128086684272, 0.0178674850613, 0.0160713754594, 0.00528067816049, 0.00524856708944, 0.00899260491133, 0.0166987385601], "dmean": [0.0327043198049, 0.0438131019473, 0.0193533096462, 0.0123226493597, 0.0107361739501, 0.024899944663, 0.0388644859195, 0.0479701831937, 0.039643228054, 0.0344636179507, 0.0374548882246, 0.0234791319817, 0.0217632185668, 0.0219991467893, 0.0280412677675, 0.032045006752, 0.0348626188934, 0.026399673894, 0.0142686171457, 0.0260764807463, 0.0660819932818, 0.0710597261786, 0.0707111358643, 0.0409672781825, 0.0265253800899, 0.0162877105176, 0.03065357171, 0.0375698767602, 0.0502028465271, 0.0665889084339, 0.0572171285748, 0.063399143517, 0.0247813984752, 0.0156045500189, 0.0287071336061, 0.0498688668013], "max": [1, 1, 1, 0.70874363184, 0.678619205952, 0.80237531662, 1, 1, 0.931763708591, 1, 1, 1, 1, 1, 1, 1, 1, 1, 1, 1, 1, 1, 1, 1, 1, 1, 1, 1, 1, 1, 1, 1, 1, 1, 1, 1], "var": [0.133641794324, 0.0445587001741, 0.00425326358527, 0.00246479501948, 0.0015441479627, 0.0121545447037, 0.110774405301, 0.0709036290646, 0.0157021358609, 0.0776009783149, 0.0409873835742, 0.00442855060101, 0.0119494227692, 0.00984642468393, 0.0109971137717, 0.050767287612, 0.0366735197604, 0.00760937621817, 0.0111638493836, 0.0103076109663, 0.0304820742458, 0.164621308446, 0.110495343804, 0.0123329842463, 0.0227845218033, 0.0118854446337, 0.0168616250157, 0.1037228778, 0.0674263685942, 0.0358614586294, 0.152107149363, 0.0706968531013, 0.00514038652182, 0.00337529461831, 0.0083764353767, 0.0691280066967], "mean": [0.19338388741, 0.101697683334, 0.022580165416, 0.0177838522941, 0.0118704028428, 0.0606440156698, 0.187936991453, 0.155349880457, 0.0740640088916, 0.12560659647, 0.0870969966054, 0.0235364604741, 0.0315024144948, 0.0274242572486, 0.0376808978617, 0.0847997888923, 0.0710564404726, 0.0243655312806, 0.0204659663141, 0.0276062488556, 0.140620917082, 0.352516323328, 0.26311224699, 0.0557946301997, 0.0378220267594, 0.024654828012, 0.0635004192591, 0.165167987347, 0.136225268245, 0.14908272028, 0.292296111584, 0.1913639009, 0.025741243735, 0.0124910688028, 0.0276870466769, 0.124757632613]}, "tuning_equal_tempered_deviation": 0.0873342528939, "chords_changes_rate": 0.0386247895658, "key_key": "E", "tuning_diatonic_strength": 0.407136827707, "key_scale": "minor", "chords_number_rate": 0.00636672321707, "tuning_frequency": 437.971466064, "tuning_nontempered_energy_ratio": 0.696413636208, "chords_histogram": [20.8404083252, 6.36672306061, 1.01867568493, 3.48047542572, 2.80135822296, 7.76740217209, 0.509337842464, 1.40067911148, 0, 3.22580647469, 0, 2.20713067055, 0, 0, 0.297113746405, 0.0848896428943, 1.14601016045, 0, 3.69269943237, 0.551782667637, 7.42784357071, 5.517827034, 5.17826843262, 26.4855690002], "key_strength": 0.65186560154, "chords_key": "C", "chords_strength": {"dmean2": 0.00558508140966, "median": 0.540157973766, "min": -1, "dvar2": 0.00156293157488, "dvar": 0.000830212084111, "dmean": 0.00773292174563, "max": 0.771627366543, "var": 0.043387748301, "mean": 0.513058245182}, "chords_scale": "major", "hpcp_entropy": {"dmean2": 0.613197565079, "median": 1.53229045868, "min": 0, "dvar2": 0.385156691074, "dvar": 0.150386855006, "dmean": 0.372312754393, "max": 3.28958511353, "var": 0.446840763092, "mean": 1.45986461639}}, "metadata": {"audio_properties": {"equal_loudness": 0, "codec": "mp3", "downmix": "mix", "sample_rate": 44100, "analysis_sample_rate": 44100, "bit_rate": 320076, "md5_encoded": "44240f6519e58a30d1a36ea292f31c5c", "length": 109.348571777, "replay_gain": -6.30377388, "lossless": false}, "version": {"essentia_build_sha": "70f2e5ece6736b2c40cc944ad0e695b16b925413", "essentia": "2.1-beta2", "extractor": "music 1.0", "essentia_git_sha": "v2.1_beta2"}, "tags": {"title": ["Billy's Diary"], "media": ["CD"], "albumartist": ["Carter Burwell"], "musicbrainz_recordingid": ["0578c0d1-4de5-47ba-925f-a70ce5711cf5"], "musicbrainz_albumartistid": ["b88ca659-0393-4a62-abd8-f290e6c7a7e2"], "discnumber": ["1/1"], "album": ["Seven Psychopaths"], "catalognumber": ["LKS 34307"], "musicbrainz album release country": ["US"], "musicbrainz album type": ["album/soundtrack"], "musicbrainz album status": ["official"], "date": ["2012"], "file_name": "07 Billy's Diary.mp3", "musicbrainz_releasegroupid": ["102e37a2-5770-4c16-aa3b-7ba6ec45f697"], "script": ["Latn"], "originaldate": ["2012"], "musicbrainz_albumid": ["0402bd41-46db-4a1e-860a-96d47cce79b6"], "copyright": ["(c) 2012 Lakeshore Records"], "artist": ["Carter Burwell"], "artistsort": ["Burwell, Carter"], "tracknumber": ["7/19"], "label": ["Lakeshore Records"], "albumartistsort": ["Burwell, Carter"], "acoustid_id": ["de10a7fb-cf07-4312-8da9-b852be7c260d"], "musicbrainz_artistid": ["b88ca659-0393-4a62-abd8-f290e6c7a7e2"]}}, "rhythm": {"bpm_histogram_first_peak_bpm": {"dmean2": 0, "median": 129, "min": 129, "dvar2": 0, "dvar": 0, "dmean": 0, "max": 129, "var": 0, "mean": 129}, "bpm": 128.320571899, "bpm_histogram_second_peak_spread": {"dmean2": 0, "median": 0.333333313465, "min": 0.333333313465, "dvar2": 0, "dvar": 0, "dmean": 0, "max": 0.333333313465, "var": 0, "mean": 0.333333313465}, "bpm_histogram_first_peak_weight": {"dmean2": 0, "median": 0.240343347192, "min": 0.240343347192, "dvar2": 0, "dvar": 0, "dmean": 0, "max": 0.240343347192, "var": 0, "mean": 0.240343347192}, "onset_rate": 1.33496713638, "beats_position": [0.441179126501, 0.893968224525, 1.34675729275, 1.79954648018, 2.2523355484, 2.70512461662, 3.16952371597, 3.63392281532, 4.1099319458, 4.57433080673, 5.05034017563, 5.53795909882, 6.04879808426, 6.57124710083, 7.05886602402, 7.50004529953, 7.92961454391, 8.35918331146, 8.80036258698, 9.24154186249, 9.682721138, 10.1122903824, 10.5534696579, 10.9830379486, 11.4242172241, 11.8653964996, 12.3065757751, 12.7477550507, 13.1889343262, 13.6301136017, 14.0712919235, 14.5356912613, 14.9768705368, 15.4296598434, 15.870839119, 16.3236274719, 16.7648067474, 17.2175960541, 17.6703853607, 18.1115646362, 18.5643539429, 19.0171432495, 19.4699325562, 19.9227199554, 20.3755092621, 20.8282985687, 21.2926979065, 21.7570972443, 22.2331066132, 22.6975059509, 23.1619052887, 23.6263027191, 24.102312088, 24.5783214569, 25.0543308258, 25.5187301636, 25.9831295013, 26.4475269318, 26.9235363007, 27.3879356384, 27.8639450073, 28.3283443451, 28.7927436829, 29.2571430206, 29.7331504822, 30.2091598511, 30.6735591888, 31.1379585266, 31.6023578644, 32.0783653259, 32.5543746948, 33.0187759399, 33.4831733704, 33.9475746155, 34.4119720459, 34.8879814148, 35.3639907837, 35.8283882141, 36.2927894592, 36.7571868896, 37.2331962585, 37.7092056274, 38.1736030579, 38.6263923645, 39.1024017334, 39.5784111023, 40.0544204712, 40.5420417786, 41.0180473328, 41.4940567017, 41.9584579468, 42.4228553772, 42.8872566223, 43.3632659912, 43.8392753601, 44.3152809143, 44.7912902832, 45.2556915283, 45.7200889587, 46.1844902039, 46.6604995728, 47.1365089417, 47.6009063721, 48.0653038025, 48.5297050476, 48.994102478, 49.4701118469, 49.9461212158, 50.4221305847, 50.8865280151, 51.362537384, 51.8269386292, 52.302947998, 52.7789573669, 53.2433547974, 53.7193641663, 54.1837615967, 54.6597709656, 55.1241722107, 55.5885696411, 56.06457901, 56.5289802551, 57.0049858093, 57.4809951782, 57.9570045471, 58.433013916, 58.8974151611, 59.37342453, 59.8494338989, 60.3254394531, 60.7898406982, 61.2542381287, 61.7070274353, 62.1714286804, 62.6474380493, 63.1118354797, 63.5878448486, 64.0522460938, 64.5166397095, 64.9810409546, 65.4570541382, 65.9330596924, 66.409072876, 66.8850784302, 67.3726959229, 67.8603134155, 68.3363265991, 68.8239440918, 69.3115615845, 69.7991790771, 70.2868041992, 70.7744216919, 71.2620391846, 71.8309249878, 72.3998184204, 73.0499725342, 73.6885223389, 74.3270721436, 74.9656219482, 75.6041717529, 76.2311096191, 76.8580474854, 77.403717041, 77.9493865967, 78.4834442139, 79.0291137695, 79.5631713867, 80.0972290039, 80.654510498, 81.2001800537, 81.7342376709, 82.2799072266, 82.8139648438, 83.3131942749, 83.8124237061, 84.3116531372, 84.7760543823, 85.2404556274, 85.7048492432, 86.1808624268, 86.6800918579, 87.1909255981, 87.6901550293, 88.2009963989, 88.7002258301, 89.2110671997, 89.7219009399, 90.2211303711, 90.7203598022, 91.2195892334, 91.7188186646, 92.2180480957, 92.7172775269, 93.2281188965, 93.6576843262, 94.0872573853, 94.5168228149, 94.946395874, 95.3527450562, 95.7474822998, 96.1422195435, 96.5369567871, 96.9200897217, 97.3032150269, 97.6863479614, 98.0694732666, 98.3945541382, 98.7312469482, 99.0795440674, 99.4278411865, 99.7645339966, 100.101219177, 100.437911987, 100.774604797, 101.169342041, 101.575691223, 101.982040405, 102.388389587, 102.864395142, 103.328796387, 103.804801941, 104.187934875, 104.571060181, 104.954193115, 105.33732605, 105.697235107, 106.057144165, 106.417053223, 106.77696228, 107.148475647, 107.519996643, 107.891517639, 108.263038635, 108.634559631], "beats_loudness": {"dmean2": 0.0281950980425, "median": 0.0158701613545, "min": 0, "dvar2": 0.000926117238123, "dvar": 0.00039262638893, "dmean": 0.0165149793029, "max": 0.224877938628, "var": 0.00142818037421, "mean": 0.0287069529295}, "danceability": 0.78759521246, "bpm_histogram_second_peak_weight": {"dmean2": 0, "median": 0.0686695277691, "min": 0.0686695277691, "dvar2": 0, "dvar": 0, "dmean": 0, "max": 0.0686695277691, "var": 0, "mean": 0.0686695277691}, "beats_count": 234, "bpm_histogram_second_peak_bpm": {"dmean2": 0, "median": 136, "min": 136, "dvar2": 0, "dvar": 0, "dmean": 0, "max": 136, "var": 0, "mean": 136}, "bpm_histogram_first_peak_spread": {"dmean2": 0, "median": 0.555555582047, "min": 0.555555582047, "dvar2": 0, "dvar": 0, "dmean": 0, "max": 0.555555582047, "var": 0, "mean": 0.555555582047}, "beats_loudness_band_ratio": {"dmean2": [0.291643440723, 0.269565075636, 0.149166375399, 0.0376799032092, 0.012111203745, 0.0152928428724], "median": [0.493321657181, 0.449894309044, 0.0680664405227, 0.00912681873888, 0.00134535471443, 0.000167615595274], "min": [0, 0, 0, 0, 0, 0], "dvar2": [0.05856737867, 0.0680769085884, 0.0431265793741, 0.00509914197028, 0.00069908448495, 0.0151289589703], "dvar": [0.0254526715726, 0.0262201931328, 0.0141908815131, 0.00218853377737, 0.000246448093094, 0.00609279610217], "dmean": [0.170716702938, 0.156004413962, 0.0843430235982, 0.0220488999039, 0.0067023364827, 0.0096698012203], "max": [0.990234732628, 0.961380183697, 0.77347022295, 0.466378927231, 0.125914424658, 0.997699916363], "var": [0.0844662934542, 0.0810973569751, 0.0154037829489, 0.00307228346355, 0.000205382966669, 0.00505186105147], "mean": [0.484893083572, 0.451954096556, 0.10861979425, 0.0246927458793, 0.00647116824985, 0.00775889027864]}}, "lowlevel": {"barkbands_spread": {"dmean2": 3.1483297348, "median": 3.3189034462, "min": 0.220519781113, "dvar2": 103.12915802, "dvar": 29.8704147339, "dmean": 1.75698626041, "max": 166.381652832, "var": 92.4999542236, "mean": 5.18140459061}, "melbands_spread": {"dmean2": 2.26803994179, "median": 3.49767756462, "min": 0.365492045879, "dvar2": 38.0431518555, "dvar": 15.2024383545, "dmean": 1.37090730667, "max": 163.245437622, "var": 388.404815674, "mean": 7.51293039322}, "hfc": {"dmean2": 1.80485355854, "median": 3.54586243629, "min": 1.03441721544e-16, "dvar2": 12.8864068985, "dvar": 4.64392518997, "dmean": 1.13558197021, "max": 86.5754241943, "var": 82.5389785767, "mean": 6.39279079437}, "barkbands_kurtosis": {"dmean2": 17.4178409576, "median": 5.49483966827, "min": -1.95847225189, "dvar2": 5303.08837891, "dvar": 1582.25878906, "dmean": 9.65574550629, "max": 1122.35717773, "var": 2112.3215332, "mean": 13.6791744232}, "gfcc": {"mean": [-226.938735962, 185.618164062, -59.5362052917, -12.7885217667, -43.9927253723, -7.28148031235, -36.1002464294, -14.5258102417, -14.020939827, -8.94694805145, -7.94434738159, -8.71037864685, -4.34960174561], "icov": [[0.000402517616749, -0.000994659261778, 0.000968746666331, -0.00102013663854, 0.000888433016371, -0.000748329795897, 0.000597034697421, -0.000176045432454, 0.000504268100485, -0.000253139762208, 0.000203577845241, -3.00659612549e-05, -3.18459460686e-05], [-0.000994659261778, 0.00324415974319, -0.00214363471605, 0.00303939729929, -0.00184740289114, 0.0027367065195, -0.00118602288421, 0.00061629107222, -0.00110119720921, 0.00148044817615, -0.000953472917899, 0.00173082621768, -0.000450752908364], [0.000968746666331, -0.00214363471605, 0.00360033567995, -0.00223439675756, 0.00310036493465, -0.00123726879247, -0.000115655486297, 0.00143163232133, 0.000907652662136, -0.00098369421903, 0.00176673952956, -0.00104521412868, 0.000317195022944], [-0.00102013663854, 0.00303939729929, -0.00223439675756, 0.00551443360746, -0.00250890781172, 0.00198907940648, -0.00125545519404, -0.00119234516751, 0.000486767617986, 0.000872002390679, -3.48816138285e-05, 0.00188686861657, -0.000747540325392], [0.000888433016371, -0.00184740289114, 0.00310036493465, -0.00250890781172, 0.0058461939916, -0.00116690481082, -0.00090011570137, 0.000318551727105, -1.50669402501e-05, -0.000131283566589, -0.00185874069575, 0.0030007509049, -0.00275640166365], [-0.000748329795897, 0.0027367065195, -0.00123726879247, 0.00198907940648, -0.00116690481082, 0.0113684963435, -0.00273748557083, 1.21709090308e-05, 5.57842031412e-05, -0.000928250257857, 0.00179032247979, -0.000916800170671, -0.000155737012392], [0.000597034697421, -0.00118602288421, -0.000115655486297, -0.00125545519404, -0.00090011570137, -0.00273748557083, 0.0102444225922, -0.00847393739969, 0.00320706702769, 0.00274396594614, -0.00212713470683, 0.00328250275925, -0.00208131107502], [-0.000176045432454, 0.00061629107222, 0.00143163232133, -0.00119234516751, 0.000318551727105, 1.21709090308e-05, -0.00847393739969, 0.0169198866934, -0.00550273479894, -0.00236281123944, 0.00651546614245, -0.00567300291732, 0.0049765217118], [0.000504268100485, -0.00110119720921, 0.000907652662136, 0.000486767617986, -1.50669402501e-05, 5.57842031412e-05, 0.00320706702769, -0.00550273479894, 0.0128036551178, -0.00520856957883, 0.00214628619142, 0.00174318347126, -0.00387058244087], [-0.000253139762208, 0.00148044817615, -0.00098369421903, 0.000872002390679, -0.000131283566589, -0.000928250257857, 0.00274396594614, -0.00236281123944, -0.00520856957883, 0.0175578556955, -0.00989228207618, 0.00501927779987, -0.00184880988672], [0.000203577845241, -0.000953472917899, 0.00176673952956, -3.48816138285e-05, -0.00185874069575, 0.00179032247979, -0.00212713470683, 0.00651546614245, 0.00214628619142, -0.00989228207618, 0.0236062929034, -0.0163554791361, 0.00816126354039], [-3.00659612549e-05, 0.00173082621768, -0.00104521412868, 0.00188686861657, 0.0030007509049, -0.000916800170671, 0.00328250275925, -0.00567300291732, 0.00174318347126, 0.00501927779987, -0.0163554791361, 0.0309754908085, -0.0145490895957], [-3.18459460686e-05, -0.000450752908364, 0.000317195022944, -0.000747540325392, -0.00275640166365, -0.000155737012392, -0.00208131107502, 0.0049765217118, -0.00387058244087, -0.00184880988672, 0.00816126354039, -0.0145490895957, 0.0178091600537]], "cov": [[32890.59375, 6978.79199219, -3905.44873047, 147.998352051, -890.839782715, -482.030883789, -1513.74487305, -533.135803223, -412.217834473, -228.656600952, 10.0278949738, -466.584136963, -357.900543213], [6978.79199219, 2840.60595703, -282.94519043, -562.838134766, -347.182861328, -332.352325439, -480.317626953, -346.027984619, -72.6817932129, -91.5268325806, 43.9960289001, -116.413391113, -90.8552627563], [-3905.44873047, -282.94519043, 1482.95788574, -172.282348633, -399.609710693, -18.3399791718, 43.5441246033, -115.912895203, -45.9364929199, -22.7076148987, -39.4800682068, 63.3337097168, -14.8284978867], [147.998352051, -562.838134766, -172.282348633, 618.074951172, 200.768722534, 95.5972442627, 210.732421875, 178.495193481, -32.8824424744, -32.7054023743, -79.4533157349, -49.6437187195, 7.00343513489], [-890.839782715, -347.182861328, -399.609710693, 200.768722534, 581.565917969, 56.7442855835, 214.48487854, 138.599197388, 62.8545036316, 11.0319519043, -1.2857209444, -31.5399646759, 71.6374435425], [-482.030883789, -332.352325439, -18.3399791718, 95.5972442627, 56.7442855835, 152.957061768, 102.441879272, 74.9860458374, 3.49501466751, 4.25099658966, -25.827331543, 5.494181633, 13.7289743423], [-1513.74487305, -480.317626953, 43.5441246033, 210.732421875, 214.48487854, 102.441879272, 380.996032715, 205.639404297, 3.88958406448, -39.6981697083, -63.347869873, -24.0947494507, 20.4317951202], [-533.135803223, -346.027984619, -115.912895203, 178.495193481, 138.599197388, 74.9860458374, 205.639404297, 217.755462646, 46.8986244202, -4.48623561859, -58.0545501709, -18.7698917389, 6.1339430809], [-412.217834473, -72.6817932129, -45.9364929199, -32.8824424744, 62.8545036316, 3.49501466751, 3.88958406448, 46.8986244202, 142.361831665, 46.4982414246, -7.09394741058, 4.06958580017, 36.3124809265], [-228.656600952, -91.5268325806, -22.7076148987, -32.7054023743, 11.0319519043, 4.25099658966, -39.6981697083, -4.48623561859, 46.4982414246, 103.526725769, 46.6850395203, 17.9444637299, 8.78377819061], [10.0278949738, 43.9960289001, -39.4800682068, -79.4533157349, -1.2857209444, -25.827331543, -63.347869873, -58.0545501709, -7.09394741058, 46.6850395203, 113.428001404, 48.0318717957, -2.54171729088], [-466.584136963, -116.413391113, 63.3337097168, -49.6437187195, -31.5399646759, 5.494181633, -24.0947494507, -18.7698917389, 4.06958580017, 17.9444637299, 48.0318717957, 88.5846176147, 43.7077865601], [-357.900543213, -90.8552627563, -14.8284978867, 7.00343513489, 71.6374435425, 13.7289743423, 20.4317951202, 6.1339430809, 36.3124809265, 8.78377819061, -2.54171729088, 43.7077865601, 111.32635498]]}, "spectral_energyband_middle_low": {"dmean2": 0.00557775562629, "median": 0.00967980735004, "min": 1.14862880966e-22, "dvar2": 0.000111793931865, "dvar": 3.77729993488e-05, "dmean": 0.0034516742453, "max": 0.131419435143, "var": 0.000275124155451, "mean": 0.0142562258989}, "melbands_crest": {"dmean2": 3.61889672279, "median": 16.7512454987, "min": 1.62446689606, "dvar2": 15.5052480698, "dvar": 5.45236825943, "dmean": 2.19268870354, "max": 39.7591094971, "var": 43.5623817444, "mean": 17.4567623138}, "spectral_kurtosis": {"dmean2": 27.3413276672, "median": 56.3745307922, "min": -1.2558516264, "dvar2": 885.803527832, "dvar": 371.211090088, "dmean": 16.391576767, "max": 312.139801025, "var": 2575.62695312, "mean": 65.959022522}, "spectral_rms": {"dmean2": 0.0006777542294, "median": 0.00343766342849, "min": 3.12093948775e-12, "dvar2": 7.33641627448e-07, "dvar": 2.85685871404e-07, "dmean": 0.00043562866631, "max": 0.0189555250108, "var": 8.55815233081e-06, "mean": 0.00395474163815}, "zerocrossingrate": {"dmean2": 0.0043333536014, "median": 0.01513671875, "min": 0, "dvar2": 0.000286349910311, "dvar": 0.000172519357875, "dmean": 0.00296804495156, "max": 0.81494140625, "var": 0.0074786148034, "mean": 0.0297962464392}, "silence_rate_60dB": {"dmean2": 0.0424718633294, "median": 0, "min": 0, "dvar2": 0.0478853620589, "dvar": 0.0207800846547, "dmean": 0.0212314222008, "max": 1, "var": 0.187623783946, "mean": 0.250265330076}, "erbbands_kurtosis": {"dmean2": 4.93694067001, "median": 2.76869297028, "min": -1.66025590897, "dvar2": 118.632156372, "dvar": 44.4423980713, "dmean": 2.95253443718, "max": 221.62940979, "var": 424.227264404, "mean": 8.6405506134}, "erbbands": {"dmean2": [0.0118676638231, 0.248059913516, 1.39955770969, 3.71547627449, 8.54930305481, 8.02746582031, 8.32576942444, 22.251739502, 14.8963041306, 9.14816665649, 4.31470394135, 5.37628602982, 3.72360491753, 4.74353456497, 2.56779408455, 3.07950854301, 3.25335550308, 1.81927227974, 3.61378216743, 5.97319507599, 1.81969928741, 0.940324723721, 0.868456423283, 0.670676290989, 0.715846598148, 0.357531577349, 0.140501305461, 0.068381562829, 0.051759082824, 0.0273233037442, 0.0591954030097, 0.036562204361, 0.0159455165267, 0.00690448703244, 0.00614722911268, 0.00175738707185, 0.000394328671973, 5.18050292158e-05, 6.7840369411e-06, 7.61225464885e-06], "median": [0.00460959877819, 0.0302764624357, 0.286518245935, 1.84649431705, 4.77791404724, 4.82621860504, 7.49488735199, 14.4923944473, 7.77279376984, 5.26739692688, 2.13127470016, 1.62952959538, 0.899360656738, 0.627662837505, 0.734539687634, 0.299844235182, 0.378520190716, 0.205726251006, 0.158208042383, 0.226485162973, 0.0536621250212, 0.0227397885174, 0.0125506408513, 0.00578036205843, 0.00337565410882, 0.00218320288695, 0.00168041768484, 0.00130153237842, 0.00109605770558, 0.00090430281125, 0.000962379330304, 0.000709124666173, 0.000476310931845, 0.000296525686281, 0.000170900239027, 7.74769068812e-05, 3.38083955285e-05, 1.18847865451e-05, 1.04580349216e-05, 1.38331724884e-05], "min": [7.10058118411e-23, 5.80609653691e-22, 1.83530456072e-21, 8.92489833868e-21, 6.05776795484e-21, 6.33214069441e-21, 4.71995396754e-20, 8.383634482e-20, 1.44936945495e-19, 2.03953102725e-19, 2.93063318486e-19, 4.75067558474e-19, 6.41714776799e-19, 7.75606263252e-19, 8.17154563143e-19, 1.20007218513e-18, 2.14832515599e-18, 1.90090695617e-18, 2.73428439228e-18, 2.88427725955e-18, 3.62357882421e-18, 5.15074200499e-18, 5.23119731367e-18, 6.62910773347e-18, 6.80689821202e-18, 8.07346310389e-18, 8.1949618738e-18, 9.04847164526e-18, 1.11892233423e-17, 1.15758508694e-17, 1.15100453429e-17, 9.89513897868e-18, 1.03295568656e-17, 7.31269020528e-18, 6.13058293549e-18, 4.27595383946e-18, 2.29426897416e-18, 9.74171227789e-19, 2.52485404851e-19, 2.71247677063e-20], "dvar2": [0.000614272139501, 0.459730625153, 17.0309810638, 85.2344741821, 369.188323975, 522.742126465, 649.661560059, 3131.20654297, 1842.54638672, 637.823425293, 238.805206299, 672.596740723, 190.337997437, 536.01763916, 105.279281616, 297.138671875, 277.169128418, 42.6464614868, 706.524536133, 1819.53637695, 122.819602966, 44.1322174072, 34.7035179138, 18.2671470642, 29.1861038208, 6.51227474213, 0.946079075336, 0.241048499942, 0.106880493462, 0.0196585226804, 0.233349263668, 0.113730527461, 0.0116651626304, 0.00205024797469, 0.00423781713471, 0.000232756297919, 7.8268803918e-06, 1.26763382013e-07, 6.45919817632e-10, 1.75914643963e-10], "dvar": [0.000263365160208, 0.278124809265, 19.6495132446, 33.2064781189, 128.433029175, 212.89894104, 248.645751953, 909.633544922, 580.445007324, 241.119155884, 96.7747497559, 326.223022461, 73.0895309448, 225.596313477, 41.423500061, 116.019981384, 106.627113342, 16.5785236359, 271.659912109, 727.828491211, 49.4841194153, 13.9241361618, 11.2741861343, 6.87570285797, 10.0947055817, 2.52160573006, 0.378979176283, 0.0838090926409, 0.0408122912049, 0.00709595484659, 0.0828103795648, 0.0400659777224, 0.00405196705833, 0.000709055399057, 0.00143330730498, 7.87300887168e-05, 2.70298301075e-06, 4.3269420047e-08, 2.23065760308e-10, 7.86767803684e-11], "dmean": [0.0075769405812, 0.19191044569, 1.45242154598, 2.38884925842, 5.35414409637, 5.1546998024, 5.48241186142, 13.0673894882, 8.74334144592, 5.63748788834, 2.84053421021, 3.62145495415, 2.41023087502, 3.02308559418, 1.70596301556, 1.86635529995, 2.05966663361, 1.16373002529, 2.26074767113, 3.77414655685, 1.12220430374, 0.552975058556, 0.524959802628, 0.401840239763, 0.433705985546, 0.216557845473, 0.0880191326141, 0.0407758019865, 0.0306238587946, 0.0159053187817, 0.0334226675332, 0.0206665545702, 0.00880150962621, 0.00378820649348, 0.00331114558503, 0.000926850771066, 0.000209991267184, 2.77631861536e-05, 4.02168552682e-06, 5.1306910791e-06], "max": [0.659838974476, 25.9476203918, 280.790771484, 144.816894531, 432.246246338, 352.480712891, 701.274780273, 504.299713135, 540.683959961, 485.881744385, 363.165344238, 745.938537598, 183.590713501, 534.249694824, 274.722839355, 391.613250732, 346.894470215, 96.9425201416, 766.09942627, 917.712585449, 236.588729858, 126.002220154, 113.044281006, 87.2998046875, 140.991073608, 55.1397705078, 26.3515052795, 9.35652828217, 7.20207071304, 1.95872807503, 10.263874054, 5.78525924683, 1.24715065956, 0.715756714344, 1.42198169231, 0.26565092802, 0.0373953543603, 0.00618390273303, 0.000308857386699, 0.000404010614147], "var": [0.00393448490649, 3.75483155251, 528.08380127, 198.482269287, 1272.22607422, 958.187744141, 2218.35302734, 3700.46240234, 1768.50085449, 1156.99743652, 403.122589111, 1429.80981445, 234.75440979, 538.173828125, 115.153892517, 235.922470093, 221.412033081, 65.215927124, 458.983856201, 1578.06896973, 144.384338379, 32.7364883423, 34.8263969421, 19.5540027618, 24.9161682129, 6.60803365707, 1.31295537949, 0.229313969612, 0.124734260142, 0.0132253933698, 0.0563947744668, 0.0261523108929, 0.00261696847156, 0.000496703549288, 0.000833871017676, 4.53708998975e-05, 1.67317944033e-06, 2.73863403066e-08, 4.89097762291e-10, 1.68508285103e-09], "mean": [0.0267156399786, 0.772544801235, 7.55061769485, 7.10432100296, 14.8016109467, 16.120059967, 22.5656719208, 41.7807312012, 20.7424087524, 16.1276531219, 8.81481742859, 9.5500535965, 6.13662862778, 6.65457868576, 4.18637943268, 4.13857841492, 4.68518638611, 3.25117635727, 4.47025442123, 7.22113132477, 2.55034852028, 1.13483595848, 1.15980625153, 0.902988314629, 0.802298009396, 0.429815262556, 0.186076119542, 0.0812005400658, 0.0585405863822, 0.0249963123351, 0.0324967727065, 0.0186373200268, 0.00821351073682, 0.00405204854906, 0.00294878869317, 0.000815890263766, 0.000211706254049, 3.64252300642e-05, 1.69659306266e-05, 2.7690155548e-05]}, "spectral_strongpeak": {"dmean2": 0.342970520258, "median": 0.58803743124, "min": 0, "dvar2": 0.233189105988, "dvar": 0.0873817279935, "dmean": 0.200005754828, "max": 3.58337569237, "var": 0.441500425339, "mean": 0.742332160473}, "spectral_energy": {"dmean2": 0.00681425305083, "median": 0.0121129686013, "min": 9.9837703021e-21, "dvar2": 0.000140034171636, "dvar": 6.38729252387e-05, "dmean": 0.00462187407538, "max": 0.368294715881, "var": 0.00139469373971, "mean": 0.0248031076044}, "average_loudness": 0.0243610423058, "spectral_rolloff": {"dmean2": 138.837554932, "median": 366.064453125, "min": 21.533203125, "dvar2": 991717.375, "dvar": 327498.78125, "dmean": 74.7210083008, "max": 19702.8808594, "var": 9044652, "mean": 868.696838379}, "spectral_centroid": {"dmean2": 69.8278503418, "median": 336.988311768, "min": 161.901672363, "dvar2": 81145.7109375, "dvar": 44195.4179688, "dmean": 43.1629638672, "max": 11465.2626953, "var": 2163609.75, "mean": 612.311462402}, "pitch_salience": {"dmean2": 0.110780365765, "median": 0.51155346632, "min": 0.0261166281998, "dvar2": 0.0117094963789, "dvar": 0.00372674874961, "dmean": 0.0639516189694, "max": 0.973132133484, "var": 0.0244362633675, "mean": 0.503739655018}, "spectral_energyband_middle_high": {"dmean2": 0.000318412989145, "median": 0.000103943035356, "min": 1.05435114673e-21, "dvar2": 1.64821904036e-06, "dvar": 6.39189750018e-07, "dmean": 0.00020425915136, "max": 0.0244660507888, "var": 3.97985058953e-06, "mean": 0.000763418152928}, "spectral_contrast_coeffs": {"dmean2": [0.0658446624875, 0.0551876984537, 0.0420802421868, 0.0328185558319, 0.0229030121118, 0.0173013284802], "median": [-0.565002799034, -0.679755091667, -0.758637547493, -0.77578997612, -0.838609337807, -0.85991704464], "min": [-0.983738839626, -0.977349579334, -0.977198541164, -0.969262599945, -0.965707540512, -0.965117812157], "dvar2": [0.00305856973864, 0.0026028752327, 0.00126245524734, 0.000772185856476, 0.000388485001167, 0.000237106796703], "dvar": [0.00108715053648, 0.000897166784853, 0.00048952922225, 0.000317631085636, 0.000163264834555, 0.00010143534746], "dmean": [0.0398764573038, 0.0326549597085, 0.0257653463632, 0.0203877072781, 0.0139059145004, 0.0105472514406], "max": [-0.289042234421, -0.325508505106, -0.508331179619, -0.563598155975, -0.575398027897, -0.672955513], "var": [0.0140711059794, 0.013260718435, 0.00420306297019, 0.0059036584571, 0.00396392773837, 0.00190627027769], "mean": [-0.583008408546, -0.675242841244, -0.75916582346, -0.770651340485, -0.83331489563, -0.847770273685]}, "melbands_skewness": {"dmean2": 0.938317000866, "median": 1.5358735323, "min": -2.15746474266, "dvar2": 2.48051309586, "dvar": 0.862346291542, "dmean": 0.571016550064, "max": 25.5900802612, "var": 4.06420278549, "mean": 1.88408815861}, "spectral_spread": {"dmean2": 718501.125, "median": 1452897.375, "min": 416645.4375, "dvar2": 2238478811140.0, "dvar": 997918310400, "dmean": 421105.84375, "max": 42415308, "var": 31267047342100.0, "mean": 2637588.5}, "dissonance": {"dmean2": 0.0662116184831, "median": 0.37101149559, "min": 0.0878923609853, "dvar2": 0.00411265762523, "dvar": 0.00139328790829, "dmean": 0.0385200604796, "max": 0.500000059605, "var": 0.00605864450336, "mean": 0.364175260067}, "spectral_skewness": {"dmean2": 1.40308952332, "median": 5.98514175415, "min": -0.0710038095713, "dvar2": 1.91106688976, "dvar": 0.847952663898, "dmean": 0.843933701515, "max": 14.3424291611, "var": 8.09370994568, "mean": 6.02511882782}, "spectral_flux": {"dmean2": 0.016147505492, "median": 0.0307168327272, "min": 6.21946799617e-11, "dvar2": 0.000406637176638, "dvar": 0.000168168335222, "dmean": 0.0103011038154, "max": 0.218996122479, "var": 0.000977288582362, "mean": 0.0389720760286}, "spectral_contrast_valleys": {"dmean2": [0.628474235535, 0.423402428627, 0.395331293344, 0.362741142511, 0.296580612659, 0.30574542284], "median": [-8.20258808136, -7.23765087128, -8.88751983643, -10.4456558228, -11.2173814774, -13.2822589874], "min": [-28.0182952881, -28.1025371552, -27.9824142456, -27.6900730133, -27.5596809387, -27.4176883698], "dvar2": [0.326524853706, 0.216687873006, 0.212296158075, 0.207788109779, 0.184654042125, 0.312116771936], "dvar": [0.139920666814, 0.118343874812, 0.121326632798, 0.12129881978, 0.116514742374, 0.158699631691], "dmean": [0.374143213034, 0.256579041481, 0.243759050965, 0.226701185107, 0.191169515252, 0.193552732468], "max": [-5.16788721085, -5.25195074081, -6.22568178177, -6.81521224976, -7.49725627899, -9.55048942566], "var": [8.83049488068, 9.66468048096, 8.34625339508, 7.65004348755, 6.30248165131, 4.35702323914], "mean": [-8.51660442352, -7.97244310379, -9.34730529785, -10.5575227737, -11.2265911102, -13.4183034897]}, "erbbands_flatness_db": {"dmean2": 0.0247339960188, "median": 0.3116761446, "min": 0.0203530453146, "dvar2": 0.00120667403098, "dvar": 0.000520382018294, "dmean": 0.0158585775644, "max": 0.479328513145, "var": 0.00621300749481, "mean": 0.30546349287}, "spectral_energyband_high": {"dmean2": 9.97805909719e-06, "median": 2.46073824428e-07, "min": 6.7198868572e-21, "dvar2": 2.70882360986e-09, "dvar": 1.06833220048e-09, "dmean": 5.94304401602e-06, "max": 0.000872945936862, "var": 2.92519297673e-09, "mean": 1.08079966594e-05}, "spectral_entropy": {"dmean2": 0.232048273087, "median": 5.46821165085, "min": 3.7926967144, "dvar2": 0.106639064848, "dvar": 0.0450146943331, "dmean": 0.146987304091, "max": 9.82280731201, "var": 0.979911565781, "mean": 5.6528506279}, "silence_rate_20dB": {"dmean2": 0.000849437259603, "median": 1, "min": 0, "dvar2": 0.000848715135362, "dvar": 0.000424453493906, "dmean": 0.000424628437031, "max": 1, "var": 0.000424363417551, "mean": 0.999575436115}, "melbands_flatness_db": {"dmean2": 0.0317018926144, "median": 0.460137665272, "min": 0.00254100118764, "dvar2": 0.00177426740993, "dvar": 0.000763024028856, "dmean": 0.0203694924712, "max": 0.691765189171, "var": 0.0107533931732, "mean": 0.447655439377}, "barkbands": {"dmean2": [0.0011348570697, 0.000857476028614, 0.00145537115168, 0.00217959843576, 0.0021987312939, 0.00235164631158, 0.000607588444836, 0.000310847943183, 0.000212008249946, 0.000127625389723, 0.00010021514754, 6.79494332871e-05, 7.16834765626e-05, 3.0373383197e-05, 0.000108984946564, 5.32588819624e-05, 2.20020738197e-05, 1.33466892294e-05, 1.62961805472e-05, 6.71719135426e-06, 2.36747609961e-06, 1.15664010991e-06, 1.9670628717e-06, 1.15686634672e-06, 7.16007775736e-07, 2.65410136535e-07, 2.90248411972e-08], "median": [0.000200010050321, 0.000115725910291, 0.000278789491858, 0.000827746058349, 0.00166499079205, 0.0017778929323, 0.000288070616079, 0.0001186660229, 6.00635758019e-05, 2.1275744075e-05, 1.48843564602e-05, 3.77770152227e-06, 6.34593516224e-06, 2.52112181442e-06, 2.87362718154e-06, 1.2558493836e-06, 3.60840004987e-07, 1.25139905549e-07, 7.67365122556e-08, 3.7411449938e-08, 3.67722101657e-08, 3.0584367039e-08, 3.23281845738e-08, 3.0669337292e-08, 2.42053026511e-08, 1.60662203541e-08, 2.5097628864e-08], "min": [2.96689427814e-25, 2.4730560609e-24, 1.08245057806e-24, 1.38201478758e-24, 1.22280066741e-24, 1.01590375121e-23, 1.13258432548e-23, 7.36626795926e-24, 1.93056730266e-23, 1.99173068631e-23, 1.47456404759e-23, 2.70162298616e-23, 4.76897403662e-23, 3.19753187453e-23, 4.66933017579e-23, 5.60601793485e-23, 7.94172779012e-23, 8.88322886288e-23, 1.05865688839e-22, 1.64865138677e-22, 2.41023057888e-22, 2.73751874481e-22, 4.26841755845e-22, 6.14366690522e-22, 8.00303149636e-22, 1.26061648826e-21, 1.83989020285e-21], "dvar2": [7.10839003659e-06, 5.27506108483e-06, 1.82622825378e-05, 3.05816465698e-05, 2.58785130427e-05, 3.39939833793e-05, 2.93720222544e-06, 1.27819203044e-06, 9.2972635457e-07, 3.27396691091e-07, 1.59573843916e-07, 1.26870830286e-07, 1.36053486699e-07, 1.15570770731e-08, 4.12885754031e-07, 1.10664792885e-07, 2.59616825815e-08, 5.8915907708e-09, 1.22794645563e-08, 1.95423344174e-09, 3.06838193742e-10, 4.40643285748e-11, 2.98618518801e-10, 6.9811899317e-11, 3.82642945107e-11, 4.29982872224e-12, 3.57270196229e-14], "dvar": [1.93527012016e-06, 2.71656358564e-06, 1.82506882993e-05, 9.57350221142e-06, 1.05114859252e-05, 9.93821686279e-06, 1.14323529488e-06, 4.12593351484e-07, 4.48741019454e-07, 1.36530303507e-07, 5.99353455755e-08, 5.07695041563e-08, 5.22822887206e-08, 4.41770664494e-09, 1.56756087222e-07, 4.72374139804e-08, 8.26242274599e-09, 2.10082840013e-09, 4.37316050039e-09, 7.60926932575e-10, 1.20403048642e-10, 1.64532016483e-11, 1.05459099786e-10, 2.458730268e-11, 1.30230427137e-11, 1.46174164353e-12, 1.21091415093e-14], "dmean": [0.000586742069572, 0.000611334573478, 0.00141700089443, 0.00128913403023, 0.00145410909317, 0.00141363486182, 0.000380678888177, 0.000192660314497, 0.000143145109178, 8.18330736365e-05, 6.49467547191e-05, 4.21045224357e-05, 4.50004772574e-05, 1.97384142666e-05, 6.78443539073e-05, 3.35406075465e-05, 1.2718815924e-05, 8.22345919005e-06, 9.79920423561e-06, 4.07746028941e-06, 1.46687091274e-06, 6.92941114266e-07, 1.11095107513e-06, 6.47698129796e-07, 3.89185430549e-07, 1.40439183838e-07, 1.58432253983e-08], "max": [0.0226665399969, 0.068792141974, 0.258555471897, 0.057260863483, 0.0967432931066, 0.0516457185149, 0.0339703410864, 0.019435852766, 0.0271541345865, 0.0144624318928, 0.00555705837905, 0.00802552886307, 0.00763712730259, 0.00156873336527, 0.0125533267856, 0.00766614824533, 0.00309322425164, 0.00119375763461, 0.00278960168362, 0.000902140338439, 0.000485704280436, 0.000130600164994, 0.00037757694372, 0.000120667617011, 0.000126949162222, 3.19400060107e-05, 3.18999605042e-06], "var": [1.91761478163e-06, 2.70143973466e-05, 0.000469879683806, 1.90782320715e-05, 9.07881840249e-05, 4.86231110699e-05, 4.87070292365e-06, 1.12574207378e-06, 2.07186485568e-06, 3.42001499121e-07, 1.326884842e-07, 1.08942600718e-07, 1.01890549331e-07, 1.96750509218e-08, 3.31179364821e-07, 1.15599966932e-07, 1.72606746673e-08, 6.34818864143e-09, 1.17501102181e-08, 1.88157667225e-09, 4.15192435987e-10, 5.12609885095e-11, 7.22062756808e-11, 1.61439316776e-11, 7.98998887885e-12, 8.50250154571e-13, 6.8977340319e-15], "mean": [0.000554776983336, 0.0022151293233, 0.00702922232449, 0.00241726427339, 0.00503230560571, 0.00479568727314, 0.00106156547554, 0.000487629411509, 0.000394026661525, 0.00018033273227, 0.000132126893732, 8.95246994332e-05, 9.41227408475e-05, 5.45325310668e-05, 0.000128150655655, 6.40729849692e-05, 2.23217557505e-05, 1.72231320903e-05, 1.88416324818e-05, 7.82587449066e-06, 2.97565475194e-06, 1.28079238948e-06, 1.11460417429e-06, 5.98837175403e-07, 3.82249936592e-07, 1.28929812604e-07, 3.27480940143e-08]}, "erbbands_skewness": {"dmean2": 0.625098466873, "median": 1.15912175179, "min": -2.39806032181, "dvar2": 0.570026636124, "dvar": 0.214531287551, "dmean": 0.388618648052, "max": 10.6617612839, "var": 2.29980683327, "mean": 1.48599553108}, "erbbands_spread": {"dmean2": 4.07154798508, "median": 9.20225334167, "min": 0.705857157707, "dvar2": 61.6996116638, "dvar": 23.3227939606, "dmean": 2.50614929199, "max": 108.759170532, "var": 155.090881348, "mean": 13.2158851624}, "melbands_kurtosis": {"dmean2": 11.6090021133, "median": 7.56905937195, "min": -1.674492836, "dvar2": 1777.95556641, "dvar": 618.860839844, "dmean": 6.86016225815, "max": 823.100280762, "var": 976.78527832, "mean": 14.2373514175}, "melbands": {"dmean2": [0.000192048362806, 0.000570556265302, 0.000850350828841, 0.000514998333529, 0.000313296011882, 0.000490903446916, 0.000220213711145, 9.61050973274e-05, 3.42035491485e-05, 3.23405402014e-05, 1.81739887921e-05, 1.91551807802e-05, 1.04877881313e-0