{"tonal": {"thpcp": [1, 0.638764321804, 0.362579703331, 0.382735729218, 0.348042786121, 0.465549439192, 0.610212504864, 0.486298531294, 0.486755728722, 0.720522165298, 0.604202926159, 0.3524081707, 0.305710583925, 0.270328253508, 0.401128530502, 0.49960771203, 0.39353376627, 0.447984427214, 0.539455890656, 0.395212858915, 0.46703350544, 0.750100493431, 0.573135197163, 0.327529400587, 0.342986762524, 0.246443912387, 0.187893807888, 0.224648594856, 0.234153553843, 0.344256907701, 0.419422119856, 0.29278331995, 0.23740772903, 0.270001262426, 0.290018320084, 0.688503742218], "hpcp": {"dmean2": [0.264251828194, 0.265184015036, 0.25303158164, 0.256866782904, 0.25977948308, 0.202738031745, 0.17677180469, 0.169487297535, 0.195239320397, 0.207292929292, 0.19663824141, 0.194973245263, 0.205154433846, 0.189537286758, 0.203831374645, 0.246603280306, 0.229669183493, 0.162429362535, 0.141922920942, 0.12418539077, 0.103206500411, 0.113522082567, 0.133684679866, 0.190631896257, 0.206545889378, 0.149789214134, 0.124809898436, 0.136691451073, 0.167188510299, 0.247125938535, 0.274255394936, 0.241832152009, 0.201719328761, 0.207576051354, 0.212988317013, 0.245187804103], "median": [0.044692043215, 0.0451903268695, 0.0321438349783, 0.0329796262085, 0.03507245332, 0.0368222407997, 0.0291640795767, 0.0251006819308, 0.022014208138, 0.02577675879, 0.0262157768011, 0.0279750600457, 0.0292433742434, 0.0253283213824, 0.0510832630098, 0.0773263126612, 0.0645908042789, 0.0252038985491, 0.0163282100111, 0.0163838732988, 0.0187755916268, 0.0196964014322, 0.0221080910414, 0.0319781564176, 0.0378713160753, 0.024725086987, 0.0180330090225, 0.0169214960188, 0.0215070862323, 0.0547373965383, 0.088017642498, 0.0675488933921, 0.0295691620559, 0.024049513042, 0.0227916371077, 0.0273623354733], "min": [0, 0, 0, 0, 0, 0, 0, 0, 0, 0, 0, 0, 0, 0, 0, 0, 0, 0, 0, 0, 0, 0, 0, 0, 0, 0, 0, 0, 0, 0, 0, 0, 0, 0, 0, 0], "dvar2": [0.153364643455, 0.148232251406, 0.145679846406, 0.139313042164, 0.13120405376, 0.109141238034, 0.0959570556879, 0.0902803018689, 0.111616805196, 0.120938614011, 0.106843836606, 0.103822648525, 0.118683412671, 0.0975092425942, 0.0960917025805, 0.115040510893, 0.100346662104, 0.0808481648564, 0.0790670365095, 0.0671899914742, 0.0448351353407, 0.0542284734547, 0.0655041411519, 0.0940840020776, 0.0962869822979, 0.0685471892357, 0.0607149302959, 0.076400026679, 0.0864909365773, 0.118874631822, 0.138398647308, 0.108156636357, 0.102701842785, 0.111058868468, 0.117325805128, 0.141562744975], "dvar": [0.0603043623269, 0.0532078705728, 0.0536422692239, 0.0610328763723, 0.0533876605332, 0.0402573943138, 0.0345908366144, 0.0325867906213, 0.042234249413, 0.0478281229734, 0.0402728505433, 0.039741974324, 0.0472423955798, 0.0369728542864, 0.0355271473527, 0.0484551601112, 0.0389809198678, 0.0297602340579, 0.0316440053284, 0.0242749396712, 0.0164890512824, 0.0200119577348, 0.0233078394085, 0.0345682762563, 0.036968935281, 0.0258643627167, 0.0227264035493, 0.0290002580732, 0.0316129773855, 0.0471710860729, 0.0632117688656, 0.0411067456007, 0.0372446291149, 0.0415554754436, 0.0425946936011, 0.0534553714097], "dmean": [0.1491856426, 0.147355645895, 0.142581507564, 0.147066280246, 0.149986222386, 0.113324820995, 0.0977814495564, 0.0930951461196, 0.10919302702, 0.116306215525, 0.112749367952, 0.111366651952, 0.115899644792, 0.107438467443, 0.117108173668, 0.146566703916, 0.133589610457, 0.0920138582587, 0.0803681910038, 0.069952994585, 0.0577499084175, 0.0648526027799, 0.0747597515583, 0.106027901173, 0.117096424103, 0.0852607563138, 0.0710173845291, 0.076871663332, 0.0930439308286, 0.144138544798, 0.159564435482, 0.140407338738, 0.112494520843, 0.116037875414, 0.11732455343, 0.135781005025], "max": [1, 1, 1, 1, 1, 1, 1, 1, 1, 1, 1, 1, 1, 1, 1, 1, 1, 1, 1, 1, 1, 1, 1, 1, 1, 1, 1, 1, 1, 1, 1, 1, 1, 1, 1, 1], "var": [0.0816291943192, 0.0485450997949, 0.0558516792953, 0.107624948025, 0.0753865167499, 0.0325101651251, 0.0268671642989, 0.0239498019218, 0.0509477704763, 0.0755357295275, 0.0417297631502, 0.0542749240994, 0.0809199139476, 0.0413827672601, 0.0401660092175, 0.0858935043216, 0.0531971715391, 0.0341143012047, 0.0506463013589, 0.0243146400899, 0.0130396075547, 0.017926864326, 0.0183394737542, 0.0338137671351, 0.0428370684385, 0.0251912735403, 0.0239208806306, 0.0328846685588, 0.0285883899778, 0.0778841972351, 0.135933533311, 0.0588827989995, 0.0336319468915, 0.0409827493131, 0.0349285341799, 0.0588698163629], "mean": [0.178113475442, 0.141944512725, 0.142077967525, 0.210311502218, 0.17635935545, 0.102863579988, 0.0892331302166, 0.0789054706693, 0.11708445102, 0.145829305053, 0.114867635071, 0.130761101842, 0.15746049583, 0.115357734263, 0.136321291327, 0.218945041299, 0.16729106009, 0.0956017747521, 0.100113585591, 0.0719339251518, 0.0548438765109, 0.065572142601, 0.0683465227485, 0.100484326482, 0.122424118221, 0.0854598209262, 0.069296374917, 0.0788100212812, 0.0846527516842, 0.200965717435, 0.291887611151, 0.186447396874, 0.105832524598, 0.111715815961, 0.101589381695, 0.135888114572]}, "tuning_equal_tempered_deviation": 0.0436716042459, "chords_changes_rate": 0.0614049434662, "key_key": "G", "tuning_diatonic_strength": 0.509727180004, "key_scale": "minor", "chords_number_rate": 0.00212870468386, "tuning_frequency": 438.984558105, "tuning_nontempered_energy_ratio": 0.721854150295, "chords_histogram": [39.4629096985, 3.6187980175, 0.360242336988, 0.360242336988, 1.24447357655, 1.08072698116, 0.442115604877, 13.0997219086, 0.14737187326, 4.04453897476, 1.88308501244, 10.3487796783, 1.80121171474, 0.0491239577532, 0.278369098902, 0, 0.671360731125, 0.278369098902, 2.89831352234, 1.47371864319, 0.245619773865, 0.474864900112, 7.64696264267, 8.08907794952], "key_strength": 0.695119917393, "chords_key": "G", "chords_strength": {"dmean2": 0.0131190856919, "median": 0.490426748991, "min": -1, "dvar2": 0.00195859977975, "dvar": 0.00101541599724, "dmean": 0.0125300157815, "max": 0.734975218773, "var": 0.0228675957769, "mean": 0.471376031637}, "chords_scale": "minor", "hpcp_entropy": {"dmean2": 1.03704595566, "median": 2.16883826256, "min": 0, "dvar2": 0.704216241837, "dvar": 0.271364152431, "dmean": 0.629900217056, "max": 4.41846990585, "var": 0.608670353889, "mean": 2.12774729729}}, "metadata": {"audio_properties": {"equal_loudness": 0, "codec": "flac", "downmix": "mix", "sample_rate": 44100, "analysis_sample_rate": 44100, "bit_rate": 0, "md5_encoded": "48a99ce488264427d557fe0a9d48e15f", "length": 283.546661377, "replay_gain": -5.32744598389, "lossless": true}, "version": {"essentia_build_sha": "ca57ba49d9b1854bd80e60cf9ccf267278fb7d6b", "essentia": "2.1-beta1", "extractor": "music 1.0", "essentia_git_sha": "v2.1_beta1-28-g21ef5f4-dirty"}, "tags": {"title": ["\u041d\u0435\u0431\u043e \u0438 \u0442\u0440\u0430\u0432\u0430"], "media": ["CD"], "albumartist": ["Nautilus Pompilius"], "tracktotal": ["15"], "albumartistsort": ["Nautilus Pompilius"], "releasetype": ["album"], "musicbrainz_recordingid": ["05a31c12-c27f-4bc0-ae6e-391b02c55f42"], "musicbrainz_albumartistid": ["247efe0f-80f1-477c-a4a0-b5cb1b8c832e"], "musicbrainz_releasetrackid": ["4f7442a6-d9e4-311d-8b72-e6c1a88bef7d"], "album": ["\u041a\u0440\u044b\u043b\u044c\u044f"], "catalognumber": ["AXCD 3-0022"], "releasecountry": ["RU"], "asin": ["B0002FH1B4"], "artists": ["Nautilus Pompilius"], "date": ["1995"], "file_name": "07 - \u041d\u0435\u0431\u043e \u0438 \u0442\u0440\u0430\u0432\u0430.flac", "musicbrainz_releasegroupid": ["89f3f0f4-4535-3543-8506-f27977402ccf"], "musicbrainz_artistid": ["247efe0f-80f1-477c-a4a0-b5cb1b8c832e"], "originaldate": ["1995"], "musicbrainz_albumid": ["fa7a07f1-e117-4f7a-b545-c03331ec8c6c"], "artist": ["Nautilus Pompilius"], "artistsort": ["Nautilus Pompilius"], "tracknumber": ["7"], "label": ["Apex Records"], "totaltracks": ["15"], "acoustid_id": ["23a02436-a9ed-431e-adc2-59931a29387c"], "script": ["Cyrl"], "releasestatus": ["official"]}}, "rhythm": {"bpm_histogram_first_peak_bpm": {"dmean2": 0, "median": 101, "min": 101, "dvar2": 0, "dvar": 0, "dmean": 0, "max": 101, "var": 0, "mean": 101}, "bpm": 101.897514343, "bpm_histogram_second_peak_spread": {"dmean2": 0, "median": 0.5, "min": 0.5, "dvar2": 0, "dvar": 0, "dmean": 0, "max": 0.5, "var": 0, "mean": 0.5}, "bpm_histogram_first_peak_weight": {"dmean2": 0, "median": 0.615866363049, "min": 0.615866363049, "dvar2": 0, "dvar": 0, "dmean": 0, "max": 0.615866363049, "var": 0, "mean": 0.615866363049}, "onset_rate": 3.39608192444, "beats_position": [0.650158703327, 1.31192743778, 1.95047616959, 2.55419492722, 3.15791368484, 3.73841261864, 4.33052158356, 4.92263031006, 5.50312900543, 6.09523820877, 6.68734693527, 7.27945566177, 7.87156438828, 8.45206356049, 9.04417228699, 9.63628101349, 10.2167797089, 10.8204984665, 11.4009971619, 11.9814968109, 12.5619955063, 13.1541042328, 13.7462129593, 14.3383216858, 14.9304304123, 15.5225391388, 16.114648819, 16.6951465607, 17.2756462097, 17.8677539825, 18.4598636627, 19.0519733429, 19.6440811157, 20.2361907959, 20.8282985687, 21.4087982178, 22.0009059906, 22.5930156708, 23.1851234436, 23.7656230927, 24.3577327728, 24.9382305145, 25.5303401947, 26.1224479675, 26.7029476166, 27.2950553894, 27.8871650696, 28.4676647186, 29.0597724915, 29.6518821716, 30.2323799133, 30.8244895935, 31.4165973663, 31.9970970154, 32.5892066956, 33.1813163757, 33.7734222412, 34.3655319214, 34.9576416016, 35.5497512817, 36.1302490234, 36.7223587036, 37.3144645691, 37.8949661255, 38.4870758057, 39.0791816711, 39.6712913513, 40.2634010315, 40.8438987732, 41.4243965149, 42.0165061951, 42.6086158752, 43.2007255554, 43.7928352356, 44.3733329773, 44.953830719, 45.5459403992, 46.1380500793, 46.7417678833, 47.322265625, 47.9027671814, 48.4832649231, 49.0869827271, 49.6674804688, 50.2595901489, 50.8516998291, 51.4438095093, 52.0359191895, 52.6164169312, 53.2085266113, 53.8006324768, 54.392742157, 54.9848518372, 55.5653495789, 56.1458511353, 56.7379570007, 57.3300666809, 57.9221763611, 58.5142860413, 59.094783783, 59.6752815247, 60.2673912048, 60.859500885, 61.4399986267, 62.0437164307, 62.6242179871, 63.2163238525, 63.8084335327, 64.3889312744, 64.9810409546, 65.5731506348, 66.1536483765, 66.7457580566, 67.3378677368, 67.929977417, 68.5220870972, 69.1025848389, 69.694694519, 70.2868041992, 70.8673019409, 71.4477996826, 72.0282974243, 72.608795166, 73.2125167847, 73.8162307739, 74.4083404541, 75.0004501343, 75.580947876, 76.1730575562, 76.7535552979, 77.345664978, 77.9261627197, 78.5298843384, 79.1103820801, 79.6908798218, 80.282989502, 80.8750991821, 81.4672088623, 82.0593185425, 82.6398162842, 83.2319259644, 83.8240356445, 84.4045333862, 84.9850311279, 85.5771408081, 86.1692504883, 86.7613601685, 87.3534698486, 87.9455795288, 88.537689209, 89.1297912598, 89.7219009399, 90.3023986816, 90.8945083618, 91.486618042, 92.0787277222, 92.6708374023, 93.2629470825, 93.8550567627, 94.4355545044, 95.0160522461, 95.6081619263, 96.2002716064, 96.7807693481, 97.3612670898, 97.95337677, 98.5454864502, 99.1375961304, 99.7297058105, 100.310203552, 100.902313232, 101.494422913, 102.074920654, 102.667030334, 103.259140015, 103.839637756, 104.420135498, 105.012245178, 105.604354858, 106.196456909, 106.788566589, 107.36907196, 107.961174011, 108.553283691, 109.145393372, 109.737503052, 110.318000793, 110.898498535, 111.490608215, 112.082717896, 112.686439514, 113.266937256, 113.859046936, 114.439544678, 115.031654358, 115.6121521, 116.20426178, 116.79637146, 117.376869202, 117.968978882, 118.561088562, 119.141586304, 119.733695984, 120.325805664, 120.906303406, 121.510017395, 122.113739014, 122.694236755, 123.274734497, 123.855232239, 124.43573761, 125.02784729, 125.619949341, 126.212059021, 126.804168701, 127.396278381, 127.988388062, 128.580490112, 129.172607422, 129.753097534, 130.345214844, 130.937316895, 131.517822266, 132.098312378, 132.702041626, 133.294143677, 133.886260986, 134.466751099, 135.04725647, 135.639358521, 136.23147583, 136.811965942, 137.392471313, 137.984573364, 138.576690674, 139.168792725, 139.760910034, 140.353012085, 140.945129395, 141.537231445, 142.129333496, 142.709838867, 143.290344238, 143.882446289, 144.47454834, 145.055053711, 145.635559082, 146.239273071, 146.842987061, 147.43510437, 148.027206421, 148.607711792, 149.188201904, 149.768707275, 150.349197388, 150.941314697, 151.533416748, 152.125534058, 152.717636108, 153.298141479, 153.89024353, 154.48236084, 155.062850952, 155.654968262, 156.247070312, 156.839187622, 157.431289673, 158.011795044, 158.592285156, 159.184402466, 159.776504517, 160.368606567, 160.960723877, 161.552825928, 162.144943237, 162.72543335, 163.317550659, 163.90965271, 164.490158081, 165.082260132, 165.674377441, 166.266479492, 166.858596802, 167.450698853, 168.042816162, 168.623306274, 169.203811646, 169.795913696, 170.388031006, 170.968521118, 171.549026489, 172.129516602, 172.73324585, 173.3253479, 173.917449951, 174.509567261, 175.101669312, 175.682174683, 176.262680054, 176.854782104, 177.446884155, 178.039001465, 178.631103516, 179.211608887, 179.803710938, 180.395828247, 180.976318359, 181.568435669, 182.16053772, 182.741043091, 183.333145142, 183.925262451, 184.505752563, 185.097869873, 185.689971924, 186.270477295, 186.862579346, 187.454696655, 188.046798706, 188.638900757, 189.219406128, 189.811508179, 190.403625488, 190.984130859, 191.564620972, 192.156738281, 192.748840332, 193.340942383, 193.933059692, 194.513549805, 195.117279053, 195.709381104, 196.301498413, 196.881988525, 197.462493896, 198.054595947, 198.646713257, 199.227203369, 199.819320679, 200.411422729, 201.003540039, 201.59564209, 202.176147461, 202.768249512, 203.360351562, 203.940856934, 204.532974243, 205.125076294, 205.705581665, 206.297683716, 206.889785767, 207.470291138, 208.062393188, 208.654510498, 209.23500061, 209.815505981, 210.396011353, 210.999725342, 211.591827393, 212.183944702, 212.776046753, 213.368164062, 213.948654175, 214.540771484, 215.132873535, 215.713378906, 216.305480957, 216.897598267, 217.478088379, 218.05859375, 218.639083862, 219.24281311, 219.8465271, 220.43862915, 221.03074646, 221.611236572, 222.191741943, 222.783843994, 223.375961304, 223.968063354, 224.560180664, 225.140670776, 225.732788086, 226.313278198, 226.905395508, 227.48588562, 228.07800293, 228.67010498, 229.26222229, 229.854324341, 230.45803833, 231.038543701, 231.619049072, 232.211151123, 232.803268433, 233.383758545, 233.964263916, 234.544754028, 235.136871338, 235.728973389, 236.332687378, 236.924804688, 237.516906738, 238.097412109, 238.68951416, 239.270019531, 239.862121582, 240.442626953, 241.034729004, 241.626846313, 242.218948364, 242.811065674, 243.391555786, 243.972061157, 244.575775146, 245.156280518, 245.73677063, 246.317276001, 246.92098999, 247.5131073, 248.105209351, 248.69732666, 249.289428711, 249.869934082, 250.450424194, 251.042541504, 251.634643555, 252.226745605, 252.818862915, 253.399353027, 253.991470337, 254.571975708, 255.164077759, 255.75617981, 256.348297119, 256.92880249, 257.520904541, 258.113006592, 258.705108643, 259.297241211, 259.877716064, 260.469848633, 261.061950684, 261.642456055, 262.234558105, 262.826660156, 263.418762207, 264.010864258, 264.591369629, 265.171875, 265.775604248, 266.356109619, 266.936584473, 267.528717041, 268.120819092, 268.712921143, 269.305023193, 269.885528564, 270.466033936, 271.058135986, 271.650238037, 272.242340088, 272.834472656, 273.426574707, 274.018676758, 274.599182129, 275.19128418, 275.78338623, 276.363891602, 276.955993652, 277.548126221, 278.140228271, 278.732330322, 279.312835693, 279.904937744, 280.497039795, 281.077545166, 281.669647217, 282.261749268, 282.853881836], "beats_loudness": {"dmean2": 0.0892822220922, "median": 0.0545740649104, "min": 3.82335807458e-09, "dvar2": 0.00327772041783, "dvar": 0.00102694844827, "dmean": 0.0467148721218, "max": 0.24976298213, "var": 0.00139866198879, "mean": 0.0660298913717}, "danceability": 1.38704311848, "bpm_histogram_second_peak_weight": {"dmean2": 0, "median": 0.00208768271841, "min": 0.00208768271841, "dvar2": 0, "dvar": 0, "dmean": 0, "max": 0.00208768271841, "var": 0, "mean": 0.00208768271841}, "beats_count": 480, "bpm_histogram_second_peak_bpm": {"dmean2": 0, "median": 91, "min": 91, "dvar2": 0, "dvar": 0, "dmean": 0, "max": 91, "var": 0, "mean": 91}, "bpm_histogram_first_peak_spread": {"dmean2": 0, "median": 0.381551384926, "min": 0.381551384926, "dvar2": 0, "dvar": 0, "dmean": 0, "max": 0.381551384926, "var": 0, "mean": 0.381551384926}, "beats_loudness_band_ratio": {"dmean2": [0.813281178474, 0.273244976997, 0.202350199223, 0.141131356359, 0.0992275327444, 0.256025850773], "median": [0.520183563232, 0.0847065523267, 0.0598746612668, 0.0657214969397, 0.0475314706564, 0.0681756734848], "min": [0.0172250363976, 5.52258870812e-06, 2.81033644569e-05, 4.83797048219e-05, 9.57586744335e-05, 0.00432415260002], "dvar2": [0.124734975398, 0.0416634939611, 0.0526100769639, 0.00975984148681, 0.00489567359909, 0.0180666316301], "dvar": [0.0374104902148, 0.0142681365833, 0.0169639326632, 0.00309549411759, 0.00154916313477, 0.00555720413104], "dmean": [0.414228618145, 0.141053304076, 0.10887208581, 0.0754170790315, 0.0522104240954, 0.13133430481], "max": [0.972490549088, 0.860477745533, 0.715355873108, 0.379388302565, 0.312140136957, 0.974428653717], "var": [0.070203281939, 0.014709555544, 0.0156823582947, 0.00429989397526, 0.00215156795457, 0.00966534484178], "mean": [0.575324237347, 0.116751916707, 0.103099130094, 0.0807572603226, 0.0545741543174, 0.102200269699]}}, "lowlevel": {"barkbands_spread": {"dmean2": 9.40644168854, "median": 23.5722732544, "min": 0.977092385292, "dvar2": 112.367660522, "dvar": 60.5668754578, "dmean": 6.64400339127, "max": 168.06729126, "var": 349.299438477, "mean": 26.9578266144}, "melbands_spread": {"dmean2": 9.63700199127, "median": 18.9393596649, "min": 0.0821185261011, "dvar2": 186.852203369, "dvar": 103.026153564, "dmean": 6.57898521423, "max": 249.265335083, "var": 444.182312012, "mean": 23.4928798676}, "hfc": {"dmean2": 14.0686435699, "median": 18.292886734, "min": 1.13014021029e-16, "dvar2": 644.356628418, "dvar": 366.737060547, "dmean": 9.78674793243, "max": 655.548461914, "var": 1130.89440918, "mean": 26.6859264374}, "barkbands_kurtosis": {"dmean2": 7.97784900665, "median": 2.16100406647, "min": -1.99604320526, "dvar2": 345.754486084, "dvar": 143.153564453, "dmean": 5.05187606812, "max": 172.356307983, "var": 191.002151489, "mean": 6.53012657166}, "gfcc": {"mean": [19.1779193878, 70.3496932983, -87.8719024658, 18.2107772827, -34.1264648438, 20.7094612122, -33.3320274353, 8.82109737396, -21.6461715698, 3.03335642815, -18.0973339081, -3.56320977211, -13.9160270691], "icov": [[0.000154712237418, -7.99161716714e-05, 0.000173173350049, -0.000175511799171, 0.000286560476525, -0.000414077716414, 0.000614250602666, -0.00074567302363, 0.000752941647079, -0.000819734472316, 0.000773848616518, -0.000752713240217, 0.000567259208765], [-7.99161716714e-05, 0.00107111781836, 0.000338454003213, -0.000197906978428, -0.000371608912246, 0.000845770118758, 0.000234936567722, -0.000174783854163, 0.000342060870025, 0.000853025412653, -0.00110576592851, 0.00178944296204, -0.000266041868599], [0.000173173350049, 0.000338454003213, 0.00151683646254, -6.80971206748e-05, 0.00022108873236, -0.000631454458926, 0.00102277682163, -0.00156891753431, 0.000742902979255, -0.00138995889574, 0.00127263111062, -0.00156536325812, 0.00102772493847], [-0.000175511799171, -0.000197906978428, -6.80971206748e-05, 0.00470241717994, -8.93612304935e-05, -0.001304338919, -0.00124036462512, 0.00369190261699, -0.0027993733529, 0.00168739433866, -0.000311209092615, 0.000685555161908, -0.00071166199632], [0.000286560476525, -0.000371608912246, 0.00022108873236, -8.93612304935e-05, 0.00499527715147, -0.00165042432491, -0.00112373312004, -0.00236094882712, 0.00265525025316, -0.00318259606138, 0.00250587891787, -0.00099979294464, -0.00164625479374], [-0.000414077716414, 0.000845770118758, -0.000631454458926, -0.001304338919, -0.00165042432491, 0.0103107308969, -0.00367318210192, 0.000187009383808, 0.000245479401201, 0.00340070505626, -0.000586030306295, 0.00137653027195, 0.000733623630367], [0.000614250602666, 0.000234936567722, 0.00102277682163, -0.00124036462512, -0.00112373312004, -0.00367318210192, 0.0114498473704, -0.00537306722254, 0.00244491919875, -0.0023903963156, 0.000777805864345, -0.000542092893738, 0.000907103123609], [-0.00074567302363, -0.000174783854163, -0.00156891753431, 0.00369190261699, -0.00236094882712, 0.000187009383808, -0.00537306722254, 0.0206056367606, -0.0084770321846, 0.00363942049444, -0.00179029046558, 0.00451790960506, 0.000695243885275], [0.000752941647079, 0.000342060870025, 0.000742902979255, -0.0027993733529, 0.00265525025316, 0.000245479401201, 0.00244491919875, -0.0084770321846, 0.0216311365366, -0.00995125249028, -0.00237131677568, 0.00171375751961, -0.00228081457317], [-0.000819734472316, 0.000853025412653, -0.00138995889574, 0.00168739433866, -0.00318259606138, 0.00340070505626, -0.0023903963156, 0.00363942049444, -0.00995125249028, 0.0263339057565, -0.00665750261396, 0.00100727239624, 0.00358048547059], [0.000773848616518, -0.00110576592851, 0.00127263111062, -0.000311209092615, 0.00250587891787, -0.000586030306295, 0.000777805864345, -0.00179029046558, -0.00237131677568, -0.00665750261396, 0.0235600173473, -0.0108832409605, 0.00324764987454], [-0.000752713240217, 0.00178944296204, -0.00156536325812, 0.000685555161908, -0.00099979294464, 0.00137653027195, -0.000542092893738, 0.00451790960506, 0.00171375751961, 0.00100727239624, -0.0108832409605, 0.0321720391512, -0.0145455216989], [0.000567259208765, -0.000266041868599, 0.00102772493847, -0.00071166199632, -0.00164625479374, 0.000733623630367, 0.000907103123609, 0.000695243885275, -0.00228081457317, 0.00358048547059, 0.00324764987454, -0.0145455216989, 0.0289742331952]], "cov": [[19943.2910156, 937.85760498, -652.181518555, 127.22644043, -600.474853516, 323.5987854, -717.372558594, 142.050506592, -505.875366211, 98.7293777466, -426.918029785, 28.102148056, -368.904693604], [937.85760498, 1488.82727051, -556.373046875, 53.8394393921, -18.7251567841, -109.716003418, -73.7253646851, -12.7668247223, -39.8262863159, -49.7806930542, 16.2735729218, -84.5270843506, -20.5467529297], [-652.181518555, -556.373046875, 1035.16333008, -75.5584182739, 31.6365947723, 56.6637077332, 4.08783054352, 56.2881164551, 17.810590744, 47.3270492554, -22.8689174652, 42.544631958, -12.5544223785], [127.22644043, 53.8394393921, -75.5584182739, 279.501037598, -10.0696020126, 41.2056465149, 15.7925405502, -41.1789550781, 9.4294128418, -16.9413070679, -1.5392190218, -2.46316432953, 8.19865608215], [-600.474853516, -18.7251567841, 31.6365947723, -10.0696020126, 319.498138428, 60.7822647095, 100.154762268, 35.3584136963, -15.9578857422, 5.10572195053, -21.0333652496, -3.99329733849, 21.3106746674], [323.5987854, -109.716003418, 56.6637077332, 41.2056465149, 60.7822647095, 160.746459961, 55.8395271301, 18.9507408142, -23.0892944336, -10.9304962158, -26.6613559723, -3.24594426155, -10.2680435181], [-717.372558594, -73.7253646851, 4.08783054352, 15.7925405502, 100.154762268, 55.8395271301, 167.866333008, 32.1675987244, 10.0864486694, -1.17657279968, 2.77784061432, -9.96221446991, 7.48698234558], [142.050506592, -12.7668247223, 56.2881164551, -41.1789550781, 35.3584136963, 18.9507408142, 32.1675987244, 85.3574676514, 17.0829658508, 10.5815181732, -6.07879686356, -12.7291154861, -13.1040992737], [-505.875366211, -39.8262863159, 17.810590744, 9.4294128418, -15.9578857422, -23.0892944336, 10.0864486694, 17.0829658508, 88.9951095581, 25.831653595, 29.9321956635, -2.91145896912, 7.08728027344], [98.7293777466, -49.7806930542, 47.3270492554, -16.9413070679, 5.10572195053, -10.9304962158, -1.17657279968, 10.5815181732, 25.831653595, 61.3004722595, 14.9258575439, 4.50892782211, -9.0862569809], [-426.918029785, 16.2735729218, -22.8689174652, -1.5392190218, -21.0333652496, -26.6613559723, 2.77784061432, -6.07879686356, 29.9321956635, 14.9258575439, 72.9078445435, 16.2219734192, 9.30328941345], [28.102148056, -84.5270843506, 42.544631958, -2.46316432953, -3.99329733849, -3.24594426155, -9.96221446991, -12.7291154861, -2.91145896912, 4.50892782211, 16.2219734192, 56.1778869629, 23.1742668152], [-368.904693604, -20.5467529297, -12.5544223785, 8.19865608215, 21.3106746674, -10.2680435181, 7.48698234558, -13.1040992737, 7.08728027344, -9.0862569809, 9.30328941345, 23.1742668152, 56.0165367126]]}, "spectral_energyband_middle_low": {"dmean2": 0.00924867764115, "median": 0.0074624940753, "min": 1.79585131707e-22, "dvar2": 0.000310257804813, "dvar": 0.000127663108287, "dmean": 0.00571789126843, "max": 0.312702357769, "var": 0.000252844736679, "mean": 0.0124675352126}, "melbands_crest": {"dmean2": 5.13217020035, "median": 13.001285553, "min": 1.58230316639, "dvar2": 28.9775218964, "dvar": 12.9685678482, "dmean": 3.34883666039, "max": 39.993309021, "var": 36.3005104065, "mean": 14.2860851288}, "spectral_kurtosis": {"dmean2": 1.74823319912, "median": 4.48899745941, "min": -1.3972454071, "dvar2": 8.74523544312, "dvar": 3.40192723274, "dmean": 1.12801086903, "max": 54.2545166016, "var": 8.51215744019, "mean": 4.84552717209}, "spectral_rms": {"dmean2": 0.00221963063814, "median": 0.00483311200514, "min": 3.14657783336e-12, "dvar2": 1.53260971274e-05, "dvar": 6.64271192363e-06, "dmean": 0.00145453843288, "max": 0.0224930793047, "var": 8.48897525429e-06, "mean": 0.00542855262756}, "zerocrossingrate": {"dmean2": 0.0152859501541, "median": 0.05908203125, "min": 0, "dvar2": 0.000302525120787, "dvar": 0.000252070080023, "dmean": 0.0136303715408, "max": 0.900390625, "var": 0.00508590601385, "mean": 0.0742659270763}, "silence_rate_60dB": {"dmean2": 0.0183441154659, "median": 0, "min": 0, "dvar2": 0.0219377223402, "dvar": 0.00908701587468, "dmean": 0.00917130708694, "max": 1, "var": 0.0268336813897, "mean": 0.0275935474783}, "erbbands_kurtosis": {"dmean2": 1.36120843887, "median": 0.276833534241, "min": -1.83675479889, "dvar2": 3.98721146584, "dvar": 1.69788503647, "dmean": 0.880842804909, "max": 30.5740280151, "var": 4.0042347908, "mean": 0.762009382248}, "erbbands": {"dmean2": [0.896274209023, 5.87083959579, 9.88679027557, 8.40124511719, 10.0825815201, 12.6279430389, 8.85716247559, 23.5420684814, 30.1104106903, 26.8378181458, 35.4427108765, 24.5125141144, 21.425573349, 18.688243866, 17.0505828857, 32.521900177, 22.4976730347, 33.8447189331, 24.0405292511, 21.8491725922, 21.7996406555, 13.272810936, 12.9915294647, 8.59427452087, 7.90142679214, 8.31511306763, 8.41970920563, 7.97293949127, 7.64053535461, 6.93925571442, 5.56370162964, 4.50961017609, 2.87945914268, 1.93920302391, 1.57515466213, 0.619840681553, 0.193335622549, 0.0643066987395, 0.0102523174137, 0.000674316077493], "median": [0.0795420259237, 1.0334239006, 3.17841601372, 5.63323783875, 7.10675621033, 6.28198862076, 3.87533855438, 2.92102622986, 4.57736730576, 7.25126171112, 10.2858304977, 8.15407657623, 11.4430341721, 11.454199791, 11.8944730759, 20.5741672516, 16.3885192871, 21.7704563141, 18.9923152924, 17.4203910828, 14.1763391495, 10.4859867096, 8.8269443512, 5.42413473129, 4.60633516312, 4.19598770142, 2.75795602798, 1.92281031609, 1.6399217844, 1.66996610165, 1.21231472492, 1.10058236122, 1.16544497013, 0.938417136669, 0.656439363956, 0.29924711585, 0.100390017033, 0.0289516635239, 0.00396011443809, 0.000279968546238], "min": [1.10684366792e-22, 5.50905266699e-22, 2.51101539764e-21, 6.30912625179e-21, 2.06166366626e-20, 3.69256624306e-20, 4.91186471641e-20, 1.12998842885e-19, 2.07102980648e-19, 1.53734411975e-19, 3.55904539815e-19, 3.63211930894e-19, 6.31310085464e-19, 9.02803118514e-19, 7.98437378737e-19, 1.80215503272e-18, 2.21412654653e-18, 2.41201296448e-18, 3.03048308718e-18, 3.88935112785e-18, 3.78556891229e-18, 5.04153596615e-18, 5.16107638597e-18, 6.65441739226e-18, 6.66417853708e-18, 7.63206546696e-18, 9.21774174991e-18, 9.50675452003e-18, 1.2519598601e-17, 1.19034962828e-17, 1.15569167052e-17, 1.14981587575e-17, 9.22586383634e-18, 9.25994533194e-18, 7.03694210345e-18, 4.42294962457e-18, 2.21425992941e-18, 9.84477691426e-19, 2.75140899552e-19, 2.79473923632e-20], "dvar2": [6.27521800995, 281.881835938, 752.246582031, 586.541137695, 377.411193848, 907.621643066, 496.188140869, 6451.49511719, 11291.8964844, 6319.84472656, 18758.1289062, 13389.6455078, 3448.97851562, 1454.11950684, 1824.74523926, 3989.90014648, 2230.87402344, 5608.55273438, 1735.68408203, 1421.43835449, 2651.76245117, 555.886962891, 926.815002441, 280.951812744, 263.620544434, 353.178405762, 530.748840332, 782.165405273, 689.792236328, 740.84552002, 793.280700684, 801.563842773, 157.015289307, 38.4286804199, 12.6369504929, 1.51823294163, 0.135217100382, 0.0160714257509, 0.00044082198292, 1.78162554221e-06], "dvar": [2.48023486137, 104.230964661, 261.615203857, 219.58203125, 138.048583984, 326.466583252, 208.303207397, 2935.81079102, 5181.14501953, 2989.97143555, 8125.42285156, 5671.37646484, 1289.29309082, 604.691589355, 798.236633301, 1680.3001709, 873.986083984, 2105.41870117, 647.717224121, 539.506347656, 1055.16369629, 216.744857788, 338.55569458, 114.784385681, 104.434677124, 132.956268311, 202.177154541, 318.496429443, 284.777984619, 397.042175293, 485.683563232, 439.387237549, 93.5059890747, 24.1871566772, 5.8407330513, 0.698724627495, 0.0654276236892, 0.0076220468618, 0.000206113109016, 8.10072492641e-07], "dmean": [0.533408820629, 3.39377307892, 5.417116642, 4.84071159363, 6.07659816742, 7.36392307281, 5.2995967865, 14.8940286636, 19.40275383, 16.8918209076, 22.5043449402, 15.6667737961, 13.3813018799, 11.5493440628, 10.6585798264, 20.4883213043, 13.9691915512, 21.1138515472, 14.6970767975, 13.3213396072, 13.4796047211, 8.14731311798, 7.91808652878, 5.29067134857, 4.80158758163, 4.96983861923, 4.94690895081, 4.80736684799, 4.76737880707, 4.71366739273, 3.87373161316, 3.24023032188, 2.14671301842, 1.48472940922, 1.10562825203, 0.436450392008, 0.136459231377, 0.044483628124, 0.00704916985705, 0.000452922628028], "max": [11.3720569611, 75.5211257935, 174.111358643, 815.616333008, 296.108123779, 672.223937988, 754.113830566, 2093.70629883, 2055.97875977, 3196, 3432.53417969, 4735.27880859, 1148.20898438, 1067.93786621, 1546.90332031, 1616.14550781, 875.638671875, 1520.29626465, 623.603820801, 629.97064209, 1150.92626953, 438.857116699, 1156.46472168, 269.502990723, 226.336166382, 221.022750854, 320.069396973, 789.415893555, 415.856414795, 913.328063965, 1224.00012207, 1181.52355957, 647.629333496, 269.26159668, 82.7151565552, 12.0981502533, 5.37026643753, 1.82827353477, 0.235444232821, 0.0119941681623], "var": [1.89909434319, 70.0300521851, 158.078018188, 168.854949951, 176.00479126, 295.432128906, 260.463745117, 5488.38769531, 9947.56152344, 7297.55810547, 11258.2333984, 9644.33789062, 2279.98681641, 1222.51550293, 1402.2557373, 3795.1809082, 1562.44873047, 4689.91748047, 1499.27099609, 1154.89697266, 2556.80761719, 441.00213623, 541.530273438, 214.18598938, 154.755615234, 149.958129883, 227.965301514, 396.109405518, 386.489349365, 917.673950195, 1338.64379883, 1152.70715332, 283.332275391, 71.2972869873, 12.0896034241, 1.41365456581, 0.137712672353, 0.0139129180461, 0.000333092320943, 1.19386049846e-06], "mean": [0.443296968937, 3.0384414196, 6.21261978149, 7.54763793945, 10.3140115738, 10.6889619827, 8.02703952789, 20.157037735, 28.4318161011, 26.9242019653, 33.6376800537, 24.7745838165, 24.0577106476, 21.106306076, 20.6743526459, 39.9663772583, 27.6308135986, 41.5280227661, 30.2566623688, 27.9028911591, 27.7946624756, 16.9671592712, 15.2798404694, 9.98870372772, 8.41868400574, 8.08548736572, 6.87422418594, 6.4866271019, 6.62046098709, 7.48258256912, 6.78795957565, 5.87906646729, 4.15577840805, 2.82777571678, 1.8294365406, 0.745071768761, 0.241728439927, 0.0735868066549, 0.0108748152852, 0.000687150633894]}, "spectral_strongpeak": {"dmean2": 0.781515777111, "median": 0.335777193308, "min": 0, "dvar2": 1.9156819582, "dvar": 0.766018331051, "dmean": 0.460758805275, "max": 16.965473175, "var": 1.14682352543, "mean": 0.7226126194}, "spectral_energy": {"dmean2": 0.0412351228297, "median": 0.0239429455251, "min": 1.01484761792e-20, "dvar2": 0.008654599078, "dvar": 0.00338089722209, "dmean": 0.0250966399908, "max": 0.518587052822, "var": 0.00283375452273, "mean": 0.0389072373509}, "average_loudness": 0.925971031189, "spectral_rolloff": {"dmean2": 842.40637207, "median": 1162.79296875, "min": 21.533203125, "dvar2": 2401383.75, "dvar": 1165232.25, "dmean": 535.925170898, "max": 21770.0683594, "var": 6774125.5, "mean": 1658.50732422}, "spectral_centroid": {"dmean2": 303.824005127, "median": 1110.32727051, "min": 175.267425537, "dvar2": 165743.9375, "dvar": 84689.8046875, "dmean": 207, "max": 11513.1191406, "var": 671034.5, "mean": 1266.39990234}, "pitch_salience": {"dmean2": 0.116741843522, "median": 0.577661633492, "min": 0.00850374624133, "dvar2": 0.0135619295761, "dvar": 0.00601804023609, "dmean": 0.0753401070833, "max": 0.890046238899, "var": 0.0139568923041, "mean": 0.559693098068}, "spectral_energyband_middle_high": {"dmean2": 0.00233905413188, "median": 0.00383459147997, "min": 1.22864846174e-21, "dvar2": 1.2891856386e-05, "dvar": 5.40563041795e-06, "dmean": 0.00149997300468, "max": 0.0540893822908, "var": 2.42896658165e-05, "mean": 0.00519019365311}, "spectral_contrast_coeffs": {"dmean2": [0.0759618654847, 0.0757791697979, 0.0577217824757, 0.0460973568261, 0.0314647331834, 0.0273572877049], "median": [-0.662115573883, -0.772700667381, -0.789843738079, -0.780997753143, -0.798067629337, -0.80243730545], "min": [-0.976413249969, -0.979330718517, -0.985291719437, -0.993700921535, -0.978683710098, -0.967651724815], "dvar2": [0.00461599137634, 0.00396313332021, 0.00212644576095, 0.00132737052627, 0.000659685814753, 0.000762370880693], "dvar": [0.00168153992854, 0.00155666680075, 0.000812798913103, 0.000515453459229, 0.0002678023302, 0.000331815710524], "dmean": [0.0454846210778, 0.046620387584, 0.0350987538695, 0.0282153058797, 0.0195141993463, 0.017727561295], "max": [-0.287064105272, -0.384639024734, -0.453664600849, -0.603835344315, -0.643653094769, -0.631648421288], "var": [0.00434718281031, 0.00751920882612, 0.00295232865028, 0.00215464760549, 0.00144951685797, 0.00156704266556], "mean": [-0.660433351994, -0.757215082645, -0.786891818047, -0.782060980797, -0.798701643944, -0.79847663641]}, "melbands_skewness": {"dmean2": 1.4495408535, "median": 2.58868336678, "min": -1.46760499477, "dvar2": 8.11456012726, "dvar": 3.42307639122, "dmean": 0.958280563354, "max": 102.717895508, "var": 9.70182228088, "mean": 3.22810029984}, "spectral_spread": {"dmean2": 928606.125, "median": 5832940.5, "min": 1530673.5, "dvar2": 1467926446080.0, "dvar": 825970786304, "dmean": 780394.8125, "max": 42842032, "var": 9079565058050.0, "mean": 6192223.5}, "dissonance": {"dmean2": 0.0225806385279, "median": 0.482264041901, "min": 0.319872915745, "dvar2": 0.000550762808416, "dvar": 0.000204615353141, "dmean": 0.013399948366, "max": 0.500000178814, "var": 0.000468557700515, "mean": 0.475982993841}, "spectral_skewness": {"dmean2": 0.255301624537, "median": 1.7961704731, "min": -0.462148010731, "dvar2": 0.114623121917, "dvar": 0.0493249259889, "dmean": 0.17108745873, "max": 5.81850671768, "var": 0.21743708849, "mean": 1.779099226}, "spectral_flux": {"dmean2": 0.0633436068892, "median": 0.0716094225645, "min": 6.48642875523e-11, "dvar2": 0.0106466123834, "dvar": 0.00535125797614, "dmean": 0.0428707450628, "max": 0.628179848194, "var": 0.0089360140264, "mean": 0.102587789297}, "spectral_contrast_valleys": {"dmean2": [0.602264940739, 0.59521394968, 0.490054398775, 0.431812286377, 0.399537354708, 0.396149009466], "median": [-6.661008358, -6.60487794876, -6.95138645172, -7.20491933823, -7.46716022491, -9.59591197968], "min": [-28.078037262, -27.6470813751, -27.6860733032, -27.6080875397, -27.4774494171, -27.3542537689], "dvar2": [0.389055401087, 0.342261761427, 0.202427700162, 0.204142525792, 0.287607610226, 0.386227816343], "dvar": [0.183233737946, 0.142954275012, 0.0986422970891, 0.105118282139, 0.14659036696, 0.220906823874], "dmean": [0.384397774935, 0.363642990589, 0.309973210096, 0.281045794487, 0.26940086484, 0.315113633871], "max": [-4.6974568367, -4.55129909515, -4.95128059387, -5.40095615387, -5.46502351761, -6.52524232864], "var": [3.20049643517, 2.78203582764, 2.69252824783, 2.66156959534, 2.47707796097, 2.46277976036], "mean": [-6.91386365891, -6.80290603638, -7.19611358643, -7.47197675705, -7.68577337265, -9.8012342453]}, "erbbands_flatness_db": {"dmean2": 0.0250356029719, "median": 0.107534497976, "min": 0.0333041734993, "dvar2": 0.000767664343584, "dvar": 0.000430479907664, "dmean": 0.0183412563056, "max": 0.301454216242, "var": 0.00189425703138, "mean": 0.114505022764}, "spectral_energyband_high": {"dmean2": 0.000938382931054, "median": 0.000507839955389, "min": 7.1828228491e-21, "dvar2": 6.84857786837e-06, "dvar": 4.24854260928e-06, "dmean": 0.000684518192429, "max": 0.0807431489229, "var": 1.34595420604e-05, "mean": 0.00141813093796}, "spectral_entropy": {"dmean2": 0.195775836706, "median": 7.78337717056, "min": 5.87404108047, "dvar2": 0.0498084723949, "dvar": 0.0277118925005, "dmean": 0.142316877842, "max": 9.81315422058, "var": 0.188579156995, "mean": 7.77634954453}, "silence_rate_20dB": {"dmean2": 0, "median": 1, "min": 1, "dvar2": 0, "dvar": 0, "dmean": 0, "max": 1, "var": 0, "mean": 1}, "melbands_flatness_db": {"dmean2": 0.0398302339017, "median": 0.191607281566, "min": 0.00373917375691, "dvar2": 0.00232677231543, "dvar": 0.00118342565838, "dmean": 0.0278358329087, "max": 0.609874546528, "var": 0.00479907961562, "mean": 0.199517950416}, "barkbands": {"dmean2": [0.00104333006311, 0.0270574782044, 0.00771379284561, 0.00257605896331, 0.00335361598991, 0.00237210700288, 0.00190067454241, 0.00167107675225, 0.00106530846097, 0.000649319845252, 0.000438980321633, 0.000780329864938, 0.000494029081892, 0.000722887110896, 0.000444586854428, 0.000410489010392, 0.000288594514132, 0.00023002087255, 0.00014996273967, 0.000176762026967, 0.000207408811548, 0.000220283109229, 0.000195346103283, 0.000188043224625, 0.00018689573335, 0.00011706645455, 6.43420789856e-05], "median": [2.86431404675e-05, 0.00403956556693, 0.00278778513893, 0.00170367071405, 0.00223656930029, 0.000388481188565, 0.000350611691829, 0.000407064071624, 0.000302244268823, 0.000397077994421, 0.000215730702621, 0.000474260101328, 0.000303683918901, 0.000419428717578, 0.000319555634633, 0.000233146987739, 0.000196743931156, 0.000147555765579, 8.95570265129e-05, 8.93810938578e-05, 5.66962553421e-05, 5.02680777572e-05, 4.53565444332e-05, 6.27457411611e-05, 8.93357209861e-05, 6.21012441115e-05, 2.54554252024e-05], "min": [4.52139473524e-25, 2.70312517454e-24, 2.62434617189e-24, 1.30255075784e-24, 1.24836196955e-23, 1.42915942269e-23, 1.25859712425e-23, 1.04936912408e-23, 1.64257595873e-23, 3.79509811231e-23, 1.74964505172e-23, 3.75554336435e-23, 4.1358143948e-23, 4.79685742972e-23, 5.8358882161e-23, 7.46521920022e-23, 9.10687219169e-23, 6.892648178e-23, 1.06703585338e-22, 1.50338788911e-22, 2.74702193126e-22, 3.60799684012e-22, 3.8185977107e-22, 5.57447081927e-22, 9.64620427569e-22, 1.26291304537e-21, 2.09990683515e-21], "dvar2": [8.84597193362e-06, 0.00575164379552, 0.0004315028782, 6.0269889218e-05, 4.47937418357e-05, 5.8097535657e-05, 4.15591202909e-05, 3.5134027712e-05, 2.44344391831e-05, 1.88431931747e-06, 1.43211332215e-06, 2.38053326029e-06, 9.94369429463e-07, 2.84542988993e-06, 5.1825867331e-07, 8.28582869872e-07, 2.8824777587e-07, 2.44688408202e-07, 9.14628941473e-08, 1.54177072886e-07, 4.13311965985e-07, 5.35597450835e-07, 9.01124565189e-07, 1.03773936644e-06, 2.23347342398e-07, 5.13153999293e-08, 1.69808807016e-08], "dvar": [3.60991498383e-06, 0.00221357750706, 0.000151560816448, 2.19022476813e-05, 1.59383471328e-05, 2.69936954282e-05, 1.87654986803e-05, 1.5198201254e-05, 9.96485505311e-06, 7.33044885237e-07, 6.10492861597e-07, 1.0124194