{"tonal": {"thpcp": [1, 0.63577580452, 0.176221325994, 0.156407400966, 0.162731006742, 0.230100825429, 0.345305383205, 0.366037636995, 0.331091433764, 0.315020859241, 0.284652084112, 0.320856630802, 0.342706203461, 0.316298544407, 0.550872802734, 0.606915354729, 0.315593838692, 0.189831361175, 0.176037594676, 0.168434351683, 0.269739955664, 0.368801563978, 0.269664376974, 0.156685948372, 0.138421669602, 0.139753818512, 0.200446754694, 0.267188996077, 0.257218718529, 0.258827477694, 0.266528427601, 0.207646846771, 0.211483210325, 0.261150091887, 0.226706400514, 0.559687256813], "hpcp": {"dmean2": [0.13082356751, 0.148363798857, 0.157380446792, 0.144907057285, 0.125932455063, 0.114624075592, 0.120324656367, 0.133319050074, 0.203325167298, 0.226367026567, 0.218535751104, 0.122053414583, 0.109940141439, 0.116666078568, 0.135254830122, 0.177753478289, 0.203695774078, 0.178333297372, 0.184123367071, 0.16251309216, 0.171026304364, 0.171288400888, 0.16593542695, 0.240974411368, 0.214694574475, 0.144356697798, 0.124083966017, 0.107272535563, 0.101860851049, 0.136495068669, 0.160781577229, 0.134964793921, 0.1028072685, 0.0979740545154, 0.0991698801517, 0.114361189306], "median": [0.00991196930408, 0.0113053945825, 0.00779929151759, 0.00688165379688, 0.00559765473008, 0.0061750030145, 0.00613769097254, 0.0083962995559, 0.0776219815016, 0.129120230675, 0.0891592800617, 0.00670963339508, 0.0022326153703, 0.00244995951653, 0.00542043894529, 0.0111016808078, 0.0132091529667, 0.00775697873905, 0.00547355273739, 0.00616554822773, 0.0149740949273, 0.015462060459, 0.02207474038, 0.0276870727539, 0.0248556975275, 0.0122621813789, 0.0037930032704, 0.00305819045752, 0.0038006149698, 0.0147626223043, 0.023259786889, 0.0154429422691, 0.00297618377954, 0.00169238715898, 0.00219997623935, 0.00669484678656], "min": [0, 0, 0, 0, 0, 0, 0, 0, 0, 0, 0, 0, 0, 0, 0, 0, 0, 0, 0, 0, 0, 0, 0, 0, 0, 0, 0, 0, 0, 0, 0, 0, 0, 0, 0, 0], "dvar2": [0.0729238390923, 0.0840835049748, 0.0968892946839, 0.0833716765046, 0.0687232092023, 0.0609505474567, 0.0703447163105, 0.0720857083797, 0.0860646814108, 0.11799069494, 0.0910907611251, 0.0673917457461, 0.0706201940775, 0.0770196989179, 0.0795779526234, 0.105730131269, 0.12804171443, 0.10021854192, 0.117512948811, 0.0942198112607, 0.0937073603272, 0.0886772274971, 0.0788032487035, 0.155283585191, 0.115008063614, 0.0736933201551, 0.0740549489856, 0.0629622861743, 0.0605955645442, 0.0675822421908, 0.0834319144487, 0.0664802119136, 0.0659121647477, 0.0680363997817, 0.0658842176199, 0.070793196559], "dvar": [0.0274331551045, 0.0304818451405, 0.035243704915, 0.0316433496773, 0.0250781029463, 0.0230064187199, 0.026785235852, 0.0258218403906, 0.0319839678705, 0.0514352433383, 0.0345666967332, 0.0241964161396, 0.0254723187536, 0.0279433485121, 0.0303144659847, 0.0417994596064, 0.0494739562273, 0.0395562388003, 0.0441695488989, 0.036571983248, 0.0361919663846, 0.036615204066, 0.0296723786741, 0.0577833391726, 0.0457305237651, 0.0284840818495, 0.0272904150188, 0.0237109288573, 0.021986104548, 0.0258253775537, 0.0336669608951, 0.0254390295595, 0.0232433266938, 0.0235500950366, 0.0231633801013, 0.0252973195165], "dmean": [0.0760320797563, 0.0845451727509, 0.0901254564524, 0.0837293863297, 0.0720744431019, 0.0650586113334, 0.0688288807869, 0.0748958662152, 0.118740990758, 0.133485093713, 0.127762585878, 0.0678636878729, 0.0607287548482, 0.064589753747, 0.0772612169385, 0.102452233434, 0.117219015956, 0.104168705642, 0.104834511876, 0.09314006567, 0.100002609193, 0.10118740052, 0.0953290387988, 0.136514052749, 0.123287945986, 0.0840959101915, 0.0704284086823, 0.0613008067012, 0.0577664114535, 0.0790848210454, 0.0945100486279, 0.0783074051142, 0.0571517907083, 0.0540091097355, 0.0541998557746, 0.0652042254806], "max": [1, 1, 1, 1, 1, 1, 1, 1, 1, 1, 1, 1, 1, 1, 1, 1, 1, 1, 1, 1, 1, 1, 1, 1, 1, 1, 1, 1, 1, 1, 1, 1, 1, 1, 1, 1], "var": [0.0448057614267, 0.0401226729155, 0.0433049798012, 0.0484992265701, 0.0316698886454, 0.0325602814555, 0.0543818846345, 0.0343484133482, 0.0601143240929, 0.174111381173, 0.0738975480199, 0.026869604364, 0.0271279048175, 0.0288955718279, 0.0389160141349, 0.0643455386162, 0.0657864660025, 0.0608334690332, 0.0611689575016, 0.0528315715492, 0.0503584071994, 0.0591525025666, 0.0387893393636, 0.0984304323792, 0.112560003996, 0.0453566238284, 0.0302327927202, 0.0299416799098, 0.0273857098073, 0.0376400314271, 0.0613455660641, 0.037806764245, 0.0274593532085, 0.0233756620437, 0.0241540670395, 0.0306814946234], "mean": [0.0996191352606, 0.0959018021822, 0.0965016186237, 0.0993728488684, 0.0774193555117, 0.0788497105241, 0.0973675847054, 0.0845255479217, 0.208674624562, 0.372841477394, 0.237043589354, 0.0657026171684, 0.0583151690662, 0.0606728680432, 0.0857911333442, 0.12874417007, 0.136474013329, 0.123444616795, 0.117452844977, 0.106130108237, 0.119628660381, 0.127775087953, 0.1179292202, 0.205388233066, 0.226283207536, 0.117666475475, 0.0707770064473, 0.0656341165304, 0.0627993121743, 0.100570239127, 0.137504518032, 0.100542068481, 0.0584190189838, 0.0516093373299, 0.0521060191095, 0.0747348666191]}, "tuning_equal_tempered_deviation": 0.0715709105134, "chords_changes_rate": 0.0757650956511, "key_key": "F", "tuning_diatonic_strength": 0.648354172707, "key_scale": "major", "chords_number_rate": 0.00264681549743, "tuning_frequency": 440.254241943, "tuning_nontempered_energy_ratio": 0.729678273201, "chords_histogram": [25.9718780518, 9.39619541168, 14.8552522659, 3.90405297279, 6.43507051468, 1.40612077713, 4.71464014053, 0.347394555807, 1.83622825146, 0.181968569756, 3.2423491478, 0.248138964176, 1.17452442646, 0.612076103687, 0.198511168361, 0.033085193485, 0, 4.31761789322, 4.05293607712, 10.620347023, 1.52191889286, 0.727874279022, 1.6542596817, 2.54755997658], "key_strength": 0.80643004179, "chords_key": "F", "chords_strength": {"dmean2": 0.0103990416974, "median": 0.489716082811, "min": 0.185592934489, "dvar2": 0.000112500638352, "dvar": 8.8323977252e-05, "dmean": 0.0108388643712, "max": 0.750768899918, "var": 0.0106826946139, "mean": 0.487646013498}, "chords_scale": "major", "hpcp_entropy": {"dmean2": 0.962046802044, "median": 1.2526781559, "min": 0, "dvar2": 0.696348965168, "dvar": 0.281262606382, "dmean": 0.563226163387, "max": 4.56044101715, "var": 0.892699301243, "mean": 1.41066837311}}, "metadata": {"audio_properties": {"equal_loudness": 0, "codec": "mp3", "downmix": "mix", "sample_rate": 48000, "analysis_sample_rate": 44100, "bit_rate": 191997, "md5_encoded": "885207afa4a169f23bc147311abea009", "length": 280.655975342, "replay_gain": -11.6719894409, "lossless": false}, "version": {"essentia_build_sha": "70f2e5ece6736b2c40cc944ad0e695b16b925413", "essentia": "2.1-beta2", "extractor": "music 1.0", "essentia_git_sha": "v2.1_beta2"}, "tags": {"title": ["Baby's Insane"], "artist": ["Diamanda Galas"], "date": ["2003"], "genre": ["Rock"], "album": ["La Serpenta Canta"], "tracknumber": ["4"], "musicbrainz_recordingid": ["05a4dbb6-ef4b-45f4-9b1b-6d0079ef747a"], "file_name": "1550402.mp3"}}, "rhythm": {"bpm_histogram_first_peak_bpm": {"dmean2": 0, "median": 136, "min": 136, "dvar2": 0, "dvar": 0, "dmean": 0, "max": 136, "var": 0, "mean": 136}, "bpm": 136.011688232, "bpm_histogram_second_peak_spread": {"dmean2": 0, "median": 0.323809564114, "min": 0.323809564114, "dvar2": 0, "dvar": 0, "dmean": 0, "max": 0.323809564114, "var": 0, "mean": 0.323809564114}, "bpm_histogram_first_peak_weight": {"dmean2": 0, "median": 0.161341845989, "min": 0.161341845989, "dvar2": 0, "dvar": 0, "dmean": 0, "max": 0.161341845989, "var": 0, "mean": 0.161341845989}, "onset_rate": 3.09614944458, "beats_position": [0.580498874187, 1.17260766029, 1.75310659409, 2.33360528946, 2.91410422325, 3.45977306366, 4.00544214249, 4.55111122131, 5.0967798233, 5.64244890213, 6.18811798096, 6.73378658295, 7.2910656929, 7.77868461609, 8.25469398499, 8.73070240021, 9.19510173798, 9.65950107574, 10.1122903824, 10.5650787354, 11.017868042, 11.4590473175, 11.900226593, 12.3414058685, 12.782585144, 13.235373497, 13.6765527725, 14.1293420792, 14.5821313858, 15.1277999878, 15.6734695435, 16.2307472229, 16.8576869965, 17.4846248627, 18.1928348541, 18.8894329071, 19.5860309601, 20.2942390442, 20.9908390045, 21.6874370575, 22.3724250793, 23.0574150085, 23.7424030304, 24.3925609589, 25.0427207947, 25.681268692, 26.3198184967, 26.9119262695, 27.5040359497, 28.0961437225, 28.6069831848, 29.1178226471, 29.6286621094, 30.1162815094, 30.6038990021, 31.0915184021, 31.6023578644, 32.0899772644, 32.5775947571, 33.0419960022, 33.5180053711, 33.99401474, 34.4816322327, 34.9692497253, 35.4336509705, 35.8980484009, 36.362449646, 36.8268470764, 37.2912483215, 37.755645752, 38.2200431824, 38.672832489, 39.1256217957, 39.5900230408, 40.0544204712, 40.5072097778, 40.9599990845, 41.4011802673, 41.830745697, 42.2719268799, 42.713104248, 43.1658935547, 43.6070747375, 44.0482521057, 44.5010414124, 44.953830719, 45.4066200256, 45.8594093323, 46.3238105774, 46.7882080078, 47.2526054382, 47.7170066833, 48.16979599, 48.6225852966, 49.0753746033, 49.5165519714, 49.9693412781, 50.4221305847, 50.8981399536, 51.362537384, 51.8269386292, 52.2681159973, 52.7092971802, 53.1504745483, 53.6148757935, 54.0792732239, 54.5436706543, 54.9848518372, 55.4260292053, 55.878818512, 56.3316078186, 56.7960090637, 57.2487983704, 57.701587677, 58.1543769836, 58.6071662903, 59.0483436584, 59.4895210266, 59.9423103333, 60.4067115784, 60.859500885, 61.3006782532, 61.741859436, 62.1830368042, 62.6126060486, 63.0537872314, 63.4833564758, 63.9129257202, 64.3424911499, 64.772064209, 65.2016296387, 65.6312026978, 66.049156189, 66.478729248, 66.8966903687, 67.3262557983, 67.7558288574, 68.1737823486, 68.6033554077, 69.0445327759, 69.4973220825, 69.9617233276, 70.4377288818, 70.9137420654, 71.3549194336, 71.7960968018, 72.2488861084, 72.701675415, 73.2125167847, 73.7349624634, 74.245803833, 74.7566452026, 75.2558746338, 75.766708374, 76.2427215576, 76.7187271118, 77.1831283569, 77.6359176636, 78.0887069702, 78.5414962769, 78.9942855835, 79.4470748901, 79.8998641968, 80.3410415649, 80.7590026855, 81.1885681152, 81.6181411743, 82.0593185425, 82.5004959106, 82.9300689697, 83.3480224609, 83.77759552, 84.2071609497, 84.6367340088, 85.0082550049, 85.3797683716, 85.7512893677, 86.1228103638, 86.4711074829, 86.8310165405, 87.1793212891, 87.5392303467, 87.8875274658, 88.2242126465, 88.572517395, 88.9208145142, 89.3619918823, 89.8263931274, 90.2907943726, 90.7551879883, 91.2195892334, 91.6839904785, 92.1483917236, 92.6011810303, 93.065574646, 93.5299758911, 94.0059814453, 94.4936065674, 94.9928359985, 95.4572296143, 95.9448471069, 96.432472229, 96.9200897217, 97.3960952759, 97.8721084595, 98.3365097046, 98.8009033203, 99.2653045654, 99.7297058105, 100.182495117, 100.635284424, 101.064849854, 101.506027222, 101.935600281, 102.36516571, 102.806350708, 103.247528076, 103.677093506, 104.106666565, 104.536231995, 104.954193115, 105.383758545, 105.836547852, 106.277732849, 106.730522156, 107.171699524, 107.624488831, 108.065666199, 108.530067444, 108.994468689, 109.458862305, 109.92326355, 110.364440918, 110.805618286, 111.246803284, 111.69959259, 112.163986206, 112.628387451, 113.081176758, 113.522354126, 113.963539124, 114.416320801, 114.84589386, 115.287071228, 115.728248596, 116.157821655, 116.575782776, 117.005348206, 117.434921265, 117.852874756, 118.282447815, 118.700408936, 119.118362427, 119.536323547, 119.954284668, 120.372245789, 120.778594971, 121.184944153, 121.591293335, 122.009246826, 122.438819885, 122.868385315, 123.297958374, 123.727523804, 124.157096863, 124.586662292, 124.993011475, 125.410972595, 125.828933716, 126.339767456, 126.827392578, 127.315010071, 127.791015625, 128.290252686, 128.789474487, 129.288711548, 129.764709473, 130.229110718, 130.705123901, 131.192733765, 131.680358887, 132.167984009, 132.667205811, 133.166442871, 133.677276611, 134.188110352, 134.698959351, 135.233016968, 135.755462646, 136.254684448, 136.765533447, 137.264755249, 137.76399231, 138.228393555, 138.704391479, 139.180404663, 139.656417847, 140.085983276, 140.515548706, 140.945129395, 141.421127319, 141.908752441, 142.396362305, 142.849151611, 143.313552856, 143.766342163, 144.195922852, 144.63710022, 145.078277588, 145.519454956, 145.960632324, 146.401809692, 146.842987061, 147.284164429, 147.702133179, 148.131698608, 148.561264038, 148.990829468, 149.420410156, 149.838363647, 150.256317139, 150.674285889, 151.09223938, 151.51020813, 151.928161621, 152.346115112, 152.764083862, 153.216873169, 153.692871094, 154.157272339, 154.575241089, 154.99319458, 155.411148071, 155.829116821, 156.281906128, 156.734695435, 157.19909668, 157.663482666, 158.127883911, 158.580673218, 159.033462524, 159.486251831, 159.939041138, 160.380218506, 160.751739502, 161.134872437, 161.518005371, 161.912734985, 162.307479858, 162.702224731, 163.096954346, 163.538131714, 163.979324341, 164.432098389, 164.884887695, 165.326080322, 165.778869629, 166.220046997, 166.649612427, 167.090789795, 167.531967163, 167.973144531, 168.414321899, 168.843902588, 169.285079956, 169.714645386, 170.144210815, 170.562179565, 170.991744995, 171.444534302, 171.897323608, 172.361724854, 172.802902222, 173.24407959, 173.662033081, 174.103210449, 174.544403076, 174.973968506, 175.415145874, 175.856323242, 176.29750061, 176.738677979, 177.191467285, 177.65586853, 178.120269775, 178.596282959, 179.072280884, 179.559906006, 180.047531128, 180.535140991, 181.022766113, 181.498779297, 181.98638916, 182.474014282, 182.961624146, 183.449249268, 183.93687439, 184.378051758, 184.819229126, 185.260406494, 185.701583862, 186.131149292, 186.57232666, 187.001907349, 187.443084717, 187.895874023, 188.337051392, 188.77822876, 189.207794189, 189.637359619, 190.055328369, 190.484893799, 190.90284729, 191.332427979, 191.75038147, 192.168334961, 192.586303711, 193.004257202, 193.44543457, 193.898223877, 194.339401245, 194.780578613, 195.22177124, 195.662948608, 196.092514038, 196.522079468, 196.951644897, 197.369613647, 197.787567139, 198.228744507, 198.669921875, 199.087890625, 199.505844116, 199.923812866, 200.341766357, 200.759719849, 201.177688599, 201.59564209, 202.013595581, 202.419952393, 202.826293945, 203.244262695, 203.63899231, 204.045349121, 204.451690674, 204.869659424, 205.287612915, 205.705581665, 206.123535156, 206.576324463, 207.02911377, 207.481903076, 207.934692383, 208.422302246, 208.89831543, 209.362716675, 209.815505981, 210.279907227, 210.744308472, 211.197097778, 211.638275146, 212.091064453, 212.555465698, 213.019866943, 213.495864868, 213.960266113, 214.436279297, 214.935501099, 215.423126221, 215.887527466, 216.340316772, 216.804718018, 217.269119263, 217.721893311, 218.163085938, 218.592651367, 219.022216797, 219.463394165, 219.892959595, 220.287704468, 220.670837402, 221.077178955, 221.495147705, 221.913101196, 222.331054688, 222.749023438, 223.178588867, 223.608154297, 224.026123047, 224.467300415, 224.908477783, 225.349655151, 225.79083252, 226.255233765, 226.71963501, 227.195648193, 227.671646118, 228.15927124, 228.646896362, 229.111282349, 229.587295532, 230.063308716, 230.504486084, 230.945663452, 231.38684082, 231.828018188, 232.245986938, 232.66394043, 233.081893921, 233.523086548, 233.964263916, 234.428665161, 234.904663086, 235.369064331, 235.821853638, 236.263031006, 236.727432251, 237.180221558, 237.621398926, 238.050964355, 238.480545044, 238.921722412, 239.374511719, 239.838912964, 240.30329895, 240.790924072, 241.290161133, 241.800994873, 242.300216675, 242.799453735, 243.287063599, 243.763076782, 244.250701904, 244.726715088, 245.202713013, 245.690338135, 246.212783813, 246.735229492, 247.269287109, 247.780136108, 248.221313477, 248.639266968, 249.068832397, 249.498413086, 249.881530762, 250.264663696, 250.659408569, 251.042541504, 251.437271118, 251.84362793, 252.249969482, 252.644714355, 253.051055908, 253.445800781, 253.840545654, 254.212051392, 254.583572388, 254.955093384, 255.32661438, 255.698135376, 256.058044434, 256.42956543, 256.801086426, 257.172607422, 257.544128418, 257.915649414, 258.28717041, 258.658691406, 259.030212402, 259.390106201, 259.750030518, 260.086700439, 260.434997559, 260.783294678, 261.131591797, 261.479919434, 261.839813232, 262.188110352, 262.536407471, 262.88470459, 263.233001709, 263.581298828, 263.929595947, 264.266296387, 264.614593506, 264.962890625, 265.299591064, 265.636291504, 265.984588623, 266.332885742, 266.681182861, 267.02947998, 267.3777771, 267.726074219, 268.074371338, 268.422668457, 268.770965576, 269.107666016, 269.444335938, 269.781036377, 270.129333496, 270.477630615, 270.837554932, 271.19744873, 271.54574585, 271.894042969, 272.335235596, 272.776397705, 273.205993652, 273.623931885, 274.053497314, 274.483093262, 274.912658691, 275.284179688, 275.644073486, 276.015594482, 276.387115479, 276.747009277, 277.095336914, 277.443634033, 277.780303955, 278.128601074, 278.465301514, 278.802001953, 279.150299072, 279.510192871, 279.870117188], "beats_loudness": {"dmean2": 0.0261588077992, "median": 0.00901771709323, "min": 6.71643829264e-06, "dvar2": 0.00128181290347, "dvar": 0.000441642652731, "dmean": 0.0145733803511, "max": 0.148332327604, "var": 0.000493977568112, "mean": 0.0167814549059}, "danceability": 1.08789861202, "bpm_histogram_second_peak_weight": {"dmean2": 0, "median": 0.113418526947, "min": 0.113418526947, "dvar2": 0, "dvar": 0, "dmean": 0, "max": 0.113418526947, "var": 0, "mean": 0.113418526947}, "beats_count": 627, "bpm_histogram_second_peak_bpm": {"dmean2": 0, "median": 129, "min": 129, "dvar2": 0, "dvar": 0, "dmean": 0, "max": 129, "var": 0, "mean": 129}, "bpm_histogram_first_peak_spread": {"dmean2": 0, "median": 0.592741966248, "min": 0.592741966248, "dvar2": 0, "dvar": 0, "dmean": 0, "max": 0.592741966248, "var": 0, "mean": 0.592741966248}, "beats_loudness_band_ratio": {"dmean2": [0.14750367403, 0.337056666613, 0.441266298294, 0.28662532568, 0.0753516927361, 0.0394186750054], "median": [0.0181971397251, 0.0989570617676, 0.509177207947, 0.0573879405856, 0.0101272724569, 0.00340795377269], "min": [0.000148403545609, 0.00050054496387, 0.00109180400614, 0.000145530968439, 7.7558986959e-05, 7.63190382713e-06], "dvar2": [0.0545571148396, 0.113562606275, 0.132555186749, 0.1150900051, 0.0112374806777, 0.0161608178169], "dvar": [0.0200858879834, 0.041263140738, 0.0480649061501, 0.0407916046679, 0.00432506669313, 0.00613008672372], "dmean": [0.0817673876882, 0.187275186181, 0.25150001049, 0.158766135573, 0.0425409004092, 0.0225431136787], "max": [0.990205407143, 0.975702643394, 0.991779327393, 0.896874547005, 0.551940858364, 0.890916466713], "var": [0.0578069984913, 0.0507436916232, 0.100244909525, 0.0473522804677, 0.00932033546269, 0.00450172135606], "mean": [0.120693564415, 0.19690746069, 0.48287025094, 0.162604600191, 0.0503642633557, 0.0210373848677]}}, "lowlevel": {"barkbands_spread": {"dmean2": 5.18235683441, "median": 5.38924312592, "min": 0.126928955317, "dvar2": 86.7789764404, "dvar": 36.3780097961, "dmean": 3.2414894104, "max": 108.890975952, "var": 97.5329589844, "mean": 8.43512535095}, "melbands_spread": {"dmean2": 5.87643194199, "median": 6.90443515778, "min": 0.257725536823, "dvar2": 181.837463379, "dvar": 83.2424316406, "dmean": 3.74147486687, "max": 280.517547607, "var": 237.397598267, "mean": 11.1221342087}, "hfc": {"dmean2": 3.81841635704, "median": 2.41107940674, "min": 1.17416527712e-16, "dvar2": 83.3411865234, "dvar": 39.648815155, "dmean": 2.73309016228, "max": 146.088119507, "var": 241.449584961, "mean": 8.64173316956}, "barkbands_kurtosis": {"dmean2": 13.7840356827, "median": 6.11470174789, "min": -1.9052644968, "dvar2": 1086.47802734, "dvar": 395.617156982, "dmean": 8.48858165741, "max": 410.546081543, "var": 663.204711914, "mean": 13.9156160355}, "gfcc": {"mean": [-204.362792969, 130.32270813, -142.020339966, -2.85895586014, -78.8704071045, -12.5920553207, -29.3641929626, 4.40179491043, -13.1692228317, -1.76355695724, -4.42173910141, -6.53929948807, -0.892149329185], "icov": [[0.000329957809299, -0.000127662482555, 0.000683786580339, -0.000136669710628, 0.00073749985313, 4.26010155934e-05, 0.000325923057972, -6.23027808615e-05, 0.000128608400701, 0.000210368816624, 0.000165105448104, 0.000129123247461, 6.56405827613e-05], [-0.000127662482555, 0.00327997538261, -0.00183090369683, 0.00188480177894, -0.00314516900107, 0.00182611611672, -0.00147259572987, 0.00241653551348, -0.00109810009599, 0.00263745593838, -0.00219601998106, 0.00216978159733, -0.000992454239167], [0.000683786580339, -0.00183090369683, 0.00297904247418, -0.00144869717769, 0.00262990104966, -0.000615076161921, 0.00151477637701, -0.00125715113245, 0.00131235155277, -0.00119964999612, 0.00147236406337, -0.000993680092506, 0.00126759312116], [-0.000136669710628, 0.00188480177894, -0.00144869717769, 0.00275444239378, -0.00184543873183, 0.000704120146111, -0.000276916456642, 0.00095551245613, -0.000225466748816, 0.000956186384428, -0.000233683444094, 0.000902180094272, -0.000613350828644], [0.00073749985313, -0.00314516900107, 0.00262990104966, -0.00184543873183, 0.00650836899877, -0.00246354215778, 0.00205431133509, -0.00214909319766, 0.000477836292703, -0.00158164359163, 0.0028070230037, -0.00154119182844, 0.00164913840126], [4.26010155934e-05, 0.00182611611672, -0.000615076161921, 0.000704120146111, -0.00246354215778, 0.0044077327475, -0.00179465929978, 0.000618705933448, 0.000887745409273, -4.51300002169e-05, -5.94155098952e-05, -0.000557938416023, 0.000623398635071], [0.000325923057972, -0.00147259572987, 0.00151477637701, -0.000276916456642, 0.00205431133509, -0.00179465929978, 0.00542180472985, -0.00216287281364, 0.00132890290115, -2.29872475757e-05, -0.000926269043703, 1.35147729452e-05, 0.000957067299169], [-6.23027808615e-05, 0.00241653551348, -0.00125715113245, 0.00095551245613, -0.00214909319766, 0.000618705933448, -0.00216287281364, 0.0082997046411, -0.00293194153346, 0.001192829106, 0.000117422307085, 0.000247241317993, -2.39905257331e-05], [0.000128608400701, -0.00109810009599, 0.00131235155277, -0.000225466748816, 0.000477836292703, 0.000887745409273, 0.00132890290115, -0.00293194153346, 0.0064975079149, -0.00251572416164, 0.00170461228117, 0.00112359784544, 0.000124310288811], [0.000210368816624, 0.00263745593838, -0.00119964999612, 0.000956186384428, -0.00158164359163, -4.51300002169e-05, -2.29872475757e-05, 0.001192829106, -0.00251572416164, 0.0100690582767, -0.00375657319091, 0.00163449288812, -0.000905548164155], [0.000165105448104, -0.00219601998106, 0.00147236406337, -0.000233683444094, 0.0028070230037, -5.94155098952e-05, -0.000926269043703, 0.000117422307085, 0.00170461228117, -0.00375657319091, 0.0105884196237, -0.00394990015775, 0.00132369913626], [0.000129123247461, 0.00216978159733, -0.000993680092506, 0.000902180094272, -0.00154119182844, -0.000557938416023, 1.35147729452e-05, 0.000247241317993, 0.00112359784544, 0.00163449288812, -0.00394990015775, 0.0107755018398, -0.0040679750964], [6.56405827613e-05, -0.000992454239167, 0.00126759312116, -0.000613350828644, 0.00164913840126, 0.000623398635071, 0.000957067299169, -2.39905257331e-05, 0.000124310288811, -0.000905548164155, 0.00132369913626, -0.0040679750964, 0.0100323474035]], "cov": [[14530.6953125, -639.348693848, -3891.91235352, -1178.78405762, -1731.12573242, -1356.26879883, -69.1087417603, -324.47668457, 347.028625488, -472.253051758, 198.774505615, -348.407989502, 421.588806152], [-639.348693848, 2343.94335938, 311.200073242, -806.349365234, 285.077178955, -593.199707031, 122.70072937, -311.453125, 111.962150574, -280.448455811, 153.841552734, -276.719360352, -34.2161064148], [-3891.91235352, 311.200073242, 1796.72717285, 529.163757324, 286.1769104, 247.194534302, -115.165664673, 38.0926170349, -177.211715698, 103.462745667, -86.5302886963, 78.4689483643, -134.971221924], [-1178.78405762, -806.349365234, 529.163757324, 1003.25, 149.317306519, 292.267303467, -158.269226074, 121.637283325, -77.1675796509, 116.127510071, -160.518280029, 93.8649291992, -34.218372345], [-1731.12573242, 285.077178955, 286.1769104, 149.317306519, 600.865905762, 238.62159729, -19.5583820343, 68.553894043, 26.6271076202, 33.1544380188, -92.6402206421, 0.508292973042, -83.9793014526], [-1356.26879883, -593.199707031, 247.194534302, 292.267303467, 238.62159729, 689.582763672, 96.6922302246, 126.126533508, -152.419250488, 124.123390198, -47.3568458557, 153.084472656, -72.7566680908], [-69.1087417603, 122.70072937, -115.165664673, -158.269226074, -19.5583820343, 96.6922302246, 325.601837158, 16.5532531738, -62.7349052429, -22.109172821, 82.5331497192, 11.309299469, -23.8722457886], [-324.47668457, -311.453125, 38.0926170349, 121.637283325, 68.553894043, 126.126533508, 16.5532531738, 226.167694092, 58.1119499207, 52.1123886108, -58.6351051331, 26.6608333588, -23.6779308319], [347.028625488, 111.962150574, -177.211715698, -77.1675796509, 26.6271076202, -152.419250488, -62.7349052429, 58.1119499207, 291.619598389, 15.8394784927, -49.1424407959, -90.7909851074, 5.18203687668], [-472.253051758, -280.448455811, 103.462745667, 116.127510071, 33.1544380188, 124.123390198, -22.109172821, 52.1123886108, 15.8394784927, 181.882705688, 5.25129938126, 41.099811554, -9.36202716827], [198.774505615, 153.841552734, -86.5302886963, -160.518280029, -92.6402206421, -47.3568458557, 82.5331497192, -58.6351051331, -49.1424407959, 5.25129938126, 185.055404663, 36.0182266235, 16.4661636353], [-348.407989502, -276.719360352, 78.4689483643, 93.8649291992, 0.508292973042, 153.084472656, 11.309299469, 26.6608333588, -90.7909851074, 41.099811554, 36.0182266235, 189.93522644, 37.2163467407], [421.588806152, -34.2161064148, -134.971221924, -34.218372345, -83.9793014526, -72.7566680908, -23.8722457886, -23.6779308319, 5.18203687668, -9.36202716827, 16.4661636353, 37.2163467407, 141.051300049]]}, "spectral_energyband_middle_low": {"dmean2": 0.00526180537418, "median": 0.00333428103477, "min": 3.92573663366e-22, "dvar2": 0.000170536746737, "dvar": 7.60800612625e-05, "dmean": 0.00364355859347, "max": 0.207725301385, "var": 0.000351627677446, "mean": 0.0101262191311}, "melbands_crest": {"dmean2": 5.89363288879, "median": 18.1239337921, "min": 2.21302342415, "dvar2": 33.4235153198, "dvar": 13.2514095306, "dmean": 3.72357797623, "max": 38.7901077271, "var": 55.0819320679, "mean": 18.917842865}, "spectral_kurtosis": {"dmean2": 12.6257009506, "median": 9.97405433655, "min": -1.25564408302, "dvar2": 285.1484375, "dvar": 107.625, "dmean": 7.47964382172, "max": 158.400405884, "var": 512.821166992, "mean": 19.0543708801}, "spectral_rms": {"dmean2": 0.000626491382718, "median": 0.00203647790477, "min": 3.22966566685e-12, "dvar2": 8.52487403336e-07, "dvar": 4.51362524245e-07, "dmean": 0.000460567913251, "max": 0.0143351368606, "var": 5.2080581554e-06, "mean": 0.00259908195585}, "zerocrossingrate": {"dmean2": 0.00622160639614, "median": 0.0302734375, "min": 0.00048828125, "dvar2": 0.00012154882279, "dvar": 0.000104184196971, "dmean": 0.00519989011809, "max": 0.57421875, "var": 0.000694507325534, "mean": 0.0370107740164}, "silence_rate_60dB": {"dmean2": 0.108886316419, "median": 0, "min": 0, "dvar2": 0.108441270888, "dvar": 0.0514791570604, "dmean": 0.0544386543334, "max": 1, "var": 0.247553065419, "mean": 0.450612187386}, "erbbands_kurtosis": {"dmean2": 5.54020023346, "median": 3.09888911247, "min": -1.91048550606, "dvar2": 99.4876022339, "dvar": 45.4852828979, "dmean": 3.68479585648, "max": 205.132217407, "var": 130.435241699, "mean": 6.75261116028}, "erbbands": {"dmean2": [0.00232221232727, 0.00323938089423, 0.0221135132015, 0.147324591875, 0.290636271238, 1.35819256306, 4.65765380859, 6.9613699913, 4.41119432449, 27.4977664948, 49.397857666, 56.1744384766, 27.1040668488, 15.0620574951, 15.1204147339, 9.34554862976, 4.58316659927, 3.94333219528, 4.85697603226, 5.97626924515, 3.35196447372, 2.20826363564, 2.35205554962, 2.70921778679, 1.83450245857, 1.53039753437, 0.940974593163, 0.52185767889, 0.245613634586, 0.104367904365, 0.0933963954449, 0.0744041875005, 0.0195706710219, 0.00688746385276, 0.00397352082655, 0.00185010477435, 0.00031904046773, 1.90328591998e-05, 3.08229823531e-06, 6.56475140204e-06], "median": [0.000470233120723, 0.000821362948045, 0.00246627209708, 0.0141350608319, 0.0663227066398, 0.527940273285, 1.43844199181, 1.4712240696, 1.22530639172, 3.55524706841, 6.73208522797, 4.8592209816, 3.13389635086, 1.49736738205, 1.09396886826, 0.710867166519, 0.724886000156, 0.626639544964, 0.380838602781, 0.279091060162, 0.228628754616, 0.17904868722, 0.174196481705, 0.21552631259, 0.119099117815, 0.111326277256, 0.0683359950781, 0.0322689078748, 0.0216475073248, 0.0134964119643, 0.00969581119716, 0.00831172429025, 0.00234997738153, 0.000656064366922, 0.000368638546206, 0.000155652014655, 2.36289997702e-05, 1.93647383639e-06, 2.53321013588e-06, 4.8965134738e-06], "min": [3.30622106694e-22, 4.13688251247e-21, 1.39193542928e-20, 6.68103247131e-20, 1.25718437938e-19, 8.37110463442e-20, 1.47067775678e-19, 4.45133339671e-19, 5.53712220501e-19, 8.87087720851e-19, 1.30059706683e-18, 1.69798838497e-18, 4.01265563304e-18, 3.37705625421e-18, 2.88653194711e-18, 2.48727378571e-18, 4.1824030209e-18, 3.73386061143e-18, 4.77716986956e-18, 3.19137529979e-18, 8.10371061735e-18, 9.31169788696e-18, 7.86694174754e-18, 9.03415397603e-18, 6.33105098412e-18, 1.52336145868e-17, 1.45484906639e-17, 1.76262543609e-17, 1.3980689076e-17, 1.20798487079e-17, 1.43705790034e-17, 1.17899839417e-17, 1.40846309374e-17, 1.18731677057e-17, 8.06638988247e-18, 6.79782652224e-18, 2.96737747825e-18, 1.18922805409e-18, 3.15767229102e-19, 3.55579677554e-20], "dvar2": [2.69003976427e-05, 5.86497917539e-05, 0.00495332758874, 0.355382859707, 0.911437511444, 14.2496356964, 121.753265381, 432.592224121, 579.569824219, 8962.89941406, 31862.7890625, 53476.8710938, 23501.2773438, 5669.47460938, 6530.59423828, 2203.94555664, 388.846008301, 328.658538818, 696.836853027, 686.050231934, 194.962295532, 79.3133392334, 130.624832153, 110.122795105, 61.1225738525, 29.3348503113, 16.0723819733, 4.6661658287, 2.73585009575, 0.168948948383, 0.134577512741, 0.0742688700557, 0.0058569656685, 0.00186272105202, 0.00073497131234, 0.000148245570017, 5.08619450557e-06, 2.00697343189e-08, 5.43209262294e-11, 2.35260005921e-10], "dvar": [1.04657447082e-05, 2.75687507383e-05, 0.00180516706314, 0.193714544177, 0.455866366625, 5.73541307449, 58.4287109375, 213.871078491, 243.376358032, 4351.20507812, 14694.6650391, 24648.3554688, 12063.4638672, 3222.1315918, 3082.11621094, 1264.54980469, 229.57232666, 173.787475586, 306.134674072, 336.273956299, 102.390151978, 41.413974762, 62.8697471619, 57.5304450989, 29.8503761292, 14.4083518982, 7.47691011429, 2.43562841415, 1.07799875736, 0.0781125351787, 0.0625730901957, 0.0332756265998, 0.00244585378096, 0.000908371061087, 0.000383565202355, 6.92372123012e-05, 2.01110015041e-06, 7.97430832478e-09, 2.42100835907e-11, 1.07281905581e-10], "dmean": [0.00137438240927, 0.00208250759169, 0.0129466084763, 0.0925255790353, 0.193396374583, 0.870145440102, 3.16503429413, 4.79114151001, 3.01359319687, 20.3308753967, 33.7467727661, 38.6897735596, 19.503534317, 11.277554512, 10.8956184387, 6.76972723007, 3.3294005394, 2.81923270226, 3.34864473343, 4.18239784241, 2.40568995476, 1.55842065811, 1.67381715775, 1.86725652218, 1.30044138432, 1.07665491104, 0.647121548653, 0.364673942327, 0.167620196939, 0.0715102031827, 0.0633237287402, 0.0502495765686, 0.0127751789987, 0.00434162234887, 0.00258419918828, 0.00117405864876, 0.0001984488772, 1.18396164908e-05, 2.16782564166e-06, 4.60711089545e-06], "max": [0.0572262853384, 0.0868242681026, 1.26876842976, 33.8402671814, 32.6303520203, 81.3710327148, 212.307510376, 507.796112061, 736.214050293, 2980.73681641, 5295.20214844, 5256.30664062, 5619.70263672, 3168.05712891, 2689.99609375, 1529.6361084, 633.55291748, 703.06829834, 851.366577148, 962.631225586, 334.736907959, 266.67288208, 379.085296631, 284.677032471, 318.558746338, 132.775131226, 135.672363281, 60.7398300171, 77.212387085, 15.5066995621, 10.6896438599, 5.72966766357, 2.23476362228, 2.37152791023, 1.82514226437, 0.502007603645, 0.0820016488433, 0.00467775622383, 0.000132037734147, 0.000238914057263], "var": [1.14057493192e-05, 5.30532670382e-05, 0.00223558954895, 0.429495304823, 1.14800429344, 11.6674222946, 238.84375, 609.277160645, 423.227905273, 19006.0371094, 57495.1210938, 95417.6640625, 31339.8300781, 12290.2001953, 9749.78417969, 3449.36376953, 566.762145996, 523.733520508, 566.280090332, 1114.13586426, 466.087677002, 179.164825439, 180.851837158, 199.951446533, 81.7561035156, 40.1541137695, 17.6964206696, 7.91375303268, 1.28291273117, 0.151728376746, 0.128468319774, 0.0628070309758, 0.0038315244019, 0.00157562259119, 0.000641987659037, 0.000102107951534, 2.2142060061e-06, 8.3279028118e-09, 1.20816731619e-10, 5.72665581622e-10], "mean": [0.0014956437517, 0.0032721364405, 0.0170469246805, 0.136345893145, 0.372312277555, 1.7015863657, 7.67150068283, 9.81767749786, 6.12408685684, 54.0600166321, 73.9238739014, 82.7046585083, 35.5560302734, 24.8432121277, 20.254573822, 11.9769868851, 5.88442897797, 5.04211807251, 5.76028060913, 8.41813087463, 5.56657123566, 3.49241328239, 3.25650215149, 3.60751533508, 2.69914531708, 2.04693841934, 1.14958584309, 0.66302639246, 0.2852820158, 0.128847554326, 0.113625049591, 0.086354881525, 0.0222534574568, 0.00692746369168, 0.00408514495939, 0.00179365463555, 0.000284045789158, 1.63409276865e-05, 6.7275955189e-06, 1.42534181578e-05]}, "spectral_strongpeak": {"dmean2": 0.612351536751, "median": 0.798475027084, "min": 0, "dvar2": 0.900157034397, "dvar": 0.41534075141, "dmean": 0.410905748606, "max": 11.2262468338, "var": 2.66846466064, "mean": 1.35754776001}, "spectral_energy": {"dmean2": 0.00571735017002, "median": 0.00425092317164, "min": 1.06915089423e-20, "dvar2": 0.000178483474883, "dvar": 8.10336787254e-05, "dmean": 0.0040021580644, "max": 0.210633546114, "var": 0.000423607416451, "mean": 0.012262401171}, "average_loudness": 0.0428534634411, "spectral_rolloff": {"dmean2": 346.292266846, "median": 667.529296875, "min": 21.533203125, "dvar2": 837825, "dvar": 383747.5, "dmean": 198.799667358, "max": 18906.1523438, "var": 781238.8125, "mean": 892.907165527}, "spectral_centroid": {"dmean2": 210.99458313, "median": 699.538208008, "min": 167.531677246, "dvar2": 140444.828125, "dvar": 77683.25, "dmean": 141.899185181, "max": 11191.1152344, "var": 314172.09375, "mean": 874.52545166}, "pitch_salience": {"dmean2": 0.132954180241, "median": 0.526369929314, "min": 0.0592617057264, "dvar2": 0.0155409108847, "dvar": 0.00627247942612, "dmean": 0.0829158499837, "max": 0.897687017918, "var": 0.0260099414736, "mean": 0.508851885796}, "spectral_energyband_middle_high": {"dmean2": 0.00115339539479, "median": 0.00029458332574, "min": 1.29342633665e-21, "dvar2": 1.68943752215e-05, "dvar": 8.39350650494e-06, "dmean": 0.000839868444018, "max": 0.112742237747, "var": 3.47645946022e-05, "mean": 0.00218654191121}, "spectral_contrast_coeffs": {"dmean2": [0.0710499063134, 0.0697362646461, 0.0578621849418, 0.0458254143596, 0.0344691164792, 0.0298338644207], "median": [-0.629863977432, -0.640383958817, -0.700576364994, -0.753011465073, -0.781597435474, -0.792125701904], "min": [-0.97230386734, -0.97320497036, -0.964630007744, -0.960128605366, -0.965183615685, -0.959907770157], "dvar2": [0.00337592349388, 0.00372063624673, 0.00252735079266, 0.0015653972514, 0.000953662500251, 0.00084821076598], "dvar": [0.00146933400538, 0.00172706658486, 0.0012462020386, 0.000758132955525, 0.000484640244395, 0.000419253017753], "dmean": [0.0447665378451, 0.0450812838972, 0.0378365293145, 0.0303242933005, 0.0230364371091, 0.0199281685054], "max": [-0.297046422958, -0.242658168077, -0.28735640645, -0.467038989067, -0.545091748238, -0.534161508083], "var": [0.0155513165519, 0.0204387623817, 0.0151109956205, 0.00867666490376, 0.00545790884644, 0.00411304878071], "mean": [-0.646472036839, -0.650001525879, -0.701398730278, -0.752893984318, -0.778758406639, -0.781213104725]}, "melbands_skewness": {"dmean2": 1.34638679028, "median": 1.49702000618, "min": -5.13774728775, "dvar2": 3.20649433136, "dvar": 1.3192858696, "dmean": 0.875464737415, "max": 19.6438007355, "var": 6.25011587143, "mean": 2.08796358109}, "spectral_spread": {"dmean2": 634546.6875, "median": 2719173, "min": 509583.3125, "dvar2": 660228079616, "dvar": 448554598400, "dmean": 410485.1875, "max": 41437872, "var": 2560293076990.0, "mean": 2990024.5}, "dissonance": {"dmean2": 0.0688396990299, "median": 0.389780551195, "min": 0.0704145357013, "dvar2": 0.00438416004181, "dvar": 0.00166824634653, "dmean": 0.041615370661, "max": 0.500000059605, "var": 0.00681259855628, "mean": 0.381173998117}, "spectral_skewness": {"dmean2": 0.967490375042, "median": 2.33022284508, "min": -0.330710679293, "dvar2": 1.06474363804, "dvar": 0.416620284319, "dmean": 0.588391125202, "max": 10.6476917267, "var": 2.76724529266, "mean": 2.83311390877}, "spectral_flux": {"dmean2": 0.0238804388791, "median": 0.0229971576482, "min": 1.03399754037e-10, "dvar2": 0.00125074607786, "dvar": 0.000484515185235, "dmean": 0.0147905591875, "max": 0.40095359087, "var": 0.00161035114434, "mean": 0.0376011766493}, "spectral_contrast_valleys": {"dmean2": [0.646187603474, 0.615670025349, 0.536069452763, 0.475433051586, 0.396800905466, 0.364672362804], "median": [-9.86397266388, -8.10016822815, -8.90942764282, -9.7859172821, -9.86979866028, -12.8534946442], "min": [-27.1005916595, -27.0212059021, -27.0896682739, -27.4007720947, -27.1224098206, -27.3397521973], "dvar2": [0.270111382008, 0.302669137716, 0.244341477752, 0.222272709012, 0.178913712502, 0.163748964667], "dvar": [0.128731220961, 0.161285638809, 0.134261786938, 0.126689583063, 0.11135327071, 0.0927255451679], "dmean": [0.39329379797, 0.394749164581, 0.349389761686, 0.315956830978, 0.277114540339, 0.253041803837], "max": [-7.34110307693, -5.03016757965, -5.50350141525, -6.84126520157, -6.5955491066, -9.49544048309], "var": [0.545700728893, 1.56851124763, 1.48274374008, 1.52643501759, 1.70649838448, 1.32192087173], "mean": [-9.76335048676, -8.2375793457, -9.10460758209, -9.8938331604, -9.98899364471, -12.838306427]}, "erbbands_flatness_db": {"dmean2": 0.0316228382289, "median": 0.298083007336, "min": 0.053242046386, "dvar2": 0.000997954979539, "dvar": 0.000519007269759, "dmean": 0.0219460260123, "max": 0.549119710922, "var": 0.00787770748138, "mean": 0.286114931107}, "spectral_energyband_high": {"dmean2": 3.80553901778e-05, "median": 5.46577120986e-06, "min": 7.68091159366e-21, "dvar2": 1.77974950333e-08, "dvar": 8.49744719034e-09, "dmean": 2.69930824288e-05, "max": 0.00331499380991, "var": 2.45212419259e-08, "mean": 5.48138268641e-05}, "spectral_entropy": {"dmean2": 0.32234916091, "median": 6.35074520111, "min": 3.65525126457, "dvar2": 0.118856050074, "dvar": 0.0620364360511, "dmean": 0.223559573293, "max": 9.81749820709, "var": 0.732934236526, "mean": 6.45144414902}, "silence_rate_20dB": {"dmean2": 0, "median": 1, "min": 1, "dvar2": 0, "dvar": 0, "dmean": 0, "max": 1, "var": 0, "mean": 1}, "melbands_flatness_db": {"dmean2": 0.0405296981335, "median": 0.319107681513, "min": 0.00556997023523, "dvar2": 0.00172384583857, "dvar": 0.000814195955172, "dmean": 0.027692835778, "max": 0.621797502041, "var": 0.00841218885034, "mean": 0.312282711267}, "barkbands": {"dmean2": [8.48743875395e-05, 3.20146646118e-05, 2.53206108027e-05, 7.3175484431e-05, 0.000324559077853, 0.000829877681099, 0.000459103874164, 0.00221196678467, 0.00253924168646, 0.000731468026061, 0.000439450173872, 0.00027603431954, 0.000105301376607, 8.59319261508e-05, 0.000121922239487, 9.42312472034e-05, 4.71019302495e-05, 4.9749869504e-05, 5.11468169861e-05, 3.24880165863e-05, 1.87871937669e-05, 6.09441394772e-06, 3.1768286135e-06, 2.2567699034e-06, 5.78657022743e-07, 2.53698829056e-07, 9.98156779453e-10], "median": [2.70464079222e-05, 7.09373944119e-06, 1.99371015697e-06, 4.59581860923e-06, 0.000133377441671, 0.000180060538696, 6.14420496277e-05,