{"tonal": {"thpcp": [1, 0.704245388508, 0.285134315491, 0.233243644238, 0.249964594841, 0.406801939011, 0.58847784996, 0.496619939804, 0.31531354785, 0.268449217081, 0.266521722078, 0.44515556097, 0.646770954132, 0.518068194389, 0.407453715801, 0.45451888442, 0.401429980993, 0.298867195845, 0.25525611639, 0.287785887718, 0.459451466799, 0.652318775654, 0.549685299397, 0.350522279739, 0.272331625223, 0.272875547409, 0.540143370628, 0.769569396973, 0.595396280289, 0.586400032043, 0.612843453884, 0.34722918272, 0.239430904388, 0.255640506744, 0.257096886635, 0.594393372536], "hpcp": {"dmean2": [0.298036038876, 0.291860282421, 0.234552592039, 0.187672510743, 0.176306247711, 0.208191245794, 0.25760358572, 0.252503961325, 0.256474971771, 0.238214164972, 0.21430465579, 0.188595712185, 0.189218193293, 0.212128147483, 0.262417286634, 0.315091758966, 0.277540773153, 0.227439016104, 0.200242906809, 0.199790075421, 0.253036201, 0.289468228817, 0.280240207911, 0.280460298061, 0.249918520451, 0.180426478386, 0.149488642812, 0.163671895862, 0.171281516552, 0.245316937566, 0.294573992491, 0.261762559414, 0.184209048748, 0.15908254683, 0.17749530077, 0.240810066462], "median": [0.0863107442856, 0.0692552030087, 0.0339222028852, 0.0274236612022, 0.0337033607066, 0.0759932175279, 0.101350009441, 0.0803845524788, 0.0520791038871, 0.0549402013421, 0.0471761897206, 0.0355818867683, 0.0262399539351, 0.0313366241753, 0.0803185552359, 0.114359714091, 0.0929329320788, 0.043673671782, 0.0291568171233, 0.0311209596694, 0.0701459050179, 0.0898700356483, 0.0948218405247, 0.0795295313001, 0.0689603239298, 0.0438012592494, 0.0316001959145, 0.0330738201737, 0.0363498851657, 0.113501042128, 0.198164641857, 0.150765225291, 0.0450930669904, 0.0300234667957, 0.0298919025809, 0.0604068413377], "min": [0, 0, 0, 0, 0, 0, 0, 0, 0, 0, 0, 0, 0, 0, 0, 0, 0, 0, 0, 0, 0, 0, 0, 0, 0, 0, 0, 0, 0, 0, 0, 0, 0, 0, 0, 0], "dvar2": [0.145393818617, 0.153287813067, 0.124559558928, 0.0952723175287, 0.0810631215572, 0.0827824696898, 0.112003222108, 0.114845648408, 0.139894545078, 0.121508844197, 0.112388841808, 0.0941134169698, 0.107180163264, 0.124008975923, 0.130068853498, 0.152103200555, 0.125675961375, 0.11723600328, 0.113361544907, 0.102686285973, 0.112527795136, 0.143330574036, 0.118326932192, 0.127497389913, 0.113991647959, 0.0738961845636, 0.0628607571125, 0.0732027664781, 0.0727272927761, 0.0878224596381, 0.113507270813, 0.0884165167809, 0.0771362036467, 0.0687368959188, 0.0837656185031, 0.120138511062], "dvar": [0.0538322888315, 0.054499167949, 0.0448941588402, 0.034423969686, 0.0289622005075, 0.0302491765469, 0.0443724058568, 0.0421884581447, 0.050595421344, 0.0445914305747, 0.0421259850264, 0.0341282486916, 0.037717781961, 0.0434025861323, 0.047123786062, 0.0569853521883, 0.0462950393558, 0.0423484742641, 0.0406623743474, 0.036925341934, 0.0424621030688, 0.0581873357296, 0.0440714545548, 0.0471394769847, 0.044316701591, 0.0272005293518, 0.0223986692727, 0.0265821069479, 0.0267810188234, 0.0326620042324, 0.0479988791049, 0.0346201919019, 0.0274242591113, 0.024687089026, 0.0299361888319, 0.0433155372739], "dmean": [0.167871400714, 0.161960691214, 0.128501236439, 0.104466415942, 0.0987926572561, 0.120114833117, 0.149598017335, 0.144269630313, 0.142736852169, 0.133427634835, 0.121768631041, 0.105865783989, 0.10359980911, 0.116698861122, 0.147425040603, 0.179439231753, 0.15735450387, 0.126655712724, 0.110899351537, 0.111093446612, 0.145114451647, 0.167293131351, 0.161600127816, 0.160905376077, 0.143985107541, 0.103190071881, 0.0846628770232, 0.0920007005334, 0.0959158912301, 0.142722144723, 0.174829244614, 0.15481108427, 0.103675715625, 0.0887796580791, 0.0978173986077, 0.134998306632], "max": [1, 1, 1, 1, 1, 1, 1, 1, 1, 1, 1, 1, 1, 1, 1, 1, 1, 1, 1, 1, 1, 1, 1, 1, 1, 1, 1, 1, 1, 1, 1, 1, 1, 1, 1, 1], "var": [0.0744537487626, 0.059748403728, 0.037590932101, 0.0311938002706, 0.0251225661486, 0.0398281961679, 0.0824135020375, 0.0537883378565, 0.0517740771174, 0.0607326067984, 0.0529045723379, 0.0329011455178, 0.0283733271062, 0.0336160510778, 0.0473404936492, 0.0753164291382, 0.0606375709176, 0.0412559658289, 0.0325989797711, 0.0293582975864, 0.0623513944447, 0.119314916432, 0.0634125843644, 0.0738083571196, 0.0915381088853, 0.0345033071935, 0.021379429847, 0.0236884746701, 0.0225851088762, 0.0551913268864, 0.1256185323, 0.0668723359704, 0.0235018674284, 0.0216373447329, 0.0252243261784, 0.0424011424184], "mean": [0.207462832332, 0.175079107285, 0.111161097884, 0.0946394726634, 0.0939599499106, 0.15693578124, 0.228013575077, 0.182640507817, 0.143644317985, 0.160236746073, 0.141520708799, 0.105363070965, 0.0899883583188, 0.101456448436, 0.161975681782, 0.229969397187, 0.193786844611, 0.123573631048, 0.096008181572, 0.0961999446154, 0.190422922373, 0.271305114031, 0.209901869297, 0.20673032105, 0.21605271101, 0.12241268158, 0.0844093188643, 0.0901238769293, 0.0906373113394, 0.209548294544, 0.352541446686, 0.248275697231, 0.100521661341, 0.0822280496359, 0.0881228819489, 0.143414542079]}, "tuning_equal_tempered_deviation": 0.0414574369788, "chords_changes_rate": 0.0449238568544, "key_key": "C", "tuning_diatonic_strength": 0.599627733231, "key_scale": "major", "chords_number_rate": 0.00279187806882, "tuning_frequency": 440.763122559, "tuning_nontempered_energy_ratio": 0.709951758385, "chords_histogram": [7.233502388, 21.6751270294, 25.2791881561, 4.16243648529, 0.939086318016, 0, 1.5736041069, 0.101522840559, 0.96446698904, 0.101522840559, 1.34517765045, 0, 0, 0, 0, 0.101522840559, 0, 1.39593911171, 0, 10.4822330475, 0.0761421322823, 5.4568529129, 9.28934001923, 9.82233524323], "key_strength": 0.758659005165, "chords_key": "G", "chords_strength": {"dmean2": 0.00934456661344, "median": 0.517623603344, "min": 0.222341790795, "dvar2": 7.5531854236e-05, "dvar": 5.88577822782e-05, "dmean": 0.00852296780795, "max": 0.849233329296, "var": 0.00719272671267, "mean": 0.517003297806}, "chords_scale": "major", "hpcp_entropy": {"dmean2": 1.12786054611, "median": 2.02594709396, "min": 0, "dvar2": 0.831876456738, "dvar": 0.319705337286, "dmean": 0.676812410355, "max": 4.58762931824, "var": 0.698123037815, "mean": 2.04782414436}}, "metadata": {"audio_properties": {"equal_loudness": 0, "codec": "mp3", "downmix": "mix", "sample_rate": 44100, "analysis_sample_rate": 44100, "bit_rate": 128000, "md5_encoded": "207cff844e25799c0161084ad3f0246f", "length": 182.883270264, "replay_gain": -6.0246219635, "lossless": false}, "version": {"essentia_build_sha": "2d9f1f26377add8aeb1075a9c2973f962c4f09fd", "essentia": "2.1-beta2", "extractor": "music 1.0", "essentia_git_sha": "v2.1_beta2-1-ge3940c0"}, "tags": {"title": ["Shaft"], "acoustid_fingerprint": ["AQADtFKSJE8SKUnwksiX48ej8NB3fOHgF9o1IRaFK2g4nMkIP8d1_ME3_EiOPEKz407w49LxeUjPHLo-PFMQSpJWWH3gE5UULQ9iJTp6iGoiDpWn4sLPCHly4dGRi2jOQFOOmNLxHEcziWTQLheuo_hzocKPpw-ueUOeHL-E5jm0D29QhkEziSLq0UHjQx-PH1qeFb0SIhf-GL-E73hTNCPRI4bsBLF8409x9MkyuD7yzB7UtCYq5fhxM_hxJXgYqMqIhxcuNCcl9OKxVjgr_NC63HgPP4bm4gmuYT86RTnS4whFZbgTfNmFK8sxrTycR_BxPC7co8-Pu4e2OUfjY_TxB6a0fHh26B-OjrngOoAY_fihfbi4GI9a4jq6SDUOn6gnnEZfPPgMcb_wHXdwvBD6Ei-boNqIL4G743_gv-hR-WgaHld26D88Dw83obnxHM3kFLqSyEFXkmgeJXh0nHjQZ8Z_PBq0HBcONzziq0TeEH4D9cgl5sEXNFWe4KONawsq50G-piuu44Ki4-I-4g-8Dzp-vEQ1oR6NTeiP9jaeER-uLRAxzXtR_viyU_hxV4Z6-DpSxSI-_EPI8pCZPER-NPmGXsH-AaEFLc1kIr4aPEx0fCiaKT8u5ngW4-mFKTlRMkeO1o9xwYeOC256_HwEiH9Q8lC640EOv8UZXDeuV8GRG9qRKyIq5gl-fCx6KUfT4-HxsQiTkUyEZzqaJwqUD0cb6vDLDR8k_aC44uqRwx-8PkfYfYJyH01DFeGjHL_gHNcWDs2UfAi1xzF0Zg3CHJ3V4bzwafiy5bh89FcQZtKSQ16S4euLXOgf1OrRWMIkHo8cnCNKJR-a6RzxYupChLnwCB-aLU-KKx-aF89R62js4pGOT4f2b3CMPIJPh_DxGk9yHI7zo9NzvHiOE_kDTevQPB9-nOqIsqPQdHhpqNagZyjVF-kPb32MvimOH9eN3ghT6Dp-PMyFMnKFMN1wzziaN6gV4TsuKw7KJUdTIfaEE9q7oany4Md3NDnKRRueiTfOHNrRcFmMo6kOPfmxPUf48GiG8HgS6ItQiUjPB5aWoz-eHg1qZceDmcQVPEcTcWijhBTCzBe058h59IWjzvB3OPkRHj19iFPx40yHB_rRPMVF_ChZiLF03Iku5D8uE2_whniOEz_SovlCJbiyQ8vRS8EPZxnxx_hxKuSgBV2THb9xHg2N_qiNZ6nx42i4Fv-PP7giqGKyHj2J68J3Yhd0wj_CZ8B34dLRb0X44S9O8bigSRSa7sNXHXLbQ5Ph9UTY7ChZB41dXMKlPJilHk8RHw00K8dJFbnCoJxmNCeu4-LRoM86nLzRTEKPK0Yb7mg-4XqQP_gLLR-qZT_-4CyeLES14VLmoGdq7EcoZyF84syQMtImUFeIstBkyfAY4g-c7VHgKseRKweuyIevBWV3ZNeO_qgszFqJc_goNDmPHmeW4BOtYspRcVFxshWaLVOD_lAv45GOR77xo2h-6MmwF08yzUOsZwz6wBd-OId148fIc4W_I_2L54GymJRQ60KeJdkkNMx7VF6K3HiYQ9eF5kH54kpwHjMJXTn-oYnRHz9OaXgVaG-H9IPfD1f2wxEv9MSbpSjRVjgnHGHkrJh5aGESXcEVOgiPptpxnfjEB_GH5keLkxbe5JieI72MHrF-dC3E5UevIfyKH9z1oFmWC_mO6-hZNB_uI2-OSryELw9chVvgg_lLnFmI0DrET7gWhF2OR3JQJRp7-IRDHeFxSTuYLkczJx-Om8JN40wIXYwDpkeYfzhpBady_MJtNEcf4jVyHDqHj8WxGmUPvxdqH1fRHg5V3OiPG9oPH0-OU8JzVD9-nNeGdscTVngOkYOOPnnxishNNEfP4MGuo9KL5sIz48eHMI7G4A2pQPzxHPlAOS6u_Dj6IR-fgc-soT3SvaiTE1-OG1nyfGC-QT_y5EmES3nQR2giZjhY67guPJSQL3mCQ4s1gpV6nPiOFvJ36DaOPhcuKQpmHB_-Qxmv4ITlo8J142-IXjp8tMwMzWKR7kGv45hyBlWWB5eOH6WVKkiWikeeRGjGoxoX4vlxploCNEX4QM-RJ8dnHKG0KTfEKkf6o38Qhhw0fkO9JEZ-7EnE42ieIzpzyOURPkfzTMHJDm-yB224CDMqV4gdhcLR50GTA6UUwcsYE8pD_Mjxw4-RX4dPaJSC7-iFtOpxHz_x6MHxH7knGN8UoakyXNiD9wpRy0izHxceGvzhH8eJlK8gC_6F8NfQFL1wHe1yBT6ewz36hN5wHr0Q5jp0BnmyGnwuo5Qe4oMfCdVxHU-QyzPuQVH2WPjhwR20402I4xf043qFZ8aFJnugncZ7IXymodFE_MZzdJ2MlDEHTepxK0fDQyNz_OjDwjfCW_iN8BSxFTr87If-4etb6LogUxx6OsGFbpIORXmIv4N2OvC0F32D9thGHdqnI59y7LuEXuLRdMc8LXh0hPmR7Hzw9GimLRN64wuJRyt-4hXyo6-DC1fhlWAeHWUGP4pxhkirHP2R50Ez9viUgLcOMSZ6BTfOo-IN5YZvhJZU4DERjzR-aP8xRSMAIogE4gAFCABMIAakYshJzwAQDDgHgHHEAKAsJEooZCRAEjpFABNEEUgMQgQYhIRwBBAoBADWIGSUOBYQgBQjAkqClBAeAAGIIEQhBqAwgAEikBNAEaQEAkAAhQAAzEFikSDOEGCUYsIBKgQAwhLLiCAAECCYAggIARhiSACFABgICCQYAgIoIAQRhhAhADEAGKAUAoQoYRQhBAFAiBJGOCMEMUoQhYgwABEkGDCAOAExRAgAg4TiSAHCjBBiMoAkcII5JRBQwIAALGCAOEGAEUIAgwwxAFAkCBBACCEA0kYA6pwBAjhkEAGMIMEMQIAJwJBBBABAkEMCAEIgEIgIBYBDGAhmqAXCCAaIEogIpJhBCAAiBEVGEIQAIJAAoIRiximoDBBEESGAAEwIIhhzBAFnBABEACQYM8xRgYQRjjLEGGCAMGEIY4oSAQQEjijhnBACGmEMI04YAQAoDgBBmBKAGEKIIFggQgRxTADHBBGCAGaEIsIYQARDBDJDhEKMAGSoA8Y8AQwzgigBrAIQOSEEYNYZR4AgwDDDgABGAYKAcBAQZBBDAhgABBAIACMEcUUgCw0QQAJFkBAIOMEAAMYhAoBQiBABCCCACSKMQQoJRQQFxCEBggDAE0cAUgYhQR1DiCMghAMEKCcwVIQYQ4ggACDFLACEGSDFMMIwAh1RgFGCBBGGCKIIQEIKR5AyhgjFhBRGEDI4YMAREogwjwilHIHCACKwUMopAayBwAhABEEQIcA4UAIxpagiiARkEBIEESCoApY4IZ4CyABjmGLCAKiIKsQpxQ0RgAgmmCDSCYAAQswQLggGSCACsRDCOASZkY4JIy2gEBkEBGNAEKGgEEIRAAAFAiiCjAMCIAMAMcIQQIhAAAoAgDJAIGkEMMQg4JyjCDkhRCIAMCCMMg4QQM1gwBnFDBAK"], "date": ["1992"], "genre": ["Reggae"], "musicbrainz album type": ["Album"], "musicip_puid": ["9524d88f-c330-d72b-7c56-03f432aa937f"], "musicbrainz_recordingid": ["05b529c1-0ff3-4faf-9ea6-af50c2b2f7d4"], "musicbrainz_albumid": ["22476c4b-2dc0-42c5-8a5d-641e0d461de1"], "artist": ["Dread Zeppelin"], "tracknumber": ["04"], "bpm": ["120.01"], "album": ["It's Not Unusual"], "musicbrainz album release country": ["United States"], "acoustid_id": ["0c4d21fb-53cc-4fb3-82d9-b451e43145e3"], "file_name": "Dread Zeppelin - Shaft.mp3"}}, "rhythm": {"bpm_histogram_first_peak_bpm": {"dmean2": 0, "median": 120, "min": 120, "dvar2": 0, "dvar": 0, "dmean": 0, "max": 120, "var": 0, "mean": 120}, "bpm": 120.010414124, "bpm_histogram_second_peak_spread": {"dmean2": 0, "median": 0.444444447756, "min": 0.444444447756, "dvar2": 0, "dvar": 0, "dmean": 0, "max": 0.444444447756, "var": 0, "mean": 0.444444447756}, "bpm_histogram_first_peak_weight": {"dmean2": 0, "median": 0.716253459454, "min": 0.716253459454, "dvar2": 0, "dvar": 0, "dmean": 0, "max": 0.716253459454, "var": 0, "mean": 0.716253459454}, "onset_rate": 4.78940868378, "beats_position": [0.522448956966, 1.05650794506, 1.6137868166, 2.13623571396, 2.6470746994, 3.14630389214, 3.64553284645, 4.14476203918, 4.6439909935, 5.14321994781, 5.64244890213, 6.14167785645, 6.64090681076, 7.14013576508, 7.63936471939, 8.13859367371, 8.63782310486, 9.13705158234, 9.63628101349, 10.1355104446, 10.6463489532, 11.1455783844, 11.6448068619, 12.144036293, 12.6432647705, 13.1424942017, 13.6417226791, 14.1409521103, 14.6517915726, 15.15102005, 15.6502494812, 16.1494789124, 16.6487064362, 17.1479358673, 17.6471652985, 18.1463947296, 18.6456241608, 19.1448516846, 19.6440811157, 20.1433105469, 20.642539978, 21.1417675018, 21.640996933, 22.1402263641, 22.6394557953, 23.1386852264, 23.6379127502, 24.1371421814, 24.6363716125, 25.1472110748, 25.6464385986, 26.1456680298, 26.6448974609, 27.1441268921, 27.6433563232, 28.142583847, 28.6418132782, 29.1410427094, 29.6518821716, 30.1511096954, 30.6503391266, 31.1495685577, 31.6487979889, 32.1480255127, 32.6472549438, 33.146484375, 33.6457138062, 34.1449432373, 34.6441726685, 35.1434020996, 35.6426315308, 36.1418571472, 36.6410865784, 37.1403160095, 37.6395454407, 38.1503829956, 38.6496124268, 39.1488418579, 39.6480712891, 40.1473007202, 40.6465301514, 41.1457595825, 41.6449890137, 42.1442184448, 42.6434440613, 43.1426734924, 43.6419029236, 44.1411323547, 44.6519737244, 45.1511993408, 45.650428772, 46.1496582031, 46.6488876343, 47.1481170654, 47.6473464966, 48.1465759277, 48.6458053589, 49.14503479, 49.6442604065, 50.1434898376, 50.6427192688, 51.1419487, 51.6411781311, 52.1404075623, 52.6396369934, 53.1388664246, 53.6380958557, 54.1373214722, 54.6365509033, 55.1357803345, 55.6350097656, 56.1458511353, 56.6450767517, 57.1443061829, 57.643535614, 58.1427650452, 58.6419944763, 59.1412239075, 59.6404533386, 60.1396827698, 60.6389122009, 61.1381378174, 61.6373672485, 62.1365966797, 62.6474380493, 63.1466636658, 63.6458930969, 64.1451263428, 64.6443557739, 65.1435852051, 65.6428070068, 66.142036438, 66.6412658691, 67.1404953003, 67.6397247314, 68.1389541626, 68.6381835938, 69.1490249634, 69.6482543945, 70.1474838257, 70.6467132568, 71.145942688, 71.6451721191, 72.1444015503, 72.6436233521, 73.1428527832, 73.6536941528, 74.152923584, 74.6521530151, 75.1513824463, 75.6506118774, 76.1498413086, 76.6490707397, 77.1483001709, 77.6475296021, 78.1351470947, 78.6227645874, 79.1219940186, 79.6212234497, 80.1204528809, 80.6312942505, 81.1305236816, 81.6413574219, 82.140586853, 82.6398162842, 83.1506576538, 83.6382751465, 84.1375045776, 84.6367340088, 85.1359634399, 85.6351928711, 86.1228103638, 86.6104278564, 87.1212692261, 87.6088867188, 88.1197280884, 88.6305618286, 89.1297912598, 89.6290206909, 90.1282501221, 90.6274795532, 91.1267089844, 91.6259384155, 92.1251678467, 92.6243972778, 93.123626709, 93.6228561401, 94.1220855713, 94.6213150024, 95.1205444336, 95.6197738647, 96.1190032959, 96.6182327271, 97.1174621582, 97.61668396, 98.1159133911, 98.6151428223, 99.1259841919, 99.6136016846, 100.124443054, 100.635284424, 101.134513855, 101.622131348, 102.121360779, 102.608978271, 103.119819641, 103.619049072, 104.129882813, 104.629112244, 105.139953613, 105.627571106, 106.126800537, 106.626029968, 107.136871338, 107.647705078, 108.146934509, 108.64616394, 109.133781433, 109.621406555, 110.120635986, 110.619865417, 111.10748291, 111.61831665, 112.105941772, 112.593559265, 113.104400635, 113.615234375, 114.126075745, 114.625305176, 115.124534607, 115.635368347, 116.134597778, 116.633827209, 117.121452332, 117.609069824, 118.119903564, 118.630744934, 119.129974365, 119.629203796, 120.116821289, 120.627662659, 121.12689209, 121.626121521, 122.125350952, 122.624580383, 123.123809814, 123.623039246, 124.133872986, 124.621498108, 125.12071991, 125.619949341, 126.107574463, 126.618408203, 127.129249573, 127.640090942, 128.139312744, 128.638549805, 129.126159668, 129.61378479, 130.113006592, 130.612243652, 131.111465454, 131.610702515, 132.109924316, 132.609161377, 133.108383179, 133.607620239, 134.106842041, 134.606079102, 135.093688965, 135.604537964, 136.115371704, 136.626205444, 137.137054443, 137.647888184, 138.158721924, 138.657958984, 139.157180786, 139.656417847, 140.155639648, 140.654876709, 141.154098511, 141.653335571, 142.152557373, 142.651794434, 143.151016235, 143.650253296, 144.149475098, 144.648712158, 145.14793396, 145.647155762, 146.146392822, 146.645614624, 147.144851685, 147.644073486, 148.143310547, 148.654144287, 149.153381348, 149.652603149, 150.15184021, 150.651062012, 151.150299072, 151.649520874, 152.160354614, 152.659591675, 153.158813477, 153.669662476, 154.157272339, 154.644897461, 155.144119263, 155.643356323, 156.154190063, 156.653427124, 157.152648926, 157.663482666, 158.151107788, 158.63873291, 159.14956665, 159.660400391, 160.159637451, 160.658859253, 161.158096313, 161.657318115, 162.144943237, 162.632553101, 163.1434021, 163.65423584, 164.1534729, 164.652694702, 165.163528442, 165.674377441, 166.208435059, 166.730880737, 167.253326416, 167.775772095, 168.263397217, 168.751022339, 169.238632202, 169.714645386, 170.190658569, 170.666656494, 171.154281616, 171.653518677, 172.152740479, 172.65196228, 173.151199341, 173.650421143, 174.149658203, 174.648880005, 175.148117065, 175.647338867, 176.146575928, 176.645797729, 177.14503479, 177.65586853, 178.155105591, 178.654327393, 179.153549194, 179.652786255, 180.163619995, 180.674468994, 181.196914673, 181.73097229, 182.265029907], "beats_loudness": {"dmean2": 0.0174137186259, "median": 0.0266790241003, "min": 9.17151628528e-05, "dvar2": 0.000208383411518, "dvar": 6.80115699652e-05, "dmean": 0.00977885629982, "max": 0.0639394894242, "var": 0.000162882934092, "mean": 0.0259753577411}, "danceability": 1.21734845638, "bpm_histogram_second_peak_weight": {"dmean2": 0, "median": 0.0137741044164, "min": 0.0137741044164, "dvar2": 0, "dvar": 0, "dmean": 0, "max": 0.0137741044164, "var": 0, "mean": 0.0137741044164}, "beats_count": 364, "bpm_histogram_second_peak_bpm": {"dmean2": 0, "median": 115, "min": 115, "dvar2": 0, "dvar": 0, "dmean": 0, "max": 115, "var": 0, "mean": 115}, "bpm_histogram_first_peak_spread": {"dmean2": 0, "median": 0.257142871618, "min": 0.257142871618, "dvar2": 0, "dvar": 0, "dmean": 0, "max": 0.257142871618, "var": 0, "mean": 0.257142871618}, "beats_loudness_band_ratio": {"dmean2": [0.468864202499, 0.168540656567, 0.142578139901, 0.0565084628761, 0.131221503019, 0.302201509476], "median": [0.549718022346, 0.0985898822546, 0.0909596979618, 0.0411797389388, 0.0870224833488, 0.0731079727411], "min": [0.000262584391749, 0.000398013769882, 0.000119500436995, 0.000164958401001, 0.000235584157053, 0.000726419326384], "dvar2": [0.155577942729, 0.0283051766455, 0.0277710538357, 0.00470187328756, 0.00852450821549, 0.102155759931], "dvar": [0.0437514819205, 0.0109003204852, 0.0103749278933, 0.00170519808307, 0.00282571930438, 0.0295585487038], "dmean": [0.249278724194, 0.100227743387, 0.0815964713693, 0.0320876389742, 0.0717732906342, 0.157812774181], "max": [0.973204791546, 0.899005770683, 0.808460593224, 0.487781614065, 0.378329455853, 0.992192924023], "var": [0.0715775191784, 0.016154229641, 0.0159701667726, 0.00202058930881, 0.0047613652423, 0.032623630017], "mean": [0.482338398695, 0.132712766528, 0.124273434281, 0.0508641339839, 0.0984044671059, 0.154580876231]}}, "lowlevel": {"barkbands_spread": {"dmean2": 12.7260522842, "median": 34.8790740967, "min": 0.224501401186, "dvar2": 163.757171631, "dvar": 81.1611099243, "dmean": 8.59510993958, "max": 116.071166992, "var": 304.598388672, "mean": 35.7774543762}, "melbands_spread": {"dmean2": 19.031332016, "median": 34.5170516968, "min": 0.389843016863, "dvar2": 501.359466553, "dvar": 241.227279663, "dmean": 12.8534536362, "max": 272.070556641, "var": 733.948303223, "mean": 39.3506774902}, "hfc": {"dmean2": 13.0942678452, "median": 17.4170818329, "min": 1.22641754849e-16, "dvar2": 533.846130371, "dvar": 252.039001465, "dmean": 9.40267276764, "max": 200.24597168, "var": 492.627532959, "mean": 21.9736595154}, "barkbands_kurtosis": {"dmean2": 5.09216785431, "median": -0.1721201092, "min": -1.90931630135, "dvar2": 658.637634277, "dvar": 232.869033813, "dmean": 3.11987757683, "max": 689.709899902, "var": 207.147705078, "mean": 3.05082559586}, "gfcc": {"mean": [-1.80178630352, 52.608669281, -111.898323059, 36.87915802, -56.5336532593, 7.16304063797, -35.3975830078, 13.3103160858, -25.0414066315, 9.27408123016, -17.7674770355, 4.71487522125, -12.9372653961], "icov": [[0.000193173545995, -0.000202774303034, 0.000254674174357, -0.000256484432612, 0.000161093412316, -0.000173277425347, 0.000262627727352, -0.000438106391812, 0.000267830357188, -0.00032832584111, 0.000814193859696, -0.000590750598349, 0.000689910375513], [-0.000202774303034, 0.00138992641587, -0.00021536766144, 0.000488973106258, -0.000957842974458, 0.00131126900669, -0.00100539263804, 0.000525184266735, -0.000792896607891, 0.00134354480542, -0.00250349682756, 0.00276683457196, -0.00193442078307], [0.000254674174357, -0.00021536766144, 0.00214056717232, -0.000243007903919, 4.97503333463e-06, -0.00120677996892, 0.00105063302908, -0.000366104039131, 0.000228077493375, -0.000650151574519, 0.00106621580198, -0.00181224779226, 0.00125913880765], [-0.000256484432612, 0.000488973106258, -0.000243007903919, 0.00284213293344, -0.00118563394062, -0.000668290653266, 6.70759836794e-05, 0.000964162871242, -0.000799631001428, 0.00122135470156, -0.0023349004332, 0.00267880619504, -0.00251607364044], [0.000161093412316, -0.000957842974458, 4.97503333463e-06, -0.00118563394062, 0.00542952073738, -0.00168080138974, -0.00157771655358, -0.000678249751218, -0.000784644566011, 0.00100118340924, 0.00105924310628, -0.00306857726537, 0.00179723626934], [-0.000173277425347, 0.00131126900669, -0.00120677996892, -0.000668290653266, -0.00168080138974, 0.00802777055651, -0.00191782368347, -0.00199350947514, 0.000846419832669, 0.000689623004291, -0.00174556334969, 0.00156607711688, -0.00239858892746], [0.000262627727352, -0.00100539263804, 0.00105063302908, 6.70759836794e-05, -0.00157771655358, -0.00191782368347, 0.0088924979791, -0.00273279915564, -0.0015068523353, -0.000180177463335, 0.000731118139811, -3.78501390514e-05, 0.00259754084982], [-0.000438106391812, 0.000525184266735, -0.000366104039131, 0.000964162871242, -0.000678249751218, -0.00199350947514, -0.00273279915564, 0.0128963347524, -0.00439013820142, -0.00221460592002, 0.00210449937731, -0.000875873374753, -0.000144200268551], [0.000267830357188, -0.000792896607891, 0.000228077493375, -0.000799631001428, -0.000784644566011, 0.000846419832669, -0.0015068523353, -0.00439013820142, 0.0132289640605, -0.00456210691482, -0.00190011516679, 0.000179444352398, 0.00131055852398], [-0.00032832584111, 0.00134354480542, -0.000650151574519, 0.00122135470156, 0.00100118340924, 0.000689623004291, -0.000180177463335, -0.00221460592002, -0.00456210691482, 0.0152778839692, -0.00623851269484, 0.00124496349599, 0.0013249082258], [0.000814193859696, -0.00250349682756, 0.00106621580198, -0.0023349004332, 0.00105924310628, -0.00174556334969, 0.000731118139811, 0.00210449937731, -0.00190011516679, -0.00623851269484, 0.0216335058212, -0.0112869748846, 0.00186528649647], [-0.000590750598349, 0.00276683457196, -0.00181224779226, 0.00267880619504, -0.00306857726537, 0.00156607711688, -3.78501390514e-05, -0.000875873374753, 0.000179444352398, 0.00124496349599, -0.0112869748846, 0.0214104447514, -0.00659400317818], [0.000689910375513, -0.00193442078307, 0.00125913880765, -0.00251607364044, 0.00179723626934, -0.00239858892746, 0.00259754084982, -0.000144200268551, 0.00131055852398, 0.0013249082258, 0.00186528649647, -0.00659400317818, 0.0155836949125]], "cov": [[9877.15136719, 97.1396789551, -793.996643066, 101.687095642, -113.206550598, -5.95421218872, 23.0736083984, 349.497009277, -37.6200370789, 109.031700134, -341.738830566, -114.365959167, -346.710998535], [97.1396789551, 2150.80053711, -344.501312256, 187.307388306, 306.032348633, -187.052749634, 237.232330322, -80.5319137573, 132.114959717, -144.08770752, 129.14225769, -155.926986694, 136.089004517], [-793.996643066, -344.501312256, 707.63482666, -11.7475738525, 20.147354126, 121.655220032, -61.6760787964, 21.1829814911, -8.65415763855, 38.2111434937, 16.8778095245, 82.5752029419, -9.40761470795], [101.687095642, 187.307388306, -11.7475738525, 610.897277832, 150.336288452, 96.5276412964, 17.6979312897, -39.3538246155, 12.1511363983, -66.8875427246, 47.4873008728, -26.1634063721, 100.446083069], [-113.206550598, 306.032348633, 20.147354126, 150.336288452, 358.249328613, 87.4084625244, 137.781097412, 50.435634613, 74.3642730713, -22.1643028259, 40.9420280457, 13.3188419342, 11.6486167908], [-5.95421218872, -187.052749634, 121.655220032, 96.5276412964, 87.4084625244, 221.407241821, 44.3006477356, 58.2634544373, 11.2185354233, 10.063536644, 6.28463697433, 26.2810153961, 8.52158641815], [23.0736083984, 237.232330322, -61.6760787964, 17.6979312897, 137.781097412, 44.3006477356, 223.388870239, 75.2261505127, 81.7081222534, 13.452837944, 17.4493541718, -18.0915851593, -27.1023540497], [349.497009277, -80.5319137573, 21.1829814911, -39.3538246155, 50.435634613, 58.2634544373, 75.2261505127, 158.416503906, 67.4185638428, 55.0082092285, -11.1103878021, 12.8574790955, -45.0328445435], [-37.6200370789, 132.114959717, -8.65415763855, 12.1511363983, 74.3642730713, 11.2185354233, 81.7081222534, 67.4185638428, 145.40927124, 51.4457550049, 36.3702774048, 1.3299664259, -19.5119991302], [109.031700134, -144.08770752, 38.2111434937, -66.8875427246, -22.1643028259, 10.063536644, 13.452837944, 55.0082092285, 51.4457550049, 122.470024109, 21.3209781647, 22.3226490021, -42.0730209351], [-341.738830566, 129.14225769, 16.8778095245, 47.4873008728, 40.9420280457, 6.28463697433, 17.4493541718, -11.1103878021, 36.3702774048, 21.3209781647, 102.918510437, 35.9036102295, 28.6993045807], [-114.365959167, -155.926986694, 82.5752029419, -26.1634063721, 13.3188419342, 26.2810153961, -18.0915851593, 12.8574790955, 1.3299664259, 22.3226490021, 35.9036102295, 96.7025527954, 15.0661993027], [-346.710998535, 136.089004517, -9.40761470795, 100.446083069, 11.6486167908, 8.52158641815, -27.1023540497, -45.0328445435, -19.5119991302, -42.0730209351, 28.6993045807, 15.0661993027, 125.616355896]]}, "spectral_energyband_middle_low": {"dmean2": 0.00455044955015, "median": 0.00490139517933, "min": 4.40251129057e-22, "dvar2": 7.04256963218e-05, "dvar": 2.6293024348e-05, "dmean": 0.00281293014996, "max": 0.0843904092908, "var": 5.41730514669e-05, "mean": 0.00695361755788}, "melbands_crest": {"dmean2": 5.07363557816, "median": 11.9495668411, "min": 2.50890374184, "dvar2": 20.0685272217, "dvar": 8.25424289703, "dmean": 3.11456394196, "max": 32.6628837585, "var": 28.1192073822, "mean": 12.840221405}, "spectral_kurtosis": {"dmean2": 1.93175768852, "median": 3.05416822433, "min": -1.16819655895, "dvar2": 7.38405370712, "dvar": 2.85433197021, "dmean": 1.20434558392, "max": 36.7363624573, "var": 5.60497999191, "mean": 3.30105996132}, "spectral_rms": {"dmean2": 0.00107031397056, "median": 0.00377968419343, "min": 3.26754422131e-12, "dvar2": 1.58895397817e-06, "dvar": 6.5957044626e-07, "dmean": 0.000704512640368, "max": 0.00998845789582, "var": 2.64674167738e-06, "mean": 0.00371852470562}, "zerocrossingrate": {"dmean2": 0.02189007774, "median": 0.09130859375, "min": 0.00390625, "dvar2": 0.00048541664728, "dvar": 0.000497632659972, "dmean": 0.0204675812274, "max": 0.57373046875, "var": 0.00496591348201, "mean": 0.105151966214}, "silence_rate_60dB": {"dmean2": 0.0777044221759, "median": 0, "min": 0, "dvar2": 0.0848749876022, "dvar": 0.0373389236629, "dmean": 0.0388472750783, "max": 1, "var": 0.113361120224, "mean": 0.130363032222}, "erbbands_kurtosis": {"dmean2": 1.79240345955, "median": -0.489242494106, "min": -1.87652373314, "dvar2": 34.3974189758, "dvar": 14.0153064728, "dmean": 1.15145266056, "max": 107.856010437, "var": 18.6304645538, "mean": 0.491598784924}, "erbbands": {"dmean2": [0.101168312132, 1.15415549278, 1.77131080627, 2.82493424416, 5.0541882515, 7.86946630478, 7.61092185974, 10.7147359848, 13.9431858063, 13.2084255219, 11.4129648209, 23.0522384644, 18.7731285095, 10.6036396027, 9.16351509094, 11.4897861481, 14.3453388214, 18.3144397736, 15.5484142303, 23.8800010681, 17.0756797791, 22.9902534485, 21.7085075378, 28.0868606567, 23.899438858, 26.4371852875, 20.6738529205, 16.3068981171, 12.1615343094, 8.73571205139, 4.51116275787, 2.49703645706, 2.57380652428, 1.46727049351, 0.835957586765, 0.260978132486, 0.135945498943, 0.059694737196, 0.00118702603504, 3.6773039028e-05], "median": [0.0263891238719, 0.375376582146, 0.669375538826, 0.899479031563, 1.68763589859, 1.98873722553, 2.93801450729, 5.28087615967, 7.21523618698, 5.92091846466, 4.88013553619, 7.97774457932, 11.4105768204, 5.73433494568, 4.8389005661, 5.67436981201, 8.16644096375, 8.64208602905, 10.0113620758, 9.07195472717, 12.0534343719, 15.013461113, 15.4179897308, 16.6567497253, 14.6706705093, 14.4415464401, 9.65261173248, 5.95427894592, 5.09711360931, 3.51040744781, 2.08611392975, 1.1725165844, 1.19050467014, 0.622758805752, 0.414927631617, 0.117307037115, 0.0723242461681, 0.0221988670528, 0.000451853498816, 4.01051729568e-05], "min": [3.94068737797e-22, 8.71617175112e-21, 2.04974725712e-20, 2.70943090421e-20, 2.04873134362e-19, 4.90697498039e-19, 3.14732891445e-19, 1.72343584689e-19, 5.18410013114e-19, 1.31949390452e-18, 2.86627222595e-18, 2.43139235866e-18, 1.03960659092e-18, 2.12310731424e-18, 4.55408008554e-18, 2.65476917436e-18, 5.48674980084e-18, 2.21349830286e-18, 4.56424158577e-18, 4.46938340826e-18, 6.37984264614e-18, 8.61485116045e-18, 1.47139532562e-17, 1.14216395878e-17, 1.353640127e-17, 1.92839888286e-17, 1.45829824411e-17, 1.64261211712e-17, 1.71158706881e-17, 2.12451182556e-17, 1.73510894214e-17, 1.52830022324e-17, 1.67797855508e-17, 1.42337500952e-17, 8.91754632508e-18, 5.26009073247e-18, 3.56257425404e-18, 1.49396077137e-18, 3.73785237827e-19, 4.13391169006e-20], "dvar2": [0.033199544996, 4.05554103851, 12.1799516678, 42.2475547791, 83.1938247681, 430.688598633, 322.993835449, 995.956359863, 1457.29382324, 2733.35449219, 1283.43920898, 4720.72558594, 1571.61828613, 1480.34509277, 484.818267822, 594.511535645, 864.587768555, 1477.6439209, 1006.65484619, 2974.60717773, 901.784667969, 2661.39428711, 1579.60021973, 3812.69506836, 2945.88793945, 3958.93237305, 2633.67626953, 2053.88330078, 870.13293457, 242.292098999, 53.0015678406, 17.348110199, 13.7686195374, 5.35560417175, 2.18232154846, 0.18210157752, 0.0333949886262, 0.00644070794806, 2.70365330834e-06, 1.9153747477e-09], "dvar": [0.0133016500622, 1.43693828583, 4.34193897247, 15.2509737015, 31.8585357666, 155.727767944, 117.697463989, 387.124633789, 558.40246582, 997.866699219, 523.77331543, 1666.70043945, 714.843017578, 594.783447266, 191.540756226, 267.762695313, 348.514801025, 559.419799805, 377.559051514, 1160.77514648, 368.046539307, 1024.28491211, 654.834777832, 1547.51477051, 1296.78857422, 1866.7590332, 1229.40380859, 923.102661133, 382.881164551, 101.664787292, 24.3105506897, 8.21470451355, 6.61104202271, 2.73694181442, 1.00527608395, 0.0913044512272, 0.0175382625312, 0.00294199679047, 1.22179096707e-06, 8.88167428492e-10], "dmean": [0.0611943416297, 0.689875781536, 1.04219353199, 1.65742456913, 3.02571177483, 4.52902078629, 4.51802825928, 6.61721372604, 8.82277584076, 8.14824676514, 7.14309453964, 14.4355096817, 12.0834264755, 6.74051761627, 5.75645399094, 7.35221624374, 8.8529253006, 11.0986223221, 9.58487892151, 14.661242485, 10.7614202499, 14.4310560226, 13.7682695389, 17.854183197, 15.4014539719, 17.4286403656, 13.9359331131, 11.0050601959, 8.05352687836, 5.65701150894, 3.03163266182, 1.7614543438, 1.73634302616, 1.02406644821, 0.580090582371, 0.182113587856, 0.0951207503676, 0.0398877561092, 0.000794683524873, 2.54219576163e-05], "max": [1.6113089323, 15.0162439346, 38.97813797, 65.5122680664, 128.684234619, 154.148925781, 154.455780029, 563.226135254, 885.742004395, 1319.84667969, 509.887695313, 1423.92321777, 936.274169922, 1080.97570801, 485.557159424, 494.301239014, 525.098449707, 452.998809814, 755.574279785, 676.574645996, 597.61895752, 1259.5880127, 505.042694092, 1201.83679199, 1029.47961426, 1358.74951172, 467.802429199, 388.94140625, 376.933319092, 171.693511963, 85.2461013794, 49.577041626, 23.6695137024, 17.4080410004, 12.5682859421, 3.96611762047, 1.35436332226, 0.512029111385, 0.0114531172439, 0.000283077795757], "var": [0.0179002135992, 1.58194541931, 4.72640752792, 14.7196340561, 60.2232322693, 144.689926147, 135.459014893, 546.289428711, 884.770751953, 1312.58703613, 907.106384277, 3292.6184082, 1399.26501465, 817.728027344, 339.866607666, 586.963439941, 654.031677246, 858.482177734, 583.680175781, 1733.95056152, 678.065856934, 1386.89611816, 1055.87426758, 2452.36279297, 2022.05200195, 3028.51708984, 1818.41601563, 1253.62719727, 517.780639648, 123.876464844, 34.5878067017, 12.8873682022, 9.62077140808, 4.60142040253, 1.62936162949, 0.178064078093, 0.0412583872676, 0.00505386572331, 2.06751246878e-06, 1.73025593853e-09], "mean": [0.0789709240198, 0.805425703526, 1.4015185833, 2.08751702309, 4.60828542709, 5.79337835312, 7.04281044006, 11.972776413, 15.6731500626, 13.6148490906, 12.2760210037, 28.39320755, 22.8782806396, 11.9166078568, 9.80899143219, 12.8196554184, 15.1175603867, 17.6062297821, 16.7166175842, 21.9554138184, 19.6581954956, 26.2456703186, 24.5718650818, 30.6523342133, 26.6173686981, 28.4273262024, 21.388885498, 15.601849556, 11.4131660461, 7.23306846619, 4.27323770523, 2.58532047272, 2.36158657074, 1.50256478786, 0.878479897976, 0.29473015666, 0.156618207693, 0.0533623956144, 0.00106284359936, 5.02572765981e-05]}, "spectral_strongpeak": {"dmean2": 0.705271542072, "median": 0.371311813593, "min": 0, "dvar2": 1.3820027113, "dvar": 0.528129160404, "dmean": 0.40805542469, "max": 9.35803604126, "var": 0.650515198708, "mean": 0.64746004343}, "spectral_energy": {"dmean2": 0.0101531352848, "median": 0.0146431624889, "min": 1.09437667173e-20, "dvar2": 0.000214136001887, "dvar": 8.43371090014e-05, "dmean": 0.00645375624299, "max": 0.102263517678, "var": 0.000179130089236, "mean": 0.0168859958649}, "average_loudness": 0.793490409851, "spectral_rolloff": {"dmean2": 1504.00878906, "median": 2497.8515625, "min": 21.533203125, "dvar2": 3479321, "dvar": 1962553.625, "dmean": 971.566711426, "max": 18949.21875, "var": 7097578, "mean": 3024.51611328}, "spectral_centroid": {"dmean2": 449.424133301, "median": 2052.45019531, "min": 142.148254395, "dvar2": 202786.15625, "dvar": 113734.320313, "dmean": 313.86340332, "max": 10798.3759766, "var": 682764.8125, "mean": 2023.72790527}, "pitch_salience": {"dmean2": 0.114385701716, "median": 0.571711778641, "min": 0.0684473216534, "dvar2": 0.0116754360497, "dvar": 0.00471136718988, "dmean": 0.0729437097907, "max": 0.878427565098, "var": 0.0169334132224, "mean": 0.556438326836}, "spectral_energyband_middle_high": {"dmean2": 0.00225353753194, "median": 0.00340195652097, "min": 1.34720216414e-21, "dvar2": 1.37176120916e-05, "dvar": 6.12906478636e-06, "dmean": 0.00151265854947, "max": 0.0461423993111, "var": 1.59960582096e-05, "mean": 0.00412709917873}, "spectral_contrast_coeffs": {"dmean2": [0.0879726931453, 0.0746051743627, 0.0631349533796, 0.0510340221226, 0.0376309603453, 0.041338969022], "median": [-0.669988870621, -0.734321594238, -0.751657009125, -0.787695527077, -0.788964629173, -0.753083229065], "min": [-0.952959537506, -0.97763222456, -0.95415776968, -0.964787065983, -0.956030666828, -0.955007851124], "dvar2": [0.00546295614913, 0.00358320795931, 0.00254606152885, 0.00154620443936, 0.000884880253579, 0.00158319307957], "dvar": [0.0020901937969, 0.00138953852002, 0.00100219598971, 0.000589386792853, 0.000367989210645, 0.000742350763176], "dmean": [0.0534831769764, 0.0461482517421, 0.0392625816166, 0.0314510017633, 0.0232380088419, 0.026640387252], "max": [-0.32926774025, -0.483090430498, -0.45854100585, -0.60389983654, -0.615108251572, -0.538941144943], "var": [0.00768495537341, 0.00550969876349, 0.00494560366496, 0.00226140348241, 0.00171257322654, 0.0030396268703], "mean": [-0.660409748554, -0.73302936554, -0.751147389412, -0.786364793777, -0.78716892004, -0.750338554382]}, "melbands_skewness": {"dmean2": 1.25632989407, "median": 2.08251953125, "min": -2.96310544014, "dvar2": 2.54261279106, "dvar": 1.02749419212, "dmean": 0.806858539581, "max": 17.4835853577, "var": 2.91711378098, "mean": 2.43257379532}, "spectral_spread": {"dmean2": 1177173.375, "median": 4834184, "min": 1642991, "dvar2": 1811549650940.0, "dvar": 1061189189630.0, "dmean": 837035.6875, "max": 38953672, "var": 3998490558460.0, "mean": 5320224.5}, "dissonance": {"dmean2": 0.0207352526486, "median": 0.478629767895, "min": 0.0707738548517, "dvar2": 0.000475280918181, "dvar": 0.000198055335204, "dmean": 0.0127054583281, "max": 0.500000059605, "var": 0.000501189555507, "mean": 0.473608613014}, "spectral_skewness": {"dmean2": 0.321120858192, "median": 1.25585246086, "min": -0.00599732249975, "dvar2": 0.130187213421, "dvar": 0.0563827417791, "dmean": 0.206086367369, "max": 4.52362060547, "var": 0.150380402803, "mean": 1.25764226913}, "spectral_flux": {"dmean2": 0.0293244533241, "median": 0.0641409978271, "min": 1.04612457585e-10, "dvar2": 0.00101072678808, "dvar": 0.000505260657519, "dmean": 0.0193283110857, "max": 0.254455298185, "var": 0.00162137974985, "mean": 0.0703885108232}, "spectral_contrast_valleys": {"dmean2": [0.767920553684, 0.65295535326, 0.594733119011, 0.522500693798, 0.471562504768, 0.620553851128], "median": [-7.48941421509, -6.93933105469, -7.57656955719, -7.6326212883, -7.04929447174, -9.64307022095], "min": [-27.3824081421, -27.3010978699, -27.7339782715, -27.1188049316, -27.3298587799, -27.3039684296], "dvar2": [0.444748520851, 0.370887041092, 0.315360456705, 0.264370113611, 0.276052564383, 0.506240904331], "dvar": [0.205569028854, 0.176361590624, 0.157030582428, 0.14567913115, 0.159643128514, 0.277973383665], "dmean": [0.478247195482, 0.418525129557, 0.387234330177, 0.357207387686, 0.344247072935, 0.48052406311], "max": [-5.35326862335, -4.48029708862, -5.36835098267, -6.00462436676, -5.15878772736, -8.02536964417], "var": [1.41155338287, 1.3072732687, 1.18915259838, 1.08029568195, 1.24271678925, 1.39931750298], "mean": [-7.75922870636, -7.16328334808, -7.77909994125, -7.85378265381, -7.30313158035, -9.86888694763]}, "erbbands_flatness_db": {"dmean2": 0.0285976845771, "median": 0.127945050597, "min": 0.037108886987, "dvar2": 0.000776098459028, "dvar": 0.000370107823983, "dmean": 0.0199413076043, "max": 0.357092559338, "var": 0.00160689139739, "mean": 0.133914530277}, "spectral_energyband_high": {"dmean2": 0.00131381989922, "median": 0.00088943564333, "min": 8.18143906699e-21, "dvar2": 7.05561751602e-06, "dvar": 3.38734366778e-06, "dmean": 0.000945096311625, "max": 0.025040268898, "var": 5.46517958355e-06, "mean": 0.00155696843285}, "spectral_entropy": {"dmean2": 0.239136636257, "median": 7.91298866272, "min": 4.58602285385, "dvar2": 0.0912435501814, "dvar": 0.0467736721039, "dmean": 0.171848729253, "max": 9.7885389328, "var": 0.172172293067, "mean": 7.85577630997}, "silence_rate_20dB": {"dmean2": 0, "median": 1, "min": 1, "dvar2": 0, "dvar": 0, "dmean": 0, "max": 1, "var": 0, "mean": 1}, "melbands_flatness_db": {"dmean2": 0.0459364652634, "median": 0.135889321566, "min": 0.00658335210755, "dvar2": 0.00209167436697, "dvar": 0.000998343806714, "dmean": 0.0312787368894, "max": 0.628116488457, "var": 0.0058854422532, "mean": 0.1525003016}, "barkbands": {"dmean2": [0.000104585640656, 0.0045487950556, 0.00140808930155, 0.00121905258857, 0.00207398808561, 0.00116870854981, 0.000960053061135, 0.000514386920258, 0.000885655230377, 0.000546540424693, 0.000262517627561, 0.000239812274231, 0.000311743293423, 0.000392439804273, 0.000410680193454, 0.000282097724266, 0.000490274396725, 0.000406724313507, 0.00052833755035, 0.000540376349818, 0.000464520329842, 0.000312225194648, 0.000185541663086, 0.000135933601996, 0.000121105877042, 7.5813899457e-05, 1.65216952155e-05], "median": [1.22767633002e-05, 0.00162412854843, 0.000359187019058, 0.000302847533021, 0.000744392396882, 0.000640320591629, 0.000499914982356, 0.000171204097569, 0.000299902923871, 0.000303290144075, 0.00010154255142, 9.10806265892e-05, 0.000153259199578, 0.000151145286509, 0.000195910572074, 0.000139382187626, 0.00029123929562, 0.000266238872427, 0.000323914631736, 0.000293162243906, 0.000189294602023, 0.000136463961098, 8.51020595292e-05, 6.68669454171e-05, 5.86059613852e-05, 4.44379402325e-05, 3.29665454046e-06], "min": [5.07781686755e-23, 3.15035294369e-23, 1.45