{"tonal": {"thpcp": [1, 0.640676558018, 0.29653057456, 0.181475535035, 0.136973261833, 0.166227594018, 0.175476789474, 0.164217561483, 0.384366363287, 0.552481174469, 0.371664822102, 0.256403207779, 0.239369049668, 0.250040769577, 0.553155362606, 0.767099440098, 0.505393385887, 0.201526403427, 0.106308020651, 0.140017896891, 0.364865601063, 0.435465246439, 0.28006374836, 0.341924250126, 0.410750359297, 0.299656540155, 0.263624668121, 0.195120766759, 0.117549024522, 0.307169348001, 0.453909188509, 0.275650978088, 0.0986170694232, 0.0815669670701, 0.171433970332, 0.673330128193], "hpcp": {"dmean2": [0.234017938375, 0.210551828146, 0.146053388715, 0.0966510176659, 0.102707199752, 0.161991938949, 0.182014092803, 0.155927985907, 0.16502404213, 0.152306899428, 0.129911094904, 0.100309431553, 0.0880923271179, 0.0713117942214, 0.112554453313, 0.132247567177, 0.111612096429, 0.066339418292, 0.0675822198391, 0.110405251384, 0.223465889692, 0.256463229656, 0.243631571531, 0.180787920952, 0.103972181678, 0.0798854604363, 0.079886302352, 0.0883843973279, 0.0964807793498, 0.139091923833, 0.150085359812, 0.153667911887, 0.144211530685, 0.150829702616, 0.163993403316, 0.210844099522], "median": [0.15913438797, 0.0833184421062, 0.0210550613701, 0.00761760724708, 0.0132589535788, 0.0483047477901, 0.0659197792411, 0.0524211339653, 0.0464422367513, 0.0468981452286, 0.0343654379249, 0.0243813488632, 0.0177327468991, 0.0180770754814, 0.034018304199, 0.0408949479461, 0.0245594438165, 0.00928105041385, 0.0070161325857, 0.0263003334403, 0.158556580544, 0.255217701197, 0.167502254248, 0.0376525372267, 0.0131960529834, 0.0115149077028, 0.0164335090667, 0.0165989510715, 0.0281671751291, 0.0515318661928, 0.0585112087429, 0.0482098460197, 0.0364323891699, 0.0290442984551, 0.036691211164, 0.110893234611], "min": [0, 0, 0, 0, 0, 0, 0, 0, 0, 0, 0, 0, 0, 0, 0, 0, 0, 0, 0, 0, 0, 0, 0, 0, 0, 0, 0, 0, 0, 0, 0, 0, 0, 0, 0, 0], "dvar2": [0.0904789566994, 0.0819913595915, 0.072199895978, 0.0513971187174, 0.0533041246235, 0.0747374519706, 0.0832885056734, 0.0653157904744, 0.070853702724, 0.0614452324808, 0.0499995201826, 0.0377068482339, 0.0311980508268, 0.0254059322178, 0.0386417321861, 0.0535426847637, 0.045888710767, 0.0274371169508, 0.0327433459461, 0.0401000715792, 0.0800522714853, 0.100518345833, 0.0918231457472, 0.0838569253683, 0.0538321174681, 0.0353916734457, 0.0296290591359, 0.0355252251029, 0.0316742137074, 0.0521963350475, 0.0592528283596, 0.0595360808074, 0.0577275380492, 0.062144305557, 0.0721058622003, 0.0781618952751], "dvar": [0.0363316759467, 0.0307701360434, 0.0266383234411, 0.0181566942483, 0.0193882565945, 0.0295950006694, 0.0326443389058, 0.0247089732438, 0.0279314536601, 0.0255708992481, 0.0188490077853, 0.0154971601442, 0.0121573638171, 0.00918462499976, 0.0159518271685, 0.0233306307346, 0.0178493726999, 0.00978363398463, 0.0116456653923, 0.0147002777085, 0.0309693850577, 0.0401431210339, 0.0338752828538, 0.0306508168578, 0.0189260523766, 0.0121726794168, 0.0108628505841, 0.0130572868511, 0.0110504413024, 0.0188177283853, 0.0229046829045, 0.0223950818181, 0.0215646419674, 0.0226800311357, 0.0260365121067, 0.0310769770294], "dmean": [0.139177814126, 0.123250640929, 0.0826627016068, 0.0531243123114, 0.0581832900643, 0.0951410606503, 0.108192756772, 0.0897196829319, 0.0979987457395, 0.0922667905688, 0.0777201876044, 0.0599304847419, 0.0522198788822, 0.0411151126027, 0.0693962201476, 0.0813190191984, 0.0672136545181, 0.0381645336747, 0.0377755947411, 0.0630787536502, 0.135665431619, 0.152142032981, 0.142716273665, 0.103770658374, 0.0596498437226, 0.04619910568, 0.0472884997725, 0.0513632446527, 0.0549998134375, 0.0824391916394, 0.0888965800405, 0.0898746848106, 0.0842848196626, 0.0864649266005, 0.0925962328911, 0.126292005181], "max": [1, 1, 1, 1, 1, 1, 1, 1, 1, 1, 1, 1, 1, 1, 1, 1, 1, 1, 1, 1, 1, 1, 1, 1, 1, 1, 1, 1, 1, 1, 1, 1, 1, 1, 1, 1], "var": [0.125161573291, 0.0733182728291, 0.0283309500664, 0.0138065628707, 0.017546357587, 0.0583149902523, 0.0674404501915, 0.0306099783629, 0.0489920303226, 0.072855040431, 0.0410005748272, 0.0496030561626, 0.0318108089268, 0.00874814018607, 0.0419479161501, 0.0907151997089, 0.0401310622692, 0.00963457394391, 0.00903521664441, 0.0151882926002, 0.0808000713587, 0.144815757871, 0.0732434168458, 0.0435187742114, 0.0317112356424, 0.0155663257465, 0.0200050659478, 0.0244753044099, 0.0126551957801, 0.0551193058491, 0.111708901823, 0.0518929027021, 0.0295081846416, 0.0296886898577, 0.0306332949549, 0.0760532096028], "mean": [0.318506479263, 0.209843799472, 0.0836755484343, 0.0441400296986, 0.0581366680562, 0.151495426893, 0.180809020996, 0.116284944117, 0.141969978809, 0.170547187328, 0.124420046806, 0.109459288418, 0.0810158699751, 0.0488073937595, 0.127539426088, 0.188467115164, 0.114452719688, 0.0409466810524, 0.0338673256338, 0.0711809024215, 0.279572635889, 0.415208846331, 0.266014575958, 0.123122118413, 0.0753502473235, 0.0568725094199, 0.0690191686153, 0.07285951823, 0.0681845843792, 0.159592315555, 0.229395061731, 0.154318526387, 0.106460884213, 0.0993881449103, 0.103819139302, 0.229674994946]}, "tuning_equal_tempered_deviation": 0.055015373975, "chords_changes_rate": 0.0416190251708, "key_key": "A", "tuning_diatonic_strength": 0.606909096241, "key_scale": "minor", "chords_number_rate": 0.00274411169812, "tuning_frequency": 447.174194336, "tuning_nontempered_energy_ratio": 0.713328123093, "chords_histogram": [23.2792129517, 18.5684890747, 9.16990661621, 2.12668657303, 0.0228675957769, 10.1532125473, 0.686027884483, 6.70020580292, 0.663160324097, 7.5691742897, 2.44683289528, 0, 0.548822343349, 0, 0, 0, 0, 1.69220209122, 1.55499660969, 0.0228675957769, 0.0457351915538, 0, 6.03704547882, 8.71255397797], "key_strength": 0.776977062225, "chords_key": "A", "chords_strength": {"dmean2": 0.00756249716505, "median": 0.586620688438, "min": -1, "dvar2": 0.00107443472371, "dvar": 0.000498767767567, "dmean": 0.00878384709358, "max": 0.822087645531, "var": 0.0220189150423, "mean": 0.573514044285}, "chords_scale": "minor", "hpcp_entropy": {"dmean2": 0.941219806671, "median": 1.79317212105, "min": 0, "dvar2": 0.625649213791, "dvar": 0.234024599195, "dmean": 0.555946409702, "max": 4.0636048317, "var": 0.602469265461, "mean": 1.72096741199}}, "metadata": {"audio_properties": {"equal_loudness": 0, "codec": "mp3", "downmix": "mix", "sample_rate": 44100, "analysis_sample_rate": 44100, "bit_rate": 192000, "md5_encoded": "427e2ba93f5c27e4cbf69e362dd2246f", "length": 202.997558594, "replay_gain": -7.00913047791, "lossless": false}, "version": {"essentia_build_sha": "70f2e5ece6736b2c40cc944ad0e695b16b925413", "essentia": "2.1-beta2", "extractor": "music 1.0", "essentia_git_sha": "v2.1_beta2"}, "tags": {"title": ["20.L'estasi dell'oro"], "artist": ["Ennio Morricone"], "date": ["1966"], "genre": ["Soundtrack"], "album": ["Il buono, il brutto, il cattivo"], "musicbrainz_recordingid": ["05b623d7-d92e-4e37-91cd-d325be37e21a"], "file_name": "1499651.mp3"}}, "rhythm": {"bpm_histogram_first_peak_bpm": {"dmean2": 0, "median": 101, "min": 101, "dvar2": 0, "dvar": 0, "dmean": 0, "max": 101, "var": 0, "mean": 101}, "bpm": 101.096626282, "bpm_histogram_second_peak_spread": {"dmean2": 0, "median": 0.64615380764, "min": 0.64615380764, "dvar2": 0, "dvar": 0, "dmean": 0, "max": 0.64615380764, "var": 0, "mean": 0.64615380764}, "bpm_histogram_first_peak_weight": {"dmean2": 0, "median": 0.17183098197, "min": 0.17183098197, "dvar2": 0, "dvar": 0, "dmean": 0, "max": 0.17183098197, "var": 0, "mean": 0.17183098197}, "onset_rate": 1.80284845829, "beats_position": [0.359909296036, 0.743038535118, 1.1261677742, 1.50929701328, 1.88081634045, 2.2523355484, 2.62385487556, 2.99537420273, 3.35528349876, 3.7151927948, 4.08671188354, 4.45823097229, 4.841360569, 5.22448968887, 5.59600877762, 5.95591831207, 6.31582736969, 6.67573690414, 7.03564596176, 7.39555549622, 7.74385452271, 8.10376358032, 8.46367359161, 8.83519268036, 9.2067117691, 9.57823085785, 9.94974994659, 10.321269989, 10.6811790466, 11.0410881042, 11.3893871307, 11.7376871109, 12.0975961685, 12.4575052261, 12.8174142838, 13.177324295, 13.5372333527, 13.8971424103, 14.2454423904, 14.5937414169, 14.9884805679, 15.3832197189, 15.7895689011, 16.1959171295, 16.602268219, 17.0086174011, 17.4149665833, 17.8213157654, 18.2160549164, 18.6224040985, 19.0171432495, 19.5628108978, 20.1084804535, 20.642539978, 21.246257782, 21.8615875244, 22.4536952972, 23.0341949463, 23.6263027191, 24.1719722748, 24.7292518616, 25.286529541, 25.8438091278, 26.4010887146, 26.9467563629, 27.4924259186, 28.0264854431, 28.5605430603, 29.0946025848, 29.6402721405, 30.1859397888, 30.7316093445, 31.3004989624, 31.8809967041, 32.4614944458, 33.0303840637, 33.5992736816, 34.1797714233, 34.7602729797, 35.3407707214, 35.9212684631, 36.5017662048, 37.0822677612, 37.6627655029, 38.2432632446, 38.8469848633, 39.4507026672, 40.0660324097, 40.6581382751, 41.2502479553, 41.9004058838, 42.550567627, 43.2007255554, 43.8508834839, 44.5823135376, 45.3137397766, 46.0451698303, 46.7533760071, 47.4615859985, 48.1465759277, 48.8315620422, 49.4933319092, 50.1551017761, 50.7936515808, 51.4321975708, 52.0707473755, 52.6976852417, 53.3246231079, 53.9631729126, 54.6133308411, 55.275100708, 55.936870575, 56.5870285034, 57.2371864319, 57.8873443604, 58.525894165, 59.1644439697, 59.8146018982, 60.4763717651, 61.1381378174, 61.7999076843, 62.4500656128, 63.1118354797, 63.7619934082, 64.4005432129, 65.0507049561, 65.6892471313, 66.3394088745, 66.9663467407, 67.5932846069, 68.2202224731, 68.8471679688, 69.474105835, 70.1010437012, 70.7279815674, 71.3549194336, 71.9818572998, 72.608795166, 73.2357330322, 73.8626708984, 74.5128326416, 75.1629943848, 75.824760437, 76.4865264893, 77.1483001709, 77.8100662231, 78.4602279663, 79.1103820801, 79.7605438232, 80.3990936279, 81.0492477417, 81.6877975464, 82.3263473511, 82.9648971558, 83.5802230835, 84.1955566406, 84.8108825684, 85.4029922485, 86.0183181763, 86.6336517334, 87.2489776611, 87.8643035889, 88.4680252075, 89.0833511353, 89.6986846924, 90.2791824341, 90.8829040527, 91.486618042, 92.0903396606, 92.6824493408, 93.274559021, 93.8666687012, 94.458770752, 95.0508804321, 95.6429901123, 96.2350997925, 96.8272094727, 97.4309310913, 98.0230331421, 98.6151428223, 99.2188644409, 99.8225860596, 100.403083801, 100.995193481, 101.575691223, 102.167800903, 102.771514893, 103.363624573, 103.955734253, 104.547843933, 105.139953613, 105.720451355, 106.300949097, 106.893058777, 107.485168457, 108.088890076, 108.692604065, 109.296325684, 109.888435364, 110.480545044, 111.072654724, 111.571876526, 112.071105957, 112.570335388, 113.069564819, 113.56879425, 114.07963562, 114.578865051, 115.078094482, 115.577323914, 116.169433594, 116.761543274, 117.353645325, 117.934150696, 118.514648438, 119.095146179, 119.675643921, 120.244529724, 120.813423157, 121.393920898, 121.97441864, 122.543312073, 123.123809814, 123.692695618, 124.261581421, 124.830474854, 125.399360657, 125.979858398, 126.548751831, 127.129249573, 127.721359253, 128.313461304, 128.893966675, 129.474472046, 130.066574097, 130.658676147, 131.239181519, 131.831283569, 132.423400879, 133.003890991, 133.584396362, 134.164901733, 134.745391846, 135.337509155, 135.929611206, 136.521713257, 137.113830566, 137.694335938, 138.286437988, 138.878540039, 139.45904541, 140.027938843, 140.608428955, 141.188934326, 141.781036377, 142.361541748, 142.94203186, 143.522537231, 144.103042603, 144.695144653, 145.287246704, 145.879364014, 146.471466064, 147.075195312, 147.678909302, 148.294235229, 148.909561157, 149.524902344, 150.140228271, 150.743942261, 151.34765625, 151.962997437, 152.578323364, 153.216873169, 153.855422974, 154.505569458, 155.144119263, 155.782669067, 156.421218872, 157.059768677, 157.686706543, 158.313644409, 158.940582275, 159.555908203, 160.17124939, 160.798187256, 161.436737061, 162.063674927, 162.702224731, 163.329162598, 163.956100464, 164.58303833, 165.233200073, 165.871749878, 166.498687744, 167.114013672, 167.7293396, 168.32144165, 168.925170898, 169.528884888, 170.132598877, 170.747940063, 171.340042114, 171.920547485, 172.512649536, 173.104751587, 173.708480835, 174.300582886, 174.904312134, 175.484802246, 176.076919556, 176.680633545, 177.272735596, 177.864852905, 178.468566895, 179.072280884, 179.664398193, 180.268112183, 180.88343811, 181.487167358, 182.090881348, 182.694595337, 183.298324585, 183.890426636, 184.482528687, 185.086257935, 185.689971924, 186.293685913, 186.897415161, 187.50112915, 188.10484314, 188.708572388, 189.312286377, 189.916000366, 190.519729614, 191.100219727, 191.692337036, 192.284439087, 192.888153076, 193.491882324, 194.083984375, 194.676101685, 195.279815674, 195.860321045, 196.464035034, 197.067749023, 197.671463013, 198.275192261, 198.87890625, 199.320083618, 199.761260986, 200.214050293, 200.6668396, 201.119628906, 201.653686523, 202.187744141], "beats_loudness": {"dmean2": 0.0148791633546, "median": 0.0258845835924, "min": 0, "dvar2": 0.000301723455777, "dvar": 0.000107009538624, "dmean": 0.00871989876032, "max": 0.0941844955087, "var": 0.000477627676446, "mean": 0.0255514178425}, "danceability": 0.899951696396, "bpm_histogram_second_peak_weight": {"dmean2": 0, "median": 0.0647887289524, "min": 0.0647887289524, "dvar2": 0, "dvar": 0, "dmean": 0, "max": 0.0647887289524, "var": 0, "mean": 0.0647887289524}, "beats_count": 356, "bpm_histogram_second_peak_bpm": {"dmean2": 0, "median": 96, "min": 96, "dvar2": 0, "dvar": 0, "dmean": 0, "max": 96, "var": 0, "mean": 96}, "bpm_histogram_first_peak_spread": {"dmean2": 0, "median": 0.677248716354, "min": 0.677248716354, "dvar2": 0, "dvar": 0, "dmean": 0, "max": 0.677248716354, "var": 0, "mean": 0.677248716354}, "beats_loudness_band_ratio": {"dmean2": [0.261333584785, 0.157504275441, 0.244809612632, 0.186220735312, 0.0882357060909, 0.0235837437212], "median": [0.29413485527, 0.117602556944, 0.221887141466, 0.129120573401, 0.0758758932352, 0.0150783592835], "min": [0, 0, 0, 0, 0, 0], "dvar2": [0.0621281787753, 0.0262668114156, 0.054378207773, 0.0374380648136, 0.0101939393207, 0.00102924450766], "dvar": [0.0240569040179, 0.0086320983246, 0.0174087584019, 0.0143566383049, 0.00423289323226, 0.00037062499905], "dmean": [0.151710227132, 0.0927607789636, 0.14184653759, 0.111039079726, 0.051114320755, 0.0130795249715], "max": [0.942854940891, 0.691835999489, 0.871434092522, 0.827455282211, 0.597715914249, 0.153105959296], "var": [0.0537684187293, 0.02036549896, 0.0368929617107, 0.0297135990113, 0.00751628354192, 0.000510287645739], "mean": [0.312243163586, 0.164556160569, 0.272436499596, 0.191182881594, 0.0938505753875, 0.0210545137525]}}, "lowlevel": {"barkbands_spread": {"dmean2": 5.27022838593, "median": 15.3591747284, "min": 0.774152100086, "dvar2": 38.5386962891, "dvar": 14.0986175537, "dmean": 3.33104205132, "max": 94.0073394775, "var": 79.3587112427, "mean": 16.7225437164}, "melbands_spread": {"dmean2": 8.19588470459, "median": 22.2925491333, "min": 0.75814563036, "dvar2": 73.9657287598, "dvar": 29.8163280487, "dmean": 5.13397741318, "max": 157.370010376, "var": 267.294952393, "mean": 25.1469917297}, "hfc": {"dmean2": 7.73167514801, "median": 18.6459312439, "min": 1.07087496933e-16, "dvar2": 125.611175537, "dvar": 48.9142990112, "dmean": 4.83621501923, "max": 151.263183594, "var": 380.696838379, "mean": 21.1048355103}, "barkbands_kurtosis": {"dmean2": 1.75570428371, "median": 0.238643288612, "min": -1.75860500336, "dvar2": 9.06868457794, "dvar": 3.49736261368, "dmean": 1.10088336468, "max": 78.0588531494, "var": 10.9359102249, "mean": 1.04685103893}, "gfcc": {"mean": [-85.6780166626, 134.159805298, -152.168075562, 10.2720108032, -47.1739425659, 0.522191166878, -27.6175727844, 7.75730228424, -18.1888141632, 0.142051056027, -10.0141716003, -5.71741676331, -6.12021970749], "icov": [[0.000576439546421, -0.00128723308444, 0.00156971754041, -0.00148848327808, 0.00189646158833, -0.00225211121142, 0.00117295561358, -0.00143220741302, 0.00164423207752, -0.00127133599017, 0.0012229870772, -0.000652659335174, 0.000630034541246], [-0.00128723308444, 0.00409186491743, -0.0036466952879, 0.00381165533327, -0.00468202540651, 0.00550508406013, -0.00228166114539, 0.0037932000123, -0.00409930804744, 0.00391248008236, -0.00399810494855, 0.00260725710541, -0.00178270193283], [0.00156971754041, -0.0036466952879, 0.00539375981316, -0.00380766275339, 0.00454548140988, -0.00694972090423, 0.00297632953152, -0.00271345651709, 0.00358047708869, -0.00364859867841, 0.00400614086539, -0.0027110085357, 0.00273298239335], [-0.00148848327808, 0.00381165533327, -0.00380766275339, 0.00643741618842, -0.00539217935875, 0.00451500061899, -0.00209950888529, 0.00214101281017, -0.00325649837032, 0.00349940522574, -0.00398097140715, 0.0041747642681, -0.00201659533195], [0.00189646158833, -0.00468202540651, 0.00454548140988, -0.00539217935875, 0.011029317975, -0.00677150534466, 0.00307695497759, -0.00437350384891, 0.00429964857176, -0.00507845403627, 0.00626306561753, -0.00394679838791, 0.00247043906711], [-0.00225211121142, 0.00550508406013, -0.00694972090423, 0.00451500061899, -0.00677150534466, 0.0166905354708, -0.00853181723505, 0.00546926725656, -0.00400649150833, 0.00307337054983, -0.00255582178943, 0.00149184500333, -0.00124052586034], [0.00117295561358, -0.00228166114539, 0.00297632953152, -0.00209950888529, 0.00307695497759, -0.00853181723505, 0.013578071259, -0.00795654673129, 0.00277897296473, 0.000748506281525, -0.00371692562476, 0.00230744387954, -0.00208784639835], [-0.00143220741302, 0.0037932000123, -0.00271345651709, 0.00214101281017, -0.00437350384891, 0.00546926725656, -0.00795654673129, 0.0206191074103, -0.0104553503916, 0.00360541325063, 0.000520528468769, -0.00351143674925, 0.000969453831203], [0.00164423207752, -0.00409930804744, 0.00358047708869, -0.00325649837032, 0.00429964857176, -0.00400649150833, 0.00277897296473, -0.0104553503916, 0.0216656923294, -0.0113795399666, 0.00069008115679, 0.00363286375068, -0.00389178050682], [-0.00127133599017, 0.00391248008236, -0.00364859867841, 0.00349940522574, -0.00507845403627, 0.00307337054983, 0.000748506281525, 0.00360541325063, -0.0113795399666, 0.0194787606597, -0.00766230514273, 0.000974304042757, 0.00218897871673], [0.0012229870772, -0.00399810494855, 0.00400614086539, -0.00398097140715, 0.00626306561753, -0.00255582178943, -0.00371692562476, 0.000520528468769, 0.00069008115679, -0.00766230514273, 0.0207377057523, -0.00924481637776, 0.00323217012919], [-0.000652659335174, 0.00260725710541, -0.0027110085357, 0.0041747642681, -0.00394679838791, 0.00149184500333, 0.00230744387954, -0.00351143674925, 0.00363286375068, 0.000974304042757, -0.00924481637776, 0.0172933451831, -0.00922287721187], [0.000630034541246, -0.00178270193283, 0.00273298239335, -0.00201659533195, 0.00247043906711, -0.00124052586034, -0.00208784639835, 0.000969453831203, -0.00389178050682, 0.00218897871673, 0.00323217012919, -0.00922287721187, 0.0194727424532]], "cov": [[29785.9707031, -583.218933105, -4400.92285156, 2571.50585938, -1447.58532715, 750.437988281, -160.039352417, 375.209350586, -717.480712891, -268.979095459, -304.918914795, -526.315307617, -249.344482422], [-583.218933105, 1387.37207031, 234.011795044, -406.809295654, 112.477134705, -228.295959473, -52.3751335144, -118.153121948, 81.4753875732, -35.2978820801, 79.5284805298, -18.9787368774, 40.4246788025], [-4400.92285156, 234.011795044, 1407.08166504, -231.488372803, 230.045974731, 85.0207366943, -11.0874729156, -88.219367981, 55.7121887207, 62.1198730469, -17.6623420715, 55.1894226074, -44.9847335815], [2571.50585938, -406.809295654, -231.488372803, 681.247558594, -41.7702255249, 153.117233276, 15.9781017303, 66.4048233032, -62.9517097473, -14.3373479843, -61.8372268677, -100.695785522, -52.3413391113], [-1447.58532715, 112.477134705, 230.045974731, -41.7702255249, 273.253234863, -12.9898519516, -3.58168196678, -8.50661182404, 35.656288147, 22.7951717377, -13.1842727661, 22.2171516418, 2.34091043472], [750.437988281, -228.295959473, 85.0207366943, 153.117233276, -12.9898519516, 233.578781128, 66.8061065674, 30.1878032684, -39.9428367615, 3.91278505325, -27.8842124939, -7.65609741211, -26.4884262085], [-160.039352417, -52.3751335144, -11.0874729156, 15.9781017303, -3.58168196678, 66.8061065674, 166.424682617, 52.6784934998, 21.2548847198, -8.40986728668, 38.362411499, 8.84146976471, 26.5389156342], [375.209350586, -118.153121948, -88.219367981, 66.4048233032, -8.50661182404, 30.1878032684, 52.6784934998, 102.290084839, 27.0550518036, 7.48315095901, 3.97088646889, 12.4908761978, 9.68271446228], [-717.480712891, 81.4753875732, 55.7121887207, -62.9517097473, 35.656288147, -39.9428367615, 21.2548847198, 27.0550518036, 122.927444458, 50.7887039185, 34.0405769348, 1.07816183567, 23.9173793793], [-268.979095459, -35.2978820801, 62.1198730469, -14.3373479843, 22.7951717377, 3.91278505325, -8.40986728668, 7.48315095901, 50.7887039185, 100.359291077, 26.9962787628, 8.53482627869, -10.2186250687], [-304.918914795, 79.5284805298, -17.6623420715, -61.8372268677, -13.1842727661, -27.8842124939, 38.362411499, 3.97088646889, 34.0405769348, 26.9962787628, 105.187683105, 44.2703094482, 24.3098602295], [-526.315307617, -18.9787368774, 55.1894226074, -100.695785522, 22.2171516418, -7.65609741211, 8.84146976471, 12.4908761978, 1.07816183567, 8.53482627869, 44.2703094482, 128.964477539, 47.1265640259], [-249.344482422, 40.4246788025, -44.9847335815, -52.3413391113, 2.34091043472, -26.4884262085, 26.5389156342, 9.68271446228, 23.9173793793, -10.2186250687, 24.3098602295, 47.1265640259, 88.6084747314]]}, "spectral_energyband_middle_low": {"dmean2": 0.00503599876538, "median": 0.00753273908049, "min": 1.37063913328e-22, "dvar2": 5.03819901496e-05, "dvar": 2.02508290386e-05, "dmean": 0.00319320033304, "max": 0.057575955987, "var": 7.03657206031e-05, "mean": 0.00900149811059}, "melbands_crest": {"dmean2": 5.10968637466, "median": 11.3877067566, "min": 1.56647288799, "dvar2": 21.5420703888, "dvar": 8.40333652496, "dmean": 3.17988157272, "max": 37.3253173828, "var": 29.0401630402, "mean": 12.4880151749}, "spectral_kurtosis": {"dmean2": 7.16851425171, "median": 7.43347024918, "min": -1.25255417824, "dvar2": 64.0684661865, "dvar": 21.0591449738, "dmean": 4.03479003906, "max": 103.714027405, "var": 173.790756226, "mean": 12.1958723068}, "spectral_rms": {"dmean2": 0.000807733391412, "median": 0.00460736779496, "min": 3.10140411616e-12, "dvar2": 8.71043312145e-07, "dvar": 3.39150687978e-07, "dmean": 0.000514072424266, "max": 0.0104142650962, "var": 5.39349412065e-06, "mean": 0.00403063045815}, "zerocrossingrate": {"dmean2": 0.00615540472791, "median": 0.05029296875, "min": 0.00244140625, "dvar2": 7.27008009562e-05, "dvar": 4.51423256891e-05, "dmean": 0.00480278208852, "max": 0.53271484375, "var": 0.00232070754282, "mean": 0.0554124377668}, "silence_rate_60dB": {"dmean2": 0.00823610182852, "median": 0, "min": 0, "dvar2": 0.00954161956906, "dvar": 0.00410002516583, "dmean": 0.00411757966504, "max": 1, "var": 0.193975657225, "mean": 0.26326623559}, "erbbands_kurtosis": {"dmean2": 1.63056766987, "median": 0.160456776619, "min": -1.68895244598, "dvar2": 6.03827285767, "dvar": 2.3533577919, "dmean": 1.014087677, "max": 31.0940284729, "var": 5.86380720139, "mean": 0.836906909943}, "erbbands": {"dmean2": [0.0860517919064, 0.504632413387, 1.36930978298, 3.1489109993, 4.48899841309, 4.93255805969, 4.41391658783, 6.43937349319, 13.1266889572, 16.3126850128, 26.1160869598, 54.3786010742, 50.2707824707, 78.2706756592, 42.7926521301, 38.8898506165, 84.9526519775, 35.4517059326, 58.8466300964, 28.487247467, 24.4211215973, 21.7324008942, 20.2953701019, 18.1354026794, 14.0278301239, 6.43633174896, 3.64685058594, 2.49661278725, 0.993923485279, 0.541293084621, 0.296161234379, 0.214465737343, 0.112526215613, 0.054780062288, 0.0212114769965, 0.00544281443581, 0.00126965646632, 0.000174334767507, 9.72236284724e-06, 1.05612243715e-05], "median": [0.00950653478503, 0.0608745366335, 0.290867626667, 0.71742773056, 1.35827565193, 2.09831428528, 2.58040118217, 4.10949134827, 7.41609477997, 9.00621414185, 13.031791687, 24.8606853485, 20.4405956268, 17.3913078308, 13.6717262268, 16.5529441833, 22.7341842651, 14.8037605286, 18.6577835083, 13.6277313232, 11.2810668945, 12.6878452301, 12.3090200424, 10.5436191559, 7.02075004578, 3.47162532806, 1.74537622929, 0.91404914856, 0.492666244507, 0.238617733121, 0.108226425946, 0.0606588684022, 0.0302588157356, 0.0168179981411, 0.00787959620357, 0.00233648531139, 0.000393918948248, 2.81779248326e-05, 1.4179642676e-05, 2.66333154286e-05], "min": [1.66777160806e-22, 5.38709047964e-22, 2.59763570767e-21, 4.72708193797e-21, 1.40171619378e-20, 1.90545626213e-20, 3.14522180109e-20, 8.37690071482e-20, 1.21406151534e-19, 2.08319530685e-19, 2.62101948158e-19, 3.871749138e-19, 5.99752266215e-19, 5.89392914718e-19, 9.42646961054e-19, 1.35172292914e-18, 1.48239606262e-18, 2.67288546375e-18, 2.64935548405e-18, 3.15961301184e-18, 3.5503605187e-18, 3.97710920057e-18, 5.52094710172e-18, 6.70269082563e-18, 6.93073707589e-18, 9.03896154975e-18, 9.07889286664e-18, 1.13245848321e-17, 1.0785071994e-17, 1.22373678848e-17, 1.11090571333e-17, 9.4996391124e-18, 9.1085729342e-18, 7.50143296872e-18, 6.0705304502e-18, 3.41339657326e-18, 2.46441547667e-18, 9.98218712365e-19, 2.41469065152e-19, 2.50609100728e-20], "dvar2": [0.0538428984582, 1.8343398571, 10.6296072006, 67.1599197388, 109.895828247, 94.3268585205, 93.6321716309, 142.143997192, 647.113830566, 1165.11364746, 3760.24169922, 12522.921875, 16469.3789062, 59676.6875, 15251.7910156, 8010.41308594, 49424.5507812, 11046.1025391, 21531.6582031, 3175.0703125, 6781.32958984, 2252.5703125, 1550.45080566, 1873.74743652, 805.287963867, 175.538330078, 76.6518707275, 53.6224975586, 4.06226968765, 1.39144611359, 0.547282159328, 0.462069272995, 0.176678597927, 0.037011705339, 0.00324930017814, 0.000187214187463, 1.53373985086e-05, 4.12793809801e-07, 1.10022513322e-09, 2.06120356894e-10], "dvar": [0.0218257997185, 0.777127623558, 4.05238199234, 25.471157074, 40.0995979309, 35.509513855, 42.2804489136, 66.3864746094, 300.596405029, 527.03918457, 1592.87670898, 5082.79052734, 6243.92333984, 21057.0039062, 5796.31738281, 2899.81298828, 18569.2324219, 4276.49755859, 9501.37207031, 1292.61657715, 2420.90551758, 811.47479248, 583.934631348, 670.927429199, 308.029693604, 68.8063964844, 32.7404823303, 21.990737915, 1.78867352009, 0.582928597927, 0.243416249752, 0.219206318259, 0.084287032485, 0.0174158103764, 0.00144046242349, 9.0206223831e-05, 6.67810672894e-06, 1.68212750395e-07, 4.87360762857e-10, 7.90349938273e-11], "dmean": [0.0525532178581, 0.321794092655, 0.838958919048, 1.86966085434, 2.60526609421, 2.96076607704, 2.87008261681, 4.21376752853, 8.48489952087, 10.6422615051, 16.9565849304, 35.3138313293, 30.9347877502, 47.5140151978, 26.1366100311, 23.2677555084, 52.2658081055, 21.7885780334, 37.131603241, 17.7739200592, 14.4306907654, 12.9945058823, 12.2781276703, 10.9372606277, 8.51793956757, 3.95460605621, 2.29362201691, 1.56644439697, 0.639773309231, 0.351753503084, 0.195491418242, 0.144733518362, 0.0781304836273, 0.037255205214, 0.0143585698679, 0.00373605685309, 0.00087205611635, 0.000118068572192, 6.4064279286e-06, 6.65030847813e-06], "max": [1.92799901962, 16.2833786011, 43.4927787781, 104.172355652, 116.031806946, 94.2994766235, 205.8331604, 353.248291016, 470.139953613, 835.645751953, 1099.35961914, 1526.7310791, 2229.41503906, 2913.57519531, 2068.14746094, 877.060241699, 3846.86791992, 2057.19506836, 3477.61523438, 942.863220215, 2241.79370117, 736.106506348, 512.189453125, 950.664428711, 410.120513916, 198.552307129, 179.326599121, 155.27432251, 29.4762496948, 21.1016120911, 15.8770990372, 16.2390537262, 11.8550319672, 4.98057222366, 0.919457733631, 0.292426645756, 0.0778294503689, 0.0252359993756, 0.00151846406516, 0.000126088008983], "var": [0.0250784624368, 1.25230741501, 8.08316135406, 35.0007743835, 43.8852767944, 54.622833252, 119.506149292, 266.633117676, 914.524963379, 2010.42333984, 4000.52832031, 13270.3730469, 16819.625, 47748.09375, 17646.4707031, 5486.90722656, 37486.4453125, 8909.58203125, 26110.8925781, 3490.45800781, 5668.2578125, 1750.35046387, 1571.52185059, 1730.32702637, 953.686523438, 246.105300903, 143.847244263, 86.274230957, 6.25897502899, 1.89234519005, 0.631269752979, 0.496318459511, 0.183490872383, 0.0430689230561, 0.00587088288739, 0.000449703191407, 2.69193133136e-05, 5.81468214023e-07, 1.91746596379e-09, 5.19809417732e-10], "mean": [0.0596868954599, 0.460310250521, 1.30480623245, 2.71779870987, 3.57000279427, 4.62054109573, 5.92634630203, 8.88955593109, 16.2718791962, 21.464094162, 32.3380889893, 65.4974975586, 58.2861442566, 82.4748687744, 48.8072357178, 40.4211044312, 86.5446243286, 40.3843994141, 66.2083129883, 34.6487503052, 28.0213546753, 26.6447353363, 26.5518760681, 23.5513629913, 19.1643867493, 9.4978427887, 5.96341276169, 4.00194644928, 1.55264401436, 0.816721737385, 0.432916522026, 0.302936732769, 0.165986001492, 0.0862710997462, 0.0364635586739, 0.0103214774281, 0.0022857261356, 0.000293309567496, 2.25656931434e-05, 2.71938170044e-05]}, "spectral_strongpeak": {"dmean2": 1.46094369888, "median": 1.0179913044, "min": 0, "dvar2": 4.05345582962, "dvar": 1.63853812218, "dmean": 0.881951928139, "max": 18.2559700012, "var": 4.45300912857, "mean": 1.8010737896}, "spectral_energy": {"dmean2": 0.00908415950835, "median": 0.0217585340142, "min": 9.85917541454e-21, "dvar2": 0.000157235335791, "dvar": 6.0062353441e-05, "dmean": 0.00571124861017, "max": 0.111168332398, "var": 0.000344694184605, "mean": 0.0221803747118}, "average_loudness": 0.739010632038, "spectral_rolloff": {"dmean2": 462.992431641, "median": 1356.59179688, "min": 43.06640625, "dvar2": 767494.375, "dvar": 283732.78125, "dmean": 265.942199707, "max": 20176.6113281, "var": 3333767.75, "mean": 1600.87988281}, "spectral_centroid": {"dmean2": 251.682312012, "median": 1276.72412109, "min": 162.442199707, "dvar2": 78667.8203125, "dvar": 37880.96875, "dmean": 158.836730957, "max": 11631.4755859, "var": 1153096.5, "mean": 1387.62353516}, "pitch_salience": {"dmean2": 0.0966024920344, "median": 0.53430211544, "min": 0.0988961905241, "dvar2": 0.00699613103643, "dvar": 0.00266338395886, "dmean": 0.0596384257078, "max": 0.91356754303, "var": 0.0100881978869, "mean": 0.530418038368}, "spectral_energyband_middle_high": {"dmean2": 0.00529994862154, "median": 0.00728466082364, "min": 1.19628562612e-21, "dvar2": 7.47534650145e-05, "dvar": 2.79586056422e-05, "dmean": 0.00326793105341, "max": 0.0870504528284, "var": 0.00012580488692, "mean": 0.0099707711488}, "spectral_contrast_coeffs": {"dmean2": [0.079492226243, 0.0678077861667, 0.061202287674, 0.0500887110829, 0.0333451740444, 0.0220587644726], "median": [-0.667565464973, -0.730340063572, -0.711769580841, -0.716424286366, -0.743792831898, -0.743684411049], "min": [-0.9819688797, -0.982094764709, -0.977193951607, -0.972691595554, -0.969190001488, -0.964311003685], "dvar2": [0.00446421653032, 0.00305018387735, 0.00243714638054, 0.00163707975298, 0.000733797671273, 0.000328013586113], "dvar": [0.00165071641095, 0.00114441511687, 0.000925373518839, 0.000625173212029, 0.000283437489998, 0.000136146132718], "dmean": [0.0482130646706, 0.0414865389466, 0.0374877490103, 0.0305262245238, 0.0206087194383, 0.0137812672183], "max": [-0.382036566734, -0.455039024353, -0.449924558401, -0.487782508135, -0.595865726471, -0.562958061695], "var": [0.00679032457992, 0.0059324610047, 0.00613440200686, 0.00456325616688, 0.0036175462883, 0.00392973609269], "mean": [-0.668709993362, -0.726424157619, -0.70785844326, -0.717320978642, -0.75049072504, -0.758100092411]}, "melbands_skewness": {"dmean2": 0.669998645782, "median": 0.934196352959, "min": -2.25526499748, "dvar2": 0.568495452404, "dvar": 0.227217286825, "dmean": 0.428914695978, "max": 19.3232402802, "var": 1.21433341503, "mean": 1.05021905899}, "spectral_spread": {"dmean2": 358362, "median": 2526620, "min": 876257.75, "dvar2": 417444364288, "dvar": 241381818368, "dmean": 227822.078125, "max": 42434608, "var": 14294525673500.0, "mean": 2977493}, "dissonance": {"dmean2": 0.046286161989, "median": 0.457719564438, "min": 0.207506015897, "dvar2": 0.00203660340048, "dvar": 0.00070962193422, "dmean": 0.0271715689451, "max": 0.499998450279, "var": 0.00229763309471, "mean": 0.444292545319}, "spectral_skewness": {"dmean2": 0.57869052887, "median": 1.72602987289, "min": -0.0669296532869, "dvar2": 0.283876866102, "dvar": 0.0953244417906, "dmean": 0.329450309277, "max": 8.59194374084, "var": 1.50457537174, "mean": 2.13814878464}, "spectral_flux": {"dmean2": 0.024140458554, "median": 0.0702368542552, "min": 6.35073937882e-11, "dvar2": 0.00079369120067, "dvar": 0.000294085824862, "dmean": 0.0144721921533, "max": 0.249221771955, "var": 0.00204877881333, "mean": 0.066134147346}, "spectral_contrast_valleys": {"dmean2": [0.630759477615, 0.525678098202, 0.428336143494, 0.349924743176, 0.255273759365, 0.2473988235], "median": [-7.80848407745, -6.62218904495, -7.08512496948, -7.70726013184, -7.79600906372, -11.323964119], "min": [-28.1229496002, -27.9950408936, -27.8894538879, -27.7059993744, -27.4694824219, -27.3947792053], "dvar2": [0.25462448597, 0.190733939409, 0.121499434114, 0.0866125524044, 0.0568545907736, 0.0649032145739], "dvar": [0.111827984452, 0.0846654549241, 0.0589126087725, 0.04484154284, 0.0364281125367, 0.0476690456271], "dmean": [0.387066155672, 0.316204339266, 0.257425189018, 0.213434621692, 0.161756649613, 0.182475477457], "max": [-5.33158493042, -4.98564529419, -5.42033863068, -6.01308345795, -6.13982009888, -8.94276237488], "var": [5.06658506393, 5.46832752228, 5.62688970566, 5.89377737045, 6.41521120071, 4.42058753967], "mean": [-8.18626022339, -7.25462436676, -7.81380081177, -8.50657367706, -8.68310165405, -11.9312086105]}, "erbbands_flatness_db": {"dmean2": 0.0241490788758, "median": 0.231562659144, "min": 0.0218620989472, "dvar2": 0.000475998851471, "dvar": 0.000216205167817, "dmean": 0.0162231717259, "max": 0.415368527174, "var": 0.00293837930076, "mean": 0.232925131917}, "spectral_energyband_high": {"dmean2": 0.000151905638631, "median": 9.72227135208e-05, "min": 6.92222056647e-21, "dvar2": 8.60025508587e-08, "dvar": 3.6963974992e-08, "dmean": 9.80541226454e-05, "max": 0.00404246011749, "var": 2.26337448339e-07, "mean": 0.000309953960823}, "spectral_entropy": {"dmean2": 0.165453314781, "median": 7.15602111816, "min": 5.0608663559, "dvar2": 0.0215355772525, "dvar": 0.0101577630267, "dmean": 0.109804183245, "max": 9.82351303101, "var": 0.389277547598, "mean": 7.04828214645}, "silence_rate_20dB": {"dmean2": 0, "median": 1, "min": 1, "dvar2": 0, "dvar": 0, "dmean": 0, "max": 1, "var": 0, "mean": 1}, "melbands_flatness_db": {"dmean2": 0.0269008520991, "median": 0.211335808039, "min": 0.00249145389535, "dvar2": 0.000620063859969, "dvar": 0.000255580671364, "dmean": 0.017463510856, "max": 0.605314970016, "var": 0.00632002390921, "mean": 0.224506750703}, "barkbands": {"dmean2": [0.000147457671119, 0.0023995032534, 0.00142375216819, 0.00126847263891, 0.00140409090091, 0.000711618107744, 0.00103809428401, 0.00110378628597, 0.00196917215362, 0.00246129604056, 0.00117404619232, 0.000985510181636, 0.00158440601081, 0.000843037676532, 0.000931500981096, 0.000549593474716, 0.000501711736433, 0.000393448397517, 0.000371479749447, 0.000110216627945, 7.84592848504e-05, 3.03284559777e-05, 1.08219437607e-05, 7.95321284386e-06, 3.68498967873e-06, 8.35659307086e-07, 5.73516523161e-08], "median": [3.47114473698e-05, 0.000308096612571, 0.000271300028544, 0.000225362673518, 0.000627341913059, 0.000450681749498, 0.000534661696292, 0.000382650061511, 0.00087178836111, 0.000586791487876, 0.000223302398808, 0.000223922572332, 0.000371993868612, 0.000187087076483, 0.000170272120158, 0.000185451790458, 0.000211563106859, 0.000193580694031, 0.000181952462299, 5.60996450076e-05, 2.66406204901e-05, 1.37725137392e-05, 4.16827697336e-06, 2.26025622396e-06, 1.31542333293e-06, 3.0914452509e-07, 7.45896855392e-09], "min": [9.35881700988e-25, 4.97984539183e-24, 2.12262215591e-24, 5.53622780499e-25, 6.57685051267e-24, 5.59113094627e-24, 1.0157308329e-23, 7.4183935213e-24, 1.88244741853e-23, 1.29797185416e-23, 1.58766776874e-23, 2.46352930329e-23, 1.21638438835e-23, 3.75718829711e-23, 4.84332070595e-23, 6.25172014952e-23, 6.46591040033e-23, 9.87061702787e-23, 1.49454419038e-22, 1.72257989671e-22, 2.43368511753e-22, 3.06159946542e-22, 3.46465664846e-22, 5.98342640995e-22, 8.088620254e-22, 1.37367557881e-21, 1.90452822849e-21], "dvar2": [8.52365076298e-08, 4.14629539591e-05, 1.22262290461e-05, 1.0421494153e-05, 8.49545722303e-06, 1.80302492936e-06, 3.99779855798e-06, 6.29666783425e-06, 1.4156384168e-05, 3.74744704459e-05, 1.09959182737e-05, 6.75261799188e-06, 1.65678211488e-05, 8.7858943516e-06, 7.60852663007e-06, 2.96245366371e-06, 1.19772141716e-06, 6.75307319398e-07, 5.6343782262e-07, 4.67013485661e-08, 3.79924962601e-08, 3.52318019203e-09, 6.81870060415e-10, 7.42525652075e-10, 1.39447411951e-10, 5.20814251101e-12, 4.49864991992e-14], "dvar": [3.13526271611e-08, 1.75354107341e-05, 4.57414625998e-06, 3.9613082663e-06, 3.08314315589e-06, 8.00099940079e-07, 1.84639884537e-06, 2.69107363238e-06, 5.68491532249e-06, 1.34562169478e-05, 4.71516614198e-06, 2.62397202277e-06, 6.21864637651e-06, 3.41933673553e-06, 3.49043784809e-06, 1.07118580672e-06, 4.30448608313e-07, 2.59114187884e-07, 2.07267717656e-07, 1.83310415736e-08, 1.58686805918e-08, 1.45208611801e-09, 3.07002062661e-10, 3.6108824264e-10, 6.50628786958e-11, 2.34722094192e-12, 1.86662903694e-14], "dmean": [8.87383357622e-05, 0.00151420850307, 0.000860331521835, 0.000752762309276, 0.000833812751807, 0.00047039432684, 0.000676493102219, 0.000714530295227, 0.00126850209199, 0.00148230034392, 0.000745876925066, 0.000590170326177, 0.000974085880443, 0.000516094209161, 0.000595662684646, 0.000330237788148, 0.000298241677228, 0.000238936627284, 0.000223955634283, 6.79250224493e-05, 4.94834093843e-05, 1.92260486074e-05, 7.1938839028e-06, 5.52092797079e-06, 2.51537630902e-06, 5.73334261844e-07, 3.53773970119e-08], "max": [0.00346664129756, 0.0700080096722, 0.0384480170906, 0.0369105562568, 0.0372284241021, 0.0274482704699, 0.0345777720213, 0.0385888963938, 0.048547770828, 0.0732628405094, 0.0494567118585, 0.0507131814957, 0.0694418698549, 0.0653254762292, 0.0722945481539, 0.043940294534, 0.0171966999769, 0.0137036656961, 0.01399804838, 0.00294110132381, 0.00308496924117, 0.000637232791632, 0.000517573789693, 0.000740626186598, 0.000294235826004, 5.47447853023e-05, 7.996532986e-06], "var": [4.18697325699e-08, 2.52392128459e-05, 7.2298289524e-06, 4.97411565448e-06, 4.21018103225e-06, 2.88532487502e-06, 6.16686838839e-06, 6.59622219246e-06, 1.55058150995e-05, 3.03681808873e-05, 1.07640298666e-05, 6.50008041703e-06, 1.2633935512e-05, 6.76289937473e-06, 1.02627445813e-05, 2.35161564888e-06, 8.49420246141e-07, 6.59051181628e-07, 5.85717202739e-07, 6.33145020856e-08, 6.89512731356e-08, 5.16453102506e-09, 8.462693879e-10, 8.41329228507e-10, 2.00985658672e-10, 1.10041576545e-11, 4.56396056473e-14], "mean": [0.000113255038741, 0.00205385591835, 0.0012300532544, 0.000998041708954, 0.00132023135666, 0.00100218178704, 0.00130510609597, 0.00125738594215, 0.00234787608497, 0.00250793015584, 0.00116437312681, 0.000942561018746, 0.00159010256175, 0.000864453148097, 0.00103868823498, 0.000584802415688, 0.000538049032912, 0.000480121729197, 0.000480261194753, 0.000155892892508, 0.000123487508972, 4.57130154246e-05, 1.59857681865e-05, 1.19873093354e-05, 6.33555146123e-06, 1.57118449806e-06, 5.83041313007e-08]}, "erbbands_skewness": {"dmean2": 0.539973914623, "median": 0.224642366171, "min": -2.08443212509, "dvar2": 0.255946844816, "dvar": 0.0975427627563, "dmean": 0.346889853477, "max": 4.77371644974, "var": 0.531342983246, "mean": 0.256129711866}, "erbbands_spread": {"dmean2": 6.43118047714, "median": 19.967376709, "min": 1.77031219006, "dvar2": 38.4139671326, "dvar": 15.6985282898, 