{"metadata": {"tags": {"musicbrainz_recordingid": ["05b82b21-aace-4885-bafc-f689e515b143"], "artistsort": ["Alexander O'Neal"], "musicbrainz_artistid": ["fc4af92a-1aa8-4f35-9aea-29b2ecbe0779"], "artist": ["Alexander O'Neal"], "genre": ["Soul/R&B"], "musicbrainz_albumid": ["854ae9fe-9830-4cfd-b893-bacba8e17c0a"], "discnumber": ["1/1"], "title": ["Fake \u201888 (Single Remix)"], "tracknumber": ["2/12"], "musicbrainz_albumartistid": ["fc4af92a-1aa8-4f35-9aea-29b2ecbe0779"], "album": ["Greatest - Alexander O'Neal"], "script": ["Latn"], "compilation": ["0"], "date": ["2012"], "file_name": "02 Fake _88 (Single Remix).m4a", "musicbrainz_releasegroupid": ["be30eab9-4fa2-3bfe-9ed2-11127344f7d5"]}, "audio_properties": {"sample_rate": 44100, "downmix": "mix", "lossless": false, "analysis_sample_rate": 44100, "md5_encoded": "75bddb31853504aab0be2fb942fc89c7", "equal_loudness": 0, "replay_gain": -8.5345287323, "codec": "aac", "bit_rate": 268033, "length": 232.896148682}, "version": {"extractor": "music 1.0", "essentia_build_sha": "c0e182ba78c2de26e491b7b7a4a2c98c1ed34208", "essentia_git_sha": "v2.1_beta2-2-gbb40004", "essentia": "2.1-beta2"}}, "rhythm": {"beats_loudness_band_ratio": {"dvar2": [0.0482811927795, 0.00306062423624, 0.00927956961095, 0.00655979430303, 0.00508027197793, 0.00310857244767], "var": [0.0265450850129, 0.00103419320658, 0.00274565513246, 0.00230864016339, 0.00158642989118, 0.00134655158035], "min": [0, 0, 0, 0, 0, 0], "dmean": [0.139814600348, 0.0292117707431, 0.0481400750577, 0.0441108159721, 0.0318463295698, 0.0394773371518], "mean": [0.784195661545, 0.0441068187356, 0.0499871186912, 0.0429058000445, 0.0300576258451, 0.0502845980227], "max": [0.9802313447, 0.298637062311, 0.351070165634, 0.269274413586, 0.328692138195, 0.244013637304], "dmean2": [0.242898866534, 0.0519289821386, 0.0870003029704, 0.0773428380489, 0.0560027807951, 0.0720116943121], "median": [0.823417544365, 0.0360329896212, 0.0319546014071, 0.0251837335527, 0.015092888847, 0.0414449125528], "dvar": [0.0171456951648, 0.00102959596552, 0.00321738584898, 0.00215554470196, 0.00173801463097, 0.00106339843478]}, "bpm_histogram_first_peak_weight": {"dvar2": 0, "var": 0, "min": 0.55710953474, "dmean": 0, "mean": 0.55710953474, "max": 0.55710953474, "dmean2": 0, "median": 0.55710953474, "dvar": 0}, "bpm": 111.00945282, "beats_count": 430, "bpm_histogram_first_peak_spread": {"dvar2": 0, "var": 0, "min": 0.440281033516, "dmean": 0, "mean": 0.440281033516, "max": 0.440281033516, "dmean2": 0, "median": 0.440281033516, "dvar": 0}, "danceability": 1.6096830368, "bpm_histogram_first_peak_bpm": {"dvar2": 0, "var": 0, "min": 110, "dmean": 0, "mean": 110, "max": 110, "dmean2": 0, "median": 110, "dvar": 0}, "beats_position": [0.452789098024, 0.940408170223, 1.45124709606, 1.98530614376, 2.51936507225, 3.06503391266, 3.59909296036, 4.13315200806, 4.67882061005, 5.22448968887, 5.75854873657, 6.30421733856, 6.84988641739, 7.38394546509, 7.91800451279, 8.46367359161, 9.0093421936, 9.54340076447, 10.0890703201, 10.6347389221, 11.1687984467, 11.7028570175, 12.2485256195, 12.7941951752, 13.328253746, 13.873922348, 14.4195919037, 14.9536504745, 15.4877090454, 16.0333786011, 16.5790481567, 17.1131057739, 17.6587753296, 18.2044448853, 18.7385025024, 19.272562027, 19.8182315826, 20.363899231, 20.8979587555, 21.4436283112, 21.9892959595, 22.523355484, 23.0574150085, 23.6030826569, 24.1487522125, 24.6828117371, 25.2168693542, 25.7625389099, 26.3082084656, 26.8422679901, 27.3879356384, 27.9336051941, 28.4676647186, 29.0017223358, 29.5473918915, 30.0930614471, 30.6271190643, 31.1611785889, 31.7068481445, 32.2525177002, 32.7865753174, 33.332244873, 33.8779144287, 34.4119720459, 34.9576416016, 35.5033111572, 36.0373687744, 36.5714263916, 37.1170959473, 37.6627655029, 38.1968231201, 38.730884552, 39.2765541077, 39.8222198486, 40.3562812805, 40.9019508362, 41.4476165771, 41.981678009, 42.5157356262, 43.0614051819, 43.6070747375, 44.1411323547, 44.6751937866, 45.2208595276, 45.7665290833, 46.3005905151, 46.8462562561, 47.3919258118, 47.9259872437, 48.4600448608, 49.0057144165, 49.5513839722, 50.0854415894, 50.6194992065, 51.1651687622, 51.7108383179, 52.2448959351, 52.7905654907, 53.3362350464, 53.8702926636, 54.4159622192, 54.9616317749, 55.4956893921, 56.029750824, 56.5754165649, 57.1210861206, 57.6551475525, 58.1892051697, 58.7348747253, 59.280544281, 59.8146018982, 60.3486595154, 60.894329071, 61.4399986267, 61.9740562439, 62.5197257996, 63.0653953552, 63.5994529724, 64.1451263428, 64.6907958984, 65.2248535156, 65.7589111328, 66.3045806885, 66.8502502441, 67.3843078613, 67.9183654785, 68.4640350342, 69.0097045898, 69.543762207, 70.0778198242, 70.6234893799, 71.1691589355, 71.7032165527, 72.2488861084, 72.7945556641, 73.3286132812, 73.8742828369, 74.4199523926, 74.9540100098, 75.488067627, 76.0337371826, 76.5794067383, 77.1134643555, 77.6475296021, 78.1931991577, 78.738861084, 79.2729263306, 79.8069839478, 80.3526535034, 80.8983230591, 81.4323806763, 81.9780502319, 82.5237197876, 83.0577774048, 83.591835022, 84.1375045776, 84.6831741333, 85.2172317505, 85.7512893677, 86.2969589233, 86.842628479, 87.3766860962, 87.9223556519, 88.4680252075, 89.0020828247, 89.5361404419, 90.0818099976, 90.6274795532, 91.1731491089, 91.7072067261, 92.2528762817, 92.7869338989, 93.3209991455, 93.8666687012, 94.4123306274, 94.946395874, 95.4920654297, 96.037727356, 96.5717926025, 97.1058502197, 97.6515197754, 98.1971893311, 98.7312469482, 99.2653045654, 99.8109741211, 100.356643677, 100.890701294, 101.43637085, 101.982040405, 102.516098022, 103.05015564, 103.595825195, 104.141494751, 104.675552368, 105.221221924, 105.766891479, 106.300949097, 106.835006714, 107.38067627, 107.926345825, 108.460403442, 108.994468689, 109.540130615, 110.085800171, 110.619865417, 111.165527344, 111.711196899, 112.245262146, 112.779319763, 113.324989319, 113.870658875, 114.404716492, 114.950386047, 115.496055603, 116.03011322, 116.564170837, 117.109840393, 117.655509949, 118.189567566, 118.723625183, 119.269294739, 119.814964294, 120.349021912, 120.894691467, 121.440361023, 121.97441864, 122.508476257, 123.054145813, 123.599815369, 124.133872986, 124.679542542, 125.225212097, 125.759269714, 126.293327332, 126.838996887, 127.384666443, 127.91872406, 128.452789307, 128.998458862, 129.544128418, 130.078186035, 130.623855591, 131.169525146, 131.703582764, 132.249252319, 132.794921875, 133.328979492, 133.863037109, 134.408706665, 134.954376221, 135.488433838, 136.022491455, 136.568161011, 137.113830566, 137.647888184, 138.181945801, 138.727615356, 139.273284912, 139.807342529, 140.353012085, 140.898681641, 141.432739258, 141.978408813, 142.524078369, 143.058135986, 143.592193604, 144.137863159, 144.683532715, 145.217590332, 145.751647949, 146.297317505, 146.842987061, 147.377044678, 147.911102295, 148.456771851, 149.002441406, 149.536499023, 150.082168579, 150.627838135, 151.161895752, 151.695953369, 152.241622925, 152.78729248, 153.321365356, 153.867019653, 154.412689209, 154.946762085, 155.480819702, 156.026489258, 156.572158813, 157.106216431, 157.640274048, 158.185943604, 158.731613159, 159.265670776, 159.811340332, 160.357009888, 160.891067505, 161.436737061, 161.982406616, 162.516464233, 163.050521851, 163.596191406, 164.141860962, 164.675918579, 165.209976196, 165.755645752, 166.301315308, 166.835372925, 167.369430542, 167.915100098, 168.460769653, 169.006439209, 169.552108765, 170.086166382, 170.620223999, 171.154281616, 171.699951172, 172.245620728, 172.779678345, 173.3253479, 173.871017456, 174.405075073, 174.93913269, 175.484802246, 176.030471802, 176.564529419, 177.110198975, 177.65586853, 178.189926147, 178.723983765, 179.258041382, 179.803710938, 180.349380493, 180.88343811, 181.429107666, 181.974777222, 182.508834839, 183.054504395, 183.60017395, 184.134231567, 184.668289185, 185.21395874, 185.759628296, 186.293685913, 186.827758789, 187.373413086, 187.919082642, 188.453155518, 188.998809814, 189.54447937, 190.078552246, 190.612609863, 191.158279419, 191.703948975, 192.238006592, 192.783676147, 193.329345703, 193.86340332, 194.397460938, 194.943130493, 195.488800049, 196.022857666, 196.556915283, 197.102584839, 197.648254395, 198.182312012, 198.727981567, 199.273651123, 199.80770874, 200.341766357, 200.875823975, 201.42149353, 201.967163086, 202.501220703, 203.046890259, 203.592559814, 204.126617432, 204.672286987, 205.217956543, 205.75201416, 206.286071777, 206.831741333, 207.377410889, 207.911468506, 208.445526123, 208.991195679, 209.536865234, 210.070922852, 210.616592407, 211.162261963, 211.69631958, 212.241989136, 212.787658691, 213.321716309, 213.855773926, 214.401443481, 214.947113037, 215.481170654, 216.015228271, 216.560897827, 217.106567383, 217.640625, 218.174682617, 218.720352173, 219.266021729, 219.800079346, 220.345748901, 220.891418457, 221.425476074, 221.97114563, 222.516815186, 223.050872803, 223.584945679, 224.130615234, 224.676269531, 225.210342407, 225.744400024, 226.29006958, 226.835739136, 227.369796753, 227.915466309, 228.461135864, 228.995193481, 229.540863037, 230.086532593, 230.632202148, 231.177871704, 231.723526001, 232.269195557], "beats_loudness": {"dvar2": 0.006787980441, "var": 0.00333481281996, "min": 0, "dmean": 0.0629264488816, "mean": 0.0988502129912, "max": 0.239537239075, "dmean2": 0.112371690571, "median": 0.102176979184, "dvar": 0.00216598203406}, "bpm_histogram_second_peak_weight": {"dvar2": 0, "var": 0, "min": 0.00233100238256, "dmean": 0, "mean": 0.00233100238256, "max": 0.00233100238256, "dmean2": 0, "median": 0.00233100238256, "dvar": 0}, "bpm_histogram_second_peak_spread": {"dvar2": 0, "var": 0, "min": 0, "dmean": 0, "mean": 0, "max": 0, "dmean2": 0, "median": 0, "dvar": 0}, "bpm_histogram_second_peak_bpm": {"dvar2": 0, "var": 0, "min": 117, "dmean": 0, "mean": 117, "max": 117, "dmean2": 0, "median": 117, "dvar": 0}, "onset_rate": 4.90322875977}, "lowlevel": {"spectral_energyband_high": {"dvar2": 0.000102902304207, "var": 3.01131804008e-05, "min": 6.994833938e-21, "dmean": 0.00265966448933, "mean": 0.00245402799919, "max": 0.0683875232935, "dmean2": 0.00463503552601, "median": 0.000675103277899, "dvar": 3.91693902202e-05}, "spectral_energyband_middle_low": {"dvar2": 0.000144336197991, "var": 5.50163240405e-05, "min": 1.57792893376e-22, "dmean": 0.00344519875944, "mean": 0.00485451798886, "max": 0.0719907283783, "dmean2": 0.00569858076051, "median": 0.00245015579276, "dvar": 5.38629356015e-05}, "spectral_energy": {"dvar2": 0.00306453672238, "var": 0.00157558743376, "min": 9.98123221471e-21, "dmean": 0.021098382771, "mean": 0.0324274860322, "max": 0.34988078475, "dmean2": 0.0340178646147, "median": 0.0205357912928, "dvar": 0.00131366646383}, "spectral_spread": {"dvar2": 6622041079810.0, "var": 19681154957300.0, "min": 1200303.625, "dmean": 1524922.875, "mean": 7787190, "max": 42486504, "dmean2": 2413068.75, "median": 7042646, "dvar": 3118735556610.0}, "spectral_energyband_low": {"dvar2": 0.00266924779862, "var": 0.000928676920012, "min": 1.13370064254e-23, "dmean": 0.0178094133735, "mean": 0.0226040668786, "max": 0.319307416677, "dmean2": 0.0299842972308, "median": 0.0132295489311, "dvar": 0.000995829934254}, "spectral_rolloff": {"dvar2": 19131198, "var": 11883988, "min": 64.599609375, "dmean": 1875.54650879, "mean": 2276.63012695, "max": 19638.28125, "dmean2": 3398.23461914, "median": 667.529296875, "dvar": 7748855.5}, "barkbands": {"dvar2": [1.00365298294e-06, 0.002156753093, 9.85566221061e-05, 1.4452508367e-05, 1.0285015378e-05, 2.08341270991e-06, 4.25991720476e-06, 3.5379171095e-06, 1.22819537864e-05, 1.02737203633e-05, 1.9108304059e-06, 6.42092004455e-07, 1.72143199961e-06, 6.66685366468e-07, 9.60288275564e-07, 2.05786250262e-06, 1.20532979508e-06, 2.05739934245e-06, 1.05995252397e-06, 4.61742700963e-07, 1.31440242512e-06, 6.84107135385e-07, 2.51085702985e-06, 1.00536399259e-05, 5.17451871929e-06, 1.89441857401e-06, 3.5532956133e-08], "var": [1.09329869247e-06, 0.000662111560814, 3.76032112399e-05, 4.52760605185e-06, 4.04086358685e-06, 1.09139307369e-06, 1.61606772053e-06, 1.80973722763e-06, 4.60035244032e-06, 2.19500634557e-06, 6.19309105332e-07, 4.50701350019e-07, 6.45657166842e-07, 5.07761114932e-07, 4.84406825763e-07, 5.96091751959e-07, 4.46222173878e-07, 5.06249705268e-07, 2.90429511551e-07, 1.45417729414e-07, 3.83523257597e-07, 2.22676760586e-07, 8.06177638424e-07, 2.79776031675e-06, 1.53540599968e-06, 5.37241930942e-07, 9.98119897844e-09], "min": [3.6586693322e-25, 2.34078045596e-24, 8.3390111582e-25, 5.35553231212e-25, 1.71839602301e-24, 1.31251766039e-23, 5.35132827514e-24, 6.96963342928e-24, 1.55107393129e-23, 1.1688884932e-23, 1.33737056543e-23, 9.10112139569e-24, 2.6060802554e-23, 3.86634550492e-23, 4.86057151623e-23, 3.44409981679e-23, 3.89239810963e-23, 9.36485368907e-23, 8.56325615122e-23, 1.66833920926e-22, 1.89012006902e-22, 2.81951383083e-22, 3.30628165146e-22, 5.33923830335e-22, 6.81221604632e-22, 1.3648836546e-21, 1.995055836e-21], "dmean": [0.000534357212018, 0.0156472623348, 0.00288931070827, 0.000981805380434, 0.000893252319656, 0.00047545041889, 0.00048966932809, 0.000485074880999, 0.000874117889907, 0.000531260448042, 0.000289276300464, 0.000244756927714, 0.00028429646045, 0.000243105256232, 0.000280417967588, 0.000316241115797, 0.000269297743216, 0.000293719844194, 0.000233474565903, 0.000152860375238, 0.000232767866692, 0.000194897016627, 0.000391465320718, 0.000847036135383, 0.00061301572714, 0.000373214075807, 3.91703033529e-05], "mean": [0.000887933827471, 0.0180215723813, 0.00309473299421, 0.000978589756414, 0.00102098146453, 0.000595271296334, 0.000505625561345, 0.000600405794103, 0.000999680138193, 0.000450460240245, 0.000309502531309, 0.00032842787914, 0.00031733783544, 0.000318096077535, 0.000327890156768, 0.000314251985401, 0.000306817819364, 0.00027422758285, 0.000231267142226, 0.000178987436811, 0.000259663735051, 0.000224462186452, 0.000374290510081, 0.000687503430527, 0.000497547734994, 0.000287846603896, 3.39076614182e-05], "max": [0.00948261655867, 0.290291249752, 0.0769901797175, 0.0279990881681, 0.0236063394696, 0.0136501872912, 0.0241950917989, 0.0322365351021, 0.0410211272538, 0.0265132877976, 0.0163073055446, 0.0102730700746, 0.0194215551019, 0.010749200359, 0.00967911351472, 0.00819103140384, 0.010829902254, 0.00941680464894, 0.00670301215723, 0.00468328548595, 0.00928012095392, 0.00914151500911, 0.0182277616113, 0.0207627285272, 0.0119238998741, 0.0108547583222, 0.00214095483534], "dmean2": [0.000732532585971, 0.0268642939627, 0.00482431007549, 0.00173378852196, 0.0014637632994, 0.000782496470492, 0.000846805458423, 0.000788410601672, 0.00147284707054, 0.000966186402366, 0.000494201027323, 0.000394083908759, 0.000477263965877, 0.000397689116653, 0.000473732856335, 0.000564906280488, 0.000471939420095, 0.00053308281349, 0.000417492585257, 0.000267274910584, 0.000404154357966, 0.000341061793733, 0.000680255703628, 0.00148141058162, 0.0010697186226, 0.000656591495499, 6.96223432897e-05], "median": [0.000541979679838, 0.00971210934222, 0.000487445417093, 0.000117566793051, 0.000275965285255, 0.000179572802153, 8.06057651062e-05, 0.000157522939844, 0.000224176459596, 8.69950599736e-05, 6.44850224489e-05, 9.35753560043e-05, 7.63920834288e-05, 7.47610320104e-05, 6.17306359345e-05, 5.70115480514e-05, 6.10108727415e-05, 4.64002187073e-05, 5.56545746804e-05, 4.78342662973e-05, 6.99379816069e-05, 5.77803912165e-05, 7.51086918171e-05, 0.000169577469933, 8.89302609721e-05, 5.04196577822e-05, 4.88676369059e-06], "dvar": [5.15105853083e-07, 0.000781202339567, 3.75066119886e-05, 5.11599046149e-06, 3.99969894715e-06, 8.26193911507e-07, 1.56793248607e-06, 1.40841632401e-06, 4.52195990874e-06, 3.53735890712e-06, 6.91918728535e-07, 2.78431002698e-07, 6.71295708798e-07, 2.78151532029e-07, 3.65636026345e-07, 7.24401047592e-07, 4.36699565398e-07, 7.21774824797e-07, 3.78018825131e-07, 1.66139230373e-07, 4.81716369904e-07, 2.50726913009e-07, 9.49616605794e-07, 3.83676160709e-06, 2.00801332539e-06, 7.24075505332e-07, 1.33126665247e-08]}, "melbands_skewness": {"dvar2": 12.6966161728, "var": 11.1534643173, "min": -2.47897291183, "dmean": 2.0517168045, "mean": 5.00756168365, "max": 26.4549407959, "dmean2": 3.32755899429, "median": 4.20826101303, "dvar": 4.91936206818}, "barkbands_skewness": {"dvar2": 5.4671254158, "var": 5.29203796387, "min": -6.26245927811, "dmean": 1.34339368343, "mean": 2.51608085632, "max": 26.5603199005, "dmean2": 2.13043880463, "median": 2.08305358887, "dvar": 2.23380851746}, "erbbands": {"dvar2": [1.11665260792, 133.806228638, 235.952758789, 124.770568848, 68.7379455566, 169.899261475, 165.202667236, 211.117828369, 1004.03070068, 504.032806396, 2601.77661133, 6762.38671875, 12330.2929688, 3345.50195312, 2918.44458008, 977.926940918, 2589.83935547, 1874.60449219, 1609.24658203, 2691.92285156, 6489.21044922, 4279.71630859, 7916.37207031, 2017.89367676, 2915.8293457, 1028.82299805, 2323.99487305, 1481.70251465, 916.270996094, 1222.44897461, 2147.87011719, 4622.08105469, 1732.33227539, 615.172607422, 264.679473877, 53.831905365, 6.66132879257, 0.119305834174, 0.00109324464574, 3.36027915182e-06], "var": [0.389348417521, 40.6024246216, 82.3686294556, 44.7490653992, 26.8475131989, 65.5997467041, 73.7257537842, 88.4933242798, 299.040435791, 311.171600342, 1249.22583008, 2318.11816406, 2623.97241211, 1051.86779785, 927.922424316, 625.925720215, 1059.95043945, 1422.21765137, 827.82421875, 1188.46679688, 1971.66125488, 1614.484375, 1892.53479004, 612.503967285, 763.262207031, 314.180999756, 629.89855957, 471.378234863, 297.040710449, 395.099121094, 687.803955078, 1320.52648926, 495.787597656, 193.896240234, 72.3059616089, 15.1763925552, 1.84335625172, 0.0339856185019, 0.000301016902085, 9.37517711463e-07], "min": [5.91640062226e-23, 4.6533660292e-22, 1.04644123212e-21, 5.50393176065e-21, 1.18722034457e-20, 1.11095065702e-20, 4.99698806379e-20, 1.13352410898e-19, 1.40699040723e-19, 1.51754128664e-19, 2.25892168543e-19, 4.29828843978e-19, 4.2238956929e-19, 6.37193459269e-19, 8.05974700177e-19, 6.6012585268e-19, 1.51582801465e-18, 1.84378413781e-18, 2.09714480315e-18, 2.42866907329e-18, 2.7765994369e-18, 3.15569445048e-18, 5.26316039972e-18, 6.65015120825e-18, 5.21762327982e-18, 8.08806863197e-18, 8.63591035166e-18, 8.05745964058e-18, 9.55562848652e-18, 1.13980417793e-17, 9.26343934285e-18, 1.11622895144e-17, 8.79298781408e-18, 6.77213098369e-18, 5.78663834166e-18, 3.99268707946e-18, 2.28830396797e-18, 1.00171272327e-18, 2.42539436864e-19, 2.64261813673e-20], "dmean": [0.431759566069, 3.61786055565, 4.26139974594, 3.14132142067, 2.29627752304, 3.41157341003, 3.89548611641, 4.18865251541, 6.99563789368, 6.48164510727, 13.9392700195, 19.5338840485, 18.2178783417, 12.4571876526, 11.0125112534, 9.28595066071, 11.8192672729, 12.185382843, 12.1283016205, 14.4782075882, 17.6494045258, 15.9986181259, 17.4356994629, 10.8494405746, 11.4119510651, 7.10680532455, 9.6429605484, 8.32462596893, 7.13612747192, 8.6346206665, 11.9062709808, 17.8391551971, 11.6528139114, 6.92738676071, 4.22320747375, 1.97878742218, 0.696962535381, 0.0850199535489, 0.00713527388871, 0.000385779130738], "mean": [0.565309345722, 3.77443361282, 4.65564966202, 3.51917171478, 2.62518692017, 3.75807332993, 4.76272630692, 4.83045768738, 6.93223190308, 8.29727554321, 17.8306922913, 21.644695282, 15.9105634689, 13.7626190186, 12.3478355408, 12.60896492, 14.2393312454, 16.6293449402, 14.8847618103, 16.9208488464, 18.31772995, 18.7784481049, 16.5513458252, 11.7823162079, 11.1662712097, 8.19465065002, 10.3638219833, 9.58275127411, 8.05034446716, 9.14919090271, 11.2666845322, 15.5420227051, 9.10626792908, 5.80583763123, 3.30676651001, 1.52733397484, 0.52377563715, 0.0686240121722, 0.00599468080327, 0.000345015345374], "max": [8.40943431854, 69.0914459229, 116.912078857, 79.8040008545, 67.4750671387, 96.5885848999, 110.897163391, 118.153709412, 345.268341064, 253.44342041, 791.002990723, 866.942504883, 1061.42700195, 646.840820312, 604.891662598, 471.284667969, 804.762512207, 607.49017334, 410.870269775, 429.845184326, 563.813354492, 620.51574707, 577.843017578, 336.974273682, 377.135314941, 237.130020142, 362.908203125, 314.914886475, 297.250427246, 307.527984619, 454.857757568, 416.931365967, 285.06930542, 138.410385132, 100.480308533, 59.4629592896, 17.8054180145, 2.91996979713, 0.318120598793, 0.0214454922825], "dmean2": [0.730606853962, 6.22134876251, 7.11600875854, 5.38946437836, 3.83171343803, 5.65127801895, 6.38395547867, 7.00741386414, 12.254940033, 10.6916275024, 22.7613353729, 33.1154670715, 33.1610336304, 21.5122203827, 18.9558944702, 14.8886537552, 19.8304538727, 19.7449989319, 20.5424118042, 24.6489562988, 31.5373077393, 27.990026474, 31.7568759918, 19.3563899994, 20.5194568634, 12.4184160233, 17.1417541504, 14.2617816925, 12.4885616302, 15.051659584, 20.636756897, 30.8976631165, 20.4472427368, 11.9210386276, 7.50948572159, 3.49285125732, 1.23234820366, 0.1494692415, 0.0127043891698, 0.000679480494], "median": [0.387779921293, 1.64520525932, 1.36551809311, 0.594158470631, 0.554496824741, 0.950923383236, 1.49807548523, 1.35101556778, 1.28928852081, 2.08321237564, 5.1723780632, 4.88805818558, 3.10227870941, 3.27627110481, 3.17316770554, 3.76849508286, 3.92609477043, 4.12201976776, 3.52438282967, 3.43153071404, 3.34695672989, 3.8591427803, 2.78385686874, 3.06743693352, 2.64287209511, 2.18834733963, 2.74539709091, 2.63827967644, 2.03674483299, 2.01922488213, 2.48133850098, 4.72055912018, 1.57844948769, 1.09841012955, 0.563889622688, 0.269397735596, 0.0809895917773, 0.0127102127299, 0.000887834932655, 7.90145350038e-05], "dvar": [0.388322561979, 49.2119789124, 89.8772659302, 45.5538482666, 25.9976139069, 66.2326660156, 63.876209259, 80.4284057617, 360.007354736, 204.490356445, 1011.65283203, 2468.21411133, 4239.67626953, 1214.41723633, 1054.50244141, 412.112976074, 1016.67285156, 802.795043945, 618.042724609, 1019.90258789, 2278.42822266, 1547.05358887, 2763.20410156, 720.013183594, 1034.80883789, 371.17376709, 836.936096191, 549.627441406, 337.419219971, 453.256439209, 815.100219727, 1766.51818848, 666.007446289, 242.855636597, 100.127220154, 20.5423679352, 2.53646707535, 0.0454779043794, 0.000409407628467, 1.26494910546e-06]}, "silence_rate_30dB": {"dvar2": 0.165193811059, "var": 0.0548322126269, "min": 0, "dmean": 0.0755732804537, "mean": 0.941780507565, "max": 1, "dmean2": 0.151161625981, "median": 1, "dvar": 0.0698669031262}, "melbands_spread": {"dvar2": 1310.01745605, "var": 991.739807129, "min": 0.219505771995, "dmean": 16.4547462463, "mean": 26.6206016541, "max": 279.366516113, "dmean2": 27.7130565643, "median": 16.4652099609, "dvar": 529.917114258}, "melbands_crest": {"dvar2": 45.9310874939, "var": 52.861530304, "min": 1.00146043301, "dmean": 4.65243625641, "mean": 21.5940208435, "max": 37.0591201782, "dmean2": 7.5975484848, "median": 21.5330791473, "dvar": 18.5968055725}, "zerocrossingrate": {"dvar2": 0.000917370605748, "var": 0.00518171861768, "min": 0.0029296875, "dmean": 0.0254205148667, "mean": 0.0841218903661, "max": 0.52734375, "dmean2": 0.0336135067046, "median": 0.068359375, "dvar": 0.000694455869962}, "barkbands_kurtosis": {"dvar2": 3037.59667969, "var": 1214.78259277, "min": -1.97046518326, "dmean": 11.4516973495, "mean": 12.9186897278, "max": 956.580749512, "dmean2": 18.6079330444, "median": 3.7404460907, "dvar": 1109.6730957}, "spectral_flux": {"dvar2": 0.00567498244345, "var": 0.00634566880763, "min": 6.28037205574e-11, "dmean": 0.0416409485042, "mean": 0.0998642742634, "max": 0.490854531527, "dmean2": 0.0646218582988, "median": 0.0805671960115, "dvar": 0.00302896671928}, "barkbands_crest": {"dvar2": 47.8475646973, "var": 34.4611778259, "min": 2.26184105873, "dmean": 4.59501123428, "mean": 14.906375885, "max": 26.4565124512, "dmean2": 7.74165248871, "median": 15.057261467, "dvar": 17.1347236633}, "barkbands_flatness_db": {"dvar2": 0.00436015985906, "var": 0.00524317985401, "min": 0.015212518163, "dmean": 0.0446966439486, "mean": 0.142656743526, "max": 0.624555289745, "dmean2": 0.0702162086964, "median": 0.133456811309, "dvar": 0.00186432607006}, "spectral_entropy": {"dvar2": 0.176371663809, "var": 0.277732938528, "min": 4.72635412216, "dmean": 0.265265703201, "mean": 8.01679515839, "max": 9.8216085434, "dmean2": 0.397517979145, "median": 8.08169460297, "dvar": 0.0902374461293}, "pitch_salience": {"dvar2": 0.0391933061182, "var": 0.0296242814511, "min": 0.0274323876947, "dmean": 0.12659111619, "mean": 0.406359791756, "max": 0.99606192112, "dmean2": 0.212238505483, "median": 0.408153235912, "dvar": 0.0143104512244}, "erbbands_spread": {"dvar2": 916.870300293, "var": 770.400695801, "min": 4.21788549423, "dmean": 17.5402736664, "mean": 58.4059791565, "max": 202.187011719, "dmean2": 27.804567337, "median": 54.1845169067, "dvar": 376.807128906}, "dynamic_complexity": 4.44522428513, "spectral_contrast_valleys": {"dvar2": [0.569775462151, 0.598261117935, 0.525094628334, 0.603582262993, 0.719300210476, 0.975853323936], "var": [6.52673387527, 6.24145412445, 5.96603536606, 5.88242292404, 5.89277839661, 5.42327260971], "min": [-28.4803123474, -28.0324058533, -28.164226532, -27.7460193634, -27.5940303802, -27.4125099182], "dmean": [0.541706502438, 0.515923917294, 0.475248336792, 0.464463979006, 0.453476935625, 0.66193819046], "mean": [-7.61850786209, -7.55277633667, -7.9376540184, -8.23456668854, -8.14862632751, -9.86976242065], "max": [-4.66372489929, -4.65489435196, -4.57143878937, -5.25501346588, -5.1325006485, -6.726770401], "dmean2": [0.813565194607, 0.799412548542, 0.71864181757, 0.687445044518, 0.67512345314, 0.956078827381], "median": [-7.15899896622, -7.23466587067, -7.64589071274, -7.90162658691, -7.86003684998, -9.53310871124], "dvar": [0.319336116314, 0.30037599802, 0.272503614426, 0.301590353251, 0.340010017157, 0.528388619423]}, "hfc": {"dvar2": 12510.4160156, "var": 3748.28076172, "min": 1.08685126803e-16, "dmean": 29.1304283142, "mean": 30.4708271027, "max": 723.00201416, "dmean2": 50.0760765076, "median": 12.2759370804, "dvar": 4755.16796875}, "spectral_kurtosis": {"dvar2": 8.13225841522, "var": 6.79805088043, "min": -1.25526893139, "dmean": 1.18156385422, "mean": 2.31368565559, "max": 75.3621673584, "dmean2": 1.85736107826, "median": 1.93701171875, "dvar": 3.75718975067}, "mfcc": {"mean": [-674.928344727, 85.3077392578, 27.0378952026, 14.0225582123, 14.6121644974, 13.1150999069, 9.65027046204, 14.686252594, 9.81752681732, 15.0510387421, 6.56286382675, 11.3938083649, 1.55027627945], "cov": [[13109.0644531, 102.55973053, -280.030548096, 12.309340477, 189.167144775, -90.1743011475, -125.056259155, 34.8725891113, 139.040985107, -178.254867554, 61.1557693481, -57.7733726501, -59.3739395142], [102.55973053, 1368.60961914, 119.271461487, 138.829330444, 52.2531280518, 84.7992019653, 60.6220397949, 22.3953762054, -16.4017429352, 39.0087394714, -12.2752828598, 15.293053627, -21.8043556213], [-280.030548096, 119.271461487, 883.050842285, 9.3133354187, 26.2987880707, -17.5459518433, 8.77122116089, -8.71284770966, -63.8583755493, -12.654173851, -63.6991043091, -35.3472518921, -23.7619476318], [12.309340477, 138.829330444, 9.3133354187, 369.756774902, 60.728427887, 18.7254123688, -19.4608078003, -6.27882432938, 12.5102539062, -14.82883358, -3.92425608635, -14.6914663315, 17.363237381], [189.167144775, 52.2531280518, 26.2987880707, 60.728427887, 314.071594238, 45.6313591003, 18.4816799164, 9.85509395599, -10.9629573822, 42.2634391785, -7.51553010941, 1.51894176006, -9.33214092255], [-90.1743011475, 84.7992019653, -17.5459518433, 18.7254123688, 45.6313591003, 165.234909058, 82.631149292, 38.1671714783, 15.5583000183, 36.972278595, 28.7124118805, 14.0823030472, 16.7514152527], [-125.056259155, 60.6220397949, 8.77122116089, -19.4608078003, 18.4816799164, 82.631149292, 177.520736694, 63.9809150696, 16.670425415, 37.1541671753, 23.0794658661, 17.3807678223, 18.0965671539], [34.8725891113, 22.3953762054, -8.71284770966, -6.27882432938, 9.85509395599, 38.1671714783, 63.9809150696, 118.557365417, 48.8788261414, 34.8652839661, 24.461774826, 26.4794521332, 18.0258541107], [139.040985107, -16.4017429352, -63.8583755493, 12.5102539062, -10.9629573822, 15.5583000183, 16.670425415, 48.8788261414, 131.927062988, 15.8694448471, 51.8362083435, 16.0453891754, 12.7859678268], [-178.254867554, 39.0087394714, -12.654173851, -14.82883358, 42.2634391785, 36.972278595, 37.1541671753, 34.8652839661, 15.8694448471, 147.665130615, 20.8052444458, 25.424905777, 22.770942688], [61.1557693481, -12.2752828598, -63.6991043091, -3.92425608635, -7.51553010941, 28.7124118805, 23.0794658661, 24.461774826, 51.8362083435, 20.8052444458, 103.276939392, 29.6172771454, 21.707868576], [-57.7733726501, 15.293053627, -35.3472518921, -14.6914663315, 1.51894176006, 14.0823030472, 17.3807678223, 26.4794521332, 16.0453891754, 25.424905777, 29.6172771454, 98.2073669434, 13.4629201889], [-59.3739395142, -21.8043556213, -23.7619476318, 17.363237381, -9.33214092255, 16.7514152527, 18.0965671539, 18.0258541107, 12.7859678268, 22.770942688, 21.707868576, 13.4629201889, 93.999420166]], "icov": [[8.22848305688e-05, -1.73424032255e-05, 2.54071328527e-05, 2.45777828241e-05, -8.18986227387e-05, 4.51864871138e-05, 5.75029225729e-05, -6.70366571285e-05, -7.46468358557e-05, 0.000124682221212, -5.92553951719e-05, 6.1625833041e-05, 2.0243884137e-05], [-1.73424032255e-05, 0.000818675325718, -0.000101646008261, -0.000342266197549, 5.67134557059e-05, -0.000334105541697, -0.000171774052433, -7.00228656569e-06, 0.000138500166941, -0.000220626854571, 0.000127135397634, -0.000197939400095, 0.000349654408637], [2.54071328527e-05, -0.000101646008261, 0.00123732048087, 8.14810690031e-08, -9.42493279581e-05, 0.000187029247172, -0.000152877095388, -0.000229727927945, 0.000406344508519, 5.9285423049e-05, 0.000435412919614, 0.000310068484396, 0.000121438606584], [2.45777828241e-05, -0.000342266197549, 8.14810690031e-08, 0.0031109098345, -0.000679240562022, -0.000381477671908, 0.00062671379419, 0.000134117522975, -0.000622683786787, 0.000641668739263, 0.000203041403438, 0.000458320311736, -0.000967583502643], [-8.18986227387e-05, 5.67134557059e-05, -9.42493279581e-05, -0.000679240562022, 0.00371261197142, -0.000934154202696, 1.45581143443e-05, -6.30830763839e-05, 0.000486714183353, -0.00121588120237, 0.000377891672542, -8.45561589813e-05, 0.000760597467888], [4.51864871138e-05, -0.000334105541697, 0.000187029247172, -0.000381477671908, -0.000934154202696, 0.00878946762532, -0.0034052755218, -0.000441781565314, 0.000224434537813, -0.000630712427665, -0.00157755205873, 0.000221277310629, -0.000395130336983], [5.75029225729e-05, -0.000171774052433, -0.000152877095388, 0.00062671379419, 1.45581143443e-05, -0.0034052755218, 0.00881583988667, -0.00369464722462, 0.000705477257725, -0.000297668826533, -0.000527255528141, 0.000208609460969, -0.000470309430966], [-6.70366571285e-05, -7.00228656569e-06, -0.000229727927945, 0.000134117522975, -6.30830763839e-05, -0.000441781565314, -0.00369464722462, 0.0131369205192, -0.00427595665678, -0.00131062080618, 0.000915852375329, -0.0020421880763, -0.000882170221303], [-7.46468358557e-05, 0.000138500166941, 0.000406344508519, -0.000622683786787, 0.000486714183353, 0.000224434537813, 0.000705477257725, -0.00427595665678, 0.0112110218033, -0.000221833965043, -0.0047197425738, 0.000565742142498, 0.000432931788964], [0.000124682221212, -0.000220626854571, 5.9285423049e-05, 0.000641668739263, -0.00121588120237, -0.000630712427665, -0.000297668826533, -0.00131062080618, -0.000221833965043, 0.00845486484468, -0.000550423574168, -0.00103822781239, -0.00151780573651], [-5.92553951719e-05, 0.000127135397634, 0.000435412919614, 0.000203041403438, 0.000377891672542, -0.00157755205873, -0.000527255528141, 0.000915852375329, -0.0047197425738, -0.000550423574168, 0.0140505274758, -0.00288504268974, -0.00174709397834], [6.1625833041e-05, -0.000197939400095, 0.000310068484396, 0.000458320311736, -8.45561589813e-05, 0.000221277310629, 0.000208609460969, -0.0020421880763, 0.000565742142498, -0.00103822781239, -0.00288504268974, 0.0120408283547, -0.000593349628616], [2.0243884137e-05, 0.000349654408637, 0.000121438606584, -0.000967583502643, 0.000760597467888, -0.000395130336983, -0.000470309430966, -0.000882170221303, 0.000432931788964, -0.00151780573651, -0.00174709397834, -0.000593349628616, 0.0121445655823]]}, "silence_rate_20dB": {"dvar2": 0, "var": 0, "min": 1, "dmean": 0, "mean": 1, "max": 1, "dmean2": 0, "median": 1, "dvar": 0}, "melbands_kurtosis": {"dvar2": 9808.1015625, "var": 5631.02636719, "min": -1.92171096802, "dmean": 35.8453407288, "mean": 48.7424812317, "max": 1335.59228516, "dmean2": 59.1922111511, "median": 22.3168315887, "dvar": 3834.85424805}, "barkbands_spread": {"dvar2": 1018.04125977, "var": 640.001525879, "min": 0.0727395191789, "dmean": 17.7512359619, "mean": 34.1703605652, "max": 130.426727295, "dmean2": 29.6668663025, "median": 28.6446228027, "dvar": 426.789916992}, "erbbands_skewness": {"dvar2": 0.592811644077, "var": 0.817665696144, "min": -7.26118469238, "dmean": 0.463546335697, "mean": 0.051547948271, "max": 6.55383634567, "dmean2": 0.719396054745, "median": 0.02880143933, "dvar": 0.276590406895}, "average_loudness": 0.912095546722, "spectral_centroid": {"dvar2": 726068.9375, "var": 1878873.25, "min": 83.2033081055, "dmean": 463.969482422, "mean": 1878.90161133, "max": 11688.7861328, "dmean2": 735.143920898, "median": 1768.69848633, "dvar": 327591.40625}, "dissonance": {"dvar2": 0.00112067093141, "var": 0.00104914384428, "min": 0.0933092534542, "dmean": 0.0174694452435, "mean": 0.471787363291, "max": 0.500000059605, "dmean2": 0.0291540753096, "median": 0.482444167137, "dvar": 0.0004335277481}, "erbbands_flatness_db": {"dvar2": 0.00080392928794, "var": 0.00130416627508, "min": 0.0367668196559, "dmean": 0.0202463436872, "mean": 0.106166236103, "max": 0.327211916447, "dmean2": 0.0304776635021, "median": 0.0992150455713, "dvar": 0.000424292462412}, "spectral_strongpeak": {"dvar2": 0.677830219269, "var": 0.206206634641, "min": 0, "dmean": 0.220352590084, "mean": 0.338517785072, "max": 14.0303049088, "dmean2": 0.378249764442, "median": 0.233438163996, "dvar": 0.242001831532}, "spectral_rms": {"dvar2": 8.06158732303e-06, "var": 8.08225104265e-06, "min": 3.12054288659e-12, "dmean": 0.00155331986025, "mean": 0.00485328678042, "max": 0.0184755809605, "dmean2": 0.00240887561813, "median": 0.00447603827342, "dvar": 3.77892843062e-06}, "silence_rate_60dB": {"dvar2": 0.0571810267866, "var": 0.0867002159357, "min": 0, "dmean": 0.0257228314877, "mean": 0.0959027037024, "max": 1, "dmean2": 0.0514507927001, "median": 0, "dvar": 0.0250583402812}, "melbands": {"dvar2": [0.000127973587951, 0.000116488874482, 3.24225629811e-06, 3.95163908706e-07, 2.75996995924e-07, 1.0281229379e-07, 2.13704609564e-07, 6.67333566184e-08, 2.18952223463e-07, 2.40075138436e-07, 3.0656659078e-07, 5.80544501361e-08, 3.39155867835e-08, 8.82350903453e-09, 1.52692116728e-08, 1.87022788367e-08, 6.90415591365e-09, 4.12810763351e-09, 6.76306299852e-09, 7.6601320842e-09, 9.99277549596e-09, 5.22453991181e-09, 6.49939480013e-09, 4.09660838585e-09, 1.22291665683e-09, 1.69689640117e-09, 1.0074211465e-09, 3.6971198325e-10, 7.80091380381e-10, 1.10917042218e-09, 3.28647470349e-10, 3.47736561768e-10, 2.13376219471e-10, 5.36363675696e-10, 7.79721065491e-10, 1.17120946275e-09, 2.17824513982e-09, 7.82833353696e-10, 9.69549107666e-10, 3.04600206169e-10], "var": [4.1004121158e-05, 3.81846548407e-05, 1.20186734875e-06, 1.71016665718e-07, 1.07072359867e-07, 4.39165965815e-08, 6.97965703012e-08, 4.3674756256e-08, 1.04468981021e-07, 8.39527771745e-08, 6.49133014008e-08, 1.77348731256e-08, 1.05537489858e-08, 6.17978690443e-09, 7.19120452075e-09, 7.1032255633e-09, 5.56532153695e-09, 2.10064343698e-09, 3.58836138581e-09, 2.22898188795e-09, 2.96188362725e-09, 1.82572967855e-09, 1.81135517696e-09, 1.02678221481e-09, 3.80165759983e-10, 4.79492778815e-10, 2.68978062046e-10, 1.17959239598e-10, 2.1650015114e-10, 3.04731739842e-10, 1.17500217889e-10, 1.07686616568e-10, 7.47188977357e-11, 1.63568936173e-10, 2.36079850113e-10, 3.82374104602e-10, 6.14709783076e-10, 2.2884880102e-10, 2.71394851037e-10, 1.02340469432e-10], "min": [8.272654151e-25, 5.92352596894e-25, 1.23731965237e-24, 6.3723552835e-25, 1.67851772375e-24, 2.79906762113e-24, 2.01072203929e-24, 1.59755811233e-24, 1.22093629327e-24, 2.42176452206e-24, 1.69977003096e-24, 2.48765945398e-24, 2.06345048827e-24, 1.34355160617e-24, 1.54040109684e-24, 2.23063042726e-24, 2.78472849645e-24, 3.12174782175e-24, 3.46356914059e-24, 3.57714026182e-24, 2.19822599342e-24, 2.68159676601e-24, 3.87753021149e-24, 3.48364604506e-24, 5.09424678917e-24, 3.50338295048e-24, 3.70932771156e-24, 4.77647428945e-24, 4.89725283835e-24, 4.9481028123e-24, 4.65734051555e-24, 4.85934846628e-24, 4.79809105041e-24, 5.40233759899e-24, 4.83426505608e-24, 4.42663774938e-24, 5.68017756526e-24, 5.69019609875e-24, 5.45554587262e-24, 5.58344428561e-24], "dmean": [0.00416451320052, 0.00313017261215, 0.000512789061759, 0.000184012722457, 0.000147641068907, 9.5183000667e-05, 0.00010510510765, 7.48079546611e-05, 0.000131985754706, 0.000116950257507, 9.07767025637e-05, 5.16407744726e-05, 3.73858601961e-05, 2.74201192951e-05, 2.9857888876e-05, 2.70798609563e-05, 2.31370831898e-05, 1.95394804905e-05, 2.29637025768e-05, 1.94935946638e-05, 2.14598931052e-05, 1.70929088199e-05, 1.68107198988e-05, 1.31447704916e-05, 8.52535868034e-06, 9.1439778771e-06, 6.78626429362e-06, 4.33110108133e-06, 5.75984586249e-06, 6.61333433527e-06, 4.20880815e-06, 4.33891136709e-06, 3.59225509783e-06, 5.66498647459e-06, 7.11910570317e-06, 8.64177673066e-06, 1.20780778161e-05, 7.84001895227e-06, 8.32406567497e-06, 5.0013550208e-06], "mean": [0.00507117668167, 0.0034494670108, 0.000590289011598, 0.000214467581827, 0.000174917411641, 0.000111379813461, 0.000106474515633, 9.81067714747e-05, 0.000164390017744, 0.000129816675326, 7.72912972025e-05, 5.5628210248e-05, 4.08613705076e-05, 3.61103047908e-05, 3.50040172634e-05, 3.08143062284e-05, 3.09821552946e-05, 2.23714559979e-05, 2.71308090305e-05, 1.95601242012e-05, 2.12136183109e-05, 1.92576590052e-05, 1.69124123204e-05, 1.23380314108e-05, 9.16992212296e-06, 8.8965816758e-06, 6.73986369293e-06, 4.987930879e-06, 6.28807174508e-06, 6.64643039272e-06, 5.05620937474e-06, 4.69329324915e-06, 4.09942686019e-06, 5.58157034902e-06, 6.48643435852e-06, 7.98996370577e-06, 1.00999559436e-05, 6.14159125689e-06, 6.24420363238e-06, 4.39928817286e-06], "max": [0.0800670683384, 0.0761739984155, 0.0125568918884, 0.00500562088564, 0.00433515012264, 0.00256635225378, 0.0051903501153, 0.0030638796743, 0.00565485144034, 0.00468879053369, 0.0052764727734, 0.00258590048179, 0.00213578040712, 0.001325475052, 0.002646838082, 0.002490300918, 0.00136775663123, 0.000623773783445, 0.000919440586586, 0.000773860956542, 0.000841467408463, 0.000765799777582, 0.000635972770397, 0.000398769829189, 0.000310929492116, 0.000345320382621, 0.000171498322743, 0.000172588814166, 0.000204775002203, 0.000272020814009, 0.000160373107065, 0.000177295252797, 0.000149531522766, 0.000186987250345, 0.000201880509849, 0.000579892483074, 0.000310288625769, 0.000226002099225, 0.000154898400069, 0.000136903559905], "dmean2": [0.00712319184095, 0.00528531707823, 0.000873244716786, 0.000300898653222, 0.000243696835241, 0.000158937880769, 0.000183242431376, 0.000122237761389, 0.000216999629629, 0.000198582551093, 0.000165680539794, 8.98237922229e-05, 6.44770989311e-05, 4.41869378847e-05, 5.01644681208e-05, 4.51360174338e-05, 3.74274786736e-05, 3.31332084897e-05, 3.84715058317e-05, 3.46934466506e-05, 3.8432484871e-05, 3.00177762256e-05, 3.02985827147e-05, 2.38451611949e-05, 1.51816875587e-05, 1.62921587616e-05, 1.22520432342e-05, 7.48163938624e-06, 1.02857238744e-05, 1.15520724648e-05, 7.1366616794e-06, 7.66287030274e-06, 6.23123696641e-06, 9.92052537185e-06, 1.24007692648e-05, 1.4942755115e-05, 2.09733916563e-05, 1.37224551509e-05, 1.46859674715e-05, 8.49115986057e-06], "median": [0.00302055594511, 0.00145