{"tonal": {"thpcp": [1, 0.598408102989, 0.254083961248, 0.160344704986, 0.151789277792, 0.310813009739, 0.447106838226, 0.312655895948, 0.163608953357, 0.138990581036, 0.159039258957, 0.247646227479, 0.359549194574, 0.352146327496, 0.397967576981, 0.475977450609, 0.36004075408, 0.249824032187, 0.241459101439, 0.318795263767, 0.664425611496, 0.845977365971, 0.52444589138, 0.263228684664, 0.23569996655, 0.250749140978, 0.348871737719, 0.420636832714, 0.322241902351, 0.223056048155, 0.196694180369, 0.184765785933, 0.226875200868, 0.293543994427, 0.3856138587, 0.791953742504], "hpcp": {"dmean2": [0.193121731281, 0.184750050306, 0.153447583318, 0.138228625059, 0.129893049598, 0.136818766594, 0.16178150475, 0.205508768559, 0.23724013567, 0.231887474656, 0.212641596794, 0.147651612759, 0.103501535952, 0.0939888209105, 0.132013499737, 0.165520608425, 0.135752290487, 0.105151243508, 0.0950533822179, 0.102663695812, 0.132452324033, 0.182241097093, 0.197216063738, 0.212377101183, 0.195131033659, 0.179550692439, 0.154781758785, 0.161420181394, 0.20689214766, 0.298681914806, 0.262488543987, 0.283211141825, 0.182079419494, 0.158895581961, 0.177593320608, 0.188194006681], "median": [0.0315508395433, 0.02629487589, 0.0172805450857, 0.0135472677648, 0.0121402926743, 0.0180847048759, 0.0253145899624, 0.0446312278509, 0.0983455479145, 0.133454889059, 0.085732921958, 0.0238423235714, 0.0129000293091, 0.0151739846915, 0.0451947599649, 0.0654008984566, 0.0418218523264, 0.0156773980707, 0.0102322716266, 0.0106148086488, 0.0300186425447, 0.0486433580518, 0.0467782691121, 0.0319051705301, 0.0236000139266, 0.0183309204876, 0.0179958287627, 0.0167114585638, 0.0265467409045, 0.0705782473087, 0.102051183581, 0.0637743398547, 0.0264612119645, 0.0175437740982, 0.0171256680042, 0.0257454328239], "min": [5.82481970923e-06, 9.80399090622e-06, 1.88444414562e-06, 2.5580932288e-06, 1.55517818712e-06, 8.70471467351e-06, 3.39157622875e-06, 3.87439422411e-06, 3.03034994431e-06, 3.79641664949e-06, 5.23076823811e-06, 2.43578269874e-05, 4.32632896263e-06, 4.24466088589e-06, 1.1394113244e-06, 2.15374348045e-06, 6.98742587701e-06, 5.45182365386e-06, 3.94106200474e-06, 3.93555592382e-06, 2.62859816758e-06, 9.65870867731e-07, 1.9519990019e-05, 3.27352495333e-06, 1.51959909545e-06, 2.47511343332e-06, 3.58753595719e-06, 1.9862852696e-06, 2.44748662226e-06, 1.31276719912e-05, 6.86673365635e-06, 3.36913558385e-06, 5.50071536054e-06, 3.93760865336e-06, 3.90258537664e-06, 3.72988529307e-06], "dvar2": [0.108761444688, 0.101422250271, 0.0886970534921, 0.0809729471803, 0.076775059104, 0.0723071247339, 0.0774599760771, 0.0933282449841, 0.0971737131476, 0.102992586792, 0.0820237472653, 0.0625153183937, 0.0423420071602, 0.0348237119615, 0.0458605140448, 0.0611626431346, 0.0496707335114, 0.0442804768682, 0.0501570627093, 0.04592423141, 0.0534136854112, 0.0881093144417, 0.101269483566, 0.110329575837, 0.101755514741, 0.0995783433318, 0.0767651498318, 0.090237274766, 0.0984507799149, 0.158813118935, 0.115653045475, 0.149207949638, 0.0843769237399, 0.0770018473268, 0.0984756872058, 0.102085985243], "dvar": [0.042440187186, 0.0374348349869, 0.0326265431941, 0.0302651729435, 0.0280172713101, 0.0269078761339, 0.0291767977178, 0.0333926975727, 0.0390256121755, 0.0419412665069, 0.0303718037903, 0.0230292845517, 0.0157027412206, 0.0128877339885, 0.0178627111018, 0.0247231200337, 0.0191972032189, 0.0164676755667, 0.0179406926036, 0.0170889534056, 0.0198889188468, 0.033893622458, 0.0388068668544, 0.0410906784236, 0.0412130877376, 0.0371502563357, 0.0286446530372, 0.0332894474268, 0.0366641134024, 0.057136528194, 0.048541393131, 0.0511353798211, 0.0310651827604, 0.0292086657137, 0.0360187105834, 0.0392874851823], "dmean": [0.111502803862, 0.104392945766, 0.0847586244345, 0.076782502234, 0.0723010599613, 0.0776050165296, 0.0924255400896, 0.118410699069, 0.140522226691, 0.135324344039, 0.124268777668, 0.0842421725392, 0.0589478611946, 0.0535457134247, 0.0782322138548, 0.098800830543, 0.0791313052177, 0.0588037073612, 0.0533153116703, 0.0579745694995, 0.0773104578257, 0.106560975313, 0.114290505648, 0.120988667011, 0.111694030464, 0.103636525571, 0.0886789783835, 0.0908154472709, 0.115877404809, 0.168519333005, 0.15129069984, 0.159479320049, 0.101543135941, 0.0881156250834, 0.0991928577423, 0.106149271131], "max": [1, 1, 1, 1, 1, 1, 1, 1, 1, 1, 1, 1, 1, 1, 1, 1, 1, 1, 1, 1, 1, 1, 1, 1, 1, 1, 1, 1, 1, 1, 1, 1, 1, 1, 1, 1], "var": [0.0713983401656, 0.042885068804, 0.0299664475024, 0.0267311055213, 0.0247360002249, 0.0290509276092, 0.0389321446419, 0.0424371995032, 0.109603762627, 0.151410326362, 0.0681484416127, 0.027108117938, 0.0153792342171, 0.0121488142759, 0.02623324655, 0.0503295324743, 0.029892038554, 0.0154929095879, 0.0154908662662, 0.0189282093197, 0.0234062317759, 0.0401450023055, 0.0400078743696, 0.0566694624722, 0.0891271606088, 0.0563791953027, 0.0320948213339, 0.033657874912, 0.0410208627582, 0.0977802947164, 0.130912601948, 0.0637682005763, 0.0294020269066, 0.0312440339476, 0.0330197401345, 0.0539690330625], "mean": [0.1473300457, 0.1128667593, 0.0781264379621, 0.0688930675387, 0.0647150948644, 0.0794641152024, 0.102815181017, 0.13506308198, 0.277385562658, 0.350254744291, 0.209595277905, 0.088994115591, 0.056161493063, 0.0531649142504, 0.108863726258, 0.156601294875, 0.109509214759, 0.0573048107326, 0.0486821085215, 0.055704254657, 0.0867392644286, 0.125933811069, 0.123340927064, 0.139390036464, 0.166713356972, 0.126105979085, 0.0875020548701, 0.0845721960068, 0.111659556627, 0.232718214393, 0.296307593584, 0.183689653873, 0.0921970978379, 0.0825550332665, 0.0878260806203, 0.122193977237]}, "tuning_equal_tempered_deviation": 0.0630610659719, "chords_changes_rate": 0.0723472684622, "key_key": "C", "tuning_diatonic_strength": 0.771003782749, "key_scale": "major", "chords_number_rate": 0.00375133985654, "tuning_frequency": 439.491973877, "tuning_nontempered_energy_ratio": 0.757844150066, "chords_histogram": [41.4255104065, 0.991425514221, 8.36012840271, 3.05466246605, 0.8038585186, 0.267952829599, 1.71489822865, 0.4019292593, 2.17041802406, 0.34833869338, 2.25080394745, 0, 0, 0, 0.241157561541, 1.36655950546, 1.12540197372, 1.25937831402, 0, 1.58092176914, 2.49196147919, 4.28724527359, 19.6141471863, 6.2433013916], "key_strength": 0.886089503765, "chords_key": "C", "chords_strength": {"dmean2": 0.0118799908087, "median": 0.541389465332, "min": 0.213733270764, "dvar2": 0.000122456753161, "dvar": 0.00011454361811, "dmean": 0.012334135361, "max": 0.789898335934, "var": 0.0106528000906, "mean": 0.535445868969}, "chords_scale": "major", "hpcp_entropy": {"dmean2": 1.04901659489, "median": 1.938331604, "min": 0.0401427336037, "dvar2": 0.774640679359, "dvar": 0.282021582127, "dmean": 0.621439158916, "max": 4.31310606003, "var": 0.474566787481, "mean": 1.93733537197}}, "metadata": {"audio_properties": {"equal_loudness": 0, "codec": "flac", "downmix": "mix", "sample_rate": 44100, "analysis_sample_rate": 44100, "bit_rate": 0, "md5_encoded": "2affc7b5db87a5c206b0e8c7e034ee26", "length": 173.266662598, "replay_gain": -15.2127590179, "lossless": true}, "version": {"essentia_build_sha": "70f2e5ece6736b2c40cc944ad0e695b16b925413", "essentia": "2.1-beta2", "extractor": "music 1.0", "essentia_git_sha": "v2.1_beta2"}, "tags": {"title": ["Ladies in the Know"], "language": ["eng"], "media": ["12\" Vinyl"], "albumartist": ["Slim Cessna's Auto Club"], "tracktotal": ["7"], "musicbrainz_releasegroupid": ["4ee67178-aed4-3645-9a4f-015de3872ab7"], "musicbrainz_recordingid": ["05c7e9c0-759a-4f28-9549-3ff1e686b165"], "musicbrainz_albumartistid": ["3b0addc1-bd1d-409d-9abb-f541c231f8d9"], "discnumber": ["2"], "album": ["Jesus Let Me Down, The Live Tragedie in Four Acts"], "catalognumber": ["Virus 417"], "file_name": "Slim Cessna's Auto Club - Jesus Let Me Down, The Live Tragedie in Four Acts - 05 - Ladies in the Know.flac", "compilation": ["0"], "albumartistsort": ["Slim Cessna's Auto Club"], "date": ["2005"], "genre": ["Country"], "disctotal": ["2"], "discsubtitle": ["Act Three / Act Four"], "musicbrainz_artistid": ["3b0addc1-bd1d-409d-9abb-f541c231f8d9"], "originaldate": ["2005"], "musicbrainz_albumid": ["1e7b1a1f-456c-49b0-95ab-b75a55096efd"], "copyright": ["SCACUNINCORPORATED"], "artist": ["Slim Cessna's Auto Club"], "tracknumber": ["5"], "artistsort": ["Slim Cessna's Auto Club"], "bpm": ["0"], "label": ["Alternative Tentacles"], "isrc": ["QM-6QS-14-00039"], "totaldiscs": ["2"], "script": ["Latn"], "totaltracks": ["7"]}}, "rhythm": {"bpm_histogram_first_peak_bpm": {"dmean2": 0, "median": 144, "min": 144, "dvar2": 0, "dvar": 0, "dmean": 0, "max": 144, "var": 0, "mean": 144}, "bpm": 143.988265991, "bpm_histogram_second_peak_spread": {"dmean2": 0, "median": 0.342857122421, "min": 0.342857122421, "dvar2": 0, "dvar": 0, "dmean": 0, "max": 0.342857122421, "var": 0, "mean": 0.342857122421}, "bpm_histogram_first_peak_weight": {"dmean2": 0, "median": 0.347715735435, "min": 0.347715735435, "dvar2": 0, "dvar": 0, "dmean": 0, "max": 0.347715735435, "var": 0, "mean": 0.347715735435}, "onset_rate": 3.65306997299, "beats_position": [0.46439909935, 0.940408170223, 1.4164172411, 1.89242625237, 2.36843538284, 2.8444442749, 3.32045340538, 3.78485250473, 4.2492518425, 4.71365070343, 5.18965959549, 5.66566896439, 6.15328788757, 6.65251684189, 7.1517457962, 7.65097475052, 8.15020370483, 8.62621307373, 9.12544155121, 9.62467098236, 10.1239004135, 10.5999088287, 11.0759181976, 11.5519275665, 12.0279359818, 12.4923353195, 12.9567346573, 13.4211339951, 13.873922348, 14.3267116547, 14.7911109924, 15.2555103302, 15.696688652, 16.1494789124, 16.602268219, 17.0434455872, 17.4846248627, 17.9258041382, 18.3669834137, 18.8081626892, 19.2493419647, 19.6905212402, 20.1200904846, 20.549659729, 20.9676189423, 21.3971881866, 21.826757431, 22.2679367065, 22.7207260132, 23.1735134125, 23.6263027191, 24.0674819946, 24.497051239, 24.9150104523, 25.3329696655, 25.7509288788, 26.1456680298, 26.563627243, 26.9699764252, 27.3763256073, 27.7826747894, 28.2006340027, 28.6069831848, 29.0133323669, 29.4196815491, 29.8376407623, 30.2555999756, 30.6735591888, 31.079908371, 31.4978675842, 31.9042167664, 32.322177887, 32.7285270691, 33.1348762512, 33.5528335571, 33.9707946777, 34.3887519836, 34.8067131042, 35.2246704102, 35.6194114685, 36.0373687744, 36.455329895, 36.8732872009, 37.2912483215, 37.7092056274, 38.1271629333, 38.545124054, 38.9514732361, 39.3578224182, 39.7757797241, 40.1937408447, 40.6116981506, 41.0296592712, 41.4476165771, 41.8655776978, 42.2835350037, 42.7014961243, 43.1194534302, 43.5374145508, 43.9553718567, 44.3733329773, 44.7912902832, 45.2092514038, 45.6272087097, 46.0451698303, 46.4631271362, 46.8810882568, 47.2990455627, 47.7170066833, 48.1349639893, 48.5529251099, 48.9708824158, 49.3888435364, 49.8068008423, 50.2247619629, 50.631111145, 51.0374603271, 51.4554176331, 51.8733787537, 52.2913360596, 52.7092971802, 53.1272544861, 53.5336036682, 53.9399528503, 54.3346939087, 54.7526512146, 55.1706123352, 55.5885696411, 55.9949188232, 56.4012680054, 56.819229126, 57.2255783081, 57.6319274902, 58.0498847961, 58.4678459167, 58.8858032227, 59.315372467, 59.7565536499, 60.1977310181, 60.6505203247, 61.1265296936, 61.5793190002, 62.0204963684, 62.473285675, 62.9260749817, 63.3556442261, 63.7852134705, 64.2263946533, 64.6675720215, 65.0971450806, 65.5267105103, 65.9562835693, 66.385848999, 66.8270263672, 67.2798156738, 67.7442169189, 68.2202224731, 68.6730117798, 69.1258010864, 69.5553741455, 69.9849395752, 70.4029006958, 70.8208618164, 71.238822937, 71.6567764282, 72.0747375488, 72.481086731, 72.8874359131, 73.2937850952, 73.7001342773, 74.1064834595, 74.5128326416, 74.9307937622, 75.3371429443, 75.7551040649, 76.1614532471, 76.5794067383, 76.9857559204, 77.3921051025, 77.8100662231, 78.2280273438, 78.6459884644, 79.0523376465, 79.4586868286, 79.8766403198, 80.2946014404, 80.7009506226, 81.1072998047, 81.5252609253, 81.9316101074, 82.3379592896, 82.7326965332, 83.1506576538, 83.5686187744, 83.9865722656, 84.3929214478, 84.8108825684, 85.2172317505, 85.6351928711, 86.0531539917, 86.4711074829, 86.877456665, 87.2838058472, 87.7017669678, 88.1197280884, 88.537689209, 88.9556427002, 89.3736038208, 89.7915649414, 90.2095184326, 90.6274795532, 91.0454406738, 91.4634017944, 91.8813552856, 92.2993164062, 92.7288894653, 93.158454895, 93.5880279541, 94.0408172607, 94.4819946289, 94.9231719971, 95.3295211792, 95.7358703613, 96.130607605, 96.5369567871, 96.9433059692, 97.3496551514, 97.7444000244, 98.1275253296, 98.5106582642, 98.8937835693, 99.2769165039, 99.7297058105, 100.182495117, 100.612060547, 101.076461792, 101.564079285, 102.040092468, 102.516098022, 102.980499268, 103.456504822, 103.932518005, 104.40852356, 104.896141052, 105.383758545, 105.859771729, 106.324172974, 106.788566589, 107.252967834, 107.71736908, 108.193374634, 108.64616394, 109.087341309, 109.528526306, 109.981315613, 110.434104919, 110.863670349, 111.316459656, 111.757637024, 112.187210083, 112.616775513, 113.034736633, 113.452697754, 113.870658875, 114.277008057, 114.787841797, 115.310295105, 115.832740784, 116.494506836, 117.156280518, 117.81804657, 118.479812622, 119.141586304, 119.791740417, 120.441902161, 121.068840027, 121.707389832, 122.299499512, 122.891609192, 123.460494995, 124.017776489, 124.575057983, 125.109115601, 125.643173218, 126.188842773, 126.64163208, 127.106025696, 127.570426941, 128.034820557, 128.499221802, 128.94039917, 129.381591797, 129.811157227, 130.229110718, 130.647079468, 131.065032959, 131.494598389, 131.912567139, 132.33052063, 132.76008606, 133.189651489, 133.607620239, 134.02557373, 134.44354248, 134.87310791, 135.30267334, 135.720626831, 136.138595581, 136.556549072, 136.974502563, 137.404083252, 137.822036743, 138.239990234, 138.646347046, 139.064300537, 139.482269287, 139.923446655, 140.399459839, 140.875457764, 141.363082886, 141.804260254, 142.245437622, 142.68661499, 143.127792358, 143.568969727, 144.010162354, 144.451339722, 144.89251709, 145.32208252, 145.751647949, 146.192825317, 146.610794067, 147.028747559, 147.446716309, 147.8646698, 148.282623291, 148.700592041, 149.118545532, 149.536499023, 149.954467773, 150.372421265, 150.790390015, 151.196731567, 151.603088379, 152.02104187, 152.438995361, 152.86857605, 153.298141479, 153.716094971, 154.134063721, 154.552017212, 154.958358765, 155.364715576, 155.782669067, 156.200637817, 156.618591309, 157.0365448, 157.442901611, 157.849243164, 158.267211914, 158.685165405, 159.103118896, 159.509475708, 159.915817261, 160.333786011, 160.774963379, 161.216140747, 161.657318115, 162.12171936, 162.574508667, 163.015686035, 163.445251465, 163.886444092, 164.32762146, 164.768798828, 165.209976196, 165.651153564, 166.092330933, 166.533508301, 166.974685669, 167.415863037, 167.868652344, 168.251785278, 168.623306274, 168.994827271, 169.366348267, 169.714645386, 170.062942505, 170.422851562, 170.78276062, 171.131057739, 171.479354858, 171.827667236, 172.175964355, 172.524261475], "beats_loudness": {"dmean2": 0.0331498533487, "median": 0.0480050370097, "min": 0.000231359139434, "dvar2": 0.000889729999471, "dvar": 0.000279047526419, "dmean": 0.0186625830829, "max": 0.130674645305, "var": 0.000470900384244, "mean": 0.0472910515964}, "danceability": 1.12648773193, "bpm_histogram_second_peak_weight": {"dmean2": 0, "median": 0.116751268506, "min": 0.116751268506, "dvar2": 0, "dvar": 0, "dmean": 0, "max": 0.116751268506, "var": 0, "mean": 0.116751268506}, "beats_count": 395, "bpm_histogram_second_peak_bpm": {"dmean2": 0, "median": 136, "min": 136, "dvar2": 0, "dvar": 0, "dmean": 0, "max": 136, "var": 0, "mean": 136}, "bpm_histogram_first_peak_spread": {"dmean2": 0, "median": 0.391111075878, "min": 0.391111075878, "dvar2": 0, "dvar": 0, "dmean": 0, "max": 0.391111075878, "var": 0, "mean": 0.391111075878}, "beats_loudness_band_ratio": {"dmean2": [0.297166854143, 0.139432385564, 0.221780225635, 0.144468307495, 0.0923833325505, 0.0549327731133], "median": [0.509409427643, 0.0801674872637, 0.145918637514, 0.0887830331922, 0.0613595657051, 0.0565857812762], "min": [0.00182328349911, 0.000591496413108, 0.000329577946104, 0.000230846722843, 2.78101979347e-05, 9.33258797886e-06], "dvar2": [0.0668488144875, 0.0247755348682, 0.0391765087843, 0.0262402612716, 0.00739726237953, 0.00226323958486], "dvar": [0.0259354747832, 0.00866915099323, 0.0156618952751, 0.0103435730562, 0.00302652898245, 0.000762278039474], "dmean": [0.176622286439, 0.0796024128795, 0.128482893109, 0.0830885693431, 0.0521141923964, 0.0318571776152], "max": [0.997877955437, 0.664160251617, 0.914508879185, 0.887835681438, 0.626698672771, 0.204375833273], "var": [0.0560623779893, 0.00958069786429, 0.0268712900579, 0.0156899299473, 0.00445010373369, 0.00167504174169], "mean": [0.485875546932, 0.103022962809, 0.192784368992, 0.121938399971, 0.0769632160664, 0.0572839193046]}}, "lowlevel": {"barkbands_spread": {"dmean2": 8.06930732727, "median": 20.2685413361, "min": 0.31818395853, "dvar2": 97.410194397, "dvar": 39.4363708496, "dmean": 5.16335678101, "max": 107.019561768, "var": 121.19593811, "mean": 20.5295143127}, "melbands_spread": {"dmean2": 9.71051597595, "median": 19.1296386719, "min": 0.390743494034, "dvar2": 161.200271606, "dvar": 68.6228866577, "dmean": 6.15253686905, "max": 221.9402771, "var": 176.548599243, "mean": 20.5726413727}, "hfc": {"dmean2": 10.4591321945, "median": 17.7723827362, "min": 0.129362612963, "dvar2": 211.528717041, "dvar": 109.453132629, "dmean": 7.44847583771, "max": 284.069366455, "var": 333.646850586, "mean": 23.0004940033}, "barkbands_kurtosis": {"dmean2": 4.3681101799, "median": 1.54782962799, "min": -1.92422175407, "dvar2": 82.5370559692, "dvar": 37.9221992493, "dmean": 2.76644086838, "max": 350.0027771, "var": 264.611724854, "mean": 5.35027313232}, "gfcc": {"mean": [9.55889701843, 105.769348145, -118.787155151, 29.879732132, -44.6811637878, 17.5507164001, -23.2704677582, 7.0105676651, -15.1666412354, 0.461664646864, -13.4895114899, -5.25286006927, -14.9785318375], "icov": [[0.000355081661837, 0.000153570785187, 0.000242379435804, -0.000672945869155, 0.000185160519322, 5.74797668378e-05, 0.000237969506998, -0.00011093376088, 0.000275576778222, -0.000567332899664, 0.000423075805884, -0.000214475760004, 0.000749241851736], [0.000153570785187, 0.00226731295697, -0.000314097327646, 0.00016147493443, -0.00176856445614, 0.000922565697692, -9.04584248929e-06, 0.0010887994431, -0.00115664640907, 0.00172042904887, -0.00340627506375, 0.00298018660396, -0.0012914937688], [0.000242379435804, -0.000314097327646, 0.00189623271581, -0.00129834748805, 0.000375831732526, -0.000529582728632, 0.00056709483033, 9.94091824396e-05, 0.00107714510523, -0.000730488449335, 0.0012020857539, -0.000317630474456, 0.00231392169371], [-0.000672945869155, 0.00016147493443, -0.00129834748805, 0.00468812277541, -0.00109478237573, -0.000128071347717, -0.000577945203986, 0.00121205230244, -0.00185320584569, 0.000665177765768, -0.000982698518783, 0.00145567033906, -0.00237050489523], [0.000185160519322, -0.00176856445614, 0.000375831732526, -0.00109478237573, 0.00478284433484, -0.00100161344744, -0.000710029155016, -0.000129288833705, 0.000774633022957, -0.00124660029542, 0.00237432378344, -0.00221489928663, -2.97683545796e-05], [5.74797668378e-05, 0.000922565697692, -0.000529582728632, -0.000128071347717, -0.00100161344744, 0.00724230799824, -0.00193710811436, 0.000259343156358, -0.000105462197098, -0.000441572483396, -0.000179657014087, 0.00109275465365, -0.00123757461552], [0.000237969506998, -9.04584248929e-06, 0.00056709483033, -0.000577945203986, -0.000710029155016, -0.00193710811436, 0.00692210253328, -0.00122819689568, -0.000436537520727, 0.00182523846161, 0.000453766522696, 0.000100456672953, 0.00209946022369], [-0.00011093376088, 0.0010887994431, 9.94091824396e-05, 0.00121205230244, -0.000129288833705, 0.000259343156358, -0.00122819689568, 0.0109560284764, -0.00366866984405, 0.00011256239668, -0.00153567793313, 0.00272563658655, -5.12562073709e-05], [0.000275576778222, -0.00115664640907, 0.00107714510523, -0.00185320584569, 0.000774633022957, -0.000105462197098, -0.000436537520727, -0.00366866984405, 0.013846706599, -0.00373182166368, 0.00268518668599, 0.00122988631483, 0.0018880678108], [-0.000567332899664, 0.00172042904887, -0.000730488449335, 0.000665177765768, -0.00124660029542, -0.000441572483396, 0.00182523846161, 0.00011256239668, -0.00373182166368, 0.0152142597362, -0.00512200407684, 0.00184895249549, 0.000432687316788], [0.000423075805884, -0.00340627506375, 0.0012020857539, -0.000982698518783, 0.00237432378344, -0.000179657014087, 0.000453766522696, -0.00153567793313, 0.00268518668599, -0.00512200407684, 0.0185819715261, -0.00588286016136, 0.00438218889758], [-0.000214475760004, 0.00298018660396, -0.000317630474456, 0.00145567033906, -0.00221489928663, 0.00109275465365, 0.000100456672953, 0.00272563658655, 0.00122988631483, 0.00184895249549, -0.00588286016136, 0.0162005033344, -0.00634676590562], [0.000749241851736, -0.0012914937688, 0.00231392169371, -0.00237050489523, -2.97683545796e-05, -0.00123757461552, 0.00209946022369, -5.12562073709e-05, 0.0018880678108, 0.000432687316788, 0.00438218889758, -0.00634676590562, 0.0191220398992]], "cov": [[6251.86914062, -1638.60229492, -23.5113868713, 565.386779785, -551.217773438, -0.364558279514, -218.141555786, 89.972328186, 4.5776257515, 313.708007812, -173.466751099, 63.9911422729, -205.945571899], [-1638.60229492, 1535.39477539, 67.1954727173, 9.60394191742, 447.426300049, -64.017578125, 75.5836410522, -83.117515564, 50.8562583923, -129.384887695, 146.90713501, -133.414459229, 68.9533538818], [-23.5113868713, 67.1954727173, 804.70690918, 189.934265137, 7.71429777145, 44.719959259, -25.7033538818, -36.7025871277, -17.2706794739, 23.6291446686, -20.8976287842, -46.9069595337, -72.3500518799], [565.386779785, 9.60394191742, 189.934265137, 378.620544434, 57.0769500732, 29.8384342194, 5.48396253586, -24.5241622925, 28.7489490509, 22.0117073059, -18.3676147461, -27.8503170013, -4.57045459747], [-551.217773438, 447.426300049, 7.71429777145, 57.0769500732, 400.459564209, 29.3803329468, 61.3910446167, -39.4638786316, 4.58201026917, -40.7147865295, 16.1201152802, -6.49708032608, 48.2560424805], [-0.364558279514, -64.017578125, 44.719959259, 29.8384342194, 29.3803329468, 167.925048828, 49.0342788696, 3.96869540215, 2.15726041794, 4.80758857727, -16.8281288147, -4.53051233292, 1.54991292953], [-218.141555786, 75.5836410522, -25.7033538818, 5.48396253586, 61.3910446167, 49.0342788696, 189.854782104, 21.1586399078, 17.5988311768, -29.3498706818, -4.81505060196, -19.7629070282, -6.6061797142], [89.972328186, -83.117515564, -36.7025871277, -24.5241622925, -39.4638786316, 3.96869540215, 21.1586399078, 122.006759644, 36.0012550354, 16.0143852234, -4.77281045914, -22.4064483643, -19.7986736298], [4.5776257515, 50.8562583923, -17.2706794739, 28.7489490509, 4.58201026917, 2.15726041794, 17.5988311768, 36.0012550354, 102.135955811, 18.9142532349, -3.33488607407, -34.5018882751, -13.9795837402], [313.708007812, -129.384887695, 23.6291446686, 22.0117073059, -40.7147865295, 4.80758857727, -29.3498706818, 16.0143852234, 18.9142532349, 99.9673233032, 5.86326742172, -1.99694621563, -23.7839012146], [-173.466751099, 146.90713501, -20.8976287842, -18.3676147461, 16.1201152802, -16.8281288147, -4.81505060196, -4.77281045914, -3.33488607407, 5.86326742172, 87.1049423218, 6.89244890213, -1.05504918098], [63.9911422729, -133.414459229, -46.9069595337, -27.8503170013, -6.49708032608, -4.53051233292, -19.7629070282, -22.4064483643, -34.5018882751, -1.99694621563, 6.89244890213, 109.381271362, 30.6888256073], [-205.945571899, 68.9533538818, -72.3500518799, -4.57045459747, 48.2560424805, 1.54991292953, -6.6061797142, -19.7986736298, -13.9795837402, -23.7839012146, -1.05504918098, 30.6888256073, 86.4043197632]]}, "spectral_energyband_middle_low": {"dmean2": 0.00761098321527, "median": 0.00919988844544, "min": 2.45648534474e-05, "dvar2": 9.75779112196e-05, "dvar": 4.39957984781e-05, "dmean": 0.00497022084892, "max": 0.111597158015, "var": 0.000123414662085, "mean": 0.0127872824669}, "melbands_crest": {"dmean2": 4.86802053452, "median": 15.5344953537, "min": 3.75290679932, "dvar2": 21.0991172791, "dvar": 8.47219181061, "dmean": 3.0381925106, "max": 33.8385238647, "var": 31.0914897919, "mean": 16.0298500061}, "spectral_kurtosis": {"dmean2": 3.5923397541, "median": 4.16378545761, "min": -0.526563882828, "dvar2": 39.0563163757, "dvar": 14.5309314728, "dmean": 2.16981768608, "max": 126.561950684, "var": 71.1378555298, "mean": 6.18807792664}, "spectral_rms": {"dmean2": 0.00117449439131, "median": 0.00594759918749, "min": 0.000341935345205, "dvar2": 1.28295789636e-06, "dvar": 6.59324200569e-07, "dmean": 0.000805746356491, "max": 0.0113940127194, "var": 3.52197753273e-06, "mean": 0.0057122502476}, "zerocrossingrate": {"dmean2": 0.00926144048572, "median": 0.04541015625, "min": 0.0029296875, "dvar2": 9.11980241654e-05, "dvar": 7.61975461501e-05, "dmean": 0.00785869732499, "max": 0.291015625, "var": 0.000559057283681, "mean": 0.0476009100676}, "silence_rate_60dB": {"dmean2": 0.0131349684671, "median": 0, "min": 0, "dvar2": 0.0169825963676, "dvar": 0.00652414234355, "dmean": 0.0065666041337, "max": 1, "var": 0.0415291897953, "mean": 0.0434141755104}, "erbbands_kurtosis": {"dmean2": 1.65256917477, "median": 0.0329637527466, "min": -1.89512908459, "dvar2": 10.3927850723, "dvar": 4.36330747604, "dmean": 1.04270279408, "max": 66.3438110352, "var": 16.3544921875, "mean": 0.979432344437}, "erbbands": {"dmean2": [0.150479525328, 1.66091585159, 5.65986013412, 5.44693994522, 8.93770313263, 9.09232521057, 8.99943733215, 11.4021186829, 17.3179950714, 41.6034126282, 46.0101623535, 50.2005691528, 38.6936721802, 21.3200283051, 28.5682048798, 43.2812805176, 38.6851425171, 27.0333499908, 38.9826202393, 19.749671936, 19.9219894409, 16.8762111664, 16.5766029358, 10.628818512, 18.3188858032, 16.5632820129, 10.9326448441, 10.1331529617, 10.0142564774, 5.88862133026, 3.09302330017, 1.63881886005, 0.898315966129, 0.51072871685, 0.241897463799, 0.105338320136, 0.0400959476829, 0.0130987232551, 0.00233811815269, 0.000184059463209], "median": [0.0958045125008, 1.67211663723, 7.13572883606, 8.30344390869, 3.13099861145, 4.03588676453, 5.44193315506, 6.01753282547, 7.50697898865, 10.9426240921, 12.1675653458, 14.4705543518, 17.0900993347, 11.908914566, 19.0774688721, 25.5922260284, 20.3600788116, 17.6853256226, 22.8885097504, 14.1662340164, 17.9005260468, 13.8060369492, 10.5474758148, 6.46167087555, 7.77730226517, 6.22769260406, 3.21665024757, 2.24693107605, 2.57899332047, 1.84554576874, 1.02852976322, 0.664721488953, 0.29118591547, 0.161847084761, 0.0702078938484, 0.0214269664139, 0.00571127887815, 0.00120739021804, 0.000153674933244, 5.66556373087e-05], "min": [3.67289976566e-05, 0.000418654555688, 0.000104957158328, 0.000426716636866, 0.00081261259038, 0.00153601588681, 0.00273487297818, 0.00670754909515, 0.0113054700196, 0.00278766220436, 0.00312276626937, 0.00310729653575, 0.00367610505782, 0.00284322956577, 0.00525394035503, 0.00326407887042, 0.00299550360069, 0.00177728536073, 0.00195155839901, 0.00174289802089, 0.00181167328265, 0.00158356805332, 0.00131670606788, 0.000924438121729, 0.00125926849432, 0.000820764049422, 0.000481427559862, 0.000475079519674, 0.000324698892655, 0.000277320796158, 0.000196134773432, 0.000112894616905, 9.73324567894e-05, 5.11522885063e-05, 3.28150999849e-05, 1.46864203998e-05, 8.05223407951e-06, 2.20069614443e-06, 1.81064513072e-06, 4.04091053952e-07], "dvar2": [0.0930607914925, 4.39277076721, 52.7399139404, 60.4106292725, 379.222106934, 297.845123291, 208.490524292, 414.557922363, 2104.91894531, 6542.46240234, 12089.75, 13167.7890625, 7205.39648438, 3517.23608398, 1910.31982422, 4588.2890625, 4711.97949219, 2045.32458496, 4697.6875, 975.035949707, 723.920166016, 578.667541504, 714.046081543, 298.857971191, 937.914123535, 1439.89343262, 698.210876465, 473.785125732, 719.719848633, 272.432098389, 51.1580314636, 11.0658779144, 7.32566165924, 1.6499516964, 0.287703722715, 0.0679819956422, 0.0113747157156, 0.00147956912406, 6.22210500296e-05, 2.57771432643e-07], "dvar": [0.0429363884032, 1.76394593716, 20.9222126007, 23.8918819427, 138.453125, 111.693092346, 84.1044998169, 171.638641357, 1012.79840088, 3006.81079102, 5288.96191406, 5978.08105469, 3559.50024414, 1515.36132812, 773.725585938, 1901.66125488, 1834.67346191, 882.206665039, 1935.86413574, 440.630065918, 300.480621338, 239.224380493, 301.241973877, 127.243293762, 401.918731689, 530.500305176, 263.572998047, 190.255187988, 315.08984375, 135.959960938, 24.9967918396, 6.53760290146, 3.93240308762, 0.806563317776, 0.137312933803, 0.0309701841325, 0.00495526799932, 0.000610870192759, 2.384822983e-05, 1.01277137787e-07], "dmean": [0.0959210246801, 1.04918658733, 3.6240913868, 3.4296476841, 5.17199373245, 5.43808507919, 5.56886672974, 7.02979469299, 11.2917461395, 27.0523414612, 30.0551166534, 32.8582954407, 25.6991882324, 13.7625665665, 17.7124500275, 26.8140048981, 23.7498340607, 16.8276767731, 24.4143180847, 12.8671693802, 12.4183778763, 10.5765047073, 10.5124168396, 6.92359685898, 11.8623027802, 10.2446317673, 6.76139068604, 6.33857917786, 6.47489833832, 4.08972358704, 2.17328739166, 1.1559741497, 0.643138706684, 0.359983801842, 0.16691198945, 0.0697391927242, 0.0258464831859, 0.00833540223539, 0.00142863148358, 0.000113849702757], "max": [1.64744567871, 15.123585701, 56.0396575928, 62.2362480164, 209.435882568, 250.211105347, 194.89654541, 281.530883789, 1429.48388672, 1099.80114746, 1980.6373291, 2108.41015625, 1690.85961914, 2044.40979004, 531.127685547, 816.21105957, 836.281433105, 562.204162598, 824.301818848, 403.436676025, 333.63973999, 320.882995605, 355.057403564, 181.138671875, 275.820068359, 352.167053223, 283.712799072, 422.133209229, 935.101257324, 648.068908691, 189.353729248, 135.935272217, 135.777252197, 44.1466407776, 13.4365110397, 3.83856511116, 1.14813578129, 0.401163846254, 0.100642517209, 0.0046786153689], "var": [0.047914288938, 4.65593004227, 71.4045639038, 58.9789123535, 131.011871338, 156.056182861, 128.976348877, 308.761199951, 2225.59985352, 8676.06835938, 9341.48242188, 12300.9912109, 7535.91943359, 3569.47558594, 1467.67346191, 3404.14233398, 3293.41235352, 1637.0447998, 3447.38110352, 1130.25927734, 672.708984375, 495.382080078, 662.680603027, 260.201538086, 885.651489258, 594.472595215, 260.646850586, 239.807754517, 427.858123779, 217.612335205, 49.9395751953, 14.8958873749, 7.29992771149, 1.51992106438, 0.242661505938, 0.0518740341067, 0.00737301446497, 0.000712609908078, 2.06029435503e-05, 8.88898270546e-08], "mean": [0.153116837144, 2.30564379692, 9.49230194092, 9.24692726135, 6.26639652252, 7.58489704132, 8.94696712494, 10.9907016754, 18.5138053894, 49.2508163452, 48.6320381165, 53.9661483765, 40.3414268494, 24.1863708496, 30.8045730591, 45.5232620239, 39.5325202942, 29.7960643768, 42.2695808411, 25.5737762451, 25.1649398804, 20.6771774292, 19.5696620941, 12.9555549622, 21.1291828156, 15.7469387054, 9.35175704956, 8.55314731598, 8.98977565765, 6.32227277756, 3.64360666275, 1.90539979935, 1.0104470253, 0.553212821484, 0.242825493217, 0.0991753712296, 0.0348172336817, 0.0100907729939, 0.00150234415196, 0.000141535827424]}, "spectral_strongpeak": {"dmean2": 0.725487112999, "median": 0.505509257317, "min": 0.0102911395952, "dvar2": 1.18951165676, "dvar": 0.481995344162, "dmean": 0.428324192762, "max": 10.4607629776, "var": 0.860283255577, "mean": 0.8222874403}, "spectral_energy": {"dmean2": 0.0147203868255, "median": 0.0362582877278, "min": 0.0001198427708, "dvar2": 0.000237820844632, "dvar": 0.000116858485853, "dmean": 0.00999752338976, "max": 0.133069112897, "var": 0.000425625388743, "mean": 0.0370555222034}, "average_loudness": 0.953711986542, "spectral_rolloff": {"dmean2": 692.289367676, "median": 1055.12695312, "min": 64.599609375, "dvar2": 897294.0625, "dvar": 363652.21875, "dmean": 407.550567627, "max": 8807.08007812, "var": 658140.4375, "mean": 1146.86975098}, "spectral_centroid": {"dmean2": 402.020111084, "median": 1246.05090332, "min": 128.122589111, "dvar2": 249836.859375, "dvar": 103279.9375, "dmean": 257.221099854, "max": 5381.57763672, "var": 312074.1875, "mean": 1254.95690918}, "pitch_salience": {"dmean2": 0.11125254631, "median": 0.477998197079, "min": 0.124872811139, "dvar2": 0.0105789452791, "dvar": 0.00433123484254, "dmean": 0.069823436439, "max": 0.827349305153, "var": 0.01373258885, "mean": 0.4807048738}, "spectral_energyband_middle_high": {"dmean2": 0.00321287265979, "median": 0.00529865315184, "min": 1.40008080507e-06, "dvar2": 1.41493273986e-05, "dvar": 6.67426047585e-06, "dmean": 0.00213909102604, "max": 0.0546350926161, "var": 2.30165715038e-05, "mean": 0.00618282845244}, "spectral_contrast_coeffs": {"dmean2": [0.0788953453302, 0.0840669646859, 0.070258282125, 0.0552845001221, 0.0379639603198, 0.0384345203638], "median": [-0.635618686676, -0.719394087791, -0.746111631393, -0.765196740627, -0.785300016403, -0.748620152473], "min": [-0.898308515549, -0.918823599815, -0.928275704384, -0.947238504887, -0.910774111748, -0.889438927174], "dvar2": [0.00415491731837, 0.00484540592879, 0.00299384118989, 0.00190416665282, 0.000952558009885, 0.001743552275], "dvar": [0.00153195182793, 0.00197188998573, 0.00123400287703, 0.000770214712247, 0.000429362931754, 0.000684274418745], "dmean": [0.0472616143525, 0.0521733388305, 0.0436941348016, 0.0339714363217, 0.0243031326681, 0.02358148247], "max": [-0.295745521784, -0.319393098354, -0.468759089708, -0.546459555626, -0.589447498322, -0.590296328068], "var": [0.00514545990154, 0.00810282677412, 0.00397393805906, 0.00288970046677, 0.00209391722456, 0.00183889991604], "mean": [-0.635484158993, -0.709258317947, -0.74206161499, -0.762540757656, -0.779394865036, -0.750401735306]}, "melbands_skewness": {"dmean2": 1.08548283577, "median": 2.31990075111, "min": -1.66607153416, "dvar2": 1.2988666296, "dvar": 0.568026959896, "dmean": 0.694347560406, "max": 14.1005716324, "var": 2.29787445068, "mean": 2.56833720207}, "spectral_spread": {"dmean2": 622577.4375, "median": 3926636.75, "min": 788109.125, "dvar2": 501979119616, "dvar": 232018165760, "dmean": 426878, "max": 10241374, "var": 1354440638460.0, "mean": 3972176}, "dissonance": {"dmean2": 0.0350953526795, "median": 0.465401083231, "min": 0.161705687642, "dvar2": 0.00107992067933, "dvar": 0.000409097148804, "dmean": 0.0209827907383, "max": 0.500000059605, "var": 0.00113503122702, "mean": 0.457345992327}, "spectral_skewness": {"dmean2": 0.448388069868, "median": 1.50623643398, "min": -0.114572115242, "dvar2": 0.276568293571, "dvar": 0.107205048203, "dmean": 0.280363440514, "max": 9.50042152405, "var": 0.623864650726, "mean": 1.67809486389}, "spectral_flux": {"dmean2": 0.0386755280197, "median": 0.0829977616668, "min": 0.0037693164777, "dvar2": 0.00141850567888, "dvar": 0.0006403591251, "dmean": 0.0248335488141, "max": 0.305629640818, "var": 0.00209525669925, "mean": 0.0893840938807}, "spectral_contrast_valleys": {"dmean2": [0.638770699501, 0.581255733967, 0.521088123322, 0.498453199863, 0.49351733923, 0.416166990995], "median": [-6.80423164368, -6.68230485916, -7.01271724701, -7.37493133545, -7.47418546677, -10.1979560852], "min": [-11.0036525726, -10.8759803772, -10.7837944031, -11.2827959061, -11.4377861023, -14.1040744781], "dvar2": [0.264502972364, 0.227815836668, 0.190090030432, 0.184545218945, 0.282256066799, 0.190012007952], "dvar": [0.104816064239, 0.0897791534662, 0.0766844153404, 0.0819656252861, 0.131200283766, 0.114067047834], "dmean": [0.392528295517, 0.36109188199, 0.326330780983, 0.316669583321, 0.330597102642, 0.325032800436], "max": [-5.28910303116, -4.94534254074, -5.52673864365, -5.74874544144, -5.40176439285, -7.38841581345], "var": [0.824297189713, 0.528378367424, 0.488751679659, 0.613935887814, 0.903993010521, 1.31097304821], "mean": [-7.02464818954, -6.7756729126, -7.11655664444, -7.4884519577, -7.55938768387, -10.3483791351]}, "erbbands_flatness_db": {"dmean2": 0.0251236688346, "median": 0.155915021896, "min": 0.0588101930916, "dvar2": 0.000517915235832, "dvar": 0.000257950363448, "dmean": 0.0174582749605, "max": 0.399207621813, "var": 0.00265238829888, "mean": 0.164281323552}, "spectral_energyband_high": {"dmean2": 0.000764866243117, "median": 0.000314965494908, "min": 6.27295690947e-08, "dvar2": 2.68447433882e-06, "dvar": 1.26495683617e-06, "dmean": 0.000521850306541, "max": 0.039993327111, "var": 2.21927666644e-06, "mean": 0.000871620432008}, "spectral_entropy": {"dmean2": 0.238750964403, "median": 7.55646944046, "min": 4.10181331635, "dvar2": 0.060096219182, "dvar": 0.0299547873437, "dmean": 0.165832281113, "max": 8.66069984436, "var": 0.31057369709, "mean": 7.46251916885}, "silence_rate_20dB": {"dmean2": 0, "median": 1, "min": 1, "dvar2": 0, "dvar": 0, "dmean": 0, "max": 1, "var": 0, "mean": 1}, "melbands_flatness_db": {"dmean2": 0.0408561341465, "median": 0.204598948359, "min": 0.0584711283445, "dvar2": 0.00172455143183, "dvar": 0.000794969906565, "dmean": 0.0275846589357, "max": 0.698236525059, "var": 0.00825108774006, "mean": 0.222948163748}, "barkbands": {"dmean2": [0.000182225354365, 0.00650491891429, 0.00511170178652, 0.00172241497785, 0.00294758705422, 0.00131500256248, 0.00148627045564, 0.0025714149233, 0.00220935489051, 0.00102266168687, 0.000684162194375, 0.000914967153221, 0.000834992155433, 0.000624490901828, 0.000641378341243, 0.000353984738467, 0.000395379465772, 0.000287749193376, 0.000297200225759, 0.000363671395462, 0.000253923935816, 0.000262500194367, 0.000119854397781, 6.23106752755e-05, 3.81883546652e-05, 2.29062807193e-05, 1.49895804498e-05], "median": [3.19319660775e-05, 0.00620296876878, 0.00760257011279, 0.0016930156853, 0.00126598449424, 0.000716023321729, 0.000438001356088, 0.000560568470974, 0.00055870244978, 0.000445170910098, 0.000347719178535, 0.000455634552054, 0.000372380251065, 0.000299910694594, 0.000308603193844, 0.000231753831031, 0.000282222987153, 0.000178262896952, 0.00013415448484, 0.000130969681777, 6.11791983829e-05, 7.12564215064e-05, 3.94093549403e-05, 2.36056421272e-05, 1.23546578834e-05, 3.68151495422e-06, 8.85533665951e-07], "min": [1.86701232252e-09, 1.2943665979e-06, 1.57877977358e-08, 1.84664131098e-07, 5.28959503754e-07, 6.69074381676e-07, 5.04147010361e-07, 7.79993172273e-08, 1.37928225286e-07, 8.85476083567e-08, 1.28691411305e-07, 5.49056196064e-08, 5.92885314177e-08, 2.29469812041e-08, 3.4351241851e-08, 2.50888092523e-08, 2.28361987098e-08, 2.05232435491e-08, 1.5464445724e-08, 2.10724238059e-08, 9.64629265354e-09, 9.17641163056e-09, 7.62261453957e-09, 5.81491299556e-09, 3.54065421426e-09, 3.28463856114e-09, 3.49980244785e-09], "dvar2": [1.92102817209e-07, 8.03655129857e-05, 4.34589746874e-05, 7.7501827036e-06, 3.50481750502e-05, 4.77773710372e-06, 1.16320070447e-05, 2.71457192866e-05, 2.3117994715e-05, 5.15554211233e-06, 1.50719438352e-06, 2.0253880848e-06, 2.10939879253e-06, 1.03640491034e-06, 1.32294962896e-06, 3.03834838178e-07, 3.36271227752e-07, 2.13086252643e-07, 2.26115943747e-07, 6.10304255133e-07, 3.38342488249e-07, 4.27101412015e-07, 8.18502883249e-08, 2.58386076979e-08, 7.72700570195e-09, 3.52976292639e-09, 2.16034745648e-09], "dvar": [8.84249118371e-08, 3.37786477758e-05, 1.71245610545e-05, 2.86852650788e-06, 1.28383744595e-05, 1.93659502656e-06, 5.56972781851e-06, 1.24533307826e-05, 1.0602326256e-05, 2.44336592914e-06, 6.57663861148e-07, 8.48194474656e-07, 8.30853878142e-07, 4.39000160668e-07, 5.48349248675e-07, 1.25910005977e-07, 1.35539323765e-07, 8.92557707743e-08, 9.92660389443e-08, 2.2801174282e-07, 1.32032127453e-07, 2.03075018135e-07, 4.21389749761e-08, 1.40674858429e-08, 3.89788779032e-09, 1.56063006962e-09, 8.45681580319e-10], "dmean": [0.000117782597954, 0.00416118325666, 0.00328055163845, 0.00102760153823, 0.00175449403469, 0.00081061210949, 0.000968400272541, 0.00168256333563, 0.00142816803418, 0.00066526059527, 0.000425298465416, 0.000567648734432, 0.0