{"tonal": {"thpcp": [1, 0.683714687824, 0.24786311388, 0.109533138573, 0.083693780005, 0.113581240177, 0.184999763966, 0.235207006335, 0.380674958229, 0.394894450903, 0.180663883686, 0.137036621571, 0.222614318132, 0.252833634615, 0.278755038977, 0.273838847876, 0.161703273654, 0.0908098518848, 0.0851837322116, 0.116328805685, 0.288808643818, 0.455632090569, 0.311982601881, 0.0877861306071, 0.032572939992, 0.0320681668818, 0.0847799032927, 0.180947497487, 0.228998705745, 0.260933250189, 0.252337872982, 0.137644127011, 0.0698883980513, 0.120055064559, 0.2761939466, 0.688871085644], "hpcp": {"dmean2": [0.326263010502, 0.380925893784, 0.190627619624, 0.12492287904, 0.0944568291306, 0.0940138325095, 0.127180069685, 0.150805875659, 0.169454783201, 0.173231095076, 0.133777529001, 0.113834761083, 0.164106532931, 0.207757130265, 0.190609782934, 0.164402678609, 0.106750413775, 0.0828553885221, 0.0890143737197, 0.121037468314, 0.257029384375, 0.29682636261, 0.210572972894, 0.0899743661284, 0.0351031050086, 0.0293585620821, 0.0629297867417, 0.114760577679, 0.157305404544, 0.174824491143, 0.168154284358, 0.10578687489, 0.0748361125588, 0.129225090146, 0.207788780332, 0.372241407633], "median": [0.646167337894, 0.327436715364, 0.0465487465262, 0.0123834703118, 0.010916381143, 0.01916917786, 0.0276761632413, 0.0495455488563, 0.0596157498658, 0.0487024001777, 0.0358473882079, 0.0299645736814, 0.0377657525241, 0.0416799709201, 0.0541214868426, 0.0444618538022, 0.0249372012913, 0.00815183669329, 0.00594020169228, 0.0150826601312, 0.0853207930923, 0.124991282821, 0.0827924832702, 0.0213558860123, 0.0048251003027, 0.00508727086708, 0.00980746839195, 0.020321842283, 0.0341676138341, 0.0671084076166, 0.061345834285, 0.0258786901832, 0.00953140482306, 0.0233692601323, 0.084355533123, 0.352335333824], "min": [0, 0, 0, 0, 0, 0, 0, 0, 0, 0, 0, 0, 0, 0, 0, 0, 0, 0, 0, 0, 0, 0, 0, 0, 0, 0, 0, 0, 0, 0, 0, 0, 0, 0, 0, 0], "dvar2": [0.112932242453, 0.13273781538, 0.0676901564002, 0.0503234900534, 0.031475353986, 0.0245623979717, 0.0463910922408, 0.0582308247685, 0.0631884783506, 0.0758389160037, 0.0461142659187, 0.0322067402303, 0.0590646527708, 0.0967889204621, 0.0742005854845, 0.0638889372349, 0.0341074243188, 0.0319032929838, 0.0367370322347, 0.0372087135911, 0.11406942457, 0.118777617812, 0.0599363073707, 0.0246475338936, 0.00770967733115, 0.00464269146323, 0.0155104408041, 0.0372340343893, 0.0766883268952, 0.0685580894351, 0.0631971806288, 0.0336564294994, 0.0283526368439, 0.0498537756503, 0.0670937299728, 0.11738806963], "dvar": [0.0477630347013, 0.0485941171646, 0.0234720557928, 0.0187817495316, 0.011891211383, 0.00992212910205, 0.0173756889999, 0.0206772647798, 0.0266092773527, 0.0313000567257, 0.0166505668312, 0.0121924206614, 0.0229054708034, 0.0357096046209, 0.0281952917576, 0.027069510892, 0.0132987359539, 0.0114816371351, 0.0128680830821, 0.0130263669416, 0.0381768010557, 0.0488705895841, 0.025742188096, 0.00913884490728, 0.00277316197753, 0.00172866159119, 0.00593164935708, 0.0158921200782, 0.030496397987, 0.0245307758451, 0.0258612874895, 0.0131878750399, 0.00957151781768, 0.0168542824686, 0.0243340879679, 0.0435889698565], "dmean": [0.191960901022, 0.218889072537, 0.105609916151, 0.0701436772943, 0.053520552814, 0.0555293932557, 0.0746061205864, 0.0878670439124, 0.103454008698, 0.105718702078, 0.077373534441, 0.0677763670683, 0.0969301909208, 0.117430068552, 0.11476739496, 0.0998638793826, 0.0643445551395, 0.0473568476737, 0.0500597879291, 0.0685914903879, 0.146360427141, 0.175612106919, 0.12468291074, 0.0508271791041, 0.0200731642544, 0.0170783195645, 0.0374692715704, 0.0680135041475, 0.0925861522555, 0.105542697012, 0.103643849492, 0.0639931634068, 0.0418994873762, 0.0715403407812, 0.124547757208, 0.21760854125], "max": [1, 1, 1, 1, 1, 1, 1, 1, 1, 1, 1, 1, 1, 1, 1, 1, 1, 1, 1, 1, 1, 1, 1, 1, 0.928804039955, 0.701225399971, 0.911770701408, 1, 1, 1, 1, 1, 1, 1, 1, 1], "var": [0.143149927258, 0.109055481851, 0.0574877820909, 0.0159693267196, 0.0112776495516, 0.0139531381428, 0.0391509458423, 0.041505895555, 0.0957767367363, 0.10880382359, 0.0291911866516, 0.0168431643397, 0.0396018140018, 0.0605830512941, 0.0535207428038, 0.06513363868, 0.0291191507131, 0.0165073554963, 0.0138621684164, 0.0150589952245, 0.0425135679543, 0.0980441942811, 0.0554555729032, 0.00871773529798, 0.00222740112804, 0.00197609001771, 0.00972049217671, 0.0356412604451, 0.0553038008511, 0.0438361540437, 0.0469816327095, 0.0198195260018, 0.00855864305049, 0.0159764345735, 0.0395090617239, 0.0988021045923], "mean": [0.584912061691, 0.399912953377, 0.144978120923, 0.0640672519803, 0.048953499645, 0.0664350390434, 0.108208596706, 0.137575417757, 0.222661375999, 0.230978533626, 0.105672486126, 0.0801543742418, 0.130209803581, 0.14788544178, 0.16304717958, 0.1601716429, 0.0945821925998, 0.0531157776713, 0.0498249940574, 0.0680421218276, 0.168927654624, 0.266504704952, 0.182482391596, 0.0513471662998, 0.0190523061901, 0.0187570583075, 0.0495887883008, 0.105838373303, 0.133944109082, 0.152622997761, 0.147595465183, 0.0805097073317, 0.0408785678446, 0.0702216550708, 0.161549165845, 0.402929008007]}, "tuning_equal_tempered_deviation": 0.0971077755094, "chords_changes_rate": 0.0345596447587, "key_key": "D", "tuning_diatonic_strength": 0.643859446049, "key_scale": "major", "chords_number_rate": 0.00445930892602, "tuning_frequency": 445.369720459, "tuning_nontempered_energy_ratio": 0.780918002129, "chords_histogram": [8.36120414734, 19.8439235687, 25.6410255432, 0.222965434194, 0.222965434194, 5.12820529938, 0.111482717097, 0, 0, 0, 0, 0, 0.222965434194, 0, 0, 0, 0, 0, 0.836120426655, 32.329990387, 1.39353394508, 3.73467111588, 1.1705685854, 0.780379056931], "key_strength": 0.663664340973, "chords_key": "A", "chords_strength": {"dmean2": 0.00749281374738, "median": 0.589953541756, "min": 0.366432934999, "dvar2": 4.05178761866e-05, "dvar": 3.57535463991e-05, "dmean": 0.00716538401321, "max": 0.79176568985, "var": 0.0082396408543, "mean": 0.595130801201}, "chords_scale": "minor", "hpcp_entropy": {"dmean2": 1.01775431633, "median": 2.06304073334, "min": 0, "dvar2": 0.638493716717, "dvar": 0.21958039701, "dmean": 0.58496183157, "max": 3.83248615265, "var": 0.434085965157, "mean": 2.02859330177}}, "metadata": {"audio_properties": {"equal_loudness": 0, "codec": "flac", "downmix": "mix", "sample_rate": 44100, "analysis_sample_rate": 44100, "bit_rate": 0, "md5_encoded": "73e1d538b67894794843511f04031cc9", "length": 83.2266693115, "replay_gain": -4.32851982117, "lossless": true}, "version": {"essentia_build_sha": "2d9f1f26377add8aeb1075a9c2973f962c4f09fd", "essentia": "2.1-beta2", "extractor": "music 1.0", "essentia_git_sha": "v2.1_beta2-1-ge3940c0"}, "tags": {"title": ["Eve"], "barcode": ["093624743927"], "media": ["CD"], "albumartist": ["Me'Shell Ndeg\u00e9Ocello"], "tracktotal": ["12"], "musicbrainz_releasegroupid": ["78db76a3-81e8-3a60-9e21-939819549915"], "releasetype": ["album"], "musicbrainz_recordingid": ["05c73a85-37ea-4866-8a1e-dc26c7626556"], "musicbrainz_albumartistid": ["55a8b485-1cbf-47ee-ae15-d106200fafe8"], "originalyear": ["1999"], "originaldate": ["1999-08-24"], "musicbrainz_releasetrackid": ["f198a24c-d0ad-3b4a-82f4-6867e982e5d8"], "discnumber": ["1"], "totaldiscs": ["1"], "album": ["Bitter"], "catalognumber": ["CDW 47439"], "releasecountry": ["US"], "file_name": "10 - Eve.flac", "musicip_puid": ["bf76d1cf-bbc9-f98a-60a5-002c96db7f3f"], "albumartistsort": ["Ndeg\u00e9Ocello, Me'Shell"], "date": ["1999-08-24"], "genre": ["R&B"], "disctotal": ["1"], "musicbrainz_artistid": ["55a8b485-1cbf-47ee-ae15-d106200fafe8"], "asin": ["B000VD38KU"], "musicbrainz_albumid": ["113b2506-befb-4a60-b253-e5c9eddf1de1"], "artist": ["Me'Shell Ndeg\u00e9Ocello"], "tracknumber": ["10"], "artistsort": ["Ndeg\u00e9Ocello, Me'Shell"], "bpm": ["125"], "label": ["Maverick"], "releasestatus": ["official"], "acoustid_id": ["9c01e19c-55fb-4310-be65-6f1d6c63fe9e"], "script": ["Latn"], "totaltracks": ["12"]}}, "rhythm": {"bpm_histogram_first_peak_bpm": {"dmean2": 0, "median": 126, "min": 126, "dvar2": 0, "dvar": 0, "dmean": 0, "max": 126, "var": 0, "mean": 126}, "bpm": 125.905181885, "bpm_histogram_second_peak_spread": {"dmean2": 0, "median": 0.29411765933, "min": 0.29411765933, "dvar2": 0, "dvar": 0, "dmean": 0, "max": 0.29411765933, "var": 0, "mean": 0.29411765933}, "bpm_histogram_first_peak_weight": {"dmean2": 0, "median": 0.323170721531, "min": 0.323170721531, "dvar2": 0, "dvar": 0, "dmean": 0, "max": 0.323170721531, "var": 0, "mean": 0.323170721531}, "onset_rate": 2.16232991219, "beats_position": [0.49922901392, 1.01006805897, 1.50929701328, 2.00852608681, 2.50775504112, 3.00698399544, 3.50621318817, 4.01705217361, 4.62077093124, 5.22448968887, 5.81659841537, 6.40870714188, 7.01242637634, 7.61614513397, 8.20825386047, 8.80036258698, 9.4040813446, 10.0078001022, 10.7276191711, 11.4474372864, 12.1556463242, 12.8638544083, 13.572063446, 14.2802715302, 14.9884805679, 15.696688652, 16.4048976898, 17.1131057739, 17.8213157654, 18.483083725, 19.1448516846, 19.6789112091, 20.2129707336, 20.7470283508, 21.2230377197, 21.6990470886, 22.1634464264, 22.6394557953, 23.1154651642, 23.6030826569, 24.0790920258, 24.5667114258, 25.0543308258, 25.5303401947, 26.0063495636, 26.4939670563, 26.9815864563, 27.4575958252, 27.921995163, 28.3863945007, 28.8624038696, 29.3268013, 29.7912006378, 30.2555999756, 30.7199993134, 31.1843986511, 31.6487979889, 32.1131973267, 32.5892066956, 33.053604126, 33.5180053711, 33.9824028015, 34.4468002319, 34.9112014771, 35.3755989075, 35.8632202148, 36.3508377075, 36.8500671387, 37.3376846313, 37.8253059387, 38.3013153076, 38.7889328003, 39.2765541077, 39.7641716003, 40.2401809692, 40.7277984619, 41.2038078308, 41.6798171997, 42.1674385071, 42.6550559998, 43.1542854309, 43.6302947998, 44.1063041687, 44.5823135376, 45.0583229065, 45.5343284607, 45.9987297058, 46.4631271362, 46.9159164429, 47.3687057495, 47.8447151184, 48.3091163635, 48.7735137939, 49.2495231628, 49.7255325317, 50.2015419006, 50.6775512695, 51.1535606384, 51.6295700073, 52.1055755615, 52.5815849304, 53.0575942993, 53.5452156067, 54.0328330994, 54.5320625305, 55.0429000854, 55.5421295166, 56.0529708862, 56.5522003174, 57.0514259338, 57.5622673035, 58.0266647339, 58.5026741028, 58.9670753479, 59.4430847168, 59.919090271, 60.3950996399, 60.8711090088, 61.3587303162, 61.8463478088, 62.3339653015, 62.8331947327, 63.32081604, 63.8084335327, 64.2960510254, 64.772064209, 65.2596817017, 65.7356872559, 66.2117004395, 66.6877059937, 67.1637191772, 67.6397247314, 68.115737915, 68.6033554077, 69.0909729004, 69.566986084, 70.0429916382, 70.5189971924, 70.995010376, 71.4710159302, 71.9470291138, 72.423034668, 72.8990478516, 73.3750534058, 73.8510665894, 74.3270721436, 74.8146896362, 75.2907028198, 75.7783203125, 76.1962814331, 76.6142425537, 77.0321960449, 77.4385452271, 77.8448944092, 78.2512435913, 78.6692047119, 79.075553894, 79.4819030762, 79.8882522583, 80.2946014404, 80.712562561, 81.1421279907, 81.5600891113, 81.9896621704, 82.4192276001], "beats_loudness": {"dmean2": 0.0406852178276, "median": 0.00372030376457, "min": 1.75164185379e-08, "dvar2": 0.0166424177587, "dvar": 0.00538098905236, "dmean": 0.0219023991376, "max": 0.565123260021, "var": 0.00371027318761, "mean": 0.021615350619}, "danceability": 0.895784199238, "bpm_histogram_second_peak_weight": {"dmean2": 0, "median": 0.0731707289815, "min": 0.0731707289815, "dvar2": 0, "dvar": 0, "dmean": 0, "max": 0.0731707289815, "var": 0, "mean": 0.0731707289815}, "beats_count": 165, "bpm_histogram_second_peak_bpm": {"dmean2": 0, "median": 120, "min": 120, "dvar2": 0, "dvar": 0, "dmean": 0, "max": 120, "var": 0, "mean": 120}, "bpm_histogram_first_peak_spread": {"dmean2": 0, "median": 0.485436916351, "min": 0.485436916351, "dvar2": 0, "dvar": 0, "dmean": 0, "max": 0.485436916351, "var": 0, "mean": 0.485436916351}, "beats_loudness_band_ratio": {"dmean2": [0.127868935466, 0.28265440464, 0.252679735422, 0.20957955718, 0.141688749194, 0.0179759282619], "median": [0.0536130033433, 0.346940875053, 0.21679136157, 0.0922053083777, 0.0174624286592, 0.00129901454784], "min": [0.000191734608961, 0.00359149021097, 0.00314018013887, 0.00236020842567, 0.000573947269004, 3.81102217943e-05], "dvar2": [0.0215114280581, 0.0656279847026, 0.0460504330695, 0.0509803406894, 0.0500235110521, 0.00183038052637], "dvar": [0.0073015820235, 0.0260686501861, 0.0170695483685, 0.0209375657141, 0.0171698406339, 0.00224546412937], "dmean": [0.0712048858404, 0.171284288168, 0.149794876575, 0.120137751102, 0.0771759301424, 0.0126271164045], "max": [0.562183380127, 0.976767838001, 0.818944454193, 0.986552238464, 0.679311096668, 0.758908390999], "var": [0.00879908632487, 0.0745289623737, 0.0370766408741, 0.0550866611302, 0.0159700810909, 0.00401811441407], "mean": [0.0896194800735, 0.404869765043, 0.271394014359, 0.196552455425, 0.0761030912399, 0.0120991328731]}}, "lowlevel": {"barkbands_spread": {"dmean2": 3.68268346786, "median": 7.11234807968, "min": 0.297165840864, "dvar2": 25.078748703, "dvar": 10.3149824142, "dmean": 2.34686946869, "max": 147.90397644, "var": 125.595596313, "mean": 9.3994846344}, "melbands_spread": {"dmean2": 5.62458133698, "median": 10.1709451675, "min": 0.520012378693, "dvar2": 49.6079063416, "dvar": 22.604309082, "dmean": 3.54755616188, "max": 225.319122314, "var": 240.571899414, "mean": 14.1102237701}, "hfc": {"dmean2": 3.66571092606, "median": 2.03580904007, "min": 0.000129119711346, "dvar2": 209.555801392, "dvar": 116.500862122, "dmean": 2.69359755516, "max": 321.497131348, "var": 376.590667725, "mean": 7.66964626312}, "barkbands_kurtosis": {"dmean2": 6.9861574173, "median": 2.51093149185, "min": -1.93023192883, "dvar2": 170.338165283, "dvar": 69.7740325928, "dmean": 4.3642745018, "max": 174.014373779, "var": 337.137969971, "mean": 9.27244663239}, "gfcc": {"mean": [-193.6875, 165.449417114, -132.609237671, -27.2809333801, -39.6798400879, -27.4364738464, -41.3224906921, -12.5763349533, -24.2199802399, -1.74273443222, -7.81165838242, -9.23249053955, -6.25436210632], "icov": [[0.000502543407492, -0.000891388976015, 0.00101546943188, -0.00142674241215, 0.00121492915787, -0.00124653358944, 0.00134268961847, -0.000585673260503, 0.000588424387388, 0.000301907915855, -0.0002248975361, -4.63237529402e-06, -0.000642730679829], [-0.000891388976015, 0.00266742496751, -0.00169476890005, 0.00319962669164, -0.00256857834756, 0.00297348969616, -0.00224142451771, 0.000847612216603, -0.00115398783237, 0.000386362458812, 0.000507300952449, 0.00120037887245, 0.000342036597431], [0.00101546943188, -0.00169476890005, 0.00314437132329, -0.00313547323458, 0.00314159016125, -0.00276734563522, 0.00339344004169, -0.00119922833983, 0.000289484829409, 0.000831191951875, 0.000614802469499, -0.00130277930293, 2.86060931103e-05], [-0.00142674241215, 0.00319962669164, -0.00313547323458, 0.0061243949458, -0.00415459135547, 0.00479224324226, -0.00425245100632, -3.10401228489e-05, -0.000781098206062, -0.000720007636119, 0.00158749287948, 0.00114097597543, -0.000642505241558], [0.00121492915787, -0.00256857834756, 0.00314159016125, -0.00415459135547, 0.00761989923194, -0.00370134739205, 0.00143376900814, -0.0018277381314, 0.00149284722283, 0.0015920966398, 0.000105819090095, 0.00145018298645, -0.000692952016834], [-0.00124653358944, 0.00297348969616, -0.00276734563522, 0.00479224324226, -0.00370134739205, 0.00996392499655, -0.00560367153957, 0.000876580132172, -0.000157456626766, -0.0021112607792, 0.00208903616294, -0.00237425975502, 0.00421373406425], [0.00134268961847, -0.00224142451771, 0.00339344004169, -0.00425245100632, 0.00143376900814, -0.00560367153957, 0.0136809963733, -0.00458849966526, 0.00348621676676, -0.00122137612198, -0.00309610110708, 0.00147663452663, -0.00383851747029], [-0.000585673260503, 0.000847612216603, -0.00119922833983, -3.10401228489e-05, -0.0018277381314, 0.000876580132172, -0.00458849966526, 0.0130636999384, -0.00689878081903, -0.000746094447095, 0.00366327678785, -0.00480778701603, 0.00337797938846], [0.000588424387388, -0.00115398783237, 0.000289484829409, -0.000781098206062, 0.00149284722283, -0.000157456626766, 0.00348621676676, -0.00689878081903, 0.0151363350451, -0.00582959316671, 0.00112914340571, -4.58560098195e-05, -0.00325592979789], [0.000301907915855, 0.000386362458812, 0.000831191951875, -0.000720007636119, 0.0015920966398, -0.0021112607792, -0.00122137612198, -0.000746094447095, -0.00582959316671, 0.0158370118588, -0.00788896530867, 0.00819166563451, -0.000255741673755], [-0.0002248975361, 0.000507300952449, 0.000614802469499, 0.00158749287948, 0.000105819090095, 0.00208903616294, -0.00309610110708, 0.00366327678785, 0.00112914340571, -0.00788896530867, 0.022133519873, -0.0112633975223, 0.00428682286292], [-4.63237529402e-06, 0.00120037887245, -0.00130277930293, 0.00114097597543, 0.00145018298645, -0.00237425975502, 0.00147663452663, -0.00480778701603, -4.58560098195e-05, 0.00819166563451, -0.0112633975223, 0.0254636481404, -0.00880741979927], [-0.000642730679829, 0.000342036597431, 2.86060931103e-05, -0.000642505241558, -0.000692952016834, 0.00421373406425, -0.00383851747029, 0.00337797938846, -0.00325592979789, -0.000255741673755, 0.00428682286292, -0.00880741979927, 0.0212469287217]], "cov": [[15529.2509766, 2133.1887207, -2840.84619141, 1726.23254395, 354.69720459, -455.794799805, 34.0231056213, 63.4115180969, -318.814025879, -320.361968994, -186.975143433, -180.522796631, 499.661956787], [2133.1887207, 1594.81091309, -490.743408203, -360.519592285, 151.225524902, -190.062484741, -52.1585426331, -108.244400024, -56.419216156, -109.835044861, -40.5529251099, -97.4551086426, 36.8436393738], [-2840.84619141, -490.743408203, 1807.88049316, 59.5287017822, -386.309234619, 52.2932014465, -227.603149414, 94.7422866821, 151.555496216, -38.5414962769, -64.2894210815, 131.229507446, -67.6929473877], [1726.23254395, -360.519592285, 59.5287017822, 1110.19189453, 155.444335938, -143.499710083, 91.0911254883, 175.551330566, 29.5339756012, -26.9799747467, -103.367050171, -14.9358978271, 132.455673218], [354.69720459, 151.225524902, -386.309234619, 155.444335938, 376.635742188, 4.6206870079, 120.126228333, 26.6875667572, -35.4930610657, -2.9939289093, -23.3520183563, -60.4570503235, 16.5180683136], [-455.794799805, -190.062484741, 52.2932014465, -143.499710083, 4.6206870079, 244.85836792, 54.0625114441, 11.0569486618, -8.60133934021, 39.6914749146, 26.1852397919, 19.8136119843, -53.4494171143], [34.0231056213, -52.1585426331, -227.603149414, 91.0911254883, 120.126228333, 54.0625114441, 186.758651733, 43.0709648132, -13.3676490784, 42.7179298401, 18.4610691071, -19.2917976379, 11.7624387741], [63.4115180969, -108.244400024, 94.7422866821, 175.551330566, 26.6875667572, 11.0569486618, 43.0709648132, 161.339233398, 69.4762268066, 18.8706417084, -24.4732913971, 17.1480045319, 12.5698547363], [-318.814025879, -56.419216156, 151.555496216, 29.5339756012, -35.4930610657, -8.60133934021, -13.3676490784, 69.4762268066, 129.994354248, 45.4505004883, -8.0068769455, 7.7095541954, 4.31945705414], [-320.361968994, -109.835044861, -38.5414962769, -26.9799747467, -2.9939289093, 39.6914749146, 42.7179298401, 18.8706417084, 45.4505004883, 129.33972168, 37.600818634, -22.6319656372, -20.3851718903], [-186.975143433, -40.5529251099, -64.2894210815, -103.367050171, -23.3520183563, 26.1852397919, 18.4610691071, -24.4732913971, -8.0068769455, 37.600818634, 85.5233078003, 21.5278263092, -15.876994133], [-180.522796631, -97.4551086426, 131.229507446, -14.9358978271, -60.4570503235, 19.8136119843, -19.2917976379, 17.1480045319, 7.7095541954, -22.6319656372, 21.5278263092, 82.5791549683, 14.1635437012], [499.661956787, 36.8436393738, -67.6929473877, 132.455673218, 16.5180683136, -53.4494171143, 11.7624387741, 12.5698547363, 4.31945705414, -20.3851718903, -15.876994133, 14.1635437012, 86.4407424927]]}, "spectral_energyband_middle_low": {"dmean2": 0.00344173354097, "median": 0.00163883832283, "min": 3.45986282159e-12, "dvar2": 0.000150218576891, "dvar": 0.000115283357445, "dmean": 0.0026790255215, "max": 0.514465749264, "var": 0.000693772220984, "mean": 0.0101643651724}, "melbands_crest": {"dmean2": 5.38881635666, "median": 13.1972923279, "min": 4.44808197021, "dvar2": 24.1347007751, "dvar": 9.18197441101, "dmean": 3.27668046951, "max": 35.5508956909, "var": 38.8685264587, "mean": 14.4623975754}, "spectral_kurtosis": {"dmean2": 18.9997901917, "median": 22.6525764465, "min": -1.21011352539, "dvar2": 369.331390381, "dvar": 136.212646484, "dmean": 10.9646472931, "max": 152.042114258, "var": 773.320556641, "mean": 32.3708305359}, "spectral_rms": {"dmean2": 0.000551942910533, "median": 0.00170081888791, "min": 2.56975249613e-06, "dvar2": 6.19276306679e-07, "dvar": 4.03613540811e-07, "dmean": 0.000391623179894, "max": 0.0236308332533, "var": 5.83678820476e-06, "mean": 0.00267435540445}, "zerocrossingrate": {"dmean2": 0.00555924000219, "median": 0.0322265625, "min": 0.00341796875, "dvar2": 9.88681349554e-05, "dvar": 6.87503561494e-05, "dmean": 0.00440488243476, "max": 0.77783203125, "var": 0.00409913947806, "mean": 0.0422288402915}, "silence_rate_60dB": {"dmean2": 0.0680803582072, "median": 1, "min": 0, "dvar2": 0.0785149782896, "dvar": 0.0328736454248, "dmean": 0.0340306833386, "max": 1, "var": 0.249371945858, "mean": 0.525097608566}, "erbbands_kurtosis": {"dmean2": 3.93902468681, "median": 0.677925288677, "min": -1.78892850876, "dvar2": 48.9662399292, "dvar": 20.1260509491, "dmean": 2.41907095909, "max": 120.008522034, "var": 58.327583313, "mean": 3.29843997955}, "erbbands": {"dmean2": [0.00232909503393, 0.0467929244041, 0.555070221424, 0.749139010906, 1.59928250313, 6.33515834808, 13.8786716461, 15.8848800659, 9.84785366058, 11.8552598953, 7.58431482315, 11.9463224411, 7.05146789551, 7.82254648209, 18.038684845, 22.4975185394, 7.52615976334, 29.98503685, 21.2482776642, 13.0846633911, 10.2947301865, 4.89351320267, 7.90827655792, 5.01720046997, 2.70623970032, 1.69457399845, 0.953287482262, 0.291982442141, 0.138173833489, 0.142365887761, 0.0853868573904, 0.116251647472, 0.114859931171, 0.0304694939405, 0.0178628228605, 0.0090413717553, 0.00303583452478, 0.000466836907435, 8.5260355263e-05, 1.43286961247e-05], "median": [0.000199231959414, 0.00485267303884, 0.0431224927306, 0.0438536964357, 0.529547572136, 2.29854393005, 1.29578137398, 1.65916228294, 4.75693178177, 4.04762172699, 2.52711296082, 1.89456748962, 1.8760061264, 2.02221989632, 2.00126743317, 2.28080224991, 1.27636897564, 3.68265342712, 1.84930622578, 1.11000204086, 0.709577441216, 0.378380924463, 0.255175948143, 0.194488242269, 0.124154768884, 0.0441694073379, 0.0224409848452, 0.00709056062624, 0.00179748050869, 0.000796834472567, 0.000549001095351, 0.000457815418486, 0.000353306124453, 0.000253385776887, 0.000164688855875, 9.7171679954e-05, 4.77321009384e-05, 1.76260109583e-05, 7.10981203156e-06, 3.82619327866e-06], "min": [4.81062245594e-10, 7.42466366166e-11, 9.77114916756e-11, 1.06784074638e-10, 4.16091855415e-10, 5.03500519056e-10, 1.84252901825e-09, 1.67240288285e-09, 4.60619231646e-09, 3.97140409447e-09, 7.22722903745e-09, 1.07804769556e-08, 1.0000362316e-08, 1.19852670011e-08, 2.01138430356e-08, 3.31056746461e-08, 1.68793405919e-08, 3.31054117453e-08, 4.92893228454e-08, 4.68634482331e-08, 5.53130270475e-08, 5.49395871019e-08, 5.77416301439e-08, 4.81534847552e-08, 4.45289245476e-08, 2.18974669508e-08, 1.4362593781e-08, 3.66390473516e-08, 8.90859581659e-08, 1.93050624375e-07, 3.80389991506e-07, 4.39604178837e-07, 6.14786131337e-07, 5.28468831362e-07, 1.9972254961e-07, 1.30193427594e-07, 5.22918185197e-07, 6.78531989706e-07, 3.12783555501e-07, 3.2570302011e-08], "dvar2": [9.60259785643e-05, 0.0191830974072, 1.42489540577, 3.34628033638, 11.6951627731, 278.545196533, 3255.53637695, 9884.7265625, 301.626800537, 767.035522461, 489.937774658, 7691.95703125, 850.357299805, 743.936889648, 4263.32910156, 21851.7480469, 865.241210938, 38350.5664063, 17804.4277344, 5305.89404297, 5022.97949219, 785.159667969, 5494.35644531, 1717.43139648, 169.26902771, 93.6195068359, 124.238929749, 5.71370697021, 1.11344432831, 2.1401424408, 1.25134789944, 2.66025733948, 2.14298176765, 0.178935855627, 0.0467525906861, 0.0125052807853, 0.00213938066736, 7.93517247075e-05, 2.14567194234e-06, 5.04320460948e-08], "dvar": [3.67891625501e-05, 0.00689095957205, 0.467436462641, 1.09656083584, 4.84633350372, 125.892860413, 1731.03686523, 8459.58300781, 165.501419067, 325.930206299, 209.283660889, 3081.04638672, 413.662872314, 341.545288086, 1763.12536621, 12416.3701172, 467.314025879, 24354.3378906, 8098.40332031, 2468.61328125, 2033.38317871, 336.452056885, 2030.92724609, 615.205322266, 83.8375320435, 46.8285102844, 72.2948150635, 2.78317761421, 0.485308974981, 0.842886805534, 0.512744247913, 0.989743113518, 0.789860367775, 0.0646514520049, 0.016919510439, 0.00452431663871, 0.000802909606136, 2.86996346404e-05, 7.47433716697e-07, 1.75143579639e-08], "dmean": [0.00137357623316, 0.0269571114331, 0.309222072363, 0.415915459394, 0.976395606995, 4.30474710464, 9.95212078094, 14.1245470047, 6.87994432449, 7.30274486542, 4.76827478409, 7.69082212448, 4.64344596863, 5.11642313004, 11.2799911499, 15.7143068314, 5.29166984558, 20.3990364075, 14.3264293671, 8.46991443634, 6.44743537903, 3.0008046627, 4.72614860535, 3.00650286674, 1.79815721512, 1.10883283615, 0.706776201725, 0.203453108668, 0.0904638320208, 0.0945997312665, 0.0554690174758, 0.0705578401685, 0.0673510879278, 0.0178100336343, 0.0102890105918, 0.00513729918748, 0.001769824652, 0.000267674244242, 4.71538696729e-05, 8.91143281478e-06], "max": [0.251939952374, 1.59215497971, 10.6153583527, 23.301322937, 113.314689636, 504.619659424, 1526.5, 4462.60644531, 357.752563477, 526.995544434, 466.082580566, 2276.17114258, 746.80078125, 557.944885254, 1212.51611328, 3980.27197266, 717.97833252, 8933.2109375, 2889.5859375, 1618.98657227, 1786.83068848, 639.446411133, 1595.75244141, 892.855407715, 306.126220703, 231.542434692, 527.316711426, 55.6048545837, 18.4581832886, 33.0245857239, 24.8782444, 39.1079750061, 26.1234397888, 9.85450363159, 3.42036795616, 1.70846450329, 1.14930975437, 0.234914496541, 0.0331857576966, 0.00573966326192], "var": [3.22340529237e-05, 0.00909650232643, 0.980576395988, 2.11621689796, 77.8698043823, 2226.22436523, 6904.19482422, 33563.8789063, 845.764892578, 903.843017578, 743.718994141, 3951.50195313, 895.463745117, 900.283996582, 4208.63623047, 24715.3105469, 1562.71679688, 53689.3125, 13263.7519531, 3583.06616211, 2237.20288086, 432.985778809, 1602.53540039, 565.898193359, 195.363815308, 96.4416885376, 147.227600098, 4.24627685547, 0.656676471233, 1.17068910599, 0.580297708511, 0.763437926769, 0.570363104343, 0.0448409765959, 0.0114508252591, 0.00307401781902, 0.000581385509577, 1.8684528186e-05, 4.37553126176e-07, 1.11323883445e-08], "mean": [0.00174481631257, 0.0393213070929, 0.444986224174, 0.676665067673, 3.1336107254, 18.3821868896, 26.2592830658, 31.7464962006, 15.2215557098, 14.2121868134, 10.3706998825, 12.7655591965, 8.6077375412, 9.65237617493, 17.953042984, 20.8510704041, 9.4922542572, 27.702665329, 21.2085437775, 12.0930137634, 8.5598487854, 4.36244678497, 5.47898817062, 3.78952765465, 2.94530487061, 1.76307141781, 1.09184467793, 0.279566019773, 0.114958226681, 0.124439969659, 0.0622262991965, 0.0617498531938, 0.0531914494932, 0.0141612123698, 0.00769151514396, 0.00369453825988, 0.0013055447489, 0.000211864331504, 4.08522646467e-05, 1.86526431207e-05]}, "spectral_strongpeak": {"dmean2": 0.656256854534, "median": 0.458668887615, "min": 0, "dvar2": 1.43104946613, "dvar": 0.71139138937, "dmean": 0.412166714668, "max": 23.6814479828, "var": 1.86082184315, "mean": 0.865046262741}, "spectral_energy": {"dmean2": 0.004788110964, "median": 0.00296510546468, "min": 6.76871891869e-09, "dvar2": 0.000216349362745, "dvar": 0.000158115595696, "dmean": 0.00365803367458, "max": 0.572376728058, "var": 0.000917564320844, "mean": 0.0133136492223}, "average_loudness": 0.0125792855397, "spectral_rolloff": {"dmean2": 321.923736572, "median": 796.728515625, "min": 236.865234375, "dvar2": 683992.875, "dvar": 242631.15625, "dmean": 185.456329346, "max": 21727.0019531, "var": 5108364, "mean": 1207.23120117}, "spectral_centroid": {"dmean2": 176.644866943, "median": 616.819458008, "min": 237.084869385, "dvar2": 60235.0078125, "dvar": 31483.2109375, "dmean": 113.244216919, "max": 11100.7734375, "var": 289201.84375, "mean": 778.661560059}, "pitch_salience": {"dmean2": 0.114861674607, "median": 0.57599645853, "min": 0.0640440136194, "dvar2": 0.00943850632757, "dvar": 0.00377802667208, "dmean": 0.0700336173177, "max": 0.871280908585, "var": 0.0178537108004, "mean": 0.560675919056}, "spectral_energyband_middle_high": {"dmean2": 0.00178162904922, "median": 0.000531965808477, "min": 1.1444162458e-11, "dvar2": 5.10586287419e-05, "dvar": 2.69862448476e-05, "dmean": 0.00124610390048, "max": 0.149771615863, "var": 6.76112613291e-05, "mean": 0.00255872518755}, "spectral_contrast_coeffs": {"dmean2": [0.0762444660068, 0.0718648210168, 0.0593572296202, 0.0488255880773, 0.0330349802971, 0.0235436148942], "median": [-0.568418622017, -0.747744083405, -0.773801326752, -0.776198625565, -0.795133888721, -0.813324570656], "min": [-0.9464366436, -0.960801243782, -0.958733618259, -0.961029648781, -0.955023527145, -0.961888849735], "dvar2": [0.00363147561438, 0.00303886760958, 0.00230697053485, 0.00157868966926, 0.000793276180048, 0.00051826343406], "dvar": [0.00141608319245, 0.00117930897977, 0.000927542918362, 0.000665130908601, 0.000358571123797, 0.000225689669605], "dmean": [0.0468703992665, 0.0435343049467, 0.0367435142398, 0.0303142983466, 0.0210354756564, 0.0150661598891], "max": [-0.270636290312, -0.345774978399, -0.386583566666, -0.40425953269, -0.564177215099, -0.597952961922], "var": [0.0105191553012, 0.00582500547171, 0.00502491509542, 0.00413496838883, 0.00356550933793, 0.00321714719757], "mean": [-0.56570482254, -0.74037617445, -0.767790496349, -0.772417843342, -0.793163478374, -0.811192274094]}, "melbands_skewness": {"dmean2": 0.920605778694, "median": 1.43650698662, "min": -7.35836172104, "dvar2": 0.67575442791, "dvar": 0.284764260054, "dmean": 0.578969597816, "max": 13.2683048248, "var": 3.67542386055, "mean": 1.68767917156}, "spectral_spread": {"dmean2": 438742.75, "median": 1671835.25, "min": 567090.5, "dvar2": 286089805824, "dvar": 228445126656, "dmean": 270726.9375, "max": 40217512, "var": 4520525430780.0, "mean": 2090896.5}, "dissonance": {"dmean2": 0.06283570081, "median": 0.435744583607, "min": 0.100364215672, "dvar2": 0.00388844870031, "dvar": 0.00133215426467, "dmean": 0.0366969667375, "max": 0.499999910593, "var": 0.00344360945746, "mean": 0.419986069202}, "spectral_skewness": {"dmean2": 1.23927438259, "median": 3.22644805908, "min": -0.0662838593125, "dvar2": 1.27606594563, "dvar": 0.478734523058, "dmean": 0.72391462326, "max": 9.99443149567, "var": 3.45080280304, "mean": 3.62898278236}, "spectral_flux": {"dmean2": 0.0164403654635, "median": 0.028108112514, "min": 6.9244968472e-05, "dvar2": 0.000874500430655, "dvar": 0.000376553449314, "dmean": 0.0103088365868, "max": 0.578716874123, "var": 0.00119421305135, "mean": 0.0381121970713}, "spectral_contrast_valleys": {"dmean2": [0.708553493023, 0.5122833848, 0.442837953568, 0.392801463604, 0.348596125841, 0.273742586374], "median": [-9.42104721069, -7.18223571777, -8.09759140015, -8.72727203369, -9.67479896545, -13.4234371185], "min": [-27.8812599182, -27.2513999939, -27.3710346222, -27.28515625, -27.3343849182, -27.3794631958], "dvar2": [0.332040160894, 0.194226056337, 0.150959387422, 0.138096883893, 0.147284165025, 0.182398110628], "dvar": [0.136347308755, 0.0921620503068, 0.079665325582, 0.0785075500607, 0.0875556617975, 0.103652842343], "dmean": [0.418760865927, 0.308213293552, 0.273960083723, 0.24707506597, 0.231827929616, 0.181627646089], "max": [-6.31698322296, -4.76151895523, -5.46655702591, -5.55134439468, -5.87547445297, -8.71241474152], "var": [2.1802277565, 1.73287367821, 1.80434858799, 1.87729930878, 2.09551763535, 0.909977316856], "mean": [-9.32332706451, -7.28142881393, -8.32040691376, -8.96174812317, -9.89552783966, -13.354924202]}, "erbbands_flatness_db": {"dmean2": 0.0325914248824, "median": 0.285677403212, "min": 0.0187657773495, "dvar2": 0.000907431880478, "dvar": 0.000393571011955, "dmean": 0.0211864691228, "max": 0.589921653271, "var": 0.00408125435933, "mean": 0.289256185293}, "spectral_energyband_high": {"dmean2": 4.54735672974e-05, "median": 9.55836412686e-07, "min": 3.74449182772e-09, "dvar2": 1.49449562059e-07, "dvar": 7.19243544722e-08, "dmean": 3.11372823489e-05, "max": 0.0101174917072, "var": 1.16526486238e-07, "mean": 4.44160177722e-05}, "spectral_entropy": {"dmean2": 0.275650888681, "median": 6.52123069763, "min": 4.43625831604, "dvar2": 0.0679847747087, "dvar": 0.0297451037914, "dmean": 0.17718796432, "max": 9.78620529175, "var": 0.349424362183, "mean": 6.48151731491}, "silence_rate_20dB": {"dmean2": 0.00223214295693, "median": 1, "min": 0, "dvar2": 0.00222705421038, "dvar": 0.00111448811367, "dmean": 0.00111576006748, "max": 1, "var": 0.001948227291, "mean": 0.998047947884}, "melbands_flatness_db": {"dmean2": 0.0357402078807, "median": 0.32867628336, "min": 0.0746024772525, "dvar2": 0.00103818986099, "dvar": 0.00047075303155, "dmean": 0.0228490456939, "max": 0.560200333595, "var": 0.00600079959258, "mean": 0.33054959774}, "barkbands": {"dmean2": [6.59041052131e-06, 0.00014781243226, 0.000661102414597, 0.000161809977726, 0.00167833338492, 0.00187317468226, 0.000680990458932, 0.000476872635772, 0.000458476599306, 0.000251491961535, 0.000335126853315, 0.000536918116268, 0.000120808617794, 0.000539884960745, 0.000397854746552, 0.000236955922446, 9.42508195294e-05, 0.000173146268935, 5.18021406606e-05, 4.67706377094e-05, 1.62441319844e-05, 4.09780022892e-06, 3.46569572685e-06, 6.69067367198e-06, 2.37175959228e-06, 1.64117136592e-06, 5.95972210249e-07], "median": [2.5138649562e-07, 1.44207879202e-05, 4.10098655266e-05, 3.25925793732e-06, 0.000511940917931, 0.000164545315783, 0.000355500669684, 0.000111009205284, 7.89670157246e-05, 6.79426739225e-05, 2.33523496718e-05, 4.45556470368e-05, 1.55110610649e-05, 7.05438869772e-05, 1.77170804818e-05, 1.2579682334e-05, 6.3632983256e-06, 4.21257163907e-06, 2.71044564215e-06, 8.68097913553e-07, 3.60699345947e-07, 3.70639661185e-08, 1.9229602799e-08, 2.18642188798e-08, 2.23973550817e-08, 2.38139783448e-08, 2.87044308322e-08], "min": [2.26098324091e-11, 3.32714677207e-13, 5.71883510057e-14, 9.47727631101e-15, 2.43968744946e-13, 2.56267365184e-13, 1.73766654277e-13, 2.08006761772e-13, 4.76840626446e-13, 5.79004617689e-13, 2.67437168331e-13, 5.07317386884e-13, 2.83886602377e-13, 6.6660045539e-13, 8.58252650806e-13, 8.76850621192e-13, 9.71872322203e-13, 8.54698148194e-13, 7.9561243661e-13, 4.97954271133e-13, 4.56738108705e-13, 3.09870532011e-12, 1.09951657154e-11, 2.97298817509e-11, 3.7086941157e-11, 2.48136483583e-10, 2.23240759212e-09], "dvar2": [7.54625362198e-10, 2.37141833281e-07, 1.95367806555e-06, 3.35447595035e-07, 2.35542411247e-05, 8.36392355268e-05, 1.39533881338e-06, 1.41104590057e-06, 9.28077770368e-06, 5.81403867272e-07, 1.56926114414e-06, 1.38278774102e-05, 3.01934193203e-07, 1.0695635865e-05, 6.98096164342e-06, 2.99710450236e-06, 1.96537982333e-07, 2.09969084608e-06, 1.36589136446e-07, 6.08944148439e-08, 3.40426957735e-08, 1.09293851747e-09, 1.83666926112e-09, 7.63710694685e-09, 8.60013893433e-10, 5.25920862415e-10, 1.53694487692e-10], "dvar": [3.94895421918e-10, 8.41413054786e-08, 5.93393679083e-07, 1.52675625031e-07, 9.90068292595e-06, 7.19047820894e-05, 6.67243511998e-07, 5.81707411129e-07, 3.89069055018e-06, 2.86555945195e-07, 6.4735036176e-07, 7.50970548324e-06, 1.43750455095e-07, 6.78448668623e-06, 3.19127684634e-06, 1.27871601308e-06, 8.81117045992e-08, 7.50966478336e-07, 5.77968179982e-08, 2.61889248065e-08, 1.96459417623e-08, 4.51323395323e-10, 7.34848293327e-10, 2.83021295289e-09, 3.13968268051e-10, 1.94143146004e-10, 5.32278630894e-11], "dmean": [4.02148225476e-06, 8.56061014929e-05, 0.000355911033694, 0.000102064324892, 0.00111458415631, 0.00160036655143, 0.000451722036814, 0.000289146235446, 0.000295253645163, 0.000166164900293, 0.000208585945074, 0.000373084389139, 8.11976133264e-05, 0.000366231135558, 0.000263982627075, 0.000145861529745, 5.79873012612e-05, 0.000101131663541, 3.39383477694e-05, 2.94647015835e-05, 1.18071920951e-05, 2.58518730334e-06, 2.19172579818e-06, 3.99227837988e-06, 1.38735629207e-06, 9.46339014263e-07, 3.24638563143e-07], "max": [0.000844007357955, 0.00539865670726, 0.0101906657219, 0.0165807437152, 0.0975282043219, 0.405040204525, 0.0198814626783, 0.0238612778485, 0.0834815874696, 0.0166434720159, 0.0238933674991, 0.105758719146, 0.0127807678655, 0.149004295468, 0.0519795008004, 0.0396036319435, 0.0121493032202, 0.0283786579967, 0.00980359688401, 0.00494495453313, 0.00862904451787, 0.00055709911976, 0.00100383395329, 0.00189392117318, 0.000579920364544, 0.00051202258328, 0.000307341222651], "var": [5.83992687542e-10, 8.62110383082e-08, 1.0436139064e-06, 3.26884048718e-07, 9.04744811123e-05, 0.000328842783347, 3.05151570501e-06, 1.79545725132e-06, 5.67401366425e-06, 6.67578092362e-07, 1.85620274351e-06, 1.497752055e-05, 4.41643180693e-07, 1.5044905922e-05, 4.98134568261e-06, 1.51240271862e-06, 1.25361978576e-07, 6.12918938714e-07, 7.66343930536e-08, 4.98735452936e-08, 3.9645858152e-08, 5.27470178646e-10, 9.32962596067e-10, 2.11889994439e-09, 2.22376256298e-10, 1.36619368596e-10, 3.01864679086e-11], "mean": [5.23322842128e-06, 0.000113632959255, 0.000471452134661, 0.000184356889804, 0.00412776879966, 0.00375029165298, 0.000956464849878, 0.000568669638596, 0.000499948393553, 0.000289782037726, 0.000345727283275, 0.000487842655275, 0.000138221570523, 0.000502346025314, 0.00036642991472, 0.000186044664588, 8.22031870484e-05, 0.000115997878311, 4.96637621836e-05, 4.32112610724e-05, 1.73111839104e-05, 3.10902191814e-06, 2.68984877039e-06, 3.28927126247e-06, 1.07869414023e-06, 6.9392064006e-07, 2.39071226815e-07]}, "erbbands_skewness": {"dmean2": 0.780505180359, "median": 0.439121007919, "min": -7.26024866104, "dvar2": 0.522693634033, "dvar": 0.229951664805, "dmean": 0.502112030983, "max": 6.16513109207, "var": 2.02661275864, "mean": 0.59568721056}, "erbbands_spread": {"dmean2": 6.20964002609, "median": 14.0762252808, "min": 0.298057019711, "dvar2": 34.2635307312, "dvar": 14.867231369, "dmean": 4.01620292664, "max": 106.428398132, "var": 135.430938721, "mean": 16.8878974915}, "melbands_kurtosis": {"dmean2": 6.88095521927, "median": 4.10023593903, "min": -1.76133346558, "dvar2": 140.985687256, "dvar": 59.182636261, "dmean": 4.25293207169, "max": 221.550918579, "var": 540.266540527, "mean": 10.499792099}, "melbands": {"dmean2": [2.86791164399e-05, 0.000211646940443, 0.000125074846437, 0.000267564231763, 0.000453436136013, 0.000345031672623, 0.000150518520968, 0.000125951846712, 6.08770678809e-05, 7.31612744858e-05, 3.53205068677e-05, 3.13565687975e-05, 5.50384211238e-05, 7.78261455707e-05, 2.18116856558e-05, 1.96684650291e-05, 6.18034537183e-05, 2.93446482829e-05, 2.62140220002e-05, 1.80260922207e-05, 1.13757259896e-05, 5.0820854085e-06, 8.46297098178e-06, 7.16218573871e-06, 4.18977242589e-06, 1.79582946203e-06, 2.45429646384e-06, 1.05408719264e-06, 7.80286143254e-07, 2.61858616568e-07, 1.50741627181e-07, 7.49412336631e-08, 8.99485286254e-08, 8.89523974479e-08, 5.29209387423e-08, 5.03715966715e-08, 7.34149807613e-08, 9.71659304128e-08, 3.4837057683e-08, 2.45220217465e-08], "median": [2.89835998046e-06, 1.67002945091e-05, 1.08637887024e-05, 0.000109486551082, 5.77492173761e-05, 3.25441105815e-05, 7.45029101381e-05, 4.1235362005e-05, 1.87815003301e-05, 1.07469059003e-05, 8.74781562743e-06, 7.70303176978e-06, 4.75330898553e-06, 6.50286074233e-06, 3.29997988047e-06, 2.24110362979e-06, 7.17926286598e-06, 2.53966845776e-06, 1.20409413285e-06, 1.22711276163e-06, 5.55592066576e-07, 3.32613751652e-07, 2.50