{"tonal": {"thpcp": [1, 0.646835267544, 0.146485164762, 0.0917601063848, 0.0857365950942, 0.195846557617, 0.337435543537, 0.254160940647, 0.101599790156, 0.0633934661746, 0.0656322538853, 0.143362954259, 0.246316179633, 0.221699699759, 0.312433451414, 0.517635166645, 0.381168246269, 0.155106440187, 0.121944241226, 0.131353333592, 0.284028857946, 0.605811595917, 0.563055813313, 0.245492428541, 0.13141708076, 0.12256796658, 0.220213979483, 0.343132972717, 0.279698967934, 0.217952266335, 0.236469060183, 0.149329096079, 0.0874812304974, 0.100805088878, 0.117797419429, 0.512666642666], "hpcp": {"dmean2": [0.15395334363, 0.13991753757, 0.0937533900142, 0.0701999142766, 0.0744210332632, 0.103863537312, 0.144908696413, 0.159937262535, 0.199785888195, 0.222378656268, 0.220111548901, 0.160217314959, 0.147285878658, 0.151906654239, 0.193180561066, 0.250554740429, 0.273094832897, 0.215246379375, 0.152838334441, 0.144637390971, 0.181164816022, 0.201174750924, 0.192017897964, 0.174375385046, 0.147811964154, 0.105104476213, 0.0805803835392, 0.0940200090408, 0.120757937431, 0.229858323932, 0.26922377944, 0.26169911027, 0.151389107108, 0.1068187356, 0.102218568325, 0.136705562472], "median": [0.0280978567898, 0.025517039001, 0.0110354255885, 0.0053571742028, 0.00582262594253, 0.020470848307, 0.039074189961, 0.0359010025859, 0.035361468792, 0.0496450439095, 0.0373567193747, 0.0133823268116, 0.00900081545115, 0.0112588740885, 0.0453203395009, 0.0963044464588, 0.08011315763, 0.023876413703, 0.00874625239521, 0.00809461809695, 0.0192084759474, 0.0328651964664, 0.030073961243, 0.0209210552275, 0.015760390088, 0.0102996211499, 0.00900960993022, 0.0102411285043, 0.0115832146257, 0.122711658478, 0.253802150488, 0.164354652166, 0.0164870731533, 0.00610147509724, 0.00645830668509, 0.0137596344575], "min": [0, 0, 0, 0, 0, 0, 0, 0, 0, 0, 0, 0, 0, 0, 0, 0, 0, 0, 0, 0, 0, 0, 0, 0, 0, 0, 0, 0, 0, 0, 0, 0, 0, 0, 0, 0], "dvar2": [0.0891178026795, 0.0670963302255, 0.0515755005181, 0.038501881063, 0.0415473468602, 0.0481457337737, 0.0712770149112, 0.0758950784802, 0.097891651094, 0.126424267888, 0.123637184501, 0.100366234779, 0.109936505556, 0.0968422070146, 0.0938359946012, 0.120419681072, 0.141312435269, 0.121820285916, 0.10387801379, 0.101327642798, 0.111780233681, 0.116848610342, 0.106616936624, 0.0927147418261, 0.0822406113148, 0.0550718829036, 0.0407426357269, 0.0506827905774, 0.0625434890389, 0.0888478606939, 0.148140639067, 0.106513462961, 0.0757822468877, 0.0655088424683, 0.0564850978553, 0.0728066340089], "dvar": [0.0354012548923, 0.025070708245, 0.018561931327, 0.0137067269534, 0.0146582210436, 0.0178245548159, 0.0266678184271, 0.0280407238752, 0.0365400798619, 0.0507262386382, 0.045650716871, 0.0362437553704, 0.0384171977639, 0.0334926471114, 0.0339747592807, 0.0498037002981, 0.0530654676259, 0.0438221246004, 0.037386983633, 0.0360053889453, 0.040239546448, 0.0448444224894, 0.0391044840217, 0.0327763669193, 0.0308341048658, 0.0203643422574, 0.0146604580805, 0.0185073167086, 0.0224764719605, 0.0322324670851, 0.0638701543212, 0.0388812422752, 0.0266096424311, 0.0227647665888, 0.0195108968765, 0.0256192814559], "dmean": [0.0876846984029, 0.0820723101497, 0.0517230890691, 0.0378355048597, 0.0398625992239, 0.0588089898229, 0.0833409652114, 0.0903708338737, 0.113657467067, 0.128676101565, 0.124756887555, 0.0882342457771, 0.0780935660005, 0.0813351124525, 0.111432403326, 0.146523728967, 0.157393813133, 0.120286330581, 0.0827907249331, 0.0782528817654, 0.100492477417, 0.11426499486, 0.108711019158, 0.0968775227666, 0.0832261741161, 0.0595043674111, 0.0448794327676, 0.0520330779254, 0.0659526661038, 0.133760049939, 0.156147569418, 0.150658279657, 0.081851631403, 0.0566531606019, 0.0544382371008, 0.0766326859593], "max": [1, 1, 1, 1, 1, 1, 1, 1, 1, 1, 1, 1, 1, 1, 1, 1, 1, 1, 1, 1, 1, 1, 1, 1, 1, 1, 1, 1, 1, 1, 1, 1, 1, 1, 1, 1], "var": [0.0751406103373, 0.0401947423816, 0.0144198127091, 0.00892921164632, 0.00937573146075, 0.0168137270957, 0.0372281633317, 0.0286758784205, 0.0454475320876, 0.114738546312, 0.0687441453338, 0.0273775868118, 0.0245517529547, 0.021816952154, 0.0354638546705, 0.112820915878, 0.103410415351, 0.038076788187, 0.0251148156822, 0.0238502714783, 0.0377527959645, 0.0701267942786, 0.0496647879481, 0.0355282500386, 0.0518115237355, 0.0259492509067, 0.0111356573179, 0.0141110308468, 0.016127185896, 0.0586213171482, 0.180620223284, 0.0826328769326, 0.0190200507641, 0.0148003324866, 0.0128308637068, 0.0316525436938], "mean": [0.149890080094, 0.112899206579, 0.0451309904456, 0.0281596053392, 0.0291540827602, 0.0636823400855, 0.109414532781, 0.0984797999263, 0.138784065843, 0.229935407639, 0.16931630671, 0.0688988342881, 0.0541680678725, 0.0583476237953, 0.126166641712, 0.269103676081, 0.250111401081, 0.109048619866, 0.0583759360015, 0.0544451288879, 0.0978198423982, 0.152420893312, 0.124243289232, 0.0968151763082, 0.10504040122, 0.0663325190544, 0.038859475404, 0.0447779819369, 0.0523260347545, 0.227728351951, 0.444203585386, 0.287326544523, 0.0650692358613, 0.0407601669431, 0.0380845032632, 0.0869957432151]}, "tuning_equal_tempered_deviation": 0.0993386507034, "chords_changes_rate": 0.0454545468092, "key_key": "C", "tuning_diatonic_strength": 0.639951467514, "key_scale": "major", "chords_number_rate": 0.00310559011996, "tuning_frequency": 438.477722168, "tuning_nontempered_energy_ratio": 0.701141655445, "chords_histogram": [25.7763977051, 2.14568042755, 39.9209480286, 0, 1.01637494564, 0, 0, 0.423489540815, 1.69395816326, 0, 0, 0, 0, 0, 0, 1.24223601818, 0, 3.86787128448, 0.0846979096532, 2.34330892563, 0, 12.3658952713, 3.07735753059, 6.0417842865], "key_strength": 0.820283651352, "chords_key": "G", "chords_strength": {"dmean2": 0.00740836374462, "median": 0.5398478508, "min": 0.256697207689, "dvar2": 5.12287770107e-05, "dvar": 5.29063217982e-05, "dmean": 0.00832094158977, "max": 0.733892321587, "var": 0.00765434186906, "mean": 0.533328533173}, "chords_scale": "major", "hpcp_entropy": {"dmean2": 1.01920962334, "median": 1.80262327194, "min": 0, "dvar2": 0.776324570179, "dvar": 0.302808254957, "dmean": 0.609437823296, "max": 4.35657310486, "var": 0.550731539726, "mean": 1.81694853306}}, "metadata": {"audio_properties": {"equal_loudness": 0, "codec": "flac", "downmix": "mix", "sample_rate": 44100, "analysis_sample_rate": 44100, "bit_rate": 0, "md5_encoded": "6c70677adf4bc4753488cf6bf2dccc7a", "length": 164.413330078, "replay_gain": -13.1672973633, "lossless": true}, "version": {"essentia_build_sha": "2d9f1f26377add8aeb1075a9c2973f962c4f09fd", "essentia": "2.1-beta2", "extractor": "music 1.0", "essentia_git_sha": "v2.1_beta2-1-ge3940c0"}, "tags": {"title": ["When You Were My Baby"], "barcode": ["669447004448"], "media": ["CD"], "albumartist": ["Relient K"], "tracktotal": ["11"], "musicbrainz_releasegroupid": ["de1389c9-675a-46ca-b875-d956af0bbd23"], "releasetype": ["album"], "musicbrainz_recordingid": ["05c99dca-42b1-4e79-8f72-5badf4c4ec8e"], "musicbrainz_albumartistid": ["a49b5d41-7399-49ef-bcb8-a5779a30d2e9"], "originalyear": ["2013"], "musicbrainz_releasetrackid": ["2724d959-6b61-42c8-8fbc-9f81a2da63d4"], "discnumber": ["1"], "album": ["Collapsible Lung"], "catalognumber": ["MVS70044"], "releasecountry": ["US"], "originaldate": ["2013-07-02"], "albumartistsort": ["Relient K"], "date": ["2013-07-23"], "file_name": "1abb25b3486693b6c5cc3326b217.flac", "disctotal": ["1"], "acoustid_id": ["19c21abb-25b3-4866-93b6-c5cc3326b217"], "musicbrainz_artistid": ["a49b5d41-7399-49ef-bcb8-a5779a30d2e9"], "asin": ["B00DJID4UI"], "musicbrainz_albumid": ["b7f3f4b8-c53a-4030-be6f-286333210e23"], "tracknumber": ["9"], "artistsort": ["Relient K"], "artist": ["Relient K"], "label": ["Mono Vs Stereo"], "releasestatus": ["official"], "totaldiscs": ["1"], "script": ["Latn"], "totaltracks": ["11"]}}, "rhythm": {"bpm_histogram_first_peak_bpm": {"dmean2": 0, "median": 123, "min": 123, "dvar2": 0, "dvar": 0, "dmean": 0, "max": 123, "var": 0, "mean": 123}, "bpm": 122.010093689, "bpm_histogram_second_peak_spread": {"dmean2": 0, "median": 0.166666671634, "min": 0.166666671634, "dvar2": 0, "dvar": 0, "dmean": 0, "max": 0.166666671634, "var": 0, "mean": 0.166666671634}, "bpm_histogram_first_peak_weight": {"dmean2": 0, "median": 0.610271930695, "min": 0.610271930695, "dvar2": 0, "dvar": 0, "dmean": 0, "max": 0.610271930695, "var": 0, "mean": 0.610271930695}, "onset_rate": 3.71581935883, "beats_position": [0.441179126501, 0.893968224525, 1.35836732388, 1.84598636627, 2.32199549675, 2.80961441994, 3.29723358154, 3.78485250473, 4.28408145905, 4.78331041336, 5.27092981339, 5.75854873657, 6.24616765976, 6.73378658295, 7.22140598297, 7.72063493729, 8.2198638916, 8.70748329163, 9.2067117691, 9.70594120026, 10.1935596466, 10.6811790466, 11.1687984467, 11.656416893, 12.144036293, 12.6432647705, 13.1424942017, 13.6301136017, 14.117732048, 14.6169614792, 15.1161899567, 15.6038093567, 16.0914287567, 16.5790481567, 17.0782756805, 17.5775051117, 18.0651245117, 18.5527439117, 19.0403633118, 19.5279808044, 20.0272102356, 20.5264396667, 21.0140590668, 21.5016784668, 21.9892959595, 22.4885253906, 22.9877548218, 23.4753742218, 23.9629936218, 24.4506111145, 24.9382305145, 25.4374599457, 25.9366893768, 26.4243087769, 26.9119262695, 27.3995456696, 27.8871650696, 28.3863945007, 28.8856239319, 29.3732414246, 29.8608608246, 30.3484802246, 30.8477096558, 31.3469390869, 31.8345565796, 32.322177887, 32.8097953796, 33.3090248108, 33.8082542419, 34.2958717346, 34.783493042, 35.2711105347, 35.7587280273, 36.2579574585, 36.7571868896, 37.244808197, 37.7324256897, 38.2200431824, 38.7192726135, 39.2185020447, 39.7061233521, 40.1937408447, 40.6813583374, 41.1805877686, 41.6798171997, 42.1674385071, 42.6550559998, 43.1426734924, 43.6302947998, 44.1179122925, 44.6171417236, 45.1163711548, 45.6039886475, 46.0916099548, 46.590839386, 47.0900688171, 47.5776863098, 48.0653038025, 48.5529251099, 49.0405426025, 49.5281639099, 50.0273895264, 50.5266189575, 51.0142402649, 51.5018577576, 51.9894790649, 52.4887046814, 52.9879341125, 53.4755554199, 53.9631729126, 54.45079422, 54.9384117126, 55.4376411438, 55.936870575, 56.4244880676, 56.912109375, 57.3997268677, 57.8873443604, 58.3865737915, 58.8858032227, 59.37342453, 59.8610420227, 60.3486595154, 60.8478889465, 61.3471183777, 61.8347396851, 62.3223571777, 62.8099746704, 63.2975959778, 63.7968254089, 64.2844467163, 64.7836685181, 65.2712936401, 65.7589111328, 66.258140564, 66.7573699951, 67.2449874878, 67.7326049805, 68.2202224731, 68.7194519043, 69.2186813354, 69.7062988281, 70.1939239502, 70.6815414429, 71.1691589355, 71.6683883667, 72.1676177979, 72.6552352905, 73.1428527832, 73.6304779053, 74.1297073364, 74.6289291382, 75.1165542603, 75.6041717529, 76.0917892456, 76.5794067383, 77.0786361694, 77.5778656006, 78.0654830933, 78.5531082153, 79.040725708, 79.5283432007, 80.0159606934, 80.5151901245, 81.0144195557, 81.5020370483, 81.9896621704, 82.4888839722, 82.9881134033, 83.4757385254, 83.9633560181, 84.4509735107, 84.9385910034, 85.4378204346, 85.9370498657, 86.4246673584, 86.9122848511, 87.3999099731, 87.8991394043, 88.3983688354, 88.8859863281, 89.3736038208, 89.8612213135, 90.3488388062, 90.8480682373, 91.3472976685, 91.8349151611, 92.3225402832, 92.8101577759, 93.2977752686, 93.7970046997, 94.2962341309, 94.7838516235, 95.2714691162, 95.7706985474, 96.2699279785, 96.7575454712, 97.2451705933, 97.7327880859, 98.2204055786, 98.7196350098, 99.2188644409, 99.7064819336, 100.194099426, 100.681724548, 101.169342041, 101.668571472, 102.167800903, 102.655418396, 103.143035889, 103.630653381, 104.129882813, 104.629112244, 105.116729736, 105.604354858, 106.091972351, 106.579589844, 107.078819275, 107.578048706, 108.065666199, 108.553283691, 109.040908813, 109.540130615, 110.039360046, 110.526985168, 111.014602661, 111.502220154, 111.989837646, 112.477455139, 112.97668457, 113.475914001, 113.963539124, 114.451156616, 114.938774109, 115.43800354, 115.937232971, 116.424850464, 116.912467957, 117.400085449, 117.887710571, 118.386940002, 118.874557495, 119.373786926, 119.861404419, 120.36063385, 120.859863281, 121.347480774, 121.835098267, 122.322715759, 122.810340881, 123.309570313, 123.797187805, 124.284805298, 124.784034729, 125.271652222, 125.770881653, 126.270111084, 126.757728577, 127.245346069, 127.732971191, 128.220581055, 128.708206177, 129.207427979, 129.706665039, 130.194290161, 130.681900024, 131.169525146, 131.668746948, 132.167984009, 132.655593872, 133.143218994, 133.630844116, 134.118453979, 134.61769104, 135.116912842, 135.604537964, 136.092147827, 136.579772949, 137.067382813, 137.566619873, 138.065841675, 138.553466797, 139.041091919, 139.540313721, 140.039550781, 140.527160645, 141.014785767, 141.50239563, 141.990020752, 142.489242554, 142.988479614, 143.476104736, 143.9637146, 144.451339722, 144.938949585, 145.438186646, 145.937408447, 146.425033569, 146.912643433, 147.400268555, 147.887893677, 148.387115479, 148.886352539, 149.373962402, 149.861587524, 150.349197388, 150.848434448, 151.34765625, 151.835281372, 152.322906494, 152.810516357, 153.298141479, 153.797363281, 154.296600342, 154.784210205, 155.271835327, 155.759460449, 156.247070313, 156.746307373, 157.245529175, 157.744766235, 158.243988037, 158.743209839, 159.300491333, 159.857772827, 160.415054321, 160.983947754, 161.564437866, 162.144943237, 162.72543335, 163.305938721, 163.886444092], "beats_loudness": {"dmean2": 0.0465961620212, "median": 0.0711814761162, "min": 1.89594393305e-05, "dvar2": 0.00153248070274, "dvar": 0.000477075227536, "dmean": 0.0261784605682, "max": 0.165161728859, "var": 0.00123766518664, "mean": 0.0696698725224}, "danceability": 1.21688139439, "bpm_histogram_second_peak_weight": {"dmean2": 0, "median": 0.0151057401672, "min": 0.0151057401672, "dvar2": 0, "dvar": 0, "dmean": 0, "max": 0.0151057401672, "var": 0, "mean": 0.0151057401672}, "beats_count": 332, "bpm_histogram_second_peak_bpm": {"dmean2": 0, "median": 103, "min": 103, "dvar2": 0, "dvar": 0, "dmean": 0, "max": 103, "var": 0, "mean": 103}, "bpm_histogram_first_peak_spread": {"dmean2": 0, "median": 0.368749976158, "min": 0.368749976158, "dvar2": 0, "dvar": 0, "dmean": 0, "max": 0.368749976158, "var": 0, "mean": 0.368749976158}, "beats_loudness_band_ratio": {"dmean2": [0.246689170599, 0.133170545101, 0.112298421562, 0.11049978435, 0.0783400014043, 0.0497865341604], "median": [0.760597229004, 0.0673528686166, 0.0418537370861, 0.0349809080362, 0.0350722782314, 0.0273006297648], "min": [3.6724632082e-06, 0.00321348174475, 0.00235167960636, 0.000330067792675, 0.000139459982165, 2.19143221329e-05], "dvar2": [0.0412566140294, 0.0263002254069, 0.0194058716297, 0.0242169871926, 0.0109702041373, 0.00302321650088], "dvar": [0.0141634484753, 0.00915576238185, 0.0068590589799, 0.00853607989848, 0.0042325607501, 0.000998310977593], "dmean": [0.134881615639, 0.0770809724927, 0.0635666549206, 0.0615166425705, 0.0446313247085, 0.0265942867845], "max": [0.980479061604, 0.793177783489, 0.840462744236, 0.677660048008, 0.665050268173, 0.365142047405], "var": [0.0481950975955, 0.0138477478176, 0.00999724771827, 0.00813292339444, 0.00444864155725, 0.000889336399268], "mean": [0.702140688896, 0.104574523866, 0.0784201025963, 0.0660057514906, 0.0543367899954, 0.0331779718399]}}, "lowlevel": {"barkbands_spread": {"dmean2": 9.41340065002, "median": 20.2719955444, "min": 0.462823837996, "dvar2": 156.707778931, "dvar": 72.1067962646, "dmean": 6.0130982399, "max": 105.392623901, "var": 233.493469238, "mean": 22.6184234619}, "melbands_spread": {"dmean2": 10.5760936737, "median": 17.5033111572, "min": 0.481423795223, "dvar2": 249.710784912, "dvar": 108.703987122, "dmean": 6.8222618103, "max": 252.889831543, "var": 309.85836792, "mean": 20.8115291595}, "hfc": {"dmean2": 10.7645692825, "median": 16.498249054, "min": 1.15929442259e-16, "dvar2": 342.709381104, "dvar": 155.363220215, "dmean": 7.19780397415, "max": 218.518234253, "var": 469.055358887, "mean": 22.8126506805}, "barkbands_kurtosis": {"dmean2": 5.40652894974, "median": 2.42898058891, "min": -1.93343830109, "dvar2": 108.010566711, "dvar": 42.9670600891, "dmean": 3.4282245636, "max": 161.73348999, "var": 104.56943512, "mean": 5.86881732941}, "gfcc": {"mean": [2.8035492897, 90.7828445435, -102.562065125, 34.7777671814, -46.7480049133, 24.4561386108, -43.1239356995, 1.11683523655, -19.9421825409, -6.72561120987, -21.4515171051, -6.58252286911, -13.0603666306], "icov": [[0.000238239779719, -4.27872473665e-05, 0.000362960039638, -0.000446808931883, 0.000175387191121, -0.00038129882887, -2.77266663034e-05, -0.000408776279073, 0.000363368308172, -0.000459794828203, 0.000508991477545, -0.000665688421577, 0.000324475317029], [-4.27872473665e-05, 0.00208379188552, -0.000396606250433, 0.00104776211083, -0.00156145833898, 0.00105649477337, -0.00136882986408, 0.00166977092158, -0.00212991470471, 0.00294149620458, -0.00252114841715, 0.00255164457485, -0.0012588306563], [0.000362960039638, -0.000396606250433, 0.00242103636265, -0.00124720670283, -0.000106584666355, -0.000807437230833, 0.000767756660935, -0.000924918684177, 0.00126067071687, -0.00216287514195, 0.00174401083495, -0.00120886799414, 0.00131870899349], [-0.000446808931883, 0.00104776211083, -0.00124720670283, 0.00424550101161, -0.00173154636286, 0.00092383910669, -0.000330577400746, 0.000742132484447, -0.00185631064232, 0.00180856708903, -0.00164776179008, 0.00181770860218, -0.00094866839936], [0.000175387191121, -0.00156145833898, -0.000106584666355, -0.00173154636286, 0.00518654612824, -4.48385872005e-05, -0.0012308517471, -0.000296929734759, 0.00106426980346, -0.00306947762147, 0.00174947222695, -0.0012416455429, -0.000861940789036], [-0.00038129882887, 0.00105649477337, -0.000807437230833, 0.00092383910669, -4.48385872005e-05, 0.00633016694337, -0.00266178231686, 0.000227361728321, -0.000888541748282, 0.00187346863095, -0.00219697598368, 0.00207272847183, -0.00102486647666], [-2.77266663034e-05, -0.00136882986408, 0.000767756660935, -0.000330577400746, -0.0012308517471, -0.00266178231686, 0.00813045166433, -0.00386090273969, 0.00203736918047, -0.00249937921762, 8.45348040457e-05, -0.0010807585204, 0.00224889442325], [-0.000408776279073, 0.00166977092158, -0.000924918684177, 0.000742132484447, -0.000296929734759, 0.000227361728321, -0.00386090273969, 0.0128564629704, -0.00585283106193, 0.00154958036728, -0.000569341704249, 0.000129475287395, -0.000884759472683], [0.000363368308172, -0.00212991470471, 0.00126067071687, -0.00185631064232, 0.00106426980346, -0.000888541748282, 0.00203736918047, -0.00585283106193, 0.0136584537104, -0.00431586941704, 0.00227832235396, -0.00117674341891, -0.00095026526833], [-0.000459794828203, 0.00294149620458, -0.00216287514195, 0.00180856708903, -0.00306947762147, 0.00187346863095, -0.00249937921762, 0.00154958036728, -0.00431586941704, 0.016246760264, -0.0076518310234, 0.00492194853723, -0.00216439855285], [0.000508991477545, -0.00252114841715, 0.00174401083495, -0.00164776179008, 0.00174947222695, -0.00219697598368, 8.45348040457e-05, -0.000569341704249, 0.00227832235396, -0.0076518310234, 0.0182344038039, -0.00971640273929, 0.00196754932404], [-0.000665688421577, 0.00255164457485, -0.00120886799414, 0.00181770860218, -0.0012416455429, 0.00207272847183, -0.0010807585204, 0.000129475287395, -0.00117674341891, 0.00492194853723, -0.00971640273929, 0.0191434510052, -0.00763065461069], [0.000324475317029, -0.0012588306563, 0.00131870899349, -0.00094866839936, -0.000861940789036, -0.00102486647666, 0.00224889442325, -0.000884759472683, -0.00095026526833, -0.00216439855285, 0.00196754932404, -0.00763065461069, 0.0186334252357]], "cov": [[9818.47851563, -1761.98571777, -789.430236816, 633.593505859, -378.346252441, 641.477355957, 336.94241333, 464.386810303, -84.0245895386, 153.303359985, -9.14062309265, 315.388305664, -59.0760688782], [-1761.98571777, 1573.00158691, 37.9726524353, -165.678100586, 375.275390625, -181.018112183, 93.4182815552, -141.680053711, 104.854431152, -89.5488891602, 66.0552978516, -117.71963501, 54.9923171997], [-789.430236816, 37.9726524353, 686.525695801, 131.711898804, 127.47177124, -15.5151758194, -20.7785549164, -5.05222892761, -8.54304027557, 61.8948860168, -28.5438270569, -32.4679145813, -21.7854213715], [633.593505859, -165.678100586, 131.711898804, 398.629364014, 96.0145721436, 22.5744094849, 27.251077652, 43.3556556702, 21.5865764618, 37.7809715271, -4.02444696426, 10.5508213043, 3.43546462059], [-378.346252441, 375.275390625, 127.47177124, 96.0145721436, 390.639648438, -32.1725730896, 94.7354888916, -6.91723537445, 32.580619812, 47.9884147644, 20.032377243, -18.2397499084, 29.9974803925], [641.477355957, -181.018112183, -15.5151758194, 22.5744094849, -32.1725730896, 248.423187256, 90.1434020996, 58.0541763306, -6.43114805222, 18.1761760712, 13.4914999008, 16.8858547211, -9.82611656189], [336.94241333, 93.4182815552, -20.7785549164, 27.251077652, 94.7354888916, 90.1434020996, 229.580993652, 66.2349700928, 10.7167415619, 36.9110679626, 29.7631931305, 7.72041893005, -7.06865882874], [464.386810303, -141.680053711, -5.05222892761, 43.3556556702, -6.91723537445, 58.0541763306, 66.2349700928, 140.089370728, 36.2204780579, 25.8008861542, 2.48303389549, 23.8158054352, 0.77237278223], [-84.0245895386, 104.854431152, -8.54304027557, 21.5865764618, 32.580619812, -6.43114805222, 10.7167415619, 36.2204780579, 111.438117981, 15.9012460709, 5.63822698593, -3.84132051468, 17.1920280457], [153.303359985, -89.5488891602, 61.8948860168, 37.7809715271, 47.9884147644, 18.1761760712, 36.9110679626, 25.8008861542, 15.9012460709, 111.626052856, 28.0395355225, 8.36980819702, 3.05749821663], [-9.14062309265, 66.0552978516, -28.5438270569, -4.02444696426, 20.032377243, 13.4914999008, 29.7631931305, 2.48303389549, 5.63822698593, 28.0395355225, 96.3129348755, 38.4649505615, 13.7578907013], [315.388305664, -117.71963501, -32.4679145813, 10.5508213043, -18.2397499084, 16.8858547211, 7.72041893005, 23.8158054352, -3.84132051468, 8.36980819702, 38.4649505615, 101.362060547, 27.8980197906], [-59.0760688782, 54.9923171997, -21.7854213715, 3.43546462059, 29.9974803925, -9.82611656189, -7.06865882874, 0.77237278223, 17.1920280457, 3.05749821663, 13.7578907013, 27.8980197906, 73.0683441162]]}, "spectral_energyband_middle_low": {"dmean2": 0.00692941341549, "median": 0.00970468204468, "min": 3.96386878143e-22, "dvar2": 0.000150863852468, "dvar": 5.9176254581e-05, "dmean": 0.00438982853666, "max": 0.0993658080697, "var": 0.0001022676297, "mean": 0.0120686655864}, "melbands_crest": {"dmean2": 4.45215749741, "median": 15.1360263824, "min": 2.10556960106, "dvar2": 19.724603653, "dvar": 7.63627195358, "dmean": 2.78291988373, "max": 30.9139270782, "var": 24.3796730042, "mean": 15.7128772736}, "spectral_kurtosis": {"dmean2": 2.75410485268, "median": 3.48601317406, "min": -1.558634758, "dvar2": 27.2802906036, "dvar": 9.78920459747, "dmean": 1.69451022148, "max": 72.5762786865, "var": 41.9591217041, "mean": 5.21909189224}, "spectral_rms": {"dmean2": 0.00135861919262, "median": 0.0050595542416, "min": 3.2252507956e-12, "dvar2": 4.0535151129e-06, "dvar": 1.88316414551e-06, "dmean": 0.000897741760127, "max": 0.013774883002, "var": 5.09060282639e-06, "mean": 0.00526624917984}, "zerocrossingrate": {"dmean2": 0.0119797186926, "median": 0.04931640625, "min": 0.00439453125, "dvar2": 0.000213298990275, "dvar": 0.000179854629096, "dmean": 0.00996842607856, "max": 0.52001953125, "var": 0.00140364584513, "mean": 0.0549375005066}, "silence_rate_60dB": {"dmean2": 0.0242937859148, "median": 0, "min": 0, "dvar2": 0.0285101663321, "dvar": 0.0119954282418, "dmean": 0.0121451774612, "max": 1, "var": 0.053663816303, "mean": 0.0569048300385}, "erbbands_kurtosis": {"dmean2": 1.20427954197, "median": -0.15099555254, "min": -1.8430339098, "dvar2": 3.99363255501, "dvar": 1.67774772644, "dmean": 0.790087223053, "max": 39.5879440308, "var": 6.35565137863, "mean": 0.589101791382}, "erbbands": {"dmean2": [0.313703268766, 3.3484389782, 5.63439750671, 10.1774663925, 12.6410083771, 8.52111244202, 10.048584938, 7.63805484772, 5.69565105438, 9.93964004517, 17.0093421936, 19.6694755554, 17.2968120575, 16.7459068298, 19.6729545593, 27.4310455322, 27.884021759, 31.7045402527, 26.6208209991, 37.2206954956, 26.6863594055, 22.8654212952, 17.1147613525, 9.95248985291, 10.1604290009, 9.07957935333, 8.55702781677, 8.34203910828, 8.18437194824, 5.87909221649, 5.95015287399, 5.41739034653, 3.59470748901, 1.51394248009, 0.532314479351, 0.175980180502, 0.0385088585317, 0.0070284595713, 0.000981609686278, 7.07811050233e-05], "median": [0.0480414554477, 1.07101535797, 4.5779838562, 6.26616191864, 8.26416778564, 7.5445523262, 5.87660694122, 4.18281269073, 3.41977381706, 4.66862297058, 7.07897424698, 8.4964799881, 8.8896446228, 8.61566734314, 9.31472969055, 12.3415699005, 12.0620384216, 18.9295272827, 12.7155094147, 17.5699062347, 15.7182350159, 12.1233510971, 7.16278934479, 4.58032512665, 3.42658495903, 2.89878129959, 2.91015005112, 2.86467456818, 2.88874602318, 2.65136861801, 2.21843385696, 1.96294617653, 1.08096623421, 0.438058763742, 0.165792629123, 0.0518335476518, 0.0133773945272, 0.00216103764251, 0.000262695655692, 5.25234063389e-05], "min": [2.96591101627e-21, 1.51766785174e-20, 2.33111855859e-20, 2.1730076697e-20, 1.11514157083e-19, 1.52862654082e-19, 2.27289069802e-19, 2.79367533988e-19, 1.97307365663e-19, 1.00177713996e-18, 2.17682483681e-18, 2.96648722512e-18, 4.39413933743e-18, 1.55696215554e-18, 5.29136436348e-18, 4.55289597649e-18, 5.91760047137e-18, 5.22612007907e-18, 5.83667201537e-18, 6.41845667791e-18, 9.74171517302e-18, 1.33348032927e-17, 1.52625410928e-17, 1.32780909627e-17, 1.55042796637e-17, 1.25408389448e-17, 1.51525459237e-17, 2.25618227003e-17, 1.53109212325e-17, 1.51280928104e-17, 1.49231885921e-17, 1.95696937034e-17, 1.28022412533e-17, 1.12281157204e-17, 9.66211392832e-18, 6.0951870499e-18, 3.44398922783e-18, 1.10154701256e-18, 3.71062495293e-19, 3.0999827764e-20], "dvar2": [0.605586469173, 63.9646835327, 145.355102539, 400.071929932, 730.881469727, 184.730484009, 294.962738037, 199.880386353, 157.837905884, 425.134216309, 1594.32617188, 2439.22192383, 1596.87463379, 1318.82299805, 2797.52514648, 3032.13745117, 4179.64111328, 3940.42578125, 3446.42993164, 7903.53369141, 2663.20458984, 2368.86645508, 1053.83605957, 395.192504883, 427.499267578, 470.463775635, 398.153991699, 396.251647949, 322.266143799, 141.014556885, 259.697692871, 301.73840332, 199.01953125, 28.4597606659, 2.67537927628, 0.299556463957, 0.00820611510426, 0.000223338895012, 4.53562233815e-06, 2.06158521365e-08], "dvar": [0.249158546329, 25.1312408447, 51.5055580139, 147.8490448, 264.94140625, 68.9516906738, 128.322143555, 86.6302337646, 66.1043930054, 186.312683105, 758.215026855, 1114.26208496, 734.35345459, 648.082763672, 1280.8338623, 1343.87036133, 1856.01855469, 1724.46386719, 1450.33032227, 3614.62792969, 1154.56445313, 1046.24633789, 453.387329102, 157.713653564, 163.609222412, 176.630477905, 144.194229126, 146.230606079, 123.873718262, 55.3859863281, 113.193588257, 150.717895508, 90.8192443848, 13.7526340485, 1.33039116859, 0.142119809985, 0.00377963553183, 9.89728505374e-05, 1.92236507246e-06, 9.19105946906e-09], "dmean": [0.190366879106, 1.974416852, 3.26803541183, 6.21141576767, 7.63618993759, 5.23631811142, 6.42455768585, 4.84382820129, 3.57146167755, 6.41578483582, 11.6394138336, 13.2843923569, 11.7393302917, 11.3517541885, 13.0704374313, 17.537815094, 18.0291461945, 20.3075523376, 16.6830387115, 24.1166324615, 17.3323478699, 14.8658008575, 10.9346122742, 6.04678630829, 6.06207180023, 5.44103145599, 5.0223531723, 4.9302277565, 4.93485641479, 3.61903524399, 3.78824830055, 3.58128166199, 2.37037181854, 0.990997612476, 0.358697324991, 0.119938738644, 0.0264543741941, 0.00482241716236, 0.000666012812871, 4.95196945849e-05], "max": [3.65492510796, 41.4899253845, 73.7269973755, 158.045547485, 242.171630859, 136.744140625, 223.033508301, 156.855819702, 181.542144775, 270.837554932, 587.958374023, 804.524169922, 591.539550781, 664.185546875, 1022.81890869, 731.846496582, 925.454223633, 970.515075684, 715.670898438, 1455.35107422, 770.767211914, 811.53137207, 359.358520508, 344.40536499, 219.584365845, 227.784881592, 171.545791626, 174.834503174, 153.67276001, 115.365600586, 499.287750244, 362.062774658, 355.282226563, 92.1161193848, 32.2568016052, 14.86282444, 1.49400639534, 0.146284759045, 0.0157042704523, 0.00107524485793], "var": [0.229463219643, 21.2802791595, 49.2334403992, 197.106521606, 308.247558594, 118.521156311, 385.264831543, 196.668731689, 119.291893005, 525.276733398, 1878.7668457, 3794.21972656, 2122.68945313, 2388.12011719, 3258.81225586, 3441.32055664, 4765.26025391, 4586.12158203, 2586.21875, 8234.56152344, 2998.30810547, 2917.58081055, 1257.24902344, 270.674346924, 234.307159424, 212.152633667, 161.114730835, 169.230560303, 175.609725952, 93.7108764648, 187.59815979, 287.011199951, 150.4402771, 24.1507053375, 2.58583498001, 0.239484474063, 0.00679992418736, 0.000164140146808, 2.84671068584e-06, 1.47034704412e-08], "mean": [0.199859082699, 2.36142992973, 6.22114229202, 11.0557031631, 14.1438369751, 10.7297420502, 12.9171552658, 9.0395526886, 6.48555040359, 12.1137609482, 21.9691352844, 27.2000808716, 24.2706069946, 23.4758300781, 24.6924571991, 32.2374763489, 33.5053977966, 38.9235267639, 29.1223926544, 42.6057815552, 34.5371742249, 29.8140525818, 20.5291519165, 10.8504686356, 9.98275756836, 8.54891204834, 7.51548147202, 7.53446578979, 7.92601060867, 6.55420303345, 6.40408706665, 6.07449197769, 3.79573965073, 1.59850418568, 0.608013212681, 0.195000246167, 0.044039003551, 0.00758869294077, 0.000989723019302, 9.59837707342e-05]}, "spectral_strongpeak": {"dmean2": 0.704526722431, "median": 0.440712451935, "min": 2.13026463136e-09, "dvar2": 2.32668709755, "dvar": 0.890034198761, "dmean": 0.398754358292, "max": 16.7931900024, "var": 0.999107062817, "mean": 0.703858852386}, "spectral_energy": {"dmean2": 0.0197589807212, "median": 0.0262390654534, "min": 1.06622991269e-20, "dvar2": 0.00128136551939, "dvar": 0.000558772590011, "dmean": 0.012724660337, "max": 0.194491103292, "var": 0.000851907301694, "mean": 0.0336445719004}, "average_loudness": 0.895037353039, "spectral_rolloff": {"dmean2": 875.11328125, "median": 958.227539063, "min": 86.1328125, "dvar2": 2483859.5, "dvar": 1136182.625, "dmean": 514.481140137, "max": 18755.4199219, "var": 2464574, "mean": 1315.31591797}, "spectral_centroid": {"dmean2": 352.836425781, "median": 1069.87854004, "min": 137.135406494, "dvar2": 204404.75, "dvar": 91218.4375, "dmean": 226.208145142, "max": 11137.1796875, "var": 374387.0625, "mean": 1133.94396973}, "pitch_salience": {"dmean2": 0.114611551166, "median": 0.526834011078, "min": 0.115750990808, "dvar2": 0.0136348800734, "dvar": 0.00521887699142, "dmean": 0.0705642178655, "max": 0.908981382847, "var": 0.0122008053586, "mean": 0.516906559467}, "spectral_energyband_middle_high": {"dmean2": 0.00268366117962, "median": 0.0040415879339, "min": 1.67612893933e-21, "dvar2": 1.33576177177e-05, "dvar": 6.36760432826e-06, "dmean": 0.00179334916174, "max": 0.0383619181812, "var": 3.49336187355e-05, "mean": 0.00580663932487}, "spectral_contrast_coeffs": {"dmean2": [0.0752832740545, 0.0692907199264, 0.0586761422455, 0.0505999103189, 0.0351115576923, 0.0303160268813], "median": [-0.616569876671, -0.739220917225, -0.76796913147, -0.760106921196, -0.797115623951, -0.774757027626], "min": [-0.948812246323, -0.958415925503, -0.96450561285, -0.966064572334, -0.963273763657, -0.960399866104], "dvar2": [0.00431177811697, 0.00317579670809, 0.00228935666382, 0.00160735740792, 0.000881942745764, 0.000806789670605], "dvar": [0.00162316346541, 0.00123443291523, 0.00100440694951, 0.000739246490411, 0.000400184013415, 0.000344666768797], "dmean": [0.0458544045687, 0.0432280860841, 0.0377211607993, 0.0327246375382, 0.0225657969713, 0.019211685285], "max": [-0.308394759893, -0.351450353861, -0.433553010225, -0.464661061764, -0.570185303688, -0.60980463028], "var": [0.00619015423581, 0.0051046111621, 0.00616118637845, 0.00371519522741, 0.00229568360373, 0.00151263107546], "mean": [-0.610808193684, -0.733844935894, -0.754358828068, -0.753284752369, -0.788443028927, -0.776154875755]}, "melbands_skewness": {"dmean2": 1.24119925499, "median": 3.0725312233, "min": -3.82584643364, "dvar2": 2.21398353577, "dvar": 0.962237656116, "dmean": 0.805357336998, "max": 16.4911823273, "var": 3.21367025375, "mean": 3.32087945938}, "spectral_spread": {"dmean2": 839613.125, "median": 4858585, "min": 983700.875, "dvar2": 1467357331460.0, "dvar": 789467561984, "dmean": 578195.6875, "max": 39057400, "var": 3266092204030.0, "mean": 5025095}, "dissonance": {"dmean2": 0.0287300087512, "median": 0.472119003534, "min": 0.227939233184, "dvar2": 0.00088729156414, "dvar": 0.000346527580405, "dmean": 0.0174103286117, "max": 0.500000119209, "var": 0.00106345186941, "mean": 0.4622810781}, "spectral_skewness": {"dmean2": 0.360504984856, "median": 1.54342520237, "min": -0.353217065334, "dvar2": 0.213462844491, "dvar": 0.0887828543782, "dmean": 0.232648983598, "max": 6.8145608902, "var": 0.533271729946, "mean": 1.71356534958}, "spectral_flux": {"dmean2": 0.0452569760382, "median": 0.0690352097154, "min": 1.03258408768e-10, "dvar2": 0.0036588893272, "dvar": 0.00175271590706, "dmean": 0.0300737321377, "max": 0.372353702784, "var": 0.00415091495961, "mean": 0.085271589458}, "spectral_contrast_valleys": {"dmean2": [0.602985203266, 0.544063389301, 0.515374362469, 0.475792825222, 0.47247761488, 0.451468020678], "median": [-6.74431419373, -6.83603096008, -7.2329826355, -7.48331642151, -7.60601615906, -9.70676422119], "min": [-27.7349147797, -27.1528644562, -27.1488685608, -27.207862854, -27.2929859161, -27.1894645691], "dvar2": [0.296434432268, 0.239626988769, 0.215997993946, 0.205828472972, 0.345780462027, 0.407955914736], "dvar": [0.127165064216, 0.108293361962, 0.117737494409, 0.118245333433, 0.185517966747, 0.21403041482], "dmean": [0.369448542595, 0.34477815032, 0.346760869026, 0.328711748123, 0.333711087704, 0.329120904207], "max": [-5.0639629364, -5.05186128616, -5.36442279816, -5.59712648392, -5.54040193558, -7.31496763229], "var": [1.26878905296, 0.897005081177, 1.30028700829, 1.27862632275, 1.69703674316, 1.93708014488], "mean": [-7.042573452, -6.98932600021, -7.55744171143, -7.74496078491, -7.86999988556, -10.0326347351]}, "erbbands_flatness_db": {"dmean2": 0.021864015609, "median": 0.135519653559, "min": 0.0515633188188, "dvar2": 0.000558927829843, "dvar": 0.000278882595012, "dmean": 0.0151835530996, "max": 0.363445609808, "var": 0.00225850869901, "mean": 0.144783645868}, "spectral_energyband_high": {"dmean2": 0.000892126816325, "median": 0.000472048122901, "min": 7.43474862103e-21, "dvar2": 3.74991986973e-06, "dvar": 1.68259077782e-06, "dmean": 0.000578278675675, "max": 0.0236375760287, "var": 3.41938425663e-06, "mean": 0.00112239620648}, "spectral_entropy": {"dmean2": 0.263147562742, "median": 7.67153167725, "min": 4.75291872025, "dvar2": 0.111136190593, "dvar": 0.0567488670349, "dmean": 0.185449063778, "max": 9.80524253845, "var": 0.418853580952, "mean": 7.47168445587}, "silence_rate_20dB": {"dmean2": 0, "median": 1, "min": 1, "dvar2": 0, "dvar": 0, "dmean": 0, "max": 1, "var": 0, "mean": 1}, "melbands_flatness_db": {"dmean2": 0.0435164235532, "median": 0.202672213316, "min": 0.00559858465567, "dvar2": 0.00249006436206, "dvar": 0.00101466837805, "dmean": 0.0281165670604, "max": 0.614231169224, "var": 0.00695243570954, "mean": 0.221514880657}, "barkbands": {"dmean2": [0.000147565791849, 0.0135610522702, 0.00481905927882, 0.00425329711288, 0.00291662826203, 0.00105024257209, 0.000457931630081, 0.000726172525901, 0.000817551859654, 0.000610771356151, 0.000499228422996, 0.000569542055018, 0.000647168024443, 0.000620668870397, 0.000634169846307, 0.000622866326012, 0.000498325622175, 0.000297220860375, 0.000195193570107, 0.000203061237698, 0.00019928473921, 0.00022103174706, 0.000206280077691, 0.000230589983403, 0.000100275778095, 2.68023541139e-05, 5.70557494939e-06], "median": [8.46143302624e-06, 0.00398266594857, 0.00386300031096, 0.00193164346274, 0.00274233194068, 0.000608366215602, 0.000231448866543, 0.000274506921414, 0.000299383857055, 0.00028410545201, 0.000167092250194, 0.000209011457628, 0.000224142728257, 0.000308465445414, 0.000257822452113, 0.00029779569013, 0.000233993661823, 0.00010183879931, 7.52242704039e-05, 6.05694731348e-05, 7.20794050721e-05, 8.26806281111e-05, 8.01664427854e-05, 8.28118136269e-05, 2.95893987641e-05, 8.5505143943e-06, 1.41316081681e-06], "min": [1.83202311393e-23, 7.93397297188e-23, 1.97368265321e-23, 3.63437922024e-24, 4.88496246433e-23, 3.52866570583e-23, 2.81883067728e-23, 7.40160671901e-23, 1.32573780164e-22, 1.08316698604e-22, 8.47142138225e-23, 1.25989732479e-22, 1.11572106679e-22, 1.24364906207e-22, 1.19274128039e-22, 1.53740508595e-22, 2.22255160806e-22, 2.7430581892e-22, 2.91726669741e-22, 2.83409500958e-22, 4.96383542821e-22, 4.69399754075e-22, 4.85699513643e-22, 8.28690631165e-22, 1.20918538257e-21, 1.78317925743e-21, 2.21564709352e-21], "dvar2": [1.06983549131e-07, 0.00105945300311, 9.89103355096e-05, 8.56105907587e-05, 2.39567962126e-05, 3.38591553373e-06, 9.44920145685e-07, 2.5289707537e-06, 3.68868859368e-06, 1.5242567315e-06, 1.69071995515e-06, 1.29634304358e-06, 2.10083635466e-06, 1.57517388288e-06, 2.04103298529e-06, 1.54236249728e-06, 1.08777510377e-06, 3.19384582781e-07, 1.47773420167e-07, 2.34982294955e-07, 2.0812554169e-07, 2.34233738183e-07, 3.09358370032e-07, 6.11749101154e-07, 1.11847860751e-07, 5.15725506745e-09, 1.46848838645e-10], "dvar": [4.08741129831e-08, 0.00042514022789, 3.38960599038e-05, 3.28297646774e-05, 8.67324615683e-06, 1.44214311604e-06, 3.84047297075e-07, 1.20419304039e-06, 1.70002169853e-06, 7.33842909995e-07, 7.80562402269e-07, 5.80334813094e-07, 9.71287363427e-07, 6.61363912968e-07, 9.16987289656e-07, 6.27042822998e-07, 4.91893956678e-07, 1.3449910341e-07, 5.70924711951e-08, 8.75263665989e-08, 7.66514318684e-08, 8.90043168056e-08, 1.29322813791e-07, 3.03760003817e-07, 5.47241008064e-08, 2.38414643583e-09, 6.42467745671e-11], "dmean": [8.99110746104e-05, 0.00806826539338, 0.00278345518745, 0.00260605663061, 0.00179010326974, 0.000669023487717, 0.000285743328277, 0.000487093057018, 0.00054812093731, 0.000417139963247, 0.000327143294271, 0.000364822219126, 0.00041818790487, 0.000386871339288, 0.000407128536608, 0.0003888165229, 0.000321921805153, 0.000184432370588, 0.000115895578347, 0.000120537151815, 0.00011755694868, 0.000133564521093, 0.000130059124785, 0.000153499509906, 6.62430029479e-05, 1.85374883586e-05, 3.88938906326e-06], "max": [0.00213017640635, 0.167098343372, 0.0579464174807, 0.0689944624901, 0.0375209711492, 0.0203316956758, 0.0108834234998, 0.0261880923063, 0.029155228287, 0.0190611425787, 0.0218007043004, 0.0141423093155, 0.0228072628379, 0.0152158886194, 0.0205730106682, 0.0141436783597, 0.0212691817433, 0.0058901743032, 0.00429891841486, 0.00512117147446, 0.00463871099055, 0.0040548783727, 0.0178727749735, 0.0197668373585, 0.0062219700776, 0.00172323861625, 8.78118589753e-05], "var": [5.18821217099e-08, 0.000373187358491, 3.39913458447e-05, 3.98520169256e-05, 1.46365946421e-05, 3.50552613781e-06, 7.05736681539e-07, 2.92044569505e-06, 5.43714941159e-06, 2.65916560238e-06, 1.94245262719e-06, 1.48648291542e-06, 2.55822851614e-06, 1.48090919083e-06, 2.01437137548e-06, 1.24348844111e-06, 1.44204568642e-06, 2.85666885702e-07, 8.36041422758e-08, 1.02367600618e-07, 9.09418602646e-08, 1.24100225207e-07, 2.05826793831e-07, 5.96263646457e-07, 9.7425505885e-08, 4.09577971539e-09, 9.85152376343e-11], "mean": [0.000109429951408, 0.00942595116794, 0.00527074886486, 0.00405599782243, 0.00392634421587, 0.00132876646239, 0.000483020819956, 0.000882567546796, 0.00105602352414, 0.00084969389718, 0.000567904440686, 0.000630224822089, 0.00071696768282, 0.000680854718667, 0.000674055598211, 0.000662246136926, 0.000607294379734, 0.000309653521981, 0.000191283717868, 0.000