{"tonal": {"thpcp": [1, 0.772865712643, 0.585992515087, 0.52621281147, 0.313796281815, 0.213327929378, 0.2145088166, 0.163632616401, 0.150598540902, 0.168105795979, 0.21178394556, 0.359998077154, 0.326352328062, 0.180158033967, 0.210066378117, 0.250846922398, 0.250355988741, 0.223492637277, 0.197882026434, 0.282972276211, 0.662454783916, 0.861770033836, 0.561738193035, 0.430670797825, 0.548077762127, 0.523337781429, 0.422419905663, 0.344168663025, 0.340105205774, 0.41225323081, 0.363809615374, 0.265708655119, 0.237355023623, 0.225057259202, 0.281611859798, 0.674329400063], "hpcp": {"dmean2": [0.421175658703, 0.314911186695, 0.309023171663, 0.369447052479, 0.414052605629, 0.435276597738, 0.38024699688, 0.284230679274, 0.295252084732, 0.277951002121, 0.224802672863, 0.200761884451, 0.207686781883, 0.257082998753, 0.347682476044, 0.468508929014, 0.449937164783, 0.414702773094, 0.315929085016, 0.220963552594, 0.168940529227, 0.145638033748, 0.131897389889, 0.136475801468, 0.144089207053, 0.156341359019, 0.200127467513, 0.185369700193, 0.147701725364, 0.169564962387, 0.189270064235, 0.197180464864, 0.197810485959, 0.195606976748, 0.242675736547, 0.3599614501], "median": [0.120142541826, 0.0850428044796, 0.0376570522785, 0.0303191430867, 0.0290764868259, 0.0147064384073, 0.0115799689665, 0.028942361474, 0.0367851667106, 0.0251602344215, 0.0169034413993, 0.0171867292374, 0.014292480424, 0.0204378738999, 0.0677492618561, 0.11728938669, 0.114183835685, 0.0472126118839, 0.0193249285221, 0.0092283571139, 0.0123181454837, 0.0145423505455, 0.00970967300236, 0.00648599304259, 0.00699437130243, 0.0185624472797, 0.0396448113024, 0.0341909825802, 0.0150549095124, 0.00737124122679, 0.0125157879665, 0.0146158151329, 0.0101253148168, 0.00790097471327, 0.0229048859328, 0.0906328111887], "min": [0, 0, 0, 0, 0, 0, 0, 0, 0, 0, 0, 0, 0, 0, 0, 0, 0, 0, 0, 0, 0, 0, 0, 0, 0, 0, 0, 0, 0, 0, 0, 0, 0, 0, 0, 0], "dvar2": [0.188514664769, 0.134312421083, 0.149171516299, 0.206011787057, 0.243764668703, 0.28695717454, 0.270880550146, 0.170205935836, 0.166243970394, 0.163343295455, 0.142556160688, 0.128358274698, 0.131301283836, 0.151569098234, 0.158947899938, 0.227419421077, 0.215998932719, 0.248061642051, 0.20301797986, 0.142228543758, 0.101174771786, 0.0918570235372, 0.0944166630507, 0.105237588286, 0.102170422673, 0.0890293344855, 0.0992634370923, 0.0900159403682, 0.0899058282375, 0.11139255017, 0.120501406491, 0.127090841532, 0.139049813151, 0.125780552626, 0.137861207128, 0.158716708422], "dvar": [0.0767061337829, 0.0496836677194, 0.0557893291116, 0.0803699344397, 0.0906594842672, 0.106615647674, 0.100090242922, 0.0614123865962, 0.0609454549849, 0.0603985376656, 0.0505672432482, 0.044902715832, 0.0454213283956, 0.0519574247301, 0.0600816719234, 0.0934197604656, 0.0739061236382, 0.0852567702532, 0.0722912847996, 0.0480735637248, 0.0338313318789, 0.0311325471848, 0.0317571796477, 0.0349968746305, 0.0346954986453, 0.0300618391484, 0.0356657840312, 0.0324078798294, 0.0305408034474, 0.0386654511094, 0.0413065850735, 0.0442269481719, 0.0491931848228, 0.0447441004217, 0.0481604710221, 0.0611340142787], "dmean": [0.242876648903, 0.180663347244, 0.169238105416, 0.201379701495, 0.221000373363, 0.226033508778, 0.195007711649, 0.149625867605, 0.158824756742, 0.147362962365, 0.118665017188, 0.105914890766, 0.107996977866, 0.134379670024, 0.20186778903, 0.26495474577, 0.252358168364, 0.225672408938, 0.17170727253, 0.119301863015, 0.0897307619452, 0.0784354284406, 0.0699871480465, 0.0713153332472, 0.0756875500083, 0.08425924927, 0.113969482481, 0.10564853996, 0.078712195158, 0.0907090529799, 0.102333255112, 0.1056727916, 0.104632392526, 0.10204320401, 0.128786608577, 0.205041274428], "max": [1, 1, 1, 1, 1, 1, 1, 1, 1, 1, 1, 1, 1, 1, 1, 1, 1, 1, 1, 1, 1, 1, 1, 1, 1, 1, 1, 1, 1, 1, 1, 1, 1, 1, 1, 1], "var": [0.106959454715, 0.0528499111533, 0.0491744205356, 0.0831275209785, 0.0739731788635, 0.0703285560012, 0.0613113045692, 0.0413829647005, 0.0508629046381, 0.0497596524656, 0.0342162661254, 0.0285909250379, 0.0283559765667, 0.0341383367777, 0.076513402164, 0.138726726174, 0.0829773023725, 0.0804398655891, 0.089584864676, 0.0440124608576, 0.0252841748297, 0.0292981229722, 0.0209720600396, 0.0211189407855, 0.0234254915267, 0.0212915930897, 0.0406098291278, 0.0342806316912, 0.0188952516764, 0.0268092565238, 0.0297965351492, 0.0322637781501, 0.0321850813925, 0.0277614053339, 0.0336554646492, 0.0723343044519], "mean": [0.280470490456, 0.182822540402, 0.140165522695, 0.178376629949, 0.170324787498, 0.137480199337, 0.112012654543, 0.110690169036, 0.134171366692, 0.118404977024, 0.0864771679044, 0.0772492364049, 0.0732468217611, 0.0916530042887, 0.21946631372, 0.325458616018, 0.25153580308, 0.190716311336, 0.171260491014, 0.102127701044, 0.0694294124842, 0.0698137432337, 0.0532556436956, 0.0490135923028, 0.0547114796937, 0.0689269080758, 0.117164477706, 0.106214180589, 0.0586339831352, 0.0683679133654, 0.0816402956843, 0.0814805179834, 0.0727376043797, 0.0644024088979, 0.0920957699418, 0.215601608157]}, "tuning_equal_tempered_deviation": 0.120398595929, "chords_changes_rate": 0.0759938806295, "key_key": "G", "tuning_diatonic_strength": 0.520887613297, "key_scale": "minor", "chords_number_rate": 0.00122324156109, "tuning_frequency": 440, "tuning_nontempered_energy_ratio": 0.769177496433, "chords_histogram": [4.06727838516, 0.779816508293, 20.9633026123, 0, 0.0152905201539, 0, 0, 5.91743135452, 8.21100902557, 44.9388389587, 0, 0, 0.0611620806158, 0.091743119061, 0, 0, 0.183486238122, 0, 0, 0, 0, 1.00917434692, 1.51376152039, 12.2477064133], "key_strength": 0.616313576698, "chords_key": "D", "chords_strength": {"dmean2": 0.0105868177488, "median": 0.492579400539, "min": 0.233703970909, "dvar2": 8.52769226185e-05, "dvar": 6.08598602412e-05, "dmean": 0.00932105071843, "max": 0.686333060265, "var": 0.0100899897516, "mean": 0.483675420284}, "chords_scale": "major", "hpcp_entropy": {"dmean2": 1.33251845837, "median": 2.15697455406, "min": 0, "dvar2": 1.0194593668, "dvar": 0.34631434083, "dmean": 0.777078270912, "max": 4.44750881195, "var": 0.671622872353, "mean": 2.12192296982}}, "metadata": {"audio_properties": {"equal_loudness": 0, "codec": "mp3", "downmix": "mix", "sample_rate": 44100, "analysis_sample_rate": 44100, "bit_rate": 320000, "md5_encoded": "6a884c7f470649a6df05237323183a36", "length": 303.647338867, "replay_gain": -11.3315353394, "lossless": false}, "version": {"essentia_build_sha": "2d9f1f26377add8aeb1075a9c2973f962c4f09fd", "essentia": "2.1-beta2", "extractor": "music 1.0", "essentia_git_sha": "v2.1_beta2-1-ge3940c0"}, "tags": {"title": ["Piece of Illusion (Psyhound's LSD mix)"], "media": ["Digital Media"], "albumartist": ["Surreal Eternity"], "musicbrainz_recordingid": ["05d5ebca-43da-4e7e-b4bb-0f44020f98b9"], "composer": ["Aleksandar \"psyhound\" Na\u0111"], "originalyear": ["2014"], "discnumber": ["1/1"], "album": ["Illusions"], "catalognumber": ["DSR144"], "musicbrainz album release country": ["RS"], "musicbrainz album type": ["ep"], "musicbrainz album status": ["official"], "file_name": "03 Piece of Illusion (Psyhound's LSD mix).mp3", "musicbrainz_albumartistid": ["58238411-4172-4345-bc34-4f2cb10fd00a"], "date": ["2014"], "genre": ["Dark Electro"], "musicbrainz_releasegroupid": ["aa968c1e-da13-42ce-bb8f-7e90f086bfde"], "script": ["Latn"], "originaldate": ["2014"], "musicbrainz_albumid": ["bf5ddc1d-d569-4d7a-811c-756116199d5b"], "artist": ["Surreal Eternity"], "artistsort": ["Surreal Eternity"], "tracknumber": ["3/5"], "label": ["Dark Scene Records"], "albumartistsort": ["Surreal Eternity"], "acoustid_id": ["4969717a-ba5d-4517-909f-99d851e1b96e"], "musicbrainz_artistid": ["58238411-4172-4345-bc34-4f2cb10fd00a"]}}, "rhythm": {"bpm_histogram_first_peak_bpm": {"dmean2": 0, "median": 148, "min": 148, "dvar2": 0, "dvar": 0, "dmean": 0, "max": 148, "var": 0, "mean": 148}, "bpm": 145.832061768, "bpm_histogram_second_peak_spread": {"dmean2": 0, "median": 0.282608687878, "min": 0.282608687878, "dvar2": 0, "dvar": 0, "dmean": 0, "max": 0.282608687878, "var": 0, "mean": 0.282608687878}, "bpm_histogram_first_peak_weight": {"dmean2": 0, "median": 0.5, "min": 0.5, "dvar2": 0, "dvar": 0, "dmean": 0, "max": 0.5, "var": 0, "mean": 0.5}, "onset_rate": 5.19991254807, "beats_position": [0.429569154978, 0.870748281479, 1.30031740665, 1.71827661991, 2.14784574509, 2.57741498947, 3.00698399544, 3.43655323982, 3.85451245308, 4.27247142792, 4.67882061005, 5.0967798233, 5.50312900543, 5.92108821869, 6.32743740082, 6.74539661407, 7.1517457962, 7.55809497833, 7.96444416046, 8.38240337372, 8.80036258698, 9.21832180023, 9.63628101349, 10.0426301956, 10.4605894089, 10.8785486221, 11.3081178665, 11.7376871109, 12.1672563553, 12.5852155685, 13.0031747818, 13.4211339951, 13.8274831772, 14.2338323593, 14.6517915726, 15.0581407547, 15.4644899368, 15.8824491501, 16.3004074097, 16.7067565918, 17.1131057739, 17.5310649872, 17.9374141693, 18.3437633514, 18.7617225647, 19.1680717468, 19.574420929, 19.9923801422, 20.3987293243, 20.8050785065, 21.2230377197, 21.640996933, 22.0473461151, 22.4536952972, 22.8716545105, 23.2780036926, 23.6843528748, 24.102312088, 24.5202713013, 24.9498405457, 25.3910198212, 25.8438091278, 26.2849884033, 26.73777771, 27.1673469543, 27.5853061676, 28.0032653809, 28.4212245941, 28.8391838074, 29.2455329895, 29.6518821716, 30.0698413849, 30.476190567, 30.8825397491, 31.3004989624, 31.7068481445, 32.1131973267, 32.5311546326, 32.9491157532, 33.3554649353, 33.7618141174, 34.1797714233, 34.5861206055, 34.9924697876, 35.4104309082, 35.8167800903, 36.2231292725, 36.6410865784, 37.0474357605, 37.4537849426, 37.8717460632, 38.2897033691, 38.6960525513, 39.1024017334, 39.520362854, 39.9267120361, 40.3330612183, 40.7510185242, 41.1573677063, 41.5637168884, 41.981678009, 42.3996353149, 42.8059844971, 43.2123336792, 43.6302947998, 44.0366439819, 44.4429931641, 44.86095047, 45.2789115906, 45.6852607727, 46.0916099548, 46.497959137, 46.9043083191, 47.322265625, 47.7402267456, 48.1465759277, 48.5529251099, 48.9708824158, 49.3888435364, 49.7951927185, 50.2015419006, 50.6194992065, 51.0258483887, 51.4321975708, 51.8501586914, 52.2565078735, 52.6628570557, 53.0808143616, 53.4871635437, 53.8935127258, 54.3114738464, 54.7294311523, 55.1357803345, 55.5421295166, 55.9600906372, 56.3664398193, 56.7727890015, 57.1907463074, 57.5970954895, 58.0034446716, 58.4214057922, 58.8393630981, 59.2457122803, 59.6520614624, 60.070022583, 60.4763717651, 60.8827209473, 61.3006782532, 61.7070274353, 62.1133766174, 62.531337738, 62.9492950439, 63.3556442261, 63.7619934082, 64.1799545288, 64.5863037109, 64.9926528931, 65.4106140137, 65.8169631958, 66.2233123779, 66.6412658691, 67.0592269897, 67.4655761719, 67.871925354, 68.2898864746, 68.6962356567, 69.1025848389, 69.5205459595, 69.9268951416, 70.3332443237, 70.7511978149, 71.1575469971, 71.5638961792, 71.9818572998, 72.3998184204, 72.8061676025, 73.2125167847, 73.6304779053, 74.0368270874, 74.4431762695, 74.8611297607, 75.2674789429, 75.673828125, 76.0917892456, 76.5097503662, 76.9160995483, 77.3224487305, 77.7404098511, 78.1467590332, 78.5531082153, 78.9710617065, 79.3890228271, 79.7953720093, 80.2017211914, 80.619682312, 81.0260314941, 81.4323806763, 81.8503417969, 82.256690979, 82.6630401611, 83.0809936523, 83.4873428345, 83.8936920166, 84.3116531372, 84.7296142578, 85.1359634399, 85.5423126221, 85.9602737427, 86.3666229248, 86.7729721069, 87.1909255981, 87.5972747803, 88.0036239624, 88.421585083, 88.8279342651, 89.2342834473, 89.6522445679, 90.0702056885, 90.4765548706, 90.8829040527, 91.3008575439, 91.7420425415, 92.2064361572, 92.6476211548, 93.1120147705, 93.5415878296, 93.9595413208, 94.3658905029, 94.7838516235, 95.2018127441, 95.6081619263, 96.0145111084, 96.432472229, 96.8388214111, 97.2451705933, 97.6631240845, 98.0810852051, 98.4874343872, 98.8937835693, 99.3001327515, 99.7064819336, 100.124443054, 100.542404175, 100.948753357, 101.355102539, 101.77305603, 102.191017151, 102.608978271, 103.05015564, 103.491333008, 103.932518005, 104.385307312, 104.838096619, 105.25605011, 105.67401123, 106.091972351, 106.509933472, 106.916282654, 107.322631836, 107.740585327, 108.146934509, 108.553283691, 108.971244812, 109.377593994, 109.783943176, 110.201904297, 110.619865417, 111.014602661, 111.432563782, 111.850517273, 112.256866455, 112.663215637, 113.081176758, 113.48752594, 113.893875122, 114.311836243, 114.729797363, 115.136146545, 115.542495728, 115.960449219, 116.366798401, 116.773147583, 117.191108704, 117.597457886, 118.003807068, 118.421768188, 118.828117371, 119.234466553, 119.652427673, 120.070381165, 120.476730347, 120.883079529, 121.301040649, 121.707389832, 122.113739014, 122.531700134, 122.949661255, 123.356010437, 123.762359619, 124.18031311, 124.586662292, 124.993011475, 125.410972595, 125.817321777, 126.223670959, 126.64163208, 127.047981262, 127.454330444, 127.872291565, 128.290252686, 128.696594238, 129.10295105, 129.520904541, 129.927261353, 130.333602905, 130.751556396, 131.169525146, 131.564254761, 131.982223511, 132.400177002, 132.806533813, 133.212875366, 133.630844116, 134.037185669, 134.44354248, 134.861495972, 135.267837524, 135.674194336, 136.092147827, 136.510116577, 136.91645813, 137.322814941, 137.740768433, 138.147125244, 138.553466797, 138.971420288, 139.3777771, 139.784118652, 140.202087402, 140.608428955, 141.014785767, 141.432739258, 141.850692749, 142.257049561, 142.663391113, 143.081359863, 143.487701416, 143.894058228, 144.312011719, 144.729980469, 145.136322021, 145.542678833, 145.960632324, 146.366973877, 146.773330688, 147.19128418, 147.597640991, 148.003982544, 148.421951294, 148.839904785, 149.246261597, 149.652603149, 150.070556641, 150.476913452, 150.883255005, 151.301223755, 151.707565308, 152.113922119, 152.53187561, 152.94984436, 153.356185913, 153.762542725, 154.180496216, 154.586837769, 154.99319458, 155.411148071, 155.817504883, 156.223846436, 156.641815186, 157.048156738, 157.45451355, 157.872467041, 158.290420532, 158.696777344, 159.103118896, 159.521087646, 159.927429199, 160.333786011, 160.751739502, 161.158096313, 161.564437866, 161.982406616, 162.400360107, 162.80670166, 163.213058472, 163.631011963, 164.048980713, 164.50177002, 164.966171265, 165.430557251, 165.860137939, 166.278091431, 166.696044922, 167.114013672, 167.531967163, 167.949935913, 168.367889404, 168.785842896, 169.203811646, 169.621765137, 170.039718628, 170.457687378, 170.887252808, 171.316818237, 171.734786987, 172.152740479, 172.582305908, 173.011871338, 173.441452026, 173.871017456, 174.300582886, 174.706939697, 175.124893188, 175.53125, 175.937591553, 176.355545044, 176.773513794, 177.191467285, 177.597824097, 178.004165649, 178.422134399, 178.840087891, 179.258041382, 179.676010132, 180.105575562, 180.535140991, 180.976318359, 181.417495728, 181.858688354, 182.299865723, 182.717819214, 183.135772705, 183.553741455, 183.971694946, 184.378051758, 184.784393311, 185.190750122, 185.608703613, 186.026657104, 186.433013916, 186.850967407, 187.257324219, 187.663665771, 188.070022583, 188.476364136, 188.894332886, 189.312286377, 189.730239868, 190.13659668, 190.542938232, 190.960906982, 191.367248535, 191.773605347, 192.191558838, 192.597915649, 193.004257202, 193.422225952, 193.840179443, 194.234924316, 194.641265869, 195.047622681, 195.465576172, 195.883529663, 196.301498413, 196.707839966, 197.114196777, 197.532150269, 197.93850708, 198.344848633, 198.762802124, 199.169158936, 199.575500488, 199.993469238, 200.411422729, 200.817779541, 201.224121094, 201.642089844, 202.048431396, 202.454788208, 202.872741699, 203.279083252, 203.685440063, 204.103393555, 204.509750366, 204.916091919, 205.334060669, 205.75201416, 206.18157959, 206.611160278, 207.040725708, 207.470291138, 207.899856567, 208.329421997, 208.759002686, 209.200180054, 209.629745483, 210.047698975, 210.465667725, 210.883621216, 211.301589966, 211.707931519, 212.11428833, 212.532241821, 212.938583374, 213.344940186, 213.762893677, 214.180862427, 214.587203979, 214.993560791, 215.411514282, 215.817871094, 216.224212646, 216.642166138, 217.048522949, 217.454864502, 217.872833252, 218.290786743, 218.697143555, 219.103485107, 219.521453857, 219.92779541, 220.334152222, 220.752105713, 221.158447266, 221.564804077, 221.982757568, 222.400726318, 222.807067871, 223.213424683, 223.631378174, 224.037734985, 224.444076538, 224.862030029, 225.268386841, 225.674728394, 226.092697144, 226.499038696, 226.905395508, 227.323348999, 227.741317749, 228.147659302, 228.554016113, 228.971969604, 229.378311157, 229.784667969, 230.20262146, 230.62059021, 231.026931763, 231.433288574, 231.851242065, 232.257598877, 232.66394043, 233.081893921, 233.488250732, 233.894592285, 234.312561035, 234.730514526, 235.136871338, 235.543212891, 235.961181641, 236.367523193, 236.773880005, 237.191833496, 237.598175049, 238.00453186, 238.422485352, 238.840454102, 239.246795654, 239.653152466, 240.071105957, 240.477462769, 240.883804321, 241.301757813, 241.708114624, 242.114456177, 242.532424927, 242.950378418, 243.356735229, 243.763076782, 244.181045532, 244.587387085, 244.993743896, 245.411697388, 245.81803894, 246.224395752, 246.642349243, 247.048706055, 247.455047607, 247.873016357, 248.27935791, 248.685714722, 249.103668213, 249.521621704, 249.927978516, 250.334320068, 250.752288818, 251.17024231, 251.564987183, 251.982940674, 252.400909424, 252.807250977, 253.213607788, 253.631561279, 254.037902832, 254.444259644, 254.862213135, 255.268569946, 255.674911499, 256.09286499, 256.499237061, 256.905578613, 257.323547363, 257.741485596, 258.147827148, 258.554199219, 258.972137451, 259.378509521, 259.784851074, 260.202819824, 260.609161377, 261.01550293, 261.43347168, 261.839813232, 262.246154785, 262.664123535, 263.082092285, 263.488433838, 263.894775391, 264.312744141, 264.719085693, 265.125427246, 265.543395996, 265.961364746, 266.367706299, 266.774047852, 267.192016602, 267.598358154, 268.004699707, 268.422668457, 268.82901001, 269.23538208, 269.653320313, 270.059692383, 270.466033936, 270.883972168, 271.301940918, 271.708282471, 272.114654541, 272.532592773, 272.938964844, 273.345306396, 273.763275146, 274.181213379, 274.587554932, 274.993927002, 275.411865234, 275.841461182, 276.305847168, 276.758636475, 277.223022461, 277.652587891, 278.070556641, 278.476898193, 278.894866943, 279.312835693, 279.719177246, 280.125518799, 280.543487549, 280.949829102, 281.356170654, 281.774139404, 282.180480957, 282.586853027, 283.00479126, 283.42276001, 283.829101563, 284.235473633, 284.653411865, 285.059753418, 285.466125488, 285.884063721, 286.290435791, 286.696777344, 287.114746094, 287.532684326, 287.939056396, 288.345397949, 288.763336182, 289.169708252, 289.576049805, 289.994018555, 290.400360107, 290.80670166, 291.22467041, 291.64263916, 292.048980713, 292.455322266, 292.873291016, 293.279632568, 293.685974121, 294.103942871, 294.510284424, 294.916625977, 295.334594727, 295.752563477, 296.158905029, 296.565246582, 296.983215332, 297.389556885, 297.795898438, 298.213867188, 298.62020874, 299.026580811, 299.444519043, 299.850891113, 300.257232666, 300.675201416, 301.093139648, 301.511108398, 301.929077148, 302.358642578, 302.788208008, 303.206176758], "beats_loudness": {"dmean2": 0.0286356564611, "median": 0.0448485016823, "min": 5.05716598127e-05, "dvar2": 0.000884610170033, "dvar": 0.000337059143931, "dmean": 0.016257898882, "max": 0.132555559278, "var": 0.000701418088283, "mean": 0.0472256988287}, "danceability": 1.46086728573, "bpm_histogram_second_peak_weight": {"dmean2": 0, "median": 0.0450819656253, "min": 0.0450819656253, "dvar2": 0, "dvar": 0, "dmean": 0, "max": 0.0450819656253, "var": 0, "mean": 0.0450819656253}, "beats_count": 733, "bpm_histogram_second_peak_bpm": {"dmean2": 0, "median": 140, "min": 140, "dvar2": 0, "dvar": 0, "dmean": 0, "max": 140, "var": 0, "mean": 140}, "bpm_histogram_first_peak_spread": {"dmean2": 0, "median": 0.456973314285, "min": 0.456973314285, "dvar2": 0, "dvar": 0, "dmean": 0, "max": 0.456973314285, "var": 0, "mean": 0.456973314285}, "beats_loudness_band_ratio": {"dmean2": [0.181596830487, 0.211321875453, 0.0741354525089, 0.0620903298259, 0.0436592139304, 0.0949147939682], "median": [0.548818230629, 0.154229000211, 0.0537873767316, 0.0207098796964, 0.0173613764346, 0.181490555406], "min": [4.44065904048e-07, 4.71485764137e-05, 0.000284143548924, 4.59370130557e-05, 1.58904567797e-05, 6.98177564118e-06], "dvar2": [0.0486498475075, 0.0478527992964, 0.0109207974747, 0.00943874102086, 0.00570925278589, 0.0121497912332], "dvar": [0.0196431949735, 0.0163448266685, 0.00439742859453, 0.00348479044624, 0.00197844649665, 0.00417974824086], "dmean": [0.10235684365, 0.11564874649, 0.0427515245974, 0.0357438698411, 0.0249718464911, 0.054041121155], "max": [0.996392846107, 0.646219432354, 0.999884188175, 0.759786188602, 0.42863664031, 0.620579183102], "var": [0.0670466646552, 0.0169818177819, 0.00862723309547, 0.0111503172666, 0.00375517620705, 0.011571617797], "mean": [0.53875297308, 0.178792178631, 0.0732201263309, 0.0567604452372, 0.0398656390607, 0.165654435754]}}, "lowlevel": {"barkbands_spread": {"dmean2": 17.0324840546, "median": 25.7067241669, "min": 0.00519236316904, "dvar2": 492.800140381, "dvar": 219.321517944, "dmean": 11.1299886703, "max": 110.726150513, "var": 555.752197266, "mean": 29.2719097137}, "melbands_spread": {"dmean2": 16.6956825256, "median": 13.0908327103, "min": 0.117784552276, "dvar2": 551.784667969, "dvar": 218.369018555, "dmean": 10.03565979, "max": 207.99911499, "var": 561.72265625, "mean": 22.0186786652}, "hfc": {"dmean2": 34.5161476135, "median": 22.2423095703, "min": 1.13936956069e-16, "dvar2": 3090.37646484, "dvar": 1273.56555176, "dmean": 22.4868106842, "max": 270.104309082, "var": 1742.07922363, "mean": 36.4726295471}, "barkbands_kurtosis": {"dmean2": 23.0640487671, "median": 4.25098276138, "min": -1.93246018887, "dvar2": 55014.5039063, "dvar": 20380.6386719, "dmean": 15.8943843842, "max": 9502.14355469, "var": 17114.2324219, "mean": 18.7454547882}, "gfcc": {"mean": [-2.79566502571, 61.6287651062, -83.0202255249, 40.0604400635, -71.6851425171, 11.9956617355, -41.1085014343, 2.90755009651, -22.6814537048, -3.16382956505, -21.9467372894, 3.61056160927, -12.6988115311], "icov": [[0.000256325292867, -4.86726130475e-05, 4.1166687879e-05, -0.000306680653011, -0.00013515050523, -0.000244780239882, 0.000305300345644, -0.000295689271297, 0.000487528886879, -0.000491374521516, 0.000746838049963, -0.000742224860005, -7.95617052063e-06], [-4.86726130475e-05, 0.00171116867568, -0.00068805005867, 0.000436530914158, -0.00170365534723, 0.00168848829344, -0.000889134709723, 0.000346773857018, -0.000822237227112, 0.00201370427385, -0.00192907522433, 0.00275438767858, -0.00136492704041], [4.1166687879e-05, -0.00068805005867, 0.00155721406918, -0.000630943453871, -0.000153865708853, -0.00027055159444, -0.00121279258747, 0.00121001584921, -0.00143522617873, -0.00132695550565, 0.00381352915429, -0.00311060622334, 0.00253182370216], [-0.000306680653011, 0.000436530914158, -0.000630943453871, 0.00301758665591, -0.00110951776151, -0.00234001106583, 0.00196606828831, -0.000188951671589, -0.000458297115983, 0.00128501141444, -0.00215322943404, 0.00372878322378, -0.00146287062671], [-0.00013515050523, -0.00170365534723, -0.000153865708853, -0.00110951776151, 0.00543267838657, -0.000137458860991, -0.00278820330277, 0.000573087891098, 0.000898831291124, -0.00188653764781, 0.00152040983085, -0.00272937701084, 0.00111167714931], [-0.000244780239882, 0.00168848829344, -0.00027055159444, -0.00234001106583, -0.000137458860991, 0.0105367498472, -0.00762480217963, 0.00018322050164, 0.000527367868926, 8.05819508969e-05, -0.0013749548234, 0.000449194805697, 0.00197294983082], [0.000305300345644, -0.000889134709723, -0.00121279258747, 0.00196606828831, -0.00278820330277, -0.00762480217963, 0.0190531313419, -0.00797637552023, -0.00137782644015, 0.00186175829731, -0.00801271572709, 0.00488776573911, -0.00260156509466], [-0.000295689271297, 0.000346773857018, 0.00121001584921, -0.000188951671589, 0.000573087891098, 0.00018322050164, -0.00797637552023, 0.0168058406562, -0.00718329614028, -0.00255545391701, 0.00662732077762, -0.00672033010051, 0.00229227473028], [0.000487528886879, -0.000822237227112, -0.00143522617873, -0.000458297115983, 0.000898831291124, 0.000527367868926, -0.00137782644015, -0.00718329614028, 0.0212018974125, -0.00454428279772, -0.00574820209295, 0.00770109379664, -0.00968103390187], [-0.000491374521516, 0.00201370427385, -0.00132695550565, 0.00128501141444, -0.00188653764781, 8.05819508969e-05, 0.00186175829731, -0.00255545391701, -0.00454428279772, 0.0178542155772, -0.00738032767549, -0.00505159515887, 0.00519721675664], [0.000746838049963, -0.00192907522433, 0.00381352915429, -0.00215322943404, 0.00152040983085, -0.0013749548234, -0.00801271572709, 0.00662732077762, -0.00574820209295, -0.00738032767549, 0.0262000430375, -0.0117381410673, 0.000542158493772], [-0.000742224860005, 0.00275438767858, -0.00311060622334, 0.00372878322378, -0.00272937701084, 0.000449194805697, 0.00488776573911, -0.00672033010051, 0.00770109379664, -0.00505159515887, -0.0117381410673, 0.0341861918569, -0.0137889999896], [-7.95617052063e-06, -0.00136492704041, 0.00253182370216, -0.00146287062671, 0.00111167714931, 0.00197294983082, -0.00260156509466, 0.00229227473028, -0.00968103390187, 0.00519721675664, 0.000542158493772, -0.0137889999896, 0.02584566921]], "cov": [[12783.9755859, -3304.86767578, 1925.23596191, 1556.74755859, 321.518859863, 907.117919922, -467.504730225, 282.378875732, -680.884460449, 733.377929688, -651.757263184, 502.678375244, -546.911315918], [-3304.86767578, 4697.63330078, 1292.03222656, -12.6212759018, 1269.35021973, -297.057128906, 711.258605957, -36.8449821472, 558.278869629, -393.287719727, 250.049087524, -322.6875, 273.523620605], [1925.23596191, 1292.03222656, 2856.61645508, 685.371276855, 991.034240723, 322.4871521, 341.900085449, 122.860710144, 113.553787231, 164.737289429, -198.572525024, 28.0056400299, -187.425552368], [1556.74755859, -12.6212759018, 685.371276855, 887.177856445, 330.313903809, 341.075164795, 107.51688385, 57.0825958252, 10.1670646667, 62.4215431213, -41.2003173828, -16.6308841705, -68.3477935791], [321.518859863, 1269.35021973, 991.034240723, 330.313903809, 803.438476563, 140.111724854, 320.224761963, 78.4809417725, 152.051101685, 20.7470264435, 33.3488273621, -26.15026474, 6.89932632446], [907.117919922, -297.057128906, 322.4871521, 341.075164795, 140.111724854, 359.491668701, 143.077926636, 100.976119995, 14.2589635849, 105.306022644, 12.9981985092, 37.5472717285, -51.7919235229], [-467.504730225, 711.258605957, 341.900085449, 107.51688385, 320.224761963, 143.077926636, 326.107635498, 107.194313049, 170.396148682, 5.15155124664, 111.859886169, -27.1328372955, 54.6012191772], [282.378875732, -36.8449821472, 122.860710144, 57.0825958252, 78.4809417725, 100.976119995, 107.194313049, 146.946456909, 61.9871788025, 69.2351150513, 22.8227748871, 38.9083518982, 5.58575344086], [-680.884460449, 558.278869629, 113.553787231, 10.1670646667, 152.051101685, 14.2589635849, 170.396148682, 61.9871788025, 187.664215088, -10.4041833878, 96.1234970093, -30.5965023041, 76.7964553833], [733.377929688, -393.287719727, 164.737289429, 62.4215431213, 20.7470264435, 105.306022644, 5.15155124664, 69.2351150513, -10.4041833878, 173.526077271, 3.20217180252, 80.4122467041, -43.6585388184], [-651.757263184, 250.049087524, -198.572525024, -41.2003173828, 33.3488273621, 12.9981985092, 111.859886169, 22.8227748871, 96.1234970093, 3.20217180252, 148.964172363, 1.25022876263, 69.8368301392], [502.678375244, -322.6875, 28.0056400299, -16.6308841705, -26.15026474, 37.5472717285, -27.1328372955, 38.9083518982, -30.5965023041, 80.4122467041, 1.25022876263, 96.8756103516, -4.46690320969], [-546.911315918, 273.523620605, -187.425552368, -68.3477935791, 6.89932632446, -51.7919235229, 54.6012191772, 5.58575344086, 76.7964553833, -43.6585388184, 69.8368301392, -4.46690320969, 109.813591003]]}, "spectral_energyband_middle_low": {"dmean2": 0.014362742193, "median": 0.00900884903967, "min": 1.72615854842e-22, "dvar2": 0.000357551441994, "dvar": 0.000200602866244, "dmean": 0.00959942489862, "max": 0.10629851371, "var": 0.000295326404739, "mean": 0.0144571987912}, "melbands_crest": {"dmean2": 6.40221214294, "median": 16.7799377441, "min": 1.87898612022, "dvar2": 25.1034965515, "dvar": 11.4179944992, "dmean": 4.41776609421, "max": 35.383026123, "var": 42.9233169556, "mean": 17.4546928406}, "spectral_kurtosis": {"dmean2": 8.10096931458, "median": 1.2943944931, "min": -1.22510206699, "dvar2": 1110.42041016, "dvar": 454.99597168, "dmean": 5.1654176712, "max": 361.82019043, "var": 730.551452637, "mean": 7.54386520386}, "spectral_rms": {"dmean2": 0.00135786435567, "median": 0.00617110170424, "min": 3.17156717555e-12, "dvar2": 1.73169280515e-06, "dvar": 9.46702016336e-07, "dmean": 0.00104880915023, "max": 0.0126627925783, "var": 7.55005612518e-06, "mean": 0.00593751296401}, "zerocrossingrate": {"dmean2": 0.0203507896513, "median": 0.064453125, "min": 0.00244140625, "dvar2": 0.000490240869112, "dvar": 0.000398520904128, "dmean": 0.0181282386184, "max": 0.525390625, "var": 0.00337989651598, "mean": 0.0784005746245}, "silence_rate_60dB": {"dmean2": 0.023860508576, "median": 0, "min": 0, "dvar2": 0.0240592509508, "dvar": 0.0117854233831, "dmean": 0.0119293415919, "max": 1, "var": 0.0705714896321, "mean": 0.0763878300786}, "erbbands_kurtosis": {"dmean2": 3.14784002304, "median": -0.7027323246, "min": -1.87192976475, "dvar2": 124.627235413, "dvar": 48.5896759033, "dmean": 1.9899739027, "max": 347.759735107, "var": 82.7026977539, "mean": 0.92129188776}, "erbbands": {"dmean2": [0.0970566645265, 1.99598872662, 10.647441864, 23.6571540833, 28.5835456848, 30.8503704071, 27.3177318573, 12.9858827591, 17.5532207489, 15.6216564178, 17.658946991, 10.1609277725, 11.9716072083, 29.3017024994, 11.4843387604, 15.4636735916, 5.51389360428, 4.07922840118, 23.232667923, 13.60297966, 14.8920125961, 14.5945968628, 18.945734024, 17.7026309967, 15.5065231323, 9.6524066925, 13.163520813, 35.9576072693, 29.1331348419, 25.6192779541, 18.9999790192, 17.952009201, 10.6445865631, 4.12847185135, 3.38240838051, 1.7192889452, 0.926522433758, 0.26524579525, 0.00820380542427, 0.00020029375446], "median": [0.0284233298153, 0.448135256767, 2.92401266098, 7.32789993286, 7.41245174408, 9.80511283875, 10.8963394165, 7.76469707489, 7.97631931305, 6.85654497147, 7.497133255, 4.23869037628, 3.58681941032, 6.01500225067, 3.58536100388, 3.75491070747, 1.97795319557, 2.02065038681, 5.00775575638, 4.50447416306, 4.22864341736, 4.38971996307, 5.71906137466, 5.24622249603, 6.35705709457, 5.86418819427, 7.26728391647, 9.37497520447, 10.9147834778, 11.2464809418, 7.31866836548, 6.31736373901, 3.46165847778, 1.3435587883, 0.780476570129, 0.324193716049, 0.0984601452947, 0.0137792704627, 0.000439935014583, 8.21292487672e-05], "min": [1.86636020965e-22, 1.27564124666e-21, 5.17603502323e-21, 1.75716329626e-20, 1.35373269045e-20, 4.35565910213e-20, 1.01932497533e-19, 1.54336043699e-19, 9.31935540809e-20, 3.66233156383e-19, 4.09319417678e-19, 5.52550703825e-19, 7.66555201291e-19, 1.00899615196e-18, 1.44913781853e-18, 9.68369589768e-19, 1.71930627692e-18, 3.07367349569e-18, 2.69842859427e-18, 4.07300342181e-18, 6.91321284102e-18, 6.26642212209e-18, 5.40852291672e-18, 7.88955934702e-18, 9.52288040607e-18, 7.41597280374e-18, 1.09120748238e-17, 1.20003442433e-17, 1.17978967515e-17, 1.6040646734e-17, 1.25741246927e-17, 1.15645325571e-17, 1.18799911185e-17, 1.05292093141e-17, 7.55863747117e-18, 4.6469993517e-18, 2.23345320796e-18, 1.04699869046e-18, 2.55931284186e-19, 3.02204329877e-20], "dvar2": [0.0192077085376, 8.28172874451, 350.838134766, 1774.68981934, 2718.50415039, 4017.68115234, 2443.54296875, 440.859771729, 676.082763672, 692.943237305, 501.150970459, 141.586807251, 317.537902832, 3808.98754883, 537.951965332, 866.146728516, 130.070266724, 32.1630401611, 2662.25634766, 504.887084961, 738.472839355, 629.786804199, 1257.76965332, 1226.35864258, 686.302368164, 193.759048462, 418.324035645, 6122.7109375, 3650.46191406, 1672.67211914, 1022.15759277, 806.948242188, 345.841094971, 56.9410171509, 40.6093864441, 16.2251434326, 4.00558567047, 0.400786101818, 0.000394503440475, 1.77585391725e-07], "dvar": [0.0186194125563, 6.45134925842, 222.062164307, 771.859619141, 1125.89196777, 1446.62573242, 855.319213867, 153.15965271, 259.751678467, 252.853317261, 187.090545654, 52.4307098389, 117.178863525, 1506.24536133, 201.323318481, 315.372344971, 53.0544128418, 12.7211704254, 1121.87426758, 196.173583984, 268.079040527, 228.51965332, 449.204376221, 440.824890137, 253.645370483, 76.4462432861, 150.800323486, 2020.63598633, 1294.44580078, 691.176391602, 405.726013184, 328.244934082, 138.424728394, 25.9876880646, 17.4135856628, 6.87840461731, 2.0899283886, 0.175333887339, 0.000165587553056, 7.75217969817e-08], "dmean": [0.102911435068, 1.57054030895, 8.30799198151, 15.1190271378, 17.2872905731, 17.8613300323, 15.668387413, 7.46587753296, 10.4608507156, 9.15317821503, 10.3250637054, 6.07506132126, 7.07557630539, 17.2919273376, 6.78139019012, 9.1718788147, 3.32931351662, 2.45688271523, 14.1264944077, 7.9466714859, 8.39297008514, 8.33940601349, 10.6637477875, 9.98594760895, 8.99226665497, 5.96045637131, 7.89843082428, 19.9117622375, 17.4963912964, 16.36677742, 11.7187404633, 11.1187973022, 6.80199956894, 2.75629258156, 2.20345973969, 1.19252276421, 0.646841883659, 0.173922792077, 0.0052376226522, 0.000131877881358], "max": [1.86802601814, 28.0408935547, 92.1659545898, 190.899032593, 235.576477051, 315.852966309, 320.012512207, 117.774452209, 232.668136597, 285.552978516, 156.630767822, 94.0469589233, 139.528335571, 616.918334961, 294.031066895, 256.594390869, 238.338180542, 64.0185852051, 633.924316406, 243.011871338, 165.35168457, 190.628082275, 253.114578247, 295.495758057, 228.871902466, 120.927124023, 164.863708496, 428.443878174, 358.71685791, 334.773529053, 502.351318359, 213.990158081, 100.673294067, 37.0208053589, 30.1959400177, 19.1874008179, 9.14629459381, 2.69034552574, 0.0974289104342, 0.00195192173123], "var": [0.121326006949, 24.3906517029, 415.968200684, 798.20880127, 981.168762207, 999.709106445, 643.449523926, 122.752128601, 287.369506836, 253.496047974, 196.300201416, 60.0998878479, 103.833824158, 1784.640625, 269.240814209, 365.206848145, 74.4770202637, 18.8073501587, 1353.48815918, 273.866363525, 237.418930054, 254.697311401, 401.027069092, 524.30847168, 316.174194336, 170.292037964, 269.883972168, 1710.3371582, 1419.5682373, 1191.44189453, 594.722167969, 404.768585205, 168.035919189, 34.9207077026, 21.470703125, 8.38864803314, 2.83440232277, 0.179923415184, 0.000159873845405, 8.42667020606e-08], "mean": [0.262908726931, 3.69968152046, 11.1637611389, 16.6810379028, 17.0025291443, 18.0283126831, 17.9162349701, 9.93655586243, 13.0813627243, 11.1356039047, 11.8709688187, 6.95228862762, 7.221991539, 19.3642959595, 8.17858409882, 10.9119968414, 4.31870126724, 3.40218067169, 17.0306339264, 10.4856920242, 9.33898067474, 10.5469236374, 12.6284656525, 12.5698747635, 12.8006134033, 10.5067205429, 13.0533866882, 23.984128952, 25.0298881531, 25.1132125854, 17.2116241455, 14.0714693069, 8.61483955383, 3.67976093292, 2.57030200958, 1.39174461365, 0.736199438572, 0.162138313055, 0.0047526168637, 0.000167466001585]}, "spectral_strongpeak": {"dmean2": 0.421694338322, "median": 0.481714904308, "min": 0, "dvar2": 0.491700589657, "dvar": 0.190744176507, "dmean": 0.268566697836, "max": 10.7776737213, "var": 0.283268272877, "mean": 0.613504350185}, "spectral_energy": {"dmean2": 0.0176322646439, "median": 0.0390345603228, "min": 1.03103095424e-20, "dvar2": 0.000311145093292, "dvar": 0.000178959366167, "dmean": 0.0137181216851, "max": 0.164354979992, "var": 0.00109197548591, "mean": 0.0438744314015}, "average_loudness": 0.946474432945, "spectral_rolloff": {"dmean2": 2021.83728027, "median": 516.796875, "min": 64.599609375, "dvar2": 7383083, "dvar": 3548480.75, "dmean": 1177.07763672, "max": 19379.8828125, "var": 7012520, "mean": 2200.11206055}, "spectral_centroid": {"dmean2": 671.332458496, "median": 1288.1361084, "min": 70.8444442749, "dvar2": 668074.3125, "dvar": 268536.4375, "dmean": 421.152282715, "max": 11544.1074219, "var": 918660.375, "mean": 1381.16699219}, "pitch_salience": {"dmean2": 0.141714841127, "median": 0.571520388126, "min": 0.00351112685166, "dvar2": 0.0142461238429, "dvar": 0.00837404001504, "dmean": 0.104174345732, "max": 0.919386744499, "var": 0.0420073308051, "mean": 0.530960023403}, "spectral_energyband_middle_high": {"dmean2": 0.00248109945096, "median": 0.00141261308454, "min": 1.31867382361e-21, "dvar2": 1.35656018756e-05, "dvar": 5.48471371076e-06, "dmean": 0.00148406683002, "max": 0.0256126914173, "var": 7.52442429075e-06, "mean": 0.00232951808721}, "spectral_contrast_coeffs": {"dmean2": [0.0956108644605, 0.0861005783081, 0.0713450461626, 0.0551589727402, 0.0414796955884, 0.0386413708329], "median": [-0.591747999191, -0.778047144413, -0.79426419735, -0.793956160545, -0.804506719112, -0.759899735451], "min": [-0.972507357597, -0.976563870907, -0.970016300678, -0.972425043583, -0.961874902248, -0.960523545742], "dvar2": [0.0062803463079, 0.00442830380052, 0.00314276153222, 0.00187475304119, 0.00124490866438, 0.00184460519813], "dvar": [0.00282567646354, 0.00164669053629, 0.00116536673158, 0.000759971211664, 0.000516690895893, 0.000720059848391], "dmean": [0.0656391307712, 0.0521948933601, 0.0432243309915, 0.0340088717639, 0.0258890409023, 0.0229974742979], "max": [-0.226108983159, -0.387492537498, -0.516705453396, -0.593875110149, -0.636893391609, -0.608079791069], "var": [0.0150714879856, 0.00454100640491, 0.00324067543261, 0.00313344341703, 0.00155675306451, 0.00149306515232], "mean": [-0.595579147339, -0.770849943161, -0.786645591259, -0.792297959328, -0.802085101604, -0.759477078915]}, "melbands_skewness": {"dmean2": 2.26258802414, "median": 4.52909374237, "min": -3.85445642471, "dvar2": 6.58316469193, "dvar": 3.26332163811, "dmean": 1.54415881634, "max": 21.3414878845, "var": 9.66991996765, "mean": 5.0174279213}, "spectral_spread": {"dmean2": 1230322, "median": 6662009, "min": 171027.15625, "dvar2": 1919119392770.0, "dvar": 1121707098110.0, "dmean": 894061.9375, "max": 41322448, "var": 7684768661500.0, "mean": 6622617.5}, "dissonance": {"dmean2": 0.0318798944354, "median": 0.476358234882, "min": 0.024671882391, "dvar2": 0.00133531575557, "dvar": 0.000520456233062, "dmean": 0.0191284939647, "max": 0.500000119209, "var": 0.001065673423, "mean": 0.468732744455}, "spectral_skewness": {"dmean2": 0.638173043728, "median": 1.02810192108, "min": -0.248328641057, "dvar2": 2.48736953735, "dvar": 1.04275023937, "dmean": 0.423564314842, "max": 15.6086807251, "var": 2.55734825134, "mean": 1.51825678349}, "spectral_flux": {"dmean2": 0.0545781627297, "median": 0.0950732082129, "min": 6.64088159463e-11, "dvar2": 0.00267575890757, "dvar": 0.00143197993748, "dmean": 0.0367883108556, "max": 0.333598256111, "var": 0.00525821372867, "mean": 0.113600283861}, "spectral_contrast_valleys": {"dmean2": [0.728094100952, 0.950459897518, 0.939181625843, 0.774936079979, 0.649551093578, 0.678238689899], "median": [-6.91926765442, -6.39673423767, -7.60789203644, -8.09824848175, -7.4705080986, -9.04193973541], "min": [-27.6937904358, -27.7839775085, -27.6557884216, -27.540813446, -27.3524589539, -27.3503417969], "dvar2": [0.390866935253, 0.685635626316, 0.651807069778, 0.577945411205, 0.701516091824, 0.767789900303], "dvar": [0.16203327477, 0.271160632372, 0.264124006033, 0.232622236013, 0.302799224854, 0.36974811554], "dmean": [0.481012970209, 0.574102699757, 0.615536510944, 0.503649115562, 0.43342474103, 0.497544616461], "max": [-5.02350282669, -4.6434841156, -5.71484518051, -6.55165624619, -5.70816326141, -7.29938316345], "var": [4.45403432846, 1.33837997913, 0.935355365276, 0.935243904591, 1.675710201