{"tonal": {"thpcp": [1, 0.658886611462, 0.215741917491, 0.107676438987, 0.107550770044, 0.357412040234, 0.581484019756, 0.351756036282, 0.102554813027, 0.073105469346, 0.104265086353, 0.455629467964, 0.806185722351, 0.528872787952, 0.390479266644, 0.514241099358, 0.256256937981, 0.06469874084, 0.0752460211515, 0.0844176784158, 0.371468961239, 0.633557379246, 0.341285735369, 0.0738387405872, 0.0754318237305, 0.111384935677, 0.500498235226, 0.780243992805, 0.406333684921, 0.0651439279318, 0.0289798751473, 0.0425988547504, 0.233189016581, 0.400419592857, 0.345717668533, 0.638784825802], "hpcp": {"dmean2": [0.0463224686682, 0.0786064267159, 0.153009295464, 0.175592362881, 0.183774784207, 0.128603816032, 0.0945637002587, 0.0721738487482, 0.043252505362, 0.039284594357, 0.0507781282067, 0.104427099228, 0.128871619701, 0.0952893942595, 0.0418311357498, 0.0385113433003, 0.0659489408135, 0.118969589472, 0.123401500285, 0.112253785133, 0.0477686300874, 0.0256542619318, 0.0376544892788, 0.0860256850719, 0.117669701576, 0.159628376365, 0.221257448196, 0.229323849082, 0.21412999928, 0.151884004474, 0.103885181248, 0.0937697142363, 0.11947503686, 0.12311667949, 0.118538141251, 0.0670539885759], "median": [0.000986956758425, 0.00241393875331, 0.0416028350592, 0.0839806944132, 0.0541844591498, 0.0189977642149, 0.00494718551636, 0.00360557925887, 0.00237451004796, 0.00170330121182, 0.00296923448332, 0.0353459715843, 0.0603602454066, 0.0327068567276, 0.00235647661611, 0.00106583209708, 0.00251334928907, 0.0207477733493, 0.0368240885437, 0.0213300287724, 0.00203306274489, 0.000644941057544, 0.00111489347182, 0.00682611204684, 0.0141644943506, 0.0250432379544, 0.0929087251425, 0.15197083354, 0.077713996172, 0.00616178382188, 0.00161347922403, 0.00221361685544, 0.0164776369929, 0.0257025547326, 0.0133400242776, 0.00184767297469], "min": [0, 0, 0, 0, 0, 0, 0, 0, 0, 0, 0, 0, 0, 0, 0, 0, 0, 0, 0, 0, 0, 0, 0, 0, 0, 0, 0, 0, 0, 0, 0, 0, 0, 0, 0, 0], "dvar2": [0.0249748080969, 0.0421097464859, 0.0681025236845, 0.0741897672415, 0.0847383588552, 0.0538791418076, 0.0435294546187, 0.0268982481211, 0.0222676675767, 0.017756447196, 0.0242915023118, 0.0394514985383, 0.0508418567479, 0.0342573188245, 0.0215966589749, 0.0213060285896, 0.0313908457756, 0.0493911802769, 0.0525503158569, 0.045887645334, 0.0213403813541, 0.0125172352418, 0.0193368643522, 0.0422601364553, 0.0531839393079, 0.077396504581, 0.0952347368002, 0.101775914431, 0.0967215299606, 0.0853777229786, 0.0680825561285, 0.0631860047579, 0.0572080388665, 0.0588509850204, 0.062510214746, 0.0381296165287], "dvar": [0.00941663142294, 0.0156309567392, 0.0264347437769, 0.0329780317843, 0.0331276617944, 0.0210515111685, 0.0201416760683, 0.0103517156094, 0.00788184721023, 0.00652126083151, 0.00920321233571, 0.0162499081343, 0.0240670330822, 0.0137713598087, 0.00813347566873, 0.00788433942944, 0.0116391954944, 0.0211314409971, 0.0247634034604, 0.0189646054059, 0.0078207096085, 0.00448962813243, 0.0067655951716, 0.0160064399242, 0.0221513621509, 0.0302542503923, 0.0381924286485, 0.0444593131542, 0.0378722846508, 0.0319358073175, 0.0247480347753, 0.0230010580271, 0.0225557722151, 0.0268485248089, 0.0240426082164, 0.0138506069779], "dmean": [0.0261142794043, 0.0443999320269, 0.0934367403388, 0.110044494271, 0.111882835627, 0.0777516588569, 0.0602645650506, 0.0439412333071, 0.0243269037455, 0.0228657890111, 0.0293442923576, 0.0651852414012, 0.0841247588396, 0.0599097982049, 0.0241727940738, 0.0222201198339, 0.0377981625497, 0.0754327252507, 0.0773437470198, 0.0702143386006, 0.0266340989619, 0.01400613226, 0.0204658731818, 0.0507254637778, 0.0696101635695, 0.0927449390292, 0.135416656733, 0.141089498997, 0.12919396162, 0.0861155539751, 0.055587798357, 0.0510428063571, 0.0717794597149, 0.0764373540878, 0.0715372338891, 0.0379597060382], "max": [1, 1, 1, 1, 1, 1, 1, 1, 1, 1, 1, 1, 1, 1, 1, 1, 1, 1, 1, 1, 1, 1, 1, 1, 1, 1, 1, 1, 1, 1, 1, 1, 1, 1, 1, 1], "var": [0.0111519545317, 0.0137357860804, 0.0519336350262, 0.123681642115, 0.0619160123169, 0.047949064523, 0.101738110185, 0.0273876208812, 0.0060507664457, 0.00704673212022, 0.00844216253608, 0.0381350032985, 0.0955566391349, 0.0314987711608, 0.00906776916236, 0.0114592527971, 0.0111123425886, 0.0720584467053, 0.142188578844, 0.0509931668639, 0.00622122082859, 0.00293836765923, 0.00431759562343, 0.0290865004063, 0.0685911923647, 0.0417029708624, 0.0718328878284, 0.142463743687, 0.0839750394225, 0.0293245892972, 0.0164689272642, 0.0166010595858, 0.0478018708527, 0.109003476799, 0.0495100729167, 0.0152806024998], "mean": [0.0249433815479, 0.0355749540031, 0.155459493399, 0.275068312883, 0.180449917912, 0.133230432868, 0.17545761168, 0.0874341502786, 0.02207502909, 0.0256737302989, 0.0288030747324, 0.126744166017, 0.216168001294, 0.116445735097, 0.0251935720444, 0.0257371254265, 0.0380042269826, 0.170768588781, 0.266217052937, 0.138639912009, 0.0222269259393, 0.00988785177469, 0.0145346093923, 0.0795634388924, 0.136622041464, 0.117957897484, 0.217951595783, 0.341197192669, 0.224810257554, 0.0736105367541, 0.0367388986051, 0.0366960205138, 0.121947981417, 0.198400706053, 0.120018169284, 0.0349914133549]}, "tuning_equal_tempered_deviation": 0.00312547804788, "chords_changes_rate": 0.0331159904599, "key_key": "F#", "tuning_diatonic_strength": 0.641273617744, "key_scale": "major", "chords_number_rate": 0.00120109820273, "tuning_frequency": 440.254241943, "tuning_nontempered_energy_ratio": 0.620788633823, "chords_histogram": [26.4927940369, 2.65957450867, 15.6657514572, 0.257378160954, 0.978037059307, 0, 0.326012343168, 0.0343170911074, 5.64516115189, 0.120109811425, 0.0343170911074, 0, 0, 0, 0, 0.137268364429, 0.18874399364, 0.428963631392, 0, 0.634866178036, 0.566231966019, 7.60123538971, 20.7961559296, 17.4330825806], "key_strength": 0.776957035065, "chords_key": "F#", "chords_strength": {"dmean2": 0.00555342901498, "median": 0.559893012047, "min": 0.247227475047, "dvar2": 3.09545830532e-05, "dvar": 4.8583617172e-05, "dmean": 0.00802810955793, "max": 0.785930991173, "var": 0.00820589251816, "mean": 0.54848086834}, "chords_scale": "major", "hpcp_entropy": {"dmean2": 0.739162027836, "median": 1.58648836613, "min": 0, "dvar2": 0.473516225815, "dvar": 0.181970506907, "dmean": 0.440057367086, "max": 3.57659745216, "var": 0.388423264027, "mean": 1.51707470417}}, "metadata": {"audio_properties": {"equal_loudness": 0, "codec": "mp3", "downmix": "mix", "sample_rate": 44100, "analysis_sample_rate": 44100, "bit_rate": 128012, "md5_encoded": "2832a650caa8dd064d64796757538aea", "length": 270.60244751, "replay_gain": -13.4423980713, "lossless": false}, "version": {"essentia_build_sha": "70f2e5ece6736b2c40cc944ad0e695b16b925413", "essentia": "2.1-beta2", "extractor": "music 1.0", "essentia_git_sha": "v2.1_beta2"}, "tags": {"title": ["Waves"], "musicbrainz_albumartistid": ["c04a4d65-5173-4d9c-b834-72406bec1478"], "media": ["Digital Media"], "albumartist": ["Handsome & Gretyl"], "date": ["2015-12-12"], "file_name": "07 - Waves.mp3", "musicbrainz_releasegroupid": ["d81b9f5f-eedb-4c96-8ec1-3237e6a13d07"], "musicbrainz_recordingid": ["05d8d2ec-ef0c-45d5-ad4a-5b7f578c2375"], "musicbrainz_artistid": ["c04a4d65-5173-4d9c-b834-72406bec1478"], "originaldate": ["2015"], "musicbrainz_albumid": ["427a3c42-569d-44f2-b7b1-da496e75457f"], "artist": ["Handsome & Gretyl"], "tracknumber": ["7/12"], "artistsort": ["Handsome & Gretyl"], "album": ["Twelve"], "musicbrainz album release country": ["XW"], "albumartistsort": ["Handsome & Gretyl"], "musicbrainz album type": ["album"], "script": ["Latn"], "musicbrainz album status": ["official"]}}, "rhythm": {"bpm_histogram_first_peak_bpm": {"dmean2": 0, "median": 115, "min": 115, "dvar2": 0, "dvar": 0, "dmean": 0, "max": 115, "var": 0, "mean": 115}, "bpm": 113.928443909, "bpm_histogram_second_peak_spread": {"dmean2": 0, "median": 0.428571403027, "min": 0.428571403027, "dvar2": 0, "dvar": 0, "dmean": 0, "max": 0.428571403027, "var": 0, "mean": 0.428571403027}, "bpm_histogram_first_peak_weight": {"dmean2": 0, "median": 0.485322892666, "min": 0.485322892666, "dvar2": 0, "dvar": 0, "dmean": 0, "max": 0.485322892666, "var": 0, "mean": 0.485322892666}, "onset_rate": 2.77144479752, "beats_position": [0.545668900013, 1.09133780003, 1.62539684772, 2.14784574509, 2.67029476166, 3.19274377823, 3.7151927948, 4.2492518425, 4.78331041336, 5.31736946106, 5.8282084465, 6.35065746307, 6.87310647964, 7.40716552734, 7.94122457504, 8.47528362274, 9.0093421936, 9.53179073334, 10.0542402267, 10.5766887665, 11.0991382599, 11.6215867996, 12.144036293, 12.6780948639, 13.2005443573, 13.722992897, 14.2338323593, 14.756280899, 15.2903394699, 15.8127889633, 16.3468475342, 16.8925170898, 17.426574707, 17.9606342316, 18.483083725, 19.0055332184, 19.5279808044, 20.0504302979, 20.5728797913, 21.0953292847, 21.6177768707, 22.128616333, 22.6626758575, 23.1967334747, 23.7307929993, 24.2416324615, 24.764081955, 25.2981395721, 25.8321990967, 26.3778686523, 26.9119262695, 27.4343757629, 27.9568252563, 28.4908847809, 29.0249423981, 29.5473918915, 30.0698413849, 30.6038990021, 31.1263484955, 31.6487979889, 32.1596374512, 32.6820869446, 33.204536438, 33.7153739929, 34.2494316101, 34.7602729797, 35.2827186584, 35.8051681519, 36.3392295837, 36.8732872009, 37.4305648804, 37.9878463745, 38.545124054, 39.0443534851, 39.55519104, 40.0776405334, 40.6000900269, 41.1109275818, 41.6333770752, 42.1558265686, 42.678276062, 43.2007255554, 43.7231750488, 44.2456245422, 44.7680702209, 45.2905197144, 45.8129692078, 46.347026825, 46.8694763184, 47.4035377502, 47.9259872437, 48.4716529846, 49.0057144165, 49.5397720337, 50.0622215271, 50.5846710205, 51.1071205139, 51.6295700073, 52.152015686, 52.6860771179, 53.2085266113, 53.73097229, 54.2534217834, 54.7874832153, 55.3099327087, 55.8323783875, 56.3548278809, 56.8772773743, 57.3997268677, 57.9221763611, 58.4446258545, 58.9786834717, 59.5127410889, 60.0468025208, 60.5808601379, 61.1033096313, 61.6257591248, 62.1482086182, 62.6706581116, 63.1931037903, 63.7155532837, 64.2496109009, 64.7836685181, 65.3061218262, 65.8285675049, 66.3626327515, 66.8966903687, 67.4191360474, 67.9415893555, 68.4640350342, 68.9864807129, 69.5205459595, 70.0546035767, 70.5654373169, 71.0995025635, 71.6335601807, 72.1676177979, 72.6900634766, 73.2125167847, 73.7349624634, 74.2574157715, 74.7914733887, 75.3139190674, 75.8363723755, 76.3588180542, 76.8812713623, 77.3921051025, 77.9261627197, 78.4602279663, 78.9942855835, 79.5167312622, 80.0391845703, 80.5732421875, 81.1072998047, 81.6297454834, 82.1521987915, 82.6630401611, 83.1970977783, 83.7311553955, 84.2652130127, 84.7876663208, 85.3101119995, 85.8325576782, 86.3550109863, 86.877456665, 87.3999099731, 87.9223556519, 88.44480896, 88.9556427002, 89.4897003174, 90.023765564, 90.5578231812, 91.0918807983, 91.6259384155, 92.1599960327, 92.6824493408, 93.2048950195, 93.7273483276, 94.2497940063, 94.7838516235, 95.3179092407, 95.8403625488, 96.3628082275, 96.8852615356, 97.4077072144, 97.9417648315, 98.4526062012, 98.9750518799, 99.497505188, 100.019950867, 100.554008484, 101.08807373, 101.622131348, 102.144577026, 102.667030334, 103.177864075, 103.700317383, 104.234375, 104.756820679, 105.290885925, 105.813331604, 106.347389221, 106.881446838, 107.415504456, 107.949569702, 108.483627319, 109.006072998, 109.528526306, 110.050971985, 110.573425293, 111.10748291, 111.629928589, 112.152381897, 112.686439514, 113.220497131, 113.74294281, 114.265396118, 114.787841797, 115.310295105, 115.844352722, 116.366798401, 116.900856018, 117.423309326, 117.957366943, 118.491424561, 119.00226593, 119.5131073, 120.035552979, 120.557998657, 121.080451965, 121.602897644, 122.136962891, 122.671020508, 123.205078125, 123.739135742, 124.261581421, 124.784034729, 125.306480408, 125.817321777, 126.339767456, 126.873832703, 127.396278381, 127.91872406, 128.441177368, 128.963623047, 129.497680664, 130.031738281, 130.565795898, 131.099868774, 131.633926392, 132.167984009, 132.690429688, 133.212875366, 133.723709106, 134.246170044, 134.768615723, 135.291061401, 135.836730957, 136.359176636, 136.904846191, 137.438903809, 137.961364746, 138.483810425, 139.017868042, 139.540313721, 140.062759399, 140.573608398, 141.096054077, 141.618499756, 142.152557373, 142.68661499, 143.209060669, 143.731521606, 144.265579224, 144.799636841, 145.32208252, 145.82131958, 146.343765259, 146.866210938, 147.400268555, 147.934326172, 148.468383789, 149.002441406, 149.513290405, 150.024124146, 150.558181763, 151.09223938, 151.626296997, 152.160354614, 152.694412231, 153.228485107, 153.750930786, 154.273376465, 154.795822144, 155.318267822, 155.852325439, 156.363174438, 156.885620117, 157.408065796, 157.942123413, 158.47618103, 159.010253906, 159.532699585, 160.066757202, 160.589202881, 161.123260498, 161.657318115, 162.168167114, 162.679000854, 163.189834595, 163.700683594, 164.234741211, 164.768798828, 165.291244507, 165.825302124, 166.359359741, 166.893417358, 167.415863037, 167.926712036, 168.460769653, 168.983215332, 169.505661011, 170.039718628, 170.562179565, 171.084625244, 171.607070923, 172.14112854, 172.663574219, 173.197631836, 173.731704712, 174.265762329, 174.776596069, 175.299041748, 175.821487427, 176.355545044, 176.88961792, 177.412063599, 177.934509277, 178.456954956, 178.991012573, 179.513473511, 180.035919189, 180.558364868, 181.092422485, 181.614868164, 182.16053772, 182.694595337, 183.217056274, 183.739501953, 184.250335693, 184.761169434, 185.283630371, 185.80607605, 186.328521729, 186.850967407, 187.385025024, 187.919082642, 188.453155518, 188.987213135, 189.509658813, 190.032104492, 190.566162109, 191.088607788, 191.622665405, 192.145126343, 192.67918396, 193.213241577, 193.735687256, 194.258132935, 194.780578613, 195.314651489, 195.837097168, 196.359542847, 196.881988525, 197.416046143, 197.93850708, 198.472564697, 198.995010376, 199.517456055, 200.039901733, 200.562347412, 201.108016968, 201.642089844, 202.176147461, 202.710205078, 203.232650757, 203.755096436, 204.265930176, 204.776779175, 205.287612915, 205.798446655, 206.320907593, 206.866577148, 207.389022827, 207.911468506, 208.433914185, 208.97958374, 209.513641357, 210.047698975, 210.581771851, 211.104217529, 211.638275146, 212.160720825, 212.683166504, 213.205612183, 213.72807312, 214.250518799, 214.784576416, 215.307022095, 215.829467773, 216.363540649, 216.885986328, 217.408432007, 217.942489624, 218.476547241, 218.99899292, 219.521453857, 220.055511475, 220.577957153, 221.100402832, 221.622848511, 222.145309448, 222.656143188, 223.190200806, 223.712646484, 224.235092163, 224.76914978, 225.291610718, 225.814056396, 226.348114014, 226.870559692, 227.40461731, 227.927078247, 228.472732544, 229.00680542, 229.529251099, 230.063308716, 230.585754395, 231.108200073, 231.64225769, 232.153106689, 232.675552368, 233.197998047, 233.732055664, 234.266113281, 234.788574219, 235.311019897, 235.833465576, 236.355911255, 236.889968872, 237.424026489, 237.946487427, 238.468933105, 238.979766846, 239.502212524, 240.036270142, 240.558731079, 241.092788696, 241.626846313, 242.160903931, 242.694961548, 243.217407227, 243.751464844, 244.285522461, 244.807983398, 245.353652954, 245.89932251, 246.444976807, 246.990646362, 247.536315918, 248.070373535, 248.616043091, 249.161712646, 249.695770264, 250.241439819, 250.787109375, 251.356002808, 251.92489624, 252.482177734, 253.051055908, 253.608337402, 254.165618896, 254.722900391, 255.280181885, 255.814239502, 256.348297119, 256.882354736, 257.404815674, 257.938873291, 258.472930908, 258.995361328, 259.529418945, 260.086700439, 260.643981934, 261.201263428, 261.700500488, 262.188110352, 262.687347412, 263.128509521, 263.569702148, 264.010864258, 264.533325195, 265.055786133, 265.578216553, 266.10067749, 266.623138428, 267.145568848, 267.702850342, 268.271728516, 268.82901001, 269.386291504, 269.943572998], "beats_loudness": {"dmean2": 0.0507137142122, "median": 0.0368675254285, "min": 1.10893338956e-09, "dvar2": 0.00175015279092, "dvar": 0.000552635581698, "dmean": 0.0282816532999, "max": 0.142839491367, "var": 0.000810844067018, "mean": 0.0407797917724}, "danceability": 1.07767605782, "bpm_histogram_second_peak_weight": {"dmean2": 0, "median": 0.0391389429569, "min": 0.0391389429569, "dvar2": 0, "dvar": 0, "dmean": 0, "max": 0.0391389429569, "var": 0, "mean": 0.0391389429569}, "beats_count": 512, "bpm_histogram_second_peak_bpm": {"dmean2": 0, "median": 110, "min": 110, "dvar2": 0, "dvar": 0, "dmean": 0, "max": 110, "var": 0, "mean": 110}, "bpm_histogram_first_peak_spread": {"dmean2": 0, "median": 0.465517282486, "min": 0.465517282486, "dvar2": 0, "dvar": 0, "dmean": 0, "max": 0.465517282486, "var": 0, "mean": 0.465517282486}, "beats_loudness_band_ratio": {"dmean2": [0.488523960114, 0.353126108646, 0.31537604332, 0.180750533938, 0.0379060432315, 0.016683164984], "median": [0.458378612995, 0.316995739937, 0.127309888601, 0.0289431884885, 0.00698707718402, 0.00159970601089], "min": [0.0021086325869, 0.00534068560228, 0.000510375248268, 0.00014646735508, 2.38610755332e-06, 1.79998733074e-06], "dvar2": [0.151297986507, 0.0705191642046, 0.0835240632296, 0.0671437755227, 0.00445608049631, 0.00449078157544], "dvar": [0.0500611811876, 0.0242539774626, 0.0301325824112, 0.0249681547284, 0.0015118306037, 0.00157107785344], "dmean": [0.285064518452, 0.201901450753, 0.173803091049, 0.101310573518, 0.0208956282586, 0.00901558808982], "max": [0.992090284824, 0.961814522743, 0.911041498184, 0.908606648445, 0.408297330141, 0.565721988678], "var": [0.0867307856679, 0.0402476042509, 0.035205680877, 0.0272626597434, 0.00116928946227, 0.000876206788234], "mean": [0.445789635181, 0.342496842146, 0.187941491604, 0.102414995432, 0.0185035839677, 0.00639290967956]}}, "lowlevel": {"barkbands_spread": {"dmean2": 2.42924404144, "median": 6.04573059082, "min": 0.204457238317, "dvar2": 17.9272537231, "dvar": 9.87112426758, "dmean": 1.65687024593, "max": 109.49797821, "var": 60.4581794739, "mean": 7.62811756134}, "melbands_spread": {"dmean2": 2.94849729538, "median": 7.86256027222, "min": 0.371655702591, "dvar2": 27.8605690002, "dvar": 13.7801742554, "dmean": 2.01634955406, "max": 186.185211182, "var": 89.5843658447, "mean": 9.80321025848}, "hfc": {"dmean2": 3.73613262177, "median": 8.65282726288, "min": 1.19494127478e-16, "dvar2": 31.5609073639, "dvar": 15.8047895432, "dmean": 2.71006608009, "max": 84.8014755249, "var": 160.945907593, "mean": 13.2404842377}, "barkbands_kurtosis": {"dmean2": 4.85064649582, "median": 4.57663583755, "min": -1.91685402393, "dvar2": 66.6496047974, "dvar": 30.1728515625, "dmean": 3.24146556854, "max": 163.6509552, "var": 148.476852417, "mean": 8.36860942841}, "gfcc": {"mean": [-91.8743591309, 148.63885498, -101.993888855, -1.34055733681, -61.0163764954, -6.11258506775, -42.3981742859, 2.63876676559, -31.4409809113, -8.5310459137, -16.4561252594, -12.2165689468, -5.93044042587], "icov": [[0.00025909289252, -0.000551891920622, 0.000656596501358, -0.000534617051017, 0.000449044862762, -0.000740767398383, 0.000486872828333, -0.000642707222141, 0.000508356723003, -0.000257878360571, 0.000375224684831, -1.34665388032e-05, 0.000314018980134], [-0.000551891920622, 0.00423493282869, -0.0019197317306, 0.00252131721936, -0.00240975106135, 0.00281865359284, -0.00313850911334, 0.00332103064284, -0.00344033306465, 0.00246222852729, -0.00256702303886, 0.00183525541797, -0.00148975499906], [0.000656596501358, -0.0019197317306, 0.00311969057657, -0.00178491638508, 0.00134067889303, -0.00205750297755, 0.00146778754424, -0.00163742539007, 0.00116129068192, -0.0012978388695, 0.00132872723043, -0.000739720067941, 0.00173790229019], [-0.000534617051017, 0.00252131721936, -0.00178491638508, 0.00379367708229, -0.00248094485141, 0.00228751334362, -0.00213221693411, 0.00185405660886, -0.00223073363304, 0.000255525083048, -0.000286617228994, -2.87402908725e-05, -0.000680148601532], [0.000449044862762, -0.00240975106135, 0.00134067889303, -0.00248094485141, 0.00519372522831, -0.00305509380996, 0.00174166553188, -0.00266959099099, 0.00168485671747, -0.000504231487866, 0.00119972229004, -0.00102990982123, 0.000292168115266], [-0.000740767398383, 0.00281865359284, -0.00205750297755, 0.00228751334362, -0.00305509380996, 0.00763985561207, -0.00417076563463, 0.00215480290353, -0.00138812034857, -0.000146762657096, -0.00100679637399, 0.000686468847562, -0.000218456771108], [0.000486872828333, -0.00313850911334, 0.00146778754424, -0.00213221693411, 0.00174166553188, -0.00417076563463, 0.00783422216773, -0.00186712888535, 0.00190643896349, -0.000709534739144, 0.000807520002127, -0.000412928115111, 0.00171769410372], [-0.000642707222141, 0.00332103064284, -0.00163742539007, 0.00185405660886, -0.00266959099099, 0.00215480290353, -0.00186712888535, 0.00747437262908, -0.00248145032674, 0.000993194873445, -0.00207684910856, 0.00254645687528, -0.00333423702978], [0.000508356723003, -0.00344033306465, 0.00116129068192, -0.00223073363304, 0.00168485671747, -0.00138812034857, 0.00190643896349, -0.00248145032674, 0.00927393324673, -0.00276555656455, 0.00321539933793, -0.00202920357697, 0.0014874972403], [-0.000257878360571, 0.00246222852729, -0.0012978388695, 0.000255525083048, -0.000504231487866, -0.000146762657096, -0.000709534739144, 0.000993194873445, -0.00276555656455, 0.0118385991082, -0.00267008785158, 0.000327251211274, 0.000998899922706], [0.000375224684831, -0.00256702303886, 0.00132872723043, -0.000286617228994, 0.00119972229004, -0.00100679637399, 0.000807520002127, -0.00207684910856, 0.00321539933793, -0.00267008785158, 0.00933093391359, -0.00141260027885, 0.0012786090374], [-1.34665388032e-05, 0.00183525541797, -0.000739720067941, -2.87402908725e-05, -0.00102990982123, 0.000686468847562, -0.000412928115111, 0.00254645687528, -0.00202920357697, 0.000327251211274, -0.00141260027885, 0.00882724672556, -0.00264678476378], [0.000314018980134, -0.00148975499906, 0.00173790229019, -0.000680148601532, 0.000292168115266, -0.000218456771108, 0.00171769410372, -0.00333423702978, 0.0014874972403, 0.000998899922706, 0.0012786090374, -0.00264678476378, 0.014711135067]], "cov": [[12135.4716797, -451.401245117, -1959.8013916, 330.220214844, 101.626220703, 536.277648926, -10.388504982, 622.537963867, -331.397705078, 1.08328962326, -83.8251724243, -328.804351807, 71.8549423218], [-451.401245117, 1168.76794434, 124.038513184, -409.058563232, 12.5903367996, -98.8511886597, 195.144500732, -223.376541138, 118.775154114, -138.253890991, 136.536849976, -101.662200928, -13.4832687378], [-1959.8013916, 124.038513184, 903.128112793, 186.563690186, 29.9757709503, 16.2896194458, 34.0967979431, -95.6659164429, 106.786117554, 58.5946769714, -35.6232681274, 75.271774292, -67.8257293701], [330.220214844, -409.058563232, 186.563690186, 755.467285156, 189.606292725, 55.7518196106, -1.82452714443, 55.374961853, 67.0916290283, 88.016204834, -117.006835938, 95.4555282593, -11.1754779816], [101.626220703, 12.5903367996, 29.9757709503, 189.606292725, 357.533569336, 94.7521362305, 29.1283607483, 66.8641891479, 15.0004892349, 7.59195423126, -24.2695941925, 20.6209030151, 14.1776866913], [536.277648926, -98.8511886597, 16.2896194458, 55.7518196106, 94.7521362305, 279.706054688, 89.3307571411, 32.3778038025, -22.8642520905, 37.1187667847, -11.5672492981, -8.10722064972, -22.2864284515], [-10.388504982, 195.144500732, 34.0967979431, -1.82452714443, 29.1283607483, 89.3307571411, 232.340377808, -29.2212848663, 9.12318325043, -8.44125938416, 22.662651062, -23.0243701935, -23.5936908722], [622.537963867, -223.376541138, -95.6659164429, 55.374961853, 66.8641891479, 32.3778038025, -29.2212848663, 274.406066895, -24.5278892517, 16.47108078, -9.67163276672, -31.7300872803, 39.2041511536], [-331.397705078, 118.775154114, 106.786117554, 67.0916290283, 15.0004892349, -22.8642520905, 9.12318325043, -24.5278892517, 181.378326416, 16.9489326477, -29.8366718292, 28.4563140869, -9.45090389252], [1.08328962326, -138.253890991, 58.5946769714, 88.016204834, 7.59195423126, 37.1187667847, -8.44125938416, 16.47108078, 16.9489326477, 121.130699158, -1.91748118401, 20.5470371246, -17.8325634003], [-83.8251724243, 136.536849976, -35.6232681274, -117.006835938, -24.2695941925, -11.5672492981, 22.662651062, -9.67163276672, -29.8366718292, -1.91748118401, 155.531646729, -12.6913146973, -2.76744747162], [-328.804351807, -101.662200928, 75.271774292, 95.4555282593, 20.6209030151, -8.10722064972, -23.0243701935, -31.7300872803, 28.4563140869, 20.5470371246, -12.6913146973, 159.204162598, 12.6855335236], [71.8549423218, -13.4832687378, -67.8257293701, -11.1754779816, 14.1776866913, -22.2864284515, -23.5936908722, 39.2041511536, -9.45090389252, -17.8325634003, -2.76744747162, 12.6855335236, 88.2895965576]]}, "spectral_energyband_middle_low": {"dmean2": 0.00698384921998, "median": 0.0133895352483, "min": 2.94581185015e-22, "dvar2": 0.000129344611196, "dvar": 6.29255519016e-05, "dmean": 0.00473629683256, "max": 0.14687179029, "var": 0.000249002565397, "mean": 0.0173256658018}, "melbands_crest": {"dmean2": 3.66774749756, "median": 13.7243480682, "min": 2.16499853134, "dvar2": 12.9069929123, "dvar": 5.175801754, "dmean": 2.3588180542, "max": 38.6008300781, "var": 24.8494606018, "mean": 14.6641998291}, "spectral_kurtosis": {"dmean2": 10.8470411301, "median": 15.3893909454, "min": -1.24723732471, "dvar2": 337.347076416, "dvar": 125.642677307, "dmean": 6.54805374146, "max": 735.340515137, "var": 1003.62573242, "mean": 22.6258735657}, "spectral_rms": {"dmean2": 0.000772751751356, "median": 0.00467378320172, "min": 3.23214263513e-12, "dvar2": 8.99770384422e-07, "dvar": 4.88942646371e-07, "dmean": 0.000548898708075, "max": 0.0123048061505, "var": 4.61739819002e-06, "mean": 0.00461655296385}, "zerocrossingrate": {"dmean2": 0.00433117570356, "median": 0.02587890625, "min": 0.00390625, "dvar2": 4.73387226521e-05, "dvar": 4.62390380562e-05, "dmean": 0.00363935856149, "max": 0.59375, "var": 0.000834038946778, "mean": 0.0294025745243}, "silence_rate_60dB": {"dmean2": 0.0343259237707, "median": 0, "min": 0, "dvar2": 0.0359019264579, "dvar": 0.0168641638011, "dmean": 0.0171614903957, "max": 1, "var": 0.0952041596174, "mean": 0.106563709676}, "erbbands_kurtosis": {"dmean2": 2.28578519821, "median": 1.88909816742, "min": -1.81342387199, "dvar2": 10.5597877502, "dvar": 4.64602231979, "dmean": 1.51288843155, "max": 79.3538742065, "var": 19.6370506287, "mean": 2.99371147156}, "erbbands": {"dmean2": [0.00769331492484, 0.319375187159, 1.80056607723, 3.39286756516, 14.0050802231, 8.84424781799, 7.98612737656, 12.1419496536, 10.434009552, 18.5490608215, 26.7614421844, 27.3152198792, 29.1785316467, 33.9828262329, 13.5013742447, 10.3653707504, 6.68793964386, 7.45183372498, 7.28419065475, 6.75202798843, 4.72500705719, 2.43176341057, 2.47686505318, 2.54069542885, 1.00501132011, 1.03323352337, 0.889685332775, 0.404807984829, 0.317170023918, 0.189868196845, 0.159615576267, 0.138940617442, 0.11027430743, 0.104687094688, 0.0630281195045, 0.0154888415709, 0.00321759656072, 0.000592717726249, 1.96650198632e-05, 9.90927765088e-06], "median": [0.00221774890088, 0.0805788263679, 0.735114872456, 2.41014623642, 4.91162157059, 9.69504928589, 9.92793750763, 11.4364824295, 9.0027885437, 13.3856611252, 12.5968017578, 11.122136116, 10.0470104218, 8.30928993225, 4.38378381729, 3.8877260685, 2.15444302559, 1.95064687729, 2.01325464249, 1.61839365959, 0.844550848007, 0.749949336052, 0.702755630016, 0.598718881607, 0.372820585966, 0.274868309498, 0.20758523047, 0.0998619496822, 0.0478510074317, 0.0338990502059, 0.0284539926797, 0.0296443365514, 0.0281888525933, 0.01920334436, 0.0118443462998, 0.00246722181328, 0.000534824386705, 0.000119347183499, 1.67630860233e-05, 2.60132055701e-05], "min": [6.99967312634e-22, 3.3598115563e-21, 2.19939877021e-20, 3.24695758473e-20, 7.43292413848e-20, 1.73091084544e-19, 3.73838410031e-19, 3.986626689e-19, 3.10635193787e-19, 6.14714671027e-19, 2.1026337669e-18, 1.46431068911e-18, 1.90506953581e-18, 1.15452989535e-18, 5.6031353538e-18, 5.89750122325e-18, 8.74413287274e-18, 1.25437216692e-17, 5.33464286672e-18, 1.14978287125e-17, 8.58087967987e-18, 1.27765647399e-17, 4.36029524266e-18, 6.62763907429e-18, 1.31334625685e-17, 2.00290055909e-17, 7.81738370268e-18, 1.87321518265e-17, 1.27949711629e-17, 2.05161769213e-17, 1.45851843959e-17, 1.2465858331e-17, 1.44487475713e-17, 1.34813184859e-17, 1.0688308406e-17, 5.55723592879e-18, 2.90181431572e-18, 1.77622292051e-18, 3.4075837166e-19, 3.81541775055e-20], "dvar2": [0.00033717660699, 0.660565197468, 19.9127597809, 49.969127655, 1345.98840332, 251.689712524, 206.797576904, 885.599914551, 621.6796875, 1905.79077148, 5247.65136719, 6254.83886719, 7982.57275391, 13384.1572266, 1682.97277832, 1311.44372559, 696.778625488, 1899.47546387, 1246.09277344, 766.059020996, 543.302001953, 111.693885803, 86.539680481, 81.8185882568, 15.0297451019, 20.8597660065, 17.4774608612, 6.16278982162, 8.65563201904, 2.598487854, 3.59544920921, 2.45979857445, 0.594271957874, 0.477619469166, 0.134393960238, 0.0125034851953, 0.000351937982487, 1.23851668832e-05, 1.04055635219e-08, 2.16599946312e-10], "dvar": [0.000210779500776, 0.467070966959, 8.91667842865, 22.8456573486, 653.551208496, 104.649337769, 98.9863128662, 311.818634033, 293.480987549, 742.66192627, 2469.89331055, 3135.94433594, 4199.30615234, 5753.90722656, 1096.84033203, 681.794128418, 331.595947266, 792.215637207, 541.980651855, 420.971801758, 303.996032715, 60.6347084045, 44.331325531, 39.8446731567, 7.20666122437, 9.61693668365, 8.32886981964, 3.07160592079, 3.79541802406, 1.10382294655, 1.68936228752, 0.981555521488, 0.29710367322, 0.262767672539, 0.0725061744452, 0.00631056446582, 0.000192920895643, 5.42985753782e-06, 4.56610260713e-09, 1.1174437764e-10], "dmean": [0.00587358372286, 0.261949568987, 1.24961590767, 2.19407749176, 9.56726455688, 5.65999126434, 5.56174230576, 7.80509901047, 7.22554159164, 11.9977378845, 18.9053134918, 20.3415679932, 21.9176235199, 24.6907577515, 10.3843173981, 7.63874340057, 4.84090232849, 5.3036532402, 5.10001659393, 4.95865774155, 3.52771377563, 1.79868161678, 1.79361712933, 1.80479228497, 0.724111616611, 0.745544612408, 0.616051256657, 0.272853910923, 0.210608959198, 0.123421631753, 0.109969101846, 0.0938576608896, 0.0783124268055, 0.0759188607335, 0.0446775667369, 0.0107211563736, 0.00220068218186, 0.000392770685721, 1.31172973852e-05, 7.01826411387e-06], "max": [0.44680249691, 23.6308345795, 75.6639175415, 133.356765747, 466.578338623, 209.947463989, 534.592468262, 410.289398193, 678.64642334, 751.977478027, 1449.93981934, 2003.8704834, 1717.6373291, 2945.55737305, 1454.61413574, 850.550415039, 1128.79980469, 1384.38891602, 1151.6619873, 873.36114502, 1175.62475586, 476.851287842, 265.676635742, 291.557098389, 95.3419494629, 140.697723389, 117.416900635, 89.9209899902, 160.907974243, 55.5051460266, 131.691589355, 51.8672332764, 47.4143981934, 28.0651664734, 18.6862010956, 4.51294565201, 0.761835813522, 0.111468985677, 0.00426025176421, 0.000170555125806], "var": [0.00111923366785, 3.04350662231, 35.1736526489, 51.834941864, 1137.52685547, 371.507385254, 753.804260254, 1874.34960938, 1535.13928223, 2457.45214844, 15103.6152344, 15951.9257812, 26937.9355469, 35323.6796875, 9384.47753906, 3026.5090332, 1029.39672852, 1528.06604004, 1009.82568359, 1814.95483398, 1083.98217773, 411.352966309, 164.183822632, 199.161026001, 29.8729724884, 34.7436904907, 23.8643493652, 8.38325595856, 6.22890472412, 2.33539748192, 4.53700113297, 2.3928937912, 1.16104829311, 0.898361563683, 0.274002462626, 0.0200823172927, 0.000604481203482, 1.10462888188e-05, 9.18518860971e-09, 6.0892518805e-10], "mean": [0.0119452374056, 0.572122871876, 2.84831762314, 4.84144258499, 15.6346683502, 16.3212833405, 18.490945816, 27.9968738556, 22.390001297, 29.9644031525, 55.5357627869, 54.6670379639, 64.1601409912, 72.7329559326, 29.733877182, 19.1291007996, 11.4099340439, 10.9885540009, 10.5326185226, 11.5724182129, 8.30354976654, 4.88488674164, 4.44293165207, 4.81645965576, 2.01687240601, 1.89442646503, 1.24827313423, 0.488645493984, 0.318270653486, 0.216737985611, 0.193722635508, 0.184979498386, 0.166476592422, 0.1667342484, 0.0963598936796, 0.0194749627262, 0.00383417424746, 0.00065763463499, 3.10084215016e-05, 3.0798586522e-05]}, "spectral_strongpeak": {"dmean2": 0.802250921726, "median": 0.893530845642, "min": 0, "dvar2": 1.37197244167, "dvar": 0.604292392731, "dmean": 0.497764319181, "max": 11.4121055603, "var": 2.68811559677, "mean": 1.53935813904}, "spectral_energy": {"dmean2": 0.00871531385928, "median": 0.02239035815, "min": 1.0707913614e-20, "dvar2": 0.000174555912963, "dvar": 8.97366990102e-05, "dmean": 0.00614277180284, "max": 0.155193462968, "var": 0.000464452285087, "mean": 0.0265782289207}, "average_loudness": 0.874737977982, "spectral_rolloff": {"dmean2": 196.938278198, "median": 602.9296875, "min": 21.533203125, "dvar2": 394206.4375, "dvar": 184072.1875, "dmean": 114.184143066, "max": 18712.3535156, "var": 1013626.875, "mean": 730.854492188}, "spectral_centroid": {"dmean2": 106.558120728, "median": 515.56628418, "min": 114.546112061, "dvar2": 33802.5507812, "dvar": 21440.9492188, "dmean": 75.4025650024, "max": 11086.34375, "var": 128668.851562, "mean": 599.758728027}, "pitch_salience": {"dmean2": 0.0812571719289, "median": 0.507227301598, "min": 0.0628820434213, "dvar2": 0.00585510442033, "dvar": 0.0024465250317, "dmean": 0.052255615592, "max": 0.815115988255, "var": 0.0128780882806, "mean": 0.50432407856}, "spectral_energyband_middle_high": {"dmean2": 0.00175257527735, "median": 0.00110723008402, "min": 1.71075006284e-21, "dvar2": 1.79017843038e-05, "dvar": 8.49342177389e-06, "dmean": 0.00129970512353, "max": 0.0856014639139, "var": 7.90738631622e-05, "mean": 0.00487488415092}, "spectral_contrast_coeffs": {"dmean2": [0.0719735696912, 0.0586263760924, 0.0517873130739, 0.0427157431841, 0.0311470422894, 0.0276171434671], "median": [-0.542963683605, -0.652434825897, -0.697959125042, -0.746333122253, -0.777571797371, -0.795308291912], "min": [-0.975346028805, -0.966285467148, -0.964681446552, -0.957168698311, -0.951518833637, -0.963752865791], "dvar2": [0.00359325599857, 0.00239833281375, 0.0018539505545, 0.00124799855985, 0.000705416023266, 0.000572020711843], "dvar": [0.00140451092739, 0.000941122765653, 0.00078147824388, 0.000540692417417, 0.000330389506416, 0.000250548007898], "dmean": [0.0446743033826, 0.0366628654301, 0.0331569090486, 0.0274067800492, 0.0204011891037, 0.0178033336997], "max": [-0.272476583719, -0.337953001261, -0.369814008474, -0.449540317059, -0.535657644272, -0.595675826073], "var": [0.00677441479638, 0.00698246061802, 0.00916073191911, 0.00538876373321, 0.00388552271761, 0.00216958415695], "mean": [-0.54385894537, -0.648979008198, -0.687073767185, -0.739325523376, -0.771699726582, -0.793391525745]}, "melbands_skewness": {"dmean2": 0.723111629486, "median": 1.68226420879, "min": -1.92816436291, "dvar2": 0.710890173912, "dvar": 0.327880203724, "dmean": 0.49718183279, "max": 14.9933481216, "var": 2.52780795097, "mean": 1.97047817707}, "spectral_spread": {"dmean2": 556387.625, "median": 2612055, "min": 236250.15625, "dvar2": 500952432640, "dvar": 305794088960, "dmean": 372442.875, "max": 39387880, "var": 2271595986940.0, "mean": 2862469.75}, "dissonance": {"dmean2": 0.05620508641, "median": 0.412277340889, "min": 0.088019490242, "dvar2": 0.00265971454792, "dvar": 0.000976827112027, "dmean": 0.0336496941745, "max": 0.499999880791, "var": 0.0038112194743, "mean": 0.400262832642}, "spectral_skewness": {"dmean2": 0.754022419453, "median": 3.09896349907, "min": -0.01363372989, "dvar2": 0.62804800272, "dvar": 0.252998113632, "dmean": 0.468624055386, "max": 24.0076522827, "var": 2.95692110062, "mean": 3.41732668877}, "spectral_flux": {"dmean2": 0.0301797483116, "median": 0.0469924472272, "min": 1.03479051716e-10, "dvar2": 0.00152747856919, "dvar": 0.000607056892477, "dmean": 0.0185130685568, "max": 0.296364784241, "var": 0.00139758107252, "mean": 0.0538632087409}, "spectral_contrast_valleys": {"dmean2": [0.675239682198, 0.449868053198, 0.433276981115, 0.404627740383, 0.352709472179, 0.377864986658], "median": [-7.81297683716, -7.00241708755, -8.01703834534, -8.85750865936, -9.23002338409, -11.9154376984], "min": [-26.8478088379, -27.3346633911, -26.976480484, -27.3080387115, -27.597278595, -27.1158256531], "dvar2": [0.339558571577, 0.139194533229, 0.131327420473, 0.13366496563, 0.120985887945, 0.142796337605], "dvar": [0.153618171811, 0.0594921447337, 0.0581396259367, 0.0646026134491, 0.0690957456827, 0.0865472778678], "dmean": [0.430962949991, 0.27466070652, 0.263777643442, 0.254278719425, 0.240920841694, 0.270892173052], "max": [-5.47172355652, -4.98587179184, -5.18823719025, -6.58603620529, -6.22690629959, -7.94905662537], "var": [1.59076559544, 1.40011107922, 1.45366895199, 1.3264619112, 1.30910348892, 1.13926994801], "mean": [-8.00091457367, -7.14347648621, -8.20518779755, -9.06876373291, -9.38841342926, -12.0323858261]}, "erbbands_flatness_db": {"dmean2": 0.0229596681893, "median": 0.239969909191, "min": 0.0401503778994, "dvar2": 0.000554530590307, "dvar": 0.000288705137791, "dmean": 0.0166387651116, "max": 0.568866312504, "var": 0.00385145517066, "mean": 0.244274482131}, "spectral_energyband_high": {"dmean2": 4.6524382924e-05, "median": 1.86083834706e-05, "min": 7.7012106382e-21, "dvar2": 4.72491095138e-08, "dvar": 2.63042618798e-08, "dmean": 3.44215368386e-05, "max": 0.00678075430915, "var": 1.13468338725e-07, "mean": 8.60196814756e-05}, "spectral_entropy": {"dmean2": 0.234986364841, "median": 6.32194709778, "min": 3.64297533035, "dvar2": 0.0665172711015, "dvar": 0.0334132388234, "dmean": 0.162988066673, "max": 9.80095672607, "var": 0.312850236893, "mean": 6.3160533905}, "silence_rate_20dB": {"dmean2": 0, "median": 1, "min": 1, "dvar2": 0, "dvar": 0, "dmean": 0, "max": 1, "var": 0, "mean": 1}, "melbands_flatness_db": {"dmean2": 0.0269419234246, "median": 0.316483110189, "min": 0.00705001782626, "dvar2": 0.000832173624076, "dvar": 0.000427879189374, "dmean": 0.0190075207502, "max": 0.806801497936, "var": 0.00591298565269, "mean": 0.325627088547}, "barkbands": {"dmean2": [2.48706819548e-05, 0.00104698434006, 0.00165207276586, 0.00188628351316, 0.00348512711935, 0.00128346611746, 0.00106597295962, 0.00099641259294, 0.00149487925228, 0.00103153591044, 0.000621214567218, 0.00033749625436, 0.00015936967975, 0.000177887937753, 0.000133954497869, 0.000115696180728, 4.40072180936e-05, 5.61635097256e-05, 3.40596052411e-05, 2.52790341619e-05, 1.51201929839e-05, 8.2697642938e-06, 5.3667422435e-06, 6.52448761684e-06, 8.37400875753e-06, 2.3007960408e-06, 1.79985960358e-07], "median": [6.16999841441e-06, 0.000188892154256, 0.000741394527722, 0.000698731280863, 0.00277177849784, 0.00150144402869, 0.000549714197405, 0.000438092334662, 0.000460976880277, 0.000151128973812, 7.70480837673e-05, 9.54439965426e-05, 3.13433920383e-05, 3.27998168359e-05, 2.4662071155e-05, 1.27084567794e-05, 1.09072943815e-05, 1.20109507407e-05, 8.15320163383e-06, 5.82602160648e-06, 3.53314908352e-06, 1.17766410312e-06, 1.06754760054e-06, 1.66324514339e-06, 1.80148856543e-06, 3.47955619873e-07, 2.48244322876e-08], "min": [2.58552001585e-23, 1.57916384818e-23, 2.38351514168e-23, 8.17049429719e-24, 4.2126532335e-23, 5.60224023774e-23, 2.41096008589e-23, 8.61668222934e-23, 7.34030023598e-23, 5.08220545854e-23, 3.6356759498e-23, 2.15130068136e-22, 2.5168691747e-22, 1.87939092962e-22, 1.04709174575e-22, 1.90158581518e-22, 2.04008618742e-22, 8.14744756808e-23, 1.886587613e-22, 3.92671406388e-22, 3.27800609983e-22, 4.1091146086e-22, 6.06391243661e-22, 7.26091104153e-22, 1.3306565324e-21, 1.70471806633e-21, 2.63113854196e-21], "dvar2": [1.95822669191e-09, 7.23806670067e-06, 1.64903012774e-05, 1.84610689757e-05, 6.21625367785e-05, 6.90290562488e-06, 6.6232255449e-06, 7.11509619578e-06, 1.71822284756e-05, 1.41906148201e-05, 3.66601420865e-06, 1.36754329105e-06, 4.34341018263e-07, 9.71862164079e-07, 2.85320282956e-07, 3.00698218325e-07, 3.40284103117e-08, 4.7283