{"tonal": {"thpcp": [1, 0.624461531639, 0.296171754599, 0.22130253911, 0.216145142913, 0.505987942219, 0.922679483891, 0.683053970337, 0.428240090609, 0.57958304882, 0.41215005517, 0.203201830387, 0.182349443436, 0.169684752822, 0.225209414959, 0.342469990253, 0.306808769703, 0.181182324886, 0.148536473513, 0.18548232317, 0.431589394808, 0.695097982883, 0.532710552216, 0.266638785601, 0.169702753425, 0.110766328871, 0.156741708517, 0.246854245663, 0.252806454897, 0.438735097647, 0.664481818676, 0.445540338755, 0.182208761573, 0.153431892395, 0.368835687637, 0.84389603138], "hpcp": {"dmean2": [0.369794905186, 0.359881103039, 0.320748835802, 0.223680317402, 0.177543804049, 0.176074013114, 0.238838925958, 0.301416307688, 0.255846261978, 0.187571495771, 0.192425072193, 0.169475510716, 0.133393347263, 0.126881435513, 0.122349016368, 0.124819345772, 0.142270982265, 0.137579023838, 0.116535283625, 0.111654810607, 0.13128772378, 0.189057201147, 0.225210994482, 0.218132182956, 0.173675850034, 0.11385127902, 0.078943118453, 0.088165320456, 0.116860277951, 0.140013635159, 0.190366372466, 0.224654793739, 0.195138290524, 0.13468670845, 0.119364708662, 0.239571198821], "median": [0.058009352535, 0.0881798565388, 0.0421665459871, 0.0178269669414, 0.0101244356483, 0.00926246028394, 0.0481955520809, 0.0862460508943, 0.0694090873003, 0.0282474979758, 0.0197743661702, 0.0162405651063, 0.0121099790558, 0.0111973248422, 0.00956364162266, 0.0131517425179, 0.0162768773735, 0.0137572940439, 0.00977489352226, 0.0074569825083, 0.00995456054807, 0.0314946584404, 0.048915527761, 0.0375640206039, 0.0136788263917, 0.00675312243402, 0.00532235577703, 0.0111851841211, 0.0159274451435, 0.0198128707707, 0.0340619459748, 0.0397213697433, 0.0284522138536, 0.0110983941704, 0.00901638157666, 0.0174912568182], "min": [0, 0, 0, 0, 0, 0, 0, 0, 0, 0, 0, 0, 0, 0, 0, 0, 0, 0, 0, 0, 0, 0, 0, 0, 0, 0, 0, 0, 0, 0, 0, 0, 0, 0, 0, 0], "dvar2": [0.182239964604, 0.167214736342, 0.190344139934, 0.14757604897, 0.129284769297, 0.127456143498, 0.136121705174, 0.175253078341, 0.129858389497, 0.0978204756975, 0.115776099265, 0.0885621607304, 0.0690454691648, 0.0724836662412, 0.0757023990154, 0.071235999465, 0.0760316997766, 0.0745588317513, 0.0624080300331, 0.0610002912581, 0.0721313804388, 0.0873180776834, 0.102833539248, 0.104275323451, 0.0990468412638, 0.0680272877216, 0.0398801118135, 0.042746976018, 0.0526259355247, 0.0647772923112, 0.0881047695875, 0.109414376318, 0.0920298993587, 0.0738776475191, 0.0651623681188, 0.116466313601], "dvar": [0.0935228392482, 0.0738256052136, 0.0651296004653, 0.0496372357011, 0.0439556650817, 0.042717024684, 0.0457718074322, 0.067125864327, 0.0483909212053, 0.0370593182743, 0.0506949052215, 0.0354744903743, 0.02509140037, 0.0257143098861, 0.0264313295484, 0.0257238466293, 0.032811973244, 0.0318163409829, 0.0221412144601, 0.0207441449165, 0.0248750839382, 0.032668672502, 0.0474097020924, 0.0444705672562, 0.0349287427962, 0.0234750080854, 0.0133519656956, 0.0148710766807, 0.0203845724463, 0.0228758640587, 0.0325722210109, 0.0484719350934, 0.035819388926, 0.0262193866074, 0.0229608751833, 0.0447856523097], "dmean": [0.209066584706, 0.211060896516, 0.177821338177, 0.119800038636, 0.0934684425592, 0.0927157476544, 0.130958065391, 0.169063612819, 0.146359577775, 0.108543261886, 0.114108927548, 0.100822806358, 0.0743682608008, 0.0693822205067, 0.0661808624864, 0.0699760913849, 0.0836856365204, 0.0797610655427, 0.0641040205956, 0.0599163584411, 0.0712123885751, 0.108633719385, 0.134854435921, 0.125979050994, 0.095447473228, 0.061650633812, 0.0427911765873, 0.0501931346953, 0.0675336420536, 0.0779227092862, 0.10852085799, 0.130252674222, 0.111730501056, 0.0720387026668, 0.063438847661, 0.133542194963], "max": [1, 1, 1, 1, 1, 1, 1, 1, 1, 1, 1, 1, 1, 1, 1, 1, 1, 1, 1, 1, 1, 1, 1, 1, 1, 1, 1, 1, 1, 1, 1, 1, 1, 1, 1, 1], "var": [0.118787735701, 0.130607813597, 0.0747125819325, 0.0346224084496, 0.0295814014971, 0.0273572765291, 0.0447953045368, 0.127447575331, 0.070393666625, 0.0443310290575, 0.0985713079572, 0.0520830191672, 0.0193447433412, 0.0179894287139, 0.0182878486812, 0.0238409880549, 0.0477731637657, 0.0416882112622, 0.0180307179689, 0.0146566927433, 0.019334660843, 0.0429513975978, 0.0961879342794, 0.0652165189385, 0.0301475618035, 0.0210686493665, 0.0094802742824, 0.0127415601164, 0.02524715662, 0.0220600795001, 0.0438631027937, 0.0968781709671, 0.0479371845722, 0.0189549140632, 0.0158742982894, 0.0411348044872], "mean": [0.25062456727, 0.296985119581, 0.185455784202, 0.0879586040974, 0.0657235607505, 0.0641918927431, 0.15027089417, 0.274022072554, 0.202856868505, 0.127180933952, 0.17212754488, 0.122402437031, 0.060347918421, 0.0541550703347, 0.050393845886, 0.0668838471174, 0.101708486676, 0.0911176428199, 0.0538084544241, 0.0441131219268, 0.055085491389, 0.128175631166, 0.20643375814, 0.15820710361, 0.0791877508163, 0.0503991916776, 0.0328959524632, 0.0465499572456, 0.0733120366931, 0.0750797539949, 0.130297794938, 0.19734120369, 0.132318854332, 0.054113291204, 0.0455669909716, 0.109538711607]}, "tuning_equal_tempered_deviation": 0.360798507929, "chords_changes_rate": 0.0487416386604, "key_key": "A", "tuning_diatonic_strength": 0.533903837204, "key_scale": "minor", "chords_number_rate": 0.00127429119311, "tuning_frequency": 431.193908691, "tuning_nontempered_energy_ratio": 0.96804100275, "chords_histogram": [31.2360630035, 8.85632324219, 22.5708827972, 12.6314115524, 0.270786881447, 9.81204223633, 0, 0.700860142708, 0, 5.8776679039, 0, 0, 0, 0, 0, 0.0477859191597, 0, 0, 0.175215035677, 0, 0, 0.700860142708, 2.93086981773, 4.1892323494], "key_strength": 0.671183168888, "chords_key": "A", "chords_strength": {"dmean2": 0.0099978428334, "median": 0.550410568714, "min": 0.238426953554, "dvar2": 9.66255174717e-05, "dvar": 7.86603995948e-05, "dmean": 0.0104899145663, "max": 0.797246217728, "var": 0.00954836793244, "mean": 0.54237049818}, "chords_scale": "minor", "hpcp_entropy": {"dmean2": 1.11610007286, "median": 1.79653680325, "min": 0, "dvar2": 0.872907280922, "dvar": 0.320408850908, "dmean": 0.659971296787, "max": 4.09828472137, "var": 0.539694488049, "mean": 1.78299248219}}, "metadata": {"audio_properties": {"equal_loudness": 0, "codec": "mp3", "downmix": "mix", "sample_rate": 44100, "analysis_sample_rate": 44100, "bit_rate": 128000, "md5_encoded": "9c804294cdf4998d0efe39d9fd1d907e", "length": 291.474273682, "replay_gain": -5.39764213562, "lossless": false}, "version": {"essentia_build_sha": "2d9f1f26377add8aeb1075a9c2973f962c4f09fd", "essentia": "2.1-beta2", "extractor": "music 1.0", "essentia_git_sha": "v2.1_beta2-1-ge3940c0"}, "tags": {"title": ["Spring (Straight mix)"], "language": ["eng"], "acoustid_fingerprint": ["AQADtMmeKGkoOD9uFj5-NOuCH-Xhx3gHH9_xHDn8Ed6PZyFwhvhIpEkhRjwO84GvIyeD4xn8EG_hI9J13FGg53g-fL2A5ghPlGhO4wjTo46Jj1BFYckaBccXVESP0_igHWeKXBmLw8N-8NiT43iOho-RTOpX5MF5oZeO5ike7Qxy6Silw7qCHH_g37gUPnhSI92zDSUvaFcwhUc29cfKI6lyCueRB82D_sgTXCq68dDyMPg5oCEPRz_kY5I1HOdGsOHwrsHxsGhyFd1yXFOCZ4eGPsdzxHiSoHmMSlKGH0eXKjmmH09GHPfxJsJZJFdPhJRyonk-nMmHfXGCJw2PS0cTZze0Pc_ww9lofBmeaA1RHslyHfkDH88OaseeSBmu4IGfG_FxQo_U4bnwDA7-ID92hXi-gf3QH86JbseZCH-M5P2Q_gquEzcZMImO6SfaHw5zfLg_5GgmHnrwXBPuoouVRYG_HG2UHHkv3EF65MFtB0_kB09T9EaYL7iIP7jy4XwGJfexTWkcVNsHKw-q4yH84UmG68Fpo7SH9EWvYp90NE7RD_kNHfmJq5eCJznuBlr0o8-KhzKeJsdIB0-C-8G-RJiYi0GyKAjzoxaaX6jCfHh54SPeHN-DHxejOOgXHD6PSD6eQ2N3PEqxR0TJ48o-_II-BhUPJ1JNlHImQn-C4AnRXCImsMyNJ_mwP_Ap4deQz9mhB2HS3Xh2eHoc_IJ_VLKNXE4NVZKUQc-HHmGi44yFLgrF4sfJFN7Rc8HjGshV_IRxHdaFORLxG_004Qr84Doo6RV69FB7HDeaZ_jxKBLOqkb4tOCxh_DxKNHxaMEvIh2zQ5OQ48mLJ3zQXMczaB_u4zF2CSQTcBceKUKpZ0iULEN4NN0x6ZgiPhbOT8bFHj_BPwMvIXaSB88PnSmY83DRZXqh2QnBUYmI6XmFR7gmvHKK6y66HVrs40pED2eeIU_RB817HLOSEHmq4DlU7yPSP3h0fJ-CSgGTMXiQX8ENzUe67SgTZchZPNB5fHmEME0O10d7lEdzEo-G41IuIU-SoeTh70LpGRV1eEsO5uhM-Ie4Hdp3PD96-MeV8DjDgI516DGHLsw8TEeYHUeeTLjQ55CNNEdv44rSBo94_Aqao7qQ54Ku5sGaaApiCs-FH81Wo31wPSRyonkO7UQTVFnyDpdbXBmND8wP6Ydt1LrQ50LPFJwbQd52XOqxKxeqf_BT4otPPDk-vXCeFpXuQMefYUW9HVcmlOEC4d0RJj_qRA_ubMFzUGOC78gpqGKOZskV5ImOfCmJfz707AilG3v0COty4urxZzu8G7lx67ikHFcyo5QOX-gP7XAjnDdSNTiZw0yDkBMd6PwQ7igtF08UHafRNFMQrhf0D3eCMEN75EqxE9pKH4E_1DuuJMEt9BGa40X8B3ISrkIsBb9wNJMx9QnxdbjCE7lVaPlxKkOT-KTwHBdHMF_h41vQl-Cf4zvoSYmEZ8coOcf54yeqB3-Kqw8u5fDhH5GeJjgRaz34KLiYo8-FRnuCfbiOq-gewV9IXKzx4zh0HDcuCPfxzrCP48fRHN9RNodx0viPvzh3HIcvASdw_PDh47gPdzhc4LgNAz_-DfdR1PCJ4muMm_hxHf3g49Gh4zt8HA_-wsehA4devPhx_DBzfCQ-o4fsF_9x9Djy4ziDHziJ4z4Cv4RPaDx6-EpxWM_RfTh6WKTQ_od2yfCX4fAv_MY3NMR__BOao1yI49bR42UuXDDJA8dx47Bx4sgPHNZw_Ih3wzj04z2OZ8cNscMlHEcv40efQ9Rx44yO48KNw91xiPbRHz_u4w6h9Xhz_LhuiIyPD94LH53H4w_0H8_Rv_jx4od4wwpyfPgG_4A_Ee2N8CtM7oAfaDd-NBf6Htpl-EMnjkNf2I3RHvXQ_MLJCZrRyIQeAtfRLruGqkxwo9_RnMHR54IfnMngQ8d7-Bm6qfig_XAdD9UUHv2Q4snQvgi_4xeOw8fxKIY-ox1T_Oiqw08LPcqM6_B5wSdeuMeN54OPfsGe4D_uo4fVjMWP04Ep1EN1NPmE4_hxKOcu9DNMHr-RKlLx6Jh_wdIRssd_PAr0JaPxP3CUBSdTPL2KXzKK5rjwxFWGOxUh92iyI3yWI5ce_B-O_mhCQ5-W49MLTSaJ5sEbC0924jn4eEFPaHFRi5kQpsqOS7j6YDvue7gSDWUXOP7Qh8hfPMKpHH-OPPMR_kmEKb3whDTyZUKlHg13HNyu4HETPBPSL8Nx4opEDSq3qMX_oPl09Dt-4kU9GmKPVzy098YVIabQJzPRXIrxI8_ygLIL_ceRPktn5NSRJy-O5mowicmFXPgR_inC5Htx4iHORNHxjBeatwlC63jwH1vEZ7gO7njiKkMe9GiKn_glDl9xCtrjFE2X49ODngcAjCDAGkYRsUACQoUQjDnmHAGCMcCQMAAB4QCwRIDgwDDOCQBIIkAYKBwgBhgBkACAWSCBAIoAI4QBRDBAiKSEGIAQMEYYKBERTRBCjAKCGsQsSMYQBYwlggCAiDAGECEIIAAhQgRDiAEhkDeAMsMUNUAJgQwRFihAgCCCACUgIYogAQQRhBEIDEQGWQUAQEJAAiAgBADEDFMISYYIAIQw1RAAyCDDhCAQAQMJM4gJBhxQwkEHjAPMKQccgYgwI5gSEAhChIPAAMIEQcARhQBBJBqkIBPAEAeIRcJIQaQQTIEFkENAcIMMQEASRQACUFBCKBHSGgcNAgARRYBDQCCjhAAASGKAAAAQIzUASDAiiEFIALAMOYpJoAwSQDjAGCEEEeAMQ4YRYIBACCAiANIEEyIIdcQAQqBhAggGEBOEMIWEIJARB7QQQggDBBEEAaGUUEaAKgwRABiDCHBAImUIA0AAJJAgBBgAhBIIIAMUIgwAQoigRDCFABVCCKQAUcQR4oAIBAGlFADKEeERAEg4wAwQADAliTCCIECBQoQgQJxCkBgDBGIUiYmNQMaJBIxARhAhGBMGWCecGEYYJwwgC1hFhBKCGgEBUY5AhIQ4DinnHGIOmGeAEwYZBxy3WnBnmKEECQSJoYIYsQEARigEjECCAAQUAYIAIJFwSjpxmCELCo0UUKYhJCllxhFmkBHuCmsAUcBBoIwQChKFgCNIEKEIMUwJxpizFDnCgBCIGCaoAUARDhAwhgkACABMGCSQVAQ4wQRhBjBAmXOWQWcQEgwCIDQQCilBBAEKMOocQtQISAIwiCFECCEAAYOQAIgggAwiBiAtmEAKACQMEMIJpAAVxgJuBANGAK0AQogAI5QRCjFjBENMMHIEAQQQgpxSggCBAECQEOIAA0YQwJYRgjAABEKEECGgQgAZwazxDDkgjFDGAQIA"], "date": ["1996"], "genre": ["Electronica"], "musicbrainz album type": ["Single"], "musicip_puid": ["0d98579a-8f39-d1c1-8986-0d95c6a5151c"], "musicbrainz_recordingid": ["05db07fe-6784-4148-9017-fe012003bcd7"], "musicbrainz_albumartistid": ["b29c6896-8c6b-4ef5-9f33-57ba1131faac"], "musicbrainz_albumid": ["da7149df-0b8e-4a9f-beda-ab6d5bd7fb89"], "artist": ["RMB"], "tracknumber": ["02"], "bpm": ["82.50"], "album": ["Spring"], "musicbrainz album release country": ["Germany"], "acoustid_id": ["788a4328-91b6-4053-8ab9-d225437d7916"], "musicbrainz_artistid": ["b29c6896-8c6b-4ef5-9f33-57ba1131faac"], "file_name": "RMB - Spring (Straight mix).mp3"}}, "rhythm": {"bpm_histogram_first_peak_bpm": {"dmean2": 0, "median": 167, "min": 167, "dvar2": 0, "dvar": 0, "dmean": 0, "max": 167, "var": 0, "mean": 167}, "bpm": 164.505371094, "bpm_histogram_second_peak_spread": {"dmean2": 0, "median": 0.213815793395, "min": 0.213815793395, "dvar2": 0, "dvar": 0, "dmean": 0, "max": 0.213815793395, "var": 0, "mean": 0.213815793395}, "bpm_histogram_first_peak_weight": {"dmean2": 0, "median": 0.420103102922, "min": 0.420103102922, "dvar2": 0, "dvar": 0, "dmean": 0, "max": 0.420103102922, "var": 0, "mean": 0.420103102922}, "onset_rate": 4.25054979324, "beats_position": [0.406349211931, 0.824308395386, 1.24226760864, 1.67183673382, 2.08979582787, 2.50775504112, 2.91410422325, 3.32045340538, 3.72680258751, 4.14476203918, 4.57433080673, 5.00390005112, 5.4334692955, 5.86303853989, 6.29260778427, 6.6989569664, 7.11691617966, 7.52326536179, 7.91800451279, 8.32435321808, 8.73070240021, 9.17188167572, 9.61306095123, 10.0542402267, 10.4954195023, 10.9365987778, 11.354557991, 11.7841272354, 12.1904764175, 12.6084346771, 13.0263938904, 13.5372333527, 14.0480718613, 14.5705213547, 15.0117006302, 15.4412698746, 15.870839119, 16.3120174408, 16.7880268097, 17.2524261475, 17.7168254852, 18.1696147919, 18.6224040985, 19.0868015289, 19.5628108978, 20.0272102356, 20.4799995422, 20.9327888489, 21.3855781555, 21.8383674622, 22.2795467377, 22.6394557953, 22.9993648529, 23.3592739105, 23.707572937, 24.0790920258, 24.4390010834, 24.7989120483, 25.158821106, 25.5187301636, 25.8786392212, 26.2385482788, 26.5868473053, 26.9815864563, 27.3879356384, 27.7942848206, 28.1890239716, 28.5837631226, 28.9785022736, 29.3732414246, 29.7563705444, 30.1394996643, 30.5342407227, 30.9173698425, 31.3121089935, 31.7068481445, 32.1131973267, 32.5195465088, 32.9258956909, 33.332244873, 33.7385940552, 34.1565513611, 34.5629005432, 34.9692497253, 35.3755989075, 35.7819480896, 36.1882972717, 36.5946464539, 37.000995636, 37.4073448181, 37.8136940002, 38.2200431824, 38.6147842407, 39.0211334229, 39.427482605, 39.8338317871, 40.2401809692, 40.6465301514, 41.0528793335, 41.4592285156, 41.8655776978, 42.2719268799, 42.678276062, 43.0846252441, 43.4793624878, 43.8857116699, 44.2920608521, 44.6984100342, 45.1047592163, 45.5111083984, 45.929069519, 46.3238105774, 46.718547821, 47.1132888794, 47.4964179993, 47.8795471191, 48.262676239, 48.6458053589, 49.0289344788, 49.4120635986, 49.7951927185, 50.1667098999, 50.5498390198, 50.9329681396, 51.3160972595, 51.6876182556, 52.0707473755, 52.4538764954, 52.8486175537, 53.2433547974, 53.6380958557, 54.0444450378, 54.4391822815, 54.8455314636, 55.240272522, 55.6466217041, 56.029750824, 56.4012680054, 56.7843971252, 57.1675262451, 57.5390472412, 57.9221763611, 58.2936935425, 58.6536026001, 59.0251235962, 59.3966445923, 59.7681617737, 60.1396827698, 60.5111999512, 60.8827209473, 61.2542381287, 61.6257591248, 61.9972763062, 62.3571853638, 62.7287063599, 63.100227356, 63.4601364136, 63.831653595, 64.2031707764, 64.5746917725, 64.957824707, 65.3293380737, 65.7008590698, 66.0723800659, 66.4555053711, 66.8386383057, 67.2217712402, 67.6048965454, 67.98802948, 68.3711547852, 68.7542877197, 69.1374130249, 69.4973220825, 69.8688430786, 70.2403640747, 70.6002731323, 70.9601821899, 71.3316955566, 71.6916122437, 72.0515213013, 72.423034668, 72.7829437256, 73.1428527832, 73.5143737793, 73.8742828369, 74.2341918945, 74.6057128906, 74.9656219482, 75.3255310059, 75.697052002, 76.0569610596, 76.4168701172, 76.7883911133, 77.1483001709, 77.5082092285, 77.8797302246, 78.2396392822, 78.5995483398, 78.9594573975, 79.3193664551, 79.6908798218, 80.0507888794, 80.410697937, 80.7822189331, 81.1421279907, 81.5020370483, 81.8735580444, 82.2450790405, 82.6049880981, 82.9648971558, 83.3248062134, 83.684715271, 84.0562362671, 84.4277572632, 84.7876663208, 85.1475753784, 85.5190887451, 85.8789978027, 86.2389068604, 86.6104278564, 86.9703369141, 87.3302459717, 87.6901550293, 88.0500640869, 88.421585083, 88.7931060791, 89.1530151367, 89.5129241943, 89.8844451904, 90.244354248, 90.6042633057, 90.9641723633, 91.3240814209, 91.695602417, 92.0555114746, 92.4154205322, 92.7869338989, 93.1468429565, 93.5067520142, 93.8782730103, 94.2381820679, 94.5980911255, 94.9580001831, 95.3179092407, 95.6894302368, 96.0609512329, 96.4208602905, 96.7807693481, 97.1522903442, 97.5121994019, 97.8721084595, 98.2436294556, 98.6035385132, 98.9634475708, 99.3233566284, 99.683265686, 100.054779053, 100.426300049, 100.786209106, 101.146118164, 101.51763916, 101.877548218, 102.237457275, 102.608978271, 102.968887329, 103.328796387, 103.700317383, 104.06022644, 104.431747437, 104.803260803, 105.186393738, 105.569519043, 105.941040039, 106.312561035, 106.69568634, 107.067207336, 107.450340271, 107.821853638, 108.204986572, 108.576507568, 108.948028564, 109.319541931, 109.691062927, 110.062583923, 110.434104919, 110.794013977, 111.153923035, 111.525436401, 111.896957397, 112.268478394, 112.651611328, 113.034736633, 113.406257629, 113.777778625, 114.149291992, 114.520812988, 114.892333984, 115.27545929, 115.670204163, 116.041717529, 116.413238525, 116.773147583, 117.144668579, 117.504577637, 117.864486694, 118.23600769, 118.595916748, 118.955825806, 119.327346802, 119.698867798, 120.070381165, 120.453514099, 120.836639404, 121.219772339, 121.602897644, 121.986030579, 122.380767822, 122.763900757, 123.135414124, 123.50693512, 123.878456116, 124.249977112, 124.609886169, 124.969795227, 125.329704285, 125.689613342, 126.061134338, 126.432647705, 126.792556763, 127.15246582, 127.512374878, 127.872291565, 128.243804932, 128.603713989, 128.963623047, 129.335144043, 129.695053101, 130.054962158, 130.426483154, 130.786392212, 131.14630127, 131.517822266, 131.877731323, 132.237640381, 132.597549438, 132.957458496, 133.328979492, 133.700500488, 134.106842041, 134.513198853, 134.919540405, 135.337509155, 135.755462646, 136.173416138, 136.591384888, 136.962905884, 137.334411621, 137.717544556, 138.112289429, 138.53024292, 138.971420288, 139.342941284, 139.702850342, 140.062759399, 140.434280396, 140.782577515, 141.154098511, 141.514007568, 141.873916626, 142.233825684, 142.60534668, 142.965255737, 143.336776733, 143.696685791, 144.056594849, 144.428115845, 144.788024902, 145.14793396, 145.507843018, 145.867752075, 146.239273071, 146.610794067, 146.970703125, 147.330612183, 147.702133179, 148.050430298, 148.421951294, 148.79347229, 149.153381348, 149.513290405, 149.884811401, 150.244720459, 150.604629517, 150.976135254, 151.336044312, 151.695953369, 152.067474365, 152.415786743, 152.78729248, 153.147201538, 153.507110596, 153.878631592, 154.250152588, 154.610061646, 154.969970703, 155.329879761, 155.701400757, 156.061309814, 156.432830811, 156.792739868, 157.152648926, 157.512557983, 157.872467041, 158.243988037, 158.615509033, 158.963806152, 159.335327148, 159.695236206, 160.055145264, 160.42666626, 160.786575317, 161.146484375, 161.518005371, 161.877914429, 162.237823486, 162.609344482, 162.96925354, 163.329162598, 163.700683594, 164.060592651, 164.420501709, 164.792022705, 165.151931763, 165.51184082, 165.883346558, 166.243255615, 166.603164673, 166.974685669, 167.334594727, 167.694503784, 168.06602478, 168.425933838, 168.785842896, 169.157363892, 169.517272949, 169.877182007, 170.248703003, 170.608612061, 170.968521118, 171.340042114, 171.699951172, 172.059860229, 172.431381226, 172.791290283, 173.151199341, 173.511108398, 173.882629395, 174.242538452, 174.60244751, 174.962356567, 175.333877563, 175.693786621, 176.053695679, 176.425216675, 176.785125732, 177.14503479, 177.516555786, 177.876464844, 178.236373901, 178.607894897, 178.967803955, 179.327713013, 179.69921875, 180.059127808, 180.419036865, 180.790557861, 181.150466919, 181.510375977, 181.881896973, 182.24180603, 182.601715088, 182.973236084, 183.333145142, 183.693054199, 184.064575195, 184.424484253, 184.784393311, 185.155914307, 185.515823364, 185.875732422, 186.235641479, 186.595550537, 186.955459595, 187.326980591, 187.686889648, 188.058410645, 188.418319702, 188.77822876, 189.138137817, 189.509658813, 189.88117981, 190.241088867, 190.600997925, 190.960906982, 191.332427979, 191.703948975, 192.063858032, 192.42376709, 192.783676147, 193.143585205, 193.503494263, 193.86340332, 194.234924316, 194.606430054, 194.966339111, 195.326248169, 195.674560547, 196.022857666, 196.394378662, 196.777496338, 197.149017334, 197.508926392, 197.880447388, 198.240356445, 198.600265503, 198.971786499, 199.331695557, 199.691604614, 200.06312561, 200.423034668, 200.782943726, 201.154464722, 201.525985718, 201.885894775, 202.245803833, 202.605712891, 202.965621948, 203.337142944, 203.697052002, 204.05696106, 204.428482056, 204.788391113, 205.148300171, 205.519821167, 205.879730225, 206.239639282, 206.611160278, 206.971069336, 207.330978394, 207.702484131, 208.062393188, 208.422302246, 208.793823242, 209.142120361, 209.513641357, 209.885162354, 210.245071411, 210.604980469, 210.976501465, 211.324798584, 211.69631958, 212.056228638, 212.427749634, 212.787658691, 213.159179688, 213.519088745, 213.878997803, 214.23890686, 214.598815918, 214.970336914, 215.34185791, 215.690155029, 216.061676025, 216.433197021, 216.793106079, 217.153015137, 217.524536133, 217.88444519, 218.244354248, 218.604263306, 218.964172363, 219.335693359, 219.707214355, 220.055511475, 220.427032471, 220.786941528, 221.146850586, 221.518356323, 221.889877319, 222.249786377, 222.609695435, 222.969604492, 223.32951355, 223.701034546, 224.072555542, 224.4324646, 224.792373657, 225.152282715, 225.512191772, 225.883712769, 226.243621826, 226.603530884, 226.97505188, 227.323348999, 227.694869995, 228.066390991, 228.426300049, 228.786209106, 229.157730103, 229.529251099, 229.889160156, 230.249069214, 230.608978271, 230.968887329, 231.340408325, 231.711929321, 232.071838379, 232.431747437, 232.791656494, 233.151565552, 233.523086548, 233.882995605, 234.242904663, 234.6144104, 234.974319458, 235.334228516, 235.705749512, 236.065658569, 236.425567627, 236.785476685, 237.145385742, 237.516906738, 237.888427734, 238.248336792, 238.60824585, 238.979766846, 239.339675903, 239.699584961, 240.071105957, 240.431015015, 240.790924072, 241.162445068, 241.522354126, 241.882263184, 242.242172241, 242.602081299, 242.973602295, 243.345123291, 243.705032349, 244.064941406, 244.424850464, 244.784759521, 245.156280518, 245.516189575, 245.876098633, 246.247619629, 246.607528687, 246.967437744, 247.33895874, 247.698867798, 248.058776855, 248.430297852, 248.790206909, 249.150115967, 249.521621704, 249.8931427, 250.253051758, 250.612960815, 250.984481812, 251.344390869, 251.704299927, 252.075820923, 252.43572998, 252.795639038, 253.167160034, 253.515457153, 253.886978149, 254.246887207, 254.606796265, 254.978317261, 255.349838257, 255.709747314, 256.069641113, 256.42956543, 256.801086426, 257.160980225, 257.532501221, 257.88079834, 258.252319336, 258.612243652, 258.972137451, 259.343658447, 259.715179443, 260.063476563, 260.434997559, 260.806518555, 261.166442871, 261.52633667, 261.886260986, 262.246154785, 262.617675781, 262.977600098, 263.337493896, 263.709014893, 264.068939209, 264.428833008, 264.800354004, 265.16027832, 265.520172119, 265.891693115, 266.251617432, 266.61151123, 266.983032227, 267.342956543, 267.702850342, 268.074371338, 268.434295654, 268.794189453, 269.165710449, 269.514007568, 269.885528564, 270.245422363, 270.616943359, 270.976867676, 271.348388672, 271.708282471, 272.068206787, 272.439727783, 272.799621582, 273.159545898, 273.519439697, 273.879364014, 274.239257813, 274.599182129, 274.970703125, 275.342224121, 275.713745117, 276.085266113, 276.468383789, 276.851501465, 277.234649658, 277.617767334, 278.000915527, 278.384033203, 278.767150879, 279.150299072, 279.533416748, 279.916534424, 280.299682617, 280.682800293, 281.065948486, 281.437469482, 281.820587158, 282.203704834, 282.586853027, 282.958374023, 283.32989502, 283.701385498, 284.072906494, 284.44442749, 284.815948486, 285.19909668, 285.582214355, 285.965332031, 286.348480225, 286.7315979, 287.07989502, 287.416595459, 287.764892578, 288.101593018, 288.496307373, 288.891052246, 289.285797119, 289.680541992, 290.075286865, 290.470031738, 290.864746094], "beats_loudness": {"dmean2": 0.0247688777745, "median": 0.0655958130956, "min": 6.18610215497e-07, "dvar2": 0.000799291301519, "dvar": 0.000314445293043, "dmean": 0.0137029038742, "max": 0.169159919024, "var": 0.00282139796764, "mean": 0.0625833198428}, "danceability": 1.14181935787, "bpm_histogram_second_peak_weight": {"dmean2": 0, "median": 0.307989686728, "min": 0.307989686728, "dvar2": 0, "dvar": 0, "dmean": 0, "max": 0.307989686728, "var": 0, "mean": 0.307989686728}, "beats_count": 777, "bpm_histogram_second_peak_bpm": {"dmean2": 0, "median": 161, "min": 161, "dvar2": 0, "dvar": 0, "dmean": 0, "max": 161, "var": 0, "mean": 161}, "bpm_histogram_first_peak_spread": {"dmean2": 0, "median": 0, "min": 0, "dvar2": 0, "dvar": 0, "dmean": 0, "max": 0, "var": 0, "mean": 0}, "beats_loudness_band_ratio": {"dmean2": [0.18398219347, 0.156322851777, 0.136035576463, 0.198137640953, 0.0723443776369, 0.0880191549659], "median": [0.704178631306, 0.0775503367186, 0.0462989062071, 0.0645122006536, 0.0352557562292, 0.0336724966764], "min": [1.27870816868e-05, 0.000526815128978, 0.00285208993591, 0.00210345233791, 0.000207909557503, 0.000140411924804], "dvar2": [0.0413547791541, 0.0405327379704, 0.0366155467927, 0.0605440884829, 0.0111456029117, 0.0362996608019], "dvar": [0.0162999555469, 0.0141751915216, 0.0127432737499, 0.0200434122235, 0.00391898909584, 0.0138680664822], "dmean": [0.103320643306, 0.0857405290008, 0.0765811875463, 0.109860755503, 0.0412772744894, 0.048875965178], "max": [0.967206895351, 0.802605807781, 0.836454868317, 0.944472849369, 0.465612262487, 0.978048503399], "var": [0.122540898621, 0.0209589358419, 0.0277850478888, 0.0419278666377, 0.00486495299265, 0.0150307146832], "mean": [0.514947652817, 0.121753409505, 0.119059257209, 0.163159370422, 0.0548285022378, 0.0632856637239]}}, "lowlevel": {"barkbands_spread": {"dmean2": 8.37164020538, "median": 18.1420326233, "min": 0.535689890385, "dvar2": 95.3436584473, "dvar": 45.2067642212, "dmean": 5.5706372261, "max": 100.542198181, "var": 209.763244629, "mean": 21.6746711731}, "melbands_spread": {"dmean2": 10.0982666016, "median": 16.8378677368, "min": 0.640350937843, "dvar2": 259.494812012, "dvar": 125.147544861, "dmean": 6.7820982933, "max": 265.174499512, "var": 423.250518799, "mean": 21.6704788208}, "hfc": {"dmean2": 14.3166799545, "median": 16.4851322174, "min": 1.15271152075e-16, "dvar2": 774.501342773, "dvar": 342.619049072, "dmean": 9.42241764069, "max": 527.94708252, "var": 712.089294434, "mean": 22.6820278168}, "barkbands_kurtosis": {"dmean2": 6.45930480957, "median": 3.15337157249, "min": -1.93039155006, "dvar2": 143.431686401, "dvar": 69.2601394653, "dmean": 4.43188047409, "max": 232.345230103, "var": 245.201049805, "mean": 8.97194290161}, "gfcc": {"mean": [-21.7480888367, 57.2398223877, -105.309738159, 20.6454277039, -64.0773468018, 21.7784404755, -37.261138916, 10.8045778275, -29.6307411194, -0.923479616642, -22.9846839905, 5.92360877991, -11.2810297012], "icov": [[0.000146634774865, -3.40643782692e-05, 0.000171177220182, -0.000445072160801, -1.58867733262e-05, -0.000277693005046, 0.000224603107199, -0.000269184005447, 0.000109884596895, -0.00028428825317, 0.000405076338211, -0.00024174185819, 0.00010674627265], [-3.40643782692e-05, 0.0027138502337, -0.00191525532864, 0.00122440850828, -0.00176902709063, 0.00217648758553, -0.00228155846708, 0.00301662879065, -0.00286912801675, 0.00367628503591, -0.00350544112734, 0.0031588638667, -0.000800774199888], [0.000171177220182, -0.00191525532864, 0.003094246611, -0.00242162728682, 0.00144324370194, -0.00230825180188, 0.00182019348722, -0.00182036007755, 0.00161352090072, -0.00340504292399, 0.00305095058866, -0.00353132979944, 0.00104171351995], [-0.000445072160801, 0.00122440850828, -0.00242162728682, 0.0058928700164, -0.00378350634128, 0.00138921861071, -0.00161377468612, 0.00098126847297, 0.000316798890708, 0.00136292167008, -0.00146360159852, 0.00287446705624, -0.00213424977846], [-1.58867733262e-05, -0.00176902709063, 0.00144324370194, -0.00378350634128, 0.00806425418705, -0.00382220093161, 0.00157114968169, -0.00122179603204, -0.00249302200973, 0.00034828580101, 0.00092314108042, -0.0025079769548, 0.000619837082922], [-0.000277693005046, 0.00217648758553, -0.00230825180188, 0.00138921861071, -0.00382220093161, 0.0124858934432, -0.00722962897271, 0.0015042705927, -0.000787419616245, 0.000565228925552, 0.000684954866301, 0.00161417119671, -0.000906756671611], [0.000224603107199, -0.00228155846708, 0.00182019348722, -0.00161377468612, 0.00157114968169, -0.00722962897271, 0.0127102537081, -0.00668483320624, 0.00117439066526, 9.46964210016e-05, -0.000765985343605, -0.00163880933542, 0.000105811152025], [-0.000269184005447, 0.00301662879065, -0.00182036007755, 0.00098126847297, -0.00122179603204, 0.0015042705927, -0.00668483320624, 0.0173801034689, -0.0075244535692, 0.00230123638175, -0.00244407798164, 0.00122123316396, -0.00170018943027], [0.000109884596895, -0.00286912801675, 0.00161352090072, 0.000316798890708, -0.00249302200973, -0.000787419616245, 0.00117439066526, -0.0075244535692, 0.0194459930062, -0.0128410542384, 0.00425396254286, -0.00168103864416, 2.16660228034e-05], [-0.00028428825317, 0.00367628503591, -0.00340504292399, 0.00136292167008, 0.00034828580101, 0.000565228925552, 9.46964210016e-05, 0.00230123638175, -0.0128410542384, 0.0215487834066, -0.0139891384169, 0.0056740953587, -0.00128227123059], [0.000405076338211, -0.00350544112734, 0.00305095058866, -0.00146360159852, 0.00092314108042, 0.000684954866301, -0.000765985343605, -0.00244407798164, 0.00425396254286, -0.0139891384169, 0.0214648619294, -0.0111399274319, 0.00179600191768], [-0.00024174185819, 0.0031588638667, -0.00353132979944, 0.00287446705624, -0.0025079769548, 0.00161417119671, -0.00163880933542, 0.00122123316396, -0.00168103864416, 0.0056740953587, -0.0111399274319, 0.019475588575, -0.00745686283335], [0.00010674627265, -0.000800774199888, 0.00104171351995, -0.00213424977846, 0.000619837082922, -0.000906756671611, 0.000105811152025, -0.00170018943027, 2.16660228034e-05, -0.00128227123059, 0.00179600191768, -0.00745686283335, 0.0154337473214]], "cov": [[18162.9628906, -622.877929688, 1798.99865723, 2983.22558594, 1861.43981934, 1380.17028809, 652.766296387, 832.916564941, 516.980102539, 387.148773193, -230.099121094, 306.399627686, 433.03137207], [-622.877929688, 1268.95703125, 506.300354004, 120.808654785, 228.311035156, -6.78773880005, 114.87147522, -52.0761108398, 121.483329773, -3.38089156151, 106.699317932, -18.5272083282, 14.76861763], [1798.99865723, 506.300354004, 1335.68664551, 755.60559082, 468.510467529, 344.109130859, 206.122940063, 193.64704895, 204.244888306, 192.161697388, 63.8670501709, 157.260650635, 133.709442139], [2983.22558594, 120.808654785, 755.60559082, 954.511352539, 564.811218262, 355.701629639, 215.920837402, 201.789306641, 156.056533813, 109.130653381, -6.58112430573, 94.1025161743, 140.671844482], [1861.43981934, 228.311035156, 468.510467529, 564.811218262, 543.17791748, 280.931671143, 184.628555298, 160.249450684, 169.460327148, 93.3377609253, 27.7308769226, 81.4671936035, 100.182388306], [1380.17028809, -6.78773880005, 344.109130859, 355.701629639, 280.931671143, 311.901641846, 183.461166382, 138.686737061, 100.257156372, 71.4131393433, 0.917422473431, 61.299118042, 72.4288330078], [652.766296387, 114.87147522, 206.122940063, 215.920837402, 184.628555298, 183.461166382, 234.019622803, 126.90234375, 91.9916687012, 57.8004112244, 43.1908111572, 53.5410842896, 58.64585495], [832.916564941, -52.0761108398, 193.64704895, 201.789306641, 160.249450684, 138.686737061, 126.90234375, 181.427520752, 115.873886108, 95.1477737427, 41.9830474854, 61.7922515869, 59.9116706848], [516.980102539, 121.483329773, 204.244888306, 156.056533813, 169.460327148, 100.257156372, 91.9916687012, 115.873886108, 196.593383789, 147.009216309, 77.4825286865, 52.2724151611, 49.9175338745], [387.148773193, -3.38089156151, 192.161697388, 109.130653381, 93.3377609253, 71.4131393433, 57.8004112244, 95.1477737427, 147.009216309, 210.925598145, 116.783889771, 64.1767196655, 44.535243988], [-230.099121094, 106.699317932, 63.8670501709, -6.58112430573, 27.7308769226, 0.917422473431, 43.1908111572, 41.9830474854, 77.4825286865, 116.783889771, 159.99798584, 73.1207046509, 31.4793243408], [306.399627686, -18.5272083282, 157.260650635, 94.1025161743, 81.4671936035, 61.299118042, 53.5410842896, 61.7922515869, 52.2724151611, 64.1767196655, 73.1207046509, 131.957595825, 66.5929718018], [433.03137207, 14.76861763, 133.709442139, 140.671844482, 100.182388306, 72.4288330078, 58.64585495, 59.9116706848, 49.9175338745, 44.535243988, 31.4793243408, 66.5929718018, 111.563354492]]}, "spectral_energyband_middle_low": {"dmean2": 0.0101844025776, "median": 0.00436604069546, "min": 2.21009063499e-22, "dvar2": 0.000499997171573, "dvar": 0.000182293006219, "dmean": 0.00594547064975, "max": 0.13484852016, "var": 0.00017555138038, "mean": 0.00843898952007}, "melbands_crest": {"dmean2": 5.0083823204, "median": 16.7619972229, "min": 2.11831784248, "dvar2": 19.8285560608, "dvar": 9.49138450623, "dmean": 3.43204879761, "max": 33.4563064575, "var": 51.7151908875, "mean": 17.9170894623}, "spectral_kurtosis": {"dmean2": 1.38451266289, "median": 2.51425409317, "min": -1.42912101746, "dvar2": 3.90452408791, "dvar": 1.57345569134, "dmean": 0.861463308334, "max": 31.1397514343, "var": 8.90811061859, "mean": 3.4764084816}, "spectral_rms": {"dmean2": 0.00128206086811, "median": 0.00473458785564, "min": 3.18530813705e-12, "dvar2": 2.71303611044e-06, "dvar": 1.46196316564e-06, "dmean": 0.000851422082633, "max": 0.014087012969, "var": 1.33660432766e-05, "mean": 0.00523335812613}, "zerocrossingrate": {"dmean2": 0.0139905884862, "median": 0.05908203125, "min": 0.00341796875, "dvar2": 0.000273114215815, "dvar": 0.000241830013692, "dmean": 0.0121359657496, "max": 0.509765625, "var": 0.00220817420632, "mean": 0.0676033422351}, "silence_rate_60dB": {"dmean2": 0.0576800517738, "median": 0, "min": 0, "dvar2": 0.0618465468287, "dvar": 0.0280092023313, "dmean": 0.0288377273828, "max": 1, "var": 0.180149763823, "mean": 0.235781431198}, "erbbands_kurtosis": {"dmean2": 1.82463407516, "median": 0.173316165805, "min": -1.7849394083, "dvar2": 14.6396875381, "dvar": 6.37745285034, "dmean": 1.16222858429, "max": 123.493232727, "var": 27.1608448029, "mean": 1.40093111992}, "erbbands": {"dmean2": [0.415806561708, 3.01414251328, 5.84969949722, 10.2882852554, 14.6578979492, 10.5756835938, 13.3569536209, 10.8167695999, 15.6166505814, 19.0072593689, 14.0291910172, 18.5199260712, 34.4547042847, 44.0380020142, 47.2126960754, 12.9328975677, 13.8918657303, 17.2137813568, 28.2124118805, 43.341129303, 21.5786800385, 16.3835258484, 13.5940074921, 11.3724603653, 11.708899498, 12.2462053299, 8.79165077209, 8.73441696167, 6.94383621216, 6.83536291122, 5.95741891861, 4.56070518494, 2.97859215736, 2.02381300926, 1.16801047325, 0.530647456646, 0.201395690441, 0.0429700613022, 0.00107116857544, 4.40922267444e-05], "median": [0.0371791347861, 0.586725831032, 1.29474925995, 1.67338061333, 2.72753238678, 3.32731819153, 2.69627761841, 2.80230426788, 2.76351976395, 3.54786252975, 3.75400018692, 4.82561969757, 7.9786529541, 14.5759887695, 17.1714286804, 5.37018585205, 4.01735496521, 5.24122810364, 5.56565093994, 9.54499149323, 6.28167152405, 5.04230213165, 5.13823795319, 5.32887077332, 4.70346260071, 5.82989120483, 4.25496864319, 3.97439336777, 3.98485279083, 4.2347984314, 3.35368776321, 2.5389957428, 1.67778348923, 0.979164659977, 0.490745007992, 0.190786346793, 0.0681248307228, 0.0132328122854, 0.000345377571648, 4.58879731013e-05], "min": [5.38926243459e-22, 3.41997016466e-21, 4.80283560699e-21, 1.58832264698e-20, 9.15578884301e-20, 5.70686121767e-20, 1.02202403982e-19, 3.32114618602e-19, 2.24132290091e-19, 5.6710763504e-19, 9.86833088221e-19, 1.11697961785e-18, 8.23027855685e-19, 6.77109628415e-19, 8.20719349692e-19, 2.6653914142e-18, 3.40978841143e-18, 7.96996792001e-18, 6.82662274732e-18, 7.00579379031e-18, 8.6743891394e-18, 8.5667729417e-18, 1.12818940407e-17, 1.06367659548e-17, 1.06823882743e-17, 1.25619179884e-17, 1.39173650914e-17, 1.95949640711e-17, 1.5919646754e-17, 1.79433226159e-17, 1.54941003791e-17, 1.30276016481e-17, 1.28242293683e-17, 9.60962352819e-18, 8.21103482029e-18, 5.92257720352e-18, 2.90118234973e-18, 1.2950343806e-18, 2.76893281679e-19, 3.18887464233e-20], "dvar2": [0.524510443211, 29.3109436035, 172.446121216, 702.075378418, 1270.96777344, 484.564208984, 1039.48730469, 425.718688965, 1260.82543945, 2103.35302734, 957.111694336, 3465.46240234, 10371.2099609, 10915.3701172, 10123.203125, 1522.73901367, 2513.70751953, 2251.66674805, 7428.28955078, 11283.4238281, 3383.72875977, 2121.78222656, 1791.25317383, 500.512664795, 614.096191406, 553.664245605, 338.155700684, 299.716339111, 164.925033569, 182.959350586, 125.669952393, 88.6375274658, 55.1283378601, 46.0144195557, 15.9477710724, 6.44206237793, 0.769710361958, 0.014178766869, 8.16055307951e-06, 9.10682018684e-09], "dvar": [0.377953350544, 14.5220851898, 63.4633598328, 242.586914063, 430.729858398, 180.240814209, 382.167053223, 173.367965698, 519.570373535, 792.151306152, 360.083740234, 1344.37646484, 3930.96289063, 4201.84814453, 4170.33056641, 628.14263916, 917.842041016, 796.309020996, 2787.26904297, 4056.50195313, 1289.8996582, 843.61114502, 678.423400879, 194.808792114, 244.252563477, 227.441055298, 133.786361694, 118.530807495, 67.9163665771, 75.6076965332, 51.1617851257, 35.1744613647, 22.034318924, 24.3146762848, 9.27332210541, 3.02150726318, 0.338283836842, 0.00641015684232, 3.57551471097e-06, 4.24377466501e-09], "dmean": [0.321867883205, 1.98605179787, 3.34640932083, 5.69250106812, 8.09403038025, 6.24806499481, 7.88553476334, 6.58824968338, 9.57637691498, 11.026350975, 8.14767742157, 11.2856712341, 20.7028961182, 26.7215137482, 29.4628505707, 7.94956445694, 8.30372428894, 10.2242450714, 16.7928237915, 25.4767837524, 12.9097242355, 10.0513648987, 8.26862430573, 6.93692874908, 7.14587068558, 7.56757307053, 5.41045570374, 5.35127305984, 4.34248685837, 4.27042627335, 3.67785835266, 2.84603691101, 1.87797391415, 1.30938327312, 0.77399623394, 0.340173363686, 0.126695677638, 0.0264291279018, 0.000661471567582, 2.82978762698e-05], "max": [6.28782272339, 35.5130462646, 91.8454666138, 192.751480103, 241.316650391, 168.160324097, 347.150543213, 235.809692383, 446.217498779, 378.694702148, 330.782562256, 1005.38842773, 2420.29248047, 1861.265625, 1403.08691406, 917.464050293, 1227.67211914, 483.714324951, 1036.40002441, 1074.51623535, 866.452636719, 526.175354004, 554.594604492, 291.786010742, 337.357513428, 267.132080078, 327.713653564, 215.068740845, 209.887741089, 291.510955811, 160.915298462, 103.062568665, 182.65814209, 301.957977295, 194.868972778, 94.9269638062, 36.1861572266, 3.72533941269, 0.082135617733, 0.00248046009801], "var": [2.14188790321, 44.0753555298, 56.723400116, 168.88180542, 315.786132813, 199.770706177, 383.361633301, 273.707275391, 691.958435059, 682.305908203, 351.767120361, 2285.12548828, 5750.68408203, 7548.25048828, 7201.953125, 964.450866699, 1432.63378906, 1048.25976563, 3381.59545898, 5582.41210938, 1570.39367676, 1007.18884277, 724.438354492, 369.075805664, 412.886535645, 425.728881836, 207.172393799, 198.100769043, 136.821136475, 149.024414063, 96.4766769409, 56.6768569946, 37.0808525085, 39.1880760193, 14.9932365417, 3.74627900124, 0.358396619558, 0.0080750240013, 4.53623488283e-06, 8.99244412267e-09], "mean": [0.887453377247, 4.40740442276, 4.00755500793, 5.63448476791, 8.52881908417, 8.09131145477, 9.04769706726, 8.67727565765, 11.3858308792, 11.7720470428, 9.65747928619, 17.5489025116, 30.2055091858, 41.2356452942, 45.5652770996, 12.3573379517, 12.0184431076, 14.9047746658, 23.0956821442, 36.7176132202, 18.9019908905, 15.3762636185, 13.2605752945, 11.9689407349, 11.5851945877, 13.1881446838, 9.19802474976, 9.23351478577, 8.10828876495, 8.42491149902, 6.98564243317, 5.23359823227, 3.53592395782, 2.27358365059, 1.2348177433, 0.538962721825, 0.193587005138, 0.0395962484181, 0.000986341154203, 7.61384799262e-05]}, "spectral_strongpeak": {"dmean2": 0.573900699615, "median": 0.552611351013, "min": 0, "dvar2": 1.22094583511, "dvar": 0.470851719379, "dmean": 0.348188847303, "max": 23.1120624542, "var": 0.83675044775, "mean": 0.773113429546}, "spectral_energy": {"dmean2": 0.0189758613706, "median": 0.0229767300189, "min": 1.03998421502e-20, "dvar2": 0.000797125103418, "dvar": 0.000397715135477, "dmean": 0.0123211164027, "max": 0.203405022621, "var": 0.00202991906554, "mean": 0.0417728573084}, "average_loudness": 0.761891186237, "spectral_rolloff": {"dmean2": 767.753051758, "median": 1012.06054688, "min": 64.599609375, "dvar2": 1639755.875, "dvar": 772924.625, "dmean": 478.963226318, "max": 18863.0859375, "var": 2922985, "mean": 1441.86279297}, "spectral_centroid": {"dmean2": 379.410858154, "median": 1349.39916992, "min": 226.428100586, "dvar2": 182490.296875, "dvar": 92675.3359375, "dmean": 250.100341797, "max": 10818.4130859, "var": 496700.15625, "mean":