{"tonal": {"thpcp": [1, 0.922778308392, 0.356982707977, 0.110023595393, 0.07714728266, 0.247654795647, 0.564659535885, 0.480023920536, 0.168715044856, 0.0952087789774, 0.0915421694517, 0.0965176001191, 0.18055036664, 0.198979228735, 0.160301983356, 0.350145727396, 0.49340057373, 0.32005611062, 0.169666483998, 0.191650077701, 0.343534618616, 0.710021853447, 0.777486503124, 0.382150113583, 0.15630492568, 0.131049916148, 0.137450307608, 0.239055380225, 0.304064005613, 0.34313544631, 0.479585379362, 0.463652402163, 0.288517892361, 0.222322866321, 0.263463675976, 0.508948147297], "hpcp": {"dmean2": [0.139159932733, 0.170105651021, 0.239931508899, 0.240915060043, 0.260085314512, 0.198548644781, 0.122371323407, 0.0967746526003, 0.112682670355, 0.155493050814, 0.191260904074, 0.253897190094, 0.21572637558, 0.259341984987, 0.217742532492, 0.157580122352, 0.189718768001, 0.282998859882, 0.270200669765, 0.291854321957, 0.200151056051, 0.0973690971732, 0.0643523856997, 0.130357772112, 0.221403390169, 0.161363407969, 0.0749728083611, 0.0533597543836, 0.049430899322, 0.0536480285227, 0.0783390253782, 0.0922169610858, 0.0941907837987, 0.136037692428, 0.144865721464, 0.15862673521], "median": [0.0105307875201, 0.00782460812479, 0.0172666683793, 0.0674004629254, 0.0816338136792, 0.0350927039981, 0.00523779215291, 0.0032939997036, 0.00544081907719, 0.0142942117527, 0.0205359496176, 0.0182835850865, 0.0140972062945, 0.0125020332634, 0.0136789316311, 0.013328702189, 0.0164677668363, 0.0346025563776, 0.108341135085, 0.100315973163, 0.0279595777392, 0.00477240746841, 0.00384391192347, 0.0151742668822, 0.044563382864, 0.0432197526097, 0.0156405996531, 0.00497544696555, 0.00433645257726, 0.00627792160958, 0.0127055775374, 0.0140052847564, 0.0174067653716, 0.0362024977803, 0.0379746779799, 0.0205611288548], "min": [0, 0, 0, 0, 0, 0, 0, 0, 0, 0, 0, 0, 0, 0, 0, 0, 0, 0, 0, 0, 0, 0, 0, 0, 0, 0, 0, 0, 0, 0, 0, 0, 0, 0, 0, 0], "dvar2": [0.0936738178134, 0.130721792579, 0.190566986799, 0.11626354605, 0.139895662665, 0.114388875663, 0.0892503112555, 0.0715118348598, 0.0850575864315, 0.108873531222, 0.131094634533, 0.196768268943, 0.130067065358, 0.186889693141, 0.156984120607, 0.0938391536474, 0.115254066885, 0.160537034273, 0.124385923147, 0.153452515602, 0.106608167291, 0.0639593079686, 0.0375685989857, 0.0499325022101, 0.116613954306, 0.0549976974726, 0.0263143517077, 0.0233298111707, 0.0213823765516, 0.022687818855, 0.034979917109, 0.0436298958957, 0.042423311621, 0.0570352114737, 0.0694770589471, 0.0882672742009], "dvar": [0.0323791541159, 0.0446227788925, 0.0654082149267, 0.0512492619455, 0.0531319454312, 0.041003305465, 0.0320578925312, 0.0264035854489, 0.0300816129893, 0.0384412407875, 0.0456800684333, 0.0640010535717, 0.0546765513718, 0.0680301934481, 0.0542410798371, 0.033859282732, 0.0420121923089, 0.0571599416435, 0.0538952685893, 0.0568090938032, 0.0366155654192, 0.0219204612076, 0.012905231677, 0.0215005837381, 0.0580968931317, 0.0249929018319, 0.00961838103831, 0.0089203203097, 0.0084425220266, 0.00846945308149, 0.0136159360409, 0.0166617352515, 0.014733706601, 0.021120460704, 0.0270423330367, 0.0309438221157], "dmean": [0.0747487470508, 0.0907118916512, 0.130741268396, 0.143232241273, 0.151226952672, 0.111858017743, 0.0663029924035, 0.0523259267211, 0.0604607872665, 0.084230452776, 0.104359559715, 0.138286828995, 0.123819515109, 0.143423378468, 0.116589061916, 0.0863789543509, 0.103704750538, 0.159732460976, 0.160407736897, 0.168419882655, 0.111883439124, 0.0515099354088, 0.0344327576458, 0.0731334015727, 0.127919003367, 0.0947646424174, 0.0437482893467, 0.0307141840458, 0.0286464039236, 0.0308969859034, 0.0457800477743, 0.0532592535019, 0.0528274588287, 0.0788014307618, 0.084414228797, 0.0888378992677], "max": [1, 1, 1, 1, 1, 1, 1, 1, 1, 1, 1, 1, 1, 1, 1, 1, 1, 1, 1, 1, 1, 1, 1, 1, 1, 1, 1, 1, 1, 1, 1, 1, 1, 1, 1, 1], "var": [0.0206183791161, 0.0282776709646, 0.0548611395061, 0.0922167152166, 0.103659257293, 0.0382969863713, 0.0233971010894, 0.0215727202594, 0.0193002447486, 0.0319372154772, 0.041510540992, 0.0488307736814, 0.0841153860092, 0.0794236436486, 0.0414832793176, 0.0253843702376, 0.031554248184, 0.0627883300185, 0.136743247509, 0.125038564205, 0.0354559570551, 0.0127351935953, 0.00764205586165, 0.0233154762536, 0.0844260156155, 0.0539395287633, 0.0111967111006, 0.00916737597436, 0.00941688288003, 0.00811360031366, 0.0200238320976, 0.0216088276356, 0.0117782000452, 0.0358378402889, 0.075060673058, 0.036644693464], "mean": [0.053190946579, 0.0600828677416, 0.107699126005, 0.222593963146, 0.243744328618, 0.119805194438, 0.049002058804, 0.0410845354199, 0.0430910810828, 0.0749445706606, 0.0953249707818, 0.107573978603, 0.150351434946, 0.145356401801, 0.0904512107372, 0.0696988776326, 0.0825966447592, 0.159556761384, 0.313502967358, 0.289293736219, 0.111915133893, 0.0344927236438, 0.0241859015077, 0.0776405110955, 0.177022442222, 0.15048892796, 0.0528926663101, 0.029848234728, 0.0286987423897, 0.0302585549653, 0.0566030777991, 0.0623805783689, 0.0502551496029, 0.109771721065, 0.154682546854, 0.100338540971]}, "tuning_equal_tempered_deviation": 0.237425506115, "chords_changes_rate": 0.0513692498207, "key_key": "D#", "tuning_diatonic_strength": 0.624547660351, "key_scale": "major", "chords_number_rate": 0.00161088234745, "tuning_frequency": 434.193115234, "tuning_nontempered_energy_ratio": 0.938807785511, "chords_histogram": [17.3617324829, 0.125290855765, 13.0839452744, 0.214784324169, 0.554859519005, 0, 0.0536960810423, 0, 0, 0, 0, 0, 0, 0, 0, 2.52371573448, 0.196885630488, 13.5672092438, 0, 13.1018438339, 3.65133357048, 2.43422222137, 22.0511894226, 11.0792913437], "key_strength": 0.721355617046, "chords_key": "G#", "chords_strength": {"dmean2": 0.00902438163757, "median": 0.508204102516, "min": 0.27928814292, "dvar2": 7.06355276634e-05, "dvar": 5.80284577154e-05, "dmean": 0.00861943792552, "max": 0.764634907246, "var": 0.00781158776954, "mean": 0.506791949272}, "chords_scale": "major", "hpcp_entropy": {"dmean2": 1.05239737034, "median": 1.96016442776, "min": 0, "dvar2": 0.711975932121, "dvar": 0.26826390624, "dmean": 0.6188621521, "max": 4.47679424286, "var": 0.518417835236, "mean": 1.93663132191}}, "metadata": {"audio_properties": {"equal_loudness": 0, "codec": "mp3", "downmix": "mix", "sample_rate": 24000, "analysis_sample_rate": 44100, "bit_rate": 62435, "md5_encoded": "ccf71ff1e0510c6fc2e6bb2c70d94274", "length": 259.391998291, "replay_gain": -10.398525238, "lossless": false}, "version": {"essentia_build_sha": "70f2e5ece6736b2c40cc944ad0e695b16b925413", "essentia": "2.1-beta2", "extractor": "music 1.0", "essentia_git_sha": "v2.1_beta2"}, "tags": {"musicbrainz_recordingid": ["05de9ec3-929f-4047-acf3-da69ee4efbd1"], "file_name": "1814457.mp3"}}, "rhythm": {"bpm_histogram_first_peak_bpm": {"dmean2": 0, "median": 140, "min": 140, "dvar2": 0, "dvar": 0, "dmean": 0, "max": 140, "var": 0, "mean": 140}, "bpm": 140.165206909, "bpm_histogram_second_peak_spread": {"dmean2": 0, "median": 0.250000059605, "min": 0.250000059605, "dvar2": 0, "dvar": 0, "dmean": 0, "max": 0.250000059605, "var": 0, "mean": 0.250000059605}, "bpm_histogram_first_peak_weight": {"dmean2": 0, "median": 0.522184312344, "min": 0.522184312344, "dvar2": 0, "dvar": 0, "dmean": 0, "max": 0.522184312344, "var": 0, "mean": 0.522184312344}, "onset_rate": 3.49249601364, "beats_position": [0.615328788757, 1.24226760864, 1.88081634045, 2.51936507225, 3.20435357094, 3.87773227692, 4.55111122131, 5.22448968887, 5.89786815643, 6.57124710083, 7.24462556839, 7.77868461609, 8.31274318695, 8.84680271149, 9.27637195587, 9.70594120026, 10.1355104446, 10.5186395645, 10.9017686844, 11.2848978043, 11.6680269241, 12.0395460129, 12.3994560242, 12.7593650818, 13.1192741394, 13.479183197, 13.8507022858, 14.2338323593, 14.6053514481, 14.9768705368, 15.3483896255, 15.7199087143, 16.0914287567, 16.5209980011, 16.9505672455, 17.3685264587, 17.7980957031, 18.2276649475, 18.6572322845, 19.0868015289, 19.5163707733, 19.9459400177, 20.3755092621, 20.7934684753, 21.153377533, 21.5132884979, 21.8848075867, 22.2563266754, 22.6278457642, 22.9877548218, 23.3592739105, 23.7307929993, 24.102312088, 24.4622211456, 24.8337402344, 25.1936511993, 25.5651702881, 25.9250793457, 26.2849884033, 26.6448974609, 27.0628566742, 27.4692058563, 27.8871650696, 28.2935142517, 28.6998634338, 29.106212616, 29.5125617981, 29.9653511047, 30.4181404114, 30.870929718, 31.3353290558, 31.7881164551, 32.2409057617, 32.6936950684, 33.1580963135, 33.6224937439, 34.0868911743, 34.5164604187, 34.9576416016, 35.3872108459, 35.8167800903, 36.2347373962, 36.6643066406, 37.1054878235, 37.5466651917, 37.976234436, 38.4058036804, 38.8121528625, 39.2185020447, 39.6248512268, 40.0428123474, 40.4607696533, 40.8787307739, 41.2966880798, 41.7262573242, 42.1558265686, 42.585395813, 43.0149650574, 43.432926178, 43.8508834839, 44.2804527283, 44.6984100342, 45.139591217, 45.5575485229, 45.9987297058, 46.4166870117, 46.8462562561, 47.2758255005, 47.6937866211, 48.1349639893, 48.5645332336, 48.994102478, 49.4120635986, 49.8532409668, 50.2712020874, 50.7123794556, 51.1303405762, 51.5599098206, 51.9894790649, 52.4190483093, 52.8486175537, 53.2781867981, 53.7077522278, 54.1373214722, 54.5668907166, 54.9848518372, 55.4144210815, 55.8439903259, 56.2735595703, 56.7031288147, 57.1326980591, 57.5622673035, 57.9918365479, 58.4214057922, 58.8509750366, 59.280544281, 59.6985015869, 60.1396827698, 60.5576400757, 60.9988212585, 61.4167785645, 61.8347396851, 62.2759170532, 62.7054862976, 63.135055542, 63.5646247864, 63.9941940308, 64.4121551514, 64.8417205811, 65.2712936401, 65.7008590698, 66.1304321289, 66.5599975586, 66.9895706177, 67.4191360474, 67.8487091064, 68.2666625977, 68.6962356567, 69.1258010864, 69.566986084, 69.9849395752, 70.4261245728, 70.8556900024, 71.2852630615, 71.7032165527, 72.1327896118, 72.5623550415, 72.9919281006, 73.4214935303, 73.8394546509, 74.280632019, 74.6985931396, 75.1281585693, 75.5577316284, 75.9872970581, 76.4168701172, 76.8464355469, 77.276008606, 77.7055740356, 78.1351470947, 78.5647125244, 78.9942855835, 79.4238510132, 79.8534240723, 80.2713851929, 80.712562561, 81.1305236816, 81.5717010498, 81.9896621704, 82.4076156616, 82.8371887207, 83.2667541504, 83.7079315186, 84.1375045776, 84.5670700073, 84.9850311279, 85.414604187, 85.8441696167, 86.2737426758, 86.7033081055, 87.1328811646, 87.5624465942, 87.9920196533, 88.421585083, 88.8395462036, 89.2691116333, 89.6986846924, 90.1398620605, 90.5578231812, 90.9990005493, 91.4169616699, 91.8581390381, 92.2761001587, 92.7056655884, 93.1352386475, 93.5648040771, 93.9943771362, 94.4123306274, 94.853515625, 95.2714691162, 95.7010421753, 96.130607605, 96.5601806641, 96.9897460938, 97.4193191528, 97.8488845825, 98.2784576416, 98.7080230713, 99.1259841919, 99.5671615601, 99.9851226807, 100.41469574, 100.844261169, 101.285438538, 101.703399658, 102.132965088, 102.562538147, 102.980499268, 103.410064697, 103.839637756, 104.280815125, 104.710380554, 105.139953613, 105.557914734, 105.987480164, 106.417053223, 106.846618652, 107.276191711, 107.705757141, 108.1353302, 108.56489563, 108.994468689, 109.41242218, 109.841995239, 110.271560669, 110.712738037, 111.130699158, 111.571876526, 111.989837646, 112.431015015, 112.848976135, 113.278549194, 113.708114624, 114.137687683, 114.567253113, 114.985214233, 115.414779663, 115.844352722, 116.273918152, 116.703491211, 117.133056641, 117.5626297, 117.992195129, 118.421768188, 118.851333618, 119.280906677, 119.698867798, 120.140045166, 120.557998657, 120.999183655, 121.417137146, 121.858322144, 122.276275635, 122.717460632, 123.135414124, 123.553375244, 123.982948303, 124.412513733, 124.853691101, 125.271652222, 125.71282959, 126.13079071, 126.56036377, 126.989929199, 127.419502258, 127.849067688, 128.278640747, 128.708206177, 129.137771606, 129.567337036, 129.985305786, 130.414871216, 130.844436646, 131.285614014, 131.703582764, 132.144760132, 132.574325562, 133.003890991, 133.421859741, 133.851425171, 134.280990601, 134.710571289, 135.140136719, 135.55809021, 135.999267578, 136.417236328, 136.846801758, 137.276367188, 137.705932617, 138.135513306, 138.565078735, 138.994644165, 139.424209595, 139.853790283, 140.271743774, 140.712921143, 141.130874634, 141.572067261, 141.990020752, 142.419586182, 142.849151611, 143.2787323, 143.708297729, 144.126251221, 144.567428589, 144.997009277, 145.426574707, 145.844528198, 146.285705566, 146.703674316, 147.133239746, 147.562805176, 147.992385864, 148.421951294, 148.851516724, 149.281082153, 149.699050903, 150.140228271, 150.558181763, 150.987747192, 151.417327881, 151.846893311, 152.27645874, 152.717636108, 153.135604858, 153.565170288, 153.994735718, 154.412689209, 154.842269897, 155.271835327, 155.701400757, 156.130966187, 156.560546875, 156.990112305, 157.419677734, 157.849243164, 158.278823853, 158.708389282, 159.137954712, 159.567520142, 159.99710083, 160.42666626, 160.844619751, 161.285797119, 161.703765869, 162.144943237, 162.562896729, 163.004074097, 163.422042847, 163.851608276, 164.269561768, 164.699142456, 165.128707886, 165.558273315, 165.999450684, 166.417419434, 166.846984863, 167.276550293, 167.706115723, 168.135681152, 168.565261841, 168.994827271, 169.4243927, 169.85395813, 170.283538818, 170.713104248, 171.131057739, 171.560638428, 171.990203857, 172.419769287, 172.849334717, 173.278915405, 173.708480835, 174.138046265, 174.567611694, 174.985580444, 175.415145874, 175.844711304, 176.285888672, 176.703857422, 177.14503479, 177.562988281, 177.992553711, 178.422134399, 178.840087891, 179.281265259, 179.710830688, 180.140411377, 180.558364868, 180.999542236, 181.417495728, 181.847076416, 182.276641846, 182.717819214, 183.135772705, 183.565353394, 183.994918823, 184.424484253, 184.842453003, 185.272018433, 185.701583862, 186.131149292, 186.560714722, 186.99029541, 187.41986084, 187.84942627, 188.278991699, 188.708572388, 189.138137817, 189.567703247, 189.997268677, 190.426849365, 190.856414795, 191.285980225, 191.703948975, 192.133514404, 192.563079834, 192.992645264, 193.422225952, 193.851791382, 194.281356812, 194.699310303, 195.128890991, 195.558456421, 195.988021851, 196.41758728, 196.847167969, 197.276733398, 197.717910767, 198.135864258, 198.565444946, 198.995010376, 199.424575806, 199.854141235, 200.272109985, 200.713287354, 201.142852783, 201.572418213, 201.990386963, 202.419952393, 202.849517822, 203.279083252, 203.70866394, 204.13822937, 204.5677948, 204.985748291, 205.415328979, 205.844894409, 206.274459839, 206.704025269, 207.133605957, 207.563171387, 207.992736816, 208.422302246, 208.851882935, 209.281448364, 209.711013794, 210.140579224, 210.558547974, 210.999725342, 211.417678833, 211.858856201, 212.276824951, 212.694778442, 213.124343872, 213.553924561, 213.995101929, 214.436279297, 214.854232788, 215.272201538, 215.701766968, 216.131332397, 216.560897827, 216.990478516, 217.420043945, 217.849609375, 218.290786743, 218.708755493, 219.126708984, 219.556274414, 219.985839844, 220.427032471, 220.844985962, 221.28616333, 221.71572876, 222.145309448, 222.563262939, 222.992828369, 223.422393799, 223.851974487, 224.281539917, 224.711105347, 225.140670776, 225.558639526, 225.988204956, 226.417770386, 226.847335815, 227.276916504, 227.706481934, 228.136047363, 228.554016113, 228.960357666, 229.389923096, 229.819503784, 230.341949463, 230.864395142, 231.398452759, 231.967346191, 232.547836304, 233.128341675, 233.697235107, 234.254501343, 234.846618652, 235.438720703, 236.030838013, 236.680999756, 237.33114624, 238.050964355, 238.770782471, 239.444168091, 240.117553711, 240.790924072, 241.464309692, 242.137680054, 242.718185425, 243.298675537, 243.86756897, 244.448074341, 245.028564453, 245.609069824, 246.189559937, 246.781677246, 247.373779297, 247.965896606, 248.546386719, 249.12689209, 249.660949707, 250.195007324, 250.729064941, 251.25151062, 251.773956299, 252.296417236, 252.714370728, 253.132324219, 253.550292969, 253.96824646, 254.38621521, 254.81578064, 255.245346069, 255.674911499, 256.09286499, 256.51083374, 256.92880249, 257.346740723, 257.764709473, 258.182678223, 258.600616455], "beats_loudness": {"dmean2": 0.0807485356927, "median": 0.0688210353255, "min": 0.000176524627022, "dvar2": 0.00836156401783, "dvar": 0.00272586965002, "dmean": 0.0430152677, "max": 0.255708694458, "var": 0.00275543378666, "mean": 0.0736107453704}, "danceability": 1.30427742004, "bpm_histogram_second_peak_weight": {"dmean2": 0, "median": 0.0255972687155, "min": 0.0255972687155, "dvar2": 0, "dvar": 0, "dmean": 0, "max": 0.0255972687155, "var": 0, "mean": 0.0255972687155}, "beats_count": 587, "bpm_histogram_second_peak_bpm": {"dmean2": 0, "median": 161, "min": 161, "dvar2": 0, "dvar": 0, "dmean": 0, "max": 161, "var": 0, "mean": 161}, "bpm_histogram_first_peak_spread": {"dmean2": 0, "median": 0.367768585682, "min": 0.367768585682, "dvar2": 0, "dvar": 0, "dmean": 0, "max": 0.367768585682, "var": 0, "mean": 0.367768585682}, "beats_loudness_band_ratio": {"dmean2": [0.384087771177, 0.231246352196, 0.19655790925, 0.0944189280272, 0.0823713392019, 0.0392919443548], "median": [0.656361401081, 0.103508397937, 0.0904884040356, 0.0460303761065, 0.0369247570634, 0.0225540567189], "min": [0.0191698428243, 0.0049014557153, 0.00475288089365, 0.00107221561484, 0.00117838580627, 0.000387885374948], "dvar2": [0.0972022637725, 0.0458730719984, 0.0318623781204, 0.0114262718707, 0.00425420235842, 0.00362985022366], "dvar": [0.0324275493622, 0.0157765764743, 0.0108883287758, 0.00415568752214, 0.00139946117997, 0.00122322363313], "dmean": [0.20863969624, 0.126934379339, 0.105474926531, 0.0539174377918, 0.0468091070652, 0.0213880427182], "max": [0.982987821102, 0.760276734829, 0.699601352215, 0.567343294621, 0.370202839375, 0.488276451826], "var": [0.0670927986503, 0.0240857060999, 0.0151452990249, 0.00534014310688, 0.0018681557849, 0.00090039789211], "mean": [0.600262343884, 0.159139886498, 0.128445073962, 0.0668124705553, 0.0485455431044, 0.0266543850303]}}, "lowlevel": {"barkbands_spread": {"dmean2": 6.25553274155, "median": 13.9311723709, "min": 0.749507069588, "dvar2": 52.8631210327, "dvar": 25.019985199, "dmean": 4.07692241669, "max": 108.408065796, "var": 88.0051116943, "mean": 15.2895612717}, "melbands_spread": {"dmean2": 6.15588998795, "median": 11.4298257828, "min": 0.577341556549, "dvar2": 78.5415115356, "dvar": 35.8882369995, "dmean": 4.02746009827, "max": 267.103881836, "var": 106.428321838, "mean": 13.3046922684}, "hfc": {"dmean2": 9.83139896393, "median": 18.4607791901, "min": 1.12292243078e-16, "dvar2": 382.897277832, "dvar": 161.509063721, "dmean": 6.70106697083, "max": 549.999328613, "var": 308.901519775, "mean": 21.654094696}, "barkbands_kurtosis": {"dmean2": 9.83360481262, "median": 5.76634597778, "min": -1.87020790577, "dvar2": 409.997528076, "dvar": 152.402114868, "dmean": 6.24000930786, "max": 205.511978149, "var": 326.863006592, "mean": 11.8871793747}, "gfcc": {"mean": [4.79654979706, 130.841339111, -124.848739624, 56.3983535767, -66.6141738892, 26.8822154999, -37.1027183533, 11.357963562, -8.16478157043, -12.6889820099, 4.67295694351, -17.8109760284, 7.97827720642], "icov": [[0.00049791886704, -0.000527834054083, 0.000540155626368, -0.000623651838396, 0.000367726082914, -0.00100415479392, 0.000521083537024, -0.00158914458007, 0.000731642707251, -0.000582833366934, 0.00024808497983, -0.000692019646522, 5.74778823648e-05], [-0.000527834054083, 0.00933616422117, -0.00248905620538, 0.00524966372177, -0.004018033389, 0.00576965883374, -0.00565501768142, 0.00712067727, -0.0059329746291, 0.00443334784359, -0.0016317802947, 0.00446783099324, -0.00140818476211], [0.000540155626368, -0.00248905620538, 0.00422080419958, -0.00271360413171, 0.000764825963415, -0.00393868377432, 0.0022619375959, -0.00406789733097, 0.000403794139856, -0.000512278114911, 0.000820867775474, -0.00220006820746, 0.000409719388699], [-0.000623651838396, 0.00524966372177, -0.00271360413171, 0.0088471043855, -0.00422125682235, 0.00505287805572, -0.00375381647609, 0.00418135197833, -0.00411012256518, 0.00132788100746, -0.00094308424741, -0.000654442526866, 0.000999793177471], [0.000367726082914, -0.004018033389, 0.000764825963415, -0.00422125682235, 0.0114824837074, -0.00537353940308, -0.000858650077134, -0.000787481258158, -0.00068489467958, -0.00063367804978, -0.00093510694569, 0.00037848908687, -0.00130331050605], [-0.00100415479392, 0.00576965883374, -0.00393868377432, 0.00505287805572, -0.00537353940308, 0.0124343382195, -0.004561196547, 0.0046959691681, -0.00189782737289, 0.000217996217543, 0.00127756595612, 0.00185636314563, -0.000245587638346], [0.000521083537024, -0.00565501768142, 0.0022619375959, -0.00375381647609, -0.000858650077134, -0.004561196547, 0.0119964629412, -0.00418076105416, 0.00127254752442, -0.00473292777315, 0.00112963828724, -0.00255512306467, -0.000145561003592], [-0.00158914458007, 0.00712067727, -0.00406789733097, 0.00418135197833, -0.000787481258158, 0.0046959691681, -0.00418076105416, 0.0184875484556, -0.00626582372934, 0.00149791443255, -0.0038859329652, 0.003983292263, -0.002089276677], [0.000731642707251, -0.0059329746291, 0.000403794139856, -0.00411012256518, -0.00068489467958, -0.00189782737289, 0.00127254752442, -0.00626582372934, 0.0183077305555, -0.00438755936921, 0.00339087843895, -0.00475248554721, 0.00152155139949], [-0.000582833366934, 0.00443334784359, -0.000512278114911, 0.00132788100746, -0.00063367804978, 0.000217996217543, -0.00473292777315, 0.00149791443255, -0.00438755936921, 0.0154111897573, -0.0028797283303, 0.00084191915812, 7.17088041711e-05], [0.00024808497983, -0.0016317802947, 0.000820867775474, -0.00094308424741, -0.00093510694569, 0.00127756595612, 0.00112963828724, -0.0038859329652, 0.00339087843895, -0.0028797283303, 0.0132281584665, -0.00407631509006, -0.00108709197957], [-0.000692019646522, 0.00446783099324, -0.00220006820746, -0.000654442526866, 0.00037848908687, 0.00185636314563, -0.00255512306467, 0.003983292263, -0.00475248554721, 0.00084191915812, -0.00407631509006, 0.0235814731568, -0.0084929112345], [5.74778823648e-05, -0.00140818476211, 0.000409719388699, 0.000999793177471, -0.00130331050605, -0.000245587638346, -0.000145561003592, -0.002089276677, 0.00152155139949, 7.17088041711e-05, -0.00108709197957, -0.0084929112345, 0.0215229764581]], "cov": [[4343.25878906, -759.008605957, 45.1787185669, 204.110290527, -141.76449585, 322.116363525, -74.7300262451, 454.473052979, -94.5574645996, 266.383514404, 74.9638595581, 173.902420044, 45.3071556091], [-759.008605957, 561.873657227, -15.668964386, -92.025390625, 146.071990967, -89.5279464722, 134.488647461, -157.24382019, 88.972869873, -94.700378418, -25.2875862122, -69.1393585205, 2.29730010033], [45.1787185669, -15.668964386, 514.750244141, 150.842880249, 99.6757888794, 149.287567139, 51.7855682373, 80.1828765869, 82.3663253784, 39.5551986694, -7.07349348068, 53.8101730347, 12.8426408768], [204.110290527, -92.025390625, 150.842880249, 286.05557251, 88.5767745972, 37.0024719238, 68.2090606689, 40.4442558289, 62.9334220886, 52.8481750488, 18.4005813599, 58.034538269, 6.65229272842], [-141.76449585, 146.071990967, 99.6757888794, 88.5767745972, 216.634170532, 73.4040985107, 118.442176819, -25.5060272217, 73.9829025269, 15.4716119766, -0.926535189152, 6.90429115295, 13.600317955], [322.116363525, -89.5279464722, 149.287567139, 37.0024719238, 73.4040985107, 217.135498047, 55.4576377869, 41.7345046997, 20.5714035034, 53.8654823303, -17.6390228271, 23.7184734344, 6.9049372673], [-74.7300262451, 134.488647461, 51.7855682373, 68.2090606689, 118.442176819, 55.4576377869, 199.188186646, -8.37822628021, 65.549041748, 38.2542686462, -0.396139621735, 12.3371944427, 13.2701244354], [454.473052979, -157.24382019, 80.1828765869, 40.4442558289, -25.5060272217, 41.7345046997, -8.37822628021, 147.137542725, 6.17047166824, 48.2410697937, 27.6771259308, 31.5409851074, 11.4981393814], [-94.5574645996, 88.972869873, 82.3663253784, 62.9334220886, 73.9829025269, 20.5714035034, 65.549041748, 6.17047166824, 111.759490967, 19.9671859741, -7.56494760513, 15.3767032623, 5.05762958527], [266.383514404, -94.700378418, 39.5551986694, 52.8481750488, 15.4716119766, 53.8654823303, 38.2542686462, 48.2410697937, 19.9671859741, 113.813095093, 20.3889751434, 28.3612327576, 6.80813503265], [74.9638595581, -25.2875862122, -7.07349348068, 18.4005813599, -0.926535189152, -17.6390228271, -0.396139621735, 27.6771259308, -7.56494760513, 20.3889751434, 97.3691711426, 23.3036708832, 14.4322357178], [173.902420044, -69.1393585205, 53.8101730347, 58.034538269, 6.90429115295, 23.7184734344, 12.3371944427, 31.5409851074, 15.3767032623, 28.3612327576, 23.3036708832, 76.5001983643, 25.3079929352], [45.3071556091, 2.29730010033, 12.8426408768, 6.65229272842, 13.600317955, 6.9049372673, 13.2701244354, 11.4981393814, 5.05762958527, 6.80813503265, 14.4322357178, 25.3079929352, 58.3812255859]]}, "spectral_energyband_middle_low": {"dmean2": 0.00940966978669, "median": 0.0131875704974, "min": 3.45562122497e-22, "dvar2": 0.000139338080771, "dvar": 5.12345941388e-05, "dmean": 0.00563964899629, "max": 0.0999452397227, "var": 0.000128467159811, "mean": 0.0159179735929}, "melbands_crest": {"dmean2": 4.52561616898, "median": 17.3324985504, "min": 1.00663983822, "dvar2": 17.3867511749, "dvar": 7.46775960922, "dmean": 2.89086723328, "max": 38.6768417358, "var": 42.8706970215, "mean": 17.8239345551}, "spectral_kurtosis": {"dmean2": 2.44152855873, "median": 3.20429039001, "min": -1.67034745216, "dvar2": 6.26449918747, "dvar": 2.27845430374, "dmean": 1.45993423462, "max": 26.7178134918, "var": 5.56009626389, "mean": 3.80482935905}, "spectral_rms": {"dmean2": 0.00171769724693, "median": 0.00749168498442, "min": 3.14782683426e-12, "dvar2": 4.73337104268e-06, "dvar": 1.77947822522e-06, "dmean": 0.00110341014806, "max": 0.0180422887206, "var": 9.24573942029e-06, "mean": 0.00721648475155}, "zerocrossingrate": {"dmean2": 0.00893951114267, "median": 0.03369140625, "min": 0.00146484375, "dvar2": 0.000131568391225, "dvar": 9.64585051406e-05, "dmean": 0.00734244426712, "max": 0.515625, "var": 0.000538262655027, "mean": 0.0365878790617}, "silence_rate_60dB": {"dmean2": 0.0107420999557, "median": 0, "min": 0, "dvar2": 0.0124170770869, "dvar": 0.00534178409725, "dmean": 0.00537056941539, "max": 1, "var": 0.0239219628274, "mean": 0.0245234053582}, "erbbands_kurtosis": {"dmean2": 0.888539671898, "median": -0.29639005661, "min": -1.81138110161, "dvar2": 1.07029759884, "dvar": 0.434700161219, "dmean": 0.551066994667, "max": 24.5566635132, "var": 1.31720435619, "mean": -0.0257156826556}, "erbbands": {"dmean2": [0.810134887695, 5.59871101379, 4.8620595932, 8.43927192688, 10.8263578415, 18.1176834106, 17.9975719452, 18.2414722443, 26.9141559601, 25.2704658508, 33.7745742798, 27.9972801208, 27.375125885, 30.0206317902, 23.3852558136, 19.8823451996, 23.3374481201, 22.8615627289, 17.2758083344, 19.3639354706, 20.4770355225, 17.7112636566, 16.0778160095, 15.5150594711, 9.33199214935, 7.26982402802, 7.07078504562, 4.42440414429, 4.03085422516, 2.65704035759, 3.25221061707, 2.72566652298, 2.93389940262, 2.31269836426, 0.306783556938, 0.00725816190243, 0.00038557528751, 4.55051012977e-05, 2.01582079171e-05, 3.60568337783e-05], "median": [0.583645105362, 5.01511096954, 3.76786446571, 4.5373005867, 7.64176034927, 10.8612890244, 8.25789260864, 8.57097244263, 12.5444517136, 13.9433059692, 15.1565542221, 17.0432014465, 14.933968544, 14.7485055923, 10.1295919418, 9.05711460114, 9.07518672943, 10.1185779572, 9.59424209595, 10.4392518997, 9.31955718994, 9.5771188736, 10.1991462708, 9.78245258331, 6.71861791611, 3.90296792984, 3.59320545197, 2.34731912613, 1.75686168671, 1.80497777462, 2.11329388618, 1.24007105827, 1.11494350433, 0.795139431953, 0.124776296318, 0.00324468361214, 0.000207508230233, 2.75686106761e-05, 3.56894415745e-05, 6.73119793646e-05], "min": [9.17005237714e-22, 2.63415322755e-21, 1.30320213322e-20, 2.14743890305e-20, 7.05032919449e-20, 1.17201372761e-19, 2.82584594486e-19, 4.01616892759e-19, 3.13309391159e-19, 9.38553347601e-19, 3.27734826506e-19, 2.19325615929e-18, 2.52891881404e-18, 2.9213175802e-18, 1.5781519379e-18, 2.33870925257e-18, 1.81895155544e-18, 5.55683061029e-18, 3.94354841517e-18, 6.78613308351e-18, 2.30879550649e-18, 7.10108747842e-18, 7.3697119008e-18, 1.15835031172e-17, 1.15458713624e-17, 9.70986127481e-18, 8.82469281978e-18, 1.4998650625e-17, 1.1577974242e-17, 1.5841097683e-17, 1.38483922904e-17, 1.50554812419e-17, 1.17068374009e-17, 9.89287498534e-18, 8.89170933865e-18, 5.22789438149e-18, 3.39511422736e-18, 1.05618546174e-18, 2.85827737024e-19, 3.83159785569e-20], "dvar2": [2.90503406525, 94.2513961792, 79.7938613892, 269.221435547, 267.60446167, 606.825500488, 1056.28918457, 1609.3807373, 2625.48925781, 2244.51049805, 5295.89453125, 2045.75976562, 2841.7644043, 3984.61401367, 2333.34472656, 1540.92932129, 2752.93652344, 1853.63659668, 966.751586914, 1344.51171875, 1853.38916016, 1258.21020508, 649.090148926, 744.025085449, 242.168945312, 227.591247559, 246.140365601, 82.2894515991, 82.1710205078, 20.0656032562, 34.445941925, 57.4661102295, 179.161483765, 378.477539062, 1.74782216549, 0.00111981807277, 4.19453817813e-06, 6.26999892006e-08, 2.74345324236e-09, 3.23977422667e-09], "dvar": [1.03588843346, 36.0822525024, 30.1353740692, 88.2427749634, 97.0783691406, 208.563796997, 409.664611816, 682.517700195, 1052.1998291, 936.475280762, 2116.62036133, 827.497070312, 1096.13574219, 1577.75708008, 904.294677734, 655.66583252, 1056.31018066, 725.436035156, 389.354095459, 547.977661133, 732.279541016, 571.450927734, 288.308990479, 316.200378418, 89.9453201294, 89.8483505249, 101.506835938, 32.2716674805, 34.7352600098, 8.98593902588, 15.0101966858, 24.7499141693, 79.7016906738, 145.89944458, 0.856423199177, 0.000529811601155, 1.87332580026e-06, 2.71421711773e-08, 1.1358010088e-09, 1.1584549986e-09], "dmean": [0.51335477829, 3.49154758453, 2.95697569847, 4.74150800705, 6.33420181274, 10.4132375717, 10.872959137, 11.268992424, 16.5958080292, 15.8612661362, 20.5325260162, 17.6278553009, 16.8202552795, 18.5521469116, 14.2656469345, 12.5646190643, 14.3603010178, 14.103345871, 10.7017011642, 12.096154213, 12.82853508, 11.6880617142, 10.5705366135, 9.97856903076, 5.69504594803, 4.5763964653, 4.4798913002, 2.79529809952, 2.63804674149, 1.74323749542, 2.13503193855, 1.78866970539, 1.93752396107, 1.53568077087, 0.204573690891, 0.00486384192482, 0.000260564032942, 3.08163180307e-05, 1.31708256959e-05, 2.28196768148e-05], "max": [10.7031698227, 60.6191101074, 75.2949523926, 169.871520996, 137.931777954, 247.367706299, 407.872131348, 776.701904297, 769.458374023, 775.342163086, 1773.68908691, 591.095947266, 1136.35583496, 1286.30297852, 634.28692627, 1007.86138916, 541.367492676, 487.474853516, 495.179138184, 457.663024902, 451.690612793, 791.968566895, 384.616912842, 439.959289551, 142.165176392, 491.1121521, 523.128723145, 181.179153442, 184.864685059, 75.2550964355, 102.65499115, 165.355880737, 519.528747559, 795.111083984, 41.7191467285, 1.17147481441, 0.0798833593726, 0.010195074603, 0.00197523413226, 0.000631437054835], "var": [2.63303756714, 64.0916137695, 51.1070365906, 100.394119263, 140.514175415, 376.030303955, 1123.43444824, 2379.72387695, 3440.32226562, 3115.07519531, 3468.39916992, 1789.02941895, 2256.75317383, 4389.84228516, 1378.0592041, 2129.21875, 1570.09069824, 1502.49243164, 748.52923584, 826.21307373, 905.129943848, 1516.02600098, 1066.65405273, 1110.61303711, 170.690109253, 148.238327026, 183.583251953, 54.7708702087, 50.0829238892, 15.4484052658, 24.5082588196, 34.7118759155, 101.094734192, 133.307144165, 1.26498436928, 0.000742889009416, 2.3807172056e-06, 3.25965707759e-08, 1.65998270685e-09, 2.86475709821e-09], "mean": [1.0763528347, 7.06474256516, 6.04451656342, 7.49656963348, 11.0142993927, 16.8155212402, 19.6541461945, 23.4663200378, 32.3748588562, 32.2370491028, 32.8098831177, 31.9543399811, 30.1631393433, 34.2817459106, 22.2134017944, 23.0426101685, 21.9359378815, 23.9603672028, 18.8899936676, 19.8837051392, 19.7548084259, 22.0760364532, 21.8580722809, 21.3283786774, 11.2630472183, 8.23105335236, 8.19557571411, 5.11674261093, 4.18039464951, 3.0573694706, 3.65655660629, 2.9417488575, 3.13197302818, 2.17073965073, 0.280334174633, 0.00688045425341, 0.000403968064347, 5.10977006343e-05, 3.90052664443e-05, 7.27499209461e-05]}, "spectral_strongpeak": {"dmean2": 0.446117669344, "median": 0.594589829445, "min": 0, "dvar2": 0.44706889987, "dvar": 0.177534624934, "dmean": 0.271845221519, "max": 6.6797580719, "var": 0.441760987043, "mean": 0.734142839909}, "spectral_energy": {"dmean2": 0.0318278633058, "median": 0.0575284771621, "min": 1.01565347279e-20, "dvar2": 0.00257927644998, "dvar": 0.000909629859962, "dmean": 0.0199923813343, "max": 0.3336622715, "var": 0.00229805102572, "mean": 0.0628563910723}, "average_loudness": 0.942662000656, "spectral_rolloff": {"dmean2": 414.889678955, "median": 495.263671875, "min": 43.06640625, "dvar2": 631348.8125, "dvar": 306518.625, "dmean": 249.196029663, "max": 19961.2792969, "var": 683929.8125, "mean": 694.011413574}, "spectral_centroid": {"dmean2": 301.137359619, "median": 991.454162598, "min": 220.367401123, "dvar2": 105532.054688, "dvar": 48698.0820312, "dmean": 193.762481689, "max": 10830.9814453, "var": 221698.9375, "mean": 1050.71130371}, "pitch_salience": {"dmean2": 0.12747502327, "median": 0.47139981389, "min": 0.0688004791737, "dvar2": 0.0139428693801, "dvar": 0.00526713160798, "dmean": 0.0785826742649, "max": 0.995736658573, "var": 0.020669599995, "mean": 0.467650592327}, "spectral_energyband_middle_high": {"dmean2": 0.00295905536041, "median": 0.00327750877477, "min": 1.26413786237e-21, "dvar2": 3.23836757161e-05, "dvar": 1.29763302539e-05, "dmean": 0.00193258619402, "max": 0.0563750565052, "var": 2.66488223133e-05, "mean": 0.00491546327248}, "spectral_contrast_coeffs": {"dmean2": [0.0792013183236, 0.0778139829636, 0.0637282580137, 0.0523445047438, 0.0464486181736, 0.039489749819], "median": [-0.670510411263, -0.727863430977, -0.763548493385, -0.786358714104, -0.751121401787, -0.752988219261], "min": [-0.983130097389, -0.985251605511, -0.997120440006, -0.992382645607, -0.988677620888, -0.961381912231], "dvar2": [0.0037860579323, 0.00396604184061, 0.00239939219318, 0.00168889202178, 0.00137228053063, 0.00128457276151], "dvar": [0.00131898606196, 0.00146296538878, 0.000910224276595, 0.000650527421385, 0.000616981880739, 0.000610371411312], "dmean": [0.0469469279051, 0.0470917262137, 0.0388611704111, 0.0319701433182, 0.0302047431469, 0.0264206063002], "max": [-0.313151836395, -0.436430364847, -0.502705276012, -0.514105975628, -0.498019009829, -0.477497816086], "var": [0.00627141213045, 0.00520045356825, 0.00335247931071, 0.00252113444731, 0.00424105348065, 0.00283763604239], "mean": [-0.66242736578, -0.719567716122, -0.758512496948, -0.779533207417, -0.740948021412, -0.741868019104]}, "melbands_skewness": {"dmean2": 1.4056828022, "median": 3.53524446487, "min": -0.210861235857, "dvar2": 2.62934827805, "dvar": 1.03163158894, "dmean": 0.919303715229, "max": 18.544927597, "var": 5.09653377533, "mean": 4.02720546722}, "spectral_spread": {"dmean2": 641174.5, "median": 4384762.5, "min": 1783063.875, "dvar2": 642244804608, "dvar": 366268710912, "dmean": 435662.1875, "max": 41184092, "var": 1451807211520.0, "mean": 4394678.5}, "dissonance": {"dmean2": 0.0290015265346, "median": 0.469105750322, "min": 0.322902709246, "dvar2": 0.000606662302744, "dvar": 0.000224230519962, "dmean": 0.0172127652913, "max": 0.499981611967, "var": 0.00047480277135, "mean": 0.464987397194}, "spectral_skewness": {"dmean2": 0.317961454391, "median": 1.52509212494, "min": -0.373022466898, "dvar2": 0.0815155655146, "dvar": 0.0333785861731, "dmean": 0.200130149722, "max": 3.92469787598, "var": 0.137566432357, "mean": 1.56901741028}, "spectral_flux": {"dmean2": 0.0501108504832, "median": 0.0915965363383, "min": 6.53677459383e-11, "dvar2": 0.00351307587698, "dvar": 0.00141581508797, "dmean": 0.0312537550926, "max": 0.435003727674, "var": 0.00350315868855, "mean": 0.1016882658}, "spectral_contrast_valleys": {"dmean2": [0.59122133255, 0.573563754559, 0.546396553516, 0.505389213562, 0.503620266914, 0.540721237659], "median": [-6.25952148438, -6.35053396225, -7.11621284485, -7.55671739578, -7.91757583618, -10.1798524857], "min": [-26.999288559, -27.6160869598, -27.3416557312, -27.3610267639, -27.2963790894, -27.223241806], "dvar2": [0.236375242472, 0.246987700462, 0.239345952868, 0.21895994246, 0.249030128121, 0.344715356827], "dvar": [0.103728048503, 0.112013146281, 0.114792115986, 0.110470384359, 0.136476442218, 0.204632267356], "dmean": [0.351570427418, 0.352874040604, 0.348867058754, 0.329935133457, 0.367267787457, 0.427246004343], "max": [-4.88759040833, -4.41712808609, -5.07332038879, -5.54446744919, -5.71313238144, -7.48110580444], "var": [0.872063159943, 0.534977018833, 0.544114947319, 0.555621862411, 0.742290616035, 1.25995028019], "mean": [-6.55151939392, -6.42124986649, -7.14439868927, -7.57025432587, -7.94559288025, -10.39270401]}, "erbbands_flatness_db": {"dmean2": 0.0180115364492, "median": 0.151425793767, "min": 0.083872102201, "dvar2": 0.000246965762926, "dvar": 0.000118281270261, "dmean": 0.012113831006, "max": 0.266295224428, "var": 0.000971019209828, "mean": 0.15657132864}, "spectral_energyband_high": {"dmean2": 0.000562397355679, "median": 0.000501442642417, "min": 7.24572411858e-21, "dvar2": 2.56125713349e-06, "dvar": 1.13531109491e-06, "dmean": 0.000384300452424, "max": 0.0564721114933, "var": 1.62145181548e-06, "mean": 0.000781610840932}, "spectral_entropy": {"dmean2": 0.21320810914, "median": 7.40203666687, "min": 6.13349866867, "dvar2": 0.0397191122174, "dvar": 0.0204015355557, "dmean": 0.150651559234, "max": 9.79518413544, "var": 0.100921064615, "mean": 7.42362260818}, "silence_rate_20dB": {"dmean2": 0, "median": 1, "min": 1, "dvar2": 0, "dvar": 0, "dmean": 0, "max": 1, "var": 0, "mean": 1}, "melbands_flatness_db": {"dmean2": 0.0413626842201, "median": 0.230620488524, "min": 1.10447638235e-06, "dvar2": 0.00176186067984, "dvar": 0.000793844752479, "dmean": 0.0282688792795, "max": 0.490918725729, "var": 0.00449281558394, "mean": 0.239682152867}, "barkbands": {"dmean2": [0.00349681149237, 0.025493465364, 0.00374079472385, 0.00350193399936, 0.00436685467139, 0.00232476601377, 0.00205510249361, 0.00129702314734, 0.00131537253037, 0.000956350064371, 0.000713634130079, 0.000495890388265, 0.000541506393347, 0.000459077476989, 0.000400377553888, 0.000364933453966, 0.000333688774845, 0.000308823626256, 0.000256608531345, 0.000160056486493, 0.000139058931381, 0.000102559301013, 0.000105184306449, 0.00015023285232, 0.000127037375933, 4.74068606593e-09, 5.00766939027e-09], "median": [0.00020825365209, 0.0278364587575, 0.00166991644073, 0.001707736752, 0.00310406880453, 0.00104688876309, 0.000954158138484, 0.000543858448509, 0.000747921876609, 0.000412215216784, 0.000312123826006, 0.000207877223147, 0.000171090912772, 0.000193945699721, 0.000194152147742, 0.000139558498631, 0.000158104638103, 0.000190391874639, 0.000151174812345, 8.17648033262e-05, 6.79709701217e-05, 4.74798471259e-05, 7.28702216293e-05, 6.5605607233e-05, 4.35566544184e-05, 7.32089278088e-10, 7.61659790793e-10], "min": [8.60812671728e-24, 2.14767744322e-23, 1.5299009046e-23, 9.26256414653e-24, 4.99947919313e-23, 4.4565491461e-23, 4.15524340781e-23, 2.02198239762e-23, 1.07577630599e-22, 7.41563708352e-23, 3.64417987036e-23, 6.27313362102e-23, 3.27051823212e-23, 9.81440784847e-23, 8.06921780983e-23, 7.72677265978e-23, 1.1541707784e-22, 1.66984725887e-22, 2.45978341306e-22, 2.00201121629e-22, 3.21677257066e-22, 3.71981818898e-22, 5.23650968083e-22, 7.33066452091e-22, 1.1960783261e-21, 1.53785719791e-21, 2.29150496791e-21], "dvar2": [8.53128003655e-05, 0.00217591645196, 6.11278956058e-05, 3.76840725949e-05, 3.3143296605e-05, 2.01417333301e-05, 1.36596217999e-05, 7.22703725842e-06, 4.76505465485e-06, 4.15323893321e-06, 1.74683816567