{"tonal": {"thpcp": [1, 0.720066905022, 0.254731923342, 0.131322160363, 0.0983262881637, 0.0940416753292, 0.139239579439, 0.179699584842, 0.169870093465, 0.208767592907, 0.240779295564, 0.176580801606, 0.145335406065, 0.148569732904, 0.142999351025, 0.227653264999, 0.299606889486, 0.204657256603, 0.096549808979, 0.0813884437084, 0.134407684207, 0.300887286663, 0.353205949068, 0.202263832092, 0.0987626165152, 0.0778114050627, 0.131898164749, 0.259568423033, 0.263402163982, 0.299467176199, 0.487717777491, 0.387764245272, 0.166013672948, 0.135960012674, 0.177315250039, 0.563692748547], "hpcp": {"dmean2": [0.238478675485, 0.281639575958, 0.19845983386, 0.131765887141, 0.100831769407, 0.0969250276685, 0.113299071789, 0.128039136529, 0.128692999482, 0.129838630557, 0.120904415846, 0.129474967718, 0.116810455918, 0.117555439472, 0.116994254291, 0.137655571103, 0.141357526183, 0.128674685955, 0.0922058001161, 0.083877377212, 0.106453053653, 0.14610812068, 0.144608139992, 0.117404766381, 0.0954439938068, 0.0819321200252, 0.0991708785295, 0.112411871552, 0.133000016212, 0.182161271572, 0.175549045205, 0.178072020411, 0.16038890183, 0.151371642947, 0.179366186261, 0.262776970863], "median": [0.19127458334, 0.198430597782, 0.0354535356164, 0.00973897520453, 0.00667076418176, 0.00762141309679, 0.012558487244, 0.0126018691808, 0.0100750401616, 0.00795322563499, 0.00822020322084, 0.0106651308015, 0.014239189215, 0.0124901775271, 0.0126420333982, 0.0172050055116, 0.015930660069, 0.0103153325617, 0.00673326058313, 0.00507441721857, 0.0108911562711, 0.0317982435226, 0.0329742580652, 0.0149187995121, 0.00598343880847, 0.00496500078589, 0.00646131718531, 0.00914042815566, 0.0126641830429, 0.0243171416223, 0.0208626873791, 0.0148043492809, 0.0104063209146, 0.00829300284386, 0.0141583196819, 0.0761708989739], "min": [0, 0, 0, 0, 0, 0, 0, 0, 0, 0, 0, 0, 0, 0, 0, 0, 0, 0, 0, 0, 0, 0, 0, 0, 0, 0, 0, 0, 0, 0, 0, 0, 0, 0, 0, 0], "dvar2": [0.116228073835, 0.109997577965, 0.101657286286, 0.0805328041315, 0.0604147128761, 0.0587688647211, 0.0635708719492, 0.0697137415409, 0.0704415366054, 0.0699692443013, 0.0677907243371, 0.075485996902, 0.0660814940929, 0.0688462033868, 0.062020085752, 0.069972679019, 0.0794827714562, 0.0684316679835, 0.0517454184592, 0.0481310971081, 0.0506313182414, 0.0689663589001, 0.0696977376938, 0.0564897507429, 0.0544172376394, 0.0434337928891, 0.0485553443432, 0.0546487569809, 0.0605105683208, 0.0893414244056, 0.0973428115249, 0.0904203504324, 0.0946991220117, 0.0959293022752, 0.104241281748, 0.127539947629], "dvar": [0.0506252422929, 0.0414018109441, 0.0375731550157, 0.0290472526103, 0.0217462833971, 0.0202860888094, 0.0231779906899, 0.0277920309454, 0.0270261783153, 0.0261875204742, 0.0289562065154, 0.0276934858412, 0.0241821557283, 0.0254629664123, 0.0223736744374, 0.0258897189051, 0.0354698337615, 0.027811229229, 0.0189816188067, 0.0174907892942, 0.0192113630474, 0.0270374193788, 0.0294307712466, 0.0213507208973, 0.0195083022118, 0.015400800854, 0.0180109515786, 0.023517716676, 0.0239264331758, 0.0321901962161, 0.0402164198458, 0.0337731987238, 0.0335179716349, 0.0341721065342, 0.0382008552551, 0.0470446832478], "dmean": [0.137407273054, 0.162572279572, 0.112824454904, 0.0723606497049, 0.0554473400116, 0.0530669093132, 0.0640978738666, 0.0733246654272, 0.0728701204062, 0.0739938020706, 0.0683061629534, 0.0726050809026, 0.0658168196678, 0.0669411271811, 0.0656412392855, 0.079429499805, 0.0827085971832, 0.0746960192919, 0.0513244047761, 0.0457534193993, 0.0599480904639, 0.0868343636394, 0.0854662954807, 0.0682796686888, 0.0525723174214, 0.0447217784822, 0.0559216625988, 0.0655307099223, 0.0763038098812, 0.10441096127, 0.100464686751, 0.102075785398, 0.0876664966345, 0.081107661128, 0.0974852144718, 0.148605555296], "max": [1, 1, 1, 1, 1, 1, 1, 1, 1, 1, 1, 1, 1, 1, 1, 1, 1, 1, 1, 1, 1, 1, 1, 1, 1, 1, 1, 1, 1, 1, 1, 1, 1, 1, 1, 1], "var": [0.180837616324, 0.0874805822968, 0.0343843512237, 0.0212214682251, 0.0155250383541, 0.0134519729763, 0.0201389659196, 0.0332313366234, 0.0311008114368, 0.0436571091413, 0.0635943561792, 0.0318776890635, 0.0207146033645, 0.0245166737586, 0.0207723639905, 0.0376576706767, 0.0730057954788, 0.0399479456246, 0.0143951317295, 0.0128286648542, 0.0186389647424, 0.0482210144401, 0.0714480876923, 0.032952003181, 0.014411826618, 0.0102320676669, 0.0196284744889, 0.0647594481707, 0.0560570806265, 0.043341524899, 0.122068718076, 0.078564748168, 0.0271811001003, 0.0229776743799, 0.0283424034715, 0.0794425010681], "mean": [0.425265848637, 0.306219875813, 0.108328782022, 0.0558468289673, 0.0418148115277, 0.0399927124381, 0.0592138394713, 0.0764200985432, 0.0722399502993, 0.0887817293406, 0.10239521414, 0.0750937834382, 0.0618061833084, 0.0631816312671, 0.060812741518, 0.0968131572008, 0.127412572503, 0.0870337411761, 0.0410593375564, 0.0346117243171, 0.057158999145, 0.127957090735, 0.150206431746, 0.0860159024596, 0.0420003682375, 0.033090531826, 0.0560917854309, 0.110385589302, 0.112015940249, 0.127353161573, 0.207409709692, 0.164902895689, 0.0705999433994, 0.0578191503882, 0.0754061192274, 0.23971927166]}, "tuning_equal_tempered_deviation": 0.146281346679, "chords_changes_rate": 0.0613065324724, "key_key": "D", "tuning_diatonic_strength": 0.676955640316, "key_scale": "major", "chords_number_rate": 0.00368509208784, "tuning_frequency": 436.204162598, "tuning_nontempered_energy_ratio": 0.84094119072, "chords_histogram": [30.4187602997, 5.02512550354, 23.5845890045, 0, 3.51758790016, 0, 0, 0, 0, 0, 0, 0, 0, 3.24958133698, 0.0335008390248, 1.34003353119, 0, 4.95812416077, 0, 18.2244548798, 3.24958133698, 0.368509203196, 4.65661621094, 1.37353432178], "key_strength": 0.611439287663, "chords_key": "D", "chords_strength": {"dmean2": 0.00989206787199, "median": 0.551493406296, "min": 0.300338327885, "dvar2": 7.52576670493e-05, "dvar": 7.17420116416e-05, "dmean": 0.0105233974755, "max": 0.80581009388, "var": 0.00926219206303, "mean": 0.546265184879}, "chords_scale": "major", "hpcp_entropy": {"dmean2": 1.08776473999, "median": 1.92272818089, "min": 0, "dvar2": 0.774086594582, "dvar": 0.285396784544, "dmean": 0.650045990944, "max": 4.1693854332, "var": 0.542080879211, "mean": 1.95631587505}}, "metadata": {"audio_properties": {"equal_loudness": 0, "codec": "mp3", "downmix": "mix", "sample_rate": 44100, "analysis_sample_rate": 44100, "bit_rate": 128000, "md5_encoded": "c62f16ee32d68f7c78715930c87b894b", "length": 138.553466797, "replay_gain": -5.70313644409, "lossless": false}, "version": {"essentia_build_sha": "2d9f1f26377add8aeb1075a9c2973f962c4f09fd", "essentia": "2.1-beta2", "extractor": "music 1.0", "essentia_git_sha": "v2.1_beta2-1-ge3940c0"}, "tags": {"title": ["Viens"], "acoustid_fingerprint": ["AQADtJGSRMmiTIVO_MYR8Dhe5CqcXNDk40Kbww8-vDhxcKQOubgEDjgu4Mc_OE9woVl0sDr0Bw-RBj9-XNKxUixyDYmPhtNgmQh56Gvx9NBzJgg_2NGOM8aPLszxHEePZOmQKxEaJ1EmpSgfNN1S4yeaLzyekceQN-CPezl0R8ZrsFEO_cjhnCB-PNnBLzryMEg8NE-QB1pUpsj14MauEq30hEj3NEFyE4-OB-00vPjQILSQ8BX-JPgC98fFw2d2jKT0IfmSBNl1PMdNUXj6YUoWHaXyIcdzQkeTxEf444uwq0VtNORSnCweH3ePXEQ_SM9YETlTwx7qSjh1PGh3hOfx47jyoPJ8hDnxZgevB_mhUXbRY6eFXkdaLRdS-OiSCF_y4MemH8HxoxmVoz4aTxG6Gdzx4xaymxO0Z9GInHA6oZdw6fhI8AP4IJeK60GfwJGTHt0UDmcOJDu2-oGdGt98HL7wOCM-Ooil6EIy6_jx7xjVB9cDJgqVHH3G40X-Q-eFyjb0XEZPWSiP5jx04evxDq_wSTqu40kg_UJPhOnx5MeHSUeTPVmQo6lOaE7eFM-Rw2OSY59w5kf-B1LWxgj548GNP2nwKCbaigizLpeGv4SOPznyI9S-gcxjwzGPkhm-4YeOQ77wHGQa48F5aPfQOD2-34hOoRmzog9zwFV-5MeFM3Sgz1SMHz_6hkfzRMTx7JiZ4zx0Wuh-HMcNgLeK9zDxoyeu48dFPMlQzRkavDqEHjxw8MaFf9APH90R86gTNCTy44yg5UMWPMePnDpuJdCFsEqRdtDyhMh1HPtxs0F5w00e4exxodPxzggPLUeuo_mIvsX5EI3FafB51BuPF88xXS18JYHroxfYHJf0IL7gh4KQ48epo95s9Ahd6Oi8gPjxQ-eJSNcJ7_i04DNeprhe3EJ-JMQtNDvuJMWFxlp4lN3hd8d-nB-yC-VzfIOi5pSEucd1pMeDH5ePfseVhcW_oC-OH48ugifCx4cukdLAHWkT7rgjVAe98AAu8viPXHlwKheakAoPZgx5fDt05ghzVEefIxePJ8cf6Jh4HU-UQs9xpD-G486NTpFYOBW-gMnx4z_OC5cQ6qsO69CTIeRCXKGOfwmY5-hxBj_46CHuJAVl83hzXN2RIEzxpvDpw1UudE9OMD-e62iXB5deJMiZyGi-Dv2NMn2OU0lROcuxE3-Osb_wz8gf3CIaMRk0q8ePOVyO_DiVIfx2OGwCLU-Q9-iDpnmLHy-a5UakPYHqg2qO78KPK4MjJjfIPXhrXIJ-5FRwH_dxO0QfIl2T5EOZCXpy4Uc-Iz_OhJBLNFWGvsePL4ZOXPlx5Arx40dJ5oNljinabMf6BpWmoznzIUcyNNZxHe3yoG-I0_jxHDf6MES6H31yKFd248enQ8p-2Dpw-MOOGj9RWEdl4M3xFE2VoWYx4sULBheLHyF41DeOH3kc_NBxCf2DX3jh57gOyT_-3Oh5fIQbGNMBXPjOoFU7uMuQAx8BP8hhQxaHS0_wI8iPatfwfbgOhc6FH1m-HD1-FTH7CAfVJIOuHA_RB77xB7oO2yh-3MN7IPqDPocZMbB1tMEzdMeHHGKGvMP_wQ-uH_aR_5hOqMbB6SIuKU5g28F7_BBHJkeOJ0qDng-m7MKJWSKaRsvRP5DmLGiW8egi4cmCi8f3JPiSXNgvNNYS1EaJ9AtE5Uf44MfjH5Wkw1_QC0ekWDpqB8lzg-XxYUq1oGNC5MTTFeIeIdgjHV2aByePm_Bt5IebUAySfUelg8l5_PjwJaOw8wp6Hv7xDefhy8h9iD-uI7_w48eLRi0-9OHRfDMiJ1oIveHBH7sOPbzQLxeR78QF86ieAz_yG02TCBEfFpeEJpkj_Hhy4kKRWZdi9If2I_3Qc3iUKMBz0Md3EfmHT9EDPerRKFZp9AlPvDt-cEcPnSluwYau6IF-tOAkQU9e1Gg-_DjCPDdqCdfBRLNQfSl-5D-hK8g5_BnRN5GGKfONB6-OF_mhHX0m_DqUJyfuHTmlojuaHnx2JIhpCw_zFKVu8DnewDNiysyg6wiPf_hUqQifpdhG5Qm0C7mWfTiJ3XLxHZ48Dzle6EyM70Q-PNnxEvnRTzrSw11OVDkuGlV9eLrB7zDHKYj1HEmzt2iaEz9xn_hAMUou4vmRx4am70Kn8cj7CLV2fHg4BT_6D2UWCelMHX_QdzMerK9wM0WfQYxRHtFxFhfO7ci147j4os9y-DvCjhmHaZEPp8kt9ETufKh_aDm-I2yOnlTwKQaOZlLR66h1zEfoHdJvvNmh2fjxHwd84HCPF6mOH388mHCoGM8OP-gqGTn0og-LH4dfHGdxH41-fMEznAQmvA-u3Egf4-iPFblynIPuoKkC8T2y_DneEq-Fv5iudXAZtfjR4z_eTsSLtMqQfMcVeGUVAAWQCSJCwEBDTiMJjCJACiAQU8gwJhklzhBBBAKIMGSJIcwpBQ0QgghAFCCEKMIUYFJQoJBRxgiEABKSMacENAAJAYwAQFIDhDFOUgEeAoAAQBjQlAjCrCCGCJCIQUIBKjQzQAlECFIGuWwAA8xiwCRCDBhikRGGIQsQYUQYpbBAQAiDIAFMCAaFAEIIBowhQBggGBGUIQQcBUIABlkDgAECiEAOEMAAE5AI4wUgCBBBGpDQM8EEAEIDBYySnAjCEAEEMMUksMgIh5RARAABKIFICaIMEAQYZLRwCjHBIADDCYKYEAAiQghxhBghlBAEKSEEUwIIIIGRQGFDIBDOICEAEFIwIgRhAhEKggFGQUWIQEgYZEQFBjgBBABAO2CUVQIIRJRBQCFhDAFGIIYY6AoYohAgRAhiEFLIFeCQMQ4YorwAygkDgGCCICUEMAIiogBBgBgjhCDEKCGMEAQ5IhQwBgiBAWNAYAAIAAYT5AggQiDIKBMOIEkIQcAgISChCCvGhCEEAAiAZUAgBQAEgEhKLBGeIEYRUEJAAAA1hhADCAGEIKKUUEQKQSECwAoCEFIMIKAJEgAIgJRAgDphHICGAYAAE0wSIoQQwCrBEAKISASEQEYJZBzhTBohLFFAGASUEAgBA5RnQjiNhGEKCgaIMEIIJYAxAlBqkAEMgUOcccgAgAwgjAgkCCICCCKQZAAAIghCCBlMCHlAEUAMEcoAAgRAwCCjnQCICcU8UQIKDwxjwAmjgEAAAAYoEyNRYoA0RhFuCFAGGCYQIE4KYAwTRBAikBGGACAYJ0oJRZAxRBAJBBBIEAEEAAg5ShBRDgADRALAOAEMcYggKZRARBAlEFEMSOMIMEAkIAQgZgAEJRECCAKIMEQoQagiGgYhtEQCEKcEIMhqYAgzgCihyBGIgeAIA4QgBQgBQFEhjRQAIGEAccgAyJhxQjBDGQ"], "date": ["1969"], "genre": ["Rock"], "musicbrainz album type": ["Compilation"], "musicip_puid": ["442fd7eb-1027-912e-38a8-34bb7d80afc4"], "musicbrainz_recordingid": ["05e044dd-51d2-4a18-bc62-d08a8e006193"], "musicbrainz_albumartistid": ["323ed974-8bf6-4f54-9525-b774a659f805"], "musicbrainz_albumid": ["b722f606-df41-4637-b2a2-8258b4b4baa2"], "artist": ["Johnny Hallyday"], "tracknumber": ["16"], "bpm": ["100.68"], "album": ["Collection, Volume 10 : Je Suis N\u00e9 Dans la Rue : 1968 - 1969"], "musicbrainz album release country": ["France"], "acoustid_id": ["67da82aa-f934-42ec-bfaa-0c3809ef6919"], "musicbrainz_artistid": ["323ed974-8bf6-4f54-9525-b774a659f805"], "file_name": "Johnny Hallyday - Viens.mp3"}}, "rhythm": {"bpm_histogram_first_peak_bpm": {"dmean2": 0, "median": 99, "min": 99, "dvar2": 0, "dvar": 0, "dmean": 0, "max": 99, "var": 0, "mean": 99}, "bpm": 100.136413574, "bpm_histogram_second_peak_spread": {"dmean2": 0, "median": 0, "min": 0, "dvar2": 0, "dvar": 0, "dmean": 0, "max": 0, "var": 0, "mean": 0}, "bpm_histogram_first_peak_weight": {"dmean2": 0, "median": 0.554585158825, "min": 0.554585158825, "dvar2": 0, "dvar": 0, "dmean": 0, "max": 0.554585158825, "var": 0, "mean": 0.554585158825}, "onset_rate": 3.78161668777, "beats_position": [0.592108845711, 1.19582760334, 1.8111563921, 2.42648530006, 3.04181408882, 3.65714287758, 4.27247142792, 4.87619018555, 5.47990942001, 6.07201814651, 6.66412687302, 7.24462556839, 7.84834432602, 8.45206356049, 9.05578231812, 9.65950107574, 10.2632198334, 10.8553285599, 11.4474372864, 12.0395460129, 12.6316547394, 13.235373497, 13.8390922546, 14.4428119659, 15.0349206924, 15.6386394501, 16.2539672852, 16.8576869965, 17.4614048004, 18.0535144806, 18.6456241608, 19.2493419647, 19.853061676, 20.45677948, 21.0604991913, 21.6642169952, 22.2679367065, 22.8600444794, 23.4521541595, 24.0326519012, 24.6247615814, 25.2168693542, 25.8205890656, 26.4243087769, 27.0164165497, 27.620136261, 28.2122440338, 28.8159637451, 29.4196815491, 30.0117912292, 30.6038990021, 31.2076187134, 31.8113365173, 32.4034461975, 32.9955558777, 33.5876655579, 34.1797714233, 34.7718811035, 35.3755989075, 35.9677085876, 36.5714263916, 37.1751480103, 37.7672538757, 38.3593635559, 38.9630813599, 39.5668029785, 40.1705207825, 40.7626304626, 41.3547401428, 41.9584579468, 42.5621757507, 43.1658935547, 43.7696151733, 44.3733329773, 44.9770507813, 45.5691604614, 46.1612701416, 46.7533760071, 47.3338775635, 47.9259872437, 48.5180931091, 49.1334228516, 49.748752594, 50.3640823364, 50.9678001404, 51.5715179443, 52.1752357483, 52.7789573669, 53.3826751709, 53.9747848511, 54.5668907166, 55.1590003967, 55.7511100769, 56.3432197571, 56.946937561, 57.5390472412, 58.1427650452, 58.7348747253, 59.3385925293, 59.9423103333, 60.5460319519, 61.1381378174, 61.7186393738, 62.310749054, 62.9028549194, 63.4949645996, 64.0870742798, 64.6907958984, 65.2945098877, 65.8982315063, 66.4903411865, 67.0940551758, 67.6977767944, 68.2898864746, 68.8936004639, 69.4973220825, 70.0894317627, 70.6931533813, 71.2852630615, 71.8773651123, 72.4694747925, 73.0731964111, 73.6653060913, 74.2574157715, 74.8495254517, 75.4532394409, 76.0453491211, 76.6374588013, 77.2411804199, 77.8448944092, 78.4370040894, 79.0291137695, 79.6212234497, 80.2249450684, 80.8170471191, 81.4091567993, 81.9896621704, 82.5933761597, 83.1970977783, 83.8008117676, 84.4045333862, 85.0082550049, 85.6119689941, 86.2156906128, 86.807800293, 87.3999099731, 88.0036239624, 88.5957336426, 89.1878433228, 89.7915649414, 90.3952789307, 90.9990005493, 91.602722168, 92.2064361572, 92.8217697144, 93.4370956421, 94.0408172607, 94.6561431885, 95.2714691162, 95.8751907349, 96.5021286011, 97.1058502197, 97.709564209, 98.3132858276, 98.9053955078, 99.497505188, 100.101219177, 100.681724548, 101.26222229, 101.85433197, 102.44644165, 103.05015564, 103.653877258, 104.257591248, 104.838096619, 105.430198669, 106.045532227, 106.626029968, 107.229751587, 107.833465576, 108.437187195, 109.040908813, 109.644622803, 110.248344421, 110.852058411, 111.455780029, 112.059501648, 112.651611328, 113.243713379, 113.835823059, 114.439544678, 115.031654358, 115.635368347, 116.250701904, 116.866027832, 117.469749451, 118.07346344, 118.677185059, 119.280906677, 119.884620667, 120.488342285, 121.092063904, 121.695777893, 122.287887573, 122.891609192, 123.483718872, 124.064216614, 124.644714355, 125.236824036, 125.828933716, 126.421043396, 127.013153076, 127.616867065, 128.208984375, 128.801086426, 129.393188477, 129.985305786, 130.577407837, 131.181137085, 131.773239136, 132.376953125, 132.969070435, 133.561172485, 134.153289795, 134.745391846, 135.360717773, 135.97605896, 136.591384888, 137.206710815, 137.833648682], "beats_loudness": {"dmean2": 0.0223198346794, "median": 0.03977509588, "min": 1.37583198168e-08, "dvar2": 0.000401191966375, "dvar": 0.00015942043683, "dmean": 0.0129766818136, "max": 0.127231687307, "var": 0.000370091729565, "mean": 0.0398130081594}, "danceability": 1.03944551945, "bpm_histogram_second_peak_weight": {"dmean2": 0, "median": 0, "min": 0, "dvar2": 0, "dvar": 0, "dmean": 0, "max": 0, "var": 0, "mean": 0}, "beats_count": 230, "bpm_histogram_second_peak_bpm": {"dmean2": 0, "median": 0, "min": 0, "dvar2": 0, "dvar": 0, "dmean": 0, "max": 0, "var": 0, "mean": 0}, "bpm_histogram_first_peak_spread": {"dmean2": 0, "median": 0.445414841175, "min": 0.445414841175, "dvar2": 0, "dvar": 0, "dmean": 0, "max": 0.445414841175, "var": 0, "mean": 0.445414841175}, "beats_loudness_band_ratio": {"dmean2": [0.50325268507, 0.272954344749, 0.245843708515, 0.132899701595, 0.0761646032333, 0.124128684402], "median": [0.427246153355, 0.163969352841, 0.154392391443, 0.0463470518589, 0.048996552825, 0.0757374316454], "min": [0.0381909385324, 0.0056379311718, 0.011677801609, 0.00396010093391, 0.00694479839876, 0.00671961484477], "dvar2": [0.104918979108, 0.0461714416742, 0.0366737283766, 0.0151670854539, 0.0081729600206, 0.00780096277595], "dvar": [0.0341828726232, 0.0149960871786, 0.0154612073675, 0.00520539889112, 0.00279094348662, 0.00273793423548], "dmean": [0.271778464317, 0.144268721342, 0.141646012664, 0.0716033428907, 0.044383995235, 0.0666368156672], "max": [0.942229866982, 0.656395435333, 0.743475556374, 0.353053092957, 0.398353755474, 0.354787886143], "var": [0.0573349744081, 0.0165208131075, 0.0266282428056, 0.00592561904341, 0.00275449897163, 0.00366728450172], "mean": [0.445361375809, 0.192837744951, 0.206796586514, 0.0726810470223, 0.063654653728, 0.090964011848]}}, "lowlevel": {"barkbands_spread": {"dmean2": 8.41163921356, "median": 19.3307323456, "min": 1.29917824268, "dvar2": 92.6920852661, "dvar": 41.808052063, "dmean": 5.52189922333, "max": 107.573982239, "var": 142.268890381, "mean": 21.5733280182}, "melbands_spread": {"dmean2": 7.51650953293, "median": 14.1021347046, "min": 0.894625306129, "dvar2": 101.649711609, "dvar": 44.7713012695, "dmean": 4.92389202118, "max": 177.558883667, "var": 137.204101563, "mean": 16.7537002563}, "hfc": {"dmean2": 7.69196557999, "median": 18.8602561951, "min": 1.18562258887e-16, "dvar2": 121.841697693, "dvar": 58.7441139221, "dmean": 5.45623731613, "max": 189.860931396, "var": 231.319244385, "mean": 21.3430709839}, "barkbands_kurtosis": {"dmean2": 4.95594453812, "median": 4.21262645721, "min": -1.89337253571, "dvar2": 51.9129447937, "dvar": 24.1338253021, "dmean": 3.23427081108, "max": 129.558425903, "var": 86.2824630737, "mean": 6.8368434906}, "gfcc": {"mean": [6.66294336319, 86.2015762329, -100.695426941, 48.5331039429, -54.0507392883, 4.6956987381, -38.0332832336, 14.173997879, -29.9560451508, 2.82837939262, -19.9972400665, -6.42789411545, -18.6362476349], "icov": [[9.57276279223e-05, -0.000141267693834, 0.000108272739453, -0.000254615821177, 0.000160682902788, -0.000160441893968, 0.000210108613828, -0.000297008926282, 0.000281951011857, -0.000190237915376, 0.000221787006012, -0.000301974418107, 0.000295555219054], [-0.000141267693834, 0.00324714533053, 0.000347597146174, 0.000467782083433, -0.00136353471316, 0.000820922083221, -0.00138652778696, 0.0010183280101, -0.00172758486588, 0.00257521215826, -0.003774758894, 0.00281321210787, -0.00242031598464], [0.000108272739453, 0.000347597146174, 0.00371732725762, -0.000561484426726, -0.00200068904087, -0.00194307940546, 0.00236548692919, -0.00158634292893, 0.000386977248127, 0.000529185519554, 0.00105094397441, -0.00175635691267, 0.00141705048736], [-0.000254615821177, 0.000467782083433, -0.000561484426726, 0.00612735049799, -0.00231537525542, 0.0014544663718, 6.23578234809e-05, 0.000808320357464, -0.00282168551348, 0.00231219083071, -0.00252426485531, 0.00265019456856, -0.00298774545081], [0.000160682902788, -0.00136353471316, -0.00200068904087, -0.00231537525542, 0.00801272597164, 0.000748598133214, -0.00232454831712, -0.000516089901794, 0.00156341085676, -0.00295811728574, 0.00187192298472, 0.000936348806135, -0.00155266351067], [-0.000160441893968, 0.000820922083221, -0.00194307940546, 0.0014544663718, 0.000748598133214, 0.0093852635473, -0.00206077471375, 4.60945848317e-05, -0.000658674514852, 0.00160720793065, -0.00193802453578, -0.000492048508022, 0.00102950562723], [0.000210108613828, -0.00138652778696, 0.00236548692919, 6.23578234809e-05, -0.00232454831712, -0.00206077471375, 0.00891041476279, -0.00355548621155, 0.0011760686757, 0.00207759370096, 0.00109987391625, 0.000509925943334, 0.000596841680817], [-0.000297008926282, 0.0010183280101, -0.00158634292893, 0.000808320357464, -0.000516089901794, 4.60945848317e-05, -0.00355548621155, 0.0155217908323, -0.0047860504128, -0.000859016086906, 0.00187990826089, -0.002092018025, -0.00284905941226], [0.000281951011857, -0.00172758486588, 0.000386977248127, -0.00282168551348, 0.00156341085676, -0.000658674514852, 0.0011760686757, -0.0047860504128, 0.0153884328902, -0.00598066672683, -0.000408620893722, 0.0020215914119, 0.00317559251562], [-0.000190237915376, 0.00257521215826, 0.000529185519554, 0.00231219083071, -0.00295811728574, 0.00160720793065, 0.00207759370096, -0.000859016086906, -0.00598066672683, 0.0195295661688, -0.00880104955286, 0.00249356101267, 0.00137420208193], [0.000221787006012, -0.003774758894, 0.00105094397441, -0.00252426485531, 0.00187192298472, -0.00193802453578, 0.00109987391625, 0.00187990826089, -0.000408620893722, -0.00880104955286, 0.0260389223695, -0.00903269462287, 0.00271209841594], [-0.000301974418107, 0.00281321210787, -0.00175635691267, 0.00265019456856, 0.000936348806135, -0.000492048508022, 0.000509925943334, -0.002092018025, 0.0020215914119, 0.00249356101267, -0.00903269462287, 0.0221140962094, -0.00978723075241], [0.000295555219054, -0.00242031598464, 0.00141705048736, -0.00298774545081, -0.00155266351067, 0.00102950562723, 0.000596841680817, -0.00284905941226, 0.00317559251562, 0.00137420208193, 0.00271209841594, -0.00978723075241, 0.0202493146062]], "cov": [[14302.9296875, -78.1321868896, -100.917129517, 219.470840454, -367.523132324, 158.620803833, -336.1875, 148.152694702, -91.0015411377, 67.6940002441, 28.7707595825, 184.848464966, -88.9804153442], [-78.1321868896, 763.794616699, -227.034622192, 151.797485352, 165.872695923, -100.153450012, 190.413070679, -23.335647583, 51.2189369202, -57.0609703064, 50.9363670349, -90.0786895752, 85.1133956909], [-100.917129517, -227.034622192, 497.702453613, -2.90633273125, 49.4913749695, 90.2755050659, -113.476150513, 41.2525253296, -16.8499546051, 8.36867713928, -23.3894100189, 55.8406982422, -20.3706054688], [219.470840454, 151.797485352, -2.90633273125, 280.138153076, 112.480026245, -54.5736961365, 30.4339828491, 3.82754325867, 40.3039016724, -12.7573251724, 13.7917976379, -33.5784683228, 43.9865608215], [-367.523132324, 165.872695923, 49.4913749695, 112.480026245, 242.043426514, -35.0476112366, 81.8394088745, 15.169880867, 8.83703041077, -7.83209753036, -6.00698900223, -30.1609783173, 43.7587776184], [158.620803833, -100.153450012, 90.2755050659, -54.5736961365, -35.0476112366, 148.928421021, -9.5693693161, 13.7861719131, -11.7482862473, -3.379789114, -1.82881677151, 25.9937934875, -21.8127269745], [-336.1875, 190.413070679, -113.476150513, 30.4339828491, 81.8394088745, -9.5693693161, 216.777740479, 20.0640506744, -0.649062275887, -39.3197288513, -7.16214227676, -32.9145889282, 31.1136875153], [148.152694702, -23.335647583, 41.2525253296, 3.82754325867, 15.169880867, 13.7861719131, 20.0640506744, 88.1251907349, 17.1377334595, 5.32832574844, -7.07988262177, 14.7184410095, 10.0092754364], [-91.0015411377, 51.2189369202, -16.8499546051, 40.3039016724, 8.83703041077, -11.7482862473, -0.649062275887, 17.1377334595, 105.007659912, 35.0139274597, 15.8344335556, -26.9608688354, -15.7145004272], [67.6940002441, -57.0609703064, 8.36867713928, -12.7573251724, -7.83209753036, -3.379789114, -39.3197288513, 5.32832574844, 35.0139274597, 87.2604141235, 22.8985271454, -2.4738881588, -24.4718952179], [28.7707595825, 50.9363670349, -23.3894100189, 13.7917976379, -6.00698900223, -1.82881677151, -7.16214227676, -7.07988262177, 15.8344335556, 22.8985271454, 60.7870407104, 11.6330795288, 1.6313148737], [184.848464966, -90.0786895752, 55.8406982422, -33.5784683228, -30.1609783173, 25.9937934875, -32.9145889282, 14.7184410095, -26.9608688354, -2.4738881588, 11.6330795288, 89.4007339478, 23.1284389496], [-88.9804153442, 85.1133956909, -20.3706054688, 43.9865608215, 43.7587776184, -21.8127269745, 31.1136875153, 10.0092754364, -15.7145004272, -24.4718952179, 1.6313148737, 23.1284389496, 88.8130874634]]}, "spectral_energyband_middle_low": {"dmean2": 0.00798196811229, "median": 0.0130489300936, "min": 2.62447232652e-22, "dvar2": 9.04883927433e-05, "dvar": 3.89229462598e-05, "dmean": 0.00514707854018, "max": 0.104685507715, "var": 0.000138515140861, "mean": 0.0152832455933}, "melbands_crest": {"dmean2": 4.53903961182, "median": 16.1875362396, "min": 2.67083477974, "dvar2": 20.2717456818, "dvar": 8.03020000458, "dmean": 2.80206394196, "max": 31.4257621765, "var": 36.7847442627, "mean": 17.2793426514}, "spectral_kurtosis": {"dmean2": 1.53764867783, "median": 3.10863876343, "min": -1.24240624905, "dvar2": 2.35164785385, "dvar": 0.820485651493, "dmean": 0.918574273586, "max": 10.3095035553, "var": 1.58584260941, "mean": 3.18369054794}, "spectral_rms": {"dmean2": 0.000988243147731, "median": 0.0059194532223, "min": 3.2436750768e-12, "dvar2": 1.1892529983e-06, "dvar": 5.11247776558e-07, "dmean": 0.000639145728201, "max": 0.0109627684578, "var": 4.11481960327e-06, "mean": 0.00568198505789}, "zerocrossingrate": {"dmean2": 0.0118799004704, "median": 0.04833984375, "min": 0.0048828125, "dvar2": 0.000183118376299, "dvar": 0.000148422273924, "dmean": 0.00996970944107, "max": 0.5283203125, "var": 0.000961667916272, "mean": 0.0536868013442}, "silence_rate_60dB": {"dmean2": 0.00067046598997, "median": 0, "min": 0, "dvar2": 0.00067004369339, "dvar": 0.000335071323207, "dmean": 0.000335176795488, "max": 1, "var": 0.05859375, "mean": 0.0625}, "erbbands_kurtosis": {"dmean2": 0.760006725788, "median": -0.869782924652, "min": -1.78415572643, "dvar2": 0.8028819561, "dvar": 0.359501212835, "dmean": 0.482787579298, "max": 8.54296398163, "var": 0.886620163918, "mean": -0.612474024296}, "erbbands": {"dmean2": [0.0344319269061, 0.849453926086, 5.83965587616, 8.25282764435, 13.240732193, 14.0282211304, 10.9050292969, 10.6459112167, 27.7985115051, 29.3525657654, 36.3966407776, 21.4503383636, 13.4876813889, 25.7982807159, 9.76337528229, 11.3345470428, 13.7549171448, 17.1972312927, 17.6131477356, 10.8270626068, 11.8667955399, 11.8204698563, 13.3200006485, 15.5819635391, 27.3358879089, 12.043214798, 7.67194318771, 4.6940369606, 4.45404815674, 2.91071772575, 2.85888719559, 2.75105905533, 1.88386356831, 0.916407465935, 0.731949627399, 0.318042069674, 0.115581221879, 0.0269144698977, 0.00108057423495, 3.0792234611e-05], "median": [0.0348516181111, 1.38703274727, 7.1381149292, 7.97913312912, 9.53955078125, 9.77460575104, 6.55320930481, 8.12278938293, 13.1543893814, 9.39451408386, 8.67209148407, 7.16106939316, 6.26062488556, 6.83795118332, 4.28544569016, 4.54103183746, 5.36058044434, 6.25928544998, 6.43737602234, 8.18718147278, 10.6930522919, 12.0824432373, 11.8795490265, 15.7455749512, 22.8892059326, 12.3783693314, 6.93294906616, 4.00801849365, 2.60108089447, 1.9595348835, 1.60825824738, 1.27773952484, 0.86590385437, 0.400212824345, 0.258359223604, 0.110422700644, 0.0275757461786, 0.00357518019155, 0.000105889252154, 5.13755949214e-05], "min": [3.51850522786e-21, 4.65246927737e-21, 1.16681903336e-20, 2.42586870503e-20, 2.81314562053e-20, 4.84977867221e-20, 1.92976713265e-19, 4.82644584583e-19, 5.86579208165e-19, 3.55495188809e-19, 1.92216942702e-18, 1.51506070123e-18, 1.65543780067e-18, 7.83162403051e-19, 2.7016486016e-18, 2.12816635087e-18, 4.12320129087e-18, 5.70527230711e-18, 5.00570374279e-18, 1.07638639103e-17, 1.25126560742e-17, 1.05681720025e-17, 1.37095343081e-17, 1.23900819694e-17, 1.48253959914e-17, 1.42848996355e-17, 1.33057030787e-17, 1.42472563002e-17, 1.74595410715e-17, 1.96095042519e-17, 1.93882235119e-17, 1.62388971114e-17, 1.88486006588e-17, 1.11761406538e-17, 1.00699437488e-17, 6.45096487598e-18, 3.80113355629e-18, 1.42168183284e-18, 3.36239871715e-19, 3.63587949106e-20], "dvar2": [0.00361217116006, 1.46424758434, 79.2005615234, 184.329589844, 424.979034424, 447.984832764, 472.545166016, 418.159057617, 2767.3996582, 4944.47021484, 9571.67382813, 3470.90014648, 1122.77856445, 3249.0456543, 1110.78076172, 1527.91748047, 945.616577148, 1455.68652344, 1572.65734863, 335.857208252, 340.853973389, 253.362350464, 428.368682861, 586.253295898, 1819.58300781, 265.358703613, 122.589782715, 54.1894683838, 62.8559646606, 32.7563667297, 53.3285980225, 55.0898284912, 28.9733333588, 8.26001834869, 5.93263578415, 0.973713338375, 0.124351620674, 0.00557657703757, 1.24581138152e-05, 4.21539070317e-09], "dvar": [0.00142283865716, 0.619670212269, 33.0549468994, 73.8078994751, 169.001693726, 180.492019653, 187.667648315, 164.220230103, 1190.13806152, 2253.19604492, 4756.48486328, 2082.81640625, 570.094909668, 1493.20507813, 428.403167725, 807.41796875, 383.05368042, 621.325439453, 731.692321777, 131.906845093, 130.245452881, 101.750740051, 188.750717163, 274.654693604, 817.763183594, 116.181777954, 53.5874023438, 24.9818935394, 27.3039245605, 15.1217269897, 22.32056427, 25.5359249115, 13.1804294586, 3.5106651783, 2.47866821289, 0.450063318014, 0.0572905577719, 0.00253019155934, 5.37247842658e-06, 1.90870297345e-09], "dmean": [0.0218775086105, 0.528621196747, 3.60181260109, 4.99831819534, 8.15350151062, 8.71508312225, 6.67094326019, 6.66170978546, 17.9482498169, 19.5539188385, 24.2478923798, 14.7716999054, 9.22661590576, 17.064655304, 6.23774385452, 7.47655200958, 8.54187774658, 11.1488370895, 11.1898488998, 6.66920995712, 7.25903320313, 7.33300685883, 8.35989761353, 10.1345434189, 17.6890830994, 7.75931882858, 4.89673948288, 3.10357236862, 2.93714284897, 1.9398162365, 1.86353003979, 1.78952789307, 1.24385786057, 0.594630599022, 0.465905457735, 0.208098933101, 0.0755248963833, 0.0170877762139, 0.000662193808239, 1.98000434466e-05], "max": [0.415045142174, 9.83714103699, 68.3945159912, 116.822441101, 229.498825073, 194.753616333, 273.750030518, 288.116241455, 906.487792969, 787.983825684, 1430.37536621, 2035.1385498, 778.657348633, 874.241516113, 814.670288086, 1167.05407715, 312.91104126, 600.919494629, 1260.27709961, 244.112182617, 248.08682251, 139.619873047, 280.039123535, 479.581268311, 731.138977051, 171.256164551, 152.554794312, 97.5286712646, 89.0994262695, 90.1441726685, 208.218902588, 239.589797974, 121.88433075, 48.0250816345, 35.3432540894, 19.9937744141, 7.04016399384, 1.22526633739, 0.0516310743988, 0.00102616788354], "var": [0.00381064903922, 2.16882205009, 170.218963623, 210.806045532, 484.831726074, 336.370788574, 241.161376953, 293.191833496, 3751.92602539, 3800.26269531, 14085.0107422, 5935.38818359, 2177.03808594, 3422.6015625, 520.552490234, 1952.98425293, 708.739135742, 1246.67687988, 2504.46435547, 263.881072998, 251.918685913, 205.512466431, 438.958740234, 764.62902832, 2416.48120117, 300.456970215, 131.58052063, 60.4103965759, 63.8063049316, 30.1327018738, 35.3314208984, 47.2640380859, 21.9086894989, 5.18562269211, 3.7992837429, 0.816835641861, 0.10337460041, 0.00454429723322, 8.21907997306e-06, 4.09415612523e-09], "mean": [0.0563256368041, 1.69717514515, 12.3962745667, 12.3021469116, 16.7287559509, 15.3876695633, 10.8281135559, 13.0127573013, 34.3931655884, 29.3941612244, 40.2686271667, 25.8141593933, 18.6442451477, 27.7891731262, 10.4336500168, 12.7788410187, 13.9635972977, 18.5312080383, 20.1778030396, 12.9915409088, 14.9591856003, 15.5828456879, 17.6918792725, 23.4375305176, 36.3313484192, 17.4618835449, 10.661198616, 6.67437410355, 5.81215286255, 3.69575357437, 3.37126612663, 3.17454314232, 1.9825540781, 0.949171185493, 0.710191845894, 0.323452830315, 0.107124939561, 0.0207569394261, 0.000741455820389, 6.07356996625e-05]}, "spectral_strongpeak": {"dmean2": 0.620461821556, "median": 0.604188323021, "min": 0, "dvar2": 1.44567453861, "dvar": 0.508786380291, "dmean": 0.360300332308, "max": 15.4681329727, "var": 0.856619000435, "mean": 0.830725133419}, "spectral_energy": {"dmean2": 0.0123579492792, "median": 0.0359159260988, "min": 1.07844633636e-20, "dvar2": 0.000204129857593, "dvar": 8.50259675644e-05, "dmean": 0.00790921971202, "max": 0.123186856508, "var": 0.000431885622675, "mean": 0.0373100191355}, "average_loudness": 0.924885213375, "spectral_rolloff": {"dmean2": 767.081054688, "median": 581.396484375, "min": 107.666015625, "dvar2": 1841051.125, "dvar": 808855.3125, "dmean": 455.708404541, "max": 18561.6210938, "var": 1501181.75, "mean": 1026.31689453}, "spectral_centroid": {"dmean2": 389.749023438, "median": 1278.68457031, "min": 211.296798706, "dvar2": 132538.703125, "dvar": 67126.2109375, "dmean": 256.984466553, "max": 11223.1728516, "var": 297214.40625, "mean": 1341.29858398}, "pitch_salience": {"dmean2": 0.101857878268, "median": 0.505587518215, "min": 0.107295386493, "dvar2": 0.00917420070618, "dvar": 0.00368028297089, "dmean": 0.0625549256802, "max": 0.828627169132, "var": 0.0155479544774, "mean": 0.492585867643}, "spectral_energyband_middle_high": {"dmean2": 0.00184097269084, "median": 0.00314740557224, "min": 1.60710419072e-21, "dvar2": 5.39775692232e-06, "dvar": 2.71404451269e-06, "dmean": 0.00125885871239, "max": 0.0340085998178, "var": 1.39839112308e-05, "mean": 0.00404127547517}, "spectral_contrast_coeffs": {"dmean2": [0.0783720239997, 0.077912054956, 0.0634712278843, 0.049065683037, 0.0353165902197, 0.0308321807534], "median": [-0.571170926094, -0.726036787033, -0.770896494389, -0.782624125481, -0.786261796951, -0.765465259552], "min": [-0.97696185112, -0.964254498482, -0.972111105919, -0.961737513542, -0.957598924637, -0.960525453091], "dvar2": [0.00449857627973, 0.00386539194733, 0.00247282395139, 0.00148796744179, 0.000773302570451, 0.000708805746399], "dvar": [0.00172171299346, 0.00153767631855, 0.00098655722104, 0.000592565280385, 0.000325438100845, 0.000313757365802], "dmean": [0.0479324683547, 0.0480283424258, 0.0393671542406, 0.0300146806985, 0.0218579638749, 0.0198350567371], "max": [-0.271550804377, -0.442258566618, -0.520658254623, -0.603078126907, -0.61650800705, -0.536937534809], "var": [0.00708811404184, 0.00561730470508, 0.00427775410935, 0.00218271231279, 0.00146312091965, 0.00201544445008], "mean": [-0.574623405933, -0.718535721302, -0.761929273605, -0.780248701572, -0.78480643034, -0.763133704662]}, "melbands_skewness": {"dmean2": 1.23214232922, "median": 3.70392131805, "min": -0.133767232299, "dvar2": 1.49796748161, "dvar": 0.69221997261, "dmean": 0.812660574913, "max": 13.4992399216, "var": 3.72334742546, "mean": 4.05753993988}, "spectral_spread": {"dmean2": 831524.875, "median": 4848073, "min": 2116796.75, "dvar2": 1322552000510.0, "dvar": 749722271744, "dmean": 559043.625, "max": 40989696, "var": 2222470987780.0, "mean": 5032416}, "dissonance": {"dmean2": 0.0239481702447, "median": 0.472018063068, "min": 0.353880286217, "dvar2": 0.00046190811554, "dvar": 0.000175521039637, "dmean": 0.01444172021, "max": 0.499973982573, "var": 0.000390741071897, "mean": 0.467873871326}, "spectral_skewness": {"dmean2": 0.250532895327, "median": 1.29926276207, "min": -0.189910963178, "dvar2": 0.051745723933, "dvar": 0.0212197862566, "dmean": 0.158323347569, "max": 2.62182641029, "var": 0.102475009859, "mean": 1.28360438347}, "spectral_flux": {"dmean2": 0.0348168537021, "median": 0.073863863945, "min": 1.03848270261e-10, "dvar2": 0.00130628107581, "dvar": 0.000565876776818, "dmean": 0.0227461010218, "max": 0.263208717108, "var": 0.00180878909305, "mean": 0.0804257392883}, "spectral_contrast_valleys": {"dmean2": [0.651606082916, 0.5632391572, 0.514705300331, 0.427013725042, 0.316162437201, 0.391017198563], "median": [-7.027967453, -6.54581832886, -7.50146865845, -7.7601017952, -7.04178380966, -9.72513389587], "min": [-26.9440555573, -27.5932292938, -27.1886138916, -27.3538322449, -27.2817592621, -27.2131500244], "dvar2": [0.304923534393, 0.20939143002, 0.178414061666, 0.141558513045, 0.0900528505445, 0.194189369678], "dvar": [0.134697765112, 0.0986258760095, 0.0859676375985, 0.0739629492164, 0.0586865656078, 0.109973058105], "dmean": [0.396956294775, 0.341427922249, 0.316758096218, 0.267267972231, 0.212231829762, 0.282036155462], "max": [-5.54986333847, -4.68841791153, -5.29119205475, -6.20895433426, -5.67779111862, -7.59710216522], "var": [1.63508617878, 1.38539206982, 1.33774030209, 1.30726051331, 1.3628385067, 1.63861978054], "mean": [-7.28673028946, -6.77939748764, -7.70976638794, -7.96622228622, -7.27994823456, -10.0049858093]}, "erbbands_flatness_db": {"dmean2": 0.0213005002588, "median": 0.12791660428, "min": 0.0339524708688, "dvar2": 0.000397204683395, "dvar": 0.000198046604055, "dmean": 0.0144607862458, "max": 0.251798719168, "var": 0.000982952187769, "mean": 0.129766017199}, "spectral_energyband_high": {"dmean2": 0.000564131361898, "median": 0.000606836751103, "min": 7.99957807788e-21, "dvar2": 1.06969082481e-06, "dvar": 5.10356585437e-07, "dmean": 0.000390449597035, "max": 0.0208814051002, "var": 1.15985790217e-06, "mean": 0.000910326722078}, "spectral_entropy": {"dmean2": 0.205995753407, "median": 7.61519956589, "min": 6.54253768921, "dvar2": 0.0395898781717, "dvar": 0.0186719112098, "dmean": 0.139770701528, "max": 9.78701305389, "var": 0.0820804014802, "mean": 7.62180185318}, "silence_rate_20dB": {"dmean2": 0, "median": 1, "min": 1, "dvar2": 0, "dvar": 0, "dmean": 0, "max": 1, "var": 0, "mean": 1}, "melbands_flatness_db": {"dmean2": 0.0338687822223, "median": 0.213485330343, "min": 0.00728364195675, "dvar2": 0.00114074558951, "dvar": 0.000523709866684, "dmean": 0.0229370333254, "max": 0.46423599124, "var": 0.00335197057575, "mean": 0.215472504497}, "barkbands": {"dmean2": [1.95018565137e-05, 0.00285055651329, 0.00614670477808, 0.0028382523451, 0.00428943429142, 0.00129739777185, 0.00206589605659, 0.00172982353251, 0.000888271373697, 0.000760001887102, 0.000218682544073, 0.000288140552584, 0.0003196161706, 0.000396370887756, 0.000323274958646, 0.00018458852719, 0.000249007134698, 0.000288791547064, 0.000475784385344, 0.000284343637759, 0.000141435564728, 0.000116657487524, 9.8991622508e-05, 0.000118255913549, 8.8330678409e-05, 6.51440786896e-05, 9.25633139559e-06], "median": [6.3168286033e-06, 0.00431507825851, 0.00584547780454, 0.00134366296697, 0.00345633225515, 0.000936745025683, 0.000787309720181, 0.000312516058329, 0.000259379216004, 0.000217897089897, 6.86673956807e-05, 9.09291557036e-05, 9.79068936431e-05, 0.000111118846689, 0.000140713251312, 0.000147768078023, 0.00021848421602, 0.000223051785724, 0.000406725448556, 0.000260564847849, 0.000128342508106, 7.13430345058e-05, 5.71756972931e-05, 5.83952605666e-05, 3.67701723007e-05, 1.84771488421e-05, 5.01225144944e-07], "min": [7.57665684714e-23, 5.12807740463e-23, 1.22158779377e-23, 6.36444064204e-24, 1.46775365362e-23, 5.42648329024e-23, 3.63640990599e-23, 5.5590125534e-23, 7.15694498024e-23, 4.01217559404e-23, 4.54618961957e-23, 6.71789781701e-23, 9.96713068863e-23, 1.04879909319e-22, 8.45205263822e-23, 2.54867831831e-22, 1.95301083718e-22, 2.23872388771e-22, 2.77674267607e-22, 3.6917357505e-22, 3.25540555044e-22, 4.64340744913e-22, 6.79971645061e-22, 1.02130734113e-21, 1.16918395e-21, 1.85554928115e-21, 2.56630018352e-21], "dvar2": [1.05735697975e-09, 1.74277665792e-05, 9.14623960853e-05, 2.35050611082e-05, 3.79259399779e-05, 5.57406974622e-06, 1.56923397299e-05, 1.79092257895e-05, 6.2178069129e-06, 2.36655910157e-06, 5.36618244951e-07, 7.95185826519e-07, 5.11469295361e-07, 8.06471518899e-07, 4.40898702436e-07, 8.21511108029e-08, 1.34185810907e-07, 2.12684454937e-07, 4.75955232559e-07, 1.77619952524e-07, 4.0480529151e-08, 4.39719229917e-08, 5.5441805813e-08, 9.85880959092e-08, 8.43435046249e-08, 3.60664209609e-08, 9.5776075959e-10], "dvar": [5.03545316555e-10, 7.33117030904e-06, 3.7561654608e-05, 9.04433636606e-06, 1.49802644955e-05, 2.14973829316e-06, 7.25094241716e-06, 8.92363823368e-06, 3.89008209822e-06, 1.12462055313e-06, 2.16277101117e-07, 4.17193035673e-07, 2.13401165183e-07, 3.49366700902e-07, 1.9108895799e-07, 3.08497867252e-08, 5.41904512374e-08, 9.93941782212e-08, 2.08645488442e-07, 7.57383560313e-08, 1.89448883248e-08, 1.94332052672e-08, 2.36920740804e-08, 4.73937227241e-08, 3.57241312088e-08, 1.72523755282e-08, 3.85957793503e-10], "dmean": [1.30777780214e-05, 0.00177679373883, 0.0037467519287, 0.00171152944677, 0.00265540764667, 0.000803946400993, 0.00134726567194, 0.00113724218681, 0.000609695445746, 0.000502491137013, 0.000138035989949, 0.000188611855265, 0.000196121603949, 0.000251245859545, 0.000202233932214, 0.000111144589027, 0.000153874017997, 0.000181307201274, 0.000307697162498, 0.000180520146387, 9.26109059947e-05, 7.66942102928e-05, 6.47815468255e-05, 7.86218879512e-05, 5.71330456296e-05, 4.29119063483e-0