{"tonal": {"thpcp": [1, 0.560519218445, 0.0958435088396, 0.0837767794728, 0.102265693247, 0.114422574639, 0.199085846543, 0.287983208895, 0.264565646648, 0.21269120276, 0.209427416325, 0.260540783405, 0.321657061577, 0.281789749861, 0.175019562244, 0.110370032489, 0.0917628705502, 0.0957569554448, 0.128518849611, 0.170796617866, 0.19330534339, 0.234131023288, 0.206108957529, 0.113640382886, 0.0770489424467, 0.0791791975498, 0.107254110277, 0.2231746912, 0.309200137854, 0.223430588841, 0.136115163565, 0.126975864172, 0.154319018126, 0.248673021793, 0.293728858232, 0.637373685837], "hpcp": {"dmean2": [0.258709192276, 0.234365776181, 0.187416478992, 0.136848390102, 0.115052007139, 0.11311442405, 0.128356739879, 0.158449187875, 0.185355648398, 0.189769715071, 0.173970267177, 0.128291130066, 0.101287849247, 0.100823380053, 0.125351041555, 0.177817538381, 0.205131918192, 0.197822898626, 0.168705314398, 0.160819798708, 0.17671404779, 0.215316429734, 0.219741493464, 0.328579306602, 0.446569979191, 0.288312405348, 0.113081045449, 0.103217668831, 0.116246975958, 0.124316051602, 0.208498954773, 0.293915450573, 0.294441431761, 0.264152050018, 0.246143326163, 0.260695040226], "median": [0.0270747207105, 0.02552722767, 0.0120315458626, 0.00579155422747, 0.00462603289634, 0.00454695196822, 0.00677450280637, 0.00831274501979, 0.00963504333049, 0.0105766635388, 0.00996487308294, 0.00543321250007, 0.00264432746917, 0.00273895077407, 0.0049463766627, 0.0106451585889, 0.012814540416, 0.0100082345307, 0.0046422034502, 0.00326627958566, 0.00760075962171, 0.0176231302321, 0.0219508334994, 0.228967308998, 0.182673245668, 0.127162232995, 0.00207630242221, 0.00221041217446, 0.00295596057549, 0.00495354924351, 0.00764867197722, 0.00990309752524, 0.00748907867819, 0.00404784362763, 0.00543644092977, 0.0138235613704], "min": [0, 0, 0, 0, 0, 0, 0, 0, 0, 0, 0, 0, 0, 0, 0, 0, 0, 0, 0, 0, 0, 0, 0, 0, 0, 0, 0, 0, 0, 0, 0, 0, 0, 0, 0, 0], "dvar2": [0.138415634632, 0.126403361559, 0.116363227367, 0.0847069323063, 0.0689513385296, 0.0662474557757, 0.0684310570359, 0.0922010838985, 0.111305914819, 0.110601112247, 0.10104740411, 0.0772328823805, 0.0639824271202, 0.059733632952, 0.0692144706845, 0.0943720415235, 0.115218013525, 0.11416785419, 0.10063033551, 0.101780496538, 0.104916922748, 0.118989348412, 0.120094954967, 0.116117946804, 0.247464939952, 0.100617595017, 0.0637610629201, 0.0660246089101, 0.0810713022947, 0.0640589669347, 0.134333819151, 0.206356674433, 0.20593623817, 0.18342474103, 0.158901184797, 0.159803986549], "dvar": [0.0555238984525, 0.0490663051605, 0.042223919183, 0.0301598701626, 0.0242821071297, 0.0238178595901, 0.0254542548209, 0.0357773527503, 0.0418276637793, 0.0465207509696, 0.0412389971316, 0.0277494341135, 0.0225800275803, 0.0210074502975, 0.0248941220343, 0.0366279110312, 0.0503467619419, 0.0429772920907, 0.0358768515289, 0.0358382500708, 0.0371366739273, 0.0437876097858, 0.0472440868616, 0.0520653910935, 0.130667492747, 0.0458826310933, 0.0224116165191, 0.023079091683, 0.0288296565413, 0.0234135501087, 0.0485922247171, 0.0792408138514, 0.0764363259077, 0.0668397247791, 0.0582800135016, 0.0604938641191], "dmean": [0.146391227841, 0.133277863264, 0.102689623833, 0.0734112486243, 0.0616748780012, 0.0608842261136, 0.0710739269853, 0.0880975052714, 0.102873936296, 0.106448560953, 0.0972396433353, 0.0698368102312, 0.0538432560861, 0.0538612753153, 0.0678164064884, 0.101440578699, 0.117711760104, 0.111458733678, 0.0912127420306, 0.0862063094974, 0.095763169229, 0.121225751936, 0.125793203712, 0.185381993651, 0.248408079147, 0.162249267101, 0.0609045624733, 0.0556994862854, 0.0631244629622, 0.068711027503, 0.114534437656, 0.160230726004, 0.159912392497, 0.140864938498, 0.133318856359, 0.14379017055], "max": [1, 1, 1, 1, 1, 1, 1, 1, 1, 1, 1, 1, 1, 1, 1, 1, 1, 1, 1, 1, 1, 1, 1, 1, 1, 1, 1, 1, 1, 1, 1, 1, 1, 1, 1, 1], "var": [0.0657664313912, 0.0542048066854, 0.0322053655982, 0.0201528389007, 0.0161897335202, 0.0171346012503, 0.0221475046128, 0.0362562760711, 0.0372660569847, 0.056360732764, 0.0474732629955, 0.0198302250355, 0.0139675941318, 0.0135913062841, 0.0179606229067, 0.041322145611, 0.0750549733639, 0.0420875959098, 0.0250152684748, 0.0248152334243, 0.027802919969, 0.0446365512908, 0.059689220041, 0.0781598687172, 0.211818382144, 0.0715066343546, 0.0158905107528, 0.0153163792565, 0.0210650656372, 0.0189074967057, 0.0394000783563, 0.0720319524407, 0.0622366108, 0.0499423518777, 0.0448867827654, 0.0541430674493], "mean": [0.145000725985, 0.127028822899, 0.0788975805044, 0.0497540272772, 0.0413660518825, 0.0431665554643, 0.0579353868961, 0.0769939050078, 0.0871406793594, 0.105544604361, 0.0929124578834, 0.0512282773852, 0.0347331166267, 0.0356934219599, 0.048349391669, 0.10060556978, 0.139385223389, 0.100720927119, 0.0613597519696, 0.0572398193181, 0.0695659220219, 0.112100034952, 0.132410883904, 0.287323534489, 0.450792908669, 0.252678096294, 0.0432055741549, 0.0377659797668, 0.0461006499827, 0.0515808835626, 0.0897464901209, 0.129820793867, 0.119264312088, 0.095879688859, 0.0944083929062, 0.117449939251]}, "tuning_equal_tempered_deviation": 0.213430866599, "chords_changes_rate": 0.0898089185357, "key_key": "F", "tuning_diatonic_strength": 0.559794962406, "key_scale": "major", "chords_number_rate": 0.00148619955871, "tuning_frequency": 434.193115234, "tuning_nontempered_energy_ratio": 0.803884804249, "chords_histogram": [35.5626335144, 8.85350322723, 3.90658164024, 12.0594482422, 0.552016973495, 0.552016973495, 0.233545646071, 0, 0.148619964719, 0.106157109141, 2.39915084839, 0.106157109141, 0, 0, 0, 0, 0.0424628444016, 11.6560506821, 0.828025460243, 0.467091292143, 0, 0.276008486748, 0.445859879255, 21.8046703339], "key_strength": 0.602924585342, "chords_key": "F", "chords_strength": {"dmean2": 0.0131154069677, "median": 0.471433758736, "min": 0.226033404469, "dvar2": 0.000123976074974, "dvar": 8.52764787851e-05, "dmean": 0.0117248520255, "max": 0.751886963844, "var": 0.00831420626491, "mean": 0.473484188318}, "chords_scale": "major", "hpcp_entropy": {"dmean2": 1.10456478596, "median": 1.94099116325, "min": 0, "dvar2": 0.819256722927, "dvar": 0.316811233759, "dmean": 0.658069491386, "max": 4.45133399963, "var": 0.5391664505, "mean": 1.9677336216}}, "metadata": {"audio_properties": {"equal_loudness": 0, "codec": "mp3", "downmix": "mix", "sample_rate": 44100, "analysis_sample_rate": 44100, "bit_rate": 192000, "md5_encoded": "0efc30221dc8360ddd09ec099ee6e233", "length": 218.644897461, "replay_gain": -6.8151512146, "lossless": false}, "version": {"essentia_build_sha": "2d9f1f26377add8aeb1075a9c2973f962c4f09fd", "essentia": "2.1-beta2", "extractor": "music 1.0", "essentia_git_sha": "v2.1_beta2-1-ge3940c0"}, "tags": {"title": ["Jammin'"], "acoustid_fingerprint": ["AQADtJKUhmSSAMclEZeE-kQYmYdq6VB-fEM5aGG2B-_RM6AuexCfYKKoIfiU9ngeNP-I3sJ7XEmQa1GgDCC3I9-DnyPKLvCLHI0i9BFE92AuHc2VI-KPG6U2fDtCMkfzB7JVPM_wzQnOY0oPjeHA6T5yTEbjHFcRO1vRXIG2Y-pyOD98BtOzQ4_0oW8QZlRyocmPzkPVboN3pJ8FnVFg0wg1XsGj4zdGOsgnHc2zQePx49ShpzGqMbKMpg5uaM_RZruIvDia_EF_NKxS4haaqQluHk-PdB-0C95TpC9-wU-PzitqZXAeeDLCJwq0OL0Q6j36o1nB7AljMHmNTkou-BqJfB-kpJsQ-oUfdGnWoUeWl4CuCflCVD-ew-2DPzlyBbrkBv1G3BfCxAzaiMhxHtNT9IcYOsSRS7mMXnnQ8Gh5-EuMH-GTBcqpB0eT49lBHR4ZQbMehHqG5kOjVAej5cX34GjOw9cHdzz6LCPyQ5MohUSYZ8fxK3hQJxWoSkfOPBC5I8-MJjyuh-gU-MmO9Ie6X0gf1Mqc4NRx4mKQR4Z0ZsJrhH_wDP5xIpda4ks8dKMy6BeqjWjiHpElItYe6Ii3ePCJY_zxyOizC2c6pEV1aJFCIYfzGf0VoK2C9CN0B6F6_GiyiR76ZEV5-BfSZ0FJaGGPfghjsWgvDdmDct1xM3iM62iuQP9Qdge6ZtLRX3BMtBm3QzeFgJVo9Png42UCJ82I8AxD9CEHcczx6fCzwxfUwzIHev2g5TuOMEc_HH32wJqjok-Moz6FMBd-QsvBMxea56imHI2OE36Gj2mRP8JkOA2DduERdUf1QmQUWkhPF_0ulEeYM8aZB-JBH2Hiow-L_EMpHuqL8Azqw5YunLi6o9fwozuc5khP6JeEnIfXpegf9EJlIk7T4SQlaF2O_PgfPNnhM0dOQcxTeD86RSinHc3BH30tNNM-6DueFS_RhFIjFdNJIT-a7_jhS0jjLMY0_Xi-oj_KIz4cbsF58FLQKB0pNKQ-nCqDrxf-oHkOx8l6NNUSDbmgRxcaRSfCB93xoN7wHJPE5EjoHOkj4hEXwf9QLdvRc7BFhNE7JPl0NC_6OTh19CH65cjLQm-Fzjvy4wTSTcoh_vClXAh5dGgoLfjRJ0e6CyKLcD7RTEdpS7iO5tGEi_MKx3jjIH3GQ8uV4xyOS9AX3DnS49oeNC9xoZE44snxo8mP7IcfqRAfVD_C97DysLgPf7ALnkhLHZV6aGGOcJl01M3RCC8rIgzjQ09ypL9wcUcj7cK1Cx96FiH0MMJzC7d65Oh3-EQOvylsodO0ozp8ZngO8fCeo_rxB6LyFbyyI2d2nEmK-oMf9IvRSNGF8IeuI8wXTDoVXEPo4kwDvUQulF-EemjSUniHfivCPNB5TNmRHw2l44-EF43CItfhToGI8BfKHy6VbLAkEZc0EumOO9mhhbFwHuFfNIyOH0-Et0FecGIo9LrwT1Ad-NWIHtq0EOapwY8CrT8670UYa8FRb0FzHr_wHLVDodkibXhMofnBEKkpHNomhDn6LNPQjMcfTEe-ZCHh6tCeIGikvPCJqj2uxvDDY0cuQjzCH02aLA1-BT0sThmoKkcuMPk-6HoRhtKM-ujCaMUR85MIR0sCzTpyCs2P7shF4Q1zPIP-BH1yNBz6wznX4Pnhc_CXDj6YV8SP5gt6cBf6o6niKXiOl8Mlw-HUGTuqr2iuD9r7wN-x6THCG_2RHxqHeibCvOB19DSs_EHDZdlxUif4o5R4OD8uCT0T4_2GkKJaSEmVRUXQPLB69CGao1IR_hDJS7iT44eeIw-cphW6GT2aUFmK50V-JE-FF39GvEfzCw8Z_Mcv5FlmPEdN0dCPhjF6JtAT9MHxIKXCgWmOex6qV4VPmHmQH76hZwiz58KLe4j7BYfWH80mF-FnuDuoVeg0bQKvp_jRjIxF-PAYorJ0Ic8uaImasUN41IevwN_AO2geV_giM8gVaOFIoYc-PEer0EajbRmuo3mIUuKGPzi0C6URHs0l9IefBa1RHXmCN67gbjnCoXo2-Dt-8H7Qu8hHDj7UbNPx7sMTd_iGPYfrQT_yEM4jPD56Hj72I3yPX5CSKsPJEGFOjD9CSiphCd4B8cuL6bkQskTDEb_AsDsu6YgsByYPjT1Ww5CmJ8ZXGbmU40cfHk0-5Hsy_FC5HF-KxtGMPgOj5Sr8o_kL_RYuXSAfRkidCJePVkX6eASjRXqgT0dOYwqzWOgf4cKRH1rULEdoSSsuolYEj0eTKYmCixwRKfNF6FmQJTEeDc2YHd2TCeEPV6QEKXEffEd_NI9Qu1CWScc7E-JxukRutHLw8EKkPOjmQHuQnkizDOeKhFtf9ELVHt8CRgnl45G24D3CXFmR1Db60PiUayDbyeioZ0KYC4z0ShDtY_uJnhP6HuI1eDsR7wwahWdw4ouPR0aYOoci8UK-bMKjC1x1eMfn4V_x9_h99DyanCn6onmE8ISeJT1aIgh5ND7-B98y9ETtEHqyC9V2QiYVMBakHFryK-jhx0Eke6i6w1XII9Wao8mzQ8dx7Wgm74PfGYeWTDreveh_ND80HkYuCt1xp_hfPIh0wlVp5NmR8rh39ANzo_lyQn_RjEd4gjkoUQtO-EijH7rhB-HDdKjaw8_y4jjCLoceyih_wi-eBz1I6BeOh0PDrUTaIa0uPNCTPPCkIsx5nEdPo9HEDLkeXKOP5oc-IXwHAxRDwChECBLEACGgIEIoJYhQSCBCFDAEAKqAMQRQgBQgQoBDiAXGKAGEAAIgKARQQlBCAKCECEIVAAgBYwwDSChnCHIIASMAAIgIQAATwGrhBEAGCkAAIUQQT5AilAwAhCBAECCANoZiBSACCiAAgBHAKCBAcMwIJBRQBghgAEFEAKQIAcog4gRRhiiEPSAKCQYqAEQIJ4iABgCkgRWAMaONcQAggASgQABkEBDKCiGMkmQQAYBQBBBhAIIAGAgERQAIAYjxTAmChBEWeCAIEwYJASQQxhGDHAFCGQAME8IpY4ASigmEmGAMASCUUUJIBggASiCGAABHAAFBBUgAYwwQBhhAiADEAESENAIwAAwRwDghEEJCAUGYoQ4bpgFRhBKEhFFAIMCAEIA6I5QDgBBjBEECEQKFEUIAUpBQgFDAGCIAGIQEEEoIZQgCCBBhOAAAIQMQkkYZgAwSRhgAHEDCEIKIY8IIoQgwQAABSCDMMOIIMkgghJQQCAhAgDACC0GQAhgQYBwDSgoDBTAMAECUAIAAIiCjQEgkEKOMaQMEAIIRLRiBgCgCBABEGAAkAQJQIwiAABlnBFSKEAYMBUYwQYQBiDjEEDDCYNCQUAAgphRQihABiGGAKKYAAkJBAQAxTBnGGHJEMQUFBEYBYQRiFgBgoABCIieERwYARqChABhEkBAUCCCYIQoYAIAAQAIADCKSMKEAE0gARAgjQCAghQEsQcAJEogCQYQQlADEkABUASOAA8QgYAgRgBBAiACKCIOQEcoBxxQjCDHHBCFCECEIYEIYIBwRBAlDEBGEICGEMQYSRRRTBAAFiCFAIgOEmQhAAQwQAgFCLCPGgAAAEAwqIwBwQAHlFBIGAWCQQEQIIIAC"], "date": ["1996"], "genre": ["Reggae"], "musicbrainz album type": ["Compilation"], "musicip_puid": ["6599e06d-e932-0ae8-0f8d-8edc60db2e9e"], "musicbrainz_recordingid": ["05e784d2-b307-4872-95bc-4384698d9921"], "musicbrainz_albumartistid": ["89ad4ac3-39f7-470e-963a-56509c546377"], "musicbrainz_albumid": ["b7e9c890-05c6-4187-ab38-01412a2cad4e"], "artist": ["Michael Spence"], "tracknumber": ["09"], "bpm": ["120.00"], "album": ["Trojan Bob Marley Covers Box Set (Disc 3)"], "musicbrainz album release country": ["United States"], "acoustid_id": ["28e962a0-2c88-48c2-91e3-b754ffbeea98"], "musicbrainz_artistid": ["1a803ac7-1cab-4c00-bae3-d44aec4af5bf"], "file_name": "Michael Spence - Jammin'.mp3"}}, "rhythm": {"bpm_histogram_first_peak_bpm": {"dmean2": 0, "median": 120, "min": 120, "dvar2": 0, "dvar": 0, "dmean": 0, "max": 120, "var": 0, "mean": 120}, "bpm": 119.998390198, "bpm_histogram_second_peak_spread": {"dmean2": 0, "median": 0.5, "min": 0.5, "dvar2": 0, "dvar": 0, "dmean": 0, "max": 0.5, "var": 0, "mean": 0.5}, "bpm_histogram_first_peak_weight": {"dmean2": 0, "median": 0.678160905838, "min": 0.678160905838, "dvar2": 0, "dvar": 0, "dmean": 0, "max": 0.678160905838, "var": 0, "mean": 0.678160905838}, "onset_rate": 4.87509727478, "beats_position": [0.522448956966, 1.05650794506, 1.60217678547, 2.13623571396, 2.6470746994, 3.16952371597, 3.66875267029, 4.15637159348, 4.65560102463, 5.15482997894, 5.66566896439, 6.15328788757, 6.66412687302, 7.1517457962, 7.66258478165, 8.16181373596, 8.66104316711, 9.16027164459, 9.65950107574, 10.1703395844, 10.6695690155, 11.1687984467, 11.6680269241, 12.1672563553, 12.6664848328, 13.1657142639, 13.6765527725, 14.1641721725, 14.6750106812, 15.1626300812, 15.6734695435, 16.1610889435, 16.6719264984, 17.1595458984, 17.6703853607, 18.1696147919, 18.6688423157, 19.1564617157, 19.667301178, 20.1665306091, 20.6657600403, 21.1649875641, 21.6642169952, 22.1750564575, 22.6858959198, 23.1735134125, 23.6727428436, 24.1719722748, 24.6712017059, 25.1704311371, 25.6696586609, 26.168888092, 26.6681175232, 27.1673469543, 27.6781845093, 28.1658039093, 28.6650333405, 29.1642627716, 29.6751022339, 30.1859397888, 30.6735591888, 31.17278862, 31.6720180511, 32.171245575, 32.6704750061, 33.1697044373, 33.6689338684, 34.1681632996, 34.6673927307, 35.1782302856, 35.6774597168, 36.1766891479, 36.6759185791, 37.1751480103, 37.6743774414, 38.1736030579, 38.672832489, 39.1720619202, 39.6712913513, 40.1705207825, 40.6697502136, 41.1689796448, 41.6798171997, 42.1790466309, 42.678276062, 43.1658935547, 43.6767349243, 44.1759643555, 44.6751937866, 45.1628112793, 45.6736488342, 46.1728782654, 46.6721076965, 47.1713371277, 47.6705665588, 48.16979599, 48.6690254211, 49.1682548523, 49.6674804688, 50.1667098999, 50.6659393311, 51.1767807007, 51.6760063171, 52.1752357483, 52.6744651794, 53.1736946106, 53.6729240417, 54.1721534729, 54.6713829041, 55.1706123352, 55.6814498901, 56.1690673828, 56.6799087524, 57.1675262451, 57.6783676147, 58.1775970459, 58.6768226624, 59.1644439697, 59.6752815247, 60.1745109558, 60.673740387, 61.1729698181, 61.6721992493, 62.1714286804, 62.6706581116, 63.169883728, 63.6691131592, 64.1683425903, 64.6675720215, 65.1784133911, 65.6776428223, 66.1768722534, 66.6761016846, 67.1753311157, 67.6745529175, 68.1737823486, 68.6846237183, 69.1722412109, 69.6714706421, 70.1707000732, 70.6815414429, 71.1691589355, 71.6800003052, 72.1676177979, 72.6784591675, 73.1660766602, 73.6769180298, 74.1761474609, 74.6753692627, 75.1745986938, 75.673828125, 76.1730575562, 76.6722869873, 77.1715164185, 77.6707458496, 78.1699752808, 78.6692047119, 79.1800460815, 79.6792755127, 80.1785049438, 80.677734375, 81.1769561768, 81.6761856079, 82.1754150391, 82.6746444702, 83.1738739014, 83.684715271, 84.1839447021, 84.6831741333, 85.170791626, 85.6700210571, 86.1692504883, 86.6684799194, 87.1677093506, 87.6785507202, 88.1661682129, 88.665397644, 89.1646270752, 89.6754608154, 90.1746902466, 90.6739196777, 91.1731491089, 91.67237854, 92.1716079712, 92.6708374023, 93.1700668335, 93.6692962646, 94.1685256958, 94.667755127, 95.1669845581, 95.6662139893, 96.1654434204, 96.6646728516, 97.1638946533, 97.6631240845, 98.1739654541, 98.6731948853, 99.1724243164, 99.6716537476, 100.170883179, 100.67011261, 101.169342041, 101.668571472, 102.167800903, 102.667030334, 103.166259766, 103.677093506, 104.164710999, 104.66394043, 105.163169861, 105.67401123, 106.173240662, 106.672470093, 107.183311462, 107.682540894, 108.181770325, 108.680992126, 109.180221558, 109.679450989, 110.17868042, 110.677909851, 111.177139282, 111.676368713, 112.175598145, 112.686439514, 113.174057007, 113.684898376, 114.184127808, 114.683357239, 115.170974731, 115.681808472, 116.181037903, 116.680267334, 117.179496765, 117.678726196, 118.177955627, 118.677185059, 119.17641449, 119.675643921, 120.174873352, 120.674102783, 121.173332214, 121.672561646, 122.171791077, 122.671020508, 123.181854248, 123.681083679, 124.18031311, 124.679542542, 125.178771973, 125.678001404, 126.177230835, 126.688072205, 127.175689697, 127.674919128, 128.17414856, 128.673370361, 129.172607422, 129.683441162, 130.182678223, 130.681900024, 131.169525146, 131.680358887, 132.179595947, 132.678817749, 133.166442871, 133.677276611, 134.164901733, 134.675735474, 135.174957275, 135.674194336, 136.173416138, 136.672653198, 137.171875, 137.671112061, 138.170333862, 138.669570923, 139.180404663, 139.679641724, 140.178863525, 140.678085327, 141.177322388, 141.676544189, 142.17578125, 142.68661499, 143.174240112, 143.685073853, 144.172698975, 144.683532715, 145.171157837, 145.681991577, 146.169616699, 146.680450439, 147.168075562, 147.678909302, 148.178131104, 148.677368164, 149.176589966, 149.675827026, 150.175048828, 150.674285889, 151.17350769, 151.672744751, 152.171966553, 152.671203613, 153.170425415, 153.669662476, 154.180496216, 154.679718018, 155.178955078, 155.689788818, 156.17741394, 156.676635742, 157.175872803, 157.686706543, 158.174331665, 158.673553467, 159.172790527, 159.683624268, 160.182861328, 160.68208313, 161.169708252, 161.680541992, 162.179763794, 162.679000854, 163.166610718, 163.677459717, 164.16506958, 164.675918579, 165.175140381, 165.674377441, 166.173599243, 166.672836304, 167.183670044, 167.682891846, 168.182128906, 168.681350708, 169.180587769, 169.67980957, 170.179046631, 170.678268433, 171.177505493, 171.676727295, 172.175964355, 172.686798096, 173.174423218, 173.685256958, 174.17288208, 174.68371582, 175.171340942, 175.682174683, 176.181396484, 176.680633545, 177.168243408, 177.679092407, 178.178314209, 178.67755127, 179.165161133, 179.676010132, 180.175231934, 180.674468994, 181.173690796, 181.672927856, 182.172149658, 182.671386719, 183.182220459, 183.681442261, 184.180679321, 184.679901123, 185.179138184, 185.678359985, 186.177597046, 186.676818848, 187.176055908, 187.686889648, 188.174514771, 188.673736572, 189.172973633, 189.683807373, 190.171432495, 190.682266235, 191.169876099, 191.680725098, 192.179946899, 192.67918396, 193.166793823, 193.677642822, 194.176864624, 194.676101685, 195.163711548, 195.674560547, 196.173782349, 196.673019409, 197.172241211, 197.671463013, 198.170700073, 198.669921875, 199.180770874, 199.679992676, 200.179229736, 200.678451538, 201.177688599, 201.6769104, 202.176147461, 202.686981201, 203.174606323, 203.685440063, 204.184661865, 204.683898926, 205.171508789, 205.682357788, 206.18157959, 206.68081665, 207.168426514, 207.679275513, 208.178497314, 208.677734375, 209.176956177, 209.676193237, 210.175415039, 210.6746521, 211.173873901, 211.673095703, 212.172332764, 212.683166504, 213.182403564, 213.681625366, 214.180862427, 214.680084229, 215.179321289, 215.678543091, 216.177780151, 216.677001953, 217.176239014, 217.687072754, 218.197906494], "beats_loudness": {"dmean2": 0.0891744270921, "median": 0.102841690183, "min": 5.62652946456e-09, "dvar2": 0.00613199686632, "dvar": 0.00214396417141, "dmean": 0.0523990131915, "max": 0.338005125523, "var": 0.00312950951047, "mean": 0.108196087182}, "danceability": 1.53798294067, "bpm_histogram_second_peak_weight": {"dmean2": 0, "median": 0.0045977011323, "min": 0.0045977011323, "dvar2": 0, "dvar": 0, "dmean": 0, "max": 0.0045977011323, "var": 0, "mean": 0.0045977011323}, "beats_count": 436, "bpm_histogram_second_peak_bpm": {"dmean2": 0, "median": 112, "min": 112, "dvar2": 0, "dvar": 0, "dmean": 0, "max": 112, "var": 0, "mean": 112}, "bpm_histogram_first_peak_spread": {"dmean2": 0, "median": 0.315545231104, "min": 0.315545231104, "dvar2": 0, "dvar": 0, "dmean": 0, "max": 0.315545231104, "var": 0, "mean": 0.315545231104}, "beats_loudness_band_ratio": {"dmean2": [0.388721615076, 0.0829650685191, 0.0907119065523, 0.0516315996647, 0.040276914835, 0.280174434185], "median": [0.755873203278, 0.037161000073, 0.024204891175, 0.0064106034115, 0.0120986578986, 0.119901202619], "min": [0.000380667945137, 5.92378364672e-06, 4.85196142108e-05, 7.19188028597e-06, 1.80385395652e-05, 0.00198677158915], "dvar2": [0.0906264781952, 0.00691279582679, 0.0121460501105, 0.0102824382484, 0.00215832423419, 0.0527717620134], "dvar": [0.0320219658315, 0.00243011908606, 0.00461170263588, 0.00386614119634, 0.00118396594189, 0.0178724192083], "dmean": [0.217482894659, 0.046586278826, 0.0516640655696, 0.0293436124921, 0.0226304773241, 0.157359793782], "max": [0.976262629032, 0.333987385035, 0.679929554462, 0.690602838993, 0.602808058262, 0.590531647205], "var": [0.0437473282218, 0.00234201387502, 0.00410221423954, 0.00281917932443, 0.00137441931292, 0.0223186947405], "mean": [0.687168776989, 0.0516438744962, 0.0454251430929, 0.0228818003088, 0.0207221042365, 0.183587789536]}}, "lowlevel": {"barkbands_spread": {"dmean2": 25.8909816742, "median": 24.3575630188, "min": 0.40543615818, "dvar2": 789.501464844, "dvar": 441.628875732, "dmean": 17.3812217712, "max": 137.782516479, "var": 945.951599121, "mean": 34.4218482971}, "melbands_spread": {"dmean2": 18.8733100891, "median": 12.5592422485, "min": 0.195090070367, "dvar2": 1087.73266602, "dvar": 506.247375488, "dmean": 12.4841308594, "max": 304.409423828, "var": 1204.74511719, "mean": 23.9268093109}, "hfc": {"dmean2": 55.8473091125, "median": 15.6660461426, "min": 1.13112343025e-16, "dvar2": 7686.484375, "dvar": 4074.8671875, "dmean": 40.7732963562, "max": 512.521606445, "var": 6976.61328125, "mean": 54.8208503723}, "barkbands_kurtosis": {"dmean2": 22.5509967804, "median": 4.50176477432, "min": -1.97633552551, "dvar2": 1780.23083496, "dvar": 995.405334473, "dmean": 15.2992191315, "max": 449.747772217, "var": 2184.63549805, "mean": 21.5544891357}, "gfcc": {"mean": [-31.1969337463, 39.8766174316, -49.1740722656, 41.1776390076, -51.6249427795, 20.5576896667, -27.0815258026, 9.54178524017, -20.6169242859, 8.99900913239, -16.8239002228, -0.733237922192, -8.90428352356], "icov": [[8.46504044603e-05, -4.48398423032e-05, 6.9496803917e-05, -1.53675478032e-06, -8.80140578374e-06, -0.000156963258632, 0.000243011047132, -0.000399548560381, 0.000415308750235, -0.000371011119569, 0.000207162302104, -9.23062543734e-05, 2.75090933428e-05], [-4.48398423032e-05, 0.000887811358552, -7.80511181802e-05, 0.000270253192866, -0.000448441365734, 0.000870673917234, -0.00122998584993, 0.0010826617945, -0.00163889152464, 0.00179728772491, -0.0014989230549, 0.00127298710868, -0.000697953277268], [6.9496803917e-05, -7.80511181802e-05, 0.00065434735734, -0.000541070068721, 0.000276378385024, -0.000711375440005, 0.000904494896531, -0.00100268889219, 0.000755340734031, -0.000951660564169, 0.00118433893658, -0.00121677119751, 0.000926032080315], [-1.53675478032e-06, 0.000270253192866, -0.000541070068721, 0.00211867829785, -0.00125524098985, 0.00120610930026, -0.00120253558271, 0.00145845522638, -0.00193030189257, 0.0019245473668, -0.00191952905152, 0.00200468651019, -0.00126384664327], [-8.80140578374e-06, -0.000448441365734, 0.000276378385024, -0.00125524098985, 0.00388282933272, -0.00259169889614, 0.00188946467824, -0.00247491430491, 0.00135407072958, -0.0021711140871, 0.00158158573322, -0.000869174720719, 0.000542772992048], [-0.000156963258632, 0.000870673917234, -0.000711375440005, 0.00120610930026, -0.00259169889614, 0.00631552794948, -0.0051567251794, 0.00372659321874, -0.00314371031709, 0.0026045832783, -0.00156986678485, 0.000549883232452, -8.48245690577e-05], [0.000243011047132, -0.00122998584993, 0.000904494896531, -0.00120253558271, 0.00188946467824, -0.0051567251794, 0.00963828805834, -0.00565350987017, 0.00348091777414, -0.00230826041661, 2.28441440413e-05, -0.00152367295232, 0.0016425306676], [-0.000399548560381, 0.0010826617945, -0.00100268889219, 0.00145845522638, -0.00247491430491, 0.00372659321874, -0.00565350987017, 0.00912161078304, -0.0058414763771, 0.00432344712317, -0.00326654338278, 0.00166757544503, -0.000347623747075], [0.000415308750235, -0.00163889152464, 0.000755340734031, -0.00193030189257, 0.00135407072958, -0.00314371031709, 0.00348091777414, -0.0058414763771, 0.0122313490137, -0.00799532048404, 0.00553061999381, -0.00179646548349, -0.0015294959303], [-0.000371011119569, 0.00179728772491, -0.000951660564169, 0.0019245473668, -0.0021711140871, 0.0026045832783, -0.00230826041661, 0.00432344712317, -0.00799532048404, 0.0153396548703, -0.00823664758354, 0.00576824788004, -0.00270082685165], [0.000207162302104, -0.0014989230549, 0.00118433893658, -0.00191952905152, 0.00158158573322, -0.00156986678485, 2.28441440413e-05, -0.00326654338278, 0.00553061999381, -0.00823664758354, 0.0147285163403, -0.00862629525363, 0.00323424790986], [-9.23062543734e-05, 0.00127298710868, -0.00121677119751, 0.00200468651019, -0.000869174720719, 0.000549883232452, -0.00152367295232, 0.00166757544503, -0.00179646548349, 0.00576824788004, -0.00862629525363, 0.0168179050088, -0.00593412760645], [2.75090933428e-05, -0.000697953277268, 0.000926032080315, -0.00126384664327, 0.000542772992048, -8.48245690577e-05, 0.0016425306676, -0.000347623747075, -0.0015294959303, -0.00270082685165, 0.00323424790986, -0.00593412760645, 0.0141242165118]], "cov": [[18827.9648438, -911.137084961, -959.185180664, -1047.31445313, 523.644714355, 195.347991943, -1.46944308281, 675.690063477, -405.43460083, 263.553131104, 37.7163963318, 30.1939735413, -104.128883362], [-911.137084961, 2414.44335938, -819.832519531, 240.108215332, 9.31682491302, -92.6460189819, 247.375442505, -5.97510623932, 227.645904541, -87.5674133301, 133.262695313, -88.8788604736, 106.542259216], [-959.185180664, -819.832519531, 2995.04980469, 431.261901855, 213.331466675, 195.707962036, -130.951828003, 140.222213745, 15.1440181732, 21.0504550934, -147.784225464, 80.1595153809, -111.579322815], [-1047.31445313, 240.108215332, 431.261901855, 905.918029785, 207.974151611, -6.95122909546, 16.9841575623, 11.0999774933, 160.018707275, 2.76640629768, -0.194059148431, -54.9854431152, 51.7564926147], [523.644714355, 9.31682491302, 213.331466675, 207.974151611, 490.554321289, 182.075439453, 53.7070503235, 128.023925781, 73.8486557007, 46.4069404602, -7.60272979736, -8.10203742981, -1.58126890659], [195.347991943, -92.6460189819, 195.707962036, -6.95122909546, 182.075439453, 399.063323975, 176.755462646, 47.4166870117, 12.5964279175, 3.1851952076, 28.6390304565, 34.1777992249, -32.6257667542], [-1.46944308281, 247.375442505, -130.951828003, 16.9841575623, 53.7070503235, 176.755462646, 307.948883057, 123.642852783, 8.15790843964, -12.2011842728, 87.2223205566, 24.1907062531, -22.6977272034], [675.690063477, -5.97510623932, 140.222213745, 11.0999774933, 128.023925781, 47.4166870117, 123.642852783, 289.025817871, 67.3244857788, 14.9873399734, 28.7149963379, 12.8849334717, -12.7171773911], [-405.43460083, 227.645904541, 15.1440181732, 160.018707275, 73.8486557007, 12.5964279175, 8.15790843964, 67.3244857788, 228.646865845, 62.1312446594, -23.6392841339, -30.4245738983, 52.5817642212], [263.553131104, -87.5674133301, 21.0504550934, 2.76640629768, 46.4069404602, 3.1851952076, -12.2011842728, 14.9873399734, 62.1312446594, 137.265975952, 27.9368305206, -11.5806627274, 15.7638998032], [37.7163963318, 133.262695313, -147.784225464, -0.194059148431, -7.60272979736, 28.6390304565, 87.2223205566, 28.7149963379, -23.6392841339, 27.9368305206, 157.962280273, 50.3143768311, -5.03865766525], [30.1939735413, -88.8788604736, 80.1595153809, -54.9854431152, -8.10203742981, 34.1777992249, 24.1907062531, 12.8849334717, -30.4245738983, -11.5806627274, 50.3143768311, 108.888290405, 12.1118717194], [-104.128883362, 106.542259216, -111.579322815, 51.7564926147, -1.58126890659, -32.6257667542, -22.6977272034, -12.7171773911, 52.5817642212, 15.7638998032, -5.03865766525, 12.1118717194, 105.356987]]}, "spectral_energyband_middle_low": {"dmean2": 0.00786054879427, "median": 0.00506247766316, "min": 1.79817574306e-22, "dvar2": 0.000370849040337, "dvar": 0.000138955336297, "dmean": 0.00488234963268, "max": 0.14694622159, "var": 0.000135773836519, "mean": 0.0081973336637}, "melbands_crest": {"dmean2": 7.06887197495, "median": 21.0219688416, "min": 1.41378736496, "dvar2": 42.6548652649, "dvar": 18.2210483551, "dmean": 4.5184803009, "max": 38.5835571289, "var": 54.2905883789, "mean": 21.1961135864}, "spectral_kurtosis": {"dmean2": 1.54686307907, "median": 1.41597700119, "min": -1.25289416313, "dvar2": 3.03820014, "dvar": 1.29483950138, "dmean": 1.01282918453, "max": 20.6941375732, "var": 3.97859692574, "mean": 1.75472855568}, "spectral_rms": {"dmean2": 0.00229234853759, "median": 0.00526055973023, "min": 3.19961418471e-12, "dvar2": 7.27809583623e-06, "dvar": 3.56413715963e-06, "dmean": 0.00160360138398, "max": 0.0254120547324, "var": 1.10943265099e-05, "mean": 0.00560214323923}, "zerocrossingrate": {"dmean2": 0.0424838922918, "median": 0.07275390625, "min": 0.0009765625, "dvar2": 0.00212648091838, "dvar": 0.00183246843517, "dmean": 0.0383100360632, "max": 0.587890625, "var": 0.00862751062959, "mean": 0.101790778339}, "silence_rate_60dB": {"dmean2": 0.0947323739529, "median": 0, "min": 0, "dvar2": 0.106147922575, "dvar": 0.045124027878, "dmean": 0.0473611541092, "max": 1, "var": 0.089077398181, "mean": 0.0988532602787}, "erbbands_kurtosis": {"dmean2": 2.85351276398, "median": -0.329076349735, "min": -1.94179308414, "dvar2": 24.4794216156, "dvar": 10.6179485321, "dmean": 1.81253385544, "max": 48.575340271, "var": 16.6084938049, "mean": 1.00623250008}, "erbbands": {"dmean2": [1.19368767738, 5.03314495087, 5.43528270721, 7.02659273148, 14.5292234421, 10.6710710526, 7.77319526672, 8.24230861664, 6.93450546265, 10.5495815277, 17.8125686646, 17.5397586823, 12.8000717163, 9.7786026001, 11.8230838776, 12.9702005386, 13.4590120316, 21.7469863892, 28.7854480743, 16.1296958923, 7.76560020447, 8.45556640625, 8.30020427704, 12.7079029083, 20.7407894135, 14.3125267029, 11.6084060669, 11.8787117004, 10.6343793869, 7.0105009079, 7.59325695038, 13.5274066925, 16.1179141998, 17.0522174835, 7.84571886063, 4.70387363434, 2.83779168129, 1.12204384804, 0.0867188721895, 0.00156235496979], "median": [0.575228393078, 1.46451365948, 1.60673332214, 1.95265269279, 3.51467585564, 3.20973300934, 2.23118042946, 1.72227358818, 1.77348971367, 2.09985971451, 2.31530237198, 3.3318593502, 2.35746526718, 1.81543898582, 1.67454624176, 0.973671019077, 1.45031428337, 1.55883395672, 1.87088406086, 1.5325820446, 1.23777186871, 1.23948407173, 0.82320690155, 1.54387164116, 3.48537063599, 3.06775760651, 1.69514846802, 3.15859127045, 2.7492389679, 1.80770564079, 1.76382088661, 1.93154799938, 1.54958307743, 0.787592411041, 0.258794307709, 0.142904311419, 0.0720098465681, 0.0220318697393, 0.00164154800586, 7.39032984711e-05], "min": [4.88561677712e-22, 4.31627650002e-21, 2.1852858088e-20, 3.19527204426e-20, 7.21013144155e-20, 1.04969426528e-19, 1.06506702922e-19, 3.94670410921e-19, 1.0608090524e-19, 3.62197704066e-19, 8.10762886851e-19, 8.41104595503e-19, 1.85274395141e-18, 2.24873929888e-18, 1.61983491313e-18, 1.75466597336e-18, 5.84993833803e-18, 3.87449082814e-18, 6.18416728198e-18, 9.85121155225e-18, 1.25012054129e-17, 9.57444022801e-18, 1.59525569618e-17, 1.55149784178e-17, 1.73104086789e-17, 2.01341501729e-17, 1.55626107862e-17, 1.7163967932e-17, 1.92768452968e-17, 1.85868790586e-17, 1.69746477965e-17, 1.73980319212e-17, 1.9696247374e-17, 1.4812758326e-17, 8.04904638657e-18, 5.63894400251e-18, 3.4554034931e-18, 1.13795805556e-18, 3.11209386379e-19, 3.475565426e-20], "dvar2": [4.69065237045, 136.439331055, 279.803314209, 383.430084229, 2525.03125, 497.140014648, 330.356323242, 461.959899902, 511.668395996, 1269.69091797, 4614.32177734, 6204.24072266, 2457.65942383, 909.566589355, 1570.60559082, 4825.45263672, 4105.91503906, 11284.7275391, 14958.7509766, 12988.2226563, 901.82208252, 569.906616211, 901.678405762, 1964.94482422, 3499.07275391, 965.940856934, 1056.94287109, 1318.39697266, 797.780517578, 297.014465332, 180.678253174, 682.955200195, 1110.01379395, 1543.15380859, 188.017105103, 58.7260856628, 19.5494384766, 3.54076838493, 0.0213653426617, 6.52904600429e-06], "dvar": [1.85561311245, 49.6647033691, 103.75176239, 142.537612915, 891.871643066, 191.363769531, 138.463684082, 197.531097412, 208.477981567, 524.43762207, 2088.04907227, 2794.83691406, 1360.47619629, 611.313232422, 820.657043457, 2196.60229492, 1996.14611816, 5089.62792969, 7216.05712891, 5766.08496094, 352.989654541, 237.476989746, 347.757720947, 810.1796875, 1600.36340332, 443.454833984, 441.121704102, 531.200195313, 337.086883545, 133.64881897, 89.7254333496, 313.388397217, 530.20892334, 640.900512695, 96.431098938, 29.3246383667, 10.9231586456, 1.7063690424, 0.010241990909, 3.24530128637e-06], "dmean": [0.749611437321, 3.07094478607, 3.2716627121, 4.18469572067, 8.40989303589, 6.53055334091, 4.90101766586, 5.30375480652, 4.51926088333, 6.76127815247, 11.6672563553, 12.1438035965, 9.48293781281, 7.3141784668, 8.51436519623, 9.02851676941, 9.40219497681, 14.8969802856, 19.726184845, 10.7157039642, 5.06992197037, 5.37756872177, 5.35827112198, 8.53840923309, 14.1266212463, 9.97976112366, 7.86741876602, 8.16610622406, 7.46184444427, 4.98944807053, 5.54829931259, 9.70352268219, 11.4673118591, 11.8590421677, 5.5796251297, 3.27574324608, 2.07037711143, 0.779030025005, 0.0595397129655, 0.0010927336989], "max": [18.4115219116, 130.370803833, 156.453964233, 155.296813965, 400.894317627, 275.009490967, 349.201080322, 316.74710083, 369.825378418, 524.067382813, 1137.60021973, 1466.00793457, 1239.77539063, 910.154907227, 770.310852051, 1555.19970703, 1808.60266113, 2034.82202148, 3325.79345703, 5536.64990234, 1021.48950195, 685.846801758, 701.444396973, 1718.43139648, 2275.62060547, 469.854522705, 584.08215332, 784.573669434, 577.137939453, 380.469329834, 149.233978271, 355.351501465, 363.480987549, 248.283096313, 104.921188354, 42.4360313416, 26.2152137756, 10.72955513, 0.821625173092, 0.0147905899212], "var": [2.17759561539, 49.123588562, 83.0879974365, 112.299095154, 594.574829102, 237.086349487, 236.166915894, 309.940460205, 310.166046143, 709.887207031, 3236.44604492, 5530.89257813, 4497.53710938, 2531.25366211, 2572.97631836, 5091.41455078, 4982.296875, 11686.3613281, 19203.640625, 9352.16601563, 448.013122559, 347.02633667, 330.657531738, 1773.44152832, 4123.25439453, 868.218383789, 597.492858887, 562.888671875, 462.31552124, 214.413787842, 151.922271729, 460.213745117, 791.004577637, 735.738708496, 141.992431641, 40.2390708923, 16.6929531097, 2.2235891819, 0.0129866329953, 4.42656619271e-06], "mean": [0.958656907082, 3.73039197922, 3.80922627449, 4.79473304749, 9.35243225098, 9.11947154999, 7.56571292877, 7.73926258087, 6.82818174362, 9.27908039093, 16.57970047, 21.1315670013, 19.5076065063, 14.7837190628, 16.0139713287, 16.2983932495, 16.6923294067, 25.8641738892, 31.5589199066, 16.8064517975, 7.33828687668, 7.01581144333, 6.47830104828, 13.4185256958, 23.2247276306, 15.4903659821, 10.5434598923, 11.1124191284, 10.825715065, 7.3864274025, 7.15328788757, 11.1778764725, 13.9038391113, 12.5442438126, 6.10432624817, 3.37119460106, 2.267152071, 0.788303434849, 0.0594881251454, 0.00114362582099]}, "spectral_strongpeak": {"dmean2": 0.664527833462, "median": 0.242269635201, "min": 0, "dvar2": 2.31692194939, "dvar": 0.97067284584, "dmean": 0.38786894083, "max": 18.7747993469, "var": 1.575720191, "mean": 0.624159216881}, "spectral_energy": {"dmean2": 0.036579336971, "median": 0.02836532332, "min": 1.04934694636e-20, "dvar2": 0.00366902537644, "dvar": 0.00154866196681, "dmean": 0.0241076722741, "max": 0.661916792393, "var": 0.00264595472254, "mean": 0.0435401313007}, "average_loudness": 0.91946876049, "spectral_rolloff": {"dmean2": 3450.54077148, "median": 581.396484375, "min": 21.533203125, "dvar2": 24313736, "dvar": 12139963, "dmean": 2014.66687012, "max": 18820.0195313, "var": 18322536, "mean": 2885.10327148}, "spectral_centroid": {"dmean2": 591.320068359, "median": 1376.53955078, "min": 151.9271698, "dvar2": 491916.84375, "dvar": 272968.0625, "dmean": 422.472045898, "max": 10651.3359375, "var": 1098762.125, "mean": 1547.65637207}, "pitch_salience": {"dmean2": 0.154116719961, "median": 0.424891471863, "min": 0.0363102480769, "dvar2": 0.0186762027442, "dvar": 0.00862143654376, "dmean": 0.0989287421107, "max": 0.981211841106, "var": 0.022764923051, "mean": 0.438139259815}, "spectral_energyband_middle_high": {"dmean2": 0.00209243851714, "median": 0.000789173878729, "min": 1.74231944323e-21, "dvar2": 2.54417864198e-05, "dvar": 1.21880984807e-05, "dmean": 0.00149326783139, "max": 0.104502111673, "var": 4.85409218527e-05, "mean": 0.0035339014139}, "spectral_contrast_coeffs": {"dmean2": [0.0833605378866, 0.0824262574315, 0.073138743639, 0.0603418461978, 0.0430841557682, 0.0341631099582], "median": [-0.706620812416, -0.720853924751, -0.740630984306, -0.770317673683, -0.772247552872, -0.794782876968], "min": [-0.970189809799, -0.98302423954, -0.985705435276, -0.970391094685, -0.976139843464, -0.957054615021], "dvar2": [0.00564102176577, 0.00497069535777, 0.00396724697202, 0.00279670674354, 0.00145822507329, 0.000892489042599], "dvar": [0.00240396335721, 0.00227247038856, 0.00188886537217, 0.00138026662171, 0.000745132390875, 0.00047632548376], "dmean": [0.0527986176312, 0.052908141166, 0.048273358494, 0.0400514006615, 0.0297458916903, 0.0231312345713], "max": [-0.301422029734, -0.302027672529, -0.349891841412, -0.40446215868, -0.52008330822, -0.513502418995], "var": [0.00943593960255, 0.0102204484865, 0.0111737931147, 0.00832408200949, 0.00542328413576, 0.00246595800854], "mean": [-0.693195462227, -0.707758545876, -0.730944275856, -0.758247256279, -0.76631206274, -0.787691712379]}, "melbands_skewness": {"dmean2": 3.32513093948, "median": 4.74242115021, "min": -5.1960272789, "dvar2": 15.68334198, "dvar": 7.63279914856, "dmean": 2.2225215435, "max": 55.6493721008, "var": 25.40741539, "mean": 6.05570936203}, "spectral_spread": {"dmean2": 2331989.25, "median": 8376630, "min": 1672809, "dvar2": 6334469111810.0, "dvar": 4448253378560.0, "dmean": 1827528.25, "max": 41940796, "var": 16444799582200.0, "mean": 8993699}, "dissonance": {"dmean2": 0.03903959319, "median": 0.456087887287, "min": 0.193135887384, "dvar2": 0.00156360119581, "dvar": 0.000604038825259, "dmean": 0.0237669404596, "max": 0.500000119209, "var": 0.00135409273207, "mean": 0.44812014699}, "spectral_skewness": {"dmean2": 0.359337002039, "median": 1.1248190403, "min": -0.333827495575, "dvar2": 0.116692915559, "dvar": 0.0565798170865, "dmean": 0.246676504612, "max": 3.53426074982, "var": 0.232859715819, "mean": 1.13359880447}, "spectral_flux": {"dmean2": 0.0700314715505, "median": 0.0809147208929, "min": 1.02437634764e-10, "dvar2": 0.00565801560879, "dvar": 0.0027962657623, "dmean": 0.0448847524822, "max": 0.670692324638, "var": 0.00682340143248, "mean": 0.106637232006}, "spectral_contrast_valleys": {"dmean2": [0.773795843124, 0.848558843136, 0.853967726231, 0.714915633202, 0.58943516016, 0.618672251701], "median": [-6.75364351273, -7.72790002823, -8.72818279266, -8.97725582123, -8.5354347229, -9.58173561096], "min": [-26.6576862335, -27.1142921448, -27.2478408813, -27.2394599915, -27.3003559113, -27.3039608002], "dvar2": [0.566745936871, 0.616352260113, 0.673271477222, 0.492330878973, 0.400101959705, 0.457086890936], "dvar": [0.366106987, 0.365345418453, 0.3769274652, 0.277044594288, 0.262033551931, 0.315505802631], "dmean": [0.53889799118, 0.591915130615, 0.588252067566, 0.508587896824, 0.460073143244, 0.575743496418], "max": [-4.54096698761, -5.14363384247, -5.42380905151, -5.21849250793, -5.5590839386, -7.22386264801], "var": [2.45890069008, 1.97010111809, 2.08213806152, 1.91841733456, 1.88363850117, 2.11536431313], "mean": [-7.22104358673, -7.96171951294, -8.88352298737, -9.14673900604, -8.63075065613, -9.68860912323]}, "erbbands_flatness_db": {"dmean2": 0.0345476232469, "median": 0.117719992995, "min": 0.0263997092843, "dvar2": 0.00116901216097, "dvar": 0.00068987387931, "dmean": 0.0258582606912, "max": 0.47836124897, "var": 0.00329447165132, "mean": 0.125208750367}, "spectral_energyband_high": {"dmean2": 0.00467727705836, "median": 0.000750640057959, "min": 7.70842261917e-21, "dvar2": 5.93411787122e-05, "dvar": 3.10151408485e-05, "dmean": 0.00341499084607, "max": 0.0511311143637, "var": 5.07658369315e-05, "mean": 0.00418197270483}, "spectral_entropy": {"dmean2": 0.389800935984, "median": 7.70641231537, "min": 5.39668655396, "dvar2": 0.141025796533, "dvar": 0.0886730849743, "dmean": 0.300162374973, "max": 9.79827976227, "var": 0.393987298012, "mean": 7.67775821686}, "silence_rate_20dB": {"dmean2": 0.000849617645144, "median": 1, "min": 0, "dvar2": 0.00106152018998, "dvar": 0.000424638332333, "dmean": 0.000424763711635, "max": 1, "var": 0.000318342354149, "mean": 0.999681472778}, "melba