{"metadata": {"tags": {"encoding": ["Lavf56.36.100"], "artist": ["SoMo"], "bpm": ["0"], "discnumber": ["0/0"], "title": ["Bad Chick"], "tracknumber": ["2/0"], "album": ["My Life II"], "musicbrainz_recordingid": ["05ea8bf0-b97f-44b9-9565-8b65c0dff858"], "artistsort": ["SoMo"], "date": ["2015"], "file_name": "SoMo - Bad Chick.mp3", "musicbrainz_artistid": ["bd83292c-242b-45cd-bd8d-6bd362c60e6e"]}, "audio_properties": {"sample_rate": 44100, "downmix": "mix", "lossless": false, "analysis_sample_rate": 44100, "md5_encoded": "7ed711f2033968fd70c59e18e895e92f", "equal_loudness": 0, "replay_gain": -14.581281662, "codec": "mp3", "bit_rate": 160022, "length": 186.30531311}, "version": {"extractor": "music 1.0", "essentia_build_sha": "70f2e5ece6736b2c40cc944ad0e695b16b925413", "essentia_git_sha": "v2.1_beta2", "essentia": "2.1-beta2"}}, "rhythm": {"beats_loudness_band_ratio": {"dvar2": [0.204342901707, 0.0202590636909, 0.0418459028006, 0.0237151011825, 0.00845007225871, 0.0453179702163], "var": [0.116939790547, 0.0103684095666, 0.018993826583, 0.0148774636909, 0.00399207510054, 0.0166668370366], "min": [9.30398527998e-06, 0.000370788475266, 0.000639662030153, 0.000177640264155, 7.30094034225e-05, 0.000162712007295], "dmean": [0.316964298487, 0.0882870405912, 0.116028256714, 0.082158267498, 0.0552086420357, 0.140471369028], "mean": [0.583300769329, 0.0883592516184, 0.119267694652, 0.0875817462802, 0.0558279901743, 0.0994718298316], "max": [0.99692428112, 0.691843926907, 0.759932041168, 0.835969090462, 0.341973483562, 0.607402682304], "dmean2": [0.557693421841, 0.155524820089, 0.202079385519, 0.146751388907, 0.0947831496596, 0.253411531448], "median": [0.685557663441, 0.0525272637606, 0.0656700953841, 0.0308961831033, 0.039030265063, 0.0333696343005], "dvar": [0.0704998522997, 0.0070459540002, 0.0131972143427, 0.00801010243595, 0.00287908897735, 0.017869470641]}, "bpm_histogram_first_peak_weight": {"dvar2": 0, "var": 0, "min": 0.453917056322, "dmean": 0, "mean": 0.453917056322, "max": 0.453917056322, "dmean2": 0, "median": 0.453917056322, "dvar": 0}, "bpm": 150.069030762, "beats_count": 435, "bpm_histogram_first_peak_spread": {"dvar2": 0, "var": 0, "min": 0.452777802944, "dmean": 0, "mean": 0.452777802944, "max": 0.452777802944, "dmean2": 0, "median": 0.452777802944, "dvar": 0}, "danceability": 1.1846164465, "bpm_histogram_first_peak_bpm": {"dvar2": 0, "var": 0, "min": 152, "dmean": 0, "mean": 152, "max": 152, "dmean2": 0, "median": 152, "dvar": 0}, "beats_position": [0.429569154978, 0.847528338432, 1.26548755169, 1.67183673382, 2.07818579674, 2.48453521729, 2.87927436829, 3.27401351929, 3.66875267029, 4.06349182129, 4.46984100342, 4.87619018555, 5.27092981339, 5.67727899551, 6.08362817764, 6.47836732864, 6.87310647964, 7.25623559952, 7.66258478165, 8.06893444061, 8.46367359161, 8.84680271149, 9.25315189362, 9.65950107574, 10.0542402267, 10.4489793777, 10.8553285599, 11.261677742, 11.656416893, 12.051156044, 12.445895195, 12.840634346, 13.235373497, 13.6301136017, 14.0364627838, 14.4428119659, 14.8375511169, 15.2322902679, 15.6386394501, 16.0449886322, 16.4397277832, 16.8344669342, 17.2408161163, 17.6471652985, 18.0419044495, 18.4366436005, 18.8429927826, 19.2377319336, 19.6440811157, 20.0388202667, 20.4335594177, 20.8282985687, 21.2346477509, 21.640996933, 22.035736084, 22.430475235, 22.8368244171, 23.2431735992, 23.6379127502, 24.0442619324, 24.4506111145, 24.8453502655, 25.2400894165, 25.6348285675, 26.0295696259, 26.435918808, 26.830657959, 27.22539711, 27.6317462921, 28.0380954742, 28.4444446564, 28.8391838074, 29.2339229584, 29.6402721405, 30.0350112915, 30.4413604736, 30.8360996246, 31.2308387756, 31.6255779266, 32.0203170776, 32.4266662598, 32.8330154419, 33.2277526855, 33.6224937439, 34.028842926, 34.4351921082, 34.8415412903, 35.2478904724, 35.6426315308, 36.0373687744, 36.4321098328, 36.8268470764, 37.2331962585, 37.6395454407, 38.034286499, 38.4290237427, 38.8353729248, 39.2417221069, 39.6364631653, 40.0428123474, 40.4375495911, 40.8438987732, 41.2386398315, 41.6333770752, 42.0397262573, 42.4460754395, 42.8408164978, 43.2355537415, 43.6419029236, 44.0482521057, 44.4429931641, 44.8377304077, 45.2324714661, 45.6388206482, 46.0451698303, 46.439907074, 46.8346481323, 47.2409973145, 47.6473464966, 48.0420837402, 48.4368247986, 48.8315620422, 49.2263031006, 49.6326522827, 50.0390014648, 50.4337387085, 50.8400878906, 51.2464370728, 51.6411781311, 52.0359191895, 52.4306564331, 52.8370056152, 53.2433547974, 53.6380958557, 54.0328330994, 54.4275741577, 54.8339233398, 55.240272522, 55.6350097656, 56.0413589478, 56.4361000061, 56.8424491882, 57.2371864319, 57.6319274902, 58.0382766724, 58.4446258545, 58.8393630981, 59.2341041565, 59.6288414001, 60.0351905823, 60.4415397644, 60.8362808228, 61.2426300049, 61.648979187, 62.0437164307, 62.438457489, 62.8331947327, 63.2395439148, 63.6342849731, 64.0406341553, 64.4353713989, 64.8301086426, 65.2248535156, 65.6312026978, 66.0375518799, 66.4322891235, 66.8386383057, 67.2449874878, 67.6397247314, 68.0344696045, 68.4408187866, 68.8471679688, 69.2419052124, 69.6366424561, 70.0313796997, 70.4377288818, 70.844078064, 71.238822937, 71.6335601807, 72.0399093628, 72.4462585449, 72.8409957886, 73.2357330322, 73.6304779053, 74.0368270874, 74.4431762695, 74.8379135132, 75.2326507568, 75.638999939, 76.0453491211, 76.4400863647, 76.8348312378, 77.2411804199, 77.6475296021, 78.0422668457, 78.4370040894, 78.831741333, 79.2380905151, 79.6328353882, 80.0391845703, 80.4455337524, 80.8402709961, 81.2350082397, 81.6297454834, 82.0360946655, 82.4424438477, 82.8371887207, 83.2319259644, 83.626663208, 84.0330123901, 84.4277572632, 84.8224945068, 85.228843689, 85.6351928711, 86.0299301147, 86.4362792969, 86.842628479, 87.2373657227, 87.6321105957, 88.0384597778, 88.4331970215, 88.8395462036, 89.2342834473, 89.6290206909, 90.035369873, 90.4417190552, 90.8364639282, 91.2428131104, 91.637550354, 92.0438995361, 92.4386367798, 92.8333740234, 93.251335144, 93.6460723877, 94.0408172607, 94.4471664429, 94.8419036865, 95.2482528687, 95.6546020508, 96.0493392944, 96.4556884766, 96.8504257202, 97.2451705933, 97.6399078369, 98.0346450806, 98.4409942627, 98.8473434448, 99.2420806885, 99.6368255615, 100.031562805, 100.426300049, 100.832649231, 101.238998413, 101.633743286, 102.040092468, 102.44644165, 102.841178894, 103.235916138, 103.630653381, 104.037002563, 104.443351746, 104.838096619, 105.232833862, 105.627571106, 106.033920288, 106.44026947, 106.835006714, 107.241355896, 107.636100769, 108.042449951, 108.437187195, 108.831924438, 109.238273621, 109.644622803, 110.039360046, 110.434104919, 110.828842163, 111.235191345, 111.641540527, 112.036277771, 112.442626953, 112.848976135, 113.243713379, 113.638458252, 114.033195496, 114.427932739, 114.834281921, 115.240631104, 115.635368347, 116.03011322, 116.424850464, 116.831199646, 117.237548828, 117.632286072, 118.038635254, 118.444984436, 118.839729309, 119.234466553, 119.640815735, 120.047164917, 120.441902161, 120.836639404, 121.231384277, 121.637733459, 122.044082642, 122.438819885, 122.833557129, 123.239906311, 123.646255493, 124.040992737, 124.43573761, 124.830474854, 125.236824036, 125.643173218, 126.037910461, 126.432647705, 126.838996887, 127.245346069, 127.849067688, 128.452789307, 129.056503296, 129.648620605, 130.240722656, 130.832824707, 131.424942017, 132.028656006, 132.632385254, 133.236099243, 133.839813232, 134.44354248, 135.035644531, 135.639358521, 136.23147583, 136.835189819, 137.438903809, 138.042633057, 138.646347046, 139.250061035, 139.853790283, 140.457504272, 141.061218262, 141.66494751, 142.268661499, 142.883987427, 143.499313354, 144.126251221, 144.753189087, 145.391738892, 146.018676758, 146.634017944, 147.237731934, 147.841445923, 148.445159912, 149.04888916, 149.652603149, 150.244720459, 150.848434448, 151.440536499, 152.044265747, 152.636367798, 153.228485107, 153.832199097, 154.435913086, 155.039627075, 155.643356323, 156.247070312, 156.839187622, 157.431289673, 158.035003662, 158.63873291, 159.242446899, 159.846160889, 160.449890137, 160.844619751, 161.239364624, 161.634094238, 162.04045105, 162.446792603, 162.841537476, 163.236282349, 163.631011963, 164.037368774, 164.443710327, 164.8384552, 165.233200073, 165.627929688, 166.034286499, 166.440628052, 166.835372925, 167.230117798, 167.624847412, 168.031204224, 168.437545776, 168.832290649, 169.238632202, 169.644989014, 170.039718628, 170.434463501, 170.840820312, 171.247161865, 171.641906738, 172.036636353, 172.431381226, 172.837722778, 173.24407959, 173.638824463, 174.033554077, 174.439910889, 174.846252441, 175.240997314, 175.635726929, 176.04208374, 176.448425293, 176.843170166, 177.237915039, 177.632644653, 178.039001465, 178.445343018, 178.840087891, 179.246429443, 179.676010132, 180.093963623, 180.511917114, 180.929885864, 181.347839355, 181.754196167, 182.172149658, 182.590103149, 183.019683838, 183.449249268, 183.878814697, 184.308380127, 184.737960815, 185.167526245, 185.608703613], "beats_loudness": {"dvar2": 0.00939446222037, "var": 0.00385324237868, "min": 5.00729413488e-09, "dmean": 0.0698278844357, "mean": 0.0790226086974, "max": 0.260832369328, "dmean2": 0.129009619355, "median": 0.0619069524109, "dvar": 0.00318515766412}, "bpm_histogram_second_peak_weight": {"dvar2": 0, "var": 0, "min": 0.0898617506027, "dmean": 0, "mean": 0.0898617506027, "max": 0.0898617506027, "dmean2": 0, "median": 0.0898617506027, "dvar": 0}, "bpm_histogram_second_peak_spread": {"dvar2": 0, "var": 0, "min": 0.277777791023, "dmean": 0, "mean": 0.277777791023, "max": 0.277777791023, "dmean2": 0, "median": 0.277777791023, "dvar": 0}, "bpm_histogram_second_peak_bpm": {"dvar2": 0, "var": 0, "min": 99, "dmean": 0, "mean": 99, "max": 99, "dmean2": 0, "median": 99, "dvar": 0}, "onset_rate": 4.74997138977}, "lowlevel": {"spectral_energyband_high": {"dvar2": 2.21348273044e-05, "var": 1.87558853213e-05, "min": 7.66933429626e-21, "dmean": 0.00154972984456, "mean": 0.00239764899015, "max": 0.0431879013777, "dmean2": 0.00225510844029, "median": 0.000806428375654, "dvar": 1.05567587525e-05}, "spectral_energyband_middle_low": {"dvar2": 0.00116159638856, "var": 0.000261718058027, "min": 2.81350813809e-22, "dmean": 0.00827180687338, "mean": 0.00940028484911, "max": 0.14493316412, "dmean2": 0.0149726355448, "median": 0.00562933972105, "dvar": 0.000409688567743}, "spectral_energy": {"dvar2": 0.00359696755186, "var": 0.00247367471457, "min": 1.0574758538e-20, "dmean": 0.0223633758724, "mean": 0.051444336772, "max": 0.286964565516, "dmean2": 0.0365016981959, "median": 0.039302546531, "dvar": 0.00149551278446}, "spectral_spread": {"dvar2": 3709961764860.0, "var": 6305853997060.0, "min": 1399725.625, "dmean": 1082871.5, "mean": 6120101, "max": 42581716, "dmean2": 1619258.5, "median": 5806064, "dvar": 1773194575870.0}, "spectral_energyband_low": {"dvar2": 0.00314847985283, "var": 0.00202477537096, "min": 3.84102433204e-23, "dmean": 0.0191028807312, "mean": 0.0364315137267, "max": 0.277694582939, "dmean2": 0.030439293012, "median": 0.0244852341712, "dvar": 0.00137532432564}, "spectral_rolloff": {"dvar2": 5814207, "var": 6589545, "min": 64.599609375, "dmean": 903.273742676, "mean": 1824.33825684, "max": 19487.5488281, "dmean2": 1480.54492188, "median": 839.794921875, "dvar": 2938607}, "barkbands": {"dvar2": [2.69736301561e-06, 0.00300621660426, 0.0009141091723, 0.000312041898724, 0.000144379358971, 2.26353567996e-05, 1.27879766296e-05, 3.72871681975e-06, 1.70909208919e-06, 2.03140666599e-06, 1.64504854183e-06, 6.09982123478e-07, 4.12796254068e-07, 3.06709381448e-07, 3.09124487785e-07, 3.21374386658e-07, 2.20127319039e-07, 1.33741696118e-06, 4.53929544619e-07, 7.85162512784e-07, 8.36371555124e-07, 5.87001750318e-07, 6.16886154603e-07, 1.25963777009e-06, 7.95162861777e-07, 4.03037972774e-07, 3.07143963596e-08], "var": [2.5822250791e-06, 0.00151239708066, 0.000198174995603, 6.08343507338e-05, 3.50273840013e-05, 7.02433271726e-06, 6.28287170912e-06, 1.74059005076e-06, 9.13529277113e-07, 1.30903697482e-06, 2.12260783883e-06, 5.95356254962e-07, 3.34625269716e-07, 2.82035983901e-07, 3.58487767471e-07, 2.30729483519e-07, 1.47825232943e-07, 5.63068795145e-07, 6.96623942531e-07, 4.47152046945e-07, 4.41756583314e-07, 4.33006960066e-07, 5.39721440873e-07, 1.11482290777e-06, 9.13707822292e-07, 1.90223445884e-07, 9.17977693859e-09], "min": [1.23103144488e-24, 9.83936109663e-24, 3.42273533355e-24, 5.47020527482e-24, 1.29348520776e-23, 2.5127881448e-23, 4.56193780759e-23, 1.01784135137e-23, 1.25942187833e-23, 4.23062127611e-23, 1.7646834227e-23, 1.9579854256e-23, 7.55740800996e-23, 3.49531519111e-23, 7.6430991302e-23, 1.01284306556e-22, 1.27773908655e-22, 1.09134665321e-22, 1.48942757544e-22, 2.62074991279e-22, 3.06861969639e-22, 3.40476380418e-22, 5.21532832376e-22, 8.78431075408e-22, 9.08496142228e-22, 1.51345102795e-21, 2.40576979134e-21], "dmean": [0.000696952920407, 0.017394317314, 0.00584628107026, 0.00321936164983, 0.00298124621622, 0.00120811292436, 0.00124038103968, 0.000529293378349, 0.00046999801998, 0.00046613367158, 0.000437479757238, 0.000250566692557, 0.000230137826293, 0.000183543335879, 0.000203244504519, 0.000178926449735, 0.000143293131259, 0.000304961402435, 0.000299001665553, 0.00023500075622, 0.000222786606173, 0.000259747204836, 0.000251688383287, 0.000372785812942, 0.000338993559126, 0.000181259267265, 3.28794340021e-05], "mean": [0.00151063583326, 0.0292148254812, 0.00470632268116, 0.00206653377973, 0.0027316166088, 0.00128320103977, 0.00184871500824, 0.000656673917547, 0.00065226276638, 0.000610561633948, 0.000782436283771, 0.000372548063751, 0.000318830716424, 0.000290587602649, 0.000297659280477, 0.000253051519394, 0.000198800815269, 0.00045096789836, 0.000574709614739, 0.000342086772434, 0.000295439705951, 0.000401732628234, 0.000354228715878, 0.000526619376615, 0.00048460974358, 0.000191299710423, 2.73783734883e-05], "max": [0.0144618470222, 0.272472649813, 0.121460482478, 0.0745164006948, 0.0652026385069, 0.0281822085381, 0.0264756083488, 0.0238897874951, 0.010350978002, 0.014627519995, 0.0212949644774, 0.00998436938971, 0.00794581137598, 0.00909862946719, 0.00681783352047, 0.00727524841204, 0.00527794938534, 0.0146988946944, 0.0070205675438, 0.0107359243557, 0.00824744720012, 0.00677605159581, 0.00754465116188, 0.00933111924678, 0.0064791617915, 0.00530592584983, 0.00152460776735], "dmean2": [0.00105965044349, 0.0275435801595, 0.0108037060127, 0.00609411904588, 0.005288366694, 0.00215896009468, 0.00204172520898, 0.000879415892996, 0.000776854634751, 0.000778027577326, 0.000646639033221, 0.000380721234251, 0.000353279028786, 0.000292004173389, 0.000320469203871, 0.00028325416497, 0.000226750256843, 0.000485526223201, 0.000444682053057, 0.000358087156201, 0.0003399757843, 0.000401205033995, 0.000383096368751, 0.00053771637613, 0.000492866965942, 0.000292984244879, 5.56643281016e-05], "median": [0.00110919389408, 0.0195746924728, 0.000715066795237, 0.000111806686618, 0.00077345140744, 0.000296571728541, 0.000819997105282, 0.000143212891999, 0.000281473388895, 0.000230961130001, 0.000239290879108, 0.000120445125503, 0.000108107749838, 9.30592068471e-05, 7.59002577979e-05, 8.1763289927e-05, 6.44348256174e-05, 0.000172213563928, 0.00025916605955, 9.86913801171e-05, 9.17578872759e-05, 0.000172499043401, 0.000106236169813, 0.000129401843878, 8.1020865764e-05, 2.15344898606e-05, 1.031539e-06], "dvar": [1.16531793992e-06, 0.00126919476315, 0.000324509572238, 0.000108278858534, 5.1468883612e-05, 7.98769360699e-06, 4.89581634611e-06, 1.43036481859e-06, 6.48661739433e-07, 8.40740483454e-07, 7.60893158258e-07, 2.81589365159e-07, 1.92055054526e-07, 1.3477243499e-07, 1.39102837693e-07, 1.41205163118e-07, 9.30757551032e-08, 4.9913080602e-07, 2.22026642405e-07, 3.31324372382e-07, 3.65588761042e-07, 2.55256026094e-07, 3.12101462896e-07, 6.12735789218e-07, 4.13944320599e-07, 1.71751679545e-07, 1.18523759696e-08]}, "melbands_skewness": {"dvar2": 7.9609208107, "var": 9.36072635651, "min": -2.22923517227, "dmean": 1.45100498199, "mean": 4.33600950241, "max": 27.9985141754, "dmean2": 2.18852710724, "median": 3.54427146912, "dvar": 3.67077112198}, "barkbands_skewness": {"dvar2": 5.95301580429, "var": 5.81269454956, "min": -5.24717235565, "dmean": 1.08545958996, "mean": 2.4611222744, "max": 29.8894615173, "dmean2": 1.61418867111, "median": 1.90670216084, "dvar": 2.73401713371}, "erbbands": {"dvar2": [3.19734430313, 147.013076782, 852.135070801, 2529.71557617, 2112.19775391, 1696.5892334, 731.264404297, 2307.99145508, 3097.62207031, 3341.93237305, 1717.71557617, 843.592956543, 2445.86816406, 1598.82653809, 2168.5378418, 1043.98510742, 809.218994141, 619.08984375, 598.505554199, 742.909301758, 704.759216309, 674.050537109, 2184.56152344, 2361.17993164, 1204.16833496, 1611.58349609, 2181.01342773, 870.717346191, 857.822998047, 708.848449707, 606.299499512, 570.263061523, 352.395599365, 147.408218384, 32.1229934692, 7.81638717651, 1.07693564892, 0.092294447124, 0.000939440040383, 2.1783786508e-07], "var": [1.75231492519, 69.5579986572, 227.406280518, 511.104766846, 473.107513428, 444.547271729, 213.107772827, 732.490905762, 1444.80322266, 1275.48852539, 670.444274902, 472.738098145, 940.01940918, 2824.09912109, 2392.80004883, 1237.62329102, 669.001220703, 580.513671875, 570.328063965, 779.074951172, 459.150054932, 464.395629883, 1040.1105957, 2332.91552734, 1247.22314453, 865.774291992, 859.416259766, 613.830871582, 571.435180664, 629.453186035, 385.213287354, 444.078125, 320.049957275, 160.019699097, 32.5189704895, 4.84069681168, 0.501149654388, 0.0318026617169, 0.000268153700745, 7.49792192778e-08], "min": [9.46528956626e-23, 3.01608044939e-21, 4.98235884152e-21, 1.28780986914e-20, 5.91696315456e-20, 4.06214246281e-20, 1.8372056221e-19, 1.60370675234e-19, 4.98809451511e-19, 5.07193805899e-19, 4.2371091277e-19, 3.95348285433e-19, 1.37039332614e-18, 8.47261042308e-19, 9.03856533024e-19, 1.42511266783e-18, 3.35863494196e-18, 1.82127779412e-18, 3.31156753793e-18, 5.03745465701e-18, 5.31997902241e-18, 6.90168401123e-18, 6.63444139406e-18, 5.06317087508e-18, 9.62804897633e-18, 1.31671850677e-17, 1.19699073055e-17, 1.21879628683e-17, 1.44705173106e-17, 1.15040606912e-17, 1.40757106217e-17, 1.8065495538e-17, 1.51993329135e-17, 1.0369407946e-17, 6.29480103455e-18, 4.89049816298e-18, 2.5066875079e-18, 1.25953313288e-18, 3.01784671425e-19, 3.38363981055e-20], "dmean": [0.599226593971, 3.74610257149, 6.20417976379, 9.40606403351, 10.0718832016, 10.6276140213, 6.45833158493, 11.9193553925, 18.2508354187, 14.8377637863, 9.84850406647, 10.6364593506, 14.2523231506, 14.4796218872, 14.0514173508, 10.6621046066, 10.3455381393, 7.96358203888, 9.42478656769, 9.95959377289, 8.27751731873, 8.38888168335, 13.8813648224, 16.334564209, 14.5591440201, 10.3206090927, 8.80410671234, 9.04860305786, 9.33160495758, 8.58385944366, 7.14543533325, 7.74098777771, 6.16570234299, 4.39228773117, 2.102622509, 0.948818325996, 0.29314878583, 0.0636009275913, 0.00550168612972, 0.000108931024442], "mean": [0.889300227165, 6.18081569672, 7.32418203354, 6.20344829559, 8.19308280945, 9.82343769073, 6.28964138031, 13.1976575851, 25.4868793488, 21.8985691071, 12.9986886978, 15.6688585281, 17.7234134674, 26.5872268677, 24.3351974487, 17.378862381, 15.1295175552, 13.5343971252, 15.7403907776, 15.6090860367, 11.9115905762, 12.2848491669, 21.1869735718, 31.0253391266, 26.081111908, 15.3199253082, 10.9056148529, 13.2116384506, 14.5222167969, 12.1138114929, 9.72666072845, 10.9436511993, 8.4832649231, 6.2250161171, 2.88175153732, 1.07706916332, 0.302592873573, 0.0603791847825, 0.00450152345002, 0.000142478107591], "max": [9.7292175293, 58.2069892883, 126.253013611, 213.732727051, 262.645446777, 217.158798218, 142.123260498, 311.734771729, 499.241638184, 504.411346436, 652.865722656, 270.619293213, 482.73425293, 635.938781738, 760.069213867, 434.200622559, 392.310302734, 497.364501953, 238.894790649, 304.711120605, 298.029327393, 285.617462158, 553.041381836, 575.526916504, 343.412902832, 466.948791504, 388.410583496, 314.232055664, 244.106185913, 242.474594116, 233.865615845, 209.266433716, 147.567169189, 103.536811829, 41.6595153809, 21.8033351898, 9.23866176605, 2.53331303596, 0.285643577576, 0.00452424073592], "dmean2": [0.930559933186, 5.95055007935, 10.9290876389, 17.6209697723, 18.1744213104, 18.7624187469, 11.5170097351, 21.2431774139, 30.7958946228, 24.2666969299, 16.5610122681, 17.3331127167, 24.8004684448, 21.7226657867, 20.9991493225, 15.9859752655, 15.8969421387, 12.5941638947, 15.1762657166, 15.2350635529, 12.9694957733, 12.9921121597, 21.9943313599, 24.8114070892, 21.8392505646, 15.6620807648, 13.7789402008, 13.667883873, 14.3736619949, 12.918466568, 10.9378767014, 11.2508792877, 9.01086235046, 6.44004201889, 3.17565345764, 1.4955381155, 0.472713947296, 0.104577310383, 0.00937170814723, 0.000179460505024], "median": [0.520356535912, 4.00341463089, 3.03988528252, 0.658062875271, 1.40152847767, 2.51273226738, 1.52773022652, 3.41913771629, 11.9584436417, 8.20951080322, 3.7973947525, 7.47526693344, 7.98821163177, 8.05954933167, 8.81057929993, 5.93162488937, 5.77922058105, 5.35305261612, 5.81592702866, 4.83159065247, 4.13331222534, 4.3558716774, 9.28281784058, 11.496761322, 11.7273359299, 5.17640161514, 3.28193068504, 4.36006164551, 6.34588813782, 4.08193302155, 2.95150732994, 3.30707359314, 1.54508793354, 1.01399934292, 0.466986447573, 0.145966917276, 0.032700907439, 0.00467528775334, 0.000182919553481, 6.6124193836e-05], "dvar": [1.40722560883, 59.8808784485, 308.532287598, 887.682434082, 747.069580078, 611.99230957, 259.604949951, 815.854858398, 1187.48071289, 1206.52258301, 628.171630859, 322.907989502, 902.04095459, 824.958984375, 1048.73413086, 507.092437744, 383.157714844, 280.066101074, 243.464035034, 336.109100342, 298.301940918, 287.37802124, 833.046325684, 1004.51391602, 550.778930664, 671.135681152, 888.758361816, 393.495391846, 361.366455078, 360.192230225, 263.372589111, 261.109802246, 172.501754761, 74.5229949951, 16.392282486, 3.50314331055, 0.456438690424, 0.0365696884692, 0.000358488265192, 8.50552979159e-08]}, "silence_rate_30dB": {"dvar2": 0.141707867384, "var": 0.107869796455, "min": 0, "dmean": 0.0822532400489, "mean": 0.87700933218, "max": 1, "dmean2": 0.164526984096, "median": 1, "dvar": 0.0754917114973}, "melbands_spread": {"dvar2": 661.404174805, "var": 667.524719238, "min": 0.145537853241, "dmean": 9.86660003662, "mean": 22.6799526215, "max": 272.410552979, "dmean2": 14.891251564, "median": 15.4190502167, "dvar": 308.164886475}, "melbands_crest": {"dvar2": 36.8686676025, "var": 37.2166290283, "min": 1.7746104002, "dmean": 4.00198221207, "mean": 19.4849662781, "max": 35.4373435974, "dmean2": 6.3408074379, "median": 20.1008338928, "dvar": 14.8836984634}, "zerocrossingrate": {"dvar2": 0.000620827137027, "var": 0.00350994826294, "min": 0.001953125, "dmean": 0.0191523209214, "mean": 0.0700508058071, "max": 0.513671875, "dmean2": 0.0213999617845, "median": 0.05322265625, "dvar": 0.000579959829338}, "barkbands_kurtosis": {"dvar2": 6582.16796875, "var": 2477.21435547, "min": -1.95367217064, "dmean": 12.7615652084, "mean": 14.2816772461, "max": 1529.9621582, "dmean2": 20.5973033905, "median": 3.3384604454, "dvar": 2576.09887695}, "spectral_flux": {"dvar2": 0.0100601762533, "var": 0.00949706789106, "min": 6.74693911851e-11, "dmean": 0.0491390451789, "mean": 0.114433988929, "max": 0.508685231209, "dmean2": 0.0793338343501, "median": 0.0847976431251, "dvar": 0.00483991019428}, "barkbands_crest": {"dvar2": 28.8372821808, "var": 29.2214202881, "min": 1.86283004284, "dmean": 3.45291662216, "mean": 14.4551496506, "max": 26.4906654358, "dmean2": 5.36851787567, "median": 14.405216217, "dvar": 12.5204105377}, "barkbands_flatness_db": {"dvar2": 0.00279785762541, "var": 0.00546466000378, "min": 0.021031325683, "dmean": 0.0342111252248, "mean": 0.162165403366, "max": 0.555488824844, "dmean2": 0.0502394475043, "median": 0.151386588812, "dvar": 0.00135008047801}, "spectral_entropy": {"dvar2": 0.121279776096, "var": 0.294305533171, "min": 5.43625736237, "dmean": 0.229986995459, "mean": 7.72440862656, "max": 9.82060241699, "dmean2": 0.338647276163, "median": 7.71514081955, "dvar": 0.0600975044072}, "pitch_salience": {"dvar2": 0.0316736660898, "var": 0.0292733181268, "min": 0.0416159071028, "dmean": 0.102399796247, "mean": 0.418950766325, "max": 0.945633232594, "dmean2": 0.160219565034, "median": 0.400456637144, "dvar": 0.0133983148262}, "erbbands_spread": {"dvar2": 628.13269043, "var": 642.285095215, "min": 2.59415960312, "dmean": 13.7748355865, "mean": 50.8254470825, "max": 214.304779053, "dmean2": 21.5766067505, "median": 47.6254348755, "dvar": 266.988708496}, "dynamic_complexity": 3.25983762741, "spectral_contrast_valleys": {"dvar2": [0.476496726274, 0.682716965675, 0.431998699903, 0.430100530386, 0.31231418252, 0.480080336332], "var": [4.46830415726, 1.93800735474, 1.31752443314, 1.59636199474, 1.94740748405, 3.11881828308], "min": [-27.6741962433, -28.1323032379, -27.3368034363, -27.5146903992, -27.3368167877, -27.3623905182], "dmean": [0.481171548367, 0.518611907959, 0.410605430603, 0.402267724276, 0.378003686666, 0.480742365122], "mean": [-7.69162321091, -7.34073829651, -7.57465648651, -8.07798576355, -7.83179283142, -9.75195121765], "max": [-4.93223237991, -4.50097990036, -5.36755037308, -5.75833320618, -5.21649932861, -7.12257099152], "dmean2": [0.736578166485, 0.822581350803, 0.65548658371, 0.625069081783, 0.544155240059, 0.643735051155], "median": [-7.07512807846, -7.18482160568, -7.42729711533, -7.93523216248, -7.62162542343, -9.44993972778], "dvar": [0.240935012698, 0.295724570751, 0.186976119876, 0.195593863726, 0.160085201263, 0.268074810505]}, "hfc": {"dvar2": 2174.15063477, "var": 1714.87548828, "min": 1.15642152506e-16, "dmean": 16.3911495209, "mean": 33.183506012, "max": 440.106323242, "dmean2": 24.5716209412, "median": 21.9912643433, "dvar": 992.523498535}, "spectral_kurtosis": {"dvar2": 9.57163333893, "var": 13.8993644714, "min": -1.36698424816, "dmean": 1.36872971058, "mean": 3.29829025269, "max": 40.4681434631, "dmean2": 2.18637251854, "median": 2.50001478195, "dvar": 3.75386786461}, "mfcc": {"mean": [-648.847229004, 93.6692733765, 16.8259735107, 19.0903282166, 3.00330471992, 4.01800537109, 8.31267642975, 11.1140899658, 0.405813932419, 5.74670028687, 8.43599700928, 0.869398653507, 4.48752832413], "cov": [[11899.2871094, -379.764465332, 1537.81726074, 1290.28430176, 1009.73358154, 711.687683105, 472.636932373, 461.63293457, 137.525878906, 472.171691895, 463.002838135, 109.798301697, 135.007019043], [-379.764465332, 1630.00976562, -184.232925415, 110.492805481, -14.9990434647, -41.4575920105, 73.3259429932, 111.663986206, -52.4758644104, 25.3542613983, 46.2305374146, -20.8836116791, 27.6758613586], [1537.81726074, -184.232925415, 1343.66418457, 407.235839844, 505.907745361, 423.413391113, 363.720397949, 253.209854126, 215.984985352, 195.950866699, 165.849349976, 74.5141601562, 27.0018253326], [1290.28430176, 110.492805481, 407.235839844, 580.886535645, 320.153778076, 193.813171387, 174.591217041, 143.539154053, 108.266197205, 143.461532593, 106.970214844, 25.2944488525, 65.090965271], [1009.73358154, -14.9990434647, 505.907745361, 320.153778076, 507.49609375, 268.096191406, 171.173248291, 96.8123550415, 173.875152588, 153.417678833, 82.6140975952, 40.2681655884, 53.4357910156], [711.687683105, -41.4575920105, 423.413391113, 193.813171387, 268.096191406, 372.434753418, 223.86730957, 164.638198853, 133.738769531, 134.532958984, 113.048576355, 48.2155761719, 33.9780158997], [472.636932373, 73.3259429932, 363.720397949, 174.591217041, 171.173248291, 223.86730957, 360.030273438, 247.225372314, 101.061180115, 132.845123291, 140.024551392, 54.9026412964, 32.5615768433], [461.63293457, 111.663986206, 253.209854126, 143.539154053, 96.8123550415, 164.638198853, 247.225372314, 336.884368896, 83.6614074707, 98.7750320435, 118.700881958, 50.6102714539, 30.2057476044], [137.525878906, -52.4758644104, 215.984985352, 108.266197205, 173.875152588, 133.738769531, 101.061180115, 83.6614074707, 212.726654053, 92.7040710449, 33.5855827332, 32.0594520569, 10.0058488846], [472.171691895, 25.3542613983, 195.950866699, 143.461532593, 153.417678833, 134.532958984, 132.845123291, 98.7750320435, 92.7040710449, 186.235855103, 106.902664185, 39.4596214294, 25.7974758148], [463.002838135, 46.2305374146, 165.849349976, 106.970214844, 82.6140975952, 113.048576355, 140.024551392, 118.700881958, 33.5855827332, 106.902664185, 171.598571777, 49.9975738525, 24.2473564148], [109.798301697, -20.8836116791, 74.5141601562, 25.2944488525, 40.2681655884, 48.2155761719, 54.9026412964, 50.6102714539, 32.0594520569, 39.4596214294, 49.9975738525, 98.4608840942, 25.0512046814], [135.007019043, 27.6758613586, 27.0018253326, 65.090965271, 53.4357910156, 33.9780158997, 32.5615768433, 30.2057476044, 10.0058488846, 25.7974758148, 24.2473564148, 25.0512046814, 109.211242676]], "icov": [[0.000131668348331, 5.04084309796e-05, -4.73866894026e-05, -0.00020049737941, -0.000126628146973, -5.33681522938e-05, 0.000144954494317, -0.000109751679702, 0.000243453556322, -8.33347075968e-05, -0.000154006236698, 2.50625125773e-05, 4.71939965792e-05], [5.04084309796e-05, 0.000712050881702, 0.000184988020919, -0.000241188841756, -0.00018007226754, 0.000168089172803, -0.00011741000344, -0.000328887341311, 0.000325339875417, -7.93334183982e-05, -0.000139762152685, 0.00024430884514, -1.90426326299e-05], [-4.73866894026e-05, 0.000184988020919, 0.0015959108714, -0.000242199705099, -0.000892311276402, -0.000547798059415, -0.000725594465621, -0.000111426408694, -0.000107996820589, 0.000375077099307, -9.99382828013e-05, -0.000175307737663, 0.000599356542807], [-0.00020049737941, -0.000241188841756, -0.000242199705099, 0.00337341311388, -0.0012565945508, 0.000339538644766, -0.000146905847942, -0.000335815973813, -0.000186145291082, -0.000515499443281, -0.000247797579505, 0.000731025415007, -0.00096969306469], [-0.000126628146973, -0.00018007226754, -0.000892311276402, -0.0012565945508, 0.00555989844725, -0.00172029878013, -2.98660070257e-05, 0.0013294328237, -0.00198087631725, -0.00110235123429, 0.000844725582283, -5.81636886636e-05, -0.00110455672257], [-5.33681522938e-05, 0.000168089172803, -0.000547798059415, 0.000339538644766, -0.00172029878013, 0.00646352395415, -0.00171051581856, -0.000477393827168, -0.000890502182301, -0.00040612812154, -0.000859185005538, 0.000106861967652, -0.00022697391978], [0.000144954494317, -0.00011741000344, -0.000725594465621, -0.000146905847942, -2.98660070257e-05, -0.00171051581856, 0.00813435576856, -0.0037530658301, 0.000147865852341, -0.00102918618359, -0.00183133559767, -4.26626647823e-05, -7.69939288148e-05], [-0.000109751679702, -0.000328887341311, -0.000111426408694, -0.000335815973813, 0.0013294328237, -0.000477393827168, -0.0037530658301, 0.00673601217568, -0.00131920026615, 0.000487627112307, -0.00103450380266, -0.000587757618632, -0.000429113017162], [0.000243453556322, 0.000325339875417, -0.000107996820589, -0.000186145291082, -0.00198087631725, -0.000890502182301, 0.000147865852341, -0.00131920026615, 0.00850872136652, -0.00289232842624, 0.00214785872959, -0.00119306240231, 0.00102174386848], [-8.33347075968e-05, -7.93334183982e-05, 0.000375077099307, -0.000515499443281, -0.00110235123429, -0.00040612812154, -0.00102918618359, 0.000487627112307, -0.00289232842624, 0.0117353321984, -0.00515847885981, -0.000209047400858, -0.000138494724524], [-0.000154006236698, -0.000139762152685, -9.99382828013e-05, -0.000247797579505, 0.000844725582283, -0.000859185005538, -0.00183133559767, -0.00103450380266, 0.00214785872959, -0.00515847885981, 0.0126022147015, -0.00312827643938, 2.5666802685e-05], [2.50625125773e-05, 0.00024430884514, -0.000175307737663, 0.000731025415007, -5.81636886636e-05, 0.000106861967652, -4.26626647823e-05, -0.000587757618632, -0.00119306240231, -0.000209047400858, -0.00312827643938, 0.013111374341, -0.00246904511005], [4.71939965792e-05, -1.90426326299e-05, 0.000599356542807, -0.00096969306469, -0.00110455672257, -0.00022697391978, -7.69939288148e-05, -0.000429113017162, 0.00102174386848, -0.000138494724524, 2.5666802685e-05, -0.00246904511005, 0.0107852751389]]}, "silence_rate_20dB": {"dvar2": 0, "var": 0, "min": 1, "dmean": 0, "mean": 1, "max": 1, "dmean2": 0, "median": 1, "dvar": 0}, "melbands_kurtosis": {"dvar2": 8537.57714844, "var": 5354.46142578, "min": -1.85592162609, "dmean": 26.943441391, "mean": 39.8720664978, "max": 1160.13378906, "dmean2": 42.0896339417, "median": 15.9032020569, "dvar": 3723.0546875}, "barkbands_spread": {"dvar2": 341.760467529, "var": 546.495605469, "min": 0.0829768702388, "dmean": 10.3898591995, "mean": 28.3434009552, "max": 120.779022217, "dmean2": 15.5350885391, "median": 22.3639202118, "dvar": 177.383422852}, "erbbands_skewness": {"dvar2": 0.534785687923, "var": 0.840252041817, "min": -5.4364156723, "dmean": 0.455686658621, "mean": 0.145272612572, "max": 5.9743680954, "dmean2": 0.687645435333, "median": 0.154339581728, "dvar": 0.244873061776}, "average_loudness": 0.952326834202, "spectral_centroid": {"dvar2": 521549.25, "var": 910687.5625, "min": 93.3804244995, "dmean": 418.929901123, "mean": 1704.38293457, "max": 11597.8984375, "dmean2": 605.953979492, "median": 1602.59863281, "dvar": 265668.6875}, "dissonance": {"dvar2": 0.00108207366429, "var": 0.000860237865709, "min": 0.264809608459, "dmean": 0.0198219586164, "mean": 0.461528152227, "max": 0.499991327524, "dmean2": 0.0329647511244, "median": 0.46875372529, "dvar": 0.000402049976401}, "erbbands_flatness_db": {"dvar2": 0.000812581507489, "var": 0.00367460004054, "min": 0.0456867702305, "dmean": 0.0205097962171, "mean": 0.13894431293, "max": 0.419745951891, "dmean2": 0.0301396232098, "median": 0.124305009842, "dvar": 0.000392042187741}, "spectral_strongpeak": {"dvar2": 0.427244484425, "var": 0.219189971685, "min": 0, "dmean": 0.222263664007, "mean": 0.475376725197, "max": 7.3353729248, "dmean2": 0.369972854853, "median": 0.339939624071, "dvar": 0.172161474824}, "spectral_rms": {"dvar2": 8.12427151686e-06, "var": 1.07972755359e-05, "min": 3.21198341362e-12, "dmean": 0.00130361586343, "mean": 0.00627633929253, "max": 0.0167321674526, "dmean2": 0.00205857586116, "median": 0.00619224878028, "dvar": 3.61710090147e-06}, "silence_rate_60dB": {"dvar2": 0.0317942351103, "var": 0.0857384130359, "min": 0, "dmean": 0.0147058824077, "mean": 0.0947040468454, "max": 1, "dmean2": 0.0294154305011, "median": 0, "dvar": 0.0144876092672}, "melbands": {"dvar2": [0.000253374193562, 0.000147929720697, 7.22732074792e-05, 9.31678277993e-06, 1.24040184346e-06, 1.1203029544e-06, 6.27382235052e-07, 3.4024324691e-07, 1.09689018757e-07, 3.7717533985e-08, 6.44292015295e-08, 2.63712252035e-08, 2.46706353124e-08, 1.13381304345e-08, 5.24358068077e-09, 5.28519583654e-09, 2.71419220432e-09, 1.96751126502e-09, 2.87635804064e-09, 2.26220664423e-09, 9.77894987209e-10, 7.97866439584e-10, 2.18000217878e-09, 2.04137373672e-09, 1.81352399764e-09, 7.73094865902e-10, 1.01877883907e-09, 6.87133461241e-10, 9.82791625859e-10, 2.87954549094e-10, 3.70006664197e-10, 2.90362067723e-10, 2.72519617983e-10, 2.80201084557e-10, 2.00734567857e-10, 2.30246904875e-10, 2.53428528163e-10, 2.00481534152e-10, 1.6126244784e-10, 1.11458967056e-10], "var": [0.000128767132992, 6.39044301352e-05, 1.51086287588e-05, 2.24527684622e-06, 3.33474758918e-07, 3.46363066228e-07, 2.88920858793e-07, 1.36768065317e-07, 4.66290046575e-08, 2.00025560559e-08, 2.60156376442e-08, 4.32562998753e-08, 2.57301238094e-08, 1.02373318711e-08, 3.84984977231e-09, 3.88332832557e-09, 2.42119591043e-09, 1.59498148022e-09, 3.33764749172e-09, 1.59759450113e-09, 5.33418587079e-10, 4.51244375199e-10, 1.10798936692e-09, 1.08897457718e-09, 1.86580018102e-09, 9.20984399855e-10, 7.62902296891e-10, 3.20627718819e-10, 3.60917906672e-10, 1.75959150028e-10, 2.44523595816e-10, 1.86629323107e-10, 1.83190851377e-10, 2.25595098158e-10, 1.2185602527e-10, 1.42595518726e-10, 2.00246014215e-10, 1.72353339933e-10, 1.42135206382e-10, 1.17398882282e-10], "min": [2.30680796386e-24, 3.51244420126e-24, 3.72067863112e-24, 3.68634661567e-24, 5.53955522029e-24, 4.37595343622e-24, 8.42539734378e-24, 5.60556118438e-24, 2.96697883417e-24, 1.74405017408e-24, 6.69654003909e-24, 3.23436521015e-24, 2.58656762314e-24, 2.5149877651e-24, 5.21529197305e-24, 8.77733580373e-24, 2.38385403632e-24, 4.66131952995e-24, 5.71066230608e-24, 6.8945259825e-24, 5.67173635914e-24, 6.75779824382e-24, 6.61328050371e-24, 5.13517447065e-24, 3.41657393545e-24, 4.04323714995e-24, 6.97628904874e-24, 7.31773013662e-24, 7.56178792348e-24, 7.11033150489e-24, 6.9502156181e-24, 7.32414909781e-24, 5.78938352467e-24, 7.04666964098e-24, 7.41685287595e-24, 9.72165042779e-24, 1.11221814571e-23, 1.03028642101e-23, 1.02598492027e-23, 7.70389569353e-24], "dmean": [0.005086613819, 0.00337913352996, 0.00165523425676, 0.000749324157368, 0.000272943376331, 0.000268230418442, 0.000269587413641, 0.000149908082676, 7.62852869229e-05, 7.05669663148e-05, 7.29884559405e-05, 5.89401570323e-05, 4.95654421684e-05, 3.30186849169e-05, 2.34884882957e-05, 2.45971332333e-05, 1.56622245413e-05, 1.61240222951e-05, 1.77374458872e-05, 1.45145149872e-05, 9.20365710044e-06, 8.25401457405e-06, 1.30469543365e-05, 1.31780925585e-05, 1.4402035049e-05, 1.20987087939e-05, 1.0425349501e-05, 6.35547621641e-06, 5.62401646675e-06, 4.70753684567e-06, 5.83098699281e-06, 5.5911268646e-06, 5.22136497239e-06, 4.96999336974e-06, 4.10180973631e-06, 4.47222691946e-06, 5.10527343067e-06, 4.48169157607e-06, 4.22111725129e-06, 3.79566336051e-06], "mean": [0.00816261582077, 0.00556682050228, 0.00114979036152, 0.000674460257869, 0.000262003828539, 0.000299762119539, 0.000388232961996, 0.000216794622247, 9.93281937554e-05, 9.99588955892e-05, 8.7278225692e-05, 0.000104738821392, 8.53680176078e-05, 5.20265020896e-05, 3.28697060468e-05, 3.45066509908e-05, 2.47486041189e-05, 2.51548481174e-05, 2.546837095e-05, 2.03678409889e-05, 1.20197792057e-05, 1.11307754196e-05, 1.77363090188e-05, 2.02607861866e-05, 2.5793666282e-05, 2.18995683099e-05, 1.56428250193e-05, 8.47209230415e-06, 6.51296704746e-06, 6.33942681816e-06, 8.28325937619e-06, 8.52324592415e-06, 7.28408485884e-06, 6.54480072626e-06, 5.28415239387e-06, 6.14066311755e-06, 6.97734094501e-06, 6.00236080572e-06, 5.58148667551e-06, 5.25329278389e-06], "max": [0.0818642228842, 0.0601830407977, 0.0348840616643, 0.0171589609236, 0.00641039572656, 0.00731431273744, 0.00673486944288, 0.00508279725909, 0.00494694942608, 0.00185425346717, 0.00249752681702, 0.00248962035403, 0.00313184596598, 0.00126136024483, 0.000842430687044, 0.000944665400311, 0.000943646708038, 0.000463178032078, 0.000698607356753, 0.000732175656594, 0.000375974632334, 0.000330930895871, 0.000604665256105, 0.000523637107108, 0.000478694681078, 0.000282998254988, 0.000392873393139, 0.000303959939629, 0.000266745628323, 0.000154851091793, 0.000188870690181, 0.000135401103762, 0.000169139821082, 0.000149762985529, 0.000138204195537, 0.000166542216903, 0.000137930066558, 0.000137737690238, 8.717145829e-05, 8.96273340913e-05], "dmean2": [0.00803758855909, 0.00563490297645, 0.00305951060727, 0.00133204914164, 0.000486367091071, 0.000478377391119, 0.000451751111541, 0.000245054456173, 0.00012763858831, 0.000115970156912, 0.000127030274598, 8.92219468369e-05, 7.36462097848e-05, 4.9756905355e-05, 3.56478922185e-05, 3.85851344618e-05, 2.48140549957e-05, 2.64940899797e-05, 2.75797974609e-05, 2.31958729273e-05, 1.46380607475e-05, 1.30512253236e-05, 2.06329095818e-05, 2.10251546378e-05, 2.19827761612e-05, 1.82493149623e-05, 1.57736631081e-05, 9.92516470433e-06, 8.93950436875e-06, 7.13262443242e-06, 8.97762947716e-06, 8.81578307599e-06, 8.05888703326e-06, 7.39968072594e-06, 6.39414065517e-06, 6.94870777806e-06, 7.36756283004e-06, 6.57789450997e-06, 6.3403808781e-06, 5.60599937671e-06], "median": [0.00559188565239, 0.00324187544174, 0.000128321233205, 0.00018342792464, 6.39990030322e-05, 7.67829696997e-05, 0.000184334639926, 7