{"metadata": {"tags": {"album": ["Fatty Folders"], "label": ["Dial"], "musicbrainz_recordingid": ["05f1ea20-7dce-4ad4-a921-d17469db3ef9"], "artist": ["Roman Fl\u00fcgel"], "musicbrainz_albumid": ["325becf9-65b9-45b8-a2b9-1040dd73f7a5"], "date": ["2011-09-26"], "tracknumber": ["4/11"], "title": ["Bahia Blues Bootcamp"], "file_name": "[DialCD 23] Fatty Folders - 04 - Roman Flugel - Bahia Blues Bootcamp.mp3", "musicbrainz_albumartistid": ["5286b91c-5d42-4cab-933a-77e30eb74ddc"]}, "audio_properties": {"sample_rate": 44100, "downmix": "mix", "lossless": false, "analysis_sample_rate": 44100, "md5_encoded": "d81ed0088399104761e4a45e29122b00", "equal_loudness": 0, "replay_gain": -13.1226196289, "codec": "mp3", "bit_rate": 320029, "length": 283.219604492}, "version": {"extractor": "music 1.0", "essentia_build_sha": "26c37b627ab5a2028d412893e0969599b764ad4d", "essentia_git_sha": "v2.1_beta2", "essentia": "2.1-beta2"}}, "rhythm": {"beats_loudness_band_ratio": {"dvar2": [0.117536455393, 0.0261627882719, 0.0175914391875, 0.0340429544449, 0.017718847841, 0.0173806529492], "var": [0.0563587956131, 0.01077455841, 0.0043654134497, 0.00828388053924, 0.00756252510473, 0.0071123521775], "min": [8.78908485902e-06, 1.28050069179e-05, 1.67563594005e-05, 2.35875886574e-05, 7.38628250474e-06, 9.97950428427e-06], "dmean": [0.127608641982, 0.0609511882067, 0.0417608059943, 0.0405117869377, 0.0332021676004, 0.0219700336456], "mean": [0.826162159443, 0.0675850585103, 0.0344794392586, 0.0383118353784, 0.0306991375983, 0.026644391939], "max": [0.998417139053, 0.849576413631, 0.763416528702, 0.950637936592, 0.655643343925, 0.933406412601], "dmean2": [0.22618457675, 0.107577688992, 0.0769593194127, 0.0744695439935, 0.0622947029769, 0.0371646620333], "median": [0.918593406677, 0.0236714240164, 0.011530331336, 0.0105361752212, 0.00490164896473, 0.00160187622532], "dvar": [0.0380254089832, 0.00910361297429, 0.00565929803997, 0.00979681033641, 0.00613277498633, 0.00620762864128]}, "bpm_histogram_first_peak_weight": {"dvar2": 0, "var": 0, "min": 0.927710831165, "dmean": 0, "mean": 0.927710831165, "max": 0.927710831165, "dmean2": 0, "median": 0.927710831165, "dvar": 0}, "bpm": 123.008285522, "beats_count": 582, "bpm_histogram_first_peak_spread": {"dvar2": 0, "var": 0, "min": 0.0392156839371, "dmean": 0, "mean": 0.0392156839371, "max": 0.0392156839371, "dmean2": 0, "median": 0.0392156839371, "dvar": 0}, "danceability": 1.50226438046, "bpm_histogram_first_peak_bpm": {"dvar2": 0, "var": 0, "min": 123, "dmean": 0, "mean": 123, "max": 123, "dmean2": 0, "median": 123, "dvar": 0}, "beats_position": [0.46439909935, 0.952018141747, 1.43963718414, 1.92725622654, 2.41487526894, 2.90249419212, 3.39011335373, 3.87773227692, 4.3653512001, 4.85297060013, 5.34058952332, 5.8282084465, 6.31582736969, 6.80344676971, 7.2910656929, 7.77868461609, 8.26630401611, 8.75392246246, 9.24154186249, 9.72916126251, 10.2167797089, 10.7043991089, 11.1920175552, 11.6796369553, 12.1672563553, 12.6548748016, 13.1424942017, 13.6301136017, 14.117732048, 14.6053514481, 15.0929698944, 15.5805892944, 16.0682086945, 16.5558280945, 17.0434455872, 17.5310649872, 18.0186843872, 18.5063037872, 18.9939231873, 19.4815406799, 19.96916008, 20.45677948, 20.94439888, 21.43201828, 21.9196376801, 22.4072551727, 22.9064846039, 23.405714035, 23.8933334351, 24.3809528351, 24.8685703278, 25.3561897278, 25.8438091278, 26.3314285278, 26.8190479279, 27.3066654205, 27.7942848206, 28.2819042206, 28.7695236206, 29.2571430206, 29.7447605133, 30.2323799133, 30.7199993134, 31.2076187134, 31.6952381134, 32.1828575134, 32.6704750061, 33.1580963135, 33.6457138062, 34.1333312988, 34.6209526062, 35.1085700989, 35.5961914062, 36.0838088989, 36.5714263916, 37.059047699, 37.5466651917, 38.034286499, 38.5219039917, 39.0095214844, 39.4971427917, 39.9847602844, 40.4723815918, 40.9599990845, 41.4476165771, 41.9352378845, 42.4228553772, 42.9104766846, 43.3980941772, 43.8857116699, 44.3733329773, 44.86095047, 45.3485717773, 45.83618927, 46.3238105774, 46.8114280701, 47.2990455627, 47.7866668701, 48.2742843628, 48.7619056702, 49.2495231628, 49.7371406555, 50.2247619629, 50.7123794556, 51.2000007629, 51.6876182556, 52.1752357483, 52.6628570557, 53.1504745483, 53.6380958557, 54.1257133484, 54.6133308411, 55.1009521484, 55.5885696411, 56.0761909485, 56.5638084412, 57.0630378723, 57.5854873657, 58.1195449829, 58.6303825378, 59.1180038452, 59.6056213379, 60.0932426453, 60.5808601379, 61.0684814453, 61.556098938, 62.0437164307, 62.531337738, 63.0189552307, 63.5297966003, 64.0406341553, 64.563079834, 65.0855331421, 65.5847625732, 66.0839920044, 66.5599975586, 67.0592269897, 67.5468444824, 68.0344696045, 68.5220870972, 69.0097045898, 69.4973220825, 69.9849395752, 70.4725646973, 70.9601821899, 71.4477996826, 71.9354171753, 72.423034668, 72.91065979, 73.3982772827, 73.8858947754, 74.3735122681, 74.8611297607, 75.3487548828, 75.8363723755, 76.3239898682, 76.8116073608, 77.2992248535, 77.7868499756, 78.2744674683, 78.7620849609, 79.2497024536, 79.7373199463, 80.2249450684, 80.712562561, 81.2001800537, 81.6877975464, 82.1754150391, 82.6630401611, 83.1506576538, 83.6382751465, 84.1258926392, 84.6135101318, 85.1011352539, 85.5887527466, 86.0763702393, 86.5639877319, 87.0516052246, 87.5392303467, 88.0268478394, 88.514465332, 89.0020828247, 89.4897003174, 89.9773254395, 90.4649429321, 90.9525604248, 91.4401779175, 91.9277954102, 92.4154205322, 92.9030380249, 93.3906555176, 93.8782730103, 94.3658905029, 94.853515625, 95.3411331177, 95.8287506104, 96.316368103, 96.8039855957, 97.2916107178, 97.7792282104, 98.2668457031, 98.7544631958, 99.2420806885, 99.7297058105, 100.217323303, 100.704940796, 101.192558289, 101.680175781, 102.167800903, 102.655418396, 103.143035889, 103.630653381, 104.118278503, 104.605895996, 105.093513489, 105.581130981, 106.068748474, 106.556373596, 107.043991089, 107.531608582, 108.019226074, 108.506843567, 108.994468689, 109.482086182, 109.969703674, 110.457321167, 110.94493866, 111.432563782, 111.920181274, 112.407798767, 112.89541626, 113.383033752, 113.870658875, 114.358276367, 114.84589386, 115.333511353, 115.821128845, 116.308753967, 116.79637146, 117.283988953, 117.771606445, 118.259223938, 118.758453369, 119.246078491, 119.745300293, 120.232925415, 120.720542908, 121.2081604, 121.695777893, 122.183395386, 122.671020508, 123.158638, 123.646255493, 124.133872986, 124.621498108, 125.109115601, 125.596733093, 126.084350586, 126.571968079, 127.059593201, 127.547210693, 128.034820557, 128.522445679, 129.010070801, 129.497680664, 129.985305786, 130.472915649, 130.960540771, 131.448165894, 131.935775757, 132.423400879, 132.911010742, 133.398635864, 133.886260986, 134.37387085, 134.861495972, 135.349105835, 135.836730957, 136.324356079, 136.811965942, 137.299591064, 137.787200928, 138.27482605, 138.762451172, 139.250061035, 139.737686157, 140.225296021, 140.712921143, 141.200546265, 141.688156128, 142.17578125, 142.663391113, 143.151016235, 143.638641357, 144.126251221, 144.613876343, 145.101501465, 145.589111328, 146.07673645, 146.564346313, 147.051971436, 147.539596558, 148.027206421, 148.514831543, 149.002441406, 149.490066528, 149.97769165, 150.465301514, 150.952926636, 151.440536499, 151.928161621, 152.415786743, 152.903396606, 153.391021729, 153.878631592, 154.366256714, 154.853881836, 155.341491699, 155.829116821, 156.316726685, 156.804351807, 157.291976929, 157.779586792, 158.267211914, 158.754821777, 159.242446899, 159.730072021, 160.217681885, 160.705307007, 161.19291687, 161.680541992, 162.168167114, 162.655776978, 163.1434021, 163.631011963, 164.118637085, 164.606262207, 165.09387207, 165.581497192, 166.069107056, 166.556732178, 167.0443573, 167.531967163, 168.019592285, 168.507202148, 168.994827271, 169.482452393, 169.970062256, 170.457687378, 170.945297241, 171.432922363, 171.920547485, 172.408157349, 172.895782471, 173.383392334, 173.871017456, 174.358642578, 174.846252441, 175.345489502, 175.821487427, 176.309112549, 176.796737671, 177.284347534, 177.771972656, 178.25958252, 178.747207642, 179.234832764, 179.722442627, 180.210067749, 180.709289551, 181.208526611, 181.696136475, 182.183761597, 182.671386719, 183.158996582, 183.646621704, 184.134231567, 184.621856689, 185.109481812, 185.597091675, 186.084716797, 186.57232666, 187.059951782, 187.547576904, 188.035186768, 188.52281189, 189.010421753, 189.498046875, 189.985671997, 190.47328186, 190.960906982, 191.448516846, 191.936141968, 192.42376709, 192.911376953, 193.399002075, 193.886611938, 194.374237061, 194.861862183, 195.349472046, 195.837097168, 196.324707031, 196.812332153, 197.299957275, 197.787567139, 198.275192261, 198.762802124, 199.250427246, 199.738052368, 200.225662231, 200.713287354, 201.200897217, 201.688522339, 202.176147461, 202.663757324, 203.151382446, 203.63899231, 204.126617432, 204.614242554, 205.101852417, 205.589477539, 206.077087402, 206.553100586, 207.052337646, 207.53994751, 208.027572632, 208.515182495, 209.002807617, 209.490432739, 209.978042603, 210.465667725, 210.953277588, 211.44090271, 211.928527832, 212.416137695, 212.903762817, 213.391372681, 213.878997803, 214.366622925, 214.854232788, 215.34185791, 215.829467773, 216.317092896, 216.804718018, 217.292327881, 217.779953003, 218.267562866, 218.755187988, 219.24281311, 219.730422974, 220.218048096, 220.705657959, 221.193283081, 221.680908203, 222.168518066, 222.656143188, 223.143753052, 223.631378174, 224.119003296, 224.606613159, 225.094238281, 225.581848145, 226.069473267, 226.557098389, 227.044708252, 227.532333374, 228.019943237, 228.507568359, 228.995193481, 229.482803345, 229.970428467, 230.45803833, 230.945663452, 231.433288574, 231.920898438, 232.40852356, 232.896133423, 233.383758545, 233.871383667, 234.35899353, 234.846618652, 235.334228516, 235.821853638, 236.30947876, 236.797088623, 237.284713745, 237.772338867, 238.25994873, 238.735961914, 239.235183716, 239.722808838, 240.21043396, 240.698043823, 241.185668945, 241.673278809, 242.160903931, 242.648529053, 243.136138916, 243.623764038, 244.111373901, 244.598999023, 245.086624146, 245.574234009, 246.061859131, 246.561080933, 247.048706055, 247.547927856, 248.035552979, 248.523162842, 249.010787964, 249.498413086, 249.986022949, 250.473648071, 250.961257935, 251.448883057, 251.936508179, 252.424118042, 252.911743164, 253.399353027, 253.886978149, 254.374603271, 254.862213135, 255.349838257, 255.83744812, 256.325073242, 256.812683105, 257.300323486, 257.78793335, 258.275543213, 258.763183594, 259.250793457, 259.73840332, 260.226013184, 260.713653564, 261.201263428, 261.688873291, 262.176513672, 262.664123535, 263.151733398, 263.639373779, 264.126983643, 264.614593506, 265.102203369, 265.58984375, 266.077453613, 266.565063477, 267.052703857, 267.540313721, 268.027923584, 268.515563965, 269.003173828, 269.490783691, 269.978393555, 270.466033936, 270.953643799, 271.441253662, 271.928894043, 272.416503906, 272.90411377, 273.39175415, 273.879364014, 274.366973877, 274.85458374, 275.342224121, 275.829833984, 276.317443848, 276.793457031, 277.269470215, 277.745483398, 278.128601074, 278.523345947, 278.91809082, 279.312835693, 279.684356689, 280.055877686, 280.415771484, 280.775695801, 281.147216797, 281.518737793, 281.890258789, 282.261749268, 282.633270264], "beats_loudness": {"dvar2": 0.00202210224234, "var": 0.00188199291006, "min": 3.60677127054e-10, "dmean": 0.0336944721639, "mean": 0.0847897008061, "max": 0.187586471438, "dmean2": 0.0578831844032, "median": 0.0895663052797, "dvar": 0.000737675349228}, "bpm_histogram_second_peak_weight": {"dvar2": 0, "var": 0, "min": 0.0120481932536, "dmean": 0, "mean": 0.0120481932536, "max": 0.0120481932536, "dmean2": 0, "median": 0.0120481932536, "dvar": 0}, "bpm_histogram_second_peak_spread": {"dvar2": 0, "var": 0, "min": 0.125, "dmean": 0, "mean": 0.125, "max": 0.125, "dmean2": 0, "median": 0.125, "dvar": 0}, "bpm_histogram_second_peak_bpm": {"dvar2": 0, "var": 0, "min": 161, "dmean": 0, "mean": 161, "max": 161, "dmean2": 0, "median": 161, "dvar": 0}, "onset_rate": 6.70816326141}, "lowlevel": {"spectral_energyband_high": {"dvar2": 2.96716734738e-07, "var": 1.13131272883e-06, "min": 7.78047538196e-21, "dmean": 0.000309619732434, "mean": 0.00072095869109, "max": 0.0123099256307, "dmean2": 0.000429617881309, "median": 0.000210799262277, "dvar": 1.66072396723e-07}, "spectral_energyband_middle_low": {"dvar2": 0.000988302985206, "var": 0.000400878547225, "min": 3.08499695365e-22, "dmean": 0.0107676312327, "mean": 0.013698104769, "max": 0.134869918227, "dmean2": 0.0183164533228, "median": 0.00564263993874, "dvar": 0.000400395452743}, "spectral_energy": {"dvar2": 0.0023463841062, "var": 0.00168011360802, "min": 1.07825149655e-20, "dmean": 0.0232352409512, "mean": 0.0396501049399, "max": 0.240391537547, "dmean2": 0.0360914394259, "median": 0.0262521617115, "dvar": 0.00111884030048}, "spectral_spread": {"dvar2": 2816624033790.0, "var": 3748881498110.0, "min": 450399.90625, "dmean": 1005791.3125, "mean": 4853619, "max": 40143408, "dmean2": 1496024.625, "median": 4963867, "dvar": 1285191106560.0}, "spectral_energyband_low": {"dvar2": 0.00178153475281, "var": 0.00140333326999, "min": 9.26598038757e-23, "dmean": 0.0139090567827, "mean": 0.0235887672752, "max": 0.234664082527, "dmean2": 0.0208815243095, "median": 0.00512247951701, "dvar": 0.000886015302967}, "spectral_rolloff": {"dvar2": 3357485.5, "var": 6720423, "min": 64.599609375, "dmean": 764.914245605, "mean": 1816.78747559, "max": 19659.8144531, "dmean2": 1216.80383301, "median": 624.462890625, "dvar": 1835161}, "barkbands": {"dvar2": [7.13551514764e-07, 0.00162955420092, 0.000694479618687, 0.000251733377809, 0.000254860991845, 8.42598637973e-06, 8.94966615306e-06, 9.51688264195e-07, 1.63476056514e-06, 6.8944832492e-06, 9.82571327768e-06, 1.32471104735e-05, 1.0798448784e-05, 1.00140587165e-05, 5.01109934703e-06, 2.43650947596e-06, 6.66880850986e-07, 7.45527643176e-07, 6.88428826834e-07, 6.57190525999e-07, 4.81250701512e-08, 5.05123871619e-08, 4.63444358445e-08, 9.77527836454e-09, 1.41920697416e-09, 4.51089193776e-10, 2.54406062189e-11], "var": [2.14337475768e-07, 0.000981316668913, 0.000169073580764, 8.2557919086e-05, 8.8407061412e-05, 4.79631808048e-06, 5.92823926127e-06, 9.26410450575e-07, 1.0903988823e-06, 2.94433220915e-06, 3.01202203445e-06, 2.90291200145e-06, 2.8198619475e-06, 3.76662910639e-06, 1.99043870452e-06, 1.21584412227e-06, 3.73365537598e-07, 2.54339369121e-07, 3.87372864452e-07, 2.1340110834e-07, 7.75651329832e-08, 1.1048613402e-07, 4.45465104804e-08, 1.9243053373e-08, 4.47787407154e-09, 9.18946974071e-10, 1.18420842576e-10], "min": [6.98626261716e-24, 1.5134754006e-23, 5.59562642792e-23, 2.83655007094e-23, 6.05442351277e-23, 8.0808437263e-23, 2.89207925223e-23, 3.71925386944e-23, 6.88735649904e-23, 5.70916686246e-23, 9.03931414377e-23, 5.10033947748e-23, 7.49578787585e-23, 4.08449552193e-23, 7.88460668752e-23, 2.35030264606e-22, 1.82020667176e-22, 3.08328190694e-22, 2.87773731921e-22, 2.17921550268e-22, 4.16715861535e-22, 5.81968665393e-22, 6.99479354832e-22, 7.37971778526e-22, 1.55660790414e-21, 1.66732308068e-21, 2.22819858997e-21], "dmean": [0.000168851314811, 0.011107894592, 0.00538899563253, 0.00490581570193, 0.00478168437257, 0.000865985290147, 0.000859724590555, 0.000271975848591, 0.00030037201941, 0.0004440114717, 0.000485072901938, 0.000421457720222, 0.000399608688895, 0.000435310532339, 0.000283722009044, 0.000256987113971, 0.000145981932292, 0.000169818944414, 0.000118544012366, 0.000114385547931, 9.56660878728e-05, 0.00010513743473, 7.83775758464e-05, 4.47728816653e-05, 1.98932084459e-05, 8.26367704576e-06, 8.10704534615e-07], "mean": [0.000210420490475, 0.0170303527266, 0.00454129977152, 0.00486836815253, 0.00517505733296, 0.00134650839027, 0.00128231605049, 0.000433093344327, 0.000496434164234, 0.000583553861361, 0.000562441651709, 0.00044652458746, 0.000403493118938, 0.000450063089374, 0.00028401214513, 0.000261924084043, 0.000160863492056, 0.000158541151905, 0.000154335735715, 0.000137173818075, 0.00015880560386, 0.000204658339499, 0.000144980178447, 9.05808046809e-05, 4.62552015961e-05, 1.58106031449e-05, 2.17014326154e-06], "max": [0.00657837791368, 0.226281017065, 0.120071038604, 0.0687753036618, 0.0746316388249, 0.0226303599775, 0.03012743406, 0.0178560353816, 0.0218211635947, 0.0345878638327, 0.0361751131713, 0.0556982494891, 0.0529994145036, 0.0495242550969, 0.0374675281346, 0.0467500016093, 0.0215054266155, 0.0154247116297, 0.0247240699828, 0.0132351471111, 0.00597127340734, 0.00463533913717, 0.00275739119388, 0.00183836021461, 0.000912695773877, 0.000536011124495, 0.000160684823641], "dmean2": [0.000281805434497, 0.0166932921857, 0.00957061070949, 0.0085562383756, 0.00835912674665, 0.00148060487118, 0.00146650930401, 0.000445878511528, 0.000483187031932, 0.000743634125683, 0.000832370191347, 0.000712802051567, 0.000675411487464, 0.000704886333551, 0.000468689133413, 0.000411452521803, 0.000233129030676, 0.000283914123429, 0.00017980337725, 0.00019686507585, 0.000145587822772, 0.00015731039457, 0.000115038477816, 6.52570888633e-05, 2.84298912447e-05, 1.33035600811e-05, 1.2618229448e-06], "median": [2.19335579459e-05, 0.000366274791304, 0.000210350612178, 0.00161181075964, 0.00112399714999, 0.000427659979323, 0.000193275729544, 0.000105375947896, 0.000124747559312, 0.000103799779026, 0.000123748934129, 0.000108018502942, 7.66372177168e-05, 5.62269087823e-05, 3.61577585863e-05, 4.23994897574e-05, 2.64925020019e-05, 3.29908434651e-05, 4.1942417738e-05, 4.27098857472e-05, 4.90540878673e-05, 4.22091143264e-05, 4.73057916679e-05, 2.36799442064e-05, 1.18138132166e-05, 4.17205956182e-06, 2.27727824154e-07], "dvar": [2.54348094586e-07, 0.000707012426574, 0.000250148208579, 9.95915615931e-05, 9.79692995315e-05, 3.26815165863e-06, 3.38996164828e-06, 4.25939106208e-07, 6.69566702527e-07, 2.50003085966e-06, 3.39701023222e-06, 4.65527500637e-06, 3.84730310543e-06, 3.84735812986e-06, 1.94631479644e-06, 1.03615525404e-06, 2.85089640784e-07, 2.97229433954e-07, 3.01008242332e-07, 2.41575605742e-07, 2.30170744686e-08, 2.23516440911e-08, 1.9202825996e-08, 4.55131132782e-09, 8.29801727331e-10, 2.00367486491e-10, 1.21124629424e-11]}, "melbands_skewness": {"dvar2": 7.95527601242, "var": 9.45811748505, "min": -4.00147485733, "dmean": 1.64831602573, "mean": 3.82397484779, "max": 25.9890480042, "dmean2": 2.50611019135, "median": 3.37491393089, "dvar": 3.61605119705}, "barkbands_skewness": {"dvar2": 8.26495265961, "var": 10.6387624741, "min": -4.85654830933, "dmean": 1.48649084568, "mean": 2.6396522522, "max": 36.9587478638, "dmean2": 2.21605062485, "median": 2.03975987434, "dvar": 4.10628604889}, "erbbands": {"dvar2": [1.15920972824, 88.8957214355, 691.794067383, 971.934020996, 7699.23535156, 1072.43823242, 300.32019043, 917.519165039, 1922.79675293, 681.121154785, 452.723510742, 774.288330078, 4779.78955078, 8993.61132812, 16755.3984375, 22754.078125, 22236.5390625, 17628.5546875, 20219.15625, 6559.65673828, 6075.57910156, 2177.5871582, 2242.32397461, 1713.21679688, 1083.82995605, 1282.25317383, 45.4906158447, 143.685913086, 60.1199569702, 100.683433533, 13.3873720169, 8.12802028656, 2.0643465519, 0.31762483716, 0.0741717591882, 0.0145513303578, 0.00121206196491, 7.08052684786e-05, 1.48551566781e-06, 3.42762884742e-09], "var": [0.882468104362, 49.6463890076, 200.615997314, 289.496612549, 2361.51879883, 470.87588501, 211.836090088, 592.041381836, 1537.62426758, 371.102783203, 477.253875732, 601.996337891, 1782.55664062, 3346.41210938, 4780.22412109, 4872.2578125, 5769.13330078, 4384.18261719, 7546.24755859, 3112.29711914, 2536.66015625, 1372.87658691, 847.871887207, 839.550537109, 629.616577148, 349.964355469, 69.7600021362, 267.773742676, 123.794822693, 60.1463813782, 25.6925926208, 13.2429218292, 3.56883502007, 0.818930447102, 0.172391787171, 0.0262818336487, 0.00217095436528, 0.000214758285438, 5.81823223911e-06, 6.67000188415e-09], "min": [3.23007995994e-22, 4.72458868313e-21, 5.58844255817e-20, 9.40365286732e-20, 1.06522884643e-19, 2.86961207107e-19, 2.57121726335e-19, 7.69339904823e-19, 5.23502240362e-19, 4.4933681305e-19, 1.02620750576e-18, 2.14592074874e-18, 7.16412494835e-19, 3.64390720136e-18, 3.6032492063e-18, 2.01803573091e-18, 3.27028998459e-18, 2.28116560607e-18, 4.40345256394e-18, 7.16227485551e-18, 1.1478078121e-17, 1.08623769854e-17, 1.68168846013e-17, 1.37737094616e-17, 1.31121767298e-17, 1.29290405965e-17, 1.43487794855e-17, 1.84746968239e-17, 1.96666591235e-17, 2.23064058708e-17, 1.64418376029e-17, 1.65825890015e-17, 1.23278432458e-17, 1.75442857253e-17, 1.07372270402e-17, 4.95252802352e-18, 3.49814226099e-18, 1.1691962212e-18, 3.20179643134e-19, 3.44735985958e-20], "dmean": [0.294866085052, 2.56545352936, 5.73570156097, 9.95782279968, 24.4897727966, 10.4522857666, 5.85393285751, 8.42171192169, 12.7822551727, 8.02054595947, 6.10105800629, 6.61736726761, 11.0974149704, 16.875005722, 17.0935058594, 16.5469799042, 18.0578975677, 18.023273468, 19.1235160828, 13.8954734802, 12.3236236572, 8.75183391571, 9.57389831543, 6.38735198975, 5.48988819122, 4.97562265396, 2.8720407486, 5.11367940903, 3.60602664948, 2.72052884102, 1.94075012207, 1.2077537775, 0.691474378109, 0.296009629965, 0.1235377267, 0.049556709826, 0.0107760829851, 0.00164019141812, 0.000177608249942, 2.89192612399e-05], "mean": [0.532277047634, 3.67977237701, 5.4149851799, 10.5760965347, 22.3665370941, 13.3509531021, 9.67561721802, 13.4725875854, 19.3033313751, 10.9594659805, 11.2328300476, 10.8536100388, 14.8541212082, 22.0210056305, 19.1439285278, 17.4534797668, 19.1555156708, 18.2971973419, 21.217710495, 15.0439529419, 12.5795688629, 9.79937648773, 9.26120185852, 7.44070911407, 7.18981313705, 5.92491579056, 5.04797697067, 9.18810939789, 7.16357660294, 4.62333250046, 3.78151130676, 2.27691173553, 1.33414196968, 0.632877647877, 0.274815768003, 0.100371465087, 0.0203683059663, 0.00379405799322, 0.000475383392768, 5.83337678108e-05], "max": [6.93561697006, 48.9992218018, 136.307434082, 130.024047852, 362.478942871, 346.51751709, 120.708839417, 274.250030518, 406.43270874, 376.648406982, 372.486907959, 416.452453613, 1140.84033203, 1450.82214355, 1819.99560547, 2804.36352539, 2442.47387695, 2223.734375, 2442.92407227, 1344.72924805, 3046.93457031, 1354.21887207, 880.028564453, 1658.59143066, 1003.45214844, 358.010070801, 107.170478821, 355.734588623, 139.724487305, 102.441070557, 61.4398918152, 50.0480117798, 19.5023975372, 12.1371212006, 6.19516420364, 2.84538292885, 0.987661540508, 0.256252259016, 0.0404086336493, 0.00118528550956], "dmean2": [0.428075641394, 3.95206642151, 9.88817596436, 17.4726638794, 42.4517669678, 18.4484596252, 9.97832393646, 14.4079465866, 21.8673057556, 13.730931282, 9.66028690338, 10.7381153107, 18.9437046051, 28.4124298096, 29.0269794464, 28.0500488281, 30.2957687378, 30.330450058, 29.910692215, 22.4197883606, 19.6986370087, 13.8462018967, 15.7102642059, 10.0953321457, 8.61623001099, 8.61978054047, 4.47166061401, 7.71814346313, 5.23604249954, 4.38139677048, 2.76004576683, 1.75177538395, 0.99890768528, 0.424453884363, 0.195121601224, 0.0791713297367, 0.0173449721187, 0.00263344333507, 0.000272408506135, 4.43997123512e-05], "median": [0.0110050840303, 0.0844484195113, 0.634490311146, 4.70612573624, 4.4066491127, 2.52150940895, 2.87470626831, 3.46371507645, 2.59078907967, 3.26144623756, 2.86948609352, 3.21745014191, 2.88598036766, 5.40594244003, 4.66663599014, 4.71092748642, 4.21304750443, 3.644977808, 2.9386484623, 2.55874347687, 2.31801509857, 1.72927093506, 1.78642511368, 1.60432434082, 2.25079655647, 1.83589577675, 1.75726890564, 2.3182759285, 1.57706534863, 1.43248677254, 1.39373207092, 0.674981355667, 0.316999405622, 0.145978972316, 0.0749228000641, 0.026878669858, 0.00528455525637, 0.000714483205229, 7.83035284257e-05, 3.90954628529e-05], "dvar": [0.482500970364, 39.4398193359, 261.112976074, 366.733276367, 3004.37817383, 402.301452637, 120.365348816, 356.205718994, 745.701538086, 266.535888672, 200.693099976, 325.699554443, 1675.98010254, 3222.77197266, 5883.96191406, 7969.81933594, 7926.12890625, 6218.03857422, 7733.05712891, 2664.09204102, 2541.74951172, 966.544128418, 919.753234863, 722.262939453, 479.301391602, 450.366546631, 19.9753913879, 66.8761672974, 26.6698818207, 38.1009368896, 6.7201795578, 3.59433293343, 0.994069516659, 0.180322796106, 0.0379301011562, 0.00679203961045, 0.000510730606038, 3.11292751576e-05, 6.67380561481e-07, 1.64474789344e-09]}, "silence_rate_30dB": {"dvar2": 0.167838349938, "var": 0.0627635344863, "min": 0, "dmean": 0.08181668818, "mean": 0.932699382305, "max": 1, "dmean2": 0.163646802306, "median": 1, "dvar": 0.0751298666}, "melbands_spread": {"dvar2": 798.413146973, "var": 1168.22106934, "min": 0.244366496801, "dmean": 12.1521596909, "mean": 25.3781337738, "max": 215.039459229, "dmean2": 18.1711444855, "median": 11.9358272552, "dvar": 396.141448975}, "melbands_crest": {"dvar2": 45.1484489441, "var": 48.7662239075, "min": 1.99744367599, "dmean": 4.10602712631, "mean": 18.4601535797, "max": 34.1813659668, "dmean2": 6.53499984741, "median": 18.8778934479, "dvar": 17.3009128571}, "zerocrossingrate": {"dvar2": 0.000495366228279, "var": 0.00535678490996, "min": 0.00244140625, "dmean": 0.0184675827622, "mean": 0.067198254168, "max": 0.6982421875, "dmean2": 0.0190207902342, "median": 0.046875, "dvar": 0.0004666884779}, "barkbands_kurtosis": {"dvar2": 9101.12890625, "var": 5508.49072266, "min": -1.97873723507, "dmean": 21.2353630066, "mean": 23.8485431671, "max": 1648.13562012, "dmean2": 33.9709014893, "median": 4.55450201035, "dvar": 4258.26855469}, "spectral_flux": {"dvar2": 0.0122868316248, "var": 0.00855328328907, "min": 1.03838888876e-10, "dmean": 0.0638527572155, "mean": 0.102141790092, "max": 0.470316052437, "dmean2": 0.103682391346, "median": 0.0619300454855, "dvar": 0.00576813984662}, "barkbands_crest": {"dvar2": 24.7392520905, "var": 37.9761581421, "min": 2.29368138313, "dmean": 3.25910425186, "mean": 13.2754039764, "max": 26.5919418335, "dmean2": 4.94426679611, "median": 12.1943635941, "dvar": 10.6065216064}, "barkbands_flatness_db": {"dvar2": 0.00720229605213, "var": 0.0133231747895, "min": 0.0198791343719, "dmean": 0.0548919960856, "mean": 0.207672417164, "max": 0.65446472168, "dmean2": 0.080820903182, "median": 0.168839380145, "dvar": 0.00349629018456}, "spectral_entropy": {"dvar2": 0.721366524696, "var": 0.921172678471, "min": 3.3727710247, "dmean": 0.458922207355, "mean": 7.2442984581, "max": 9.80930995941, "dmean2": 0.674553930759, "median": 7.51846837997, "dvar": 0.311575859785}, "pitch_salience": {"dvar2": 0.0380469039083, "var": 0.0324853919446, "min": 0.0208794381469, "dmean": 0.110536240041, "mean": 0.473700463772, "max": 0.961797535419, "dmean2": 0.180386409163, "median": 0.488084495068, "dvar": 0.0152404904366}, "erbbands_spread": {"dvar2": 608.745117188, "var": 683.168762207, "min": 0.919223487377, "dmean": 15.0003347397, "mean": 42.3462028503, "max": 151.448425293, "dmean2": 22.822851181, "median": 36.8548812866, "dvar": 266.469207764}, "dynamic_complexity": 3.47434544563, "spectral_contrast_valleys": {"dvar2": [1.3634403944, 1.63908004761, 1.44258749485, 1.84488928318, 1.78917443752, 1.5523557663], "var": [3.56621670723, 2.39055848122, 2.04036903381, 2.30817747116, 2.21777820587, 2.31818413734], "min": [-27.0381355286, -27.1185035706, -27.1288490295, -27.4509925842, -27.3021659851, -27.1634712219], "dmean": [0.814703226089, 0.869358539581, 0.767621219158, 0.832201063633, 0.796229958534, 0.721652805805], "mean": [-8.63176441193, -7.77537727356, -8.11992931366, -8.41871452332, -8.47591876984, -10.4938802719], "max": [-5.10808610916, -4.88059711456, -5.2207570076, -4.89361858368, -5.80406045914, -8.23985099792], "dmean2": [1.128921628, 1.28575956821, 1.13916182518, 1.23836457729, 1.17094385624, 0.973052322865], "median": [-8.43166160583, -7.62556123734, -7.93869400024, -8.25749111176, -8.16230297089, -10.1142988205], "dvar": [0.722178041935, 0.715902745724, 0.640735089779, 0.800465762615, 0.740736424923, 0.677715539932]}, "hfc": {"dvar2": 241.168212891, "var": 216.056030273, "min": 1.20059627849e-16, "dmean": 7.97674560547, "mean": 15.4356975555, "max": 143.663711548, "dmean2": 11.7087440491, "median": 11.7726144791, "dvar": 108.44606781}, "spectral_kurtosis": {"dvar2": 403.772399902, "var": 263.892669678, "min": -1.17514121532, "dmean": 6.09618806839, "mean": 8.19603061676, "max": 248.28843689, "dmean2": 10.0480194092, "median": 3.06524991989, "dvar": 160.487533569}, "mfcc": {"mean": [-706.329345703, 108.036643982, 16.7508678436, 16.5388069153, -1.27910709381, 16.1753864288, -2.12493395805, 4.5010175705, -3.66402506828, -2.80758953094, -3.9724957943, -2.81472706795, -3.37069582939], "cov": [[12501.6757812, -647.052856445, -771.983825684, 91.491065979, -161.274353027, -155.583633423, -401.072875977, -338.506439209, -297.223052979, -351.947418213, -288.617767334, -196.743209839, -315.165710449], [-647.052856445, 5286.52441406, 969.637451172, 290.170166016, 521.47442627, 263.083557129, 82.961517334, 276.056671143, -25.4865169525, -12.8206863403, 93.3484191895, 87.125038147, 100.651306152], [-771.983825684, 969.637451172, 1860.04919434, 698.812011719, 275.852142334, 265.489685059, 233.3097229, 211.789672852, 222.61730957, 84.1096878052, 53.3106460571, 132.973800659, 91.644493103], [91.491065979, 290.170166016, 698.812011719, 660.315490723, 325.161682129, 149.557922363, 90.4799575806, 146.52142334, 113.003486633, 56.1726570129, 58.218536377, 66.955871582, 52.1948890686], [-161.274353027, 521.47442627, 275.852142334, 325.161682129, 398.996307373, 209.985946655, 70.1982269287, 88.5715103149, 62.770652771, 67.1482849121, 89.9044036865, 91.1562423706, 59.5921478271], [-155.583633423, 263.083557129, 265.489685059, 149.557922363, 209.985946655, 299.935821533, 170.970596313, 88.6082229614, 55.1452636719, 86.8234481812, 79.8040084839, 77.6120452881, 88.5851745605], [-401.072875977, 82.961517334, 233.3097229, 90.4799575806, 70.1982269287, 170.970596313, 314.418334961, 189.767608643, 108.566390991, 81.8514709473, 36.1408615112, 45.3373641968, 54.7148857117], [-338.506439209, 276.056671143, 211.789672852, 146.52142334, 88.5715103149, 88.6082229614, 189.767608643, 349.116210938, 194.381317139, 74.4043197632, 67.4272384644, 58.1263008118, 47.5274581909], [-297.223052979, -25.4865169525, 222.61730957, 113.003486633, 62.770652771, 55.1452636719, 108.566390991, 194.381317139, 282.765563965, 171.982192993, 85.9124069214, 91.0266723633, 65.7766418457], [-351.947418213, -12.8206863403, 84.1096878052, 56.1726570129, 67.1482849121, 86.8234481812, 81.8514709473, 74.4043197632, 171.982192993, 292.537750244, 188.00793457, 113.013076782, 122.107269287], [-288.617767334, 93.3484191895, 53.3106460571, 58.218536377, 89.9044036865, 79.8040084839, 36.1408615112, 67.4272384644, 85.9124069214, 188.00793457, 258.707733154, 181.618804932, 130.258499146], [-196.743209839, 87.125038147, 132.973800659, 66.955871582, 91.1562423706, 77.6120452881, 45.3373641968, 58.1263008118, 91.0266723633, 113.013076782, 181.618804932, 258.233825684, 165.512695312], [-315.165710449, 100.651306152, 91.644493103, 52.1948890686, 59.5921478271, 88.5851745605, 54.7148857117, 47.5274581909, 65.7766418457, 122.107269287, 130.258499146, 165.512695312, 232.401947021]], "icov": [[9.75169314188e-05, -1.42102417158e-05, 0.000104753053165, -0.000213373074075, 0.000220132889808, -0.000206718614209, 0.000129803796881, 4.54529545095e-05, -1.86461184057e-05, 1.42314393088e-05, 0.000121474855405, -0.000165380755789, 0.000175002671313], [-1.42102417158e-05, 0.000300641375361, -0.000300371961202, 0.00049128982937, -0.000710060936399, 0.000249029253609, 0.000191591025214, -0.000532041478436, 0.000531894678716, -0.000154573266627, 2.86805916403e-05, 0.000157489281264, -0.000188081670785], [0.000104753053165, -0.000300371961202, 0.00148441060446, -0.00197326228954, 0.0016535728937, -0.00122282444499, -0.000275987084024, 0.000849008851219, -0.0011547046015, 0.000473174120998, 0.00030883209547, -0.000786534044892, 0.000528674689122], [-0.000213373074075, 0.00049128982937, -0.00197326228954, 0.00547228939831, -0.00487765483558, 0.00231880112551, 2.73236801149e-05, -0.0015312981559, 0.000941320438869, -0.000240150809987, -0.000437631795648, 0.00152067572344, -0.00125739106443], [0.000220132889808, -0.000710060936399, 0.0016535728937, -0.00487765483558, 0.00932299252599, -0.00588671769947, 0.00160538183991, 0.000741752388421, -0.00118065369315, 0.000236750784097, 0.000217694090679, -0.00236595747992, 0.00214581470937], [-0.000206718614209, 0.000249029253609, -0.00122282444499, 0.00231880112551, -0.00588671769947, 0.00995351839811, -0.00445616897196, 0.000426386162871, 0.00125859433319, -0.000416112656239, -0.00117879314348, 0.00168025365565, -0.00242291274481], [0.000129803796881, 0.000191591025214, -0.000275987084024, 2.73236801149e-05, 0.00160538183991, -0.00445616897196, 0.00800147838891, -0.00438451161608, 0.0018571165856, -0.00268716248684, 0.00301266508177, -0.00161319109611, 0.000842096982524], [4.54529545095e-05, -0.000532041478436, 0.000849008851219, -0.0015312981559, 0.000741752388421, 0.000426386162871, -0.00438451161608, 0.00901044439524, -0.00721294013783, 0.00515525694937, -0.00432205945253, 0.00235347868875, -0.000782789255027], [-1.86461184057e-05, 0.000531894678716, -0.0011547046015, 0.000941320438869, -0.00118065369315, 0.00125859433319, 0.0018571165856, -0.00721294013783, 0.0132385566831, -0.00937921646982, 0.00617000507191, -0.00458689266816, 0.00183870899491], [1.42314393088e-05, -0.000154573266627, 0.000473174120998, -0.000240150809987, 0.000236750784097, -0.000416112656239, -0.00268716248684, 0.00515525694937, -0.00937921646982, 0.0143876718357, -0.010676048696, 0.0060683102347, -0.00361298001371], [0.000121474855405, 2.86805916403e-05, 0.00030883209547, -0.000437631795648, 0.000217694090679, -0.00117879314348, 0.00301266508177, -0.00432205945253, 0.00617000507191, -0.010676048696, 0.0164310913533, -0.0097880391404, 0.00232142326422], [-0.000165380755789, 0.000157489281264, -0.000786534044892, 0.00152067572344, -0.00236595747992, 0.00168025365565, -0.00161319109611, 0.00235347868875, -0.00458689266816, 0.0060683102347, -0.0097880391404, 0.0140238003805, -0.00685072690248], [0.000175002671313, -0.000188081670785, 0.000528674689122, -0.00125739106443, 0.00214581470937, -0.00242291274481, 0.000842096982524, -0.000782789255027, 0.00183870899491, -0.00361298001371, 0.00232142326422, -0.00685072690248, 0.00998648349196]]}, "silence_rate_20dB": {"dvar2": 0, "var": 0, "min": 1, "dmean": 0, "mean": 1, "max": 1, "dmean2": 0, "median": 1, "dvar": 0}, "melbands_kurtosis": {"dvar2": 6636.92822266, "var": 5568.32910156, "min": -1.96988880634, "dmean": 29.0665149689, "mean": 39.2776222229, "max": 1122.47338867, "dmean2": 46.2037086487, "median": 15.9361858368, "dvar": 2975.31201172}, "barkbands_spread": {"dvar2": 238.951095581, "var": 315.386444092, "min": 0.0915275067091, "dmean": 8.34597969055, "mean": 18.7433338165, "max": 112.479072571, "dmean2": 12.5414419174, "median": 13.2582015991, "dvar": 112.165847778}, "erbbands_skewness": {"dvar2": 1.20028316975, "var": 1.46712088585, "min": -5.26259326935, "dmean": 0.645348131657, "mean": 0.319144278765, "max": 10.2283248901, "dmean2": 0.981161534786, "median": 0.322340965271, "dvar": 0.536257207394}, "average_loudness": 0.962956130505, "spectral_centroid": {"dvar2": 509640.5625, "var": 1222988.125, "min": 103.837036133, "dmean": 418.837524414, "mean": 1306.03320312, "max": 11119.8330078, "dmean2": 612.296447754, "median": 888.911437988, "dvar": 281657.9375}, "dissonance": {"dvar2": 0.00479184743017, "var": 0.00464046141133, "min": 0.0839625969529, "dmean": 0.0332482159138, "mean": 0.435997337103, "max": 0.500000059605, "dmean2": 0.0523406714201, "median": 0.459952026606, "dvar": 0.00195439741947}, "erbbands_flatness_db": {"dvar2": 0.00419412134215, "var": 0.00511819683015, "min": 0.0419590808451, "dmean": 0.036184694618, "mean": 0.181661620736, "max": 0.570576548576, "dmean2": 0.0534751042724, "median": 0.163391575217, "dvar": 0.00182699109428}, "spectral_strongpeak": {"dvar2": 1.63165092468, "var": 0.820355594158, "min": 0, "dmean": 0.426360756159, "mean": 0.72603482008, "max": 17.793920517, "dmean2": 0.716668188572, "median": 0.538964152336, "dvar": 0.629215121269}, "spectral_rms": {"dvar2": 9.21704850043e-06, "var": 1.05278531919e-05, "min": 3.24338190853e-12, "dmean": 0.00173116300721, "mean": 0.00530614238232, "max": 0.0153143173084, "dmean2": 0.00255264923908, "median": 0.00506081664935, "dvar": 4.90339471071e-06}, "silence_rate_60dB": {"dvar2": 0.160423904657, "var": 0.1204187572, "min": 0, "dmean": 0.0762420073152, "mean": 0.14001147449, "max": 1, "dmean2": 0.152496516705, "median": 0, "dvar": 0.0704201906919}, "melbands": {"dvar2": [0.000123633973999, 0.000110663611849, 5.3094496252e-05, 1.77777601493e-05, 4.28779827644e-07, 4.04521273367e-07, 4.31593832673e-07, 6.56670238186e-08, 3.43919595025e-08, 3.7850387713e-08, 1.35119790912e-07, 1.48951826873e-07, 1.72310706148e-07, 1.69607318412e-07, 1.91715201936e-07, 1.03757585634e-07, 7.11216685545e-08, 7.45614983089e-08, 3.22673017195e-08, 1.31477566612e-08, 8.51864623286e-09, 3.51018414335e-09, 3.82527343135e-09, 6.98744118122e-10, 1.59934732125e-09, 1.15974574388e-09, 1.7068571001e-09, 3.27836757741e-10, 1.72338757848e-11, 4.13741610417e-11, 6.9334461783e-11, 4.14652548408e-11, 1.09719100125e-11, 6.54361634322e-11, 5.26732563816e-12, 5.69291922631e-12, 3.10766364899e-12, 1.81082731275e-12, 4.78875944974e-13, 2.39600738338e-13], "var": [7.74300351623e-05, 5.35838080395e-05, 1.64916364156e-05, 6.10691449765e-06, 2.89835242029e-07, 2.52674254853e-07, 2.91403750907e-07, 4.15795788911e-08, 3.6318404284e-08, 2.66092250456e-08, 5.2055462163e-08, 5.59106538844e-08, 4.82599631368e-08, 3.74548889681e-08, 3.72026391915e-08, 3.31784733021e-08, 1.76962391407e-08, 3.00763183247e-08, 1.68293041725e-08, 7.59079199497e-09, 3.25298477044e-09, 2.20277462937e-09, 1.34927502504e-09, 2.46152764838e-10, 7.47147899105e-10, 5.37878741547e-10, 6.3723015753e-10, 9.93674517669e-11, 2.56809816468e-11, 4.55204103578e-11, 1.26419749669e-10, 6.39961625359e-11, 1.33026515151e-11, 2.86046498987e-11, 1.02603073607e-11, 6.28555280741e-12, 5.55330260943e-12, 2.28676929823e-12, 8.43140824085e-13, 5.05715152914e-13], "min": [2.9756468378e-24, 2.08804508082e-23, 1.50775489686e-23, 1.530309219e-23, 9.42999592936e-24, 1.69871445619e-23, 7.73024995865e-24, 5.47894506479e-24, 8.61972770575e-24, 1.2599880438e-23, 2.65037108758e-24, 1.41587200738e-23, 1.12782118333e-23, 7.2907503048e-24, 4.41219370621e-24, 8.46874919482e-24, 3.4295526695e-24, 6.9680612295e-24, 4.42574278669e-24, 1.90456518505e-23, 1.18825289849e-23, 9.69972798324e-24, 1.79988034525e-23, 1.10804822697e-23, 1.12710860528e-23, 1.00608882272e-23, 7.31973068788e-24, 8.70905042605e-24, 7.67433234225e-24, 1.01498591155e-23, 1.1066891774e-23, 1.18807919132e-23, 1.04152824111e-23, 1.32669932842e-23, 7.98293630609e-24, 1.21063911438e-23, 9.61624204478e-24, 8.39253970935e-24, 9.72605227164e-24, 1.72213258102e-23], "dmean": [0.00301835476421, 0.00277164881118, 0.00238080299459, 0.00127388711553, 0.000219876950723, 0.000179844821105, 0.000190465842024, 7.93252183939e-05, 5.15985411766e-05, 4.18263261963e-05, 5.79206753173e-05, 6.90424712957e-05, 5.81246385991e-05, 4.91349746881e-05, 4.01709294238e-05, 4.25181606261e-05, 3.49510592059e-05, 3.51723938365e-05, 2.27879772865e-05, 1.92172974494e-05, 1.29934314828e-05, 8.74253964867e-06, 1.17851959658e-05, 5.64804349779e-06, 5.45468174096e-06, 4.33290642832e-06, 5.11766984346e-06, 2.86923909698e-06, 1.75856268925e-06, 2.38024404098e-06, 3.48935759575e-06, 2.7246164791e-06, 1.32119237151e-06, 1.85901274108e-06, 1.21725872759e-06, 1.03016031971e-06, 6.93626702741e-07, 6.01581803039e-07, 3.03236589616e-07, 2.39984302652e-07], "mean": [0.00486690318212, 0.00354510731995, 0.00234335148707, 0.00134103570599, 0.000364777224604, 0.000296087557217, 0.000278050312772, 0.000109992892249, 9.57185620791e-05, 6.54980