{"tonal": {"thpcp": [1, 0.711699306965, 0.357828587294, 0.244185253978, 0.205848246813, 0.35527536273, 0.499220967293, 0.441517621279, 0.325851500034, 0.230600833893, 0.218242108822, 0.363653898239, 0.471233427525, 0.414472222328, 0.606371283531, 0.832479298115, 0.578389823437, 0.270226836205, 0.193641453981, 0.232414603233, 0.402367591858, 0.510185599327, 0.370720863342, 0.208850160241, 0.193443864584, 0.276985436678, 0.549718081951, 0.698795318604, 0.484006524086, 0.350540965796, 0.375665336847, 0.365441441536, 0.372983276844, 0.383135169744, 0.414028674364, 0.7290995121], "hpcp": {"dmean2": [0.206322744489, 0.166398733854, 0.114056102931, 0.107436075807, 0.143044769764, 0.229311197996, 0.25549274683, 0.216606944799, 0.195503354073, 0.208037421107, 0.221469119191, 0.233373522758, 0.237294405699, 0.241255387664, 0.323389470577, 0.350111216307, 0.304859280586, 0.203899353743, 0.14649116993, 0.122869364917, 0.165332123637, 0.198134660721, 0.181918978691, 0.166932761669, 0.149219289422, 0.140155091882, 0.187235534191, 0.232865601778, 0.21980240941, 0.284232974052, 0.321629375219, 0.248166009784, 0.155999556184, 0.117132425308, 0.124406315386, 0.176241517067], "median": [0.0957929641008, 0.0643421113491, 0.0294934120029, 0.0230657346547, 0.0446493402123, 0.125214219093, 0.149892941117, 0.109410524368, 0.0613889917731, 0.0513796620071, 0.0523902624846, 0.0535661764443, 0.0528702884912, 0.0694149509072, 0.206253230572, 0.284852385521, 0.19844147563, 0.0592335052788, 0.0244799740613, 0.0240149572492, 0.0524878054857, 0.070501357317, 0.0535001829267, 0.0275589264929, 0.0198441818357, 0.0312189720571, 0.0693929940462, 0.0872467979789, 0.0816361457109, 0.144066482782, 0.205041587353, 0.132522374392, 0.0462655648589, 0.0290568135679, 0.0400877445936, 0.0784259289503], "min": [0, 0, 0, 0, 0, 0, 0, 0, 0, 0, 0, 0, 0, 0, 0, 0, 0, 0, 0, 0, 0, 0, 0, 0, 0, 0, 0, 0, 0, 0, 0, 0, 0, 0, 0, 0], "dvar2": [0.0753627344966, 0.0549936629832, 0.0359885916114, 0.0364857539535, 0.0465712845325, 0.0793456062675, 0.0973746329546, 0.0725074633956, 0.0836625173688, 0.0973568037152, 0.110330171883, 0.120988845825, 0.122125543654, 0.107122838497, 0.125590279698, 0.134257286787, 0.118803538382, 0.0827650055289, 0.0701771229506, 0.0474273897707, 0.0662054568529, 0.0867822393775, 0.0805258974433, 0.0825458317995, 0.0734051615, 0.0645734593272, 0.0724378526211, 0.0993271023035, 0.0875212699175, 0.105288743973, 0.124273903668, 0.0885904505849, 0.058148290962, 0.044874355197, 0.0410133749247, 0.0595150403678], "dvar": [0.0298847742379, 0.0219265334308, 0.0134568111971, 0.0144145246595, 0.0183742418885, 0.0305972527713, 0.0388102270663, 0.0276153758168, 0.0303599219769, 0.0357643887401, 0.0408714264631, 0.0442957356572, 0.0460829585791, 0.0411178730428, 0.0471388846636, 0.0549026057124, 0.0443669818342, 0.0305962525308, 0.0257839486003, 0.0173373203725, 0.0250037219375, 0.0335524529219, 0.0299725420773, 0.0292540993541, 0.0256537050009, 0.0227363295853, 0.0269852429628, 0.0380266457796, 0.0337334237993, 0.0409979112446, 0.0507639460266, 0.0352143384516, 0.0218704864383, 0.0162204597145, 0.0150713156909, 0.0225328430533], "dmean": [0.122241660953, 0.099495947361, 0.066932618618, 0.0636209994555, 0.0847076922655, 0.135948821902, 0.152194797993, 0.1281337291, 0.112869918346, 0.120190612972, 0.127469971776, 0.132903426886, 0.134586945176, 0.139019161463, 0.188110679388, 0.202644214034, 0.177824988961, 0.116842076182, 0.0830884575844, 0.0706686079502, 0.0976323336363, 0.117567159235, 0.106105171144, 0.0941691920161, 0.0823661834002, 0.0795586258173, 0.10921266675, 0.135908797383, 0.128351837397, 0.166890844703, 0.189175441861, 0.146458029747, 0.0904140397906, 0.0677432045341, 0.0728685110807, 0.104157574475], "max": [1, 1, 1, 1, 1, 1, 1, 1, 1, 1, 1, 1, 1, 1, 1, 1, 1, 1, 1, 1, 1, 1, 1, 1, 1, 1, 1, 1, 1, 1, 1, 1, 1, 1, 1, 1], "var": [0.0708386525512, 0.0440314374864, 0.0190684720874, 0.0215065814555, 0.0306530147791, 0.0645261406898, 0.101114615798, 0.0517764724791, 0.0423975922167, 0.0538382641971, 0.050060108304, 0.053684618324, 0.0567521266639, 0.0543426536024, 0.0833509042859, 0.13523684442, 0.0808994919062, 0.0464064329863, 0.0355166047812, 0.0214929711074, 0.046379558742, 0.0795429944992, 0.0740798935294, 0.0577878691256, 0.0317391715944, 0.0235229320824, 0.0406774803996, 0.0636167749763, 0.0487934015691, 0.0716365799308, 0.119646109641, 0.0714134350419, 0.0270171556622, 0.0181855801493, 0.0206625051796, 0.0451534129679], "mean": [0.211344882846, 0.153571471572, 0.0865163803101, 0.0801343098283, 0.114741489291, 0.227721258998, 0.289476633072, 0.200500175357, 0.145211935043, 0.155619725585, 0.151384472847, 0.154508680105, 0.15871411562, 0.171511784196, 0.302030175924, 0.414250969887, 0.294822126627, 0.148230835795, 0.101153977215, 0.0852728337049, 0.147173166275, 0.206802770495, 0.182899102569, 0.134984299541, 0.0955266207457, 0.0904070064425, 0.150643974543, 0.195208907127, 0.171695515513, 0.251189887524, 0.344855368137, 0.239598557353, 0.111941732466, 0.0802161619067, 0.096277974546, 0.166681170464]}, "tuning_equal_tempered_deviation": 0.0554738044739, "chords_changes_rate": 0.0538513958454, "key_key": "G", "tuning_diatonic_strength": 0.743048489094, "key_scale": "major", "chords_number_rate": 0.00153374229558, "tuning_frequency": 438.984558105, "tuning_nontempered_energy_ratio": 0.749943971634, "chords_histogram": [47.3755950928, 4.08997964859, 5.62372207642, 0.35787320137, 3.2890253067, 0.119291067123, 0, 0, 0.238582134247, 0.954328536987, 1.43149280548, 1.82344925404, 0.204498976469, 0, 0, 0.153374239802, 0.170415818691, 0.306748479605, 0.511247456074, 0.170415818691, 0, 6.22017717361, 15.7805042267, 11.17927742], "key_strength": 0.905413746834, "chords_key": "G", "chords_strength": {"dmean2": 0.0105239665136, "median": 0.582563638687, "min": -1, "dvar2": 0.000775689841248, "dvar": 0.000420442695031, "dmean": 0.0103079974651, "max": 0.859727799892, "var": 0.0355691760778, "mean": 0.567695140839}, "chords_scale": "major", "hpcp_entropy": {"dmean2": 1.07939505577, "median": 2.07045817375, "min": 0, "dvar2": 0.768167555332, "dvar": 0.275480359793, "dmean": 0.632435798645, "max": 4.70360660553, "var": 0.66983962059, "mean": 2.08764696121}}, "metadata": {"audio_properties": {"equal_loudness": 0, "codec": "flac", "downmix": "mix", "analysis_sample_rate": 44100, "bit_rate": 0, "md5_encoded": "65517f9eee483405e1ac7eb839b28561", "length": 272.42666626, "replay_gain": -6.68640518188, "lossless": true}, "version": {"essentia_build_sha": "12879b851c9f4b0d899e1af4e221aa110f283a84", "essentia": "2.1-beta1", "extractor": "music 1.0", "essentia_git_sha": "v2.1_beta1-7-ge0e83e8-dirty"}, "tags": {"title": ["Rain Dance"], "barcode": ["724384667429"], "media": ["CD"], "albumartist": ["Adiemus"], "disc": ["1"], "language": ["eng"], "releasetype": ["album"], "musicbrainz_recordingid": ["05f25688-5dd2-4ada-9944-83b420525254"], "trackc": ["13"], "musicbrainz_albumartistid": ["4dbeae7a-6906-4d85-95df-2b51b4a5d113"], "musicbrainz_albumstatus": ["Official"], "track": ["8"], "publisher": ["Venture Records"], "replaygain_track_gain": ["-1.73 dB"], "compilation": ["0"], "discc": ["1"], "date": ["1998-10-12"], "disctotal": ["1"], "artist_credit": ["Adiemus"], "asin": ["B00000I8UU"], "musicbrainz_albumid": ["c78ad64d-029f-497d-8a12-67e5d2145003"], "tracknumber": ["8"], "replaygain_reference_loudness": ["89.0 dB"], "replaygain_album_peak": ["0.998901"], "album": ["Adiemus III: Dances of Time"], "label": ["Venture Records"], "musicbrainz_artistid": ["4dbeae7a-6906-4d85-95df-2b51b4a5d113"], "totaltracks": ["13"], "albumartist_credit": ["Adiemus"], "tracktotal": ["13"], "replaygain_track_peak": ["0.883911"], "musicbrainz_albumtype": ["album"], "artistsort": ["Adiemus"], "discnumber": ["1"], "bpm": ["0"], "catalognumber": ["CDVE 940"], "releasecountry": ["GB"], "file_name": "08. Rain Dance.flac", "replaygain_album_gain": ["-1.58 dB"], "genre": ["Ambient"], "musicbrainz_releasegroupid": ["314fb723-9551-3e1d-9e61-d08eea577443"], "script": ["Latn"], "originaldate": ["1998-10-12"], "album artist": ["Adiemus"], "artist": ["Adiemus"], "year": ["1998"], "albumartistsort": ["Adiemus"], "totaldiscs": ["1"], "releasestatus": ["official"]}}, "rhythm": {"bpm_histogram_first_peak_bpm": {"dmean2": 0, "median": 80, "min": 80, "dvar2": 0, "dvar": 0, "dmean": 0, "max": 80, "var": 0, "mean": 80}, "bpm": 79.9862747192, "bpm_histogram_second_peak_spread": {"dmean2": 0, "median": 0.345323741436, "min": 0.345323741436, "dvar2": 0, "dvar": 0, "dmean": 0, "max": 0.345323741436, "var": 0, "mean": 0.345323741436}, "bpm_histogram_first_peak_weight": {"dmean2": 0, "median": 0.547297298908, "min": 0.547297298908, "dvar2": 0, "dvar": 0, "dmean": 0, "max": 0.547297298908, "var": 0, "mean": 0.547297298908}, "onset_rate": 3.46865701675, "beats_position": [0.731428563595, 1.47446703911, 2.20589566231, 2.93732428551, 3.66875267029, 4.40018129349, 5.14321994781, 5.89786815643, 6.64090681076, 7.39555549622, 8.15020370483, 8.893242836, 9.63628101349, 10.3909292221, 11.1455783844, 11.8886165619, 12.6316547394, 13.3863039017, 14.1409521103, 14.8956003189, 15.6502494812, 16.4048976898, 17.1595458984, 17.9025840759, 18.6572322845, 19.4118824005, 20.154920578, 20.9095687866, 21.6642169952, 22.4072551727, 23.1619052887, 23.9165534973, 24.6595916748, 25.4026298523, 26.1572780609, 26.9119262695, 27.6665763855, 28.409614563, 29.1642627716, 29.9189109802, 30.6735591888, 31.4165973663, 32.1596374512, 32.9142837524, 33.6689338684, 34.4119720459, 35.1666221619, 35.9212684631, 36.6759185791, 37.4189567566, 38.1736030579, 38.91664505, 39.6712913513, 40.4259414673, 41.1689796448, 41.923625946, 42.678276062, 43.4213142395, 44.1759643555, 44.9306106567, 45.6736488342, 46.4166870117, 47.1713371277, 47.9259872437, 48.6806335449, 49.4236717224, 50.1783218384, 50.9213600159, 51.6760063171, 52.4306564331, 53.1736946106, 53.9283447266, 54.6829910278, 55.4376411438, 56.1922874451, 56.9353294373, 57.6899757385, 58.4446258545, 59.187664032, 59.9307022095, 60.673740387, 61.4283905029, 62.1830368042, 62.9260749817, 63.6807250977, 64.4353713989, 65.1784133911, 65.9330596924, 66.6877059937, 67.4423599243, 68.1970062256, 68.9400405884, 69.694694519, 70.4493408203, 71.1923828125, 71.9470291138, 72.701675415, 73.4447174072, 74.18775177, 74.9424057007, 75.697052002, 76.4516983032, 77.1947402954, 77.9493865967, 78.7040328979, 79.4586868286, 80.2017211914, 80.9447631836, 81.6994094849, 82.4540557861, 83.1970977783, 83.9517440796, 84.7063903809, 85.4610443115, 86.2156906128, 86.9587249756, 87.7133789062, 88.4680252075, 89.2110671997, 89.9541015625, 90.7087478638, 91.4634017944, 92.2180480957, 92.972694397, 93.7157363892, 94.458770752, 95.2018127441, 95.9564590454, 96.7111129761, 97.4657592773, 98.2204055786, 98.9634475708, 99.7180938721, 100.472740173, 101.215782166, 101.958816528, 102.713470459, 103.46811676, 104.222763062, 104.977409363, 105.732063293, 106.486709595, 107.229751587, 107.97278595, 108.727432251, 109.482086182, 110.236732483, 110.979774475, 111.734420776, 112.489067078, 113.243713379, 113.99836731, 114.706573486, 115.414779663, 116.146209717, 116.877639771, 117.609069824, 118.340499878, 119.083534241, 119.826576233, 120.569610596, 121.312652588, 122.055686951, 122.810340881, 123.564987183, 124.319633484, 125.074279785, 125.840545654, 126.606803894, 127.373062134, 128.127700806, 128.870742798, 129.61378479, 130.356826782, 131.099868774, 131.842895508, 132.5859375, 133.328979492, 134.072021484, 134.826660156, 135.581314087, 136.335968018, 137.078994751, 137.833648682, 138.588302612, 139.342941284, 140.097595215, 140.852249146, 141.595275879, 142.34992981, 143.10458374, 143.859222412, 144.613876343, 145.380126953, 146.146392822, 146.912643433, 147.69052124, 148.468383789, 149.234649658, 149.98928833, 150.743942261, 151.498596191, 152.241622925, 152.996276855, 153.750930786, 154.505569458, 155.24861145, 155.991653442, 156.746307373, 157.500946045, 158.255599976, 159.010253906, 159.75328064, 160.50793457, 161.250976562, 162.005615234, 162.748657227, 163.503311157, 164.257949829, 165.000991821, 165.755645752, 166.510284424, 167.253326416, 168.007980347, 168.762634277, 169.505661011, 170.248703003, 171.003356934, 171.757995605, 172.512649536, 173.255691528, 174.0103302, 174.764984131, 175.519638062, 176.262680054, 177.005706787, 177.760360718, 178.515014648, 179.26965332, 180.024307251, 180.767349243, 181.521987915, 182.276641846, 183.019683838, 183.77432251, 184.52897644, 185.283630371, 186.038269043, 186.781311035, 187.535964966, 188.290603638, 189.03364563, 189.776687622, 190.531341553, 191.285980225, 192.029022217, 192.783676147, 193.538314819, 194.29296875, 195.036010742, 195.790649414, 196.545303345, 197.288345337, 197.857223511, 198.414505005, 198.971786499, 199.540679932, 200.109558105, 200.678451538, 201.247344971, 201.804626465, 202.373504639, 202.942398071, 203.522903442, 204.091781616, 204.64906311, 205.206344604, 205.775238037, 206.332519531, 206.889785767, 207.435455322, 207.992736816, 208.561630249, 209.118911743, 209.65296936, 210.187026978, 210.721084595, 211.115829468, 211.510559082, 211.882080078, 212.253601074, 212.636734009, 213.019866943, 213.414596558, 213.797729492, 214.180862427, 214.552383423, 214.92388916, 215.295410156, 215.666931152, 216.038452148, 216.421585083, 216.793106079, 217.176239014, 217.547744751, 217.919265747, 218.290786743, 218.673919678, 219.057052612, 219.440170288, 219.811691284, 220.18321228, 220.554733276, 220.926254272, 221.297775269, 221.680908203, 222.052429199, 222.435546875, 222.807067871, 223.178588867, 223.561721802, 223.933242798, 224.304763794, 224.676269531, 225.047790527, 225.430923462, 225.814056396, 226.185577393, 226.557098389, 226.928619385, 227.311737061, 227.694869995, 228.066390991, 228.437911987, 228.809432983, 229.180953979, 229.552474976, 229.923980713, 230.295501709, 230.678634644, 231.061767578, 231.433288574, 231.80480957, 232.187927246, 232.559448242, 232.930969238, 233.314102173, 233.685623169, 234.057144165, 234.440261841, 234.811782837, 235.194915771, 235.566436768, 235.937957764, 236.30947876, 236.680999756, 237.052505493, 237.435638428, 237.818771362, 238.190292358, 238.561813354, 238.933334351, 239.304855347, 239.687973022, 240.071105957, 240.442626953, 240.814147949, 241.197280884, 241.568786621, 241.951919556, 242.323440552, 242.694961548, 243.066482544, 243.43800354, 243.809524536, 244.192642212, 244.575775146, 244.947296143, 245.318817139, 245.690338135, 246.061859131, 246.456588745, 246.828109741, 247.199630737, 247.571151733, 247.942672729, 248.314193726, 248.69732666, 249.068832397, 249.451965332, 249.823486328, 250.195007324, 250.56652832, 250.938049316, 251.309570312, 251.692687988, 252.075820923, 252.447341919, 252.818862915, 253.20199585, 253.585113525, 253.956634521, 254.328155518, 254.699676514, 255.07119751, 255.442718506, 255.814239502, 256.197357178, 256.580505371, 256.952026367, 257.323547363, 257.695037842, 258.066558838, 258.449707031, 258.832824707, 259.204345703, 259.575866699, 259.947387695, 260.318908691, 260.690429688, 261.061950684, 261.43347168, 261.816589355, 262.199737549, 262.582855225, 262.9659729, 263.349121094, 263.73223877, 264.115356445, 264.498504639, 264.986114502, 265.473724365, 265.961364746, 266.460571289, 266.971435547, 267.482269287, 267.946655273, 268.39944458, 268.863861084, 269.316650391, 269.7578125, 270.210601807, 270.663391113, 271.11618042, 271.568969727], "beats_loudness": {"dmean2": 0.0264783147722, "median": 0.0180664788932, "min": 0, "dvar2": 0.000828027317766, "dvar": 0.000293752324069, "dmean": 0.0148206697777, "max": 0.143569022417, "var": 0.000513087434229, "mean": 0.0240860227495}, "danceability": 1.0012370348, "bpm_histogram_second_peak_weight": {"dmean2": 0, "median": 0.204954952002, "min": 0.204954952002, "dvar2": 0, "dvar": 0, "dmean": 0, "max": 0.204954952002, "var": 0, "mean": 0.204954952002}, "beats_count": 445, "bpm_histogram_second_peak_bpm": {"dmean2": 0, "median": 161, "min": 161, "dvar2": 0, "dvar": 0, "dmean": 0, "max": 161, "var": 0, "mean": 161}, "bpm_histogram_first_peak_spread": {"dmean2": 0, "median": 0.0653846263885, "min": 0.0653846263885, "dvar2": 0, "dvar": 0, "dmean": 0, "max": 0.0653846263885, "var": 0, "mean": 0.0653846263885}, "beats_loudness_band_ratio": {"dmean2": [0.515480995178, 0.155318886042, 0.192405477166, 0.336257457733, 0.18934224546, 0.12808252871], "median": [0.095369592309, 0.0433123260736, 0.0953322127461, 0.215766236186, 0.10814999789, 0.0878219455481], "min": [0, 0, 0, 0, 0, 0], "dvar2": [0.241046980023, 0.0346819497645, 0.0363982468843, 0.0853674858809, 0.0296661816537, 0.0201928764582], "dvar": [0.0730616822839, 0.0130761433393, 0.0127760497853, 0.0267194807529, 0.00987522862852, 0.00744858942926], "dmean": [0.26611405611, 0.0882032960653, 0.107062749565, 0.186835795641, 0.102666273713, 0.0721976831555], "max": [0.978285849094, 0.860428631306, 0.946018457413, 0.824532628059, 0.629863381386, 0.97233659029], "var": [0.0842718034983, 0.0183468852192, 0.0270844697952, 0.0466573126614, 0.0116232186556, 0.0460419692099], "mean": [0.242567971349, 0.0934477522969, 0.150246337056, 0.261313319206, 0.132674470544, 0.152862787247]}}, "lowlevel": {"barkbands_spread": {"dmean2": 9.57578849792, "median": 19.1686229706, "min": 0.613058686256, "dvar2": 159.739425659, "dvar": 67.2387619019, "dmean": 6.04874134064, "max": 122.572914124, "var": 292.943237305, "mean": 23.1858654022}, "melbands_spread": {"dmean2": 17.9521026611, "median": 33.3582382202, "min": 0.53363609314, "dvar2": 667.421325684, "dvar": 283.635803223, "dmean": 11.2347383499, "max": 264.90045166, "var": 986.96875, "mean": 39.2974243164}, "hfc": {"dmean2": 7.72210597992, "median": 12.3174085617, "min": 1.0754687334e-16, "dvar2": 153.4712677, "dvar": 65.3726806641, "dmean": 5.13648605347, "max": 214.344696045, "var": 435.001525879, "mean": 17.7077484131}, "barkbands_kurtosis": {"dmean2": 3.36749172211, "median": 0.265344977379, "min": -1.94474041462, "dvar2": 48.9713516235, "dvar": 28.1988964081, "dmean": 2.20463323593, "max": 169.423416138, "var": 103.63105011, "mean": 2.82888579369}, "gfcc": {"mean": [-97.5220489502, 34.3333358765, -153.038589478, 20.2841243744, -55.3035049438, 16.9609661102, -27.2480773926, 13.5452899933, -26.8198261261, 4.66958045959, -3.24711608887, -4.7240447998, -3.2238214016], "icov": [[0.000107599247713, -0.000213433711906, 0.000196136927116, -0.000230235644267, 0.000425419420935, -0.000527466414496, 0.000257928390056, -0.00024330081942, 0.000229082317674, -0.000265955750365, 0.000285251968307, -0.00036056060344, 0.000340381753631], [-0.000213433711906, 0.000844875874463, -0.000540411157999, 0.000293487799354, -0.000907318550162, 0.00146120483987, -0.000593936594669, 0.000660079298541, -0.000428909843322, 0.000987966079265, -0.00213412754238, 0.00258296635002, -0.00155757763423], [0.000196136927116, -0.000540411157999, 0.00167418865021, -0.00176530668978, 0.000711276952643, -0.00096405367367, 4.29125111623e-06, 0.000701725482941, -0.0012308639707, -4.74199441669e-05, 0.00112696515862, -0.00140776520129, 0.00130565837026], [-0.000230235644267, 0.000293487799354, -0.00176530668978, 0.00556018669158, -0.00359015050344, -0.00160539383069, 0.0037786741741, -0.00214432599023, 0.00038555462379, 0.00154701899737, -0.000478078349261, 0.000723409641068, -0.000872520671692], [0.000425419420935, -0.000907318550162, 0.000711276952643, -0.00359015050344, 0.00942382123321, -0.00290481746197, -0.00422829203308, 0.000979257398285, 0.00101041956805, -0.00166585005354, 0.00228535872884, -0.00280173216015, 0.00214740261436], [-0.000527466414496, 0.00146120483987, -0.00096405367367, -0.00160539383069, -0.00290481746197, 0.0108361197636, -0.00777445547283, 0.0024767818395, 0.000284330395516, -0.000520375207998, -0.00125620455947, 0.000761468603741, -0.000173659427674], [0.000257928390056, -0.000593936594669, 4.29125111623e-06, 0.0037786741741, -0.00422829203308, -0.00777445547283, 0.0163110680878, -0.00627553137019, -0.0010101882508, 0.00186540291179, -0.00380005431361, 0.0040551838465, -0.000649606750812], [-0.00024330081942, 0.000660079298541, 0.000701725482941, -0.00214432599023, 0.000979257398285, 0.0024767818395, -0.00627553137019, 0.00979008432478, -0.00304176099598, -0.00242068944499, 0.0040853205137, -0.00174802017864, -0.0021477912087], [0.000229082317674, -0.000428909843322, -0.0012308639707, 0.00038555462379, 0.00101041956805, 0.000284330395516, -0.0010101882508, -0.00304176099598, 0.0116667179391, -0.00571482907981, 0.00423620548099, -0.00602774647996, 0.00468401890248], [-0.000265955750365, 0.000987966079265, -4.74199441669e-05, 0.00154701899737, -0.00166585005354, -0.000520375207998, 0.00186540291179, -0.00242068944499, -0.00571482907981, 0.0201758816838, -0.0167743656784, 0.0102646471933, -0.00224707042798], [0.000285251968307, -0.00213412754238, 0.00112696515862, -0.000478078349261, 0.00228535872884, -0.00125620455947, -0.00380005431361, 0.0040853205137, 0.00423620548099, -0.0167743656784, 0.0281382463872, -0.0158986710012, 0.0025460543111], [-0.00036056060344, 0.00258296635002, -0.00140776520129, 0.000723409641068, -0.00280173216015, 0.000761468603741, 0.0040551838465, -0.00174802017864, -0.00602774647996, 0.0102646471933, -0.0158986710012, 0.024931570515, -0.0109707769006], [0.000340381753631, -0.00155757763423, 0.00130565837026, -0.000872520671692, 0.00214740261436, -0.000173659427674, -0.000649606750812, -0.0021477912087, 0.00468401890248, -0.00224707042798, 0.0025460543111, -0.0109707769006, 0.0193930435926]], "cov": [[32432.9511719, 7888.015625, -3049.55395508, -458.083435059, -1008.17401123, -170.790328979, -363.943481445, -150.373046875, -978.868591309, 457.942810059, 512.647216797, -561.467224121, 234.806655884], [7888.015625, 5843.58154297, -329.362854004, -362.681762695, -225.268341064, -456.378448486, -138.452865601, -457.647583008, -368.451965332, 160.264694214, 323.259979248, -409.553894043, 135.713592529], [-3049.55395508, -329.362854004, 2815.3046875, 1242.85205078, 674.115600586, 585.54888916, 185.50831604, 43.8622512817, 370.860137939, -170.236206055, -174.304458618, 108.799217224, -189.751174927], [-458.083435059, -362.681762695, 1242.85205078, 944.874206543, 457.08493042, 428.302490234, 113.372764587, 108.797836304, 144.142456055, -102.923652649, -110.826942444, 69.9867553711, -85.7836303711], [-1008.17401123, -225.268341064, 674.115600586, 457.08493042, 471.09161377, 362.363555908, 214.80430603, 71.0611114502, 97.1120452881, -22.5175437927, -37.1061172485, 25.6214065552, -65.7711334229], [-170.790328979, -456.378448486, 585.54888916, 428.302490234, 362.363555908, 505.515289307, 251.573944092, 106.855926514, 95.5763320923, 2.63269686699, -25.9816989899, 31.6982631683, -70.5830230713], [-363.943481445, -138.452865601, 185.50831604, 113.372764587, 214.80430603, 251.573944092, 255.309570312, 106.983985901, 64.7395095825, 33.5661888123, 9.76981544495, -6.40064525604, -29.903755188], [-150.373046875, -457.647583008, 43.8622512817, 108.797836304, 71.0611114502, 106.855926514, 106.983985901, 238.60874939, 91.9746551514, 14.4511318207, -36.1196479797, 41.1633033752, -1.58930540085], [-978.868591309, -368.451965332, 370.860137939, 144.142456055, 97.1120452881, 95.5763320923, 64.7395095825, 91.9746551514, 206.009887695, 14.5369911194, -28.0085144043, 51.3917961121, -43.7613449097], [457.942810059, 160.264694214, -170.236206055, -102.923652649, -22.5175437927, 2.63269686699, 33.5661888123, 14.4511318207, 14.5369911194, 137.793045044, 85.4018554688, -19.218378067, 7.27744197845], [512.647216797, 323.259979248, -174.304458618, -110.826942444, -37.1061172485, -25.9816989899, 9.76981544495, -36.1196479797, -28.0085144043, 85.4018554688, 128.271270752, 13.4599943161, 31.3517723083], [-561.467224121, -409.553894043, 108.799217224, 69.9867553711, 25.6214065552, 31.6982631683, -6.40064525604, 41.1633033752, 51.3917961121, -19.218378067, 13.4599943161, 126.33367157, 29.6370410919], [234.806655884, 135.713592529, -189.751174927, -85.7836303711, -65.7711334229, -70.5830230713, -29.903755188, -1.58930540085, -43.7613449097, 7.27744197845, 31.3517723083, 29.6370410919, 96.7951812744]]}, "spectral_energyband_middle_low": {"dmean2": 0.00192716624588, "median": 0.00137304165401, "min": 1.41416835181e-22, "dvar2": 1.91250910575e-05, "dvar": 8.62699289428e-06, "dmean": 0.00131859688554, "max": 0.133347153664, "var": 8.40817883727e-05, "mean": 0.00452143652365}, "melbands_crest": {"dmean2": 5.35495710373, "median": 11.2321109772, "min": 1.54208528996, "dvar2": 23.5975971222, "dvar": 9.34184551239, "dmean": 3.3060772419, "max": 33.8553581238, "var": 33.3985099792, "mean": 12.3332166672}, "spectral_kurtosis": {"dmean2": 2.36689090729, "median": 4.2762761116, "min": -1.26439452171, "dvar2": 11.1440229416, "dvar": 3.76095223427, "dmean": 1.38515436649, "max": 62.8907241821, "var": 14.9019985199, "mean": 4.59493589401}, "spectral_rms": {"dmean2": 0.00076607207302, "median": 0.00311691546813, "min": 3.06552331263e-12, "dvar2": 8.38057019337e-07, "dvar": 3.74373655632e-07, "dmean": 0.000521713693161, "max": 0.0129109891132, "var": 5.27940119355e-06, "mean": 0.00319486740045}, "zerocrossingrate": {"dmean2": 0.0132821071893, "median": 0.08056640625, "min": 0.00537109375, "dvar2": 0.000249887350947, "dvar": 0.000193385625607, "dmean": 0.0111566418782, "max": 0.57080078125, "var": 0.0096748014912, "mean": 0.114055909216}, "silence_rate_60dB": {"dmean2": 0.0637572482228, "median": 0, "min": 0, "dvar2": 0.0643047615886, "dvar": 0.030856737867, "dmean": 0.0318759046495, "max": 1, "var": 0.21513491869, "mean": 0.313192427158}, "erbbands_kurtosis": {"dmean2": 1.81386697292, "median": 0.222561478615, "min": -1.88646256924, "dvar2": 6.05603551865, "dvar": 2.50582885742, "dmean": 1.10598611832, "max": 35.6249656677, "var": 5.9948015213, "mean": 0.813037991524}, "erbbands": {"dmean2": [0.0511006452143, 0.578476965427, 0.81941652298, 0.386401474476, 0.729900956154, 0.945245802402, 2.43514990807, 4.763463974, 8.98430728912, 7.6231880188, 13.431807518, 11.8879318237, 25.9186191559, 32.0590782166, 59.1691169739, 113.835174561, 57.408531189, 46.7831039429, 37.4392547607, 34.770275116, 15.0450487137, 12.7742538452, 10.1317873001, 12.0539999008, 17.9593067169, 11.9898633957, 7.9739074707, 2.23449468613, 1.47241282463, 0.920732855797, 0.83926731348, 1.40684187412, 1.07371342182, 0.735543012619, 0.24207367003, 0.0606569759548, 0.0102730561048, 0.00185006333049, 0.000367859494872, 5.31373843842e-05], "median": [0.00216381042264, 0.0302459094673, 0.0617009028792, 0.0846972316504, 0.161830663681, 0.258533298969, 0.470011532307, 0.88293170929, 1.27118134499, 1.79847204685, 2.88054013252, 3.17564630508, 7.23727893829, 10.3853197098, 14.4869604111, 20.5533370972, 10.8512926102, 11.61054039, 11.0441350937, 10.3880195618, 6.57685756683, 5.30132675171, 6.46684598923, 10.9490461349, 12.4486589432, 10.6137008667, 6.64427471161, 1.58654689789, 0.690120816231, 0.344969749451, 0.403273999691, 0.46685808897, 0.344074994326, 0.136618509889, 0.06622210145, 0.0152199808508, 0.00256715971045, 0.000369629065972, 7.23421035218e-05, 2.43405229412e-05], "min": [5.78853573586e-23, 4.69660015065e-22, 1.81079044935e-21, 4.38531174994e-21, 1.12992677804e-20, 1.85907582513e-20, 3.07392787957e-20, 7.70159498638e-20, 1.30516305211e-19, 1.8947808824e-19, 3.16929779755e-19, 4.31795750228e-19, 5.75298377465e-19, 7.29550862998e-19, 9.61788954405e-19, 1.11116867405e-18, 1.75564618239e-18, 2.64259783203e-18, 2.67880642257e-18, 2.2056160988e-18, 3.79484160696e-18, 3.84340496713e-18, 4.78929840529e-18, 5.45848628008e-18, 5.96728796999e-18, 8.08102105315e-18, 9.57586380585e-18, 9.79735299539e-18, 1.122842095e-17, 1.03948247247e-17, 1.07352500786e-17, 8.77058197283e-18, 1.06691757184e-17, 8.69417860837e-18, 6.59186640793e-18, 4.26407014919e-18, 2.25370527769e-18, 9.16551377282e-19, 2.45626836802e-19, 2.6682502344e-20], "dvar2": [0.0393586233258, 3.07126808167, 4.31935787201, 0.708343684673, 3.0385863781, 5.70935916901, 37.5256233215, 152.647338867, 1725.74536133, 712.673278809, 2693.03540039, 1369.58679199, 3612.73583984, 5909.44091797, 21566.7089844, 79965.1875, 62527.4257812, 12572.1074219, 12236.6640625, 7771.83691406, 1311.86633301, 919.07220459, 351.529815674, 453.173187256, 1678.49084473, 460.434997559, 246.541809082, 19.6948451996, 10.8906097412, 4.19132709503, 2.93268871307, 10.5043897629, 6.79044151306, 4.62018489838, 0.385726749897, 0.0213872641325, 0.000590133073274, 2.31644062296e-05, 7.96465542408e-07, 1.48986218917e-08], "dvar": [0.0156254731119, 1.25130903721, 1.88133251667, 0.304199039936, 1.2624052763, 2.32925105095, 26.7023277283, 82.3091125488, 825.309570312, 323.221679688, 1183.69396973, 656.509216309, 1453.4440918, 2307.30664062, 8407.20703125, 28932.8164062, 24986.4960938, 4751.27587891, 4419.36669922, 2918.11401367, 546.495300293, 370.321746826, 137.833724976, 174.901748657, 611.889282227, 166.782073975, 87.9335098267, 8.37677001953, 4.6781334877, 1.82285654545, 1.34017086029, 4.41225147247, 2.75568318367, 1.77829742432, 0.164549976587, 0.00922345556319, 0.000260295550106, 9.63964430412e-06, 3.46344961599e-07, 6.52385212518e-09], "dmean": [0.0316915549338, 0.36385884881, 0.538382828236, 0.250891566277, 0.467130422592, 0.600195109844, 1.84417235851, 3.25872206688, 6.1918888092, 4.92338371277, 9.22896385193, 7.79187917709, 16.4036598206, 19.8014278412, 36.5649490356, 68.201751709, 35.7898597717, 28.4630298615, 22.2369728088, 20.8834323883, 9.34296512604, 7.96360969543, 6.26086568832, 7.54619503021, 11.0357465744, 7.32612991333, 4.92816877365, 1.43739640713, 0.952740371227, 0.591692626476, 0.547187387943, 0.88187456131, 0.663114964962, 0.442636996508, 0.152148887515, 0.0374525487423, 0.00650091795251, 0.00114750035573, 0.000232475082157, 3.32087620336e-05], "max": [3.29179596901, 30.5896015167, 31.7539691925, 15.8865480423, 43.5645027161, 54.195400238, 605.723876953, 495.725738525, 1710.39685059, 774.368408203, 1749.96594238, 1479.10888672, 983.622680664, 1371.62390137, 2083.9909668, 3248.92895508, 6423.625, 1846.2734375, 2220.78564453, 1957.25561523, 575.89239502, 590.832519531, 350.960418701, 355.21786499, 942.782470703, 314.534637451, 263.212005615, 47.7876167297, 32.19348526, 25.2731933594, 18.9154281616, 40.6349525452, 36.0942344666, 25.1388130188, 4.84241437912, 1.73927211761, 0.269957512617, 0.0630409047008, 0.00857663992792, 0.00117321393918], "var": [0.021755874157, 2.35842251778, 5.22285509109, 1.1249370575, 3.4078066349, 7.83957290649, 544.05657959, 789.097900391, 5622.53613281, 1524.46411133, 4932.52587891, 2340.96459961, 2735.80249023, 4195.09130859, 15431.3759766, 44593.796875, 55403.7382812, 9466.27246094, 7864.66357422, 5486.46875, 1200.17102051, 720.201049805, 349.08984375, 598.72052002, 1453.11669922, 575.738464355, 258.443389893, 14.166135788, 6.28302431107, 2.48476171494, 1.92775547504, 4.51777410507, 2.65551972389, 1.37622010708, 0.160225570202, 0.00905779656023, 0.000277979503153, 9.34401941777e-06, 3.64863353752e-07, 7.25814786051e-09], "mean": [0.04359818995, 0.560492634773, 0.975271701813, 0.546389043331, 0.83974301815, 1.2585067749, 5.57365465164, 8.48240375519, 17.1713733673, 10.3085069656, 18.7533893585, 15.1099691391, 26.5539226532, 31.5584754944, 57.3309707642, 95.8846282959, 58.7714004517, 46.4659309387, 35.94298172, 33.4135055542, 16.8356361389, 14.1982316971, 12.6495790482, 17.9047203064, 23.1638755798, 17.6550655365, 11.5526657104, 2.76809120178, 1.5728417635, 0.896163284779, 0.867303431034, 1.11236906052, 0.841164112091, 0.432056367397, 0.177847251296, 0.043076351285, 0.00812518410385, 0.00133584579453, 0.000283253175439, 4.94806845381e-05]}, "spectral_strongpeak": {"dmean2": 1.20110476017, "median": 0.68312227726, "min": 0, "dvar2": 2.95041012764, "dvar": 1.15938830376, "dmean": 0.720614790916, "max": 19.7784233093, "var": 3.0657889843, "mean": 1.39691329002}, "spectral_energy": {"dmean2": 0.00730714062229, "median": 0.00995804090053, "min": 9.63236798358e-21, "dvar2": 0.000153869434143, "dvar": 6.33284216747e-05, "dmean": 0.00480636488646, "max": 0.170860990882, "var": 0.000367492117221, "mean": 0.0158737692982}, "average_loudness": 0.169162154198, "spectral_rolloff": {"dmean2": 1028.0480957, "median": 2088.72070312, "min": 86.1328125, "dvar2": 2160453.5, "dvar": 966551, "dmean": 622.157348633, "max": 20779.5410156, "var": 12265713, "mean": 3411.31689453}, "spectral_centroid": {"dmean2": 440.372650146, "median": 2167.09716797, "min": 306.769378662, "dvar2": 235686.375, "dvar": 103450.640625, "dmean": 280.62677002, "max": 11863.5605469, "var": 1619738, "mean": 2375.56933594}, "pitch_salience": {"dmean2": 0.110674917698, "median": 0.567688465118, "min": 0.0315320491791, "dvar2": 0.0101751033217, "dvar": 0.0040668072179, "dmean": 0.068392932415, "max": 0.913295507431, "var": 0.0188808776438, "mean": 0.555333554745}, "spectral_energyband_middle_high": {"dmean2": 0.00478664087132, "median": 0.00446569919586, "min": 1.13417983137e-21, "dvar2": 8.4541097749e-05, "dvar": 3.26648623741e-05, "dmean": 0.00306715909392, "max": 0.155611902475, "var": 0.000137631606776, "mean": 0.0081124715507}, "spectral_contrast_coeffs": {"dmean2": [0.0737951472402, 0.0674867331982, 0.0677846744657, 0.0522163510323, 0.0348205417395, 0.0238394569606], "median": [-0.707709908485, -0.7677257061, -0.734498500824, -0.754664778709, -0.784314513206, -0.790517985821], "min": [-0.982895076275, -0.977574110031, -0.97448182106, -0.974158346653, -0.968686521053, -0.964441657066], "dvar2": [0.00355597445741, 0.00298184342682, 0.00303923268802, 0.00185173377395, 0.000927833316382, 0.000390778091969], "dvar": [0.00131577637512, 0.00111553655006, 0.00119277543854, 0.000746050791349, 0.000375617993996, 0.00016057540779], "dmean": [0.0443909801543, 0.0411604680121, 0.0418926849961, 0.032501898706, 0.0216121133417, 0.0149679407477], "max": [-0.337861776352, -0.370475977659, -0.422948628664, -0.446070075035, -0.579497277737, -0.660201907158], "var": [0.0098039386794, 0.00806148722768, 0.0100960377604, 0.0076215416193, 0.00347712216899, 0.00154639990069], "mean": [-0.711724638939, -0.760661959648, -0.737934350967, -0.755518913269, -0.785186290741, -0.791763067245]}, "melbands_skewness": {"dmean2": 1.02493572235, "median": 0.917284965515, "min": -3.28099632263, "dvar2": 1.80336785316, "dvar": 0.860524833202, "dmean": 0.666133463383, "max": 20.2798862457, "var": 5.91518354416, "mean": 1.37712597847}, "spectral_spread": {"dmean2": 726870.125, "median": 3573263, "min": 1058344.5, "dvar2": 1141512732670.0, "dvar": 515539009536, "dmean": 469119.59375, "max": 42379384, "var": 15379389743100.0, "mean": 4634441}, "dissonance": {"dmean2": 0.0291158109903, "median": 0.4791405797, "min": 0.219305038452, "dvar2": 0.00101596314926, "dvar": 0.00036034497316, "dmean": 0.0169068258256, "max": 0.500000059605, "var": 0.000734193192329, "mean": 0.471790015697}, "spectral_skewness": {"dmean2": 0.297268211842, "median": 1.37978160381, "min": -0.116974011064, "dvar2": 0.0953904986382, "dvar": 0.0328020751476, "dmean": 0.175458982587, "max": 5.94140434265, "var": 0.208458513021, "mean": 1.3862247467}, "spectral_flux": {"dmean2": 0.0214533470571, "median": 0.0545834600925, "min": 6.33247482229e-11, "dvar2": 0.00079800747335, "dvar": 0.000313203694532, "dmean": 0.0135233849287, "max": 0.281504422426, "var": 0.00162883067969, "mean": 0.0564065165818}, "spectral_contrast_valleys": {"dmean2": [0.732745409012, 0.596409320831, 0.492240220308, 0.437241703272, 0.322068184614, 0.369557112455], "median": [-8.66736221313, -7.57251310349, -7.56143379211, -7.90564966202, -7.40114116669, -10.3292694092], "min": [-28.1303768158, -28.5516014099, -27.6865959167, -27.7402610779, -27.4728965759, -27.4356861115], "dvar2": [0.398756086826, 0.271990329027, 0.191690281034, 0.201092332602, 0.137445762753, 0.203197881579], "dvar": [0.162107095122, 0.11737626791, 0.0892282500863, 0.0947899669409, 0.0694938153028, 0.124183110893], "dmean": [0.440488159657, 0.370814830065, 0.312126398087, 0.281382203102, 0.220645919442, 0.285965293646], "max": [-5.86100769043, -5.03479862213, -5.23034572601, -6.04267835617, -5.51159763336, -8.20952415466], "var": [7.65636539459, 7.65887641907, 6.34489631653, 5.47460985184, 5.20751714706, 3.7528796196], "mean": [-9.45358276367, -8.32297706604, -8.3013381958, -8.5416135788, -8.01853561401, -10.6129159927]}, "erbbands_flatness_db": {"dmean2": 0.0294084418565, "median": 0.200142920017, "min": 0.0447773560882, "dvar2": 0.000657955824863, "dvar": 0.000316591700539, "dmean": 0.0193845685571, "max": 0.409049957991, "var": 0.00456265173852, "mean": 0.20296035707}, "spectral_energyband_high": {"dmean2": 0.0003499869199, "median": 0.000317590427585, "min": 6.94986407013e-21, "dvar2": 3.38696736435e-07, "dvar": 1.49429638441e-07, "dmean": 0.000228499047807, "max": 0.00584136275575, "var": 3.9891057213e-07, "mean": 0.000511896971148}, "spectral_entropy": {"dmean2": 0.193557024002, "median": 7.64925479889, "min": 4.74040651321, "dvar2": 0.0383943282068, "dvar": 0.0187452025712, "dmean": 0.132973641157, "max": 9.81946849823, "var": 0.257291644812, "mean": 7.71586751938}, "silence_rate_20dB": {"dmean2": 0, "median": 1, "min": 1, "dvar2": 0, "dvar": 0, "dmean": 0, "max": 1, "var": 0, "mean": 1}, "melbands_flatness_db": {"dmean2": 0.0354489907622, "median": 0.151812553406, "min": 0.00351207749918, "dvar2": 0.00116132362746, "dvar": 0.000526560412254, "dmean": 0.0237093549222, "max": 0.501908242702, "var": 0.00385200837627, "mean": 0.158503428102}, "barkbands": {"dmean2": [8.42928639031e-05, 0.00233626575209, 0.00052649184363, 0.000137668670504, 0.000287421891699, 0.000543464557268, 0.000596171012148, 0.000519895926118, 0.000584819179494, 0.000858424347825, 0.00165654043667, 0.00230278656818, 0.0013271732023, 0.000799047120381, 0.00084615329979, 0.000251474470133, 0.00031072011916, 0.000207071716432, 0.000333967822371, 0.000232316117035, 0.000120828088257, 3.75011113647e-05, 2.84461639239e-05, 7.07197905285e-05, 4.64827862743e-05, 8.46295733936e-06, 2.74488888863e-06], "median": [5.18322349308e-06, 0.000119827338494, 3.79390767193e-05, 2.14839346881e-05, 8.56062397361e-05, 0.000111199347884, 9.28488880163e-05, 9.96005546767e-05, 0.000120683194837, 0.000205433447263, 0.000220093075768, 0.000347328197677, 0.000145627214806, 0.000167461577803, 0.000239863409661, 7.87339522503e-05, 9.94292568066e-05, 0.000129568230477, 0.000258423940977, 0.000208848636248, 7.60918919696e-05, 1.71293831954e-05, 1.37832412292e-05, 2.29770066653e-05, 1.05052758954e-05, 1.87201476365e-06, 3.79634286674e-07], "min": [5.66066864064e-25, 3.70455983625e-24, 7.92272531421e-25, 1.2437534047e-24, 8.77382773928e-24, 1.16532678621e-23, 1.24055129995e-23, 1.21097382806e-23, 1.9325044295e-23, 1.69825455028e-23, 1.52731785845e-23, 2.6029377491e-23, 2.69090236646e-23, 2.52892113917e-23, 4.56076303593e-23, 5.1759741989e-23, 7.3078995098e-23, 7.17718904433e-23, 8.06467586428e-23, 1.37418938601e-22, 2.5292165518e-22, 3.02514323687e-22, 4.16956306339e-22, 5.91620334393e-22, 8.81975269683e-22, 1.35254268936e-21, 1.99224653193e-21], "dvar2": [9.11255426672e-08, 5.51698394702e-05, 1.70239127328e-06, 9.78533520879e-08, 4.31105831922e-07, 1.86073361874e-06, 8.55525922816e-06, 3.91085495721e-06, 2.38162306232e-06, 4.75819297208e-06, 1.83869360626e-05, 3.3161482861e-05, 3.13408927468e-05, 3.44344311998e-06, 4.30602449342e-06, 3.26669152173e-07, 6.17624493771e-07, 1.29536033455e-07, 4.64947845558e-07, 1.62275824778e-07, 6.21066433837e-08, 6.54240883691e-09, 3.23823146076e-09, 2.71216773484e-08, 1.65928266682e-08, 4.17186785118e-10, 4.81962629528e-11], "dvar": [4.75696850799e-08, 2.24104605877e-05, 7.93152878487e-07, 4.1716106125e-08, 1.91519291093e-07, 1.09156781036e-06, 3.97506755689e-06, 1.72026557266e-06, 1.07418259176e-06, 1.8775767785e-06, 7.09856294634e-06, 1.19497417472e-05, 1.23999088828e-05, 1.2979062376e-06, 1.6163573946e-06, 1.2813715955e-07, 2.59352759713e-07, 5.0959489073e-08, 1.71993775666e-07, 6.07526828844e-08, 2.2748780637e-08, 2.85023249447e-09, 1.48805645583e