{"metadata": {"tags": {"album": ["iTunes Originals"], "albumartist": ["PJ Harvey"], "genre": ["Rock"], "artist": ["PJ Harvey"], "date": ["1969"], "tracknumber": ["17"], "title": ["Two Ferrets In a Bag Trying to"], "file_name": "158651.mp3", "musicbrainz_recordingid": ["05f883ce-8178-4ef7-91b5-fccea8075ae3"]}, "audio_properties": {"sample_rate": 44100, "downmix": "mix", "lossless": false, "analysis_sample_rate": 44100, "md5_encoded": "a3fa642c457d213a89dc01275f5c8b30", "equal_loudness": 0, "replay_gain": -3.65029525757, "codec": "mp3", "bit_rate": 320077, "length": 108.721633911}, "version": {"extractor": "music 1.0", "essentia_build_sha": "70f2e5ece6736b2c40cc944ad0e695b16b925413", "essentia_git_sha": "v2.1_beta2", "essentia": "2.1-beta2"}}, "rhythm": {"beats_loudness_band_ratio": {"dvar2": [0.198717713356, 0.170230850577, 0.103703252971, 0.0555015914142, 0.0323042832315, 0.38775229454], "var": [0.0988533198833, 0.0843878462911, 0.051858317107, 0.0157702900469, 0.00760751962662, 0.110750608146], "min": [0, 0, 0, 0, 0, 0], "dmean": [0.331608980894, 0.304943859577, 0.251926898956, 0.0997085869312, 0.0585821270943, 0.263454854488], "mean": [0.303837537766, 0.33729994297, 0.216769725084, 0.0624202117324, 0.0377957597375, 0.158005088568], "max": [0.987685739994, 0.993461966515, 0.797377169132, 0.748551249504, 0.636495709419, 0.999324262142], "dmean2": [0.607743859291, 0.524096488953, 0.459560841322, 0.186084777117, 0.112121939659, 0.512035012245], "median": [0.179849624634, 0.289822041988, 0.128967314959, 0.00670292507857, 0.00552753079683, 0.0015408990439], "dvar": [0.0762412548065, 0.0574900731444, 0.0411483235657, 0.0212231576443, 0.0117266755551, 0.152717769146]}, "bpm_histogram_first_peak_weight": {"dvar2": 0, "var": 0, "min": 0.0776255726814, "dmean": 0, "mean": 0.0776255726814, "max": 0.0776255726814, "dmean2": 0, "median": 0.0776255726814, "dvar": 0}, "bpm": 151.012145996, "beats_count": 220, "bpm_histogram_first_peak_spread": {"dvar2": 0, "var": 0, "min": 0.46875, "dmean": 0, "mean": 0.46875, "max": 0.46875, "dmean2": 0, "median": 0.46875, "dvar": 0}, "danceability": 1.29145216942, "bpm_histogram_first_peak_bpm": {"dvar2": 0, "var": 0, "min": 152, "dmean": 0, "mean": 152, "max": 152, "dmean2": 0, "median": 152, "dvar": 0}, "beats_position": [0.336689323187, 0.684988677502, 1.03328800201, 1.38158726692, 1.72988653183, 2.07818579674, 2.39165520668, 2.70512461662, 3.03020405769, 3.35528349876, 3.68036270142, 4.00544214249, 4.35374164581, 4.69043064117, 5.02712011337, 5.35219955444, 5.67727899551, 6.00235795975, 6.33904743195, 6.66412687302, 6.98920631409, 7.32589578629, 7.73224496841, 8.12698364258, 8.53333282471, 8.91646194458, 9.287981987, 9.682721138, 10.0890703201, 10.4954195023, 10.8901586533, 11.2848978043, 11.6912469864, 12.1092061996, 12.538775444, 12.9567346573, 13.3514738083, 13.8274831772, 14.3034915924, 14.7795009613, 15.2555103302, 15.7199087143, 16.1843090057, 16.6603164673, 17.1247158051, 17.5891151428, 18.0651245117, 18.5527439117, 19.0403633118, 19.5512008667, 20.062040329, 20.5728797913, 21.0837192535, 21.5945568085, 22.1170063019, 22.6394557953, 23.1735134125, 23.6843528748, 24.2300224304, 24.7756919861, 25.3910198212, 25.9947395325, 26.6100673676, 27.22539711, 27.8175048828, 28.409614563, 29.0133323669, 29.6054420471, 30.1162815094, 30.6271190643, 31.1263484955, 31.66040802, 32.2060775757, 32.8678436279, 33.5528335571, 34.2262115479, 34.8879814148, 35.5497512817, 36.1999092102, 36.8500671387, 37.5582771301, 38.2664833069, 39.0095214844, 39.7409515381, 40.4723815918, 41.2038078308, 41.9352378845, 42.6666641235, 43.4445343018, 44.22240448, 45.0002708435, 45.7665290833, 46.532787323, 47.3106575012, 48.018863678, 48.7270736694, 49.3540115356, 49.9809532166, 50.5846710205, 51.2000007629, 51.8269386292, 52.3726081848, 52.9182739258, 53.4639434814, 54.0096130371, 54.5668907166, 55.08934021, 55.6001815796, 56.0994110107, 56.5870285034, 57.0862579346, 57.5854873657, 58.0614967346, 58.5607261658, 59.03673172, 59.4895210266, 59.9655303955, 60.4299316406, 60.9059410095, 61.4051704407, 61.8695678711, 62.3571853638, 62.9028549194, 63.4369163513, 63.95936203, 64.4818115234, 65.0042648315, 65.5267105103, 66.0375518799, 66.5599975586, 67.0476150513, 67.5468444824, 68.0460739136, 68.5453033447, 69.0445327759, 69.543762207, 69.9733352661, 70.4145126343, 70.8673019409, 71.3200912476, 71.7844848633, 72.2372741699, 72.666847229, 73.1080245972, 73.5492019653, 73.9787750244, 74.3735122681, 74.7682495117, 75.1513824463, 75.5345077515, 75.9292526245, 76.3239898682, 76.7187271118, 77.1134643555, 77.4849853516, 77.9029464722, 78.3092956543, 78.7040328979, 79.098777771, 79.4935150146, 79.8998641968, 80.2946014404, 80.7009506226, 81.1072998047, 81.5252609253, 81.9316101074, 82.3379592896, 82.7210845947, 83.1042175293, 83.5105667114, 83.9169158936, 84.3348770142, 84.7992706299, 85.263671875, 85.7512893677, 86.2389068604, 86.7149200439, 87.1909255981, 87.6669387817, 88.1081161499, 88.5609054565, 89.0253067017, 89.4780960083, 89.9192733765, 90.3604507446, 90.7900238037, 91.2079772949, 91.6143264771, 92.0322875977, 92.4270248413, 92.8333740234, 93.2281188965, 93.6112442017, 94.1104736328, 94.6213150024, 95.1089324951, 95.5965499878, 96.0841674805, 96.5717926025, 97.1058502197, 97.6399078369, 98.2087936401, 98.7776870728, 99.3349609375, 99.8922424316, 100.449523926, 101.018409729, 101.587303162, 102.144577026, 102.713470459, 103.305580139, 103.862854004, 104.431747437, 104.977409363, 105.499862671, 105.964263916, 106.428657532, 106.904670715, 107.38067627, 107.856689453], "beats_loudness": {"dvar2": 0.00227625016123, "var": 0.000759668531828, "min": 0, "dmean": 0.0253001395613, "mean": 0.0217082630843, "max": 0.162363544106, "dmean2": 0.0461034849286, "median": 0.0120647381991, "dvar": 0.000833034107927}, "bpm_histogram_second_peak_weight": {"dvar2": 0, "var": 0, "min": 0.0730593577027, "dmean": 0, "mean": 0.0730593577027, "max": 0.0730593577027, "dmean2": 0, "median": 0.0730593577027, "dvar": 0}, "bpm_histogram_second_peak_spread": {"dvar2": 0, "var": 0, "min": 0.589743614197, "dmean": 0, "mean": 0.589743614197, "max": 0.589743614197, "dmean2": 0, "median": 0.589743614197, "dvar": 0}, "bpm_histogram_second_peak_bpm": {"dvar2": 0, "var": 0, "min": 126, "dmean": 0, "mean": 126, "max": 126, "dmean2": 0, "median": 126, "dvar": 0}, "onset_rate": 4.29468536377}, "lowlevel": {"spectral_energyband_high": {"dvar2": 8.42126792122e-06, "var": 9.38981156651e-06, "min": 6.95436348029e-21, "dmean": 0.000447313825134, "mean": 0.000559531326871, "max": 0.0548758879304, "dmean2": 0.000645456195343, "median": 3.39277903549e-06, "dvar": 4.6759896577e-06}, "spectral_energyband_middle_low": {"dvar2": 0.000246814888669, "var": 0.000393222493585, "min": 1.52334379809e-22, "dmean": 0.00610862765461, "mean": 0.012778211385, "max": 0.186381936073, "dmean2": 0.00805607717484, "median": 0.00227254675701, "dvar": 0.000138550298288}, "spectral_energy": {"dvar2": 0.000284834968625, "var": 0.000479330687085, "min": 9.93394963386e-21, "dmean": 0.00684725120664, "mean": 0.0146265169606, "max": 0.198556169868, "dmean2": 0.00894937198609, "median": 0.00451059220359, "dvar": 0.000161864489201}, "spectral_spread": {"dvar2": 6816361611260.0, "var": 54987195416600.0, "min": 597087.6875, "dmean": 1288738.125, "mean": 5649371.5, "max": 43189792, "dmean2": 2009084.25, "median": 3569668.5, "dvar": 3212541165570.0}, "spectral_energyband_low": {"dvar2": 5.36404982654e-08, "var": 1.20435103668e-07, "min": 9.07058301233e-24, "dmean": 6.78622309351e-05, "mean": 0.000111433364509, "max": 0.00484208902344, "dmean2": 9.35910429689e-05, "median": 1.0652038327e-05, "dvar": 3.11730161684e-08}, "spectral_rolloff": {"dvar2": 9409187, "var": 19408958, "min": 86.1328125, "dmean": 951.682495117, "mean": 2452.79614258, "max": 20327.34375, "dmean2": 1587.45678711, "median": 538.330078125, "dvar": 4877557}, "barkbands": {"dvar2": [2.21344557266e-11, 5.4414166506e-09, 8.50345571735e-09, 9.48323474859e-07, 7.22849290469e-05, 3.44096406479e-05, 6.41834267299e-05, 3.86861902371e-05, 4.43211756647e-05, 1.17349518405e-05, 2.88466912934e-06, 1.12539805741e-06, 1.14765680337e-06, 3.44687055076e-06, 1.1221591194e-06, 4.5896037193e-08, 7.81620901336e-09, 1.01886632464e-08, 2.34985932934e-08, 8.78015740113e-08, 4.19577119715e-08, 8.80912580214e-07, 1.94865174308e-06, 6.01093404384e-07, 7.37493905945e-07, 2.39685835624e-08, 5.15505277354e-11], "var": [4.92931867199e-12, 1.76050951595e-09, 4.03257738313e-09, 3.39765165336e-06, 0.000137633353006, 1.41939635796e-05, 5.10281861352e-05, 1.91242834262e-05, 2.79212727037e-05, 8.5429273895e-06, 2.28363387578e-06, 5.96086977112e-07, 5.14811802077e-07, 1.09516031443e-06, 4.31232280107e-07, 2.31478196611e-08, 5.10226927375e-09, 5.12693842936e-09, 9.26947141267e-09, 3.288369399e-08, 1.52767025696e-08, 4.12107368675e-07, 1.76532728347e-06, 5.99203531237e-07, 4.70896907245e-07, 2.52501930476e-08, 2.50333816176e-11], "min": [2.73581054147e-25, 1.6348381996e-24, 1.042997179e-24, 1.63101823927e-24, 5.79106537612e-24, 4.17646431836e-24, 6.11761395341e-24, 5.09673248988e-24, 1.40013202351e-23, 1.14961031039e-23, 1.20088169384e-23, 2.07732130567e-23, 2.83583094534e-23, 3.10500890331e-23, 3.12835792393e-23, 6.03682181716e-23, 7.7287082089e-23, 7.84839607871e-23, 1.22075455155e-22, 1.29633171767e-22, 2.59497523956e-22, 2.85507416582e-22, 3.36594124535e-22, 5.63137785658e-22, 7.7539533987e-22, 1.19778105396e-21, 1.86825950903e-21], "dmean": [5.1117166322e-07, 9.6573285191e-06, 1.7673099137e-05, 0.000361590529792, 0.00284023582935, 0.000713711197022, 0.00183883949649, 0.000979006872512, 0.00119913637172, 0.00051368563436, 0.000193190295249, 0.000111604946142, 0.000120572913147, 0.00017150984786, 0.000105986422568, 2.84448815364e-05, 1.4006352103e-05, 1.66264399013e-05, 1.58079765242e-05, 3.17893791362e-05, 2.63409820036e-05, 0.000107959873276, 0.000146533464431, 0.000105180813989, 8.15847233753e-05, 1.9234184947e-05, 6.37905372969e-07], "mean": [7.27190752059e-07, 1.01531040855e-05, 1.77499732672e-05, 0.000755839399062, 0.0061513427645, 0.000915703945793, 0.00233660335653, 0.00104726711288, 0.00136747583747, 0.000615938915871, 0.000236013933318, 0.000120711723866, 0.000118991090858, 0.000178719128598, 0.000104172548163, 2.93099983537e-05, 1.58461571118e-05, 1.74907199835e-05, 1.46759912241e-05, 2.87015100184e-05, 2.51252658927e-05, 0.000110657107143, 0.000170252096723, 0.000124297002912, 8.89504444785e-05, 2.3103753847e-05, 6.55980670672e-07], "max": [0.000122236509924, 0.00175319903065, 0.00133724638727, 0.0235590208322, 0.174227327108, 0.133391574025, 0.0875349193811, 0.106864601374, 0.0882579907775, 0.0639898106456, 0.0491797067225, 0.0325731188059, 0.0245268419385, 0.0496140159667, 0.0177356246859, 0.003849708708, 0.00179126707371, 0.0020552512724, 0.00235527288169, 0.0041421125643, 0.00267788395286, 0.0147881517187, 0.0343289859593, 0.0136792017147, 0.0190499536693, 0.00412045605481, 0.000184006712516], "dmean2": [9.03265913621e-07, 1.61766001838e-05, 2.94652454613e-05, 0.000445082376245, 0.00364768691361, 0.00105194200296, 0.00269949855283, 0.00147717981599, 0.00180097774137, 0.000703233701643, 0.000269770011073, 0.000159476854606, 0.000180674353032, 0.000264466973022, 0.000164234879776, 4.32854321843e-05, 2.17166434595e-05, 2.53956150118e-05, 2.54839997069e-05, 5.1358507335e-05, 4.31332482549e-05, 0.000173125605215, 0.000223653027206, 0.000150704872794, 0.000122223646031, 2.78883508145e-05, 1.01360171811e-06], "median": [5.21915865193e-07, 4.17580668e-06, 1.63671415976e-06, 1.6171412426e-05, 0.000737138092518, 2.9407114198e-05, 2.7590947866e-05, 1.0797944924e-05, 5.8052391978e-06, 3.04257901007e-06, 2.35104630519e-06, 1.41979512591e-06, 1.11395092972e-06, 1.41266878018e-06, 1.5286134385e-06, 8.55213556861e-07, 5.42727320862e-07, 8.40333200358e-07, 4.82834366267e-07, 7.40594202853e-07, 4.71466790941e-07, 1.14355444225e-07, 1.76491582238e-07, 3.02168132293e-07, 4.60839771677e-07, 2.10240301612e-07, 8.69001137715e-09], "dvar": [7.87620836606e-12, 2.13235051838e-09, 3.48916473492e-09, 6.97946575201e-07, 4.29084902862e-05, 1.32616551127e-05, 3.14429853461e-05, 1.66016252479e-05, 2.02433093364e-05, 5.91067464484e-06, 1.53275050252e-06, 5.18850754361e-07, 5.10096128892e-07, 1.30949206323e-06, 4.58214941546e-07, 2.06277857018e-08, 3.43964412508e-09, 4.58724525032e-09, 1.00020276506e-08, 3.70083412804e-08, 1.67736882162e-08, 3.48377028558e-07, 9.59853196036e-07, 3.35921328087e-07, 3.55145147068e-07, 1.34600259827e-08, 1.98525692413e-11]}, "melbands_skewness": {"dvar2": 16.1427307129, "var": 13.9676618576, "min": -8.8260307312, "dmean": 1.97000408173, "mean": 2.87488913536, "max": 21.7743721008, "dmean2": 3.10022211075, "median": 1.97330713272, "dvar": 6.69663524628}, "barkbands_skewness": {"dvar2": 14.3678331375, "var": 14.2260007858, "min": -12.8160858154, "dmean": 1.92966496944, "mean": 2.39174342155, "max": 75.4470443726, "dmean2": 2.94783973694, "median": 1.87635183334, "dvar": 6.11856985092}, "erbbands": {"dvar2": [1.420992362e-06, 0.000380995101295, 0.0059001268819, 1.42625689507, 236.772857666, 2028.41687012, 1836.66210938, 1831.54931641, 11929.5703125, 14886.4501953, 15282.9082031, 25054.6679688, 8706.90917969, 8979.74609375, 1696.04125977, 1465.66296387, 1729.23364258, 7462.86621094, 2554.48852539, 821.272338867, 92.2420730591, 24.124994278, 23.0130214691, 59.7594718933, 96.9998016357, 217.764846802, 61.8165855408, 106.247337341, 1079.38208008, 2624.95605469, 1296.87121582, 359.886932373, 199.394119263, 136.96282959, 32.4232597351, 0.947945356369, 0.090596601367, 0.00138385873288, 5.67135316487e-07, 1.67145897123e-09], "var": [5.14234102411e-07, 0.000124388054246, 0.00448520528153, 5.88902521133, 775.801635742, 2536.09790039, 1237.30310059, 1025.06689453, 9697.98730469, 10036.2226562, 10772.3164062, 14680.6777344, 7113.85888672, 5970.69921875, 1295.85083008, 1031.2980957, 916.67388916, 2589.7902832, 1515.86315918, 385.59765625, 47.1289863586, 15.8652925491, 12.6437883377, 20.5496292114, 40.6152496338, 76.5819168091, 26.2028656006, 43.8940124512, 476.363830566, 1050.63269043, 1454.38989258, 442.528564453, 145.140060425, 78.7360153198, 18.7886428833, 0.859442412853, 0.0836346298456, 0.00121832196601, 5.31787748059e-07, 2.02642125302e-09], "min": [8.38328479321e-23, 4.37197921809e-22, 2.10302209104e-21, 5.05685598764e-21, 9.24791883023e-21, 2.83941248239e-20, 2.82110012535e-20, 7.10841213689e-20, 8.92751930568e-20, 1.69969873599e-19, 2.77363482159e-19, 3.15664270965e-19, 4.95619687973e-19, 6.28008600844e-19, 8.21083205764e-19, 1.02591964691e-18, 1.32755384901e-18, 1.47415000249e-18, 1.81562918451e-18, 2.64577751431e-18, 3.68981489817e-18, 3.91121888811e-18, 5.33543158343e-18, 6.09282379489e-18, 6.75315546044e-18, 6.96471600109e-18, 7.94450316485e-18, 1.03677229791e-17, 1.00727975219e-17, 1.07618166383e-17, 1.10597530329e-17, 1.07323384028e-17, 9.527354626e-18, 8.13967477602e-18, 5.93953151095e-18, 4.05269117468e-18, 2.12265898235e-18, 9.19372269966e-19, 2.38196402606e-19, 2.61449528837e-20], "dmean": [0.000142411488923, 0.00279088970274, 0.0204480551183, 0.509125351906, 6.8329372406, 10.438454628, 4.515832901, 6.86495304108, 25.4343109131, 20.4441394806, 24.9187984467, 26.7916030884, 16.5038776398, 12.0759992599, 5.98500061035, 4.50287342072, 5.03494167328, 7.82568597794, 6.60782909393, 3.63646435738, 1.27817416191, 0.801892638206, 0.811829984188, 0.849031805992, 0.978103220463, 1.51419913769, 1.07722461224, 1.362185359, 3.45621538162, 4.95036077499, 4.0301027298, 2.5622279644, 1.70229566097, 1.07298028469, 0.514968156815, 0.117253541946, 0.0327863544226, 0.00418322347105, 9.109525854e-05, 1.19006235764e-05], "mean": [0.000195097964024, 0.00350229232572, 0.0352517142892, 1.21376931667, 16.4689178467, 19.3489608765, 6.09486150742, 9.60836601257, 33.5689964294, 23.873374939, 28.8582401276, 30.6044521332, 21.0584754944, 14.5037660599, 7.54348421097, 5.11676263809, 5.37475728989, 8.34611415863, 7.3590221405, 3.68250131607, 1.41073870659, 0.915276527405, 0.896738290787, 0.839798271656, 0.904450416565, 1.34971404076, 1.06042814255, 1.31917750835, 3.59903216362, 4.98772144318, 4.73679876328, 3.0760371685, 1.87272644043, 1.14813363552, 0.543768286705, 0.140871852636, 0.0381194017828, 0.00489371921867, 0.000113609225082, 2.25407584367e-05], "max": [0.0335469283164, 0.465746760368, 0.958927989006, 28.332572937, 235.169845581, 983.397521973, 1163.42919922, 747.801086426, 1619.49609375, 2105.64379883, 2208.99560547, 1701.11938477, 1999.86376953, 1997.15795898, 945.797729492, 1126.45568848, 920.589660645, 2396.66210938, 1263.63745117, 461.869018555, 225.297561646, 86.8900985718, 95.4091415405, 182.791641235, 179.848876953, 205.742080688, 107.713592529, 136.828536987, 614.49407959, 908.04473877, 1125.82763672, 468.296264648, 220.704330444, 253.462112427, 143.920776367, 20.5314998627, 8.76201725006, 0.913531839848, 0.0192271694541, 0.000885587243829], "dmean2": [0.000236005158513, 0.00462864665315, 0.0302744153887, 0.602809846401, 8.41064167023, 14.2785005569, 6.53452348709, 9.83535385132, 36.6328277588, 31.0901756287, 36.5500526428, 40.4047393799, 22.2493743896, 16.6193809509, 8.07911968231, 6.33820199966, 7.38983678818, 11.4716272354, 9.61566638947, 5.47481441498, 1.90246450901, 1.22318458557, 1.221534729, 1.34511721134, 1.54806566238, 2.44212913513, 1.70789396763, 2.20189118385, 5.60872745514, 7.94230127335, 6.05009937286, 3.6875038147, 2.43783187866, 1.62150764465, 0.774604201317, 0.177922680974, 0.0476567037404, 0.00605097413063, 0.000132361703436, 1.6276131646e-05], "median": [0.000124140031403, 0.00169825996272, 0.00898324511945, 0.137056112289, 1.58572590351, 1.5743701458, 0.456001013517, 0.761003673077, 0.931638717651, 0.54458963871, 0.440749645233, 0.176084816456, 0.106142535806, 0.109902560711, 0.0991766154766, 0.0620686672628, 0.0562428310513, 0.0748168230057, 0.0861970037222, 0.0785163193941, 0.0452032238245, 0.0356017947197, 0.0463126078248, 0.0354399830103, 0.028499931097, 0.0352600067854, 0.0233363173902, 0.0143182100728, 0.00517576187849, 0.00384872010909, 0.00502148456872, 0.00599395856261, 0.00495849503204, 0.00437095575035, 0.00287200813182, 0.00108800653834, 0.000322955165757, 6.04821543675e-05, 7.78686808189e-06, 7.66669290897e-06], "dvar": [5.81471908845e-07, 0.000146966893226, 0.00246105738916, 1.09587585926, 167.118606567, 1075.16918945, 872.068481445, 769.866455078, 5924.4140625, 7080.89746094, 7350.83642578, 11233.1962891, 4453.80566406, 4450.73242188, 853.175720215, 755.605834961, 811.003662109, 2946.59643555, 1199.14355469, 357.255004883, 40.5718688965, 10.9750070572, 10.6110420227, 23.893327713, 42.5674362183, 89.5627365112, 26.1547374725, 43.5050544739, 422.620300293, 1013.84765625, 698.72668457, 212.398223877, 99.018081665, 64.2749862671, 14.4437046051, 0.492404520512, 0.0487916953862, 0.000710999476723, 2.97704985996e-07, 9.05903130288e-10]}, "silence_rate_30dB": {"dvar2": 0.0122637432069, "var": 0.00509791634977, "min": 0, "dmean": 0.00555199664086, "mean": 0.994876146317, "max": 1, "dmean2": 0.011106364429, "median": 1, "dvar": 0.00552093470469}, "melbands_spread": {"dvar2": 3544.65185547, "var": 1932.51745605, "min": 0.16031306982, "dmean": 17.1685180664, "mean": 25.3344287872, "max": 292.400634766, "dmean2": 29.0747184753, "median": 5.93591403961, "dvar": 1395.86962891}, "melbands_crest": {"dvar2": 36.2351074219, "var": 49.9962081909, "min": 1.48412466049, "dmean": 4.13593912125, "mean": 16.4556102753, "max": 34.6965293884, "dmean2": 6.50130844116, "median": 16.60912323, "dvar": 16.2117004395}, "zerocrossingrate": {"dvar2": 0.00177060964052, "var": 0.0143221849576, "min": 0.00732421875, "dmean": 0.0259345844388, "mean": 0.0856690704823, "max": 0.5361328125, "dmean2": 0.0286035612226, "median": 0.0341796875, "dvar": 0.00177021650597}, "barkbands_kurtosis": {"dvar2": 56338.8710938, "var": 24931.9257812, "min": -1.96383714676, "dmean": 29.9679393768, "mean": 36.6786117554, "max": 8308.64257812, "dmean2": 48.5508880615, "median": 10.9290390015, "dvar": 21570.3300781}, "spectral_flux": {"dvar2": 0.00275919702835, "var": 0.00303603406064, "min": 6.32439517423e-11, "dmean": 0.0256602298468, "mean": 0.0527042672038, "max": 0.406932502985, "dmean2": 0.0405071638525, "median": 0.0356071777642, "dvar": 0.00118311867118}, "barkbands_crest": {"dvar2": 29.8688201904, "var": 32.0564613342, "min": 2.26559019089, "dmean": 3.67004370689, "mean": 13.5540008545, "max": 26.9610080719, "dmean2": 5.85546064377, "median": 12.9371891022, "dvar": 12.7149734497}, "barkbands_flatness_db": {"dvar2": 0.00685695093125, "var": 0.0153884738684, "min": 0.0182105228305, "dmean": 0.054103821516, "mean": 0.255380749702, "max": 0.646021604538, "dmean2": 0.0789142921567, "median": 0.261391490698, "dvar": 0.00355914840475}, "spectral_entropy": {"dvar2": 0.649468123913, "var": 2.17413854599, "min": 2.91137433052, "dmean": 0.504735052586, "mean": 6.71571111679, "max": 9.82546901703, "dmean2": 0.704263806343, "median": 6.64872455597, "dvar": 0.402264803648}, "pitch_salience": {"dvar2": 0.0288306809962, "var": 0.0372762493789, "min": 0.0340929552913, "dmean": 0.112690672278, "mean": 0.552316606045, "max": 0.966185867786, "dmean2": 0.176098823547, "median": 0.572986483574, "dvar": 0.0134071381763}, "erbbands_spread": {"dvar2": 1295.86486816, "var": 861.827148438, "min": 0.474660038948, "dmean": 14.3757123947, "mean": 26.2521820068, "max": 170.848648071, "dmean2": 24.0906238556, "median": 13.4378147125, "dvar": 513.666748047}, "dynamic_complexity": 9.78859519958, "spectral_contrast_valleys": {"dvar2": [0.471053123474, 1.42702960968, 1.18358504772, 1.00855362415, 0.803891956806, 0.776755571365], "var": [11.7435283661, 15.3567581177, 13.9690694809, 12.9946203232, 12.6763439178, 10.5205106735], "min": [-28.1920490265, -28.3169441223, -27.9887256622, -27.7167949677, -27.6444282532, -27.3958530426], "dmean": [0.53831154108, 0.872963488102, 0.735746860504, 0.668658554554, 0.603218615055, 0.597747325897], "mean": [-10.579079628, -9.49733352661, -10.1856098175, -10.6853466034, -10.7844552994, -12.8536720276], "max": [-7.41783285141, -4.80795478821, -4.91387653351, -6.13531589508, -6.44300508499, -6.92526912689], "dmean2": [0.858517706394, 1.29428505898, 1.05556452274, 0.949227392673, 0.829376399517, 0.785392701626], "median": [-9.89964294434, -8.73265266418, -9.49518966675, -9.92614936829, -10.0447244644, -12.6323747635], "dvar": [0.213910356164, 0.719065010548, 0.602878212929, 0.527404904366, 0.452300190926, 0.505320906639]}, "hfc": {"dvar2": 595.252685547, "var": 690.401977539, "min": 1.07582349462e-16, "dmean": 6.42499446869, "mean": 10.4512462616, "max": 414.06817627, "dmean2": 8.86065006256, "median": 2.27881193161, "dvar": 321.539916992}, "spectral_kurtosis": {"dvar2": 425.210418701, "var": 618.006408691, "min": -1.43826162815, "dmean": 9.48355293274, "mean": 19.2968940735, "max": 191.50793457, "dmean2": 14.3050708771, "median": 9.89175224304, "dvar": 217.194976807}, "mfcc": {"mean": [-885.194091797, 121.009742737, 25.3505458832, 9.25226688385, -0.812128663063, -8.03674030304, -7.14423370361, -12.6134395599, -7.07173013687, -2.9597465992, -8.92577171326, -7.0167298317, -9.26356506348], "cov": [[18505.125, 3928.23583984, -2014.35046387, -1722.26159668, -1944.99365234, -2069.3503418, -1221.64892578, -1501.42834473, -832.32635498, -379.347625732, -845.742736816, -468.171783447, -903.516235352], [3928.23583984, 7338.16162109, -585.618835449, -962.064697266, -788.240844727, -1524.90563965, -444.869598389, -1129.9161377, -687.545410156, -483.966156006, -644.053161621, -288.675476074, -684.857543945], [-2014.35046387, -585.618835449, 1721.68261719, 597.178710938, 133.46836853, 281.720458984, -71.7842407227, 178.65965271, -127.842407227, -201.054489136, 14.6804065704, 33.7874336243, 157.091156006], [-1722.26159668, -962.064697266, 597.178710938, 1010.9664917, 389.076782227, 126.59577179, -70.3527526855, 179.159225464, 70.8528366089, -78.1001968384, 37.4154396057, 72.1746139526, 172.207733154], [-1944.99365234, -788.240844727, 133.46836853, 389.076782227, 648.618713379, 294.678527832, 31.5405864716, 181.078735352, 171.302047729, 85.6696624756, 100.304840088, 58.1145896912, 137.131240845], [-2069.3503418, -1524.90563965, 281.720458984, 126.59577179, 294.678527832, 780.995910645, 292.743225098, 342.582397461, 199.177062988, 181.259078979, 247.839981079, 51.6783370972, 163.944229126], [-1221.64892578, -444.869598389, -71.7842407227, -70.3527526855, 31.5405864716, 292.743225098, 431.588470459, 223.784515381, 115.695175171, 109.902427673, 116.20199585, 30.2045936584, 53.9110717773], [-1501.42834473, -1129.9161377, 178.65965271, 179.159225464, 181.078735352, 342.582397461, 223.784515381, 417.15725708, 181.880187988, 97.7276916504, 154.072189331, 70.3655471802, 147.9246521], [-832.32635498, -687.545410156, -127.842407227, 70.8528366089, 171.302047729, 199.177062988, 115.695175171, 181.880187988, 287.491424561, 135.001815796, 103.91481781, 51.0410041809, 73.3797836304], [-379.347625732, -483.966156006, -201.054489136, -78.1001968384, 85.6696624756, 181.259078979, 109.902427673, 97.7276916504, 135.001815796, 236.924118042, 113.277664185, 27.7326774597, 42.4589195251], [-845.742736816, -644.053161621, 14.6804065704, 37.4154396057, 100.304840088, 247.839981079, 116.20199585, 154.072189331, 103.91481781, 113.277664185, 203.354766846, 65.0610351562, 81.7900390625], [-468.171783447, -288.675476074, 33.7874336243, 72.1746139526, 58.1145896912, 51.6783370972, 30.2045936584, 70.3655471802, 51.0410041809, 27.7326774597, 65.0610351562, 148.625686646, 73.3634033203], [-903.516235352, -684.857543945, 157.091156006, 172.207733154, 137.131240845, 163.944229126, 53.9110717773, 147.9246521, 73.3797836304, 42.4589195251, 81.7900390625, 73.3634033203, 191.873565674]], "icov": [[0.000152009655721, 6.56417105347e-05, 0.000122233264847, 7.70404658397e-05, 0.000280687294435, 8.9989429398e-05, 0.000303260865621, 8.61335283844e-05, 0.000109266053187, -3.78552467737e-05, 0.000185536468052, 8.36843100842e-05, 0.000207272052648], [6.56417105347e-05, 0.00041283358587, -5.23816306668e-05, 0.000269993179245, -7.99962799647e-05, 0.000562011322472, -0.000232531223446, 0.000560751650482, 0.000185492404853, 0.000180266826646, 0.000143926474266, 4.95146668982e-05, 0.0006020796136], [0.000122233264847, -5.23816306668e-05, 0.0012043134775, -0.000480112794321, 0.000519442313816, -0.000795228232164, 0.000738493050449, -0.00051307171816, 0.000771713792346, 0.000678322510794, 0.000361356360372, -9.70971086645e-06, -0.000265746959485], [7.70404658397e-05, 0.000269993179245, -0.000480112794321, 0.00205098465085, -0.000926951877773, 0.000778636138421, 0.000180064089363, -4.46224430561e-06, -0.000200326088816, 0.000745361729059, 4.35541151091e-05, -1.80108509085e-05, -0.000271190569038], [0.000280687294435, -7.99962799647e-05, 0.000519442313816, -0.000926951877773, 0.00335638574325, -0.00104976329021, 0.0012992619304, -9.49142267928e-05, -0.000601315288804, -0.000490427424666, 0.000697183888406, 4.92762519571e-05, -0.000328390917275], [8.9989429398e-05, 0.000562011322472, -0.000795228232164, 0.000778636138421, -0.00104976329021, 0.00434484705329, -0.00152919290122, 0.000218146131374, -9.91958149825e-05, -0.000565311172977, -0.00214207195677, 0.0012182246428, 0.000291667121928], [0.000303260865621, -0.000232531223446, 0.000738493050449, 0.000180064089363, 0.0012992619304, -0.00152919290122, 0.00508214952424, -0.00225052237511, 0.000230215475312, -0.000444859993877, 0.000473687396152, -7.32045082259e-05, 0.000353412469849], [8.61335283844e-05, 0.000560751650482, -0.00051307171816, -4.46224430561e-06, -9.49142267928e-05, 0.000218146131374, -0.00225052237511, 0.0069028576836, -0.00188847177196, 0.00063714152202, -0.00100829568692, 9.55911673373e-05, -0.00100231810939], [0.000109266053187, 0.000185492404853, 0.000771713792346, -0.000200326088816, -0.000601315288804, -9.91958149825e-05, 0.000230215475312, -0.00188847177196, 0.00698967184871, -0.00203638453968, 0.000302299129544, -0.000674531795084, 0.000536878826097], [-3.78552467737e-05, 0.000180266826646, 0.000678322510794, 0.000745361729059, -0.000490427424666, -0.000565311172977, -0.000444859993877, 0.00063714152202, -0.00203638453968, 0.00835541635752, -0.00265433033928, 0.000379399192752, -0.000375578703824], [0.000185536468052, 0.000143926474266, 0.000361356360372, 4.35541151091e-05, 0.000697183888406, -0.00214207195677, 0.000473687396152, -0.00100829568692, 0.000302299129544, -0.00265433033928, 0.011164162308, -0.00278631760739, -0.00019314113888], [8.36843100842e-05, 4.95146668982e-05, -9.70971086645e-06, -1.80108509085e-05, 4.92762519571e-05, 0.0012182246428, -7.32045082259e-05, 9.55911673373e-05, -0.000674531795084, 0.000379399192752, -0.00278631760739, 0.00936556048691, -0.00275354576297], [0.000207272052648, 0.0006020796136, -0.000265746959485, -0.000271190569038, -0.000328390917275, 0.000291667121928, 0.000353412469849, -0.00100231810939, 0.000536878826097, -0.000375578703824, -0.00019314113888, -0.00275354576297, 0.0104696415365]]}, "silence_rate_20dB": {"dvar2": 0, "var": 0, "min": 1, "dmean": 0, "mean": 1, "max": 1, "dmean2": 0, "median": 1, "dvar": 0}, "melbands_kurtosis": {"dvar2": 13029.0546875, "var": 6361.73583984, "min": -1.94580054283, "dmean": 35.1800804138, "mean": 40.0819816589, "max": 887.004638672, "dmean2": 59.2036132812, "median": 9.5122051239, "dvar": 4972.92626953}, "barkbands_spread": {"dvar2": 734.364562988, "var": 322.885314941, "min": 0.0186775736511, "dmean": 8.73299026489, "mean": 12.4311923981, "max": 140.761230469, "dmean2": 15.0768671036, "median": 4.60957145691, "dvar": 281.276489258}, "erbbands_skewness": {"dvar2": 4.71445846558, "var": 4.19806623459, "min": -8.70142650604, "dmean": 1.07516086102, "mean": 0.966612040997, "max": 14.2871170044, "dmean2": 1.65434396267, "median": 0.705356121063, "dvar": 2.06306123734}, "average_loudness": 0.822823047638, "spectral_centroid": {"dvar2": 1541784.375, "var": 5723194.5, "min": 177.369842529, "dmean": 489.234100342, "mean": 1530.04504395, "max": 12097.8105469, "dmean2": 735.720275879, "median": 510.432495117, "dvar": 897612.125}, "dissonance": {"dvar2": 0.0065301512368, "var": 0.0108765047044, "min": 0.0722418501973, "dmean": 0.0486549660563, "mean": 0.394518256187, "max": 0.500000178814, "dmean2": 0.0739329308271, "median": 0.43056333065, "dvar": 0.00305750779808}, "erbbands_flatness_db": {"dvar2": 0.00458014477044, "var": 0.0110336057842, "min": 0.0382431037724, "dmean": 0.0430696308613, "mean": 0.239364817739, "max": 0.504199743271, "dmean2": 0.0632403120399, "median": 0.263042151928, "dvar": 0.00235240254551}, "spectral_strongpeak": {"dvar2": 1.91874921322, "var": 1.70122027397, "min": 0, "dmean": 0.488307118416, "mean": 0.845078349113, "max": 17.6331558228, "dmean2": 0.721152067184, "median": 0.430605530739, "dvar": 0.886051774025}, "spectral_rms": {"dvar2": 1.96287555809e-06, "var": 6.92487583365e-06, "min": 3.11314277308e-12, "dmean": 0.000842222943902, "mean": 0.00271015288308, "max": 0.0139180934057, "dmean2": 0.00104652694426, "median": 0.00209775264375, "dvar": 1.32265984121e-06}, "silence_rate_60dB": {"dvar2": 0.194880202413, "var": 0.246377587318, "min": 0, "dmean": 0.114029467106, "mean": 0.439795047045, "max": 1, "dmean2": 0.228107646108, "median": 0, "dvar": 0.101025022566}, "melbands": {"dvar2": [2.54679971556e-10, 1.14294118614e-09, 2.97621397749e-07, 4.31187572758e-06, 1.91294520846e-06, 9.58262148743e-07, 2.56432281276e-06, 1.79875826234e-06, 1.25997576106e-06, 8.65829747454e-07, 2.36361117345e-07, 1.7074951586e-07, 2.87213346439e-08, 2.45523121833e-08, 8.33433944081e-09, 1.69347380563e-08, 3.97310842004e-08, 8.53695336644e-09, 5.10435116396e-09, 4.46825937361e-10, 1.17152898493e-10, 3.69535582689e-11, 1.66138405117e-11, 2.7134853392e-11, 4.97160090873e-11, 3.30474501931e-11, 1.00177706408e-10, 1.17057738502e-10, 3.20892132311e-11, 2.33426472596e-11, 4.45623087042e-11, 3.29826665979e-10, 6.48547326954e-10, 1.20157894745e-09, 6.87862156123e-10, 3.22898124905e-10, 1.07061887133e-10, 1.26853430538e-10, 1.31773231216e-10, 9.87278592213e-11], "var": [8.59507257034e-11, 4.86343576522e-10, 1.08822621314e-06, 8.68754159455e-06, 1.80641086445e-06, 5.41522581443e-07, 2.1142834612e-06, 1.06144761958e-06, 8.94925335615e-07, 5.12532892571e-07, 1.87839631849e-07, 1.12492131166e-07, 2.35884414224e-08, 9.47528633333e-09, 4.25903579071e-09, 6.7359167133e-09, 1.15840403936e-08, 4.79850781332e-09, 2.22188201171e-09, 1.93246502134e-10, 5.51186318809e-11, 2.21823115432e-11, 8.92550096332e-12, 1.3431094778e-11, 1.53318070045e-11, 1.50798228071e-11, 3.54472631803e-11, 3.94508176127e-11, 1.29893595879e-11, 7.66845007633e-12, 1.86338670188e-11, 1.35877267771e-10, 2.5570143225e-10, 4.30439933696e-10, 5.46961753667e-10, 4.30967678211e-10, 1.12593448454e-10, 7.99982302624e-11, 6.6413020916e-11, 6.01206931461e-11], "min": [1.06960289354e-24, 7.31977230029e-25, 1.36977935772e-24, 1.2273661999e-24, 1.02955390449e-24, 1.97308114677e-24, 1.58102457384e-24, 1.45035163843e-24, 1.99893073813e-24, 1.97531618693e-24, 2.01079796715e-24, 2.12139744936e-24, 1.83503108e-24, 2.69089151962e-24, 2.41259854999e-24, 2.40292395984e-24, 1.63137953757e-24, 3.019630172e-24, 2.64521943144e-24, 2.37846887735e-24, 3.841902492e-24, 3.80834198251e-24, 4.11468467657e-24, 3.65481268984e-24, 4.09724651183e-24, 3.91107731035e-24, 3.72068809745e-24, 4.27469603929e-24, 4.03012864829e-24, 5.50533719524e-24, 4.68220896115e-24, 5.0002461237e-24, 5.60604870042e-24, 4.15371633087e-24, 5.61400554594e-24, 5.92237640139e-24, 5.99705510227e-24, 6.07594355938e-24, 5.94284615859e-24, 5.87906478225e-24], "dmean": [1.98722705136e-06, 6.73923159411e-06, 0.000241532557993, 0.000704305770341, 0.000203169998713, 0.000164216238772, 0.000380104698706, 0.000214974294067, 0.000226682430366, 0.000158360635396, 8.28194170026e-05, 5.29168137291e-05, 2.31010089919e-05, 1.33881667352e-05, 1.10795181172e-05, 1.26443428599e-05, 1.55430807354e-05, 1.19204751172e-05, 7.53128006181e-06, 2.7962164495e-06, 1.33351386467e-06, 8.80122399849e-07, 6.78785625041e-07, 8.34565071273e-07, 6.9315649398e-07, 5.6124213188e-07, 9.42686256167e-07, 1.05403603357e-06, 7.31395459752e-07, 5.79943048251e-07, 8.75748469298e-07, 1.82032579232e-06, 2.68196549769e-06, 2.97933411275e-06, 2.61412628788e-06, 2.05086530514e-06, 1.41175985391e-06, 1.24431483073e-06, 1.08863719106e-06, 8.63425611897e-07], "mean": [2.15951126847e-06, 7.14964880899e-06, 0.000575221201871, 0.00154809979722, 0.000290223862976, 0.000226384421694, 0.000499799905811, 0.000239077286096, 0.000258015614236, 0.000179157112143, 0.000103595513792, 6.2099272327e-05, 2.8722875868e-05, 1.44495979839e-05, 1.18970438052e-05, 1.25429141917e-05, 1.61111147463e-05, 1.29110030684e-05, 7.35220146453e-06, 2.76092646345e-06, 1.40789245506e-06, 9.72122961684e-07, 7.47279955249e-07, 8.68951985922e-07, 6.5517957637e-07, 5.22385107615e-07, 8.23620780466e-07, 9.28867336825e-07, 6.98920928244e-07, 5.31515468083e-07, 8.17544616893e-07, 1.82612416211e-06, 2.63086690211e-06, 2.88608089249e-06, 2.86222575596e-06, 2.37993594965e-06, 1.64727066476e-06, 1.33974663186e-06, 1.11976441985e-06, 9.14063662094e-07], "max": [0.000405756843975, 0.000466969126137, 0.0113693960011, 0.038238286972, 0.0322916433215, 0.0188744533807, 0.0207886360586, 0.0258536022156, 0.0168450139463, 0.00993432104588, 0.0101394746453, 0.00845952983946, 0.00348390080035, 0.00463236588985, 0.00183084292803, 0.0032691215165, 0.00554513558745, 0.00233334233053, 0.0012878284324, 0.000285049987724, 0.000239916975261, 0.000116982882901, 6.90685774316e-05, 0.000107607949758, 0.00017284679052, 0.000107693267637, 0.000143377954373, 0.000176128873136, 8.56382175698e-05, 6.44442552584e-05, 8.20627756184e-05, 0.000354286254151, 0.000358507968485, 0.000645268184599, 0.000638593686745, 0.000643505889457, 0.000219095905777, 0.000220715723117, 0.000261219887761, 0.000271759781754], "dmean2": [3.33377329298e-06, 1.11493955046e-05, 0.000287815695629, 0.000910884642508, 0.000293902528938, 0.000235408486333, 0.000552510842681, 0.000330356502673, 0.000336179859005, 0.000239501998294, 0.00011343582446, 7.31249456294e-05, 3.13629170705e-05, 1.96372857317e-05, 1.6473195501e-05, 1.8831118723e-05, 2.36213472817e-05, 1.79230009962e-05, 1.16062656161e-05, 4.28277598985e-06, 2.02994010579e-06, 1.35271181989e-06, 1.05216849988e-06, 1.28131557631e-06, 1.11223255317e-06, 9.06819366264e-07, 1.52885559146e-06, 1.72093666606e-06, 1.16125954719e-06, 9.42598603615e-07, 1.42311955642e-06, 2.92610206998e-06, 4.36420896222e-06, 4.75297383673e-06, 4.0232775973e-06, 3.04260561279e-06, 2.06897902899e-06, 1.82708981811e-06, 1.65428969012e-06, 1.32884224513e-06], "median": [9.97248889689e-07, 1.35349694119e-06, 3.30996263074e-05, 0.000171509076608, 7.75066837377e-06, 9.22514755075e-06, 1.16748615255e-05, 3.4149561543e-06, 2.89329955194e-06, 7.69049904648e-07, 4.56812614402e-07, 4.26702399636e-07, 3.32228069055e-07, 1.78842967102e-07, 1.23904115412e-07, 1.13453921813e-07, 1.3203040794e-07, 1.21330771208e-07, 1.12483618864e-07, 6.91798902608e-08, 4.05619431376e-08, 3.21050137586e-08, 3.33898668714e-08, 3.73208521864e-08, 2.36495267814e-08, 1.62953348593e-08, 2.06946548786e-08, 2.11293116337e-08, 1.39121887344e-08, 1.04060742245e-08, 5.84134607351e-09, 2.25030594159e-09, 1.24024235326e-09, 1.81477188832e-09, 2.40738229351e-09, 3.0074009949e-09, 3.62657393005e-09, 2.9361912901e-09, 3.27886695572e-09, 3.25622862007e-09], "dvar": [1.01961473986e-10, 4.44109055087e-10, 2.24095970225e-07, 2.5516817459e-06, 1.00398131053e-06, 4.06244623719e-07, 1.27804833028e-06, 8.16985505026e-07, 6.0839482785e-07, 3.87794869994e-07, 1.20635576195e-07, 8.42785183863e-08, 1.49673855532e-08, 1.01243191608e-08, 3.51263085285e-09, 7.22178894463e-09, 1.49122119097e-08, 3.92782784076e-09, 2.19120210865e-09, 1.89851634413e-10, 4.92519913742e-11, 1.61018021833e-11, 7.37867145856e-12, 1.21623613958e-11, 1.92250521058e-11, 1.51208785076e-11, 4.1424759456e-11, 4.73887075414e-11, 1.34395142584e-11, 9.08475551731e-12, 1.84098725847e-11, 1.27014190832e-10, 2.42640157966e-10, 4.59574628353e-10, 3.25004245738e-10, 1.93048479979e-10, 5.9541760411e-11, 5.91532517413e-11, 5.83351075778e-11, 4.81092041205e-11]}, "spectral_skewness": {"dvar2": 2.03295993805, "var": 4.66917276382, "min": -0.772966563702, "dmean": 0.860354483128, "mean": 2.96211791039, "max": 12.1794300079, "dmean2": 1.24689078331, "median": 2.52636098862, "dvar": 1.13943612576}, "melbands_flatness_db": {"dvar2": 0.0100591033697, "var": 0.0255291946232, "min": 0.00215610652231, "dmean": 0.0656402185559, "mean": 0.322459280491, "max": 0.731735885143, "dmean2": 0.0929375365376, "median": 0.341597467661, "dvar": 0.0056889988482}, "spectral_decrease": {"dvar2": 1.7994951921e-17, "var": 3.0862088802e-17, "min": -4.85849405152e-08, "dmean": 1.69404756889e-09, "mean": -3.62419538824e-09, "max": 1.10471848683e-11, "dmean2": 2.19401585788e-09, "median": -8.53782544663e-10, "dvar": 1.04292048325e-17}, "erbbands_crest": {"dvar2": 30.943901062, "var": 37.5753288269, "min": 2.56524157524, "dmean": 3.96657299995, "mean": 13.1791801453, "max": 31.6969203949, "dmean2": 6.33935451508, "median": 12.3655586243, "dvar": 13.0991439819}, "gfcc": {"mean": [-261.496185303, 89.0939941406, -77.098526001, 6.73667192459, -62.9286270142, -3.03093361855, -47.5467300415, -0.770003437996, -31.2606887817, -1.01666605473, -21.8303565979, -10.0055847168, -12.5422029495], "cov": [[51840.9726562, 4283.41943359, -5687.6484375, -2776.24267578, -4884.43652344, -2461.98510742, -2984.33813477, -830.945678711, -1744.44995117, -733.736694336, -897.876281738, -1447.76916504, -182.289001465], [4283.41943359, 5969.97363281, -149.311264038, -2152.11035156, -232.806274414, -1583.90930176, -541.280700684, -547.333007812, -552.979797363, -559.098449707, 48.7833404541, -768.173522949, 132.648651123], [-5687.6484375, -149.311264038, 2124.34350586, 583.062927246, 237.091903687, 22.240978241, 126.329620361, -151.22668457, 80.2189254761, -143.177444458, 117.197013855, 161.789123535, -78.3494415283], 