{"tonal": {"thpcp": [1, 0.613874137402, 0.334783554077, 0.611671864986, 0.631127536297, 0.398469239473, 0.379095822573, 0.396140486002, 0.321841269732, 0.307505130768, 0.351634979248, 0.427907645702, 0.514666557312, 0.458695173264, 0.302242964506, 0.236785322428, 0.260993093252, 0.386916846037, 0.607100486755, 0.606902837753, 0.403857827187, 0.301738381386, 0.268278867006, 0.254772573709, 0.312497675419, 0.355934470892, 0.330080956221, 0.396197915077, 0.456453323364, 0.390531867743, 0.304946035147, 0.222063690424, 0.179691389203, 0.222973570228, 0.25285422802, 0.623063087463], "hpcp": {"dmean2": [0.272045969963, 0.235189750791, 0.193367287517, 0.178412079811, 0.212532818317, 0.267775326967, 0.29216632247, 0.291527748108, 0.273107022047, 0.24607424438, 0.233544051647, 0.21232137084, 0.204126775265, 0.210759133101, 0.210196405649, 0.230222463608, 0.24170486629, 0.238748058677, 0.198004052043, 0.150671973825, 0.134434327483, 0.149563536048, 0.155745729804, 0.323585838079, 0.541764259338, 0.344568222761, 0.228435873985, 0.288090586662, 0.31276473403, 0.281944841146, 0.255926668644, 0.237940460443, 0.223071619868, 0.213280141354, 0.228763386607, 0.269954711199], "median": [0.0746505632997, 0.0615771338344, 0.0434205085039, 0.0363373830914, 0.0383003130555, 0.0563066601753, 0.0857788622379, 0.0955126658082, 0.0627723112702, 0.0395462438464, 0.0330595821142, 0.0354708880186, 0.0482756942511, 0.054665774107, 0.0553818494081, 0.0624999254942, 0.0707973614335, 0.0671433880925, 0.0531640537083, 0.0367822796106, 0.0250204969198, 0.0259982608259, 0.0302200354636, 0.121791385114, 0.142129138112, 0.120626606047, 0.0434032194316, 0.0759791135788, 0.0891406536102, 0.0581153184175, 0.0375776775181, 0.0405802316964, 0.0437718741596, 0.0493447445333, 0.0585292987525, 0.0686895251274], "min": [0, 0, 0, 0, 0, 0, 0, 0, 0, 0, 0, 0, 0, 0, 0, 0, 0, 0, 0, 0, 0, 0, 0, 0, 0, 0, 0, 0, 0, 0, 0, 0, 0, 0, 0, 0], "dvar2": [0.13193500042, 0.108078151941, 0.0925820022821, 0.0893431678414, 0.112047448754, 0.12505453825, 0.135907754302, 0.124671414495, 0.133254528046, 0.134985670447, 0.144583195448, 0.129811093211, 0.112761214375, 0.10726069659, 0.103208877146, 0.118368558586, 0.117798276246, 0.120147585869, 0.0985518619418, 0.0707131549716, 0.0703544989228, 0.0764408558607, 0.0817729532719, 0.102793805301, 0.259369134903, 0.112831637263, 0.104246683419, 0.126927047968, 0.142531841993, 0.129235416651, 0.129381924868, 0.116242103279, 0.11348810792, 0.108921930194, 0.114680990577, 0.136772230268], "dvar": [0.0503143109381, 0.0422830358148, 0.0334332846105, 0.0314657688141, 0.0394950248301, 0.0442892126739, 0.0515633970499, 0.0478750579059, 0.0471637956798, 0.047847121954, 0.0516488216817, 0.0456528104842, 0.0399812720716, 0.0390080027282, 0.0368588902056, 0.0431941598654, 0.0443396084011, 0.0430003143847, 0.034829467535, 0.0250323303044, 0.0250951126218, 0.0283177737147, 0.0303311161697, 0.0425635129213, 0.120784498751, 0.0452111065388, 0.0366823971272, 0.0513073690236, 0.0556366927922, 0.045264262706, 0.0466859936714, 0.0442116856575, 0.0409508757293, 0.0387802124023, 0.0414834134281, 0.0497239902616], "dmean": [0.155459240079, 0.135585293174, 0.108632363379, 0.0977687463164, 0.114723145962, 0.147938430309, 0.167334079742, 0.168349102139, 0.152142107487, 0.133602783084, 0.125681653619, 0.114382207394, 0.114441104233, 0.119300708175, 0.117087133229, 0.130921542645, 0.138236016035, 0.132977083325, 0.110089078546, 0.0836666673422, 0.0736867040396, 0.0834166631103, 0.0882318243384, 0.182478621602, 0.2985419631, 0.192634105682, 0.127445936203, 0.167311802506, 0.18270406127, 0.157894432545, 0.142651990056, 0.132884934545, 0.123649157584, 0.118415459991, 0.127609193325, 0.150927096605], "max": [1, 1, 1, 1, 1, 1, 1, 1, 1, 1, 1, 1, 1, 1, 1, 1, 1, 1, 1, 1, 1, 1, 1, 1, 1, 1, 1, 1, 1, 1, 1, 1, 1, 1, 1, 1], "var": [0.0699681788683, 0.0630799978971, 0.0328065901995, 0.0236749853939, 0.0284848883748, 0.042265791446, 0.0865569636226, 0.078715339303, 0.0455176904798, 0.0377593301237, 0.0372616350651, 0.0319349169731, 0.0358828194439, 0.0423557348549, 0.0336945876479, 0.0470579564571, 0.0580581389368, 0.0429244637489, 0.0304333642125, 0.0201912168413, 0.0189475994557, 0.0278718750924, 0.0328584089875, 0.0569075867534, 0.165007263422, 0.055224865675, 0.038756724447, 0.0921699181199, 0.0900938361883, 0.0436491593719, 0.0543629787862, 0.061702683568, 0.0382674857974, 0.0329799205065, 0.0386371836066, 0.0496413297951], "mean": [0.193462997675, 0.172423362732, 0.113613031805, 0.0890075266361, 0.0981072187424, 0.145441919565, 0.228208884597, 0.228134587407, 0.151810020208, 0.113423354924, 0.100845932961, 0.0957689285278, 0.117467775941, 0.133795648813, 0.124077320099, 0.148930668831, 0.171580657363, 0.146800801158, 0.114629112184, 0.0834736675024, 0.0675459355116, 0.0838156938553, 0.0950478166342, 0.234209209681, 0.375899672508, 0.230755090714, 0.12584502995, 0.229927256703, 0.237240642309, 0.149784460664, 0.142501994967, 0.148909077048, 0.120980031788, 0.115591078997, 0.13217946887, 0.160850346088]}, "tuning_equal_tempered_deviation": 0.174403592944, "chords_changes_rate": 0.0546360909939, "key_key": "A", "tuning_diatonic_strength": 0.423789143562, "key_scale": "major", "chords_number_rate": 0.00199401797727, "tuning_frequency": 434.193115234, "tuning_nontempered_energy_ratio": 0.850344598293, "chords_histogram": [0.957128584385, 4.16749763489, 0.319042861462, 1.13659024239, 0.558325052261, 0, 0, 0.179461613297, 8.45463562012, 0.279162526131, 0, 0, 0, 3.38983058929, 1.37587237358, 52.9012947083, 1.53539383411, 0.0797607153654, 0.338983058929, 0.219341978431, 7.75672960281, 12.6021938324, 3.60917258263, 0.139581263065], "key_strength": 0.296897381544, "chords_key": "D", "chords_strength": {"dmean2": 0.0128330187872, "median": 0.51730710268, "min": -1, "dvar2": 0.000863876193762, "dvar": 0.000454187014839, "dmean": 0.0109354788437, "max": 0.816962003708, "var": 0.0190704930574, "mean": 0.513513147831}, "chords_scale": "minor", "hpcp_entropy": {"dmean2": 1.05598652363, "median": 3.227820158, "min": 0, "dvar2": 0.700991272926, "dvar": 0.258720785379, "dmean": 0.620148718357, "max": 4.78828907013, "var": 0.655031263828, "mean": 3.09705018997}}, "metadata": {"audio_properties": {"equal_loudness": 0, "codec": "mp3", "downmix": "mix", "sample_rate": 44100, "analysis_sample_rate": 44100, "bit_rate": 320000, "md5_encoded": "aa94a7178720b43d0103c77d49a9601e", "length": 232.829391479, "replay_gain": -17.8677635193, "lossless": false}, "version": {"essentia_build_sha": "70f2e5ece6736b2c40cc944ad0e695b16b925413", "essentia": "2.1-beta2", "extractor": "music 1.0", "essentia_git_sha": "v2.1_beta2"}, "tags": {"title": ["Your Shirt Would Look Better with a Columbian Neck-Tie"], "albumartist": ["I Killed the Prom Queen"], "date": ["2006"], "genre": ["Rock"], "length": ["232840"], "musicbrainz_recordingid": ["05fad779-b899-47f8-8ceb-744b455954e1"], "composer": ["I Killed the Prom Queen"], "artist": ["I Killed the Prom Queen"], "album": ["Music for the Recently Deceased"], "tracknumber": ["4"], "label": ["Golf"], "file_name": "1494852.mp3"}}, "rhythm": {"bpm_histogram_first_peak_bpm": {"dmean2": 0, "median": 92, "min": 92, "dvar2": 0, "dvar": 0, "dmean": 0, "max": 92, "var": 0, "mean": 92}, "bpm": 92.1396865845, "bpm_histogram_second_peak_spread": {"dmean2": 0, "median": 0.5, "min": 0.5, "dvar2": 0, "dvar": 0, "dmean": 0, "max": 0.5, "var": 0, "mean": 0.5}, "bpm_histogram_first_peak_weight": {"dmean2": 0, "median": 0.638522386551, "min": 0.638522386551, "dvar2": 0, "dvar": 0, "dmean": 0, "max": 0.638522386551, "var": 0, "mean": 0.638522386551}, "onset_rate": 3.00623106956, "beats_position": [0.325079351664, 0.696598649025, 1.06811785698, 1.43963718414, 1.8111563921, 2.18267560005, 2.56580495834, 2.94893407822, 3.32045340538, 3.69197273254, 4.06349182129, 4.43501138687, 4.81814050674, 5.20126962662, 5.5727891922, 5.94430828094, 6.31582736969, 6.68734693527, 7.08208608627, 7.4884352684, 7.87156438828, 8.26630401611, 8.66104316711, 9.06739234924, 9.46213150024, 9.85687065125, 10.2399997711, 10.6927890778, 11.1455783844, 11.5635375977, 12.0047159195, 12.445895195, 12.8870744705, 13.328253746, 13.7694330215, 14.1990022659, 14.6517915726, 15.0929698944, 15.545759201, 15.9985485077, 16.4513378143, 16.904127121, 17.3453063965, 17.786485672, 18.2276649475, 18.6804523468, 19.1332416534, 19.574420929, 20.0156002045, 20.4683895111, 20.9095687866, 21.3507480621, 21.8035373688, 22.2447166443, 22.6975059509, 23.1502952576, 23.5914726257, 24.0326519012, 24.4622211456, 24.89179039, 25.3677997589, 25.8438091278, 26.3082084656, 26.7842178345, 27.2602272034, 27.747844696, 28.2238540649, 28.8856239319, 29.5357818604, 30.1859397888, 30.8360996246, 31.474647522, 32.1248054504, 32.7865753174, 33.4367332458, 34.0868911743, 34.7370529175, 35.3872108459, 36.0373687744, 36.6875267029, 37.3376846313, 37.9878463745, 38.638004303, 39.2881622314, 39.9383201599, 40.5884780884, 41.2502479553, 41.9004058838, 42.5621757507, 43.2123336792, 43.8624954224, 44.4894332886, 45.139591217, 45.7897491455, 46.439907074, 47.0900688171, 47.7402267456, 48.3903846741, 49.0405426025, 49.690700531, 50.3408622742, 50.9910202026, 51.6527900696, 52.302947998, 52.9531059265, 53.603263855, 54.2650337219, 54.9151916504, 55.5653495789, 56.2038993835, 56.8424491882, 57.4809951782, 58.1195449829, 58.7697029114, 59.4198646545, 60.070022583, 60.7201805115, 61.3703384399, 62.0204963684, 62.6706581116, 63.32081604, 63.95936203, 64.5979156494, 65.2480697632, 65.8982315063, 66.5483856201, 67.1985473633, 67.8487091064, 68.4988632202, 69.1490249634, 69.7991790771, 70.4493408203, 71.0995025635, 71.7496566772, 72.3998184204, 73.0499725342, 73.6885223389, 74.3270721436, 74.9772338867, 75.6273880005, 76.2775497437, 76.9509277344, 77.6010894775, 78.2512435913, 78.9014053345, 79.5515594482, 80.2017211914, 80.8518829346, 81.5020370483, 82.140586853, 82.7791366577, 83.4292984009, 84.0794525146, 84.7296142578, 85.3797683716, 86.0299301147, 86.6800918579, 87.3186416626, 87.9571838379, 88.6073455811, 89.2575073242, 89.907661438, 90.5578231812, 91.2079772949, 91.8581390381, 92.5083007812, 93.158454895, 93.8086166382, 94.458770752, 95.1089324951, 95.7474822998, 96.3976364136, 97.0361862183, 97.6863479614, 98.3248977661, 98.9634475708, 99.6368255615, 100.286979675, 100.937141418, 101.587303162, 102.237457275, 102.899223328, 103.549385071, 104.199546814, 104.838096619, 105.488250732, 106.138412476, 106.788566589, 107.438728333, 108.088890076, 108.727432251, 109.365982056, 110.016143799, 110.677909851, 111.328071594, 111.966621399, 112.605171204, 113.255325317, 113.905487061, 114.555641174, 115.194190979, 115.844352722, 116.494506836, 117.144668579, 117.794830322, 118.444984436, 119.095146179, 119.733695984, 120.372245789, 121.022399902, 121.672561646, 122.334327698, 122.99609375, 123.646255493, 124.296417236, 124.934967041, 125.585121155, 126.223670959, 126.885437012, 127.523986816, 128.17414856, 128.824310303, 129.474472046, 130.12461853, 130.774780273, 131.424942017, 132.086715698, 132.76008606, 133.43347168, 134.118453979, 134.7918396, 135.453598022, 136.115371704, 136.765533447, 137.41569519, 138.054244995, 138.716003418, 139.3777771, 140.039550781, 140.712921143, 141.374694824, 142.036453247, 142.698226929, 143.371612549, 144.056594849, 144.706756592, 145.356918335, 146.007064819, 146.657226562, 147.307388306, 147.957550049, 148.607711792, 149.257858276, 149.90802002, 150.558181763, 151.208343506, 151.858505249, 152.508651733, 153.158813477, 153.80897522, 154.459136963, 155.109298706, 155.759460449, 156.409606934, 157.059768677, 157.70993042, 158.348480225, 158.987030029, 159.637191772, 160.287338257, 160.9375, 161.587661743, 162.237823486, 162.887985229, 163.538131714, 164.188293457, 164.861679077, 165.546661377, 166.220046997, 166.893417358, 167.55519104, 168.205352783, 168.855514526, 169.494049072, 170.132598877, 170.794372559, 171.45614624, 172.106307983, 172.756454468, 173.406616211, 174.056777954, 174.706939697, 175.35710144, 175.995635986, 176.634185791, 177.284347534, 177.934509277, 178.584671021, 179.246429443, 179.896591187, 180.535140991, 181.185302734, 181.835464478, 182.485626221, 183.135772705, 183.785934448, 184.436096191, 185.086257935, 185.736419678, 186.386566162, 187.059951782, 187.744934082, 188.429931641, 189.091690063, 189.753463745, 190.415237427, 191.07699585, 191.727157593, 192.377319336, 193.027481079, 193.677642822, 194.316192627, 194.966339111, 195.616500854, 196.278274536, 196.928436279, 197.578598022, 198.228744507, 198.87890625, 199.517456055, 200.156005859, 200.806167603, 201.456329346, 202.09487915, 202.756637573, 203.418411255, 204.080184937, 204.741943359, 205.392105103, 206.042266846, 206.692428589, 207.342575073, 207.992736816, 208.631286621, 209.269836426, 209.896774292, 210.535324097, 211.173873901, 211.824035645, 212.462585449, 213.112747192, 213.774505615, 214.436279297, 215.08644104, 215.736587524, 216.386749268, 217.036911011, 217.687072754, 218.337234497, 218.987380981, 219.637542725, 220.276092529, 220.914642334, 221.553192139, 222.203353882, 222.853515625, 223.515274048, 224.177047729, 224.838821411, 225.488967896, 226.139129639, 226.789291382, 227.439453125, 228.089614868, 228.751373291, 229.447982788, 230.132965088, 230.829559326, 231.502944946, 232.176315308], "beats_loudness": {"dmean2": 0.0223676003516, "median": 0.0368700772524, "min": 0, "dvar2": 0.000370495283278, "dvar": 0.000130683736643, "dmean": 0.0128305396065, "max": 0.0799359306693, "var": 0.000202816780074, "mean": 0.0379313230515}, "danceability": 1.04360640049, "bpm_histogram_second_peak_weight": {"dmean2": 0, "median": 0.042216360569, "min": 0.042216360569, "dvar2": 0, "dvar": 0, "dmean": 0, "max": 0.042216360569, "var": 0, "mean": 0.042216360569}, "beats_count": 380, "bpm_histogram_second_peak_bpm": {"dmean2": 0, "median": 136, "min": 136, "dvar2": 0, "dvar": 0, "dmean": 0, "max": 136, "var": 0, "mean": 136}, "bpm_histogram_first_peak_spread": {"dmean2": 0, "median": 0.221864938736, "min": 0.221864938736, "dvar2": 0, "dvar": 0, "dmean": 0, "max": 0.221864938736, "var": 0, "mean": 0.221864938736}, "beats_loudness_band_ratio": {"dmean2": [0.30583781004, 0.159682735801, 0.0616008862853, 0.0422752648592, 0.0966168344021, 0.140581205487], "median": [0.580318689346, 0.095657736063, 0.0229137316346, 0.0233837515116, 0.0793962180614, 0.12957534194], "min": [0, 0, 0, 0, 0, 0], "dvar2": [0.0759301781654, 0.0233041513711, 0.00825249962509, 0.00280417641625, 0.0116220042109, 0.0232414063066], "dvar": [0.0288162752986, 0.00940023362637, 0.00304805440828, 0.00106693955604, 0.00395473232493, 0.00831598695368], "dmean": [0.173358932137, 0.0911442488432, 0.0345686227083, 0.0244420841336, 0.0536089874804, 0.0785426720977], "max": [0.993508160114, 0.819722950459, 0.524515032768, 0.298983722925, 0.601574122906, 0.872347474098], "var": [0.0522647202015, 0.0143100423738, 0.00344671797939, 0.00128389929887, 0.00411147484556, 0.0100113293156], "mean": [0.592709898949, 0.137659117579, 0.0428079143167, 0.0329750329256, 0.0896161198616, 0.144371852279]}}, "lowlevel": {"barkbands_spread": {"dmean2": 18.3958930969, "median": 45.1060256958, "min": 0.0671990439296, "dvar2": 323.128417969, "dvar": 113.97052002, "dmean": 10.7329673767, "max": 98.9311676025, "var": 286.116088867, "mean": 42.3867149353}, "melbands_spread": {"dmean2": 25.6764087677, "median": 33.8274459839, "min": 0.0519081056118, "dvar2": 642.078308105, "dvar": 232.954559326, "dmean": 14.9594802856, "max": 211.161315918, "var": 627.241699219, "mean": 37.2643241882}, "hfc": {"dmean2": 16.2666072845, "median": 35.4474525452, "min": 1.07940842923e-16, "dvar2": 385.789916992, "dvar": 145.077301025, "dmean": 9.64730167389, "max": 183.393218994, "var": 369.345581055, "mean": 35.892124176}, "barkbands_kurtosis": {"dmean2": 14.6641893387, "median": -0.184878587723, "min": -1.87362492085, "dvar2": 23455.3691406, "dvar": 10817.8369141, "dmean": 9.27862453461, "max": 8030.45019531, "var": 37610.0195312, "mean": 13.240404129}, "gfcc": {"mean": [28.2828102112, 57.1271362305, -108.667625427, 74.9489822388, -43.3709144592, 16.3614196777, -29.8759059906, 12.4781827927, -22.5218467712, -2.47572016716, -16.2109642029, 0.314414352179, -9.93228435516], "icov": [[0.000128386483993, -0.00014687422663, 0.000233882761677, -0.000222524671699, 4.33672503277e-05, -7.58834430599e-05, 0.000339556107065, -0.00039314859896, 0.000356385455234, -0.000237780870521, 0.000725427875295, -0.000723876000848, 0.000645650492515], [-0.00014687422663, 0.00220371270552, 0.000517784035765, -0.000108016138256, -0.000465269316919, 0.00116273784079, -0.00144698319491, 0.00106568948831, -0.000958269461989, 0.00151078461204, -0.00186982541345, 0.00240625091828, -0.00265286001377], [0.000233882761677, 0.000517784035765, 0.00268352846615, -0.000187508354429, -0.00140142079908, -0.000855970371049, 0.00102817208972, 0.000309324794216, -0.000820690765977, 0.00107321911491, 0.000796299020294, -0.00197012582794, 0.00182958529331], [-0.000222524671699, -0.000108016138256, -0.000187508354429, 0.00391490431502, -0.000998791540042, -0.00284538394772, 0.00142714008689, 0.00145001686178, -0.000110186214442, 0.00106663920451, -0.00368058378808, 0.00417592935264, -0.00264333421364], [4.33672503277e-05, -0.000465269316919, -0.00140142079908, -0.000998791540042, 0.00724768033251, 0.000826240517199, -0.00511484080926, 0.00345772062428, -0.000169295759406, -0.00458451081067, 0.00261822296306, 0.000914111267775, -0.00164342892822], [-7.58834430599e-05, 0.00116273784079, -0.000855970371049, -0.00284538394772, 0.000826240517199, 0.0124085014686, -0.00196276931092, -0.00661559542641, 0.00177296181209, 0.00250538880937, -0.00273776939139, 2.66002298304e-05, 0.00157097110059], [0.000339556107065, -0.00144698319491, 0.00102817208972, 0.00142714008689, -0.00511484080926, -0.00196276931092, 0.0152658829466, -0.00654546171427, -0.00151284842286, 0.00675766076893, -0.00293019926175, -0.00111146457493, 0.000351020426024], [-0.00039314859896, 0.00106568948831, 0.000309324794216, 0.00145001686178, 0.00345772062428, -0.00661559542641, -0.00654546171427, 0.0226558763534, -0.00736623536795, -0.00565830571577, 0.00522500975057, -0.00266317487694, -0.00110403972212], [0.000356385455234, -0.000958269461989, -0.000820690765977, -0.000110186214442, -0.000169295759406, 0.00177296181209, -0.00151284842286, -0.00736623536795, 0.0238264445215, -0.0109178405255, -0.00466301571578, 0.00916295778006, -0.00207612849772], [-0.000237780870521, 0.00151078461204, 0.00107321911491, 0.00106663920451, -0.00458451081067, 0.00250538880937, 0.00675766076893, -0.00565830571577, -0.0109178405255, 0.03071924299, -0.00957987643778, -0.00881009921432, 0.00557343102992], [0.000725427875295, -0.00186982541345, 0.000796299020294, -0.00368058378808, 0.00261822296306, -0.00273776939139, -0.00293019926175, 0.00522500975057, -0.00466301571578, -0.00957987643778, 0.0290728565305, -0.0127623649314, 0.00144716666546], [-0.000723876000848, 0.00240625091828, -0.00197012582794, 0.00417592935264, 0.000914111267775, 2.66002298304e-05, -0.00111146457493, -0.00266317487694, 0.00916295778006, -0.00881009921432, -0.0127623649314, 0.0376325361431, -0.018223926425], [0.000645650492515, -0.00265286001377, 0.00182958529331, -0.00264333421364, -0.00164342892822, 0.00157097110059, 0.000351020426024, -0.00110403972212, -0.00207612849772, 0.00557343102992, 0.00144716666546, -0.018223926425, 0.0317922905087]], "cov": [[21232.4101562, -471.28125, -1668.49438477, 297.549743652, -1073.23925781, 290.036804199, -734.022644043, 399.914428711, -495.942657471, 77.0608520508, -458.211456299, 179.137069702, -319.935455322], [-471.28125, 1076.7911377, -244.871566772, 163.011138916, 187.263442993, -117.853607178, 158.504898071, -104.527908325, 44.492641449, -75.6955032349, 60.8864364624, -70.5745239258, 110.140571594], [-1668.49438477, -244.871566772, 661.753295898, -11.524939537, 131.773712158, 36.2231254578, 13.0711946487, -23.0950946808, 31.8998298645, 5.95010519028, 13.064696312, 3.96583747864, -18.7952194214], [297.549743652, 163.011138916, -11.524939537, 478.251434326, 54.246471405, 81.8691940308, -6.11302757263, -41.2612533569, -1.88964080811, -30.9357585907, 42.696685791, -43.6732368469, 23.7017440796], [-1073.23925781, 187.263442993, 131.773712158, 54.246471405, 296.153442383, -37.6212272644, 106.613220215, -51.6218833923, 41.2782287598, 0.262335836887, 26.9930515289, -22.2144641876, 37.2339630127], [290.036804199, -117.853607178, 36.2231254578, 81.8691940308, -37.6212272644, 149.145874023, 2.52039051056, 51.5400238037, -5.69366693497, -0.830532312393, 5.11099243164, 5.77819776535, -15.7012338638], [-734.022644043, 158.504898071, 13.0711946487, -6.11302757263, 106.613220215, 2.52039051056, 151.247879028, 9.20134353638, 33.999786377, -17.8006210327, 25.3424758911, -9.99487400055, 29.3667697906], [399.914428711, -104.527908325, -23.0950946808, -41.2612533569, -51.6218833923, 51.5400238037, 9.20134353638, 100.897590637, 18.7899513245, 27.1815567017, -7.95003509521, 19.2090682983, -12.9235696793], [-495.942657471, 44.492641449, 31.8998298645, -1.88964080811, 41.2782287598, -5.69366693497, 33.999786377, 18.7899513245, 84.9510879517, 31.0011348724, 29.6136684418, -8.49594688416, 8.37856769562], [77.0608520508, -75.6955032349, 5.95010519028, -30.9357585907, 0.262335836887, -0.830532312393, -17.8006210327, 27.1815567017, 31.0011348724, 73.6412734985, 23.222820282, 25.7380084991, -6.78975582123], [-458.211456299, 60.8864364624, 13.064696312, 42.696685791, 26.9930515289, 5.11099243164, 25.3424758911, -7.95003509521, 29.6136684418, 23.222820282, 75.7750930786, 17.4277973175, 22.1745586395], [179.137069702, -70.5745239258, 3.96583747864, -43.6732368469, -22.2144641876, 5.77819776535, -9.99487400055, 19.2090682983, -8.49594688416, 25.7380084991, 17.4277973175, 63.0537796021, 16.2406177521], [-319.935455322, 110.140571594, -18.7952194214, 23.7017440796, 37.2339630127, -15.7012338638, 29.3667697906, -12.9235696793, 8.37856769562, -6.78975582123, 22.1745586395, 16.2406177521, 62.1593742371]]}, "spectral_energyband_middle_low": {"dmean2": 0.00628922181204, "median": 0.00624258443713, "min": 1.97288508328e-22, "dvar2": 6.12599615124e-05, "dvar": 2.22672060772e-05, "dmean": 0.00366547051817, "max": 0.0796428993344, "var": 2.85186288238e-05, "mean": 0.00731359049678}, "melbands_crest": {"dmean2": 7.43270969391, "median": 16.6979637146, "min": 1.58289313316, "dvar2": 35.7731933594, "dvar": 12.8260240555, "dmean": 4.37505435944, "max": 39.9721183777, "var": 31.1787281036, "mean": 16.8382263184}, "spectral_kurtosis": {"dmean2": 1.62436532974, "median": 2.44703817368, "min": -1.26696002483, "dvar2": 15.6323242188, "dvar": 5.19698762894, "dmean": 0.939992129803, "max": 90.7084579468, "var": 16.7307605743, "mean": 2.82611894608}, "spectral_rms": {"dmean2": 0.00136651610956, "median": 0.00579141639173, "min": 3.11612693114e-12, "dvar2": 1.42103704093e-06, "dvar": 5.01870943026e-07, "dmean": 0.000822077621706, "max": 0.00935973692685, "var": 1.91896242541e-06, "mean": 0.00563776632771}, "zerocrossingrate": {"dmean2": 0.0172652490437, "median": 0.0859375, "min": 0, "dvar2": 0.000230104837101, "dvar": 0.000149961822899, "dmean": 0.0129892164841, "max": 0.51953125, "var": 0.00270586786792, "mean": 0.0886423513293}, "silence_rate_60dB": {"dmean2": 0.00718061253428, "median": 0, "min": 0, "dvar2": 0.00852538272738, "dvar": 0.00357714947313, "dmean": 0.00358994817361, "max": 1, "var": 0.0253477599472, "mean": 0.0260245297104}, "erbbands_kurtosis": {"dmean2": 1.82185935974, "median": 0.567701101303, "min": -1.91114914417, "dvar2": 12.2677183151, "dvar": 5.05350589752, "dmean": 1.11134386063, "max": 107.602844238, "var": 18.304725647, "mean": 1.09491789341}, "erbbands": {"dmean2": [0.490931719542, 3.21871209145, 6.2727189064, 6.7212433815, 13.1629333496, 13.3980140686, 7.76581907272, 6.16495323181, 6.92640352249, 8.07414245605, 8.40202903748, 11.0145530701, 12.7898626328, 11.7844228745, 9.27989578247, 12.4503154755, 9.76762771606, 11.8638019562, 17.0392894745, 18.860956192, 40.9567375183, 34.9879722595, 33.8647003174, 45.4938163757, 48.4181480408, 27.0228157043, 24.1650848389, 23.5972537994, 19.8659152985, 15.2832651138, 11.1406946182, 7.54577970505, 4.20670413971, 1.62960529327, 0.558630943298, 0.233763486147, 0.0906008705497, 0.0229634940624, 0.00313482782803, 0.000100286815723], "median": [0.234186708927, 1.56894469261, 4.59130811691, 5.10335254669, 6.29260492325, 5.46610641479, 4.4509601593, 3.12197089195, 2.7169919014, 3.01587200165, 3.38613009453, 4.43580627441, 5.05240631104, 5.69497823715, 5.7592010498, 8.01769733429, 7.37431669235, 8.33237266541, 13.9736309052, 19.1982135773, 45.5378570557, 43.291179657, 39.3352584839, 58.4791374207, 64.3753662109, 37.3992652893, 29.7161140442, 25.0221004486, 16.3358459473, 11.0784053802, 9.42160320282, 6.70663547516, 3.16676521301, 1.35245120525, 0.445605188608, 0.143540814519, 0.0396603047848, 0.00655577797443, 0.000314703938784, 6.12822914263e-05], "min": [9.71255643928e-23, 4.83793979106e-22, 2.48780445924e-21, 3.28472209554e-21, 1.28805446904e-20, 3.28281230999e-20, 3.36850240534e-20, 8.57758830236e-20, 1.11128212704e-19, 2.20038624938e-19, 2.41522831891e-19, 4.24141718773e-19, 4.6303766403e-19, 6.67466253436e-19, 1.18629414786e-18, 5.9459717324e-19, 1.70330881067e-18, 2.29951288565e-18, 2.26655118581e-18, 3.69837621751e-18, 4.00687446774e-18, 4.00552905847e-18, 4.66075826042e-18, 5.92769621074e-18, 7.74511045102e-18, 9.53240869955e-18, 8.8317999556e-18, 1.10664068737e-17, 1.0385680243e-17, 9.57208359045e-18, 1.03739748101e-17, 1.03020233317e-17, 8.76635425272e-18, 7.48744120866e-18, 4.80974217413e-18, 4.53577085627e-18, 2.36934636809e-18, 9.36040579695e-19, 2.48404250805e-19, 2.93558806136e-20], "dvar2": [0.320935487747, 16.1556529999, 48.9517021179, 57.1493530273, 329.489746094, 583.641479492, 123.805847168, 168.940567017, 237.162506104, 351.116699219, 292.968688965, 473.393981934, 702.866271973, 579.643981934, 241.339813232, 496.117095947, 236.58946228, 486.613189697, 789.758911133, 883, 3115.88378906, 2178.0456543, 1478.73937988, 2665.26098633, 3102.04272461, 937.892211914, 746.487121582, 837.443603516, 861.211120605, 447.89553833, 235.395904541, 112.247642517, 46.4225845337, 7.5984249115, 0.982621133327, 0.202702879906, 0.0391703173518, 0.00318957585841, 7.67173041822e-05, 7.28330249444e-08], "dvar": [0.109691813588, 5.61168575287, 18.7292480469, 21.6330528259, 117.628143311, 208.034820557, 43.8865203857, 71.657081604, 94.9297943115, 142.553527832, 112.818908691, 185.919952393, 268.352203369, 226.459655762, 93.8242797852, 201.370941162, 91.0708694458, 176.498794556, 293.548248291, 324.028900146, 1228.19384766, 829.934936523, 546.186950684, 1012.85272217, 1140.22143555, 349.89855957, 271.144744873, 309.049224854, 320.451324463, 166.110565186, 88.3487014771, 41.8297653198, 17.5490703583, 3.05189371109, 0.438619762659, 0.0872430279851, 0.0170035455376, 0.0014407223789, 3.47920176864e-05, 3.22203703718e-08], "dmean": [0.283241480589, 1.82717204094, 3.7973856926, 4.00101852417, 7.63610553741, 7.62109518051, 4.55505371094, 3.7260389328, 4.15341711044, 4.96348428726, 5.09274244308, 6.72298908234, 7.94062948227, 7.25512218475, 5.64064884186, 7.6167178154, 5.92628145218, 7.17303133011, 10.295668602, 11.3933916092, 24.6108436584, 20.9679203033, 20.1243076324, 27.3004894257, 28.7698192596, 16.097234726, 14.0763950348, 13.4764223099, 11.1875867844, 8.58518218994, 6.42695569992, 4.37877464294, 2.45234274864, 0.979057371616, 0.351669788361, 0.147149205208, 0.0579117834568, 0.0149171976373, 0.00204933690839, 6.5350686782e-05], "max": [2.35887527466, 17.1842002869, 53.4727058411, 55.5399284363, 139.232192993, 264.671691895, 90.7703781128, 268.817443848, 250.780776978, 194.188995361, 303.772888184, 281.348876953, 315.319671631, 400.771728516, 162.546112061, 395.465240479, 177.180511475, 272.224395752, 427.01763916, 383.664703369, 1223.4810791, 1115.3560791, 399.944976807, 501.423706055, 820.764282227, 310.430145264, 185.130691528, 392.86932373, 436.66027832, 156.834991455, 216.847427368, 116.415222168, 81.8306503296, 40.1404495239, 14.9522237778, 5.92458963394, 1.90600824356, 0.65451169014, 0.111709468067, 0.00338295171969], "var": [0.158862099051, 6.08831548691, 30.5956134796, 38.5409202576, 135.676132202, 171.214309692, 68.6320343018, 103.882591248, 139.924362183, 175.466003418, 236.439926147, 356.326934814, 618.789794922, 544.791809082, 169.548950195, 461.102050781, 187.092437744, 295.065246582, 593.23614502, 633.032165527, 2811.01293945, 1626.92614746, 1049.45300293, 2667.14916992, 3552.74658203, 801.741516113, 512.630615234, 433.695037842, 338.75958252, 193.92616272, 142.704925537, 65.8613433838, 22.0049362183, 4.64095544815, 0.840072095394, 0.15392190218, 0.0300025139004, 0.00255981017835, 5.91552525293e-05, 5.22163823291e-08], "mean": [0.388794064522, 2.36323189735, 6.10519552231, 6.81551456451, 10.2555570602, 9.18170642853, 7.11539125443, 5.83335113525, 5.99540901184, 6.90358829498, 8.22927284241, 10.9126214981, 13.9402151108, 12.5861644745, 9.77541351318, 13.6285991669, 11.0706806183, 12.7089653015, 19.6966228485, 24.3565196991, 54.3843460083, 48.2903327942, 43.8675041199, 65.6220550537, 74.0467300415, 40.2096557617, 32.8642578125, 27.9773960114, 19.8169651031, 14.2653961182, 12.2476711273, 8.54601383209, 4.17570924759, 1.81793189049, 0.690695524216, 0.266295641661, 0.0973144248128, 0.0232155900449, 0.00286646932364, 0.000125653357827]}, "spectral_strongpeak": {"dmean2": 0.459184169769, "median": 0.252341747284, "min": 0, "dvar2": 1.14136278629, "dvar": 0.412241965532, "dmean": 0.258517980576, "max": 13.4943370819, "var": 0.365422338247, "mean": 0.384088456631}, "spectral_energy": {"dmean2": 0.0167113319039, "median": 0.0343790128827, "min": 9.95300306072e-21, "dvar2": 0.000237290470977, "dvar": 8.21980938781e-05, "dmean": 0.009935002774, "max": 0.0897947996855, "var": 0.000185480690561, "mean": 0.0345458984375}, "average_loudness": 0.974931418896, "spectral_rolloff": {"dmean2": 1808.78588867, "median": 2799.31640625, "min": 21.533203125, "dvar2": 3819141, "dvar": 1407688, "dmean": 1023.10498047, "max": 19530.6152344, "var": 4842275.5, "mean": 2639.52392578}, "spectral_centroid": {"dmean2": 539.176818848, "median": 2549.72705078, "min": 109.155281067, "dvar2": 307583.03125, "dvar": 123518.3125, "dmean": 327.087341309, "max": 11755.6796875, "var": 1014785.125, "mean": 2478.87548828}, "pitch_salience": {"dmean2": 0.181853562593, "median": 0.578418254852, "min": 0.00404742965475, "dvar2": 0.0255263056606, "dvar": 0.00879267603159, "dmean": 0.105308271945, "max": 0.943008363247, "var": 0.0181929916143, "mean": 0.554903447628}, "spectral_energyband_middle_high": {"dmean2": 0.00269902311265, "median": 0.00637784227729, "min": 1.29050434537e-21, "dvar2": 7.32344233256e-06, "dvar": 2.86807903649e-06, "dmean": 0.00166578823701, "max": 0.0346878245473, "var": 1.55527759489e-05, "mean": 0.00643847929314}, "spectral_contrast_coeffs": {"dmean2": [0.0949620455503, 0.0764875411987, 0.056024953723, 0.0475376434624, 0.0344910621643, 0.0289502795786], "median": [-0.679510176182, -0.788512587547, -0.828098595142, -0.809083223343, -0.789179861546, -0.719259858131], "min": [-0.978038489819, -0.980845689774, -0.983208179474, -0.980501890182, -0.968856811523, -0.965266644955], "dvar2": [0.00584504008293, 0.00354814180173, 0.00195630756207, 0.00139805593062, 0.00071542506339, 0.000570725766011], "dvar": [0.00208846270107, 0.00129186583217, 0.000700578908436, 0.000501268834341, 0.000261845358182, 0.000229398428928], "dmean": [0.0563514456153, 0.0456861928105, 0.0334688164294, 0.0279651395977, 0.0204343385994, 0.0177366007119], "max": [-0.337794929743, -0.426078170538, -0.589560270309, -0.566892683506, -0.578777372837, -0.567583143711], "var": [0.0053578959778, 0.00366417085752, 0.00264139543287, 0.00163207575679, 0.00121614045929, 0.00172308494803], "mean": [-0.678091228008, -0.783420324326, -0.821604073048, -0.807585120201, -0.789168953896, -0.719200313091]}, "melbands_skewness": {"dmean2": 2.11700987816, "median": 3.12640237808, "min": -1.66820955276, "dvar2": 11.3684091568, "dvar": 4.23095464706, "dmean": 1.27708482742, "max": 111.482643127, "var": 14.067360878, "mean": 3.88852524757}, "spectral_spread": {"dmean2": 676648.3125, "median": 4512924, "min": 744723.9375, "dvar2": 930247081984, "dvar": 431441707008, "dmean": 438090.1875, "max": 50453224, "var": 12334664777700.0, "mean": 4872806.5}, "dissonance": {"dmean2": 0.00965728424489, "median": 0.492544472218, "min": 0.35957378149, "dvar2": 0.000114139773359, "dvar": 4.03127414756e-05, "dmean": 0.00562017969787, "max": 0.500000119209, "var": 8.05866366136e-05, "mean": 0.49040979147}, "spectral_skewness": {"dmean2": 0.229579135776, "median": 0.942009627819, "min": -0.0701783075929, "dvar2": 0.0907653868198, "dvar": 0.0324786715209, "dmean": 0.137182757258, "max": 7.22538423538, "var": 0.193955212831, "mean": 0.967956125736}, "spectral_flux": {"dmean2": 0.0377055332065, "median": 0.102497592568, "min": 6.21891566022e-11, "dvar2": 0.0011210013181, "dvar": 0.000474508124171, "dmean": 0.0239981859922, "max": 0.2768034935, "var": 0.00132720533293, "mean": 0.105175301433}, "spectral_contrast_valleys": {"dmean2": [0.605685830116, 0.599678099155, 0.520120203495, 0.425097316504, 0.335053861141, 0.465062022209], "median": [-6.4377245903, -6.83291292191, -7.14458227158, -7.11157798767, -6.2562713623, -9.02442550659], "min": [-28.2893180847, -28.4108581543, -27.6539077759, -27.7595367432, -27.4369430542, -27.3909645081], "dvar2": [0.241151943803, 0.238594278693, 0.19777007401, 0.153033748269, 0.13850300014, 0.367956578732], "dvar": [0.0984292551875, 0.104503884912, 0.0924066081643, 0.0749947577715, 0.0705434158444, 0.157471820712], "dmean": [0.360674262047, 0.361016243696, 0.32266369462, 0.264077752829, 0.212306573987, 0.29354980588], "max": [-5.29085254669, -5.24922084808, -5.44193601608, -6.12352275848, -5.22049331665, -7.59992456436], "var": [4.46073293686, 4.4856171608, 4.42100334167, 4.33542251587, 4.64031362534, 4.15819168091], "mean": [-6.78123426437, -7.15200519562, -7.48187685013, -7.49124670029, -6.67826414108, -9.48567390442]}, "erbbands_flatness_db": {"dmean2": 0.0181091520935, "median": 0.121173784137, "min": 0.0246783550829, "dvar2": 0.000264134287136, "dvar": 0.000116143266496, "dmean": 0.0115029262379, "max": 0.41696497798, "var": 0.00114991061855, "mean": 0.126312166452}, "spectral_energyband_high": {"dmean2": 0.00184397411067, "median": 0.0024172232952, "min": 6.93679639359e-21, "dvar2": 6.26101109447e-06, "dvar": 2.32303295888e-06, "dmean": 0.00106038094964, "max": 0.0247966535389, "var": 3.43338751918e-06, "mean": 0.0026233131066}, "spectral_entropy": {"dmean2": 0.171919599175, "median": 8.03719043732, "min": 4.08747434616, "dvar2": 0.0317956358194, "dvar": 0.0134320706129, "dmean": 0.106423400342, "max": 9.82957172394, "var": 0.142385438085, "mean": 7.99263286591}, "silence_rate_20dB": {"dmean2": 0, "median": 1, "min": 1, "dvar2": 0, "dvar": 0, "dmean": 0, "max": 1, "var": 0, "mean": 1}, "melbands_flatness_db": {"dmean2": 0.0611934885383, "median": 0.15701572597, "min": 0.00359986769035, "dvar2": 0.00334785203449, "dvar": 0.00124335777946, "dmean": 0.0366236716509, "max": 0.767069399357, "var": 0.00715491082519, "mean": 0.173378422856}, "barkbands": {"dmean2": [0.0012903137831, 0.0147986179218, 0.00566190760583, 0.00250845612027, 0.00414173537865, 0.000775074877311, 0.000543397327419, 0.000355107011274, 0.000515003222972, 0.000424794037826, 0.000255368970102, 0.000296850048471, 0.000219730034587, 0.000279228785075, 0.000356280506821, 0.000639892707113, 0.00072526599979, 0.000591717893258, 0.00112919625826, 0.000577675644308, 0.000613230920862, 0.000524388044141, 0.000414110923884, 0.000300920102745, 0.000100151723018, 4.90670281579e-05, 1.62070009537e-05], "median": [0.000382959085982, 0.00838925596327, 0.00373032223433, 0.001388140372, 0.00204507564195, 0.000435913942056, 0.000191782091861, 0.00012494076509, 0.00020062031399, 0.000161848802236, 0.000123780191643, 0.000175571083673, 0.000143452445627, 0.000177685156814, 0.000276809558272, 0.000645478372462, 0.000768483849242, 0.000652820861433, 0.00145189301111, 0.000768611847889, 0.000715810863767, 0.000419918622356, 0.000339961319696, 0.000248521537287, 9.01409002836e-05, 2.52830832324e-05, 1.944824362e-06], "min": [2.66551761139e-25, 1.93896172933e-24, 1.47800150898e-24, 8.30192779312e-25, 1.01269111518e-23, 1.01463818166e-23, 8.31215320539e-24, 6.30892297811e-24, 1.28705638581e-23, 8.87147294213e-24, 1.07074267922e-23, 1.08917125882e-23, 2.75102776694e-23, 4.72115013311e-23, 3.13519198373e-23, 5.33473624261e-23, 6.42556489819e-23, 7.73506327235e-23, 1.22884851687e-22, 2.15100255505e-22, 2.26522910925e-22, 2.95957311843e-22, 3.68089364621e-22, 5.74552211681e-22, 6.53756623356e-22, 1.31270210869e-21, 2.04166148585e-21], "dvar2": [2.77162871498e-06, 0.000298398255836, 4.00566641474e-05, 9.09101981961e-06, 4.59559887531e-05, 1.77979893579e-06, 1.54866938828e-06, 5.38862593658e-07, 8.96369783732e-07, 7.75442856593e-07, 2.3066432675e-07, 2.608043701e-07, 1.18804223348e-07, 2.23562395263e-07, 3.59705438768e-07, 7.67861536133e-07, 8.07622200227e-07, 4.379089944e-07, 1.66371307841e-06, 4.26345394544e-07, 5.00538703818e-07, 5.78464039336e-07, 3.13366257387e-07, 1.95866178387e-07, 3.29350093864e-08, 9.13491238208e-09, 1.98822691644e-09], "dvar": [1.38246343795e-06, 0.0001006918028, 1.56955647981e-05, 3.42526436725e-06, 1.62224641826e-05, 7.47831450099e-07, 6.2609115048e-07, 2.10870666706e-07, 3.54868063823e-07, 2.96215176832e-07, 8.79375505747e-08, 1.02964406778e-07, 4.53840236503e-08, 8.29263768765e-08, 1.33376161671e-07, 2.96455482385e-07, 3.05724370264e-07, 1.6027237848e-07, 6.18349645265e-07, 1.59056128268e-07, 1.81485305006e-07, 2.16421057075e-07, 1.18156187057e-07, 7.28957587626e-08, 1.38511380143e-08, 4.04758759842e-09, 9.15962194981e-10], "dmean": [0.000883374188561, 0.0083993524313, 0.00344066950493, 0.00147744803689, 0.00237046810798, 0.000468492595246, 0.00032981482218, 0.000215773980017, 0.000317112688208, 0.000261653505731, 0.000154371315148, 0.000180796647328, 0.0001317292772, 0.000168362064869, 0.000215138381463, 0.000384930812288, 0.000433572975453, 0.00035240573925, 0.000675538612995, 0.000344108324498, 0.000353294075467, 0.000294842553558, 0.000238072272623, 0.000174540939042, 6.22524603386e-05, 3.12676602334e-05, 1.06581028376e-05], "max": [0.0114856623113, 0.0693830996752, 0.048787869513, 0.0313419103622, 0.0680909454823, 0.0281601306051, 0.0162025690079, 0.0124133285135, 0.0103027094156, 0.0127611085773, 0.00911886896938, 0.00804161652923, 0.00360237946734, 0.00500633753836, 0.0078755216673, 0.0177605450153, 0.017700612545, 0.00650399411097, 0.0144970426336, 0.00682617211714, 0.00612266222015, 0.0113429250196, 0.00690814573318, 0.0042849634774, 0.00244908221066, 0.000930305977818, 0.000500452937558], "var": [3.10329664899e-06, 0.000115687143989, 2.93329703709e-05, 4.97235714647e-06, 1.44448431456e-05, 1.2149714621e-06, 8.71468216701e-07, 4.01054620625e-07, 7.64548303778e-07, 6.86012526785e-07, 1.32277989451e-07, 2.41824523073e-07, 8.71588028417e-08, 1.36617686053e-07, 2.60845581579e-07, 6.22676168405e-07, 5.96782740558e-07, 3.07633655439e-07, 1.93763276002e-06, 3.5704240986e-07, 2.99414864458e-07, 2.35648357716e-07, 1.87515354355e-07, 9.69784252902e-08, 2.37601494035e-08, 7.71408714684e-09, 1.60399771243e-09], "mean": [0.00127468549181, 0.0116155790165, 0.00536295445636, 0.00201677717268, 0.0031155818142, 0.000760076392908, 0.000457054062281, 0.000325161992805, 0.000514827377629, 0.000432119268226, 0.000235361643718, 0.000314592820359, 0.000225795825827, 0.000281768676359, 0.000401651661377, 0.000788120843936, 0.000898181693628, 0.000740439805668, 0.00168549537193, 0.000834832724649, 0.000791016500443, 0.000518960179761, 0.000444264733233, 0.000315076118568, 0.000125266276882, 5.50959157408e-05, 1.52090988195e-05]}, "erbbands_skewness": {"dmean2": 0.48995745182, "me