{"tonal": {"thpcp": [1, 0.982997655869, 0.806724369526, 0.633009374142, 0.477133840322, 0.396504580975, 0.418129056692, 0.492898970842, 0.626100599766, 0.748902618885, 0.697907924652, 0.5855640769, 0.535112380981, 0.527194082737, 0.662243723869, 0.752608418465, 0.624076724052, 0.59267604351, 0.610083222389, 0.524494767189, 0.552644968033, 0.613730311394, 0.519813358784, 0.421101123095, 0.394190907478, 0.377481937408, 0.385760009289, 0.396240442991, 0.412968695164, 0.481362342834, 0.561641871929, 0.587343931198, 0.573778271675, 0.571817874908, 0.614045917988, 0.786428630352], "hpcp": {"dmean2": [0.368857502937, 0.381910949945, 0.324809908867, 0.288081467152, 0.277274817228, 0.282489329576, 0.261843234301, 0.265787631273, 0.243973687291, 0.229811042547, 0.219472408295, 0.228942707181, 0.251385241747, 0.228944674134, 0.192945361137, 0.178448930383, 0.167224675417, 0.163997709751, 0.171894952655, 0.187310695648, 0.211568206549, 0.230767995119, 0.251865386963, 0.255825638771, 0.25572347641, 0.277289181948, 0.337712228298, 0.37120822072, 0.399011164904, 0.376352518797, 0.292435914278, 0.239743545651, 0.226418927312, 0.24889869988, 0.278191268444, 0.314311623573], "median": [0.0697081834078, 0.0650566965342, 0.061689119786, 0.0584373809397, 0.0578969940543, 0.0673467963934, 0.0676411837339, 0.0697088912129, 0.0616618841887, 0.06500852108, 0.069522574544, 0.073502227664, 0.0732701942325, 0.0656908154488, 0.0500756874681, 0.0463338382542, 0.0482271909714, 0.0497185885906, 0.0469363704324, 0.0439510792494, 0.049363784492, 0.0535691566765, 0.0556428059936, 0.0580513775349, 0.0582718998194, 0.0664710402489, 0.0926055088639, 0.119584612548, 0.119316726923, 0.0989649295807, 0.0721279531717, 0.0529025420547, 0.0387757197022, 0.0354635566473, 0.0422289818525, 0.0587775819004], "min": [0, 0, 0, 0, 0, 0, 0, 0, 0, 0, 0, 0, 0, 0, 0, 0, 0, 0, 0, 0, 0, 0, 0, 0, 0, 0, 0, 0, 0, 0, 0, 0, 0, 0, 0, 0], "dvar2": [0.196372136474, 0.20798638463, 0.170604407787, 0.150027558208, 0.144247323275, 0.139087170362, 0.120505206287, 0.120694994926, 0.113990388811, 0.103513143957, 0.0862981677055, 0.091644205153, 0.109502583742, 0.096728771925, 0.0795793533325, 0.0734427422285, 0.0643220767379, 0.0650997981429, 0.0724265277386, 0.0827921405435, 0.0985943078995, 0.103460386395, 0.117182381451, 0.118087857962, 0.123585730791, 0.13007812202, 0.147344708443, 0.166057765484, 0.179507747293, 0.181767806411, 0.147663190961, 0.126268997788, 0.132150396705, 0.15278416872, 0.157870694995, 0.157651007175], "dvar": [0.0743355751038, 0.0771518647671, 0.0625896602869, 0.0546751990914, 0.0523019470274, 0.0505289584398, 0.0480388402939, 0.0432853475213, 0.0414135791361, 0.0397486574948, 0.0322937630117, 0.0346311591566, 0.0411330126226, 0.0351644419134, 0.0290914233774, 0.0268971528858, 0.0231401976198, 0.0231126714498, 0.0261764992028, 0.0298584923148, 0.0359841398895, 0.0395471192896, 0.0431432202458, 0.043055832386, 0.044341430068, 0.046653766185, 0.0549717843533, 0.0656669139862, 0.068563953042, 0.0661754757166, 0.0541638433933, 0.0452597886324, 0.0468510650098, 0.0538875609636, 0.0564614236355, 0.0584596134722], "dmean": [0.206613942981, 0.211211144924, 0.179215207696, 0.159311458468, 0.15327757597, 0.160106658936, 0.150012061, 0.150418713689, 0.137023374438, 0.130564540625, 0.125856623054, 0.131604224443, 0.144682377577, 0.129995182157, 0.109057091177, 0.100386835635, 0.094688333571, 0.0931432247162, 0.0976583361626, 0.105260230601, 0.120300583541, 0.133116975427, 0.143792510033, 0.145120888948, 0.143428593874, 0.154989093542, 0.190977290273, 0.2144792974, 0.225473880768, 0.210180103779, 0.163906797767, 0.133379757404, 0.123813688755, 0.134935423732, 0.153048560023, 0.176586642861], "max": [1, 1, 1, 1, 1, 1, 1, 1, 1, 1, 1, 1, 1, 1, 1, 1, 1, 1, 1, 1, 1, 1, 1, 1, 1, 1, 1, 1, 1, 1, 1, 1, 1, 1, 1, 1], "var": [0.0798291936517, 0.0730865895748, 0.0547669455409, 0.048030026257, 0.046799775213, 0.0624738223851, 0.0856915414333, 0.0520274452865, 0.0566373132169, 0.0618041828275, 0.0357425175607, 0.0396686866879, 0.0517697706819, 0.0364422574639, 0.0299939829856, 0.027909019962, 0.0234298240393, 0.0247475989163, 0.0288970284164, 0.0317601151764, 0.041112754494, 0.0532737933099, 0.0555090941489, 0.0512009263039, 0.0523026548326, 0.0543950349092, 0.0694566071033, 0.0992210060358, 0.0958400517702, 0.0732712596655, 0.0571474209428, 0.040309086442, 0.0356713719666, 0.0413743965328, 0.0479608140886, 0.0608492270112], "mean": [0.204745993018, 0.190804302692, 0.160090103745, 0.146296873689, 0.144132047892, 0.181053906679, 0.205759137869, 0.170619249344, 0.162034481764, 0.166793510318, 0.143394082785, 0.151090189815, 0.167790591717, 0.142114207149, 0.115126803517, 0.107769697905, 0.103201553226, 0.105464734137, 0.108330026269, 0.112903438509, 0.131601899862, 0.153549894691, 0.160576701164, 0.156867921352, 0.156331956387, 0.167876884341, 0.215005397797, 0.273394674063, 0.268746316433, 0.22055414319, 0.173061385751, 0.130445852876, 0.108402244747, 0.114314258099, 0.134755954146, 0.171172574162]}, "tuning_equal_tempered_deviation": 0.151669412851, "chords_changes_rate": 0.107883214951, "key_key": "B", "tuning_diatonic_strength": 0.463435262442, "key_scale": "minor", "chords_number_rate": 0.00248175184242, "tuning_frequency": 445.884552002, "tuning_nontempered_energy_ratio": 0.848982274532, "chords_histogram": [21.6350364685, 1.22627735138, 13.4890508652, 0.846715331078, 1.16788315773, 1.09489047527, 0.291970789433, 17.4014606476, 4.36496353149, 8.18978118896, 0.218978106976, 0.540145993233, 1.1240875721, 2.04379558563, 2.04379558563, 0.189781025052, 0.17518247664, 4.37956190109, 2.46715331078, 7.18248176575, 2.46715331078, 1.69343066216, 5.69343042374, 0.0729926973581], "key_strength": 0.591419219971, "chords_key": "B", "chords_strength": {"dmean2": 0.0187464170158, "median": 0.48184683919, "min": -1, "dvar2": 0.000738974020351, "dvar": 0.000398567906814, "dmean": 0.0147874839604, "max": 0.858592331409, "var": 0.0171567257494, "mean": 0.481365293264}, "chords_scale": "minor", "hpcp_entropy": {"dmean2": 1.19344091415, "median": 3.12234687805, "min": 0, "dvar2": 0.864357709885, "dvar": 0.312855780125, "dmean": 0.698448419571, "max": 4.71319484711, "var": 0.699762701988, "mean": 3.01254820824}}, "metadata": {"audio_properties": {"equal_loudness": 0, "codec": "flac", "downmix": "mix", "sample_rate": 44100, "analysis_sample_rate": 44100, "bit_rate": 0, "md5_encoded": "bd9418c60efd1c9934455f862c54ef6e", "length": 318.066680908, "replay_gain": -4.57663726807, "lossless": true}, "version": {"essentia_build_sha": "70f2e5ece6736b2c40cc944ad0e695b16b925413", "essentia": "2.1-beta2", "extractor": "music 1.0", "essentia_git_sha": "v2.1_beta2"}, "tags": {"title": ["Pounding Metal"], "barcode": ["5020083600527"], "media": ["CD"], "albumartist": ["Exciter"], "tracktotal": ["13"], "language": ["eng"], "releasetype": ["album", "live"], "musicbrainz_recordingid": ["1d0fcc2e-3e0f-4a1d-8511-344bba4d430c"], "musicbrainz_workid": ["c63ab2af-a9e2-4501-9948-742872fea5ee"], "musicbrainz_albumartistid": ["0fa1e771-9aa6-49fe-82b7-d5ea09f33519"], "musicbrainz_releasetrackid": ["c7f3b1f3-e79d-36cc-91a1-e43b9294f0f4"], "album": ["Better Live Than Dead"], "catalognumber": ["CDBLEED 5"], "writer": ["Alan Johnson", "John Ricci", "Dan Beehler"], "originaldate": ["1993"], "work": ["Pounding Metal"], "date": ["1993"], "file_name": "12 - Pounding Metal.flac", "musicbrainz_releasegroupid": ["e5757e22-2b40-35c9-b480-2e2ffc7c7296"], "albumartistsort": ["Exciter"], "musicbrainz_artistid": ["0fa1e771-9aa6-49fe-82b7-d5ea09f33519"], "asin": ["B00006F7Y1"], "musicbrainz_albumid": ["dce72d2b-1d24-4345-b4b5-edca618c0c79"], "artist": ["Exciter"], "artistsort": ["Exciter"], "tracknumber": ["12"], "label": ["Bleeding Hearts Records"], "releasestatus": ["official"], "acoustid_id": ["75529455-0408-4a54-88eb-bd5be02ad97a"], "script": ["Latn"], "totaltracks": ["13"]}}, "rhythm": {"bpm_histogram_first_peak_bpm": {"dmean2": 0, "median": 91, "min": 91, "dvar2": 0, "dvar": 0, "dmean": 0, "max": 91, "var": 0, "mean": 91}, "bpm": 90.9631576538, "bpm_histogram_second_peak_spread": {"dmean2": 0, "median": 0.597222208977, "min": 0.597222208977, "dvar2": 0, "dvar": 0, "dmean": 0, "max": 0.597222208977, "var": 0, "mean": 0.597222208977}, "bpm_histogram_first_peak_weight": {"dmean2": 0, "median": 0.423220992088, "min": 0.423220992088, "dvar2": 0, "dvar": 0, "dmean": 0, "max": 0.423220992088, "var": 0, "mean": 0.423220992088}, "onset_rate": 2.81691431999, "beats_position": [0.708208620548, 1.42802715302, 2.11301589012, 2.7863945961, 3.45977306366, 4.1099319458, 4.78331041336, 5.45668935776, 6.15328788757, 6.82666635513, 7.52326536179, 8.19664382935, 8.87002277374, 9.54340076447, 10.2167797089, 10.8901586533, 11.5867567062, 12.2601356506, 12.933514595, 13.6301136017, 14.3267116547, 15.0233106613, 15.7431287766, 16.4629478455, 17.1595458984, 17.8677539825, 18.575963974, 19.2957820892, 19.9923801422, 20.7005901337, 21.43201828, 22.1750564575, 22.8716545105, 23.6030826569, 24.3461227417, 25.1007709503, 25.8089790344, 26.5171871185, 27.2602272034, 28.0032653809, 28.7346935272, 29.4661216736, 30.2091598511, 30.9521980286, 31.66040802, 32.3802261353, 33.111656189, 33.8546943665, 34.5977325439, 35.3523788452, 36.0141487122, 36.6875267029, 37.3144645691, 37.94140625, 38.5683441162, 39.1952819824, 39.8222198486, 40.4491615295, 41.0760993958, 41.6914291382, 42.3067550659, 42.9336967468, 43.560634613, 44.1759643555, 44.7912902832, 45.4182319641, 46.0567779541, 46.718547821, 47.3919258118, 48.0536956787, 48.7154655457, 49.3656234741, 50.0157814026, 50.6543312073, 51.2928771973, 51.9198188782, 52.5583648682, 53.1969146729, 53.8354644775, 54.4740142822, 55.1241722107, 55.7743301392, 56.4244880676, 57.0746459961, 57.7131958008, 58.3517456055, 59.0019035339, 59.6520614624, 60.3022193909, 60.952381134, 61.590927124, 62.2410888672, 62.8912467957, 63.5297966003, 64.1799545288, 64.8301086426, 65.4802703857, 66.142036438, 66.8038101196, 67.4539642334, 68.1041259766, 68.7658920288, 69.4276657104, 70.0778198242, 70.7279815674, 71.3781356812, 72.0282974243, 72.6900634766, 73.3518371582, 74.0252151489, 74.6869812012, 75.3487548828, 76.0105209351, 76.6722869873, 77.3340606689, 77.9958267212, 78.6575927734, 79.3193664551, 79.9695205688, 80.619682312, 81.2814483643, 81.9432220459, 82.5933761597, 83.2435379028, 83.9053039551, 84.5670700073, 85.2172317505, 85.8673934937, 86.5175476074, 87.1677093506, 87.7946472168, 88.44480896, 89.0949630737, 89.7567367554, 90.4185028076, 91.0802688599, 91.7420425415, 92.3921966553, 93.03074646, 93.6925125122, 94.3426742554, 94.9928359985, 95.6429901123, 96.3047637939, 96.9665298462, 97.6399078369, 98.3016738892, 98.9518356323, 99.6136016846, 100.275375366, 100.937141418, 101.598907471, 102.260681152, 102.934059143, 103.607437134, 104.269203186, 104.930976868, 105.59274292, 106.254508972, 106.927886963, 107.601264954, 108.274642944, 108.959632874, 109.644622803, 110.318000793, 110.968162537, 111.641540527, 112.326530457, 112.999908447, 113.673286438, 114.358276367, 115.031654358, 115.705032349, 116.366798401, 117.028572083, 117.690338135, 118.352104187, 119.013877869, 119.675643921, 120.325805664, 120.987571716, 121.637733459, 122.299499512, 122.961265564, 123.623039246, 124.273193359, 124.934967041, 125.585121155, 126.246894836, 126.908660889, 127.570426941, 128.232192993, 128.893966675, 129.544128418, 130.194290161, 130.856048584, 131.517822266, 132.167984009, 132.84135437, 133.503128052, 134.164901733, 134.849884033, 135.511657715, 136.161804199, 136.811965942, 137.462127686, 138.089065552, 138.739227295, 139.401000977, 140.062759399, 140.712921143, 141.386306763, 142.059677124, 142.721450806, 143.383224487, 144.04498291, 144.706756592, 145.356918335, 146.007064819, 146.668838501, 147.330612183, 147.980773926, 148.63092041, 149.292694092, 149.954467773, 150.58140564, 151.208343506, 151.858505249, 152.508651733, 153.170425415, 153.832199097, 154.48236084, 155.132507324, 155.782669067, 156.432830811, 157.082992554, 157.733154297, 158.383300781, 159.021850586, 159.660400391, 160.310562134, 160.949111938, 161.587661743, 162.237823486, 162.887985229, 163.549743652, 164.211517334, 164.884887695, 165.546661377, 166.208435059, 166.858596802, 167.520355225, 168.182128906, 168.843902588, 169.494049072, 170.144210815, 170.794372559, 171.432922363, 172.071472168, 172.721633911, 173.383392334, 174.045166016, 174.706939697, 175.35710144, 176.007247925, 176.634185791, 177.284347534, 177.934509277, 178.607894897, 179.281265259, 179.931427002, 180.581588745, 181.22013855, 181.858688354, 182.4972229, 183.147384644, 183.809158325, 184.470932007, 185.13269043, 185.817687988, 186.479446411, 187.152832031, 187.802993774, 188.464752197, 189.11491394, 189.765075684, 190.403625488, 191.053787231, 191.715545654, 192.377319336, 193.027481079, 193.677642822, 194.339401245, 195.001174927, 195.674560547, 196.324707031, 196.974868774, 197.625030518, 198.275192261, 198.925354004, 199.575500488, 200.23727417, 200.899047852, 201.560806274, 202.222579956, 202.895965576, 203.557723999, 204.219497681, 204.881271362, 205.543029785, 206.216415405, 206.889785767, 207.563171387, 208.236557007, 208.909927368, 209.57170105, 210.233459473, 210.906845093, 211.580215454, 212.253601074, 212.915374756, 213.577133179, 214.23890686, 214.889068604, 215.550842285, 216.212600708, 216.87437439, 217.547744751, 218.209518433, 218.871292114, 219.533050537, 220.194824219, 220.868209839, 221.529968262, 222.191741943, 222.853515625, 223.515274048, 224.177047729, 224.827209473, 225.477371216, 226.139129639, 226.80090332, 227.462677002, 228.136047363, 228.809432983, 229.482803345, 230.156188965, 230.817947388, 231.479721069, 232.129882812, 232.780044556, 233.441802979, 234.10357666, 234.77696228, 235.438720703, 236.100494385, 236.750656128, 237.377593994, 238.016143799, 238.654693604, 239.304855347, 239.96661377, 240.628387451, 241.290161133, 241.951919556, 242.474365234, 242.996826172, 243.507659912, 244.018493652, 244.529342651, 245.028564453, 245.527801514, 246.027023315, 246.526260376, 247.037094116, 247.547927856, 248.058776855, 248.499954224, 248.941131592, 249.38230896, 249.823486328, 250.264663696, 250.705841064, 251.147018433, 251.58821106, 252.029388428, 252.470565796, 252.934967041, 253.387756348, 253.852142334, 254.316543579, 254.780944824, 255.256958008, 255.721359253, 256.185760498, 256.661773682, 257.126159668, 257.578948975, 258.043365479, 258.507751465, 258.925720215, 259.343658447, 259.761627197, 260.179595947, 260.59753418, 261.01550293, 261.43347168, 261.851409912, 262.269378662, 262.675720215, 263.082092285, 263.488433838, 263.894775391, 264.301116943, 264.707489014, 265.113830566, 265.520172119, 265.914916992, 266.321258545, 266.727600098, 267.133972168, 267.575134277, 268.016326904, 268.457489014, 268.91027832, 269.32824707, 269.734588623, 270.140960693, 270.558898926, 270.976867676, 271.383209229, 271.789550781, 272.207519531, 272.625488281, 273.043426514, 273.473022461, 273.890960693, 274.308929443, 274.726898193, 275.133239746, 275.551208496, 275.969146729, 276.387115479, 276.816680908, 277.246246338, 277.675811768, 278.105377197, 278.523345947, 278.941314697, 279.370880127, 279.788848877, 280.206787109, 280.624755859, 281.031097412, 281.437469482, 281.843811035, 282.250152588, 282.656494141, 283.08605957, 283.527252197, 284.026489258, 284.525695801, 285.024932861, 285.431274414, 285.826019287, 286.22076416, 286.615509033, 287.021850586, 287.439819336, 287.857757568, 288.298950195, 288.740142822, 289.181304932, 289.610870361, 290.040435791, 290.470031738, 290.887969971, 291.329162598, 291.758728027, 292.199890137, 292.641082764, 293.09387207, 293.546661377, 294.011047363, 294.475463867, 294.939849854, 295.404266357, 295.868652344, 296.333068848, 296.785858154, 297.238647461, 297.703033447, 298.167419434, 298.631835938, 299.061401367, 299.502593994, 299.932159424, 300.373321533, 300.81451416, 301.24407959, 301.67364502, 302.103210449, 302.532775879, 302.962341309, 303.484802246, 304.007263184, 304.529693604, 305.110198975, 305.690704346, 306.271209717, 306.863311768, 307.443817139, 308.012695312, 308.593200684, 309.173675537, 309.754180908, 310.334686279, 310.741027832, 311.147399902, 311.530517578, 311.913635254, 312.296783447, 312.679901123, 313.051422119, 313.422943115, 313.794464111, 314.165985107, 314.549102783, 314.932250977, 315.292144775, 315.663665771, 316.035186768, 316.429931641, 316.824676514, 317.219390869], "beats_loudness": {"dmean2": 0.0263928491622, "median": 0.0309064723551, "min": 0, "dvar2": 0.000624940148555, "dvar": 0.000214609375689, "dmean": 0.0149634703994, "max": 0.187886327505, "var": 0.000732428277843, "mean": 0.0371588915586}, "danceability": 1.21868026257, "bpm_histogram_second_peak_weight": {"dmean2": 0, "median": 0.0543071143329, "min": 0.0543071143329, "dvar2": 0, "dvar": 0, "dmean": 0, "max": 0.0543071143329, "var": 0, "mean": 0.0543071143329}, "beats_count": 535, "bpm_histogram_second_peak_bpm": {"dmean2": 0, "median": 144, "min": 144, "dvar2": 0, "dvar": 0, "dmean": 0, "max": 144, "var": 0, "mean": 144}, "bpm_histogram_first_peak_spread": {"dmean2": 0, "median": 0.266233682632, "min": 0.266233682632, "dvar2": 0, "dvar": 0, "dmean": 0, "max": 0.266233682632, "var": 0, "mean": 0.266233682632}, "beats_loudness_band_ratio": {"dmean2": [0.393134027719, 0.293024390936, 0.0951597094536, 0.0794643461704, 0.119496233761, 0.0840541422367], "median": [0.594196617603, 0.124727934599, 0.0382249578834, 0.0340981967747, 0.0991246625781, 0.0533761270344], "min": [0, 0, 0, 0, 0, 0], "dvar2": [0.075065381825, 0.0590457469225, 0.00941365025938, 0.00960897747427, 0.0152244241908, 0.00967102032155], "dvar": [0.0228277277201, 0.0178531259298, 0.00305003440008, 0.00357584888116, 0.00518392864615, 0.00325713981874], "dmean": [0.214311495423, 0.159609660506, 0.0523125492036, 0.0452426411211, 0.0670610293746, 0.0464996956289], "max": [0.968978881836, 0.84865128994, 0.555264294147, 0.669192969799, 0.663733541965, 0.546707689762], "var": [0.0408811420202, 0.0236393623054, 0.00614227261394, 0.00635342253372, 0.00615423126146, 0.00344373262487], "mean": [0.593635380268, 0.180852934718, 0.0658078491688, 0.0566479079425, 0.116805069149, 0.064700089395]}}, "lowlevel": {"barkbands_spread": {"dmean2": 12.3604469299, "median": 39.6904373169, "min": 0.727698206902, "dvar2": 138.447189331, "dvar": 53.7044944763, "dmean": 7.54997777939, "max": 93.7091140747, "var": 233.648147583, "mean": 37.6061553955}, "melbands_spread": {"dmean2": 20.8919906616, "median": 32.8792381287, "min": 0.873602330685, "dvar2": 401.069976807, "dvar": 170.715316772, "dmean": 12.9679660797, "max": 206.40133667, "var": 637.310241699, "mean": 38.7820930481}, "hfc": {"dmean2": 12.5426521301, "median": 20.402431488, "min": 1.04266394145e-16, "dvar2": 597.383361816, "dvar": 222.1171875, "dmean": 7.44518661499, "max": 238.763198853, "var": 368.934783936, "mean": 24.1103725433}, "barkbands_kurtosis": {"dmean2": 2.77235341072, "median": -0.446944713593, "min": -1.90579712391, "dvar2": 37.0977172852, "dvar": 14.5144138336, "dmean": 1.66555309296, "max": 109.23613739, "var": 19.195690155, "mean": 0.540497243404}, "gfcc": {"mean": [-2.48016381264, 74.4083480835, -126.895019531, 62.2773666382, -37.0391464233, 5.3378868103, -34.9257354736, 9.82942867279, -22.1882476807, -9.06650829315, -22.8304691315, -3.353764534, -12.4723215103], "icov": [[0.000236194115132, -0.000361462560249, 0.00052476930432, -0.000459782459075, 0.000454820372397, -0.000539178203326, 0.000655200798064, -0.00035811928683, 0.00038537135697, -0.000484585674712, 0.000966956955381, -0.0010591436876, 0.000890534953214], [-0.000361462560249, 0.00320563325658, 0.00043277698569, 0.000911892566364, -0.00188692170195, 0.00242082728073, -0.00253522652201, 0.00200507347472, -0.00174201116897, 0.00279687880538, -0.00316688907333, 0.00306833488867, -0.00150839949492], [0.00052476930432, 0.00043277698569, 0.00396542204544, -0.00171616498847, 0.000316604302498, -0.0010232089553, 0.000900931190699, -0.000678014941514, 0.000866024987772, -0.00199926295318, 0.00274962815456, -0.00352066638879, 0.00272827665322], [-0.000459782459075, 0.000911892566364, -0.00171616498847, 0.00284101208672, -0.00115005590487, 0.00034364964813, 0.000177826499566, -0.000383748789318, 0.000327047135215, 0.00202773418278, -0.00211133086123, 0.00308405258693, -0.00405613332987], [0.000454820372397, -0.00188692170195, 0.000316604302498, -0.00115005590487, 0.00586196919903, -0.000877919839695, 0.000141358308611, -0.00296901352704, 0.00133864174131, -0.000850575801451, 0.000571724958718, -0.0022820783779, 0.000941902049817], [-0.000539178203326, 0.00242082728073, -0.0010232089553, 0.00034364964813, -0.000877919839695, 0.00957280769944, -0.00520146172494, 0.00117118714843, 9.67585729086e-05, 0.00118708820082, -0.00456917099655, 0.00370807596482, -0.000668539025355], [0.000655200798064, -0.00253522652201, 0.000900931190699, 0.000177826499566, 0.000141358308611, -0.00520146172494, 0.0143508780748, -0.00257098162547, -0.0023492781911, -0.0019167776918, 0.00297597772442, -0.00181639753282, 0.00386645528488], [-0.00035811928683, 0.00200507347472, -0.000678014941514, -0.000383748789318, -0.00296901352704, 0.00117118714843, -0.00257098162547, 0.0135007835925, -0.00690018478781, 0.00315296044573, 0.000185046737897, -0.000781615963206, 0.00101963581983], [0.00038537135697, -0.00174201116897, 0.000866024987772, 0.000327047135215, 0.00133864174131, 9.67585729086e-05, -0.0023492781911, -0.00690018478781, 0.0222684331238, -0.0105699868873, 0.000210900383536, 0.00511907180771, -0.0050990357995], [-0.000484585674712, 0.00279687880538, -0.00199926295318, 0.00202773418278, -0.000850575801451, 0.00118708820082, -0.0019167776918, 0.00315296044573, -0.0105699868873, 0.0244603566825, -0.00728216907009, -0.00295409723185, 0.00562531175092], [0.000966956955381, -0.00316688907333, 0.00274962815456, -0.00211133086123, 0.000571724958718, -0.00456917099655, 0.00297597772442, 0.000185046737897, 0.000210900383536, -0.00728216907009, 0.0234615225345, -0.00812304485589, -0.00276356330141], [-0.0010591436876, 0.00306833488867, -0.00352066638879, 0.00308405258693, -0.0022820783779, 0.00370807596482, -0.00181639753282, -0.000781615963206, 0.00511907180771, -0.00295409723185, -0.00812304485589, 0.0285311881453, -0.0111826099455], [0.000890534953214, -0.00150839949492, 0.00272827665322, -0.00405613332987, 0.000941902049817, -0.000668539025355, 0.00386645528488, 0.00101963581983, -0.0050990357995, 0.00562531175092, -0.00276356330141, -0.0111826099455, 0.0293764844537]], "cov": [[13112.6669922, -359.302978516, -476.006439209, 1321.92333984, -630.411621094, 193.008255005, -546.342468262, 6.22706890106, -395.548950195, -138.87461853, -294.290466309, 144.226638794, -107.772354126], [-359.302978516, 1435.43139648, -782.225524902, -577.628112793, 223.626876831, -187.609420776, 199.050750732, -99.2457351685, 139.559951782, -72.4698410034, 117.229095459, -132.244659424, 42.0846138], [-476.006439209, -782.225524902, 856.042785645, 480.385070801, -37.9689865112, 104.466995239, -100.376594543, 79.378944397, -79.9271392822, 47.5111732483, -64.1577529907, 93.1012115479, -18.4250297546], [1321.92333984, -577.628112793, 480.385070801, 1140.05700684, 2.91349220276, 89.4132919312, -196.550827026, 81.5151824951, -128.367355347, -69.390586853, -33.6203765869, 63.1764068604, 79.9386672974], [-630.411621094, 223.626876831, -37.9689865112, 2.91349220276, 290.420196533, -19.6088314056, 56.0968704224, 41.0998764038, 32.3650894165, -12.521074295, 38.2136039734, -8.69416427612, 24.2547073364], [193.008255005, -187.609420776, 104.466995239, 89.4132919312, -19.6088314056, 172.580230713, 20.7973079681, 16.6415538788, -13.2986240387, 14.8979158401, -0.907674968243, 6.36627674103, -14.4224052429], [-546.342468262, 199.050750732, -100.376594543, -196.550827026, 56.0968704224, 20.7973079681, 156.347793579, 11.3112354279, 59.9280319214, 17.702955246, 18.6017589569, -30.7877216339, -16.2873306274], [6.22706890106, -99.2457351685, 79.378944397, 81.5151824951, 41.0998764038, 16.6415538788, 11.3112354279, 116.115608215, 22.6689472198, 5.9175286293, -11.1986026764, 9.25658416748, -2.58808732033], [-395.548950195, 139.559951782, -79.9271392822, -128.367355347, 32.3650894165, -13.2986240387, 59.9280319214, 22.6689472198, 99.3020248413, 29.709148407, 22.1912250519, -24.0466785431, 3.32223796844], [-138.87461853, -72.4698410034, 47.5111732483, -69.390586853, -12.521074295, 14.8979158401, 17.702955246, 5.9175286293, 29.709148407, 77.5604629517, 10.9869413376, 12.6820135117, -19.1337547302], [-294.290466309, 117.229095459, -64.1577529907, -33.6203765869, 38.2136039734, -0.907674968243, 18.6017589569, -11.1986026764, 22.1912250519, 10.9869413376, 79.7176589966, 5.63029193878, 24.3421230316], [144.226638794, -132.244659424, 93.1012115479, 63.1764068604, -8.69416427612, 6.36627674103, -30.7877216339, 9.25658416748, -24.0466785431, 12.6820135117, 5.63029193878, 68.3933868408, 13.0307159424], [-107.772354126, 42.0846138, -18.4250297546, 79.9386672974, 24.2547073364, -14.4224052429, -16.2873306274, -2.58808732033, 3.32223796844, -19.1337547302, 24.3421230316, 13.0307159424, 64.8359909058]]}, "spectral_energyband_middle_low": {"dmean2": 0.00887942686677, "median": 0.00501255085692, "min": 1.51580291892e-22, "dvar2": 0.000263929629, "dvar": 9.92188288365e-05, "dmean": 0.0051831160672, "max": 0.164410531521, "var": 0.000132838657009, "mean": 0.00821573380381}, "melbands_crest": {"dmean2": 6.62087345123, "median": 15.077293396, "min": 1.60996890068, "dvar2": 29.3758907318, "dvar": 10.422044754, "dmean": 3.92518305779, "max": 32.3636779785, "var": 25.0930423737, "mean": 15.355509758}, "spectral_kurtosis": {"dmean2": 3.10083174706, "median": 3.73016262054, "min": -1.26036846638, "dvar2": 19.1700592041, "dvar": 6.45583963394, "dmean": 1.7858145237, "max": 42.7854385376, "var": 18.8569583893, "mean": 4.97747659683}, "spectral_rms": {"dmean2": 0.0014459103113, "median": 0.00436436478049, "min": 3.09015465126e-12, "dvar2": 2.79106484413e-06, "dvar": 1.13383464395e-06, "dmean": 0.000895600882359, "max": 0.0147322965786, "var": 2.92434128824e-06, "mean": 0.00454570306465}, "zerocrossingrate": {"dmean2": 0.0129508432001, "median": 0.07470703125, "min": 0.0078125, "dvar2": 0.000205410964554, "dvar": 0.000140847347211, "dmean": 0.0106188515201, "max": 0.5302734375, "var": 0.00212761503644, "mean": 0.0814319401979}, "silence_rate_60dB": {"dmean2": 0.0227787103504, "median": 0, "min": 0, "dvar2": 0.0254720952362, "dvar": 0.0112545378506, "dmean": 0.0113885235041, "max": 1, "var": 0.0422161854804, "mean": 0.0441638082266}, "erbbands_kurtosis": {"dmean2": 2.05810189247, "median": 1.10854148865, "min": -1.7926440239, "dvar2": 5.20053625107, "dvar": 2.08120656013, "dmean": 1.26302862167, "max": 29.1086807251, "var": 5.98097133636, "mean": 1.69575381279}, "erbbands": {"dmean2": [0.128785744309, 1.11502015591, 5.08798122406, 9.00067996979, 16.1950569153, 14.8407888412, 6.32671737671, 7.07467842102, 5.95019197464, 8.7256565094, 14.1563901901, 29.6841239929, 25.001625061, 14.7334604263, 21.1695098877, 18.9092292786, 24.7764453888, 28.5561294556, 22.4877624512, 26.0805015564, 35.7254638672, 34.3579292297, 30.1073875427, 32.6704940796, 21.2798614502, 19.5109043121, 16.6165981293, 13.7483444214, 13.3973350525, 9.36839294434, 4.55186891556, 2.2675037384, 1.08510684967, 0.380452573299, 0.146590799093, 0.0639662370086, 0.0163276679814, 0.00316609931178, 0.000284145207843, 2.76142673101e-05], "median": [0.0218949764967, 0.530860483646, 3.11765503883, 4.84711074829, 5.22914218903, 4.10962486267, 3.01631546021, 2.1527223587, 1.96301329136, 1.73380637169, 1.96554124355, 3.06103992462, 4.02027177811, 3.4245364666, 2.82826519012, 2.86220240593, 3.4469666481, 5.12303256989, 9.66887187958, 22.8318443298, 38.6729507446, 43.732257843, 43.1764945984, 44.4910964966, 26.1738872528, 22.0774841309, 9.86888313293, 6.44158601761, 5.898686409, 4.47811365128, 2.50077795982, 1.25733304024, 0.66895622015, 0.335942834616, 0.137471273541, 0.045887902379, 0.0102260904387, 0.0016164284898, 0.000150697043864, 3.86186002288e-05], "min": [1.49566513017e-22, 6.24430283753e-22, 2.47997734347e-21, 5.44917022305e-21, 9.70842013232e-21, 2.17135330848e-20, 3.75852840392e-20, 6.91980397124e-20, 8.37363205894e-20, 2.1429488956e-19, 2.66310307073e-19, 4.3585061544e-19, 6.77370190307e-19, 6.08182063838e-19, 1.06195297856e-18, 1.34874952503e-18, 2.00031855616e-18, 1.85889486645e-18, 2.7439131882e-18, 3.63389459363e-18, 4.47266607452e-18, 3.77277118744e-18, 5.07505042944e-18, 6.97347832532e-18, 6.52347139257e-18, 8.60986822444e-18, 7.64935685049e-18, 8.95908237236e-18, 1.11190023258e-17, 1.27227020471e-17, 1.11814006953e-17, 1.14855318455e-17, 9.95632056551e-18, 8.32228316805e-18, 5.78148087054e-18, 4.43816850707e-18, 2.04681148326e-18, 9.2058894925e-19, 2.60511434937e-19, 2.72912668852e-20], "dvar2": [0.0616437122226, 2.70602703094, 44.169960022, 178.319473267, 1241.29394531, 1291.17053223, 115.230201721, 459.821929932, 227.914321899, 1637.72473145, 7019.90527344, 23649.6835938, 12885.2988281, 6414.33984375, 11404.2431641, 8129.22460938, 11647.7675781, 23757.4707031, 10371.9941406, 3248.75732422, 7622.69873047, 2045.79919434, 1444.1282959, 1481.25036621, 1014.07824707, 993.658874512, 1105.6373291, 962.198730469, 1010.89648438, 612.484069824, 128.098052979, 41.0390853882, 12.7380847931, 0.802395522594, 0.0949993282557, 0.0178735237569, 0.00114687811583, 4.43728677055e-05, 4.52132667306e-07, 2.20959228692e-09], "dvar": [0.0273328926414, 1.0561016798, 15.7298707962, 66.3249206543, 446.267364502, 451.136383057, 45.3419418335, 190.936279297, 92.1014709473, 586.194274902, 2598.19067383, 8753, 4558.27001953, 2226.33862305, 4123.41113281, 3024.64672852, 4384.58886719, 9171.05371094, 4818.85400391, 1368.99902344, 2802.26977539, 790.295837402, 554.274719238, 569.77520752, 361.594696045, 350.148803711, 387.885772705, 336.307739258, 351.56137085, 209.985687256, 45.2099227905, 15.9335794449, 5.15817546844, 0.349398702383, 0.041913613677, 0.00766028324142, 0.000494910869747, 1.91888975678e-05, 2.06615808906e-07, 1.03029607068e-09], "dmean": [0.0843959152699, 0.68718367815, 2.97519874573, 5.19387388229, 9.2480764389, 8.37325572968, 3.75326514244, 4.27095317841, 3.56608510017, 5.18376159668, 8.42122840881, 17.7924251556, 14.9521312714, 8.651720047, 12.3611421585, 11.2837734222, 14.6676959991, 17.5076999664, 14.1050491333, 15.9210510254, 21.9742488861, 20.6044311523, 17.9873371124, 19.3466510773, 12.3297710419, 11.1957483292, 9.43960762024, 7.73554229736, 7.5520734787, 5.27343082428, 2.62902259827, 1.35454308987, 0.663716256618, 0.243141159415, 0.0966884195805, 0.041929602623, 0.0105242906138, 0.00205114367418, 0.000184517688467, 1.74635242729e-05], "max": [1.74805724621, 12.8388118744, 65.8076324463, 160.105773926, 209.675613403, 342.194458008, 123.051216125, 499.419891357, 466.526641846, 1218.74389648, 2414.45019531, 4669.79492188, 2216.60375977, 3186.9753418, 1738.26782227, 2620.42211914, 3178.80273438, 5743.09228516, 3994.70678711, 1465.67346191, 2755.65283203, 638.668884277, 521.310668945, 709.360900879, 327.1612854, 225.674499512, 245.603652954, 249.074707031, 265.209747314, 192.607727051, 157.450454712, 127.5912323, 80.617401123, 34.9604301453, 7.55557394028, 2.22408914566, 0.448024630547, 0.0856449231505, 0.0163840260357, 0.00233783642761], "var": [0.0301531050354, 1.54888796806, 24.938955307, 77.4444122314, 358.890716553, 333.293518066, 59.9654808044, 269.998565674, 137.877914429, 828.852050781, 3933.09643555, 13714.3652344, 8403.88085938, 2423.8269043, 4851.32714844, 4983.16845703, 11074.0761719, 20934.828125, 13140.1669922, 4289.32763672, 5407.99951172, 1624.81384277, 1148.54138184, 1279.92297363, 452.170196533, 409.343078613, 380.88470459, 264.933532715, 282.341186523, 163.13999939, 46.1239852905, 21.4970340729, 7.9947514534, 0.965743541718, 0.120018832386, 0.0203478336334, 0.00135711755138, 5.23004455317e-05, 4.99381883401e-07, 2.31453367583e-09], "mean": [0.0875955820084, 0.993320226669, 4.57852172852, 7.33741188049, 10.262547493, 9.1130399704, 5.37444734573, 5.64640760422, 4.97504663467, 6.63881635666, 12.142077446, 26.6751384735, 22.7493572235, 12.524269104, 16.648645401, 17.0005950928, 24.5881404877, 31.5484218597, 27.078119278, 34.2489547729, 50.4904556274, 50.2040481567, 47.0517463684, 47.2760162354, 28.3169078827, 24.7219543457, 15.5734090805, 10.7880878448, 10.4397096634, 7.75247383118, 4.35483598709, 2.4431385994, 1.30650258064, 0.599739611149, 0.246725484729, 0.106782913208, 0.0274437386543, 0.00515687186271, 0.000444478762802, 4.90155653097e-05]}, "spectral_strongpeak": {"dmean2": 0.643463015556, "median": 0.327836483717, "min": 0, "dvar2": 1.92516827583, "dvar": 0.742533683777, "dmean": 0.375117629766, "max": 17.2658824921, "var": 1.29977464676, "mean": 0.611531734467}, "spectral_energy": {"dmean2": 0.0161710772663, "median": 0.0195238701999, "min": 9.7877818113e-21, "dvar2": 0.000529837387148, "dvar": 0.000209452511626, "dmean": 0.00980137474835, "max": 0.222466558218, "var": 0.000377535441658, "mean": 0.0241774842143}, "average_loudness": 0.747459888458, "spectral_rolloff": {"dmean2": 1145.59985352, "median": 2562.45117188, "min": 86.1328125, "dvar2": 1718847, "dvar": 714352.1875, "dmean": 682.017578125, "max": 19810.546875, "var": 3264413.75, "mean": 2568.68701172}, "spectral_centroid": {"dmean2": 461.671417236, "median": 2236.42236328, "min": 188.304824829, "dvar2": 218017.953125, "dvar": 90352.84375, "dmean": 280.846862793, "max": 11765.9736328, "var": 862689.75, "mean": 2211.08764648}, "pitch_salience": {"dmean2": 0.137618884444, "median": 0.596017360687, "min": 0.107095919549, "dvar2": 0.0135175827891, "dvar": 0.00486210081726, "dmean": 0.0819079056382, "max": 0.854336678982, "var": 0.0117803057656, "mean": 0.583171069622}, "spectral_energyband_middle_high": {"dmean2": 0.00297958706506, "median": 0.00453072600067, "min": 1.22437573865e-21, "dvar2": 6.86696585035e-05, "dvar": 2.77551644103e-05, "dmean": 0.00184798450209, "max": 0.152574121952, "var": 8.55063626659e-05, "mean": 0.00637604575604}, "spectral_contrast_coeffs": {"dmean2": [0.0981801748276, 0.0787545070052, 0.0594931691885, 0.0517811365426, 0.0337180830538, 0.0349412001669], "median": [-0.63947480917, -0.78291028738, -0.817192852497, -0.778969764709, -0.786138236523, -0.7362844944], "min": [-0.975680291653, -0.978581666946, -0.98505872488, -0.984342336655, -0.979784488678, -0.976176679134], "dvar2": [0.0064004776068, 0.00393628468737, 0.00232563633472, 0.0016585313715, 0.000735133944545, 0.00148008984979], "dvar": [0.00237057963386, 0.00142030965071, 0.000841770903207, 0.000610341958236, 0.000273494690191, 0.000581153668463], "dmean": [0.0586297214031, 0.0468358397484, 0.0357706211507, 0.0309822969139, 0.0200932938606, 0.0211576335132], "max": [-0.292430073023, -0.380517393351, -0.481895893812, -0.500022470951, -0.618517160416, -0.577187240124], "var": [0.0064869071357, 0.00382132735103, 0.00300081283785, 0.00206303177401, 0.00119533552788, 0.0016824620543], "mean": [-0.638616085052, -0.776746511459, -0.807679891586, -0.779477000237, -0.784258246422, -0.736412525177]}, "melbands_skewness": {"dmean2": 1.33762192726, "median": 2.54863405228, "min": -2.4596157074, "dvar2": 1.63689768314, "dvar": 0.661333441734, "dmean": 0.841566026211, "max": 15.0015592575, "var": 2.55844402313, "mean": 2.6093070507}, "spectral_spread": {"dmean2": 522267.125, "median": 3731986.75, "min": 1286393.5, "dvar2": 471188865024, "dvar": 274113855488, "dmean": 337636.09375, "max": 42353044, "var": 9867392712700.0, "mean": 3867365.25}, "dissonance": {"dmean2": 0.0122125232592, "median": 0.492020487785, "min": 0.325707316399, "dvar2": 0.00031199894147, "dvar": 0.00010783214384, "dmean": 0.00707128923386, "max": 0.500000119209, "var": 0.000120931021229, "mean": 0.489122331142}, "spectral_skewness": {"dmean2": 0.355335950851, "median": 1.12745511532, "min": -0.108144871891, "dvar2": 0.158082738519, "dvar": 0.0561131425202, "dmean": 0.208760812879, "max": 4.57605409622, "var": 0.274162560701, "mean": 1.20374393463}, "spectral_flux": {"dmean2": 0.0384294837713, "median": 0.0796149596572, "min": 6.33669505756e-11, "dvar2": 0.0019113443559, "dvar": 0.00087509304285, "dmean": 0.0240063033998, "max": 0.427799791098, "var": 0.00193166616373, "mean": 0.0885164812207}, "spectral_contrast_valleys": {"dmean2": [0.727972626686, 0.626882255077, 0.514855384827, 0.44617959857, 0.361137539148, 0.388616770506], "median": [-7.02939176559, -7.16524648666, -7.47103118896, -7.41656780243, -6.51285886765, -9.73199462891], "min": [-28.2006282806, -27.9047393799, -27.7124977112, -27.5862140656, -27.488489151, -27.4036216736], "dvar2": [0.338896512985, 0.290563255548, 0.210840970278, 0.180282354355, 0.181705594063, 0.306361973286], "dvar": [0.143036067486, 0.127511873841, 0.100186683238, 0.0855588540435, 0.0881302952766, 0.12624643743], "dmean": [0.447044789791, 0.379462629557, 0.317325025797, 0.276790469885, 0.222390204668, 0.252117484808], "max": [-5.30727338791, -4.19797325134, -4.52874422073, -4.9834651947, -5.28557014465, -7.86098814011], "var": [3.27890491486, 3.11467957497, 3.07691645622, 2.983076334, 3.33479213715, 3.06825685501], "mean": [-7.27523183823, -7.28816652298, -7.53076457977, -7.50699663162, -6.86824703217, -10.1862840652]}, "erbbands_flatness_db": {"dmean2": 0.0200948212296, "median": 0.144796356559, "min": 0.0733103975654, "dvar2": 0.000383116537705, "dvar": 0.000172626954736, "dmean": 0.0131627507508, "max": 0.381247013807, "var": 0.00268602883443, "mean": 0.161546453834}, "spectral_energyband_high": {"dmean2": 0.00106465746649, "median": 0.000802736030892, "min": 6.86987877451e-21, "dvar2": 6.0843162828e-06, "dvar": 2.1121336431e-06, "dmean": 0.000611420662608, "max": 0.0173354819417, "var": 2.0211446099e-06, "mean": 0.00116782961413}, "spectral_entropy": {"dmean2": 0.171366259456, "median": 7.84950828552, "min": 5.56661224365, "dvar2": 0.0336984209716, "dvar": 0.0134964296594, "dmean": 0.105880632997, "max": 9.82480716705, "var": 0.111187398434, "mean": 7.7803606987}, "silence_rate_20dB": {"dmean2": 0, "median": 1, "min": 1, "dvar2": 0, "dvar": 0, "dmean": 0, "max": 1, "var": 0, "mean": 1}, "melbands_flatness_db": {"dmean2": 0.0477505549788, "median": 0.173933178186, "min": 0.0018615515437, "dvar2": 0.00179376662709, "dvar": 0.000708266044967, "dmean": 0.0297427456826, "max": 0.452642053366, "var": 0.00284047867171, "mean": 0.175770357251}, "barkbands": {"dmean2": [0.000130669868668, 0.00464371265844, 0.00521301664412, 0.00337255839258, 0.00480132596567, 0.000744731514715, 0.000478135829326, 0.000540517503396, 0.00131982262246, 0.000530519522727, 0.000470518541988, 0.000535592727829, 0.00061409448972, 0.000508111028466, 0.000484857388074, 0.000690148794092, 0.000614044605754, 0.000606337038334, 0.000497039116453, 0.000459112721728, 0.000351556896931, 0.000353633397026, 0.000180755698238, 8.04184091976e-05, 2.53934376815e-05, 1.04439113784e-05, 1.8035462972e-06], "median": [5.02255034007e-06, 0.00177951727528, 0.00300658401102, 0.00136154110078, 0.00152092892677, 0.000271113298368, 0.000117654140922, 7.94851730461e-05, 0.000141546624945, 0.000108318308776, 6.85620034346e-05, 6.79026343278e-05, 7.37424197723e-05, 0.000109913540655, 0.000255883904174, 0.000670540670399, 0.000731652020477, 0.000833772937767, 0.0005928381579, 0.000516062136739, 0.000167825535755, 0.000158180351718, 0.000100198783912, 4.77772628074e-05, 2.4937586204e-05, 6.90593742547e-06, 7.84998633208e-07], "min": [1.85565821495e-25, 4.4537224997e-24, 5.66895291274e-26, 1.77029833741e-24, 7.70251597581e-24, 8.52100570777e-24, 4.74107770621e-24, 1.29116264348e-23, 1.62267362918e-23, 1.73177908771e-23, 9.81769739845e-24, 3.04867603053e-23, 3.68250304868e-23, 2.86717396682e-23, 5.72124463846e-23, 5.54959797182e-23, 6.52391124061e-23, 1.03158046844e-22, 1.00275246174e-22, 1.99807801893e-22, 2.39403709465e-22, 3.12925823511e-22, 4.18837304147e-22, 5.38562332457e-