{"tonal": {"thpcp": [1, 0.631380319595, 0.221021324396, 0.246730163693, 0.39616599679, 0.465199530125, 0.369154036045, 0.23050069809, 0.181250616908, 0.193568304181, 0.197641417384, 0.232994556427, 0.29298055172, 0.306468009949, 0.36023709178, 0.52182585001, 0.749524772167, 0.667773604393, 0.333960920572, 0.204657390714, 0.255352526903, 0.434412360191, 0.617301702499, 0.704042732716, 0.664644181728, 0.62219953537, 0.641897320747, 0.548493266106, 0.369364053011, 0.244969055057, 0.279704004526, 0.434109300375, 0.459497272968, 0.4004791677, 0.425006151199, 0.724894404411], "hpcp": {"dmean2": [0.289800912142, 0.226282939315, 0.17156663537, 0.176480934024, 0.209896594286, 0.210717007518, 0.209445729852, 0.234959632158, 0.294250011444, 0.31190943718, 0.254884332418, 0.149242058396, 0.170340165496, 0.214257851243, 0.198058649898, 0.200143501163, 0.148603215814, 0.123307913542, 0.125526547432, 0.123361214995, 0.138339653611, 0.168866962194, 0.176263749599, 0.213658750057, 0.302639454603, 0.316769391298, 0.279014796019, 0.202026456594, 0.166963323951, 0.20559720695, 0.288948178291, 0.338209748268, 0.366237878799, 0.389131069183, 0.346357375383, 0.307174891233], "median": [0.0676452443004, 0.0423271656036, 0.0222832262516, 0.0209597479552, 0.0248064491898, 0.0266670081764, 0.036093339324, 0.0423972383142, 0.131082355976, 0.164154276252, 0.100679315627, 0.0253987107426, 0.0251018684357, 0.0364840365946, 0.0360936298966, 0.0333181060851, 0.0262055862695, 0.0183953717351, 0.017225176096, 0.0213942434639, 0.0270350221545, 0.0382148548961, 0.0384691730142, 0.0427568145096, 0.0690998211503, 0.123430006206, 0.0925695896149, 0.0392249450088, 0.0120103070512, 0.0141973532736, 0.0323864333332, 0.0655536875129, 0.0750071182847, 0.0715671479702, 0.0630863383412, 0.0612474679947], "min": [0, 0, 0, 0, 0, 0, 0, 0, 0, 0, 0, 0, 0, 0, 0, 0, 0, 0, 0, 0, 0, 0, 0, 0, 0, 0, 0, 0, 0, 0, 0, 0, 0, 0, 0, 0], "dvar2": [0.133539423347, 0.108685001731, 0.0935955867171, 0.0917995423079, 0.113137252629, 0.105114467442, 0.0883512571454, 0.105864495039, 0.107741892338, 0.128735348582, 0.0967109650373, 0.0661144778132, 0.0789999589324, 0.108773484826, 0.0906612351537, 0.0989213362336, 0.0752075389028, 0.0627510920167, 0.0668717697263, 0.0588158145547, 0.0625947117805, 0.0778816342354, 0.0853669121861, 0.0911705419421, 0.155369475484, 0.126891344786, 0.117036677897, 0.0997154787183, 0.104249119759, 0.119000352919, 0.160425126553, 0.175781190395, 0.185089722276, 0.200429871678, 0.174819931388, 0.149389371276], "dvar": [0.0497825890779, 0.0396089926362, 0.0325826965272, 0.0333107076585, 0.0425624400377, 0.0415762141347, 0.0336598195136, 0.0389763601124, 0.039826605469, 0.0527733452618, 0.0359564088285, 0.0232373792678, 0.0283649340272, 0.0399890653789, 0.0362535975873, 0.0355674102902, 0.0261372923851, 0.0220708865672, 0.0238866992295, 0.0211633518338, 0.0226571317762, 0.0280854608864, 0.0310368780047, 0.0337912850082, 0.055725954473, 0.0478467382491, 0.0457387007773, 0.0360352955759, 0.0368729196489, 0.0417662747204, 0.0597508661449, 0.0648797228932, 0.0684550255537, 0.0726119503379, 0.062794521451, 0.0563448444009], "dmean": [0.164926454425, 0.126637592912, 0.0945667698979, 0.0988004803658, 0.11967792362, 0.121155634522, 0.120308935642, 0.132183045149, 0.171358510852, 0.182790786028, 0.149702370167, 0.0828082486987, 0.0944626703858, 0.122004263103, 0.116404056549, 0.114307321608, 0.0824448168278, 0.0678254663944, 0.0693513974547, 0.0688118338585, 0.0784756988287, 0.094724856317, 0.0989161878824, 0.119800724089, 0.169434577227, 0.183529496193, 0.16287098825, 0.113759078085, 0.0903879329562, 0.111364297569, 0.159820571542, 0.191141277552, 0.20599861443, 0.217590689659, 0.192860707641, 0.17632907629], "max": [1, 1, 1, 1, 1, 1, 1, 1, 1, 1, 1, 1, 1, 1, 1, 1, 1, 1, 1, 1, 1, 1, 1, 1, 1, 1, 1, 1, 1, 1, 1, 1, 1, 1, 1, 1], "var": [0.061652444303, 0.0382337011397, 0.0256427265704, 0.0316669866443, 0.0642169192433, 0.0694218203425, 0.044554233551, 0.0508366040885, 0.0654912665486, 0.12330467999, 0.0576608926058, 0.0185427777469, 0.023815408349, 0.0483514852822, 0.0660459548235, 0.0440601818264, 0.0217973869294, 0.0166284721345, 0.0200688540936, 0.017513372004, 0.0207743030041, 0.026944892481, 0.0304199513048, 0.0349856168032, 0.0591255649924, 0.0782425031066, 0.0781182125211, 0.0315034538507, 0.0259623229504, 0.0317908637226, 0.0587423145771, 0.0792015492916, 0.0928914621472, 0.0858440771699, 0.0800379291177, 0.0879281312227], "mean": [0.178766831756, 0.120384410024, 0.0798411667347, 0.0911621004343, 0.141486406326, 0.149760946631, 0.130525559187, 0.138519480824, 0.236260101199, 0.325923472643, 0.205781668425, 0.0720360353589, 0.0804151520133, 0.129119798541, 0.151619449258, 0.12031596899, 0.0751255899668, 0.0590738318861, 0.0630884543061, 0.0644159764051, 0.0759383961558, 0.0954892411828, 0.0998851135373, 0.117409721017, 0.170075297356, 0.244287714362, 0.217643097043, 0.108845703304, 0.0667026489973, 0.0832253843546, 0.141585186124, 0.201193124056, 0.229464054108, 0.216623142362, 0.202789440751, 0.209209412336]}, "tuning_equal_tempered_deviation": 0.205150440335, "chords_changes_rate": 0.0756553113461, "key_key": "F", "tuning_diatonic_strength": 0.58654743433, "key_scale": "minor", "chords_number_rate": 0.00188353471458, "tuning_frequency": 434.193115234, "tuning_nontempered_energy_ratio": 0.811409890652, "chords_histogram": [40.7628326416, 0.737717807293, 1.06733632088, 0.266834080219, 0.722021639347, 5.30528974533, 1.08303248882, 26.4322719574, 4.33212995529, 3.42175483704, 2.7782137394, 0.188353478909, 0.235441848636, 0.251137971878, 0.392403066158, 0.800502300262, 2.9979596138, 3.39036250114, 0.0470883697271, 0, 0, 0.470883697271, 2.27593779564, 2.04049611092], "key_strength": 0.60197532177, "chords_key": "F", "chords_strength": {"dmean2": 0.0130289336666, "median": 0.52423542738, "min": -1, "dvar2": 0.000702903082129, "dvar": 0.000384781247703, "dmean": 0.0111417593434, "max": 0.79777777195, "var": 0.0273115839809, "mean": 0.513382315636}, "chords_scale": "minor", "hpcp_entropy": {"dmean2": 1.14226973057, "median": 2.21162796021, "min": 0, "dvar2": 0.846740186214, "dvar": 0.303750127554, "dmean": 0.67475694418, "max": 4.54191112518, "var": 0.628182113171, "mean": 2.12724375725}}, "metadata": {"audio_properties": {"equal_loudness": 0, "codec": "mp3", "downmix": "mix", "analysis_sample_rate": 44100, "bit_rate": 194893, "md5_encoded": "1eb1cefef3485dee75c1a5b100462aa3", "length": 295.785552979, "replay_gain": -9.58675384521, "lossless": false}, "version": {"essentia_build_sha": "50a0fbec89d6a9cedea3d45b6611406f7e8c7b1a", "essentia": "2.1-beta1", "extractor": "music 1.0", "essentia_git_sha": "v2.1_beta1-7-ge0e83e8-dirty"}, "tags": {"title": ["Love Letter"], "barcode": ["4988007209137"], "albumartist": ["Gackt"], "bitrate": ["vbr"], "musicbrainz_recordingid": ["1d18e9f7-84aa-4b38-a2af-feee68de09cc"], "musicbrainz_albumartistid": ["e7a8e086-16df-44a7-91e4-640986bcff72"], "discnumber": ["1/1"], "album": ["Love Letter"], "catalognumber": ["CRCP-40090"], "musicbrainz album release country": ["JP"], "musicbrainz album type": ["album"], "musicbrainz album status": ["official"], "originaldate": ["2005-02-14"], "date": ["2005-02-14"], "file_name": "10. Love Letter.mp3", "asin": ["B0006OR19I"], "musicbrainz_albumid": ["eb5fcc59-6600-4e98-a624-bd646ba772af"], "artist": ["Gackt"], "artistsort": ["Gackt"], "tracknumber": ["10/10"], "label": ["CROWN"], "albumartistsort": ["Gackt"], "musicbrainz_artistid": ["e7a8e086-16df-44a7-91e4-640986bcff72"]}}, "rhythm": {"bpm_histogram_first_peak_bpm": {"dmean2": 0, "median": 126, "min": 126, "dvar2": 0, "dvar": 0, "dmean": 0, "max": 126, "var": 0, "mean": 126}, "bpm": 125.891075134, "bpm_histogram_second_peak_spread": {"dmean2": 0, "median": 0.600000023842, "min": 0.600000023842, "dvar2": 0, "dvar": 0, "dmean": 0, "max": 0.600000023842, "var": 0, "mean": 0.600000023842}, "bpm_histogram_first_peak_weight": {"dmean2": 0, "median": 0.543229997158, "min": 0.543229997158, "dvar2": 0, "dvar": 0, "dmean": 0, "max": 0.543229997158, "var": 0, "mean": 0.543229997158}, "onset_rate": 1.76471185684, "beats_position": [0.476009070873, 0.917188167572, 1.35836732388, 1.79954648018, 2.24072551727, 2.67029476166, 3.09986400604, 3.52943301201, 3.95900225639, 4.38857126236, 4.80653047562, 5.22448968887, 5.64244890213, 6.08362817764, 6.52480697632, 6.96598625183, 7.40716552734, 7.83673477173, 8.26630401611, 8.6958732605, 9.12544155121, 9.55501079559, 9.98458003998, 10.4141492844, 10.8437185287, 11.261677742, 11.6912469864, 12.1092061996, 12.5271654129, 12.933514595, 13.3514738083, 13.7694330215, 14.1873922348, 14.5937414169, 15.0000905991, 15.4064397812, 15.8127889633, 16.2191371918, 16.7067565918, 17.1827659607, 17.6703853607, 18.1463947296, 18.6224040985, 19.0984115601, 19.574420929, 20.0504302979, 20.5264396667, 21.0140590668, 21.4900684357, 21.9660758972, 22.4420852661, 22.918094635, 23.405714035, 23.8817234039, 24.3461227417, 24.8105201721, 25.286529541, 25.7625389099, 26.2385482788, 26.7029476166, 27.1905670166, 27.6665763855, 28.142583847, 28.6185932159, 29.0946025848, 29.5822219849, 30.0582313538, 30.5342407227, 31.0218582153, 31.567527771, 32.1248054504, 32.6820869446, 33.2741928101, 33.8546943665, 34.4468002319, 35.0389099121, 35.6194114685, 36.1882972717, 36.7571868896, 37.2912483215, 37.8369140625, 38.3825836182, 38.8702049255, 39.3578224182, 39.8570518494, 40.3911094666, 40.9251708984, 41.4476165771, 41.9352378845, 42.4228553772, 42.9104766846, 43.3864860535, 43.8624954224, 44.3385009766, 44.8145103455, 45.3021316528, 45.7781410217, 46.2541503906, 46.7301597595, 47.1945571899, 47.6705665588, 48.1465759277, 48.6225852966, 49.0869827271, 49.5629920959, 50.0390014648, 50.5150108337, 50.9910202026, 51.4670295715, 51.9430389404, 52.4190483093, 52.8950538635, 53.3710632324, 53.8702926636, 54.3695220947, 54.8687515259, 55.3563690186, 55.8555984497, 56.3548278809, 56.7960090637, 57.2371864319, 57.6783676147, 58.1311569214, 58.583946228, 59.0251235962, 59.5243530273, 60.01197052, 60.5111999512, 60.9872093201, 61.4748306274, 61.9624481201, 62.438457489, 62.9144668579, 63.3904762268, 63.8664855957, 64.3308868408, 64.806892395, 65.2828979492, 65.7705230713, 66.2465286255, 66.7341461182, 67.1985473633, 67.6629486084, 68.1389541626, 68.6265716553, 69.1025848389, 69.5902023315, 70.0778198242, 70.5538330078, 71.029838562, 71.5058517456, 71.9702453613, 72.4462585449, 72.91065979, 73.3866653442, 73.8626708984, 74.338684082, 74.8146896362, 75.2907028198, 75.766708374, 76.2427215576, 76.7303390503, 77.2063446045, 77.6707458496, 78.1351470947, 78.6111526489, 79.0871658325, 79.5631713867, 80.0391845703, 80.526802063, 81.0028076172, 81.4788208008, 81.954826355, 82.4308395386, 82.9068450928, 83.3828582764, 83.8588638306, 84.3348770142, 84.8108825684, 85.2868881226, 85.7629013062, 86.2389068604, 86.7149200439, 87.1909255981, 87.6669387817, 88.1429443359, 88.6305618286, 89.0949630737, 89.5709762573, 90.035369873, 90.5113830566, 90.9873886108, 91.4634017944, 91.9277954102, 92.4154205322, 92.8914260864, 93.3790435791, 93.8550567627, 94.3310623169, 94.8070755005, 95.2946929932, 95.7823104858, 96.2583236694, 96.7227172852, 97.1987304688, 97.6747360229, 98.1507492065, 98.6267547607, 99.1027679443, 99.5787734985, 100.043174744, 100.519180298, 100.995193481, 101.471199036, 101.947212219, 102.423217773, 102.899223328, 103.375236511, 103.851242065, 104.327255249, 104.803260803, 105.279273987, 105.766891479, 106.242897034, 106.730522156, 107.20652771, 107.682540894, 108.158546448, 108.634559631, 109.110565186, 109.58657074, 110.062583923, 110.538589478, 111.014602661, 111.502220154, 111.978225708, 112.477455139, 112.97668457, 113.475914001, 113.963539124, 114.474372864, 114.985214233, 115.496055603, 115.995285034, 116.506118774, 117.016960144, 117.504577637, 117.992195129, 118.479812622, 118.979042053, 119.466667175, 119.954284668, 120.441902161, 120.929519653, 121.405532837, 121.89315033, 122.392379761, 122.879997253, 123.367614746, 123.855232239, 124.331245422, 124.818862915, 125.294876099, 125.770881653, 126.258499146, 126.722900391, 127.198905945, 127.674919128, 128.150924683, 128.615325928, 129.079727173, 129.567337036, 130.054962158, 130.530975342, 131.006988525, 131.48298645, 131.958999634, 132.435012817, 132.899414062, 133.375411987, 133.851425171, 134.339050293, 134.815048218, 135.291061401, 135.755462646, 136.23147583, 136.707473755, 137.183486938, 137.671112061, 138.147125244, 138.623123169, 139.099136353, 139.575149536, 140.051147461, 140.527160645, 141.014785767, 141.490783691, 141.955184937, 142.43119812, 142.907211304, 143.371612549, 143.836013794, 144.312011719, 144.788024902, 145.275650024, 145.751647949, 146.239273071, 146.726898193, 147.19128418, 147.667297363, 148.143310547, 148.61932373, 149.095321655, 149.571334839, 150.047348022, 150.523345947, 150.999359131, 151.475372314, 151.951385498, 152.427383423, 152.903396606, 153.37940979, 153.855422974, 154.331420898, 154.807434082, 155.295059204, 155.782669067, 156.247070312, 156.711471558, 157.187484741, 157.663482666, 158.151107788, 158.615509033, 159.091522217, 159.567520142, 160.043533325, 160.519546509, 160.995559692, 161.471557617, 161.959182739, 162.435195923, 162.911193848, 163.387207031, 163.874832153, 164.350830078, 164.8384552, 165.314468384, 165.790466309, 166.254867554, 166.730880737, 167.206893921, 167.682891846, 168.158905029, 168.634918213, 169.110931396, 169.586929321, 170.062942505, 170.52734375, 170.991744995, 171.467758179, 171.943756104, 172.431381226, 172.907394409, 173.383392334, 173.859405518, 174.335418701, 174.811431885, 175.28742981, 175.763442993, 176.239456177, 176.703857422, 177.179855347, 177.65586853, 178.120269775, 178.584671021, 179.049072266, 179.548294067, 180.047531128, 180.535140991, 181.011154175, 181.487167358, 181.963165283, 182.439178467, 182.91519165, 183.391204834, 183.867202759, 184.343215942, 184.819229126, 185.29524231, 185.759628296, 186.235641479, 186.711654663, 187.199264526, 187.67527771, 188.139678955, 188.615692139, 189.091690063, 189.567703247, 190.043716431, 190.519729614, 191.007339478, 191.471740723, 191.936141968, 192.42376709, 192.911376953, 193.375778198, 193.851791382, 194.327789307, 194.815414429, 195.303039551, 195.767440796, 196.243438721, 196.719451904, 197.195465088, 197.671463013, 198.147476196, 198.62348938, 199.099502563, 199.575500488, 200.051513672, 200.527526855, 201.003540039, 201.479537964, 201.955551147, 202.431564331, 202.907577515, 203.383575439, 203.859588623, 204.335601807, 204.811599731, 205.287612915, 205.763626099, 206.228027344, 206.704025269, 207.180038452, 207.656051636, 208.132064819, 208.608062744, 209.084075928, 209.560089111, 210.047698975, 210.523712158, 210.999725342, 211.475738525, 211.95173645, 212.427749634, 212.903762817, 213.379776001, 213.855773926, 214.331787109, 214.807800293, 215.295410156, 215.77142334, 216.235824585, 216.711837769, 217.187835693, 217.663848877, 218.139862061, 218.615875244, 219.091873169, 219.567886353, 220.043899536, 220.51991272, 220.995910645, 221.471923828, 221.947937012, 222.423934937, 222.911560059, 223.387573242, 223.863571167, 224.327972412, 224.803985596, 225.279998779, 225.756011963, 226.232009888, 226.71963501, 227.195648193, 227.671646118, 228.136047363, 228.612060547, 229.08807373, 229.564071655, 230.040084839, 230.527709961, 231.003707886, 231.479721069, 231.955734253, 232.431747437, 232.907745361, 233.383758545, 233.859771729, 234.335784912, 234.811782837, 235.287796021, 235.775421143, 236.263031006, 236.739044189, 237.215057373, 237.702667236, 238.17868042, 238.654693604, 239.119094849, 239.583480835, 240.059494019, 240.535507202, 240.999908447, 241.464309692, 241.928695679, 242.416320801, 242.903945923, 243.379943848, 243.855957031, 244.320358276, 244.79637146, 245.283981323, 245.759994507, 246.247619629, 246.723617554, 247.199630737, 247.664031982, 248.128433228, 248.616043091, 249.092056274, 249.568069458, 250.05569458, 250.520080566, 250.984481812, 251.460494995, 251.936508179, 252.412506104, 252.888519287, 253.364532471, 253.840545654, 254.316543579, 254.792556763, 255.291793823, 255.767791748, 256.243804932, 256.719818115, 257.195831299, 257.683441162, 258.159454346, 258.623840332, 259.099853516, 259.575866699, 260.051879883, 260.527893066, 261.01550293, 261.491516113, 261.967529297, 262.431915283, 262.896331787, 263.372344971, 263.848327637, 264.32434082, 264.800354004, 265.276367188, 265.752380371, 266.239990234, 266.727600098, 267.215240479, 267.714447021, 268.213684082, 268.712921143, 269.33984375, 269.955200195, 270.59375, 271.243896484, 271.894042969, 272.544219971, 273.194366455, 273.844543457, 274.494689941, 275.144836426, 275.78338623, 276.410339355, 277.037261963, 277.664215088, 278.291137695, 278.91809082, 279.545043945, 280.171966553, 280.798919678, 281.321350098, 281.855407715, 282.389465332, 282.923522949, 283.457580566, 283.991638184, 284.537322998, 285.082977295, 285.535766602, 285.988555908, 286.441345215, 286.870910645, 287.300506592, 287.730072021, 288.159637451, 288.600799561, 289.041992188, 289.483154297, 289.924346924, 290.365539551, 290.80670166, 291.247894287, 291.677459717, 292.107025146, 292.536590576, 292.954559326, 293.372497559, 293.790466309, 294.208435059, 294.626403809, 295.055969238], "beats_loudness": {"dmean2": 0.0305918417871, "median": 0.0278965234756, "min": 1.30282529209e-09, "dvar2": 0.000928095716517, "dvar": 0.000330821290845, "dmean": 0.0176799688488, "max": 0.156946182251, "var": 0.000705866899807, "mean": 0.0343885235488}, "danceability": 0.998045146465, "bpm_histogram_second_peak_weight": {"dmean2": 0, "median": 0.0358890704811, "min": 0.0358890704811, "dvar2": 0, "dvar": 0, "dmean": 0, "max": 0.0358890704811, "var": 0, "mean": 0.0358890704811}, "beats_count": 614, "bpm_histogram_second_peak_bpm": {"dmean2": 0, "median": 140, "min": 140, "dvar2": 0, "dvar": 0, "dmean": 0, "max": 140, "var": 0, "mean": 140}, "bpm_histogram_first_peak_spread": {"dmean2": 0, "median": 0.304801702499, "min": 0.304801702499, "dvar2": 0, "dvar": 0, "dmean": 0, "max": 0.304801702499, "var": 0, "mean": 0.304801702499}, "beats_loudness_band_ratio": {"dmean2": [0.34538641572, 0.340391457081, 0.141136020422, 0.104037031531, 0.0451536253095, 0.154822349548], "median": [0.335500836372, 0.246829688549, 0.0720273032784, 0.0553494617343, 0.0103384964168, 0.142707169056], "min": [0.00535388337448, 0.000110208347905, 0.000599061138928, 0.00118773628492, 0.000466079887701, 0.00707120401785], "dvar2": [0.0695795118809, 0.0733833387494, 0.0264365933836, 0.0130473067984, 0.00484898220748, 0.019047845155], "dvar": [0.0263626985252, 0.0256227180362, 0.00996521953493, 0.00471324566752, 0.00170815631282, 0.00734172854573], "dmean": [0.201815053821, 0.19697637856, 0.0828735530376, 0.0611753724515, 0.0245151743293, 0.0880306735635], "max": [0.913126349449, 0.87063485384, 0.813327372074, 0.569893240929, 0.395829409361, 0.636737048626], "var": [0.0499089732766, 0.0395011790097, 0.0120092211291, 0.0055507067591, 0.0011553412769, 0.0126310633495], "mean": [0.370994359255, 0.295112490654, 0.106748908758, 0.0769252479076, 0.0211598910391, 0.170801490545]}}, "lowlevel": {"barkbands_spread": {"dmean2": 6.03079175949, "median": 11.7334728241, "min": 0.778937160969, "dvar2": 59.3535804749, "dvar": 25.7751598358, "dmean": 3.82689642906, "max": 121.932533264, "var": 104.105117798, "mean": 13.8227920532}, "melbands_spread": {"dmean2": 5.69170379639, "median": 9.7248249054, "min": 0.727146089077, "dvar2": 66.7254943848, "dvar": 33.465007782, "dmean": 3.66648840904, "max": 128.991271973, "var": 144.352996826, "mean": 12.3050193787}, "hfc": {"dmean2": 44.236541748, "median": 98.2013244629, "min": 1.24915350098e-16, "dvar2": 3697.45996094, "dvar": 1423.48901367, "dmean": 27.7948112488, "max": 915.155029297, "var": 10038.3847656, "mean": 116.384918213}, "barkbands_kurtosis": {"dmean2": 9.00880622864, "median": 9.39745616913, "min": -1.78889477253, "dvar2": 150.395935059, "dvar": 59.4994125366, "dmean": 5.62179422379, "max": 161.871963501, "var": 144.954772949, "mean": 12.6277256012}, "gfcc": {"mean": [-57.2721557617, 120.033164978, -77.4027099609, -13.6879243851, -24.2329063416, -12.2656641006, -6.4385766983, -25.008769989, -8.79270076752, -11.5643405914, -5.89038705826, -4.82069063187, -6.34884548187], "icov": [[0.000104972932604, -0.000337290897733, 0.000382155965781, -0.000219403736992, 0.000335367862135, -0.000171146180946, 0.000175748762558, -5.7363005908e-05, -6.58828794258e-05, 4.46753838332e-05, 0.000122731464216, -0.000185280398, 5.84006738791e-05], [-0.000337290897733, 0.00456602545455, -0.00457628117874, 0.00299006258138, -0.00245990650728, 0.00235876534134, -0.00200384273194, 0.0031365591567, -0.00112680660095, 0.00250504468568, -0.00275998562574, 0.00433071376756, -0.00167171668727], [0.000382155965781, -0.00457628117874, 0.00935348961502, -0.00450262101367, 0.00369081855752, -0.004621445667, 0.00250147562474, -0.00376006262377, 0.00114945601672, -0.00172885786742, 0.00053821579786, -0.000683146703523, -0.00067945884075], [-0.000219403736992, 0.00299006258138, -0.00450262101367, 0.0074157291092, -0.00500860530883, 0.00448975898325, -0.00263901357539, 3.8746278733e-05, 0.00379291409627, -0.00494475103915, 0.00604833709076, -0.00401232391596, 0.00442946329713], [0.000335367862135, -0.00245990650728, 0.00369081855752, -0.00500860530883, 0.00938619021326, -0.00602903217077, 0.00120735552628, 0.00105230184272, -0.00498784612864, 0.00785686448216, -0.00854744482785, 0.00616966467351, -0.00427518365905], [-0.000171146180946, 0.00235876534134, -0.004621445667, 0.00448975898325, -0.00602903217077, 0.0111030647531, -0.0028572853189, -0.00282216677442, 0.00642629154027, -0.00518168648705, 0.00597507599741, -0.00662962393835, 0.00379393924959], [0.000175748762558, -0.00200384273194, 0.00250147562474, -0.00263901357539, 0.00120735552628, -0.0028572853189, 0.010774592869, 0.000124397527543, -0.00585682317615, 0.00403373409063, -0.00067972933175, -0.00171704380773, 0.000704698322807], [-5.7363005908e-05, 0.0031365591567, -0.00376006262377, 3.8746278733e-05, 0.00105230184272, -0.00282216677442, 0.000124397527543, 0.0132240448147, -0.00680535333231, 0.00354237854481, -0.00570128299296, 0.00852554477751, -0.00592379737645], [-6.58828794258e-05, -0.00112680660095, 0.00114945601672, 0.00379291409627, -0.00498784612864, 0.00642629154027, -0.00585682317615, -0.00680535333231, 0.0210086330771, -0.0164303388447, 0.0117813134566, -0.0125343007967, 0.00686597917229], [4.46753838332e-05, 0.00250504468568, -0.00172885786742, -0.00494475103915, 0.00785686448216, -0.00518168648705, 0.00403373409063, 0.00354237854481, -0.0164303388447, 0.0339923873544, -0.0231524556875, 0.0169604737312, -0.00910036731511], [0.000122731464216, -0.00275998562574, 0.00053821579786, 0.00604833709076, -0.00854744482785, 0.00597507599741, -0.00067972933175, -0.00570128299296, 0.0117813134566, -0.0231524556875, 0.0347996987402, -0.0212801676244, 0.00876118149608], [-0.000185280398, 0.00433071376756, -0.000683146703523, -0.00401232391596, 0.00616966467351, -0.00662962393835, -0.00171704380773, 0.00852554477751, -0.0125343007967, 0.0169604737312, -0.0212801676244, 0.0322914160788, -0.0138823240995], [5.84006738791e-05, -0.00167171668727, -0.00067945884075, 0.00442946329713, -0.00427518365905, 0.00379393924959, 0.000704698322807, -0.00592379737645, 0.00686597917229, -0.00910036731511, 0.00876118149608, -0.0138823240995, 0.0207827109843]], "cov": [[14804.8378906, 1202.66845703, -423.49041748, -333.858673096, -400.900268555, -418.902923584, 13.6357889175, -391.491760254, 36.9295806885, -170.045700073, -109.350791931, -28.5760154724, -65.2500762939], [1202.66845703, 1014.12103271, 147.380691528, -278.971130371, 141.388549805, -86.3088912964, 27.992275238, -109.14225769, -14.8086624146, -60.2791519165, 48.3184967041, -96.2132949829, 49.1124649048], [-423.49041748, 147.380691528, 321.663848877, 64.4180374146, 2.78489041328, 89.8656234741, -41.6135940552, 75.9797363281, -41.4424438477, 28.4629154205, 1.5710952282, -32.890296936, 20.5898647308], [-333.858673096, -278.971130371, 64.4180374146, 392.508239746, 36.1152610779, 18.5521297455, 27.3929634094, 19.2243309021, -12.4615793228, 10.7195043564, -47.2696647644, 12.6945886612, -57.240978241], [-400.900268555, 141.388549805, 2.78489041328, 36.1152610779, 288.415344238, 72.4300231934, 41.739402771, -7.91638278961, 1.61244893074, -33.4378471375, 34.3743209839, -5.90108633041, 13.7215948105], [-418.902923584, -86.3088912964, 89.8656234741, 18.5521297455, 72.4300231934, 215.407470703, 7.34848022461, 59.0447998047, -32.7313613892, 1.75853681564, 3.57449221611, 21.5160255432, 9.82431030273], [13.6357889175, 27.992275238, -41.6135940552, 27.3929634094, 41.739402771, 7.34848022461, 151.264053345, -14.8264064789, 50.4251785278, -19.5945796967, -2.96563339233, 26.4940738678, -13.3874053955], [-391.491760254, -109.14225769, 75.9797363281, 19.2243309021, -7.91638278961, 59.0447998047, -14.8264064789, 156.552719116, 26.5029850006, 40.3341178894, 9.29916763306, -6.52875947952, 24.050699234], [36.9295806885, -14.8086624146, -41.4424438477, -12.4615793228, 1.61244893074, -32.7313613892, 50.4251785278, 26.5029850006, 121.641746521, 37.5863418579, 10.6927318573, 22.4992294312, -1.04964077473], [-170.045700073, -60.2791519165, 28.4629154205, 10.7195043564, -33.4378471375, 1.75853681564, -19.5945796967, 40.3341178894, 37.5863418579, 87.3893737793, 33.7034950256, -0.451158463955, 10.5759210587], [-109.350791931, 48.3184967041, 1.5710952282, -47.2696647644, 34.3743209839, 3.57449221611, -2.96563339233, 9.29916763306, 10.6927318573, 33.7034950256, 80.5244140625, 25.8835048676, 18.0588283539], [-28.5760154724, -96.2132949829, -32.890296936, 12.6945886612, -5.90108633041, 21.5160255432, 26.4940738678, -6.52875947952, 22.4992294312, -0.451158463955, 25.8835048676, 88.3908462524, 21.1599388123], [-65.2500762939, 49.1124649048, 20.5898647308, -57.240978241, 13.7215948105, 9.82431030273, -13.3874053955, 24.050699234, -1.04964077473, 10.5759210587, 18.0588283539, 21.1599388123, 84.9614181519]]}, "spectral_energyband_middle_low": {"dmean2": 0.00874289870262, "median": 0.0087260864675, "min": 2.35936735206e-22, "dvar2": 0.000212643222767, "dvar": 8.73580138432e-05, "dmean": 0.00563785852864, "max": 0.161952778697, "var": 0.000305207242491, "mean": 0.0149355046451}, "melbands_crest": {"dmean2": 5.74976921082, "median": 14.1320152283, "min": 2.04954314232, "dvar2": 24.8955936432, "dvar": 9.36497020721, "dmean": 3.49715828896, "max": 36.8608283997, "var": 28.9161434174, "mean": 14.9483070374}, "spectral_kurtosis": {"dmean2": 11.3369026184, "median": 21.1709899902, "min": -1.23338031769, "dvar2": 136.042068481, "dvar": 54.1824836731, "dmean": 7.21431732178, "max": 85.9228057861, "var": 146.588668823, "mean": 23.4681930542}, "spectral_rms": {"dmean2": 0.00102243945003, "median": 0.0047357454896, "min": 3.26541918505e-12, "dvar2": 1.21165408018e-06, "dvar": 5.23187281942e-07, "dmean": 0.000669814646244, "max": 0.0131577299908, "var": 4.72607462143e-06, "mean": 0.00484076933935}, "zerocrossingrate": {"dmean2": 0.0443665497005, "median": 0.26953125, "min": 0.013671875, "dvar2": 0.00132046814542, "dvar": 0.000895052507985, "dmean": 0.0357804484665, "max": 0.7119140625, "var": 0.0120698958635, "mean": 0.269942432642}, "silence_rate_60dB": {"dmean2": 0.0251216832548, "median": 0, "min": 0, "dvar2": 0.0293579101562, "dvar": 0.0124021051452, "dmean": 0.0125598553568, "max": 1, "var": 0.0584391839802, "mean": 0.0623233914375}, "erbbands_kurtosis": {"dmean2": 2.0895178318, "median": 0.490516722202, "min": -1.73063731194, "dvar2": 12.3537511826, "dvar": 4.97685861588, "dmean": 1.30262839794, "max": 75.8605499268, "var": 11.0560846329, "mean": 1.44061470032}, "erbbands": {"dmean2": [0.0939901769161, 0.680651664734, 2.78113722801, 4.27879238129, 11.1748094559, 23.1465110779, 18.2193374634, 24.8290328979, 10.7447128296, 30.7304229736, 14.7705793381, 36.764705658, 23.0136947632, 29.7474708557, 22.3270015717, 15.2968196869, 15.8726863861, 9.45519065857, 8.17993736267, 6.2701625824, 3.75927400589, 2.49951076508, 2.67320919037, 1.95436441898, 1.27062058449, 1.68531429768, 1.1537810564, 0.930367529392, 0.782945454121, 0.548583447933, 0.348049879074, 0.134046971798, 0.0666000545025, 0.0305024962872, 0.0192181076854, 0.0129837263376, 0.0123004345223, 0.00972438324243, 0.003178329207, 0.00290177902207], "median": [0.0352125838399, 0.334799587727, 1.25743663311, 2.09473609924, 4.64520740509, 10.2701568604, 7.5345916748, 7.32691335678, 4.45579910278, 9.49348258972, 5.87397527695, 7.23060560226, 7.64093589783, 9.46587181091, 9.8970785141, 8.65282058716, 10.0476360321, 6.05259227753, 4.21926832199, 2.41691255569, 1.35951066017, 1.02328133583, 0.839409768581, 0.561230778694, 0.490085810423, 0.41264590621, 0.232426583767, 0.22250893712, 0.17288595438, 0.107928752899, 0.0640067607164, 0.0301642157137, 0.0148972906172, 0.00727355014533, 0.00449162395671, 0.00382760539651, 0.00393805000931, 0.00365809397772, 0.00318121910095, 0.00758850295097], "min": [5.5511740528e-22, 6.44517484434e-21, 5.23171300263e-21, 3.81378116078e-20, 2.10846645004e-19, 2.36874697234e-19, 1.16503697613e-19, 1.81338178648e-19, 5.64082842335e-19, 6.69000363279e-19, 4.09123608517e-19, 1.13728462714e-18, 1.22894916371e-18, 2.46230823406e-18, 3.33990695251e-18, 3.20287435108e-18, 3.24476732679e-18, 4.37802709987e-18, 7.64318939184e-18, 5.3579689464e-18, 7.17937350595e-18, 1.22532158381e-17, 9.92982845203e-18, 1.85137463663e-17, 1.35276877495e-17, 2.06351982853e-17, 1.51360172007e-17, 1.30270540545e-17, 2.19352813628e-17, 2.02480711412e-17, 1.55908556954e-17, 1.47186119374e-17, 1.34162268163e-17, 1.30789381312e-17, 1.08127726184e-17, 6.12692307487e-18, 3.71077317335e-18, 1.62293735742e-18, 4.10312292907e-19, 3.82945009416e-20], "dvar2": [0.0423148572445, 1.7098903656, 19.7087612152, 74.5326843262, 439.76361084, 2951.47314453, 2201.73168945, 5691.93017578, 1837.61486816, 5860.859375, 2391.99902344, 26695.7382812, 5229.24316406, 9247.97265625, 4555.11865234, 905.690307617, 666.003356934, 363.545349121, 313.870849609, 329.397033691, 119.340034485, 44.0931549072, 74.9252319336, 79.9888153076, 17.5947933197, 44.3464813232, 17.5397930145, 9.2958240509, 4.6095161438, 2.08409428596, 0.761695742607, 0.250072389841, 0.0199083592743, 0.00292763463221, 0.00114577100612, 0.000459699891508, 0.000994603382424, 0.000493411032949, 5.12942460773e-05, 1.46325801325e-05], "dvar": [0.0165198855102, 0.648484885693, 7.30435609818, 28.8313179016, 189.895553589, 1162.75244141, 871.623779297, 2555.09667969, 755.298522949, 2432.81176758, 1006.88800049, 11332.0371094, 2151.79907227, 3741.47949219, 1716.27893066, 360.789154053, 268.312255859, 185.177856445, 133.408325195, 140.354690552, 47.7568206787, 20.6684951782, 38.3683891296, 40.3888244629, 9.68803691864, 23.6567306519, 9.30734634399, 4.57110500336, 2.12953972816, 0.996175527573, 0.346854746342, 0.0990320891142, 0.00821103341877, 0.00112899485976, 0.00044208066538, 0.00018482786254, 0.000421829288825, 0.000240961380769, 2.96430771414e-05, 5.80822324991e-06], "dmean": [0.058791436255, 0.418096035719, 1.68105137348, 2.54954147339, 7.01549863815, 14.4364118576, 11.5015077591, 16.7327384949, 6.9382185936, 19.2991733551, 9.58942317963, 23.3653526306, 14.3786554337, 18.3574523926, 13.7066431046, 9.58995342255, 9.80894088745, 6.03645133972, 5.18058538437, 3.93245983124, 2.31535458565, 1.61208796501, 1.77900874615, 1.31897866726, 0.885851264, 1.16591930389, 0.805372059345, 0.63365316391, 0.527473032475, 0.371266573668, 0.22791005671, 0.0857591629028, 0.0416866056621, 0.0182402376086, 0.011482165195, 0.00797308050096, 0.00798766035587, 0.00662084110081, 0.00221032439731, 0.0018303951947], "max": [2.61269497871, 22.6363315582, 42.5685005188, 178.260375977, 290.691009521, 784.304992676, 823.111877441, 1258.00500488, 1441.79382324, 1604.57531738, 1147.20849609, 3646.45678711, 1334.37036133, 2729.13647461, 1293.27954102, 562.142883301, 325.289489746, 601.624755859, 364.089447021, 279.840637207, 151.373947144, 123.157119751, 276.832183838, 403.564056396, 113.812667847, 187.165802002, 81.8300247192, 93.1237487793, 47.2247772217, 26.8423118591, 14.3108301163, 13.4882297516, 3.57337069511, 0.577052891254, 0.36036747694, 0.259403496981, 0.689276337624, 0.281698286533, 0.149304613471, 0.0524817705154], "var": [0.0384427048266, 1.53687405586, 12.9696788788, 38.1239051819, 355.108154297, 2464.88696289, 1460.32287598, 11675.5976562, 1467.10449219, 5914.56494141, 1904.19641113, 18923.1523438, 3209.67724609, 5364.49414062, 3347.00634766, 971.640136719, 530.680419922, 482.078735352, 277.805267334, 237.132537842, 69.1845779419, 47.8274078369, 91.6695327759, 89.0575561523, 25.8816108704, 56.5507125854, 19.0857715607, 8.85237503052, 3.68281245232, 1.64307320118, 0.521624088287, 0.0959173068404, 0.00949451699853, 0.00117404095363, 0.000459962029709, 0.000232657403103, 0.000548625655938, 0.000465109420475, 9.39321762417e-05, 5.71105265408e-05], "mean": [0.108077555895, 0.748511373997, 2.52450823784, 3.80681467056, 11.2682266235, 25.53647995, 19.5266265869, 36.3934555054, 13.4833106995, 32.2714195251, 16.8617134094, 35.2197227478, 22.4793491364, 29.3512554169, 23.016708374, 18.4458084106, 17.248210907, 11.4476671219, 9.27881813049, 6.32754659653, 3.57791924477, 2.8164126873, 2.96325039864, 2.11785674095, 1.55145263672, 1.89594483376, 1.20873892307, 1.02997505665, 0.800551891327, 0.527406990528, 0.312157213688, 0.109320476651, 0.0473018959165, 0.019041204825, 0.0119164846838, 0.00934374984354, 0.0113464742899, 0.0112075777724, 0.00582234421745, 0.00892525538802]}, "spectral_strongpeak": {"dmean2": 5.97628259659, "median": 0.467235535383, "min": 0, "dvar2": 313.733551025, "dvar": 117.933242798, "dmean": 3.23278880119, "max": 129.6953125, "var": 105.049125671, "mean": 2.99830555916}, "spectral_energy": {"dmean2": 0.012094787322, "median": 0.0229879654944, "min": 1.09295366259e-20, "dvar2": 0.00027885613963, "dvar": 0.000114171321911, "dmean": 0.00781087949872, "max": 0.177454009652, "var": 0.000574065954424, "mean": 0.028863100335}, "average_loudness": 0.625840783119, "spectral_rolloff": {"dmean2": 6024.16796875, "median": 21037.9394531, "min": 21.533203125, "dvar2": 115472744, "dvar": 46434824, "dmean": 3113.67333984, "max": 22028.4667969, "var": 103405464, "mean": 12788.828125}, "spectral_centroid": {"dmean2": 184.45690918, "median": 531.485351562, "min": 165.782409668, "dvar2": 66694.96875, "dvar": 42260.9921875, "dmean": 122.820671082, "max": 11733.0976562, "var": 262156, "mean": 644.812255859}, "pitch_salience": {"dmean2": 0.113485440612, "median": 0.570522785187, "min": 0.0789545103908, "dvar2": 0.0100196935236, "dvar": 0.00368593540043, "dmean": 0.0693356320262, "max": 0.906782269478, "var": 0.0105931134894, "mean": 0.559251666069}, "spectral_energyband_middle_high": {"dmean2": 0.00162929296494, "median": 0.00160980410874, "min": 1.55327939074e-21, "dvar2": 1.41610662467e-05, "dvar": 5.8188256844e-06, "dmean": 0.00104836875107, "max": 0.0834463015199, "var": 1.52337843247e-05, "mean": 0.0027133685071}, "spectral_contrast_coeffs": {"dmean2": [0.089259006083, 0.0794734582305, 0.0645171999931, 0.0522916801274, 0.0413762554526, 0.0583470091224], "median": [-0.635921597481, -0.753086984158, -0.789373040199, -0.787893414497, -0.831127285957, -0.795454859734], "min": [-0.947167217731, -0.963561594486, -0.971314370632, -0.970949828625, -0.965583324432, -0.960044324398], "dvar2": [0.00495839258656, 0.00383955310099, 0.00254985177889, 0.00171357917134, 0.00111894600559, 0.00272747222334], "dvar": [0.00189756718464, 0.00145607627928, 0.000962694059126, 0.000671827292535, 0.000435412744991, 0.00116942275781], "dmean": [0.0546147748828, 0.0485668331385, 0.0391564331949, 0.0321377106011, 0.0256638079882, 0.0370447188616], "max": [-0.286591947079, -0.436338424683, -0.489903688431, -0.57265239954, -0.67630648613, -0.474070638418], "var": [0.0084575433284, 0.00520858215168, 0.00340919732116, 0.0024488477502, 0.00151626672596, 0.00451562739909], "mean": [-0.630084216595, -0.747401595116, -0.78416287899, -0.788067936897, -0.831665694714, -0.781862080097]}, "melbands_skewness": {"dmean2": 1.01758360863, "median": 2.17341566086, "min": -1.65990388393, "dvar2": 0.900451540947, "dvar": 0.360509842634, "dmean": 0.64145553112, "max": 8.5977191925, "var": 1.44393408298, "mean": 2.3211581707}, "spectral_spread": {"dmean2": 919175.5, "median": 3473229, "min": 1428246.125, "dvar2": 722340347904, "dvar": 349587013632, "dmean": 582225.375, "max": 42063684, "var": 911916269568, "mean": 3599431.5}, "dissonance": {"dmean2": 0.0493833608925, "median": 0.447284400463, "min": 0.199195027351, "dvar2": 0.00185329397209, "dvar": 0.000671913265251, "dmean": 0.0292321629822, "max": 0.5, "var": 0.00141026324127, "mean": 0.440780967474}, "spectral_skewness": {"dmean2": 0.827220320702, "median": 3.44833040237, "min": -0.0755111500621, "dvar2": 0.62735337019, "dvar": 0.269026398659, "dmean": 0.539801716805, "max": 7.38574457169, "var": 1.01856696606, "mean": 3.49934530258}, "spectral_flux": {"dmean2": 0.0293525587767, "median": 0.0741459578276, "min": 1.04544421731e-10, "dvar2": 0.00103828310966, "dvar": 0.000431532971561, "dmean": 0.0180068388581, "max": 0.35345390439, "var": 0.00174669059925, "mean": 0.0797112882137}, "spectral_contrast_valleys": {"dmean2": [0.624629557133, 0.558958232403, 0.471399903297, 0.455966293812, 0.561911046505, 0.997584223747], "median": [-7.01868629456, -6.63326787949, -7.10462617874, -7.94551134109, -8.55610466003, -11.3441295624], "min": [-27.5162677765, -27.3653678894, -27.141740799, -27.0744037628, -27.4800262451, -27.3603992462], "dvar2": [0.254825204611, 0.198417410254, 0.15378460288, 0.171017706394, 0.264125406742, 0.736657857895], "dvar": [0.100777842104, 0.0843498185277, 0.066252887249, 0.0777189433575, 0.123974308372, 0.271737664938], "dmean": [0.375987172127, 0.344618618488, 0.291705697775, 0.289634257555, 0.370520502329, 0.623381435871], "max": [-5.2369093895, -4.52192306519, -5.33159971237, -5.89502000809, -5.827231884, -9.06207180023], "var": [1.95309078693, 1.78871846199, 1.63128817081, 1.36149907112, 1.30453193188, 1.21962881088], "mean": [-7.20373630524, -6.82621240616, -7.32156276703, -8.13043308258, -8.66490364075, -11.4823627472]}, "erbbands_flatness_db": {"dmean2": 0.0378797017038, "median": 0.17285194993, "min": 0.0386869758368, "dvar2": 0.00100218865555, "dvar": 0.000419996271376, "dmean": 0.0243733488023, "max": 0.381036311388, "var": 0.00149878358934, "mean": 0.173307403922}, "spectral_energyband_high": {"dmean2": 0.000104782244307, "median": 7.29886232875e-05, "min": 8.10333108362e-21, "dvar2": 4.90724048063e-08, "dvar": 2.81625531784e-08, "dmean": 7.31927575544e-05, "max": 0.00426655495539, "var": 7.90293839259e-08, "mean": 0.00015792567865}, "spectral_entropy": {"dmean2": 0.38146173954, "median": 6.97235488892, "min": 5.09543085098, "dvar2": 0.11632937938, "dvar": 0.0505673140287, "dmean": 0.246853783727, "max": 9.79265117645, "var": 0.199436187744, "mean": 6.99690341949}, "silence_rate_20dB": {"dmean2": 0, "median": 1, "min": 1, "dvar2": 0, "dvar": 0, "dmean": 0, "max": 1, "var": 0, "mean": 1}, "melbands_flatness_db": {"dmean2": 0.0509289726615, "median": 0.288989394903, "min": 0.00455734645948, "dvar2": 0.00185740971938, "dvar": 0.000793787650764, "dmean": 0.0328314937651, "max": 0.558314085007, "var": 0.00378909707069, "mean": 0.288803070784}, "barkbands": {"dmean2": [0.000864113855641, 0.00288093462586, 0.00266827014275, 0.00180067168549, 0.00554910628125, 0.00245794956572, 0.0011105556041, 0.00104763463605, 0.00136668735649, 0.000960047880653, 0.000629730755463, 0.000370851223124, 0.000349237554474, 0.000194098829525, 0.000162102704053, 7.81196940807e-05, 4.90624370286e-05, 4.73789623356e-05, 2.88936971629e-05, 3.59062287316e-05, 2.40656099777e-05, 2.01028524316e-05, 1.38214727485e-05, 4.79437039758e-06, 2.69436191047e-06, 6.27958024779e-06, 8.01012211014e-05], "median": [0.00010287501208