{"tonal": {"thpcp": [1, 0.672686576843, 0.237533509731, 0.157951399684, 0.109720990062, 0.209132611752, 0.345958083868, 0.328529089689, 0.314363509417, 0.303419798613, 0.213354825974, 0.25908946991, 0.364204138517, 0.396127969027, 0.773040950298, 0.977097392082, 0.509415149689, 0.152359202504, 0.106097489595, 0.133731424809, 0.341275572777, 0.47369274497, 0.276844412088, 0.165123149753, 0.209705784917, 0.18770185113, 0.381379187107, 0.547971963882, 0.361606329679, 0.37054926157, 0.458316743374, 0.259200632572, 0.11829406023, 0.135978862643, 0.149752646685, 0.540521979332], "hpcp": {"dmean2": [0.176779687405, 0.133640125394, 0.114761628211, 0.113039717078, 0.105046927929, 0.177090242505, 0.207358002663, 0.167526438832, 0.164617046714, 0.155314221978, 0.125143513083, 0.0837153270841, 0.102358259261, 0.122942104936, 0.180473506451, 0.21568454802, 0.223809972405, 0.164141729474, 0.109456293285, 0.0852333754301, 0.104371845722, 0.148189693689, 0.191199228168, 0.17999625206, 0.151711404324, 0.135506242514, 0.134038642049, 0.163800671697, 0.227160125971, 0.280146121979, 0.268774747849, 0.21540170908, 0.125962898135, 0.0983620360494, 0.114535816014, 0.161464497447], "median": [0.0514292381704, 0.0336469113827, 0.0121080679819, 0.0093609560281, 0.016653822735, 0.0591927245259, 0.083038546145, 0.0665311813354, 0.0430765599012, 0.0416268110275, 0.0255173370242, 0.0117322094738, 0.0114927487448, 0.0164889991283, 0.109344780445, 0.19910427928, 0.139904946089, 0.0212556608021, 0.00914466101676, 0.00790835916996, 0.0132783940062, 0.0258876569569, 0.0339791253209, 0.0265126507729, 0.018901027739, 0.0192665997893, 0.025287957862, 0.0326932445168, 0.0666297227144, 0.180518761277, 0.219363987446, 0.0884404182434, 0.0101891634986, 0.00573881808668, 0.0116416895762, 0.0385598838329], "min": [0, 0, 0, 0, 0, 0, 0, 0, 0, 0, 0, 0, 0, 0, 0, 0, 0, 0, 0, 0, 0, 0, 0, 0, 0, 0, 0, 0, 0, 0, 0, 0, 0, 0, 0, 0], "dvar2": [0.075776040554, 0.0414346978068, 0.0522173382342, 0.0579209625721, 0.0359787866473, 0.0620521232486, 0.078054741025, 0.053140848875, 0.0605161376297, 0.0578267909586, 0.0437494181097, 0.0301140490919, 0.0462925694883, 0.0573089383543, 0.0590320788324, 0.0775814130902, 0.0796953365207, 0.0773127451539, 0.054102666676, 0.0420452877879, 0.0489044114947, 0.0582960546017, 0.0840302556753, 0.0859126523137, 0.0673564374447, 0.0611568205059, 0.0525922849774, 0.0678921043873, 0.0920461788774, 0.0979088768363, 0.10220169276, 0.0810411721468, 0.0592677183449, 0.0407476723194, 0.0540351420641, 0.0666557475924], "dvar": [0.032313298434, 0.0164381209761, 0.0187915712595, 0.0222879741341, 0.0138215897605, 0.0240496005863, 0.0342179909348, 0.0208232905716, 0.0236487705261, 0.0263619888574, 0.0167928729206, 0.0108179235831, 0.0173230376095, 0.0205300170928, 0.0221856720746, 0.0363397449255, 0.0320454649627, 0.0287525299937, 0.020610133186, 0.0152164986357, 0.0187451709062, 0.0257443226874, 0.0320338271558, 0.0330809429288, 0.0272903572768, 0.0224315728992, 0.0200843010098, 0.0278167948127, 0.0338546708226, 0.0397609509528, 0.0447630062699, 0.0314868539572, 0.0219501238316, 0.0146951070055, 0.0187892429531, 0.0252178832889], "dmean": [0.108087956905, 0.079831764102, 0.0649102255702, 0.0642633736134, 0.0609177909791, 0.10654566437, 0.128128662705, 0.100239031017, 0.0976294726133, 0.0957024022937, 0.0738608986139, 0.0468434281647, 0.057210419327, 0.068336814642, 0.10721257329, 0.133402585983, 0.134116455913, 0.0928972288966, 0.0627429559827, 0.0477729104459, 0.0619547665119, 0.0894446521997, 0.110194854438, 0.103036724031, 0.0874952822924, 0.0770442858338, 0.0786849334836, 0.0962441936135, 0.131498962641, 0.168326899409, 0.162160292268, 0.126549690962, 0.0701729059219, 0.0531705357134, 0.0636358112097, 0.0957541614771], "max": [1, 1, 1, 1, 1, 1, 1, 1, 1, 1, 1, 1, 1, 1, 1, 1, 1, 1, 1, 1, 1, 1, 1, 1, 1, 1, 1, 1, 1, 1, 1, 1, 1, 1, 1, 1], "var": [0.0778302028775, 0.0284155104309, 0.0197435729206, 0.0424279458821, 0.0243467893451, 0.0409201607108, 0.0821565017104, 0.0350598394871, 0.0492454469204, 0.0789555832744, 0.0291548687965, 0.0115235559642, 0.0180095918477, 0.0160012263805, 0.0503945872188, 0.150906935334, 0.0758527070284, 0.0311970040202, 0.0251413863152, 0.0130557520315, 0.0284777618945, 0.0612275227904, 0.0427871271968, 0.0502968281507, 0.0528565086424, 0.0260902643204, 0.0326876305044, 0.0634901970625, 0.0433084219694, 0.0963600873947, 0.14395968616, 0.0593499094248, 0.0195819176733, 0.0128514328972, 0.0146731743589, 0.0418473482132], "mean": [0.184801265597, 0.108005024493, 0.0644193217158, 0.081812299788, 0.0732279270887, 0.14878706634, 0.213779732585, 0.141073107719, 0.144562005997, 0.178802639246, 0.101121671498, 0.0461499392986, 0.0530492961407, 0.058422844857, 0.210873275995, 0.390128970146, 0.262434512377, 0.0926687046885, 0.0616214163601, 0.0428053364158, 0.0815886929631, 0.134968265891, 0.128168717027, 0.122642315924, 0.11837285012, 0.0832358971238, 0.101078309119, 0.142086580396, 0.154541000724, 0.301585674286, 0.381193995476, 0.198737606406, 0.0594397373497, 0.0413917042315, 0.0521725043654, 0.133141487837]}, "tuning_equal_tempered_deviation": 0.0212332271039, "chords_changes_rate": 0.0424403175712, "key_key": "G", "tuning_diatonic_strength": 0.65182864666, "key_scale": "major", "chords_number_rate": 0.00383141753264, "tuning_frequency": 444.598632812, "tuning_nontempered_energy_ratio": 0.669053971767, "chords_histogram": [48.3053359985, 2.29885053635, 13.4689064026, 0.0589448846877, 2.00412607193, 0, 0.766283512115, 0, 0, 0, 0, 0, 0, 0, 0, 5.12820529938, 1.50309455395, 2.03359866142, 6.21868562698, 2.00412607193, 3.06513404846, 1.32625997066, 9.57854366302, 2.23990559578], "key_strength": 0.884515583515, "chords_key": "G", "chords_strength": {"dmean2": 0.0077152447775, "median": 0.570350527763, "min": 0.236719995737, "dvar2": 5.53562676942e-05, "dvar": 6.4161948103e-05, "dmean": 0.00989891868085, "max": 0.76393866539, "var": 0.0104685872793, "mean": 0.555823802948}, "chords_scale": "major", "hpcp_entropy": {"dmean2": 0.975914537907, "median": 1.83754837513, "min": 0, "dvar2": 0.643629014492, "dvar": 0.23780696094, "dmean": 0.57545363903, "max": 4.58646965027, "var": 0.480176538229, "mean": 1.85867571831}}, "metadata": {"audio_properties": {"equal_loudness": 0, "codec": "flac", "downmix": "mix", "sample_rate": 96000, "analysis_sample_rate": 44100, "bit_rate": 0, "md5_encoded": "392cd2b6cb5e61aeb0a209d38b77c1bd", "length": 157.494903564, "replay_gain": -9.00005531311, "lossless": true}, "version": {"essentia_build_sha": "70f2e5ece6736b2c40cc944ad0e695b16b925413", "essentia": "2.1-beta2", "extractor": "music 1.0", "essentia_git_sha": "v2.1_beta2"}, "tags": {"title": ["Guacamole"], "language": ["eng"], "media": ["12\u2033 Vinyl"], "albumartist": ["The Baja Marimba Band"], "tracktotal": ["12"], "musicbrainz_releasegroupid": ["00961838-47ab-336e-b213-7edd81d1df2e"], "releasetype": ["album"], "musicbrainz_recordingid": ["1d18f792-c75b-42a9-a20c-856c88d97c34"], "artistsort": ["Baja Marimba Band, The"], "musicbrainz_albumartistid": ["ec32534c-d5cb-41d3-b002-b4a22a93d581"], "musicbrainz_workid": ["a26b90af-5fb3-3d49-bf52-05509b81edf6"], "producer": ["Herb Alpert", "Herb Alpert"], "discnumber": ["1"], "catalognumber": ["SP 4109"], "releasecountry": ["US"], "originaldate": ["1965"], "work": ["Guacamole"], "date": ["1965"], "file_name": "1-03 Guacamole.flac", "musicbrainz_albumid": ["77afef57-f30c-35df-9d57-fc8c0c285a8a"], "disctotal": ["1"], "tracknumber": ["3"], "musicbrainz_artistid": ["ec32534c-d5cb-41d3-b002-b4a22a93d581"], "asin": ["B001OCQKI4", "http://www.amazon.com/gp/product/B005DMIQGA", "http://www.amazon.com/gp/product/B001OCQKI4"], "grouping": ["Pop"], "musicbrainz_releasetrackid": ["4b2d2399-b770-30eb-9db6-9071a4176c95"], "artist": ["The Baja Marimba Band"], "arranger": ["Julius Wechter", "Herb Alpert"], "composer": ["Julius Wechter"], "album": ["Baja Marimba Band Rides Again \u276cstereo\u276d"], "label": ["A&M Records"], "albumartistsort": ["Baja Marimba Band, The"], "script": ["Latn"], "releasestatus": ["official"]}}, "rhythm": {"bpm_histogram_first_peak_bpm": {"dmean2": 0, "median": 126, "min": 126, "dvar2": 0, "dvar": 0, "dmean": 0, "max": 126, "var": 0, "mean": 126}, "bpm": 126.593170166, "bpm_histogram_second_peak_spread": {"dmean2": 0, "median": 0.466666638851, "min": 0.466666638851, "dvar2": 0, "dvar": 0, "dmean": 0, "max": 0.466666638851, "var": 0, "mean": 0.466666638851}, "bpm_histogram_first_peak_weight": {"dmean2": 0, "median": 0.483180433512, "min": 0.483180433512, "dvar2": 0, "dvar": 0, "dmean": 0, "max": 0.483180433512, "var": 0, "mean": 0.483180433512}, "onset_rate": 3.54892349243, "beats_position": [0.49922901392, 1.01006805897, 1.52090704441, 2.04335594177, 2.53097510338, 3.01859402657, 3.49460315704, 3.97061228752, 4.446621418, 4.92263031006, 5.38702917099, 5.87464857101, 6.35065746307, 6.82666635513, 7.2910656929, 7.76707458496, 8.24308395386, 8.70748329163, 9.19510173798, 9.70594120026, 10.2167797089, 10.7276191711, 11.2384576797, 11.7376871109, 12.2253055573, 12.7013149261, 13.177324295, 13.6533327103, 14.1293420792, 14.6053514481, 15.0697498322, 15.545759201, 16.0101585388, 16.4861679077, 16.9621772766, 17.426574707, 17.8909740448, 18.3669834137, 18.8313827515, 19.3073921204, 19.7834014893, 20.2594108582, 20.7354183197, 21.1998176575, 21.6642169952, 22.128616333, 22.6046257019, 23.0806350708, 23.5450344086, 24.009431839, 24.4854412079, 24.9614505768, 25.4374599457, 25.9134693146, 26.4010887146, 26.9119262695, 27.4227657318, 27.9452152252, 28.4444446564, 28.932062149, 29.4196815491, 29.895690918, 30.3717002869, 30.8477096558, 31.3237190247, 31.7881164551, 32.2525177002, 32.7285270691, 33.204536438, 33.6805419922, 34.1565513611, 34.6209526062, 35.0853500366, 35.5497512817, 36.0373687744, 36.5133781433, 36.9893875122, 37.4653968811, 37.94140625, 38.4174156189, 38.9050331116, 39.3810424805, 39.8570518494, 40.3330612183, 40.7974586487, 41.2734680176, 41.7494773865, 42.2138786316, 42.6898841858, 43.1658935547, 43.6419029236, 44.1179122925, 44.5823135376, 45.0699310303, 45.5575485229, 46.0451698303, 46.532787323, 47.0087966919, 47.4848060608, 47.9492073059, 48.4252128601, 48.901222229, 49.3656234741, 49.8300209045, 50.3060302734, 50.7820396423, 51.2464370728, 51.7224464417, 52.1984558105, 52.6744651794, 53.1504745483, 53.6264839172, 54.1024932861, 54.578502655, 55.0545120239, 55.5189094543, 55.9833106995, 56.4477081299, 56.912109375, 57.3881187439, 57.8641242981, 58.3285255432, 58.7929229736, 59.2573242188, 59.7217216492, 60.1977310181, 60.673740387, 61.1613578796, 61.6373672485, 62.1133766174, 62.5893859863, 63.0653953552, 63.5414047241, 64.0174102783, 64.4934234619, 64.9694290161, 65.4338302612, 65.8982315063, 66.3742370605, 66.8502502441, 67.3262557983, 67.8022689819, 68.2898864746, 68.7542877197, 69.2302932739, 69.7062988281, 70.1823120117, 70.6583175659, 71.122718811, 71.5987319946, 72.0747375488, 72.5507507324, 73.0267562866, 73.5027618408, 73.9787750244, 74.4663925171, 74.9540100098, 75.4532394409, 75.9524688721, 76.4400863647, 76.9160995483, 77.3921051025, 77.8797302246, 78.3441238403, 78.831741333, 79.2961425781, 79.7605438232, 80.2249450684, 80.7009506226, 81.1769561768, 81.6413574219, 82.105758667, 82.5817642212, 83.0577774048, 83.533782959, 84.0097961426, 84.4974136353, 84.9734191895, 85.449432373, 85.9138336182, 86.3898391724, 86.865852356, 87.3302459717, 87.7946472168, 88.270652771, 88.7466659546, 89.2342834473, 89.7102966309, 90.1863021851, 90.6507034302, 91.1267089844, 91.602722168, 92.0903396606, 92.5779571533, 93.065574646, 93.5648040771, 94.0524215698, 94.5284347534, 94.9928359985, 95.4572296143, 95.9332427979, 96.4092483521, 96.8852615356, 97.3612670898, 97.8488845825, 98.3132858276, 98.8009033203, 99.2769165039, 99.7529220581, 100.228935242, 100.704940796, 101.169342041, 101.633743286, 102.098136902, 102.562538147, 103.026939392, 103.502944946, 103.967346191, 104.443351746, 104.907752991, 105.372154236, 105.836547852, 106.312561035, 106.788566589, 107.252967834, 107.71736908, 108.204986572, 108.680992126, 109.15700531, 109.633010864, 110.097412109, 110.573425293, 111.049430847, 111.525436401, 112.013061523, 112.477455139, 112.941856384, 113.417869568, 113.893875122, 114.358276367, 114.822669983, 115.287071228, 115.751472473, 116.215873718, 116.691879272, 117.167892456, 117.632286072, 118.096687317, 118.561088562, 119.025482178, 119.489883423, 119.954284668, 120.430290222, 120.906303406, 121.370697021, 121.835098267, 122.299499512, 122.763900757, 123.25151825, 123.739135742, 124.226753235, 124.714370728, 125.20199585, 125.666389465, 126.154014587, 126.630020142, 127.106025696, 127.570426941, 128.034820557, 128.499221802, 128.963623047, 129.43963623, 129.915649414, 130.391647339, 130.867660522, 131.343673706, 131.81968689, 132.295684814, 132.771697998, 133.247711182, 133.723709106, 134.188110352, 134.652511597, 135.116912842, 135.581314087, 136.045715332, 136.521713257, 136.986114502, 137.462127686, 137.938140869, 138.414154053, 138.901763916, 139.389389038, 139.865386963, 140.341400146, 140.81741333, 141.293426514, 141.757827759, 142.222213745, 142.68661499, 143.151016235, 143.61541748, 144.079818726, 144.555831909, 145.031829834, 145.519454956, 146.007064819, 146.494689941, 146.970703125, 147.446716309, 147.911102295, 148.387115479, 148.863128662, 149.350738525, 149.838363647, 150.32598877, 150.813598633, 151.301223755, 151.881713867, 152.462219238, 153.042724609, 153.588394165, 154.134063721, 154.679718018, 155.213790894, 155.747848511, 156.281906128, 156.827575684], "beats_loudness": {"dmean2": 0.0238233879209, "median": 0.0362942889333, "min": 5.27307406628e-08, "dvar2": 0.000478725356515, "dvar": 0.000197028261027, "dmean": 0.0141347730532, "max": 0.11579887569, "var": 0.000480436254293, "mean": 0.0366794429719}, "danceability": 1.19952535629, "bpm_histogram_second_peak_weight": {"dmean2": 0, "median": 0.0244648326188, "min": 0.0244648326188, "dvar2": 0, "dvar": 0, "dmean": 0, "max": 0.0244648326188, "var": 0, "mean": 0.0244648326188}, "beats_count": 328, "bpm_histogram_second_peak_bpm": {"dmean2": 0, "median": 117, "min": 117, "dvar2": 0, "dvar": 0, "dmean": 0, "max": 117, "var": 0, "mean": 117}, "bpm_histogram_first_peak_spread": {"dmean2": 0, "median": 0.476821184158, "min": 0.476821184158, "dvar2": 0, "dvar": 0, "dmean": 0, "max": 0.476821184158, "var": 0, "mean": 0.476821184158}, "beats_loudness_band_ratio": {"dmean2": [0.41434559226, 0.209851816297, 0.306688308716, 0.118470720947, 0.11310082674, 0.0617230013013], "median": [0.389246821404, 0.198568701744, 0.208317250013, 0.064872354269, 0.0510860309005, 0.0225823074579], "min": [3.18809215969e-05, 0.000147959668539, 0.000180700881174, 9.56058429438e-05, 0.000263246358372, 0.000379075820092], "dvar2": [0.0895404070616, 0.0297564882785, 0.0669113695621, 0.0188347306103, 0.0136067001149, 0.00656960625201], "dvar": [0.0309029147029, 0.0102415718138, 0.0251995306462, 0.00709406100214, 0.00512560224161, 0.00238700537011], "dmean": [0.239148765802, 0.12606471777, 0.174434393644, 0.0682687014341, 0.0648608356714, 0.0363702215254], "max": [0.998410701752, 0.775371670723, 0.920485377312, 0.693621218204, 0.521415054798, 0.434956371784], "var": [0.0551622435451, 0.0187667999417, 0.0398503169417, 0.00934155844152, 0.00675155548379, 0.0025898932945], "mean": [0.400119841099, 0.225571513176, 0.259164571762, 0.0917372629046, 0.0789790153503, 0.0394043475389]}}, "lowlevel": {"barkbands_spread": {"dmean2": 9.92609596252, "median": 14.0100326538, "min": 0.216871708632, "dvar2": 168.030380249, "dvar": 67.6923522949, "dmean": 6.19671487808, "max": 121.753692627, "var": 201.277374268, "mean": 17.9597625732}, "melbands_spread": {"dmean2": 12.3338260651, "median": 15.6847114563, "min": 0.248625934124, "dvar2": 282.946166992, "dvar": 110.447631836, "dmean": 7.57684803009, "max": 160.605712891, "var": 250.348617554, "mean": 21.1158313751}, "hfc": {"dmean2": 10.5482845306, "median": 13.1976165771, "min": 4.46663470939e-05, "dvar2": 383.141021729, "dvar": 147.527267456, "dmean": 6.74535322189, "max": 205.263244629, "var": 295.883392334, "mean": 17.4543304443}, "barkbands_kurtosis": {"dmean2": 4.23379468918, "median": 1.72559952736, "min": -1.87688171864, "dvar2": 156.637954712, "dvar": 74.9668502808, "dmean": 2.64458918571, "max": 409.374084473, "var": 139.740341187, "mean": 3.53523302078}, "gfcc": {"mean": [-66.8062362671, 127.185165405, -131.637420654, 26.9344463348, -54.0174217224, -1.97381341457, -32.4487113953, 1.388027668, -15.8458538055, -0.844972848892, -16.2349033356, -3.52802920341, -12.1989955902], "icov": [[0.000189095779206, -0.000554069178179, 0.000549388118088, -0.000769267615397, 0.000659344892483, -0.000433338776929, 0.000317629193887, -0.000240108769503, 0.000417268747697, -0.000629993446637, 0.000533824786544, -0.000285774847725, 6.89972948749e-05], [-0.000554069178179, 0.00312289083377, -0.00215855892748, 0.00260985339992, -0.0021742193494, 0.00255364226177, -0.00256920885295, 0.00324642378837, -0.00360682234168, 0.00482205860317, -0.00356318010017, 0.00260205706581, -0.00110633985605], [0.000549388118088, -0.00215855892748, 0.00303033483215, -0.00252819224261, 0.00222844956443, -0.00194274017122, 0.000998007832095, -0.00196048361249, 0.00223749550059, -0.00327213271521, 0.00272736838087, -0.00250480952673, 0.000576616614126], [-0.000769267615397, 0.00260985339992, -0.00252819224261, 0.00621556164697, -0.0030169992242, 0.00046995448065, -0.0023116141092, 0.00213296245784, -0.00198202789761, 0.00325238704681, -0.00199798634276, 0.0016567640705, -0.000511671067216], [0.000659344892483, -0.0021742193494, 0.00222844956443, -0.0030169992242, 0.00761956721544, -0.00401383964345, 0.0012938886648, -0.00160138425417, 0.00109003786929, -0.000390223023714, -0.0015153021086, 0.000635306467302, -0.000961717159953], [-0.000433338776929, 0.00255364226177, -0.00194274017122, 0.00046995448065, -0.00401383964345, 0.0108459070325, -0.00542803946882, 0.00162065646145, 0.000288939569145, 0.000193967818632, 0.000690414046403, -0.000650934875011, -0.000236198568018], [0.000317629193887, -0.00256920885295, 0.000998007832095, -0.0023116141092, 0.0012938886648, -0.00542803946882, 0.0135609488934, -0.00628463597968, 0.00177697255276, -0.00277730124071, 4.69212354801e-05, -3.33140596922e-05, -0.000613349198829], [-0.000240108769503, 0.00324642378837, -0.00196048361249, 0.00213296245784, -0.00160138425417, 0.00162065646145, -0.00628463597968, 0.0159205421805, -0.010055388324, 0.00668365228921, -0.00226751645096, 0.00194430421107, 0.00131793285254], [0.000417268747697, -0.00360682234168, 0.00223749550059, -0.00198202789761, 0.00109003786929, 0.000288939569145, 0.00177697255276, -0.010055388324, 0.0192948020995, -0.0107047650963, 0.00471693882719, -0.00256659602746, -0.000138138741022], [-0.000629993446637, 0.00482205860317, -0.00327213271521, 0.00325238704681, -0.000390223023714, 0.000193967818632, -0.00277730124071, 0.00668365228921, -0.0107047650963, 0.0225850045681, -0.0106573244557, 0.00449807802215, -0.00104799238034], [0.000533824786544, -0.00356318010017, 0.00272736838087, -0.00199798634276, -0.0015153021086, 0.000690414046403, 4.69212354801e-05, -0.00226751645096, 0.00471693882719, -0.0106573244557, 0.0193243753165, -0.00769541226327, 0.00173666991759], [-0.000285774847725, 0.00260205706581, -0.00250480952673, 0.0016567640705, 0.000635306467302, -0.000650934875011, -3.33140596922e-05, 0.00194430421107, -0.00256659602746, 0.00449807802215, -0.00769541226327, 0.0191968791187, -0.00553457997739], [6.89972948749e-05, -0.00110633985605, 0.000576616614126, -0.000511671067216, -0.000961717159953, -0.000236198568018, -0.000613349198829, 0.00131793285254, -0.000138138741022, -0.00104799238034, 0.00173666991759, -0.00553457997739, 0.0159113183618]], "cov": [[21619.0585938, 2668.94873047, -1694.95361328, 1001.58203125, -408.501251221, -197.484420776, -16.9013633728, -517.50189209, -41.9538421631, -204.262969971, -54.3014907837, -236.116119385, 110.030090332], [2668.94873047, 2167.22680664, -21.5492572784, -235.718383789, 119.70249176, -313.566162109, 62.2604942322, -145.025314331, 105.687362671, -158.672363281, 146.623947144, -100.611885071, 88.7771759033], [-1694.95361328, -21.5492572784, 995.216186523, 131.114868164, -38.700668335, 132.117126465, 81.0957336426, 66.5815811157, -1.68255746365, 40.478302002, -32.4468040466, 73.5375061035, 3.00727629662], [1001.58203125, -235.718383789, 131.114868164, 448.477233887, 56.0485496521, 154.701660156, 64.2247543335, 6.14598560333, -29.575056076, 9.43296813965, -26.8408241272, 12.4318275452, 4.20662164688], [-408.501251221, 119.70249176, -38.700668335, 56.0485496521, 276.299072266, 67.4965133667, 48.5697822571, 13.7820768356, 5.69121217728, -15.4882326126, 49.572933197, -9.76867389679, 21.9528522491], [-197.484420776, -313.566162109, 132.117126465, 154.701660156, 67.4965133667, 235.685333252, 75.1797027588, 34.5392379761, -25.0392608643, 29.1584968567, -21.2636032104, 27.23869133, 0.354731291533], [-16.9013633728, 62.2604942322, 81.0957336426, 64.2247543335, 48.5697822571, 75.1797027588, 139.290420532, 51.6762313843, 20.0827941895, 6.21419668198, 12.0675134659, 0.724588692188, 8.18809986115], [-517.50189209, -145.025314331, 66.5815811157, 6.14598560333, 13.7820768356, 34.5392379761, 51.6762313843, 137.803329468, 50.2793807983, 8.43600177765, -10.2886362076, 3.29241323471, -14.8711299896], [-41.9538421631, 105.687362671, -1.68255746365, -29.575056076, 5.69121217728, -25.0392608643, 20.0827941895, 50.2793807983, 103.852607727, 23.4169425964, 10.1640386581, -5.47485494614, 2.65248894691], [-204.262969971, -158.672363281, 40.478302002, 9.43296813965, -15.4882326126, 29.1584968567, 6.21419668198, 8.43600177765, 23.4169425964, 93.2425308228, 21.3181705475, 12.2709856033, -3.98686027527], [-54.3014907837, 146.623947144, -32.4468040466, -26.8408241272, 49.572933197, -21.2636032104, 12.0675134659, -10.2886362076, 10.1640386581, 21.3181705475, 100.049362183, 15.6759185791, 10.7662067413], [-236.116119385, -100.611885071, 73.5375061035, 12.4318275452, -9.76867389679, 27.23869133, 0.724588692188, 3.29241323471, -5.47485494614, 12.2709856033, 15.6759185791, 79.5307846069, 18.0457687378], [110.030090332, 88.7771759033, 3.00727629662, 4.20662164688, 21.9528522491, 0.354731291533, 8.18809986115, -14.8711299896, 2.65248894691, -3.98686027527, 10.7662067413, 18.0457687378, 76.31224823]]}, "spectral_energyband_middle_low": {"dmean2": 0.00655151857063, "median": 0.0115923974663, "min": 3.65397201385e-09, "dvar2": 8.31168654258e-05, "dvar": 3.85764979001e-05, "dmean": 0.00439761113375, "max": 0.109641946852, "var": 0.000153177257744, "mean": 0.0141675872728}, "melbands_crest": {"dmean2": 4.84387731552, "median": 11.8081455231, "min": 3.67827892303, "dvar2": 19.9685058594, "dvar": 7.96631669998, "dmean": 3.01618504524, "max": 39.3251914978, "var": 26.5257835388, "mean": 12.9093580246}, "spectral_kurtosis": {"dmean2": 6.20287561417, "median": 5.83884620667, "min": -0.378930091858, "dvar2": 52.2467384338, "dvar": 19.5388946533, "dmean": 3.68859004974, "max": 55.8419418335, "var": 41.2442131042, "mean": 7.71851587296}, "spectral_rms": {"dmean2": 0.000862361281179, "median": 0.0047555565834, "min": 3.70664179172e-06, "dvar2": 8.88672900601e-07, "dvar": 4.5045314323e-07, "dmean": 0.00060422567185, "max": 0.0113656334579, "var": 4.50926063422e-06, "mean": 0.00447189994156}, "zerocrossingrate": {"dmean2": 0.0108124557883, "median": 0.04052734375, "min": 0.0029296875, "dvar2": 0.000137360126246, "dvar": 8.6541287601e-05, "dmean": 0.00851486809552, "max": 0.2080078125, "var": 0.000715621572454, "mean": 0.0473780371249}, "silence_rate_60dB": {"dmean2": 0.0117959305644, "median": 0, "min": 0, "dvar2": 0.0143103078008, "dvar": 0.00586200039834, "dmean": 0.00589709589258, "max": 1, "var": 0.117007687688, "mean": 0.135318398476}, "erbbands_kurtosis": {"dmean2": 2.41815972328, "median": 0.156635046005, "min": -1.83890473843, "dvar2": 17.376996994, "dvar": 7.85800075531, "dmean": 1.49660992622, "max": 93.5231246948, "var": 15.7282838821, "mean": 1.18294715881}, "erbbands": {"dmean2": [0.0561334863305, 0.760440289974, 2.31683754921, 4.3282661438, 10.8474845886, 9.60847187042, 6.80675792694, 12.7398557663, 19.7022686005, 24.3117790222, 42.1757164001, 28.9846057892, 25.8512821198, 11.2382602692, 20.9938564301, 26.1862831116, 20.557477951, 23.8722114563, 26.5815563202, 33.6280288696, 54.7073326111, 33.042842865, 32.4219207764, 18.4496574402, 12.0843257904, 10.8035345078, 8.97125530243, 7.98842716217, 8.38147068024, 5.9139008522, 2.70058178902, 0.525675415993, 0.198088228703, 0.19299992919, 0.15594060719, 0.0749604105949, 0.0146872997284, 0.00172457459848, 0.000148940147483, 1.7161390133e-05], "median": [0.0184594765306, 0.344386637211, 1.22551417351, 2.21508741379, 5.77967834473, 6.73825407028, 5.33017158508, 8.47182846069, 15.3326969147, 12.9733581543, 13.8886375427, 11.5669574738, 8.78898620605, 5.98975086212, 9.49794006348, 9.90631389618, 6.48490142822, 6.43920993805, 6.18546295166, 8.22429466248, 8.55833816528, 7.4022359848, 4.68302726746, 3.48695898056, 2.55227470398, 1.91878950596, 1.20959281921, 0.769476294518, 0.487252831459, 0.303043365479, 0.132170677185, 0.0572770386934, 0.0232383627445, 0.0111676882952, 0.00469921901822, 0.0018832347123, 0.000472818181152, 5.78670806135e-05, 1.72416512214e-05, 2.81775173789e-05], "min": [1.04901133113e-07, 2.12198571603e-07, 3.57322534228e-07, 1.02897058696e-06, 8.30960061649e-07, 4.70748972248e-07, 1.32159470922e-06, 9.96529252006e-07, 1.05540198092e-06, 1.78788116045e-06, 9.03300929167e-07, 2.10788221011e-06, 2.29358624892e-06, 4.41420479547e-06, 4.7943235586e-06, 1.16427122521e-06, 4.15507247453e-06, 5.62672448723e-06, 9.78648040473e-06, 6.38174833512e-06, 4.83981966681e-06, 5.63352296012e-06, 5.86487931287e-06, 1.38303703352e-05, 1.60337767738e-05, 3.51142007275e-05, 2.47235930146e-05, 2.35601419263e-05, 1.91324688785e-05, 1.7304042558e-05, 2.03011550184e-05, 1.66634872585e-05, 1.32103559736e-05, 6.12911480857e-06, 3.71211967831e-06, 3.3152996366e-06, 1.12731686386e-06, 4.02271155053e-07, 4.82478377251e-08, 2.0239998566e-09], "dvar2": [0.0126855140552, 1.94822609425, 16.6312255859, 83.8592071533, 382.006011963, 232.716949463, 143.671951294, 448.079193115, 1081.93127441, 2284.1418457, 11575.8115234, 5613.73095703, 5333.83007812, 1347.32006836, 2819.80517578, 4696.07470703, 5250.12841797, 3387.48266602, 6231.34570312, 7092.65869141, 55047.2109375, 8651.83105469, 20128.0097656, 6999.69726562, 1515.77856445, 937.012023926, 902.061645508, 650.764770508, 736.526367188, 336.952667236, 74.0499267578, 1.89856004715, 0.307834714651, 0.593918561935, 0.327421963215, 0.0732976272702, 0.00250010262243, 3.62524297088e-05, 2.85828519964e-07, 1.00854458118e-09], "dvar": [0.00496727088466, 0.799036860466, 8.36849594116, 32.4348144531, 156.078567505, 86.5560073853, 59.0627174377, 198.562179565, 534.600402832, 1046.80212402, 6838.58251953, 2485.92675781, 2169.52416992, 542.888183594, 1102.5715332, 1872.51049805, 2229.81420898, 1490.8894043, 2427.67797852, 2648.97900391, 19905.2597656, 3281.68676758, 7275.10644531, 2590.5234375, 594.45501709, 374.835174561, 357.273956299, 253.344238281, 270.833435059, 127.27961731, 27.0164337158, 0.722451865673, 0.119831927121, 0.214405953884, 0.11676825583, 0.026029644534, 0.000900083745364, 1.30814705699e-05, 1.02592522921e-07, 3.92284316142e-10], "dmean": [0.0348054692149, 0.489676058292, 1.56418788433, 2.67830514908, 6.869535923, 5.93105125427, 4.4230723381, 8.19097614288, 12.9955625534, 16.3196220398, 31.1987266541, 18.2407665253, 15.9393901825, 7.15303468704, 13.3313350677, 16.6858787537, 13.7292251587, 15.3748598099, 16.6830348969, 20.4928398132, 31.9670886993, 20.0206737518, 18.9439811707, 11.0905513763, 7.38915109634, 6.86277484894, 5.69638490677, 4.909055233, 4.90861225128, 3.5432806015, 1.56454324722, 0.329943776131, 0.128002643585, 0.114947885275, 0.0877863839269, 0.0419212542474, 0.00824197847396, 0.000971004541498, 8.39794884087e-05, 1.10947121357e-05], "max": [0.986498296261, 11.2927379608, 47.0401611328, 85.7467498779, 194.971343994, 199.797927856, 143.079574585, 365.306976318, 849.994567871, 843.952209473, 1593.82568359, 2445.93823242, 1121.9979248, 940.456237793, 1177.89538574, 1080.27197266, 1633.94360352, 1110.94360352, 960.047607422, 967.332214355, 4001.27441406, 1075.20507812, 2134.56542969, 2057.55737305, 965.386169434, 506.537841797, 385.610473633, 293.764709473, 242.042068481, 242.608093262, 70.4782485962, 11.9960021973, 6.37769603729, 12.7361412048, 4.88874912262, 3.59918808937, 0.418372005224, 0.0562163256109, 0.00645056786016, 0.000311284355121], "var": [0.00760435825214, 1.75333654881, 23.7978878021, 41.6415367126, 252.376083374, 193.110824585, 191.475494385, 939.725036621, 2188.27783203, 3558.015625, 26493.4453125, 4943.74951172, 3919.86474609, 850.843261719, 1571.63989258, 3453.1262207, 4932.88183594, 3974.11474609, 4710.41113281, 4502.05224609, 13791.8173828, 3459.68579102, 5592.27783203, 2178.90722656, 781.474365234, 541.229309082, 336.686950684, 219.245132446, 195.572265625, 98.9948883057, 18.7517814636, 0.679636836052, 0.122763119638, 0.146183818579, 0.0734438151121, 0.0160424839705, 0.000580006279051, 8.48841682455e-06, 6.58316778868e-08, 7.26785354122e-10], "mean": [0.0533529557288, 0.896845817566, 2.88217139244, 4.33463335037, 10.9484405518, 11.3663702011, 10.0577125549, 18.6483688354, 30.5069656372, 35.2241592407, 70.8836288452, 33.2004585266, 26.4281215668, 13.369852066, 22.5402946472, 27.9723911285, 25.6590881348, 28.406539917, 27.8960647583, 32.7593231201, 34.5551834106, 27.2921543121, 21.8759307861, 15.2418165207, 10.9387044907, 10.0429449081, 6.64043617249, 4.97754430771, 4.31482887268, 3.14153671265, 1.31024539471, 0.360966652632, 0.150331616402, 0.1046551615, 0.0670436993241, 0.0307264011353, 0.00630724988878, 0.00074193283217, 7.27665974409e-05, 3.23990279867e-05]}, "spectral_strongpeak": {"dmean2": 1.08863055706, "median": 0.637250304222, "min": 0, "dvar2": 3.28849625587, "dvar": 1.27138185501, "dmean": 0.646350979805, "max": 14.4586486816, "var": 2.25230097771, "mean": 1.25109529495}, "spectral_energy": {"dmean2": 0.00962733197957, "median": 0.0231807045639, "min": 1.40826728057e-08, "dvar2": 0.000149628031068, "dvar": 7.16867943993e-05, "dmean": 0.0066647157073, "max": 0.132407069206, "var": 0.000331097166054, "mean": 0.0251198559999}, "average_loudness": 0.868305265903, "spectral_rolloff": {"dmean2": 967.791503906, "median": 796.728515625, "min": 43.06640625, "dvar2": 2469557.25, "dvar": 950344.625, "dmean": 550.627868652, "max": 12166.2597656, "var": 1442060.25, "mean": 1316.6072998}, "spectral_centroid": {"dmean2": 458.591522217, "median": 941.585266113, "min": 258.153747559, "dvar2": 317022.03125, "dvar": 133877, "dmean": 291.353179932, "max": 4261.94580078, "var": 470922.9375, "mean": 1173.58044434}, "pitch_salience": {"dmean2": 0.107300050557, "median": 0.549638986588, "min": 0.0240440946072, "dvar2": 0.00888538267463, "dvar": 0.00343910069205, "dmean": 0.0663051083684, "max": 0.840049445629, "var": 0.0093893725425, "mean": 0.545277357101}, "spectral_energyband_middle_high": {"dmean2": 0.00361682125367, "median": 0.00274389935657, "min": 1.71209824096e-09, "dvar2": 5.13161830895e-05, "dvar": 1.9624014385e-05, "dmean": 0.00226065260358, "max": 0.0920079275966, "var": 4.11840592278e-05, "mean": 0.00508717773482}, "spectral_contrast_coeffs": {"dmean2": [0.0813038647175, 0.0703494995832, 0.0630397051573, 0.0519248507917, 0.0471798069775, 0.0305673386902], "median": [-0.636344492435, -0.712602078915, -0.765180945396, -0.771659135818, -0.777559161186, -0.734535813332], "min": [-0.931891262531, -0.961801707745, -0.949918568134, -0.958408117294, -0.927451014519, -0.919470131397], "dvar2": [0.00447425991297, 0.0033054035157, 0.00266603007913, 0.0019670042675, 0.00194839225151, 0.000972435227595], "dvar": [0.00165162759367, 0.00130117253866, 0.00102230906487, 0.000799499568529, 0.000798969704192, 0.000427386170486], "dmean": [0.0494724139571, 0.0438296236098, 0.0385058261454, 0.0321727693081, 0.0296718869358, 0.0194579008967], "max": [-0.305838704109, -0.378426760435, -0.462416499853, -0.509529829025, -0.543862104416, -0.604879498482], "var": [0.00822139717638, 0.00775562645867, 0.00528558716178, 0.00599539559335, 0.0044418592006, 0.00290425354615], "mean": [-0.639268636703, -0.710341691971, -0.762633442879, -0.76051825285, -0.769174098969, -0.74206161499]}, "melbands_skewness": {"dmean2": 0.993463993073, "median": 1.75869727135, "min": -1.34412002563, "dvar2": 2.00628733635, "dvar": 0.899402856827, "dmean": 0.64031034708, "max": 51.2660942078, "var": 3.15616416931, "mean": 1.96249032021}, "spectral_spread": {"dmean2": 777277.3125, "median": 2969938.75, "min": 1266226.75, "dvar2": 965757698048, "dvar": 429965541376, "dmean": 524347.6875, "max": 12714440, "var": 2150264340480.0, "mean": 3376711.25}, "dissonance": {"dmean2": 0.0377393886447, "median": 0.458638429642, "min": 0.243867233396, "dvar2": 0.00118841964286, "dvar": 0.00045103096636, "dmean": 0.0227839276195, "max": 0.500000059605, "var": 0.00122515787371, "mean": 0.450866281986}, "spectral_skewness": {"dmean2": 0.648542642593, "median": 1.66427302361, "min": 0.271167606115, "dvar2": 0.473776727915, "dvar": 0.189767941833, "dmean": 0.403172045946, "max": 6.08737277985, "var": 0.52888584137, "mean": 1.82800972462}, "spectral_flux": {"dmean2": 0.0307635143399, "median": 0.0636298283935, "min": 0.000138136194437, "dvar2": 0.00115654431283, "dvar": 0.00054155185353, "dmean": 0.0201240796596, "max": 0.286094129086, "var": 0.0018207419198, "mean": 0.0687244385481}, "spectral_contrast_valleys": {"dmean2": [0.641295671463, 0.535001754761, 0.523661077023, 0.493270665407, 0.477553665638, 0.501043915749], "median": [-7.09990596771, -6.50944137573, -7.29875087738, -7.93106174469, -8.03558158875, -11.4233894348], "min": [-13.8015069962, -13.8243455887, -14.7666015625, -14.3580112457, -13.6568222046, -15.0163269043], "dvar2": [0.272437274456, 0.186760753393, 0.193150922656, 0.190888017416, 0.253930985928, 0.440972328186], "dvar": [0.112742014229, 0.0747857764363, 0.0774688273668, 0.0834930241108, 0.126472711563, 0.222181603312], "dmean": [0.401449203491, 0.328084915876, 0.320357859135, 0.313507199287, 0.34369802475, 0.403480410576], "max": [-5.49759483337, -4.79032039642, -5.44474506378, -5.69790029526, -5.65515041351, -8.46934318542], "var": [2.8749358654, 2.45109510422, 2.0667591095, 1.90288257599, 1.82501769066, 1.44841766357], "mean": [-7.66678094864, -6.94387817383, -7.68741750717, -8.27495002747, -8.32707691193, -11.4584445953]}, "erbbands_flatness_db": {"dmean2": 0.0318289548159, "median": 0.203415423632, "min": 0.0350808873773, "dvar2": 0.00109640532173, "dvar": 0.000559185922612, "dmean": 0.0221328455955, "max": 0.418667525053, "var": 0.00316630490124, "mean": 0.20068231225}, "spectral_energyband_high": {"dmean2": 0.000644439249299, "median": 7.08150037099e-05, "min": 4.5401256088e-09, "dvar2": 3.17862327393e-06, "dvar": 1.22271467262e-06, "dmean": 0.000400916382205, "max": 0.0172384604812, "var": 1.11904353162e-06, "mean": 0.000438151182607}, "spectral_entropy": {"dmean2": 0.305818796158, "median": 7.1460351944, "min": 4.73831129074, "dvar2": 0.120338350534, "dvar": 0.0554077029228, "dmean": 0.210632905364, "max": 8.86780548096, "var": 0.261226594448, "mean": 7.17956066132}, "silence_rate_20dB": {"dmean2": 0, "median": 1, "min": 1, "dvar2": 0, "dvar": 0, "dmean": 0, "max": 1, "var": 0, "mean": 1}, "melbands_flatness_db": {"dmean2": 0.0425384901464, "median": 0.231407031417, "min": 0.0459081120789, "dvar2": 0.00200960482471, "dvar": 0.000952613481786, "dmean": 0.0289779175073, "max": 0.507515668869, "var": 0.00474230526015, "mean": 0.230807512999}, "barkbands": {"dmean2": [3.52500974259e-05, 0.00288937357254, 0.00201428472064, 0.00207314966246, 0.00303517444991, 0.0013825292699, 0.00135014508851, 0.00185333122499, 0.00112145848107, 0.000656578806229, 0.000459897477413, 0.000557003717404, 0.000457471120171, 0.000462223921204, 0.000618235499132, 0.000969543645624, 0.000532481295522, 0.000618318736088, 0.000306379137328, 0.00020130527264, 0.000195391650777, 0.000278721097857, 8.75135810929e-05, 1.25568667499e-05, 1.97402678168e-05, 1.11042663775e-05, 8.15733017134e-07], "median": [6.76805166222e-06, 0.00128281745128, 0.000930446083657, 0.000737982336432, 0.00237141922116, 0.00108648091555, 0.000946993241087, 0.000666722538881, 0.00039859325625, 0.000185063108802, 0.000178090034751, 0.000201275935979, 9.61093464866e-05, 8.16381070763e-05, 0.000115306102089, 0.000123916892335, 0.000129851337988, 6.81850797264e-05, 5.48913776584e-05, 3.98944030167e-05, 2.20688925765e-05, 1.38047871587e-05, 4.95151289215e-06, 1.81512496056e-06, 8.00799853096e-07, 3.03715353311e-07, 1.81538375443e-08], "min": [2.74762740338e-10, 1.31772792678e-09, 2.43594311389e-10, 1.0237297815e-10, 1.87282064856e-10, 1.20420423633e-10, 7.74379727009e-11, 2.2849392517e-11, 9.03270652719e-11, 9.3592647521e-11, 8.00921967636e-11, 1.93458079417e-11, 8.08331734881e-11, 1.46910345e-10, 1.40857367437e-10, 1.00278479964e-10, 9.30910903918e-11, 1.0583591642e-10, 2.91766805161e-10, 6.46855735642e-10, 6.39008401748e-10, 4.85274986861e-10, 7.66836538713e-10, 7.28389459859e-10, 5.12224596072e-10, 6.74835132219e-10, 3.15647813443e-10], "dvar2": [4.37696634492e-09, 2.89331437671e-05, 1.23086783788e-05, 2.05772885238e-05, 2.35724764934e-05, 4.83368739879e-06, 6.57891587252e-06, 1.84086075024e-05, 8.29277723824e-06, 4.21596223532e-06, 1.01913542494e-06, 1.9255985535e-06, 2.52357131103e-06, 1.86640806987e-06, 2.65295057034e-06, 1.3489138837e-05, 1.73494049704e-06, 7.42339670978e-06, 1.4944881741e-06, 2.74517901744e-07, 4.04689558309e-07, 7.95947869392e-07, 6.66193002985e-08, 9.83528924969e-10, 5.34742339298e-09, 1.52987211788e-09, 8.83603780422e-12], "dvar": [1.70903369234e-09, 1.16044366223e-05, 5.83284418099e-06, 8.0340751083e-06, 9.26603752305e-06, 2.08516644307e-06, 3.41899567502e-06, 1.0265531273e-05, 3.65010373571e-06, 1.69730344624e-06, 4.21259585437e-07, 7.59844908771e-07, 1.09896120648e-06, 8.10848916899e-07, 1.04377386378e-06, 4.90051979796e-06, 6.72508122079e-07, 2.69871338787e-06, 5.65721848034e-07, 1.1073637296e-07, 1.59717515658e-07, 2.95381084925e-07, 2.43974476177e-08, 3.92045368391e-10, 1.92481697248e-09, 5.45931688745e-10, 3.17846248453e-12], "dmean": [2.10378730117e-05, 0.00184678728692, 0.00133668049239, 0.00126678391825, 0.00191693939269, 0.000887107045855, 0.000918527541216, 0.00134622980841, 0.000686246261466, 0.000408306514146, 0.000294729252346, 0.00035290105734, 0.000305565015879, 0.000295478181215, 0.000381084915716, 0.000568853400182, 0.000328308815369, 0.00036020585685, 0.00018540986639, 0.000127204315504, 0.000123406454804, 0.000164384560776, 5.08827652084e-05, 8.30415956443e-06, 1.14362346721e-05, 6.22359493718e-06, 4.55096994756e-07], "max": [0.000608627393376, 0.0406107902527, 0.0352465249598, 0.0445038974285, 0.0508790276945, 0.0329572632909, 0.0608525276184, 0.0653878748417, 0.0928116813302, 0.030960759148, 0.0194166880101, 0.0213831905276, 0.0313851945102, 0.0325007103384, 0.0167560037225, 0.0610574893653, 0.0175493322313, 0.0459177196026, 0.028481869027, 0.00798634719104, 0.00739618577063, 0.00820916611701, 0.00189712329302, 0.000302917003864, 0.000892503303476, 0.000467803853098, 3.05349640257e-05], "var": [2.09176920229e-09, 2.36518881138e-05, 1.53565233632e-05, 8.97454265214e-06, 1.96522196347e-05, 9.05414617591e-06, 1.47000000652e-05, 3.82043945137e-05, 6.72133455737e-06, 2.98261988974e-06, 7.4307115483e-07, 1.36736548484e-06, 2.4420680802e-06, 2.00526483241e-06, 1.84987845842e-06, 3.7916686324e-06, 9.75751959231e-07, 2.04079765354e-06, 5.43486748938e-07, 1.5932950248e-07, 1.46280072499e-07, 2.15134463133e-07, 1.76944041641e-08, 4.76135797456e-10, 1.27230381786e-09, 3.42068012804e-10, 2.01921075346e-12], "mean": [2.36650994339e-05, 0.0033299010247, 0.00234190816991, 0.00173946318682, 0.00375549471937, 0.00209311931394, 0.00211206264794, 0.0