{"tonal": {"thpcp": [1, 0.988709390163, 0.392966896296, 0.127480700612, 0.140103504062, 0.217121720314, 0.532486140728, 0.658859074116, 0.362625509501, 0.184873193502, 0.184843942523, 0.297624230385, 0.728397071362, 0.875144898891, 0.524271547794, 0.690899908543, 0.903271019459, 0.47235929966, 0.171381041408, 0.1621555686, 0.225412145257, 0.634917855263, 0.739819586277, 0.31319129467, 0.146537393332, 0.161575332284, 0.19169844687, 0.593944251537, 0.827854931355, 0.444518327713, 0.162472531199, 0.130830958486, 0.160592898726, 0.413827598095, 0.566797733307, 0.593497037888], "hpcp": {"dmean2": [0.22937053442, 0.228188872337, 0.236725762486, 0.21094250679, 0.172324821353, 0.171681076288, 0.115137048066, 0.101522684097, 0.129448011518, 0.175326958299, 0.164444491267, 0.129018604755, 0.084327891469, 0.0895389541984, 0.111215122044, 0.163841113448, 0.174051389098, 0.158293619752, 0.109121285379, 0.0943533629179, 0.104765303433, 0.146809250116, 0.16291821003, 0.211783513427, 0.255216658115, 0.217479780316, 0.147710517049, 0.0844270586967, 0.0908106788993, 0.142842188478, 0.191307932138, 0.194102466106, 0.175290539861, 0.141039848328, 0.13967551291, 0.191287815571], "median": [0.0452672839165, 0.0695982947946, 0.0550868287683, 0.0219006426632, 0.0120152179152, 0.00997744314373, 0.00488429982215, 0.00364713626914, 0.0076154936105, 0.0212333276868, 0.0274629574269, 0.01551396586, 0.00374549627304, 0.00309789553285, 0.00805181730539, 0.0396682731807, 0.053734138608, 0.0245959945023, 0.00378980138339, 0.00194596953224, 0.00285255769268, 0.0143527025357, 0.0234680268914, 0.0479210391641, 0.1091523543, 0.121291168034, 0.0315359942615, 0.00311532383785, 0.0024792868644, 0.00524570327252, 0.0176390744746, 0.0218670908362, 0.0111200157553, 0.00345988059416, 0.00248008593917, 0.00613453239202], "min": [0, 0, 0, 0, 0, 0, 0, 0, 0, 0, 0, 0, 0, 0, 0, 0, 0, 0, 0, 0, 0, 0, 0, 0, 0, 0, 0, 0, 0, 0, 0, 0, 0, 0, 0, 0], "dvar2": [0.121011264622, 0.110397495329, 0.117031365633, 0.10660674423, 0.0984295755625, 0.0942543894053, 0.0667228996754, 0.0593226328492, 0.0687486678362, 0.0919262692332, 0.0843757987022, 0.0595470368862, 0.0469647422433, 0.0500345602632, 0.0531869716942, 0.0696182474494, 0.0799439623952, 0.0756236389279, 0.0620105192065, 0.0630281642079, 0.0574195571244, 0.0742356479168, 0.0777576938272, 0.0922016277909, 0.118282593787, 0.0868511125445, 0.0651387199759, 0.0452944636345, 0.0563987344503, 0.0941025689244, 0.105211697519, 0.11112935096, 0.0999459400773, 0.0998649820685, 0.099798001349, 0.120137281716], "dvar": [0.0457234159112, 0.0428192913532, 0.0405071750283, 0.038549054414, 0.0398026593029, 0.032685611397, 0.0232749748975, 0.0209919642657, 0.0243100374937, 0.0359487906098, 0.0345544219017, 0.0213720798492, 0.0168113242835, 0.0182066317648, 0.0185297075659, 0.0272014550865, 0.0341272503138, 0.027333388105, 0.0218827202916, 0.0221101399511, 0.0202739965171, 0.0279461611062, 0.030656343326, 0.0329022817314, 0.0456081591547, 0.0355942249298, 0.0237293839455, 0.0159758385271, 0.0200946833938, 0.0335759446025, 0.0401415452361, 0.0436094850302, 0.0361476168036, 0.035536877811, 0.0357596129179, 0.0434556230903], "dmean": [0.130502089858, 0.13195283711, 0.133146181703, 0.119307421148, 0.0978026092052, 0.096232265234, 0.0617021732032, 0.054681841284, 0.0712110325694, 0.100884571671, 0.0963114947081, 0.0733022019267, 0.0460678488016, 0.0486506596208, 0.0613624453545, 0.0974605679512, 0.104928344488, 0.090704485774, 0.0594259090722, 0.0503400117159, 0.0574559867382, 0.0850015059114, 0.095799036324, 0.121140226722, 0.147930547595, 0.13100990653, 0.0858628153801, 0.0455074757338, 0.0482346490026, 0.0774017572403, 0.110846050084, 0.111410625279, 0.0974482744932, 0.0748353302479, 0.0739771276712, 0.103942155838], "max": [1, 1, 1, 1, 1, 1, 1, 1, 1, 1, 1, 1, 1, 1, 1, 1, 1, 1, 1, 1, 1, 1, 1, 1, 1, 1, 1, 1, 1, 1, 1, 1, 1, 1, 1, 1], "var": [0.084383584559, 0.104002982378, 0.0414067208767, 0.0777082592249, 0.141760289669, 0.0451106056571, 0.0167296864092, 0.016364466399, 0.0190281327814, 0.0828350037336, 0.10600283742, 0.0240963324904, 0.0136333266273, 0.0177226103842, 0.0147326597944, 0.0596529506147, 0.104541830719, 0.0416137315333, 0.0164381880313, 0.0161137860268, 0.0153743643314, 0.0427396036685, 0.0695705264807, 0.0510036125779, 0.107474520802, 0.0997028723359, 0.0285073574632, 0.0125482799485, 0.0184147786349, 0.0248030144721, 0.0602143667638, 0.0869089737535, 0.0357897020876, 0.0231766067445, 0.0242841076106, 0.0345206707716], "mean": [0.195583820343, 0.234987467527, 0.140773534775, 0.185515359044, 0.242539688945, 0.126834437251, 0.0460179746151, 0.0435408204794, 0.060526009649, 0.170483469963, 0.19865091145, 0.0840958207846, 0.0393471419811, 0.0433850176632, 0.0514734536409, 0.159481540322, 0.222289502621, 0.11935878545, 0.0436259284616, 0.0351297669113, 0.0431212224066, 0.111117936671, 0.152192354202, 0.159361451864, 0.268512636423, 0.265480965376, 0.105516575277, 0.0342301800847, 0.037619560957, 0.0582999251783, 0.142979264259, 0.176911979914, 0.0973695293069, 0.049640789628, 0.0496329329908, 0.0799158662558]}, "tuning_equal_tempered_deviation": 0.276145875454, "chords_changes_rate": 0.0435913130641, "key_key": "A#", "tuning_diatonic_strength": 0.609052181244, "key_scale": "major", "chords_number_rate": 0.00152951967902, "tuning_frequency": 434.193115234, "tuning_nontempered_energy_ratio": 0.971850812435, "chords_histogram": [24.0134601593, 20.403793335, 16.564699173, 5.20036697388, 14.7904558182, 1.40715813637, 0.596512675285, 0, 1.77424287796, 0, 7.20403814316, 0, 0, 0, 0, 0.305903941393, 0.382379919291, 1.57540535927, 0, 0.611807882786, 0, 0.0611807890236, 0, 5.10859584808], "key_strength": 0.785001158714, "chords_key": "A#", "chords_strength": {"dmean2": 0.00796120706946, "median": 0.530946671963, "min": -1, "dvar2": 0.000669208995532, "dvar": 0.000382819591323, "dmean": 0.00985890161246, "max": 0.773942649364, "var": 0.0144119756296, "mean": 0.526185691357}, "chords_scale": "major", "hpcp_entropy": {"dmean2": 0.87354683876, "median": 1.78828346729, "min": 0, "dvar2": 0.545499384403, "dvar": 0.20904366672, "dmean": 0.519037663937, "max": 4.50898933411, "var": 0.491711854935, "mean": 1.7780700922}}, "metadata": {"audio_properties": {"equal_loudness": 0, "codec": "mp3", "downmix": "mix", "sample_rate": 44100, "analysis_sample_rate": 44100, "bit_rate": 320000, "md5_encoded": "18c2b35aa536f286eb27072e0ebbda30", "length": 303.54284668, "replay_gain": -13.9060459137, "lossless": false}, "version": {"essentia_build_sha": "70f2e5ece6736b2c40cc944ad0e695b16b925413", "essentia": "2.1-beta2", "extractor": "music 1.0", "essentia_git_sha": "v2.1_beta2"}, "tags": {"title": ["Sor Maria"], "artist": ["Man\u00e1"], "date": ["2012"], "genre": ["Latin"], "album": ["Drama Y Luz"], "tracknumber": ["5/12"], "discnumber": ["1"], "musicbrainz_recordingid": ["1d2940d8-685f-40cf-aac8-573d4fd572c6"], "file_name": "1793244.mp3"}}, "rhythm": {"bpm_histogram_first_peak_bpm": {"dmean2": 0, "median": 157, "min": 157, "dvar2": 0, "dvar": 0, "dmean": 0, "max": 157, "var": 0, "mean": 157}, "bpm": 155.665710449, "bpm_histogram_second_peak_spread": {"dmean2": 0, "median": 0.00680273771286, "min": 0.00680273771286, "dvar2": 0, "dvar": 0, "dmean": 0, "max": 0.00680273771286, "var": 0, "mean": 0.00680273771286}, "bpm_histogram_first_peak_weight": {"dmean2": 0, "median": 0.729833543301, "min": 0.729833543301, "dvar2": 0, "dvar": 0, "dmean": 0, "max": 0.729833543301, "var": 0, "mean": 0.729833543301}, "onset_rate": 3.43925094604, "beats_position": [0.417959183455, 0.847528338432, 1.26548755169, 1.68344664574, 2.10140585899, 2.51936507225, 2.93732428551, 3.34367346764, 3.73841261864, 4.12154197693, 4.5046710968, 4.88780021667, 5.27092981339, 5.65405893326, 6.03718805313, 6.43192720413, 6.81505680084, 7.19818592072, 7.58131504059, 7.96444416046, 8.35918331146, 8.74231243134, 9.12544155121, 9.50857162476, 9.89170074463, 10.2748298645, 10.6579589844, 11.0410881042, 11.4242172241, 11.807346344, 12.1904764175, 12.5852155685, 12.9683446884, 13.3630838394, 13.7462129593, 14.1293420792, 14.512471199, 14.8956003189, 15.2787294388, 15.6618595123, 16.0449886322, 16.4281177521, 16.8112468719, 17.1943759918, 17.5775051117, 17.9722442627, 18.3553733826, 18.7385025024, 19.1216316223, 19.5047607422, 19.8994998932, 20.2826309204, 20.6657600403, 21.0488891602, 21.43201828, 21.826757431, 22.2098865509, 22.5930156708, 22.9761447906, 23.3592739105, 23.7424030304, 24.1255321503, 24.5086612701, 24.89179039, 25.286529541, 25.6696586609, 26.0527877808, 26.435918808, 26.8190479279, 27.2021770477, 27.5853061676, 27.9800453186, 28.3631744385, 28.7463035583, 29.1294326782, 29.5125617981, 29.895690918, 30.2788200378, 30.6619491577, 31.0450782776, 31.4398174286, 31.8229465485, 32.2060775757, 32.5892066956, 32.9723358154, 33.3554649353, 33.7385940552, 34.121723175, 34.5048522949, 34.8995895386, 35.2827186584, 35.6658477783, 36.0489807129, 36.4321098328, 36.8268470764, 37.2099761963, 37.5931053162, 37.9878463745, 38.3709754944, 38.7541046143, 39.1372337341, 39.520362854, 39.9034919739, 40.2866210938, 40.6697502136, 41.0528793335, 41.4360084534, 41.8191375732, 42.2138786316, 42.5970077515, 42.9801368713, 43.3632659912, 43.7463951111, 44.129524231, 44.5126533508, 44.9073905945, 45.2905197144, 45.6736488342, 46.0567779541, 46.439907074, 46.8230361938, 47.2061653137, 47.5892944336, 47.9724235535, 48.3671646118, 48.7502937317, 49.1334228516, 49.5165519714, 49.8996810913, 50.2828102112, 50.6659393311, 51.0490684509, 51.4321975708, 51.8153266907, 52.1984558105, 52.5931968689, 52.9879341125, 53.3710632324, 53.7541923523, 54.1373214722, 54.5204544067, 54.9035835266, 55.2867126465, 55.6698417664, 56.0529708862, 56.4477081299, 56.8424491882, 57.2139663696, 57.608707428, 57.9918365479, 58.3749656677, 58.7580947876, 59.1412239075, 59.5243530273, 59.9074821472, 60.2906112671, 60.673740387, 61.0568695068, 61.4399986267, 61.8231277466, 62.2062568665, 62.6009979248, 62.9841270447, 63.3672561646, 63.7619934082, 64.1335144043, 64.5166397095, 64.899772644, 65.2828979492, 65.6660308838, 66.0607681274, 66.4555053711, 66.8386383057, 67.2217712402, 67.5932846069, 67.98802948, 68.3711547852, 68.7542877197, 69.1374130249, 69.5205459595, 69.9036712646, 70.2868041992, 70.6699295044, 71.053062439, 71.4477996826, 71.8309249878, 72.2140579224, 72.5971832275, 72.9803161621, 73.3634490967, 73.7465744019, 74.1297073364, 74.5244445801, 74.9075698853, 75.2907028198, 75.673828125, 76.068572998, 76.4516983032, 76.8348312378, 77.217956543, 77.6010894775, 77.9842147827, 78.3673477173, 78.7620849609, 79.1568222046, 79.5399551392, 79.9114761353, 80.2946014404, 80.677734375, 81.0608596802, 81.4439926147, 81.8271179199, 82.2102508545, 82.5933761597, 82.9765090942, 83.3712463379, 83.7543716431, 84.1375045776, 84.5206298828, 84.9037628174, 85.2868881226, 85.6700210571, 86.0531539917, 86.4478912354, 86.8310165405, 87.2141494751, 87.6088867188, 87.9920196533, 88.3751449585, 88.7466659546, 89.1297912598, 89.5129241943, 89.907661438, 90.2907943726, 90.6739196777, 91.0454406738, 91.4401779175, 91.8233108521, 92.2064361572, 92.6011810303, 92.9843063354, 93.36743927, 93.7505645752, 94.1336975098, 94.5284347534, 94.9115600586, 95.2946929932, 95.6778182983, 96.0609512329, 96.4440765381, 96.8272094727, 97.2103347778, 97.5934677124, 97.976600647, 98.3597259521, 98.7428588867, 99.1259841919, 99.497505188, 99.8922424316, 100.275375366, 100.658500671, 101.053237915, 101.43637085, 101.819496155, 102.202629089, 102.585754395, 102.968887329, 103.352012634, 103.746757507, 104.129882812, 104.513015747, 104.907752991, 105.290885925, 105.67401123, 106.057144165, 106.44026947, 106.835006714, 107.218139648, 107.601264954, 107.984397888, 108.367523193, 108.739044189, 109.133781433, 109.528526306, 109.911651611, 110.294784546, 110.677909851, 111.061042786, 111.432563782, 111.827301025, 112.222038269, 112.605171204, 112.988296509, 113.371429443, 113.754554749, 114.137687683, 114.520812988, 114.903945923, 115.287071228, 115.681808472, 116.064941406, 116.448066711, 116.831199646, 117.22593689, 117.609069824, 117.992195129, 118.375328064, 118.758453369, 119.141586304, 119.524711609, 119.907844543, 120.290969849, 120.674102783, 121.068840027, 121.451972961, 121.835098267, 122.218231201, 122.601356506, 122.984489441, 123.379226685, 123.762359619, 124.145484924, 124.528617859, 124.911743164, 125.294876099, 125.689613342, 126.072738647, 126.455871582, 126.827392578, 127.222129822, 127.605255127, 127.988388062, 128.383132935, 128.76625061, 129.149383545, 129.532516479, 129.915649414, 130.310379028, 130.693511963, 131.076644897, 131.448165894, 131.842895508, 132.237640381, 132.620773315, 133.003890991, 133.398635864, 133.77015686, 134.153289795, 134.536407471, 134.919540405, 135.30267334, 135.685806274, 136.068939209, 136.452056885, 136.835189819, 137.218322754, 137.601455688, 137.984573364, 138.379318237, 138.762451172, 139.145568848, 139.540313721, 139.923446655, 140.30657959, 140.689697266, 141.0728302, 141.455963135, 141.839096069, 142.222213745, 142.60534668, 143.000091553, 143.383224487, 143.777954102, 144.161087036, 144.544219971, 144.927337646, 145.310470581, 145.693603516, 146.07673645, 146.459854126, 146.842987061, 147.226119995, 147.60925293, 147.992385864, 148.37550354, 148.770248413, 149.153381348, 149.548110962, 149.931243896, 150.314376831, 150.697509766, 151.080627441, 151.463760376, 151.846893311, 152.230026245, 152.613143921, 152.996276855, 153.391021729, 153.774139404, 154.157272339, 154.540405273, 154.923538208, 155.306671143, 155.689788818, 156.084533691, 156.467666626, 156.850784302, 157.233917236, 157.617050171, 158.011795044, 158.383300781, 158.754821777, 159.14956665, 159.544311523, 159.927429199, 160.310562134, 160.693695068, 161.076828003, 161.459945679, 161.854690552, 162.237823486, 162.620956421, 163.004074097, 163.375595093, 163.770339966, 164.1534729, 164.536590576, 164.931335449, 165.302856445, 165.68598938, 166.069107056, 166.463851929, 166.858596802, 167.241714478, 167.624847412, 168.007980347, 168.391113281, 168.774230957, 169.157363892, 169.552108765, 169.923629761, 170.318359375, 170.70149231, 171.084625244, 171.467758179, 171.850875854, 172.222396851, 172.617141724, 173.000274658, 173.383392334, 173.75491333, 174.138046265, 174.521179199, 174.915908813, 175.310653687, 175.693786621, 176.076919556, 176.47164917, 176.843170166, 177.226303101, 177.609436035, 178.004165649, 178.387298584, 178.770431519, 179.141952515, 179.52507019, 179.908203125, 180.29133606, 180.674468994, 181.069198608, 181.452331543, 181.835464478, 182.230194092, 182.601715088, 182.996459961, 183.379592896, 183.762710571, 184.145843506, 184.52897644, 184.923721313, 185.306838989, 185.689971924, 186.073104858, 186.456237793, 186.850967407, 187.234100342, 187.617233276, 188.000366211, 188.383483887, 188.766616821, 189.149749756, 189.54447937, 189.916000366, 190.299133301, 190.682266235, 191.07699585, 191.460128784, 191.843261719, 192.238006592, 192.621124268, 193.004257202, 193.399002075, 193.770523071, 194.165252686, 194.54838562, 194.931518555, 195.326248169, 195.709381104, 196.092514038, 196.475646973, 196.858764648, 197.241897583, 197.625030518, 198.019775391, 198.402893066, 198.786026001, 199.157546997, 199.540679932, 199.923812866, 200.31854248, 200.701675415, 201.08480835, 201.467926025, 201.85105896, 202.245803833, 202.628936768, 203.012054443, 203.395187378, 203.778320312, 204.173049927, 204.556182861, 204.939315796, 205.334060669, 205.717178345, 206.100311279, 206.483444214, 206.866577148, 207.249694824, 207.632827759, 208.015960693, 208.399093628, 208.782211304, 209.165344238, 209.548477173, 209.931610107, 210.326339722, 210.709472656, 211.092605591, 211.475738525, 211.858856201, 212.253601074, 212.636734009, 213.019866943, 213.402984619, 213.786117554, 214.169250488, 214.552383423, 214.935501099, 215.318634033, 215.701766968, 216.084899902, 216.479629517, 216.862762451, 217.245895386, 217.62902832, 218.012145996, 218.406890869, 218.790023804, 219.173141479, 219.556274414, 219.939407349, 220.322540283, 220.705657959, 221.100402832, 221.471923828, 221.855056763, 222.238174438, 222.621307373, 223.004440308, 223.399185181, 223.793914795, 224.177047729, 224.560180664, 224.943313599, 225.326431274, 225.721176147, 226.092697144, 226.475830078, 226.858947754, 227.253692627, 227.636825562, 228.019943237, 228.41468811, 228.786209106, 229.169342041, 229.552474976, 229.935592651, 230.318725586, 230.701858521, 231.096588135, 231.479721069, 231.874465942, 232.257598877, 232.640716553, 233.023849487, 233.406982422, 233.790115356, 234.173233032, 234.567977905, 234.962722778, 235.345840454, 235.728973389, 236.100494385, 236.495239258, 236.866760254, 237.24987793, 237.633010864, 238.016143799, 238.399276733, 238.794006348, 239.177139282, 239.560272217, 239.943389893, 240.326522827, 240.7212677, 241.092788696, 241.464309692, 241.859039307, 242.242172241, 242.625305176, 243.02003479, 243.403167725, 243.786300659, 244.169433594, 244.55255127, 244.947296143, 245.330429077, 245.713562012, 246.096679688, 246.479812622, 246.874557495, 247.246078491, 247.629196167, 248.012329102, 248.407073975, 248.790206909, 249.173324585, 249.568069458, 249.939590454, 250.322723389, 250.705841064, 251.100585938, 251.495330811, 251.866836548, 252.261581421, 252.644714355, 253.02784729, 253.410964966, 253.7940979, 254.177230835, 254.56036377, 254.943481445, 255.32661438, 255.709747314, 256.09286499, 256.487609863, 256.870758057, 257.253875732, 257.648620605, 258.031738281, 258.414855957, 258.79800415, 259.181121826, 259.56427002, 259.947387695, 260.330505371, 260.713653564, 261.108398438, 261.491516113, 261.874633789, 262.257781982, 262.640899658, 263.024017334, 263.407165527, 263.8019104, 264.173431396, 264.568145752, 264.951293945, 265.334411621, 265.729156494, 266.11227417, 266.495422363, 266.878540039, 267.261688232, 267.644805908, 268.027923584, 268.422668457, 268.805786133, 269.188934326, 269.572052002, 269.955200195, 270.338317871, 270.721435547, 271.10458374, 271.487701416, 271.882446289, 272.265563965, 272.648712158, 273.031829834, 273.41494751, 273.798095703, 274.181213379, 274.575958252, 274.959075928, 275.342224121, 275.725341797, 276.10848999, 276.503204346, 276.886352539, 277.269470215, 277.640991211, 278.035736084, 278.41885376, 278.802001953, 279.196716309, 279.579864502, 279.962982178, 280.334503174, 280.729248047, 281.112365723, 281.495513916, 281.890258789, 282.284973145, 282.668121338, 283.051239014, 283.434356689, 283.817504883, 284.200622559, 284.572143555, 284.955291748, 285.350006104, 285.744750977, 286.12789917, 286.511016846, 286.894134521, 287.277282715, 287.672027588, 288.055145264, 288.438262939, 288.833007812, 289.216125488, 289.599273682, 289.982391357, 290.365539551, 290.748657227, 291.131774902, 291.514923096, 291.898040771, 292.281188965, 292.664306641, 293.059051514, 293.453796387, 293.848510742, 294.266479492, 294.684448242, 295.102386475, 295.531982422, 296.031188965, 296.530426025, 297.018035889, 297.517272949, 298.01651001, 298.515716553, 299.003356934, 299.490966797, 299.990203857, 300.477813721, 300.977050781, 301.476287842, 301.975494385, 302.474731445, 302.973968506], "beats_loudness": {"dmean2": 0.037014182657, "median": 0.0537910833955, "min": 2.69601951874e-10, "dvar2": 0.0012859335402, "dvar": 0.00041319266893, "dmean": 0.0212038457394, "max": 0.158969566226, "var": 0.00109132181387, "mean": 0.0541266091168}, "danceability": 1.06699752808, "bpm_histogram_second_peak_weight": {"dmean2": 0, "median": 0.186939820647, "min": 0.186939820647, "dvar2": 0, "dvar": 0, "dmean": 0, "max": 0.186939820647, "var": 0, "mean": 0.186939820647}, "beats_count": 782, "bpm_histogram_second_peak_bpm": {"dmean2": 0, "median": 152, "min": 152, "dvar2": 0, "dvar": 0, "dmean": 0, "max": 152, "var": 0, "mean": 152}, "bpm_histogram_first_peak_spread": {"dmean2": 0, "median": 0.0594059824944, "min": 0.0594059824944, "dvar2": 0, "dvar": 0, "dmean": 0, "max": 0.0594059824944, "var": 0, "mean": 0.0594059824944}, "beats_loudness_band_ratio": {"dmean2": [0.304110407829, 0.228386878967, 0.162617340684, 0.0848232135177, 0.0507216975093, 0.0367845520377], "median": [0.647856354713, 0.175511822104, 0.0743809789419, 0.0288668349385, 0.0125158848241, 0.0137979788706], "min": [0.000977890216745, 0.00336667010561, 0.000403810641728, 0.000128406827571, 0.000103849735751, 9.98013729259e-06], "dvar2": [0.0649269148707, 0.0378848090768, 0.0304054096341, 0.0106759034097, 0.00755811948329, 0.00216189655475], "dvar": [0.0238554142416, 0.0141723016277, 0.0112845292315, 0.00401292648166, 0.00262453011237, 0.00106413068715], "dmean": [0.179460793734, 0.133800625801, 0.0949170514941, 0.0484858416021, 0.0278157927096, 0.0214738491923], "max": [0.997062087059, 0.944838345051, 0.787751913071, 0.482035905123, 0.506612896919, 0.908898830414], "var": [0.0512800104916, 0.0301167089492, 0.0147125618532, 0.00485239503905, 0.00174519105349, 0.00296986312605], "mean": [0.610821664333, 0.225102379918, 0.118001766503, 0.0543503910303, 0.0243633575737, 0.024593109265]}}, "lowlevel": {"barkbands_spread": {"dmean2": 5.49122285843, "median": 10.5853614807, "min": 0.187725067139, "dvar2": 77.2356491089, "dvar": 39.1624183655, "dmean": 3.65918755531, "max": 146.96043396, "var": 178.910354614, "mean": 13.5747690201}, "melbands_spread": {"dmean2": 5.05254411697, "median": 9.01078224182, "min": 0.266851246357, "dvar2": 79.7450790405, "dvar": 34.2409057617, "dmean": 3.31214022636, "max": 214.769332886, "var": 130.368179321, "mean": 11.8094186783}, "hfc": {"dmean2": 6.49492883682, "median": 12.4231700897, "min": 1.15940811029e-16, "dvar2": 146.099624634, "dvar": 67.0493545532, "dmean": 4.59653902054, "max": 144.863342285, "var": 275.586395264, "mean": 17.1943378448}, "barkbands_kurtosis": {"dmean2": 8.40727233887, "median": 7.1602730751, "min": -1.92646288872, "dvar2": 287.390472412, "dvar": 119.937072754, "dmean": 5.37644338608, "max": 395.381652832, "var": 353.246337891, "mean": 12.4923849106}, "gfcc": {"mean": [-30.6953239441, 115.022171021, -83.9006118774, 26.7766151428, -50.9569511414, 8.77086448669, -34.0104026794, 3.29610872269, -24.7888202667, -3.30812978745, -11.988237381, -4.05301046371, -9.08720970154], "icov": [[9.36229407671e-05, -6.09581438766e-05, 8.9626875706e-05, -4.69403894385e-05, 0.000107602660137, -0.000170053986949, 0.000125139500597, -0.000261890847469, 0.000164522294654, -0.000271275144769, 0.000306848291075, -0.000175494991709, 0.00020306512306], [-6.09581438766e-05, 0.00111257005483, 0.000170251456439, 0.000247406365816, -0.000283791625407, 0.000780632894021, -0.00071353657404, 0.000373331742594, -0.000747062207665, 0.00140342512168, -0.00170415418688, 0.00126422103494, -0.00102520117071], [8.9626875706e-05, 0.000170251456439, 0.00178987788968, -0.000338671961799, -0.000303910201183, -4.56793968624e-05, -0.000147699422087, -0.000389361521229, 0.00020357586618, -0.000290282303467, 0.00057574728271, -0.00113696756307, 0.000765475677326], [-4.69403894385e-05, 0.000247406365816, -0.000338671961799, 0.00238386238925, -0.000231895348406, 1.03900438262e-05, -6.52567687212e-05, 0.000297220598441, -0.000431244872743, 0.000403117126552, -0.000606423884165, 0.00103869917803, -0.00180692994036], [0.000107602660137, -0.000283791625407, -0.000303910201183, -0.000231895348406, 0.00317128514871, 6.95791022736e-05, -0.0010231398046, 8.1896840129e-05, -0.00147951126564, -0.000739465933293, 0.00071347237099, -0.000268304080237, -0.000116184943181], [-0.000170053986949, 0.000780632894021, -4.56793968624e-05, 1.03900438262e-05, 6.95791022736e-05, 0.00484540173784, -0.000690291344654, -0.000847797549795, -0.000235776227782, -0.00126905390061, -0.00115811312571, 0.00120654143393, 2.6420055292e-05], [0.000125139500597, -0.00071353657404, -0.000147699422087, -6.52567687212e-05, -0.0010231398046, -0.000690291344654, 0.00575035437942, -0.00189098995179, 0.00044610266923, -7.65986260376e-05, -0.000262678193394, -0.00086087937234, 0.00226317951456], [-0.000261890847469, 0.000373331742594, -0.000389361521229, 0.000297220598441, 8.1896840129e-05, -0.000847797549795, -0.00189098995179, 0.00930082332343, -0.0023295825813, -0.000247336021857, -0.00206290162168, 0.000682983431034, -0.00107496907003], [0.000164522294654, -0.000747062207665, 0.00020357586618, -0.000431244872743, -0.00147951126564, -0.000235776227782, 0.00044610266923, -0.0023295825813, 0.0117342118174, -0.00418700603768, 0.00203479104675, 0.00161167175975, -0.00217556091957], [-0.000271275144769, 0.00140342512168, -0.000290282303467, 0.000403117126552, -0.000739465933293, -0.00126905390061, -7.65986260376e-05, -0.000247336021857, -0.00418700603768, 0.0141043383628, -0.00261455471627, 0.000676657480653, 0.000439779774752], [0.000306848291075, -0.00170415418688, 0.00057574728271, -0.000606423884165, 0.00071347237099, -0.00115811312571, -0.000262678193394, -0.00206290162168, 0.00203479104675, -0.00261455471627, 0.013151393272, -0.00372714479454, 0.000285989110125], [-0.000175494991709, 0.00126422103494, -0.00113696756307, 0.00103869917803, -0.000268304080237, 0.00120654143393, -0.00086087937234, 0.000682983431034, 0.00161167175975, 0.000676657480653, -0.00372714479454, 0.0146661614999, -0.00510751176625], [0.00020306512306, -0.00102520117071, 0.000765475677326, -0.00180692994036, -0.000116184943181, 2.6420055292e-05, 0.00226317951456, -0.00107496907003, -0.00217556091957, 0.000439779774752, 0.000285989110125, -0.00510751176625, 0.016375400126]], "cov": [[17567.7070312, -1538.52233887, -517.022460938, -94.8918685913, -873.70703125, 926.216430664, -383.12008667, 426.134368896, -178.850585938, 428.075958252, -280.129974365, 15.6628980637, -252.724014282], [-1538.52233887, 2197.85400391, -316.913665771, -29.3473453522, 244.307220459, -374.455810547, 215.476791382, -52.6379470825, 96.6587753296, -208.714294434, 199.290603638, -86.6970214844, 125.281173706], [-517.022460938, -316.913665771, 713.377868652, 74.4610443115, 91.3622131348, 35.6151504517, 35.9634971619, 22.0814685822, -1.37951910496, 34.6810112, -31.8956356049, 52.489074707, -25.6764659882], [-94.8918685913, -29.3473453522, 74.4610443115, 488.469909668, 57.6603507996, 5.93112754822, -7.32607650757, 1.66098332405, 35.3683815002, 2.7231297493, 5.78828668594, -11.7525339127, 52.1385917664], [-873.70703125, 244.307220459, 91.3622131348, 57.6603507996, 459.324523926, -46.5148735046, 114.46270752, 11.2481412888, 90.245010376, 8.17739582062, 10.310213089, -8.9650554657, 25.2679595947], [926.216430664, -374.455810547, 35.6151504517, 5.93112754822, -46.5148735046, 333.874176025, 2.80274057388, 70.5023651123, 4.15708017349, 84.7041320801, -13.08198452, -5.92976999283, -35.9107551575], [-383.12008667, 215.476791382, 35.9634971619, -7.32607650757, 114.46270752, 2.80274057388, 249.840103149, 44.1857948303, 21.5565814972, -5.86050224304, 35.8154792786, -3.13105964661, -13.6504220963], [426.134368896, -52.6379470825, 22.0814685822, 1.66098332405, 11.2481412888, 70.5023651123, 44.1857948303, 149.401382446, 30.98487854, 35.6383781433, 14.259604454, -1.28539264202, -3.25245046616], [-178.850585938, 96.6587753296, -1.37951910496, 35.3683815002, 90.245010376, 4.15708017349, 21.5565814972, 30.98487854, 129.8775177, 30.2959766388, -1.13246786594, -20.2214584351, 22.0788059235], [428.075958252, -208.714294434, 34.6810112, 2.7231297493, 8.17739582062, 84.7041320801, -5.86050224304, 35.6383781433, 30.2959766388, 117.366455078, -6.67170953751, 1.01190280914, -15.3199911118], [-280.129974365, 199.290603638, -31.8956356049, 5.78828668594, 10.310213089, -13.08198452, 35.8154792786, 14.259604454, -1.13246786594, -6.67170953751, 113.892883301, 14.4882650375, 16.7192516327], [15.6628980637, -86.6970214844, 52.489074707, -11.7525339127, -8.9650554657, -5.92976999283, -3.13105964661, -1.28539264202, -20.2214584351, 1.01190280914, 14.4882650375, 92.6753768921, 16.8607139587], [-252.724014282, 125.281173706, -25.6764659882, 52.1385917664, 25.2679595947, -35.9107551575, -13.6504220963, -3.25245046616, 22.0788059235, -15.3199911118, 16.7192516327, 16.8607139587, 89.2198638916]]}, "spectral_energyband_middle_low": {"dmean2": 0.0103264208883, "median": 0.0145486015826, "min": 3.97817934933e-22, "dvar2": 0.00050879252376, "dvar": 0.000192620267626, "dmean": 0.00633087055758, "max": 0.224532604218, "var": 0.000275651458651, "mean": 0.0175730343908}, "melbands_crest": {"dmean2": 4.59672021866, "median": 14.4633083344, "min": 2.31868386269, "dvar2": 18.3824272156, "dvar": 7.05420780182, "dmean": 2.82842540741, "max": 33.8731460571, "var": 24.9020214081, "mean": 15.2640943527}, "spectral_kurtosis": {"dmean2": 4.73750352859, "median": 5.55545854568, "min": -1.27735424042, "dvar2": 83.7120285034, "dvar": 34.4377059937, "dmean": 2.93961763382, "max": 170.770339966, "var": 101.670417786, "mean": 8.14565658569}, "spectral_rms": {"dmean2": 0.00133779621683, "median": 0.00562844006345, "min": 3.1991609882e-12, "dvar2": 3.21513402923e-06, "dvar": 1.35835546189e-06, "dmean": 0.000855190737639, "max": 0.0154001684859, "var": 5.56124132345e-06, "mean": 0.00552437780425}, "zerocrossingrate": {"dmean2": 0.00914376880974, "median": 0.03369140625, "min": 0.00244140625, "dvar2": 0.00012776562653, "dvar": 0.000117960393254, "dmean": 0.00784985069185, "max": 0.77099609375, "var": 0.00298776431009, "mean": 0.0432250276208}, "silence_rate_60dB": {"dmean2": 0.0284577719867, "median": 0, "min": 0, "dvar2": 0.0339325405657, "dvar": 0.0140225468203, "dmean": 0.0142277982086, "max": 1, "var": 0.0589905716479, "mean": 0.0629493668675}, "erbbands_kurtosis": {"dmean2": 1.83475828171, "median": 0.925915956497, "min": -1.84486436844, "dvar2": 15.4935493469, "dvar": 6.53598165512, "dmean": 1.20410621166, "max": 109.614356995, "var": 15.431977272, "mean": 1.85262537003}, "erbbands": {"dmean2": [0.23425257206, 1.89713668823, 5.92090511322, 9.23365020752, 21.642665863, 18.9657726288, 12.0109462738, 16.6123218536, 11.3861494064, 14.4719676971, 19.6420440674, 24.9901046753, 11.8076782227, 11.5836496353, 13.2304544449, 16.0515937805, 23.547952652, 16.318479538, 15.3512563705, 9.02864742279, 5.90825223923, 6.04201173782, 4.98394536972, 3.9869685173, 5.74000358582, 4.10983562469, 3.25076031685, 4.4923415184, 3.86819791794, 2.32257151604, 2.24659752846, 1.66310071945, 1.34955966473, 0.794356942177, 0.394732505083, 0.172088474035, 0.0647473633289, 0.0154045540839, 0.00308575620875, 0.000235106635955], "median": [0.097772821784, 1.11229324341, 4.47946166992, 7.32391548157, 8.52981090546, 11.5450115204, 10.0244102478, 13.6045751572, 8.83512496948, 7.07726573944, 6.62909030914, 9.81169891357, 5.83330059052, 7.02254962921, 5.61333703995, 6.69080162048, 5.09564495087, 4.27864074707, 4.27941417694, 2.94043064117, 2.78979754448, 3.15369462967, 2.71165752411, 2.08564949036, 2.69493079185, 1.58219063282, 0.982973694801, 1.03226053715, 0.926961302757, 0.582791388035, 0.432460784912, 0.458454728127, 0.414050400257, 0.216405883431, 0.0996751785278, 0.0226289443672, 0.00486587919295, 0.000836784834974, 0.000100946293969, 5.17080334248e-05], "min": [1.6082531761e-21, 2.26312463536e-20, 8.57110333561e-20, 6.405723499e-20, 1.38960707741e-19, 1.48874170114e-19, 9.35141705788e-20, 4.2724150057e-19, 1.26848395089e-18, 1.37071406542e-18, 1.72561663102e-18, 2.94951017022e-18, 1.0239147679e-18, 2.6047675539e-18, 3.67238868421e-18, 5.00999846453e-18, 4.21674301044e-18, 4.04244778357e-18, 8.94516174983e-18, 4.62311244356e-18, 1.03416849877e-17, 6.67233164279e-18, 7.21026208438e-18, 1.7375479669e-17, 2.10300628769e-17, 1.06370778019e-17, 1.39507534096e-17, 1.37880502919e-17, 2.40177267529e-17, 1.60683159254e-17, 1.64242203102e-17, 1.42490297755e-17, 1.44008769749e-17, 1.36044956052e-17, 8.2788644577e-18, 5.39238007348e-18, 2.82499219107e-18, 1.21675683167e-18, 3.13693461457e-19, 4.2953989945e-20], "dvar2": [0.330114215612, 14.5022583008, 129.503189087, 251.775466919, 3981.00634766, 2155.04394531, 483.962249756, 994.04473877, 725.919189453, 1461.62451172, 3765.14599609, 4966.11669922, 832.397583008, 858.46496582, 1905.07434082, 3014.2487793, 6871.70605469, 3110.20288086, 1908.68798828, 923.233703613, 220.4168396, 176.60774231, 84.9322433472, 81.3288192749, 183.062728882, 163.197418213, 91.1728897095, 252.109375, 200.04524231, 50.8595046997, 60.0349884033, 29.7756729126, 22.4954299927, 9.1162519455, 1.45633709431, 0.213239833713, 0.0322125591338, 0.0019241849659, 9.19558515307e-05, 5.10676215981e-07], "dvar": [0.14067620039, 5.36978626251, 47.8568000793, 96.3683700562, 1451.30578613, 767.926879883, 189.883178711, 398.45501709, 325.909637451, 712.854370117, 2096.43701172, 2769.97802734, 573.878417969, 433.017669678, 985.016601562, 1611.23425293, 3262.85742188, 1517.2322998, 806.861022949, 432.636230469, 91.1469573975, 77.0592422485, 36.1496353149, 31.0999412537, 69.7159500122, 60.4124755859, 36.948600769, 93.4104995728, 71.6472244263, 20.2210941315, 25.8294448853, 15.8668422699, 12.3194198608, 5.0774269104, 0.790118336678, 0.0996441468596, 0.0142211159691, 0.00085400394164, 4.21104014094e-05, 2.42181698695e-07], "dmean": [0.148115456104, 1.12783551216, 3.53256702423, 5.53074359894, 12.5615329742, 11.1000375748, 7.51318359375, 10.311378479, 7.83078241348, 9.99790859222, 14.6828804016, 18.7261314392, 9.22974014282, 8.29658603668, 9.46710777283, 11.3312253952, 16.5111484528, 11.0998878479, 9.82328224182, 5.8006401062, 3.76851987839, 3.82092142105, 3.1095161438, 2.44384646416, 3.45729088783, 2.48096990585, 1.98474061489, 2.69261217117, 2.32159233093, 1.46926510334, 1.44453263283, 1.15070664883, 0.961368381977, 0.597101807594, 0.286245167255, 0.119562253356, 0.044504661113, 0.010602558963, 0.00213507190347, 0.000166338315466], "max": [5.45087099075, 32.8969230652, 95.9681472778, 151.691833496, 559.121765137, 521.821899414, 376.562530518, 398.515075684, 564.416137695, 745.059997559, 1540.20092773, 1772.01525879, 1184.03198242, 899.860046387, 1972.92834473, 1877.43835449, 2269.19799805, 1864.04919434, 1373.51660156, 951.560791016, 428.573883057, 246.069580078, 151.398712158, 242.672744751, 203.148239136, 331.486877441, 171.247497559, 209.798324585, 158.808731079, 109.103378296, 159.756698608, 183.775802612, 112.740921021, 74.3220977783, 46.8374481201, 9.0682964325, 2.88414812088, 0.550293982029, 0.13577234745, 0.0101177040488], "var": [0.203404769301, 6.45142126083, 64.2954483032, 155.625671387, 1250.21191406, 835.911071777, 543.885864258, 1052.61755371, 1057.10498047, 2804.56884766, 10580.2314453, 14740.2333984, 3857.85864258, 2118.92602539, 3138.51489258, 5974.32714844, 15661.5820312, 7781.17529297, 1875.54882812, 2085.97363281, 253.975601196, 250.14805603, 108.138618469, 63.5077629089, 138.412567139, 84.3820343018, 65.9670181274, 109.906303406, 75.4772872925, 36.8648262024, 53.9614830017, 45.7689743042, 36.2310295105, 14.8104696274, 2.16596508026, 0.216262638569, 0.0253797397017, 0.00143288040999, 6.79380100337e-05, 4.19450998379e-07], "mean": [0.245815560222, 1.8079829216, 6.78910779953, 10.9694395065, 17.1532688141, 20.2958240509, 18.3319377899, 24.0705699921, 19.6039142609, 24.7383937836, 40.2089691162, 50.5169219971, 26.727432251, 21.9465713501, 22.1706295013, 24.9599876404, 38.4171409607, 25.9010601044, 18.1861934662, 12.2544288635, 7.93080663681, 8.49282836914, 6.50962257385, 5.0000128746, 6.69600391388, 4.54601049423, 3.46687150002, 4.15969181061, 3.5424451828, 2.48020195961, 2.38483381271, 2.14370203018, 1.86152338982, 1.10797691345, 0.515000700951, 0.203374773264, 0.0700338333845, 0.0160364191979, 0.00313523644581, 0.000275199912721]}, "spectral_strongpeak": {"dmean2": 0.733631074429, "median": 0.480982422829, "min": 0, "dvar2": 1.75153565407, "dvar": 0.744009852409, "dmean": 0.422594040632, "max": 11.1620283127, "var": 1.44277989864, "mean": 0.861785650253}, "spectral_energy": {"dmean2": 0.0189838688821, "median": 0.0324713215232, "min": 1.04904975911e-20, "dvar2": 0.00104706012644, "dvar": 0.000418720650487, "dmean": 0.0118724098429, "max": 0.243094325066, "var": 0.00081354129361, "mean": 0.036982037127}, "average_loudness": 0.904350996017, "spectral_rolloff": {"dmean2": 388.439666748, "median": 452.197265625, "min": 64.599609375, "dvar2": 1059071.375, "dvar": 511275.125, "dmean": 232.923919678, "max": 21360.9375, "var": 3716531.75, "mean": 851.846923828}, "spectral_centroid": {"dmean2": 217.963470459, "median": 636.411010742, "min": 107.27180481, "dvar2": 103730.960938, "dvar": 51201.984375, "dmean": 142.717926025, "max": 10984.4833984, "var": 233843.25, "mean": 737.301513672}, "pitch_salience": {"dmean2": 0.105688370764, "median": 0.533247590065, "min": 0.0365578196943, "dvar2": 0.00993461254984, "dvar": 0.00373806827702, "dmean": 0.0644360259175, "max": 0.903585672379, "var": 0.01163350977, "mean": 0.527971029282}, "spectral_energyband_middle_high": {"dmean2": 0.00150422006845, "median": 0.00164775992744, "min": 1.52944271525e-21, "dvar2": 7.4924701039e-06, "dvar": 3.77295623366e-06, "dmean": 0.00106904446147, "max": 0.0499766469002, "var": 2.73119712801e-05, "mean": 0.00372131424956}, "spectral_contrast_coeffs": {"dmean2": [0.0793084651232, 0.0706232637167, 0.0565367676318, 0.0498787090182, 0.0352138653398, 0.0277863088995], "median": [-0.627289652824, -0.669832468033, -0.735310137272, -0.774055540562, -0.789902031422, -0.791329264641], "min": [-0.976057171822, -0.964749336243, -0.975993931293, -0.964302718639, -0.964066326618, -0.957470357418], "dvar2": [0.00474936887622, 0.00375345628709, 0.00231252796948, 0.001749633695, 0.000960467848927, 0.000845029775519], "dvar": [0.00177173572592, 0.00150209083222, 0.00104151491541, 0.000785350974184, 0.000431572378147, 0.000335237127729], "dmean": [0.0481038726866, 0.0436032824218, 0.0365528427064, 0.0319394133985, 0.0220914650708, 0.0174503102899], "max": [-0.279383927584, -0.383987545967, -0.432072132826, -0.477023422718, -0.539843082428, -0.642557144165], "var": [0.00752601120621, 0.00664991606027, 0.00662122434005, 0.00544676324353, 0.00256231683306, 0.00153856549878], "mean": [-0.619694173336, -0.669554591179, -0.727331399918, -0.765741586685, -0.785526156425, -0.788636445999]}, "melbands_skewness": {"dmean2": 1.16584813595, "median": 3.13140630722, "min": -1.14513421059, "dvar2": 1.8453899622, "dvar": 0.811816930771, "dmean": 0.770626485348, "max": 16.7307415009, "var": 3.70453333855, "mean": 3.34559369087}, "spectral_spread": {"dmean2": 802278.9375, "median": 4573814.5, "min": 518624, "dvar2": 917600927744, "dvar": 583465107456, "dmean": 598888.375, "max": 40828012, "var": 4025935200260.0, "mean": 4781727}, "dissonance": {"dmean2": 0.0390187948942, "median": 0.44732144475, "min": 0.2035600245, "dvar2": 0.00138326617889, "dvar": 0.000542836729437, "dmean": 0.0238562840968, "max": 0.499981731176, "var": 0.0017647043569, "mean": 0.43802973628}, "spectral_skewness": {"dmean2": 0.481008350849, "median": 1.99891448021, "min": -0.0274780243635, "dvar2": 0.436754018068, "dvar": 0.188192531466, "dmean": 0.311295866966, "max": 10.7759056091, "var": 0.807769417763, "mean": 2.12655138969}, "spectral_flux": {"dmean2": 0.0430857762694, "median": 0.0655432417989, "min": 1.02423132475e-10, "dvar2": 0.00316490256228, "dvar": 0.0014247095678, "dmean": 0.0274073872715, "max": 0.4354993999, "var": 0.00306760403328, "mean": 0.076927550137}, "spectral_contrast_valleys": {"dmean2": [0.615527451038, 0.576739668846, 0.520362317562, 0.545639336109, 0.455179899931, 0.40710696578], "median": [-6.57299757004, -6.92379665375, -7.67305755615, -8.28513240814, -8.28279304504, -10.2611942291], "min": [-26.592092514, -27.3494625092, -27.2005214691, -27.0316677094, -27.2108612061, -27.2899341583], "dvar2": [0.303408920765, 0.306433618069, 0.247109919786, 0.332548975945, 0.329995959997, 0.309721559286], "dvar": [0.129777103662, 0.140530794859, 0.118169732392, 0.178342267871, 0.17902867496, 0.191349670291], "dmean": [0.376348316669, 0.362439900637, 0.331681877375, 0.36611777544, 0.313933551311, 0.326571643353], "max": [-4.88915205002, -4.63259077072, -5.73431015015, -6.02863645554, -5.93015003204, -7.41314315796], "var": [1.9018