{"tonal": {"thpcp": [1, 0.690766334534, 0.461115717888, 0.432750612497, 0.382519692183, 0.409785628319, 0.48565980792, 0.415851503611, 0.352871060371, 0.37480905652, 0.410196363926, 0.644692718983, 0.81282222271, 0.60557192564, 0.47646266222, 0.508495926857, 0.501783967018, 0.55086606741, 0.551802814007, 0.486148506403, 0.529964387417, 0.556581556797, 0.474081784487, 0.42290827632, 0.395020097494, 0.348210394382, 0.342786282301, 0.377255946398, 0.419285267591, 0.524764955044, 0.516279280186, 0.400054097176, 0.401979595423, 0.427946478128, 0.484194636345, 0.821363031864], "hpcp": {"dmean2": [0.263052642345, 0.236046463251, 0.270221471786, 0.285849660635, 0.253809154034, 0.228177636862, 0.202283769846, 0.194828361273, 0.191265270114, 0.209633395076, 0.228455394506, 0.254243373871, 0.251457750797, 0.212153166533, 0.217031911016, 0.231116756797, 0.271873295307, 0.344994723797, 0.294181376696, 0.321883350611, 0.265376985073, 0.237273514271, 0.210309892893, 0.221444323659, 0.267236411572, 0.232586041093, 0.196264177561, 0.210577651858, 0.23501317203, 0.299262613058, 0.287199795246, 0.275518357754, 0.24125854671, 0.234237134457, 0.250754386187, 0.263176083565], "median": [0.0840742960572, 0.090766645968, 0.124880224466, 0.133035570383, 0.111875370145, 0.0772723704576, 0.0633733272552, 0.0475497469306, 0.0444115251303, 0.0433839559555, 0.0768960788846, 0.109029993415, 0.0931103378534, 0.0649203211069, 0.0666005462408, 0.0724353939295, 0.10885989666, 0.198379665613, 0.23317310214, 0.167831599712, 0.0880804806948, 0.0650491267443, 0.0588654503226, 0.0631509870291, 0.0732823908329, 0.0644689053297, 0.0458083003759, 0.0494497939944, 0.0756328105927, 0.15916582942, 0.166919887066, 0.129494264722, 0.0772044807673, 0.0651991665363, 0.0885644257069, 0.0946450233459], "min": [0, 0, 0, 0, 0, 0, 0, 0, 0, 0, 0, 0, 0, 0, 0, 0, 0, 0, 0, 0, 0, 0, 0, 0, 0, 0, 0, 0, 0, 0, 0, 0, 0, 0, 0, 0], "dvar2": [0.124949768186, 0.0856164246798, 0.0857576355338, 0.0978730469942, 0.0884417816997, 0.090969286859, 0.086340688169, 0.0863266438246, 0.0855196192861, 0.0961485654116, 0.0899061635137, 0.0976626873016, 0.100789606571, 0.0900366306305, 0.090652666986, 0.0943532213569, 0.0945468395948, 0.124367415905, 0.105526342988, 0.117724195123, 0.102069370449, 0.105830907822, 0.085695721209, 0.0920112580061, 0.133298292756, 0.102096140385, 0.078079752624, 0.0948509052396, 0.0860991105437, 0.095949858427, 0.1075604707, 0.102490603924, 0.103509813547, 0.103921480477, 0.109270207584, 0.115298114717], "dvar": [0.045869205147, 0.0320361033082, 0.0328320972621, 0.0372671186924, 0.0323007255793, 0.033709526062, 0.0324903279543, 0.0316118299961, 0.02983934246, 0.0353854820132, 0.0326214507222, 0.0358453989029, 0.0377081148326, 0.0325770862401, 0.0332810357213, 0.0344101414084, 0.0349633321166, 0.0468022152781, 0.0422610379755, 0.0431482680142, 0.0381762199104, 0.0399739854038, 0.0316739454865, 0.0328331999481, 0.0471687726676, 0.0364544391632, 0.029537813738, 0.0343676023185, 0.0316958725452, 0.0358160287142, 0.0407681725919, 0.0381787344813, 0.0384112410247, 0.0392539463937, 0.0395896323025, 0.0421941950917], "dmean": [0.151437237859, 0.137690246105, 0.158348441124, 0.167074039578, 0.148508682847, 0.132523030043, 0.118271291256, 0.111094355583, 0.109704345465, 0.119146674871, 0.130274295807, 0.147178992629, 0.146014034748, 0.122930049896, 0.124102309346, 0.132721334696, 0.155590221286, 0.198247388005, 0.17240460217, 0.184048578143, 0.152153328061, 0.136070951819, 0.121732741594, 0.126214653254, 0.150280267, 0.131170555949, 0.113523490727, 0.120330452919, 0.135645225644, 0.174521133304, 0.167934119701, 0.157469108701, 0.139848172665, 0.136660590768, 0.145372956991, 0.154417663813], "max": [1, 1, 1, 1, 1, 1, 1, 1, 1, 1, 1, 1, 1, 1, 1, 1, 1, 1, 1, 1, 1, 1, 1, 1, 1, 1, 1, 1, 1, 1, 1, 1, 1, 1, 1, 1], "var": [0.0761916637421, 0.054573122412, 0.0470001250505, 0.0532629154623, 0.0405562147498, 0.0457355231047, 0.0453930944204, 0.0410617776215, 0.0394178777933, 0.0488100238144, 0.0438349507749, 0.0583635345101, 0.0635614618659, 0.0449511855841, 0.046747803688, 0.0486485697329, 0.0466787107289, 0.0960211232305, 0.133324190974, 0.0741610601544, 0.0499197021127, 0.0584939047694, 0.0430438406765, 0.0440749898553, 0.068646967411, 0.0484210401773, 0.0414619930089, 0.0480081699789, 0.0417810194194, 0.0580380260944, 0.110852196813, 0.064346678555, 0.0594632588327, 0.0757651403546, 0.0590655505657, 0.0690308213234], "mean": [0.21279835701, 0.187479287386, 0.204376548529, 0.214641228318, 0.182825863361, 0.16309119761, 0.152336344123, 0.134284555912, 0.132192790508, 0.14548574388, 0.161694020033, 0.202371418476, 0.199098989367, 0.154277667403, 0.155020222068, 0.165034145117, 0.186725795269, 0.316752105951, 0.385642021894, 0.2663885355, 0.177825599909, 0.166886821389, 0.147515669465, 0.158030554652, 0.1872908324, 0.160369813442, 0.136081904173, 0.144542127848, 0.158188953996, 0.248620614409, 0.313458412886, 0.233533978462, 0.183744028211, 0.196097388864, 0.193508982658, 0.212437108159]}, "tuning_equal_tempered_deviation": 0.11245136708, "chords_changes_rate": 0.0777863785625, "key_key": "G", "tuning_diatonic_strength": 0.508809804916, "key_scale": "minor", "chords_number_rate": 0.00657894741744, "tuning_frequency": 432.940917969, "tuning_nontempered_energy_ratio": 0.835462033749, "chords_histogram": [5.03095960617, 1.39318883419, 6.26935005188, 1.81888544559, 0.541795670986, 3.40557265282, 0, 2.28328180313, 1.12229096889, 2.90247678757, 0.270897835493, 4.48916387558, 6.15325069427, 0.0773993805051, 0.580495357513, 2.24458193779, 1.12229096889, 0.193498447537, 0.696594417095, 8.90092849731, 2.32198143005, 12.074303627, 13.351392746, 22.7554187775], "key_strength": 0.655603826046, "chords_key": "D#", "chords_strength": {"dmean2": 0.0146006373689, "median": 0.510017752647, "min": 0.224969565868, "dvar2": 0.000257679668721, "dvar": 0.000161668518558, "dmean": 0.0126169594005, "max": 0.83112859726, "var": 0.0116360550746, "mean": 0.51859241724}, "chords_scale": "major", "hpcp_entropy": {"dmean2": 1.23022353649, "median": 2.45373249054, "min": 0, "dvar2": 0.966311514378, "dvar": 0.342449694872, "dmean": 0.721972465515, "max": 4.64531040192, "var": 0.866019070148, "mean": 2.42493844032}}, "metadata": {"audio_properties": {"equal_loudness": 0, "codec": "mp3", "downmix": "mix", "sample_rate": 44100, "analysis_sample_rate": 44100, "bit_rate": 256000, "md5_encoded": "a4492bccdc00b0792288a1d43d56e746", "length": 119.928161621, "replay_gain": -12.4820327759, "lossless": false}, "version": {"essentia_build_sha": "2d9f1f26377add8aeb1075a9c2973f962c4f09fd", "essentia": "2.1-beta2", "extractor": "music 1.0", "essentia_git_sha": "v2.1_beta2-1-ge3940c0"}, "tags": {"title": ["Im Gebeit des Grahls, ein Schloss"], "language": ["deu"], "media": ["CD"], "albumartist": ["Various Artists"], "length": ["119928"], "musicbrainz_recordingid": ["1d2afb06-de1a-4226-8252-5ec419359359"], "musicbrainz_albumartistid": ["89ad4ac3-39f7-470e-963a-56509c546377"], "discnumber": ["01/01"], "bpm": ["130.53"], "catalognumber": ["ltd008"], "contentgroup": ["Experimental,Minimal"], "musicbrainz album type": ["Album", "Compilation"], "musicbrainz album status": ["Official"], "file_name": "1-13 - Marcus Schmickler - Im Gebeit des Grahls, ein Schloss.mp3", "acoustid_fingerprint": ["AQADrMlUKzq0P_iL--gViFyHnsfRw_IO_8AFH8fhQ89x-Phx_PB3aIp3_EUPn0PO4_BJ_EP-44Sv4BAfo8xzvHpwv9Cew8c9Ih_OZMaRq_AlaPxR5iHh7gnO4z_-QPxxLR9yPrjx40ijo8oP_biSHacs-Hh2XMtwb_hyaKJ0-MjzwcuBH_5wC36O7niOkHIsNDeel9Aap4Y4LXJwpFMadOJRHr7xCT_cqke4bDr05EEwOjnOFM2eIwvDQ5esI_tR6_Cxrf_QK8ZXBc0bVNmnFPmRHOXhFz3x4yb-4UqM-3h2_BeuIkzoFX16PDTRPoPrQ_txH8dzNA_Cs7gQdoxxVccf6PCOsCSD8k_gIx--Hw_EbUf-4Hnw48elw7tx4UL44w0-HT_CbFli9GyEXwp-opQCn6nQXiqu5TLOGtdRU0Tz4T_OrVFgFT8eNM_hX-gpXMnxB202-MR1ww6P77iJI9cLXbGQRzuO54J_HM6P57iOR4ePE-EPOT_ySA9-tDmakcGJW6gsHc3k4Fnw6CTynHBMLhnO5IcKPUdJIYxF4iKX4MeHLmSMJsxEvC7y40bLJ3AS7cgjGQ7hccKZCyVf_MGnownCGxcqSTqs6fDxDPnxC4cTE_mgVRFC4_DYF5eCH4d_5NBLD-GFi_hx0viDLy9y6FGYIvTmwA-FXsc9XD1-NGSGcj8-XviDX8mRXBZy7XgSBj9xVC8alSlOJcbDA8kvxGKOThGPa0PaQyP3IOeLWzqOj0ITsQgvFeryoEvxo-zRKg-aHm8OFc2hD54QfkLPH-dh58ALv1C5Gz1-4c7xskGvHD--Gd7RN73wID6SH3-Oj8fFi3iWoakzFJeMS0h6FpETSceV4_qCY8pVdMYT4XqQX9CFMOfRiUM-icdznD8aRkTJjEIvhDmBE-_RP2i-otTRcCGuc8gTHFr0BCfxajDjDD9yuMapIp2OjxPxXBBzlHzxHw-PC80DrWNc_EbcF9eOUtvhZ0WOG_qO54J3C0-h73iQ7viPHz7-4DnxkKiPm8aDHhc-EY-Qc0jy43CUD9WDHv5RfZh-hBnOD_-gPfBF3EinP3iPJ7jh4zj2o0w4HM2jo6L0INCPXuIhDi0Ylvhh7bhwmBwU_ag32LaKB98h6oc3G-F5lIL_YeoQejxcLRe0lQWjH9SR_ziG_MSP5CM5-FVQWTmeTx7-BVeOfjjSI3mWJ5iv4EfXGOOHizl-5FGeI1meHrXwJAku5UKeQ06SJkfJB-4WHP6O5yma-dCPPUH8onmM4z3u4xSP6EOfY5KSFV9DfOIRO4eP5-hzcCKPK0oWlD9S7zDeHo4mPLiOgzq-PYPIZ7iJXUO65eh89CccoRUuIT-050gj8Wjx9dgz9J_QrDtCKVGJr2ju4UKe4_SMLgvDFE_8UMhz6ETaoz_4D1dRein8eMHUU0KuEP10HG8O1cVvpJP4BP0j7Mbh92BVfEqGR0_Q_GrQp0e-XNCdI1yWfDBH8bikNsh--MUPkT0Y8hGuLKh66JIwzSzKEg2jKMa1Q7_QxBlK9jgeH183KHoOr0d44igrNKeK3CTaww7BQ99CmJ9xX0jz4McnD_8IOyG4W7iWEo4WHVeIaOPxyHAWvfAePJ9RJs6Kkxbx0Ed_iE7Yo9RGiciHizweFs2PUsqQ55B5hEfjKcWPXB_0UIFzHl9O4UNlpAuuRnGC__ixY-uW42wWHJ-PqxwRrrQCFTlq4S6e4IdJXFzQFX9k4RdeIamEhpwRlset4y16hAvxKPNx3UEzoufRRvrg3RBDG3komNKMvvhOYiKcJkuOT0T8QvxRCd_xSBmaHyFqHT7OYf2u4ERu1CL07qjVsAjj8TiP59WE__CDP-iFmDceQq1Y_ERLnbh4lD_8HL8avEt27JINR8uJMikq-PnRSxqhLeExJaKOp7iyoOQ-NOR-3DiTHp8y7egR5sGz4xkufsU-Fr3wI5cu3NqhP8Zh3CKc87AvQpG3TEKO_vB4rIp9fGFwBTzKIKJNJO-HZlSHPonwHHdy_Nzwi0JUrUZ1gkkv4ckQ_dqRX0O_wDwqJj3kUcYl9EvQHNdOHH8OLeWPHr1w6HLRiziPaiP8HZ31o0eTVThyHk1MlMziAKGPT8qhrVF-vNnxatiJQ5-HejlSbulQ6VRwI6_xGtp_-OiP4zs0NxSaMzVy5mhiHV3kGHl4nHvg84NuIw_s-Lh8fIlCMDn640ee6EOXJ4VD5biI0oLGKGnh7siFo4nxJFuO7-jhLxvy49dwRuh0hPwJX7vRp2BRbcc3CxSOzNzh0cf0FzozDm1sIW22oWQU3Mhj9XgKPckRUorhG33xCr-E-QmaI3RT6EF4NJsodHrho2ywcxLCq_B-aK1S4Tp-TIceXIfnGVTSHfG6E83HSdiNnBduaLeOJkfe7Lh47MfRxzCXKHgOJ-fQF7GOBtoj9MYPHJzxyFqhHw-H9MdlhMdDlAQikAPEECHEJMYIJcRyACALRAAEAIOUEooJIAERlDgDEBECKAAIIR4CIQARCCEADBJEIIGcIIQIgYhBihiimAAaKGCFgAgRwpAAlEBkIRECOMAAAEQI5wgABDCCKBVAeQGZcQgRRQjACggACDKGC4gEAAQCJQWgTCBABTNSAKAMYIQKBLRQhgngAANAEKAMtAAARZSQQDADIBEECGGAE8AQApkBhiTGCGEISCeEAMQopphwRAkJhCAAICIBYoAYhIwQgAoDuEFCGciQM2IQxRBAKkikDJAEGQGwMAAQxBQQwikAGBPQECEOQJIJJQAQBABBBGAIWgQE0gIIAJxQIgCFkBASICKBAAAcRoUQCgBDmAOIMAbEQcQRxgAwREEAAAIgGQWIAkIxQQCBTBkgmBUGCCSQQIIIBYSYihAGqGLOGQAIoUQYJwBgmjnInCBMKoWAJEYRZ4gAAlBiNUjEEgOEAcI4yYCmRAJgDBGAACKMJMIZQxQjiACADEHeAkAcIAAh4oQBQDFGFCHGJEUAQYIZxJBSABCnABECaAqQA4IAJIBI1kSAhBDKCEIYUMIQ4YATEEhmAAGKQAAEAOAAAwAVUhFAhKKAAaGAEEARgpAAigEiEUGKAEYYEAc4hRRjAAlNgFCGAmSAEcgbhxgQhAEABAGAESSYUgAIBQBgQABBBFAIEcgAAFUSEACgwFoCmDIAECIMAQIAJRQUBgklrCBAAAQAAEAAYIAwwChBlFAIEKCAEYAABIAwBiEmAAFCGOsYoUQAJLQgACBCEQDKE4AEQSQARAAwjBABgBJCKEOkokIIoIkQwGDhgACGMAGYE8wZIYBgwlFBDESMEIAMY4QB4gQiQABBFCLAAGMAJgAQhJQVijAupFCAQEEAEAhxB4QBABgqCGHEICiMARYBYIBwBkAkJRBSCASQBAAYBUlSjAhBGOESQKeMMZgB"], "date": ["2003"], "genre": ["Electronic"], "musicbrainz album release country": ["DE"], "album": ["Frequencies [Hz]"], "musicbrainz_artistid": ["0629b862-cc45-4d4f-90ca-8e85c5908376"], "originaldate": ["2003"], "musicbrainz_albumid": ["301a0f03-0d8a-4c25-93d4-f0a6c5e97ee7"], "originalalbum": ["Frequencies [Hz]"], "tracknumber": ["13/28"], "artistsort": ["Schmickler, Marcus"], "artist": ["Marcus Schmickler"], "label": ["Raster-Noton"], "albumartistsort": ["Various Artists", "Various Artists"], "acoustid_id": ["3bb88f16-a301-414a-9e95-ce86df5693e2"], "script": ["Latin"], "musicbrainz_releasegroupid": ["8653a2d5-52b0-3bf9-aab0-522b3a4dfd8e"]}}, "rhythm": {"bpm_histogram_first_peak_bpm": {"dmean2": 0, "median": 136, "min": 136, "dvar2": 0, "dvar": 0, "dmean": 0, "max": 136, "var": 0, "mean": 136}, "bpm": 136.120071411, "bpm_histogram_second_peak_spread": {"dmean2": 0, "median": 0.388888895512, "min": 0.388888895512, "dvar2": 0, "dvar": 0, "dmean": 0, "max": 0.388888895512, "var": 0, "mean": 0.388888895512}, "bpm_histogram_first_peak_weight": {"dmean2": 0, "median": 0.0992063507438, "min": 0.0992063507438, "dvar2": 0, "dvar": 0, "dmean": 0, "max": 0.0992063507438, "var": 0, "mean": 0.0992063507438}, "onset_rate": 2.20105147362, "beats_position": [0.626938760281, 1.26548755169, 1.89242625237, 2.51936507225, 3.16952371597, 3.8196823597, 4.45823097229, 5.0967798233, 5.73532867432, 6.37387752533, 7.01242637634, 7.65097475052, 8.28952407837, 8.92807197571, 9.56662082672, 10.1935596466, 10.9365987778, 11.6796369553, 12.4226751328, 13.1657142639, 13.8855323792, 14.6053514481, 15.3251695633, 16.0449886322, 16.7764167786, 17.5078449249, 18.2044448853, 18.9010429382, 19.5512008667, 20.2013607025, 20.8631286621, 21.5248966217, 22.1866664886, 22.8484344482, 23.5102043152, 24.0907020569, 24.6712017059, 25.2516994476, 25.8438091278, 26.435918808, 26.9815864563, 27.5156459808, 28.0613155365, 28.5953731537, 29.1410427094, 29.686712265, 30.1394996643, 30.5922889709, 31.0450782776, 31.4862575531, 31.9274368286, 32.3686180115, 32.8214035034, 33.2741928101, 33.7269821167, 34.1681632996, 34.5629005432, 34.9576416016, 35.3523788452, 35.7587280273, 36.1534690857, 36.5482063293, 36.9429473877, 37.3492965698, 37.755645752, 38.1619949341, 38.5683441162, 38.9398651123, 39.3113822937, 39.6712913513, 40.0428123474, 40.4143295288, 40.7974586487, 41.1805877686, 41.5637168884, 42.0281181335, 42.492515564, 42.9685249329, 43.4445343018, 43.9089317322, 44.3733329773, 44.8377304077, 45.2905197144, 45.743309021, 46.2309303284, 46.718547821, 47.2061653137, 47.7518348694, 48.297504425, 48.8547821045, 49.4120635986, 49.9693412781, 50.5150108337, 51.0490684509, 51.5831298828, 52.0591392517, 52.5351448059, 53.0111541748, 53.4871635437, 53.8935127258, 54.299861908, 54.7062110901, 55.0777320862, 55.4492492676, 55.8207702637, 56.2038993835, 56.5522003174, 56.912109375, 57.2604064941, 57.6203155518, 57.9570045471, 58.2936935425, 58.6303825378, 58.9670753479, 59.3037643433, 59.6288414001, 59.9539222717, 60.2906112671, 60.6273002625, 60.952381134, 61.2774581909, 61.6025390625, 61.9276161194, 62.252696991, 62.5893859863, 62.9376869202, 63.2511558533, 63.5762329102, 63.9129257202, 64.2496109009, 64.5863037109, 64.9229888916, 65.2596817017, 65.6544189453, 66.049156189, 66.4555053711, 66.8734664917, 67.2914276123, 67.7093887329, 68.115737915, 68.5104751587, 68.9168243408, 69.3115615845, 69.7062988281, 70.1010437012, 70.4957809448, 70.8905181885, 71.2852630615, 71.6800003052, 72.0747375488, 72.481086731, 72.8758239746, 73.2705688477, 73.6769180298, 74.0832672119, 74.5592727661, 75.0352783203, 75.5112915039, 76.0221328735, 76.5213623047, 77.0205917358, 77.5314254761, 78.0422668457, 78.5531082153, 79.075553894, 79.5863952637, 80.0972290039, 80.5384140015, 80.9679794312, 81.4091567993, 81.8503417969, 82.291519165, 82.7210845947, 83.1506576538, 83.591835022, 84.0330123901, 84.4741897583, 84.9966430664, 85.5307006836, 86.0531539917, 86.5639877319, 87.0632171631, 87.5624465942, 88.0036239624, 88.44480896, 88.8975982666, 89.3503875732, 89.814781189, 90.2791824341, 90.6739196777, 91.0454406738, 91.428565979, 91.8116989136, 92.2412643433, 92.6592254639, 93.0771865845, 93.4951477051, 93.8782730103, 94.2730178833, 94.667755127, 95.0508804321, 95.4920654297, 95.9216308594, 96.3628082275, 96.7227172852, 97.0826263428, 97.4309310913, 97.7792282104, 98.1391372681, 98.4990463257, 98.8705673218, 99.2420806885, 99.683265686, 100.124443054, 100.565620422, 101.006797791, 101.447982788, 101.889160156, 102.330337524, 102.771514893, 103.21269989, 103.64226532, 104.071838379, 104.501403809, 104.919364929, 105.348930359, 105.778503418, 106.219680786, 106.649246216, 107.183311462, 107.728981018, 108.274642944, 108.8203125, 109.377593994, 109.92326355, 110.457321167, 110.991378784, 111.525436401, 112.071105957, 112.616775513, 113.15083313, 113.696502686, 114.242172241, 114.776237488, 115.310295105, 115.855964661, 116.378410339, 116.889251709, 117.400085449, 117.910926819, 118.433380127, 118.955825806, 119.478271484], "beats_loudness": {"dmean2": 0.0255960784853, "median": 0.0331398062408, "min": 0.000165044155437, "dvar2": 0.00175464770291, "dvar": 0.000712361827027, "dmean": 0.0154784433544, "max": 0.259300351143, "var": 0.00101158604957, "mean": 0.0376733317971}, "danceability": 0.899846732616, "bpm_histogram_second_peak_weight": {"dmean2": 0, "median": 0.0873015895486, "min": 0.0873015895486, "dvar2": 0, "dvar": 0, "dmean": 0, "max": 0.0873015895486, "var": 0, "mean": 0.0873015895486}, "beats_count": 253, "bpm_histogram_second_peak_bpm": {"dmean2": 0, "median": 152, "min": 152, "dvar2": 0, "dvar": 0, "dmean": 0, "max": 152, "var": 0, "mean": 152}, "bpm_histogram_first_peak_spread": {"dmean2": 0, "median": 0.456521749496, "min": 0.456521749496, "dvar2": 0, "dvar": 0, "dmean": 0, "max": 0.456521749496, "var": 0, "mean": 0.456521749496}, "beats_loudness_band_ratio": {"dmean2": [0.367750227451, 0.230335444212, 0.203031495214, 0.205915465951, 0.137477919459, 0.129659369588], "median": [0.219615831971, 0.208498582244, 0.140246957541, 0.101860962808, 0.0667001083493, 0.029915234074], "min": [0.000140338364872, 0.000333242322085, 0.000420747761382, 0.000888255541213, 0.000828669406474, 5.55100305064e-05], "dvar2": [0.108849287033, 0.0541109070182, 0.038178447634, 0.0537026226521, 0.0326846726239, 0.0484741963446], "dvar": [0.0434330105782, 0.0178033523262, 0.0144806420431, 0.0182313546538, 0.0114873666316, 0.0183146744967], "dmean": [0.208527460694, 0.138975039124, 0.115998566151, 0.114084273577, 0.0787282809615, 0.0742293819785], "max": [0.988812923431, 0.874815225601, 0.766872882843, 0.960640609264, 0.96292924881, 0.834048092365], "var": [0.0706507638097, 0.03945152089, 0.0198620501906, 0.0209731142968, 0.01361560449, 0.0253179185092], "mean": [0.296479940414, 0.244279593229, 0.183481737971, 0.143802687526, 0.0987868383527, 0.0855325385928]}}, "lowlevel": {"barkbands_spread": {"dmean2": 7.7151427269, "median": 16.5008926392, "min": 0.0480451136827, "dvar2": 145.401046753, "dvar": 57.6589317322, "dmean": 4.75194549561, "max": 141.929901123, "var": 300.028839111, "mean": 20.2077293396}, "melbands_spread": {"dmean2": 11.4056005478, "median": 19.1639537811, "min": 0.0137179512531, "dvar2": 338.276062012, "dvar": 138.606613159, "dmean": 7.01609897614, "max": 196.111968994, "var": 742.478027344, "mean": 26.3630409241}, "hfc": {"dmean2": 10.1567659378, "median": 21.049369812, "min": 1.17826571067e-16, "dvar2": 222.635604858, "dvar": 103.900947571, "dmean": 6.45538473129, "max": 348.798828125, "var": 1951.16223145, "mean": 34.3849639893}, "barkbands_kurtosis": {"dmean2": 16.5404109955, "median": 2.21609783173, "min": -1.89370703697, "dvar2": 78725.125, "dvar": 26318.1855469, "dmean": 8.90178966522, "max": 5766.5078125, "var": 13394.6523438, "mean": 8.71690750122}, "gfcc": {"mean": [18.1771869659, 79.9131774902, -112.820289612, 13.8540143967, -56.2873458862, 3.84089660645, -40.5195732117, 3.81299686432, -25.0886077881, -0.346479535103, -18.4791965485, 1.02641487122, -10.7713708878], "icov": [[0.000200412861886, 6.55022959108e-05, -4.67405880045e-05, 7.24448036635e-05, 9.02284300537e-05, 1.65901619766e-05, 2.33503524214e-05, 6.87597348588e-05, 0.000138769537443, -7.92164209997e-05, 0.000412683351897, -0.000559925450943, 0.000107125408249], [6.55022959108e-05, 0.000586161331739, -0.00016367045464, 8.1101541582e-05, -0.000217975990381, 9.65748404269e-05, 0.000882500666194, 0.000649528810754, -0.000252969068242, 0.000826551695354, -0.000428776926128, 0.000569523253944, -0.000573149009142], [-4.67405880045e-05, -0.00016367045464, 0.00129545084201, -0.000814018247183, -0.000273071636911, -0.000317490223097, -0.000210617057746, 0.000974516209681, -0.000350150075974, -0.00049125647638, 0.000200582901016, -0.00159923848696, 0.0012045269832], [7.24448036635e-05, 8.1101541582e-05, -0.000814018247183, 0.00416988832876, -0.000641524849925, -0.000710492196959, 0.000697151233908, -0.00213911337778, 0.00149164383765, 5.93298318563e-05, -0.00104672275484, 0.000348631903762, -0.000634151510894], [9.02284300537e-05, -0.000217975990381, -0.000273071636911, -0.000641524849925, 0.00503913126886, -0.000395475886762, -0.00132709986065, -0.000907368841581, -0.00155779765919, 0.00061946810456, 0.000643635692541, 0.000534358317964, -0.00101126998197], [1.65901619766e-05, 9.65748404269e-05, -0.000317490223097, -0.000710492196959, -0.000395475886762, 0.00762986019254, -0.00106724293437, -0.000419426360168, 0.000631744798739, -0.00470560928807, 0.00398595584556, -0.00172830489464, 0.000908345216885], [2.33503524214e-05, 0.000882500666194, -0.000210617057746, 0.000697151233908, -0.00132709986065, -0.00106724293437, 0.0103775076568, -0.0017574140802, -0.000836730527226, 0.00233537657186, -0.00477835442871, 0.00358337024227, 0.00152401870582], [6.87597348588e-05, 0.000649528810754, 0.000974516209681, -0.00213911337778, -0.000907368841581, -0.000419426360168, -0.0017574140802, 0.0127825811505, -0.00325152091682, -0.00199826108292, 0.00200894498266, -0.00368625321425, 0.000523246417288], [0.000138769537443, -0.000252969068242, -0.000350150075974, 0.00149164383765, -0.00155779765919, 0.000631744798739, -0.000836730527226, -0.00325152091682, 0.0139200119302, -0.00318508059718, -0.00173949601594, 0.00264384131879, -0.00240523950197], [-7.92164209997e-05, 0.000826551695354, -0.00049125647638, 5.93298318563e-05, 0.00061946810456, -0.00470560928807, 0.00233537657186, -0.00199826108292, -0.00318508059718, 0.0189172606915, -0.00546933198348, -0.000706293387339, -0.000474318192573], [0.000412683351897, -0.000428776926128, 0.000200582901016, -0.00104672275484, 0.000643635692541, 0.00398595584556, -0.00477835442871, 0.00200894498266, -0.00173949601594, -0.00546933198348, 0.0176361110061, -0.00479253428057, 0.00280533870682], [-0.000559925450943, 0.000569523253944, -0.00159923848696, 0.000348631903762, 0.000534358317964, -0.00172830489464, 0.00358337024227, -0.00368625321425, 0.00264384131879, -0.000706293387339, -0.00479253428057, 0.019910922274, -0.00657126121223], [0.000107125408249, -0.000573149009142, 0.0012045269832, -0.000634151510894, -0.00101126998197, 0.000908345216885, 0.00152401870582, 0.000523246417288, -0.00240523950197, -0.000474318192573, 0.00280533870682, -0.00657126121223, 0.01856075041]], "cov": [[7074.12109375, -1435.32507324, 489.126861572, 58.3952064514, -230.857833862, 271.262329102, -113.039123535, 84.0074920654, -171.451812744, 133.247924805, -181.41494751, 324.278717041, -10.4241952896], [-1435.32507324, 3198.28637695, 56.8561286926, -149.546813965, 76.0550537109, -277.282714844, -233.522964478, -293.692932129, 23.9807167053, -211.745986938, 16.2611980438, -140.562103271, 88.8885421753], [489.126861572, 56.8561286926, 1189.71850586, 245.646469116, 59.7960128784, 137.521636963, -24.9456806183, -10.6473083496, -14.4391498566, 66.8086853027, 6.95134544373, 111.374420166, -32.7902526855], [58.3952064514, -149.546813965, 245.646469116, 349.73449707, 54.0085868835, 82.4298858643, -1.37885057926, 67.1808853149, -14.8816099167, 39.104763031, 6.52490615845, 43.3881645203, 1.62628173828], [-230.857833862, 76.0550537109, 59.7960128784, 54.0085868835, 248.622680664, 18.0298709869, 37.443321228, 31.0827331543, 40.1861076355, -0.766616523266, 1.903627038, -12.1959972382, 10.9410762787], [271.262329102, -277.282714844, 137.521636963, 82.4298858643, 18.0298709869, 221.450271606, 10.0116624832, 52.89478302, -6.43300533295, 67.155708313, -30.1052188873, 45.6317901611, -6.81653881073], [-113.039123535, -233.522964478, -24.9456806183, -1.37885057926, 37.443321228, 10.0116624832, 156.185546875, 34.3893013, 23.2030696869, 6.91003990173, 34.2343444824, -24.1135520935, -27.7586917877], [84.0074920654, -293.692932129, -10.6473083496, 67.1808853149, 31.0827331543, 52.89478302, 34.3893013, 134.437469482, 24.3214931488, 39.5321121216, -1.59623062611, 29.1967487335, 0.663679361343], [-171.451812744, 23.9807167053, -14.4391498566, -14.8816099167, 40.1861076355, -6.43300533295, 23.2030696869, 24.3214931488, 96.6151504517, 15.5288801193, 16.8599567413, -13.3957452774, 7.69819402695], [133.247924805, -211.745986938, 66.8086853027, 39.104763031, -0.766616523266, 67.155708313, 6.91003990173, 39.5321121216, 15.5288801193, 92.1313095093, 14.2181129456, 30.2499389648, -2.38992381096], [-181.41494751, 16.2611980438, 6.95134544373, 6.52490615845, 1.903627038, -30.1052188873, 34.2343444824, -1.59623062611, 16.8599567413, 14.2181129456, 85.8678817749, 1.46241021156, -9.7803735733], [324.278717041, -140.562103271, 111.374420166, 43.3881645203, -12.1959972382, 45.6317901611, -24.1135520935, 29.1967487335, -13.3957452774, 30.2499389648, 1.46241021156, 94.9718322754, 18.7416725159], [-10.4241952896, 88.8885421753, -32.7902526855, 1.62628173828, 10.9410762787, -6.81653881073, -27.7586917877, 0.663679361343, 7.69819402695, -2.38992381096, -9.7803735733, 18.7416725159, 71.106010437]]}, "spectral_energyband_middle_low": {"dmean2": 0.00848405435681, "median": 0.0156582761556, "min": 2.57881154272e-22, "dvar2": 9.94140573312e-05, "dvar": 3.66048843716e-05, "dmean": 0.00523520167917, "max": 0.102138124406, "var": 0.0002387209679, "mean": 0.0184547957033}, "melbands_crest": {"dmean2": 5.36914205551, "median": 10.9869384766, "min": 1.86476361752, "dvar2": 26.7720451355, "dvar": 11.0060586929, "dmean": 3.28406000137, "max": 39.9527664185, "var": 43.7771987915, "mean": 12.782916069}, "spectral_kurtosis": {"dmean2": 3.29119634628, "median": 5.19525051117, "min": -1.24852049351, "dvar2": 53.6610374451, "dvar": 21.6371593475, "dmean": 1.93790447712, "max": 222.978820801, "var": 132.860473633, "mean": 6.99325275421}, "spectral_rms": {"dmean2": 0.00111407204531, "median": 0.00563561636955, "min": 3.16844358909e-12, "dvar2": 1.60569538821e-06, "dvar": 6.68165455409e-07, "dmean": 0.000689173291903, "max": 0.016412820667, "var": 4.81968481836e-06, "mean": 0.00557799078524}, "zerocrossingrate": {"dmean2": 0.0117766177282, "median": 0.05224609375, "min": 0, "dvar2": 0.000282430526568, "dvar": 0.000200979644433, "dmean": 0.00952909421176, "max": 0.50927734375, "var": 0.00303304754198, "mean": 0.0646089836955}, "silence_rate_60dB": {"dmean2": 0.0191711857915, "median": 0, "min": 0, "dvar2": 0.0226760655642, "dvar": 0.0095874061808, "dmean": 0.00968054216355, "max": 1, "var": 0.0591159984469, "mean": 0.0631049200892}, "erbbands_kurtosis": {"dmean2": 1.55995094776, "median": 0.293188929558, "min": -1.67242920399, "dvar2": 6.95841121674, "dvar": 3.12879061699, "dmean": 0.96250975132, "max": 57.2608718872, "var": 7.9474606514, "mean": 0.865597903728}, "erbbands": {"dmean2": [0.0967364832759, 0.732841014862, 2.17042684555, 6.90684604645, 10.4272117615, 13.4700298309, 24.2719593048, 29.7810230255, 27.4760150909, 25.2558860779, 23.4495010376, 24.5354194641, 40.6945457458, 33.752532959, 27.7565631866, 26.5782279968, 21.2019519806, 27.9240283966, 27.4193267822, 20.0239315033, 22.8192310333, 18.634103775, 17.122385025, 18.9296073914, 13.9111747742, 11.1888408661, 9.97656440735, 9.08849143982, 6.76133537292, 5.78535938263, 4.5534620285, 2.97859096527, 2.16217064857, 1.52259075642, 1.29622256756, 0.546617507935, 0.117314063013, 0.0391414687037, 0.00568288238719, 0.000392121874029], "median": [0.0166780464351, 0.171528369188, 0.829582452774, 3.06624126434, 6.01772689819, 9.01280593872, 12.7304039001, 16.1210002899, 19.7472686768, 15.9446077347, 12.7820606232, 14.7129974365, 20.5839061737, 19.0866241455, 14.5813884735, 14.1599960327, 13.2032051086, 13.0685634613, 15.0060844421, 13.4611053467, 14.9461612701, 13.4196987152, 9.91388130188, 8.35256576538, 6.02034473419, 4.18430423737, 3.368019104, 2.82679915428, 2.01732206345, 1.60989975929, 1.21970295906, 0.780876398087, 0.526798605919, 0.369550526142, 0.227216243744, 0.104813165963, 0.0337214022875, 0.00652622012421, 0.000387548992876, 6.76061099512e-05], "min": [2.39616966967e-22, 2.06625415515e-21, 2.70844927347e-20, 2.73697294899e-20, 4.80212919152e-20, 7.16069447525e-20, 1.19322884237e-19, 1.26059094179e-19, 3.55470967927e-19, 3.38181523106e-19, 1.37213795345e-18, 2.79098865725e-18, 2.61118833661e-18, 1.76339913948e-18, 1.75964518706e-18, 2.78829204845e-18, 2.37484484442e-18, 4.08097247983e-18, 4.67080726409e-18, 4.45950149507e-18, 7.76354499815e-18, 1.1246749618e-17, 1.15776599134e-17, 1.24185642795e-17, 1.51594032509e-17, 1.64870562582e-17, 1.38070059628e-17, 1.49541698148e-17, 1.2417618812e-17, 1.32431310013e-17, 2.07448873976e-17, 2.26570080278e-17, 1.41553432993e-17, 1.11124692533e-17, 9.29976828817e-18, 5.84283657888e-18, 3.23525144102e-18, 1.37610893738e-18, 3.10399757505e-19, 3.12764938295e-20], "dvar2": [0.098515175283, 2.49034738541, 16.6347827911, 122.127227783, 328.640686035, 329.769805908, 1662.77441406, 2624.25415039, 1246.08874512, 1427.39672852, 1551.8203125, 1746.83496094, 5254.38525391, 3067.68334961, 4401.33349609, 3573.921875, 1445.44006348, 4920.31884766, 5787.24267578, 1447.02893066, 2008.82263184, 1380.68310547, 1835.73181152, 2316.99755859, 1225.93103027, 1001.65600586, 865.48840332, 1218.85412598, 458.239746094, 489.389923096, 411.357513428, 126.728492737, 64.4311218262, 27.6621017456, 24.8882808685, 3.95606184006, 0.113276205957, 0.0559678785503, 0.00031394630787, 1.0726482742e-06], "dvar": [0.035015553236, 0.823390722275, 6.06886339188, 61.0786476135, 117.095245361, 133.126190186, 584.16986084, 945.75982666, 532.580444336, 543.691833496, 607.321289063, 717.41986084, 2576.65551758, 1267.61364746, 1529.38635254, 1258.68591309, 558.374572754, 2268.2421875, 3325.04663086, 573.149475098, 795.518371582, 526.507141113, 738.972351074, 1160.92871094, 530.672851563, 418.230102539, 394.901153564, 578.315246582, 175.247268677, 197.435302734, 176.805511475, 53.0814857483, 28.578130722, 12.613576889, 9.90159511566, 1.66274726391, 0.0445964932442, 0.0197038985789, 0.000118852738524, 4.11568407799e-07], "dmean": [0.0554986819625, 0.419945597649, 1.28764688969, 4.67581415176, 6.35315752029, 8.36254119873, 14.8719320297, 18.1143817902, 17.0027942657, 15.377368927, 14.1667366028, 15.1827669144, 27.7789001465, 20.7546901703, 16.4031505585, 16.1409435272, 12.9134454727, 17.7617397308, 17.9256439209, 12.5048618317, 14.2554140091, 11.5982131958, 10.586151123, 11.8452825546, 8.58173179626, 6.78642511368, 6.22026395798, 5.62352132797, 4.05110836029, 3.58773374557, 2.78258872032, 1.8447343111, 1.35652184486, 0.964654564857, 0.799100756645, 0.334137558937, 0.0713096037507, 0.0236205812544, 0.0034758313559, 0.000237654618104], "max": [3.89827823639, 14.674279213, 50.8263816833, 159.028808594, 201.092330933, 143.791793823, 413.172607422, 898.520019531, 415.446868896, 332.781921387, 568.226989746, 596.394470215, 1353.67797852, 952.010009766, 1145.55102539, 646.451843262, 391.374481201, 1980.71655273, 3131.08227539, 597.272460938, 695.612304688, 477.4793396, 794.571105957, 2014.90515137, 618.062561035, 488.053863525, 499.537017822, 1038.7902832, 366.256591797, 456.106201172, 509.817626953, 179.137069702, 163.371566772, 94.7078552246, 103.825035095, 40.3125228882, 6.47691726685, 6.35732030869, 0.328759104013, 0.0118871582672], "var": [0.0425574705005, 1.0725414753, 13.0668945313, 300.627380371, 282.002166748, 321.302307129, 2418.29589844, 3105.8996582, 1563.50463867, 1141.01452637, 1175.32043457, 1656.20532227, 13754.6601563, 4585.64501953, 2444.96801758, 3266.66870117, 1273.88818359, 7907.10400391, 10509.9550781, 2041.92919922, 2964.73730469, 2044.86938477, 1567.48034668, 3487.75292969, 1444.03649902, 1172.97241211, 1156.72106934, 1217.5291748, 539.181945801, 606.7890625, 457.267089844, 196.203186035, 194.311553955, 151.777511597, 258.976379395, 31.8959522247, 0.513980090618, 0.027545593679, 0.000265521608526, 8.80948789472e-07], "mean": [0.0730417668819, 0.551291227341, 2.09493565559, 10.06508255, 11.7784290314, 15.1147060394, 29.0439224243, 34.0935440063, 32.5917778015, 26.6512565613, 23.8624458313, 27.490562439, 63.3628959656, 43.2927360535, 29.0020618439, 32.7886772156, 25.5664825439, 36.8188438416, 38.9168205261, 29.9190311432, 34.047077179, 27.5059108734, 22.225944519, 23.4728717804, 18.549446106, 14.489443779, 13.1558446884, 12.3950405121, 9.67555618286, 9.10619163513, 6.3780503273, 4.77519273758, 4.6807141304, 3.89827418327, 4.24349737167, 1.54760348797, 0.255971580744, 0.0570857599378, 0.00665167439729, 0.00042988959467]}, "spectral_strongpeak": {"dmean2": 1.09638166428, "median": 0.676120042801, "min": 0, "dvar2": 5.42488718033, "dvar": 2.13182330132, "dmean": 0.660832166672, "max": 27.9074840546, "var": 3.14574408531, "mean": 1.15650999546}, "spectral_energy": {"dmean2": 0.013717001304, "median": 0.0325541757047, "min": 1.02900113057e-20, "dvar2": 0.000382661062758, "dvar": 0.000165601508343, "dmean": 0.00844800285995, "max": 0.276115208864, "var": 0.000822673435323, "mean": 0.0368320010602}, "average_loudness": 0.71841865778, "spectral_rolloff": {"dmean2": 727.880004883, "median": 1098.19335938, "min": 21.533203125, "dvar2": 2367340.25, "dvar": 1047787.9375, "dmean": 437.32598877, "max": 19466.015625, "var": 5631114.5, "mean": 1812.77587891}, "spectral_centroid": {"dmean2": 339.391418457, "median": 1121.29711914, "min": 173.482589722, "dvar2": 218248.203125, "dvar": 92121.7265625, "dmean": 213.164840698, "max": 10639.4355469, "var": 913645.375, "mean": 1348.97814941}, "pitch_salience": {"dmean2": 0.123929366469, "median": 0.664032936096, "min": 0.00893422309309, "dvar2": 0.0165367498994, "dvar": 0.00629627332091, "dmean": 0.0754097625613, "max": 0.967364311218, "var": 0.0227611158043, "mean": 0.63475549221}, "spectral_energyband_middle_high": {"dmean2": 0.00306300795637, "median": 0.00483136530966, "min": 1.37355592439e-21, "dvar2": 1.85070020962e-05, "dvar": 8.27229723654e-06, "dmean": 0.00193207955454, "max": 0.0986783578992, "var": 5.06976830366e-05, "mean": 0.00691898306832}, "spectral_contrast_coeffs": {"dmean2": [0.0946843698621, 0.0857702344656, 0.0672196000814, 0.0503711402416, 0.0382064580917, 0.0280986819416], "median": [-0.606656551361, -0.756011903286, -0.796103715897, -0.81144618988, -0.798793852329, -0.777431368828], "min": [-0.965820252895, -0.977985143661, -0.969333052635, -0.988777339458, -0.971044838428, -0.959177970886], "dvar2": [0.00577805377543, 0.00456973724067, 0.00305993622169, 0.00211038533598, 0.00136882066727, 0.000719203962944], "dvar": [0.00214020907879, 0.00163495575543, 0.0010969217401, 0.000751840998419, 0.000529497454409, 0.000296548212646], "dmean": [0.0569407492876, 0.0511971972883, 0.0400055795908, 0.0301838051528, 0.0230723172426, 0.0173392370343], "max": [-0.298529446125, -0.479121118784, -0.513833284378, -0.456212162971, -0.485809981823, -0.567544043064], "var": [0.00909401569515, 0.00564121967182, 0.00480655906722, 0.00357870548032, 0.00270182127133, 0.00127357407473], "mean": [-0.612015247345, -0.749075949192, -0.78415876627, -0.800354599953, -0.793707787991, -0.776698589325]}, "melbands_skewness": {"dmean2": 1.37372148037, "median": 1.97487604618, "min": -6.05503940582, "dvar2": 67.8080978394, "dvar": 22.9946575165, "dmean": 0.822541832924, "max": 193.294647217, "var": 14.6366567612, "mean": 2.29838967323}, "spectral_spread": {"dmean2": 701328.5, "median": 4268154, "min": 357617.34375, "dvar2": 1169334992900.0, "dvar": 593075896320, "dmean": 444913.5625, "max": 41675344, "var": 3532621873150.0, "mean": 4618202.5}, "dissonance": {"dmean2": 0.0278873965144, "median": 0.477260440588, "min": 0.248148813844, "dvar2": 0.000770337705035, "dvar": 0.000270632532192, "dmean": 0.0162864048034, "max": 0.500000178814, "var": 0.000462656433228, "mean": 0.472618669271}, "spectral_skewness": {"dmean2": 0.363300383091, "median": 1.81533777714, "min": -0.963863193989, "dvar2": 0.264054477215, "dvar": 0.096195243299, "dmean": 0.216394409537, "max": 11.5761394501, "var": 0.533511340618, "mean": 1.88436472416}, "spectral_flux": {"dmean2": 0.0372589975595, "median": 0.0872803330421, "min": 1.01439689981e-10, "dvar2": 0.00211614207365, "dvar": 0.000775516149588, "dmean": 0.0223975293338, "max": 0.434763431549, "var": 0.00182139722165, "mean": 0.0920856520534}, "spectral_contrast_valleys": {"dmean2": [0.851000487804, 0.663541197777, 0.59785425663, 0.514864385128, 0.417463868856, 0.382009148598], "median": [-7.22090244293, -6.0763168335, -6.70654392242, -7.16115474701, -7.38923120499, -9.79498195648], "min": [-27.1049594879, -27.4619216919, -27.3113975525, -27.1193828583, -27.2952442169, -27.3516082764], "dvar2": [0.673010766506, 0.602241456509, 0.511455893517, 0.456250429153, 0.395808249712, 0.375427424908], "dvar": [0.281198561192, 0.254122287035, 0.222186356783, 0.20114646852, 0.187495663762, 0.183117374778], "dmean": [0.515179514885, 0.399386376143, 0.359558165073, 0.311060667038, 0.25649061799, 0.242739588022], "max": [-5.28345918655, -4.60127401352, -4.81550741196, -5.58956193924, -5.28463792801, -7.2552652359], "var": [1.26784539223, 0.976162850857, 0.847710192204, 0.713428735733, 0.876900196075, 1.43600440025], "mean": [-7.45801258087, -6.27493143082, -6.83488512039, -7.26402711868, -7.4275560379, -9.91506099701]}, "erbbands_flatness_db": {"dmean2": 0.0246945526451, "median": 0.146590560675, "min": 0.0346773229539, "dvar2": 0.000741640571505, "dvar": 0.000316081859637, "dmean": 0.0155165735632, "max": 0.594765901566, "var": 0.00385552062653, "mean": 0.154921025038}, "spectral_energyband_high": {"dmean2": 0.000704610429239, "median": 0.000355016294634, "min": 7.43724954992e-21, "dvar2": 2.99631619782e-06, "dvar": 1.45557032738e-06, "dmean": 0.000453504355391, "max": 0.0403889678419, "var": 2.09712798096e-05, "mean": 0.00196377001703}, "spectral_entropy": {"dmean2": 0.218906223774, "median": 7.6013174057, "min": 4.51778078079, "dvar2": 0.0654313638806, "dvar": 0.0264449734241, "dmean": 0.137949958444, "max": 9.80240249634, "var": 0.319168448448, "mean": 7.57406806946}, "silence_rate_20dB": {"dmean2": 0, "median": 1, "min": 1, "dvar2": 0, "dvar": 0, "dmean": 0, "max": 1, "var": 0, "mean": 1}, "melbands_flatness_db": {"dmean2": 0.0376206077635, "median": 0.177235394716, "min": 0.00505802640691, "dvar2": 0.00230281753466, "dvar": 0.000905225635506, "dmean": 0.023503575474, "max": 0.688619852066, "var": 0.00752482470125, "mean": 0.189067676663}, "barkbands": {"dmean2": [0.00445726746693, 0.00324532995, 0.00217828177847, 0.00318644335493, 0.00357857206836, 0.00374026666395, 0.00187660893425, 0.00119371840265, 0.00113276462071, 0.00132145755924, 0.000716776994523, 0.000730067549739, 0.000485829426907, 0.000616139732301, 0.000450767634902, 0.000428513478255, 0.000365165586118, 0.00033418147359, 0.000348826433765, 0.000244076247327, 0.000235364990658, 0.000181073904969, 0.000160609866725, 0.000123394362163, 0.000148117527715, 8.62838642206e-05, 3.80324672733e-05], "median": [5.1688257372e-05, 0.000708404462785, 0.000752137391828, 0.00120074721053, 0.0024476905819, 0.00202219048515, 0.00121252262034, 0.000581366184633, 0.000661241821945, 0.000617462210357, 0.000306588015519, 0.000312226591632, 0.0002522841678, 0.000243596965447, 0.000256186933257, 0.000255547172856, 0.000214863510337, 0.000177669426193, 0.00012635224266, 9.11202223506e-05, 7.43252167013e-05, 5.43373571418e-05, 4.47377678938e-05, 3.38169083989e-05, 3.32926683768e-05, 2.04798125196e-05, 2.43515978582e-06], "min": [2.7977823695e-24, 6.89195429594e-24, 2.60812861163e-23, 1.28618011912e-23, 2.14642173444e-23, 1.14512658278e-23, 2.29564408322e-23, 3.19663509746e-23, 1.15599828512e-22, 9.3039252282e-23, 2.72034707307e-23, 7.34249074495e-23, 5.69016604315e-23, 9.94727726846e-23, 7.30683991183e-23, 1.0873889696e-22, 2.06790180159e-22, 2.21339905451e-22, 2.58596253527e-22, 3.68753219472e-22, 3.31669638246e-22, 3.95796759698e-22, 7.11672544341e-22, 9.78137035376e-22, 1.17892028587e-21, 1.54165332281e-21, 2.38934674228e-21], "dvar2": [0.000414318346884, 5.79907828069e-05, 1.70075127244e-05, 2.78348034044e-05, 2.39941964537e-05, 5.06374344695e-05, 5.87501699556e-06, 3.74535420633e-06, 3.20794356412e-06, 5.09364963364e-06, 2.29181159739e-06, 2.37057383856e-06, 8.65572076236e-07, 4.24496056439e-06, 7.30611361632e-07, 6.40020800802e-07, 5.59024726954e-07, 6.15956253114e-07, 7.65915785905e-07, 4.60760560372e-07, 6.30791532785e-07, 3.2058582633e-07, 4.48185687674e-07, 2.0038478965e-07, 2.62889756186e-07, 7.9703454503e-08, 3.13410701835e-08], "dvar": [0.000177619192982, 1.97590688913e-05