{"tonal": {"thpcp": [1, 0.706846773624, 0.315041542053, 0.227749750018, 0.260386705399, 0.545773327351, 0.7605920434, 0.512410223484, 0.243705183268, 0.183222562075, 0.172628164291, 0.340695649385, 0.47855630517, 0.396516650915, 0.626509785652, 0.990278482437, 0.756292045116, 0.400375783443, 0.31341317296, 0.270618826151, 0.451279491186, 0.880621254444, 0.799120724201, 0.37144100666, 0.24104771018, 0.304958552122, 0.702241778374, 0.950615763664, 0.678846359253, 0.592702209949, 0.604192197323, 0.380422651768, 0.333033770323, 0.392512440681, 0.381413906813, 0.670541346073], "hpcp": {"dmean2": [0.186254292727, 0.168783053756, 0.124159492552, 0.105613857508, 0.0995226055384, 0.125859498978, 0.153797343373, 0.168829962611, 0.212913304567, 0.225205913186, 0.216483741999, 0.183065384626, 0.168527841568, 0.158203199506, 0.179085984826, 0.193604007363, 0.197068542242, 0.164322793484, 0.137026116252, 0.158835828304, 0.214103624225, 0.232923582196, 0.227932944894, 0.21886511147, 0.184229880571, 0.14586687088, 0.145672783256, 0.145617768168, 0.16098973155, 0.216470733285, 0.221988722682, 0.195194810629, 0.149620562792, 0.128599792719, 0.140785709023, 0.172769874334], "median": [0.0388697832823, 0.0285665765405, 0.0119311669841, 0.0067506856285, 0.00703864404932, 0.0194408427924, 0.0273846387863, 0.0252279583365, 0.0313193500042, 0.0356007292867, 0.0333104431629, 0.0188809018582, 0.00975555088371, 0.00976674258709, 0.0241801235825, 0.0380697511137, 0.0315018706024, 0.0146506717429, 0.00631026970223, 0.0141905993223, 0.0596089027822, 0.0889041051269, 0.0686273798347, 0.028975263238, 0.0153574198484, 0.00995264016092, 0.0120566226542, 0.0140536418185, 0.0197955016047, 0.0443397723138, 0.0625135153532, 0.0446653999388, 0.0193318985403, 0.00991697888821, 0.0104831978679, 0.0265787485987], "min": [0, 0, 0, 0, 0, 0, 0, 0, 0, 0, 0, 0, 0, 0, 0, 0, 0, 0, 0, 0, 0, 0, 0, 0, 0, 0, 0, 0, 0, 0, 0, 0, 0, 0, 0, 0], "dvar2": [0.0902034714818, 0.0832699686289, 0.0659530609846, 0.0634130761027, 0.0547515563667, 0.0647368505597, 0.0750703215599, 0.0896236896515, 0.10630197078, 0.119822412729, 0.109937429428, 0.0989202260971, 0.108723312616, 0.106237575412, 0.0996661931276, 0.102643124759, 0.105385266244, 0.0916877835989, 0.0853643789887, 0.0833766162395, 0.0985000431538, 0.0990416109562, 0.0967211350799, 0.118750371039, 0.0996880307794, 0.078635558486, 0.084022551775, 0.0782097578049, 0.0805197805166, 0.111661419272, 0.115246169269, 0.0914366617799, 0.0800856947899, 0.0720878243446, 0.080821596086, 0.0883370414376], "dvar": [0.0386890098453, 0.0318946242332, 0.024143429473, 0.022386085242, 0.0195186324418, 0.0237415377051, 0.0297875534743, 0.0321050584316, 0.039289675653, 0.0515443682671, 0.0432970076799, 0.0375133417547, 0.0388022661209, 0.0379328802228, 0.0356569625437, 0.0409181341529, 0.0423599407077, 0.0342508554459, 0.0310995709151, 0.0297534838319, 0.0385612621903, 0.042585093528, 0.0369661264122, 0.0433550998569, 0.0392251200974, 0.0292175486684, 0.0304324422032, 0.0293821077794, 0.0304527506232, 0.0420106649399, 0.047826834023, 0.0356537699699, 0.0289132781327, 0.0261949244887, 0.0292500928044, 0.033860925585], "dmean": [0.109886586666, 0.097996160388, 0.068977996707, 0.0576933585107, 0.0541724339128, 0.0724944546819, 0.0900893583894, 0.0960351750255, 0.12402561307, 0.134309202433, 0.126865014434, 0.103553473949, 0.0925188735127, 0.0858494862914, 0.100170791149, 0.112297974527, 0.114709310234, 0.0922357439995, 0.0749986097217, 0.0884311050177, 0.12604059279, 0.140928670764, 0.132183521986, 0.124386109412, 0.105139732361, 0.0821508169174, 0.0816829055548, 0.082281306386, 0.0909921750426, 0.124683767557, 0.13019298017, 0.114900186658, 0.0843616127968, 0.0709544047713, 0.0782283693552, 0.100206404924], "max": [1, 1, 1, 1, 1, 1, 1, 1, 1, 1, 1, 1, 1, 1, 1, 1, 1, 1, 1, 1, 1, 1, 1, 1, 1, 1, 1, 1, 1, 1, 1, 1, 1, 1, 1, 1], "var": [0.0912976264954, 0.0448608323932, 0.0198184847832, 0.0152788888663, 0.0136257493868, 0.0289380606264, 0.0480797737837, 0.0317730344832, 0.0565359257162, 0.12637963891, 0.0796723216772, 0.0371612235904, 0.0307693127543, 0.0280819814652, 0.037763427943, 0.110705509782, 0.0966391116381, 0.0337529554963, 0.0255515538156, 0.0241697542369, 0.0609579719603, 0.0919461771846, 0.0524020306766, 0.0610658563673, 0.0787404328585, 0.041841134429, 0.0302045680583, 0.0424614325166, 0.0353837348521, 0.058632850647, 0.119608998299, 0.0645198225975, 0.0247810892761, 0.019713236019, 0.0231045801193, 0.0542939454317], "mean": [0.187598541379, 0.126384973526, 0.0601094067097, 0.0451914854348, 0.0425783991814, 0.0840319171548, 0.118034973741, 0.0978000536561, 0.154527410865, 0.244250252843, 0.186537951231, 0.0987519025803, 0.0773027464747, 0.0667476058006, 0.11130720377, 0.217203512788, 0.197101563215, 0.0916152000427, 0.0594539456069, 0.0752174332738, 0.173206567764, 0.23446752131, 0.167436122894, 0.14618884027, 0.149022817612, 0.0938305035233, 0.0821421295404, 0.0968124270439, 0.0940749943256, 0.165387704968, 0.246648043394, 0.174342378974, 0.0777043774724, 0.0561740286648, 0.064223870635, 0.134613916278]}, "tuning_equal_tempered_deviation": 0.0394640266895, "chords_changes_rate": 0.0441773086786, "key_key": "C", "tuning_diatonic_strength": 0.615299880505, "key_scale": "major", "chords_number_rate": 0.0013523666421, "tuning_frequency": 441.527557373, "tuning_nontempered_energy_ratio": 0.73049390316, "chords_histogram": [36.6190834045, 8.30954170227, 7.21262216568, 3.48610067368, 14.4703226089, 0.856498897076, 1.98347103596, 0.0300525911152, 0.961682915688, 0.330578505993, 0.165289252996, 0, 0.540946662426, 0, 0, 0.435762584209, 0.0300525911152, 0.135236665606, 0, 3.89181065559, 0, 0.135236665606, 7.7235159874, 12.6821937561], "key_strength": 0.815032422543, "chords_key": "C", "chords_strength": {"dmean2": 0.00918238610029, "median": 0.564452409744, "min": 0.200576111674, "dvar2": 7.47133672121e-05, "dvar": 6.79486111039e-05, "dmean": 0.00982110295445, "max": 0.88927090168, "var": 0.0131520899013, "mean": 0.556785881519}, "chords_scale": "major", "hpcp_entropy": {"dmean2": 0.974057078362, "median": 1.9992262125, "min": 0, "dvar2": 0.694196343422, "dvar": 0.266172885895, "dmean": 0.581359267235, "max": 4.25983476639, "var": 0.556194543839, "mean": 1.97184312344}}, "metadata": {"audio_properties": {"equal_loudness": 0, "codec": "mp3", "downmix": "mix", "sample_rate": 44100, "analysis_sample_rate": 44100, "bit_rate": 192016, "md5_encoded": "a48460890bbe8d7120cf801899b5753b", "length": 309.002441406, "replay_gain": -6.10368919373, "lossless": false}, "version": {"essentia_build_sha": "2d9f1f26377add8aeb1075a9c2973f962c4f09fd", "essentia": "2.1-beta2", "extractor": "music 1.0", "essentia_git_sha": "v2.1_beta2-1-ge3940c0"}, "tags": {"title": ["Band on the Run"], "language": ["eng"], "acoustid_fingerprint": ["AQADtMm4RpoUQXtwOvhVNJOIPlmgKD1x5g7CLMGbHD-6wwqJPkQ88D56fGpAZYsSvDr640d72OHx49fxXjjE-7iyw_1QfC8UaYKTPA3S2kaNv7iyYDrCfImhN8GeqMiP5hX6o45wJ2h5YY-Q_5Ci7whTbzi1XNhF_MsHezqeC3_QRoQn4y_xqvCJMx7O4x_-YdURS4c_zdCOnB-ao7_wBd6PR0-QLz8SbA_xA5cyvBi9o8fHIDdynNjO4_hx_Ih_PBHk_6gs48Wx4zz4HWrzLJhMeGfwB-eiAJ8O93gLW9NxVDuKrzl-vHgjHHpa9Ed-lGsIxzn-GE6k5CiPO8Jp4ejR7MCPXPmgl3hOIeYxrZw2UMcf7B_eHe4VEU9heTp6Kchr_MJ3xOOMZjr8F7txobgvPDO64Z_AiRXww_mHHDoCMj6-45aPftgRUsdf6OGIHH1O4z8KP3jG4zx-JD_C4Mvx3XiGLzdaP_COH88wZUJ-6LivIYtYK0i3KTBHomRwI88WlMwxbh-sEVfw6Phx_vjQHu-R43tC7AsYUxBD7BcqTcPDI9z2GD5CHJqeIMd1fMdZ44eP5LWF-LDGVXDk5OhxXgmeY0dD8Dkarshf7ILKXCg9PDvCeceZB_3hHj9-HeYTWFGk0KiPH8l15Pjxjqh5nMdWiUXyI8t3PMpxHVOeo_dw4xX6wLvx8ch5-JAl5PjxXrjh7sd0C08s4ldS5FQMKV-CSMTxRMGp4zzqwyMzmByCTUcbZ8Rp9GguZZhV5C--3GhuBYcX8jiPBoH-IX-O9o0CR52Ph23g7PDQBweOM7kQ3biOaknw4ZB2G_mx41OOEw9jeNpxlPhOHP-IL0f4S_hjvCKuIX06PB4qXwnmCwfLGs2FcydSQss1ZNWO5wrqN3A-DStOtJl45INO68grdEd5vEeOZzjuHIf2I-dx7MaV8cJz_AeVHz2e44g2CeqeIK90XIqO6g1-OFp4fEGN4-HRY9tD_KjBHv9RHtk2hhO-49uxXSl-4g70DKfxI5-Pao8m_MHRHH2QV8PxQ3mO-0HYg-wNn8cOH5d6vFODo-lxHh8u38i3KEV8ojKsDT-e43iDv_geuCOiC0mfw4k4vGDuo8ePR-g_JJ-RnbHQ72iOHDqHHD_6B44uJEZQY7yDX8cvDeU1hA11fIEe9DQaLc1TKD8upKzAMyMuJScm50S6c8F_nCT8B_UWI_zhdUS1B6fQOFOEbkqO5EeYkeiX48fxHE941DLyF0lWBi2XgyQuvB-aO0FL4lTx4w0eKkLoHwmdFv9xfMcvAP-P9sejhA94HbEziM_yIFeOZw8uUvAzJnjG40-JfWhSHT3y7YKeI1_xoPzhD0cz_MCTHLmoI4lyoU9AzhF-XEJ5B-5Y9Dhu4kXIZIkOtcgZuDtO8XiOZ4t88MV3TD-DH3_CIA_0BKUUIv0VtPtiPA_u49rxHkd_4dfhciPqzfiO0D-S5QR-HP-MK2iVC5eZYTbSLkoFKQ90TNcRZqLwHC0fPMefIOGP_JjU4uGDRx-aMTvq4ym-o8qRHEwW_EnwTzgYJYquFFoeMNphKgy078ip40JzHtcoEVUUScfTIznSkwuuhsURZks8SLliHFlCnTifws9y9EefY0pJ_DryiEe1D3YKzUP_Ib3wG-YY1NtRJ_h-wcnxEVeFZzqFHnN39E8CX0Ht48mOZ4kGJtGzoTt-ZPGHcmEcXBn6BM0zPF2GW4qKLxdKXXAD7SLy0B1uo1wOJuGJX_iN7zZKMuCVIcwPtRQePEe1D9v7IBc8iXiW4xTcLTL64zKqY8zbwiVK5RKOdtmPrC981PGKc8W9qNCORnjUF4yKR9VQFrrQz0IaTjNO5JJ2aNqC7Dn6Hf_gMDt6BhcnBsl1hNLh5qhFSjinoIkxPcOP6MmL7kcvBRd-oGMW-HwQkseloFVyhPmhM5zR8zGiORbhbsf442hePMnB-4h_-MPqXDhPvEYzFt9EHD0OzUl2HPGW4fnh_MWrE3si9FmO43nBZGhj8riisPg0ofoQRqegH9mYPEZ1YSIZHw_yjIF6hPmDUsqD4zwmfSlSjckh5T9yG-9y4tqPSjTRfHjSCyey6EGjCo-H8dBTC82kBh8-HEXMCx0LR9JFHCdq6RnxJDouBTt5nOmNMheaUDmeEL-KE8nWHNme47gcPEmG_cjZQnx6pPlxKTeeLA7yZoEPrUfONMJtYRKTLGgu5EjmJsfm0PCYCz366dgs5Dl0pEu2aLiaBxdXpFYGTdmPLPrg6eivCM96XEzQ_EbdRMIn5JJxEXqUpTHC4_DxB_4R_tCTC6HkKILFw_NQcUd_-CcRUiMeF7o_NI92lCFUKeNxJjkizYOPP8V_lEqP3_iDUGYSBkn240KjUSnoJFGOykeTD0f4B4rS9MjFFNfyFE0uoVdy5NYNPT5y0ceH8h7RkMc1Hnl0BUneGX7wBJcObvWCRk-HPlHwaBUahJcCRfoRpo6LK8eDSs8xhdzx64ipRADBDAOGCKCQkgIAroSQAGBHEDBAEKKJYAoRIpRDUgBhFBIOES-cUEAoCYBwDBEBEFHGAUoo0kARRbASzgBjhCFAYQIJgYAEAZRlCDHkkACCUUAUAAQwZAwDgnBIBJKWMOaUIYgQQChzZiCngECEKQoQIA4gJgx0hDCArAcCQoEYMFQYJoCAAiEAFAAAICEIIgZI5RBCyAkgkFZEAAGQVIQhQYEhwgJixXAEEkIIdsER5YBRgBoDORFeWIKE0oYAwIBQxBmiBEAEJMMFKEYBAggghkiAlLVGCEII8iIQoghhwAkiKANGKMeZAgA4gAAiSAEhABBCKcaIYBAIDigQ0ThkMUPICMKMIMIQAowzhADAlBGCEEGAZMI4KcUwbBGmEBHIEQKkEAphEoAgwEEDnBGKCwOoAEYgZQghAiECJACAKaqIoVAIAxAAAigOIECcECWIkQBLApVBiljimBIIGgOQIkAYh5gVhDjjgAACQMIFMAoQAoAwAhBECAKEcEEIE7IhRBxigBAEmCLCGCcIKQoZQgAQQgBgAVAECQQIIEIgDogDBjkhLMMIGQEIUUZwM6CgCAAlAFEQCGEYEYoAI5iABgEARECCAEUUUdQwo5BA1hBCBREOCIIMEMYYYRWSBDVBCCaWESgEFQQIBgBCcFJADADAKQOAAgIJpRwRgBACCRLCEEGhEQwgYBVSAABjlFJIQQEFBAQQ5IRDQCCGKLBICAaCIBgBK4xBRgjGAAFIGSGQkM4J5IgiQihmBFCMIgCEUFI4jBRQAhkBiEJMhIGEIMIgIgQAzQDCDCIQAWCAAQhRgoACDBgiBAICEUQYJc6whSwVyDAjCGAGCcMUMJIYowQACBCCAIAKIQaMFQIpVgAFCChAGEAEKY2Ep8oaJIQxRhnhBFAEIEAQw0AyQwxSzjAAghGgEGUEEQQIQoABjhACEBKIEUOAEUARxwQARAE"], "date": ["2002"], "genre": ["Rock"], "musicbrainz album type": ["Album", "Compilation"], "musicbrainz_releasegroupid": ["66907d43-1ffe-4682-bb6e-ec6d04071ad7"], "musicip_puid": ["9616ac79-70f1-3822-e9fa-cff327b41bb3"], "musicbrainz_recordingid": ["1d39ab37-fade-4667-b92e-5079237f7594"], "artistsort": ["McCartney, Paul"], "musicbrainz_albumartistid": ["ba550d0e-adac-4864-b88b-407cab5e76af"], "musicbrainz_albumid": ["638eea36-0db2-4e5d-9e27-fad8be7be12f"], "artist": ["Paul McCartney"], "tracknumber": ["04/18"], "bpm": ["125.05"], "album": ["The Gold Collection (Disc 2)"], "label": ["CD Records"], "acoustid_id": ["4443c21e-a744-408b-8dac-6b7293ea8389"], "musicbrainz_artistid": ["ba550d0e-adac-4864-b88b-407cab5e76af"], "file_name": "Paul McCartney - Band on the Run.mp3"}}, "rhythm": {"bpm_histogram_first_peak_bpm": {"dmean2": 0, "median": 126, "min": 126, "dvar2": 0, "dvar": 0, "dmean": 0, "max": 126, "var": 0, "mean": 126}, "bpm": 125.285339355, "bpm_histogram_second_peak_spread": {"dmean2": 0, "median": 0.109947651625, "min": 0.109947651625, "dvar2": 0, "dvar": 0, "dmean": 0, "max": 0.109947651625, "var": 0, "mean": 0.109947651625}, "bpm_histogram_first_peak_weight": {"dmean2": 0, "median": 0.286703586578, "min": 0.286703586578, "dvar2": 0, "dvar": 0, "dmean": 0, "max": 0.286703586578, "var": 0, "mean": 0.286703586578}, "onset_rate": 3.52724814415, "beats_position": [0.452789098024, 0.870748281479, 1.27709746361, 1.68344664574, 2.06657600403, 2.46131515503, 2.8444442749, 3.22757363319, 3.59909296036, 3.97061228752, 4.34213161469, 4.72526073456, 5.10838985443, 5.47990942001, 5.85142850876, 6.21133756638, 6.57124710083, 6.93115615845, 7.2910656929, 7.65097475052, 8.0224943161, 8.38240337372, 8.75392246246, 9.12544155121, 9.49696159363, 9.86848068237, 10.2399997711, 10.6115188599, 10.9830379486, 11.3429479599, 11.7028570175, 12.0627660751, 12.4226751328, 12.782585144, 13.1541042328, 13.5372333527, 13.9203624725, 14.3034915924, 14.6750106812, 15.0465307236, 15.4064397812, 15.7779588699, 16.1610889435, 16.5326080322, 16.904127121, 17.2756462097, 17.6355552673, 17.995464325, 18.3553733826, 18.7152824402, 19.0868015289, 19.4351024628, 19.7950115204, 20.154920578, 20.5264396667, 20.8979587555, 21.2694778442, 21.640996933, 22.0125160217, 22.3956451416, 22.7671642303, 23.1386852264, 23.5102043152, 23.8701133728, 24.2300224304, 24.589931488, 24.9614505768, 25.3561897278, 25.7393188477, 26.1108379364, 26.4939670563, 26.865486145, 27.22539711, 27.5853061676, 27.9568252563, 28.3399543762, 28.6998634338, 29.0713825226, 29.4312915802, 29.7912006378, 30.1627197266, 30.5342407227, 30.9057598114, 31.2772789001, 31.6487979889, 32.0203170776, 32.3802261353, 32.7401351929, 33.111656189, 33.4831733704, 33.8546943665, 34.2262115479, 34.5977325439, 34.9692497253, 35.3407707214, 35.7122879028, 36.0954170227, 36.4785499573, 36.8384590149, 37.2215881348, 37.5931053162, 37.9646263123, 38.3477554321, 38.7192726135, 39.0907936096, 39.4507026672, 39.8222198486, 40.1937408447, 40.5652618408, 40.9367790222, 41.3083000183, 41.6682090759, 42.0281181335, 42.3764152527, 42.7479362488, 43.1194534302, 43.4793624878, 43.8392753601, 44.2107925415, 44.5823135376, 44.9422225952, 45.3137397766, 45.6852607727, 46.0567779541, 46.4282989502, 46.7998161316, 47.1713371277, 47.5312461853, 47.8911552429, 48.2510643005, 48.6225852966, 48.994102478, 49.3540115356, 49.7139205933, 50.0854415894, 50.4569587708, 50.8284797668, 51.2000007629, 51.5715179443, 51.9546470642, 52.3261680603, 52.6860771179, 53.0459861755, 53.4058952332, 53.7541923523, 54.1024932861, 54.4624023438, 54.8223114014, 55.1938323975, 55.5653495789, 55.936870575, 56.3083877563, 56.668296814, 57.0282058716, 57.3997268677, 57.7712478638, 58.1427650452, 58.5026741028, 58.8741950989, 59.2341041565, 59.5940132141, 59.9539222717, 60.3254394531, 60.6969604492, 61.0684814453, 61.4399986267, 61.8115196228, 62.1714286804, 62.531337738, 62.9028549194, 63.2743759155, 63.6458930969, 64.0058059692, 64.3657150269, 64.7256240845, 65.0855331421, 65.4570541382, 65.8169631958, 66.1768722534, 66.5483856201, 66.9082946777, 67.2682037354, 67.6397247314, 68.0112457275, 68.3711547852, 68.7310638428, 69.1025848389, 69.474105835, 69.8340148926, 70.2055282593, 70.5654373169, 70.9253463745, 71.2852630615, 71.6335601807, 72.0050811768, 72.3649902344, 72.724899292, 73.0964126587, 73.4563217163, 73.8162307739, 74.1761474609, 74.5360565186, 74.8959655762, 75.2558746338, 75.6157836914, 75.975692749, 76.3356018066, 76.6838989258, 77.0321960449, 77.3921051025, 77.7636260986, 78.1351470947, 78.5066680908, 78.8781814575, 79.2497024536, 79.6096115112, 79.9695205688, 80.3410415649, 80.6893386841, 81.0840835571, 81.4672088623, 81.8387298584, 82.198638916, 82.5701599121, 82.9416732788, 83.3131942749, 83.6731033325, 84.0446243286, 84.4161453247, 84.7876663208, 85.1475753784, 85.5190887451, 85.8906097412, 86.2505187988, 86.6104278564, 86.9819488525, 87.3534698486, 87.7249908447, 88.0965042114, 88.4680252075, 88.8279342651, 89.1878433228, 89.5361404419, 89.907661438, 90.2675704956, 90.6274795532, 90.9990005493, 91.3589096069, 91.7188186646, 92.0903396606, 92.4386367798, 92.8101577759, 93.181678772, 93.5531921387, 93.9131011963, 94.2730178833, 94.64453125, 95.0160522461, 95.3643493652, 95.7358703613, 96.1073913574, 96.4789123535, 96.8388214111, 97.1987304688, 97.5586395264, 97.9301605225, 98.2900695801, 98.6615829468, 99.0331039429, 99.3930130005, 99.7529220581, 100.112831116, 100.472740173, 100.844261169, 101.215782166, 101.587303162, 101.958816528, 102.318725586, 102.678634644, 103.038543701, 103.398452759, 103.769973755, 104.141494751, 104.513015747, 104.884536743, 105.244445801, 105.604354858, 105.964263916, 106.324172974, 106.684082031, 107.043991089, 107.403900146, 107.775421143, 108.1353302, 108.506843567, 108.866752625, 109.226661682, 109.598182678, 109.969703674, 110.34122467, 110.712738037, 111.084259033, 111.444168091, 111.804077148, 112.163986206, 112.523895264, 112.872200012, 113.243713379, 113.615234375, 113.986755371, 114.358276367, 114.729797363, 115.10131073, 115.472831726, 115.821128845, 116.181037903, 116.54094696, 116.912467957, 117.283988953, 117.64389801, 118.003807068, 118.375328064, 118.74684906, 119.118362427, 119.478271484, 119.838180542, 120.209701538, 120.581222534, 120.941131592, 121.312652588, 121.672561646, 122.044082642, 122.415596008, 122.787117004, 123.158638, 123.518547058, 123.878456116, 124.249977112, 124.621498108, 125.016235352, 125.422584534, 125.805709839, 126.188842773, 126.676460266, 127.164077759, 127.651695251, 128.127700806, 128.592102051, 129.056503296, 129.520904541, 129.985305786, 130.46131897, 130.960540771, 131.459777832, 131.970611572, 132.481445313, 132.980682373, 133.479904175, 133.979141235, 134.466751099, 134.942764282, 135.418777466, 135.894775391, 136.370788574, 136.846801758, 137.322814941, 137.798812866, 138.27482605, 138.750839233, 139.226852417, 139.702850342, 140.178863525, 140.654876709, 141.130874634, 141.606887817, 142.082901001, 142.558914185, 143.034912109, 143.499313354, 143.9637146, 144.439727783, 144.927337646, 145.40335083, 145.867752075, 146.33215332, 146.808166504, 147.284164429, 147.748565674, 148.212966919, 148.688980103, 149.164993286, 149.629379272, 150.093780518, 150.569793701, 151.045806885, 151.51020813, 151.986206055, 152.462219238, 152.926620483, 153.391021729, 153.855422974, 154.31980896, 154.795822144, 155.271835327, 155.736236572, 156.200637817, 156.688247681, 157.152648926, 157.628662109, 158.104675293, 158.580673218, 159.056686401, 159.521087646, 159.99710083, 160.473098755, 160.960723877, 161.448348999, 161.924346924, 162.400360107, 162.876373291, 163.352371216, 163.839996338, 164.316009521, 164.792022705, 165.26802063, 165.755645752, 166.231658936, 166.70765686, 167.183670044, 167.648071289, 168.135681152, 168.623306274, 169.110931396, 169.59854126, 170.074554443, 170.52734375, 170.991744995, 171.467758179, 171.943756104, 172.431381226, 172.919006348, 173.406616211, 173.882629395, 174.358642578, 174.823028564, 175.299041748, 175.775054932, 176.262680054, 176.738677979, 177.214691162, 177.690704346, 178.166702271, 178.631103516, 179.107116699, 179.583129883, 180.059127808, 180.535140991, 181.011154175, 181.487167358, 181.951568604, 182.427566528, 182.903579712, 183.379592896, 183.85559082, 184.331604004, 184.807617188, 185.283630371, 185.759628296, 186.235641479, 186.711654663, 187.176055908, 187.663665771, 188.139678955, 188.615692139, 189.091690063, 189.567703247, 190.055328369, 190.542938232, 191.030563354, 191.506576538, 191.982574463, 192.458587646, 192.93460083, 193.410614014, 193.886611938, 194.374237061, 194.850250244, 195.337860107, 195.813873291, 196.301498413, 196.777496338, 197.253509521, 197.729522705, 198.205535889, 198.693145752, 199.169158936, 199.645172119, 200.132781982, 200.620407104, 201.096420288, 201.572418213, 202.060043335, 202.547653198, 203.023666382, 203.499679565, 203.975692749, 204.451690674, 204.939315796, 205.415328979, 205.891326904, 206.378952026, 206.866577148, 207.354187012, 207.841812134, 208.317825317, 208.793823242, 209.281448364, 209.769073486, 210.25668335, 210.732696533, 211.208709717, 211.684707642, 212.160720825, 212.648345947, 213.124343872, 213.600357056, 214.087982178, 214.575592041, 215.063217163, 215.550842285, 216.02684021, 216.502853394, 216.978866577, 217.454864502, 217.942489624, 218.418502808, 218.906112671, 219.393737793, 219.869750977, 220.345748901, 220.821762085, 221.297775269, 221.773788452, 222.249786377, 222.725799561, 223.213424683, 223.689422607, 224.165435791, 224.653060913, 225.129058838, 225.605072021, 226.092697144, 226.568710327, 227.044708252, 227.532333374, 228.019943237, 228.495956421, 228.971969604, 229.447982788, 229.923980713, 230.411605835, 230.887619019, 231.363616943, 231.839630127, 232.327255249, 232.803268433, 233.279266357, 233.755279541, 234.242904663, 234.730514526, 235.194915771, 235.670928955, 236.14692688, 236.634552002, 237.110565186, 237.586578369, 238.062576294, 238.538589478, 239.014602661, 239.490600586, 239.978225708, 240.46585083, 240.953460693, 241.441085815, 241.928695679, 242.416320801, 242.892333984, 243.368347168, 243.855957031, 244.331970215, 244.807983398, 245.295593262, 245.771606445, 246.247619629, 246.735229492, 247.222854614, 247.698867798, 248.174865723, 248.650878906, 249.12689209, 249.602905273, 250.078903198, 250.56652832, 251.054138184, 251.530151367, 252.006164551, 252.482177734, 252.958175659, 253.434188843, 253.921813965, 254.39781189, 254.885437012, 255.373062134, 255.860671997, 256.336669922, 256.812683105, 257.300323486, 257.78793335, 258.275543213, 258.763183594, 259.23916626, 259.715179443, 260.202819824, 260.690429688, 261.178039551, 261.665649414, 262.153289795, 262.629302979, 263.116912842, 263.592926025, 264.080535889, 264.568145752, 265.044158936, 265.531799316, 266.007781982, 266.483795166, 266.95980835, 267.447418213, 267.923431396, 268.39944458, 268.875457764, 269.351470947, 269.839080811, 270.326721191, 270.814331055, 271.301940918, 271.789550781, 272.265563965, 272.753204346, 273.229187012, 273.716827393, 274.204437256, 274.692047119, 275.168060303, 275.655700684, 276.13168335, 276.61932373, 277.106933594, 277.594543457, 278.093780518, 278.593017578, 279.080627441, 279.579864502, 280.067474365, 280.566711426, 281.065948486, 281.565155029, 282.06439209, 282.56362915, 283.062866211, 283.562072754, 284.049713135, 284.537322998, 285.024932861, 285.512542725, 286.000183105, 286.476196289, 286.975402832, 287.463043213, 287.939056396, 288.415039063, 288.879455566, 289.378692627, 289.86630249, 290.353912354, 290.841522217, 291.3175354, 291.793548584, 292.269561768, 292.757171631, 293.244812012, 293.732421875, 294.208435059, 294.684448242, 295.172058105, 295.648071289, 296.124084473, 296.600097656, 297.076080322, 297.552093506, 298.028106689, 298.515716553, 298.980133057, 299.46774292, 299.943756104, 300.419769287, 300.895782471, 301.371795654, 301.847808838, 302.323791504, 302.799804688, 303.275817871, 303.763427734, 304.239440918, 304.715454102, 305.203063965, 305.690704346, 306.178314209, 306.654327393, 307.130340576, 307.617950439, 308.105560303, 308.593200684], "beats_loudness": {"dmean2": 0.0429162681103, "median": 0.0414330847561, "min": 1.00619649857e-06, "dvar2": 0.00189599231817, "dvar": 0.000633544521406, "dmean": 0.0246638990939, "max": 0.237034603953, "var": 0.00101084110793, "mean": 0.0459357723594}, "danceability": 1.26156675816, "bpm_histogram_second_peak_weight": {"dmean2": 0, "median": 0.235457062721, "min": 0.235457062721, "dvar2": 0, "dvar": 0, "dmean": 0, "max": 0.235457062721, "var": 0, "mean": 0.235457062721}, "beats_count": 723, "bpm_histogram_second_peak_bpm": {"dmean2": 0, "median": 161, "min": 161, "dvar2": 0, "dvar": 0, "dmean": 0, "max": 161, "var": 0, "mean": 161}, "bpm_histogram_first_peak_spread": {"dmean2": 0, "median": 0.425000041723, "min": 0.425000041723, "dvar2": 0, "dvar": 0, "dmean": 0, "max": 0.425000041723, "var": 0, "mean": 0.425000041723}, "beats_loudness_band_ratio": {"dmean2": [0.352926045656, 0.167023703456, 0.118322238326, 0.118611067533, 0.115839540958, 0.0690009444952], "median": [0.681012511253, 0.103275425732, 0.0496377274394, 0.0449722371995, 0.04873521626, 0.0243520885706], "min": [0.00669596670195, 0.00250625796616, 0.000656995573081, 0.000154703127919, 0.000119699026982, 0.000606603221968], "dvar2": [0.0841195508838, 0.022909430787, 0.0187720097601, 0.0186405461282, 0.0151746524498, 0.00460581295192], "dvar": [0.0293242800981, 0.00819759443402, 0.00667781056836, 0.00709866499528, 0.00564677175134, 0.00159365404397], "dmean": [0.202103182673, 0.0948255211115, 0.0664424747229, 0.0688439682126, 0.0679147019982, 0.0378586612642], "max": [0.994153261185, 0.858801007271, 0.821320950985, 0.764284014702, 0.509112536907, 0.307142913342], "var": [0.0476807467639, 0.0130889276043, 0.00774496607482, 0.00934454984963, 0.00721977371722, 0.00177798129153], "mean": [0.636520326138, 0.135428488255, 0.0788190886378, 0.0790650546551, 0.0776229724288, 0.0386399365962]}}, "lowlevel": {"barkbands_spread": {"dmean2": 7.94959592819, "median": 19.0772457123, "min": 0.684269666672, "dvar2": 96.7338027954, "dvar": 42.5079650879, "dmean": 5.10901880264, "max": 97.3425064087, "var": 140.49281311, "mean": 20.050611496}, "melbands_spread": {"dmean2": 9.50639247894, "median": 16.7150173187, "min": 0.452345490456, "dvar2": 153.88671875, "dvar": 69.1848449707, "dmean": 6.16650819778, "max": 181.691192627, "var": 258.152160645, "mean": 20.5292034149}, "hfc": {"dmean2": 7.55565166473, "median": 11.9253587723, "min": 1.23603229889e-16, "dvar2": 226.771179199, "dvar": 100.445510864, "dmean": 5.15769195557, "max": 246.366760254, "var": 248.947341919, "mean": 16.6732025146}, "barkbands_kurtosis": {"dmean2": 6.83295154572, "median": 2.16536951065, "min": -1.91226089001, "dvar2": 273.816833496, "dvar": 106.438598633, "dmean": 4.38250207901, "max": 499.337127686, "var": 323.746337891, "mean": 8.13469219208}, "gfcc": {"mean": [-20.7058105469, 109.904724121, -119.057777405, 50.4757919312, -47.5266494751, 17.928850174, -35.9868965149, 5.19409513474, -24.7126903534, -8.34572124481, -16.9284591675, -6.20263719559, -10.0739889145], "icov": [[0.000289234012598, -0.000416162365582, 0.000437661248725, -0.000506418931764, 0.000259854714386, -0.000435157417087, 0.000543618167285, -0.000620431907009, 0.000701089913491, -0.000546400842723, 0.000506908283569, -0.000478026515339, 0.000649239285849], [-0.000416162365582, 0.00549945328385, -0.00233970722184, 0.00373064330779, -0.00314353057183, 0.00371827045456, -0.0036736340262, 0.00297213136218, -0.00395619357005, 0.00502805504948, -0.00575122842565, 0.00392534211278, -0.00312134600244], [0.000437661248725, -0.00233970722184, 0.00260124239139, -0.00265016709454, 0.00178762397263, -0.00237948773429, 0.00208551157266, -0.00237106136046, 0.00219793617725, -0.00256290403195, 0.002331700176, -0.00233514723368, 0.00196605874225], [-0.000506418931764, 0.00373064330779, -0.00265016709454, 0.00619368627667, -0.00284752924927, 0.00262864422984, -0.0023345455993, 0.00305585213937, -0.00342013128102, 0.00316465855576, -0.00281361793168, 0.00331177166663, -0.00373144005425], [0.000259854714386, -0.00314353057183, 0.00178762397263, -0.00284752924927, 0.00572262424976, -0.00285371765494, 0.00145183946006, -0.00139830668923, 0.000653571682051, -0.00112214079127, 0.00283477012999, -0.00236658426002, 0.00171597104054], [-0.000435157417087, 0.00371827045456, -0.00237948773429, 0.00262864422984, -0.00285371765494, 0.00770052475855, -0.00347960717045, 0.000398352101911, -0.000782748393249, 0.00151579850353, -0.00375126791187, 0.00313187763095, -0.00159963127226], [0.000543618167285, -0.0036736340262, 0.00208551157266, -0.0023345455993, 0.00145183946006, -0.00347960717045, 0.00781883392483, -0.00228776130825, 0.00276434468105, -0.00215630722232, 0.00228490517475, -0.00152906903531, 0.00208835373633], [-0.000620431907009, 0.00297213136218, -0.00237106136046, 0.00305585213937, -0.00139830668923, 0.000398352101911, -0.00228776130825, 0.0121197579429, -0.00709903426468, 0.00359579524957, -0.00135891046375, 2.77767794614e-05, -0.000956884759944], [0.000701089913491, -0.00395619357005, 0.00219793617725, -0.00342013128102, 0.000653571682051, -0.000782748393249, 0.00276434468105, -0.00709903426468, 0.0151470294222, -0.00656105019152, 0.00301310815848, -0.000312808522722, -0.000397767871618], [-0.000546400842723, 0.00502805504948, -0.00256290403195, 0.00316465855576, -0.00112214079127, 0.00151579850353, -0.00215630722232, 0.00359579524957, -0.00656105019152, 0.0156592801213, -0.00802469905466, 0.00429477915168, -0.00235325284302], [0.000506908283569, -0.00575122842565, 0.002331700176, -0.00281361793168, 0.00283477012999, -0.00375126791187, 0.00228490517475, -0.00135891046375, 0.00301310815848, -0.00802469905466, 0.0182525534183, -0.00897437427193, 0.00516188563779], [-0.000478026515339, 0.00392534211278, -0.00233514723368, 0.00331177166663, -0.00236658426002, 0.00313187763095, -0.00152906903531, 2.77767794614e-05, -0.000312808522722, 0.00429477915168, -0.00897437427193, 0.0148232448846, -0.00688637699932], [0.000649239285849, -0.00312134600244, 0.00196605874225, -0.00373144005425, 0.00171597104054, -0.00159963127226, 0.00208835373633, -0.000956884759944, -0.000397767871618, -0.00235325284302, 0.00516188563779, -0.00688637699932, 0.0179892275482]], "cov": [[5507.8203125, -582.063354492, -417.840362549, 88.3175506592, -95.3532943726, 173.679428101, -245.684646606, 117.13407135, -172.923294067, 73.5399169922, -57.509677887, 45.378490448, -136.828033447], [-582.063354492, 1051.30822754, -166.582687378, -199.321090698, 254.487625122, -202.236495972, 234.556396484, -73.8915710449, 98.5340652466, -141.878158569, 111.219482422, -40.6910324097, 42.9931983948], [-417.840362549, -166.582687378, 1137.74780273, 238.87286377, -117.907249451, 187.816741943, -101.680580139, 108.718437195, -11.3633165359, 89.5896072388, 0.259931176901, 56.6077575684, -10.0224580765], [88.3175506592, -199.321090698, 238.87286377, 389.132537842, 37.3696937561, 26.7116355896, -43.1945571899, 3.07811141014, 22.4496517181, 17.2106189728, -41.866268158, -13.5547704697, 30.398639679], [-95.3532943726, 254.487625122, -117.907249451, 37.3696937561, 328.768218994, 0.136193394661, 68.3463592529, -5.99590539932, 44.2611351013, -51.6760940552, 2.63924360275, -12.283115387, 17.3930644989], [173.679428101, -202.236495972, 187.816741943, 26.7116355896, 0.136193394661, 274.512023926, 16.9786777496, 50.6350784302, -28.8334674835, 45.2862281799, 2.77495288849, 2.41323828697, -25.8110713959], [-245.684646606, 234.556396484, -101.680580139, -43.1945571899, 68.3463592529, 16.9786777496, 238.719345093, -9.53537273407, 8.45161342621, -32.1554832458, 23.6984653473, -20.715013504, -0.260818898678], [117.13407135, -73.8915710449, 108.718437195, 3.07811141014, -5.99590539932, 50.6350784302, -9.53537273407, 140.234100342, 37.8647918701, 12.5073299408, -8.16526222229, 17.6906890869, -3.06270217896], [-172.923294067, 98.5340652466, -11.3633165359, 22.4496517181, 44.2611351013, -28.8334674835, 8.45161342621, 37.8647918701, 125.86782074, 15.6583795547, 2.3557972908, -14.7538661957, 21.9909248352], [73.5399169922, -141.878158569, 89.5896072388, 17.2106189728, -51.6760940552, 45.2862281799, -32.1554832458, 12.5073299408, 15.6583795547, 123.739318848, 22.5986557007, 3.07126665115, -8.91429424286], [-57.509677887, 111.219482422, 0.259931176901, -41.866268158, 2.63924360275, 2.77495288849, 23.6984653473, -8.16526222229, 2.3557972908, 22.5986557007, 111.739486694, 39.4532203674, -4.48122215271], [45.378490448, -40.6910324097, 56.6077575684, -13.5547704697, -12.283115387, 2.41323828697, -20.715013504, 17.6906890869, -14.7538661957, 3.07126665115, 39.4532203674, 119.737129211, 21.6263637543], [-136.828033447, 42.9931983948, -10.0224580765, 30.398639679, 17.3930644989, -25.8110713959, -0.260818898678, -3.06270217896, 21.9909248352, -8.91429424286, -4.48122215271, 21.6263637543, 80.1854629517]]}, "spectral_energyband_middle_low": {"dmean2": 0.00812638830394, "median": 0.00830134004354, "min": 2.86461395541e-22, "dvar2": 0.000225483003305, "dvar": 9.40343234106e-05, "dmean": 0.00528610823676, "max": 0.161613151431, "var": 0.000186369608855, "mean": 0.0122463712469}, "melbands_crest": {"dmean2": 4.5821762085, "median": 15.5427808762, "min": 1.97408509254, "dvar2": 20.6761245728, "dvar": 8.10587596893, "dmean": 2.86670613289, "max": 31.151676178, "var": 26.0515975952, "mean": 15.8451108932}, "spectral_kurtosis": {"dmean2": 2.98422980309, "median": 3.7710955143, "min": -1.24754488468, "dvar2": 16.0463733673, "dvar": 5.92815446854, "dmean": 1.78252136707, "max": 79.4968109131, "var": 13.7227582932, "mean": 4.52661800385}, "spectral_rms": {"dmean2": 0.00123056047596, "median": 0.00478755868971, "min": 3.30813826853e-12, "dvar2": 3.01707268591e-06, "dvar": 1.43445959111e-06, "dmean": 0.000836687337141, "max": 0.0181067734957, "var": 4.75728256788e-06, "mean": 0.00498260045424}, "zerocrossingrate": {"dmean2": 0.00948356185108, "median": 0.04345703125, "min": 0.00341796875, "dvar2": 0.000123128367704, "dvar": 9.19537997106e-05, "dmean": 0.00791563745588, "max": 0.50732421875, "var": 0.000672091788147, "mean": 0.0472188405693}, "silence_rate_60dB": {"dmean2": 0.0291575863957, "median": 0, "min": 0, "dvar2": 0.0326698496938, "dvar": 0.0143661713228, "dmean": 0.0145776979625, "max": 1, "var": 0.0360859632492, "mean": 0.0374934263527}, "erbbands_kurtosis": {"dmean2": 1.39189207554, "median": -0.108001224697, "min": -1.77381443977, "dvar2": 4.04184246063, "dvar": 1.86027765274, "dmean": 0.892412781715, "max": 57.0878791809, "var": 6.16593933105, "mean": 0.570594251156}, "erbbands": {"dmean2": [0.0902972668409, 1.43440771103, 6.15185499191, 14.4292087555, 13.3577919006, 7.72529554367, 9.3562746048, 10.2378940582, 7.74430418015, 6.96511602402, 9.22041988373, 15.3262071609, 18.0894069672, 17.1115856171, 17.172876358, 20.1938076019, 20.9460010529, 25.2652549744, 32.5755691528, 31.0922546387, 14.8099489212, 20.8735980988, 18.174665451, 13.622885704, 9.39957237244, 9.59789180756, 5.84281253815, 4.08507585526, 3.98676896095, 3.06908369064, 2.16805291176, 1.73584961891, 1.07251811028, 0.525561869144, 0.219337239861, 0.0705908238888, 0.0136674204841, 0.00193464988843, 8.56372571434e-05, 1.89817128557e-05], "median": [0.0538906790316, 0.865107059479, 3.57356739044, 7.63508987427, 6.94878530502, 4.3208937645, 4.36167097092, 4.43398714066, 3.47794246674, 2.84653639793, 3.34881305695, 5.50856208801, 6.94752550125, 6.29350090027, 7.37923145294, 6.21592760086, 6.60968255997, 7.46383666992, 7.32424163818, 9.47738265991, 6.72478914261, 9.52015972137, 9.5372095108, 7.46659755707, 4.70436382294, 3.77731180191, 2.21590542793, 1.46426308155, 1.2361625433, 0.78746432066, 0.63782697916, 0.406517088413, 0.228235855699, 0.101256161928, 0.0404816158116, 0.012435587123, 0.00196635583416, 0.000196863577003, 2.18519890041e-05, 2.8677202863e-05], "min": [1.58664257772e-21, 1.21889344566e-20, 3.03491920511e-20, 7.96994659426e-20, 1.30379975506e-19, 4.34810170863e-20, 6.03492427978e-20, 1.87395402554e-19, 2.78774859079e-19, 4.24256154041e-19, 1.75477143889e-18, 2.74750232488e-18, 2.01411592878e-18, 2.43932936343e-18, 4.08737403059e-18, 6.14738710963e-18, 7.09588203082e-18, 5.68137340485e-18, 2.95771559511e-18, 7.24360987078e-18, 9.91424023338e-18, 1.1459200205e-17, 1.29271504888e-17, 9.99295308611e-18, 8.33118694016e-18, 1.35236908127e-17, 2.54625052262e-17, 3.15211267571e-17, 2.1191558311e-17, 2.0980344359e-17, 1.61275784533e-17, 1.80500024451e-17, 1.21351531765e-17, 1.29849505613e-17, 1.10328225137e-17, 6.71242963657e-18, 3.04329859641e-18, 1.08576357929e-18, 3.7191679192e-19, 4.06410443183e-20], "dvar2": [0.0534686073661, 12.4200181961, 206.895217896, 889.878662109, 719.88861084, 392.981750488, 444.188446045, 528.378051758, 306.073547363, 303.756561279, 661.082214355, 1566.64526367, 1649.53918457, 2934.23486328, 1747.19580078, 3020.41235352, 3413.00756836, 3881.02587891, 7193.18554688, 8623.37792969, 1021.87835693, 2157.24169922, 1502.58520508, 968.691345215, 487.563720703, 859.005615234, 291.879058838, 203.463821411, 156.690353394, 117.673835754, 49.7000198364, 25.4836921692, 10.6229982376, 2.78429174423, 0.520606935024, 0.0519436225295, 0.00218913494609, 4.43955359515e-05, 1.38177597364e-07, 1.15817799795e-09], "dvar": [0.024946719408, 4.65777397156, 83.4086990356, 359.290252686, 287.425537109, 153.744918823, 174.31803894, 230.48059082, 130.079681396, 143.842468262, 281.433227539, 753.308532715, 690.600891113, 1166.91503906, 757.283691406, 1318.4576416, 1338.72241211, 1675.35437012, 2909.15869141, 3707.29418945, 480.746582031, 873.880371094, 593.373474121, 364.643493652, 186.335235596, 338.828552246, 113.4871521, 80.4522171021, 65.2095336914, 48.0438652039, 21.0711479187, 11.4989833832, 4.8126578331, 1.23195505142, 0.213179126382, 0.0212890431285, 0.000889012124389, 1.77887905011e-05, 5.16897884495e-08, 5.23459331436e-10], "dmean": [0.0589199587703, 0.85507440567, 3.77546572685, 9.02886390686, 8.39256763458, 4.83696222305, 5.87022209167, 6.5879201889, 4.93898582458, 4.47938680649, 6.07847356796, 10.3493690491, 11.6750974655, 11.0364866257, 11.1473894119, 13.1500463486, 13.5355710983, 16.3359737396, 20.522851944, 20.0591087341, 9.66905498505, 13.1974601746, 11.4624042511, 8.40236568451, 5.836373806, 5.93379402161, 3.73691320419, 2.61893486977, 2.57089519501, 1.97988462448, 1.41443419456, 1.14517509937, 0.709504365921, 0.346568197012, 0.142057597637, 0.04584101215, 0.00896531809121, 0.0012434158707, 5.28925484105e-05, 1.27292751131e-05], "max": [3.14713978767, 36.6096725464, 188.920257568, 341.737060547, 485.705749512, 294.138427734, 347.666046143, 522.083251953, 396.56652832, 554.607116699, 713.470581055, 941.198852539, 660.383056641, 1049.11230469, 1218.81005859, 1250.56750488, 1084.28710938, 1321.65344238, 1680.86877441, 3210.81762695, 600.715576172, 867.558776855, 827.828613281, 709.239624023, 278.129364014, 919.678955078, 272.496917725, 250.686691284, 234.855194092, 211.95199585, 125.756004333, 96.6005783081, 65.8946914673, 45.5820579529, 15.5467529297, 4.08244466782, 0.830797553062, 0.136846631765, 0.00837577134371, 0.000399792799726], "var": [0.0335583798587, 4.76997613907, 109.690162659, 549.037597656, 474.60244751, 189.768447876, 341.158569336, 688.979614258, 358.222473145, 317.444244385, 492.104370117, 2634.99584961, 1562.88537598, 2854.52441406, 2066.56494141, 3825.87524414, 4293.14941406, 4464.83105469, 6832.33056641, 9546.13671875, 1454.86022949, 2146.37255859, 1324.19274902, 590.272094727, 283.076629639, 394.568237305, 153.633544922, 86.6976699829, 77.9729614258, 55.1041069031, 27.507604599, 15.7817630768, 6.05515909195, 1.4236574173, 0.215541318059, 0.0220905002207, 0.000882615568116, 1.68296301126e-05, 3.96094179678e-08, 1.06224362639e-09], "mean": [0.10060313344, 1.47256278992, 6.89764976501, 15.7662382126, 13.7425060272, 8.50336933136, 10.5558042526, 12.7103185654, 9.26936912537, 7.96923351288, 10.8427696228, 20.7345905304, 21.9792385101, 20.708656311, 21.8557243347, 25.708272934, 26.7568225861, 28.6855983734, 35.3861885071, 37.5005340576, 20.1024055481, 26.551404953, 23.1225948334, 15.789642334, 10.6437911987, 9.08667755127, 6.51185560226, 4.05346298218, 3.84047865868, 2.82256960869, 2.07917165756, 1.5318864584, 0.905583798885, 0.423391729593, 0.16919593513, 0.0543413683772, 0.010241638869, 0.00130599271506, 6.19622078375e-05, 3.69732806575e-05]}, "spectral_strongpeak": {"dmean2": 0.773618817329, "median": 0.420552074909, "min": 0, "dvar2": 2.17075920105, "dvar": 0.831672430038, "dmean": 0.444717884064, "max": 16.3151454926, "var": 1.12188744545, "mean": 0.76953125}, "spectral_energy": {"dmean2": 0.0158041138202, "median": 0.0234937369823, "min": 1.12173736686e-20, "dvar2": 0.000809451914392, "dvar": 0.000357302837074, "dmean": 0.0104325534776, "max": 0.336051613092, "var": 0.000716835027561, "mean": 0.0303232483566}, "average_loudness": 0.713350057602, "spectral_rolloff": {"dmean2": 658.337402344, "median": 882.861328125, "min": 64.599609375, "dvar2": 1137719.5, "dvar": 500778.34375, "dmean": 386.467651367, "max": 19336.8164063, "var": 1160681.625, "mean": 1150.22424316}, "spectral_centroid": {"dmean2": 361.837036133, "median": 1156.88513184, "min": 147.393173218, "dvar2": 183188.421875, "dvar": 82560.34375, "dmean": 235.75944519, "max": 11108.0839844, "var": 376932.25, "mean": 1209.73803711}, "pitch_salience": {"dmean2": 0.110059708357, "median": 0.490417212248, "min": 0.0949798449874, "dvar2": 0.0121258534491, "dvar": 0.00455639977008, "dmean": 0.0684157311916, "max": 0.959978103638, "var": 0.0126440310851, "mean": 0.490750223398}, "spectral_energyband_middle_high": {