{"tonal": {"thpcp": [1, 0.653094351292, 0.136744141579, 0.11674258858, 0.0759779065847, 0.031365852803, 0.028063962236, 0.0342680811882, 0.147492483258, 0.331943124533, 0.287040054798, 0.100401639938, 0.0345925278962, 0.0651153773069, 0.493798941374, 0.785664439201, 0.421340972185, 0.145011082292, 0.0929131060839, 0.052091460675, 0.127178430557, 0.236303955317, 0.170907765627, 0.147248476744, 0.211642146111, 0.109156183898, 0.0109616070986, 0.00991211272776, 0.0259088203311, 0.136973395944, 0.211793214083, 0.109559699893, 0.0217363256961, 0.0191093981266, 0.0408611893654, 0.454993486404], "hpcp": {"dmean2": [0.0782390013337, 0.0571835897863, 0.024307122454, 0.0256640706211, 0.0515313744545, 0.145841658115, 0.190042614937, 0.193239331245, 0.0955558791757, 0.0642247647047, 0.0554880909622, 0.0393641255796, 0.0352859161794, 0.0404434017837, 0.086636222899, 0.123485513031, 0.111198283732, 0.0726520493627, 0.0468889512122, 0.0652592629194, 0.172965273261, 0.18852725625, 0.169212669134, 0.117623075843, 0.0779155790806, 0.0584017261863, 0.0809251219034, 0.112663291395, 0.0985480993986, 0.0767683237791, 0.0854705199599, 0.0525661557913, 0.0154012870044, 0.0146115105599, 0.027440648526, 0.0609295666218], "median": [0.00331532582641, 0.00205177860335, 0.000800823268946, 0.000479777751025, 0.00142228114419, 0.128696233034, 0.36748740077, 0.236536175013, 0.00995005108416, 0.000465383753181, 0.000421048898716, 0.00053007772658, 0.000522398389876, 0.000685493345372, 0.0025391690433, 0.00540537759662, 0.00422611134127, 0.00103607913479, 0.000258807442151, 0.00312698353082, 0.07660625875, 0.144400954247, 0.0930520147085, 0.00225354637951, 0.000530751654878, 0.000396213756176, 0.00211578421295, 0.006083230488, 0.00589160434902, 0.00523172412068, 0.00156174506992, 0.00108165922575, 0.000298803905025, 0.000259207299678, 0.000549966294784, 0.00164753734134], "min": [0, 0, 0, 0, 0, 0, 0, 0, 0, 0, 0, 0, 0, 0, 0, 0, 0, 0, 0, 0, 0, 0, 0, 0, 0, 0, 0, 0, 0, 0, 0, 0, 0, 0, 0, 0], "dvar2": [0.0386640094221, 0.0218096114695, 0.00874532200396, 0.0110683729872, 0.0224242564291, 0.0433152019978, 0.0827774107456, 0.0618487782776, 0.0382769666612, 0.0353278517723, 0.0310030840337, 0.0234291683882, 0.0195050742477, 0.0170090328902, 0.0403599329293, 0.0625807493925, 0.0546182431281, 0.0360542126, 0.0253269076347, 0.0267927460372, 0.0655697435141, 0.091467641294, 0.0686631724238, 0.0736640393734, 0.0507536679506, 0.0376750081778, 0.0438232906163, 0.063025586307, 0.0486113280058, 0.0299466792494, 0.0446448996663, 0.0177010186017, 0.00555425183848, 0.00512062571943, 0.0101441182196, 0.0246626287699], "dvar": [0.0185237787664, 0.00901138782501, 0.00321378465742, 0.00390708912164, 0.00826386082917, 0.0173969585449, 0.0392117723823, 0.0260115396231, 0.0145514970645, 0.0145945930853, 0.0116970092058, 0.0083777513355, 0.00686353165656, 0.0059453137219, 0.0153085337952, 0.0264515485615, 0.0220924485475, 0.0129851149395, 0.00897280592471, 0.00936738587916, 0.0261642970145, 0.0411350056529, 0.0261884015054, 0.0265303421766, 0.0180791523308, 0.0130547676235, 0.0163499955088, 0.0259726028889, 0.0193620584905, 0.0121277561411, 0.0211170632392, 0.00780271412805, 0.00191065110266, 0.00173446442932, 0.0036830403842, 0.0109839364886], "dmean": [0.0490400381386, 0.0349614806473, 0.0135118402541, 0.013737921603, 0.0279147904366, 0.0901768729091, 0.116161122918, 0.11908877641, 0.055367000401, 0.0376527942717, 0.0320545211434, 0.0214109066874, 0.0190203953534, 0.0220208633691, 0.050978012383, 0.0760290846229, 0.067940980196, 0.041332360357, 0.0247891750187, 0.0356686860323, 0.10406793654, 0.111876897514, 0.101852238178, 0.0657557249069, 0.043129555881, 0.0319452397525, 0.0473680309951, 0.0678201988339, 0.058372400701, 0.0464607514441, 0.0528539866209, 0.0327410139143, 0.00817152764648, 0.00769436126575, 0.0154951736331, 0.0382654666901], "max": [1, 1, 1, 1, 1, 1, 1, 1, 1, 1, 1, 1, 1, 1, 1, 1, 1, 1, 1, 1, 1, 1, 1, 1, 1, 1, 1, 1, 1, 1, 1, 1, 0.894457221031, 1, 1, 1], "var": [0.063748113811, 0.018808843568, 0.0023866861593, 0.002542643575, 0.00634283432737, 0.0530778765678, 0.186059832573, 0.091092005372, 0.0188368931413, 0.0339818783104, 0.0155681893229, 0.00564651284367, 0.00427275383845, 0.00420347461477, 0.0264330282807, 0.0850624293089, 0.0717001482844, 0.0162778124213, 0.00661111809313, 0.00702099176124, 0.086457580328, 0.175318688154, 0.0621525421739, 0.0369845815003, 0.0251051746309, 0.0114068426192, 0.0245469976217, 0.0614052861929, 0.0336973778903, 0.0237277895212, 0.0609452873468, 0.0170992165804, 0.00114125944674, 0.000951423076913, 0.00307831377722, 0.0305677074939], "mean": [0.101801849902, 0.0526616498828, 0.0104479184374, 0.00918524246663, 0.0196405947208, 0.218700006604, 0.48066624999, 0.313920408487, 0.0657282918692, 0.0561142228544, 0.0365200154483, 0.0150765059516, 0.0134893991053, 0.016471510753, 0.0708946585655, 0.159553855658, 0.137970462441, 0.0482596792281, 0.0166274607182, 0.03129876405, 0.237352490425, 0.377642393112, 0.202524378896, 0.0697019323707, 0.0446601957083, 0.0250386074185, 0.0611303783953, 0.11358333379, 0.0821495950222, 0.0707773715258, 0.101729236543, 0.0524676926434, 0.00526887457818, 0.0047644181177, 0.0124534955248, 0.0658384859562]}, "tuning_equal_tempered_deviation": 0.0589903406799, "chords_changes_rate": 0.0349383428693, "key_key": "E", "tuning_diatonic_strength": 0.578164100647, "key_scale": "minor", "chords_number_rate": 0.00132119783666, "tuning_frequency": 441.527557373, "tuning_nontempered_energy_ratio": 0.657466292381, "chords_histogram": [42.4985313416, 7.61890792847, 20.0528488159, 1.57075750828, 0.058719906956, 3.0534350872, 0.249559596181, 6.82618904114, 0, 4.03699350357, 0, 0, 0.014679976739, 0, 0, 0, 0, 0, 0, 0.631238996983, 0.822078704834, 0, 8.80798625946, 3.75807404518], "key_strength": 0.788342297077, "chords_key": "E", "chords_strength": {"dmean2": 0.00547008449212, "median": 0.53602296114, "min": -1, "dvar2": 0.000586945039686, "dvar": 0.000310903735226, "dmean": 0.00649935472757, "max": 0.759557723999, "var": 0.0280653946102, "mean": 0.517576694489}, "chords_scale": "minor", "hpcp_entropy": {"dmean2": 0.71852940321, "median": 1.50990486145, "min": 0, "dvar2": 0.428572922945, "dvar": 0.16700771451, "dmean": 0.422250658274, "max": 3.88349604607, "var": 0.405216634274, "mean": 1.44756495953}}, "metadata": {"audio_properties": {"equal_loudness": 0, "codec": "flac", "downmix": "mix", "sample_rate": 44100, "analysis_sample_rate": 44100, "bit_rate": 0, "md5_encoded": "1efc70ffd71d6e245f90ea3ff009879d", "length": 316.266662598, "replay_gain": -6.69820976257, "lossless": true}, "version": {"essentia_build_sha": "c0e182ba78c2de26e491b7b7a4a2c98c1ed34208", "essentia": "2.1-beta2", "extractor": "music 1.0", "essentia_git_sha": "v2.1_beta2-2-gbb40004"}, "tags": {"title": ["Wolkenmeer"], "barcode": ["4013357400924"], "media": ["SACD"], "albumartist": ["Various Artists"], "tracktotal": ["18"], "albumartistsort": ["Various Artists"], "releasetype": ["album", "compilation"], "musicbrainz_recordingid": ["1d3fede9-63ef-417b-bf50-1badb898a929"], "musicbrainz_releasegroupid": ["fb3a5f6b-0618-4b09-8b9c-9e9e6040e714"], "musicbrainz_albumartistid": ["89ad4ac3-39f7-470e-963a-56509c546377"], "musicbrainz_discid": ["aubPJp2E_5Jl4wU49BqelKudOLA-"], "originalyear": ["2009"], "musicbrainz_releasetrackid": ["a0eacd46-16df-322d-9ea8-190847bec14f"], "discnumber": ["1"], "totaldiscs": ["1"], "catalognumber": ["SFR 357.4009.2"], "releasecountry": ["DE"], "isrc": ["DEC250960910"], "compilation": ["1"], "originaldate": ["2009-05-22"], "producer": ["G\u00fcnter Pauler"], "date": ["2009-05-22"], "file_name": "18 - Beo Brockhausen - Wolkenmeer.flac", "disctotal": ["1"], "musicbrainz_artistid": ["45337baa-54ce-4d31-af34-3fc101a7bbce"], "asin": ["B00279PZNO"], "musicbrainz_albumid": ["faf7cf79-93ad-4bd1-afea-7c805221493d"], "artist": ["Beo Brockhausen"], "tracknumber": ["18"], "artistsort": ["Brockhausen, Beo"], "album": ["Closer to the Music, Volume 3"], "label": ["Stockfisch Records"], "releasestatus": ["official"], "acoustid_id": ["c598d1ec-9698-4ea7-beee-ee5aa99a7e3f"], "script": ["Latn"], "totaltracks": ["18"]}}, "rhythm": {"bpm_histogram_first_peak_bpm": {"dmean2": 0, "median": 133, "min": 133, "dvar2": 0, "dvar": 0, "dmean": 0, "max": 133, "var": 0, "mean": 133}, "bpm": 132.394424438, "bpm_histogram_second_peak_spread": {"dmean2": 0, "median": 0.410256445408, "min": 0.410256445408, "dvar2": 0, "dvar": 0, "dmean": 0, "max": 0.410256445408, "var": 0, "mean": 0.410256445408}, "bpm_histogram_first_peak_weight": {"dmean2": 0, "median": 0.0799373015761, "min": 0.0799373015761, "dvar2": 0, "dvar": 0, "dmean": 0, "max": 0.0799373015761, "var": 0, "mean": 0.0799373015761}, "onset_rate": 3.43051552773, "beats_position": [0.592108845711, 1.17260766029, 1.764716506, 2.36843538284, 2.92571425438, 3.48299312592, 4.05188179016, 4.55111122131, 5.02712011337, 5.50312900543, 5.97913837433, 6.45514726639, 6.91954612732, 7.38394546509, 7.80190467834, 8.2198638916, 8.63782310486, 9.05578231812, 9.47374153137, 9.89170074463, 10.3096599579, 10.7276191711, 11.1455783844, 11.5751476288, 12.0743761063, 12.5619955063, 13.0728340149, 13.5836734772, 14.1061220169, 14.6169614792, 15.1161899567, 15.6038093567, 16.1030387878, 16.6138763428, 17.1131057739, 17.6239452362, 18.1231746674, 18.6224040985, 19.1216316223, 19.5512008667, 19.9807701111, 20.4103393555, 20.8631286621, 21.3275279999, 21.8035373688, 22.2679367065, 22.6394557953, 23.010974884, 23.405714035, 23.7656230927, 24.1255321503, 24.4854412079, 24.8453502655, 25.2052612305, 25.5419502258, 25.8902492523, 26.2385482788, 26.5984573364, 26.958366394, 27.3182754517, 27.6665763855, 28.014875412, 28.3747844696, 28.7230834961, 29.0829925537, 29.4312915802, 29.7912006378, 30.1394996643, 30.5110206604, 30.8593196869, 31.2192287445, 31.567527771, 31.9274368286, 32.2757377625, 32.7517471313, 33.239364624, 33.7385940552, 34.2958717346, 34.8299331665, 35.3639907837, 35.9561004639, 36.5482063293, 37.186756134, 37.8253059387, 38.4754638672, 39.1140136719, 39.7641716003, 40.4259414673, 41.0644874573, 41.6217689514, 42.1906585693, 42.7827644348, 43.3052139282, 43.8392753601, 44.3733329773, 44.9073905945, 45.4414520264, 45.9871177673, 46.439907074, 46.8926963806, 47.3454856873, 47.8098869324, 48.2742843628, 48.7386856079, 49.2030830383, 49.6674804688, 50.1318817139, 50.5962791443, 51.0606803894, 51.5250778198, 51.9894790649, 52.4190483093, 52.8602256775, 53.3014030457, 53.73097229, 54.1605415344, 54.5901107788, 55.1125602722, 55.6350097656, 56.157459259, 56.6799087524, 57.2023582458, 57.7248077393, 58.247253418, 58.7697029114, 59.280544281, 59.7913818359, 60.3138313293, 60.8130607605, 61.2426300049, 61.6721992493, 62.1133766174, 62.5545578003, 62.9957351685, 63.4369163513, 63.8780937195, 64.3192749023, 64.772064209, 65.2248535156, 65.6660308838, 66.1188201904, 66.5716094971, 67.0127868652, 67.4655761719, 67.9183654785, 68.3595428467, 68.8007278442, 69.2419052124, 69.694694519, 70.1474838257, 70.6002731323, 71.053062439, 71.5058517456, 71.9470291138, 72.3765945435, 72.8061676025, 73.2589569092, 73.7001342773, 74.152923584, 74.6521530151, 75.1513824463, 75.6506118774, 76.1498413086, 76.6490707397, 77.1483001709, 77.6823577881, 78.2164154053, 78.7620849609, 79.3077545166, 79.8534240723, 80.3874816895, 80.9215393066, 81.4555969238, 81.8851699829, 82.3263473511, 82.7559204102, 83.1854858398, 83.6382751465, 84.0910644531, 84.5554656982, 85.019859314, 85.4726486206, 85.9138336182, 86.3550109863, 86.7729721069, 87.1909255981, 87.6204986572, 88.0268478394, 88.421585083, 88.8279342651, 89.2110671997, 89.6058044434, 90.000541687, 90.4068908691, 90.8016281128, 91.2079772949, 91.6143264771, 91.9974594116, 92.3921966553, 92.7869338989, 93.181678772, 93.5764160156, 93.9711532593, 94.3775024414, 94.795463562, 95.2018127441, 95.5965499878, 96.0028991699, 96.4208602905, 96.8504257202, 97.2916107178, 97.709564209, 98.1275253296, 98.5454864502, 98.9750518799, 99.3930130005, 99.7993621826, 100.194099426, 100.588844299, 101.006797791, 101.413146973, 101.819496155, 102.225845337, 102.62059021, 103.015327454, 103.398452759, 103.781585693, 104.176322937, 104.571060181, 104.954193115, 105.348930359, 105.743675232, 106.138412476, 106.533149719, 106.927886963, 107.322631836, 107.71736908, 108.112106323, 108.506843567, 108.913192749, 109.319541931, 109.714286804, 110.120635986, 110.526985168, 110.921722412, 111.316459656, 111.711196899, 112.105941772, 112.500679016, 112.907028198, 113.301765442, 113.708114624, 114.102851868, 114.50920105, 114.915550232, 115.333511353, 115.739860535, 116.146209717, 116.552558899, 116.958908081, 117.376869202, 117.794830322, 118.212783813, 118.619132996, 119.013877869, 119.408615112, 119.814964294, 120.418685913, 121.022399902, 121.614509583, 122.195007324, 122.775505066, 123.367614746, 123.948112488, 124.540222168, 125.12071991, 125.689613342, 126.270111084, 126.885437012, 127.500770569, 128.069656372, 128.638549805, 129.207427979, 129.78793335, 130.368438721, 130.960540771, 131.564254761, 132.15637207, 132.771697998, 133.387023926, 134.002349854, 134.606079102, 135.209793091, 135.81350708, 136.428848267, 137.020950317, 137.58984375, 138.158721924, 138.739227295, 139.319732666, 139.900222778, 140.503936768, 141.107666016, 141.722991943, 142.338317871, 142.965255737, 143.592193604, 144.207519531, 144.834457397, 145.461410522, 146.088348389, 146.726898193, 147.35383606, 147.980773926, 148.607711792, 149.211425781, 149.826751709, 150.430480957, 151.034194946, 151.614685059, 152.19519043, 152.78729248, 153.367797852, 153.959899902, 154.552017212, 155.144119263, 155.736236572, 156.328338623, 156.908843994, 157.500946045, 158.093063354, 158.685165405, 159.288879395, 159.892608643, 160.496322632, 161.100036621, 161.715377808, 162.307479858, 162.887985229, 163.48008728, 164.072189331, 164.652694702, 165.233200073, 165.802078247, 166.382583618, 166.986297607, 167.578414917, 168.182128906, 168.762634277, 169.366348267, 169.970062256, 170.562179565, 171.131057739, 171.699951172, 172.268844604, 172.849334717, 173.429840088, 174.0103302, 174.590835571, 175.182937622, 175.775054932, 176.367156982, 176.947662354, 177.516555786, 178.097045898, 178.67755127, 179.258041382, 179.803710938, 180.360992432, 180.929885864, 181.487167358, 182.044433594, 182.613327026, 183.182220459, 183.762710571, 184.331604004, 184.900497437, 185.480987549, 186.06149292, 186.641998291, 187.222488403, 187.826202393, 188.441543579, 189.03364563, 189.637359619, 190.229476929, 190.821578979, 191.402084351, 191.982574463, 192.586303711, 193.178405762, 193.573150635, 193.956283569, 194.351013184, 194.72253418, 195.094055176, 195.47718811, 195.860321045, 196.255050659, 196.638183594, 197.021316528, 197.404434204, 197.868835449, 198.333236694, 198.809249878, 199.203994751, 199.598724365, 199.993469238, 200.388198853, 200.782943726, 201.200897217, 201.618865967, 202.001998901, 202.385116577, 202.791473389, 203.197814941, 203.604171753, 204.010513306, 204.382034302, 204.776779175, 205.264389038, 205.75201416, 206.239639282, 206.704025269, 207.145217896, 207.586395264, 208.03918457, 208.491973877, 208.944763184, 209.39755249, 209.861953735, 210.314727783, 210.779129028, 211.255142212, 211.742767334, 212.241989136, 212.729614258, 213.217224121, 213.693237305, 214.169250488, 214.66847229, 215.156097412, 215.632110596, 216.096496582, 216.572509766, 217.036911011, 217.478088379, 217.942489624, 218.383666992, 218.82484436, 219.277633667, 219.730422974, 220.171600342, 220.61277771, 221.077178955, 221.5415802, 222.017593384, 222.493606567, 222.981216431, 223.445617676, 223.910018921, 224.362808228, 224.827209473, 225.279998779, 225.721176147, 226.173965454, 226.626754761, 227.091156006, 227.555557251, 228.019943237, 228.472732544, 228.948745728, 229.424758911, 229.912384033, 230.399993896, 230.87600708, 231.363616943, 231.851242065, 232.338867188, 232.814865112, 233.279266357, 233.743667603, 234.208068848, 234.660858154, 235.102035522, 235.554824829, 236.007614136, 236.588119507, 237.168609619, 237.772338867, 238.376052856, 238.979766846, 239.606704712, 240.245254517, 240.872192383, 241.499130249, 242.114456177, 242.718185425, 243.321899414, 243.925613403, 244.529342651, 245.133056641, 245.73677063, 246.340499878, 246.932601929, 247.524719238, 248.128433228, 248.720535278, 249.324264526, 249.927978516, 250.520080566, 251.123809814, 251.727523804, 252.319625854, 252.911743164, 253.527069092, 254.14239502, 254.757720947, 255.361450195, 255.965164185, 256.568878174, 257.184204102, 257.799530029, 258.426483154, 259.053405762, 259.680358887, 260.307312012, 260.945831299, 261.572784424, 262.188110352, 262.803436279, 263.38394165, 263.987670898, 264.602996826, 265.206695557, 265.822021484, 266.298034668, 266.785675049, 267.261688232, 267.737670898, 268.225311279, 268.701324463, 269.165710449, 269.630096436, 270.094512939, 270.558898926, 271.02331543, 271.487701416, 271.95211792, 272.439727783, 272.915740967, 273.39175415, 273.844543457, 274.297332764, 274.76171875, 275.214508057, 275.667297363, 276.12008667, 276.572875977, 277.025665283, 277.47845459, 277.954467773, 278.430480957, 278.91809082, 279.405700684, 279.881713867, 280.357727051, 280.822113037, 281.286529541, 281.739318848, 282.203704834, 282.691345215, 283.190551758, 283.84072876, 284.456054688, 285.071380615, 285.698303223, 286.325256348, 286.917358398, 287.509460449, 288.08996582, 288.658874512, 289.239349365, 289.854675293, 290.470031738, 291.073730469, 291.584564209, 292.095428467, 292.606262207, 293.117095947, 293.616333008, 294.127166748, 294.533508301, 294.928253174, 295.334594727, 295.764160156, 296.216949463, 296.66973877, 297.122528076, 297.563720703, 298.004882812, 298.446075439, 298.875640869, 299.305206299, 299.746398926, 300.187561035, 300.628753662, 301.069915771, 301.511108398, 301.952270508, 302.416687012, 302.869476318, 303.322265625, 303.775054932, 304.227844238, 304.715454102, 305.203063965, 305.690704346, 306.189941406, 306.689147949, 307.17678833, 307.664398193, 308.140411377, 308.616424561, 309.104034424, 309.603271484, 310.102478027, 310.590118408, 311.077728271, 311.565338135, 312.064575195, 312.505767822, 312.935333252, 313.376495361, 313.806060791, 314.235626221, 314.676818848, 315.106384277, 315.535949707], "beats_loudness": {"dmean2": 0.0463001765311, "median": 0.0199569649994, "min": 1.29670230109e-09, "dvar2": 0.0027409538161, "dvar": 0.000916336313821, "dmean": 0.0258904993534, "max": 0.197606131434, "var": 0.00108330335934, "mean": 0.0311263948679}, "danceability": 1.03217947483, "bpm_histogram_second_peak_weight": {"dmean2": 0, "median": 0.0721003115177, "min": 0.0721003115177, "dvar2": 0, "dvar": 0, "dmean": 0, "max": 0.0721003115177, "var": 0, "mean": 0.0721003115177}, "beats_count": 639, "bpm_histogram_second_peak_bpm": {"dmean2": 0, "median": 152, "min": 152, "dvar2": 0, "dvar": 0, "dmean": 0, "max": 152, "var": 0, "mean": 152}, "bpm_histogram_first_peak_spread": {"dmean2": 0, "median": 0.630434751511, "min": 0.630434751511, "dvar2": 0, "dvar": 0, "dmean": 0, "max": 0.630434751511, "var": 0, "mean": 0.630434751511}, "beats_loudness_band_ratio": {"dmean2": [0.294018536806, 0.251229435205, 0.43219602108, 0.216626495123, 0.00978884287179, 0.00782312639058], "median": [0.122345432639, 0.0779076740146, 0.354107618332, 0.0106510585174, 0.00088464433793, 9.86507875496e-05], "min": [8.37795960251e-06, 1.2813743524e-05, 2.2662399715e-05, 2.0310740183e-06, 4.55912527286e-07, 6.44627164093e-07], "dvar2": [0.101964987814, 0.093452014029, 0.162577182055, 0.143066495657, 0.00123890338, 0.000791700265836], "dvar": [0.0459957681596, 0.0402752570808, 0.0669855326414, 0.0499031879008, 0.000439373543486, 0.000316738936817], "dmean": [0.172344058752, 0.147970721126, 0.255626320839, 0.118733406067, 0.00549784069881, 0.00450779218227], "max": [0.99702501297, 0.999321460724, 0.997977852821, 0.986380398273, 0.277591943741, 0.244285136461], "var": [0.098078392446, 0.072000965476, 0.12854154408, 0.0459371320903, 0.000319863000186, 0.000675597053487], "mean": [0.280972629786, 0.207471609116, 0.435011595488, 0.0955988243222, 0.00477649224922, 0.00553467450663]}}, "lowlevel": {"barkbands_spread": {"dmean2": 2.1865401268, "median": 3.7681722641, "min": 0.0104013187811, "dvar2": 16.1542644501, "dvar": 7.14577007294, "dmean": 1.45323109627, "max": 102.200164795, "var": 111.717292786, "mean": 6.03228998184}, "melbands_spread": {"dmean2": 2.88691139221, "median": 5.42179393768, "min": 0.233298495412, "dvar2": 24.6659488678, "dvar": 9.86489105225, "dmean": 1.89724588394, "max": 124.149375916, "var": 109.394180298, "mean": 7.71447229385}, "hfc": {"dmean2": 3.68329930305, "median": 5.17607402802, "min": 1.19610793031e-16, "dvar2": 79.0542984009, "dvar": 44.8760414124, "dmean": 2.98695707321, "max": 141.150878906, "var": 157.994995117, "mean": 9.11222934723}, "barkbands_kurtosis": {"dmean2": 34.8797264099, "median": 4.79726600647, "min": -1.93695855141, "dvar2": 218904.15625, "dvar": 86506.71875, "dmean": 23.8461360931, "max": 21624.9453125, "var": 433629, "mean": 57.3758354187}, "gfcc": {"mean": [-223.661026001, 176.095855713, -70.2543334961, -13.5742282867, -60.9362106323, -7.3009519577, -17.0690879822, 2.74542808533, -1.71109580994, -3.3574795723, -11.0421724319, -12.8594522476, -7.36609458923], "icov": [[0.000164004755788, -0.000474385247799, 0.000360199454008, -0.000423410907388, 0.000483347103, -0.000336523080477, 0.000391138222767, -0.000356723845471, 0.000269432843197, -0.00027211708948, 0.000337419100106, -0.000243783360929, 0.000294215715257], [-0.000474385247799, 0.00229214411229, -0.00132997590117, 0.0016372698592, -0.00158892059699, 0.00131457659882, -0.00188072677702, 0.00208282796666, -0.00174763717223, 0.00180925789755, -0.00195022264961, 0.00173453183379, -0.0015066836495], [0.000360199454008, -0.00132997590117, 0.00149230647366, -0.0013005345827, 0.000796194886789, -0.000571491545998, 0.00112046289723, -0.00123529636767, 0.00120854086708, -0.00073223101208, 0.000924723164644, -0.000772329687607, 0.00090721732704], [-0.000423410907388, 0.0016372698592, -0.0013005345827, 0.00236767879687, -0.00159313320182, 0.000934228533879, -0.00105278694537, 0.00112216314301, -0.000503407907672, 0.000473352061817, -0.000917685218155, 0.000460805254988, -0.000844238675199], [0.000483347103, -0.00158892059699, 0.000796194886789, -0.00159313320182, 0.00372375245206, -0.00222751754336, 0.00160517124459, -0.000137654424179, -0.000605036038905, 0.000196547465748, 0.00021449153428, 0.000372916227207, 0.000573555298615], [-0.000336523080477, 0.00131457659882, -0.000571491545998, 0.000934228533879, -0.00222751754336, 0.00432400545105, -0.00226547801867, 0.000329569680616, 0.000338721933076, -0.00067138770828, 0.00123258319218, -0.00090278981952, 0.000406874489272], [0.000391138222767, -0.00188072677702, 0.00112046289723, -0.00105278694537, 0.00160517124459, -0.00226547801867, 0.00396199151874, -0.00261950748973, 0.00150423625018, -0.00034732723725, 0.000308934104396, -0.00038501797826, 0.000475315930089], [-0.000356723845471, 0.00208282796666, -0.00123529636767, 0.00112216314301, -0.000137654424179, 0.000329569680616, -0.00261950748973, 0.00555176846683, -0.00376693671569, 0.00241349125281, -0.00148154539056, 0.00144872616511, -0.000797226733994], [0.000269432843197, -0.00174763717223, 0.00120854086708, -0.000503407907672, -0.000605036038905, 0.000338721933076, 0.00150423625018, -0.00376693671569, 0.0067771691829, -0.00476497225463, 0.0028387720231, -0.00108438380994, 0.00151106377598], [-0.00027211708948, 0.00180925789755, -0.00073223101208, 0.000473352061817, 0.000196547465748, -0.00067138770828, -0.00034732723725, 0.00241349125281, -0.00476497225463, 0.00800139456987, -0.00519588263705, 0.00313777220435, -0.00111301708966], [0.000337419100106, -0.00195022264961, 0.000924723164644, -0.000917685218155, 0.00021449153428, 0.00123258319218, 0.000308934104396, -0.00148154539056, 0.0028387720231, -0.00519588263705, 0.00945309177041, -0.0061747552827, 0.004104972817], [-0.000243783360929, 0.00173453183379, -0.000772329687607, 0.000460805254988, 0.000372916227207, -0.00090278981952, -0.00038501797826, 0.00144872616511, -0.00108438380994, 0.00313777220435, -0.0061747552827, 0.00864535197616, -0.00396000873297], [0.000294215715257, -0.0015066836495, 0.00090721732704, -0.000844238675199, 0.000573555298615, 0.000406874489272, 0.000475315930089, -0.000797226733994, 0.00151106377598, -0.00111301708966, 0.004104972817, -0.00396000873297, 0.00820092856884]], "cov": [[22779.8574219, 1358.81872559, -3038.59814453, 244.162384033, -1541.02380371, 287.001647949, 276.449035645, 270.064544678, 101.799484253, 151.43927002, -99.0506134033, 15.8901290894, -43.5117988586], [1358.81872559, 3969.61083984, 577.804443359, -987.81262207, 604.75012207, -442.435791016, 367.848937988, -440.593933105, 209.381225586, -336.471405029, -9.00467967987, -427.985107422, 144.048416138], [-3038.59814453, 577.804443359, 2298.89746094, 628.520568848, 356.662689209, -165.484329224, -199.574203491, -196.331069946, -249.044525146, -153.814880371, 60.9169082642, 35.6858329773, 13.0567026138], [244.162384033, -987.81262207, 628.520568848, 1382.50585938, 101.084777832, 73.0858154297, -255.781585693, -71.7270050049, -190.204544067, 84.8268966675, 78.8603057861, 181.371810913, -25.6285495758], [-1541.02380371, 604.75012207, 356.662689209, 101.084777832, 821.344177246, 68.0550003052, -107.475013733, -165.937683105, 154.096801758, -6.61301326752, -41.6710739136, -160.492233276, -19.3093223572], [287.001647949, -442.435791016, -165.484329224, 73.0858154297, 68.0550003052, 531.141601562, 230.075210571, 158.692886353, -16.8540725708, 13.5494184494, -83.871383667, 32.7586555481, -32.0258674622], [276.449035645, 367.848937988, -199.574203491, -255.781585693, -107.475013733, 230.075210571, 724.726623535, 251.310043335, -23.6330833435, -127.347457886, -43.3703041077, -26.2548904419, 28.0402889252], [270.064544678, -440.593933105, -196.331069946, -71.7270050049, -165.937683105, 158.692886353, 251.310043335, 526.434997559, 173.260284424, 30.1542797089, -64.492767334, -26.5859870911, -44.3455505371], [101.799484253, 209.381225586, -249.044525146, -190.204544067, 154.096801758, -16.8540725708, -23.6330833435, 173.260284424, 500.02645874, 215.267379761, -34.6980361938, -163.596542358, -73.4879837036], [151.43927002, -336.471405029, -153.814880371, 84.8268966675, -6.61301326752, 13.5494184494, -127.347457886, 30.1542797089, 215.267379761, 379.237609863, 128.853408813, -16.2267303467, -91.9269714355], [-99.0506134033, -9.00467967987, 60.9169082642, 78.8603057861, -41.6710739136, -83.871383667, -43.3703041077, -64.492767334, -34.6980361938, 128.853408813, 316.765960693, 152.314727783, -54.5290641785], [15.8901290894, -427.985107422, 35.6858329773, 181.371810913, -160.492233276, 32.7586555481, -26.2548904419, -26.5859870911, -163.596542358, -16.2267303467, 152.314727783, 328.117797852, 54.1994056702], [-43.5117988586, 144.048416138, 13.0567026138, -25.6285495758, -19.3093223572, -32.0258674622, 28.0402889252, -44.3455505371, -73.4879837036, -91.9269714355, -54.5290641785, 54.1994056702, 197.414047241]]}, "spectral_energyband_middle_low": {"dmean2": 0.00535745872185, "median": 0.00837714038789, "min": 2.85394779867e-22, "dvar2": 0.000115389761049, "dvar": 7.29913081159e-05, "dmean": 0.00448582135141, "max": 0.18976739049, "var": 0.00038513407344, "mean": 0.0152185140178}, "melbands_crest": {"dmean2": 4.06739377975, "median": 17.4939250946, "min": 1.6875872612, "dvar2": 16.9466533661, "dvar": 6.91310071945, "dmean": 2.64521026611, "max": 39.040599823, "var": 37.4974746704, "mean": 18.2864246368}, "spectral_kurtosis": {"dmean2": 47.6224136353, "median": 54.4728393555, "min": -1.18113136292, "dvar2": 5096.36083984, "dvar": 1807.97094727, "dmean": 29.3347911835, "max": 669.398925781, "var": 6950.40332031, "mean": 79.3957672119}, "spectral_rms": {"dmean2": 0.000803280854598, "median": 0.00360548496246, "min": 3.27874099398e-12, "dvar2": 1.30052126224e-06, "dvar": 6.53313804833e-07, "dmean": 0.000628414156381, "max": 0.0208201520145, "var": 6.48101195111e-06, "mean": 0.00390083855018}, "zerocrossingrate": {"dmean2": 0.00345600582659, "median": 0.02294921875, "min": 0, "dvar2": 4.06505205319e-05, "dvar": 3.15310317092e-05, "dmean": 0.00282884808257, "max": 0.50341796875, "var": 0.000621929357294, "mean": 0.0263891965151}, "silence_rate_60dB": {"dmean2": 0.0807635858655, "median": 0, "min": 0, "dvar2": 0.0858413949609, "dvar": 0.0387412719429, "dmean": 0.0403788276017, "max": 1, "var": 0.171409994364, "mean": 0.21971809864}, "erbbands_kurtosis": {"dmean2": 8.68445110321, "median": 5.87478303909, "min": -1.89331555367, "dvar2": 350.534332275, "dvar": 170.257675171, "dmean": 6.12043571472, "max": 447.010009766, "var": 1010.73168945, "mean": 14.9661417007}, "erbbands": {"dmean2": [0.0541034527123, 0.832326710224, 2.4150724411, 3.23419117928, 2.36002063751, 5.21773052216, 4.18127059937, 7.05575370789, 9.30029201508, 25.0502223969, 17.6319179535, 53.2058334351, 29.6199169159, 12.6875810623, 28.6754112244, 1.94114756584, 1.52061736584, 1.97246778011, 0.736688256264, 0.686875402927, 0.496721237898, 0.293419361115, 0.319580286741, 0.342159241438, 0.242262139916, 0.249136731029, 0.393859893084, 0.27654889226, 0.527384161949, 0.30348354578, 0.296584755182, 0.0638472735882, 0.0417132601142, 0.0453817807138, 0.0336870066822, 0.0105767771602, 0.00172388728242, 0.000669637171086, 4.96383108839e-05, 1.23612126117e-05], "median": [0.0060547599569, 0.111129820347, 0.374747991562, 0.52184009552, 0.364944517612, 0.937416255474, 1.27864098549, 1.9147503376, 3.94355392456, 9.04035377502, 10.8664398193, 8.45362186432, 2.57707738876, 1.05485033989, 0.989218473434, 0.282283067703, 0.240919604897, 0.253105163574, 0.133466303349, 0.140451937914, 0.073308557272, 0.04767479375, 0.0276039689779, 0.0154951857403, 0.00949048623443, 0.00750536937267, 0.00615510717034, 0.00353470770642, 0.00199031014927, 0.00138708110899, 0.00128890387714, 0.0004353330296, 0.000239180852077, 0.000134138826979, 7.6783442637e-05, 3.59931364073e-05, 1.59903083841e-05, 3.9070805542e-06, 8.68414826982e-06, 1.59242590598e-05], "min": [1.35422421264e-21, 7.95813018996e-21, 1.61861926783e-20, 1.06891897669e-20, 5.75856000596e-20, 2.03386574478e-19, 1.78814321353e-19, 4.9827023315e-19, 8.62322346902e-19, 1.09890799621e-18, 1.15508772527e-18, 1.23668991988e-18, 1.13524169782e-18, 2.2869242307e-18, 4.02637814581e-18, 4.81861616775e-18, 4.84031601034e-18, 5.75855349191e-18, 6.80988019813e-18, 7.72820205211e-18, 9.17495500554e-18, 1.04629165783e-17, 1.3791476474e-17, 1.45682453913e-17, 1.97297796217e-17, 1.99213529972e-17, 2.58888274964e-17, 2.10039322413e-17, 1.44280895627e-17, 1.43260038945e-17, 1.97495757081e-17, 1.66855762965e-17, 1.66954065109e-17, 1.09738313011e-17, 9.39965034713e-18, 6.95891663781e-18, 3.63169305243e-18, 1.18984027114e-18, 3.36471016997e-19, 3.45297757916e-20], "dvar2": [0.0829228982329, 8.18230819702, 46.7180023193, 73.2954864502, 58.6575698853, 245.150619507, 189.547454834, 575.246643066, 776.252075195, 9789.18164062, 3590.34594727, 39458.546875, 21956.2949219, 4608.35742188, 38559.75, 72.3286132812, 42.0444946289, 66.8751602173, 8.89588737488, 10.6417570114, 18.9539051056, 2.2688498497, 8.07184505463, 7.12772417068, 3.32512640953, 3.06614208221, 22.6657428741, 3.29908967018, 88.6549453735, 21.6496829987, 6.42645597458, 0.115714423358, 0.0476453229785, 0.0757028833032, 0.0440312586725, 0.00990171544254, 0.000188744292245, 3.05360954371e-05, 1.11768429178e-07, 1.8390561296e-09], "dvar": [0.0332921110094, 2.84175610542, 14.8196754456, 27.6327018738, 29.0084190369, 162.216308594, 140.029983521, 323.841461182, 523.43951416, 6116.88671875, 2527.07543945, 27468.8554688, 10577.9863281, 2333.77929688, 19975.8027344, 35.966594696, 22.4125041962, 34.3777999878, 4.60823822021, 5.11989831924, 9.93539524078, 0.88041305542, 3.4365708828, 3.36086368561, 1.15381669998, 1.16649448872, 8.3250579834, 1.27872216702, 30.2283840179, 7.37624454498, 2.28974223137, 0.0499847829342, 0.0235075410455, 0.0336928069592, 0.0182889383286, 0.00365020777099, 7.21844262443e-05, 1.2860694369e-05, 4.56884770017e-08, 6.93877733049e-10], "dmean": [0.0339614637196, 0.487717360258, 1.39890253544, 2.02538371086, 1.70387518406, 4.20631408691, 3.55944681168, 5.2178273201, 7.20904970169, 21.1672668457, 15.4998626709, 46.4493560791, 21.6853923798, 9.77644538879, 22.1573104858, 1.42816829681, 1.08265197277, 1.43509232998, 0.537542819977, 0.462998121977, 0.335666447878, 0.184282705188, 0.204586550593, 0.218925625086, 0.141715452075, 0.148371428251, 0.236216455698, 0.178238332272, 0.307786792517, 0.169368594885, 0.172711476684, 0.0388324223459, 0.0273526292294, 0.0290462877601, 0.020607220009, 0.00628685252741, 0.00103920174297, 0.000417353818193, 3.16858458973e-05, 8.89510647539e-06], "max": [9.52591991425, 60.7431983948, 69.4728088379, 147.655609131, 167.300323486, 546.808654785, 507.975646973, 715.249450684, 1734.82202148, 4164.63867188, 2005.52062988, 5046.77099609, 3296.60668945, 1377.90869141, 4696.83642578, 165.283889771, 192.926681519, 348.304168701, 77.8718414307, 117.03213501, 249.204589844, 51.6047668457, 105.716194153, 146.405181885, 40.9582481384, 44.1824760437, 172.760025024, 55.5357437134, 438.170379639, 209.130874634, 85.7710647583, 15.3392400742, 9.33749961853, 10.5358867645, 6.91578197479, 2.81358122826, 0.408743143082, 0.19430565834, 0.0111762629822, 0.00177505158354], "var": [0.179383933544, 3.5963139534, 22.331817627, 81.1111602783, 131.961151123, 1398.20153809, 1019.49591064, 1623.59057617, 3013.68579102, 20686.2636719, 11903.9599609, 117015.109375, 22723.3066406, 5223.21386719, 34122.1953125, 73.2603530884, 63.3454437256, 146.413848877, 12.874212265, 9.07833480835, 19.7478542328, 1.14864778519, 4.26423788071, 5.19387340546, 0.794368326664, 1.04606747627, 5.98087406158, 2.09933543205, 18.6329841614, 4.15637588501, 1.92250418663, 0.136077806354, 0.0896469578147, 0.0844658836722, 0.0319421775639, 0.00387503951788, 9.27496075747e-05, 1.82923868124e-05, 7.96086325749e-08, 1.40163447515e-09], "mean": [0.0838190242648, 0.727843225002, 2.1059281826, 3.84495019913, 4.3288397789, 14.1540288925, 12.1736516953, 15.7815647125, 21.3638019562, 60.2252197266, 44.6295089722, 110.205276489, 40.9455833435, 17.7461681366, 33.4095230103, 2.75202441216, 2.30858612061, 3.48398208618, 1.15209257603, 0.859542965889, 0.615096151829, 0.348028361797, 0.312946557999, 0.330979526043, 0.1914216429, 0.219715163112, 0.321237117052, 0.317312419415, 0.407014399767, 0.180876240134, 0.225559964776, 0.0678963810205, 0.0555280484259, 0.0495111495256, 0.0297138895839, 0.00799820385873, 0.00134262314532, 0.000511294638272, 5.06512151333e-05, 2.71342578344e-05]}, "spectral_strongpeak": {"dmean2": 0.65651601553, "median": 0.979941427708, "min": 0, "dvar2": 1.32404267788, "dvar": 0.668747842312, "dmean": 0.460938066244, "max": 15.563044548, "var": 2.48294663429, "mean": 1.44292509556}, "spectral_energy": {"dmean2": 0.00916560646147, "median": 0.0133245084435, "min": 1.10188963658e-20, "dvar2": 0.000387830892578, "dvar": 0.000170567058376, "dmean": 0.0068302876316, "max": 0.444315671921, "var": 0.000761665694881, "mean": 0.0222399756312}, "average_loudness": 0.385300934315, "spectral_rolloff": {"dmean2": 136.362640381, "median": 581.396484375, "min": 21.533203125, "dvar2": 229115.8125, "dvar": 97090.421875, "dmean": 77.87159729, "max": 18669.2871094, "var": 738974, "mean": 656.798217773}, "spectral_centroid": {"dmean2": 70.6266326904, "median": 511.575134277, "min": 95.4502258301, "dvar2": 24559.3320312, "dvar": 12687.6083984, "dmean": 49.8333396912, "max": 10807.0390625, "var": 206740.328125, "mean": 565.566223145}, "pitch_salience": {"dmean2": 0.0885453671217, "median": 0.422585040331, "min": 0.0203133206815, "dvar2": 0.00909698288888, "dvar": 0.00356511026621, "dmean": 0.056811939925, "max": 0.80573707819, "var": 0.018092693761, "mean": 0.408211797476}, "spectral_energyband_middle_high": {"dmean2": 0.00114606693387, "median": 0.000227339041885, "min": 1.69153396655e-21, "dvar2": 3.82679245376e-05, "dvar": 1.98833549803e-05, "dmean": 0.000900092942175, "max": 0.141364827752, "var": 3.67777756765e-05, "mean": 0.00163353828248}, "spectral_contrast_coeffs": {"dmean2": [0.0720056593418, 0.0656129494309, 0.0595471858978, 0.0443107113242, 0.0307402443141, 0.0347678437829], "median": [-0.650576531887, -0.610466480255, -0.64389526844, -0.767244935036, -0.825001597404, -0.819027662277], "min": [-0.962961912155, -0.962696552277, -0.967501163483, -0.970937252045, -0.962402224541, -0.962456166744], "dvar2": [0.00380044081248, 0.0042140930891, 0.00362109043635, 0.00169090507552, 0.000843435293064, 0.00133045564871], "dvar": [0.0013937643962, 0.00170865491964, 0.00151543191168, 0.000703220721334, 0.000389989785617, 0.000560782151297], "dmean": [0.0435192547739, 0.0406627506018, 0.0384180024266, 0.027882616967, 0.0197329875082, 0.021474538371], "max": [-0.228100582957, -0.28758969903, -0.334378451109, -0.500816941261, -0.564165771008, -0.541834056377], "var": [0.0139552019536, 0.014274883084, 0.0147654013708, 0.0079087857157, 0.00287024630234, 0.00375267467462], "mean": [-0.636331379414, -0.615008711815, -0.655649602413, -0.768736422062, -0.827421724796, -0.816948354244]}, "melbands_skewness": {"dmean2": 0.956017911434, "median": 0.928623974323, "min": -7.3330411911, "dvar2": 1.37169659138, "dvar": 0.636297106743, "dmean": 0.656592965126, "max": 18.9324989319, "var": 6.46834468842, "mean": 1.22410511971}, "spectral_spread": {"dmean2": 816974.1875, "median": 1496028.75, "min": 144933.46875, "dvar2": 841068773376, "dvar": 383854149632, "dmean": 501741.46875, "max": 40086616, "var": 3629359300610.0, "mean": 2203336.25}, "dissonance": {"dmean2": 0.0988772064447, "median": 0.314242720604, "min": 0.0301876645535, "dvar2": 0.00971727445722, "dvar": 0.00334950955585, "dmean": 0.0581228621304, "max": 0.499999940395, "var": 0.00953648705035, "mean": 0.310353934765}, "spectral_skewness": {"dmean2": 2.07277464867, "median": 5.7080488205, "min": 0.0417311228812, "dvar2": 5.22467517853, "dvar": 2.07475686073, "dmean": 1.29300773144, "max": 22.5362262726, "var": 13.719203949, "mean": 6.33332681656}, "spectral_flux": {"dmean2": 0.0295895040035, "median": 0.0334460660815, "min": 1.04970927783e-10, "dvar2": 0.00193444010802, "dvar": 0.000773621199187, "dmean": 0.0182750597596, "max": 0.51999515295, "var": 0.00166327762417, "mean": 0.0432684533298}, "spectral_contrast_valleys": {"dmean2": [0.702454447746, 0.65071862936, 0.677085340023, 0.615344643593, 0.550306379795, 0.659782588482], "median": [-8.26721000671, -7.76091480255, -9.42249488831, -10.5254564285, -10.9288158417, -13.6240997314], "min": [-27.6608581543, -27.5621738434, -26.9529418945, -27.5930900574, -27.2220001221, -27.1854476929], "dvar2": [0.387582957745, 0.448386758566, 0.613657772541, 0.549569964409, 0.55378562212, 0.67639362812], "dvar": [0.150330260396, 0.179292455316, 0.247868418694, 0.22346958518, 0.232156783342, 0.272286832333], "dmean": [0.431364834309, 0.393665134907, 0.413408428431, 0.372152864933, 0.347617149353, 0.401116490364], "max": [-4.81373310089, -4.77067661285, -5.16650390625, -6.69497442245, -6.73777675629, -9.09138393402], "var": [3.20363259315, 3.39153003693, 2.95402336121, 2.1247882843, 2.37220454216, 1.72315990925], "mean": [-8.54436588287, -8.18369579315, -9.76646995544, -10.7818365097, -10.9539995193, -13.3460741043]}, "erbbands_flatness_db": {"dmean2": 0.0378868915141, "median": 0.375407993793, "min": 0.0326410345733, "dvar2": 0.00229670968838, "dvar": 0.00102645566221, "dmean": 0.0263719577342, "max": 0.656170487404, "var": 0.0117076747119, "mean": 0.362855523825}, "spectral_energyband_high": {"dmean2": 3.41383638442e-05, "median": 5.06689389113e-07, "min": 7.94648988466e-21, "dvar2": 6.77619880207e-08, "dvar": 2.41181954408e-08, "dmean": 2.06186359719e-05, "max": 0.00883837137371, "var": 2.60086689963e-08, "mean": 3.63352628483e-05}, "spectral_entropy": {"dmean2": 0.373186