{"tonal": {"thpcp": [1, 0.863848030567, 0.530404150486, 0.275273293257, 0.216070085764, 0.236245453358, 0.351242661476, 0.479728341103, 0.44181728363, 0.390523582697, 0.367362767458, 0.283314824104, 0.249319687486, 0.271029800177, 0.366475760937, 0.677787303925, 0.886724352837, 0.666587531567, 0.457514226437, 0.458896875381, 0.43994179368, 0.536169826984, 0.716313481331, 0.628252565861, 0.480352193117, 0.445696800947, 0.386316508055, 0.513680398464, 0.635736405849, 0.496918916702, 0.438410282135, 0.473551511765, 0.506503105164, 0.617345869541, 0.700339317322, 0.855992913246], "hpcp": {"dmean2": [0.453143775463, 0.517040550709, 0.527154803276, 0.440289795399, 0.327327102423, 0.189071312547, 0.135583862662, 0.145517617464, 0.186686813831, 0.214181110263, 0.21367251873, 0.208414807916, 0.186735749245, 0.141458764672, 0.127157077193, 0.144202277064, 0.204075619578, 0.310554891825, 0.320728003979, 0.29826259613, 0.246893614531, 0.236774012446, 0.228507146239, 0.28020760417, 0.353114753962, 0.293942034245, 0.262796998024, 0.235269621015, 0.209373891354, 0.286865502596, 0.343676656485, 0.284798920155, 0.305630534887, 0.337917894125, 0.340535610914, 0.402602165937], "median": [0.0781352221966, 0.115720301867, 0.162676990032, 0.125446110964, 0.0551720634103, 0.0251122154295, 0.0225454159081, 0.0296683199704, 0.040210030973, 0.0507270507514, 0.0567891411483, 0.0643999874592, 0.0596597976983, 0.0431476086378, 0.0357347615063, 0.0365021415055, 0.0486988388002, 0.0750140473247, 0.0763672739267, 0.0856930762529, 0.0662986710668, 0.0563533976674, 0.0644827932119, 0.0853866860271, 0.0987780317664, 0.0896642357111, 0.0646107643843, 0.0469638258219, 0.0485829412937, 0.0704909935594, 0.0798257291317, 0.0674287453294, 0.0464042797685, 0.0404124446213, 0.0464346259832, 0.0584719963372], "min": [0, 0, 0, 0, 0, 0, 0, 0, 0, 0, 0, 0, 0, 0, 0, 0, 0, 0, 0, 0, 0, 0, 0, 0, 0, 0, 0, 0, 0, 0, 0, 0, 0, 0, 0, 0], "dvar2": [0.226422518492, 0.229720458388, 0.220836549997, 0.186765730381, 0.148461714387, 0.0762666612864, 0.0566447228193, 0.0502004101872, 0.0653606429696, 0.0822071805596, 0.0700362920761, 0.064567387104, 0.0558862015605, 0.0368278510869, 0.0346308536828, 0.0426171720028, 0.0692978650331, 0.128836467862, 0.140990868211, 0.116123244166, 0.0869163647294, 0.0882057994604, 0.0805666446686, 0.105606012046, 0.156916201115, 0.109344519675, 0.112915813923, 0.101896718144, 0.0788565501571, 0.123083502054, 0.162386208773, 0.114886566997, 0.158063560724, 0.19181111455, 0.175684332848, 0.21545752883], "dvar": [0.0836067795753, 0.0877224728465, 0.0866668075323, 0.0720514878631, 0.0551555268466, 0.0276301316917, 0.0199789218605, 0.0174746047705, 0.0249667279422, 0.0352794639766, 0.0271270405501, 0.0229709371924, 0.0203376822174, 0.0134325297549, 0.0128256883472, 0.0156343691051, 0.0252001676708, 0.0503520667553, 0.0634115934372, 0.044116768986, 0.0328418388963, 0.0347074493766, 0.0303612295538, 0.0392043143511, 0.0657786726952, 0.0468407459557, 0.0412257052958, 0.0416279919446, 0.0291754826903, 0.0445957221091, 0.061245765537, 0.0419951416552, 0.056821025908, 0.0687436312437, 0.0632298737764, 0.0797148570418], "dmean": [0.249390006065, 0.288059562445, 0.297944754362, 0.250148832798, 0.182973667979, 0.102944903076, 0.074492149055, 0.079876601696, 0.105524502695, 0.123088017106, 0.122942015529, 0.117270886898, 0.105681166053, 0.0809711441398, 0.0724094808102, 0.0811806246638, 0.11512863636, 0.178790673614, 0.186075747013, 0.174424797297, 0.140237063169, 0.136666089296, 0.130743548274, 0.160345256329, 0.203773722053, 0.172971054912, 0.149598121643, 0.13331733644, 0.118800781667, 0.160826906562, 0.192409142852, 0.159961208701, 0.166039392352, 0.18307133019, 0.187141776085, 0.22070761025], "max": [1, 1, 1, 1, 1, 1, 1, 1, 1, 1, 1, 1, 1, 1, 1, 1, 1, 1, 1, 1, 1, 1, 1, 1, 1, 1, 1, 1, 1, 1, 1, 1, 1, 1, 1, 1], "var": [0.0840961262584, 0.0993619784713, 0.109096445143, 0.0961294770241, 0.0560165680945, 0.0252945497632, 0.0187163408846, 0.016609493643, 0.0303604323417, 0.0601136498153, 0.0390682816505, 0.0243865754455, 0.0233641061932, 0.0163283497095, 0.0154759818688, 0.0195432733744, 0.0282828230411, 0.0749409049749, 0.127112925053, 0.0665032491088, 0.0384222492576, 0.0429294854403, 0.0344187170267, 0.0432629548013, 0.0825246572495, 0.0604509375989, 0.0425443574786, 0.0521278455853, 0.0316764824092, 0.0466487593949, 0.0716182887554, 0.0422674454749, 0.0475868470967, 0.059107683599, 0.0596068799496, 0.079322040081], "mean": [0.218561753631, 0.26713809371, 0.312079787254, 0.26958951354, 0.165528416634, 0.085907228291, 0.0674311071634, 0.0737274289131, 0.10961573571, 0.149713516235, 0.137882247567, 0.121874518692, 0.114646494389, 0.0884168297052, 0.0778076350689, 0.0845829248428, 0.114369675517, 0.211523711681, 0.276728749275, 0.208028495312, 0.142780944705, 0.14321243763, 0.137296944857, 0.16732776165, 0.22354696691, 0.196064919233, 0.149908214808, 0.139092966914, 0.120561569929, 0.160309270024, 0.198400482535, 0.155078351498, 0.136818990111, 0.14778585732, 0.158069372177, 0.192661166191]}, "tuning_equal_tempered_deviation": 0.125056490302, "chords_changes_rate": 0.0852134376764, "key_key": "D#", "tuning_diatonic_strength": 0.653399646282, "key_scale": "major", "chords_number_rate": 0.00243466976099, "tuning_frequency": 437.971466064, "tuning_nontempered_energy_ratio": 0.842030882835, "chords_histogram": [18.6820316315, 1.6880376339, 1.86658012867, 9.56013679504, 12.3194284439, 13.6990747452, 5.56727790833, 0.0649245232344, 0.146080181003, 0.76286315918, 1.21733486652, 0.714169800282, 3.92793369293, 0.957636773586, 0.941405594349, 0.259698092937, 0.0649245232344, 13.9587726593, 0, 4.12270736694, 4.09024524689, 1.23356592655, 1.5906509161, 2.56451869011], "key_strength": 0.608247041702, "chords_key": "D#", "chords_strength": {"dmean2": 0.0162189994007, "median": 0.592273175716, "min": -1, "dvar2": 0.000808177224826, "dvar": 0.000419808638981, "dmean": 0.0124444095418, "max": 0.828033983707, "var": 0.0246843732893, "mean": 0.572302162647}, "chords_scale": "major", "hpcp_entropy": {"dmean2": 1.29163587093, "median": 2.37130212784, "min": 0, "dvar2": 1.00872159004, "dvar": 0.357202023268, "dmean": 0.761366486549, "max": 4.5620007515, "var": 0.89639621973, "mean": 2.32725191116}}, "metadata": {"audio_properties": {"equal_loudness": 0, "codec": "flac", "downmix": "mix", "sample_rate": 44100, "analysis_sample_rate": 44100, "bit_rate": 0, "md5_encoded": "2da466fcef3fbac1b3108300beb29f47", "length": 286.026672363, "replay_gain": -9.18684196472, "lossless": true}, "version": {"essentia_build_sha": "2d9f1f26377add8aeb1075a9c2973f962c4f09fd", "essentia": "2.1-beta2", "extractor": "music 1.0", "essentia_git_sha": "v2.1_beta2-1-ge3940c0"}, "tags": {"title": ["Louisiana Two-Step"], "albumartist": ["Clifton Chenier & His Red Hot Louisiana Band"], "date": ["1991"], "genre": ["Zydeco"], "tracktotal": ["17"], "albumartistsort": ["Chenier, Clifton and His Red Hot Louisiana Band"], "disctotal": ["1"], "acoustid_id": ["e2264cc8-824c-42dc-a32c-9e230a2ed41f"], "musicbrainz_releasegroupid": ["c3bd1755-373b-4351-bba9-085082dc6e74"], "musicbrainz_recordingid": ["1d4095ee-2d17-4afc-b7ef-8d706e831678"], "musicbrainz_artistid": ["885e5e8a-9f74-4cf5-b921-564ab3d6429a"], "musicbrainz_albumartistid": ["885e5e8a-9f74-4cf5-b921-564ab3d6429a"], "musicbrainz_albumid": ["fe9fa24b-3f64-422d-a9aa-9a58448b9b70"], "artist": ["Clifton Chenier & His Red Hot Louisiana Band"], "tracknumber": ["17"], "artistsort": ["Chenier, Clifton and His Red Hot Louisiana Band"], "album": ["Out West"], "releasestatus": ["official"], "discnumber": ["1"], "script": ["Latn"], "file_name": "17 - Louisiana Two-Step.flac"}}, "rhythm": {"bpm_histogram_first_peak_bpm": {"dmean2": 0, "median": 129, "min": 129, "dvar2": 0, "dvar": 0, "dmean": 0, "max": 129, "var": 0, "mean": 129}, "bpm": 129.558425903, "bpm_histogram_second_peak_spread": {"dmean2": 0, "median": 0.37234044075, "min": 0.37234044075, "dvar2": 0, "dvar": 0, "dmean": 0, "max": 0.37234044075, "var": 0, "mean": 0.37234044075}, "bpm_histogram_first_peak_weight": {"dmean2": 0, "median": 0.306260585785, "min": 0.306260585785, "dvar2": 0, "dvar": 0, "dmean": 0, "max": 0.306260585785, "var": 0, "mean": 0.306260585785}, "onset_rate": 5.86268091202, "beats_position": [0.592108845711, 1.20743763447, 1.8111563921, 2.42648530006, 3.01859402657, 3.58748292923, 4.14476203918, 4.69043064117, 5.23609972, 5.78176879883, 6.32743740082, 6.87310647964, 7.41877555847, 7.95283412933, 8.48689365387, 9.02095222473, 9.54340076447, 10.077460289, 10.6115188599, 11.1455783844, 11.6680269241, 12.1904764175, 12.7245349884, 13.2469835281, 13.7694330215, 14.2918815613, 14.8143310547, 15.3367795944, 15.8592290878, 16.3816776276, 16.904127121, 17.426574707, 17.9490242004, 18.4714736938, 18.9939231873, 19.5163707733, 20.0388202667, 20.549659729, 21.0604991913, 21.5829467773, 22.1053962708, 22.6278457642, 23.1502952576, 23.6611328125, 24.1719722748, 24.6828117371, 25.1936511993, 25.7044887543, 26.2153282166, 26.7261676788, 27.2370071411, 27.747844696, 28.2586841583, 28.7695236206, 29.2803630829, 29.7912006378, 30.2788200378, 30.7896595001, 31.3121089935, 31.8229465485, 32.322177887, 32.8330154419, 33.3438529968, 33.8546943665, 34.3655319214, 34.8763694763, 35.3872108459, 35.8864402771, 36.3856697083, 36.8965072632, 37.4073448181, 37.9181861877, 38.4174156189, 38.9282531738, 39.427482605, 39.9383201599, 40.4259414673, 40.9251708984, 41.4243965149, 41.9352378845, 42.4228553772, 42.9336967468, 43.432926178, 43.9321517944, 44.4197731018, 44.919002533, 45.4182319641, 45.9058494568, 46.3934669495, 46.8810882568, 47.380317688, 47.8795471191, 48.3671646118, 48.866394043, 49.3656234741, 49.8532409668, 50.3408622742, 50.8516998291, 51.3393173218, 51.8269386292, 52.3261680603, 52.8253974915, 53.3130149841, 53.8122444153, 54.3114738464, 54.8107032776, 55.3099327087, 55.7975502014, 56.2851676941, 56.7727890015, 57.2720184326, 57.7712478638, 58.2588653564, 58.7464828491, 59.2457122803, 59.7333335876, 60.2325630188, 60.7317886353, 61.2310180664, 61.7186393738, 62.2062568665, 62.7054862976, 63.2047157288, 63.6923332214, 64.1915664673, 64.6675720215, 65.1551895142, 65.6428070068, 66.1188201904, 66.6064376831, 67.0940551758, 67.5816802979, 68.0692977905, 68.5453033447, 69.0329208374, 69.5205459595, 70.0081634521, 70.4957809448, 70.9833984375, 71.4710159302, 71.9586410522, 72.4578704834, 72.9570999146, 73.4447174072, 73.9323348999, 74.4315643311, 74.9307937622, 75.4184112549, 75.9060287476, 76.3936462402, 76.9044876099, 77.3921051025, 77.8797302246, 78.3673477173, 78.85496521, 79.3425827026, 79.8302001953, 80.3178253174, 80.8054428101, 81.2930603027, 81.7806777954, 82.2682952881, 82.7559204102, 83.2435379028, 83.7079315186, 84.1723327637, 84.6599502563, 85.1243515015, 85.5887527466, 86.0531539917, 86.5175476074, 86.9819488525, 87.4463500977, 87.9339675903, 88.4099731445, 88.8859863281, 89.3503875732, 89.814781189, 90.3023986816, 90.7667999268, 91.2428131104, 91.7072067261, 92.1832199097, 92.6476211548, 93.1120147705, 93.5764160156, 94.0408172607, 94.5052108765, 94.9696121216, 95.4340133667, 95.8984146118, 96.3628082275, 96.8272094727, 97.2916107178, 97.767616272, 98.2320175171, 98.6964187622, 99.1724243164, 99.6484298706, 100.124443054, 100.588844299, 101.041633606, 101.494422913, 101.958816528, 102.423217773, 102.887619019, 103.363624573, 103.839637756, 104.304031372, 104.768432617, 105.244445801, 105.720451355, 106.1848526, 106.649246216, 107.113647461, 107.578048706, 108.042449951, 108.483627319, 108.948028564, 109.41242218, 109.876823425, 110.34122467, 110.805618286, 111.270019531, 111.734420776, 112.198822021, 112.663215637, 113.127616882, 113.580406189, 114.033195496, 114.497596741, 114.961990356, 115.426391602, 115.890792847, 116.355194092, 116.819587708, 117.283988953, 117.736778259, 118.189567566, 118.653968811, 119.095146179, 119.559547424, 120.02394104, 120.476730347, 120.941131592, 121.393920898, 121.858322144, 122.322715759, 122.787117004, 123.25151825, 123.704307556, 124.157096863, 124.609886169, 125.062675476, 125.527069092, 125.991470337, 126.444259644, 126.89704895, 127.349838257, 127.802627563, 128.25541687, 128.708206177, 129.172607422, 129.61378479, 130.078186035, 130.530975342, 130.983764648, 131.448165894, 131.9009552, 132.353744507, 132.794921875, 133.236099243, 133.677276611, 134.118453979, 134.582855225, 135.04725647, 135.488433838, 135.952835083, 136.417236328, 136.881637573, 137.34602356, 137.787200928, 138.251602173, 138.704391479, 139.168792725, 139.621582031, 140.074371338, 140.527160645, 140.968338013, 141.421127319, 141.873916626, 142.326705933, 142.779495239, 143.232284546, 143.685073853, 144.149475098, 144.602264404, 145.055053711, 145.507843018, 145.960632324, 146.413421631, 146.854598999, 147.307388306, 147.760177612, 148.212966919, 148.654144287, 149.106933594, 149.5597229, 150.000900269, 150.442077637, 150.906478882, 151.34765625, 151.800445557, 152.253234863, 152.694412231, 153.158813477, 153.611602783, 154.06439209, 154.528793335, 154.99319458, 155.457595825, 155.898773193, 156.363174438, 156.815963745, 157.257141113, 157.721542358, 158.197555542, 158.661941528, 159.126342773, 159.602355957, 160.078369141, 160.565979004, 161.030380249, 161.494781494, 161.959182739, 162.423583984, 162.899581909, 163.375595093, 163.839996338, 164.304397583, 164.768798828, 165.233200073, 165.69758606, 166.161987305, 166.614776611, 167.067565918, 167.531967163, 168.007980347, 168.460769653, 168.925170898, 169.389572144, 169.865570068, 170.341583252, 170.805984497, 171.293609619, 171.757995605, 172.222396851, 172.686798096, 173.151199341, 173.615600586, 174.080001831, 174.544403076, 175.020401001, 175.496414185, 175.96081543, 176.425216675, 176.9012146, 177.377227783, 177.841629028, 178.306030273, 178.793640137, 179.258041382, 179.710830688, 180.186843872, 180.639633179, 181.115646362, 181.580047607, 182.044433594, 182.508834839, 182.984848022, 183.449249268, 183.925262451, 184.389663696, 184.854049683, 185.318450928, 185.782852173, 186.247253418, 186.723266602, 187.199264526, 187.663665771, 188.128067017, 188.592468262, 189.056869507, 189.521270752, 189.985671997, 190.450057983, 190.90284729, 191.355636597, 191.820037842, 192.284439087, 192.748840332, 193.224853516, 193.70085144, 194.165252686, 194.629653931, 195.094055176, 195.558456421, 196.022857666, 196.498855591, 196.974868774, 197.43927002, 197.903671265, 198.36807251, 198.844070435, 199.320083618, 199.796096802, 200.272109985, 200.74810791, 201.224121094, 201.688522339, 202.152923584, 202.628936768, 203.104934692, 203.569335938, 204.045349121, 204.521362305, 204.997360229, 205.473373413, 205.937774658, 206.402175903, 206.866577148, 207.330978394, 207.772155762, 208.236557007, 208.700942993, 209.165344238, 209.641357422, 210.094146729, 210.558547974, 211.022949219, 211.464126587, 211.928527832, 212.392913818, 212.857315063, 213.321716309, 213.762893677, 214.227294922, 214.691696167, 215.156097412, 215.59727478, 216.038452148, 216.479629517, 216.920806885, 217.350387573, 217.80317688, 218.244354248, 218.673919678, 219.103485107, 219.544662476, 219.985839844, 220.427032471, 220.879821777, 221.332611084, 221.773788452, 222.226577759, 222.667755127, 223.120544434, 223.57333374, 224.026123047, 224.467300415, 224.908477783, 225.349655151, 225.79083252, 226.232009888, 226.673187256, 227.114364624, 227.555557251, 227.973510742, 228.426300049, 228.867477417, 229.297042847, 229.726623535, 230.179412842, 230.62059021, 231.061767578, 231.502944946, 231.955734253, 232.40852356, 232.849700928, 233.290878296, 233.732055664, 234.184844971, 234.626022339, 235.067199707, 235.519989014, 235.961181641, 236.402359009, 236.843536377, 237.296325684, 237.74911499, 238.190292358, 238.631469727, 239.095870972, 239.560272217, 240.013061523, 240.46585083, 240.930252075, 241.383041382, 241.847427368, 242.323440552, 242.787841797, 243.252243042, 243.716644287, 244.181045532, 244.645431519, 245.109832764, 245.551010132, 245.9921875, 246.456588745, 246.909378052, 247.373779297, 247.826568604, 248.290969849, 248.743759155, 249.196548462, 249.649337769, 250.102127075, 250.56652832, 251.007705688, 251.472106934, 251.936508179, 252.389297485, 252.842086792, 253.306488037, 253.770874023, 254.235275269, 254.688064575, 255.15246582, 255.616867065, 256.069641113, 256.534057617, 256.998443604, 257.474456787, 257.950469971, 258.414855957, 258.879272461, 259.332061768, 259.784851074, 260.342132568, 260.945831299, 261.51473999, 262.153289795, 262.7918396, 263.453613281, 264.115356445, 264.707489014, 265.287963867, 265.868469238, 266.460571289, 267.052703857, 267.633178711, 268.225311279, 268.82901001, 269.444335938, 270.059692383, 270.709838867, 271.359985352, 271.998535156, 272.625488281, 273.264038086, 273.83291626, 274.413421631, 274.982299805, 275.551208496, 276.12008667, 276.665740967, 277.223022461, 277.780303955, 278.337585449, 278.894866943, 279.452148438, 280.009429932, 280.566711426, 281.077545166, 281.588378906, 282.087615967, 282.610076904, 283.144134521, 283.678192139, 284.212249756, 284.746307373, 285.28036499], "beats_loudness": {"dmean2": 0.041817329824, "median": 0.0384158827364, "min": 0, "dvar2": 0.00104272540193, "dvar": 0.000378337746952, "dmean": 0.0246729254723, "max": 0.139984980226, "var": 0.000596663157921, "mean": 0.0385058410466}, "danceability": 1.71857225895, "bpm_histogram_second_peak_weight": {"dmean2": 0, "median": 0.0998307988048, "min": 0.0998307988048, "dvar2": 0, "dvar": 0, "dmean": 0, "max": 0.0998307988048, "var": 0, "mean": 0.0998307988048}, "beats_count": 592, "bpm_histogram_second_peak_bpm": {"dmean2": 0, "median": 123, "min": 123, "dvar2": 0, "dvar": 0, "dmean": 0, "max": 123, "var": 0, "mean": 123}, "bpm_histogram_first_peak_spread": {"dmean2": 0, "median": 0.432601898909, "min": 0.432601898909, "dvar2": 0, "dvar": 0, "dmean": 0, "max": 0.432601898909, "var": 0, "mean": 0.432601898909}, "beats_loudness_band_ratio": {"dmean2": [0.289311528206, 0.345459967852, 0.152786791325, 0.0762756094337, 0.0820281207561, 0.0214166045189], "median": [0.200303673744, 0.627105176449, 0.10419242084, 0.0606512054801, 0.0585121437907, 0.0118389353156], "min": [0, 0, 0, 0, 0, 0], "dvar2": [0.060142621398, 0.0815784409642, 0.0262077581137, 0.0124374078587, 0.00879188068211, 0.00269052758813], "dvar": [0.0221797786653, 0.0298199858516, 0.00963777210563, 0.0045188232325, 0.00308826402761, 0.00105093815364], "dmean": [0.165759548545, 0.198651015759, 0.0880194827914, 0.0436718612909, 0.0459501668811, 0.0120795313269], "max": [0.868762612343, 0.891861975193, 0.829576313496, 0.712811768055, 0.656991779804, 0.630524456501], "var": [0.0277134571224, 0.04863480106, 0.0114255184308, 0.00563040981069, 0.00484570162371, 0.000874324701726], "mean": [0.241580083966, 0.561269462109, 0.136008232832, 0.07858004421, 0.0775803700089, 0.0168796945363]}}, "lowlevel": {"barkbands_spread": {"dmean2": 10.5292673111, "median": 17.3855209351, "min": 0.848034322262, "dvar2": 76.3282165527, "dvar": 34.1109733582, "dmean": 6.7220044136, "max": 128.485168457, "var": 104.643692017, "mean": 18.6411190033}, "melbands_spread": {"dmean2": 15.9608983994, "median": 19.7149562836, "min": 1.45134544373, "dvar2": 202.420074463, "dvar": 90.8115539551, "dmean": 10.0966339111, "max": 185.625732422, "var": 310.645446777, "mean": 23.518201828}, "hfc": {"dmean2": 6.9872841835, "median": 4.6361989975, "min": 1.07824309718e-16, "dvar2": 100.926887512, "dvar": 46.561050415, "dmean": 4.80353736877, "max": 96.0383300781, "var": 86.3003463745, "mean": 8.28182220459}, "barkbands_kurtosis": {"dmean2": 5.83412218094, "median": 1.3430685997, "min": -1.85675930977, "dvar2": 57.0010452271, "dvar": 22.6546840668, "dmean": 3.53934884071, "max": 48.2256622314, "var": 26.7611141205, "mean": 3.03567147255}, "gfcc": {"mean": [-83.4660186768, 108.281303406, -142.73550415, 24.1906299591, -64.3618621826, 3.41396284103, -54.3054466248, -3.01545190811, -15.8953704834, -20.6471977234, -10.1067581177, -7.31474733353, -12.0509939194], "icov": [[0.000433472625446, -0.0010457522003, 0.000895543489605, -0.000864327070303, 0.0014989139745, -0.00112069863826, 0.00107899750583, -0.00068720622221, 0.000664794177283, -0.000355545023922, 0.000853137054946, -0.000403133715736, 0.000581042142585], [-0.0010457522003, 0.00410757493228, -0.00202105590142, 0.00165046995971, -0.00451753102243, 0.0034948925022, -0.00280707445927, 0.00245814607479, -0.00281490548514, 0.00296207144856, -0.00400593224913, 0.00314303673804, -0.00263989623636], [0.000895543489605, -0.00202105590142, 0.0040105949156, -0.00266132387333, 0.00148906384129, -0.00243312772363, 0.00223827781156, -0.000897457299288, 0.0017656092532, -0.000704234465957, 0.0015088977525, -0.000500239606481, 0.000486859760713], [-0.000864327070303, 0.00165046995971, -0.00266132387333, 0.00597786251456, -0.00134963355958, 0.00155750289559, -0.00244524632581, 0.000403926183935, -0.000878200342413, -0.000660668767523, -0.000521280977409, -0.000429434789112, -9.57868178375e-06], [0.0014989139745, -0.00451753102243, 0.00148906384129, -0.00134963355958, 0.0125796096399, -0.00795039813966, 0.00281607010402, -0.00276109133847, 0.00328224035911, -0.0038445929531, 0.00372603046708, -0.003370011691, 0.00250658625737], [-0.00112069863826, 0.0034948925022, -0.00243312772363, 0.00155750289559, -0.00795039813966, 0.0103549789637, -0.00102968956344, -3.18347047141e-05, -0.00235962914303, 0.00521076982841, -0.00497243879363, 0.000271199300187, -0.00119410676416], [0.00107899750583, -0.00280707445927, 0.00223827781156, -0.00244524632581, 0.00281607010402, -0.00102968956344, 0.00946983415633, -0.00283650774509, -0.00240468676202, -0.00239694444463, 0.00372068095021, -0.00162002292927, 0.0010978319915], [-0.00068720622221, 0.00245814607479, -0.000897457299288, 0.000403926183935, -0.00276109133847, -3.18347047141e-05, -0.00283650774509, 0.0107725001872, -0.00181008537766, -0.00292610214092, -0.00291992886923, 0.00466514285654, -0.00269109290093], [0.000664794177283, -0.00281490548514, 0.0017656092532, -0.000878200342413, 0.00328224035911, -0.00235962914303, -0.00240468676202, -0.00181008537766, 0.0138331186026, -0.00406385213137, 0.00175646343268, -0.00521693611518, 0.00425547501072], [-0.000355545023922, 0.00296207144856, -0.000704234465957, -0.000660668767523, -0.0038445929531, 0.00521076982841, -0.00239694444463, -0.00292610214092, -0.00406385213137, 0.0202100276947, -0.00928273424506, 0.000945760519244, -0.00138298107777], [0.000853137054946, -0.00400593224913, 0.0015088977525, -0.000521280977409, 0.00372603046708, -0.00497243879363, 0.00372068095021, -0.00291992886923, 0.00175646343268, -0.00928273424506, 0.0217166617513, -0.00572650367394, 0.00240492890589], [-0.000403133715736, 0.00314303673804, -0.000500239606481, -0.000429434789112, -0.003370011691, 0.000271199300187, -0.00162002292927, 0.00466514285654, -0.00521693611518, 0.000945760519244, -0.00572650367394, 0.0224279612303, -0.00625249929726], [0.000581042142585, -0.00263989623636, 0.000486859760713, -9.57868178375e-06, 0.00250658625737, -0.00119410676416, 0.0010978319915, -0.00269109290093, 0.00425547501072, -0.00138298107777, 0.00240492890589, -0.00625249929726, 0.018900198862]], "cov": [[15346.1015625, 1649.55212402, -1540.45495605, 532.870666504, -993.112609863, -99.3172149658, -612.529846191, -34.1980667114, -217.319747925, -340.19442749, -115.981201172, -255.860534668, -91.1296386719], [1649.55212402, 996.87701416, -13.4193305969, 1.51053237915, 29.2664794922, -68.5859832764, 41.3633575439, -77.615272522, 48.6471366882, -73.0593414307, 28.6317062378, -56.268989563, 28.6487541199], [-1540.45495605, -13.4193305969, 679.035949707, 74.8425674438, 216.188064575, 151.223083496, -36.6706962585, 1.28421700001, -44.6890830994, 1.60170376301, 23.718580246, 21.1825275421, 25.3940448761], [532.870666504, 1.51053237915, 74.8425674438, 282.897857666, -34.4783935547, -3.20347881317, 25.5534515381, 29.6311359406, 10.9299850464, 22.4510173798, -3.15511798859, 5.11347198486, -9.57552433014], [-993.112609863, 29.2664794922, 216.188064575, -34.4783935547, 300.041595459, 177.340591431, -9.80020999908, 26.1789722443, -9.16946601868, 12.4534416199, 35.1524963379, 28.8813438416, 12.7985057831], [-99.3172149658, -68.5859832764, 151.223083496, -3.20347881317, 177.340591431, 294.363708496, -80.7657470703, 34.1099472046, -33.9345855713, -25.4716300964, 33.8822059631, 24.1478729248, 3.65690350533], [-612.529846191, 41.3633575439, -36.6706962585, 25.5534515381, -9.80020999908, -80.7657470703, 251.799255371, 37.3462295532, 104.047149658, 56.966545105, -0.228816479445, 13.9258489609, -2.167958498], [-34.1980667114, -77.615272522, 1.28421700001, 29.6311359406, 26.1789722443, 34.1099472046, 37.3462295532, 149.812561035, 22.5008926392, 49.3299789429, 22.5299491882, -4.56417942047, 2.20386743546], [-217.319747925, 48.6471366882, -44.6890830994, 10.9299850464, -9.16946601868, -33.9345855713, 104.047149658, 22.5008926392, 138.962356567, 42.962387085, 13.8939085007, 21.0473747253, -12.0847549438], [-340.19442749, -73.0593414307, 1.60170376301, 22.4510173798, 12.4534416199, -25.4716300964, 56.966545105, 49.3299789429, 42.962387085, 100.756713867, 32.732875824, 14.4432010651, -1.00956761837], [-115.981201172, 28.6317062378, 23.718580246, -3.15511798859, 35.1524963379, 33.8822059631, -0.228816479445, 22.5299491882, 13.8939085007, 32.732875824, 75.880607605, 16.528383255, 2.73142361641], [-255.860534668, -56.268989563, 21.1825275421, 5.11347198486, 28.8813438416, 24.1478729248, 13.9258489609, -4.56417942047, 21.0473747253, 14.4432010651, 16.528383255, 66.2525482178, 11.8321876526], [-91.1296386719, 28.6487541199, 25.3940448761, -9.57552433014, 12.7985057831, 3.65690350533, -2.167958498, 2.20386743546, -12.0847549438, -1.00956761837, 2.73142361641, 11.8321876526, 64.2407989502]]}, "spectral_energyband_middle_low": {"dmean2": 0.0167234614491, "median": 0.00382302515209, "min": 1.74417815098e-22, "dvar2": 0.00111972203013, "dvar": 0.000452776323073, "dmean": 0.0103682912886, "max": 0.20050559938, "var": 0.000443663273472, "mean": 0.0111833931878}, "melbands_crest": {"dmean2": 8.1638917923, "median": 13.2465267181, "min": 1.50782465935, "dvar2": 43.7330245972, "dvar": 17.2352733612, "dmean": 4.91250991821, "max": 36.3546562195, "var": 33.8180809021, "mean": 14.3487606049}, "spectral_kurtosis": {"dmean2": 4.02590703964, "median": 5.20556545258, "min": -1.25835502148, "dvar2": 21.4258117676, "dvar": 7.41547870636, "dmean": 2.35556507111, "max": 50.5410881042, "var": 16.8788013458, "mean": 6.14794397354}, "spectral_rms": {"dmean2": 0.00179082364775, "median": 0.00241356831975, "min": 3.1064152986e-12, "dvar2": 5.91422940488e-06, "dvar": 2.66409051619e-06, "dmean": 0.00122053187806, "max": 0.0142447398975, "var": 4.53814072898e-06, "mean": 0.00300409295596}, "zerocrossingrate": {"dmean2": 0.0141469165683, "median": 0.052734375, "min": 0.009765625, "dvar2": 0.000168163009221, "dvar": 0.000103748134279, "dmean": 0.0112263858318, "max": 0.53515625, "var": 0.00212166388519, "mean": 0.0588672980666}, "silence_rate_60dB": {"dmean2": 0.348433196545, "median": 0, "min": 0, "dvar2": 0.301052093506, "dvar": 0.143869951367, "dmean": 0.17420245707, "max": 1, "var": 0.188226610422, "mean": 0.251461029053}, "erbbands_kurtosis": {"dmean2": 1.60466909409, "median": -0.381679028273, "min": -1.7290211916, "dvar2": 3.18493032455, "dvar": 1.27774763107, "dmean": 0.956730484962, "max": 25.7436313629, "var": 1.96457445621, "mean": -0.0269570238888}, "erbbands": {"dmean2": [0.00465534906834, 0.14086009562, 0.428434729576, 1.76878559589, 25.2390174866, 52.7200584412, 19.9842300415, 12.3955078125, 11.4757823944, 20.8529186249, 27.7142219543, 29.7834320068, 21.0576381683, 10.2053365707, 6.7439289093, 8.71717643738, 17.0010910034, 13.5959262848, 8.97452259064, 10.9871044159, 18.2560043335, 13.6157846451, 7.97431993484, 10.554851532, 2.61414909363, 0.866092026234, 0.885607481003, 0.44174900651, 1.33816349506, 0.627497911453, 0.999429762363, 0.786352574825, 0.342373996973, 0.1324300915, 0.0438639856875, 0.00517774187028, 0.00077807152411, 0.000239653410972, 2.32794554904e-05, 2.01399798243e-05], "median": [0.000816850108095, 0.0222613234073, 0.080866381526, 0.367609024048, 1.95498967171, 3.54777026176, 3.07490682602, 3.17275094986, 3.18868589401, 2.99719047546, 3.37083864212, 5.16975975037, 3.87335157394, 3.37135076523, 2.34139585495, 3.36783266068, 6.21677160263, 5.34587669373, 3.41852259636, 5.01990461349, 7.52872562408, 5.33603000641, 4.54552555084, 4.21879768372, 1.59686994553, 0.552527785301, 0.326828062534, 0.258760243654, 0.434165149927, 0.404572725296, 0.41022092104, 0.218936115503, 0.0962840542197, 0.0316549837589, 0.00870319735259, 0.00102293118834, 0.000220952220843, 7.16010981705e-05, 1.38509294629e-05, 7.85788870417e-06], "min": [6.14504406703e-23, 6.66718731366e-22, 2.81349773775e-21, 5.93821773811e-21, 1.14342113114e-20, 1.60109192457e-20, 3.38615431037e-20, 5.52934114963e-20, 1.28351327978e-19, 1.95154679817e-19, 4.38795430119e-19, 4.07125657145e-19, 7.38451533184e-19, 8.13313911861e-19, 1.04583670849e-18, 1.32492889474e-18, 1.55727679437e-18, 1.67267924317e-18, 2.28975256801e-18, 3.03296462902e-18, 4.01643088535e-18, 5.21686682315e-18, 4.80831900989e-18, 6.28769431231e-18, 6.98517052328e-18, 7.30754514186e-18, 8.47404682222e-18, 1.06763573005e-17, 1.18965669908e-17, 9.45416072232e-18, 1.18841981591e-17, 1.17677344376e-17, 1.06298432803e-17, 8.24177450621e-18, 5.94061883986e-18, 4.40996867922e-18, 2.28854012803e-18, 9.27257058963e-19, 2.419021976e-19, 2.64430174008e-20], "dvar2": [5.91816642554e-05, 0.0586799234152, 0.588662266731, 9.29822635651, 3121.97802734, 14846.3027344, 1854.89624023, 797.145080566, 616.849975586, 2447.63598633, 4903.70849609, 5279.88378906, 4154.64550781, 519.986083984, 385.105621338, 359.339996338, 979.64831543, 686.573791504, 781.184387207, 290.565979004, 1164.75268555, 575.045898438, 144.732879639, 336.994934082, 15.7714977264, 1.52614748478, 3.12553286552, 0.512941539288, 7.04771518707, 0.936696112156, 4.6276473999, 2.49402213097, 0.536602973938, 0.0840034037828, 0.0116404369473, 0.000176142595592, 2.93012658403e-06, 2.35884627386e-07, 1.46264678147e-09, 1.44946532554e-09], "dvar": [2.49292424996e-05, 0.0253097638488, 0.273013442755, 4.04320955276, 1207.74926758, 5961.86132813, 707.729064941, 308.728790283, 263.357543945, 1092.14501953, 2104.91064453, 2470.50390625, 1843.98876953, 295.545379639, 140.748809814, 138.192581177, 402.658508301, 292.368377686, 307.72845459, 130.59223938, 472.854095459, 247.515380859, 64.7169494629, 158.915390015, 7.21289014816, 0.867102503777, 1.94300055504, 0.284999132156, 4.40207481384, 0.45852008462, 1.90493893623, 1.05360364914, 0.217672035098, 0.0338294692338, 0.00473422463983, 7.68272293499e-05, 1.27618091028e-06, 9.92200526184e-08, 6.52090492714e-10, 5.98287641651e-10], "dmean": [0.00300891650841, 0.0930460691452, 0.276116162539, 1.09473562241, 14.8868646622, 31.6407737732, 11.8251237869, 7.30311870575, 7.24139547348, 13.3766288757, 17.2980442047, 19.1429920197, 13.4488267899, 6.48786878586, 4.2694735527, 5.49273347855, 10.491232872, 8.58276557922, 5.73382472992, 7.20883178711, 11.6356468201, 8.77652072906, 5.33123874664, 7.10734319687, 1.79783964157, 0.626723051071, 0.650609016418, 0.319644063711, 0.986396074295, 0.446410387754, 0.66357165575, 0.517105877399, 0.223651498556, 0.0854188203812, 0.0281080640852, 0.00341688562185, 0.000511414487846, 0.00015582353808, 1.56055593834e-05, 1.29755717353e-05], "max": [0.0728828832507, 2.28475403786, 9.97593593597, 43.9467277527, 352.477416992, 680.637939453, 298.399627686, 519.707214355, 827.766540527, 1561.8145752, 1923.23510742, 2978.01147461, 2606.35961914, 1506.90734863, 719.485168457, 657.825073242, 567.426452637, 827.881225586, 979.937316895, 419.372375488, 534.430908203, 255.327423096, 194.104751587, 257.708709717, 46.5792770386, 17.729598999, 26.7648925781, 16.504447937, 43.953830719, 13.6296405792, 33.7630119324, 24.7418899536, 8.59177970886, 3.84000945091, 1.04338872433, 0.1920761168, 0.0320497043431, 0.00722099887207, 0.000577202707063, 0.000230895791901], "var": [3.59165205737e-05, 0.0288411397487, 0.378649294376, 5.60972070694, 984.48626709, 5246.80419922, 597.477294922, 294.086547852, 322.639251709, 1373.9979248, 2668.75, 3829.08398438, 2810.60327148, 629.593688965, 156.807632446, 263.44430542, 639.076843262, 491.977813721, 421.214904785, 207.176055908, 495.701812744, 549.544433594, 155.066452026, 423.796234131, 14.2892112732, 2.74550461769, 7.52404928207, 0.988723397255, 16.1247024536, 0.817213654518, 1.98177564144, 1.09059882164, 0.211601063609, 0.0330305658281, 0.00443335622549, 8.19598135422e-05, 1.33785761136e-06, 1.02314182016e-07, 8.10855715905e-10, 6.53653686733e-10], "mean": [0.0034884440247, 0.0992702841759, 0.323582291603, 1.20466423035, 12.1885757446, 26.6424465179, 11.4935855865, 8.28142166138, 8.99858379364, 15.4865274429, 20.7191524506, 24.4591846466, 16.6506729126, 8.41649913788, 5.76224565506, 7.51171731949, 13.5853843689, 11.6303443909, 8.15260028839, 9.81724834442, 14.2618303299, 14.1295566559, 9.39772796631, 12.0738716125, 3.01593255997, 1.22981822491, 1.34334874153, 0.683582246304, 1.96348452568, 0.715221226215, 0.835912585258, 0.580497860909, 0.251421511173, 0.0926735252142, 0.0294885989279, 0.00370239769109, 0.000574112578761, 0.000177516340045, 2.33894133999e-05, 1.68188889802e-05]}, "spectral_strongpeak": {"dmean2": 0.735058069229, "median": 0.38133841753, "min": 0, "dvar2": 0.785653233528, "dvar": 0.313000440598, "dmean": 0.451720803976, "max": 8.94925022125, "var": 0.578283548355, "mean": 0.688200294971}, "spectral_energy": {"dmean2": 0.017814386636, "median": 0.00597094465047, "min": 9.89106145001e-21, "dvar2": 0.00118578411639, "dvar": 0.000486194650875, "dmean": 0.0113580618054, "max": 0.207985430956, "var": 0.000511521822773, "mean": 0.0139016918838}, "average_loudness": 0.889279723167, "spectral_rolloff": {"dmean2": 990.535217285, "median": 1356.59179688, "min": 21.533203125, "dvar2": 918301.125, "dvar": 436889.65625, "dmean": 598.958374023, "max": 19875.1464844, "var": 3361229.25, "mean": 1592.33679199}, "spectral_centroid": {"dmean2": 543.189941406, "median": 1134.90209961, "min": 233.362503052, "dvar2": 224672.109375, "dvar": 104252.867188, "dmean": 351.174926758, "max": 11582.1728516, "var": 950722.5625, "mean": 1251.35644531}, "pitch_salience": {"dmean2": 0.156120151281, "median": 0.595386207104, "min": 0.113449953496, "dvar2": 0.0170494634658, "dvar": 0.00633761659265, "dmean": 0.0942797511816, "max": 0.944227337837, "var": 0.0135325621814, "mean": 0.587957859039}, "spectral_energyband_middle_high": {"dmean2": 0.00153927807696, "median": 0.00131041847635, "min": 1.23148199963e-21, "dvar2": 3.86374995287e-06, "dvar": 1.96473661163e-06, "dmean": 0.00107717630453, "max": 0.0469553843141, "var": 5.59977434023e-06, "mean": 0.0020286438521}, "spectral_contrast_coeffs": {"dmean2": [0.119218975306, 0.0920119583607, 0.0687991753221, 0.0513967834413, 0.04065015167, 0.0287681482732], "median": [-0.597818374634, -0.761116206646, -0.814459443092, -0.81377851963, -0.754686236382, -0.801138281822], "min": [-0.97903573513, -0.986764073372, -0.982288122177, -0.97493481636, -0.966882228851, -0.965831398964], "dvar2": [0.0106760328636, 0.00517684547231, 0.00308376038447, 0.00163069518749, 0.00108392338734, 0.000604085274972], "dvar": [0.00434660026804, 0.00205280724913, 0.00126394745894, 0.000630013644695, 0.000489998783451, 0.000310748873744], "dmean": [0.0746607258916, 0.0563472211361, 0.0426527522504, 0.0312834642828, 0.0266656745225, 0.0200121793896], "max": [-0.209779605269, -0.394971609116, -0.399438381195, -0.584763944149, -0.569681048393, -0.626715898514], "var": [0.0122872833163, 0.0075298291631, 0.00509404903278, 0.0020217616111, 0.00258228718303, 0.00245925923809], "mean": [-0.590236485004, -0.748710393906, -0.799348652363, -0.809182405472, -0.750527501106, -0.795829892159]}, "melbands_skewness": {"dmean2": 1.38663864136, "median": 2.16487979889, "min": -1.06338059902, "dvar2": 1.52852404118, "dvar": 0.633452057838, "dmean": 0.866402387619, "max": 8.78307628632, "var": 1.40154504776, "mean": 2.28685259819}, "spectral_spread": {"dmean2": 717115.125, "median": 3532700, "min": 1095859.75, "dvar2": 940163596288, "dvar": 395381407744, "dmean": 459202.9375, "max": 50294696, "var": 10786437070800.0, "mean": 3864574.25}, "dissonance": {"dmean2": 0.0339458137751, "median": 0.471720039845, "min": 0.269124180079, "dvar2": 0.000947792374063, "dvar": 0.000350298214471, "dmean": 0.020146349445, "max": 0.500000238419, "var": 0.000635965145193, "mean": 0.465814083815}, "spectral_skewness": {"dmean2": 0.4279961586, "median": 1.75976109505, "min": -0.0767414644361, "dvar2": 0.16975016892, "dvar": 0.0645772740245, "dmean": 0.263054132462, "max": 5.19722652435, "var": 0.220888078213, "mean": 1.80185747147}, "spectral_flux": {"dmean2": 0.0543554536998, "median": 0.0522329583764, "min": 6.30255639344e-11, "dvar2": 0.00552652683109, "dvar": 0.00230723782443, "dmean": 0.0332920700312, "max": 0.430451273918, "var": 0.00333383050747, "mean": 0.0708517283201}, "spectral_contrast_valleys": {"dmean2": [0.841775476933, 0.798020601273, 0.683531820774, 0.575244128704, 0.493828624487, 0.600080907345], "median": [-8.32110500336, -7.08751440048, -7.65869426727, -7.73176956177, -8.39803791046, -10.8660287857], "min": [-28.4295825958, -28.0816726685, -27.7216358185, -27.7273597717, -27.5749473572, -27.4554710388], "dvar2": [0.495820999146, 0.461502552032, 0.329927623272, 0.246812775731, 0.205287307501, 0.28086873889], "dvar": [0.256274819374, 0.212946951389, 0.16181255877, 0.124904185534, 0.109333582222, 0.152962297201], "dmean": [0.555988073349, 0.504276752472, 0.449540197849, 0.396071791649, 0.35736143589, 0.454399853945], "max": [-5.87563085556, -4.74948644638, -5.50842046738, -5.64791154861, -6.54534339905, -8.75301647186], "var": [3.78763580322, 3.95343065262, 3.60411930084, 3.5423784256, 3.23780322075, 2.66601443291], "mean": [-8.474401474, -7.21141433716, -7.78941583633, -7.89036226273, -8.58986568451, -11.0427408218]}, "erbbands_flatness_db": {"dmean2": 0.031515352428, "median": 0.180042997003, "min": 0.0284260381013, "dvar2": 0.000687200517859, "dvar": 0.000292892131256, "dmean": 0.0202676765621, "max": 0.425725638866, "var": 0.00147296697833, "mean": 0.186710804701}, "spectral_energyband_high": {"dmean2": 0.000101861260191, "median": 6.70796071063e-05, "min": 7.14109546461e-21, "dvar2": 2.37887363141e-08, "dvar": 1.20270708948e-08, "dmean": 7.41336698411e-05, "max": 0.00233271392062, "var": 2.88728596587e-08, "mean": 0.000132771383505}, "spectral_entropy": {"dmean2": 0.343028277159, "median": 7.40783500671, "min": 5.75425672531, "dvar2": 0.0880582407117, "dvar": 0.0369312353432, "dmean": 0.222726106644, "max": 9.82711982727, "var": 0.152123808861, "mean": 7.40716838837}, "silence_rate_20dB": {"dmean2": 0, "median": 1, "min": 1, "dvar2": 0, "dvar": 0, "dmean": 0, "max": 1, "var": 0, "mean": 1}, "melbands_flatness_db": {"dmean2": 0.0598345585167, "median": 0.188089206815, "min": 0.00361004797742, "dvar2": 0.00255364226177, "dvar": 0.00110299419612, "dmean": 0.0389249771833, "max": 0.416699528694, "var": 0.00277976412326, "mean": 0.19179071486}, "barkbands": {"dmean2": [5.65478558201e-07, 0.000502852606587, 0.000394405942643, 0.000843391055241, 0.0131754139438, 0.00152758799959, 0.00100235198624, 0.00106797053013, 0.00159899855498, 0.000392021494918, 0.000224299539695, 0.000205826843739, 0.000376532727387, 0.000246777344728, 0.000184979391634, 0.000339290854754, 0.000243263668381, 0.000153970366227, 0.000123165344121, 2.50904486165e-05, 1.43523147926e-05, 2.86865870294e-05, 3.38029567502e-05, 2.53679645539e-05, 8.36168146634e-06, 6.12764779362e-07, 9.56314920586e-08], "median": [1.32760391125e-07, 7.66064331401e-05, 5.66910821362e-05, 0.000159434348461, 0.000963084516115, 0.000441494368715, 0.000213838997297, 0.000100958728581, 0.000225030147703, 9.56358853728e-05, 6.77725911373e-05, 6.9373199949e-05, 0.000126997