{"tonal": {"thpcp": [1, 0.737700760365, 0.481753468513, 0.344932109118, 0.343644112349, 0.403832793236, 0.414082795382, 0.376765370369, 0.374890208244, 0.403525143862, 0.566379904747, 0.866767048836, 0.774981439114, 0.426737397909, 0.30123463273, 0.356323361397, 0.611819624901, 0.742666363716, 0.539729773998, 0.396799832582, 0.452541470528, 0.46214056015, 0.446110039949, 0.401674628258, 0.287131339312, 0.296611607075, 0.316226184368, 0.261750489473, 0.227944254875, 0.307453155518, 0.456255406141, 0.5827729702, 0.643492817879, 0.509527921677, 0.407533109188, 0.767776429653], "hpcp": {"dmean2": [0.205076307058, 0.196575626731, 0.180022746325, 0.185006529093, 0.244841724634, 0.283434808254, 0.268844485283, 0.218838483095, 0.175428524613, 0.186407849193, 0.234873786569, 0.257178544998, 0.224563837051, 0.196095824242, 0.202185437083, 0.189399763942, 0.198983579874, 0.175875797868, 0.135835781693, 0.138247862458, 0.141363397241, 0.120646625757, 0.111449584365, 0.126373305917, 0.168736666441, 0.182161986828, 0.193461760879, 0.19782435894, 0.196282565594, 0.221575975418, 0.238475203514, 0.271789252758, 0.228267356753, 0.19711664319, 0.216083750129, 0.222268909216], "median": [0.0295276176184, 0.0307731684297, 0.0274048820138, 0.0288456678391, 0.0690132752061, 0.120672143996, 0.0980553179979, 0.0440240241587, 0.02257226035, 0.0281792562455, 0.0601309612393, 0.0964171662927, 0.0742688849568, 0.0329924896359, 0.0424277372658, 0.0448436662555, 0.0360811389983, 0.0250893719494, 0.0197421573102, 0.0180290844291, 0.0205607078969, 0.023116203025, 0.018547527492, 0.0174589641392, 0.0184288471937, 0.0402518436313, 0.0617485940456, 0.0608439780772, 0.0506254322827, 0.0690065547824, 0.0934331715107, 0.109561398625, 0.0481067635119, 0.0294798091054, 0.0225588548928, 0.0294892005622], "min": [0, 0, 0, 0, 0, 0, 0, 0, 0, 0, 0, 0, 0, 0, 0, 0, 0, 0, 0, 0, 0, 0, 0, 0, 0, 0, 0, 0, 0, 0, 0, 0, 0, 0, 0, 0], "dvar2": [0.113775730133, 0.103726439178, 0.0901371464133, 0.0970637351274, 0.111360155046, 0.12243437022, 0.119342058897, 0.106760673225, 0.0880994126201, 0.093642950058, 0.105522654951, 0.112866334617, 0.0987628027797, 0.0958149135113, 0.0962474346161, 0.0860069692135, 0.105963788927, 0.089017406106, 0.0690576955676, 0.0683936476707, 0.0685265362263, 0.0530446730554, 0.050330799073, 0.0535424202681, 0.0969561859965, 0.0758853331208, 0.0845053046942, 0.0894536375999, 0.0800487399101, 0.0879546031356, 0.11117298156, 0.124068282545, 0.109299898148, 0.10530615598, 0.129551559687, 0.12844184041], "dvar": [0.0415197834373, 0.0366243049502, 0.0346566438675, 0.03882098943, 0.042151812464, 0.047366887331, 0.0459906756878, 0.0384554900229, 0.0316651314497, 0.0338308773935, 0.039901971817, 0.0416578315198, 0.0357390902936, 0.034621194005, 0.0353655740619, 0.0321683399379, 0.039464186877, 0.0347961112857, 0.0254055857658, 0.0243808086962, 0.0249556675553, 0.0191523656249, 0.0178209841251, 0.0197166334838, 0.0370622761548, 0.0295331459492, 0.0323363132775, 0.0330098867416, 0.0285792369395, 0.0342540927231, 0.043570779264, 0.0453044585884, 0.0393454916775, 0.0377690047026, 0.0457734465599, 0.0458390749991], "dmean": [0.115765035152, 0.110588312149, 0.104820474982, 0.105088911951, 0.141142785549, 0.164587944746, 0.156834080815, 0.123860031366, 0.0988273173571, 0.105781771243, 0.136024966836, 0.149367511272, 0.12899787724, 0.1116611287, 0.116458833218, 0.110259957612, 0.114595867693, 0.103221297264, 0.0783879458904, 0.0789839029312, 0.0807101130486, 0.0687286704779, 0.0629251897335, 0.0710894986987, 0.093328744173, 0.10419921577, 0.113059252501, 0.114517897367, 0.112671129405, 0.129599705338, 0.138144299388, 0.156574964523, 0.130860477686, 0.110875092447, 0.120110206306, 0.123754292727], "max": [1, 1, 1, 1, 1, 1, 1, 1, 1, 1, 1, 1, 1, 1, 1, 1, 1, 1, 1, 1, 1, 1, 1, 1, 1, 1, 1, 1, 1, 1, 1, 1, 1, 1, 1, 1], "var": [0.0495445281267, 0.0395286493003, 0.0413405485451, 0.0547665469348, 0.0561591535807, 0.0981868952513, 0.0882158502936, 0.039414756, 0.0300307050347, 0.0355043523014, 0.0698057115078, 0.080245397985, 0.0496190786362, 0.0404838584363, 0.0482716821134, 0.0478242710233, 0.0489302910864, 0.0487497970462, 0.0294908005744, 0.0290318932384, 0.0336863547564, 0.0230019297451, 0.0215720012784, 0.030134614557, 0.0721757933497, 0.0696114078164, 0.0823399275541, 0.0509769171476, 0.0325446426868, 0.0944994315505, 0.140903666615, 0.0736818984151, 0.0483535192907, 0.0351389236748, 0.0392107963562, 0.0460100658238], "mean": [0.125941634178, 0.114591687918, 0.114021360874, 0.122730568051, 0.172262191772, 0.263623744249, 0.235707521439, 0.129790484905, 0.0916193127632, 0.108374334872, 0.18608251214, 0.225879013538, 0.164156660438, 0.120685093105, 0.137638688087, 0.140558212996, 0.135682597756, 0.122167736292, 0.0873298570514, 0.090213239193, 0.0961789339781, 0.0796103700995, 0.0693283379078, 0.0935106575489, 0.138768270612, 0.177248075604, 0.195715785027, 0.154970899224, 0.123949572444, 0.233516141772, 0.304146021605, 0.224368751049, 0.146523401141, 0.104909732938, 0.104517988861, 0.122824139893]}, "tuning_equal_tempered_deviation": 0.243883728981, "chords_changes_rate": 0.0963897034526, "key_key": "A#", "tuning_diatonic_strength": 0.441563159227, "key_scale": "minor", "chords_number_rate": 0.00276386248879, "tuning_frequency": 434.193115234, "tuning_nontempered_energy_ratio": 0.893848836422, "chords_histogram": [7.18604230881, 0.380031079054, 7.3242354393, 0.587320804596, 9.63897037506, 1.1919157505, 4.30126094818, 1.00190019608, 7.15149402618, 8.36068439484, 0.535498380661, 1.00190019608, 2.83295917511, 22.318189621, 3.62756943703, 1.72741401196, 2.19381594658, 0.0863707065582, 0.138193130493, 0.0518224202096, 0, 0.518224239349, 1.77923643589, 16.064950943], "key_strength": 0.479414075613, "chords_key": "G", "chords_strength": {"dmean2": 0.0132499551401, "median": 0.53415375948, "min": 0.207268223166, "dvar2": 0.000184569522389, "dvar": 0.000124906815472, "dmean": 0.0124840484932, "max": 0.818830192089, "var": 0.0133274290711, "mean": 0.529471158981}, "chords_scale": "major", "hpcp_entropy": {"dmean2": 1.09540486336, "median": 2.20328617096, "min": 0, "dvar2": 0.797147095203, "dvar": 0.296494185925, "dmean": 0.648346066475, "max": 4.64133071899, "var": 0.622409582138, "mean": 2.2208147049}}, "metadata": {"audio_properties": {"equal_loudness": 0, "codec": "mp3", "downmix": "mix", "sample_rate": 44100, "analysis_sample_rate": 44100, "bit_rate": 192000, "md5_encoded": "18eeba2b93864fabd187ef9b84e93cb4", "length": 268.773864746, "replay_gain": -10.6317539215, "lossless": false}, "version": {"essentia_build_sha": "2d9f1f26377add8aeb1075a9c2973f962c4f09fd", "essentia": "2.1-beta2", "extractor": "music 1.0", "essentia_git_sha": "v2.1_beta2-1-ge3940c0"}, "tags": {"title": ["De mystieke vraag"], "language": ["nld"], "media": ["CD"], "albumartist": ["II Zwaard"], "musicbrainz_recordingid": ["1d4f74e9-ab7d-4180-8bc4-7570665641c3"], "musicbrainz_albumartistid": ["da540ae0-2dc7-4847-b743-7eb51a628dc1"], "discnumber": ["1/1"], "album": ["Strijd tegen valsheid"], "catalognumber": ["DJAX-10059"], "musicbrainz album release country": ["BE"], "musicbrainz album type": ["album"], "musicbrainz album status": ["official"], "date": ["1999"], "file_name": "07 II Zwaard - Strijd tegen valsheid - De mystieke vraag.mp3", "musicbrainz_releasegroupid": ["7ae1bc84-3c0a-3bf0-8024-85fb135c5562"], "script": ["Latn"], "originaldate": ["1999"], "musicbrainz_albumid": ["d57385eb-12b6-44ab-99e5-4bb7e62f33b6"], "artist": ["II Zwaard"], "artistsort": ["II Zwaard"], "tracknumber": ["7/17"], "label": ["Djax Records"], "albumartistsort": ["II Zwaard"], "musicbrainz_artistid": ["da540ae0-2dc7-4847-b743-7eb51a628dc1"]}}, "rhythm": {"bpm_histogram_first_peak_bpm": {"dmean2": 0, "median": 82, "min": 82, "dvar2": 0, "dvar": 0, "dmean": 0, "max": 82, "var": 0, "mean": 82}, "bpm": 82.4214401245, "bpm_histogram_second_peak_spread": {"dmean2": 0, "median": 0.594936668873, "min": 0.594936668873, "dvar2": 0, "dvar": 0, "dmean": 0, "max": 0.594936668873, "var": 0, "mean": 0.594936668873}, "bpm_histogram_first_peak_weight": {"dmean2": 0, "median": 0.501133799553, "min": 0.501133799553, "dvar2": 0, "dvar": 0, "dmean": 0, "max": 0.501133799553, "var": 0, "mean": 0.501133799553}, "onset_rate": 3.51570081711, "beats_position": [0.429569154978, 0.859138309956, 1.30031740665, 1.74149656296, 2.17106580734, 2.60063481331, 3.03020405769, 3.45977306366, 3.88934230804, 4.31891155243, 4.74848079681, 5.18965959549, 5.61922883987, 6.09523820877, 6.57124710083, 7.03564596176, 7.52326536179, 7.99927425385, 8.47528362274, 8.92807197571, 9.38086128235, 9.82204055786, 10.2632198334, 10.7043991089, 11.1339683533, 11.5751476288, 11.9814968109, 12.3994560242, 12.8174142838, 13.235373497, 13.6185035706, 14.0016326904, 14.3847618103, 14.7678909302, 15.1394100189, 15.5109291077, 15.8824491501, 16.2539672852, 16.6254863739, 16.99700737, 17.3685264587, 17.7400455475, 18.1115646362, 18.483083725, 18.8546028137, 19.2145118713, 19.5860309601, 19.9459400177, 20.3058490753, 20.6657600403, 21.0256690979, 21.3855781555, 21.7570972443, 22.1170063019, 22.4885253906, 22.8716545105, 23.2431735992, 23.614692688, 23.974603653, 24.3345127106, 24.7060317993, 25.0775508881, 25.4606800079, 25.8438091278, 26.2385482788, 26.7493877411, 27.22539711, 27.7014045715, 28.1774139404, 28.6534233093, 29.1294326782, 29.6054420471, 30.081451416, 30.5574588776, 31.0334682465, 31.5791378021, 32.1248054504, 32.6588668823, 33.2161445618, 33.7618141174, 34.4816322327, 35.2014503479, 35.9212684631, 36.6526985168, 37.3841247559, 38.1039466858, 38.823764801, 39.55519104, 40.2866210938, 41.0180473328, 41.7494773865, 42.4809074402, 43.2123336792, 43.9321517944, 44.6519737244, 45.3833999634, 46.1148300171, 46.8462562561, 47.5776863098, 48.297504425, 49.0173225403, 49.748752594, 50.480178833, 51.2000007629, 51.9430389404, 52.6628570557, 53.3942832947, 54.1257133484, 54.8455314636, 55.5653495789, 56.3083877563, 57.0398178101, 57.7712478638, 58.491065979, 59.2108840942, 59.9423103333, 60.673740387, 61.3935585022, 62.1249885559, 62.8448066711, 63.5762329102, 64.3076629639, 65.0390930176, 65.7705230713, 66.5019454956, 67.2217712402, 67.9415893555, 68.6730117798, 69.4044418335, 70.1358718872, 70.8673019409, 71.5871200562, 72.3069381714, 73.0383682251, 73.7697982788, 74.489616394, 75.2326507568, 75.9524688721, 76.6838989258, 77.4153289795, 78.1351470947, 78.8665771484, 79.5979995728, 80.3178253174, 81.0376434326, 81.7690658569, 82.5004959106, 83.2783660889, 84.0562362671, 84.7876663208, 85.5190887451, 86.2389068604, 86.9471206665, 87.6437149048, 88.3519287109, 89.0717468262, 89.7915649414, 90.5113830566, 91.2312011719, 91.9626312256, 92.6940536499, 93.4254837036, 94.1569137573, 94.888343811, 95.6081619263, 96.33959198, 97.0594100952, 97.7908401489, 98.5222625732, 99.2420806885, 99.9619064331, 100.693328857, 101.424758911, 102.156188965, 102.887619019, 103.607437134, 104.338867188, 105.070289612, 105.790107727, 106.521537781, 107.252967834, 107.97278595, 108.704216003, 109.435646057, 110.155464172, 110.886894226, 111.61831665, 112.349746704, 113.081176758, 113.800994873, 114.520812988, 115.240631104, 115.983673096, 116.726707458, 117.469749451, 118.201179504, 118.944213867, 119.675643921, 120.395462036, 121.115280151, 121.835098267, 122.543312073, 123.274734497, 123.994552612, 124.714370728, 125.445800781, 126.177230835, 126.89704895, 127.628479004, 128.359909058, 129.079727173, 129.811157227, 130.54258728, 131.262405396, 131.993835449, 132.725265503, 133.445083618, 134.188110352, 134.919540405, 135.650970459, 136.382400513, 137.113830566, 137.84526062, 138.565078735, 139.284896851, 140.004714966, 140.73614502, 141.467575073, 142.199005127, 142.918823242, 143.638641357, 144.370071411, 145.101501465, 145.867752075, 146.622406006, 147.295776367, 147.957550049, 148.688980103, 149.432022095, 150.16343689, 150.894866943, 151.637908936, 152.369338989, 153.089157104, 153.832199097, 154.56362915, 155.295059204, 156.014877319, 156.734695435, 157.466125488, 158.197555542, 158.928970337, 159.660400391, 160.380218506, 161.100036621, 161.831466675, 162.562896729, 163.294326782, 164.014144897, 164.745574951, 165.465393066, 166.19682312, 166.928253174, 167.671295166, 168.391113281, 169.110931396, 169.84236145, 170.573776245, 171.293609619, 172.025024414, 172.756454468, 173.487884521, 174.219314575, 174.93913269, 175.658950806, 176.390380859, 177.121810913, 177.853240967, 178.584671021, 179.304489136, 180.024307251, 180.755737305, 181.487167358, 182.218597412, 182.950012207, 183.669830322, 184.401260376, 185.13269043, 185.852508545, 186.583938599, 187.315368652, 188.046798706, 188.77822876, 189.498046875, 190.229476929, 190.960906982, 191.692337036, 192.42376709, 193.166793823, 193.886611938, 194.606430054, 195.337860107, 196.069290161, 196.789108276, 197.508926392, 198.228744507, 198.948562622, 199.714828491, 200.481079102, 201.200897217, 201.920715332, 202.628936768, 203.337142944, 204.05696106, 204.776779175, 205.473373413, 206.158370972, 206.773696899, 207.377410889, 207.992736816, 208.561630249, 209.118911743, 209.676193237, 210.233459473, 210.790740967, 211.348022461, 211.905303955, 212.462585449, 213.019866943, 213.577133179, 214.134414673, 214.691696167, 215.237365723, 215.724990845, 216.212600708, 216.70022583, 217.12979126, 217.559356689, 217.988937378, 218.418502808, 218.848068237, 219.277633667, 219.707214355, 220.090332031, 220.473464966, 220.844985962, 221.216506958, 221.599639893, 221.982757568, 222.365890503, 222.749023438, 223.132156372, 223.515274048, 223.898406982, 224.269927979, 224.641448975, 225.012969971, 225.384490967, 225.767608643, 226.20880127, 226.649978638, 227.091156006, 227.532333374, 227.985122681, 228.437911987, 228.890701294, 229.343490601, 229.77305603, 230.20262146, 230.62059021, 231.05015564, 231.456497192, 231.851242065, 232.234375, 232.617507935, 233.012237549, 233.41859436, 233.824935913, 234.231292725, 234.637634277, 235.171691895, 235.71736145, 236.251419067, 236.785476685, 237.307937622, 237.841995239, 238.376052856, 238.921722412, 239.467391968, 240.001449585, 240.535507202, 241.069564819, 241.603622437, 242.137680054, 242.671737671, 243.217407227, 243.763076782, 244.297134399, 244.831192017, 245.365249634, 245.910919189, 246.456588745, 247.013870239, 247.547927856, 248.093597412, 248.627655029, 249.173324585, 249.707382202, 250.241439819, 250.775512695, 251.309570313, 251.855239868, 252.400909424, 252.934967041, 253.45741272, 253.979858398, 254.513916016, 255.047973633, 255.58203125, 256.116088867, 256.650146484, 257.195831299, 257.741485596, 258.275543213, 258.821228027, 259.366882324, 259.900939941, 260.434997559, 260.969055176, 261.52633667, 262.072021484, 262.617675781, 263.163360596, 263.709014893, 264.254699707, 264.800354004, 265.346038818, 265.891693115, 266.448974609, 266.994628906, 267.528717041, 268.074371338], "beats_loudness": {"dmean2": 0.0320202969015, "median": 0.0250408835709, "min": 0, "dvar2": 0.00150952127296, "dvar": 0.000558884465136, "dmean": 0.0190969016403, "max": 0.17576892674, "var": 0.00206046714447, "mean": 0.0463674739003}, "danceability": 1.33637297153, "bpm_histogram_second_peak_weight": {"dmean2": 0, "median": 0.0725623592734, "min": 0.0725623592734, "dvar2": 0, "dvar": 0, "dmean": 0, "max": 0.0725623592734, "var": 0, "mean": 0.0725623592734}, "beats_count": 442, "bpm_histogram_second_peak_bpm": {"dmean2": 0, "median": 112, "min": 112, "dvar2": 0, "dvar": 0, "dmean": 0, "max": 112, "var": 0, "mean": 112}, "bpm_histogram_first_peak_spread": {"dmean2": 0, "median": 0.0474137589335, "min": 0.0474137589335, "dvar2": 0, "dvar": 0, "dmean": 0, "max": 0.0474137589335, "var": 0, "mean": 0.0474137589335}, "beats_loudness_band_ratio": {"dmean2": [0.62590688467, 0.21677608788, 0.220537051558, 0.206267774105, 0.189730897546, 0.398598849773], "median": [0.325413823128, 0.0783325731754, 0.0914494693279, 0.0734496712685, 0.0534649454057, 0.0221447832882], "min": [0, 0, 0, 0, 0, 0], "dvar2": [0.210326194763, 0.0550030097365, 0.0742229521275, 0.0442410930991, 0.0352134630084, 0.121037729084], "dvar": [0.0620137006044, 0.0194374397397, 0.0253054779023, 0.0170365162194, 0.0112723540515, 0.0373648069799], "dmean": [0.329233497381, 0.123005382717, 0.120556920767, 0.11704839021, 0.102409794927, 0.207221463323], "max": [0.985698163509, 0.922320485115, 0.97691488266, 0.904973864555, 0.691110551357, 0.987346172333], "var": [0.0851373523474, 0.0200107265264, 0.0269301962107, 0.0297093112022, 0.0139859551564, 0.0360505133867], "mean": [0.38726863265, 0.120779670775, 0.145220309496, 0.151141434908, 0.0959907621145, 0.136893793941]}}, "lowlevel": {"barkbands_spread": {"dmean2": 9.32033157349, "median": 16.6340103149, "min": 0.199339389801, "dvar2": 162.826629639, "dvar": 79.9253616333, "dmean": 6.28196001053, "max": 114.370140076, "var": 253.338195801, "mean": 21.1952056885}, "melbands_spread": {"dmean2": 13.9416351318, "median": 20.212015152, "min": 0.390918731689, "dvar2": 513.549804688, "dvar": 252.311935425, "dmean": 9.37082672119, "max": 243.718063354, "var": 782.690246582, "mean": 28.2391891479}, "hfc": {"dmean2": 14.7510080338, "median": 10.856965065, "min": 1.07666887321e-16, "dvar2": 1074.87731934, "dvar": 612.166564941, "dmean": 10.6216630936, "max": 431.416595459, "var": 1334.47167969, "mean": 21.796705246}, "barkbands_kurtosis": {"dmean2": 5.60819721222, "median": 1.12502765656, "min": -1.9698857069, "dvar2": 282.08505249, "dvar": 139.683395386, "dmean": 3.64062571526, "max": 784.941772461, "var": 294.178192139, "mean": 4.52152872086}, "gfcc": {"mean": [-47.3215751648, 88.1466064453, -111.250411987, 16.0908718109, -55.2337837219, 23.3750190735, -32.2847061157, 5.25944328308, -22.0973091125, 4.36566019058, -13.5226392746, 2.00263738632, -15.9007902145], "icov": [[7.10194144631e-05, -0.000103099315311, 4.8885223805e-05, -7.0056754339e-05, 0.000139253766974, -0.000115069342428, 7.89007463027e-05, -0.000150016276166, 4.78634610772e-05, -0.000254770042375, 0.000288077746518, -0.000423563760705, 0.000284377572825], [-0.000103099315311, 0.000828702817671, -0.000238358625211, 0.000417877308792, -0.000413632078562, 0.000423101417255, -0.000486892648041, 0.000833195867017, -0.00043042076868, 0.000490172416903, -0.001275390503, 0.0013145779958, -0.00118376803584], [4.8885223805e-05, -0.000238358625211, 0.00109943200368, -0.000301512598526, -0.000140568736242, -0.000315811892506, 4.38610513811e-05, 4.09738058806e-05, 3.21413499478e-05, -0.000747908838093, 0.000232430553297, -0.00107865256723, 0.000310256436933], [-7.0056754339e-05, 0.000417877308792, -0.000301512598526, 0.00181665015407, -0.000203944815439, 0.000159102215548, -0.000141655618791, 0.000527391734067, -0.000514000072144, 0.0011424961267, -0.000374340655981, 1.76444718818e-05, -0.000448966602562], [0.000139253766974, -0.000413632078562, -0.000140568736242, -0.000203944815439, 0.00295982114039, -0.000205743519473, -0.000596162455622, -0.000874346529599, 0.000314063829137, -0.000811966136098, 0.000639977341052, -0.00108743587043, 0.000693267851602], [-0.000115069342428, 0.000423101417255, -0.000315811892506, 0.000159102215548, -0.000205743519473, 0.00384626351297, -0.00128212582786, -0.000224793562666, -0.00016800557205, -0.000394925125875, -0.00121658446733, 0.000377658841899, -0.000681502104271], [7.89007463027e-05, -0.000486892648041, 4.38610513811e-05, -0.000141655618791, -0.000596162455622, -0.00128212582786, 0.00541295716539, -0.00166877568699, -5.67952738493e-05, -0.000966127496213, -0.000911566487048, -5.33213678864e-05, 0.000583324406762], [-0.000150016276166, 0.000833195867017, 4.09738058806e-05, 0.000527391734067, -0.000874346529599, -0.000224793562666, -0.00166877568699, 0.00910683348775, -0.00197929772548, 0.000676799856592, -6.59832294332e-05, 0.00128180894535, -0.000892780313734], [4.78634610772e-05, -0.00043042076868, 3.21413499478e-05, -0.000514000072144, 0.000314063829137, -0.00016800557205, -5.67952738493e-05, -0.00197929772548, 0.00675726216286, -0.00137683842331, 7.50353719923e-05, -0.00176610972267, 0.000415293936385], [-0.000254770042375, 0.000490172416903, -0.000747908838093, 0.0011424961267, -0.000811966136098, -0.000394925125875, -0.000966127496213, 0.000676799856592, -0.00137683842331, 0.0103122564033, -0.00438003661111, 0.00390697224066, -0.00131556869019], [0.000288077746518, -0.001275390503, 0.000232430553297, -0.000374340655981, 0.000639977341052, -0.00121658446733, -0.000911566487048, -6.59832294332e-05, 7.50353719923e-05, -0.00438003661111, 0.013025120832, -0.00519257970154, 0.00117178051732], [-0.000423563760705, 0.0013145779958, -0.00107865256723, 1.76444718818e-05, -0.00108743587043, 0.000377658841899, -5.33213678864e-05, 0.00128180894535, -0.00176610972267, 0.00390697224066, -0.00519257970154, 0.0128164412454, -0.00282191694714], [0.000284377572825, -0.00118376803584, 0.000310256436933, -0.000448966602562, 0.000693267851602, -0.000681502104271, 0.000583324406762, -0.000892780313734, 0.000415293936385, -0.00131556869019, 0.00117178051732, -0.00282191694714, 0.0132133858278]], "cov": [[22407.0683594, 578.139404297, -34.3573226929, 407.853820801, -614.930847168, 434.70880127, -129.363265991, 154.095031738, 172.529373169, 202.017715454, -88.0242385864, 474.678131104, -221.105102539], [578.139404297, 2729.60961914, 410.09765625, -466.273010254, 290.913879395, 18.00481987, 291.069641113, -96.8349380493, 95.4732284546, 201.673553467, 253.691726685, -104.228004456, 145.220855713], [-34.3573226929, 410.09765625, 1227.81433105, 106.201675415, 184.562072754, 141.281158447, 117.129295349, -11.4204101563, 66.3071746826, 109.111450195, 107.471199036, 97.8308334351, 24.0613040924], [407.853820801, -466.273010254, 106.201675415, 741.500427246, -30.7507324219, -11.2928247452, -58.8049049377, -8.79330253601, 24.6280269623, -95.3526992798, -37.279712677, 81.7862930298, -14.3114929199], [-614.930847168, 290.913879395, 184.562072754, -30.7507324219, 456.251373291, 59.2449951172, 125.852737427, 33.6758041382, 23.823551178, 59.1507034302, 52.0770950317, 8.5506734848, 12.1038007736], [434.70880127, 18.00481987, 141.281158447, -11.2928247452, 59.2449951172, 355.711273193, 120.308204651, 42.2108345032, 35.752986908, 70.2839050293, 61.0212287903, 25.0474281311, 7.14682912827], [-129.363265991, 291.069641113, 117.129295349, -58.8049049377, 125.852737427, 120.308204651, 293.512878418, 48.6251029968, 41.2535247803, 78.3012771606, 76.3126220703, -5.17762851715, 12.6682319641], [154.095031738, -96.8349380493, -11.4204101563, -8.79330253601, 33.6758041382, 42.2108345032, 48.6251029968, 141.417678833, 36.3924598694, 10.9512929916, -2.00978708267, 1.79668450356, -3.69519639015], [172.529373169, 95.4732284546, 66.3071746826, 24.6280269623, 23.823551178, 35.752986908, 41.2535247803, 36.3924598694, 178.482299805, 34.0322418213, 30.9522075653, 27.0743427277, 6.16776132584], [202.017715454, 201.673553467, 109.111450195, -95.3526992798, 59.1507034302, 70.2839050293, 78.3012771606, 10.9512929916, 34.0322418213, 166.430099487, 66.9923477173, -18.9457950592, 11.2362689972], [-88.0242385864, 253.691726685, 107.471199036, -37.279712677, 52.0770950317, 61.0212287903, 76.3126220703, -2.00978708267, 30.9522075653, 66.9923477173, 141.041152954, 28.0154762268, 16.9149341583], [474.678131104, -104.228004456, 97.8308334351, 81.7862930298, 8.5506734848, 25.0474281311, -5.17762851715, 1.79668450356, 27.0743427277, -18.9457950592, 28.0154762268, 134.400421143, 5.60294246674], [-221.105102539, 145.220855713, 24.0613040924, -14.3114929199, 12.1038007736, 7.14682912827, 12.6682319641, -3.69519639015, 6.16776132584, 11.2362689972, 16.9149341583, 5.60294246674, 91.9443664551]]}, "spectral_energyband_middle_low": {"dmean2": 0.00822711642832, "median": 0.00542437750846, "min": 1.90787082779e-22, "dvar2": 0.000264621136012, "dvar": 0.000102438149042, "dmean": 0.00516310613602, "max": 0.103069461882, "var": 0.000129982028739, "mean": 0.00904360041022}, "melbands_crest": {"dmean2": 5.51559305191, "median": 13.5348672867, "min": 1.69700098038, "dvar2": 24.8825569153, "dvar": 10.6412582397, "dmean": 3.45596051216, "max": 34.4852523804, "var": 45.0395011902, "mean": 14.8175287247}, "spectral_kurtosis": {"dmean2": 3.2289018631, "median": 5.42184066772, "min": -1.35830461979, "dvar2": 14.7966861725, "dvar": 5.54490852356, "dmean": 2.01661968231, "max": 55.1539649963, "var": 32.4746437073, "mean": 6.86626768112}, "spectral_rms": {"dmean2": 0.0012402656721, "median": 0.00419403985143, "min": 3.11393098806e-12, "dvar2": 3.83130145565e-06, "dvar": 1.78991990651e-06, "dmean": 0.000875250902027, "max": 0.0168558228761, "var": 6.94537902746e-06, "mean": 0.00441112462431}, "zerocrossingrate": {"dmean2": 0.0135532952845, "median": 0.04736328125, "min": 0.0048828125, "dvar2": 0.000341449398547, "dvar": 0.000336390541634, "dmean": 0.0125249875709, "max": 0.52392578125, "var": 0.00400780886412, "mean": 0.0672037750483}, "silence_rate_60dB": {"dmean2": 0.041123110801, "median": 0, "min": 0, "dvar2": 0.0435797646642, "dvar": 0.0201379172504, "dmean": 0.020559778437, "max": 1, "var": 0.139216542244, "mean": 0.167141750455}, "erbbands_kurtosis": {"dmean2": 2.47363162041, "median": 1.00609695911, "min": -1.79196381569, "dvar2": 11.1878471375, "dvar": 4.74436903, "dmean": 1.54674458504, "max": 82.4908752441, "var": 10.8749046326, "mean": 1.81490945816}, "erbbands": {"dmean2": [0.1677878052, 1.46573472023, 5.61396360397, 7.88083028793, 7.70367383957, 9.00345230103, 8.71472644806, 13.015212059, 29.9017162323, 32.5409164429, 30.4370765686, 18.3951931, 26.849779129, 33.9882888794, 36.0267219543, 42.1655845642, 29.6072463989, 26.2241439819, 25.1563816071, 16.7639217377, 18.2598114014, 19.317232132, 18.5815544128, 15.0408573151, 16.992401123, 17.6203994751, 11.9441804886, 10.3075838089, 11.4694576263, 10.6875276566, 8.41099452972, 4.9667506218, 2.38266897202, 1.16563820839, 0.606239259243, 0.200358018279, 0.0557124912739, 0.0148497465998, 0.00120302836876, 5.79243751417e-05], "median": [0.0175776723772, 0.405541211367, 1.44244372845, 1.19611513615, 2.25841498375, 2.56896042824, 1.78678131104, 3.08492469788, 7.16397476196, 11.4262142181, 9.49156284332, 3.98219680786, 5.85541772842, 11.2489490509, 16.5381603241, 14.7593173981, 11.1790714264, 9.18438243866, 6.1107916832, 3.75819802284, 3.76348733902, 2.95302605629, 2.1945297718, 1.55781817436, 1.71783363819, 1.13427269459, 0.767494738102, 0.876565694809, 1.03685081005, 0.822533428669, 0.77974075079, 0.356518685818, 0.21200145781, 0.165686994791, 0.0776595026255, 0.0245634485036, 0.0091451536864, 0.00171095097903, 7.57864982006e-05, 3.02564058074e-05], "min": [1.24319089165e-22, 3.67139954745e-22, 1.22623750087e-21, 9.31912098639e-21, 9.44727178123e-21, 2.29182085559e-20, 5.31363377163e-20, 7.33999362784e-20, 1.11364682961e-19, 1.50825825222e-19, 2.2584920685e-19, 4.06460216191e-19, 6.24283237859e-19, 6.56404677297e-19, 1.146156346e-18, 1.33679376665e-18, 1.89407878701e-18, 2.54354750317e-18, 2.45163925852e-18, 3.05610810858e-18, 3.34689207919e-18, 4.96101613738e-18, 4.92775934085e-18, 4.66722350408e-18, 6.15841177284e-18, 8.32099938374e-18, 9.26823616322e-18, 9.79179765039e-18, 9.74477243257e-18, 1.06624151713e-17, 1.11441635057e-17, 1.01936155222e-17, 1.06291294234e-17, 8.19060428634e-18, 6.25338161973e-18, 4.08390235356e-18, 2.15220918255e-18, 1.00734820139e-18, 2.53690943045e-19, 2.80013497423e-20], "dvar2": [0.260082036257, 29.6749191284, 458.47265625, 753.588012695, 393.535003662, 376.668762207, 682.034484863, 984.697387695, 6079.98681641, 5798.24951172, 6461.98193359, 3055.27319336, 5347.46533203, 7362.52636719, 7728.94677734, 8454.3828125, 5659.38330078, 3841.42675781, 5008.8984375, 2208.08496094, 2943.67895508, 3577.53320313, 5216.96044922, 3747.65380859, 7759.48144531, 7842.90576172, 3385.96044922, 1553.05895996, 2430.28613281, 2673.05078125, 1438.95166016, 674.81072998, 132.98399353, 27.248588562, 10.2272052765, 0.726494431496, 0.0258712023497, 0.00187686446588, 1.10725832201e-05, 2.23644498476e-08], "dvar": [0.127190694213, 11.7958965302, 160.449264526, 265.720581055, 142.975997925, 149.90007019, 281.191375732, 384.435424805, 2566.82470703, 2292.49609375, 2635.24023438, 1281.16552734, 2373.85253906, 3426.52172852, 3218.94921875, 3466.04882813, 2667.55224609, 1661.08569336, 2266.19067383, 951.479248047, 1126.24499512, 1436.91870117, 2166.00341797, 1591.51635742, 3336.96435547, 4596.37060547, 1818.84912109, 833.883728027, 1190.36035156, 1347.65356445, 780.979431152, 314.323974609, 63.3800010681, 16.413230896, 5.58990573883, 0.423156827688, 0.0136153306812, 0.000894153607078, 5.74850309931e-06, 1.13903633192e-08], "dmean": [0.112826757133, 0.933941304684, 3.07481598854, 4.37146043777, 4.54332828522, 5.64221811295, 5.4751496315, 7.77543783188, 18.7339878082, 20.1816501617, 19.0424442291, 11.6528024673, 17.0910434723, 21.7999858856, 22.5506858826, 26.427022934, 18.8304367065, 16.7945995331, 16.3392162323, 10.762090683, 11.3418483734, 12.2617826462, 12.0615472794, 10.1297693253, 11.4361248016, 13.3340435028, 9.12985515594, 7.69497776031, 8.13290405273, 7.65473937988, 5.97482538223, 3.4317111969, 1.71009242535, 0.856583476067, 0.437712073326, 0.141132846475, 0.0385398752987, 0.0106325279921, 0.000832329737023, 4.01092729589e-05], "max": [6.19137525558, 45.3678131104, 154.570480347, 161.477539063, 155.327514648, 170.361129761, 366.629882813, 388.706939697, 894.24017334, 1102.26647949, 1130.30456543, 1319.46252441, 1272.6541748, 2094.91625977, 1768.11767578, 2139.06762695, 1655.38049316, 1020.2923584, 1259.73388672, 632.382873535, 1115.08630371, 861.555419922, 756.82421875, 655.009643555, 957.137084961, 1168.22387695, 685.907409668, 587.329345703, 1345.56604004, 1010.82080078, 926.462402344, 715.457275391, 321.660888672, 141.796508789, 82.3075408936, 23.4681415558, 3.44482541084, 0.510969221592, 0.0418614335358, 0.00235620047897], "var": [0.34535831213, 12.5245637894, 97.2204284668, 167.300186157, 126.752593994, 219.368209839, 338.758239746, 432.753875732, 3436.6875, 2924.87817383, 3627.98364258, 1744.60827637, 4563.60400391, 7065.37939453, 5206.78808594, 7654.8984375, 7328.52636719, 3259.26513672, 3700.84790039, 1363.41418457, 1216.66638184, 1750.04956055, 2543.88354492, 2156.29516602, 3798.09301758, 7235.54199219, 2631.05761719, 1391.59777832, 1819.79907227, 2267.60449219, 1399.11804199, 470.395996094, 104.704627991, 39.4666748047, 12.087893486, 0.9488093853, 0.0259251818061, 0.00150452868547, 1.0503033991e-05, 2.07016839227e-08], "mean": [0.29840773344, 1.51746809483, 3.13941574097, 3.88733291626, 5.86939811707, 8.21143913269, 7.10901260376, 9.77407646179, 24.9663562775, 29.8915653229, 28.0107250214, 17.1111469269, 26.5635719299, 34.6810874939, 37.3052787781, 47.0104293823, 33.1791763306, 26.81498909, 22.8070411682, 15.0659189224, 15.1554460526, 15.8308982849, 15.0886945724, 13.260846138, 13.4021587372, 15.9598083496, 10.2930517197, 9.89258480072, 10.6799163818, 10.1152687073, 8.0371427536, 4.3951125145, 2.32903599739, 1.24988102913, 0.627054691315, 0.198942422867, 0.0571980811656, 0.0153581975028, 0.00111325329635, 7.10883105057e-05]}, "spectral_strongpeak": {"dmean2": 0.807348370552, "median": 0.404590249062, "min": 0, "dvar2": 1.6888024807, "dvar": 0.672803938389, "dmean": 0.479979366064, "max": 16.5512504578, "var": 1.28237271309, "mean": 0.84892231226}, "spectral_energy": {"dmean2": 0.0171520318836, "median": 0.0180297195911, "min": 9.9389805722e-21, "dvar2": 0.00149628869258, "dvar": 0.00062600284582, "dmean": 0.0115503724664, "max": 0.291221708059, "var": 0.000980845652521, "mean": 0.0270633921027}, "average_loudness": 0.851123273373, "spectral_rolloff": {"dmean2": 880.32208252, "median": 1141.25976563, "min": 64.599609375, "dvar2": 2573175.75, "dvar": 1317775.625, "dmean": 548.980041504, "max": 19530.6152344, "var": 5781780, "mean": 1857.31799316}, "spectral_centroid": {"dmean2": 396.67578125, "median": 1008.82873535, "min": 156.129867554, "dvar2": 317682.71875, "dvar": 178390.078125, "dmean": 276.063873291, "max": 11856.7636719, "var": 1359887.625, "mean": 1382.36413574}, "pitch_salience": {"dmean2": 0.11808346957, "median": 0.546851813793, "min": 0.0250975824893, "dvar2": 0.0127971749753, "dvar": 0.00533094489947, "dmean": 0.073714196682, "max": 0.973388195038, "var": 0.0184398684651, "mean": 0.538818359375}, "spectral_energyband_middle_high": {"dmean2": 0.00378178968094, "median": 0.00310910120606, "min": 1.28254959822e-21, "dvar2": 5.28578457306e-05, "dvar": 2.55968334386e-05, "dmean": 0.0025636178907, "max": 0.105443201959, "var": 6.54688701616e-05, "mean": 0.00574049912393}, "spectral_contrast_coeffs": {"dmean2": [0.0777266100049, 0.082642108202, 0.0669111907482, 0.0528968423605, 0.0374333783984, 0.031510040164], "median": [-0.669808030128, -0.738165616989, -0.773351550102, -0.777476012707, -0.802812635899, -0.776365458965], "min": [-0.979147076607, -0.982648730278, -0.978621661663, -0.972505092621, -0.965330719948, -0.963152647018], "dvar2": [0.00437703030184, 0.00457438686863, 0.00289936363697, 0.00175161683001, 0.00105628918391, 0.000880721258], "dvar": [0.00178296072409, 0.00184898497537, 0.00108965835534, 0.000690074753948, 0.000494423089549, 0.000471174193081], "dmean": [0.0481331422925, 0.0507963448763, 0.0404278375208, 0.0324749574065, 0.0238826591522, 0.0213949177414], "max": [-0.207969918847, -0.28356590867, -0.397951513529, -0.472553044558, -0.53698438406, -0.539059281349], "var": [0.00845687836409, 0.00702836271375, 0.004818784073, 0.00321898795664, 0.00246376777068, 0.00289809168316], "mean": [-0.662665188313, -0.733273029327, -0.769314706326, -0.775161921978, -0.795061886311, -0.769643545151]}, "melbands_skewness": {"dmean2": 1.18805718422, "median": 1.57082247734, "min": -3.41944336891, "dvar2": 2.25416755676, "dvar": 1.08354389668, "dmean": 0.794605016708, "max": 26.7372207642, "var": 4.21678447723, "mean": 2.05004000664}, "spectral_spread": {"dmean2": 943731.75, "median": 4115405.75, "min": 1251753.125, "dvar2": 1871299608580.0, "dvar": 985206292480, "dmean": 654102.8125, "max": 42131952, "var": 11664269246500.0, "mean": 4711762}, "dissonance": {"dmean2": 0.0405847840011, "median": 0.468519449234, "min": 0.143210485578, "dvar2": 0.00171218265314, "dvar": 0.000618022750132, "dmean": 0.0237346105278, "max": 0.500000059605, "var": 0.001174355275, "mean": 0.459763497114}, "spectral_skewness": {"dmean2": 0.410212486982, "median": 1.91859912872, "min": -0.494470864534, "dvar2": 0.152593970299, "dvar": 0.0719488412142, "dmean": 0.276760131121, "max": 5.55939674377, "var": 0.732541739941, "mean": 1.94618046284}, "spectral_flux": {"dmean2": 0.0419503077865, "median": 0.0669191852212, "min": 6.47021464184e-11, "dvar2": 0.00333461584523, "dvar": 0.00183032231871, "dmean": 0.0271918494254, "max": 0.465836316347, "var": 0.0046443301253, "mean": 0.0822637528181}, "spectral_contrast_valleys": {"dmean2": [0.639587283134, 0.612963795662, 0.51751023531, 0.459782242775, 0.401524037123, 0.424021661282], "median": [-7.24266004562, -6.77332496643, -7.11321783066, -7.72388982773, -8.13020133972, -10.3953809738], "min": [-28.1582260132, -28.0913524628, -27.9114265442, -27.6975517273, -27.498041153, -27.4036540985], "dvar2": [0.329814195633, 0.290173053741, 0.226999565959, 0.209992781281, 0.231319099665, 0.269556373358], "dvar": [0.149513185024, 0.13890299201, 0.118302538991, 0.118009269238, 0.141429752111, 0.160105004907], "dmean": [0.397383213043, 0.382298529148, 0.328241169453, 0.303263217211, 0.285913228989, 0.321161359549], "max": [-4.73640108109, -4.76496124268, -4.82604932785, -5.04214572906, -4.95719003677, -6.96801376343], "var": [5.13185214996, 4.33201217651, 3.98565387726, 3.7235918045, 3.89389586449, 3.87956261635], "mean": [-7.86131048203, -7.25216770172, -7.52724218369, -8.06571578979, -8.41519451141, -10.7204790115]}, "erbbands_flatness_db": {"dmean2": 0.0302748065442, "median": 0.164454445243, "min": 0.0450521595776, "dvar2": 0.000765195174608, "dvar": 0.000367227621609, "dmean": 0.02033681795, "max": 0.536849439144, "var": 0.00336059811525, "mean": 0.173133149743}, "spectral_energyband_high": {"dmean2": 0.00119975081179, "median": 0.000158492839546, "min": 7.05539018274e-21, "dvar2": 1.53064629558e-05, "dvar": 8.7691587396e-06, "dmean": 0.000906867382582, "max": 0.0612430758774, "var": 1.75555996975e-05, "mean": 0.00129835738335}, "spectral_entropy": {"dmean2": 0.26132902503, "median": 7.49335384369, "min": 4.32862329483, "dvar2": 0.0730505287647, "dvar": 0.0352128148079, "dmean": 0.175376743078, "max": 9.82234096527, "var": 0.328079432249, "mean": 7.47476291656}, "silence_rate_20dB": {"dmean2": 0, "median": 1, "min": 1, "dvar2": 0, "dvar": 0, "dmean": 0, "max": 1, "var": 0, "mean": 1}, "melbands_flatness_db": {"dmean2": 0.0378998704255, "median": 0.215943172574, "min": 0.00350128603168, "dvar2": 0.00170294020791, "dvar": 0.000838682928588, "dmean": 0.0262360163033, "max": 0.53404301405, "var": 0.00644515315071, "mean": 0.212680727243}, "barkbands": {"dmean2": [0.000167504433193, 0.00574687123299, 0.00522866751999, 0.00267072790302, 0.00248388689943, 0.00131604867056, 0.00223289011046, 0.00165832729544, 0.000838814710733, 0.00108510500286, 0.000844337919261, 0.0011428326834, 0.000732868211344, 0.000575504382141, 0.000384704268072, 0.000363373837899, 0.000343874824466, 0.000334851531079, 0.000363197934348, 0.000367842614651, 0.000272334436886, 0.000315714452881, 0.000300317275105, 0.000175768436748, 9.14980264497e-05, 3.55098709406e-05, 7.96455969976e-06], "median": [3.99412647312e-06, 0.00148694356903, 0.00102330639493, 0.000300121348118, 0.00103838054929, 0.000285825459287, 0.000569332682062, 0.000445289362688, 0.00015127826191, 0.000189224854694, 0.000321839586832, 0.000351033522747, 0.000211439561099, 0.000136272341479, 7.59545146138e-05, 5.82193897571e-05, 4.91261562274e-05, 3.50735099346e-05, 3.19238388329e-05, 2.37678905251e-05, 1.91651924979e-05, 2.83907411358e-05, 2.60996821453e-05, 1.37149263537e-05, 1.35459767989e-05, 5.19050763614e-06, 5.43449573343e-07], "min": [8.17748005494e-25, 1.02404735955e-24, 5.9639649511e-25, 2.06648918048e-24, 1.36689810243e-23, 7.00535305107e-24, 1.27525297563e-23, 7.57152010047e-24, 1.64181313023e-23, 1.87693201863e-23, 2.31904532643e-23, 1.88267003508e-23, 3.06880208103e-23, 4.28907776245e-23, 5.42785969475e-23, 6.91125456685e-23, 7.56557429805e-23, 7.74811418717e-23, 1.19887281221e-22, 1.5499469646e-22, 2.75950461379e-22, 2.95743574714e-22, 4.32543718199e-22, 6.20799352644e-22, 8.86205482645e-22, 1.19916369363e-21, 1.98088956022e-21], "dvar2": [3.00685229604e-07, 0.000384973187465, 0.000377508666134, 8.07857431937e-05, 2.6085132049e-05, 1.01168379842e-05, 2.95791742246e-05, 1.81141967914e-05, 5.86583064432e-06, 8.05723357189e-06, 4.98321878695e-06, 6.82460222379e-06, 3.6426117731e-06, 1.93217488231e-06, 1.34535389407e-06, 1.11237852707e-06, 1.04164087134e-06, 1.58775105774e-06, 3.16153955282e-06, 3.49456854565e-06, 1.41757686833e-06, 1.86914280675e-06, 1.90574019143e-06, 7.93680555944e-07, 1.85985697954e-07, 1.39423903533e-08, 5.39463529403e-10], "dvar": [1.67235484128e-07, 0.00016656081425, 0.000131063832669, 2.87154507532e-05, 1.03299171315e-05, 4.01378201786e-06, 1.22681176435e-05, 7.16689601177e-06, 2.43914291786e-06, 3.82186135539e-06, 2.00819113161e-06, 2.75330467048e-06, 1.66284200986e-06, 8.19875879188e-07, 6.04951367222e-07, 4.43944202289e-07, 4.18909309019e-07, 6.65152640522e-07, 1.18587047382e-06, 1.98273755814e-06, 7.49161131353e-07, 9.41042401337e-07, 1.00831596228e-06, 3.70127082761e-07, 1.11813278636e-07, 7.81193953969e-09, 2.64217231427e-10], "dmean": [0.000113904599857, 0.00386757939123, 0.0028515860904, 0.00149108434562, 0.00155218376312, 0.000794299819972, 0.00140220543835, 0.00102990691084, 0.000529718527105, 0.000700358883478, 0.000528634118382, 0.000707460974809, 0.000462318683276, 0.00036452972563, 0.000244535127422, 0.000224585353862, 0.000215835476411, 0.000214761748794, 0.000223118273425, 0.000276351056527, 0.00020759315521, 0.000225177616812, 0.000213355568121, 0.000124395999592, 6.65423067403e-05, 2.49400854955e-05, 5.47