{"tonal": {"thpcp": [1, 0.545244693756, 0.181808412075, 0.125202775002, 0.161297559738, 0.334186881781, 0.461082458496, 0.318583846092, 0.13956014812, 0.10963755101, 0.171491578221, 0.344115614891, 0.519089281559, 0.431293815374, 0.308418720961, 0.318485915661, 0.220784619451, 0.13002884388, 0.156259983778, 0.266896754503, 0.638173401356, 0.979013741016, 0.670269489288, 0.219028875232, 0.109781481326, 0.113410718739, 0.230470359325, 0.303450942039, 0.193432703614, 0.125289961696, 0.134149461985, 0.137800231576, 0.265749782324, 0.390215098858, 0.396193832159, 0.76612842083], "hpcp": {"dmean2": [0.166631743312, 0.136808469892, 0.0900232568383, 0.0819691941142, 0.107083596289, 0.149022266269, 0.176726773381, 0.186178818345, 0.149328589439, 0.134013414383, 0.121825993061, 0.102101251483, 0.121379010379, 0.185786038637, 0.258961468935, 0.261368751526, 0.24928188324, 0.153488889337, 0.0924564376473, 0.0778143629432, 0.0962892994285, 0.102637313306, 0.0885287001729, 0.0894500538707, 0.0966787114739, 0.087790928781, 0.123172365129, 0.165691286325, 0.215540468693, 0.261061608791, 0.271229982376, 0.235805794597, 0.139427408576, 0.103763230145, 0.110368408263, 0.149515047669], "median": [0.0483704358339, 0.029570704326, 0.00819904543459, 0.00526950974017, 0.00725520588458, 0.0251511633396, 0.043097127229, 0.0338925719261, 0.0171456560493, 0.00769852707162, 0.00603735772893, 0.0050051305443, 0.00578426942229, 0.0126659022644, 0.0965846627951, 0.169018954039, 0.104227364063, 0.0170441847295, 0.00431445753202, 0.00395053718239, 0.00634455308318, 0.0107804918662, 0.0106778210029, 0.00769367069006, 0.00631324248388, 0.00725482730195, 0.0165186412632, 0.0241663958877, 0.042798191309, 0.11860344559, 0.153280928731, 0.0673918798566, 0.00738320033997, 0.00369811058044, 0.00743506010622, 0.0310157760978], "min": [0, 0, 0, 0, 0, 0, 0, 0, 0, 0, 0, 0, 0, 0, 0, 0, 0, 0, 0, 0, 0, 0, 0, 0, 0, 0, 0, 0, 0, 0, 0, 0, 0, 0, 0, 0], "dvar2": [0.0705383270979, 0.0615385174751, 0.0483734793961, 0.0399252697825, 0.0566995106637, 0.0692882537842, 0.0784242898226, 0.0856025740504, 0.0703433901072, 0.0733023434877, 0.0702239498496, 0.0586405284703, 0.0738523453474, 0.112811222672, 0.120333701372, 0.113648839295, 0.106255546212, 0.076220035553, 0.0531101040542, 0.0393427498639, 0.0453906916082, 0.0454892888665, 0.0389517173171, 0.0422225520015, 0.0511490106583, 0.0448703207076, 0.0654180645943, 0.0900079831481, 0.113009355962, 0.11514429003, 0.134312868118, 0.11478241533, 0.0847582444549, 0.0621489547193, 0.0566566661, 0.0720348730683], "dvar": [0.0300164185464, 0.0249882414937, 0.0178281124681, 0.014402336441, 0.0219601783901, 0.0281354300678, 0.0337342061102, 0.0346671678126, 0.0269062705338, 0.0292748361826, 0.0267225317657, 0.0218641832471, 0.0269593149424, 0.0401643253863, 0.0443654432893, 0.0485159419477, 0.0425304248929, 0.0287566296756, 0.0190742556006, 0.0144762368873, 0.0178022235632, 0.0188323725015, 0.015228934586, 0.0156496930867, 0.0196533370763, 0.0171717572957, 0.0257730074227, 0.0370536185801, 0.0432594455779, 0.0451000668108, 0.055716086179, 0.0439198128879, 0.032491132617, 0.0233946703374, 0.0211220942438, 0.0271183457226], "dmean": [0.101017780602, 0.0809338316321, 0.0513922646642, 0.0464453026652, 0.0614755861461, 0.0887927263975, 0.105496786535, 0.110480025411, 0.0868202373385, 0.0766578093171, 0.0704436153173, 0.0563104376197, 0.0673827528954, 0.104507699609, 0.150963276625, 0.158930301666, 0.150048851967, 0.0875273942947, 0.0514134988189, 0.0442174486816, 0.0571051351726, 0.0622467212379, 0.0523495152593, 0.0501499772072, 0.0538247898221, 0.0501903854311, 0.0729770362377, 0.0974414497614, 0.123159952462, 0.15553432703, 0.159579470754, 0.139606624842, 0.0781290903687, 0.057240433991, 0.0632548928261, 0.0882767811418], "max": [1, 1, 1, 1, 1, 1, 1, 1, 1, 1, 1, 1, 1, 1, 1, 1, 1, 1, 1, 1, 1, 1, 1, 1, 1, 1, 1, 1, 1, 1, 1, 1, 1, 1, 1, 1], "var": [0.0627928525209, 0.0418091155589, 0.0172261241823, 0.0118390666321, 0.0261834263802, 0.0497759915888, 0.0841254368424, 0.063289090991, 0.0437921509147, 0.0609381534159, 0.0333197750151, 0.0179876554757, 0.0223019979894, 0.0388789437711, 0.0783943086863, 0.13631349802, 0.0816825777292, 0.0262265950441, 0.01331886556, 0.0137334316969, 0.0346133299172, 0.0532463937998, 0.0255015492439, 0.0141179924831, 0.0193472858518, 0.0174658633769, 0.0387825369835, 0.0647067800164, 0.052350834012, 0.0980452075601, 0.150940254331, 0.0668487846851, 0.0282285585999, 0.0194191690534, 0.0199330393225, 0.0425908081234], "mean": [0.162685543299, 0.112407200038, 0.0492415577173, 0.0386838503182, 0.0605080500245, 0.121415674686, 0.183152318001, 0.152175098658, 0.108820602298, 0.112372644246, 0.0779003128409, 0.0458785891533, 0.0551338307559, 0.094170242548, 0.225169241428, 0.345429301262, 0.236493840814, 0.0772808268666, 0.0387346334755, 0.0400151535869, 0.0813177675009, 0.107067801058, 0.0682496279478, 0.0442065522075, 0.0473324842751, 0.0486206002533, 0.0937655419111, 0.137681141496, 0.139790639281, 0.270316123962, 0.35283395648, 0.192380845547, 0.0641481801867, 0.0441757887602, 0.0569112561643, 0.117912478745]}, "tuning_equal_tempered_deviation": 0.0214913748205, "chords_changes_rate": 0.0551977902651, "key_key": "G", "tuning_diatonic_strength": 0.803733050823, "key_scale": "major", "chords_number_rate": 0.00337319844402, "tuning_frequency": 436.708374023, "tuning_nontempered_energy_ratio": 0.717856526375, "chords_histogram": [44.3728904724, 11.499540329, 18.767250061, 0.735970556736, 1.96258819103, 0.306654393673, 0.521312475204, 1.10395586491, 0.0613308809698, 0, 1.13462126255, 0.429316163063, 0, 0.0306654404849, 0.153327196836, 0.306654393673, 0, 3.46519470215, 0, 1.31861388683, 0.490647047758, 1.04262495041, 8.15700721741, 4.13983440399], "key_strength": 0.945580542088, "chords_key": "G", "chords_strength": {"dmean2": 0.00831314083189, "median": 0.576429307461, "min": 0.316654592752, "dvar2": 6.13657539361e-05, "dvar": 6.2061175413e-05, "dmean": 0.00864753033966, "max": 0.861349880695, "var": 0.00995741039515, "mean": 0.575794458389}, "chords_scale": "major", "hpcp_entropy": {"dmean2": 0.988663971424, "median": 1.6479152441, "min": 0, "dvar2": 0.648634970188, "dvar": 0.247372403741, "dmean": 0.585835456848, "max": 4.5234079361, "var": 0.51657474041, "mean": 1.61555254459}}, "metadata": {"audio_properties": {"equal_loudness": 0, "codec": "mp3", "downmix": "mix", "sample_rate": 44100, "analysis_sample_rate": 44100, "bit_rate": 192033, "md5_encoded": "256c69fbb2141b3955689f118b799baa", "length": 151.353469849, "replay_gain": -5.5163192749, "lossless": false}, "version": {"essentia_build_sha": "2d9f1f26377add8aeb1075a9c2973f962c4f09fd", "essentia": "2.1-beta2", "extractor": "music 1.0", "essentia_git_sha": "v2.1_beta2-1-ge3940c0"}, "tags": {"title": ["Pretty Paper"], "acoustid_fingerprint": ["AQADtFqUREoUSSiqwz-uLfg1JHRahN6DHs-04FEPo1bxFE0W5UGXR6h1HF8ilN5xRcdX5GJ6JPP24D5K7Xhw5-hzNHzwHc_xy6i3NDBO4g585IfY2EFMe7gFf_Jxy8KJ-uiUJHvgfyvKDj2SI6TwamlifPpwvmguFdWPf2iSjUV_9Ax8w4y34DmaKjXUj8YVJrCv4NSFp3BGAnkeJBOVGX4y9EqIJzjmZMfjoLlQmWGRVxT0vsipC32PpuNx5Rd6TGnG4kw-NE9R4nmOw_HxLA_-4A2JMIuR7BUeB8e7KHiOKnnhJuFRiwaOIyf06MijS_idJEVz9Lh_xHxTPNCl4t_wP9BkKVmkohmDPDU-Es0uG-1x1SwSI80Z_HiCH828RvAXa0Of46TE4Av-ozoRKUjOHHv24FSu4DruRYKv41Pw0jguPHvwJUc41oVDMUYfQB_y4XiUoJfQ5BG-5EGanVBEHU0__A2OUj7GR8GheTk6FvqGt9BvpOSFXviP63g3vHh-HC-acuOQO1WKZLnxB98L98NVHI9pnMZzhGJ2aGHGMPihH36R13iC_JWgJfoihEsZ_Gg6PJFyPEmQLNeRu3in4YqYDX2LMPlGPB40Jkeza7ignYcfPEPj-NiJP2og6uWIF6VSMEmSyBJ-oU9w2ggfsMrRLDnCK9izHdeFf8lxk3iO2PLRXOnQTVKGR8cDO2FxXsgvJIseEpUpCo-OWkrooclxPHlTXMrQNCGmJ8cPvsIX8BTyIXmyHbdOPAO_vLgyH5R6XMXzHp4S4yl6Bs2P8fiF41ZEtD36NMdoUsOzoGn64UmOdp9x5gf_IL0w_UEYLdFwtXiKuw7uBBWdomlyvCdO4gkm6kh_GFJkGp9xRTXC3Ai1YyZFaHkW1MmDfOiJ5mElXE_gqQnyxBpUB6lu3Al-ovlRKwseHEcvotk-4UYy3Ug1ovJi9JmIZg8evjjeI_yhC3k_lGEuHH_QC2kFPUe641KCN1RgmUc1zggp6EPuozeRu3imHMmT4cR_2GaC4_gj7ImLPB3xY1egH6FT3DzMKkVf3D3OIz_0B6EtNBye8BnyW5DDfEOY_-iDpsSb6MF_lMeNM42QR6ZUiEyE_Pjx4NSO58YVFxN-4RERxnWgWFsK5ILd48fP8KjyDs10XJHQPQ_ChD6-HVo-9EzwkBVCqcuDRj3uxHhSo490NEtw_jj8lbgSJYsQnkMTZccZ3PGx9fjW4A-uHKE1HWGSJnKE89CCisKjB9-4CXkZLQglTLkPHdGZIGce8Ely4SLzQEuS_EOPXMejpceV5DgtFGEi0pAWukH48Ngu4kdphbgySniU5PglhEdC9Au-8RFOnEqExslCIGGVpQj743lwHnh2PFOPM0cfksNJvIhOD5KeG9HRLIl0XNKFZ0T4BFq-Iz_25HiOHs57ZA234BLx5Ary8Wg-4sd_lJF3uHuOSJcoJMeP93gqNM8Oj0e3_Kh1aInjLej3oHl6lGic4y52Fdsv4TEeNElXwvm4oE6N5weO__CX4zzeKA9RU_CDMjsuZVsQaHHloOfxuhnyH5emZDi-_nikfKiYuvBetP_wXaimPGgUjUGy5BnCS8N3fKEYlDPKPHg8B06bCXtW_Aye46LQKuHh6sF5OF9-9PiS7KiyRMrQ_Hg_PMiRHA9qJU_QfJMU4ReDJ3KOfDmSKKOG_viD_7iWRgySlRHSuQr60BlqJ8rw6OiJ60hSt0JMKkJDJc_R48pQaktzPBdqHM9wY8-RQ80RJuaPHj9-3OqKXgmSJqyK0H5w9DM2Ws3xoicu0vjxEnH8QMsl5HEHX8F77K0Q4XIO5-gdPDqmTykipQ3-gEfF5KC0Hf-xKQyH6k1W3EJTJclRZ1ODPIaW5QipH1UYPYdzoZaE5-hTNMuIyDeeByfCJE9GVE5U1PrQjJ0S41ESfMfzIU0qGQqbsMXPI18XPKLw4A1xPESyy0SYh0sinLgUPDs-NLuH0BeS5xFeHKfxM8Hn6Wgeok-O8Uh8ZMqNZ0d_gclzfEdjHz1qhWi4xkFEZ4e2HmGeFidlNG5QC7uCI2mR7xqauDN26miaSMElInmOmEajJImUCr1SPNUR-9CcHmGmRTkuPIHf40ieIMzk5OgtXMEvPGhOhFTC5HjCHxf6HLqGF2mk7HgmzsUP38R79EcuOYHWv8j7w5-E_iL-CM8PHD2SSVmG_DjQ3OjxGuVyHSaPdFQL9bAzIfRC_MR54sso_B0m58iVQa-QL6MwJfmDH79xRTm-jEfr4wt6B-ePJzjh5EO-E3r0BflKnETzpUJ4aQtU7ohD4fDb4Eegz8hnolyqBc2PB7mC83ieo0-E9OgT4w8eTJSyg2F03Bidw9qFfLHwKSM0cnA2IX1wIfoMmAdv6Idxfdj84cY_uJOgh0Z--EuO9sfxoPpRZT6uPLhmHL3RZPeIL7lwPchRPgjzNMOnBFeeFc9x3HhUNFVYIWQS6DnOw1cc48wVPIGu41p-5A1Rb2GC5hbxB8EXNLGUokq0_cgFvMeUOkUeaGEu5Du-F6WO5sHDBpNthPmN5KHxxMFtOD-eEbeF8GkELUfcomvQVBLu4E-FhkmOUkqNHMmuo3kU4riDJ0nyCc30RuhLYceDnBf0SDtC-ong7EG4HDoz_MOpIzwabw--5MiPap8gJpE65MV8nIVHxnBN4RZOJSnRPCMuKccDJIgAAmkHhUIQK8SEIUYIBRgYAkGAkGLMGGoAoQAA5wQQYAIjCBCCEEWJQEoJQYAhwQHhCaMUECAMAAIA4RFABBCqAEOKCEYecYJBNIgjgggmBCFAASCEIAYJCAAyiAogCBAMAICAMAA4IIgTCkNFjBHeE2QMIcQgRRwQ5hALhbFEQAIAMoBRZYBCiAGFnAQMGQYoYMgABDACjAljHBBAQTAcMkIAI6BDmCmCBCJIKAAQZUQQJIowmCAhwBBEEY6kJxQ4IBRAgBhgAAEDEdCFAkABpoQShAgHqDCECKqIotQCQQSSwBgBGDEGMIOcAs8hEgghhDGgCDLAEGCUIgox4CkQwhAoHBEcM0UIoIgAgAgQgCJElAIEGEEEIMBAoDADShIECUAOCWIMQRYAAgQARCCnGAEESACIERAgZQhQxiGjBCEKIQAEgMYAIAAAihiDBAVEECIVAgxIQQDgAADHiGAMAEAEwwYBRQiiVBijhGRCIUAUAQYgJQARgggwhREUGIiIIgAJ4aQg1AljDCMCCgEUAMoQAgAAAqAgiAAEAESUMYwgAAwykBBiiAEAaAQAIYAokgQAAhhiEQBSEAEAMwI4IhwCykBIjSEGAIGkGIAITAQjyBOJGFECICGkMQJAgh4yABkGKVBECECBFoxAYQgDzCADmCYEIQFIAMwQRZhjFAEiBAKYWkaEAcYYIoQBQEBgACTIWCGMECAE4QhQHDAAAAGEI4CcAgYoBAFzAAgilAKMMCAUEMQhKwxQhhkCDTHIIEoEAEkRwgBwDhmgACCCCCOFAQYoJBgS5BBDmBDKOEIGRkAxhaAADClkFHLEGAEEEIwCAwhzRAhhiGMACWOMMwEkwgBBQBErgJFAMQWAMgQBZoyRFgCgBAGCIYUJMAwMASAABBDDjCFAGIGcAMgIYhQDYBggEKAE"], "date": ["1966"], "genre": ["Christmas"], "musicbrainz album release country": ["US"], "musicbrainz_releasegroupid": ["c03b41f1-3b87-4c04-83e0-b69ee2a41076"], "musicbrainz_recordingid": ["1d501a3d-1033-4f45-ae57-9432b4da7ba4"], "composer": ["Willie Nelson"], "musicbrainz_albumartistid": ["2e044523-e7a8-4167-99b4-f835b88ff712"], "musicbrainz_albumid": ["4b95e62f-b6b9-4123-95f5-7b6b047c43d4"], "artist": ["Johnny Tillotson"], "bpm": ["88.59"], "album": ["The Christmas Touch"], "catalognumber": ["VSD-5550"], "tracknumber": ["13"], "label": ["Var\u00e8se Sarabande Records, Inc."], "acoustid_id": ["87039edd-5282-4dbe-807a-3ca46cbb00ff"], "musicbrainz_artistid": ["2e044523-e7a8-4167-99b4-f835b88ff712"], "file_name": "Johnny Tillotson - Pretty Paper.mp3"}}, "rhythm": {"bpm_histogram_first_peak_bpm": {"dmean2": 0, "median": 89, "min": 89, "dvar2": 0, "dvar": 0, "dmean": 0, "max": 89, "var": 0, "mean": 89}, "bpm": 88.8017654419, "bpm_histogram_second_peak_spread": {"dmean2": 0, "median": 0, "min": 0, "dvar2": 0, "dvar": 0, "dmean": 0, "max": 0, "var": 0, "mean": 0}, "bpm_histogram_first_peak_weight": {"dmean2": 0, "median": 0.31086140871, "min": 0.31086140871, "dvar2": 0, "dvar": 0, "dmean": 0, "max": 0.31086140871, "var": 0, "mean": 0.31086140871}, "onset_rate": 2.78124809265, "beats_position": [0.359909296036, 0.731428563595, 1.09133780003, 1.45124709606, 1.8111563921, 2.14784574509, 2.49614500999, 2.83283448219, 3.19274377823, 3.54104304314, 3.90095233917, 4.23764181137, 4.62077093124, 5.01551008224, 5.39863920212, 5.7701587677, 6.15328788757, 6.53641700745, 6.8963265419, 7.25623559952, 7.6277551651, 8.01088428497, 8.40562343597, 8.80036258698, 9.19510173798, 9.58984088898, 9.98458003998, 10.379319191, 10.8785486221, 11.3777770996, 11.9118366241, 12.445895195, 12.9799547195, 13.5140132904, 14.0480718613, 14.5705213547, 15.1045799255, 15.6270294189, 16.1610889435, 16.6719264984, 17.1827659607, 17.693605423, 18.2160549164, 18.7385025024, 19.272562027, 19.7950115204, 20.3174591064, 20.8282985687, 21.339138031, 21.8383674622, 22.3492050171, 22.8484344482, 23.3592739105, 23.8701133728, 24.369342804, 24.8685703278, 25.2633094788, 25.6464385986, 26.0527877808, 26.4475269318, 26.8190479279, 27.1905670166, 27.5620861053, 27.9336051941, 28.2702941895, 28.6185932159, 28.9668922424, 29.3035831451, 29.6402721405, 29.9769611359, 30.3368701935, 30.6967792511, 31.0566883087, 31.5094776154, 31.9506568909, 32.391834259, 32.8794555664, 33.3670730591, 33.8314743042, 34.4003639221, 34.9692497253, 35.5381393433, 36.1302490234, 36.7223587036, 37.4073448181, 38.0807266235, 38.765712738, 39.4507026672, 40.124080658, 40.7974586487, 41.4708366394, 42.1674385071, 42.8756446838, 43.5490226746, 44.2340126038, 44.9306106567, 45.6272087097, 46.3238105774, 47.0320167542, 47.7518348694, 48.4716529846, 49.2030830383, 49.9461212158, 50.6543312073, 51.362537384, 52.0707473755, 52.7673454285, 53.4639434814, 54.1141014099, 54.7758712769, 55.4260292053, 56.0877990723, 56.7727890015, 57.4461669922, 58.1427650452, 58.8393630981, 59.5243530273, 60.2093429565, 60.894329071, 61.5793190002, 62.2643089294, 62.9492950439, 63.6342849731, 64.2960510254, 64.9462127686, 65.6428070068, 66.327796936, 67.0127868652, 67.7093887329, 68.3943786621, 69.0793609619, 69.7527389526, 70.4261245728, 71.0995025635, 71.7728805542, 72.4462585449, 73.1776885986, 73.9091110229, 74.6405410767, 75.3719711304, 76.0453491211, 76.7187271118, 77.3921051025, 78.0654830933, 78.738861084, 79.4238510132, 80.1088409424, 80.7822189331, 81.4555969238, 82.1289749146, 82.7791366577, 83.44090271, 84.1026763916, 84.7760543823, 85.4610443115, 86.1460266113, 86.8194122314, 87.4927902222, 88.1661682129, 88.8511581421, 89.5245361328, 90.2095184326, 90.8829040527, 91.5562820435, 92.2528762817, 92.9494781494, 93.6344680786, 94.3078460693, 94.9696121216, 95.6313781738, 96.2931518555, 96.9781417847, 97.6631240845, 98.3365097046, 99.0098876953, 99.683265686, 100.356643677, 101.041633606, 101.726615906, 102.400001526, 103.073379517, 103.746757507, 104.420135498, 105.105125427, 105.790107727, 106.486709595, 107.160087585, 107.833465576, 108.506843567, 109.180221558, 109.853607178, 110.526985168, 111.211967468, 111.885353088, 112.547119141, 113.220497131, 113.893875122, 114.578865051, 115.26385498, 115.937232971, 116.610610962, 117.272377014, 117.934150696, 118.595916748, 119.2576828, 119.919456482, 120.581222534, 121.254600525, 121.939590454, 122.624580383, 123.297958374, 124.040992737, 124.772422791, 125.492240906, 126.200454712, 126.850608826, 127.500770569, 128.162536621, 128.835922241, 129.474472046, 130.113006592, 130.739959717, 131.343673706, 131.958999634, 132.5859375, 133.201263428, 133.816589355, 134.420318604, 135.024032593, 135.581314087, 136.138595581, 136.695877075, 137.125442505, 137.543395996, 137.949752808, 138.344482422, 138.739227295, 139.145568848, 139.551925659, 140.004714966, 140.469116211, 140.933517456, 141.409515381, 141.885528564, 142.373153687, 142.733062744, 143.081359863, 143.429656982, 143.777954102, 144.126251221, 144.486160278, 144.834457397, 145.182769775, 145.531066895, 145.879364014, 146.216049194, 146.564346313, 146.912643433, 147.27255249, 147.644073486, 148.003982544, 148.363891602, 148.723800659, 149.083709717, 149.443618774, 149.803527832, 150.16343689, 150.523345947], "beats_loudness": {"dmean2": 0.0220980718732, "median": 0.00987348333001, "min": 1.92601401494e-08, "dvar2": 0.000978164258413, "dvar": 0.000363391503925, "dmean": 0.0129420123994, "max": 0.111338563263, "var": 0.000379764329409, "mean": 0.0159666351974}, "danceability": 0.990098297596, "bpm_histogram_second_peak_weight": {"dmean2": 0, "median": 0.078651688993, "min": 0.078651688993, "dvar2": 0, "dvar": 0, "dmean": 0, "max": 0.078651688993, "var": 0, "mean": 0.078651688993}, "beats_count": 268, "bpm_histogram_second_peak_bpm": {"dmean2": 0, "median": 167, "min": 167, "dvar2": 0, "dvar": 0, "dmean": 0, "max": 167, "var": 0, "mean": 167}, "bpm_histogram_first_peak_spread": {"dmean2": 0, "median": 0.33064520359, "min": 0.33064520359, "dvar2": 0, "dvar": 0, "dmean": 0, "max": 0.33064520359, "var": 0, "mean": 0.33064520359}, "beats_loudness_band_ratio": {"dmean2": [0.476784169674, 0.320705741644, 0.395286142826, 0.163834765553, 0.0956113860011, 0.0537944510579], "median": [0.318564832211, 0.174532741308, 0.255452752113, 0.0294751580805, 0.0173420980573, 0.00868196412921], "min": [0.00191523577087, 0.0055221687071, 0.00208246498369, 0.000276268401649, 5.26158401044e-05, 0.00010168911831], "dvar2": [0.140380397439, 0.0776756778359, 0.0980054214597, 0.0492271222174, 0.0192855354398, 0.0205948241055], "dvar": [0.0506771020591, 0.0265519004315, 0.0341839417815, 0.0191721580923, 0.00739440461621, 0.00605412013829], "dmean": [0.268719404936, 0.184092119336, 0.222244650126, 0.090454518795, 0.0521940514445, 0.0284051056951], "max": [0.979493916035, 0.891632497311, 0.918924748898, 0.761273741722, 0.703893840313, 0.701767206192], "var": [0.0853165313601, 0.0451563186944, 0.04979320243, 0.0198573824018, 0.00655824784189, 0.00337483477779], "mean": [0.375379920006, 0.243616133928, 0.295161217451, 0.0878289937973, 0.0463600941002, 0.0222929064184]}}, "lowlevel": {"barkbands_spread": {"dmean2": 5.67542886734, "median": 9.89805412292, "min": 0.684087514877, "dvar2": 149.997024536, "dvar": 63.2767333984, "dmean": 3.68855881691, "max": 111.523193359, "var": 153.842529297, "mean": 13.0904893875}, "melbands_spread": {"dmean2": 6.05307817459, "median": 11.5461864471, "min": 0.55262619257, "dvar2": 155.909637451, "dvar": 73.9889984131, "dmean": 4.08239173889, "max": 235.563171387, "var": 259.864776611, "mean": 15.251625061}, "hfc": {"dmean2": 2.44425868988, "median": 2.90996956825, "min": 1.24488776365e-16, "dvar2": 23.5816822052, "dvar": 19.2733669281, "dmean": 2.0361495018, "max": 118.417602539, "var": 263.478820801, "mean": 9.0466375351}, "barkbands_kurtosis": {"dmean2": 5.76271247864, "median": 3.92583417892, "min": -1.92766547203, "dvar2": 316.089782715, "dvar": 118.202209473, "dmean": 3.68916273117, "max": 485.167633057, "var": 221.191452026, "mean": 7.98961496353}, "gfcc": {"mean": [-112.547698975, 119.56842041, -108.865791321, 16.9499607086, -59.2297744751, -2.81941175461, -40.305267334, 6.89733982086, -20.4222946167, 4.61996173859, -12.3455171585, -7.20476579666, -13.1913976669], "icov": [[0.000372343260096, -0.000612276315223, 0.000761224073358, -0.000665194180328, 0.000837347295601, -0.000648743472993, 0.000591528543737, -0.000537870568223, 0.000231943893596, -0.000162398879183, 0.000183727446711, 2.56636485574e-05, 0.000311341776978], [-0.000612276315223, 0.00322580127977, -0.0017800477799, 0.00227859243751, -0.00272830040194, 0.00243543623947, -0.00187565060332, 0.00171060313005, -0.00116337300278, 0.00158205395564, -0.0020577700343, 0.00193205859978, -0.00133347976953], [0.000761224073358, -0.0017800477799, 0.00259641883895, -0.00167510344181, 0.00182017637417, -0.00228459341452, 0.00172975833993, -0.00166423327755, 0.00110708212014, -0.0012630817946, 0.00204261764884, -0.00149766530376, 0.00110083480831], [-0.000665194180328, 0.00227859243751, -0.00167510344181, 0.00392980873585, -0.00235473131761, 0.00204399251379, -0.00160801620223, 0.00182519841474, -0.00141822639853, 0.00063162058359, -0.000868788978551, 0.000177941925358, -0.00165997177828], [0.000837347295601, -0.00272830040194, 0.00182017637417, -0.00235473131761, 0.00581191014498, -0.0020192284137, 0.00129430089146, -0.00150905887131, 0.000121135395602, -0.00147298153024, 0.00131646310911, -0.000943730468862, 0.000602553249337], [-0.000648743472993, 0.00243543623947, -0.00228459341452, 0.00204399251379, -0.0020192284137, 0.00642072968185, -0.0034278111998, 0.00152187899221, -0.000728382146917, -0.000981935649179, -0.000988143496215, 0.00141594978049, -0.00142414378934], [0.000591528543737, -0.00187565060332, 0.00172975833993, -0.00160801620223, 0.00129430089146, -0.0034278111998, 0.00620185397565, -0.00402033422142, 0.00288240727969, -7.4759220297e-05, 0.000768199271988, -0.000913011725061, 0.0020963200368], [-0.000537870568223, 0.00171060313005, -0.00166423327755, 0.00182519841474, -0.00150905887131, 0.00152187899221, -0.00402033422142, 0.0107173221186, -0.00504706427455, 0.00232448126189, -0.000517735606991, 0.000549147953279, -0.000753093510866], [0.000231943893596, -0.00116337300278, 0.00110708212014, -0.00141822639853, 0.000121135395602, -0.000728382146917, 0.00288240727969, -0.00504706427455, 0.00944407563657, -0.00471433624625, 0.00174443563446, 0.000592857424635, 0.00157117517665], [-0.000162398879183, 0.00158205395564, -0.0012630817946, 0.00063162058359, -0.00147298153024, -0.000981935649179, -7.4759220297e-05, 0.00232448126189, -0.00471433624625, 0.0124615300447, -0.00466214306653, 0.00254500866868, -0.00220847618766], [0.000183727446711, -0.0020577700343, 0.00204261764884, -0.000868788978551, 0.00131646310911, -0.000988143496215, 0.000768199271988, -0.000517735606991, 0.00174443563446, -0.00466214306653, 0.0109919086099, -0.00547400582582, 0.00320169562474], [2.56636485574e-05, 0.00193205859978, -0.00149766530376, 0.000177941925358, -0.000943730468862, 0.00141594978049, -0.000913011725061, 0.000549147953279, 0.000592857424635, 0.00254500866868, -0.00547400582582, 0.0150681165978, -0.00541028752923], [0.000311341776978, -0.00133347976953, 0.00110083480831, -0.00165997177828, 0.000602553249337, -0.00142414378934, 0.0020963200368, -0.000753093510866, 0.00157117517665, -0.00220847618766, 0.00320169562474, -0.00541028752923, 0.0146023891866]], "cov": [[10545.4746094, 337.058746338, -3076.78344727, 164.607498169, -579.701171875, -427.33682251, -235.498046875, -40.0673561096, 112.579521179, -115.099357605, 348.839538574, -287.061584473, -141.780578613], [337.058746338, 984.579528809, -46.2394218445, -285.865234375, 204.24546814, -156.374191284, 59.7712593079, -3.75692868233, 7.78680038452, -60.1961555481, 67.3941421509, -73.4642028809, -30.6772537231], [-3076.78344727, -46.2394218445, 1771.84436035, 103.18157196, 96.0757598877, 305.245666504, 25.8400020599, 52.9829292297, -22.9474391937, 74.5564422607, -192.441818237, 102.32950592, 58.2151565552], [164.607498169, -285.865234375, 103.18157196, 536.108581543, 45.9181480408, -4.04198074341, -42.7444381714, -17.8583526611, 44.0790557861, 38.8694152832, -19.6587257385, 43.411075592, 48.0072822571], [-579.701171875, 204.24546814, 96.0757598877, 45.9181480408, 351.845794678, 14.1183509827, 21.4569511414, 17.9065685272, 49.2895050049, 32.3408660889, -5.76624536514, 1.02413415909, 14.9216194153], [-427.33682251, -156.374191284, 305.245666504, -4.04198074341, 14.1183509827, 347.519287109, 125.603744507, 34.7540969849, -7.37405872345, 54.0863304138, -30.5876331329, 8.36993408203, 7.21248722076], [-235.498046875, 59.7712593079, 25.8400020599, -42.7444381714, 21.4569511414, 125.603744507, 336.156921387, 78.3482589722, -59.9712219238, -33.9902839661, -0.601457834244, 0.907845556736, -27.4010047913], [-40.0673561096, -3.75692868233, 52.9829292297, -17.8583526611, 17.9065685272, 34.7540969849, 78.3482589722, 157.459442139, 59.3518066406, -3.1637108326, -21.0037078857, -10.959479332, -12.3094005585], [112.579521179, 7.78680038452, -22.9474391937, 44.0790557861, 49.2895050049, -7.37405872345, -59.9712219238, 59.3518066406, 200.604949951, 67.3840255737, -8.93527889252, -31.0279407501, -6.96134853363], [-115.099357605, -60.1961555481, 74.5564422607, 38.8694152832, 32.3408660889, 54.0863304138, -33.9902839661, -3.1637108326, 67.3840255737, 138.389953613, 26.5714073181, -2.42641019821, 11.366765976], [348.839538574, 67.3941421509, -192.441818237, -19.6587257385, -5.76624536514, -30.5876331329, -0.601457834244, -21.0037078857, -8.93527889252, 26.5714073181, 157.165359497, 23.1705970764, -13.6473779678], [-287.061584473, -73.4642028809, 102.32950592, 43.411075592, 1.02413415909, 8.36993408203, 0.907845556736, -10.959479332, -31.0279407501, -2.42641019821, 23.1705970764, 108.163352966, 34.6773452759], [-141.780578613, -30.6772537231, 58.2151565552, 48.0072822571, 14.9216194153, 7.21248722076, -27.4010047913, -12.3094005585, -6.96134853363, 11.366765976, -13.6473779678, 34.6773452759, 91.4673461914]]}, "spectral_energyband_middle_low": {"dmean2": 0.00282203126699, "median": 0.00394768454134, "min": 5.28368179591e-22, "dvar2": 2.87457587547e-05, "dvar": 1.50989426402e-05, "dmean": 0.0020363223739, "max": 0.0991091653705, "var": 0.000114776397822, "mean": 0.00755583215505}, "melbands_crest": {"dmean2": 4.26562356949, "median": 13.1834545135, "min": 3.41345024109, "dvar2": 15.3460702896, "dvar": 6.55845069885, "dmean": 2.72608780861, "max": 38.2384567261, "var": 25.0007686615, "mean": 14.1272602081}, "spectral_kurtosis": {"dmean2": 4.5942325592, "median": 7.46624231339, "min": -1.17191326618, "dvar2": 20.7497596741, "dvar": 8.08615398407, "dmean": 2.76817727089, "max": 42.5253143311, "var": 29.3150196075, "mean": 8.51713466644}, "spectral_rms": {"dmean2": 0.000472805579193, "median": 0.00244163488969, "min": 3.33539077434e-12, "dvar2": 3.8236993305e-07, "dvar": 2.41178753413e-07, "dmean": 0.000357678422006, "max": 0.0123437186703, "var": 3.4418596897e-06, "mean": 0.00283392332494}, "zerocrossingrate": {"dmean2": 0.00813425052911, "median": 0.0341796875, "min": 0.00390625, "dvar2": 0.000125620688777, "dvar": 0.000114702568681, "dmean": 0.00664486456662, "max": 0.5185546875, "var": 0.000988486455753, "mean": 0.0405378267169}, "silence_rate_60dB": {"dmean2": 0.114145442843, "median": 0, "min": 0, "dvar2": 0.112462848425, "dvar": 0.0538078956306, "dmean": 0.0570639669895, "max": 1, "var": 0.215063199401, "mean": 0.313036799431}, "erbbands_kurtosis": {"dmean2": 2.19571781158, "median": 0.791141211987, "min": -1.8563491106, "dvar2": 10.0411977768, "dvar": 4.34336519241, "dmean": 1.4248483181, "max": 50.9071731567, "var": 16.4351806641, "mean": 2.09669160843}, "erbbands": {"dmean2": [0.0199422817677, 0.132152855396, 0.239969789982, 0.755888462067, 1.81001186371, 2.39000225067, 3.2442035675, 5.80831623077, 12.0409727097, 22.8724994659, 16.3264389038, 11.8809499741, 14.8810987473, 8.08209228516, 4.67625331879, 6.80573987961, 8.427775383, 12.976805687, 11.933757782, 6.36302423477, 4.60838127136, 4.98142290115, 3.61621570587, 1.58613157272, 4.01027965546, 2.32838964462, 0.791960775852, 0.839532852173, 0.607598245144, 0.459459096193, 0.240013182163, 0.181173548102, 0.149627238512, 0.0980642586946, 0.0658081620932, 0.018933525309, 0.00493107084185, 0.000842285575345, 6.66630003252e-05, 5.37267442269e-06], "median": [0.0031277241651, 0.0422670841217, 0.167182803154, 0.405339896679, 1.05976724625, 1.79043483734, 2.24349594116, 2.78729438782, 6.16166496277, 6.282122612, 5.65761613846, 2.14841032028, 2.19391465187, 1.36079144478, 1.03674280643, 1.24651646614, 1.19414901733, 1.93090057373, 1.79552423954, 1.0808737278, 0.855657041073, 0.824235677719, 0.716180145741, 0.514604568481, 0.707482457161, 0.465943038464, 0.242974668741, 0.103914648294, 0.0721810758114, 0.0544495582581, 0.0442908555269, 0.0364375934005, 0.0248643085361, 0.0116035360843, 0.00541823264211, 0.0019900018815, 0.000620811362751, 0.000179334005225, 8.677680853e-06, 7.53844597057e-06], "min": [1.61673379686e-21, 5.95268370531e-21, 8.72814890634e-21, 6.21586680761e-20, 6.12880152449e-20, 2.43262134226e-19, 3.4877871488e-19, 3.09403599403e-19, 2.86432948889e-19, 6.50898601248e-19, 1.97467450961e-18, 3.34340489253e-18, 7.99011555819e-18, 2.33577110703e-18, 4.0123413044e-18, 5.05680902898e-18, 5.99128447956e-18, 3.52431094685e-18, 1.30899065462e-17, 5.40535771011e-18, 7.47521134331e-18, 7.51273556461e-18, 6.00366158307e-18, 8.53281386883e-18, 2.01459242617e-17, 1.40552759518e-17, 2.84722482071e-17, 2.0671853967e-17, 1.84355066609e-17, 2.00960469251e-17, 1.66220968019e-17, 1.66978715091e-17, 1.43285929698e-17, 1.05290695206e-17, 9.60975008682e-18, 5.30047162202e-18, 3.64268876431e-18, 1.56855550542e-18, 4.01918710285e-19, 3.25511306858e-20], "dvar2": [0.0373142249882, 0.265357285738, 0.291993230581, 3.22248864174, 10.6967487335, 15.659781456, 32.3759078979, 304.926269531, 1038.77697754, 6794.79003906, 2875.046875, 2651.92431641, 3012.62817383, 1542.38122559, 215.944839478, 1034.48730469, 1302.17980957, 2252.34863281, 2977.3293457, 784.856384277, 290.662811279, 260.687408447, 116.100105286, 13.5918912888, 123.400039673, 39.5219764709, 7.05275297165, 27.3829059601, 6.08670473099, 2.45731520653, 0.578983962536, 0.433663219213, 0.318759769201, 0.151158720255, 0.137076169252, 0.00983681995422, 0.00103871733882, 2.42539172177e-05, 2.47183550073e-07, 1.84552775839e-10], "dvar": [0.0178932342678, 0.132553324103, 0.164117857814, 1.44508624077, 4.26964235306, 6.51626396179, 16.0174198151, 141.279281616, 589.422424316, 3197.37792969, 1281.39294434, 1655.77270508, 2662.04760742, 1242.67492676, 136.562652588, 652.760070801, 1063.84118652, 1536.21081543, 1569.02294922, 454.513916016, 166.162185669, 177.326751709, 80.027557373, 9.15036582947, 91.0587615967, 23.8872451782, 3.54100513458, 11.8165578842, 3.12174081802, 1.18709170818, 0.266919493675, 0.192693799734, 0.142836213112, 0.0674218311906, 0.0474966242909, 0.00338541087694, 0.000354351912392, 8.32985097077e-06, 8.43253928906e-08, 7.93734591942e-11], "dmean": [0.0124932620674, 0.089761711657, 0.172719061375, 0.515553534031, 1.14897990227, 1.53371906281, 2.21659636497, 4.10520076752, 8.67354106903, 15.6245059967, 11.2085371017, 9.02806186676, 12.4723491669, 6.70546960831, 3.46564364433, 5.15026187897, 7.09496450424, 10.0180215836, 8.89068508148, 4.89638090134, 3.45081377029, 3.96814250946, 2.90992832184, 1.22684371471, 3.25568890572, 1.76726448536, 0.545923411846, 0.555573165417, 0.416434437037, 0.31915307045, 0.157502532005, 0.117377854884, 0.093244291842, 0.0597945563495, 0.0363866873085, 0.0103560360149, 0.00266492250375, 0.000452550651971, 3.58755241905e-05, 3.82246662411e-06], "max": [6.14868497849, 13.7880268097, 8.80926704407, 29.3938846588, 42.8185958862, 45.8033828735, 85.4469299316, 337.447143555, 760.362792969, 2032.4987793, 1232.9465332, 1866.73193359, 2850.77832031, 1787.07458496, 592.681518555, 1702.42590332, 1975.77258301, 1491.58203125, 1723.73144531, 1153.12963867, 458.768768311, 443.589904785, 419.571777344, 87.0819244385, 317.116210938, 178.380050659, 84.5271377563, 220.47819519, 94.2257461548, 42.2324638367, 20.7054767609, 22.1502456665, 12.5370931625, 10.3531341553, 6.83991670609, 1.29632091522, 0.651340842247, 0.0962379276752, 0.00929780863225, 0.000221137277549], "var": [0.0184601787478, 0.23275218904, 0.585282921791, 4.66285514832, 19.9753227234, 22.199552536, 57.6696815491, 686.598999023, 2640.20092773, 15191.3974609, 3424.8046875, 7417.84863281, 26404.1035156, 7137.30126953, 1079.93676758, 2451.69799805, 8569.00097656, 9511.27832031, 5183.11035156, 3300.22216797, 870.799133301, 1117.46569824, 532.456970215, 69.9745864868, 713.086181641, 191.542190552, 10.0408115387, 21.9195461273, 11.2712593079, 3.90540552139, 0.789383530617, 0.496058881283, 0.303654551506, 0.14092412591, 0.0322658009827, 0.00208207033575, 0.000193574145669, 4.63757351099e-06, 4.55099495866e-08, 3.97218979931e-10], "mean": [0.0184166617692, 0.205201044679, 0.444115251303, 1.1766320467, 2.78609228134, 3.49446558952, 5.01687812805, 9.96199989319, 21.4978027344, 39.0355529785, 23.5162410736, 22.681640625, 36.4889678955, 17.6807689667, 9.26972103119, 12.3692264557, 20.4951763153, 25.3157062531, 18.6145267487, 12.7900619507, 8.97208499908, 11.082660675, 8.4652967453, 3.78335928917, 9.90285491943, 5.07945871353, 1.15890991688, 1.03668737411, 0.819244027138, 0.64066439867, 0.30105984211, 0.202397093177, 0.13701608777, 0.0754114091396, 0.0359500944614, 0.00982324685901, 0.00237789191306, 0.000435262831161, 3.11273579428e-05, 1.45301200973e-05]}, "spectral_strongpeak": {"dmean2": 0.529221713543, "median": 0.409560739994, "min": 0, "dvar2": 0.821471095085, "dvar": 0.380616396666, "dmean": 0.339006274939, "max": 12.5165729523, "var": 1.85735118389, "mean": 0.962980091572}, "spectral_energy": {"dmean2": 0.00352278049104, "median": 0.00611062161624, "min": 1.14029521237e-20, "dvar2": 5.24485221831e-05, "dvar": 3.00581978081e-05, "dmean": 0.00269107194617, "max": 0.156176581979, "var": 0.000260920205619, "mean": 0.01175978221}, "average_loudness": 0.373556554317, "spectral_rolloff": {"dmean2": 499.522125244, "median": 624.462890625, "min": 21.533203125, "dvar2": 2274150.75, "dvar": 892971.5625, "dmean": 288.450866699, "max": 18992.2851563, "var": 1557017.75, "mean": 1026.51269531}, "spectral_centroid": {"dmean2": 232.606124878, "median": 731.286010742, "min": 134.770767212, "dvar2": 182786.78125, "dvar": 90742.6953125, "dmean": 158.435195923, "max": 11047.1787109, "var": 387750.3125, "mean": 914.157775879}, "pitch_salience": {"dmean2": 0.094592012465, "median": 0.5585064888, "min": 0.07596360147, "dvar2": 0.00732283946127, "dvar": 0.002976662945, "dmean": 0.0602353289723, "max": 0.901569783688, "var": 0.0123160984367, "mean": 0.55181825161}, "spectral_energyband_middle_high": {"dmean2": 0.000913152645808, "median": 0.000480434508063, "min": 1.50057833259e-21, "dvar2": 5.32759167982e-06, "dvar": 4.71401654067e-06, "dmean": 0.000786279619206, "max": 0.0786461830139, "var": 5.56809391128e-05, "mean": 0.0030129570514}, "spectral_contrast_coeffs": {"dmean2": [0.0666088312864, 0.0651385784149, 0.0553472675383, 0.0453403554857, 0.0332054309547, 0.024848099798], "median": [-0.634263396263, -0.684828996658, -0.755722880363, -0.766408324242, -0.78364020586, -0.794893741608], "min": [-0.966938436031, -0.966614663601, -0.974478542805, -0.963352203369, -0.956556916237, -0.961006999016], "dvar2": [0.00295695313253, 0.00290575996041, 0.00200434960425, 0.00132576900069, 0.000825766415801, 0.000489381724037], "dvar": [0.00119838200044, 0.00124224356841, 0.000901155231986, 0.000640122860204, 0.000437217444414, 0.000240337802097], "dmean": [0.0411411449313, 0.0411894470453, 0.0351034253836, 0.028915502131, 0.0222976841033, 0.0161613747478], "max": [-0.321543812752, -0.342928886414, -0.395420253277, -0.450839102268, -0.516527414322, -0.601522564888], "var": [0.00759469671175, 0.00753212627023, 0.00726043526083, 0.0060984166339, 0.005909120664, 0.00274805445224], "mean": [-0.63071513176, -0.679131805897, -0.740770637989, -0.755806028843, -0.770542919636, -0.794765949249]}, "melbands_skewness": {"dmean2": 0.865170121193, "median": 1.99360001087, "min": -1.22125303745, "dvar2": 1.50398886204, "dvar": 0.646817982197, "dmean": 0.570401191711, "max": 25.0237293243, "var": 2.65987467766, "mean": 2.24239659309}, "spectral_spread": {"dmean2": 783367.5625, "median": 3251041.5, "min": 1627583.625, "dvar2": 2175811321860.0, "dvar": 1021767974910.0, "dmean": 503766.875, "max": 39407968, "var": 3055534997500.0, "mean": 3775401.5}, "dissonance": {"dmean2": 0.0476094409823, "median": 0.4363078475, "min": 0.171432003379, "dvar2": 0.00182194029912, "dvar": 0.000699919706676, "dmean": 0.0286118797958, "max": 0.499998062849, "var": 0.00244729174301, "mean": 0.425730139017}, "spectral_skewness": {"dmean2": 0.497770488262, "median": 2.06431150436, "min": -0.15842948854, "dvar2": 0.239001631737, "dvar": 0.106474027038, "dmean": 0.313554465771, "max": 5.23848867416, "var": 0.586661279202, "mean": 2.13396978378}, "spectral_flux": {"dmean2": 0.0191580578685, "median": 0.0316461585462, "min": 1.06784608933e-10, "dvar2": 0.000696655188221, "dvar": 0.000281009386526, "dmean": 0.0121256029233, "max": 0.32689011097, "var": 0.000961253477726, "mean": 0.0388549752533}, "spectral_contrast_valleys": {"dmean2": [0.569414317608, 0.513846874237, 0.471982419491, 0.41743466258, 0.376356750727, 0.397453933954], "median": [-8.22632980347, -7.31984710693, -8.36943531036, -8.90766048431, -9.00316238403, -11.657409668], "min": [-27.4281654358, -27.9905872345, -27.3268795013, -27.2605304718, -27.2739849091, -27.2554073334], "dvar2": [0.231501072645, 0.197603553534, 0.166329547763, 0.148613080382, 0.16548140347, 0.342995285988], "dvar": [0.115689411759, 0.0928413048387, 0.0830307006836, 0.0776218101382, 0.0929226279259, 0.170171096921], "dmean": [0.354294359684, 0.319086283445, 0.291930109262, 0.265688687563, 0.250354290009, 0.272239387035], "max": [-5.99606847763, -5.19949054718, -5.49927330017, -6.29832172394, -6.41921854019, -8.28029441833], "var": [0.928828954697, 1.37297677994, 1.34826946259, 1.32281124592, 1.27296221256, 0.90530705452], "mean": [-8.27608394623, -7.55409955978, -8.56719017029, -9.10391998291, -9.17218017578, -11.6693582535]}, "erbbands_flatness_db": {"dmean2": 0.0247016474605, "median": 0.203832745552, "min": 0.028172461316, "dvar2": 0.000676105788443, "dvar": 0.000326825131197, "dmean": 0.0169120654464, "max": 0.36227580905, "var": 0.00212177168578, "mean": 0.202369377017}, "spectral_energyband_high": {"dmean2": 7.00743112247e-05, "median": 1.7501279217e-05, "min": 8.09623542493e-21, "dvar2": 4.48674839504e-08, "dvar": 2.2230144836e-08, "dmean": 4.73496547784e-05, "max": 0.00603997288272, "var": 7.5658078913e-08, "mean": 0.000100187739008}, "spectral_entropy": {"dmean2": 0.272965371609, "median": 6.87875270844, "min": 5.08318519592, "dvar2": 0.112451076508, "dvar": 0.0521512366831, "dmean": 0.184309884906, "max": 9.79412460327, "var": 0.229448586702, "mean": 6.89309167862}, "silence_rate_20dB": {"dmean2": 0, "median": 1, "min": 1, "dvar2": 0, "dvar": 0, "dmean": 0, "max": 1, "var": 0, "mean": 1}, "melbands_flatness_db": {"dmean2": 0.0320713929832, "median": 0.257546365261, "min": 0.00892641860992, "dvar2": 0.0013995252084, "dvar": 0.000652148737572, "dmean": 0.022038012743, "max": 0.567165672779, "var": 0.00476416479796, "mean": 0.262176632881}, "barkbands": {"dmean2": [4.93802763231e-05, 0.000622204039246, 0.000214996922296, 0.000369082496036, 0.000692247063853, 0.00063556979876, 0.00122749467846, 0.000825201685075, 0.000589860370383, 0.000414265523432, 0.000149550876813, 0.000160576353665, 0.00023654816323, 0.000242416746914, 0.000200069946004, 9.65757353697e-05, 0.000107819389086, 6.72151800245e-05, 6.44149840809e-05, 6.15456883679e-05, 2.02855644602e-05, 1.65359924722e-05, 9.76208411885e-06, 8.71287375048e-06, 9.13419535209e-06, 2.97909832625e-06, 3.5781803831e-07], "median": [6.29860187473e-06, 0.000162800628459, 0.000122880621348, 0.000146919599501, 0.000636342680082, 0.000360557227395, 0.000455388566479, 0.000215215375647, 6.84579717927e-05, 5.08210432599e-05, 1.87399382412e-05, 2.32661004702e-05, 2.27838208957e-05, 3.06502261083e-05, 2.94198835036e-05, 1.05410836113e-05, 1.56992209668e-05, 1.16291776067e-05, 1.12644502224e-05, 9.61969453783e-06, 3.75497279492e-06, 2.04370553547e-06, 1.49223433255e-06, 1.76770822691e-06, 8.94318532119e-07, 3.65977058436e-07, 6.59050414242e-08], "min": [1.16046096593e-22, 3.39114800184e-23, 5.41378988719e-24, 2.62790219908e-23, 6.06752112815e-23, 3.26306507428e-23, 1.97392152029e-23, 8.13949585015e-23, 2.0978800306e-22, 1.3540817633e-22, 9.71298747288e-23, 9.2643944616e-23, 1.17415496015e-22, 7.4223095846e-23, 2.15275344761e-22, 1.31188313223e-22, 1.19538301779e-22, 1.10042991322e-22, 2.890980085e-22, 3.36736447664e-22, 7.30488025512e-22, 4.9618957139e-22, 6.31713905911e-22, 8.11829455068e-22, 1.16319032369e-21, 1.89640687392e-21, 2.45444036349e-21], "dvar2": [6.32482056062e-07, 1.23317850012e-05, 2.1780877546e-07, 7.8194091202e-07, 1.0445432963e-06, 2.86458498522e-06, 1.49026118379e-05, 6.40414191366e-06, 5.3819421737e-06, 2.70806708613e-06, 4.51326059192e-07, 4.83350277136e-07, 9.62897729551e-07, 7.87072224284e-07, 7.77356603976e-07, 1.96245423467e-07, 1.16958162266e-07, 4.14274445859e-08, 3.36990240157e-08, 2.89174213464e-08, 1.29767183665e-08, 3.3