{"tonal": {"thpcp": [1, 0.666452884674, 0.315037339926, 0.289986401796, 0.299776643515, 0.376278400421, 0.361173480749, 0.250014990568, 0.218314900994, 0.197007656097, 0.195694491267, 0.26771068573, 0.28328359127, 0.260623395443, 0.590217232704, 0.983082294464, 0.707807481289, 0.306337177753, 0.246424689889, 0.274268656969, 0.457201451063, 0.63364136219, 0.522851169109, 0.31973528862, 0.227570787072, 0.209302023053, 0.303439348936, 0.385588020086, 0.320988118649, 0.353266209364, 0.412268400192, 0.282712876797, 0.18414850533, 0.198677688837, 0.28253620863, 0.674052476883], "hpcp": {"dmean2": [0.172756865621, 0.152992725372, 0.16658872366, 0.189552456141, 0.183127999306, 0.174848914146, 0.164654046297, 0.152362033725, 0.133572116494, 0.141422972083, 0.179507985711, 0.278376698494, 0.337482988834, 0.292558014393, 0.197319328785, 0.161936804652, 0.179476752877, 0.180903300643, 0.176071956754, 0.16085126996, 0.144038930535, 0.127557069063, 0.130978494883, 0.161034375429, 0.164777979255, 0.182771548629, 0.276085287333, 0.336286008358, 0.304553568363, 0.242691263556, 0.209024444222, 0.215058192611, 0.271299511194, 0.312810659409, 0.308050662279, 0.231264427304], "median": [0.0269223786891, 0.0253319181502, 0.048919044435, 0.064467869699, 0.0585646852851, 0.056851349771, 0.0552981644869, 0.042453147471, 0.0307742003351, 0.0322480686009, 0.0467605851591, 0.139927938581, 0.253588914871, 0.175939098001, 0.0524349436164, 0.042228937149, 0.0471871644258, 0.0511510670185, 0.0508081801236, 0.0421087928116, 0.031511940062, 0.0248342864215, 0.0262477248907, 0.0435455664992, 0.0535842105746, 0.0429345555604, 0.122059263289, 0.204089969397, 0.138000547886, 0.038150627166, 0.0288239866495, 0.033509682864, 0.0583122596145, 0.0849746987224, 0.0684918835759, 0.0341316089034], "min": [0, 0, 0, 0, 0, 0, 0, 0, 0, 0, 0, 0, 0, 0, 0, 0, 0, 0, 0, 0, 0, 0, 0, 0, 0, 0, 0, 0, 0, 0, 0, 0, 0, 0, 0, 0], "dvar2": [0.0832797139883, 0.0721239745617, 0.0722483322024, 0.0791011303663, 0.0719354823232, 0.0709548741579, 0.0700039342046, 0.0698257535696, 0.0711957588792, 0.0726068019867, 0.0851159244776, 0.109947316349, 0.126828670502, 0.108808353543, 0.0909793078899, 0.0836604163051, 0.0952233150601, 0.0915195643902, 0.07698033005, 0.0729279667139, 0.0654882490635, 0.0584461279213, 0.0584544837475, 0.0674703270197, 0.0740019381046, 0.0873323380947, 0.109069928527, 0.149645060301, 0.127009749413, 0.132808506489, 0.11832485348, 0.110856898129, 0.125985220075, 0.150594189763, 0.151498243213, 0.118413604796], "dvar": [0.0310518071055, 0.0267470609397, 0.0280986465514, 0.0318456701934, 0.0265076961368, 0.0261138230562, 0.0288380999118, 0.0243113543838, 0.0250750761479, 0.025799466297, 0.0300979092717, 0.0424953177571, 0.0539761148393, 0.0412080474198, 0.0328735560179, 0.0311868321151, 0.0339260287583, 0.0366996712983, 0.0317737013102, 0.0266317483038, 0.0240876227617, 0.021938636899, 0.0211725179106, 0.0251427572221, 0.0274327993393, 0.0313698612154, 0.0408896915615, 0.0625666081905, 0.0493035875261, 0.0482604056597, 0.0425030626357, 0.040589120239, 0.0478324629366, 0.0605067908764, 0.0601616203785, 0.0453150495887], "dmean": [0.0960932597518, 0.0851583778858, 0.09641803056, 0.110579974949, 0.104514084756, 0.10047827661, 0.0958238393068, 0.0865589231253, 0.0735624656081, 0.0784166455269, 0.100588195026, 0.163136616349, 0.199271991849, 0.17133487761, 0.110196173191, 0.0902649313211, 0.101118355989, 0.10370926559, 0.10197353363, 0.0913847386837, 0.0810204520822, 0.0722225755453, 0.0744050219655, 0.091735213995, 0.0940277501941, 0.102859221399, 0.161685183644, 0.1967844069, 0.178219497204, 0.135297641158, 0.114799372852, 0.119853414595, 0.153865769506, 0.178900212049, 0.176487550139, 0.131552010775], "max": [1, 1, 1, 1, 1, 1, 1, 1, 1, 1, 1, 1, 1, 1, 1, 1, 1, 1, 1, 1, 1, 1, 1, 1, 1, 1, 1, 1, 1, 1, 1, 1, 1, 1, 1, 1], "var": [0.0271131619811, 0.0241982322186, 0.0336956493556, 0.0478324480355, 0.0318753011525, 0.0421231463552, 0.0667585134506, 0.0305677372962, 0.0183709394187, 0.0193467978388, 0.0280361026525, 0.0776290670037, 0.119507916272, 0.0602128393948, 0.0349637046456, 0.0425320118666, 0.0339819453657, 0.059415128082, 0.0513053499162, 0.0237667169422, 0.02243456617, 0.0231212098151, 0.0206113196909, 0.0267183389515, 0.0273323040456, 0.0272222161293, 0.0639893636107, 0.140022754669, 0.0871552154422, 0.0408417470753, 0.0316960476339, 0.0343170911074, 0.0608433708549, 0.0996074303985, 0.0752904042602, 0.0452887378633], "mean": [0.0877912640572, 0.0807436183095, 0.117059499025, 0.148750454187, 0.123829394579, 0.136281490326, 0.159043103456, 0.109063737094, 0.0710400044918, 0.0766450092196, 0.108995586634, 0.260033011436, 0.385775625706, 0.257101267576, 0.121533721685, 0.111869685352, 0.115646518767, 0.145159035921, 0.139331921935, 0.096449688077, 0.0842205658555, 0.0760007500648, 0.0754941627383, 0.103276260197, 0.109283901751, 0.100542157888, 0.227691426873, 0.379249185324, 0.273054867983, 0.118177421391, 0.0950646400452, 0.105806164443, 0.176377177238, 0.244443401694, 0.201703235507, 0.123346082866]}, "tuning_equal_tempered_deviation": 0.0199024379253, "chords_changes_rate": 0.0476552098989, "key_key": "F#", "tuning_diatonic_strength": 0.671759545803, "key_scale": "major", "chords_number_rate": 0.00151889119297, "tuning_frequency": 442.03793335, "tuning_nontempered_energy_ratio": 0.678734660149, "chords_histogram": [56.1989746094, 0.854376316071, 7.34763622284, 0, 1.25308525562, 0.379722803831, 0.51262575388, 0.379722803831, 0, 0, 0, 0, 0, 0, 0.11391684413, 6.47427368164, 0.550598084927, 14.7332448959, 0.702487170696, 3.26561617851, 0, 0.0189861394465, 3.74026966095, 3.47446370125], "key_strength": 0.845002889633, "chords_key": "F#", "chords_strength": {"dmean2": 0.00873111560941, "median": 0.523839950562, "min": 0.259418815374, "dvar2": 6.64425970172e-05, "dvar": 5.61815832043e-05, "dmean": 0.00849451683462, "max": 0.732707381248, "var": 0.00916415266693, "mean": 0.519210934639}, "chords_scale": "major", "hpcp_entropy": {"dmean2": 1.14944386482, "median": 2.19017887115, "min": 0, "dvar2": 0.853235661983, "dvar": 0.321944624186, "dmean": 0.68730789423, "max": 4.48815441132, "var": 0.61979329586, "mean": 2.19156622887}}, "metadata": {"audio_properties": {"equal_loudness": 0, "codec": "flac", "downmix": "mix", "sample_rate": 44100, "analysis_sample_rate": 44100, "bit_rate": 0, "md5_encoded": "1fef6564f128a93cd902a14727cc6c60", "length": 244.533340454, "replay_gain": -15.9132986069, "lossless": true}, "version": {"essentia_build_sha": "2d9f1f26377add8aeb1075a9c2973f962c4f09fd", "essentia": "2.1-beta2", "extractor": "music 1.0", "essentia_git_sha": "v2.1_beta2-1-ge3940c0"}, "tags": {"title": ["Why Would You Want to Be Anything, When You Can Be Everything?"], "media": ["CD-R"], "albumartist": ["The Wasatch Fault"], "tracktotal": ["10"], "musicbrainz_releasegroupid": ["ce992f2d-70a6-41bd-b94d-34aa81434495"], "musicbrainz_recordingid": ["1d541386-896e-4a63-9f18-03fe800364b0"], "originalyear": ["2013"], "musicbrainz_releasetrackid": ["ff057f01-3ea7-4c0e-81ab-7a34934ecc8f"], "discnumber": ["1"], "album": ["The Wasatch Fault"], "catalognumber": ["001"], "releasecountry": ["US"], "musicbrainz_albumartistid": ["68a21805-ec1a-4609-912b-4b7b73d502a7"], "date": ["2013-08-24"], "file_name": "39b7be6a4d7589dad09e8d1c04df.flac", "disctotal": ["1"], "acoustid_id": ["0c1739b7-be6a-4d75-89da-d09e8d1c04df"], "musicbrainz_artistid": ["68a21805-ec1a-4609-912b-4b7b73d502a7"], "originaldate": ["2013-08-24"], "musicbrainz_albumid": ["493c0022-bfc6-4bc5-b76f-778231b2f470"], "tracknumber": ["4"], "artistsort": ["Wasatch Fault, The"], "artist": ["The Wasatch Fault"], "label": ["Real Extended Play"], "albumartistsort": ["Wasatch Fault, The"], "totaldiscs": ["1"], "script": ["Latn"], "totaltracks": ["10"]}}, "rhythm": {"bpm_histogram_first_peak_bpm": {"dmean2": 0, "median": 172, "min": 172, "dvar2": 0, "dvar": 0, "dmean": 0, "max": 172, "var": 0, "mean": 172}, "bpm": 172.265884399, "bpm_histogram_second_peak_spread": {"dmean2": 0, "median": 0, "min": 0, "dvar2": 0, "dvar": 0, "dmean": 0, "max": 0, "var": 0, "mean": 0}, "bpm_histogram_first_peak_weight": {"dmean2": 0, "median": 0.288107216358, "min": 0.288107216358, "dvar2": 0, "dvar": 0, "dmean": 0, "max": 0.288107216358, "var": 0, "mean": 0.288107216358}, "onset_rate": 3.30808234215, "beats_position": [0.336689323187, 0.684988677502, 1.02167797089, 1.369977355, 1.72988653183, 2.08979582787, 2.43809509277, 2.79800438881, 3.15791368484, 3.50621318817, 3.85451245308, 4.21442174911, 4.57433080673, 4.92263031006, 5.27092981339, 5.61922883987, 5.9675283432, 6.32743740082, 6.68734693527, 7.03564596176, 7.38394546509, 7.73224496841, 8.08054447174, 8.42884349823, 8.77714252472, 9.13705158234, 9.49696159363, 9.84526062012, 10.1935596466, 10.5418596268, 10.8901586533, 11.2500677109, 11.6099767685, 11.9698867798, 12.3297958374, 12.6780948639, 13.0263938904, 13.3746938705, 13.722992897, 14.0712919235, 14.4195919037, 14.7795009613, 15.1394100189, 15.4877090454, 15.8360090256, 16.1959171295, 16.5558280945, 16.9157371521, 17.2640361786, 17.6239452362, 17.9722442627, 18.3205432892, 18.6688423157, 19.0287532806, 19.3886623383, 19.7369613647, 20.0852603912, 20.4335594177, 20.7818584442, 21.1301574707, 21.4784584045, 21.8383674622, 22.1982765198, 22.5465755463, 22.8948745728, 23.2547836304, 23.614692688, 23.9629936218, 24.3112926483, 24.6712017059, 25.0311107635, 25.37940979, 25.7393188477, 26.0992279053, 26.4475269318, 26.7958278656, 27.1441268921, 27.5040359497, 27.8639450073, 28.2122440338, 28.5605430603, 28.9088420868, 29.2571430206, 29.593832016, 29.9421310425, 30.3020401001, 30.6619491577, 31.0218582153, 31.3701572418, 31.7300682068, 32.0899772644, 32.4382743835, 32.7865753174, 33.1348762512, 33.4831733704, 33.8314743042, 34.1797714233, 34.539680481, 34.8995895386, 35.2594985962, 35.6194114685, 35.9909286499, 36.3392295837, 36.6875267029, 37.0358276367, 37.3957366943, 37.755645752, 38.0923347473, 38.4290237427, 38.7889328003, 39.1488418579, 39.4971427917, 39.8454399109, 40.1937408447, 40.5420417786, 40.8903388977, 41.2386398315, 41.5985488892, 41.9584579468, 42.3067550659, 42.6550559998, 43.0033569336, 43.3516540527, 43.7115631104, 44.071472168, 44.4313812256, 44.7912902832, 45.139591217, 45.4995002747, 45.8594093323, 46.2077102661, 46.5676193237, 46.9159164429, 47.2758255005, 47.6241264343, 47.9724235535, 48.3207244873, 48.6806335449, 49.0405426025, 49.3888435364, 49.748752594, 50.0970497131, 50.445350647, 50.8052597046, 51.1535606384, 51.5018577576, 51.8617668152, 52.2216758728, 52.5931968689, 52.9531059265, 53.3130149841, 53.6845359802, 54.0560531616, 54.4275741577, 54.7990913391, 55.182220459, 55.5421295166, 55.9136505127, 56.2851676941, 56.6450767517, 57.0049858093, 57.3765068054, 57.736415863, 58.1195449829, 58.491065979, 58.8741950989, 59.2573242188, 59.6172332764, 59.9655303955, 60.3254394531, 60.6621322632, 61.0104293823, 61.3587303162, 61.7186393738, 62.0785484314, 62.438457489, 62.7983665466, 63.1582756042, 63.5065765381, 63.8548736572, 64.2031707764, 64.5514755249, 64.899772644, 65.2596817017, 65.6195907593, 65.9678878784, 66.316192627, 66.6761016846, 67.0360107422, 67.3959197998, 67.7558288574, 68.1041259766, 68.4640350342, 68.8239440918, 69.1606369019, 69.4973220825, 69.8456192017, 70.1939239502, 70.5422210693, 70.8905181885, 71.2504272461, 71.6103363037, 71.9586410522, 72.3069381714, 72.6552352905, 73.0151443481, 73.3750534058, 73.7349624634, 74.094871521, 74.4431762695, 74.8030853271, 75.1629943848, 75.5112915039, 75.859588623, 76.2194976807, 76.5678024292, 76.9160995483, 77.276008606, 77.6243057251, 77.9726028442, 78.3325119019, 78.6924285889, 79.040725708, 79.3890228271, 79.7373199463, 80.0856246948, 80.4455337524, 80.8054428101, 81.1653518677, 81.5252609253, 81.8735580444, 82.2218551636, 82.5701599121, 82.9184570313, 83.2783660889, 83.626663208, 83.9865722656, 84.3464813232, 84.7063903809, 85.0546951294, 85.4029922485, 85.7396774292, 86.0995864868, 86.4478912354, 86.7961883545, 87.1444854736, 87.4927902222, 87.8410873413, 88.2009963989, 88.5609054565, 88.9208145142, 89.2807235718, 89.6406326294, 90.000541687, 90.3604507446, 90.7203598022, 91.0686569214, 91.4169616699, 91.7652587891, 92.1135559082, 92.4618606567, 92.8101577759, 93.158454895, 93.5183639526, 93.8666687012, 94.2265777588, 94.5748748779, 94.9231719971, 95.2714691162, 95.6313781738, 95.9912872314, 96.33959198, 96.6878890991, 97.0361862183, 97.3960952759, 97.7560043335, 98.104309082, 98.4642181396, 98.8241271973, 99.1840362549, 99.5439453125, 99.8922424316, 100.240539551, 100.588844299, 100.937141418, 101.285438538, 101.645347595, 101.993652344, 102.353561401, 102.701858521, 103.05015564, 103.398452759, 103.746757507, 104.095054626, 104.454963684, 104.814872742, 105.163169861, 105.511474609, 105.859771729, 106.208068848, 106.579589844, 106.927886963, 107.276191711, 107.624488831, 107.996009827, 108.355918884, 108.715827942, 109.064125061, 109.400817871, 109.74911499, 110.085800171, 110.434104919, 110.782402039, 111.130699158, 111.490608215, 111.850517273, 112.210426331, 112.570335388, 112.918640137, 113.266937256, 113.615234375, 113.963539124, 114.311836243, 114.6717453, 115.031654358, 115.379951477, 115.728248596, 116.076553345, 116.436462402, 116.79637146, 117.144668579, 117.539405823, 117.945755005, 118.352104187, 118.758453369, 119.164802551, 119.571151733, 119.977500916, 120.395462036, 120.813423157, 121.231384277, 121.649337769, 122.067298889, 122.496871948, 122.90322113, 123.321174622, 123.739135742, 124.168708801, 124.586662292, 125.016235352, 125.422584534, 125.840545654, 126.258499146, 126.676460266, 127.082809448, 127.512374878, 128.034820557, 128.557281494, 129.079727173, 129.590560913, 130.101409912, 130.612243652, 131.111465454, 131.610702515, 132.109924316, 132.609161377, 133.119995117, 133.630844116, 134.141677856, 134.652511597, 135.163360596, 135.650970459, 136.15020752, 136.649429321, 137.160263062, 137.647888184, 138.147125244, 138.646347046, 139.133972168, 139.644805908, 140.14402771, 140.643264771, 141.154098511, 141.66494751, 142.164169312, 142.663391113, 143.162628174, 143.661849976, 144.137863159, 144.532608032, 144.927337646, 145.333694458, 145.728439331, 146.123168945, 146.50630188, 146.889434814, 147.27255249, 147.655685425, 148.038818359, 148.433563232, 148.839904785, 149.246261597, 149.652603149, 150.058959961, 150.453689575, 150.860046387, 151.254776001, 151.649520874, 152.02104187, 152.392562866, 152.764083862, 153.135604858, 153.507110596, 153.867019653, 154.226928711, 154.598449707, 154.946762085, 155.295059204, 155.643356323, 156.026489258, 156.409606934, 156.78112793, 157.152648926, 157.524169922, 157.895690918, 158.267211914, 158.650344849, 159.14956665, 159.660400391, 160.136413574, 160.635650635, 161.134872437, 161.634094238, 162.12171936, 162.609344482, 163.131790161, 163.65423584, 164.16506958, 164.675918579, 165.163528442, 165.651153564, 166.150375366, 166.649612427, 167.148834229, 167.648071289, 168.158905029, 168.646530151, 169.145751953, 169.644989014, 170.155822754, 170.643447876, 171.154281616, 171.653518677, 172.152740479, 172.640365601, 173.127975464, 173.627212524, 174.126434326, 174.625671387, 175.124893188, 175.635726929, 176.146575928, 176.657409668, 177.14503479, 177.632644653, 178.143493652, 178.654327393, 179.153549194, 179.652786255, 180.152008057, 180.651245117, 181.138870239, 181.638092041, 182.125717163, 182.624938965, 183.124176025, 183.623397827, 184.122619629, 184.621856689, 185.121078491, 185.620315552, 186.119537354, 186.630386353, 187.129608154, 187.640457153, 188.139678955, 188.650512695, 189.149749756, 189.648971558, 190.13659668, 190.635818481, 191.14666748, 191.657501221, 192.156738281, 192.655960083, 193.143585205, 193.642807007, 194.11882019, 194.606430054, 195.105667114, 195.628112793, 196.127349854, 196.626571655, 197.137405396, 197.636642456, 198.135864258, 198.646713257, 199.157546997, 199.668380737, 200.167617798, 200.6668396, 201.154464722, 201.665298462, 202.164535522, 202.663757324, 203.151382446, 203.650604248, 204.13822937, 204.637451172, 205.148300171, 205.647521973, 206.146759033, 206.645980835, 207.133605957, 207.632827759, 208.132064819, 208.631286621, 209.130523682, 209.641357422, 210.152191162, 210.6746521, 211.18548584, 211.673095703, 212.160720825, 212.648345947, 213.147567749, 213.64680481, 214.146026611, 214.645263672, 215.144485474, 215.643707275, 216.154556274, 216.642166138, 217.141403198, 217.640625, 218.139862061, 218.650695801, 219.1615448, 219.660766602, 220.159988403, 220.659225464, 221.158447266, 221.657684326, 222.145309448, 222.64453125, 223.15536499, 223.654602051, 224.165435791, 224.653060913, 225.140670776, 225.628295898, 226.139129639, 226.649978638, 227.149200439, 227.6484375, 228.147659302, 228.646896362, 229.146118164, 229.645339966, 230.144577026, 230.643798828, 231.143035889, 231.64225769, 232.141494751, 232.640716553, 233.139953613, 233.639175415, 234.138412476, 234.637634277, 235.136871338, 235.63609314, 236.14692688, 236.64616394, 237.145385742, 237.656234741, 238.155456543, 238.654693604, 239.165527344, 239.653152466, 240.152374268, 240.651611328, 241.139221191, 241.626846313, 242.114456177, 242.602081299, 243.101318359, 243.600540161, 244.099761963], "beats_loudness": {"dmean2": 0.0159101784229, "median": 0.0263512637466, "min": 9.38693900387e-10, "dvar2": 0.000125206075609, "dvar": 4.11231849284e-05, "dmean": 0.00894266273826, "max": 0.0590700432658, "var": 9.77054151008e-05, "mean": 0.0269798170775}, "danceability": 1.24235677719, "bpm_histogram_second_peak_weight": {"dmean2": 0, "median": 0.229480743408, "min": 0.229480743408, "dvar2": 0, "dvar": 0, "dmean": 0, "max": 0.229480743408, "var": 0, "mean": 0.229480743408}, "beats_count": 598, "bpm_histogram_second_peak_bpm": {"dmean2": 0, "median": 167, "min": 167, "dvar2": 0, "dvar": 0, "dmean": 0, "max": 167, "var": 0, "mean": 167}, "bpm_histogram_first_peak_spread": {"dmean2": 0, "median": 0, "min": 0, "dvar2": 0, "dvar": 0, "dmean": 0, "max": 0, "var": 0, "mean": 0}, "beats_loudness_band_ratio": {"dmean2": [0.31622928381, 0.263828486204, 0.113781996071, 0.0887937918305, 0.135925114155, 0.137279674411], "median": [0.391779720783, 0.196482270956, 0.0856821388006, 0.0418407395482, 0.129805997014, 0.0961225777864], "min": [0.0124510806054, 0.00575177604333, 0.00858801789582, 0.0032196182292, 0.004421308171, 0.00170870148577], "dvar2": [0.0696946159005, 0.0434724837542, 0.0149457426742, 0.0167454760522, 0.01753362827, 0.0296388957649], "dvar": [0.0224579256028, 0.0151636451483, 0.00495438976213, 0.00607109488919, 0.00590867595747, 0.00933929439634], "dmean": [0.180709153414, 0.150815919042, 0.0636307001114, 0.0497207418084, 0.0784000903368, 0.0786493122578], "max": [0.922047972679, 0.671662032604, 0.488137274981, 0.596203446388, 0.546598792076, 0.789759933949], "var": [0.0322937965393, 0.0211450941861, 0.00519505375996, 0.00468517234549, 0.00785724632442, 0.00987155269831], "mean": [0.406625121832, 0.236233308911, 0.104328714311, 0.0602093562484, 0.145052194595, 0.12346790731]}}, "lowlevel": {"barkbands_spread": {"dmean2": 9.2158613205, "median": 33.3731460571, "min": 0.497530549765, "dvar2": 115.249313354, "dvar": 55.2810783386, "dmean": 6.21392297745, "max": 139.854370117, "var": 320.571929932, "mean": 34.2374992371}, "melbands_spread": {"dmean2": 11.9025278091, "median": 28.7977199554, "min": 0.363530606031, "dvar2": 170.631072998, "dvar": 76.447517395, "dmean": 7.75028324127, "max": 292.588287354, "var": 432.287445068, "mean": 32.3709526062}, "hfc": {"dmean2": 9.27391719818, "median": 20.0595607758, "min": 1.1768753855e-16, "dvar2": 185.030761719, "dvar": 93.3899078369, "dmean": 6.73838424683, "max": 141.31652832, "var": 531.581298828, "mean": 26.7161159515}, "barkbands_kurtosis": {"dmean2": 3.31001925468, "median": 0.128363907337, "min": -1.91480243206, "dvar2": 71.8102416992, "dvar": 33.1646957397, "dmean": 2.13614630699, "max": 221.468612671, "var": 107.360084534, "mean": 2.87429761887}, "gfcc": {"mean": [19.7122383118, 73.1654663086, -108.981033325, 47.2522354126, -51.0781059265, 3.5602145195, -41.6674919128, 5.78471326828, -18.4402770996, -4.2427573204, -21.2160511017, -2.42033696175, -8.1719417572], "icov": [[0.000129489970277, -8.96658730198e-06, 0.000180924354936, -7.67686069594e-05, 8.11912541394e-05, -0.000175121531356, 0.000206045500818, -0.000241813613684, 2.38819920924e-05, -0.000179919064976, 0.000479508424178, -0.00042367586866, 0.000352314178599], [-8.96658730198e-06, 0.00127833371516, 0.000393383059418, -0.000122753539472, -0.000654140254483, 0.000721431744751, -0.000361874350347, 0.000200724694878, -0.00115485861897, 0.00158118084073, -0.00130906817503, 0.00142023630906, -0.000870156742167], [0.000180924354936, 0.000393383059418, 0.00210027466528, 0.00043696819921, -0.00068689964246, -0.000736805610359, 0.00050961173838, -0.000933845120016, -0.000676741648931, 0.000539359985851, 0.00075162446592, -0.00149466132279, 0.00128424644936], [-7.67686069594e-05, -0.000122753539472, 0.00043696819921, 0.00410381006077, 0.00152767321561, -0.00119357870426, -0.00118398398627, -0.000194051986909, -0.000568419345655, -0.000974457827397, -0.000433336943388, 0.00143086409662, -0.00233407854103], [8.11912541394e-05, -0.000654140254483, -0.00068689964246, 0.00152767321561, 0.00761364679784, -0.00152144231834, -0.00282368599437, 0.000472307263408, -0.00163598847575, -0.00302178435959, 0.00328629720025, -0.00125749502331, 0.00029016067856], [-0.000175121531356, 0.000721431744751, -0.000736805610359, -0.00119357870426, -0.00152144231834, 0.0093610137701, -0.00182056170888, -0.00285192462616, 0.00219459924847, 0.00123785040341, -0.0050786822103, 0.0050356243737, -0.00189855601639], [0.000206045500818, -0.000361874350347, 0.00050961173838, -0.00118398398627, -0.00282368599437, -0.00182056170888, 0.0102570448071, -0.00137610558886, -0.00075363117503, 0.00116060511209, 0.00113252154551, -0.00486062839627, 0.00213451357558], [-0.000241813613684, 0.000200724694878, -0.000933845120016, -0.000194051986909, 0.000472307263408, -0.00285192462616, -0.00137610558886, 0.0151364924386, -0.005118786823, -0.00107809307519, 0.00158414465841, -0.0012619108893, -0.000741363852285], [2.38819920924e-05, -0.00115485861897, -0.000676741648931, -0.000568419345655, -0.00163598847575, 0.00219459924847, -0.00075363117503, -0.005118786823, 0.0185244828463, -0.00514735979959, -0.0047947303392, 0.00646698987111, -0.00555036216974], [-0.000179919064976, 0.00158118084073, 0.000539359985851, -0.000974457827397, -0.00302178435959, 0.00123785040341, 0.00116060511209, -0.00107809307519, -0.00514735979959, 0.0174031294882, -0.0017396552721, -0.00628652982414, 0.00608533900231], [0.000479508424178, -0.00130906817503, 0.00075162446592, -0.000433336943388, 0.00328629720025, -0.0050786822103, 0.00113252154551, 0.00158414465841, -0.0047947303392, -0.0017396552721, 0.0197893343866, -0.006521477364, 0.00252896849997], [-0.00042367586866, 0.00142023630906, -0.00149466132279, 0.00143086409662, -0.00125749502331, 0.0050356243737, -0.00486062839627, -0.0012619108893, 0.00646698987111, -0.00628652982414, -0.006521477364, 0.0270795784891, -0.0122168334201], [0.000352314178599, -0.000870156742167, 0.00128424644936, -0.00233407854103, 0.00029016067856, -0.00189855601639, 0.00213451357558, -0.000741363852285, -0.00555036216974, 0.00608533900231, 0.00252896849997, -0.0122168334201, 0.0245487727225]], "cov": [[11183.296875, -625.067321777, -716.206726074, 211.420379639, -168.369857788, 22.2195243835, -148.274291992, 140.242614746, -123.027580261, 212.566864014, -212.778152466, 101.926200867, -112.113296509], [-625.067321777, 1552.3515625, -408.705566406, 176.89050293, -23.646604538, -20.7852172852, 34.3472557068, -35.7202262878, 132.556976318, -158.159332275, 104.573524475, -114.769569397, 98.0894622803], [-716.206726074, -408.705566406, 790.800598145, -176.862350464, 136.254211426, 39.0617904663, 24.2912883759, 53.1167564392, -6.03083515167, 47.1009178162, -36.0938911438, 52.6867752075, -44.5928611755], [211.420379639, 176.89050293, -176.862350464, 366.629852295, -80.8357925415, 58.9183731079, 21.2088050842, 16.9764060974, 35.6136779785, -18.1530532837, 39.3244743347, -27.5740222931, 46.3063049316], [-168.369857788, -23.646604538, 136.254211426, -80.8357925415, 222.823425293, 15.2425365448, 66.8793487549, 21.3898010254, 21.3502368927, 42.7585334778, -24.5193061829, 25.0301322937, -10.6495103836], [22.2195243835, -20.7852172852, 39.0617904663, 58.9183731079, 15.2425365448, 162.616531372, 30.9033985138, 34.7531509399, 7.27104091644, -7.59504365921, 27.5874099731, -16.0529117584, 5.95741462708], [-148.274291992, 34.3472557068, 24.2912883759, 21.2088050842, 66.8793487549, 30.9033985138, 138.464767456, 22.7711791992, 15.4690008163, 7.69868040085, 3.03112363815, 20.9129314423, 6.02311992645], [140.242614746, -35.7202262878, 53.1167564392, 16.9764060974, 21.3898010254, 34.7531509399, 22.7711791992, 91.9820556641, 27.826171875, 19.2402591705, 0.0837961211801, 9.00697040558, 4.78497552872], [-123.027580261, 132.556976318, -6.03083515167, 35.6136779785, 21.3502368927, 7.27104091644, 15.4690008163, 27.826171875, 92.2407302856, 11.3749599457, 24.8751773834, -11.988863945, 19.4777317047], [212.566864014, -158.159332275, 47.1009178162, -18.1530532837, 42.7585334778, -7.59504365921, 7.69868040085, 19.2402591705, 11.3749599457, 101.711853027, -4.13099861145, 31.4717979431, -20.5815601349], [-212.778152466, 104.573524475, -36.0938911438, 39.3244743347, -24.5193061829, 27.5874099731, 3.03112363815, 0.0837961211801, 24.8751773834, -4.13099861145, 79.6550445557, -0.592533648014, 12.6973237991], [101.926200867, -114.769569397, 52.6867752075, -27.5740222931, 25.0301322937, -16.0529117584, 20.9129314423, 9.00697040558, -11.988863945, 31.4717979431, -0.592533648014, 72.5057449341, 11.6392002106], [-112.113296509, 98.0894622803, -44.5928611755, 46.3063049316, -10.6495103836, 5.95741462708, 6.02311992645, 4.78497552872, 19.4777317047, -20.5815601349, 12.6973237991, 11.6392002106, 66.7541275024]]}, "spectral_energyband_middle_low": {"dmean2": 0.00522320484743, "median": 0.00898004416376, "min": 2.17713164771e-22, "dvar2": 2.74688500213e-05, "dvar": 1.08658014142e-05, "dmean": 0.00318658375181, "max": 0.0538987629116, "var": 2.81625470961e-05, "mean": 0.00968847703189}, "melbands_crest": {"dmean2": 4.50272607803, "median": 12.5289916992, "min": 2.38885331154, "dvar2": 16.0587615967, "dvar": 6.09281921387, "dmean": 2.72848367691, "max": 31.7473506927, "var": 18.5992870331, "mean": 13.2143888474}, "spectral_kurtosis": {"dmean2": 1.68566393852, "median": 3.01955747604, "min": -1.37209916115, "dvar2": 5.5679602623, "dvar": 2.18644881248, "dmean": 1.02990674973, "max": 38.6642913818, "var": 5.08450651169, "mean": 3.46287703514}, "spectral_rms": {"dmean2": 0.000830840843264, "median": 0.00469578430057, "min": 3.18396199163e-12, "dvar2": 8.05611421129e-07, "dvar": 3.41285584682e-07, "dmean": 0.000533210812137, "max": 0.00792893208563, "var": 1.69376403392e-06, "mean": 0.00456042215228}, "zerocrossingrate": {"dmean2": 0.0138432905078, "median": 0.0751953125, "min": 0.005859375, "dvar2": 0.000244075170485, "dvar": 0.000214759988012, "dmean": 0.0123918289319, "max": 0.75, "var": 0.002672677394, "mean": 0.0829975232482}, "silence_rate_60dB": {"dmean2": 0.00949577428401, "median": 0, "min": 0, "dvar2": 0.0105464272201, "dvar": 0.00472524436191, "dmean": 0.00474743638188, "max": 1, "var": 0.0249756556004, "mean": 0.0256337225437}, "erbbands_kurtosis": {"dmean2": 0.947526752949, "median": -0.500561237335, "min": -1.87738001347, "dvar2": 2.53011727333, "dvar": 1.123000741, "dmean": 0.604705095291, "max": 59.6500701904, "var": 2.56425690651, "mean": -0.1014829427}, "erbbands": {"dmean2": [0.0471721626818, 0.520912110806, 2.45552706718, 5.83102655411, 10.685634613, 10.7800769806, 9.36534690857, 11.4387998581, 13.0622816086, 11.9623985291, 11.4854335785, 13.6425971985, 11.0048780441, 7.98822450638, 6.91370344162, 10.0281085968, 13.2599201202, 19.6717224121, 27.4503936768, 28.4073562622, 45.6379852295, 31.7917346954, 21.1823730469, 20.0277957916, 14.8295898438, 14.3966388702, 12.4034404755, 9.71922969818, 6.40287399292, 4.94764995575, 3.72437357903, 2.84135317802, 2.11458754539, 1.27384889126, 0.618962645531, 0.377268075943, 0.168635442853, 0.0693897753954, 0.0101777967066, 0.000468764570542], "median": [0.0439924225211, 0.685197412968, 2.15032339096, 3.96280694008, 7.47245931625, 7.91793489456, 7.66962957382, 8.47891521454, 7.89344072342, 6.91748476028, 6.57780265808, 9.7687253952, 9.36155796051, 4.99686050415, 5.64123535156, 6.96940279007, 4.95438766479, 6.03790092468, 14.2459230423, 22.5162162781, 40.4618148804, 26.0827865601, 19.4877815247, 18.9218044281, 12.2904834747, 12.604637146, 10.9476280212, 8.24625682831, 5.52478504181, 3.34650540352, 2.61692285538, 1.78675365448, 1.17901849747, 0.525535345078, 0.164448082447, 0.0644429400563, 0.0201103426516, 0.00420617917553, 0.000406945357099, 5.12437800353e-05], "min": [1.03634260084e-21, 3.10643599687e-21, 2.98413354667e-20, 5.31157712921e-20, 1.47106252501e-19, 1.30486319914e-19, 5.44754268058e-20, 1.05685868336e-19, 2.46384741038e-19, 6.16473412105e-19, 9.26726732793e-19, 1.43473174438e-18, 1.99377121482e-18, 2.04630152642e-18, 2.05103217234e-18, 1.48919827899e-18, 1.57060494878e-18, 1.04107380253e-17, 6.39904068098e-18, 3.06305787329e-18, 5.6752063598e-18, 1.03780569465e-17, 1.37175844299e-17, 1.46139851704e-17, 1.57518448949e-17, 1.35916503175e-17, 1.26122279404e-17, 2.04423808302e-17, 1.97370737004e-17, 1.92133244432e-17, 1.87580243817e-17, 2.20363843403e-17, 1.31769218107e-17, 1.09706061239e-17, 8.97878829609e-18, 5.45410139565e-18, 2.36880642595e-18, 1.23161299547e-18, 3.93762114909e-19, 4.02594943361e-20], "dvar2": [0.00856660306454, 0.661648690701, 17.0695648193, 63.5298118591, 167.052902222, 194.039306641, 180.191055298, 347.941894531, 928.929443359, 521.046447754, 775.990356445, 798.319824219, 331.852386475, 223.995758057, 146.073974609, 400.601074219, 1655.51721191, 4489.1875, 5777.59277344, 3087.07788086, 3924.8918457, 2666.5871582, 1004.92248535, 973.163696289, 693.052246094, 589.934509277, 480.518859863, 298.91607666, 128.282409668, 82.9165344238, 56.8567047119, 54.1436195374, 44.4746170044, 11.7290210724, 2.73660778999, 0.960916817188, 0.202623069286, 0.0398187339306, 0.00101151771378, 2.19636513066e-06], "dvar": [0.00315705756657, 0.245447590947, 6.23770856857, 23.4016361237, 59.3471031189, 72.882774353, 68.2890319824, 137.624069214, 438.659088135, 214.676208496, 357.251983643, 348.398651123, 149.79838562, 124.907226563, 65.5765075684, 189.51713562, 799.522949219, 2177.93188477, 2573.60668945, 1380.81481934, 1562.98535156, 1124.60510254, 412.194732666, 366.290344238, 285.750366211, 228.289505005, 194.968078613, 123.188224792, 55.6484642029, 34.1850700378, 24.4298706055, 25.3389263153, 22.0458755493, 5.38958215714, 1.20171976089, 0.436668038368, 0.0900228619576, 0.0172970332205, 0.000421992270276, 9.0785312068e-07], "dmean": [0.0281009171158, 0.31995344162, 1.4707120657, 3.40511369705, 6.2798371315, 6.4653377533, 5.80624103546, 7.06212043762, 8.45623111725, 7.46098566055, 7.46208190918, 8.80282020569, 7.22518348694, 5.33865118027, 4.45616579056, 6.56038093567, 8.98550510406, 13.5954771042, 17.782283783, 18.1299533844, 28.1139774323, 20.3538169861, 13.3170547485, 12.2954158783, 9.48536205292, 8.98965167999, 7.87132835388, 6.17646312714, 4.16986751556, 3.15266895294, 2.45365691185, 1.9059343338, 1.47763478756, 0.889598548412, 0.426374822855, 0.256723403931, 0.113404452801, 0.0451495200396, 0.00650983536616, 0.00029985155561], "max": [0.537525773048, 5.96620368958, 33.2224121094, 58.755771637, 94.1851425171, 96.5837860107, 272.470916748, 392.340057373, 773.194885254, 362.545562744, 447.023864746, 369.873016357, 376.295593262, 448.259643555, 249.971328735, 459.411590576, 1398.42871094, 1441.12463379, 2257.93579102, 959.463867188, 1338.87231445, 896.676330566, 403.842803955, 314.99420166, 368.321166992, 300.294372559, 430.487609863, 289.293212891, 256.443756104, 126.801651001, 234.368286133, 202.872528076, 193.047149658, 68.7928314209, 18.8866214752, 10.7467021942, 3.85189247131, 1.78629398346, 0.288886159658, 0.0131702590734], "var": [0.00410105334595, 0.595529258251, 10.1587553024, 36.8557167053, 95.3915634155, 111.373443604, 140.281921387, 269.276031494, 843.42578125, 370.034942627, 619.46484375, 638.543395996, 350.3097229, 436.655273438, 165.479156494, 420.037109375, 1671.20605469, 4833.57373047, 5202.54199219, 3005.26391602, 4009.9909668, 3251.9206543, 1251.0748291, 1023.96850586, 1037.0904541, 993.866027832, 882.099609375, 580.610412598, 227.382202148, 140.103820801, 87.8329925537, 69.7305831909, 46.7154808044, 10.0250482559, 1.8028113842, 0.738403201103, 0.135466367006, 0.0238400585949, 0.000493216793984, 9.99245912681e-07], "mean": [0.060325589031, 0.882984280586, 3.18974256516, 5.93231678009, 10.3783102036, 11.037861824, 11.0904312134, 13.3668632507, 15.22057724, 12.9076442719, 12.9531593323, 15.8353404999, 14.2179145813, 10.3779439926, 8.95291996002, 11.9864778519, 15.1141576767, 22.8336086273, 31.660364151, 37.2992782593, 58.1275520325, 45.528793335, 31.5098114014, 29.2919368744, 23.6121082306, 24.0352172852, 21.6272201538, 16.8945064545, 10.974319458, 7.86036062241, 6.20605564117, 4.47056150436, 3.15281033516, 1.64429247379, 0.671057701111, 0.382426351309, 0.152590468526, 0.0536724105477, 0.00713670346886, 0.000343871972291]}, "spectral_strongpeak": {"dmean2": 0.570256471634, "median": 0.36994946003, "min": 0, "dvar2": 1.35384857655, "dvar": 0.538717210293, "dmean": 0.334641724825, "max": 9.65892982483, "var": 0.775129437447, "mean": 0.587635219097}, "spectral_energy": {"dmean2": 0.00814911630005, "median": 0.0226016510278, "min": 1.0391054164e-20, "dvar2": 8.56621263665e-05, "dvar": 3.49571710103e-05, "dmean": 0.00515154562891, "max": 0.0644396692514, "var": 0.000124634883832, "mean": 0.023053560406}, "average_loudness": 0.939151644707, "spectral_rolloff": {"dmean2": 940.154785156, "median": 2217.91992188, "min": 107.666015625, "dvar2": 2165811.75, "dvar": 955583.4375, "dmean": 586.138244629, "max": 21081.0058594, "var": 4731217.5, "mean": 2314.84082031}, "spectral_centroid": {"dmean2": 357.951812744, "median": 1758.63305664, "min": 159.517120361, "dvar2": 111413.164063, "dvar": 53276.5, "dmean": 233.68788147, "max": 10774.625, "var": 529855.8125, "mean": 1727.86730957}, "pitch_salience": {"dmean2": 0.0971403717995, "median": 0.60752505064, "min": 0.134950399399, "dvar2": 0.00688567385077, "dvar": 0.0025993057061, "dmean": 0.0588715076447, "max": 0.993469119072, "var": 0.00762637984008, "mean": 0.600204885006}, "spectral_energyband_middle_high": {"dmean2": 0.00214843451977, "median": 0.00366166862659, "min": 1.4570681477e-21, "dvar2": 1.00524412119e-05, "dvar": 5.07184540766e-06, "dmean": 0.00149428285658, "max": 0.0460887141526, "var": 2.78797833744e-05, "mean": 0.00530771212652}, "spectral_contrast_coeffs": {"dmean2": [0.0800105780363, 0.0739995017648, 0.0591233074665, 0.0491936057806, 0.0344042442739, 0.0290011465549], "median": [-0.632553815842, -0.751173913479, -0.778046190739, -0.776398360729, -0.783077895641, -0.731412291527], "min": [-0.987233459949, -0.985306382179, -0.984892606735, -0.98171120882, -0.963863134384, -0.979237377644], "dvar2": [0.00410473207012, 0.00337895867415, 0.00210969825275, 0.00148629420437, 0.000768406549469, 0.00074819510337], "dvar": [0.00157666124869, 0.00127881241497, 0.00085298839258, 0.000604765722528, 0.000322709878674, 0.000341050355928], "dmean": [0.0480943061411, 0.0450088828802, 0.0366117246449, 0.0305388327688, 0.0213756300509, 0.01870669052], "max": [-0.304506927729, -0.42576187849, -0.444538891315, -0.562171816826, -0.574515581131, -0.579575479031], "var": [0.00592755293474, 0.00423422735184, 0.00352049921639, 0.0027035002131, 0.00148491968866, 0.00245254742913], "mean": [-0.623215913773, -0.745557665825, -0.773267030716, -0.772372484207, -0.781653225422, -0.73711001873]}, "melbands_skewness": {"dmean2": 0.976025044918, "median": 2.64145302773, "min": -0.891105532646, "dvar2": 1.1057933569, "dvar": 0.474194079638, "dmean": 0.622511148453, "max": 15.9445610046, "var": 2.19828057289, "mean": 2.89934659004}, "spectral_spread": {"dmean2": 795745.625, "median": 4445191, "min": 1553173, "dvar2": 1323542118400.0, "dvar": 752391684096, "dmean": 576479.4375, "max": 39996224, "var": 2782901829630.0, "mean": 4872822.5}, "dissonance": {"dmean2": 0.0176824498922, "median": 0.482485681772, "min": 0.245726123452, "dvar2": 0.000325590197463, "dvar": 0.000130993197672, "dmean": 0.0105986250564, "max": 0.500000059605, "var": 0.000416476977989, "mean": 0.477450847626}, "spectral_skewness": {"dmean2": 0.245286002755, "median": 1.23856282234, "min": -0.0843380615115, "dvar2": 0.0753290131688, "dvar": 0.0334648005664, "dmean": 0.156606629491, "max": 4.72115468979, "var": 0.172284021974, "mean": 1.29432487488}, "spectral_flux": {"dmean2": 0.0267592072487, "median": 0.0727331712842, "min": 1.01936521724e-10, "dvar2": 0.000768854224589, "dvar": 0.000337959791068, "dmean": 0.0174885932356, "max": 0.220503777266, "var": 0.00108781596646, "mean": 0.0760076269507}, "spectral_contrast_valleys": {"dmean2": [0.614602208138, 0.530367076397, 0.480233818293, 0.418736994267, 0.319205731153, 0.369778156281], "median": [-6.83938026428, -6.59065008163, -7.37151861191, -7.50723314285, -6.90419244766, -9.72131443024], "min": [-27.400894165, -27.1241550446, -26.8796348572, -27.1077423096, -27.3272743225, -27.1438541412], "dvar2": [0.308931469917, 0.190381273627, 0.160538509488, 0.148906052113, 0.131483778358, 0.265635579824], "dvar": [0.139670789242, 0.0850825235248, 0.0756073370576, 0.0822909772396, 0.0811189860106, 0.151597946882], "dmean": [0.373440891504, 0.323359459639, 0.301335513592, 0.276553213596, 0.221447944641, 0.292046427727], "max": [-5.68470954895, -4.9853105545, -5.79540729523, -5.59460926056, -5.46980905533, -7.5957531929], "var": [1.30868327618, 1.11618065834, 1.07263362408, 1.17509067059, 1.39104652405, 1.29544568062], "mean": [-7.10104608536, -6.74044656754, -7.49862194061, -7.64679765701, -7.1455039978, -9.86542129517]}, "erbbands_flatness_db": {"dmean2": 0.0210121683776, "median": 0.124449059367, "min": 0.0346350297332, "dvar2": 0.000482437346363, "dvar": 0.000258123880485, "dmean": 0.0148720210418, "max": 0.29820483923, "var": 0.00126650452148, "mean": 0.12569385767}, "spectral_energyband_high": {"dmean2": 0.000743693730328, "median": 0.000925885105971, "min": 7.72290555003e-21, "dvar2": 1.48881042605e-06, "dvar": 7.62620970818e-07, "dmean": 0.000532578676939, "max": 0.0164273530245, "var": 4.55258077636e-06, "mean": 0.0017193055246}, "spectral_entropy": {"dmean2": 0.18183490634, "median": 7.8417301178, "min": 5.21502923965, "dvar2": 0.0482406690717, "dvar": 0.025068776682, "dmean": 0.125722512603, "max": 9.81597042084, "var": 0.142176121473, "mean": 7.78261613846}, "silence_rate_20dB": {"dmean2": 0, "median": 1, "min": 1, "dvar2": 0, "dvar": 0, "dmean": 0, "max": 1, "var": 0, "mean": 1}, "melbands_flatness_db": {"dmean2": 0.0317667797208, "median": 0.152761474252, "min": 0.00755281001329, "dvar2": 0.00104547070805, "dvar": 0.000493390660267, "dmean": 0.0211412906647, "max": 0.516638696194, "var": 0.00387661391869, "mean": 0.164877548814}, "barkbands": {"dmean2": [0.000103770886199, 0.00196348829195, 0.00254543614574, 0.00234132749029, 0.00325425365008, 0.00120953423902, 0.000946586369537, 0.000518857617863, 0.000642706698272, 0.000256546889432, 0.000189530386706, 0.000281744636595, 0.000336488039466, 0.000489946571179, 0.000622832216322, 0.000769083853811, 0.00060094735818, 0.000378219323466, 0.000367809494492, 0.00030755228363, 0.000264157977654, 0.000162090465892, 0.000136280665174, 0.000127024468384, 9.49872410274e-05, 9.54496790655e-05, 5.91048847127e-05], "median": [1.21511984617e-05, 0.00265792990103, 0.00195291824639, 0.00137182523031, 0.00287414947525, 0.00101008825004, 0.000464790151455, 0.000244125345489, 0.00052