{"tonal": {"thpcp": [1, 0.946792304516, 0.522109746933, 0.242622122169, 0.17622345686, 0.180648252368, 0.261406034231, 0.343032449484, 0.242714166641, 0.116797998548, 0.129145935178, 0.179272070527, 0.308500438929, 0.380653858185, 0.271554261446, 0.197125047445, 0.166963711381, 0.113772958517, 0.0965473651886, 0.119018420577, 0.194074988365, 0.528625845909, 0.840456962585, 0.533162355423, 0.155873015523, 0.101351305842, 0.0896615535021, 0.176229462028, 0.281632095575, 0.23058398068, 0.143243953586, 0.104222729802, 0.0801072344184, 0.138701632619, 0.262325316668, 0.589926421642], "hpcp": {"dmean2": [0.197730794549, 0.216138094664, 0.163340374827, 0.137175545096, 0.120349802077, 0.107341870666, 0.0996853709221, 0.125854790211, 0.192812010646, 0.289217889309, 0.319782167673, 0.268449902534, 0.153026252985, 0.111267246306, 0.0929312780499, 0.119589395821, 0.143497243524, 0.138809204102, 0.110477931798, 0.089969612658, 0.0853887274861, 0.121714994311, 0.234263285995, 0.344398379326, 0.394761413336, 0.380674898624, 0.360808223486, 0.263384819031, 0.204762592912, 0.209717407823, 0.217615291476, 0.226118534803, 0.179054483771, 0.123114347458, 0.133128479123, 0.155113890767], "median": [0.0679318830371, 0.0948993265629, 0.06202147156, 0.031729016453, 0.024663425982, 0.0156860798597, 0.0148639436811, 0.0176639966667, 0.0348798930645, 0.193461447954, 0.338881105185, 0.200577154756, 0.0306464508176, 0.0134910307825, 0.0118728214875, 0.0200389958918, 0.0350536927581, 0.042495701462, 0.0349423587322, 0.0208338946104, 0.00931822229177, 0.028394240886, 0.0559938326478, 0.214872092009, 0.498979300261, 0.468488514423, 0.167524635792, 0.0405763462186, 0.0228688716888, 0.021570539102, 0.0528149791062, 0.0834525674582, 0.0564965903759, 0.017146743834, 0.0120824212208, 0.0188119076192], "min": [0, 0, 0, 0, 0, 0, 0, 0, 0, 0, 0, 0, 0, 0, 0, 0, 0, 0, 0, 0, 0, 0, 0, 0, 0, 0, 0, 0, 0, 0, 0, 0, 0, 0, 0, 0], "dvar2": [0.0829386934638, 0.085501730442, 0.0609282962978, 0.0607723966241, 0.0516286306083, 0.0542702004313, 0.0489675812423, 0.0552619472146, 0.0779281929135, 0.0959871560335, 0.100552506745, 0.0805481001735, 0.0654723718762, 0.0548799596727, 0.0399250462651, 0.0524223260581, 0.0558986775577, 0.0550431199372, 0.0389373339713, 0.0356072895229, 0.0453292429447, 0.0463833361864, 0.101515136659, 0.119310639799, 0.146201834083, 0.126849010587, 0.147889643908, 0.130708932877, 0.11536424607, 0.122172936797, 0.117313399911, 0.110248230398, 0.0834510102868, 0.0655653178692, 0.0782446712255, 0.0777409896255], "dvar": [0.0331978350878, 0.0344283394516, 0.0233636219054, 0.0221736244857, 0.0184513553977, 0.0195791013539, 0.0176091659814, 0.0193175934255, 0.0280477646738, 0.0364366136491, 0.0449145026505, 0.0319475643337, 0.0240895692259, 0.0200528036803, 0.0147408535704, 0.0195786077529, 0.0233727321029, 0.0212762895972, 0.0142245711759, 0.0129153709859, 0.0159197729081, 0.0170934479684, 0.0377448946238, 0.0476585999131, 0.0585282817483, 0.0490554235876, 0.0536768622696, 0.0467962287366, 0.041590757668, 0.0439264401793, 0.042801655829, 0.0413527563214, 0.0306433197111, 0.0235057566315, 0.0294013172388, 0.0309029240161], "dmean": [0.1175590083, 0.131710365415, 0.0963488891721, 0.0800151750445, 0.0692244842649, 0.0593271255493, 0.0551820211112, 0.0698806419969, 0.108573779464, 0.171640053391, 0.197335496545, 0.162619441748, 0.0863148272038, 0.0612391158938, 0.0516841635108, 0.0692040398717, 0.0854034051299, 0.0807199329138, 0.0632884129882, 0.0509066022933, 0.0471400804818, 0.0692280381918, 0.132491156459, 0.204772785306, 0.230976447463, 0.226673424244, 0.204596474767, 0.144662514329, 0.11216532439, 0.114796519279, 0.122530944645, 0.133035808802, 0.103409096599, 0.0677808225155, 0.0749224722385, 0.0886016339064], "max": [1, 1, 1, 1, 1, 1, 1, 1, 1, 1, 1, 1, 1, 1, 1, 1, 1, 1, 1, 1, 1, 1, 1, 1, 1, 1, 1, 1, 1, 1, 1, 1, 1, 1, 1, 1], "var": [0.0507040694356, 0.0630066096783, 0.0427482239902, 0.0317563787103, 0.0245088618249, 0.0188793819398, 0.0145855508745, 0.0162949692458, 0.0277774967253, 0.0636683925986, 0.115960612893, 0.0610228478909, 0.0218062587082, 0.0168632324785, 0.0134590193629, 0.0322041884065, 0.0633518621325, 0.038058552891, 0.0140452040359, 0.0122944647446, 0.0132094789296, 0.0157644879073, 0.0383872389793, 0.0828094854951, 0.130927011371, 0.110914245248, 0.0783778727055, 0.0411804430187, 0.0317320041358, 0.0348089262843, 0.0477458313107, 0.0556097216904, 0.0345647074282, 0.0184676852077, 0.0273632165045, 0.0384564399719], "mean": [0.160860747099, 0.198483556509, 0.141595974565, 0.102786503732, 0.0870595425367, 0.0593243986368, 0.0503424927592, 0.0620595291257, 0.101196117699, 0.275640279055, 0.438237726688, 0.278005748987, 0.0812765434384, 0.0528474003077, 0.0467520393431, 0.0918909609318, 0.146850839257, 0.120232924819, 0.0746913999319, 0.0543446429074, 0.0417701490223, 0.0723229050636, 0.136783748865, 0.30760410428, 0.521427929401, 0.493683964014, 0.272242605686, 0.126509949565, 0.0918878316879, 0.0941950455308, 0.136304408312, 0.178866699338, 0.126557946205, 0.0609017387033, 0.0673402994871, 0.0934774652123]}, "tuning_equal_tempered_deviation": 0.306251734495, "chords_changes_rate": 0.0335554480553, "key_key": "F", "tuning_diatonic_strength": 0.775004208088, "key_scale": "major", "chords_number_rate": 0.00118990952615, "tuning_frequency": 434.193115234, "tuning_nontempered_energy_ratio": 0.934782445431, "chords_histogram": [75.035697937, 1.16611135006, 0.90433126688, 0, 0.809138476849, 0, 0.380771070719, 0, 0.832936704159, 0, 0, 0, 0, 0, 0, 0.0237981919199, 0.118990957737, 8.61494541168, 0, 0.90433126688, 0, 0.951927661896, 2.35602092743, 7.90099954605], "key_strength": 0.877726376057, "chords_key": "F", "chords_strength": {"dmean2": 0.00804507918656, "median": 0.597474336624, "min": -1, "dvar2": 0.00172445632052, "dvar": 0.000907462323084, "dmean": 0.00742668146268, "max": 0.850251972675, "var": 0.0280155241489, "mean": 0.587435781956}, "chords_scale": "major", "hpcp_entropy": {"dmean2": 0.878774106503, "median": 2.04174518585, "min": 0, "dvar2": 0.556597173214, "dvar": 0.214671522379, "dmean": 0.531193733215, "max": 4.321413517, "var": 0.47673279047, "mean": 1.99352967739}}, "metadata": {"audio_properties": {"equal_loudness": 0, "codec": "flac", "downmix": "mix", "sample_rate": 44100, "analysis_sample_rate": 44100, "bit_rate": 0, "md5_encoded": "33bfc12501afc264526aa3a8b28c1e79", "length": 195.093338013, "replay_gain": -12.5441226959, "lossless": true}, "version": {"essentia_build_sha": "2d9f1f26377add8aeb1075a9c2973f962c4f09fd", "essentia": "2.1-beta2", "extractor": "music 1.0", "essentia_git_sha": "v2.1_beta2-1-ge3940c0"}, "tags": {"title": ["Dirty Diesel"], "media": ["CD"], "albumartist": ["Various Artists"], "tracktotal": ["15"], "musicbrainz_releasegroupid": ["b4fed684-d044-3761-a327-2dd5a02ed6f0"], "releasetype": ["album", "compilation"], "musicbrainz_recordingid": ["1d57efe4-41a6-43eb-91a4-207c6af2373f"], "originalyear": ["2008"], "musicbrainz_releasetrackid": ["0e3288c4-1ec0-3d9d-8379-70ab46a1ce15"], "discnumber": ["1"], "album": ["Ooh-La-La: Rock'n'Roll in the Spirit of the Faces"], "catalognumber": ["UNCUT 2008 03"], "releasecountry": ["GB"], "compilation": ["1"], "musicbrainz_albumartistid": ["89ad4ac3-39f7-470e-963a-56509c546377"], "albumartistsort": ["Various Artists"], "date": ["2008-02-07"], "file_name": "816cf02c43ec9cefc139689bef6f.flac", "disctotal": ["1"], "acoustid_id": ["129e816c-f02c-43ec-9cef-c139689bef6f"], "musicbrainz_artistid": ["d558f844-4db0-4bc3-ba22-49ad2ca2722e"], "originaldate": ["2008-02-07"], "musicbrainz_albumid": ["5698de8a-ba37-426c-a691-a7b7e973ff6d"], "tracknumber": ["1"], "artistsort": ["Westerberg, Paul"], "artist": ["Paul Westerberg"], "label": ["Uncut Magazine"], "releasestatus": ["promotion"], "totaldiscs": ["1"], "script": ["Latn"], "totaltracks": ["15"]}}, "rhythm": {"bpm_histogram_first_peak_bpm": {"dmean2": 0, "median": 110, "min": 110, "dvar2": 0, "dvar": 0, "dmean": 0, "max": 110, "var": 0, "mean": 110}, "bpm": 109.900726318, "bpm_histogram_second_peak_spread": {"dmean2": 0, "median": 0.428571462631, "min": 0.428571462631, "dvar2": 0, "dvar": 0, "dmean": 0, "max": 0.428571462631, "var": 0, "mean": 0.428571462631}, "bpm_histogram_first_peak_weight": {"dmean2": 0, "median": 0.583098590374, "min": 0.583098590374, "dvar2": 0, "dvar": 0, "dmean": 0, "max": 0.583098590374, "var": 0, "mean": 0.583098590374}, "onset_rate": 2.57809019089, "beats_position": [0.510838985443, 1.04489791393, 1.5673469305, 2.07818579674, 2.60063481331, 3.13469386101, 3.66875267029, 4.19120168686, 4.71365070343, 5.25931978226, 5.80498838425, 6.3622674942, 6.91954612732, 7.45360517502, 7.98766422272, 8.52172279358, 9.07900238037, 9.62467098236, 10.1703395844, 10.71600914, 11.261677742, 11.807346344, 12.3530158997, 12.8986845016, 13.4443531036, 13.9900226593, 14.5356912613, 15.0813598633, 15.6270294189, 16.1610889435, 16.7183666229, 17.2524261475, 17.8097057343, 18.3553733826, 18.9010429382, 19.458322525, 20.0156002045, 20.549659729, 21.0953292847, 21.640996933, 22.1750564575, 22.7323360443, 23.2780036926, 23.8236732483, 24.369342804, 24.9266204834, 25.4722900391, 26.0295696259, 26.5752372742, 27.1209068298, 27.6781845093, 28.2238540649, 28.7695236206, 29.3035831451, 29.8376407623, 30.383310318, 30.9289798737, 31.4630374908, 32.0087051392, 32.5543746948, 33.1000442505, 33.6457138062, 34.1797714233, 34.7370529175, 35.2827186584, 35.8167800903, 36.362449646, 36.908115387, 37.4537849426, 38.0110664368, 38.5567321777, 39.1140136719, 39.6712913513, 40.216960907, 40.7510185242, 41.2966880798, 41.8423576355, 42.3880271912, 42.9336967468, 43.4909744263, 44.0250320435, 44.5707015991, 45.1279792786, 45.6852607727, 46.2309303284, 46.7765960693, 47.322265625, 47.8795471191, 48.4252128601, 48.9708824158, 49.5049438477, 50.0506095886, 50.5962791443, 51.1303405762, 51.6760063171, 52.2216758728, 52.7789573669, 53.3246231079, 53.8702926636, 54.4159622192, 54.9616317749, 55.4956893921, 56.0413589478, 56.5870285034, 57.1326980591, 57.6783676147, 58.2356452942, 58.7813148499, 59.3269844055, 59.8726501465, 60.4183197021, 60.9639892578, 61.5096588135, 62.0553283691, 62.6009979248, 63.1466636658, 63.6923332214, 64.2380065918, 64.7836685181, 65.3293380737, 65.8750076294, 66.4206771851, 66.9663467407, 67.5120162964, 68.0576858521, 68.6033554077, 69.1490249634, 69.7062988281, 70.2635803223, 70.8092498779, 71.3549194336, 71.9005889893, 72.4462585449, 72.9919281006, 73.5375976563, 74.0832672119, 74.6289291382, 75.1745986938, 75.7202682495, 76.2659378052, 76.8116073608, 77.345664978, 77.8913345337, 78.4370040894, 78.9942855835, 79.5515594482, 80.1088409424, 80.6428985596, 81.1885681152, 81.7342376709, 82.2682952881, 82.8139648438, 83.3596343994, 83.8936920166, 84.4277572632, 84.9734191895, 85.5190887451, 86.0763702393, 86.6104278564, 87.1560974121, 87.7017669678, 88.2474365234, 88.7814941406, 89.3387756348, 89.8844451904, 90.4417190552, 90.9990005493, 91.544670105, 92.0903396606, 92.6360092163, 93.181678772, 93.7273483276, 94.2846221924, 94.8419036865, 95.3875732422, 95.9216308594, 96.4556884766, 97.0013580322, 97.5470275879, 98.104309082, 98.6615829468, 99.2072525024, 99.7529220581, 100.298591614, 100.844261169, 101.378318787, 101.923988342, 102.469657898, 103.015327454, 103.560997009, 104.095054626, 104.640724182, 105.186393738, 105.732063293, 106.277732849, 106.823402405, 107.38067627, 107.937957764, 108.483627319, 109.029296875, 109.574966431, 110.120635986, 110.666305542, 111.211967468, 111.757637024, 112.291702271, 112.825759888, 113.383033752, 113.940315247, 114.474372864, 115.008430481, 115.554100037, 116.122993469, 116.668663025, 117.214332581, 117.759994507, 118.305664063, 118.851333618, 119.397003174, 119.954284668, 120.488342285, 121.034011841, 121.579681396, 122.113739014, 122.659408569, 123.205078125, 123.762359619, 124.319633484, 124.86530304, 125.410972595, 125.945030212, 126.490699768, 127.036369324, 127.582038879, 128.127700806, 128.673370361, 129.219039917, 129.776321411, 130.310379028, 130.856048584, 131.40171814, 131.947387695, 132.493057251, 133.050338745, 133.607620239, 134.141677856, 134.698959351, 135.244628906, 135.790298462, 136.335968018, 136.881637573, 137.41569519, 137.972961426, 138.518630981, 139.064300537, 139.598358154, 140.14402771, 140.689697266, 141.223754883, 141.769424438, 142.315093994, 142.86076355, 143.406433105, 143.940490723, 144.497772217, 145.043441772, 145.589111328, 146.158004761, 146.715286255, 147.260955811, 147.818222046, 148.363891602, 148.909561157, 149.443618774, 149.98928833, 150.534957886, 151.080627441, 151.626296997, 152.160354614, 152.694412231, 153.228485107, 153.785751343, 154.331420898, 154.877090454, 155.434371948, 155.980041504, 156.52571106, 157.082992554, 157.640274048, 158.185943604, 158.731613159, 159.277282715, 159.811340332, 160.357009888, 160.902679443, 161.448348999, 162.005615234, 162.539672852, 163.073745728, 163.607803345, 164.16506958, 164.710739136, 165.256408691, 165.813690186, 166.37097168, 166.916641235, 167.462310791, 167.996368408, 168.553649902, 169.099319458, 169.644989014, 170.190658569, 170.736328125, 171.270385742, 171.827667236, 172.384933472, 172.942214966, 173.476272583, 174.0103302, 174.555999756, 175.101669312, 175.635726929, 176.169799805, 176.703857422, 177.261123657, 177.818405151, 178.375686646, 178.93296814, 179.490249634, 180.024307251, 180.569976807, 181.115646362, 181.672927856, 182.218597412, 182.764266968, 183.298324585, 183.843994141, 184.389663696, 184.923721313, 185.469390869, 186.026657104, 186.583938599, 187.129608154, 187.67527771, 188.220947266, 188.766616821, 189.323898315, 189.88117981, 190.438461304, 190.995727539, 191.553009033, 192.121902466, 192.690795898, 193.271286011, 193.851791382, 194.432281494], "beats_loudness": {"dmean2": 0.0232198610902, "median": 0.0474354997277, "min": 0, "dvar2": 0.000472013780382, "dvar": 0.00015134352725, "dmean": 0.0135450847447, "max": 0.0908425971866, "var": 0.000369321758626, "mean": 0.0463839694858}, "danceability": 1.08121311665, "bpm_histogram_second_peak_weight": {"dmean2": 0, "median": 0.0112676052377, "min": 0.0112676052377, "dvar2": 0, "dvar": 0, "dmean": 0, "max": 0.0112676052377, "var": 0, "mean": 0.0112676052377}, "beats_count": 356, "bpm_histogram_second_peak_bpm": {"dmean2": 0, "median": 105, "min": 105, "dvar2": 0, "dvar": 0, "dmean": 0, "max": 105, "var": 0, "mean": 105}, "bpm_histogram_first_peak_spread": {"dmean2": 0, "median": 0.396501451731, "min": 0.396501451731, "dvar2": 0, "dvar": 0, "dmean": 0, "max": 0.396501451731, "var": 0, "mean": 0.396501451731}, "beats_loudness_band_ratio": {"dmean2": [0.611276328564, 0.611478745937, 0.142858490348, 0.112574025989, 0.0999546051025, 0.147002652287], "median": [0.378172814846, 0.213612616062, 0.101331934333, 0.053540661931, 0.0466221123934, 0.0665978118777], "min": [0, 0, 0, 0, 0, 0], "dvar2": [0.103197291493, 0.11475264281, 0.0226570684463, 0.0139698097482, 0.0130807543173, 0.00690316502005], "dvar": [0.0327048301697, 0.0340096503496, 0.00824734102935, 0.00498982286081, 0.00427040131763, 0.00211968040094], "dmean": [0.311356812716, 0.310027480125, 0.0836065262556, 0.0631422176957, 0.0558553077281, 0.0748490020633], "max": [0.928960442543, 0.799930810928, 0.780469179153, 0.537782251835, 0.531320393085, 0.264115542173], "var": [0.0481056533754, 0.0425682589412, 0.0100624952465, 0.00471559073776, 0.00385019276291, 0.00267904181965], "mean": [0.413178384304, 0.268700271845, 0.129691913724, 0.0736629366875, 0.0650033205748, 0.0755447223783]}}, "lowlevel": {"barkbands_spread": {"dmean2": 7.45115804672, "median": 22.3839645386, "min": 0.768948793411, "dvar2": 68.8393554688, "dvar": 32.1535224915, "dmean": 4.94482660294, "max": 91.4102401733, "var": 162.079025269, "mean": 23.7177696228}, "melbands_spread": {"dmean2": 8.74488925934, "median": 20.4804019928, "min": 0.866161167622, "dvar2": 98.3696746826, "dvar": 39.2780570984, "dmean": 5.52462053299, "max": 155.975067139, "var": 358.329925537, "mean": 24.1436862946}, "hfc": {"dmean2": 8.04454612732, "median": 27.2672634125, "min": 1.07981487269e-16, "dvar2": 115.233642578, "dvar": 54.3748931885, "dmean": 5.41671705246, "max": 112.652305603, "var": 306.765258789, "mean": 28.9114837646}, "barkbands_kurtosis": {"dmean2": 3.89103913307, "median": 1.61112034321, "min": -1.84592878819, "dvar2": 57.4958076477, "dvar": 22.2190380096, "dmean": 2.37498259544, "max": 111.879905701, "var": 41.8020935059, "mean": 3.53925037384}, "gfcc": {"mean": [17.6109733582, 91.8382797241, -98.2260437012, 21.7333335876, -47.615776062, 11.7190675735, -37.5690155029, 13.1273937225, -19.304517746, 2.81340289116, -13.5898504257, 1.38229882717, -10.8223371506], "icov": [[7.12223845767e-05, -6.3294377469e-05, 0.000105169950984, -8.71592346812e-05, 0.000169604696566, -0.000157055386808, 0.00032800444751, -0.000246762559982, 0.000236311694607, -0.00036382273538, 0.0004053323064, -0.000406403356465, 0.000350650341716], [-6.3294377469e-05, 0.00126888707746, 0.000332082301611, 0.000198377121706, -2.11132974073e-05, -0.000128688232508, 0.000414507376263, -0.0003809221962, -0.00055951194372, 0.00222211773507, -0.00220204493962, 0.00277626607567, -0.00118608062621], [0.000105169950984, 0.000332082301611, 0.0016419228632, 0.0006559912581, 0.000657571712509, -0.000129115738673, -0.000183443844435, 0.000497468805406, -0.000579632935114, 0.000339010555763, 0.000940360710956, -0.00137927208561, 0.00145025074016], [-8.71592346812e-05, 0.000198377121706, 0.0006559912581, 0.00501768523827, -0.000239388435148, -0.000289107178105, 0.000194587642909, 0.00127275963314, -0.00193987414241, 0.00121222052258, -0.000337574165314, -0.000107285835838, -0.000717813498341], [0.000169604696566, -2.11132974073e-05, 0.000657571712509, -0.000239388435148, 0.00425418280065, -0.000771954772063, -0.000913871568628, -0.000293545221211, -0.000967604573816, -0.000821066030767, 0.00029530422762, -0.000299901032122, 0.000725449586753], [-0.000157055386808, -0.000128688232508, -0.000129115738673, -0.000289107178105, -0.000771954772063, 0.0093425149098, -0.00373765872791, -0.000147784419823, 0.00162919657305, -0.00197448441759, 0.00119402236305, -7.12135661161e-05, -0.000204633572139], [0.00032800444751, 0.000414507376263, -0.000183443844435, 0.000194587642909, -0.000913871568628, -0.00373765872791, 0.014099707827, -0.0040705697611, -0.000486889504828, 0.00116651842836, -0.00279604503885, 0.00125300977379, -0.000311200827127], [-0.000246762559982, -0.0003809221962, 0.000497468805406, 0.00127275963314, -0.000293545221211, -0.000147784419823, -0.0040705697611, 0.0150381335989, -0.00451806653291, 0.00121934665367, 0.0015249394346, -0.00313297915272, 0.00326204532757], [0.000236311694607, -0.00055951194372, -0.000579632935114, -0.00193987414241, -0.000967604573816, 0.00162919657305, -0.000486889504828, -0.00451806653291, 0.0171238183975, -0.00713648600504, 0.00222904793918, 0.00191714451648, -0.00329807517119], [-0.00036382273538, 0.00222211773507, 0.000339010555763, 0.00121222052258, -0.000821066030767, -0.00197448441759, 0.00116651842836, 0.00121934665367, -0.00713648600504, 0.0230729933828, -0.00889221765101, 0.00314620020799, 0.00169339298736], [0.0004053323064, -0.00220204493962, 0.000940360710956, -0.000337574165314, 0.00029530422762, 0.00119402236305, -0.00279604503885, 0.0015249394346, 0.00222904793918, -0.00889221765101, 0.0231889300048, -0.00986215937883, 0.00260287430137], [-0.000406403356465, 0.00277626607567, -0.00137927208561, -0.000107285835838, -0.000299901032122, -7.12135661161e-05, 0.00125300977379, -0.00313297915272, 0.00191714451648, 0.00314620020799, -0.00986215937883, 0.0259313713759, -0.0116969887167], [0.000350650341716, -0.00118608062621, 0.00145025074016, -0.000717813498341, 0.000725449586753, -0.000204633572139, -0.000311200827127, 0.00326204532757, -0.00329807517119, 0.00169339298736, 0.00260287430137, -0.0116969887167, 0.0246307495981]], "cov": [[32328.0371094, 604.210754395, -1691.0645752, 404.971282959, -1071.25048828, 283.190734863, -817.60925293, 320.107635498, -408.389770508, 211.103378296, -329.59564209, 167.048797607, -293.62109375], [604.210754395, 1570.8001709, -553.989868164, 49.9231109619, 31.1850070953, -12.9957742691, -29.2894630432, 26.7549037933, 14.3329076767, -93.354888916, 58.2896995544, -135.140594482, 34.1733055115], [-1691.0645752, -553.989868164, 1027.09179688, -143.3802948, -86.4097518921, -14.9882068634, 40.5717658997, -31.8045215607, 4.6872587204, -1.90587484837, -32.8722267151, 53.6781463623, -30.3868656158], [404.971282959, 49.9231109619, -143.3802948, 236.550506592, 17.8049182892, 4.97297430038, -14.771727562, -8.81404972076, 17.7736740112, -1.58912682533, 1.4055917263, 0.404504239559, 15.0050153732], [-1071.25048828, 31.1850070953, -86.4097518921, 17.8049182892, 318.149871826, 24.8180732727, 58.9893379211, 11.3599491119, 40.9290733337, 12.1446113586, 19.5193004608, -16.1390457153, 7.35395765305], [283.190734863, -12.9957742691, -14.9882068634, 4.97297430038, 24.8180732727, 130.490203857, 31.5334625244, 13.50228405, -6.40428733826, 12.4865465164, -3.14448666573, 1.06825053692, -5.54300928116], [-817.60925293, -29.2894630432, 40.5717658997, -14.771727562, 58.9893379211, 31.5334625244, 113.753059387, 20.2400283813, 17.955373764, 0.0175763014704, 16.0840129852, -3.36317896843, 3.79738998413], [320.107635498, 26.7549037933, -31.8045215607, -8.81404972076, 11.3599491119, 13.50228405, 20.2400283813, 88.0504379272, 17.3735179901, 3.34161520004, -4.27471828461, 2.66734409332, -9.46587467194], [-408.389770508, 14.3329076767, 4.6872587204, 17.7736740112, 40.9290733337, -6.40428733826, 17.955373764, 17.3735179901, 84.6075363159, 18.3538513184, 3.43062973022, -9.14359378815, 8.77578639984], [211.103378296, -93.354888916, -1.90587484837, -1.58912682533, 12.1446113586, 12.4865465164, 0.0175763014704, 3.34161520004, 18.3538513184, 68.1967163086, 14.1838331223, 5.3270778656, -9.3312702179], [-329.59564209, 58.2896995544, -32.8722267151, 1.4055917263, 19.5193004608, -3.14448666573, 16.0840129852, -4.27471828461, 3.43062973022, 14.1838331223, 67.7443618774, 13.3023309708, 8.2863817215], [167.048797607, -135.140594482, 53.6781463623, 0.404504239559, -16.1390457153, 1.06825053692, -3.36317896843, 2.66734409332, -9.14359378815, 5.3270778656, 13.3023309708, 72.7375869751, 19.6002407074], [-293.62109375, 34.1733055115, -30.3868656158, 15.0050153732, 7.35395765305, -5.54300928116, 3.79738998413, -9.46587467194, 8.77578639984, -9.3312702179, 8.2863817215, 19.6002407074, 59.9397392273]]}, "spectral_energyband_middle_low": {"dmean2": 0.00959955714643, "median": 0.0174152813852, "min": 1.57145535185e-22, "dvar2": 0.000158673152328, "dvar": 6.4430598286e-05, "dmean": 0.00590407382697, "max": 0.10658685118, "var": 0.000169355713297, "mean": 0.019311837852}, "melbands_crest": {"dmean2": 5.17691087723, "median": 11.4170246124, "min": 1.61488509178, "dvar2": 22.1159038544, "dvar": 8.36999225616, "dmean": 3.09190392494, "max": 31.9430274963, "var": 19.0140113831, "mean": 12.1193418503}, "spectral_kurtosis": {"dmean2": 2.36572623253, "median": 4.9910697937, "min": -1.26883625984, "dvar2": 8.52444934845, "dvar": 3.32184648514, "dmean": 1.45786118507, "max": 32.8269996643, "var": 11.598733902, "mean": 5.47574615479}, "spectral_rms": {"dmean2": 0.0012773538474, "median": 0.00629009306431, "min": 3.12568482382e-12, "dvar2": 2.0807196961e-06, "dvar": 7.84856922564e-07, "dmean": 0.00077286164742, "max": 0.0138159543276, "var": 3.89513206756e-06, "mean": 0.00605835951865}, "zerocrossingrate": {"dmean2": 0.0113966967911, "median": 0.05517578125, "min": 0.00732421875, "dvar2": 0.000189571845112, "dvar": 0.000139737443533, "dmean": 0.00999058783054, "max": 0.53857421875, "var": 0.00416126241907, "mean": 0.0684674009681}, "silence_rate_60dB": {"dmean2": 0.00428520422429, "median": 0, "min": 0, "dvar2": 0.00498107960448, "dvar": 0.00213776645251, "dmean": 0.00214234716259, "max": 1, "var": 0.0632307678461, "mean": 0.067832916975}, "erbbands_kurtosis": {"dmean2": 1.20222616196, "median": 0.143342122436, "min": -1.77582371235, "dvar2": 2.39477229118, "dvar": 1.06721520424, "dmean": 0.775436580181, "max": 18.7773208618, "var": 4.06951189041, "mean": 0.727378666401}, "erbbands": {"dmean2": [0.204815238714, 2.25676441193, 7.71748161316, 8.72462558746, 11.6699666977, 13.4864625931, 20.4775924683, 43.7919425964, 23.6480083466, 28.4735145569, 33.5976257324, 32.9676475525, 28.288028717, 26.3274555206, 24.8249969482, 18.159696579, 25.2242107391, 26.6267204285, 32.8604469299, 23.0119628906, 24.2416572571, 17.1209049225, 18.7664833069, 15.9969015121, 10.2630958557, 6.81629610062, 4.46132850647, 3.76434445381, 3.91888189316, 3.27510499954, 2.84656763077, 2.35852146149, 1.74259340763, 1.2627696991, 0.598838984966, 0.313085436821, 0.162836030126, 0.0435224957764, 0.00662017706782, 0.00023285903444], "median": [0.177181228995, 1.31682288647, 2.94090628624, 4.68217039108, 7.07993555069, 12.419043541, 17.277431488, 17.4266033173, 16.377904892, 21.7759838104, 23.4551811218, 23.4912700653, 23.6411418915, 16.4095954895, 18.1391429901, 13.9655094147, 18.465379715, 19.7735843658, 20.15832901, 21.2799415588, 18.4539451599, 14.3773927689, 16.6557865143, 13.511013031, 9.0913476944, 6.2432384491, 3.43288087845, 2.31537890434, 2.2040169239, 1.78371012211, 1.513058424, 1.26588094234, 0.853522241116, 0.532473683357, 0.25400519371, 0.102788127959, 0.0350525304675, 0.00620254734531, 0.000492247927468, 7.2785471275e-05], "min": [5.0954075191e-23, 1.99978473528e-22, 1.63815900661e-21, 4.77830453195e-21, 1.09419491818e-20, 2.20985711196e-20, 3.36568029773e-20, 7.52023563708e-20, 1.03080514363e-19, 4.09538963044e-20, 1.8308889349e-19, 2.45440385122e-19, 5.50170491612e-19, 5.79368623067e-19, 7.38815130762e-19, 8.98956728665e-19, 1.95541360904e-18, 2.32608916476e-18, 2.51921619225e-18, 3.07416401379e-18, 2.38024819498e-18, 4.85111568042e-18, 5.71873467158e-18, 6.03585338456e-18, 6.21795223333e-18, 8.33951582175e-18, 7.77362750263e-18, 8.59201683964e-18, 8.55075955222e-18, 1.03685758023e-17, 9.54762468691e-18, 1.07810791932e-17, 9.36372754749e-18, 6.77623710825e-18, 6.00324385686e-18, 4.27937092257e-18, 2.2387417872e-18, 9.85452110188e-19, 2.54555863773e-19, 2.39776912112e-20], "dvar2": [0.0747187510133, 11.3050289154, 220.423721313, 206.97795105, 304.699768066, 391.581298828, 996.628967285, 11076.9443359, 1616.68347168, 2431.47705078, 3596.14990234, 4788.17041016, 2414.38085938, 2216.67236328, 1859.43347168, 1343.89404297, 2513.77246094, 3087.35864258, 4514.98144531, 1322.59069824, 1526.19177246, 1100.3894043, 1023.71624756, 874.033752441, 263.188720703, 113.25944519, 55.0345954895, 54.5245094299, 55.0784950256, 42.0610351563, 28.9133472443, 23.9642124176, 11.8518857956, 5.95108985901, 1.54710006714, 0.431719094515, 0.138623818755, 0.0115037001669, 0.000333762087394, 3.80426030233e-07], "dvar": [0.0270554963499, 3.97971749306, 79.2502212524, 72.568069458, 113.372596741, 148.649932861, 399.06930542, 4532.69140625, 638.260803223, 1021.95892334, 1582.8347168, 2073.39575195, 1010.51501465, 1059.85571289, 884.543273926, 708.139648438, 1015.61639404, 1280.05725098, 1889.17797852, 550.568908691, 649.921508789, 419.679290771, 412.183105469, 328.151519775, 101.076530457, 45.4608459473, 24.5431041718, 24.318983078, 24.5687980652, 20.1786155701, 14.6952295303, 12.7888774872, 5.88309669495, 2.80244517326, 0.679801821709, 0.198624849319, 0.0608051940799, 0.00483545241877, 0.000134656205773, 1.55508217858e-07], "dmean": [0.124937653542, 1.3299074173, 4.41640281677, 4.99011611938, 6.98088741302, 8.31295681, 12.8629817963, 27.2237606049, 14.4362812042, 18.2331981659, 21.5458393097, 21.2942886353, 18.0544891357, 17.4282741547, 16.0308074951, 11.9024152756, 15.9657964706, 17.0409374237, 20.774105072, 14.717707634, 15.4353933334, 10.6273546219, 11.6586589813, 9.82649898529, 6.31067657471, 4.26532936096, 2.91602134705, 2.46261453629, 2.56141662598, 2.23090457916, 1.96193635464, 1.57847225666, 1.18755280972, 0.858251512051, 0.403950840235, 0.217044234276, 0.111894875765, 0.0293620377779, 0.0044012516737, 0.000154803550686], "max": [3.10392522812, 23.5133895874, 95.6693572998, 113.713615417, 181.500579834, 236.988861084, 371.353851318, 1078.26574707, 468.753845215, 632.77911377, 1384.73974609, 1345.10974121, 932.400146484, 942.953552246, 1004.66156006, 1209.31408691, 1144.74084473, 966.559997559, 1032.99060059, 822.590576172, 438.920166016, 596.957397461, 594.369506836, 579.55859375, 259.649139404, 172.943099976, 95.5614776611, 170.021789551, 129.798797607, 93.4741821289, 93.115272522, 115.063316345, 69.9413452148, 32.4172744751, 14.234372139, 7.15170717239, 3.3690226078, 0.978920817375, 0.167305037379, 0.00637579150498], "var": [0.0758057013154, 5.85364532471, 68.1058349609, 77.35597229, 219.232940674, 373.783172607, 1061.89245605, 5383.50634766, 1429.59008789, 3525.23486328, 6174.08154297, 8218.45703125, 3346.05810547, 5178.75683594, 3052.60668945, 5127.51953125, 3207.16162109, 3534.87036133, 6923.96923828, 2439.29003906, 2087.16015625, 1494.97070313, 1297.73474121, 880.397094727, 345.963775635, 170.384185791, 71.2150650024, 72.7337036133, 79.0564651489, 67.3912811279, 48.634552002, 39.5006561279, 18.4833259583, 9.08908557892, 2.04442763329, 0.633971333504, 0.155327022076, 0.0103482045233, 0.000208095632843, 2.39362805132e-07], "mean": [0.257393598557, 2.0719127655, 5.24087333679, 7.22242212296, 11.9599647522, 18.0608673096, 27.4258575439, 40.6528816223, 27.8708610535, 40.6317329407, 49.8802566528, 50.7250671387, 42.7313690186, 42.1788978577, 34.7825927734, 29.8869953156, 35.5899963379, 39.6816329956, 48.2546615601, 37.3392562866, 34.5403251648, 26.7912387848, 27.9813728333, 22.4555606842, 14.7127904892, 10.2350196838, 6.66912221909, 5.5979642868, 5.70426368713, 5.17922687531, 4.52316856384, 3.69302201271, 2.74153089523, 1.9321398735, 0.91977673769, 0.486770749092, 0.229130551219, 0.0546831637621, 0.00698541570455, 0.000278228835668]}, "spectral_strongpeak": {"dmean2": 1.05541956425, "median": 0.465353876352, "min": 0, "dvar2": 2.63014554977, "dvar": 1.00065207481, "dmean": 0.602095365524, "max": 10.8369760513, "var": 1.58968949318, "mean": 0.967898368835}, "spectral_energy": {"dmean2": 0.0183739550412, "median": 0.0405544042587, "min": 1.00141530337e-20, "dvar2": 0.000579131883569, "dvar": 0.000214794839849, "dmean": 0.0109771182761, "max": 0.195652619004, "var": 0.000441439042334, "mean": 0.0416137985885}, "average_loudness": 0.948006153107, "spectral_rolloff": {"dmean2": 634.200439453, "median": 1055.12695313, "min": 64.599609375, "dvar2": 1023353, "dvar": 461777.0625, "dmean": 379.318359375, "max": 19702.8808594, "var": 5606144.5, "mean": 1569.38110352}, "spectral_centroid": {"dmean2": 292.302581787, "median": 1147.92883301, "min": 168.009231567, "dvar2": 118430.84375, "dvar": 55811.6640625, "dmean": 190.214904785, "max": 11691.2480469, "var": 1746211.75, "mean": 1331.06970215}, "pitch_salience": {"dmean2": 0.108140043914, "median": 0.589405655861, "min": 0.173552811146, "dvar2": 0.00909634307027, "dvar": 0.00336542446166, "dmean": 0.0648598149419, "max": 0.873237669468, "var": 0.0105577232316, "mean": 0.586816132069}, "spectral_energyband_middle_high": {"dmean2": 0.00253434269689, "median": 0.0058735194616, "min": 1.10485773268e-21, "dvar2": 9.54768438532e-06, "dvar": 4.26655833508e-06, "dmean": 0.00165994395502, "max": 0.0352291166782, "var": 3.65962587239e-05, "mean": 0.00734175695106}, "spectral_contrast_coeffs": {"dmean2": [0.0807804316282, 0.0737483277917, 0.057113148272, 0.0444872230291, 0.0317606702447, 0.023846058175], "median": [-0.662600755692, -0.731618702412, -0.75748950243, -0.780436575413, -0.794138550758, -0.799687206745], "min": [-0.976614296436, -0.979473948479, -0.977124214172, -0.971393585205, -0.968452632427, -0.964905142784], "dvar2": [0.00427445909008, 0.00379936164245, 0.00213282299228, 0.00125615869183, 0.000667557294946, 0.000401122233598], "dvar": [0.00152658880688, 0.00140351476148, 0.000829463650007, 0.000490654201712, 0.000268523726845, 0.000181833631359], "dmean": [0.0484376735985, 0.0445677451789, 0.0355632640421, 0.0273916199803, 0.0195154156536, 0.0150098074228], "max": [-0.282143115997, -0.325001329184, -0.49524140358, -0.503300130367, -0.610511720181, -0.643012702465], "var": [0.00652461824939, 0.00564568070695, 0.00468675605953, 0.00379695673473, 0.0021164692007, 0.00181553966831], "mean": [-0.662300288677, -0.729370355606, -0.752675116062, -0.774786353111, -0.79309374094, -0.796885788441]}, "melbands_skewness": {"dmean2": 0.986670017242, "median": 2.13332605362, "min": -0.409407436848, "dvar2": 1.27630138397, "dvar": 0.508912920952, "dmean": 0.621064066887, "max": 12.9504041672, "var": 1.52486109734, "mean": 2.32193994522}, "spectral_spread": {"dmean2": 822194.9375, "median": 4568083.5, "min": 1730884.5, "dvar2": 1639051952130.0, "dvar": 842737057792, "dmean": 576720.4375, "max": 46500116, "var": 22606069628900.0, "mean": 5437188}, "dissonance": {"dmean2": 0.0281006079167, "median": 0.469126403332, "min": 0.218333780766, "dvar2": 0.000752737279981, "dvar": 0.000276301638223, "dmean": 0.0167315211147, "max": 0.500000119209, "var": 0.000734054949135, "mean": 0.462771266699}, "spectral_skewness": {"dmean2": 0.293410181999, "median": 1.76051807404, "min": -0.0687000453472, "dvar2": 0.091929346323, "dvar": 0.0417944677174, "dmean": 0.191170409322, "max": 4.38386917114, "var": 0.290042996407, "mean": 1.79138851166}, "spectral_flux": {"dmean2": 0.0377457439899, "median": 0.089196190238, "min": 6.31402222173e-11, "dvar2": 0.00183232454583, "dvar": 0.000797964923549, "dmean": 0.0234308000654, "max": 0.356376111507, "var": 0.00211953627877, "mean": 0.0942153930664}, "spectral_contrast_valleys": {"dmean2": [0.601108372211, 0.520936489105, 0.462149769068, 0.401257306337, 0.322410255671, 0.35177102685], "median": [-6.42469644547, -6.09503412247, -6.84603452682, -7.15560293198, -7.19931983948, -9.72996997833], "min": [-28.4393997192, -28.355348587, -27.7582931519, -27.7394790649, -27.5437602997, -27.4540920258], "dvar2": [0.311904042959, 0.259216606617, 0.228705972433, 0.185825899243, 0.161704733968, 0.208763673902], "dvar": [0.12624014914, 0.112428106368, 0.104202136397, 0.091851554811, 0.0887328758836, 0.126128062606], "dmean": [0.355324655771, 0.309528559446, 0.280650377274, 0.245938763022, 0.211045876145, 0.255784392357], "max": [-5.07831764221, -4.54009246826, -5.30854415894, -5.6717247963, -5.93903398514, -7.64463376999], "var": [7.58167648315, 7.76532745361, 7.21598529816, 7.08139705658, 7.1528968811, 6.12338113785], "mean": [-6.92932462692, -6.59482574463, -7.33058214188, -7.66234111786, -7.70676517487, -10.075255394]}, "erbbands_flatness_db": {"dmean2": 0.021340155974, "median": 0.135011300445, "min": 0.0402739271522, "dvar2": 0.000462291762233, "dvar": 0.000261877052253, "dmean": 0.0154892476276, "max": 0.291336238384, "var": 0.00188332761172, "mean": 0.135388970375}, "spectral_energyband_high": {"dmean2": 0.00047531776363, "median": 0.000442475226009, "min": 7.13910586905e-21, "dvar2": 7.54853829221e-07, "dvar": 4.27645716172e-07, "dmean": 0.000351680995664, "max": 0.0106530515477, "var": 1.88926105693e-06, "mean": 0.00103952351492}, "spectral_entropy": {"dmean2": 0.19907104969, "median": 7.61348581314, "min": 5.17253828049, "dvar2": 0.0532066226006, "dvar": 0.0281450338662, "dmean": 0.141817077994, "max": 9.83040714264, "var": 0.257392197847, "mean": 7.61202764511}, "silence_rate_20dB": {"dmean2": 0, "median": 1, "min": 1, "dvar2": 0, "dvar": 0, "dmean": 0, "max": 1, "var": 0, "mean": 1}, "melbands_flatness_db": {"dmean2": 0.0377719588578, "median": 0.188948363066, "min": 0.00374243105762, "dvar2": 0.00158012972679, "dvar": 0.000657469092403, "dmean": 0.0242085978389, "max": 0.491271704435, "var": 0.004195952788, "mean": 0.194623365998}, "barkbands": {"dmean2": [0.00049989821855, 0.00860074814409, 0.00697483308613, 0.0033158455044, 0.00372043531388, 0.00411303108558, 0.00151635450311, 0.00187706272118, 0.00137073965743, 0.00102340616286, 0.000555223610718, 0.00045710298582, 0.000583070330322, 0.0005194581463, 0.00064429664053, 0.000550920143723, 0.000369138404494, 0.000330736918841, 0.000260622735368, 0.000150664680405, 9.56927324296e-05, 0.000102196238004, 0.000100461147667, 0.0001027077451, 9.38818047871e-05, 8.23774535093e-05, 2.81472530332e-05], "median": [0.000385876221117, 0.00637955591083, 0.00227470416576, 0.0017276306171, 0.00398036185652, 0.00189723982476, 0.000896898272913, 0.0013353418326, 0.000870852905791, 0.000676814524923, 0.000334755022777, 0.000313971948344, 0.000350334303221, 0.000289024086669, 0.000364748411812, 0.00034860894084, 0.000243074086029, 0.000278435705695, 0.000220524627366, 0.000131768174469, 6.97884970577e-05, 5.91040079598e-05, 5.26353433088e-05, 5.58833380637e-05, 4.19097523263e-05, 2.07409084396e-05, 2.11945189221e-06], "min": [1.06800562277e-25, 1.67199364684e-24, 9.55941349124e-25, 1.18848186537e-24, 8.56975336741e-24, 9.96687415107e-24, 4.48393074478e-24, 5.29723805502e-24, 1.0086223284e-23, 1.29138628555e-23, 1.32215525295e-23, 1.73685130556e-23, 3.58111044099e-23, 3.89652637652e-23, 4.68922461673e-23, 2.38393907553e-23, 7.17315512521e-23, 9.62826507383e-23, 1.15110671642e-22, 1.4602522175e-22, 2.38676569037e-22, 2.50487798407e-22, 3.53485390942e-22, 5.61851222941e-22, 8.40917949953e-22, 1.25569571277e-21, 2.00981159914e-21], "dvar2": [5.12336612246e-07, 0.000151201951667, 0.000194469306734, 2.5199891752e-05, 2.35796032939e-05, 8.93543183338e-05, 6.5650151555e-06, 9.64604896581e-06, 7.47401145418e-06, 3.13750297209e-06, 8.9991084451e-07, 7.11976952061e-07, 1.478381364e-06, 1.25776284676e-06, 1.49513994074e-06, 8.15023611267e-07, 6.0906404542e-07, 2.95572931464e-07, 1.96674861286e-07, 5.74652112562e-08, 2.99312361562e-08, 3.86351750592e-08, 3.52717997032e-08, 4.22231813957e-08, 3.47720003901e-08, 3.45699540105e-08, 5.77070213836e-09], "dvar": [2.07963537946e-07, 5.31668592885e-05, 6.90316883265e-05, 9.07320554688e-06, 9.09653590497e-06, 3.68208820873e-05, 2.60850083578e-06, 4.20597780248e-06, 3.21497986988e-06, 1.36572180054e-06, 4.29027863902e-07, 3.61443227348e-07, 5.93712741193e-07, 5.36879724677e-07, 6.30964734682e-07, 3.61164552487e-07, 2.35138770677e-07, 1.18004123806e-07, 7.48206190337e-08, 2.27422614074e-08, 1.33473667674e-08, 1.76607350966e-08, 1.80521819715e-08, 2.26062404352e-08, 1.61570756774e-08, 1.56773989346e-08, 2.34695107793e-09], "dmean": [0.000301580701489, 0.00516398530453, 0.00394590431824, 0.00193739810493, 0.00230606249534, 0.00255922297947, 0.000923151324969, 0.00121571496129, 0.000874900433701, 0.000667677435558, 0.000356032687705, 0.000297326711006, 0.000367900822312, 0.000333208648954, 0.000406342354836, 0.000355148717063, 0.000228841847274, 0.00020513846539, 0.000160595707712, 9.4578928838e-05, 6.28515699646e-05, 6.7938810389e-05, 6.92868998158e-05, 7.02829784132e-05, 6.45316467853e-05, 5.79810002819e-05, 1.86858123925e-05], "max": [0.0116055654362, 0.0862644314766, 0.102194130421, 0.0451445877552, 0.0505481399596, 0.0920452550054, 0.0255392901599, 0.0509281978011, 0.048984721303, 0.02891247347, 0.0202015303075, 0.0238342918456, 0.0284868888557, 0.0170005448163, 0.0185123104602, 0.0111423274502, 0.0125619592145, 0.0093725239858, 0.00731725012884, 0.00379196112044, 0.00347569701262, 0.00268843630329, 0.00299582350999, 0.0049627777189, 0.00202023074962, 0.00144971371628, 0.000784815056249], "var": [3.95292744315e-07, 9.70213877736e-05, 5.51929333596e-05, 1.51099866343e-05, 2.51956353168e-05, 4.59613438579e-05, 6.40567577648e-06, 1.54475528689e-05, 1.37174765769e-05, 5.24009783476e-06, 1.42733404118e-06, 2.17266074287e-06, 1.75166951522e-06, 1.57296676662e-06, 2.54781070907e-06, 1.03562808818e-06, 8.5663992877e-07, 3.294272517e-07, 2.14388194308e-07, 8.14440639374e-08, 3.86161786992e-08, 6.11455988064e-08, 6.0558413395e-08, 7.54172688744e-08, 5.40071596333e-08, 4.49408439351e-08, 3.77991193901e-09], "mean": [0.000563388515729, 0.00931466836482, 0.00434985291213, 0.0029722135514, 0.00533514795825, 0.00407059770077, 0.0017153619555