{"tonal": {"thpcp": [1, 0.911210894585, 0.608743011951, 0.444752424955, 0.47847250104, 0.480242580175, 0.407112032175, 0.342917740345, 0.306754499674, 0.308569014072, 0.393721312284, 0.493406236172, 0.511464655399, 0.42615801096, 0.352808505297, 0.370725154877, 0.360284566879, 0.299772292376, 0.316764652729, 0.618023276329, 0.882376134396, 0.68798750639, 0.349017113447, 0.228867724538, 0.308280259371, 0.396609157324, 0.396536231041, 0.421877086163, 0.408871918917, 0.265193372965, 0.191254943609, 0.289424031973, 0.42575699091, 0.462132722139, 0.610416293144, 0.860767602921], "hpcp": {"dmean2": [0.295951217413, 0.241757974029, 0.221181690693, 0.190622836351, 0.189722791314, 0.219638288021, 0.24212795496, 0.24648784101, 0.230532035232, 0.194848045707, 0.196579679847, 0.173203855753, 0.153116375208, 0.161942794919, 0.248745560646, 0.332648277283, 0.260970592499, 0.17586414516, 0.152162015438, 0.182305648923, 0.1957244277, 0.180953934789, 0.214162439108, 0.228417679667, 0.161282524467, 0.123303875327, 0.147407591343, 0.207651719451, 0.242153659463, 0.284457117319, 0.314897716045, 0.393158882856, 0.340029984713, 0.344668060541, 0.359275043011, 0.348716676235], "median": [0.0579360425472, 0.0506393834949, 0.0444326326251, 0.0376327186823, 0.0371222831309, 0.0580616518855, 0.0913897454739, 0.0892266407609, 0.0604016408324, 0.0405676066875, 0.0446664169431, 0.0455384068191, 0.03857306391, 0.0505814515054, 0.115356832743, 0.215497344732, 0.160376936197, 0.0589256025851, 0.0346657186747, 0.0447651073337, 0.048369884491, 0.0486616492271, 0.0705398321152, 0.0762964710593, 0.0477211922407, 0.0302072651684, 0.0474926419556, 0.0638254359365, 0.070420704782, 0.102770894766, 0.153769284487, 0.218335032463, 0.105317339301, 0.0711524188519, 0.0466551035643, 0.0525955408812], "min": [0, 0, 0, 0, 0, 0, 0, 0, 0, 0, 0, 0, 0, 0, 0, 0, 0, 0, 0, 0, 0, 0, 0, 0, 0, 0, 0, 0, 0, 0, 0, 0, 0, 0, 0, 0], "dvar2": [0.165461480618, 0.123672053218, 0.106792487204, 0.103080287576, 0.103556804359, 0.113485753536, 0.103677242994, 0.109711483121, 0.106251992285, 0.0944775938988, 0.0884572044015, 0.0701496452093, 0.0613545402884, 0.0647413358092, 0.0918034911156, 0.120391950011, 0.0832105576992, 0.0681310817599, 0.0641059577465, 0.0709679871798, 0.079789891839, 0.0797657668591, 0.0991707295179, 0.0915254503489, 0.0608462914824, 0.0389587543905, 0.0457407943904, 0.073964945972, 0.091646052897, 0.0948852747679, 0.112348079681, 0.138930082321, 0.121080808342, 0.159891203046, 0.213315710425, 0.220277488232], "dvar": [0.0572564564645, 0.04388846457, 0.0354665443301, 0.0341902859509, 0.0349914431572, 0.0390253029764, 0.0370622240007, 0.0398129485548, 0.0381545238197, 0.0350683294237, 0.0334062576294, 0.0265971086919, 0.0230175126344, 0.0237038824707, 0.0346129387617, 0.0466939136386, 0.0327528901398, 0.0243626143783, 0.0234705321491, 0.0267079081386, 0.0305541735142, 0.0297262314707, 0.0364450663328, 0.0342610888183, 0.0213390104473, 0.0135058872402, 0.0172978658229, 0.0302630160004, 0.0367176495492, 0.0363370291889, 0.0527852065861, 0.0669369325042, 0.0715138837695, 0.0643849298358, 0.0739901587367, 0.0735619738698], "dmean": [0.162349268794, 0.133933201432, 0.121916681528, 0.104471638799, 0.103900246322, 0.122539170086, 0.1380905509, 0.139098331332, 0.128483042121, 0.109865389764, 0.110783621669, 0.0990340709686, 0.0877279490232, 0.0914021730423, 0.144553527236, 0.196852400899, 0.155084505677, 0.100273735821, 0.0855415612459, 0.103759586811, 0.112341888249, 0.103611908853, 0.121895171702, 0.13123267889, 0.0928413942456, 0.0685923919082, 0.0853066518903, 0.12213190645, 0.140181347728, 0.163640260696, 0.191459938884, 0.239676043391, 0.2063280195, 0.203132152557, 0.195831254125, 0.188026919961], "max": [1, 1, 1, 1, 1, 1, 1, 1, 1, 1, 1, 1, 1, 1, 1, 1, 1, 1, 1, 1, 1, 1, 1, 1, 1, 1, 1, 1, 1, 1, 1, 1, 1, 1, 1, 1], "var": [0.0601422004402, 0.0475087836385, 0.0360479131341, 0.0369821898639, 0.0354984104633, 0.0416547693312, 0.0441083051264, 0.0551710240543, 0.0481471829116, 0.0404072217643, 0.0416641198099, 0.039853092283, 0.0299485903233, 0.0269826576114, 0.0623390637338, 0.0816685333848, 0.0611007139087, 0.0286931488663, 0.0194691903889, 0.0266014933586, 0.0446396395564, 0.0477207303047, 0.0439669974148, 0.0353722982109, 0.018971266225, 0.012375395745, 0.0216476712376, 0.0431432947516, 0.0487772338092, 0.056280195713, 0.105773866177, 0.116380102932, 0.136824116111, 0.0789391323924, 0.0603486001492, 0.0664843991399], "mean": [0.167771100998, 0.142223194242, 0.11979714036, 0.107163637877, 0.107797525823, 0.137545198202, 0.172369778156, 0.178678423166, 0.148876845837, 0.123252443969, 0.12951156497, 0.125864177942, 0.104724429548, 0.110660642385, 0.215904310346, 0.308255076408, 0.240346074104, 0.121927931905, 0.0799541547894, 0.107696652412, 0.138554051518, 0.138528570533, 0.147381320596, 0.142838001251, 0.0926443934441, 0.0668142586946, 0.101109296083, 0.148736745119, 0.161444485188, 0.21324685216, 0.300706207752, 0.349346578121, 0.318328410387, 0.212662294507, 0.155372738838, 0.167152732611]}, "tuning_equal_tempered_deviation": 0.17988564074, "chords_changes_rate": 0.0661680102348, "key_key": "G", "tuning_diatonic_strength": 0.741276919842, "key_scale": "major", "chords_number_rate": 0.00402761809528, "tuning_frequency": 447.691040039, "tuning_nontempered_energy_ratio": 0.816716790199, "chords_histogram": [39.4994239807, 2.18642115593, 3.94131183624, 0.719217479229, 1.55350983143, 3.19332575798, 0.949367105961, 0.373993098736, 0.776754915714, 0.431530505419, 1.9562715292, 0.575374007225, 1.03567314148, 0.863061010838, 1.9562715292, 4.8331413269, 3.25086307526, 10.1841192245, 0, 0, 0, 1.06444191933, 15.4487915039, 5.20713472366], "key_strength": 0.726474940777, "chords_key": "G", "chords_strength": {"dmean2": 0.0116972830147, "median": 0.514836788177, "min": -1, "dvar2": 0.00107623205986, "dvar": 0.000625096959993, "dmean": 0.010382220149, "max": 0.779951870441, "var": 0.0282287951559, "mean": 0.494349956512}, "chords_scale": "major", "hpcp_entropy": {"dmean2": 1.11296403408, "median": 2.11549496651, "min": 0, "dvar2": 0.800276935101, "dvar": 0.284212589264, "dmean": 0.650737822056, "max": 4.53184366226, "var": 0.593453228474, "mean": 2.11062121391}}, "metadata": {"audio_properties": {"equal_loudness": 0, "codec": "flac", "downmix": "mix", "sample_rate": 44100, "analysis_sample_rate": 44100, "bit_rate": 0, "md5_encoded": "d13138ef811a1d48e495c160f3adc0b1", "length": 161.373336792, "replay_gain": -17.8116455078, "lossless": true}, "version": {"essentia_build_sha": "70f2e5ece6736b2c40cc944ad0e695b16b925413", "essentia": "2.1-beta2", "extractor": "music 1.0", "essentia_git_sha": "v2.1_beta2"}, "tags": {"title": ["Welcome!!"], "language": ["jpn"], "media": ["CD"], "albumartist": ["\u9ad8\u901f\u97f3\u697d\u968a\u30b7\u30e3\u30fc\u30d7\u30cd\u30eb"], "tracktotal": ["14"], "releasetype": ["album"], "musicbrainz_recordingid": ["1d58015c-e228-4a9b-bd71-d0eb28f3bc06"], "musicbrainz_albumartistid": ["0653dfca-b2f1-41e0-86cf-80729e25de0a"], "discnumber": ["1"], "album": ["\u30ec\u30a4\u30f4\u2605\u30b9\u30da\u30af\u30bf\u30fc"], "catalognumber": ["SRPC0005"], "releasecountry": ["JP"], "compilation": ["1"], "albumartistsort": ["High Speed Music Team Sharpnel"], "date": ["1999-12"], "file_name": "02 Welcome!!.flac", "disctotal": ["1"], "musicbrainz_artistid": ["0653dfca-b2f1-41e0-86cf-80729e25de0a"], "musicbrainz_albumid": ["0ed48933-46fc-4f38-8082-5543d28603e5"], "tracknumber": ["2"], "artistsort": ["High Speed Music Team Sharpnel"], "artist": ["\u9ad8\u901f\u97f3\u697d\u968a\u30b7\u30e3\u30fc\u30d7\u30cd\u30eb"], "label": ["Sharpnel Sound"], "totaltracks": ["14"], "totaldiscs": ["1"], "script": ["Jpan"], "releasestatus": ["official"]}}, "rhythm": {"bpm_histogram_first_peak_bpm": {"dmean2": 0, "median": 185, "min": 185, "dvar2": 0, "dvar": 0, "dmean": 0, "max": 185, "var": 0, "mean": 185}, "bpm": 184.57069397, "bpm_histogram_second_peak_spread": {"dmean2": 0, "median": 0, "min": 0, "dvar2": 0, "dvar": 0, "dmean": 0, "max": 0, "var": 0, "mean": 0}, "bpm_histogram_first_peak_weight": {"dmean2": 0, "median": 0.458752512932, "min": 0.458752512932, "dvar2": 0, "dvar": 0, "dmean": 0, "max": 0.458752512932, "var": 0, "mean": 0.458752512932}, "onset_rate": 4.77723932266, "beats_position": [0.359909296036, 0.743038535118, 1.1261677742, 1.50929701328, 1.89242625237, 2.27555561066, 2.65868473053, 3.03020405769, 3.40172338486, 3.7732424736, 4.15637159348, 4.51628112793, 4.87619018555, 5.24770975113, 5.60761880875, 5.94430828094, 6.26938772202, 6.59446716309, 6.93115615845, 7.26784563065, 7.59292507172, 7.91800451279, 8.25469398499, 8.59138298035, 8.91646194458, 9.22993183136, 9.54340076447, 9.86848068237, 10.1935596466, 10.5070295334, 10.8204984665, 11.1455783844, 11.4590473175, 11.7725172043, 12.0975961685, 12.4226751328, 12.7477550507, 13.0612239838, 13.3746938705, 13.6997728348, 14.0248527527, 14.3383216858, 14.6517915726, 14.9768705368, 15.301949501, 15.6154193878, 15.9288883209, 16.2539672852, 16.5790481567, 16.8925170898, 17.2059860229, 17.5310649872, 17.8561439514, 18.1696147919, 18.483083725, 18.8081626892, 19.1332416534, 19.4467124939, 19.760181427, 20.0852603912, 20.4103393555, 20.7238082886, 21.037279129, 21.3623580933, 21.6874370575, 22.0009059906, 22.3143768311, 22.6394557953, 22.9645347595, 23.2780036926, 23.5914726257, 23.9165534973, 24.2416324615, 24.5551013947, 24.8685703278, 25.1936511993, 25.5071201324, 25.8205890656, 26.1456680298, 26.470746994, 26.7842178345, 27.0976867676, 27.4227657318, 27.747844696, 28.0613155365, 28.3747844696, 28.6882534027, 29.0017223358, 29.3151912689, 29.6286621094, 29.9537410736, 30.2788200378, 30.5922889709, 30.9057598114, 31.2308387756, 31.5443077087, 31.8577766418, 32.1828575134, 32.5079345703, 32.8214035034, 33.1348762512, 33.4599533081, 33.7850341797, 34.1101112366, 34.4235839844, 34.7370529175, 35.0621299744, 35.3755989075, 35.6890678406, 36.0141487122, 36.3392295837, 36.6643066406, 36.9893875122, 37.3144645691, 37.6395454407, 37.976234436, 38.3245353699, 38.672832489, 39.0211334229, 39.3578224182, 39.6829032898, 40.0079803467, 40.3330612183, 40.6581382751, 40.9716110229, 41.2850799561, 41.6101570129, 41.9352378845, 42.2487068176, 42.5621757507, 42.8872566223, 43.2123336792, 43.5258026123, 43.8392753601, 44.164352417, 44.4778213501, 44.7912902832, 45.1163711548, 45.4414520264, 45.7549209595, 46.0683898926, 46.3934669495, 46.718547821, 47.0320167542, 47.3454856873, 47.6705665588, 47.9956436157, 48.3091163635, 48.6225852966, 48.9360542297, 49.2611312866, 49.5746040344, 49.8996810913, 50.2247619629, 50.538230896, 50.8516998291, 51.1767807007, 51.5018577576, 51.8153266907, 52.1287956238, 52.4538764954, 52.7789573669, 53.0924263, 53.4058952332, 53.73097229, 54.0560531616, 54.3695220947, 54.6829910278, 55.0080718994, 55.3215408325, 55.6350097656, 55.9600906372, 56.2851676941, 56.5986366272, 56.912109375, 57.2371864319, 57.5622673035, 57.8757362366, 58.1892051697, 58.5142860413, 58.8393630981, 59.1528320312, 59.4663009644, 59.7913818359, 60.104850769, 60.4183197021, 60.7434005737, 61.0684814453, 61.3819503784, 61.6954193115, 62.0204963684, 62.34557724, 62.6590461731, 62.9725151062, 63.2975959778, 63.6226730347, 63.9361457825, 64.2496109009, 64.5746917725, 64.899772644, 65.2132415771, 65.5267105103, 65.8517913818, 66.1652603149, 66.478729248, 66.8038101196, 67.1288909912, 67.4423599243, 67.7558288574, 68.0809020996, 68.4059829712, 68.7194519043, 69.0329208374, 69.358001709, 69.6714706421, 69.9849395752, 70.3100204468, 70.6351013184, 70.9485702515, 71.2620391846, 71.5871200562, 71.9122009277, 72.2256698608, 72.5391387939, 72.8642196655, 73.1892929077, 73.5027618408, 73.8162307739, 74.1413116455, 74.4663925171, 74.7682495117, 75.0933303833, 75.4184112549, 75.731880188, 76.0453491211, 76.3704299927, 76.6955108643, 77.0089797974, 77.3224487305, 77.6475296021, 77.9609985352, 78.2744674683, 78.5995483398, 78.924621582, 79.2497024536, 79.5631713867, 79.8766403198, 80.2017211914, 80.5151901245, 80.8286590576, 81.1537399292, 81.4788208008, 81.7922897339, 82.105758667, 82.4308395386, 82.7559204102, 83.0693893433, 83.3828582764, 83.7079315186, 84.0330123901, 84.3464813232, 84.6599502563, 84.9850311279, 85.3101119995, 85.6235809326, 85.9370498657, 86.2621307373, 86.5755996704, 86.8890686035, 87.2141494751, 87.5392303467, 87.8526992798, 88.1661682129, 88.4912490845, 88.8163223267, 89.1297912598, 89.4432601929, 89.7683410645, 90.093421936, 90.4417190552, 90.7900238037, 91.1499328613, 91.5098419189, 91.8465270996, 92.1832199097, 92.5083007812, 92.8333740234, 93.1700668335, 93.5067520142, 93.8434448242, 94.1801376343, 94.5168228149, 94.853515625, 95.1902008057, 95.5036697388, 95.8287506104, 96.1422195435, 96.4556884766, 96.7807693481, 97.1058502197, 97.4309310913, 97.7327880859, 98.0578689575, 98.3829498291, 98.6964187622, 99.0098876953, 99.3349609375, 99.6600418091, 99.9735107422, 100.286979675, 100.612060547, 100.937141418, 101.250610352, 101.564079285, 101.889160156, 102.202629089, 102.516098022, 102.841178894, 103.166259766, 103.491333008, 103.793197632, 104.118278503, 104.443351746, 104.74521637, 105.070289612, 105.395370483, 105.708839417, 106.02230835, 106.347389221, 106.672470093, 106.985939026, 107.299407959, 107.624488831, 107.949569702, 108.263038635, 108.576507568, 108.90158844, 109.226661682, 109.540130615, 109.853607178, 110.17868042, 110.492149353, 110.805618286, 111.130699158, 111.455780029, 111.769248962, 112.082717896, 112.407798767, 112.732879639, 113.046348572, 113.359817505, 113.684898376, 114.009971619, 114.33505249, 114.648521423, 114.961990356, 115.287071228, 115.600540161, 115.914009094, 116.239089966, 116.564170837, 116.877639771, 117.191108704, 117.516189575, 117.829658508, 118.143127441, 118.468208313, 118.793289185, 119.106758118, 119.420227051, 119.745300293, 120.070381165, 120.383850098, 120.697319031, 121.022399902, 121.335868835, 121.649337769, 121.97441864, 122.299499512, 122.612968445, 122.926437378, 123.25151825, 123.576599121, 123.890068054, 124.203536987, 124.528617859, 124.842086792, 125.155555725, 125.480628967, 125.805709839, 126.119178772, 126.432647705, 126.757728577, 127.082809448, 127.396278381, 127.709747314, 128.034820557, 128.359909058, 128.673370361, 128.986846924, 129.311920166, 129.637008667, 129.938858032, 130.263946533, 130.589019775, 130.914108276, 131.22756958, 131.541046143, 131.866119385, 132.191192627, 132.493057251, 132.818145752, 133.143218994, 133.456680298, 133.77015686, 134.095230103, 134.420318604, 134.733779907, 135.04725647, 135.372329712, 135.697418213, 136.010879517, 136.324356079, 136.649429321, 136.962905884, 137.276367188, 137.601455688, 137.926528931, 138.239990234, 138.553466797, 138.878540039, 139.20362854, 139.517089844, 139.830566406, 140.155639648, 140.480728149, 140.794189453, 141.107666016, 141.432739258, 141.74621582, 142.059677124, 142.384765625, 142.709838867, 143.02331543, 143.336776733, 143.661849976, 143.986938477, 144.30039978, 144.613876343, 144.938949585, 145.264038086, 145.57749939, 145.890975952, 146.216049194, 146.529525757, 146.842987061, 147.168075562, 147.493148804, 147.806625366, 148.12008667, 148.445159912, 148.758636475, 149.072113037, 149.397186279, 149.722259521, 150.035736084, 150.349197388, 150.674285889, 150.999359131, 151.312835693, 151.626296997, 151.951385498, 152.27645874, 152.589935303, 152.903396606, 153.228485107, 153.55355835, 153.867019653, 154.180496216, 154.505569458, 154.830657959, 155.144119263, 155.457595825, 155.782669067, 156.107757568, 156.432830811, 156.757904053, 157.082992554, 157.408065796, 157.767974854, 158.13949585, 158.511016846, 158.882537842, 159.254058838, 159.672012329, 160.089981079, 160.496322632, 160.902679443], "beats_loudness": {"dmean2": 0.0211227666587, "median": 0.0425606071949, "min": 0, "dvar2": 0.000406659441069, "dvar": 0.00014481144899, "dmean": 0.0120676755905, "max": 0.0992835462093, "var": 0.000410684006056, "mean": 0.040952142328}, "danceability": 1.02394068241, "bpm_histogram_second_peak_weight": {"dmean2": 0, "median": 0.436619728804, "min": 0.436619728804, "dvar2": 0, "dvar": 0, "dmean": 0, "max": 0.436619728804, "var": 0, "mean": 0.436619728804}, "beats_count": 498, "bpm_histogram_second_peak_bpm": {"dmean2": 0, "median": 191, "min": 191, "dvar2": 0, "dvar": 0, "dmean": 0, "max": 191, "var": 0, "mean": 191}, "bpm_histogram_first_peak_spread": {"dmean2": 0, "median": 0, "min": 0, "dvar2": 0, "dvar": 0, "dmean": 0, "max": 0, "var": 0, "mean": 0}, "beats_loudness_band_ratio": {"dmean2": [0.175078898668, 0.0761045590043, 0.091668099165, 0.176770269871, 0.0674621984363, 0.118859611452], "median": [0.310899347067, 0.0637784898281, 0.124505013227, 0.141291886568, 0.0585463121533, 0.220804780722], "min": [0, 0, 0, 0, 0, 0], "dvar2": [0.0300538875163, 0.0088509991765, 0.0121202757582, 0.0328481867909, 0.00545335654169, 0.0131713747978], "dvar": [0.0144200762734, 0.00340558937751, 0.00432851072401, 0.0146047063172, 0.00225944304839, 0.00496799591929], "dmean": [0.1019089818, 0.0444061383605, 0.0530798137188, 0.106724865735, 0.0388015732169, 0.0705188512802], "max": [0.832826197147, 0.542482316494, 0.593135297298, 0.990858852863, 0.313539206982, 0.662635564804], "var": [0.0322861224413, 0.00610802229494, 0.00576505530626, 0.0278898831457, 0.00411444948986, 0.0128732156008], "mean": [0.310200989246, 0.0829336047173, 0.139389455318, 0.205572277308, 0.0791542232037, 0.205159395933]}}, "lowlevel": {"barkbands_spread": {"dmean2": 13.6123895645, "median": 41.5716133118, "min": 0.710513174534, "dvar2": 180.166625977, "dvar": 85.0087738037, "dmean": 8.96412944794, "max": 106.77696228, "var": 324.392578125, "mean": 42.2525939941}, "melbands_spread": {"dmean2": 16.8578109741, "median": 37.8278694153, "min": 0.707518458366, "dvar2": 321.992828369, "dvar": 134.066848755, "dmean": 10.9789209366, "max": 176.487319946, "var": 475.558624268, "mean": 41.2203788757}, "hfc": {"dmean2": 31.3134937286, "median": 44.5721168518, "min": 1.08616748745e-16, "dvar2": 1792.47485352, "dvar": 883.47088623, "dmean": 21.9331073761, "max": 225.432525635, "var": 2003.90966797, "mean": 54.0157966614}, "barkbands_kurtosis": {"dmean2": 1.83471691608, "median": 0.0438053607941, "min": -1.82025671005, "dvar2": 8.6367521286, "dvar": 4.02937602997, "dmean": 1.18732118607, "max": 124.81539917, "var": 17.3376731873, "mean": 0.867490172386}, "gfcc": {"mean": [50.1950645447, 30.1579265594, -98.1484985352, 12.1705675125, -54.3967552185, 22.1170082092, -19.6609573364, 10.2299518585, -18.7384567261, 8.22866535187, -12.2923908234, 2.66608214378, -12.8270931244], "icov": [[0.000133621273562, 6.56275187794e-06, 0.000342819519574, -0.000566440983675, 0.000507488439325, -0.00072968006134, 0.00080226175487, -0.000584815104958, 0.000560672138818, -0.000536672130693, 0.000383790087653, -0.000413653004216, 0.000489242142066], [6.56275187794e-06, 0.00127232633531, 0.000219971261686, -0.000550045864657, -0.000450312916655, 0.000239908767981, -0.000324542663293, 0.000454327178886, 0.000262359797489, -0.00018430883938, -0.000681729754433, -0.00081580656115, 0.000138994844747], [0.000342819519574, 0.000219971261686, 0.00321868155152, -0.00333123863675, 0.000733343476895, -0.00234838947654, 0.00237994687632, -0.000469980877824, 0.000403648387874, -0.00105546356644, -3.12833944918e-05, -0.00199627992697, 0.000736556306947], [-0.000566440983675, -0.000550045864657, -0.00333123863675, 0.00878856889904, -0.00248036114499, 0.00223243748769, -0.00239888811484, 0.0003554149298, -0.00242116604932, 0.0006355100777, -0.000976217386778, 0.00165914208628, -0.0010560156079], [0.000507488439325, -0.000450312916655, 0.000733343476895, -0.00248036114499, 0.0100867059082, -0.0025117630139, -0.000725922174752, -0.00098603812512, -0.00235938094556, -0.000625026354101, 0.00213415198959, -0.000412205059547, 0.00225460529327], [-0.00072968006134, 0.000239908767981, -0.00234838947654, 0.00223243748769, -0.0025117630139, 0.0140928737819, -0.00826337002218, 0.00231602764688, -0.0018383335555, -1.87755267689e-05, -0.00190046103671, 0.00302237318829, -0.00187973619904], [0.00080226175487, -0.000324542663293, 0.00237994687632, -0.00239888811484, -0.000725922174752, -0.00826337002218, 0.0185871366411, -0.00997218396515, 0.00510442629457, -0.00414565717801, 0.00110932695679, -0.00231484160759, 0.00155024579726], [-0.000584815104958, 0.000454327178886, -0.000469980877824, 0.0003554149298, -0.00098603812512, 0.00231602764688, -0.00997218396515, 0.0257769208401, -0.0150170177221, 0.0020340308547, 0.00392827112228, -0.00465836841613, 0.00214921822771], [0.000560672138818, 0.000262359797489, 0.000403648387874, -0.00242116604932, -0.00235938094556, -0.0018383335555, 0.00510442629457, -0.0150170177221, 0.0280148983002, -0.00978041347116, 1.66202953551e-05, 0.0049089458771, -0.00251269689761], [-0.000536672130693, -0.00018430883938, -0.00105546356644, 0.0006355100777, -0.000625026354101, -1.87755267689e-05, -0.00414565717801, 0.0020340308547, -0.00978041347116, 0.0241606589407, -0.00886450987309, -0.00271072261967, 0.00425081327558], [0.000383790087653, -0.000681729754433, -3.12833944918e-05, -0.000976217386778, 0.00213415198959, -0.00190046103671, 0.00110932695679, 0.00392827112228, 1.66202953551e-05, -0.00886450987309, 0.0247502289712, -0.0102383643389, -0.000738875940442], [-0.000413653004216, -0.00081580656115, -0.00199627992697, 0.00165914208628, -0.000412205059547, 0.00302237318829, -0.00231484160759, -0.00465836841613, 0.0049089458771, -0.00271072261967, -0.0102383643389, 0.0273987986147, -0.0140653559938], [0.000489242142066, 0.000138994844747, 0.000736556306947, -0.0010560156079, 0.00225460529327, -0.00187973619904, 0.00155024579726, 0.00214921822771, -0.00251269689761, 0.00425081327558, -0.000738875940442, -0.0140653559938, 0.0260196067393]], "cov": [[28203.5332031, -258.179473877, -953.889404297, 734.631774902, -924.972717285, 612.76171875, -433.141784668, 275.077850342, -209.887924194, 365.266082764, -186.316009521, 22.494348526, -417.680358887], [-258.179473877, 937.076049805, 65.1427612305, 89.2693252563, 57.8042526245, 1.08622932434, 40.2848777771, -8.14582824707, 0.668530225754, 41.3335418701, 73.9085235596, 73.0279541016, 29.8573246002], [-953.889404297, 65.1427612305, 705.659484863, 230.456863403, 70.5434036255, 58.4831848145, 17.8518466949, 17.2844982147, 55.6715164185, 56.2723693848, 68.7655334473, 63.2726173401, 34.9252929688], [734.631774902, 89.2693252563, 230.456863403, 265.447601318, 47.1088676453, 51.5994606018, 24.9159221649, 45.9849319458, 45.1126213074, 50.642780304, 18.9655914307, 18.8768615723, -8.85179042816], [-924.972717285, 57.8042526245, 70.5434036255, 47.1088676453, 186.543441772, 29.4976940155, 66.9044952393, 38.2789611816, 53.5861778259, 14.644370079, -5.30694007874, -12.698340416, -8.4153881073], [612.76171875, 1.08622932434, 58.4831848145, 51.5994606018, 29.4976940155, 139.388809204, 58.1229171753, 36.474193573, 23.2590656281, 36.5614891052, 5.80837583542, 1.70529019833, -12.6907892227], [-433.141784668, 40.2848777771, 17.8518466949, 24.9159221649, 66.9044952393, 58.1229171753, 129.577224731, 54.8882598877, 33.439365387, 26.8723201752, 5.16633653641, 6.3987698555, -2.97253990173], [275.077850342, -8.14582824707, 17.2844982147, 45.9849319458, 38.2789611816, 36.474193573, 54.8882598877, 96.6876831055, 54.1680526733, 28.7730636597, -10.3460092545, 1.87695682049, -14.4390478134], [-209.887924194, 0.668530225754, 55.6715164185, 45.1126213074, 53.5861778259, 23.2590656281, 33.439365387, 54.1680526733, 84.4521026611, 34.519821167, 2.14302444458, -5.29675006866, -5.51805019379], [365.266082764, 41.3335418701, 56.2723693848, 50.642780304, 14.644370079, 36.5614891052, 26.8723201752, 28.7730636597, 34.519821167, 82.7015838623, 31.5226707458, 21.3159427643, -6.99126672745], [-186.316009521, 73.9085235596, 68.7655334473, 18.9655914307, -5.30694007874, 5.80837583542, 5.16633653641, -10.3460092545, 2.14302444458, 31.5226707458, 80.1626281738, 47.4067459106, 26.3178386688], [22.494348526, 73.0279541016, 63.2726173401, 18.8768615723, -12.698340416, 1.70529019833, 6.3987698555, 1.87695682049, -5.29675006866, 21.3159427643, 47.4067459106, 85.5124130249, 42.4267501831], [-417.680358887, 29.8573246002, 34.9252929688, -8.85179042816, -8.4153881073, -12.6907892227, -2.97253990173, -14.4390478134, -5.51805019379, -6.99126672745, 26.3178386688, 42.4267501831, 70.2520217896]]}, "spectral_energyband_middle_low": {"dmean2": 0.0053512933664, "median": 0.00667522847652, "min": 1.32641495985e-22, "dvar2": 4.56276102341e-05, "dvar": 1.88299636648e-05, "dmean": 0.0034967479296, "max": 0.0448641069233, "var": 3.72122194676e-05, "mean": 0.00794882886112}, "melbands_crest": {"dmean2": 5.86406803131, "median": 13.7439002991, "min": 1.50303995609, "dvar2": 28.6306018829, "dvar": 12.4860687256, "dmean": 3.71519184113, "max": 36.2081794739, "var": 31.2339553833, "mean": 13.8003978729}, "spectral_kurtosis": {"dmean2": 0.931857764721, "median": 2.42981386185, "min": -1.32066702843, "dvar2": 1.14382684231, "dvar": 0.522362709045, "dmean": 0.614764034748, "max": 24.5769805908, "var": 4.53095197678, "mean": 2.85698604584}, "spectral_rms": {"dmean2": 0.00103288935497, "median": 0.00609201844782, "min": 3.14334344144e-12, "dvar2": 8.88033639512e-07, "dvar": 4.81939878227e-07, "dmean": 0.000707438332029, "max": 0.0107850590721, "var": 4.51832283943e-06, "mean": 0.00553903216496}, "zerocrossingrate": {"dmean2": 0.0253552105278, "median": 0.107421875, "min": 0.0029296875, "dvar2": 0.000613647338469, "dvar": 0.000379345146939, "dmean": 0.0209630038589, "max": 0.52490234375, "var": 0.00405297707766, "mean": 0.117849498987}, "silence_rate_60dB": {"dmean2": 0.0178442932665, "median": 0, "min": 0, "dvar2": 0.0232838951051, "dvar": 0.00884175486863, "dmean": 0.00892086327076, "max": 1, "var": 0.0445702746511, "mean": 0.046755861491}, "erbbands_kurtosis": {"dmean2": 1.09210062027, "median": -0.433911323547, "min": -1.59764552116, "dvar2": 5.70456218719, "dvar": 3.2335934639, "dmean": 0.724200129509, "max": 149.870819092, "var": 28.2440319061, "mean": 0.343372046947}, "erbbands": {"dmean2": [0.216985613108, 1.60224294662, 2.5261619091, 3.06561255455, 4.04725790024, 6.95734882355, 8.39684295654, 11.8541345596, 13.5931577682, 23.6034946442, 35.6046142578, 29.4192562103, 49.4526824951, 38.482219696, 61.0321502686, 64.99974823, 43.421043396, 53.9518547058, 26.750825882, 24.88397789, 17.3865413666, 16.8441486359, 15.5978078842, 19.6333942413, 19.40102005, 20.3316898346, 17.2558174133, 17.0269680023, 16.2633361816, 16.1972827911, 22.31300354, 12.9842891693, 9.46807575226, 5.50312376022, 3.72053980827, 2.14778614044, 1.20749616623, 0.237495109439, 0.0235274862498, 0.00159821438137], "median": [0.111880645156, 0.998536407948, 1.37598955631, 1.30055308342, 1.81133580208, 2.56324219704, 3.99220228195, 6.31924629211, 8.79600334167, 12.6472892761, 25.6998062134, 23.2394237518, 29.7498836517, 24.3989448547, 27.9892482758, 37.6807136536, 29.3145694733, 33.6480407715, 21.228061676, 15.0083770752, 13.455657959, 13.746172905, 13.3709421158, 17.9801311493, 19.0493278503, 21.0210494995, 19.9330234528, 21.9128990173, 17.6101818085, 15.8655719757, 13.1924409866, 9.33464622498, 5.99847507477, 3.51778435707, 2.00133466721, 1.0273065567, 0.470448762178, 0.10040615499, 0.0120200952515, 0.000985650694929], "min": [9.42381125986e-23, 6.09346556426e-22, 5.1199001356e-22, 1.44318924447e-21, 1.06880378533e-20, 2.67854297847e-20, 4.26175116126e-20, 5.39072862031e-20, 7.99162389619e-20, 1.76278495787e-19, 2.33152513725e-19, 2.26825512617e-19, 5.32341802581e-19, 6.76524346432e-19, 9.70652298066e-19, 8.24604513632e-19, 1.32498979591e-18, 2.54966160867e-18, 2.11046406537e-18, 2.80939363267e-18, 3.54985056185e-18, 4.4319464545e-18, 5.01829632684e-18, 6.22949636596e-18, 6.91679163794e-18, 7.47172808575e-18, 8.56542794603e-18, 1.04375725915e-17, 1.06830318209e-17, 1.19609017902e-17, 1.08517733571e-17, 8.52063611586e-18, 1.04142212828e-17, 8.47766077431e-18, 6.76655661355e-18, 4.18923429199e-18, 2.40846932273e-18, 9.54099690226e-19, 2.31571409683e-19, 2.64282299318e-20], "dvar2": [0.102087885141, 7.0926618576, 13.8319473267, 25.018415451, 41.9218597412, 235.59173584, 289.131652832, 381.527893066, 468.758239746, 2108.21142578, 2948.38476562, 1765.93432617, 5603.07519531, 4912.08056641, 33083.4804688, 23294.1972656, 7305.625, 8378.05175781, 1343.15539551, 2457.6550293, 956.241271973, 698.71270752, 681.816650391, 812.076416016, 598.839538574, 698.528930664, 445.893066406, 426.942626953, 410.472198486, 438.724731445, 1573.10375977, 373.910217285, 174.507400513, 61.2181282043, 41.027431488, 7.87269639969, 1.78168416023, 0.082626350224, 0.00163077679463, 6.2123904172e-06], "dvar": [0.0456207245588, 3.31379890442, 5.99021482468, 8.81625843048, 15.5298223495, 88.4931945801, 97.3558959961, 135.734832764, 182.583724976, 935.389770508, 1185.95593262, 748.165466309, 2378.90673828, 2161.84570312, 15760.5097656, 11066.8662109, 3488.83740234, 3839.34960938, 664.828430176, 1080.46240234, 398.589813232, 318.709503174, 294.620422363, 359.489959717, 271.803649902, 315.770965576, 193.035934448, 187.060455322, 183.242858887, 180.616622925, 654.084106445, 199.031311035, 99.6461334229, 38.3701095581, 19.5011749268, 3.46378588676, 0.684717833996, 0.0338505096734, 0.000742590869777, 3.08367521029e-06], "dmean": [0.141112685204, 1.11701619625, 1.76045930386, 1.81924784184, 2.39808559418, 4.2088432312, 4.86327075958, 7.08745145798, 8.27230739594, 14.6735067368, 22.7106971741, 18.428445816, 30.8988056183, 24.4667797089, 39.9782714844, 42.6863899231, 28.4452114105, 35.0758895874, 17.6796703339, 15.5830202103, 11.147485733, 10.7379779816, 9.97294330597, 12.3371191025, 12.6588344574, 13.2804708481, 11.2225818634, 11.1215162277, 10.7398099899, 10.4920167923, 14.3768434525, 9.08867835999, 6.51752090454, 3.71874022484, 2.58317351341, 1.36884999275, 0.743274450302, 0.14998999238, 0.0159959215671, 0.00110774033237], "max": [1.70462059975, 15.0993671417, 25.6144962311, 25.4965667725, 39.0582084656, 127.839408875, 138.80921936, 225.790420532, 277.519683838, 728.757751465, 485.632598877, 755.795166016, 952.867492676, 1562.86621094, 5095.18017578, 3578.4675293, 1430.83703613, 1472.63696289, 713.968017578, 694.123474121, 347.397064209, 629.491760254, 468.971282959, 371.219390869, 410.755249023, 296.683319092, 188.25843811, 207.762176514, 138.581848145, 146.507385254, 210.036911011, 129.054885864, 112.2186203, 46.9542236328, 28.8591518402, 15.3757104874, 5.63166236877, 1.31504309177, 0.202801838517, 0.0139982905239], "var": [0.103337749839, 4.94454717636, 10.5096254349, 9.7041015625, 15.6676940918, 102.047912598, 91.7748641968, 201.794708252, 277.533081055, 1673.79589844, 1682.78552246, 1271.40344238, 3504.32861328, 3959.26708984, 53468.7265625, 30956.8027344, 9891.62109375, 7977.93261719, 1902.69445801, 2488.23193359, 980.09979248, 911.592346191, 684.501220703, 787.428283691, 714.051513672, 827.037719727, 534.732971191, 500.2159729, 476.15411377, 428.797821045, 860.038513184, 451.490875244, 208.323699951, 81.3643417358, 30.7843875885, 4.92268180847, 0.89269644022, 0.0467626824975, 0.00103099411353, 4.90743332193e-06], "mean": [0.296780645847, 1.68671059608, 2.73183298111, 2.45407581329, 3.00499486923, 5.31915378571, 6.54398870468, 10.4220752716, 13.1042842865, 23.2618236542, 37.7988243103, 32.3008346558, 47.4440727234, 42.8292427063, 75.0711669922, 81.5134963989, 54.9680480957, 59.8539543152, 35.3349685669, 29.2460727692, 22.611410141, 22.3449611664, 20.3906097412, 24.8978042603, 26.1316623688, 28.0511436462, 25.2801322937, 25.7432632446, 23.1930236816, 21.6202430725, 22.6153354645, 16.9084396362, 11.166144371, 6.97508001328, 3.93638086319, 1.79144370556, 0.842219114304, 0.183000221848, 0.0231034085155, 0.00173144671135]}, "spectral_strongpeak": {"dmean2": 0.925375938416, "median": 0.24747993052, "min": 0, "dvar2": 2.60219192505, "dvar": 1.14356136322, "dmean": 0.54167932272, "max": 14.1609735489, "var": 2.15762042999, "mean": 0.752536654472}, "spectral_energy": {"dmean2": 0.0122289797291, "median": 0.0380405038595, "min": 1.01276237961e-20, "dvar2": 0.000129700449179, "dvar": 6.8934794399e-05, "dmean": 0.0083426060155, "max": 0.119225434959, "var": 0.000453902466688, "mean": 0.0360790863633}, "average_loudness": 0.921637296677, "spectral_rolloff": {"dmean2": 1926.70458984, "median": 2239.453125, "min": 21.533203125, "dvar2": 4825939, "dvar": 2518839, "dmean": 1232.9342041, "max": 19595.2148438, "var": 8841326, "mean": 3235.13574219}, "spectral_centroid": {"dmean2": 431.731567383, "median": 2076.97143555, "min": 378.277801514, "dvar2": 197268.109375, "dvar": 87986.359375, "dmean": 281.574798584, "max": 11937.8847656, "var": 1396827.75, "mean": 2161.1862793}, "pitch_salience": {"dmean2": 0.112016633153, "median": 0.578302443027, "min": 0.110039815307, "dvar2": 0.0106388442218, "dvar": 0.00485103810206, "dmean": 0.0739504620433, "max": 0.879388034344, "var": 0.011190735735, "mean": 0.575518965721}, "spectral_energyband_middle_high": {"dmean2": 0.00477063748986, "median": 0.00708294427022, "min": 1.26211615702e-21, "dvar2": 3.93543232349e-05, "dvar": 2.0655705157e-05, "dmean": 0.00333402515389, "max": 0.113009549677, "var": 8.4945197159e-05, "mean": 0.00949828699231}, "spectral_contrast_coeffs": {"dmean2": [0.0913244113326, 0.0842313244939, 0.0663384571671, 0.053638510406, 0.0369398146868, 0.0260371696204], "median": [-0.706245183945, -0.76638096571, -0.769781351089, -0.778987944126, -0.796136796474, -0.763676941395], "min": [-0.983578383923, -0.978170692921, -0.976499438286, -0.976487338543, -0.970539450645, -0.965969324112], "dvar2": [0.00591771164909, 0.00549613079056, 0.00311340414919, 0.00209536007605, 0.0010834839195, 0.000462143681943], "dvar": [0.00246875919402, 0.00191348197404, 0.0011508500902, 0.000791693397332, 0.000397233583499, 0.000197252506041], "dmean": [0.0562651194632, 0.049710791558, 0.0403443947434, 0.032654736191, 0.0221326872706, 0.0164263658226], "max": [-0.368799865246, -0.469570636749, -0.472043126822, -0.54052978754, -0.608340978622, -0.566583812237], "var": [0.0080348290503, 0.00497374823317, 0.00509981997311, 0.00360175408423, 0.00225311936811, 0.00163543003146], "mean": [-0.695035517216, -0.761174917221, -0.761583387852, -0.771889567375, -0.790615081787, -0.766375005245]}, "melbands_skewness": {"dmean2": 0.861990094185, "median": 1.85010659695, "min": -4.63533067703, "dvar2": 0.751700460911, "dvar": 0.335400015116, "dmean": 0.572353184223, "max": 8.40549659729, "var": 1.28732252121, "mean": 1.99569010735}, "spectral_spread": {"dmean2": 953435.75, "median": 6559322, "min": 2452067.5, "dvar2": 1788807741440.0, "dvar": 827916484608, "dmean": 635393.1875, "max": 50797832, "var": 18260057653200.0, "mean": 7040400.5}, "dissonance": {"dmean2": 0.0247375313193, "median": 0.48071205616, "min": 0.196635395288, "dvar2": 0.000756420369726, "dvar": 0.00026592228096, "dmean": 0.0144443679601, "max": 0.500000119209, "var": 0.000482693925733, "mean": 0.474880903959}, "spectral_skewness": {"dmean2": 0.201796770096, "median": 1.28029942513, "min": -0.0917582809925, "dvar2": 0.0331310816109, "dvar": 0.0150786181912, "dmean": 0.129658222198, "max": 4.19753742218, "var": 0.161884114146, "mean": 1.33976447582}, "spectral_flux": {"dmean2": 0.0408332720399, "median": 0.0996977686882, "min": 6.08518860301e-11, "dvar2": 0.00160976138432, "dvar": 0.000617385958321, "dmean": 0.0244296789169, "max": 0.254843652248, "var": 0.00223863031715, "mean": 0.0992640554905}, "spectral_contrast_valleys": {"dmean2": [0.747111797333, 0.715903222561, 0.579373955727, 0.524201154709, 0.440661013126, 0.416675120592], "median": [-6.92617321014, -6.23940467834, -6.50672054291, -7.07046747208, -6.81900167465, -8.64497566223], "min": [-28.1879348755, -27.9558334351, -27.8464488983, -27.718454361, -27.5281085968, -27.4368743896], "dvar2": [0.672671377659, 0.602684140205, 0.373612612486, 0.334377765656, 0.281632333994, 0.258076488972], "dvar": [0.26090836525, 0.243132710457, 0.159789770842, 0.148703068495, 0.131397202611, 0.129315599799], "dmean": [0.45196968317, 0.428557574749, 0.356897294521, 0.329257279634, 0.285669386387, 0.292877674103], "max": [-5.44333171844, -4.90680170059, -5.14552783966, -5.78323745728, -5.66989326477, -7.28722333908], "var": [6.90201044083, 6.89202451706, 6.5302734375, 6.28894996643, 6.52470350266, 5.93347120285], "mean": [-7.57316493988, -6.76001882553, -7.01333665848, -7.51997709274, -7.36732816696, -9.2034778595]}, "erbbands_flatness_db": {"dmean2": 0.0217663589865, "median": 0.0929461419582, "min": 0.0376404188573, "dvar2": 0.00058694841573, "dvar": 0.00025114096934, "dmean": 0.0141493799165, "max": 0.455002695322, "var": 0.00184391683433, "mean": 0.106111697853}, "spectral_energyband_high": {"dmean2": 0.00278865313157, "median": 0.00321819051169, "min": 7.04890117702e-21, "dvar2": 1.6871445041e-05, "dvar": 8.15981729829e-06, "dmean": 0.00195571989752, "max": 0.022412147373, "var": 1.73913922481e-05, "mean": 0.00423554470763}, "spectral_entropy": {"dmean2": 0.197939917445, "median": 8.22451782227, "min": 5.12506914139, "dvar2": 0.0529170110822, "dvar": 0.0212107039988, "dmean": 0.128875568509, "max": 9.82224559784, "var": 0.211322307587, "mean": 8.1174621582}, "silence_rate_20dB": {"dmean2": 0, "median": 1, "min": 1, "dvar2": 0, "dvar": 0, "dmean": 0, "max": 1, "var": 0, "mean": 1}, "melbands_flatness_db": {"dmean2": 0.0389001816511, "median": 0.120658159256, "min": 0.00292214960791, "dvar2": 0.00126563152298, "dvar": 0.000546841649339, "dmean": 0.026470977813, "max": 0.4483474195, "var": 0.00281971599907, "mean": 0.126047328115}, "barkbands": {"dmean2": [0.00322828744538, 0.00692067015916, 0.00225142063573, 0.00113465473987, 0.00172899058089, 0.00127271818928, 0.00103306386154, 0.00163928756956, 0.00130300305318, 0.00163212709595, 0.001366434386, 0.00155793991871, 0.000945580366533, 0.00102424353827, 0.000502460577991, 0.000395387207391, 0.000327029731125, 0.00033779948717, 0.000374560040655, 0.000416958209826, 0.000427191553172, 0.000419431948103, 0.000712224689778, 0.000570561445784, 0.000470342463814, 0.000613509502728, 0.000138995921589], "median": [0.00201841420494, 0.0049417517148, 0.000880975858308, 0.000345429813024, 0.00085278134793, 0.000740270945244, 0.000678524607792, 0.00113932171371, 0.000948841799982, 0.000902838422917, 0.000569505267777, 0.000865269801579, 0.00052839203272, 0.000628268171567, 0.000273272569757, 0.000246606941801, 0.000240731445956, 0.000276740640402, 0.000350192654878, 0.000438836228568, 0.000533456215635, 0.000482967036078, 0.000484928430524, 0.000402538862545, 0.000293812336167, 0.000245990755502, 7.28840313968e-05], "min": [4.73583473941e-25, 1.48945576933e-24, 4.27698344009e-25, 1.79461196728e-25, 6.24356979642e-24, 4.56932690992e-24, 5.12770356345e-24, 4.9855453063e-24, 6.02958180955e-24, 1.48778646076e-23, 9.89984542881e-24, 1.40933282379e-23, 2.18277844029e-23, 4.22474016029e-23, 5.33483532354e-23, 4.70655241983e-23, 6.11466850456e-23, 9.67200898875e-23, 9.42673824936e-23, 1.5656494618e-22, 2.68450426276e-22, 3.32574796181e-22, 4.16737141847e-22, 5.12549612553e-22, 8.45467796731e-22, 1.28903234354e-21, 1.95853185377e-21], "dvar2": [1.31576707645e-05, 0.000115879629448, 1.29968957481e-05, 3.56246368938e-06, 9.04914031707e-06, 4.70077475256e-06, 2.95708673548e-06, 7.05780348653e-06, 3.89006208934e-06, 6.47967590339e-06, 1.51841259139e-05, 1.26557451949e-05, 4.28025168731e-06, 2.83214376395e-06, 7.11320694791e-07, 4.80824326132e-07, 2.22266834271e-07, 2.67135646936e-07, 2.51119558925e-07, 2.58320113744e-07, 2.78583513591e-07, 2.54359946439e-07, 1.38905818403e-06, 6.6030867174e-07, 5.31477667209e-07, 4.78723791275e-07, 5.70994700411e-08], "dvar": [7.14941052138e-06, 5.34801874892e-05, 5.01781414641e-06, 1.22703829675e-06, 3.42810221809e-06, 1.64006326031e-06, 1.21864979974e-06, 2.83586700789e-06, 1.56057205913e-06, 2.74298167824e-06, 7.3038318078e-06, 6.13616020928e-06, 1.94666654352e-06, 1.28504848362e-06, 3.32675199388e-07, 2.08689243664e-07, 9.93516948711e-08, 1.1844512926e-07, 1.0