{"metadata": {"tags": {"bpm": ["88.99"], "musicip_puid": ["bed58375-7bdd-aef2-4b0d-6901d5f35cc9"], "musicbrainz_albumid": ["b15de592-7eb9-4fa3-95f3-1d04ca212df2"], "genre": ["Blues"], "musicbrainz_artistid": ["b95e98f2-5511-4dc9-a089-444af424d74d"], "title": ["I Know Better"], "tracknumber": ["21"], "artist": ["Sonny Terry & Brownie McGhee"], "musicbrainz_albumartistid": ["b95e98f2-5511-4dc9-a089-444af424d74d"], "album": ["Back to New Orleans"], "musicbrainz album type": ["Album"], "musicbrainz_recordingid": ["1d594c4b-b333-4106-aea6-b79e6636a070"], "date": ["1963"], "acoustid_id": ["9ff72848-dcc1-4b42-abcc-db614f10490e"], "file_name": "Sonny Terry & Brownie McGhee - I Know Better.mp3", "acoustid_fingerprint": ["AQADtEokJbK4BBeShw9yND36VLhy_HmGJ4xEJIyOXLzx09hjXMdznMcfJExCfYifh8Pzw9XxyMcl3RjTBz0SJS_yPMSLeYo2NEmSBxUmow-z49KPG0zOEJOuUOgiocm04W-CX8TRfBdCD3qSWcgf-HiEx-hxKY3RJTEl3A_hZ8ET_HjiwFHyHE_64ERvbA9qNQ74ZcauBKHEQ0zmIzV-40f6Ex_E9Ph7YYpK_JCO3MdtTGqyBK6Gy2ge_PiOP-jR1MFrPFse6Lvg6CIatCQuH99RNTk8SXoQ9kVyxylu4tiZ4rkTcAof4kceI1l-MH-x97ie4EmW0UMlKcth9UNzxMqh83hYQ6OOZFl0XFmcoLm0ifjgBz2P-Tme5UnAX3gQfgjT8TgTHtzTJLh-nMbRJ2hO1ArCUIfyT_BzvMuD3DEx6QmaE19ylPrQkMe_BH-OKXonVD9DBPqRjuHxLMcf-MmOa8cZZQ26o4kzPE-D5Ed-B26mxLijGK_IABUcwmJ4iKVS9OmwKzjIPIjHQdcj_MaUF5p_REf4Q0qqKKmR52jCS0WVG7vhM1PwRkekLElOJDPRvOijB-eMZwfnIE1eZZBuBDdCKUkYI4miGf_x4wrKjQ7CVIwK9bPwXoh5IgwTFxqRtwkeHVujJbgkGteSByXhOKB-IfwD6cnRPMf0BWeCL3gy6MqOnmoRKcelLHiKfEMi7enRM2DyB9dVPEdt4y6u3rDKY9JRB67gx8P04Mo0MFF6RJIh5Dn68Gic8LiNdymeHLGeQE4i5MmOK8sU3CZ84RFyJokFtXmRb6jMcEXzudjfDu8iPOAzIT_0IWKc43KOn3gdlMd5bJtGBhV1VLmH5hKi60fzPNCoNEee40kvOO_wopky0yilbXiM5lyN8qmC7zieYzym9Oj5DHli4fuh6-h1TGKv4MYTB5O0WmgqNxnyHE_QnBFGMTB_lF1SHP0V-IlyPMIrwaHCGiHXQ-uIXMeH_jieaBeeiLiS2cj1QOtvNBGzHKqPP4GbRRP0YfyhEx8LLVUPzdGQfzi-xLiY6HiSH2f6FA9znPiRZx80Kk2O-gr6wOMtaKaCMzgf5DPihMyhKrnwnBGar0YfXEYfJU3QLJVZJJOORseZJhYuHs3jo7wQdkzRPDueC1f2II-E5tLRZ85xpsTD48eZHk2yI9mLPNGJ68ctp3henNGEXEXCPPhxb8f0J2j-4MM5VG0QRsoSJD1w9A9-ok5ROURz4kfyIKaORygpHQ2X5Hhf_MduXEqgB24c430SXD46_ejC4krxGM8VInwcI9J1kP7xYwrCbz2-C80KbV1eTN2Ohoxs6O_AXDnCRP9wUccUxkH_49txDemXQG0kI9WUR3g6PEaZoNmO28H0HnyGHsfvI5kj7vgRUqqDuxq-JNzwU8iSkUG_Yc_I4Jp-iEf04BRFvHFg7fixS9GxG8m3Dll8XFOObo7xGydKBU3fIW8P9R3G_ELIqwkacglxIT8UhVtihN-G-yGuCz8qS-lxafCkI_yCC9V1NFqCU3mg6CGaI6eiBldO9Dmc7Ef74CKmI8wLXUocZM_wJ7gz4cXfCO6JJ2CbTAj1Q4tShGfUoAmTrCuu63iGPhumrMujYU4S5TiPp7iJMU8joZmUo0yCR_h15I0Ibcl-5FeSoO_xLcd2Hk-4gO0TjJfwJAitEwl_NM9wScUjTSI8SaHx5yiZofl3vOhueMyCUziSPQnyxCeup8f74FSWw1uPR0fJZCGa50jqI3-wxcYVHkd8JFHUb_huXFKKCd_w4PODvQmFpuiKp4isF08OLdqF-DBJB8UDxvbhRw_ReEmAZ8F5g2PwJsoR5sug6chDCs8ZDWeOJjGPXscLL2OOp8bnBVeGh8f0IEyphAmSMh9uPEPZpWh-_McVXPBlCX-kCFV0NNZeRL-Q7PDBM4d3WniSPMilHgl_-Du2o18aPLHwZMf5BT5TBd-JXIfyEfmS9PDy9GD5BCNP4ksyOE-Orzj6w42KO6i4CLcSfBHG5UEltgKTrkfiJSfyHs0X9MdRJ5GaBE2Ph3hy-LtwOY7RUCNx7fCTwF_BkBHy7Jjy5ITmVER-RnjwBs2PUiKeJMpxf_ieHvtydJECJhuD3IHya0SjjR40DhesDxG3HLdiDdRjnGgaraiUB3Mf5C6h7YFznlCeHFnMxLgiTL-Of8YTp6hE4s2JpM8QXQnAZE1RLaHwiNiD_pjyFNc24mGK_0KlRhHqHhf4xkF-iDnuCOeD5_gcElp-ok9KHE9F_DnyrN3QTB_qKDKO33AyZTlmJXwo9EEY8hB-NHs0BaGTPEEt5MIveFmioz92Paiq5Wg0G3uLB-J-fCKRN4Er5vhyPNzRoxFFnE-Rm4dOBXmYHR-e9Ljp42kZOMocB0eQVElCNJOSJMP0D0-Cmzr6Y8qf4EevI8yXllAe4-DZGJVrlIxSPPoDXRQl5BOaNimyH8wP_ce15IgzPRF-HUfDySilHGMZI3c1uNKhh6KQ_2h6VIp0XDoaTD-uInxAdTkc9cbEzMaOv0KYHyyPT1FSvNtx8fge8D9MHcnlFNl-_AcjOg8e7CiPR5Eo1BMiukg4C79wHf_QyMuHMuMbVCJB2cUz7LiOPjk-XFJqPNFnnHsOHf1yNMeTJMNTXDmFJonw8BlyyvjhEpqPkpGM_Icn0kR6psPzQEv0IE_yWKiYBL7xDM015BWSP0VTE5M0HXvbTHjQJ8V__PDuIqET5D-8o8fRVDzeyGi64FSg55vw4hiP7mg6Gj-F5EIsSXnw58bTVMKPfmi6pUHyIz_-BE-T40p6fMOlIDwPPTuaOHiSG1_TBM8WGc0JAogXAFEgjCAGKGCIJoQYw4QADABBCDDGOWaQAgQBogFAgjgmDHHEOGoCUMIhqYABBBMghAHIGaEAAggA4ImQCCIGAHOEKECQcIAIi4QQhBlAEHEeCSaMYoIAhjUAjGkEmBBOKEIMAQoJYIgSBizAjAAKGGAAIYAQAwwiABhKCGEGEAQAIgA4I4AQCkFBDBEAAGMMEghqQIhQAhAiDCdAEAkQEMg5RoAQQAlFBEKCAECgcAQxIQQSwCEFAAESGECIAwQgCJ1ADgHnDANCCMUIwiABYpgiRBkgDAEAAcIAMNwBARwSjnEhJCLAMGGAIIpAwAQVBgApgNBOGMYMMMYAISQUxBlBgZKQASYEAoIpxoBSQmGjkGBEIYAUEwoBpIASABhFkAJKAEYU8QAAoYgjgBgAgCACEWEEIkwQQpAAgoKDHGOCCOAYQgAIwhBiRBlABMIAKAIAQkYIAIQCAAgiiXQICUYMBwQgpAxBRglCgEJAQSANckgDA4wBTAgBBBGOACWYkMIoCBIBhBEBiIAAQMQUAQYAAZBAAggkABiAIMgAIQ4QJowwBgjkkBDCIUEFRQQYAIDABDAgBBBEGECIUcAA4BEw0ziBDBOCEKYQNmIIQQgSBIBmBGBIKKIQAgIgRAoCChHoAEBAQCUEQQYJQYwhihICICDACSOIIUAQIwyiVkgkiDMAGIIgyQRIAQhBlAhgiBGMEYqUAQAIwwxABAhiECCAAiAoJAIgQwSAVhilEFEGGEMdI0QARyABACAAiBCGAyOAIgYI4ghwwgiDEBPACEAYEQwoJYAgCBkghDUAJMEUUMACKIgIQACAjDGCCAYAMYgYAQwCRDBLDCFUEQISMMIIwBBzAgCgAICCCKC0IoYRxoAQTDBhFAUCASIQAYSBABhQDCiECGBGAAUYgEwgIAAQEAxiBLMYDEUAwJZyIgQBwABnlIGGMAQMYIQJYAgwBBA"], "language": ["eng"]}, "audio_properties": {"sample_rate": 44100, "downmix": "mix", "lossless": false, "analysis_sample_rate": 44100, "md5_encoded": "50120d6983e5266e9489e2953cd75509", "equal_loudness": 0, "replay_gain": -5.52899932861, "codec": "mp3", "bit_rate": 160020, "length": 210.651428223}, "version": {"extractor": "music 1.0", "essentia_build_sha": "2d9f1f26377add8aeb1075a9c2973f962c4f09fd", "essentia_git_sha": "v2.1_beta2-1-ge3940c0", "essentia": "2.1-beta2"}}, "rhythm": {"beats_loudness_band_ratio": {"dvar2": [0.0540592558682, 0.0833983048797, 0.0667872652411, 0.119045160711, 0.0441654883325, 0.000601197069045], "var": [0.0367105603218, 0.0604347400367, 0.0313468649983, 0.0670569017529, 0.00880523491651, 0.000176109067979], "min": [0.000215030246181, 0.00848565250635, 0.00726745836437, 0.000404651800636, 0.000633009127341, 2.47367074735e-06], "dmean": [0.160900354385, 0.226238042116, 0.161222040653, 0.229887083173, 0.0586458668113, 0.0104971658438], "mean": [0.188725531101, 0.3476139009, 0.211838915944, 0.304277598858, 0.0424894802272, 0.0092658335343], "max": [0.847465157509, 0.928968429565, 0.922503829002, 0.95017015934, 0.800003290176, 0.120923608541], "dmean2": [0.25760897994, 0.387389391661, 0.277857929468, 0.388716340065, 0.111852057278, 0.0190232992172], "median": [0.131966918707, 0.348202288151, 0.150753334165, 0.226415455341, 0.0164712816477, 0.00449360907078], "dvar": [0.0223833154887, 0.0348621569574, 0.0251953471452, 0.0451463833451, 0.0151884583756, 0.000208501762245]}, "bpm_histogram_first_peak_weight": {"dvar2": 0, "var": 0, "min": 0.626229524612, "dmean": 0, "mean": 0.626229524612, "max": 0.626229524612, "dmean2": 0, "median": 0.626229524612, "dvar": 0}, "bpm": 87.6213607788, "beats_count": 306, "bpm_histogram_first_peak_spread": {"dvar2": 0, "var": 0, "min": 0.352542310953, "dmean": 0, "mean": 0.352542310953, "max": 0.352542310953, "dmean2": 0, "median": 0.352542310953, "dvar": 0}, "danceability": 1.00386786461, "bpm_histogram_first_peak_bpm": {"dvar2": 0, "var": 0, "min": 88, "dmean": 0, "mean": 88, "max": 88, "dmean2": 0, "median": 88, "dvar": 0}, "beats_position": [0.673378646374, 1.35836732388, 2.03174591064, 2.69351458549, 3.35528349876, 4.05188179016, 4.76009082794, 5.46829938889, 6.15328788757, 6.81505680084, 7.47682523727, 8.15020370483, 8.8119726181, 9.4853515625, 10.1703395844, 10.8437185287, 11.5170974731, 12.1788663864, 12.840634346, 13.5256233215, 14.2106122971, 14.8839902878, 15.5573692322, 16.242357254, 16.8925170898, 17.5542850494, 18.2160549164, 18.877822876, 19.5628108978, 20.247800827, 20.9211788177, 21.5945568085, 22.2795467377, 22.9645347595, 23.6379127502, 24.3112926483, 24.984670639, 25.6696586609, 26.3314285278, 27.0048065186, 27.6665763855, 28.316734314, 28.9785022736, 29.6286621094, 30.3020401001, 30.9870281219, 31.66040802, 32.3337860107, 33.0187759399, 33.7037620544, 34.3887519836, 35.0737419128, 35.7587280273, 36.4437179565, 37.1170959473, 37.7788658142, 38.4522438049, 39.1256217957, 39.8106117249, 40.4839897156, 41.1689796448, 41.8423576355, 42.5273475647, 43.2123336792, 43.8973236084, 44.5823135376, 45.2789115906, 45.9755096436, 46.6721076965, 47.3454856873, 48.018863678, 48.7038536072, 49.3888435364, 50.0738296509, 50.7588195801, 51.4321975708, 52.1055755615, 52.7905654907, 53.4871635437, 54.1721534729, 54.8571434021, 55.5421295166, 56.2155075073, 56.8888893127, 57.5738754272, 58.2588653564, 58.9554634094, 59.6404533386, 60.3254394531, 60.9988212585, 61.6721992493, 62.34557724, 63.0305671692, 63.7271652222, 64.4237594604, 65.1203613281, 65.8169631958, 66.5019454956, 67.1753311157, 67.8603134155, 68.5453033447, 69.2302932739, 69.9152832031, 70.5886611938, 71.273651123, 71.9586410522, 72.632019043, 73.3170089722, 73.9903869629, 74.6753692627, 75.3603591919, 76.0917892456, 76.8232192993, 77.5082092285, 78.1815872192, 78.8665771484, 79.5515594482, 80.2481613159, 80.9215393066, 81.5949172974, 82.2682952881, 82.9648971558, 83.661491394, 84.3580932617, 85.0430831909, 85.7396774292, 86.4362792969, 87.1212692261, 87.7946472168, 88.479637146, 89.1530151367, 89.8380050659, 90.5229949951, 91.1847610474, 91.8581390381, 92.5315170288, 93.216506958, 93.8898849487, 94.5632629395, 95.2482528687, 95.9332427979, 96.6298370361, 97.3148269653, 98.011428833, 98.7080230713, 99.404624939, 100.101219177, 100.797821045, 101.494422913, 102.167800903, 102.852790833, 103.537773132, 104.199546814, 104.872924805, 105.557914734, 106.242897034, 106.939498901, 107.636100769, 108.344306946, 109.040908813, 109.737503052, 110.410881042, 111.084259033, 111.757637024, 112.442626953, 113.139228821, 113.835823059, 114.544036865, 115.229019165, 115.914009094, 116.610610962, 117.3072052, 117.992195129, 118.66557312, 119.350563049, 120.035552979, 120.720542908, 121.405532837, 122.090522766, 122.775505066, 123.472106934, 124.157096863, 124.842086792, 125.527069092, 126.235282898, 126.920272827, 127.616867065, 128.313461304, 128.998458862, 129.683441162, 130.3800354, 131.076644897, 131.773239136, 132.458221436, 133.143218994, 133.816589355, 134.501586914, 135.186569214, 135.871566772, 136.556549072, 137.229934692, 137.914916992, 138.588302612, 139.273284912, 139.958267212, 140.631652832, 141.316635132, 142.00163269, 142.68661499, 143.371612549, 144.056594849, 144.753189087, 145.449798584, 146.134780884, 146.831375122, 147.516372681, 148.189743042, 148.874740601, 149.5597229, 150.256317139, 150.941314697, 151.637908936, 152.334503174, 153.042724609, 153.739318848, 154.435913086, 155.120910645, 155.794281006, 156.479278564, 157.152648926, 157.837631226, 158.522628784, 159.219223022, 159.904220581, 160.589202881, 161.262588501, 161.935958862, 162.620956421, 163.305938721, 164.002532959, 164.675918579, 165.34928894, 166.034286499, 166.719268799, 167.415863037, 168.100860596, 168.785842896, 169.482452393, 170.179046631, 170.875640869, 171.549026489, 172.222396851, 172.919006348, 173.615600586, 174.312194824, 175.008789063, 175.728607178, 176.448425293, 177.121810913, 177.795196533, 178.480178833, 179.165161133, 179.86177063, 180.569976807, 181.278182983, 181.963165283, 182.65977478, 183.34475708, 184.0181427, 184.691513062, 185.364898682, 186.038269043, 186.700042725, 187.385025024, 188.081634521, 188.77822876, 189.474822998, 190.171432495, 190.868026733, 191.541397095, 192.214782715, 192.899765015, 193.584762573, 194.258132935, 194.954742432, 195.639724731, 196.33631897, 197.032928467, 197.729522705, 198.414505005, 199.111114502, 199.80770874, 200.515914917, 201.224121094, 201.920715332, 202.617324829, 203.337142944, 204.05696106, 204.776779175, 205.508209229, 206.251235962, 206.971069336, 207.679275513, 208.375869751, 209.084075928, 209.792282104], "beats_loudness": {"dvar2": 0.00057074718643, "var": 0.000331300165271, "min": 9.45798817042e-08, "dmean": 0.0155905345455, "mean": 0.0241758394986, "max": 0.0866774991155, "dmean2": 0.0269568245858, "median": 0.0186900086701, "dvar": 0.000237815620494}, "bpm_histogram_second_peak_weight": {"dvar2": 0, "var": 0, "min": 0.0295081958175, "dmean": 0, "mean": 0.0295081958175, "max": 0.0295081958175, "dmean2": 0, "median": 0.0295081958175, "dvar": 0}, "bpm_histogram_second_peak_spread": {"dvar2": 0, "var": 0, "min": 0.0999999791384, "dmean": 0, "mean": 0.0999999791384, "max": 0.0999999791384, "dmean2": 0, "median": 0.0999999791384, "dvar": 0}, "bpm_histogram_second_peak_bpm": {"dvar2": 0, "var": 0, "min": 83, "dmean": 0, "mean": 83, "max": 83, "dmean2": 0, "median": 83, "dvar": 0}, "onset_rate": 3.38455200195}, "lowlevel": {"spectral_energyband_high": {"dvar2": 1.66897446974e-08, "var": 2.7018087323e-08, "min": 7.66179111993e-21, "dmean": 3.09490824293e-05, "mean": 6.33201925666e-05, "max": 0.00345298997127, "dmean2": 4.39698269474e-05, "median": 1.91569688468e-05, "dvar": 9.37628286124e-09}, "spectral_energyband_middle_low": {"dvar2": 5.14279017807e-05, "var": 9.19855956454e-05, "min": 3.35961950338e-22, "dmean": 0.00307892658748, "mean": 0.00859247986227, "max": 0.0817554965615, "dmean2": 0.00439012655988, "median": 0.00525474455208, "dvar": 2.55542126979e-05}, "spectral_energy": {"dvar2": 6.47216656944e-05, "var": 0.000332504452672, "min": 1.0906319831e-20, "dmean": 0.00415471754968, "mean": 0.016824753955, "max": 0.0955240800977, "dmean2": 0.00551524572074, "median": 0.00876466650516, "dvar": 4.07234001614e-05}, "spectral_spread": {"dvar2": 500720828416, "var": 1354218340350.0, "min": 256110.609375, "dmean": 384424.28125, "mean": 2614360.25, "max": 39954256, "dmean2": 569814.5625, "median": 2396164, "dvar": 319370919936}, "spectral_energyband_low": {"dvar2": 2.93403445539e-07, "var": 2.45048596526e-07, "min": 7.14699965303e-23, "dmean": 0.000166648984305, "mean": 0.000296035548672, "max": 0.0115347681567, "dmean2": 0.000275236641755, "median": 0.000149012514157, "dvar": 1.12001423247e-07}, "spectral_rolloff": {"dvar2": 458758.75, "var": 525779, "min": 86.1328125, "dmean": 170.016464233, "mean": 1084.04675293, "max": 18410.8886719, "dmean2": 283.84753418, "median": 1012.06054688, "dvar": 239118.078125}, "barkbands": {"dvar2": [4.35929105314e-11, 1.96543545883e-08, 6.94312873861e-08, 1.30066598558e-06, 1.1982912838e-05, 2.57273131865e-06, 6.4540377025e-06, 1.40287675094e-05, 2.28848966799e-05, 1.22802384794e-05, 9.33421688387e-06, 1.40080210258e-05, 1.08933718366e-05, 5.52939491172e-06, 2.06491108656e-06, 2.73291590247e-07, 5.54586954138e-08, 1.06271702549e-08, 1.56466590795e-08, 2.29557572951e-09, 1.9401449336e-09, 2.17747309073e-09, 2.3310327002e-09, 4.54705884056e-10, 4.60082423548e-11, 1.92163927999e-12, 3.39488569093e-14], "var": [2.71982783517e-11, 4.00909598852e-08, 3.12683177128e-08, 8.14903899027e-07, 1.01838095361e-05, 6.15075941823e-06, 8.62134038471e-06, 1.45527255881e-05, 3.48201210727e-05, 5.3882758948e-05, 2.1244159143e-05, 2.23774641199e-05, 2.05410688068e-05, 8.10144501884e-06, 3.10382006319e-06, 7.91169497916e-07, 9.74535296905e-08, 1.58492401425e-08, 2.97056885756e-08, 2.94980173621e-09, 2.02417460571e-09, 2.48976816941e-09, 2.30026864223e-09, 9.36435817778e-10, 4.2300395825e-11, 1.34863008348e-12, 6.55572736938e-14], "min": [2.10703848483e-23, 3.78443649941e-23, 1.50375158554e-23, 8.1379932279e-24, 1.09165576047e-22, 5.41104307351e-23, 5.70874845064e-23, 3.17823539016e-23, 5.78310584847e-23, 5.29789075853e-23, 4.14416748515e-23, 1.19877133315e-22, 6.90763842846e-23, 1.31850514621e-22, 1.74875720455e-22, 2.03344195911e-22, 1.5440233134e-22, 4.00172451233e-22, 2.57376636702e-22, 4.74702060561e-22, 3.12386848497e-22, 4.39204329568e-22, 7.4522884447e-22, 7.98820141621e-22, 1.16740407785e-21, 1.89974124381e-21, 2.36300499796e-21], "dmean": [2.15273303183e-07, 2.59059524979e-05, 6.08644295426e-05, 0.000345971842762, 0.00122017378453, 0.000516676635016, 0.000505287898704, 0.000642279919703, 0.000990631873719, 0.000840975146275, 0.000734599889256, 0.000843432557303, 0.000756776309572, 0.000390229921322, 0.000166278434335, 9.87305975286e-05, 5.41422123206e-05, 2.03781473829e-05, 2.60708202404e-05, 1.14227450467e-05, 1.18706029753e-05, 8.11980771687e-06, 5.85656061958e-06, 3.35394565809e-06, 1.36465087053e-06, 2.49892025295e-07, 1.48607917083e-08], "mean": [1.95773509404e-07, 4.23496530857e-05, 9.23240950215e-05, 0.000483650685055, 0.00223942985758, 0.00133514858317, 0.00103079702239, 0.00105862086639, 0.00200055306777, 0.00209380663, 0.00163615704514, 0.00171826430596, 0.00154543330427, 0.000752485007979, 0.000312818883685, 0.000210295067518, 0.000110019755084, 3.7646630517e-05, 5.09067504026e-05, 2.11755595956e-05, 2.36866726482e-05, 1.32826053232e-05, 8.46453531267e-06, 5.21633864992e-06, 1.75844024852e-06, 2.96831274227e-07, 2.01276364464e-08], "max": [0.000410071981605, 0.00537758506835, 0.00444517470896, 0.0159092918038, 0.04144365713, 0.0340348258615, 0.0416753143072, 0.0582373216748, 0.0685685127974, 0.0862976610661, 0.0566119551659, 0.0595405325294, 0.0617287755013, 0.0358242914081, 0.038445673883, 0.0267549715936, 0.00430988334119, 0.00371636589989, 0.00286492542364, 0.00104989821557, 0.000866838963702, 0.00140356610063, 0.00195931503549, 0.000898450962268, 0.000146752252476, 3.05375724565e-05, 1.18623047456e-05], "dmean2": [3.34183368977e-07, 3.99983618991e-05, 0.000103128426417, 0.000563239911571, 0.00189077714458, 0.000752676511183, 0.000751266255975, 0.000969078741036, 0.00140337401535, 0.00105496461038, 0.000998325878754, 0.00115302740596, 0.00105534039903, 0.000556349812541, 0.000234702136368, 0.000139446230605, 7.81775670475e-05, 3.01084710372e-05, 3.76455500373e-05, 1.72965374077e-05, 1.77685942617e-05, 1.16709952636e-05, 8.65880156198e-06, 4.82012001157e-06, 2.02190699383e-06, 3.71185421955e-07, 2.17087929855e-08], "median": [2.33741914712e-08, 5.77230366616e-06, 3.71426067431e-05, 0.000203946226975, 0.00120921013877, 0.000537826505024, 0.00022991404694, 0.000141124939546, 0.000244469672907, 9.56236181082e-05, 0.000224220595555, 0.000155990375788, 0.000134847970912, 4.02993027819e-05, 2.10802354559e-05, 1.82834373845e-05, 1.59582850756e-05, 8.62485921971e-06, 8.17913496576e-06, 5.4034931054e-06, 6.44626015855e-06, 2.80539279629e-06, 1.48230287778e-06, 9.47531191287e-07, 3.07182062897e-07, 2.65250896803e-08, 8.2025575221e-10], "dvar": [2.22973878944e-11, 1.0304231246e-08, 2.29936709673e-08, 5.29280725914e-07, 5.13923032486e-06, 1.28892213525e-06, 3.09682673105e-06, 6.61138437863e-06, 1.1255591744e-05, 8.82666881807e-06, 5.40098199053e-06, 7.15121859685e-06, 5.91983643972e-06, 2.69211159321e-06, 9.75485932031e-07, 1.65403250207e-07, 2.70180340323e-08, 5.13209474917e-09, 8.09899702858e-09, 1.05495856495e-09, 8.43584202492e-10, 1.22910681633e-09, 1.15059695105e-09, 2.61525134881e-10, 2.23730634713e-11, 8.91367708811e-13, 1.83535200655e-14]}, "melbands_skewness": {"dvar2": 0.866357862949, "var": 1.88440072536, "min": -3.69047474861, "dmean": 0.54744207859, "mean": 1.27206587791, "max": 20.6633701324, "dmean2": 0.811694562435, "median": 1.2365026474, "dvar": 0.392997980118}, "barkbands_skewness": {"dvar2": 0.74824821949, "var": 1.54035329819, "min": -3.96771550179, "dmean": 0.515494704247, "mean": 1.001912117, "max": 16.7018871307, "dmean2": 0.76856803894, "median": 0.938937962055, "dvar": 0.329227000475}, "erbbands": {"dvar2": [2.83524718725e-06, 0.00163723551668, 0.0501642264426, 2.94626641273, 150.350128174, 141.939056396, 140.11831665, 175.534744263, 835.623901367, 2093.94750977, 9433.3671875, 11038.2958984, 10035.9082031, 12646.9443359, 9684.07324219, 22899.5566406, 16079.8046875, 14092.8740234, 7911.04736328, 1337.65515137, 474.856811523, 117.161804199, 33.6655426025, 32.4234886169, 34.6523780823, 3.61089468002, 2.11313700676, 3.8984568119, 2.52247691154, 2.56681466103, 1.75016260147, 0.455570548773, 0.0803468152881, 0.0108957318589, 0.00128497125115, 9.2154237791e-05, 4.26944279752e-06, 2.79959778027e-07, 1.72834091483e-09, 8.89629273026e-11], "var": [4.33511831943e-06, 0.00313780154102, 0.0324166454375, 1.98267030716, 106.852745056, 133.546386719, 289.031341553, 376.665649414, 1036.36523438, 2370.55053711, 10905.3085938, 18253.0175781, 24475.2402344, 66116.3984375, 15143.4521484, 39181.2578125, 29429.0585938, 27612.8398438, 16181.2431641, 3285.17431641, 1099.61437988, 270.947814941, 60.7558479309, 39.8100204468, 95.5296630859, 6.93288516998, 3.74488091469, 4.31172609329, 3.27087593079, 2.15782403946, 1.87300336361, 0.719725728035, 0.161482080817, 0.014252028428, 0.000867421855219, 5.48037460248e-05, 3.10108475787e-06, 2.72865349871e-07, 1.76978343092e-09, 4.74132455519e-10], "min": [7.98608499706e-22, 9.54300178127e-21, 2.29533588851e-20, 2.17448043893e-20, 5.68275536516e-20, 5.69676599528e-19, 3.76030671299e-19, 5.98494434696e-19, 8.99208088174e-19, 6.62552231911e-19, 7.82608812426e-19, 1.36961401861e-18, 1.62122364598e-18, 1.24742837859e-18, 2.69423147984e-18, 5.01110399142e-18, 2.98682284009e-18, 8.17529813628e-18, 9.61120178879e-18, 7.8994888231e-18, 1.02060588001e-17, 1.18440476394e-17, 2.32003895896e-17, 1.05430976766e-17, 2.1503309449e-17, 1.70365027083e-17, 1.21026367066e-17, 1.3751581553e-17, 1.47374154071e-17, 2.1422525336e-17, 1.99152484043e-17, 1.52027541325e-17, 1.39136593223e-17, 1.08231181663e-17, 1.07069050805e-17, 7.57976118247e-18, 2.85813876579e-18, 1.47725182639e-18, 3.17080197379e-19, 3.20730364476e-20], "dmean": [0.000227500815527, 0.00787761528045, 0.0564256682992, 0.562291622162, 3.42297744751, 4.23332691193, 3.47954726219, 4.2352604866, 5.67747783661, 8.89511489868, 17.4864444733, 20.7808055878, 21.5140857697, 31.013967514, 24.3268795013, 33.1511459351, 29.5023841858, 20.8719501495, 11.605931282, 5.6441116333, 4.68159723282, 2.62263512611, 1.17099773884, 1.10276937485, 1.21731162071, 0.503217637539, 0.438540786505, 0.499225437641, 0.299854844809, 0.200787529349, 0.15949344635, 0.0980506539345, 0.0453897975385, 0.0193704795092, 0.00750861177221, 0.00177981995512, 0.000322483945638, 6.11332288827e-05, 4.30903946835e-06, 4.88523892272e-06], "mean": [0.000417232367909, 0.0134937362745, 0.0981018394232, 0.885539412498, 4.99831151962, 8.22229290009, 8.73916816711, 10.7273626328, 11.7111310959, 16.8161945343, 32.8009681702, 44.0525360107, 49.6790084839, 83.3924484253, 56.1172027588, 72.6463317871, 65.1565246582, 49.7789306641, 25.8894920349, 12.7199964523, 10.9315633774, 6.2082400322, 2.50372743607, 2.10706067085, 2.50094556808, 1.03035581112, 0.921686828136, 0.949382483959, 0.520837068558, 0.303042799234, 0.232071846724, 0.144195958972, 0.0687802135944, 0.0267038419843, 0.00931160710752, 0.00209156400524, 0.000406609935453, 7.79289912316e-05, 1.2069936929e-05, 1.99300066015e-05], "max": [0.0715987607837, 1.48238015175, 3.68441200256, 24.9412078857, 184.236129761, 193.320556641, 262.090423584, 263.960144043, 701.037475586, 806.61505127, 1712.84008789, 1826.34997559, 2312.4543457, 3473.15283203, 2484.09594727, 2623.30712891, 3047.57202148, 2151.015625, 2503.42578125, 1466.56201172, 463.131103516, 252.308105469, 264.676391602, 137.439834595, 202.535903931, 46.2785758972, 47.7875175476, 47.5451431274, 47.1116371155, 44.0129928589, 53.0223236084, 26.8572750092, 12.4193334579, 3.16562104225, 0.633618056774, 0.19652287662, 0.06186594069, 0.0199637711048, 0.00192378950305, 0.000112558118417], "dmean2": [0.000333332747687, 0.0122259156778, 0.0936133489013, 0.912345349789, 5.33486366272, 6.69414424896, 5.16309690475, 6.12086057663, 8.49001407623, 13.052192688, 26.1576747894, 28.8522472382, 27.7116832733, 36.9553985596, 32.3847579956, 44.9508514404, 40.4142303467, 29.0818576813, 15.8591127396, 7.7136721611, 6.64571380615, 3.71777462959, 1.66310894489, 1.58668410778, 1.73840796947, 0.748210668564, 0.649555027485, 0.736957788467, 0.42859941721, 0.294279515743, 0.234066858888, 0.142774626613, 0.0665320456028, 0.028486058116, 0.011260391213, 0.00267177796923, 0.000479630369227, 9.15922719287e-05, 6.20914670435e-06, 6.46705939289e-06], "median": [7.65785371186e-05, 0.00277991080657, 0.0431211777031, 0.438452064991, 1.8056293726, 4.5376291275, 3.7466711998, 4.52186203003, 3.61042761803, 4.03288078308, 5.43734693527, 6.16610956192, 5.45440340042, 8.31128406525, 13.359711647, 9.63489341736, 8.32157802582, 3.22413635254, 1.38671088219, 1.31556200981, 1.07965123653, 1.02625155449, 0.597632586956, 0.451225847006, 0.363178491592, 0.279884517193, 0.266732096672, 0.233169436455, 0.121592923999, 0.0560064539313, 0.0402446575463, 0.0243791695684, 0.0121858781204, 0.00478319544345, 0.0014589370694, 0.00025542761432, 3.81590980396e-05, 5.11377538714e-06, 5.2043001233e-06, 1.0286916222e-05], "dvar": [1.51320557507e-06, 0.000829893979244, 0.0177300684154, 1.18367695808, 67.4197769165, 57.1606445313, 68.5366134644, 90.3486633301, 381.529937744, 1028.00854492, 4453.54492188, 5430.92236328, 5857.8515625, 9609.55078125, 5221.35058594, 11707.9199219, 8442.94824219, 6851.45556641, 3854.42553711, 761.57220459, 254.168823242, 57.3269004822, 18.0499210358, 16.0291824341, 18.6431522369, 1.84498214722, 0.994436979294, 1.88327753544, 1.50046432018, 1.22920238972, 0.904689013958, 0.244005024433, 0.0458607934415, 0.00574842188507, 0.000589536968619, 4.21188160544e-05, 1.91118056136e-06, 1.26677164758e-07, 6.7892363953e-10, 5.64383158264e-11]}, "silence_rate_30dB": {"dvar2": 0, "var": 0, "min": 1, "dmean": 0, "mean": 1, "max": 1, "dmean2": 0, "median": 1, "dvar": 0}, "melbands_spread": {"dvar2": 66.413444519, "var": 104.88936615, "min": 0.353766649961, "dmean": 3.47321105003, "mean": 14.0762577057, "max": 182.899078369, "dmean2": 5.18111753464, "median": 12.1616344452, "dvar": 33.0794868469}, "melbands_crest": {"dvar2": 22.2705745697, "var": 23.8441028595, "min": 2.04047417641, "dmean": 3.04903841019, "mean": 14.2811050415, "max": 33.0234794617, "dmean2": 4.84167289734, "median": 13.4637308121, "dvar": 8.49074268341}, "zerocrossingrate": {"dvar2": 8.62282759044e-05, "var": 0.000437047681771, "min": 0.00830078125, "dmean": 0.00497937062755, "mean": 0.0394783988595, "max": 0.4833984375, "dmean2": 0.00590039277449, "median": 0.03759765625, "dvar": 7.77324821684e-05}, "barkbands_kurtosis": {"dvar2": 184.752227783, "var": 67.6157684326, "min": -1.87080740929, "dmean": 2.51889705658, "mean": 3.81157779694, "max": 446.944274902, "dmean2": 3.97878289223, "median": 1.94742751122, "dvar": 60.1399421692}, "spectral_flux": {"dvar2": 0.00116412620991, "var": 0.00220789108425, "min": 1.04433330039e-10, "dmean": 0.0202801842242, "mean": 0.0552448444068, "max": 0.313754945993, "dmean2": 0.0301886703819, "median": 0.0396322645247, "dvar": 0.00056850007968}, "barkbands_crest": {"dvar2": 15.739481926, "var": 17.8514900208, "min": 3.36778783798, "dmean": 2.62506604195, "mean": 12.37803936, "max": 26.150680542, "dmean2": 4.18818092346, "median": 11.7619199753, "dvar": 6.24163007736}, "barkbands_flatness_db": {"dvar2": 0.00109791068826, "var": 0.00328978314064, "min": 0.0694359242916, "dmean": 0.0226299222559, "mean": 0.243729680777, "max": 0.534069478512, "dmean2": 0.0330717600882, "median": 0.243033587933, "dvar": 0.000537356361747}, "spectral_entropy": {"dvar2": 0.100610643625, "var": 0.285415202379, "min": 3.86724543571, "dmean": 0.205471515656, "mean": 6.61048793793, "max": 9.79975509644, "dmean2": 0.293120771646, "median": 6.59958362579, "dvar": 0.0507157221437}, "pitch_salience": {"dvar2": 0.00974574033171, "var": 0.0145952524617, "min": 0.0868500322104, "dmean": 0.0671295449138, "mean": 0.547167420387, "max": 0.856175363064, "dmean2": 0.104648128152, "median": 0.553416311741, "dvar": 0.00395869463682}, "erbbands_spread": {"dvar2": 78.9650878906, "var": 143.971847534, "min": 0.928151786327, "dmean": 4.12467002869, "mean": 17.1854686737, "max": 162.909210205, "dmean2": 6.06120061874, "median": 14.9654941559, "dvar": 38.2753791809}, "dynamic_complexity": 5.05054998398, "spectral_contrast_valleys": {"dvar2": [0.400180190802, 0.215683862567, 0.218700259924, 0.230909183621, 0.233492746949, 0.30003669858], "var": [1.07990682125, 0.753521382809, 0.99664914608, 1.20743262768, 1.31931877136, 1.42567920685], "min": [-27.2468395233, -27.5186920166, -27.0059986115, -27.459104538, -27.270450592, -27.3066539764], "dmean": [0.475955635309, 0.329161882401, 0.341323703527, 0.350753039122, 0.340252906084, 0.376992315054], "mean": [-9.34299468994, -7.23315763474, -7.89680767059, -8.77415466309, -9.2556886673, -12.2284631729], "max": [-6.34013652802, -5.11742019653, -5.01779603958, -5.73550653458, -6.85457611084, -8.42412376404], "dmean2": [0.783671140671, 0.512884616852, 0.523256838322, 0.508813202381, 0.461780875921, 0.49919757247], "median": [-9.27784156799, -7.14715385437, -7.80472707748, -8.66096591949, -9.11058425903, -12.0907888412], "dvar": [0.171487480402, 0.105367809534, 0.111651696265, 0.128781095147, 0.136319741607, 0.174018159509]}, "hfc": {"dvar2": 55.9846878052, "var": 344.563140869, "min": 1.17719289051e-16, "dmean": 3.43994474411, "mean": 14.1263971329, "max": 101.330657959, "dmean2": 4.41141080856, "median": 5.16486120224, "dvar": 36.8477096558}, "spectral_kurtosis": {"dvar2": 200.056350708, "var": 353.19821167, "min": -1.18533957005, "dmean": 6.80398273468, "mean": 15.6910181046, "max": 406.324249268, "dmean2": 11.3870210648, "median": 11.1855106354, "dvar": 82.3280258179}, "mfcc": {"mean": [-749.234436035, 166.919418335, -22.5925712585, -7.56931447983, -24.908946991, -3.20580077171, -9.39082050323, -10.0346155167, -15.6865959167, -18.3443183899, -15.9868240356, -6.22045040131, -11.6085720062], "cov": [[6435.07958984, -559.8984375, -1475.77001953, -208.399032593, -253.49407959, 295.671539307, -33.6044120789, -3.82833600044, 117.167770386, 171.116439819, 35.9866447449, 39.1765899658, -124.188354492], [-559.8984375, 1284.98217773, 146.310775757, 16.7662143707, 16.4944152832, -96.0249710083, 66.0972366333, 36.5998001099, 18.1534061432, -36.4155006409, 0.570229530334, -33.1332092285, -32.0926513672], [-1475.77001953, 146.310775757, 1003.41900635, 210.459381104, 139.211105347, -34.2096366882, 23.2852935791, 39.3731117249, -74.9872436523, -31.9645233154, -43.0300483704, -10.3455476761, 66.9984741211], [-208.399032593, 16.7662143707, 210.459381104, 341.625701904, 147.217208862, 1.27705967426, -20.7450008392, -26.6489677429, -6.15789794922, 23.2753982544, -37.3012771606, -23.4558334351, 39.1970405579], [-253.49407959, 16.4944152832, 139.211105347, 147.217208862, 274.360076904, 27.6448841095, -43.5185089111, -45.9002609253, -19.9910297394, 62.3436889648, -27.3396778107, -10.4153728485, 27.4881744385], [295.671539307, -96.0249710083, -34.2096366882, 1.27705967426, 27.6448841095, 201.434158325, 32.8368644714, -29.2089881897, 6.40020370483, 14.8379507065, 24.6677932739, 16.8147830963, -0.776541113853], [-33.6044120789, 66.0972366333, 23.2852935791, -20.7450008392, -43.5185089111, 32.8368644714, 198.268707275, 95.6317138672, -6.53874969482, -28.1058673859, 11.7834663391, 0.459065914154, -14.8210325241], [-3.82833600044, 36.5998001099, 39.3731117249, -26.6489677429, -45.9002609253, -29.2089881897, 95.6317138672, 190.422454834, 15.817741394, -41.814868927, 14.5887727737, 1.53917312622, -9.29047679901], [117.167770386, 18.1534061432, -74.9872436523, -6.15789794922, -19.9910297394, 6.40020370483, -6.53874969482, 15.817741394, 132.194793701, 21.5090465546, 6.39983606339, -3.92940449715, -5.32571411133], [171.116439819, -36.4155006409, -31.9645233154, 23.2753982544, 62.3436889648, 14.8379507065, -28.1058673859, -41.814868927, 21.5090465546, 162.291107178, 12.3265628815, -25.8669223785, -1.70917224884], [35.9866447449, 0.570229530334, -43.0300483704, -37.3012771606, -27.3396778107, 24.6677932739, 11.7834663391, 14.5887727737, 6.39983606339, 12.3265628815, 142.029922485, 27.385011673, -16.5052146912], [39.1765899658, -33.1332092285, -10.3455476761, -23.4558334351, -10.4153728485, 16.8147830963, 0.459065914154, 1.53917312622, -3.92940449715, -25.8669223785, 27.385011673, 107.961357117, 30.6969623566], [-124.188354492, -32.0926513672, 66.9984741211, 39.1970405579, 27.4881744385, -0.776541113853, -14.8210325241, -9.29047679901, -5.32571411133, -1.70917224884, -16.5052146912, 30.6969623566, 117.295776367]], "icov": [[0.000287428905722, 3.0246188544e-05, 0.000406479462981, -0.000182504561963, 0.000270956399618, -0.00044323169277, 0.000207857010537, -0.000313744560117, 0.000121814373415, -0.000358646037057, 0.00022470667318, -0.000179611844942, 0.00015531507961], [3.0246188544e-05, 0.000877772457898, -8.24074741104e-05, 4.77981338918e-05, -0.000200941096409, 0.000486137752887, -0.000447381375125, 0.000204227428185, -0.000308434740873, 0.000232668477111, -0.000143979908898, 0.000178854359547, 0.000235557978158], [0.000406479462981, -8.24074741104e-05, 0.00188516755588, -0.000867249153089, 1.63095210155e-05, -0.000515948166139, 0.000226516684052, -0.000842007575557, 0.00082582293544, -0.000249297765549, 0.000374316994566, -0.000125460821437, -0.000305103691062], [-0.000182504561963, 4.77981338918e-05, -0.000867249153089, 0.00443105213344, -0.0021238788031, 0.000435212306911, -0.000347052118741, 0.000618704711087, -0.000658368226141, 0.000502983282786, 0.000109981861897, 0.00101418641862, -0.000932263617869], [0.000270956399618, -0.000200941096409, 1.63095210155e-05, -0.0021238788031, 0.00603882269934, -0.00149930210318, 0.00127275940031, -0.000362384831533, 0.00111187272705, -0.00239370111376, 0.000995731330477, -0.000574077479541, -5.47179624846e-05], [-0.00044323169277, 0.000486137752887, -0.000515948166139, 0.000435212306911, -0.00149930210318, 0.00692833308131, -0.00263500306755, 0.00243381620385, -0.000990110333078, 0.000701201788615, -0.00140373734757, -0.000386683386751, -6.10128263361e-05], [0.000207857010537, -0.000447381375125, 0.000226516684052, -0.000347052118741, 0.00127275940031, -0.00263500306755, 0.00795457139611, -0.00430143764243, 0.00128340616357, -0.000408141786465, 0.00045983408927, -3.22303130815e-05, 0.000558416882996], [-0.000313744560117, 0.000204227428185, -0.000842007575557, 0.000618704711087, -0.000362384831533, 0.00243381620385, -0.00430143764243, 0.00856952928007, -0.00185273843817, 0.00190804630984, -0.00120902259368, 0.000439243885921, -0.000107228697743], [0.000121814373415, -0.000308434740873, 0.00082582293544, -0.000658368226141, 0.00111187272705, -0.000990110333078, 0.00128340616357, -0.00185273843817, 0.00870052073151, -0.0017203905154, 0.000287191884127, -8.09636112535e-05, -2.72426041192e-05], [-0.000358646037057, 0.000232668477111, -0.000249297765549, 0.000502983282786, -0.00239370111376, 0.000701201788615, -0.000408141786465, 0.00190804630984, -0.0017203905154, 0.00850654859096, -0.00180555216502, 0.00250875554048, -0.000541369779967], [0.00022470667318, -0.000143979908898, 0.000374316994566, 0.000109981861897, 0.000995731330477, -0.00140373734757, 0.00045983408927, -0.00120902259368, 0.000287191884127, -0.00180555216502, 0.00850793067366, -0.00276403035969, 0.00157493830193], [-0.000179611844942, 0.000178854359547, -0.000125460821437, 0.00101418641862, -0.000574077479541, -0.000386683386751, -3.22303130815e-05, 0.000439243885921, -8.09636112535e-05, 0.00250875554048, -0.00276403035969, 0.011949211359, -0.00372902373783], [0.00015531507961, 0.000235557978158, -0.000305103691062, -0.000932263617869, -5.47179624846e-05, -6.10128263361e-05, 0.000558416882996, -0.000107228697743, -2.72426041192e-05, -0.000541369779967, 0.00157493830193, -0.00372902373783, 0.0105030406266]]}, "silence_rate_20dB": {"dvar2": 0, "var": 0, "min": 1, "dmean": 0, "mean": 1, "max": 1, "dmean2": 0, "median": 1, "dvar": 0}, "melbands_kurtosis": {"dvar2": 392.20111084, "var": 151.934661865, "min": -1.84803760052, "dmean": 3.44673919678, "mean": 5.31653928757, "max": 607.287597656, "dmean2": 5.36008834839, "median": 2.80619597435, "dvar": 133.629165649}, "barkbands_spread": {"dvar2": 27.3433551788, "var": 55.8773498535, "min": 0.570557534695, "dmean": 2.20050930977, "mean": 9.03430652618, "max": 111.593536377, "dmean2": 3.26870918274, "median": 7.65477180481, "dvar": 13.7036848068}, "erbbands_skewness": {"dvar2": 0.414824455976, "var": 0.83802562952, "min": -3.76590228081, "dmean": 0.395432084799, "mean": 0.336159944534, "max": 10.0348615646, "dmean2": 0.585738360882, "median": 0.361176997423, "dvar": 0.186641663313}, "average_loudness": 0.615898787975, "spectral_centroid": {"dvar2": 70381.3046875, "var": 157710.578125, "min": 208.871902466, "dmean": 118.906814575, "mean": 807.95904541, "max": 11612.7177734, "dmean2": 174.803588867, "median": 763.557861328, "dvar": 42481.0390625}, "dissonance": {"dvar2": 0.00384975620545, "var": 0.00345567357726, "min": 0.0941905677319, "dmean": 0.0394099578261, "mean": 0.414082884789, "max": 0.500000059605, "dmean2": 0.0659477487206, "median": 0.428666681051, "dvar": 0.00144634046592}, "erbbands_flatness_db": {"dvar2": 0.0008746025851, "var": 0.00363542116247, "min": 0.0356486178935, "dmean": 0.0205808468163, "mean": 0.276454091072, "max": 0.488655537367, "dmean2": 0.0283807516098, "median": 0.275805920362, "dvar": 0.000491885584779}, "spectral_strongpeak": {"dvar2": 2.17932939529, "var": 5.11165523529, "min": 0, "dmean": 0.65008187294, "mean": 1.84796023369, "max": 13.8867168427, "dmean2": 1.01835250854, "median": 0.782591044903, "dvar": 1.02050840855}, "spectral_rms": {"dvar2": 6.70792474011e-07, "var": 4.18962054027e-06, "min": 3.26194908758e-12, "dmean": 0.000521260430105, "mean": 0.00349640054628, "max": 0.00965371541679, "dmean2": 0.000679877819493, "median": 0.00292419129983, "dvar": 4.4761168283e-07}, "silence_rate_60dB": {"dvar2": 0.139483481646, "var": 0.157477423549, "min": 0, "dmean": 0.0736331567168, "mean": 0.195855841041, "max": 1, "dmean2": 0.147282555699, "median": 0, "dvar": 0.0682168379426}, "melbands": {"dvar2": [6.37281394322e-10, 8.3597910816e-09, 3.37445982268e-07, 7.73192482484e-07, 1.3515335695e-07, 8.60261479829e-08, 2.10188446204e-07, 2.75824561413e-07, 7.1161065307e-07, 4.31898001807e-07, 2.5977601581e-07, 2.26595531672e-07, 1.39163219615e-07, 2.01899354124e-07, 1.35568200221e-07, 9.85938442e-08, 5.62280675354e-08, 2.77905254364e-08, 7.22298754141e-09, 2.17168172334e-09, 8.5496520974e-10, 2.47189463343e-10, 2.90881728426e-11, 5.03668044771e-11, 3.02355362969e-11, 3.37284054852e-11, 8.44414121959e-12, 1.72936881829e-12, 9.0354947916e-13, 1.410715403e-12, 1.57543173385e-12, 8.86418217473e-13, 1.17181243008e-12, 9.69419640048e-13, 7.8472791416e-13, 4.12992041824e-13, 1.62347579499e-13, 6.07809091144e-14, 1.96613084429e-14, 5.94473895701e-15], "var": [1.43057643509e-09, 7.01186353425e-09, 2.48608301945e-07, 6.09179721778e-07, 2.66941356131e-07, 1.92549549638e-07, 2.65425455837e-07, 2.72395368484e-07, 8.42121437472e-07, 7.11994744051e-07, 6.68714164931e-07, 1.21815617149e-06, 2.86969992658e-07, 3.05497394493e-07, 2.22962071916e-07, 1.88867630868e-07, 9.2769376181e-08, 5.90199817907e-08, 1.063749e-08, 5.62760993361e-09, 1.60461721688e-09, 4.57745424898e-10, 9.51207862476e-11, 6.43997702388e-11, 3.24042945254e-11, 5.95166277373e-11, 1.73886981203e-11, 2.80802833243e-12, 2.12509133554e-12, 1.18017314671e-12, 1.8049248077e-12, 1.10180040005e-12, 9.57614846794e-13, 6.62821793979e-13, 7.29637650212e-13, 4.83929465511e-13, 2.29464938804e-13, 9.80995883484e-14, 3.36462120372e-14, 5.67520883803e-15], "min": [1.06797551293e-23, 1.27991175148e-23, 3.85408013779e-24, 2.03894069828e-23, 1.88470971384e-23, 1.28006573713e-23, 1.3045141143e-23, 7.02994263435e-24, 7.27683795388e-24, 8.36313728569e-24, 8.17348013572e-24, 5.19267059773e-24, 7.54478718211e-24, 1.36279208142e-23, 7.30485671551e-24, 9.39515825406e-24, 1.47817403286e-23, 1.44593612757e-23, 9.92577607563e-24, 1.35087144651e-23, 1.13962932668e-23, 1.04615001938e-23, 2.19356563985e-23, 1.43229214712e-23, 7.62630333489e-24, 1.08678913555e-23, 2.24179344015e-23, 8.50855196066e-24, 8.24940642013e-24, 7.95539322759e-24, 7.10098744747e-24, 7.63452878755e-24, 9.79098262389e-24, 1.36008739292e-23, 1.16633053282e-23, 9.83945970424e-24, 9.28440060525e-24, 1.01465963868e-23, 7.9467828108e-24, 9.71575527025e-24], "dmean": [4.47869069831e-06, 2.18558307097e-05, 0.00017427727289, 0.000293903198326, 0.000125109188957, 9.5723567938e-05, 9.17851721169e-05, 0.000104486221971, 0.000154649693286, 0.000131590728415, 0.000112476831418, 0.000130677566631, 9.58052114584e-05, 9.39220917644e-05, 8.10515484773e-05, 6.45335821901e-05, 3.95902898163e-05, 2.23785827984e-05, 9.62980357144e-06, 7.16691010894e-06, 5.95494520894e-06, 3.43690498994e-06, 1.20031529605e-06, 1.17234776553e-06, 9.49596483224e-07, 1.03481693259e-06, 6.30857016404e-07, 3.15575505283e-07, 2.91590254164e-07, 2.96930693366e-07, 3.06088168145e-07, 1.83029982281e-07, 1.42385658819e-07, 1.08195990833e-07, 9.42257543102e-08, 8.85439419