{"metadata": {"tags": {"album": ["My Diary"], "albumartist": ["R. Kelly"], "genre": ["R&B"], "artist": ["R. Kelly"], "date": ["2005"], "tracknumber": ["16"], "title": ["Step In The Name Of Love (Live Version)"], "file_name": "159340.mp3", "musicbrainz_recordingid": ["1d66e53b-66ce-4e11-9cb9-82d43ca438d4"]}, "audio_properties": {"sample_rate": 44100, "downmix": "mix", "lossless": false, "analysis_sample_rate": 44100, "md5_encoded": "f262699d585889f4d6f2c84d9ce85e08", "equal_loudness": 0, "replay_gain": -13.1729259491, "codec": "mp3", "bit_rate": 245452, "length": 303.203277588}, "version": {"extractor": "music 1.0", "essentia_build_sha": "70f2e5ece6736b2c40cc944ad0e695b16b925413", "essentia_git_sha": "v2.1_beta2", "essentia": "2.1-beta2"}}, "rhythm": {"beats_loudness_band_ratio": {"dvar2": [0.0753702744842, 0.00940016563982, 0.035113889724, 0.0158767141402, 0.0100435204804, 0.0129270581529], "var": [0.0831494554877, 0.00390623952262, 0.0201789103448, 0.0149926524609, 0.00478682108223, 0.00256746588275], "min": [0, 0, 0, 0, 0, 0], "dmean": [0.143908828497, 0.0335458107293, 0.0973187610507, 0.0554971471429, 0.0408131107688, 0.0261804945767], "mean": [0.727751195431, 0.0373716168106, 0.112756296992, 0.0688481554389, 0.0404049642384, 0.0241292305291], "max": [0.991502940655, 0.549331784248, 0.77961730957, 0.74975925684, 0.708373904228, 0.886471033096], "dmean2": [0.253787696362, 0.0606755502522, 0.168558865786, 0.0962488800287, 0.0730053409934, 0.0490367636085], "median": [0.8507335186, 0.0204371884465, 0.0552310943604, 0.0169356856495, 0.0148570481688, 0.0110678281635], "dvar": [0.0256984345615, 0.0032035082113, 0.0127892149612, 0.00642622821033, 0.00352807948366, 0.00408973172307]}, "bpm_histogram_first_peak_weight": {"dvar2": 0, "var": 0, "min": 0.57112967968, "dmean": 0, "mean": 0.57112967968, "max": 0.57112967968, "dmean2": 0, "median": 0.57112967968, "dvar": 0}, "bpm": 95.03565979, "beats_count": 479, "bpm_histogram_first_peak_spread": {"dvar2": 0, "var": 0, "min": 0.40652179718, "dmean": 0, "mean": 0.40652179718, "max": 0.40652179718, "dmean2": 0, "median": 0.40652179718, "dvar": 0}, "danceability": 1.42663216591, "bpm_histogram_first_peak_bpm": {"dvar2": 0, "var": 0, "min": 96, "dmean": 0, "mean": 96, "max": 96, "dmean2": 0, "median": 96, "dvar": 0}, "beats_position": [0.487619042397, 0.975238084793, 1.46285712719, 1.95047616959, 2.43809509277, 2.92571425438, 3.51782298088, 4.1099319458, 4.71365070343, 5.31736946106, 5.92108821869, 6.54802703857, 7.17496585846, 7.80190467834, 8.42884349823, 9.06739234924, 9.71755123138, 10.3677091599, 11.0294780731, 11.6796369553, 12.3181858063, 12.9567346573, 13.5952835083, 14.2338323593, 14.8607711792, 15.4877090454, 16.114648819, 16.7531967163, 17.3801364899, 18.0186843872, 18.6456241608, 19.272562027, 19.8994998932, 20.5264396667, 21.153377533, 21.7919273376, 22.4188652039, 23.0574150085, 23.6959629059, 24.3345127106, 24.9614505768, 25.5883903503, 26.2153282166, 26.8422679901, 27.4692058563, 28.1077537537, 28.7463035583, 29.3732414246, 30.0117912292, 30.6503391266, 31.2772789001, 31.9042167664, 32.5311546326, 33.1580963135, 33.7850341797, 34.4119720459, 35.0389099121, 35.6774597168, 36.3160095215, 36.9429473877, 37.5698852539, 38.2084350586, 38.8469848633, 39.4739227295, 40.1008605957, 40.7277984619, 41.3547401428, 41.9932861328, 42.6318359375, 43.2587738037, 43.8973236084, 44.5358734131, 45.1628112793, 45.7897491455, 46.4166870117, 47.0436286926, 47.6705665588, 48.3091163635, 48.9476623535, 49.5746040344, 50.2015419006, 50.8284797668, 51.4670295715, 52.1055755615, 52.7325172424, 53.3710632324, 53.9980049133, 54.6365509033, 55.2634925842, 55.8904304504, 56.5173683167, 57.1443061829, 57.7712478638, 58.4097938538, 59.0483436584, 59.6868934631, 60.3138313293, 60.952381134, 61.5793190002, 62.2062568665, 62.8331947327, 63.4717445374, 64.1102905273, 64.7372360229, 65.3641738892, 66.0027160645, 66.6412658691, 67.2682037354, 67.895149231, 68.5220870972, 69.1606369019, 69.7991790771, 70.4261245728, 71.053062439, 71.6800003052, 72.3069381714, 72.9338760376, 73.5724258423, 74.210975647, 74.8379135132, 75.4648513794, 76.0917892456, 76.7303390503, 77.368888855, 77.9958267212, 78.6227645874, 79.2613143921, 79.8998641968, 80.526802063, 81.1537399292, 81.7806777954, 82.4192276001, 83.0577774048, 83.684715271, 84.3116531372, 84.9385910034, 85.5771408081, 86.2156906128, 86.842628479, 87.4695663452, 88.0965042114, 88.7234420776, 89.3619918823, 90.000541687, 90.6274795532, 91.2544174194, 91.8813552856, 92.5083007812, 93.1468429565, 93.7853927612, 94.4123306274, 95.039276123, 95.6778182983, 96.316368103, 96.9433059692, 97.5702438354, 98.1971893311, 98.8241271973, 99.462677002, 100.101219177, 100.728164673, 101.355102539, 101.993652344, 102.632194519, 103.259140015, 103.886077881, 104.513015747, 105.151565552, 105.778503418, 106.417053223, 107.043991089, 107.670928955, 108.30947876, 108.948028564, 109.574966431, 110.201904297, 110.828842163, 111.467391968, 112.105941772, 112.732879639, 113.371429443, 114.009971619, 114.636917114, 115.26385498, 115.890792847, 116.517730713, 117.144668579, 117.771606445, 118.41015625, 119.048706055, 119.675643921, 120.302581787, 120.929519653, 121.568069458, 122.206619263, 122.833557129, 123.460494995, 124.0990448, 124.725982666, 125.364532471, 125.991470337, 126.618408203, 127.256958008, 127.895507812, 128.522445679, 129.149383545, 129.776321411, 130.414871216, 131.041809082, 131.680358887, 132.307296753, 132.934234619, 133.561172485, 134.19972229, 134.826660156, 135.465209961, 136.092147827, 136.719085693, 137.34602356, 137.972961426, 138.61151123, 139.250061035, 139.876998901, 140.515548706, 141.154098511, 141.781036377, 142.407974243, 143.034912109, 143.661849976, 144.288803101, 144.927337646, 145.565887451, 146.192825317, 146.831375122, 147.458312988, 148.096862793, 148.723800659, 149.350738525, 149.97769165, 150.616226196, 151.254776001, 151.881713867, 152.508651733, 153.135604858, 153.774139404, 154.412689209, 155.039627075, 155.6665802, 156.293518066, 156.920455933, 157.559005737, 158.197555542, 158.824493408, 159.451431274, 160.089981079, 160.728515625, 161.35546875, 161.982406616, 162.620956421, 163.259490967, 163.886444092, 164.513381958, 165.140319824, 165.76725769, 166.405807495, 167.0443573, 167.671295166, 168.298233032, 168.925170898, 169.563720703, 170.202270508, 170.829208374, 171.45614624, 172.083084106, 172.721633911, 173.360183716, 173.987121582, 174.614059448, 175.252609253, 175.891159058, 176.518096924, 177.14503479, 177.771972656, 178.398910522, 179.025848389, 179.664398193, 180.302947998, 180.929885864, 181.55682373, 182.195373535, 182.83392334, 183.460861206, 184.087799072, 184.714736938, 185.341674805, 185.968612671, 186.595550537, 187.234100342, 187.872650146, 188.499588013, 189.126525879, 189.765075684, 190.39201355, 191.030563354, 191.657501221, 192.296051025, 192.93460083, 193.561538696, 194.188476562, 194.827026367, 195.453964233, 196.0809021, 196.707839966, 197.346389771, 197.984939575, 198.62348938, 199.250427246, 199.877365112, 200.504302979, 201.142852783, 201.769790649, 202.408340454, 203.03527832, 203.662216187, 204.289154053, 204.927703857, 205.566253662, 206.193191528, 206.820129395, 207.447067261, 208.085617065, 208.72416687, 209.351104736, 209.978042603, 210.616592407, 211.255142212, 211.882080078, 212.509017944, 213.135955811, 213.774505615, 214.41305542, 215.039993286, 215.678543091, 216.305480957, 216.932418823, 217.570968628, 218.197906494, 218.82484436, 219.451782227, 220.078720093, 220.717269897, 221.355819702, 221.982757568, 222.609695435, 223.236633301, 223.875183105, 224.51373291, 225.140670776, 225.767608643, 226.394546509, 227.021499634, 227.66003418, 228.298583984, 228.925521851, 229.552474976, 230.179412842, 230.817947388, 231.456497192, 232.083435059, 232.710388184, 233.33732605, 233.975875854, 234.6144104, 235.241363525, 235.868301392, 236.495239258, 237.122177124, 237.760726929, 238.399276733, 239.0262146, 239.653152466, 240.291702271, 240.918640137, 241.557189941, 242.184127808, 242.811065674, 243.449615479, 244.088165283, 244.715103149, 245.342041016, 245.968978882, 246.595916748, 247.222854614, 247.861404419, 248.499954224, 249.12689209, 249.765441895, 250.403991699, 251.030929565, 251.657867432, 252.284805298, 252.911743164, 253.550292969, 254.188842773, 254.81578064, 255.442718506, 256.069641113, 256.708190918, 257.335144043, 257.973693848, 258.600616455, 259.22756958, 259.866119385, 260.504669189, 261.131591797, 261.758544922, 262.385467529, 263.024017334, 263.662567139, 264.289520264, 264.916442871, 265.543395996, 266.170349121, 266.808898926, 267.435821533, 268.074371338, 268.712921143, 269.351470947, 269.978393555, 270.60534668, 271.232299805, 271.859222412, 272.497772217, 273.136322021, 273.763275146, 274.390197754, 275.028747559, 275.667297363, 276.294250488, 276.921173096, 277.548126221, 278.175048828, 278.813598633, 279.452148438, 280.079101562, 280.70602417, 281.332977295, 281.959899902, 282.598449707, 283.236999512, 283.863952637, 284.490875244, 285.129425049, 285.767974854, 286.394927979, 287.021850586, 287.660400391, 288.298950195, 288.92590332, 289.552825928, 290.191375732, 290.829925537, 291.468475342, 292.095428467, 292.733947754, 293.349304199, 293.964630127, 294.591552734, 295.218505859, 295.915100098, 296.611694336, 297.319915771, 298.028106689, 298.724700928, 299.421295166, 300.117919922, 300.860961914, 301.603973389, 302.358642578], "beats_loudness": {"dvar2": 0.00304235820659, "var": 0.00206673564389, "min": 9.68830501935e-11, "dmean": 0.0345605388284, "mean": 0.0987395420671, "max": 0.206243082881, "dmean2": 0.0621568709612, "median": 0.101941950619, "dvar": 0.000978086492978}, "bpm_histogram_second_peak_weight": {"dvar2": 0, "var": 0, "min": 0.0146443508565, "dmean": 0, "mean": 0.0146443508565, "max": 0.0146443508565, "dmean2": 0, "median": 0.0146443508565, "dvar": 0}, "bpm_histogram_second_peak_spread": {"dvar2": 0, "var": 0, "min": 0, "dmean": 0, "mean": 0, "max": 0, "dmean2": 0, "median": 0, "dvar": 0}, "bpm_histogram_second_peak_bpm": {"dvar2": 0, "var": 0, "min": 86, "dmean": 0, "mean": 86, "max": 86, "dmean2": 0, "median": 86, "dvar": 0}, "onset_rate": 4.21479272842}, "lowlevel": {"spectral_energyband_high": {"dvar2": 4.02460409532e-06, "var": 3.62759055861e-06, "min": 7.16471454071e-21, "dmean": 0.000577589438763, "mean": 0.000967452651821, "max": 0.0345139764249, "dmean2": 0.000870700168889, "median": 0.000406566949096, "dvar": 1.88020021596e-06}, "spectral_energyband_middle_low": {"dvar2": 0.000191348430235, "var": 0.000156648369739, "min": 2.01906033061e-22, "dmean": 0.00512048928067, "mean": 0.0121380472556, "max": 0.130305796862, "dmean2": 0.00807950180024, "median": 0.00855631195009, "dvar": 7.77010645834e-05}, "spectral_energy": {"dvar2": 0.000882116321009, "var": 0.00122994964477, "min": 1.02850853805e-20, "dmean": 0.013479965739, "mean": 0.034243889153, "max": 0.272619456053, "dmean2": 0.0193607248366, "median": 0.0232574660331, "dvar": 0.000474234577268}, "spectral_spread": {"dvar2": 4342792847360.0, "var": 8267784781820.0, "min": 1909351.875, "dmean": 1083871.125, "mean": 6170287.5, "max": 43878672, "dmean2": 1656790.75, "median": 5670104.5, "dvar": 1985556774910.0}, "spectral_energyband_low": {"dvar2": 0.000729634833988, "var": 0.000974031339865, "min": 2.01708720016e-23, "dmean": 0.00991207454354, "mean": 0.0160995554179, "max": 0.268804579973, "dmean2": 0.0136942639947, "median": 0.00501679303125, "dvar": 0.000435396214016}, "spectral_rolloff": {"dvar2": 3597141, "var": 3866993.75, "min": 64.599609375, "dmean": 505.498626709, "mean": 1412.61071777, "max": 20133.5449219, "dmean2": 866.036682129, "median": 839.794921875, "dvar": 1599268.25}, "barkbands": {"dvar2": [6.06679236625e-07, 0.000642090046313, 0.000256078521488, 2.64678565145e-05, 2.5221175747e-05, 9.50945104705e-06, 1.51269596245e-05, 2.83701301669e-05, 4.62603238702e-05, 1.09647698991e-05, 2.45054206971e-06, 6.0811316871e-06, 4.54404698758e-06, 2.62558251052e-06, 4.66692290502e-06, 1.42235865042e-06, 5.12850363066e-07, 4.86979843117e-07, 1.80431428021e-07, 1.46966655734e-07, 3.13389790563e-07, 1.80734673449e-07, 3.86674912534e-07, 3.83854143138e-07, 2.5991334951e-07, 2.32969821212e-08, 6.1683223633e-12], "var": [6.23023936441e-07, 0.000817394291516, 5.97802863922e-05, 7.19141644367e-06, 1.08736358015e-05, 5.17904754815e-06, 1.8022252334e-05, 2.81353804894e-05, 6.03442385909e-05, 1.27308585434e-05, 2.44224747803e-06, 6.84528868078e-06, 5.36817105967e-06, 3.45839953297e-06, 4.03215199185e-06, 1.67265375239e-06, 4.82422876757e-07, 4.57277252508e-07, 1.98791354933e-07, 6.38120454255e-08, 1.82520238923e-07, 9.3598934825e-08, 2.69374993422e-07, 4.28144517173e-07, 2.18468372282e-07, 1.76143490904e-08, 4.22816469337e-12], "min": [4.76064688007e-25, 2.78509689449e-24, 7.47190313979e-25, 2.18514628518e-24, 1.51185713134e-23, 9.74905072247e-24, 5.76544790708e-24, 7.00147658858e-24, 2.60381070258e-23, 2.5871922432e-23, 1.33023452969e-23, 1.50242077719e-23, 4.97001807822e-23, 3.26968298619e-23, 4.36772309263e-23, 6.26220127105e-23, 8.57306579435e-23, 1.21026434234e-22, 1.31072887095e-22, 1.49133308473e-22, 2.32157826413e-22, 3.53834635442e-22, 4.28399636226e-22, 6.56504030251e-22, 7.59258401193e-22, 1.36520636813e-21, 2.07530507817e-21], "dmean": [0.000236764390138, 0.00921219028533, 0.00289123109542, 0.0010400803294, 0.00135063438211, 0.000919187848922, 0.000986739993095, 0.00117334490642, 0.00176134251524, 0.000680565601215, 0.000387359061278, 0.000515323015861, 0.00043180360808, 0.000346092914697, 0.00044012843864, 0.000257922045421, 0.000193307074369, 0.000174933520611, 0.000103840080556, 8.04249793873e-05, 5.85830712225e-05, 8.72115342645e-05, 0.000165398465469, 0.000174484710442, 0.000113116358989, 4.81476672576e-05, 7.81497021762e-07], "mean": [0.000282075809082, 0.0126404073089, 0.00259378040209, 0.00101762125269, 0.00190872896928, 0.00145572575275, 0.0019308096962, 0.00191074935719, 0.00354028586298, 0.00124010874424, 0.000683747173753, 0.000872573582456, 0.000688411702868, 0.000600454746746, 0.000627903500572, 0.00042667001253, 0.000310995761538, 0.000289964489639, 0.000186890480109, 0.00010759243014, 7.2754912253e-05, 0.000114670277981, 0.000260108907241, 0.000260394590441, 0.000160009178217, 5.81953281653e-05, 2.22484186452e-06], "max": [0.00783981755376, 0.264415711164, 0.128498792648, 0.0446547605097, 0.0637825205922, 0.0490216836333, 0.0772110074759, 0.111258126795, 0.116573467851, 0.0666349381208, 0.0329205282032, 0.0581643395126, 0.0404442250729, 0.0264570582658, 0.0501335524023, 0.0377347692847, 0.0145195359364, 0.0107541391626, 0.00995715055615, 0.00752046890557, 0.0253629814833, 0.00938407331705, 0.00917190127075, 0.0107967462391, 0.011135536246, 0.00286515429616, 7.23340126569e-05], "dmean2": [0.000307330483338, 0.0119841294363, 0.00517463684082, 0.00179789087269, 0.002270426834, 0.00150151154958, 0.00153763848357, 0.00176138896495, 0.00263451831415, 0.00101686350536, 0.000599059858359, 0.000799639674369, 0.000654067262076, 0.000530452234671, 0.000673288246617, 0.000382730300771, 0.000313705677399, 0.000278282677755, 0.000160061768838, 0.000132956192829, 9.76449955488e-05, 0.000141775773955, 0.000246038543992, 0.000267692375928, 0.000173243548488, 7.72355779191e-05, 1.2003926031e-06], "median": [2.93955636153e-05, 0.0030676596798, 0.00065787154017, 0.000231699552387, 0.00072518363595, 0.000723895151168, 0.000573242665268, 0.000345297041349, 0.000893321819603, 0.000207607256016, 0.000172745989403, 0.000167095233337, 0.000105397542939, 8.55012622196e-05, 8.73600729392e-05, 7.42298361729e-05, 7.63327188906e-05, 6.32477313047e-05, 5.04199742863e-05, 3.53869399987e-05, 1.66734880622e-05, 2.15490726987e-05, 9.49823006522e-05, 9.3866707175e-05, 4.94919331686e-05, 1.4915301108e-05, 1.92644188246e-06], "dvar": [3.83287499517e-07, 0.000440227508079, 9.13815529202e-05, 9.61750720307e-06, 9.2957425295e-06, 3.74289902538e-06, 6.35176274955e-06, 1.29677109726e-05, 2.22274775297e-05, 5.01048361912e-06, 1.06061577299e-06, 2.90375078293e-06, 2.2436377094e-06, 1.2987302398e-06, 2.26583460972e-06, 7.34812033443e-07, 2.1897345448e-07, 2.0042152471e-07, 8.19066059421e-08, 5.64161339867e-08, 1.17463834215e-07, 7.14381656053e-08, 1.74171532308e-07, 1.97408454028e-07, 1.19939329579e-07, 9.92583348847e-09, 2.60713542768e-12]}, "melbands_skewness": {"dvar2": 2.84677958488, "var": 5.3868637085, "min": -1.38636696339, "dmean": 0.967113912106, "mean": 2.6743516922, "max": 23.06208992, "dmean2": 1.41043865681, "median": 2.09908485413, "dvar": 1.47888433933}, "barkbands_skewness": {"dvar2": 1.47573697567, "var": 2.8736410141, "min": -3.11277508736, "dmean": 0.703963637352, "mean": 1.82686316967, "max": 24.6390590668, "dmean2": 1.01576185226, "median": 1.56855142117, "dvar": 0.789127469063}, "erbbands": {"dvar2": [1.30490589142, 24.3812351227, 184.303604126, 380.07144165, 248.839126587, 315.395202637, 490.660644531, 780.294067383, 2708.55151367, 5567.75537109, 14122.2587891, 27051.7441406, 18250.1582031, 3617.4621582, 4112.93603516, 8956.99121094, 7257.49804688, 4814.70605469, 5727.64648438, 11040.6494141, 944.475524902, 1594.13000488, 1591.24121094, 716.604125977, 192.305511475, 381.233398438, 175.854309082, 687.737609863, 250.014297485, 414.990264893, 319.162994385, 164.485366821, 114.84702301, 62.5302581787, 6.90452384949, 0.666104257107, 0.128743842244, 0.000825385097414, 4.89682463467e-07, 2.21904516984e-09], "var": [1.17833602428, 31.2386207581, 58.1843681335, 98.2922439575, 106.418075562, 132.816940308, 201.788253784, 477.484832764, 3445.28979492, 5226.29443359, 15651.6220703, 31618.3945312, 19098.1210938, 3858.65991211, 4025.40893555, 9799.06152344, 10779.5166016, 7610.70654297, 6650.34570312, 10985.1425781, 1619.16271973, 1600.48864746, 1693.90356445, 738.765625, 212.333023071, 143.185333252, 117.533119202, 376.637542725, 130.322662354, 185.617584229, 259.932128906, 158.753387451, 135.955001831, 54.5883598328, 4.61274814606, 0.750352203846, 0.0748829990625, 0.000406851089792, 3.41612178545e-07, 3.06535730132e-09], "min": [8.87689714971e-23, 4.71430900512e-22, 1.16801547661e-21, 5.05199428206e-21, 1.72609216294e-20, 3.7539501531e-20, 9.21742930828e-20, 8.83813985556e-20, 1.87380629626e-19, 2.24867291764e-19, 3.17834611947e-19, 6.11406310468e-19, 7.10087561678e-19, 5.99361216581e-19, 1.03977947166e-18, 1.27014782469e-18, 1.98155003486e-18, 1.84768470799e-18, 2.02071641648e-18, 2.55373257805e-18, 4.46298475263e-18, 5.18962735199e-18, 6.81176410197e-18, 6.49364450046e-18, 6.78052521255e-18, 6.84342154479e-18, 1.03176454648e-17, 1.05715799867e-17, 1.14687905371e-17, 1.22559736583e-17, 1.09938408001e-17, 1.26447237308e-17, 1.07485891931e-17, 8.09526179457e-18, 6.4062375659e-18, 3.7192104156e-18, 2.51019309933e-18, 1.00943538487e-18, 2.58980659665e-19, 2.77907547282e-20], "dmean": [0.345974564552, 1.85769510269, 2.84171009064, 3.76911211014, 3.91686916351, 4.62001276016, 5.21059036255, 8.18733882904, 12.6780338287, 17.2457313538, 29.3183135986, 37.0409011841, 29.9852485657, 14.4351005554, 15.6420373917, 19.0159416199, 18.2249889374, 15.2702512741, 15.9873571396, 23.7059650421, 8.96497821808, 10.8066940308, 10.0668258667, 6.28859710693, 3.86475300789, 3.90652346611, 1.98546123505, 2.78466534615, 3.04139947891, 3.79267644882, 5.24873065948, 4.00489044189, 2.66933941841, 1.59498798847, 0.614125967026, 0.246824800968, 0.0922397449613, 0.00924035534263, 0.000271286611678, 2.40170811594e-05], "mean": [0.421657711267, 2.5969452858, 3.14216828346, 3.65628147125, 5.01798009872, 6.31615924835, 7.91960144043, 13.5989055634, 24.7884483337, 32.1628684998, 52.5696868896, 70.9628219604, 60.8705215454, 29.8146839142, 28.6433181763, 33.7795639038, 32.7377548218, 29.918132782, 27.5957832336, 37.7334022522, 17.6749401093, 18.8118190765, 18.0840396881, 11.5643501282, 7.32346391678, 5.2381196022, 2.7704770565, 3.1708650589, 3.84763646126, 5.81099224091, 8.147108078, 5.90834760666, 3.97680473328, 2.36710238457, 0.788543760777, 0.324357509613, 0.101470969617, 0.0101663488895, 0.000586439506151, 6.66928244755e-05], "max": [9.65351009369, 54.558052063, 111.712913513, 169.773452759, 166.153869629, 196.378890991, 593.659667969, 452.700439453, 1160.13952637, 1371.42541504, 2038.65698242, 3155.28344727, 2464.19433594, 1305.41418457, 1486.29223633, 2990.85717773, 1773.58679199, 1465.9921875, 1590.30029297, 2159.00317383, 991.958496094, 775.125244141, 692.948547363, 627.860961914, 261.018341064, 245.126998901, 536.273986816, 1195.80639648, 341.96887207, 360.308685303, 230.003082275, 226.7368927, 180.3253479, 180.675811768, 52.883769989, 25.5777854919, 7.30315446854, 0.598632276058, 0.0157541930676, 0.000608571397606], "dmean2": [0.469402015209, 2.45707440376, 4.67651224136, 6.60710144043, 6.64490842819, 7.82637166977, 8.67844295502, 13.2654561996, 19.7552165985, 26.3472614288, 44.0295944214, 54.5922546387, 43.6322479248, 21.7483825684, 23.7283287048, 29.4963665009, 27.4751682281, 22.5937786102, 24.1674289703, 34.8779182434, 13.2120609283, 17.3206520081, 15.9356222153, 9.74586009979, 5.89235305786, 6.54579687119, 3.16732668877, 4.76033306122, 4.97054290771, 5.92478466034, 7.88783740997, 6.19484329224, 4.05681085587, 2.44404125214, 0.966411173344, 0.382353425026, 0.150217324495, 0.0155683374032, 0.000429647188867, 3.54853982572e-05], "median": [0.075946867466, 0.698690414429, 1.11309945583, 1.06632435322, 1.1879812479, 2.44310808182, 3.80663394928, 6.44032049179, 8.68729019165, 7.77327632904, 12.6647081375, 18.1687450409, 15.2535085678, 9.36319828033, 9.35726642609, 7.46953487396, 6.2493262291, 4.81006717682, 4.50831890106, 5.89270019531, 3.86424732208, 5.00020742416, 4.25340175629, 2.90473413467, 2.33411765099, 1.83391427994, 0.79083353281, 0.593389034271, 0.657613754272, 1.70090162754, 2.98771595955, 2.30699038506, 1.25161552429, 0.723508059978, 0.236309468746, 0.0823295488954, 0.0248956214637, 0.00367002701387, 0.0004638080718, 5.2810570196e-05], "dvar": [0.787907063961, 16.375371933, 69.4557952881, 138.653457642, 91.82787323, 116.395362854, 182.058044434, 311.39553833, 1150.58557129, 2342.93774414, 6681.63574219, 13175.8466797, 8353.66015625, 1577.50634766, 1862.42993164, 4178.11621094, 3733.76147461, 2466.34790039, 2865.42041016, 5574.00683594, 507.142944336, 678.822265625, 667.320800781, 313.441131592, 85.9739227295, 141.753143311, 72.5874481201, 256.460357666, 99.0189285278, 161.615020752, 152.25340271, 80.6398849487, 61.2587432861, 29.2225112915, 2.99655342102, 0.31780102849, 0.054016571492, 0.000325444212649, 2.02783525083e-07, 1.08421349676e-09]}, "silence_rate_30dB": {"dvar2": 0.104221634567, "var": 0.0549534782767, "min": 0, "dmean": 0.0516158677638, "mean": 0.941649436951, "max": 1, "dmean2": 0.103239640594, "median": 1, "dvar": 0.0489536300302}, "melbands_spread": {"dvar2": 273.859344482, "var": 445.104949951, "min": 0.301646649837, "dmean": 6.78222751617, "mean": 21.5654602051, "max": 301.69140625, "dmean2": 10.1979131699, "median": 16.7518157959, "dvar": 141.632537842}, "melbands_crest": {"dvar2": 22.7833919525, "var": 38.8020629883, "min": 1.65950489044, "dmean": 3.550791502, "mean": 14.5411996841, "max": 34.1598091125, "dmean2": 5.52318716049, "median": 13.1793165207, "dvar": 11.9549350739}, "zerocrossingrate": {"dvar2": 0.000322744279401, "var": 0.00236191065051, "min": 0.00244140625, "dmean": 0.0139419669285, "mean": 0.0643321275711, "max": 0.53173828125, "dmean2": 0.0161122344434, "median": 0.05517578125, "dvar": 0.000289968418656}, "barkbands_kurtosis": {"dvar2": 676.754943848, "var": 460.074127197, "min": -1.94885277748, "dmean": 5.5937871933, "mean": 8.00689506531, "max": 921.186706543, "dmean2": 8.42674636841, "median": 3.48276376724, "dvar": 320.690643311}, "spectral_flux": {"dvar2": 0.00343813723885, "var": 0.00427665002644, "min": 6.26520432756e-11, "dmean": 0.0341625288129, "mean": 0.0966243594885, "max": 0.386920303106, "dmean2": 0.0542789623141, "median": 0.0768925324082, "dvar": 0.00157217669766}, "barkbands_crest": {"dvar2": 15.1844348907, "var": 26.4420757294, "min": 2.46597933769, "dmean": 3.07627892494, "mean": 11.4974956512, "max": 26.1873836517, "dmean2": 4.67373085022, "median": 10.1944742203, "dvar": 8.38402843475}, "barkbands_flatness_db": {"dvar2": 0.000955892435741, "var": 0.00239878986031, "min": 0.0177155211568, "dmean": 0.0238734781742, "mean": 0.140889003873, "max": 0.42740419507, "dmean2": 0.0339608117938, "median": 0.134807959199, "dvar": 0.000544722774066}, "spectral_entropy": {"dvar2": 0.0781500786543, "var": 0.206976786256, "min": 5.49155521393, "dmean": 0.198612079024, "mean": 7.53776264191, "max": 9.82413482666, "dmean2": 0.295359432697, "median": 7.5286231041, "dvar": 0.0396572053432}, "pitch_salience": {"dvar2": 0.0144783426076, "var": 0.0213862489909, "min": 0.0440140813589, "dmean": 0.0843230113387, "mean": 0.513726294041, "max": 0.972186207771, "dmean2": 0.127398133278, "median": 0.524321496487, "dvar": 0.0068593272008}, "erbbands_spread": {"dvar2": 517.373046875, "var": 562.202270508, "min": 3.11900234222, "dmean": 11.5426292419, "mean": 37.5099868774, "max": 184.564117432, "dmean2": 18.023475647, "median": 31.1879940033, "dvar": 221.044113159}, "dynamic_complexity": 3.33446598053, "spectral_contrast_valleys": {"dvar2": [0.277430593967, 0.283740967512, 0.266686558723, 0.262113451958, 0.214776620269, 0.27184048295], "var": [2.36010551453, 1.95840978622, 1.72420763969, 1.70460033417, 1.65176975727, 1.68027412891], "min": [-27.9938964844, -28.1536750793, -27.6911487579, -27.6662864685, -27.6423339844, -27.3700485229], "dmean": [0.401315122843, 0.350633352995, 0.331988185644, 0.314338058233, 0.259923100471, 0.347589403391], "mean": [-7.39014816284, -6.81276369095, -7.52970075607, -8.03540229797, -8.0712223053, -9.74072933197], "max": [-5.14044523239, -4.72524356842, -5.03579092026, -5.57430887222, -5.60565280914, -7.35648441315], "dmean2": [0.657478094101, 0.579711914062, 0.544624149799, 0.509505212307, 0.392949879169, 0.505295991898], "median": [-7.12196874619, -6.66215229034, -7.46639633179, -8.01666259766, -8.04157447815, -9.63768863678], "dvar": [0.1173126176, 0.118697889149, 0.118299849331, 0.126551762223, 0.1126280725, 0.148996070027]}, "hfc": {"dvar2": 462.062164307, "var": 574.50390625, "min": 1.11101804446e-16, "dmean": 8.55076313019, "mean": 23.4956092834, "max": 231.402633667, "dmean2": 12.6817655563, "median": 15.6728277206, "dvar": 212.092666626}, "spectral_kurtosis": {"dvar2": 4.72307062149, "var": 7.20091629028, "min": -1.51319265366, "dmean": 1.37580561638, "mean": 4.0429110527, "max": 24.9636764526, "dmean2": 2.13506054878, "median": 3.74984884262, "dvar": 2.05702137947}, "mfcc": {"mean": [-650.819824219, 115.408607483, 19.3573055267, -0.849200248718, 11.2065124512, -5.2939248085, -1.83368384838, 15.9561138153, -2.62524390221, 11.9633769989, 0.213325172663, 2.02707099915, 2.61668896675], "cov": [[5150.42919922, -78.1186981201, -26.6362304688, 31.1424007416, 113.812385559, 157.0206604, -59.6103935242, 103.858375549, -21.0924720764, 56.6949958801, 103.595497131, -106.892318726, -58.0286178589], [-78.1186981201, 902.802124023, 94.9681930542, 46.5988769531, 24.8388385773, -86.7339019775, 41.3231239319, -1.95426774025, -28.3840484619, 72.1638412476, -5.69553518295, 38.7426338196, 60.1047935486], [-26.6362304688, 94.9681930542, 1205.74157715, 228.546432495, 57.4203453064, 84.7488098145, 39.8835067749, -35.6103096008, 35.889667511, -30.4443321228, 28.8800086975, 53.3831672668, 58.8510017395], [31.1424007416, 46.5988769531, 228.546432495, 405.162902832, 117.019340515, 66.0173187256, -24.6329708099, -18.5559120178, 93.4436721802, 22.6959209442, -2.70655226707, 4.09031820297, 61.7860183716], [113.812385559, 24.8388385773, 57.4203453064, 117.019340515, 292.81463623, 108.529571533, 0.317143708467, 24.1760997772, 84.413269043, 54.836151123, 30.8350868225, 7.43744421005, 19.6714782715], [157.0206604, -86.7339019775, 84.7488098145, 66.0173187256, 108.529571533, 287.248626709, 80.5752105713, 43.8617401123, 66.850189209, 17.0510959625, 45.9379577637, 26.2564754486, -12.613494873], [-59.6103935242, 41.3231239319, 39.8835067749, -24.6329708099, 0.317143708467, 80.5752105713, 191.853286743, 63.0541915894, -13.881939888, 18.2439517975, 29.7230262756, 21.5166854858, -15.9329376221], [103.858375549, -1.95426774025, -35.6103096008, -18.5559120178, 24.1760997772, 43.8617401123, 63.0541915894, 160.609054565, 13.183506012, 24.7225761414, 45.1119003296, 5.85991811752, 10.2508687973], [-21.0924720764, -28.3840484619, 35.889667511, 93.4436721802, 84.413269043, 66.850189209, -13.881939888, 13.183506012, 170.963241577, 42.1007003784, 2.26246070862, 11.335149765, 16.5056324005], [56.6949958801, 72.1638412476, -30.4443321228, 22.6959209442, 54.836151123, 17.0510959625, 18.2439517975, 24.7225761414, 42.1007003784, 152.159072876, 39.3383865356, 11.9976797104, 12.2998027802], [103.595497131, -5.69553518295, 28.8800086975, -2.70655226707, 30.8350868225, 45.9379577637, 29.7230262756, 45.1119003296, 2.26246070862, 39.3383865356, 124.747673035, 25.6791820526, 4.904337883], [-106.892318726, 38.7426338196, 53.3831672668, 4.09031820297, 7.43744421005, 26.2564754486, 21.5166854858, 5.85991811752, 11.335149765, 11.9976797104, 25.6791820526, 103.622177124, 30.2576732635], [-58.0286178589, 60.1047935486, 58.8510017395, 61.7860183716, 19.6714782715, -12.613494873, -15.9329376221, 10.2508687973, 16.5056324005, 12.2998027802, 4.904337883, 30.2576732635, 112.554748535]], "icov": [[0.000215153500903, -1.15007524073e-05, -7.60462307881e-06, -1.50468986249e-05, -2.44742386712e-05, -0.000164010765729, 0.000205509757507, -0.000150028354255, 0.000134661051561, -7.47432131902e-05, -0.000138270523166, 0.000242613648879, 8.71788215591e-05], [-1.15007524073e-05, 0.00132698088419, -8.65370966494e-05, -0.000131407548906, -0.000245596456807, 0.00060605071485, -0.00052470783703, 9.27515866351e-05, 0.00037552753929, -0.000673012458719, 0.000322047213558, -0.00039995694533, -0.000457081187051], [-7.60462307881e-06, -8.65370966494e-05, 0.00101016135886, -0.000529972254299, 2.17761607928e-05, -0.000131285138195, -0.000307340989821, 0.000371846341295, -1.14704525913e-05, 0.000439641880803, -0.00032886894769, -0.000297720398521, -0.000242850874201], [-1.50468986249e-05, -0.000131407548906, -0.000529972254299, 0.00366503023542, -0.000784793694038, -0.000471031205961, 0.000261092442088, 0.000574713631067, -0.00126133486629, -1.57615941134e-05, 0.000231091689784, 0.000813971273601, -0.00164557283279], [-2.44742386712e-05, -0.000245596456807, 2.17761607928e-05, -0.000784793694038, 0.00490716425702, -0.00154330139048, 0.000700249453075, -0.000295475387247, -0.0011230960954, -0.000969856453594, -0.00046667913557, 0.000400817196351, -0.00018333508342], [-0.000164010765729, 0.00060605071485, -0.000131285138195, -0.000471031205961, -0.00154330139048, 0.00578905735165, -0.00242912396789, -0.000104723178083, -0.00150755199138, 0.000705262704287, -0.000951961090323, -0.00112561718561, 0.000991260050796], [0.000205509757507, -0.00052470783703, -0.000307340989821, 0.000261092442088, 0.000700249453075, -0.00242912396789, 0.00780109409243, -0.00275945151225, 0.00143845565617, -0.000873544253409, 0.000110506844067, -0.000856509723235, 0.00147448806092], [-0.000150028354255, 9.27515866351e-05, 0.000371846341295, 0.000574713631067, -0.000295475387247, -0.000104723178083, -0.00275945151225, 0.00844096206129, -0.000947320833802, 1.40566098707e-05, -0.00233894214034, 0.000937896256801, -0.00176909251604], [0.000134661051561, 0.00037552753929, -1.14704525913e-05, -0.00126133486629, -0.0011230960954, -0.00150755199138, 0.00143845565617, -0.000947320833802, 0.00851226877421, -0.0021432780195, 0.00139059324283, -0.000760058464948, 1.41923283081e-05], [-7.47432131902e-05, -0.000673012458719, 0.000439641880803, -1.57615941134e-05, -0.000969856453594, 0.000705262704287, -0.000873544253409, 1.40566098707e-05, -0.0021432780195, 0.00866386480629, -0.00256365747191, -2.8569751521e-05, -0.000289845949737], [-0.000138270523166, 0.000322047213558, -0.00032886894769, 0.000231091689784, -0.00046667913557, -0.000951961090323, 0.000110506844067, -0.00233894214034, 0.00139059324283, -0.00256365747191, 0.0107616120949, -0.00230905041099, 0.000233425773331], [0.000242613648879, -0.00039995694533, -0.000297720398521, 0.000813971273601, 0.000400817196351, -0.00112561718561, -0.000856509723235, 0.000937896256801, -0.000760058464948, -2.8569751521e-05, -0.00230905041099, 0.0122108729556, -0.00342276296578], [8.71788215591e-05, -0.000457081187051, -0.000242850874201, -0.00164557283279, -0.00018333508342, 0.000991260050796, 0.00147448806092, -0.00176909251604, 1.41923283081e-05, -0.000289845949737, 0.000233425773331, -0.00342276296578, 0.0116564184427]]}, "silence_rate_20dB": {"dvar2": 0, "var": 0, "min": 1, "dmean": 0, "mean": 1, "max": 1, "dmean2": 0, "median": 1, "dvar": 0}, "melbands_kurtosis": {"dvar2": 1527.83239746, "var": 1458.5255127, "min": -1.9164788723, "dmean": 12.2805013657, "mean": 20.0947570801, "max": 723.686950684, "dmean2": 18.6380901337, "median": 8.26426315308, "dvar": 743.376098633}, "barkbands_spread": {"dvar2": 187.836517334, "var": 212.854797363, "min": 0.232070341706, "dmean": 7.01631116867, "mean": 20.3183994293, "max": 112.827445984, "dmean2": 10.761713028, "median": 17.0457611084, "dvar": 87.2819442749}, "erbbands_skewness": {"dvar2": 0.366375744343, "var": 0.921628654003, "min": -5.31137228012, "dmean": 0.425639152527, "mean": 0.904137432575, "max": 7.06585121155, "dmean2": 0.645147442818, "median": 0.907321333885, "dvar": 0.178205341101}, "average_loudness": 0.927113831043, "spectral_centroid": {"dvar2": 181863.65625, "var": 668696.75, "min": 161.696365356, "dmean": 202.078338623, "mean": 1166.99853516, "max": 11656.2822266, "dmean2": 305.594604492, "median": 989.229248047, "dvar": 96487.9765625}, "dissonance": {"dvar2": 0.00176545744762, "var": 0.00169719627593, "min": 0.198359534144, "dmean": 0.0268244836479, "mean": 0.445236980915, "max": 0.500000119209, "dmean2": 0.0448750928044, "median": 0.454264372587, "dvar": 0.000667396816425}, "erbbands_flatness_db": {"dvar2": 0.000638178375084, "var": 0.00209789630026, "min": 0.0503228157759, "dmean": 0.0193417612463, "mean": 0.150461956859, "max": 0.329260766506, "dmean2": 0.0285236611962, "median": 0.145849317312, "dvar": 0.000343365245499}, "spectral_strongpeak": {"dvar2": 2.58553695679, "var": 2.89222288132, "min": 0, "dmean": 0.666175723076, "mean": 1.31441497803, "max": 26.7182254791, "dmean2": 1.07330203056, "median": 0.617899179459, "dvar": 1.1810734272}, "spectral_rms": {"dvar2": 2.59053831542e-06, "var": 6.74823922964e-06, "min": 3.16768529809e-12, "dmean": 0.0010009566322, "mean": 0.00516336923465, "max": 0.0163085926324, "dmean2": 0.00139923254028, "median": 0.00476342439651, "dvar": 1.58617012858e-06}, "silence_rate_60dB": {"dvar2": 0.0240698456764, "var": 0.0447994507849, "min": 0, "dmean": 0.0104150716215, "mean": 0.0470173843205, "max": 1, "dmean2": 0.0208317376673, "median": 0, "dvar": 0.0103050908074}, "melbands": {"dvar2": [7.16954018571e-05, 2.28195258387e-05, 9.16021235753e-06, 1.28642329855e-06, 6.02197360422e-07, 3.68890511027e-07, 6.06703224548e-07, 8.43861982958e-07, 1.02647379663e-06, 1.02107117073e-06, 4.54942210126e-07, 7.8459066799e-08, 5.03487882497e-08, 6.01000422762e-08, 8.30831439202e-08, 3.40617489769e-08, 2.00853076393e-08, 1.88192803563e-08, 3.99486275171e-08, 1.30493109651e-08, 9.75017622196e-10, 1.53278534309e-09, 2.95978730414e-09, 1.01248709417e-09, 5.90016646651e-10, 2.21711676796e-10, 1.91332741317e-10, 1.58957708107e-10, 5.00834027028e-11, 1.0728674199e-10, 4.01570388053e-10, 8.62124746592e-11, 6.92042742556e-11, 1.75835110361e-10, 1.04320108107e-10, 1.0502056863e-10, 5.9773089256e-11, 5.05480518553e-11, 9.67669139262e-11, 3.58861239336e-11], "var": [7.78529138188e-05, 1.91445433302e-05, 2.58664181274e-06, 5.85103009598e-07, 2.51590051903e-07, 2.36156893152e-07, 7.1622514497e-07, 7.44654244045e-07, 1.23004588204e-06, 1.20183767649e-06, 5.03496607962e-07, 8.69619896093e-08, 4.79367869843e-08, 7.38040455417e-08, 1.15517792665e-07, 4.10469525036e-08, 2.98217166517e-08, 2.17711608741e-08, 3.3093801477e-08, 1.71566085783e-08, 1.34403410623e-09, 1.50941870114e-09, 1.99297134351e-09, 1.31592359232e-09, 5.41369893359e-10, 2.16390072527e-10, 1.17243798003e-10, 5.52903244022e-11, 2.92197793739e-11, 9.48114850519e-11, 1.71221994916e-10, 4.34376909442e-11, 3.81494870416e-11, 7.22052417856e-11, 8.34938090888e-11, 8.99424354439e-11, 5.28311457082e-11, 5.80983906817e-11, 8.13761558138e-11, 3.05978506421e-11], "min": [1.27834436375e-24, 4.86940762611e-25, 1.46622637947e-24, 2.20026441e-24, 2.67731620952e-24, 1.70066026049e-24, 2.80119084025e-24, 2.19354173737e-24, 3.25260249098e-24, 3.57171408209e-24, 3.38635582962e-24, 1.75357566951e-24, 3.41285169527e-24, 2.36620938724e-24, 3.61997935328e-24, 4.36794847019e-24, 2.06794936202e-24, 2.08973513642e-24, 3.05248800364e-24, 3.93344940562e-24, 3.23828860986e-24, 4.31889394366e-24, 4.61551747693e-24, 4.71562471467e-24, 5.08820608679e-24, 5.02661340503e-24, 3.84975047471e-24, 4.25844392692e-24, 6.18505367219e-24, 5.83127913849e-24, 5.26698247829e-24, 5.47893796504e-24, 6.43921637282e-24, 6.77704960535e-24, 5.73006828435e-24, 5.673983035e-24, 5.40441900849e-24, 5.61206415926e-24, 6.7565597322e-24, 6.86829793512e-24], "dmean": [0.00282912794501, 0.0014669848606, 0.000634136609733, 0.000305252702674, 0.000187657075003, 0.000186368939467, 0.000189532307559, 0.000202379684197, 0.000262427929556, 0.000236147359828, 0.000150793915964, 6.39122445136e-05, 5.62910827284e-05, 5.18848646607e-05, 5.67482420593e-05, 3.74193659809e-05, 2.9886727134e-05, 2.71369135589e-05, 3.69748668163e-05, 2.50927514571e-05, 8.98778762348e-06, 1.05510380308e-05, 1.34480533234e-05, 7.5779139479e-06, 5.41198642168e-06, 3.56255804945e-06, 3.08807534566e-06, 2.48056403507e-06, 1.24324355966e-06, 1.12915233785e-06, 1.96897121896e-06, 1.69911436387e-06, 1.80402014394e-06, 2.34507206187e-06, 2.90104367195e-06, 3.27809652845e-06, 2.24325754061e-06, 1.8246662421e-06, 1.94331641978e-06, 1.19910123431e-06], "mean": [0.00368845416233, 0.0023022252135, 0.000674007285852, 0.00041821616469, 0.000283676548861, 0.000317457335768, 0.000369183515431, 0.000361766549759, 0.000470758328447, 0.000456724112155, 0.000303834473016, 0.00012455250544, 0.000100104494777, 8.59395731823e-05, 9.78282332653e-05, 6.07738111285e-05, 5.43793212273e-05, 4.31162116001e-05, 5.26543917658e-05, 4.11005712522e-05, 1.56619480549e-05, 1.76673311216e-05, 2.0235474949e-05, 1.3462028619e-05, 9.04376065591e-06, 6.35319702269e-06, 4.64037520942e-06, 3.04252625938e-06, 1.68817564372e-06, 1.43768943417e-06, 2.04558227779e-06, 1.98126213036e-06, 2.52245581578e-06, 3.46456613443e-06, 4.5297856559e-06, 4.65376024295e-06, 3.15544821206e-06, 2.63303786596e-06, 2.74797548627e-06, 1.75011973624e-06], "max": [0.0794767662883, 0.0445547997952, 0.025762937963, 0.0145343840122, 0.0182336997241, 0.00934104528278, 0.017533082515, 0.0198034271598, 0.0171437039971, 0.0199932809919, 0.0119685586542, 0.00575583474711, 0.00519723305479, 0.00804172921926, 0.00773064792156, 0.00333911622874, 0.0030288528651, 0.00273546366952, 0.00548698939383, 0.00405031768605, 0.000825116178021, 0.000680330616888, 0.000747742888052, 0.000652779010125, 0.000598731392529, 0.00031077148742, 0.00043696523062, 0.0001404928189, 0.000222113580094, 0.000536901701707, 0.000859915802721, 0.000205613643629, 0.000137772542075, 0.000235799860093, 0.000142251461511, 0.000146073361975, 0.000169157327036, 0.000144652891322, 0.000170119194081, 0.00014700871543], "dmean2": [0.00374376215041, 0.00215184222907, 0.00109138165135, 0.000512654194608, 0.000314270524541, 0.000301451073028, 0.000295996840578, 0.000307957350742, 0.000396531278966, 0.000347901106579, 0.000219905006816, 9.58020318649e-05, 8.59744177433e-05, 7.97633329057e-05, 8.47846022225e-05, 5.61344095331e-05, 4.44495017291e-05, 4.11451037508e-05, 5.57234125154e-05, 3.68318469555e-05, 1.37939996421e-05, 1.68943115568e-05, 2.20873698709e-05,