{"tonal": {"thpcp": [1, 0.522050082684, 0.208662256598, 0.185982093215, 0.155099362135, 0.340262711048, 0.520651519299, 0.366383731365, 0.257289975882, 0.248065426946, 0.197492554784, 0.343216359615, 0.495602101088, 0.504597246647, 0.951050579548, 0.993920207024, 0.394834309816, 0.193205729127, 0.229312568903, 0.311536312103, 0.469603717327, 0.475833207369, 0.29476544261, 0.27538689971, 0.357750684023, 0.308198750019, 0.405443519354, 0.529502570629, 0.398616462946, 0.456580460072, 0.493717074394, 0.272809535265, 0.228621542454, 0.326088547707, 0.372713327408, 0.777611613274], "hpcp": {"dmean2": [0.180531308055, 0.123775675893, 0.122428618371, 0.143976166844, 0.135061517358, 0.13585588336, 0.151414901018, 0.142252296209, 0.13042396307, 0.126760661602, 0.110444664955, 0.0990591794252, 0.132364496589, 0.154147639871, 0.185099557042, 0.18690392375, 0.168469950557, 0.107229322195, 0.0926717445254, 0.0824513733387, 0.108173161745, 0.136553287506, 0.126848742366, 0.121010169387, 0.115407809615, 0.0929091721773, 0.121919415891, 0.152153432369, 0.165220677853, 0.185331121087, 0.193046048284, 0.143599480391, 0.111833848059, 0.125587195158, 0.142661094666, 0.164862945676], "median": [0.0153485657647, 0.010717080906, 0.00694364216179, 0.00669609475881, 0.00808849185705, 0.0204892102629, 0.0271213501692, 0.0220226086676, 0.00981606543064, 0.00967428646982, 0.00846925750375, 0.00715415831655, 0.0100438855588, 0.0186427738518, 0.0550298132002, 0.0688429921865, 0.0390320420265, 0.00628414051607, 0.00357093452476, 0.00474552577361, 0.0110420715064, 0.0142473038286, 0.0145464241505, 0.00830840971321, 0.00704860221595, 0.00508591067046, 0.0112868528813, 0.015206547454, 0.0333249941468, 0.0547349527478, 0.0605979636312, 0.0250029489398, 0.00351723725908, 0.00412049610168, 0.00567111512646, 0.0131371039897], "min": [0, 0, 0, 0, 0, 0, 0, 0, 0, 0, 0, 0, 0, 0, 0, 0, 0, 0, 0, 0, 0, 0, 0, 0, 0, 0, 0, 0, 0, 0, 0, 0, 0, 0, 0, 0], "dvar2": [0.111330531538, 0.0676477178931, 0.072408169508, 0.0877003446221, 0.081127256155, 0.0652311816812, 0.0808669924736, 0.0675861015916, 0.0743304714561, 0.0671897903085, 0.0494011156261, 0.0432197079062, 0.067821726203, 0.0766852945089, 0.072488091886, 0.0859733819962, 0.0707314833999, 0.0630936324596, 0.0558977387846, 0.0453030504286, 0.0501659847796, 0.0704345554113, 0.0599712990224, 0.0685511156917, 0.0689672678709, 0.0461050383747, 0.0670177191496, 0.0859605669975, 0.0755165442824, 0.0861181989312, 0.090403072536, 0.0669473782182, 0.0725192725658, 0.0753623396158, 0.0886434540153, 0.0923317298293], "dvar": [0.0427547991276, 0.0248912349343, 0.0268258098513, 0.034894939512, 0.0306961908937, 0.0259782727808, 0.0331446528435, 0.0252966079861, 0.0276475977153, 0.026560684666, 0.0184265747666, 0.0170207712799, 0.0283882487565, 0.0303821396083, 0.0312727689743, 0.0388651154935, 0.0276985913515, 0.0231924504042, 0.0201219879091, 0.0159618556499, 0.0196950808167, 0.0309759434313, 0.0235371887684, 0.0259692426771, 0.0256545431912, 0.0173073112965, 0.0256179198623, 0.0350778587162, 0.0293136704713, 0.03761023283, 0.0389329269528, 0.0258252155036, 0.0272443648428, 0.0285551566631, 0.0325973816216, 0.036849565804], "dmean": [0.105450548232, 0.0721921101213, 0.0707942545414, 0.0840177386999, 0.0784123763442, 0.0810628309846, 0.0909674838185, 0.0830936804414, 0.0750596374273, 0.073542714119, 0.0639789551497, 0.0580857619643, 0.0773195102811, 0.0912867262959, 0.112522393465, 0.11345602572, 0.0997701883316, 0.0612890906632, 0.0529140010476, 0.0463647544384, 0.0640932098031, 0.0824012234807, 0.0748939067125, 0.0689672827721, 0.0661027505994, 0.0529935322702, 0.070746704936, 0.0887092128396, 0.0975352749228, 0.110982984304, 0.114643141627, 0.0844534486532, 0.0622911304235, 0.0699449777603, 0.082246825099, 0.0949631631374], "max": [1, 1, 1, 1, 1, 1, 1, 1, 1, 1, 1, 1, 1, 1, 1, 1, 1, 1, 1, 1, 1, 1, 1, 1, 1, 1, 1, 1, 1, 1, 1, 1, 1, 1, 1, 1], "var": [0.0632570460439, 0.0307369381189, 0.030326442793, 0.0467583835125, 0.0357200056314, 0.0411730259657, 0.0690126121044, 0.0354391522706, 0.0664277672768, 0.0751433372498, 0.0232683718204, 0.0194560047239, 0.0397809110582, 0.0378658249974, 0.0863090679049, 0.132140517235, 0.0435391664505, 0.0216629486531, 0.0203972179443, 0.0140032358468, 0.0339165143669, 0.0745464414358, 0.0353410393, 0.0299448836595, 0.0276495330036, 0.0193829964846, 0.0375763475895, 0.0689939856529, 0.0469087921083, 0.123957492411, 0.130612105131, 0.0327352583408, 0.0237402338535, 0.0280356127769, 0.0407023131847, 0.0631137937307], "mean": [0.129659891129, 0.0803206935525, 0.0750402361155, 0.0974835529923, 0.083981141448, 0.110479384661, 0.144284263253, 0.108619078994, 0.124413698912, 0.134533062577, 0.0743379294872, 0.0622971318662, 0.0888559371233, 0.101560726762, 0.211891546845, 0.272490203381, 0.142253533006, 0.056858420372, 0.0506782978773, 0.0422630570829, 0.0927182585001, 0.141872435808, 0.0998359769583, 0.0701089948416, 0.0675953999162, 0.0538147874177, 0.0935230925679, 0.135046720505, 0.13749781251, 0.25915196538, 0.270833522081, 0.107588477433, 0.0526466667652, 0.0624854303896, 0.084890589118, 0.12796241045]}, "tuning_equal_tempered_deviation": 0.0395596139133, "chords_changes_rate": 0.0633561611176, "key_key": "G", "tuning_diatonic_strength": 0.613629817963, "key_scale": "major", "chords_number_rate": 0.00391389429569, "tuning_frequency": 441.017791748, "tuning_nontempered_energy_ratio": 0.698156833649, "chords_histogram": [19.6917800903, 8.83072376251, 10.6898241043, 5.6996088028, 3.66927599907, 1.02739727497, 1.14970648289, 0.122309200466, 2.47064590454, 2.61741685867, 1.22309195995, 0, 0.318003922701, 0.733855187893, 0.122309200466, 0, 0.391389429569, 14.2123289108, 3.7181994915, 1.22309195995, 0, 4.47651672363, 12.2798433304, 5.33268117905], "key_strength": 0.869005978107, "chords_key": "G", "chords_strength": {"dmean2": 0.00945904292166, "median": 0.492827475071, "min": -1, "dvar2": 0.000993597903289, "dvar": 0.000533618382178, "dmean": 0.0103302598, "max": 0.775795638561, "var": 0.0369616262615, "mean": 0.479047447443}, "chords_scale": "major", "hpcp_entropy": {"dmean2": 0.817764997482, "median": 1.71120905876, "min": 0, "dvar2": 0.578497767448, "dvar": 0.218603998423, "dmean": 0.487390309572, "max": 4.2389626503, "var": 0.504386603832, "mean": 1.7167840004}}, "metadata": {"audio_properties": {"equal_loudness": 0, "codec": "flac", "downmix": "mix", "sample_rate": 44100, "analysis_sample_rate": 44100, "bit_rate": 0, "md5_encoded": "0b09b3b5ce31311b644238ea5f010c5d", "length": 189.78666687, "replay_gain": -9.43613815308, "lossless": true}, "version": {"essentia_build_sha": "ca57ba49d9b1854bd80e60cf9ccf267278fb7d6b", "essentia": "2.1-beta1", "extractor": "music 1.0", "essentia_git_sha": "v2.1_beta1-28-g21ef5f4-dirty"}, "tags": {"title": ["I'm Just a Lucky So and So"], "albumartist": ["Louis Armstrong"], "tracktotal": ["12"], "musicbrainz_releasegroupid": ["0aedc824-d17b-3846-8399-249777a302c7"], "releasetype": ["album", "compilation"], "musicbrainz_recordingid": ["1d694c5b-906e-4f69-b351-bddb0bfffb7d"], "musicbrainz_albumartistid": ["eea8a864-fcda-4602-9569-38ab446decd6"], "discnumber": ["1"], "album": ["Louis Armstrong - The Platinum Collection"], "file_name": "01-09 I'm Just a Lucky So and So.flac", "date": ["2006"], "genre": ["Jazz"], "disctotal": ["3"], "script": ["Latn"], "musicbrainz_albumid": ["0280cf05-76f8-490b-be1e-022fcd89b102"], "album artist": ["Louis Armstrong"], "tracknumber": ["9"], "totaltracks": ["12"], "artistsort": ["Armstrong, Louis"], "artist": ["Louis Armstrong"], "albumartistsort": ["Armstrong, Louis"], "totaldiscs": ["3"], "musicbrainz_artistid": ["eea8a864-fcda-4602-9569-38ab446decd6"], "releasestatus": ["official"]}}, "rhythm": {"bpm_histogram_first_peak_bpm": {"dmean2": 0, "median": 136, "min": 136, "dvar2": 0, "dvar": 0, "dmean": 0, "max": 136, "var": 0, "mean": 136}, "bpm": 136.391357422, "bpm_histogram_second_peak_spread": {"dmean2": 0, "median": 0.428571462631, "min": 0.428571462631, "dvar2": 0, "dvar": 0, "dmean": 0, "max": 0.428571462631, "var": 0, "mean": 0.428571462631}, "bpm_histogram_first_peak_weight": {"dmean2": 0, "median": 0.156410261989, "min": 0.156410261989, "dvar2": 0, "dvar": 0, "dmean": 0, "max": 0.156410261989, "var": 0, "mean": 0.156410261989}, "onset_rate": 2.96101307869, "beats_position": [0.487619042397, 0.986848056316, 1.48607707024, 1.97369611263, 2.4497051239, 2.92571425438, 3.34367346764, 3.76163268089, 4.17959165573, 4.58594083786, 4.99229001999, 5.41024923325, 5.80498838425, 6.19972801208, 6.60607719421, 7.01242637634, 7.45360517502, 7.89478445053, 8.32435321808, 8.75392246246, 9.32281208038, 9.8800907135, 10.4373693466, 11.0062580109, 11.5519275665, 12.1092061996, 12.6780948639, 13.235373497, 13.7926530838, 14.3499317169, 14.8607711792, 15.3483896255, 15.8360090256, 16.3584575653, 16.8809070587, 17.4149665833, 17.9025840759, 18.390203476, 18.8662128448, 19.3190021515, 19.760181427, 20.2129707336, 20.8166885376, 21.4204082489, 22.0009059906, 22.5814056396, 23.1619052887, 23.7424030304, 24.3345127106, 24.9266204834, 25.5187301636, 26.0992279053, 26.6797275543, 27.1905670166, 27.6897945404, 28.2006340027, 28.6998634338, 29.199092865, 29.7099323273, 30.1394996643, 30.5690689087, 30.9870281219, 31.358549118, 31.7300682068, 32.1015853882, 32.4847145081, 32.8794555664, 33.2625846863, 33.6457138062, 34.028842926, 34.4235839844, 34.7951011658, 35.1782302856, 35.5497512817, 35.8864402771, 36.2231292725, 36.5598182678, 36.8965072632, 37.3144645691, 37.7440338135, 38.1736030579, 38.6031723022, 39.0327415466, 39.462310791, 39.8918800354, 40.402721405, 40.91355896, 41.4127883911, 41.923625946, 42.4460754395, 42.9569168091, 43.467754364, 44.0018119812, 44.5242614746, 45.046710968, 45.5807685852, 46.1844902039, 46.7765960693, 47.3687057495, 47.9724235535, 48.5761451721, 49.1798629761, 49.78358078, 50.3640823364, 50.9445800781, 51.5366897583, 52.0126991272, 52.4770965576, 52.941493988, 53.4058952332, 53.8354644775, 54.2650337219, 54.7062110901, 55.1357803345, 55.5537414551, 55.9833106995, 56.4012680054, 56.819229126, 57.2371864319, 57.6551475525, 58.0614967346, 58.4794540405, 58.9090232849, 59.3385925293, 59.7681617737, 60.1977310181, 60.6040802002, 61.0220413208, 61.4399986267, 61.8579597473, 62.2759170532, 62.6938781738, 63.1118354797, 63.5530128479, 63.9013137817, 64.2380065918, 64.5863037109, 64.9229888916, 65.2712936401, 65.6892471313, 66.0955963135, 66.5019454956, 66.9082946777, 67.3146438599, 67.7326049805, 68.1505661011, 68.5685272217, 68.9864807129, 69.3812255859, 69.7759628296, 70.1707000732, 70.5886611938, 70.995010376, 71.4826278687, 71.9586410522, 72.4346466064, 72.8758239746, 73.3170089722, 73.7465744019, 74.1761474609, 74.5941009521, 75.0236740112, 75.4532394409, 75.975692749, 76.5097503662, 77.0438079834, 77.5894775391, 78.1351470947, 78.6459884644, 79.1684341431, 79.6908798218, 80.2133331299, 80.8286590576, 81.4323806763, 82.0360946655, 82.6514282227, 83.2783660889, 83.9053039551, 84.5206298828, 85.1940155029, 85.8673934937, 86.5639877319, 87.2605895996, 87.9571838379, 88.6537857056, 89.3503875732, 90.0469818115, 90.6971435547, 91.3589096069, 92.0206756592, 92.6940536499, 93.3790435791, 94.0524215698, 94.737411499, 95.4224014282, 96.1073913574, 96.7343292236, 97.3612670898, 97.976600647, 98.6035385132, 99.2304763794, 99.8225860596, 100.426300049, 101.030021667, 101.645347595, 102.260681152, 102.852790833, 103.444892883, 104.164710999, 104.872924805, 105.581130981, 106.289337158, 107.009155273, 107.71736908, 108.413963318, 109.133781433, 109.853607178, 110.445709229, 111.049430847, 111.641540527, 112.245262146, 112.848976135, 113.290153503, 113.731338501, 114.172515869, 114.602081299, 115.043266296, 115.484443665, 115.925621033, 116.355194092, 116.79637146, 117.237548828, 117.655509949, 118.085075378, 118.514648438, 118.955825806, 119.397003174, 119.826576233, 120.256141663, 120.697319031, 121.138504028, 121.591293335, 122.032470703, 122.462036133, 122.891609192, 123.33278656, 123.785575867, 124.226753235, 124.667930603, 125.109115601, 125.550292969, 125.991470337, 126.432647705, 126.885437012, 127.338226318, 127.779411316, 128.220581055, 128.673370361, 129.126159668, 129.578948975, 130.031738281, 130.484527588, 130.937316895, 131.390106201, 131.842895508, 132.284072876, 132.725265503, 133.166442871, 133.607620239, 134.060409546, 134.513198853, 134.954376221, 135.407165527, 135.859954834, 136.312744141, 136.765533447, 137.218322754, 137.671112061, 138.112289429, 138.553466797, 138.994644165, 139.435821533, 139.876998901, 140.31817627, 140.759368896, 141.212158203, 141.66494751, 142.106124878, 142.558914185, 142.988479614, 143.429656982, 143.859222412, 144.288803101, 144.729980469, 145.171157837, 145.612335205, 146.041900635, 146.483078003, 146.912643433, 147.35383606, 147.795013428, 148.247802734, 148.700592041, 149.164993286, 149.617782593, 150.082168579, 150.534957886, 150.999359131, 151.452148438, 151.904937744, 152.346115112, 152.78729248, 153.240081787, 153.692871094, 154.122451782, 154.552017212, 154.981582642, 155.42276001, 155.863937378, 156.316726685, 156.78112793, 157.233917236, 157.628662109, 158.011795044, 158.406524658, 158.81288147, 159.219223022, 159.613967896, 160.00869751, 160.415054321, 160.809799194, 161.216140747, 161.61088562, 161.994003296, 162.388748169, 162.771881104, 163.155014038, 163.607803345, 164.037368774, 164.478546143, 164.919723511, 165.34928894, 165.778869629, 166.208435059, 166.638000488, 167.067565918, 167.485534668, 167.915100098, 168.414321899, 168.925170898, 169.528884888, 170.144210815, 170.771148682, 171.398086548, 172.013427734, 172.605529785, 173.197631836, 173.801361084, 174.405075073, 175.008789062, 175.600906372, 176.2162323, 176.831558228, 177.307571411, 177.783584595, 178.25958252, 178.723983765, 179.18838501, 179.652786255, 180.070739746, 180.500320435, 180.929885864, 181.371063232, 181.812240601, 182.265029907, 182.706207275, 183.135772705, 183.565353394, 183.994918823, 184.436096191, 184.865661621, 185.306838989, 185.748016357, 186.14276123, 186.537506104, 186.943847656, 187.350204468, 187.756546021, 188.162902832, 188.569244385, 188.975601196], "beats_loudness": {"dmean2": 0.035775821656, "median": 0.0187586899847, "min": 0, "dvar2": 0.000868168543093, "dvar": 0.000306867877953, "dmean": 0.0204025823623, "max": 0.0971222892404, "var": 0.000411085522501, "mean": 0.0242065377533}, "danceability": 1.06349217892, "bpm_histogram_second_peak_weight": {"dmean2": 0, "median": 0.0717948749661, "min": 0.0717948749661, "dvar2": 0, "dvar": 0, "dmean": 0, "max": 0.0717948749661, "var": 0, "mean": 0.0717948749661}, "beats_count": 391, "bpm_histogram_second_peak_bpm": {"dmean2": 0, "median": 144, "min": 144, "dvar2": 0, "dvar": 0, "dmean": 0, "max": 144, "var": 0, "mean": 144}, "bpm_histogram_first_peak_spread": {"dmean2": 0, "median": 0.590604007244, "min": 0.590604007244, "dvar2": 0, "dvar": 0, "dmean": 0, "max": 0.590604007244, "var": 0, "mean": 0.590604007244}, "beats_loudness_band_ratio": {"dmean2": [0.551016449928, 0.224638938904, 0.345317661762, 0.282731175423, 0.191074475646, 0.174392536283], "median": [0.384424954653, 0.0651554018259, 0.0907244160771, 0.0556560941041, 0.0204436276108, 0.00349509133957], "min": [0, 0, 0, 0, 0, 0], "dvar2": [0.170484155416, 0.0484639927745, 0.118566833436, 0.0965984016657, 0.0791590809822, 0.158577442169], "dvar": [0.0665707737207, 0.0182918701321, 0.0417688079178, 0.0348775684834, 0.0290694758296, 0.0538295730948], "dmean": [0.31274163723, 0.131091237068, 0.19294822216, 0.156541407108, 0.10430033505, 0.089920476079], "max": [0.995866775513, 0.826467096806, 0.960033833981, 0.972818434238, 0.855427443981, 0.975948214531], "var": [0.107755511999, 0.0240129772574, 0.050375122577, 0.0419490560889, 0.027832781896, 0.0317131429911], "mean": [0.42794367671, 0.131726279855, 0.186450541019, 0.143526077271, 0.0886094644666, 0.0516380146146]}}, "lowlevel": {"barkbands_spread": {"dmean2": 5.62963104248, "median": 9.83196640015, "min": 0.284587055445, "dvar2": 105.74294281, "dvar": 51.7201957703, "dmean": 3.80083465576, "max": 139.059082031, "var": 182.282028198, "mean": 13.3930578232}, "melbands_spread": {"dmean2": 8.39527320862, "median": 11.5343666077, "min": 0.353432178497, "dvar2": 351.398803711, "dvar": 193.554046631, "dmean": 5.81788253784, "max": 281.605102539, "var": 966.110900879, "mean": 20.826292038}, "hfc": {"dmean2": 8.37507534027, "median": 3.5383515358, "min": 1.04690737799e-16, "dvar2": 592.362365723, "dvar": 383.14364624, "dmean": 6.55399465561, "max": 586.570007324, "var": 1472.75622559, "mean": 16.811044693}, "barkbands_kurtosis": {"dmean2": 8.61106395721, "median": 3.79893112183, "min": -1.96777105331, "dvar2": 449.053771973, "dvar": 209.929122925, "dmean": 5.67479133606, "max": 523.094970703, "var": 1026.39916992, "mean": 13.3746528625}, "gfcc": {"mean": [-123.751312256, 115.674095154, -97.0284729004, 14.4380083084, -41.0864257812, 19.3303413391, -35.16223526, 8.16178703308, -14.632601738, 0.688265621662, -15.6631793976, -4.47053861618, -4.99484539032], "icov": [[0.000303556851577, -0.000716006034054, 0.000826168921776, -0.000877957732882, 0.000851625693031, -0.000981958350167, 0.000772343890276, -0.000739760173019, 0.000474888860481, -0.000564080663025, 0.000686902552843, -0.00044568796875, 0.000219048335566], [-0.000716006034054, 0.00248036929406, -0.00191613240167, 0.0024454635568, -0.0024038462434, 0.0025240581017, -0.00187567970715, 0.0014302713098, -0.000892843294423, 0.00162028125487, -0.00227499683388, 0.0016094133025, -0.000890125229489], [0.000826168921776, -0.00191613240167, 0.00308833573945, -0.00287999678403, 0.00227455166169, -0.0028641782701, 0.00179491285235, -0.00200219010003, 0.00149388681166, -0.00163675902877, 0.0013717697002, -0.00145243608858, 0.000599256309215], [-0.000877957732882, 0.0024454635568, -0.00287999678403, 0.00439708027989, -0.00237229978666, 0.00262239365838, -0.00219700019807, 0.00221171695739, -0.00176894804463, 0.00174409756437, -0.00213752803393, 0.001735761296, -0.000704947626218], [0.000851625693031, -0.0024038462434, 0.00227455166169, -0.00237229978666, 0.00496789999306, -0.00334655027837, 0.00206886488013, -0.00140750815626, -0.000119322707178, -0.00138495408464, 0.00204490195028, -0.00177016935777, 0.000285641988739], [-0.000981958350167, 0.0025240581017, -0.0028641782701, 0.00262239365838, -0.00334655027837, 0.0069722905755, -0.0028424654156, 0.00218767719343, -0.000117590767331, 0.000680452038068, -0.00111347681377, 0.00127214286476, -0.00098276603967], [0.000772343890276, -0.00187567970715, 0.00179491285235, -0.00219700019807, 0.00206886488013, -0.0028424654156, 0.0044964812696, -0.00345681421459, 0.00184123951476, -0.000384810904507, 0.000875964702573, -0.000452306529041, 0.000156908805366], [-0.000739760173019, 0.0014302713098, -0.00200219010003, 0.00221171695739, -0.00140750815626, 0.00218767719343, -0.00345681421459, 0.00886806380004, -0.00445247581229, 0.00253369426355, -0.00127509376034, 0.00118071725592, 0.000376573152607], [0.000474888860481, -0.000892843294423, 0.00149388681166, -0.00176894804463, -0.000119322707178, -0.000117590767331, 0.00184123951476, -0.00445247581229, 0.00963384285569, -0.00379272527061, 0.00148027739488, 0.000710408261511, -0.000272240053164], [-0.000564080663025, 0.00162028125487, -0.00163675902877, 0.00174409756437, -0.00138495408464, 0.000680452038068, -0.000384810904507, 0.00253369426355, -0.00379272527061, 0.00973870791495, -0.00389977334999, 0.00260580214672, 0.000994665315375], [0.000686902552843, -0.00227499683388, 0.0013717697002, -0.00213752803393, 0.00204490195028, -0.00111347681377, 0.000875964702573, -0.00127509376034, 0.00148027739488, -0.00389977334999, 0.0112993493676, -0.00607975339517, 0.00238380185328], [-0.00044568796875, 0.0016094133025, -0.00145243608858, 0.001735761296, -0.00177016935777, 0.00127214286476, -0.000452306529041, 0.00118071725592, 0.000710408261511, 0.00260580214672, -0.00607975339517, 0.0154051631689, -0.0061578406021], [0.000219048335566, -0.000890125229489, 0.000599256309215, -0.000704947626218, 0.000285641988739, -0.00098276603967, 0.000156908805366, 0.000376573152607, -0.000272240053164, 0.000994665315375, 0.00238380185328, -0.0061578406021, 0.0121730277315]], "cov": [[29759.5214844, 2026.32299805, -4061.48144531, 197.207092285, -940.860656738, 494.796661377, -1532.79345703, 197.287521362, -37.4228286743, 250.075546265, -537.11706543, -280.856750488, -158.464202881], [2026.32299805, 1831.53417969, -259.827514648, -459.90246582, 251.024002075, -130.613937378, 142.748184204, 90.1555862427, -9.08985805511, -96.2938308716, 90.4593048096, 6.15364170074, 55.6209449768], [-4061.48144531, -259.827514648, 1726.6842041, 501.66418457, -13.6863145828, 147.157913208, 255.626220703, 1.87001156807, -64.619140625, 10.5395097733, 120.83984375, 63.7366218567, 13.2560129166], [197.207092285, -459.90246582, 501.66418457, 780.610046387, -63.7052078247, 87.8000488281, 26.3363113403, -10.8801488876, 16.4180355072, 34.9290771484, 6.87074375153, -10.7622556686, -17.3646354675], [-940.860656738, 251.024002075, -13.6863145828, -63.7052078247, 479.846893311, 36.2223320007, 12.5808353424, -7.18122625351, 58.250919342, -2.1987323761, 7.31198167801, 19.6692638397, 33.9955291748], [494.796661377, -130.613937378, 147.157913208, 87.8000488281, 36.2223320007, 321.754211426, 44.8776283264, -13.7829847336, -42.6357765198, 18.7056503296, -24.9788761139, 4.46001052856, 9.02559089661], [-1532.79345703, 142.748184204, 255.626220703, 26.3363113403, 12.5808353424, 44.8776283264, 574.936950684, 125.053153992, -38.6669616699, -88.0960464478, 42.504573822, 8.99145889282, 21.5682468414], [197.287521362, 90.1555862427, 1.87001156807, -10.8801488876, -7.18122625351, -13.7829847336, 125.053153992, 208.803359985, 62.1854095459, -22.2709770203, -6.89211845398, -21.3109073639, -12.9154682159], [-37.4228286743, -9.08985805511, -64.619140625, 16.4180355072, 58.250919342, -42.6357765198, -38.6669616699, 62.1854095459, 179.472442627, 54.6302757263, -12.072104454, -32.7350616455, -16.7390995026], [250.075546265, -96.2938308716, 10.5395097733, 34.9290771484, -2.1987323761, 18.7056503296, -88.0960464478, -22.2709770203, 54.6302757263, 170.414138794, 23.1328048706, -25.1774349213, -36.620223999], [-537.11706543, 90.4593048096, 120.83984375, 6.87074375153, 7.31198167801, -24.9788761139, 42.504573822, -6.89211845398, -12.072104454, 23.1328048706, 153.218338013, 47.4355926514, 0.0374592579901], [-280.856750488, 6.15364170074, 63.7366218567, -10.7622556686, 19.6692638397, 4.46001052856, 8.99145889282, -21.3109073639, -32.7350616455, -25.1774349213, 47.4355926514, 111.977500916, 50.8657531738], [-158.464202881, 55.6209449768, 13.2560129166, -17.3646354675, 33.9955291748, 9.02559089661, 21.5682468414, -12.9154682159, -16.7390995026, -36.620223999, 0.0374592579901, 50.8657531738, 115.803283691]]}, "spectral_energyband_middle_low": {"dmean2": 0.00296950968914, "median": 0.00280581787229, "min": 1.5980068953e-22, "dvar2": 3.63861472579e-05, "dvar": 2.03808631341e-05, "dmean": 0.00215701991692, "max": 0.0802922025323, "var": 8.5819978267e-05, "mean": 0.00622537219897}, "melbands_crest": {"dmean2": 4.12206172943, "median": 15.4107370377, "min": 1.54437756538, "dvar2": 17.5888290405, "dvar": 7.9754781723, "dmean": 2.67693281174, "max": 34.3385391235, "var": 41.0007133484, "mean": 16.3239402771}, "spectral_kurtosis": {"dmean2": 5.09041023254, "median": 9.99396896362, "min": -1.24997782707, "dvar2": 32.9379234314, "dvar": 13.12449646, "dmean": 3.12769365311, "max": 75.6323242188, "var": 50.5450019836, "mean": 10.7709560394}, "spectral_rms": {"dmean2": 0.000764502794482, "median": 0.00327134062536, "min": 3.14670338397e-12, "dvar2": 9.34201693781e-07, "dvar": 5.49190701804e-07, "dmean": 0.000571380893234, "max": 0.0106391897425, "var": 4.63297647002e-06, "mean": 0.00355646526441}, "zerocrossingrate": {"dmean2": 0.00839147157967, "median": 0.03271484375, "min": 0.0029296875, "dvar2": 0.000200431473786, "dvar": 0.000209060541238, "dmean": 0.00770503515378, "max": 0.798828125, "var": 0.00710266130045, "mean": 0.0511853136122}, "silence_rate_60dB": {"dmean2": 0.0876055285335, "median": 0, "min": 0, "dvar2": 0.0877610892057, "dvar": 0.0418816655874, "dmean": 0.0437974072993, "max": 1, "var": 0.17300131917, "mean": 0.222507640719}, "erbbands_kurtosis": {"dmean2": 3.18729758263, "median": 1.3104057312, "min": -1.77835834026, "dvar2": 35.5482788086, "dvar": 19.4659862518, "dmean": 2.17837882042, "max": 148.606567383, "var": 79.3251190186, "mean": 3.91105747223}, "erbbands": {"dmean2": [0.0264142099768, 0.495339334011, 1.49417769909, 1.16386699677, 2.01022624969, 2.64273667336, 2.22909855843, 6.66787099838, 9.73715019226, 9.9164018631, 17.5613899231, 21.6232852936, 17.4601535797, 15.4807271957, 19.1350708008, 19.1817512512, 28.8214740753, 32.3966407776, 31.1473236084, 26.2888507843, 26.2182922363, 13.0193405151, 3.96932268143, 1.56971204281, 1.86392271519, 2.4760632515, 4.24976539612, 5.18398571014, 4.08733844757, 4.46093893051, 5.11131429672, 4.70123767853, 1.94911289215, 0.68269598484, 0.230896964669, 0.0357610322535, 0.00494477897882, 0.000690910906997, 6.98508665664e-05, 1.12401794468e-05], "median": [0.0114186117426, 0.301289230585, 0.711582839489, 0.677699148655, 1.1003100872, 1.01508104801, 0.868221580982, 1.26418828964, 1.98630416393, 2.18653059006, 1.70896279812, 2.21760702133, 2.0535223484, 2.15956616402, 1.77137923241, 1.71528697014, 1.63183224201, 1.69952535629, 1.27629339695, 1.5784829855, 1.54006206989, 0.809707820415, 0.451612323523, 0.243373721838, 0.210107594728, 0.125948816538, 0.11670961231, 0.0879834368825, 0.0567750260234, 0.0469009168446, 0.0338715277612, 0.0277354083955, 0.026564059779, 0.0223573837429, 0.0106238136068, 0.00286010815762, 0.000507016666234, 8.80507432157e-05, 2.27911223192e-05, 1.46627216964e-05], "min": [9.08148538558e-23, 6.14204778399e-22, 1.47149513885e-21, 3.78447974161e-21, 8.21649407662e-21, 2.259542394e-20, 4.21424449847e-20, 6.83151859672e-20, 1.20050027694e-19, 1.02512706571e-19, 1.38464644943e-19, 4.68414906698e-19, 7.55443218833e-19, 5.8164212898e-19, 8.03526245564e-19, 1.39695812812e-18, 1.33381726061e-18, 1.39275543022e-18, 2.4126773973e-18, 2.54205196062e-18, 3.55306457213e-18, 4.83074883938e-18, 4.13109424827e-18, 6.8845038835e-18, 7.71819482106e-18, 6.2932455214e-18, 9.17540995488e-18, 9.12073497075e-18, 1.06368304749e-17, 9.90277551009e-18, 1.16847806299e-17, 1.09037418063e-17, 9.77598857452e-18, 7.19473424992e-18, 6.15984610402e-18, 3.54407311887e-18, 2.30827190116e-18, 9.63073876089e-19, 2.19793676079e-19, 2.64759786095e-20], "dvar2": [0.0026398585178, 1.22482585907, 12.875658989, 7.02624320984, 17.7605667114, 43.9705085754, 63.1702041626, 708.411621094, 752.70324707, 800.813903809, 4261.22070312, 7661.03417969, 7348.98242188, 6146.62402344, 7699.49072266, 7532.53076172, 17964.7363281, 15590.2949219, 16776.1601562, 9735.47265625, 6987.89257812, 2748.44897461, 266.980773926, 72.4463119507, 140.117523193, 365.240142822, 1197.76538086, 1617.24841309, 864.655944824, 1535.2154541, 1515.13391113, 2475.78271484, 491.231811523, 30.8544025421, 2.38628101349, 0.0348321981728, 0.000397820636863, 4.74624175695e-06, 4.37614176008e-08, 5.53038559392e-10], "dvar": [0.00109560741112, 0.421271294355, 6.13862228394, 2.98081707954, 7.50711965561, 23.8683700562, 25.310628891, 290.743682861, 396.156066895, 401.517120361, 2120.9777832, 4436.40332031, 4889.92773438, 2787.60888672, 4126.91259766, 4351.70507812, 9575.39257812, 8072.65722656, 8559.47363281, 5395.25097656, 4223.46191406, 1635.35742188, 115.000457764, 31.6396903992, 68.8173522949, 188.278274536, 600.277526855, 813.695495605, 437.941009521, 689.32019043, 809.37512207, 1133.19824219, 252.725479126, 19.5012626648, 1.74946069717, 0.0256587546319, 0.00025581222144, 3.18597790283e-06, 2.88306818419e-08, 3.93847732205e-10], "dmean": [0.0175265073776, 0.32267165184, 0.988714754581, 0.763471543789, 1.32793581486, 1.84663188457, 1.50063085556, 4.45629835129, 6.69983530045, 6.86168193817, 11.8735685349, 16.1845474243, 13.6789102554, 11.2586574554, 13.6382112503, 14.2979650497, 21.1403713226, 23.0645713806, 22.9790287018, 20.1719226837, 18.9602718353, 9.72443008423, 2.73755216599, 1.07446491718, 1.27306461334, 1.68169260025, 2.92867517471, 3.62054228783, 2.91193008423, 3.17956733704, 3.73702406883, 3.47452616692, 1.5300796032, 0.568372428417, 0.183455407619, 0.026363838464, 0.00357197108679, 0.000495371990837, 5.00331370858e-05, 8.65492438606e-06], "max": [0.815170049667, 11.282708168, 56.27085495, 33.4301147461, 61.3068809509, 209.459701538, 177.555389404, 596.135192871, 772.595458984, 464.370422363, 1350.24377441, 1734.79907227, 3022.83691406, 2640.98144531, 2309.08447266, 2189.24633789, 2902.93115234, 2399.88598633, 2432.67871094, 2172.37304688, 2522.58520508, 1378.2364502, 270.579681396, 236.81690979, 282.253082275, 633.04486084, 1053.25219727, 1172.06237793, 752.028442383, 1141.71191406, 1036.84606934, 1387.51989746, 817.091918945, 210.300460815, 78.5245513916, 9.36723423004, 0.646043896675, 0.0892980694771, 0.00658503174782, 0.000702167279087], "var": [0.00963914394379, 2.30855154991, 19.6845989227, 6.56155538559, 18.5553588867, 119.22782135, 71.2106933594, 1209.59423828, 1469.16369629, 1432.00610352, 4822.09765625, 10900.2148438, 21203.1308594, 5727.17578125, 12567.6279297, 13149.7285156, 24684.9726562, 28079.6054688, 22482.5136719, 17162.8046875, 17071.5234375, 5745.56835938, 239.161849976, 46.0014381409, 99.9486846924, 345.645996094, 1014.1472168, 1540.30981445, 915.190307617, 1185.47802734, 1980.53405762, 2264.93774414, 483.418212891, 52.0428352356, 5.30186891556, 0.0845235586166, 0.000748876133002, 9.63326783676e-06, 8.3296207265e-08, 1.68017522117e-09], "mean": [0.0546997822821, 0.960370957851, 2.41653203964, 1.63747882843, 2.66677474976, 4.6093378067, 3.78557753563, 10.7423114777, 13.845161438, 15.3015575409, 20.9160232544, 27.6116161346, 32.6591033936, 22.3872203827, 27.4874801636, 27.0535755157, 38.5500411987, 46.3321647644, 41.5670814514, 40.1927566528, 39.7845420837, 19.4269371033, 4.71796369553, 1.77727282047, 1.88551807404, 2.34330463409, 3.89777207375, 5.08904838562, 4.29910707474, 4.65674638748, 5.67040157318, 5.03506278992, 2.15629887581, 0.836810588837, 0.279388815165, 0.0422910563648, 0.00561263272539, 0.000749511120375, 8.65108377184e-05, 2.67142459052e-05]}, "spectral_strongpeak": {"dmean2": 0.941193342209, "median": 0.397746801376, "min": 0, "dvar2": 4.28433847427, "dvar": 1.79370069504, "dmean": 0.591086983681, "max": 21.5278491974, "var": 3.72517609596, "mean": 1.19171130657}, "spectral_energy": {"dmean2": 0.00699216267094, "median": 0.0109692113474, "min": 1.01492863962e-20, "dvar2": 0.000109883032565, "dvar": 6.17105761194e-05, "dmean": 0.00512669701129, "max": 0.11602216959, "var": 0.000339197198628, "mean": 0.0177134945989}, "average_loudness": 0.844492673874, "spectral_rolloff": {"dmean2": 405.466125488, "median": 710.595703125, "min": 86.1328125, "dvar2": 967162.6875, "dvar": 519989.71875, "dmean": 251.201553345, "max": 22028.4667969, "var": 8941684, "mean": 1424.67102051}, "spectral_centroid": {"dmean2": 228.208374023, "median": 715.930725098, "min": 110.346321106, "dvar2": 170333.21875, "dvar": 113259.734375, "dmean": 165.756774902, "max": 11773.7333984, "var": 2175639, "mean": 1078.046875}, "pitch_salience": {"dmean2": 0.098250977695, "median": 0.476712465286, "min": 0.0726447477937, "dvar2": 0.0094201033935, "dvar": 0.00406792573631, "dmean": 0.0631130114198, "max": 0.991418480873, "var": 0.0236373208463, "mean": 0.473634272814}, "spectral_energyband_middle_high": {"dmean2": 0.00276776193641, "median": 0.000651214155369, "min": 1.04558951478e-21, "dvar2": 4.24045574619e-05, "dvar": 2.61662280536e-05, "dmean": 0.00212807673961, "max": 0.0797911584377, "var": 0.000122951096273, "mean": 0.00564148137346}, "spectral_contrast_coeffs": {"dmean2": [0.0676443949342, 0.0680960416794, 0.0557757429779, 0.0463008061051, 0.0351560749114, 0.0249147731811], "median": [-0.655719935894, -0.708568930626, -0.751733422279, -0.771837711334, -0.795861065388, -0.817884206772], "min": [-0.999520361423, -0.999393999577, -0.999294698238, -0.997789084911, -0.989180862904, -0.964583277702], "dvar2": [0.00307607301511, 0.0035256058909, 0.00274965190329, 0.00172571477015, 0.00117321894504, 0.00070431426866], "dvar": [0.00119999668095, 0.00149866053835, 0.00126395421103, 0.000836926803458, 0.000603385502473, 0.000361143844202], "dmean": [0.0410695299506, 0.0420677028596, 0.0357286557555, 0.0300797708333, 0.023431731388, 0.0162293836474], "max": [-0.361898839474, -0.378570467234, -0.350502759218, -0.473425269127, -0.471672713757, -0.544091701508], "var": [0.00845078472048, 0.00942251738161, 0.00912139192224, 0.0058469036594, 0.00584549130872, 0.00213455385529], "mean": [-0.655750274658, -0.704859495163, -0.740292906761, -0.766395568848, -0.786459863186, -0.810698390007]}, "melbands_skewness": {"dmean2": 1.09391450882, "median": 1.99978411198, "min": -4.25634670258, "dvar2": 1.79614412785, "dvar": 0.911493957043, "dmean": 0.741526842117, "max": 16.1853160858, "var": 6.28868198395, "mean": 2.47503256798}, "spectral_spread": {"dmean2": 767496.125, "median": 3495156.25, "min": 1181375.125, "dvar2": 1126099451900.0, "dvar": 602723975168, "dmean": 511575.125, "max": 42493404, "var": 23265967865900.0, "mean": 4456647.5}, "dissonance": {"dmean2": 0.0466290973127, "median": 0.445006221533, "min": 0.167592763901, "dvar2": 0.00257648411207, "dvar": 0.000961832352914, "dmean": 0.0276267919689, "max": 0.499999791384, "var": 0.00240758410655, "mean": 0.434944033623}, "spectral_skewness": {"dmean2": 0.500414252281, "median": 2.56514763832, "min": -0.29104334116, "dvar2": 0.259527474642, "dvar": 0.124572962523, "dmean": 0.321729272604, "max": 7.03499364853, "var": 0.785951733589, "mean": 2.46279120445}, "spectral_flux": {"dmean2": 0.0302210189402, "median": 0.0354183837771, "min": 6.45072953387e-11, "dvar2": 0.00159224553499, "dvar": 0.000657749304082, "dmean": 0.0188963040709, "max": 0.250897228718, "var": 0.00203482527286, "mean": 0.0507481768727}, "spectral_contrast_valleys": {"dmean2": [0.611333549023, 0.581927001476, 0.563420295715, 0.489552021027, 0.409808218479, 0.33248603344], "median": [-7.89263963699, -7.77388906479, -8.35662746429, -8.91210460663, -9.3217382431, -11.4789466858], "min": [-28.1410694122, -27.8943824768, -27.8571853638, -27.7224960327, -27.5624408722, -27.3995952606], "dvar2": [0.264940172434, 0.283113032579, 0.341479629278, 0.254541099072, 0.221277296543, 0.202990591526], "dvar": [0.121009647846, 0.136235997081, 0.167186513543, 0.144467696548, 0.126358643174, 0.138823837042], "dmean": [0.373456418514, 0.36862924695, 0.359756618738, 0.328595668077, 0.281972169876, 0.255767911673], "max": [-5.81521129608, -5.21821880341, -4.82122850418, -5.16335201263, -5.3796415329, -6.64640522003], "var": [6.95286989212, 7.10749816895, 6.95630788803, 7.44270277023, 6.29284667969, 5.27829742432], "mean": [-8.29114341736, -8.13843822479, -8.69662189484, -9.10305309296, -9.53857326508, -11.6475038528]}, "erbbands_flatness_db": {"dmean2": 0.0268841776997, "median": 0.197436749935, "min": 0.0233692750335, "dvar2": 0.000902467465494, "dvar": 0.000552969344426, "dmean": 0.0194318238646, "max": 0.441617667675, "var": 0.00440690480173, "mean": 0.204330340028}, "spectral_energyband_high": {"dmean2": 0.000514099199791, "median": 1.48496001202e-05, "min": 7.17526270911e-21, "dvar2": 9.79083779384e-06, "dvar": 6.39680092718e-06, "dmean": 0.000410133419791, "max": 0.0712499991059, "var": 2.15234395e-05, "mean": 0.000705766957253}, "spectral_entropy": {"dmean2": 0.276020467281, "median": 6.86366701126, "min": 4.55497598648, "dvar2": 0.0986568182707, "dvar": 0.0526397712529, "dmean": 0.18832321465, "max": 9.82333278656, "var": 0.470435589552, "mean": 6.93521547318}, "silence_rate_20dB": {"dmean2": 0, "median": 1, "min": 1, "dvar2": 0, "dvar": 0, "dmean": 0, "max": 1, "var": 0, "mean": 1}, "melbands_flatness_db": {"dmean2": 0.0352264642715, "median": 0.284911572933, "min": 0.00343547691591, "dvar2": 0.00154175015632, "dvar": 0.000801911868621, "dmean": 0.0243682786822, "max": 0.583934247494, "var": 0.00830872263759, "mean": 0.289517402649}, "barkbands": {"dmean2": [1.75614895852e-05, 0.00182461866643, 0.00126918847673, 0.000380258832593, 0.000697618466802, 0.000670762092341, 0.000709297542926, 0.000667563755997, 0.000935947115067, 0.000499383255374, 0.000500924303196, 0.000530442688614, 0.000703133293428, 0.000684302765876, 0.000600462430157, 0.000493954925332, 0.000298526050756, 5.80408486712e-05, 3.54496551154e-05, 5.19662789884e-05, 0.000120489603432, 0.000112857145723, 0.000174219880137, 0.000159208168043, 4.33354289271e-05, 4.07601828556e-06, 3.79120109528e-07], "median": [5.09052733833e-06, 0.00104034529068, 0.000392263347749, 0.000139683485031, 0.000402940582717, 0.000127424194943, 0.000131172782858, 5.60421867704e-05, 8.49571297294e-05, 3.90706736653e-05, 3.75657509721e-05, 3.33766074618e-05, 2.60985507339e-05, 2.65002854576e-05, 2.70862037723e-05, 2.40407935053e-05, 1.55199468281e-05, 6.03098624197e-06, 4.28480643677e-06, 2.38608231484e-06, 2.61798368228e-06, 1.49088430135e-06, 1.22068445307e-06, 1.52494919803e-06, 1.79529422439e-06, 3.94053188302e-07, 9.1482291964e-08], "min": [4.36382223462e-25, 2.43444388339e-24, 4.48025268081e-25, 1.66772807871e-24, 9.00345647132e-24, 6.46342888058e-24, 1.14825220746e-23, 2.98433633788e-24, 1.87169792652e-23, 1.75143750147e-23, 1.20057135596e-23, 2.04539894474e-23, 2.12413941153e-23, 3.41877738173e-23, 3.11213641936e-23, 4.90888735341e-23, 7.65527914258e-23, 8.48894292959e-23, 1.22126295662e-22, 1.1912462312e-22, 2.08328812334e-22, 3.30737192034e-22, 4.47001304538e-22, 5.6602650594e-22, 8.22555741947e-22, 1.2947663652e-21, 1.94985776645e-21], "dvar2": [1.31968780348e-09, 1.60114941536e-05, 1.14244721772e-05, 7.24836809241e-07, 2.11576980291e-06, 6.10988900007e-06, 3.75588433599e-06, 6.79162258166e-06, 1.36780290632e-05, 6.29907435723e-06, 5.20840649187e-06, 8.18700027594e-06, 9.71282315732e-06, 7.0319392762e-06, 5.52560459255e-06, 2.74286503554e-06, 1.38871848776e-06, 5.96182587742e-08, 5.53944730086e-08, 1.60436258057e-07, 8.02851104709e-07, 7.01376848156e-07, 1.8195546545e-06, 2.31732428801e-06, 1.03790227968e-07, 3.87341492214e-10, 1.32090020345e-12], "dvar": [5.16426901243e-10, 5.53308291273e-06, 5.51238372282e-06, 2.9060507245e-07, 1.04525167899e-06, 2.54857900472e-06, 1.88767160125e-06, 3.35760410053e-06, 7.41694611861e-06, 3.91158437196e-06, 2.83668236989e-06, 4.37988637714e-06, 5.02008606418e-06, 3.59159321306e-06, 2.81806137536e-06, 1.46185391259e-06, 7.27080418983e-07, 2.51532892293e-08, 2.38388135898e-08, 8.28716864021e-08, 4.16665187686e-07, 3.539412603e-07, 9.60368083724e-07, 1.29826878492e-06, 7.08804037686e-08, 2.40338055013e-10, 7.34850602677e-13], "dmean": [1.05894068838e-05, 0.00118333846331, 0.000845234724693, 0.000244235707214, 0.000478296627989, 0.000450048974017, 0.000488350749947, 0.000444781442638, 0.000685397535563, 0.000379295204766, 0.000366061954992, 0.000379114149837, 0.000500030815601, 0.000483810756123, 0.000433580484241, 0.000352137343725, 0.000212105194805, 3.82355829061e-05, 2.40081444645e-05, 3.56860437023e-05, 8.35529863252e-05, 7.94927618699e-05, 0.000127163657453, 0.000122454439406, 3.5933106119e-05, 2.92486106446e-06, 2.62004277829e-07], "max": [0.000813499034848, 0.043115530163, 0.0513021089137, 0.00978845264763, 0.0376223027706, 0.0537360981107, 0.0423208959401, 0.0514456741512, 0.061429746449, 0.0789060518146, 0.073200725019, 0.0622380636632, 0.0526733621955, 0.0419754609466, 0.0330715924501, 0.0383971296251, 0.0268194843084, 0.00527599221095, 0.00666166469455, 0.0135481860489, 0.021712269634, 0.0200361944735, 0.0358375310898, 0.0482289381325, 0.0133246583864, 0.000681975390762, 2.67937975877e-05], "var": [6.15196948939e-10, 3.28861351591e-05, 1.50688492795e-05, 6.039155096e-07, 4.57240639662e-06, 1.09726870505e-05, 7.06926448402e-06, 8.29586861073e-06, 1.72881973413e-05, 1