{"tonal": {"thpcp": [1, 0.635499715805, 0.227282121778, 0.306607663631, 0.3480078578, 0.266369432211, 0.204108774662, 0.194435745478, 0.290766775608, 0.505310535431, 0.514961063862, 0.319095045328, 0.241253748536, 0.258986592293, 0.273745119572, 0.318457335234, 0.371998995543, 0.409316956997, 0.387826234102, 0.341666728258, 0.370300859213, 0.559863269329, 0.55700057745, 0.367326706648, 0.524724125862, 0.613462269306, 0.380904525518, 0.260316550732, 0.298445463181, 0.4378477633, 0.654144346714, 0.606187462807, 0.380853414536, 0.260672926903, 0.226384907961, 0.591290295124], "hpcp": {"dmean2": [0.183123245835, 0.181597068906, 0.183808550239, 0.191030904651, 0.237760588527, 0.271611750126, 0.236919507384, 0.225955039263, 0.230476617813, 0.286612838507, 0.267914235592, 0.202512905002, 0.256028622389, 0.266562283039, 0.203140884638, 0.182618126273, 0.219638198614, 0.272747159004, 0.312624782324, 0.313884437084, 0.298848986626, 0.240024089813, 0.211487650871, 0.309192359447, 0.387303858995, 0.270935535431, 0.174718543887, 0.210096478462, 0.200151413679, 0.185036361217, 0.144629344344, 0.156884297729, 0.219323933125, 0.337287783623, 0.34346729517, 0.259836703539], "median": [0.01426743716, 0.0163398552686, 0.0241351239383, 0.0428705140948, 0.0594842284918, 0.0590162947774, 0.0558484941721, 0.0317003726959, 0.0315756350756, 0.0561391189694, 0.0585280135274, 0.0527439042926, 0.0747999921441, 0.0851583555341, 0.0595433115959, 0.0289674792439, 0.0357265546918, 0.0741779208183, 0.104624256492, 0.0867369025946, 0.0415646657348, 0.0170321874321, 0.015335502103, 0.0862013846636, 0.134554892778, 0.105171397328, 0.0271420441568, 0.0225009210408, 0.0212558880448, 0.0254744142294, 0.0221609063447, 0.0215096604079, 0.0396096780896, 0.0783902853727, 0.0822281241417, 0.0411778017879], "min": [0, 0, 0, 0, 0, 0, 0, 0, 0, 0, 0, 0, 0, 0, 0, 0, 0, 0, 0, 0, 0, 0, 0, 0, 0, 0, 0, 0, 0, 0, 0, 0, 0, 0, 0, 0], "dvar2": [0.0963724851608, 0.0973478481174, 0.0915688127279, 0.0799181684852, 0.10407397151, 0.122259125113, 0.111895278096, 0.1107128039, 0.112365864217, 0.133677512407, 0.132062926888, 0.0858722478151, 0.109389297664, 0.11360553652, 0.0691722929478, 0.0792451947927, 0.102949373424, 0.113910086453, 0.137132957578, 0.139405980706, 0.165265783668, 0.152892351151, 0.131305739284, 0.138344705105, 0.199980705976, 0.0976735204458, 0.0920757800341, 0.128592342138, 0.118469454348, 0.0997211113572, 0.0640025213361, 0.0782116651535, 0.0976753458381, 0.157565027475, 0.189906269312, 0.124358393252], "dvar": [0.0346089564264, 0.0359970368445, 0.0330186523497, 0.0292141512036, 0.0381907112896, 0.0464364178479, 0.0412691757083, 0.0433137305081, 0.0440207980573, 0.0496465712786, 0.0489892847836, 0.0311364419758, 0.04289239645, 0.0475084520876, 0.0265852194279, 0.0273804347962, 0.0352264195681, 0.0403281971812, 0.0521594472229, 0.0513681694865, 0.0590338595212, 0.0529673174024, 0.0459879525006, 0.053271215409, 0.0897548720241, 0.0404729135334, 0.0322451256216, 0.0454883873463, 0.0451948717237, 0.0346109755337, 0.0228668227792, 0.0278117097914, 0.0350017957389, 0.0574824772775, 0.0689908862114, 0.044377990067], "dmean": [0.101054169238, 0.100179694593, 0.102243945003, 0.108233906329, 0.134020194411, 0.152228742838, 0.135791137815, 0.130400314927, 0.135205358267, 0.165552854538, 0.152265638113, 0.116284236312, 0.148278832436, 0.157144114375, 0.119005478919, 0.102709278464, 0.121885187924, 0.155625447631, 0.180137336254, 0.179092302918, 0.165672108531, 0.130154877901, 0.114121675491, 0.175277397037, 0.220932766795, 0.1599470824, 0.0962663143873, 0.116369530559, 0.11268312484, 0.10241779685, 0.0804104059935, 0.0857930704951, 0.122390210629, 0.186798632145, 0.193925380707, 0.141815036535], "max": [1, 1, 1, 1, 1, 1, 1, 1, 1, 1, 1, 1, 1, 1, 1, 1, 1, 1, 1, 1, 1, 1, 1, 1, 1, 1, 1, 1, 1, 1, 1, 1, 1, 1, 1, 1], "var": [0.0314921885729, 0.0375294461846, 0.0332522504032, 0.0344238579273, 0.0397692136467, 0.0453507676721, 0.042279317975, 0.0465697385371, 0.0501691438258, 0.078139141202, 0.0880469977856, 0.0367528051138, 0.0653406605124, 0.0899216085672, 0.0343409925699, 0.0253323726356, 0.0318150296807, 0.0441439114511, 0.0885406732559, 0.080304890871, 0.0516156218946, 0.0380792357028, 0.0317548774183, 0.0640555694699, 0.16231149435, 0.0652731582522, 0.0240682531148, 0.0469888113439, 0.0625118911266, 0.0340881794691, 0.0193392448127, 0.0207349862903, 0.0293458048254, 0.0611444599926, 0.0645712092519, 0.035700108856], "mean": [0.0876753851771, 0.0941197797656, 0.0994832590222, 0.115732371807, 0.135190248489, 0.148752182722, 0.140942111611, 0.124167025089, 0.134573116899, 0.203463062644, 0.202422723174, 0.133492261171, 0.190692946315, 0.222941786051, 0.138426661491, 0.0946031063795, 0.108459748328, 0.159120723605, 0.237726271152, 0.220298007131, 0.138408079743, 0.094732619822, 0.0822718143463, 0.214884132147, 0.363415628672, 0.230950519443, 0.082597874105, 0.111426018178, 0.126471489668, 0.0968028157949, 0.0741763189435, 0.0706609860063, 0.105669185519, 0.183637753129, 0.187144905329, 0.115964129567]}, "tuning_equal_tempered_deviation": 0.165924489498, "chords_changes_rate": 0.0607418864965, "key_key": "C#", "tuning_diatonic_strength": 0.467266976833, "key_scale": "major", "chords_number_rate": 0.0018547141226, "tuning_frequency": 434.193115234, "tuning_nontempered_energy_ratio": 0.860030651093, "chords_histogram": [36.2596588135, 11.7774343491, 10.2936630249, 10.5564146042, 0.108191654086, 0, 3.40030908585, 1.70015454292, 2.95208644867, 0.540958285332, 0.0154559509829, 0.0154559509829, 0.772797524929, 0.370942801237, 0.510046362877, 0.247295215726, 2.76661515236, 0, 0, 1.17465221882, 6.89335393906, 0.850077271461, 2.34930443764, 6.44513130188], "key_strength": 0.499674737453, "chords_key": "C#", "chords_strength": {"dmean2": 0.0116988485679, "median": 0.468323647976, "min": -1, "dvar2": 0.00101124867797, "dvar": 0.000550094235223, "dmean": 0.00934784207493, "max": 0.73305118084, "var": 0.0509585626423, "mean": 0.434136331081}, "chords_scale": "major", "hpcp_entropy": {"dmean2": 1.1360963583, "median": 2.33620786667, "min": 0, "dvar2": 0.922244906425, "dvar": 0.322418123484, "dmean": 0.663059830666, "max": 4.97236299515, "var": 0.890555620193, "mean": 2.37758731842}}, "metadata": {"audio_properties": {"equal_loudness": 0, "codec": "mp3", "downmix": "mix", "sample_rate": 44100, "analysis_sample_rate": 44100, "bit_rate": 208722, "md5_encoded": "0b20e695b330a0b0a1b7c13367b7eff5", "length": 300.382049561, "replay_gain": -9.36351203918, "lossless": false}, "version": {"essentia_build_sha": "2d9f1f26377add8aeb1075a9c2973f962c4f09fd", "essentia": "2.1-beta2", "extractor": "music 1.0", "essentia_git_sha": "v2.1_beta2-1-ge3940c0"}, "tags": {"title": ["Valis"], "language": ["eng"], "media": ["Digital Media"], "albumartist": ["Platform"], "initialkey": ["D#m"], "musicbrainz_recordingid": ["1d6a48c5-5af1-4a39-a420-ebb3f2ae8b2b"], "album": ["Reset"], "musicbrainz_albumartistid": ["aef844f3-0b21-4554-9c1e-bb904f05889f"], "discnumber": ["01/01"], "originalartist": ["Platform"], "bpm": ["119"], "catalognumber": ["owo007"], "contentgroup": ["Ambient,Experimental,IDM"], "originalalbum": ["Reset"], "musicbrainz album type": ["EP"], "musicbrainz album status": ["Official"], "file_name": "03 - Valis.mp3", "acoustid_fingerprint": ["AQABz0mSKIyiKGKA5ziE42fh5MpQn-hzxXAV4od-3ER_4TyeBO3hwyof6IwMkVGO8gjfoImDnziHcnDOI9DT44Fx3Dg-CMddmAePQ-Rxoj4Kv-jxowl6CULFw0eMG34f_PjgcDkOxz_O4LjgD3kkHf4CXYdffB9xw8edB7kKV4wR6_iEL8d1D4eWkfiyBXkufGCyBP0rPC6aEz_KcI7wjJuESc2EZOl1IZfwneiPxjle4UluHD8aLrPwMISPN0gffIHPQPGSw09xGtUWHbWPvFI6w7-w9sR3eEoYfMMtGHc4mJEU1BFjJD_iFE0-9Cnu4Mlw48eFkjnMLYLH4MdDpMbNw-kFZWPxR7hp_LiQvsee9fguuOlxKcQPo6eIUozRZEmEPDySOugbNMed48lwHN_xHg0d4YWPEzmshrBziDFmXRFufMOPXDu2r8d9wYxxJTVu-OhplFqyocmSJHigOscPXxFuG08WHMd3PEJJGl7IwD_6IHwKq7XwRMf0QNWD82gPP8i148PoE-6HKwyuGf7Ro0-ihYQjRUGn6EjqHDkf-Epx40kW3MCH52jGHR8FK8zx4kHqHA_h9IKyhwp-nMrxXjjSZzn24w_MiLgi4hyMH546VEsi5OmR1EeP5hvuHE-G4z2OsofpCE8P40Tq44TTC9vjQH9xbia-4yrS93h2jIcZH1cS4hyM42KGJkyEi4cqHoev4DaFJwuOHx-OZo_xsIbx8LiQPhk29YR_6JM6VKrSEB-OkFYKP_tQ8pj8wFSDS9ng43gGR8rQKQqS6kMOf7ipTHgYHPfx4SgZHV6WyfDxFE-O1BE2NRTxQ-zY4W9RMsePP0WYMdFRiR-m40nhScWzHT5-ODxKJQmRC8n5Cs3RBxdxEedx4zlKRod54T18PNmRHnsywTrE58LZ5Cgrh_iOCyHJ1PDzYSLa-IGnpHg2GD-uDk2YCLl4JBWPw1eG28aTBcePDy8aOj7eGj6e8MgFW5mw6fBzqKw6lF1DfMOPkNQKf94wkagfmGpwKRt8_PgHa9lRSkHS7cgPP7iYDtce3D5uHI-OZuSPh1Thoz_6ZEfq41S2YbjDLINulFLwHn2K9Jk39Jj6wE0zXJsAo3SyoQkldEqSSUQsIjmaZ-iDi9lx7biN4zlKRoe5LAqP8_CP8wDEEAQEQECYFRoiARxyAiAkAFMMCGEstiY5CwyVjgHhFGEKAgWQIY4IJpkiQCinlBAKGCKdE8gowIRIAhEiASAKAWIYUwgQIzAwDBjEFAACKOAQI0BIixRQjBGmmBAKEWAcBMIAAAFhQAAlLUKKAWUIIdghBCigQAkBgCIOCIGYg0gxoAxTQABloADIGSWcYoYAK4higkGKgGIIGMQYYwoQAZgBFAgjASUMCoAIhwgpBhgkAjnnFAAEGASBYMoCwkARiJiIFANWOUCYYAAAQYwIxDACQGSKIuWAUgwAxRATwBDjgFEGG4aIBBoAQi1SjEClACAIMAGMBAAIgyAggEFBACImIsWAVYQQs4SSABgKBCMACkAMEZoiRQCAigEBiBJYCCgANEQB4QiSFgllAFQKACKUcwI"], "date": ["2008-06-21"], "genre": ["Electronic"], "musicbrainz album release country": ["CZ"], "musicip_puid": ["17df9d5f-edf1-f275-8d8b-0e5fa96ea2fc"], "musicbrainz_artistid": ["aef844f3-0b21-4554-9c1e-bb904f05889f"], "originaldate": ["2008-06-21"], "musicbrainz_albumid": ["468a11af-051c-4c22-abcc-fd1ac87401ef"], "artist": ["Platform"], "artistsort": ["Platform"], "tracknumber": ["03/04"], "label": ["Cryoworks"], "albumartistsort": ["Platform", "Platform"], "acoustid_id": ["f0640ade-555c-4870-ae65-ff6d4e4d7f50"], "script": ["Latn", "Latin"], "musicbrainz_releasegroupid": ["894d4d32-92b7-3791-b790-3fae00d9cdd2"]}}, "rhythm": {"bpm_histogram_first_peak_bpm": {"dmean2": 0, "median": 120, "min": 120, "dvar2": 0, "dvar": 0, "dmean": 0, "max": 120, "var": 0, "mean": 120}, "bpm": 120.031234741, "bpm_histogram_second_peak_spread": {"dmean2": 0, "median": 0.586956501007, "min": 0.586956501007, "dvar2": 0, "dvar": 0, "dmean": 0, "max": 0.586956501007, "var": 0, "mean": 0.586956501007}, "bpm_histogram_first_peak_weight": {"dmean2": 0, "median": 0.593537390232, "min": 0.593537390232, "dvar2": 0, "dvar": 0, "dmean": 0, "max": 0.593537390232, "var": 0, "mean": 0.593537390232}, "onset_rate": 4.70378255844, "beats_position": [0.441179126501, 0.882358253002, 1.3235373497, 1.764716506, 2.20589566231, 2.6470746994, 3.07664394379, 3.50621318817, 3.94739222527, 4.40018129349, 4.79492044449, 5.20126962662, 5.59600877762, 6.01396799088, 6.40870714188, 6.80344676971, 7.19818592072, 7.56970500946, 7.95283412933, 8.35918331146, 8.77714252472, 9.18349170685, 9.58984088898, 9.99619007111, 10.4025392532, 10.7856683731, 11.1687984467, 11.5403175354, 11.9118366241, 12.2833557129, 12.6664848328, 13.0496139526, 13.5372333527, 14.0364627838, 14.5356912613, 15.0349206924, 15.5341491699, 16.0333786011, 16.5326080322, 17.0434455872, 17.5426750183, 18.0419044495, 18.5411338806, 19.0403633118, 19.5395908356, 20.0388202667, 20.5380496979, 21.037279129, 21.5365066528, 22.035736084, 22.5349655151, 23.0341949463, 23.5450344086, 24.0442619324, 24.5434913635, 25.0427207947, 25.5419502258, 26.0411777496, 26.5404071808, 27.0396366119, 27.5388660431, 28.0380954742, 28.537322998, 29.0365524292, 29.5357818604, 30.0350112915, 30.5342407227, 31.0334682465, 31.5326976776, 32.0319252014, 32.5311546326, 33.0419960022, 33.5412254333, 34.0404510498, 34.539680481, 35.0389099121, 35.5381393433, 36.0373687744, 36.5365982056, 37.0358276367, 37.5466651917, 38.0458946228, 38.545124054, 39.0443534851, 39.5435829163, 40.0428123474, 40.5420417786, 41.041267395, 41.5404968262, 42.0397262573, 42.5389556885, 43.0381851196, 43.5374145508, 44.0366439819, 44.5358734131, 45.0351028442, 45.5343284607, 46.0335578918, 46.532787323, 47.0436286926, 47.5428581238, 48.0420837402, 48.5413131714, 49.0405426025, 49.5397720337, 50.0390014648, 50.538230896, 51.0374603271, 51.5366897583, 52.0359191895, 52.5351448059, 53.0343742371, 53.5452156067, 54.0444450378, 54.5436706543, 55.0429000854, 55.5421295166, 56.0413589478, 56.5405883789, 57.0398178101, 57.5390472412, 58.0498847961, 58.5491142273, 59.0483436584, 59.5359611511, 60.0351905823, 60.5344200134, 61.0452613831, 61.5444869995, 62.0437164307, 62.5429458618, 63.042175293, 63.5414047241, 64.0406341553, 64.5398635864, 65.0390930176, 65.5499343872, 66.049156189, 66.5483856201, 67.0476150513, 67.5468444824, 68.0460739136, 68.5453033447, 69.0445327759, 69.543762207, 70.0429916382, 70.5422210693, 71.0414505005, 71.5406799316, 72.0399093628, 72.5391387939, 73.0499725342, 73.5492019653, 74.0484313965, 74.5476608276, 75.0468902588, 75.5577316284, 76.0453491211, 76.5445785522, 77.0438079834, 77.5430374146, 78.0422668457, 78.5414962769, 79.040725708, 79.5399551392, 80.0391845703, 80.5384140015, 81.0376434326, 81.5368728638, 81.9199981689, 82.291519165, 82.6630401611, 83.0345535278, 83.4060745239, 83.7892074585, 84.1607208252, 84.5438537598, 84.9385910034, 85.3449401855, 85.7512893677, 86.1924667358, 86.6220397949, 87.0516052246, 87.4695663452, 87.9920196533, 88.514465332, 89.0369110107, 89.5477523804, 90.05859375, 90.5578231812, 91.0686569214, 91.579498291, 92.0903396606, 92.6011810303, 93.1120147705, 93.6228561401, 94.1336975098, 94.64453125, 95.1553726196, 95.6546020508, 96.1538314819, 96.6414489746, 97.1290664673, 97.61668396, 98.104309082, 98.5919265747, 99.0795440674, 99.5671615601, 100.054779053, 100.542404175, 101.041633606, 101.540863037, 102.040092468, 102.53931427, 103.038543701, 103.537773132, 104.037002563, 104.536231995, 105.035461426, 105.534690857, 106.033920288, 106.533149719, 107.043991089, 107.54322052, 108.042449951, 108.541679382, 109.040908813, 109.551742554, 110.050971985, 110.550201416, 111.037818909, 111.53704834, 112.036277771, 112.535507202, 113.034736633, 113.545578003, 114.044807434, 114.544036865, 115.043266296, 115.542495728, 116.041717529, 116.54094696, 117.05178833, 117.539405823, 118.038635254, 118.537864685, 119.048706055, 119.536323547, 120.047164917, 120.546394348, 121.045623779, 121.54485321, 122.044082642, 122.543312073, 123.042533875, 123.541763306, 124.040992737, 124.540222168, 125.039451599, 125.550292969, 126.0495224, 126.548751831, 127.047981262, 127.547210693, 128.046432495, 128.545669556, 129.044891357, 129.544128418, 130.04335022, 130.54258728, 131.041809082, 131.541046143, 132.040267944, 132.539505005, 133.050338745, 133.537963867, 134.048797607, 134.548019409, 135.04725647, 135.546478271, 136.045715332, 136.544937134, 137.044174194, 137.543395996, 138.042633057, 138.541854858, 139.041091919, 139.540313721, 140.039550781, 140.550384521, 141.049606323, 141.548843384, 142.048065186, 142.547302246, 143.046524048, 143.545761108, 144.04498291, 144.544219971, 145.043441772, 145.542678833, 146.041900635, 146.541137695, 147.040359497, 147.539596558, 148.038818359, 148.538040161, 149.037277222, 149.536499023, 150.047348022, 150.546569824, 151.045806885, 151.545028687, 152.044265747, 152.543487549, 153.042724609, 153.541946411, 154.041183472, 154.552017212, 155.039627075, 155.538864136, 156.038085938, 156.537322998, 157.0365448, 157.53578186, 158.035003662, 158.545852661, 159.045074463, 159.544311523, 160.031921387, 160.531158447, 161.041992188, 161.541213989, 162.052062988, 162.55128479, 163.050521851, 163.538131714, 164.037368774, 164.548202515, 165.070648193, 165.593109131, 166.11555481, 166.672836304, 167.218505859, 167.764175415, 168.286621094, 168.809066772, 169.331512451, 169.900405884, 170.457687378, 170.991744995, 171.502578735, 172.025024414, 172.55909729, 173.093154907, 173.638824463, 174.17288208, 174.706939697, 175.240997314, 175.798278809, 176.343948364, 176.912826538, 177.481719971, 178.050613403, 178.561447144, 179.072280884, 179.583129883, 180.070739746, 180.558364868, 181.04598999, 181.533599854, 182.044433594, 182.543670654, 183.042892456, 183.542129517, 184.041351318, 184.540588379, 185.039810181, 185.527435303, 186.038269043, 186.537506104, 187.036727905, 187.535964966, 188.035186768, 188.534423828, 189.03364563, 189.53288269, 190.032104492, 190.531341553, 191.042175293, 191.541397095, 192.040634155, 192.539855957, 193.039093018, 193.538314819, 194.049163818, 194.54838562, 195.047622681, 195.546844482, 196.046066284, 196.545303345, 197.044525146, 197.543762207, 198.042984009, 198.542221069, 199.041442871, 199.540679932, 200.039901733, 200.539138794, 201.038360596, 201.537597656, 202.036819458, 202.536056519, 203.03527832, 203.534515381, 204.033737183, 204.544570923, 205.043807983, 205.543029785, 206.053878784, 206.553100586, 207.052337646, 207.551559448, 208.050796509, 208.550018311, 209.049255371, 209.536865234, 210.047698975, 210.546936035, 211.046157837, 211.545394897, 212.044616699, 212.54385376, 213.043075562, 213.542312622, 214.041534424, 214.540771484, 215.039993286, 215.539230347, 216.038452148, 216.537689209, 217.036911011, 217.536148071, 218.046981812, 218.546203613, 219.045440674, 219.544662476, 220.043899536, 220.543121338, 221.042358398, 221.5415802, 222.052429199, 222.551651001, 223.050872803, 223.550109863, 224.049331665, 224.548568726, 225.047790527, 225.547027588, 226.04624939, 226.54548645, 227.044708252, 227.543945313, 228.043167114, 228.542404175, 229.041625977, 229.540863037, 230.040084839, 230.539321899, 231.038543701, 231.537780762, 232.037002563, 232.536224365, 233.035461426, 233.534683228, 234.033920288, 234.544754028, 235.043991089, 235.543212891, 236.042449951, 236.541671753, 237.052505493, 237.551742554, 238.050964355, 238.550201416, 239.049423218, 239.548660278, 240.04788208, 240.547119141, 241.046340942, 241.545578003, 242.044799805, 242.544036865, 243.043258667, 243.542495728, 244.041717529, 244.517730713, 245.005340576, 245.48135376, 245.957366943, 246.433380127, 246.92098999, 247.408615112, 247.896224976, 248.383850098, 248.859863281, 249.335861206, 249.904754639, 250.48526001, 251.158630371, 251.832015991, 252.493789673, 253.167160034, 253.817321777, 254.455871582, 255.117630005, 255.767791748, 256.41796875, 257.068115234, 257.718261719, 258.356811523, 258.995361328, 259.64553833, 260.284088135, 260.922637939, 261.572784424, 262.211334229, 262.861480713, 263.511657715, 264.173431396, 264.75390625, 265.322814941, 265.868469238, 266.402526855, 266.94821167, 267.493865967, 268.039550781, 268.585205078, 269.24697876, 269.908752441, 270.570526123, 271.232299805, 271.894042969, 272.55581665, 273.205993652, 273.844543457, 274.483093262, 275.133239746, 275.771789551, 276.410339355, 277.06048584, 277.710662842, 278.360809326, 278.999359131, 279.637908936, 280.28805542, 280.938232422, 281.600006104, 282.238555908, 282.877105713, 283.515655518, 284.154174805, 284.792724609, 285.442901611, 286.081451416, 286.720001221, 287.277282715, 287.834564209, 288.333770752, 288.833007813, 289.332244873, 289.843078613, 290.342315674, 290.841522217, 291.340759277, 291.851593018, 292.362457275, 292.896514893, 293.43057251, 293.976226807, 294.521911621, 295.055969238, 295.601623535, 296.158905029, 296.716186523, 297.308288574, 297.888793945, 298.469299316, 299.049804688, 299.641906738], "beats_loudness": {"dmean2": 0.093888990581, "median": 0.0197230484337, "min": 2.23702958935e-10, "dvar2": 0.00948468316346, "dvar": 0.00323889753781, "dmean": 0.0521629415452, "max": 0.364587217569, "var": 0.00621541915461, "mean": 0.0630519688129}, "danceability": 1.23284041882, "bpm_histogram_second_peak_weight": {"dmean2": 0, "median": 0.032312925905, "min": 0.032312925905, "dvar2": 0, "dvar": 0, "dmean": 0, "max": 0.032312925905, "var": 0, "mean": 0.032312925905}, "beats_count": 589, "bpm_histogram_second_peak_bpm": {"dmean2": 0, "median": 94, "min": 94, "dvar2": 0, "dvar": 0, "dmean": 0, "max": 94, "var": 0, "mean": 94}, "bpm_histogram_first_peak_spread": {"dmean2": 0, "median": 0.197701126337, "min": 0.197701126337, "dvar2": 0, "dvar": 0, "dmean": 0, "max": 0.197701126337, "var": 0, "mean": 0.197701126337}, "beats_loudness_band_ratio": {"dmean2": [0.436071902514, 0.202049642801, 0.141541883349, 0.0912599116564, 0.114574283361, 0.266707807779], "median": [0.523029386997, 0.0396734476089, 0.0539202652872, 0.017193319276, 0.0147980172187, 0.120367713273], "min": [0.00443876907229, 2.85291207547e-05, 3.54409858119e-05, 1.98354046006e-05, 3.6724891288e-06, 2.34943854593e-06], "dvar2": [0.120689563453, 0.0610357671976, 0.0355299673975, 0.00729606347159, 0.0353991910815, 0.0554152689874], "dvar": [0.0502975657582, 0.0218419879675, 0.012475031428, 0.00278626568615, 0.0118593405932, 0.0209286026657], "dmean": [0.252498298883, 0.110049217939, 0.0844059437513, 0.0510363504291, 0.063322275877, 0.148661017418], "max": [0.999880433083, 0.713628292084, 0.85096347332, 0.306169629097, 0.828479468822, 0.955098569393], "var": [0.107356436551, 0.0252524055541, 0.0154223740101, 0.00249664345756, 0.011367212981, 0.037703499198], "mean": [0.525726556778, 0.111840412021, 0.0983627736568, 0.0407521463931, 0.0544107109308, 0.185718238354]}}, "lowlevel": {"barkbands_spread": {"dmean2": 28.4031066895, "median": 45.1379394531, "min": 0.0359377674758, "dvar2": 1061.29309082, "dvar": 382.21887207, "dmean": 16.84516716, "max": 143.108184814, "var": 808.520019531, "mean": 46.8016242981}, "melbands_spread": {"dmean2": 39.3852310181, "median": 20.851568222, "min": 0.00237830495462, "dvar2": 3515.70458984, "dvar": 1235.75378418, "dmean": 23.1746063232, "max": 333.34765625, "var": 2300.11450195, "mean": 41.5844154358}, "hfc": {"dmean2": 41.8406486511, "median": 13.2796373367, "min": 1.20606334677e-16, "dvar2": 5906.74023438, "dvar": 2518.91113281, "dmean": 25.8066673279, "max": 863.956115723, "var": 3741.84106445, "mean": 36.4857177734}, "barkbands_kurtosis": {"dmean2": 21.8422031403, "median": 1.91890001297, "min": -1.97733044624, "dvar2": 5568.61523438, "dvar": 2130.11865234, "dmean": 12.901386261, "max": 941.426086426, "var": 2109.59179688, "mean": 12.5034885406}, "gfcc": {"mean": [-72.6264648438, 21.2094516754, -48.3592987061, 5.04539299011, -47.5635223389, 7.3585062027, -36.2499580383, 17.4881038666, -18.8469486237, 12.3926467896, -17.152677536, 3.67423152924, -6.65693187714], "icov": [[4.6083550842e-05, -5.77732498641e-05, 2.92752120004e-05, -7.67832243582e-05, 0.000186001387192, 8.49872230901e-05, 0.000126832659589, -3.39974940289e-05, 3.99544769607e-05, -2.8464006391e-05, 0.000226814197958, -0.000168344457052, 0.00017826356634], [-5.77732498641e-05, 0.000727748498321, -0.000306137197185, 0.000164990808116, -0.000741173280403, 0.000496959022712, -0.0003691551683, 0.000174288419657, 3.63050057786e-05, -3.54611329385e-05, -0.000389282184187, 0.00117415213026, -0.000266448187176], [2.92752120004e-05, -0.000306137197185, 0.00145675439853, 5.69029871258e-05, 0.000158559691045, -0.000358096032869, 0.000470339466119, 0.000317845784593, -1.28322653836e-05, -0.000489309662953, -0.00132668029983, 0.00106212415267, -0.000111341862066], [-7.67832243582e-05, 0.000164990808116, 5.69029871258e-05, 0.0033649224788, -0.000806592928711, -0.00151231337804, -0.00142558233347, -0.000578012142796, 0.000229232973652, 0.000678629789036, 0.000454633816844, -0.000329370406689, 0.000201624861802], [0.000186001387192, -0.000741173280403, 0.000158559691045, -0.000806592928711, 0.00448601227254, -0.000411355518736, 0.000234876439208, -0.0012296133209, -0.00112410355359, 0.000482995266793, 0.00173504336271, -0.00169352220837, 0.000708199630026], [8.49872230901e-05, 0.000496959022712, -0.000358096032869, -0.00151231337804, -0.000411355518736, 0.00518223876134, -7.07836443326e-05, -0.00160201254766, -0.00120501697529, -0.000434151763329, -7.89417317719e-05, 0.00265991268679, -0.000810228928458], [0.000126832659589, -0.0003691551683, 0.000470339466119, -0.00142558233347, 0.000234876439208, -7.07836443326e-05, 0.00410374160856, -0.00025379442377, 0.000788627716247, -0.000591571326368, -0.00025044643553, -0.00136021478102, 0.00147074810229], [-3.39974940289e-05, 0.000174288419657, 0.000317845784593, -0.000578012142796, -0.0012296133209, -0.00160201254766, -0.00025379442377, 0.00827955268323, 0.00175757391844, -0.00211116089486, -0.00205528992228, 0.00305870641023, -0.00108311686199], [3.99544769607e-05, 3.63050057786e-05, -1.28322653836e-05, 0.000229232973652, -0.00112410355359, -0.00120501697529, 0.000788627716247, 0.00175757391844, 0.00846055801958, -0.0012165394146, -0.000805430812761, -0.000333084288286, 0.000208301615203], [-2.8464006391e-05, -3.54611329385e-05, -0.000489309662953, 0.000678629789036, 0.000482995266793, -0.000434151763329, -0.000591571326368, -0.00211116089486, -0.0012165394146, 0.0127571001649, -0.000535571714863, -0.00196898030117, -0.00232659908943], [0.000226814197958, -0.000389282184187, -0.00132668029983, 0.000454633816844, 0.00173504336271, -7.89417317719e-05, -0.00025044643553, -0.00205528992228, -0.000805430812761, -0.000535571714863, 0.0133144930005, -0.00641516270116, 0.00405357591808], [-0.000168344457052, 0.00117415213026, 0.00106212415267, -0.000329370406689, -0.00169352220837, 0.00265991268679, -0.00136021478102, 0.00305870641023, -0.000333084288286, -0.00196898030117, -0.00641516270116, 0.0205917451531, -0.00542218796909], [0.00017826356634, -0.000266448187176, -0.000111341862066, 0.000201624861802, 0.000708199630026, -0.000810228928458, 0.00147074810229, -0.00108311686199, 0.000208301615203, -0.00232659908943, 0.00405357591808, -0.00542218796909, 0.0111193228513]], "cov": [[38419.6835938, 1501.87158203, -803.95526123, -577.032897949, -1486.48583984, -1531.30712891, -954.442993164, -574.206237793, -435.772399902, -149.886795044, -477.18447876, 103.411705017, -322.944976807], [1501.87158203, 2230.60717773, 459.254302979, -128.137496948, 195.597930908, -202.981781006, 30.2932109833, -42.0126724243, -11.1346540451, -11.8518972397, 26.4292411804, -98.7465286255, -59.1106719971], [-803.95526123, 459.254302979, 999.624389648, -103.400169373, 7.39615011215, 51.8314857483, -97.1425094604, -0.714859962463, 36.425151825, 36.034866333, 103.242118835, -64.9625473022, -10.5942468643], [-577.032897949, -128.137496948, -103.400169373, 539.651855469, 148.611999512, 223.339355469, 206.411087036, 109.795463562, -6.06783771515, -11.3832273483, -23.2872028351, -15.3197135925, -15.6876993179], [-1486.48583984, 195.597930908, 7.39615011215, 148.611999512, 381.728149414, 121.967735291, 83.2930374146, 74.8133087158, 44.5567588806, -2.35207676888, -14.6663646698, -14.3654069901, 3.75731921196], [-1531.30712891, -202.981781006, 51.8314857483, 223.339355469, 121.967735291, 393.558258057, 80.7573699951, 124.093086243, 41.576335907, 19.4809322357, -0.0888060331345, -46.3934898376, 19.1765632629], [-954.442993164, 30.2932109833, -97.1425094604, 206.411087036, 83.2930374146, 80.7573699951, 380.128814697, 55.8491325378, -22.2747764587, 3.49073886871, 19.4281520844, 8.95154666901, -34.51770401], [-574.206237793, -42.0126724243, -0.714859962463, 109.795463562, 74.8133087158, 124.093086243, 55.8491325378, 186.45501709, -13.2429733276, 24.4663200378, 9.88351535797, -26.5305805206, 10.0803670883], [-435.772399902, -11.1346540451, 36.425151825, -6.06783771515, 44.5567588806, 41.576335907, -22.2747764587, -13.2429733276, 140.004486084, 12.5450181961, 11.1946563721, 2.46077752113, 6.16325712204], [-149.886795044, -11.8518972397, 36.034866333, -11.3832273483, -2.35207676888, 19.4809322357, 3.49073886871, 24.4663200378, 12.5450181961, 93.2339248657, 12.3149528503, 11.2093820572, 26.4268779755], [-477.18447876, 26.4292411804, 103.242118835, -23.2872028351, -14.6663646698, -0.0888060331345, 19.4281520844, 9.88351535797, 11.1946563721, 12.3149528503, 115.898704529, 19.3483009338, -21.3889884949], [103.411705017, -98.7465286255, -64.9625473022, -15.3197135925, -14.3654069901, -46.3934898376, 8.95154666901, -26.5305805206, 2.46077752113, 11.2093820572, 19.3483009338, 80.974105835, 24.1010723114], [-322.944976807, -59.1106719971, -10.5942468643, -15.6876993179, 3.75731921196, 19.1765632629, -34.51770401, 10.0803670883, 6.16325712204, 26.4268779755, -21.3889884949, 24.1010723114, 125.542510986]]}, "spectral_energyband_middle_low": {"dmean2": 0.00480623031035, "median": 0.00172236864455, "min": 2.86561284264e-22, "dvar2": 9.37866425375e-05, "dvar": 3.93420232285e-05, "dmean": 0.00304968841374, "max": 0.0785272046924, "var": 7.6633747085e-05, "mean": 0.00574971642345}, "melbands_crest": {"dmean2": 8.33141613007, "median": 15.7192668915, "min": 1.79222607613, "dvar2": 61.7403450012, "dvar": 24.2337608337, "dmean": 5.01251268387, "max": 39.9858055115, "var": 69.890083313, "mean": 17.2553749084}, "spectral_kurtosis": {"dmean2": 2.3187725544, "median": 2.45540809631, "min": -1.54249346256, "dvar2": 18.0012664795, "dvar": 7.83053731918, "dmean": 1.44693076611, "max": 113.858673096, "var": 36.3309898376, "mean": 3.35220956802}, "spectral_rms": {"dmean2": 0.00164576643147, "median": 0.00293964194134, "min": 3.30269470626e-12, "dvar2": 5.29891167389e-06, "dvar": 2.72845181826e-06, "dmean": 0.00114530767314, "max": 0.0185766462237, "var": 9.62706781138e-06, "mean": 0.00366389914416}, "zerocrossingrate": {"dmean2": 0.0354963801801, "median": 0.11572265625, "min": 0, "dvar2": 0.00139711843804, "dvar": 0.000781596172601, "dmean": 0.0273442789912, "max": 0.55322265625, "var": 0.00812197010964, "mean": 0.127906173468}, "silence_rate_60dB": {"dmean2": 0.118429191411, "median": 0, "min": 0, "dvar2": 0.128841027617, "dvar": 0.0556979365647, "dmean": 0.0592100173235, "max": 1, "var": 0.197062015533, "mean": 0.269902616739}, "erbbands_kurtosis": {"dmean2": 4.64786624908, "median": 0.0484542772174, "min": -1.94298577309, "dvar2": 92.9414978027, "dvar": 33.4423408508, "dmean": 2.74906373024, "max": 140.90965271, "var": 45.2198257446, "mean": 2.39012765884}, "erbbands": {"dmean2": [0.10358081013, 0.817138195038, 3.38553905487, 5.28933000565, 2.7789478302, 4.75076961517, 9.8405714035, 14.7579393387, 16.239900589, 21.7234897614, 15.7987785339, 10.7516756058, 13.1209306717, 20.0454711914, 21.0915813446, 7.67604923248, 9.56213855743, 12.2838497162, 17.3388938904, 29.366979599, 27.348110199, 18.9195537567, 26.7811603546, 15.4162683487, 14.9524211884, 18.3484859467, 26.3652858734, 17.4818973541, 16.0576553345, 14.3026256561, 11.3434495926, 12.5854043961, 10.4186973572, 11.0783748627, 8.80245876312, 3.08427333832, 1.34448981285, 0.320222705603, 0.0650265440345, 0.00219706865028], "median": [0.0111809056252, 0.0988354533911, 0.222224712372, 0.651595711708, 0.443629950285, 0.57329416275, 1.37980651855, 2.4775557518, 3.46540570259, 2.76785802841, 3.47312927246, 2.23786735535, 1.13535261154, 1.21756792068, 1.07498764992, 0.803489923477, 0.714923620224, 0.844111859798, 0.733466386795, 1.41235458851, 1.52784001827, 0.663805246353, 0.712265372276, 0.580257296562, 0.483775138855, 0.676872491837, 0.650215744972, 0.516469061375, 0.58150434494, 0.562361717224, 0.455097913742, 0.783939003944, 0.977018654346, 1.54214990139, 1.713072896, 0.616852283478, 0.274690747261, 0.0933469086885, 0.0160377286375, 0.00046615843894], "min": [4.9036038155e-22, 2.2667378152e-21, 1.57721968596e-20, 1.00660901211e-20, 5.76541785022e-20, 1.7860815951e-19, 9.25202872234e-20, 1.37197339621e-19, 3.83255732058e-19, 5.31442088568e-19, 8.97979104579e-19, 9.26581252402e-19, 1.91258984835e-18, 1.5534995775e-18, 1.95878829915e-18, 2.67458097721e-18, 4.65775724915e-18, 4.22784087913e-18, 5.98951679459e-18, 5.884387929e-18, 4.65380291224e-18, 7.1915950995e-18, 1.09639853703e-17, 1.24166758261e-17, 1.14659243562e-17, 1.11050965925e-17, 1.43135548263e-17, 1.84991747526e-17, 1.9359187818e-17, 1.75614712297e-17, 2.55777529922e-17, 1.77017560985e-17, 1.32895101911e-17, 1.38270890809e-17, 9.22916676853e-18, 4.85582606042e-18, 2.6017423476e-18, 1.3896457481e-18, 4.22939437602e-19, 3.88565281625e-20], "dvar2": [0.0940882191062, 3.15695548058, 69.2981185913, 224.625640869, 63.7159347534, 121.219612122, 650.799194336, 1107.47668457, 974.640380859, 3060.68432617, 1301.17175293, 623.485412598, 1077.95654297, 2563.32324219, 3445.97436523, 500.75189209, 1140.49816895, 1214.93310547, 3054.41918945, 7460.03466797, 5852.03515625, 3109.10058594, 7026.20263672, 1829.83740234, 1965.75073242, 4131.38476563, 6560.93115234, 3878.36694336, 3483.44360352, 1535.11608887, 1404.05224609, 752.471801758, 388.460540771, 356.738708496, 236.606933594, 37.0379371643, 6.71241903305, 0.375831842422, 0.0268218014389, 2.76001173916e-05], "dvar": [0.0355088450015, 1.48129439354, 26.1066226959, 82.3635787964, 23.9359226227, 52.0519981384, 257.809936523, 487.320465088, 415.105133057, 1115.60498047, 506.236114502, 236.425430298, 421.055114746, 952.232421875, 1388.78625488, 182.893875122, 412.92388916, 442.070587158, 1067.48864746, 2621.77807617, 2079.49829102, 1118.79455566, 2584.02587891, 783.710876465, 942.156311035, 1811.93395996, 2922.89404297, 1889.77612305, 1578.37011719, 637.863708496, 603.811584473, 332.895263672, 139.128860474, 123.631515503, 128.087722778, 14.7671833038, 2.59552454948, 0.140700489283, 0.0093528740108, 9.70269957179e-06], "dmean": [0.0636820793152, 0.53432393074, 1.97512900829, 3.02721476555, 1.61541247368, 2.81477403641, 6.35297203064, 10.0935649872, 9.9109582901, 12.6620206833, 9.5313205719, 6.31156826019, 8.06010532379, 11.5198326111, 12.7066373825, 4.42086410522, 5.42058992386, 6.82860183716, 9.27610206604, 16.5483818054, 15.6671075821, 10.4435472488, 15.1197452545, 9.63179779053, 8.84496116638, 11.6377391815, 15.0035734177, 10.8586549759, 10.2515983582, 8.60634899139, 6.99104118347, 7.82721757889, 5.86661863327, 6.34639453888, 6.26226615906, 1.81299638748, 0.776044249535, 0.188606023788, 0.0381937883794, 0.00128953054082], "max": [3.68171858788, 24.1493663788, 56.7526664734, 114.669555664, 89.488067627, 178.501617432, 373.079559326, 464.271118164, 388.850189209, 360.25970459, 250.636871338, 220.574127197, 376.371032715, 352.037811279, 601.932861328, 256.606048584, 280.513336182, 278.406188965, 363.496917725, 647.141601563, 577.685852051, 387.960388184, 1124.12890625, 378.442504883, 815.30670166, 996.385009766, 1852.26245117, 867.214477539, 721.089599609, 483.71496582, 442.520446777, 339.784423828, 131.870025635, 139.169036865, 141.987136841, 74.4905166626, 31.9957027435, 5.94832801819, 1.04440116882, 0.0378135927022], "var": [0.0509823486209, 2.07698822021, 23.6921367645, 58.5743293762, 26.2382202148, 138.660629272, 659.427978516, 1579.80480957, 762.859436035, 990.745605469, 519.26940918, 241.653701782, 405.97857666, 852.566223145, 1391.96459961, 132.578308105, 285.762451172, 312.864959717, 628.881225586, 1934.78918457, 1691.04199219, 772.618591309, 1961.11413574, 892.100036621, 1369.9407959, 2816.07519531, 5568.35302734, 2535.28076172, 1646.84326172, 605.198425293, 603.994384766, 442.996429443, 179.955001831, 144.100845337, 251.074752808, 18.3847141266, 3.2084774971, 0.185203760862, 0.0106319980696, 1.14184622362e-05], "mean": [0.0864512845874, 0.634848475456, 1.93054974079, 2.64404249191, 1.77219212055, 4.22958898544, 10.5605554581, 19.0206394196, 13.9273042679, 13.6080026627, 11.2189435959, 7.26951122284, 7.78608369827, 10.6838722229, 11.7229442596, 3.93677353859, 4.5740480423, 5.42332410812, 6.32317399979, 14.1667327881, 14.539308548, 7.88945770264, 12.0351600647, 9.94470310211, 10.9265785217, 14.7714643478, 20.2139511108, 12.9395866394, 10.0637111664, 7.51088428497, 6.52607107162, 8.10351848602, 6.26364135742, 6.7938952446, 7.82124471664, 2.18929743767, 0.952754676342, 0.266747653484, 0.0559092089534, 0.00182310468517]}, "spectral_strongpeak": {"dmean2": 0.711544215679, "median": 0.180039331317, "min": 0, "dvar2": 3.02117180824, "dvar": 1.04343318939, "dmean": 0.406500041485, "max": 15.2324514389, "var": 1.1312057972, "mean": 0.543515622616}, "spectral_energy": {"dmean2": 0.0214682482183, "median": 0.00885753333569, "min": 1.11804865832e-20, "dvar2": 0.00201320438646, "dvar": 0.000915311218705, "dmean": 0.014544759877, "max": 0.353719055653, "var": 0.00178566237446, "mean": 0.0236276462674}, "average_loudness": 0.600245177746, "spectral_rolloff": {"dmean2": 4319.91601563, "median": 2110.25390625, "min": 21.533203125, "dvar2": 30437008, "dvar": 11297748, "dmean": 2399.68334961, "max": 19056.8847656, "var": 22498064, "mean": 4387.73974609}, "spectral_centroid": {"dmean2": 981.552307129, "median": 1573.54956055, "min": 47.9612884521, "dvar2": 1815638.75, "dvar": 672459.375, "dmean": 593.585998535, "max": 10762.4121094, "var": 1821601.125, "mean": 1855.64367676}, "pitch_salience": {"dmean2": 0.209040239453, "median": 0.563766002655, "min": 0.0083943400532, "dvar2": 0.0445826016366, "dvar": 0.0160645451397, "dmean": 0.125151395798, "max": 0.963235139847, "var": 0.0367819555104, "mean": 0.538760006428}, "spectral_energyband_middle_high": {"dmean2": 0.0033464867156, "median": 0.000357454991899, "min": 1.37450528378e-21, "dvar2": 7.44814315112e-05, "dvar": 2.8930586268e-05, "dmean": 0.00199055415578, "max": 0.0655570626259, "var": 2.75575057458e-05, "mean": 0.00204937485978}, "spectral_contrast_coeffs": {"dmean2": [0.0833037868142, 0.0743342190981, 0.0607179664075, 0.0525972954929, 0.0459339991212, 0.0478733852506], "median": [-0.696474313736, -0.795523047447, -0.837542116642, -0.829513072968, -0.832360744476, -0.820773720741], "min": [-0.971405744553, -0.992722213268, -0.996089398861, -0.98808246851, -0.981923401356, -0.961923420429], "dvar2": [0.00443612178788, 0.00384327187203, 0.00246841576882, 0.00205432530493, 0.0017708594678, 0.00187619915232], "dvar": [0.00171672098804, 0.00141924875788, 0.000971242552623, 0.000856228580233, 0.000694178161211, 0.000843604153488], "dmean": [0.0504055172205, 0.0453529767692, 0.0371314771473, 0.0326765775681, 0.0283061489463, 0.0299864839762], "max": [-0.314416944981, -0.422179460526, -0.572822511196, -0.500258564949, -0.601616322994, -0.602017879486], "var": [0.0095104360953, 0.00714135821909, 0.00315503054298, 0.00465914979577, 0.00303275929764, 0.00329846097156], "mean": [-0.697596848011, -0.7870657444, -0.83495414257, -0.82035690546, -0.824974775314, -0.811478197575]}, "melbands_skewness": {"dmean2": 3.2884914875, "median": 2.94909524918, "min": -4.37216901779, "dvar2": 211.678222656, "dvar": 71.5703582764, "dmean": 1.93466520309, "max": 432.767211914, "var": 45.4976539612, "mean": 3.74148821831}, "spectral_spread": {"dmean2": 2910879, "median": 9676378, "min": 458741.25, "dvar2": 11171111370800.0, "dvar": 4327571456000.0, "dmean": 1765046.375, "max": 42559284, "var": 11439875031000.0, "mean": 9746916}, "dissonance": {"dmean2": 0.0368599258363, "median": 0.483256161213, "min": 0.00179534568451, "dvar2": 0.00230805040337, "dvar": 0.000828533608001, "dmean": 0.0216186884791, "max": 0.500000119209, "var": 0.00120524514932, "mean": 0.471049845219}, "spectral_skewness": {"dmean2": 0.512841284275, "median": 1.46964371204, "min": -0.817288279533, "dvar2": 0.436711788177, "dvar": 0.165802374482, "dmean": 0.317528039217, "max": 8.61938858032, "var": 0.654090762138, "mean": 1.52984964848}, "spectral_flux": {"dmean2": 0.0499213524163, "median": 0.0548859797418, "min": 1.05737821277e-10, "dvar2": 0.00600140402094, "dvar": 0.00253342418, "dmean": 0.0318491831422, "max": 0.479910701513, "var": 0.00553397089243, "mean": 0.0778611376882}, "spectral_contrast_valleys": {"dmean2": [0.823681414127, 0.854754686356, 1.00100874901, 1.05471599102, 1.03273248672, 0.939926862717], "median": [-7.88794231415, -6.93045377731, -8.01627159119, -8.58782577515, -8.51020622253, -9.90349006653], "min": [-27.003900528, -27.4945755005, -27.2633361816, -27.456445694, -27.1602725983, -27.3405647278], "dvar2": [0.494874507189, 0.962673962116, 1.34038817883, 1.64081716537, 1.70344901085, 1.28350579739], "dvar": [0.213346123695, 0.374136716127, 0.529009282589, 0.639486014843, 0.692372858524, 0.518058478832], "dmean": [0.511155247688, 0.514601409435, 0.618947029114, 0.651916623116, 0.640384495258, 0.592662215233], "max": [-5.25801897049, -4.3232178688, -5.00934410095, -5.08434200287, -4.99246931076, -6.97586917877], "var": [5.00695514679, 4.38439655304, 3.51715779305, 3.28857183456, 3.57800602913, 3.57296156883], "mean": [-8.3564748764, -7.41828393936, -8.30429267883, -8.87608242035, -8.73439788818, -10.2477436066]}, "erbbands_flatness_db": {"dmean2": 0.0345854908228, "median": 0.1012301296, "min": 0.0245892312378, "dvar2": 0.00132368854247, "dvar": 0.000520557397977, "dmean": 