{"tonal": {"thpcp": [1, 0.602606058121, 0.367857992649, 0.553948998451, 0.415465772152, 0.187405362725, 0.129849493504, 0.154303073883, 0.229321464896, 0.321585297585, 0.323045998812, 0.245137229562, 0.234532549977, 0.384015232325, 0.490032970905, 0.470283687115, 0.454760909081, 0.469723671675, 0.518175780773, 0.420511186123, 0.253300994635, 0.18946929276, 0.18643142283, 0.228250086308, 0.2539267838, 0.204233571887, 0.144488602877, 0.156840696931, 0.237570926547, 0.325660705566, 0.354513823986, 0.35858297348, 0.408243864775, 0.443324387074, 0.344480544329, 0.630116641521], "hpcp": {"dmean2": [0.243690371513, 0.371672481298, 0.389035820961, 0.386783063412, 0.352862149477, 0.325761139393, 0.356425404549, 0.318197995424, 0.22596912086, 0.183797121048, 0.16123509407, 0.17041015625, 0.171551212668, 0.142656460404, 0.117481775582, 0.129694581032, 0.170530080795, 0.204821020365, 0.233607038856, 0.287901908159, 0.31551361084, 0.297726839781, 0.226387500763, 0.302154660225, 0.472007393837, 0.279682636261, 0.230146601796, 0.286757409573, 0.222630679607, 0.142906159163, 0.127060219646, 0.148496136069, 0.188639715314, 0.243344247341, 0.264293283224, 0.228529170156], "median": [0.0110033713281, 0.0196166746318, 0.0419003926218, 0.0587825626135, 0.0475515313447, 0.0588808730245, 0.0581543445587, 0.0432935878634, 0.0215190853924, 0.00994051992893, 0.0122872209176, 0.0210524778813, 0.020915966481, 0.0179287157953, 0.0116193061695, 0.0107489973307, 0.0118210529909, 0.012785717845, 0.016482193023, 0.0223550405353, 0.0295001640916, 0.0231642220169, 0.0156609546393, 0.151886373758, 0.207326322794, 0.159342244267, 0.0331101752818, 0.0410241298378, 0.0349496006966, 0.014897858724, 0.00765359634534, 0.0112380096689, 0.0213450081646, 0.026358820498, 0.0156112983823, 0.0098324585706], "min": [0, 0, 0, 0, 0, 0, 0, 0, 0, 0, 0, 0, 0, 0, 0, 0, 0, 0, 0, 0, 0, 0, 0, 0, 0, 0, 0, 0, 0, 0, 0, 0, 0, 0, 0, 0], "dvar2": [0.130983456969, 0.244767442346, 0.206311449409, 0.208407640457, 0.184432476759, 0.166533231735, 0.182545691729, 0.165753826499, 0.131678670645, 0.117094919086, 0.0875877663493, 0.0865820273757, 0.0837896317244, 0.0626279041171, 0.0564396418631, 0.0656990259886, 0.0873826742172, 0.105480283499, 0.113319426775, 0.157787919044, 0.177539020777, 0.151762530208, 0.122726686299, 0.0923302769661, 0.195774167776, 0.0850888639688, 0.103815145791, 0.144531711936, 0.0940885841846, 0.0616470761597, 0.0703114122152, 0.0867863819003, 0.10472394526, 0.133792132139, 0.164809197187, 0.14465777576], "dvar": [0.0473392345011, 0.0975367203355, 0.0971680060029, 0.0780574604869, 0.0649582445621, 0.0605590939522, 0.0695697367191, 0.0625037997961, 0.0455928631127, 0.0414061024785, 0.0313615091145, 0.0314356870949, 0.0311881359667, 0.0233651474118, 0.0199102330953, 0.0230587273836, 0.0326177664101, 0.041461724788, 0.0452095679939, 0.0607611872256, 0.0696039870381, 0.0630505979061, 0.047397878021, 0.0411827787757, 0.101710639894, 0.0360823571682, 0.0387666784227, 0.0597938783467, 0.0353820994496, 0.0216824356467, 0.0244231000543, 0.0306087899953, 0.0393648222089, 0.0551403202116, 0.0671627297997, 0.0536825433373], "dmean": [0.130393415689, 0.20551674068, 0.217746451497, 0.213029459119, 0.195486560464, 0.183274611831, 0.200414255261, 0.176949009299, 0.123561479151, 0.0995467752218, 0.0892798304558, 0.0961444079876, 0.0969816371799, 0.0808906555176, 0.0652947500348, 0.0723510235548, 0.098512634635, 0.117908462882, 0.133073627949, 0.159687578678, 0.177246019244, 0.16840711236, 0.129732728004, 0.175745069981, 0.276241332293, 0.165840029716, 0.13307222724, 0.167088851333, 0.127882450819, 0.0802665501833, 0.0684709697962, 0.0805744901299, 0.105852097273, 0.138322845101, 0.148350819945, 0.125643730164], "max": [1, 1, 1, 1, 1, 1, 1, 1, 1, 1, 1, 1, 1, 1, 1, 1, 1, 1, 1, 1, 1, 1, 1, 1, 1, 1, 1, 1, 1, 1, 1, 1, 1, 1, 1, 1], "var": [0.0330329947174, 0.075560413301, 0.0924779698253, 0.0722266584635, 0.0670470148325, 0.0693667531013, 0.0827599391341, 0.0617984496057, 0.0338781513274, 0.0278626978397, 0.0228341650218, 0.0287462174892, 0.0358156450093, 0.0250531453639, 0.0145870484412, 0.0173607934266, 0.0331709720194, 0.056479934603, 0.0590019077063, 0.0554735399783, 0.0652604177594, 0.0802876874804, 0.0607928484678, 0.0634681582451, 0.161602795124, 0.0546757951379, 0.0473380796611, 0.100919552147, 0.0612220615149, 0.0201378278434, 0.0157031659037, 0.0203956570476, 0.0314500108361, 0.053030308336, 0.0593756884336, 0.0398956462741], "mean": [0.0907686948776, 0.148621425033, 0.189652368426, 0.182009011507, 0.176001384854, 0.181792274117, 0.200544178486, 0.162746071815, 0.0980324521661, 0.0733283311129, 0.0721526145935, 0.0883372575045, 0.098274640739, 0.0790423974395, 0.0559199228883, 0.0607004240155, 0.0919446051121, 0.126037076116, 0.137203797698, 0.13877864182, 0.157998383045, 0.17157523334, 0.133320719004, 0.243867486715, 0.387019604445, 0.233220368624, 0.142368257046, 0.214389130473, 0.16079339385, 0.0725295469165, 0.0502543002367, 0.0597183145583, 0.0887519046664, 0.124459818006, 0.125025138259, 0.0948729142547]}, "tuning_equal_tempered_deviation": 0.159124851227, "chords_changes_rate": 0.0745222941041, "key_key": "A#", "tuning_diatonic_strength": 0.486250191927, "key_scale": "minor", "chords_number_rate": 0.00238853506744, "tuning_frequency": 434.193115234, "tuning_nontempered_energy_ratio": 0.815619528294, "chords_histogram": [11.0987262726, 1.2261146307, 4.02866220474, 0, 0, 1.30573248863, 0.573248386383, 29.9681529999, 1.94267511368, 6.92675161362, 2.46815276146, 0, 2.62738847733, 0, 2.53184723854, 0, 0.0159235671163, 0.955413997173, 0.764331221581, 6.30573225021, 9.45859909058, 8.77388572693, 1.87898087502, 7.14968156815], "key_strength": 0.558823108673, "chords_key": "A#", "chords_strength": {"dmean2": 0.0117313070223, "median": 0.491681665182, "min": -1, "dvar2": 0.000667918473482, "dvar": 0.000357300799806, "dmean": 0.00947003997862, "max": 0.764793694019, "var": 0.00963119417429, "mean": 0.495145916939}, "chords_scale": "major", "hpcp_entropy": {"dmean2": 1.22514307499, "median": 2.56400346756, "min": 0, "dvar2": 0.925601661205, "dvar": 0.323179036379, "dmean": 0.712124347687, "max": 4.42615032196, "var": 0.628480374813, "mean": 2.54515862465}}, "metadata": {"audio_properties": {"equal_loudness": 0, "codec": "mp3", "downmix": "mix", "sample_rate": 44100, "analysis_sample_rate": 44100, "bit_rate": 141087, "md5_encoded": "855f51b94bd9ffd1c71ee7101405c7a5", "length": 291.578765869, "replay_gain": -6.55317687988, "lossless": false}, "version": {"essentia_build_sha": "2d9f1f26377add8aeb1075a9c2973f962c4f09fd", "essentia": "2.1-beta2", "extractor": "music 1.0", "essentia_git_sha": "v2.1_beta2-1-ge3940c0"}, "tags": {"title": ["Control (99 Timebase mix)"], "barcode": ["743216831029"], "media": ["CD"], "albumartist": ["Various Artists"], "language": ["eng"], "musicbrainz_recordingid": ["1d6dc80b-4e69-41b3-8fe0-4f276c262a15"], "encoding": ["Lame3.98"], "musicbrainz_albumartistid": ["89ad4ac3-39f7-470e-963a-56509c546377"], "discnumber": ["01/02"], "bpm": ["140"], "catalognumber": ["3051702"], "contentgroup": ["House,Techno,Trance"], "originalalbum": ["Bass Box: First Beat"], "musicbrainz album type": ["Album", "Compilation"], "musicbrainz album status": ["Official"], "file_name": "1-14 - Junk Project - Control (99 Timebase mix).mp3", "originaldate": ["1999-10-22"], "acoustid_fingerprint": ["AQABz0mSRJKSRIkqGD6BM_ADH7BVXIUf-MXh4_AJH4ePw8eJ4zh8nDBO-PABnzjh4_DhAydOHBf8wwf84_DBM_CXFj589PjwolcOHz4Onzh8-AR84vCD4w9OwCRO-Dh8-MThw8fh44dPHD4s44GPw2eOF8eJBz7xwycOHz50GbYI-DyOgznxQ0c_-IePBz4OHwcOnPAJH4cPv4BPnDBO-Dos4_BxwrgE6yl8CP7x4xBxHv3RE8YZ-MP5wodfPPAJH_fhg3fhHycaH1d2HP1g7Yd2_MLRHL2gH72Y4YePPzh-XAyuwg98PPBx-IR_HIeP4_hx-PBx-DhsEbZw-DhxHDq-47BMHC_8Q9ZxgDk-_Ohhwgd8HMYJHz7gF4cPH4cP-LBcHGfgwzJO-PABnzh8BocPvzh84oFPHD58XPCPE8Z5-PADHv6LZ_DhE8WHPxcaGSeOCw8s4_CJw5QD__jlwCQu-Mdz4Aw-ANfhE4dPXIdt-McPW3jgS7gG8YGPRz_8B-1zPNNBnSKeQe-P_niHwz9u-Cd-4viEM_iOHx-O48VN-HgI53jhE86Pwz8OH8eJ4_DhAydO4IQP__iPM_hxH-fhwwd84oSPH7YkWASa47vQDa7aoZeD7-inw69hGR8aC8SPXod5nDhu4vALxzgPH4cDH4APHz984vDh43jhBz7xw4d_HD6DwycO6_Bx-IRFHTr-3tiNMzh8Btuh8oUl6ehzXDsq6mj24-D64OgpnDiBm_DhB3cHE_6Bj1xhGPDxw8cPH-GUUEpYYYWwwgpnnRXOKSGccko4Z51iQihHDBGKOEyIElY4JYRTzgjnlFPCKWGFMMIpK6wADjsrMBBOCSGQs8QARZgSVljhnBPKKSGcM8wK54wQyhnrGFHEGSeUsEIoIpxADiDBCBBEGSeQYkAYIYwTRiklrLBCKOuUw045JaywVjjrpCPUPAGFI446IoRzSginhBUCO-WUEFY4JbCwwikhBXVOKOGEcUw4IYCzzlrhBBJCIcIMcxQIK5wR1joriBICCGEAEARQYIAyTCkgBDPQOuYIY85aJzRzTABjBRAbO-uUcM4pQY1gzlGDHFNCOOUMMoQYBxSAThEhjBUOOCGsUMIK4ZSwTgmnlFBWYOGMsMJKAABxSAigFCAEEeSUEc4JBYASQDmlnFIA"], "date": ["1999"], "genre": ["Trance_techno_house"], "musicbrainz album release country": ["DE"], "album": ["Music Is the Key: Love Parade: The '99 Compilation"], "musicbrainz_artistid": ["429a5750-3db7-4e1b-a38a-732ab44b7409"], "asin": ["B00000JZSR"], "musicbrainz_albumid": ["0e6077d1-ab50-4383-bd24-9129a8946f20"], "artist": ["Junk Project"], "artistsort": ["Junk Project"], "tracknumber": ["14/34"], "label": ["Omnisounds"], "albumartistsort": ["Various Artists", "Various Artists"], "acoustid_id": ["5a0d992b-7720-4164-a0f5-2c98d1af78d8"], "script": ["Latn", "Latin"], "musicbrainz_releasegroupid": ["14e44fd7-e7af-3ecd-bc92-f5caadf9d5fa"]}}, "rhythm": {"bpm_histogram_first_peak_bpm": {"dmean2": 0, "median": 140, "min": 140, "dvar2": 0, "dvar": 0, "dmean": 0, "max": 140, "var": 0, "mean": 140}, "bpm": 139.932479858, "bpm_histogram_second_peak_spread": {"dmean2": 0, "median": 0, "min": 0, "dvar2": 0, "dvar": 0, "dmean": 0, "max": 0, "var": 0, "mean": 0}, "bpm_histogram_first_peak_weight": {"dmean2": 0, "median": 0.570888459682, "min": 0.570888459682, "dvar2": 0, "dvar": 0, "dmean": 0, "max": 0.570888459682, "var": 0, "mean": 0.570888459682}, "onset_rate": 4.92461872101, "beats_position": [0.417959183455, 0.835918366909, 1.26548755169, 1.69505667686, 2.12462592125, 2.55419492722, 2.9837641716, 3.41333317757, 3.83129239082, 4.26086139679, 4.69043064117, 5.11999988556, 5.54956912994, 5.97913837433, 6.40870714188, 6.83827638626, 7.26784563065, 7.6858048439, 8.11537361145, 8.54494285583, 8.97451210022, 9.4040813446, 9.83365058899, 10.2632198334, 10.6927890778, 11.1223583221, 11.5519275665, 11.9814968109, 12.4110651016, 12.840634346, 13.2702035904, 13.6997728348, 14.1293420792, 14.5589113235, 14.9884805679, 15.4180498123, 15.8360090256, 16.2655773163, 16.6951465607, 17.1247158051, 17.5542850494, 17.9838542938, 18.4134235382, 18.8429927826, 19.272562027, 19.7021312714, 20.1317005157, 20.5612697601, 20.9908390045, 21.4204082489, 21.8499774933, 22.2679367065, 22.6975059509, 23.1270751953, 23.5450344086, 23.974603653, 24.40417099, 24.8337402344, 25.2633094788, 25.6928787231, 26.1224479675, 26.5520172119, 26.9815864563, 27.4111557007, 27.8407249451, 28.2702941895, 28.6998634338, 29.1178226471, 29.5473918915, 29.9769611359, 30.4065303802, 30.8360996246, 31.265668869, 31.6952381134, 32.1248054504, 32.5543746948, 32.9723358154, 33.4019050598, 33.8314743042, 34.2610435486, 34.690612793, 35.1201820374, 35.5497512817, 35.9793205261, 36.4088897705, 36.8384590149, 37.2680282593, 37.6975975037, 38.1271629333, 38.545124054, 38.9746932983, 39.4042625427, 39.8338317871, 40.2634010315, 40.6929702759, 41.1225395203, 41.5521087646, 41.981678009, 42.4112472534, 42.8408164978, 43.2587738037, 43.6883430481, 44.1179122925, 44.5474815369, 44.9770507813, 45.4066200256, 45.83618927, 46.2657585144, 46.6953277588, 47.1248970032, 47.5544662476, 47.9840354919, 48.4136047363, 48.8315620422, 49.2611312866, 49.690700531, 50.1202697754, 50.5498390198, 50.9794082642, 51.4089775085, 51.8385467529, 52.2681159973, 52.6976852417, 53.1272544861, 53.5568237305, 53.9863929749, 54.4043540955, 54.8339233398, 55.2634925842, 55.6930618286, 56.122631073, 56.5522003174, 56.9817695618, 57.4113349915, 57.8409042358, 58.2588653564, 58.6884346008, 59.1180038452, 59.5475730896, 59.977142334, 60.4067115784, 60.8362808228, 61.2658500671, 61.6954193115, 62.1249885559, 62.5545578003, 62.9725151062, 63.4020843506, 63.831653595, 64.2612228394, 64.6907958984, 65.1203613281, 65.5499343872, 65.9794998169, 66.409072876, 66.8386383057, 67.2682037354, 67.686164856, 68.115737915, 68.5453033447, 68.9748764038, 69.4044418335, 69.8340148926, 70.2635803223, 70.6931533813, 71.122718811, 71.5522918701, 71.9818572998, 72.4114303589, 72.8409957886, 73.2589569092, 73.6885223389, 74.1180953979, 74.5476608276, 74.9772338867, 75.4067993164, 75.8363723755, 76.2659378052, 76.6955108643, 77.1250762939, 77.554649353, 77.9726028442, 78.4021759033, 78.831741333, 79.2613143921, 79.6908798218, 80.1204528809, 80.5500183105, 80.9795913696, 81.4091567993, 81.8387298584, 82.2682952881, 82.6862564087, 83.1158294678, 83.5453948975, 83.9749679565, 84.4045333862, 84.8341064453, 85.263671875, 85.6932373047, 86.1228103638, 86.5523757935, 86.9819488525, 87.3999099731, 87.8294754028, 88.2590484619, 88.6886138916, 89.1181869507, 89.5477523804, 89.9773254395, 90.4068908691, 90.8364639282, 91.2660293579, 91.695602417, 92.1251678467, 92.5547409058, 92.9843063354, 93.4138793945, 93.8318328857, 94.2614059448, 94.6909713745, 95.1205444336, 95.5501098633, 95.9796829224, 96.4092483521, 96.8388214111, 97.2683868408, 97.6979598999, 98.1275253296, 98.5570983887, 98.9866638184, 99.404624939, 99.8341903687, 100.263763428, 100.693328857, 101.122901917, 101.552467346, 101.982040405, 102.411605835, 102.841178894, 103.270744324, 103.700317383, 104.129882813, 104.559455872, 104.977409363, 105.406982422, 105.836547852, 106.266120911, 106.69568634, 107.125259399, 107.554824829, 107.996009827, 108.437187195, 108.878364563, 109.33115387, 109.795555115, 110.271560669, 110.735961914, 111.177139282, 111.606712341, 112.036277771, 112.46585083, 112.89541626, 113.31337738, 113.74294281, 114.172515869, 114.602081299, 115.031654358, 115.461219788, 115.890792847, 116.320358276, 116.749931335, 117.179496765, 117.609069824, 118.038635254, 118.468208313, 118.897773743, 119.327346802, 119.756912231, 120.186485291, 120.61605072, 121.045623779, 121.475189209, 121.904762268, 122.345939636, 122.798728943, 123.25151825, 123.715919495, 124.18031311, 124.621498108, 125.051063538, 125.480628967, 125.910202026, 126.339767456, 126.769340515, 127.198905945, 127.628479004, 128.058044434, 128.487609863, 128.917190552, 129.335144043, 129.764709473, 130.194290161, 130.623855591, 131.053421021, 131.48298645, 131.912567139, 132.342132568, 132.771697998, 133.201263428, 133.630844116, 134.060409546, 134.489974976, 134.907928467, 135.337509155, 135.767074585, 136.196640015, 136.626205444, 137.055786133, 137.485351563, 137.914916992, 138.344482422, 138.77406311, 139.20362854, 139.63319397, 140.062759399, 140.492340088, 140.921905518, 141.339859009, 141.769424438, 142.199005127, 142.628570557, 143.058135986, 143.487701416, 143.917282104, 144.346847534, 144.776412964, 145.194366455, 145.623947144, 146.053512573, 146.483078003, 146.912643433, 147.342224121, 147.771789551, 148.189743042, 148.596099854, 148.944396973, 149.292694092, 149.652603149, 150.000900269, 150.349197388, 150.697509766, 151.045806885, 151.394104004, 151.730789185, 152.079086304, 152.427383423, 152.764083862, 153.158813477, 153.55355835, 153.948303223, 154.343032837, 154.73777771, 155.144119263, 155.538864136, 156.038085938, 156.52571106, 157.013336182, 157.500946045, 157.976959229, 158.464584351, 158.952194214, 159.439819336, 159.939041138, 160.438278198, 160.891067505, 161.343856812, 161.796646118, 162.353912354, 162.899581909, 163.596191406, 164.292785645, 165.140319824, 165.999450684, 166.858596802, 167.717727661, 168.576873779, 169.436004639, 170.295150757, 171.142669678, 171.990203857, 172.849334717, 173.708480835, 174.567611694, 175.426757813, 176.285888672, 177.14503479, 178.004165649, 178.863311768, 179.722442627, 180.581588745, 181.429107666, 182.276641846, 183.135772705, 183.994918823, 184.854049683, 185.713195801, 186.57232666, 187.431472778, 188.290603638, 189.149749756, 190.008880615, 190.868026733, 191.727157593, 192.586303711, 193.433822632, 194.281356812, 195.140487671, 195.999633789, 196.858764648, 197.717910767, 198.577041626, 199.436187744, 200.295318604, 201.154464722, 202.013595581, 202.861129761, 203.70866394, 204.5677948, 205.426940918, 206.286071777, 207.145217896, 208.004348755, 208.863494873, 209.722625732, 210.581771851, 211.44090271, 212.300048828, 213.147567749, 213.995101929, 214.854232788, 215.713378906, 216.572509766, 217.431655884, 218.290786743, 219.149932861, 220.009063721, 220.868209839, 221.727340698, 222.574874878, 223.422393799, 224.281539917, 225.140670776, 225.999816895, 226.858947754, 227.718093872, 228.577224731, 229.43637085, 230.295501709, 231.154647827, 232.013778687, 232.861312866, 233.708831787, 234.567977905, 235.427108765, 236.286254883, 237.145385742, 238.00453186, 238.86366272, 239.722808838, 240.581939697, 241.441085815, 242.288604736, 243.136138916, 243.995285034, 244.854415894, 245.713562012, 246.572692871, 247.431838989, 248.290969849, 249.150115967, 250.009246826, 250.868392944, 251.727523804, 252.586654663, 253.445800781, 254.304931641, 255.164077759, 256.01159668, 256.859130859, 257.718261719, 258.577423096, 259.436553955, 260.295684814, 261.154815674, 262.013977051, 262.87310791, 263.72064209, 264.568145752, 265.427307129, 266.286437988, 267.145568848, 268.004699707, 268.863861084, 269.722991943, 270.582122803, 271.441253662, 272.300415039, 273.159545898, 274.007080078, 274.85458374, 275.713745117, 276.572875977, 277.432006836, 278.291137695, 279.150299072, 280.009429932, 280.868560791, 281.72769165, 282.586853027, 283.434356689, 284.281890869, 285.141052246, 286.000183105, 286.859313965, 287.718444824, 288.577606201, 289.44833374, 290.319091797, 291.189849854], "beats_loudness": {"dmean2": 0.0302651524544, "median": 0.137294471264, "min": 0, "dvar2": 0.00234142970294, "dvar": 0.000868639559485, "dmean": 0.0172702036798, "max": 0.317602157593, "var": 0.00445036357269, "mean": 0.0968089848757}, "danceability": 1.62754881382, "bpm_histogram_second_peak_weight": {"dmean2": 0, "median": 0.279773175716, "min": 0.279773175716, "dvar2": 0, "dvar": 0, "dmean": 0, "max": 0.279773175716, "var": 0, "mean": 0.279773175716}, "beats_count": 530, "bpm_histogram_second_peak_bpm": {"dmean2": 0, "median": 70, "min": 70, "dvar2": 0, "dvar": 0, "dmean": 0, "max": 70, "var": 0, "mean": 70}, "bpm_histogram_first_peak_spread": {"dmean2": 0, "median": 0.101190499961, "min": 0.101190499961, "dvar2": 0, "dvar": 0, "dmean": 0, "max": 0.101190499961, "var": 0, "mean": 0.101190499961}, "beats_loudness_band_ratio": {"dmean2": [0.116259090602, 0.0847589895129, 0.0794266983867, 0.0496708080173, 0.0262180063874, 0.0413620620966], "median": [0.938312411308, 0.00682070013136, 0.00627097347751, 0.00720529491082, 0.00449215248227, 0.00817633140832], "min": [0, 0, 0, 0, 0, 0], "dvar2": [0.0372465476394, 0.0291814170778, 0.024483576417, 0.00826779659837, 0.00192867196165, 0.0109520535916], "dvar": [0.0178886093199, 0.0138893052936, 0.0109163252637, 0.00312829390168, 0.000755808898248, 0.00517366454005], "dmean": [0.0657521411777, 0.0501681081951, 0.0437388308346, 0.0278610698879, 0.0149222547188, 0.0263787414879], "max": [0.999055981636, 0.954693615437, 0.692828118801, 0.470333606005, 0.240319520235, 0.789963841438], "var": [0.15362752974, 0.0734891444445, 0.0202711373568, 0.00598066998646, 0.00145831389818, 0.0144617985934], "mean": [0.705566346645, 0.128945991397, 0.0637967437506, 0.0398563146591, 0.0207147877663, 0.0491449609399]}}, "lowlevel": {"barkbands_spread": {"dmean2": 19.2249221802, "median": 20.8910770416, "min": 0.0165247917175, "dvar2": 475.632385254, "dvar": 233.346054077, "dmean": 12.2687778473, "max": 117.093223572, "var": 651.94329834, "mean": 28.6307506561}, "melbands_spread": {"dmean2": 22.9832019806, "median": 15.0792064667, "min": 0.160040169954, "dvar2": 884.538818359, "dvar": 485.124511719, "dmean": 15.2236995697, "max": 268.280792236, "var": 1699.92224121, "mean": 33.0202140808}, "hfc": {"dmean2": 30.5629234314, "median": 8.47585868835, "min": 1.10502654367e-16, "dvar2": 2871.83081055, "dvar": 1186.93408203, "dmean": 19.7803535461, "max": 1035.86010742, "var": 2475.17138672, "mean": 27.844493866}, "barkbands_kurtosis": {"dmean2": 86.0917205811, "median": 3.75468802452, "min": -1.94025146961, "dvar2": 90126.5390625, "dvar": 42049.4179688, "dmean": 55.335559845, "max": 3695.78930664, "var": 88352.8203125, "mean": 83.4598770142}, "gfcc": {"mean": [-74.5832595825, 60.7477073669, -86.9282302856, 48.9223861694, -50.9782867432, 25.2379760742, -29.604850769, 16.0735473633, -12.5383052826, 11.8370113373, -2.12372970581, 5.99201107025, -11.5547027588], "icov": [[0.00012268286082, -9.01154489839e-05, -1.27656103359e-05, -0.000181198731298, -2.82185665128e-05, -0.000203354618861, 0.000284536072286, -7.40744071663e-05, 0.000357266195351, -0.00052852591034, 0.000486872973852, -0.00013323778694, 0.00021933131211], [-9.01154489839e-05, 0.00121576257516, -4.50710140285e-05, 0.00030545872869, 0.000146543505252, 0.00104842730798, -0.00106565968599, 0.00073870079359, -0.0014709449606, 0.00211388641037, -0.00148240488488, 0.00144547573291, -0.000932627823204], [-1.27656103359e-05, -4.50710140285e-05, 0.00103241764009, -0.000498161592986, -0.000127836145111, 9.64682621998e-05, -0.000106169805804, -0.000340545433573, -0.000456468085758, 0.000133045847178, 8.87068563316e-06, 0.00115721439943, -0.000179551570909], [-0.000181198731298, 0.00030545872869, -0.000498161592986, 0.00383319007233, -0.00075747264782, -0.00173360540066, -0.000233796614339, -0.000555531994905, -0.000949264445808, 0.000607198220678, -0.000430232146755, -0.000425706792157, 0.00158513861243], [-2.82185665128e-05, 0.000146543505252, -0.000127836145111, -0.00075747264782, 0.00502934725955, -0.00036996678682, -0.00485789729282, 0.00240881973878, -0.00125271594152, -3.59941041097e-05, 0.000602684216574, 0.00149678147864, -0.000532910984475], [-0.000203354618861, 0.00104842730798, 9.64682621998e-05, -0.00173360540066, -0.00036996678682, 0.00848015770316, -0.00172034732532, -0.00332212354988, 0.000439978204668, -1.37648012242e-05, -0.00245536793955, 0.00371166085824, -0.00257652020082], [0.000284536072286, -0.00106565968599, -0.000106169805804, -0.000233796614339, -0.00485789729282, -0.00172034732532, 0.0114977080375, -0.0032856867183, 0.000432637898484, -0.00104494090192, 0.000660439138301, -0.0015020465944, -2.87418588414e-05], [-7.40744071663e-05, 0.00073870079359, -0.000340545433573, -0.000555531994905, 0.00240881973878, -0.00332212354988, -0.0032856867183, 0.0147014986724, -0.00512261874974, 0.00111597345676, -0.00101935386192, -0.00434966851026, 0.00196552183479], [0.000357266195351, -0.0014709449606, -0.000456468085758, -0.000949264445808, -0.00125271594152, 0.000439978204668, 0.000432637898484, -0.00512261874974, 0.015806665644, -0.00544322980568, -0.00360132846981, 0.00293668964878, -0.00343648414128], [-0.00052852591034, 0.00211388641037, 0.000133045847178, 0.000607198220678, -3.59941041097e-05, -1.37648012242e-05, -0.00104494090192, 0.00111597345676, -0.00544322980568, 0.0153880435973, -0.00384122948162, -0.00483878236264, 0.00139929994475], [0.000486872973852, -0.00148240488488, 8.87068563316e-06, -0.000430232146755, 0.000602684216574, -0.00245536793955, 0.000660439138301, -0.00101935386192, -0.00360132846981, -0.00384122948162, 0.0144733050838, -0.00441233534366, -0.0025172457099], [-0.00013323778694, 0.00144547573291, 0.00115721439943, -0.000425706792157, 0.00149678147864, 0.00371166085824, -0.0015020465944, -0.00434966851026, 0.00293668964878, -0.00483878236264, -0.00441233534366, 0.0229051709175, -0.00627805897966], [0.00021933131211, -0.000932627823204, -0.000179551570909, 0.00158513861243, -0.000532910984475, -0.00257652020082, -2.87418588414e-05, 0.00196552183479, -0.00343648414128, 0.00139929994475, -0.0025172457099, -0.00627805897966, 0.0216833539307]], "cov": [[24255.1445313, -6015.70458984, -888.929077148, 1292.98791504, -1066.33569336, 599.989257813, -1219.29638672, 90.2923431396, -1339.8762207, 918.646179199, -1316.89660645, 367.906066895, -888.678710938], [-6015.70458984, 4099.09619141, 720.564331055, -450.574005127, 585.816467285, -333.423980713, 541.266845703, -163.428359985, 553.663696289, -532.142883301, 450.99206543, -319.285125732, 348.373626709], [-888.929077148, 720.564331055, 1518.98693848, 315.108856201, 396.584716797, 148.92817688, 281.697052002, 84.2822723389, 238.251678467, -77.5648269653, 120.382820129, -143.016708374, 65.0352630615], [1292.98791504, -450.574005127, 315.108856201, 591.262023926, 173.663223267, 262.048522949, 99.677230835, 129.030532837, 42.9289855957, 102.434204102, 3.43097376823, 12.7269086838, -44.9545822144], [-1066.33569336, 585.816467285, 396.584716797, 173.663223267, 602.100585938, 115.290565491, 337.666900635, 21.9464511871, 179.914215088, -49.9246406555, 99.0018386841, -86.5919952393, 71.6842193604], [599.989257813, -333.423980713, 148.92817688, 262.048522949, 115.290565491, 301.782012939, 95.29737854, 122.436294556, 50.8307685852, 86.9474334717, 44.889289856, 15.8900909424, 1.64388430119], [-1219.29638672, 541.266845703, 281.697052002, 99.677230835, 337.666900635, 95.29737854, 325.232635498, 63.4971961975, 169.174316406, -33.2037963867, 124.919242859, -41.4482536316, 76.4133071899], [90.2923431396, -163.428359985, 84.2822723389, 129.030532837, 21.9464511871, 122.436294556, 63.4971961975, 156.710876465, 71.4820022583, 65.3980560303, 61.4427604675, 40.9623832703, 10.3908052444], [-1339.8762207, 553.663696289, 238.251678467, 42.9289855957, 179.914215088, 50.8307685852, 169.174316406, 71.4820022583, 247.790557861, -4.70446920395, 170.701858521, -23.7059345245, 92.9357757568], [918.646179199, -532.142883301, -77.5648269653, 102.434204102, -49.9246406555, 86.9474334717, -33.2037963867, 65.3980560303, -4.70446920395, 186.804763794, 8.46896362305, 78.6745834351, -26.2172641754], [-1316.89660645, 450.99206543, 120.382820129, 3.43097376823, 99.0018386841, 44.889289856, 124.919242859, 61.4427604675, 170.701858521, 8.46896362305, 226.415527344, 12.80128479, 92.3259277344], [367.906066895, -319.285125732, -143.016708374, 12.7269086838, -86.5919952393, 15.8900909424, -41.4482536316, 40.9623832703, -23.7059345245, 78.6745834351, 12.80128479, 103.409477234, -0.98455041647], [-888.678710938, 348.373626709, 65.0352630615, -44.9545822144, 71.6842193604, 1.64388430119, 76.4133071899, 10.3908052444, 92.9357757568, -26.2172641754, 92.3259277344, -0.98455041647, 101.886833191]]}, "spectral_energyband_middle_low": {"dmean2": 0.0123684313148, "median": 0.000652545422781, "min": 1.65690703702e-22, "dvar2": 0.000978938187473, "dvar": 0.000389518390875, "dmean": 0.00748224230483, "max": 0.222485244274, "var": 0.000305343768559, "mean": 0.0064067482017}, "melbands_crest": {"dmean2": 7.07046413422, "median": 20.266494751, "min": 1.60248434544, "dvar2": 39.0193099976, "dvar": 19.3483924866, "dmean": 4.69837617874, "max": 38.8500175476, "var": 77.366973877, "mean": 19.5510559082}, "spectral_kurtosis": {"dmean2": 5.70479869843, "median": 2.17598199844, "min": -1.32145404816, "dvar2": 312.760406494, "dvar": 176.073379517, "dmean": 3.86145305634, "max": 263.385009766, "var": 325.527099609, "mean": 6.61619663239}, "spectral_rms": {"dmean2": 0.00156298419461, "median": 0.00459254486486, "min": 3.14312963677e-12, "dvar2": 3.08316202791e-06, "dvar": 2.31758053815e-06, "dmean": 0.00132240436506, "max": 0.019217107445, "var": 1.1918448763e-05, "mean": 0.00467559788376}, "zerocrossingrate": {"dmean2": 0.0233517587185, "median": 0.0537109375, "min": 0.00146484375, "dvar2": 0.000593814416789, "dvar": 0.000575997342821, "dmean": 0.021104613319, "max": 0.52978515625, "var": 0.00621368270367, "mean": 0.0818390697241}, "silence_rate_60dB": {"dmean2": 0.178705111146, "median": 0, "min": 0, "dvar2": 0.162874281406, "dvar": 0.0813712775707, "dmean": 0.0893454402685, "max": 1, "var": 0.200286135077, "mean": 0.277092128992}, "erbbands_kurtosis": {"dmean2": 4.38985681534, "median": 0.114875726402, "min": -1.89271044731, "dvar2": 124.529525757, "dvar": 68.315788269, "dmean": 2.88354659081, "max": 224.976013184, "var": 208.030075073, "mean": 3.49504566193}, "erbbands": {"dmean2": [0.298894554377, 2.58675146103, 12.1679763794, 23.4008865356, 21.6006736755, 11.7594614029, 5.0685749054, 6.25974225998, 9.07998561859, 19.0995101929, 7.33177518845, 2.80161428452, 5.0692949295, 12.4983873367, 8.26471328735, 6.24003601074, 38.5130691528, 16.3640651703, 10.112030983, 22.0677566528, 12.8418989182, 18.562002182, 20.2298717499, 16.2001838684, 24.1071186066, 35.0416717529, 29.6133823395, 27.1845531464, 24.4015293121, 19.0844764709, 16.0574321747, 12.2603855133, 8.37239360809, 4.9758887291, 2.55157399178, 1.10003304482, 0.409292906523, 0.0984569936991, 0.00340589042753, 9.38384473557e-05], "median": [0.224195674062, 1.1845318079, 0.735163033009, 0.259872734547, 0.270326077938, 0.239690870047, 0.449523568153, 1.05344831944, 1.47193849087, 2.45976495743, 0.757171452045, 0.369586378336, 0.538075089455, 1.34954822063, 1.26262927055, 0.67490363121, 2.13202619553, 2.23624372482, 1.18412792683, 2.16505599022, 1.67089819908, 2.64955925941, 2.32388615608, 3.50027227402, 3.41614603996, 2.56439423561, 2.26376533508, 2.38840055466, 2.53607940674, 2.66646337509, 1.93194258213, 1.64716136456, 1.07634210587, 0.552647531033, 0.239948377013, 0.0820350497961, 0.0207542814314, 0.00355194299482, 0.000112288733362, 4.06261533499e-05], "min": [5.77262914456e-23, 8.79309247989e-22, 1.83696881742e-21, 4.76345728619e-21, 1.40045183529e-20, 4.83737128614e-20, 5.08941871178e-20, 3.45701525453e-20, 1.64995946102e-19, 1.37477185162e-19, 2.71404990014e-19, 4.45811059087e-19, 5.29648037217e-19, 5.14948779238e-19, 1.05123840469e-18, 1.67567477436e-18, 1.48681124254e-18, 1.2531752159e-18, 2.52013518991e-18, 2.83029090328e-18, 3.95490974088e-18, 5.75009887887e-18, 5.20472794766e-18, 6.88447327782e-18, 6.81821735152e-18, 8.3925728406e-18, 9.2306995342e-18, 1.16666314601e-17, 1.13584669772e-17, 1.15859193118e-17, 1.07243263314e-17, 1.20119413155e-17, 9.9125544393e-18, 8.21897492699e-18, 6.72732964095e-18, 4.47607199069e-18, 2.40903883658e-18, 9.78375269855e-19, 2.59575324977e-19, 2.82891698214e-20], "dvar2": [0.137684240937, 26.5032958984, 1133.34838867, 4999.07080078, 4247.68505859, 1155.58349609, 155.211151123, 156.680892944, 450.197814941, 2153.08081055, 361.009552002, 34.569984436, 103.152015686, 638.949768066, 320.053436279, 185.679824829, 9859.52246094, 962.112426758, 450.470092773, 2386.28344727, 754.536437988, 1576.73852539, 2137.71923828, 1119.77783203, 2429.8996582, 5288.49804688, 4248.93896484, 3198.66333008, 2244.42041016, 1153.328125, 862.716918945, 666.557189941, 305.212158203, 88.9582977295, 27.7955207825, 5.77101182938, 0.908218383789, 0.0548986569047, 8.5068611952e-05, 3.59048755172e-08], "dvar": [0.0778466910124, 14.3017587662, 472.89831543, 1858.90966797, 1551.69116211, 411.95715332, 54.3117599487, 72.430480957, 199.371337891, 894.320007324, 131.136810303, 12.8048639297, 40.3317985535, 257.152160645, 135.611740112, 70.1162643433, 3603.84521484, 385.748718262, 167.485748291, 912.039001465, 285.686920166, 583.272155762, 783.11706543, 420.596282959, 913.38104248, 1965.87255859, 1642.45129395, 1203.18212891, 860.071166992, 459.355682373, 352.075408936, 274.12322998, 139.143936157, 40.2904891968, 12.184179306, 2.65006804466, 0.407322436571, 0.0245718564838, 3.74122537323e-05, 1.64675153513e-08], "dmean": [0.245585754514, 2.04347229004, 7.6425447464, 13.3982658386, 12.1886062622, 6.49021720886, 2.88774108887, 4.16154718399, 5.93696546555, 11.9860916138, 4.38516759872, 1.6402361393, 3.00673866272, 7.62359142303, 5.04637956619, 3.67534661293, 21.8517684937, 10.0083684921, 5.86638879776, 12.8776082993, 7.6070895195, 10.8551931381, 11.7650642395, 9.68454837799, 14.1310892105, 20.2296447754, 17.1131916046, 15.8479309082, 14.3640794754, 11.4348907471, 9.75703430176, 7.66593074799, 5.37011909485, 3.0983338356, 1.60012996197, 0.690021753311, 0.255490124226, 0.0605131536722, 0.00205994956195, 6.22450825176e-05], "max": [3.58057498932, 29.973897934, 127.315216064, 346.751220703, 391.231933594, 167.387939453, 96.2441253662, 147.700744629, 291.689910889, 528.365539551, 372.733825684, 58.5905418396, 92.60206604, 196.482467651, 235.16545105, 94.2694473267, 1197.45800781, 215.457397461, 141.189712524, 334.030883789, 292.700134277, 348.602325439, 368.796356201, 288.970489502, 706.51373291, 692.448364258, 1589.04382324, 1083.68774414, 937.341552734, 851.56628418, 849.936340332, 298.943084717, 610.840270996, 349.729675293, 130.214035034, 49.0942230225, 11.6332473755, 3.41138458252, 0.159196317196, 0.00259670638479], "var": [0.411540657282, 35.6884651184, 424.498199463, 1249.41052246, 997.818725586, 253.962203979, 38.6805076599, 98.8894348145, 259.712463379, 990.891296387, 107.441307068, 12.0022954941, 41.017829895, 259.100830078, 154.810379028, 59.2276496887, 2463.83862305, 419.793365479, 145.520614624, 822.523986816, 262.102722168, 519.571166992, 661.91784668, 421.860473633, 957.596862793, 1793.51782227, 1976.52307129, 1371.03479004, 1353.09912109, 1065.48547363, 945.970153809, 604.650268555, 429.120147705, 125.571868896, 27.7334823608, 5.14442443848, 0.658584475517, 0.0374541133642, 5.15166320838e-05, 2.92154300752e-08], "mean": [0.517133593559, 3.69575977325, 6.79887723923, 9.29671478271, 8.34250926971, 4.50248146057, 2.55407571793, 4.84741926193, 7.26498365402, 12.5025568008, 4.15280628204, 1.60642266273, 2.87943196297, 7.4316163063, 5.40328264236, 3.44241046906, 17.0382194519, 10.6493110657, 5.79966688156, 12.202287674, 8.06701660156, 11.3946685791, 11.8701601028, 11.3653430939, 15.0581178665, 20.0240821838, 17.2497177124, 16.6058959961, 17.3495845795, 15.5761766434, 13.2432146072, 10.8051710129, 7.98545980453, 4.3547668457, 2.15510225296, 0.91031897068, 0.319274961948, 0.0715101957321, 0.0022344996687, 9.67099040281e-05]}, "spectral_strongpeak": {"dmean2": 0.430796086788, "median": 0.278325051069, "min": 0, "dvar2": 0.768183410168, "dvar": 0.296621441841, "dmean": 0.276329666376, "max": 11.8006715775, "var": 0.321609586477, "mean": 0.438940048218}, "spectral_energy": {"dmean2": 0.02019594796, "median": 0.0216187536716, "min": 1.01262448925e-20, "dvar2": 0.00083351804642, "dvar": 0.000561761553399, "dmean": 0.016620574519, "max": 0.378529667854, "var": 0.00181465537753, "mean": 0.0346243456006}, "average_loudness": 0.751024484634, "spectral_rolloff": {"dmean2": 1620.19641113, "median": 602.9296875, "min": 43.06640625, "dvar2": 5121373.5, "dvar": 2776778.75, "dmean": 1024.32824707, "max": 19143.0175781, "var": 9970063, "mean": 2418.6105957}, "spectral_centroid": {"dmean2": 667.803039551, "median": 1727.03295898, "min": 60.3482818604, "dvar2": 560533.5, "dvar": 306032.59375, "dmean": 454.768066406, "max": 11652.1230469, "var": 1853817, "mean": 1855.89550781}, "pitch_salience": {"dmean2": 0.151418104768, "median": 0.457232683897, "min": 0.0189075171947, "dvar2": 0.0209960639477, "dvar": 0.0115721197799, "dmean": 0.103965401649, "max": 0.978375673294, "var": 0.0526918023825, "mean": 0.418140739202}, "spectral_energyband_middle_high": {"dmean2": 0.00335543230176, "median": 0.000576706603169, "min": 1.16409192228e-21, "dvar2": 4.0608443669e-05, "dvar": 1.57679933181e-05, "dmean": 0.00204436690547, "max": 0.0344865173101, "var": 1.57219819812e-05, "mean": 0.00220114132389}, "spectral_contrast_coeffs": {"dmean2": [0.089517891407, 0.0809573531151, 0.0579606033862, 0.0530325807631, 0.0454416908324, 0.0329805836082], "median": [-0.724461019039, -0.773610413074, -0.828364193439, -0.809417724609, -0.798413217068, -0.771916866302], "min": [-0.976849615574, -0.985150814056, -0.98865377903, -0.97013014555, -0.96878683567, -0.964224815369], "dvar2": [0.00661988230422, 0.00416727084666, 0.00211366103031, 0.001851498615, 0.00140632141847, 0.00074215233326], "dvar": [0.00396719574928, 0.00175097130705, 0.000836122664623, 0.00073590996908, 0.000547456205823, 0.000302824773826], "dmean": [0.0626431852579, 0.0507401376963, 0.0354882068932, 0.0325916148722, 0.0275386311114, 0.0201414637268], "max": [-0.312551736832, -0.487536430359, -0.52726572752, -0.594326555729, -0.587130010128, -0.6424036026], "var": [0.0150563400239, 0.00506197847426, 0.00242012087256, 0.00199258583598, 0.00176071526948, 0.00144390843343], "mean": [-0.691299200058, -0.767210662365, -0.820594549179, -0.805934429169, -0.796216368675, -0.779193997383]}, "melbands_skewness": {"dmean2": 3.08698248863, "median": 3.22609186172, "min": -1.45230686665, "dvar2": 16.6347694397, "dvar": 7.90706300735, "dmean": 2.13756513596, "max": 30.0997505188, "var": 24.5052871704, "mean": 5.0348238945}, "spectral_spread": {"dmean2": 1183934.375, "median": 5906011.5, "min": 387011.625, "dvar2": 2913682063360.0, "dvar": 1631431294980.0, "dmean": 801879.4375, "max": 42680356, "var": 10559092162600.0, "mean": 5899360.5}, "dissonance": {"dmean2": 0.0276021566242, "median": 0.483142703772, "min": 0.190856531262, "dvar2": 0.00113680085633, "dvar": 0.000446264748462, "dmean": 0.0168559290469, "max": 0.500000178814, "var": 0.00100016058423, "mean": 0.471628248692}, "spectral_skewness": {"dmean2": 0.539383172989, "median": 1.18689501286, "min": -0.0601084716618, "dvar2": 0.924205780029, "dvar": 0.600250720978, "dmean": 0.380134910345, "max": 14.021361351, "var": 1.99380803108, "mean": 1.58500409126}, "spectral_flux": {"dmean2": 0.0553710535169, "median": 0.0670061483979, "min": 6.31218063929e-11, "dvar2": 0.0033712675795, "dvar": 0.0025321773719, "dmean": 0.0451667234302, "max": 0.531486868858, "var": 0.00953213684261, "mean": 0.0978619456291}, "spectral_contrast_valleys": {"dmean2": [0.926795482635, 0.875657141209, 0.816186726093, 0.796384513378, 0.79547482729, 0.841316699982], "median": [-7.93710184097, -7.67138004303, -8.29613780975, -8.39521884918, -7.87058925629, -9.73832130432], "min": [-28.3573417664, -28.0427703857, -27.7685260773, -27.7321186066, -27.5410003662, -27.4390830994], "dvar2": [0.844437539577, 0.659835398197, 0.651083946228, 0.600592792034, 0.702009797096, 0.968911707401], "dvar": [0.489239901304, 0.368882805109, 0.311825424433, 0.307776987553, 0.375170350075, 0.545089840889], "dmean": [0.630186259747, 0.591242671013, 0.541085541248, 0.53114938736, 0.545297682285, 0.605280816555], "max": [-5.31030988693, -4.83734083176, -5.56638669968, -6.01333093643, -5.45714902878, -6.78699398041], "var": [3.15848255157, 2.9091989994, 2.74690151215, 3.50467205048, 4.47029066086, 5.52381134033], "mean": [-7.99663829803, -7.68594312668, -8.42527961731, -8.75409603119, -8.42998313904, -10.4127483368]}, "erbbands_flatness_db": {"dmean2": 0.0334654338658, "median": 0.126536503434, "min": 0.0441038757563, "dvar2": 0.00133426650427, "dvar": 0.000848466122989, "dmean": 0.0231879781932, "max": 0.431851804256, "var": 0.00421787286177, "mean": 0.143166735768}, "spectral_energyband_high": {"dmean2": 0.00315178255551, "median": 0.000459316215711, "min": 7.30720367137e-21, "dvar2": 3.21578081639e-05, "dvar": 1.32859349833e-05, "dmean": 0.0019640729297, "max": 0.127171486616, "var": 3.05435351038e-05, "mean": 0.00261576613411}, "spectral_entropy": {"dmean2": 0.372063010931, "median": 7.99803113937, "min": 3.76674866676, "dvar2": 0.26033487916, "dvar": 0.172101870179, "dmean": 0.271090745926, "max": 9.82609081268, "var": 0.890172243118, "mean": 7.65562868118}, "silence_rate_20dB": {"dmean2": 0.000318547419738, "median": 1, "min": 0, "dvar2": 0.000477685214719, "dvar": 0.000159227056429, "dmean": 0.000159261035151, "max": 1, "var": 7.96156818978e-05, "mean": 0.999920368195}, "melbands_flatness_db": {"dmean2": 0.0722522735596, "median": 0.213751301169, "min": 0.00300150481053, "dvar2": 0.00556331733242, "dvar": 0.00406761886552, "dmean": 0.0564158149064, "max": 0.89985281229, "var": 0.0319489389658, "mean": 0.252770334482}, "barkbands": {"dmean2": [0.000804933311883, 0.0107156597078, 0.0128831584007, 0.00891576334834, 0.00432614935562, 0.000702850404195, 0.00105919770431, 0.000448569480795, 0.00011908851593, 0.000279474072158, 0.000282801833237, 0.000115212169476, 0.000853514298797, 0.00016983