{"tonal": {"thpcp": [1, 0.550155520439, 0.143881872296, 0.054113343358, 0.0444661080837, 0.0397814139724, 0.0384465791285, 0.0401799716055, 0.0473301000893, 0.047752045095, 0.0378743745387, 0.0323666036129, 0.0313175544143, 0.0301050245762, 0.0301831085235, 0.0279708988965, 0.0240047760308, 0.023375608027, 0.0306247230619, 0.0659464895725, 0.120201334357, 0.11291051656, 0.0713858380914, 0.0829730331898, 0.0835919678211, 0.0459368564188, 0.0252855718136, 0.0224110744894, 0.0235821027309, 0.0250911470503, 0.0306915603578, 0.0403490550816, 0.0542650744319, 0.136369794607, 0.397877812386, 0.857224464417], "hpcp": {"dmean2": [0.114755757153, 0.0788366124034, 0.0771387889981, 0.0732171684504, 0.0473533160985, 0.027325136587, 0.0231422297657, 0.0241214577109, 0.0264679193497, 0.0338490828872, 0.0482436716557, 0.0802506431937, 0.179959610105, 0.288722634315, 0.352092772722, 0.318849146366, 0.291363239288, 0.156105682254, 0.0641385093331, 0.0435896888375, 0.0377791598439, 0.0368761308491, 0.0349405519664, 0.0401138588786, 0.0404609441757, 0.0313227511942, 0.0274673048407, 0.0273122172803, 0.0261328965425, 0.0284541808069, 0.0260102972388, 0.0221487618983, 0.0232177209109, 0.0360556431115, 0.0619436204433, 0.09245557338], "median": [0.0104024782777, 0.00741121917963, 0.00575557630509, 0.00616852939129, 0.00468257488683, 0.00252450024709, 0.00206412724219, 0.00232418905944, 0.00241260952316, 0.0029644803144, 0.00360878673382, 0.00422488246113, 0.0105994706973, 0.141360282898, 0.627145767212, 0.895011901855, 0.325280994177, 0.0207461379468, 0.00399092165753, 0.00325435586274, 0.00303538586013, 0.00303780054674, 0.00315639958717, 0.00356821110472, 0.00383503409103, 0.00350850587711, 0.00321026495658, 0.00304741389118, 0.0031023521442, 0.00297566712834, 0.00258984486572, 0.00218613282777, 0.00200060917996, 0.0028569852002, 0.00663531804457, 0.0117549933493], "min": [0, 0, 0, 0, 0, 0, 0, 0, 0, 0, 0, 0, 0, 0, 0, 0, 0, 0, 0, 0, 0, 0, 0, 0, 0, 0, 0, 0, 0, 0, 0, 0, 0, 0, 0, 0], "dvar2": [0.0610477589071, 0.034787427634, 0.0391194745898, 0.0375734232366, 0.0213632825762, 0.0113606480882, 0.00803181901574, 0.00925439130515, 0.00990304071456, 0.0137148275971, 0.0240499675274, 0.0439802147448, 0.10255715996, 0.118496477604, 0.127239510417, 0.135042846203, 0.091086409986, 0.0665911510587, 0.0316479578614, 0.0222446676344, 0.0167695507407, 0.0139279672876, 0.0135460328311, 0.0173480920494, 0.0166478287429, 0.00940228812397, 0.00775767629966, 0.00752115668729, 0.00685964804143, 0.0107913119718, 0.0089539270848, 0.00794389843941, 0.00766910938546, 0.0120153678581, 0.0276990197599, 0.0428707450628], "dvar": [0.021156815812, 0.0118247400969, 0.0145750818774, 0.0143899386749, 0.00744753051549, 0.00403696205467, 0.00286567560397, 0.00333141675219, 0.00353164039552, 0.0048363590613, 0.00849859416485, 0.0157164912671, 0.0379064120352, 0.0485789328814, 0.0500586628914, 0.0553497485816, 0.0399558581412, 0.0257626585662, 0.0116870626807, 0.00791046768427, 0.00581747898832, 0.00497539481148, 0.0048395851627, 0.00622409023345, 0.00630906783044, 0.0036312227603, 0.00276593281887, 0.0027558116708, 0.00262490520254, 0.00376073596999, 0.00325773470104, 0.00286949565634, 0.00275999540463, 0.00435683364049, 0.00948919821531, 0.0166380554438], "dmean": [0.0657786279917, 0.0450187064707, 0.0441607385874, 0.0434427261353, 0.027495674789, 0.0158419962972, 0.0134508311749, 0.0138740129769, 0.015184065327, 0.0195067897439, 0.0275961868465, 0.0443055480719, 0.102194942534, 0.173888787627, 0.214602351189, 0.187233552337, 0.186251655221, 0.0925930812955, 0.036321695894, 0.0255360230803, 0.0219215545803, 0.0218054223806, 0.0208198931068, 0.0243395268917, 0.0246298592538, 0.0194639507681, 0.0167479291558, 0.0165933761746, 0.0160853788257, 0.0167784169316, 0.0154692139477, 0.013453614898, 0.0136599615216, 0.0204404182732, 0.0363825075328, 0.0548425577581], "max": [1, 1, 1, 1, 1, 1, 1, 1, 1, 1, 1, 1, 1, 1, 1, 1, 1, 1, 1, 1, 1, 1, 1, 1, 1, 0.843435168266, 1, 1, 1, 1, 1, 1, 1, 1, 1, 1], "var": [0.0360763482749, 0.0164229739457, 0.0290164649487, 0.0282123815268, 0.00943268090487, 0.00442775804549, 0.00318639259785, 0.0036383937113, 0.0034993274603, 0.00432254374027, 0.00754804722965, 0.0124469418079, 0.038467168808, 0.105344839394, 0.112049326301, 0.119455970824, 0.111379779875, 0.0321872718632, 0.0125364502892, 0.0104978214949, 0.00850313529372, 0.00717400107533, 0.00760368211195, 0.0101531315595, 0.00940375961363, 0.00536618661135, 0.00403765728697, 0.00397509336472, 0.00394274573773, 0.00486229779199, 0.00454427022487, 0.00386150088161, 0.0038185256999, 0.00544158928096, 0.0146291237324, 0.0381772704422], "mean": [0.0803683027625, 0.0508115552366, 0.0590591728687, 0.0594997256994, 0.0326972827315, 0.0179979559034, 0.015951924026, 0.0167854484171, 0.0178595669568, 0.0218458715826, 0.0287199560553, 0.0386252067983, 0.0970663279295, 0.283204495907, 0.610161721706, 0.711787581444, 0.391593873501, 0.102413333952, 0.0385172069073, 0.0316504240036, 0.0283159166574, 0.0273657981306, 0.0285996049643, 0.0336889773607, 0.0339893139899, 0.026958508417, 0.0230381470174, 0.0222914461046, 0.0214283820242, 0.0214839614928, 0.0199093390256, 0.0170863009989, 0.0166384670883, 0.0217982977629, 0.046939894557, 0.0855578184128]}, "tuning_equal_tempered_deviation": 0.139481812716, "chords_changes_rate": 0.0563380271196, "key_key": "F#", "tuning_diatonic_strength": 0.513465166092, "key_scale": "minor", "chords_number_rate": 0.00238048005849, "tuning_frequency": 444.085327148, "tuning_nontempered_energy_ratio": 0.838043451309, "chords_histogram": [5.49494171143, 5.13786935806, 1.50763738155, 0.912517368793, 0.0396746695042, 0, 0, 2.26145601273, 3.09462404251, 3.33267211914, 0, 0.793493330479, 0, 0, 6.78436803818, 35.0327301025, 16.544336319, 0.753818690777, 0.753818690777, 0, 0, 10.0178537369, 3.49137067795, 4.04681587219], "key_strength": 0.603569030762, "chords_key": "A#", "chords_strength": {"dmean2": 0.00836762785912, "median": 0.563683331013, "min": -1, "dvar2": 0.000901211809833, "dvar": 0.000412352266721, "dmean": 0.00686813751236, "max": 0.835004508495, "var": 0.0150500545278, "mean": 0.552797496319}, "chords_scale": "major", "hpcp_entropy": {"dmean2": 1.08906459808, "median": 2.98512744904, "min": 0, "dvar2": 0.771112143993, "dvar": 0.269560784101, "dmean": 0.630549132824, "max": 4.61432981491, "var": 0.824860334396, "mean": 2.82456350327}}, "metadata": {"audio_properties": {"equal_loudness": 0, "codec": "flac", "downmix": "mix", "sample_rate": 44100, "analysis_sample_rate": 44100, "bit_rate": 0, "md5_encoded": "cade8be85eb623641bbf0b63df7d12c2", "length": 234.023803711, "replay_gain": -6.91450691223, "lossless": true}, "version": {"essentia_build_sha": "70f2e5ece6736b2c40cc944ad0e695b16b925413", "essentia": "2.1-beta2", "extractor": "music 1.0", "essentia_git_sha": "v2.1_beta2"}, "tags": {"title": ["Necrobiosis"], "media": ["Digital Media"], "albumartist": ["Sjellos"], "tracktotal": ["11"], "musicbrainz_releasegroupid": ["e35639ec-7f74-486a-958f-39ddedac623c"], "releasetype": ["album"], "musicbrainz_recordingid": ["1d76a64a-7d97-4fad-a283-89955dea47ba"], "originalyear": ["2013"], "musicbrainz_releasetrackid": ["e3553f3d-1c1a-452e-9c7f-73d61fe8717e"], "discnumber": ["1"], "totaldiscs": ["1"], "album": ["Transmission Lost"], "releasecountry": ["XW"], "file_name": "07_Necrobiosis.flac", "musicbrainz_albumartistid": ["394a1dac-2fe1-4e24-83ee-76b14664706d"], "albumartistsort": ["Sjellos"], "date": ["2013-04-09"], "genre": ["Dark Ambient; Drone; Germany; Industrial"], "disctotal": ["1"], "musicbrainz_artistid": ["394a1dac-2fe1-4e24-83ee-76b14664706d"], "originaldate": ["2013-04-09"], "musicbrainz_albumid": ["6ec0c339-bf93-40a0-bebf-2fa5524b1c26"], "tracknumber": ["7"], "artistsort": ["Sjellos"], "artist": ["Sjellos"], "label": ["Cryo Chamber"], "releasestatus": ["official"], "acoustid_id": ["87328e9f-1d7d-4256-9787-551968b54722"], "script": ["Latn"], "totaltracks": ["11"]}}, "rhythm": {"bpm_histogram_first_peak_bpm": {"dmean2": 0, "median": 66, "min": 66, "dvar2": 0, "dvar": 0, "dmean": 0, "max": 66, "var": 0, "mean": 66}, "bpm": 65.8916549683, "bpm_histogram_second_peak_spread": {"dmean2": 0, "median": 0.351351380348, "min": 0.351351380348, "dvar2": 0, "dvar": 0, "dmean": 0, "max": 0.351351380348, "var": 0, "mean": 0.351351380348}, "bpm_histogram_first_peak_weight": {"dmean2": 0, "median": 0.536912798882, "min": 0.536912798882, "dvar2": 0, "dvar": 0, "dmean": 0, "max": 0.536912798882, "var": 0, "mean": 0.536912798882}, "onset_rate": 1.75179588795, "beats_position": [0.615328788757, 1.23065757751, 1.8575963974, 2.48453521729, 3.08825397491, 3.68036270142, 4.29569149017, 4.8994102478, 5.4915189743, 6.24616765976, 7.01242637634, 7.79029464722, 8.55655288696, 9.34603118896, 10.1355104446, 10.9133787155, 11.6796369553, 12.3297958374, 12.9915647507, 13.6301136017, 14.2570514679, 14.8607711792, 15.4760990143, 16.1030387878, 16.7299766541, 17.3569164276, 17.995464325, 18.6340141296, 19.272562027, 19.8762817383, 20.4799995422, 21.0488891602, 21.6177768707, 22.1982765198, 22.6742858887, 23.1386852264, 23.614692688, 24.0674819946, 24.5202713013, 24.9614505768, 25.4142398834, 25.8670291901, 26.3198184967, 26.7726078033, 27.2137870789, 27.6549663544, 28.1077537537, 28.6069831848, 29.106212616, 29.6054420471, 30.1046714783, 30.6038990021, 31.1147384644, 31.6139678955, 32.1131973267, 32.6124267578, 33.111656189, 33.6108856201, 34.1101112366, 34.6209526062, 35.1317901611, 35.6426315308, 36.1302490234, 36.6062583923, 37.0822677612, 37.5582771301, 38.034286499, 38.4986839294, 38.9863014221, 39.4739227295, 39.9615402222, 40.4375495911, 40.91355896, 41.3895683289, 41.9700660706, 42.550567627, 43.1426734924, 43.7347831726, 44.3268928528, 44.9073905945, 45.4878921509, 46.0683898926, 46.6488876343, 47.229385376, 47.8563270569, 48.4832649231, 49.1102027893, 49.7371406555, 50.3640823364, 50.9910202026, 51.6179580688, 52.3145561218, 53.0111541748, 53.7077522278, 54.4043540955, 55.1009521484, 55.8091583252, 56.5057601929, 57.2139663696, 57.9105644226, 58.6303825378, 59.3502044678, 60.070022583, 60.801448822, 61.7186393738, 62.6358261108, 63.5530128479, 64.4818115234, 65.3873901367, 66.29296875, 67.1985473633, 68.0925140381, 69.0097045898, 69.9152832031, 70.8208618164, 71.7264404297, 72.632019043, 73.5375976562, 74.4431762695, 75.3603591919, 76.2775497437, 77.1947402954, 78.1003189087, 78.9942855835, 79.8998641968, 80.8170471191, 81.7226257324, 82.6398162842, 83.5453948975, 84.4509735107, 85.3681640625, 86.2853469849, 87.1909255981, 88.0965042114, 89.0020828247, 89.9192733765, 90.8248519897, 91.730430603, 92.6476211548, 93.5531921387, 94.458770752, 95.3643493652, 96.281539917, 97.1987304688, 98.104309082, 99.0098876953, 99.9154663086, 100.821044922, 101.738227844, 102.643806458, 103.560997009, 104.466575623, 105.372154236, 106.277732849, 107.194915771, 108.112106323, 109.017684937, 109.92326355, 110.828842163, 111.746032715, 112.663215637, 113.56879425, 114.474372864, 115.379951477, 116.28553009, 117.191108704, 118.096687317, 119.00226593, 119.907844543, 120.813423157, 121.71900177, 122.636184692, 123.553375244, 124.458953857, 125.376144409, 126.281723022, 127.198905945, 128.104492188, 129.010070801, 129.927261353, 130.832824707, 131.73840332, 132.655593872, 133.561172485, 134.466751099, 135.38394165, 136.301132202, 137.206710815, 138.112289429, 139.017868042, 139.923446655, 140.840637207, 141.74621582, 142.663391113, 143.580581665, 144.486160278, 145.380126953, 146.285705566, 147.19128418, 148.096862793, 149.014053345, 149.931243896, 150.83682251, 151.742401123, 152.647979736, 153.55355835, 154.470748901, 155.387939453, 156.293518066, 157.19909668, 158.104675293, 158.998641968, 159.915817261, 160.833007812, 161.738586426, 162.644165039, 163.561355591, 164.490158081, 165.407348633, 166.336135864, 167.253326416, 168.193740845, 169.134140015, 170.074554443, 171.003356934, 171.943756104, 172.860946655, 173.789749146, 174.706939697, 175.624130249, 176.529708862, 177.446884155, 178.364074707, 179.281265259, 180.186843872, 181.092422485, 181.998001099, 182.91519165, 183.832382202, 184.737960815, 185.655151367, 186.560714722, 187.477905273, 188.383483887, 189.2890625, 190.194641113, 191.111831665, 192.017410278, 192.922988892, 193.840179443, 194.757369995, 195.674560547, 196.58013916, 197.497314453, 198.414505005, 199.331695557, 200.248886108, 201.154464722, 202.060043335, 202.965621948, 203.847976685, 204.730331421, 205.635910034, 206.541488647, 207.458679199, 208.375869751, 209.293060303, 210.198638916, 211.104217529, 212.021408081, 212.961807251, 213.90222168, 214.84262085, 215.690155029, 216.537689209, 217.234283447, 217.930877686, 218.615875244, 219.312469482, 220.020675659, 220.717269897, 221.425476074, 222.13369751, 222.841903687, 223.538497925, 224.235092163, 224.93170166, 225.61668396, 226.30166626, 226.986663818, 227.671646118, 228.356643677, 229.041625977, 229.738220215, 230.423217773, 231.119812012, 231.80480957, 232.501403809, 233.197998047], "beats_loudness": {"dmean2": 0.0763722360134, "median": 0.0294069182128, "min": 1.12780418338e-09, "dvar2": 0.00947647728026, "dvar": 0.00314664724283, "dmean": 0.0417308062315, "max": 0.323742300272, "var": 0.00295269698836, "mean": 0.0454724617302}, "danceability": 1.08604753017, "bpm_histogram_second_peak_weight": {"dmean2": 0, "median": 0.0805369094014, "min": 0.0805369094014, "dvar2": 0, "dvar": 0, "dmean": 0, "max": 0.0805369094014, "var": 0, "mean": 0.0805369094014}, "beats_count": 299, "bpm_histogram_second_peak_bpm": {"dmean2": 0, "median": 86, "min": 86, "dvar2": 0, "dvar": 0, "dmean": 0, "max": 86, "var": 0, "mean": 86}, "bpm_histogram_first_peak_spread": {"dmean2": 0, "median": 0.053254365921, "min": 0.053254365921, "dvar2": 0, "dvar": 0, "dmean": 0, "max": 0.053254365921, "var": 0, "mean": 0.053254365921}, "beats_loudness_band_ratio": {"dmean2": [0.464383661747, 0.136437788606, 0.151699304581, 0.086639650166, 0.225769355893, 0.0549703277647], "median": [0.822983980179, 0.0167539101094, 0.0123775191605, 0.0116535145789, 0.0156606566161, 0.00124696968123], "min": [0.00307345250621, 2.99521434499e-05, 1.3248995856e-05, 8.4593466454e-06, 1.67638518178e-05, 4.99837460666e-06], "dvar2": [0.132606178522, 0.0430889502168, 0.0678361803293, 0.027196764946, 0.0934546589851, 0.0257302224636], "dvar": [0.047156561166, 0.0159694179893, 0.0245936345309, 0.00879800133407, 0.0274470280856, 0.00905681308359], "dmean": [0.255497485399, 0.0768900290132, 0.0840880572796, 0.0471246168017, 0.115365818143, 0.0291085503995], "max": [0.999926626682, 0.931040108204, 0.948779642582, 0.778471052647, 0.844359636307, 0.644443452358], "var": [0.079902485013, 0.0290078166872, 0.0293317083269, 0.00611218390986, 0.0195803046227, 0.00532710552216], "mean": [0.701212227345, 0.0876626074314, 0.078323751688, 0.0389034487307, 0.0810536965728, 0.0181449074298]}}, "lowlevel": {"barkbands_spread": {"dmean2": 4.72744655609, "median": 7.63483524323, "min": 0.139298781753, "dvar2": 47.515914917, "dvar": 23.3182735443, "dmean": 3.19848012924, "max": 131.465362549, "var": 211.67616272, "mean": 13.4992074966}, "melbands_spread": {"dmean2": 5.80562210083, "median": 5.48444461823, "min": 0.148603856564, "dvar2": 113.634994507, "dvar": 58.569568634, "dmean": 3.97942614555, "max": 171.668624878, "var": 345.057434082, "mean": 13.107047081}, "hfc": {"dmean2": 5.29913520813, "median": 7.6958360672, "min": 1.1697355595e-16, "dvar2": 160.840255737, "dvar": 81.9835891724, "dmean": 3.57873630524, "max": 189.867874146, "var": 315.915313721, "mean": 13.1290941238}, "barkbands_kurtosis": {"dmean2": 10.992398262, "median": 7.96030664444, "min": -1.93266201019, "dvar2": 573.236450195, "dvar": 287.677856445, "dmean": 7.75047206879, "max": 878.283569336, "var": 1419.05834961, "mean": 20.245639801}, "gfcc": {"mean": [-162.821975708, 174.164581299, -120.374946594, 42.5834999084, 10.0930500031, -11.0467634201, -18.0465145111, -2.73205542564, -13.9899196625, -13.237569809, -5.32559680939, -6.86099624634, -8.25460720062], "icov": [[0.000129567662952, -0.000412043445976, 0.000158038616064, -0.000422767596319, 0.000273004581686, -0.000495143875014, 9.20643287827e-05, -0.000563467619941, 0.000302687694784, -0.000255987717537, 9.79393880698e-05, -0.000243926449912, 0.000312951102387], [-0.000412043445976, 0.00327708735131, -0.000520576431882, 0.00253732595593, -0.0016290465137, 0.00325173744932, -0.00131616659928, 0.00276225223206, -0.00247636483982, 0.00269758538343, -0.00195668567903, 0.00319073768333, -0.00244212034158], [0.000158038616064, -0.000520576431882, 0.00105862214696, -0.000662781181745, 0.000723945035134, -0.00048987736227, 0.000567623239476, 0.000187240977539, 0.000469882419566, -0.000701199751347, 0.000818907807115, -0.000132528657559, 3.75388590328e-05], [-0.000422767596319, 0.00253732595593, -0.000662781181745, 0.00431363331154, -0.0022671315819, 0.00156125135254, -0.000324476219248, 0.00284222676419, -0.00278947711922, 0.00201744539663, -0.00195935647935, 0.00290282582864, -0.00218580081128], [0.000273004581686, -0.0016290465137, 0.000723945035134, -0.0022671315819, 0.00298194773495, -0.00159014074598, -0.000736789777875, -0.00166991993319, 0.00245595676824, -9.38758385018e-05, -0.00098355486989, -0.000201208997169, 0.0016137069324], [-0.000495143875014, 0.00325173744932, -0.00048987736227, 0.00156125135254, -0.00159014074598, 0.00769185833633, -0.00314909289591, 0.00221858453006, -0.00165669142734, 0.00114157504868, 0.000987876206636, 0.000620747450739, -0.000947011692915], [9.20643287827e-05, -0.00131616659928, 0.000567623239476, -0.000324476219248, -0.000736789777875, -0.00314909289591, 0.0105726830661, -0.00511324591935, -0.000880238716491, 0.00226593692787, -0.00130332680419, 0.00358052575029, -0.00401138328016], [-0.000563467619941, 0.00276225223206, 0.000187240977539, 0.00284222676419, -0.00166991993319, 0.00221858453006, -0.00511324591935, 0.0157934930176, -0.00861094053835, -0.000461353716673, 0.00143498787656, -0.0036963892635, 0.00138795550447], [0.000302687694784, -0.00247636483982, 0.000469882419566, -0.00278947711922, 0.00245595676824, -0.00165669142734, -0.000880238716491, -0.00861094053835, 0.0180036555976, -0.00887512415648, -0.00228636572137, 0.0037434224505, -7.96121094027e-06], [-0.000255987717537, 0.00269758538343, -0.000701199751347, 0.00201744539663, -9.38758385018e-05, 0.00114157504868, 0.00226593692787, -0.000461353716673, -0.00887512415648, 0.0175638720393, -0.0064818863757, 0.00422082282603, -0.00207297736779], [9.79393880698e-05, -0.00195668567903, 0.000818907807115, -0.00195935647935, -0.00098355486989, 0.000987876206636, -0.00130332680419, 0.00143498787656, -0.00228636572137, -0.0064818863757, 0.0190948974341, -0.0135763064027, 0.00472887046635], [-0.000243926449912, 0.00319073768333, -0.000132528657559, 0.00290282582864, -0.000201208997169, 0.000620747450739, 0.00358052575029, -0.0036963892635, 0.0037434224505, 0.00422082282603, -0.0135763064027, 0.0277259591967, -0.0140712456778], [0.000312951102387, -0.00244212034158, 3.75388590328e-05, -0.00218580081128, 0.0016137069324, -0.000947011692915, -0.00401138328016, 0.00138795550447, -7.96121094027e-06, -0.00207297736779, 0.00472887046635, -0.0140712456778, 0.0202528852969]], "cov": [[28231.9082031, 1359.45800781, -5328.35546875, 1647.95617676, 2154.59399414, 1299.64257812, 1657.0435791, 1644.36694336, 1059.17883301, 332.980865479, 660.733276367, -54.2026748657, -137.413848877], [1359.45800781, 1617.6262207, -308.19152832, -255.050994873, 452.221405029, -352.629852295, 184.290084839, -58.6087112427, 9.20562744141, -150.907928467, 82.4624481201, -87.0326538086, 39.9257659912], [-5328.35546875, -308.19152832, 2632.53955078, -330.358184814, -1029.33239746, -292.657470703, -564.17175293, -489.452819824, -264.88961792, -33.7311477661, -262.121917725, -28.4267234802, 32.6661071777], [1647.95617676, -255.050994873, -330.358184814, 728.353881836, 492.820922852, 185.209228516, 131.377578735, 68.9889602661, 64.556968689, 3.7473359108, 66.9696807861, -30.2754955292, -22.5746059418], [2154.59399414, 452.221405029, -1029.33239746, 492.820922852, 1303.17541504, 160.172958374, 362.34677124, 145.799942017, 28.7853336334, -106.781982422, 146.917221069, -44.0757904053, -34.081363678], [1299.64257812, -352.629852295, -292.657470703, 185.209228516, 160.172958374, 366.484069824, 137.604141235, 121.858345032, 56.2941703796, 28.9408054352, 1.49686336517, 4.91836547852, -12.7418994904], [1657.0435791, 184.290084839, -564.17175293, 131.377578735, 362.34677124, 137.604141235, 319.213897705, 181.283065796, 110.063934326, 0.341826558113, 66.1835708618, -16.203830719, 13.573348999], [1644.36694336, -58.6087112427, -489.452819824, 68.9889602661, 145.799942017, 121.858345032, 181.283065796, 275.697723389, 168.895401001, 88.7116394043, 71.6029129028, 17.9495010376, -8.1317281723], [1059.17883301, 9.20562744141, -264.88961792, 64.556968689, 28.7853336334, 56.2941703796, 110.063934326, 168.895401001, 210.446228027, 114.906974792, 65.793258667, -10.1730031967, -7.82050418854], [332.980865479, -150.907928467, -33.7311477661, 3.7473359108, -106.781982422, 28.9408054352, 0.341826558113, 88.7116394043, 114.906974792, 154.918899536, 46.321811676, 10.2133779526, -6.84327697754], [660.733276367, 82.4624481201, -262.121917725, 66.9696807861, 146.917221069, 1.49686336517, 66.1835708618, 71.6029129028, 65.793258667, 46.321811676, 135.492279053, 44.6420326233, 8.15991592407], [-54.2026748657, -87.0326538086, -28.4267234802, -30.2754955292, -44.0757904053, 4.91836547852, -16.203830719, 17.9495010376, -10.1730031967, 10.2133779526, 44.6420326233, 96.8896865845, 44.3651885986], [-137.413848877, 39.9257659912, 32.6661071777, -22.5746059418, -34.081363678, -12.7418994904, 13.573348999, -8.1317281723, -7.82050418854, -6.84327697754, 8.15991592407, 44.3651885986, 87.3969573975]]}, "spectral_energyband_middle_low": {"dmean2": 0.0035586738959, "median": 0.00503748375922, "min": 3.8902419319e-22, "dvar2": 2.39895671257e-05, "dvar": 1.94479307538e-05, "dmean": 0.00287305493839, "max": 0.127491146326, "var": 0.00017411459703, "mean": 0.00980139151216}, "melbands_crest": {"dmean2": 3.50082755089, "median": 18.5092201233, "min": 2.65789341927, "dvar2": 12.2456569672, "dvar": 5.43234014511, "dmean": 2.32780885696, "max": 35.9376029968, "var": 28.6578865051, "mean": 18.8868675232}, "spectral_kurtosis": {"dmean2": 14.0166501999, "median": 10.7697439194, "min": -1.17853438854, "dvar2": 235.291549683, "dvar": 92.4816741943, "dmean": 8.26630592346, "max": 222.49420166, "var": 767.352905273, "mean": 20.902841568}, "spectral_rms": {"dmean2": 0.00069676770363, "median": 0.0054324651137, "min": 3.22897719847e-12, "dvar2": 4.28338609026e-07, "dvar": 3.2234822811e-07, "dmean": 0.000587101792917, "max": 0.0227289628237, "var": 1.25940860016e-05, "mean": 0.00553832668811}, "zerocrossingrate": {"dmean2": 0.00541789643466, "median": 0.0185546875, "min": 0.0029296875, "dvar2": 4.8350670113e-05, "dvar": 4.80605376652e-05, "dmean": 0.004703855142, "max": 0.49267578125, "var": 0.000878507853486, "mean": 0.0276214592159}, "silence_rate_60dB": {"dmean2": 0.0408811271191, "median": 0, "min": 0, "dvar2": 0.0435822755098, "dvar": 0.0200160369277, "dmean": 0.020438535139, "max": 1, "var": 0.146753013134, "mean": 0.178670629859}, "erbbands_kurtosis": {"dmean2": 5.00352716446, "median": 0.380450844765, "min": -1.90873646736, "dvar2": 222.143188477, "dvar": 124.061576843, "dmean": 3.52206349373, "max": 394.505706787, "var": 857.756774902, "mean": 7.23258066177}, "erbbands": {"dmean2": [0.150420308113, 1.41511845589, 2.23477482796, 7.97276687622, 3.26413631439, 1.61135923862, 4.19128131866, 1.670789361, 7.09117650986, 6.7646613121, 2.84722828865, 2.95394229889, 3.64097237587, 8.3052778244, 10.0594673157, 11.2643690109, 14.2017145157, 15.6916942596, 14.2134208679, 12.8937139511, 17.5057277679, 32.0727729797, 40.2790145874, 12.7035913467, 4.54513502121, 2.24497795105, 1.52949297428, 1.0575003624, 0.860016703606, 0.67956507206, 0.553177773952, 0.323658674955, 0.164470434189, 0.0751456692815, 0.029813805595, 0.00977119151503, 0.00267477589659, 0.000624707899988, 6.65018596919e-05, 1.34876190714e-05], "median": [0.163657605648, 2.50201511383, 4.42031860352, 7.70241832733, 2.51823306084, 0.946402072906, 1.24396252632, 0.773415744305, 1.13205504417, 1.22734367847, 0.671076893806, 0.47593921423, 0.662307620049, 1.24312472343, 2.52220463753, 2.35960960388, 2.89775133133, 3.22773337364, 4.31715393066, 6.66257190704, 6.8069896698, 7.94225931168, 7.04668807983, 3.49659228325, 1.34578371048, 0.463549554348, 0.15440274775, 0.0488068908453, 0.0153721440583, 0.00486408732831, 0.00196416280232, 0.000836059683934, 0.000419276533648, 0.000263162539341, 0.000208516590646, 7.56678928155e-05, 3.34359319822e-05, 8.69216091814e-06, 1.76453249878e-05, 3.54837538907e-05], "min": [1.09310100413e-21, 2.44146477542e-21, 1.5710998419e-20, 6.45413876799e-20, 6.25995811919e-20, 3.45142041166e-19, 4.31798722908e-19, 4.47560390986e-19, 1.73068238849e-18, 1.09919378711e-18, 1.04925741052e-18, 1.75549191321e-18, 1.11830775972e-18, 1.55592497445e-18, 2.22146074344e-18, 4.29812476142e-18, 2.78794359862e-18, 3.41234295196e-18, 3.06770559436e-18, 1.201692177e-17, 9.81864710589e-18, 1.62340978095e-17, 1.0527578114e-17, 9.35968842456e-18, 1.10073569313e-17, 1.39542821621e-17, 1.09891250434e-17, 1.36369508637e-17, 2.27989092075e-17, 2.07536290423e-17, 2.50124676878e-17, 1.58442045734e-17, 1.53994394842e-17, 1.50154969854e-17, 1.1992625821e-17, 6.5236281433e-18, 3.30954239299e-18, 1.14859228951e-18, 2.97491061209e-19, 3.00835378275e-20], "dvar2": [0.0428664200008, 3.79881882668, 9.12419700623, 150.62940979, 23.885641098, 12.3376846313, 60.7469940186, 13.5678396225, 364.823364258, 270.110473633, 108.162406921, 83.576499939, 104.159568787, 610.436706543, 541.14251709, 872.987915039, 1841.98864746, 3039.45239258, 2163.87036133, 1370.4128418, 2028.8380127, 9184.37890625, 17022.3125, 1687.19799805, 655.082458496, 140.281600952, 77.7406921387, 92.8625640869, 59.6326789856, 35.4344024658, 19.2790107727, 8.09012317657, 2.25068259239, 0.459913939238, 0.0821788460016, 0.0083400644362, 0.000600272091106, 3.53775103576e-05, 3.04418762198e-07, 9.41082434203e-10], "dvar": [0.0245126988739, 4.30100536346, 5.95942831039, 141.02520752, 13.1295194626, 4.31628513336, 27.298122406, 4.9379992485, 243.655838013, 158.046081543, 39.3409080505, 30.2491035461, 36.6188163757, 210.023757935, 188.547210693, 309.575439453, 694.486083984, 1135.84558105, 717.294921875, 458.73324585, 813.645446777, 4171.68261719, 8512.28613281, 768.919250488, 245.753540039, 55.3020591736, 32.6131973267, 40.4577102661, 29.7685031891, 17.9693908691, 9.1465473175, 3.70319581032, 1.04306960106, 0.214947789907, 0.0377907082438, 0.00398709950969, 0.00031126322574, 1.67879352375e-05, 1.57398858391e-07, 5.52978829393e-10], "dmean": [0.105758607388, 1.33903801441, 1.81851398945, 6.93695640564, 2.29759764671, 0.953065693378, 2.77903342247, 1.04282307625, 5.29507732391, 4.72137594223, 1.65272021294, 1.72120535374, 2.12878060341, 4.9364233017, 5.84407424927, 6.56275510788, 8.60465717316, 9.29747772217, 8.24468421936, 7.66662979126, 10.9098873138, 20.3982715607, 25.3650455475, 8.1891078949, 2.72066521645, 1.38310670853, 0.932568848133, 0.657041668892, 0.547176599503, 0.434186339378, 0.351461172104, 0.207050025463, 0.105570942163, 0.0477724894881, 0.01906760782, 0.00636361539364, 0.0017849789001, 0.0004055754398, 4.38834904344e-05, 1.08615722638e-05], "max": [8.67703819275, 133.22227478, 81.929107666, 379.286865234, 88.7695541382, 38.0614013672, 138.634262085, 37.1895637512, 577.91784668, 321.268951416, 209.103668213, 140.668518066, 134.511062622, 321.654052734, 306.70993042, 521.999633789, 921.672973633, 1002.35351562, 793.827880859, 718.834838867, 942.606079102, 1488.78015137, 2222.61962891, 958.563476562, 627.368164062, 305.815185547, 170.734313965, 323.305358887, 213.028945923, 148.397720337, 108.48600769, 81.4337234497, 46.7839775085, 20.6613559723, 7.5710978508, 3.01235795021, 0.963645219803, 0.209751680493, 0.0190851632506, 0.000982836354524], "var": [0.516957223415, 122.479934692, 67.5899734497, 1312.70996094, 87.9243545532, 7.1101231575, 86.4610290527, 9.40344047546, 865.958129883, 435.110473633, 35.0362358093, 36.822593689, 82.0704803467, 499.904022217, 416.436218262, 778.73614502, 2272.38476562, 3872.60229492, 1906.90258789, 1136.42797852, 2931.22753906, 9157.29589844, 20869.0234375, 2150.203125, 425.022857666, 75.8875274658, 62.343044281, 85.2761917114, 79.1817474365, 51.6471366882, 24.1518688202, 9.50499725342, 2.71399307251, 0.564801216125, 0.091350696981, 0.0104398606345, 0.00093047588598, 4.39788127551e-05, 4.57541915466e-07, 4.39764580307e-09], "mean": [0.438240617514, 6.75898885727, 6.90467357635, 22.6353931427, 6.29838228226, 1.73086690903, 5.08287620544, 1.8545088768, 9.21486473083, 7.67938375473, 2.29687047005, 2.47724890709, 3.60672903061, 8.3740978241, 10.3147716522, 12.6167402267, 17.618183136, 19.1931056976, 15.8920793533, 16.3082790375, 24.5213012695, 39.9315338135, 53.5616645813, 17.568397522, 4.7226023674, 2.08948922157, 1.39625155926, 1.09837543964, 0.966032743454, 0.790387809277, 0.593622922897, 0.358484238386, 0.186484739184, 0.0841166004539, 0.0330131798983, 0.0108695421368, 0.00316398381256, 0.000697831856087, 9.53835478867e-05, 5.30881952727e-05]}, "spectral_strongpeak": {"dmean2": 0.220349773765, "median": 0.550186991692, "min": 0, "dvar2": 0.259343713522, "dvar": 0.105987019837, "dmean": 0.150784105062, "max": 10.5748109818, "var": 0.253851354122, "mean": 0.630385220051}, "spectral_energy": {"dmean2": 0.00948276277632, "median": 0.0302494689822, "min": 1.06869505632e-20, "dvar2": 0.000123711579363, "dvar": 0.00010775255214, "dmean": 0.00814969651401, "max": 0.529520869255, "var": 0.00251272553578, "mean": 0.0443487241864}, "average_loudness": 0.48894149065, "spectral_rolloff": {"dmean2": 327.028594971, "median": 193.798828125, "min": 86.1328125, "dvar2": 548747.875, "dvar": 293999.59375, "dmean": 198.969345093, "max": 18733.8867188, "var": 1275398.125, "mean": 722.53302002}, "spectral_centroid": {"dmean2": 233.574523926, "median": 769.60345459, "min": 140.821166992, "dvar2": 96139.546875, "dvar": 52604.375, "dmean": 160.662261963, "max": 10929.7148438, "var": 549810, "mean": 991.159606934}, "pitch_salience": {"dmean2": 0.0900230482221, "median": 0.425462901592, "min": 0.00559242395684, "dvar2": 0.00707903737202, "dvar": 0.00320956413634, "dmean": 0.0614456385374, "max": 0.95614773035, "var": 0.0253876503557, "mean": 0.412061423063}, "spectral_energyband_middle_high": {"dmean2": 0.00195372314192, "median": 0.00103249610402, "min": 1.42819659587e-21, "dvar2": 2.20458477997e-05, "dvar": 1.10239943751e-05, "dmean": 0.00125990179367, "max": 0.0700773149729, "var": 4.60313240183e-05, "mean": 0.00383587251417}, "spectral_contrast_coeffs": {"dmean2": [0.0724922716618, 0.071021348238, 0.057852268219, 0.0424357652664, 0.0345478653908, 0.0299765672535], "median": [-0.584882795811, -0.778711974621, -0.833685994148, -0.836186408997, -0.777830481529, -0.743755638599], "min": [-0.971626102924, -0.954509019852, -0.965138792992, -0.958071172237, -0.961306631565, -0.957512617111], "dvar2": [0.00319638103247, 0.0033412266057, 0.00213402346708, 0.00115184276365, 0.000813706952613, 0.000733908906113], "dvar": [0.00122710701544, 0.00127340562176, 0.000769189326093, 0.000394061848056, 0.000318104837788, 0.000271271419479], "dmean": [0.0447506569326, 0.0440855138004, 0.0342204794288, 0.0247109159827, 0.0208951625973, 0.0176245197654], "max": [-0.281847715378, -0.308489322662, -0.378719121218, -0.623805999756, -0.512737154961, -0.580527663231], "var": [0.0122589776292, 0.0148929031566, 0.00446158926934, 0.00170814257581, 0.00821765698493, 0.00345940026455], "mean": [-0.582613050938, -0.740404725075, -0.820303678513, -0.835473537445, -0.76426833868, -0.757026553154]}, "melbands_skewness": {"dmean2": 1.23686885834, "median": 4.14024209976, "min": -3.45160365105, "dvar2": 1.41965675354, "dvar": 0.723088145256, "dmean": 0.875335037708, "max": 19.6721687317, "var": 9.86976528168, "mean": 4.51284980774}, "spectral_spread": {"dmean2": 437538.84375, "median": 1907638.625, "min": 489817.125, "dvar2": 353060225024, "dvar": 212731166720, "dmean": 265385.71875, "max": 40231328, "var": 1300400439300.0, "mean": 2110350.25}, "dissonance": {"dmean2": 0.0242041088641, "median": 0.484171509743, "min": 0.0464569218457, "dvar2": 0.00159098347649, "dvar": 0.000611361465417, "dmean": 0.0149224996567, "max": 0.499999970198, "var": 0.00882850028574, "mean": 0.442759037018}, "spectral_skewness": {"dmean2": 1.06285214424, "median": 1.4976837635, "min": -0.33206769824, "dvar2": 0.955338120461, "dvar": 0.342158973217, "dmean": 0.619330704212, "max": 12.7583055496, "var": 5.05216932297, "mean": 2.31413221359}, "spectral_flux": {"dmean2": 0.0208860635757, "median": 0.0514699816704, "min": 1.03377709171e-10, "dvar2": 0.00042168845539, "dvar": 0.000156478738063, "dmean": 0.0123899225146, "max": 0.21476124227, "var": 0.00104826095048, "mean": 0.0526571795344}, "spectral_contrast_valleys": {"dmean2": [0.675351798534, 0.577229440212, 0.48460072279, 0.385476410389, 0.366583168507, 0.398224383593], "median": [-7.1605682373, -7.71154594421, -7.99335765839, -7.57137870789, -8.14562606812, -13.2944841385], "min": [-26.9962501526, -27.4405784607, -27.166217804, -27.3533992767, -27.2171211243, -27.2966861725], "dvar2": [0.273562073708, 0.225480943918, 0.16778165102, 0.125028938055, 0.131808742881, 0.252190470695], "dvar": [0.0985191613436, 0.0873939543962, 0.0677913352847, 0.0549771077931, 0.0656061694026, 0.125882923603], "dmean": [0.391285479069, 0.338362812996, 0.286003530025, 0.233075022697, 0.228398695588, 0.25154158473], "max": [-5.17679977417, -5.03794813156, -5.40286827087, -5.19599103928, -5.38135766983, -7.64024353027], "var": [4.43685483932, 3.52331423759, 3.71527981758, 4.44928264618, 3.76724362373, 2.11073994637], "mean": [-7.98435258865, -8.22870826721, -8.45247554779, -8.26552677155, -8.80702400208, -13.3164806366]}, "erbbands_flatness_db": {"dmean2": 0.0235825888813, "median": 0.261081457138, "min": 0.0235595740378, "dvar2": 0.000555132108275, "dvar": 0.000275818398222, "dmean": 0.0158773008734, "max": 0.538526833057, "var": 0.00662656361237, "mean": 0.270935416222}, "spectral_energyband_high": {"dmean2": 0.000115100650874, "median": 6.07134461461e-06, "min": 7.81763227045e-21, "dvar2": 6.11101825143e-07, "dvar": 2.93194176493e-07, "dmean": 7.19922827557e-05, "max": 0.0188669040799, "var": 7.68103745941e-07, "mean": 0.000121919714729}, "spectral_entropy": {"dmean2": 0.204896405339, "median": 7.01155328751, "min": 2.66394519806, "dvar2": 0.050498649478, "dvar": 0.0257385540754, "dmean": 0.141816183925, "max": 9.78691291809, "var": 1.33142590523, "mean": 6.60589265823}, "silence_rate_20dB": {"dmean2": 0.00238142488524, "median": 1, "min": 0, "dvar2": 0.00257424684241, "dvar": 0.00118911475874, "dmean": 0.00119059428107, "max": 1, "var": 0.0029675187543, "mean": 0.997023820877}, "melbands_flatness_db": {"dmean2": 0.0331441834569, "median": 0.405264616013, "min": 0.00522318528965, "dvar2": 0.00100017874502, "dvar": 0.000526472984347, "dmean": 0.0242187585682, "max": 0.83076608181, "var": 0.0152989691123, "mean": 0.410877883434}, "barkbands": {"dmean2": [1.11403032861e-05, 0.00592340854928, 0.00240659713745, 0.00302621093579, 0.000495462270919, 0.000297017017147, 0.000638981873635, 0.000123575693578, 0.000130283646286, 0.000171647174284, 0.00027588463854, 0.00027599016903, 0.000344359927112, 0.000304959830828, 0.000261623412371, 0.000312764022965, 0.00055526959477, 0.000665777770337, 0.000128737781779, 5.03034279973e-05, 2.81588472717e-05, 2.33230784943e-05, 2.02947358048e-05, 1.18670777738e-05, 5.24010374647e-06, 1.65193853263e-06, 4.0112686861e-07], "median": [3.85810290027e-06, 0.00949219428003, 0.00241877045482, 0.00260021630675, 0.000240949069848, 0.000101823388832, 8.71156371431e-05, 1.98738234758e-05, 2.02288720175e-05, 2.38027296291e-05, 5.61144588573e-05, 5.45583825442e-05, 6.6186170443e-05, 6.14188902546e-05, 0.000100292134448, 0.000125547696371, 0.000131656124722, 0.00011971553613, 3.75225463358e-05, 9.43723898672e-06, 1.99096643883e-06, 3.44790521467e-07, 7.44777963746e-08, 2.78573146772e-08, 2.29647163508e-08, 1.03185522349e-08, 7.02311631073e-09], "min": [1.2338270496e-23, 1.85410948378e-23, 2.32289544096e-23, 1.76999119442e-23, 7.26844068732e-23, 5.82661058076e-23, 1.28342431243e-22, 3.62650496846e-23, 7.16068986073e-23, 5.28861470092e-23, 3.77603923284e-23, 9.23029673783e-23, 4.24416002251e-23, 7.41708416997e-23, 1.04503389164e-22, 2.16995313969e-22, 2.47992852244e-22, 2.00281837877e-22, 2.07599172795e-22, 2.86155468971e-22, 3.13532956107e-22, 5.71985599083e-22, 8.53435519066e-22, 7.85446563762e-22, 1.4899573618e-21, 1.76635513887e-21, 2.06673741765e-21], "dvar2": [2.2585749937e-10, 6.61800877424e-05, 1.15424727483e-05, 2.15035797737e-05, 8.80544803294e-07, 3.17538962236e-07, 2.65204721472e-06, 2.19177366034e-07, 1.54212088432e-07, 2.78363444295e-07, 5.06301319092e-07, 5.03092621784e-07, 1.12582949896e-06, 1.25616872992e-06, 4.93357163123e-07, 6.20657488071e-07, 2.43938916356e-06, 4.62922207589e-06, 3.33901482463e-07, 7.8315281371e-08, 4.57278410693e-08, 4.18409626946e-08, 2.75004072847e-08, 1.19843939217e-08, 2.1810362405e-09, 2.29834692944e-10, 1.22653441223e-11], "dvar": [6.61915869338e-11, 6.58059507259e-05, 6.75371938996e-06, 1.83431293408e-05, 3.22117585938e-07, 1.34864009738e-07, 1.68439169101e-06, 7.85787079849e-08, 5.58512702753e-08, 9.34968511501e-08, 1.80625875146e-07, 1.74755527382e-07, 4.10847519561e-07, 4.65761218038e-07, 1.73245155111e-07, 2.32450105386e-07, 1.12336920211e-06, 2.25779899665e-06, 1.32833278599e-07, 3.0074019719e-08, 2.0317436622e-08, 2.15553868088e-08, 1.29667885318e-08, 5.55665069513e-09, 1.03956687703e-09, 1.16840398467e-10, 6.27446965912e-12], "dmean": [5.99723944106e-06, 0.00527513539419, 0.00178795191459, 0.00250910618342, 0.000298977451166, 0.000195167638594, 0.000471278181067, 7.02175893821e-05, 7.60174079915e-05, 9.99111507554e-05, 0.00016224567662, 0.000159602815984, 0.000206033888389, 0.000179744485649, 0.00015470602375, 0.00018746968999, 0.000353143463144, 0.000415368791437, 7.91855491116e-05, 3.08297203446e-05, 1.76193989319e-05, 1.48228455146e-05, 1.27804532895e-05, 7.69991311245e-06, 3.35274398822e-06, 1.09563882233e-06, 2.59013603454e-07], "max": [9.9722215964e-05, 0.513118505478, 0.0795790478587, 0.124785847962, 0.0112883066759, 0.0072395671159, 0.0384578295052, 0.00813776440918, 0.00602204632014, 0.00656250491738, 0.00947123020887, 0.0114414403215, 0.0188528113067, 0.0197447389364, 0.0103925717995, 0.017315749079, 0.0249690581113, 0.0351712927222, 0.0158285554498, 0.00676026521251, 0.00654922705144, 0.00567604973912, 0.00426663085818, 0.00319781387225, 0.00134807894938, 0.000520236208104, 0.000125144433696], "var": [8.92910537176e-11, 0.00181344768498, 4.18083036493e-05, 0.000162199750775, 6.79220875099e-07, 3.74311639462e-07, 5.45297143617e-06, 6.61893935217e-08, 7.08075091893e-08, 2.08104395938e-07, 3.66120957551e-07, 3.89870990603e-07, 1.23725362755e-06, 1.53989765295e-06, 3.71656938114e-07, 7.87873659647e-07, 2.48538867709e-06, 5.46068986296e-06, 3.12882150411e-07, 3.72975250684e-08, 4.51546711133e-08, 5.89885083002e-08, 3.44748869452e-08, 1.428181573e-08, 2.79684919668e-09, 3.42788269991e-10, 1.75883561188e-11], "mean": [7.27558744984e-06, 0.0258824974298, 0.00471829343587, 0.00787904392928, 0.00053016009042, 0.000358417804819, 0.000800509180408, 8.95748380572e-05, 0.000109268214146, 0.000162496056873, 0.000259165099123, 0.00028815024416, 0.000398522854084, 0.000359649973689, 0.000283572124317, 0.000394395232433, 0.00066530861659, 0.000877112150192, 0.000142240955029, 4.40214716946e-05, 2.89921554213e-05, 2.62349276454e-05, 2.20079800783e-05, 1.35097116072e-05, 5.89499950365e-06, 1.94838276002e-06, 4.60128291024e-07]}, "erbbands_skewness": {"dmean2": 0.700282812119, "median": -0.229000151157,