{"tonal": {"thpcp": [1, 0.726265251637, 0.324609071016, 0.192760199308, 0.20230050385, 0.493379414082, 0.851727128029, 0.719577372074, 0.363900661469, 0.208531156182, 0.19452086091, 0.255639314651, 0.290852665901, 0.252427011728, 0.27486294508, 0.394787579775, 0.352104157209, 0.21734932065, 0.188635990024, 0.19263318181, 0.285799205303, 0.425149172544, 0.351917862892, 0.183421313763, 0.117932990193, 0.118478924036, 0.22647087276, 0.417317450047, 0.409141361713, 0.272218465805, 0.230915635824, 0.206135720015, 0.22239536047, 0.266914516687, 0.337731838226, 0.68283611536], "hpcp": {"dmean2": [0.184201687574, 0.181730285287, 0.19059419632, 0.211691513658, 0.188609138131, 0.141904011369, 0.119767770171, 0.131856933236, 0.163356214762, 0.185591802001, 0.179599151015, 0.128688216209, 0.0948066487908, 0.0939995422959, 0.138953372836, 0.183132007718, 0.18740862608, 0.164422109723, 0.14128921926, 0.155720323324, 0.176449984312, 0.184762045741, 0.246277704835, 0.379301518202, 0.389547437429, 0.328174829483, 0.278969317675, 0.190651550889, 0.187541648746, 0.297944575548, 0.324368655682, 0.342271089554, 0.272723823786, 0.187269374728, 0.184532508254, 0.197985038161], "median": [0.0239788983017, 0.0222244840115, 0.0227306690067, 0.0238502137363, 0.0223694276065, 0.0192110911012, 0.0166977718472, 0.0194926150143, 0.0310957152396, 0.0414059348404, 0.0338412746787, 0.0179030261934, 0.0116289760917, 0.0118082687259, 0.0269065797329, 0.0461266972125, 0.0453546792269, 0.0253720954061, 0.0120423063636, 0.010142955929, 0.0122078564018, 0.0140831582248, 0.0301218703389, 0.100170001388, 0.158066093922, 0.0866050571203, 0.0177147183567, 0.00866222754121, 0.00939762033522, 0.041261844337, 0.0927481651306, 0.0751455128193, 0.0206133704633, 0.00887112878263, 0.00822788383812, 0.0152256693691], "min": [0, 0, 0, 0, 0, 0, 0, 0, 0, 0, 0, 0, 0, 0, 0, 0, 0, 0, 0, 0, 0, 0, 0, 0, 0, 0, 0, 0, 0, 0, 0, 0, 0, 0, 0, 0], "dvar2": [0.0921576842666, 0.0949096754193, 0.0968361794949, 0.109089434147, 0.0905089974403, 0.0582852736115, 0.045858759433, 0.0511228740215, 0.065463244915, 0.0805208683014, 0.0749257132411, 0.0545726902783, 0.0372335426509, 0.0371049977839, 0.057331841439, 0.0730580687523, 0.0727166086435, 0.0694402232766, 0.0663550272584, 0.0740658938885, 0.0946116819978, 0.101323992014, 0.124998472631, 0.17971239984, 0.200129255652, 0.154031917453, 0.164716824889, 0.10973714292, 0.101202555001, 0.152279049158, 0.170662567019, 0.172345265746, 0.167036637664, 0.110218763351, 0.109399139881, 0.113882638514], "dvar": [0.0348393879831, 0.0340632610023, 0.0354701764882, 0.0428018756211, 0.0346225872636, 0.0213658269495, 0.0173051729798, 0.0189924817532, 0.0244051124901, 0.0314436666667, 0.0275895278901, 0.019419182092, 0.013353664428, 0.0133972428739, 0.0212578792125, 0.0298271402717, 0.0294843707234, 0.0261577758938, 0.0250704959035, 0.0270252376795, 0.0348749831319, 0.0375418923795, 0.0458006486297, 0.0647697523236, 0.0754101425409, 0.0582384057343, 0.0591423250735, 0.0397794283926, 0.0368045978248, 0.0557401441038, 0.0667288228869, 0.0657659173012, 0.0603071935475, 0.0397028923035, 0.0390262231231, 0.0420152172446], "dmean": [0.10454095155, 0.101811170578, 0.108678750694, 0.121459849179, 0.10932456702, 0.0812157094479, 0.0676269382238, 0.074758708477, 0.0935543105006, 0.107858650386, 0.103405267, 0.0719296634197, 0.052536200732, 0.0523430071771, 0.0804763808846, 0.108898669481, 0.112105414271, 0.0944928452373, 0.0798573642969, 0.0873539298773, 0.0986647903919, 0.103395327926, 0.137935400009, 0.216118067503, 0.220955893397, 0.188635468483, 0.152794569731, 0.101605318487, 0.102225370705, 0.167428836226, 0.185172051191, 0.197682932019, 0.151484444737, 0.103435732424, 0.0994867607951, 0.108839705586], "max": [1, 1, 1, 1, 1, 1, 1, 1, 1, 1, 1, 1, 1, 1, 1, 1, 1, 1, 1, 1, 1, 1, 1, 1, 1, 1, 1, 1, 1, 1, 1, 1, 1, 1, 1, 1], "var": [0.0413529872894, 0.0312456060201, 0.0343832783401, 0.0652459189296, 0.0545452944934, 0.0229306723922, 0.0203138645738, 0.0192642826587, 0.0321780480444, 0.0642671063542, 0.0440311729908, 0.0179820284247, 0.00979727879167, 0.0096237231046, 0.021404651925, 0.0570305474102, 0.0544072277844, 0.0319260843098, 0.0379486680031, 0.0265349820256, 0.0301119349897, 0.0412599034607, 0.0451294369996, 0.0896645411849, 0.154478162527, 0.104314155877, 0.0484630577266, 0.0289025530219, 0.0280502010137, 0.0693886354566, 0.142315208912, 0.107240051031, 0.0611344538629, 0.0318575613201, 0.0295234266669, 0.0393927358091], "mean": [0.105746522546, 0.0917759537697, 0.0999330803752, 0.143534585834, 0.128015995026, 0.0790226086974, 0.0685831829906, 0.0700364559889, 0.103909216821, 0.154573276639, 0.127948254347, 0.0666872560978, 0.042877394706, 0.0430758818984, 0.0823389664292, 0.15172585845, 0.148753240705, 0.0989716127515, 0.0839549675584, 0.074945628643, 0.0808572173119, 0.0970432385802, 0.122790589929, 0.248261600733, 0.363574206829, 0.264051318169, 0.118019483984, 0.0700826346874, 0.0735512450337, 0.17938002944, 0.309666007757, 0.261619776487, 0.132304891944, 0.0758165493608, 0.0707227662206, 0.0929438620806]}, "tuning_equal_tempered_deviation": 0.102278612554, "chords_changes_rate": 0.0518384575844, "key_key": "A#", "tuning_diatonic_strength": 0.690209805965, "key_scale": "major", "chords_number_rate": 0.00331525015645, "tuning_frequency": 439.491973877, "tuning_nontempered_energy_ratio": 0.794295191765, "chords_histogram": [28.4207363129, 6.60036182404, 14.2555751801, 2.13984322548, 14.707654953, 0.904159128666, 5.57564783096, 0, 0, 0, 1.17540681362, 0, 0, 0, 0, 0.120554551482, 0, 0.934297740459, 0.0301386378706, 2.7124774456, 0, 2.83303189278, 3.34538888931, 16.244726181], "key_strength": 0.625871241093, "chords_key": "A#", "chords_strength": {"dmean2": 0.0113706337288, "median": 0.59172976017, "min": -1, "dvar2": 0.0013051154092, "dvar": 0.000651060254313, "dmean": 0.0107638854533, "max": 0.838282704353, "var": 0.0378305129707, "mean": 0.573945045471}, "chords_scale": "major", "hpcp_entropy": {"dmean2": 1.06896352768, "median": 2.12063956261, "min": 0, "dvar2": 0.80537879467, "dvar": 0.294883936644, "dmean": 0.63799315691, "max": 4.41081237793, "var": 0.624237835407, "mean": 2.08343625069}}, "metadata": {"audio_properties": {"equal_loudness": 0, "codec": "mp3", "downmix": "mix", "sample_rate": 44100, "analysis_sample_rate": 44100, "bit_rate": 160000, "md5_encoded": "86ebe4a70a59da49f018e9bc0d5e02d7", "length": 154.017959595, "replay_gain": -13.9306373596, "lossless": false}, "version": {"essentia_build_sha": "70f2e5ece6736b2c40cc944ad0e695b16b925413", "essentia": "2.1-beta2", "extractor": "music 1.0", "essentia_git_sha": "v2.1_beta2"}, "tags": {"title": ["Lookin' Out My Back Door"], "albumartist": ["Creedence Clearwater Revival"], "musicbrainz_recordingid": ["1d7956b1-b336-4ebd-a93b-d99cbc7bb5f9"], "encoding": ["Audiograbber 1.83.01, LAME dll 3.89, 160 Kbit/s, Joint Stereo, Normal quality"], "musicbrainz_albumartistid": ["109958eb-a335-4c5e-907e-597ff4c6af46"], "discnumber": ["1/1"], "album": ["Bad Moon Rising: The Best of Creedence Clearwater Revival"], "musicbrainz album type": ["album/compilation"], "musicbrainz album status": ["official"], "file_name": "Lookin' Out My Back Door - Creedence Clearwater Revival.mp3", "originaldate": ["2003"], "date": ["2003"], "genre": ["Rock"], "musicbrainz_releasegroupid": ["57a2ff3a-522c-3b09-89e2-d424d85ba749"], "script": ["Latn"], "asin": ["B0000C4LZ7"], "musicbrainz_albumid": ["a144d7bb-505d-47c5-8670-9a2c7cca254d"], "artist": ["Creedence Clearwater Revival"], "artistsort": ["Creedence Clearwater Revival"], "tracknumber": ["20/22"], "musicbrainz album release country": ["GB"], "albumartistsort": ["Creedence Clearwater Revival"], "musicbrainz_artistid": ["109958eb-a335-4c5e-907e-597ff4c6af46"]}}, "rhythm": {"bpm_histogram_first_peak_bpm": {"dmean2": 0, "median": 105, "min": 105, "dvar2": 0, "dvar": 0, "dmean": 0, "max": 105, "var": 0, "mean": 105}, "bpm": 105.509613037, "bpm_histogram_second_peak_spread": {"dmean2": 0, "median": 0.43902438879, "min": 0.43902438879, "dvar2": 0, "dvar": 0, "dmean": 0, "max": 0.43902438879, "var": 0, "mean": 0.43902438879}, "bpm_histogram_first_peak_weight": {"dmean2": 0, "median": 0.445614039898, "min": 0.445614039898, "dvar2": 0, "dvar": 0, "dmean": 0, "max": 0.445614039898, "var": 0, "mean": 0.445614039898}, "onset_rate": 4.29138374329, "beats_position": [0.557278871536, 1.11455774307, 1.66022670269, 2.21750569344, 2.77478456497, 3.32045340538, 3.87773227692, 4.43501138687, 5.00390005112, 5.5727891922, 6.14167785645, 6.71056699753, 7.26784563065, 7.83673477173, 8.40562343597, 8.98612213135, 9.55501079559, 10.1122903824, 10.6811790466, 11.261677742, 11.8305664062, 12.3994560242, 12.9567346573, 13.5256233215, 14.0945119858, 14.6517915726, 15.2090702057, 15.7895689011, 16.3468475342, 16.9157371521, 17.4846248627, 18.0535144806, 18.6224040985, 19.179681778, 19.7485713959, 20.3290691376, 20.8979587555, 21.4668483734, 22.035736084, 22.5930156708, 23.1619052887, 23.7307929993, 24.3112926483, 24.89179039, 25.4606800079, 26.0295696259, 26.6100673676, 27.1905670166, 27.7710647583, 28.3283443451, 28.897233963, 29.4661216736, 30.0350112915, 30.6038990021, 31.17278862, 31.7416782379, 32.3105659485, 32.8794555664, 33.4599533081, 34.0404510498, 34.6209526062, 35.2014503479, 35.7819480896, 36.362449646, 36.9197273254, 37.5002250671, 38.0691146851, 38.6496124268, 39.2185020447, 39.7989997864, 40.3678894043, 40.9367790222, 41.5056686401, 42.0745582581, 42.6550559998, 43.2239456177, 43.7928352356, 44.3617210388, 44.9306106567, 45.5111083984, 46.0916099548, 46.6488876343, 47.229385376, 47.7982749939, 48.3671646118, 48.9244422913, 49.4933319092, 50.0622215271, 50.6427192688, 51.2116088867, 51.7804985046, 52.3609962463, 52.9298858643, 53.4987754822, 54.0560531616, 54.6365509033, 55.2054405212, 55.7743301392, 56.3548278809, 56.9237174988, 57.4926071167, 58.0614967346, 58.6303825378, 59.187664032, 59.7565536499, 60.3254394531, 60.9059410095, 61.4748306274, 62.0437164307, 62.6126060486, 63.1814956665, 63.7503852844, 64.3192749023, 64.8881607056, 65.4570541382, 66.0375518799, 66.6064376831, 67.1753311157, 67.7326049805, 68.2898864746, 68.8703842163, 69.4276657104, 70.0081634521, 70.5886611938, 71.1691589355, 71.7264404297, 72.2953262329, 72.8642196655, 73.4447174072, 74.0136032104, 74.5824966431, 75.1513824463, 75.731880188, 76.3123779297, 76.8812713623, 77.4385452271, 78.0074386597, 78.5763244629, 79.1568222046, 79.7373199463, 80.3178253174, 80.8867111206, 81.4555969238, 82.0360946655, 82.6166000366, 83.1854858398, 83.7543716431, 84.3348770142, 84.9037628174, 85.4726486206, 86.0415420532, 86.6104278564, 87.1909255981, 87.7598190308, 88.328704834, 88.8975982666, 89.4664840698, 90.035369873, 90.6042633057, 91.1615371704, 91.7188186646, 92.2877044678, 92.8565979004, 93.4138793945, 93.9943771362, 94.5748748779, 95.1321487427, 95.7010421753, 96.2699279785, 96.8504257202, 97.4309310913, 97.9998168945, 98.5687026978, 99.1375961304, 99.7064819336, 100.275375366, 100.855873108, 101.424758911, 102.005256653, 102.574150085, 103.143035889, 103.711929321, 104.280815125, 104.838096619, 105.406982422, 105.975868225, 106.533149719, 107.078819275, 107.636100769, 108.181770325, 108.739044189, 109.296325684, 109.865211487, 110.434104919, 110.991378784, 111.548660278, 112.117546082, 112.686439514, 113.266937256, 113.82421875, 114.393104553, 114.961990356, 115.530883789, 116.099769592, 116.668663025, 117.237548828, 117.794830322, 118.352104187, 118.932601929, 119.5131073, 120.081993103, 120.650878906, 121.219772339, 121.788658142, 122.357551575, 122.914825439, 123.483718872, 124.064216614, 124.644714355, 125.213600159, 125.770881653, 126.30493927, 126.722900391, 127.140861511, 127.558815002, 127.941947937, 128.313461304, 128.6849823, 129.056503296, 129.43963623, 129.822769165, 130.194290161, 130.565795898, 130.937316895, 131.308837891, 131.680358887, 132.063491821, 132.446624756, 132.818145752, 133.189651489, 133.561172485, 133.932693481, 134.292602539, 134.664123535, 135.024032593, 135.395553589, 135.767074585, 136.15020752, 136.533325195, 136.904846191, 137.276367188, 137.647888184, 138.01940918, 138.379318237, 138.750839233, 139.133972168, 139.528701782, 140.109207153, 140.666488647, 141.223754883, 141.781036377, 142.338317871, 142.895599365, 143.452880859, 144.021759033, 144.590652466, 145.14793396, 145.705215454, 146.274108887, 146.842987061, 147.35383606, 147.8646698, 148.387115479, 148.770248413, 149.153381348, 149.524902344, 149.90802002, 150.279541016, 150.66267395, 151.034194946, 151.417327881, 151.800445557, 152.183578491, 152.566711426, 152.94984436, 153.332962036], "beats_loudness": {"dmean2": 0.0235620420426, "median": 0.0423450097442, "min": 7.86639808847e-10, "dvar2": 0.000408132968005, "dvar": 0.000147882587044, "dmean": 0.0134794907644, "max": 0.0910074487329, "var": 0.000355083058821, "mean": 0.0407767146826}, "danceability": 1.09269225597, "bpm_histogram_second_peak_weight": {"dmean2": 0, "median": 0.0807017534971, "min": 0.0807017534971, "dvar2": 0, "dvar": 0, "dmean": 0, "max": 0.0807017534971, "var": 0, "mean": 0.0807017534971}, "beats_count": 286, "bpm_histogram_second_peak_bpm": {"dmean2": 0, "median": 161, "min": 161, "dvar2": 0, "dvar": 0, "dmean": 0, "max": 161, "var": 0, "mean": 161}, "bpm_histogram_first_peak_spread": {"dmean2": 0, "median": 0.445414841175, "min": 0.445414841175, "dvar2": 0, "dvar": 0, "dmean": 0, "max": 0.445414841175, "var": 0, "mean": 0.445414841175}, "beats_loudness_band_ratio": {"dmean2": [0.310907363892, 0.12440457195, 0.0979890450835, 0.141024589539, 0.0898996964097, 0.0759239420295], "median": [0.491296768188, 0.129070818424, 0.0651377290487, 0.115166917443, 0.0680538117886, 0.0645245462656], "min": [0.0352789834142, 2.74428093689e-05, 0.000177833178896, 7.67221354181e-05, 7.95724481577e-05, 5.85827401665e-05], "dvar2": [0.0641145333648, 0.0112880794331, 0.0108223007992, 0.0197008959949, 0.00893860775977, 0.0071906382218], "dvar": [0.0231555663049, 0.00398199725896, 0.00404498074204, 0.00665286695585, 0.00325370696373, 0.00362629606389], "dmean": [0.178997546434, 0.07061599195, 0.0549674369395, 0.081027276814, 0.0526819191873, 0.0449914261699], "max": [0.998350143433, 0.435901969671, 0.400325298309, 0.553327977657, 0.390197575092, 0.959394395351], "var": [0.0543569922447, 0.00664908485487, 0.00452483305708, 0.00817398633808, 0.00469972938299, 0.0186498817056], "mean": [0.533733010292, 0.136862680316, 0.0787768214941, 0.122851021588, 0.0822894796729, 0.091493204236]}}, "lowlevel": {"barkbands_spread": {"dmean2": 9.24616718292, "median": 19.4005699158, "min": 0.355521857738, "dvar2": 139.362213135, "dvar": 61.0573120117, "dmean": 5.9780254364, "max": 159.076507568, "var": 225.252502441, "mean": 21.1770420074}, "melbands_spread": {"dmean2": 10.8358736038, "median": 16.2852630615, "min": 0.0992848798633, "dvar2": 166.425949097, "dvar": 74.3778457642, "dmean": 7.03199911118, "max": 203.462371826, "var": 787.088989258, "mean": 23.7515258789}, "hfc": {"dmean2": 7.98703956604, "median": 9.95211410522, "min": 1.16476334375e-16, "dvar2": 151.311309814, "dvar": 85.7307128906, "dmean": 6.07423067093, "max": 144.186080933, "var": 429.897247314, "mean": 18.2296714783}, "barkbands_kurtosis": {"dmean2": 11.6576690674, "median": 2.85424637794, "min": -1.98146307468, "dvar2": 968.832397461, "dvar": 400.541168213, "dmean": 7.48902320862, "max": 511.418029785, "var": 830.498779297, "mean": 12.486782074}, "gfcc": {"mean": [-50.7182846069, 93.9761047363, -103.698600769, 42.8673591614, -44.217666626, 25.0133457184, -33.4030151367, 1.00711786747, -26.6914997101, 1.74655938148, -24.479391098, -10.2058191299, -12.2899341583], "icov": [[0.000306743488181, -0.000581421947572, 0.000639912381303, -0.000505972187966, 0.000648576533422, -0.000596421479713, 0.000838042760734, -0.000612433010247, 0.000956863048486, -0.000632937357295, 0.000973146117758, -0.00062184385024, 0.000495857442729], [-0.000581421947572, 0.00207926845178, -0.00100311345886, 0.00107878667768, -0.00118224718608, 0.000894978642464, -0.00102099007927, 0.00105019449256, -0.00195151183289, 0.00244034314528, -0.00305708148517, 0.00331388041377, -0.0015218736371], [0.000639912381303, -0.00100311345886, 0.00276083895005, -0.0012472193921, 0.000282199122012, -0.00133884546813, 0.00139582739212, -0.00184309540782, 0.00197966722772, -0.000519882130902, 0.0018252733862, -0.00203124247491, 0.00299207819626], [-0.000505972187966, 0.00107878667768, -0.0012472193921, 0.00327214412391, -0.000843804387841, 0.00115632812958, -0.00160722830333, 0.00209705694579, -0.0020258189179, 0.000385910476325, -0.00100381509401, 0.00125632632989, -0.000740802090149], [0.000648576533422, -0.00118224718608, 0.000282199122012, -0.000843804387841, 0.00542299542576, -0.00223856512457, 0.0019329788629, -0.000572296325117, -0.000808177574072, 8.53261153679e-05, 0.000125146543724, 0.00103522755671, -0.00103228935041], [-0.000596421479713, 0.000894978642464, -0.00133884546813, 0.00115632812958, -0.00223856512457, 0.00817303359509, -0.00321193714626, 0.00178098562174, 0.00105400010943, -0.000219251189264, 0.00128512235824, -0.00095589319244, 0.000726458558347], [0.000838042760734, -0.00102099007927, 0.00139582739212, -0.00160722830333, 0.0019329788629, -0.00321193714626, 0.00869377609342, -0.0032649775967, 0.00132079969626, 0.000948685163166, -0.000403766869567, 0.00135929184034, -0.000985992373899], [-0.000612433010247, 0.00105019449256, -0.00184309540782, 0.00209705694579, -0.000572296325117, 0.00178098562174, -0.0032649775967, 0.0125513337553, -0.00360595108941, 0.00104975060094, -6.43014864181e-05, -0.000414698384702, 0.00117768975906], [0.000956863048486, -0.00195151183289, 0.00197966722772, -0.0020258189179, -0.000808177574072, 0.00105400010943, 0.00132079969626, -0.00360595108941, 0.0162225402892, -0.0075554442592, 0.00377922784537, -0.00164364860393, -0.00047771181562], [-0.000632937357295, 0.00244034314528, -0.000519882130902, 0.000385910476325, 8.53261153679e-05, -0.000219251189264, 0.000948685163166, 0.00104975060094, -0.0075554442592, 0.0167853236198, -0.00660627242178, 0.0039243940264, -0.0011775031453], [0.000973146117758, -0.00305708148517, 0.0018252733862, -0.00100381509401, 0.000125146543724, 0.00128512235824, -0.000403766869567, -6.43014864181e-05, 0.00377922784537, -0.00660627242178, 0.0204083900899, -0.0113220745698, 0.00835621356964], [-0.00062184385024, 0.00331388041377, -0.00203124247491, 0.00125632632989, 0.00103522755671, -0.00095589319244, 0.00135929184034, -0.000414698384702, -0.00164364860393, 0.0039243940264, -0.0113220745698, 0.0222948119044, -0.00869747810066], [0.000495857442729, -0.0015218736371, 0.00299207819626, -0.000740802090149, -0.00103228935041, 0.000726458558347, -0.000985992373899, 0.00117768975906, -0.00047771181562, -0.0011775031453, 0.00835621356964, -0.00869747810066, 0.0208721086383]], "cov": [[31402.3769531, 3047.00415039, -4346.7890625, 387.001586914, -2326.1105957, 274.140106201, -1226.06140137, -142.901397705, -776.203735352, 150.10093689, -593.148925781, -146.677764893, 105.614944458], [3047.00415039, 1578.72314453, -307.438873291, -109.911857605, 21.1979961395, -15.9851083755, -61.9942016602, -28.2004394531, -21.7924442291, -91.2122268677, -2.70428848267, -150.656860352, 15.8213844299], [-4346.7890625, -307.438873291, 1283.31262207, 34.2610397339, 349.527160645, 50.3966026306, 137.170455933, 68.3251800537, 39.2485427856, -59.0181007385, 79.599105835, 30.9770507812, -105.134101868], [387.001586914, -109.911857605, 34.2610397339, 453.014373779, -6.76827192307, -11.3280296326, 5.34304857254, -35.6133079529, 25.236951828, 30.5202484131, -13.9211273193, -6.44285678864, 1.4684599638], [-2326.1105957, 21.1979961395, 349.527160645, -6.76827192307, 447.860656738, 14.7879667282, 71.1846618652, 0.429735571146, 89.1979751587, -23.7783432007, 38.3626251221, -28.0735931396, 5.0780673027], [274.140106201, -15.9851083755, 50.3966026306, -11.3280296326, 14.7879667282, 179.368988037, 27.9936943054, -2.99057292938, -40.5035400391, -13.0606422424, -21.0086288452, 5.05194473267, -10.4730901718], [-1226.06140137, -61.9942016602, 137.170455933, 5.34304857254, 71.1846618652, 27.9936943054, 212.006088257, 26.8531188965, 21.1586952209, -26.8802700043, 19.9995880127, -9.65338516235, 3.11763739586], [-142.901397705, -28.2004394531, 68.3251800537, -35.6133079529, 0.429735571146, -2.99057292938, 26.8531188965, 103.474868774, 12.0084648132, -2.88442492485, 0.63036698103, 5.62396097183, -11.9612588882], [-776.203735352, -21.7924442291, 39.2485427856, 25.236951828, 89.1979751587, -40.5035400391, 21.1586952209, 12.0084648132, 124.491294861, 35.1797027588, 11.3752565384, -8.60420227051, 14.9582653046], [150.10093689, -91.2122268677, -59.0181007385, 30.5202484131, -23.7783432007, -13.0606422424, -26.8802700043, -2.88442492485, 35.1797027588, 97.8795700073, 14.555357933, 5.67461061478, 0.362951666117], [-593.148925781, -2.70428848267, 79.599105835, -13.9211273193, 38.3626251221, -21.0086288452, 19.9995880127, 0.63036698103, 11.3752565384, 14.555357933, 96.8460464478, 27.3638916016, -20.7613830566], [-146.677764893, -150.656860352, 30.9770507812, -6.44285678864, -28.0735931396, 5.05194473267, -9.65338516235, 5.62396097183, -8.60420227051, 5.67461061478, 27.3638916016, 84.7016372681, 9.95606517792], [105.614944458, 15.8213844299, -105.134101868, 1.4684599638, 5.0780673027, -10.4730901718, 3.11763739586, -11.9612588882, 14.9582653046, 0.362951666117, -20.7613830566, 9.95606517792, 75.9400405884]]}, "spectral_energyband_middle_low": {"dmean2": 0.00859605520964, "median": 0.00755159556866, "min": 3.78261984741e-22, "dvar2": 0.000302119908156, "dvar": 0.000116301664093, "dmean": 0.00542848045006, "max": 0.127672255039, "var": 0.000140182426549, "mean": 0.0105322264135}, "melbands_crest": {"dmean2": 6.18513584137, "median": 16.1852302551, "min": 1.91229832172, "dvar2": 25.2943572998, "dvar": 9.94765090942, "dmean": 3.74835133553, "max": 38.2254333496, "var": 31.4380531311, "mean": 16.7209892273}, "spectral_kurtosis": {"dmean2": 2.71150970459, "median": 3.0591275692, "min": -1.23540616035, "dvar2": 12.8766317368, "dvar": 5.57006883621, "dmean": 1.6931579113, "max": 50.2230148315, "var": 16.8156318665, "mean": 4.56327629089}, "spectral_rms": {"dmean2": 0.00118774583098, "median": 0.00450781267136, "min": 3.20388008658e-12, "dvar2": 1.87298826404e-06, "dvar": 8.41669816509e-07, "dmean": 0.000811463454738, "max": 0.0123429447412, "var": 4.11745395468e-06, "mean": 0.00445944676176}, "zerocrossingrate": {"dmean2": 0.0114628290758, "median": 0.0458984375, "min": 0.00146484375, "dvar2": 0.000149066399899, "dvar": 0.000124251237139, "dmean": 0.00978483818471, "max": 0.75390625, "var": 0.00938902795315, "mean": 0.0627598911524}, "silence_rate_60dB": {"dmean2": 0.0398069955409, "median": 0, "min": 0, "dvar2": 0.0448590479791, "dvar": 0.0195051301271, "dmean": 0.0199004970491, "max": 1, "var": 0.0827573314309, "mean": 0.0910461246967}, "erbbands_kurtosis": {"dmean2": 3.50756168365, "median": -0.0711661577225, "min": -1.78942728043, "dvar2": 350.025848389, "dvar": 157.340637207, "dmean": 2.22256493568, "max": 428.085906982, "var": 184.960922241, "mean": 1.88180339336}, "erbbands": {"dmean2": [0.0433572977781, 1.01347875595, 4.75020074844, 9.8888168335, 17.9786167145, 8.19903087616, 7.81229496002, 8.1242723465, 6.36192131042, 10.8602304459, 13.6978626251, 19.2071781158, 14.6995325089, 15.5631227493, 18.0791683197, 24.8979854584, 30.075176239, 34.8301391602, 33.8374443054, 24.7455844879, 16.365442276, 20.6834144592, 6.50433254242, 4.14911031723, 6.09689998627, 9.08219528198, 16.2709846497, 6.06727933884, 5.84546995163, 2.80520176888, 2.29166316986, 1.24289250374, 0.900222182274, 0.641435265541, 0.823461055756, 0.127489894629, 0.0250221341848, 0.00487679289654, 0.000401712546591, 2.11480055441e-05], "median": [0.0233486499637, 0.513972520828, 3.06055355072, 6.13064336777, 7.4725484848, 3.42472648621, 2.64257097244, 2.65143203735, 2.07326364517, 3.05976486206, 4.5508928299, 5.57698249817, 5.06274795532, 5.62843132019, 5.57140874863, 6.72333621979, 8.77390098572, 8.96828079224, 8.00023078918, 7.27442169189, 5.62621450424, 5.34086418152, 2.48445248604, 1.95753061771, 2.81085276604, 3.18268847466, 3.17844486237, 1.76370072365, 1.23366630077, 0.83858269453, 0.567223668098, 0.364209234715, 0.22802644968, 0.128903627396, 0.0595092736185, 0.0176246669143, 0.00315058697015, 0.000455724686617, 3.07538866764e-05, 2.624822082e-05], "min": [4.58081455486e-22, 4.19596372616e-21, 1.62733762223e-20, 5.77244953166e-20, 2.1711593734e-19, 2.09030014208e-19, 2.53902235993e-19, 3.77253347642e-19, 5.46239315751e-19, 3.16871334274e-19, 1.62317134613e-18, 2.47808153436e-18, 3.72984795828e-18, 1.50403583123e-18, 2.37916582915e-18, 2.16470891558e-18, 2.97054082371e-18, 1.90732298259e-18, 5.2111687895e-18, 6.63358774367e-18, 9.36706439408e-18, 1.28897892221e-17, 1.17449563651e-17, 1.21648770846e-17, 1.01916749565e-17, 1.92151376231e-17, 1.82126526233e-17, 1.90887477342e-17, 2.19555505965e-17, 1.82821936974e-17, 1.39715702369e-17, 1.40872712979e-17, 1.43035657932e-17, 1.47030129654e-17, 9.88104961131e-18, 4.88853319543e-18, 3.22340538747e-18, 1.34921057482e-18, 3.3838831826e-19, 3.74178381263e-20], "dvar2": [0.00673121027648, 2.98057174683, 45.495716095, 333.84375, 1611.30004883, 266.897155762, 249.577148438, 250.839614868, 214.107910156, 768.201660156, 1476.03662109, 2638.53295898, 1891.17700195, 2090.70532227, 3258.41577148, 4276.30322266, 5528.47167969, 8604.96875, 6976.05957031, 3516.39892578, 1753.27734375, 4457.10498047, 268.422821045, 57.8781433105, 142.464675903, 403.887481689, 2149.41113281, 180.639083862, 246.174057007, 33.47996521, 44.4540672302, 6.59603595734, 3.96125555038, 2.4493200779, 12.8561067581, 0.106284923851, 0.00371963065118, 0.000147504877532, 1.52307052304e-06, 1.43437328681e-09], "dvar": [0.00282061705366, 1.20113790035, 18.2689247131, 120.670585632, 607.058898926, 98.6398010254, 93.7167358398, 111.453605652, 96.6256790161, 356.799987793, 693.423339844, 1134.5682373, 812.475952148, 927.604858398, 1523.48083496, 1920.99609375, 2864.76611328, 3924.6081543, 3553.24609375, 1710.62683105, 800.363098145, 1954.60681152, 145.866928101, 27.6697540283, 71.3187561035, 205.044815063, 1096.4642334, 97.7844085693, 103.749794006, 15.7945079803, 19.6024932861, 3.11485481262, 1.85526776314, 1.10735177994, 5.53009653091, 0.049946770072, 0.00171225180384, 6.76043200656e-05, 6.35179844721e-07, 6.2063465478e-10], "dmean": [0.0261255353689, 0.61065351963, 2.93265676498, 5.87157678604, 10.9907007217, 4.82875013351, 4.75640964508, 5.10869646072, 4.06172609329, 7.09020280838, 8.84446811676, 12.2314939499, 9.77417564392, 10.5575590134, 12.1082191467, 16.181810379, 20.8056373596, 23.4431533813, 23.1296634674, 16.7814617157, 11.1530323029, 13.7083101273, 4.588078022, 2.93377256393, 4.28406095505, 6.34583425522, 11.2193403244, 4.36266469955, 3.94978165627, 1.98748636246, 1.57869422436, 0.868732631207, 0.620898723602, 0.445942491293, 0.559285402298, 0.0891707092524, 0.0173170696944, 0.00325459754094, 0.000247632327955, 1.44160958371e-05], "max": [2.03149867058, 24.0549125671, 82.7653884888, 155.521865845, 303.317749023, 148.727813721, 159.633148193, 192.022979736, 199.682739258, 608.912231445, 1131.93945312, 901.160766602, 925.120910645, 755.198852539, 1490.40161133, 2196.42529297, 1800.25134277, 1662.04431152, 1219.29870605, 823.040588379, 771.887573242, 963.618103027, 611.304870605, 89.356086731, 182.031951904, 500.811553955, 1150.90087891, 250.092346191, 298.410552979, 79.0538406372, 99.9917221069, 26.4298305511, 29.7299194336, 19.7368488312, 42.8297653198, 3.45510435104, 0.538796424866, 0.0979750454426, 0.0174440424889, 0.000386318861274], "var": [0.00418785121292, 2.08897447586, 37.3062477112, 130.129745483, 613.250183105, 104.709579468, 125.212562561, 247.022216797, 229.347946167, 1001.82519531, 1483.29284668, 2003.89782715, 1863.40893555, 2296.26733398, 3510.01049805, 4760.66796875, 8339.69921875, 10352.6845703, 10118.3876953, 6461.00390625, 2161.53540039, 4171.47900391, 560.31048584, 68.5825042725, 175.374191284, 941.247802734, 4504.265625, 388.609069824, 222.291473389, 51.3358078003, 31.0413799286, 5.56221199036, 2.94268012047, 1.64013063908, 6.45484161377, 0.0731141641736, 0.00231337826699, 8.0798570707e-05, 5.80452535814e-07, 1.13439924121e-09], "mean": [0.0418111123145, 0.99344676733, 4.9800567627, 9.38998985291, 15.5021724701, 6.8273935318, 7.01053857803, 8.75488376617, 7.10824680328, 12.0239477158, 14.7093076706, 19.2897968292, 18.3529014587, 19.7773799896, 19.9458580017, 25.6653366089, 34.645866394, 41.9804878235, 42.3111801147, 34.7880363464, 21.7770748138, 24.2518386841, 9.69202518463, 5.53649950027, 8.02592658997, 13.8283166885, 24.4184188843, 9.18728065491, 7.03260564804, 3.91459131241, 2.53577637672, 1.3375685215, 0.882359981537, 0.587279200554, 0.643350601196, 0.109721496701, 0.0200764909387, 0.00340683781542, 0.000219819383346, 3.47200002579e-05]}, "spectral_strongpeak": {"dmean2": 0.986114859581, "median": 0.378013372421, "min": 0, "dvar2": 4.04236078262, "dvar": 1.64848744869, "dmean": 0.575010478497, "max": 22.7264709473, "var": 2.53209018707, "mean": 0.870904862881}, "spectral_energy": {"dmean2": 0.0134156122804, "median": 0.0208283811808, "min": 1.05214692042e-20, "dvar2": 0.000407207524404, "dvar": 0.000168651909917, "dmean": 0.00888285133988, "max": 0.156156986952, "var": 0.000393098947825, "mean": 0.0246040802449}, "average_loudness": 0.920867800713, "spectral_rolloff": {"dmean2": 706.695129395, "median": 882.861328125, "min": 43.06640625, "dvar2": 1410460.125, "dvar": 598938.25, "dmean": 416.355651855, "max": 18669.2871094, "var": 6889504.5, "mean": 1513.12597656}, "spectral_centroid": {"dmean2": 406.821838379, "median": 1069.55200195, "min": 102.575462341, "dvar2": 212645.390625, "dvar": 106037.4375, "dmean": 274.079498291, "max": 11463.0136719, "var": 693767.9375, "mean": 1231.29675293}, "pitch_salience": {"dmean2": 0.130071520805, "median": 0.521872580051, "min": 0.0475185289979, "dvar2": 0.0115192774683, "dvar": 0.00459906691685, "dmean": 0.0806556046009, "max": 0.843425512314, "var": 0.012860186398, "mean": 0.521779537201}, "spectral_energyband_middle_high": {"dmean2": 0.00267813378014, "median": 0.00243582436815, "min": 1.3643006296e-21, "dvar2": 1.70741004695e-05, "dvar": 8.6779209596e-06, "dmean": 0.0019170565065, "max": 0.0514232181013, "var": 4.18923482357e-05, "mean": 0.00513743050396}, "spectral_contrast_coeffs": {"dmean2": [0.0875260308385, 0.0737806409597, 0.0587196312845, 0.0505247116089, 0.0384620837867, 0.0331986173987], "median": [-0.614833950996, -0.749653875828, -0.773582816124, -0.783364653587, -0.804713487625, -0.775293529034], "min": [-0.9674705863, -0.970268547535, -0.965722203255, -0.964090228081, -0.95959097147, -0.957259178162], "dvar2": [0.00499041378498, 0.00385536556132, 0.00248104077764, 0.00181579880882, 0.00106720486656, 0.000874697347172], "dvar": [0.00185393821448, 0.00150741648395, 0.0010686047608, 0.000837553234305, 0.000511651218403, 0.000412665278418], "dmean": [0.0527731329203, 0.0454813726246, 0.0373230539262, 0.0328781269491, 0.0253767855465, 0.0221260860562], "max": [-0.37288838625, -0.377420723438, -0.465547740459, -0.50358080864, -0.521291553974, -0.521188855171], "var": [0.00584449572489, 0.00746880983934, 0.00663136085495, 0.00633962778375, 0.00462659075856, 0.00414961017668], "mean": [-0.617179870605, -0.744154930115, -0.766159415245, -0.767358005047, -0.790407657623, -0.769682228565]}, "melbands_skewness": {"dmean2": 1.76791501045, "median": 2.9910197258, "min": -0.651801049709, "dvar2": 6.54290676117, "dvar": 2.57101011276, "dmean": 1.14202284813, "max": 48.4935913086, "var": 7.65794897079, "mean": 3.67500305176}, "spectral_spread": {"dmean2": 961307.4375, "median": 4587509, "min": 1625394.875, "dvar2": 1408365232130.0, "dvar": 694134112256, "dmean": 639909.4375, "max": 40428912, "var": 4130482159620.0, "mean": 4977968}, "dissonance": {"dmean2": 0.0309531837702, "median": 0.470007121563, "min": 0.279306352139, "dvar2": 0.000927029585, "dvar": 0.000347845692886, "dmean": 0.0185418445617, "max": 0.499999880791, "var": 0.000781720911618, "mean": 0.462862402201}, "spectral_skewness": {"dmean2": 0.387713730335, "median": 1.43122160435, "min": -0.0628227815032, "dvar2": 0.176303818822, "dvar": 0.0855967849493, "dmean": 0.256927609444, "max": 6.26684474945, "var": 0.426185816526, "mean": 1.57102966309}, "spectral_flux": {"dmean2": 0.040244858712, "median": 0.069781690836, "min": 1.02574213012e-10, "dvar2": 0.00180721282959, "dvar": 0.000810690340586, "dmean": 0.0253485366702, "max": 0.343676537275, "var": 0.00234862533398, "mean": 0.0787255093455}, "spectral_contrast_valleys": {"dmean2": [0.685904979706, 0.686871230602, 0.611893057823, 0.561826348305, 0.480296432972, 0.535814225674], "median": [-7.11921930313, -7.27927017212, -7.69565963745, -7.87271261215, -7.937458992, -10.3093776703], "min": [-27.4395542145, -27.0574874878, -27.171131134, -27.2809181213, -27.2192630768, -27.3236446381], "dvar2": [0.31121596694, 0.425822854042, 0.339471101761, 0.300180703402, 0.265893727541, 0.362616896629], "dvar": [0.133210241795, 0.212196171284, 0.190575808287, 0.180243581533, 0.167204856873, 0.209550350904], "dmean": [0.423509031534, 0.447743833065, 0.420710086823, 0.396044462919, 0.356866270304, 0.397763460875], "max": [-5.14930677414, -4.84052085876, -5.20801401138, -5.81028795242, -5.95916509628, -7.91374015808], "var": [3.75012373924, 3.48105573654, 3.40035128593, 3.22787475586, 2.88071537018, 2.40126824379], "mean": [-7.47665214539, -7.58864545822, -8.03337001801, -8.17469501495, -8.24054145813, -10.546959877]}, "erbbands_flatness_db": {"dmean2": 0.0288998689502, "median": 0.148958951235, "min": 0.0163423214108, "dvar2": 0.000916918041185, "dvar": 0.000489971076604, "dmean": 0.0200876332819, "max": 0.394849836826, "var": 0.00201853783801, "mean": 0.153585270047}, "spectral_energyband_high": {"dmean2": 0.000608657777775, "median": 0.00022954987071, "min": 7.87370364531e-21, "dvar2": 1.51186486619e-06, "dvar": 8.09389916867e-07, "dmean": 0.000452805863461, "max": 0.0257076118141, "var": 3.89629440178e-06, "mean": 0.00103254441638}, "spectral_entropy": {"dmean2": 0.33887219429, "median": 7.46269130707, "min": 3.59072971344, "dvar2": 0.172849088907, "dvar": 0.0977726057172, "dmean": 0.237804189324, "max": 9.80206298828, "var": 0.375436574221, "mean": 7.4106426239}, "silence_rate_20dB": {"dmean2": 0, "median": 1, "min": 1, "dvar2": 0, "dvar": 0, "dmean": 0, "max": 1, "var": 0, "mean": 1}, "melbands_flatness_db": {"dmean2": 0.051675003022, "median": 0.21703004837, "min": 0.00486117834225, "dvar2": 0.00315406383015, "dvar": 0.00177722505759, "dmean": 0.0360576026142, "max": 0.753744661808, "var": 0.00989015866071, "mean": 0.23545846343}, "barkbands": {"dmean2": [0.000190819235286, 0.00355599215254, 0.00449055014178, 0.00507730571553, 0.00319653563201, 0.00101977586746, 0.000545501417946, 0.00062705174787, 0.000781501061283, 0.000503847841173, 0.000436955800978, 0.000579617393669, 0.000707690720446, 0.000717538408935, 0.000682206300553, 0.000366524152923, 0.000374223745894, 0.000111658860988, 0.000105729188363, 0.000240730470978, 0.000311435054755, 0.000138215895277, 7.49581304262e-05, 5.50785189262e-05, 8.21891153464e-05, 1.73401695065e-05, 2.27188206736e-06], "median": [0.000127494102344, 0.00169958139304, 0.00266129919328, 0.0024305107072, 0.00155467505101, 0.000344558240613, 0.000115363422083, 0.000170638290001, 0.000178466318175, 0.000150161853526, 9.45638603298e-05, 0.00013126299018, 0.00015809116303, 0.000115468399599, 0.000142218690598, 8.98731013876e-05, 9.57376832957e-05, 3.16192235914e-05, 4.28451749031e-05, 7.13779736543e-05, 6.1260026996e-05, 3.22854466503e-05, 2.10046619031e-05, 1.53777382366e-05, 1.00415327324e-05, 2.46719469033e-06, 1.09525700509e-07], "min": [8.81899349709e-23, 1.44822697963e-23, 1.71982863386e-23, 2.99571001609e-23, 6.27901978555e-23, 5.24962256855e-23, 2.96624921672e-23, 4.1485948881e-23, 1.01282078813e-22, 1.13892481078e-22, 4.47406438255e-23, 5.55592842281e-23, 6.49453532268e-23, 4.1251833897e-23, 1.19377008123e-22, 1.64513735853e-22, 1.8642032746e-22, 2.12915502072e-22, 2.23776539016e-22, 3.5508429209e-22, 4.14774885055e-22, 6.59757721765e-22, 5.0650822544e-22, 7.98021334757e-22, 1.38550430196e-21, 1.60247129267e-21, 2.4124425701e-21], "dvar2": [1.13791983836e-07, 3.84303639294e-05, 4.10724205722e-05, 0.00011206560157, 4.42026903329e-05, 3.75364038518e-06, 2.07811262953e-06, 2.86645695269e-06, 4.29774627264e-06, 1.92674610844e-06, 1.77382730726e-06, 2.27162672672e-06, 3.25593691741e-06, 3.45521516465e-06, 2.75012371276e-06, 9.89100158222e-07, 1.19105811791e-06, 1.11871315767e-07, 3.88133187812e-08, 4.7930763003e-07, 8.5376007064e-07, 1.06386359278e-07, 3.09838448231e-08, 1.37352733631e-08, 8.02722013304e-08, 1.69568370456e-09, 4.20784865285e-11], "dvar": [6.47422879752e-08, 1.54289300554e-05, 1.57983267854e-05, 4.14572095906e-05, 1.6747344489e-05, 1.56920521022e-06, 9.38830226005e-07, 1.42040926221e-06, 1.8597752387e-06, 8.37323284486e-07, 8.41406233576e-07, 1.02601006802e-06, 1.56432065523e-06, 1.61407888299e-06, 1.37758934216e-06, 4.54376220205e-07, 5.37893527053e-07, 5.05975989995e-08, 1.89341360368e-08, 2.0220869601e-07, 4.04908206519e-07, 4.66878979921e-08, 1.43806602182e-08, 6.55975407327e-09, 3.54763791677e-08, 7.965971216e-10, 1.78191177092e-11], "dmean": [0.000125135469716, 0.0021316211205, 0.00276031321846, 0.00305561791174, 0.0019458202878, 0.000638020865154, 0.000348445290001, 0.000410410953918, 0.000496366585139, 0.000335567630827, 0.000287615868729, 0.000373656162992, 0.000482556642964, 0.00047226989409, 0.000467485631816, 0.000244115144596, 0.00024947829661, 7.56981025916e-05, 7.38768649171e-05, 0.00016037975729, 0.000216317275772, 9.42236219998e-05, 5.27262163814e-05, 3.84221311833e-05, 5.67046590731e-05, 1.19836986414e-05, 1.41180987612e-06], "max": [0.0139548955485, 0.0828464403749, 0.065564930439, 0.0844460427761, 0.0529792644083, 0.0170299895108, 0.0278862304986, 0.0413035824895, 0.0339847654104, 0.0207451190799, 0.0270014181733, 0.0430578961968, 0.0322677791119, 0.0290981307626, 0.0213547796011, 0.0150719964877, 0.0161604881287, 0.0106120882556, 0.0022990454454, 0.0165493153036, 0.0215411372483, 0.0053383866325, 0.00228867284022, 0.00131065153982, 0.00337770441547, 0.000441946758656, 7.80915361247e-05], "var": [1.73628606603e-07, 2.55846080108e-05, 2.8828273571e-05, 4.25630678365e-05, 1.72092677531e-05, 2.88870410259e-06, 2.23484744311e-06, 3.3108444768e-06, 3.14612634611e-06, 2.17870569941e-06, 1.64763093835e-06, 2.50953530667e-06, 3.86869896829e-06, 4.16698867411e-06, 4.0905329115e-06, 1.16449029974e-06, 1.31425179006e-06, 1.06305542147e-07, 4.26056665503e-08, 7.46317482481e-07, 1.17701267754e-06, 1.18525129267e-07, 2.90328490138e-08, 1.10040403456e-08, 4.55556801171e-08, 1.12619336079e-09, 1.68493986125e-11], "mean": [0.000211778577068, 0.00339562864974, 0.00441913632676, 0.00442755036056, 0.00282272952609, 0.00105130509473, 0.000554075057153, 0.000686489685904, 0.000746943405829, 0.000641895108856, 0.000448615668574, 0.00055964285275, 0.000753281521611, 0.000768998812418, 0.000848195108119, 0.000418970797909, 0.000447662983788, 0.000127427760162, 0.0001275819086, 0.000321042578435, 0.000420230149757, 0.000173038875801, 9.05219712877e-05, 5.67201641388e-05, 6.91150999046e-05, 1.43007582665e-05, 1.21538982967e-06]}, "erbbands_skewness": {"dmean2": 0.666246056557, "median": 0.0891441702843, "min": -4.58740186691, "dvar2": 1.21518981457, "dvar": 0.618084073067, "dmean": 0.450192809105, "max": 16.6616420746, "var": 1.77821838856, "mean": 0.249256193638}, "erbbands_spread": {"dmean2": 15.9740076065, "median": 40.1676292419, "min": 1.08950531483, "dvar2": 360.46572876, "dvar": 148.519622803, "dmean": 10.3549146652, "max": 185.543807983, "var": 465.008178711, "mean": 43.1442718506}, "melbands_kurtosis": {"dmean2": 32.6757659912, "median": 11.016500473, "min": -1.88681972027, "dvar2": 22236.9960938, "dv