{"tonal": {"thpcp": [1, 0.68280506134, 0.424758821726, 0.414302259684, 0.204913586378, 0.142458423972, 0.196211412549, 0.189089089632, 0.42045712471, 0.607753515244, 0.337932646275, 0.162459462881, 0.185650676489, 0.154524132609, 0.412244141102, 0.633439004421, 0.353299796581, 0.13901284337, 0.156882360578, 0.149071186781, 0.39237678051, 0.597818374634, 0.357240051031, 0.366799354553, 0.543045818806, 0.311276674271, 0.130115702748, 0.138614848256, 0.123793289065, 0.335458695889, 0.54879450798, 0.337122291327, 0.16090708971, 0.187572106719, 0.184470131993, 0.58351624012], "hpcp": {"dmean2": [0.172340884805, 0.140708997846, 0.148364067078, 0.182444855571, 0.137986570597, 0.0826955959201, 0.0768286511302, 0.0749841108918, 0.121478177607, 0.170385956764, 0.134322687984, 0.0919178500772, 0.0965334549546, 0.109658479691, 0.179360404611, 0.212292194366, 0.219428420067, 0.153712257743, 0.15138424933, 0.100925564766, 0.0760462731123, 0.0904524847865, 0.0984675884247, 0.142587035894, 0.170819953084, 0.118692524731, 0.075107306242, 0.0799510329962, 0.0864717364311, 0.139186695218, 0.177092835307, 0.137767836452, 0.072346970439, 0.0709819197655, 0.0844279453158, 0.127733290195], "median": [0.0410090386868, 0.0325401127338, 0.0282998718321, 0.0372367203236, 0.0221699886024, 0.00626693991944, 0.00498859584332, 0.00594686437398, 0.0239614583552, 0.0408908724785, 0.0294831693172, 0.00857811793685, 0.00548224523664, 0.0074005741626, 0.0602047517896, 0.113530315459, 0.0871133953333, 0.0211434327066, 0.0102692423388, 0.00573031324893, 0.00500330235809, 0.00595648214221, 0.00830515101552, 0.0288424640894, 0.0436094254255, 0.0245708748698, 0.007481391076, 0.00572058558464, 0.00754414405674, 0.0281011201441, 0.0448547787964, 0.0266623012722, 0.00511531438679, 0.00304060056806, 0.00462816096842, 0.0257542096078], "min": [0, 0, 0, 0, 0, 0, 0, 0, 0, 0, 0, 0, 0, 0, 0, 0, 0, 0, 0, 0, 0, 0, 0, 0, 0, 0, 0, 0, 0, 0, 0, 0, 0, 0, 0, 0], "dvar2": [0.0839840620756, 0.0646347776055, 0.0681706741452, 0.0948889255524, 0.0676080435514, 0.0463616661727, 0.0432638376951, 0.0370521992445, 0.0513062551618, 0.0799052789807, 0.059074677527, 0.0485633313656, 0.0548477061093, 0.0604868866503, 0.0763803347945, 0.101024016738, 0.101440764964, 0.0817610323429, 0.090131342411, 0.0563218034804, 0.0431849397719, 0.0554829128087, 0.0543266609311, 0.0645304694772, 0.0848345085979, 0.0493455715477, 0.0351093299687, 0.0457297042012, 0.0446333512664, 0.0609772764146, 0.0863468870521, 0.0645979717374, 0.0346856229007, 0.039563473314, 0.0472792163491, 0.0558622702956], "dvar": [0.0370094329119, 0.0242434535176, 0.0271956566721, 0.042512357235, 0.0259304586798, 0.0165261663496, 0.0168899334967, 0.0136552620679, 0.0207878500223, 0.0361028686166, 0.0236324705184, 0.0178687460721, 0.0218218937516, 0.0225678905845, 0.0321135558188, 0.0472738221288, 0.0396330282092, 0.031895045191, 0.0375355966389, 0.0205843523145, 0.0157848522067, 0.0215310752392, 0.0201740860939, 0.0265697240829, 0.0377703607082, 0.0197758413851, 0.0135276531801, 0.0187037438154, 0.015935562551, 0.0247466042638, 0.0404193922877, 0.0248452369124, 0.013026532717, 0.0161040183157, 0.0168785043061, 0.0228058006614], "dmean": [0.104782551527, 0.0837375745177, 0.0880990102887, 0.109939962626, 0.0814561024308, 0.0464487187564, 0.0439931973815, 0.0426933839917, 0.0727994516492, 0.103096008301, 0.0804116874933, 0.0519533269107, 0.0550478734076, 0.0635847002268, 0.107541076839, 0.128736078739, 0.131819903851, 0.0884530171752, 0.0888570696115, 0.0579193495214, 0.0431436039507, 0.0522796101868, 0.0568546019495, 0.085935883224, 0.103803470731, 0.0721970424056, 0.043718315661, 0.0459743700922, 0.0487066805363, 0.0834526121616, 0.10587374121, 0.0819551795721, 0.041409317404, 0.0404771491885, 0.0476524271071, 0.0766897648573], "max": [1, 1, 1, 1, 1, 1, 1, 1, 1, 1, 1, 1, 1, 1, 1, 1, 1, 1, 1, 1, 1, 1, 1, 1, 1, 1, 1, 1, 1, 1, 1, 1, 1, 1, 1, 1], "var": [0.0962425395846, 0.0357495844364, 0.0440470091999, 0.0886030346155, 0.0351985655725, 0.0140968849882, 0.0195324569941, 0.012697420083, 0.0389237329364, 0.0859552398324, 0.0356712266803, 0.0177609995008, 0.0291367881, 0.0223751720041, 0.0681745260954, 0.155203744769, 0.0765070766211, 0.0684246271849, 0.0759416893125, 0.0249962769449, 0.0176018923521, 0.0319346524775, 0.0235192477703, 0.0554203055799, 0.099699921906, 0.0376518070698, 0.0190523955971, 0.0311325639486, 0.0167313404381, 0.0540468394756, 0.106664150953, 0.0388363301754, 0.0170221924782, 0.0287019144744, 0.0186775159091, 0.04945121333], "mean": [0.201947167516, 0.120678149164, 0.123907350004, 0.183444619179, 0.10515139997, 0.0439539812505, 0.0468250513077, 0.0418182238936, 0.113320253789, 0.185386553407, 0.113882228732, 0.0543555244803, 0.0633631497622, 0.0623152814806, 0.197115808725, 0.337806880474, 0.230656251311, 0.143486455083, 0.139954149723, 0.0692212209105, 0.048123434186, 0.0662815645337, 0.063875593245, 0.142033308744, 0.205303326249, 0.114155977964, 0.0548799224198, 0.0627140775323, 0.0521993152797, 0.139258906245, 0.213980048895, 0.11934710294, 0.0469594933093, 0.052995942533, 0.0503572747111, 0.132547572255]}, "tuning_equal_tempered_deviation": 0, "chords_changes_rate": 0.0658896267414, "key_key": "G", "tuning_diatonic_strength": 0.456294804811, "key_scale": "minor", "chords_number_rate": 0.00103076430969, "tuning_frequency": 440.763122559, "tuning_nontempered_energy_ratio": 0.629563450813, "chords_histogram": [24.4846172333, 14.5258483887, 24.0088806152, 10.1014909744, 1.79194414616, 1.54614651203, 0.515382170677, 2.61655569077, 0.808753550053, 2.87028217316, 0.0872185230255, 0.840469419956, 0.0237868689001, 0.0237868689001, 0.174437046051, 0.1268633008, 1.28449094296, 0.285442441702, 0.745321929455, 0.562955915928, 1.05455124378, 1.31620681286, 7.40564537048, 2.79892158508], "key_strength": 0.712538778782, "chords_key": "G", "chords_strength": {"dmean2": 0.00831328332424, "median": 0.451761543751, "min": -1, "dvar2": 0.000343047140632, "dvar": 0.000212986953557, "dmean": 0.00991475023329, "max": 0.715023934841, "var": 0.017800072208, "mean": 0.447694212198}, "chords_scale": "minor", "hpcp_entropy": {"dmean2": 0.807504832745, "median": 1.63064205647, "min": 0, "dvar2": 0.558321356773, "dvar": 0.219804286957, "dmean": 0.482431471348, "max": 4.39456033707, "var": 0.494556844234, "mean": 1.58953547478}}, "metadata": {"audio_properties": {"equal_loudness": 0, "codec": "alac", "downmix": "mix", "sample_rate": 44100, "analysis_sample_rate": 44100, "bit_rate": 767077, "md5_encoded": "ddce0d1cabf57fedbc3310fd6eee3160", "length": 585.626647949, "replay_gain": -6.61874580383, "lossless": true}, "version": {"essentia_build_sha": "c0e182ba78c2de26e491b7b7a4a2c98c1ed34208", "essentia": "2.1-beta2", "extractor": "music 1.0", "essentia_git_sha": "v2.1_beta2-2-gbb40004"}, "tags": {"title": ["Broken Resolutions"], "barcode": ["017231452522"], "media": ["CD"], "language": ["English"], "musicbrainz_recordingid": ["1d865e53-f01f-451f-bd32-dba29f00489e"], "musicbrainz_albumartistid": ["725c1bf2-6867-4800-a703-0717d80a0c3d"], "discnumber": ["1/1"], "bpm": ["0"], "catalognumber": ["SBV-4525"], "file_name": "07 Broken Resolutions.m4a", "compilation": ["0"], "date": ["1997"], "genre": ["Jazz"], "album": ["Seein' The Light...Hearin' The Hub-Tones"], "script": ["Latin"], "musicbrainz_albumid": ["cf4101da-def7-4464-9f9f-84f30ca2f496"], "tracknumber": ["7/9"], "encodedby": ["iTunes 12.3.2.35"], "artistsort": ["Texas Tech University Jazz Ensemble"], "artist": ["Texas Tech University Jazz Ensemble"], "label": ["Sea Breeze Records"], "albumartistsort": ["Texas Tech University Jazz Ensemble"], "musicbrainz_artistid": ["725c1bf2-6867-4800-a703-0717d80a0c3d"], "musicbrainz_releasegroupid": ["b5477887-665e-4263-be3d-825d3b75972a"]}}, "rhythm": {"bpm_histogram_first_peak_bpm": {"dmean2": 0, "median": 144, "min": 144, "dvar2": 0, "dvar": 0, "dmean": 0, "max": 144, "var": 0, "mean": 144}, "bpm": 143.139190674, "bpm_histogram_second_peak_spread": {"dmean2": 0, "median": 0.464788734913, "min": 0.464788734913, "dvar2": 0, "dvar": 0, "dmean": 0, "max": 0.464788734913, "var": 0, "mean": 0.464788734913}, "bpm_histogram_first_peak_weight": {"dmean2": 0, "median": 0.347262233496, "min": 0.347262233496, "dvar2": 0, "dvar": 0, "dmean": 0, "max": 0.347262233496, "var": 0, "mean": 0.347262233496}, "onset_rate": 3.50213909149, "beats_position": [0.452789098024, 0.917188167572, 1.38158726692, 1.84598636627, 2.31038546562, 2.77478456497, 3.22757363319, 3.69197273254, 4.15637159348, 4.62077093124, 5.08516979218, 5.54956912994, 6.00235795975, 6.45514726639, 6.91954612732, 7.38394546509, 7.83673477173, 8.28952407837, 8.75392246246, 9.21832180023, 9.67111110687, 10.1355104446, 10.5882987976, 11.0526981354, 11.5170974731, 11.9814968109, 12.445895195, 12.9102945328, 13.3746938705, 13.8390922546, 14.3034915924, 14.756280899, 15.2206802368, 15.6850786209, 16.1378688812, 16.5906581879, 17.0550556183, 17.5078449249, 17.9606342316, 18.4134235382, 18.8662128448, 19.3073921204, 19.760181427, 20.2013607025, 20.6541500092, 21.1069393158, 21.548116684, 22.0009059906, 22.4536952972, 22.9064846039, 23.3592739105, 23.8120632172, 24.2648525238, 24.7176418304, 25.1704311371, 25.6232185364, 26.076007843, 26.5171871185, 26.958366394, 27.4111557007, 27.8639450073, 28.3051242828, 28.7579135895, 29.199092865, 29.6518821716, 30.1046714783, 30.5458488464, 30.9986381531, 31.4514274597, 31.9042167664, 32.3453979492, 32.7981834412, 33.2509727478, 33.7037620544, 34.1565513611, 34.5977325439, 35.0389099121, 35.480091095, 35.9212684631, 36.362449646, 36.8036270142, 37.2564163208, 37.7092056274, 38.1503829956, 38.6031723022, 39.0443534851, 39.4739227295, 39.9151000977, 40.3562812805, 40.7974586487, 41.2386398315, 41.6798171997, 42.1326065063, 42.585395813, 43.0381851196, 43.4909744263, 43.9437637329, 44.3965530396, 44.8377304077, 45.2789115906, 45.7200889587, 46.1612701416, 46.6140594482, 47.0668487549, 47.508026123, 47.9492073059, 48.3903846741, 48.8315620422, 49.2843513489, 49.7371406555, 50.1783218384, 50.6427192688, 51.1071205139, 51.5715179443, 52.024307251, 52.4887046814, 52.941493988, 53.3942832947, 53.8470726013, 54.3114738464, 54.7642631531, 55.2054405212, 55.6466217041, 56.0877990723, 56.5289802551, 56.9585494995, 57.3997268677, 57.8409042358, 58.2820854187, 58.7232627869, 59.1644439697, 59.5940132141, 60.0235824585, 60.4647598267, 60.9059410095, 61.3471183777, 61.7882995605, 62.2294769287, 62.6706581116, 63.0886154175, 63.5181846619, 63.9709739685, 64.4121551514, 64.8533325195, 65.3061218262, 65.7589111328, 66.200088501, 66.6412658691, 67.0940551758, 67.5468444824, 67.9996337891, 68.4524230957, 68.9052124023, 69.358001709, 69.8107910156, 70.2635803223, 70.7163696289, 71.1575469971, 71.6103363037, 72.0631256104, 72.515914917, 72.9570999146, 73.3982772827, 73.8394546509, 74.280632019, 74.7218093872, 75.1629943848, 75.5925598145, 76.0221328735, 76.4633102417, 76.9044876099, 77.3340606689, 77.7636260986, 78.1931991577, 78.6227645874, 79.0639419556, 79.4935150146, 79.9230804443, 80.3526535034, 80.7938308716, 81.2350082397, 81.7342376709, 82.2334671021, 82.7210845947, 83.2087097168, 83.6731033325, 84.1258926392, 84.5670700073, 85.019859314, 85.4726486206, 85.9138336182, 86.3666229248, 86.807800293, 87.2373657227, 87.6785507202, 88.1197280884, 88.5492935181, 88.9904708862, 89.4432601929, 89.8844451904, 90.3256225586, 90.7667999268, 91.2079772949, 91.637550354, 92.0671157837, 92.4966888428, 92.9262542725, 93.36743927, 93.8202285767, 94.2730178833, 94.7257995605, 95.1785888672, 95.6313781738, 96.0841674805, 96.5485687256, 96.8852615356, 97.2335586548, 97.5702438354, 97.9069366455, 98.2436294556, 98.5803146362, 98.9053955078, 99.2304763794, 99.5671615601, 99.9038543701, 100.240539551, 100.565620422, 100.879089355, 101.192558289, 101.51763916, 101.842720032, 102.191017151, 102.643806458, 103.096595764, 103.549385071, 104.025398254, 104.501403809, 104.989021301, 105.476638794, 105.952651978, 106.417053223, 106.881446838, 107.334236145, 107.787025452, 108.239814758, 108.680992126, 109.122177124, 109.563354492, 110.016143799, 110.457321167, 110.898498535, 111.316459656, 111.734420776, 112.163986206, 112.593559265, 113.023124695, 113.452697754, 113.893875122, 114.346664429, 114.776237488, 115.205802917, 115.635368347, 116.053329468, 116.471290588, 116.889251709, 117.3072052, 117.725166321, 118.131515503, 118.549476624, 118.979042053, 119.397003174, 119.814964294, 120.232925415, 120.650878906, 121.068840027, 121.498413086, 121.916366577, 122.345939636, 122.763900757, 123.181854248, 123.599815369, 124.029388428, 124.458953857, 124.900131226, 125.329704285, 125.747665405, 126.177230835, 126.606803894, 127.036369324, 127.454330444, 127.860679626, 128.278640747, 128.696594238, 129.114562988, 129.532516479, 129.950469971, 130.3800354, 130.809616089, 131.250793457, 131.680358887, 132.098312378, 132.516281128, 132.934234619, 133.363800049, 133.781768799, 134.211334229, 134.640899658, 135.058868408, 135.500045776, 135.929611206, 136.370788574, 136.800354004, 137.229934692, 137.659500122, 138.10067749, 138.53024292, 138.959823608, 139.389389038, 139.807342529, 140.225296021, 140.643264771, 141.0728302, 141.50239563, 141.931976318, 142.34992981, 142.767883301, 143.197463989, 143.61541748, 144.04498291, 144.47454834, 144.915740967, 145.345306396, 145.774871826, 146.192825317, 146.622406006, 147.040359497, 147.469924927, 147.887893677, 148.317459106, 148.747024536, 149.164993286, 149.594558716, 150.024124146, 150.442077637, 150.871658325, 151.301223755, 151.719177246, 152.137145996, 152.566711426, 152.996276855, 153.414230347, 153.832199097, 154.261764526, 154.691329956, 155.109298706, 155.538864136, 155.956817627, 156.386398315, 156.804351807, 157.233917236, 157.663482666, 158.093063354, 158.522628784, 158.952194214, 159.370162964, 159.799728394, 160.217681885, 160.647247314, 161.076828003, 161.506393433, 161.924346924, 162.353912354, 162.771881104, 163.189834595, 163.607803345, 164.025756836, 164.443710327, 164.861679077, 165.279632568, 165.709197998, 166.138778687, 166.556732178, 166.974685669, 167.392654419, 167.81060791, 168.228561401, 168.646530151, 169.064483643, 169.494049072, 169.923629761, 170.341583252, 170.759536743, 171.177505493, 171.595458984, 172.025024414, 172.454605103, 172.884170532, 173.302124023, 173.731704712, 174.161270142, 174.590835571, 175.020401001, 175.438369751, 175.856323242, 176.274276733, 176.692245483, 177.110198975, 177.539764404, 177.969345093, 178.387298584, 178.805252075, 179.211608887, 179.629562378, 180.047531128, 180.465484619, 180.88343811, 181.30140686, 181.719360352, 182.137313843, 182.555282593, 182.973236084, 183.391204834, 183.809158325, 184.227111816, 184.645080566, 185.063034058, 185.469390869, 185.875732422, 186.293685913, 186.711654663, 187.117996216, 187.535964966, 187.942306519, 188.360275269, 188.77822876, 189.196182251, 189.614151001, 190.032104492, 190.450057983, 190.868026733, 191.285980225, 191.703948975, 192.121902466, 192.539855957, 192.946212769, 193.352554321, 193.770523071, 194.188476562, 194.606430054, 195.036010742, 195.465576172, 195.883529663, 196.301498413, 196.719451904, 197.137405396, 197.555374146, 197.973327637, 198.391296387, 198.832473755, 199.262039185, 199.691604614, 200.121170044, 200.550750732, 200.980316162, 201.409881592, 201.839447021, 202.26902771, 202.69859314, 203.128158569, 203.546112061, 203.964080811, 204.382034302, 204.800003052, 205.229568481, 205.659133911, 206.088699341, 206.518280029, 206.936233521, 207.354187012, 207.772155762, 208.201721191, 208.631286621, 209.060852051, 209.490432739, 209.919998169, 210.349563599, 210.76751709, 211.18548584, 211.603439331, 212.021408081, 212.439361572, 212.857315063, 213.275283813, 213.704849243, 214.134414673, 214.552383423, 214.981948853, 215.399902344, 215.829467773, 216.247436523, 216.665390015, 217.083358765, 217.501312256, 217.930877686, 218.360443115, 218.778411865, 219.207977295, 219.625930786, 220.043899536, 220.473464966, 220.891418457, 221.309387207, 221.727340698, 222.145309448, 222.563262939, 222.981216431, 223.399185181, 223.817138672, 224.223495483, 224.629837036, 225.047790527, 225.465759277, 225.883712769, 226.30166626, 226.71963501, 227.137588501, 227.555557251, 227.961898804, 228.368255615, 228.774597168, 229.192550659, 229.610519409, 230.0284729, 230.45803833, 230.87600708, 231.293960571, 231.711929321, 232.129882812, 232.559448242, 232.989013672, 233.406982422, 233.824935913, 234.254501343, 234.684082031, 235.102035522, 235.531600952, 235.949569702, 236.367523193, 236.785476685, 237.203445435, 237.633010864, 238.062576294, 238.492156982, 238.921722412, 239.351287842, 239.769241333, 240.187210083, 240.605163574, 241.023132324, 241.441085815, 241.870651245, 242.300216675, 242.729797363, 243.159362793, 243.577316284, 244.006881714, 244.436462402, 244.854415894, 245.272369385, 245.690338135, 246.119903564, 246.549468994, 246.967437744, 247.385391235, 247.814956665, 248.232925415, 248.650878906, 249.068832397, 249.486801147, 249.904754639, 250.322723389, 250.74067688, 251.158630371, 251.576599121, 252.006164551, 252.424118042, 252.842086792, 253.260040283, 253.677993774, 254.095962524, 254.525527954, 254.943481445, 255.361450195, 255.791015625, 256.208984375, 256.626922607, 257.056488037, 257.486083984, 257.915649414, 258.345214844, 258.763183594, 259.192749023, 259.622314453, 260.051879883, 260.481445312, 260.911010742, 261.340576172, 261.758544922, 262.176513672, 262.606079102, 263.035644531, 263.453613281, 263.871551514, 264.289520264, 264.695861816, 265.102203369, 265.520172119, 265.949737549, 266.379302979, 266.797271729, 267.215240479, 267.621582031, 268.039550781, 268.457489014, 268.887084961, 269.305023193, 269.722991943, 270.140960693, 270.558898926, 270.976867676, 271.394836426, 271.812774658, 272.230743408, 272.648712158, 273.066650391, 273.484619141, 273.902587891, 274.33215332, 274.738494873, 275.156463623, 275.574401855, 275.992370605, 276.410339355, 276.828308105, 277.246246338, 277.664215088, 278.082183838, 278.50012207, 278.91809082, 279.324432373, 279.730773926, 280.148742676, 280.566711426, 280.996276855, 281.414245605, 281.832183838, 282.261749268, 282.679718018, 283.109283447, 283.538848877, 283.956817627, 284.374786377, 284.792724609, 285.210693359, 285.628662109, 286.046630859, 286.464569092, 286.882537842, 287.300506592, 287.718444824, 288.136413574, 288.554382324, 288.972320557, 289.401885986, 289.831481934, 290.249420166, 290.667388916, 291.073730469, 291.491699219, 291.898040771, 292.316009521, 292.733947754, 293.151916504, 293.569885254, 293.987854004, 294.394195557, 294.800537109, 295.206878662, 295.613250732, 296.031188965, 296.449157715, 296.867126465, 297.285064697, 297.703033447, 298.121002197, 298.53894043, 298.95690918, 299.37487793, 299.792816162, 300.210784912, 300.628753662, 301.046691895, 301.464660645, 301.871002197, 302.277374268, 302.6953125, 303.11328125, 303.519622803, 303.925994873, 304.332336426, 304.738677979, 305.156646729, 305.574584961, 305.980957031, 306.387298584, 306.805267334, 307.223205566, 307.629577637, 308.035919189, 308.453857422, 308.871826172, 309.301391602, 309.730957031, 310.148925781, 310.578491211, 311.008056641, 311.43762207, 311.867218018, 312.296783447, 312.703125, 313.12109375, 313.539031982, 313.957000732, 314.386566162, 314.816131592, 315.245697021, 315.686889648, 316.128051758, 316.557647705, 316.998809814, 317.463226318, 317.939208984, 318.403625488, 318.844787598, 319.285980225, 319.738769531, 320.191558838, 320.644348145, 321.085540771, 321.515106201, 321.956268311, 322.397460938, 322.838623047, 323.268188477, 323.697784424, 324.104125977, 324.522094727, 324.940032959, 325.369598389, 325.799163818, 326.228759766, 326.646697998, 327.076263428, 327.494232178, 327.912200928, 328.33013916, 328.759735107, 329.189300537, 329.618865967, 330.048431396, 330.489593506, 330.930786133, 331.360351562, 331.778320312, 332.196289062, 332.625854492, 333.055419922, 333.484985352, 333.914550781, 334.344116211, 334.762084961, 335.180053711, 335.609619141, 336.03918457, 336.457122803, 336.88671875, 337.304656982, 337.722625732, 338.152191162, 338.581756592, 339.011322021, 339.429290771, 339.858856201, 340.288421631, 340.706390381, 341.124359131, 341.553924561, 341.98348999, 342.40145874, 342.819396973, 343.237365723, 343.655334473, 344.073272705, 344.502838135, 344.920806885, 345.350372314, 345.768341064, 346.197906494, 346.627471924, 347.045440674, 347.463409424, 347.881347656, 348.299316406, 348.717285156, 349.135223389, 349.564788818, 349.994384766, 350.423950195, 350.853515625, 351.271453857, 351.701049805, 352.130615234, 352.560180664, 352.989746094, 353.407714844, 353.825653076, 354.255218506, 354.684814453, 355.102752686, 355.520721436, 355.938690186, 356.356628418, 356.774597168, 357.192565918, 357.622131348, 358.051696777, 358.469665527, 358.88760376, 359.30557251, 359.72354126, 360.141479492, 360.571044922, 361.000640869, 361.418579102, 361.836547852, 362.277740479, 362.707305908, 363.136871338, 363.55480957, 363.984405518, 364.39074707, 364.797088623, 365.215057373, 365.632995605, 366.050964355, 366.468933105, 366.886901855, 367.304840088, 367.722808838, 368.140777588, 368.547119141, 368.965057373, 369.371429443, 369.777770996, 370.207336426, 370.636901855, 371.054870605, 371.472839355, 371.890777588, 372.308746338, 372.726715088, 373.14465332, 373.551025391, 373.957366943, 374.375335693, 374.781677246, 375.188018799, 375.605987549, 376.012329102, 376.407073975, 376.813415527, 377.231384277, 377.64932251, 378.05569458, 378.450408936, 378.856781006, 379.263122559, 379.669464111, 380.075805664, 380.482177734, 380.900115967, 381.306488037, 381.72442627, 382.13079834, 382.548736572, 382.943481445, 383.349822998, 383.756195068, 384.174133301, 384.592102051, 385.010070801, 385.428009033, 385.857574463, 386.263946533, 386.681884766, 387.099853516, 387.517822266, 387.924163818, 388.330505371, 388.748474121, 389.166442871, 389.584381104, 389.990753174, 390.420318604, 390.849884033, 391.267852783, 391.697418213, 392.115356445, 392.533325195, 392.951293945, 393.369232178, 393.787200928, 394.205169678, 394.62310791, 395.04107666, 395.47064209, 395.87701416, 396.294952393, 396.712921143, 397.130889893, 397.548828125, 397.966796875, 398.384765625, 398.814331055, 399.243896484, 399.673461914, 400.103027344, 400.532592773, 400.950561523, 401.356903076, 401.774871826, 402.192840576, 402.610778809, 403.028747559, 403.435089111, 403.841430664, 404.259399414, 404.677368164, 405.095306396, 405.513275146, 405.919616699, 406.32598877, 406.743927002, 407.161895752, 407.579864502, 407.997802734, 408.404174805, 408.833740234, 409.251678467, 409.669647217, 410.087615967, 410.505584717, 410.923522949, 411.353088379, 411.782653809, 412.200622559, 412.618591309, 413.048156738, 413.466125488, 413.895690918, 414.31362915, 414.7315979, 415.14956665, 415.5675354, 415.985473633, 416.403442383, 416.821411133, 417.239349365, 417.657318115, 418.086883545, 418.504852295, 418.934417725, 419.352386475, 419.770324707, 420.188293457, 420.606262207, 421.01260376, 421.43057251, 421.860137939, 422.278076172, 422.684448242, 423.090789795, 423.508758545, 423.926696777, 424.344665527, 424.762634277, 425.18057251, 425.59854126, 426.004882812, 426.411224365, 426.829193115, 427.247161865, 427.665130615, 428.083068848, 428.501037598, 428.919006348, 429.3253479, 429.731689453, 430.149658203, 430.555999756, 430.962341309, 431.380310059, 431.798278809, 432.204620361, 432.610961914, 433.017303467, 433.423675537, 433.818389893, 434.213134766, 434.619506836, 435.014221191, 435.420593262, 435.815307617, 436.233276367, 436.651245117, 437.04598999, 437.452331543, 437.847076416, 438.230194092, 438.624938965, 439.019683838, 439.414428711, 439.797546387, 440.203887939, 440.598632812, 440.993377686, 441.388122559, 441.771240234, 442.15435791, 442.549102783, 442.943847656, 443.361816406, 443.768157959, 444.174499512, 444.569244385, 444.963989258, 445.358734131, 445.753448486, 446.171417236, 446.566162109, 446.960906982, 447.367248535, 447.785217285, 448.191558838, 448.597900391, 449.004241943, 449.422210693, 449.840179443, 450.258117676, 450.676086426, 451.094055176, 451.500396729, 451.906738281, 452.324707031, 452.742675781, 453.149017334, 453.555358887, 453.961700439, 454.36807251, 454.786010742, 455.215606689, 455.645172119, 456.063110352, 456.481079102, 456.899047852, 457.316986084, 457.723358154, 458.129699707, 458.53604126, 458.942382812, 459.360351562, 459.778320312, 460.184661865, 460.602630615, 461.008972168, 461.426940918, 461.833282471, 462.251251221, 462.657592773, 463.075561523, 463.493499756, 463.911468506, 464.317810059, 464.724151611, 465.142120361, 465.536865234, 465.931610107, 466.33795166, 466.744293213, 467.162261963, 467.557006836, 467.951751709, 468.369689941, 468.787658691, 469.205627441, 469.611968994, 470.018310547, 470.436279297, 470.854217529, 471.2605896, 471.666931152, 472.073272705, 472.479614258, 472.874359131, 473.280731201, 473.675445557, 474.081817627, 474.476531982, 474.882904053, 475.289245605, 475.683990479, 476.078735352, 476.473449707, 476.86819458, 477.262939453, 477.657684326, 478.052429199, 478.435546875, 478.818664551, 479.213409424, 479.608154297, 480.01449585, 480.42086792, 480.815582275, 481.210327148, 481.593475342, 481.988189697, 482.371337891, 482.766082764, 483.160797119, 483.555541992, 483.950286865, 484.345031738, 484.739776611, 485.146118164, 485.552459717, 485.95880127, 486.353546143, 486.759887695, 487.166259766, 487.572601318, 487.990570068, 488.408508301, 488.83807373, 489.25604248, 489.662384033, 490.068756104, 490.475097656, 490.869842529, 491.264556885, 491.659301758, 492.065673828, 492.472015381, 492.878356934, 493.273101807, 493.679443359, 494.074188232, 494.480529785, 494.875274658, 495.270019531, 495.676361084, 496.071105957, 496.47744751, 496.872192383, 497.278533936, 497.684875488, 498.079620361, 498.485992432, 498.880706787, 499.287078857, 499.69342041, 500.088165283, 500.482879639, 500.877624512, 501.272369385, 501.667114258, 502.050231934, 502.444976807, 502.83972168, 503.222839355, 503.617584229, 504.012329102, 504.407073975, 504.801818848, 505.196533203, 505.591278076, 505.997619629, 506.403991699, 506.798706055, 507.193450928, 507.588195801, 507.994537354, 508.400909424, 508.795623779, 509.190368652, 509.585113525, 509.979858398, 510.374603271, 510.757720947, 511.15246582, 511.547210693, 511.930328369, 512.325073242, 512.719787598, 513.114562988, 513.509277344, 513.89239502, 514.27557373, 514.670288086, 515.065002441, 515.459777832, 515.854492188, 516.249267578, 516.643981934, 517.038696289, 517.43347168, 517.816589355, 518.222961426, 518.617675781, 519.012390137, 519.407165527, 519.801879883, 520.196655273, 520.602966309, 521.009338379, 521.415710449, 521.822021484, 522.20513916, 522.588317871, 522.971435547, 523.366149902, 523.749267578, 524.144042969, 524.538757324, 524.933532715, 525.32824707, 525.711364746, 526.106140137, 526.512451172, 526.907226562, 527.313537598, 527.731506348, 528.149475098, 528.567443848, 528.985412598, 529.391723633, 529.809692383, 530.216064453, 530.622375488, 531.017150879, 531.411865234, 531.806640625, 532.21295166, 532.61932373, 533.014038086, 533.420410156, 533.815124512, 534.221496582, 534.627807617, 535.034179688, 535.440551758, 535.858520508, 536.497070312, 537.135620117, 537.785766602, 538.401062012, 539.004821777, 539.608520508, 540.212219238, 540.792724609, 541.37322998, 541.976928711, 542.418151855, 542.847717285, 543.288879395, 543.718444824, 544.148010254, 544.577575684, 545.007141113, 545.448364258, 545.889526367, 546.330688477, 546.760253906, 547.189819336, 547.619384766, 548.037353516, 548.443725586, 548.861694336, 549.268005371, 549.674377441, 550.103942871, 550.521911621, 550.951477051, 551.38104248, 551.79901123, 552.21697998, 552.634887695, 553.07611084, 553.517272949, 553.946838379, 554.376403809, 554.794372559, 555.212341309, 555.653503418, 556.094665527, 556.524230957, 556.965454102, 557.313720703, 557.650390625, 557.998718262, 558.347045898, 558.68371582, 559.031982422, 559.368713379, 559.693786621, 560.007263184, 560.320739746, 560.634155273, 560.947631836, 561.272705078, 561.597839355, 562.01574707, 562.43371582, 562.85168457, 563.26965332, 563.69921875, 564.1171875, 564.54675293, 564.96472168, 565.405883789, 565.847045898, 566.299865723, 566.752624512, 567.205444336, 567.658203125, 568.018127441, 568.378051758, 568.737976074, 569.097839355, 569.469360352, 569.840881348, 570.212402344, 570.653564453, 571.083190918, 571.512756348, 571.942321777, 572.383483887, 572.813049316, 573.231018066, 573.660583496, 574.090148926, 574.519714355, 574.949279785, 575.413696289, 575.889709473, 576.342468262, 576.713989258, 577.073913574, 577.433837891, 577.805358887, 578.153625488, 578.490356445, 578.838623047, 579.186950684, 579.535217285, 579.895141602, 580.255065918, 580.614929199, 581.056152344, 581.485717773, 581.926879883, 582.356445312, 582.704772949, 583.076293945, 583.447814941, 583.819335938, 584.179199219, 584.550720215, 584.922241211], "beats_loudness": {"dmean2": 0.0228533763438, "median": 0.0199942942709, "min": 0, "dvar2": 0.000438921735622, "dvar": 0.000161697986186, "dmean": 0.0134598789737, "max": 0.102450340986, "var": 0.000350324815372, "mean": 0.0240252073854}, "danceability": 1.03612017632, "bpm_histogram_second_peak_weight": {"dmean2": 0, "median": 0.082132562995, "min": 0.082132562995, "dvar2": 0, "dvar": 0, "dmean": 0, "max": 0.082132562995, "var": 0, "mean": 0.082132562995}, "beats_count": 1389, "bpm_histogram_second_peak_bpm": {"dmean2": 0, "median": 136, "min": 136, "dvar2": 0, "dvar": 0, "dmean": 0, "max": 136, "var": 0, "mean": 136}, "bpm_histogram_first_peak_spread": {"dmean2": 0, "median": 0.480043172836, "min": 0.480043172836, "dvar2": 0, "dvar": 0, "dmean": 0, "max": 0.480043172836, "var": 0, "mean": 0.480043172836}, "beats_loudness_band_ratio": {"dmean2": [0.442929923534, 0.179594784975, 0.244187816978, 0.17917509377, 0.0922782421112, 0.0481197685003], "median": [0.474913030863, 0.0692568272352, 0.14664709568, 0.0833540931344, 0.0323705300689, 0.0133324488997], "min": [0, 0, 0, 0, 0, 0], "dvar2": [0.128071948886, 0.0360712483525, 0.0543095059693, 0.0326979160309, 0.0168006476015, 0.00643672933802], "dvar": [0.0519271492958, 0.0137563627213, 0.0207979474217, 0.0130079416558, 0.00609000492841, 0.00231231586076], "dmean": [0.257593780756, 0.104110144079, 0.141285911202, 0.103325553238, 0.0531986318529, 0.0274452567101], "max": [1, 0.819585323334, 0.950398564339, 0.744960427284, 0.667798578739, 0.552156984806], "var": [0.102080397308, 0.016792031005, 0.0398195013404, 0.0207293964922, 0.00819659046829, 0.00226973788813], "mean": [0.47264367342, 0.115817397833, 0.206233024597, 0.138754501939, 0.0667004063725, 0.029966685921]}}, "lowlevel": {"barkbands_spread": {"dmean2": 6.01962900162, "median": 13.4042215347, "min": 0.00306498608552, "dvar2": 87.5818405151, "dvar": 39.0940742493, "dmean": 3.93260169029, "max": 115.609962463, "var": 117.156234741, "mean": 15.5366888046}, "melbands_spread": {"dmean2": 7.14437055588, "median": 15.237197876, "min": 9.63510160545e-09, "dvar2": 106.503967285, "dvar": 49.7867469788, "dmean": 4.68862247467, "max": 174.362014771, "var": 286.997161865, "mean": 19.312713623}, "hfc": {"dmean2": 5.15915155411, "median": 4.94399356842, "min": 1.0508155086e-16, "dvar2": 133.647750854, "dvar": 67.6064147949, "dmean": 3.75736713409, "max": 261.980651855, "var": 400.765197754, "mean": 12.8387384415}, "barkbands_kurtosis": {"dmean2": 10.2584133148, "median": 2.00788283348, "min": -1.90645813942, "dvar2": 10339.6240234, "dvar": 3431.16455078, "dmean": 6.63189268112, "max": 5012.26269531, "var": 5700.03320312, "mean": 13.8102302551}, "gfcc": {"mean": [-83.1944351196, 108.660217285, -117.105247498, 19.0623474121, -44.1530952454, 10.0472679138, -27.1328086853, 12.1468734741, -14.4740877151, 5.87502145767, -11.5237159729, 0.469792217016, -9.80308532715], "icov": [[0.000100664306956, -7.56843073759e-05, 0.000173857217305, -8.54547106428e-05, 0.000115824375825, -0.000113164402137, 3.88092448702e-05, -0.000122942496091, 4.55527660961e-05, -8.49928401294e-05, 0.000282220455119, -0.000412927562138, 0.000371143978555], [-7.56843073759e-05, 0.00104228092823, -0.000234414692386, 0.000510893762112, -0.000413121568272, 0.000289017974865, 0.000217682376388, -5.22066829944e-06, -0.00023547517776, 0.000921502709389, -0.00170940440148, 0.0020334396977, -0.00148312887177], [0.000173857217305, -0.000234414692386, 0.00102356332354, -0.000444631761638, -5.05965472257e-05, -0.000127306309878, -0.000138280869578, -7.2405244282e-05, -0.000235110128415, -0.000386431085644, 0.00176258839201, -0.00171454646625, 0.00104864710011], [-8.54547106428e-05, 0.000510893762112, -0.000444631761638, 0.00222877063788, -0.000412124587456, -0.00102104607504, 0.000687868741807, -0.000488525722176, -0.000236076695728, 0.000710028689355, -0.001079624868, 0.00171707372647, -0.00069453404285], [0.000115824375825, -0.000413121568272, -5.05965472257e-05, -0.000412124587456, 0.00318681029603, -0.00147030432709, -0.000990177155472, -0.000134667439852, -0.000198708949029, 0.000389256339986, -0.000768293510191, -4.99435373058e-05, 0.00131901621353], [-0.000113164402137, 0.000289017974865, -0.000127306309878, -0.00102104607504, -0.00147030432709, 0.00733759766445, -0.00281508336775, -0.000407922547311, 0.00252323457971, -0.00352790742181, 0.00141303881537, -0.000361851678463, -0.0014313129941], [3.88092448702e-05, 0.000217682376388, -0.000138280869578, 0.000687868741807, -0.000990177155472, -0.00281508336775, 0.00909554678947, -0.0011890809983, -0.0038160928525, 0.00435233768076, -0.00269813719206, 0.000325068453094, -5.68068098801e-05], [-0.000122942496091, -5.22066829944e-06, -7.2405244282e-05, -0.000488525722176, -0.000134667439852, -0.000407922547311, -0.0011890809983, 0.00729778362438, -0.00260817329399, -0.00217756559141, 0.00243545509875, -0.000132578788907, -0.000783635943662], [4.55527660961e-05, -0.00023547517776, -0.000235110128415, -0.000236076695728, -0.000198708949029, 0.00252323457971, -0.0038160928525, -0.00260817329399, 0.0116798244417, -0.00557617843151, -0.00116666709073, 0.00366750825197, -0.0020727769006], [-8.49928401294e-05, 0.000921502709389, -0.000386431085644, 0.000710028689355, 0.000389256339986, -0.00352790742181, 0.00435233768076, -0.00217756559141, -0.00557617843151, 0.0163434706628, -0.00697463657707, -0.00176527153235, 0.00364071619697], [0.000282220455119, -0.00170940440148, 0.00176258839201, -0.001079624868, -0.000768293510191, 0.00141303881537, -0.00269813719206, 0.00243545509875, -0.00116666709073, -0.00697463657707, 0.0178627707064, -0.00886010937393, 0.00157688860781], [-0.000412927562138, 0.0020334396977, -0.00171454646625, 0.00171707372647, -4.99435373058e-05, -0.000361851678463, 0.000325068453094, -0.000132578788907, 0.00366750825197, -0.00176527153235, -0.00886010937393, 0.0211220383644, -0.00934241805226], [0.000371143978555, -0.00148312887177, 0.00104864710011, -0.00069453404285, 0.00131901621353, -0.0014313129941, -5.68068098801e-05, -0.000783635943662, -0.0020727769006, 0.00364071619697, 0.00157688860781, -0.00934241805226, 0.0154862413183]], "cov": [[16735.3671875, -320.661346436, -2508.5324707, 38.364402771, -684.517822266, 114.353065491, -301.143066406, 165.33013916, -218.920578003, 149.233810425, -34.9605827332, 115.672790527, -175.115737915], [-320.661346436, 1810.29504395, -191.80871582, -336.206726074, 137.935623169, -165.079284668, 64.788734436, -59.0615348816, 79.0449447632, -118.50579834, 114.597831726, -95.9891052246, 118.074707031], [-2508.5324707, -191.80871582, 1837.54223633, 319.831939697, 208.864517212, 124.090270996, 64.9031677246, 76.9046630859, 48.6716079712, 20.5476284027, -117.948379517, 18.1959838867, -45.8547439575], [38.364402771, -336.206726074, 319.831939697, 687.219055176, 136.910293579, 163.646957397, 22.255405426, 89.5129852295, 21.4211864471, 32.8371315002, -32.4459686279, -21.461315155, -30.3755874634], [-684.517822266, 137.935623169, 208.864517212, 136.910293579, 494.40145874, 130.882568359, 120.523681641, 45.9415779114, 55.5459899902, 13.5984649658, 34.7932281494, -20.5819721222, -17.355474472], [114.353065491, -165.079284668, 124.090270996, 163.646957397, 130.882568359, 248.253936768, 67.5177230835, 56.8699760437, 1.20991635323, 48.1256103516, -2.41024422646, 20.0221042633, -3.51914858818], [-301.143066406, 64.788734436, 64.9031677246, 22.255405426, 120.523681641, 67.5177230835, 188.890808105, 49.2244911194, 68.1963272095, -6.05489110947, 25.8771915436, -5.11563205719, 14.014172554], [165.33013916, -59.0615348816, 76.9046630859, 89.5129852295, 45.9415779114, 56.8699760437, 49.2244911194, 202.886764526, 73.9462738037, 46.9277496338, -12.7152585983, -5.81743574142, -2.37122488022], [-218.920578003, 79.0449447632, 48.6716079712, 21.4211864471, 55.5459899902, 1.20991635323, 68.1963272095, 73.9462738037, 163.15447998, 50.7640075684, 30.5726795197, -19.1136436462, 5.11409425735], [149.233810425, -118.50579834, 20.5476284027, 32.8371315002, 13.5984649658, 48.1256103516, -6.05489110947, 46.9277496338, 50.7640075684, 129.400497437, 44.0583534241, 25.295255661, -22.0553894043], [-34.9605827332, 114.597831726, -117.948379517, -32.4459686279, 34.7932281494, -2.41024422646, 25.8771915436, -12.7152585983, 30.5726795197, 44.0583534241, 121.180076599, 38.6660499573, 19.3311386108], [115.672790527, -95.9891052246, 18.1959838867, -21.461315155, -20.5819721222, 20.0221042633, -5.11563205719, -5.81743574142, -19.1136436462, 25.295255661, 38.6660499573, 100.584991455, 37.3685302734], [-175.115737915, 118.074707031, -45.8547439575, -30.3755874634, -17.355474472, -3.51914858818, 14.014172554, -2.37122488022, 5.11409425735, -22.0553894043, 19.3311386108, 37.3685302734, 109.350097656]]}, "spectral_energyband_middle_low": {"dmean2": 0.00393171515316, "median": 0.0029988642782, "min": 1.46882530538e-22, "dvar2": 0.000131330874865, "dvar": 5.18469096278e-05, "dmean": 0.00254285777919, "max": 0.152088955045, "var": 0.000103717866295, "mean": 0.00652734097093}, "melbands_crest": {"dmean2": 3.95242214203, "median": 14.6047477722, "min": 1.47169780731, "dvar2": 18.2056846619, "dvar": 7.93923854828, "dmean": 2.50895261765, "max": 40, "var": 36.0222320557, "mean": 15.2260808945}, "spectral_kurtosis": {"dmean2": 4.78639268875, "median": 6.42562580109, "min": -1.28156483173, "dvar2": 38.4362869263, "dvar": 13.5231342316, "dmean": 2.81321001053, "max": 79.6149139404, "var": 58.8944625854, "mean": 8.82027435303}, "spectral_rms": {"dmean2": 0.000760805502068, "median": 0.00334411347285, "min": 3.11732519138e-12, "dvar2": 1.30745854676e-06, "dvar": 6.4390337684e-07, "dmean": 0.000553201767616, "max": 0.0136515712366, "var": 3.71696069124e-06, "mean": 0.00352243962698}, "zerocrossingrate": {"dmean2": 0.00904648471624, "median": 0.0380859375, "min": 0, "dvar2": 0.00018733003526, "dvar": 0.000130396874738, "dmean": 0.00745093077421, "max": 0.5244140625, "var": 0.00184767402243, "mean": 0.0448714457452}, "silence_rate_60dB": {"dmean2": 0.09706582129, "median": 0, "min": 0, "dvar2": 0.0994039401412, "dvar": 0.0461773052812, "dmean": 0.0485309846699, "max": 1, "var": 0.146713942289, "mean": 0.17857426405}, "erbbands_kurtosis": {"dmean2": 1.63532936573, "median": 0.450483560562, "min": -1.81129777431, "dvar2": 26.7182807922, "dvar": 13.4107666016, "dmean": 1.08735716343, "max": 321.819915771, "var": 35.4901618958, "mean": 1.61572051048}, "erbbands": {"dmean2": [0.0401699021459, 0.582900762558, 1.3062428236, 1.4467471838, 3.00104618073, 2.88416719437, 3.87214779854, 5.72282218933, 11.979470253, 15.3155384064, 26.0213222504, 20.775560379, 16.1821899414, 17.8853340149, 15.697265625, 19.0525569916, 18.6969623566, 13.6479625702, 16.4180145264, 13.0801010132, 13.4435691833, 9.40793228149, 8.01145935059, 6.87442398071, 5.48701620102, 3.10072016716, 2.65384864807, 2.12108612061, 1.75494921207, 1.17438411713, 0.640338718891, 0.375635147095, 0.251175045967,