{"tonal": {"thpcp": [1, 0.610143065453, 0.264996558428, 0.189229518175, 0.19611595571, 0.545150458813, 0.818629920483, 0.535476624966, 0.270539551973, 0.225606054068, 0.250390708447, 0.499972015619, 0.680645465851, 0.536855578423, 0.581330478191, 0.633395731449, 0.369562417269, 0.237520188093, 0.261641681194, 0.284030556679, 0.611272871494, 0.9139752388, 0.631937026978, 0.343408286572, 0.301745533943, 0.291729927063, 0.465229064226, 0.642652571201, 0.474012255669, 0.262409031391, 0.233019381762, 0.237776771188, 0.426191329956, 0.644484579563, 0.58834952116, 0.791793763638], "hpcp": {"dmean2": [0.142218396068, 0.134551525116, 0.113109767437, 0.117166556418, 0.136040210724, 0.178797289729, 0.220653012395, 0.191375032067, 0.173606440425, 0.173729002476, 0.171993494034, 0.175181776285, 0.197403937578, 0.174336776137, 0.133998423815, 0.119680337608, 0.129171848297, 0.156156376004, 0.181392744184, 0.206915020943, 0.22645868361, 0.187794312835, 0.202059492469, 0.149432316422, 0.103580720723, 0.103904694319, 0.166783809662, 0.181462392211, 0.178913936019, 0.139599189162, 0.113447375596, 0.136345043778, 0.175514772534, 0.177387192845, 0.185445666313, 0.160762324929], "median": [0.0174459815025, 0.0114197554067, 0.00687192566693, 0.00736635643989, 0.0130153791979, 0.0657860040665, 0.0961696878076, 0.0536771193147, 0.0119118317962, 0.00836434401572, 0.00841869600117, 0.0208976436406, 0.0291328653693, 0.0212248116732, 0.0112765561789, 0.00687544420362, 0.00622509187087, 0.017154565081, 0.0273706689477, 0.0388247966766, 0.0728217288852, 0.085411682725, 0.0484884493053, 0.00979718193412, 0.00527159171179, 0.00888569746166, 0.0336297303438, 0.0509567782283, 0.0337558984756, 0.00905426032841, 0.00557164987549, 0.00868326425552, 0.0291203502566, 0.0421725958586, 0.0355876423419, 0.0231435131282], "min": [0, 0, 0, 0, 0, 0, 0, 0, 0, 0, 0, 0, 0, 0, 0, 0, 0, 0, 0, 0, 0, 0, 0, 0, 0, 0, 0, 0, 0, 0, 0, 0, 0, 0, 0, 0], "dvar2": [0.0730190426111, 0.0731841027737, 0.0588134229183, 0.0648976862431, 0.0697805732489, 0.0753735899925, 0.103280335665, 0.092708684504, 0.112455666065, 0.123103030026, 0.124762795866, 0.0983933508396, 0.111644029617, 0.0953113287687, 0.0845113620162, 0.0739239305258, 0.0772258788347, 0.0824764072895, 0.0928851515055, 0.100661687553, 0.102376304567, 0.0841718092561, 0.0974587276578, 0.0822671204805, 0.0553204417229, 0.0490127019584, 0.0764645040035, 0.0843559876084, 0.0843738466501, 0.0794595181942, 0.0547755584121, 0.0765913426876, 0.0887296199799, 0.0816798657179, 0.0867715850472, 0.0739702954888], "dvar": [0.0302187129855, 0.0277660451829, 0.0220587775111, 0.0246794372797, 0.0258077979088, 0.0300126001239, 0.0420471578836, 0.0363501533866, 0.0417006276548, 0.0442950092256, 0.0443976446986, 0.0382149070501, 0.0459626354277, 0.0375931300223, 0.0315925143659, 0.0284090023488, 0.030382765457, 0.0332235358655, 0.0380397550762, 0.0383653305471, 0.0393439978361, 0.0347815006971, 0.0351636148989, 0.0301463585347, 0.0209637898952, 0.0176831111312, 0.0292482599616, 0.0359648391604, 0.0315551236272, 0.0297687575221, 0.0218429416418, 0.0280107911676, 0.0345722995698, 0.0350841395557, 0.034049116075, 0.0286584831774], "dmean": [0.0839164406061, 0.0768990069628, 0.0644273608923, 0.0662732794881, 0.0777144283056, 0.106400690973, 0.132270157337, 0.112204924226, 0.0965757146478, 0.0959734767675, 0.0954257771373, 0.100968249142, 0.115464664996, 0.101489774883, 0.0751794725657, 0.0677227005363, 0.0721101984382, 0.0921841561794, 0.106722474098, 0.120560675859, 0.130902439356, 0.11173453182, 0.115788646042, 0.0831595733762, 0.0576843321323, 0.0583792217076, 0.0974640399218, 0.108137406409, 0.105914473534, 0.0787244588137, 0.0643021464348, 0.0767316967249, 0.103451766074, 0.107583396137, 0.10908343643, 0.0951201617718], "max": [1, 1, 1, 1, 1, 1, 1, 1, 1, 1, 1, 1, 1, 1, 1, 1, 1, 1, 1, 1, 1, 1, 1, 1, 1, 1, 1, 1, 1, 1, 1, 1, 1, 1, 1, 1], "var": [0.0902366042137, 0.0398524813354, 0.0238281190395, 0.0266511365771, 0.024061486125, 0.0480021722615, 0.0919090211391, 0.0581641979516, 0.0415112711489, 0.0360133834183, 0.0345671996474, 0.0501236319542, 0.0835038200021, 0.0525813288987, 0.0292396489531, 0.0270961541682, 0.0279956515878, 0.0449196621776, 0.0828819870949, 0.0597016699612, 0.0760094225407, 0.117365002632, 0.0544315055013, 0.0263806562871, 0.0192392226309, 0.0150247281417, 0.0497979559004, 0.0984189584851, 0.0471475124359, 0.0287062935531, 0.0232153404504, 0.0251284949481, 0.051326662302, 0.080585770309, 0.0530606396496, 0.0672819763422], "mean": [0.165645554662, 0.0966479107738, 0.0621162429452, 0.0684244930744, 0.0742796286941, 0.159859985113, 0.239022672176, 0.165264070034, 0.0898080840707, 0.0789124444127, 0.0762931704521, 0.121666632593, 0.168066397309, 0.123963616788, 0.0686251670122, 0.0609391927719, 0.0621833465993, 0.111457489431, 0.168545514345, 0.153865084052, 0.207069784403, 0.2615198493, 0.159564524889, 0.0693018585443, 0.0494872741401, 0.0512882135808, 0.142567664385, 0.214087978005, 0.140037760139, 0.070751465857, 0.0590004622936, 0.0654821395874, 0.13075260818, 0.178002297878, 0.140398383141, 0.152029454708]}, "tuning_equal_tempered_deviation": 0.0265077464283, "chords_changes_rate": 0.0572991631925, "key_key": "E", "tuning_diatonic_strength": 0.664432883263, "key_scale": "major", "chords_number_rate": 0.00287935510278, "tuning_frequency": 440.763122559, "tuning_nontempered_energy_ratio": 0.67928904295, "chords_histogram": [26.0581626892, 2.73538732529, 21.0192909241, 3.91592288017, 2.90814852715, 0.0863806530833, 0.230348408222, 0.460696816444, 3.51281309128, 0.316729038954, 0.0863806530833, 0, 0, 0, 0, 0.892600059509, 0.604664564133, 2.38986468315, 0, 0.691045224667, 0, 5.26921987534, 20.2994537354, 8.52289104462], "key_strength": 0.906379044056, "chords_key": "E", "chords_strength": {"dmean2": 0.00980137567967, "median": 0.528459787369, "min": -1, "dvar2": 0.000639135483652, "dvar": 0.00065418164013, "dmean": 0.0108545422554, "max": 0.822168886662, "var": 0.0115075325593, "mean": 0.53395742178}, "chords_scale": "major", "hpcp_entropy": {"dmean2": 0.922105193138, "median": 1.71261382103, "min": 0, "dvar2": 0.633559763432, "dvar": 0.244052365422, "dmean": 0.548304319382, "max": 4.17950344086, "var": 0.551184654236, "mean": 1.67290949821}}, "metadata": {"audio_properties": {"equal_loudness": 0, "codec": "mp3", "downmix": "mix", "sample_rate": 44100, "analysis_sample_rate": 44100, "bit_rate": 192000, "md5_encoded": "b8399a54eebead8f3e638273f17db067", "length": 161.201629639, "replay_gain": -5.35844993591, "lossless": false}, "version": {"essentia_build_sha": "2d9f1f26377add8aeb1075a9c2973f962c4f09fd", "essentia": "2.1-beta2", "extractor": "music 1.0", "essentia_git_sha": "v2.1_beta2-1-ge3940c0"}, "tags": {"title": ["Yesterday's Winner Is a Loser Today"], "language": ["eng"], "musicbrainz_recordingid": ["1d912c01-43a1-4b29-b4ad-895181d7f5e5"], "album": ["Ernest Tub & Friends: 40 Great Country Duets (disc 2: 20 Great Country Duets)"], "musicbrainz_albumartistid": ["89ad4ac3-39f7-470e-963a-56509c546377"], "discnumber": ["02"], "bpm": ["98.61"], "catalognumber": ["PLATCD 4942"], "musicbrainz album type": ["Compilation"], "musicbrainz album release country": ["United Kingdom"], "file_name": "Ernest Tubb with Gene Watson - Yesterday's Winner Is a Loser Today.mp3", "acoustid_fingerprint": ["AQABz84kJUskDbkzqD7SRzlOeDKeRUmI_wl8Iq-R_Cn6LC2aLMpw0kKfNkLz4w9yJkkiaPmMy5KCdHmO_njzCDG0VAz66NAjD8H1oB-a6LgWPajkVWieIvyh5SHy43_QuEU3hcRN7PgDXsqPD6EMObKxpamHZ1mK0Mrx48fNPLhHwlH44GKOJzwasUclUYuOb0IkMh98SlIgzT_yE5UofFkTPNbRjMwD5g-Hz8GUOqXQI7mQ45I-NOIkB5cUKuhxNEOZXIi-J9B3BtU7NP3wMMmhH_lhLirxKcdxf0L7w75AHn6Gw0d_4XpxU8GPbzn-xGgcGiF9JAqjkBmaZxmD8yGOfkHzPCOe8AanbQNP5NGh7UYYTwF7nD6-XBv6I52PZI-PHT_6w_GFjs0Y_MKdFM11hA-SB2dL9MkHT4eXD_2O_vDToMdz5NORLI9GlCijJA8alSlyQk8Qrjo8-bhCVvDlIj-0H2Eeok6P6_iPhjvyXBqSKOHxRcKjFz2acTN-fMd34QofRPuh45KDUNVENH2QQz3CTWg84c6CL8OlC-cu4y-a8Lgj9MePJL4kIZyYaTAPRv1QyYd7PL-EMLMyzOEO_dCeVAvC_Hjw8ccTHl9QkkSTvXj0IO6Hpio09gjDE7U8HV9TVBSRH7J3hGeKH9EPOVJy5GMYvMV59MO1xrhvOKaH8ImR5MzxG4-I_7iF53h6xFKSFw2PnPCf4T_q9MFRZkeT5LglHT9-1JEepL-gR0ao1Lj8I08TQaMSHkf-BUZ1PGUQXkeyPFSKfgyaJtmK6w3xP5h0ULqDysxx5ch3KA5zNNGToE_C4VWP43ka5LdwNGKyo7IUDVf05MhFHdehhdwR2uFwMUesHbqQn7iPE88yH_0x5UecUceZ5tCzeBXyfrgX4ifBah9-okqPZmuQnEKOv-ijRGB0PHF8fMgNPaYQHn44oiRnvDG4NDvOHE-w83jcY6eE5PmEUFR2WO9ktN4SHI_U402eCPWpoDlyHcmoB1Mc5cejBD_6B2GiLI-gJg_Ro2mCH_qOyPk0nBea5jLqC_3RRMeT5ODRnCe2Kw76HLOOL9uRP9nxQ5EPr_PxEQpP5KGI64zgMwHzHR-S50EoJRsaxcMVHPeHbNQHnUf6XPiIPMsMjceDH9NKE9UdDeKPnjmeQxeP8Mzx3nCi8ajwOxlKKZPQODmaH-E5qPGCuMeDv3h09PCjHJXOCE-yHPmhHzkZwwuO70idGs94qFaKM0euJ6iTLEVzHc-RV5MCLU-SIr-OJkyy4NGR9EF-wleSBs-N-9ijBc1P9F-IsFxmJNJa4lS2YI_0obmOJ3iH_eCzbYj2HUkz4s6Ni3nwHd8PnDuO7miik8GpBJH9HcmZ43oCJhk66vjxSLgAY4RgBAghhGCCACQAAIIAJpRQhCAGjRIASwGUAYAAJQkBwBHEGELACAIIJQAYARAAxBgEgHCEMkCAYIYIIgwBBDhFlKAAAEAw8CQQwphDQgCiABJgAEAQUYhQAIwRSikgmAHAAIEAEBAI4SBhwiDHFJBESGMIME4IAQSRgCEDhCJGoAQIUgApATxwYgSChAGEYAGwNAIAwYAAjigAqCNCEOGMcBQQQBgBAhpmDAHEESAQMI4YrxSAkABjgBAEASAwEIA4ghRBQgECiJBPAGCEMQgYRCRRSipmnBACESCEGQgABQB1whGuGBKEAKEYEIABARgTBDgEDXPEAGMksQBAhpQwhAhDCICCASIEVQoAQ6xQCikEFDQEIeMIBEYAQICBQAABFGJCIIQAIMQT5MAwBCJDlCAWYEMoEIQAKAhBxABBiEKEOKaUAAoAY6ETJCkgiDUEAUaIIEAJZ4UATiAkgBAECQAMJYABAABBwAmiACAMCAMAIIgAqowD"], "date": ["1979"], "genre": ["Country"], "musicbrainz_releasegroupid": ["92e0fbeb-848d-4f10-b524-0e2eb2fcbf16"], "musicbrainz_albumid": ["0fb33802-2b26-4656-9a5c-2df4924499aa"], "artist": ["Ernest Tubb with Gene Watson"], "composer": ["Ernest Tubb/Jimmie Skinner/Rodgers"], "tracknumber": ["03"], "label": ["Prism Leisure"], "acoustid_id": ["8ca94158-4852-43e3-9df0-2f77a0707d94"], "musicbrainz_artistid": ["eefcb39d-afa5-4db0-916c-e6dbe1892e8e", "f1adb915-4818-4747-933e-47289f0a0e2e"]}}, "rhythm": {"bpm_histogram_first_peak_bpm": {"dmean2": 0, "median": 99, "min": 99, "dvar2": 0, "dvar": 0, "dmean": 0, "max": 99, "var": 0, "mean": 99}, "bpm": 98.4257049561, "bpm_histogram_second_peak_spread": {"dmean2": 0, "median": 0.285714298487, "min": 0.285714298487, "dvar2": 0, "dvar": 0, "dmean": 0, "max": 0.285714298487, "var": 0, "mean": 0.285714298487}, "bpm_histogram_first_peak_weight": {"dmean2": 0, "median": 0.784090876579, "min": 0.784090876579, "dvar2": 0, "dvar": 0, "dmean": 0, "max": 0.784090876579, "var": 0, "mean": 0.784090876579}, "onset_rate": 3.23168635368, "beats_position": [0.522448956966, 1.07972788811, 1.64861679077, 2.22911548615, 2.83283448219, 3.44816327095, 4.04027223587, 4.63238096237, 5.22448968887, 5.80498838425, 6.420317173, 7.03564596176, 7.61614513397, 8.20825386047, 8.80036258698, 9.4040813446, 10.0194101334, 10.6347389221, 11.2500677109, 11.8653964996, 12.4691152573, 13.0728340149, 13.6765527725, 14.2802715302, 14.8839902878, 15.4993190765, 16.114648819, 16.7183666229, 17.3336963654, 17.9490242004, 18.5527439117, 19.179681778, 19.7834014893, 20.3871192932, 20.9908390045, 21.5945568085, 22.1982765198, 22.8019943237, 23.3941040039, 23.9978218079, 24.6015415192, 25.2052612305, 25.8089790344, 26.4243087769, 27.0396366119, 27.6549663544, 28.2819042206, 28.8856239319, 29.4893417358, 30.0930614471, 30.7083892822, 31.3121089935, 31.9274368286, 32.542766571, 33.1580963135, 33.7734222412, 34.3887519836, 34.9924697876, 35.60779953, 36.2231292725, 36.8268470764, 37.4305648804, 38.0458946228, 38.6612243652, 39.2649421692, 39.8686599731, 40.4723815918, 41.0877075195, 41.703037262, 42.3183670044, 42.9336967468, 43.5374145508, 44.164352417, 44.7680702209, 45.3833999634, 45.9987297058, 46.625667572, 47.2409973145, 47.8563270569, 48.4716529846, 49.0753746033, 49.690700531, 50.3176422119, 50.9445800781, 51.5715179443, 52.1752357483, 52.7789573669, 53.3826751709, 53.9980049133, 54.6133308411, 55.2170524597, 55.8207702637, 56.4244880676, 57.0282058716, 57.6319274902, 58.2588653564, 58.8858032227, 59.5127410889, 60.1396827698, 60.7550086975, 61.3587303162, 61.9740562439, 62.5777778625, 63.2047157288, 63.831653595, 64.4353713989, 65.0390930176, 65.6544189453, 66.2697525024, 66.8850784302, 67.5004043579, 68.115737915, 68.7194519043, 69.3347854614, 69.9384994507, 70.5538330078, 71.1691589355, 71.7728805542, 72.3765945435, 72.9803161621, 73.5840377808, 74.18775177, 74.7914733887, 75.3951950073, 75.9872970581, 76.5794067383, 77.1831283569, 77.7636260986, 78.3673477173, 78.9710617065, 79.5747833252, 80.1785049438, 80.7822189331, 81.3975524902, 82.012878418, 82.6166000366, 83.2203140259, 83.8240356445, 84.4393615723, 85.0430831909, 85.6351928711, 86.2389068604, 86.842628479, 87.4463500977, 88.0500640869, 88.6537857056, 89.2575073242, 89.8612213135, 90.4649429321, 91.0686569214, 91.695602417, 92.3109283447, 92.9262542725, 93.5299758911, 94.1336975098, 94.737411499, 95.3411331177, 95.9448471069, 96.5601806641, 97.1871185303, 97.802444458, 98.4061660767, 99.0098876953, 99.6136016846, 100.217323303, 100.832649231, 101.447982788, 102.051696777, 102.655418396, 103.270744324, 103.886077881, 104.48979187, 105.093513489, 105.685623169, 106.277732849, 106.881446838, 107.485168457, 108.100494385, 108.715827942, 109.342765808, 109.969703674, 110.573425293, 111.177139282, 111.780860901, 112.38457489, 112.999908447, 113.615234375, 114.230567932, 114.834281921, 115.449615479, 116.064941406, 116.680267334, 117.283988953, 117.89931488, 118.514648438, 119.118362427, 119.733695984, 120.349021912, 120.964347839, 121.568069458, 122.183395386, 122.787117004, 123.402442932, 124.017776489, 124.644714355, 125.271652222, 125.898590088, 126.513923645, 127.117637634, 127.732971191, 128.359909058, 128.975234985, 129.590560913, 130.205886841, 130.821228027, 131.424942017, 132.040267944, 132.667205811, 133.282531738, 133.886260986, 134.501586914, 135.116912842, 135.720626831, 136.324356079, 136.928070068, 137.520172119, 138.112289429, 138.716003418, 139.319732666, 139.923446655, 140.527160645, 141.142486572, 141.757827759, 142.373153687, 142.988479614, 143.603805542, 144.21913147, 144.822860718, 145.426574707, 146.041900635, 146.657226563, 147.260955811, 147.876281738, 148.491607666, 149.095321655, 149.710647583, 150.32598877, 150.941314697, 151.556640625, 152.183578491, 152.810516357, 153.437454224, 154.06439209, 154.691329956, 155.318267822, 155.945205688, 156.52571106, 157.094604492, 157.582214355, 158.069839478, 158.545852661, 159.021850586, 159.509475708, 159.99710083, 160.484710693], "beats_loudness": {"dmean2": 0.0523063614964, "median": 0.029462505132, "min": 1.86623849707e-09, "dvar2": 0.00164140027482, "dvar": 0.000631160277408, "dmean": 0.0297328513116, "max": 0.130048498511, "var": 0.000774950603954, "mean": 0.0366991125047}, "danceability": 1.10848510265, "bpm_histogram_second_peak_weight": {"dmean2": 0, "median": 0.0189393945038, "min": 0.0189393945038, "dvar2": 0, "dvar": 0, "dmean": 0, "max": 0.0189393945038, "var": 0, "mean": 0.0189393945038}, "beats_count": 265, "bpm_histogram_second_peak_bpm": {"dmean2": 0, "median": 123, "min": 123, "dvar2": 0, "dvar": 0, "dmean": 0, "max": 123, "var": 0, "mean": 123}, "bpm_histogram_first_peak_spread": {"dmean2": 0, "median": 0.185039386153, "min": 0.185039386153, "dvar2": 0, "dvar": 0, "dmean": 0, "max": 0.185039386153, "var": 0, "mean": 0.185039386153}, "beats_loudness_band_ratio": {"dmean2": [0.437205612659, 0.240265280008, 0.263286441565, 0.200193688273, 0.111252337694, 0.137989252806], "median": [0.341028809547, 0.197308197618, 0.129746809602, 0.0825315490365, 0.0540886074305, 0.0158851165324], "min": [0.0164955165237, 0.0140385879204, 0.0112500367686, 0.00261171534657, 0.000424971658504, 0.00016874402354], "dvar2": [0.0825202763081, 0.0366246923804, 0.0452444180846, 0.0529957525432, 0.0117004476488, 0.026697602123], "dvar": [0.0337742045522, 0.0129975751042, 0.0194842610508, 0.0193897373974, 0.00413094367832, 0.00960163772106], "dmean": [0.251993894577, 0.144126296043, 0.155807942152, 0.1185561046, 0.0637889951468, 0.07770100981], "max": [0.92088675499, 0.658613502979, 0.708986878395, 0.824115753174, 0.400821685791, 0.515098035336], "var": [0.052815373987, 0.0195590984076, 0.0284337941557, 0.0243848785758, 0.00423396751285, 0.00772959319875], "mean": [0.368668884039, 0.226861923933, 0.195199787617, 0.138791874051, 0.0699447244406, 0.0554866492748]}}, "lowlevel": {"barkbands_spread": {"dmean2": 6.19372940063, "median": 12.2664518356, "min": 1.08696377277, "dvar2": 121.516494751, "dvar": 56.2051696777, "dmean": 4.13599872589, "max": 140.925476074, "var": 163.802703857, "mean": 14.8746948242}, "melbands_spread": {"dmean2": 6.90191555023, "median": 14.8157787323, "min": 0.929164171219, "dvar2": 127.780662537, "dvar": 55.2403640747, "dmean": 4.4890999794, "max": 160.730453491, "var": 169.95664978, "mean": 17.4057216644}, "hfc": {"dmean2": 5.8965344429, "median": 8.01373100281, "min": 1.23259241868e-16, "dvar2": 117.154907227, "dvar": 60.77186203, "dmean": 4.300116539, "max": 189.872009277, "var": 263.226776123, "mean": 14.3323631287}, "barkbands_kurtosis": {"dmean2": 4.75385951996, "median": 1.99274158478, "min": -1.84624993801, "dvar2": 137.871551514, "dvar": 52.4727783203, "dmean": 3.01600909233, "max": 148.202056885, "var": 95.2297058105, "mean": 5.28458929062}, "gfcc": {"mean": [-58.3616485596, 121.945549011, -116.557350159, 12.8028154373, -49.2267112732, 5.80311536789, -46.6175880432, -1.64277839661, -22.5425071716, -8.85863876343, -16.1630249023, -5.52530384064, -15.2111816406], "icov": [[0.000139890340506, -8.93177930266e-05, 0.000152270062244, 4.16767034039e-05, 0.000191115628695, -0.000169171005837, 0.000290405703709, -0.000206382319448, 8.51050717756e-05, -0.000226170057431, 0.00031989213312, -0.000348243920598, 0.000212037281017], [-8.93177930266e-05, 0.00137045048177, -2.26111606025e-05, 0.000288286188152, -0.000254502199823, 0.000224248447921, -0.000259007298155, 0.000781733833719, -0.00121636793483, 0.00175788043998, -0.00211338861845, 0.00193388143089, -0.000895660894457], [0.000152270062244, -2.26111606025e-05, 0.00263866293244, -0.00141895364504, 0.00144883675966, 0.000311460724333, -0.00107282842509, 0.00102102837991, 0.000250853074249, -0.00253617577255, 0.00177425914444, -0.00206602457911, 0.0012882592855], [4.16767034039e-05, 0.000288286188152, -0.00141895364504, 0.00322621688247, -0.000911385111976, -0.000693905749358, 0.000773686333559, 2.50317207247e-05, 2.05307223951e-05, 0.000693719193805, -0.00139912008308, 0.00122775335331, -0.00175703852437], [0.000191115628695, -0.000254502199823, 0.00144883675966, -0.000911385111976, 0.00546302739531, -0.00179947074503, 0.000918906123843, -0.000567090639379, -0.00159181596246, -0.00138510821853, 0.000571171811316, -0.00153100513853, -0.000549835851416], [-0.000169171005837, 0.000224248447921, 0.000311460724333, -0.000693905749358, -0.00179947074503, 0.0088194059208, -0.00510201370344, 0.0012983091874, 0.00215945602395, -0.00318314740434, 0.00227533048019, -0.000245907751378, 0.000369885208784], [0.000290405703709, -0.000259007298155, -0.00107282842509, 0.000773686333559, 0.000918906123843, -0.00510201370344, 0.00984727032483, -0.00596521049738, 0.00175209692679, 0.00307051837444, -0.00274183088914, 0.00139117485378, -0.00274599925615], [-0.000206382319448, 0.000781733833719, 0.00102102837991, 2.50317207247e-05, -0.000567090639379, 0.0012983091874, -0.00596521049738, 0.014472477138, -0.00618694862351, 0.00219180993736, 0.00341425207444, -0.00393217243254, 0.00415947008878], [8.51050717756e-05, -0.00121636793483, 0.000250853074249, 2.05307223951e-05, -0.00159181596246, 0.00215945602395, 0.00175209692679, -0.00618694862351, 0.0160313565284, -0.00734287081286, -0.000178256843355, 0.00432669138536, -0.00260752975009], [-0.000226170057431, 0.00175788043998, -0.00253617577255, 0.000693719193805, -0.00138510821853, -0.00318314740434, 0.00307051837444, 0.00219180993736, -0.00734287081286, 0.0166457779706, -0.00462617957965, 0.00134127982892, 0.00270991981961], [0.00031989213312, -0.00211338861845, 0.00177425914444, -0.00139912008308, 0.000571171811316, 0.00227533048019, -0.00274183088914, 0.00341425207444, -0.000178256843355, -0.00462617957965, 0.0196006894112, -0.00766731053591, 0.00401411438361], [-0.000348243920598, 0.00193388143089, -0.00206602457911, 0.00122775335331, -0.00153100513853, -0.000245907751378, 0.00139117485378, -0.00393217243254, 0.00432669138536, 0.00134127982892, -0.00766731053591, 0.0190091170371, -0.00833673588932], [0.000212037281017, -0.000895660894457, 0.0012882592855, -0.00175703852437, -0.000549835851416, 0.000369885208784, -0.00274599925615, 0.00415947008878, -0.00260752975009, 0.00270991981961, 0.00401411438361, -0.00833673588932, 0.0162448510528]], "cov": [[10192.8505859, 283.637939453, -823.50402832, -654.563171387, -145.435562134, -63.5543899536, -394.966003418, 128.843887329, 67.7659378052, 72.1352920532, -115.977890015, -0.944820642471, -199.108688354], [283.637939453, 1544.80493164, -488.356445313, -201.845962524, 54.6092453003, -141.336471558, -15.0845603943, -46.4267311096, 108.01272583, -158.723449707, 108.647499084, -142.719024658, 56.497341156], [-823.50402832, -488.356445313, 943.290100098, 355.089324951, -138.517929077, 69.7292404175, 43.0507125854, -60.8942756653, -60.4536132813, 137.070388794, -21.2722034454, 72.1763839722, -26.2553005219], [-654.563171387, -201.845962524, 355.089324951, 518.421630859, 36.7738761902, 60.0482635498, 10.0972261429, -46.0852584839, -20.7286701202, 48.2829971313, 9.90741157532, 30.1178226471, 40.3385047913], [-145.435562134, 54.6092453003, -138.517929077, 36.7738761902, 272.864227295, 42.4998512268, -11.5830802917, 16.1047973633, 48.1458625793, 19.034029007, 6.84355926514, 3.15262818336, 26.537519455], [-63.5543899536, -141.336471558, 69.7292404175, 60.0482635498, 42.4998512268, 210.39881897, 115.490722656, 20.9358901978, -37.6372642517, 15.7967414856, -19.1402492523, 24.5816669464, 13.4798221588], [-394.966003418, -15.0845603943, 43.0507125854, 10.0972261429, -11.5830802917, 115.490722656, 257.09564209, 73.0776748657, -46.0672302246, -63.1834526062, -1.11302042007, 27.8592758179, 41.4453887939], [128.843887329, -46.4267311096, -60.8942756653, -46.0852584839, 16.1047973633, 20.9358901978, 73.0776748657, 129.608215332, 23.6964607239, -20.393037796, -18.6255092621, 11.8051681519, -7.29543304443], [67.7659378052, 108.01272583, -60.4536132813, -20.7286701202, 48.1458625793, -37.6372642517, -46.0672302246, 23.6964607239, 123.930999756, 44.810256958, 6.48911428452, -37.3802108765, -12.1142520905], [72.1352920532, -158.723449707, 137.070388794, 48.2829971313, 19.034029007, 15.7967414856, -63.1834526062, -20.393037796, 44.810256958, 144.202178955, 6.16984891891, -4.58805847168, -41.2566375732], [-115.977890015, 108.647499084, -21.2722034454, 9.90741157532, 6.84355926514, -19.1402492523, -1.11302042007, -18.6255092621, 6.48911428452, 6.16984891891, 77.6665267944, 10.5920448303, 1.76761984825], [-0.944820642471, -142.719024658, 72.1763839722, 30.1178226471, 3.15262818336, 24.5816669464, 27.8592758179, 11.8051681519, -37.3802108765, -4.58805847168, 10.5920448303, 102.792549133, 35.8112258911], [-199.108688354, 56.497341156, -26.2553005219, 40.3385047913, 26.537519455, 13.4798221588, 41.4453887939, -7.29543304443, -12.1142520905, -41.2566375732, 1.76761984825, 35.8112258911, 106.061149597]]}, "spectral_energyband_middle_low": {"dmean2": 0.00536414468661, "median": 0.00870590750128, "min": 2.76756992768e-22, "dvar2": 6.44180836389e-05, "dvar": 3.12509619107e-05, "dmean": 0.00367942033336, "max": 0.116031445563, "var": 0.000163740172866, "mean": 0.0126310968772}, "melbands_crest": {"dmean2": 4.48467969894, "median": 12.5421047211, "min": 1.23838531971, "dvar2": 18.6651248932, "dvar": 7.19692277908, "dmean": 2.76566934586, "max": 36.6048851013, "var": 22.6583385468, "mean": 13.3030023575}, "spectral_kurtosis": {"dmean2": 6.16339349747, "median": 8.94751930237, "min": -1.18078565598, "dvar2": 43.1965522766, "dvar": 14.6762371063, "dmean": 3.69735503197, "max": 52.328212738, "var": 40.6888084412, "mean": 10.1241378784}, "spectral_rms": {"dmean2": 0.000987690757029, "median": 0.00383088923991, "min": 3.23522220298e-12, "dvar2": 3.34230344379e-06, "dvar": 1.58755597113e-06, "dmean": 0.000694768503308, "max": 0.0188855100423, "var": 5.14938892593e-06, "mean": 0.00410825805739}, "zerocrossingrate": {"dmean2": 0.0103636328131, "median": 0.0380859375, "min": 0.00634765625, "dvar2": 0.000254459795542, "dvar": 0.000194936874323, "dmean": 0.00866148900241, "max": 0.50341796875, "var": 0.00113455194514, "mean": 0.0443192571402}, "silence_rate_60dB": {"dmean2": 0.0772111788392, "median": 0, "min": 0, "dvar2": 0.0793160647154, "dvar": 0.0371114052832, "dmean": 0.0386000275612, "max": 1, "var": 0.109161555767, "mean": 0.124711982906}, "erbbands_kurtosis": {"dmean2": 1.26125085354, "median": 0.0108941532671, "min": -1.80869054794, "dvar2": 3.3399553299, "dvar": 1.42369532585, "dmean": 0.83260256052, "max": 31.363992691, "var": 7.18786668777, "mean": 0.880802869797}, "erbbands": {"dmean2": [0.183205977082, 1.48260545731, 1.86169147491, 3.39853382111, 6.87176465988, 8.43305587769, 6.80924320221, 11.3538923264, 20.3737754822, 20.029624939, 28.2201900482, 21.2963581085, 18.6290874481, 15.774474144, 15.277718544, 21.6292419434, 20.5520267487, 18.4687709808, 12.9963684082, 15.7861623764, 13.9092741013, 7.47653388977, 5.48189973831, 4.3116774559, 2.62803125381, 3.55603909492, 2.30251169205, 1.76360487938, 2.05946040154, 1.81098520756, 1.28526234627, 0.937249481678, 0.685836017132, 0.391776293516, 0.218358948827, 0.115062691271, 0.0466353446245, 0.0112882992253, 0.00162224890664, 0.00010442360508], "median": [0.00425387825817, 0.124590560794, 0.61015188694, 2.28026342392, 4.15921211243, 6.24398803711, 4.62531375885, 6.70626068115, 7.91523933411, 6.08248519897, 5.75762557983, 6.85325527191, 4.5787525177, 4.50298500061, 5.05398750305, 6.42965698242, 7.00749397278, 5.27373886108, 4.98116540909, 7.29031562805, 6.62386798859, 3.36173534393, 2.00867128372, 1.61641407013, 0.876106619835, 0.420943230391, 0.240041196346, 0.225250661373, 0.137065380812, 0.123488411307, 0.120581865311, 0.0977225154638, 0.0685221329331, 0.0191408898681, 0.00697913067415, 0.00343942106701, 0.00104550994001, 0.000229107841733, 1.86864235729e-05, 2.07185712497e-05], "min": [7.31400478833e-22, 5.5272814376e-21, 9.77871836748e-21, 1.53115622716e-20, 4.29323507709e-20, 4.15694757152e-19, 4.3681614201e-19, 1.70983428343e-19, 5.81169653754e-19, 6.36580208242e-19, 6.87707931712e-19, 1.28345116369e-18, 3.29349508911e-18, 3.26919914016e-18, 3.45728781054e-18, 3.60837979405e-18, 4.80328023919e-18, 5.07746579683e-18, 5.4002722037e-18, 6.49133170346e-18, 7.3002138401e-18, 1.10323642556e-17, 1.55131288419e-17, 8.73070938576e-18, 1.12873881744e-17, 1.36817716452e-17, 1.06011516936e-17, 1.47614367321e-17, 1.73715538698e-17, 2.4275550678e-17, 1.19939857059e-17, 1.74188040807e-17, 1.56264724382e-17, 1.2242672594e-17, 9.6426760111e-18, 5.94709028739e-18, 3.5668892417e-18, 1.5559057425e-18, 2.95512858774e-19, 3.89870805276e-20], "dvar2": [1.06543838978, 63.1932220459, 37.2815895081, 52.5635986328, 158.352371216, 275.114532471, 211.208221436, 631.790893555, 2585.73413086, 4860.38769531, 6888.94970703, 4304.17333984, 5386.95800781, 4434.72705078, 2147.31811523, 3748.50146484, 3386.46704102, 2609.66064453, 1480.25817871, 2022.42651367, 1112.62585449, 443.436157227, 184.820999146, 126.396179199, 56.4766921997, 249.606567383, 142.576080322, 37.4449386597, 67.1954193115, 44.1314964294, 19.6029586792, 10.9120016098, 5.35704374313, 1.90074503422, 0.627350509167, 0.159038946033, 0.0235659573227, 0.0012531290995, 3.25466244249e-05, 1.72833352963e-07], "dvar": [0.395195871592, 24.0303649902, 14.0454874039, 19.6824474335, 60.106010437, 96.0444869995, 90.0937957764, 334.046691895, 1221.05090332, 2319.49462891, 3488.80493164, 2165.80175781, 2890.6328125, 2055.89111328, 1080.66638184, 1956.45141602, 1923.91699219, 1570.32714844, 1144.40979004, 990.109802246, 520.241088867, 232.883911133, 109.556427002, 67.1218566895, 27.9941921234, 86.9305648804, 49.8966445923, 14.5197238922, 24.5767097473, 17.0396270752, 7.81085777283, 4.34869766235, 2.2212100029, 0.794021010399, 0.25754070282, 0.0682308152318, 0.0103403227404, 0.000556428625714, 1.30259013531e-05, 6.5062444321e-08], "dmean": [0.103875488043, 0.854828357697, 1.11739444733, 2.09605002403, 4.25138998032, 5.26988220215, 4.435151577, 7.75075721741, 13.7185611725, 13.9919509888, 20.2975215912, 15.2888851166, 13.0479888916, 10.9637403488, 10.7980527878, 15.1500835419, 15.2280511856, 13.8727226257, 9.9493932724, 11.4768543243, 9.46892929077, 5.04988384247, 3.81666731834, 2.97976636887, 1.67992675304, 2.00177979469, 1.33853185177, 1.08610272408, 1.21107590199, 1.11459636688, 0.804974317551, 0.595303297043, 0.440298914909, 0.251823335886, 0.139421969652, 0.0753670334816, 0.0308500565588, 0.00750233465806, 0.000987231265754, 6.19829297648e-05], "max": [8.90821456909, 68.9388504028, 79.6189956665, 152.441040039, 124.663970947, 238.137741089, 212.085449219, 481.452758789, 1067.82434082, 1886.64929199, 1565.28955078, 1138.01452637, 2130.18237305, 2119.13378906, 1010.97406006, 1338.00402832, 1469.37512207, 967.218444824, 1930.36352539, 1381.49365234, 899.104125977, 844.758972168, 409.000396729, 393.724731445, 310.487243652, 281.335021973, 257.54901123, 53.8087081909, 81.1209259033, 64.4471664429, 36.5571861267, 28.4708480835, 21.4446334839, 12.130191803, 10.6686944962, 3.75743055344, 1.64953660965, 0.335551351309, 0.0512625128031, 0.00594343384728], "var": [0.260604411364, 16.8172645569, 12.7190904617, 38.4396286011, 138.472915649, 213.840652466, 285.236175537, 1060.7310791, 4771.72558594, 5829.24414063, 11098.9853516, 6805.86328125, 12595.3925781, 6636.16796875, 3854.50512695, 9096.29296875, 8397.91796875, 8323, 5097.01953125, 4766.54833984, 1557.64343262, 626.46105957, 341.259887695, 219.789245605, 70.0400085449, 52.3416938782, 29.9654712677, 11.8228206635, 16.8416996002, 13.4930400848, 6.58695077896, 3.75770187378, 2.06326436996, 0.736396193504, 0.230633750558, 0.0670961886644, 0.0106587512419, 0.000579744693823, 1.06150582724e-05, 4.65798386529e-08], "mean": [0.0722632929683, 0.70567715168, 1.58030116558, 4.27801704407, 8.50324440002, 11.1628913879, 10.6570463181, 17.703792572, 30.7679309845, 29.0407505035, 45.174911499, 35.0266075134, 33.8599052429, 28.3551845551, 26.2491512299, 38.889919281, 39.3931503296, 35.6080436707, 24.3753356934, 28.6880588531, 22.3908519745, 10.7029848099, 8.34990596771, 6.73669719696, 2.62746357918, 1.74830400944, 1.20267415047, 1.07886254787, 1.02737617493, 1.00865578651, 0.767929017544, 0.588818907738, 0.438816636801, 0.234588593245, 0.125633940101, 0.0703009516001, 0.0289426166564, 0.00696298945695, 0.000769003585447, 6.57352720737e-05]}, "spectral_strongpeak": {"dmean2": 0.770552754402, "median": 0.646479845047, "min": 0, "dvar2": 1.28121554852, "dvar": 0.552094459534, "dmean": 0.471345245838, "max": 11.7278327942, "var": 1.87797796726, "mean": 1.2256616354}, "spectral_energy": {"dmean2": 0.012896492146, "median": 0.0150426058099, "min": 1.07283297886e-20, "dvar2": 0.0014686898794, "dvar": 0.000586813199334, "dmean": 0.00841232761741, "max": 0.365579038858, "var": 0.000776129192673, "mean": 0.0225777607411}, "average_loudness": 0.813645422459, "spectral_rolloff": {"dmean2": 569.75994873, "median": 968.994140625, "min": 86.1328125, "dvar2": 1657569.25, "dvar": 725151.75, "dmean": 337.065460205, "max": 19379.8828125, "var": 2004376.5, "mean": 1178.86608887}, "spectral_centroid": {"dmean2": 249.878173828, "median": 807.243652344, "min": 160.113342285, "dvar2": 175881.96875, "dvar": 81323.7578125, "dmean": 165.454650879, "max": 10983.6787109, "var": 251464.4375, "mean": 893.046203613}, "pitch_salience": {"dmean2": 0.0979902669787, "median": 0.585519254208, "min": 0.131647065282, "dvar2": 0.0103172771633, "dvar": 0.00421107793227, "dmean": 0.061279412359, "max": 0.989300191402, "var": 0.0114784706384, "mean": 0.575419127941}, "spectral_energyband_middle_high": {"dmean2": 0.00200666440651, "median": 0.00200146390125, "min": 1.49754425995e-21, "dvar2": 1.65525707416e-05, "dvar": 9.41493817663e-06, "dmean": 0.00150343123823, "max": 0.0788189396262, "var": 6.89174121362e-05, "mean": 0.00545202521607}, "spectral_contrast_coeffs": {"dmean2": [0.0772937089205, 0.0666824728251, 0.052262917161, 0.046523783356, 0.0332395099103, 0.0238616820425], "median": [-0.589746892452, -0.675340890884, -0.741005837917, -0.73378944397, -0.764505028725, -0.784982085228], "min": [-0.980778157711, -0.99220842123, -0.985647141933, -0.980870962143, -0.982544004917, -0.958043515682], "dvar2": [0.0041517294012, 0.00324683426879, 0.00209040404297, 0.00166437623557, 0.00089061941253, 0.000515159568749], "dvar": [0.00155023066327, 0.00143036921509, 0.000954727001954, 0.000818595464807, 0.000441607087851, 0.000212713217479], "dmean": [0.0467596389353, 0.042123939842, 0.0336854606867, 0.0304109826684, 0.0219746883959, 0.0156312342733], "max": [-0.309785962105, -0.394182980061, -0.444938451052, -0.48500084877, -0.533123195171, -0.646818161011], "var": [0.00681944657117, 0.00822539161891, 0.00661947811022, 0.00581231573597, 0.00344585464336, 0.000809092016425], "mean": [-0.588895022869, -0.673598051071, -0.729298174381, -0.728329479694, -0.757666409016, -0.786641418934]}, "melbands_skewness": {"dmean2": 0.834713339806, "median": 1.95953309536, "min": -1.37090015411, "dvar2": 1.32341945171, "dvar": 0.585437178612, "dmean": 0.553949713707, "max": 13.7302894592, "var": 2.66167783737, "mean": 2.19337463379}, "spectral_spread": {"dmean2": 800089.5625, "median": 3059685, "min": 1306087.25, "dvar2": 1225634742270.0, "dvar": 762789101568, "dmean": 599165.875, "max": 40336916, "var": 2875221344260.0, "mean": 3560264.5}, "dissonance": {"dmean2": 0.0442829988897, "median": 0.441181838512, "min": 0.174845680594, "dvar2": 0.00183780724183, "dvar": 0.000692219822668, "dmean": 0.0267032738775, "max": 0.499791651964, "var": 0.00218621292152, "mean": 0.430567979813}, "spectral_skewness": {"dmean2": 0.569137632847, "median": 2.26787137985, "min": -0.000236255291384, "dvar2": 0.287168085575, "dvar": 0.10872053355, "dmean": 0.352100163698, "max": 5.53916788101, "var": 0.431682556868, "mean": 2.29377985001}, "spectral_flux": {"dmean2": 0.0372155606747, "median": 0.0456238910556, "min": 1.03577653399e-10, "dvar2": 0.00368551281281, "dvar": 0.00157471257262, "dmean": 0.0236067548394, "max": 0.492700010538, "var": 0.00347236334346, "mean": 0.062501937151}, "spectral_contrast_valleys": {"dmean2": [0.653820633888, 0.540974259377, 0.47025924921, 0.489029914141, 0.411782413721, 0.436679303646], "median": [-7.67458724976, -7.15172481537, -7.94459962845, -8.31893730164, -8.78359794617, -11.4092655182], "min": [-27.02252388, -27.0658111572, -27.3602218628, -27.2746391296, -27.2021369934, -27.2754383087], "dvar2": [0.333672583103, 0.234151676297, 0.205204471946, 0.247929513454, 0.272199630737, 0.349510997534], "dvar": [0.1501930058, 0.112386159599, 0.101633191109, 0.126791924238, 0.155062332749, 0.232024952769], "dmean": [0.401644170284, 0.342484980822, 0.30491438508, 0.322962999344, 0.301873475313, 0.384982556105], "max": [-4.91558027267, -4.96580123901, -4.79459619522, -5.27265834808, -5.73755598068, -8.067278862], "var": [1.2704116106, 1.35136115551, 1.24028742313, 1.30907642841, 0.997940778732, 1.26971971989], "mean": [-7.77038812637, -7.24454116821, -7.99667882919, -8.37208652496, -8.74907588959, -11.2797040939]}, "erbbands_flatness_db": {"dmean2": 0.025283690542, "median": 0.199876725674, "min": 0.0345810204744, "dvar2": 0.000784498057328, "dvar": 0.000499602872878, "dmean": 0.0198951847851, "max": 0.406486481428, "var": 0.00336191197857, "mean": 0.195394977927}, "spectral_energyband_high": {"dmean2": 0.000267254508799, "median": 2.58449490502e-05, "min": 7.85588937378e-21, "dvar2": 8.7366521484e-07, "dvar": 3.4811318983e-07, "dmean": 0.000170575687662, "max": 0.00984878372401, "var": 2.97259134641e-07, "mean": 0.000165496050613}, "spectral_entropy": {"dmean2": 0.271679341793, "median": 6.88760948181, "min": 5.12882804871, "dvar2": 0.09819047153, "dvar": 0.0583129487932, "dmean": 0.200260490179, "max": 9.79591464996, "var": 0.271984040737, "mean": 6.96689367294}, "silence_rate_20dB": {"dmean2": 0, "median": 1, "min": 1, "dvar2": 0, "dvar": 0, "dmean": 0, "max": 1, "var": 0, "mean": 1}, "melbands_flatness_db": {"dmean2": 0.0365260690451, "median": 0.247411519289, "min": 0.000219881156227, "dvar2": 0.002057550475, "dvar": 0.000964681559708, "dmean": 0.0252237953246, "max": 0.553292155266, "var": 0.00372662930749, "mean": 0.246702924371}, "barkbands": {"dmean2": [0.000128046202008, 0.00659639574587, 0.00157120544463, 0.00156974280253, 0.00224463711493, 0.00126395968255, 0.00148083164822, 0.00122964696493, 0.00103322067298, 0.000652415445074, 0.00034246823634, 0.000618472578935, 0.000510986603331, 0.000416226888774, 0.000293686083751, 0.000287613744149, 0.000142677425174, 0.00011320644262, 5.39913708053e-05, 7.8001532529e-05, 4.79677728435e-05, 5.6307468185e-05, 4.75543820357e-05, 4.233929576e-05, 3.30112488882e-05, 2.58880572801e-05, 9.35274510994e-06], "median": [6.71704697197e-07, 0.000392523914343, 0.000504744879436, 0.000846590497531, 0.00191444100346, 0.00072350318078, 0.000479481212096, 0.00018000593991, 0.000287591654342, 0.000101217206975, 7.30836836738e-05, 0.000149406550918, 0.000119534641271, 9.88993415376e-05, 8.84203982423e-05, 0.000127999315737, 5.08184130013e-05, 3.09229435516e-05, 2.17535234697e-05, 8.38408050186e-06, 5.69728808841e-06, 4.02692057833e-06, 4.40691746917e-06, 4.46708963864e-06, 1.14300632958e-06, 6.9369002631e-07, 4.5889038347e-08], "min": [4.03754867396e-24, 2.33705912297e-23, 1.09347007744e-23, 3.89478023291e-24, 9.04956618009e-23, 2.84114029477e-23, 4.69626314927e-23, 2.85086631864e-23, 5.49162048182e-23, 1.31510673343e-22, 7.60787933068e-23, 9.31729421173e-23, 8.7059989543e-23, 9.39046137623e-23, 1.22980310167e-22, 1.21562632457e-22, 1.72998294609e-22, 2.58375170525e-22, 2.21872695796e-22, 2.9664454222e-22, 2.61867262115e-22, 5.83523365087e-22, 5.04566592628e-22, 9.35604482644e-22, 1.32660049993e-21, 1.72281607535e-21, 2.46338445581e-21], "dvar2": [4.98237852753e-07, 0.00129330088384, 1.52239781528e-05, 1.16203555081e-05, 1.39821813718e-05, 6.51131449558e-06, 1.56738442456e-05, 1.4467429537e-05, 9.20928778214e-06, 6.52449170957e-06, 1.26656709654e-06, 3.01459476759e-06, 1.90624803054e-06, 1.3571383306e-06, 7.95581911461e-07, 4.50008201369e-07, 1.48584476278e-07, 7.27959417191e-08, 1.83116455332e-08, 1.25271071738e-07, 3.36620828989e-08, 4.66780640807e-08, 2.69426507771e-08, 2.07478727532e-08, 1.40290721262e-08, 7.35759053683e-09, 1.06957098733e-09], "dvar": [1.85370140571e-07, 0.00048880657414, 5.38755057278e-06, 4.31367789133e-06, 5.2575906011e-06, 3.28410760631e-06, 7.02845045453e-06, 7.42069687476e-06, 4.62778552901e-06, 3.21716129292e-06, 6.0108584421e-07, 1.56893236181e-06, 1.03270576801e-06, 7.78692253789e-07, 4.3173295694e-07, 2.1764600433e-07, 7.60113323395e-08, 4.24327346593e-08, 1.06282582735e-08, 4.35038565172e-08, 1.25181873756e-08, 1.7306998501e-08, 1.07555555573e-08, 8.56315374165e-09, 5.81243808639e-09, 3.232333734e-09, 4.31691099534e-10], "dmean": [7.26502330508e-05, 0.00378662138246, 0.000942039769143, 0.000961597135756, 0.00140455784276, 0.000857391918544, 0.0010012377752, 0.00087114359485, 0.000737416790798, 0.000450697407359, 0.000237895073951, 0.000430271582445, 0.000363550469046, 0.000302417291095, 0.000211833132198, 0.000198437439394, 9.50109897531e-05, 7.77389286668e-05, 3.62110586138e-05, 4.36030859419e-05, 2.88208757411e-05, 3.34990290867e-05, 2.98217310046e-05, 2.71999560937e-05, 2.11672249861e-05, 1.71119627339e-05, 5.73954685024e-06], "max": [0.00511343404651, 0.313111007214, 0.0533311106265, 0.062230810523, 0.0503341220319, 0.0461154021323, 0.0571254827082, 0.0603702887893, 0.0456367097795, 0.0589623376727, 0.0211790744215, 0.0315852575004, 0.0283059868962, 0.0310202445835, 0.0289779249579, 0.0135686090216, 0.0142469136044, 0.00605815276504, 0.00611327774823, 0.00653943698853, 0.00280084740371, 0.00175623397809, 0.00126423558686, 0.00116270361468, 0.00133354926948, 0.000843516434543, 0.