{"tonal": {"thpcp": [1, 0.509317219257, 0.0384359098971, 0.0534375049174, 0.0353423841298, 0.177333816886, 0.408758699894, 0.258490502834, 0.0429177060723, 0.0547878108919, 0.0368468686938, 0.25321611762, 0.520003139973, 0.301372081041, 0.419530242682, 0.798129796982, 0.422933667898, 0.0433242842555, 0.0589333027601, 0.0470885783434, 0.347001254559, 0.688971996307, 0.366497248411, 0.012026488781, 0.0056135286577, 0.0113196372986, 0.383939623833, 0.754097104073, 0.40572988987, 0.250202178955, 0.416446238756, 0.210086151958, 0.0792030990124, 0.119030930102, 0.0769855007529, 0.522881031036], "hpcp": {"dmean2": [0.0086108809337, 0.015216615051, 0.0411497615278, 0.048236053437, 0.0463077910244, 0.0218381620944, 0.0117498086765, 0.0132237905636, 0.0465585328639, 0.0529577098787, 0.0645407885313, 0.0774302631617, 0.0775820016861, 0.0604265853763, 0.0172701496631, 0.00994724780321, 0.0199629552662, 0.0582160577178, 0.0690138041973, 0.0536767318845, 0.0116181829944, 0.00638464652002, 0.0109124165028, 0.0611365251243, 0.0743537992239, 0.0711610019207, 0.0572843663394, 0.0464550033212, 0.0531919263303, 0.0312454886734, 0.0287051927298, 0.038977727294, 0.0703181475401, 0.0713785365224, 0.0631925314665, 0.0178095977753], "median": [8.78732171259e-05, 6.59917568555e-05, 0.00429420545697, 0.009053343907, 0.00547774275765, 0.000153501721798, 4.86495628138e-05, 7.85109368735e-05, 0.00529298186302, 0.00968477316201, 0.00774839892983, 0.0658289790154, 0.110560312867, 0.0494393855333, 0.000223977607675, 6.87037681928e-05, 0.000110553039121, 0.0217183306813, 0.0419507473707, 0.0213586427271, 0.000340540602338, 7.53801505198e-05, 0.000177372552571, 0.027365187183, 0.0619229711592, 0.0430511981249, 0.00210031820461, 0.000807620934211, 0.000889840419404, 0.000580034044106, 0.000643713632599, 0.00153538188897, 0.103236034513, 0.196573704481, 0.0989291220903, 0.000419473275542], "min": [0, 0, 0, 0, 0, 0, 0, 0, 0, 0, 0, 0, 0, 0, 0, 0, 0, 0, 0, 0, 0, 0, 0, 0, 0, 0, 0, 0, 0, 0, 0, 0, 0, 0, 0, 0], "dvar2": [0.00443815719336, 0.00982889439911, 0.0144938686863, 0.0151063650846, 0.0176142659038, 0.0112011516467, 0.00688707549125, 0.00470765028149, 0.0149143710732, 0.0162139665335, 0.028531620279, 0.0271970853209, 0.0241514276713, 0.016438184306, 0.00517483893782, 0.00300086708739, 0.00934269838035, 0.0203652437776, 0.0226891059428, 0.0180053990334, 0.00646717939526, 0.00380714144558, 0.00355587340891, 0.0222645420581, 0.0275191701949, 0.0244572181255, 0.027244951576, 0.019308200106, 0.0276062898338, 0.0182832349092, 0.0204398594797, 0.028951337561, 0.025517610833, 0.020482480526, 0.0166221130639, 0.0093937208876], "dvar": [0.00179960683454, 0.0032132838387, 0.00531334616244, 0.00767904613167, 0.00656416313723, 0.00382681190968, 0.00303769134916, 0.00176271412056, 0.00581198465079, 0.00933540798724, 0.0105391200632, 0.0101846111938, 0.0121879214421, 0.00678299367428, 0.0019119187491, 0.00140786659904, 0.00324122887105, 0.00770691316575, 0.0123438388109, 0.00694500328973, 0.00207093311474, 0.00130653940141, 0.00127272424288, 0.00834363792092, 0.0144131751731, 0.00919769983739, 0.00927120167762, 0.00891469977796, 0.00941458065063, 0.00616003293544, 0.00754892081022, 0.00901570823044, 0.00928622577339, 0.0109200840816, 0.00682616047561, 0.00307004991919], "dmean": [0.00547655159608, 0.00872103404254, 0.0249377973378, 0.0337254554033, 0.0301692485809, 0.0122758708894, 0.00823581684381, 0.00803644675761, 0.0310761313885, 0.0409947931767, 0.0415320917964, 0.0493179000914, 0.0566005595028, 0.040518399328, 0.00980687048286, 0.00622706580907, 0.0113238701597, 0.0377635248005, 0.049917217344, 0.036494422704, 0.00626427959651, 0.00336827640422, 0.00597654422745, 0.0407989360392, 0.0545634999871, 0.0465480983257, 0.0344971939921, 0.0305482055992, 0.0316622555256, 0.0179040320218, 0.0173618588597, 0.0215235091746, 0.0456516630948, 0.0520149879158, 0.0422719679773, 0.0100981742144], "max": [1, 1, 1, 1, 1, 1, 1, 1, 1, 1, 1, 1, 1, 1, 0.804891765118, 1, 1, 1, 1, 1, 1, 0.844281196594, 0.884340286255, 1, 1, 1, 1, 1, 1, 1, 1, 1, 1, 1, 1, 1], "var": [0.0154813267291, 0.00574072031304, 0.0175597630441, 0.0867034047842, 0.0386777147651, 0.00507984962314, 0.0139100383967, 0.00563187804073, 0.0281924977899, 0.111173294485, 0.0380010120571, 0.0375017002225, 0.139323875308, 0.046006783843, 0.00452900165692, 0.0156427081674, 0.00666592363268, 0.0359242446721, 0.132829502225, 0.0397615097463, 0.00114876858424, 0.00071688980097, 0.000863373104949, 0.0392405129969, 0.136756256223, 0.0392912663519, 0.0371968261898, 0.102165080607, 0.0284671373665, 0.0130581557751, 0.0312548466027, 0.011625980027, 0.0458091273904, 0.157883808017, 0.0435338355601, 0.005562689621], "mean": [0.0201975777745, 0.0133582316339, 0.0670262128115, 0.154497027397, 0.0977007076144, 0.0162214487791, 0.0207079481333, 0.0139268767089, 0.0957071706653, 0.196543678641, 0.113908499479, 0.158568307757, 0.301666200161, 0.159854695201, 0.0163751207292, 0.0222748052329, 0.0177978985012, 0.131154790521, 0.260408222675, 0.138523623347, 0.00454560806975, 0.00212172488682, 0.00427844189107, 0.145116254687, 0.285023331642, 0.153352245688, 0.0945680066943, 0.157402664423, 0.0794054940343, 0.0299361050129, 0.0449896864593, 0.0290979295969, 0.197631433606, 0.377966344357, 0.192504763603, 0.014527480118]}, "tuning_equal_tempered_deviation": 0.00231061712839, "chords_changes_rate": 0.0391198061407, "key_key": "C#", "tuning_diatonic_strength": 0.539306879044, "key_scale": "major", "chords_number_rate": 0.00268948660232, "tuning_frequency": 437.718536377, "tuning_nontempered_energy_ratio": 0.573573589325, "chords_histogram": [28.92420578, 6.723716259, 22.2493896484, 1.51589238644, 2.39608812332, 0, 2.59168696404, 0, 3.30073356628, 0, 0.0244498774409, 0, 0, 0.0488997548819, 0, 0.415647923946, 0.391198039055, 0.0244498774409, 0, 3.32518339157, 0.733496308327, 4.22982883453, 11.9070901871, 11.1980438232], "key_strength": 0.869993686676, "chords_key": "C#", "chords_strength": {"dmean2": 0.0035654483363, "median": 0.50025677681, "min": -1, "dvar2": 0.00101367465686, "dvar": 0.000499540241435, "dmean": 0.00733165303245, "max": 0.683588027954, "var": 0.0162738822401, "mean": 0.492786109447}, "chords_scale": "major", "hpcp_entropy": {"dmean2": 0.302673399448, "median": 1.43292284012, "min": 0, "dvar2": 0.135979667306, "dvar": 0.0618510432541, "dmean": 0.194464713335, "max": 3.97025251389, "var": 0.261838018894, "mean": 1.34002637863}}, "metadata": {"audio_properties": {"equal_loudness": 0, "codec": "aac", "downmix": "mix", "sample_rate": 44100, "analysis_sample_rate": 44100, "bit_rate": 253723, "md5_encoded": "5a3ca7a70c7cc3b8a77c106529d9bef2", "length": 189.869567871, "replay_gain": -5.09746170044, "lossless": false}, "version": {"essentia_build_sha": "70f2e5ece6736b2c40cc944ad0e695b16b925413", "essentia": "2.1-beta2", "extractor": "music 1.0", "essentia_git_sha": "v2.1_beta2"}, "tags": {"title": ["BWV570 Fantasia in C"], "language": ["zxx"], "media": ["Digital Media"], "date": ["2010-02-08"], "file_name": "05 - Johann Sebastian Bach - BWV570 Fantasia in C.m4a", "composersort": ["Bach, Johann Sebastian"], "musicbrainz_releasegroupid": ["b6e5adc6-9054-40e0-9444-5f9265e3e344"], "musicbrainz_artistid": ["24f1766e-9635-4d58-a4d4-9413f9f98a4c"], "artistsort": ["Bach, Johann Sebastian"], "musicbrainz_albumid": ["f3719df7-e607-4ebd-a068-4b2a53197cc7"], "musicbrainz_recordingid": ["1d9846ed-bc3f-4517-9841-fe473f2a2fe3"], "license": ["http://creativecommons.org/licenses/by-nc-nd/3.0/"], "musicbrainz_albumartistid": ["24f1766e-9635-4d58-a4d4-9413f9f98a4c", "437c5876-f406-45be-a3cc-e76d244ee497"], "musicbrainz_workid": ["0fb5991d-2724-30e6-8dee-4834ad070e5a"], "artist": ["Johann Sebastian Bach"], "tracknumber": ["5/28"], "composer": ["Johann Sebastian Bach"], "album": ["Other Free Works"], "label": ["Block M Records"], "albumartistsort": ["Bach, Johann Sebastian; Kibbie, James"], "script": ["Latn"]}}, "rhythm": {"bpm_histogram_first_peak_bpm": {"dmean2": 0, "median": 123, "min": 123, "dvar2": 0, "dvar": 0, "dmean": 0, "max": 123, "var": 0, "mean": 123}, "bpm": 122.872642517, "bpm_histogram_second_peak_spread": {"dmean2": 0, "median": 0.637254953384, "min": 0.637254953384, "dvar2": 0, "dvar": 0, "dmean": 0, "max": 0.637254953384, "var": 0, "mean": 0.637254953384}, "bpm_histogram_first_peak_weight": {"dmean2": 0, "median": 0.1171875, "min": 0.1171875, "dvar2": 0, "dvar": 0, "dmean": 0, "max": 0.1171875, "var": 0, "mean": 0.1171875}, "onset_rate": 0.279121935368, "beats_position": [0.49922901392, 0.986848056316, 1.47446703911, 1.9620860815, 2.4497051239, 2.94893407822, 3.43655323982, 3.92417216301, 4.40018129349, 4.87619018555, 5.36380958557, 5.85142850876, 6.33904743195, 6.81505680084, 7.2910656929, 7.77868461609, 8.26630401611, 8.74231243134, 9.21832180023, 9.682721138, 10.1587295532, 10.623128891, 11.0991382599, 11.5519275665, 12.0047159195, 12.4691152573, 12.933514595, 13.3979139328, 13.8623123169, 14.3267116547, 14.7795009613, 15.2322902679, 15.696688652, 16.1494789124, 16.602268219, 17.0550556183, 17.5078449249, 17.9722442627, 18.4250335693, 18.877822876, 19.3306121826, 19.7950115204, 20.247800827, 20.7121982574, 21.1998176575, 21.6990470886, 22.1866664886, 22.6742858887, 23.1735134125, 23.6611328125, 24.1835823059, 24.7060317993, 25.2168693542, 25.7277088165, 26.2385482788, 26.73777771, 27.2486171722, 27.7710647583, 28.2819042206, 28.7927436829, 29.3035831451, 29.8260307312, 30.3600902557, 30.8941497803, 31.4165973663, 31.9390468597, 32.4614944458, 32.9258956909, 33.3902931213, 33.8546943665, 34.3074836731, 34.7602729797, 35.2130622864, 35.6542396545, 36.0257606506, 36.3856697083, 36.7455787659, 37.1287078857, 37.5002250671, 37.883354187, 38.2664833069, 38.638004303, 38.9979133606, 39.3578224182, 39.7061233521, 40.0544204712, 40.4259414673, 40.7742385864, 41.1225395203, 41.4940567017, 41.8771858215, 42.2603149414, 42.6550559998, 43.0381851196, 43.4445343018, 43.8741035461, 44.2804527283, 44.7216300964, 45.1744194031, 45.6156005859, 46.0567779541, 46.5443992615, 47.0204086304, 47.4964179993, 47.9956436157, 48.4948730469, 48.994102478, 49.4933319092, 49.9809532166, 50.4685707092, 50.9794082642, 51.4786376953, 51.9894790649, 52.4887046814, 52.9879341125, 53.4871635437, 53.9863929749, 54.4972343445, 54.9964599609, 55.4956893921, 55.9949188232, 56.5754165649, 57.1443061829, 57.7131958008, 58.2356452942, 58.7697029114, 59.3037643433, 59.8378219604, 60.3834915161, 60.952381134, 61.5212669373, 62.0901565552, 62.6938781738, 63.2975959778, 63.889705658, 64.4237594604, 64.957824707, 65.4686584473, 65.9794998169, 66.4903411865, 67.0011749268, 67.5120162964, 68.0344696045, 68.5685272217, 69.1025848389, 69.6250305176, 70.1474838257, 70.6583175659, 71.1691589355, 71.6800003052, 72.1908340454, 72.701675415, 73.2357330322, 73.7814025879, 74.3735122681, 74.9540100098, 75.5461196899, 76.1382293701, 76.7303390503, 77.3340606689, 77.9377746582, 78.5298843384, 79.0523376465, 79.5747833252, 80.1088409424, 80.6312942505, 81.1537399292, 81.6761856079, 82.1870269775, 82.7094802856, 83.2203140259, 83.7311553955, 84.2536010742, 84.7644424438, 85.2752838135, 85.7745132446, 86.2969589233, 86.8194122314, 87.3418579102, 87.8410873413, 88.3519287109, 88.8627624512, 89.3852157593, 89.8960494995, 90.4185028076, 91.0222167969, 91.6143264771, 92.2180480957, 92.8217697144, 93.4370956421, 94.0408172607, 94.6561431885, 95.2714691162, 95.8868026733, 96.5137405396, 97.0826263428, 97.6282958984, 98.1971893311, 98.7544631958, 99.3233566284, 99.8922424316, 100.449523926, 101.006797791, 101.540863037, 102.086524963, 102.632194519, 103.189476013, 103.746757507, 104.280815125, 104.814872742, 105.360542297, 105.836547852, 106.324172974, 106.811790466, 107.299407959, 107.787025452, 108.274642944, 108.750656128, 109.226661682, 109.702674866, 110.236732483, 110.782402039, 111.316459656, 111.850517273, 112.38457489, 112.918640137, 113.441085815, 113.963539124, 114.497596741, 115.031654358, 115.554100037, 116.006889343, 116.471290588, 116.935691833, 117.38848114, 117.841270447, 118.294059753, 118.74684906, 119.2576828, 119.745300293, 120.244529724, 120.778594971, 121.324264526, 121.858322144, 122.403991699, 122.949661255, 123.495323181, 124.040992737, 124.575057983, 125.085891724, 125.608345032, 126.13079071, 126.64163208, 127.140861511, 127.651695251, 128.162536621, 128.661773682, 129.160995483, 129.625396729, 130.089797974, 130.554199219, 131.053421021, 131.541046143, 132.028656006, 132.516281128, 133.01550293, 133.503128052, 133.990753174, 134.478363037, 134.954376221, 135.441986084, 135.917999268, 136.394012451, 136.928070068, 137.450515747, 137.972961426, 138.495422363, 139.017868042, 139.551925659, 140.085983276, 140.620040894, 141.165710449, 141.653335571, 142.129333496, 142.60534668, 143.081359863, 143.557373047, 144.033370972, 144.520996094, 145.008621216, 145.484619141, 145.960632324, 146.436645508, 146.912643433, 147.400268555, 147.887893677, 148.387115479, 148.886352539, 149.385574341, 149.873199463, 150.372421265, 150.871658325, 151.370880127, 151.870117188, 152.369338989, 152.86857605, 153.37940979, 153.89024353, 154.401092529, 154.946762085, 155.50402832, 156.049697876, 156.595367432, 157.152648926, 157.675094604, 158.197555542, 158.720001221, 159.242446899, 159.776504517, 160.298950195, 160.798187256, 161.297409058, 161.796646118, 162.342315674, 162.899581909, 163.456863403, 164.014144897, 164.571426392, 165.117095947, 165.662765503, 166.208435059, 166.672836304, 167.137237549, 167.601623535, 168.06602478, 168.530426025, 168.994827271, 169.482452393, 169.970062256, 170.457687378, 170.933700562, 171.421310425, 171.897323608, 172.384933472, 172.872558594, 173.360183716, 173.847793579, 174.312194824, 174.776596069, 175.240997314, 175.693786621, 176.158187866, 176.610977173, 177.063766479, 177.516555786, 177.969345093, 178.433731079, 178.886520386, 179.350921631, 179.815322876, 180.268112183, 180.720901489, 181.173690796, 181.510375977, 181.847076416, 182.183761597, 182.532058716, 182.880355835, 183.228652954, 183.576965332, 183.925262451, 184.296783447, 184.668289185, 185.039810181, 185.411331177, 185.771240234, 186.14276123, 186.514282227, 186.885803223, 187.257324219, 187.628845215, 188.011962891, 188.395095825, 188.77822876, 189.161361694], "beats_loudness": {"dmean2": 0.0272201038897, "median": 0.0326086096466, "min": 0, "dvar2": 0.0013808994554, "dvar": 0.000569563533645, "dmean": 0.0166602451354, "max": 0.234176144004, "var": 0.00167018303182, "mean": 0.0426653213799}, "danceability": 0.786884844303, "bpm_histogram_second_peak_weight": {"dmean2": 0, "median": 0.0963541641831, "min": 0.0963541641831, "dvar2": 0, "dvar": 0, "dmean": 0, "max": 0.0963541641831, "var": 0, "mean": 0.0963541641831}, "beats_count": 385, "bpm_histogram_second_peak_bpm": {"dmean2": 0, "median": 115, "min": 115, "dvar2": 0, "dvar": 0, "dmean": 0, "max": 115, "var": 0, "mean": 115}, "bpm_histogram_first_peak_spread": {"dmean2": 0, "median": 0.587155938148, "min": 0.587155938148, "dvar2": 0, "dvar": 0, "dmean": 0, "max": 0.587155938148, "var": 0, "mean": 0.587155938148}, "beats_loudness_band_ratio": {"dmean2": [0.211060971022, 0.231040731072, 0.23005284369, 0.0536385886371, 0.00307697919197, 0.000350882299244], "median": [0.182580187917, 0.457609772682, 0.277191132307, 0.0253781098872, 0.00157901912462, 3.75696108676e-05], "min": [0, 0, 0, 0, 0, 0], "dvar2": [0.044021204114, 0.0385799594223, 0.0365525819361, 0.0101358005777, 1.31933547891e-05, 1.15168422781e-05], "dvar": [0.0188271161169, 0.01714669168, 0.0142177129164, 0.00361244077794, 5.00229589306e-06, 4.28442535849e-06], "dmean": [0.124851979315, 0.141462743282, 0.139485999942, 0.0309706646949, 0.00185900938231, 0.000210125857848], "max": [0.961851835251, 0.908486366272, 0.92488348484, 0.452448457479, 0.0160538237542, 0.0333051122725], "var": [0.0632600039244, 0.0556658394635, 0.0392203703523, 0.00348413456231, 6.8398944677e-06, 3.23286008097e-06], "mean": [0.27501142025, 0.432937473059, 0.317632526159, 0.042122066021, 0.00256446772255, 0.000186252742424]}}, "lowlevel": {"barkbands_spread": {"dmean2": 0.63379150629, "median": 3.00149559975, "min": 0.568773567677, "dvar2": 3.87798595428, "dvar": 1.32903623581, "dmean": 0.412262141705, "max": 72.3110046387, "var": 9.23853206635, "mean": 3.61287045479}, "melbands_spread": {"dmean2": 1.09281551838, "median": 4.74023532867, "min": 0.849846482277, "dvar2": 14.2061195374, "dvar": 6.0297088623, "dmean": 0.705312311649, "max": 156.98348999, "var": 176.750549316, "mean": 6.55220508575}, "hfc": {"dmean2": 2.08264231682, "median": 11.9176673889, "min": 1.07410276043e-16, "dvar2": 6.41692113876, "dvar": 2.20814013481, "dmean": 1.34622120857, "max": 38.0250663757, "var": 32.6932373047, "mean": 12.6153326035}, "barkbands_kurtosis": {"dmean2": 1.65775704384, "median": 2.71534848213, "min": -1.80434334278, "dvar2": 7.75200080872, "dvar": 3.09055519104, "dmean": 1.08976054192, "max": 69.99243927, "var": 19.9836235046, "mean": 3.87271571159}, "gfcc": {"mean": [-166.792541504, 224.96333313, -104.598838806, -49.8730163574, -51.4661445618, -30.301202774, -34.0728302002, -22.7729244232, -15.2863645554, -15.4479904175, -9.44495296478, -19.5587024689, -11.9365577698], "icov": [[0.00150350597687, -0.00518510211259, 0.00281879142858, -0.00275597325526, 0.00212799129076, -0.000491429760586, 0.000412648718338, -0.00137220846955, 0.00124685594346, -0.00143357331399, 0.00119481713045, -0.000735306122806, -0.000690378888976], [-0.00518510211259, 0.0196207556874, -0.00965176988393, 0.00989111699164, -0.00732027133927, 0.000930520996917, -0.00109417818021, 0.00631818408147, -0.00755617953837, 0.00886910874397, -0.00779590150341, 0.00643449136987, 0.00222722953185], [0.00281879142858, -0.00965176988393, 0.0078403595835, -0.00710257980973, 0.00309374858625, -0.0015224708477, 0.000985270016827, -0.0011972039938, 0.00175010971725, -0.00167506525759, 0.00178632512689, -0.00165890168864, -0.000983629492112], [-0.00275597325526, 0.00989111699164, -0.00710257980973, 0.0154184810817, -0.0105990637094, 0.00419618654996, -0.00721198134124, 0.00447322940454, -9.30441965465e-05, -0.0026103190612, 0.00550827663392, -0.00331300008111, 0.00296915671788], [0.00212799129076, -0.00732027133927, 0.00309374858625, -0.0105990637094, 0.0196393672377, -0.0141915688291, 0.00737471506, -0.0045923688449, -0.00472398661077, 0.00928370375186, -0.014438893646, 0.0109647642821, -0.00425726408139], [-0.000491429760586, 0.000930520996917, -0.0015224708477, 0.00419618654996, -0.0141915688291, 0.0303718224168, -0.0160154495388, 0.00443372223526, 0.00354268890806, -0.0155231058598, 0.0215816870332, -0.0200838409364, 0.0130328945816], [0.000412648718338, -0.00109417818021, 0.000985270016827, -0.00721198134124, 0.00737471506, -0.0160154495388, 0.0268456209451, -0.0173025615513, -0.00178561301436, 0.00911521166563, -0.0144808683544, 0.0199145302176, -0.0134099712595], [-0.00137220846955, 0.00631818408147, -0.0011972039938, 0.00447322940454, -0.0045923688449, 0.00443372223526, -0.0173025615513, 0.0298606213182, -0.016126954928, 0.00400378322229, 0.00270409579389, -0.00903829094023, 0.00971224252135], [0.00124685594346, -0.00755617953837, 0.00175010971725, -9.30441965465e-05, -0.00472398661077, 0.00354268890806, -0.00178561301436, -0.016126954928, 0.0404118001461, -0.0300843622535, 0.0207363311201, -0.0124719152227, -0.00146486691665], [-0.00143357331399, 0.00886910874397, -0.00167506525759, -0.0026103190612, 0.00928370375186, -0.0155231058598, 0.00911521166563, 0.00400378322229, -0.0300843622535, 0.0517797321081, -0.0454302355647, 0.0273887328804, -0.00490590743721], [0.00119481713045, -0.00779590150341, 0.00178632512689, 0.00550827663392, -0.014438893646, 0.0215816870332, -0.0144808683544, 0.00270409579389, 0.0207363311201, -0.0454302355647, 0.0615392960608, -0.0431833378971, 0.0173306427896], [-0.000735306122806, 0.00643449136987, -0.00165890168864, -0.00331300008111, 0.0109647642821, -0.0200838409364, 0.0199145302176, -0.00903829094023, -0.0124719152227, 0.0273887328804, -0.0431833378971, 0.0572623163462, -0.0313701331615], [-0.000690378888976, 0.00222722953185, -0.000983629492112, 0.00296915671788, -0.00425726408139, 0.0130328945816, -0.0134099712595, 0.00971224252135, -0.00146486691665, -0.00490590743721, 0.0173306427896, -0.0313701331615, 0.037111941725]], "cov": [[12615.6933594, 3108.05053711, -1195.47583008, -486.447357178, -288.409179688, -262.23550415, -199.803726196, -221.595504761, -50.4654312134, -140.91998291, -61.3264389038, -340.495727539, -179.6040802], [3108.05053711, 1020.33288574, 6.43473863602, -54.2618408203, 68.7070770264, -9.12345123291, -31.4516181946, -72.5409469604, 4.28476381302, -37.8935813904, -7.00170230865, -131.860031128, -93.2290649414], [-1195.47583008, 6.43473863602, 788.742126465, 379.335723877, 323.874664307, 205.839706421, 171.737243652, 79.6961746216, 77.9267196655, 30.2316741943, -10.5578165054, -39.7914657593, -47.6361045837], [-486.447357178, -54.2618408203, 379.335723877, 418.833099365, 302.73236084, 213.578201294, 232.207077026, 143.265487671, 107.042175293, 52.9953536987, -17.6327915192, -43.690372467, -40.5771484375], [-288.409179688, 68.7070770264, 323.874664307, 302.73236084, 362.416381836, 223.145126343, 197.591903687, 134.07484436, 115.487937927, 65.3584747314, 15.5756597519, -52.81199646, -64.3203811646], [-262.23550415, -9.12345123291, 205.839706421, 213.578201294, 223.145126343, 215.527328491, 189.681488037, 130.556518555, 101.536102295, 59.4599571228, -4.68879413605, -29.8609409332, -42.8640899658], [-199.803726196, -31.4516181946, 171.737243652, 232.207077026, 197.591903687, 189.681488037, 272.569671631, 183.104095459, 117.294586182, 54.8286895752, -10.1730251312, -41.1931304932, -27.4209632874], [-221.595504761, -72.5409469604, 79.6961746216, 143.265487671, 134.07484436, 130.556518555, 183.104095459, 184.117416382, 112.255119324, 54.990776062, 2.57590770721, -8.55655193329, -18.3434028625], [-50.4654312134, 4.28476381302, 77.9267196655, 107.042175293, 115.487937927, 101.536102295, 117.294586182, 112.255119324, 122.561103821, 75.0588684082, 17.3518371582, -7.62812566757, -16.8889656067], [-140.91998291, -37.8935813904, 30.2316741943, 52.9953536987, 65.3584747314, 59.4599571228, 54.8286895752, 54.990776062, 75.0588684082, 114.358596802, 64.4895706177, 2.97132563591, -21.2728252411], [-61.3264389038, -7.00170230865, -10.5578165054, -17.6327915192, 15.5756597519, -4.68879413605, -10.1730251312, 2.57590770721, 17.3518371582, 64.4895706177, 90.2599639893, 38.4958686829, -0.906412482262], [-340.495727539, -131.860031128, -39.7914657593, -43.690372467, -52.81199646, -29.8609409332, -41.1931304932, -8.55655193329, -7.62812566757, 2.97132563591, 38.4958686829, 94.414024353, 57.7244110107], [-179.6040802, -93.2290649414, -47.6361045837, -40.5771484375, -64.3203811646, -42.8640899658, -27.4209632874, -18.3434028625, -16.8889656067, -21.2728252411, -0.906412482262, 57.7244110107, 79.4880447388]]}, "spectral_energyband_middle_low": {"dmean2": 0.00636654207483, "median": 0.0252434108406, "min": 1.650661783e-22, "dvar2": 8.40915745357e-05, "dvar": 2.80751410173e-05, "dmean": 0.00396163063124, "max": 0.104551792145, "var": 0.000201503120479, "mean": 0.0273466575891}, "melbands_crest": {"dmean2": 2.48487329483, "median": 14.0051879883, "min": 1.57646930218, "dvar2": 9.65975475311, "dvar": 3.31273937225, "dmean": 1.55466210842, "max": 31.6132259369, "var": 31.5148563385, "mean": 15.2910070419}, "spectral_kurtosis": {"dmean2": 50.3079833984, "median": 102.08152771, "min": -1.32223141193, "dvar2": 1718.19665527, "dvar": 605.669799805, "dmean": 28.3692855835, "max": 250.427001953, "var": 1756.65087891, "mean": 102.314651489}, "spectral_rms": {"dmean2": 0.00057619297877, "median": 0.00558721460402, "min": 3.13025408545e-12, "dvar2": 5.29082740286e-07, "dvar": 1.82727575293e-07, "dmean": 0.000376349315047, "max": 0.0155245205387, "var": 6.22376137471e-06, "mean": 0.00599590828642}, "zerocrossingrate": {"dmean2": 0.00233916332945, "median": 0.0185546875, "min": 0.00439453125, "dvar2": 4.96448737977e-05, "dvar": 3.12467382173e-05, "dmean": 0.00169271230698, "max": 0.521484375, "var": 0.00258684670553, "mean": 0.0238067861646}, "silence_rate_60dB": {"dmean2": 0.000978473573923, "median": 0, "min": 0, "dvar2": 0.00122213084251, "dvar": 0.000488936784677, "dmean": 0.000489176949486, "max": 1, "var": 0.0216430071741, "mean": 0.0221325512975}, "erbbands_kurtosis": {"dmean2": 0.814755797386, "median": 1.27002906799, "min": -1.63279616833, "dvar2": 1.11591541767, "dvar": 0.412500977516, "dmean": 0.538121640682, "max": 12.928486824, "var": 2.61109972, "mean": 1.48504221439}, "erbbands": {"dmean2": [0.00301224808209, 0.137449130416, 0.846840977669, 2.77641844749, 6.90618228912, 12.8077201843, 13.5206880569, 21.13007164, 10.4359054565, 19.0380115509, 17.3121376038, 11.0265893936, 6.20121097565, 2.83262968063, 3.2707529068, 1.80225241184, 1.37402796745, 1.1357499361, 0.563155829906, 0.343749165535, 0.296365320683, 0.113211303949, 0.0670578256249, 0.0364038236439, 0.0178266819566, 0.00640585413203, 0.00395133392885, 0.00197173724882, 0.00120203616098, 0.000665569677949, 0.000383900245652, 0.000192966399482, 0.000107661602669, 6.77316565998e-05, 4.32920496678e-05, 2.2745667593e-05, 8.39806580188e-06, 2.47045772994e-06, 3.37912024406e-06, 7.89347632235e-06], "median": [0.000521905720234, 0.00644317781553, 0.128247097135, 3.35065984726, 12.315568924, 12.8097457886, 23.2958335876, 27.8644237518, 32.2531967163, 46.2404289246, 66.1850891113, 42.2634963989, 11.5640983582, 4.75021362305, 7.3077287674, 6.09857940674, 4.52606487274, 2.81686306, 1.34025025368, 0.442446053028, 0.314150810242, 0.155266478658, 0.0847688317299, 0.0402469225228, 0.024179244414, 0.011527121067, 0.00485523790121, 0.00235185865313, 0.00170463463292, 0.00127429282293, 0.000740748771932, 0.000437612878159, 0.000251108576776, 0.000160143652465, 0.000102845988295, 5.5204549426e-05, 2.30620480579e-05, 5.9422409322e-06, 1.62299729709e-05, 3.58789220627e-05], "min": [6.60048943967e-23, 6.18357493665e-22, 1.99360342317e-21, 3.03928856051e-21, 1.0055478137e-20, 2.49165557468e-20, 3.11490336982e-20, 8.28046050269e-20, 1.13781407443e-19, 1.61494115753e-19, 1.92169682255e-19, 3.6508386647e-19, 3.94048577895e-19, 7.46075501793e-19, 1.01069042465e-18, 1.38029095576e-18, 1.23590006579e-18, 2.10606491208e-18, 2.44030977926e-18, 3.36095559717e-18, 4.07423881605e-18, 5.15505699265e-18, 4.75659540619e-18, 6.76523064302e-18, 7.91488430866e-18, 9.69662224911e-18, 1.06370265167e-17, 1.09806315529e-17, 1.14699651335e-17, 1.09716880761e-17, 1.08171533669e-17, 9.43969746931e-18, 9.21017883756e-18, 8.30875132041e-18, 6.15178812408e-18, 4.19076788484e-18, 1.99567621177e-18, 9.93881184027e-19, 2.45102068251e-19, 2.64423404698e-20], "dvar2": [0.000203952804441, 0.408496141434, 8.52247428894, 68.1680908203, 211.212478638, 1021.96813965, 1031.87268066, 3256.81933594, 335.181640625, 938.19744873, 547.166687012, 245.978652954, 120.118392944, 29.6531486511, 22.2825737, 4.284304142, 3.48531365395, 2.63699364662, 0.51400822401, 0.286301910877, 0.264942854643, 0.0345315784216, 0.0124191502109, 0.0180894080549, 0.00103228492662, 6.68181819492e-05, 4.88562291139e-05, 1.22796800497e-05, 3.58864895134e-06, 1.35230720844e-06, 3.86651009876e-07, 3.75548658837e-08, 1.21388108454e-08, 4.98342034305e-09, 2.30253727196e-09, 6.59106547118e-10, 9.43964281741e-11, 7.78651709082e-12, 1.95073037584e-11, 1.14401606244e-10], "dvar": [0.000123116769828, 0.220849975944, 5.4720416069, 22.2639484406, 74.0433349609, 359.609832764, 368.122558594, 938.569885254, 125.433006287, 360.248260498, 228.970672607, 130.986907959, 98.0822677612, 24.2612361908, 13.8197565079, 3.36701321602, 2.00668478012, 1.64078855515, 0.228201791644, 0.110330954194, 0.114944152534, 0.0169259700924, 0.00441036839038, 0.00643725087866, 0.000442461750936, 3.22600135405e-05, 3.09860661218e-05, 5.71523150938e-06, 1.82512428637e-06, 5.27203781076e-07, 1.52148302845e-07, 1.51051597896e-08, 4.77352601891e-09, 2.00272665118e-09, 9.31675958604e-10, 2.74651607013e-10, 3.82170822766e-11, 2.83083474197e-12, 7.08423987875e-12, 4.10783872196e-11], "dmean": [0.00232993299142, 0.120210945606, 0.820600390434, 1.84343087673, 4.34089279175, 8.00286960602, 9.01822280884, 12.8326025009, 7.41674757004, 12.7558298111, 12.1055774689, 8.09979343414, 4.90085697174, 2.28796410561, 2.45162463188, 1.48972415924, 1.1196064949, 0.873470723629, 0.390185564756, 0.215599507093, 0.189860761166, 0.0778102129698, 0.0412931703031, 0.0224350318313, 0.0119138564914, 0.0042542158626, 0.00275599840097, 0.00127228186466, 0.000776228960603, 0.000412736466387, 0.000233694780036, 0.000117545729154, 6.47743727313e-05, 4.09542080888e-05, 2.64668706222e-05, 1.38353325383e-05, 5.10479185323e-06, 1.44862337947e-06, 2.21370078179e-06, 5.23447170053e-06], "max": [0.852384269238, 24.9253902435, 189.860855103, 109.508605957, 145.371490479, 380.673187256, 429.506439209, 554.042419434, 377.119873047, 392.016906738, 352.182037354, 301.040466309, 417.529144287, 206.217498779, 317.453826904, 54.2079620361, 55.1318092346, 36.0028076172, 14.0484876633, 7.64195156097, 8.99698543549, 3.68947863579, 2.59525036812, 4.88548994064, 0.720671534538, 0.18108984828, 0.14831276238, 0.0571225173771, 0.0301313828677, 0.0380949787796, 0.0191086418927, 0.00301373051479, 0.00159649399575, 0.00110360840335, 0.000579441199079, 0.000302942731651, 0.000119963675388, 3.04893965222e-05, 0.000113835412776, 0.000268784089712], "var": [0.00373834255151, 19.4641551971, 1186.31237793, 185.485626221, 300.858856201, 2010.12988281, 1999.11352539, 5450.34863281, 2316.96948242, 3239.26391602, 3240.9699707, 1864.40588379, 1233.05358887, 263.187103271, 166.090744019, 50.6750030518, 40.2540016174, 16.7167835236, 4.21571588516, 0.491196215153, 0.31969794631, 0.0905447900295, 0.0118758780882, 0.00906328298151, 0.00161137897521, 0.000202647643164, 0.00023770959524, 3.48002176906e-05, 1.37525894388e-05, 1.8670755253e-06, 5.73173281282e-07, 7.15828818443e-08, 1.62337396858e-08, 6.42583897204e-09, 3.00528446573e-09, 1.07940179017e-09, 2.21480195295e-10, 5.86722727694e-12, 3.38343547623e-10, 1.98860417022e-09], "mean": [0.0205809362233, 1.47045791149, 11.8776788712, 9.55833339691, 17.0363483429, 30.5192146301, 40.6068687439, 63.8356132507, 47.3664932251, 63.0226669312, 75.5580673218, 49.3464355469, 23.0798454285, 9.61336898804, 11.3460931778, 7.92363786697, 6.25335025787, 4.03498029709, 2.11151218414, 0.66873383522, 0.479131966829, 0.261574119329, 0.11599188298, 0.0678861960769, 0.0392420887947, 0.0157729797065, 0.00949347857386, 0.00430417014286, 0.00285463756882, 0.00162988586817, 0.000938767858315, 0.000500094378367, 0.000277476094197, 0.000176588975592, 0.000115821756481, 6.39477511868e-05, 2.69007632596e-05, 6.40038570054e-06, 2.1136698706e-05, 4.79203263239e-05]}, "spectral_strongpeak": {"dmean2": 0.432770818472, "median": 1.28387796879, "min": 0, "dvar2": 0.384435594082, "dvar": 0.147635608912, "dmean": 0.250312924385, "max": 4.47697544098, "var": 0.384425222874, "mean": 1.30168807507}, "spectral_energy": {"dmean2": 0.00716969650239, "median": 0.0319973900914, "min": 1.0043453322e-20, "dvar2": 9.527484508e-05, "dvar": 3.42883067788e-05, "dmean": 0.00475904997438, "max": 0.247035995126, "var": 0.00169210485183, "mean": 0.0432289876044}, "average_loudness": 0.311974644661, "spectral_rolloff": {"dmean2": 62.97082901, "median": 538.330078125, "min": 86.1328125, "dvar2": 135515.46875, "dvar": 71660.71875, "dmean": 35.7715034485, "max": 19530.6152344, "var": 3570149.75, "mean": 716.256469727}, "spectral_centroid": {"dmean2": 39.3506126404, "median": 388.64263916, "min": 159.832717896, "dvar2": 34194.4882812, "dvar": 19373.2851562, "dmean": 25.1254653931, "max": 11707.8515625, "var": 1213785.125, "mean": 511.967712402}, "pitch_salience": {"dmean2": 0.0533662699163, "median": 0.524680972099, "min": 0.121031425893, "dvar2": 0.00353133189492, "dvar": 0.00126044824719, "dmean": 0.0335879810154, "max": 0.827113509178, "var": 0.0157940983772, "mean": 0.513547837734}, "spectral_energyband_middle_high": {"dmean2": 0.000226836054935, "median": 0.000900414655916, "min": 1.15799277793e-21, "dvar2": 1.20448262919e-07, "dvar": 1.25696260511e-07, "dmean": 0.000190465303604, "max": 0.0171223245561, "var": 1.55401846769e-06, "mean": 0.00116472574882}, "spectral_contrast_coeffs": {"dmean2": [0.0550930649042, 0.043781388551, 0.0404962338507, 0.0314276926219, 0.022388452664, 0.0256400667131], "median": [-0.379308253527, -0.577216923237, -0.632218718529, -0.696861982346, -0.804437160492, -0.830110669136], "min": [-0.978505134583, -0.977351605892, -0.974160611629, -0.97007381916, -0.966225981712, -0.96422213316], "dvar2": [0.0023597846739, 0.00136395299342, 0.00101445731707, 0.000579396728426, 0.000301120366203, 0.000467744568596], "dvar": [0.000829892407637, 0.000517884211149, 0.000408765306929, 0.000227347452892, 0.000110832508653, 0.000151868240209], "dmean": [0.0327053740621, 0.0266539417207, 0.0253109764308, 0.0193356983364, 0.0134530998766, 0.01480206009], "max": [-0.185615956783, -0.322459995747, -0.403506785631, -0.5679885149, -0.700739383698, -0.762583673], "var": [0.0139705408365, 0.00830212235451, 0.00667716888711, 0.00311302370392, 0.00112251087558, 0.000599059509113], "mean": [-0.401577681303, -0.580408453941, -0.633048355579, -0.702722132206, -0.806430578232, -0.831216990948]}, "melbands_skewness": {"dmean2": 0.378918588161, "median": 1.25158500671, "min": -0.76724421978, "dvar2": 0.199010357261, "dvar": 0.0764172971249, "dmean": 0.246244862676, "max": 10.3753900528, "var": 1.22470474243, "mean": 1.4667545557}, "spectral_spread": {"dmean2": 453559.125, "median": 862372.5, "min": 362705.65625, "dvar2": 1001931931650.0, "dvar": 415657295872, "dmean": 254957.28125, "max": 51990988, "var": 17580148391900.0, "mean": 1366162}, "dissonance": {"dmean2": 0.0629997551441, "median": 0.341920614243, "min": 0.0929659605026, "dvar2": 0.00319386646152, "dvar": 0.00115667725913, "dmean": 0.0372844263911, "max": 0.49999910593, "var": 0.00421023741364, "mean": 0.340456098318}, "spectral_skewness": {"dmean2": 2.57816457748, "median": 7.47761058807, "min": -0.0718365386128, "dvar2": 3.6724858284, "dvar": 1.29081916809, "dmean": 1.45057296753, "max": 12.9016246796, "var": 4.07500267029, "mean": 7.40783643723}, "spectral_flux": {"dmean2": 0.0196856893599, "median": 0.0292619764805, "min": 6.43229983166e-11, "dvar2": 0.000481888273498, "dvar": 0.000167286314536, "dmean": 0.0117756696418, "max": 0.155867561698, "var": 0.000507200427819, "mean": 0.0353072322905}, "spectral_contrast_valleys": {"dmean2": [0.624125063419, 0.358805447817, 0.390343636274, 0.325837373734, 0.224253177643, 0.381460905075], "median": [-9.32723617554, -6.72578811646, -8.52333927155, -9.52751731873, -10.4281024933, -13.5034446716], "min": [-28.6376266479, -28.1850719452, -27.8265628815, -27.6079540253, -27.4964447021, -27.3909931183], "dvar2": [0.287433087826, 0.129379719496, 0.121370814741, 0.0914131328464, 0.0624907426536, 0.142715871334], "dvar": [0.113883167505, 0.0614754855633, 0.0564898699522, 0.0438983552158, 0.033532589674, 0.0553351342678], "dmean": [0.367708832026, 0.219859629869, 0.234882682562, 0.1941986233, 0.132548332214, 0.218080863357], "max": [-6.0477604866, -5.03462600708, -6.66272115707, -8.32957839966, -9.46559810638, -12.2209739685], "var": [4.35338401794, 5.2823805809, 4.16979980469, 3.60947036743, 3.16839528084, 2.12903881073], "mean": [-9.34541034698, -7.08654785156, -8.72882080078, -9.75315380096, -10.6356372833, -13.6364955902]}, "erbbands_flatness_db": {"dmean2": 0.0121104931459, "median": 0.378758430481, "min": 0.0343549475074, "dvar2": 0.000139277181006, "dvar": 5.50185686734e-05, "dmean": 0.00776835577562, "max": 0.454017609358, "var": 0.00219733221456, "mean": 0.371375024319}, "spectral_energyband_high": {"dmean2": 1.25557065189e-07, "median": 2.79424199334e-07, "min": 6.9194546813e-21, "dvar2": 3.72401287867e-14, "dvar": 2.1271861971e-14, "dmean": 8.60170601413e-08, "max": 3.97052508561e-06, "var": 2.38308559084e-13, "mean": 4.48800221875e-07}, "spectral_entropy": {"dmean2": 0.111555166543, "median": 5.33476257324, "min": 4.62312078476, "dvar2": 0.0132717210799, "dvar": 0.00532626034692, "dmean": 0.0716946795583, "max": 9.81999492645, "var": 0.296321690083, "mean": 5.40176963806}, "silence_rate_20dB": {"dmean2": 0, "median": 1, "min": 1, "dvar2": 0, "dvar": 0, "dmean": 0, "max": 1, "var": 0, "mean": 1}, "melbands_flatness_db": {"dmean2": 0.0173464119434, "median": 0.479221403599, "min": 0.00296600535512, "dvar2": 0.000349158537574, "dvar": 0.000132000917802, "dmean": 0.0110960491002, "max": 0.643442690372, "var": 0.00487746857107, "mean": 0.476714491844}, "barkbands": {"dmean2": [1.62640901635e-06, 0.000446730613476, 0.000813586928416, 0.00136763893533, 0.00331970630214, 0.00198634201661, 0.000655772339087, 0.00126726413146, 0.000490837963298, 0.000142404140206, 7.78594621806e-05, 6.69174987706e-05, 2.66963652393e-05, 2.29294655583e-05, 6.4170440055e-06, 7.35261619411e-06, 1.88809622159e-06, 1.21078869597e-06, 4.40754604369e-07, 2.23560832069e-07, 7.30606188881e-08, 2.84201959744e-08, 1.46114764732e-08, 7.06238223458e-09, 5.64170532513e-09, 4.42559766611e-09, 4.13807432764e-09], "median": [5.2238635817e-07, 8.59216470417e-06, 2.7175348805e-05, 0.000638526980765, 0.00555706303567, 0.00383963179775, 0.00161114125513, 0.00352697400376, 0.00167329027317, 0.000107864485472, 0.000131009990582, 0.000209250414628, 4.6768305765e-05, 5.79397456022e-05, 5.09857454745e-06, 6.44417923468e-06, 2.52653967436e-06, 9.12417704058e-07, 4.54356950286e-07, 2.81538063973e-07, 8.09126561307e-08, 4.63204905543e-08, 2.82942806962e-08, 1.61816693378e-08, 1.20422312122e-08, 7.75107800166e-09, 1.14200089385e-08], "min": [1.52646569638e-25, 2.65122581837e-24, 1.27591408051e-24, 4.97063376443e-25, 7.20397402751e-24, 1.02001773972e-23, 7.31638749536e-24, 7.22615521844e-24, 1.72423757746e-23, 1.75292639754e-23, 1.26129952505e-23, 2.22951844893e-23, 1.67941323865e-23, 3.72161635008e-23, 6.87094314351e-23, 8.00275028322e-23, 7.71070766522e-23, 9.35741567737e-23, 1.15590286451e-22, 1.99054269335e-22, 2.63598363729e-22, 3.18771497388e-22, 3.55715658494e-22, 5.76062836138e-22, 8.25285882255e-22, 1.11712942963e-21, 1.88729799171e-21], "dvar2": [7.24359244461e-12, 4.59448983747e-06, 6.26047994956e-06, 1.99144033104e-05, 4.72573156003e-05, 2.19549692702e-05, 1.6693827547e-06, 4.34832872998e-06, 4.59329584146e-07, 1.10863460634e-07, 1.64354716503e-08, 6.14489037432e-09, 1.69339220424e-09, 9.65182378465e-10, 1.1826153945e-10, 1.44066689134e-10, 8.24283002965e-12, 1.18173613256e-11, 9.04604082613e-13, 9.03863504767e-14, 1.8386310405e-14, 2.10394344362e-15, 4.33529753022e-16, 4.8561854704e-17, 3.71578762494e-17, 2.6868819801e-17, 1.98686202332e-17], "dvar": [2.68459993819e-12, 2.4563153147e-06, 4.09986796512e-06, 6.34300295133e-06, 1.63776803674e-05, 6.68675238558e-06, 6.29275689334e-07, 1.63442598478e-06, 2.63260403699e-07, 1.22802276792e-07, 9.53464152076e-09, 3.80071263351e-09, 9.63003676802e-10, 4.80385287105e-10, 5.13449838202e-11, 5.36633897041e-11, 3.96210408232e-12, 4.21030831727e-12, 3.3186271114e-13, 4.65340046769e-14, 1.2079851957e-14, 9.72546501137e-16, 1.70872962301e-16, 1.94484786564e-17, 1.49121755095e-17, 1.09861893795e-17, 7.05962091431e-18], "dmean": [9.59273279477e-07, 0.000374990748242, 0.000769170292187, 0.000858745479491, 0.00208081444725, 0.00125009880867, 0.000476892164443, 0.000853017671034, 0.000368867185898, 0.000123552890727, 5.94051853113e-05, 5.26838630321e-05, 2.1067176931e-05, 1.67802627402e-05, 4.24312565883e-06, 4.4764510676e-06, 1.30803869069e-06, 7.35303103738e-07, 2.75904056934e-07, 1.52445736035e-07, 5.11323428043e-08, 1.81721091508e-08, 8.96652974092e-09, 4.26829371847e-09, 3.46001693963e-09, 2.66989363951e-09, 2.39608000108e-09], "max": [5.33955462743e-05, 0.0726248845458, 0.165238142014, 0.0559429451823, 0.0724600404501, 0.0462639331818, 0.0237551126629, 0.0229241792113, 0.0135218594223, 0.0170654486865, 0.006588010