{"tonal": {"thpcp": [1, 0.694538474083, 0.469360738993, 0.45805054903, 0.432948857546, 0.400734394789, 0.362958282232, 0.301654458046, 0.307019680738, 0.324765741825, 0.32609128952, 0.300950318575, 0.22386777401, 0.183577179909, 0.250574558973, 0.358991652727, 0.328015744686, 0.337178200483, 0.467827886343, 0.423036783934, 0.38025188446, 0.405091643333, 0.316128224134, 0.261279314756, 0.29804456234, 0.31691429019, 0.302034199238, 0.327875554562, 0.355905771255, 0.450223922729, 0.569249331951, 0.495606184006, 0.602858603001, 0.921706199646, 0.904983103275, 0.935946464539], "hpcp": {"dmean2": [0.109299272299, 0.0911497622728, 0.111414790154, 0.154294312, 0.156672775745, 0.156214416027, 0.16919901967, 0.169080302119, 0.167471066117, 0.166119173169, 0.142168313265, 0.135027185082, 0.133285626769, 0.12499281019, 0.138254493475, 0.171895563602, 0.189610943198, 0.205115258694, 0.201904341578, 0.217210620642, 0.289088279009, 0.315017700195, 0.385071873665, 0.475261449814, 0.437595069408, 0.369964450598, 0.309941202402, 0.29168394208, 0.276914417744, 0.259624421597, 0.234582111239, 0.190034657717, 0.184030726552, 0.169662341475, 0.142965331674, 0.131982967257], "median": [0.0320697240531, 0.0269392021, 0.0347078405321, 0.0386173725128, 0.0511814728379, 0.0680670142174, 0.0788213312626, 0.0895005613565, 0.0672651082277, 0.0575701929629, 0.0591315552592, 0.0454149954021, 0.0385991297662, 0.0357154607773, 0.0417487807572, 0.0394559204578, 0.0402927994728, 0.0575940087438, 0.0653891414404, 0.0747231245041, 0.119746156037, 0.144474625587, 0.180675417185, 0.220044851303, 0.179063975811, 0.113886967301, 0.0658030807972, 0.06561383605, 0.0546446889639, 0.0554361343384, 0.059528671205, 0.0498741753399, 0.0455716475844, 0.0521467737854, 0.0373561680317, 0.0361448973417], "min": [0, 0, 0, 0, 0, 0, 0, 0, 0, 0, 0, 0, 0, 0, 0, 0, 0, 0, 0, 0, 0, 0, 0, 0, 0, 0, 0, 0, 0, 0, 0, 0, 0, 0, 0, 0], "dvar2": [0.0407851301134, 0.0234263855964, 0.0292397867888, 0.0587414242327, 0.0504709891975, 0.0458434075117, 0.0503710433841, 0.0463967658579, 0.0436530150473, 0.0504116341472, 0.0406142212451, 0.039102640003, 0.0433577820659, 0.0402724593878, 0.0495632328093, 0.0800764039159, 0.0979064926505, 0.0771052911878, 0.0757751986384, 0.0838854461908, 0.123133942485, 0.148968487978, 0.161796689034, 0.209401518106, 0.230148673058, 0.168693810701, 0.161789864302, 0.133353292942, 0.143480449915, 0.132078573108, 0.111408241093, 0.0739676952362, 0.0719891637564, 0.0674973875284, 0.0524663366377, 0.055821288377], "dvar": [0.0163556504995, 0.0092398673296, 0.0112725766376, 0.022247415036, 0.0191317424178, 0.0170644242316, 0.0206871815026, 0.0180844143033, 0.0170391257852, 0.0202831402421, 0.0151401599869, 0.0145481172949, 0.0179805979133, 0.0179541315883, 0.0188313759863, 0.0295208413154, 0.0361257717013, 0.0302579961717, 0.031200543046, 0.0317475832999, 0.0435222499073, 0.0539210624993, 0.0597262345254, 0.0748525857925, 0.0839903354645, 0.0633806884289, 0.0593931153417, 0.0493407137692, 0.0524059347808, 0.0485245324671, 0.0408488661051, 0.0276706516743, 0.0275054052472, 0.0274210423231, 0.021588511765, 0.0228304676712], "dmean": [0.0654387623072, 0.0533000826836, 0.0654054731131, 0.0917820781469, 0.0916898548603, 0.0912694558501, 0.101988427341, 0.102508813143, 0.0982541143894, 0.0972487181425, 0.0847682952881, 0.0773183852434, 0.0773234367371, 0.0732951834798, 0.080885566771, 0.0980772301555, 0.107473947108, 0.119281060994, 0.118158079684, 0.12654606998, 0.167075380683, 0.180933743715, 0.217462435365, 0.272276461124, 0.245673015714, 0.210220709443, 0.174943387508, 0.164306357503, 0.155410781503, 0.145354524255, 0.131115287542, 0.108128599823, 0.10594137758, 0.100135326385, 0.0852698162198, 0.0777806043625], "max": [1, 1, 1, 1, 1, 1, 1, 1, 1, 1, 1, 1, 1, 1, 1, 1, 1, 1, 1, 1, 1, 1, 1, 1, 1, 1, 1, 1, 1, 1, 1, 1, 1, 1, 1, 1], "var": [0.0200171452016, 0.012748863548, 0.021666482091, 0.0415490232408, 0.0272540319711, 0.0215511228889, 0.0452812053263, 0.0323975272477, 0.0293512120843, 0.0441403053701, 0.0211325585842, 0.0174898244441, 0.0352167971432, 0.0440031960607, 0.027464389801, 0.0382292419672, 0.050311755389, 0.0503998212516, 0.0855958759785, 0.0601074323058, 0.0613187663257, 0.141303271055, 0.11529058218, 0.10474229604, 0.141632288694, 0.0883652344346, 0.0598712936044, 0.0555384606123, 0.0550622902811, 0.048096511513, 0.0377526581287, 0.0260536074638, 0.0294304601848, 0.0355889163911, 0.044956702739, 0.0413454920053], "mean": [0.0811571627855, 0.0665509030223, 0.090838983655, 0.130142644048, 0.118913173676, 0.122234769166, 0.169598251581, 0.153360456228, 0.137849956751, 0.146854937077, 0.114603668451, 0.0947196930647, 0.108047939837, 0.114888645709, 0.109494268894, 0.118862353265, 0.129023939371, 0.163216412067, 0.206365838647, 0.179668515921, 0.218549966812, 0.334139466286, 0.328076958656, 0.339301884174, 0.362522751093, 0.251785993576, 0.170153945684, 0.16605374217, 0.156953811646, 0.145275339484, 0.131580635905, 0.109356604517, 0.111301615834, 0.117734968662, 0.118215508759, 0.109101332724]}, "tuning_equal_tempered_deviation": 0.108660116792, "chords_changes_rate": 0.0742705538869, "key_key": "E", "tuning_diatonic_strength": 0.399698734283, "key_scale": "major", "chords_number_rate": 0.00972590595484, "tuning_frequency": 441.527557373, "tuning_nontempered_energy_ratio": 0.804823935032, "chords_histogram": [6.63129997253, 0.44208663702, 4.95137023926, 15.0309457779, 0, 0.530503988266, 3.8019452095, 11.4058351517, 0, 0.0884173288941, 1.76834654808, 0, 3.8019452095, 0.176834657788, 3.62511062622, 0.176834657788, 0, 36.162689209, 0, 0.530503988266, 0, 0, 6.54288244247, 4.33244895935], "key_strength": 0.441067427397, "chords_key": "E", "chords_strength": {"dmean2": 0.0113704139367, "median": 0.484025508165, "min": 0.236771389842, "dvar2": 9.38881930779e-05, "dvar": 8.67741910042e-05, "dmean": 0.0111275333911, "max": 0.698663413525, "var": 0.00670038629323, "mean": 0.481645584106}, "chords_scale": "minor", "hpcp_entropy": {"dmean2": 1.17303466797, "median": 1.91435551643, "min": 0, "dvar2": 0.856480360031, "dvar": 0.31513017416, "dmean": 0.702082514763, "max": 4.40122461319, "var": 0.680268168449, "mean": 1.91967606544}}, "metadata": {"audio_properties": {"equal_loudness": 0, "codec": "mp3", "downmix": "mix", "sample_rate": 44100, "analysis_sample_rate": 44100, "bit_rate": 187884, "md5_encoded": "f9b48e2575bd939f02abadcf25f5aa6c", "length": 52.4538764954, "replay_gain": -15.2054920197, "lossless": false}, "version": {"essentia_build_sha": "70f2e5ece6736b2c40cc944ad0e695b16b925413", "essentia": "2.1-beta2", "extractor": "music 1.0", "essentia_git_sha": "v2.1_beta2"}, "tags": {"title": ["Master of Pimp"], "artist": ["Soil and Pimp Sessions"], "date": ["2005"], "genre": ["Jazz"], "album": ["Pimp Master"], "tracknumber": ["14"], "discnumber": ["1"], "musicbrainz_recordingid": ["1d9998d3-e174-4998-8eac-6cad79b87511"], "file_name": "1952279.mp3"}}, "rhythm": {"bpm_histogram_first_peak_bpm": {"dmean2": 0, "median": 98, "min": 98, "dvar2": 0, "dvar": 0, "dmean": 0, "max": 98, "var": 0, "mean": 98}, "bpm": 96.6887283325, "bpm_histogram_second_peak_spread": {"dmean2": 0, "median": 0.5, "min": 0.5, "dvar2": 0, "dvar": 0, "dmean": 0, "max": 0.5, "var": 0, "mean": 0.5}, "bpm_histogram_first_peak_weight": {"dmean2": 0, "median": 0.402438998222, "min": 0.402438998222, "dvar2": 0, "dvar": 0, "dmean": 0, "max": 0.402438998222, "var": 0, "mean": 0.402438998222}, "onset_rate": 2.38251852989, "beats_position": [0.592108845711, 1.20743763447, 1.82276642323, 2.43809509277, 3.05342388153, 3.64553284645, 4.22603178024, 4.79492044449, 5.36380958557, 5.92108821869, 6.5596370697, 7.18657588959, 7.81351470947, 8.44045352936, 9.06739234924, 9.682721138, 10.3096599579, 10.9365987778, 11.5519275665, 12.1788663864, 12.8058052063, 13.4327430725, 14.0712919235, 14.7098407745, 15.3483896255, 15.9869384766, 16.6254863739, 17.2640361786, 17.8793640137, 18.483083725, 19.0868015289, 19.6905212402, 20.3058490753, 20.9211788177, 21.548116684, 22.1634464264, 22.7787742615, 23.3824939728, 24.009431839, 24.6131515503, 25.2168693542, 25.8205890656, 26.4475269318, 27.0512466431, 27.6665763855, 28.2935142517, 28.9088420868, 29.5125617981, 30.1278915405, 30.7432193756, 31.358549118, 31.9738769531, 32.6124267578, 33.239364624, 33.8779144287, 34.4932403564, 35.1085700989, 35.7238998413, 36.3392295837, 36.9545555115, 37.5466651917, 38.1387748718, 38.7773246765, 39.4042625427, 40.0312004089, 40.6581382751, 41.2966880798, 41.9352378845, 42.585395813, 43.2123336792, 43.8392753601, 44.4546012878, 45.0699310303, 45.6968688965, 46.3354187012, 46.9739685059, 47.6241264343, 48.2742843628, 48.9360542297, 49.6210403442, 50.3060302734, 50.9910202026, 51.6760063171], "beats_loudness": {"dmean2": 0.0269615408033, "median": 0.0376788005233, "min": 7.23395442037e-06, "dvar2": 0.000400612159865, "dvar": 0.000145239624544, "dmean": 0.015648599714, "max": 0.0796342715621, "var": 0.000332846335368, "mean": 0.0393148250878}, "danceability": 1.2068426609, "bpm_histogram_second_peak_weight": {"dmean2": 0, "median": 0.0487804859877, "min": 0.0487804859877, "dvar2": 0, "dvar": 0, "dmean": 0, "max": 0.0487804859877, "var": 0, "mean": 0.0487804859877}, "beats_count": 83, "bpm_histogram_second_peak_bpm": {"dmean2": 0, "median": 88, "min": 88, "dvar2": 0, "dvar": 0, "dmean": 0, "max": 88, "var": 0, "mean": 88}, "bpm_histogram_first_peak_spread": {"dmean2": 0, "median": 0.528571486473, "min": 0.528571486473, "dvar2": 0, "dvar": 0, "dmean": 0, "max": 0.528571486473, "var": 0, "mean": 0.528571486473}, "beats_loudness_band_ratio": {"dmean2": [0.428646892309, 0.237765863538, 0.092443883419, 0.257877230644, 0.170070171356, 0.114308841527], "median": [0.376188993454, 0.0775511935353, 0.0687983259559, 0.104983337224, 0.105153545737, 0.0562053099275], "min": [0.000101462734165, 6.02779837209e-05, 0.000582375563681, 0.000767935242038, 0.00281982496381, 0.00605677533895], "dvar2": [0.0908962115645, 0.0524501204491, 0.00603063823655, 0.0433776564896, 0.0251418463886, 0.0290542170405], "dvar": [0.0379383228719, 0.0159956533462, 0.0023694250267, 0.0223400574178, 0.011473743245, 0.0142852272838], "dmean": [0.233271464705, 0.124445192516, 0.0548003017902, 0.141337037086, 0.0967477113008, 0.0595922134817], "max": [0.84294718504, 0.53938049078, 0.323467433453, 0.859884381294, 0.777500987053, 0.992394268513], "var": [0.0673407390714, 0.0146901467815, 0.00467422511429, 0.038519628346, 0.0195726901293, 0.0412397161126], "mean": [0.383717536926, 0.116108953953, 0.0841639563441, 0.192808791995, 0.151345565915, 0.112801164389]}}, "lowlevel": {"barkbands_spread": {"dmean2": 8.7111415863, "median": 30.6073379517, "min": 0.294871002436, "dvar2": 87.0870132446, "dvar": 43.7037963867, "dmean": 5.88059329987, "max": 110.603385925, "var": 210.531646729, "mean": 29.3973140717}, "melbands_spread": {"dmean2": 15.7077283859, "median": 44.6001205444, "min": 1.26819694042, "dvar2": 431.781341553, "dvar": 216.259552002, "dmean": 10.6518325806, "max": 239.338195801, "var": 701.479858398, "mean": 45.1913299561}, "hfc": {"dmean2": 8.86434078217, "median": 26.5110492706, "min": 1.19027875545e-16, "dvar2": 90.4496917725, "dvar": 52.5108947754, "dmean": 6.47563123703, "max": 117.831207275, "var": 380.002716064, "mean": 29.3237342834}, "barkbands_kurtosis": {"dmean2": 7.59070682526, "median": -0.59997844696, "min": -1.98798513412, "dvar2": 1270.25036621, "dvar": 473.39050293, "dmean": 4.62332868576, "max": 425.779632568, "var": 1033.6628418, "mean": 6.04815101624}, "gfcc": {"mean": [-10.8439064026, 65.733757019, -148.65637207, 42.883026123, -45.7594985962, 21.4962520599, -30.4131774902, 6.08561992645, -20.480670929, 5.69681215286, -14.2996253967, -5.78172063828, -12.5319404602], "icov": [[0.000233475744608, -0.000289375078864, 0.00013972115994, 0.000277680082945, -0.000396399875171, -6.79295553709e-05, 0.000463033502456, -0.000773072883021, 0.000766415905673, -0.000361896905815, 0.00019909896946, 3.70399538951e-05, 0.000372193899238], [-0.000289375078864, 0.00177380593959, -0.000606963585597, 5.75144294999e-05, -0.000772426254116, 0.000960004632361, -0.000296538550174, 0.000302903703414, -0.000635951117147, 0.00261407648213, -0.00186538160779, 0.00234667188488, -0.000685658073053], [0.00013972115994, -0.000606963585597, 0.00227744993754, -0.000767295423429, -0.000213619845454, 0.000468175858259, 1.82036255865e-05, -0.00044070079457, 0.00176725594793, -0.00249967956915, 0.00384656176902, -0.00263422867283, 0.00304429396056], [0.000277680082945, 5.75144294999e-05, -0.000767295423429, 0.0036019582767, -0.000800743990112, 0.00085933500668, -0.000758161302656, -2.55311533692e-05, -0.000127546896692, -0.000108681102574, 0.0004253135412, 0.00139896024484, 0.00178847217467], [-0.000396399875171, -0.000772426254116, -0.000213619845454, -0.000800743990112, 0.00879105646163, -0.0059445691295, 0.00127099908423, -0.000383120001061, -0.001698538661, 0.000335838296451, -0.000862227345351, 0.000943574414123, -0.00140573212411], [-6.79295553709e-05, 0.000960004632361, 0.000468175858259, 0.00085933500668, -0.0059445691295, 0.0151320323348, -0.00627679517493, 0.000618951278739, 0.000603046850301, -7.92885402916e-05, 0.000396248680772, -0.00299863354303, 0.00392540218309], [0.000463033502456, -0.000296538550174, 1.82036255865e-05, -0.000758161302656, 0.00127099908423, -0.00627679517493, 0.01078962069, -0.00260640447959, 0.00169441034086, -0.000117997973575, 6.80660959915e-05, 0.00196726690046, -0.00333268451504], [-0.000773072883021, 0.000302903703414, -0.00044070079457, -2.55311533692e-05, -0.000383120001061, 0.000618951278739, -0.00260640447959, 0.0130441775545, -0.00436914991587, -0.000939665362239, -1.92725456145e-05, -0.000904522312339, 0.00363581022248], [0.000766415905673, -0.000635951117147, 0.00176725594793, -0.000127546896692, -0.001698538661, 0.000603046850301, 0.00169441034086, -0.00436914991587, 0.0168021824211, -0.00534097710624, 0.00191821763292, 0.000710180262104, -0.00276086479425], [-0.000361896905815, 0.00261407648213, -0.00249967956915, -0.000108681102574, 0.000335838296451, -7.92885402916e-05, -0.000117997973575, -0.000939665362239, -0.00534097710624, 0.0188303608447, -0.00804871413857, 0.00117858080193, -0.000904728309251], [0.00019909896946, -0.00186538160779, 0.00384656176902, 0.0004253135412, -0.000862227345351, 0.000396248680772, 6.80660959915e-05, -1.92725456145e-05, 0.00191821763292, -0.00804871413857, 0.0190524086356, -0.00717500690371, 0.004166088067], [3.70399538951e-05, 0.00234667188488, -0.00263422867283, 0.00139896024484, 0.000943574414123, -0.00299863354303, 0.00196726690046, -0.000904522312339, 0.000710180262104, 0.00117858080193, -0.00717500690371, 0.0195391904563, -0.00545857893303], [0.000372193899238, -0.000685658073053, 0.00304429396056, 0.00178847217467, -0.00140573212411, 0.00392540218309, -0.00333268451504, 0.00363581022248, -0.00276086479425, -0.000904728309251, 0.004166088067, -0.00545857893303, 0.0210098996758]], "cov": [[18514.6992188, 4016.08447266, -491.505981445, -1141.86315918, 1213.30700684, 126.598686218, -628.301574707, 821.823486328, -420.787445068, -268.600799561, 238.043441772, -444.486724854, -442.407318115], [4016.08447266, 1882.17358398, -135.742080688, -199.972671509, 329.42855835, -42.776260376, -135.984436035, 136.358154297, -86.1132659912, -197.362838745, 46.2387886047, -229.553878784, -76.7872848511], [-491.505981445, -135.742080688, 1447.01599121, 450.890991211, -44.1399307251, -5.84884548187, 6.8411898613, 54.2630500793, -111.999946594, 75.1605834961, -204.60760498, 48.1767616272, -212.332885742], [-1141.86315918, -199.972671509, 450.890991211, 517.58807373, -49.3238143921, -12.6731891632, 55.3346176147, -18.2893123627, -6.2712469101, 26.3197059631, -89.1115570068, -9.47354316711, -69.1627197266], [1213.30700684, 329.42855835, -44.1399307251, -49.3238143921, 249.596176147, 76.9573822021, -16.3035697937, 63.221282959, -10.6311101913, -21.6818847656, 23.312746048, -37.5431213379, -28.0611438751], [126.598686218, -42.776260376, -5.84884548187, -12.6731891632, 76.9573822021, 130.33265686, 57.8960189819, 19.485622406, -5.66097688675, 8.98325443268, 9.80315303802, 15.9329214096, -13.263885498], [-628.301574707, -135.984436035, 6.8411898613, 55.3346176147, -16.3035697937, 57.8960189819, 157.302062988, -7.51349306107, 8.35554790497, 7.38144493103, -10.7856140137, 9.20621490479, 21.2816696167], [821.823486328, 136.358154297, 54.2630500793, -18.2893123627, 63.221282959, 19.485622406, -7.51349306107, 135.607574463, -0.526448488235, 10.855723381, 6.30394935608, -13.1619472504, -44.7553749084], [-420.787445068, -86.1132659912, -111.999946594, -6.2712469101, -10.6311101913, -5.66097688675, 8.35554790497, -0.526448488235, 97.0138092041, 23.4167938232, 12.4806346893, 4.89239597321, 35.722328186], [-268.600799561, -197.362838745, 75.1605834961, 26.3197059631, -21.6818847656, 8.98325443268, 7.38144493103, 10.855723381, 23.4167938232, 99.3339691162, 20.1536560059, 33.3527145386, -6.62680912018], [238.043441772, 46.2387886047, -204.60760498, -89.1115570068, 23.312746048, 9.80315303802, -10.7856140137, 6.30394935608, 12.4806346893, 20.1536560059, 108.90247345, 17.5999717712, 16.9374694824], [-444.486724854, -229.553878784, 48.1767616272, -9.47354316711, -37.5431213379, 15.9329214096, 9.20621490479, -13.1619472504, 4.89239597321, 33.3527145386, 17.5999717712, 98.4009552002, 16.6123828888], [-442.407318115, -76.7872848511, -212.332885742, -69.1627197266, -28.0611438751, -13.263885498, 21.2816696167, -44.7553749084, 35.722328186, -6.62680912018, 16.9374694824, 16.6123828888, 106.669891357]]}, "spectral_energyband_middle_low": {"dmean2": 0.00470429519191, "median": 0.00393844954669, "min": 5.0843511602e-22, "dvar2": 8.05645613582e-05, "dvar": 3.47427994711e-05, "dmean": 0.00303634465672, "max": 0.0923750847578, "var": 5.44641297893e-05, "mean": 0.00602797232568}, "melbands_crest": {"dmean2": 5.10720491409, "median": 12.0570430756, "min": 3.07947683334, "dvar2": 20.1389598846, "dvar": 8.75958156586, "dmean": 3.26895594597, "max": 35.0034294128, "var": 29.8389835358, "mean": 12.8966808319}, "spectral_kurtosis": {"dmean2": 2.77585601807, "median": 3.95571351051, "min": -1.21813392639, "dvar2": 16.9742546082, "dvar": 5.78425455093, "dmean": 1.6192432642, "max": 36.1543579102, "var": 10.4444141388, "mean": 4.77568674088}, "spectral_rms": {"dmean2": 0.000893000455108, "median": 0.00469537638128, "min": 3.31012734583e-12, "dvar2": 9.5470454653e-07, "dvar": 4.86535725486e-07, "dmean": 0.000653796480037, "max": 0.0104983570054, "var": 3.77557103093e-06, "mean": 0.00456861080602}, "zerocrossingrate": {"dmean2": 0.0104906940833, "median": 0.07568359375, "min": 0.01318359375, "dvar2": 0.000220930000069, "dvar": 0.000166238038219, "dmean": 0.00876874476671, "max": 0.49658203125, "var": 0.00236769579351, "mean": 0.0865251645446}, "silence_rate_60dB": {"dmean2": 0.010628875345, "median": 0, "min": 0, "dvar2": 0.0105155007914, "dvar": 0.00528419343755, "dmean": 0.00531208515167, "max": 1, "var": 0.085363432765, "mean": 0.0942477881908}, "erbbands_kurtosis": {"dmean2": 4.96060085297, "median": 0.88762152195, "min": -1.64820671082, "dvar2": 420.947174072, "dvar": 172.408569336, "dmean": 3.11467289925, "max": 237.36289978, "var": 285.111877441, "mean": 4.50407266617}, "erbbands": {"dmean2": [0.0337741412222, 0.971187651157, 2.41888451576, 3.88080739975, 8.18448257446, 4.99309158325, 5.91932725906, 7.31187009811, 8.60985374451, 9.8967666626, 7.93590402603, 26.2448654175, 34.373462677, 25.385848999, 32.3628349304, 45.8754272461, 87.2427444458, 84.6795959473, 56.0891036987, 66.8917160034, 39.0220413208, 38.9595451355, 29.0703983307, 18.2419986725, 13.2266168594, 18.3364925385, 8.60711669922, 4.10960531235, 2.87238335609, 1.92347109318, 1.27705276012, 0.770844876766, 0.520361721516, 0.324388086796, 0.1249165833, 0.05309991166, 0.0151857286692, 0.00354486401193, 0.000487108365633, 2.19370267587e-05], "median": [0.0251178946346, 0.654625594616, 1.5262928009, 1.61098790169, 1.59682130814, 1.92592608929, 1.47545826435, 2.42083930969, 3.4117808342, 5.31810760498, 5.62817287445, 15.3556842804, 8.44573402405, 6.87221717834, 11.4715385437, 22.4190101624, 67.4995880127, 47.492023468, 22.1616306305, 58.0410385132, 32.6360092163, 41.6907730103, 29.5022392273, 20.8534164429, 19.8121414185, 21.8678665161, 13.1997699738, 5.83470249176, 3.24763917923, 2.15353679657, 1.6555339098, 1.05291223526, 0.479963243008, 0.244145020843, 0.0939236730337, 0.0272891484201, 0.00582486903295, 0.000859001884237, 4.83554067614e-05, 3.67523425666e-05], "min": [1.94406003007e-21, 7.33988619129e-21, 5.87059645005e-20, 2.18112793376e-19, 3.20697716692e-19, 2.86881099835e-19, 4.50281556708e-19, 1.12819742773e-18, 1.03676698327e-18, 8.78535086908e-19, 1.59357451362e-18, 1.92405002214e-18, 1.53005748574e-18, 5.25999726106e-18, 4.27609487375e-18, 6.95424885762e-18, 7.1328826468e-18, 5.36122307493e-18, 4.6881375251e-18, 4.38485878454e-18, 5.16760739049e-18, 5.70950209517e-18, 9.51630101148e-18, 1.46060061862e-17, 9.15398514983e-18, 8.89115347328e-18, 1.36881847765e-17, 1.6655456996e-17, 2.54234705731e-17, 1.90193787137e-17, 1.78671806405e-17, 2.56906449478e-17, 2.24484724866e-17, 1.48831398156e-17, 1.08125244642e-17, 6.04874127209e-18, 3.51240492271e-18, 1.25959837675e-18, 3.75820179682e-19, 3.08690589102e-20], "dvar2": [0.00279557332397, 2.44553589821, 15.2709121704, 62.9928512573, 529.883056641, 71.103263855, 295.214660645, 414.83001709, 294.400085449, 255.772857666, 158.114639282, 2011.08569336, 6304.90917969, 4218.90771484, 4203.70361328, 14823.3916016, 19114.3378906, 25938.5019531, 9921.91210938, 9025.74804688, 3627.46508789, 3153.48413086, 1683.30541992, 607.208007812, 253.165740967, 640.929321289, 105.378303528, 29.6846733093, 22.8667850494, 12.1558361053, 5.55980634689, 1.95992350578, 1.11244404316, 0.735866725445, 0.094926841557, 0.0227276794612, 0.00199559447356, 0.000113336609502, 2.95494578495e-06, 2.86379342462e-09], "dvar": [0.00129800732248, 1.27936375141, 7.20845556259, 26.2534923553, 209.654586792, 27.1258029938, 128.836364746, 157.279708862, 119.252632141, 91.4965744019, 64.3582305908, 810.990356445, 2906.68920898, 2039.83349609, 1770.98388672, 8095.20654297, 9230.23828125, 11272.8203125, 4603.61035156, 4042.5378418, 1564.42663574, 1284.63598633, 659.556518555, 232.255783081, 98.537979126, 232.158172607, 40.4453086853, 12.8091373444, 10.6800851822, 5.79987716675, 2.71183109283, 1.07535326481, 0.573585629463, 0.405943125486, 0.0592585764825, 0.0126491114497, 0.0011197932763, 5.91526222706e-05, 1.55951897796e-06, 1.43793732477e-09], "dmean": [0.0226132124662, 0.688603579998, 1.64857709408, 2.33809399605, 4.99699306488, 2.92572832108, 3.68610453606, 4.3349108696, 5.22222805023, 5.83723831177, 4.99503755569, 16.8107814789, 22.6438884735, 16.9567165375, 20.2533226013, 31.716003418, 56.4324989319, 54.3329162598, 37.4149017334, 42.0212554932, 24.8954315186, 24.8882884979, 18.3602352142, 11.358127594, 8.28186035156, 11.096865654, 5.39550065994, 2.64957356453, 1.89091598988, 1.24446642399, 0.860552847385, 0.542236864567, 0.345972239971, 0.232085198164, 0.0903617665172, 0.0374532826245, 0.0109858941287, 0.00241361279041, 0.000349546811776, 1.57033355208e-05], "max": [0.445755153894, 14.6158218384, 34.4441490173, 67.4333877563, 260.503326416, 58.0842666626, 181.455993652, 228.133758545, 180.785202026, 132.093429565, 135.221252441, 311.307067871, 843.894958496, 781.906005859, 679.872924805, 2589.26318359, 2410.75390625, 2242.58349609, 1011.93652344, 1329.72595215, 806.680969238, 548.503295898, 310.759765625, 255.00151062, 120.386535645, 206.654281616, 114.045127869, 70.2662811279, 75.0193099976, 52.3196601868, 33.6692886353, 25.4963035583, 12.7684812546, 13.6016626358, 4.443608284, 1.96144366264, 0.868788897991, 0.143031254411, 0.0224409867078, 0.000702929042745], "var": [0.00288189272396, 2.9257171154, 15.1527843475, 29.6919212341, 205.575546265, 38.1416816711, 163.593673706, 151.221664429, 156.634613037, 99.8164825439, 168.891677856, 1485.84387207, 4878.34228516, 3728.84790039, 4118.16259766, 31189.3554688, 46586.65625, 20211.6347656, 19282.7382812, 8741.54003906, 4633.99365234, 2992.88671875, 1567.38146973, 578.853393555, 338.91394043, 630.80090332, 153.321090698, 45.4447937012, 36.5601196289, 23.0210075378, 12.2748088837, 5.6406621933, 2.04617118835, 1.15402901173, 0.225389704108, 0.043922200799, 0.00372905866243, 0.000153261527885, 3.39690882356e-06, 3.48987172494e-09], "mean": [0.0421834811568, 1.22828364372, 2.82515215874, 3.16341686249, 5.86675071716, 4.1227684021, 4.77078771591, 5.57340049744, 7.24738121033, 8.05197429657, 9.63027858734, 28.990530014, 32.5627365112, 26.8727989197, 32.7543640137, 62.977558136, 125.582618713, 92.5572891235, 79.425453186, 79.8062744141, 53.3736228943, 55.8793983459, 40.482093811, 26.5467567444, 22.5809059143, 27.2650146484, 15.4060201645, 7.34063625336, 4.99969577789, 3.53273367882, 2.65058875084, 1.76517534256, 0.968698382378, 0.602465927601, 0.269380807877, 0.109143778682, 0.0293316114694, 0.00553347263485, 0.000677444448229, 4.9803940783e-05]}, "spectral_strongpeak": {"dmean2": 1.65162205696, "median": 0.425421714783, "min": 0, "dvar2": 4.55075597763, "dvar": 1.88483047485, "dmean": 0.960327208042, "max": 12.4806957245, "var": 4.13995313644, "mean": 1.4714461565}, "spectral_energy": {"dmean2": 0.00973383057863, "median": 0.0225977227092, "min": 1.12308662446e-20, "dvar2": 0.000149380633957, "dvar": 7.13759145583e-05, "dmean": 0.00700339442119, "max": 0.112970888615, "var": 0.000292107870337, "mean": 0.0252640154213}, "average_loudness": 0.962973773479, "spectral_rolloff": {"dmean2": 688.071044922, "median": 2217.91992188, "min": 21.533203125, "dvar2": 781299.0625, "dvar": 446972.5, "dmean": 432.971984863, "max": 18669.2871094, "var": 1941705.625, "mean": 2510.0703125}, "spectral_centroid": {"dmean2": 336.812347412, "median": 2128.11083984, "min": 221.25328064, "dvar2": 147644.40625, "dvar": 86010.5, "dmean": 224.496444702, "max": 11024.9189453, "var": 794360.625, "mean": 2263.32958984}, "pitch_salience": {"dmean2": 0.108670681715, "median": 0.555532693863, "min": 0.117307312787, "dvar2": 0.0092276353389, "dvar": 0.00379734206945, "dmean": 0.06867261976, "max": 0.908349096775, "var": 0.0146980248392, "mean": 0.555814683437}, "spectral_energyband_middle_high": {"dmean2": 0.00475184200332, "median": 0.008769354783, "min": 1.40732997537e-21, "dvar2": 3.11078583763e-05, "dvar": 1.87893401744e-05, "dmean": 0.003517113626, "max": 0.0744038075209, "var": 0.00012149723625, "mean": 0.0122306384146}, "spectral_contrast_coeffs": {"dmean2": [0.075766980648, 0.0744485259056, 0.0675131455064, 0.0580422095954, 0.0402436964214, 0.0298193059862], "median": [-0.696801006794, -0.776370704174, -0.770638227463, -0.721807599068, -0.751518666744, -0.735319197178], "min": [-0.972438514233, -0.955467641354, -0.95735013485, -0.955930769444, -0.9624106884, -0.958297073841], "dvar2": [0.00413817400113, 0.00383321079426, 0.00292152538896, 0.00201408821158, 0.00127664150205, 0.000869682815392], "dvar": [0.00152158981655, 0.00141771160997, 0.00122708536219, 0.000841088709421, 0.000534522172529, 0.000371757138055], "dmean": [0.0460359342396, 0.0447951517999, 0.0420735888183, 0.0355370268226, 0.0252512898296, 0.0189237482846], "max": [-0.322228223085, -0.537818133831, -0.512907147408, -0.499412238598, -0.566217005253, -0.585102319717], "var": [0.00617732154205, 0.00444652419537, 0.00672644888982, 0.00575372576714, 0.003169427393, 0.0014926326694], "mean": [-0.696514487267, -0.77350127697, -0.764032483101, -0.728068053722, -0.751070916653, -0.732070326805]}, "melbands_skewness": {"dmean2": 0.948976457119, "median": 0.96682536602, "min": -12.157834053, "dvar2": 1.26041376591, "dvar": 0.568537831306, "dmean": 0.660536468029, "max": 9.722032547, "var": 3.30991768837, "mean": 1.00818955898}, "spectral_spread": {"dmean2": 505266.96875, "median": 3590418.5, "min": 936243.625, "dvar2": 679240990720, "dvar": 683858264064, "dmean": 357447.75, "max": 41454884, "var": 1689254625280.0, "mean": 3730885}, "dissonance": {"dmean2": 0.0224307570606, "median": 0.484205126762, "min": 0.336004406214, "dvar2": 0.00052726326976, "dvar": 0.000201994000236, "dmean": 0.013266839087, "max": 0.500000059605, "var": 0.000333669944666, "mean": 0.479663908482}, "spectral_skewness": {"dmean2": 0.327164202929, "median": 1.33798956871, "min": -0.575128376484, "dvar2": 0.136996299028, "dvar": 0.0496370494366, "dmean": 0.197904393077, "max": 4.01452255249, "var": 0.162016630173, "mean": 1.35195398331}, "spectral_flux": {"dmean2": 0.0310731865466, "median": 0.0835588499904, "min": 1.05975783704e-10, "dvar2": 0.00111559662037, "dvar": 0.000442432705313, "dmean": 0.0196713097394, "max": 0.23770904541, "var": 0.00177704636008, "mean": 0.083628334105}, "spectral_contrast_valleys": {"dmean2": [0.651240766048, 0.603578090668, 0.555399775505, 0.47316211462, 0.342954605818, 0.302623480558], "median": [-7.184466362, -6.86098194122, -7.25962924957, -7.176217556, -7.07722091675, -10.0312805176], "min": [-26.7681808472, -27.8211231232, -27.2725219727, -27.3313064575, -27.2267456055, -27.2558517456], "dvar2": [0.307743340731, 0.283087611198, 0.238697960973, 0.195856839418, 0.129773750901, 0.174466654658], "dvar": [0.178552925587, 0.181506171823, 0.170623227954, 0.157584428787, 0.128153160214, 0.131645962596], "dmean": [0.411185592413, 0.376670449972, 0.365059345961, 0.316776365042, 0.23561181128, 0.211837902665], "max": [-5.48193407059, -5.12069177628, -5.13566493988, -5.2147564888, -5.88570308685, -8.37034893036], "var": [3.09237957001, 2.54199719429, 2.30255699158, 2.19835114479, 1.54322612286, 1.36749601364], "mean": [-7.74031114578, -7.30304813385, -7.56444120407, -7.46548748016, -7.4084072113, -10.2461071014]}, "erbbands_flatness_db": {"dmean2": 0.0258454438299, "median": 0.172536835074, "min": 0.0546071603894, "dvar2": 0.000789022422396, "dvar": 0.000400885473937, "dmean": 0.0178669653833, "max": 0.497175723314, "var": 0.00552592566237, "mean": 0.188135892153}, "spectral_energyband_high": {"dmean2": 0.000336267927196, "median": 0.000732147833332, "min": 8.34157444811e-21, "dvar2": 1.65413013065e-07, "dvar": 8.94305856036e-08, "dmean": 0.000231928584981, "max": 0.00563080748543, "var": 5.91169168729e-07, "mean": 0.00089346349705}, "spectral_entropy": {"dmean2": 0.193144872785, "median": 7.67379283905, "min": 5.73081064224, "dvar2": 0.0595535002649, "dvar": 0.0260947812349, "dmean": 0.124707363546, "max": 9.79644966125, "var": 0.131848573685, "mean": 7.62030887604}, "silence_rate_20dB": {"dmean2": 0, "median": 1, "min": 1, "dvar2": 0, "dvar": 0, "dmean": 0, "max": 1, "var": 0, "mean": 1}, "melbands_flatness_db": {"dmean2": 0.0338371768594, "median": 0.142632290721, "min": 0.0083692483604, "dvar2": 0.00150501343887, "dvar": 0.000665624102112, "dmean": 0.0228673610836, "max": 0.454175531864, "var": 0.0027324045077, "mean": 0.151819005609}, "barkbands": {"dmean2": [4.97338951391e-05, 0.00346646131948, 0.00177812995389, 0.0021582338959, 0.00169741630089, 0.000830760924146, 0.00064276199555, 0.000332651194185, 0.00116134376731, 0.00110475660767, 0.000733317807317, 0.00111877114978, 0.00203055678867, 0.00176424044184, 0.00111462676432, 0.00106945668813, 0.000749383179937, 0.000434913439676, 0.000324687192915, 0.000366557360394, 0.000153018874698, 7.40944597055e-05, 4.50016304967e-05, 3.33012394549e-05, 2.03909094125e-05, 9.1878200692e-06, 2.45035698754e-06], "median": [2.27925593208e-05, 0.00236483523622, 0.00105004594661, 0.000484265299747, 0.00050332484534, 0.000268875126494, 0.000296370737487, 0.000177803827683, 0.000684865866788, 0.000136752249091, 0.000259554217337, 0.000290762225632, 0.00145971565507, 0.000595599994995, 0.000639669015072, 0.000643540173769, 0.000729915860575, 0.0003794170334, 0.000395714392653, 0.000477942317957, 0.000214127096115, 8.47035698825e-05, 5.80295818509e-05, 3.88701810152e-05, 1.72320396814e-05, 4.03969079343e-06, 1.9375184479e-07], "min": [1.33166142129e-23, 4.1720398342e-23, 7.16343446559e-23, 7.85378178988e-23, 1.10431830328e-22, 1.05960718179e-22, 5.91226383567e-23, 7.50684391921e-23, 7.00525712558e-23, 8.71599539969e-23, 1.15904518148e-22, 1.64620793744e-22, 1.73069872692e-22, 8.87124133257e-23, 8.35784371347e-23, 9.21891883923e-23, 8.1651824234e-23, 1.84030987685e-22, 2.67917762149e-22, 1.79434907347e-22, 4.15384542006e-22, 6.41733979263e-22, 5.76751480154e-22, 1.34683229566e-21, 1.42134913175e-21, 1.78978741271e-21, 2.26086475207e-21], "dvar2": [7.38392635924e-09, 3.10436153086e-05, 8.19363867777e-06, 2.70379441645e-05, 1.40937136166e-05, 5.98099086346e-06, 1.30096782414e-06, 3.29719256342e-07, 3.92158426621e-06, 6.21273329671e-06, 2.09978315979e-06, 9.10581093194e-06, 1.08151252789e-05, 9.79814740276e-06, 2.79527489511e-06, 2.94399069389e-06, 1.22549568005e-06, 3.62143197208e-07, 1.54292081334e-07, 1.96519778228e-07, 3.36746452945e-08, 1.55321462358e-08, 6.46086739664e-09, 3.99937460926e-09, 2.87023849133e-09, 7.57871876367e-10, 6.84428208553e-11], "dvar": [2.63162447389e-09, 1.62142750924e-05, 3.48519552062e-06, 1.15418670248e-05, 5.56299346499e-06, 2.50704738392e-06, 4.94893868108e-07, 1.26446025206e-07, 1.61373475294e-06, 3.09227152684e-06, 8.30457508982e-07, 4.78274932902e-06, 5.3377225413e-06, 4.38064671471e-06, 1.31426543248e-06, 1.26204042772e-06, 4.87973181862e-07, 1.45546948715e-07, 5.9758150428e-08, 7.16622139407e-08, 1.37039473103e-08, 7.32066185449e-09, 3.34995431395e-09, 2.14966999756e-09, 1.78129488937e-09, 4.25615737099e-10, 3.55060182644e-11], "dmean": [2.92528075079e-05, 0.0024535083212, 0.00115163833834, 0.00130026147235, 0.00104017136618, 0.000510572572239, 0.000383713952033, 0.000196026900085, 0.000745742523577, 0.00074587459676, 0.00044191890629, 0.000769975595176, 0.0013042781502, 0.0011357794283, 0.000723985664081, 0.000669905915856, 0.000473761727335, 0.000272783363471, 0.000201110757189, 0.000223661845666, 9.73107744358e-05, 4.86036842631e-05, 3.05867069983e-05, 2.29255874729e-05, 1.53382534336e-05, 6.69254950481e-06, 1.73792977876e-06], "max": [0.00106638879515, 0.0516883544624, 0.0242654886097, 0.0526605285704, 0.0354711413383, 0.0280720628798, 0.0102603752166, 0.00590978516266, 0.0163363944739, 0.0290710516274, 0.0165028069168, 0.0596203505993, 0.049196947366, 0.0406169220805, 0.0199734512717, 0.0215054005384, 0.00895008631051, 0.00488524418324, 0.0041748159565, 0.00390812708065, 0.00206417962909, 0.00195744726807, 0.00125277566258, 0.000902974628843, 0.000902273110114, 0.000455891276943, 0.000105159968371], "var": [2.90553314741e-09, 3.71711903426e-05, 6.29402484265e-06, 1.2016049368e-05, 7.11591110303e-06, 2.84598831968e-06, 6.0244656197e-07, 1.58930049565e-07, 3.09652682517e-06, 5.93271215621e-06, 1.42812518789e-06, 1.62343894772e-05, 2.19512294279e-05, 9.05019169295e-06, 4.09515496358e-06, 3.11743201564e-06, 1.07069058686e-06, 3.55406768904e-07, 1.6584722573e-07, 2.07786712281e-07, 5.13299625027e-08, 2.83324723682e-08, 1.54242769668e-08, 9.53484313726e-09, 6.20280449226e-09, 1.41816558497e-09, 7.84881951099e-11], "mean": [3.82566395274e-05, 0.00440697278827, 0.00185556942597, 0.00145390315447, 0.00146432733163, 0.00067054462852, 0.000530350604095, 0.000288277718937, 0.00128079869319, 0.00104411202483, 0.000638290890492, 0.00130716885906, 0.0026957092341, 0.00175369356293, 0.00134961248841, 0.00125671026763, 0.00101039675064, 0.000560802815016, 0.000473775813589, 0.000554154801648, 0.000265550392214, 0.000132950692205, 9.47789376369e-05, 7.02812249074e-05, 4.50461520813e-05, 1.86258839676e-05, 3.35379127137e-06]}, "erbbands_skewness": {"dmean2": 0.629101037979, "median": -0.352574914694, "min": -11.0196781158, "dvar2": 1.01069533825, "dvar": 0.440840572119, "dmean": 0.413573414087, "max": 3.61598825455, "var": 1.4981315136, "mean": -0.430696964264}, "erbbands_spread": {"dmean2": 8.2955160141, "median": 22.1193351746, "min": 0.358305901289, "dvar2": 85.2437515259, "dvar": 40.7482414246, "dmean": 5.56782531738, "max": 90.9259262085, "var": 174.016799927, "mean": 23.6802024841}, "melbands_kurtosis": {"dmean2": 6.31575345993, "median": 0.581176042557, "min": -1.98321688175, "dvar2": 285.115753174, "dvar": 107.250289917, "dmean": 4.00752305984, "max": 219.368667603, "var": 167.498092651, "mean": 4.61360645294}, "melbands": {"dmean2": [0.000632544571999, 0.0013182470575, 0.000830045493785, 0.000442512973677, 0.000198196183192, 0.000162746277056, 0.000127745734062, 0.000100511315395, 8.27996627777e-05, 0.000173542983248, 0.000176352390554, 0.000110729852167, 0.000102492471342, 0.000111320725409, 0.000179240101716, 0.000197857778403, 0.000171963241883, 0.00010594070045, 8.53501042002e-05, 9.87149760476e-05, 3.81528698199e-05, 4.07558582083e-05, 4.50862935395e-05, 1.86376837519e-05, 1.64585853781e-05, 1.14673630378e-05, 1.28204565044e-05, 1.27142839119e-05, 6.62389220452e-06, 4.12824010709e-06, 2.27960413213e-06, 1.88378032817e-06, 1.64243226664e-06, 1.12592806545e-06, 9.15847806482e-07, 6.09431140219e-07, 5.19273100963e-07, 3.92983110942e-07, 3.85499220101e-07, 2.72656023981e-07], "median": [0.00044638448162, 0.000922603008803, 0.000310008588713, 0.000124958110973, 6.17254409008e-05, 5.51937046112e-05, 5.71873606532e-05, 5.16397049068e-05, 4.82382965856e-05, 9.35831631068e-05, 3.33142997988e-05, 2.16121043195e-05, 3.64057159459e-05, 3.05473513436e-05, 0.000115530390758, 0.000130233107484, 6.37739722151e-05, 2.25104013225e-05, 5.39168722753e-05, 5.96936733928e-05, 2.94028614007e-05, 3.68245200661e-05, 3.92262954847e-05, 1.58810980793e-05, 1.4382891095e-05, 1.26728991745e-05, 1.34363290272e-05, 1.34214633363e-05, 8.91086529009e-06, 4.79987920698e-06, 2.52196605288e-06, 1.90491755347e-06, 1.32954971832e-06, 1.106973059e-06, 9.53542269144e-07, 8.55733901517e-07, 5.36573566023e-07, 3.2571142583e-07, 2.67312657343e-07, 1.81109555797e-07], "min": [1.47030577642e-23, 2.38840797256e-23, 3.98975490493e-23, 2.21473204012e-23, 1.55317309016e-23, 2.43515713198e-23, 1.51914320843e-23, 1.26585456569e-23, 1.15447403231e-23, 1.17609150324e-23, 7.24200816719e-24, 2.11743141171e-23, 1.45243129271e-23, 1.97510007848e-23, 1.28742091843e-23, 1.83279872197e-23, 8.80777794606e-24, 7.78766009989e-24, 5.97239846582e-24, 6.70662089259e-24, 5.64363910585e-24, 5.7523054844e-24, 7.66345947239e-24, 8.24210393473e-24, 1.24544105427e-23, 8.49320861605e-24, 4.42801391723e-24, 6.04764356883e-24, 8.40279253454e-24, 8.19471784901e-24, 1.04173129391e-23, 1.37989931901e-23, 1.35788820649e-23, 9.0775249883e-24, 8.05619545178e-24, 1.46204024963e-23, 1.64241913318e-23, 1.80523197763e-23, 1.07380835047e-23, 1.33125373797e-23], "dvar2": [1.01071475456e-06, 4.50454444945e-06, 4.04986485592e-06, 1.11349311283e-06, 2.47700825184e-07, 2.0404408474e-07, 5.79309364923e-08, 2.64986379506e-08, 1.63683591126e-08, 9.15111684208e-08, 1.60722890996e-07, 8.19607492986e-08, 4.04380102736e-08, 8.81462938196e-08, 1.44685884607e-07, 9.59707264769e-08, 1.16447004928e-07, 4.31843538706e-08, 1.75439094363e-08, 2.57088004219e-08, 3.67842667437e-09, 3.35926086947e-09, 4.71233185806e-09, 6.88097079315e-10, 5.51076961841e-10, 2.25433394174e-10, 3.08296638218e-10, 2.94843705007e-10, 6.48074510723e-11, 2.74351912716e-11, 1.17250471485e-11, 9.1885865236e-12, 1.07227490775e-11, 4.18452252016e-12, 2.95867692325e-12, 8.92743236107e-13, 1.06413673446e-12, 5.64127791789e-13, 8.94715074598e-13, 4.68944490444e-13], "dvar": [5.14699877385e-07, 2.26975453188e-06, 1.69319832821e-06, 4.32454640986e-07, 1.07032924745e-07, 7.92777967717e-08, 2.31364865044e-08, 9.66209157127e-09, 7.07574887571e-09, 3.69121728738e-08, 7.49375743681e-08, 4.05282776228e-08, 1.61318833847e-08, 4.79811923526e-08, 7.40716004088e-08, 4.86972489e-08, 4.97337637739e-08, 1.94481089011e-08, 7.65863106267e-09, 1.08983044811e-08, 1.67773916981e-09, 1.40396261283e-09, 1.79927261978e-09, 2.75333894573e-10, 2.07880004877e-10, 8.75198316597e-11, 1.10486647609e-10, 1.08307307567e-10, 2.3960403106e-11, 1.0893499644e-11, 4.95091814767e-12, 4.03991380279e-12, 4.42196453065e-12, 1.90236606849e-12, 1.35360548725e-12, 4.764658177